{"Sequence":[{"Time":0,"poses":{"Left Leg":{"Weight":1,"CFrame":[0.09785688668489456,0.06010103225708008,0.05880558490753174,0.9198747873306274,0.009862491860985756,0.39208823442459109,-0.009026363492012024,0.9999514222145081,-0.003975983243435621,-0.3921084403991699,0.00011824164539575577,0.9199190139770508],"EasingStyle":"Linear","EasingDirection":"In"},"Right Arm":{"Weight":1,"CFrame":[-0.3873324990272522,-0.43689876794815066,0.15765953063964845,-0.22811800241470338,-0.8255524039268494,0.5161644220352173,0.9507744312286377,-0.30308428406715395,-0.06455937027931214,0.2097385674715042,0.4760287404060364,0.8540529012680054],"EasingStyle":"Linear","EasingDirection":"In"},"Left Arm":{"Weight":1,"CFrame":[-0.016059130430221559,-0.6373151540756226,0.11510765552520752,-0.5486391186714172,0.43004995584487917,-0.7169744968414307,-0.8042919635772705,-0.5056312680244446,0.312171995639801,-0.2282751351594925,0.7479265332221985,0.6232946515083313],"EasingStyle":"Linear","EasingDirection":"In"},"Head":{"Weight":1,"CFrame":[3.3527612686157229e-8,2.9802322387695315e-8,-3.5762786865234377e-7,0.9803824424743652,-0.19210951030254365,0.044094860553741458,0.18574360013008119,0.9753115773200989,0.11944380402565003,-0.06595250964164734,-0.10891026258468628,0.9918613433837891],"EasingStyle":"Linear","EasingDirection":"In"},"Torso":{"Weight":1,"CFrame":[0.3495303988456726,6.367796956396887e-9,-0.11651015281677246,0.979239821434021,0.1976764053106308,-0.04487055540084839,-0.20073668658733369,0.976447582244873,-0.07908772677183151,0.028179969638586046,0.08645301312208176,0.995857298374176],"EasingStyle":"Linear","EasingDirection":"In"},"HumanoidRootPart":{"Weight":1,"CFrame":[0,0,0,1,0,0,0,1,0,0,0,1],"EasingStyle":"Linear","EasingDirection":"In"},"Right Leg":{"Weight":1,"CFrame":[0.14083582162857057,0.22839981317520142,-0.12311971187591553,0.9011589288711548,-0.1045088991522789,-0.42070233821868899,0.18467792868614198,0.9705824255943298,0.15447907149791718,0.392181932926178,-0.2169046700000763,0.893949568271637],"EasingStyle":"Linear","EasingDirection":"In"}}},{"Time":0.03333333507180214,"poses":{"Left Leg":{"Weight":1,"CFrame":[0.10384169965982437,0.08159232139587403,0.05602002143859863,0.9336084723472595,-0.0096703190356493,0.35816460847854617,-0.0006473046378232539,0.9995885491371155,0.028675800189375879,-0.35829460620880129,-0.02700376696884632,0.9332180619239807],"EasingStyle":"Linear","EasingDirection":"In"},"Right Arm":{"Weight":1,"CFrame":[-0.39070916175842287,-0.39040040969848635,0.14797139167785645,-0.17218858003616334,-0.857698380947113,0.4844634234905243,0.9762603044509888,-0.21419093012809754,-0.032222017645835879,0.13140448927879334,0.4674140512943268,0.8742179274559021],"EasingStyle":"Linear","EasingDirection":"In"},"Left Arm":{"Weight":1,"CFrame":[-0.015084967017173767,-0.6061488389968872,0.13935601711273194,-0.4646787643432617,0.4502348303794861,-0.7624711990356445,-0.8679295182228088,-0.40217629075050356,0.2914663553237915,-0.17541946470737458,0.7972093820571899,0.5776548385620117],"EasingStyle":"Linear","EasingDirection":"In"},"Head":{"Weight":1,"CFrame":[-1.7695128917694093e-8,1.1175870895385743e-8,0,0.9819571375846863,-0.18612292408943177,0.03344321995973587,0.18222589790821076,0.9785899519920349,0.0956842377781868,-0.05053623020648956,-0.08786359429359436,0.9948498010635376],"EasingStyle":"Linear","EasingDirection":"In"},"Torso":{"Weight":1,"CFrame":[0.3436766564846039,6.367796956396887e-9,-0.10527873039245606,0.9806210398674011,0.19358627498149873,-0.03011477179825306,-0.1950095146894455,0.9792487621307373,-0.05516522377729416,0.01881062239408493,0.05996884033083916,0.9980229735374451],"EasingStyle":"Linear","EasingDirection":"In"},"HumanoidRootPart":{"Weight":1,"CFrame":[0,0,0,1,0,0,0,1,0,0,0,1],"EasingStyle":"Linear","EasingDirection":"In"},"Right Leg":{"Weight":1,"CFrame":[0.12236091494560242,0.1739446520805359,-0.10943585634231568,0.9004209041595459,-0.07273896038532257,-0.42889532446861269,0.1454668790102005,0.979511559009552,0.1392713189125061,0.40997761487960818,-0.18779286742210389,0.8925538063049316],"EasingStyle":"Linear","EasingDirection":"In"}}},{"Time":0.06666667014360428,"poses":{"Left Leg":{"Weight":1,"CFrame":[0.08079946041107178,0.12486445903778076,0.05417764186859131,0.9655355215072632,-0.024309515953063966,0.2591339647769928,0.008032537065446377,0.9979375600814819,0.063687764108181,-0.2601477801799774,-0.059411246329545978,0.9637393951416016],"EasingStyle":"Linear","EasingDirection":"In"},"Right Arm":{"Weight":1,"CFrame":[-0.39384424686431887,-0.3208361268043518,0.13857340812683106,-0.0394948273897171,-0.8833798170089722,0.46699076890945437,0.9990185499191284,-0.04428979754447937,0.0007093552849255502,0.02005629986524582,0.46656033396720889,0.884261965751648],"EasingStyle":"Linear","EasingDirection":"In"},"Left Arm":{"Weight":1,"CFrame":[-0.013228781521320343,-0.5292685031890869,0.1957535743713379,-0.2491062432527542,0.459176629781723,-0.852703332901001,-0.9682310819625855,-0.13788379728794099,0.20860648155212403,-0.02178666740655899,0.8775790929794312,0.47893673181533816],"EasingStyle":"Linear","EasingDirection":"In"},"Head":{"Weight":1,"CFrame":[-2.0954757928848268e-8,6.51925802230835e-9,0,0.986890971660614,-0.15967793762683869,0.023435959592461587,0.15820752084255219,0.9858735799789429,0.05498795211315155,-0.03188525512814522,-0.05055936053395271,0.9982119798660278],"EasingStyle":"Linear","EasingDirection":"In"},"Torso":{"Weight":1,"CFrame":[0.3195800483226776,6.367796956396887e-9,-0.07405328750610352,0.9855783581733704,0.16869039833545686,-0.013376508839428425,-0.1688353270292282,0.9855877757072449,-0.010560634545981884,0.011402244679629803,0.012666760943830014,0.9998548030853272],"EasingStyle":"Linear","EasingDirection":"In"},"HumanoidRootPart":{"Weight":1,"CFrame":[0,0,0,1,0,0,0,1,0,0,0,1],"EasingStyle":"Linear","EasingDirection":"In"},"Right Leg":{"Weight":1,"CFrame":[0.06617716699838638,0.0994027853012085,-0.08578842878341675,0.88704514503479,-0.01245876494795084,-0.46151456236839297,0.07641864567995072,0.9898092150688171,0.12015877664089203,0.4553143382072449,-0.1418546438217163,0.8789574503898621],"EasingStyle":"Linear","EasingDirection":"In"}}},{"Time":0.10000000149011612,"poses":{"Left Leg":{"Weight":1,"CFrame":[-0.00530574657022953,0.17092710733413697,0.06722521781921387,0.9933005571365356,0.002274272032082081,0.11553722620010376,-0.009751145727932454,0.9978901147842407,0.06418987363576889,-0.11514746397733689,-0.06488644331693649,0.9912269711494446],"EasingStyle":"Linear","EasingDirection":"In"},"Right Arm":{"Weight":1,"CFrame":[-0.3929946720600128,-0.28721195459365847,0.14001059532165528,0.08716364949941635,-0.8634990453720093,0.4967617094516754,0.9955808520317078,0.09300010651350022,-0.013030530884861946,-0.0349469855427742,0.4957021176815033,0.8677892088890076],"EasingStyle":"Linear","EasingDirection":"In"},"Left Arm":{"Weight":1,"CFrame":[-0.010971130803227425,-0.4337973892688751,0.26017260551452639,-0.000880107400007546,0.4092976748943329,-0.9124005436897278,-0.9845224618911743,0.15954972803592683,0.07252280414104462,0.17525659501552583,0.898342490196228,0.40282219648361208],"EasingStyle":"Linear","EasingDirection":"In"},"Head":{"Weight":1,"CFrame":[1.6996636986732484e-8,3.725290298461914e-9,1.1920928955078126e-7,0.9936695694923401,-0.10954462736845017,0.02491593547165394,0.10869264602661133,0.9935172200202942,0.03330855444073677,-0.02840319089591503,-0.030389519408345224,0.9991344809532166],"EasingStyle":"Linear","EasingDirection":"In"},"Torso":{"Weight":1,"CFrame":[0.27302664518356326,6.367796956396887e-9,-0.03147268295288086,0.9928330779075623,0.11882553994655609,-0.012768357060849667,-0.11856958270072937,0.9927597641944885,0.019219426438212396,0.01495966874063015,-0.017567742615938188,0.9997338056564331],"EasingStyle":"Linear","EasingDirection":"In"},"HumanoidRootPart":{"Weight":1,"CFrame":[0,0,0,1,0,0,0,1,0,0,0,1],"EasingStyle":"Linear","EasingDirection":"In"},"Right Leg":{"Weight":1,"CFrame":[-0.005501287057995796,0.06152474880218506,-0.07983434200286865,0.857232928276062,0.03223315626382828,-0.513918936252594,0.031112704426050187,0.992973268032074,0.11417669802904129,0.5139880180358887,-0.11386547237634659,0.8502064347267151],"EasingStyle":"Linear","EasingDirection":"In"}}},{"Time":0.13333334028720857,"poses":{"Left Leg":{"Weight":1,"CFrame":[-0.08665013313293457,0.19138598442077638,0.08433389663696289,0.9996492266654968,0.026056431233882905,-0.0047381347976624969,-0.02571730874478817,0.9977872371673584,0.061313778162002566,0.006325238384306431,-0.06117045134305954,0.9981073141098023],"EasingStyle":"Linear","EasingDirection":"In"},"Right Arm":{"Weight":1,"CFrame":[-0.3910596966743469,-0.27181586623191836,0.1437220573425293,0.17715726792812348,-0.8270782828330994,0.5334387421607971,0.9816287159919739,0.1875128149986267,-0.035271093249320987,-0.07085458934307099,0.529887318611145,0.8451030254364014],"EasingStyle":"Linear","EasingDirection":"In"},"Left Arm":{"Weight":1,"CFrame":[-0.004274234175682068,-0.34805741906166079,0.3121587038040161,0.15726029872894288,0.37350407242774966,-0.9142012596130371,-0.9433996677398682,0.33053773641586306,-0.027239186689257623,0.29200416803359988,0.8667407631874085,0.4043439030647278],"EasingStyle":"Linear","EasingDirection":"In"},"Head":{"Weight":1,"CFrame":[1.3969838619232178e-9,1.1175870895385743e-8,1.1920928955078126e-7,0.9965031147003174,-0.08003168553113938,0.024009674787521364,0.07922431826591492,0.9963144659996033,0.03288048505783081,-0.02655266411602497,-0.030863355845212938,0.9991708993911743],"EasingStyle":"Linear","EasingDirection":"In"},"Torso":{"Weight":1,"CFrame":[0.22215914726257325,6.367796956396887e-9,-0.005924224853515625,0.9958971738815308,0.08938879519701004,-0.014088720083236695,-0.0889638140797615,0.995631217956543,0.028353769332170488,0.016561677679419519,-0.02698405086994171,0.9994986653327942],"EasingStyle":"Linear","EasingDirection":"In"},"HumanoidRootPart":{"Weight":1,"CFrame":[0,0,0,1,0,0,0,1,0,0,0,1],"EasingStyle":"Linear","EasingDirection":"In"},"Right Leg":{"Weight":1,"CFrame":[-0.03824760392308235,0.04297083616256714,-0.08419948816299439,0.8385169506072998,0.053757503628730777,-0.5422170162200928,0.005383810494095087,0.9942552447319031,0.10690024495124817,0.5448488593101502,-0.09255695343017578,0.8334104418754578],"EasingStyle":"Linear","EasingDirection":"In"}}},{"Time":0.1666666716337204,"poses":{"Left Leg":{"Weight":1,"CFrame":[-0.11710784584283829,0.1587502360343933,0.09095942974090576,0.9979087710380554,0.012503757141530514,-0.06341753900051117,-0.009609812870621682,0.9989074468612671,0.045735299587249759,0.06392008811235428,-0.04503020644187927,0.9969386458396912],"EasingStyle":"Linear","EasingDirection":"In"},"Right Arm":{"Weight":1,"CFrame":[-0.3880844712257385,-0.264742910861969,0.15181124210357667,0.22959952056407929,-0.785544216632843,0.5746341347694397,0.9686863422393799,0.24176263809204102,-0.056548673659563068,-0.09450361877679825,0.569623589515686,0.8164544701576233],"EasingStyle":"Linear","EasingDirection":"In"},"Left Arm":{"Weight":1,"CFrame":[0.035204943269491199,-0.28887277841567995,0.34168970584869387,0.20166809856891633,0.4265825152397156,-0.8816787600517273,-0.9161231517791748,0.4005882740020752,-0.01572992466390133,0.3464799225330353,0.8108985424041748,0.4715880751609802],"EasingStyle":"Linear","EasingDirection":"In"},"Head":{"Weight":1,"CFrame":[4.6566128730773929e-9,0,0,0.9957607984542847,-0.08994806557893753,0.01922912523150444,0.0890147015452385,0.9950193762779236,0.04486477002501488,-0.02316885069012642,-0.042962901294231418,0.9988080859184265],"EasingStyle":"Linear","EasingDirection":"In"},"Torso":{"Weight":1,"CFrame":[0.1846209317445755,6.367796956396887e-9,-0.0024683475494384767,0.9949659109115601,0.09931249171495438,-0.013412578962743283,-0.09897838532924652,0.9948091506958008,0.02362390048801899,0.015689102932810785,-0.02217741869390011,0.9996309876441956],"EasingStyle":"Linear","EasingDirection":"In"},"HumanoidRootPart":{"Weight":1,"CFrame":[0,0,0,1,0,0,0,1,0,0,0,1],"EasingStyle":"Linear","EasingDirection":"In"},"Right Leg":{"Weight":1,"CFrame":[0.00598718598484993,0.0427057147026062,-0.07524847984313965,0.8461320996284485,0.06257443130016327,-0.5292870998382568,-0.013557277619838715,0.9952896237373352,0.09599415957927704,0.5328007340431213,-0.07404807209968567,0.8429948687553406],"EasingStyle":"Linear","EasingDirection":"In"}}},{"Time":0.20000000298023225,"poses":{"Left Leg":{"Weight":1,"CFrame":[-0.15425574779510499,0.1017618179321289,0.0898590087890625,0.9950028657913208,-0.02768757753074169,-0.09593142569065094,0.030188342556357385,0.9992386698722839,0.024715851992368699,0.09517403692007065,-0.027488335967063905,0.9950811266899109],"EasingStyle":"Linear","EasingDirection":"In"},"Right Arm":{"Weight":1,"CFrame":[-0.3840119242668152,-0.2560977339744568,0.16625452041625977,0.2423027604818344,-0.747579038143158,0.6183973550796509,0.9638935327529907,0.25805118680000307,-0.06571909040212631,-0.11044802516698837,0.6119928956031799,0.7831128835678101],"EasingStyle":"Linear","EasingDirection":"In"},"Left Arm":{"Weight":1,"CFrame":[0.10625644028186798,-0.253440797328949,0.3560519218444824,0.20927828550338746,0.48349320888519289,-0.8499630689620972,-0.9011300206184387,0.43286436796188357,0.02435397356748581,0.379693865776062,0.7608304023742676,0.526279091835022],"EasingStyle":"Linear","EasingDirection":"In"},"Head":{"Weight":1,"CFrame":[-4.6566128730773929e-9,0,2.384185791015625e-7,0.9949666261672974,-0.09956100583076477,0.011365264654159546,0.09884078055620194,0.9937314391136169,0.05223412439227104,-0.016494501382112504,-0.0508478544652462,0.9985702633857727],"EasingStyle":"Linear","EasingDirection":"In"},"Torso":{"Weight":1,"CFrame":[0.15370120108127595,6.367796956396887e-9,-0.0019745826721191408,0.9939874410629273,0.10919004678726196,-0.008156739175319672,-0.10902362316846848,0.9938645362854004,0.01863427646458149,0.010141370818018914,-0.01763295754790306,0.9997931122779846],"EasingStyle":"Linear","EasingDirection":"In"},"HumanoidRootPart":{"Weight":1,"CFrame":[0,0,0,1,0,0,0,1,0,0,0,1],"EasingStyle":"Linear","EasingDirection":"In"},"Right Leg":{"Weight":1,"CFrame":[0.09816717356443405,0.03790181875228882,-0.07107585668563843,0.8527240753173828,0.08520463109016419,-0.515365719795227,-0.04493041709065437,0.9949145913124085,0.09014593064785004,0.5204256772994995,-0.0537140816450119,0.8522158265113831],"EasingStyle":"Linear","EasingDirection":"In"}}},{"Time":0.23333333432674409,"poses":{"Left Leg":{"Weight":1,"CFrame":[-0.2554800808429718,0.0735824704170227,0.08701574802398682,0.9874638915061951,-0.07921751588582993,-0.13652698695659638,0.08320173621177674,0.9962504506111145,0.02371891215443611,0.13413608074188233,-0.034780874848365787,0.9903523325920105],"EasingStyle":"Linear","EasingDirection":"In"},"Right Arm":{"Weight":1,"CFrame":[-0.3788721561431885,-0.2395588457584381,0.196541428565979,0.19690412282943726,-0.7170245051383972,0.6686589121818543,0.973746657371521,0.22247843444347382,-0.04817451909184456,-0.11421981453895569,0.6605901122093201,0.7420071363449097],"EasingStyle":"Linear","EasingDirection":"In"},"Left Arm":{"Weight":1,"CFrame":[0.17463324964046479,-0.24053502082824708,0.3626229763031006,0.11259445548057556,0.538611888885498,-0.8349968791007996,-0.9412717223167419,0.3270285129547119,0.0840236246585846,0.31832388043403628,0.7764983773231506,0.5438016057014465],"EasingStyle":"Linear","EasingDirection":"In"},"Head":{"Weight":1,"CFrame":[4.889443516731262e-9,1.862645149230957e-9,-1.1920928955078126e-7,0.996659517288208,-0.08164322376251221,-0.002044469118118286,0.08165092021226883,0.9956046938896179,0.045874930918216708,-0.001709893113002181,-0.04588862136006355,0.9989451169967651],"EasingStyle":"Linear","EasingDirection":"In"},"Torso":{"Weight":1,"CFrame":[0.12129546701908112,6.367796956396887e-9,-0.020981550216674806,0.9960106611251831,0.0890083983540535,0.006347121205180883,-0.08911038935184479,0.9958559274673462,0.01817512698471546,-0.004703079350292683,-0.018668213859200479,0.9998146891593933],"EasingStyle":"Linear","EasingDirection":"In"},"HumanoidRootPart":{"Weight":1,"CFrame":[0,0,0,1,0,0,0,1,0,0,0,1],"EasingStyle":"Linear","EasingDirection":"In"},"Right Leg":{"Weight":1,"CFrame":[0.1958983689546585,0.033933281898498538,-0.08207827806472779,0.8347597122192383,0.13341496884822846,-0.5342065691947937,-0.1005532294511795,0.9908230304718018,0.09032630920410156,0.5413551330566406,-0.02168458327651024,0.8405144214630127],"EasingStyle":"Linear","EasingDirection":"In"}}},{"Time":0.2666666805744171,"poses":{"Left Leg":{"Weight":1,"CFrame":[-0.3911735415458679,0.08317673206329346,0.08105325698852539,0.9743741750717163,-0.13750028610229493,-0.1780136078596115,0.14498130977153779,0.9889898300170898,0.02965891733765602,0.17197547852993012,-0.05470751225948334,0.9835809469223023],"EasingStyle":"Linear","EasingDirection":"In"},"Right Arm":{"Weight":1,"CFrame":[-0.3733218014240265,-0.21975809335708619,0.23945355415344239,0.10727038234472275,-0.6857165098190308,0.7199209332466126,0.9892853498458862,0.145742267370224,-0.008588825352489949,-0.09903345257043839,0.7131283283233643,0.6940029263496399],"EasingStyle":"Linear","EasingDirection":"In"},"Left Arm":{"Weight":1,"CFrame":[0.20620815455913545,-0.24450981616973878,0.3644148111343384,-0.09723121672868729,0.5894907116889954,-0.8019021153450012,-0.9761673212051392,0.10058467090129852,0.19230246543884278,0.19401951134204865,0.8014882206916809,0.5656615495681763],"EasingStyle":"Linear","EasingDirection":"In"},"Head":{"Weight":1,"CFrame":[-6.05359673500061e-9,5.587935447692871e-9,3.5762786865234377e-7,0.9975064396858215,-0.06838759034872055,-0.017441485077142717,0.0688888281583786,0.9971741437911987,0.029969248920679094,0.01534267421811819,-0.031096039339900018,0.9993986487388611],"EasingStyle":"Linear","EasingDirection":"In"},"Torso":{"Weight":1,"CFrame":[0.0980791300535202,6.367796956396887e-9,-0.06812858581542969,0.9973612427711487,0.06873270869255066,0.02337389811873436,-0.06919510662555695,0.9974108934402466,0.019584646448493005,-0.021967275068163873,-0.02115032635629177,0.9995349645614624],"EasingStyle":"Linear","EasingDirection":"In"},"HumanoidRootPart":{"Weight":1,"CFrame":[0,0,0,1,0,0,0,1,0,0,0,1],"EasingStyle":"Linear","EasingDirection":"In"},"Right Leg":{"Weight":1,"CFrame":[0.2952936887741089,0.048119544982910159,-0.06997597217559815,0.8070654273033142,0.19213184714317323,-0.5583285689353943,-0.169582799077034,0.981164813041687,0.0925057902932167,0.5655856728553772,0.020024634897708894,0.8244463801383972],"EasingStyle":"Linear","EasingDirection":"In"}}},{"Time":0.30000001192092898,"poses":{"Left Leg":{"Weight":1,"CFrame":[-0.4690944254398346,0.10098147392272949,0.09638094902038574,0.9620791077613831,-0.20851172506809236,-0.17586037516593934,0.215423583984375,0.9762958288192749,0.02095649391412735,0.167322039604187,-0.05804627388715744,0.9841921329498291],"EasingStyle":"Linear","EasingDirection":"In"},"Right Arm":{"Weight":1,"CFrame":[-0.3684854507446289,-0.20321950316429139,0.2778435945510864,0.02111687883734703,-0.6507952213287354,0.7589594721794128,0.9972759485244751,0.06737471371889115,0.03002506121993065,-0.07067466527223587,0.7562581300735474,0.6504453420639038],"EasingStyle":"Linear","EasingDirection":"In"},"Left Arm":{"Weight":1,"CFrame":[0.2064482718706131,-0.26350662112236025,0.36383068561553957,-0.27290406823158266,0.5966557264328003,-0.7546690702438355,-0.9580516219139099,-0.09718520194292069,0.26961493492126467,0.08752471953630448,0.7965908646583557,0.5981491208076477],"EasingStyle":"Linear","EasingDirection":"In"},"Head":{"Weight":1,"CFrame":[-7.450580596923828e-9,-9.313225746154785e-9,-2.980232238769531e-7,0.9926465153694153,-0.11814700067043305,-0.026350073516368867,0.11820387095212937,0.992989182472229,0.0006049201474525034,0.02609386295080185,-0.0037151556462049486,0.999652624130249],"EasingStyle":"Linear","EasingDirection":"In"},"Torso":{"Weight":1,"CFrame":[0.09255265444517136,6.367796956396887e-9,-0.12416219711303711,0.9935440421104431,0.10824031382799149,0.033976420760154727,-0.10924997180700302,0.993579089641571,0.029412664473056794,-0.030574625357985498,-0.03293469920754433,0.9989897608757019],"EasingStyle":"Linear","EasingDirection":"In"},"HumanoidRootPart":{"Weight":1,"CFrame":[0,0,0,1,0,0,0,1,0,0,0,1],"EasingStyle":"Linear","EasingDirection":"In"},"Right Leg":{"Weight":1,"CFrame":[0.4127727746963501,0.07665377855300904,-0.0302962064743042,0.8052781224250794,0.25590047240257265,-0.5348290801048279,-0.24044248461723329,0.9655049443244934,0.09993860125541687,0.5419544577598572,0.04811722785234451,0.8390293121337891],"EasingStyle":"Linear","EasingDirection":"In"}}},{"Time":0.3333333432674408,"poses":{"Left Leg":{"Weight":1,"CFrame":[-0.48098427057266238,0.10900163650512696,0.12447965145111084,0.9560627341270447,-0.2470337301492691,-0.1578557789325714,0.25196874141693118,0.9676642417907715,0.011733519844710827,0.14985275268554688,-0.05099274218082428,0.9873925447463989],"EasingStyle":"Linear","EasingDirection":"In"},"Right Arm":{"Weight":1,"CFrame":[-0.36605632305145266,-0.19647392630577088,0.2947075366973877,-0.01213199645280838,-0.6246297955513,0.7808268070220947,0.9989650249481201,0.026664353907108308,0.036851610988378528,-0.043838802725076678,0.7804656624794006,0.6236597895622253],"EasingStyle":"Linear","EasingDirection":"In"},"Left Arm":{"Weight":1,"CFrame":[0.20655770599842072,-0.29622453451156618,0.3607020378112793,-0.34132274985313418,0.6048954725265503,-0.7194448113441467,-0.9395614862442017,-0.19766846299171449,0.27955585718154909,0.02689070627093315,0.7713810801506043,0.6358049511909485],"EasingStyle":"Linear","EasingDirection":"In"},"Head":{"Weight":1,"CFrame":[-4.6566128730773929e-9,3.725290298461914e-9,0,0.9854423403739929,-0.16799147427082063,-0.026121100410819055,0.16727565228939057,0.9855254888534546,-0.02754019945859909,0.030369525775313379,0.022769855335354806,0.9992793798446655],"EasingStyle":"Linear","EasingDirection":"In"},"Torso":{"Weight":1,"CFrame":[0.0857369601726532,6.367796956396887e-9,-0.1520555019378662,0.9883190393447876,0.14764602482318879,0.03776438906788826,-0.14905458688735963,0.9881109595298767,0.037676356732845309,-0.03175264224410057,-0.042865216732025149,0.9985761642456055],"EasingStyle":"Linear","EasingDirection":"In"},"HumanoidRootPart":{"Weight":1,"CFrame":[0,0,0,1,0,0,0,1,0,0,0,1],"EasingStyle":"Linear","EasingDirection":"In"},"Right Leg":{"Weight":1,"CFrame":[0.4949055016040802,0.09123426675796509,-0.01728278398513794,0.8108330965042114,0.29543787240982058,-0.5052388310432434,-0.2805897891521454,0.9537970423698425,0.10742706060409546,0.5136333107948303,0.05465932935476303,0.8562670350074768],"EasingStyle":"Linear","EasingDirection":"In"}}},{"Time":0.36666667461395266,"poses":{"Left Leg":{"Weight":1,"CFrame":[-0.4603906273841858,0.09057778120040894,0.13849711418151856,0.963074266910553,-0.23348146677017213,-0.13406868278980256,0.2365594357252121,0.9715898633003235,0.007280384190380573,0.12855985760688783,-0.03872678428888321,0.9909453392028809],"EasingStyle":"Linear","EasingDirection":"In"},"Right Arm":{"Weight":1,"CFrame":[-0.36769789457321169,-0.19859662652015687,0.2861185073852539,0.02454812079668045,-0.6219252943992615,0.7826915979385376,0.9994603395462036,0.03236434981226921,-0.005630172323435545,-0.0218296330422163,0.7824075222015381,0.6223841905593872],"EasingStyle":"Linear","EasingDirection":"In"},"Left Arm":{"Weight":1,"CFrame":[0.2064785659313202,-0.33522093296051028,0.3545076847076416,-0.3260370194911957,0.6172382831573486,-0.7160422801971436,-0.9449868202209473,-0.23398706316947938,0.22858279943466187,-0.02645467035472393,0.7511770725250244,0.659570574760437],"EasingStyle":"Linear","EasingDirection":"In"},"Head":{"Weight":1,"CFrame":[-5.587935447692871e-9,-1.862645149230957e-9,4.76837158203125e-7,0.9851890206336975,-0.17096365988254548,-0.013196084648370743,0.17028386890888215,0.9845046997070313,-0.04188209027051926,0.02015192247927189,0.03901471197605133,0.9990354776382446],"EasingStyle":"Linear","EasingDirection":"In"},"Torso":{"Weight":1,"CFrame":[0.060106731951236728,6.367796956396887e-9,-0.13162922859191895,0.9893198609352112,0.14324495196342469,0.026965614408254625,-0.14421316981315614,0.9888073205947876,0.03824484720826149,-0.021185413002967836,-0.04172518476843834,0.9989045262336731],"EasingStyle":"Linear","EasingDirection":"In"},"HumanoidRootPart":{"Weight":1,"CFrame":[0,0,0,1,0,0,0,1,0,0,0,1],"EasingStyle":"Linear","EasingDirection":"In"},"Right Leg":{"Weight":1,"CFrame":[0.5062816143035889,0.08629339933395386,-0.030251681804656984,0.8227885961532593,0.30173808336257937,-0.4816356599330902,-0.28056034445762637,0.9526157379150391,0.11751334369182587,0.4942719638347626,0.038439150899648669,0.8684571385383606],"EasingStyle":"Linear","EasingDirection":"In"}}},{"Time":0.4000000059604645,"poses":{"Left Leg":{"Weight":1,"CFrame":[-0.4066131114959717,0.050456345081329349,0.140852689743042,0.9728472232818604,-0.2047751247882843,-0.10786835104227066,0.20534291863441468,0.9786721467971802,-0.0059363520704209808,0.10678329318761826,-0.016374820843338968,0.9941474795341492],"EasingStyle":"Linear","EasingDirection":"In"},"Right Arm":{"Weight":1,"CFrame":[-0.3725825250148773,-0.20248156785964967,0.26350295543670657,0.11285492032766342,-0.6360424757003784,0.7633569836616516,0.993480920791626,0.08468838036060333,-0.07631275057792664,-0.01610926166176796,0.7669928073883057,0.6414533853530884],"EasingStyle":"Linear","EasingDirection":"In"},"Left Arm":{"Weight":1,"CFrame":[0.20516644418239594,-0.37361884117126467,0.34430861473083498,-0.30680522322654726,0.6103825569152832,-0.7302765250205994,-0.9490370154380798,-0.2543216347694397,0.18614327907562257,-0.07210658490657807,0.7501691579818726,0.6573027968406677],"EasingStyle":"Linear","EasingDirection":"In"},"Head":{"Weight":1,"CFrame":[-4.452886059880257e-9,-1.5832483768463136e-8,-1.7881393432617188e-7,0.9856085181236267,-0.16880688071250916,0.00895620696246624,0.16904222965240479,0.9844744205474854,-0.04727533832192421,-0.0008367554983124137,0.04810895398259163,0.9988417029380798],"EasingStyle":"Linear","EasingDirection":"In"},"Torso":{"Weight":1,"CFrame":[0.031431399285793307,6.367796956396887e-9,-0.0878763198852539,0.9902701377868652,0.13905474543571473,0.0053866831585764889,-0.13915902376174928,0.9895509481430054,0.03773212060332298,-0.00008356718171853572,-0.03811459243297577,0.9992733597755432],"EasingStyle":"Linear","EasingDirection":"In"},"HumanoidRootPart":{"Weight":1,"CFrame":[0,0,0,1,0,0,0,1,0,0,0,1],"EasingStyle":"Linear","EasingDirection":"In"},"Right Leg":{"Weight":1,"CFrame":[0.5177631378173828,0.09584063291549683,-0.03605729341506958,0.8536620140075684,0.30142566561698916,-0.4247395098209381,-0.26954153180122378,0.9534894824028015,0.13492701947689057,0.4456551969051361,-0.0006971728289499879,0.895204484462738],"EasingStyle":"Linear","EasingDirection":"In"}}},{"Time":0.4333333373069763,"poses":{"Left Leg":{"Weight":1,"CFrame":[-0.32624369859695437,0.011278390884399414,0.11252748966217041,0.9802231788635254,-0.1728208214044571,-0.09641332924365998,0.172793909907341,0.9849196672439575,-0.0086915772408247,0.09646141529083252,-0.008139909245073796,0.9953034520149231],"EasingStyle":"Linear","EasingDirection":"In"},"Right Arm":{"Weight":1,"CFrame":[-0.37879619002342226,-0.20577725768089295,0.23271775245666505,0.24025799334049226,-0.6507445573806763,0.7202829718589783,0.969383955001831,0.19960199296474458,-0.14301659166812898,-0.05070259049534798,0.7325918078422546,0.678777277469635],"EasingStyle":"Linear","EasingDirection":"In"},"Left Arm":{"Weight":1,"CFrame":[0.20234273374080659,-0.40131545066833498,0.3291817903518677,-0.30283471941947939,0.5814752578735352,-0.7551010847091675,-0.9520409107208252,-0.2208990454673767,0.2117116004228592,-0.04369610175490379,0.7830007076263428,0.6204841136932373],"EasingStyle":"Linear","EasingDirection":"In"},"Head":{"Weight":1,"CFrame":[-4.190951585769653e-9,-9.66247171163559e-9,3.5762786865234377e-7,0.9837051033973694,-0.1780901849269867,0.02466115914285183,0.17902348935604096,0.9829041957855225,-0.043012335896492007,-0.016579482704401017,0.046726375818252566,0.9987701773643494],"EasingStyle":"Linear","EasingDirection":"In"},"Torso":{"Weight":1,"CFrame":[0.016982698813080789,6.367796956396887e-9,-0.04282736778259277,0.9886890649795532,0.14935213327407838,-0.013707944191992283,-0.1488553285598755,0.9883400797843933,0.032030027359724048,0.01833186484873295,-0.0296272374689579,0.9993929266929627],"EasingStyle":"Linear","EasingDirection":"In"},"HumanoidRootPart":{"Weight":1,"CFrame":[0,0,0,1,0,0,0,1,0,0,0,1],"EasingStyle":"Linear","EasingDirection":"In"},"Right Leg":{"Weight":1,"CFrame":[0.5693219900131226,0.1525614857673645,-0.01615464687347412,0.8927145004272461,0.29125356674194338,-0.3438490629196167,-0.254429429769516,0.9555684924125671,0.14884400367736817,0.37192270159721377,-0.04538995772600174,0.9271533489227295],"EasingStyle":"Linear","EasingDirection":"In"}}},{"Time":0.46666666865348818,"poses":{"Left Leg":{"Weight":1,"CFrame":[-0.22382831573486329,-0.02525484561920166,0.07229149341583252,0.9883527755737305,-0.13651742041110993,-0.06724507361650467,0.13705122470855714,0.9905582666397095,0.0033686175011098387,0.0661502480506897,-0.01254541240632534,0.9977308511734009],"EasingStyle":"Linear","EasingDirection":"In"},"Right Arm":{"Weight":1,"CFrame":[-0.3845407962799072,-0.20800471305847169,0.19953453540802003,0.3716776669025421,-0.6529092788696289,0.6599735617637634,0.9219348430633545,0.34309419989585879,-0.17978493869304658,-0.10904984921216965,0.675274670124054,0.7294601798057556],"EasingStyle":"Linear","EasingDirection":"In"},"Left Arm":{"Weight":1,"CFrame":[0.1987258642911911,-0.40913087129592898,0.30667901039123537,-0.23286409676074983,0.5542299151420593,-0.7991267442703247,-0.9724025726318359,-0.12051573395729065,0.1997733861207962,0.014413019642233849,0.8235927820205689,0.5669983625411987],"EasingStyle":"Linear","EasingDirection":"In"},"Head":{"Weight":1,"CFrame":[-6.51925802230835e-9,-1.862645149230957e-9,1.1920928955078126e-7,0.9778146743774414,-0.20698954164981843,0.03215322643518448,0.20818878710269929,0.9772718548774719,-0.03996513411402702,-0.02315007522702217,0.04577243700623512,0.9986836314201355],"EasingStyle":"Linear","EasingDirection":"In"},"Torso":{"Weight":1,"CFrame":[0.006747052539139986,6.367796956396887e-9,-0.0014810562133789063,0.9833393692970276,0.17959733307361604,-0.028079871088266374,-0.17881619930267335,0.9834773540496826,0.028236277401447297,0.032687075436115268,-0.022744709625840188,0.9992067813873291],"EasingStyle":"Linear","EasingDirection":"In"},"HumanoidRootPart":{"Weight":1,"CFrame":[0,0,0,1,0,0,0,1,0,0,0,1],"EasingStyle":"Linear","EasingDirection":"In"},"Right Leg":{"Weight":1,"CFrame":[0.6341647505760193,0.2402970790863037,0.023658037185668947,0.9368160963058472,0.27088671922683718,-0.22135040163993836,-0.24159926176071168,0.9586140513420105,0.15062890946865083,0.25299298763275149,-0.08763352036476135,0.9634910821914673],"EasingStyle":"Linear","EasingDirection":"In"}}},{"Time":0.5,"poses":{"Left Leg":{"Weight":1,"CFrame":[-0.11328675597906113,-0.05812573432922363,0.055213212966918948,0.9950674176216126,-0.09373807162046433,-0.032467104494571689,0.09422744810581207,0.9954538345336914,0.013884011656045914,0.031018009409308435,-0.01687484420835972,0.9993764162063599],"EasingStyle":"Linear","EasingDirection":"In"},"Right Arm":{"Weight":1,"CFrame":[-0.38863715529441836,-0.20925283432006837,0.17023348808288575,0.47015368938446047,-0.6459498405456543,0.6014187932014465,0.8668912053108215,0.46591123938560488,-0.17727547883987428,-0.16569669544696809,0.60471111536026,0.7790179252624512],"EasingStyle":"Linear","EasingDirection":"In"},"Left Arm":{"Weight":1,"CFrame":[0.19199314713478089,-0.3637878894805908,0.27680134773254397,0.034004319459199908,0.5806839466094971,-0.8134187459945679,-0.9985449314117432,0.05382499471306801,-0.0033186962828040125,0.04185521602630615,0.812347948551178,0.5816692113876343],"EasingStyle":"Linear","EasingDirection":"In"},"Head":{"Weight":1,"CFrame":[3.259629011154175e-9,0,-2.980232238769531e-7,0.9674148559570313,-0.2508380115032196,0.034479908645153049,0.25216618180274966,0.9667758941650391,-0.04191262647509575,-0.022821051999926568,0.0492415614426136,0.9985262155532837],"EasingStyle":"Linear","EasingDirection":"In"},"Torso":{"Weight":1,"CFrame":[-0.01226795557886362,6.367796956396887e-9,0.03301525115966797,0.9734139442443848,0.22590816020965577,-0.03782755509018898,-0.22485822439193726,0.9739270806312561,0.030082281678915025,0.04363710805773735,-0.020776674151420594,0.9988313913345337],"EasingStyle":"Linear","EasingDirection":"In"},"HumanoidRootPart":{"Weight":1,"CFrame":[0,0,0,1,0,0,0,1,0,0,0,1],"EasingStyle":"Linear","EasingDirection":"In"},"Right Leg":{"Weight":1,"CFrame":[0.6883144378662109,0.32212185859680178,0.06662952899932862,0.9675910472869873,0.24513645470142365,-0.06062883511185646,-0.2375049889087677,0.9649912714958191,0.11128099262714386,0.08578537404537201,-0.09327491372823715,0.9919379353523254],"EasingStyle":"Linear","EasingDirection":"In"}}},{"Time":0.5333333611488342,"poses":{"Left Leg":{"Weight":1,"CFrame":[-0.03832067921757698,-0.0729684829711914,0.06483912467956543,0.9973990321159363,-0.0706789568066597,-0.014134026132524014,0.07092472910881043,0.9973243474960327,0.01771927997469902,0.01284380629658699,-0.01867564767599106,0.9997431635856628],"EasingStyle":"Linear","EasingDirection":"In"},"Right Arm":{"Weight":1,"CFrame":[-0.3906559944152832,-0.20926186442375184,0.15153777599334718,0.5049950480461121,-0.6533305644989014,0.5640383958816528,0.8378111720085144,0.5281359553337097,-0.13836488127708436,-0.20749087631702424,0.542431116104126,0.8140735626220703],"EasingStyle":"Linear","EasingDirection":"In"},"Left Arm":{"Weight":1,"CFrame":[0.18366438150405885,-0.29256558418273928,0.25803375244140627,0.22362592816352845,0.5938219428062439,-0.7728952169418335,-0.9739280939102173,0.16718049347400666,-0.15334562957286836,0.03815314918756485,0.7870364189147949,0.6157256364822388],"EasingStyle":"Linear","EasingDirection":"In"},"Head":{"Weight":1,"CFrame":[9.313225746154786e-10,7.450580596923828e-9,-1.1920928955078126e-7,0.9568060636520386,-0.2891167402267456,0.030556652694940568,0.2902641296386719,0.9559202194213867,-0.04430994763970375,-0.016398979350924493,0.05126552656292915,0.9985504746437073],"EasingStyle":"Linear","EasingDirection":"In"},"Torso":{"Weight":1,"CFrame":[-0.03768477588891983,6.367796956396887e-9,0.047887563705444339,0.9625568985939026,0.26791590452194216,-0.041297219693660739,-0.26675930619239809,0.9632497429847717,0.0314544141292572,0.04820668324828148,-0.01926024630665779,0.9986516833305359],"EasingStyle":"Linear","EasingDirection":"In"},"HumanoidRootPart":{"Weight":1,"CFrame":[0,0,0,1,0,0,0,1,0,0,0,1],"EasingStyle":"Linear","EasingDirection":"In"},"Right Leg":{"Weight":1,"CFrame":[0.732946515083313,0.3596627116203308,0.09648370742797852,0.9730463027954102,0.226922407746315,0.04107372835278511,-0.22946058213710786,0.9704753756523132,0.0743342936038971,-0.022992907091975213,-0.08175548166036606,0.996387243270874],"EasingStyle":"Linear","EasingDirection":"In"}}},{"Time":0.5666666626930237,"poses":{"Left Leg":{"Weight":1,"CFrame":[-0.020257622003555299,-0.07688379287719727,0.0986943244934082,0.9954242706298828,-0.09367936849594116,-0.018837908282876016,0.09394555538892746,0.9954819679260254,0.0137789873406291,0.017461946234107019,-0.015485658310353756,0.9997276663780212],"EasingStyle":"Linear","EasingDirection":"In"},"Right Arm":{"Weight":1,"CFrame":[-0.39111828804016116,-0.19157418608665467,0.14483320713043214,0.48606133460998537,-0.6714854836463928,0.5593315958976746,0.837833046913147,0.5400758385658264,-0.07971155643463135,-0.24855631589889527,0.5073711276054382,0.8251026272773743],"EasingStyle":"Linear","EasingDirection":"In"},"Left Arm":{"Weight":1,"CFrame":[0.18144014477729798,-0.2560575008392334,0.256152868270874,0.19297507405281068,0.5989028811454773,-0.7772233486175537,-0.9788203239440918,0.17267723381519319,-0.10996963083744049,0.06834762543439865,0.7819833755493164,0.6195407509803772],"EasingStyle":"Linear","EasingDirection":"In"},"Head":{"Weight":1,"CFrame":[-8.381903171539307e-9,-9.313225746154785e-9,2.384185791015625e-7,0.9520384669303894,-0.3052498698234558,0.021101417019963266,0.30597153306007388,0.9502099752426148,-0.05901315435767174,-0.0020370231941342355,0.06263923645019531,0.9980342388153076],"EasingStyle":"Linear","EasingDirection":"In"},"Torso":{"Weight":1,"CFrame":[-0.06442669779062271,6.367796956396887e-9,0.04264211654663086,0.9564648866653442,0.28979530930519106,-0.034551192075014117,-0.28828179836273196,0.9565842747688294,0.04289949685335159,0.04548319801688194,-0.031071383506059648,0.9984817504882813],"EasingStyle":"Linear","EasingDirection":"In"},"HumanoidRootPart":{"Weight":1,"CFrame":[0,0,0,1,0,0,0,1,0,0,0,1],"EasingStyle":"Linear","EasingDirection":"In"},"Right Leg":{"Weight":1,"CFrame":[0.7449676990509033,0.31942635774612429,0.10332250595092774,0.9735201597213745,0.2260996401309967,0.03372758999466896,-0.2283439189195633,0.9687829613685608,0.09653408825397492,-0.010848329402506352,-0.10167939960956574,0.9947580695152283],"EasingStyle":"Linear","EasingDirection":"In"}}},{"Time":0.6000000238418579,"poses":{"Left Leg":{"Weight":1,"CFrame":[-0.08013589680194855,-0.06978070735931397,0.1564953327178955,0.9876253008842468,-0.15202993154525758,-0.038512568920850757,0.15272024273872376,0.9881455898284912,0.015649084001779558,0.03567686304450035,-0.021337060257792474,0.9991356134414673],"EasingStyle":"Linear","EasingDirection":"In"},"Right Arm":{"Weight":1,"CFrame":[-0.3917063772678375,-0.16085511445999146,0.1438899040222168,0.43503525853157046,-0.7006720900535584,0.5655112862586975,0.8616455793380737,0.5062615275382996,-0.03558371588587761,-0.26136407256126406,0.5027503371238709,0.8239725232124329],"EasingStyle":"Linear","EasingDirection":"In"},"Left Arm":{"Weight":1,"CFrame":[0.18083132803440095,-0.24963408708572389,0.25440919399261477,0.11134573817253113,0.6120069026947022,-0.7829750180244446,-0.9910272359848023,0.1270003318786621,-0.041663628071546558,0.07393976300954819,0.7805885076522827,0.6206563115119934],"EasingStyle":"Linear","EasingDirection":"In"},"Head":{"Weight":1,"CFrame":[-2.3283064365386965e-10,0,0,0.949476420879364,-0.3138267397880554,0.0027258587069809438,0.31315159797668459,0.9467878937721252,-0.07435642927885056,0.020754223689436914,0.0714532881975174,0.9972280263900757],"EasingStyle":"Linear","EasingDirection":"In"},"Torso":{"Weight":1,"CFrame":[-0.09199033677577973,6.367796956396887e-9,0.023203134536743165,0.952038049697876,0.3056384325027466,-0.014447268098592759,-0.30453991889953616,0.9510764479637146,0.05204830691218376,0.029648419469594957,-0.045152198523283008,0.9985400438308716],"EasingStyle":"Linear","EasingDirection":"In"},"HumanoidRootPart":{"Weight":1,"CFrame":[0,0,0,1,0,0,0,1,0,0,0,1],"EasingStyle":"Linear","EasingDirection":"In"},"Right Leg":{"Weight":1,"CFrame":[0.715019941329956,0.23843491077423097,0.07925605773925781,0.9756038188934326,0.21877433359622956,-0.018301572650671006,-0.21467702090740205,0.968125581741333,0.12902194261550904,0.045945003628730777,-0.12194542586803436,0.9914728999137878],"EasingStyle":"Linear","EasingDirection":"In"}}},{"Time":0.6333333253860474,"poses":{"Left Leg":{"Weight":1,"CFrame":[-0.23264005780220033,-0.029203176498413087,0.2067117691040039,0.972149670124054,-0.2260722815990448,-0.061776600778102878,0.22865736484527589,0.972745418548584,0.038500092923641208,0.05138908326625824,-0.05155352130532265,0.9973471760749817],"EasingStyle":"Linear","EasingDirection":"In"},"Right Arm":{"Weight":1,"CFrame":[-0.3927946090698242,-0.142928808927536,0.146551251411438,0.3302617371082306,-0.7455681562423706,0.5788396000862122,0.9249517321586609,0.37786316871643069,-0.041036248207092288,-0.1881268173456192,0.548951268196106,0.8144082427024841],"EasingStyle":"Linear","EasingDirection":"In"},"Left Arm":{"Weight":1,"CFrame