{"Sequence":[{"Time":0,"poses":{"Left Leg":{"Weight":1,"CFrame":[-0.06802183389663696,-0.261942982673645,0.14730286598205567,0.2571081221103668,-0.6189946532249451,0.742119312286377,0.8637504577636719,0.49159130454063418,0.11078423261642456,-0.4333942234516144,0.612522304058075,0.6610490679740906],"EasingStyle":"Constant","EasingDirection":"In"},"Right Arm":{"Weight":1,"CFrame":[0.4404491186141968,-0.389581561088562,0.2197054624557495,-0.3080267012119293,-0.5763126015663147,0.7569567561149597,0.9513101577758789,-0.19606201350688935,0.23784174025058747,0.011339365504682064,0.7933622002601624,0.6086441874504089],"EasingStyle":"Constant","EasingDirection":"In"},"Left Arm":{"Weight":1,"CFrame":[-0.6308936476707459,-0.3972129225730896,-0.2457708716392517,-0.37228497862815859,0.07657908648252487,-0.9249538779258728,-0.8945211172103882,0.23611000180244447,0.3795841336250305,0.2474590390920639,0.9687042236328125,-0.019398769363760949],"EasingStyle":"Constant","EasingDirection":"In"},"Right Leg":{"Weight":1,"CFrame":[1.3627971410751343,0.2853248715400696,-0.15776759386062623,0.6221809387207031,-0.034842852503061298,0.7820978760719299,0.1393294483423233,0.9879887104034424,-0.06682521849870682,-0.7703753709793091,0.15054665505886079,0.6195623874664307],"EasingStyle":"Constant","EasingDirection":"In"},"Torso":{"Weight":1,"CFrame":[-0.051581934094429019,0.08983169496059418,-0.49610471725463869,0.7594687938690186,-0.6473405957221985,-0.06447748839855194,0.6500922441482544,0.7515125870704651,0.11228955537080765,-0.02423393726348877,-0.12719672918319703,0.9915814399719238],"EasingStyle":"Constant","EasingDirection":"In"},"HumanoidRootPart":{"Weight":0,"CFrame":[0,0,0,1,0,0,0,1,0,0,0,1],"EasingStyle":"Linear","EasingDirection":"In"},"Head":{"Weight":1,"CFrame":[8.195638656616211e-8,-2.2351741790771486e-8,1.1920928955078126e-7,0.8935123682022095,0.44634827971458437,-0.04907914996147156,-0.44241246581077578,0.8937606811523438,0.07391214370727539,0.07685556262731552,-0.04432818293571472,0.9960564374923706],"EasingStyle":"Constant","EasingDirection":"In"}}},{"Time":0.034583333879709247,"poses":{"Left Leg":{"Weight":1,"CFrame":[-0.06802183389663696,-0.261942982673645,0.14730286598205567,0.2571081221103668,-0.6189946532249451,0.742119312286377,0.8637504577636719,0.49159130454063418,0.11078423261642456,-0.4333942234516144,0.612522304058075,0.6610490679740906],"EasingStyle":"Constant","EasingDirection":"In"},"Right Arm":{"Weight":1,"CFrame":[0.4404491186141968,-0.389581561088562,0.2197054624557495,-0.3080267012119293,-0.5763126015663147,0.7569567561149597,0.9513101577758789,-0.19606201350688935,0.23784174025058747,0.011339365504682064,0.7933622002601624,0.6086441874504089],"EasingStyle":"Constant","EasingDirection":"In"},"Left Arm":{"Weight":1,"CFrame":[-0.6308936476707459,-0.3972129225730896,-0.2457708716392517,-0.37228497862815859,0.07657908648252487,-0.9249538779258728,-0.8945211172103882,0.23611000180244447,0.3795841336250305,0.2474590390920639,0.9687042236328125,-0.019398769363760949],"EasingStyle":"Constant","EasingDirection":"In"},"Right Leg":{"Weight":1,"CFrame":[1.3627971410751343,0.2853248715400696,-0.15776759386062623,0.6221809387207031,-0.034842852503061298,0.7820978760719299,0.1393294483423233,0.9879887104034424,-0.06682521849870682,-0.7703753709793091,0.15054665505886079,0.6195623874664307],"EasingStyle":"Constant","EasingDirection":"In"},"Torso":{"Weight":1,"CFrame":[-0.051581934094429019,0.08983169496059418,-0.49610471725463869,0.7594687938690186,-0.6473405957221985,-0.06447748839855194,0.6500922441482544,0.7515125870704651,0.11228955537080765,-0.02423393726348877,-0.12719672918319703,0.9915814399719238],"EasingStyle":"Constant","EasingDirection":"In"},"HumanoidRootPart":{"Weight":0,"CFrame":[0,0,0,1,0,0,0,1,0,0,0,1],"EasingStyle":"Linear","EasingDirection":"In"},"Head":{"Weight":1,"CFrame":[8.195638656616211e-8,-2.2351741790771486e-8,1.1920928955078126e-7,0.8935123682022095,0.44634827971458437,-0.04907914996147156,-0.44241246581077578,0.8937606811523438,0.07391214370727539,0.07685556262731552,-0.04432818293571472,0.9960564374923706],"EasingStyle":"Constant","EasingDirection":"In"}}},{"Time":0.06916666775941849,"poses":{"Left Leg":{"Weight":1,"CFrame":[-0.06802183389663696,-0.261942982673645,0.14730286598205567,0.2571081221103668,-0.6189946532249451,0.742119312286377,0.8637504577636719,0.49159130454063418,0.11078423261642456,-0.4333942234516144,0.612522304058075,0.6610490679740906],"EasingStyle":"Constant","EasingDirection":"In"},"Right Arm":{"Weight":1,"CFrame":[0.4404491186141968,-0.389581561088562,0.2197054624557495,-0.3080267012119293,-0.5763126015663147,0.7569567561149597,0.9513101577758789,-0.19606201350688935,0.23784174025058747,0.011339365504682064,0.7933622002601624,0.6086441874504089],"EasingStyle":"Constant","EasingDirection":"In"},"Left Arm":{"Weight":1,"CFrame":[-0.6308936476707459,-0.3972129225730896,-0.2457708716392517,-0.37228497862815859,0.07657908648252487,-0.9249538779258728,-0.8945211172103882,0.23611000180244447,0.3795841336250305,0.2474590390920639,0.9687042236328125,-0.019398769363760949],"EasingStyle":"Constant","EasingDirection":"In"},"Right Leg":{"Weight":1,"CFrame":[1.3627971410751343,0.2853248715400696,-0.15776759386062623,0.6221809387207031,-0.034842852503061298,0.7820978760719299,0.1393294483423233,0.9879887104034424,-0.06682521849870682,-0.7703753709793091,0.15054665505886079,0.6195623874664307],"EasingStyle":"Constant","EasingDirection":"In"},"Torso":{"Weight":1,"CFrame":[-0.051581934094429019,0.08983169496059418,-0.49610471725463869,0.7594687938690186,-0.6473405957221985,-0.06447748839855194,0.6500922441482544,0.7515125870704651,0.11228955537080765,-0.02423393726348877,-0.12719672918319703,0.9915814399719238],"EasingStyle":"Constant","EasingDirection":"In"},"HumanoidRootPart":{"Weight":0,"CFrame":[0,0,0,1,0,0,0,1,0,0,0,1],"EasingStyle":"Linear","EasingDirection":"In"},"Head":{"Weight":1,"CFrame":[8.195638656616211e-8,-2.2351741790771486e-8,1.1920928955078126e-7,0.8935123682022095,0.44634827971458437,-0.04907914996147156,-0.44241246581077578,0.8937606811523438,0.07391214370727539,0.07685556262731552,-0.04432818293571472,0.9960564374923706],"EasingStyle":"Constant","EasingDirection":"In"}}},{"Time":0.10333333164453507,"poses":{"Left Leg":{"Weight":1,"CFrame":[-0.06802183389663696,-0.261942982673645,0.14730286598205567,0.2571081221103668,-0.6189946532249451,0.742119312286377,0.8637504577636719,0.49159130454063418,0.11078423261642456,-0.4333942234516144,0.612522304058075,0.6610490679740906],"EasingStyle":"Constant","EasingDirection":"In"},"Right Arm":{"Weight":1,"CFrame":[0.4404491186141968,-0.389581561088562,0.2197054624557495,-0.3080267012119293,-0.5763126015663147,0.7569567561149597,0.9513101577758789,-0.19606201350688935,0.23784174025058747,0.011339365504682064,0.7933622002601624,0.6086441874504089],"EasingStyle":"Constant","EasingDirection":"In"},"Left Arm":{"Weight":1,"CFrame":[-0.6308936476707459,-0.3972129225730896,-0.2457708716392517,-0.37228497862815859,0.07657908648252487,-0.9249538779258728,-0.8945211172103882,0.23611000180244447,0.3795841336250305,0.2474590390920639,0.9687042236328125,-0.019398769363760949],"EasingStyle":"Constant","EasingDirection":"In"},"Right Leg":{"Weight":1,"CFrame":[1.3627971410751343,0.2853248715400696,-0.15776759386062623,0.6221809387207031,-0.034842852503061298,0.7820978760719299,0.1393294483423233,0.9879887104034424,-0.06682521849870682,-0.7703753709793091,0.15054665505886079,0.6195623874664307],"EasingStyle":"Constant","EasingDirection":"In"},"Torso":{"Weight":1,"CFrame":[-0.051581934094429019,0.08983169496059418,-0.49610471725463869,0.7594687938690186,-0.6473405957221985,-0.06447748839855194,0.6500922441482544,0.7515125870704651,0.11228955537080765,-0.02423393726348877,-0.12719672918319703,0.9915814399719238],"EasingStyle":"Constant","EasingDirection":"In"},"HumanoidRootPart":{"Weight":0,"CFrame":[0,0,0,1,0,0,0,1,0,0,0,1],"EasingStyle":"Linear","EasingDirection":"In"},"Head":{"Weight":1,"CFrame":[8.195638656616211e-8,-2.2351741790771486e-8,1.1920928955078126e-7,0.8935123682022095,0.44634827971458437,-0.04907914996147156,-0.44241246581077578,0.8937606811523438,0.07391214370727539,0.07685556262731552,-0.04432818293571472,0.9960564374923706],"EasingStyle":"Constant","EasingDirection":"In"}}},{"Time":0.1379166692495346,"poses":{"Left Leg":{"Weight":1,"CFrame":[-0.12288664281368256,-0.30974912643432619,0.21258997917175294,0.21375609934329987,-0.631644070148468,0.7452076077461243,0.9021676778793335,0.4202413558959961,0.09742125868797302,-0.374702513217926,0.6514776349067688,0.6596778631210327],"EasingStyle":"Constant","EasingDirection":"In"},"Right Arm":{"Weight":1,"CFrame":[0.440449059009552,-0.38958197832107546,0.2197054624557495,-0.26623985171318056,-0.6845327615737915,0.6786246299743652,0.963535487651825,-0.2085416465997696,0.16765959560871125,0.02675306797027588,0.6985164880752564,0.7150935530662537],"EasingStyle":"Constant","EasingDirection":"In"},"Left Arm":{"Weight":1,"CFrame":[-0.6308936476707459,-0.39721325039863589,-0.2457708716392517,-0.4109329879283905,0.046775367110967639,-0.9104648232460022,-0.9063618183135986,0.08660679310560227,0.41353049874305727,0.09819547086954117,0.9951439499855042,0.0068056522868573669],"EasingStyle":"Constant","EasingDirection":"In"},"Right Leg":{"Weight":1,"CFrame":[1.403051495552063,0.4282660484313965,-0.20907461643218995,0.6197435855865479,-0.03546532988548279,0.7840026617050171,0.11646758764982224,0.9920728802680969,-0.04718848317861557,-0.7761141657829285,0.12055565416812897,0.6189612746238709],"EasingStyle":"Constant","EasingDirection":"In"},"Torso":{"Weight":1,"CFrame":[-0.03078998625278473,0.06205107271671295,-0.5897390842437744,0.7594687342643738,-0.6488880515098572,-0.04638572782278061,0.650092363357544,0.7543536424636841,0.09127184003591538,-0.024233950302004815,-0.09947310388088227,0.9947451949119568],"EasingStyle":"Constant","EasingDirection":"In"},"HumanoidRootPart":{"Weight":0,"CFrame":[0,0,0,1,0,0,0,1,0,0,0,1],"EasingStyle":"Linear","EasingDirection":"In"},"Head":{"Weight":1,"CFrame":[6.332993507385254e-8,-1.4901161193847657e-8,-4.172325134277344e-7,0.8935124278068543,0.4463482201099396,-0.049079135060310367,-0.44241246581077578,0.8937606811523438,0.0739121362566948,0.07685555517673493,-0.04432816803455353,0.9960564374923706],"EasingStyle":"Constant","EasingDirection":"In"}}},{"Time":0.17249999940395356,"poses":{"Left Leg":{"Weight":1,"CFrame":[-0.12288664281368256,-0.30974912643432619,0.21258997917175294,0.21375609934329987,-0.631644070148468,0.7452076077461243,0.9021676778793335,0.4202413558959961,0.09742125868797302,-0.374702513217926,0.6514776349067688,0.6596778631210327],"EasingStyle":"Constant","EasingDirection":"In"},"Right Arm":{"Weight":1,"CFrame":[0.440449059009552,-0.38958197832107546,0.2197054624557495,-0.26623985171318056,-0.6845327615737915,0.6786246299743652,0.963535487651825,-0.2085416465997696,0.16765959560871125,0.02675306797027588,0.6985164880752564,0.7150935530662537],"EasingStyle":"Constant","EasingDirection":"In"},"Left Arm":{"Weight":1,"CFrame":[-0.6308936476707459,-0.39721325039863589,-0.2457708716392517,-0.4109329879283905,0.046775367110967639,-0.9104648232460022,-0.9063618183135986,0.08660679310560227,0.41353049874305727,0.09819547086954117,0.9951439499855042,0.0068056522868573669],"EasingStyle":"Constant","EasingDirection":"In"},"Right Leg":{"Weight":1,"CFrame":[1.403051495552063,0.4282660484313965,-0.20907461643218995,0.6197435855865479,-0.03546532988548279,0.7840026617050171,0.11646758764982224,0.9920728802680969,-0.04718848317861557,-0.7761141657829285,0.12055565416812897,0.6189612746238709],"EasingStyle":"Constant","EasingDirection":"In"},"Torso":{"Weight":1,"CFrame":[-0.03078998625278473,0.06205107271671295,-0.5897390842437744,0.7594687342643738,-0.6488880515098572,-0.04638572782278061,0.650092363357544,0.7543536424636841,0.09127184003591538,-0.024233950302004815,-0.09947310388088227,0.9947451949119568],"EasingStyle":"Constant","EasingDirection":"In"},"HumanoidRootPart":{"Weight":0,"CFrame":[0,0,0,1,0,0,0,1,0,0,0,1],"EasingStyle":"Linear","EasingDirection":"In"},"Head":{"Weight":1,"CFrame":[6.332993507385254e-8,-1.4901161193847657e-8,-4.172325134277344e-7,0.8935124278068543,0.4463482201099396,-0.049079135060310367,-0.44241246581077578,0.8937606811523438,0.0739121362566948,0.07685555517673493,-0.04432816803455353,0.9960564374923706],"EasingStyle":"Constant","EasingDirection":"In"}}},{"Time":0.2070833295583725,"poses":{"Left Leg":{"Weight":1,"CFrame":[-0.12288664281368256,-0.30974912643432619,0.21258997917175294,0.21375609934329987,-0.631644070148468,0.7452076077461243,0.9021676778793335,0.4202413558959961,0.09742125868797302,-0.374702513217926,0.6514776349067688,0.6596778631210327],"EasingStyle":"Constant","EasingDirection":"In"},"Right Arm":{"Weight":1,"CFrame":[0.440449059009552,-0.38958197832107546,0.2197054624557495,-0.26623985171318056,-0.6845327615737915,0.6786246299743652,0.963535487651825,-0.2085416465997696,0.16765959560871125,0.02675306797027588,0.6985164880752564,0.7150935530662537],"EasingStyle":"Constant","EasingDirection":"In"},"Left Arm":{"Weight":1,"CFrame":[-0.6308936476707459,-0.39721325039863589,-0.2457708716392517,-0.4109329879283905,0.046775367110967639,-0.9104648232460022,-0.9063618183135986,0.08660679310560227,0.41353049874305727,0.09819547086954117,0.9951439499855042,0.0068056522868573669],"EasingStyle":"Constant","EasingDirection":"In"},"Right Leg":{"Weight":1,"CFrame":[1.403051495552063,0.4282660484313965,-0.20907461643218995,0.6197435855865479,-0.03546532988548279,0.7840026617050171,0.11646758764982224,0.9920728802680969,-0.04718848317861557,-0.7761141657829285,0.12055565416812897,0.6189612746238709],"EasingStyle":"Constant","EasingDirection":"In"},"Torso":{"Weight":1,"CFrame":[-0.03078998625278473,0.06205107271671295,-0.5897390842437744,0.7594687342643738,-0.6488880515098572,-0.04638572782278061,0.650092363357544,0.7543536424636841,0.09127184003591538,-0.024233950302004815,-0.09947310388088227,0.9947451949119568],"EasingStyle":"Constant","EasingDirection":"In"},"HumanoidRootPart":{"Weight":0,"CFrame":[0,0,0,1,0,0,0,1,0,0,0,1],"EasingStyle":"Linear","EasingDirection":"In"},"Head":{"Weight":1,"CFrame":[6.332993507385254e-8,-1.4901161193847657e-8,-4.172325134277344e-7,0.8935124278068543,0.4463482201099396,-0.049079135060310367,-0.44241246581077578,0.8937606811523438,0.0739121362566948,0.07685555517673493,-0.04432816803455353,0.9960564374923706],"EasingStyle":"Constant","EasingDirection":"In"}}},{"Time":0.24124999344348908,"poses":{"Left Leg":{"Weight":1,"CFrame":[-0.16007252037525178,-0.3262869119644165,0.23450016975402833,0.24457481503486634,-0.6162759065628052,0.7485900521278381,0.904416561126709,0.42334213852882388,0.05303039029240608,-0.34959110617637637,0.6640673279762268,0.6609089970588684],"EasingStyle":"Constant","EasingDirection":"In"},"Right Arm":{"Weight":1,"CFrame":[0.440449059009552,-0.3895813524723053,0.21970534324645997,-0.09531163424253464,-0.7282748222351074,0.6786247491836548,0.9854681491851807,0.0272581297904253,0.16765950620174409,-0.14060021936893464,0.6847428679466248,0.7150936126708984],"EasingStyle":"Constant","EasingDirection":"In"},"Left Arm":{"Weight":1,"CFrame":[-0.6308935880661011,-0.39721259474754336,-0.2457708716392517,-0.4027065634727478,0.09570221602916718,-0.910312294960022,-0.8872535228729248,-0.28523996472358706,0.3625182807445526,-0.22496365010738374,0.9536662697792053,0.19978000223636628],"EasingStyle":"Constant","EasingDirection":"In"},"Right Leg":{"Weight":1,"CFrame":[1.3872307538986207,0.5304765701293945,-0.21963942050933839,0.6141895651817322,-0.08672762662172318,0.7843784093856812,0.14317792654037476,0.9896934032440186,-0.0026833126321434976,-0.7760613560676575,0.11395372450351715,0.6202768683433533],"EasingStyle":"Constant","EasingDirection":"In"},"Torso":{"Weight":1,"CFrame":[-0.00412914901971817,0.029972702264785768,-0.6147379875183106,0.7594687342643738,-0.6504030227661133,-0.01353413425385952,0.6500922441482544,0.7580023407936096,0.05303305760025978,-0.024233952164649965,-0.04907538741827011,0.9985010623931885],"EasingStyle":"Constant","EasingDirection":"In"},"HumanoidRootPart":{"Weight":0,"CFrame":[0,0,0,1,0,0,0,1,0,0,0,1],"EasingStyle":"Linear","EasingDirection":"In"},"Head":{"Weight":1,"CFrame":[6.612390279769898e-8,-1.955777406692505e-8,2.384185791015625e-7,0.8935124278068543,0.4463483989238739,-0.04907914251089096,-0.44241249561309817,0.8937606811523438,0.0739121288061142,0.07685555517673493,-0.04432817921042442,0.9960563778877258],"EasingStyle":"Constant","EasingDirection":"In"}}},{"Time":0.2758333384990692,"poses":{"Left Leg":{"Weight":1,"CFrame":[-0.16007252037525178,-0.3262869119644165,0.23450016975402833,0.24457481503486634,-0.6162759065628052,0.7485900521278381,0.904416561126709,0.42334213852882388,0.05303039029240608,-0.34959110617637637,0.6640673279762268,0.6609089970588684],"EasingStyle":"Constant","EasingDirection":"In"},"Right Arm":{"Weight":1,"CFrame":[0.440449059009552,-0.3895813524723053,0.21970534324645997,-0.09531163424253464,-0.7282748222351074,0.6786247491836548,0.9854681491851807,0.0272581297904253,0.16765950620174409,-0.14060021936893464,0.6847428679466248,0.7150936126708984],"EasingStyle":"Constant","EasingDirection":"In"},"Left Arm":{"Weight":1,"CFrame":[-0.6308935880661011,-0.39721259474754336,-0.2457708716392517,-0.4027065634727478,0.09570221602916718,-0.910312294960022,-0.8872535228729248,-0.28523996472358706,0.3625182807445526,-0.22496365010738374,0.9536662697792053,0.19978000223636628],"EasingStyle":"Constant","EasingDirection":"In"},"Right Leg":{"Weight":1,"CFrame":[1.3872307538986207,0.5304765701293945,-0.21963942050933839,0.6141895651817322,-0.08672762662172318,0.7843784093856812,0.14317792654037476,0.9896934032440186,-0.0026833126321434976,-0.7760613560676575,0.11395372450351715,0.6202768683433533],"EasingStyle":"Constant","EasingDirection":"In"},"Torso":{"Weight":1,"CFrame":[-0.00412914901971817,0.029972702264785768,-0.6147379875183106,0.7594687342643738,-0.6504030227661133,-0.01353413425385952,0.6500922441482544,0.7580023407936096,0.05303305760025978,-0.024233952164649965,-0.04907538741827011,0.9985010623931885],"EasingStyle":"Constant","EasingDirection":"In"},"HumanoidRootPart":{"Weight":0,"CFrame":[0,0,0,1,0,0,0,1,0,0,0,1],"EasingStyle":"Linear","EasingDirection":"In"},"Head":{"Weight":1,"CFrame":[6.612390279769898e-8,-1.955777406692505e-8,2.384185791015625e-7,0.8935124278068543,0.4463483989238739,-0.04907914251089096,-0.44241249561309817,0.8937606811523438,0.0739121288061142,0.07685555517673493,-0.04432817921042442,0.9960563778877258],"EasingStyle":"Constant","EasingDirection":"In"}}},{"Time":0.31041666865348818,"poses":{"Left Leg":{"Weight":1,"CFrame":[-0.16007252037525178,-0.3262869119644165,0.23450016975402833,0.24457481503486634,-0.6162759065628052,0.7485900521278381,0.904416561126709,0.42334213852882388,0.05303039029240608,-0.34959110617637637,0.6640673279762268,0.6609089970588684],"EasingStyle":"Constant","EasingDirection":"In"},"Right Arm":{"Weight":1,"CFrame":[0.440449059009552,-0.3895813524723053,0.21970534324645997,-0.09531163424253464,-0.7282748222351074,0.6786247491836548,0.9854681491851807,0.0272581297904253,0.16765950620174409,-0.14060021936893464,0.6847428679466248,0.7150936126708984],"EasingStyle":"Constant","EasingDirection":"In"},"Left Arm":{"Weight":1,"CFrame":[-0.6308935880661011,-0.39721259474754336,-0.2457708716392517,-0.4027065634727478,0.09570221602916718,-0.910312294960022,-0.8872535228729248,-0.28523996472358706,0.3625182807445526,-0.22496365010738374,0.9536662697792053,0.19978000223636628],"EasingStyle":"Constant","EasingDirection":"In"},"Right Leg":{"Weight":1,"CFrame":[1.3872307538986207,0.5304765701293945,-0.21963942050933839,0.6141895651817322,-0.08672762662172318,0.7843784093856812,0.14317792654037476,0.9896934032440186,-0.0026833126321434976,-0.7760613560676575,0.11395372450351715,0.6202768683433533],"EasingStyle":"Constant","EasingDirection":"In"},"Torso":{"Weight":1,"CFrame":[-0.00412914901971817,0.029972702264785768,-0.6147379875183106,0.7594687342643738,-0.6504030227661133,-0.01353413425385952,0.6500922441482544,0.7580023407936096,0.05303305760025978,-0.024233952164649965,-0.04907538741827011,0.9985010623931885],"EasingStyle":"Constant","EasingDirection":"In"},"HumanoidRootPart":{"Weight":0,"CFrame":[0,0,0,1,0,0,0,1,0,0,0,1],"EasingStyle":"Linear","EasingDirection":"In"},"Head":{"Weight":1,"CFrame":[6.612390279769898e-8,-1.955777406692505e-8,2.384185791015625e-7,0.8935124278068543,0.4463483989238739,-0.04907914251089096,-0.44241249561309817,0.8937606811523438,0.0739121288061142,0.07685555517673493,-0.04432817921042442,0.9960563778877258],"EasingStyle":"Constant","EasingDirection":"In"}}},{"Time":0.3449999988079071,"poses":{"Left Leg":{"Weight":1,"CFrame":[-0.13701415061950684,-0.30930137634277346,0.2115631103515625,0.255445659160614,-0.6128069758415222,0.7478069067001343,0.8914667367935181,0.4486640393733978,0.06314881145954132,-0.3742121160030365,0.6505138278007507,0.6609063744544983],"EasingStyle":"Constant","EasingDirection":"In"},"Right Arm":{"Weight":1,"CFrame":[0.44044896960258486,-0.3895816206932068,0.2197054624557495,-0.1850624680519104,-0.5269110202789307,0.8295280933380127,0.973054051399231,0.019892308861017228,0.22971762716770173,-0.13754189014434815,0.8496876955032349,0.5090315341949463],"EasingStyle":"Constant","EasingDirection":"In"},"Left Arm":{"Weight":1,"CFrame":[-0.6308935880661011,-0.39721283316612246,-0.24577093124389649,-0.42644330859184267,0.286604106426239,-0.8579069972038269,-0.8911032676696777,-0.2958417534828186,0.34411150217056277,-0.1551809310913086,0.9112275838851929,0.38155341148376467],"EasingStyle":"Constant","EasingDirection":"In"},"Right Leg":{"Weight":1,"CFrame":[1.3873618841171265,0.47152966260910036,-0.211215078830719,0.6154608726501465,-0.07560146600008011,0.7845333218574524,0.1402379274368286,0.9900099635124207,-0.014613552950322628,-0.7755909562110901,0.11901538074016571,0.6199145317077637],"EasingStyle":"Constant","EasingDirection":"In"},"Torso":{"Weight":1,"CFrame":[-0.011671725660562516,0.04018521308898926,-0.5771574974060059,0.7594687342643738,-0.6501609683036804,-0.022315412759780885,0.6500923037528992,0.7572171092033386,0.0632636696100235,-0.024233950302004815,-0.06255385279655457,0.9977474212646484],"EasingStyle":"Constant","EasingDirection":"In"},"HumanoidRootPart":{"Weight":0,"CFrame":[0,0,0,1,0,0,0,1,0,0,0,1],"EasingStyle":"Linear","EasingDirection":"In"},"Head":{"Weight":1,"CFrame":[8.381903171539307e-8,-1.30385160446167e-8,0,0.8935123682022095,0.4463483393192291,-0.04907911643385887,-0.44241243600845339,0.8937607407569885,0.07391219586133957,0.07685555517673493,-0.04432826489210129,0.9960564374923706],"EasingStyle":"Constant","EasingDirection":"In"}}},{"Time":0.3791666626930237,"poses":{"Left Leg":{"Weight":1,"CFrame":[-0.13701415061950684,-0.30930137634277346,0.2115631103515625,0.255445659160614,-0.6128069758415222,0.7478069067001343,0.8914667367935181,0.4486640393733978,0.06314881145954132,-0.3742121160030365,0.6505138278007507,0.6609063744544983],"EasingStyle":"Constant","EasingDirection":"In"},"Right Arm":{"Weight":1,"CFrame":[0.44044896960258486,-0.3895816206932068,0.2197054624557495,-0.1850624680519104,-0.5269110202789307,0.8295280933380127,0.973054051399231,0.019892308861017228,0.22971762716770173,-0.13754189014434815,0.8496876955032349,0.5090315341949463],"EasingStyle":"Constant","EasingDirection":"In"},"Left Arm":{"Weight":1,"CFrame":[-0.6308935880661011,-0.39721283316612246,-0.24577093124389649,-0.42644330859184267,0.286604106426239,-0.8579069972038269,-0.8911032676696777,-0.2958417534828186,0.34411150217056277,-0.1551809310913086,0.9112275838851929,0.38155341148376467],"EasingStyle":"Constant","EasingDirection":"In"},"Right Leg":{"Weight":1,"CFrame":[1.3873618841171265,0.47152966260910036,-0.211215078830719,0.6154608726501465,-0.07560146600008011,0.7845333218574524,0.1402379274368286,0.9900099635124207,-0.014613552950322628,-0.7755909562110901,0.11901538074016571,0.6199145317077637],"EasingStyle":"Constant","EasingDirection":"In"},"Torso":{"Weight":1,"CFrame":[-0.011671725660562516,0.04018521308898926,-0.5771574974060059,0.7594687342643738,-0.6501609683036804,-0.022315412759780885,0.6500923037528992,0.7572171092033386,0.0632636696100235,-0.024233950302004815,-0.06255385279655457,0.9977474212646484],"EasingStyle":"Constant","EasingDirection":"In"},"HumanoidRootPart":{"Weight":0,"CFrame":[0,0,0,1,0,0,0,1,0,0,0,1],"EasingStyle":"Linear","EasingDirection":"In"},"Head":{"Weight":1,"CFrame":[8.381903171539307e-8,-1.30385160446167e-8,0,0.8935123682022095,0.4463483393192291,-0.04907911643385887,-0.44241243600845339,0.8937607407569885,0.07391219586133957,0.07685555517673493,-0.04432826489210129,0.9960564374923706],"EasingStyle":"Constant","EasingDirection":"In"}}},{"Time":0.4137499928474426,"poses":{"Left Leg":{"Weight":1,"CFrame":[-0.13701415061950684,-0.30930137634277346,0.2115631103515625,0.255445659160614,-0.6128069758415222,0.7478069067001343,0.8914667367935181,0.4486640393733978,0.06314881145954132,-0.3742121160030365,0.6505138278007507,0.6609063744544983],"EasingStyle":"Constant","EasingDirection":"In"},"Right Arm":{"Weight":1,"CFrame":[0.44044896960258486,-0.3895816206932068,0.2197054624557495,-0.1850624680519104,-0.5269110202789307,0.8295280933380127,0.973054051399231,0.019892308861017228,0.22971762716770173,-0.13754189014434815,0.8496876955032349,0.5090315341949463],"EasingStyle":"Constant","EasingDirection":"In"},"Left Arm":{"Weight":1,"CFrame":[-0.6308935880661011,-0.39721283316612246,-0.24577093124389649,-0.42644330859184267,0.286604106426239,-0.8579069972038269,-0.8911032676696777,-0.2958417534828186,0.34411150217056277,-0.1551809310913086,0.9112275838851929,0.38155341148376467],"EasingStyle":"Constant","EasingDirection":"In"},"Right Leg":{"Weight":1,"CFrame":[1.3873618841171265,0.47152966260910036,-0.211215078830719,0.6154608726501465,-0.07560146600008011,0.7845333218574524,0.1402379274368286,0.9900099635124207,-0.014613552950322628,-0.7755909562110901,0.11901538074016571,0.6199145317077637],"EasingStyle":"Constant","EasingDirection":"In"},"Torso":{"Weight":1,"CFrame":[-0.011671725660562516,0.04018521308898926,-0.5771574974060059,0.7594687342643738,-0.6501609683036804,-0.022315412759780885,0.6500923037528992,0.7572171092033386,0.0632636696100235,-0.024233950302004815,-0.06255385279655457,0.9977474212646484],"EasingStyle":"Constant","EasingDirection":"In"},"HumanoidRootPart":{"Weight":0,"CFrame":[0,0,0,1,0,0,0,1,0,0,0,1],"EasingStyle":"Linear","EasingDirection":"In"},"Head":{"Weight":1,"CFrame":[8.381903171539307e-8,-1.30385160446167e-8,0,0.8935123682022095,0.4463483393192291,-0.04907911643385887,-0.44241243600845339,0.8937607407569885,0.07391219586133957,0.07685555517673493,-0.04432826489210129,0.9960564374923706],"EasingStyle":"Constant","EasingDirection":"In"}}},{"Time":0.44833332300186159,"poses":{"Left Leg":{"Weight":1,"CFrame":[-0.13701415061950684,-0.30930137634277346,0.2115631103515625,0.255445659160614,-0.6128069758415222,0.7478069067001343,0.8914667367935181,0.4486640393733978,0.06314881145954132,-0.3742121160030365,0.6505138278007507,0.6609063744544983],"EasingStyle":"Constant","EasingDirection":"In"},"Right Arm":{"Weight":1,"CFrame":[0.44044896960258486,-0.3895816206932068,0.2197054624557495,-0.1850624680519104,-0.5269110202789307,0.8295280933380127,0.973054051399231,0.019892308861017228,0.22971762716770173,-0.13754189014434815,0.8496876955032349,0.5090315341949463],"EasingStyle":"Constant","EasingDirection":"In"},"Left Arm":{"Weight":1,"CFrame":[-0.6308935880661011,-0.39721283316612246,-0.24577093124389649,-0.42644330859184267,0.286604106426239,-0.8579069972038269,-0.8911032676696777,-0.2958417534828186,0.34411150217056277,-0.1551809310913086,0.9112275838851929,0.38155341148376467],"EasingStyle":"Constant","EasingDirection":"In"},"Right Leg":{"Weight":1,"CFrame":[1.3873618841171265,0.47152966260910036,-0.211215078830719,0.6154608726501465,-0.07560146600008011,0.7845333218574524,0.1402379274368286,0.9900099635124207,-0.014613552950322628,-0.7755909562110901,0.11901538074016571,0.6199145317077637],"EasingStyle":"Constant","EasingDirection":"In"},"Torso":{"Weight":1,"CFrame":[-0.011671725660562516,0.04018521308898926,-0.5771574974060059,0.7594687342643738,-0.6501609683036804,-0.022315412759780885,0.6500923037528992,0.7572171092033386,0.0632636696100235,-0.024233950302004815,-0.06255385279655457,0.9977474212646484],"EasingStyle":"Constant","EasingDirection":"In"},"HumanoidRootPart":{"Weight":0,"CFrame":[0,0,0,1,0,0,0,1,0,0,0,1],"EasingStyle":"Linear","EasingDirection":"In"},"Head":{"Weight":1,"CFrame":[8.381903171539307e-8,-1.30385160446167e-8,0,0.8935123682022095,0.4463483393192291,-0.04907911643385887,-0.44241243600845339,0.8937607407569885,0.07391219586133957,0.07685555517673493,-0.04432826489210129,0.9960564374923706],"EasingStyle":"Constant","EasingDirection":"In"}}},{"Time":0.4829166531562805,"poses":{"Left Leg":{"Weight":1,"CFrame":[-0.06802183389663696,-0.261942982673645,0.14730286598205567,0.2571081221103668,-0.6189946532249451,0.742119312286377,0.8637504577636719,0.49159130454063418,0.11078423261642456,-0.4333942234516144,0.612522304058075,0.6610490679740906],"EasingStyle":"Constant","EasingDirection":"In"},"Right Arm":{"Weight":1,"CFrame":[0.4404491186141968,-0.389581561088562,0.2197054624557495,-0.5499163866043091,-0.34963175654411318,0.7585180401802063,0.8259721398353577,-0.3624207675457001,0.43176528811454775,0.12394377589225769,0.8639495968818665,0.48808717727661135],"EasingStyle":"Constant","EasingDirection":"In"},"Left Arm":{"Weight":1,"CFrame":[-0.6308936476707459,-0.3972129225730896,-0.2457708716392517,-0.2563735544681549,0.11973027139902115,-0.9591336250305176,-0.9641581773757935,0.038491152226924899,0.26252150535583498,0.06834996491670609,0.9920600056648254,0.10557060688734055],"EasingStyle":"Constant","EasingDirection":"In"},"Right Leg":{"Weight":1,"CFrame":[1.3627971410751343,0.2853248715400696,-0.15776759386062623,0.6221809387207031,-0.034842852503061298,0.7820978760719299,0.1393294483423233,0.9879887104034424,-0.06682521849870682,-0.7703753709793091,0.15054665505886079,0.6195623874664307],"EasingStyle":"Constant","EasingDirection":"In"},"Torso":{"Weight":1,"CFrame":[-0.051581934094429019,0.08983169496059418,-0.49610471725463869,0.7594687938690186,-0.6473405957221985,-0.06447748839855194,0.6500922441482544,0.7515125870704651,0.11228955537080765,-0.02423393726348877,-0.12719672918319703,0.9915814399719238],"EasingStyle":"Constant","EasingDirection":"In"},"HumanoidRootPart":{"Weight":0,"CFrame":[0,0,0,1,0,0,0,1,0,0,0,1],"EasingStyle":"Linear","EasingDirection":"In"},"Head":{"Weight":1,"CFrame":[8.195638656616211e-8,-2.2351741790771486e-8,1.1920928955078126e-7,0.8935123682022095,0.44634827971458437,-0.04907914996147156,-0.44241246581077578,0.8937606811523438,0.07391214370727539,0.07685556262731552,-0.04432818293571472,0.9960564374923706],"EasingStyle":"Constant","EasingDirection":"In"}}},{"Time":0.5170833468437195,"poses":{"Left Leg":{"Weight":1,"CFrame":[-0.06802183389663696,-0.261942982673645,0.14730286598205567,0.2571081221103668,-0.6189946532249451,0.742119312286377,0.8637504577636719,0.49159130454063418,0.11078423261642456,-0.4333942234516144,0.612522304058075,0.6610490679740906],"EasingStyle":"Constant","EasingDirection":"In"},"Right Arm":{"Weight":1,"CFrame":[0.4404491186141968,-0.389581561088562,0.2197054624557495,-0.5499163866043091,-0.34963175654411318,0.7585180401802063,0.8259721398353577,-0.3624207675457001,0.43176528811454775,0.12394377589225769,0.8639495968818665,0.48808717727661135],"EasingStyle":"Constant","EasingDirection":"In"},"Left Arm":{"Weight":1,"CFrame":[-0.6308936476707459,-0.3972129225730896,-0.2457708716392517,-0.2563735544681549,0.11973027139902115,-0.9591336250305176,-0.9641581773757935,0.038491152226924899,0.26252150535583498,0.06834996491670609,0.9920600056648254,0.10557060688734055],"EasingStyle":"Constant","EasingDirection":"In"},"Right Leg":{"Weight":1,"CFrame":[1.3627971410751343,0.2853248715400696,-0.15776759386062623,0.6221809387207031,-0.034842852503061298,0.7820978760719299,0.1393294483423233,0.9879887104034424,-0.06682521849870682,-0.7703753709793091,0.15054665505886079,0.6195623874664307],"EasingStyle":"Constant","EasingDirection":"In"},"Torso":{"Weight":1,"CFrame":[-0.051581934094429019,0.08983169496059418,-0.49610471725463869,0.7594687938690186,-0.6473405957221985,-0.06447748839855194,0.6500922441482544,0.7515125870704651,0.11228955537080765,-0.02423393726348877,-0.12719672918319703,0.9915814399719238],"EasingStyle":"Constant","EasingDirection":"In"},"HumanoidRootPart":{"Weight":0,"CFrame":[0,0,0,1,0,0,0,1,0,0,0,1],"EasingStyle":"Linear","EasingDirection":"In"},"Head":{"Weight":1,"CFrame":[8.195638656616211e-8,-2.2351741790771486e-8,1.1920928955078126e-7,0.8935123682022095,0.44634827971458437,-0.04907914996147156,-0.44241246581077578,0.8937606811523438,0.07391214370727539,0.07685556262731552,-0.04432818293571472,0.9960564374923706],"EasingStyle":"Constant","EasingDirection":"In"}}},{"Time":0.5516666769981384,"poses":{"Left Leg":{"Weight":1,"CFrame":[-0.06802183389663696,-0.261942982673645,0.14730286598205567,0.2571081221103668,-0.6189946532249451,0.742119312286377,0.8637504577636719,0.49159130454063418,0.11078423261642456,-0.4333942234516144,0.612522304058075,0.6610490679740906],"EasingStyle":"Constant","EasingDirection":"In"},"Right Arm":{"Weight":1,"CFrame":[0.4404491186141968,-0.389581561088562,0.2197054624557495,-0.5499163866043091,-0.34963175654411318,0.7585180401802063,0.8259721398353577,-0.3624207675457001,0.43176528811454775,0.12394377589225769,0.8639495968818665,0.48808717727661135],"EasingStyle":"Constant","EasingDirection":"In"},"Left Arm":{"Weight":1,"CFrame":[-0.6308936476707459,-0.3972129225730896,-0.2457708716392517,-0.2563735544681549,0.11973027139902115,-0.9591336250305176,-0.9641581773757935,0.038491152226924899,0.26252150535583498,0.06834996491670609,0.9920600056648254,0.10557060688734055],"EasingStyle":"Constant","EasingDirection":"In"},"Right Leg":{"Weight":1,"CFrame":[1.3627971410751343,0.2853248715400696,-0.15776759386062623,0.6221809387207031,-0.034842852503061298,0.7820978760719299,0.1393294483423233,0.9879887104034424,-0.06682521849870682,-0.7703753709793091,0.15054665505886079,0.6195623874664307],"EasingStyle":"Constant","EasingDirection":"In"},"Torso":{"Weight":1,"CFrame":[-0.051581934094429019,0.08983169496059418,-0.49610471725463869,0.7594687938690186,-0.6473405957221985,-0.06447748839855194,0.6500922441482544,0.7515125870704651,0.11228955537080765,-0.02423393726348877,-0.12719672918319703,0.9915814399719238],"EasingStyle":"Constant","EasingDirection":"In"},"HumanoidRootPart":{"Weight":0,"CFrame":[0,0,0,1,0,0,0,1,0,0,0,1],"EasingStyle":"Linear","EasingDirection":"In"},"Head":{"Weight":1,"CFrame":[8.195638656616211e-8,-2.2351741790771486e-8,1.1920928955078126e-7,0.8935123682022095,0.44634827971458437,-0.04907914996147156,-0.44241246581077578,0.8937606811523438,0.07391214370727539,0.07685556262731552,-0.04432818293571472,0.9960564374923706],"EasingStyle":"Constant","EasingDirection":"In"}}},{"Time":0.5862500071525574,"poses":{"Left Leg":{"Weight":1,"CFrame":[-0.12288664281368256,-0.30974912643432619,0.21258997917175294,0.21375609934329987,-0.631644070148468,0.7452076077461243,0.9021676778793335,0.4202413558959961,0.09742125868797302,-0.374702513217926,0.6514776349067688,0.6596778631210327],"EasingStyle":"Constant","EasingDirection":"In"},"Right Arm":{"Weight":1,"CFrame":[0.440449059009552,-0.38958197832107546,0.2197054624557495,-0.3080267012119293,-0.5763125419616699,0.7569568753242493,0.9513101577758789,-0.19606204330921174,0.23784171044826508,0.01133935060352087,0.7933622598648071,0.6086441874504089],"EasingStyle":"Constant","EasingDirection":"In"},"Left Arm":{"Weight":1,"CFrame":[-0.6308936476707459,-0.39721325039863589,-0.2457708716392517,-0.37228497862815859,0.0765790268778801,-0.924953818321228,-0.8945210576057434,0.23610998690128327,0.3795841932296753,0.24745900928974152,0.9687041640281677,-0.01939885877072811],"EasingStyle":"Constant","EasingDirection":"In"},"Right Leg":{"Weight":1,"CFrame":[1.403051495552063,0.4282660484313965,-0.20907461643218995,0.6197435855865479,-0.03546532988548279,0.7840026617050171,0.11646758764982224,0.9920728802680969,-0.04718848317861557,-0.7761141657829285,0.12055565416812897,0.6189612746238709],"EasingStyle":"Constant","EasingDirection":"In"},"Torso":{"Weight":1,"CFrame":[-0.03078998625278473,0.06205107271671295,-0.5897390842437744,0.7594687342643738,-0.6488880515098572,-0.04638572782278061,0.650092363357544,0.7543536424636841,0.09127184003591538,-0.024233950302004815,-0.09947310388088227,0.9947451949119568],"EasingStyle":"Constant","EasingDirection":"In"},"HumanoidRootPart":{"Weight":0,"CFrame":[0,0,0,1,0,0,0,1,0,0,0,1],"EasingStyle":"Linear","EasingDirection":"In"},"Head":{"Weight":1,"CFrame":[6.332993507385254e-8,-1.4901161193847657e-8,-4.172325134277344e-7,0.8935124278068543,0.4463482201099396,-0.049079135060310367,-0.44241246581077578,0.8937606811523438,0.0739121362566948,0.07685555517673493,-0.04432816803455353,0.9960564374923706],"EasingStyle":"Constant","EasingDirection":"In"}}},{"Time":0.6208333373069763,"poses":{"Left Leg":{"Weight":1,"CFrame":[-0.12288664281368256,-0.30974912643432619,0.21258997917175294,0.21375609934329987,-0.631644070148468,0.7452076077461243,0.9021676778793335,0.4202413558959961,0.09742125868797302,-0.374702513217926,0.6514776349067688,0.6596778631210327],"EasingStyle":"Constant","EasingDirection":"In"},"Right Arm":{"Weight":1,"CFrame":[0.440449059009552,-0.38958197832107546,0.2197054624557495,-0.3080267012119293,-0.5763125419616699,0.7569568753242493,0.9513101577758789,-0.19606204330921174,0.23784171044826508,0.01133935060352087,0.7933622598648071,0.6086441874504089],"EasingStyle":"Constant","EasingDirection":"In"},"Left Arm":{"Weight":1,"CFrame":[-0.6308936476707459,-0.39721325039863589,-0.2457708716392517,-0.37228497862815859,0.0765790268778801,-0.924953818321228,-0.8945210576057434,0.23610998690128327,0.3795841932296753,0.24745900928974152,0.9687041640281677,-0.01939885877072811],"EasingStyle":"Constant","EasingDirection":"In"},"Right Leg":{"Weight":1,"CFrame":[1.403051495552063,0.4282660484313965,-0.20907461643218995,0.6197435855865479,-0.03546532988548279,0.7840026617050171,0.11646758764982224,0.9920728802680969,-0.04718848317861557,-0.7761141657829285,0.12055565416812897,0.6189612746238709],"EasingStyle":"Constant","EasingDirection":"In"},"Torso":{"Weight":1,"CFrame":[-0.03078998625278473,0.06205107271671295,-0.5897390842437744,0.7594687342643738,-0.6488880515098572,-0.04638572782278061,0.650092363357544,0.7543536424636841,0.09127184003591538,-0.024233950302004815,-0.09947310388088227,0.9947451949119568],"EasingStyle":"Constant","EasingDirection":"In"},"HumanoidRootPart":{"Weight":0,"CFrame":[0,0,0,1,0,0,0,1,0,0,0,1],"EasingStyle":"Linear","EasingDirection":"In"},"Head":{"Weight":1,"CFrame":[6.332993507385254e-8,-1.4901161193847657e-8,-4.172325134277344e-7,0.8935124278068543,0.4463482201099396,-0.049079135060310367,-0.44241246581077578,0.8937606811523438,0.0739121362566948,0.07685555517673493,-0.04432816803455353,0.9960564374923706],"EasingStyle":"Constant","EasingDirection":"In"}}},{"Time":0.6549999713897705,"poses":{"Left Leg":{"Weight":1,"CFrame":[-0.12288664281368256,-0.30974912643432619,0.21258997917175294,0.21375609934329987,-0.631644070148468,0.7452076077461243,0.9021676778793335,0.4202413558959961,0.09742125868797302,-0.374702513217926,0.6514776349067688,0.6596778631210327],"EasingStyle":"Constant","EasingDirection":"In"},"Right Arm":{"Weight":1,"CFrame":[0.440449059009552,-0.38958197832107546,0.2197054624557495,-0.3080267012119293,-0.5763125419616699,0.7569568753242493,0.9513101577758789,-0.19606204330921174,0.23784171044826508,0.01133935060352087,0.7933622598648071,0.608644187450408