{"Sequence":[{"Time":0,"poses":{"Left Leg":{"Weight":1,"CFrame":[-0.8698902726173401,0.11403512954711914,0.06691908836364746,0.9547141790390015,-0.234261155128479,0.18341916799545289,0.22394849359989167,0.9716836810112,0.07535158097743988,-0.19587740302085877,-0.030862798914313318,0.9801427125930786],"EasingStyle":"Linear","EasingDirection":"In"},"Right Arm":{"Weight":1,"CFrame":[0.06083118915557861,-0.35681813955307009,0.1326158046722412,0.6347600817680359,-0.6117119789123535,0.472110390663147,0.5118404626846314,0.7905756235122681,0.33616870641708376,-0.5788774490356445,0.02825857326388359,0.8149248361587524],"EasingStyle":"Linear","EasingDirection":"In"},"Head":{"Weight":1,"CFrame":[8.742280499518529e-8,0,0,1,-3.730726305661847e-8,8.338376034089379e-8,6.063589097493605e-8,0.9537991285324097,-0.3004453778266907,-6.832254939581617e-8,0.3004453778266907,0.9537991285324097],"EasingStyle":"Linear","EasingDirection":"In"},"Right Leg":{"Weight":1,"CFrame":[0.8854523301124573,0.1158294677734375,0.037830233573913577,0.9586573243141174,0.23631557822227479,-0.1585276871919632,-0.22573155164718629,0.9707320928573608,0.08200390636920929,0.17326675355434419,-0.04282902553677559,0.9839433431625366],"EasingStyle":"Linear","EasingDirection":"In"},"Torso":{"Weight":1,"CFrame":[0,1.332552433013916,-0.38109445571899416,1,0,-8.742277657347586e-8,2.500729934240553e-8,0.9582146406173706,0.2860501706600189,8.376978399837754e-8,-0.2860501706600189,0.9582146406173706],"EasingStyle":"Linear","EasingDirection":"In"},"HumanoidRootPart":{"Weight":1,"CFrame":[0,0,0,1,0,0,0,1,0,0,0,1],"EasingStyle":"Linear","EasingDirection":"In"},"Left Arm":{"Weight":1,"CFrame":[-0.05730760097503662,-0.35603392124176028,0.13263583183288575,0.631352424621582,0.61684650182724,-0.46999430656433108,-0.5171096920967102,0.7865161299705505,0.3376239240169525,0.5779201984405518,0.029878921806812288,0.8155460953712463],"EasingStyle":"Linear","EasingDirection":"In"}}},{"Time":0.03333333507180214,"poses":{"Left Leg":{"Weight":1,"CFrame":[-0.8698621988296509,0.11411666870117188,0.06691873073577881,0.9547384977340698,-0.23415669798851014,0.18342608213424684,0.22384588420391084,0.9717088937759399,0.075331911444664,-0.19587624073028565,-0.03086310438811779,0.9801428318023682],"EasingStyle":"Linear","EasingDirection":"In"},"Right Arm":{"Weight":1,"CFrame":[0.06080049276351929,-0.35680437088012698,0.1326158046722412,0.6346846222877502,-0.6118292212486267,0.47205978631973269,0.5119650959968567,0.7904835343360901,0.33619579672813418,-0.5788499712944031,0.028299696743488313,0.8149428963661194],"EasingStyle":"Linear","EasingDirection":"In"},"Head":{"Weight":1,"CFrame":[8.742277657347586e-8,-5.960464477539063e-8,2.384185791015625e-7,1,-3.732541742351714e-8,8.338948020991666e-8,6.064004054451289e-8,0.9538644552230835,-0.3002376854419708,-6.833575838527395e-8,0.3002376854419708,0.9538644552230835],"EasingStyle":"Linear","EasingDirection":"In"},"Right Leg":{"Weight":1,"CFrame":[0.8854241967201233,0.1159125566482544,0.03782927989959717,0.9586818218231201,0.23621122539043427,-0.15853498876094819,-0.22562851011753083,0.9707574248313904,0.08198723196983338,0.17326536774635316,-0.04282970726490021,0.983943521976471],"EasingStyle":"Linear","EasingDirection":"In"},"Torso":{"Weight":1,"CFrame":[0,1.3324863910675049,-0.3810746669769287,1,0,-8.742277657347586e-8,2.5000089109994407e-8,0.9582392573356628,0.2859676778316498,8.377193694286689e-8,-0.2859676778316498,0.9582392573356628],"EasingStyle":"Linear","EasingDirection":"In"},"HumanoidRootPart":{"Weight":1,"CFrame":[0,0,0,1,0,0,0,1,0,0,0,1],"EasingStyle":"Linear","EasingDirection":"In"},"Left Arm":{"Weight":1,"CFrame":[-0.05834949016571045,-0.3562658429145813,0.1326298713684082,0.6323630809783936,0.6153307557106018,-0.47062212228775027,-0.5155562162399292,0.7877204418182373,0.337191641330719,0.5782029628753662,0.029404588043689729,0.8153628706932068],"EasingStyle":"Linear","EasingDirection":"In"}}},{"Time":0.06666667014360428,"poses":{"Left Leg":{"Weight":1,"CFrame":[-0.8697789907455444,0.1143571138381958,0.06691765785217285,0.9548101425170898,-0.23384839296340943,0.1834464967250824,0.22354313731193543,0.9717831015586853,0.07527369260787964,-0.19587287306785584,-0.03086390532553196,0.9801434874534607],"EasingStyle":"Linear","EasingDirection":"In"},"Right Arm":{"Weight":1,"CFrame":[0.06070941686630249,-0.35676348209381106,0.1326158046722412,0.6344612240791321,-0.6121758222579956,0.4719108045101166,0.5123335719108582,0.7902107834815979,0.3362756073474884,-0.578768789768219,0.028421863913536073,0.8149963021278381],"EasingStyle":"Linear","EasingDirection":"In"},"Head":{"Weight":1,"CFrame":[8.742275525719379e-8,5.960464477539063e-8,-1.1920928955078126e-7,1,-3.7378409700750129e-8,8.340614243707023e-8,6.065216950901231e-8,0.9540550708770752,-0.2996314764022827,-6.837429822326158e-8,0.2996314764022827,0.9540550708770752],"EasingStyle":"Linear","EasingDirection":"In"},"Right Leg":{"Weight":1,"CFrame":[0.8853411078453064,0.11615860462188721,0.0378262996673584,0.9587539434432983,0.23590344190597535,-0.15855690836906434,-0.2253246009349823,0.970832109451294,0.08193786442279816,0.17326156795024873,-0.04283148795366287,0.9839441180229187],"EasingStyle":"Linear","EasingDirection":"In"},"Torso":{"Weight":1,"CFrame":[0,1.332291603088379,-0.38101649284362795,1,0,-8.742277657347586e-8,2.4978797696917355e-8,0.958311915397644,0.28572413325309756,8.377828919492458e-8,-0.28572413325309756,0.958311915397644],"EasingStyle":"Linear","EasingDirection":"In"},"HumanoidRootPart":{"Weight":1,"CFrame":[0,0,0,1,0,0,0,1,0,0,0,1],"EasingStyle":"Linear","EasingDirection":"In"},"Left Arm":{"Weight":1,"CFrame":[-0.05922079086303711,-0.3564600348472595,0.13262498378753663,0.6332061886787415,0.6140617728233337,-0.4711456894874573,-0.5142545700073242,0.7887248992919922,0.3368312120437622,0.5784394145011902,0.029005177319049836,0.8152094483375549],"EasingStyle":"Linear","EasingDirection":"In"}}},{"Time":0.10000000149011612,"poses":{"Left Leg":{"Weight":1,"CFrame":[-0.8696425557136536,0.11475104093551636,0.06691586971282959,0.9549271464347839,-0.2333434820175171,0.1834798902273178,0.2230471521615982,0.971904456615448,0.07517839968204498,-0.19586728513240815,-0.03086520917713642,0.9801445603370667],"EasingStyle":"Linear","EasingDirection":"In"},"Right Arm":{"Weight":1,"CFrame":[0.06056034564971924,-0.3566961884498596,0.1326158046722412,0.6340948939323425,-0.6127433180809021,0.47166648507118227,0.5129367709159851,0.7897635102272034,0.3364066183567047,-0.5786359310150147,0.02862129732966423,0.8150836229324341],"EasingStyle":"Linear","EasingDirection":"In"},"Head":{"Weight":1,"CFrame":[8.742280499518529e-8,-5.960464477539063e-8,2.384185791015625e-7,1,-3.74641331291059e-8,8.343301516333668e-8,6.067170232881836e-8,0.9543625116348267,-0.29865095019340517,-6.843663413746981e-8,0.29865097999572756,0.9543625116348267],"EasingStyle":"Linear","EasingDirection":"In"},"Right Leg":{"Weight":1,"CFrame":[0.8852046132087708,0.11656075716018677,0.03782153129577637,0.9588720202445984,0.2353992611169815,-0.15859262645244599,-0.22482675313949586,0.970954418182373,0.08185698837041855,0.1732553243637085,-0.0428345687687397,0.9839450716972351],"EasingStyle":"Linear","EasingDirection":"In"},"Torso":{"Weight":1,"CFrame":[0,1.331972599029541,-0.3809216022491455,1,0,-8.742277657347586e-8,2.4943942023014644e-8,0.9584307074546814,0.28532543778419497,8.378867022429404e-8,-0.28532543778419497,0.9584307074546814],"EasingStyle":"Linear","EasingDirection":"In"},"HumanoidRootPart":{"Weight":1,"CFrame":[0,0,0,1,0,0,0,1,0,0,0,1],"EasingStyle":"Linear","EasingDirection":"In"},"Left Arm":{"Weight":1,"CFrame":[-0.05991286039352417,-0.3566141724586487,0.13262104988098145,0.6338748931884766,0.6130524277687073,-0.4715609550476074,-0.513218343257904,0.7895212769508362,0.3365456163883209,0.5786274075508118,0.02868584543466568,0.8150874376296997],"EasingStyle":"Linear","EasingDirection":"In"}}},{"Time":0.13333334028720857,"poses":{"Left Leg":{"Weight":1,"CFrame":[-0.8694543838500977,0.11529219150543213,0.06691348552703858,0.9550878405570984,-0.2326490879058838,0.18352581560611726,0.22236517071723939,0.9720708131790161,0.07504734396934509,-0.19585980474948884,-0.03086703084409237,0.980146050453186],"EasingStyle":"Linear","EasingDirection":"In"},"Right Arm":{"Weight":1,"CFrame":[0.060355424880981448,-0.356603741645813,0.1326158046722412,0.633590579032898,-0.6135230660438538,0.471330463886261,0.5137655138969421,0.7891479134559631,0.3365865647792816,-0.5784531235694885,0.02889518067240715,0.8152036666870117],"EasingStyle":"Linear","EasingDirection":"In"},"Head":{"Weight":1,"CFrame":[8.742279078433057e-8,-5.960464477539063e-8,-1.1920928955078126e-7,1,-3.7580381473389937e-8,8.346929547542459e-8,6.069809188602449e-8,0.9547775387763977,-0.2973212003707886,-6.852116740674319e-8,0.2973212003707886,0.9547775387763977],"EasingStyle":"Linear","EasingDirection":"In"},"Right Leg":{"Weight":1,"CFrame":[0.8850165605545044,0.11711388826370239,0.037814974784851077,0.9590337872505188,0.23470589518547059,-0.1586417704820633,-0.22414200007915498,0.9711220860481262,0.08174585551023483,0.17324680089950562,-0.04283883050084114,0.9839463233947754],"EasingStyle":"Linear","EasingDirection":"In"},"Torso":{"Weight":1,"CFrame":[0,1.3315341472625733,-0.38079118728637698,1,0,-8.742277657347586e-8,2.4896015915487625e-8,0.9585937261581421,0.2847772240638733,8.380292371157339e-8,-0.2847772240638733,0.9585937261581421],"EasingStyle":"Linear","EasingDirection":"In"},"HumanoidRootPart":{"Weight":1,"CFrame":[0,0,0,1,0,0,0,1,0,0,0,1],"EasingStyle":"Linear","EasingDirection":"In"},"Left Arm":{"Weight":1,"CFrame":[-0.06041759252548218,-0.3567265272140503,0.13261818885803224,0.6343615055084229,0.6123160719871521,-0.4718630909919739,-0.5124617218971252,0.7901010513305664,0.3363380432128906,0.5787646174430847,0.028451837599277498,0.8149981498718262],"EasingStyle":"Linear","EasingDirection":"In"}}},{"Time":0.1666666716337204,"poses":{"Left Leg":{"Weight":1,"CFrame":[-0.8692158460617065,0.11597496271133423,0.06691038608551026,0.9552897810935974,-0.23177242279052735,0.1835835874080658,0.2215041220188141,0.9722800850868225,0.07488187402486801,-0.19585023820400239,-0.03086935169994831,0.9801478981971741],"EasingStyle":"Linear","EasingDirection":"In"},"Right Arm":{"Weight":1,"CFrame":[0.06009620428085327,-0.35648685693740847,0.1326158046722412,0.632952868938446,-0.6145066618919373,0.4709058403968811,0.5148108601570129,0.7883695363998413,0.3368132710456848,-0.5782219171524048,0.0292404405772686,0.8153554201126099],"EasingStyle":"Linear","EasingDirection":"In"},"Head":{"Weight":1,"CFrame":[8.742277657347586e-8,1.1920928955078126e-7,1.1920928955078126e-7,1,-3.772505152710437e-8,8.35142230926067e-8,6.073075553558738e-8,0.9552913308143616,-0.29566633701324465,-6.862637746962719e-8,0.29566633701324465,0.9552913308143616],"EasingStyle":"Linear","EasingDirection":"In"},"Right Leg":{"Weight":1,"CFrame":[0.8847780227661133,0.11781138181686402,0.03780663013458252,0.9592374563217163,0.23383046686649323,-0.15870356559753419,-0.22327755391597749,0.9713329672813416,0.08160555362701416,0.1732359230518341,-0.042844194918870929,0.9839479923248291],"EasingStyle":"Linear","EasingDirection":"In"},"Torso":{"Weight":1,"CFrame":[0,1.3309805393218995,-0.3806266784667969,1,0,-8.742277657347586e-8,2.4835534517819725e-8,0.9587990045547485,0.28408539295196535,8.382087202107869e-8,-0.28408539295196535,0.9587990045547485],"EasingStyle":"Linear","EasingDirection":"In"},"HumanoidRootPart":{"Weight":1,"CFrame":[0,0,0,1,0,0,0,1,0,0,0,1],"EasingStyle":"Linear","EasingDirection":"In"},"Left Arm":{"Weight":1,"CFrame":[-0.06072622537612915,-0.356795072555542,0.13261640071868897,0.6346593499183655,0.6118649244308472,-0.47204768657684328,-0.5119979381561279,0.7904555797576904,0.3362113833427429,0.5788484811782837,0.028307713568210603,0.8149436116218567],"EasingStyle":"Linear","EasingDirection":"In"}}},{"Time":0.20000000298023225,"poses":{"Left Leg":{"Weight":1,"CFrame":[-0.8689286112785339,0.11679267883300781,0.06690657138824463,0.9555312395095825,-0.2307204157114029,0.18365271389484406,0.2204708606004715,0.9725302457809448,0.07468332350254059,-0.19583876430988313,-0.030872194096446039,0.980150043964386],"EasingStyle":"Linear","EasingDirection":"In"},"Right Arm":{"Weight":1,"CFrame":[0.059785664081573489,-0.3563469648361206,0.1326158046722412,0.6321859359741211,-0.6156851649284363,0.47039636969566347,0.5160635709762573,0.7874342203140259,0.33708447217941286,-0.5779440402984619,0.02965422347187996,0.8155373930931091],"EasingStyle":"Linear","EasingDirection":"In"},"Head":{"Weight":1,"CFrame":[8.742280499518529e-8,5.960464477539063e-8,2.384185791015625e-7,1,-3.789601166204193e-8,8.35669453636001e-8,6.076909642160899e-8,0.9558943510055542,-0.2937108278274536,-6.875068692124842e-8,0.2937108278274536,0.9558943510055542],"EasingStyle":"Linear","EasingDirection":"In"},"Right Leg":{"Weight":1,"CFrame":[0.8844907879829407,0.11864727735519409,0.037796616554260257,0.9594807624816895,0.23277997970581056,-0.15877759456634522,-0.22224019467830659,0.9715850353240967,0.08143717795610428,0.17322292923927308,-0.042850665748119357,0.9839500188827515],"EasingStyle":"Linear","EasingDirection":"In"},"Torso":{"Weight":1,"CFrame":[0,1.3303167819976807,-0.3804304599761963,1,0,-8.742278367890322e-8,2.476298632814178e-8,0.9590445756912231,0.28325557708740237,8.384233041169864e-8,-0.28325557708740237,0.9590445756912231],"EasingStyle":"Linear","EasingDirection":"In"},"HumanoidRootPart":{"Weight":1,"CFrame":[0,0,0,1,0,0,0,1,0,0,0,1],"EasingStyle":"Linear","EasingDirection":"In"},"Left Arm":{"Weight":1,"CFrame":[-0.06083124876022339,-0.3568183183670044,0.1326158046722412,0.6347602009773254,0.6117120385169983,-0.4721103310585022,-0.5118405818939209,0.7905756235122681,0.3361685574054718,0.5788770914077759,0.02825874835252762,0.814924955368042],"EasingStyle":"Linear","EasingDirection":"In"}}},{"Time":0.23333333432674409,"poses":{"Left Leg":{"Weight":1,"CFrame":[-0.868593692779541,0.11774009466171265,0.06690239906311035,0.9558095335960388,-0.22950056195259095,0.1837325543165207,0.21927273273468018,0.9728187322616577,0.07445308566093445,-0.19582553207874299,-0.0308754313737154,0.9801525473594666],"EasingStyle":"Linear","EasingDirection":"In"},"Right Arm":{"Weight":1,"CFrame":[0.059425413608551028,-0.3561844825744629,0.13261592388153077,0.6312949657440186,-0.6170493960380554,0.4698050320148468,0.517513632774353,0.7863473296165466,0.3373981714248657,-0.5776212811470032,0.030132602900266649,0.8157485723495483],"EasingStyle":"Linear","EasingDirection":"In"},"Head":{"Weight":1,"CFrame":[8.742275525719379e-8,5.960464477539063e-8,-1.1920928955078126e-7,1,-3.8091116039140618e-8,8.36266380588313e-8,6.081250347733658e-8,0.9565772414207459,-0.2914791405200958,-6.889256809472499e-8,0.2914791405200958,0.9565772414207459],"EasingStyle":"Linear","EasingDirection":"In"},"Right Leg":{"Weight":1,"CFrame":[0.8841560482978821,0.11961531639099121,0.03778505325317383,0.9597612619400024,0.2315618246793747,-0.15886305272579194,-0.22103726863861085,0.9718757271766663,0.08124176412820816,0.17320771515369416,-0.042858052998781207,0.9839524030685425],"EasingStyle":"Linear","EasingDirection":"In"},"Torso":{"Weight":1,"CFrame":[0,1.3295471668243409,-0.3802037239074707,1,0,-8.742277657347586e-8,2.467889359536457e-8,0.9593280553817749,0.2822936475276947,8.386712124774931e-8,-0.2822936475276947,0.9593280553817749],"EasingStyle":"Linear","EasingDirection":"In"},"HumanoidRootPart":{"Weight":1,"CFrame":[0,0,0,1,0,0,0,1,0,0,0,1],"EasingStyle":"Linear","EasingDirection":"In"},"Left Arm":{"Weight":1,"CFrame":[-0.06080049276351929,-0.35680460929870608,0.1326158046722412,0.6346846222877502,0.611829400062561,-0.47205978631973269,-0.5119654536247253,0.7904834151268005,0.33619558811187746,0.5788496136665344,0.028300024569034578,0.8149430751800537],"EasingStyle":"Linear","EasingDirection":"In"}}},{"Time":0.2666666805744171,"poses":{"Left Leg":{"Weight":1,"CFrame":[-0.8682115077972412,0.11881071329116821,0.06689727306365967,0.956122875213623,-0.22811931371688844,0.1838224083185196,0.2179160714149475,0.9731433987617493,0.07419247180223465,-0.19581034779548646,-0.030879253521561624,0.9801554679870606],"EasingStyle":"Linear","EasingDirection":"In"},"Right Arm":{"Weight":1,"CFrame":[0.05901747941970825,-0.35600101947784426,0.13261592388153077,0.630283772945404,-0.6185905933380127,0.4691354036331177,0.5191518664360046,0.7851146459579468,0.33775192499160769,-0.5772552490234375,0.0306728333234787,0.8159875273704529],"EasingStyle":"Linear","EasingDirection":"In"},"Head":{"Weight":1,"CFrame":[8.742275525719379e-8,0,-3.5762786865234377e-7,1,-3.8308222372052117e-8,8.369248405415419e-8,6.086038695229945e-8,0.9573304057121277,-0.2889957129955292,-6.905044358518353e-8,0.2889957129955292,0.9573304057121277],"EasingStyle":"Linear","EasingDirection":"In"},"Right Leg":{"Weight":1,"CFrame":[0.883773922920227,0.12070971727371216,0.03777182102203369,0.9600769877433777,0.23018255829811097,-0.1589595228433609,-0.21967528760433198,0.9722028374671936,0.08102070540189743,0.17319048941135407,-0.04286668449640274,0.9839550852775574],"EasingStyle":"Linear","EasingDirection":"In"},"Torso":{"Weight":1,"CFrame":[0,1.3286765813827515,-0.3799479007720947,1,0,-8.742277657347586e-8,2.4583753699403134e-8,0.9596475958824158,0.28120535612106326,8.38950597881194e-8,-0.28120535612106326,0.9596475958824158],"EasingStyle":"Linear","EasingDirection":"In"},"HumanoidRootPart":{"Weight":1,"CFrame":[0,0,0,1,0,0,0,1,0,0,0,1],"EasingStyle":"Linear","EasingDirection":"In"},"Left Arm":{"Weight":1,"CFrame":[-0.06070941686630249,-0.35676366090774538,0.1326158046722412,0.6344613432884216,0.6121758222579956,-0.4719107747077942,-0.5123335719108582,0.7902107238769531,0.3362756371498108,0.5787686705589294,0.028421826660633088,0.8149963617324829],"EasingStyle":"Linear","EasingDirection":"In"}}},{"Time":0.30000001192092898,"poses":{"Left Leg":{"Weight":1,"CFrame":[-0.8677846193313599,0.11999917030334473,0.06689167022705078,0.9564687609672546,-0.22658422589302064,0.18392202258110047,0.21640831232070924,0.9735019207000732,0.07390283793210983,-0.19579365849494935,-0.03088354878127575,0.9801587462425232],"EasingStyle":"Linear","EasingDirection":"In"},"Right Arm":{"Weight":1,"CFrame":[0.05856424570083618,-0.3557966947555542,0.13261592388153077,0.6291570663452148,-0.6202995181083679,0.46839070320129397,0.5209686756134033,0.7837414145469666,0.33814355731010439,-0.576847493648529,0.03127140551805496,0.816253125667572],"EasingStyle":"Linear","EasingDirection":"In"},"Head":{"Weight":1,"CFrame":[8.742273394091171e-8,1.1920928955078126e-7,0,1,-3.854521679613754e-8,8.376365201456793e-8,6.091214288517222e-8,0.9581445455551148,-0.28628483414649966,-6.922277862031479e-8,0.28628483414649966,0.9581445455551148],"EasingStyle":"Linear","EasingDirection":"In"},"Right Leg":{"Weight":1,"CFrame":[0.8833470344543457,0.12192404270172119,0.037757039070129397,0.9604255557060242,0.22864970564842225,-0.1590663492679596,-0.21816159784793855,0.972564160823822,0.08077491819858551,0.17317143082618714,-0.042876169085502627,0.9839580059051514],"EasingStyle":"Linear","EasingDirection":"In"},"Torso":{"Weight":1,"CFrame":[0,1.327709436416626,-0.3796651363372803,1,0,-8.742277657347586e-8,2.4478064020172498e-8,0.9600010514259338,0.27999642491340639,8.392595418627025e-8,-0.27999642491340639,0.9600010514259338],"EasingStyle":"Linear","EasingDirection":"In"},"HumanoidRootPart":{"Weight":1,"CFrame":[0,0,0,1,0,0,0,1,0,0,0,1],"EasingStyle":"Linear","EasingDirection":"In"},"Left Arm":{"Weight":1,"CFrame":[-0.06056022644042969,-0.3566964864730835,0.1326158046722412,0.6340950131416321,0.6127433776855469,-0.47166645526885989,-0.5129368305206299,0.7897634506225586,0.33640649914741518,0.5786357522010803,0.02862134948372841,0.8150836825370789],"EasingStyle":"Linear","EasingDirection":"In"}}},{"Time":0.3333333432674408,"poses":{"Left Leg":{"Weight":1,"CFrame":[-0.8673132061958313,0.12129867076873779,0.06688535213470459,0.9568448066711426,-0.22490176558494569,0.1840304583311081,0.2147558182477951,0.9738917350769043,0.07358547300100327,-0.19577528536319734,-0.030888250097632409,0.9801622629165649],"EasingStyle":"Linear","EasingDirection":"In"},"Right Arm":{"Weight":1,"CFrame":[0.05806773900985718,-0.3555726408958435,0.1326160430908203,0.6279188394546509,-0.62216717004776,0.46757447719573977,0.5229542255401611,0.7822332382202148,0.33857056498527529,-0.5763998031616211,0.031925033777952197,0.8165439367294312],"EasingStyle":"Linear","EasingDirection":"In"},"Head":{"Weight":1,"CFrame":[8.742279078433057e-8,5.960464477539063e-8,-3.5762786865234377e-7,1,-3.879993215605282e-8,8.383934613220845e-8,6.096718152548419e-8,0.9590103626251221,-0.2833712100982666,-6.940801711152744e-8,0.2833712100982666,0.9590103626251221],"EasingStyle":"Linear","EasingDirection":"In"},"Right Leg":{"Weight":1,"CFrame":[0.8828754425048828,0.12325209379196167,0.03774082660675049,0.9608047604560852,0.22696958482265473,-0.15918278694152833,-0.21650250256061555,0.9729571342468262,0.0805056020617485,0.173150435090065,-0.04288671910762787,0.983961284160614],"EasingStyle":"Linear","EasingDirection":"In"},"Torso":{"Weight":1,"CFrame":[0,1.3266503810882569,-0.37935709953308108,1,0,-8.742277657347586e-8,2.436233081937189e-8,0.9603861570358276,0.27867257595062258,8.395962680651792e-8,-0.27867257595062258,0.9603861570358276],"EasingStyle":"Linear","EasingDirection":"In"},"HumanoidRootPart":{"Weight":1,"CFrame":[0,0,0,1,0,0,0,1,0,0,0,1],"EasingStyle":"Linear","EasingDirection":"In"},"Left Arm":{"Weight":1,"CFrame":[-0.06035512685775757,-0.35660409927368166,0.1326158046722412,0.6335906386375427,0.6135232448577881,-0.4713304340839386,-0.513765811920166,0.7891479134559631,0.33658644556999209,0.5784528851509094,0.028895415365695955,0.8152039051055908],"EasingStyle":"Linear","EasingDirection":"In"}}},{"Time":0.36666667461395266,"poses":{"Left Leg":{"Weight":1,"CFrame":[-0.8667985796928406,0.12270307540893555,0.0668783187866211,0.9572490453720093,-0.22307908535003663,0.18414723873138429,0.21296560764312745,0.9743106961250305,0.07324152439832688,-0.195755273103714,-0.0308933537453413,0.9801660776138306],"EasingStyle":"Linear","EasingDirection":"In"},"Right Arm":{"Weight":1,"CFrame":[0.05753016471862793,-0.35533010959625246,0.1326160430908203,0.6265738010406494,-0.6241841912269592,0.4666897654533386,0.5250990390777588,0.7805954813957214,0.33903050422668459,-0.5759134888648987,0.032630544155836108,0.8168591856956482],"EasingStyle":"Linear","EasingDirection":"In"},"Head":{"Weight":1,"CFrame":[8.742279078433057e-8,-5.960464477539063e-8,2.384185791015625e-7,1,-3.9070236823590679e-8,8.3918756388357e-8,6.102492022819206e-8,0.9599185585975647,-0.28027933835983279,-6.960457454852076e-8,0.28027933835983279,0.9599185585975647],"EasingStyle":"Linear","EasingDirection":"In"},"Right Leg":{"Weight":1,"CFrame":[0.8823608756065369,0.12468785047531128,0.03772306442260742,0.9612119793891907,0.22514985501766206,-0.15930835902690888,-0.21470554172992707,0.973379373550415,0.08021380007266998,0.17312763631343842,-0.042898137122392657,0.983964741230011],"EasingStyle":"Linear","EasingDirection":"In"},"Torso":{"Weight":1,"CFrame":[0,1.3255038261413575,-0.3790254592895508,1,0,-8.742278367890322e-8,2.423704614784583e-8,0.9608009457588196,0.27723953127861025,8.39958786968964e-8,-0.27723953127861025,0.9608009457588196],"EasingStyle":"Linear","EasingDirection":"In"},"HumanoidRootPart":{"Weight":1,"CFrame":[0,0,0,1,0,0,0,1,0,0,0,1],"EasingStyle":"Linear","EasingDirection":"In"},"Left Arm":{"Weight":1,"CFrame":[-0.06009632349014282,-0.35648709535598757,0.1326158046722412,0.6329529285430908,0.614506721496582,-0.4709058403968811,-0.514811098575592,0.7883695363998413,0.3368130922317505,0.5782215595245361,0.029240678995847703,0.815355658531189],"EasingStyle":"Linear","EasingDirection":"In"}}},{"Time":0.4000000059604645,"poses":{"Left Leg":{"Weight":1,"CFrame":[-0.8662415146827698,0.1242070198059082,0.06687068939208985,0.9576786160469055,-0.22112341225147248,0.1842717081308365,0.21104472875595094,0.9747562408447266,0.07287268340587616,-0.19573383033275605,-0.030899034813046457,0.9801701903343201],"EasingStyle":"Linear","EasingDirection":"In"},"Right Arm":{"Weight":1,"CFrame":[0.056953370571136478,-0.35507023334503176,0.1326160430908203,0.6251259446144104,-0.6263415813446045,0.4657402038574219,0.5273930430412293,0.7788336277008057,0.3395213186740875,-0.5753903985023499,0.03338448330760002,0.817197322845459],"EasingStyle":"Linear","EasingDirection":"In"},"Head":{"Weight":1,"CFrame":[8.742279788975793e-8,0,2.384185791015625e-7,1,-3.93539707488344e-8,8.40010727642948e-8,6.10847905591072e-8,0.9608602523803711,-0.2770337164402008,-6.981090905355814e-8,0.2770337164402008,0.9608602523803711],"EasingStyle":"Linear","EasingDirection":"In"},"Right Leg":{"Weight":1,"CFrame":[0.8818034529685974,0.12622463703155518,0.037703871726989749,0.9616450667381287,0.22319680452346803,-0.15944243967533112,-0.21277694404125215,0.9738285541534424,0.07990049570798874,0.1731031835079193,-0.042910292744636539,0.9839685559272766],"EasingStyle":"Linear","EasingDirection":"In"},"Torso":{"Weight":1,"CFrame":[0,1.3242745399475098,-0.37867164611816409,1,0,-8.742277657347586e-8,2.4102714490936706e-8,0.9612429141998291,0.27570292353630068,8.403452511629439e-8,-0.27570292353630068,0.9612429141998291],"EasingStyle":"Linear","EasingDirection":"In"},"HumanoidRootPart":{"Weight":1,"CFrame":[0,0,0,1,0,0,0,1,0,0,0,1],"EasingStyle":"Linear","EasingDirection":"In"},"Left Arm":{"Weight":1,"CFrame":[-0.059785664081573489,-0.3563470244407654,0.1326158046722412,0.6321861147880554,0.6156851649284363,-0.47039636969566347,-0.5160635709762573,0.7874341607093811,0.33708447217941286,0.5779439806938171,0.029654301702976228,0.8155375123023987],"EasingStyle":"Linear","EasingDirection":"In"}}},{"Time":0.4333333373069763,"poses":{"Left Leg":{"Weight":1,"CFrame":[-0.8656434416770935,0.1258029341697693,0.06686246395111084,0.958131730556488,-0.21904142200946809,0.18440333008766175,0.20899978280067445,0.9752259850502014,0.07248001545667649,-0.19571103155612946,-0.03090515173971653,0.9801745414733887],"EasingStyle":"Linear","EasingDirection":"In"},"Right Arm":{"Weight":1,"CFrame":[0.05633950233459473,-0.3547937870025635,0.13261616230010987,0.6235796213150024,-0.6286298632621765,0.46472904086112978,0.5298269987106323,0.7769529819488525,0.34004026651382449,-0.574832022190094,0.03418363258242607,0.8175570368766785],"EasingStyle":"Linear","EasingDirection":"In"},"Head":{"Weight":1,"CFrame":[8.742276236262114e-8,-5.960464477539063e-8,0,1,-3.964900585629039e-8,8.408557761185875e-8,6.114622408404102e-8,0.9618268013000488,-0.2736590802669525,-7.002544322176618e-8,0.2736590802669525,0.9618268013000488],"EasingStyle":"Linear","EasingDirection":"In"},"Right Leg":{"Weight":1,"CFrame":[0.8812050819396973,0.12785619497299195,0.03768348693847656,0.9621017575263977,0.22111760079860688,-0.15958432853221894,-0.21072377264499665,0.9743021726608276,0.07956712692975998,0.1730770766735077,-0.04292352497577667,0.9839724898338318],"EasingStyle":"Linear","EasingDirection":"In"},"Torso":{"Weight":1,"CFrame":[0,1.322967290878296,-0.3782978057861328,1,0,-8.742278367890322e-8,2.395984743941426e-8,0.9617102146148682,0.2740687429904938,8.407536711274588e-8,-0.2740687429904938,0.9617102146148682],"EasingStyle":"Linear","EasingDirection":"In"},"HumanoidRootPart":{"Weight":1,"CFrame":[0,0,0,1,0,0,0,1,0,0,0,1],"EasingStyle":"Linear","EasingDirection":"In"},"Left Arm":{"Weight":1,"CFrame":[-0.0594254732131958,-0.35618484020233157,0.13261592388153077,0.6312950849533081,0.6170493960380554,-0.46980515122413638,-0.517513632774353,0.7863473296165466,0.33739808201789858,0.5776211619377136,0.030132777988910676,0.8157485127449036],"EasingStyle":"Linear","EasingDirection":"In"}}},{"Time":0.46666666865348818,"poses":{"Left Leg":{"Weight":1,"CFrame":[-0.865005373954773,0.12748706340789796,0.06685352325439453,0.9586056470870972,-0.21684032678604127,0.1845412254333496,0.20683784782886506,0.9757176041603088,0.0720648318529129,-0.1956867277622223,-0.030911637470126153,0.9801791310310364],"EasingStyle":"Linear","EasingDirection":"In"},"Right Arm":{"Weight":1,"CFrame":[0.05569106340408325,-0.3545013666152954,0.13261628150939942,0.6219393014907837,-0.6310399174690247,0.4636596143245697,0.5323906540870667,0.7749593257904053,0.3405851423740387,-0.5742401480674744,0.03502468392252922,0.8179373741149902],"EasingStyle":"Linear","EasingDirection":"In"},"Head":{"Weight":1,"CFrame":[8.742276236262114e-8,0,1.1920928955078126e-7,1,-3.995309327819996e-8,8.417149643946687e-8,6.120873052850584e-8,0.9628097414970398,-0.2701805531978607,-7.02465854374168e-8,0.2701805531978607,0.9628097414970398],"EasingStyle":"Linear","EasingDirection":"In"},"Right Leg":{"Weight":1,"CFrame":[0.8805664777755737,0.12957704067230225,0.03766167163848877,0.962579607963562,0.21891966462135316,-0.15973328053951264,-0.20855338871479035,0.974797785282135,0.07921458035707474,0.17304933071136475,-0.042937442660331729,0.9839767813682556],"EasingStyle":"Linear","EasingDirection":"In"},"Torso":{"Weight":1,"CFrame":[0,1.3215863704681397,-0.37790560722351076,1,0,-8.742277657347586e-8,2.3808935267766175e-8,0.962200403213501,0.2723424732685089,8.411823415599429e-8,-0.2723424732685089,0.962200403213501],"EasingStyle":"Linear","EasingDirection":"In"},"HumanoidRootPart":{"Weight":1,"CFrame":[0,0,0,1,0,0,0,1,0,0,0,1],"EasingStyle":"Linear","EasingDirection":"In"},"Left Arm":{"Weight":1,"CFrame":[-0.05901753902435303,-0.3560009002685547,0.13261592388153077,0.6302840113639832,0.6185905337333679,-0.4691353738307953,-0.5191519856452942,0.7851146459579468,0.33775192499160769,0.5772550702095032,0.030672911554574968,0.8159875273704529],"EasingStyle":"Linear","EasingDirection":"In"}}},{"Time":0.5,"poses":{"Left Leg":{"Weight":1,"CFrame":[-0.8643277883529663,0.12925171852111817,0.06684386730194092,0.9590983390808106,-0.21452701091766358,0.18468520045280457,0.20456573367118836,0.9762285351753235,0.07162865251302719,-0.1956612765789032,-0.030918678268790246,0.980184018611908],"EasingStyle":"Linear","EasingDirection":"In"},"Right Arm":{"Weight":1,"CFrame":[0.055009543895721439,-0.35419386625289919,0.13261628150939942,0.6202094554901123,-0.633562445640564,0.46253538131713869,0.5350743532180786,0.7728580832481384,0.341153621673584,-0.5736162662506104,0.035903945565223697,0.8183369636535645],"EasingStyle":"Linear","EasingDirection":"In"},"Head":{"Weight":1,"CFrame":[8.742277657347586e-8,5.960464477539063e-8,2.384185791015625e-7,1,-4.0264126255351587e-8,8.425816133694753e-8,6.127174145831305e-8,0.9638009667396545,-0.26662275195121767,-7.04727582956366e-8,0.26662275195121767,0.9638009667396545],"EasingStyle":"Linear","EasingDirection":"In"},"Right Leg":{"Weight":1,"CFrame":[0.8798885345458984,0.1313813328742981,0.03763866424560547,0.9630762934684753,0.21660956740379334,-0.15988890826702119,-0.2062722146511078,0.9753130078315735,0.0788440853357315,0.17302021384239198,-0.0429522842168808,0.9839812517166138],"EasingStyle":"Linear","EasingDirection":"In"},"Torso":{"Weight":1,"CFrame":[0,1.320136308670044,-0.37749695777893069,1,0,-8.742277657347586e-8,2.365048779040535e-8,0.96271151304245,0.2705300450325012,8.416291308321888e-8,-0.2705300450325012,0.96271151304245],"EasingStyle":"Linear","EasingDirection":"In"},"HumanoidRootPart":{"Weight":1,"CFrame":[0,0,0,1,0,0,0,1,0,0,0,1],"EasingStyle":"Linear","EasingDirection":"In"},"Left Arm":{"Weight":1,"CFrame":[-0.05856430530548096,-0.3557965159416199,0.13261592388153077,0.6291571259498596,0.6202996969223023,-0.46839070320129397,-0.5209688544273377,0.7837413549423218,0.33814337849617007,0.5768473148345947,0.0312715545296669,0.8162531852722168],"EasingStyle":"Linear","EasingDirection":"In"}}},{"Time":0.5333333611488342,"poses":{"Left Leg":{"Weight":1,"CFrame":[-0.8636126518249512,0.1310907006263733,0.06683361530303955,0.9596074223518372,-0.21210838854312898,0.18483446538448335,0.20219002664089204,0.9767566919326782,0.07117275893688202,-0.19563467800617219,-0.03092624433338642,0.9801890850067139],"EasingStyle":"Linear","EasingDirection":"In"},"Right Arm":{"Weight":1,"CFrame":[0.05429774522781372,-0.3538728356361389,0.13261640071868897,0.6183943152427673,-0.6361886858940125,0.46135953068733218,0.537868857383728,0.7706544995307922,0.341743528842926,-0.5729621052742004,0.03681860491633415,0.8187544345855713],"EasingStyle":"Linear","EasingDirection":"In"},"Head":{"Weight":1,"CFrame":[8.742279078433057e-8,-1.1920928955078126e-7,4.76837158203125e-7,1,-4.057989499983705e-8,8.434486886699233e-8,6.13347950206844e-8,0.9647929668426514,-0.2630108594894409,-7.070238439155219e-8,0.2630108594894409,0.9647929668426514],"EasingStyle":"Linear","EasingDirection":"In"},"Right Leg":{"Weight":1,"CFrame":[0.879172682762146,0.1332610845565796,0.03761446475982666,0.9635894298553467,0.2141943722963333,-0.16005060076713563,-0.20388725399971009,0.9758456349372864,0.07845678180456162,0.17298972606658936,-0.04296790435910225,0.9839860200881958],"EasingStyle":"Linear","EasingDirection":"In"},"Torso":{"Weight":1,"CFrame":[0,1.3186219930648804,-0.3770730495452881,1,0,-8.742277657347586e-8,2.3485000610889985e-8,0.963241457939148,0.268637090921402,8.420924046959044e-8,-0.268637090921402,0.963241457939148],"EasingStyle":"Linear","EasingDirection":"In"},"HumanoidRootPart":{"Weight":1,"CFrame":[0,0,0,1,0,0,0,1,0,0,0,1],"EasingStyle":"Linear","EasingDirection":"In"},"Left Arm":{"Weight":1,"CFrame":[-0.058067917823791507,-0.35557258129119875,0.1326160430908203,0.6279190182685852,0.6221672892570496,-0.46757447719573977,-0.5229543447494507,0.7822331190109253,0.3385704755783081,0.5763996243476868,0.031925175338983539,0.8165441751480103],"EasingStyle":"Linear","EasingDirection":"In"}}},{"Time":0.5666666626930237,"poses":{"Left Leg":{"Weight":1,"CFrame":[-0.8628613352775574,0.1329972743988037,0.06682264804840088,0.960130512714386,-0.209591805934906,0.18498845398426057,0.19971823692321778,0.9772995710372925,0.07069837301969528,-0.19560693204402924,-0.030934123322367669,0.9801943898200989],"EasingStyle":"Linear","EasingDirection":"In"},"Right Arm":{"Weight":1,"CFrame":[0.05355727672576904,-0.3535395860671997,0.13261651992797852,0.6164984107017517,-0.6389092206954956,0.46013566851615908,0.5407644510269165,0.768354594707489,0.34235233068466189,-0.5722793340682983,0.03776521608233452,0.8191887140274048],"EasingStyle":"Linear","EasingDirection":"In"},"Head":{"Weight":1,"CFrame":[8.742277657347586e-8,-5.960464477539063e-8,-1.1920928955078126e-7,1,-4.089818261832079e-8,8.443100796284853e-8,6.139742225741429e-8,0.965778112411499,-0.25937002897262576,-7.093383658229868e-8,0.25937002897262576,0.965778112411499],"EasingStyle":"Linear","EasingDirection":"In"},"Right Leg":{"Weight":1,"CFrame":[0.8784206509590149,0.13521027565002442,0.037589073181152347,0.9641169309616089,0.21168117225170136,-0.1602175384759903,-0.2014055848121643,0.9763930439949036,0.07805361598730087,0.17295780777931214,-0.042984142899513248,0.9839909076690674],"EasingStyle":"Linear","EasingDirection":"In"},"Torso":{"Weight":1,"CFrame":[0,1.3170478343963624,-0.3766355514526367,1,0,-8.742278367890322e-8,2.331298354363298e-8,0.9637881517410278,0.26666948199272158,8.425702446857031e-8,-0.26666948199272158,0.9637881517410278],"EasingStyle":"Linear","EasingDirection":"In"},"HumanoidRootPart":{"Weight":1,"CFrame":[0,0,0,1,0,0,0,1,0,0,0,1],"EasingStyle":"Linear","EasingDirection":"In"},"Left Arm":{"Weight":1,"CFrame":[-0.05753016471862793,-0.35533082485198977,0.1326160430908203,0.6265739798545837,0.6241841316223145,-0.4666898250579834,-0.525098979473114,0.7805955410003662,0.3390304744243622,0.5759133100509644,0.032630689442157748,0.816859245300293],"EasingStyle":"Linear","EasingDirection":"In"}}},{"Time":0.6000000238418579,"poses":{"Left Leg":{"Weight":1,"CFrame":[-0.8620742559432983,0.134968101978302,0.0668109655380249,0.9606655836105347,-0.20698411762714387,0.18514645099639893,0.1971568912267685,0.97785484790802,0.07020686566829682,-0.19557805359363557,-0.03094242699444294,0.9801998734474182],"EasingStyle":"Linear","EasingDirection":"In"},"Right Arm":{"Weight":1,"CFrame":[0.052790284156799319,-0.35319340229034426,0.13261663913726808,0.6145264506340027,-0.6417151093482971,0.4588671028614044,0.5437511801719666,0.7659640908241272,0.34297776222229006,-0.5715697407722473,0.038740500807762149,0.8196384906768799],"EasingStyle":"Linear","EasingDirection":"In"},"Head":{"Weight":1,"CFrame":[8.74227694680485e-8,1.1920928955078126e-7,2.384185791015625e-7,1,-4.1216797086462978e-8,8.451591781977186e-8,6.145918973743392e-8,0.9667494297027588,-0.2557254433631897,-7.116553746300269e-8,0.2557254433631897,0.9667494297027588],"EasingStyle":"Linear","EasingDirection":"In"},"Right Leg":{"Weight":1,"CFrame":[0.8776326179504395,0.1372249722480774,0.03756272792816162,0.964656412601471,0.20907719433307649,-0.16038919985294343,-0.19883424043655396,0.9769532680511475,0.07763577252626419,0.17292466759681703,-0.043001044541597369,0.9839959144592285],"EasingStyle":"Linear","EasingDirection":"In"},"Torso":{"Weight":1,"CFrame":[0,1.3154184818267823,-0.3761866092681885,1,0,-8.742277657347586e-8,2.3134935744906217e-8,0.9643492698669434,0.26463282108306887,8.430608744447454e-8,-0.26463282108306887,0.9643492698669434],"EasingStyle":"Linear","EasingDirection":"In"},"HumanoidRootPart":{"Weight":1,"CFrame":[0,0,0,1,0,0,0,1,0,0,0,1],"EasingStyle":"Linear","EasingDirection":"In"},"Left Arm":{"Weight":1,"CFrame":[-0.056953370571136478,-0.35507023334503176,0.1326160430908203,0.6251260638237,0.6263415813446045,-0.4657402038574219,-0.527393102645874,0.7788336277008057,0.339521199464798,0.5753901600837708,0.03338456526398659,0.8171973824501038],"EasingStyle":"Linear","EasingDirection":"In"}}},{"Time":0.6333333253860474,"poses":{"Left Leg":{"Weight":1,"CFrame":[-0.861253559589386,0.1369938850402832,0.06679880619049072,0.9612104296684265,-0.20429286360740663,0.18530802428722382,0.1945134848356247,0.9784204363822937,0.069699726998806,-0.1955484002828598,-0.030951185151934625,0.9802055954933167],"EasingStyle":"Linear","EasingDirection":"In"},"Right Arm":{"Weight":1,"CFrame":[0.05199915170669556,-0.35283738374710085,0.13261687755584718,0.612483024597168,-0.6445975303649902,0.45755720138549807,0.5468199849128723,0.7634885311126709,0.34361791610717776,-0.5708349347114563,0.039741143584251407,0.8201026320457459],"EasingStyle":"Linear","EasingDirection":"In"},"Head":{"Weight":1,"CFrame":[8.742279078433057e-8,0,-6.556510925292969e-7,1,-4.153352506364172e-8,8.459907263613786e-8,6.151964981881975e-8,0.9677005410194397,-0.2521025538444519,-7.139585278537197e-8,0.2521025538444519,0.9677005410194397],"EasingStyle":"Linear","EasingDirection":"In"},"Right Leg":{"Weight":1,"CFrame":[0.8768108487129211,0.13929641246795655,0.03753530979156494,0.9652058482170105,0.20638960599899293,-0.1605650633573532,-0.1961803287267685,0.9775238633155823,0.07720470428466797,0.17289049923419953,-0.04301876202225685,0.9840012192726135],"EasingStyle":"Linear","EasingDirection":"In"},"Torso":{"Weight":1,"CFrame":[0,1.3137388229370118,-0.37572741508483889,1,0,-8.742277657347586e-8,2.2951370581836273e-8,0.9649230241775513,0.2625330686569214,8.43562517616192e-8,-0.2625330686569214,0.9649230241775513],"EasingStyle":"Linear","EasingDirection":"In"},"HumanoidRootPart":{"Weight":1,"CFrame":[0,0,0,1,0,0,0,1,0,0,0,1],"EasingStyle":"Linear","EasingDirection":"In"},"Left Arm":{"Weight":1,"CFrame":[-0.05633962154388428,-0.35479438304901125,0.13261616230010987,0.6235796809196472,0.6286299824714661,-0.4647288918495178,-0.5298269987106323,0.7769530415534973,0.34004005789756777,0.5748318433761597,0.0341838076710701,0.8175572156906128],"EasingStyle":"Linear","EasingDirection":"In"}}},{"Time":0.6666666865348816,"poses":{"Left Leg":{"Weight":1,"CFrame":[-0.8604002594947815,0.13907116651535035,0.06678605079650879,0.9617629051208496,-0.2015244960784912,0.1854725033044815,0.1917942613363266,0.9789940714836121,0.06917813420295716,-0.1955176144838333,-0.03096040152013302