{"Sequence":[{"Time":0,"poses":{"Left Leg":{"Weight":1,"CFrame":[-0.6846911311149597,0.41221070289611819,0.037472307682037356,0.9633946418762207,-0.22984816133975984,0.1379901021718979,0.15940776467323304,0.9049738049507141,0.39447662234306338,-0.21554701030254365,-0.35803964734077456,0.9084861278533936],"EasingStyle":"Linear","EasingDirection":"In"},"Right Arm":{"Weight":1,"CFrame":[-0.008395552635192871,-0.6096212863922119,0.21197609603405,-0.6913265585899353,-0.2696545422077179,0.6703389883041382,0.7198917865753174,-0.33645716309547427,0.6070858240127564,0.061836980283260348,0.9022655487060547,0.426723450422287],"EasingStyle":"Linear","EasingDirection":"In"},"Head":{"Weight":1,"CFrame":[0.004288913682103157,0.048975199460983279,-0.0059732794761657719,0.9982694387435913,-0.017160745337605478,-0.056246284395456317,-0.00012462795712053776,0.955854058265686,-0.29384273290634158,0.05880580469965935,0.29334092140197756,0.9541977643966675],"EasingStyle":"Linear","EasingDirection":"In"},"Right Leg":{"Weight":1,"CFrame":[0.7642074823379517,0.43158233165740969,0.022280067205429078,0.9674314260482788,0.2529713213443756,-0.009067605249583722,-0.2419983148574829,0.9347889423370361,0.2600127160549164,0.07425187528133393,-0.2493501454591751,0.9655627012252808],"EasingStyle":"Linear","EasingDirection":"In"},"Torso":{"Weight":1,"CFrame":[0.04891204833984375,-0.18528366088867188,-0.3557159900665283,0.9997093677520752,-0.01583140343427658,-0.018181398510932924,0.010922327637672425,0.9697535634040833,-0.24384209513664246,0.02149183675646782,0.24357256293296815,0.9696446061134338],"EasingStyle":"Linear","EasingDirection":"In"},"HumanoidRootPart":{"Weight":0,"CFrame":[0,0,0,1,0,0,0,1,0,0,0,1],"EasingStyle":"Linear","EasingDirection":"In"},"Left Arm":{"Weight":1,"CFrame":[0.5344952344894409,-0.5931588411331177,0.2417328953742981,-0.5641407370567322,0.779350757598877,-0.27268704771995547,-0.7631699442863464,-0.3661215007305145,0.5324726700782776,0.31514617800712588,0.5084957480430603,0.8013209104537964],"EasingStyle":"Linear","EasingDirection":"In"}}},{"Time":0.03333333507180214,"poses":{"Left Leg":{"Weight":1,"CFrame":[-0.69038325548172,0.3437846899032593,0.05586522817611694,0.9305846095085144,-0.34543344378471377,0.12119660526514054,0.27475109696388247,0.8778249025344849,0.39234575629234316,-0.24191875755786897,-0.33181193470954897,0.9117984771728516],"EasingStyle":"Linear","EasingDirection":"In"},"Right Arm":{"Weight":1,"CFrame":[0.19974437355995179,-0.5226073265075684,0.0649586021900177,-0.7326306700706482,-0.3824102580547333,0.563041090965271,0.6730443835258484,-0.2839098572731018,0.6829394698143005,-0.10131015628576279,0.8792939186096191,0.4653801918029785],"EasingStyle":"Linear","EasingDirection":"In"},"Head":{"Weight":1,"CFrame":[-0.0009650019928812981,0.03630518913269043,-0.0031856894493103029,0.9996128082275391,-0.0052843354642391209,-0.027321094647049905,-0.002398580312728882,0.961789071559906,-0.27378225326538088,0.027723874896764756,0.27374154329299929,0.9614037275314331],"EasingStyle":"Linear","EasingDirection":"In"},"Right Leg":{"Weight":1,"CFrame":[0.7270225286483765,0.3735628128051758,0.05623328685760498,0.9686931371688843,0.2478937953710556,0.013524837791919709,-0.2440464049577713,0.9408326148986816,0.23510636389255525,0.04555666819214821,-0.23104654252529145,0.9718756675720215],"EasingStyle":"Linear","EasingDirection":"In"},"Torso":{"Weight":1,"CFrame":[0.11323928833007813,-0.14791107177734376,-0.32924962043762209,0.9985634088516235,0.05336121469736099,-0.004873896017670631,-0.05336518585681915,0.9821758270263672,-0.18023067712783814,-0.004830311983823776,0.18023180961608888,0.9836122989654541],"EasingStyle":"Linear","EasingDirection":"In"},"HumanoidRootPart":{"Weight":0,"CFrame":[0,0,0,1,0,0,0,1,0,0,0,1],"EasingStyle":"Linear","EasingDirection":"In"},"Left Arm":{"Weight":1,"CFrame":[0.11245650053024292,-0.6192103624343872,0.3044833540916443,-0.6654948592185974,0.7438847422599793,-0.06125885248184204,-0.585521399974823,-0.469391793012619,0.6609355807304382,0.46290555596351626,0.4757174849510193,0.7479382157325745],"EasingStyle":"Linear","EasingDirection":"In"}}},{"Time":0.06666667014360428,"poses":{"Left Leg":{"Weight":1,"CFrame":[-0.5945305228233337,0.28050971031188967,0.052788615226745608,0.894700825214386,-0.42416200041770937,0.13999110460281373,0.331246018409729,0.8403293490409851,0.42909538745880129,-0.2996445894241333,-0.3375404477119446,0.8923448920249939],"EasingStyle":"Linear","EasingDirection":"In"},"Right Arm":{"Weight":1,"CFrame":[0.34391361474990847,-0.2891395390033722,-0.22187277674674989,-0.572440505027771,-0.6868546009063721,0.447820246219635,0.7144072651863098,-0.1497597098350525,0.6835166811943054,-0.40241068601608279,0.7111983299255371,0.5764222145080566],"EasingStyle":"Linear","EasingDirection":"In"},"Head":{"Weight":1,"CFrame":[-0.014875553548336029,0.0214642733335495,-0.0015945136547088624,0.9988381862640381,-0.0033529475331306459,-0.04806871712207794,-0.009418584406375885,0.9647485017776489,-0.2630060613155365,0.047256022691726688,0.26315322518348696,0.9635962843894959],"EasingStyle":"Linear","EasingDirection":"In"},"Right Leg":{"Weight":1,"CFrame":[0.5285912752151489,0.2344505786895752,0.09864094853401184,0.9840300679206848,0.17603693902492524,-0.026390010491013528,-0.16800089180469514,0.9674680829048157,0.18916009366512299,0.058830440044403079,-0.18170557916164399,0.981591522693634],"EasingStyle":"Linear","EasingDirection":"In"},"Torso":{"Weight":1,"CFrame":[0.24227142333984376,-0.13544082641601563,-0.24722790718078614,0.9905485510826111,0.12277896702289581,0.061145275831222537,-0.11526429653167725,0.9867573380470276,-0.11412402987480164,-0.07434757798910141,0.10599750280380249,0.9915831685066223],"EasingStyle":"Linear","EasingDirection":"In"},"HumanoidRootPart":{"Weight":0,"CFrame":[0,0,0,1,0,0,0,1,0,0,0,1],"EasingStyle":"Linear","EasingDirection":"In"},"Left Arm":{"Weight":1,"CFrame":[-0.33299168944358828,-0.4314613342285156,0.2796870470046997,-0.5856883525848389,0.8071215748786926,0.07432420551776886,-0.5083466172218323,-0.4372018873691559,0.7419153451919556,0.6313104629516602,0.39674851298332217,0.6663615703582764],"EasingStyle":"Linear","EasingDirection":"In"}}},{"Time":0.10000000149011612,"poses":{"Left Leg":{"Weight":1,"CFrame":[-0.5365623235702515,0.26508665084838869,0.06531167030334473,0.8579161167144775,-0.48202577233314516,0.17785313725471497,0.3601633310317993,0.811082124710083,0.4608996510505676,-0.36641883850097659,-0.3313570022583008,0.8694482445716858],"EasingStyle":"Linear","EasingDirection":"In"},"Right Arm":{"Weight":1,"CFrame":[0.3998969793319702,-0.12163671851158142,-0.343650221824646,-0.39039352536201479,-0.8408622145652771,0.3748924434185028,0.7329146862030029,-0.03741879388689995,0.6792910695075989,-0.5571621656417847,0.539954662322998,0.6308882832527161],"EasingStyle":"Linear","EasingDirection":"In"},"Head":{"Weight":1,"CFrame":[-0.024886608123779298,0.013748764991760254,-0.0019228160381317139,0.9963271617889404,-0.0025372207164764406,-0.08559513092041016,-0.020275935530662538,0.9641475081443787,-0.26459240913391116,0.08319756388664246,0.26535582542419436,0.9605545401573181],"EasingStyle":"Linear","EasingDirection":"In"},"Right Leg":{"Weight":1,"CFrame":[0.4552125334739685,0.17391884326934815,0.10330766439437866,0.9903568625450134,0.13211488723754884,-0.04170522093772888,-0.1235438659787178,0.9784100651741028,0.1656833291053772,0.06269402801990509,-0.1589331328868866,0.9852970838546753],"EasingStyle":"Linear","EasingDirection":"In"},"Torso":{"Weight":1,"CFrame":[0.3302955627441406,-0.13713455200195313,-0.21507859230041505,0.9772721529006958,0.1809290647506714,0.11047210544347763,-0.17165571451187135,0.9811798930168152,-0.08843464404344559,-0.12439341098070145,0.06746148318052292,0.9899371266365051],"EasingStyle":"Linear","EasingDirection":"In"},"HumanoidRootPart":{"Weight":0,"CFrame":[0,0,0,1,0,0,0,1,0,0,0,1],"EasingStyle":"Linear","EasingDirection":"In"},"Left Arm":{"Weight":1,"CFrame":[-0.4979604482650757,-0.27601635456085207,0.18983879685401917,-0.4928332567214966,0.8689061403274536,0.04602520912885666,-0.4878566563129425,-0.31973132491111758,0.8122612237930298,0.7204941511154175,0.377855509519577,0.5814756155014038],"EasingStyle":"Linear","EasingDirection":"In"}}},{"Time":0.13333334028720857,"poses":{"Left Leg":{"Weight":1,"CFrame":[-0.5103481411933899,0.2554055452346802,0.0970202088356018,0.7948778867721558,-0.5625478029251099,0.22739669680595399,0.4090186655521393,0.773590087890625,0.48400697112083437,-0.4481886923313141,-0.29171690344810488,0.8450020551681519],"EasingStyle":"Linear","EasingDirection":"In"},"Right Arm":{"Weight":1,"CFrame":[0.4634876847267151,-0.013369739055633545,-0.37866753339767458,-0.26577433943748476,-0.9194026589393616,0.2899363040924072,0.7126674652099609,0.015156342647969723,0.7013387680053711,-0.6492069363594055,0.393025666475296,0.651199996471405],"EasingStyle":"Linear","EasingDirection":"In"},"Head":{"Weight":1,"CFrame":[-0.03246540203690529,0.00656360387802124,-0.0026647746562957765,0.9936620593070984,0.0009209811687469482,-0.11240684241056442,-0.030568361282348634,0.9644972681999207,-0.26231849193573,0.10817454010248184,0.2640920877456665,0.9584125876426697],"EasingStyle":"Linear","EasingDirection":"In"},"Right Leg":{"Weight":1,"CFrame":[0.47568655014038088,0.1432046890258789,0.10043200850486756,0.9907476305961609,0.1298111528158188,-0.03960295021533966,-0.12277687340974808,0.9816256165504456,0.14607414603233338,0.057837337255477908,-0.13986022770404817,0.9884809255599976],"EasingStyle":"Linear","EasingDirection":"In"},"Torso":{"Weight":1,"CFrame":[0.4103507995605469,-0.14059829711914063,-0.21869969367980958,0.9569659233093262,0.24870270490646363,0.14954377710819245,-0.24056722223758698,0.9680671691894531,-0.07052278518676758,-0.16230757534503938,0.03151258826255798,0.986237108707428],"EasingStyle":"Linear","EasingDirection":"In"},"HumanoidRootPart":{"Weight":0,"CFrame":[0,0,0,1,0,0,0,1,0,0,0,1],"EasingStyle":"Linear","EasingDirection":"In"},"Left Arm":{"Weight":1,"CFrame":[-0.5943715572357178,-0.1586143970489502,0.07437591254711151,-0.43118858337402346,0.9021903872489929,0.011366624385118485,-0.42863357067108157,-0.21591201424598695,0.8773005604743958,0.7939457893371582,0.3734097480773926,0.4798077642917633],"EasingStyle":"Linear","EasingDirection":"In"}}},{"Time":0.1666666716337204,"poses":{"Left Leg":{"Weight":1,"CFrame":[-0.500037670135498,0.2399032711982727,0.1488034874200821,0.6969428062438965,-0.6618795990943909,0.27601924538612368,0.48240211606025698,0.7175009250640869,0.5024747848510742,-0.5306217074394226,-0.21704387664794923,0.8193488717079163],"EasingStyle":"Linear","EasingDirection":"In"},"Right Arm":{"Weight":1,"CFrame":[0.5323485136032105,0.01823049783706665,-0.33745771646499636,-0.18131877481937409,-0.9611139297485352,0.20828936994075776,0.6878611445426941,0.027421558275818826,0.7253241539001465,-0.70283043384552,0.27478888630867007,0.6561404466629028],"EasingStyle":"Linear","EasingDirection":"In"},"Head":{"Weight":1,"CFrame":[-0.0389612577855587,-0.0023565292358398439,-0.003758043050765991,0.9926491379737854,0.010766088962554932,-0.1205485537648201,-0.042877405881881717,0.9627172350883484,-0.2670917510986328,0.11317860335111618,0.270297110080719,0.9561015963554382],"EasingStyle":"Linear","EasingDirection":"In"},"Right Leg":{"Weight":1,"CFrame":[0.5460671782493591,0.12267708778381348,0.08538299798965454,0.9861096739768982,0.1653336137533188,-0.015907125547528268,-0.1614190936088562,0.97650146484375,0.14279010891914369,0.0391412228345871,-0.13823893666267396,0.9896252155303955],"EasingStyle":"Linear","EasingDirection":"In"},"Torso":{"Weight":1,"CFrame":[0.500457763671875,-0.15117263793945313,-0.25219273567199709,0.9292168617248535,0.31765687465667727,0.18881264328956605,-0.31401824951171877,0.948115348815918,-0.04970104992389679,-0.19480401277542115,-0.01310756802558899,0.9807546138763428],"EasingStyle":"Linear","EasingDirection":"In"},"HumanoidRootPart":{"Weight":0,"CFrame":[0,0,0,1,0,0,0,1,0,0,0,1],"EasingStyle":"Linear","EasingDirection":"In"},"Left Arm":{"Weight":1,"CFrame":[-0.6375738978385925,-0.09002256393432617,-0.08802767097949982,-0.3907160758972168,0.9196699261665344,-0.03935886546969414,-0.37764036655426028,-0.12115112692117691,0.9179924130439758,0.8394814729690552,0.3735376298427582,0.3946399688720703],"EasingStyle":"Linear","EasingDirection":"In"}}},{"Time":0.20000000298023225,"poses":{"Left Leg":{"Weight":1,"CFrame":[-0.4566476345062256,0.16832506656646729,0.20690909028053285,0.5368918180465698,-0.7893326878547669,0.29782789945602419,0.5938543677330017,0.6043387651443481,0.5311421751976013,-0.5992365479469299,-0.10829945653676987,0.7932131290435791],"EasingStyle":"Linear","EasingDirection":"In"},"Right Arm":{"Weight":1,"CFrame":[0.5397839546203613,-0.18074342608451844,-0.1296519637107849,-0.18699370324611665,-0.9575870633125305,0.2192269116640091,0.7141973376274109,0.020707251504063607,0.6996380090713501,-0.6745039224624634,0.28739896416664126,0.6800342202186585],"EasingStyle":"Linear","EasingDirection":"In"},"Head":{"Weight":1,"CFrame":[-0.0416124202311039,-0.0256185382604599,-0.0059919655323028568,0.9954079389572144,0.024098753929138185,-0.09264033287763596,-0.051799237728118899,0.949458122253418,-0.3095913231372833,0.08049727976322174,0.31296828389167788,0.9463463425636292],"EasingStyle":"Linear","EasingDirection":"In"},"Right Leg":{"Weight":1,"CFrame":[0.6007458567619324,0.08535122871398926,0.05849266052246094,0.970862627029419,0.23725585639476777,0.033700745552778247,-0.23958280682563783,0.9579988718032837,0.15760155022144319,0.005106525029987097,-0.16108354926109315,0.9869276881217957],"EasingStyle":"Linear","EasingDirection":"In"},"Torso":{"Weight":1,"CFrame":[0.6067581176757813,-0.11383438110351563,-0.29402852058410647,0.8904855251312256,0.3850223422050476,0.2424735128879547,-0.4046598970890045,0.9137930870056152,0.03510943055152893,-0.20805267989635468,-0.12938378751277924,0.9695225954055786],"EasingStyle":"Linear","EasingDirection":"In"},"HumanoidRootPart":{"Weight":0,"CFrame":[0,0,0,1,0,0,0,1,0,0,0,1],"EasingStyle":"Linear","EasingDirection":"In"},"Left Arm":{"Weight":1,"CFrame":[-0.5933594703674316,-0.1825341284275055,-0.19964143633842469,-0.44872382283210757,0.8666622638702393,-0.21804586052894593,-0.5052679181098938,-0.04478580132126808,0.8617997169494629,0.737123966217041,0.4968814551830292,0.45799294114112856],"EasingStyle":"Linear","EasingDirection":"In"}}},{"Time":0.23333333432674409,"poses":{"Left Leg":{"Weight":1,"CFrame":[-0.4367624521255493,0.12824231386184693,0.1953786015510559,0.4714963436126709,-0.8366055488586426,0.27889618277549746,0.6261749863624573,0.5402953028678894,0.5621262788772583,-0.6209640502929688,-0.09040238708257675,0.778608500957489],"EasingStyle":"Linear","EasingDirection":"In"},"Right Arm":{"Weight":1,"CFrame":[0.29743558168411257,-0.4675654172897339,0.20095236599445344,-0.32939982414245608,-0.9056203961372376,0.2671094238758087,0.7365284562110901,-0.06944676488637924,0.6728320717811585,-0.5907807946205139,0.41836458444595339,0.6898912787437439],"EasingStyle":"Linear","EasingDirection":"In"},"Head":{"Weight":1,"CFrame":[-0.04572298005223274,-0.038845568895339969,-0.009154468774795533,0.9965806007385254,0.02805212140083313,-0.07772060483694077,-0.05264654755592346,0.9405349493026733,-0.33559316396713259,0.06368488073348999,0.3385372757911682,0.9387953877449036],"EasingStyle":"Linear","EasingDirection":"In"},"Right Leg":{"Weight":1,"CFrame":[0.5454795956611633,0.05289661884307861,0.0758582055568695,0.9743677377700806,0.21903491020202638,0.051300179213285449,-0.22405637800693513,0.9653176069259644,0.1340181827545166,-0.020166529342532159,-0.14207716286182404,0.9896503686904907],"EasingStyle":"Linear","EasingDirection":"In"},"Torso":{"Weight":1,"CFrame":[0.6893501281738281,-0.09451675415039063,-0.2945702075958252,0.8711986541748047,0.39607542753219607,0.29006427526474,-0.43443766236305239,0.8971629738807678,0.07976603507995606,-0.228641539812088,-0.19550690054893495,0.9536771774291992],"EasingStyle":"Linear","EasingDirection":"In"},"HumanoidRootPart":{"Weight":0,"CFrame":[0,0,0,1,0,0,0,1,0,0,0,1],"EasingStyle":"Linear","EasingDirection":"In"},"Left Arm":{"Weight":1,"CFrame":[-0.4232710599899292,-0.4204232692718506,-0.10710063576698303,-0.5931687355041504,0.666933000087738,-0.45094504952430727,-0.6753645539283752,-0.1073288545012474,0.7296323776245117,0.43821653723716738,0.7373475432395935,0.5140870213508606],"EasingStyle":"Linear","EasingDirection":"In"}}},{"Time":0.2666666805744171,"poses":{"Left Leg":{"Weight":1,"CFrame":[-0.470153272151947,0.14402174949645997,0.18207421898841859,0.5032656192779541,-0.8188483119010925,0.27606451511383059,0.6059263944625855,0.5621675252914429,0.5628687739372253,-0.6160984635353088,-0.11599769443273545,0.7790814638137817],"EasingStyle":"Linear","EasingDirection":"In"},"Right Arm":{"Weight":1,"CFrame":[-0.008390426635742188,-0.5726854205131531,0.3583116829395294,-0.4605582654476166,-0.8218074440956116,0.3354381024837494,0.7598074674606323,-0.169632226228714,0.6276284456253052,-0.458888977766037,0.5439279675483704,0.702541172504425],"EasingStyle":"Linear","EasingDirection":"In"},"Head":{"Weight":1,"CFrame":[-0.048637304455041888,-0.03201743960380554,-0.008603066205978394,0.996563732624054,0.03375685214996338,-0.07564561814069748,-0.056723833084106448,0.9435945749282837,-0.3262086510658264,0.060367152094841,0.3293783962726593,0.9422664046287537],"EasingStyle":"Linear","EasingDirection":"In"},"Right Leg":{"Weight":1,"CFrame":[0.5198443531990051,0.05965924263000488,0.08322104811668396,0.9830673336982727,0.17247682809829713,0.06189204752445221,-0.17903952300548554,0.9760069847106934,0.12391601502895355,-0.03903438150882721,-0.13289906084537507,0.9903609752655029],"EasingStyle":"Linear","EasingDirection":"In"},"Torso":{"Weight":1,"CFrame":[0.6981315612792969,-0.12252426147460938,-0.28475117683410647,0.878221333026886,0.38198643922805788,0.2877742350101471,-0.4117947518825531,0.9099676012992859,0.04882851243019104,-0.24321335554122926,-0.1613861322402954,0.9564527273178101],"EasingStyle":"Linear","EasingDirection":"In"},"HumanoidRootPart":{"Weight":0,"CFrame":[0,0,0,1,0,0,0,1,0,0,0,1],"EasingStyle":"Linear","EasingDirection":"In"},"Left Arm":{"Weight":1,"CFrame":[-0.23051905632019044,-0.5601345300674439,0.07136540114879608,-0.669436514377594,0.46255260705947878,-0.5812920331954956,-0.7210338115692139,-0.21625220775604249,0.65828937292099,0.17878767848014832,0.8598142862319946,0.47828349471092226],"EasingStyle":"Linear","EasingDirection":"In"}}},{"Time":0.30000001192092898,"poses":{"Left Leg":{"Weight":1,"CFrame":[-0.5889706015586853,0.1792922019958496,0.17547693848609925,0.5525850653648377,-0.7879598736763,0.27160534262657168,0.5878663659095764,0.5994880199432373,0.5431646704673767,-0.5908159017562866,-0.1404770463705063,0.7944827675819397],"EasingStyle":"Linear","EasingDirection":"In"},"Right Arm":{"Weight":1,"CFrame":[-0.2918928861618042,-0.5978073477745056,0.35191044211387637,-0.5334934592247009,-0.7141467332839966,0.4531884491443634,0.8155232667922974,-0.2922356128692627,0.4995209276676178,-0.22429302334785462,0.6360762715339661,0.7383086085319519],"EasingStyle":"Linear","EasingDirection":"In"},"Head":{"Weight":1,"CFrame":[-0.04997296258807182,-0.015112534165382386,-0.006849944591522217,0.9972963333129883,0.03367435932159424,-0.0653143897652626,-0.05354246497154236,0.94175785779953,-0.33200332522392275,0.05033012107014656,0.33460289239883425,0.9410146474838257],"EasingStyle":"Linear","EasingDirection":"In"},"Right Leg":{"Weight":1,"CFrame":[0.5980066657066345,0.10392045974731446,0.0758538544178009,0.9823218584060669,0.16935846209526063,0.07976193726062775,-0.17919892072677613,0.973948061466217,0.13897310197353364,-0.05414767563343048,-0.1508093625307083,0.9870789051055908],"EasingStyle":"Linear","EasingDirection":"In"},"Torso":{"Weight":1,"CFrame":[0.6817245483398438,-0.161346435546875,-0.3112509250640869,0.8990820646286011,0.351606547832489,0.2608146667480469,-0.35942357778549197,0.9329861402511597,-0.018758967518806459,-0.24993227422237397,-0.07687704265117645,0.9652068018913269],"EasingStyle":"Linear","EasingDirection":"In"},"HumanoidRootPart":{"Weight":0,"CFrame":[0,0,0,1,0,0,0,1,0,0,0,1],"EasingStyle":"Linear","EasingDirection":"In"},"Left Arm":{"Weight":1,"CFrame":[0.011192560195922852,-0.6056098937988281,0.24610230326652528,-0.660942792892456,0.34586724638938906,-0.6659815907478333,-0.7504368424415588,-0.3041660189628601,0.5867947340011597,0.0003843210870400071,0.8876143097877502,0.46058768033981326],"EasingStyle":"Linear","EasingDirection":"In"}}},{"Time":0.3333333432674408,"poses":{"Left Leg":{"Weight":1,"CFrame":[-0.761023759841919,0.24706196784973145,0.1551884561777115,0.5964612364768982,-0.7640702128410339,0.2458275854587555,0.580253005027771,0.6220878958702087,0.5256553292274475,-0.5545637607574463,-0.1708906888961792,0.8144050240516663],"EasingStyle":"Linear","EasingDirection":"In"},"Right Arm":{"Weight":1,"CFrame":[-0.4284113645553589,-0.5903023481369019,0.33355388045310976,-0.5333021283149719,-0.6109191179275513,0.585121750831604,0.8456345200538635,-0.36687982082366946,0.387688010931015,-0.022176431491971017,0.701553463935852,0.7122716903686523],"EasingStyle":"Linear","EasingDirection":"In"},"Head":{"Weight":1,"CFrame":[-0.05068863555788994,0.0018121302127838135,-0.006421148777008057,0.9986517429351807,0.012210771441459656,-0.05045530945062637,-0.02977660298347473,0.9308937788009644,-0.3640750050544739,0.04252272844314575,0.3650866150856018,0.9300023317337036],"EasingStyle":"Linear","EasingDirection":"In"},"Right Leg":{"Weight":1,"CFrame":[0.6867309808731079,0.1623929738998413,0.06550326943397522,0.9769023656845093,0.19423526525497437,0.08907924592494965,-0.20670589804649354,0.9646483659744263,0.16348308324813844,-0.054176196455955508,-0.17812006175518037,0.9825164675712586],"EasingStyle":"Linear","EasingDirection":"In"},"Torso":{"Weight":1,"CFrame":[0.6719017028808594,-0.17534255981445313,-0.379619836807251,0.922852635383606,0.3017345666885376,0.2393728643655777,-0.2900088131427765,0.9533603191375732,-0.08366158604621887,-0.2534521818161011,0.007787138223648071,0.967316746711731],"EasingStyle":"Linear","EasingDirection":"In"},"HumanoidRootPart":{"Weight":0,"CFrame":[0,0,0,1,0,0,0,1,0,0,0,1],"EasingStyle":"Linear","EasingDirection":"In"},"Left Arm":{"Weight":1,"CFrame":[0.2520983815193176,-0.5792224407196045,0.34934306144714358,-0.6235233545303345,0.3634590804576874,-0.6921826601028442,-0.7806232571601868,-0.3381039798259735,0.5256556272506714,-0.042975135147571567,0.8680918216705322,0.4945400357246399],"EasingStyle":"Linear","EasingDirection":"In"}}},{"Time":0.36666667461395266,"poses":{"Left Leg":{"Weight":1,"CFrame":[-0.9303946495056152,0.45923638343811037,-0.024606257677078248,0.7936674952507019,-0.582048773765564,0.17695024609565736,0.43808338046073916,0.748640775680542,0.49761465191841128,-0.42210811376571658,-0.3174215257167816,0.8491575121879578],"EasingStyle":"Linear","EasingDirection":"In"},"Right Arm":{"Weight":1,"CFrame":[-0.28892242908477785,-0.6156765222549439,0.4700310230255127,-0.6173869371414185,-0.3826458156108856,0.6873254179954529,0.7850073575973511,-0.35628265142440798,0.5067805051803589,0.05096464231610298,0.8524346947669983,0.5203438997268677],"EasingStyle":"Linear","EasingDirection":"In"},"Head":{"Weight":1,"CFrame":[-0.048728469759225848,0.03867340087890625,-0.00975605845451355,0.9988934993743897,-0.03195195645093918,-0.03450869768857956,0.01795487105846405,0.937280535697937,-0.348114013671875,0.043467238545417789,0.347109317779541,0.9368171095848084],"EasingStyle":"Linear","EasingDirection":"In"},"Right Leg":{"Weight":1,"CFrame":[0.579575777053833,0.24517762660980225,0.1033625602722168,0.9948402047157288,0.10054575651884079,-0.013562404550611973,-0.09638268500566483,0.9783533811569214,0.18312734365463258,0.031681351363658908,-0.18087518215179444,0.9829957485198975],"EasingStyle":"Linear","EasingDirection":"In"},"Torso":{"Weight":1,"CFrame":[0.6559295654296875,-0.22469711303710938,-0.42064595222473147,0.9634186029434204,0.1608244776725769,0.21438315510749818,-0.11170931160449982,0.9681106209754944,-0.22423872351646424,-0.24360963702201844,0.19208715856075288,0.9506614208221436],"EasingStyle":"Linear","EasingDirection":"In"},"HumanoidRootPart":{"Weight":0,"CFrame":[0,0,0,1,0,0,0,1,0,0,0,1],"EasingStyle":"Linear","EasingDirection":"In"},"Left Arm":{"Weight":1,"CFrame":[0.3169277608394623,-0.5868330001831055,0.4037655293941498,-0.7447647452354431,0.41020187735557558,-0.5263650417327881,-0.6655197143554688,-0.3985427916049957,0.6310688257217407,0.049086619168519977,0.8203036785125732,0.5698176622390747],"EasingStyle":"Linear","EasingDirection":"In"}}},{"Time":0.4000000059604645,"poses":{"Left Leg":{"Weight":1,"CFrame":[-0.8496733903884888,0.5606825351715088,-0.14504417777061463,0.9211245775222778,-0.3589979112148285,0.15050029754638673,0.2439592033624649,0.833666205406189,0.49546390771865847,-0.30333754420280459,-0.41966795921325686,0.8554915189743042],"EasingStyle":"Linear","EasingDirection":"In"},"Right Arm":{"Weight":1,"CFrame":[0.10268521308898926,-0.6087785959243774,0.4218888282775879,-0.8033206462860107,-0.18050219118595124,0.5675346255302429,0.5896297693252564,-0.3750571310520172,0.7153103351593018,0.08374273777008057,0.9092587828636169,0.40772056579589846],"EasingStyle":"Linear","EasingDirection":"In"},"Head":{"Weight":1,"CFrame":[-0.04828610271215439,0.060087740421295169,-0.015278100967407227,0.9983253479003906,-0.05079716071486473,-0.027695374563336374,0.042470503598451617,0.9684863090515137,-0.24541962146759034,0.039289262145757678,0.24383211135864259,0.9690213203430176],"EasingStyle":"Linear","EasingDirection":"In"},"Right Leg":{"Weight":1,"CFrame":[0.32203155755996706,0.20726871490478517,0.132296621799469,0.9875928163528442,-0.11494482308626175,-0.10699661076068878,0.1300540417432785,0.980545163154602,0.14702767133712769,0.0880148783326149,-0.15911900997161866,0.9833287000656128],"EasingStyle":"Linear","EasingDirection":"In"},"Torso":{"Weight":1,"CFrame":[0.6596946716308594,-0.2728691101074219,-0.35201382637023928,0.9703655242919922,0.08607664704322815,0.22579163312911988,-0.011928476393222809,0.9503280520439148,-0.31102168560028078,-0.24134781956672669,0.2991112768650055,0.9231920838356018],"EasingStyle":"Linear","EasingDirection":"In"},"HumanoidRootPart":{"Weight":0,"CFrame":[0,0,0,1,0,0,0,1,0,0,0,1],"EasingStyle":"Linear","EasingDirection":"In"},"Left Arm":{"Weight":1,"CFrame":[0.03110596537590027,-0.5757356286048889,0.47665074467658999,-0.9014943838119507,0.4150836169719696,-0.12253107875585556,-0.330191045999527,-0.47661158442497256,0.8147484064102173,0.27978911995887759,0.7749497890472412,0.5667197704315186],"EasingStyle":"Linear","EasingDirection":"In"}}},{"Time":0.4333333373069763,"poses":{"Left Leg":{"Weight":1,"CFrame":[-0.7521746754646301,0.4817197322845459,-0.11272412538528443,0.9130607843399048,-0.3680894672870636,0.17558570206165315,0.23509545624256135,0.8268707394599915,0.5108963847160339,-0.33324217796325686,-0.42519980669021609,0.8415194153785706],"EasingStyle":"Linear","EasingDirection":"In"},"Right Arm":{"Weight":1,"CFrame":[0.2821764051914215,-0.5296199321746826,0.15132194757461549,-0.8245716094970703,-0.30760931968688967,0.47482430934906008,0.5652663111686707,-0.41296330094337466,0.7140979766845703,-0.023578256368637086,0.8572267889976502,0.5143989324569702],"EasingStyle":"Linear","EasingDirection":"In"},"Head":{"Weight":1,"CFrame":[-0.051853351294994357,0.05029250681400299,-0.01335054636001587,0.9975895881652832,-0.05715251341462135,-0.03935207799077034,0.047493841499090198,0.9758396148681641,-0.21326354146003724,0.050589948892593387,0.21088065207004548,0.976202130317688],"EasingStyle":"Linear","EasingDirection":"In"},"Right Leg":{"Weight":1,"CFrame":[0.1474408209323883,0.10928761959075928,0.11844879388809204,0.9646134376525879,-0.2359534054994583,-0.117671899497509,0.24941948056221009,0.9612973928451538,0.11703666299581528,0.08550228178501129,-0.1422448754310608,0.9861319661140442],"EasingStyle":"Linear","EasingDirection":"In"},"Torso":{"Weight":1,"CFrame":[0.658447265625,-0.2605018615722656,-0.2730696201324463,0.9641748070716858,0.12347458302974701,0.23477862775325776,-0.056456178426742557,0.9603018760681152,-0.27319037914276125,-0.2591903507709503,0.25014856457710268,0.9328699111938477],"EasingStyle":"Linear","EasingDirection":"In"},"HumanoidRootPart":{"Weight":0,"CFrame":[0,0,0,1,0,0,0,1,0,0,0,1],"EasingStyle":"Linear","EasingDirection":"In"},"Left Arm":{"Weight":1,"CFrame":[-0.19176071882247926,-0.4575381278991699,0.5030713081359863,-0.8227041959762573,0.5576106905937195,0.11058107763528824,-0.21055573225021363,-0.4795895516872406,0.85185706615448,0.5280380249023438,0.6775427460670471,0.511968731880188],"EasingStyle":"Linear","EasingDirection":"In"}}},{"Time":0.46666666865348818,"poses":{"Left Leg":{"Weight":1,"CFrame":[-0.7088479995727539,0.40632617473602297,-0.07232901453971863,0.8622956871986389,-0.47016215324401858,0.18813276290893556,0.3030071556568146,0.7766913771629334,0.552211582660675,-0.405750036239624,-0.41916388273239138,0.8122000694274902],"EasingStyle":"Linear","EasingDirection":"In"},"Right Arm":{"Weight":1,"CFrame":[0.3579922318458557,-0.3176953196525574,-0.16313791275024415,-0.6890220046043396,-0.5779041647911072,0.43735063076019289,0.6859492659568787,-0.32523295283317568,0.6509208083152771,-0.2339291125535965,0.7484989166259766,0.6205053925514221],"EasingStyle":"Linear","EasingDirection":"In"},"Head":{"Weight":1,"CFrame":[-0.05832841992378235,0.03209102153778076,-0.011277467012405396,0.9946622252464294,-0.07009416818618775,-0.0757259726524353,0.051755137741565707,0.9737748503684998,-0.22154974937438966,0.08926957845687866,0.21644796431064607,0.9722047448158264],"EasingStyle":"Linear","EasingDirection":"In"},"Right Leg":{"Weight":1,"CFrame":[0.07256168127059937,0.03345751762390137,0.10257050395011902,0.9645996689796448,-0.23870959877967835,-0.11209557205438614,0.24855121970176698,0.9649807214736939,0.08387572318315506,0.08814800530672074,-0.10876806825399399,0.9901515245437622],"EasingStyle":"Linear","EasingDirection":"In"},"Torso":{"Weight":1,"CFrame":[0.677764892578125,-0.22638320922851563,-0.2403862476348877,0.9492482542991638,0.16972221434116364,0.2648063004016876,-0.11794694513082504,0.9725598096847534,-0.2005394697189331,-0.2915758490562439,0.1591286063194275,0.9432188868522644],"EasingStyle":"Linear","EasingDirection":"In"},"HumanoidRootPart":{"Weight":0,"CFrame":[0,0,0,1,0,0,0,1,0,0,0,1],"EasingStyle":"Linear","EasingDirection":"In"},"Left Arm":{"Weight":1,"CFrame":[-0.3872740864753723,-0.3010518550872803,0.42556655406951907,-0.6230828762054443,0.7589916586875916,0.1889430582523346,-0.2531249523162842,-0.42424020171165469,0.8694528937339783,0.740064799785614,0.4939148724079132,0.45645672082901],"EasingStyle":"Linear","EasingDirection":"In"}}},{"Time":0.5,"poses":{"Left Leg":{"Weight":1,"CFrame":[-0.7030889987945557,0.3576747179031372,-0.01420128345489502,0.7707688212394714,-0.602263331413269,0.20783357322216035,0.38964295387268069,0.7036895155906677,0.59413743019104,-0.5040773749351502,-0.3769616186618805,0.7770496606826782],"EasingStyle":"Linear","EasingDirection":"In"},"Right Arm":{"Weight":1,"CFrame":[0.40265458822250368,-0.05176159739494324,-0.3610207736492157,-0.4857803285121918,-0.7885850071907044,0.37703007459640505,0.7515543103218079,-0.1565881222486496,0.6408171057701111,-0.4463004171848297,0.5946546196937561,0.6687317490577698],"EasingStyle":"Linear","EasingDirection":"In"},"Head":{"Weight":1,"CFrame":[-0.06542003154754639,0.015106432139873505,-0.011503607034683228,0.9885314702987671,-0.08348392695188523,-0.12584328651428224,0.05516931414604187,0.9753465056419373,-0.21367309987545014,0.1405792236328125,0.20427961647510529,0.9687660336494446],"EasingStyle":"Linear","EasingDirection":"In"},"Right Leg":{"Weight":1,"CFrame":[0.1676035225391388,0.004480481147766113,0.11106181144714356,0.986830472946167,-0.11471213400363922,-0.11404906213283539,0.1204853504896164,0.9916918277740479,0.045062776654958728,0.10793226957321167,-0.05821075290441513,0.9924529194831848],"EasingStyle":"Linear","EasingDirection":"In"},"Torso":{"Weight":1,"CFrame":[0.7198371887207031,-0.20634078979492188,-0.259995698928833,0.9257760047912598,0.22535276412963868,0.3035707175731659,-0.18978556990623475,0.971448540687561,-0.14237092435359956,-0.3269869089126587,0.0741901695728302,0.9421122074127197],"EasingStyle":"Linear","EasingDirection":"In"},"HumanoidRootPart":{"Weight":0,"CFrame":[0,0,0,1,0,0,0,1,0,0,0,1],"EasingStyle":"Linear","EasingDirection":"In"},"Left Arm":{"Weight":1,"CFrame":[-0.5646314024925232,-0.1484990119934082,0.2420978546142578,-0.43113768100738528,0.885075569152832,0.17539118230342866,-0.29852262139320376,-0.3233596384525299,0.8979547619819641,0.8514722585678101,0.3347839117050171,0.40362775325775149],"EasingStyle":"Linear","EasingDirection":"In"}}},{"Time":0.5333333611488342,"poses":{"Left Leg":{"Weight":1,"CFrame":[-0.7275311350822449,0.3350714445114136,0.05184066295623779,0.6634340882301331,-0.7145571708679199,0.22195403277873994,0.4677056670188904,0.6275763511657715,0.6224142909049988,-0.584043562412262,-0.30912163853645327,0.7505577802658081],"EasingStyle":"Linear","EasingDirection":"In"},"Right Arm":{"Weight":1,"CFrame":[0.47150087356567385,0.0870259702205658,-0.3988971412181854,-0.34857359528541567,-0.8988655805587769,0.26558879017829897,0.7272722721099854,-0.08063893765211106,0.6815961003303528,-0.5912462472915649,0.4307413399219513,0.681828498840332],"EasingStyle":"Linear","EasingDirection":"In"},"Head":{"Weight":1,"CFrame":[-0.06939289718866348,0.003270253539085388,-0.01237785816192627,0.9838486313819885,-0.07918001711368561,-0.16053824126720429,0.04944448173046112,0.9821653366088867,-0.18140241503715516,0.17203859984874726,0.1705348640680313,0.9702169895172119],"EasingStyle":"Linear","EasingDirection":"In"},"Right Leg":{"Weight":1,"CFrame":[0.37130412459373476,0.0064972639083862309,0.12188786268234253,0.9924277663230896,0.07501233369112015,-0.09726625680923462,-0.07137338817119599,0.99663245677948,0.040370792150497439,0.0999671071767807,-0.033122964203357699,0.9944393634796143],"EasingStyle":"Linear","EasingDirection":"In"},"Torso":{"Weight":1,"CFrame":[0.7483367919921875,-0.1989898681640625,-0.3247101306915283,0.9059697389602661,0.2640899121761322,0.33087071776390078,-0.24269872903823853,0.9643815159797669,-0.10519419610500336,-0.346866250038147,0.015000849962234497,0.9377947449684143],"EasingStyle":"Linear","EasingDirection":"In"},"HumanoidRootPart":{"Weight":0,"CFrame":[0,0,0,1,0,0,0,1,0,0,0,1],"EasingStyle":"Linear","EasingDirection":"In"},"Left Arm":{"Weight":1,"CFrame":[-0.6703433394432068,-0.05505383014678955,0.008132383227348328,-0.3519655466079712,0.92844158411026,0.11881402879953385,-0.3057654798030853,-0.2340182214975357,0.9228995442390442,0.8846625089645386,0.2884994447231293,0.36625170707702639],"EasingStyle":"Linear","EasingDirection":"In"}}},{"Time":0.5666666626930237,"poses":{"Left Leg":{"Weight":1,"CFrame":[-0.7403774261474609,0.29757142066955569,0.11522549390792847,0.5620896816253662,-0.7975877523422241,0.21888242661952973,0.5333344340324402,0.5518092513084412,0.6411404013633728,-0.6321468353271484,-0.24364088475704194,0.7355474233627319],"EasingStyle":"Linear","EasingDirection":"In"},"Right Arm":{"Weight":1,"CFrame":[0.5578999519348145,0.06844627857208252,-0.3241383135318756,-0.2509459853172302,-0.9502522349357605,0.18452003598213197,0.7106537222862244,-0.05142370983958244,0.7016602754592896,-0.6572653651237488,0.3072085678577423,0.6882046461105347],"EasingStyle":"Linear","EasingDirection":"In"},"Head":{"Weight":1,"CFrame":[-0.06952042132616043,-0.009048156440258026,-0.012633472681045533,0.9871174097061157,-0.05459699034690857,-0.1503954976797104,0.026023119688034059,0.9822477102279663,-0.18577636778354646,0.15786826610565186,0.17946916818618775,0.9710143208503723],"EasingStyle":"Linear","EasingDirection":"In"},"Right Leg":{"Weight":1,"CFrame":[0.527348518371582,0.004033327102661133,0.10990148782730103,0.9784460067749023,0.20386084914207459,-0.032933373004198077,-0.202230304479599,0.9782106280326843,0.046976134181022647,0.041792288422584537,-0.039303336292505267,0.9983531832695007],"EasingStyle":"Linear","EasingDirection":"In"},"Torso":{"Weight":1,"CFrame":[0.751556396484375,-0.16833114624023438,-0.3808300495147705,0.8909692168235779,0.29483452439308169,0.34532105922698977,-0.2922055125236511,0.954411506652832,-0.06095002591609955,-0.34754857420921328,-0.04660019278526306,0.9365034103393555],"EasingStyle":"Linear","EasingDirection":"In"},"HumanoidRootPart":{"Weight":0,"CFrame":[0,0,0,1,0,0,0,1,0,0,0,1],"EasingStyle":"Linear","EasingDirection":"In"},"Left Arm":{"Weight":1,"CFrame":[-0.6727246642112732,-0.06480872631072998,-0.195510134100914,-0.3586077094078064,0.9334816336631775,-0.0036503218580037357,-0.36651068925857546,-0.1372009813785553,0.9202423691749573,0.8585282564163208,0.33134374022483828,0.39133220911026],"EasingStyle":"Linear","EasingDirection":"In"}}},{"Time":0.6000000238418579,"poses":{"Left Leg":{"Weight":1,"CFrame":[-0.6841514110565186,0.2566574811935425,0.13410384953022004,0.5145257115364075,-0.8304592967033386,0.2135448455810547,0.552039623260498,0.511377215385437,0.6585940718650818,-0.6561371088027954,-0.2209782898426056,0.7215626239776611],"EasingStyle":"Linear","EasingDirection":"In"},"Right Arm":{"Weight":1,"CFrame":[0.571093738079071,-0.05851408839225769,-0.2268003225326538,-0.22016260027885438,-0.9511108994483948,0.21660372614860536,0.7240808010101318,-0.010554063133895398,0.6896345615386963,-0.653632640838623,0.3086700141429901,0.6910045146942139],"EasingStyle":"Linear","EasingDirection":"In"},"Head":{"Weight":1,"CFrame":[-0.06823159754276276,-0.022264286875724794,-0.013264894485473633,0.9914842844009399,-0.04618784785270691,-0.12176128476858139,0.015815377235412599,0.9707767367362976,-0.2394641935825348,0.12926334142684937,0.23549923300743104,0.9632401466369629],"EasingStyle":"Linear","EasingDirection":"In"},"Right Leg":{"Weight":1,"CFrame":[0.5479387044906616,-0.020757615566253663,0.12139120697975159,0.9724472761154175,0.23183494806289674,-0.02448885329067707,-0.23127280175685883,0.9725989699363709,0.023758040741086007,0.029325740411877633,-0.017439743503928186,0.9994179010391235],"EasingStyle":"Linear","EasingDirection":"In"},"Torso":{"Weight":1,"CFrame":[0.7543678283691406,-0.12092971801757813,-0.3716766834259033,0.874438464641571,0.3263416886329651,0.35896873474121096,-0.3449925482273102,0.9385179877281189,-0.012821882963180542,-0.3410828411579132,-0.11262962222099304,0.9332616329193115],"EasingStyle":"Linear","EasingDirection":"In"},"HumanoidRootPart":{"Weight":0,"CFrame":[0,0,0,1,0,0,0,1,0,0,0,1],"EasingStyle":"Linear","EasingDirection":"In"},"Left Arm":{"Weight":1,"CFrame":[-0.6328290104866028,-0.14293548464775086,-0.23655922710895539,-0.37104910612106326,0.919863760471344,-0.12717652320861817,-0.46009108424186709,-0.06314639002084732,0.885623574256897,0.806621789932251,0.3871225118637085,0.44665148854255679],"EasingStyle":"Linear","EasingDirection":"In"}}},{"Time":0.6333333253860474,"poses":{"Left Leg":{"Weight":1,"CFrame":[-0.6129193902015686,0.257512629032135,0.12775103747844697,0.5303739309310913,-0.8235007524490356,0.201371431350708,0.5368258357048035,0.5100765228271484,0.6720418930053711,-0.6561415195465088,-0.2483319342136383,0.7126075625419617],"EasingStyle":"Linear","EasingDirection":"In"},"Right Arm":{"Weight":1,"CFrame":[0.48432421684265139,-0.2981439232826233,-0.003448173403739929,-0.30003970861434939,-0.9068926572799683,0.2958417236804962,0.7171770930290222,-0.009960251860320568,0.6968203783035278,-0.628994345664978,0.42124438285827639,0.6533910036087036],"EasingStyle":"Linear","EasingDirection":"In"},"Head":{"Weight":1,"CFrame":[-0.06955837458372116,-0.03176489472389221,-0.015137195587158203,0.9942147135734558,-0.04715651273727417,-0.09650947153568268,0.015631496906280519,0.