{"Sequence":[{"Time":0,"poses":{"Left Leg":{"Weight":1,"CFrame":[-0.5802572965621948,0.32087773084640505,-0.48716551065444949,0.7160508632659912,0.26428115367889407,-0.6460858583450317,-0.03101140633225441,0.9366902112960815,0.3487832546234131,0.697359025478363,-0.22971045970916749,0.6789134740829468],"EasingStyle":"Linear","EasingDirection":"In"},"Right Arm":{"Weight":1,"CFrame":[0.025866806507110597,-0.21914321184158326,0.008555173873901368,0.5011219382286072,-0.5162553191184998,0.6945196390151978,0.7918147444725037,-0.050267595797777179,-0.6086892485618591,0.3491508364677429,0.8549583554267883,0.3835882246494293],"EasingStyle":"Linear","EasingDirection":"In"},"Left Arm":{"Weight":1,"CFrame":[0.021115213632583619,-0.590164840221405,0.24739289283752442,0.026152262464165689,-0.7354567050933838,0.6770671606063843,-0.310716450214386,0.6377701759338379,0.704772412776947,-0.9501428008079529,-0.22880718111991883,-0.21183930337429048],"EasingStyle":"Linear","EasingDirection":"In"},"Head":{"Weight":1,"CFrame":[1.043081283569336e-7,7.450580596923828e-9,0.016662001609802247,0.7203006148338318,0.6808359622955322,-0.1327761858701706,-0.6884524822235107,0.7250875234603882,-0.01677311398088932,0.08485455811023712,0.10349183529615402,0.9910041689872742],"EasingStyle":"Linear","EasingDirection":"In"},"Torso":{"Weight":1,"CFrame":[0.38547760248184206,-0.10596242547035217,-0.3322734832763672,0.5584484338760376,-0.8295196890830994,0.005711956415325403,0.8271482586860657,0.5563032031059265,-0.07970340549945831,0.06293795257806778,0.04923488572239876,0.9968022704124451],"EasingStyle":"Linear","EasingDirection":"In"},"HumanoidRootPart":{"Weight":1,"CFrame":[0,0,0,1,0,0,0,1,0,0,0,1],"EasingStyle":"Linear","EasingDirection":"In"},"Right Leg":{"Weight":1,"CFrame":[-0.04918204993009567,0.18019986152648927,0.1295461654663086,0.4253236949443817,0.5832167863845825,-0.6920678615570068,-0.386255145072937,0.8085161447525024,0.44396907091140749,0.8184783458709717,0.07848413288593292,0.5691515803337097],"EasingStyle":"Linear","EasingDirection":"In"}}},{"Time":0.03333333507180214,"poses":{"Left Leg":{"Weight":1,"CFrame":[-0.5988603234291077,0.3165077567100525,-0.5036770105361939,0.7165052890777588,0.23631393909454347,-0.6563352346420288,-0.007239765487611294,0.9433407187461853,0.331746906042099,0.6975441575050354,-0.23294681310653687,0.677619457244873],"EasingStyle":"Linear","EasingDirection":"In"},"Right Arm":{"Weight":1,"CFrame":[0.02968728542327881,-0.20244067907333375,0.007418632507324219,0.5295186638832092,-0.5047656893730164,0.6817784309387207,0.7800750732421875,-0.026042114943265916,-0.6251438856124878,0.33330604434013369,0.8628636002540588,0.3799651265144348],"EasingStyle":"Linear","EasingDirection":"In"},"Left Arm":{"Weight":1,"CFrame":[0.0028928443789482118,-0.5310106873512268,0.3223623037338257,-0.01013243943452835,-0.6963984966278076,0.7175837159156799,-0.31242141127586367,0.6839001178741455,0.6592978239059448,-0.9498896598815918,-0.2175081968307495,-0.22449946403503419],"EasingStyle":"Linear","EasingDirection":"In"},"Head":{"Weight":1,"CFrame":[1.043081283569336e-7,7.450580596923828e-9,0.016662240028381349,0.7177090048789978,0.6839809417724609,-0.13062947988510133,-0.6914240717887878,0.7222458720207214,-0.01713874563574791,0.08262402564287186,0.10262100398540497,0.9912831783294678],"EasingStyle":"Linear","EasingDirection":"In"},"Torso":{"Weight":1,"CFrame":[0.41600704193115237,-0.09427757561206818,-0.32520151138305666,0.5555419921875,-0.8314846158027649,0.002547770505771041,0.8296293020248413,0.554092288017273,-0.06853559613227844,0.05557459592819214,0.040188103914260867,0.9976454377174377],"EasingStyle":"Linear","EasingDirection":"In"},"HumanoidRootPart":{"Weight":1,"CFrame":[0,0,0,1,0,0,0,1,0,0,0,1],"EasingStyle":"Linear","EasingDirection":"In"},"Right Leg":{"Weight":1,"CFrame":[-0.09412272274494171,0.1927638053894043,0.06700623035430908,0.42011958360671999,0.5834395289421082,-0.6950523257255554,-0.35278549790382388,0.8106833100318909,0.467263400554657,0.8360874056816101,0.048897821456193927,0.5464129447937012],"EasingStyle":"Linear","EasingDirection":"In"}}},{"Time":0.06666667014360428,"poses":{"Left Leg":{"Weight":1,"CFrame":[-0.6067783236503601,0.29789310693740847,-0.5093166828155518,0.7126127481460571,0.21050910651683808,-0.6692301630973816,0.02223176136612892,0.9466654062271118,0.32145053148269656,0.7012052536010742,-0.24394790828227998,0.6699258685112],"EasingStyle":"Linear","EasingDirection":"In"},"Right Arm":{"Weight":1,"CFrame":[0.03650301694869995,-0.16366678476333619,0.0006846189498901367,0.5527530312538147,-0.5038348436355591,0.6637879610061646,0.7701032161712647,0.004453756380826235,-0.6379039287567139,0.3184417486190796,0.8637885451316834,0.3904666304588318],"EasingStyle":"Linear","EasingDirection":"In"},"Left Arm":{"Weight":1,"CFrame":[-0.04512038081884384,-0.39060208201408389,0.37784528732299807,-0.04857960343360901,-0.5917455554008484,0.8046597838401794,-0.3125326931476593,0.7741630673408508,0.5504496693611145,-0.9486640691757202,-0.22474181652069093,-0.22254827618598939],"EasingStyle":"Linear","EasingDirection":"In"},"Head":{"Weight":1,"CFrame":[1.341104507446289e-7,-5.21540641784668e-8,0.016662001609802247,0.7167030572891235,0.6862332820892334,-0.12418000400066376,-0.6932541728019714,0.720415472984314,-0.02000517211854458,0.0757330134510994,0.1004260703921318,0.9920580387115479],"EasingStyle":"Linear","EasingDirection":"In"},"Torso":{"Weight":1,"CFrame":[0.4226337969303131,-0.06838751584291458,-0.3084988594055176,0.5549132227897644,-0.8318876028060913,-0.0058699194341897968,0.8310213088989258,0.5546335577964783,-0.04225359484553337,0.0384058877825737,0.018569055944681169,0.9990896582603455],"EasingStyle":"Linear","EasingDirection":"In"},"HumanoidRootPart":{"Weight":1,"CFrame":[0,0,0,1,0,0,0,1,0,0,0,1],"EasingStyle":"Linear","EasingDirection":"In"},"Right Leg":{"Weight":1,"CFrame":[-0.1626145988702774,0.20843499898910523,-0.022845089435577394,0.3991103768348694,0.5769868493080139,-0.7125987410545349,-0.30630385875701907,0.8164322376251221,0.48950645327568056,0.8642273545265198,0.02290448732674122,0.502579927444458],"EasingStyle":"Linear","EasingDirection":"In"}}},{"Time":0.10000000149011612,"poses":{"Left Leg":{"Weight":1,"CFrame":[-0.599381685256958,0.271651029586792,-0.5010324716567993,0.7033452391624451,0.19706417620182038,-0.6829869151115418,0.04554388299584389,0.9463387131690979,0.31995126605033877,0.7093878388404846,-0.25614219903945925,0.656627893447876],"EasingStyle":"Linear","EasingDirection":"In"},"Right Arm":{"Weight":1,"CFrame":[0.05279865860939026,-0.11760342121124268,-0.01742345094680786,0.5695792436599731,-0.5097289085388184,0.6447911858558655,0.7627980709075928,0.035629644989967349,-0.6456547379493713,0.30613523721694949,0.8595969676971436,0.40911412239074709],"EasingStyle":"Linear","EasingDirection":"In"},"Left Arm":{"Weight":1,"CFrame":[-0.1125575453042984,-0.22335976362228394,0.41460466384887698,-0.08225752413272858,-0.42610877752304079,0.9009247422218323,-0.3311764895915985,0.8643040657043457,0.37855058908462527,-0.9399765729904175,-0.26722636818885805,-0.2122126817703247],"EasingStyle":"Linear","EasingDirection":"In"},"Head":{"Weight":1,"CFrame":[8.568167686462403e-8,3.725290298461914e-9,0.016662001609802247,0.7156641483306885,0.6889609098434448,-0.11470688879489899,-0.6954041719436646,0.718180775642395,-0.02508450672030449,0.06509801745414734,0.0977196991443634,0.9930826425552368],"EasingStyle":"Linear","EasingDirection":"In"},"Torso":{"Weight":1,"CFrame":[0.40503478050231936,-0.04044096916913986,-0.2874107360839844,0.554591178894043,-0.8319538831710815,-0.01677517220377922,0.8319129943847656,0.5547914505004883,-0.011283221654593945,0.018693841993808748,-0.007697904948145151,0.9997956156730652],"EasingStyle":"Linear","EasingDirection":"In"},"HumanoidRootPart":{"Weight":1,"CFrame":[0,0,0,1,0,0,0,1,0,0,0,1],"EasingStyle":"Linear","EasingDirection":"In"},"Right Leg":{"Weight":1,"CFrame":[-0.23934929072856904,0.22766810655593873,-0.14021754264831544,0.3598615825176239,0.5650162100791931,-0.7424663305282593,-0.24448265135288239,0.8250778317451477,0.5093867778778076,0.9004043936729431,-0.001788730500265956,0.4350505769252777],"EasingStyle":"Linear","EasingDirection":"In"}}},{"Time":0.13333334028720857,"poses":{"Left Leg":{"Weight":1,"CFrame":[-0.5728983283042908,0.24232977628707887,-0.471430242061615,0.688484251499176,0.20128247141838075,-0.6967602372169495,0.049971505999565127,0.945266604423523,0.32244983315467837,0.7235276103019714,-0.25681981444358828,0.6407427787780762],"EasingStyle":"Linear","EasingDirection":"In"},"Right Arm":{"Weight":1,"CFrame":[0.0850500836968422,-0.0790235698223114,-0.05267089605331421,0.5790314078330994,-0.5190303921699524,0.6287528872489929,0.7591861486434937,0.06207648664712906,-0.6479065418243408,0.29725247621536257,0.8524986505508423,0.4299847185611725],"EasingStyle":"Linear","EasingDirection":"In"},"Left Arm":{"Weight":1,"CFrame":[-0.1896076202392578,-0.08394044637680054,0.43335139751434328,-0.11306838691234589,-0.22095145285129548,0.9687084555625916,-0.39184412360191347,0.9058565497398377,0.16087915003299714,-0.9130573868751526,-0.3613923490047455,-0.18900202214717866],"EasingStyle":"Linear","EasingDirection":"In"},"Head":{"Weight":1,"CFrame":[7.345806807279587e-8,1.82189978659153e-8,0.016662240028381349,0.7143338918685913,0.6918477416038513,-0.10523275285959244,-0.6977502107620239,0.7156529426574707,-0.03139413148164749,0.05359019339084625,0.0958520770072937,0.9939519166946411],"EasingStyle":"Linear","EasingDirection":"In"},"Torso":{"Weight":1,"CFrame":[0.3797003924846649,-0.016820769757032396,-0.26109981536865237,0.5543519258499146,-0.8318873643875122,-0.02564060688018799,0.8322802782058716,0.5541571378707886,0.014813396148383618,0.0018858532421290875,-0.029552005231380464,0.9995614886283875],"EasingStyle":"Linear","EasingDirection":"In"},"HumanoidRootPart":{"Weight":1,"CFrame":[0,0,0,1,0,0,0,1,0,0,0,1],"EasingStyle":"Linear","EasingDirection":"In"},"Right Leg":{"Weight":1,"CFrame":[-0.33586689829826357,0.2527543902397156,-0.3555486798286438,0.3239019513130188,0.5367549061775208,-0.7790903449058533,-0.12816831469535829,0.8407868146896362,0.5259756445884705,0.9373689293861389,-0.07050984352827072,0.34112748503685],"EasingStyle":"Linear","EasingDirection":"In"}}},{"Time":0.1666666716337204,"poses":{"Left Leg":{"Weight":1,"CFrame":[-0.5154711008071899,0.21121084690093995,-0.40281713008880618,0.6638512015342712,0.2341432273387909,-0.7102665901184082,0.015543481335043908,0.9452011585235596,0.3261185884475708,0.7477031350135803,-0.2275342047214508,0.6238335371017456],"EasingStyle":"Linear","EasingDirection":"In"},"Right Arm":{"Weight":1,"CFrame":[0.13971786201000215,-0.06268492341041565,-0.11081385612487793,0.5801419019699097,-0.5288041830062866,0.6195170879364014,0.7602915167808533,0.07869383692741394,-0.6447979211807251,0.2922196686267853,0.8450878262519836,0.44769880175590517],"EasingStyle":"Linear","EasingDirection":"In"},"Left Arm":{"Weight":1,"CFrame":[-0.26732659339904787,-0.02691367268562317,0.43505990505218508,-0.15218524634838105,-0.020873600617051126,0.988131582736969,-0.511277437210083,0.8572741150856018,-0.060634177178144458,-0.8458340167999268,-0.5144370198249817,-0.14113664627075196],"EasingStyle":"Linear","EasingDirection":"In"},"Head":{"Weight":1,"CFrame":[8.940696716308594e-8,6.51925802230835e-9,0.016662120819091798,0.7126627564430237,0.6944465041160584,-0.09927684813737869,-0.7000854015350342,0.7130649089813232,-0.03766629099845886,0.0446336530148983,0.0963456779718399,0.9943467974662781],"EasingStyle":"Linear","EasingDirection":"In"},"Torso":{"Weight":1,"CFrame":[0.3624840974807739,-0.0024202540516853334,-0.22655487060546876,0.5542284846305847,-0.8319103121757507,-0.027497664093971254,0.8323349356651306,0.5536272525787354,0.026748506352305414,-0.007028899155557156,-0.03771204873919487,0.9992639422416687],"EasingStyle":"Linear","EasingDirection":"In"},"HumanoidRootPart":{"Weight":1,"CFrame":[0,0,0,1,0,0,0,1,0,0,0,1],"EasingStyle":"Linear","EasingDirection":"In"},"Right Leg":{"Weight":1,"CFrame":[-0.36971163749694826,0.2595561742782593,-0.5001505613327026,0.24149617552757264,0.522655189037323,-0.8176253437995911,-0.031097669154405595,0.8462992906570435,0.5317993760108948,0.9699034690856934,-0.10300129652023316,0.22063139081001283],"EasingStyle":"Linear","EasingDirection":"In"}}},{"Time":0.20000000298023225,"poses":{"Left Leg":{"Weight":1,"CFrame":[-0.4469742774963379,0.1770976185798645,-0.3168131709098816,0.6217676401138306,0.26157519221305849,-0.7382299900054932,-0.01440065074712038,0.9462383985519409,0.3231494724750519,0.7830694317817688,-0.19029292464256288,0.5921071767807007],"EasingStyle":"Linear","EasingDirection":"In"},"Right Arm":{"Weight":1,"CFrame":[0.22272399067878724,-0.06583020091056824,-0.23795121908187867,0.5427684783935547,-0.5551600456237793,0.630237877368927,0.7827698588371277,0.06238652765750885,-0.6191762685775757,0.30442360043525698,0.8294004797935486,0.468423992395401],"EasingStyle":"Linear","EasingDirection":"In"},"Left Arm":{"Weight":1,"CFrame":[-0.3362416625022888,-0.03259149193763733,0.38576769828796389,-0.15314611792564393,0.14515872299671174,0.9774841666221619,-0.6953536868095398,0.6870055794715881,-0.2109658122062683,-0.702160656452179,-0.7120057344436646,-0.0042756120674312119],"EasingStyle":"Linear","EasingDirection":"In"},"Head":{"Weight":1,"CFrame":[1.1362135410308838e-7,3.725290298461914e-8,0.016662120819091798,0.6443233489990234,0.7588469982147217,-0.09486274421215058,-0.764301598072052,0.6432315111160278,-0.04578368365764618,0.026275809854269029,0.10200328379869461,0.994437038898468],"EasingStyle":"Linear","EasingDirection":"In"},"Torso":{"Weight":1,"CFrame":[0.3552602529525757,0.007845684885978699,-0.18418455123901368,0.5909519791603088,-0.8063589930534363,-0.023686574772000314,0.8066526651382446,0.5903176665306091,0.02892310917377472,-0.009339806623756886,-0.03619901090860367,0.9993009567260742],"EasingStyle":"Linear","EasingDirection":"In"},"HumanoidRootPart":{"Weight":1,"CFrame":[0,0,0,1,0,0,0,1,0,0,0,1],"EasingStyle":"Linear","EasingDirection":"In"},"Right Leg":{"Weight":1,"CFrame":[-0.37429168820381167,0.24775075912475587,-0.5688949823379517,0.16797485947608949,0.5008566975593567,-0.8490743041038513,0.050944868475198749,0.8557509183883667,0.5148736238479614,0.9844740629196167,-0.1297418773174286,0.11822862923145294],"EasingStyle":"Linear","EasingDirection":"In"}}},{"Time":0.23333333432674409,"poses":{"Left Leg":{"Weight":1,"CFrame":[-0.4579680562019348,0.15285032987594605,-0.315035343170166,0.6516334414482117,0.1737412065267563,-0.7383685111999512,0.08618799597024918,0.950151801109314,0.2996383607387543,0.7536215782165527,-0.25889289379119875,0.6041762232780457],"EasingStyle":"Linear","EasingDirection":"In"},"Right Arm":{"Weight":1,"CFrame":[0.3037482500076294,-0.0829465389251709,-0.40169697999954226,0.43777745962142947,-0.6582301259040833,0.6124411821365356,0.8505651950836182,0.08246073871850968,-0.5193642377853394,0.2913588285446167,0.7482869029045105,0.5959669351577759],"EasingStyle":"Linear","EasingDirection":"In"},"Left Arm":{"Weight":1,"CFrame":[-0.38562101125717165,-0.04704362154006958,0.30189216136932375,-0.13150572776794434,0.2586975693702698,0.956964910030365,-0.8676794767379761,0.43681883811950686,-0.23732203245162965,-0.4794148802757263,-0.8615480065345764,0.16702252626419068],"EasingStyle":"Linear","EasingDirection":"In"},"Head":{"Weight":1,"CFrame":[1.043081283569336e-7,-2.2351741790771486e-8,0.016662120819091798,0.5432881712913513,0.8351534008979797,-0.08577229082584381,-0.8395102024078369,0.5394752621650696,-0.06472331285476685,-0.007781870663166046,0.10717012733221054,0.9942103028297424],"EasingStyle":"Linear","EasingDirection":"In"},"Torso":{"Weight":1,"CFrame":[0.32395657896995547,0.019526734948158265,-0.14711308479309083,0.7415999174118042,-0.6706393957138062,-0.016504541039466859,0.6707739233970642,0.740947961807251,0.03253442794084549,-0.009589863941073418,-0.03519834578037262,0.9993343353271484],"EasingStyle":"Linear","EasingDirection":"In"},"HumanoidRootPart":{"Weight":1,"CFrame":[0,0,0,1,0,0,0,1,0,0,0,1],"EasingStyle":"Linear","EasingDirection":"In"},"Right Leg":{"Weight":1,"CFrame":[-0.38113704323768618,0.21328222751617433,-0.5745280385017395,0.22484856843948365,0.4185403883457184,-0.8799245357513428,0.12582089006900788,0.8830165863037109,0.45216232538223269,0.9662361741065979,-0.2123810052871704,0.1458839625120163],"EasingStyle":"Linear","EasingDirection":"In"}}},{"Time":0.2666666805744171,"poses":{"Left Leg":{"Weight":1,"CFrame":[-0.46373113989830019,0.09033721685409546,-0.22584736347198487,0.8266019821166992,-0.12659429013729096,-0.548363983631134,0.30285897850990298,0.9213145971298218,0.24383564293384553,0.4743475317955017,-0.3676319718360901,0.7999007105827332],"EasingStyle":"Linear","EasingDirection":"In"},"Right Arm":{"Weight":1,"CFrame":[0.33609065413475039,-0.1264643669128418,-0.49395889043807986,0.2927495539188385,-0.8845186829566956,0.36321383714675906,0.9522237181663513,0.23512482643127442,-0.19490110874176026,0.08699306100606919,0.4029179811477661,0.9110924005508423],"EasingStyle":"Linear","EasingDirection":"In"},"Left Arm":{"Weight":1,"CFrame":[-0.40661662817001345,-0.07056531310081482,0.257254958152771,-0.13962258398532868,0.23980292677879334,0.9607288837432861,-0.9470096230506897,0.251099556684494,-0.2003045678138733,-0.289272278547287,-0.9377865195274353,0.1920367032289505],"EasingStyle":"Linear","EasingDirection":"In"},"Head":{"Weight":1,"CFrame":[9.12696123123169e-8,7.450580596923828e-9,0.016661882400512697,0.6383108496665955,0.7677114605903626,-0.056377679109573367,-0.7687591910362244,0.6319849491119385,-0.09800274670124054,-0.039607949554920199,0.10589699447154999,0.9935880303382874],"EasingStyle":"Linear","EasingDirection":"In"},"Torso":{"Weight":1,"CFrame":[0.2321542352437973,0.025300398468971254,-0.13118529319763184,0.9741315841674805,-0.22598162293434144,-0.0004156336362939328,0.22585970163345338,0.9735420346260071,0.03468861058354378,-0.007434352301061153,-0.03388513624668121,0.9993981719017029],"EasingStyle":"Linear","EasingDirection":"In"},"HumanoidRootPart":{"Weight":1,"CFrame":[0,0,0,1,0,0,0,1,0,0,0,1],"EasingStyle":"Linear","EasingDirection":"In"},"Right Leg":{"Weight":1,"CFrame":[-0.20630808174610139,0.20076382160186768,-0.20299118757247926,0.4835911691188812,0.2498985379934311,-0.8388625979423523,0.03490829840302467,0.9521092176437378,0.30375906825065615,0.8745976090431213,-0.1761784553527832,0.45170798897743227],"EasingStyle":"Linear","EasingDirection":"In"}}},{"Time":0.30000001192092898,"poses":{"Left Leg":{"Weight":1,"CFrame":[0.0471319705247879,0.13183647394180299,-0.023962795734405519,0.8814526796340942,-0.46991419792175295,0.04713650420308113,0.44653594493865969,0.8617547154426575,0.2407996654510498,-0.15377528965473176,-0.19120538234710694,0.969429612159729],"EasingStyle":"Linear","EasingDirection":"In"},"Right Arm":{"Weight":1,"CFrame":[0.3172663450241089,-0.25545036792755129,-0.14430773258209229,0.4295879304409027,-0.5396232008934021,-0.7240588068962097,0.8705015182495117,0.4607158899307251,0.17311298847198487,0.24016954004764558,-0.70466148853302,0.6676607131958008],"EasingStyle":"Linear","EasingDirection":"In"},"Left Arm":{"Weight":1,"CFrame":[-0.2638860046863556,-0.11922666430473328,0.31970536708831789,-0.22858740389347077,-0.15814338624477387,0.9605928063392639,-0.8981603980064392,0.4149223268032074,-0.14542154967784882,-0.3755740523338318,-0.8960078954696655,-0.23688404262065888],"EasingStyle":"Linear","EasingDirection":"In"},"Head":{"Weight":1,"CFrame":[8.568167686462403e-8,-3.725290298461914e-9,0.01666259765625,0.9274856448173523,0.37370386719703677,0.010764099657535553,-0.37029388546943667,0.9222270846366882,-0.11126410961151123,-0.051506780087947848,0.09921002388000488,0.9937325716018677],"EasingStyle":"Linear","EasingDirection":"In"},"Torso":{"Weight":1,"CFrame":[0.041828930377960208,0.0021402984857559206,-0.17265057563781739,0.8251824975013733,0.5644937753677368,0.02051306888461113,-0.5648486614227295,0.8248999714851379,0.02204723283648491,-0.004475703928619623,-0.029779767617583276,0.999546468257904],"EasingStyle":"Linear","EasingDirection":"In"},"HumanoidRootPart":{"Weight":1,"CFrame":[0,0,0,1,0,0,0,1,0,0,0,1],"EasingStyle":"Linear","EasingDirection":"In"},"Right Leg":{"Weight":1,"CFrame":[0.3735302984714508,0.20520877838134767,-0.09395933151245117,0.9072363972663879,0.11346718668937683,-0.40502744913101199,-0.0715102031826973,0.9905171990394592,0.1173119992017746,0.41449788212776186,-0.07746618986129761,0.9067473411560059],"EasingStyle":"Linear","EasingDirection":"In"}}},{"Time":0.3333333432674408,"poses":{"Left Leg":{"Weight":1,"CFrame":[0.28031665086746218,0.1679614782333374,-0.12652337551116944,0.536547839641571,-0.6513310074806213,0.5365486145019531,0.5959125757217407,0.7426325082778931,0.3055902123451233,-0.5974987149238586,0.15577223896980287,0.7865941524505615],"EasingStyle":"Linear","EasingDirection":"In"},"Right Arm":{"Weight":1,"CFrame":[0.3049936890602112,-0.3559710383415222,0.24191725254058839,0.2965462803840637,0.15346914529800416,-0.9426068663597107,0.7948393225669861,0.5074950456619263,0.33268529176712038,0.5294250249862671,-0.8478774428367615,0.02851249650120735],"EasingStyle":"Linear","EasingDirection":"In"},"Left Arm":{"Weight":1,"CFrame":[-0.11706767976284027,-0.1562064290046692,0.4464988708496094,-0.34052321314811709,-0.4565177261829376,0.8219707608222961,-0.8174891471862793,0.5756317973136902,-0.018964208662509919,-0.4644949436187744,-0.6784095764160156,-0.5692139863967896],"EasingStyle":"Linear","EasingDirection":"In"},"Head":{"Weight":1,"CFrame":[8.847564458847046e-8,-5.122274160385132e-9,0.016662001609802247,0.9948685169219971,-0.08137611299753189,0.060121629387140277,0.08632191270589829,0.9926480650901794,-0.08484407514333725,-0.05277533829212189,0.08959842473268509,0.9945787787437439],"EasingStyle":"Linear","EasingDirection":"In"},"Torso":{"Weight":1,"CFrame":[-0.0862353965640068,-0.026037894189357759,-0.24354791641235352,0.30126529932022097,0.9532288908958435,0.02437036857008934,-0.9535311460494995,0.3012763261795044,0.0033052300568670036,-0.004191578831523657,-0.024233652278780938,0.9996975064277649],"EasingStyle":"Linear","EasingDirection":"In"},"HumanoidRootPart":{"Weight":1,"CFrame":[0,0,0,1,0,0,0,1,0,0,0,1],"EasingStyle":"Linear","EasingDirection":"In"},"Right Leg":{"Weight":1,"CFrame":[0.835737407207489,0.24474948644638062,-0.4688471555709839,0.9862732291221619,0.1350332498550415,0.09503250569105149,-0.14187975227832795,0.9874493479728699,0.06938264518976212,-0.08447074890136719,-0.08191344887018204,0.9930533170700073],"EasingStyle":"Linear","EasingDirection":"In"}}},{"Time":0.36666667461395266,"poses":{"Left Leg":{"Weight":1,"CFrame":[0.40568554401397707,0.22289663553237916,-0.3206157684326172,0.09355765581130982,-0.5740668177604675,0.8134459853172302,0.5954461097717285,0.6870665550231934,0.4163934588432312,-0.7979291081428528,0.4454064667224884,0.4061061441898346],"EasingStyle":"Linear","EasingDirection":"In"},"Right Arm":{"Weight":1,"CFrame":[0.3863658010959625,-0.2928568124771118,0.24408650398254395,0.2559783458709717,0.013590019196271897,-0.9665870070457459,0.8202722668647766,0.5260197520256043,0.22462598979473115,0.5114963054656982,-0.8503638505935669,0.12350226938724518],"EasingStyle":"Linear","EasingDirection":"In"},"Left Arm":{"Weight":1,"CFrame":[-0.1945231854915619,-0.15338492393493653,0.5428850650787354,-0.257032573223114,-0.40473270416259768,0.877568244934082,-0.8431560397148132,0.5376680493354797,0.0010176399955525995,-0.4722521901130676,-0.739665150642395,-0.47945070266723635],"EasingStyle":"Linear","EasingDirection":"In"},"Head":{"Weight":1,"CFrame":[8.754432201385498e-8,4.190951585769653e-9,0.016662120819091798,0.9626622796058655,-0.2628096342086792,0.06490404158830643,0.2666377127170563,0.9619479179382324,-0.059670742601156238,-0.04675227031111717,0.07474856823682785,0.9961059093475342],"EasingStyle":"Linear","EasingDirection":"In"},"Torso":{"Weight":1,"CFrame":[-0.07704505324363709,0.038016557693481448,-0.28041982650756838,-0.25971147418022158,0.9654715657234192,0.020366758108139039,-0.9656738638877869,-0.25954312086105349,-0.010560699738562107,-0.004910004325211048,-0.022410377860069276,0.9997369050979614],"EasingStyle":"Linear","EasingDirection":"In"},"HumanoidRootPart":{"Weight":1,"CFrame":[0,0,0,1,0,0,0,1,0,0,0,1],"EasingStyle":"Linear","EasingDirection":"In"},"Right Leg":{"Weight":1,"CFrame":[0.8306844830513,0.3032984733581543,-0.8259222507476807,0.8726112842559815,-0.13549235463142396,0.46924567222595217,0.06448590010404587,0.9843013286590576,0.16429390013217927,-0.48413968086242678,-0.11310487240552902,0.8676497340202332],"EasingStyle":"Linear","EasingDirection":"In"}}},{"Time":0.4000000059604645,"poses":{"Left Leg":{"Weight":1,"CFrame":[0.4443219006061554,0.21576428413391114,-0.554458737373352,-0.30276817083358767,-0.2757357954978943,0.9123055934906006,0.5561409592628479,0.7262474894523621,0.4040687382221222,-0.7739759683609009,0.629709780216217,-0.06653658300638199],"EasingStyle":"Linear","EasingDirection":"In"},"Right Arm":{"Weight":1,"CFrame":[0.46552062034606936,-0.2036760449409485,0.24549496173858643,0.17841149866580964,-0.188972607254982,-0.9656389951705933,0.8179705739021301,0.5739495158195496,0.03880813345313072,0.5468944907188416,-0.7967881560325623,0.25697317719459536],"EasingStyle":"Linear","EasingDirection":"In"},"Left Arm":{"Weight":1,"CFrame":[-0.26899492740631106,-0.1509285867214203,0.5785214900970459,-0.0908057913184166,-0.2578091025352478,0.961919367313385,-0.8681496977806091,0.49373897910118105,0.050375666469335559,-0.48792460560798647,-0.8305157423019409,-0.26865115761756899],"EasingStyle":"Linear","EasingDirection":"In"},"Head":{"Weight":1,"CFrame":[9.499490261077881e-8,-1.257285475730896e-8,0.016662240028381349,0.9806128740310669,-0.19496983289718629,0.019628562033176423,0.19580093026161195,0.9788884520530701,-0.058646515011787418,-0.0077799297869205479,0.06135294958949089,0.9980859160423279],"EasingStyle":"Linear","EasingDirection":"In"},"Torso":{"Weight":1,"CFrame":[-0.018921811133623124,0.10193858295679093,-0.2879328727722168,-0.9309840798377991,0.3650236129760742,0.0051518999971449379,-0.3650360107421875,-0.9306687116622925,-0.024587687104940416,-0.004180372692644596,-0.024771379306912423,0.9996843934059143],"EasingStyle":"Linear","EasingDirection":"In"},"HumanoidRootPart":{"Weight":1,"CFrame":[0,0,0,1,0,0,0,1,0,0,0,1],"EasingStyle":"Linear","EasingDirection":"In"},"Right Leg":{"Weight":1,"CFrame":[0.803989827632904,0.12383729219436646,-1.0247775316238404,0.5119426250457764,-0.02587880752980709,0.8586298823356628,0.26778194308280947,0.9545472860336304,-0.13089047372341157,-0.816215455532074,0.29693403840065,0.49560320377349856],"EasingStyle":"Linear","EasingDirection":"In"}}},{"Time":0.4333333373069763,"poses":{"Left Leg":{"Weight":1,"CFrame":[0.21607571840286256,-0.1688746213912964,0.14752721786499024,0.11223690211772919,-0.6256421804428101,0.7719940543174744,0.8370922207832336,0.47814875841140749,0.26580172777175906,-0.5354247093200684,0.6163973808288574,0.5773861408233643],"EasingStyle":"Linear","EasingDirection":"In"},"Right Arm":{"Weight":1,"CFrame":[0.4570207893848419,-0.16042765974998475,0.2215125560760498,0.241850346326828,-0.3958526849746704,-0.8858945369720459,0.7569605112075806,0.648171067237854,-0.08297736197710037,0.6070579290390015,-0.6505189538002014,0.45640525221824648],"EasingStyle":"Linear","EasingDirection":"In"},"Left Arm":{"Weight":1,"CFrame":[-0.26022595167160036,-0.16971272230148316,0.5145735740661621,0.06459149718284607,-0.08915974199771881,0.9939208030700684,-0.8562142848968506,0.5066337585449219,0.1010899767279625,-0.5125670433044434,-0.8575387597084045,-0.04361541196703911],"EasingStyle":"Linear","EasingDirection":"In"},"Head":{"Weight":1,"CFrame":[1.0477378964424133e-7,7.450580596923828e-9,0.016662120819091798,0.9179601073265076,-0.39664486050605776,0.00469055213034153,0.39558836817741396,0.914513111114502,-0.0847110003232956,0.029310593381524087,0.07961685955524445,0.9963945150375366],"EasingStyle":"Linear","EasingDirection":"In"},"Torso":{"Weight":1,"CFrame":[0.09045322239398956,0.005195286124944687,-0.25981950759887698,-0.8295034170150757,-0.5582260489463806,-0.017546815797686578,0.5584839582443237,-0.8293182849884033,-0.01808176375925541,-0.004458181094378233,-0.024798499420285226,0.9996825456619263],"EasingStyle":"Linear","EasingDirection":"In"},"HumanoidRootPart":{"Weight":1,"CFrame":[0,0,0,1,0,0,0,1,0,0,0,1],"EasingStyle":"Linear","EasingDirection":"In"},"Right Leg":{"Weight":1,"CFrame":[0.7597144842147827,-0.1897270679473877,-1.1929898262023926,0.3109941780567169,0.4419003129005432,0.8414313197135925,0.05009981244802475,0.8764801025390625,-0.47882428765296938,-0.9490904808044434,0.19106721878051759,0.2504410445690155],"EasingStyle":"Linear","EasingDirection":"In"}}},{"Time":0.46666666865348818,"poses":{"Left Leg":{"Weight":1,"CFrame":[-0.15513265132904054,0.16034501791000367,0.30414414405822756,0.003737331833690405,-0.9467986822128296,0.32180482149124148,0.5476899147033691,0.2711871862411499,0.7915132641792297,-0.8366731405258179,0.1732911616563797,0.5195657014846802],"EasingStyle":"Linear","EasingDirection":"In"},"Right Arm":{"Weight":1,"CFrame":[0.4428359270095825,-0.13479119539260865,0.15864348411560059,0.4574597179889679,-0.6484501361846924,-0.6084760427474976,0.719508945941925,0.6720138788223267,-0.17522646486759187,0.5225299000740051,-0.35764503479003909,0.7739849090576172],"EasingStyle":"Linear","EasingDirection":"In"},"Left Arm":{"Weight":1,"CFrame":[-0.2450203001499176,-0.21280303597450257,0.36736059188842776,0.19188633561134339,0.07803578674793244,0.9783098101615906,-0.8135858774185181,0.5701398849487305,0.11409957706928253,-0.5488696098327637,-0.8178330063819885,0.1728908270597458],"EasingStyle":"Linear","EasingDirection":"In"},"Head":{"Weight":1,"CFrame":[1.0523945093154907e-7,1.862645149230957e-8,0.016662240028381349,0.9943202137947083,0.10643001645803452,-0.00029278150759637356,-0.10538122057914734,0.984129786491394,-0.14277055859565736,-0.014907043427228928,0.1419905126094818,0.9897558093070984],"EasingStyle":"Linear","EasingDirection":"In"},"Torso":{"Weight":1,"CFrame":[0.14611728489398957,0.14300532639026643,-0.20182538032531739,-0.39003247022628786,-0.9205341935157776,-0.022173242643475534,0.9207961559295654,-0.389996200799942,-0.00611821748316288,-0.003015452064573765,-0.02280334196984768,0.999735414981842],"EasingStyle":"Linear","EasingDirection":"In"},"HumanoidRootPart":{"Weight":1,"CFrame":[0,0,0,1,0,0,0,1,0,0,0,1],"EasingStyle":"Linear","EasingDirection":"In"},"Right Leg":{"Weight":1,"CFrame":[0.5282624959945679,-0.36991989612579348,-0.7798820734024048,0.33610233664512637,0.5371517539024353,0.773629903793335,-0.04178990051150322,0.8291117548942566,-0.5575187802314758,-0.9408979415893555,0.15505351126194,0.3011138439178467],"EasingStyle":"Linear","EasingDirection":"In"}}},{"Time":0.5,"poses":{"Left Leg":{"Weight":1,"CFrame":[0.051343511790037158,-0.11246252059936524,0.0805511474609375,0.16658753156661988,-0.9177269339561462,0.3605911135673523,0.9080365896224976,0.28533071279525759,0.30668556690216067,-0.384341299533844,0.27633994817733767,0.8808621764183044],"EasingStyle":"Linear","EasingDirection":"In"},"Right Arm":{"Weight":1,"CFrame":[0.42794695496559145,-0.12281286716461182,0.07729542255401612,0.6489443778991699,-0.7570423483848572,-0.07588182389736176,0.725570559501648,0.6457920670509338,-0.23769763112068177,0.22895096242427827,0.09919486194849014,0.968370795249939],"EasingStyle":"Linear","EasingDirection":"In"},"Left Arm":{"Weight":1,"CFrame":[-0.22439953684806825,-0.2641688287258148,0.1933002471923828,0.3078076243400574,0.23793543875217439,0.9212172031402588,-0.762428879737854,0.6408917903900147,0.08921933174133301,-0.5691720247268677,-0.7298250198364258,0.37868040800094607],"EasingStyle":"Linear","EasingDirection":"In"},"Head":{"Weight":1,"CFrame":[9.12696123123169e-8,0,0.016662240028381349,0.967319667339325,0.2517024874687195,-0.030637163668870927,-0.2534620761871338,0.9565008282661438,-0.14444085955619813,-0.007051631808280945,0.14748583734035493,0.9890390634536743],"EasingStyle":"Linear","EasingDirection":"In"},"Torso":{"Weight":1,"CFrame":[0.1927405595779419,0.14094805717468263,-0.20255184173583985,0.12018903344869614,-0.9924715757369995,-0.023554552346467973,0.9927422404289246,0.12005394697189331,0.0070726401172578339,-0.004191576968878508,-0.024233652278780938,0.9996975064277649],"EasingStyle":"Linear","EasingDirection":"In"},"HumanoidRootPart":{"Weight":1,"CFrame":[0,0,0,1,0,0,0,1,0,0,0,1],"EasingStyle":"Linear","EasingDirection":"In"},"Right Leg":{"Weight":1,"CFrame":[0.5407155752182007,-0.33663415908813479,-0.7593210935592651,0.24067538976669312,0.5546826124191284,0.7964938879013062,-0.2426612675189972,0.828942060470581,-0.5039551854133606,-0.9397823810577393,-0.07198857516050339,0.33410587906837466],"EasingStyle":"Linear","EasingDirection":"In"}}},{"Time":0.5333333611488342,"poses":{"Left Leg":{"Weight":1,"CFrame":[-0.22783464193344117,-0.4742337465286255,0.09060025215148926,0.11066709458827973,-0.9720582365989685,0.2070159614086151,0.9893266558647156,0.12761320173740388,0.07034038752317429,-0.09479295462369919,0.1970219612121582,0.9758056998252869],"EasingStyle":"Linear","EasingDirection":"In"},"Right Arm":{"Weight":1,"CFrame":[0.4156954288482666,-0.12001106142997742,-0.010526537895202637,0.6308050155639648,-0.6381363272666931,0.4414374530315399,0.7690138816833496,0.589995265007019,-0.24601520597934724,-0.10345471650362015,0.49465903639793398,0.8629076480865479],"EasingStyle":"Linear","EasingDirection":"In"},"Left Arm":{"Weight":1,"CFrame":[-0.19889560341835023,-0.3074705898761749,0.04889810085296631,0.42065614461898806,0.39723414182662966,0.8156305551528931,-0.7254347801208496,0.6871582269668579,0.039473529905080798,-0.5447869300842285,-0.6082916855812073,0.5772249102592468],"EasingStyle":"Linear","EasingDirection":"In"},"Head":{"Weight":1,"CFrame":[8.102506399154663e-8,7.450580596923828e-9,0.016661763191223146,0.9034660458564758,0.4253327250480652,-0.05330447107553482,-0.42853543162345889,0.8931958079338074,-0.13623082637786866,-0.010332117788493634,0.14592276513576508,0.9892420172691345],"EasingStyle":"Linear","EasingDirection":"In"},"Torso":{"Weight":1,"CFrame":[0.19583773612976075,0.11381698399782181,-0.18992900848388673,0.32321828603744509,-0.9461302757263184,-0.01916896179318428,0.9463235139846802,0.3231218457221985,0.008015229366719723,-0.001389542012475431,-0.020730705931782724,0.9997841119766235],"EasingStyle":"Linear","EasingDirection":"In"},"HumanoidRootPart":{"Weight":1,"CFrame":[0,0,0,1,0,0,0,1,0,0,0,1],"EasingStyle":"Linear","EasingDirection":"In"},"Right Leg":{"Weight":1,"CFrame":[0.5069886445999146,-0.25510358810424807,-0.6371657252311707,0.4205532670021057,0.5133212208747864,0.7480884194374085,-0.4002121686935425,0.8449538350105286,-0.35480064153671267,-0.8142268657684326,-0.15018150210380555,0.5607853531837463],"EasingStyle":"Linear","EasingDirection":"In"}}},{"Time":0.5666666626930237,"poses":{"Left Leg":{"Weight":1,"CFrame":[-0.43281811475753786,-0.6742546558380127,-0.05994361639022827,0.06703377515077591,-0.995341420173645,0.06929615885019303,0.9891499876976013,0.05719587579369545,-0.13531836867332459,0.13072440028190614,0.07761531323194504,0.9883760213851929],"EasingStyle":"Linear","EasingDirection":"In"},"Right Arm":{"Weight":1,"CFrame":[0.3985956907272339,-0.12206557393074036,-0.09299403429031372,0.5097516775131226,-0.5353444218635559,0.6734681725502014,0.829868733882904,0.5124027132987976,-0.22081978619098664,-0.2268722802400589,0.6714534759521484,0.7054638862609863],"EasingStyle":"Linear","EasingDirection":"In"},"Left Arm":{"Weight":1,"CFrame":[-0.1687626987695694,-0.3261565566062927,-0.008949100971221924,0.5247805118560791,0.5675497055053711,0.634423017501831,-0.7279846668243408,0.6855040788650513,-0.011073913425207138,-0.44118455052375796,-0.4560389816761017,0.7729067802429199],"EasingStyle":"Linear","EasingDirection":"In"},"Head":{"Weight":1,"CFrame":[7.706694304943085e-8,4.0978193283081057e-8,0.016662120819091798,0.8821293711662293,0.4675424098968506,-0.05702460929751396,-0.4708799123764038,0.8725890517234802,-0.12984849512577058,-0.010950595140457154,0.14139488339424134,0.9898927807807922],"EasingStyle":"Linear","EasingDirection":"In"},"Torso":{"Weight":1,"CFrame":[0.19730304181575776,0.07950294762849808,-0.15816283226013184,0.5456676483154297,-0.8379001021385193,-0.013045379891991616,0.8380013108253479,0.5456171631813049,0.007470668759196997,0.0008581114816479385,-0.015008545480668545,0.9998869895935059],"EasingStyle":"Linear","EasingDirection":"In"},"HumanoidRootPart":{"Weight":1,"CFrame":[0,0,0,1,0,0,0,1,0,0,0,1],"EasingStyle":"Linear","EasingDirection":"In"},"Right Leg":{"Weight":1,"CFrame":[0.46575668454170229,-0.1548393964767456,-0.5485857129096985,0.5740331411361694,0.44349750876426699,0.6883283257484436,-0.4701714515686035,0.8667547106742859,-0.16635899245738984,-0.6703914999961853,-0.22813670337200166,0.7060657739639282],"EasingStyle":"Linear","EasingDirection":"In"}}},{"Time":0.6000000238418579,"poses":{"Left Leg":{"Weight":1,"CFrame":[-0.665780246257782,-0.6957700252532959,-0.09282797574996948,0.15346035361289979,-0.9849296808242798,0.07977175712585449,0.9662299156188965,0.13265447318553925,-0.22091317176818849,0.20700180530548097,0.11097928136587143,0.9720256328582764],"EasingStyle":"Linear","EasingDirection":"In"},"Right Arm":{"Weight":1,"CFrame":[0.3678973615169525,-0.12489631772041321,-0.15664619207382203,0.3161090016365051,-0.6601366996765137,0.681391716003418,0.9118255972862244,0.40975096821784975,-0.02604173868894577,-0.2620098292827606,0.6295424103736877,0.7314555644989014],"EasingStyle":"Linear","EasingDirection":"In"},"Left Arm":{"Weight":1,"CFrame":[-0.13619937002658845,-0.309827983379364,0.008060812950134278,0.5917595624923706,0.7333170771598816,0.334763765335083,-0.7741941213607788,0.6327077746391296,-0.01744122989475727,-0.22459754347801209,-0.24885118007659913,0.9421406984329224],"EasingStyle":"Linear","EasingDirection":"In"},"Head":{"Weight":1,"CFrame":[6.426125764846802e-8,0,0.01666259765625,0.8958330154418945,0.44134601950645449,-0.051932621747255328,-0.4442886412143707,0.8869832158088684,-0.12597043812274934,-0.009533227421343327,0.13592159748077393,0.9906737804412842],"EasingStyle":"Linear","EasingDirection":"In"},"Torso":{"Weight":1,"CFrame":[0.1928749680519104,0.0446937195956707,-0.11624526977539063,0.7460195422172546,-0.6658909916877747,-0.006642667576670647,0.6659222841262817,0.7460039258003235,0.00507619883865118,0.0015752611216157675,-0.008210443891584874,0.9999650716781616],"EasingStyle":"Linear","EasingDirection":"In"},"HumanoidRootPart":{"Weight":1,"CFrame":[0,0,0,1,0,0,0,1,0,0,0,1],"EasingStyle":"Linear","EasingDirection":"In"},"Right Leg":{"Weight":1,"CFrame":[0.48419806361198428,-0.10725820064544678,-0.542631983757019,0.5677932500839233,0.35212069749832156,0.744057834148407,-0.4460463523864746,0.8912986516952515,-0.08142195641994477,-0.6918479204177856,-0.28565332293510439,0.6631354093551636],"EasingStyle":"Linear","EasingDirection":"In"}}},{"Time":0.6333333253860474,"poses":{"Left Leg":{"Weight":1,"CFrame":[-0.8503430485725403,-0.5057700872421265,-0.02104848623275757,0.3295028805732727,-0.9422604441642761,0.059776172041893008,0.9366152286529541,0.31823092699050906,-0.14656402170658112,0.11907881498336792,0.10428045690059662,0.9873935580253601],"EasingStyle":"Linear","EasingDirection":"In"},"Right Arm":{"Weight":1,"CFrame":[0.32446858286857607,-0.12336951494216919,-0.19905751943588258,-0.01656561903655529,-0.89486163854599,0.44603630900382998,0.9118224382400513,0.16951625049114228,0.3739573359489441,-0.4102504849433899,0.4129006862640381,0.813146710395813],"EasingStyle":"Linear","EasingDirection":"In"},"Left Arm":{"Weight":1,"CFrame":[-0.11035434156656265,-0.278986394405365,0.04404628276824951,0.562821090