{"Sequence":[{"Time":0,"poses":{"Left Leg":{"Weight":1,"CFrame":[-0.1643679440021515,0.06631690263748169,0.05192387104034424,0.938517689704895,-0.24759165942668916,0.2405891716480255,0.22321806848049165,0.9668227434158325,0.12420793622732163,-0.2633598744869232,-0.06286747753620148,0.9626470804214478],"EasingStyle":"Linear","EasingDirection":"In"},"Right Arm":{"Weight":1,"CFrame":[-0.022385984659194948,-0.1139870285987854,0.35318493843078616,0.07990735024213791,-0.19776688516139985,-0.9769867658615112,0.9681018590927124,0.24889682233333589,0.028797592967748643,0.23747356235980988,-0.9481237530708313,0.2113473117351532],"EasingStyle":"Linear","EasingDirection":"In"},"Left Arm":{"Weight":1,"CFrame":[0.022386014461517335,-0.11398738622665405,0.35318493843078616,0.05862685292959213,0.20508424937725068,0.9769869446754456,-0.9889363646507263,0.14551812410354615,0.028797481209039689,-0.1362634301185608,-0.9678661823272705,0.2113465666770935],"EasingStyle":"Linear","EasingDirection":"In"},"Head":{"Weight":1,"CFrame":[8.847564458847046e-8,5.948822945356369e-8,-1.1920928955078126e-7,1,-6.06523897772604e-8,8.661300654466686e-8,6.426125764846802e-8,1,-4.394678754238157e-8,-8.66129994392395e-8,4.1764000258126546e-8,1],"EasingStyle":"Linear","EasingDirection":"In"},"Torso":{"Weight":1,"CFrame":[0.007626546546816826,0.07319149374961853,-0.05063462257385254,0.9987362623214722,-0.04934568703174591,0.00953309703618288,0.048248808830976489,0.9944985508918762,0.09297790378332138,-0.014068707823753357,-0.0924004465341568,0.9956226348876953],"EasingStyle":"Linear","EasingDirection":"In"},"HumanoidRootPart":{"Weight":1,"CFrame":[0,0,0,1,0,0,0,1,0,0,0,1],"EasingStyle":"Linear","EasingDirection":"In"},"Right Leg":{"Weight":1,"CFrame":[0.08556170761585236,0.05505788326263428,0.04061901569366455,0.9302878975868225,0.24887622892856599,-0.26949062943458559,-0.2217571884393692,0.9667573571205139,0.12729543447494508,0.2922128736972809,-0.058659981936216357,0.9545526504516602],"EasingStyle":"Linear","EasingDirection":"In"}}},{"Time":0.03999999910593033,"poses":{"Left Leg":{"Weight":1,"CFrame":[-0.14591889083385468,0.06425482034683228,0.044446706771850589,0.9436237812042236,-0.23834915459156037,0.22970367968082429,0.21373672783374787,0.9685980081558228,0.12702201306819917,-0.2527661919593811,-0.07076483219861984,0.9649360775947571],"EasingStyle":"Linear","EasingDirection":"In"},"Right Arm":{"Weight":1,"CFrame":[-0.02238594740629196,-0.11398687958717346,0.35318493843078616,0.08928875625133515,-0.2009429782629013,-0.9755252003669739,0.9673089385032654,0.2509087920188904,0.03685343265533447,0.23736229538917542,-0.9469248652458191,0.21677741408348084],"EasingStyle":"Linear","EasingDirection":"In"},"Left Arm":{"Weight":1,"CFrame":[0.022385932505130769,-0.11398684978485108,0.3531850576400757,0.06521481275558472,0.20728911459445954,0.9761036038398743,-0.9878795146942139,0.1514914482831955,0.033830247819423679,-0.14085876941680909,-0.9664790034294128,0.2146562784910202],"EasingStyle":"Linear","EasingDirection":"In"},"Head":{"Weight":1,"CFrame":[9.033828973770142e-8,2.3748725652694703e-8,-5.960464477539063e-8,1,-7.031486148889599e-8,8.428470010812816e-8,6.647314876317978e-8,1,-6.61821175640398e-8,-8.707866072654724e-8,5.762559140976009e-8,1],"EasingStyle":"Linear","EasingDirection":"In"},"Torso":{"Weight":1,"CFrame":[0.00869208388030529,0.07943694293498993,-0.0423436164855957,0.998160719871521,-0.059641703963279727,0.010865019634366036,0.05824834853410721,0.9932016730308533,0.10078471899032593,-0.016802124679088594,-0.09996646642684937,0.9948490262031555],"EasingStyle":"Linear","EasingDirection":"In"},"HumanoidRootPart":{"Weight":1,"CFrame":[0,0,0,1,0,0,0,1,0,0,0,1],"EasingStyle":"Linear","EasingDirection":"In"},"Right Leg":{"Weight":1,"CFrame":[0.034412555396556857,0.05295068025588989,0.028183579444885255,0.9314866065979004,0.23430846631526948,-0.27826663851737978,-0.20581883192062379,0.970188558101654,0.1279563456773758,0.2999524474143982,-0.061917103826999667,0.9519426822662354],"EasingStyle":"Linear","EasingDirection":"In"}}},{"Time":0.07999999821186066,"poses":{"Left Leg":{"Weight":1,"CFrame":[-0.10308145731687546,0.06165754795074463,0.02993643283843994,0.9536281824111939,-0.2162189930677414,0.20938634872436524,0.19150221347808839,0.97255939245224,0.13211874663829804,-0.2322072982788086,-0.08589423447847367,0.9688664674758911],"EasingStyle":"Linear","EasingDirection":"In"},"Right Arm":{"Weight":1,"CFrame":[-0.022385992109775544,-0.11398673057556153,0.35318493843078616,0.1066911369562149,-0.20677901804447175,-0.972553014755249,0.9656294584274292,0.2547140121459961,0.05177561938762665,0.2370167374610901,-0.9446497559547424,0.2268477976322174],"EasingStyle":"Linear","EasingDirection":"In"},"Left Arm":{"Weight":1,"CFrame":[0.02238597720861435,-0.11398696899414063,0.3531850576400757,0.07747085392475128,0.21127232909202577,0.974352240562439,-0.9857491254806519,0.162602499127388,0.04311933368444443,-0.1493222713470459,-0.9638073444366455,0.22085849940776826],"EasingStyle":"Linear","EasingDirection":"In"},"Head":{"Weight":1,"CFrame":[8.009374141693115e-8,3.888271749019623e-8,2.384185791015625e-7,1,-8.055940270423889e-8,8.568167686462403e-8,5.611219222600994e-8,1,2.561137080192566e-9,-8.754432911928234e-8,8.498318493366242e-9,1],"EasingStyle":"Linear","EasingDirection":"In"},"Torso":{"Weight":1,"CFrame":[0.01049896702170372,0.09105026721954346,-0.027080774307250978,0.9968063235282898,-0.07877254486083985,0.013123620301485062,0.07674523442983628,0.9903614521026611,0.11530134826898575,-0.0220797099173069,-0.11392592638731003,0.9932438731193543],"EasingStyle":"Linear","EasingDirection":"In"},"HumanoidRootPart":{"Weight":1,"CFrame":[0,0,0,1,0,0,0,1,0,0,0,1],"EasingStyle":"Linear","EasingDirection":"In"},"Right Leg":{"Weight":1,"CFrame":[-0.1430797576904297,0.0641857385635376,-0.025207579135894777,0.9424098134040833,0.15857788920402528,-0.29447704553604128,-0.12506628036499024,0.9836654663085938,0.1294631063938141,0.31019696593284609,-0.08517824113368988,0.9468488097190857],"EasingStyle":"Linear","EasingDirection":"In"}}},{"Time":0.11999999731779099,"poses":{"Left Leg":{"Weight":1,"CFrame":[-0.07269425690174103,0.0612451434135437,0.02138662338256836,0.9594923257827759,-0.2000342458486557,0.1983955204486847,0.17544175684452058,0.9752187132835388,0.13479158282279969,-0.22044198215007783,-0.09452462941408158,0.9708092212677002],"EasingStyle":"Linear","EasingDirection":"In"},"Right Arm":{"Weight":1,"CFrame":[-0.02238594740629196,-0.11398690938949585,0.35318493843078616,0.11604839563369751,-0.2098880559206009,-0.9708139896392822,0.964613676071167,0.2567996084690094,0.059787604957818988,0.2367558777332306,-0.9433987140655518,0.23226216435432435],"EasingStyle":"Linear","EasingDirection":"In"},"Left Arm":{"Weight":1,"CFrame":[0.022385962307453157,-0.11398699879646301,0.3531850576400757,0.08408035337924957,0.21335677802562715,0.9733495712280273,-0.9845118522644043,0.16859397292137147,0.04808903485536575,-0.1538408398628235,-0.9623175263404846,0.22422780096530915],"EasingStyle":"Linear","EasingDirection":"In"},"Head":{"Weight":1,"CFrame":[8.940696716308594e-8,1.816079020500183e-8,1.1920928955078126e-7,1,-6.076880509908733e-8,8.754432911928234e-8,5.7043514800625419e-8,1,-9.406359424701805e-8,-8.847565169389782e-8,9.976794501653785e-8,1],"EasingStyle":"Linear","EasingDirection":"In"},"Torso":{"Weight":1,"CFrame":[0.011378850787878037,0.09730860590934754,-0.01893472671508789,0.9959233999252319,-0.08907422423362732,0.014223480597138405,0.08666080981492996,0.9886001944541931,0.12312427908182144,-0.02502852864563465,-0.1213897168636322,0.9922894239425659],"EasingStyle":"Linear","EasingDirection":"In"},"HumanoidRootPart":{"Weight":1,"CFrame":[0,0,0,1,0,0,0,1,0,0,0,1],"EasingStyle":"Linear","EasingDirection":"In"},"Right Leg":{"Weight":1,"CFrame":[-0.1474331021308899,0.06461477279663086,-0.026599466800689698,0.9375587701797485,0.17053546011447907,-0.3031521737575531,-0.13645200431346894,0.9820237755775452,0.13042336702346803,0.3199445903301239,-0.08091393113136292,0.9439748525619507],"EasingStyle":"Linear","EasingDirection":"In"}}},{"Time":0.1599999964237213,"poses":{"Left Leg":{"Weight":1,"CFrame":[-0.0969800055027008,0.061725080013275149,0.026288509368896486,0.9564778208732605,-0.21397361159324647,0.19840754568576814,0.18955326080322267,0.9725390672683716,0.1350460797548294,-0.22185547649860383,-0.09155981987714768,0.970771312713623],"EasingStyle":"Linear","EasingDirection":"In"},"Right Arm":{"Weight":1,"CFrame":[-0.022385917603969575,-0.11398690938949585,0.35318493843078616,0.11604839563369751,-0.2098880559206009,-0.9708139896392822,0.964613676071167,0.2567996084690094,0.059787604957818988,0.2367558777332306,-0.9433987140655518,0.23226216435432435],"EasingStyle":"Linear","EasingDirection":"In"},"Left Arm":{"Weight":1,"CFrame":[0.02238590270280838,-0.11398699879646301,0.3531850576400757,0.08408035337924957,0.21335677802562715,0.9733495712280273,-0.9845118522644043,0.16859397292137147,0.04808903485536575,-0.1538408398628235,-0.9623175263404846,0.22422780096530915],"EasingStyle":"Linear","EasingDirection":"In"},"Head":{"Weight":1,"CFrame":[8.940696716308594e-8,-1.1641532182693482e-8,1.1920928955078126e-7,1,-6.076880509908733e-8,8.754432911928234e-8,5.7043514800625419e-8,1,-9.406359424701805e-8,-8.847565169389782e-8,9.976794501653785e-8,1],"EasingStyle":"Linear","EasingDirection":"In"},"Torso":{"Weight":1,"CFrame":[0.011378850787878037,0.09730860590934754,-0.023940563201904298,0.9959233999252319,-0.08907422423362732,0.014223480597138405,0.08666080981492996,0.9886001944541931,0.12312427908182144,-0.02502852864563465,-0.1213897168636322,0.9922894239425659],"EasingStyle":"Linear","EasingDirection":"In"},"HumanoidRootPart":{"Weight":1,"CFrame":[0,0,0,1,0,0,0,1,0,0,0,1],"EasingStyle":"Linear","EasingDirection":"In"},"Right Leg":{"Weight":1,"CFrame":[-0.14744043350219727,0.06478726863861084,-0.026625335216522218,0.9375300407409668,0.1706761121749878,-0.30316153168678286,-0.13648176193237306,0.9819738864898682,0.13076770305633546,0.32001566886901858,-0.08122266829013825,0.9439241886138916],"EasingStyle":"Linear","EasingDirection":"In"}}},{"Time":0.20000000298023225,"poses":{"Left Leg":{"Weight":1,"CFrame":[-0.13545610010623933,0.06317508220672608,0.03396177291870117,0.9512873888015747,-0.2359614074230194,0.19843029975891114,0.21180565655231477,0.9678698778152466,0.1355227530002594,-0.2240329384803772,-0.08689246326684952,0.9707002639770508],"EasingStyle":"Linear","EasingDirection":"In"},"Right Arm":{"Weight":1,"CFrame":[-0.02238594740629196,-0.11398667097091675,0.35318493843078616,0.11604839563369751,-0.2098880559206009,-0.9708139896392822,0.964613676071167,0.2567996084690094,0.059787604957818988,0.2367558777332306,-0.9433987140655518,0.23226216435432435],"EasingStyle":"Linear","EasingDirection":"In"},"Left Arm":{"Weight":1,"CFrame":[0.022385932505130769,-0.11398699879646301,0.3531850576400757,0.08408035337924957,0.21335677802562715,0.9733495712280273,-0.9845118522644043,0.16859397292137147,0.04808903485536575,-0.1538408398628235,-0.9623175263404846,0.22422780096530915],"EasingStyle":"Linear","EasingDirection":"In"},"Head":{"Weight":1,"CFrame":[8.940696716308594e-8,-1.1641532182693482e-8,1.1920928955078126e-7,1,-6.076880509908733e-8,8.754432911928234e-8,5.7043514800625419e-8,1,-9.406359424701805e-8,-8.847565169389782e-8,9.976794501653785e-8,1],"EasingStyle":"Linear","EasingDirection":"In"},"Torso":{"Weight":1,"CFrame":[0.011378850787878037,0.09730860590934754,-0.033237457275390628,0.9959233999252319,-0.08907422423362732,0.014223480597138405,0.08666080981492996,0.9886001944541931,0.12312427908182144,-0.02502852864563465,-0.1213897168636322,0.9922894239425659],"EasingStyle":"Linear","EasingDirection":"In"},"HumanoidRootPart":{"Weight":1,"CFrame":[0,0,0,1,0,0,0,1,0,0,0,1],"EasingStyle":"Linear","EasingDirection":"In"},"Right Leg":{"Weight":1,"CFrame":[-0.10777590423822403,0.05985534191131592,-0.013196885585784912,0.9329409003257752,0.194174662232399,-0.3031788468360901,-0.1608862280845642,0.9781852960586548,0.13141241669654847,0.32208213210105898,-0.0738227516412735,0.9438291788101196],"EasingStyle":"Linear","EasingDirection":"In"}}},{"Time":0.23999999463558198,"poses":{"Left Leg":{"Weight":1,"CFrame":[-0.1536000370979309,0.06416130065917969,0.03753936290740967,0.9486636519432068,-0.246288001537323,0.19844265282154084,0.22225290536880494,0.965488076210022,0.13578154146671296,-0.22503544390201569,-0.08470656722784043,0.9706616401672363],"EasingStyle":"Linear","EasingDirection":"In"},"Right Arm":{"Weight":1,"CFrame":[-0.022385887801647188,-0.11398690938949585,0.35318493843078616,0.11604839563369751,-0.2098880559206009,-0.9708139896392822,0.964613676071167,0.2567996084690094,0.059787604957818988,0.2367558777332306,-0.9433987140655518,0.23226216435432435],"EasingStyle":"Linear","EasingDirection":"In"},"Left Arm":{"Weight":1,"CFrame":[0.02238590270280838,-0.11398723721504212,0.3531850576400757,0.08408035337924957,0.21335677802562715,0.9733495712280273,-0.9845118522644043,0.16859397292137147,0.04808903485536575,-0.1538408398628235,-0.9623175263404846,0.22422780096530915],"EasingStyle":"Linear","EasingDirection":"In"},"Head":{"Weight":1,"CFrame":[8.940696716308594e-8,-4.1443854570388797e-8,-1.1920928955078126e-7,1,-6.076880509908733e-8,8.754432911928234e-8,5.7043514800625419e-8,1,-9.406359424701805e-8,-8.847565169389782e-8,9.976794501653785e-8,1],"EasingStyle":"Linear","EasingDirection":"In"},"Torso":{"Weight":1,"CFrame":[0.011378850787878037,0.09730860590934754,-0.03824329376220703,0.9959233999252319,-0.08907422423362732,0.014223480597138405,0.08666080981492996,0.9886001944541931,0.12312427908182144,-0.02502852864563465,-0.1213897168636322,0.9922894239425659],"EasingStyle":"Linear","EasingDirection":"In"},"HumanoidRootPart":{"Weight":1,"CFrame":[0,0,0,1,0,0,0,1,0,0,0,1],"EasingStyle":"Linear","EasingDirection":"In"},"Right Leg":{"Weight":1,"CFrame":[-0.050411783158779147,0.05391818284988403,0.006063699722290039,0.9253560304641724,0.22758086025714875,-0.30318814516067507,-0.19581903517246247,0.9717476963996887,0.1317625790834427,0.3246091604232788,-0.06255737692117691,0.9437772631645203],"EasingStyle":"Linear","EasingDirection":"In"}}},{"Time":0.2800000011920929,"poses":{"Left Leg":{"Weight":1,"CFrame":[-0.1536000370979309,0.06416130065917969,0.03753936290740967,0.9486636519432068,-0.246288001537323,0.19844265282154084,0.22225290536880494,0.965488076210022,0.13578154146671296,-0.22503544390201569,-0.08470656722784043,0.9706616401672363],"EasingStyle":"Linear","EasingDirection":"In"},"Right Arm":{"Weight":1,"CFrame":[-0.022385887801647188,-0.11398690938949585,0.35318493843078616,0.11604839563369751,-0.2098880559206009,-0.9708139896392822,0.964613676071167,0.2567996084690094,0.059787604957818988,0.2367558777332306,-0.9433987140655518,0.23226216435432435],"EasingStyle":"Linear","EasingDirection":"In"},"Left Arm":{"Weight":1,"CFrame":[0.02238590270280838,-0.11398723721504212,0.3531850576400757,0.08408035337924957,0.21335677802562715,0.9733495712280273,-0.9845118522644043,0.16859397292137147,0.04808903485536575,-0.1538408398628235,-0.9623175263404846,0.22422780096530915],"EasingStyle":"Linear","EasingDirection":"In"},"Head":{"Weight":1,"CFrame":[8.940696716308594e-8,-4.1443854570388797e-8,-1.1920928955078126e-7,1,-6.076880509908733e-8,8.754432911928234e-8,5.7043514800625419e-8,1,-9.406359424701805e-8,-8.847565169389782e-8,9.976794501653785e-8,1],"EasingStyle":"Linear","EasingDirection":"In"},"Torso":{"Weight":1,"CFrame":[0.011378850787878037,0.09730860590934754,-0.03824329376220703,0.9959233999252319,-0.08907422423362732,0.014223480597138405,0.08666080981492996,0.9886001944541931,0.12312427908182144,-0.02502852864563465,-0.1213897168636322,0.9922894239425659],"EasingStyle":"Linear","EasingDirection":"In"},"HumanoidRootPart":{"Weight":1,"CFrame":[0,0,0,1,0,0,0,1,0,0,0,1],"EasingStyle":"Linear","EasingDirection":"In"},"Right Leg":{"Weight":1,"CFrame":[-0.050411783158779147,0.05391818284988403,0.006063699722290039,0.9253560304641724,0.22758086025714875,-0.30318814516067507,-0.19581903517246247,0.9717476963996887,0.1317625790834427,0.3246091604232788,-0.06255737692117691,0.9437772631645203],"EasingStyle":"Linear","EasingDirection":"In"}}},{"Time":0.3199999928474426,"poses":{"Left Leg":{"Weight":1,"CFrame":[-0.45409247279167178,0.32574504613876345,-0.10941267013549805,0.5879182815551758,-0.48003727197647097,0.6510885953903198,0.3804340064525604,0.8743993639945984,0.3011573553085327,-0.7138782143592835,0.07064037770032883,0.6966979503631592],"EasingStyle":"Linear","EasingDirection":"In"},"Right Arm":{"Weight":1,"CFrame":[0.43686169385910036,-0.42308998107910159,0.6866035461425781,-0.6530559062957764,0.28330424427986147,-0.7023224830627441,-0.380911260843277,-0.9244225025177002,-0.01870424672961235,-0.6545416712760925,0.2553074061870575,0.7116132974624634],"EasingStyle":"Linear","EasingDirection":"In"},"Left Arm":{"Weight":1,"CFrame":[0.4031818211078644,0.18857187032699586,0.3773449659347534,0.7042936682701111,0.09008880704641342,-0.7041693329811096,-0.028774650767445566,0.9947227835655212,0.09848127514123917,0.7093254327774048,-0.04909750819206238,0.7031691670417786],"EasingStyle":"Linear","EasingDirection":"In"},"Head":{"Weight":1,"CFrame":[6.332993507385254e-8,2.9802322387695315e-8,-1.1920928955078126e-7,0.9421353340148926,0.3345060646533966,-0.02206313982605934,-0.33513203263282778,0.938194990158081,-0.08646798878908158,-0.008224559016525746,0.08885861188173294,0.9960103631019592],"EasingStyle":"Linear","EasingDirection":"In"},"Torso":{"Weight":1,"CFrame":[-0.1031506359577179,-0.11236315965652466,-0.4500555992126465,0.8139246106147766,0.56648188829422,-0.12893839180469514,-0.580480694770813,0.8020691275596619,-0.14045390486717225,0.023852918297052385,0.1891651302576065,0.9816555380821228],"EasingStyle":"Linear","EasingDirection":"In"},"HumanoidRootPart":{"Weight":1,"CFrame":[0,0,0,1,0,0,0,1,0,0,0,1],"EasingStyle":"Linear","EasingDirection":"In"},"Right Leg":{"Weight":1,"CFrame":[0.31693175435066225,0.3447704315185547,0.6557918787002564,0.8013448715209961,-0.11073612421751023,-0.5878638029098511,-0.08876116573810578,0.9498280882835388,-0.2999138832092285,0.591580867767334,0.2925138771533966,0.7513107657432556],"EasingStyle":"Linear","EasingDirection":"In"}}},{"Time":0.36000001430511477,"poses":{"Left Leg":{"Weight":1,"CFrame":[-0.4493456780910492,0.3051289916038513,-0.10206449031829834,0.5982353091239929,-0.45990312099456789,0.6562040448188782,0.3888438045978546,0.8826372027397156,0.26410606503486636,-0.7006532549858093,0.09716346114873886,0.7068551778793335],"EasingStyle":"Linear","EasingDirection":"In"},"Right Arm":{"Weight":1,"CFrame":[0.43686166405677798,-0.42308980226516726,0.6866036653518677,-0.6476565599441528,0.29357048869132998,-0.7031055688858032,-0.3993067741394043,-0.9166958332061768,-0.014935389161109925,-0.6489185094833374,0.27108171582221987,0.7109286189079285],"EasingStyle":"Linear","EasingDirection":"In"},"Left Arm":{"Weight":1,"CFrame":[0.403181791305542,0.18857210874557496,0.37734508514404299,0.7024745941162109,0.0892380028963089,-0.706092119216919,-0.03847627341747284,0.9954190254211426,0.08752463012933731,0.7106679677963257,-0.034316062927246097,0.7026901245117188],"EasingStyle":"Linear","EasingDirection":"In"},"Head":{"Weight":1,"CFrame":[7.450580596923828e-8,-5.960464477539063e-8,0,0.9421352744102478,0.33450600504875185,-0.022063087671995164,-0.33513200283050539,0.9381950497627258,-0.08646804094314575,-0.008224576711654663,0.08885864913463593,0.9960103631019592],"EasingStyle":"Linear","EasingDirection":"In"},"Torso":{"Weight":1,"CFrame":[-0.14845708012580872,-0.11210492253303528,-0.4551572799682617,0.8104501962661743,0.5603345036506653,-0.17086774110794068,-0.5829057097434998,0.8003650307655335,-0.14013108611106873,0.05823628231883049,0.21316903829574586,0.9752781987190247],"EasingStyle":"Linear","EasingDirection":"In"},"HumanoidRootPart":{"Weight":1,"CFrame":[0,0,0,1,0,0,0,1,0,0,0,1],"EasingStyle":"Linear","EasingDirection":"In"},"Right Leg":{"Weight":1,"CFrame":[0.3108128011226654,0.40107178688049319,0.6586251258850098,0.8044977188110352,-0.13029631972312928,-0.5794879198074341,-0.057081010192632678,0.9541652798652649,-0.2937864065170288,0.5912064909934998,0.26942819356918337,0.7601863145828247],"EasingStyle":"Linear","EasingDirection":"In"}}},{"Time":0.4000000059604645,"poses":{"Left Leg":{"Weight":1,"CFrame":[-0.43803584575653078,0.29606103897094729,-0.10621285438537598,0.6032571196556091,-0.44903111457824709,0.6591296792030335,0.3836488425731659,0.8879268169403076,0.2537706792354584,-0.6992098689079285,0.09978549182415009,0.7079183459281921],"EasingStyle":"Linear","EasingDirection":"In"},"Right Arm":{"Weight":1,"CFrame":[0.4368617832660675,-0.4230903387069702,0.6866035461425781,-0.643653929233551,0.29983675479888918,-0.704136073589325,-0.41065701842308047,-0.9116995334625244,-0.01283835805952549,-0.6458098888397217,0.2808949053287506,0.7099490761756897],"EasingStyle":"Linear","EasingDirection":"In"},"Left Arm":{"Weight":1,"CFrame":[0.4031817317008972,0.18857181072235108,0.3773449659347534,0.7006691694259644,0.09659656137228012,-0.7069171071052551,-0.0522562637925148,0.9950796365737915,0.08417798578739166,0.7115700244903565,-0.02204006351530552,0.7022693753242493],"EasingStyle":"Linear","EasingDirection":"In"},"Head":{"Weight":1,"CFrame":[1.4901161193847657e-8,-7.450580596923828e-8,-4.172325134277344e-7,0.9421352744102478,0.3345060646533966,-0.022063137963414193,-0.335131973028183,0.9381950497627258,-0.08646807819604874,-0.008224564604461193,0.08885866403579712,0.9960103034973145],"EasingStyle":"Linear","EasingDirection":"In"},"Torso":{"Weight":1,"CFrame":[-0.19667750597000123,-0.11203843355178833,-0.458951473236084,0.8084551095962524,0.5549349784851074,-0.19608061015605927,-0.5832076072692871,0.8001596927642822,-0.14004802703857423,0.07917823642492295,0.2275782823562622,0.970535397529602],"EasingStyle":"Linear","EasingDirection":"In"},"HumanoidRootPart":{"Weight":1,"CFrame":[0,0,0,1,0,0,0,1,0,0,0,1],"EasingStyle":"Linear","EasingDirection":"In"},"Right Leg":{"Weight":1,"CFrame":[0.31383177638053896,0.4267725944519043,0.6636878252029419,0.8085936903953552,-0.130621999502182,-0.573684573173523,-0.05346052348613739,0.9547006487846375,-0.29272645711898806,0.5859335660934448,0.2673662602901459,0.7649818062782288],"EasingStyle":"Linear","EasingDirection":"In"}}},{"Time":0.4399999976158142,"poses":{"Left Leg":{"Weight":1,"CFrame":[-0.4237561821937561,0.29435527324676516,-0.11654055118560791,0.6050472259521484,-0.4442319869995117,0.6607388854026794,0.3713090419769287,0.8915407061576843,0.25939345359802248,-0.704306423664093,0.08839306235313416,0.7043715119361877],"EasingStyle":"Linear","EasingDirection":"In"},"Right Arm":{"Weight":1,"CFrame":[0.43686148524284365,-0.42308947443962099,0.6866036653518677,-0.6409838199615479,0.3031328618526459,-0.7051597237586975,-0.4167359173297882,-0.9089494347572327,-0.01192836556583643,-0.6445703506469727,0.28621938824653628,0.7089481949806213],"EasingStyle":"Linear","EasingDirection":"In"},"Left Arm":{"Weight":1,"CFrame":[0.4031817615032196,0.18857234716415406,0.37734508514404299,0.6989654302597046,0.1075531393289566,-0.7070217132568359,-0.06651616841554642,0.9941181540489197,0.08546829223632813,0.7120555639266968,-0.012710947543382645,0.7020081281661987],"EasingStyle":"Linear","EasingDirection":"In"},"Head":{"Weight":1,"CFrame":[1.043081283569336e-7,7.450580596923828e-8,4.76837158203125e-7,0.9421353340148926,0.33450615406036379,-0.0220631193369627,-0.3351321220397949,0.938194990158081,-0.08646798878908158,-0.008224554359912873,0.08885862678289414,0.9960103631019592],"EasingStyle":"Linear","EasingDirection":"In"},"Torso":{"Weight":1,"CFrame":[-0.2404313087463379,-0.11213499307632446,-0.46111249923706057,0.8079686164855957,0.5509426593780518,-0.20892378687858582,-0.5822991728782654,0.8007999658584595,-0.1401687115430832,0.09008121490478516,0.2349080741405487,0.96783447265625],"EasingStyle":"Linear","EasingDirection":"In"},"HumanoidRootPart":{"Weight":1,"CFrame":[0,0,0,1,0,0,0,1,0,0,0,1],"EasingStyle":"Linear","EasingDirection":"In"},"Right Leg":{"Weight":1,"CFrame":[0.32327622175216677,0.43135184049606326,0.6705602407455444,0.8129693865776062,-0.11959858238697052,-0.5698920488357544,-0.06647367030382157,0.9532220363616943,-0.29487144947052,0.5784999132156372,0.27760422229766848,0.7669901251792908],"EasingStyle":"Linear","EasingDirection":"In"}}},{"Time":0.47999998927116396,"poses":{"Left Leg":{"Weight":1,"CFrame":[-0.41104787588119509,0.2959507703781128,-0.12752383947372437,0.6054394841194153,-0.44279465079307558,0.6613441109657288,0.35836154222488406,0.8936148285865784,0.27024003863334658,-0.710647702217102,0.07338631898164749,0.6997101902961731],"EasingStyle":"Linear","EasingDirection":"In"},"Right Arm":{"Weight":1,"CFrame":[0.4368615746498108,-0.423089861869812,0.6866037845611572,-0.6395095586776733,0.3044252097606659,-0.7059410810470581,-0.41920140385627749,-0.907817542552948,-0.011727815493941307,-0.6444358825683594,0.2884312570095062,0.7081736326217651],"EasingStyle":"Linear","EasingDirection":"In"},"Left Arm":{"Weight":1,"CFrame":[0.40318185091018679,0.18857187032699586,0.37734508514404299,0.6976242661476135,0.11749837547540665,-0.7067633867263794,-0.07767931371927262,0.9930499792098999,0.08841806650161743,0.7122403383255005,-0.006781715899705887,0.7019029259681702],"EasingStyle":"Linear","EasingDirection":"In"},"Head":{"Weight":1,"CFrame":[7.450580596923828e-8,2.9802322387695315e-8,0,0.9421352744102478,0.3345060646533966,-0.022063173353672029,-0.33513200283050539,0.938194990158081,-0.08646804094314575,-0.008224567398428917,0.08885867148637772,0.9960103631019592],"EasingStyle":"Linear","EasingDirection":"In"},"Torso":{"Weight":1,"CFrame":[-0.2722269594669342,-0.11228567361831665,-0.46195220947265627,0.8083662986755371,0.5485587120056152,-0.2136056125164032,-0.5810872316360474,0.8016467094421387,-0.14035707712173463,0.0942421555519104,0.23758341372013093,0.966784656047821],"EasingStyle":"Linear","EasingDirection":"In"},"HumanoidRootPart":{"Weight":1,"CFrame":[0,0,0,1,0,0,0,1,0,0,0,1],"EasingStyle":"Linear","EasingDirection":"In"},"Right Leg":{"Weight":1,"CFrame":[0.33360910415649416,0.4253186583518982,0.6766301393508911,0.8162845373153687,-0.10621504485607147,-0.5678010582923889,-0.08352289348840714,0.950918436050415,-0.29795679450035097,0.5715799331665039,0.2906419038772583,0.7673484683036804],"EasingStyle":"Linear","EasingDirection":"In"}}},{"Time":0.5199999809265137,"poses":{"Left Leg":{"Weight":1,"CFrame":[-0.40549618005752566,0.29724669456481936,-0.1327040195465088,0.6054286956787109,-0.4427124857902527,0.6614089608192444,0.3522930145263672,0.8942416310310364,0.2760828733444214,-0.7136846780776978,0.06586138159036637,0.6973639130592346],"EasingStyle":"Linear","EasingDirection":"In"},"Right Arm":{"Weight":1,"CFrame":[0.4368617832660675,-0.42309001088142397,0.6866035461425781,-0.63905930519104,0.30465003848075869,-0.7062518000602722,-0.4196668267250061,-0.907602071762085,-0.01176496408879757,-0.6445796489715576,0.28887179493904116,0.7078630924224854],"EasingStyle":"Linear","EasingDirection":"In"},"Left Arm":{"Weight":1,"CFrame":[0.40318170189857485,0.1885722279548645,0.3773449659347534,0.697073757648468,0.1218344196677208,-0.706572413444519,-0.08218925446271897,0.9925392866134644,0.090059295296669,0.7122732400894165,-0.004705292172729969,0.7018865346908569],"EasingStyle":"Linear","EasingDirection":"In"},"Head":{"Weight":1,"CFrame":[1.043081283569336e-7,0,2.384185791015625e-7,0.9421353340148926,0.3345060348510742,-0.02206312119960785,-0.33513203263282778,0.938194990158081,-0.08646804094314575,-0.008224559016525746,0.08885865658521652,0.9960103631019592],"EasingStyle":"Linear","EasingDirection":"In"},"Torso":{"Weight":1,"CFrame":[-0.2845085561275482,-0.11236312985420227,-0.4620780944824219,0.8087239861488342,0.5477780103683472,-0.21425387263298036,-0.5804806351661682,0.8020691275596619,-0.14045388996601106,0.09490886330604553,0.2379586547613144,0.9666271209716797],"EasingStyle":"Linear","EasingDirection":"In"},"HumanoidRootPart":{"Weight":1,"CFrame":[0,0,0,1,0,0,0,1,0,0,0,1],"EasingStyle":"Linear","EasingDirection":"In"},"Right Leg":{"Weight":1,"CFrame":[0.3384540379047394,0.42056387662887576,0.6791951656341553,0.8175444006919861,-0.09971347451210022,-0.5671667456626892,-0.09197667986154556,0.949641227722168,-0.29953622817993166,0.5684727430343628,0.29705026745796206,0.767202615737915],"EasingStyle":"Linear","EasingDirection":"In"}}},{"Time":0.5600000023841858,"poses":{"Left Leg":{"Weight":1,"CFrame":[-0.4090937376022339,0.2966264486312866,-0.12944722175598145,0.6053311228752136,-0.4429692029953003,0.6613263487815857,0.356100469827652,0.893767237663269,0.2727135121822357,-0.7118755578994751,0.07041662931442261,0.6987667083740234],"EasingStyle":"Linear","EasingDirection":"In"},"Right Arm":{"Weight":1,"CFrame":[0.4368616044521332,-0.4230898320674896,0.6866035461425781,-0.6393989324569702,0.30441421270370486,-0.7060460448265076,-0.41920313239097597,-0.9078161120414734,-0.011775476858019829,-0.6445446610450745,0.2884473204612732,0.7080681324005127],"EasingStyle":"Linear","EasingDirection":"In"},"Left Arm":{"Weight":1,"CFrame":[0.403181791305542,0.18857210874557496,0.37734508514404299,0.6974446177482605,0.11908102035522461,-0.7066758275032044,-0.07922670990228653,0.9928654432296753,0.08911453932523728,0.7122458815574646,-0.006164809688925743,0.7019030451774597],"EasingStyle":"Linear","EasingDirection":"In"},"Head":{"Weight":1,"CFrame":[1.4901161193847657e-7,8.940696716308594e-8,3.5762786865234377e-7,0.9421353340148926,0.3345060646533966,-0.022063111886382104,-0.33513203263282778,0.938194990158081,-0.08646801859140396,-0.008224554359912873,0.08885865658521652,0.9960103034973145],"EasingStyle":"Linear","EasingDirection":"In"},"Torso":{"Weight":1,"CFrame":[-0.2762700319290161,-0.11231666803359986,-0.4619307518005371,0.8085490465164185,0.5483464598655701,-0.21345876157283784,-0.5808447599411011,0.8018156886100769,-0.14039582014083863,0.09416902810335159,0.2375033050775528,0.96681147813797],"EasingStyle":"Linear","EasingDirection":"In"},"HumanoidRootPart":{"Weight":1,"CFrame":[0,0,0,1,0,0,0,1,0,0,0,1],"EasingStyle":"Linear","EasingDirection":"In"},"Right Leg":{"Weight":1,"CFrame":[0.3354598879814148,0.4230852723121643,0.6775834560394287,0.8167158961296082,-0.1036580428481102,-0.5676531195640564,-0.08690837770700455,0.9504150748252869,-0.29859355092048647,0.5704577565193176,0.2931998670101166,0.7672104239463806],"EasingStyle":"Linear","EasingDirection":"In"}}},{"Time":0.6000000238418579,"poses":{"Left Leg":{"Weight":1,"CFrame":[-0.41563624143600466,0.29540306329727175,-0.12353801727294922,0.6052539944648743,-0.4433429539203644,0.6611465811729431,0.36304134130477908,0.8928823471069336,0.2663871943950653,-0.7084268927574158,0.07879181206226349,0.7013723254203796],"EasingStyle":"Linear","EasingDirection":"In"},"Right Arm":{"Weight":1,"CFrame":[0.4368616044521332,-0.4230899214744568,0.6866035461425781,-0.6400290131568909,0.30397582054138186,-0.7056639790534973,-0.41834232211112978,-0.9082129597663879,-0.01179520133882761,-0.6444785594940186,0.2876597046852112,0.7084484100341797],"EasingStyle":"Linear","EasingDirection":"In"},"Left Arm":{"Weight":1,"CFrame":[0.4031817317008972,0.18857192993164063,0.3773449659347534,0.6981119513511658,0.11396455764770508,-0.7068605422973633,-0.07372241467237473,0.9934451580047607,0.08735939860343933,0.7121829986572266,-0.008875208906829358,0.7019376754760742],"EasingStyle":"Linear","EasingDirection":"In"},"Head":{"Weight":1,"CFrame":[5.960464477539063e-8,8.940696716308594e-8,2.384185791015625e-7,0.9421352744102478,0.33450600504875185,-0.02206314355134964,-0.33513206243515017,0.9381950497627258,-0.08646807074546814,-0.008224540390074253,0.0888586938381195,0.9960103631019592],"EasingStyle":"Linear","EasingDirection":"In"},"Torso":{"Weight":1,"CFrame":[-0.2609696388244629,-0.11223116517066956,-0.4616584777832031,0.8082221150398254,0.5494004487991333,-0.21198181807994843,-0.5815204381942749,0.8013445734977722,-0.14028891921043397,0.09279567003250122,0.23665638267993928,0.9671518802642822],"EasingStyle":"Linear","EasingDirection":"In"},"HumanoidRootPart":{"Weight":1,"CFrame":[0,0,0,1,0,0,0,1,0,0,0,1],"EasingStyle":"Linear","EasingDirection":"In"},"Right Leg":{"Weight":1,"CFrame":[0.32991284132003786,0.4276074767112732,0.6745113134384155,0.8151307702064514,-0.1109909862279892,-0.5685446262359619,-0.0774521604180336,0.951777994632721,-0.2968498170375824,0.5740759372711182,0.2860063314437866,0.7672269344329834],"EasingStyle":"Linear","EasingDirection":"In"}}},{"Time":0.6399999856948853,"poses":{"Left Leg":{"Weight":1,"CFrame":[-0.419087290763855,0.29470688104629519,-0.12042891979217529,0.6052674055099487,-0.4434907138347626,0.6610351204872131,0.36671024560928347,0.8924036622047424,0.26294368505477908,-0.7065232396125794,0.08325714617967606,0.7027754187583923],"EasingStyle":"Linear","EasingDirection":"In"},"Right Arm":{"Weight":1,"CFrame":[0.43686166405677798,-0.4230901002883911,0.6866034269332886,-0.6403675079345703,0.3037397563457489,-0.7054584622383118,-0.4178791642189026,-0.9084259271621704,-0.01180616021156311,-0.6444426774978638,0.28723594546318056,0.7086529731750488],"EasingStyle":"Linear","EasingDirection":"In"},"Left Arm":{"Weight":1,"CFrame":[0.4031819999217987,0.18857187032699586,0.37734508514404299,0.6984594464302063,0.11120790243148804,-0.7069563269615173,-0.07075726240873337,0.9937434196472168,0.08641400933265686,0.712143063545227,-0.01033437717705965,0.7019582986831665],"EasingStyle":"Linear","EasingDirection":"In"},"Head":{"Weight":1,"CFrame":[1.4901161193847657e-7,1.043081283569336e-7,1.1920928955078126e-7,0.9421353936195374,0.3345060348510742,-0.0220631156116724,-0.33513200283050539,0.9381950497627258,-0.08646803349256516,-0.008224550634622574,0.08885863423347473,0.9960103631019592],"EasingStyle":"Linear","EasingDirection":"In"},"Torso":{"Weight":1,"CFrame":[-0.25273096561431887,-0.112185537815094,-0.46151256561279299,0.8080448508262634,0.5499671697616577,-0.21118643879890443,-0.5818842053413391,0.80109041929245,-0.1402318775653839,0.092056505382061,0.23619967699050904,0.9673341512680054],"EasingStyle":"Linear","EasingDirection":"In"},"HumanoidRootPart":{"Weight":1,"CFrame":[0,0,0,1,0,0,0,1,0,0,0,1],"EasingStyle":"Linear","EasingDirection":"In"},"Right Leg":{"Weight":1,"CFrame":[0.32693469524383547,0.42995643615722659,0.6728148460388184,0.814252495765686,-0.11494279652833939,-0.5690175294876099,-0.0723375454545021,0.9524713754653931,-0.2959147095680237,0.5759863257408142,0.2821105122566223,0.7672376036643982],"EasingStyle":"Linear","EasingDirection":"In"}}},{"Time":0.6800000071525574,"poses":{"Left Leg":{"Weight":1,"CFrame":[-0.419087290763855,0.29470688104629519,-0.12042891979217529,0.6052674055099487,-0.4434907138347626,0.6610351204872131,0.36671024560928347,0.8924036622047424,0.26294368505477908,-0.7065232396125794,0.08325714617967606,0.7027754187583923],"EasingStyle":"Linear","EasingDirection":"In"},"Right Arm":{"Weight":1,"CFrame":[0.43686166405677798,-0.4230901002883911,0.6866034269332886,-0.6403675079345703,0.3037397563457489,-0.7054584622383118,-0.4178791642189026,-0.9084259271621704,-0.01180616021156311,-0.6444426774978638,0.28723594546318056,0.7086529731750488],"EasingStyle":"Linear","EasingDirection":"In"},"Left Arm":{"Weight":1,"CFrame":[0.4031819999217987,0.18857187032699586,0.37734508514404299,0.6984594464302063,0.11120790243148804,-0.7069563269615173,-0.07075726240873337,0.9937434196472168,0.08641400933265686,0.712143063545227,-0.01033437717705965,0.7019582986831665],"EasingStyle":"Linear","EasingDirection":"In"},"Head":{"Weight":1,"CFrame":[1.4901161193847657e-7,1.043081283569336e-7,1.1920928955078126e-7,0.9421353936195374,0.3345060348510742,-0.0220631156116724,-0.33513200283050539,0.9381950497627258,-0.08646803349256516,-0.008224550634622574,0.08885863423347473,0.9960103631019592],"EasingStyle":"Linear","EasingDirection":"In"},"Torso":{"Weight":1,"CFrame":[-0.25273096561431887,-0.112185537815094,-0.46151256561279299,0.8080448508262634,0.5499671697616577,-0.21118643879890443,-0.5818842053413391,0.80109041929245,-0.1402318775653839,0.092056505382061,0.23619967699050904,0.9673341512680054],"EasingStyle":"Linear","EasingDirection":"In"},"HumanoidRootPart":{"Weight":1,"CFrame":[0,0,0,1,0,0,0,1,0,0,0,1],"EasingStyle":"Linear","EasingDirection":"In"},"Right Leg":{"Weight":1,"CFrame":[0.32693469524383547,0.42995643615722659,0.6728148460388184,0.814252495765686,-0.11494279652833939,-0.5690175294876099,-0.0723375454545021,0.9524713754653931,-0.2959147095680237,0.5759863257408142,0.2821105122566223,0.7672376036643982],"EasingStyle":"Linear","EasingDirection":"In"}}},{"Time":0.7200000286102295,"poses":{"Left Leg":{"Weight":1,"CFrame":[-0.419087290763855,0.29470688104629519,-0.12042891979217529,0.6052674055099487,-0.4434907138347626,0.6610351204872131,0.36671024560928347,0.8924036622047424,0.26294368505477908,-0.7065232396125794,0.08325714617967606,0.7027754187583923],"EasingStyle":"Linear","EasingDirection":"In"},"Right Arm":{"Weight":1,"CFrame":[0.43686166405677798,-0.4230901002883911,0.6866034269332886,-0.6403675079345703,0.3037397563457489,-0.7054584622383118,-0.4178791642189026,-0.9084259271621704,-0.01180616021156311,-0.6444426774978638,0.28723594546318056,0.7086529731750488],"EasingStyle":"Linear","EasingDirection":"In"},"Left Arm":{"Weight":1,"CFrame":[0.4031819999217987,0.18857187032699586,0.37734508514404299,0.6984594464302063,0.11120790243148804,-0.7069563269615173,-0.07075726240873337,0.9937434196472168,0.08641400933265686,0.712143063545227,-0.01033437717705965,0.7019582986831665],"EasingStyle":"Linear","EasingDirection":"In"},"Head":{"Weight":1,"CFrame":[1.4901161193847657e-7,1.043081283569336e-7,1.1920928955078126e-7,0.9421353936195374,0.3345060348510742,-0.0220631156116724,-0.33513200283050539,0.9381950497627258,-0.08646803349256516,-0.008224550634622574,0.08885863423347473,0.9960103631019592],"EasingStyle":"Linear","EasingDirection":"In"},"Torso":{"Weight":1,"CFrame":[-0.25273096561431887,-0.112185537815094,-0.46151256561279299,0.8080448508262634,0.5499671697616577,-0.21118643879890443,-0.5818842053413391,0.80109041929245,-0.1402318775653839,0.092056505382061,0.23619967699050904,0.9673341512680054],"EasingStyle":"Linear","EasingDirection":"In"},"HumanoidRootPart":{"Weight":1,"CFrame":[0,0,0,1,0,0,0,1,0,0,0,1],"EasingStyle":"Linear","EasingDirection":"In"},"Right Leg":{"Weight":1,"CFrame":[0.32693469524383547,0.42995643615722659,0.6728148460388184,0.814252495765686,-0.11494279652833939,-0.5690175294876099,-0.0723375454545021,0.9524713754653931,-0.2959147095680237,0.5759863257408142,0.2821105122566223,0.7672376036643982],"EasingStyle":"Linear","EasingDirection":"In"}}},{"Time":0.7599999904632568,"poses":{"Left Leg":{"Weight":1,"CFrame":[-0.31693118810653689,0.3447704315185547,0.6557925939559937,0.8013178110122681,0.11092934012413025,0.587864339351654,0.08853249251842499,0.9498492479324341,-0.2999141216278076,-0.5916517376899719,0.29237163066864016,0.7513102293014526],"EasingStyle":"Linear","EasingDirection":"In"},"Right Arm":{"Weight":1,"CFrame":[-0.40318185091018679,0.18857210874557496,0.3773449659347534,0.7042935490608215,-0.09008882939815521,0.7041694521903992,0.028774593025445939,0.9947227835655212,0.0984814465045929,-0.7093254923820496,-0.04909776151180267,0.7031691670417786],"EasingStyle":"Linear","EasingDirection":"In"},"Left Arm":{"Weight":1,"CFrame":[-0.4368617832660675,-0.42309027910232546,0.6866036653518677,-0.6530560851097107,-0.2833041846752167,0.7023223638534546,0.38091105222702029,-0.9244225025177002,-0.018704168498516084,0.654541552066803,0.2553074359893799,0.7116132974624634],"EasingStyle":"Linear","EasingDirection":"In"},"Head":{"Weight":1,"CFrame":[1.1920928955078126e-7,1.4901161193847657e-8,1.1920928955078126e-7,0.9421352744102478,-0.3345063328742981,0.02206330932676792,0.3351322412490845,0.9