{"Sequence":[{"Time":0,"poses":{"Left Leg":{"Weight":1,"CFrame":[-0.2812061309814453,0.11286437511444092,0.1362786889076233,0.9382182359695435,-0.10264073312282562,0.3304715156555176,0.12854985892772675,0.9900368452072144,-0.05746250972151756,-0.3212810456752777,0.09639446437358856,0.9420651197433472],"EasingStyle":"Constant","EasingDirection":"In"},"Right Arm":{"Weight":1,"CFrame":[2.9802322387695315e-8,-0.11067143082618714,0.18445205688476563,0.8382937908172607,-0.04331468045711517,0.5434955358505249,-0.060091082006692889,0.9834262728691101,0.17106090486049653,-0.541897177696228,-0.17605862021446229,0.821797251701355],"EasingStyle":"Constant","EasingDirection":"In"},"Head":{"Weight":1,"CFrame":[7.648219479960972e-8,5.960464477539063e-8,-1.1920928955078126e-7,1,-7.57904743409199e-8,8.656486016889176e-8,6.29491552217587e-8,0.9901866316795349,0.13975128531455995,-9.630718977859942e-8,-0.13975128531455995,0.9901866316795349],"EasingStyle":"Constant","EasingDirection":"In"},"Left Arm":{"Weight":1,"CFrame":[-8.940696716308594e-8,-0.09222635626792908,0.15678414702415467,0.8515125513076782,0.10572001338005066,-0.513565719127655,-0.01524010393768549,0.984038770198822,0.1773003488779068,0.5241126418113709,-0.14314670860767365,0.8395324945449829],"EasingStyle":"Constant","EasingDirection":"In"},"Torso":{"Weight":1,"CFrame":[8.881784197001253e-16,-0.12169063091278076,-0.14790131151676179,1,0,-8.742277657347586e-8,-1.3298167012010254e-8,0.9883630871772766,-0.15211330354213715,8.640544280069662e-8,0.15211330354213715,0.9883630871772766],"EasingStyle":"Constant","EasingDirection":"In"},"HumanoidRootPart":{"Weight":0,"CFrame":[0,0,0,1,0,0,0,1,0,0,0,1],"EasingStyle":"Linear","EasingDirection":"In"},"Right Leg":{"Weight":1,"CFrame":[0.25579723715782168,0.10844641923904419,0.14766788482666017,0.9247662425041199,0.0988350361585617,-0.3674764931201935,-0.13112355768680573,0.9893047213554382,-0.06389683485031128,0.3572310507297516,0.1072743758559227,0.92783522605896],"EasingStyle":"Constant","EasingDirection":"In"}}},{"Time":0.03333333507180214,"poses":{"Left Leg":{"Weight":1,"CFrame":[-0.2812061309814453,0.11286437511444092,0.1362786889076233,0.9382182359695435,-0.10264073312282562,0.3304715156555176,0.12854985892772675,0.9900368452072144,-0.05746250972151756,-0.3212810456752777,0.09639446437358856,0.9420651197433472],"EasingStyle":"Constant","EasingDirection":"In"},"Right Arm":{"Weight":1,"CFrame":[2.9802322387695315e-8,-0.11067143082618714,0.18445205688476563,0.8382937908172607,-0.04331468045711517,0.5434955358505249,-0.060091082006692889,0.9834262728691101,0.17106090486049653,-0.541897177696228,-0.17605862021446229,0.821797251701355],"EasingStyle":"Constant","EasingDirection":"In"},"Head":{"Weight":1,"CFrame":[7.648219479960972e-8,5.960464477539063e-8,-1.1920928955078126e-7,1,-7.57904743409199e-8,8.656486016889176e-8,6.29491552217587e-8,0.9901866316795349,0.13975128531455995,-9.630718977859942e-8,-0.13975128531455995,0.9901866316795349],"EasingStyle":"Constant","EasingDirection":"In"},"Left Arm":{"Weight":1,"CFrame":[-8.940696716308594e-8,-0.09222635626792908,0.15678414702415467,0.8515125513076782,0.10572001338005066,-0.513565719127655,-0.01524010393768549,0.984038770198822,0.1773003488779068,0.5241126418113709,-0.14314670860767365,0.8395324945449829],"EasingStyle":"Constant","EasingDirection":"In"},"Torso":{"Weight":1,"CFrame":[8.881784197001253e-16,-0.12169063091278076,-0.14790131151676179,1,0,-8.742277657347586e-8,-1.3298167012010254e-8,0.9883630871772766,-0.15211330354213715,8.640544280069662e-8,0.15211330354213715,0.9883630871772766],"EasingStyle":"Constant","EasingDirection":"In"},"HumanoidRootPart":{"Weight":0,"CFrame":[0,0,0,1,0,0,0,1,0,0,0,1],"EasingStyle":"Linear","EasingDirection":"In"},"Right Leg":{"Weight":1,"CFrame":[0.25579723715782168,0.10844641923904419,0.14766788482666017,0.9247662425041199,0.0988350361585617,-0.3674764931201935,-0.13112355768680573,0.9893047213554382,-0.06389683485031128,0.3572310507297516,0.1072743758559227,0.92783522605896],"EasingStyle":"Constant","EasingDirection":"In"}}},{"Time":0.06666667014360428,"poses":{"Left Leg":{"Weight":1,"CFrame":[-0.2812061309814453,0.11286437511444092,0.1362786889076233,0.9382182359695435,-0.10264073312282562,0.3304715156555176,0.12854985892772675,0.9900368452072144,-0.05746250972151756,-0.3212810456752777,0.09639446437358856,0.9420651197433472],"EasingStyle":"Constant","EasingDirection":"In"},"Right Arm":{"Weight":1,"CFrame":[2.9802322387695315e-8,-0.11067143082618714,0.18445205688476563,0.8382937908172607,-0.04331468045711517,0.5434955358505249,-0.060091082006692889,0.9834262728691101,0.17106090486049653,-0.541897177696228,-0.17605862021446229,0.821797251701355],"EasingStyle":"Constant","EasingDirection":"In"},"Head":{"Weight":1,"CFrame":[7.648219479960972e-8,5.960464477539063e-8,-1.1920928955078126e-7,1,-7.57904743409199e-8,8.656486016889176e-8,6.29491552217587e-8,0.9901866316795349,0.13975128531455995,-9.630718977859942e-8,-0.13975128531455995,0.9901866316795349],"EasingStyle":"Constant","EasingDirection":"In"},"Left Arm":{"Weight":1,"CFrame":[-8.940696716308594e-8,-0.09222635626792908,0.15678414702415467,0.8515125513076782,0.10572001338005066,-0.513565719127655,-0.01524010393768549,0.984038770198822,0.1773003488779068,0.5241126418113709,-0.14314670860767365,0.8395324945449829],"EasingStyle":"Constant","EasingDirection":"In"},"Torso":{"Weight":1,"CFrame":[8.881784197001253e-16,-0.12169063091278076,-0.14790131151676179,1,0,-8.742277657347586e-8,-1.3298167012010254e-8,0.9883630871772766,-0.15211330354213715,8.640544280069662e-8,0.15211330354213715,0.9883630871772766],"EasingStyle":"Constant","EasingDirection":"In"},"HumanoidRootPart":{"Weight":0,"CFrame":[0,0,0,1,0,0,0,1,0,0,0,1],"EasingStyle":"Linear","EasingDirection":"In"},"Right Leg":{"Weight":1,"CFrame":[0.25579723715782168,0.10844641923904419,0.14766788482666017,0.9247662425041199,0.0988350361585617,-0.3674764931201935,-0.13112355768680573,0.9893047213554382,-0.06389683485031128,0.3572310507297516,0.1072743758559227,0.92783522605896],"EasingStyle":"Constant","EasingDirection":"In"}}},{"Time":0.10000000149011612,"poses":{"Left Leg":{"Weight":1,"CFrame":[-0.2812061309814453,0.11286437511444092,0.1362786889076233,0.9382182359695435,-0.10264073312282562,0.3304715156555176,0.12854985892772675,0.9900368452072144,-0.05746250972151756,-0.3212810456752777,0.09639446437358856,0.9420651197433472],"EasingStyle":"Constant","EasingDirection":"In"},"Right Arm":{"Weight":1,"CFrame":[2.9802322387695315e-8,-0.11067143082618714,0.18445205688476563,0.8382937908172607,-0.04331468045711517,0.5434955358505249,-0.060091082006692889,0.9834262728691101,0.17106090486049653,-0.541897177696228,-0.17605862021446229,0.821797251701355],"EasingStyle":"Constant","EasingDirection":"In"},"Head":{"Weight":1,"CFrame":[7.648219479960972e-8,5.960464477539063e-8,-1.1920928955078126e-7,1,-7.57904743409199e-8,8.656486016889176e-8,6.29491552217587e-8,0.9901866316795349,0.13975128531455995,-9.630718977859942e-8,-0.13975128531455995,0.9901866316795349],"EasingStyle":"Constant","EasingDirection":"In"},"Left Arm":{"Weight":1,"CFrame":[-8.940696716308594e-8,-0.09222635626792908,0.15678414702415467,0.8515125513076782,0.10572001338005066,-0.513565719127655,-0.01524010393768549,0.984038770198822,0.1773003488779068,0.5241126418113709,-0.14314670860767365,0.8395324945449829],"EasingStyle":"Constant","EasingDirection":"In"},"Torso":{"Weight":1,"CFrame":[8.881784197001253e-16,-0.12169063091278076,-0.14790131151676179,1,0,-8.742277657347586e-8,-1.3298167012010254e-8,0.9883630871772766,-0.15211330354213715,8.640544280069662e-8,0.15211330354213715,0.9883630871772766],"EasingStyle":"Constant","EasingDirection":"In"},"HumanoidRootPart":{"Weight":0,"CFrame":[0,0,0,1,0,0,0,1,0,0,0,1],"EasingStyle":"Linear","EasingDirection":"In"},"Right Leg":{"Weight":1,"CFrame":[0.25579723715782168,0.10844641923904419,0.14766788482666017,0.9247662425041199,0.0988350361585617,-0.3674764931201935,-0.13112355768680573,0.9893047213554382,-0.06389683485031128,0.3572310507297516,0.1072743758559227,0.92783522605896],"EasingStyle":"Constant","EasingDirection":"In"}}},{"Time":0.13333334028720857,"poses":{"Left Leg":{"Weight":1,"CFrame":[-0.2374977022409439,0.06744754314422608,0.11725589632987976,0.9285224676132202,-0.16024327278137208,0.334914892911911,0.17947997152805329,0.9833888411521912,-0.027080755680799485,-0.3250122368335724,0.08525563031435013,0.9418591260910034],"EasingStyle":"Constant","EasingDirection":"In"},"Right Arm":{"Weight":1,"CFrame":[-2.9802322387695315e-8,-0.11067157983779907,0.18445217609405518,0.8330543637275696,-0.04457171633839607,0.5513925552368164,-0.010842375457286835,0.9952417612075806,0.09683117270469666,-0.5530848503112793,-0.08664420992136002,0.8286072611808777],"EasingStyle":"Constant","EasingDirection":"In"},"Head":{"Weight":1,"CFrame":[7.450580596923828e-8,1.471489667892456e-7,-2.980232238769531e-7,0.9955570101737976,-0.001237749122083187,-0.09415242075920105,0.006745670456439257,0.9982818961143494,0.05820433050394058,0.09391859918832779,-0.05858085677027702,0.9938548803329468],"EasingStyle":"Constant","EasingDirection":"In"},"Left Arm":{"Weight":1,"CFrame":[2.9802322387695315e-8,-0.09222647547721863,0.15678435564041139,0.8482557535171509,0.10642654448747635,-0.5187827348709106,-0.04585322365164757,0.990679919719696,0.12826038897037507,0.5275980234146118,-0.08500982820987702,0.845229983329773],"EasingStyle":"Constant","EasingDirection":"In"},"Torso":{"Weight":1,"CFrame":[0,-0.057311493903398517,-0.10744572430849076,1,0,-8.742277657347586e-8,-6.262912410903709e-9,0.9974306225776672,-0.07163936644792557,8.719815269842002e-8,0.07163936644792557,0.9974306225776672],"EasingStyle":"Constant","EasingDirection":"In"},"HumanoidRootPart":{"Weight":0,"CFrame":[0,0,0,1,0,0,0,1,0,0,0,1],"EasingStyle":"Linear","EasingDirection":"In"},"Right Leg":{"Weight":1,"CFrame":[0.2125595510005951,0.06543123722076416,0.12649524211883546,0.9147220849990845,0.1568535566329956,-0.3723980486392975,-0.18082968890666963,0.9830533862113953,-0.030111487954854966,0.3613642156124115,0.0948842391371727,0.9275844693183899],"EasingStyle":"Constant","EasingDirection":"In"}}},{"Time":0.1666666716337204,"poses":{"Left Leg":{"Weight":1,"CFrame":[-0.2374977022409439,0.06744754314422608,0.11725589632987976,0.9285224676132202,-0.16024327278137208,0.334914892911911,0.17947997152805329,0.9833888411521912,-0.027080755680799485,-0.3250122368335724,0.08525563031435013,0.9418591260910034],"EasingStyle":"Constant","EasingDirection":"In"},"Right Arm":{"Weight":1,"CFrame":[-2.9802322387695315e-8,-0.11067157983779907,0.18445217609405518,0.8330543637275696,-0.04457171633839607,0.5513925552368164,-0.010842375457286835,0.9952417612075806,0.09683117270469666,-0.5530848503112793,-0.08664420992136002,0.8286072611808777],"EasingStyle":"Constant","EasingDirection":"In"},"Head":{"Weight":1,"CFrame":[7.450580596923828e-8,1.471489667892456e-7,-2.980232238769531e-7,0.9955570101737976,-0.001237749122083187,-0.09415242075920105,0.006745670456439257,0.9982818961143494,0.05820433050394058,0.09391859918832779,-0.05858085677027702,0.9938548803329468],"EasingStyle":"Constant","EasingDirection":"In"},"Left Arm":{"Weight":1,"CFrame":[2.9802322387695315e-8,-0.09222647547721863,0.15678435564041139,0.8482557535171509,0.10642654448747635,-0.5187827348709106,-0.04585322365164757,0.990679919719696,0.12826038897037507,0.5275980234146118,-0.08500982820987702,0.845229983329773],"EasingStyle":"Constant","EasingDirection":"In"},"Torso":{"Weight":1,"CFrame":[0,-0.057311493903398517,-0.10744572430849076,1,0,-8.742277657347586e-8,-6.262912410903709e-9,0.9974306225776672,-0.07163936644792557,8.719815269842002e-8,0.07163936644792557,0.9974306225776672],"EasingStyle":"Constant","EasingDirection":"In"},"HumanoidRootPart":{"Weight":0,"CFrame":[0,0,0,1,0,0,0,1,0,0,0,1],"EasingStyle":"Linear","EasingDirection":"In"},"Right Leg":{"Weight":1,"CFrame":[0.2125595510005951,0.06543123722076416,0.12649524211883546,0.9147220849990845,0.1568535566329956,-0.3723980486392975,-0.18082968890666963,0.9830533862113953,-0.030111487954854966,0.3613642156124115,0.0948842391371727,0.9275844693183899],"EasingStyle":"Constant","EasingDirection":"In"}}},{"Time":0.20000000298023225,"poses":{"Left Leg":{"Weight":1,"CFrame":[-0.2374977022409439,0.06744754314422608,0.11725589632987976,0.9285224676132202,-0.16024327278137208,0.334914892911911,0.17947997152805329,0.9833888411521912,-0.027080755680799485,-0.3250122368335724,0.08525563031435013,0.9418591260910034],"EasingStyle":"Constant","EasingDirection":"In"},"Right Arm":{"Weight":1,"CFrame":[-2.9802322387695315e-8,-0.11067157983779907,0.18445217609405518,0.8330543637275696,-0.04457171633839607,0.5513925552368164,-0.010842375457286835,0.9952417612075806,0.09683117270469666,-0.5530848503112793,-0.08664420992136002,0.8286072611808777],"EasingStyle":"Constant","EasingDirection":"In"},"Head":{"Weight":1,"CFrame":[7.450580596923828e-8,1.471489667892456e-7,-2.980232238769531e-7,0.9955570101737976,-0.001237749122083187,-0.09415242075920105,0.006745670456439257,0.9982818961143494,0.05820433050394058,0.09391859918832779,-0.05858085677027702,0.9938548803329468],"EasingStyle":"Constant","EasingDirection":"In"},"Left Arm":{"Weight":1,"CFrame":[2.9802322387695315e-8,-0.09222647547721863,0.15678435564041139,0.8482557535171509,0.10642654448747635,-0.5187827348709106,-0.04585322365164757,0.990679919719696,0.12826038897037507,0.5275980234146118,-0.08500982820987702,0.845229983329773],"EasingStyle":"Constant","EasingDirection":"In"},"Torso":{"Weight":1,"CFrame":[0,-0.057311493903398517,-0.10744572430849076,1,0,-8.742277657347586e-8,-6.262912410903709e-9,0.9974306225776672,-0.07163936644792557,8.719815269842002e-8,0.07163936644792557,0.9974306225776672],"EasingStyle":"Constant","EasingDirection":"In"},"HumanoidRootPart":{"Weight":0,"CFrame":[0,0,0,1,0,0,0,1,0,0,0,1],"EasingStyle":"Linear","EasingDirection":"In"},"Right Leg":{"Weight":1,"CFrame":[0.2125595510005951,0.06543123722076416,0.12649524211883546,0.9147220849990845,0.1568535566329956,-0.3723980486392975,-0.18082968890666963,0.9830533862113953,-0.030111487954854966,0.3613642156124115,0.0948842391371727,0.9275844693183899],"EasingStyle":"Constant","EasingDirection":"In"}}},{"Time":0.23333333432674409,"poses":{"Left Leg":{"Weight":1,"CFrame":[-0.2374977022409439,0.06744754314422608,0.11725589632987976,0.9285224676132202,-0.16024327278137208,0.334914892911911,0.17947997152805329,0.9833888411521912,-0.027080755680799485,-0.3250122368335724,0.08525563031435013,0.9418591260910034],"EasingStyle":"Constant","EasingDirection":"In"},"Right Arm":{"Weight":1,"CFrame":[-2.9802322387695315e-8,-0.11067157983779907,0.18445217609405518,0.8330543637275696,-0.04457171633839607,0.5513925552368164,-0.010842375457286835,0.9952417612075806,0.09683117270469666,-0.5530848503112793,-0.08664420992136002,0.8286072611808777],"EasingStyle":"Constant","EasingDirection":"In"},"Head":{"Weight":1,"CFrame":[7.450580596923828e-8,1.471489667892456e-7,-2.980232238769531e-7,0.9955570101737976,-0.001237749122083187,-0.09415242075920105,0.006745670456439257,0.9982818961143494,0.05820433050394058,0.09391859918832779,-0.05858085677027702,0.9938548803329468],"EasingStyle":"Constant","EasingDirection":"In"},"Left Arm":{"Weight":1,"CFrame":[2.9802322387695315e-8,-0.09222647547721863,0.15678435564041139,0.8482557535171509,0.10642654448747635,-0.5187827348709106,-0.04585322365164757,0.990679919719696,0.12826038897037507,0.5275980234146118,-0.08500982820987702,0.845229983329773],"EasingStyle":"Constant","EasingDirection":"In"},"Torso":{"Weight":1,"CFrame":[0,-0.057311493903398517,-0.10744572430849076,1,0,-8.742277657347586e-8,-6.262912410903709e-9,0.9974306225776672,-0.07163936644792557,8.719815269842002e-8,0.07163936644792557,0.9974306225776672],"EasingStyle":"Constant","EasingDirection":"In"},"HumanoidRootPart":{"Weight":0,"CFrame":[0,0,0,1,0,0,0,1,0,0,0,1],"EasingStyle":"Linear","EasingDirection":"In"},"Right Leg":{"Weight":1,"CFrame":[0.2125595510005951,0.06543123722076416,0.12649524211883546,0.9147220849990845,0.1568535566329956,-0.3723980486392975,-0.18082968890666963,0.9830533862113953,-0.030111487954854966,0.3613642156124115,0.0948842391371727,0.9275844693183899],"EasingStyle":"Constant","EasingDirection":"In"}}},{"Time":0.2666666805744171,"poses":{"Left Leg":{"Weight":1,"CFrame":[-0.13565537333488465,0.036437034606933597,0.08013153076171875,0.9367366433143616,-0.10135845094919205,0.3350387215614319,0.11670853197574616,0.9928271770477295,-0.025948496535420419,-0.3300054967403412,0.06340880692005158,0.9418469667434692],"EasingStyle":"Constant","EasingDirection":"In"},"Right Arm":{"Weight":1,"CFrame":[-0.37538909912109377,-0.1365809291601181,0.1844519078731537,-0.0663391649723053,-0.9926998019218445,0.10072837024927139,0.7801534533500671,0.011332197114825249,0.6254856586456299,-0.6220608353614807,0.12007764726877213,0.773706316947937],"EasingStyle":"Constant","EasingDirection":"In"},"Head":{"Weight":1,"CFrame":[8.195638656616211e-8,1.3224780559539796e-7,-8.940696716308594e-8,0.9955570101737976,-0.0012377587845548988,-0.09415239840745926,0.006745670922100544,0.9982818961143494,0.05820422247052193,0.09391859918832779,-0.05858074873685837,0.9938549399375916],"EasingStyle":"Constant","EasingDirection":"In"},"Left Arm":{"Weight":1,"CFrame":[0.37538909912109377,-0.1181357204914093,0.15678411722183228,-0.04944266751408577,0.9958285093307495,-0.07668749243021012,-0.7903886437416077,0.007929278537631035,0.6125544905662537,0.6106072664260864,0.09089914709329605,0.7866994738578796],"EasingStyle":"Constant","EasingDirection":"In"},"Torso":{"Weight":1,"CFrame":[0,-0.055085647851228717,-0.059632062911987308,1,0,-8.742277657347586e-8,-6.019675424795423e-9,0.997626543045044,-0.06885705888271332,8.721528388377919e-8,0.06885705888271332,0.997626543045044],"EasingStyle":"Constant","EasingDirection":"In"},"HumanoidRootPart":{"Weight":0,"CFrame":[0,0,0,1,0,0,0,1,0,0,0,1],"EasingStyle":"Linear","EasingDirection":"In"},"Right Leg":{"Weight":1,"CFrame":[0.11227013170719147,0.034623920917510989,0.08521056175231934,0.9227344989776611,0.09888838231563568,-0.3725346326828003,-0.11802341043949127,0.9925915598869324,-0.028852278366684915,0.366921603679657,0.0705907791852951,0.9275696873664856],"EasingStyle":"Constant","EasingDirection":"In"}}},{"Time":0.30000001192092898,"poses":{"Left Leg":{"Weight":1,"CFrame":[-0.13565537333488465,0.036437034606933597,0.08013153076171875,0.9367366433143616,-0.10135845094919205,0.3350387215614319,0.11670853197574616,0.9928271770477295,-0.025948496535420419,-0.3300054967403412,0.06340880692005158,0.9418469667434692],"EasingStyle":"Constant","EasingDirection":"In"},"Right Arm":{"Weight":1,"CFrame":[-0.37538909912109377,-0.1365809291601181,0.1844519078731537,-0.0663391649723053,-0.9926998019218445,0.10072837024927139,0.7801534533500671,0.011332197114825249,0.6254856586456299,-0.6220608353614807,0.12007764726877213,0.773706316947937],"EasingStyle":"Constant","EasingDirection":"In"},"Head":{"Weight":1,"CFrame":[8.195638656616211e-8,1.3224780559539796e-7,-8.940696716308594e-8,0.9955570101737976,-0.0012377587845548988,-0.09415239840745926,0.006745670922100544,0.9982818961143494,0.05820422247052193,0.09391859918832779,-0.05858074873685837,0.9938549399375916],"EasingStyle":"Constant","EasingDirection":"In"},"Left Arm":{"Weight":1,"CFrame":[0.37538909912109377,-0.1181357204914093,0.15678411722183228,-0.04944266751408577,0.9958285093307495,-0.07668749243021012,-0.7903886437416077,0.007929278537631035,0.6125544905662537,0.6106072664260864,0.09089914709329605,0.7866994738578796],"EasingStyle":"Constant","EasingDirection":"In"},"Torso":{"Weight":1,"CFrame":[0,-0.055085647851228717,-0.059632062911987308,1,0,-8.742277657347586e-8,-6.019675424795423e-9,0.997626543045044,-0.06885705888271332,8.721528388377919e-8,0.06885705888271332,0.997626543045044],"EasingStyle":"Constant","EasingDirection":"In"},"HumanoidRootPart":{"Weight":0,"CFrame":[0,0,0,1,0,0,0,1,0,0,0,1],"EasingStyle":"Linear","EasingDirection":"In"},"Right Leg":{"Weight":1,"CFrame":[0.11227013170719147,0.034623920917510989,0.08521056175231934,0.9227344989776611,0.09888838231563568,-0.3725346326828003,-0.11802341043949127,0.9925915598869324,-0.028852278366684915,0.366921603679657,0.0705907791852951,0.9275696873664856],"EasingStyle":"Constant","EasingDirection":"In"}}},{"Time":0.3333333432674408,"poses":{"Left Leg":{"Weight":1,"CFrame":[-0.036989398300647739,0.011052906513214112,0.04416891932487488,0.9331057071685791,-0.12661956250667573,0.3365727961063385,0.13346916437149049,0.9910489916801453,0.002808736404404044,-0.3339157700538635,0.04230128228664398,0.9416532516479492],"EasingStyle":"Constant","EasingDirection":"In"},"Right Arm":{"Weight":1,"CFrame":[0.06803124397993088,0.3194273114204407,0.16231769323349,-0.740117073059082,-0.41260814666748049,-0.5310190320014954,0.25547391176223757,-0.9029595255851746,0.34553903341293337,-0.6220608949661255,0.1200776994228363,0.7737063765525818],"EasingStyle":"Constant","EasingDirection":"In"},"Head":{"Weight":1,"CFrame":[7.636845111846924e-8,1.3224780559539796e-7,5.364418029785156e-7,0.9999868869781494,-0.003916670102626085,0.0032984893769025804,0.004076503217220306,0.9987443089485169,-0.049931518733501437,-0.0030987821519374849,0.04994431138038635,0.9987471699714661],"EasingStyle":"Constant","EasingDirection":"In"},"Left Arm":{"Weight":1,"CFrame":[-0.05116790160536766,0.32690107822418215,0.1789184808731079,-0.7426276803016663,0.4107649326324463,0.5289387106895447,-0.27506861090660097,-0.9071987271308899,0.3183203637599945,0.610607385635376,0.09089899808168411,0.7866994142532349],"EasingStyle":"Constant","EasingDirection":"In"},"Torso":{"Weight":1,"CFrame":[0,0.005963731557130814,-0.025394678115844728,1,0,-8.742277657347586e-8,6.517075212819634e-10,0.9999722242355347,0.007454665377736092,8.742034651731956e-8,-0.007454665377736092,0.9999722242355347],"EasingStyle":"Constant","EasingDirection":"In"},"HumanoidRootPart":{"Weight":0,"CFrame":[0,0,0,1,0,0,0,1,0,0,0,1],"EasingStyle":"Linear","EasingDirection":"In"},"Right Leg":{"Weight":1,"CFrame":[0.014975182712078095,0.011229097843170166,0.04518577456474304,0.9188756346702576,0.12500101327896119,-0.37422221899032595,-0.1335458904504776,0.9910377264022827,0.0031229807063937189,0.37125879526138308,0.04710613191127777,0.9273337721824646],"EasingStyle":"Constant","EasingDirection":"In"}}},{"Time":0.36666667461395266,"poses":{"Left Leg":{"Weight":1,"CFrame":[-0.036989398300647739,0.011052906513214112,0.04416891932487488,0.9331057071685791,-0.12661956250667573,0.3365727961063385,0.13346916437149049,0.9910489916801453,0.002808736404404044,-0.3339157700538635,0.04230128228664398,0.9416532516479492],"EasingStyle":"Constant","EasingDirection":"In"},"Right Arm":{"Weight":1,"CFrame":[0.06803124397993088,0.3194273114204407,0.16231769323349,-0.740117073059082,-0.41260814666748049,-0.5310190320014954,0.25547391176223757,-0.9029595255851746,0.34553903341293337,-0.6220608949661255,0.1200776994228363,0.7737063765525818],"EasingStyle":"Constant","EasingDirection":"In"},"Head":{"Weight":1,"CFrame":[7.636845111846924e-8,1.3224780559539796e-7,5.364418029785156e-7,0.9999868869781494,-0.003916670102626085,0.0032984893769025804,0.004076503217220306,0.9987443089485169,-0.049931518733501437,-0.0030987821519374849,0.04994431138038635,0.9987471699714661],"EasingStyle":"Constant","EasingDirection":"In"},"Left Arm":{"Weight":1,"CFrame":[-0.05116790160536766,0.32690107822418215,0.1789184808731079,-0.7426276803016663,0.4107649326324463,0.5289387106895447,-0.27506861090660097,-0.9071987271308899,0.3183203637599945,0.610607385635376,0.09089899808168411,0.7866994142532349],"EasingStyle":"Constant","EasingDirection":"In"},"Torso":{"Weight":1,"CFrame":[0,0.005963731557130814,-0.025394678115844728,1,0,-8.742277657347586e-8,6.517075212819634e-10,0.9999722242355347,0.007454665377736092,8.742034651731956e-8,-0.007454665377736092,0.9999722242355347],"EasingStyle":"Constant","EasingDirection":"In"},"HumanoidRootPart":{"Weight":0,"CFrame":[0,0,0,1,0,0,0,1,0,0,0,1],"EasingStyle":"Linear","EasingDirection":"In"},"Right Leg":{"Weight":1,"CFrame":[0.014975182712078095,0.011229097843170166,0.04518577456474304,0.9188756346702576,0.12500101327896119,-0.37422221899032595,-0.1335458904504776,0.9910377264022827,0.0031229807063937189,0.37125879526138308,0.04710613191127777,0.9273337721824646],"EasingStyle":"Constant","EasingDirection":"In"}}},{"Time":0.4000000059604645,"poses":{"Left Leg":{"Weight":1,"CFrame":[-0.036989398300647739,0.011052906513214112,0.04416891932487488,0.9331057071685791,-0.12661956250667573,0.3365727961063385,0.13346916437149049,0.9910489916801453,0.002808736404404044,-0.3339157700538635,0.04230128228664398,0.9416532516479492],"EasingStyle":"Constant","EasingDirection":"In"},"Right Arm":{"Weight":1,"CFrame":[0.06803124397993088,0.3194273114204407,0.16231769323349,-0.740117073059082,-0.41260814666748049,-0.5310190320014954,0.25547391176223757,-0.9029595255851746,0.34553903341293337,-0.6220608949661255,0.1200776994228363,0.7737063765525818],"EasingStyle":"Constant","EasingDirection":"In"},"Head":{"Weight":1,"CFrame":[7.636845111846924e-8,1.3224780559539796e-7,5.364418029785156e-7,0.9999868869781494,-0.003916670102626085,0.0032984893769025804,0.004076503217220306,0.9987443089485169,-0.049931518733501437,-0.0030987821519374849,0.04994431138038635,0.9987471699714661],"EasingStyle":"Constant","EasingDirection":"In"},"Left Arm":{"Weight":1,"CFrame":[-0.05116790160536766,0.32690107822418215,0.1789184808731079,-0.7426276803016663,0.4107649326324463,0.5289387106895447,-0.27506861090660097,-0.9071987271308899,0.3183203637599945,0.610607385635376,0.09089899808168411,0.7866994142532349],"EasingStyle":"Constant","EasingDirection":"In"},"Torso":{"Weight":1,"CFrame":[0,0.005963731557130814,-0.025394678115844728,1,0,-8.742277657347586e-8,6.517075212819634e-10,0.9999722242355347,0.007454665377736092,8.742034651731956e-8,-0.007454665377736092,0.9999722242355347],"EasingStyle":"Constant","EasingDirection":"In"},"HumanoidRootPart":{"Weight":0,"CFrame":[0,0,0,1,0,0,0,1,0,0,0,1],"EasingStyle":"Linear","EasingDirection":"In"},"Right Leg":{"Weight":1,"CFrame":[0.014975182712078095,0.011229097843170166,0.04518577456474304,0.9188756346702576,0.12500101327896119,-0.37422221899032595,-0.1335458904504776,0.9910377264022827,0.0031229807063937189,0.37125879526138308,0.04710613191127777,0.9273337721824646],"EasingStyle":"Constant","EasingDirection":"In"}}},{"Time":0.4333333373069763,"poses":{"Left Leg":{"Weight":1,"CFrame":[-0.036989398300647739,0.011052906513214112,0.04416891932487488,0.9331057071685791,-0.12661956250667573,0.3365727961063385,0.13346916437149049,0.9910489916801453,0.002808736404404044,-0.3339157700538635,0.04230128228664398,0.9416532516479492],"EasingStyle":"Constant","EasingDirection":"In"},"Right Arm":{"Weight":1,"CFrame":[0.06803124397993088,0.3194273114204407,0.16231769323349,-0.740117073059082,-0.41260814666748049,-0.5310190320014954,0.25547391176223757,-0.9029595255851746,0.34553903341293337,-0.6220608949661255,0.1200776994228363,0.7737063765525818],"EasingStyle":"Constant","EasingDirection":"In"},"Head":{"Weight":1,"CFrame":[7.636845111846924e-8,1.3224780559539796e-7,5.364418029785156e-7,0.9999868869781494,-0.003916670102626085,0.0032984893769025804,0.004076503217220306,0.9987443089485169,-0.049931518733501437,-0.0030987821519374849,0.04994431138038635,0.9987471699714661],"EasingStyle":"Constant","EasingDirection":"In"},"Left Arm":{"Weight":1,"CFrame":[-0.05116790160536766,0.32690107822418215,0.1789184808731079,-0.7426276803016663,0.4107649326324463,0.5289387106895447,-0.27506861090660097,-0.9071987271308899,0.3183203637599945,0.610607385635376,0.09089899808168411,0.7866994142532349],"EasingStyle":"Constant","EasingDirection":"In"},"Torso":{"Weight":1,"CFrame":[0,0.005963731557130814,-0.025394678115844728,1,0,-8.742277657347586e-8,6.517075212819634e-10,0.9999722242355347,0.007454665377736092,8.742034651731956e-8,-0.007454665377736092,0.9999722242355347],"EasingStyle":"Constant","EasingDirection":"In"},"HumanoidRootPart":{"Weight":0,"CFrame":[0,0,0,1,0,0,0,1,0,0,0,1],"EasingStyle":"Linear","EasingDirection":"In"},"Right Leg":{"Weight":1,"CFrame":[0.014975182712078095,0.011229097843170166,0.04518577456474304,0.9188756346702576,0.12500101327896119,-0.37422221899032595,-0.1335458904504776,0.9910377264022827,0.0031229807063937189,0.37125879526138308,0.04710613191127777,0.9273337721824646],"EasingStyle":"Constant","EasingDirection":"In"}}},{"Time":0.46666666865348818,"poses":{"Left Leg":{"Weight":1,"CFrame":[-0.036989398300647739,0.011052906513214112,0.04416891932487488,0.9331057071685791,-0.12661956250667573,0.3365727961063385,0.13346916437149049,0.9910489916801453,0.002808736404404044,-0.3339157700538635,0.04230128228664398,0.9416532516479492],"EasingStyle":"Constant","EasingDirection":"In"},"Right Arm":{"Weight":1,"CFrame":[0.06803124397993088,0.3194273114204407,0.16231769323349,-0.740117073059082,-0.41260814666748049,-0.5310190320014954,0.25547391176223757,-0.9029595255851746,0.34553903341293337,-0.6220608949661255,0.1200776994228363,0.7737063765525818],"EasingStyle":"Constant","EasingDirection":"In"},"Head":{"Weight":1,"CFrame":[7.636845111846924e-8,1.3224780559539796e-7,5.364418029785156e-7,0.9999868869781494,-0.003916670102626085,0.0032984893769025804,0.004076503217220306,0.9987443089485169,-0.049931518733501437,-0.0030987821519374849,0.04994431138038635,0.9987471699714661],"EasingStyle":"Constant","EasingDirection":"In"},"Left Arm":{"Weight":1,"CFrame":[-0.05116790160536766,0.32690107822418215,0.1789184808731079,-0.7426276803016663,0.4107649326324463,0.5289387106895447,-0.27506861090660097,-0.9071987271308899,0.3183203637599945,0.610607385635376,0.09089899808168411,0.7866994142532349],"EasingStyle":"Constant","EasingDirection":"In"},"Torso":{"Weight":1,"CFrame":[0,0.005963731557130814,-0.025394678115844728,1,0,-8.742277657347586e-8,6.517075212819634e-10,0.9999722242355347,0.007454665377736092,8.742034651731956e-8,-0.007454665377736092,0.9999722242355347],"EasingStyle":"Constant","EasingDirection":"In"},"HumanoidRootPart":{"Weight":0,"CFrame":[0,0,0,1,0,0,0,1,0,0,0,1],"EasingStyle":"Linear","EasingDirection":"In"},"Right Leg":{"Weight":1,"CFrame":[0.014975182712078095,0.011229097843170166,0.04518577456474304,0.9188756346702576,0.12500101327896119,-0.37422221899032595,-0.1335458904504776,0.9910377264022827,0.0031229807063937189,0.37125879526138308,0.04710613191127777,0.9273337721824646],"EasingStyle":"Constant","EasingDirection":"In"}}},{"Time":0.5,"poses":{"Left Leg":{"Weight":1,"CFrame":[-0.030148912221193315,0.0062833428382873539,0.04153639078140259,0.9074288010597229,-0.2549862265586853,0.33399850130081179,0.2536686956882477,0.9660816788673401,0.04835708439350128,-0.33500024676322939,0.0408443845808506,0.9413323402404785],"EasingStyle":"Constant","EasingDirection":"In"},"Right Arm":{"Weight":1,"CFrame":[0.06881369650363922,0.32276731729507449,0.16231769323349,-0.7822852730751038,-0.0540316067636013,-0.6205726265907288,-0.032712388783693317,-0.9912930727005005,0.1275460571050644,-0.6220608353614807,0.1200777143239975,0.7737064361572266],"EasingStyle":"Constant","EasingDirection":"In"},"Head":{"Weight":1,"CFrame":[7.636845111846924e-8,1.341104507446289e-7,8.940696716308594e-8,0.9999868869781494,-0.0037798178382217886,0.0034544547088444235,0.004198694135993719,0.9914228320121765,-0.1306258738040924,-0.0029310830868780615,0.13063867390155793,0.9914256930351257],"EasingStyle":"Constant","EasingDirection":"In"},"Left Arm":{"Weight":1,"CFrame":[-0.05038540065288544,0.32356053590774538,0.1789184808731079,-0.7917840480804443,0.05076651647686958,0.6086878180503845,0.015391110442578793,-0.9945653080940247,0.10297093540430069,0.6106072068214417,0.09089912474155426,0.7866995334625244],"EasingStyle":"Constant","EasingDirection":"In"},"Torso":{"Weight":1,"CFrame":[0,0.10251384973526001,-0.0319676399230957,1,0,-8.742277657347586e-8,1.1202559768719312e-8,0.9917557835578919,0.1281423419713974,8.670204465488496e-8,-0.1281423419713974,0.9917557835578919],"EasingStyle":"Constant","EasingDirection":"In"},"HumanoidRootPart":{"Weight":0,"CFrame":[0,0,0,1,0,0,0,1,0,0,0,1],"EasingStyle":"Linear","EasingDirection":"In"},"Right Leg":{"Weight":1,"CFrame":[0.00836879014968872,0.00942307710647583,0.042213618755340579,0.8932515382766724,0.25340795516967776,-0.3713300824165344,-0.251779168844223,0.966290295124054,0.053762178868055347,0.3724364638328552,0.0454699732363224,0.9269431233406067],"EasingStyle":"Constant","EasingDirection":"In"}}},{"Time":0.5333333611488342,"poses":{"Left Leg":{"Weight":1,"CFrame":[-0.20508982241153718,0.009265899658203125,0.10346353054046631,0.8738276958465576,-0.353361040353775,0.33400759100914,0.35844168066978457,0.9322884678840637,0.048556212335824969,-0.3285493552684784,0.07729249447584152,0.9413188695907593],"EasingStyle":"Constant","EasingDirection":"In"},"Right Arm":{"Weight":1,"CFrame":[0.0685805082321167,0.3252611756324768,0.16231772303581239,-0.7446244359016419,0.2147236168384552,-0.6320034265518189,-0.24202261865139008,-0.9692652821540833,-0.04415837675333023,-0.6220607161521912,0.12007758021354675,0.7737064957618713],"EasingStyle":"Constant","EasingDirection":"In"},"Head":{"Weight":1,"CFrame":[7.636845111846924e-8,1.6391277313232423e-7,8.940696716308594e-8,0.9999868869781494,-0.0037798178382217886,0.0034544547088444235,0.004198694135993719,0.9914228320121765,-0.1306258738040924,-0.0029310830868780615,0.13063867390155793,0.9914256930351257],"EasingStyle":"Constant","EasingDirection":"In"},"Left Arm":{"Weight":1,"CFrame":[-0.05061855912208557,0.3210664391517639,0.17891845107078553,-0.7584338188171387,-0.21874885261058808,0.6139439344406128,0.22789649665355683,-0.9715381264686585,-0.06462867558002472,0.6106073260307312,0.09089905023574829,0.7866994142532349],"EasingStyle":"Constant","EasingDirection":"In"},"Torso":{"Weight":1,"CFrame":[0,0.10251384973526001,-0.09328341484069824,1,0,-8.742277657347586e-8,1.1202559768719312e-8,0.9917557835578919,0.1281423419713974,8.670204465488496e-8,-0.1281423419713974,0.9917557835578919],"EasingStyle":"Constant","EasingDirection":"In"},"HumanoidRootPart":{"Weight":0,"CFrame":[0,0,0,1,0,0,0,1,0,0,0,1],"EasingStyle":"Linear","EasingDirection":"In"},"Right Leg":{"Weight":1,"CFrame":[0.1808193475008011,0.012794256210327149,0.11111056804656983,0.8598794937133789,0.35030657052993777,-0.3713389039039612,-0.3566507399082184,0.9326767921447754,0.05398344621062279,0.36524996161460879,0.08601903915405274,0.9269267320632935],"EasingStyle":"Constant","EasingDirection":"In"}}},{"Time":0.5666666626930237,"poses":{"Left Leg":{"Weight":1,"CFrame":[-0.20508982241153718,0.009265899658203125,0.10346353054046631,0.8738276958465576,-0.353361040353775,0.33400759100914,0.35844168066978457,0.9322884678840637,0.048556212335824969,-0.3285493552684784,0.07729249447584152,0.9413188695907593],"EasingStyle":"Constant","EasingDirection":"In"},"Right Arm":{"Weight":1,"CFrame":[0.0685805082321167,0.3252611756324768,0.16231772303581239,-0.7446244359016419,0.2147236168384552,-0.6320034265518189,-0.24202261865139008,-0.9692652821540833,-0.04415837675333023,-0.6220607161521912,0.12007758021354675,0.7737064957618713],"EasingStyle":"Constant","EasingDirection":"In"},"Head":{"Weight":1,"CFrame":[7.636845111846924e-8,1.6391277313232423e-7,8.940696716308594e-8,0.9999868869781494,-0.0037798178382217886,0.0034544547088444235,0.004198694135993719,0.9914228320121765,-0.1306258738040924,-0.0029310830868780615,0.13063867390155793,0.9914256930351257],"EasingStyle":"Constant","EasingDirection":"In"},"Left Arm":{"Weight":1,"CFrame":[-0.05061855912208557,0.3210664391517639,0.17891845107078553,-0.7584338188171387,-0.21874885261058808,0.6139439344406128,0.22789649665355683,-0.9715381264686585,-0.06462867558002472,0.6106073260307312,0.09089905023574829,0.7866994142532349],"EasingStyle":"Constant","EasingDirection":"In"},"Torso":{"Weight":1,"CFrame":[0,0.10251384973526001,-0.09328341484069824,1,0,-8.742277657347586e-8,1.1202559768719312e-8,0.9917557835578919,0.1281423419713974,8.670204465488496e-8,-0.1281423419713974,0.9917557835578919],"EasingStyle":"Constant","EasingDirection":"In"},"HumanoidRootPart":{"Weight":0,"CFrame":[0,0,0,1,0,0,0,1,0,0,0,1],"EasingStyle":"Linear","EasingDirection":"In"},"Right Leg":{"Weight":1,"CFrame":[0.1808193475008011,0.012794256210327149,0.11111056804656983,0.8598794937133789,0.35030657052993777,-0.3713389039039612,-0.3566507399082184,0.9326767921447754,0.05398344621062279,0.36524996161460879,0.08601903915405274,0.9269267320632935],"EasingStyle":"Constant","EasingDirection":"In"}}},{"Time":0.6000000238418579,"poses":{"Left Leg":{"Weight":1,"CFrame":[-0.20508982241153718,0.009265899658203125,0.10346353054046631,0.8738276958465576,-0.353361040353775,0.33400759100914,0.35844168066978457,0.9322884678840637,0.048556212335824969,-0.3285493552684784,0.07729249447584152,0.9413188695907593],"EasingStyle":"Constant","EasingDirection":"In"},"Right Arm":{"Weight":1,"CFrame":[0.0685805082321167,0.3252611756324768,0.16231772303581239,-0.7446244359016419,0.2147236168384552,-0.6320034265518189,-0.24202261865139008,-0.9692652821540833,-0.04415837675333023,-0.6220607161521912,0.12007758021354675,0.7737064957618713],"EasingStyle":"Constant","EasingDirection":"In"},"Head":{"Weight":1,"CFrame":[7.636845111846924e-8,1.6391277313232423e-7,8.940696716308594e-8,0.9999868869781494,-0.0037798178382217886,0.0034544547088444235,0.004198694135993719,0.9914228320121765,-0.1306258738040924,-0.0029310830868780615,0.13063867390155793,0.9914256930351257],"EasingStyle":"Constant","EasingDirection":"In"},"Left Arm":{"Weight":1,"CFrame":[-0.05061855912208557,0.3210664391517639,0.17891845107078553,-0.7584338188171387,-0.21874885261058808,0.6139439344406128,0.22789649665355683,-0.9715381264686585,-0.06462867558002472,0.6106073260307312,0.09089905023574829,0.7866994142532349],"EasingStyle":"Constant","EasingDirection":"In"},"Torso":{"Weight":1,"CFrame":[0,0.10251384973526001,-0.09328341484069824,1,0,-8.742277657347586e-8,1.1202559768719312e-8,0.9917557835578919,0.1281423419713974,8.670204465488496e-8,-0.1281423419713974,0.9917557835578919],"EasingStyle":"Constant","EasingDirection":"In"},"HumanoidRootPart":{"Weight":0,"CFrame":[0,0,0,1,0,0,0,1,0,0,0,1],"EasingStyle":"Linear","EasingDirection":"In"},"Right Leg":{"Weight":1,"CFrame":[0.1808193475008011,0.012794256210327149,0.11111056804656983,0.8598794937133789,0.35030657052993777,-0.3713389039039612,-0.3566507399082184,0.9326767921447754,0.05398344621062279,0.36524996161460879,0.08601903915405274,0.9269267320632935],"EasingStyle":"Constant","EasingDirection":"In"}}},{"Time":0.6333333253860474,"poses":{"Left Leg":{"Weight":1,"CFrame":[-0.20508982241153718,0.009265899658203125,0.10346353054046631,0.8738276958465576,-0.353361040353775,0.33400759100914,0.35844168066978457,0.9322884678840637,0.048556212335824969,-0.3285493552684784,0.07729249447584152,0.9413188695907593],"EasingStyle":"Constant","EasingDirection":"In"},"Right Arm":{"Weight":1,"CFrame":[0.0685805082321167,0.3252611756324768,0.16231772303581239,-0.7446244359016419,0.2147236168384552,-0.6320034265518189,-0.24202261865139008,-0.9692652821540833,-0.04415837675333023,-0.6220607161521912,0.12007758021354675,0.7737064957618713],"EasingStyle":"Constant","EasingDirection":"In"},"Head":{"Weight":1,"CFrame":[7.636845111846924e-8,1.6391277313232423e-7,8.940696716308594e-8,0.9999868869781494,-0.0037798178382217886,0.0034544547088444235,0.004198694135993719,0.9914228320121765,-0.1306258738040924,-0.0029310830868780615,0.13063867390155793,0.9914256930351257],"EasingStyle":"Constant","EasingDirection":"In"},"Left Arm":{"Weight":1,"CFrame":[-0.05061855912208557,0.3210664391517639,0.17891845107078553,-0.7584338188171387,-0.21874885261058808,0.6139439344406128,0.22789649665355683,-0.9715381264686585,-0.06462867558002472,0.6106073260307312,0.09089905023574829,0.7866994142532349],"Easin