{"Sequence":[{"Time":0,"poses":{"Left Leg":{"Weight":1,"CFrame":[-0.5501453876495361,0.011469006538391114,0.12586426734924317,0.7436230778694153,-0.6392335295677185,0.19597280025482179,0.620255172252655,0.7689855098724365,0.15474171936511994,-0.24961631000041963,0.0064836228266358379,0.9683231711387634],"EasingStyle":"Linear","EasingDirection":"In"},"Right Leg":{"Weight":1,"CFrame":[0.5733245015144348,-0.022643327713012697,0.032111287117004397,0.8990763425827026,0.4345760643482208,-0.05296408012509346,-0.4377777576446533,0.8914774060249329,-0.11669924110174179,-0.0034983353689312937,0.12810805439949037,0.9917540550231934],"EasingStyle":"Linear","EasingDirection":"In"},"Head":{"Weight":1,"CFrame":[8.940696716308594e-8,-3.5390257835388186e-8,2.384185791015625e-7,0.9597182869911194,-0.23276886343955995,-0.15735207498073579,0.20704875886440278,0.9644969701766968,-0.1639409065246582,0.18992593884468079,0.1247575581073761,0.9738397598266602],"EasingStyle":"Linear","EasingDirection":"In"},"Icon3":{"Weight":1,"CFrame":[-2.84999942779541,-1.2900009155273438,0.5,1,0,0,0,1,0,0,0,1],"EasingStyle":"CubicV2","EasingDirection":"Out"},"Torso":{"Weight":1,"CFrame":[-0.023302525281906129,0.11996346712112427,-0.2562847137451172,0.9480757117271423,0.2992939352989197,0.10758991539478302,-0.31264302134513857,0.9391099810600281,0.14257213473320008,-0.05836779624223709,-0.16880641877651215,0.9839195013046265],"EasingStyle":"Linear","EasingDirection":"In"},"HumanoidRootPart":{"Weight":0,"CFrame":[0,0,0,1,0,0,0,1,0,0,0,1],"EasingStyle":"Linear","EasingDirection":"In"},"Icon5":{"Weight":1,"CFrame":[2.6499996185302736,-1.3400001525878907,0.5200004577636719,1,0,0,0,1,0,0,0,1],"EasingStyle":"CubicV2","EasingDirection":"Out"},"Icon7":{"Weight":1,"CFrame":[-1.9899988174438477,3.3699989318847658,0.9500007629394531,1,0,0,0,1,0,0,0,1],"EasingStyle":"CubicV2","EasingDirection":"Out"},"Icon1":{"Weight":1,"CFrame":[-2.4800004959106447,2.229999542236328,-0.3200035095214844,1,0,0,0,1,0,0,0,1],"EasingStyle":"CubicV2","EasingDirection":"Out"},"Right Arm":{"Weight":1,"CFrame":[-0.031910717487335208,-0.12219375371932984,0.09669554233551026,0.8920298218727112,-0.17317242920398713,0.4174853265285492,0.25417882204055788,0.9559891223907471,-0.14655393362045289,-0.3737322986125946,0.23684626817703248,0.8967875242233276],"EasingStyle":"Linear","EasingDirection":"In"},"Left Arm":{"Weight":1,"CFrame":[0.041579410433769229,-0.1238589882850647,0.0684128999710083,0.8634601831436157,0.1803649216890335,-0.4710679352283478,-0.28029489517211916,0.9479942917823792,-0.15080350637435914,0.4193700850009918,0.2622508406639099,0.869110643863678],"EasingStyle":"Linear","EasingDirection":"In"},"Icon2":{"Weight":1,"CFrame":[2.9299983978271486,0.07999992370605469,-0.75,1,0,0,0,1,0,0,0,1],"EasingStyle":"CubicV2","EasingDirection":"Out"},"Icon4":{"Weight":1,"CFrame":[2.730001449584961,1.5099983215332032,0.15000152587890626,1,0,0,0,1,0,0,0,1],"EasingStyle":"CubicV2","EasingDirection":"Out"},"Icon8":{"Weight":1,"CFrame":[1.489999771118164,4.259998321533203,-0.44999998807907107,1,0,0,0,1,0,0,0,1],"EasingStyle":"CubicV2","EasingDirection":"Out"},"Icon6":{"Weight":1,"CFrame":[-3.0500001907348635,0.009998321533203125,-0.8999977111816406,1,0,0,0,1,0,0,0,1],"EasingStyle":"CubicV2","EasingDirection":"Out"}}},{"Time":0.03333333507180214,"poses":{"Left Leg":{"Weight":1,"CFrame":[-0.5903079509735107,0.009108543395996094,0.1212390661239624,0.719343364238739,-0.672068178653717,0.17569759488105775,0.6497071981430054,0.7404255867004395,0.17219288647174836,-0.2458164095878601,-0.00971380528062582,0.969267725944519],"EasingStyle":"Linear","EasingDirection":"In"},"Right Leg":{"Weight":1,"CFrame":[0.5842649340629578,-0.033608078956604007,0.04994547367095947,0.8852391242980957,0.45792585611343386,-0.08158170431852341,-0.4650214612483978,0.8751974105834961,-0.1333588808774948,0.010331641882658005,0.15599171817302705,0.9877043962478638],"EasingStyle":"Linear","EasingDirection":"In"},"Head":{"Weight":1,"CFrame":[1.043081283569336e-7,-7.450580596923828e-9,-1.1920928955078126e-7,0.9588844776153565,-0.23943810164928437,-0.15234805643558503,0.2108393907546997,0.9603659510612488,-0.18232978880405427,0.18996655941009522,0.14271223545074464,0.9713629484176636],"EasingStyle":"Linear","EasingDirection":"In"},"Left Arm":{"Weight":1,"CFrame":[0.04552803188562393,-0.13614866137504579,0.070487380027771,0.8623518943786621,0.17600946128368379,-0.4747314155101776,-0.27537861466407778,0.9498659372329712,-0.14805841445922852,0.424871563911438,0.258409321308136,0.8675879240036011],"EasingStyle":"Linear","EasingDirection":"In"},"Torso":{"Weight":1,"CFrame":[-0.029219001531600953,0.12556809186935426,-0.28338050842285159,0.9429339170455933,0.3105916678905487,0.12003510445356369,-0.3264598548412323,0.9333008527755737,0.14957794547080995,-0.06557120382785797,-0.18022875487804414,0.9814367294311523],"EasingStyle":"Linear","EasingDirection":"In"},"HumanoidRootPart":{"Weight":0,"CFrame":[0,0,0,1,0,0,0,1,0,0,0,1],"EasingStyle":"Linear","EasingDirection":"In"},"Right Arm":{"Weight":1,"CFrame":[-0.03362596035003662,-0.14764758944511414,0.09650850296020508,0.8932912945747376,-0.17281165719032288,0.41492995619773867,0.25417348742485049,0.9555779695510864,-0.14922015368938447,-0.37071093916893008,0.23876118659973145,0.8975335955619812],"EasingStyle":"Linear","EasingDirection":"In"}}},{"Time":0.06666667014360428,"poses":{"Left Leg":{"Weight":1,"CFrame":[-0.6145411133766174,0.004344820976257324,0.113974928855896,0.7026825547218323,-0.6940011382102966,0.15684309601783753,0.6692240834236145,0.7195255756378174,0.18553179502487184,-0.24161188304424287,-0.02540680207312107,0.9700403213500977],"EasingStyle":"Linear","EasingDirection":"In"},"Right Leg":{"Weight":1,"CFrame":[0.5846690535545349,-0.04641461372375488,0.06051075458526611,0.8762259483337402,0.47143423557281496,-0.09988883882761002,-0.4816042482852936,0.863935649394989,-0.14721675217151643,0.016894597560167314,0.1771019995212555,0.984047532081604],"EasingStyle":"Linear","EasingDirection":"In"},"Head":{"Weight":1,"CFrame":[9.685754776000977e-8,8.940696716308594e-8,1.1920928955078126e-7,0.959253191947937,-0.24279776215553285,-0.1445079743862152,0.21193812787532807,0.9565391540527344,-0.20028787851333619,0.18685699999332429,0.16150005161762238,0.9690212607383728],"EasingStyle":"Linear","EasingDirection":"In"},"Left Arm":{"Weight":1,"CFrame":[0.05105055868625641,-0.1502886712551117,0.07543444633483887,0.8632179498672485,0.16685982048511506,-0.47645848989486697,-0.26325103640556338,0.9540988206863403,-0.14280860126018525,0.4307594895362854,0.24870318174362184,0.8675212264060974],"EasingStyle":"Linear","EasingDirection":"In"},"Torso":{"Weight":1,"CFrame":[-0.03341799974441528,0.12995415925979615,-0.2980644702911377,0.9384598731994629,0.31962883472442629,0.13088348507881165,-0.33781224489212038,0.928352952003479,0.1550605148077011,-0.07194427400827408,-0.18973210453987122,0.9791964888572693],"EasingStyle":"Linear","EasingDirection":"In"},"HumanoidRootPart":{"Weight":0,"CFrame":[0,0,0,1,0,0,0,1,0,0,0,1],"EasingStyle":"Linear","EasingDirection":"In"},"Right Arm":{"Weight":1,"CFrame":[-0.037716031074523929,-0.17213299870491029,0.0959700345993042,0.8941162824630737,-0.17119550704956056,0.41382136940956118,0.2544187009334564,0.9546276330947876,-0.15478144586086274,-0.3685474991798401,0.2436763495206833,0.8971034288406372],"EasingStyle":"Linear","EasingDirection":"In"}}},{"Time":0.10000000149011612,"poses":{"Left Leg":{"Weight":1,"CFrame":[-0.6267629861831665,-0.001273512840270996,0.10628139972686768,0.6922376751899719,-0.707825779914856,0.14067663252353669,0.6814091801643372,0.7052791118621826,0.1956091821193695,-0.2376735359430313,-0.03954973816871643,0.9705395698547363],"EasingStyle":"Linear","EasingDirection":"In"},"Right Leg":{"Weight":1,"CFrame":[0.578352689743042,-0.05955362319946289,0.06500399112701416,0.8714011311531067,0.4780057370662689,-0.11032044142484665,-0.49021339416503909,0.8570484519004822,-0.1586153358221054,0.018731018528342248,0.1922980546951294,0.9811578392982483],"EasingStyle":"Linear","EasingDirection":"In"},"Head":{"Weight":1,"CFrame":[4.470348358154297e-8,4.470348358154297e-8,3.5762786865234377e-7,0.9599353671073914,-0.24430958926677705,-0.13724768161773683,0.21209776401519776,0.9535467624664307,-0.2139233946800232,0.18313559889793397,0.17624270915985108,0.9671608209609985],"EasingStyle":"Linear","EasingDirection":"In"},"Left Arm":{"Weight":1,"CFrame":[0.056738704442977908,-0.16385751962661744,0.08133876323699951,0.8647564053535461,0.15613703429698945,-0.47730258107185366,-0.24862512946128846,0.9588947296142578,-0.1367713212966919,0.4363277852535248,0.23694321513175965,0.8680298924446106],"EasingStyle":"Linear","EasingDirection":"In"},"Torso":{"Weight":1,"CFrame":[-0.03612160682678223,0.13329675793647767,-0.303272008895874,0.9346741437911987,0.326694518327713,0.1401960551738739,-0.3469427227973938,0.9242693185806274,0.1592387557029724,-0.07755648344755173,-0.1974763423204422,0.9772348999977112],"EasingStyle":"Linear","EasingDirection":"In"},"HumanoidRootPart":{"Weight":0,"CFrame":[0,0,0,1,0,0,0,1,0,0,0,1],"EasingStyle":"Linear","EasingDirection":"In"},"Right Arm":{"Weight":1,"CFrame":[-0.042597442865371707,-0.1929568350315094,0.09511291980743408,0.8946413993835449,-0.169106587767601,0.4135454595088959,0.25475993752479555,0.9534664750099182,-0.16124296188354493,-0.3670344054698944,0.2496093362569809,0.8960920572280884],"EasingStyle":"Linear","EasingDirection":"In"}}},{"Time":0.13333334028720857,"poses":{"Left Leg":{"Weight":1,"CFrame":[-0.6191691160202026,-0.007332801818847656,0.09846115112304688,0.6919063925743103,-0.7104830145835877,0.12837305665016175,0.6829650402069092,0.7017443776130676,0.20276489853858949,-0.23414607346057893,-0.05262000486254692,0.9707764387130737],"EasingStyle":"Linear","EasingDirection":"In"},"Right Leg":{"Weight":1,"CFrame":[0.55543452501297,-0.07479321956634522,0.0630490779876709,0.8732808232307434,0.4734649360179901,-0.11494196951389313,-0.4868314266204834,0.8573470115661621,-0.16718658804893495,0.01938825473189354,0.20195817947387696,0.9792022109031677],"EasingStyle":"Linear","EasingDirection":"In"},"Head":{"Weight":1,"CFrame":[9.685754776000977e-8,1.1175870895385743e-8,1.1920928955078126e-7,0.9600722193717957,-0.24560363590717317,-0.13394109904766084,0.21296007931232453,0.9521118402481079,-0.21938806772232057,0.18140940368175507,0.18210428953170777,0.9663999080657959],"EasingStyle":"Linear","EasingDirection":"In"},"Left Arm":{"Weight":1,"CFrame":[0.06118416786193848,-0.17443189024925233,0.08628571033477783,0.8658181428909302,0.14710809290409089,-0.4782450199127197,-0.23630881309509278,0.9627135396003723,-0.13168483972549439,0.4410409927368164,0.22702860832214356,0.8682976961135864],"EasingStyle":"Linear","EasingDirection":"In"},"Torso":{"Weight":1,"CFrame":[-0.03753948211669922,0.1357567012310028,-0.2921631336212158,0.9315674304962158,0.33205968141555788,0.14804908633232118,-0.3540944457054138,0.9210165143013,0.16231371462345124,-0.08245781064033508,-0.2036295235157013,0.9755694270133972],"EasingStyle":"Linear","EasingDirection":"In"},"HumanoidRootPart":{"Weight":0,"CFrame":[0,0,0,1,0,0,0,1,0,0,0,1],"EasingStyle":"Linear","EasingDirection":"In"},"Right Arm":{"Weight":1,"CFrame":[-0.04668733477592468,-0.20742619037628175,0.09397125244140625,0.8949974179267883,-0.16732704639434815,0.41349872946739199,0.25505053997039797,0.9524639248847961,-0.16661851108074189,-0.3659628629684448,0.2545860707759857,0.8951296806335449],"EasingStyle":"Linear","EasingDirection":"In"}}},{"Time":0.1666666716337204,"poses":{"Left Leg":{"Weight":1,"CFrame":[-0.5801366567611694,-0.012465715408325196,0.09006881713867188,0.7069258689880371,-0.6968504786491394,0.12105904519557953,0.6685317754745483,0.7142093777656555,0.2072930783033371,-0.23091375827789308,-0.06560903787612915,0.9707596898078919],"EasingStyle":"Linear","EasingDirection":"In"},"Right Leg":{"Weight":1,"CFrame":[0.5000495314598084,-0.09308242797851563,0.05379784107208252,0.8853926062583923,0.45025089383125307,-0.115559883415699,-0.46428653597831728,0.8687406778335571,-0.1724177598953247,0.022760359570384027,0.20631028711795808,0.9782218933105469],"EasingStyle":"Linear","EasingDirection":"In"},"Head":{"Weight":1,"CFrame":[9.685754776000977e-8,4.470348358154297e-8,1.1920928955078126e-7,0.9590635299682617,-0.24797594547271729,-0.1367664486169815,0.21573975682258607,0.9526263475418091,-0.2143816202878952,0.18344879150390626,0.17609965801239015,0.9671274423599243],"EasingStyle":"Linear","EasingDirection":"In"},"Left Arm":{"Weight":1,"CFrame":[0.06297905743122101,-0.1795901656150818,0.08836030960083008,0.8654094934463501,0.1430884450674057,-0.48020002245903017,-0.23119163513183595,0.9642754197120667,-0.12931859493255616,0.44454121589660647,0.22293175756931306,0.8675739765167236],"EasingStyle":"Linear","EasingDirection":"In"},"Torso":{"Weight":1,"CFrame":[-0.037872523069381717,0.13748228549957276,-0.2566666603088379,0.9291062355041504,0.33597931265830996,0.15453000366687776,-0.3595105707645416,0.9185323119163513,0.16447068750858308,-0.0866820439696312,-0.20836590230464936,0.9742021560668945],"EasingStyle":"Linear","EasingDirection":"In"},"HumanoidRootPart":{"Weight":0,"CFrame":[0,0,0,1,0,0,0,1,0,0,0,1],"EasingStyle":"Linear","EasingDirection":"In"},"Right Arm":{"Weight":1,"CFrame":[-0.0484025776386261,-0.21284806728363038,0.09257793426513672,0.8953126668930054,-0.16664345562458039,0.41309210658073428,0.25514501333236697,0.9520308971405029,-0.16893284022808076,-0.36512491106987,0.25664597749710085,0.8948836326599121],"EasingStyle":"Linear","EasingDirection":"In"}}},{"Time":0.20000000298023225,"poses":{"Left Leg":{"Weight":1,"CFrame":[-0.5179733633995056,-0.012961745262145996,0.08219289779663086,0.7316663861274719,-0.671048104763031,0.11982837319374085,0.6417236328125,0.7373589277267456,0.21093298494815827,-0.22990265488624574,-0.07743587344884873,0.9701281189918518],"EasingStyle":"Linear","EasingDirection":"In"},"Right Leg":{"Weight":1,"CFrame":[0.4174230694770813,-0.10867917537689209,0.04041397571563721,0.9046359062194824,0.41069456934928896,-0.11385916918516159,-0.4251902401447296,0.8879653811454773,-0.17530231177806855,0.029107341542840005,0.20699654519557954,0.9779086112976074],"EasingStyle":"Linear","EasingDirection":"In"},"Head":{"Weight":1,"CFrame":[8.940696716308594e-8,4.0978193283081057e-8,-5.960464477539063e-8,0.9571517109870911,-0.25113925337791445,-0.14418669044971467,0.2200351506471634,0.9544108510017395,-0.2017039954662323,0.18826913833618165,0.16133515536785127,0.9687754511833191],"EasingStyle":"Linear","EasingDirection":"In"},"Left Arm":{"Weight":1,"CFrame":[0.05943390727043152,-0.1810094714164734,0.08775150775909424,0.862159788608551,0.149297833442688,-0.48413917422294619,-0.23928649723529817,0.9622910618782044,-0.12937477231025697,0.44656747579574587,0.2273896336555481,0.8653736114501953],"EasingStyle":"Linear","EasingDirection":"In"},"Torso":{"Weight":1,"CFrame":[-0.0373157262802124,0.13861104846000672,-0.20888876914978028,0.9272386431694031,0.33869409561157229,0.15973351895809174,-0.3634328842163086,0.9167332649230957,0.16588163375854493,-0.09024990350008011,-0.21186427772045136,0.9731230735778809],"EasingStyle":"Linear","EasingDirection":"In"},"HumanoidRootPart":{"Weight":0,"CFrame":[0,0,0,1,0,0,0,1,0,0,0,1],"EasingStyle":"Linear","EasingDirection":"In"},"Right Arm":{"Weight":1,"CFrame":[-0.048080116510391238,-0.21223321557044984,0.09098708629608154,0.8952872157096863,-0.16947323083877564,0.411994606256485,0.25670701265335085,0.9520925283432007,-0.1661972552537918,-0.3640909790992737,0.2545560896396637,0.8959011435508728],"EasingStyle":"Linear","EasingDirection":"In"}}},{"Time":0.23333333432674409,"poses":{"Left Leg":{"Weight":1,"CFrame":[-0.4532855749130249,-0.008492231369018555,0.07557857036590576,0.7560118436813355,-0.6428582668304443,0.12320467829704285,0.6121532917022705,0.76104336977005,0.21466566622257234,-0.23176366090774537,-0.08686967939138413,0.9688856601715088],"EasingStyle":"Linear","EasingDirection":"In"},"Right Leg":{"Weight":1,"CFrame":[0.3275594115257263,-0.11703073978424072,0.026976823806762697,0.924601674079895,0.36463284492492678,-0.11024829745292664,-0.3792807161808014,0.9081344604492188,-0.1773080676794052,0.03546804189682007,0.2057543694972992,0.9779607653617859],"EasingStyle":"Linear","EasingDirection":"In"},"Head":{"Weight":1,"CFrame":[8.195638656616211e-8,1.043081283569336e-7,-1.7881393432617188e-7,0.9547671675682068,-0.25439420342445376,-0.1539585292339325,0.22502370178699494,0.9565973877906799,-0.1851641982793808,0.1943810135126114,0.14214439690113069,0.9705725312232971],"EasingStyle":"Linear","EasingDirection":"In"},"Icon3":{"Weight":1,"CFrame":[-2.84999942779541,-1,0.5,1,0,0,0,1,0,0,0,1],"EasingStyle":"CubicV2","EasingDirection":"In"},"Torso":{"Weight":1,"CFrame":[-0.0360601544380188,0.13927170634269715,-0.16637015342712403,0.9258983731269836,0.3404337167739868,0.163759246468544,-0.3661026954650879,0.9155203104019165,0.16670748591423036,-0.09317205101251602,-0.21430687606334687,0.9723125696182251],"EasingStyle":"Linear","EasingDirection":"In"},"HumanoidRootPart":{"Weight":0,"CFrame":[0,0,0,1,0,0,0,1,0,0,0,1],"EasingStyle":"Linear","EasingDirection":"In"},"Icon5":{"Weight":1,"CFrame":[2.6499996185302736,-1.0499999523162842,0.5200004577636719,1,0,0,0,1,0,0,0,1],"EasingStyle":"CubicV2","EasingDirection":"In"},"Icon7":{"Weight":1,"CFrame":[-1.9899988174438477,3.6599998474121095,0.949999988079071,1,0,0,0,1,0,0,0,1],"EasingStyle":"CubicV2","EasingDirection":"In"},"Icon1":{"Weight":1,"CFrame":[-2.4800004959106447,2.520000457763672,-0.3200035095214844,1,0,0,0,1,0,0,0,1],"EasingStyle":"CubicV2","EasingDirection":"In"},"Right Arm":{"Weight":1,"CFrame":[-0.047188252210617068,-0.2103513777256012,0.08933448791503906,0.8946835994720459,-0.17634254693984986,0.4104200303554535,0.26069435477256777,0.9522110223770142,-0.15916281938552857,-0.36273929476737978,0.24939438700675965,0.8978989720344544],"EasingStyle":"Linear","EasingDirection":"In"},"Left Arm":{"Weight":1,"CFrame":[0.050291046500205997,-0.18202605843544007,0.08611738681793213,0.8558719754219055,0.16588017344474793,-0.48986437916755679,-0.25990843772888186,0.9568294882774353,-0.130095973610878,0.4471363127231598,0.23866534233093263,0.8620371222496033],"EasingStyle":"Linear","EasingDirection":"In"},"Icon2":{"Weight":1,"CFrame":[2.9299983978271486,0.23000144958496095,-0.75,1,0,0,0,1,0,0,0,1],"EasingStyle":"CubicV2","EasingDirection":"In"},"Icon4":{"Weight":1,"CFrame":[2.730001449584961,1.659999966621399,0.15000152587890626,1,0,0,0,1,0,0,0,1],"EasingStyle":"CubicV2","EasingDirection":"In"},"Icon8":{"Weight":1,"CFrame":[1.489999771118164,4.549999237060547,-0.44999998807907107,1,0,0,0,1,0,0,0,1],"EasingStyle":"CubicV2","EasingDirection":"In"},"Icon6":{"Weight":1,"CFrame":[-3.0500001907348635,0.1599999964237213,-0.8999977111816406,1,0,0,0,1,0,0,0,1],"EasingStyle":"CubicV2","EasingDirection":"In"}}},{"Time":0.2666666805744171,"poses":{"Left Leg":{"Weight":1,"CFrame":[-0.40163853764533999,-0.0018943548202514649,0.07124900817871094,0.7736583948135376,-0.6201964616775513,0.12965025007724763,0.5877759456634522,0.7789208889007568,0.21863608062267304,-0.2365846335887909,-0.09294432401657105,0.9671551585197449],"EasingStyle":"Linear","EasingDirection":"In"},"Right Leg":{"Weight":1,"CFrame":[0.2499702274799347,-0.11895155906677246,0.015838980674743654,0.940894365310669,0.32237327098846438,-0.10389050841331482,-0.3365338146686554,0.9244479537010193,-0.17927946150302888,0.038246504962444308,0.20364558696746827,0.9782973527908325],"EasingStyle":"Linear","EasingDirection":"In"},"Head":{"Weight":1,"CFrame":[1.1175870895385742e-7,-2.60770320892334e-8,1.1920928955078126e-7,0.952386200428009,-0.2571571171283722,-0.1638009250164032,0.2298176884651184,0.9585204124450684,-0.1685900241136551,0.20036065578460694,0.12291847914457321,0.9719808101654053],"EasingStyle":"Linear","EasingDirection":"In"},"Left Arm":{"Weight":1,"CFrame":[0.037789613008499148,-0.1827077865600586,0.08374714851379395,0.8473049402236939,0.18852825462818147,-0.49651941657066347,-0.2878873646259308,0.9486519694328308,-0.13107401132583619,0.4463129937648773,0.25400131940841677,0.8580723404884338],"EasingStyle":"Linear","EasingDirection":"In"},"Torso":{"Weight":1,"CFrame":[-0.034294724464416507,0.13958632946014405,-0.13718581199645997,0.9250086545944214,0.3414190113544464,0.1667095422744751,-0.3677607476711273,0.9147838950157166,0.1671007126569748,-0.09545183181762696,-0.21587885916233064,0.9717434048652649],"EasingStyle":"Linear","EasingDirection":"In"},"HumanoidRootPart":{"Weight":0,"CFrame":[0,0,0,1,0,0,0,1,0,0,0,1],"EasingStyle":"Linear","EasingDirection":"In"},"Right Arm":{"Weight":1,"CFrame":[-0.045839667320251468,-0.20714625716209413,0.08777689933776856,0.8937239050865173,-0.18520383536815644,0.4086039960384369,0.26589909195899966,0.9522643685340881,-0.1499674767255783,-0.3613244593143463,0.24267683923244477,0.9003068804740906],"EasingStyle":"Linear","EasingDirection":"In"}}},{"Time":0.30000001192092898,"poses":{"Left Leg":{"Weight":1,"CFrame":[-0.3679991364479065,0.0044002532958984379,0.07074546813964844,0.7827256321907044,-0.6063733100891113,0.1401856392621994,0.5717598795890808,0.7895697355270386,0.22286833822727204,-0.2458277940750122,-0.09429220110177994,0.964716374874115],"EasingStyle":"Linear","EasingDirection":"In"},"Right Leg":{"Weight":1,"CFrame":[0.19889061152935029,-0.11769378185272217,0.008209824562072754,0.9516803026199341,0.2921774387359619,-0.0945354700088501,-0.3050287961959839,0.9349974393844605,-0.18093463778495789,0.03552544116973877,0.20102791488170625,0.9789412021636963],"EasingStyle":"Linear","EasingDirection":"In"},"Head":{"Weight":1,"CFrame":[1.341104507446289e-7,1.862645149230957e-8,2.384185791015625e-7,0.9505433440208435,-0.2590155303478241,-0.17140109837055207,0.2334412932395935,0.9598044157028198,-0.1558227390050888,0.20487208664417268,0.1081041768193245,0.9728005528450012],"EasingStyle":"Linear","EasingDirection":"In"},"Left Arm":{"Weight":1,"CFrame":[0.02416852116584778,-0.18312090635299684,0.08092927932739258,0.8374850153923035,0.2130032181739807,-0.5032381415367127,-0.3180926442146301,0.9388260841369629,-0.13199490308761598,0.44433772563934328,0.2706199884414673,0.8540074229240418],"EasingStyle":"Linear","EasingDirection":"In"},"Torso":{"Weight":1,"CFrame":[-0.031416356563568118,0.13967174291610719,-0.12137269973754883,0.9244853258132935,0.3418642580509186,0.16868817806243897,-0.36864739656448367,0.9144073128700256,0.1672074794769287,-0.09708743542432785,-0.2167672961950302,0.9713836312294006],"EasingStyle":"Linear","EasingDirection":"In"},"HumanoidRootPart":{"Weight":0,"CFrame":[0,0,0,1,0,0,0,1,0,0,0,1],"EasingStyle":"Linear","EasingDirection":"In"},"Right Arm":{"Weight":1,"CFrame":[-0.044147640466690066,-0.202562153339386,0.08647036552429199,0.8926604986190796,-0.19402140378952027,0.40683284401893618,0.2711106836795807,0.952201783657074,-0.14075106382369996,-0.36007824540138247,0.23593948781490327,0.9025941491127014],"EasingStyle":"Linear","EasingDirection":"In"}}},{"Time":0.3333333432674408,"poses":{"Left Leg":{"Weight":1,"CFrame":[-0.3515051007270813,0.00935983657836914,0.07493484020233154,0.7833997011184692,-0.6016600728034973,0.15585315227508546,0.5642859935760498,0.7936426401138306,0.2274041622877121,-0.26051175594329836,-0.09020265191793442,0.9612477421760559],"EasingStyle":"Linear","EasingDirection":"In"},"Right Leg":{"Weight":1,"CFrame":[0.1855827271938324,-0.1165473461151123,0.004127860069274902,0.9562273025512695,0.2809338867664337,-0.08188793808221817,-0.29148736596107485,0.939107358455658,-0.18196900188922883,0.02578027732670307,0.19787298142910005,0.9798886179924011],"EasingStyle":"Linear","EasingDirection":"In"},"Head":{"Weight":1,"CFrame":[1.1920928955078126e-7,1.2665987014770509e-7,-4.172325134277344e-7,0.949810266494751,-0.25967729091644289,-0.17443682253360749,0.23486153781414033,0.9602755904197693,-0.1507013738155365,0.20664110779762269,0.10216920077800751,0.9730678796768189],"EasingStyle":"Linear","EasingDirection":"In"},"Left Arm":{"Weight":1,"CFrame":[0.011667191982269287,-0.18333333730697633,0.07795321941375733,0.8279183506965637,0.23522481322288514,-0.5091372132301331,-0.345532089471817,0.928979754447937,-0.13268183171749116,0.44176799058914187,0.28577283024787905,0.850396990776062],"EasingStyle":"Linear","EasingDirection":"In"},"Torso":{"Weight":1,"CFrame":[-0.027072250843048097,0.1396414339542389,-0.11668252944946289,0.9242393374443054,0.341979444026947,0.16979911923408509,-0.3690029978752136,0.91427081823349,0.16716960072517396,-0.098073810338974,-0.21716110408306123,0.9711964726448059],"EasingStyle":"Linear","EasingDirection":"In"},"HumanoidRootPart":{"Weight":0,"CFrame":[0,0,0,1,0,0,0,1,0,0,0,1],"EasingStyle":"Linear","EasingDirection":"In"},"Right Arm":{"Weight":1,"CFrame":[-0.04222509264945984,-0.1965436339378357,0.0855720043182373,0.891786515712738,-0.20077933371067048,0.4054681360721588,0.2751208543777466,0.9520742893218994,-0.13365337252616883,-0.35920095443725588,0.2307429015636444,0.9042856097221375],"EasingStyle":"Linear","EasingDirection":"In"}}},{"Time":0.36666667461395266,"poses":{"Left Leg":{"Weight":1,"CFrame":[-0.3529242277145386,0.01293092966079712,0.08508336544036865,0.7747126221656799,-0.6070045232772827,0.17710380256175996,0.566277265548706,0.7906553149223328,0.23279660940170289,-0.2813367247581482,-0.08006063103675842,0.9562636017799377],"EasingStyle":"Linear","EasingDirection":"In"},"Right Leg":{"Weight":1,"CFrame":[0.22000113129615785,-0.11712062358856201,0.002629995346069336,0.9533331990242004,0.2946774959564209,-0.06573440879583359,-0.3018227815628052,0.9356989860534668,-0.18267624080181123,0.007677179761230946,0.19399136304855348,0.9809732437133789],"EasingStyle":"Linear","EasingDirection":"In"},"Head":{"Weight":1,"CFrame":[9.685754776000977e-8,2.9802322387695315e-8,1.1920928955078126e-7,0.9510409235954285,-0.258431077003479,-0.16951297223567964,0.23326396942138673,0.9600030779838562,-0.15486159920692445,0.20275405049324037,0.1077384352684021,0.9732848405838013],"EasingStyle":"Linear","EasingDirection":"In"},"Left Arm":{"Weight":1,"CFrame":[0.002524331212043762,-0.18341144919395448,0.07510721683502197,0.820572018623352,0.251310259103775,-0.5133271813392639,-0.36540961265563967,0.9212838411331177,-0.1330863982439041,0.4394740164279938,0.296781450510025,0.8478109240531921],"EasingStyle":"Linear","EasingDirection":"In"},"Torso":{"Weight":1,"CFrame":[-0.021826326847076417,0.139606773853302,-0.12341499328613281,0.9241781830787659,0.34197208285331728,0.17014646530151368,-0.3690681755542755,0.9142524600028992,0.16712628304958344,-0.09840431064367295,-0.21725009381771089,0.9711431264877319],"EasingStyle":"Linear","EasingDirection":"In"},"HumanoidRootPart":{"Weight":0,"CFrame":[0,0,0,1,0,0,0,1,0,0,0,1],"EasingStyle":"Linear","EasingDirection":"In"},"Right Arm":{"Weight":1,"CFrame":[-0.04018470644950867,-0.1890333592891693,0.08523762226104737,0.8914235830307007,-0.20347626507282258,0.404921293258667,0.2767249345779419,0.9520040154457092,-0.13081258535385133,-0.35886943340301516,0.2286611646413803,0.9049457311630249],"EasingStyle":"Linear","EasingDirection":"In"}}},{"Time":0.4000000059604645,"poses":{"Left Leg":{"Weight":1,"CFrame":[-0.3779814839363098,0.01545637845993042,0.10141313076019287,0.7572302222251892,-0.6218869090080261,0.19964750111103059,0.5784837007522583,0.7804860472679138,0.23706170916557313,-0.30324774980545046,-0.0640174150466919,0.9507589936256409],"EasingStyle":"Linear","EasingDirection":"In"},"Right Leg":{"Weight":1,"CFrame":[0.2992015779018402,-0.11619257926940918,0.0024701356887817384,0.9422963857650757,0.33119451999664309,-0.04886247217655182,-0.3344358205795288,0.9246354699134827,-0.18221448361873628,-0.015168366953730584,0.18804137408733369,0.982043981552124],"EasingStyle":"Linear","EasingDirection":"In"},"Head":{"Weight":1,"CFrame":[6.705522537231445e-8,-3.725290298461914e-8,2.384185791015625e-7,0.9542891383171082,-0.2545258402824402,-0.15668098628520966,0.2287566214799881,0.9593647718429565,-0.1651962846517563,0.19236089289188386,0.12180319428443909,0.9737358093261719],"EasingStyle":"Linear","EasingDirection":"In"},"Left Arm":{"Weight":1,"CFrame":[-0.001020967960357666,-0.1834227740764618,0.07268059253692627,0.8176466822624207,0.25750845670700076,-0.5149207711219788,-0.37307092547416689,0.9181884527206421,-0.1332225501537323,0.43848833441734316,0.30103087425231936,0.8468225598335266],"EasingStyle":"Linear","EasingDirection":"In"},"Torso":{"Weight":1,"CFrame":[-0.01751154661178589,0.13897305727005006,-0.14435291290283204,0.9254012703895569,0.3395957052707672,0.1682475507259369,-0.36621883511543276,0.9155417680740356,0.16633418202400208,-0.09755125641822815,-0.215541273355484,0.9716099500656128],"EasingStyle":"Linear","EasingDirection":"In"},"HumanoidRootPart":{"Weight":0,"CFrame":[0,0,0,1,0,0,0,1,0,0,0,1],"EasingStyle":"Linear","EasingDirection":"In"},"Right Arm":{"Weight":1,"CFrame":[-0.03814023733139038,-0.18003559112548829,0.08608651161193848,0.891051173210144,-0.2031676322221756,0.405894935131073,0.2767002582550049,0.9519965648651123,-0.1309185028076172,-0.3598121702671051,0.22896623611450196,0.9044941663742065],"EasingStyle":"Linear","EasingDirection":"In"}}},{"Time":0.4333333373069763,"poses":{"Left Leg":{"Weight":1,"CFrame":[-0.4262002408504486,0.019233345985412599,0.12187421321868897,0.7345232963562012,-0.642450213432312,0.21847961843013764,0.5983991622924805,0.7650628685951233,0.23790180683135987,-0.31999078392982485,-0.044006410986185077,0.9463980793952942],"EasingStyle":"Linear","EasingDirection":"In"},"Right Leg":{"Weight":1,"CFrame":[0.4020308554172516,-0.10794711112976074,0.0029207468032836916,0.9250422120094299,0.3783036768436432,-0.034396737813949588,-0.3780847489833832,0.9081716537475586,-0.17965616285800935,-0.03672640025615692,0.1791943907737732,0.9831279516220093],"EasingStyle":"Linear","EasingDirection":"In"},"Head":{"Weight":1,"CFrame":[1.2665987014770509e-7,1.2293457984924317e-7,0,0.958869993686676,-0.24758894741535188,-0.13880938291549684,0.2216978371143341,0.9586471915245056,-0.17845359444618226,0.17725232243537904,0.14034008979797364,0.9741079807281494],"EasingStyle":"Linear","EasingDirection":"In"},"Left Arm":{"Weight":1,"CFrame":[0.00213468074798584,-0.18139785528182984,0.07089400291442871,0.8196442723274231,0.2554779350757599,-0.5127518773078919,-0.3700367510318756,0.919385552406311,-0.13342872262001038,0.437328577041626,0.2991010248661041,0.8481051325798035],"EasingStyle":"Linear","EasingDirection":"In"},"Torso":{"Weight":1,"CFrame":[-0.01582854986190796,0.13723516464233399,-0.18055987358093263,0.9289841055870056,0.332399845123291,0.16278526186943055,-0.35769885778427126,0.919294536113739,0.1641617715358734,-0.09508025646209717,-0.21073175966739655,0.9729089736938477],"EasingStyle":"Linear","EasingDirection":"In"},"HumanoidRootPart":{"Weight":0,"CFrame":[0,0,0,1,0,0,0,1,0,0,0,1],"EasingStyle":"Linear","EasingDirection":"In"},"Right Arm":{"Weight":1,"CFrame":[-0.03620731830596924,-0.16978630423545838,0.08820819854736328,0.8902499079704285,-0.2018166035413742,0.40831974148750307,0.2761457562446594,0.9520775675773621,-0.13149912655353547,-0.3622133433818817,0.22982273995876313,0.9033178091049194],"EasingStyle":"Linear","EasingDirection":"In"}}},{"Time":0.46666666865348818,"poses":{"Left Leg":{"Weight":1,"CFrame":[-0.49043595790863039,0.027171611785888673,0.14268922805786134,0.7104661464691162,-0.6647776365280151,0.230886772274971,0.622393012046814,0.7466857433319092,0.23470723628997804,-0.3284280002117157,-0.023049280047416688,0.944247841835022],"EasingStyle":"Linear","EasingDirection":"In"},"Right Leg":{"Weight":1,"CFrame":[0.5097584128379822,-0.0892258882522583,0.0040395259857177738,0.9042578339576721,0.42636528611183169,-0.023030171170830728,-0.4235352575778961,0.8887984752655029,-0.1750866174697876,-0.05418157950043678,0.16807763278484345,0.9842836260795593],"EasingStyle":"Linear","EasingDirection":"In"},"Head":{"Weight":1,"CFrame":[7.450580596923828e-8,3.725290298461914e-9,2.384185791015625e-7,0.9641276597976685,-0.2373800277709961,-0.11877969652414322,0.21235665678977967,0.9582651257514954,-0.191397026181221,0.159256249666214,0.15930750966072083,0.9742990136146545],"EasingStyle":"Linear","EasingDirection":"In"},"Icon3":{"Weight":1,"CFrame":[-2.84999942779541,-1.2900009155273438,0.5,1,0,0,0,1,0,0,0,1],"EasingStyle":"CubicV2","EasingDirection":"Out"},"Torso":{"Weight":1,"CFrame":[-0.01693156361579895,0.13460054993629456,-0.23063373565673829,0.9347181916236877,0.3202340006828308,0.15411777794361115,-0.3435197174549103,0.9252651333808899,0.1608685404062271,-0.09108423441648483,-0.20330922305583955,0.9748687148094177],"EasingStyle":"Linear","EasingDirection":"In"},"HumanoidRootPart":{"Weight":0,"CFrame":[0,0,0,1,0,0,0,1,0,0,0,1],"EasingStyle":"Linear","EasingDirection":"In"},"Icon5":{"Weight":1,"CFrame":[2.6499996185302736,-1.3400001525878907,0.5200004577636719,1,0,0,0,1,0,0,0,1],"EasingStyle":"CubicV2","EasingDirection":"Out"},"Icon7":{"Weight":1,"CFrame":[-1.9899988174438477,3.3699989318847658,0.949999988079071,1,0,0,0,1,0,0,0,1],"EasingStyle":"CubicV2","EasingDirection":"Out"},"Icon1":{"Weight":1,"CFrame":[-2.4800004959106447,2.229999542236328,-0.3200035095214844,1,0,0,0,1,0,0,0,1],"EasingStyle":"CubicV2","EasingDirection":"Out"},"Right Arm":{"Weight":1,"CFrame":[-0.03450155258178711,-0.1585817039012909,0.09096670150756836,0.8894915580749512,-0.19878466427326203,0.41144809126853945,0.27434173226356509,0.9523972868919373,-0.13295142352581025,-0.36543333530426028,0.23113639652729035,0.9016842842102051],"EasingStyle":"Linear","EasingDirection":"In"},"Left Arm":{"Weight":1,"CFrame":[0.010023638606071473,-0.17561942338943482,0.06969630718231201,0.8250947594642639,0.24930541217327119,-0.5070162415504456,-0.36131930351257326,0.9227225184440613,-0.1342816799879074,0.4343581795692444,0.2939898371696472,0.8514123558998108],"EasingStyle":"Linear","EasingDirection":"In"},"Icon2":{"Weight":1,"CFrame":[2.9299983978271486,0.07999992370605469,-0.75,1,0,0,0,1,0,0,0,1],"EasingStyle":"CubicV2","EasingDirection":"Out"},"Icon4":{"Weight":1,"CFrame":[2.730001449584961,1.5099983215332032,0.15000152587890626,1,0,0,0,1,0,0,0,1],"EasingStyle":"CubicV2","EasingDirection":"Out"},"Icon8":{"Weight":1,"CFrame":[1.489999771118164,4.259998321533203,-0.44999998807907107,1,0,0,0,1,0,0,0,1],"EasingStyle":"CubicV2","EasingDirection":"Out"},"Icon6":{"Weight":1,"CFrame":[-3.0500001907348635,0.009998321533203125,-0.8999977111816406,1,0,0,0,1,0,0,0,1],"EasingStyle":"CubicV2","EasingDirection":"Out"}}},{"Time":0.5,"poses":{"Left Leg":{"Weight":1,"CFrame":[-0.5559412240982056,0.039569735527038577,0.15694522857666017,0.693427324295044,-0.6814327239990234,0.234111487865448,0.6429443955421448,0.7318555116653442,0.22585394978523255,-0.3252400755882263,-0.006092585623264313,0.9456118941307068],"EasingStyle":"Linear","EasingDirection":"In"},"Right Leg":{"Weight":1,"CFrame":[0.6013754606246948,-0.06174445152282715,0.006193757057189941,0.8849586844444275,0.4654116928577423,-0.015495723113417626,-0.46117621660232546,0.871322751045227,-0.1676703691482544,-0.06453394889831543,0.1555275321006775,0.9857214093208313],"EasingStyle":"Linear","EasingDirection":"In"},"Head":{"Weight":1,"CFrame":[1.6391277313232423e-7,1.30385160446167e-7,-4.76837158203125e-7,0.9695249199867249,-0.22390228509902955,-0.09944478422403336,0.200837641954422,0.9588279128074646,-0.20078183710575105,0.14030595123767854,0.17469069361686707,0.9745755791664124],"EasingStyle":"Linear","EasingDirection":"In"},"Left Arm":{"Weight":1,"CFrame":[0.020279288291931154,-0.16653263568878175,0.06896853446960449,0.8331248760223389,0.23884254693984986,-0.4988560378551483,-0.34746837615966799,0.9277617931365967,-0.13610251247882844,0.43031248450279238,0.28672710061073305,0.8559316396713257],"EasingStyle":"Linear","EasingDirection":"In"},"Torso":{"Weight":1,"CFrame":[-0.020140767097473146,0.13123872876167298,-0.2838008403778076,0.9422902464866638,0.3029032051563263,0.14261463284492494,-0.3236640393733978,0.9331116676330566,0.15666620433330537,-0.0856206938624382,-0.19378423690795899,0.977300763130188],"EasingStyle":"Linear","EasingDirection":"In"},"HumanoidRootPart":{"Weight":0,"CFrame":[0,0,0,1,0,0,0,1,0,0,0,1],"EasingStyle":"Linear","EasingDirection":"In"},"Right Arm":{"Weight":1,"CFrame":[-0.033139824867248538,-0.14671823382377625,0.09372496604919434,0.8892409205436707,-0.1934317648410797,0.41452956199645998,0.27056872844696047,0.9530919194221497,-0.135677769780159,-0.36884045600891116,0.23280882835388184,0.899864912033081],"EasingStyle":"Linear","EasingDirection":"In"}}},{"Time":0.5333333611488342,"poses":{"Left Leg":{"Weight":1,"CFrame":[-0.5943734645843506,0.04895704984664917,0.15588796138763429,0.6985015273094177,-0.678993821144104,0.22597117722034455,0.646147608757019,0.7341439127922058,0.20862877368927003,-0.3075530230998993,0.0002832263126038015,0.951530933380127],"EasingStyle":"Linear","EasingDirection":"In"},"Right Leg":{"Weight":1,"CFrame":[0.6451812982559204,-0.03821766376495361,0.008385181427001953,0.8766012191772461,0.48105350136756899,-0.012564693577587605,-0.47695714235305788,0.865077018737793,-0.15541473031044007,-0.06389327347278595,0.14222948253154756,0.9877694845199585],"EasingStyle":"Linear","EasingDirection":"In"},"Head":{"Weight":1,"CFrame":[1.341104507446289e-7,2.9802322387695315e-8,1.1920928955078126e-7,0.9746822118759155,-0.2073926478624344,-0.08356457948684693,0.1870659440755844,0.9610763788223267,-0.2033192217350006,0.12247886508703232,0.18253952264785767,0.9755399823188782],"EasingStyle":"Linear","EasingDirection":"In"},"Left Arm":{"Weight":1,"CFrame":[0.030534952878952028,-0.1545804738998413,0.06859135627746582,0.8428159952163696,0.22393900156021119,-0.48940032720565798,-0.3290058672428131,0.9340104460716248,-0.1392112523317337,0.4259302020072937,0.2783450484275818,0.8608760833740234],"EasingStyle":"Linear","EasingDirection":"In"},"Torso":{"Weight":1,"CFrame":[-0.024558663368225099,0.1272939145565033,-0.3097505569458008,0.9512811899185181,0.28019803762435915,0.12865975499153138,-0.29810312390327456,0.9423964023590088,0.15173523128032685,-0.07873258739709854,-0.18269670009613038,0.9800118803977966],"EasingStyle":"Linear","EasingDirection":"In"},"HumanoidRootPart":{"Weight":0,"CFrame":[0,0,0,1,0,0,0,1,0,0,0,1],"EasingStyle":"Linear","EasingDirection":"In"},"Right Arm":{"Weight":1,"CFrame":[-0.032237499952316287,-0.13449007272720338,0.09584677219390869,0.8899485468864441,-0.18511265516281129,0.41680318117141726,0.2640978693962097,0.9542692303657532,-0.14008094370365144,-0.37181171774864199,0.23474159836769105,0.8981382846832275],"EasingStyle":"Linear","EasingDirection":"In"}}},{"Time":0.5666666626930237,"poses":{"Left Leg":{"Weight":1,"CFrame":[-0.5905992984771729,0.04730886220932007,0.1387094259262085,0.7304671406745911,-0.6507096290588379,0.20735202729701997,0.6244866251945496,0.7593156099319458,0.18291078507900239,-0.2764674723148346,-0.004121781326830387,0.961014449596405],"EasingStyle":"Linear","EasingDirection":"In"},"Right Leg":{"Weight":1,"CFrame":[0.6302521228790283,-0.029850363731384279,0.009927511215209961,0.8831256031990051,0.4689125716686249,-0.014497896656394005,-0.4662718176841736,0.8739032745361328,-0.1374180018901825,-0.05176721140742302,0.12811729311943055,0.9904070496559143],"EasingStyle":"Linear","EasingDirection":"In"},"Head":{"Weight":1,"CFrame":[1.1175870895385742e-7,2.421438694000244e-8,2.384185791015625e-7,0.9794687628746033,-0.18810635805130006,-0.072504922747612,0.1705392450094223,0.9649261236190796,-0.19958458840847016,0.10750500112771988,0.18312188982963563,0.9771944880485535],"EasingStyle":"Linear","EasingDirection":"In"},"Left Arm":{"Weight":1,"CFrame":[0.038423895835876468,-0.14020779728889466,0.06844580173492432,0.8532360196113586,0.20447292923927308,-0.4797699749469757,-0.3064427673816681,0.9409390091896057,-0.14396798610687257,0.42199668288230898,0.2698606848716736,0.865502119064331],"EasingStyle"