{"Sequence":[{"Time":0,"poses":{"Left Leg":{"Weight":1,"CFrame":[-0.5279707908630371,-0.025337576866149904,0.026819944381713868,0.9873829483985901,0.02249179780483246,-0.15674521028995515,-0.02276868000626564,0.9997408390045166,0.000029487553547369317,0.15670530498027802,0.0035397859755903484,0.9876391291618347],"EasingStyle":"Linear","EasingDirection":"In"},"Right Arm":{"Weight":1,"CFrame":[0.21279501914978028,-0.6430367231369019,0.21677494049072267,0.06443608552217484,-0.9975565075874329,-0.027002688497304918,0.25887638330459597,-0.009423185139894486,0.9658645391464233,-0.9637587666511536,-0.06922696530818939,0.2576366364955902],"EasingStyle":"Linear","EasingDirection":"In"},"Left Arm":{"Weight":1,"CFrame":[-0.11019055545330048,-0.11396044492721558,-0.011373281478881836,-0.024577975273132325,0.9946824312210083,-0.10001469403505326,-0.9756900668144226,-0.045660994946956637,-0.21434573829174043,-0.2177727371454239,0.09231489896774292,0.971623957157135],"EasingStyle":"Linear","EasingDirection":"In"},"Head":{"Weight":1,"CFrame":[3.725290298461914e-8,2.9802322387695315e-8,0.01666247844696045,0.9688915610313416,-0.24691826105117799,-0.016751965507864953,0.23520594835281373,0.9397614598274231,-0.2480454295873642,0.07698977738618851,0.2363889217376709,0.9686035513877869],"EasingStyle":"Linear","EasingDirection":"In"},"Torso":{"Weight":1,"CFrame":[-0.4327162802219391,0.12193077802658081,-0.17859601974487306,0.8025893568992615,-0.5802254676818848,-0.13852374255657197,0.5963427424430847,0.7745547294616699,0.21080881357192994,-0.015022415667772293,-0.2518005073070526,0.9676625728607178],"EasingStyle":"Linear","EasingDirection":"In"},"HumanoidRootPart":{"Weight":1,"CFrame":[0,0,0,1,0,0,0,1,0,0,0,1],"EasingStyle":"Linear","EasingDirection":"In"},"Right Leg":{"Weight":1,"CFrame":[0.16257810592651368,0.039678335189819339,0.04161369800567627,0.6876757740974426,0.5010986924171448,-0.5253589749336243,-0.452750563621521,0.8616646528244019,0.229240283370018,0.56755530834198,0.0802135318517685,0.8194186687469482],"EasingStyle":"Linear","EasingDirection":"In"}}},{"Time":0.03333333507180214,"poses":{"Left Leg":{"Weight":1,"CFrame":[-0.5279707908630371,-0.025337576866149904,0.026819944381713868,0.9873829483985901,0.02249179780483246,-0.15674521028995515,-0.02276868000626564,0.9997408390045166,0.000029487553547369317,0.15670530498027802,0.0035397859755903484,0.9876391291618347],"EasingStyle":"Linear","EasingDirection":"In"},"Right Arm":{"Weight":1,"CFrame":[0.21279501914978028,-0.6430367231369019,0.21677494049072267,0.06443608552217484,-0.9975565075874329,-0.027002688497304918,0.25887638330459597,-0.009423185139894486,0.9658645391464233,-0.9637587666511536,-0.06922696530818939,0.2576366364955902],"EasingStyle":"Linear","EasingDirection":"In"},"Left Arm":{"Weight":1,"CFrame":[-0.11019055545330048,-0.11396044492721558,-0.011373281478881836,-0.024577975273132325,0.9946824312210083,-0.10001469403505326,-0.9756900668144226,-0.045660994946956637,-0.21434573829174043,-0.2177727371454239,0.09231489896774292,0.971623957157135],"EasingStyle":"Linear","EasingDirection":"In"},"Head":{"Weight":1,"CFrame":[3.725290298461914e-8,2.9802322387695315e-8,0.01666247844696045,0.9688915610313416,-0.24691826105117799,-0.016751965507864953,0.23520594835281373,0.9397614598274231,-0.2480454295873642,0.07698977738618851,0.2363889217376709,0.9686035513877869],"EasingStyle":"Linear","EasingDirection":"In"},"Torso":{"Weight":1,"CFrame":[-0.4327162802219391,0.12193077802658081,-0.17859601974487306,0.8025893568992615,-0.5802254676818848,-0.13852374255657197,0.5963427424430847,0.7745547294616699,0.21080881357192994,-0.015022415667772293,-0.2518005073070526,0.9676625728607178],"EasingStyle":"Linear","EasingDirection":"In"},"HumanoidRootPart":{"Weight":1,"CFrame":[0,0,0,1,0,0,0,1,0,0,0,1],"EasingStyle":"Linear","EasingDirection":"In"},"Right Leg":{"Weight":1,"CFrame":[0.16257810592651368,0.039678335189819339,0.04161369800567627,0.6876757740974426,0.5010986924171448,-0.5253589749336243,-0.452750563621521,0.8616646528244019,0.229240283370018,0.56755530834198,0.0802135318517685,0.8194186687469482],"EasingStyle":"Linear","EasingDirection":"In"}}},{"Time":0.06666667014360428,"poses":{"Left Leg":{"Weight":1,"CFrame":[-0.5012204647064209,-0.027289152145385743,0.015060067176818848,0.9903354644775391,0.052816953510046008,-0.12824232876300813,-0.05591585487127304,0.998221218585968,-0.020682763308286668,0.12692169845104218,0.027653617784380914,0.991527259349823],"EasingStyle":"Linear","EasingDirection":"In"},"Right Arm":{"Weight":1,"CFrame":[0.21279501914978028,-0.6430371403694153,0.21677470207214356,0.0644361674785614,-0.9975565075874329,-0.02700272761285305,0.2588764429092407,-0.009423128329217434,0.9658645987510681,-0.9637588262557983,-0.06922698020935059,0.2576366364955902],"EasingStyle":"Linear","EasingDirection":"In"},"Left Arm":{"Weight":1,"CFrame":[-0.1777445673942566,-0.09039026498794556,-0.014780998229980469,-0.025287169963121415,0.9946824312210083,-0.09983789920806885,-0.9771867990493774,-0.04566104710102081,-0.20741552114486695,-0.21087126433849336,0.09231498092412949,0.9731450080871582],"EasingStyle":"Linear","EasingDirection":"In"},"Head":{"Weight":1,"CFrame":[4.470348358154297e-8,-4.470348358154297e-8,0.016662240028381349,0.9637913703918457,-0.26634716987609866,-0.012861805967986584,0.2597213387489319,0.948558509349823,-0.18105727434158326,0.06042423099279404,0.1711610108613968,0.9833884835243225],"EasingStyle":"Linear","EasingDirection":"In"},"Torso":{"Weight":1,"CFrame":[-0.2678840160369873,0.09883692860603333,-0.12442302703857422,0.8144400119781494,-0.5718446969985962,-0.09839320927858353,0.5801424980163574,0.7992690205574036,0.1568562388420105,-0.011054765433073044,-0.18483208119869233,0.9827079176902771],"EasingStyle":"Linear","EasingDirection":"In"},"HumanoidRootPart":{"Weight":1,"CFrame":[0,0,0,1,0,0,0,1,0,0,0,1],"EasingStyle":"Linear","EasingDirection":"In"},"Right Leg":{"Weight":1,"CFrame":[0.12228769063949585,0.06173086166381836,0.006942033767700195,0.7459574341773987,0.43470820784568789,-0.5045557022094727,-0.35577860474586489,0.900545060634613,0.24988064169883729,0.5630003213882446,-0.006890289019793272,0.8264281153678894],"EasingStyle":"Linear","EasingDirection":"In"}}},{"Time":0.10000000149011612,"poses":{"Left Leg":{"Weight":1,"CFrame":[-0.5012204647064209,-0.027289152145385743,0.015060067176818848,0.9903354644775391,0.052816953510046008,-0.12824232876300813,-0.05591585487127304,0.998221218585968,-0.020682763308286668,0.12692169845104218,0.027653617784380914,0.991527259349823],"EasingStyle":"Linear","EasingDirection":"In"},"Right Arm":{"Weight":1,"CFrame":[0.21279501914978028,-0.6430371403694153,0.21677470207214356,0.0644361674785614,-0.9975565075874329,-0.02700272761285305,0.2588764429092407,-0.009423128329217434,0.9658645987510681,-0.9637588262557983,-0.06922698020935059,0.2576366364955902],"EasingStyle":"Linear","EasingDirection":"In"},"Left Arm":{"Weight":1,"CFrame":[-0.1777445673942566,-0.09039026498794556,-0.014780998229980469,-0.025287169963121415,0.9946824312210083,-0.09983789920806885,-0.9771867990493774,-0.04566104710102081,-0.20741552114486695,-0.21087126433849336,0.09231498092412949,0.9731450080871582],"EasingStyle":"Linear","EasingDirection":"In"},"Head":{"Weight":1,"CFrame":[4.470348358154297e-8,-4.470348358154297e-8,0.016662240028381349,0.9637913703918457,-0.26634716987609866,-0.012861805967986584,0.2597213387489319,0.948558509349823,-0.18105727434158326,0.06042423099279404,0.1711610108613968,0.9833884835243225],"EasingStyle":"Linear","EasingDirection":"In"},"Torso":{"Weight":1,"CFrame":[-0.2678840160369873,0.09883692860603333,-0.12442302703857422,0.8144400119781494,-0.5718446969985962,-0.09839320927858353,0.5801424980163574,0.7992690205574036,0.1568562388420105,-0.011054765433073044,-0.18483208119869233,0.9827079176902771],"EasingStyle":"Linear","EasingDirection":"In"},"HumanoidRootPart":{"Weight":1,"CFrame":[0,0,0,1,0,0,0,1,0,0,0,1],"EasingStyle":"Linear","EasingDirection":"In"},"Right Leg":{"Weight":1,"CFrame":[0.12228769063949585,0.06173086166381836,0.006942033767700195,0.7459574341773987,0.43470820784568789,-0.5045557022094727,-0.35577860474586489,0.900545060634613,0.24988064169883729,0.5630003213882446,-0.006890289019793272,0.8264281153678894],"EasingStyle":"Linear","EasingDirection":"In"}}},{"Time":0.13333334028720857,"poses":{"Left Leg":{"Weight":1,"CFrame":[-0.5066208839416504,0.01019519567489624,-0.02636873722076416,0.9896352291107178,0.10015235096216202,-0.10291481763124466,-0.10440365225076676,0.9938549399375916,-0.036774132400751117,0.09859932214021683,0.04713766649365425,0.9940102100372315],"EasingStyle":"Linear","EasingDirection":"In"},"Right Arm":{"Weight":1,"CFrame":[0.45082783699035647,-0.5647450685501099,0.22716748714447022,0.04535182565450668,-0.9949029088020325,-0.09006360173225403,0.2630714178085327,-0.07507965713739395,0.961850643157959,-0.9637099504470825,-0.06731481105089188,0.25832557678222659],"EasingStyle":"Linear","EasingDirection":"In"},"Left Arm":{"Weight":1,"CFrame":[-0.335121214389801,-0.036084532737731937,-0.02294325828552246,-0.027054978534579278,0.9946824312210083,-0.09937338531017304,-0.9807138442993164,-0.04566102847456932,-0.1900409311056137,-0.1935679167509079,0.09231515228748322,0.9767340421676636],"EasingStyle":"Linear","EasingDirection":"In"},"Head":{"Weight":1,"CFrame":[9.522773325443268e-8,1.8975697457790376e-8,0.016661882400512697,0.9573841691017151,-0.2885719835758209,-0.01190719660371542,0.28769296407699587,0.9564802050590515,-0.048768483102321628,0.025462204590439798,0.04326451197266579,0.9987391829490662],"EasingStyle":"Linear","EasingDirection":"In"},"Torso":{"Weight":1,"CFrame":[0.024062342941761018,0.04710321128368378,-0.0695798397064209,0.8276475071907044,-0.5608468651771545,-0.02122066169977188,0.5611588954925537,0.8262497186660767,0.0491141676902771,-0.01001195888966322,-0.05255737528204918,0.9985678195953369],"EasingStyle":"Linear","EasingDirection":"In"},"HumanoidRootPart":{"Weight":1,"CFrame":[0,0,0,1,0,0,0,1,0,0,0,1],"EasingStyle":"Linear","EasingDirection":"In"},"Right Leg":{"Weight":1,"CFrame":[-0.028379440307617189,0.09430855512619019,-0.09208136796951294,0.8318334817886353,0.2579846978187561,-0.49142324924468996,-0.12909695506095887,0.9510568976402283,0.2807577848434448,0.5398026704788208,-0.1701025813817978,0.8244260549545288],"EasingStyle":"Linear","EasingDirection":"In"}}},{"Time":0.1666666716337204,"poses":{"Left Leg":{"Weight":1,"CFrame":[-0.5066208839416504,0.01019519567489624,-0.02636873722076416,0.9896352291107178,0.10015235096216202,-0.10291481763124466,-0.10440365225076676,0.9938549399375916,-0.036774132400751117,0.09859932214021683,0.04713766649365425,0.9940102100372315],"EasingStyle":"Linear","EasingDirection":"In"},"Right Arm":{"Weight":1,"CFrame":[0.45082783699035647,-0.5647450685501099,0.22716748714447022,0.04535182565450668,-0.9949029088020325,-0.09006360173225403,0.2630714178085327,-0.07507965713739395,0.961850643157959,-0.9637099504470825,-0.06731481105089188,0.25832557678222659],"EasingStyle":"Linear","EasingDirection":"In"},"Left Arm":{"Weight":1,"CFrame":[-0.335121214389801,-0.036084532737731937,-0.02294325828552246,-0.027054978534579278,0.9946824312210083,-0.09937338531017304,-0.9807138442993164,-0.04566102847456932,-0.1900409311056137,-0.1935679167509079,0.09231515228748322,0.9767340421676636],"EasingStyle":"Linear","EasingDirection":"In"},"Head":{"Weight":1,"CFrame":[9.522773325443268e-8,1.8975697457790376e-8,0.016661882400512697,0.9573841691017151,-0.2885719835758209,-0.01190719660371542,0.28769296407699587,0.9564802050590515,-0.048768483102321628,0.025462204590439798,0.04326451197266579,0.9987391829490662],"EasingStyle":"Linear","EasingDirection":"In"},"Torso":{"Weight":1,"CFrame":[0.024062342941761018,0.04710321128368378,-0.0695798397064209,0.8276475071907044,-0.5608468651771545,-0.02122066169977188,0.5611588954925537,0.8262497186660767,0.0491141676902771,-0.01001195888966322,-0.05255737528204918,0.9985678195953369],"EasingStyle":"Linear","EasingDirection":"In"},"HumanoidRootPart":{"Weight":1,"CFrame":[0,0,0,1,0,0,0,1,0,0,0,1],"EasingStyle":"Linear","EasingDirection":"In"},"Right Leg":{"Weight":1,"CFrame":[-0.028379440307617189,0.09430855512619019,-0.09208136796951294,0.8318334817886353,0.2579846978187561,-0.49142324924468996,-0.12909695506095887,0.9510568976402283,0.2807577848434448,0.5398026704788208,-0.1701025813817978,0.8244260549545288],"EasingStyle":"Linear","EasingDirection":"In"}}},{"Time":0.20000000298023225,"poses":{"Left Leg":{"Weight":1,"CFrame":[-0.6160454750061035,0.1532973051071167,-0.07333940267562866,0.9905338883399963,0.09166980534791947,-0.10217204689979553,-0.09191112965345383,0.995764434337616,0.0023536160588264467,0.10195505619049072,0.007059427443891764,0.9947640299797058],"EasingStyle":"Linear","EasingDirection":"In"},"Right Arm":{"Weight":1,"CFrame":[0.6512675285339356,-0.5013781189918518,0.23633766174316407,0.03036210685968399,-0.9898576736450195,-0.1387806385755539,0.26545700430870058,-0.12587317824363709,0.9558706283569336,-0.9636445045471191,-0.06586257368326187,0.2589428722858429],"EasingStyle":"Linear","EasingDirection":"In"},"Left Arm":{"Weight":1,"CFrame":[-0.5143924951553345,0.02435070276260376,-0.03276890516281128,-0.029340926557779313,0.9946824312210083,-0.09872263669967652,-0.9848378896713257,-0.04566115513443947,-0.16736046969890595,-0.1709783524274826,0.09231507778167725,0.9809405207633972],"EasingStyle":"Linear","EasingDirection":"In"},"Head":{"Weight":1,"CFrame":[8.009374141693115e-8,1.4901161193847657e-8,0.016661882400512697,0.9561358094215393,-0.29238003492355349,-0.017843978479504586,0.2929236888885498,0.9542616605758667,0.059835996478796008,-0.00046704529086127877,-0.062438298016786578,0.998048722743988],"EasingStyle":"Linear","EasingDirection":"In"},"Torso":{"Weight":1,"CFrame":[0.20467205345630647,-0.0038346722722053529,-0.1147763729095459,0.829838216304779,-0.5562285780906677,0.044479649513959888,0.5577766299247742,0.8291364312171936,-0.037657253444194797,-0.015933653339743615,0.056059133261442187,0.998300313949585],"EasingStyle":"Linear","EasingDirection":"In"},"HumanoidRootPart":{"Weight":1,"CFrame":[0,0,0,1,0,0,0,1,0,0,0,1],"EasingStyle":"Linear","EasingDirection":"In"},"Right Leg":{"Weight":1,"CFrame":[0.015030302107334137,0.1252737045288086,-0.07264775037765503,0.84059077501297,0.19516447186470033,-0.5052897930145264,-0.0514637716114521,0.9573913812637329,0.28417131304740908,0.5392202734947205,-0.21286769211292268,0.8148184418678284],"EasingStyle":"Linear","EasingDirection":"In"}}},{"Time":0.23333333432674409,"poses":{"Left Leg":{"Weight":1,"CFrame":[-0.6160454750061035,0.1532973051071167,-0.07333940267562866,0.9905338883399963,0.09166980534791947,-0.10217204689979553,-0.09191112965345383,0.995764434337616,0.0023536160588264467,0.10195505619049072,0.007059427443891764,0.9947640299797058],"EasingStyle":"Linear","EasingDirection":"In"},"Right Arm":{"Weight":1,"CFrame":[0.6512675285339356,-0.5013781189918518,0.23633766174316407,0.03036210685968399,-0.9898576736450195,-0.1387806385755539,0.26545700430870058,-0.12587317824363709,0.9558706283569336,-0.9636445045471191,-0.06586257368326187,0.2589428722858429],"EasingStyle":"Linear","EasingDirection":"In"},"Left Arm":{"Weight":1,"CFrame":[-0.5143924951553345,0.02435070276260376,-0.03276890516281128,-0.029340926557779313,0.9946824312210083,-0.09872263669967652,-0.9848378896713257,-0.04566115513443947,-0.16736046969890595,-0.1709783524274826,0.09231507778167725,0.9809405207633972],"EasingStyle":"Linear","EasingDirection":"In"},"Head":{"Weight":1,"CFrame":[8.009374141693115e-8,1.4901161193847657e-8,0.016661882400512697,0.9561358094215393,-0.29238003492355349,-0.017843978479504586,0.2929236888885498,0.9542616605758667,0.059835996478796008,-0.00046704529086127877,-0.062438298016786578,0.998048722743988],"EasingStyle":"Linear","EasingDirection":"In"},"Torso":{"Weight":1,"CFrame":[0.20467205345630647,-0.0038346722722053529,-0.1147763729095459,0.829838216304779,-0.5562285780906677,0.044479649513959888,0.5577766299247742,0.8291364312171936,-0.037657253444194797,-0.015933653339743615,0.056059133261442187,0.998300313949585],"EasingStyle":"Linear","EasingDirection":"In"},"HumanoidRootPart":{"Weight":1,"CFrame":[0,0,0,1,0,0,0,1,0,0,0,1],"EasingStyle":"Linear","EasingDirection":"In"},"Right Leg":{"Weight":1,"CFrame":[0.015030302107334137,0.1252737045288086,-0.07264775037765503,0.84059077501297,0.19516447186470033,-0.5052897930145264,-0.0514637716114521,0.9573913812637329,0.28417131304740908,0.5392202734947205,-0.21286769211292268,0.8148184418678284],"EasingStyle":"Linear","EasingDirection":"In"}}},{"Time":0.2666666805744171,"poses":{"Left Leg":{"Weight":1,"CFrame":[-0.6930558681488037,0.29810166358947756,-0.07504761219024658,0.9919946193695068,0.07899955660104752,-0.0985180139541626,-0.07429226487874985,0.9959533214569092,0.05057311803102493,0.10211462527513504,-0.04284914582967758,0.9938493967056274],"EasingStyle":"Linear","EasingDirection":"In"},"Right Arm":{"Weight":1,"CFrame":[0.8195446729660034,-0.4525558352470398,0.24476253986358643,0.019890423864126207,-0.9848261475563049,-0.17240010201931,0.26666054129600527,-0.16096246242523194,0.9502543807029724,-0.9635853171348572,-0.0648733377456665,0.25941264629364016],"EasingStyle":"Linear","EasingDirection":"In"},"Left Arm":{"Weight":1,"CFrame":[-0.6476302146911621,0.06630778312683106,-0.041168928146362308,-0.03161078691482544,0.9946824312210083,-0.09801910072565079,-0.9884374737739563,-0.04566077142953873,-0.14459097385406495,-0.1482977718114853,0.09231483191251755,0.9846246838569641],"EasingStyle":"Linear","EasingDirection":"In"},"Head":{"Weight":1,"CFrame":[3.725290298461914e-8,5.960464477539063e-8,0.016662001609802247,0.9559457302093506,-0.29235899448394778,-0.026343951001763345,0.2932519018650055,0.9471439719200134,0.13008315861225129,-0.013079406693577767,-0.13207785785198213,0.9911531209945679],"EasingStyle":"Linear","EasingDirection":"In"},"Torso":{"Weight":1,"CFrame":[0.2765580415725708,-0.04253396391868591,-0.18972539901733399,0.8297335505485535,-0.550756573677063,0.09060697257518769,0.5576248168945313,0.8250494003295898,-0.09136780351400376,-0.02443382516503334,0.12633562088012696,0.9916865825653076],"EasingStyle":"Linear","EasingDirection":"In"},"HumanoidRootPart":{"Weight":1,"CFrame":[0,0,0,1,0,0,0,1,0,0,0,1],"EasingStyle":"Linear","EasingDirection":"In"},"Right Leg":{"Weight":1,"CFrame":[0.14651933312416078,0.1782042384147644,-0.0017784833908081055,0.8290215134620667,0.20485396683216096,-0.520344078540802,-0.07084514200687409,0.9614640474319458,0.26564645767211916,0.5547109246253967,-0.18336284160614015,0.8115873336791992],"EasingStyle":"Linear","EasingDirection":"In"}}},{"Time":0.30000001192092898,"poses":{"Left Leg":{"Weight":1,"CFrame":[-0.6930558681488037,0.29810166358947756,-0.07504761219024658,0.9919946193695068,0.07899955660104752,-0.0985180139541626,-0.07429226487874985,0.9959533214569092,0.05057311803102493,0.10211462527513504,-0.04284914582967758,0.9938493967056274],"EasingStyle":"Linear","EasingDirection":"In"},"Right Arm":{"Weight":1,"CFrame":[0.8195446729660034,-0.4525558352470398,0.24476253986358643,0.019890423864126207,-0.9848261475563049,-0.17240010201931,0.26666054129600527,-0.16096246242523194,0.9502543807029724,-0.9635853171348572,-0.0648733377456665,0.25941264629364016],"EasingStyle":"Linear","EasingDirection":"In"},"Left Arm":{"Weight":1,"CFrame":[-0.6476302146911621,0.06630778312683106,-0.041168928146362308,-0.03161078691482544,0.9946824312210083,-0.09801910072565079,-0.9884374737739563,-0.04566077142953873,-0.14459097385406495,-0.1482977718114853,0.09231483191251755,0.9846246838569641],"EasingStyle":"Linear","EasingDirection":"In"},"Head":{"Weight":1,"CFrame":[3.725290298461914e-8,5.960464477539063e-8,0.016662001609802247,0.9559457302093506,-0.29235899448394778,-0.026343951001763345,0.2932519018650055,0.9471439719200134,0.13008315861225129,-0.013079406693577767,-0.13207785785198213,0.9911531209945679],"EasingStyle":"Linear","EasingDirection":"In"},"Torso":{"Weight":1,"CFrame":[0.2765580415725708,-0.04253396391868591,-0.18972539901733399,0.8297335505485535,-0.550756573677063,0.09060697257518769,0.5576248168945313,0.8250494003295898,-0.09136780351400376,-0.02443382516503334,0.12633562088012696,0.9916865825653076],"EasingStyle":"Linear","EasingDirection":"In"},"HumanoidRootPart":{"Weight":1,"CFrame":[0,0,0,1,0,0,0,1,0,0,0,1],"EasingStyle":"Linear","EasingDirection":"In"},"Right Leg":{"Weight":1,"CFrame":[0.14651933312416078,0.1782042384147644,-0.0017784833908081055,0.8290215134620667,0.20485396683216096,-0.520344078540802,-0.07084514200687409,0.9614640474319458,0.26564645767211916,0.5547109246253967,-0.18336284160614015,0.8115873336791992],"EasingStyle":"Linear","EasingDirection":"In"}}},{"Time":0.3333333432674408,"poses":{"Left Leg":{"Weight":1,"CFrame":[-0.6998100876808167,0.3451080918312073,-0.03323495388031006,0.990761935710907,0.09689158946275711,-0.09488275647163391,-0.09123674780130387,0.9938826560974121,0.062234800308942798,0.10033224523067475,-0.053003065288066867,0.9935411810874939],"EasingStyle":"Linear","EasingDirection":"In"},"Right Arm":{"Weight":1,"CFrame":[0.8973231315612793,-0.4365159869194031,0.2499845027923584,0.018291618674993516,-0.9839501976966858,-0.17750336229801179,0.26681119203567507,-0.16629153490066529,0.9492939710617065,-0.9635752439498901,-0.06472405046224594,0.25948718190193179],"EasingStyle":"Linear","EasingDirection":"In"},"Left Arm":{"Weight":1,"CFrame":[-0.6835376024246216,0.07254111766815186,-0.04528343677520752,-0.03334559127688408,0.9946824908256531,-0.09744243323802948,-0.9908477663993836,-0.04566105455160141,-0.12702658772468568,-0.13080041110515595,0.09231474995613098,0.9871014952659607],"EasingStyle":"Linear","EasingDirection":"In"},"Head":{"Weight":1,"CFrame":[8.195638656616211e-8,-7.450580596923828e-8,0.016662001609802247,0.9556356072425842,-0.29258596897125246,-0.03397200629115105,0.294051855802536,0.940932035446167,0.16787029802799226,-0.01715114153921604,-0.17041239142417909,0.9852235913276672],"EasingStyle":"Linear","EasingDirection":"In"},"Torso":{"Weight":1,"CFrame":[0.297821581363678,-0.0650600790977478,-0.20697951316833497,0.8297423124313355,-0.5455703139305115,0.11781671643257141,0.5572251677513123,0.8218321800231934,-0.11870977282524109,-0.03206104412674904,0.1641489416360855,0.985914409160614],"EasingStyle":"Linear","EasingDirection":"In"},"HumanoidRootPart":{"Weight":1,"CFrame":[0,0,0,1,0,0,0,1,0,0,0,1],"EasingStyle":"Linear","EasingDirection":"In"},"Right Leg":{"Weight":1,"CFrame":[0.15276078879833222,0.1883266568183899,0.003491997718811035,0.8312910199165344,0.17093327641487122,-0.5289019346237183,-0.047564323991537097,0.9699259996414185,0.23870758712291718,0.5537987351417542,-0.1732785552740097,0.8144209980964661],"EasingStyle":"Linear","EasingDirection":"In"}}},{"Time":0.36666667461395266,"poses":{"Left Leg":{"Weight":1,"CFrame":[-0.6998100876808167,0.3451080918312073,-0.03323495388031006,0.990761935710907,0.09689158946275711,-0.09488275647163391,-0.09123674780130387,0.9938826560974121,0.062234800308942798,0.10033224523067475,-0.053003065288066867,0.9935411810874939],"EasingStyle":"Linear","EasingDirection":"In"},"Right Arm":{"Weight":1,"CFrame":[0.8973231315612793,-0.4365159869194031,0.2499845027923584,0.018291618674993516,-0.9839501976966858,-0.17750336229801179,0.26681119203567507,-0.16629153490066529,0.9492939710617065,-0.9635752439498901,-0.06472405046224594,0.25948718190193179],"EasingStyle":"Linear","EasingDirection":"In"},"Left Arm":{"Weight":1,"CFrame":[-0.6835376024246216,0.07254111766815186,-0.04528343677520752,-0.03334559127688408,0.9946824908256531,-0.09744243323802948,-0.9908477663993836,-0.04566105455160141,-0.12702658772468568,-0.13080041110515595,0.09231474995613098,0.9871014952659607],"EasingStyle":"Linear","EasingDirection":"In"},"Head":{"Weight":1,"CFrame":[8.195638656616211e-8,-7.450580596923828e-8,0.016662001609802247,0.9556356072425842,-0.29258596897125246,-0.03397200629115105,0.294051855802536,0.940932035446167,0.16787029802799226,-0.01715114153921604,-0.17041239142417909,0.9852235913276672],"EasingStyle":"Linear","EasingDirection":"In"},"Torso":{"Weight":1,"CFrame":[0.297821581363678,-0.0650600790977478,-0.20697951316833497,0.8297423124313355,-0.5455703139305115,0.11781671643257141,0.5572251677513123,0.8218321800231934,-0.11870977282524109,-0.03206104412674904,0.1641489416360855,0.985914409160614],"EasingStyle":"Linear","EasingDirection":"In"},"HumanoidRootPart":{"Weight":1,"CFrame":[0,0,0,1,0,0,0,1,0,0,0,1],"EasingStyle":"Linear","EasingDirection":"In"},"Right Leg":{"Weight":1,"CFrame":[0.15276078879833222,0.1883266568183899,0.003491997718811035,0.8312910199165344,0.17093327641487122,-0.5289019346237183,-0.047564323991537097,0.9699259996414185,0.23870758712291718,0.5537987351417542,-0.1732785552740097,0.8144209980964661],"EasingStyle":"Linear","EasingDirection":"In"}}},{"Time":0.4000000059604645,"poses":{"Left Leg":{"Weight":1,"CFrame":[-0.6738457083702087,0.340259313583374,-0.0062361955642700199,0.9869791865348816,0.131703183054924,-0.0923384502530098,-0.12487844377756119,0.9892433881759644,0.07617735117673874,0.10137788206338883,-0.06365440785884857,0.992809534072876],"EasingStyle":"Linear","EasingDirection":"In"},"Right Arm":{"Weight":1,"CFrame":[0.9082683324813843,-0.43471038341522219,0.2514464855194092,0.018291622400283815,-0.9839501976966858,-0.17750318348407746,0.26681119203567507,-0.1662914901971817,0.9492940306663513,-0.9635752439498901,-0.06472399830818176,0.25948721170425417],"EasingStyle":"Linear","EasingDirection":"In"},"Left Arm":{"Weight":1,"CFrame":[-0.6868134140968323,0.0703744888305664,-0.04588150978088379,-0.03403615579009056,0.9946824312210083,-0.09720342606306076,-0.9917243719100952,-0.04566088318824768,-0.11999096721410752,-0.12379127740859986,0.09231489151716232,0.9880049228668213],"EasingStyle":"Linear","EasingDirection":"In"},"Head":{"Weight":1,"CFrame":[2.9802322387695315e-8,-5.960464477539063e-8,0.016662001609802247,0.9554942846298218,-0.29263994097709658,-0.03731653466820717,0.294491708278656,0.9386641383171082,0.17940013110637666,-0.0174719225615263,-0.1824052780866623,0.9830682277679443],"EasingStyle":"Linear","EasingDirection":"In"},"Torso":{"Weight":1,"CFrame":[0.261188805103302,-0.07875868678092957,-0.18837618827819825,0.8297075629234314,-0.5435751080513,0.12693120539188386,0.5570744872093201,0.8207676410675049,-0.12652455270290376,-0.03540542721748352,0.1756884753704071,0.9838089346885681],"EasingStyle":"Linear","EasingDirection":"In"},"HumanoidRootPart":{"Weight":1,"CFrame":[0,0,0,1,0,0,0,1,0,0,0,1],"EasingStyle":"Linear","EasingDirection":"In"},"Right Leg":{"Weight":1,"CFrame":[0.12589281797409059,0.17067772150039674,-0.00717848539352417,0.8355997204780579,0.1340930163860321,-0.5327214002609253,-0.027291467413306237,0.9786861538887024,0.20354032516479493,0.5486603379249573,-0.15553951263427735,0.8214495182037354],"EasingStyle":"Linear","EasingDirection":"In"}}},{"Time":0.4333333373069763,"poses":{"Left Leg":{"Weight":1,"CFrame":[-0.6738457083702087,0.340259313583374,-0.0062361955642700199,0.9869791865348816,0.131703183054924,-0.0923384502530098,-0.12487844377756119,0.9892433881759644,0.07617735117673874,0.10137788206338883,-0.06365440785884857,0.992809534072876],"EasingStyle":"Linear","EasingDirection":"In"},"Right Arm":{"Weight":1,"CFrame":[0.9082683324813843,-0.43471038341522219,0.2514464855194092,0.018291622400283815,-0.9839501976966858,-0.17750318348407746,0.26681119203567507,-0.1662914901971817,0.9492940306663513,-0.9635752439498901,-0.06472399830818176,0.25948721170425417],"EasingStyle":"Linear","EasingDirection":"In"},"Left Arm":{"Weight":1,"CFrame":[-0.6868134140968323,0.0703744888305664,-0.04588150978088379,-0.03403615579009056,0.9946824312210083,-0.09720342606306076,-0.9917243719100952,-0.04566088318824768,-0.11999096721410752,-0.12379127740859986,0.09231489151716232,0.9880049228668213],"EasingStyle":"Linear","EasingDirection":"In"},"Head":{"Weight":1,"CFrame":[2.9802322387695315e-8,-5.960464477539063e-8,0.016662001609802247,0.9554942846298218,-0.29263994097709658,-0.03731653466820717,0.294491708278656,0.9386641383171082,0.17940013110637666,-0.0174719225615263,-0.1824052780866623,0.9830682277679443],"EasingStyle":"Linear","EasingDirection":"In"},"Torso":{"Weight":1,"CFrame":[0.261188805103302,-0.07875868678092957,-0.18837618827819825,0.8297075629234314,-0.5435751080513,0.12693120539188386,0.5570744872093201,0.8207676410675049,-0.12652455270290376,-0.03540542721748352,0.1756884753704071,0.9838089346885681],"EasingStyle":"Linear","EasingDirection":"In"},"HumanoidRootPart":{"Weight":1,"CFrame":[0,0,0,1,0,0,0,1,0,0,0,1],"EasingStyle":"Linear","EasingDirection":"In"},"Right Leg":{"Weight":1,"CFrame":[0.12589281797409059,0.17067772150039674,-0.00717848539352417,0.8355997204780579,0.1340930163860321,-0.5327214002609253,-0.027291467413306237,0.9786861538887024,0.20354032516479493,0.5486603379249573,-0.15553951263427735,0.8214495182037354],"EasingStyle":"Linear","EasingDirection":"In"}}},{"Time":0.46666666865348818,"poses":{"Left Leg":{"Weight":1,"CFrame":[-0.6174765825271606,0.23825323581695558,-0.003994166851043701,0.9849042296409607,0.14041385054588319,-0.10123070329427719,-0.129472553730011,0.9857283234596252,0.10759464651346207,0.1148936003446579,-0.09286375343799591,0.989027738571167],"EasingStyle":"Linear","EasingDirection":"In"},"Right Arm":{"Weight":1,"CFrame":[0.7995479106903076,-0.4672766923904419,0.24602973461151124,0.025571497157216073,-0.9877082109451294,-0.154203400015831,0.2660543620586395,-0.14196635782718659,0.9534467458724976,-0.963618814945221,-0.06540752947330475,0.2591537535190582],"EasingStyle":"Linear","EasingDirection":"In"},"Left Arm":{"Weight":1,"CFrame":[-0.5967156887054443,0.03798365592956543,-0.0404929518699646,-0.03257704898715019,0.9946824908256531,-0.09770216792821884,-0.9898168444633484,-0.04566088691353798,-0.1348254382610321,-0.1385696530342102,0.09231484681367874,0.9860408306121826],"EasingStyle":"Linear","EasingDirection":"In"},"Head":{"Weight":1,"CFrame":[1.1175870895385742e-7,-2.9802322387695315e-8,0.016662120819091798,0.9571723341941834,-0.28794023394584658,-0.030191751196980478,0.2895103394985199,0.9511208534240723,0.10748495906591416,-0.002233331324532628,-0.1116223856806755,0.9937481880187988],"EasingStyle":"Linear","EasingDirection":"In"},"Torso":{"Weight":1,"CFrame":[0.09333805739879608,-0.055225297808647159,-0.11999917030334473,0.8270913362503052,-0.556118905544281,0.08155833184719086,0.5613547563552856,0.8246056437492371,-0.07004686444997788,-0.028299078345298768,0.10371831804513931,0.994204044342041],"EasingStyle":"Linear","EasingDirection":"In"},"HumanoidRootPart":{"Weight":1,"CFrame":[0,0,0,1,0,0,0,1,0,0,0,1],"EasingStyle":"Linear","EasingDirection":"In"},"Right Leg":{"Weight":1,"CFrame":[0.059026047587394717,0.11625850200653076,-0.0409395694732666,0.8363422155380249,0.1447717696428299,-0.5287466049194336,-0.05784256383776665,0.9824201464653015,0.17749625444412232,0.5451477766036987,-0.11786365509033203,0.8300133347511292],"EasingStyle":"Linear","EasingDirection":"In"}}},{"Time":0.5,"poses":{"Left Leg":{"Weight":1,"CFrame":[-0.6174765825271606,0.23825323581695558,-0.003994166851043701,0.9849042296409607,0.14041385054588319,-0.10123070329427719,-0.129472553730011,0.9857283234596252,0.10759464651346207,0.1148936003446579,-0.09286375343799591,0.989027738571167],"EasingStyle":"Linear","EasingDirection":"In"},"Right Arm":{"Weight":1,"CFrame":[0.7995479106903076,-0.4672766923904419,0.24602973461151124,0.025571497157216073,-0.9877082109451294,-0.154203400015831,0.2660543620586395,-0.14196635782718659,0.9534467458724976,-0.963618814945221,-0.06540752947330475,0.2591537535190582],"EasingStyle":"Linear","EasingDirection":"In"},"Left Arm":{"Weight":1,"CFrame":[-0.5967156887054443,0.03798365592956543,-0.0404929518699646,-0.03257704898715019,0.9946824908256531,-0.09770216792821884,-0.9898168444633484,-0.04566088691353798,-0.1348254382610321,-0.1385696530342102,0.09231484681367874,0.9860408306121826],"EasingStyle":"Linear","EasingDirection":"In"},"Head":{"Weight":1,"CFrame":[1.1175870895385742e-7,-2.9802322387695315e-8,0.016662120819091798,0.9571723341941834,-0.28794023394584658,-0.030191751196980478,0.2895103394985199,0.9511208534240723,0.10748495906591416,-0.002233331324532628,-0.1116223856806755,0.9937481880187988],"EasingStyle":"Linear","EasingDirection":"In"},"Torso":{"Weight":1,"CFrame":[0.09333805739879608,-0.055225297808647159,-0.11999917030334473,0.8270913362503052,-0.556118905544281,0.08155833184719086,0.5613547563552856,0.8246056437492371,-0.07004686444997788,-0.028299078345298768,0.10371831804513931,0.994204044342041],"EasingStyle":"Linear","EasingDirection":"In"},"HumanoidRootPart":{"Weight":1,"CFrame":[0,0,0,1,0,0,0,1,0,0,0,1],"EasingStyle":"Linear","EasingDirection":"In"},"Right Leg":{"Weight":1,"CFrame":[0.059026047587394717,0.11625850200653076,-0.0409395694732666,0.8363422155380249,0.1447717696428299,-0.5287466049194336,-0.05784256383776665,0.9824201464653015,0.17749625444412232,0.5451477766036987,-0.11786365509033203,0.8300133347511292],"EasingStyle":"Linear","EasingDirection":"In"}}},{"Time":0.5333333611488342,"poses":{"Left Leg":{"Weight":1,"CFrame":[-0.5313207507133484,0.08415758609771729,0.008929252624511719,0.9855833649635315,0.1042284220457077,-0.13327375054359437,-0.09003257751464844,0.9900168180465698,0.10844815522432327,0.14324656128883363,-0.09488572925329209,0.9851279258728027],"EasingStyle":"Linear","EasingDirection":"In"},"Right Arm":{"Weight":1,"CFrame":[0.5604308247566223,-0.5388997197151184,0.23411214351654054,0.041520748287439349,-0.9938576221466065,-0.10258162766695023,0.2637560963630676,-0.08812549710273743,0.960555374622345,-0.9636953473091126,-0.06693946570158005,0.25847703218460085],"EasingStyle":"Linear","EasingDirection":"In"},"Left Arm":{"Weight":1,"CFrame":[-0.3985012471675873,-0.024982064962387086,-0.02863389253616333,-0.02934075891971588,0.9946824312210083,-0.0987226665019989,-0.9848378300666809,-0.045660994946956637,-0.16736051440238954,-0.17097830772399903,0.09231499582529068,0.9809405207633972],"EasingStyle":"Linear","EasingDirection":"In"},"Head":{"Weight":1,"CFrame":[8.940696716308594e-8,2.2351741790771486e-8,0.016661763191223146,0.9612199664115906,-0.27533456683158877,-0.015720229595899583,0.2741469442844391,0.9601640701293945,-0.05411466583609581,0.02999364212155342,0.047706443816423419,0.9984109997749329],"EasingStyle":"Linear","EasingDirection":"In"},"Torso":{"Weight":1,"CFrame":[-0.1752306967973709,0.020197927951812745,-0.07853055000305176,0.8198053240776062,-0.5722270011901856,-0.021810252219438554,0.5724743604660034,0.8180467486381531,0.05543132871389389,-0.01387749519199133,-0.057928700000047687,0.9982242584228516],"EasingStyle":"Linear","EasingDirection":"In"},"HumanoidRootPart":{"Weight":1,"CFrame":[0,0,0,1,0,0,0,1,0,0,0,1],"EasingStyle":"Linear","EasingDirection":"In"},"Right Leg":{"Weight":1,"CFrame":[0.015047281980514527,0.07905888557434082,-0.06490135192871094,0.8130989670753479,0.25496670603752139,-0.5233182907104492,-0.18201754987239839,0.965257465839386,0.18747718632221223,0.5529374480247498,-0.05718443542718887,0.8312582969665527],"EasingStyle":"Linear","EasingDirection":"In"}}},{"Time":0.5666666626930237,"poses":{"Left Leg":{"Weight":1,"CFrame":[-0.5313207507133484,0.08415758609771729,0.008929252624511719,0.9855833649635315,0.1042284220457077,-0.13327375054359437,-0.09003257751464844,0.9900168180465698,0.10844815522432327,0.14324656128883363,-0.09488572925329209,0.9851279258728027],"EasingStyle":"Linear","EasingDirection":"In"},"Right Arm":{"Weight":1,"CFrame":[0.5604308247566223,-0.5388997197151184,0.23411214351654054,0.041520748287439349,-0.9938576221466065,-0.10258162766695023,0.2637560963630676,-0.08812549710273743,0.960555374622345,-0.9636953473091126,-0.06693946570158005,0.25847703218460085],"EasingStyle":"Linear","EasingDirection":"In"},"Left Arm":{"Weight":1,"CFrame":[-0.3985012471675873,-0.024982064962387086,-0.02863389253616333,-0.02934075891971588,0.9946824312210083,-0.0987226665019989,-0.9848378300666809,-0.045660994946956637,-0.16736051440238954,-0.17097830772399903,0.09231499582529068,0.9809405207633972],"EasingStyle":"Linear","EasingDirection":"In"},"Head":{"Weight":1,"CFrame":[8.940696716308594e-8,2.2351741790771486e-8,0.016661763191223146,0.9612199664115906,-0.27533456683158877,-0.015720229595899583,0.2741469442844391,0.9601640701293945,-0.05411466583609581,0.02999364212155342,0.047706443816423419,0.9984109997749329],"EasingStyle":"Linear","EasingDirection":"In"},"Torso":{"Weight":1,"CFrame":[-0.1752306967973709,0.020197927951812745,-0.07853055000305176,0.8198053240776062,-0.5722270011901856,-0.021810252219438554,0.5724743604660034,0.8180467486381531,0.05543132871389389,-0.01387749519199133,-0.057928700000047687,0.9982242584228516],"EasingStyle":"Linear","EasingDirection":"In"},"HumanoidRootPart":{"Weight":1,"CFrame":[0,0,0,1,0,0,0,1,0,0,0,1],"EasingStyle":"Linear","EasingDirection":"In"},"Right Leg":{"Weight":1,"CFrame":[0.015047281980514527,0.07905888557434082,-0.06490135192871094,0.8130989670753479,0.25496670603752139,-0.5233182907104492,-0.18201754987239839,0.965257465839386,0.18747718632221223,0.5529374480247498,-0.05718443542718887,0.8312582969665527],"EasingStyle":"Linear","EasingDirection":"In"}}},{"Time":0.6000000238418579,"poses":{"Left Leg":{"Weight":1,"CFrame":[-0.563610851764679,0.03397268056869507,-0.0012302398681640626,0.9856701493263245,0.009864630177617073,-0.16839556396007539,0.005516855977475643,0.9958693385124207,0.09063014388084412,0.16859398782253266,-0.09026044607162476,0.9815442562103272],"EasingStyle":"Linear","EasingDirection":"In"},"Right Arm":{"Weight":1,"CFrame":[0.3214094340801239,-0.6104981303215027,0.22219300270080567,0.057321976870298389,-0.9970701336860657,-0.05064895376563072,0.2605946660041809,-0.03403044119477272,0.9648483395576477,-0.9637451767921448,-0.06850582361221314,0.2578805685043335],"EasingStyle":"Linear","EasingDirection":"In"},"Left Arm":{"Weight":1,"CFrame":[-0.20028764009475709,-0.08635422587394715,-0.01676851511001587,-0.026072587817907335,0.9946824312210083,-0.09963558614253998,-0.978789746761322,-0.04566102474927902,-0.19971390068531037,-0.20320139825344087,0.09231522679328919,0.9747754335403442],"EasingStyle":"Linear","EasingDirection":"In"},"Head":{"Weight":1,"CFrame":[7.82310962677002e-8,-1.4901161193847657e-8,0.016661763191223146,0.9658836722373962,-0.2589494287967682,-0.0037441374734044077,0.25215598940849306,0.9436435103416443,-0.21436959505081178,0.05904397740960121,0.20611190795898438,0.9767454862594605],"EasingStyle":"Linear","EasingDirection":"In"},"Torso":{"Weight":1,"CFrame":[-0.4376077353954315,0.10157632827758789,-0.16829490661621095,0.8099833130836487,-0.572676420211792,-0.12636758387088777,0.5864496231079102,0.7902287840843201,0.1778070628643036,-0.0019666131120175125,-0.218128964304924,0.9759179949760437],"EasingStyle":"Linear","EasingDirection":"In"},"HumanoidRootPart":{"Weight":1,"CFrame":[0,0,0,1,0,0,0,1,0,0,0,1],"EasingStyle":"Linear","EasingDirection":"In"},"Right Leg":{"Weight":1,"CFrame":[0.18829438090324403,0.0454864501953125,0.053330063819885257,0.7108334302902222,0.4688537120819092,-0.5243015289306641,-0.42657652497291567,0.8800566792488098,0.2086450308561325,0.5592391490936279,0.07534278929233551,0.8255757093429565],"EasingStyle":"Linear","EasingDirection":"In"}}},{"Time":0.6333333253860474,"poses":{"Left Leg":{"Weight":1,"CFrame":[-0.563610851764679,0.03397268056869507,-0.0012302398681640626,0.9856701493263245,0.009864630177617073,-0.16839556396007539,0.005516855977475643,0.9958693385124207,0.09063014388084412,0.16859398782253266,-0.09026044607162476,0.9815442562103272],"EasingStyle":"Linear","EasingDirection":"In"},"Right Arm":{"Weight":1,"CFrame":[0.3214094340801239,-0.6104981303215027,0.22219300270080567,0.057321976870298389,-0.9970701336860657,-0.05064895376563072,0.26