{"Sequence":[{"Time":0,"poses":{"Left Leg":{"Weight":1,"CFrame":[-0.2542049288749695,0.37659400701522829,0.1497647762298584,0.9186465740203857,0.12970620393753053,0.37318190932273867,-0.13423708081245423,0.9908511638641357,-0.013942541554570198,-0.3715761601924896,-0.03728653863072395,0.927653431892395],"EasingStyle":"Linear","EasingDirection":"Out"},"Right Arm":{"Weight":1,"CFrame":[-0.12258053570985794,-0.079273521900177,0.05393815040588379,0.9160100817680359,-0.06584842503070831,0.3957138955593109,-0.10532116889953613,0.9123551845550537,0.39562031626701357,-0.387082576751709,-0.40406930446624758,0.8287913203239441],"EasingStyle":"Linear","EasingDirection":"Out"},"Left Arm":{"Weight":1,"CFrame":[0.10941778868436814,-0.022185325622558595,0.23191285133361817,0.806635320186615,0.0006394106894731522,-0.5910491943359375,0.5048034191131592,0.5193964838981628,0.6894931793212891,0.30742964148521426,-0.8545331358909607,0.41864070296287539],"EasingStyle":"Linear","EasingDirection":"Out"},"Head":{"Weight":1,"CFrame":[6.705522537231445e-8,-4.190951585769653e-8,2.384185791015625e-7,0.9977673888206482,-0.014754043892025948,-0.06513461470603943,0.005447998642921448,0.9900228977203369,-0.1408010572195053,0.06656217575073242,0.14013183116912843,0.9878929853439331],"EasingStyle":"Linear","EasingDirection":"Out"},"Torso":{"Weight":1,"CFrame":[-0.02275124192237854,0.03346709907054901,-0.30301761627197268,0.9972571730613709,-0.05715077742934227,-0.047031648457050326,0.0599280446767807,0.9964021444320679,0.05992802977561951,0.04343750327825546,-0.06258217245340347,0.9970940947532654],"EasingStyle":"Linear","EasingDirection":"Out"},"HumanoidRootPart":{"Weight":1,"CFrame":[0,0,0,1,0,0,0,1,0,0,0,1],"EasingStyle":"Linear","EasingDirection":"In"},"Right Leg":{"Weight":1,"CFrame":[0.5337387323379517,0.020304858684539796,0.04990255832672119,0.8007314801216126,0.5932310223579407,-0.08310266584157944,-0.5584793090820313,0.7894871234893799,0.2545798420906067,0.2166331559419632,-0.1574389487504959,0.963474452495575],"EasingStyle":"Linear","EasingDirection":"Out"}}},{"Time":0.03448275849223137,"poses":{"Left Leg":{"Weight":1,"CFrame":[-0.316377192735672,0.43696320056915285,0.18387675285339356,0.9125981330871582,0.11650069802999497,0.3919084072113037,-0.1164969727396965,0.9929038882255554,-0.023880915716290475,-0.3919096291065216,-0.023862425237894059,0.9196942448616028],"EasingStyle":"Linear","EasingDirection":"Out"},"Right Arm":{"Weight":1,"CFrame":[-0.15858429670333863,-0.05231490731239319,0.1019432544708252,0.8866361379623413,0.02227144129574299,0.4619309604167938,-0.2589815855026245,0.851442813873291,0.45604124665260317,-0.3831512928009033,-0.5239743590354919,0.7606879472732544],"EasingStyle":"Linear","EasingDirection":"Out"},"Left Arm":{"Weight":1,"CFrame":[0.12127965688705445,0.045600712299346927,0.26038658618927,0.8318319916725159,-0.027238082140684129,-0.5543586611747742,0.5256069302558899,0.35952720046043398,0.7710237503051758,0.17830578982830048,-0.9327369928359985,0.3133828938007355],"EasingStyle":"Linear","EasingDirection":"Out"},"Head":{"Weight":1,"CFrame":[8.009374141693115e-8,-2.491287887096405e-8,0,0.9988033771514893,-0.0171084925532341,-0.04581588879227638,0.013572406023740769,0.9969841837882996,-0.07640862464904785,0.04698494076728821,0.07569535821676254,0.996023416519165],"EasingStyle":"Linear","EasingDirection":"Out"},"Torso":{"Weight":1,"CFrame":[0.024832338094711305,-0.27751442790031435,-0.403820276260376,0.9973730444908142,-0.05700533837080002,-0.04469192773103714,0.056868549436330798,0.9983723163604736,-0.004327236674726009,0.04486585780978203,0.0017743041971698404,0.9989914298057556],"EasingStyle":"Linear","EasingDirection":"Out"},"HumanoidRootPart":{"Weight":1,"CFrame":[0,0,0,1,0,0,0,1,0,0,0,1],"EasingStyle":"Linear","EasingDirection":"In"},"Right Leg":{"Weight":1,"CFrame":[0.4966091215610504,0.014632582664489746,0.09272372722625733,0.7184262275695801,0.6800001859664917,-0.1465039998292923,-0.6151559352874756,0.7194086909294128,0.3225433826446533,0.3247259557247162,-0.14160090684890748,0.935148298740387],"EasingStyle":"Linear","EasingDirection":"Out"}}},{"Time":0.06896551698446274,"poses":{"Left Leg":{"Weight":1,"CFrame":[-0.4119406044483185,0.47838646173477175,0.2216050624847412,0.9106817245483398,0.13477391004562379,0.39050567150115969,-0.12504975497722627,0.9908719062805176,-0.05035308748483658,-0.39372751116752627,-0.0029769944958388807,0.9192224144935608],"EasingStyle":"Linear","EasingDirection":"Out"},"Right Arm":{"Weight":1,"CFrame":[-0.20467907190322877,-0.0067664384841918949,0.15041446685791017,0.8183408975601196,0.1330021619796753,0.5591320991516113,-0.45022833347320559,0.7530362606048584,0.47982367873191836,-0.3572291433811188,-0.6443964838981628,0.676121711730957],"EasingStyle":"Linear","EasingDirection":"Out"},"Left Arm":{"Weight":1,"CFrame":[0.16468942165374757,0.09969401359558106,0.26459741592407229,0.8083875775337219,-0.1315246820449829,-0.5737689137458801,0.5872588753700256,0.24717967212200166,0.7707328796386719,0.040453534573316577,-0.9600018262863159,0.2770560383796692],"EasingStyle":"Linear","EasingDirection":"Out"},"Head":{"Weight":1,"CFrame":[1.1362135410308838e-7,-7.264316082000733e-8,-1.7881393432617188e-7,0.9997285008430481,-0.022466281428933145,-0.006176796276122332,0.022436024621129037,0.9997361302375794,-0.004926916211843491,0.006285862531512976,0.004786994773894548,0.9999687671661377],"EasingStyle":"Linear","EasingDirection":"Out"},"Torso":{"Weight":1,"CFrame":[0.0783940777182579,-0.5005772113800049,-0.4924125671386719,0.9976906180381775,-0.0539335273206234,-0.041287411004304889,0.0507785901427269,0.9959657788276672,-0.07398439198732376,0.04511108621954918,0.07171700894832611,0.9964043498039246],"EasingStyle":"Linear","EasingDirection":"Out"},"HumanoidRootPart":{"Weight":1,"CFrame":[0,0,0,1,0,0,0,1,0,0,0,1],"EasingStyle":"Linear","EasingDirection":"In"},"Right Leg":{"Weight":1,"CFrame":[0.4083636403083801,0.0792396068572998,0.11353874206542969,0.6826382875442505,0.6905002593994141,-0.2391950935125351,-0.5759772062301636,0.7098557353019714,0.40540751814842226,0.44972798228263857,-0.1389758139848709,0.8822870850563049],"EasingStyle":"Linear","EasingDirection":"Out"}}},{"Time":0.1034482792019844,"poses":{"Left Leg":{"Weight":1,"CFrame":[-0.4742199778556824,0.5109204649925232,0.2521495819091797,0.9081323146820068,0.10612493753433228,0.4050101339817047,-0.0917576476931572,0.9942730665206909,-0.054786525666713718,-0.4085049331188202,0.012590648606419564,0.91266930103302],"EasingStyle":"Linear","EasingDirection":"Out"},"Right Arm":{"Weight":1,"CFrame":[-0.2593980133533478,0.058102190494537356,0.19249045848846436,0.6982117891311646,0.26442140340805056,0.665268063545227,-0.6556473970413208,0.6093214154243469,0.44593024253845217,-0.28744861483573916,-0.7475351095199585,0.5988026261329651],"EasingStyle":"Linear","EasingDirection":"Out"},"Left Arm":{"Weight":1,"CFrame":[0.2190452516078949,0.14629578590393067,0.2533853054046631,0.7428255677223206,-0.26235613226890566,-0.6159377694129944,0.6627494692802429,0.15799188613891602,0.7319848537445068,-0.09472762793302536,-0.9519494771957398,0.2912367582321167],"EasingStyle":"Linear","EasingDirection":"Out"},"Head":{"Weight":1,"CFrame":[8.940696716308594e-8,6.51925802230835e-8,3.5762786865234377e-7,0.9989959001541138,-0.031383782625198367,0.03197237476706505,0.029268361628055574,0.9974812269210815,0.06461083889007569,-0.033919572830200198,-0.06361018121242523,0.9973981976509094],"EasingStyle":"Linear","EasingDirection":"Out"},"Torso":{"Weight":1,"CFrame":[0.1300673484802246,-0.6900267601013184,-0.5564169883728027,0.9981338977813721,-0.048372503370046619,-0.03726678714156151,0.042680609971284869,0.9891241788864136,-0.14075396955013276,0.04367010295391083,0.1389007419347763,0.989342987537384],"EasingStyle":"Linear","EasingDirection":"Out"},"HumanoidRootPart":{"Weight":1,"CFrame":[0,0,0,1,0,0,0,1,0,0,0,1],"EasingStyle":"Linear","EasingDirection":"In"},"Right Leg":{"Weight":1,"CFrame":[0.31813007593154909,0.16802364587783814,0.08445310592651367,0.6712015867233276,0.671053946018219,-0.31492072343826296,-0.49910032749176028,0.7232208251953125,0.4773367941379547,0.5480759739875794,-0.1632121503353119,0.8203502297401428],"EasingStyle":"Linear","EasingDirection":"Out"}}},{"Time":0.13793103396892548,"poses":{"Left Leg":{"Weight":1,"CFrame":[-0.48026636242866518,0.5256667733192444,0.258922815322876,0.9056482315063477,0.08329509943723679,0.41576826572418215,-0.06974785029888153,0.9964237809181213,-0.0476953350007534,-0.41825419664382937,0.01419626921415329,0.9082190990447998],"EasingStyle":"Linear","EasingDirection":"Out"},"Right Arm":{"Weight":1,"CFrame":[-0.3140987157821655,0.13695496320724488,0.2199784517288208,0.5232481956481934,0.3966672718524933,0.7542323470115662,-0.8323634266853333,0.42765292525291445,0.3525395095348358,-0.18270882964134217,-0.8122610449790955,0.5539399981498718],"EasingStyle":"Linear","EasingDirection":"Out"},"Left Arm":{"Weight":1,"CFrame":[0.2692175805568695,0.1787867546081543,0.2331613302230835,0.6562735438346863,-0.3835495114326477,-0.6497651934623718,0.7288760542869568,0.09964936971664429,0.6773549318313599,-0.1950504630804062,-0.9181284308433533,0.3449573516845703],"EasingStyle":"Linear","EasingDirection":"Out"},"Head":{"Weight":1,"CFrame":[5.587935447692871e-8,-7.869675755500794e-8,-2.980232238769531e-7,0.9979021549224854,-0.044362422078847888,0.047151628881692889,0.038092274218797687,0.991243302822113,0.12643438577651978,-0.05234767869114876,-0.12437304109334946,0.9908537268638611],"EasingStyle":"Linear","EasingDirection":"Out"},"Torso":{"Weight":1,"CFrame":[0.17712286114692689,-0.8565259575843811,-0.6004576683044434,0.9986225366592407,-0.04092063382267952,-0.032841261476278308,0.03353177011013031,0.9791398644447327,-0.20040151476860047,0.040356747806072238,0.1990242451429367,0.9791632294654846],"EasingStyle":"Linear","EasingDirection":"Out"},"HumanoidRootPart":{"Weight":1,"CFrame":[0,0,0,1,0,0,0,1,0,0,0,1],"EasingStyle":"Linear","EasingDirection":"In"},"Right Leg":{"Weight":1,"CFrame":[0.3166969418525696,0.22811031341552735,0.04014945030212402,0.6845099925994873,0.6618049740791321,-0.30571264028549197,-0.46844902634620669,0.7206287384033203,0.511125922203064,0.5585710406303406,-0.20666004717350007,0.8032994866371155],"EasingStyle":"Linear","EasingDirection":"Out"}}},{"Time":0.17241379618644715,"poses":{"Left Leg":{"Weight":1,"CFrame":[-0.5254610180854797,0.5750260353088379,0.2585299015045166,0.9170320630073547,0.03461741656064987,0.39730820059776308,-0.02450174279510975,0.9992340803146362,-0.030510414391756059,-0.3980601131916046,0.01824427768588066,0.9171779155731201],"EasingStyle":"Linear","EasingDirection":"Out"},"Right Arm":{"Weight":1,"CFrame":[-0.35621777176856997,0.2061138153076172,0.22796332836151124,0.3374411165714264,0.5000748038291931,0.7975327968597412,-0.9368359446525574,0.26124075055122378,0.23257598280906678,-0.09204278141260147,-0.8256381750106812,0.5566415786743164],"EasingStyle":"Linear","EasingDirection":"Out"},"Left Arm":{"Weight":1,"CFrame":[0.3025485873222351,0.1943332552909851,0.21608459949493409,0.5769173502922058,-0.46509939432144167,-0.6714527606964111,0.780178964138031,0.07038089632987976,0.6215845942497253,-0.24184119701385499,-0.8824563026428223,0.4034647047519684],"EasingStyle":"Linear","EasingDirection":"Out"},"Head":{"Weight":1,"CFrame":[8.568167686462403e-8,7.636845111846924e-8,2.384185791015625e-7,0.9972790479660034,-0.06120813637971878,0.041086018085479739,0.053205180913209918,0.9833855032920837,0.17355750501155854,-0.05102653056383133,-0.17089927196502686,0.9839663505554199],"EasingStyle":"Linear","EasingDirection":"Out"},"Torso":{"Weight":1,"CFrame":[0.2170584797859192,-1.0037713050842286,-0.6295299530029297,0.9990869760513306,-0.03222846984863281,-0.028046250343322755,0.024225618690252305,0.968082845211029,-0.24945688247680665,0.03519070893526077,0.248549684882164,0.9679796695709229],"EasingStyle":"Linear","EasingDirection":"Out"},"HumanoidRootPart":{"Weight":1,"CFrame":[0,0,0,1,0,0,0,1,0,0,0,1],"EasingStyle":"Linear","EasingDirection":"In"},"Right Leg":{"Weight":1,"CFrame":[0.3925307095050812,0.2507896423339844,0.020169377326965333,0.7020031809806824,0.67418372631073,-0.22949455678462983,-0.5026473999023438,0.6973231434822083,0.5109658241271973,0.5045167207717896,-0.24334482848644257,0.8283997774124146],"EasingStyle":"Linear","EasingDirection":"Out"}}},{"Time":0.2068965584039688,"poses":{"Left Leg":{"Weight":1,"CFrame":[-0.5611976981163025,0.596361517906189,0.2598918676376343,0.9200059175491333,-0.020684150978922845,0.39135822653770449,0.028065983206033708,0.9995195865631104,-0.013150782324373722,-0.3908982574939728,0.023082632571458818,0.9201444387435913],"EasingStyle":"Linear","EasingDirection":"Out"},"Right Arm":{"Weight":1,"CFrame":[-0.3752809166908264,0.225216805934906,0.22974789142608643,0.2131734937429428,0.5546555519104004,0.8043097853660584,-0.9753262400627136,0.1691828817129135,0.14183025062084199,-0.05740860849618912,-0.8146989345550537,0.5770354866981506],"EasingStyle":"Linear","EasingDirection":"Out"},"Left Arm":{"Weight":1,"CFrame":[0.3108595013618469,0.17524302005767823,0.21122145652770997,0.5138372182846069,-0.4969842731952667,-0.6992694139480591,0.8287904262542725,0.07708849012851715,0.5542235970497131,-0.22153489291667939,-0.8643286228179932,0.4515068531036377],"EasingStyle":"Linear","EasingDirection":"Out"},"Head":{"Weight":1,"CFrame":[8.195638656616211e-8,-4.889443516731262e-8,-5.960464477539063e-8,0.996349036693573,-0.07955920696258545,0.03096568025648594,0.07178296893835068,0.9770402908325195,0.20059779286384583,-0.04621411859989166,-0.19764263927936555,0.9791841506958008],"EasingStyle":"Linear","EasingDirection":"Out"},"Torso":{"Weight":1,"CFrame":[0.24636732041835786,-1.1327887773513795,-0.6471912860870361,0.999477207660675,-0.022962279617786409,-0.022759729996323587,0.015560205094516278,0.9587174654006958,-0.2839343249797821,0.0283399298787117,0.283431738615036,0.958573579788208],"EasingStyle":"Linear","EasingDirection":"Out"},"HumanoidRootPart":{"Weight":1,"CFrame":[0,0,0,1,0,0,0,1,0,0,0,1],"EasingStyle":"Linear","EasingDirection":"In"},"Right Leg":{"Weight":1,"CFrame":[0.5232326984405518,0.22820210456848145,0.02841198444366455,0.6830666661262512,0.7189081311225891,-0.12880587577819825,-0.5865974426269531,0.6450846195220947,0.48966240882873537,0.4351130425930023,-0.2589149475097656,0.8623455166816711],"EasingStyle":"Linear","EasingDirection":"Out"}}},{"Time":0.24137930572032929,"poses":{"Left Leg":{"Weight":1,"CFrame":[-0.5717766880989075,0.5901076793670654,0.27710437774658205,0.9022104740142822,-0.0862397849559784,0.4225861132144928,0.09194836020469666,0.9957398772239685,0.0068995156325399879,-0.42138081789016726,0.03263125568628311,0.9062964916229248],"EasingStyle":"Linear","EasingDirection":"Out"},"Right Arm":{"Weight":1,"CFrame":[-0.3719554543495178,0.18713152408599854,0.23910701274871827,0.1700606346130371,0.5636473894119263,0.8083199262619019,-0.9830842614173889,0.15364618599414826,0.09969024360179901,-0.06800518184900284,-0.8115999698638916,0.5802420377731323],"EasingStyle":"Linear","EasingDirection":"Out"},"Left Arm":{"Weight":1,"CFrame":[0.3028959035873413,0.1257549524307251,0.21583175659179688,0.45287618041038515,-0.49873921275138857,-0.7390279769897461,0.8791841864585877,0.1121106669306755,0.46310511231422427,-0.14811578392982484,-0.8594709634780884,0.4892558753490448],"EasingStyle":"Linear","EasingDirection":"Out"},"Head":{"Weight":1,"CFrame":[4.7497451305389407e-8,1.1362135410308838e-7,4.76837158203125e-7,0.9951284527778626,-0.09677357226610184,0.01882215030491352,0.09099186956882477,0.9750533699989319,0.20246340334415437,-0.037945706397295,-0.1997644305229187,0.9791089296340942],"EasingStyle":"Linear","EasingDirection":"Out"},"Torso":{"Weight":1,"CFrame":[0.2586422562599182,-1.2429842948913575,-0.6558938026428223,0.9997650384902954,-0.01380180288106203,-0.01671324297785759,0.008204130455851555,0.9546568393707275,-0.2975952923297882,0.02006276324391365,0.2973882555961609,0.954545795917511],"EasingStyle":"Linear","EasingDirection":"Out"},"HumanoidRootPart":{"Weight":1,"CFrame":[0,0,0,1,0,0,0,1,0,0,0,1],"EasingStyle":"Linear","EasingDirection":"In"},"Right Leg":{"Weight":1,"CFrame":[0.6626062989234924,0.15529084205627442,0.04199564456939697,0.6145296096801758,0.7883424162864685,-0.02948729880154133,-0.694275975227356,0.558195948600769,0.45431065559387209,0.37461206316947939,-0.25871509313583376,0.8903551697731018],"EasingStyle":"Linear","EasingDirection":"Out"}}},{"Time":0.27586206793785097,"poses":{"Left Leg":{"Weight":1,"CFrame":[-0.576430082321167,0.5717240571975708,0.29187655448913576,0.8721892833709717,-0.16135744750499726,0.4617895483970642,0.1586025059223175,0.9863128662109375,0.04507992044091225,-0.46274301409721377,0.033922817558050159,0.8858432173728943],"EasingStyle":"Linear","EasingDirection":"Out"},"Right Arm":{"Weight":1,"CFrame":[-0.35350972414016726,0.10582637786865235,0.2531017065048218,0.20193761587142945,0.5400301814079285,0.8170608282089233,-0.9719880223274231,0.21293358504772187,0.09949114918708801,-0.12025155127048493,-0.8142644762992859,0.5679023265838623],"EasingStyle":"Linear","EasingDirection":"Out"},"Left Arm":{"Weight":1,"CFrame":[0.2909116744995117,0.07190918922424317,0.2259443998336792,0.39777159690856936,-0.4835095703601837,-0.7797410488128662,0.9160547852516174,0.16187070310115815,0.3669353127479553,-0.051199574023485187,-0.8602420687675476,0.5073089003562927],"EasingStyle":"Linear","EasingDirection":"Out"},"Head":{"Weight":1,"CFrame":[9.918585419654846e-8,-2.1373853087425233e-7,-1.7881393432617188e-7,0.9938459992408752,-0.11056961864233017,0.006670334376394749,0.10749713331460953,0.977256715297699,0.18279413878917695,-0.026730116456747056,-0.180952250957489,0.9831286072731018],"EasingStyle":"Linear","EasingDirection":"Out"},"Torso":{"Weight":1,"CFrame":[0.25660625100135805,-1.3322771787643433,-0.6573648452758789,0.9999395608901978,-0.005441843532025814,-0.00955444946885109,0.0024071349762380125,0.9562034606933594,-0.2926929295063019,0.010728786699473858,0.2926522493362427,0.9561587572097778],"EasingStyle":"Linear","EasingDirection":"Out"},"HumanoidRootPart":{"Weight":1,"CFrame":[0,0,0,1,0,0,0,1,0,0,0,1],"EasingStyle":"Linear","EasingDirection":"In"},"Right Leg":{"Weight":1,"CFrame":[0.762071430683136,0.05243939161300659,0.04922151565551758,0.5129091143608093,0.8567861914634705,0.053306132555007938,-0.7944393754005432,0.45022425055503847,0.4076325297355652,0.3252542316913605,-0.25142702460289,0.9115888476371765],"EasingStyle":"Linear","EasingDirection":"Out"}}},{"Time":0.3103448152542114,"poses":{"Left Leg":{"Weight":1,"CFrame":[-0.5475459098815918,0.46790409088134768,0.28177523612976076,0.8572883009910584,-0.19425268471240998,0.4767836034297943,0.17817723751068116,0.9808036684989929,0.07922765612602234,-0.4830213785171509,0.0170309916138649,0.8754429817199707],"EasingStyle":"Linear","EasingDirection":"Out"},"Right Arm":{"Weight":1,"CFrame":[-0.320829302072525,-0.0016743242740631104,0.26421618461608889,0.2959272861480713,0.48082542419433596,0.8253689408302307,-0.9312058091163635,0.3377116024494171,0.1371372640132904,-0.21279765665531159,-0.8091710209846497,0.5476856231689453],"EasingStyle":"Linear","EasingDirection":"Out"},"Left Arm":{"Weight":1,"CFrame":[0.2558126747608185,0.0371096134185791,0.25203800201416018,0.4075205326080322,-0.3993108570575714,-0.8212659955024719,0.9129053354263306,0.20082998275756837,0.3553466498851776,0.023041004315018655,-0.8945491313934326,0.44637537002563479],"EasingStyle":"Linear","EasingDirection":"Out"},"Head":{"Weight":1,"CFrame":[5.471520125865936e-8,-3.993045538663864e-8,3.5762786865234377e-7,0.9928705096244812,-0.11914991587400437,-0.003379127709195018,0.1182742565870285,0.9812594056129456,0.15212233364582063,-0.014809565618634224,-0.151437446475029,0.9883558750152588],"EasingStyle":"Linear","EasingDirection":"Out"},"Torso":{"Weight":1,"CFrame":[0.2505837678909302,-1.396653652191162,-0.5621356964111328,0.9999971985816956,0.0018566037761047483,-0.0014773019356653095,-0.0021940721198916437,0.9605901837348938,-0.27795982360839846,0.0009030203800648451,0.2779622972011566,0.9605915546417236],"EasingStyle":"Linear","EasingDirection":"Out"},"HumanoidRootPart":{"Weight":1,"CFrame":[0,0,0,1,0,0,0,1,0,0,0,1],"EasingStyle":"Linear","EasingDirection":"In"},"Right Leg":{"Weight":1,"CFrame":[0.7694525122642517,-0.013973712921142578,0.039099693298339847,0.4799964427947998,0.8704476952552795,0.10919812321662903,-0.8418854475021362,0.42205744981765749,0.3362979292869568,0.24664200842380525,-0.25335416197776797,0.9354033470153809],"EasingStyle":"Linear","EasingDirection":"Out"}}},{"Time":0.3448275923728943,"poses":{"Left Leg":{"Weight":1,"CFrame":[-0.43383103609085085,0.31101495027542117,0.2164212465286255,0.8777539730072022,-0.1441340446472168,0.4569171071052551,0.1101156547665596,0.9888357520103455,0.10039108246564865,-0.4662858247756958,-0.03780488669872284,0.8838260173797607],"EasingStyle":"Linear","EasingDirection":"Out"},"Right Arm":{"Weight":1,"CFrame":[-0.27539458870887759,-0.11075007915496826,0.2622917890548706,0.4231503903865814,0.38454386591911318,0.820408284664154,-0.8427137732505798,0.49964985251426699,0.20045796036720277,-0.33283209800720217,-0.7761933207511902,0.5354875326156616],"EasingStyle":"Linear","EasingDirection":"Out"},"Left Arm":{"Weight":1,"CFrame":[0.19911473989486695,0.0008471012115478516,0.2804051637649536,0.4744144082069397,-0.25850772857666018,-0.8414895534515381,0.8718755841255188,0.26992517709732058,0.40862369537353518,0.12150677293539047,-0.9275312423706055,0.35344311594963076],"EasingStyle":"Linear","EasingDirection":"Out"},"Head":{"Weight":1,"CFrame":[1.1175870895385742e-7,-7.916241884231568e-8,-1.7881393432617188e-7,0.9927635788917542,-0.11966877430677414,-0.009992690756917,0.1199953481554985,0.9853601455688477,0.1211051493883133,-0.004646105691790581,-0.12142785638570786,0.9925894141197205],"EasingStyle":"Linear","EasingDirection":"Out"},"Torso":{"Weight":1,"CFrame":[0.24070309102535249,-1.428830862045288,-0.387056827545166,0.9999430775642395,0.008045298047363758,0.007009369321167469,-0.005925068166106939,0.9649631977081299,-0.26231831312179568,-0.008874211460351944,0.26226183772087099,0.9649559259414673],"EasingStyle":"Linear","EasingDirection":"Out"},"HumanoidRootPart":{"Weight":1,"CFrame":[0,0,0,1,0,0,0,1,0,0,0,1],"EasingStyle":"Linear","EasingDirection":"In"},"Right Leg":{"Weight":1,"CFrame":[0.6962063312530518,-0.011565089225769043,0.028305649757385255,0.5457366704940796,0.8273442387580872,0.13293959200382234,-0.8245061635971069,0.5018650889396668,0.2613830268383026,0.14953607320785523,-0.2522558569908142,0.9560366272926331],"EasingStyle":"Linear","EasingDirection":"Out"}}},{"Time":0.37931033968925478,"poses":{"Left Leg":{"Weight":1,"CFrame":[-0.4131738543510437,0.2892155647277832,0.1836545467376709,0.8972741961479187,-0.1264582723379135,0.42297428846359255,0.08236543089151383,0.9892261028289795,0.1210273876786232,-0.4337221682071686,-0.07375628501176834,0.8980228900909424],"EasingStyle":"Linear","EasingDirection":"Out"},"Right Arm":{"Weight":1,"CFrame":[-0.22445861995220185,-0.1925390362739563,0.2404768466949463,0.5486003756523132,0.26412639021873476,0.7932684421539307,-0.7026696801185608,0.6598225831985474,0.26625069975852969,-0.45309263467788699,-0.7034710049629211,0.5475726127624512],"EasingStyle":"Linear","EasingDirection":"Out"},"Left Arm":{"Weight":1,"CFrame":[0.1271008998155594,-0.0346350371837616,0.3011986017227173,0.5576473474502564,-0.07854638248682022,-0.8263533711433411,0.7915390729904175,0.35013169050216677,0.5008729696273804,0.24999068677425385,-0.9334014654159546,0.257422536611557],"EasingStyle":"Linear","EasingDirection":"Out"},"Head":{"Weight":1,"CFrame":[7.636845111846924e-8,-5.052424967288971e-8,-5.960464477539063e-8,0.9935992360115051,-0.11214365810155869,-0.013579453341662884,0.11293332278728485,0.988884449005127,0.09671386331319809,0.0025826639030128719,-0.09762836992740631,0.9952195882797241],"EasingStyle":"Linear","EasingDirection":"Out"},"Torso":{"Weight":1,"CFrame":[0.2270926684141159,-1.391369342803955,-0.2929575443267822,0.9997962713241577,0.013206039555370808,0.01526600681245327,-0.008933251723647118,0.9676743745803833,-0.252044677734375,-0.018101036548614503,0.2518569529056549,0.9675951600074768],"EasingStyle":"Linear","EasingDirection":"Out"},"HumanoidRootPart":{"Weight":1,"CFrame":[0,0,0,1,0,0,0,1,0,0,0,1],"EasingStyle":"Linear","EasingDirection":"In"},"Right Leg":{"Weight":1,"CFrame":[0.5226648449897766,0.06062036752700806,0.033217430114746097,0.6702460050582886,0.7290669083595276,0.13867834210395814,-0.7397996187210083,0.6415393948554993,0.20278994739055634,0.05887987092137337,-0.23851335048675538,0.969352662563324],"EasingStyle":"Linear","EasingDirection":"Out"}}},{"Time":0.4137931168079376,"poses":{"Left Leg":{"Weight":1,"CFrame":[-0.5756098031997681,0.4413544535636902,0.20541203022003175,0.893173336982727,-0.218275785446167,0.3931882381439209,0.1700068861246109,0.9733135104179382,0.15413779020309449,-0.41634008288383486,-0.07082706689834595,0.906446099281311],"EasingStyle":"Linear","EasingDirection":"Out"},"Right Arm":{"Weight":1,"CFrame":[-0.18425136804580689,-0.18639057874679566,0.20264315605163575,0.6634491682052612,0.1542670726776123,0.7321454882621765,-0.5319847464561462,0.7853410840034485,0.31659355759620669,-0.5261439085006714,-0.5995340347290039,0.6031015515327454],"EasingStyle":"Linear","EasingDirection":"Out"},"Left Arm":{"Weight":1,"CFrame":[0.04770718514919281,-0.06576040387153626,0.3100670576095581,0.6226017475128174,0.11899692565202713,-0.7734383344650269,0.6746867299079895,0.4190886318683624,0.6075873374938965,0.3964402377605438,-0.900113582611084,0.18063971400260926],"EasingStyle":"Linear","EasingDirection":"Out"},"Head":{"Weight":1,"CFrame":[8.381903171539307e-8,-1.341104507446289e-7,0,0.9949809908866882,-0.09898608922958374,-0.014649047516286374,0.09983562678098679,0.9919018745422363,0.07850781828165055,0.00675923889502883,-0.079576276242733,0.9968058466911316],"EasingStyle":"Linear","EasingDirection":"Out"},"Torso":{"Weight":1,"CFrame":[0.2098807394504547,-1.3034396171569825,-0.31567978858947756,0.9995908737182617,0.017458289861679078,0.022657213732600213,-0.011338412761688233,0.969079852104187,-0.24648675322532655,-0.0262598879635334,0.24612900614738465,0.9688812494277954],"EasingStyle":"Linear","EasingDirection":"Out"},"HumanoidRootPart":{"Weight":1,"CFrame":[0,0,0,1,0,0,0,1,0,0,0,1],"EasingStyle":"Linear","EasingDirection":"In"},"Right Leg":{"Weight":1,"CFrame":[0.2848949134349823,0.1770077347755432,0.05143439769744873,0.7793482542037964,0.6104892492294312,0.14113524556159974,-0.626523494720459,0.762546181678772,0.16121937334537507,-0.009199341759085656,-0.21407051384449006,0.9767748713493347],"EasingStyle":"Linear","EasingDirection":"Out"}}},{"Time":0.4482758641242981,"poses":{"Left Leg":{"Weight":1,"CFrame":[-0.6728819608688355,0.6048641800880432,0.17416667938232423,0.8954373598098755,-0.2627667188644409,0.35936814546585085,0.20640993118286134,0.9602684378623962,0.18782846629619599,-0.39444500207901,-0.09401141107082367,0.9140979051589966],"EasingStyle":"Linear","EasingDirection":"Out"},"Right Arm":{"Weight":1,"CFrame":[-0.14515924453735352,-0.1181703507900238,0.16572725772857667,0.7659398317337036,0.03918970003724098,0.6417167782783508,-0.3347841799259186,0.8764457702636719,0.3460669219493866,-0.5488676428794861,-0.47990313172340395,0.6844247579574585],"EasingStyle":"Linear","EasingDirection":"Out"},"Left Arm":{"Weight":1,"CFrame":[-0.026646558195352556,-0.09844928979873657,0.30639147758483889,0.6456263661384583,0.30133163928985598,-0.7016879320144653,0.5343497395515442,0.47817763686180117,0.6970053911209106,0.5455611944198608,-0.8249517679214478,0.14770770072937013],"EasingStyle":"Linear","EasingDirection":"Out"},"Head":{"Weight":1,"CFrame":[8.381903171539307e-8,-1.0104849934577942e-7,2.384185791015625e-7,0.9964859485626221,-0.08264940977096558,-0.013596924021840096,0.0833652913570404,0.9943791031837463,0.06527165323495865,0.008125836960971356,-0.06617578864097595,0.9977748990058899],"EasingStyle":"Linear","EasingDirection":"Out"},"Torso":{"Weight":1,"CFrame":[0.18919572234153748,-1.1926496028900147,-0.36566853523254397,0.9993728995323181,0.020901929587125779,0.028581472113728524,-0.013294797390699387,0.9696251153945923,-0.24423430860042573,-0.032818280160427096,0.24370115995407105,0.9692949652671814],"EasingStyle":"Linear","EasingDirection":"Out"},"HumanoidRootPart":{"Weight":1,"CFrame":[0,0,0,1,0,0,0,1,0,0,0,1],"EasingStyle":"Linear","EasingDirection":"In"},"Right Leg":{"Weight":1,"CFrame":[0.237473726272583,0.1521373987197876,0.06633353233337403,0.8073198199272156,0.5735390782356262,0.13887940347194673,-0.5889660120010376,0.7977908849716187,0.12903015315532685,-0.036792825907468799,-0.18596388399600984,0.9818674921989441],"EasingStyle":"Linear","EasingDirection":"Out"}}},{"Time":0.48275861144065859,"poses":{"Left Leg":{"Weight":1,"CFrame":[-0.7173370718955994,0.7352514863014221,0.11091315746307373,0.9045396447181702,-0.2800571322441101,0.32152146100997927,0.21562562882900239,0.9509730935096741,0.22171103954315186,-0.36785000562667849,-0.13121813535690309,0.9205803275108337],"EasingStyle":"Linear","EasingDirection":"Out"},"Right Arm":{"Weight":1,"CFrame":[-0.08375215530395508,-0.08338773250579834,0.14323890209197999,0.8255912661552429,-0.12366829067468643,0.5505500435829163,-0.09648668020963669,0.9303778409957886,0.3536769151687622,-0.555958092212677,-0.3451133966445923,0.7561793923377991],"EasingStyle":"Linear","EasingDirection":"Out"},"Left Arm":{"Weight":1,"CFrame":[-0.09059281647205353,-0.14368700981140138,0.2913706302642822,0.6229775547981262,0.4455656111240387,-0.6429389715194702,0.3811986446380615,0.5447975397109985,0.7469156980514526,0.6830713748931885,-0.7103991508483887,0.1695476472377777],"EasingStyle":"Linear","EasingDirection":"Out"},"Head":{"Weight":1,"CFrame":[1.0058283805847168e-7,-1.83936208486557e-7,-1.1920928955078126e-7,0.99777752161026,-0.06577501446008682,-0.010659094899892807,0.06621848046779633,0.9966173768043518,0.04867120459675789,0.0074216872453689579,-0.04926886036992073,0.9987579584121704],"EasingStyle":"Linear","EasingDirection":"Out"},"Torso":{"Weight":1,"CFrame":[0.16516590118408204,-1.068939447402954,-0.41565680503845217,0.9991933107376099,0.023504922166466714,0.03256058320403099,-0.01513094175606966,0.9714115858078003,-0.2369188815355301,-0.03719848766922951,0.23623508214950562,0.970983624458313],"EasingStyle":"Linear","EasingDirection":"Out"},"HumanoidRootPart":{"Weight":1,"CFrame":[0,0,0,1,0,0,0,1,0,0,0,1],"EasingStyle":"Linear","EasingDirection":"In"},"Right Leg":{"Weight":1,"CFrame":[0.18908590078353883,0.13439923524856568,0.07265758514404297,0.8445011973381043,0.5203661322593689,0.12663652002811433,-0.5336882472038269,0.8374128341674805,0.11796855181455612,-0.04466010630130768,-0.16720904409885407,0.9849094152450562],"EasingStyle":"Linear","EasingDirection":"Out"}}},{"Time":0.517241358757019,"poses":{"Left Leg":{"Weight":1,"CFrame":[-0.7532491087913513,0.7977150678634644,0.04862642288208008,0.9118255376815796,-0.3039149343967438,0.2760612964630127,0.23671118915081025,0.9385059475898743,0.25134527683258059,-0.33547285199165347,-0.16383619606494904,0.927693784236908],"EasingStyle":"Linear","EasingDirection":"Out"},"Right Arm":{"Weight":1,"CFrame":[0.026749875396490098,-0.12915420532226563,0.15086090564727784,0.7849833369255066,-0.3649749755859375,0.500593900680542,0.19683556258678437,0.9131028056144714,0.35707011818885805,-0.5874153971672058,-0.18175947666168214,0.7886106371879578],"EasingStyle":"Linear","EasingDirection":"Out"},"Left Arm":{"Weight":1,"CFrame":[-0.14878912270069123,-0.19207653403282166,0.27122318744659426,0.5717034339904785,0.5583886504173279,-0.6011300086975098,0.22369608283042909,0.5988320112228394,0.7689995765686035,0.7893764972686768,-0.5741099715232849,0.2174450159072876],"EasingStyle":"Linear","EasingDirection":"Out"},"Head":{"Weight":1,"CFrame":[8.195638656616211e-8,5.634501576423645e-8,2.384185791015625e-7,0.9986791610717773,-0.05103003978729248,-0.00598700949922204,0.051154591143131259,0.99842768907547,0.022920342162251474,0.004807970952242613,-0.02319629304111004,0.9997193813323975],"EasingStyle":"Linear","EasingDirection":"Out"},"Torso":{"Weight":1,"CFrame":[0.13791966438293458,-0.9373205900192261,-0.43837904930114748,0.9990990161895752,0.02523345872759819,0.03412329778075218,-0.0171771552413702,0.9756727814674377,-0.21855805814266206,-0.03880814462900162,0.21777500212192536,0.9752271175384522],"EasingStyle":"Linear","EasingDirection":"Out"},"HumanoidRootPart":{"Weight":1,"CFrame":[0,0,0,1,0,0,0,1,0,0,0,1],"EasingStyle":"Linear","EasingDirection":"In"},"Right Leg":{"Weight":1,"CFrame":[0.33245760202407839,0.027896523475646974,0.0552976131439209,0.8181533217430115,0.5644354224205017,0.10971639305353165,-0.5746562480926514,0.8092394471168518,0.12207324057817459,-0.01988431066274643,-0.16292382776737214,0.9864382743835449],"EasingStyle":"Linear","EasingDirection":"Out"}}},{"Time":0.5517241358757019,"poses":{"Left Leg":{"Weight":1,"CFrame":[-0.8141842484474182,0.7658940553665161,0.01191854476928711,0.9120433926582336,-0.3505488932132721,0.21281979978084565,0.2924395501613617,0.9197649359703064,0.261747270822525,-0.28749945759773257,-0.17648787796497346,0.9413799047470093],"EasingStyle":"Linear","EasingDirection":"Out"},"Right Arm":{"Weight":1,"CFrame":[0.16518662869930268,-0.2021823227405548,0.1603994369506836,0.5477910041809082,-0.627727746963501,0.5530668497085571,0.49751368165016177,0.7759052515029907,0.3878801763057709,-0.6726107001304627,0.06268085539340973,0.7373371124267578],"EasingStyle":"Linear","EasingDirection":"Out"},"Left Arm":{"Weight":1,"CFrame":[-0.1994982212781906,-0.24177491664886475,0.24673426151275636,0.5022706389427185,0.6404964923858643,-0.5809376239776611,0.06409454345703125,0.6424047350883484,0.7636805772781372,0.862331748008728,-0.4208092987537384,0.2816086709499359],"EasingStyle":"Linear","EasingDirection":"Out"},"Head":{"Weight":1,"CFrame":[8.568167686462403e-8,-5.471520125865936e-8,-5.960464477539063e-8,0.9991720914840698,-0.04060961678624153,0.0024508684873580934,0.040629979223012927,0.999134361743927,-0.0089277233928442,-0.0020861902739852669,0.00901993177831173,0.9999571442604065],"EasingStyle":"Linear","EasingDirection":"Out"},"Torso":{"Weight":1,"CFrame":[0.10758532583713532,-0.8008122444152832,-0.41413307189941409,0.9991980195045471,0.026008613407611848,0.030445508658885957,-0.01970369927585125,0.981273353099823,-0.19160999357700349,-0.03485887497663498,0.1908564269542694,0.9809988141059876],"EasingStyle":"Linear","EasingDirection":"Out"},"HumanoidRootPart":{"Weight":1,"CFrame":[0,0,0,1,0,0,0,1,0,0,0,1],"EasingStyle":"Linear","EasingDirection":"In"},"Right Leg":{"Weight":1,"CFrame":[0.43990033864974978,-0.022593021392822267,0.029842615127563478,0.8077245950698853,0.5819750428199768,0.09426571428775788,-0.5895533561706543,0.7965685725212097,0.13381077349185944,0.0027855332009494306,-0.16365697979927064,0.9865133762359619],"EasingStyle":"Linear","EasingDirection":"Out"}}},{"Time":0.5862069129943848,"poses":{"Left Leg":{"Weight":1,"CFrame":[-0.8943243026733398,0.6495383977890015,-0.0048299431800842289,0.8968721032142639,-0.42176809906959536,0.13316212594509126,0.3820284307003021,0.8904468417167664,0.24730288982391358,-0.22287827730178834,-0.17092734575271607,0.9597443342208862],"EasingStyle":"Linear","EasingDirection":"Out"},"Right Arm":{"Weight":1,"CFrame":[0.2526693046092987,-0.26476824283599856,0.14155399799346925,0.13146783411502839,-0.7469656467437744,0.6517350077629089,0.6963856220245361,0.5374906659126282,0.47555315494537356,-0.7055233716964722,0.39133885502815249,0.5908389091491699],"EasingStyle":"Linear","EasingDirection":"Out"},"Left Arm":{"Weight":1,"CFrame":[-0.24115000665187837,-0.28958141803741457,0.2186875343322754,0.4239244759082794,0.6930049657821655,-0.583122730255127,-0.09477022290229798,0.674245297908783,0.7324014902114868,0.9007256031036377,-0.2552202045917511,0.3515052795410156],"EasingStyle":"Linear","EasingDirection":"Out"},"Head":{"Weight":1,"CFrame":[8.754432201385498e-8,-3.934837877750397e-8,-4.76837158203125e-7,0.9992297291755676,-0.036688182502985,0.013925053179264069,0.03726596385240555,0.9983454942703247,-0.043790098279714587,-0.012295437045395375,0.04427528381347656,0.9989436864852905],"EasingStyle":"Linear","EasingDirection":"Out"},"Torso":{"Weight":1,"CFrame":[0.07429123669862747,-0.6614683866500855,-0.35631608963012698,0.9994304180145264,0.026101021096110345,0.021392276510596277,-0.022384440526366235,0.9870920777320862,-0.15858158469200135,-0.025255288928747178,0.15801240503787995,0.9871141314506531],"EasingStyle":"Linear","EasingDirection":"Out"},"HumanoidRootPart":{"Weight":1,"CFrame":[0,0,0,1,0,0,0,1,0,0,0,1],"EasingStyle":"Linear","EasingDirection":"In"},"Right Leg":{"Weight":1,"CFrame":[0.45903632044792178,-0.03187835216522217,0.005026102066040039,0.8286910057067871,0.5532904267311096,0.08450420945882797,-0.5595616698265076,0.8155468702316284,0.1475602090358734,0.012726562097668648,-0.16956716775894166,0.9854364395141602],"EasingStyle":"Linear","EasingDirection":"Out"}}},{"Time":0.6206896305084229,"poses":{"Left Leg":{"Weight":1,"CFrame":[-0.961885929107666,0.4764510989189148,-0.01914823055267334,0.8603936433792114,-0.5072534680366516,0.04916050657629967,0.48736143112182619,0.8471642732620239,0.211639866232872,-0.1490021049976349,-0.15813468396663667,0.976110577583313],"EasingStyle":"Linear","EasingDirection":"Out"},"Right Arm":{"Weight":1,"CFrame":[0.254964143037796,-0.31990885734558108,0.11844789981842041,-0.24234601855278016,-0.6693641543388367,0.7022963166236877,0.760582447052002,0.3183186650276184,0.5658512115478516,-0.6023144721984863,0.6712859272956848,0.4319632947444916],"EasingStyle":"Linear","EasingDirection":"Out"},"Left Arm":{"Weight":1,"CFrame":[-0.2724390923976898,-0.33155572414398196,0.18877172470092774,0.34517598152160647,0.7176903486251831,-0.6047926545143127,-0.24795757234096528,0.6912376880645752,0.6787542700767517,0.9051908850669861,-0.08432674407958985,0.4165554344654083],"EasingStyle":"Linear","EasingDirection":"Out"},"Head":{"Weight":1,"CFrame":[8.195638656616211e-8,6.05359673500061e-8,2.384185791015625e-7,0.9989907741546631,-0.03732336312532425,0.02498719096183777,0.039111655205488208,0.9963871240615845,-0.0753851905465126,-0.022083288058638574,0.07628640532493592,0.9968413710594177],"EasingStyle":"Linear","EasingDirection":"Out"},"Torso":{"Weight":1,"CFrame":[0.03832579776644707,-0.5208282470703125,-0.2873096466064453,0.9996065497398377,0.026038190349936487,0.010429058223962784,-0.024571310728788377,0.9922098517417908,-0.12213054299354553,-0.013527872040867806,0.12182623147964478,0.992459237575531],"EasingStyle":"Linear","EasingDirection":"Out"},"HumanoidRootPart":{"Weight":1,"CFrame":[0,0,0,1,0,0,0,1,0,0,0,1],"EasingStyle":"Linear","EasingDirection":"In"},"Right Leg":{"Weight":1,"CFrame":[0.4397261142730713,-0.0315018892288208,-0.016884684562683107,0.8583519458770752,0.5060803890228272,0.08434762060642243,-0.5130156874656677,0.8444031476974487,0.15426692366600038,0.00684812106192112,-0.1756870150566101,0.9844222664833069],"EasingStyle":"Linear","EasingDirection":"Out"}}},{"Time":0.6551724076271057,"poses":{"Left Leg":{"Weight":1,"CFrame":[-0.9926400184631348,0.27719253301620486,-0.03672611713409424,0.8002118468284607,-0.5992054343223572,-0.024776475504040719,0.5947573184967041,0.7876133918762207,0.16102437674999238,-0.07697243988513947,-0.1435895711183548,0.9866393804550171],"EasingStyle":"Linear","EasingDirection":"Out"},"Right Arm":{"Weight":1,"CFrame":[0.2178160697221756,-0.3525789976119995,0.09582912921905518,-0.39785125851631167,-0.5415453314781189,0.7405693531036377,0.7981243133544922,0.1937854290008545,0.5704777240753174,-0.45245108008384707,0.8180316686630249,0.35512274503707888],"EasingStyle":"Linear","EasingDirection":"Out"},"Left Arm":{"Weight":1,"CFr