{"Sequence":[{"Time":0,"poses":{"Left Leg":{"Weight":1,"CFrame":[-0.33972498774528506,0.3422970175743103,0.010422348976135254,0.9687369465827942,-0.04988911375403404,0.24302218854427339,0.006933730095624924,0.9846341013908386,0.1744925081729889,-0.24799318611621858,-0.16735228896141053,0.954197347164154],"EasingStyle":"Linear","EasingDirection":"In"},"Right Leg":{"Weight":1,"CFrame":[0.05429340898990631,0.30390429496765139,0.010169029235839844,0.9534987211227417,0.12260673940181732,-0.27533215284347536,-0.08557618409395218,0.9860541820526123,0.14273688197135926,0.2889929413795471,-0.11253758519887924,0.950693666934967],"EasingStyle":"Linear","EasingDirection":"In"},"Head":{"Weight":1,"CFrame":[1.5366822481155396e-7,3.189779818058014e-8,3.5762786865234377e-7,0.9928991198539734,-0.11841096729040146,0.011411298997700215,0.11803194135427475,0.9925696849822998,0.029561756178736688,-0.014826945029199124,-0.02800493687391281,0.9994978308677673],"EasingStyle":"Linear","EasingDirection":"In"},"Left Arm":{"Weight":1,"CFrame":[-0.08139806240797043,0.0010349154472351075,0.0214388370513916,0.9708905220031738,0.23788142204284669,-0.028000308200716974,-0.22673800587654115,0.9504461884498596,0.2127014547586441,0.07721053063869477,-0.20016108453273774,0.9767159819602966],"EasingStyle":"Linear","EasingDirection":"In"},"Torso":{"Weight":1,"CFrame":[3.086366717752753e-8,2.0183395834641114e-14,-0.26241111755371096,0.9928991198539734,0.11803191900253296,-0.014827040024101735,-0.11883550882339478,0.9898199439048767,-0.07832343131303787,0.005431436467915773,0.07952924072742462,0.9968177080154419],"EasingStyle":"Linear","EasingDirection":"In"},"HumanoidRootPart":{"Weight":0,"CFrame":[0,0,0,1,0,0,0,1,0,0,0,1],"EasingStyle":"Linear","EasingDirection":"In"},"Right Arm":{"Weight":1,"CFrame":[-0.05183734744787216,-0.05371296405792236,0.0013939142227172852,0.925498366355896,-0.025630757212638856,-0.3778834640979767,0.06163473427295685,0.9946004748344421,0.08349261432886124,0.3737030625343323,-0.10056301951408386,0.9220808148384094],"EasingStyle":"Linear","EasingDirection":"In"}}},{"Time":0.017083333805203439,"poses":{"Left Leg":{"Weight":1,"CFrame":[-0.3303779363632202,0.3264782428741455,0.013433337211608887,0.9685213565826416,-0.04808035120368004,0.24424313008785249,0.006294309161603451,0.9855861067771912,0.16905750334262849,-0.2488509714603424,-0.16219846904277802,0.9548637866973877],"EasingStyle":"Linear","EasingDirection":"In"},"Right Leg":{"Weight":1,"CFrame":[0.04457817226648331,0.29165738821029665,0.010892391204833985,0.9537662267684937,0.11248905956745148,-0.27870455384254458,-0.07626016438007355,0.9875457882881165,0.1376141458749771,0.2907136082649231,-0.1099977120757103,0.9504662752151489],"EasingStyle":"Linear","EasingDirection":"In"},"Head":{"Weight":1,"CFrame":[1.4994293451309205e-7,3.026798367500305e-9,2.384185791015625e-7,0.9932273030281067,-0.1156083270907402,0.011586900800466538,0.11524142324924469,0.992929220199585,0.02847772277891636,-0.01479723397642374,-0.0269495639950037,0.9995272755622864],"EasingStyle":"Linear","EasingDirection":"In"},"Left Arm":{"Weight":1,"CFrame":[-0.08864394575357437,-0.004038393497467041,0.01735663414001465,0.9624062776565552,0.2562088668346405,-0.09017320722341538,-0.2332095354795456,0.9496511220932007,0.20922718942165376,0.13923895359039308,-0.18033228814601899,0.9737005829811096],"EasingStyle":"Linear","EasingDirection":"In"},"Torso":{"Weight":1,"CFrame":[0.00021265842951834202,1.3858590663939908e-10,-0.24818181991577149,0.9932060241699219,0.11542345583438873,-0.014807207509875298,-0.11622800678014755,0.9902060627937317,-0.07734978199005127,0.005734208505600691,0.07854527980089188,0.9968940615653992],"EasingStyle":"Linear","EasingDirection":"In"},"HumanoidRootPart":{"Weight":0,"CFrame":[0,0,0,1,0,0,0,1,0,0,0,1],"EasingStyle":"Linear","EasingDirection":"In"},"Right Arm":{"Weight":1,"CFrame":[-0.052410371601581576,-0.05380472540855408,0.0005322694778442383,0.9238167405128479,-0.02451852150261402,-0.38204899430274966,0.061760153621435168,0.9944203495979309,0.08552132546901703,0.3778204321861267,-0.10260143876075745,0.9201764464378357],"EasingStyle":"Linear","EasingDirection":"In"}}},{"Time":0.03375000134110451,"poses":{"Left Leg":{"Weight":1,"CFrame":[-0.3173083961009979,0.30508387088775637,0.01847982406616211,0.9677286744117737,-0.05026242882013321,0.24693085253238679,0.011131426319479943,0.9874761700630188,0.15737497806549073,-0.2517484128475189,-0.14954756200313569,0.956168532371521],"EasingStyle":"Linear","EasingDirection":"In"},"Right Leg":{"Weight":1,"CFrame":[0.03395926207304001,0.2782183289527893,0.012552142143249512,0.953334629535675,0.09325733780860901,-0.28715190291404726,-0.058908697217702869,0.9902753829956055,0.1260334551334381,0.29611292481422427,-0.10323631763458252,0.9495574831962586],"EasingStyle":"Linear","EasingDirection":"In"},"Head":{"Weight":1,"CFrame":[1.4901161193847657e-7,-8.847564458847046e-9,-2.384185791015625e-7,0.9941020011901856,-0.10777660459280014,0.01205995213240385,0.10744456201791763,0.9938856363296509,0.025437131524086,-0.014727739617228508,-0.02399134263396263,0.9996036887168884],"EasingStyle":"Linear","EasingDirection":"In"},"Left Arm":{"Weight":1,"CFrame":[-0.10867667198181153,-0.018064767122268678,0.006070733070373535,0.9158178567886353,0.3033360540866852,-0.26318231225013735,-0.2544705271720886,0.9453117847442627,0.20403529703617097,0.3106805384159088,-0.11988704651594162,0.9429234862327576],"EasingStyle":"Linear","EasingDirection":"In"},"Torso":{"Weight":1,"CFrame":[0.0008429246372543275,5.493195343042601e-10,-0.21260881423950196,0.9940243363380432,0.10815566778182984,-0.014765601605176926,-0.10896141082048416,0.9912399053573608,-0.07463809847831726,0.006563718430697918,0.07580097019672394,0.997101366519928],"EasingStyle":"Linear","EasingDirection":"In"},"HumanoidRootPart":{"Weight":0,"CFrame":[0,0,0,1,0,0,0,1,0,0,0,1],"EasingStyle":"Linear","EasingDirection":"In"},"Right Arm":{"Weight":1,"CFrame":[-0.05407344549894333,-0.054073214530944827,-0.001968562602996826,0.9189444780349731,-0.021165164187550546,-0.3938187062740326,0.06201203912496567,0.9938921332359314,0.09128499031066895,0.38948118686676028,-0.10830732434988022,0.9146441221237183],"EasingStyle":"Linear","EasingDirection":"In"}}},{"Time":0.050833333283662799,"poses":{"Left Leg":{"Weight":1,"CFrame":[-0.2992776036262512,0.2780819535255432,0.024245262145996095,0.9664537310600281,-0.05495438352227211,0.2508927881717682,0.019658593460917474,0.9898035526275635,0.14107592403888703,-0.25608736276626589,-0.13141116499900819,0.9576796889305115],"EasingStyle":"Linear","EasingDirection":"In"},"Right Leg":{"Weight":1,"CFrame":[0.02161450684070587,0.261468768119812,0.014393210411071778,0.9518161416053772,0.0661291629076004,-0.2994544208049774,-0.034578341990709308,0.9933890104293823,0.10946488380432129,0.30471357703208926,-0.09383580833673477,0.9478103518486023],"EasingStyle":"Linear","EasingDirection":"In"},"Head":{"Weight":1,"CFrame":[1.5040859580039979e-7,-1.548323780298233e-8,1.1920928955078126e-7,0.9953216910362244,-0.09577372670173645,0.012734894640743733,0.0954977348446846,0.9952132701873779,0.020754504948854448,-0.014661668799817562,-0.019441258162260057,0.9997034668922424],"EasingStyle":"Linear","EasingDirection":"In"},"Left Arm":{"Weight":1,"CFrame":[-0.1389387845993042,-0.03925207257270813,-0.01097804307937622,0.7777111530303955,0.3593319058418274,-0.515796422958374,-0.29203397035598757,0.9331262707710266,0.20974165201187135,0.556670069694519,-0.012488332577049733,0.8306397795677185],"EasingStyle":"Linear","EasingDirection":"In"},"Torso":{"Weight":1,"CFrame":[0.0018794052302837372,1.2247759473282827e-9,-0.16636419296264649,0.9951693415641785,0.09705996513366699,-0.014740659855306149,-0.09786335378885269,0.9926995038986206,-0.07050126791000366,0.007790194358676672,0.07160327583551407,0.9974027872085571],"EasingStyle":"Linear","EasingDirection":"In"},"HumanoidRootPart":{"Weight":0,"CFrame":[0,0,0,1,0,0,0,1,0,0,0,1],"EasingStyle":"Linear","EasingDirection":"In"},"Right Arm":{"Weight":1,"CFrame":[-0.056742794811725619,-0.054508745670318606,-0.005982160568237305,0.9110322594642639,-0.015495486557483673,-0.41204389929771426,0.06225466728210449,0.993007481098175,0.10030212253332138,0.4076083302497864,-0.1170300841331482,0.9056264758110046],"EasingStyle":"Linear","EasingDirection":"In"}}},{"Time":0.06791666895151138,"poses":{"Left Leg":{"Weight":1,"CFrame":[-0.2777788043022156,0.24898618459701539,0.029332280158996583,0.9647278785705566,-0.062143757939338687,0.2558090090751648,0.03148272633552551,0.991999089717865,0.1222563236951828,-0.2613598108291626,-0.10989049822092056,0.9589656591415405],"EasingStyle":"Linear","EasingDirection":"In"},"Right Leg":{"Weight":1,"CFrame":[0.009382002055644989,0.24268478155136109,0.01578652858734131,0.948722779750824,0.0337396077811718,-0.31430360674858096,-0.005686277989298105,0.9959482550621033,0.08974829316139221,0.31605809926986697,-0.0833590179681778,0.9450706243515015],"EasingStyle":"Linear","EasingDirection":"In"},"Head":{"Weight":1,"CFrame":[1.51805579662323e-7,3.14321368932724e-8,1.1920928955078126e-7,0.9966665506362915,-0.08045725524425507,0.013507758267223835,0.08025731146335602,0.9966651201248169,0.014744153246283532,-0.014648986048996449,-0.013610919937491417,0.9998000264167786],"EasingStyle":"Linear","EasingDirection":"In"},"Left Arm":{"Weight":1,"CFrame":[-0.17687296867370606,-0.06581190228462219,-0.03234916925430298,0.5050000548362732,0.39321377873420718,-0.7683475613594055,-0.33737725019454958,0.9093031287193298,0.24360717833042146,0.7944504618644714,0.13620130717754365,0.5918594002723694],"EasingStyle":"Linear","EasingDirection":"In"},"Torso":{"Weight":1,"CFrame":[0.0033106745686382057,2.1575095043857574e-9,-0.12011909484863281,0.9964426755905151,0.08296781033277512,-0.014775902964174748,-0.08376093208789826,0.9943471550941467,-0.06525252759456635,0.00927851814776659,0.06625805050134659,0.9977594017982483],"EasingStyle":"Linear","EasingDirection":"In"},"HumanoidRootPart":{"Weight":0,"CFrame":[0,0,0,1,0,0,0,1,0,0,0,1],"EasingStyle":"Linear","EasingDirection":"In"},"Right Arm":{"Weight":1,"CFrame":[-0.060334526002407077,-0.055103182792663577,-0.011382877826690674,0.9001515507698059,-0.007403424009680748,-0.43551400303840639,0.06239138916134834,0.9917367696762085,0.11209618300199509,0.4310853183269501,-0.12807583808898927,0.8931752443313599],"EasingStyle":"Linear","EasingDirection":"In"}}},{"Time":0.0845833346247673,"poses":{"Left Leg":{"Weight":1,"CFrame":[-0.2566795349121094,0.22288930416107179,0.03316307067871094,0.9625108242034912,-0.07291834056377411,0.26125815510749819,0.047330550849437717,0.993561327457428,0.1029353067278862,-0.2670818567276001,-0.0867108479142189,0.959764838218689],"EasingStyle":"Linear","EasingDirection":"In"},"Right Leg":{"Weight":1,"CFrame":[0.0005094707012176514,0.2253827452659607,0.016631603240966798,0.9438033103942871,-0.0004886273527517915,-0.33050721883773806,0.024593306705355645,0.9973304271697998,0.0687546655535698,0.329591304063797,-0.07301913946866989,0.9412958025932312],"EasingStyle":"Linear","EasingDirection":"In"},"Head":{"Weight":1,"CFrame":[1.5273690223693848e-7,-5.704350769519806e-9,-2.384185791015625e-7,0.9979307651519775,-0.06269233673810959,0.014278518967330456,0.06258677691221237,0.9980096220970154,0.007723792921751738,-0.01473432406783104,-0.006814153399318457,0.9998682141304016],"EasingStyle":"Linear","EasingDirection":"In"},"Left Arm":{"Weight":1,"CFrame":[-0.21992197632789613,-0.0959526002407074,-0.05660182237625122,0.13993482291698457,0.3860853910446167,-0.9117874503135681,-0.36843881011009219,0.8750273585319519,0.3139743208885193,0.9190598726272583,0.2920019328594208,0.2646956443786621],"EasingStyle":"Linear","EasingDirection":"In"},"Torso":{"Weight":1,"CFrame":[0.005125309340655804,3.3400755494739089e-9,-0.08454608917236328,0.9976605176925659,0.06671711057424545,-0.014909178018569947,-0.06748830527067185,0.9959617853164673,-0.05920718237757683,0.010898839682340622,0.06007486209273338,0.9981343746185303],"EasingStyle":"Linear","EasingDirection":"In"},"HumanoidRootPart":{"Weight":0,"CFrame":[0,0,0,1,0,0,0,1,0,0,0,1],"EasingStyle":"Linear","EasingDirection":"In"},"Right Arm":{"Weight":1,"CFrame":[-0.06476476043462753,-0.0558466911315918,-0.018044710159301759,0.8863655924797058,0.0032078756485134365,-0.4629749059677124,0.06233305484056473,0.9900449514389038,0.12619648873806,0.4587707817554474,-0.1407148689031601,0.8773418068885803],"EasingStyle":"Linear","EasingDirection":"In"}}},{"Time":0.10166666656732559,"poses":{"Left Leg":{"Weight":1,"CFrame":[-0.24081842601299287,0.204739511013031,0.03625774383544922,0.9596693515777588,-0.08865174651145935,0.26678740978240969,0.06829061359167099,0.9940659403800964,0.08467166125774384,-0.2727106213569641,-0.06303772330284119,0.9600287675857544],"EasingStyle":"Linear","EasingDirection":"In"},"Right Leg":{"Weight":1,"CFrame":[-0.0015701018273830414,0.2141815423965454,0.01761448383331299,0.9372463226318359,-0.032973434776067737,-0.3471052348613739,0.052905287593603137,0.9974403977394104,0.048101384192705157,0.3446306884288788,-0.063446544110775,0.9365918040275574],"EasingStyle":"Linear","EasingDirection":"In"},"Head":{"Weight":1,"CFrame":[1.511070877313614e-7,-3.958120942115784e-9,-5.960464477539063e-8,0.9989476799964905,-0.043355368077754977,0.014960947446525097,0.04335997253656387,0.9990594983100891,0.00001603413329576142,-0.014947573654353619,0.0006326910224743187,0.9998880624771118],"EasingStyle":"Linear","EasingDirection":"In"},"Left Arm":{"Weight":1,"CFrame":[-0.26552826166152956,-0.1278836727142334,-0.08229511976242066,-0.1956891566514969,0.36117932200431826,-0.911732017993927,-0.367748886346817,0.8348346948623657,0.4096483290195465,0.9091020226478577,0.41545218229293826,-0.030544869601726533],"EasingStyle":"Linear","EasingDirection":"In"},"Torso":{"Weight":1,"CFrame":[0.007311884313821793,4.765028815967298e-9,-0.07031679153442383,0.998676061630249,0.04915505647659302,-0.015164420939981938,-0.04989045113325119,0.9973642230033875,-0.05268295481801033,0.01253481861203909,0.05336976423859596,0.9984961152076721],"EasingStyle":"Linear","EasingDirection":"In"},"HumanoidRootPart":{"Weight":0,"CFrame":[0,0,0,1,0,0,0,1,0,0,0,1],"EasingStyle":"Linear","EasingDirection":"In"},"Right Arm":{"Weight":1,"CFrame":[-0.06994973123073578,-0.05672949552536011,-0.025841116905212404,0.8697884678840637,0.016392575576901437,-0.493152379989624,0.06197210028767586,0.9879046082496643,0.14214052259922028,0.48951753973960879,-0.15419386327266694,0.8582521677017212],"EasingStyle":"Linear","EasingDirection":"In"}}},{"Time":0.11874999850988388,"poses":{"Left Leg":{"Weight":1,"CFrame":[-0.2372736632823944,0.20086580514907838,0.04034245014190674,0.955835223197937,-0.11163304001092911,0.2718769311904907,0.09644711762666702,0.9929687976837158,0.06863606721162796,-0.2776273488998413,-0.03938301280140877,0.9598812460899353],"EasingStyle":"Linear","EasingDirection":"In"},"Right Leg":{"Weight":1,"CFrame":[0.007429255172610283,0.21681255102157594,0.02058875560760498,0.9297377467155457,-0.05959821119904518,-0.36336734890937807,0.07526694983243942,0.9967386722564697,0.02910195104777813,0.36044782400131228,-0.05440673977136612,0.9311913251876831],"EasingStyle":"Linear","EasingDirection":"In"},"Head":{"Weight":1,"CFrame":[1.5296973288059235e-7,2.5320332497358324e-9,-5.960464477539063e-8,0.9996077418327332,-0.023333949968218805,0.015489990822970868,0.02346068248152733,0.9996923208236694,-0.008051253855228424,-0.015297356992959977,0.008411510847508908,0.9998475909233093],"EasingStyle":"Linear","EasingDirection":"In"},"Left Arm":{"Weight":1,"CFrame":[-0.31113460659980776,-0.15981480479240418,-0.10798853635787964,-0.42578449845314028,0.35272416472435,-0.8332425951957703,-0.34202444553375246,0.7898221611976624,0.5091171264648438,0.8376913666725159,0.5017635226249695,-0.2156536877155304],"EasingStyle":"Linear","EasingDirection":"In"},"Torso":{"Weight":1,"CFrame":[0.009858976118266583,6.424924592351999e-9,-0.08803176879882813,0.9993941783905029,0.031137628480792047,-0.015546138398349285,-0.03182327374815941,0.9984344244003296,-0.04599952697753906,0.014089483767747879,0.046466387808322909,0.9988204836845398],"EasingStyle":"Linear","EasingDirection":"In"},"HumanoidRootPart":{"Weight":0,"CFrame":[0,0,0,1,0,0,0,1,0,0,0,1],"EasingStyle":"Linear","EasingDirection":"In"},"Right Arm":{"Weight":1,"CFrame":[-0.07580550014972687,-0.0577431321144104,-0.03464627265930176,0.8506298661231995,0.03213713690638542,-0.5247820019721985,0.06116179749369621,0.98530513048172,0.1594775766134262,0.5221954584121704,-0.1677529513835907,0.8361642956733704],"EasingStyle":"Linear","EasingDirection":"In"}}},{"Time":0.1354166716337204,"poses":{"Left Leg":{"Weight":1,"CFrame":[-0.24675829708576203,0.21088236570358277,0.04673314094543457,0.9507626295089722,-0.14065225422382356,0.2761654555797577,0.1304599940776825,0.9899249076843262,0.055034782737493518,-0.2811238169670105,-0.016296494752168657,0.959533154964447],"EasingStyle":"Linear","EasingDirection":"In"},"Right Leg":{"Weight":1,"CFrame":[0.025974169373512269,0.23467975854873658,0.026441335678100587,0.9220899939537048,-0.07922940701246262,-0.3787779211997986,0.09069570153951645,0.995800256729126,0.012495332397520543,0.3761971592903137,-0.04587535560131073,0.9254032373428345],"EasingStyle":"Linear","EasingDirection":"In"},"Head":{"Weight":1,"CFrame":[1.5570549294352532e-7,1.1572410585358739e-8,1.1920928955078126e-7,0.9998685717582703,-0.003523782826960087,0.015826424583792688,0.003779330523684621,0.9998624920845032,-0.016146203503012658,-0.015767352655529977,0.016203900799155237,0.9997443556785584],"EasingStyle":"Linear","EasingDirection":"In"},"Left Arm":{"Weight":1,"CFrame":[-0.354183554649353,-0.1899557113647461,-0.13224118947982789,-0.5656247138977051,0.3636837303638458,-0.7401371002197266,-0.3056218922138214,0.7411478757858276,0.5977414846420288,0.7659398913383484,0.5642995238304138,-0.30806198716163638],"EasingStyle":"Linear","EasingDirection":"In"},"Torso":{"Weight":1,"CFrame":[0.012755155563354493,8.312314392355802e-9,-0.13371706008911134,0.9997798800468445,0.01352678518742323,-0.016036588698625566,-0.014151079580187798,0.9991202354431152,-0.039477262645959857,0.01548848021775484,0.039695508778095248,0.9990918040275574],"EasingStyle":"Linear","EasingDirection":"In"},"HumanoidRootPart":{"Weight":0,"CFrame":[0,0,0,1,0,0,0,1,0,0,0,1],"EasingStyle":"Linear","EasingDirection":"In"},"Right Arm":{"Weight":1,"CFrame":[-0.08224828541278839,-0.058877766132354739,-0.04433399438858032,0.8292227983474731,0.050345633178949359,-0.5566461682319641,0.05970104783773422,0.9822584986686707,0.17777518928050996,0.5557205677032471,-0.18064755201339723,0.8115053772926331],"EasingStyle":"Linear","EasingDirection":"In"}}},{"Time":0.1525000035762787,"poses":{"Left Leg":{"Weight":1,"CFrame":[-0.2637954354286194,0.23016107082366944,0.05505359172821045,0.9448007941246033,-0.1712275892496109,0.2793431282043457,0.1656491607427597,0.9852185845375061,0.04364221915602684,-0.28268688917160036,0.005039758514612913,0.9591990113258362],"EasingStyle":"Linear","EasingDirection":"In"},"Right Leg":{"Weight":1,"CFrame":[0.048861779272556308,0.26380133628845217,0.03402900695800781,0.9149265289306641,-0.09256163984537125,-0.39286357164382937,0.10027928650379181,0.9949589371681213,-0.0008828750578686595,0.3909648358821869,-0.03858831897377968,0.9195963740348816],"EasingStyle":"Linear","EasingDirection":"In"},"Head":{"Weight":1,"CFrame":[1.4462420949712396e-7,-1.3972339729662054e-8,-1.7881393432617188e-7,0.9997574687004089,0.015176035463809967,0.015958715230226518,-0.014791641384363175,0.9996041059494019,-0.02393501251935959,-0.016315637156367303,0.02369314804673195,0.9995861053466797],"EasingStyle":"Linear","EasingDirection":"In"},"Left Arm":{"Weight":1,"CFrame":[-0.39211779832839968,-0.21651536226272584,-0.1536121964454651,-0.6442354917526245,0.39090073108673098,-0.6573866009712219,-0.2662442922592163,0.6911418437957764,0.6718905568122864,0.7169899940490723,0.6078812479972839,-0.341183066368103],"EasingStyle":"Linear","EasingDirection":"In"},"Torso":{"Weight":1,"CFrame":[0.015988998115062715,1.041975394855399e-8,-0.19618463516235352,0.9998583197593689,-0.002813612576574087,-0.016595764085650445,0.002257461892440915,0.9994383454322815,-0.03343565762042999,0.01668051816523075,0.033393457531929019,0.9993031024932861],"EasingStyle":"Linear","EasingDirection":"In"},"HumanoidRootPart":{"Weight":0,"CFrame":[0,0,0,1,0,0,0,1,0,0,0,1],"EasingStyle":"Linear","EasingDirection":"In"},"Right Arm":{"Weight":1,"CFrame":[-0.08919414132833481,-0.06012478470802307,-0.054778218269348147,0.8060356378555298,0.07083610445261002,-0.5876127481460571,0.05732443928718567,0.9788013696670532,0.19662608206272126,0.5890844464302063,-0.19217221438884736,0.7848882079124451],"EasingStyle":"Linear","EasingDirection":"In"}}},{"Time":0.16958333551883698,"poses":{"Left Leg":{"Weight":1,"CFrame":[-0.28227782249450686,0.2553965449333191,0.0638965368270874,0.9389522671699524,-0.19852590560913087,0.28099122643470766,0.19689379632472993,0.9798235893249512,0.03433040529489517,-0.28213736414909365,0.023090803995728494,0.9590961337089539],"EasingStyle":"Linear","EasingDirection":"In"},"Right Leg":{"Weight":1,"CFrame":[0.07270700484514237,0.30053168535232546,0.04136979579925537,0.9088484048843384,-0.09926950186491013,-0.4051421582698822,0.1043136715888977,0.9944974184036255,-0.009670579805970192,0.4038727879524231,-0.03347276896238327,0.9142025709152222],"EasingStyle":"Linear","EasingDirection":"In"},"Head":{"Weight":1,"CFrame":[1.4665420167148114e-7,3.0704541131854059e-9,0,0.9993655681610107,0.031867679208517078,0.015901921316981317,-0.031362202018499377,0.9990246295928955,-0.031084081158041955,-0.016876989975571634,0.03056565299630165,0.9993902444839478],"EasingStyle":"Linear","EasingDirection":"In"},"Left Arm":{"Weight":1,"CFrame":[-0.4223799705505371,-0.23770299553871156,-0.1706610918045044,-0.6831211447715759,0.42848554253578188,-0.5913929343223572,-0.22790321707725526,0.6442720293998718,0.7300505638122559,0.6938340067863464,0.633493185043335,-0.34246253967285159],"EasingStyle":"Linear","EasingDirection":"In"},"Torso":{"Weight":1,"CFrame":[0.019549069926142694,1.2739791444005278e-8,-0.26424646377563479,0.999707818031311,-0.017021430656313897,-0.017164168879389764,0.016533274203538896,0.9994657635688782,-0.028192173689603807,0.01763487048447132,0.027900153771042825,0.9994551539421082],"EasingStyle":"Linear","EasingDirection":"In"},"HumanoidRootPart":{"Weight":0,"CFrame":[0,0,0,1,0,0,0,1,0,0,0,1],"EasingStyle":"Linear","EasingDirection":"In"},"Right Arm":{"Weight":1,"CFrame":[-0.09655927866697312,-0.06147444248199463,-0.0658530592918396,0.7816681265830994,0.09334784001111984,-0.6166693568229675,0.05369715020060539,0.9749924540519714,0.21565335988998414,0.6213787198066711,-0.20168271660804749,0.7571079730987549],"EasingStyle":"Linear","EasingDirection":"In"}}},{"Time":0.1862500011920929,"poses":{"Left Leg":{"Weight":1,"CFrame":[-0.2984028458595276,0.2855275869369507,0.07180619239807129,0.9345480799674988,-0.21887516975402833,0.28055939078330996,0.22021035850048066,0.9750739932060242,0.027168309316039087,-0.2795126438140869,0.03639198839664459,0.9594520926475525],"EasingStyle":"Linear","EasingDirection":"In"},"Right Leg":{"Weight":1,"CFrame":[0.09715697169303894,0.34318023920059206,0.046492695808410647,0.9045348167419434,-0.09741904586553574,-0.4151220917701721,0.10161256790161133,0.9947512745857239,-0.012034062296152115,0.4141155779361725,-0.03129640221595764,0.9096860885620117],"EasingStyle":"Linear","EasingDirection":"In"},"Head":{"Weight":1,"CFrame":[1.5972182154655457e-7,-1.4551915228366853e-10,-2.384185791015625e-7,0.9988338947296143,0.0456574410200119,0.015693658962845804,-0.045047108083963397,0.9982897043228149,-0.037261802703142169,-0.017368094995617868,0.03651139512658119,0.9991822838783264],"EasingStyle":"Linear","EasingDirection":"In"},"Left Arm":{"Weight":1,"CFrame":[-0.44241252541542055,-0.2517293095588684,-0.1819469928741455,-0.696243166923523,0.46985089778900149,-0.5426651239395142,-0.19146250188350678,0.6070557236671448,0.7712493538856506,0.6918001770973206,0.6408771276473999,-0.33269959688186648],"EasingStyle":"Linear","EasingDirection":"In"},"Torso":{"Weight":1,"CFrame":[0.023423949256539346,1.526498394355258e-8,-0.32671403884887698,0.9994450807571411,-0.02823803201317787,-0.017668306827545167,0.027809228748083116,0.9993236064910889,-0.024062007665634157,0.018335819244384767,0.023557312786579133,0.9995543360710144],"EasingStyle":"Linear","EasingDirection":"In"},"HumanoidRootPart":{"Weight":0,"CFrame":[0,0,0,1,0,0,0,1,0,0,0,1],"EasingStyle":"Linear","EasingDirection":"In"},"Right Arm":{"Weight":1,"CFrame":[-0.10425983369350434,-0.06291788816452027,-0.07743209600448609,0.7568326592445374,0.11755868792533875,-0.642949640750885,0.04841383174061775,0.9709067940711975,0.23451244831085206,0.6518132090568543,-0.20861436426639558,0.7291225790977478],"EasingStyle":"Linear","EasingDirection":"In"}}},{"Time":0.20333333313465119,"poses":{"Left Leg":{"Weight":1,"CFrame":[-0.3110278844833374,0.3228670358657837,0.07764363288879395,0.9328174591064453,-0.2299971878528595,0.2774036228656769,0.23301567137241364,0.9722123742103577,0.022512711584568025,-0.27487313747406008,0.04363914206624031,0.9604896903038025],"EasingStyle":"Linear","EasingDirection":"In"},"Right Leg":{"Weight":1,"CFrame":[0.12407869100570679,0.3934088945388794,0.04765808582305908,0.9026085734367371,-0.08392878621816635,-0.42220115661621096,0.08986912667751312,0.995936393737793,-0.005852882284671068,0.4209766387939453,-0.03265998512506485,0.9064832925796509],"EasingStyle":"Linear","EasingDirection":"In"},"Head":{"Weight":1,"CFrame":[1.5087425708770753e-7,5.005858838558197e-9,-1.1920928955078126e-7,0.9983314275741577,0.05565584450960159,0.015387211926281453,-0.05496550723910332,0.9975986480712891,-0.04213925823569298,-0.017695555463433267,0.0412231869995594,0.9989932775497437],"EasingStyle":"Linear","EasingDirection":"In"},"Left Arm":{"Weight":1,"CFrame":[-0.44965848326683047,-0.2568022608757019,-0.1860290765762329,-0.6932059526443481,0.5081098079681397,-0.5111652612686157,-0.1550673097372055,0.5874701738357544,0.7942498326301575,0.7038605809211731,0.6298437714576721,-0.32844674587249758],"EasingStyle":"Linear","EasingDirection":"In"},"Torso":{"Weight":1,"CFrame":[0.02760220505297184,1.798788140661145e-8,-0.37239933013916018,0.9992032051086426,-0.03560757264494896,-0.01802884042263031,0.03522033989429474,0.9991512894630432,-0.021358845755457879,0.01877407357096672,0.020706843584775926,0.9996092915534973],"EasingStyle":"Linear","EasingDirection":"In"},"HumanoidRootPart":{"Weight":0,"CFrame":[0,0,0,1,0,0,0,1,0,0,0,1],"EasingStyle":"Linear","EasingDirection":"In"},"Right Arm":{"Weight":1,"CFrame":[-0.11221196502447128,-0.06444516777992249,-0.08938932418823242,0.7323271036148071,0.14310944080352784,-0.665745198726654,0.041000474244356158,0.9666263461112976,0.25288820266723635,0.6797175407409668,-0.21249273419380189,0.7020191550254822],"EasingStyle":"Linear","EasingDirection":"In"}}},{"Time":0.22041666507720948,"poses":{"Left Leg":{"Weight":1,"CFrame":[-0.30580997467041018,0.33949774503707888,0.07921266555786133,0.9339869618415833,-0.22773583233356477,0.2753264605998993,0.23167471587657929,0.9726157188415527,0.018590208142995836,-0.27202051877975466,0.04642316699028015,0.96117103099823],"EasingStyle":"Linear","EasingDirection":"In"},"Right Leg":{"Weight":1,"CFrame":[0.15196964144706727,0.4181305170059204,0.04505753517150879,0.9026424884796143,-0.06696704775094986,-0.4251493513584137,0.07611803710460663,0.9970884323120117,0.004552061203867197,0.42360663414001467,-0.03647042065858841,0.9051117300987244],"EasingStyle":"Linear","EasingDirection":"In"},"Head":{"Weight":1,"CFrame":[1.600128598511219e-7,9.371433407068253e-9,1.1920928955078126e-7,0.9980259537696838,0.06097444146871567,0.015041828155517578,-0.06023693084716797,0.9971515536308289,-0.04538989067077637,-0.01776660606265068,0.04439421743154526,0.9988560676574707],"EasingStyle":"Linear","EasingDirection":"In"},"Left Arm":{"Weight":1,"CFrame":[-0.4408082664012909,-0.24840599298477174,-0.1774243712425232,-0.662596583366394,0.5497445464134216,-0.5086715221405029,-0.13032467663288117,0.5841697454452515,0.8011000752449036,0.7375507950782776,0.5970985889434815,-0.31542345881462099],"EasingStyle":"Linear","EasingDirection":"In"},"Torso":{"Weight":1,"CFrame":[0.032072413712739947,2.0901039121667965e-8,-0.39011383056640627,0.9991020560264587,-0.038273341953754428,-0.01817130669951439,0.03790126368403435,0.999073326587677,-0.020397089421749116,0.018935132771730424,0.01969005912542343,0.9996268153190613],"EasingStyle":"Linear","EasingDirection":"In"},"HumanoidRootPart":{"Weight":0,"CFrame":[0,0,0,1,0,0,0,1,0,0,0,1],"EasingStyle":"Linear","EasingDirection":"In"},"Right Arm":{"Weight":1,"CFrame":[-0.12033180147409439,-0.06604769825935364,-0.10159879922866821,0.7090010046958923,0.1696326732635498,-0.6845015287399292,0.030917873606085779,0.9622281193733215,0.270483136177063,0.7045294046401978,-0.2129361778497696,0.6769759654998779],"EasingStyle":"Linear","EasingDirection":"In"}}},{"Time":0.2370833307504654,"poses":{"Left Leg":{"Weight":1,"CFrame":[-0.2888849973678589,0.33964264392852785,0.07949602603912354,0.9341849684715271,-0.2213582992553711,0.27981939911842348,0.2262902408838272,0.9739446043968201,0.014987699687480927,-0.2758461833000183,0.04931909590959549,0.9599356651306152],"EasingStyle":"Linear","EasingDirection":"In"},"Right Leg":{"Weight":1,"CFrame":[0.1821300983428955,0.422651469707489,0.04334151744842529,0.9051097631454468,-0.05434751510620117,-0.42169028520584109,0.06575766205787659,0.9977567195892334,0.012550217099487782,0.4200621545314789,-0.039088696241378787,0.9066530466079712],"EasingStyle":"Linear","EasingDirection":"In"},"Head":{"Weight":1,"CFrame":[1.4418037608265878e-7,4.598405212163925e-9,-2.384185791015625e-7,0.9981168508529663,0.059503886848688129,0.014899875037372113,-0.05873458459973335,0.9971371293067932,-0.047621529549360278,-0.017690883949398996,0.046656712889671329,0.9987543225288391],"EasingStyle":"Linear","EasingDirection":"In"},"Left Arm":{"Weight":1,"CFrame":[-0.41652822494506838,-0.22537517547607423,-0.15349096059799195,-0.5886321663856506,0.6018231511116028,-0.5397418141365051,-0.12721799314022065,0.5903849005699158,0.7970327734947205,0.7983281016349793,0.5378239750862122,-0.270956814289093],"EasingStyle":"Linear","EasingDirection":"In"},"Torso":{"Weight":1,"CFrame":[0.036823149770498279,2.3997010600851355e-8,-0.38924646377563479,0.9992516040802002,-0.03413029760122299,-0.018204499036073686,0.033754851669073108,0.9992188811302185,-0.020547084510326387,0.018891556188464166,0.019917216151952745,0.9996231198310852],"EasingStyle":"Linear","EasingDirection":"In"},"HumanoidRootPart":{"Weight":0,"CFrame":[0,0,0,1,0,0,0,1,0,0,0,1],"EasingStyle":"Linear","EasingDirection":"In"},"Right Arm":{"Weight":1,"CFrame":[-0.1285354644060135,-0.06771641969680786,-0.1139344573020935,0.6877226829528809,0.19678261876106263,-0.6987947821617127,0.017565272748470308,0.9577701687812805,0.28699785470962527,0.7257609367370606,-0.209649458527565,0.6552237272262573],"EasingStyle":"Linear","EasingDirection":"In"}}},{"Time":0.2541666626930237,"poses":{"Left Leg":{"Weight":1,"CFrame":[-0.26774534583091738,0.3380357623100281,0.0799335241317749,0.9318609833717346,-0.2161598950624466,0.2913932204246521,0.22220849990844727,0.9749177694320679,0.01259700208902359,-0.2868073880672455,0.053011395037174228,0.9565204381942749],"EasingStyle":"Linear","EasingDirection":"In"},"Right Leg":{"Weight":1,"CFrame":[0.214997336268425,0.42391061782836916,0.04292786121368408,0.9104474186897278,-0.04500453919172287,-0.4111692011356354,0.05747488513588905,0.9981845021247864,0.018009696155786516,0.40961217880249026,-0.040028784424066547,0.9113811254501343],"EasingStyle":"Linear","EasingDirection":"In"},"Head":{"Weight":1,"CFrame":[1.6161357052624226e-7,4.0745362639427187e-10,-5.960464477539063e-8,0.9986120462417603,0.05046476796269417,0.015075893141329289,-0.049659762531518939,0.9975289702415466,-0.04969721660017967,-0.01754659414291382,0.04887955263257027,0.9986505508422852],"EasingStyle":"Linear","EasingDirection":"In"},"Left Arm":{"Weight":1,"CFrame":[-0.3802241384983063,-0.1909443736076355,-0.11704975366592407,-0.4696142375469208,0.6550304293632507,-0.5919439196586609,-0.13877242803573609,0.6073752045631409,0.7822004556655884,0.8718971610069275,0.44947800040245058,-0.19433175027370454],"EasingStyle":"Linear","EasingDirection":"In"},"Torso":{"Weight":1,"CFrame":[0.041842982172966,2.7268349356290856e-8,-0.38673925399780276,0.9995834231376648,-0.022404687479138376,-0.018193040043115617,0.022022519260644914,0.9995381236076355,-0.02094174176454544,0.018653830513358117,0.020532362163066865,0.9996151328086853],"EasingStyle":"Linear","EasingDirection":"In"},"HumanoidRootPart":{"Weight":0,"CFrame":[0,0,0,1,0,0,0,1,0,0,0,1],"EasingStyle":"Linear","EasingDirection":"In"},"Right Arm":{"Weight":1,"CFrame":[-0.13673917949199677,-0.06944069266319275,-0.12627005577087403,0.6693460941314697,0.22426412999629975,-0.7082948088645935,0.0002852054312825203,0.9532759189605713,0.30210092663764956,0.7429507374763489,-0.20241209864616395,0.6380074620246887],"EasingStyle":"Linear","EasingDirection":"In"}}},{"Time":0.27125000953674319,"poses":{"Left Leg":{"Weight":1,"CFrame":[-0.24315328896045686,0.3349870443344116,0.08028960227966309,0.927171528339386,-0.21194463968276978,0.30892154574394228,0.21923764050006867,0.9756056070327759,0.011341081000864506,-0.3037891685962677,0.057212091982364658,0.9510198831558228],"EasingStyle":"Linear","EasingDirection":"In"},"Right Leg":{"Weight":1,"CFrame":[0.2497558742761612,0.42209625244140627,0.0436711311340332,0.9180448651313782,-0.038664814084768298,-0.39458656311035159,0.05099068209528923,0.9984825849533081,0.020795395597815515,0.3931839168071747,-0.03921134024858475,0.9186234474182129],"EasingStyle":"Linear","EasingDirection":"In"},"Head":{"Weight":1,"CFrame":[1.614243956282735e-7,1.2514647096395493e-8,-5.960464477539063e-8,0.9992697238922119,0.03495628386735916,0.015428174287080765,-0.03411693125963211,0.9980812072753906,-0.051671139895915988,-0.017204804345965387,0.051107052713632587,0.9985449910163879],"EasingStyle":"Linear","EasingDirection":"In"},"Left Arm":{"Weight":1,"CFrame":[-0.3353022336959839,-0.1483495533466339,-0.07092183828353882,-0.3054110109806061,0.6963394284248352,-0.6494887471199036,-0.1563016176223755,0.6361663341522217,0.75555419921875,0.9393050074577332,0.33227068185806277,-0.08545330166816712],"EasingStyle":"Linear","EasingDirection":"In"},"Torso":{"Weight":1,"CFrame":[0.04712048918008804,3.070761067647254e-8,-0.3827328681945801,0.9998288154602051,-0.004233403597027063,-0.018010148778557779,0.0038450283464044334,0.9997605085372925,-0.021544473245739938,0.01809704303741455,0.0214715376496315,0.999605655670166],"EasingStyle":"Linear","EasingDirection":"In"},"HumanoidRootPart":{"Weight":0,"CFrame":[0,0,0,1,0,0,0,1,0,0,0,1],"EasingStyle":"Linear","EasingDirection":"In"},"Right Arm":{"Weight":1,"CFrame":[-0.14485900104045869,-0.07121264934539795,-0.13847965002059937,0.6546820402145386,0.25185835361480715,-0.7127121686935425,-0.02163124643266201,0.948716402053833,0.3153875768184662,0.755594789981842,-0.19106175005435944,0.6265556812286377],"EasingStyle":"Linear","EasingDirection":"In"}}},{"Time":0.28833332657814028,"poses":{"Left Leg":{"Weight":1,"CFrame":[-0.21573641896247865,0.33084821701049807,0.08025288581848145,0.9202329516410828,-0.2084520012140274,0.331238716840744,0.21707908809185029,0.9760899543762207,0.011184114962816239,-0.3256501853466034,0.06161300837993622,0.9434806704521179],"EasingStyle":"Linear","EasingDirection":"In"},"Right Leg":{"Weight":1,"CFrame":[0.2856488525867462,0.41737115383148196,0.04535830020904541,0.9272078275680542,-0.03499899059534073,-0.37290841341018679,0.046095699071884158,0.998718798160553,0.02087949588894844,0.3716999590396881,-0.036549102514982226,0.9276332259178162],"EasingStyle":"Linear","EasingDirection":"In"},"Head":{"Weight":1,"CFrame":[1.5730620361864568e-7,1.0826624929904938e-8,1.1920928955078126e-7,0.9997758269309998,0.014084532856941224,0.01580728217959404,-0.013218755833804608,0.9984750151634216,-0.05359897017478943,-0.016538091003894807,0.05337803065776825,0.9984374046325684],"EasingStyle":"Linear","EasingDirection":"In"},"Left Arm":{"Weight":1,"CFrame":[-0.28516826033592226,-0.10082530975341797,-0.017927944660186769,-0.1042608767747879,0.7115182280540466,-0.6948894262313843,-0.1695869117975235,0.6757461428642273,0.7173615097999573,0.9799846410751343,0.19263696670532227,0.0502103716135025],"EasingStyle":"Linear","EasingDirection":"In"},"Torso":{"Weight":1,"CFrame":[0.052644241601228717,3.430733741538461e-8,-0.3773689270019531,0.9996613264083862,0.019233565777540208,-0.0175304114818573,-0.019623085856437684,0.99955815076828,-0.022325333207845689,0.017093271017074586,0.02266177348792553,0.9995970726013184],"EasingStyle":"Linear","EasingDirection":"In"},"HumanoidRootPart":{"Weight":0,"CFrame":[0,0,0,1,0,0,0,1,0,0,0,1],"EasingStyle":"Linear","EasingDirection":"In"},"Right Arm":{"Weight":1,"CFrame":[-0.15281108021736146,-0.07302269339561463,-0.15043681859970094,0.6419427394866943,0.27808210253715517,-0.7145487070083618,-0.049708206206560138,0.9450485706329346,0.32312890887260439,0.7651395797729492,-0.1719113439321518,0.6204900741577148],"EasingStyle":"Linear","EasingDirection":"In"}}},{"Time":0.3050000071525574,"poses":{"Left Leg":{"Weight":1,"CFrame":[-0.1862735003232956,0.3259451389312744,0.07955408096313477,0.9111581444740295,-0.20550699532032014,0.3571521043777466,0.21547821164131165,0.9764334559440613,0.012121560983359814,-0.3512263298034668,0.06591382622718811,0.9339675903320313],"EasingStyle":"Linear","EasingDirection":"In"},"Right Leg":{"Weight":1,"CFrame":[0.3218958377838135,0.40986454486846926,0.04771625995635986,0.9372217059135437,-0.03366036340594292,-0.34710583090782168,0.04266338795423508,0.9989213943481445,0.018325796350836755,0.3461146354675293,-0.03198404237627983,0.9376469254493713],"EasingStyle":"Linear","EasingDirection":"In"},"Head":{"Weight":1,"CFrame":[1.5157274901866914e-7,2.7939677238464357e-9,-1.7881393432617188e-7,0.9998102784156799,-0.011025247164070607,0.01605704240500927,0.011901562102138996,0.9983853697776794,-0.055542994290590289,-0.01541873998939991,0.05572356656193733,0.9983271956443787],"EasingStyle":"Linear","EasingDirection":"In"},"Left Arm":{"Weight":1,"CFrame":[-0.23322825133800507,-0.05160835385322571,0.039110779762268069,0.11411488801240921,0.6906096339225769,-0.7141680717468262,-0.16904279589653016,0.7218790054321289,0.6710553169250488,0.9789802432060242,0.04414750263094902,0.1991197019815445],"EasingStyle":"Linear","EasingDirection":"In"},"Torso":{"Weight":1,"CFrame":[0.05840282142162323,3.8060111506865726e-8,-0.3707880973815918,0.9987648129463196,0.04682253301143646,-0.01662811078131199,-0.04720278084278107,0.9986143708229065,-0.023263270035386087,0.015515823848545552,0.024019429460167886,0.999591052532196],"EasingStyle":"Linear","EasingDirection":"In"},"HumanoidRootPart":{"Weight":0,"CFrame":[0,0,0,1,0,0,0,1,0,0,0,1],"EasingStyle":"Linear","EasingDirection":"In"},"Right Arm":{"Weight":1,"CFrame":[-0.16051162779331208,-0.0748620331287384,-0.16201597452163697,0.6288412809371948,0.3014766275882721,-0.7167080044746399,-0.08400660753250122,0.9427185654640198,0.32283833622932436,0.7729822397232056,-0.142805814743042,0.6181464791297913],"EasingStyle":"Linear","EasingDirection":"In"}}},{"Time":0.32208332419395449,"poses":{"Left Leg":{"Weight":1,"CFrame":[-0.15553036332130433,0.32061469554901125,0.07795059680938721,0.900128960609436,-0.20294785499572755,0.38546082377433779,0.21414436399936677,0.9766992330551148,0.014168609865009785,-0.3793547451496124,0.06979069113731384,0.9226154088973999],"EasingStyle":"Linear","EasingDirection":"In"},"Right Leg":{"Weight":1,"CFrame":[0.35774505138397219,0.399688303470