{"Sequence":[{"Time":0,"poses":{"Left Leg":{"Weight":1,"CFrame":[0.042162682861089709,0.30325400829315188,0.0269317626953125,0.7985377311706543,-0.19245053827762605,0.5703511238098145,0.17315948009490968,0.9809055328369141,0.08854442834854126,-0.5765008926391602,0.02805563434958458,0.8166146278381348],"EasingStyle":"Linear","EasingDirection":"In"},"Right Leg":{"Weight":1,"CFrame":[0.5230293273925781,0.20788389444351197,0.0618816614151001,0.9916087985038757,-0.07174918055534363,-0.10753631591796875,0.06095602735877037,0.9930681586265564,-0.10049895942211151,0.1140015497803688,0.0931006595492363,0.9891086220741272],"EasingStyle":"Linear","EasingDirection":"In"},"Head":{"Weight":1,"CFrame":[1.5273690223693848e-7,-7.450580596923828e-9,1.1920928955078126e-7,0.9696130752563477,-0.24303585290908814,-0.02800203114748001,0.2393994778394699,0.9661648273468018,-0.0959865152835846,0.050382744520902637,0.08636609464883805,0.9949886798858643],"EasingStyle":"Linear","EasingDirection":"In"},"Right Arm":{"Weight":1,"CFrame":[-0.2052336484193802,-0.09279578924179077,-0.2292628288269043,0.5359385013580322,0.39037075638771059,-0.7485857605934143,-0.40181082487106326,0.8977589011192322,0.1804908961057663,0.7425078749656677,0.20405785739421845,0.6379987597465515],"EasingStyle":"Linear","EasingDirection":"In"},"Torso":{"Weight":1,"CFrame":[0.12639011442661286,-1.8410077018415906e-8,-0.2691211700439453,0.956836462020874,0.28714749217033389,0.04483615234494209,-0.28546157479286196,0.9575358629226685,-0.040457408875226977,-0.05454946681857109,0.025912124663591386,0.998174786567688],"EasingStyle":"Linear","EasingDirection":"In"},"HumanoidRootPart":{"Weight":0,"CFrame":[0,0,0,1,0,0,0,1,0,0,0,1],"EasingStyle":"Linear","EasingDirection":"In"},"Left Arm":{"Weight":1,"CFrame":[-0.06375613063573837,0.10802435874938965,0.3345423936843872,0.7696741819381714,0.14937596023082734,-0.6207162141799927,0.29196473956108096,0.7822689414024353,0.5502834320068359,0.567766010761261,-0.6047661304473877,0.5584797263145447],"EasingStyle":"Linear","EasingDirection":"In"}}},{"Time":0.017083333805203439,"poses":{"Left Leg":{"Weight":1,"CFrame":[0.0407315269112587,0.3133934736251831,0.019391417503356935,0.7967442870140076,-0.20321139693260194,0.5691252946853638,0.1678040325641632,0.9791262149810791,0.11468952894210816,-0.5805517435073853,0.0041232905350625519,0.8142129182815552],"EasingStyle":"Linear","EasingDirection":"In"},"Right Leg":{"Weight":1,"CFrame":[0.5092407464981079,0.17055243253707887,0.05944931507110596,0.9918296933174133,-0.06820879876613617,-0.10780279338359833,0.055047664791345599,0.9911655187606812,-0.1206674799323082,0.11508101224899292,0.11374728381633759,0.9868221282958984],"EasingStyle":"Linear","EasingDirection":"In"},"Head":{"Weight":1,"CFrame":[1.6298145055770875e-7,3.725290298461914e-9,1.1920928955078126e-7,0.9675951600074768,-0.24792124330997468,-0.04790334776043892,0.24151863157749177,0.9640370607376099,-0.11091092228889466,0.07367778569459915,0.09574730694293976,0.9926751852035523],"EasingStyle":"Linear","EasingDirection":"In"},"Right Arm":{"Weight":1,"CFrame":[-0.20519866049289704,-0.09437558054924011,-0.22925835847854615,0.5360636711120606,0.3903520703315735,-0.748505711555481,-0.4017629325389862,0.8977848887443543,0.18046851456165315,0.7424434423446655,0.20397928357124329,0.638098955154419],"EasingStyle":"Linear","EasingDirection":"In"},"Torso":{"Weight":1,"CFrame":[0.13387179374694825,-1.3534396714476316e-8,-0.25843191146850588,0.9557450413703919,0.2870825231075287,0.06430461257696152,-0.2851651906967163,0.9577470421791077,-0.03743481636047363,-0.07233443856239319,0.01744069904088974,0.9972279071807861],"EasingStyle":"Linear","EasingDirection":"In"},"HumanoidRootPart":{"Weight":0,"CFrame":[0,0,0,1,0,0,0,1,0,0,0,1],"EasingStyle":"Linear","EasingDirection":"In"},"Left Arm":{"Weight":1,"CFrame":[-0.07124201953411102,0.10139596462249756,0.33260297775268557,0.758603572845459,0.1554984748363495,-0.6327248215675354,0.29727762937545779,0.7815282344818115,0.5484885573387146,0.5797814726829529,-0.6041803359985352,0.5466439127922058],"EasingStyle":"Linear","EasingDirection":"In"}}},{"Time":0.03375000134110451,"poses":{"Left Leg":{"Weight":1,"CFrame":[0.03505717217922211,0.32855886220932009,0.00893247127532959,0.7922207117080689,-0.22917625308036805,0.5655656456947327,0.1700229048728943,0.972995936870575,0.15611256659030915,-0.5860704183578491,-0.027516502887010576,0.8097928166389465],"EasingStyle":"Linear","EasingDirection":"In"},"Right Leg":{"Weight":1,"CFrame":[0.48910409212112429,0.12266319990158081,0.05375242233276367,0.9925668835639954,-0.053530141711235049,-0.10929510742425919,0.03728962689638138,0.9886452555656433,-0.1455678790807724,0.11584649980068207,0.14041028916835786,0.9832926988601685],"EasingStyle":"Linear","EasingDirection":"In"},"Head":{"Weight":1,"CFrame":[1.6670674085617066e-7,1.3969838619232178e-9,1.1920928955078126e-7,0.96312415599823,-0.257906973361969,-0.07665408402681351,0.24608778953552247,0.959577739238739,-0.13656996190547944,0.10877789556980133,0.11267020553350449,0.98766028881073],"EasingStyle":"Linear","EasingDirection":"In"},"Right Arm":{"Weight":1,"CFrame":[-0.20495402812957765,-0.09608328342437744,-0.22922736406326295,0.5369393825531006,0.3902214765548706,-0.74794602394104,-0.401427298784256,0.8979663848876953,0.1803118884563446,0.7419920563697815,0.2034294307231903,0.6387991905212402],"EasingStyle":"Linear","EasingDirection":"In"},"Torso":{"Weight":1,"CFrame":[0.14081615209579469,-9.008886081574019e-9,-0.24796199798583985,0.9537749290466309,0.2863534688949585,0.0911869928240776,-0.28515157103538515,0.9581235647201538,-0.02622721716761589,-0.0948786586523056,-0.0009872479131445289,0.9954883456230164],"EasingStyle":"Linear","EasingDirection":"In"},"HumanoidRootPart":{"Weight":0,"CFrame":[0,0,0,1,0,0,0,1,0,0,0,1],"EasingStyle":"Linear","EasingDirection":"In"},"Left Arm":{"Weight":1,"CFrame":[-0.09223505109548569,0.08269625902175904,0.32660067081451418,0.72469562292099,0.1736791431903839,-0.6668221354484558,0.30927470326423647,0.7827836275100708,0.5399990081787109,0.6157640814781189,-0.5975661873817444,0.5135653018951416],"EasingStyle":"Linear","EasingDirection":"In"}}},{"Time":0.050833333283662799,"poses":{"Left Leg":{"Weight":1,"CFrame":[0.028938475996255876,0.34134799242019656,-0.0027382969856262209,0.7860848307609558,-0.2624545693397522,0.5596322417259216,0.177883118391037,0.9631326794624329,0.20182423293590547,-0.5919697880744934,-0.059101831167936328,0.8037902116775513],"EasingStyle":"Linear","EasingDirection":"In"},"Right Leg":{"Weight":1,"CFrame":[0.4646620452404022,0.07378137111663819,0.04459333419799805,0.9931767582893372,-0.03244701400399208,-0.11201412230730057,0.013217654079198838,0.985644519329071,-0.1683157980442047,0.11586745083332062,0.16568678617477418,0.9793480634689331],"EasingStyle":"Linear","EasingDirection":"In"},"Head":{"Weight":1,"CFrame":[1.5529803931713105e-7,-1.862645149230957e-9,-1.1920928955078126e-7,0.9568778276443481,-0.27046582102775576,-0.10598619282245636,0.25098904967308047,0.9534561038017273,-0.1671103537082672,0.14625081419944764,0.13330282270908357,0.9802250266075134],"EasingStyle":"Linear","EasingDirection":"In"},"Right Arm":{"Weight":1,"CFrame":[-0.20429018139839173,-0.09812146425247193,-0.229142963886261,0.539313793182373,0.38986361026763918,-0.7464228272438049,-0.40051522850990298,0.8984584808349609,0.17988847196102143,0.7407618761062622,0.20193742215633393,0.6406973004341126],"EasingStyle":"Linear","EasingDirection":"In"},"Torso":{"Weight":1,"CFrame":[0.14657673239707948,-5.254804591459106e-9,-0.23733234405517579,0.9511938691139221,0.2847324013710022,0.11898612231016159,-0.2856568396091461,0.9582841396331787,-0.009576953947544098,-0.11674938350915909,-0.024879658594727517,0.9928497076034546],"EasingStyle":"Linear","EasingDirection":"In"},"HumanoidRootPart":{"Weight":0,"CFrame":[0,0,0,1,0,0,0,1,0,0,0,1],"EasingStyle":"Linear","EasingDirection":"In"},"Left Arm":{"Weight":1,"CFrame":[-0.1245383769273758,0.05370241403579712,0.31626129150390627,0.6644450426101685,0.20286715030670167,-0.7192758917808533,0.32104143500328066,0.7916396856307983,0.5198450684547424,0.674866795539856,-0.5763258337974548,0.46087226271629336],"EasingStyle":"Linear","EasingDirection":"In"}}},{"Time":0.06791666895151138,"poses":{"Left Leg":{"Weight":1,"CFrame":[0.02715998888015747,0.34508126974105837,-0.013291716575622559,0.7795962691307068,-0.29503509402275088,0.552434504032135,0.18953560292720796,0.9518670439720154,0.24088460206985475,-0.5969136357307434,-0.08308678865432739,0.7979916930198669],"EasingStyle":"Linear","EasingDirection":"In"},"Right Leg":{"Weight":1,"CFrame":[0.44289132952690127,0.0317302942276001,0.03443324565887451,0.9932887554168701,-0.007604294456541538,-0.11541059613227844,-0.013715099543333054,0.9830521941184998,-0.18281224370002747,0.11484479159116745,0.18316824734210969,0.9763503670692444],"EasingStyle":"Linear","EasingDirection":"In"},"Head":{"Weight":1,"CFrame":[1.310836523771286e-7,5.587935447692871e-9,-4.172325134277344e-7,0.9506600499153137,-0.282649964094162,-0.12788459658622743,0.2550143301486969,0.9467153549194336,-0.19671735167503358,0.17667245864868165,0.15439890325069428,0.9720842838287354],"EasingStyle":"Linear","EasingDirection":"In"},"Right Arm":{"Weight":1,"CFrame":[-0.20299731194972993,-0.10069084167480469,-0.22897857427597047,0.5439249873161316,0.38915401697158816,-0.7434412240982056,-0.39873427152633669,0.8994134664535523,0.1790710836648941,0.7383472323417664,0.19903424382209779,0.6443824172019959],"EasingStyle":"Linear","EasingDirection":"In"},"Torso":{"Weight":1,"CFrame":[0.15050718188285829,-2.693397505026951e-9,-0.2251138687133789,0.9488166570663452,0.2824648320674896,0.14128175377845765,-0.2866489887237549,0.9579858779907227,0.009767783805727959,-0.13258686661720277,-0.04976610466837883,0.9899212121963501],"EasingStyle":"Linear","EasingDirection":"In"},"HumanoidRootPart":{"Weight":0,"CFrame":[0,0,0,1,0,0,0,1,0,0,0,1],"EasingStyle":"Linear","EasingDirection":"In"},"Left Arm":{"Weight":1,"CFrame":[-0.1659548282623291,0.016191542148590089,0.3013092279434204,0.5717130899429321,0.23932060599327088,-0.7847737073898315,0.3228401839733124,0.8137288689613342,0.4833419919013977,0.7542667388916016,-0.5296894907951355,0.3879571557044983],"EasingStyle":"Linear","EasingDirection":"In"}}},{"Time":0.0845833346247673,"poses":{"Left Leg":{"Weight":1,"CFrame":[0.035157427191734317,0.3346993923187256,-0.020717263221740724,0.7743394374847412,-0.31911852955818179,0.5464079976081848,0.20322872698307038,0.9431911110877991,0.26284709572792055,-0.599246621131897,-0.09248711913824082,0.795204222202301],"EasingStyle":"Linear","EasingDirection":"In"},"Right Leg":{"Weight":1,"CFrame":[0.4286484122276306,0.003025949001312256,0.02660846710205078,0.992825984954834,0.01699141599237919,-0.11835464835166931,-0.03867489844560623,0.9822757840156555,-0.18340805172920228,0.11314050108194351,0.18666964769363404,0.9758861064910889],"EasingStyle":"Linear","EasingDirection":"In"},"Head":{"Weight":1,"CFrame":[1.1641532182693482e-7,-1.4901161193847657e-8,-5.960464477539063e-8,0.9471410512924194,-0.2911913990974426,-0.13465279340744019,0.25800833106040957,0.9408215880393982,-0.21974171698093415,0.1906711459159851,0.1733848601579666,0.9662205576896668],"EasingStyle":"Linear","EasingDirection":"In"},"Right Arm":{"Weight":1,"CFrame":[-0.20086583495140077,-0.10399281978607178,-0.22870784997940064,0.5514903664588928,0.38794752955436709,-0.7384815812110901,-0.39578428864479067,0.900978147983551,0.17774446308612824,0.7343113422393799,0.19425511360168458,0.6504243612289429],"EasingStyle":"Linear","EasingDirection":"In"},"Torso":{"Weight":1,"CFrame":[0.15196096897125245,-1.7459882428738638e-9,-0.20961427688598634,0.9478307366371155,0.28031766414642336,0.15178582072257996,-0.28776592016220095,0.9572585821151733,0.029099512845277787,-0.137141153216362,-0.07126019895076752,0.9879849553108215],"EasingStyle":"Linear","EasingDirection":"In"},"HumanoidRootPart":{"Weight":0,"CFrame":[0,0,0,1,0,0,0,1,0,0,0,1],"EasingStyle":"Linear","EasingDirection":"In"},"Left Arm":{"Weight":1,"CFrame":[-0.21428754925727845,-0.028058677911758424,0.28146958351135256,0.4394413232803345,0.2739880681037903,-0.8554658889770508,0.300281822681427,0.8527520298957825,0.4273695945739746,0.8465944528579712,-0.444684773683548,0.2924608886241913],"EasingStyle":"Linear","EasingDirection":"In"}}},{"Time":0.10166666656732559,"poses":{"Left Leg":{"Weight":1,"CFrame":[0.05693633854389191,0.30820900201797488,-0.02566993236541748,0.7720227837562561,-0.3290693461894989,0.5437776446342468,0.2163761705160141,0.9405106902122498,0.26195621490478518,-0.597630500793457,-0.08457566797733307,0.7972984910011292],"EasingStyle":"Linear","EasingDirection":"In"},"Right Leg":{"Weight":1,"CFrame":[0.41674530506134035,-0.006512761116027832,0.02513432502746582,0.9920956492424011,0.04058001562952995,-0.11874133348464966,-0.06010489538311958,0.9843282699584961,-0.16578662395477296,0.11015290021896362,0.17161312699317933,0.9789868593215942],"EasingStyle":"Linear","EasingDirection":"In"},"Head":{"Weight":1,"CFrame":[1.4901161193847657e-7,1.1175870895385743e-8,1.1920928955078126e-7,0.9492299556732178,-0.2933567762374878,-0.11359706521034241,0.26259028911590578,0.9377307891845703,-0.22739242017269135,0.17323054373264314,0.1860182136297226,0.9671548008918762],"EasingStyle":"Linear","EasingDirection":"In"},"Right Arm":{"Weight":1,"CFrame":[-0.1957503706216812,-0.1081538200378418,-0.22805792093276978,0.5700728893280029,0.3839666247367859,-0.7263515591621399,-0.38664188981056216,0.9054386019706726,0.17518256604671479,0.724931001663208,0.18097111582756043,0.6646235585212708],"EasingStyle":"Linear","EasingDirection":"In"},"Torso":{"Weight":1,"CFrame":[0.1464700847864151,-5.324302776443801e-9,-0.1898641586303711,0.9491199851036072,0.27924150228500368,0.14558665454387666,-0.2884467542171478,0.9563868045806885,0.04607335478067398,-0.12637154757976533,-0.08572313189506531,0.9882721304893494],"EasingStyle":"Linear","EasingDirection":"In"},"HumanoidRootPart":{"Weight":0,"CFrame":[0,0,0,1,0,0,0,1,0,0,0,1],"EasingStyle":"Linear","EasingDirection":"In"},"Left Arm":{"Weight":1,"CFrame":[-0.2673393487930298,-0.07727143168449402,0.2564671039581299,0.26559489965438845,0.31138068437576296,-0.9124151468276978,0.21624737977981568,0.9030494093894959,0.37113192677497866,0.9395192265510559,-0.295878142118454,0.17251001298427583],"EasingStyle":"Linear","EasingDirection":"In"}}},{"Time":0.11874999850988388,"poses":{"Left Leg":{"Weight":1,"CFrame":[0.09048038721084595,0.27003419399261477,-0.031164348125457765,0.77310711145401,-0.3248828947544098,0.5447537302970886,0.22635599970817567,0.943625807762146,0.2415226846933365,-0.5925102233886719,-0.06341460347175598,0.8030629754066467],"EasingStyle":"Linear","EasingDirection":"In"},"Right Leg":{"Weight":1,"CFrame":[0.4041610658168793,0.0022625327110290529,0.0304487943649292,0.9916592836380005,0.06289766728878021,-0.11249800026416779,-0.07774601131677628,0.9880768656730652,-0.1328897923231125,0.10279819369316101,0.14052768051624299,0.9847255945205689],"EasingStyle":"Linear","EasingDirection":"In"},"Head":{"Weight":1,"CFrame":[1.043081283569336e-7,-7.450580596923828e-9,1.1920928955078126e-7,0.9548090696334839,-0.29009273648262026,-0.06469826400279999,0.27030155062675478,0.938034176826477,-0.21686165034770966,0.12359916418790817,0.18957342207431794,0.9740560054779053],"EasingStyle":"Linear","EasingDirection":"In"},"Right Arm":{"Weight":1,"CFrame":[-0.18700188398361207,-0.11299800872802735,-0.22694635391235352,0.6024044752120972,0.37461474537849429,-0.7048210501670837,-0.3665738105773926,0.9142366051673889,0.17261241376399995,0.7090363502502441,0.1543864756822586,0.6880641579627991],"EasingStyle":"Linear","EasingDirection":"In"},"Torso":{"Weight":1,"CFrame":[0.13274285197257996,-1.4270113979364396e-8,-0.16778230667114259,0.9520361423492432,0.27952152490615847,0.12447860091924668,-0.2883493900299072,0.9556859135627747,0.0593213327229023,-0.10238086432218552,-0.09236937761306763,0.9904474020004273],"EasingStyle":"Linear","EasingDirection":"In"},"HumanoidRootPart":{"Weight":0,"CFrame":[0,0,0,1,0,0,0,1,0,0,0,1],"EasingStyle":"Linear","EasingDirection":"In"},"Left Arm":{"Weight":1,"CFrame":[-0.32291364669799807,-0.12966862320899964,0.22602713108062745,0.06466330587863922,0.34467846155166628,-0.9364910125732422,0.06154002994298935,0.9352914690971375,0.34848615527153017,0.9960078001022339,-0.08016597479581833,0.03926754742860794],"EasingStyle":"Linear","EasingDirection":"In"}}},{"Time":0.1354166716337204,"poses":{"Left Leg":{"Weight":1,"CFrame":[0.1292281150817871,0.22391599416732789,-0.03791821002960205,0.776909589767456,-0.308620423078537,0.5487849712371826,0.23269952833652497,0.9506564736366272,0.20519062876701356,-0.5850319862365723,-0.03171257674694061,0.8103899359703064],"EasingStyle":"Linear","EasingDirection":"In"},"Right Leg":{"Weight":1,"CFrame":[0.3959828019142151,0.025609970092773439,0.0392376184463501,0.9922606945037842,0.07914529740810394,-0.09568025171756745,-0.08778774738311768,0.992085874080658,-0.08977174758911133,0.08781814575195313,0.0974765345454216,0.9913557767868042],"EasingStyle":"Linear","EasingDirection":"In"},"Head":{"Weight":1,"CFrame":[1.6577541828155518e-7,1.862645149230957e-8,-3.5762786865234377e-7,0.9588461518287659,-0.28392553329467776,0.0005794428871013224,0.2787775993347168,0.9410702586174011,-0.19149352610111237,0.05382459610700607,0.18377436697483064,0.9814937114715576],"EasingStyle":"Linear","EasingDirection":"In"},"Right Arm":{"Weight":1,"CFrame":[-0.1766551434993744,-0.1182737946510315,-0.22563189268112184,0.6412239074707031,0.35917147994041445,-0.6781060099601746,-0.33576667308807375,0.9259344339370728,0.17293396592140199,0.6899946928024292,0.11679602414369583,0.7143290638923645],"EasingStyle":"Linear","EasingDirection":"In"},"Torso":{"Weight":1,"CFrame":[0.1148974671959877,-2.5899637989823533e-8,-0.1460099220275879,0.955291748046875,0.28090137243270876,0.0922611877322197,-0.2874640226364136,0.9554017782211304,0.06761582940816879,-0.06915312260389328,-0.09111461788415909,0.9934364557266235],"EasingStyle":"Linear","EasingDirection":"In"},"HumanoidRootPart":{"Weight":0,"CFrame":[0,0,0,1,0,0,0,1,0,0,0,1],"EasingStyle":"Linear","EasingDirection":"In"},"Left Arm":{"Weight":1,"CFrame":[-0.3788130283355713,-0.18347418308258058,0.1898742914199829,-0.13264982402324677,0.3541668653488159,-0.9257266521453857,-0.12271781265735626,0.9209253787994385,0.36991456151008608,0.9835366606712341,0.1626722514629364,-0.07869795709848404],"EasingStyle":"Linear","EasingDirection":"In"}}},{"Time":0.1525000035762787,"poses":{"Left Leg":{"Weight":1,"CFrame":[0.15914730727672578,0.17453902959823609,-0.040429770946502689,0.7912548184394836,-0.24297824501991273,0.5611394047737122,0.200782909989357,0.9700220227241516,0.13690681755542756,-0.5775829553604126,0.004339013248682022,0.8163204789161682],"EasingStyle":"Linear","EasingDirection":"In"},"Right Leg":{"Weight":1,"CFrame":[0.4035491347312927,0.06758201122283936,0.04863321781158447,0.9971441626548767,0.041615113615989688,-0.06302142143249512,-0.04487842693924904,0.9976752996444702,-0.05128234997391701,0.060740839689970019,0.05396419018507004,0.9966937303543091],"EasingStyle":"Linear","EasingDirection":"In"},"Head":{"Weight":1,"CFrame":[1.3131648302078248e-7,0,4.76837158203125e-7,0.9581811428070068,-0.2785034477710724,0.06576204299926758,0.2847822606563568,0.9505813717842102,-0.1236695647239685,-0.02806977927684784,0.13722571730613709,0.9901419878005981],"EasingStyle":"Linear","EasingDirection":"In"},"Right Arm":{"Weight":1,"CFrame":[-0.16674521565437318,-0.12372931838035584,-0.22437268495559693,0.6797330379486084,0.33732667565345766,-0.6512861251831055,-0.29458528757095339,0.9387556314468384,0.17876622080802918,0.671701192855835,0.07034604996442795,0.7374747395515442],"EasingStyle":"Linear","EasingDirection":"In"},"Torso":{"Weight":1,"CFrame":[0.09705206751823425,-3.752917621113738e-8,-0.12718820571899415,0.9573720097541809,0.28480008244514468,0.04824620485305786,-0.2866929769515991,0.9572596549987793,0.03822494298219681,-0.03529767692089081,-0.05042733624577522,0.9981037974357605],"EasingStyle":"Linear","EasingDirection":"In"},"HumanoidRootPart":{"Weight":0,"CFrame":[0,0,0,1,0,0,0,1,0,0,0,1],"EasingStyle":"Linear","EasingDirection":"In"},"Left Arm":{"Weight":1,"CFrame":[-0.43284091353416445,-0.23690947890281678,0.14773404598236085,-0.2941913902759552,0.34452715516090395,-0.8914889097213745,-0.2882670760154724,0.8573418259620667,0.4264587163925171,0.911237359046936,0.38244739174842837,-0.15290679037570954],"EasingStyle":"Linear","EasingDirection":"In"}}},{"Time":0.16958333551883698,"poses":{"Left Leg":{"Weight":1,"CFrame":[0.179584801197052,0.12008404731750488,-0.041244328022003177,0.8087067008018494,-0.12679050862789155,0.5743846893310547,0.12719686329364777,0.9910832643508911,0.039685994386672977,-0.5742947459220886,0.04096559062600136,0.8176229000091553],"EasingStyle":"Linear","EasingDirection":"In"},"Right Leg":{"Weight":1,"CFrame":[0.43067270517349245,0.1252841353416443,0.05312848091125488,0.9986112713813782,-0.05137299373745918,-0.011677238158881665,0.05120619013905525,0.9985877275466919,-0.014160762540996075,0.012388245202600956,0.013543153181672097,0.9998315572738648],"EasingStyle":"Linear","EasingDirection":"In"},"Head":{"Weight":1,"CFrame":[1.5087425708770753e-7,1.862645149230957e-9,1.1920928955078126e-7,0.9531371593475342,-0.2781932055950165,0.11890358477830887,0.2822831869125366,0.9591484665870667,-0.01872117817401886,-0.10883808135986328,0.051408328115940097,0.9927293062210083],"EasingStyle":"Linear","EasingDirection":"In"},"Right Arm":{"Weight":1,"CFrame":[-0.15930700302124024,-0.1291137933731079,-0.2234276533126831,0.7118613719940186,0.30962806940078738,-0.6303839087486267,-0.24347475171089173,0.9507094621658325,0.1920195370912552,0.6587665677070618,0.01679123006761074,0.7521599531173706],"EasingStyle":"Linear","EasingDirection":"In"},"Torso":{"Weight":1,"CFrame":[0.08332483470439911,-4.647497675591694e-8,-0.11395835876464844,0.957292914390564,0.28909724950790408,-0.003614621702581644,-0.28908205032348635,0.9568908214569092,-0.028134185820817949,-0.00467471731826663,0.027977578341960908,0.9995976090431213],"EasingStyle":"Linear","EasingDirection":"In"},"HumanoidRootPart":{"Weight":0,"CFrame":[0,0,0,1,0,0,0,1,0,0,0,1],"EasingStyle":"Linear","EasingDirection":"In"},"Left Arm":{"Weight":1,"CFrame":[-0.4828000068664551,-0.2881985306739807,0.09933066368103028,-0.40368372201919558,0.33882421255111697,-0.8498456478118897,-0.4059772193431854,0.7660958170890808,0.49827659130096438,0.8198914527893066,0.5461642146110535,-0.17170557379722596],"EasingStyle":"Linear","EasingDirection":"In"}}},{"Time":0.1862500011920929,"poses":{"Left Leg":{"Weight":1,"CFrame":[0.1933765858411789,0.06424903869628906,-0.04583168029785156,0.8146666884422302,-0.028163103386759759,0.5792451500892639,0.07006123661994934,0.9962839484214783,-0.05009645223617554,-0.5756818652153015,0.08139456063508988,0.8136125206947327],"EasingStyle":"Linear","EasingDirection":"In"},"Right Leg":{"Weight":1,"CFrame":[0.4732716381549835,0.18826955556869508,0.04486095905303955,0.9891136288642883,-0.13453873991966248,0.05961189419031143,0.13235943019390107,0.990429162979126,0.039129260927438739,-0.06430583447217941,-0.03081308677792549,0.9974544048309326],"EasingStyle":"Linear","EasingDirection":"In"},"Head":{"Weight":1,"CFrame":[1.3969838619232179e-7,-2.8870999813079835e-8,2.384185791015625e-7,0.9462404847145081,-0.28412047028541567,0.1546107828617096,0.27653855085372927,0.9585242867469788,0.06897570937871933,-0.16779562830924989,-0.022511761635541917,0.9855647683143616],"EasingStyle":"Linear","EasingDirection":"In"},"Right Arm":{"Weight":1,"CFrame":[-0.15637537837028504,-0.13417622447013856,-0.22305524349212647,0.7321107387542725,0.2777295410633087,-0.6219968795776367,-0.18264411389827729,0.9597083330154419,0.2135438621044159,0.656243085861206,-0.042733654379844668,0.7533384561538696],"EasingStyle":"Linear","EasingDirection":"In"},"Torso":{"Weight":1,"CFrame":[0.07783395051956177,-5.005329128948688e-8,-0.10896110534667969,0.9549269080162048,0.29226040840148928,-0.05194726958870888,-0.295741468667984,0.9517571330070496,-0.08182471990585327,0.025527063757181169,0.09349958598613739,0.9952920079231262],"EasingStyle":"Linear","EasingDirection":"In"},"HumanoidRootPart":{"Weight":0,"CFrame":[0,0,0,1,0,0,0,1,0,0,0,1],"EasingStyle":"Linear","EasingDirection":"In"},"Left Arm":{"Weight":1,"CFrame":[-0.5264933109283447,-0.3355633616447449,0.04438972473144531,-0.4595995247364044,0.3631818890571594,-0.8104734420776367,-0.47143125534057619,0.6736239790916443,0.5691952109336853,0.7526757717132568,0.643684446811676,-0.13838201761245728],"EasingStyle":"Linear","EasingDirection":"In"}}},{"Time":0.20333333313465119,"poses":{"Left Leg":{"Weight":1,"CFrame":[0.1725875437259674,0.027083933353424073,-0.0703955888748169,0.8128713369369507,0.014299396425485611,0.5822678208351135,0.055458128452301028,0.9932563900947571,-0.10181447118520737,-0.579797089099884,0.11505354940891266,0.806596577167511],"EasingStyle":"Linear","EasingDirection":"In"},"Right Leg":{"Weight":1,"CFrame":[0.5276949405670166,0.2500544786453247,0.01933157444000244,0.9703581929206848,-0.18597501516342164,0.15433163940906526,0.17046871781349183,0.9793853163719177,0.10837361216545105,-0.1713048368692398,-0.07885254174470902,0.982057511806488],"EasingStyle":"Linear","EasingDirection":"In"},"Head":{"Weight":1,"CFrame":[1.6205012798309327e-7,2.2584572434425355e-8,2.384185791015625e-7,0.9390936493873596,-0.29490435123443606,0.1764499545097351,0.27588963508605959,0.9530819058418274,0.12457840144634247,-0.20490995049476624,-0.06831006705760956,0.9763941764831543],"EasingStyle":"Linear","EasingDirection":"In"},"Right Arm":{"Weight":1,"CFrame":[-0.15730661153793336,-0.1387048065662384,-0.22666096687316895,0.7409753203392029,0.243947833776474,-0.6256557106971741,-0.11320066452026367,0.9637258648872376,0.24169832468032838,0.6619223356246948,-0.10826784372329712,0.7417121529579163],"EasingStyle":"Linear","EasingDirection":"In"},"Torso":{"Weight":1,"CFrame":[0.08117837458848953,-4.787378671267106e-8,-0.11003255844116211,0.9505838751792908,0.296774297952652,-0.0911884754896164,-0.30572643876075747,0.9459155797958374,-0.10851326584815979,0.054052647203207019,0.13102968037128449,0.9899038076400757],"EasingStyle":"Linear","EasingDirection":"In"},"HumanoidRootPart":{"Weight":0,"CFrame":[0,0,0,1,0,0,0,1,0,0,0,1],"EasingStyle":"Linear","EasingDirection":"In"},"Left Arm":{"Weight":1,"CFrame":[-0.5621916651725769,-0.37742456793785097,-0.01640009880065918,-0.48304325342178347,0.4030996859073639,-0.7772900462150574,-0.5051615238189697,0.5967883467674255,0.6234224438667297,0.7151790261268616,0.6937969923019409,-0.08464419096708298],"EasingStyle":"Linear","EasingDirection":"In"}}},{"Time":0.22041666507720948,"poses":{"Left Leg":{"Weight":1,"CFrame":[0.1127423495054245,0.013404011726379395,-0.1137380599975586,0.8086963295936585,0.024514172226190568,0.5877153277397156,0.059920910745859149,0.9905006289482117,-0.12376590818166733,-0.5851664543151856,0.1353054791688919,0.7995452880859375],"EasingStyle":"Linear","EasingDirection":"In"},"Right Leg":{"Weight":1,"CFrame":[0.5775010585784912,0.30614322423934939,-0.020220518112182618,0.9397842884063721,-0.2292473167181015,0.2534780502319336,0.18621808290481568,0.9653762578964233,0.18267874419689179,-0.28658029437065127,-0.12447643280029297,0.9499354362487793],"EasingStyle":"Linear","EasingDirection":"In"},"Head":{"Weight":1,"CFrame":[1.043081283569336e-7,-3.632158041000366e-8,1.1920928955078126e-7,0.9316621422767639,-0.3087499439716339,0.1915178894996643,0.2783331871032715,0.9453225135803223,0.16998811066150666,-0.2335299700498581,-0.10506568849086762,0.9666565656661987],"EasingStyle":"Linear","EasingDirection":"In"},"Right Arm":{"Weight":1,"CFrame":[-0.15985596179962159,-0.14265301823616029,-0.2361975908279419,0.7429636120796204,0.2102966010570526,-0.6354371309280396,-0.038981255143880847,0.9613439440727234,0.272577166557312,0.6681957244873047,-0.1777447909116745,0.7224411964416504],"EasingStyle":"Linear","EasingDirection":"In"},"Torso":{"Weight":1,"CFrame":[0.08999549597501755,-4.212781945511779e-8,-0.11321592330932617,0.944972574710846,0.30280402302742007,-0.1238408014178276,-0.317777156829834,0.9395533800125122,-0.12750352919101716,0.0777464509010315,0.1598411351442337,0.9840763807296753],"EasingStyle":"Linear","EasingDirection":"In"},"HumanoidRootPart":{"Weight":0,"CFrame":[0,0,0,1,0,0,0,1,0,0,0,1],"EasingStyle":"Linear","EasingDirection":"In"},"Left Arm":{"Weight":1,"CFrame":[-0.5900355577468872,-0.4129956364631653,-0.07849270105361939,-0.49557194113731387,0.433390349149704,-0.7527160048484802,-0.5281676650047302,0.5376133918762207,0.6572751998901367,0.6895269155502319,0.7232874035835266,-0.03752321004867554],"EasingStyle":"Linear","EasingDirection":"In"}}},{"Time":0.2370833307504654,"poses":{"Left Leg":{"Weight":1,"CFrame":[0.05112631618976593,0.011085093021392823,-0.15508055686950684,0.8036375641822815,0.022866513580083848,0.594679594039917,0.07213062793016434,0.988152027130127,-0.13547208905220033,-0.5907316207885742,0.15176509320735932,0.7924667596817017],"EasingStyle":"Linear","EasingDirection":"In"},"Right Leg":{"Weight":1,"CFrame":[0.6114740967750549,0.35222917795181277,-0.063376784324646,0.9062813520431519,-0.264705628156662,0.3295225501060486,0.1866542100906372,0.950116753578186,0.2498766928911209,-0.3792286217212677,-0.16495181620121003,0.9104815125465393],"EasingStyle":"Linear","EasingDirection":"In"},"Head":{"Weight":1,"CFrame":[1.4156103134155274e-7,3.073364496231079e-8,3.5762786865234377e-7,0.9245898127555847,-0.3240240216255188,0.20035497844219209,0.28345373272895815,0.9364945292472839,0.20647498965263368,-0.25453418493270876,-0.13411329686641694,0.9577191472053528],"EasingStyle":"Linear","EasingDirection":"In"},"Right Arm":{"Weight":1,"CFrame":[-0.16365684568881989,-0.14601266384124757,-0.24974435567855836,0.7390130758285523,0.17885170876979829,-0.6495165228843689,0.035760778933763507,0.952342689037323,0.30292657017707827,0.6727412939071655,-0.24709396064281465,0.6973978877067566],"EasingStyle":"Linear","EasingDirection":"In"},"Torso":{"Weight":1,"CFrame":[0.1024610847234726,-3.400421277888199e-8,-0.11846780776977539,0.9387655854225159,0.31000038981437685,-0.15039588510990144,-0.33063775300979617,0.9333049058914185,-0.14007359743118287,0.09694233536720276,0.1812228262424469,0.9786523580551148],"EasingStyle":"Linear","EasingDirection":"In"},"HumanoidRootPart":{"Weight":0,"CFrame":[0,0,0,1,0,0,0,1,0,0,0,1],"EasingStyle":"Linear","EasingDirection":"In"},"Left Arm":{"Weight":1,"CFrame":[-0.610633134841919,-0.44168686866760256,-0.13637828826904298,-0.4987386465072632,0.45866215229034426,-0.7354512810707092,-0.5454578399658203,0.4933372735977173,0.6775650382041931,0.6735989451408386,0.7390854954719544,0.004134681541472673],"EasingStyle":"Linear","EasingDirection":"In"}}},{"Time":0.2541666626930237,"poses":{"Left Leg":{"Weight":1,"CFrame":[0.02405131608247757,0.0051462650299072269,-0.17621076107025147,0.7986612319946289,0.029480138793587686,0.6010584235191345,0.08103536814451218,0.9844337105751038,-0.15595996379852296,-0.5962998867034912,0.17326617240905763,0.7838400602340698],"EasingStyle":"Linear","EasingDirection":"In"},"Right Leg":{"Weight":1,"CFrame":[0.6226045489311218,0.3864349126815796,-0.09489315748214722,0.8863191604614258,-0.2916218042373657,0.35971537232398989,0.18659217655658723,0.9358507394790649,0.2989426553249359,-0.42381802201271059,-0.19783848524093629,0.8838767409324646],"EasingStyle":"Linear","EasingDirection":"In"},"Head":{"Weight":1,"CFrame":[1.825392246246338e-7,5.774199962615967e-8,-5.960464477539063e-8,0.9183736443519592,-0.3393162786960602,0.2036033570766449,0.2905368506908417,0.9274988174438477,0.2352323830127716,-0.2686600089073181,-0.15687690675258637,0.9503743648529053],"EasingStyle":"Linear","EasingDirection":"In"},"Right Arm":{"Weight":1,"CFrame":[-0.16834257543087007,-0.14877790212631226,-0.26538020372390749,0.7306265830993652,0.15140186250209809,-0.6657793521881104,0.10645619034767151,0.9379191994667053,0.33011311292648318,0.6744270324707031,-0.3120657801628113,0.6691511273384094],"EasingStyle":"Linear","EasingDirection":"In"},"Torso":{"Weight":1,"CFrame":[0.11675091832876206,-2.4691772182450223e-8,-0.12574338912963868,0.932558000087738,0.3178006410598755,-0.17128442227840424,-0.343207448720932,0.9276021718978882,-0.14752225577831269,0.11200112849473953,0.19635914266109467,0.9741143584251404],"EasingStyle":"Linear","EasingDirection":"In"},"HumanoidRootPart":{"Weight":0,"CFrame":[0,0,0,1,0,0,0,1,0,0,0,1],"EasingStyle":"Linear","EasingDirection":"In"},"Left Arm":{"Weight":1,"CFrame":[-0.624592661857605,-0.46291035413742068,-0.1845470666885376,-0.4939674139022827,0.481759250164032,-0.7238122820854187,-0.5600836277008057,0.4604418873786926,0.6886940598487854,0.6650582551956177,0.7455878853797913,0.04238215088844299],"EasingStyle":"Linear","EasingDirection":"In"}}},{"Time":0.27125000953674319,"poses":{"Left Leg":{"Weight":1,"CFrame":[0.02607548236846924,-0.006868600845336914,-0.17539924383163453,0.794399082660675,0.04338306933641434,0.6058448553085327,0.08766822516918183,0.9788122177124023,-0.18504315614700318,-0.6010361313819885,0.20011143386363984,0.7737641930580139],"EasingStyle":"Linear","EasingDirection":"In"},"Right Leg":{"Weight":1,"CFrame":[0.6265929341316223,0.4169241189956665,-0.10811173915863037,0.8863794207572937,-0.3003600835800171,0.35230010747909548,0.18493212759494782,0.9273387789726257,0.32533499598503115,-0.4244191646575928,-0.2232186496257782,0.8775202631950378],"EasingStyle":"Linear","EasingDirection":"In"},"Head":{"Weight":1,"CFrame":[1.6391277313232423e-7,1.1175870895385743e-8,-4.76837158203125e-7,0.9134193658828735,-0.35339561104774477,0.20193228125572205,0.29865092039108279,0.9189973473548889,0.2573937773704529,-0.27653706073760989,-0.17480117082595826,0.9449718594551086],"EasingStyle":"Linear","EasingDirection":"In"},"Right Arm":{"Weight":1,"CFrame":[-0.17354656755924226,-0.15094074606895448,-0.2811840772628784,0.7198477983474731,0.1292373538017273,-0.6819947957992554,0.16853705048561097,0.9205718636512756,0.3523389995098114,0.6733605861663818,-0.36857184767723086,0.6408903002738953],"EasingStyle":"Linear","EasingDirection":"In"},"Torso":{"Weight":1,"CFrame":[0.13104070723056794,-1.537936356044156e-8,-0.13499784469604493,0.9268953204154968,0.32547739148139956,-0.18689431250095368,-0.3545007109642029,0.9227595329284668,-0.15114253759384156,0.12326502799987793,0.20634746551513673,0.9706835150718689],"EasingStyle":"Linear","EasingDirection":"In"},"HumanoidRootPart":{"Weight":0,"CFrame":[0,0,0,1,0,0,0,1,0,0,0,1],"EasingStyle":"Linear","EasingDirection":"In"},"Left Arm":{"Weight":1,"CFrame":[-0.6325224041938782,-0.47607678174972536,-0.2174891233444214,-0.4825606942176819,0.5045202970504761,-0.7159570455551148,-0.5740326642990112,0.4352191984653473,0.6935926079750061,0.6615298390388489,0.7456832528114319,0.07959132641553879],"EasingStyle":"Linear","EasingDirection":"In"}}},{"Time":0.28833332657814028,"poses":{"Left Leg":{"Weight":1,"CFrame":[0.027114205062389375,-0.01686227321624756,-0.1621532440185547,0.7912189960479736,0.05094035342335701,0.6094075441360474,0.09907422214746475,0.9726818799972534,-0.20993860065937043,-0.603454053401947,0.22648397088050843,0.7645575404167175],"EasingStyle":"Linear","EasingDirection":"In"},"Right Leg":{"Weight":1,"CFrame":[0.6433652639389038,0.47372353076934817,-0.11802482604980469,0.9005075097084045,-0.2819763123989105,0.33102208375930788,0.16737627983093263,0.9273646473884583,0.33463409543037417,-0.40133702754974368,-0.24593521654605866,0.8822949528694153],"EasingStyle":"Linear","EasingDirection":"In"},"Head":{"Weight":1,"CFrame":[1.4901161193847657e-7,-2.9802322387695315e-8,-2.384185791015625e-7,0.9100767970085144,-0.36516666412353518,0.19599361717700959,0.30671045184135439,0.9114903807640076,0.27406930923461916,-0.278727263212204,-0.18931084871292115,0.9415267109870911],"EasingStyle":"Linear","EasingDirection":"In"},"Right Arm":{"Weight":1,"CFrame":[-0.1789025366306305,-0.15249431133270265,-0.2952349781990051,0.7090929746627808,0.11308903247117996,-0.6959869861602783,0.21770495176315309,0.9037167429924011,0.3686469793319702,0.6706650853157044,-0.41292479634284975,0.6161991953849793],"EasingStyle":"Linear","EasingDirection":"In"},"Torso":{"Weight":1,"CFrame":[0.14350633323192597,-7.255728462496336e-9,-0.14618730545043946,0.9222884774208069,0.3321765959262848,-0.19759222865104676,-0.36361274123191836,0.9190312623977661,-0.15220819413661958,0.13103343546390534,0.21222689747810365,0.9683955907821655],"EasingStyle":"Linear","EasingDirection":"In"},"HumanoidRootPart":{"Weight":0,"CFrame":[0,0,0,1,0,0,0,1,0,0,0,1],"EasingStyle":"Linear","EasingDirection":"In"},"Left Arm":{"Weight":1,"CFrame":[-0.6350305080413818,-0.4805957078933716,-0.22969406843185426,-0.46584591269493105,0.5282425284385681,-0.7098925709724426,-0.5887680649757385,0.4138544797897339,0.6943173408508301,0.6605601906776428,0.7414069771766663,0.11821983009576798],"EasingStyle":"Linear","EasingDirection":"In"}}},{"Time":0.3050000071525574,"poses":{"Left Leg":{"Weight":1,"CFrame":[0.023476913571357728,-0.02515721321105957,-0.13437891006469727,0.78977370262146,0.05177878960967064,0.6112089157104492,0.11522093415260315,0.9661712050437927,-0.2307322472333908,-0.6024795174598694,0.25265029072761538,0.75709068775177],"EasingStyle":"Linear","EasingDirection":"In"},"Right Leg":{"Weight":1,"CFrame":[0.6614140272140503,0.5333452224731445,-0.1072128415107727,0.9217706918716431,-0.24776451289653779,0.29824739694595339,0.14546364545822144,0.9339963793754578,0.3263297975063324,-0.3594149351119995,-0.25741705298423769,0.8969712257385254],"EasingStyle":"Linear","EasingDirection":"In"},"Head":{"Weight":1,"CFrame":[1.30385160446167e-7,-2.2351741790771486e-8,-1.1920928955078126e-7,0.9086563587188721,-0.3736298382282257,0.1863984614610672,0.31352728605270388,0.9053633809089661,0.28638756275177,-0.27576127648353579,-0.2017868459224701,0.9398072957992554],"EasingStyle":"Linear","EasingDirection":"In"},"Right Arm":{"Weight":1,"CFrame":[-0.18404343724250794,-0.15343135595321656,-0.3056122660636902,0.7009063959121704,0.10325628519058228,-0.7057395577430725,0.25000178813934328,0.8911274075508118,0.3786700367927551,0.6680039763450623,-0.441848486661911,0.5987826585769653],"EasingStyle":"Linear","EasingDirection":"In"},"Torso":{"Weight":1,"CFrame":[0.15232345461845399,-1.509775415797776e-9,-0.15938377380371095,0.9192146062850952,0.33694854378700259,-0.2037406712770462,-0.36968889832496645,0.916644275188446,-0.15196524560451508,0.1355532556772232,0.21500931680202485,0.967158854007721],"EasingStyle":"Linear","EasingDirection":"In"},"HumanoidRootPart":{"Weight":0,"CFrame":[0,0,0,1,0,0,0,1,0,0,0,1],"EasingStyle":"Linear","EasingDirection":"In"},"Left Arm":{"Weight":1,"CFrame":[-0.6211477518081665,-0.47411641478538515,-0.22165215015411378,-0.42210036516189577,0.5507917404174805,-0.7200414538383484,-0.6021263003349304,0.42342397570610049,0.6768723726272583,0.6776984333992004,0.7192639708518982,0.15291884541511537],"EasingStyle":"Linear","EasingDirection":"In"}}},{"Time":0.32208332419395449,"poses":{"Left Leg":{"Weight":1,"CFrame":[0.009270653128623963,-0.03182530403137207,-0.0887380838394165,0.7906382083892822,0.04438403993844986,0.6106727719306946,0.13724954426288606,0.959141194820404,-0.24740789830684663,-0.5967024564743042,0.2794247269630432,0.7522420883178711],"EasingStyle":"Linear","EasingDirection":"In"},"Right Leg":{"Weight":1,"CFrame":[0.6776805520057678,0.5836457014083862,-0.07055085897445679,0.9451589584350586,-0.2035815715789795,0.2553998529911041,0.12210462242364884,0.9455171227455139,0.30180755257606509,-0.3029274344444275,-0.25407060980796816,0.9185222387313843],"EasingStyle":"Linear","EasingDirection":"In"},"Head":{"Weight":1,"CFrame":[1.9744038581848145e-7,2.235174179077148