{"Sequence":[{"Time":0,"poses":{"Left Leg":{"Weight":1,"CFrame":[-0.20259083807468415,0.05389183759689331,0.04162716865539551,0.9851911664009094,-0.05269383266568184,0.1631617546081543,0.05761949345469475,0.9980103373527527,-0.02560197003185749,-0.1614881008863449,0.0346241258084774,0.98626708984375],"EasingStyle":"Linear","EasingDirection":"In"},"Right Arm":{"Weight":1,"CFrame":[0.009961511939764023,-0.13931864500045777,-0.09213811159133911,0.9171286821365356,0.032826103270053866,-0.39723721146583559,-0.021119602024555208,0.9992051720619202,0.0338098406791687,0.39803123474121096,-0.022618524730205537,0.9170929789543152],"EasingStyle":"Linear","EasingDirection":"In"},"Head":{"Weight":1,"CFrame":[8.275236496047e-8,3.3527612686157229e-8,-5.960464477539063e-8,1,-4.28806252728009e-8,8.493860548242083e-8,6.176655631406902e-8,0.9715843796730042,-0.23669353127479554,-7.237545673888235e-8,0.23669353127479554,0.9715843796730042],"EasingStyle":"Linear","EasingDirection":"In"},"Right Leg":{"Weight":1,"CFrame":[0.1854013055562973,0.08523070812225342,0.04003465175628662,0.9825356006622315,0.04773295298218727,-0.17984837293624879,-0.04204700142145157,0.9984919428825378,0.0352981835603714,0.1812620908021927,-0.027119681239128114,0.9830608367919922],"EasingStyle":"Linear","EasingDirection":"In"},"Torso":{"Weight":1,"CFrame":[0.055668458342552188,0.08371111750602722,-0.06475973129272461,1,-1.8219198413696837e-19,-8.742277657347586e-8,-3.540747917085696e-9,0.999179482460022,-0.0405014343559742,8.735104728430088e-8,0.0405014343559742,0.999179482460022],"EasingStyle":"Linear","EasingDirection":"In"},"HumanoidRootPart":{"Weight":1,"CFrame":[0,0,0,1,0,0,0,1,0,0,0,1],"EasingStyle":"Linear","EasingDirection":"In"},"Left Arm":{"Weight":1,"CFrame":[-0.008658844977617264,-0.13012558221817017,-0.03377574682235718,0.9170925617218018,-0.0014174618991091848,0.39867183566093447,-0.0006904178881086409,0.9999865889549255,0.005143668502569199,-0.39867374300956728,-0.004992572590708733,0.9170793294906616],"EasingStyle":"Linear","EasingDirection":"In"}}},{"Time":0.03333333507180214,"poses":{"Left Leg":{"Weight":1,"CFrame":[-0.2063904106616974,0.046528756618499759,0.03269696235656738,0.9905984401702881,-0.04202496260404587,0.1301874816417694,0.04613148421049118,0.9985234141349793,-0.02868873067200184,-0.12878963351249696,0.03442475199699402,0.9910743236541748],"EasingStyle":"Linear","EasingDirection":"In"},"Right Arm":{"Weight":1,"CFrame":[0.007668984122574329,-0.1098092794418335,-0.09835660457611084,0.9173577427864075,0.032950568944215778,-0.3966977894306183,-0.020613685250282289,0.9991632699966431,0.03532354161143303,0.39752981066703799,-0.024226970970630647,0.9172694683074951],"EasingStyle":"Linear","EasingDirection":"In"},"Head":{"Weight":1,"CFrame":[9.224459063261748e-8,1.4115357771515847e-8,2.384185791015625e-7,0.999905526638031,-0.013603851199150086,-0.0019672983326017858,0.012774772010743618,0.9725604057312012,-0.23229965567588807,0.005073484964668751,0.23225252330303193,0.9726423621177673],"EasingStyle":"Linear","EasingDirection":"In"},"Right Leg":{"Weight":1,"CFrame":[0.1905437707901001,0.09139806032180786,0.029083728790283204,0.9878061413764954,0.051844846457242969,-0.14680291712284089,-0.04164225608110428,0.9965537786483765,0.07174064964056015,0.1500164121389389,-0.0647527277469635,0.9865608215332031],"EasingStyle":"Linear","EasingDirection":"In"},"Torso":{"Weight":1,"CFrame":[0.0752641037106514,0.08073152601718903,-0.05596613883972168,0.9999883770942688,0.003740626387298107,0.0030352738685905935,-0.003602745709940791,0.9990151524543762,-0.04422594606876373,-0.0031977167818695308,0.04421450197696686,0.9990169405937195],"EasingStyle":"Linear","EasingDirection":"In"},"HumanoidRootPart":{"Weight":1,"CFrame":[0,0,0,1,0,0,0,1,0,0,0,1],"EasingStyle":"Linear","EasingDirection":"In"},"Left Arm":{"Weight":1,"CFrame":[-0.010120589286088944,-0.0964837372303009,-0.043276071548461917,0.9374369382858276,-0.00433431938290596,0.3481283187866211,-0.00036181355244480073,0.9999098777770996,0.013423582538962365,-0.3481551706790924,-0.01270978432148695,0.9373508095741272],"EasingStyle":"Linear","EasingDirection":"In"}}},{"Time":0.06666667014360428,"poses":{"Left Leg":{"Weight":1,"CFrame":[-0.20114575326442719,0.02664780616760254,0.014825940132141114,0.9978029131889343,-0.017761169001460077,0.06382747739553452,0.019520532339811326,0.9994435906410217,-0.027047695592045785,-0.0633116066455841,0.028234193101525308,0.9975943565368652],"EasingStyle":"Linear","EasingDirection":"In"},"Right Arm":{"Weight":1,"CFrame":[0.006491729989647865,-0.0840241014957428,-0.10074084997177124,0.9178683757781982,0.03226042538881302,-0.3955715298652649,-0.019599182531237603,0.9991593360900879,0.03600800782442093,0.3964005410671234,-0.025297729298472406,0.9177290797233582],"EasingStyle":"Linear","EasingDirection":"In"},"Head":{"Weight":1,"CFrame":[8.495408110320568e-8,3.5157427191734317e-8,0,0.9989041686058044,-0.04623976722359657,-0.007236802950501442,0.04348186030983925,0.9740727543830872,-0.22201693058013917,0.01731518842279911,0.22145897150039674,0.9750159978866577],"EasingStyle":"Linear","EasingDirection":"In"},"Right Leg":{"Weight":1,"CFrame":[0.22202962636947633,0.10503065586090088,0.000822901725769043,0.995727002620697,0.07702548801898956,-0.050940509885549548,-0.0683177262544632,0.9855722188949585,0.15485528111457826,0.062133416533470157,-0.1507134586572647,0.9866230487823486],"EasingStyle":"Linear","EasingDirection":"In"},"Torso":{"Weight":1,"CFrame":[0.09043098986148834,0.07805122435092926,-0.03255820274353027,0.9999011158943176,0.013456637039780617,0.004085079301148653,-0.01324717327952385,0.9987797737121582,-0.04757633060216904,-0.0047203111462295059,0.047517500817775729,0.9988593459129334],"EasingStyle":"Linear","EasingDirection":"In"},"HumanoidRootPart":{"Weight":1,"CFrame":[0,0,0,1,0,0,0,1,0,0,0,1],"EasingStyle":"Linear","EasingDirection":"In"},"Left Arm":{"Weight":1,"CFrame":[-0.010659114457666874,-0.05737742781639099,-0.05404007434844971,0.9546322822570801,-0.009715314954519272,0.29762884974479678,0.0003150142729282379,0.999500036239624,0.031615812331438068,-0.29778721928596499,-0.030087796971201898,0.9541580677032471],"EasingStyle":"Linear","EasingDirection":"In"}}},{"Time":0.10000000149011612,"poses":{"Left Leg":{"Weight":1,"CFrame":[-0.2947140038013458,0.043472886085510257,0.002425551414489746,0.9983730912208557,-0.05673156678676605,0.005716003943234682,0.05679856613278389,0.9983094334602356,-0.0123380022123456,-0.005006423220038414,0.01264258660376072,0.9999076128005981],"EasingStyle":"Linear","EasingDirection":"In"},"Right Arm":{"Weight":1,"CFrame":[0.006058039143681526,-0.06226000189781189,-0.09697800874710083,0.918407142162323,0.03103039413690567,-0.3944178521633148,-0.016953827813267709,0.9990904927253723,0.03912488371133804,0.3952731788158417,-0.029245693236589433,0.9180979132652283],"EasingStyle":"Linear","EasingDirection":"In"},"Head":{"Weight":1,"CFrame":[8.42846930027008e-8,2.3515895009040834e-8,0,0.9962233304977417,-0.08557047694921494,-0.01472676731646061,0.08058121800422669,0.9743216633796692,-0.21024778485298158,0.032339613884687427,0.20826703310012818,0.977537214756012],"EasingStyle":"Linear","EasingDirection":"In"},"Right Leg":{"Weight":1,"CFrame":[0.3122018277645111,0.1273137331008911,-0.04768514633178711,0.9862132668495178,0.13880664110183717,0.09009010344743729,-0.15761034190654756,0.9537990689277649,0.2557854950428009,-0.050423067063093188,-0.2664581835269928,0.9625266790390015],"EasingStyle":"Linear","EasingDirection":"In"},"Torso":{"Weight":1,"CFrame":[0.10332828760147095,0.07568690180778504,-0.01581406593322754,0.9996142387390137,0.027196839451789857,0.005635806359350681,-0.026877833530306817,0.998360812664032,-0.050531722605228427,-0.007000871002674103,0.05036075785756111,0.998706579208374],"EasingStyle":"Linear","EasingDirection":"In"},"HumanoidRootPart":{"Weight":1,"CFrame":[0,0,0,1,0,0,0,1,0,0,0,1],"EasingStyle":"Linear","EasingDirection":"In"},"Left Arm":{"Weight":1,"CFrame":[-0.010736053809523583,-0.01797124743461609,-0.06285476684570313,0.961493730545044,-0.0135095976293087,0.2744947373867035,-0.0002126727777067572,0.9987542629241943,0.04989999532699585,-0.27482691407203677,-0.048037026077508929,0.9602930545806885],"EasingStyle":"Linear","EasingDirection":"In"}}},{"Time":0.13333334028720857,"poses":{"Left Leg":{"Weight":1,"CFrame":[-0.37255704402923586,0.07494282722473145,-0.010286211967468262,0.9949885010719299,-0.0969444066286087,-0.024491282179951669,0.09739416092634201,0.9950851202011108,0.01789049245417118,0.02263648808002472,-0.020186113193631173,0.9995399713516235],"EasingStyle":"Linear","EasingDirection":"In"},"Right Arm":{"Weight":1,"CFrame":[0.0059960708022117619,-0.044814229011535647,-0.08705806732177735,0.9187232255935669,0.029913488775491716,-0.39376741647720339,-0.011174826882779599,0.9986969232559204,0.049795448780059817,0.39474382996559145,-0.04134799912571907,0.9178603887557983],"EasingStyle":"Linear","EasingDirection":"In"},"Head":{"Weight":1,"CFrame":[1.0861549526453018e-7,1.6298145055770875e-8,1.1920928955078126e-7,0.9925954937934876,-0.11930117011070252,-0.022835152223706247,0.11232476681470871,0.9730751514434815,-0.20126591622829438,0.04623157158493996,0.19721069931983949,0.9792704582214356],"EasingStyle":"Linear","EasingDirection":"In"},"Right Leg":{"Weight":1,"CFrame":[0.4500717520713806,0.13445013761520387,-0.12964236736297608,0.9413061141967773,0.23121610283851624,0.24593095481395722,-0.3083716928958893,0.8853610157966614,0.3479121923446655,-0.137294739484787,-0.4033299684524536,0.9046961069107056],"EasingStyle":"Linear","EasingDirection":"In"},"Torso":{"Weight":1,"CFrame":[0.11564284563064575,0.073622927069664,-0.00815129280090332,0.9990289211273193,0.04300409555435181,0.009583708830177784,-0.04243680462241173,0.9976864457130432,-0.05311169475317001,-0.01184555608779192,0.052653416991233829,0.9985426068305969],"EasingStyle":"Linear","EasingDirection":"In"},"HumanoidRootPart":{"Weight":1,"CFrame":[0,0,0,1,0,0,0,1,0,0,0,1],"EasingStyle":"Linear","EasingDirection":"In"},"Left Arm":{"Weight":1,"CFrame":[-0.010270737111568451,0.016570210456848146,-0.06650698184967041,0.9575868248939514,-0.014668096788227559,0.2877713739871979,-0.003065992845222354,0.9981282949447632,0.06107836961746216,-0.28812864422798159,-0.05937034636735916,0.95574951171875],"EasingStyle":"Linear","EasingDirection":"In"}}},{"Time":0.1666666716337204,"poses":{"Left Leg":{"Weight":1,"CFrame":[-0.30442577600479128,0.06908279657363892,-0.014323890209197998,0.9976971745491028,-0.05600116029381752,-0.03826737403869629,0.05785873159766197,0.9971070885658264,0.0492943599820137,0.03539609536528587,-0.05139494687318802,0.9980509877204895],"EasingStyle":"Linear","EasingDirection":"In"},"Right Arm":{"Weight":1,"CFrame":[0.0060567706823349,-0.031984418630599979,-0.07303321361541748,0.918598473072052,0.028805941343307496,-0.39414092898368838,-0.0019047984387725592,0.9976510405540466,0.06847412139177323,0.39518749713897707,-0.06214951351284981,0.9164956212043762],"EasingStyle":"Linear","EasingDirection":"In"},"Head":{"Weight":1,"CFrame":[9.115319699048996e-8,1.1175870895385743e-8,-5.960464477539063e-8,0.9896985292434692,-0.14007163047790528,-0.029610654339194299,0.1315595805644989,0.9713717103004456,-0.19781066477298737,0.056470613926649097,0.1918773651123047,0.9797929525375366],"EasingStyle":"Linear","EasingDirection":"In"},"Right Leg":{"Weight":1,"CFrame":[0.6464893817901611,0.10380774736404419,-0.26111698150634768,0.8481060862541199,0.3634188175201416,0.38554245233535769,-0.513332724571228,0.7437765002250671,0.4281192719936371,-0.13117073476314546,-0.5610021352767944,0.8173559904098511],"EasingStyle":"Linear","EasingDirection":"In"},"Torso":{"Weight":1,"CFrame":[0.1271611452102661,0.07185535132884979,-0.006074666976928711,0.9981467127799988,0.05885990709066391,0.015449438244104386,-0.057923462241888049,0.9967870712280273,-0.05532116815447807,-0.01865599863231182,0.05432375520467758,0.9983490705490112],"EasingStyle":"Linear","EasingDirection":"In"},"HumanoidRootPart":{"Weight":1,"CFrame":[0,0,0,1,0,0,0,1,0,0,0,1],"EasingStyle":"Linear","EasingDirection":"In"},"Left Arm":{"Weight":1,"CFrame":[-0.00916110910475254,0.041082561016082767,-0.06469815969467163,0.9475473761558533,-0.014746714383363724,0.3192749321460724,-0.007170586846768856,0.9977027773857117,0.06736305356025696,-0.31953489780426028,-0.0661192238330841,0.9452648758888245],"EasingStyle":"Linear","EasingDirection":"In"}}},{"Time":0.20000000298023225,"poses":{"Left Leg":{"Weight":1,"CFrame":[-0.20499172806739808,0.05821031332015991,-0.010576963424682618,0.9992294907569885,-0.00028854995616711676,-0.039247818291187289,0.002908917609602213,0.9977672696113586,0.0667249783873558,0.03914090245962143,-0.0667877122759819,0.996999204158783],"EasingStyle":"Linear","EasingDirection":"In"},"Right Arm":{"Weight":1,"CFrame":[0.006231948733329773,-0.024068504571914674,-0.05695599317550659,0.9180921316146851,0.02751602604985237,-0.39541101455688479,0.009580832906067372,0.9957555532455444,0.09153818339109421,0.39625146985054018,-0.08782894164323807,0.9139316082000732],"EasingStyle":"Linear","EasingDirection":"In"},"Head":{"Weight":1,"CFrame":[8.707866072654724e-8,2.1420419216156007e-8,2.384185791015625e-7,0.9879583120346069,-0.15083464980125428,-0.034457843750715259,0.14123184978961945,0.9701246023178101,-0.19726115465164185,0.06318221241235733,0.19001926481723786,0.9797452688217163],"EasingStyle":"Linear","EasingDirection":"In"},"Right Leg":{"Weight":1,"CFrame":[0.7900988459587097,0.031162559986114503,-0.381477952003479,0.7364491820335388,0.46905088424682619,0.48747718334198,-0.6758001446723938,0.5427029728889465,0.4987662136554718,-0.030608488246798517,-0.6967530250549316,0.716657817363739],"EasingStyle":"Linear","EasingDirection":"In"},"Torso":{"Weight":1,"CFrame":[0.1372537761926651,0.0704222172498703,-0.007763862609863281,0.9971038103103638,0.07273004949092865,0.02223382331430912,-0.0713624507188797,0.9958140254020691,-0.05711258575320244,-0.02629455178976059,0.05536051094532013,0.9981202483177185],"EasingStyle":"Linear","EasingDirection":"In"},"HumanoidRootPart":{"Weight":1,"CFrame":[0,0,0,1,0,0,0,1,0,0,0,1],"EasingStyle":"Linear","EasingDirection":"In"},"Left Arm":{"Weight":1,"CFrame":[-0.0078367218375206,0.050401508808135989,-0.06013518571853638,0.9343383312225342,-0.014846120029687882,0.3560778498649597,-0.012052415870130062,0.9972442388534546,0.07320381700992584,-0.35618340969085696,-0.07268884032964707,0.9315845370292664],"EasingStyle":"Linear","EasingDirection":"In"}}},{"Time":0.23333333432674409,"poses":{"Left Leg":{"Weight":1,"CFrame":[-0.21999630331993104,0.07181960344314575,-0.011017680168151856,0.9993264675140381,-0.013442371040582657,-0.034147776663303378,0.01591809280216694,0.9971832036972046,0.07329580932855606,0.033066291362047198,-0.07379000633955002,0.9967254400253296],"EasingStyle":"Linear","EasingDirection":"In"},"Right Arm":{"Weight":1,"CFrame":[0.006511196494102478,-0.02136397361755371,-0.04087871313095093,0.9173691868782044,0.026027079671621324,-0.397185742855072,0.02179296687245369,0.9930789470672607,0.11540959030389786,0.3974405825138092,-0.1145290955901146,0.910452663898468],"EasingStyle":"Linear","EasingDirection":"In"},"Head":{"Weight":1,"CFrame":[8.021015673875809e-8,1.4901161193847657e-8,0,0.9872203469276428,-0.15487807989120484,-0.03753528371453285,0.1447228193283081,0.9699222445487976,-0.19571951031684876,0.06671895086765289,0.1877860277891159,0.9799414277076721],"EasingStyle":"Linear","EasingDirection":"In"},"Right Leg":{"Weight":1,"CFrame":[0.8500618934631348,-0.03785109519958496,-0.43323642015457156,0.6549422144889832,0.5240424871444702,0.5444539189338684,-0.7500705122947693,0.3631974756717682,0.5527040958404541,0.091896191239357,-0.7703680992126465,0.6309422850608826],"EasingStyle":"Linear","EasingDirection":"In"},"Torso":{"Weight":1,"CFrame":[0.14530667662620545,0.06940716505050659,-0.015142440795898438,0.9961632490158081,0.08258631080389023,0.028956860303878785,-0.08079445362091065,0.9950195550918579,-0.05838138982653618,-0.03363414853811264,0.05581783503293991,0.9978743195533752],"EasingStyle":"Linear","EasingDirection":"In"},"HumanoidRootPart":{"Weight":1,"CFrame":[0,0,0,1,0,0,0,1,0,0,0,1],"EasingStyle":"Linear","EasingDirection":"In"},"Left Arm":{"Weight":1,"CFrame":[-0.006727103143930435,0.0403100848197937,-0.05411267280578613,0.9216470122337341,-0.015814106911420823,0.3877072036266327,-0.017000863328576089,0.9965640902519226,0.08106274902820587,-0.3876569867134094,-0.08130267262458801,0.9182113409042358],"EasingStyle":"Linear","EasingDirection":"In"}}},{"Time":0.2666666805744171,"poses":{"Left Leg":{"Weight":1,"CFrame":[-0.26646173000335696,0.10057437419891358,-0.013703227043151856,0.9985645413398743,-0.04377473518252373,-0.030865656211972238,0.04610833525657654,0.9957712292671204,0.07945960760116577,0.027256757020950319,-0.08076871931552887,0.996360182762146],"EasingStyle":"Linear","EasingDirection":"In"},"Right Arm":{"Weight":1,"CFrame":[0.0068841129541397099,-0.024374186992645265,-0.026853859424591066,0.9165996313095093,0.02429068088531494,-0.3990679085254669,0.0332169383764267,0.9900749325752258,0.13655856251716615,0.39842426776885989,-0.13842536509037019,0.9066954255104065],"EasingStyle":"Linear","EasingDirection":"In"},"Head":{"Weight":1,"CFrame":[1.0285293683409691e-7,4.0046870708465579e-8,-1.1920928955078126e-7,0.9870766401290894,-0.15541666746139527,-0.03905759006738663,0.1454065889120102,0.9710848331451416,-0.18934422731399537,0.06735548377037049,0.18121802806854249,0.9811336398124695],"EasingStyle":"Linear","EasingDirection":"In"},"Right Leg":{"Weight":1,"CFrame":[0.8680525422096252,-0.05626499652862549,-0.44229114055633547,0.6236992478370667,0.544416069984436,0.5609012842178345,-0.7658793926239014,0.282144695520401,0.5777742266654968,0.15629436075687409,-0.7899401783943176,0.5929305553436279],"EasingStyle":"Linear","EasingDirection":"In"},"Torso":{"Weight":1,"CFrame":[0.15065135061740876,0.06893332302570343,-0.04006195068359375,0.9956600069999695,0.08640619367361069,0.03457053005695343,-0.08427487313747406,0.9946959614753723,-0.05897369235754013,-0.039482854306697848,0.05580432713031769,0.997660756111145],"EasingStyle":"Linear","EasingDirection":"In"},"HumanoidRootPart":{"Weight":1,"CFrame":[0,0,0,1,0,0,0,1,0,0,0,1],"EasingStyle":"Linear","EasingDirection":"In"},"Left Arm":{"Weight":1,"CFrame":[-0.006261758506298065,0.009275436401367188,-0.04792577028274536,0.910933792591095,-0.01704253815114498,0.4122006297111511,-0.019881099462509157,0.9961721301078796,0.08512285351753235,-0.4120734930038452,-0.08573642373085022,0.907107949256897],"EasingStyle":"Linear","EasingDirection":"In"}}},{"Time":0.30000001192092898,"poses":{"Left Leg":{"Weight":1,"CFrame":[-0.2904611825942993,0.126708984375,-0.007459282875061035,0.9978072047233582,-0.0661872997879982,-0.0002105721359839663,0.06598176807165146,0.9944487810134888,0.08196382969617844,-0.0052155908197164539,-0.0817980021238327,0.9966353178024292],"EasingStyle":"Linear","EasingDirection":"In"},"Right Arm":{"Weight":1,"CFrame":[0.007340386509895325,-0.03244182467460632,-0.016933917999267579,0.9159613251686096,0.022221384570002557,-0.4006509780883789,0.04232234135270119,0.9875463843345642,0.15152879059314729,0.39902862906455996,-0.1557510793209076,0.903613805770874],"EasingStyle":"Linear","EasingDirection":"In"},"Head":{"Weight":1,"CFrame":[8.527422323822975e-8,1.30385160446167e-8,-1.1920928955078126e-7,0.988310694694519,-0.14701782166957856,-0.04034591466188431,0.13789261877536775,0.9749151468276978,-0.17471744120121003,0.06502041220664978,0.16711169481277467,0.983791708946228],"EasingStyle":"Linear","EasingDirection":"In"},"Right Leg":{"Weight":1,"CFrame":[0.8899109959602356,0.012585282325744629,-0.42019110918045046,0.6624209880828857,0.5658570528030396,0.4909217655658722,-0.7279472351074219,0.33146846294403078,0.6001846194267273,0.17689363658428193,-0.7549400329589844,0.6314857602119446],"EasingStyle":"Linear","EasingDirection":"In"},"Torso":{"Weight":1,"CFrame":[0.14837250113487245,0.06893621385097504,-0.06551218032836914,0.9960171580314636,0.08093155920505524,0.03741796687245369,-0.07864631712436676,0.9951569437980652,-0.05897007882595062,-0.04200929030776024,0.055792421102523807,0.9975582361221314],"EasingStyle":"Linear","EasingDirection":"In"},"HumanoidRootPart":{"Weight":1,"CFrame":[0,0,0,1,0,0,0,1,0,0,0,1],"EasingStyle":"Linear","EasingDirection":"In"},"Left Arm":{"Weight":1,"CFrame":[-0.006265062838792801,-0.030657470226287843,-0.04263526201248169,0.9025454521179199,-0.017365124076604844,0.43024447560310366,-0.02015208639204502,0.9963882565498352,0.08248937129974365,-0.4301230311393738,-0.08312079310417175,0.8989356160163879],"EasingStyle":"Linear","EasingDirection":"In"}}},{"Time":0.3333333432674408,"poses":{"Left Leg":{"Weight":1,"CFrame":[-0.22573554515838624,0.10996347665786743,0.008885860443115235,0.9971994757652283,-0.04130461439490318,0.06234646216034889,0.03625127300620079,0.9961263537406921,0.08011399209499359,-0.06541406363248825,-0.07762957364320755,0.9948340058326721],"EasingStyle":"Linear","EasingDirection":"In"},"Right Arm":{"Weight":1,"CFrame":[0.007869500666856766,-0.04412153363227844,-0.013171136379241944,0.915640652179718,0.01970786415040493,-0.4015144407749176,0.0475764200091362,0.9864654541015625,0.15691569447517396,0.3991725742816925,-0.16278104484081269,0.9023101925849915],"EasingStyle":"Linear","EasingDirection":"In"},"Head":{"Weight":1,"CFrame":[1.1140946298837662e-7,2.9802322387695315e-8,0,0.991216242313385,-0.12563034892082215,-0.041320811957120898,0.11782712489366532,0.9807872772216797,-0.15547768771648408,0.060059625655412677,0.1492432802915573,0.9869748950004578],"EasingStyle":"Linear","EasingDirection":"In"},"Right Leg":{"Weight":1,"CFrame":[0.8841337561607361,0.15572243928909303,-0.3218994736671448,0.7556532621383667,0.5833634734153748,0.2977841794490814,-0.6216034889221191,0.49548083543777468,0.6067189574241638,0.2063913494348526,-0.6435726881027222,0.737032413482666],"EasingStyle":"Linear","EasingDirection":"In"},"Torso":{"Weight":1,"CFrame":[0.13627171516418458,0.06925468146800995,-0.04635429382324219,0.9971036911010742,0.06627439707517624,0.0373087115585804,-0.06402459740638733,0.9962279796600342,-0.058571990579366687,-0.04104980453848839,0.05601367726922035,0.9975857734680176],"EasingStyle":"Linear","EasingDirection":"In"},"HumanoidRootPart":{"Weight":1,"CFrame":[0,0,0,1,0,0,0,1,0,0,0,1],"EasingStyle":"Linear","EasingDirection":"In"},"Left Arm":{"Weight":1,"CFrame":[-0.006288042291998863,-0.06296718120574951,-0.03836578130722046,0.896493136882782,-0.01664106175303459,0.4427451193332672,-0.019144797697663308,0.996906042098999,0.07623524218797684,-0.4426438510417938,-0.07682077586650849,0.8934009075164795],"EasingStyle":"Linear","EasingDirection":"In"}}},{"Time":0.36666667461395266,"poses":{"Left Leg":{"Weight":1,"CFrame":[-0.22128847241401673,0.09699004888534546,0.023685097694396974,0.9923688173294067,-0.046529337763786319,0.11418949067592621,0.03905871883034706,0.9970009326934815,0.06681086868047714,-0.11695573478937149,-0.06184092164039612,0.9912099838256836],"EasingStyle":"Linear","EasingDirection":"In"},"Right Arm":{"Weight":1,"CFrame":[0.008461222052574158,-0.05796903371810913,-0.014559626579284668,0.9157116413116455,0.01633414626121521,-0.4015038311481476,0.04714638739824295,0.9879053235054016,0.14771711826324464,0.39906057715415957,-0.15419578552246095,0.9038663506507874],"EasingStyle":"Linear","EasingDirection":"In"},"Head":{"Weight":1,"CFrame":[1.0931398719549179e-7,-1.4901161193847657e-8,-2.980232238769531e-7,0.9945083260536194,-0.09657993912696839,-0.04032020643353462,0.09016309678554535,0.986250638961792,-0.13849328458309174,0.053141508251428607,0.13409733772277833,0.9895423054695129],"EasingStyle":"Linear","EasingDirection":"In"},"Right Leg":{"Weight":1,"CFrame":[0.7734561562538147,0.28944259881973269,-0.1311887502670288,0.8383385539054871,0.5446418523788452,0.023534275591373445,-0.4745335578918457,0.7078137397766113,0.5232757329940796,0.26833999156951907,-0.44985008239746096,0.8518384099006653],"EasingStyle":"Linear","EasingDirection":"In"},"Torso":{"Weight":1,"CFrame":[0.11733938008546829,0.06986182928085327,-0.01949596405029297,0.9983575344085693,0.04545414075255394,0.034873805940151218,-0.043390341103076938,0.9973840713500977,-0.057813070714473727,-0.037410419434309009,0.05620492622256279,0.9977181553840637],"EasingStyle":"Linear","EasingDirection":"In"},"HumanoidRootPart":{"Weight":1,"CFrame":[0,0,0,1,0,0,0,1,0,0,0,1],"EasingStyle":"Linear","EasingDirection":"In"},"Left Arm":{"Weight":1,"CFrame":[-0.00635057408362627,-0.08347117900848389,-0.035008251667022708,0.8928654193878174,-0.015235363505780697,0.45006585121154787,-0.0169895738363266,0.9975763559341431,0.06747422367334366,-0.45000311732292178,-0.0678919106721878,0.8904425501823425],"EasingStyle":"Linear","EasingDirection":"In"}}},{"Time":0.4000000059604645,"poses":{"Left Leg":{"Weight":1,"CFrame":[-0.2546286880970001,0.09225505590438843,0.0365297794342041,0.9884753227233887,-0.0650452971458435,0.13669593632221223,0.0599675215780735,0.9973602294921875,0.040945980697870257,-0.13899847865104676,-0.03227682039141655,0.989766538143158],"EasingStyle":"Linear","EasingDirection":"In"},"Right Arm":{"Weight":1,"CFrame":[0.009098127484321595,-0.07253825664520264,-0.01814037561416626,0.9161235690116882,0.013810968026518822,-0.40065789222717287,0.03977293148636818,0.9913447499275208,0.12511476874351502,0.3989180624485016,-0.13055601716041566,0.907645046710968],"EasingStyle":"Linear","EasingDirection":"In"},"Head":{"Weight":1,"CFrame":[9.435461834073067e-8,3.4458935260772708e-8,2.384185791015625e-7,0.9972098469734192,-0.06525734066963196,-0.03624984622001648,0.060004789382219318,0.989593505859375,-0.13078315556049348,0.04440717399120331,0.128243088722229,0.9907480478286743],"EasingStyle":"Linear","EasingDirection":"In"},"Right Leg":{"Weight":1,"CFrame":[0.6047338247299194,0.29287612438201907,0.029403328895568849,0.8840328454971314,0.43572020530700686,-0.16921523213386537,-0.3589479625225067,0.8647107481956482,0.3513285219669342,0.29940322041511538,-0.24984657764434815,0.9208335280418396],"EasingStyle":"Linear","EasingDirection":"In"},"Torso":{"Weight":1,"CFrame":[0.09405725449323654,0.07072444260120392,-0.010206937789916993,0.9993154406547546,0.021496577188372613,0.03010859154164791,-0.019763071089982988,0.9981936812400818,-0.05673479661345482,-0.03127381205558777,0.05610091611742973,0.9979351758956909],"EasingStyle":"Linear","EasingDirection":"In"},"HumanoidRootPart":{"Weight":1,"CFrame":[0,0,0,1,0,0,0,1,0,0,0,1],"EasingStyle":"Linear","EasingDirection":"In"},"Left Arm":{"Weight":1,"CFrame":[-0.0064721908420324329,-0.09408104419708252,-0.03245282173156738,0.891659140586853,-0.013573277741670609,0.45250383019447329,-0.013875606469810009,0.9982614517211914,0.05728567764163017,-0.4524947702884674,-0.057358212769031528,0.8899205923080444],"EasingStyle":"Linear","EasingDirection":"In"}}},{"Time":0.4333333373069763,"poses":{"Left Leg":{"Weight":1,"CFrame":[-0.18599236011505128,0.05594229698181152,0.03127622604370117,0.9895429015159607,-0.018914993852376939,0.14299307763576508,0.016936955973505975,0.9997435212135315,0.015037518925964833,-0.143240824341774,-0.012458398006856442,0.9896095395088196],"EasingStyle":"Linear","EasingDirection":"In"},"Right Arm":{"Weight":1,"CFrame":[0.009735412895679474,-0.08638608455657959,-0.023036539554595948,0.9167870879173279,0.013166243210434914,-0.3991594910621643,0.026891278102993966,0.9951531887054443,0.0945884957909584,0.3984702527523041,-0.09745147079229355,0.9119894504547119],"EasingStyle":"Linear","EasingDirection":"In"},"Head":{"Weight":1,"CFrame":[8.951610652729869e-8,2.5218469090759755e-8,1.1920928955078126e-7,0.9989117383956909,-0.03641154617071152,-0.02915029413998127,0.03218245133757591,0.9904166460037231,-0.13431023061275483,0.03376137837767601,0.13322587311267854,0.9905105829238892],"EasingStyle":"Linear","EasingDirection":"In"},"Right Leg":{"Weight":1,"CFrame":[0.44520601630210879,0.20215100049972535,0.09016275405883789,0.9268600940704346,0.29102736711502077,-0.23713603615760804,-0.25309139490127566,0.9509550929069519,0.1778458058834076,0.27726370096206667,-0.1048210933804512,0.9550589323043823],"EasingStyle":"Linear","EasingDirection":"In"},"Torso":{"Weight":1,"CFrame":[0.06956318020820618,0.07181169092655182,-0.007602214813232422,0.9997128844261169,-0.002520547015592456,0.023828446865081788,0.0038372809067368509,0.998458206653595,-0.05537575110793114,-0.023652130737900735,0.05545128881931305,0.9981812238693237],"EasingStyle":"Linear","EasingDirection":"In"},"HumanoidRootPart":{"Weight":1,"CFrame":[0,0,0,1,0,0,0,1,0,0,0,1],"EasingStyle":"Linear","EasingDirection":"In"},"Left Arm":{"Weight":1,"CFrame":[-0.0066727641969919209,-0.09718486666679383,-0.030590832233428956,0.8930209279060364,-0.012100650928914547,0.4498526155948639,-0.01000834908336401,0.9988571405410767,0.04673643410205841,-0.44990402460098269,-0.04623892903327942,0.8918792009353638],"EasingStyle":"Linear","EasingDirection":"In"}}},{"Time":0.46666666865348818,"poses":{"Left Leg":{"Weight":1,"CFrame":[-0.12397966533899307,0.035299599170684817,0.022017359733581544,0.9901158809661865,0.02414494752883911,0.13815832138061524,-0.024921175092458726,0.999681830406189,0.0038908221758902075,-0.13802047073841096,-0.0072954511269927029,0.9904025793075562],"EasingStyle":"Linear","EasingDirection":"In"},"Right Arm":{"Weight":1,"CFrame":[0.010321274399757386,-0.09806591272354126,-0.028371214866638185,0.9175373911857605,0.01381588727235794,-0.3974096179008484,0.011575420387089253,0.9980447888374329,0.06142188608646393,0.397481232881546,-0.06095711141824722,0.9155833721160889],"EasingStyle":"Linear","EasingDirection":"In"},"Head":{"Weight":1,"CFrame":[8.405186235904694e-8,1.234002411365509e-8,2.384185791015625e-7,0.9996955990791321,-0.01279620174318552,-0.021093983203172685,0.009614462032914162,0.9894474744796753,-0.1445733904838562,0.02272137440741062,0.1443265974521637,0.9892691969871521],"EasingStyle":"Linear","EasingDirection":"In"},"Right Leg":{"Weight":1,"CFrame":[0.2817405164241791,0.10723572969436646,0.09329605102539063,0.9520091414451599,0.14070135354995728,-0.27181190252304079,-0.13362307846546174,0.9900338649749756,0.04447456821799278,0.275360643863678,-0.006019946187734604,0.9613221287727356],"EasingStyle":"Linear","EasingDirection":"In"},"Torso":{"Weight":1,"CFrame":[0.04753446578979492,0.07315501570701599,-0.016859769821166993,0.9995704889297485,-0.023489980027079583,0.01752307452261448,0.024400494992733,0.9982591271400452,-0.05369658023118973,-0.01623123697936535,0.054101087152957919,0.9984035491943359],"EasingStyle":"Linear","EasingDirection":"In"},"HumanoidRootPart":{"Weight":1,"CFrame":[0,0,0,1,0,0,0,1,0,0,0,1],"EasingStyle":"Linear","EasingDirection":"In"},"Left Arm":{"Weight":1,"CFrame":[-0.006972027942538261,-0.09432521462440491,-0.0293123722076416,0.8968950510025024,-0.011283475905656815,0.44209957122802737,-0.005606489256024361,0.9993041157722473,0.03687872737646103,-0.44220808148384097,-0.03555505350232124,0.8962075114250183],"EasingStyle":"Linear","EasingDirection":"In"}}},{"Time":0.5,"poses":{"Left Leg":{"Weight":1,"CFrame":[-0.2344338595867157,0.09505516290664673,0.03444027900695801,0.9908624887466431,-0.037821922451257709,0.12946468591690064,0.03754831477999687,0.9992845058441162,0.004554326180368662,-0.12954437732696534,0.00034842384047806263,0.991573691368103],"EasingStyle":"Linear","EasingDirection":"In"},"Right Arm":{"Weight":1,"CFrame":[0.010803844779729844,-0.1061333417892456,-0.03326737880706787,0.9182186126708984,0.015128474682569504,-0.39578500390052798,-0.003096458036452532,0.9995139241218567,0.03102133981883526,0.3960619866847992,-0.027258945629000665,0.917819082736969],"EasingStyle":"Linear","EasingDirection":"In"},"Head":{"Weight":1,"CFrame":[9.028008207678795e-8,1.2456439435482025e-8,3.5762786865234377e-7,0.9998927712440491,0.003195576835423708,-0.014294508844614029,-0.0054259514436125759,0.9872910380363464,-0.15883055329322816,0.013605285435914994,0.15889111161231996,0.9872023463249207],"EasingStyle":"Linear","EasingDirection":"In"},"Right Leg":{"Weight":1,"CFrame":[0.20332928001880647,0.08261328935623169,0.07988536357879639,0.9614797830581665,0.04956193268299103,-0.27037081122398379,-0.06192480027675629,0.9973804950714111,-0.03738296777009964,0.2678098678588867,0.052685584872961047,0.962030291557312],"EasingStyle":"Linear","EasingDirection":"In"},"Torso":{"Weight":1,"CFrame":[0.03160307556390762,0.07486455142498017,-0.0801229476928711,0.9991858005523682,-0.038321685045957568,0.012625574134290219,0.03892430663108826,0.9979110956192017,-0.05155967175960541,-0.010623347945511341,0.05200912430882454,0.9985901117324829],"EasingStyle":"Linear","EasingDirection":"In"},"HumanoidRootPart":{"Weight":1,"CFrame":[0,0,0,1,0,0,0,1,0,0,0,1],"EasingStyle":"Linear","EasingDirection":"In"},"Left Arm":{"Weight":1,"CFrame":[-0.00738963857293129,-0.08454927802085877,-0.028508365154266359,0.9028647541999817,-0.011578896082937718,0.4297686219215393,-0.0008726449450477958,0.9995858669281006,0.028764333575963975,-0.4299236834049225,-0.02634546533226967,0.9024809002876282],"EasingStyle":"Linear","EasingDirection":"In"}}},{"Time":0.5333333611488342,"poses":{"Left Leg":{"Weight":1,"CFrame":[-0.268562376499176,0.11694139242172241,0.03733646869659424,0.9904131889343262,-0.05851886048913002,0.12512965500354768,0.05832463502883911,0.998284101486206,0.005218168720602989,-0.12522034347057343,0.0021300024818629028,0.9921267628669739],"EasingStyle":"Linear","EasingDirection":"In"},"Right Arm":{"Weight":1,"CFrame":[0.011131389997899533,-0.10914406180381775,-0.03684842586517334,0.9187024831771851,0.01642703451216221,-0.3946087658405304,-0.014087161049246788,0.9998618960380554,0.008825871162116528,0.3946992754936218,-0.0025494478177279236,0.9188068509101868],"EasingStyle":"Linear","EasingDirection":"In"},"Head":{"Weight":1,"CFrame":[8.323695510625839e-8,-7.2177499532699589e-9,-8.344650268554688e-7,0.999901294708252,0.00911074597388506,-0.010704481042921543,-0.010837351903319359,0.9846377968788147,-0.17427286505699159,0.00895228236913681,0.1743716597557068,0.9846392273902893],"EasingStyle":"Linear","EasingDirection":"In"},"Right Leg":{"Weight":1,"CFrame":[0.19726936519145966,0.07776349782943726,0.06359744071960449,0.9740104079246521,0.017669716849923135,-0.2258129119873047,-0.03186532109975815,0.99772709608078,-0.059374574571847919,0.22425058484077454,0.06502698361873627,0.9723596572875977],"EasingStyle":"Linear","EasingDirection":"In"},"Torso":{"Weight":1,"CFrame":[0.025427252054214479,0.07709427177906037,-0.10500502586364746,0.9989773631095886,-0.04395231977105141,0.010601777583360672,0.04441908001899719,0.9978217482566834,-0.04877252131700516,-0.008435019291937352,0.04919356852769852,0.9987536668777466],"EasingStyle":"Linear","EasingDirection":"In"},"HumanoidRootPart":{"Weight":1,"CFrame":[0,0,0,1,0,0,0,1,0,0,0,1],"EasingStyle":"Linear","EasingDirection":"In"},"Left Arm":{"Weight":1,"CFrame":[-0.00794534757733345,-0.06565821170806885,-0.028069496154785157,0.9104678630828857,-0.013390498235821724,0.4133630692958832,0.004050443414598703,0.9997165203094482,0.023463446646928788,-0.41356006264686587,-0.019688474014401437,0.9102640748023987],"EasingStyle":"Linear","EasingDirection":"In"}}},{"Time":0.5666666626930237,"poses":{"Left Leg":{"Weight":1,"CFrame":[-0.30603232979774477,0.108634352684021,0.010794281959533692,0.9974333643913269,-0.059591617435216907,0.03969312086701393,0.058828651905059817,0.9980653524398804,0.020120037719607354,-0.040815338492393497,-0.017733313143253328,0.9990094304084778],"EasingStyle":"Linear","EasingDirection":"In"},"Right Arm":{"Weight":1,"CFrame":[0.011252052150666714,-0.09799107909202576,-0.03823673725128174,0.9188855290412903,0.017013713717460634,-0.39415740966796877,-0.018411677330732347,0.9998304843902588,0.00023473516921512783,0.3940945863723755,0.007041378878057003,0.9190429449081421],"EasingStyle":"Linear","EasingDirection":"In"},"Head":{"Weight":1,"CFrame":[8.754432201385498e-8,1.7113052308559419e-8,-1.7881393432617188e-7,0.9999110698699951,0.008934853598475457,-0.009905328042805195,-0.01064285822212696,0.9820017218589783,-0.1885720044374466,0.008042188361287117,0.1886606216430664,0.9820094108581543],"EasingStyle":"Linear","EasingDirection":"In"},"Right Leg":{"Weight":1,"CFrame":[0.25617948174476626,0.07584923505783081,0.03372395038604736,0.9937218427658081,0.02441641502082348,-0.10918261110782623,-0.028285827487707139,0.9990203976631165,-0.03403201699256897,0.10824477672576904,0.036906640976667407,0.9934389591217041],"EasingStyle":"Linear","EasingDirection":"In"},"Torso":{"Weight":1,"CFrame":[0.028187690302729608,0.07951337099075318,-0.08189153671264649,0.9989708065986633,-0.043914154171943668,0.01135360635817051,0.04438085854053497,0.9980107545852661,-0.04477785900235176,-0.009364637546241284,0.04523565620183945,0.9989325404167175],"EasingStyle":"Linear","EasingDirection":"In"},"HumanoidRootPart":{"Weight":1,"CFrame":[0,0,0,1,0,0,0,1,0,0,0,1],"EasingStyle":"Linear","EasingDirection":"In"},"Left Arm":{"Weight":1,"CFrame":[-0.008658874779939652,-0.0358881950378418,-0.02788621187210083,0.9192188382148743,-0.01704857312142849,0.3933776617050171,0.009097527712583542,0.9997150897979736,0.022068098187446595,-0.3936418890953064,-0.016706807538866998,0.9191120266914368],"EasingStyle":"Linear","EasingDirection":"In"}}},{"Time":0.6000000238418579,"poses":{"Left Leg":{"Weight":1,"CFrame":[-0.36168792843818667,0.09983402490615845,-0.027341365814208986,0.9953942894935608,-0.06640785187482834,-0.06914015859365463,0.06937556713819504,0.9967294335365295,0.04144320636987686,0.06616184860467911,-0.04604897275567055,0.996745765209198],"EasingStyle":"Linear","EasingDirection":"In"},"Right Arm":{"Weight":1,"CFrame":[0.008113511838018895,-0.07345467805862427,-0.03814214468002319,0.9166860580444336,0.015345807187259198,-0.3993135690689087,-0.010191773064434529,0.9998351335525513,0.015027145855128765,0.39947837591171267,-0.009705442003905774,0.916691243648529],"EasingStyle":"Linear","EasingDirection":"In"},"Head":{"Weight":1,"CFrame":[8.405186235904694e-8,5.168840289115906e-8,1.1920928955078126e-7,0.9999159574508667,0.00849684327840805,-0.009801551699638367,-0.010295424610376358,0.9794995784759522,-0.20118321478366853,0.007891193963587284,0.20126719772815705,0.9795047044754028],"EasingStyle":"Linear","EasingDirection":"In"},"Right Leg":{"Weight":1,"CFrame":[0.31357601284980776,0.07037466764450073,0.003572702407836914,0.9990837574005127,0.04150525480508804,-0.010438418947160244,-0.0415491983294487,0.9991284012794495,-0.004023408517241478,0.01026239525526762,0.0044533866457641129,0.9999374151229858],"EasingStyle":"Linear","EasingDirection":"In"},"Torso":{"Weight":1,"CFrame":[0.03546378016471863,0.08166640251874924,-0.04685258865356445,0.998955488204956,-0.04365776479244232,0.01348885241895914,0.04416097700595856,0.998240053653717,-0.03958296403288841,-0.011737007647752762,0.04013730213046074,0.9991252422332764],"EasingStyle":"Linear","EasingDirection":"In"},"HumanoidRootPart":{"Weight":1,"CFrame":[0,0,0,1,0,0,0,1,0,0,0,1],"EasingStyle":"Linear","EasingDirection":"In"},"Left Arm":{"Weight":1,"CFrame":[-0.011983603239059449,0.0009050965309143066,-0.02784961462020874,0.928749680519104,-0.02368108183145523,0.36995041370391848,0.013324286788702011,0.9994452595710754,0.030525803565979005,-0.3704681396484375,-0.02342159114778042,0.9285498857498169],"EasingStyle":"Linear","EasingDirection":"In"}}},{"Time":0.6333333253860474,"poses":{"Left Leg":{"Weight":1,"CFrame":[-0.40526238083839419,0.10667163133621216,-0.04512357711791992,0.9904810786247253,-0.08913034945726395,-0.10489575564861298,0.09541406482458115,0.9938337802886963,0.05648580938577652,0.09921430796384812,-0.06595669686794281,0.9928777813911438],"EasingStyle":"Linear","EasingDirection":"In"},"Right Arm":{"Weight":1,"CFrame":[0.0008612331002950668,-0.04891878366470337,-0.03