{"Sequence":[{"Time":0,"poses":{"Left Leg":{"Weight":1,"CFrame":[-0.5281668901443481,0.5629351139068604,0.008669614791870118,0.7975389361381531,0.522347092628479,0.301803320646286,-0.5508389472961426,0.8345358371734619,0.011258572340011597,-0.24598494172096253,-0.17522402107715608,0.9533039331436157],"EasingStyle":"Linear","EasingDirection":"In"},"Right Arm":{"Weight":1,"CFrame":[-0.5958117842674255,-0.44432711601257326,0.1629500389099121,0.06395554542541504,-0.9536796808242798,0.2939474582672119,0.8753796219825745,0.19504576921463014,0.4423438608646393,-0.47918766736984255,0.22902527451515199,0.8473060131072998],"EasingStyle":"Linear","EasingDirection":"In"},"Head":{"Weight":1,"CFrame":[-2.682209014892578e-7,-6.556510925292969e-7,0,1.0000003576278687,-0.000002119690179824829,5.364418029785156e-7,0.0000020712614059448244,0.9505834579467773,-0.31046926975250246,2.384185791015625e-7,0.3104691505432129,0.9505836963653565],"EasingStyle":"Linear","EasingDirection":"In"},"Left Arm":{"Weight":1,"CFrame":[0.08007951080799103,-0.1836458444595337,0.48976826667785647,-0.3839796781539917,0.6475744247436523,0.6581845879554749,0.05356718599796295,-0.6960054039955139,0.7160359621047974,0.9217868447303772,0.3102003037929535,0.23256315290927888],"EasingStyle":"Linear","EasingDirection":"In"},"Torso":{"Weight":1,"CFrame":[-0.076690673828125,-0.6469535827636719,-0.5024149417877197,0.9695514440536499,-0.24057422578334809,-0.04576347395777702,0.10567434877157211,0.5795917510986328,-0.8080263137817383,0.22091445326805116,0.7785868644714356,0.5873664021492004],"EasingStyle":"Linear","EasingDirection":"In"},"HumanoidRootPart":{"Weight":0,"CFrame":[0,0,0,1,0,0,0,1,0,0,0,1],"EasingStyle":"Linear","EasingDirection":"In"},"Right Leg":{"Weight":1,"CFrame":[0.16641366481781007,0.7737006545066834,0.06769704818725586,0.6090238094329834,-0.26115015149116518,-0.7489261031150818,0.5111643671989441,0.851225733757019,0.11885441839694977,0.6064660549163818,-0.4552093744277954,0.6519076824188232],"EasingStyle":"Linear","EasingDirection":"In"}}},{"Time":0.01666666753590107,"poses":{"Left Leg":{"Weight":1,"CFrame":[-0.5819410681724548,0.6040826439857483,0.023532867431640626,0.8405012488365173,0.44295573234558108,0.3120061457157135,-0.47380530834198,0.8802248239517212,0.02670849859714508,-0.26280471682548525,-0.1702786237001419,0.9497047662734985],"EasingStyle":"Linear","EasingDirection":"In"},"Right Arm":{"Weight":1,"CFrame":[-0.603966474533081,-0.4484964907169342,0.14098107814788819,0.08466553688049317,-0.9532985687255859,0.2899205982685089,0.8862219452857971,0.20504522323608399,0.4154118299484253,-0.4554585814476013,0.22176294028759004,0.8621945381164551],"EasingStyle":"Linear","EasingDirection":"In"},"Head":{"Weight":1,"CFrame":[0.0000028386712074279787,-0.000001043081283569336,0,1.000000238418579,-0.000007968395948410035,0.000001952052116394043,0.000008132308721542359,0.9406487345695496,-0.33938199281692507,9.313225746154785e-7,0.3393820524215698,0.9406484961509705],"EasingStyle":"Linear","EasingDirection":"In"},"Left Arm":{"Weight":1,"CFrame":[0.053372472524642947,-0.20557796955108643,0.48914241790771487,-0.40880799293518069,0.6161479949951172,0.6732295751571655,0.050227656960487369,-0.7213797569274902,0.6907157301902771,0.9112375378608704,0.3161849081516266,0.26395827531814577],"EasingStyle":"Linear","EasingDirection":"In"},"Torso":{"Weight":1,"CFrame":[-0.08386993408203125,-0.6277256011962891,-0.5143823623657227,0.9703077673912048,-0.2345058023929596,-0.05924668535590172,0.1008724570274353,0.6149646043777466,-0.7820761799812317,0.2198360562324524,0.7528782486915588,0.6203600168228149],"EasingStyle":"Linear","EasingDirection":"In"},"HumanoidRootPart":{"Weight":0,"CFrame":[0,0,0,1,0,0,0,1,0,0,0,1],"EasingStyle":"Linear","EasingDirection":"In"},"Right Leg":{"Weight":1,"CFrame":[0.2130834460258484,0.8179125785827637,0.07406222820281983,0.6334869265556336,-0.197107195854187,-0.7482267022132874,0.4609953761100769,0.8727896809577942,0.16038073599338532,0.6214319467544556,-0.4465276896953583,0.6437665224075317],"EasingStyle":"Linear","EasingDirection":"In"}}},{"Time":0.03333333507180214,"poses":{"Left Leg":{"Weight":1,"CFrame":[-0.655547022819519,0.6442481279373169,0.04276454448699951,0.8863210678100586,0.32859376072883608,0.32628440856933596,-0.36387211084365847,0.9300054311752319,0.05183655023574829,-0.28641319274902346,-0.16466963291168214,0.9438494443893433],"EasingStyle":"Linear","EasingDirection":"In"},"Right Arm":{"Weight":1,"CFrame":[-0.6158141493797302,-0.4535302519798279,0.10716915130615235,0.11618044972419739,-0.9520684480667114,0.2829630970954895,0.9009653329849243,0.22093170881271363,0.37343135476112368,-0.41804781556129458,0.21155449748039246,0.8834485411643982],"EasingStyle":"Linear","EasingDirection":"In"},"Head":{"Weight":1,"CFrame":[-0.0000023171305656433107,0.0000011920928955078126,0,1.000000238418579,-0.00001724250614643097,0.000004634261131286621,0.000017695128917694093,0.9238940477371216,-0.38264894485473635,0.000002384185791015625,0.38264918327331545,0.923893928527832],"EasingStyle":"Linear","EasingDirection":"In"},"Left Arm":{"Weight":1,"CFrame":[0.011366859078407288,-0.23834282159805299,0.48528170585632326,-0.44558048248291018,0.5677717328071594,0.6921657919883728,0.045513883233070376,-0.7577939033508301,0.6509048938751221,0.8940845131874085,0.32153379917144778,0.3118168115615845],"EasingStyle":"Linear","EasingDirection":"In"},"Torso":{"Weight":1,"CFrame":[-0.09328079223632813,-0.5975742340087891,-0.5333552360534668,0.971464991569519,-0.22413739562034608,-0.0775783583521843,0.0940898135304451,0.6644240617752075,-0.7414093017578125,0.21772250533103944,0.7129538059234619,0.666553795337677],"EasingStyle":"Linear","EasingDirection":"In"},"HumanoidRootPart":{"Weight":0,"CFrame":[0,0,0,1,0,0,0,1,0,0,0,1],"EasingStyle":"Linear","EasingDirection":"In"},"Right Leg":{"Weight":1,"CFrame":[0.2839139401912689,0.870451807975769,0.07932078838348389,0.6606206893920898,-0.10394498705863953,-0.7434890270233154,0.3893710672855377,0.8941856622695923,0.2209583967924118,0.6418496370315552,-0.4354625344276428,0.6311907172203064],"EasingStyle":"Linear","EasingDirection":"In"}}},{"Time":0.05000000074505806,"poses":{"Left Leg":{"Weight":1,"CFrame":[-0.7375712394714356,0.6701494455337524,0.06293129920959473,0.9194358587265015,0.19389396905899049,0.3421157896518707,-0.23614275455474854,0.9678986072540283,0.086077481508255,-0.3144434094429016,-0.15993069112300874,0.9357070922851563],"EasingStyle":"Linear","EasingDirection":"In"},"Right Arm":{"Weight":1,"CFrame":[-0.6297502517700195,-0.45758259296417239,0.06386053562164307,0.15590161085128785,-0.9493520259857178,0.2728108763694763,0.9164225459098816,0.24207699298858643,0.3186986744403839,-0.3685985207557678,0.20032423734664918,0.9077476859092712],"EasingStyle":"Linear","EasingDirection":"In"},"Head":{"Weight":1,"CFrame":[0.0000032670795917510988,3.8743019104003908e-7,0,1.000000238418579,-0.00002917647361755371,0.000008724629878997803,0.000030219554901123048,0.8999552130699158,-0.43598252534866335,0.000004895031452178955,0.4359826147556305,0.899955153465271],"EasingStyle":"Linear","EasingDirection":"In"},"Left Arm":{"Weight":1,"CFrame":[-0.04380762577056885,-0.27854424715042117,0.4753406047821045,-0.49042510986328127,0.5059425830841065,0.7095812559127808,0.04021407663822174,-0.8002170920372009,0.598361074924469,0.8705552220344544,0.3219863474369049,0.37210050225257876],"EasingStyle":"Linear","EasingDirection":"In"},"Torso":{"Weight":1,"CFrame":[-0.102691650390625,-0.5584201812744141,-0.5586731433868408,0.9729623198509216,-0.2095147967338562,-0.09720101207494736,0.086246058344841,0.7199855446815491,-0.6886091232299805,0.21425718069076539,0.6616075038909912,0.7185885906219482],"EasingStyle":"Linear","EasingDirection":"In"},"HumanoidRootPart":{"Weight":0,"CFrame":[0,0,0,1,0,0,0,1,0,0,0,1],"EasingStyle":"Linear","EasingDirection":"In"},"Right Leg":{"Weight":1,"CFrame":[0.3718078136444092,0.9166272878646851,0.08033430576324463,0.681252121925354,0.0060662031173706059,-0.7320239543914795,0.3068208694458008,0.9055309295654297,0.29304423928260805,0.6646478772163391,-0.42423713207244875,0.6150335669517517],"EasingStyle":"Linear","EasingDirection":"In"}}},{"Time":0.06666667014360428,"poses":{"Left Leg":{"Weight":1,"CFrame":[-0.8178068399429321,0.6789337396621704,0.08144116401672363,0.9324773550033569,0.05385830998420715,0.3571910858154297,-0.10600757598876953,0.986085057258606,0.12805651128292085,-0.3453240990638733,-0.15727472305297852,0.9252115488052368],"EasingStyle":"Linear","EasingDirection":"In"},"Right Arm":{"Weight":1,"CFrame":[-0.644171416759491,-0.45899438858032229,0.013733386993408203,0.201099693775177,-0.9446109533309937,0.25936365127563479,0.9294978380203247,0.2675796151161194,0.2538403272628784,-0.30918076634407046,0.19003087282180787,0.9318239092826843],"EasingStyle":"Linear","EasingDirection":"In"},"Head":{"Weight":1,"CFrame":[3.390014171600342e-7,4.917383193969727e-7,0,1.0000001192092896,-0.00004348345100879669,0.000014580786228179932,0.00004492327570915222,0.8689236640930176,-0.49494650959968569,0.000008765608072280884,0.4949461817741394,0.868923544883728],"EasingStyle":"Linear","EasingDirection":"In"},"Left Arm":{"Weight":1,"CFrame":[-0.10928276926279068,-0.32286882400512698,0.4566539525985718,-0.5398249626159668,0.43528905510902407,0.7204948663711548,0.034380361437797549,-0.8438054919242859,0.5355465412139893,0.8410751819610596,0.31387245655059817,0.4405418038368225],"EasingStyle":"Linear","EasingDirection":"In"},"Torso":{"Weight":1,"CFrame":[-0.10994720458984375,-0.5134429931640625,-0.5890710353851318,0.9747987985610962,-0.1913764625787735,-0.11464043706655503,0.07820042967796326,0.7744126915931702,-0.627829372882843,0.20893073081970216,0.6030424237251282,0.7698621153831482],"EasingStyle":"Linear","EasingDirection":"In"},"HumanoidRootPart":{"Weight":0,"CFrame":[0,0,0,1,0,0,0,1,0,0,0,1],"EasingStyle":"Linear","EasingDirection":"In"},"Right Leg":{"Weight":1,"CFrame":[0.4678070545196533,0.9477683305740356,0.0763465166091919,0.6909953355789185,0.12003487348556519,-0.7128235101699829,0.22333137691020966,0.9024217128753662,0.36845409870147707,0.6874946355819702,-0.4137956500053406,0.5967615842819214],"EasingStyle":"Linear","EasingDirection":"In"}}},{"Time":0.0833333358168602,"poses":{"Left Leg":{"Weight":1,"CFrame":[-0.887747049331665,0.6753402948379517,0.09637033939361572,0.9258418679237366,-0.07718884944915772,0.369945228099823,0.01206013560295105,0.9844552278518677,0.1752229779958725,-0.37771955132484438,-0.15776705741882325,0.9123801589012146],"EasingStyle":"Linear","EasingDirection":"In"},"Right Arm":{"Weight":1,"CFrame":[-0.657588005065918,-0.4566667079925537,-0.04032135009765625,0.24898436665534974,-0.9375728964805603,0.24282702803611756,0.9376458525657654,0.29613980650901797,0.1819954812526703,-0.24254468083381654,0.18237164616584779,0.9528446793556213],"EasingStyle":"Linear","EasingDirection":"In"},"Head":{"Weight":1,"CFrame":[3.0919909477233889e-7,0.000001043081283569336,0,1,-0.000059038400650024417,0.000022269785404205323,0.00006149336695671082,0.8317397832870483,-0.5551664233207703,0.000014398247003555298,0.5551664233207703,0.8317396640777588],"EasingStyle":"Linear","EasingDirection":"In"},"Left Arm":{"Weight":1,"CFrame":[-0.18120935559272767,-0.36852824687957766,0.42721474170684817,-0.5910114645957947,0.3618567883968353,0.7209480404853821,0.026921123266220094,-0.8843952417373657,0.46596258878707888,0.8062140941619873,0.2947976887226105,0.5129458904266357],"EasingStyle":"Linear","EasingDirection":"In"},"Torso":{"Weight":1,"CFrame":[-0.11318206787109375,-0.46724700927734377,-0.6220688819885254,0.9770359992980957,-0.17124289274215699,-0.12679356336593629,0.0707564726471901,0.8220502734184265,-0.5650019645690918,0.20098324120044709,0.5430557727813721,0.8152891993522644],"EasingStyle":"Linear","EasingDirection":"In"},"HumanoidRootPart":{"Weight":0,"CFrame":[0,0,0,1,0,0,0,1,0,0,0,1],"EasingStyle":"Linear","EasingDirection":"In"},"Right Leg":{"Weight":1,"CFrame":[0.5616486668586731,0.9607163667678833,0.06886148452758789,0.6904671788215637,0.22558218240737916,-0.6872907876968384,0.1471458077430725,0.8864651322364807,0.43878045678138735,0.7082399129867554,-0.4040950536727905,0.5788812637329102],"EasingStyle":"Linear","EasingDirection":"In"}}},{"Time":0.10000000149011612,"poses":{"Left Leg":{"Weight":1,"CFrame":[-0.9412041902542114,0.6665893793106079,0.10666966438293457,0.9057382345199585,-0.18781548738479615,0.37995201349258425,0.10698828101158142,0.9687404632568359,0.2238205373287201,-0.4101118743419647,-0.16207250952720643,0.8975195288658142],"EasingStyle":"Linear","EasingDirection":"In"},"Right Arm":{"Weight":1,"CFrame":[-0.6687516570091248,-0.45026636123657229,-0.09526288509368897,0.29683437943458559,-0.9283380508422852,0.22378069162368775,0.9392886161804199,0.32608217000961306,0.10680756717920304,-0.1721244752407074,0.17849041521549226,0.9687696099281311],"EasingStyle":"Linear","EasingDirection":"In"},"Head":{"Weight":1,"CFrame":[-0.000008137896656990052,-1.1920928955078126e-7,0,1.0000001192092896,-0.00007561035454273224,0.0000315345823764801,0.00007911771535873413,0.7903710603713989,-0.612628698348999,0.000021435320377349855,0.6126286387443543,0.7903710603713989],"EasingStyle":"Linear","EasingDirection":"In"},"Left Arm":{"Weight":1,"CFrame":[-0.25484177470207217,-0.41368794441223147,0.38595640659332278,-0.6422063708305359,0.29292356967926028,0.708355188369751,0.015482008457183838,-0.9189589023590088,0.3940497040748596,0.766375720500946,0.26402798295021059,0.5856261849403381],"EasingStyle":"Linear","EasingDirection":"In"},"Torso":{"Weight":1,"CFrame":[-0.1114501953125,-0.4248180389404297,-0.6533353328704834,0.9797365069389343,-0.1508965641260147,-0.1317068338394165,0.06433103233575821,0.859811544418335,-0.5065429210662842,0.18967865407466889,0.48780569434165957,0.8520960807800293],"EasingStyle":"Linear","EasingDirection":"In"},"HumanoidRootPart":{"Weight":0,"CFrame":[0,0,0,1,0,0,0,1,0,0,0,1],"EasingStyle":"Linear","EasingDirection":"In"},"Right Leg":{"Weight":1,"CFrame":[0.6444869041442871,0.9570186138153076,0.060910582542419437,0.6841797828674316,0.31331440806388857,-0.6585833430290222,0.08277910947799683,0.8638217449188232,0.4969506561756134,0.7246005535125732,-0.3945205807685852,0.5650736689567566],"EasingStyle":"Linear","EasingDirection":"In"}}},{"Time":0.11666666716337204,"poses":{"Left Leg":{"Weight":1,"CFrame":[-0.9751104712486267,0.6552300453186035,0.11340475082397461,0.8803800344467163,-0.2732487618923187,0.38764289021492007,0.17536363005638123,0.9469709396362305,0.26924675703048708,-0.4406578540802002,-0.16906102001667024,0.8816120624542236],"EasingStyle":"Linear","EasingDirection":"In"},"Right Arm":{"Weight":1,"CFrame":[-0.6767528057098389,-0.4403253495693207,-0.14816057682037354,0.34215545654296877,-0.9174175262451172,0.2031635195016861,0.9341112375259399,0.35552293062210085,0.03224918246269226,-0.10181517899036408,0.17874310910701753,0.978614091873169],"EasingStyle":"Linear","EasingDirection":"In"},"Head":{"Weight":1,"CFrame":[-0.000002037733793258667,-2.9802322387695315e-8,0,1.0000004768371583,-0.00009260512888431549,0.000042222440242767337,0.0000973045825958252,0.7477588653564453,-0.6639708876609802,0.000029847025871276857,0.6639705896377564,0.7477586269378662],"EasingStyle":"Linear","EasingDirection":"In"},"Left Arm":{"Weight":1,"CFrame":[-0.32476723194122317,-0.4577553868293762,0.33275270462036135,-0.6925452351570129,0.23656731843948365,0.6814821362495422,-0.0034675300121307375,-0.9457796216011047,0.3247907757759094,0.7213668823242188,0.22256912291049958,0.6558154225349426],"EasingStyle":"Linear","EasingDirection":"In"},"Torso":{"Weight":1,"CFrame":[-0.105865478515625,-0.3887920379638672,-0.6764228343963623,0.982806921005249,-0.13096517324447633,-0.13015037775039674,0.0579705648124218,0.8881252408027649,-0.4559311866760254,0.1753009408712387,0.440547376871109,0.8804473876953125],"EasingStyle":"Linear","EasingDirection":"In"},"HumanoidRootPart":{"Weight":0,"CFrame":[0,0,0,1,0,0,0,1,0,0,0,1],"EasingStyle":"Linear","EasingDirection":"In"},"Right Leg":{"Weight":1,"CFrame":[0.7123931646347046,0.9393048286437988,0.054882049560546878,0.6788274645805359,0.37933486700057986,-0.6287281513214111,0.030264049768447877,0.8410494327545166,0.5401113033294678,0.7336744070053101,-0.3856700658798218,0.5594471096992493],"EasingStyle":"Linear","EasingDirection":"In"}}},{"Time":0.13333334028720857,"poses":{"Left Leg":{"Weight":1,"CFrame":[-0.9882857203483582,0.6421546936035156,0.1186978816986084,0.8570395708084106,-0.33203190565109255,0.39400291442871096,0.21794402599334718,0.9265140295028687,0.3067113757133484,-0.46688735485076907,-0.176993265748024,0.8664236664772034],"EasingStyle":"Linear","EasingDirection":"In"},"Right Arm":{"Weight":1,"CFrame":[-0.6810669898986816,-0.4281617999076843,-0.19643890857696534,0.38279998302459719,-0.9056906700134277,0.18217837810516358,0.9231445789337158,0.3826061189174652,-0.037637464702129367,-0.03561463579535484,0.18258482217788697,0.9825451374053955],"EasingStyle":"Linear","EasingDirection":"In"},"Head":{"Weight":1,"CFrame":[0.000003555789589881897,-0.0000011920928955078126,0,1.0000003576278687,-0.00010952726006507874,0.000053923577070236209,0.00011555850505828857,0.7075697183609009,-0.7066435813903809,0.00003917329013347626,0.7066434621810913,0.7075697779655457],"EasingStyle":"Linear","EasingDirection":"In"},"Left Arm":{"Weight":1,"CFrame":[-0.3850618004798889,-0.5013909339904785,0.26829588413238528,-0.7415441274642944,0.20126211643218995,0.640004575252533,-0.03450298309326172,-0.9641215801239014,0.26320984959602358,0.6700167655944824,0.17309972643852235,0.7218828201293945],"EasingStyle":"Linear","EasingDirection":"In"},"Torso":{"Weight":1,"CFrame":[-0.09748077392578125,-0.36098480224609377,-0.6853513717651367,0.9860632419586182,-0.11144356429576874,-0.12353100627660752,0.050569791346788409,0.9081355333328247,-0.4156110882759094,0.1585000604391098,0.4035717844963074,0.9011145830154419],"EasingStyle":"Linear","EasingDirection":"In"},"HumanoidRootPart":{"Weight":0,"CFrame":[0,0,0,1,0,0,0,1,0,0,0,1],"EasingStyle":"Linear","EasingDirection":"In"},"Right Leg":{"Weight":1,"CFrame":[0.7635784149169922,0.9105645418167114,0.05249476432800293,0.6802626252174377,0.4220084249973297,-0.5992929935455322,-0.011925548315048218,0.8238884210586548,0.5666264295578003,0.7328717708587647,-0.37830764055252077,0.5654933452606201],"EasingStyle":"Linear","EasingDirection":"In"}}},{"Time":0.15000000596046449,"poses":{"Left Leg":{"Weight":1,"CFrame":[-0.9789746999740601,0.626672625541687,0.12454259395599365,0.8414294123649597,-0.3628509044647217,0.4004198908805847,0.2360040843486786,0.9133720397949219,0.33174434304237368,-0.4861059784889221,-0.18463872373104096,0.8541720509529114],"EasingStyle":"Linear","EasingDirection":"In"},"Right Arm":{"Weight":1,"CFrame":[-0.6815038919448853,-0.41568875312805178,-0.23800253868103028,0.41701430082321169,-0.8943201303482056,0.1621454954147339,0.9086159467697144,0.40573570132255556,-0.09897450357675553,0.02272673137485981,0.18860185146331788,0.9817909002304077],"EasingStyle":"Linear","EasingDirection":"In"},"Head":{"Weight":1,"CFrame":[-0.000002421438694000244,-2.086162567138672e-7,0,1.0000001192092896,-0.0001262221485376358,0.00006587803363800049,0.00013371184468269348,0.6738542318344116,-0.7388644814491272,0.00004884786903858185,0.7388646602630615,0.6738541722297669],"EasingStyle":"Linear","EasingDirection":"In"},"Left Arm":{"Weight":1,"CFrame":[-0.42923277616500857,-0.5461910963058472,0.19400513172149659,-0.7880166172981262,0.1957072913646698,0.5837196707725525,-0.08323082327842713,-0.9732902646064758,0.2139602154493332,0.6100022792816162,0.12002085894346237,0.7832577228546143],"EasingStyle":"Linear","EasingDirection":"In"},"Torso":{"Weight":1,"CFrame":[-0.08723068237304688,-0.3430213928222656,-0.6744632720947266,0.9892973899841309,-0.09199840575456619,-0.11325693875551224,0.04123411327600479,0.9208202958106995,-0.38780131936073305,0.13996636867523194,0.3789807856082916,0.9147585034370422],"EasingStyle":"Linear","EasingDirection":"In"},"HumanoidRootPart":{"Weight":0,"CFrame":[0,0,0,1,0,0,0,1,0,0,0,1],"EasingStyle":"Linear","EasingDirection":"In"},"Right Leg":{"Weight":1,"CFrame":[0.7961314916610718,0.872779130935669,0.05459463596343994,0.6931040287017822,0.4394358694553375,-0.5714043378829956,-0.044196903705596927,0.8171102404594421,0.5747851729393005,0.7194816470146179,-0.37313172221183779,0.5857640504837036],"EasingStyle":"Linear","EasingDirection":"In"}}},{"Time":0.1666666716337204,"poses":{"Left Leg":{"Weight":1,"CFrame":[-0.9435625672340393,0.6064866781234741,0.13178730010986329,0.8374525904655457,-0.3630862236022949,0.40846264362335207,0.2291596531867981,0.9118202924728394,0.34068986773490908,-0.49614423513412478,-0.19170834124088288,0.8468111157417297],"EasingStyle":"Linear","EasingDirection":"In"},"Right Arm":{"Weight":1,"CFrame":[-0.6781022548675537,-0.40514054894447329,-0.27130740880966189,0.44336992502212527,-0.8846414089202881,0.1443355828523636,0.893608570098877,0.42369240522384646,-0.14815068244934083,0.06990630179643631,0.19466504454612733,0.9783756136894226],"EasingStyle":"Linear","EasingDirection":"In"},"Head":{"Weight":1,"CFrame":[-5.299225449562073e-7,0.0000011026859283447266,0,1.0000001192092896,-0.00014273729175329208,0.00007735379040241241,0.00015162117779254913,0.6507022380828857,-0.7593329548835754,0.00005808193236589432,0.7593332529067993,0.650702178478241],"EasingStyle":"Linear","EasingDirection":"In"},"Left Arm":{"Weight":1,"CFrame":[-0.449738085269928,-0.5939743518829346,0.1122739315032959,-0.8282741904258728,0.22877785563468934,0.5114907026290894,-0.15638771653175355,-0.9709612727165222,0.18104445934295655,0.5380567312240601,0.0699634924530983,0.8400002121925354],"EasingStyle":"Linear","EasingDirection":"In"},"Torso":{"Weight":1,"CFrame":[-0.0760650634765625,-0.3363838195800781,-0.6383512020111084,0.9923003315925598,-0.07202897220849991,-0.10075713694095612,0.029242120683193208,0.926754891872406,-0.3745266795158386,0.12035395205020905,0.3686966300010681,0.9217254519462586],"EasingStyle":"Linear","EasingDirection":"In"},"HumanoidRootPart":{"Weight":0,"CFrame":[0,0,0,1,0,0,0,1,0,0,0,1],"EasingStyle":"Linear","EasingDirection":"In"},"Right Leg":{"Weight":1,"CFrame":[0.8067035675048828,0.8266295194625855,0.060257673263549808,0.7205725908279419,0.42803531885147097,-0.5454918146133423,-0.06349682807922363,0.824143648147583,0.562810480594635,0.6904662251472473,-0.3709085285663605,0.6210340261459351],"EasingStyle":"Linear","EasingDirection":"In"}}},{"Time":0.18333333730697633,"poses":{"Left Leg":{"Weight":1,"CFrame":[-0.9260914325714111,0.5684700012207031,0.09098935127258301,0.8623813390731812,-0.34301766753196719,0.37234067916870119,0.20888462662696839,0.9110392332077026,0.35549288988113406,-0.4611572027206421,-0.22879411280155183,0.8573139905929565],"EasingStyle":"Linear","EasingDirection":"In"},"Right Arm":{"Weight":1,"CFrame":[-0.6709659099578857,-0.3988223671913147,-0.2951364517211914,0.4605984091758728,-0.8780655860900879,0.12980929017066956,0.8816092014312744,0.4355911314487457,-0.181730717420578,0.10302773863077164,0.19814591109752656,0.9747428894042969],"EasingStyle":"Linear","EasingDirection":"In"},"Head":{"Weight":1,"CFrame":[-0.0000018095597624778748,0.0000016689300537109376,0,1.0000001192092896,-0.0001592305488884449,0.00008754245936870575,0.00016925763338804245,0.6411663293838501,-0.767402172088623,0.0000660410150885582,0.7674022316932678,0.6411664485931397],"EasingStyle":"Linear","EasingDirection":"In"},"Left Arm":{"Weight":1,"CFrame":[-0.4373154044151306,-0.6454796195030212,0.027269721031188966,-0.8533065915107727,0.30897095799446108,0.4200061559677124,-0.2617197036743164,-0.9504989385604858,0.16749639809131623,0.45096704363822939,0.0330018512904644,0.8919304609298706],"EasingStyle":"Linear","EasingDirection":"In"},"Torso":{"Weight":1,"CFrame":[-0.06482696533203125,-0.34191322326660159,-0.5746569633483887,0.9948765635490418,-0.0508771613240242,-0.08736253529787064,0.014252541586756707,0.9260948896408081,-0.37702155113220217,0.10008776932954788,0.3738447427749634,0.9220752120018005],"EasingStyle":"Linear","EasingDirection":"In"},"HumanoidRootPart":{"Weight":0,"CFrame":[0,0,0,1,0,0,0,1,0,0,0,1],"EasingStyle":"Linear","EasingDirection":"In"},"Right Leg":{"Weight":1,"CFrame":[0.8499081134796143,0.7512730360031128,0.02738654613494873,0.7833287119865418,0.4029354453086853,-0.4733279049396515,-0.0868595540523529,0.8249388933181763,0.5585081577301025,0.6155092120170593,-0.3963824510574341,0.6811969876289368],"EasingStyle":"Linear","EasingDirection":"In"}}},{"Time":0.20000000298023225,"poses":{"Left Leg":{"Weight":1,"CFrame":[-0.9368013739585877,0.5109747648239136,-0.019116640090942384,0.9142360687255859,-0.30327165126800539,0.2686992883682251,0.1844038963317871,0.9019250273704529,0.3905467092990875,-0.36078840494155886,-0.3075025975704193,0.8804965615272522],"EasingStyle":"Linear","EasingDirection":"In"},"Right Arm":{"Weight":1,"CFrame":[-0.6600692272186279,-0.39888396859169009,-0.3083683252334595,0.46733832359313967,-0.875998318195343,0.11925750970840454,0.8759951591491699,0.44063258171081545,-0.19615226984024049,0.11928030103445053,0.1961384415626526,0.9732945561408997],"EasingStyle":"Linear","EasingDirection":"In"},"Head":{"Weight":1,"CFrame":[0.0000016146805137395859,-4.76837158203125e-7,0,1.0000001192092896,-0.00017546495655551553,0.00009595276787877083,0.00018645776435732841,0.6446614265441895,-0.7644681930541992,0.00007224804721772671,0.7644681930541992,0.6446616053581238],"EasingStyle":"Linear","EasingDirection":"In"},"Left Arm":{"Weight":1,"CFrame":[-0.3820100426673889,-0.6973863244056702,-0.053650736808776858,-0.8451131582260132,0.4397885799407959,0.3039243817329407,-0.40505385398864748,-0.8978080749511719,0.1728370040655136,0.34887734055519106,0.022961093112826349,0.9368872046470642],"EasingStyle":"Linear","EasingDirection":"In"},"Torso":{"Weight":1,"CFrame":[-0.053775787353515628,-0.3583488464355469,-0.49204063415527346,0.9968704581260681,-0.028349757194519044,-0.07379510253667832,-0.0030184537172317507,0.9191545844078064,-0.3938854932785034,0.07899564504623413,0.3928755223751068,0.9161924719810486],"EasingStyle":"Linear","EasingDirection":"In"},"HumanoidRootPart":{"Weight":0,"CFrame":[0,0,0,1,0,0,0,1,0,0,0,1],"EasingStyle":"Linear","EasingDirection":"In"},"Right Leg":{"Weight":1,"CFrame":[0.9297031760215759,0.6482865810394287,-0.07456398010253906,0.8730462789535523,0.3607329726219177,-0.32811951637268069,-0.1199636161327362,0.8110795021057129,0.5725025534629822,0.4726514220237732,-0.4604586362838745,0.751384437084198],"EasingStyle":"Linear","EasingDirection":"In"}}},{"Time":0.21666666865348817,"poses":{"Left Leg":{"Weight":1,"CFrame":[-0.9244701862335205,0.447933554649353,-0.1527491807937622,0.9640324711799622,-0.22849765419960023,0.13575999438762666,0.1496196687221527,0.8887186050415039,0.43335121870040896,-0.2196720987558365,-0.39745229482650759,0.890941321849823],"EasingStyle":"Linear","EasingDirection":"In"},"Right Arm":{"Weight":1,"CFrame":[-0.645053505897522,-0.40709614753723147,-0.30941545963287356,0.4618324637413025,-0.8797655701637268,0.1128009706735611,0.8794326782226563,0.4376489818096161,-0.1872485727071762,0.11536761373281479,0.18567831814289094,0.9758148193359375],"EasingStyle":"Linear","EasingDirection":"In"},"Head":{"Weight":1,"CFrame":[0.0000023227185010910036,0.000003129243850708008,0,1.000000238418579,-0.00019118702039122581,0.00010216608643531799,0.00020285695791244507,0.6593360900878906,-0.7518487572669983,0.00007635820657014847,0.751848578453064,0.6593360900878906],"EasingStyle":"Linear","EasingDirection":"In"},"Left Arm":{"Weight":1,"CFrame":[-0.2805522680282593,-0.7376596331596375,-0.11975455284118653,-0.7776806354522705,0.6074184775352478,0.16203813254833222,-0.5801446437835693,-0.7927052974700928,0.18721897900104524,0.24216872453689576,0.051590971648693088,0.9688619375228882],"EasingStyle":"Linear","EasingDirection":"In"},"Torso":{"Weight":1,"CFrame":[-0.042980194091796878,-0.38374900817871096,-0.4022254943847656,0.998152494430542,-0.004459023475646973,-0.06059736758470535,-0.02162472903728485,0.9059358835220337,-0.4228626787662506,0.05678286775946617,0.423391729593277,0.904165506362915],"EasingStyle":"Linear","EasingDirection":"In"},"HumanoidRootPart":{"Weight":0,"CFrame":[0,0,0,1,0,0,0,1,0,0,0,1],"EasingStyle":"Linear","EasingDirection":"In"},"Right Leg":{"Weight":1,"CFrame":[0.9778964519500732,0.5487109422683716,-0.2140566110610962,0.9493829607963562,0.27690383791923525,-0.14831341803073884,-0.14122098684310914,0.7979947328567505,0.5858850479125977,0.28058692812919619,-0.5352841019630432,0.796707272529602],"EasingStyle":"Linear","EasingDirection":"In"}}},{"Time":0.23333333432674409,"poses":{"Left Leg":{"Weight":1,"CFrame":[-0.864715039730072,0.3932896852493286,-0.2601280212402344,0.9926531314849854,-0.11988040804862976,0.016407683491706849,0.09774661064147949,0.8744218945503235,0.4752183258533478,-0.07131648808717728,-0.4701228141784668,0.8797151446342468],"EasingStyle":"Linear","EasingDirection":"In"},"Right Arm":{"Weight":1,"CFrame":[-0.6249757409095764,-0.42449405789375307,-0.2957661747932434,0.4416208267211914,-0.8904750347137451,0.10966324806213379,0.8929978013038635,0.4244369566440582,-0.14969506859779359,0.08675453066825867,0.16403749585151673,0.982632040977478],"EasingStyle":"Linear","EasingDirection":"In"},"Head":{"Weight":1,"CFrame":[4.6938657760620119e-7,5.960464477539063e-8,0,1.0000001192092896,-0.00020591355860233307,0.0001058727502822876,0.0002179555594921112,0.6830198764801025,-0.7304002046585083,0.00007811002433300018,0.7303999662399292,0.6830198764801025],"EasingStyle":"Linear","EasingDirection":"In"},"Left Arm":{"Weight":1,"CFrame":[-0.14158111810684205,-0.7485718131065369,-0.15841203927993775,-0.6280142068862915,0.7782020568847656,-0.0005590692162513733,-0.7629109025001526,-0.6155321002006531,0.19770607352256776,0.15351106226444245,0.12458863854408264,0.9802613854408264],"EasingStyle":"Linear","EasingDirection":"In"},"Torso":{"Weight":1,"CFrame":[-0.032501220703125,-0.41597747802734377,-0.31713247299194338,0.9986206293106079,0.020659880712628366,-0.048271313309669498,-0.040640734136104587,0.8862299919128418,-0.4614596664905548,0.03324578329920769,0.46278488636016848,0.8858470916748047],"EasingStyle":"Linear","EasingDirection":"In"},"HumanoidRootPart":{"Weight":0,"CFrame":[0,0,0,1,0,0,0,1,0,0,0,1],"EasingStyle":"Linear","EasingDirection":"In"},"Right Leg":{"Weight":1,"CFrame":[0.9646920561790466,0.47716987133026125,-0.3403502106666565,0.9883678555488586,0.15081441402435304,0.01961800456047058,-0.13290581107139588,0.7938065528869629,0.5934709310531616,0.07393068075180054,-0.5891745686531067,0.8046164512634277],"EasingStyle":"Linear","EasingDirection":"In"}}},{"Time":0.25,"poses":{"Left Leg":{"Weight":1,"CFrame":[-0.7645455002784729,0.357285737991333,-0.30863481760025027,0.9986105561256409,0.004521220922470093,-0.052503496408462527,0.022956490516662599,0.8594935536384583,0.5106314420700073,0.04743499308824539,-0.5111269354820252,0.8581953048706055],"EasingStyle":"Linear","EasingDirection":"In"},"Right Arm":{"Weight":1,"CFrame":[-0.5983403325080872,-0.45032787322998049,-0.2642167806625366,0.4039020538330078,-0.9084781408309937,0.10738105326890946,0.9143602848052979,0.39726775884628298,-0.07825680077075958,0.028435520827770234,0.1297929883003235,0.9911332726478577],"EasingStyle":"Linear","EasingDirection":"In"},"Head":{"Weight":1,"CFrame":[-0.000007631257176399231,-0.000001519918441772461,0,1,-0.0002190498635172844,0.00010681524872779846,0.000231131911277771,0.7133440971374512,-0.7008140683174133,0.00007734261453151703,0.700814425945282,0.713344156742096],"EasingStyle":"Linear","EasingDirection":"In"},"Left Arm":{"Weight":1,"CFrame":[0.009905755519866944,-0.7175015211105347,-0.16175055503845216,-0.3993681073188782,0.9007651209831238,-0.17066773772239686,-0.9100084900856018,-0.36688125133514407,0.19308938086032868,0.11131328344345093,0.23242272436618806,0.9662240743637085],"EasingStyle":"Linear","EasingDirection":"In"},"Torso":{"Weight":1,"CFrame":[-0.0223236083984375,-0.4527454376220703,-0.2486422061920166,0.998212993144989,0.04672953113913536,-0.03724430501461029,-0.05917172506451607,0.859923779964447,-0.5069810748100281,0.008336290717124939,0.5082789659500122,0.8611524105072022],"EasingStyle":"Linear","EasingDirection":"In"},"HumanoidRootPart":{"Weight":0,"CFrame":[0,0,0,1,0,0,0,1,0,0,0,1],"EasingStyle":"Linear","EasingDirection":"In"},"Right Leg":{"Weight":1,"CFrame":[0.9007970690727234,0.44469738006591799,-0.4103684425354004,0.9907511472702026,0.0035929083824157717,0.13564495742321015,-0.08462095260620117,0.7978124022483826,0.5969382524490356,-0.10607457160949707,-0.6028953790664673,0.7907371520996094],"EasingStyle":"Linear","EasingDirection":"In"}}},{"Time":0.2666666805744171,"poses":{"Left Leg":{"Weight":1,"CFrame":[-0.6496291756629944,0.34554779529571535,-0.2970987558364868,0.992077648639679,0.11746898293495178,-0.044533878564834598,-0.07597693800926209,0.843338668346405,0.5319845080375671,0.10004893690347672,-0.524386465549469,0.8455823063850403],"EasingStyle":"Linear","EasingDirection":"In"},"Right Arm":{"Weight":1,"CFrame":[-0.563889741897583,-0.48035556077957156,-0.21384865045547486,0.3477562665939331,-0.9321389198303223,0.1009119302034378,0.9356611967086792,0.3519180715084076,0.02630527690052986,-0.06003290042281151,0.08527159690856934,0.9945477247238159],"EasingStyle":"Linear","EasingDirection":"In"},"Head":{"Weight":1,"CFrame":[0.000004719942808151245,5.960464477539063e-8,0,1.0000001192092896,-0.0002299230545759201,0.00010500103235244751,0.00024162232875823975,0.7478500008583069,-0.6638680696487427,0.00007409602403640747,0.6638678312301636,0.7478499412536621],"EasingStyle":"Linear","EasingDirection":"In"},"Left Arm":{"Weight":1,"CFrame":[0.14340221881866456,-0.6457429528236389,-0.1340600848197937,-0.12987318634986878,0.9352633357048035,-0.32926592230796816,-0.9826273322105408,-0.07700133323669434,0.16886189579963685,0.13257652521133424,0.3454763889312744,0.9290157556533814],"EasingStyle":"Linear","EasingDirection":"In"},"Torso":{"Weight":1,"CFrame":[-0.012340545654296875,-0.49166297912597659,-0.2084052562713623,0.9969193339347839,0.07333345711231232,-0.027825232595205308,-0.07638858258724213,0.827254593372345,-0.556610107421875,-0.017799608409404756,0.557020902633667,0.8303077220916748],"EasingStyle":"Linear","EasingDirection":"In"},"HumanoidRootPart":{"Weight":0,"CFrame":[0,0,0,1,0,0,0,1,0,0,0,1],"EasingStyle":"Linear","EasingDirection":"In"},"Right Leg":{"Weight":1,"CFrame":[0.8156355023384094,0.45021212100982668,-0.40916383266448977,0.9755361080169678,-0.13531789183616639,0.1732582151889801,0.006347328424453735,0.805120587348938,0.5930772423744202,-0.21974796056747437,-0.577468752861023,0.7862832546234131],"EasingStyle":"Linear","EasingDirection":"In"}}},{"Time":0.28333333134651186,"poses":{"Left Leg":{"Weight":1,"CFrame":[-0.6202432513237,0.3895096778869629,-0.27943742275238039,0.9879195690155029,0.15099796652793885,0.034852057695388797,-0.14583447575569154,0.8298078179359436,0.5386571884155273,0.05241570621728897,-0.5372326374053955,0.8418042063713074],"EasingStyle":"Linear","EasingDirection":"In"},"Right Arm":{"Weight":1,"CFrame":[-0.5209416151046753,-0.5080249309539795,-0.144802987575531,0.27390602231025698,-0.9580748081207275,0.08407367765903473,0.9454566240310669,0.28425899147987368,0.1590878963470459,-0.17631682753562928,0.03591291978955269,0.98367840051651],"EasingStyle":"Linear","EasingDirection":"In"},"Head":{"Weight":1,"CFrame":[-6.742775440216064e-7,0.0000013113021850585938,0,1.000000238418579,-0.0002376548945903778,0.00010053068399429321,0.00024866312742233276,0.7841148376464844,-0.6206157207489014,0.00006865710020065308,0.6206157803535461,0.7841149568557739],"EasingStyle":"Linear","EasingDirection":"In"},"Left Arm":{"Weight":1,"CFrame":[0.2388126254081726,-0.5493170619010925,-0.0897793173789978,0.12460014224052429,0.8796184659004211,-0.45907115936279299,-0.969990611076355,0.2053489089012146,0.1301925927400589,0.20878960192203523,0.42907267808914187,0.8788082003593445],"EasingStyle":"Linear","EasingDirection":"In"},"Torso":{"Weight":1,"CFrame":[-0.0025482177734375,-0.5304031372070313,-0.20445752143859864,0.9947889447212219,0.09994340687990189,-0.020160388201475145,-0.09157966077327728,0.7889866828918457,-0.607546865940094,-0.04481405019760132,0.6062270998954773,0.7940279841423035],"EasingStyle":"Linear","EasingDirection":"In"},"HumanoidRootPart":{"Weight":0,"CFrame":[0,0,0,1,0,0,0,1,0,0,0,1],"EasingStyle":"Linear","EasingDirection":"In"},"Right Leg":{"Weight":1,"CFrame":[0.7426208257675171,0.4829920530319214,-0.3647172451019287,0.9601107239723206,-0.24261507391929627,0.1390143185853958,0.12165042757987976,0.8100637197494507,0.5735840797424316,-0.25177091360092165,-0.5337932109832764,0.8072649240493774],"EasingStyle":"Linear","EasingDirection":"In"}}},{"Time":0.30000001192092898,"poses":{"Left Leg":{"Weight":1,"CFrame":[-0.6549304127693176,0.49339234828948977,-0.2555517554283142,0.9796374440193176,0.11915150284767151,0.16159863770008088,-0.18756142258644105,0.8302814364433289,0.5248367190361023,-0.07163757085800171,-0.5444590449333191,0.835722804069519],"EasingStyle":"Linear","EasingDirection":"In"},"Right Arm":{"Weight":1,"CFrame":[-0.4700736701488495,-0.5255485773086548,-0.05915236473083496,0.1855177879333496,-0.981319785118103,0.050943270325660709,0.9310104846954346,0.19211742281913758,0.31034013628959658,-0.3143298625946045,-0.010144844651222229,0.9492596387863159],"EasingStyle":"Linear","EasingDirection":"In"},"Head":{"Weight":1,"CFrame":[-0.0000010654330253601075,-9.238719940185547e-7,0,1,-0.00024142861366271973,0.00009368360042572021,0.00025156140327453613,0.8199021816253662,-0.5725041031837463,0.00006138533353805542,0.572503924369812,0.8199023604393005],"EasingStyle":"Linear","EasingDirection":"In"},"Left Arm":{"Weight":1,"CFrame":[0.29503974318504336,-0.45006394386291506,-0.043631553649902347,0.3212423622608185,0.7698588371276856,-0.5514720678329468,-0.8947263360023499,0.437533974647522,0.08960685133934021,0.3102724552154541,0.4646308124065399,0.8293668627738953],"EasingStyle":"Linear","EasingDirection":"In"},"Torso":{"Weight":1,"CFrame":[0.00627899169921875,-0.5669651031494141,-0.23137307167053224,0.9919328093528748,0.12596693634986878,-0.014200662262737751,-0.10420619696378708,0.7464902997016907,-0.6571861505508423,-0.07218308001756668,0.6533642411231995,0.7535946369171143],"EasingStyle":"Linear","EasingDirection":"In"},"HumanoidRootPart":{"Weight":0,"CFrame":[0,0,0,1,0,0,0,1,0,0,0,1],"EasingStyle":"Linear","EasingDirection":"In"},"Right Leg":{"Weight":1,"CFrame":[0.6939985156059265,0.5313757658004761,-0.31030869483947756,0.9462404251098633,-0.31692323088645937,0.06472750008106232,0.23589429259300233,0.8130263686180115,0.5322991609573364,-0.2213231474161148,-0.48841381072998049,0.8440782427787781],"EasingStyle":"Linear","EasingDirection":"In"}}},{"Time":0.3166666626930237,"poses":{"Left Leg":{"Weight":1,"CFrame":[-0.6281010508537293,0.6005285978317261,-0.19115126132965089,0.9424233436584473,0.10874170064926148,0.3162499666213989,-0.25596103072166445,0.8431469798088074,0.47285017371177676,-0.21522685885429383,-0.5265725255012512,0.8224347233772278],"EasingStyle":"Linear","EasingDirection":"In"},"Right Arm":{"Weight":1,"CFrame":[-0.4137256145477295,-0.5257335305213928,0.0380781888961792,0.08886462450027466,-0.9960412979125977,-0.0022509247064590456,0.8819218873977661,0.07763233780860901,0.4649595320224762,-0.4629440903663635,-0.04330363869667053,0.8853291273117065],"EasingStyle":"Linear","EasingDirection":"In"},"Head":{"Weight":1,"CFrame":[0.0000013969838619232178,0.0000028312206268310548,0,1,-0.00024044327437877655,0.00008494406938552856,0.00024949759244918823,0.8533110618591309,-0.5214022994041443,0.000052869319915771487,0.5214024186134338,0.8533111810684204],"EasingStyle":"Linear","EasingDirection":"In"},"Left Arm":{"Weight":1,"CFrame":[