{"Sequence":[{"Time":0,"poses":{"Left Leg":{"Weight":1,"CFrame":[-0.6029186844825745,0.31078022718429568,-0.02929830551147461,0.9797460436820984,-0.19926421344280244,0.019790593534708024,0.19413110613822938,0.9694187641143799,0.15013505518436433,-0.049101948738098147,-0.14325225353240968,0.9884674549102783],"EasingStyle":"Linear","EasingDirection":"In"},"Right Arm":{"Weight":1,"CFrame":[0.4324232041835785,0.2540491223335266,0.17883038520812989,-0.806442379951477,-0.30392950773239138,-0.5072253346443176,0.18042312562465669,-0.9433645009994507,0.2784076929092407,-0.5631147623062134,0.13300450146198274,0.8156050443649292],"EasingStyle":"Linear","EasingDirection":"In"},"Head":{"Weight":1,"CFrame":[1.0058283805847168e-7,-2.3283064365386964e-8,-1.1920928955078126e-7,0.9836045503616333,0.13734975457191468,-0.11686370521783829,-0.13732579350471497,0.9904912114143372,0.008295450359582901,0.11689185351133347,0.00788896158337593,0.9931133389472961],"EasingStyle":"Linear","EasingDirection":"In"},"Right Leg":{"Weight":1,"CFrame":[0.35504457354545596,0.05774205923080444,0.027276039123535157,0.9752461314201355,0.20786434412002564,-0.07541580498218537,-0.20701438188552857,0.9781533479690552,0.01900486648082733,0.07771872729063034,-0.0029223004821687938,0.996971070766449],"EasingStyle":"Linear","EasingDirection":"In"},"Torso":{"Weight":1,"CFrame":[0.08734393119812012,0.12067469954490662,-0.09515070915222168,0.9954392910003662,-0.09353357553482056,0.01876460574567318,0.09411907196044922,0.9950066804885864,-0.03321642801165581,-0.015564057044684887,0.03483104333281517,0.9992721080780029],"EasingStyle":"Linear","EasingDirection":"In"},"HumanoidRootPart":{"Weight":1,"CFrame":[0,0,0,1,0,0,0,1,0,0,0,1],"EasingStyle":"Linear","EasingDirection":"In"},"Left Arm":{"Weight":1,"CFrame":[0.23243319988250733,-0.13787510991096497,-0.142239511013031,0.9287253022193909,0.3589649498462677,0.09280937165021897,-0.3658996522426605,0.9277842044830322,0.07303475588560105,-0.059890154749155048,-0.10178826749324799,0.9930017590522766],"EasingStyle":"Linear","EasingDirection":"In"}}},{"Time":0.0416666679084301,"poses":{"Left Leg":{"Weight":1,"CFrame":[-0.5593421459197998,0.2631099820137024,-0.0191575288772583,0.9855295419692993,-0.16885630786418916,0.01480756513774395,0.1660049855709076,0.9791529178619385,0.11705570667982102,-0.034264471381902698,-0.1129036471247673,0.9930149912834168],"EasingStyle":"Linear","EasingDirection":"In"},"Right Arm":{"Weight":1,"CFrame":[0.4291534125804901,0.29860663414001467,0.1860121488571167,-0.768551766872406,-0.339944064617157,-0.5420020818710327,0.08012791723012924,-0.8916330337524414,0.44561219215393069,-0.6347501277923584,0.29904651641845705,0.7125051021575928],"EasingStyle":"Linear","EasingDirection":"In"},"Head":{"Weight":1,"CFrame":[8.800998330116272e-8,-2.9103830456733705e-9,2.384185791015625e-7,0.9792154431343079,0.13698913156986237,-0.14956989884376527,-0.13695698976516725,0.9905206561088562,0.010564638301730156,0.1495993286371231,0.010139581747353077,0.9886947274208069],"EasingStyle":"Linear","EasingDirection":"In"},"Right Leg":{"Weight":1,"CFrame":[0.41507595777511599,0.0721936821937561,0.03526616096496582,0.9645541906356812,0.25032269954681399,-0.08350878953933716,-0.24962535500526429,0.9681589007377625,0.018859947100281717,0.08557090908288956,0.0026544418651610615,0.996328592300415],"EasingStyle":"Linear","EasingDirection":"In"},"Torso":{"Weight":1,"CFrame":[0.015211319550871849,0.12219560146331787,-0.11217308044433594,0.9942593574523926,-0.10666757822036743,-0.008386823348701,0.10634520649909973,0.993801474571228,-0.032393161207437518,0.011790136806666851,0.03131530433893204,0.9994400143623352],"EasingStyle":"Linear","EasingDirection":"In"},"HumanoidRootPart":{"Weight":1,"CFrame":[0,0,0,1,0,0,0,1,0,0,0,1],"EasingStyle":"Linear","EasingDirection":"In"},"Left Arm":{"Weight":1,"CFrame":[0.23236708343029023,-0.13929662108421327,-0.14200180768966676,0.9489388465881348,0.20088760554790498,0.24322716891765595,-0.22401846945285798,0.971979558467865,0.0712139829993248,-0.22210584580898286,-0.12206517159938812,0.9673516750335693],"EasingStyle":"Linear","EasingDirection":"In"}}},{"Time":0.0833333358168602,"poses":{"Left Leg":{"Weight":1,"CFrame":[-0.456635445356369,0.18627393245697022,-0.0054909586906433109,0.993927538394928,-0.10859975963830948,0.017723768949508668,0.10679621994495392,0.9908636212348938,0.08236538618803024,-0.026506712660193445,-0.07997234910726547,0.9964446425437927],"EasingStyle":"Linear","EasingDirection":"In"},"Right Arm":{"Weight":1,"CFrame":[0.4164123833179474,0.33434218168258669,0.2362840175628662,-0.6023187041282654,-0.44671645760536196,-0.6615561842918396,-0.05180162563920021,-0.8051320910453796,0.5908292531967163,-0.7965731620788574,0.39013713598251345,0.46180546283721926],"EasingStyle":"Linear","EasingDirection":"In"},"Head":{"Weight":1,"CFrame":[8.568167686462403e-8,-1.7695128917694093e-8,2.384185791015625e-7,0.9744988679885864,0.1364351212978363,-0.17815019190311433,-0.1363844871520996,0.9905760884284973,0.01258954405784607,0.17818893492221833,0.012028427794575692,0.9839228391647339],"EasingStyle":"Linear","EasingDirection":"In"},"Right Leg":{"Weight":1,"CFrame":[0.4598695933818817,0.08133339881896973,0.040252089500427249,0.9569457173347473,0.27751365303993227,-0.08509457111358643,-0.2776290476322174,0.9606286287307739,0.010714306496083737,0.08471767604351044,0.013371691107749939,0.9963153004646301],"EasingStyle":"Linear","EasingDirection":"In"},"Torso":{"Weight":1,"CFrame":[-0.046448975801467898,0.12573878467082978,-0.12957119941711427,0.9934530854225159,-0.11093955487012863,-0.027268823236227037,0.11007770150899887,0.993429958820343,-0.0313049852848053,0.030562622472643853,0.028098341077566148,0.9991379380226135],"EasingStyle":"Linear","EasingDirection":"In"},"HumanoidRootPart":{"Weight":1,"CFrame":[0,0,0,1,0,0,0,1,0,0,0,1],"EasingStyle":"Linear","EasingDirection":"In"},"Left Arm":{"Weight":1,"CFrame":[0.2321079969406128,-0.14242398738861085,-0.14033716917037965,0.9286897778511047,0.08095389604568482,0.36191412806510928,-0.11745090037584305,0.9898535013198853,0.07997198402881623,-0.3517678678035736,-0.11677633225917816,0.9287748336791992],"EasingStyle":"Linear","EasingDirection":"In"}}},{"Time":0.125,"poses":{"Left Leg":{"Weight":1,"CFrame":[-0.35459408164024355,0.1318930983543396,-0.0024675726890563967,0.9991311430931091,-0.03949350118637085,0.013315384276211262,0.03859395161271095,0.9973217248916626,0.06212964653968811,-0.015733474865555764,-0.061561744660139087,0.9979793429374695],"EasingStyle":"Linear","EasingDirection":"In"},"Right Arm":{"Weight":1,"CFrame":[0.38980281352996828,0.4030904173851013,0.3727365732192993,-0.2643699645996094,-0.5358390212059021,-0.8018634915351868,-0.24274243414402009,-0.7677069902420044,0.5930449366569519,-0.9333727359771729,0.35142946243286135,0.07288776338100434],"EasingStyle":"Linear","EasingDirection":"In"},"Head":{"Weight":1,"CFrame":[9.336508810520172e-8,7.450580596923828e-9,-3.5762786865234377e-7,0.9698328375816345,0.13564060628414155,-0.20254865288734437,-0.13554489612579347,0.9906665086746216,0.014409905299544335,0.2026127129793167,0.01347923744469881,0.9791662096977234],"EasingStyle":"Linear","EasingDirection":"In"},"Right Leg":{"Weight":1,"CFrame":[0.41179028153419497,0.05088198184967041,0.04368865489959717,0.9640679955482483,0.2476222813129425,-0.0962088480591774,-0.2511802315711975,0.9675739407539368,-0.026629220694303514,0.08649526536464691,0.049838077276945117,0.9950048923492432],"EasingStyle":"Linear","EasingDirection":"In"},"Torso":{"Weight":1,"CFrame":[-0.08053749054670334,0.1294049322605133,-0.11127161979675293,0.9922603368759155,-0.1229788288474083,-0.01719924435019493,0.12237750738859177,0.9919518232345581,-0.032486747950315478,0.021056002005934717,0.030130505561828615,0.9993242621421814],"EasingStyle":"Linear","EasingDirection":"In"},"HumanoidRootPart":{"Weight":1,"CFrame":[0,0,0,1,0,0,0,1,0,0,0,1],"EasingStyle":"Linear","EasingDirection":"In"},"Left Arm":{"Weight":1,"CFrame":[0.2315647304058075,-0.14555150270462037,-0.13581925630569459,0.8890190124511719,0.006444988306611776,0.4578249454498291,-0.05411747097969055,0.994371235370636,0.09108895063400269,-0.4546610116958618,-0.10575617104768753,0.8843637704849243],"EasingStyle":"Linear","EasingDirection":"In"}}},{"Time":0.1666666716337204,"poses":{"Left Leg":{"Weight":1,"CFrame":[-0.31817513704299929,0.10953587293624878,-0.0031626224517822267,0.9999935030937195,-0.0022472867276519539,0.0028366982005536558,0.002129257656633854,0.999159574508667,0.040934007614851,-0.0029263407923281194,-0.0409277081489563,0.9991579055786133],"EasingStyle":"Linear","EasingDirection":"In"},"Right Arm":{"Weight":1,"CFrame":[0.3505789637565613,0.5189728736877441,0.6073542833328247,0.23180319368839265,-0.2962876260280609,-0.9265424609184265,-0.24787892401218415,-0.9390339255332947,0.23826764523983003,-0.9406505227088928,0.17443916201591493,-0.2911145091056824],"EasingStyle":"Linear","EasingDirection":"In"},"Head":{"Weight":1,"CFrame":[8.381903171539307e-8,-9.313225746154786e-10,-4.76837158203125e-7,0.9655542373657227,0.13455744087696076,-0.2227093130350113,-0.13437047600746156,0.9908009767532349,0.016064375638961793,0.2228221595287323,0.014414521865546704,0.9747526049613953],"EasingStyle":"Linear","EasingDirection":"In"},"Right Leg":{"Weight":1,"CFrame":[0.2971194386482239,0.000802159309387207,0.0398789644241333,0.9776310920715332,0.17541129887104035,-0.11605291068553925,-0.18510015308856965,0.9795634746551514,-0.07869812101125717,0.09987670183181763,0.09841912239789963,0.9901203513145447],"EasingStyle":"Linear","EasingDirection":"In"},"Torso":{"Weight":1,"CFrame":[-0.09531969577074051,0.13313570618629456,-0.07759284973144531,0.9898247122764587,-0.14188173413276673,0.010797783732414246,0.14218378067016602,0.989179253578186,-0.036172233521938327,-0.005548763554543257,0.03733944892883301,0.9992872476577759],"EasingStyle":"Linear","EasingDirection":"In"},"HumanoidRootPart":{"Weight":1,"CFrame":[0,0,0,1,0,0,0,1,0,0,0,1],"EasingStyle":"Linear","EasingDirection":"In"},"Left Arm":{"Weight":1,"CFrame":[0.23064598441123963,-0.14697331190109254,-0.1270211935043335,0.8400731682777405,-0.022939510643482209,0.541987955570221,-0.03732205927371979,0.9942940473556519,0.09993188828229904,-0.5411878228187561,-0.10417830944061279,0.8344235420227051],"EasingStyle":"Linear","EasingDirection":"In"}}},{"Time":0.2083333283662796,"poses":{"Left Leg":{"Weight":1,"CFrame":[-0.3258104920387268,0.11575376987457276,-0.007976293563842774,0.9997790455818176,0.01727551594376564,-0.011982671916484833,-0.016800595447421075,0.9991111159324646,0.038663581013679507,0.01263993140310049,-0.038453709334135059,0.9991804957389832],"EasingStyle":"Linear","EasingDirection":"In"},"Right Arm":{"Weight":1,"CFrame":[0.32260072231292727,0.5852562189102173,0.7901133298873901,0.4887613356113434,0.04899727180600166,-0.8710405230522156,-0.13890275359153748,-0.9813151359558106,-0.13314181566238404,-0.8612887859344482,0.18606457114219666,-0.47282305359840395],"EasingStyle":"Linear","EasingDirection":"In"},"Head":{"Weight":1,"CFrame":[7.171183824539185e-8,1.816079020500183e-8,-5.960464477539063e-8,0.9619563221931458,0.13313433527946473,-0.2385694682598114,-0.13278938829898835,0.9909881353378296,0.01759215071797371,0.23876158893108369,0.014756615273654461,0.970966100692749],"EasingStyle":"Linear","EasingDirection":"In"},"Right Leg":{"Weight":1,"CFrame":[0.15861588716506959,-0.05128288269042969,0.025057315826416017,0.9870340824127197,0.08161994069814682,-0.13820989429950715,-0.1013353019952774,0.984635055065155,-0.14221477508544923,0.1244787871837616,0.1543762981891632,0.9801393151283264],"EasingStyle":"Linear","EasingDirection":"In"},"Torso":{"Weight":1,"CFrame":[-0.09268395602703095,0.13663241267204286,-0.060762882232666019,0.9853433966636658,-0.1619202196598053,0.053669609129428866,0.1642792522907257,0.9854807257652283,-0.04289551079273224,-0.04594472050666809,0.051083602011203769,0.9976369738578796],"EasingStyle":"Linear","EasingDirection":"In"},"HumanoidRootPart":{"Weight":1,"CFrame":[0,0,0,1,0,0,0,1,0,0,0,1],"EasingStyle":"Linear","EasingDirection":"In"},"Left Arm":{"Weight":1,"CFrame":[0.22908622026443482,-0.1468704342842102,-0.09926772117614746,0.7791598439216614,0.0019670194014906885,0.6268222332000732,-0.08155639469623566,0.9918127655982971,0.09826475381851196,-0.6214970946311951,-0.12768538296222688,0.7729411125183106],"EasingStyle":"Linear","EasingDirection":"In"}}},{"Time":0.25,"poses":{"Left Leg":{"Weight":1,"CFrame":[-0.4288100004196167,0.19534611701965333,-0.027224957942962648,0.9994906187057495,-0.009008769877254963,-0.03061683475971222,0.011473641730844975,0.9966227412223816,0.08131106197834015,0.029780860990285875,-0.081620953977108,0.9962184429168701],"EasingStyle":"Linear","EasingDirection":"In"},"Right Arm":{"Weight":1,"CFrame":[0.3140160143375397,0.5479675531387329,0.8535786867141724,0.5378936529159546,0.12359365820884705,-0.8339034914970398,-0.21956667304039002,-0.9345139861106873,-0.2801324725151062,-0.8139170408248901,0.333778977394104,-0.47553202509880068],"EasingStyle":"Linear","EasingDirection":"In"},"Head":{"Weight":1,"CFrame":[7.636845111846924e-8,4.190951585769653e-9,-4.172325134277344e-7,0.9592857360839844,0.13131478428840638,-0.25005489587783816,-0.13072675466537476,0.9912357330322266,0.019034303724765779,0.250362753868103,0.014429518021643162,0.9680445790290833],"EasingStyle":"Linear","EasingDirection":"In"},"Right Leg":{"Weight":1,"CFrame":[0.14641356468200684,-0.0842210054397583,0.023569107055664064,0.9862263202667236,0.05373269319534302,-0.15643100440502168,-0.08676453679800034,0.9732566475868225,-0.21270526945590974,0.14081831276416779,0.22334812581539155,0.9645133018493652],"EasingStyle":"Linear","EasingDirection":"In"},"Torso":{"Weight":1,"CFrame":[-0.07666608691215515,0.13910774886608125,-0.09235310554504395,0.9783781170845032,-0.1777874231338501,0.10567916929721832,0.18407514691352845,0.9814828634262085,-0.05298813059926033,-0.09430167824029923,0.07129532843828201,0.9929875135421753],"EasingStyle":"Linear","EasingDirection":"In"},"HumanoidRootPart":{"Weight":1,"CFrame":[0,0,0,1,0,0,0,1,0,0,0,1],"EasingStyle":"Linear","EasingDirection":"In"},"Left Arm":{"Weight":1,"CFrame":[0.22592191398143769,-0.14615187048912049,-0.0450364351272583,0.6930660605430603,0.07851163297891617,0.7165859937667847,-0.186440572142601,0.979752242565155,0.07297627627849579,-0.6963472366333008,-0.1841781735420227,0.6936708092689514],"EasingStyle":"Linear","EasingDirection":"In"}}},{"Time":0.2916666567325592,"poses":{"Left Leg":{"Weight":1,"CFrame":[-0.5428429841995239,0.31792235374450686,-0.06692284345626831,0.9979925751686096,-0.04165155440568924,-0.0477081723511219,0.048177070915699008,0.9882572889328003,0.1450050324201584,0.041108209639787677,-0.147012397646904,0.9882801175117493],"EasingStyle":"Linear","EasingDirection":"In"},"Right Arm":{"Weight":1,"CFrame":[0.31099507212638857,0.4787176251411438,0.8769612312316895,0.5575586557388306,0.1618359088897705,-0.8142097592353821,-0.27168911695480349,-0.8912220597267151,-0.3631918430328369,-0.7844191193580627,0.42371276021003725,-0.45293956995010378],"EasingStyle":"Linear","EasingDirection":"In"},"Head":{"Weight":1,"CFrame":[-7.450580596923828e-9,-9.313225746154785e-9,-5.960464477539063e-8,0.9577383399009705,0.12903521955013276,-0.25707483291625979,-0.12810511887073518,0.991550087928772,0.02043646201491356,0.2575395405292511,0.013359827920794487,0.9661754369735718],"EasingStyle":"Linear","EasingDirection":"In"},"Right Leg":{"Weight":1,"CFrame":[0.26294171810150149,-0.08653593063354492,0.04983162879943848,0.9805450439453125,0.10065599530935288,-0.1685224324464798,-0.14470569789409638,0.9507532119750977,-0.2740964889526367,0.13263383507728578,0.29315006732940676,0.9468216896057129],"EasingStyle":"Linear","EasingDirection":"In"},"Torso":{"Weight":1,"CFrame":[-0.059537529945373538,0.13840976357460023,-0.16407561302185059,0.9706920981407166,-0.18713070452213288,0.15079496800899507,0.19865353405475617,0.9778963923454285,-0.06523380428552628,-0.1352546215057373,0.09327787905931473,0.98641037940979],"EasingStyle":"Linear","EasingDirection":"In"},"HumanoidRootPart":{"Weight":1,"CFrame":[0,0,0,1,0,0,0,1,0,0,0,1],"EasingStyle":"Linear","EasingDirection":"In"},"Left Arm":{"Weight":1,"CFrame":[0.22001542150974275,-0.14420086145401,0.026371479034423829,0.564751386642456,0.1852240115404129,0.8042064309120178,-0.32938793301582339,0.9440928101539612,0.013869162648916245,-0.7566766142845154,-0.27272865176200869,0.5941882729530335],"EasingStyle":"Linear","EasingDirection":"In"}}},{"Time":0.3333333432674408,"poses":{"Left Leg":{"Weight":1,"CFrame":[-0.6188498735427856,0.42246758937835696,-0.10501694679260254,0.9960519671440125,-0.06589440256357193,-0.059486325830221179,0.07554067671298981,0.98111492395401,0.17806541919708253,0.04662938043475151,-0.18185602128505708,0.9822190403938294],"EasingStyle":"Linear","EasingDirection":"In"},"Right Arm":{"Weight":1,"CFrame":[0.3100825250148773,0.4414292573928833,0.8803014755249023,0.561364471912384,0.17789337038993836,-0.808222770690918,-0.30730682611465456,-0.8619834184646606,-0.4031713306903839,-0.7683961391448975,0.47469839453697207,-0.42921900749206545],"EasingStyle":"Linear","EasingDirection":"In"},"Head":{"Weight":1,"CFrame":[9.406358003616333e-8,-9.313225746154785e-9,0,0.957453727722168,0.12622259557247163,-0.25951942801475527,-0.12484578788280487,0.9919356107711792,0.021850433200597764,0.2601845860481262,0.011479132808744908,0.9654906392097473],"EasingStyle":"Linear","EasingDirection":"In"},"Right Leg":{"Weight":1,"CFrame":[0.3876610994338989,-0.05921578407287598,0.08775317668914795,0.9714634418487549,0.15993617475032807,-0.17515495419502259,-0.20832431316375733,0.9283975958824158,-0.3076995313167572,0.11340116709470749,0.3354078531265259,0.935222864151001],"EasingStyle":"Linear","EasingDirection":"In"},"Torso":{"Weight":1,"CFrame":[-0.05534094572067261,0.13159531354904176,-0.24679112434387208,0.9669238328933716,-0.18946102261543275,0.17077136039733888,0.20504002273082734,0.9755931496620178,-0.0785917192697525,-0.1517133116722107,0.11100716888904572,0.9821712970733643],"EasingStyle":"Linear","EasingDirection":"In"},"HumanoidRootPart":{"Weight":1,"CFrame":[0,0,0,1,0,0,0,1,0,0,0,1],"EasingStyle":"Linear","EasingDirection":"In"},"Left Arm":{"Weight":1,"CFrame":[0.21022897958755494,-0.14040234684944154,0.10565435886383057,0.38262638449668887,0.29486986994743349,0.8755848407745361,-0.47866585850715639,0.8738617897033691,-0.08511502295732498,-0.7902379631996155,-0.3865453898906708,0.4755067527294159],"EasingStyle":"Linear","EasingDirection":"In"}}},{"Time":0.375,"poses":{"Left Leg":{"Weight":1,"CFrame":[-0.6582626104354858,0.48689621686935427,-0.11843997240066529,0.9944251179695129,-0.08854548633098602,-0.05725811794400215,0.09751789271831513,0.9788313508033752,0.17994287610054017,0.04011289030313492,-0.18452341854572297,0.9820092916488648],"EasingStyle":"Linear","EasingDirection":"In"},"Right Arm":{"Weight":1,"CFrame":[0.30838558077812197,0.45495760440826418,0.8775099515914917,0.5621431469917297,0.18013522028923036,-0.8071842193603516,-0.33167770504951479,-0.8449637293815613,-0.41955482959747317,-0.7576180100440979,0.5035748481750488,-0.4152437746524811],"EasingStyle":"Linear","EasingDirection":"In"},"Head":{"Weight":1,"CFrame":[1.3737007975578309e-7,-3.166496753692627e-8,2.384185791015625e-7,0.9598882794380188,0.1254945695400238,-0.25073006749153139,-0.11817891150712967,0.992013156414032,0.044086143374443057,0.2542600929737091,-0.012686779722571373,0.967052698135376],"EasingStyle":"Linear","EasingDirection":"In"},"Right Leg":{"Weight":1,"CFrame":[0.4823858141899109,-0.015392422676086426,0.1167370080947876,0.9640961289405823,0.20561105012893678,-0.16805583238601685,-0.2500985264778137,0.9157765507698059,-0.31433120369911196,0.08927164226770401,0.34507596492767336,0.9343196153640747],"EasingStyle":"Linear","EasingDirection":"In"},"Torso":{"Weight":1,"CFrame":[-0.062204062938690189,0.1212736964225769,-0.313662052154541,0.9702427983283997,-0.17508380115032197,0.16725656390190125,0.19209393858909608,0.9771022796630859,-0.09149378538131714,-0.14740769565105439,0.12090015411376953,0.9816588759422302],"EasingStyle":"Linear","EasingDirection":"In"},"HumanoidRootPart":{"Weight":1,"CFrame":[0,0,0,1,0,0,0,1,0,0,0,1],"EasingStyle":"Linear","EasingDirection":"In"},"Left Arm":{"Weight":1,"CFrame":[0.19542476534843446,-0.13413918018341065,0.18351030349731446,0.15183886885643006,0.37716230750083926,0.9136156439781189,-0.5955538153648377,0.772610604763031,-0.21997374296188355,-0.7888349890708923,-0.5107067823410034,0.34193283319473269],"EasingStyle":"Linear","EasingDirection":"In"}}},{"Time":0.4166666567325592,"poses":{"Left Leg":{"Weight":1,"CFrame":[-0.6685975193977356,0.5020914077758789,-0.1050647497177124,0.9934378266334534,-0.10636938363313675,-0.042034123092889789,0.11189743876457215,0.9799708127975464,0.16473069787025453,0.02366986870765686,-0.16835319995880128,0.9854425191879273],"EasingStyle":"Linear","EasingDirection":"In"},"Right Arm":{"Weight":1,"CFrame":[0.30526119470596316,0.49307167530059817,0.8682582378387451,0.5628817677497864,0.17594611644744874,-0.8075934052467346,-0.3460618257522583,-0.8371479511260986,-0.4235853850841522,-0.7506032586097717,0.5179057717323303,-0.41032716631889346],"EasingStyle":"Linear","EasingDirection":"In"},"Head":{"Weight":1,"CFrame":[8.882489055395127e-8,-1.5832483768463136e-8,-2.980232238769531e-7,0.9656422734260559,0.12613531947135926,-0.2272113561630249,-0.10791647434234619,0.9899912476539612,0.0909469723701477,0.23640888929367066,-0.06330238282680512,0.9695894122123718],"EasingStyle":"Linear","EasingDirection":"In"},"Right Leg":{"Weight":1,"CFrame":[0.545305073261261,0.015358150005340577,0.12595772743225099,0.9618251323699951,0.22980952262878419,-0.14859341084957124,-0.26570960879325869,0.9141789078712463,-0.3060644268989563,0.06550446152687073,0.33386319875717165,0.940342903137207],"EasingStyle":"Linear","EasingDirection":"In"},"Torso":{"Weight":1,"CFrame":[-0.06586611270904541,0.11236649751663208,-0.34082937240600588,0.977264404296875,-0.1444578915834427,0.15519733726978303,0.16138803958892823,0.9815404415130615,-0.10262776911258698,-0.13750705122947694,0.1253414750099182,0.9825382232666016],"EasingStyle":"Linear","EasingDirection":"In"},"HumanoidRootPart":{"Weight":1,"CFrame":[0,0,0,1,0,0,0,1,0,0,0,1],"EasingStyle":"Linear","EasingDirection":"In"},"Left Arm":{"Weight":1,"CFrame":[0.17365531623363496,-0.12324884533882141,0.2506380081176758,-0.10999234020709992,0.4815673232078552,0.8694795370101929,-0.5942062139511108,0.6693873405456543,-0.4459141790866852,-0.796756386756897,-0.565697431564331,0.21252287924289704],"EasingStyle":"Linear","EasingDirection":"In"}}},{"Time":0.4583333432674408,"poses":{"Left Leg":{"Weight":1,"CFrame":[-0.6502285599708557,0.4556264281272888,-0.07644534111022949,0.9939832091331482,-0.10547172278165817,-0.029550496488809587,0.10851163417100907,0.9849597215652466,0.1344604343175888,0.01492423564195633,-0.1368580013513565,0.9904782772064209],"EasingStyle":"Linear","EasingDirection":"In"},"Right Arm":{"Weight":1,"CFrame":[0.30062901973724368,0.5520647764205933,0.8512306213378906,0.5643916726112366,0.1727011352777481,-0.8072399497032166,-0.35076549649238589,-0.8350337743759155,-0.42388924956321719,-0.7472788095474243,0.5223915576934815,-0.410708487033844],"EasingStyle":"Linear","EasingDirection":"In"},"Head":{"Weight":1,"CFrame":[1.3486715033650399e-7,-3.073364496231079e-8,-2.980232238769531e-7,0.9732544422149658,0.1234058067202568,-0.19377030432224275,-0.0977499708533287,0.9857603907585144,0.13682669401168824,0.20789626240730287,-0.11422614008188248,0.9714584946632385],"EasingStyle":"Linear","EasingDirection":"In"},"Right Leg":{"Weight":1,"CFrame":[0.5685629844665527,0.018390893936157228,0.11977589130401612,0.96393883228302,0.23045796155929566,-0.13308292627334596,-0.2596878707408905,0.9238788485527039,-0.2810872197151184,0.058173757046461108,0.305510938167572,0.9504098892211914],"EasingStyle":"Linear","EasingDirection":"In"},"Torso":{"Weight":1,"CFrame":[-0.06360188126564026,0.10527032613754273,-0.31197166442871096,0.9841006994247437,-0.11320248991250992,0.1368619054555893,0.12885549664497376,0.9853752851486206,-0.11149796843528748,-0.12223850190639496,0.12736062705516816,0.9842951893806458],"EasingStyle":"Linear","EasingDirection":"In"},"HumanoidRootPart":{"Weight":1,"CFrame":[0,0,0,1,0,0,0,1,0,0,0,1],"EasingStyle":"Linear","EasingDirection":"In"},"Left Arm":{"Weight":1,"CFrame":[0.1397344172000885,-0.1086624264717102,0.2977358102798462,-0.3482937514781952,0.6179927587509155,0.7048236727714539,-0.47208619117736819,0.5339469909667969,-0.7014522552490234,-0.809830904006958,-0.5770490169525147,0.10577548295259476],"EasingStyle":"Linear","EasingDirection":"In"}}},{"Time":0.5,"poses":{"Left Leg":{"Weight":1,"CFrame":[-0.6055290699005127,0.3720662593841553,-0.051589131355285647,0.9963256120681763,-0.07992557436227799,-0.03077804483473301,0.08250664174556732,0.9920966625213623,0.09453572332859039,0.022978922352194787,-0.09672776609659195,0.9950456619262695],"EasingStyle":"Linear","EasingDirection":"In"},"Right Arm":{"Weight":1,"CFrame":[0.29446884989738467,0.626581072807312,0.8257616758346558,0.5678872466087341,0.1822793036699295,-0.8026695251464844,-0.3411501348018646,-0.8353451490402222,-0.4310626983642578,-0.7490798830986023,0.5186258554458618,-0.41219741106033327],"EasingStyle":"Linear","EasingDirection":"In"},"Head":{"Weight":1,"CFrame":[7.008202373981476e-8,4.423782229423523e-8,0,0.9811966419219971,0.1144467294216156,-0.15541942417621613,-0.08998345583677292,0.9836145639419556,0.15622244775295258,0.17075194418430329,-0.13929975032806397,0.9754175543785095],"EasingStyle":"Linear","EasingDirection":"In"},"Right Leg":{"Weight":1,"CFrame":[0.5545797348022461,0.007124662399291992,0.11001002788543701,0.9677299857139587,0.2140669822692871,-0.1329437643289566,-0.24110762774944306,0.9399563074111939,-0.24155619740486146,0.07325215637683869,0.2658148407936096,0.9612370133399963],"EasingStyle":"Linear","EasingDirection":"In"},"Torso":{"Weight":1,"CFrame":[-0.05514618754386902,0.09928607940673828,-0.24991607666015626,0.9889974594116211,-0.09366858005523682,0.11450062692165375,0.1071762666106224,0.9871953725814819,-0.11814644187688828,-0.10196789354085922,0.12911826372146607,0.9863726496696472],"EasingStyle":"Linear","EasingDirection":"In"},"HumanoidRootPart":{"Weight":1,"CFrame":[0,0,0,1,0,0,0,1,0,0,0,1],"EasingStyle":"Linear","EasingDirection":"In"},"Left Arm":{"Weight":1,"CFrame":[0.08766654133796692,-0.09440720081329346,0.3155019283294678,-0.5272166728973389,0.673859179019928,0.5176448822021484,-0.3866574168205261,0.35221603512763979,-0.8523144721984863,-0.756662905216217,-0.6495056748390198,0.07485856115818024],"EasingStyle":"Linear","EasingDirection":"In"}}},{"Time":0.5416666865348816,"poses":{"Left Leg":{"Weight":1,"CFrame":[-0.5790392160415649,0.33413898944854739,-0.04875528812408447,0.9976093769073486,-0.05393853411078453,-0.04320086911320686,0.05712362378835678,0.9954515099525452,0.07624396681785584,0.03889184072613716,-0.07852946221828461,0.996152937412262],"EasingStyle":"Linear","EasingDirection":"In"},"Right Arm":{"Weight":1,"CFrame":[0.2870023250579834,0.7046661376953125,0.7937932014465332,0.573136568069458,0.20178215205669404,-0.794228196144104,-0.32458850741386416,-0.8340341448783875,-0.44612711668014529,-0.7524339556694031,0.5134890675544739,-0.4125194549560547],"EasingStyle":"Linear","EasingDirection":"In"},"Head":{"Weight":1,"CFrame":[7.217749953269959e-8,-1.7229467630386354e-8,1.1920928955078126e-7,0.98834627866745,0.09937895089387894,-0.11530598998069763,-0.08279481530189514,0.9865929484367371,0.1406397521495819,0.12773670256137849,-0.12945404648780824,0.9833235144615173],"EasingStyle":"Linear","EasingDirection":"In"},"Right Leg":{"Weight":1,"CFrame":[0.5164411067962647,0.005219221115112305,0.1015632152557373,0.971197783946991,0.1894901841878891,-0.14445863664150239,-0.21529529988765717,0.9576321840286255,-0.1912815123796463,0.10209231078624726,0.2168734073638916,0.9708465933799744],"EasingStyle":"Linear","EasingDirection":"In"},"Torso":{"Weight":1,"CFrame":[-0.041330814361572269,0.0936143696308136,-0.18790888786315919,0.9925181865692139,-0.08359382301568985,0.08899272978305817,0.09424766898155213,0.9879017472267151,-0.1231565847992897,-0.07762093842029572,0.1306225061416626,0.9883889555931091],"EasingStyle":"Linear","EasingDirection":"In"},"HumanoidRootPart":{"Weight":1,"CFrame":[0,0,0,1,0,0,0,1,0,0,0,1],"EasingStyle":"Linear","EasingDirection":"In"},"Left Arm":{"Weight":1,"CFrame":[0.013759993016719818,-0.081402987241745,0.19252634048461915,-0.6157625913619995,0.6909988522529602,0.3786250650882721,-0.5337429642677307,-0.012315237894654274,-0.8455572128295898,-0.5796161890029907,-0.7227509617805481,0.37639912962913515],"EasingStyle":"Linear","EasingDirection":"In"}}},{"Time":0.5833333134651184,"poses":{"Left Leg":{"Weight":1,"CFrame":[-0.5744248032569885,0.34343278408050539,-0.0642768144607544,0.9976611137390137,-0.02974371612071991,-0.06154517084360123,0.03534479811787605,0.9951298832893372,0.0920182541012764,0.058508433401584628,-0.09397833794355393,0.9938535094261169],"EasingStyle":"Linear","EasingDirection":"In"},"Right Arm":{"Weight":1,"CFrame":[0.2785109877586365,0.7727153301239014,0.7579171657562256,0.5796037316322327,0.21626336872577668,-0.7856777906417847,-0.3194096088409424,-0.8267012238502502,-0.4631875455379486,-0.749691367149353,0.5194182395935059,-0.4100825786590576],"EasingStyle":"Linear","EasingDirection":"In"},"Head":{"Weight":1,"CFrame":[1.0151416063308716e-7,-8.381903171539307e-9,2.384185791015625e-7,0.9941774606704712,0.07849734276533127,-0.07382015138864517,-0.0701943039894104,0.9915565252304077,0.10903467237949372,0.08175578713417053,-0.10321807861328125,0.99129319190979],"EasingStyle":"Linear","EasingDirection":"In"},"Right Leg":{"Weight":1,"CFrame":[0.495638906955719,0.032570481300354007,0.10024356842041016,0.9705390334129334,0.18031111359596253,-0.15981802344322205,-0.20241999626159669,0.9699611663818359,-0.13491342961788178,0.13069093227386475,0.16328907012939454,0.9778836965560913],"EasingStyle":"Linear","EasingDirection":"In"},"Torso":{"Weight":1,"CFrame":[-0.023341581225395204,0.08834323287010193,-0.15914154052734376,0.995182991027832,-0.07692399621009827,0.060774561017751697,0.08415191620588303,0.9883211851119995,-0.12704215943813325,-0.05029218643903732,0.13154448568820954,0.9900338053703308],"EasingStyle":"Linear","EasingDirection":"In"},"HumanoidRootPart":{"Weight":1,"CFrame":[0,0,0,1,0,0,0,1,0,0,0,1],"EasingStyle":"Linear","EasingDirection":"In"},"Left Arm":{"Weight":1,"CFrame":[-0.07645796239376068,-0.0581299364566803,0.06955063343048096,-0.6778943538665772,0.6889281272888184,0.25658753514289858,-0.729265034198761,-0.5860627293586731,-0.3531331717967987,-0.09290696680545807,-0.4265073835849762,0.899699866771698],"EasingStyle":"Linear","EasingDirection":"In"}}},{"Time":0.625,"poses":{"Left Leg":{"Weight":1,"CFrame":[-0.5545608401298523,0.3431203365325928,-0.07872408628463745,0.9969664812088013,0.005193731747567654,-0.07765911519527435,0.0038562780246138574,0.9932494759559631,0.11593329161405564,0.07773696631193161,-0.11588110029697418,0.9902164340019226],"EasingStyle":"Linear","EasingDirection":"In"},"Right Arm":{"Weight":1,"CFrame":[0.26941850781440737,0.8209494352340698,0.7211737632751465,0.5861649513244629,0.22101643681526185,-0.7794629335403442,-0.3349469304084778,-0.8099004030227661,-0.48153069615364077,-0.7377135753631592,0.5433351397514343,-0.4007064700126648],"EasingStyle":"Linear","EasingDirection":"In"},"Head":{"Weight":1,"CFrame":[8.963979780673981e-8,-4.71482053399086e-8,-5.960464477539063e-8,0.9982353448867798,0.050150781869888309,-0.03180127590894699,-0.04755508899688721,0.9958416819572449,0.07770369201898575,0.03556593880057335,-0.07605426013469696,0.9964691996574402],"EasingStyle":"Linear","EasingDirection":"In"},"Right Leg":{"Weight":1,"CFrame":[0.529941737651825,0.09816247224807739,0.10726583003997803,0.9631959199905396,0.20630937814712525,-0.1723082810640335,-0.2214791178703308,0.9723672270774841,-0.07381706684827805,0.1523178368806839,0.10926297307014466,0.9822733402252197],"EasingStyle":"Linear","EasingDirection":"In"},"Torso":{"Weight":1,"CFrame":[-0.0024274662137031557,0.08378732204437256,-0.18001270294189454,0.997259259223938,-0.06754036992788315,0.030203895643353463,0.07091730087995529,0.988970160484314,-0.1300337314605713,-0.021088220179080964,0.13181930780410767,0.9910495281219482],"EasingStyle":"Linear","EasingDirection":"In"},"HumanoidRootPart":{"Weight":1,"CFrame":[0,0,0,1,0,0,0,1,0,0,0,1],"EasingStyle":"Linear","EasingDirection":"In"},"Left Arm":{"Weight":1,"CFrame":[-0.1670677363872528,-0.010252833366394043,0.161781907081604,-0.7339255809783936,0.6131852269172669,0.29215967655181887,-0.4897960424423218,-0.7757848501205444,0.3978163003921509,0.47058796882629397,0.1488688439130783,0.869704008102417],"EasingStyle":"Linear","EasingDirection":"In"}}},{"Time":0.6666666865348816,"poses":{"Left Leg":{"Weight":1,"CFrame":[-0.5422677993774414,0.3395128846168518,-0.0819629430770874,0.9962466359138489,0.02372312732040882,-0.08324631303548813,-0.013442637398838997,0.9924454689025879,0.1219484880566597,0.08551038801670075,-0.12037169933319092,0.9890393018722534],"EasingStyle":"Linear","EasingDirection":"In"},"Right Arm":{"Weight":1,"CFrame":[0.260713666677475,0.8548909425735474,0.6883934736251831,0.5913640260696411,0.22232137620449067,-0.7751526832580566,-0.36014851927757265,-0.7872403860092163,-0.5005454421043396,-0.7215134501457214,0.5751746892929077,-0.3854769766330719],"EasingStyle":"Linear","EasingDirection":"In"},"Head":{"Weight":1,"CFrame":[8.870847523212433e-8,6.461050361394882e-9,-1.1920928955078126e-7,0.9998939037322998,0.011327086016535759,0.009169714525341988,-0.011886639520525933,0.9979135990142822,0.06346115469932556,-0.008431753143668175,-0.06356342136859894,0.9979422092437744],"EasingStyle":"Linear","EasingDirection":"In"},"Right Leg":{"Weight":1,"CFrame":[0.5839274525642395,0.18879491090774537,0.10567784309387207,0.9545519351959229,0.24039326608181,-0.17618660628795625,-0.24533112347126008,0.9694178700447083,-0.006468655541539192,0.1692434698343277,0.04939867556095123,0.9843356013298035],"EasingStyle":"Linear","EasingDirection":"In"},"Torso":{"Weight":1,"CFrame":[0.02012677490711212,0.08055159449577332,-0.22755908966064454,0.998781144618988,-0.049299295991659167,-0.002406373620033264,0.0485508069396019,0.9900601506233215,-0.13199882209300996,0.00888990331441164,0.13172109425067902,0.9912470579147339],"EasingStyle":"Linear","EasingDirection":"In"},"HumanoidRootPart":{"Weight":1,"CFrame":[0,0,0,1,0,0,0,1,0,0,0,1],"EasingStyle":"Linear","EasingDirection":"In"},"Left Arm":{"Weight":1,"CFrame":[-0.20979580283164979,0.07538676261901856,0.30619263648986819,-0.6651325821876526,0.5276146531105042,0.5284139513969421,-0.11814460158348084,-0.7730847597122192,0.6232028603553772,0.737319827079773,0.35208338499069216,0.5765386819839478],"EasingStyle":"Linear","EasingDirection":"In"}}},{"Time":0.7083333134651184,"poses":{"Left Leg":{"Weight":1,"CFrame":[-0.556212842464447,0.3359569311141968,-0.06595271825790405,0.9973968863487244,0.0039546373300254349,-0.07199890911579132,0.0021976192947477104,0.9963640570640564,0.08517046272754669,0.07207389920949936,-0.0851069763302803,0.9937615990638733],"EasingStyle":"Linear","EasingDirection":"In"},"Right Arm":{"Weight":1,"CFrame":[0.2535277009010315,0.8838878870010376,0.6648546457290649,0.5947667956352234,0.22181269526481629,-0.7726911902427673,-0.3832986354827881,-0.7666418552398682,-0.5151140689849854,-0.7066361904144287,0.6025441288948059,-0.37095269560813906],"EasingStyle":"Linear","EasingDirection":"In"},"Head":{"Weight":1,"CFrame":[9.557697921991348e-8,2.7685018721967937e-8,0,0.9981322884559631,-0.03971529379487038,0.046417947858572009,0.03667466714978218,0.9972361326217651,0.06461620330810547,-0.04885590076446533,-0.06279315799474716,0.9968300461769104],"EasingStyle":"Linear","EasingDirection":"In"},"Right Leg":{"Weight":1,"CFrame":[0.630958080291748,0.28669315576553347,0.0802145004272461,0.9516109228134155,0.25917989015579226,-0.16511379182338715,-0.25139832496643069,0.9655778408050537,0.06677216291427612,0.1767362356185913,-0.02203180640935898,0.9840116500854492],"EasingStyle":"Linear","EasingDirection":"In"},"Torso":{"Weight":1,"CFrame":[0.04303237795829773,0.07957887649536133,-0.2758471965789795,0.9991956949234009,-0.01604650542140007,-0.03674834594130516,0.01104831974953413,0.9911370873451233,-0.13238289952278138,0.038546930998563769,0.13187041878700257,0.9905171990394592],"EasingStyle":"Linear","EasingDirection":"In"},"HumanoidRootPart":{"Weight":1,"CFrame":[0,0,0,1,0,0,0,1,0,0,0,1],"EasingStyle":"Linear","EasingDirection":"In"},"Left Arm":{"Weight":1,"CFrame":[-0.20300006866455079,0.20894283056259156,0.36111462116241457,-0.4042762219905853,0.37547174096107485,0.8340154886245728,0.1556844264268875,-0.870298445224762,0.467272013425827,0.9012897610664368,0.3187500536441803,0.293385773897171],"EasingStyle":"Linear","EasingDirection":"In"}}},{"Time":0.75,"poses":{"Left Leg":{"Weight":1,"CFrame":[-0.5670238137245178,0.30956774950027468,-0.02848803997039795,0.9985765814781189,-0.03303350508213043,-0.04187588021159172,0.033764664083719257,0.9992873668670654,0.01687581092119217,0.04128852114081383,-0.018265726044774057,0.9989804029464722],"EasingStyle":"Linear","EasingDirection":"In"},"Right Arm":{"Weight":1,"CFrame":[0.2489909827709198,0.9172878265380859,0.6558355093002319,0.5959757566452026,0.221255362033844,-0.7719190716743469,-0.39340558648109438,-0.7575726509094238,-0.5208797454833984,-0.700032114982605,0.6141089797019959,-0.36445191502571108],"EasingStyle":"Linear","EasingDirection":"In"},"Head":{"Weight":1,"CFrame":[1.0547228157520294e-7,4.521280061453581e-8,2.384185791015625e-7,0.9923795461654663,-0.09559930860996247,0.07774099707603455,0.09029252827167511,0.993512749671936,0.06913565844297409,-0.08384600281715393,-0.061589375138282779,0.9945735931396484],"EasingStyle":"Linear","EasingDirection":"In"},"Right Leg":{"Weight":1,"CFrame":[0.6594375967979431,0.3643803596496582,0.02744138240814209,0.9580543637275696,0.25268980860710146,-0.13520298898220063,-0.23367561399936677,0.9619008898735046,0.14192451536655427,0.16591480374336244,-0.10437776148319245,0.9806006550788879],"EasingStyle":"Linear","EasingDirection":"In"},"Torso":{"Weight":1,"CFrame":[0.06493327021598816,0.08379533886909485,-0.2985210418701172,0.9968299865722656,0.03474113717675209,-0.0715758204460144,-0.043674301356077197,0.990903913974762,-0.12728776037693025,0.0665026381611824,0.13001029193401338,0.9892799258232117],"EasingStyle":"Linear","EasingDirection":"In"},"HumanoidRootPart":{"Weight":1,"CFrame":[0,0,0,1,0,0,0,1,0,0,0,1],"EasingStyle":"Linear","EasingDirection":"In"},"Left Arm":{"Weight":1,"CFrame":[-0.19039951264858247,0.3897283673286438,0.41190826892852785,0.03750193119049072,0.17038072645664216,0.9846644401550293,0.33239293098449709,-0.9313766956329346,0.1485007256269455,0.9423952102661133,0.3217264413833618,-0.09156180918216706],"EasingStyle":"Linear","EasingDirection":"In"}}},{"Time":0.7916666865348816,"poses":{"Left Leg":{"Weight":1,"CFrame":[-0.5447263121604919,0.2540711760520935,0.010326862335205078,0.9986249208450317,-0.05234736576676369,-0.002841094508767128,0.05216824635863304,0.9976365566253662,-0.044719547033309939,0.005175286903977394,0.044509824365377429,0.9989955425262451],"EasingStyle":"Linear","EasingDirection":"In"},"Right Arm":{"Weight":1,"CFrame":[0.24729421734809876,0.9599176645278931,0.6629695892333984,0.5969167947769165,0.22030986845493318,-0.7714622616767883,-0.39077091217041018,-0.7599601745605469,-0.5193829536437988,-0.7007057070732117,0.6114932894706726,-0.36754223704338076],"EasingStyle":"Linear","EasingDirection":"In"},"Head":{"Weight":1,"CFrame":[7.171183824539185e-8,1.1990778148174286e-8,-5.960464477539063e-8,0.9839608669281