{"Sequence":[{"Time":0,"poses":{"Left Leg":{"Weight":1,"CFrame":[-0.32633915543556216,0.16117167472839356,0.13838255405426026,0.8672986626625061,-0.3513862192630768,0.35259169340133669,0.3076074719429016,0.9352131485939026,0.17536838352680207,-0.3913705050945282,-0.043636903166770938,0.9191980361938477],"EasingStyle":"Linear","EasingDirection":"In"},"Right Arm":{"Weight":1,"CFrame":[0.1396251916885376,-0.5128257870674133,0.23553848266601563,-0.20895610749721528,-0.8387259244918823,0.5028681755065918,0.9534057378768921,-0.060293395072221759,0.2956048548221588,-0.21761180460453034,0.5412058234214783,0.8122446537017822],"EasingStyle":"Linear","EasingDirection":"In"},"Head":{"Weight":1,"CFrame":[9.499490261077881e-8,-5.122274160385132e-9,-1.1920928955078126e-7,0.9997987151145935,0.017668750137090684,-0.009514098055660725,-0.01814594678580761,0.9984479546546936,-0.05265543609857559,0.008568976074457169,0.05281748250126839,0.998567521572113],"EasingStyle":"Linear","EasingDirection":"In"},"Right Leg":{"Weight":1,"CFrame":[0.3667876124382019,0.10836631059646607,0.15837419033050538,0.8919022679328919,0.30422061681747439,-0.33460429310798647,-0.3150154650211334,0.9488087892532349,0.022965112701058389,0.32446199655532839,0.08492286503314972,0.9420788288116455],"EasingStyle":"Linear","EasingDirection":"In"},"Torso":{"Weight":1,"CFrame":[-0.08186756074428559,0.03367655724287033,-0.1724710464477539,0.9986342191696167,-0.05046875774860382,0.013513120822608471,0.05011659115552902,0.9984244108200073,0.02524140477180481,-0.014765731990337372,-0.024529701098799707,0.9995900392532349],"EasingStyle":"Linear","EasingDirection":"In"},"HumanoidRootPart":{"Weight":1,"CFrame":[0,0,0,1,0,0,0,1,0,0,0,1],"EasingStyle":"Linear","EasingDirection":"In"},"Left Arm":{"Weight":1,"CFrame":[-0.11848136782646179,-0.5640136003494263,0.07966506481170654,-0.11699725687503815,0.9692229628562927,-0.21660706400871278,-0.9610105752944946,-0.055465683341026309,0.2708917558193207,0.25054028630256655,0.23985527455806733,0.9379227161407471],"EasingStyle":"Linear","EasingDirection":"In"}}},{"Time":0.03333333507180214,"poses":{"Left Leg":{"Weight":1,"CFrame":[-0.2874073088169098,0.14012682437896729,0.15645837783813477,0.8444599509239197,-0.35665735602378847,0.39960360527038576,0.3213116526603699,0.9342323541641235,0.15481838583946229,-0.4285397529602051,-0.002340601058676839,0.9035199284553528],"EasingStyle":"Linear","EasingDirection":"In"},"Right Arm":{"Weight":1,"CFrame":[0.1359318345785141,-0.5119526982307434,0.23031902313232423,-0.20360225439071656,-0.8226310014724731,0.530871570110321,0.9468597769737244,-0.02754196524620056,0.32046523690223696,-0.2490033209323883,0.5679081678390503,0.7845237255096436],"EasingStyle":"Linear","EasingDirection":"In"},"Head":{"Weight":1,"CFrame":[7.508788257837296e-8,-5.820766091346741e-9,-2.980232238769531e-7,0.9999116659164429,0.012470541521906853,0.0046105762012302879,-0.012175560928881169,0.9981686472892761,-0.05925621837377548,-0.005341089330613613,0.05919484794139862,0.9982321858406067],"EasingStyle":"Linear","EasingDirection":"In"},"Right Leg":{"Weight":1,"CFrame":[0.3518792688846588,0.12806159257888795,0.17168569564819337,0.8742786645889282,0.3149823248386383,-0.36935484409332278,-0.3185459077358246,0.9464198350906372,0.053086064755916598,0.36628592014312746,0.07124442607164383,0.9277709722518921],"EasingStyle":"Linear","EasingDirection":"In"},"Torso":{"Weight":1,"CFrame":[-0.07391682267189026,0.02963855490088463,-0.17310762405395509,0.9990328550338745,-0.043957438319921496,-0.0010280364658683539,0.043968312442302707,0.9985654354095459,0.030561408028006555,-0.0003168394905515015,-0.03057706542313099,0.9995323419570923],"EasingStyle":"Linear","EasingDirection":"In"},"HumanoidRootPart":{"Weight":1,"CFrame":[0,0,0,1,0,0,0,1,0,0,0,1],"EasingStyle":"Linear","EasingDirection":"In"},"Left Arm":{"Weight":1,"CFrame":[-0.11849845945835114,-0.5610033273696899,0.0910118818283081,-0.14118875563144685,0.9477031826972961,-0.28622475266456606,-0.9601986408233643,-0.060707468539476398,0.27264121174812319,0.24100695550441743,0.3133264482021332,0.9185543656349182],"EasingStyle":"Linear","EasingDirection":"In"}}},{"Time":0.06666667014360428,"poses":{"Left Leg":{"Weight":1,"CFrame":[-0.2009918987751007,0.12763994932174684,0.18384528160095216,0.7901228070259094,-0.3499108850955963,0.5032576322555542,0.3238258361816406,0.9354047775268555,0.14196722209453584,-0.52042555809021,0.05079635605216026,0.8523949384689331],"EasingStyle":"Linear","EasingDirection":"In"},"Right Arm":{"Weight":1,"CFrame":[0.12597978115081788,-0.5095799565315247,0.2162548303604126,-0.18991558253765107,-0.8089504837989807,0.5563554763793945,0.94161456823349,0.010389378294348717,0.3365325629711151,-0.2780182361602783,0.587785005569458,0.7597463130950928],"EasingStyle":"Linear","EasingDirection":"In"},"Head":{"Weight":1,"CFrame":[7.147900760173798e-8,-4.889443516731262e-9,-5.960464477539063e-8,0.9998064637184143,0.0037978794425725939,0.019307183101773263,-0.002530197612941265,0.997864842414856,-0.06526391208171845,-0.019513830542564393,0.06520244479179383,0.9976813197135925],"EasingStyle":"Linear","EasingDirection":"In"},"Right Leg":{"Weight":1,"CFrame":[0.34319761395454409,0.14805841445922852,0.1828080415725708,0.8594561815261841,0.3227716088294983,-0.3964259624481201,-0.31922006607055666,0.9445487856864929,0.0769825205206871,0.39929142594337466,0.06038399040699005,0.9148334264755249],"EasingStyle":"Linear","EasingDirection":"In"},"Torso":{"Weight":1,"CFrame":[-0.07634469121694565,0.025690071284770967,-0.17493009567260743,0.9993263483047485,-0.03275022655725479,-0.016563450917601587,0.033306021243333819,0.9988505244255066,0.03447359800338745,0.015415392816066742,-0.035002049058675769,0.9992684125900269],"EasingStyle":"Linear","EasingDirection":"In"},"HumanoidRootPart":{"Weight":1,"CFrame":[0,0,0,1,0,0,0,1,0,0,0,1],"EasingStyle":"Linear","EasingDirection":"In"},"Left Arm":{"Weight":1,"CFrame":[-0.11861821264028549,-0.5526238083839417,0.10167038440704346,-0.15476898849010468,0.929273247718811,-0.3354072570800781,-0.9598845839500427,-0.0610942542552948,0.27365896105766299,0.23381243646144868,0.3643060326576233,0.9014503955841065],"EasingStyle":"Linear","EasingDirection":"In"}}},{"Time":0.10000000149011612,"poses":{"Left Leg":{"Weight":1,"CFrame":[-0.09896351397037506,0.11721557378768921,0.20006144046783448,0.7149715423583984,-0.3350611627101898,0.6136366128921509,0.3242811858654022,0.9364910125732422,0.1335153579711914,-0.6194009184837341,0.10353116691112519,0.7782183885574341],"EasingStyle":"Linear","EasingDirection":"In"},"Right Arm":{"Weight":1,"CFrame":[0.11146090924739838,-0.5060771107673645,0.19573652744293214,-0.17193928360939027,-0.7972689270973206,0.5786184668540955,0.9371026158332825,0.04874797537922859,0.3456335663795471,-0.30376923084259035,0.6016525626182556,0.7387409806251526],"EasingStyle":"Linear","EasingDirection":"In"},"Head":{"Weight":1,"CFrame":[9.639188647270203e-8,-4.889443516731262e-9,-1.7881393432617188e-7,0.9993406534194946,-0.007948121055960656,0.03542978689074516,0.010429367423057557,0.9974637627601624,-0.07040765881538391,-0.03478032350540161,0.07073074579238892,0.9968889951705933],"EasingStyle":"Linear","EasingDirection":"In"},"Right Leg":{"Weight":1,"CFrame":[0.3418523967266083,0.17013698816299439,0.1909160614013672,0.8487388491630554,0.3282148241996765,-0.41462936997413638,-0.31693509221076968,0.9433708190917969,0.09799889475107193,0.4233139753341675,0.04823511466383934,0.9046981930732727],"EasingStyle":"Linear","EasingDirection":"In"},"Torso":{"Weight":1,"CFrame":[-0.0852067768573761,0.021885037422180177,-0.1776280403137207,0.9992786645889282,-0.017420915886759759,-0.033743925392627719,0.018672095611691476,0.9991361498832703,0.03712548315525055,0.03306801617145538,-0.037728771567344668,0.9987407922744751],"EasingStyle":"Linear","EasingDirection":"In"},"HumanoidRootPart":{"Weight":1,"CFrame":[0,0,0,1,0,0,0,1,0,0,0,1],"EasingStyle":"Linear","EasingDirection":"In"},"Left Arm":{"Weight":1,"CFrame":[-0.1189432442188263,-0.5398514270782471,0.11160194873809815,-0.160671204328537,0.9156144857406616,-0.3685581684112549,-0.9600387811660767,-0.058283112943172458,0.2737310230731964,0.22915135324001313,0.39781078696250918,0.8883897066116333],"EasingStyle":"Linear","EasingDirection":"In"}}},{"Time":0.13333334028720857,"poses":{"Left Leg":{"Weight":1,"CFrame":[-0.00738645950332284,0.10681450366973877,0.2001582384109497,0.6378260850906372,-0.31843239068984988,0.7012694478034973,0.3263320028781891,0.9364895820617676,0.1284322291612625,-0.697628378868103,0.14692923426628114,0.7012321352958679],"EasingStyle":"Linear","EasingDirection":"In"},"Right Arm":{"Weight":1,"CFrame":[0.09406717866659165,-0.5018137097358704,0.17115569114685059,-0.15370303392410279,-0.7877898812294006,0.596458375453949,0.9332346320152283,0.0826382264494896,0.34963446855545046,-0.3247286379337311,0.6103754043579102,0.7224909067153931],"EasingStyle":"Linear","EasingDirection":"In"},"Head":{"Weight":1,"CFrame":[7.946437108330429e-8,1.7462298274040223e-10,0,0.9984002113342285,-0.022251833230257036,0.0519811175763607,0.02609160542488098,0.9968873262405396,-0.07439800351858139,-0.05016383156180382,0.07563527673482895,0.995872974395752],"EasingStyle":"Linear","EasingDirection":"In"},"Right Leg":{"Weight":1,"CFrame":[0.347626268863678,0.19305133819580079,0.1950540542602539,0.8434233665466309,0.3312479257583618,-0.4229797124862671,-0.3120908737182617,0.942928671836853,0.11612486094236374,0.43730583786964419,0.034065622836351398,0.8986675143241882],"EasingStyle":"Linear","EasingDirection":"In"},"Torso":{"Weight":1,"CFrame":[-0.09778279066085816,0.018283307552337648,-0.18074584007263184,0.9986764788627625,0.0011962233111262322,-0.05141898989677429,0.000794196967035532,0.999251663684845,0.03867197409272194,0.05142676830291748,-0.03866163268685341,0.9979282021522522],"EasingStyle":"Linear","EasingDirection":"In"},"HumanoidRootPart":{"Weight":1,"CFrame":[0,0,0,1,0,0,0,1,0,0,0,1],"EasingStyle":"Linear","EasingDirection":"In"},"Left Arm":{"Weight":1,"CFrame":[-0.11957622319459915,-0.5236616730690002,0.12076854705810547,-0.16142404079437257,0.9067550897598267,-0.3895350396633148,-0.9605329036712647,-0.053751979023218158,0.27292364835739138,0.2265365570783615,0.41821762919425967,0.8796448707580566],"EasingStyle":"Linear","EasingDirection":"In"}}},{"Time":0.1666666716337204,"poses":{"Left Leg":{"Weight":1,"CFrame":[0.060545265674591067,0.09651023149490357,0.19026970863342286,0.5753622055053711,-0.3054112493991852,0.7587374448776245,0.3303530514240265,0.9354076385498047,0.12601378560066224,-0.7482146620750427,0.17814768850803376,0.6390916109085083],"EasingStyle":"Linear","EasingDirection":"In"},"Right Arm":{"Weight":1,"CFrame":[0.07549053430557251,-0.4971597194671631,0.1449030637741089,-0.13944236934185029,-0.781305193901062,0.6083735227584839,0.9304243326187134,0.10690134763717652,0.35054638981819155,-0.338919460773468,0.614926278591156,0.7120386362075806],"EasingStyle":"Linear","EasingDirection":"In"},"Head":{"Weight":1,"CFrame":[8.870847523212433e-8,-5.587935447692871e-9,-5.960464477539063e-8,0.996975839138031,-0.03872784972190857,0.06737563759088516,0.043900541961193088,0.9960588812828064,-0.07706863433122635,-0.0641254261136055,0.07979340106248856,0.9947466850280762],"EasingStyle":"Linear","EasingDirection":"In"},"Right Leg":{"Weight":1,"CFrame":[0.360126256942749,0.2145005464553833,0.19429683685302735,0.844492495059967,0.3317873775959015,-0.4204159677028656,-0.3055768311023712,0.9431779384613037,0.13053075969219209,0.4398355185985565,0.018237097188830377,0.8978932499885559],"EasingStyle":"Linear","EasingDirection":"In"},"Torso":{"Weight":1,"CFrame":[-0.11176624149084091,0.014950186014175415,-0.1837143898010254,0.9974438548088074,0.022313028573989869,-0.0678822472691536,-0.01967572048306465,0.9990347623825073,0.03927484154701233,0.06869306415319443,-0.03783882409334183,0.9969200491905212],"EasingStyle":"Linear","EasingDirection":"In"},"HumanoidRootPart":{"Weight":1,"CFrame":[0,0,0,1,0,0,0,1,0,0,0,1],"EasingStyle":"Linear","EasingDirection":"In"},"Left Arm":{"Weight":1,"CFrame":[-0.1206197738647461,-0.5050321817398071,0.12913227081298829,-0.15922337770462037,0.9018509984016419,-0.4016377925872803,-0.9612229466438294,-0.04883138835430145,0.2714150547981262,0.22516334056854249,0.4292789399623871,0.8746547698974609],"EasingStyle":"Linear","EasingDirection":"In"}}},{"Time":0.20000000298023225,"poses":{"Left Leg":{"Weight":1,"CFrame":[0.09932917356491089,0.08683854341506958,0.1787632703781128,0.5389922261238098,-0.2996515929698944,0.7872079610824585,0.3358609974384308,0.9335283041000366,0.1253884732723236,-0.772453784942627,0.19680903851985932,0.6038057804107666],"EasingStyle":"Linear","EasingDirection":"In"},"Right Arm":{"Weight":1,"CFrame":[0.05742291361093521,-0.49248382449150088,0.11936986446380615,-0.13365495204925538,-0.7789182066917419,0.6127176284790039,0.9293569922447205,0.11618398874998093,0.35042402148246767,-0.3441394567489624,0.6162691712379456,0.7083645462989807],"EasingStyle":"Linear","EasingDirection":"In"},"Head":{"Weight":1,"CFrame":[1.0896474123001099e-7,-6.51925802230835e-9,0,0.995169997215271,-0.057187825441360477,0.07978978753089905,0.06346104294061661,0.9948971271514893,-0.07843757420778275,-0.07489699125289917,0.08312226831912995,0.9937208890914917],"EasingStyle":"Linear","EasingDirection":"In"},"Right Leg":{"Weight":1,"CFrame":[0.3791947364807129,0.23176443576812745,0.1877835988998413,0.8524922132492065,0.3299051523208618,-0.4054870009422302,-0.2986482083797455,0.9440127611160278,0.14017553627490998,0.4290294945240021,0.0015993743436411024,0.9032891392707825],"EasingStyle":"Linear","EasingDirection":"In"},"Torso":{"Weight":1,"CFrame":[-0.12504690885543824,0.011952981352806092,-0.1859438419342041,0.9956676959991455,0.04529691860079765,-0.08120429515838623,-0.042229849845170978,0.9983425736427307,0.039098307490348819,0.08284074813127518,-0.03549966588616371,0.9959303736686707],"EasingStyle":"Linear","EasingDirection":"In"},"HumanoidRootPart":{"Weight":1,"CFrame":[0,0,0,1,0,0,0,1,0,0,0,1],"EasingStyle":"Linear","EasingDirection":"In"},"Left Arm":{"Weight":1,"CFrame":[-0.12217655777931214,-0.4849373996257782,0.13665497303009034,-0.15604174137115479,0.8996676802635193,-0.4077366292476654,-0.9619877934455872,-0.04475666955113411,0.2693999111652374,0.22412142157554627,0.4342752993106842,0.8724531531333923],"EasingStyle":"Linear","EasingDirection":"In"}}},{"Time":0.23333333432674409,"poses":{"Left Leg":{"Weight":1,"CFrame":[0.10714064538478852,0.07847541570663452,0.1720043420791626,0.5343566536903381,-0.30328261852264407,0.7889757752418518,0.34244462847709658,0.9310552477836609,0.12596766650676728,-0.7727838158607483,0.2028687745332718,0.601373016834259],"EasingStyle":"Linear","EasingDirection":"In"},"Right Arm":{"Weight":1,"CFrame":[0.04128677397966385,-0.48807692527770998,0.09656631946563721,-0.13817358016967774,-0.7885955572128296,0.5991870164871216,0.9268060922622681,0.11035366356372833,0.3589605391025543,-0.34919703006744387,0.6049289703369141,0.715627133846283],"EasingStyle":"Linear","EasingDirection":"In"},"Head":{"Weight":1,"CFrame":[1.0477378964424133e-7,-1.862645149230957e-9,1.1920928955078126e-7,0.9931537508964539,-0.0776354968547821,0.08728385716676712,0.0845668688416481,0.9933021068572998,-0.07873602956533432,-0.08058655261993408,0.08557832986116409,0.9930670857429504],"EasingStyle":"Linear","EasingDirection":"In"},"Right Leg":{"Weight":1,"CFrame":[0.41099607944488528,0.24160808324813844,0.1710495948791504,0.8703887462615967,0.3269900977611542,-0.36810430884361269,-0.29380691051483157,0.9448615908622742,0.14461758732795716,0.3950962722301483,-0.017721982672810556,0.9184688329696655],"EasingStyle":"Linear","EasingDirection":"In"},"Torso":{"Weight":1,"CFrame":[-0.13561315834522248,0.009356677532196045,-0.18691086769104005,0.9935593008995056,0.06970512866973877,-0.0893373042345047,-0.06650593876838684,0.9970505833625794,0.03830374404788017,0.09174377471208573,-0.03211557865142822,0.9952647089958191],"EasingStyle":"Linear","EasingDirection":"In"},"HumanoidRootPart":{"Weight":1,"CFrame":[0,0,0,1,0,0,0,1,0,0,0,1],"EasingStyle":"Linear","EasingDirection":"In"},"Left Arm":{"Weight":1,"CFrame":[-0.1243491992354393,-0.4643547832965851,0.14329826831817628,-0.15372774004936219,0.8988454341888428,-0.41042017936706545,-0.9627370834350586,-0.042720768600702289,0.26704370975494387,0.22249743342399598,0.43617868423461916,0.8719190955162048],"EasingStyle":"Linear","EasingDirection":"In"}}},{"Time":0.2666666805744171,"poses":{"Left Leg":{"Weight":1,"CFrame":[0.086052805185318,0.07280939817428589,0.17217004299163819,0.5584501028060913,-0.31658831238746645,0.7667499780654907,0.3496001064777374,0.9280371069908142,0.1285575032234192,-0.7522721290588379,0.19626295566558839,0.6289417147636414],"EasingStyle":"Linear","EasingDirection":"In"},"Right Arm":{"Weight":1,"CFrame":[0.027426771819591523,-0.48391348123550417,0.07697892189025879,-0.14965417981147767,-0.8131608366966248,0.5624706149101257,0.9201614260673523,0.09362751990556717,0.38018012046813967,-0.36181026697158816,0.5744592547416687,0.7342274785041809],"EasingStyle":"Linear","EasingDirection":"In"},"Head":{"Weight":1,"CFrame":[1.3550743460655213e-7,7.450580596923828e-9,-1.7881393432617188e-7,0.9910825490951538,-0.10020556300878525,0.08783116936683655,0.10716226696968079,0.9911433458328247,-0.0784297063946724,-0.07919419556856156,0.08714248239994049,0.993043065071106],"EasingStyle":"Linear","EasingDirection":"In"},"Right Leg":{"Weight":1,"CFrame":[0.45637547969818118,0.24138718843460084,0.14071309566497804,0.8966854214668274,0.32286491990089419,-0.30284252762794497,-0.29229214787483218,0.9456232190132141,0.14269611239433289,0.3324466049671173,-0.03943505510687828,0.9422973394393921],"EasingStyle":"Linear","EasingDirection":"In"},"Torso":{"Weight":1,"CFrame":[-0.1414804458618164,0.0072203129529953,-0.18622517585754395,0.991364598274231,0.09525272995233536,-0.09012864530086518,-0.09223869442939758,0.9950476884841919,0.03704502061009407,0.09321093559265137,-0.028411773964762689,0.9952409267425537],"EasingStyle":"Linear","EasingDirection":"In"},"HumanoidRootPart":{"Weight":1,"CFrame":[0,0,0,1,0,0,0,1,0,0,0,1],"EasingStyle":"Linear","EasingDirection":"In"},"Left Arm":{"Weight":1,"CFrame":[-0.12724030017852784,-0.44426092505455019,0.1490241289138794,-0.15407678484916688,0.8980068564414978,-0.412121444940567,-0.9633921384811401,-0.04392039403319359,0.2644745111465454,0.21939940750598908,0.437783807516098,0.8718996644020081],"EasingStyle":"Linear","EasingDirection":"In"}}},{"Time":0.30000001192092898,"poses":{"Left Leg":{"Weight":1,"CFrame":[0.03279552981257439,0.06894111633300781,0.17718255519866944,0.6109991073608398,-0.3403525650501251,0.7147307991981506,0.35901498794555666,0.923806369304657,0.13300395011901856,-0.70554119348526,0.17533381283283235,0.6866365075111389],"EasingStyle":"Linear","EasingDirection":"In"},"Right Arm":{"Weight":1,"CFrame":[0.01591818779706955,-0.47988763451576235,0.06071507930755615,-0.1648934930562973,-0.8453203439712524,0.5081770420074463,0.91090989112854,0.06705836206674576,0.4071196913719177,-0.3782239258289337,0.5300346612930298,0.7589530348777771],"EasingStyle":"Linear","EasingDirection":"In"},"Head":{"Weight":1,"CFrame":[1.019798219203949e-7,-5.587935447692871e-9,1.1920928955078126e-7,0.9889233708381653,-0.12428627163171768,0.08113913983106613,0.1306198537349701,0.9883544445037842,-0.0780649408698082,-0.07049184292554856,0.08779864013195038,0.9936409592628479],"EasingStyle":"Linear","EasingDirection":"In"},"Right Leg":{"Weight":1,"CFrame":[0.5074941515922546,0.23153793811798097,0.09781467914581299,0.9240742325782776,0.31578540802001955,-0.21532854437828065,-0.29245060682296755,0.9469000101089478,0.13361546397209168,0.24608838558197022,-0.060497675091028216,0.9673575758934021],"EasingStyle":"Linear","EasingDirection":"In"},"Torso":{"Weight":1,"CFrame":[-0.14214745163917542,0.005589544773101807,-0.18382692337036134,0.9891488552093506,0.12109234929084778,-0.08319442719221115,-0.118498295545578,0.9923210144042969,0.035459328442811969,0.08684942871332169,-0.025216160342097284,0.9959022998809815],"EasingStyle":"Linear","EasingDirection":"In"},"HumanoidRootPart":{"Weight":1,"CFrame":[0,0,0,1,0,0,0,1,0,0,0,1],"EasingStyle":"Linear","EasingDirection":"In"},"Left Arm":{"Weight":1,"CFrame":[-0.1309525966644287,-0.4256308972835541,0.1537942886352539,-0.16044378280639649,0.8963596224784851,-0.4132764935493469,-0.9639560580253601,-0.05226258188486099,0.2608781158924103,0.21224160492420197,0.44023647904396059,0.8724364042282105],"EasingStyle":"Linear","EasingDirection":"In"}}},{"Time":0.3333333432674408,"poses":{"Left Leg":{"Weight":1,"CFrame":[-0.057469625025987628,0.06362736225128174,0.17873084545135499,0.6903769969940186,-0.3715290129184723,0.6207624077796936,0.3723010718822479,0.9181710481643677,0.13547709584236146,-0.6202996373176575,0.13758021593093873,0.7722046375274658],"EasingStyle":"Linear","EasingDirection":"In"},"Right Arm":{"Weight":1,"CFrame":[0.0068360790610313419,-0.47589588165283205,0.04788029193878174,-0.18114179372787476,-0.8781201839447022,0.44282349944114687,0.9008743166923523,0.0324522964656353,0.43286532163619997,-0.39447835087776186,0.47733819484710696,0.7851974368095398],"EasingStyle":"Linear","EasingDirection":"In"},"Head":{"Weight":1,"CFrame":[1.2945383787155152e-7,1.862645149230957e-9,0,0.986559271812439,-0.14805814623832704,0.06913541257381439,0.15323340892791749,0.9852050542831421,-0.07675107568502426,-0.05674893036484718,0.08631333708763123,0.9946505427360535],"EasingStyle":"Linear","EasingDirection":"In"},"Right Leg":{"Weight":1,"CFrame":[0.5558122992515564,0.21646034717559815,0.0453953742980957,0.9462535381317139,0.3024883270263672,-0.11447738111019135,-0.2893362045288086,0.9498875141143799,0.11831530183553696,0.14452968537807465,-0.07883384823799133,0.9863551259040833],"EasingStyle":"Linear","EasingDirection":"In"},"Torso":{"Weight":1,"CFrame":[-0.1391402781009674,0.005277320742607117,-0.1799788475036621,0.9868654608726502,0.14528612792491914,-0.0706295445561409,-0.14329688251018525,0.9891465306282044,0.03248649090528488,0.07458280026912689,-0.021938804537057878,0.99697345495224],"EasingStyle":"Linear","EasingDirection":"In"},"HumanoidRootPart":{"Weight":1,"CFrame":[0,0,0,1,0,0,0,1,0,0,0,1],"EasingStyle":"Linear","EasingDirection":"In"},"Left Arm":{"Weight":1,"CFrame":[-0.13558875024318696,-0.40944117307662966,0.1575709581375122,-0.17416895925998689,0.8941522836685181,-0.41250091791152956,-0.9642089009284973,-0.06981202960014343,0.25578799843788149,0.19991587102413178,0.4422871768474579,0.8743085265159607],"EasingStyle":"Linear","EasingDirection":"In"}}},{"Time":0.36666667461395266,"poses":{"Left Leg":{"Weight":1,"CFrame":[-0.1834639608860016,0.05612260103225708,0.1634906530380249,0.7800873517990112,-0.405560702085495,0.476428747177124,0.3909008800983429,0.9104788303375244,0.13499939441680909,-0.48852860927581789,0.08092506974935532,0.8687869310379028],"EasingStyle":"Linear","EasingDirection":"In"},"Right Arm":{"Weight":1,"CFrame":[0.0002557821571826935,-0.47183194756507876,0.038580894470214847,-0.19659177958965302,-0.9061684608459473,0.37444713711738589,0.892360270023346,-0.007123083807528019,0.451267808675766,-0.406257301568985,0.42285704612731936,0.8100289106369019],"EasingStyle":"Linear","EasingDirection":"In"},"Head":{"Weight":1,"CFrame":[1.043081283569336e-7,-3.725290298461914e-9,1.1920928955078126e-7,0.9837320446968079,-0.17169426381587983,0.05284275859594345,0.17530114948749543,0.9817644953727722,-0.07353916764259339,-0.03925289213657379,0.08160621672868729,0.9958914518356323],"EasingStyle":"Linear","EasingDirection":"In"},"Right Leg":{"Weight":1,"CFrame":[0.5949088931083679,0.20047473907470704,-0.01100015640258789,0.9597095251083374,0.28079578280448916,-0.010560222901403904,-0.27848488092422488,0.9554781317710877,0.09750766307115555,0.03746984526515007,-0.09063822776079178,0.995178759098053],"EasingStyle":"Linear","EasingDirection":"In"},"Torso":{"Weight":1,"CFrame":[-0.133226215839386,0.006896987557411194,-0.1760563850402832,0.9843477606773377,0.16790655255317689,-0.05354407802224159,-0.16664305329322816,0.9856399297714233,0.027279885485768319,0.057355646044015887,-0.01793014071881771,0.9981928467750549],"EasingStyle":"Linear","EasingDirection":"In"},"HumanoidRootPart":{"Weight":1,"CFrame":[0,0,0,1,0,0,0,1,0,0,0,1],"EasingStyle":"Linear","EasingDirection":"In"},"Left Arm":{"Weight":1,"CFrame":[-0.1412513554096222,-0.39666882157325747,0.1603158712387085,-0.1941315084695816,0.8914653658866882,-0.40939298272132876,-0.9636179208755493,-0.09513657540082932,0.24977895617485047,0.18372100591659547,0.44298815727233889,0.8775010108947754],"EasingStyle":"Linear","EasingDirection":"In"}}},{"Time":0.4000000059604645,"poses":{"Left Leg":{"Weight":1,"CFrame":[-0.32417407631874087,0.04763144254684448,0.12009799480438233,0.8494126200675964,-0.4360966682434082,0.29718345403671267,0.41488316655158999,0.8998557329177856,0.1346541941165924,-0.32614442706108096,0.008919411338865757,0.9452779293060303],"EasingStyle":"Linear","EasingDirection":"In"},"Right Arm":{"Weight":1,"CFrame":[-0.0037475451827049257,-0.46759122610092165,0.03292346000671387,-0.21048760414123536,-0.926367461681366,0.31231147050857546,0.8879656791687012,-0.04754060506820679,0.4574461281299591,-0.40891557931900027,0.37360841035842898,0.8325890898704529],"EasingStyle":"Linear","EasingDirection":"In"},"Head":{"Weight":1,"CFrame":[8.847564458847046e-8,0,2.384185791015625e-7,0.980055570602417,-0.19582082331180573,0.03384118527173996,0.1977122575044632,0.9779839515686035,-0.06676297634840012,-0.020022554323077203,0.0721222385764122,0.9971948862075806],"EasingStyle":"Linear","EasingDirection":"In"},"Right Leg":{"Weight":1,"CFrame":[0.6208570003509522,0.1858699917793274,-0.0636177659034729,0.9639120697975159,0.2523214519023895,0.08489684760570526,-0.25855642557144167,0.9632528424263,0.07275021076202393,-0.06342065334320069,-0.0920754075050354,0.9937303066253662],"EasingStyle":"Linear","EasingDirection":"In"},"Torso":{"Weight":1,"CFrame":[-0.12502574920654298,0.010216910392045975,-0.17327547073364259,0.9812164902687073,0.19009415805339814,-0.03284122422337532,-0.18950176239013673,0.981670081615448,0.020324746146798135,0.03610285744071007,-0.013719504699110985,0.9992539882659912],"EasingStyle":"Linear","EasingDirection":"In"},"HumanoidRootPart":{"Weight":1,"CFrame":[0,0,0,1,0,0,0,1,0,0,0,1],"EasingStyle":"Linear","EasingDirection":"In"},"Left Arm":{"Weight":1,"CFrame":[-0.1480429768562317,-0.38828936219215395,0.16199064254760743,-0.2192736566066742,0.8883338570594788,-0.4034627079963684,-0.9616044163703919,-0.12682220339775086,0.24337860941886903,0.16503338515758515,0.4413377344608307,0.882034420967102],"EasingStyle":"Linear","EasingDirection":"In"}}},{"Time":0.4333333373069763,"poses":{"Left Leg":{"Weight":1,"CFrame":[-0.4452466666698456,0.04172813892364502,0.057643771171569827,0.8798708915710449,-0.4573870897293091,0.1289350837469101,0.440479040145874,0.8867907524108887,0.1399303376674652,-0.17834079265594483,-0.06632744520902634,0.9817307591438294],"EasingStyle":"Linear","EasingDirection":"In"},"Right Arm":{"Weight":1,"CFrame":[-0.0050986818969249729,-0.46306872367858889,0.031013965606689454,-0.22272978723049165,-0.9378346800804138,0.26619118452072146,0.8901752829551697,-0.0843241959810257,0.447747141122818,-0.39746639132499697,0.33668333292007449,0.8536186218261719],"EasingStyle":"Linear","EasingDirection":"In"},"Head":{"Weight":1,"CFrame":[7.59027898311615e-8,-3.725290298461914e-9,3.5762786865234377e-7,0.9755646586418152,-0.2193317711353302,0.012934082187712193,0.21971257030963899,0.9739518761634827,-0.056073058396577838,-0.00029857095796614885,0.05754467844963074,0.9983429908752441],"EasingStyle":"Linear","EasingDirection":"In"},"Right Leg":{"Weight":1,"CFrame":[0.6304582357406616,0.17228615283966065,-0.10260695219039917,0.9624508023262024,0.22006306052207948,0.15893645584583283,-0.2296864092350006,0.9722365140914917,0.04472534358501434,-0.14468137919902802,-0.07955150306224823,0.986275315284729],"EasingStyle":"Linear","EasingDirection":"In"},"Torso":{"Weight":1,"CFrame":[-0.11511757969856262,0.015050742775201798,-0.17167353630065919,0.9773102402687073,0.21160627901554109,-0.009359125979244709,-0.21148861944675446,0.9773048162460327,0.01216291356831789,0.011720467358827591,-0.00990759115666151,0.9998822808265686],"EasingStyle":"Linear","EasingDirection":"In"},"HumanoidRootPart":{"Weight":1,"CFrame":[0,0,0,1,0,0,0,1,0,0,0,1],"EasingStyle":"Linear","EasingDirection":"In"},"Left Arm":{"Weight":1,"CFrame":[-0.15606631338596345,-0.38527923822402956,0.1625574827194214,-0.2485022395849228,0.8848298788070679,-0.3941099941730499,-0.9576540589332581,-0.1633492112159729,0.2370988428592682,0.14541462063789369,0.4363405108451843,0.887953519821167],"EasingStyle":"Linear","EasingDirection":"In"}}},{"Time":0.46666666865348818,"poses":{"Left Leg":{"Weight":1,"CFrame":[-0.5252450108528137,0.04369908571243286,0.004808545112609863,0.8819780945777893,-0.47090399265289309,0.01907890848815441,0.4624774754047394,0.8725681900978088,0.1572880744934082,-0.09071523696184159,-0.12990105152130128,0.9873684644699097],"EasingStyle":"Linear","EasingDirection":"In"},"Right Arm":{"Weight":1,"CFrame":[-0.00486345961689949,-0.45822763442993166,0.03315079212188721,-0.23248034715652467,-0.9441379308700562,0.23357322812080384,0.8962722420692444,-0.11470753699541092,0.42841362953186037,-0.37768885493278506,0.30894291400909426,0.8728718757629395],"EasingStyle":"Linear","EasingDirection":"In"},"Head":{"Weight":1,"CFrame":[8.009374141693115e-8,-1.862645149230957e-9,1.1920928955078126e-7,0.9703390002250671,-0.2415427565574646,-0.00996643677353859,0.24091602861881257,0.9695943593978882,-0.0429697148501873,0.020042430609464647,0.03929413482546806,0.9990267157554627],"EasingStyle":"Linear","EasingDirection":"In"},"Right Leg":{"Weight":1,"CFrame":[0.6223371028900147,0.15778672695159913,-0.11899888515472412,0.9617681503295898,0.18685749173164369,0.20021572709083558,-0.19320061802864076,0.9810803532600403,0.012445804663002491,-0.19410204887390138,-0.05065176635980606,0.9796728491783142],"EasingStyle":"Linear","EasingDirection":"In"},"Torso":{"Weight":1,"CFrame":[-0.10402769595384598,0.02070128172636032,-0.17127418518066407,0.972527801990509,0.23222742974758149,0.016131488606333734,-0.23229914903640748,0.9726407527923584,0.0026976531371474268,-0.015063674189150334,-0.0063708764500916,0.9998663067817688],"EasingStyle":"Linear","EasingDirection":"In"},"HumanoidRootPart":{"Weight":1,"CFrame":[0,0,0,1,0,0,0,1,0,0,0,1],"EasingStyle":"Linear","EasingDirection":"In"},"Left Arm":{"Weight":1,"CFrame":[-0.1670624166727066,-0.38874489068984988,0.15792584419250489,-0.2807452082633972,0.8815813660621643,-0.379468709230423,-0.9512215256690979,-0.20288187265396119,0.23241497576236726,0.12790535390377046,0.4262080192565918,0.895537257194519],"EasingStyle":"Linear","EasingDirection":"In"}}},{"Time":0.5,"poses":{"Left Leg":{"Weight":1,"CFrame":[-0.559814989566803,0.05968254804611206,-0.01187366247177124,0.8762830495834351,-0.4817538857460022,-0.00642246101051569,0.47390615940093996,0.8594525456428528,0.1917143017053604,-0.08683931082487107,-0.17103971540927888,0.9814298152923584],"EasingStyle":"Linear","EasingDirection":"In"},"Right Arm":{"Weight":1,"CFrame":[-0.004184059798717499,-0.4533022344112396,0.03895461559295654,-0.23935261368751527,-0.9489388465881348,0.20548832416534425,0.9020350575447083,-0.13902822136878968,0.40866130590438845,-0.359225869178772,0.28317171335220339,0.889252781867981],"EasingStyle":"Linear","EasingDirection":"In"},"Head":{"Weight":1,"CFrame":[8.381903171539307e-8,-6.51925802230835e-9,2.384185791015625e-7,0.9644559025764465,-0.26194268465042117,-0.03479720279574394,0.26101943850517275,0.964900016784668,-0.02893063612282276,0.041153986006975177,0.018819577991962434,0.9989755749702454],"EasingStyle":"Linear","EasingDirection":"In"},"Right Leg":{"Weight":1,"CFrame":[0.5962441563606262,0.13896548748016358,-0.10909384489059448,0.9669933319091797,0.15455780923366548,0.20257313549518586,-0.1524229347705841,0.9879682660102844,-0.026194563135504724,-0.20418433845043183,-0.00554685527458787,0.9789167642593384],"EasingStyle":"Linear","EasingDirection":"In"},"Torso":{"Weight":1,"CFrame":[-0.09225592017173767,0.026474451646208764,-0.1720879077911377,0.9668307900428772,0.2517934739589691,0.04287715256214142,-0.25167781114578249,0.9677767157554627,-0.008163868449628353,-0.04355112090706825,-0.0028981450013816358,0.9990471005439758],"EasingStyle":"Linear","EasingDirection":"In"},"HumanoidRootPart":{"Weight":1,"CFrame":[0,0,0,1,0,0,0,1,0,0,0,1],"EasingStyle":"Linear","EasingDirection":"In"},"Left Arm":{"Weight":1,"CFrame":[-0.18191643059253694,-0.3981519937515259,0.1453545093536377,-0.3143986761569977,0.8788508772850037,-0.358851820230484,-0.942357063293457,-0.24333670735359193,0.22967493534088136,0.11452819406986237,0.4103758931159973,0.9046960473060608],"EasingStyle":"Linear","EasingDirection":"In"}}},{"Time":0.5333333611488342,"poses":{"Left Leg":{"Weight":1,"CFrame":[-0.5535762310028076,0.09324026107788086,0.011838436126708985,0.8693561553955078,-0.49187225103378298,0.04776768013834953,0.4677502512931824,0.8501884937286377,0.24163897335529328,-0.15946707129478455,-0.1877269595861435,0.9691898226737976],"EasingStyle":"Linear","EasingDirection":"In"},"Right Arm":{"Weight":1,"CFrame":[-0.0030999300070106985,-0.4485943615436554,0.04751443862915039,-0.24386900663375855,-0.9525670409202576,0.18205498158931733,0.9072802066802979,-0.15777480602264405,0.3898075222969055,-0.3425939977169037,0.2602367401123047,0.9027215242385864],"EasingStyle":"Linear","EasingDirection":"In"},"Head":{"Weight":1,"CFrame":[5.3318217396736148e-8,8.905772119760514e-9,2.384185791015625e-7,0.9579927921295166,-0.28019270300865176,-0.061171405017375949,0.2797386646270752,0.9599422812461853,-0.016040273010730745,0.06321538984775543,-0.001745529007166624,0.9979984760284424],"EasingStyle":"Linear","EasingDirection":"In"},"Right Leg":{"Weight":1,"CFrame":[0.5545727014541626,0.11280250549316406,-0.08013379573822022,0.9773125648498535,0.12353365123271942,0.17204563319683076,-0.11261731386184693,0.9910362362861633,-0.07186512649059296,-0.1793811321258545,0.050859395414590839,0.9824641346931458],"EasingStyle":"Linear","EasingDirection":"In"},"Torso":{"Weight":1,"CFrame":[-0.08025318384170532,0.03220950439572334,-0.17408442497253419,0.9602714776992798,0.27011141180992129,0.07013318687677384,-0.2693812847137451,0.962829053401947,-0.01984778232872486,-0.07288738340139389,0.0001666855823714286,0.9973401427268982],"EasingStyle":"Linear","EasingDirection":"In"},"HumanoidRootPart":{"Weight":1,"CFrame":[0,0,0,1,0,0,0,1,0,0,0,1],"EasingStyle":"Linear","EasingDirection":"In"},"Left Arm":{"Weight":1,"CFrame":[-0.1994468867778778,-0.412014365196228,0.12682819366455079,-0.34727293252944949,0.8764598369598389,-0.3334963023662567,-0.9318175315856934,-0.2825266718864441,0.22780431807041169,0.10543972998857498,0.3898679316043854,0.9148144125938416],"EasingStyle":"Linear","EasingDirection":"In"}}},{"Time":0.5666666626930237,"poses":{"Left Leg":{"Weight":1,"CFrame":[-0.5133001208305359,0.14300686120986939,0.059610724449157718,0.8529484272003174,-0.4981553852558136,0.15594956278800965,0.44015270471572878,0.8469752073287964,0.29815873503685,-0.2806147336959839,-0.18567229807376862,0.9416906237602234],"EasingStyle":"Linear","EasingDirection":"In"},"Right Arm":{"Weight":1,"CFrame":[-0.0016506263054907323,-0.44440749287605288,0.05791926383972168,-0.2465166598558426,-0.9552582502365112,0.16343578696250916,0.911801815032959,-0.17146509885787965,0.3731182813644409,-0.3284006416797638,0.24100074172019959,0.9132752418518066],"EasingStyle":"Linear","EasingDirection":"In"},"Head":{"Weight":1,"CFrame":[1.501757651567459e-8,-1.862645149230957e-8,-2.384185791015625e-7,0.951010525226593,-0.2962251603603363,-0.08848588913679123,0.2968505620956421,0.9549031853675842,-0.006311015225946903,0.08636496216058731,-0.02026524767279625,0.9960575103759766],"EasingStyle":"Linear","EasingDirection":"In"},"Right Leg":{"Weight":1,"CFrame":[0.4994669556617737,0.0783957839012146,-0.04229611158370972,0.9887487888336182,0.09315790235996247,0.11703646928071976,-0.07860934734344483,0.9892500042915344,-0.12330874800682068,-0.12726545333862306,0.11272110044956207,0.9854428172111511],"EasingStyle":"Linear","EasingDirection":"In"},"Torso":{"Weight":1,"CFrame":[-0.06836965680122376,0.037742599844932559,-0.17716407775878907,0.9529966711997986,0.2869965434074402,0.0971103385090828,-0.28524288535118105,0.9579281210899353,-0.031784139573574069,-0.10214667022228241,0.002590145682916045,0.9947659969329834],"EasingStyle":"Linear","EasingDirection":"In"},"HumanoidRootPart":{"Weight":1,"CFrame":[0,0,0,1,0,0,0,1,0,0,0,1],"EasingStyle":"Linear","EasingDirection":"In"},"Left Arm":{"Weight":1,"CFrame":[-0.21847285330295564,-0.4288480281829834,0.10433220863342285,-0.3769398331642151,0.8746074438095093,-0.30492332577705386,-0.9207566380500794,-0.31806114315986636,0.2259301096200943,0.10061585158109665,0.3659220337867737,0.9251905083656311],"EasingStyle":"Linear","EasingDirection":"In"}}},{"Time":0.6000000238418579,"poses":{"Left Leg":{"Weight":1,"CFrame":[-0.43907630443573,0.20580732822418214,0.11566650867462158,0.8151652216911316,-0.4954550266265869,0.30005016922950747,0.38901790976524355,0.8520944118499756,0.3501433730125427,-0.42915138602256777,-0.16869978606700898,0.8873384594917297],"EasingStyle":"Linear","EasingDirection":"In"},"Right Arm":{"Weight":1,"CFrame":[0.00012447871267795563,-0.44104138016700747,0.06925845146179199,-0.24777157604694367,-0.9571619629859924,0.1498342901468277,0.915374219417572,-0.1806296855211258,0.35980960726737978,-0.3173315227031708,0.22630496323108674,0.9209162592887878],"EasingStyle":"Linear","EasingDirection":"In"},"Head":{"Weight":1,"CFrame":[9.372888598591089e-8,1.9208528101444246e-8,0,0.9435855746269226,-0.31029635667800906,-0.11559625715017319,0.3122190535068512,0.9500088691711426,-0.001547988154925406,0.110297791659832,-0.03463068976998329,0.9932951331138611],"EasingStyle":"Linear","EasingDirection":"In"},"Right Leg":{"Weight":1,"CFrame":[0.4344295859336853,0.03812551498413086,-0.005472242832183838,0.9969151616096497,0.06290539354085922,0.0469370111823082,-0.053707875311374667,0.9828372001647949,-0.176484152674675,-0.05723312497138977,0.1734188348054886,0.983183741569519],"EasingStyle":"Linear","EasingDirection":"In"},"Torso":{"Weight":1,"CFrame":[-0.056566327810287479,0.04289129376411438,-0.1811079978942871,0.9452901482582092,0.30232444405555727,0.1225832849740982,-0.2992212474346161,0.9531950354576111,-0.043426260352134708,-0.1299746036529541,0.0043708947487175468,0.9915077090263367],"EasingStyle":"Linear","EasingDirection":"In"},"HumanoidRootPart":{"Weight":1,"CFrame":[0,0,0,1,0,0,0,1,0,0,0,1],"EasingStyle":"Linear","EasingDirection":"In"},"Left Arm":{"Weight":1,"CFrame":[-0.2378125786781311,-0.4471661448478699,0.07985115051269531,-0.40082818269729617,0.8739138841629028,-0.27497512102127077,-0.9107065796852112,-0.3473952114582062,0.22345072031021119,0.09975163638591767,0.3399868607521057,0.9351248741149902],"EasingStyle":"Linear","EasingDirection":"In"}}},{"Time":0.6333333253860474,"poses":{"Left Leg":{"Weight":1,"CFrame":[-0.3382471203804016,0.26936298608779909,0.16451048851013184,0.7510159015655518,-0.4789053499698639,0.4545598030090332,0.322809636592865,0.8668552041053772,0.3799422085285187,-0.575994074344635,-0.13860639929771424,0.8056172728538513],"EasingStyle":"Linear","EasingDirection":"In"},"Right Arm":{"Weight":1,"CFrame":[0.002185933291912079,-0.43880075216293337,0.08062136173248291,-0.2481262981891632,-0.9583395719528198,0.14148791134357453,0.9177441596984863,-0.18578873574733735,0.35103896260261538,-0.31012752652168276,0.21695156395435334,0.9256094694137573],"EasingStyle":"Linear","EasingDirection":"In"},"Head":{"Weight":1,"CFrame":[5.3085386753082278e-8,9.313225746154786e-10,3.57