{"Sequence":[{"Time":0,"poses":{"Left Leg":{"Weight":1,"CFrame":[-0.1711881011724472,0.29633212089538576,0.22275197505950929,0.8338481783866882,-0.00019703424186445773,0.5519936680793762,0.017806775867938997,0.9994890689849854,-0.02654239535331726,-0.5517064929008484,0.03196156397461891,0.833425760269165],"EasingStyle":"Linear","EasingDirection":"In"},"Right Arm":{"Weight":1,"CFrame":[-0.077561154961586,-0.07944527268409729,0.1260303258895874,0.9132350087165833,-0.24457114934921266,0.32586297392845156,0.17947661876678468,0.9594969153404236,0.2171495109796524,-0.3657730519771576,-0.13982389867305757,0.9201409816741943],"EasingStyle":"Linear","EasingDirection":"In"},"Head":{"Weight":1,"CFrame":[8.381903171539307e-8,7.450580596923828e-9,1.1920928955078126e-7,0.9968506693840027,0.0760394036769867,0.02251286618411541,-0.07513858377933502,0.9964308142662048,-0.03846936672925949,-0.025357693433761598,0.036656636744737628,0.9990062117576599],"EasingStyle":"Linear","EasingDirection":"In"},"Right Leg":{"Weight":1,"CFrame":[0.6138644814491272,0.05775713920593262,-0.1355421543121338,0.8833732008934021,0.41661402583122256,0.21467328071594239,-0.46134814620018008,0.8536376953125,0.24178622663021089,-0.08252163231372833,-0.31262660026550295,0.946284830570221],"EasingStyle":"Linear","EasingDirection":"In"},"Torso":{"Weight":1,"CFrame":[0.039117515087127689,-0.0288214311003685,-0.25417399406433108,0.9585361480712891,-0.2773314416408539,0.06554216146469116,0.28002095222473147,0.9593177437782288,-0.036026857793331149,-0.05288437381386757,0.052886225283145908,0.9971992373466492],"EasingStyle":"Linear","EasingDirection":"In"},"HumanoidRootPart":{"Weight":1,"CFrame":[0,0,0,1,0,0,0,1,0,0,0,1],"EasingStyle":"Linear","EasingDirection":"In"},"Left Arm":{"Weight":1,"CFrame":[-0.5375645756721497,-0.6098865270614624,-0.16012346744537354,-0.10980050265789032,0.5386907458305359,-0.8353180289268494,-0.9894863367080689,0.020348569378256799,0.1431882381439209,0.09413174539804459,0.8422577977180481,0.530792772769928],"EasingStyle":"Linear","EasingDirection":"In"}}},{"Time":0.05000000074505806,"poses":{"Left Leg":{"Weight":1,"CFrame":[-0.28096434473991396,0.4551306366920471,0.24613118171691895,0.8596416115760803,-0.03941637650132179,0.5093749761581421,0.022301366552710534,0.9989641904830933,0.03966495394706726,-0.5104107856750488,-0.022737868130207063,0.8596300482749939],"EasingStyle":"Linear","EasingDirection":"In"},"Right Arm":{"Weight":1,"CFrame":[-0.04419349133968353,-0.12987881898880006,0.10188353061676026,0.7654827237129211,-0.20814606547355653,0.6088607907295227,0.33872202038764956,0.9348670840263367,-0.10625901818275452,-0.5470864176750183,0.28757381439208987,0.7861282229423523],"EasingStyle":"Linear","EasingDirection":"In"},"Head":{"Weight":1,"CFrame":[5.960464477539063e-8,1.1175870895385743e-8,1.1920928955078126e-7,0.9954702854156494,0.09070577472448349,0.028485704213380815,-0.08952882140874863,0.9951733350753784,-0.04018454998731613,-0.031993184238672259,0.03745223954319954,0.9987861514091492],"EasingStyle":"Linear","EasingDirection":"In"},"Right Leg":{"Weight":1,"CFrame":[0.582328736782074,0.003110945224761963,-0.10107147693634033,0.8753452301025391,0.43408867716789248,0.21292653679847718,-0.4744018018245697,0.8561294078826904,0.20490342378616334,-0.09334643930196762,-0.28037402033805849,0.9553412795066834],"EasingStyle":"Linear","EasingDirection":"In"},"Torso":{"Weight":1,"CFrame":[0.06584268808364868,-0.028504900634288789,-0.21235084533691407,0.9434019327163696,-0.3253629505634308,0.06428003311157227,0.3278285562992096,0.9441882371902466,-0.032206229865550998,-0.05021373927593231,0.051456253975629809,0.9974120855331421],"EasingStyle":"Linear","EasingDirection":"In"},"HumanoidRootPart":{"Weight":1,"CFrame":[0,0,0,1,0,0,0,1,0,0,0,1],"EasingStyle":"Linear","EasingDirection":"In"},"Left Arm":{"Weight":1,"CFrame":[-0.5372204780578613,-0.5694544315338135,-0.17137807607650758,-0.14228802919387818,0.4266120493412018,-0.8931720852851868,-0.9895030856132507,-0.03828266263008118,0.13934901356697083,0.02525501325726509,0.9036241769790649,0.4275810122489929],"EasingStyle":"Linear","EasingDirection":"In"}}},{"Time":0.10000000149011612,"poses":{"Left Leg":{"Weight":1,"CFrame":[-0.38056445121765139,0.5447788834571838,0.2726799249649048,0.8831168413162231,-0.07573603838682175,0.4629998505115509,0.034352514892816547,0.9946736693382263,0.09718213975429535,-0.46789395809173586,-0.06991792470216751,0.8810146450996399],"EasingStyle":"Linear","EasingDirection":"In"},"Right Arm":{"Weight":1,"CFrame":[0.03922576084733009,-0.2559630274772644,0.08615148067474365,0.5576463341712952,-0.21941763162612916,0.8005537986755371,0.6076655387878418,0.7649204134941101,-0.2136339694261551,-0.5654849410057068,0.6056011319160461,0.5598875880241394],"EasingStyle":"Linear","EasingDirection":"In"},"Head":{"Weight":1,"CFrame":[7.35744833946228e-8,-1.1175870895385743e-8,2.384185791015625e-7,0.9945091605186462,0.09964311122894287,0.031981538981199267,-0.09821075946092606,0.9942097067832947,-0.04360855743288994,-0.036141641438007358,0.040228188037872317,0.9985367059707642],"EasingStyle":"Linear","EasingDirection":"In"},"Right Leg":{"Weight":1,"CFrame":[0.39151203632354739,-0.027755260467529298,-0.045482099056243899,0.9092535972595215,0.359088271856308,0.21050767600536347,-0.4000983238220215,0.8934628367424011,0.20407219231128694,-0.1148008406162262,-0.26977717876434328,0.9560549259185791],"EasingStyle":"Linear","EasingDirection":"In"},"Torso":{"Weight":1,"CFrame":[0.13862599432468415,-0.03123294562101364,-0.11617803573608399,0.9331865906715393,-0.3543982207775116,0.05970681458711624,0.35638540983200076,0.9339649677276611,-0.026437370106577874,-0.0463947169482708,0.04594962298870087,0.9978659152984619],"EasingStyle":"Linear","EasingDirection":"In"},"HumanoidRootPart":{"Weight":1,"CFrame":[0,0,0,1,0,0,0,1,0,0,0,1],"EasingStyle":"Linear","EasingDirection":"In"},"Left Arm":{"Weight":1,"CFrame":[-0.5367755889892578,-0.5278557538986206,-0.1792430281639099,-0.20026323199272157,0.2999253571033478,-0.9327055215835571,-0.9796507358551025,-0.04829415678977966,0.1948132961988449,0.013385271653532982,0.9527394771575928,0.3034936785697937],"EasingStyle":"Linear","EasingDirection":"In"}}},{"Time":0.15000000596046449,"poses":{"Left Leg":{"Weight":1,"CFrame":[-0.42714717984199526,0.4481411576271057,0.30400705337524416,0.9084096550941467,-0.07626347988843918,0.41106685996055605,0.0210728757083416,0.9903244972229004,0.13716208934783936,-0.41754990816116335,-0.11593692004680634,0.9012272953987122],"EasingStyle":"Linear","EasingDirection":"In"},"Right Arm":{"Weight":1,"CFrame":[0.14767077565193177,-0.4198726713657379,0.0768660306930542,0.29613539576530459,-0.24400748312473298,0.9234523177146912,0.8504049777984619,0.5075448155403137,-0.13859979808330537,-0.4348740875720978,0.826352596282959,0.35780712962150576],"EasingStyle":"Linear","EasingDirection":"In"},"Head":{"Weight":1,"CFrame":[1.0058283805847168e-7,1.3969838619232178e-8,-5.960464477539063e-8,0.9939780235290527,0.10428506135940552,0.03365005552768707,-0.10262998938560486,0.9935778379440308,-0.04764743521809578,-0.038402847945690158,0.04390700161457062,0.9982973337173462],"EasingStyle":"Linear","EasingDirection":"In"},"Right Leg":{"Weight":1,"CFrame":[0.5958223938941956,-0.060965657234191897,-0.07859933376312256,0.8579758405685425,0.476436048746109,0.19205784797668458,-0.5037635564804077,0.8535215258598328,0.13312910497188569,-0.10049791634082794,-0.21097338199615479,0.9723119735717773],"EasingStyle":"Linear","EasingDirection":"In"},"Torso":{"Weight":1,"CFrame":[0.24844902753829957,-0.03711175173521042,-0.009531021118164063,0.9276618957519531,-0.36960816383361819,0.05322960019111633,0.37106993794441225,0.928378701210022,-0.020496990531682969,-0.04184137284755707,0.038766175508499148,0.9983720183372498],"EasingStyle":"Linear","EasingDirection":"In"},"HumanoidRootPart":{"Weight":1,"CFrame":[0,0,0,1,0,0,0,1,0,0,0,1],"EasingStyle":"Linear","EasingDirection":"In"},"Left Arm":{"Weight":1,"CFrame":[-0.5364314317703247,-0.4786769449710846,-0.1877979040145874,-0.27585741877555849,0.194301575422287,-0.941355288028717,-0.9609825015068054,-0.03498594090342522,0.27438780665397646,0.020379815250635148,0.9803178310394287,0.19637134671211244],"EasingStyle":"Linear","EasingDirection":"In"}}},{"Time":0.20000000298023225,"poses":{"Left Leg":{"Weight":1,"CFrame":[-0.44128674268722536,0.3765273690223694,0.3257572650909424,0.9262664318084717,-0.059893179684877399,0.3720797002315521,-0.007966643199324608,0.9839586019515991,0.17821885645389558,-0.37678512930870058,-0.1680423617362976,0.9109306931495667],"EasingStyle":"Linear","EasingDirection":"In"},"Right Arm":{"Weight":1,"CFrame":[0.2561158537864685,-0.5837823152542114,0.07205939292907715,0.0245534535497427,-0.24343688786029817,0.9696059226989746,0.9733321666717529,0.2271050363779068,0.0323709137737751,-0.22808261215686799,0.9429537653923035,0.24252104759216309],"EasingStyle":"Linear","EasingDirection":"In"},"Head":{"Weight":1,"CFrame":[1.0058283805847168e-7,3.725290298461914e-9,0,0.993774950504303,0.10604364424943924,0.03415132313966751,-0.10422475636005402,0.9932326078414917,-0.051246799528598788,-0.0393546000123024,0.04736838489770889,0.9981020092964172],"EasingStyle":"Linear","EasingDirection":"In"},"Right Leg":{"Weight":1,"CFrame":[0.7956048250198364,-0.05132269859313965,-0.10010635852813721,0.7931466698646545,0.5875725150108337,0.16024024784564973,-0.6019152998924255,0.796362578868866,0.059200894087553027,-0.0928245335817337,-0.14340610802173615,0.98530113697052],"EasingStyle":"Linear","EasingDirection":"In"},"Torso":{"Weight":1,"CFrame":[0.3863200545310974,-0.04617173969745636,0.06376147270202637,0.9255983829498291,-0.3756663203239441,0.04628888517618179,0.3767106533050537,0.9261917471885681,-0.01606711931526661,-0.03683650866150856,0.032309211790561679,0.9987989664077759],"EasingStyle":"Linear","EasingDirection":"In"},"HumanoidRootPart":{"Weight":1,"CFrame":[0,0,0,1,0,0,0,1,0,0,0,1],"EasingStyle":"Linear","EasingDirection":"In"},"Left Arm":{"Weight":1,"CFrame":[-0.5360369086265564,-0.42016664147377016,-0.19953268766403199,-0.35520264506340029,0.13339181244373322,-0.925223171710968,-0.9347695708274841,-0.044248178601264957,0.35248827934265139,0.006079673767089844,0.9900751709938049,0.140407532453537],"EasingStyle":"Linear","EasingDirection":"In"}}},{"Time":0.25,"poses":{"Left Leg":{"Weight":1,"CFrame":[-0.4237535893917084,0.33932775259017947,0.3145899772644043,0.9368384480476379,-0.029270196333527566,0.3485356569290161,-0.053486909717321399,0.9727823138237,0.22546367347240449,-0.3456485867500305,-0.22986504435539246,0.9097742438316345],"EasingStyle":"Linear","EasingDirection":"In"},"Right Arm":{"Weight":1,"CFrame":[0.33953508734703066,-0.7098664045333862,0.06976330280303955,-0.1810983419418335,-0.21866415441036225,0.9588479995727539,0.9821009039878845,0.011123193427920342,0.18802675604820252,-0.05178007856011391,0.9757367372512817,0.2127358615398407],"EasingStyle":"Linear","EasingDirection":"In"},"Head":{"Weight":1,"CFrame":[1.1362135410308838e-7,-7.450580596923828e-9,1.1920928955078126e-7,0.9937450289726257,0.10632724314928055,0.03413804993033409,-0.10442477464675904,0.9930998086929321,-0.053369320929050449,-0.039577096700668338,0.049470651894807819,0.9979912042617798],"EasingStyle":"Linear","EasingDirection":"In"},"Right Leg":{"Weight":1,"CFrame":[0.8216158747673035,-0.0495067834854126,-0.07816797494888306,0.7884927988052368,0.603144645690918,0.12039778381586075,-0.6080893874168396,0.7938492298126221,0.005549643188714981,-0.0922304019331932,-0.0775885209441185,0.9927102327346802],"EasingStyle":"Linear","EasingDirection":"In"},"Torso":{"Weight":1,"CFrame":[0.5432239174842835,-0.058474183082580569,0.08832716941833496,0.9253224730491638,-0.37703394889831545,0.04029586911201477,0.3778539299964905,0.9257458448410034,-0.014868314377963543,-0.031697873026132587,0.028983935713768007,0.9990772604942322],"EasingStyle":"Linear","EasingDirection":"In"},"HumanoidRootPart":{"Weight":1,"CFrame":[0,0,0,1,0,0,0,1,0,0,0,1],"EasingStyle":"Linear","EasingDirection":"In"},"Left Arm":{"Weight":1,"CFrame":[-0.5340306758880615,-0.3692377805709839,-0.21057748794555665,-0.4177994728088379,0.10819002240896225,-0.9020746350288391,-0.9082551002502441,-0.07456996291875839,0.41171854734420779,-0.022723764181137086,0.991329550743103,0.12941941618919373],"EasingStyle":"Linear","EasingDirection":"In"}}},{"Time":0.30000001192092898,"poses":{"Left Leg":{"Weight":1,"CFrame":[-0.32014602422714236,0.2321370244026184,0.24260592460632325,0.9407128095626831,0.0008928030729293823,0.33920320868492129,-0.07507545500993729,0.9757441282272339,0.205638587474823,-0.3307918310165405,-0.21891269087791444,0.917961835861206],"EasingStyle":"Linear","EasingDirection":"In"},"Right Arm":{"Weight":1,"CFrame":[0.3729027211666107,-0.7602997422218323,0.06800997257232666,-0.2601882219314575,-0.20386123657226563,0.9437917470932007,0.9654070138931274,-0.07220397144556046,0.2505509853363037,0.017067961394786836,0.976333498954773,0.21559566259384156],"EasingStyle":"Linear","EasingDirection":"In"},"Head":{"Weight":1,"CFrame":[1.0058283805847168e-7,-1.4901161193847657e-8,1.1920928955078126e-7,0.9945603609085083,0.10001848638057709,0.029088817536830903,-0.09835762530565262,0.9936953186988831,-0.05381031706929207,-0.03428743779659271,0.050656501203775409,0.9981274008750916],"EasingStyle":"Linear","EasingDirection":"In"},"Right Leg":{"Weight":1,"CFrame":[0.8160618543624878,-0.048627376556396487,-0.059244751930236819,0.7889072299003601,0.6080190539360046,0.08909764885902405,-0.6103434562683106,0.7921355366706848,-0.0014487007865682245,-0.07145822793245316,-0.05323726311326027,0.9960218667984009],"EasingStyle":"Linear","EasingDirection":"In"},"Torso":{"Weight":1,"CFrame":[0.7092831134796143,-0.07199357450008393,0.0919334888458252,0.9278432726860046,-0.37126898765563967,0.035583775490522388,0.37198594212532046,0.9281002283096314,-0.016012689098715783,-0.027080295607447625,0.028093930333852769,0.9992384314537048],"EasingStyle":"Linear","EasingDirection":"In"},"HumanoidRootPart":{"Weight":1,"CFrame":[0,0,0,1,0,0,0,1,0,0,0,1],"EasingStyle":"Linear","EasingDirection":"In"},"Left Arm":{"Weight":1,"CFrame":[-0.5284987688064575,-0.347466379404068,-0.21547234058380128,-0.44662585854530337,0.1069488450884819,-0.8883059024810791,-0.8941152095794678,-0.08987763524055481,0.4387255907058716,-0.032917607575654986,0.9901939630508423,0.13576626777648927],"EasingStyle":"Linear","EasingDirection":"In"}}},{"Time":0.3499999940395355,"poses":{"Left Leg":{"Weight":1,"CFrame":[-0.325266569852829,0.1830196976661682,0.10970520973205567,0.9794362783432007,-0.008015314117074013,0.20159459114074708,-0.04105144366621971,0.970390260219574,0.23802821338176728,-0.19753338396549226,-0.24140934646129609,0.9501063823699951],"EasingStyle":"Linear","EasingDirection":"In"},"Right Arm":{"Weight":1,"CFrame":[0.34394896030426028,-0.7211434841156006,0.06494402885437012,-0.1339099407196045,-0.30844905972480776,0.941768229007721,0.9866405725479126,0.047478556632995608,0.15584051609039308,-0.09278260916471482,0.9500552415847778,0.2979704737663269],"EasingStyle":"Linear","EasingDirection":"In"},"Head":{"Weight":1,"CFrame":[8.568167686462403e-8,1.4901161193847657e-8,2.384185791015625e-7,0.9963290691375732,0.08366841822862625,0.018112700432538987,-0.08259613066911698,0.9951452612876892,-0.05351649224758148,-0.022502390667796136,0.05182398855686188,0.9984027147293091],"EasingStyle":"Linear","EasingDirection":"In"},"Right Leg":{"Weight":1,"CFrame":[0.6350942850112915,-0.047524452209472659,0.02771759033203125,0.8424164652824402,0.5377013683319092,-0.03481229022145271,-0.535822331905365,0.8427820801734924,0.051115766167640689,0.056824225932359698,-0.02440759725868702,0.9980859160423279],"EasingStyle":"Linear","EasingDirection":"In"},"Torso":{"Weight":1,"CFrame":[0.8729643225669861,-0.08417364954948425,-0.0060160160064697269,0.9363745450973511,-0.34968236088752749,0.030416002497076989,0.3502994775772095,0.936465859413147,-0.017948906868696214,-0.02220712974667549,0.027461612597107889,0.9993761777877808],"EasingStyle":"Linear","EasingDirection":"In"},"HumanoidRootPart":{"Weight":1,"CFrame":[0,0,0,1,0,0,0,1,0,0,0,1],"EasingStyle":"Linear","EasingDirection":"In"},"Left Arm":{"Weight":1,"CFrame":[-0.47719842195510867,-0.36239930987358096,-0.15292370319366456,-0.3989068567752838,0.18482816219329835,-0.8981715440750122,-0.9141559600830078,-0.0031867604702711107,0.4053502678871155,0.07205799221992493,0.9827657341957092,0.17023296654224397],"EasingStyle":"Linear","EasingDirection":"In"}}},{"Time":0.4000000059604645,"poses":{"Left Leg":{"Weight":1,"CFrame":[-0.5921350717544556,0.1822308897972107,-0.05502086877822876,0.9857407212257385,-0.13271047174930573,-0.10345649719238281,0.15502730011940003,0.9553182125091553,0.2516616880893707,0.06543572247028351,-0.2641116678714752,0.9622698426246643],"EasingStyle":"Linear","EasingDirection":"In"},"Right Arm":{"Weight":1,"CFrame":[0.2711281478404999,-0.6064082980155945,0.05916142463684082,0.26058533787727358,-0.49653032422065737,0.8279812932014465,0.9140192866325378,0.4030596613883972,-0.04595367982983589,-0.31090837717056277,0.7687655687332153,0.5588697195053101],"EasingStyle":"Linear","EasingDirection":"In"},"Head":{"Weight":1,"CFrame":[7.450580596923828e-9,2.2351741790771486e-8,1.1920928955078126e-7,0.9980982542037964,0.06120907515287399,0.007302098907530308,-0.06073709949851036,0.9967395067214966,-0.05311669409275055,-0.01052950881421566,0.05257217586040497,0.998561680316925],"EasingStyle":"Linear","EasingDirection":"In"},"Right Leg":{"Weight":1,"CFrame":[0.328276127576828,-0.004016757011413574,0.12488019466400147,0.8559010624885559,0.4220052659511566,-0.2989061772823334,-0.4034753739833832,0.9064843654632568,0.12447419762611389,0.32348257303237917,0.014063681475818158,0.9461296200752258],"EasingStyle":"Linear","EasingDirection":"In"},"Torso":{"Weight":1,"CFrame":[1.022667646408081,-0.0942416712641716,-0.11181449890136719,0.9514848589897156,-0.3068367540836334,0.022973034530878068,0.30731475353240969,0.9513682723045349,-0.021355006843805314,-0.015303314663469792,0.02737891674041748,0.9995080828666687],"EasingStyle":"Linear","EasingDirection":"In"},"HumanoidRootPart":{"Weight":1,"CFrame":[0,0,0,1,0,0,0,1,0,0,0,1],"EasingStyle":"Linear","EasingDirection":"In"},"Left Arm":{"Weight":1,"CFrame":[-0.3680637776851654,-0.3901311457157135,-0.012741327285766602,-0.2053658813238144,0.37973806262016299,-0.9020110368728638,-0.9164265990257263,0.24886232614517213,0.31341657042503359,0.3434927463531494,0.8909919857978821,0.29689404368400576],"EasingStyle":"Linear","EasingDirection":"In"}}},{"Time":0.44999998807907107,"poses":{"Left Leg":{"Weight":1,"CFrame":[-0.7117128372192383,0.13101410865783692,-0.1720813512802124,0.941970944404602,-0.215541273355484,-0.25735723972320559,0.2686658501625061,0.9437007904052734,0.19299623370170594,0.20126955211162568,-0.2509400248527527,0.9468472003936768],"EasingStyle":"Linear","EasingDirection":"In"},"Right Arm":{"Weight":1,"CFrame":[0.1755012571811676,-0.4201931953430176,0.049370527267456058,0.7543179988861084,-0.4614131450653076,0.4670143723487854,0.5666394829750061,0.8168311715126038,-0.10819734632968903,-0.33154821395874026,0.34624388813972475,0.8776053190231323],"EasingStyle":"Linear","EasingDirection":"In"},"Head":{"Weight":1,"CFrame":[2.3096799850463868e-7,-1.4901161193847657e-8,-1.7881393432617188e-7,0.9993257522583008,0.03661099821329117,0.0027684825472533705,-0.03641330823302269,0.9979330897331238,-0.052948787808418277,-0.004701266065239906,0.05281227082014084,0.9985933899879456],"EasingStyle":"Linear","EasingDirection":"In"},"Right Leg":{"Weight":1,"CFrame":[0.18938203155994416,0.06862795352935791,0.18562138080596925,0.7688739895820618,0.37518617510795596,-0.5177529454231262,-0.33971914649009707,0.9257051944732666,0.16631576418876649,0.5416860580444336,0.04801463708281517,0.8392086029052734],"EasingStyle":"Linear","EasingDirection":"In"},"Torso":{"Weight":1,"CFrame":[1.1466164588928223,-0.10115726292133331,-0.12279391288757324,0.9715756773948669,-0.23646384477615357,0.011214101687073708,0.23668479919433595,0.971222996711731,-0.026574520394206048,-0.004607480019330978,0.02847336232662201,0.9995839595794678],"EasingStyle":"Linear","EasingDirection":"In"},"HumanoidRootPart":{"Weight":1,"CFrame":[0,0,0,1,0,0,0,1,0,0,0,1],"EasingStyle":"Linear","EasingDirection":"In"},"Left Arm":{"Weight":1,"CFrame":[-0.24444657564163209,-0.40506425499916079,0.1338794231414795,0.1929902583360672,0.5684927701950073,-0.7997317314147949,-0.751291036605835,0.6098707914352417,0.25222885608673098,0.6311233639717102,0.5521535277366638,0.5448026061058044],"EasingStyle":"Linear","EasingDirection":"In"}}},{"Time":0.5,"poses":{"Left Leg":{"Weight":1,"CFrame":[-0.7024396061897278,0.08742815256118775,-0.10313087701797486,0.9466058015823364,-0.2841740548610687,-0.15225869417190553,0.3024275004863739,0.9463310837745667,0.11399656534194946,0.11169222742319107,-0.1539570689201355,0.9817444682121277],"EasingStyle":"Linear","EasingDirection":"In"},"Right Arm":{"Weight":1,"CFrame":[0.0780404582619667,-0.1955261528491974,0.036397337913513187,0.9787824749946594,-0.1956160068511963,0.06098692864179611,0.19169074296951295,0.9793192148208618,0.0647195428609848,-0.07238589972257614,-0.05165587738156319,0.9960381388664246],"EasingStyle":"Linear","EasingDirection":"In"},"Head":{"Weight":1,"CFrame":[7.078051567077637e-8,1.4901161193847657e-8,-2.384185791015625e-7,0.9998747706413269,0.013504737988114357,0.008255157619714737,-0.013126060366630555,0.9989310503005981,-0.04432260990142822,-0.008844898082315922,0.044208694249391559,0.9989832043647766],"EasingStyle":"Linear","EasingDirection":"In"},"Right Leg":{"Weight":1,"CFrame":[0.09941545128822327,0.12492382526397705,0.1865229606628418,0.7411428093910217,0.29019638895988467,-0.6053870320320129,-0.2567801773548126,0.9557170271873474,0.14376723766326905,0.6202993988990784,0.04889928176999092,0.7828394770622253],"EasingStyle":"Linear","EasingDirection":"In"},"Torso":{"Weight":1,"CFrame":[1.2318840026855469,-0.1126091480255127,-0.1272110939025879,0.9906783699989319,-0.13609735667705537,-0.005824492312967777,0.13574989140033723,0.9898989796638489,-0.040889374911785129,0.011330594308674336,0.03971754387021065,0.9991466999053955],"EasingStyle":"Linear","EasingDirection":"In"},"HumanoidRootPart":{"Weight":1,"CFrame":[0,0,0,1,0,0,0,1,0,0,0,1],"EasingStyle":"Linear","EasingDirection":"In"},"Left Arm":{"Weight":1,"CFrame":[-0.143576979637146,-0.3003498911857605,0.23085474967956544,0.6364327669143677,0.5456715822219849,-0.5451568365097046,-0.422885924577713,0.8379275798797607,0.3450286090373993,0.6450743079185486,0.010951616801321507,0.7640414834022522],"EasingStyle":"Linear","EasingDirection":"In"}}},{"Time":0.550000011920929,"poses":{"Left Leg":{"Weight":1,"CFrame":[-0.6512559056282044,0.051178157329559329,-0.015982389450073243,0.9485130906105042,-0.3163398504257202,-0.015877146273851396,0.31669801473617556,0.946405291557312,0.06339803338050842,-0.005029184743762016,-0.06516214460134506,0.9978619813919067],"EasingStyle":"Linear","EasingDirection":"In"},"Right Arm":{"Weight":1,"CFrame":[-0.0006347484886646271,-0.08115389943122864,0.029536962509155275,0.9748691916465759,-0.02406938746571541,-0.22147388756275178,0.08477822691202164,0.9594293236732483,0.2689017057418823,0.2060161679983139,-0.28092023730278017,0.9373586177825928],"EasingStyle":"Linear","EasingDirection":"In"},"Head":{"Weight":1,"CFrame":[2.50060111284256e-7,-7.450580596923828e-9,-1.7881393432617188e-7,0.9997981786727905,-0.005841450300067663,0.019221613183617593,0.0063255769200623039,0.9996618628501892,-0.025223081931471826,-0.01906777359545231,0.02533957175910473,0.9994970560073853],"EasingStyle":"Linear","EasingDirection":"In"},"Right Leg":{"Weight":1,"CFrame":[0.11471746861934662,0.1367000937461853,0.18070769309997559,0.7905495166778565,0.21608126163482667,-0.5730098485946655,-0.2124461531639099,0.9743422269821167,0.0743231400847435,0.5743677020072937,0.06297750025987625,0.8161714673042297],"EasingStyle":"Linear","EasingDirection":"In"},"Torso":{"Weight":1,"CFrame":[1.2587305307388306,-0.13115757703781129,-0.1290578842163086,0.9993682503700256,-0.022435873746871949,-0.027563204988837243,0.020631911233067514,0.9977318048477173,-0.06407488137483597,0.028938263654708864,0.06346572190523148,0.9975643754005432],"EasingStyle":"Linear","EasingDirection":"In"},"HumanoidRootPart":{"Weight":1,"CFrame":[0,0,0,1,0,0,0,1,0,0,0,1],"EasingStyle":"Linear","EasingDirection":"In"},"Left Arm":{"Weight":1,"CFrame":[-0.0781988576054573,-0.10588037967681885,0.2825479507446289,0.8752411603927612,0.377045601606369,-0.3029680550098419,-0.17997410893440247,0.83526211977005,0.5195637345314026,0.4489569365978241,-0.400217205286026,0.7989142537117004],"EasingStyle":"Linear","EasingDirection":"In"}}},{"Time":0.6000000238418579,"poses":{"Left Leg":{"Weight":1,"CFrame":[-0.6506169438362122,0.06206345558166504,0.013879060745239258,0.9512131214141846,-0.3064878284931183,0.03548237681388855,0.30555739998817446,0.951721727848053,0.029335549101233484,-0.04276036471128464,-0.017062420025467874,0.9989396929740906],"EasingStyle":"Linear","EasingDirection":"In"},"Right Arm":{"Weight":1,"CFrame":[-0.05324527248740196,-0.1035085916519165,0.04575192928314209,0.8956769704818726,-0.04852524399757385,-0.44204992055892947,0.23734238743782044,0.8927814364433289,0.3828967809677124,0.37607383728027346,-0.44786906242370608,0.8111608028411865],"EasingStyle":"Linear","EasingDirection":"In"},"Head":{"Weight":1,"CFrame":[1.1548399925231934e-7,1.4901161193847657e-8,3.5762786865234377e-7,0.999369740486145,-0.01929999142885208,0.029795723035931588,0.01948702335357666,0.999792218208313,-0.0059990668669342999,-0.029673751443624498,0.006575920153409243,0.999538004398346],"EasingStyle":"Linear","EasingDirection":"In"},"Right Leg":{"Weight":1,"CFrame":[0.2614987790584564,0.11724346876144409,0.20539569854736329,0.8449498414993286,0.25376591086387637,-0.47081050276756289,-0.28276172280311587,0.9591430425643921,0.009511973708868027,0.45398861169815066,0.12508998811244965,0.8821831941604614],"EasingStyle":"Linear","EasingDirection":"In"},"Torso":{"Weight":1,"CFrame":[1.2462186813354493,-0.1482224464416504,-0.08179879188537598,0.995384693145752,0.08093691617250443,-0.051561422646045688,-0.0851428285241127,0.9927016496658325,-0.08540595322847367,0.044272616505622867,0.08940186351537705,0.9950112104415894],"EasingStyle":"Linear","EasingDirection":"In"},"HumanoidRootPart":{"Weight":1,"CFrame":[0,0,0,1,0,0,0,1,0,0,0,1],"EasingStyle":"Linear","EasingDirection":"In"},"Left Arm":{"Weight":1,"CFrame":[-0.054934486746788028,-0.0011658668518066407,0.3084341287612915,0.9441860318183899,0.28296855092048647,-0.16864627599716187,-0.10576045513153076,0.7452554106712341,0.6583380103111267,0.311973512172699,-0.6037575602531433,0.7335867285728455],"EasingStyle":"Linear","EasingDirection":"In"}}},{"Time":0.6499999761581421,"poses":{"Left Leg":{"Weight":1,"CFrame":[-0.6409168243408203,0.08565765619277954,-0.02042853832244873,0.9779622554779053,-0.20782463252544404,-0.01996949501335621,0.20796704292297364,0.9781213998794556,0.005317606497555971,0.01842743344604969,-0.009353455156087876,0.9997864365577698],"EasingStyle":"Linear","EasingDirection":"In"},"Right Arm":{"Weight":1,"CFrame":[-0.08851166069507599,-0.16192412376403809,0.08628928661346436,0.7408500909805298,-0.18867288529872895,-0.6446267366409302,0.5235532522201538,0.7634199261665344,0.378261923789978,0.42075300216674807,-0.6177318096160889,0.6643600463867188],"EasingStyle":"Linear","EasingDirection":"In"},"Head":{"Weight":1,"CFrame":[1.4901161193847657e-7,2.9802322387695315e-8,-5.960464477539063e-8,0.9991069436073303,-0.024374084547162057,0.03451630100607872,0.024293050169944764,0.9997011423110962,0.002765281591564417,-0.034573379904031757,-0.001924283104017377,0.9994003176689148],"EasingStyle":"Linear","EasingDirection":"In"},"Right Leg":{"Weight":1,"CFrame":[0.32754552364349368,0.036160051822662356,0.17206895351409913,0.872234046459198,0.3182124197483063,-0.3714142441749573,-0.35339540243148806,0.935029923915863,-0.028823453933000566,0.3381114900112152,0.15639691054821015,0.9280198216438294],"EasingStyle":"Linear","EasingDirection":"In"},"Torso":{"Weight":1,"CFrame":[1.2321925163269044,-0.15783339738845826,0.007851839065551758,0.9850752949714661,0.1562616229057312,-0.0721735879778862,-0.16288353502750398,0.9818239808082581,-0.09741965681314469,0.05563880130648613,0.10772158205509186,0.992622971534729],"EasingStyle":"Linear","EasingDirection":"In"},"HumanoidRootPart":{"Weight":1,"CFrame":[0,0,0,1,0,0,0,1,0,0,0,1],"EasingStyle":"Linear","EasingDirection":"In"},"Left Arm":{"Weight":1,"CFrame":[-0.05640202760696411,-0.02432313561439514,0.32417523860931399,0.94893878698349,0.29208141565322878,-0.11917922645807266,-0.11758503317832947,0.6780639290809631,0.7255362868309021,0.2927267849445343,-0.6744758486747742,0.6777856349945068],"EasingStyle":"Linear","EasingDirection":"In"}}},{"Time":0.699999988079071,"poses":{"Left Leg":{"Weight":1,"CFrame":[-0.5046522617340088,0.02439892292022705,-0.07411521673202515,0.9905980825424194,-0.011358165182173252,-0.13633234798908235,0.014560861513018608,0.9996404647827148,0.022517696022987367,0.1360274702310562,-0.024291105568408967,0.9904072880744934],"EasingStyle":"Linear","EasingDirection":"In"},"Right Arm":{"Weight":1,"CFrame":[-0.10990270972251892,-0.24342337250709535,0.13898777961730958,0.4743403494358063,-0.356601357460022,-0.8048830628395081,0.8141102194786072,0.5256041288375855,0.24691058695316316,0.3350011110305786,-0.7723832726478577,0.5396281480789185],"EasingStyle":"Linear","EasingDirection":"In"},"Head":{"Weight":1,"CFrame":[4.842877388000488e-8,-4.470348358154297e-8,-2.384185791015625e-7,0.9995298385620117,0.00305372616276145,0.030508533120155336,-0.0030754362232983114,0.9999950528144836,0.0006648675189353526,-0.030506348237395288,-0.0007583852857351303,0.9995343089103699],"EasingStyle":"Linear","EasingDirection":"In"},"Right Leg":{"Weight":1,"CFrame":[0.02580641210079193,-0.059685707092285159,0.02892148494720459,0.9402372241020203,0.1851780116558075,-0.2857675850391388,-0.20908144116401673,0.9763359427452087,-0.05525559186935425,0.26877301931381228,0.11170206964015961,0.9567046165466309],"EasingStyle":"Linear","EasingDirection":"In"},"Torso":{"Weight":1,"CFrame":[1.2247560024261475,-0.15975351631641389,0.05635833740234375,0.9748584032058716,0.2072245180606842,-0.08190902322530747,-0.2149021029472351,0.9715210199356079,-0.09981979429721832,0.058891233056783679,0.11491259187459946,0.9916284084320068],"EasingStyle":"Linear","EasingDirection":"In"},"HumanoidRootPart":{"Weight":1,"CFrame":[0,0,0,1,0,0,0,1,0,0,0,1],"EasingStyle":"Linear","EasingDirection":"In"},"Left Arm":{"Weight":1,"CFrame":[-0.06667429208755493,-0.16224172711372376,0.3301790952682495,0.9235268831253052,0.3835323750972748,-0.001056648907251656,-0.25542688369750979,0.6171056628227234,0.7442699074745178,0.28610357642173769,-0.68708336353302,0.6678781509399414],"EasingStyle":"Linear","EasingDirection":"In"}}},{"Time":0.75,"poses":{"Left Leg":{"Weight":1,"CFrame":[-0.4795500636100769,0.013898491859436036,-0.12174606323242188,0.9665667414665222,0.058379560708999637,-0.24968111515045167,-0.04313434660434723,0.9968799352645874,0.0661051869392395,0.25276121497154238,-0.05312522128224373,0.9660691618919373],"EasingStyle":"Linear","EasingDirection":"In"},"Right Arm":{"Weight":1,"CFrame":[-0.12088731676340103,-0.3350299596786499,0.19168639183044434,0.14845778048038484,-0.4579823613166809,-0.8764773607254028,0.9740926027297974,0.2206180989742279,0.04971308633685112,0.17059899866580964,-0.861150324344635,0.4788696765899658],"EasingStyle":"Linear","EasingDirection":"In"},"Head":{"Weight":1,"CFrame":[-3.725290298461914e-9,1.4901161193847657e-8,1.1920928955078126e-7,0.9974505305290222,0.06854216754436493,0.019864728674292566,-0.0684657096862793,0.9976433515548706,-0.0045056771486997608,-0.02012675069272518,0.0031341356225311758,0.9997925162315369],"EasingStyle":"Linear","EasingDirection":"In"},"Right Leg":{"Weight":1,"CFrame":[-0.09880601614713669,-0.061872243881225589,-0.010502934455871582,0.9688219428062439,0.12901364266872407,-0.21151694655418397,-0.147670716047287,0.9861997961997986,-0.07485640048980713,0.19894059002399445,0.10375738888978958,0.9745035767555237],"EasingStyle":"Linear","EasingDirection":"In"},"Torso":{"Weight":1,"CFrame":[1.2154518365859986,-0.1544102132320404,0.015096426010131836,0.9662024974822998,0.24419920146465302,-0.08258020132780075,-0.25144627690315249,0.9633792638778687,-0.09314067661762238,0.05681117624044418,0.1107572391629219,0.9922224283218384],"EasingStyle":"Linear","EasingDirection":"In"},"HumanoidRootPart":{"Weight":1,"CFrame":[0,0,0,1,0,0,0,1,0,0,0,1],"EasingStyle":"Linear","EasingDirection":"In"},"Left Arm":{"Weight":1,"CFrame":[-0.11876529455184937,-0.4451158344745636,0.22209644317626954,0.5801499485969544,0.7421563863754273,0.3356040120124817,-0.7671741247177124,0.35947737097740176,0.5312438011169434,0.27362388372421267,-0.5656678080558777,0.7779138684272766],"EasingStyle":"Linear","EasingDirection":"In"}}},{"Time":0.800000011920929,"poses":{"Left Leg":{"Weight":1,"CFrame":[-0.6210452914237976,0.1043933629989624,-0.20295512676239015,0.9496890306472778,-0.04510894790291786,-0.3099290430545807,0.08038859069347382,0.9915295243263245,0.10201467573642731,0.3027019202709198,-0.12179695069789887,0.9452708959579468],"EasingStyle":"Linear","EasingDirection":"In"},"Right Arm":{"Weight":1,"CFrame":[-0.12493427097797394,-0.42376887798309328,0.2322237491607666,-0.10856884717941284,-0.47597819566726687,-0.872730016708374,0.9937084317207336,-0.027671992778778077,-0.10852669179439545,0.027506079524755479,-0.8790215849876404,0.47598788142204287],"EasingStyle":"Linear","EasingDirection":"In"},"Head":{"Weight":1,"CFrame":[-5.21540641784668e-8,-5.960464477539063e-8,-1.1920928955078126e-7,0.9892232418060303,0.1463383138179779,0.004735322669148445,-0.14627914130687715,0.9891814589500427,-0.011064942926168442,-0.006303300149738789,0.010253023356199265,0.9999276399612427],"EasingStyle":"Linear","EasingDirection":"In"},"Right Leg":{"Weight":1,"CFrame":[0.3604966998100281,-0.04253220558166504,0.056365370750427249,0.9160982966423035,0.3544987440109253,-0.1873350888490677,-0.37753409147262576,0.9199914932250977,-0.10527928918600083,0.13502533733844758,0.16717155277729035,0.9766380190849304],"EasingStyle":"Linear","EasingDirection":"In"},"Torso":{"Weight":1,"CFrame":[1.188880443572998,-0.14347553253173829,-0.07565736770629883,0.9547444581985474,0.28624048829078677,-0.08080483973026276,-0.2924366891384125,0.9529768824577332,-0.07947232574224472,0.054256945848464969,0.09950606524944306,0.9935566186904907],"EasingStyle":"Linear","EasingDirection":"In"},"HumanoidRootPart":{"Weight":1,"CFrame":[0,0,0,1,0,0,0,1,0,0,0,1],"EasingStyle":"Linear","EasingDirection":"In"},"Left Arm":{"Weight":1,"CFrame":[-0.20867511630058289,-0.6132285594940186,0.00863945484161377,0.06728709489107132,0.9291853308677673,0.36343786120414736,-0.9889954924583435,0.014011340215802193,0.14728079736232758,0.13175885379314423,-0.36934858560562136,0.9199029207229614],"EasingStyle":"Linear","EasingDirection":"In"}}},{"Time":0.8500000238418579,"poses":{"Left Leg":{"Weight":1,"CFrame":[-0.682123064994812,0.16838699579238892,-0.22647231817245484,0.9420182108879089,-0.1393134742975235,-0.30527615547180178,0.18585403263568879,0.9740744233131409,0.12898553907871247,0.2793923318386078,-0.178243488073349,0.9434877634048462],"EasingStyle":"Linear","EasingDirection":"In"},"Right Arm":{"Weight":1,"CFrame":[-0.12551242113113404,-0.4966634213924408,0.24843859672546388,-0.20616306364536286,-0.46962541341781618,-0.8584572076797485,0.9781239032745361,-0.12379130721092224,-0.1671806275844574,-0.02775736339390278,-0.8741439580917358,0.4848731458187103],"EasingStyle":"Linear","EasingDirection":"In"},"Head":{"Weight":1,"CFrame":[1.043081283569336e-7,1.4901161193847657e-8,-1.1920928955078126e-7,0.9774892330169678,0.21062593162059785,-0.012316839769482613,-0.21082524955272675,0.9773564338684082,-0.018088888376951219,0.008227957412600518,0.020278390496969224,0.9997605681419373],"EasingStyle":"Linear","EasingDirection":"In"},"Right Leg":{"Weight":1,"CFrame":[0.6765438318252564,0.13701462745666505,0.13298273086547852,0.8622952103614807,0.4420098662376404,-0.24713239073753358,-0.4852270483970642,0.8608218431472778,-0.15342898666858674,0.14491982758045197,0.25221624970436098,0.9567577242851257],"EasingStyle":"Linear","EasingDirection":"In"},"Torso":{"Weight":1,"CFrame":[1.1426080465316773,-0.129800483584404,-0.1662282943725586,0.9317860007286072,0.35486549139022829,-0.07645616680383682,-0.35968008637428286,0.9309883713722229,-0.06237850338220596,0.049043819308280948,0.08562317490577698,0.9951198101043701],"EasingStyle":"Linear","EasingDirection":"In"},"HumanoidRootPart":{"Weight":1,"CFrame":[0,0,0,1,0,0,0,1,0,0,0,1],"EasingStyle":"Linear","EasingDirection":"In"},"Left Arm":{"Weight":1,"CFrame":[-0.29668641090393069,-0.5995239019393921,-0.1727820634841919,-0.1340675801038742,0.989428699016571,0.05528707057237625,-0.9902663230895996,-0.13586880266666413,0.030202964320778848,0.03739543259143829,-0.050699830055236819,0.9980136156082153],"EasingStyle":"Linear","EasingDirection":"In"}}},{"Time":0.8999999761581421,"poses":{"Left Leg":{"Weight":1,"CFrame":[-0.6571729779243469,0.17287033796310426,-0.169233500957489,0.9456620812416077,-0.2298537939786911,-0.2299797385931015,0.2681058347225189,0.9513927698135376,0.15156234800815583,0.18396377563476563,-0.2049856036901474,0.9613211154937744],"EasingStyle":"Linear","EasingDirection":"In"},"Right Arm":{"Weight":1,"CFrame":[-0.08440972864627838,-0.5438565015792847,0.20043575763702393,-0.0402388796210289,-0.5642997622489929,-0.8245887756347656,0.9978035092353821,0.02076883427798748,-0.06290444731712342,0.052622631192207339,-0.8253086805343628,0.5622245669364929],"EasingStyle":"Linear","EasingDirection":"In"},"Head":{"Weight":1,"CFrame":[1.341104507446289e-7,4.470348358154297e-8,3.5762786865234377e-7,0.9710937142372131,0.23701141774654389,-0.028332555666565896,-0.23773959279060365,0.9709843993186951,-0.025871291756629945,0.02137867920100689,0.03185923025012016,0.9992637634277344],"EasingStyle":"Linear","EasingDirection":"In"},"Right Leg":{"Weight":1,"CFrame":[0.7300467491149902,0.3506002426147461,0.257352352142334,0.8401777148246765,0.37447816133499148,-0.39225950837135317,-0.47733521461486819,0.8539537787437439,-0.2071572244167328,0.2573956847190857,0.3612881600856781,0.8962245583534241],"EasingStyle":"Linear","EasingDirection":"In"},"Torso":{"Weight":1,"CFrame":[1.0758013725280762,-0.11616663634777069,-0.20678472518920899,0.884534478187561,0.4613635838031769,-0.06886539608240128,-0.4647584557533264,0.8842760920524597,-0.04533618688583374,0.03997955843806267,0.07210719585418701,0.9965953230857849],"EasingStyle":"Linear","EasingDirection":"In"},"HumanoidRootPart":{"Weight":1,"CFrame":[0,0,0,1,0,0,0,1,0,0,0,1],"EasingStyle":"Linear","EasingDirection":"In"},"Left Arm":{"Weight":1,"CFrame":[-0.3710736036300659,-0.5668428540229797,-0.29986053705215456,-0.3158072531223297,0.849633514881134,-0.42236092686653139,-0.94819575548172,-0.266417920589447,0.17304997146129609,0.03450455144047737,0.4551311731338501,0.8897555470466614],"EasingStyle":"Linear","EasingDirection":"In"}}},{"Time":0.949999988079071,"poses":{"Left Leg":{"Weight":1,"CFrame":[-0.4930713176727295,0.1198071837425232,-0.06308841705322266,0.9549038410186768,-0.27820882201194765,-0.10372356325387955,0.29301387071609499,0.9394305944442749,0.17780062556266786,0.04797528684139252,-0.20017491281032563,0.978584885597229],"EasingStyle":"Linear","EasingDirection":"In"},"Right Arm":{"Weight":1,"CFrame":[0.00620352104306221,-0.5679658651351929,0.11128759384155274,0.3070554733276367,-0.6563949584960938,-0.6891026496887207,0.9406651854515076,0.31923016905784609,0.11507049202919007,0.14445050060749055,-0.6835479736328125,0.7154693007469177]