{"Sequence":[{"Time":0,"poses":{"Left Leg":{"Weight":1,"CFrame":[-0.7706078290939331,0.45847153663635256,0.19983160495758058,0.9588632583618164,-0.13264934718608857,0.2509688138961792,0.15315937995910645,0.9861301183700562,-0.06394986808300019,-0.23900499939918519,0.09975734353065491,0.9658804535865784],"EasingStyle":"Linear","EasingDirection":"In"},"Right Arm":{"Weight":1,"CFrame":[0.0225151889026165,-0.24682345986366273,-0.003699660301208496,0.029512830078601838,-0.9979928731918335,0.05602814257144928,0.9074041247367859,0.050258439034223559,0.41724297404289248,-0.41922158002853396,0.03852603957056999,0.9070662260055542],"EasingStyle":"Linear","EasingDirection":"In"},"Left Arm":{"Weight":1,"CFrame":[-0.01860210672020912,-0.264581561088562,0.03763711452484131,0.9024977087974548,0.42648717761039736,0.060055673122406009,-0.4077557623386383,0.8011838793754578,0.43799465894699099,0.13868358731269837,-0.41977742314338686,0.8969693779945374],"EasingStyle":"Linear","EasingDirection":"In"},"Head":{"Weight":1,"CFrame":[9.266659617424011e-8,-4.7497451305389407e-8,2.384185791015625e-7,0.9772371649742127,-0.14750108122825623,0.1524827927350998,0.10944449156522751,0.966236412525177,0.2332574427127838,-0.18174013495445252,-0.21125942468643189,0.9603853821754456],"EasingStyle":"Linear","EasingDirection":"In"},"Torso":{"Weight":1,"CFrame":[-0.0426277220249176,-0.17341023683547975,-0.4829881191253662,0.9970231652259827,-0.037117376923561099,-0.06758090108633042,0.0171531792730093,0.9613141417503357,-0.2749198079109192,0.07517076283693314,0.2729421555995941,0.9590892195701599],"EasingStyle":"Linear","EasingDirection":"In"},"HumanoidRootPart":{"Weight":1,"CFrame":[0,0,0,1,0,0,0,1,0,0,0,1],"EasingStyle":"Linear","EasingDirection":"In"},"Right Leg":{"Weight":1,"CFrame":[0.8103073239326477,0.43117964267730715,0.5836316347122192,0.8768388032913208,0.3103901147842407,-0.36716726422309878,-0.3379289507865906,0.9411020278930664,-0.011440306901931763,0.3419908881187439,0.1341077983379364,0.9300845265388489],"EasingStyle":"Linear","EasingDirection":"In"}}},{"Time":0.01666666753590107,"poses":{"Left Leg":{"Weight":1,"CFrame":[-0.5881884098052979,0.1928499937057495,0.19760096073150636,0.9254564046859741,-0.18249957263469697,0.33200058341026308,0.2076989859342575,0.9773017168045044,-0.04174414649605751,-0.3168463706970215,0.10758859664201737,0.9423550963401794],"EasingStyle":"Linear","EasingDirection":"In"},"Right Arm":{"Weight":1,"CFrame":[0.022793229669332506,-0.14815044403076173,-0.004779934883117676,-0.14466741681098939,-0.9894689917564392,-0.004743403755128384,0.9025140404701233,-0.13391588628292085,0.4093102216720581,-0.40563517808914187,0.054932862520217898,0.9123830199241638],"EasingStyle":"Linear","EasingDirection":"In"},"Left Arm":{"Weight":1,"CFrame":[-0.01888119801878929,-0.2633146047592163,0.03468811511993408,0.9099227786064148,0.36065155267715456,0.20486858487129212,-0.41403988003730776,0.8192226886749268,0.3967934250831604,-0.024728769436478616,-0.44587522745132449,0.894753634929657],"EasingStyle":"Linear","EasingDirection":"In"},"Head":{"Weight":1,"CFrame":[7.82310962677002e-8,8.475035429000855e-8,2.384185791015625e-7,0.977130651473999,-0.14722800254821778,0.15342646837234498,0.10995038598775864,0.9674129486083984,0.22808578610420228,-0.18200740218162538,-0.20600031316280366,0.9614766240119934],"EasingStyle":"Linear","EasingDirection":"In"},"Torso":{"Weight":1,"CFrame":[-0.05241559445858002,-0.09714022278785706,-0.2749788761138916,0.9953158497810364,0.04940735548734665,-0.08309833705425263,-0.061809271574020389,0.9861352443695068,-0.15400339663028718,0.07433729618787766,0.15841826796531678,0.984569787979126],"EasingStyle":"Linear","EasingDirection":"In"},"HumanoidRootPart":{"Weight":1,"CFrame":[0,0,0,1,0,0,0,1,0,0,0,1],"EasingStyle":"Linear","EasingDirection":"In"},"Right Leg":{"Weight":1,"CFrame":[0.7365864515304565,0.2668941617012024,0.4259253740310669,0.9001281261444092,0.3189550042152405,-0.29671022295951846,-0.3152523338794708,0.947005033493042,0.06162438541650772,0.3006415069103241,0.03806870058178902,0.9529772400856018],"EasingStyle":"Linear","EasingDirection":"In"}}},{"Time":0.03333333507180214,"poses":{"Left Leg":{"Weight":1,"CFrame":[-0.40037018060684206,0.07305288314819336,0.15323936939239503,0.9094563722610474,-0.1783895045518875,0.37558770179748537,0.20142821967601777,0.9792416095733643,-0.02264055237174034,-0.3637522757053375,0.0962444320321083,0.9265102744102478],"EasingStyle":"Linear","EasingDirection":"In"},"Right Arm":{"Weight":1,"CFrame":[0.02306661382317543,-0.05116632580757141,-0.0058419108390808109,-0.3212037980556488,-0.9447687268257141,-0.06511928886175156,0.8635549545288086,-0.32042911648750307,0.3893556594848633,-0.38871723413467409,0.06882835924625397,0.9187828302383423],"EasingStyle":"Linear","EasingDirection":"In"},"Left Arm":{"Weight":1,"CFrame":[-0.019158944487571718,-0.26205480098724368,0.031754136085510257,0.8904656171798706,0.2898298501968384,0.35081303119659426,-0.41277316212654116,0.8389692902565002,0.3546106815338135,-0.19154459238052369,-0.46057501435279848,0.8667073249816895],"EasingStyle":"Linear","EasingDirection":"In"},"Head":{"Weight":1,"CFrame":[6.612390279769898e-8,2.514570951461792e-8,-4.76837158203125e-7,0.9768360257148743,-0.14644576609134675,0.1560293436050415,0.11135753244161606,0.9705214500427246,0.21374666690826417,-0.18273212015628816,-0.19142039120197297,0.9643481373786926],"EasingStyle":"Linear","EasingDirection":"In"},"Torso":{"Weight":1,"CFrame":[-0.054921671748161319,-0.05328218638896942,-0.16218352317810059,0.9913127422332764,0.0985780656337738,-0.08707141131162644,-0.10594441741704941,0.9907776117324829,-0.08447209000587464,0.07794130593538284,0.09296298772096634,0.9926142692565918],"EasingStyle":"Linear","EasingDirection":"In"},"HumanoidRootPart":{"Weight":1,"CFrame":[0,0,0,1,0,0,0,1,0,0,0,1],"EasingStyle":"Linear","EasingDirection":"In"},"Right Leg":{"Weight":1,"CFrame":[0.6576097011566162,0.1802581548690796,0.3303467035293579,0.915088415145874,0.31397444009780886,-0.25304746627807619,-0.29645419120788576,0.949184000492096,0.10566398501396179,0.27336448431015017,-0.021674931049346925,0.9616663455963135],"EasingStyle":"Linear","EasingDirection":"In"}}},{"Time":0.05000000074505806,"poses":{"Left Leg":{"Weight":1,"CFrame":[-0.24936577677726746,0.0203515887260437,0.10088253021240235,0.9035205245018005,-0.15602725744247437,0.3991315960884094,0.17421911656856538,0.9846615791320801,-0.009461135603487492,-0.39153343439102175,0.07808459550142288,0.9168447852134705],"EasingStyle":"Linear","EasingDirection":"In"},"Right Arm":{"Weight":1,"CFrame":[0.023330558091402055,0.04247081279754639,-0.006867051124572754,-0.48708319664001467,-0.8649924993515015,-0.12057510018348694,0.7913296818733215,-0.49552351236343386,0.35812509059906008,-0.36952340602874758,0.07902199774980545,0.9258553385734558],"EasingStyle":"Linear","EasingDirection":"In"},"Left Arm":{"Weight":1,"CFrame":[-0.019433900713920594,-0.2608072757720947,0.028850197792053224,0.8445431590080261,0.21820113062858582,0.48901450634002688,-0.40381625294685366,0.8592676520347595,0.3139928877353668,-0.3516807556152344,-0.46265268325805666,0.8138018250465393],"EasingStyle":"Linear","EasingDirection":"In"},"Head":{"Weight":1,"CFrame":[9.592622518539429e-8,9.313225746154785e-9,-2.384185791015625e-7,0.9763906598091126,-0.14518862962722779,0.15994243323802949,0.11350595951080322,0.9748131036758423,0.1919790506362915,-0.18378713726997376,-0.1692921370267868,0.9682781100273132],"EasingStyle":"Linear","EasingDirection":"In"},"Torso":{"Weight":1,"CFrame":[-0.0553710013628006,-0.028552941977977754,-0.10015273094177246,0.9881229996681213,0.1261225789785385,-0.08778373152017594,-0.13043753802776338,0.9904226660728455,-0.04526703432202339,0.08123379945755005,0.0561797060072422,0.9951105117797852],"EasingStyle":"Linear","EasingDirection":"In"},"HumanoidRootPart":{"Weight":1,"CFrame":[0,0,0,1,0,0,0,1,0,0,0,1],"EasingStyle":"Linear","EasingDirection":"In"},"Right Leg":{"Weight":1,"CFrame":[0.6049986481666565,0.1339513659477234,0.2683752775192261,0.9231336116790772,0.3098048269748688,-0.22769509255886079,-0.285049706697464,0.9488983750343323,0.13542096316814423,0.25801369547843935,-0.060107361525297168,0.9642698168754578],"EasingStyle":"Linear","EasingDirection":"In"}}},{"Time":0.06666667014360428,"poses":{"Left Leg":{"Weight":1,"CFrame":[-0.13561302423477174,-0.002799391746520996,0.05332469940185547,0.9018949270248413,-0.129643052816391,0.4120415449142456,0.14259281754493714,0.9897812604904175,-0.0006930716917850077,-0.4077412784099579,0.05937933549284935,0.9111648797988892],"EasingStyle":"Linear","EasingDirection":"In"},"Right Arm":{"Weight":1,"CFrame":[0.023580536246299745,0.13115787506103517,-0.007838010787963868,-0.630835235118866,-0.757656455039978,-0.16734366118907929,0.6927177906036377,-0.647100031375885,0.31843873858451846,-0.34955522418022158,0.08496040105819702,0.9330556392669678],"EasingStyle":"Linear","EasingDirection":"In"},"Left Arm":{"Weight":1,"CFrame":[-0.019704535603523256,-0.25957900285720827,0.025991082191467286,0.7767141461372376,0.1501217931509018,0.611701488494873,-0.388230562210083,0.8788611888885498,0.27727243304252627,-0.495976060628891,-0.4528427720069885,0.7409057021141052],"EasingStyle":"Linear","EasingDirection":"In"},"Head":{"Weight":1,"CFrame":[8.288770914077759e-8,3.725290298461914e-9,-5.960464477539063e-8,0.9758325219154358,-0.14348547160625459,0.1648113876581192,0.11623574793338776,0.9794986248016357,0.16453492641448975,-0.18504087626934052,-0.1414015144109726,0.9725047945976257],"EasingStyle":"Linear","EasingDirection":"In"},"Torso":{"Weight":1,"CFrame":[-0.055322274565696719,-0.014676842838525772,-0.06574082374572754,0.9860422015190125,0.14152207970619203,-0.08770649880170822,-0.1440586894750595,0.9892956018447876,-0.023268243297934533,0.08347468078136444,0.035578347742557529,0.9958745837211609],"EasingStyle":"Linear","EasingDirection":"In"},"HumanoidRootPart":{"Weight":1,"CFrame":[0,0,0,1,0,0,0,1,0,0,0,1],"EasingStyle":"Linear","EasingDirection":"In"},"Right Leg":{"Weight":1,"CFrame":[0.5794470310211182,0.1077921986579895,0.22497344017028809,0.9263017177581787,0.31041690707206728,-0.21355633437633515,-0.2809005081653595,0.9466964602470398,0.15767359733581544,0.25111764669418337,-0.08606533706188202,0.9641227722167969],"EasingStyle":"Linear","EasingDirection":"In"}}},{"Time":0.0833333358168602,"poses":{"Left Leg":{"Weight":1,"CFrame":[-0.05172033980488777,-0.012873291969299317,0.01375269889831543,0.9017952084541321,-0.10493223369121552,0.41923093795776369,0.11311531811952591,0.9935674667358398,0.005368141457438469,-0.41709738969802859,0.04258042201399803,0.9078637957572937],"EasingStyle":"Linear","EasingDirection":"In"},"Right Arm":{"Weight":1,"CFrame":[0.02381230890750885,0.21337789297103883,-0.008738160133361817,-0.7455295324325562,-0.6346775889396668,-0.2033977061510086,0.5788309574127197,-0.7678791284561157,0.27443742752075198,-0.3303641378879547,0.08686831593513489,0.9398476481437683],"EasingStyle":"Linear","EasingDirection":"In"},"Left Arm":{"Weight":1,"CFrame":[-0.019969582557678224,-0.2583758234977722,0.023191332817077638,0.6945909857749939,0.08917904645204544,0.7138561010360718,-0.36801838874816897,0.8966671824455261,0.24606963992118836,-0.6181471943855286,-0.4336300194263458,0.6556365489959717],"EasingStyle":"Linear","EasingDirection":"In"},"Head":{"Weight":1,"CFrame":[6.449408829212189e-8,-1.862645149230957e-9,2.384185791015625e-7,0.9752001166343689,-0.14138305187225343,0.1702807992696762,0.11937914043664932,0.9838709831237793,0.13321605324745179,-0.18636883795261384,-0.10958431661128998,0.9763492941856384],"EasingStyle":"Linear","EasingDirection":"In"},"Torso":{"Weight":1,"CFrame":[-0.05520063638687134,-0.006896814331412315,-0.046553850173950198,0.9847841262817383,0.15013861656188966,-0.08751365542411804,-0.1516573578119278,0.9883727431297302,-0.010934010148048401,0.08485447615385056,0.024039732292294503,0.9961033463478088],"EasingStyle":"Linear","EasingDirection":"In"},"HumanoidRootPart":{"Weight":1,"CFrame":[0,0,0,1,0,0,0,1,0,0,0,1],"EasingStyle":"Linear","EasingDirection":"In"},"Right Leg":{"Weight":1,"CFrame":[0.5725849866867065,0.09193885326385498,0.192419171333313,0.9264940619468689,0.31493040919303896,-0.2059796303510666,-0.2816374599933624,0.9433346390724182,0.17549987137317658,0.24957795441150666,-0.10458807647228241,0.9626901149749756],"EasingStyle":"Linear","EasingDirection":"In"}}},{"Time":0.10000000149011612,"poses":{"Left Leg":{"Weight":1,"CFrame":[0.010004319250583649,-0.016995787620544435,-0.01831883192062378,0.9021115303039551,-0.08372920006513596,0.42330166697502139,0.08780397474765778,0.9960885643959045,0.009905253536999226,-0.4224751591682434,0.02823183499276638,0.9059346914291382],"EasingStyle":"Linear","EasingDirection":"In"},"Right Arm":{"Weight":1,"CFrame":[0.024021867662668229,0.28772300481796267,-0.009552180767059327,-0.8298324346542358,-0.5089908242225647,-0.22870653867721559,0.46184200048446658,-0.8565056324005127,0.23043420910835267,-0.3131774961948395,0.08559560030698776,0.945829451084137],"EasingStyle":"Linear","EasingDirection":"In"},"Left Arm":{"Weight":1,"CFrame":[-0.02022765576839447,-0.2572050094604492,0.02046513557434082,0.6069592833518982,0.0375884547829628,0.7938434481620789,-0.34561091661453249,0.9119662642478943,0.22106674313545228,-0.7156490087509155,-0.4085395932197571,0.5665175318717957],"EasingStyle":"Linear","EasingDirection":"In"},"Head":{"Weight":1,"CFrame":[7.310882210731507e-8,2.7939677238464357e-9,-1.7881393432617188e-7,0.9745323657989502,-0.1389620304107666,0.17600089311599732,0.12275698781013489,0.9873973727226257,0.09988619387149811,-0.18766316771507264,-0.07573699951171875,0.9793092012405396],"EasingStyle":"Linear","EasingDirection":"In"},"Torso":{"Weight":1,"CFrame":[-0.05510275065898895,-0.002534046769142151,-0.035825252532958987,0.9840500950813294,0.15496492385864259,-0.0873584896326065,-0.15590637922286988,0.9877637624740601,-0.004017393570393324,0.08566699177026749,0.01757306233048439,0.996168851852417],"EasingStyle":"Linear","EasingDirection":"In"},"HumanoidRootPart":{"Weight":1,"CFrame":[0,0,0,1,0,0,0,1,0,0,0,1],"EasingStyle":"Linear","EasingDirection":"In"},"Right Leg":{"Weight":1,"CFrame":[0.5763410925865173,0.0817328691482544,0.16682517528533936,0.9250771403312683,0.32151633501052859,-0.20213694870471955,-0.2849389910697937,0.939468264579773,0.19028742611408235,0.25108182430267336,-0.11843390762805939,0.9606932401657105],"EasingStyle":"Linear","EasingDirection":"In"}}},{"Time":0.11666666716337204,"poses":{"Left Leg":{"Weight":1,"CFrame":[0.056233927607536319,-0.01827692985534668,-0.04460424184799194,0.9024749994277954,-0.06599284708499909,0.42565733194351199,0.06652504950761795,0.9976916313171387,0.013634218834340573,-0.42557433247566225,0.016012242063879968,0.9047817587852478],"EasingStyle":"Linear","EasingDirection":"In"},"Right Arm":{"Weight":1,"CFrame":[0.02420564740896225,0.35292261838912966,-0.010266005992889405,-0.8869744539260864,-0.39161428809165957,-0.24477480351924897,0.35219788551330569,-0.9164421558380127,0.18997466564178468,-0.29871878027915957,0.0822935551404953,0.9507864713668823],"EasingStyle":"Linear","EasingDirection":"In"},"Left Arm":{"Weight":1,"CFrame":[-0.02047744393348694,-0.2560712695121765,0.017826318740844728,0.5219879150390625,-0.0038871695287525656,0.8529440760612488,-0.3233496844768524,0.9244465231895447,0.2020978331565857,-0.7892869114875794,-0.38129177689552309,0.48129308223724368],"EasingStyle":"Linear","EasingDirection":"In"},"Head":{"Weight":1,"CFrame":[7.497510523535311e-8,-5.980837158858776e-9,1.1920928955078126e-7,0.9738680720329285,-0.1363455355167389,0.18163439631462098,0.1261780560016632,0.989778995513916,0.06645868718624115,-0.18883928656578065,-0.04180371016263962,0.981117844581604],"EasingStyle":"Linear","EasingDirection":"In"},"Torso":{"Weight":1,"CFrame":[-0.05503852665424347,-0.00008688212255947292,-0.029816627502441407,0.9836291670799255,0.15767034888267518,-0.08725668489933014,-0.15828591585159303,0.9873933792114258,-0.00013772690726909786,0.08613494783639908,0.013946978375315667,0.996185839176178],"EasingStyle":"Linear","EasingDirection":"In"},"HumanoidRootPart":{"Weight":1,"CFrame":[0,0,0,1,0,0,0,1,0,0,0,1],"EasingStyle":"Linear","EasingDirection":"In"},"Right Leg":{"Weight":1,"CFrame":[0.5846725702285767,0.07482421398162842,0.14620769023895265,0.9230092167854309,0.3284975588321686,-0.2003573775291443,-0.2890067994594574,0.9356366395950317,0.20263150334358216,0.25402581691741946,-0.12912634015083314,0.9585392475128174],"EasingStyle":"Linear","EasingDirection":"In"}}},{"Time":0.13333334028720857,"poses":{"Left Leg":{"Weight":1,"CFrame":[0.09282124042510987,-0.018128633499145509,-0.06718939542770386,0.9028005599975586,-0.050667256116867068,0.4270644187927246,0.04802858084440231,0.9987020492553711,0.01695585995912552,-0.42736920714378359,0.005203542299568653,0.9040622115135193],"EasingStyle":"Linear","EasingDirection":"In"},"Right Arm":{"Weight":1,"CFrame":[0.024360472336411477,0.40785980224609377,-0.010867595672607422,-0.922662615776062,-0.29025399684906008,-0.25386303663253786,0.25726836919784548,-0.9537569284439087,0.15543703734874726,-0.28723981976509097,0.07810502499341965,0.9546691179275513],"EasingStyle":"Linear","EasingDirection":"In"},"Left Arm":{"Weight":1,"CFrame":[-0.020717645063996316,-0.2549813687801361,0.015288710594177246,0.44614389538764956,-0.03560769557952881,0.8942527174949646,-0.303148478269577,0.9341266751289368,0.1884365975856781,-0.842055082321167,-0.35516121983528139,0.40596044063568118],"EasingStyle":"Linear","EasingDirection":"In"},"Head":{"Weight":1,"CFrame":[8.445931598544121e-8,-2.7939677238464357e-9,0,0.9732451438903809,-0.1337006390094757,0.1868637353181839,0.1294412910938263,0.9909738302230835,0.03486881032586098,-0.18983906507492066,-0.009748022072017193,0.9817668199539185],"EasingStyle":"Linear","EasingDirection":"In"},"Torso":{"Weight":1,"CFrame":[-0.054999589920043948,0.0012860912829637528,-0.02644801139831543,0.983390212059021,0.15918764472007752,-0.08719490468502045,-0.1596197634935379,0.9871764779090881,0.002038947306573391,0.0864013284444809,0.01191294752061367,0.9961891770362854],"EasingStyle":"Linear","EasingDirection":"In"},"HumanoidRootPart":{"Weight":1,"CFrame":[0,0,0,1,0,0,0,1,0,0,0,1],"EasingStyle":"Linear","EasingDirection":"In"},"Right Leg":{"Weight":1,"CFrame":[0.5941948294639587,0.07004022598266602,0.12969481945037843,0.9208336472511292,0.3349609076976776,-0.19966603815555573,-0.292949378490448,0.9321578741073608,0.21274951100349427,0.25738319754600527,-0.13741490244865418,0.9564889669418335],"EasingStyle":"Linear","EasingDirection":"In"}}},{"Time":0.15000000596046449,"poses":{"Left Leg":{"Weight":1,"CFrame":[0.12537875771522523,-0.01725161075592041,-0.08838152885437012,0.9030880331993103,-0.03598867729306221,0.42794495820999148,0.030308865010738374,0.9993388652801514,0.020080571994185449,-0.4283846914768219,-0.005164035130292177,0.9035816788673401],"EasingStyle":"Linear","EasingDirection":"In"},"Right Arm":{"Weight":1,"CFrame":[0.02448374405503273,0.451595664024353,-0.011346399784088135,-0.9431030750274658,-0.20937778055667878,-0.25829774141311648,0.18137814104557038,-0.9750325679779053,0.12811516225337983,-0.2786732017993927,0.07397624105215073,0.9575327634811401],"EasingStyle":"Linear","EasingDirection":"In"},"Left Arm":{"Weight":1,"CFrame":[-0.02094709873199463,-0.25393950939178469,0.012864828109741211,0.38391029834747317,-0.058562032878398898,0.9215114712715149,-0.2863806486129761,0.9412230849266052,0.17912361025810243,-0.8778377175331116,-0.33267050981521609,0.3445742428302765],"EasingStyle":"Linear","EasingDirection":"In"},"Head":{"Weight":1,"CFrame":[7.991911843419075e-8,2.7939677238464357e-9,0,0.9727007150650024,-0.13123241066932679,0.1913936585187912,0.13233976066112519,0.9911794066429138,0.00704274233430624,-0.1906297355890274,0.0184785109013319,0.9814881086349487],"EasingStyle":"Linear","EasingDirection":"In"},"Torso":{"Weight":1,"CFrame":[-0.05497680604457855,0.002056481782346964,-0.02455878257751465,0.9832552671432495,0.16003888845443726,-0.08715877681970597,-0.16036781668663026,0.9870520234107971,0.0032603032886981966,0.08655202388763428,0.010771755129098893,0.9961891174316406],"EasingStyle":"Linear","EasingDirection":"In"},"HumanoidRootPart":{"Weight":1,"CFrame":[0,0,0,1,0,0,0,1,0,0,0,1],"EasingStyle":"Linear","EasingDirection":"In"},"Right Leg":{"Weight":1,"CFrame":[0.6026479005813599,0.0666915774345398,0.11688113212585449,0.9189368486404419,0.3402283191680908,-0.1994980275630951,-0.2961546778678894,0.9292962551116943,0.22068335115909577,0.26047566533088686,-0.1437119096517563,0.9547248482704163],"EasingStyle":"Linear","EasingDirection":"In"}}},{"Time":0.1666666716337204,"poses":{"Left Leg":{"Weight":1,"CFrame":[0.1615932136774063,-0.016131997108459474,-0.11161351203918457,0.9033340811729431,-0.01866728812456131,0.42853131890296938,0.00969732366502285,0.999686062335968,0.023105870932340623,-0.4288279414176941,-0.01671678200364113,0.9032315015792847],"EasingStyle":"Linear","EasingDirection":"In"},"Right Arm":{"Weight":1,"CFrame":[0.024573346599936487,0.48338091373443606,-0.011694371700286866,-0.9537055492401123,-0.1510692536830902,-0.26004573702812197,0.12658944725990296,-0.9859992861747742,0.10853862762451172,-0.27280184626579287,0.07059485465288162,0.9594767689704895],"EasingStyle":"Linear","EasingDirection":"In"},"Left Arm":{"Weight":1,"CFrame":[-0.02116459794342518,-0.2529526948928833,0.010567307472229004,0.33804747462272646,-0.07391379773616791,0.9382221102714539,-0.27392590045928957,0.9460219740867615,0.17322568595409394,-0.9003824591636658,-0.3155619204044342,0.2995535433292389],"EasingStyle":"Linear","EasingDirection":"In"},"Head":{"Weight":1,"CFrame":[9.057112038135529e-8,4.190951585769653e-9,1.1920928955078126e-7,0.9722698926925659,-0.12917308509349824,0.19495068490505219,0.1346643716096878,0.9907759428024292,-0.015124773606657982,-0.1911987066268921,0.040958281606435779,0.980696439743042],"EasingStyle":"Linear","EasingDirection":"In"},"Torso":{"Weight":1,"CFrame":[-0.05496370792388916,0.002488807775080204,-0.023499011993408204,0.9831792712211609,0.16051648557186128,-0.08713802695274353,-0.16078749299049378,0.9869811534881592,0.003945701755583286,0.08663694560527802,0.010131372138857842,0.9961884617805481],"EasingStyle":"Linear","EasingDirection":"In"},"HumanoidRootPart":{"Weight":1,"CFrame":[0,0,0,1,0,0,0,1,0,0,0,1],"EasingStyle":"Linear","EasingDirection":"In"},"Right Leg":{"Weight":1,"CFrame":[0.609105110168457,0.06444549560546875,0.10767877101898194,0.9174929261207581,0.34408703446388247,-0.19952639937400819,-0.2984803318977356,0.9271723031997681,0.22640900313854218,0.2628997564315796,-0.14817407727241517,0.9533773064613342],"EasingStyle":"Linear","EasingDirection":"In"}}},{"Time":0.18333333730697633,"poses":{"Left Leg":{"Weight":1,"CFrame":[0.23061519861221314,-0.015799641609191896,-0.15056443214416505,0.903190553188324,0.01574813202023506,0.4289511442184448,-0.0298019889742136,0.9992159605026245,0.026066064834594728,-0.42820408940315249,-0.036326225847005847,0.9029515385627747],"EasingStyle":"Linear","EasingDirection":"In"},"Right Arm":{"Weight":1,"CFrame":[0.02462773211300373,0.5026721954345703,-0.01190561056137085,-0.9584680199623108,-0.11602634191513062,-0.26053208112716677,0.09363288432359696,-0.9908878207206726,0.09682058542966843,-0.26939189434051516,0.06840507686138153,0.9605982303619385],"EasingStyle":"Linear","EasingDirection":"In"},"Left Arm":{"Weight":1,"CFrame":[-0.021369053050875665,-0.2520250082015991,0.0084075927734375,0.3100656569004059,-0.08267635852098465,0.9471134543418884,-0.26628926396369936,0.9487835168838501,0.1699998378753662,-0.9126606583595276,-0.30491727590560915,0.2721693217754364],"EasingStyle":"Linear","EasingDirection":"In"},"Head":{"Weight":1,"CFrame":[1.330627128481865e-7,4.6566128730773929e-9,0,0.9719869494438171,-0.12776580452919007,0.19727478921413423,0.13620728254318238,0.9902328252792358,-0.02977464348077774,-0.1915438175201416,0.05581082031130791,0.9798959493637085],"EasingStyle":"Linear","EasingDirection":"In"},"Torso":{"Weight":1,"CFrame":[-0.054956287145614627,0.0027314359322190286,-0.022904396057128907,0.9831365942955017,0.1607845276594162,-0.08712626248598099,-0.16102299094200135,0.9869412183761597,0.004330356605350971,0.08668474853038788,0.009771999903023243,0.9961878657341003],"EasingStyle":"Linear","EasingDirection":"In"},"HumanoidRootPart":{"Weight":1,"CFrame":[0,0,0,1,0,0,0,1,0,0,0,1],"EasingStyle":"Linear","EasingDirection":"In"},"Right Leg":{"Weight":1,"CFrame":[0.6130210161209106,0.06310617923736572,0.10209465026855469,0.9166114330291748,0.34640663862228396,-0.19956421852111817,-0.29985758662223818,0.9258729219436646,0.22988027334213258,0.2644031345844269,-0.15087006986141206,0.9525383114814758],"EasingStyle":"Linear","EasingDirection":"In"}}},{"Time":0.20000000298023225,"poses":{"Left Leg":{"Weight":1,"CFrame":[0.2304563820362091,-0.012666106224060059,-0.15676075220108033,0.9030449986457825,0.01528106164187193,0.4292742609977722,-0.030672382563352586,0.9991099238395691,0.02895834483206272,-0.4284496307373047,-0.039317574352025989,0.9027099013328552],"EasingStyle":"Linear","EasingDirection":"In"},"Right Arm":{"Weight":1,"CFrame":[0.024645958095788957,0.5091394186019898,-0.011976420879364014,-0.9597904682159424,-0.1043512299656868,-0.2606014609336853,0.0826481506228447,-0.9922370314598084,0.09292429685592652,-0.2682752013206482,0.06764963269233704,0.9609640836715698],"EasingStyle":"Linear","EasingDirection":"In"},"Left Arm":{"Weight":1,"CFrame":[-0.021559372544288636,-0.2511613368988037,0.006396770477294922,0.3006711006164551,-0.0855196937918663,0.949885904788971,-0.2637191712856293,0.9496834874153137,0.16897761821746827,-0.9165419936180115,-0.3013100028038025,0.26298919320106509],"EasingStyle":"Linear","EasingDirection":"In"},"Head":{"Weight":1,"CFrame":[8.079223334789276e-8,0,-1.7881393432617188e-7,0.9718860387802124,-0.12724633514881135,0.19810596108436585,0.13676369190216065,0.9899828433990479,-0.03506719693541527,-0.19165930151939393,0.06117502227425575,0.9795531630516052],"EasingStyle":"Linear","EasingDirection":"In"},"Torso":{"Weight":1,"CFrame":[-0.05495208501815796,0.0028675878420472147,-0.022570371627807618,0.9831124544143677,0.1609349250793457,-0.08711958676576615,-0.161155104637146,0.9869186878204346,0.004546208307147026,0.086711585521698,0.009570333175361157,0.9961875081062317],"EasingStyle":"Linear","EasingDirection":"In"},"HumanoidRootPart":{"Weight":1,"CFrame":[0,0,0,1,0,0,0,1,0,0,0,1],"EasingStyle":"Linear","EasingDirection":"In"},"Right Leg":{"Weight":1,"CFrame":[0.6141039133071899,0.06256043910980225,0.10013949871063233,0.9163538813591003,0.34712180495262148,-0.1995040625333786,-0.3002597987651825,0.9254471659660339,0.23106679320335389,0.2648390531539917,-0.15183590352535249,0.9522637724876404],"EasingStyle":"Linear","EasingDirection":"In"}}},{"Time":0.21666666865348817,"poses":{"Left Leg":{"Weight":1,"CFrame":[0.2298853099346161,-0.009546399116516114,-0.16263973712921143,0.903276264667511,0.017012981697916986,0.42872223258018496,-0.03364846482872963,0.9989449977874756,0.03125293552875519,-0.42773810029029848,-0.04265585169196129,0.9028956294059753],"EasingStyle":"Linear","EasingDirection":"In"},"Right Arm":{"Weight":1,"CFrame":[0.0246400348842144,0.50838303565979,-0.01192784309387207,-0.9595181345939636,-0.10617069900035858,-0.26086926460266116,0.08443334698677063,-0.9920610785484314,0.09319780021905899,-0.2686931788921356,0.06739892065525055,0.9608649611473084],"EasingStyle":"Linear","EasingDirection":"In"},"Left Arm":{"Weight":1,"CFrame":[-0.021734680980443956,-0.25036606192588808,0.0045452117919921879,0.3016178011894226,-0.0844130665063858,0.949684739112854,-0.26468363404273989,0.9495071172714233,0.16846022009849549,-0.915952742099762,-0.30217671394348147,0.26404547691345217],"EasingStyle":"Linear","EasingDirection":"In"},"Head":{"Weight":1,"CFrame":[7.805647328495979e-8,-1.3969838619232178e-9,-1.7881393432617188e-7,0.9719417691230774,-0.12697391211986543,0.19800719618797303,0.13644492626190186,0.9900330901145935,-0.03488831967115402,-0.19160377979278565,0.06092648208141327,0.979579508304596],"EasingStyle":"Linear","EasingDirection":"In"},"Torso":{"Weight":1,"CFrame":[-0.05497924983501434,0.001974445302039385,-0.024760007858276368,0.9832697510719299,0.1599482148885727,-0.08716267347335816,-0.16028819978237153,0.9870653748512268,0.0031302450224757196,0.08653593063354492,0.010893270373344422,0.9961891770362854],"EasingStyle":"Linear","EasingDirection":"In"},"HumanoidRootPart":{"Weight":1,"CFrame":[0,0,0,1,0,0,0,1,0,0,0,1],"EasingStyle":"Linear","EasingDirection":"In"},"Right Leg":{"Weight":1,"CFrame":[0.6175635457038879,0.06410074234008789,0.10140717029571533,0.9157654047012329,0.3479987680912018,-0.20067569613456727,-0.30105748772621157,0.925277590751648,0.23070700466632844,0.26596638560295107,-0.15085846185684205,0.9521048069000244],"EasingStyle":"Linear","EasingDirection":"In"}}},{"Time":0.23333333432674409,"poses":{"Left Leg":{"Weight":1,"CFrame":[0.16289277374744416,-0.0034104585647583009,-0.13703668117523194,0.9043560028076172,-0.01075157430022955,0.4266435503959656,-0.0034580545034259559,0.9994652271270752,0.03251715749502182,-0.4267648160457611,-0.03088255040347576,0.903835117816925],"EasingStyle":"Linear","EasingDirection":"In"},"Right Arm":{"Weight":1,"CFrame":[0.024628248065710069,0.5068708658218384,-0.01183086633682251,-0.958962082862854,-0.10981584340333939,-0.26140421628952029,0.08800989389419556,-0.9916983842849731,0.09374745935201645,-0.2695292830467224,0.06689412146806717,0.9606660604476929],"EasingStyle":"Linear","EasingDirection":"In"},"Left Arm":{"Weight":1,"CFrame":[-0.0218939371407032,-0.24964264035224915,0.0028623342514038088,0.3035089671611786,-0.0821937620639801,0.949276864528656,-0.26661598682403567,0.9491491317749023,0.16742701828479768,-0.9147668480873108,-0.30390802025794985,0.2661612033843994],"EasingStyle":"Linear","EasingDirection":"In"},"Head":{"Weight":1,"CFrame":[9.65374056249857e-8,-1.1641532182693482e-10,0,0.9720529913902283,-0.12642884254455567,0.1978098750114441,0.13580729067325593,0.9901333451271057,-0.03453042730689049,-0.1914924681186676,0.06042943522334099,0.9796320796012878],"EasingStyle":"Linear","EasingDirection":"In"},"Torso":{"Weight":1,"CFrame":[-0.055056169629096988,-0.0007332970853894949,-0.0314030647277832,0.983741044998169,0.1569558084011078,-0.08728460222482681,-0.15765763819217683,0.9874931573867798,-0.0011625357437878848,0.08601048588752747,0.014904717914760113,0.9961827397346497],"EasingStyle":"Linear","EasingDirection":"In"},"HumanoidRootPart":{"Weight":1,"CFrame":[0,0,0,1,0,0,0,1,0,0,0,1],"EasingStyle":"Linear","EasingDirection":"In"},"Right Leg":{"Weight":1,"CFrame":[0.6278194785118103,0.06883597373962403,0.10524940490722656,0.9140040278434753,0.3505552113056183,-0.20422403514385224,-0.30338895320892336,0.9247896075248718,0.22960753738880158,0.2693544924259186,-0.14790309965610505,0.9516159296035767],"EasingStyle":"Linear","EasingDirection":"In"}}},{"Time":0.25,"poses":{"Left Leg":{"Weight":1,"CFrame":[0.06272321939468384,0.007035553455352783,-0.09640461206436157,0.9047077298164368,-0.05102786421775818,0.42296600341796877,0.04103325679898262,0.9986222982406616,0.03270823881030083,-0.42405229806900027,-0.012235710397362709,0.905555009841919],"EasingStyle":"Linear","EasingDirection":"In"},"Right Arm":{"Weight":1,"CFrame":[0.024604573845863344,0.5038454532623291,-0.01163703203201294,-0.9578041434288025,-0.11713088303804398,-0.26247215270996096,0.0951874852180481,-0.9909296631813049,0.09485739469528198,-0.27120229601860049,0.06587076932191849,0.9602658152580261],"EasingStyle":"Linear","EasingDirection":"In"},"Left Arm":{"Weight":1,"CFrame":[-0.02203652262687683,-0.24899575114250184,0.0013566017150878907,0.3072841167449951,-0.07773130387067795,0.9484378099441528,-0.27049461007118227,0.9484126567840576,0.1653667539358139,-0.912364661693573,-0.3073619604110718,0.27040618658065798],"EasingStyle":"Linear","EasingDirection":"In"},"Head":{"Weight":1,"CFrame":[1.1082738637924194e-7,3.725290298461914e-9,0,0.9722744226455689,-0.12533825635910035,0.19741572439670564,0.1345319151878357,0.9903321862220764,-0.03381418064236641,-0.1912689357995987,0.05943537503480911,0.9797365665435791],"EasingStyle":"Linear","EasingDirection":"In"},"Torso":{"Weight":1,"CFrame":[-0.05516825616359711,-0.005344891920685768,-0.04273509979248047,0.9845253229141235,0.15185585618019105,-0.08746232837438584,-0.15316981077194215,0.9881635308265686,-0.008473630994558335,0.08514031022787094,0.021739091724157335,0.9961317777633667],"EasingStyle":"Linear","EasingDirection":"In"},"HumanoidRootPart":{"Weight":1,"CFrame":[0,0,0,1,0,0,0,1,0,0,0,1],"EasingStyle":"Linear","EasingDirection":"In"},"Right Leg":{"Weight":1,"CFrame":[0.6445251107215881,0.07711529731750488,0.11180424690246582,0.9110803008079529,0.35457751154899599,-0.21025577187538148,-0.30707523226737978,0.9240443706512451,0.2276991754770279,0.2750227451324463,-0.14288784563541413,0.950760543346405],"EasingStyle":"Linear","EasingDirection":"In"}}},{"Time":0.2666666805744171,"poses":{"Left Leg":{"Weight":1,"CFrame":[-0.02477414160966873,0.02055978775024414,-0.0628277063369751,0.9051096439361572,-0.08023890107870102,0.41753852367401125,0.07371015846729279,0.9967736005783081,0.031767476350069049,-0.4187403619289398,0.002023872919380665,0.9081037640571594],"EasingStyle":"Linear","EasingDirection":"In"},"Right Arm":{"Weight":1,"CFrame":[0.024557337164878846,0.49779456853866579,-0.011248946189880371,-0.9553014636039734,-0.1318584680557251,-0.26459893584251406,0.10963919013738632,-0.9892153143882752,0.09712009131908417,-0.27455148100852969,0.06376856565475464,0.9594556093215942],"EasingStyle":"Linear","EasingDirection":"In"},"Left Arm":{"Weight":1,"CFrame":[-0.022161543369293214,-0.24842846393585206,0.000035762786865234378,0.31480374932289126,-0.0687107965350151,0.9466664791107178,-0.27830690145492556,0.9468561410903931,0.1612725555896759,-0.9074381589889526,-0.31423309445381167,0.27895113825798037],"EasingStyle":"Linear","EasingDirection":"In"},"Head":{"Weight":1,"CFrame":[8.800998330116272e-8,-5.587935447692871e-9,-1.7881393432617188e-7,0.9727125763893127,-0.12315486371517182,0.19662955403327943,0.13198061287403108,0.9907233119010925,-0.03237977996468544,-0.19081775844097138,0.05744750425219536,0.979943037033081],"EasingStyle":"Linear","EasingDirection":"In"},"Torso":{"Weight":1,"CFrame":[-0.05528843402862549,-0.012025099247694016,-0.059192657470703128,0.9856207370758057,0.14446035027503968,-0.08765285462141037,-0.14665170013904572,0.9890045523643494,-0.019064243882894517,0.08393502980470658,0.031644556671381,0.9959686398506165],"EasingStyle":"Linear","EasingDirection":"In"},"HumanoidRootPart":{"Weight":1,"CFrame":[0,0,0,1,0,0,0,1,0,0,0,1],"EasingStyle":"Linear","EasingDirection":"In"},"Right Leg":{"Weight":1,"CFrame":[0.6671030521392822,0.08955502510070801,0.12130618095397949,0.9070102572441101,0.359703004360199,-0.2189662605524063,-0.31181851029396059,0.9231501221656799,0.22486266493797303,0.28302252292633059,-0.13567502796649934,0.9494686126708984],"EasingStyle":"Linear","EasingDirection":"In"}}},{"Time":0.28333333134651186,"poses":{"Left Leg":{"Weight":1,"CFrame":[-0.11202602088451386,0.03910952806472778,-0.03102320432662964,0.9060664176940918,-0.104226253926754,0.41009849309921267,0.10098867863416672,0.9944467544555664,0.029615113511681558,-0.41090765595436098,0.014582015573978424,0.9115604162216187],"EasingStyle":"Linear","EasingDirection":"In"},"Right Arm":{"Weight":1,"CFrame":[0.024462811648845674,0.48569369316101076,-0.010473012924194336,-0.9495246410369873,-0.16169105470180512,-0.2688102722167969,0.1389165073633194,-0.9850559234619141,0.10181912034749985,-0.2812563180923462,0.0593375600874424,0.9577963948249817],"EasingStyle":"Linear","EasingDirection":"In"},"Left Arm":{"Weight":1,"CFrame":[-0.02226841449737549,-0.24794363975524903,-0.0010933279991149903,0.3297070264816284,-0.05028897896409035,0.9427430033683777,-0.2941475212574005,0.9434023499488831,0.15319696068763734,-0.8970900177955627,-0.3278157711029053,0.2962540090084076],"EasingStyle":"Linear","EasingDirection":"In"},"Head":{"Weight":1,"CFrame":[9.12696123123169e-8,-3.725290298461914e-9,1.1920928955078126e-7,0.9735711216926575,-0.11877946555614472,0.19506588578224183,0.12687572836875916,0.991479754447937,-0.02950339950621128,-0.1898994892835617,0.05347278341650963,0.9803463220596314],"EasingStyle":"Linear","EasingDirection":"In"},"Torso":{"Weight":1,"CFrame":[-0.055371418595314029,-0.021045416593551637,-0.08150243759155274,0.987023115158081,0.13445931673049928,-0.08778440952301026,-0.13781800866127015,0.9898955225944519,-0.03336481750011444,0.08241117745637894,0.045030124485492709,0.9955806136131287],"EasingStyle":"Linear","EasingDirection":"In"},"HumanoidRootPart":{"Weight":1,"CFrame":[0,0,0,1,0,0,0,1,0,0,0,1],"EasingStyle":"Linear","EasingDirection":"In"},"Right Leg":{"Weight":1,"CFrame":[0.6950591206550598,0.10718560218811035,0.13421213626861573,0.9017494916915894,0.36556193232536318,-0.23067821562290193,-0.31735390424728396,0.9222215414047241,0.22089365124702454,0.29348674416542055,-0.1259840428829193,0.9476252794265747],"EasingStyle":"Linear","EasingDirection":"In"}}},{"Time":0.30000001192092898,"poses":{"Left Leg":{"Weight":1,"CFrame":[-0.20246753096580506,0.06490713357925415,-0.00018996000289916992,0.9080009460449219,-0.12397319078445435,0.40020596981048586,0.12391234189271927,0.9919487237930298,0.026142844930291177,-0.40022486448287966,0.025852655991911889,0.9160522222518921],"EasingStyle":"Linear","EasingDirection":"In"},"Right Arm":{"Weight":1,"CFrame":[0.024273734539747239,0.46149080991744997,-0.008921027183532715,-0.9346894025802612,-0.22274869680404664,-0.27701762318611147,0.1988525688648224,-0.9736167788505554,0.11192899942398071,-0.29464104771614077,0.049533162266016009,0.954323410987854],"EasingStyle":"Linear","EasingDirection":"In"},"Left Arm":{"Weight":1,"CFrame":[-0.02235662192106247,-0.24754351377487184,-0.0020252466201782228,0.35886406898498537,-0.011939529329538346,0.9333134889602661,-0.3266547918319702,0.9350791573524475,0.13756269216537476,-0.8743645548820496,-0.35423773527145388,0.33166617155075076],"EasingStyle":"Linear","EasingDirection":"In"},"Head":{"Weight":1,"CFrame":[1.0896474123001099e-7,1.30385160446167e-8,-3.5762786865234377e-7,0.9752165675163269,-0.10999506711959839,0.1919734627008438,0.11665783077478409,0.9928889274597168,-0.023720894008874894,-0.18799912929534913,0.04552822560071945,0.9811134338378906],"EasingStyle":"Linear","EasingDirection":"In"},"Torso":{"Weight":1,"CFrame":[-0.055342331528663638,-0.03284911811351776,-0.11086082458496094,0.988724946975708,0.12134653329849243,-0.08773826062679291,-0.12620247900485993,0.9906366467475891,-0.052078064531087878,0.08059723675251007,0.06256367266178131,0.9947813153266907],"EasingStyle":"Linear","EasingDirection":"In"},"HumanoidRootPart":{"Weight":1,"CFrame":[0,0,0,1,0,0,0,1,0,0,0,1],"EasingStyle":"Linear","EasingDirection":"In"},"Right Leg":{"Weight":1,"CFrame":[0.7273219227790833,0.13148003816604615,0.15116894245147706,0.895297646522522,0.37143826484680178,-0.24591760337352754,-0.32312843203544619,0.921501874923706,0.21545925736427308,0.3066435754299164,-0.11343726515769959,0.9450407028198242],"EasingStyle":"Linear","EasingDirection":"In"}}},{"Time":0.3166666626930237,"poses":{"Left Leg":{"Weight":1,"CFrame":[-0.29830271005630495,0.10125815868377686,0.029494762420654298,0.9114564061164856,-0.1392931193113327,0.3870975077152252,0.14223897457122804,0.989605724811554,0.021186061203479768,-0.3860248923301697,0.035749975591897967,0.9217954277992249],"EasingStyle":"Linear","EasingDirection":"In"},"Right Arm":{"Weight":1,"CFrame":[0.02389562875032425,0.4130861759185791,-0.005817115306854248,-0.8903340101242065,-0.3492150902748108,-0.2921546697616577,0.32306402921676638,-0.9366846680641174,0.13509772717952729,-0.32083502411842348,0.02589