{"Sequence":[{"Time":0,"poses":{"Left Leg":{"Weight":1,"CFrame":[-0.36678946018218996,0.1611589789390564,0.18076717853546143,0.9206978678703308,-0.17570257186889649,0.34848809242248537,0.20775474607944489,0.9765465259552002,-0.05652295798063278,-0.33038368821144106,0.12444064766168595,0.935607373714447],"EasingStyle":"Constant","EasingDirection":"In"},"Right Leg":{"Weight":1,"CFrame":[0.6410871744155884,0.6494913101196289,0.1696879267692566,0.8723947405815125,0.3695753514766693,-0.3199084997177124,-0.3510574698448181,0.9291348457336426,0.11604771018028259,0.340126633644104,0.011066815815865994,0.9403145909309387],"EasingStyle":"Constant","EasingDirection":"In"},"Head":{"Weight":1,"CFrame":[8.742276236262114e-8,-2.9802322387695315e-8,-5.364418029785156e-7,1,-7.435981785874901e-8,8.675474560959629e-8,6.308724209702632e-8,0.9923586845397949,0.12338651716709137,-9.526682021032684e-8,-0.12338651716709137,0.9923586845397949],"EasingStyle":"Constant","EasingDirection":"In"},"k1":{"Weight":1,"CFrame":[0,0,0,1,0,0,0,1,0,0,0,1],"EasingStyle":"Linear","EasingDirection":"In"},"Torso":{"Weight":1,"CFrame":[0,-0.11306765675544739,-0.22128580510616303,1,0,-8.742277657347586e-8,-1.2355862999413603e-8,0.9899618625640869,-0.14133459329605103,8.654521366224799e-8,0.14133459329605103,0.9899618625640869],"EasingStyle":"Constant","EasingDirection":"In"},"HumanoidRootPart":{"Weight":0,"CFrame":[0,0,0,1,0,0,0,1,0,0,0,1],"EasingStyle":"Linear","EasingDirection":"In"},"Right Arm":{"Weight":1,"CFrame":[0.07497721910476685,-0.30669429898262026,-0.05798572301864624,-0.09682314842939377,-0.6171796917915344,0.7808421850204468,0.9559011459350586,0.16088995337486268,0.24569790065288545,-0.2772694230079651,0.7701971530914307,0.5743849277496338],"EasingStyle":"Constant","EasingDirection":"In"},"Left Arm":{"Weight":1,"CFrame":[-0.04528003931045532,-0.21007230877876283,0,-0.41477516293525698,0.3236663341522217,-0.8504126071929932,-0.9068096876144409,-0.22429159283638,0.35691672563552859,-0.07521843165159226,0.9192025661468506,0.38653433322906496],"EasingStyle":"Constant","EasingDirection":"In"},"k":{"Weight":1,"CFrame":[0,0,0,1,0,0,0,1,0,0,0,1],"EasingStyle":"Linear","EasingDirection":"In"},"TippingPointKnifeLeftProp":{"Weight":1,"CFrame":[0.00003814697265625,-2.819999933242798,0,-4.371138828673793e-8,1,0,-1,-4.371138828673793e-8,0,0,0,1],"EasingStyle":"Constant","EasingDirection":"In"},"TippingPointKnifeRightProp":{"Weight":1,"CFrame":[0,-2.819999933242798,0,-4.371138828673793e-8,1,0,-1,-4.371138828673793e-8,0,0,0,1],"EasingStyle":"Constant","EasingDirection":"In"}}},{"Time":0.03333333507180214,"poses":{"Left Leg":{"Weight":1,"CFrame":[-0.42671170830726626,0.24171435832977296,0.19488704204559327,0.9365397691726685,-0.14182832837104798,0.3205900192260742,0.17566947638988496,0.9812684655189514,-0.07907215505838394,-0.30337026715278628,0.1303720474243164,0.9439119100570679],"EasingStyle":"Constant","EasingDirection":"In"},"Right Leg":{"Weight":1,"CFrame":[0.5822830200195313,0.6519548892974854,0.17814987897872926,0.901333212852478,0.2825780510902405,-0.32824987173080447,-0.2711257040500641,0.9591138362884522,0.08118800818920136,0.33777108788490298,0.015819450840353967,0.9410954117774963],"EasingStyle":"Constant","EasingDirection":"In"},"Head":{"Weight":1,"CFrame":[8.742281920604e-8,3.725290298461914e-8,2.384185791015625e-7,1,-0.000024204544388339856,-8.496519967593486e-7,0.000024067858248599806,0.9892101883888245,0.14650307595729829,-0.0000027055552891397385,-0.14650306105613709,0.9892101883888245],"EasingStyle":"Constant","EasingDirection":"In"},"Left Arm":{"Weight":1,"CFrame":[-0.07730144262313843,-0.3297486901283264,-0.0001277327537536621,-0.3395765721797943,0.3549591302871704,-0.8710291981697083,-0.9404213428497315,-0.14505402743816377,0.3075176775455475,-0.01719004474580288,0.9235601425170898,0.3830679655075073],"EasingStyle":"Constant","EasingDirection":"In"},"Torso":{"Weight":1,"CFrame":[0,-0.16856493055820466,-0.29538440704345705,1,0,-8.742277657347586e-8,-1.8420521996631579e-8,0.9775494337081909,-0.2107062041759491,8.546008700704988e-8,0.2107062041759491,0.9775494337081909],"EasingStyle":"Constant","EasingDirection":"In"},"HumanoidRootPart":{"Weight":0,"CFrame":[0,0,0,1,0,0,0,1,0,0,0,1],"EasingStyle":"Linear","EasingDirection":"In"},"Right Arm":{"Weight":1,"CFrame":[0.10682928562164307,-0.4258199632167816,-0.05752760171890259,-0.0629454106092453,-0.5999795198440552,0.7975353002548218,0.9503729939460754,0.20792411267757417,0.23142769932746888,-0.30467864871025088,0.7725232243537903,0.5571163892745972],"EasingStyle":"Constant","EasingDirection":"In"}}},{"Time":0.06666667014360428,"poses":{"Left Leg":{"Weight":1,"CFrame":[-0.5194544792175293,0.39716529846191409,0.20781975984573365,0.9520137310028076,-0.1398533135652542,0.2722332179546356,0.17043693363666535,0.9810615181922913,-0.09203014522790909,-0.2542068362236023,0.13401249051094056,0.9578201770782471],"EasingStyle":"Constant","EasingDirection":"In"},"Right Leg":{"Weight":1,"CFrame":[0.5192006826400757,0.6297319531440735,0.18680444359779359,0.9236851930618286,0.18622714281082154,-0.33485084772109988,-0.18227484822273255,0.98228520154953,0.04349276050925255,0.33701857924461367,0.020861221477389337,0.9412668347358704],"EasingStyle":"Constant","EasingDirection":"In"},"Head":{"Weight":1,"CFrame":[8.742244972381741e-8,8.940696716308594e-8,-5.960464477539063e-8,1,-0.00006894358375575393,-0.000004081912720721448,0.00006847044278401881,0.9819340705871582,0.18922337889671327,-0.000009037568815983832,-0.18922337889671327,0.9819340705871582],"EasingStyle":"Constant","EasingDirection":"In"},"Left Arm":{"Weight":1,"CFrame":[-0.13676917552947999,-0.5520055294036865,-0.0003649294376373291,-0.19137877225875855,0.3958228826522827,-0.8981639742851257,-0.9771778583526611,0.00910478550940752,0.2122274488210678,0.09218212217092514,0.9182817339897156,0.38504675030708315],"EasingStyle":"Constant","EasingDirection":"In"},"Torso":{"Weight":1,"CFrame":[3.552713678800501e-15,-0.22322507202625276,-0.4489924907684326,1,0,-8.742277657347586e-8,-2.4393692399371504e-8,0.960282027721405,-0.27903130650520327,8.395051764864547e-8,0.27903130650520327,0.960282027721405],"EasingStyle":"Constant","EasingDirection":"In"},"HumanoidRootPart":{"Weight":0,"CFrame":[0,0,0,1,0,0,0,1,0,0,0,1],"EasingStyle":"Linear","EasingDirection":"In"},"Right Arm":{"Weight":1,"CFrame":[0.16598278284072877,-0.6470542550086975,-0.05667656660079956,-0.0016538206255063415,-0.5630844831466675,0.826397716999054,0.9344038367271423,0.29350319504737856,0.20185483992099763,-0.35621169209480288,0.7725229859352112,0.525662899017334],"EasingStyle":"Constant","EasingDirection":"In"}}},{"Time":0.10000000149011612,"poses":{"Left Leg":{"Weight":1,"CFrame":[-0.5884005427360535,0.4860518276691437,0.2149755358695984,0.9437149167060852,-0.2116224765777588,0.25420084595680239,0.23886638879776,0.9676501750946045,-0.08121611922979355,-0.22879037261009217,0.1373649388551712,0.9637354016304016],"EasingStyle":"Constant","EasingDirection":"In"},"Right Leg":{"Weight":1,"CFrame":[0.5330913066864014,0.6260801553726196,0.18867424130439759,0.9167394042015076,0.21289311349391938,-0.3380316197872162,-0.20736098289489747,0.9768357872962952,0.052852001041173938,0.3414532542228699,0.021642982959747316,0.9396495819091797],"EasingStyle":"Constant","EasingDirection":"In"},"Head":{"Weight":1,"CFrame":[8.746224011701998e-8,-2.2351741790771486e-8,-2.9802322387695315e-8,1,-0.00009295775817008689,-0.000006623712124564918,0.00009224796667695045,0.9772525429725647,0.21207882463932038,-0.000013241478882264346,-0.21207886934280396,0.9772525429725647],"EasingStyle":"Constant","EasingDirection":"In"},"Left Arm":{"Weight":1,"CFrame":[-0.16879045963287354,-0.6716822981834412,-0.0004927217960357666,-0.11048562079668045,0.40861114859580996,-0.9059966206550598,-0.9821314811706543,0.09484779089689255,0.162547305226326,0.15235044062137605,0.9077669382095337,0.39083045721054079],"EasingStyle":"Constant","EasingDirection":"In"},"Torso":{"Weight":1,"CFrame":[-0.0008241324103437364,-0.2064058780670166,-0.5641381740570068,0.999999463558197,-0.00009981374751077965,-0.0010302531300112606,-0.000169378676218912,0.9661429524421692,-0.25800737738609316,0.0010211244225502015,0.2580074369907379,0.9661424160003662],"EasingStyle":"Constant","EasingDirection":"In"},"HumanoidRootPart":{"Weight":0,"CFrame":[0,0,0,1,0,0,0,1,0,0,0,1],"EasingStyle":"Linear","EasingDirection":"In"},"Right Arm":{"Weight":1,"CFrame":[0.1978347897529602,-0.7661804556846619,-0.05621829628944397,0.030236633494496347,-0.5406935811042786,0.840675950050354,0.9227962493896484,0.33829960227012637,0.18439221382141114,-0.3841000497341156,0.7701972723007202,0.5091791749000549],"EasingStyle":"Constant","EasingDirection":"In"}}},{"Time":0.13333334028720857,"poses":{"Left Leg":{"Weight":1,"CFrame":[-0.6200310587882996,0.48897090554237368,0.23365053534507752,0.9192508459091187,-0.2834799587726593,0.2731612026691437,0.3130297064781189,0.9471217393875122,-0.07051829248666763,-0.2387263923883438,0.15033157169818879,0.9593800902366638],"EasingStyle":"Constant","EasingDirection":"In"},"Right Leg":{"Weight":1,"CFrame":[0.5676491856575012,0.5767879486083984,0.1887928545475006,0.9022439122200012,0.27127543091773989,-0.3352096974849701,-0.26136794686317446,0.9623000621795654,0.07526878267526627,0.34299084544181826,0.01970219612121582,0.9391320943832398],"EasingStyle":"Constant","EasingDirection":"In"},"Head":{"Weight":1,"CFrame":[8.803658602118958e-8,-1.4901161193847657e-8,2.980232238769531e-7,1,-0.0000761920164222829,-0.000004688895387516823,0.00007559129880974069,0.9798105955123901,0.19992786645889283,-0.000010638796993589495,-0.19992788136005402,0.9798105955123901],"EasingStyle":"Constant","EasingDirection":"In"},"Left Arm":{"Weight":1,"CFrame":[-0.1687905192375183,-0.6716820001602173,-0.0004927515983581543,-0.1658736914396286,0.40329888463020327,-0.8999089002609253,-0.9786403775215149,0.0450616292655468,0.20058035850524903,0.12144523859024048,0.9139581322669983,0.3872099220752716],"EasingStyle":"Constant","EasingDirection":"In"},"Torso":{"Weight":1,"CFrame":[-0.003042052499949932,-0.16332900524139405,-0.532680094242096,0.9999927282333374,-0.00026246480410918593,-0.0038026529364287855,-0.0005194220575504005,0.9789370894432068,-0.20416133105754853,0.0037761435378342869,0.20416182279586793,0.978929877281189],"EasingStyle":"Constant","EasingDirection":"In"},"HumanoidRootPart":{"Weight":0,"CFrame":[0,0,0,1,0,0,0,1,0,0,0,1],"EasingStyle":"Linear","EasingDirection":"In"},"Right Arm":{"Weight":1,"CFrame":[0.1978347897529602,-0.7661798596382141,-0.05621832609176636,0.007456132676452398,-0.5549622178077698,0.8318421244621277,0.9299542307853699,0.309650182723999,0.198247030377388,-0.3675996661186218,0.7720969319343567,0.5183982849121094],"EasingStyle":"Constant","EasingDirection":"In"}}},{"Time":0.1666666716337204,"poses":{"Left Leg":{"Weight":1,"CFrame":[-0.641941487789154,0.46354639530181887,0.2597230076789856,0.8807120323181152,-0.3603789210319519,0.3073650300502777,0.3939380943775177,0.9176138043403626,-0.052892763167619708,-0.2629810571670532,0.1676662117242813,0.9501205682754517],"EasingStyle":"Constant","EasingDirection":"In"},"Right Leg":{"Weight":1,"CFrame":[0.5582985877990723,0.4163944721221924,0.18386831879615785,0.8932539224624634,0.3091447949409485,-0.3263845443725586,-0.29490071535110476,0.9509311318397522,0.0936141312122345,0.3393096327781677,0.012629885226488114,0.940589964389801],"EasingStyle":"Constant","EasingDirection":"In"},"Head":{"Weight":1,"CFrame":[8.577558219258208e-8,-4.470348358154297e-8,-5.662441253662109e-7,1,0.00004183441342320293,0.000004153639110882068,-0.000041938623326132077,0.9858372807502747,0.16770459711551667,0.0000029209554668341299,-0.16770459711551667,0.9858372807502747],"EasingStyle":"Constant","EasingDirection":"In"},"Left Arm":{"Weight":1,"CFrame":[-0.16879045963287354,-0.671682596206665,-0.0004927217960357666,-0.2840110957622528,0.379178524017334,-0.8806596398353577,-0.9577580094337463,-0.06895430386066437,0.2791861295700073,0.04513615742325783,0.9227507710456848,0.3827449679374695],"EasingStyle":"Constant","EasingDirection":"In"},"Torso":{"Weight":1,"CFrame":[-0.006261932197958231,-0.10527940094470978,-0.38512513041496279,0.9999693036079407,-0.00025136524345725775,-0.00782750640064478,-0.0007809388916939497,0.9913026690483093,-0.1315992772579193,0.0077925072982907299,0.13160134851932527,0.9912720918655396],"EasingStyle":"Constant","EasingDirection":"In"},"HumanoidRootPart":{"Weight":0,"CFrame":[0,0,0,1,0,0,0,1,0,0,0,1],"EasingStyle":"Linear","EasingDirection":"In"},"Right Arm":{"Weight":1,"CFrame":[0.19783461093902589,-0.766180694103241,-0.05621851980686188,-0.04567043110728264,-0.5843081474304199,0.81024569272995,0.9424519538879395,0.24371810257434846,0.22887945175170899,-0.33120766282081606,0.7740707397460938,0.5395517349243164],"EasingStyle":"Constant","EasingDirection":"In"}}},{"Time":0.20000000298023225,"poses":{"Left Leg":{"Weight":1,"CFrame":[-0.6468312740325928,0.41618189215660097,0.2885446548461914,0.8340513706207275,-0.42667266726493838,0.3497264087200165,0.46493276953697207,0.8848626017570496,-0.029254518449306489,-0.29697778820991518,0.18699903786182404,0.936394989490509],"EasingStyle":"Constant","EasingDirection":"In"},"Right Leg":{"Weight":1,"CFrame":[0.44115811586380007,0.23597866296768189,0.15101715922355653,0.901146650314331,0.29653432965278628,-0.3162308633327484,-0.27539730072021487,0.9549384713172913,0.110674649477005,0.33480003476142886,-0.012645015493035317,0.9422044157981873],"EasingStyle":"Constant","EasingDirection":"In"},"Head":{"Weight":1,"CFrame":[8.176630217349157e-8,0,-3.2782554626464846e-7,0.9999999403953552,0.00036337043275125325,0.00001636235356272664,-0.000362658902304247,0.9925593733787537,0.12176123261451721,0.000028001255486742595,-0.12176123261451721,0.9925594329833984],"EasingStyle":"Constant","EasingDirection":"In"},"Left Arm":{"Weight":1,"CFrame":[-0.16879040002822877,-0.6716827154159546,-0.0004926621913909912,-0.39996472001075747,0.33938637375831606,-0.851378321647644,-0.915869951248169,-0.18325932323932649,0.3572089970111847,-0.034791070967912677,0.9226228594779968,0.38413113355636599],"EasingStyle":"Constant","EasingDirection":"In"},"Torso":{"Weight":1,"CFrame":[-0.010069973766803742,-0.04434095695614815,-0.19047190248966218,0.9999207854270935,0.00007754537364235148,-0.012587553821504116,-0.0007751677185297012,0.9984624981880188,-0.05542618781328201,0.012563902884721756,0.0554315522313118,0.9983834624290466],"EasingStyle":"Constant","EasingDirection":"In"},"HumanoidRootPart":{"Weight":0,"CFrame":[0,0,0,1,0,0,0,1,0,0,0,1],"EasingStyle":"Linear","EasingDirection":"In"},"Right Arm":{"Weight":1,"CFrame":[0.19783496856689454,-0.766180694103241,-0.056218430399894717,-0.1048654243350029,-0.610909640789032,0.7847246527671814,0.9498034715652466,0.1723441481590271,0.2610956132411957,-0.2947484254837036,0.7727139592170715,0.5621710419654846],"EasingStyle":"Constant","EasingDirection":"In"}}},{"Time":0.23333333432674409,"poses":{"Left Leg":{"Weight":1,"CFrame":[-0.6259186863899231,0.35478514432907107,0.31480374932289126,0.7907348871231079,-0.4680875837802887,0.39450258016586306,0.5112501382827759,0.8594173192977905,-0.00502083171159029,-0.336692214012146,0.2056596726179123,0.9188811182975769],"EasingStyle":"Constant","EasingDirection":"In"},"Right Leg":{"Weight":1,"CFrame":[0.18876247107982636,0.10601329803466797,0.077506422996521,0.9284243583679199,0.20846202969551087,-0.3075251877307892,-0.17729367315769196,0.9760127663612366,0.12635688483715058,0.3264891803264618,-0.06279049068689347,0.9431130290031433],"EasingStyle":"Constant","EasingDirection":"In"},"Head":{"Weight":1,"CFrame":[8.620736480224878e-8,0,0,0.9999995231628418,0.0009903998579829932,0.000015661458746762947,-0.0009891351219266654,0.9976361989974976,0.06870964914560318,0.000052426137699512768,-0.06870963424444199,0.9976366758346558],"EasingStyle":"Constant","EasingDirection":"In"},"Left Arm":{"Weight":1,"CFrame":[-0.1687905192375183,-0.6716825366020203,-0.0004926323890686035,-0.45882415771484377,0.31225621700286868,-0.8318512439727783,-0.8853375315666199,-0.23992173373699189,0.3982650637626648,-0.07521844655275345,0.9192026853561401,0.3865339159965515],"EasingStyle":"Constant","EasingDirection":"In"},"Torso":{"Weight":1,"CFrame":[-0.014058217406272889,0.006972490344196558,-0.014253377914428711,0.9998453855514526,0.0006724121631123126,-0.017572861164808275,-0.0005193086690269411,0.9999619126319885,0.008715611882507801,0.01757805049419403,-0.008705138228833676,0.999807596206665],"EasingStyle":"Constant","EasingDirection":"In"},"HumanoidRootPart":{"Weight":0,"CFrame":[0,0,0,1,0,0,0,1,0,0,0,1],"EasingStyle":"Linear","EasingDirection":"In"},"Right Arm":{"Weight":1,"CFrame":[0.19783473014831544,-0.7661802768707275,-0.05621844530105591,-0.143668070435524,-0.6243389248847961,0.7678282856941223,0.9499900341033936,0.13037467002868653,0.2837628722190857,-0.27726954221725466,0.7701969742774963,0.5743851661682129],"EasingStyle":"Constant","EasingDirection":"In"}}},{"Time":0.2666666805744171,"poses":{"Left Leg":{"Weight":1,"CFrame":[-0.5867711305618286,0.3121945858001709,0.33806395530700686,0.75845867395401,-0.4823578894138336,0.43825939297676089,0.5313953161239624,0.847029983997345,0.01261854451149702,-0.3773054778575897,0.22331836819648744,0.8987599611282349],"EasingStyle":"Constant","EasingDirection":"In"},"Right Leg":{"Weight":1,"CFrame":[-0.14668236672878266,0.06938540935516358,-0.02704155445098877,0.9517828226089478,0.055029720067977908,-0.30179646611213686,-0.013216913677752018,0.9902216792106628,0.13887517154216767,0.3064877390861511,-0.12819023430347444,0.9432033896446228],"EasingStyle":"Constant","EasingDirection":"In"},"Head":{"Weight":1,"CFrame":[8.975712262326852e-8,-2.9336661100387574e-8,3.5762786865234377e-7,0.9999979734420776,0.0020228074863553049,-0.000023457103452528828,-0.0020222030580043794,0.9998784065246582,0.015462854877114296,0.00005473205237649381,-0.015462779439985752,0.9998804330825806],"EasingStyle":"Constant","EasingDirection":"In"},"Left Arm":{"Weight":1,"CFrame":[-0.16879040002822877,-0.6716822981834412,-0.0004926621913909912,-0.4716815650463104,0.30671030282974245,-0.8267074823379517,-0.8781835436820984,-0.24786245822906495,0.4090940058231354,-0.07943635433912277,0.9189630150794983,0.3862600326538086],"EasingStyle":"Constant","EasingDirection":"In"},"Torso":{"Weight":1,"CFrame":[-0.017838625237345697,0.03962017968297005,0.09185553342103958,0.9997504949569702,0.0013095599133521319,-0.02229837141931057,-0.00020367203978821635,0.9987728595733643,0.049525219947099689,0.02233586460351944,-0.04950832203030586,0.9985239505767822],"EasingStyle":"Constant","EasingDirection":"In"},"HumanoidRootPart":{"Weight":0,"CFrame":[0,0,0,1,0,0,0,1,0,0,0,1],"EasingStyle":"Linear","EasingDirection":"In"},"Right Arm":{"Weight":1,"CFrame":[0.1978350281715393,-0.7661803364753723,-0.05621840059757233,-0.15887096524238587,-0.6280309557914734,0.7617987990379334,0.9479853510856628,0.11853497475385666,0.29542046785354617,-0.2758329212665558,0.7691076397895813,0.5765321850776672],"EasingStyle":"Constant","EasingDirection":"In"}}},{"Time":0.30000001192092898,"poses":{"Left Leg":{"Weight":1,"CFrame":[-0.5568017959594727,0.31420254707336428,0.3638564944267273,0.7322281002998352,-0.4856053292751312,0.47752422094345095,0.5422145128250122,0.8399327397346497,0.02272358536720276,-0.41212308406829836,0.2422817200422287,0.8783246874809265],"EasingStyle":"Constant","EasingDirection":"In"},"Right Leg":{"Weight":1,"CFrame":[-0.14514867961406709,0.07412368059158325,-0.02728712558746338,0.9511286616325378,0.07811571657657623,-0.2987510561943054,-0.034511666744947436,0.9883037209510803,0.14854185283184052,0.3068603277206421,-0.13097204267978669,0.9426999092102051],"EasingStyle":"Constant","EasingDirection":"In"},"Head":{"Weight":1,"CFrame":[8.982169674709439e-8,-3.91155481338501e-8,3.5762786865234377e-7,0.9999936819076538,0.0035582678392529489,-0.00012503711332101375,-0.0035604331642389299,0.9995140433311462,-0.03096860647201538,0.000014781225218030159,0.030968839302659036,0.9995203614234924],"EasingStyle":"Constant","EasingDirection":"In"},"Left Arm":{"Weight":1,"CFrame":[-0.1687905192375183,-0.6716823577880859,-0.0004927217960357666,-0.47975149750709536,0.3046657145023346,-0.8228106498718262,-0.8738238215446472,-0.25054171681404116,0.41672638058662417,-0.0791860967874527,0.9189165830612183,0.386421799659729],"EasingStyle":"Constant","EasingDirection":"In"},"Torso":{"Weight":1,"CFrame":[-0.02102326601743698,0.056356031447649,0.12034392356872559,0.9996529817581177,0.0018198936013504863,-0.02627917192876339,0.00003587787796277553,0.9975156784057617,0.07044504582881928,0.026342088356614114,-0.07042153924703598,0.9971694350242615],"EasingStyle":"Constant","EasingDirection":"In"},"HumanoidRootPart":{"Weight":0,"CFrame":[0,0,0,1,0,0,0,1,0,0,0,1],"EasingStyle":"Linear","EasingDirection":"In"},"Right Arm":{"Weight":1,"CFrame":[0.1978347897529602,-0.7661804556846619,-0.05621853470802307,-0.1669064611196518,-0.6295953989028931,0.7587831616401672,0.946711540222168,0.11267120391130448,0.30173245072364809,-0.2754623293876648,0.7687098383903503,0.5772396326065064],"EasingStyle":"Constant","EasingDirection":"In"}}},{"Time":0.3333333432674408,"poses":{"Left Leg":{"Weight":1,"CFrame":[-0.546828031539917,0.3644487261772156,0.39188820123672488,0.7103868722915649,-0.48721787333488467,0.5079066157341003,0.552209734916687,0.8332687020301819,0.026975145563483239,-0.43636554479599,0.2613082528114319,0.8609896898269653],"EasingStyle":"Constant","EasingDirection":"In"},"Right Leg":{"Weight":1,"CFrame":[-0.14465031027793885,0.07827585935592652,-0.027804523706436158,0.9506977200508118,0.08687102049589157,-0.29770326614379885,-0.04103383794426918,0.9867613911628723,0.15690194070339204,0.3073923587799072,-0.13695046305656434,0.9416764378547669],"EasingStyle":"Constant","EasingDirection":"In"},"Head":{"Weight":1,"CFrame":[8.85920599102974e-8,-3.725290298461914e-8,3.5762786865234377e-7,0.9999837279319763,0.005695672240108252,-0.0002945641172118485,-0.005702868103981018,0.9979519248008728,-0.06371362507343292,-0.00006892895908094943,0.06371426582336426,0.9979681968688965],"EasingStyle":"Constant","EasingDirection":"In"},"Left Arm":{"Weight":1,"CFrame":[-0.16879045963287354,-0.6716822385787964,-0.0004926621913909912,-0.48395687341690066,0.30460768938064577,-0.8203656673431397,-0.8716886639595032,-0.25040072202682497,0.42125821113586428,-0.07710163295269013,0.9189742207527161,0.38670614361763],"EasingStyle":"Constant","EasingDirection":"In"},"Torso":{"Weight":1,"CFrame":[-0.02323003113269806,0.06252764165401459,0.07332205772399903,0.9995760917663574,0.0021238340996205808,-0.02903762459754944,0.0001522951206425205,0.9969408512115479,0.07815954834222794,0.029114792123436929,-0.07813084125518799,0.9965178966522217],"EasingStyle":"Constant","EasingDirection":"In"},"HumanoidRootPart":{"Weight":0,"CFrame":[0,0,0,1,0,0,0,1,0,0,0,1],"EasingStyle":"Linear","EasingDirection":"In"},"Right Arm":{"Weight":1,"CFrame":[0.19783496856689454,-0.7661802768707275,-0.05621838569641113,-0.1704304963350296,-0.6294611096382141,0.7581108808517456,0.9458809494972229,0.11111148446798325,0.3048990070819855,-0.27615687251091006,0.7690467834472656,0.5764585137367249],"EasingStyle":"Constant","EasingDirection":"In"}}},{"Time":0.36666667461395266,"poses":{"Left Leg":{"Weight":1,"CFrame":[-0.550565242767334,0.48085203766822817,0.41054317355155947,0.6980269551277161,-0.48762309551239016,0.5243874192237854,0.5578147768974304,0.829465925693512,0.028789693489670755,-0.4490000307559967,0.27241504192352297,0.8509929776191711],"EasingStyle":"Constant","EasingDirection":"In"},"Right Leg":{"Weight":1,"CFrame":[0.27210474014282229,0.11395853757858277,0.09800273180007935,0.8962630033493042,0.3285568952560425,-0.2979312539100647,-0.2901553511619568,0.9424010515213013,0.16640357673168183,0.33544379472732546,-0.06269503384828568,0.9399716854095459],"EasingStyle":"Constant","EasingDirection":"In"},"Head":{"Weight":1,"CFrame":[9.115319699048996e-8,3.3527612686157229e-8,-4.172325134277344e-7,0.9999634027481079,0.008541137911379338,-0.0004956339835189283,-0.00855408888310194,0.9970635175704956,-0.0760994702577591,-0.00015579548198729753,0.0761009231209755,0.9971001148223877],"EasingStyle":"Constant","EasingDirection":"In"},"Left Arm":{"Weight":1,"CFrame":[-0.16879045963287354,-0.6716827154159546,-0.0004927515983581543,-0.48516878485679629,0.3049466907978058,-0.8195235133171082,-0.871127188205719,-0.2498268038034439,0.42275768518447878,-0.07582031935453415,0.9190179705619812,0.38685548305511477],"EasingStyle":"Constant","EasingDirection":"In"},"Torso":{"Weight":1,"CFrame":[-0.024065442383289338,0.06343919038772583,-0.047858476638793948,0.9995449781417847,0.0022175037302076818,-0.030081894248723985,0.00017502318951301277,0.996850848197937,0.07929899543523789,0.030163006857037545,-0.07926817983388901,0.9963968992233276],"EasingStyle":"Constant","EasingDirection":"In"},"HumanoidRootPart":{"Weight":0,"CFrame":[0,0,0,1,0,0,0,1,0,0,0,1],"EasingStyle":"Linear","EasingDirection":"In"},"Right Arm":{"Weight":1,"CFrame":[0.19783490896224976,-0.7661808133125305,-0.056218311190605167,-0.17209874093532563,-0.6279464364051819,0.7589897513389587,0.9450585842132568,0.11213767528533936,0.3070657253265381,-0.27793216705322268,0.7701353430747986,0.5741474032402039],"EasingStyle":"Constant","EasingDirection":"In"}}},{"Time":0.4000000059604645,"poses":{"Left Leg":{"Weight":1,"CFrame":[-0.522788405418396,0.4095057547092438,0.34852391481399538,0.8310499787330627,-0.3366701006889343,0.442729115486145,0.4049190580844879,0.9119229912757874,-0.06661128252744675,-0.3813089430332184,0.23462678492069245,0.8941777944564819],"EasingStyle":"Constant","EasingDirection":"In"},"Right Leg":{"Weight":1,"CFrame":[0.4683822989463806,0.29587000608444216,0.1582108438014984,0.9071027040481567,0.2717396318912506,-0.32143762707710268,-0.2509700655937195,0.9622571468353272,0.10523921251296997,0.3379034698009491,-0.014791607856750489,0.9410645961761475],"EasingStyle":"Constant","EasingDirection":"In"},"Head":{"Weight":1,"CFrame":[8.995993994176388e-8,2.537854015827179e-8,-2.9802322387695315e-8,0.9999066591262817,0.013649003580212593,-0.0006544425850734115,-0.013651343993842602,0.9998999238014221,-0.003718608757480979,0.0006036240956746042,0.0037271922919899227,0.999992847442627],"EasingStyle":"Constant","EasingDirection":"In"},"Left Arm":{"Weight":1,"CFrame":[-0.16879040002822877,-0.6716822385787964,-0.0004927217960357666,-0.39485540986061098,0.3447156846523285,-0.8516221642494202,-0.9185911417007446,-0.16499491035938264,0.359119713306427,-0.01671905629336834,0.9240929484367371,0.381801962852478],"EasingStyle":"Constant","EasingDirection":"In"},"Torso":{"Weight":1,"CFrame":[-0.016038376837968828,-0.08122840523719788,-0.23248431086540223,0.9997989535331726,-0.0003785791341215372,-0.02004806324839592,-0.001659301808103919,0.9948305487632752,-0.10153550654649735,0.01998286508023739,0.10154835879802704,0.9946298599243164],"EasingStyle":"Constant","EasingDirection":"In"},"HumanoidRootPart":{"Weight":0,"CFrame":[0,0,0,1,0,0,0,1,0,0,0,1],"EasingStyle":"Linear","EasingDirection":"In"},"Right Arm":{"Weight":1,"CFrame":[0.1978347897529602,-0.766180157661438,-0.05621849000453949,-0.11963346600532532,-0.6094741225242615,0.7837277054786682,0.9445527791976929,0.1732657253742218,0.27892473340034487,-0.30579057335853579,0.7736409306526184,0.554952085018158],"EasingStyle":"Constant","EasingDirection":"In"}}},{"Time":0.4333333373069763,"poses":{"Left Leg":{"Weight":1,"CFrame":[-0.47696781158447268,0.38280248641967776,0.2446782886981964,0.9356274008750916,-0.13121478259563447,0.32769498229026797,0.1759764552116394,0.978141188621521,-0.11077933758497238,-0.3059961199760437,0.16131478548049928,0.9382664561271668],"EasingStyle":"Constant","EasingDirection":"In"},"Right Leg":{"Weight":1,"CFrame":[0.49218398332595827,0.5267899632453919,0.1871461570262909,0.930590808391571,0.15153458714485169,-0.3332235515117645,-0.1497119814157486,0.9882339835166931,0.031303443014621738,0.3340464234352112,0.02075679413974285,0.9423280358314514],"EasingStyle":"Constant","EasingDirection":"In"},"Head":{"Weight":1,"CFrame":[8.667120710015297e-8,5.960464477539063e-8,-2.9802322387695315e-8,0.9998040795326233,0.01977774128317833,-0.0008212010725401342,-0.019500456750392915,0.9912176132202148,0.130794957280159,0.0034008175134658815,-0.13075335323810578,0.9914091229438782],"EasingStyle":"Constant","EasingDirection":"In"},"Left Arm":{"Weight":1,"CFrame":[-0.16879034042358399,-0.6716822981834412,-0.0004926919937133789,-0.21263666450977326,0.39513134956359866,-0.8936760425567627,-0.9725755453109741,0.0026295355055481197,0.2325723022222519,0.09424661844968796,0.9186208844184876,0.38373589515686037],"EasingStyle":"Constant","EasingDirection":"In"},"Torso":{"Weight":1,"CFrame":[3.552713678800501e-15,-0.22322507202625276,-0.4489924907684326,1,0,-8.742277657347586e-8,-2.4393692399371504e-8,0.960282027721405,-0.27903130650520327,8.395051764864547e-8,0.27903130650520327,0.960282027721405],"EasingStyle":"Constant","EasingDirection":"In"},"HumanoidRootPart":{"Weight":0,"CFrame":[0,0,0,1,0,0,0,1,0,0,0,1],"EasingStyle":"Linear","EasingDirection":"In"},"Right Arm":{"Weight":1,"CFrame":[0.19783467054367066,-0.7661803960800171,-0.05621840059757233,-0.021552948281168939,-0.5677962899208069,0.8228868246078491,0.9340221285820007,0.2821130156517029,0.21912313997745515,-0.35656437277793887,0.773317277431488,0.5242540240287781],"EasingStyle":"Constant","EasingDirection":"In"}}},{"Time":0.46666666865348818,"poses":{"Left Leg":{"Weight":1,"CFrame":[-0.5296828746795654,0.49001067876815798,0.2643866240978241,0.9212958216667175,-0.20191532373428346,0.3323313593864441,0.2426566630601883,0.96632981300354,-0.0855826810002327,-0.3038613200187683,0.15948942303657533,0.9392718076705933],"EasingStyle":"Constant","EasingDirection":"In"},"Right Leg":{"Weight":1,"CFrame":[0.5359458327293396,0.6027656197547913,0.19992172718048097,0.9176686406135559,0.21399135887622834,-0.3348013460636139,-0.21528132259845735,0.9759694337844849,0.03372775390744209,0.33397340774536135,0.04112550616264343,0.941684901714325],"EasingStyle":"Constant","EasingDirection":"In"},"Head":{"Weight":1,"CFrame":[9.208451956510544e-8,2.2351741790771486e-8,-1.4901161193847657e-7,0.9997332096099854,0.02294260822236538,-0.0026637837290763857,-0.021929970011115075,0.9790891408920288,0.20224615931510926,0.007248137146234512,-0.20213377475738526,0.9793310761451721],"EasingStyle":"Constant","EasingDirection":"In"},"Left Arm":{"Weight":1,"CFrame":[-0.16879045963287354,-0.6716824769973755,-0.0004926919937133789,-0.11048556119203568,0.4086112082004547,-0.9059966206550598,-0.9821314811706543,0.09484781324863434,0.1625472605228424,0.15235048532485963,0.9077669382095337,0.3908306062221527],"EasingStyle":"Constant","EasingDirection":"In"},"Torso":{"Weight":1,"CFrame":[0.013195998966693879,-0.2051907777786255,-0.5639269351959229,0.9998621940612793,0.0018796301446855069,0.016494911164045335,0.0024143413174897434,0.9665442705154419,-0.25648847222328188,-0.01642516627907753,0.25649294257164,0.966406524181366],"EasingStyle":"Constant","EasingDirection":"In"},"HumanoidRootPart":{"Weight":0,"CFrame":[0,0,0,1,0,0,0,1,0,0,0,1],"EasingStyle":"Linear","EasingDirection":"In"},"Right Arm":{"Weight":1,"CFrame":[0.19783467054367066,-0.7661802768707275,-0.05621820688247681,0.030236737802624704,-0.5406937003135681,0.840675950050354,0.9227961897850037,0.3382996618747711,0.18439219892024995,-0.3841001093387604,0.7701971530914307,0.5091792345046997],"EasingStyle":"Constant","EasingDirection":"In"}}},{"Time":0.5,"poses":{"Left Leg":{"Weight":1,"CFrame":[-0.5553402900695801,0.4491899013519287,0.2566501498222351,0.9035699963569641,-0.26189130544662478,0.339078426361084,0.2953363060951233,0.954078197479248,-0.05011282116174698,-0.31038326025009158,0.14542256295681,0.9394224286079407],"EasingStyle":"Constant","EasingDirection":"In"},"Right Leg":{"Weight":1,"CFrame":[0.5566065907478333,0.5690474510192871,0.22759801149368287,0.8904102444648743,0.27925676107406618,-0.3594233989715576,-0.2850262224674225,0.9577646851539612,0.038038868457078937,0.3548656702041626,0.06857488304376602,0.9323989748954773],"EasingStyle":"Constant","EasingDirection":"In"},"Head":{"Weight":1,"CFrame":[8.381903171539307e-8,1.4901161193847657e-8,3.5762786865234377e-7,0.9997296333312988,0.022010348737239839,-0.007494849618524313,-0.02043299376964569,0.9854803681373596,0.16855540871620179,0.0110959867015481,-0.16835671663284303,0.9856637120246887],"EasingStyle":"Constant","EasingDirection":"In"},"Left Arm":{"Weight":1,"CFrame":[-0.16879045963287354,-0.6716817617416382,-0.000492781400680542,-0.1641620397567749,0.40238240361213686,-0.9006327390670776,-0.9792672991752625,0.04337511584162712,0.19787417352199555,0.11868616938591004,0.9144435524940491,0.3869192898273468],"EasingStyle":"Constant","EasingDirection":"In"},"Torso":{"Weight":1,"CFrame":[0.02224775217473507,-0.15963557362556458,-0.5276050567626953,0.999609649181366,0.0026760082691907884,0.02780960313975811,0.002928217640146613,0.9798843860626221,-0.1995444893836975,-0.027784179896116258,0.19954803586006165,0.979494035243988],"EasingStyle":"Constant","EasingDirection":"In"},"HumanoidRootPart":{"Weight":0,"CFrame":[0,0,0,1,0,0,0,1,0,0,0,1],"EasingStyle":"Linear","EasingDirection":"In"},"Right Arm":{"Weight":1,"CFrame":[0.19783484935760499,-0.7661798596382141,-0.056218475103378299,0.007456080988049507,-0.5549623370170593,0.8318420648574829,0.9299542307853699,0.309650182723999,0.19824708998203278,-0.36759963631629946,0.7720968723297119,0.5183983445167542],"EasingStyle":"Constant","EasingDirection":"In"}}},{"Time":0.5333333611488342,"poses":{"Left Leg":{"Weight":1,"CFrame":[-0.5249049067497253,0.3067682981491089,0.2287306785583496,0.8909112811088562,-0.2965533435344696,0.3439958393573761,0.31992432475090029,0.9473689198493958,-0.01185696106404066,-0.32237479090690615,0.12061615288257599,0.9388962984085083],"EasingStyle":"Constant","EasingDirection":"In"},"Right Leg":{"Weight":1,"CFrame":[0.5530602335929871,0.4866151213645935,0.26753929257392886,0.8460967540740967,0.34577134251594546,-0.4056629240512848,-0.35764768719673159,0.9325733780860901,0.04893872141838074,0.39523211121559145,0.10367743670940399,0.9127116799354553],"EasingStyle":"Constant","EasingDirection":"In"},"Head":{"Weight":1,"CFrame":[9.592622518539429e-8,-4.0978193283081057e-8,-2.9802322387695315e-8,0.9997289180755615,0.019150948151946069,-0.013242445886135102,-0.017829133197665216,0.9954500794410706,0.09360155463218689,0.014974751509726048,-0.09334009140729904,0.9955216646194458],"EasingStyle":"Constant","EasingDirection":"In"},"Left Arm":{"Weight":1,"CFrame":[-0.1687905192375183,-0.6716822385787964,-0.0004926621913909912,-0.2822222113609314,0.37823712825775149,-0.8816390037536621,-0.9584173560142517,-0.07066910713911057,0.2764816880226135,0.04227104038000107,0.9230073094367981,0.3824533224105835],"EasingStyle":"Constant","EasingDirection":"In"},"Torso":{"Weight":1,"CFrame":[0.027823345735669137,-0.09967618435621262,-0.3800508677959442,0.9993919134140015,0.002503825118765235,0.034779101610183719,0.0018501266604289413,0.9922059178352356,-0.1245952695608139,-0.03481999412178993,0.12458384782075882,0.9915978908538818],"EasingStyle":"Constant","EasingDirection":"In"},"HumanoidRootPart":{"Weight":0,"CFrame":[0,0,0,1,0,0,0,1,0,0,0,1],"EasingStyle":"Linear","EasingDirection":"In"},"Right Arm":{"Weight":1,"CFrame":[0.19783496856689454,-0.7661800980567932,-0.056218117475509647,-0.045670341700315478,-0.5843085050582886,0.8102455735206604,0.9424520134925842,0.2437179833650589,0.22887945175170899,-0.3312075734138489,0.7740704417228699,0.5395519733428955],"EasingStyle":"Constant","EasingDirection":"In"}}},{"Time":0.5666666626930237,"poses":{"Left Leg":{"Weight":1,"CFrame":[-0.3798156976699829,0.14817380905151368,0.16953235864639283,0.8974881768226624,-0.2738715410232544,0.3457011580467224,0.2841334640979767,0.9585385918617249,0.021723901852965356,-0.337317556142807,0.07872825115919113,0.9380931854248047],"EasingStyle":"Constant","EasingDirection":"In"},"Right Leg":{"Weight":1,"CFrame":[0.5425834059715271,0.39540278911590578,0.28881895542144778,0.8037881255149841,0.405441015958786,-0.43536433577537539,-0.4179888069629669,0.9056209325790405,0.07166760414838791,0.4233320653438568,0.12437181174755097,0.8973971605300903],"EasingStyle":"Constant","EasingDirection":"In"},"Head":{"Weight":1,"CFrame":[8.288770914077759e-8,-1.210719347000122e-8,-2.9802322387695315e-8,0.9997141361236572,0.015857329592108728,-0.017892908304929735,-0.015533551573753357,0.9997156858444214,0.01809152215719223,0.018174706026911737,-0.01780841313302517,0.9996762275695801],"EasingStyle":"Constant","EasingDirection":"In"},"Left Arm":{"Weight":1,"CFrame":[-0.16879045963287354,-0.6716822385787964,-0.0004927217960357666,-0.39901837706565859,0.3388967216014862,-0.8520172238349915,-0.9162241816520691,-0.18414299190044404,0.35584360361099245,-0.03629870340228081,0.9226269125938416,0.38398173451423647],"EasingStyle":"Constant","EasingDirection":"In"},"Torso":{"Weight":1,"CFrame":[0.03057561255991459,-0.039346542209386829,-0.18813514709472657,0.9992675185203552,0.0019309364724904299,0.03821943327784538,-0.000048882498958846557,0.9987897872924805,-0.04918317496776581,-0.03826814889907837,0.049145277589559558,0.9980582594871521],"EasingStyle":"Constant","EasingDirection":"In"},"HumanoidRootPart":{"Weight":0,"CFrame":[0,0,0,1,0,0,0,1,0,0,0,1],"EasingStyle":"Linear","EasingDirection":"In"},"Right Arm":{"Weight":1,"CFrame":[0.19783490896224976,-0.7661804556846619,-0.05621829628944397,-0.10486534982919693,-0.6109094619750977,0.784724771976471,0.9498034119606018,0.17234426736831666,0.2610955834388733,-0.29474854469299319,0.7727140784263611,0.5621709227561951],"EasingStyle":"Constant","EasingDirection":"In"}}},{"Time":0.6000000238418579,"poses":{"Left Leg":{"Weight":1,"CFrame":[-0.061788953840732577,0.038754820823669437,0.054314106702804568,0.9270655512809753,-0.14576458930969239,0.34540125727653506,0.13885660469532014,0.9892984628677368,0.04480443522334099,-0.34823593497276308,0.006424583960324526,0.9373849630355835],"EasingStyle":"Constant","EasingDirection":"In"},"Right Leg":{"Weight":1,"CFrame":[0.5465425252914429,0.3247528076171875,0.2821691632270813,0.7825578451156616,0.4521438479423523,-0.4279824495315552,-0.45843467116355898,0.8836088180541992,0.09525328874588013,0.42123737931251528,0.1216607391834259,0.8987534642219544],"EasingStyle":"Constant","EasingDirection":"In"},"Head":{"Weight":1,"CFrame":[7.636845111846924e-8,-1.862645149230957e-9,-8.940696716308594e-8,0.9997007250785828,0.014248911291360855,-0.019885720685124399,-0.014572752639651299,0.9997619986534119,-0.016236361116170884,0.01964963600039482,0.01652129366993904,0.9996703863143921],"EasingStyle":"Constant","EasingDirection":"In"},"Left Arm":{"Weight":1,"CFrame":[-0.16879040002822877,-0.6716821789741516,-0.0004926621913909912,-0.4588242471218109,0.3122560977935791,-0.8318511843681336,-0.8853375315666199,-0.23992179334163667,0.39826515316963198,-0.07521844655275345,0.9192027449607849,0.3865339457988739],"EasingStyle":"Constant","EasingDirection":"In"},"Torso":{"Weight":1,"CFrame":[0.031229466199874879,0.006938699632883072,-0.014739274978637696,0.999236524105072,0.0015893622767180205,0.03903674706816673,-0.001929352874867618,0.9999605417251587,0.008673376403748989,-0.03902142122387886,-0.008742070756852627,0.9992001056671143],"EasingStyle":"Constant","EasingDirection":"In"},"HumanoidRootPart":{"Weight":0,"CFrame":[0,0,0,1,0,0,0,1,0,0,0,1],"EasingStyle":"Linear","EasingDirection":"In"},"Right Arm":{"Weight":1,"CFrame":[0.1978347897529602,-0.7661802768707275,-0.05621841549873352,-0.14366808533668519,-0.6243389248847961,0.7678284049034119,0.9499900341033936,0.13037467002868653,0.2837628722190857,-0.27726948261260989,0.7701969742774963,0.5743850469589233],"EasingStyle":"Constant","Easin