{"Sequence":[{"Time":0,"poses":{"Left Leg":{"Weight":1,"CFrame":[-0.641599178314209,0.24846601486206056,-0.018453657627105714,0.917813777923584,-0.39465922117233279,0.043151531368494037,0.37279242277145388,0.8941003680229187,0.24821436405181886,-0.1365419328212738,-0.21172799170017243,0.9677435755729675],"EasingStyle":"Constant","EasingDirection":"In"},"Right Arm":{"Weight":1,"CFrame":[0.0009509250521659851,-0.06956467032432556,-0.02887094020843506,0.9846544861793518,-0.05130002647638321,-0.16680502891540528,0.02567800134420395,0.9880041480064392,-0.15227821469306947,0.17261585593223573,0.14565816521644593,0.9741599559783936],"EasingStyle":"Constant","EasingDirection":"In"},"Head":{"Weight":1,"CFrame":[1.5832483768463136e-7,-1.30385160446167e-8,2.384185791015625e-7,0.8661671280860901,-0.1551014930009842,-0.47507691383361819,0.1266438066959381,0.9877129793167114,-0.09156634658575058,0.48344171047210696,0.01914619468152523,0.875167191028595],"EasingStyle":"Constant","EasingDirection":"In"},"Left Arm":{"Weight":1,"CFrame":[-0.0011414960026741028,-0.01632446050643921,0.0014110803604125977,0.9835521578788757,-0.01255223248153925,-0.18018777668476106,0.018710508942604066,0.9992960691452026,0.03251764923334122,0.17965270578861237,-0.03535431995987892,0.9830945730209351],"EasingStyle":"Constant","EasingDirection":"In"},"Torso":{"Weight":1,"CFrame":[-0.011094748973846436,-0.0665724128484726,-0.20996713638305665,0.9744864702224731,0.1783708781003952,0.13623496890068055,-0.1681566834449768,0.9822415709495544,-0.08321553468704224,-0.1486588567495346,0.05818358436226845,0.987175464630127],"EasingStyle":"Constant","EasingDirection":"In"},"HumanoidRootPart":{"Weight":0,"CFrame":[0,0,0,1,0,0,0,1,0,0,0,1],"EasingStyle":"Linear","EasingDirection":"In"},"Right Leg":{"Weight":1,"CFrame":[0.4541354477405548,-0.02152884006500244,0.0012897253036499024,0.986713171005249,0.16143055260181428,0.01837087795138359,-0.15235067903995515,0.9585937857627869,-0.24059784412384034,-0.056450001895427707,0.2346021831035614,0.9704510569572449],"EasingStyle":"Constant","EasingDirection":"In"}}},{"Time":0.03333333507180214,"poses":{"Left Leg":{"Weight":1,"CFrame":[-0.641599178314209,0.24846601486206056,-0.018453657627105714,0.917813777923584,-0.39465922117233279,0.043151531368494037,0.37279242277145388,0.8941003680229187,0.24821436405181886,-0.1365419328212738,-0.21172799170017243,0.9677435755729675],"EasingStyle":"Constant","EasingDirection":"In"},"Right Arm":{"Weight":1,"CFrame":[0.0009509250521659851,-0.06956467032432556,-0.02887094020843506,0.9846544861793518,-0.05130002647638321,-0.16680502891540528,0.02567800134420395,0.9880041480064392,-0.15227821469306947,0.17261585593223573,0.14565816521644593,0.9741599559783936],"EasingStyle":"Constant","EasingDirection":"In"},"Head":{"Weight":1,"CFrame":[1.5832483768463136e-7,-1.30385160446167e-8,2.384185791015625e-7,0.8661671280860901,-0.1551014930009842,-0.47507691383361819,0.1266438066959381,0.9877129793167114,-0.09156634658575058,0.48344171047210696,0.01914619468152523,0.875167191028595],"EasingStyle":"Constant","EasingDirection":"In"},"Left Arm":{"Weight":1,"CFrame":[-0.0011414960026741028,-0.01632446050643921,0.0014110803604125977,0.9835521578788757,-0.01255223248153925,-0.18018777668476106,0.018710508942604066,0.9992960691452026,0.03251764923334122,0.17965270578861237,-0.03535431995987892,0.9830945730209351],"EasingStyle":"Constant","EasingDirection":"In"},"Torso":{"Weight":1,"CFrame":[-0.011094748973846436,-0.0665724128484726,-0.20996713638305665,0.9744864702224731,0.1783708781003952,0.13623496890068055,-0.1681566834449768,0.9822415709495544,-0.08321553468704224,-0.1486588567495346,0.05818358436226845,0.987175464630127],"EasingStyle":"Constant","EasingDirection":"In"},"HumanoidRootPart":{"Weight":0,"CFrame":[0,0,0,1,0,0,0,1,0,0,0,1],"EasingStyle":"Linear","EasingDirection":"In"},"Right Leg":{"Weight":1,"CFrame":[0.4541354477405548,-0.02152884006500244,0.0012897253036499024,0.986713171005249,0.16143055260181428,0.01837087795138359,-0.15235067903995515,0.9585937857627869,-0.24059784412384034,-0.056450001895427707,0.2346021831035614,0.9704510569572449],"EasingStyle":"Constant","EasingDirection":"In"}}},{"Time":0.06666667014360428,"poses":{"Left Leg":{"Weight":1,"CFrame":[-0.641599178314209,0.24846601486206056,-0.018453657627105714,0.917813777923584,-0.39465922117233279,0.043151531368494037,0.37279242277145388,0.8941003680229187,0.24821436405181886,-0.1365419328212738,-0.21172799170017243,0.9677435755729675],"EasingStyle":"Constant","EasingDirection":"In"},"Right Arm":{"Weight":1,"CFrame":[0.0009509250521659851,-0.06956467032432556,-0.02887094020843506,0.9846544861793518,-0.05130002647638321,-0.16680502891540528,0.02567800134420395,0.9880041480064392,-0.15227821469306947,0.17261585593223573,0.14565816521644593,0.9741599559783936],"EasingStyle":"Constant","EasingDirection":"In"},"Head":{"Weight":1,"CFrame":[1.5832483768463136e-7,-1.30385160446167e-8,2.384185791015625e-7,0.8661671280860901,-0.1551014930009842,-0.47507691383361819,0.1266438066959381,0.9877129793167114,-0.09156634658575058,0.48344171047210696,0.01914619468152523,0.875167191028595],"EasingStyle":"Constant","EasingDirection":"In"},"Left Arm":{"Weight":1,"CFrame":[-0.0011414960026741028,-0.01632446050643921,0.0014110803604125977,0.9835521578788757,-0.01255223248153925,-0.18018777668476106,0.018710508942604066,0.9992960691452026,0.03251764923334122,0.17965270578861237,-0.03535431995987892,0.9830945730209351],"EasingStyle":"Constant","EasingDirection":"In"},"Torso":{"Weight":1,"CFrame":[-0.011094748973846436,-0.0665724128484726,-0.20996713638305665,0.9744864702224731,0.1783708781003952,0.13623496890068055,-0.1681566834449768,0.9822415709495544,-0.08321553468704224,-0.1486588567495346,0.05818358436226845,0.987175464630127],"EasingStyle":"Constant","EasingDirection":"In"},"HumanoidRootPart":{"Weight":0,"CFrame":[0,0,0,1,0,0,0,1,0,0,0,1],"EasingStyle":"Linear","EasingDirection":"In"},"Right Leg":{"Weight":1,"CFrame":[0.4541354477405548,-0.02152884006500244,0.0012897253036499024,0.986713171005249,0.16143055260181428,0.01837087795138359,-0.15235067903995515,0.9585937857627869,-0.24059784412384034,-0.056450001895427707,0.2346021831035614,0.9704510569572449],"EasingStyle":"Constant","EasingDirection":"In"}}},{"Time":0.10000000149011612,"poses":{"Left Leg":{"Weight":1,"CFrame":[-0.5485143661499023,0.19176149368286134,-0.008557438850402832,0.9410940408706665,-0.3360767662525177,0.03734299913048744,0.3213111460208893,0.9231840968132019,0.2109270989894867,-0.10536214709281922,-0.18650345504283906,0.976788341999054],"EasingStyle":"Constant","EasingDirection":"In"},"Right Arm":{"Weight":1,"CFrame":[0.0005466938018798828,-0.06416597962379456,-0.028560340404510499,0.9868350625038147,-0.047976553440093997,-0.15445023775100709,0.02627776935696602,0.9898619055747986,-0.13958168029785157,0.1595810502767563,0.1336854100227356,0.9780911207199097],"EasingStyle":"Constant","EasingDirection":"In"},"Head":{"Weight":1,"CFrame":[4.0978193283081057e-8,-2.421438694000244e-8,1.1920928955078126e-7,0.8911827802658081,-0.15701976418495179,-0.4256032705307007,0.1346265971660614,0.9874635338783264,-0.08241099864244461,0.43320783972740176,0.016145750880241395,0.9011494517326355],"EasingStyle":"Constant","EasingDirection":"In"},"Left Arm":{"Weight":1,"CFrame":[-0.0013014450669288636,-0.017197489738464357,0.0009086132049560547,0.9857363104820252,-0.010922662913799286,-0.16794225573539735,0.016273876652121545,0.9994017481803894,0.030519600957632066,0.16750842332839967,-0.03281743824481964,0.9853243231773377],"EasingStyle":"Constant","EasingDirection":"In"},"Torso":{"Weight":1,"CFrame":[-0.002042412757873535,-0.06227658689022064,-0.13582897186279298,0.9765698313713074,0.1780795305967331,0.12082717567682266,-0.1695198118686676,0.9824475049972534,-0.0778457447886467,-0.1325691044330597,0.055539198219776157,0.9896165132522583],"EasingStyle":"Constant","EasingDirection":"In"},"HumanoidRootPart":{"Weight":0,"CFrame":[0,0,0,1,0,0,0,1,0,0,0,1],"EasingStyle":"Linear","EasingDirection":"In"},"Right Leg":{"Weight":1,"CFrame":[0.31388401985168459,-0.048725247383117679,-0.003518521785736084,0.9968280792236328,0.07840611785650253,0.013655281625688076,-0.0738682970404625,0.9753491878509522,-0.20793640613555909,-0.029622098430991174,0.20626816153526307,0.9780470132827759],"EasingStyle":"Constant","EasingDirection":"In"}}},{"Time":0.13333334028720857,"poses":{"Left Leg":{"Weight":1,"CFrame":[-0.5485143661499023,0.19176149368286134,-0.008557438850402832,0.9410940408706665,-0.3360767662525177,0.03734299913048744,0.3213111460208893,0.9231840968132019,0.2109270989894867,-0.10536214709281922,-0.18650345504283906,0.976788341999054],"EasingStyle":"Constant","EasingDirection":"In"},"Right Arm":{"Weight":1,"CFrame":[0.0005466938018798828,-0.06416597962379456,-0.028560340404510499,0.9868350625038147,-0.047976553440093997,-0.15445023775100709,0.02627776935696602,0.9898619055747986,-0.13958168029785157,0.1595810502767563,0.1336854100227356,0.9780911207199097],"EasingStyle":"Constant","EasingDirection":"In"},"Head":{"Weight":1,"CFrame":[4.0978193283081057e-8,-2.421438694000244e-8,1.1920928955078126e-7,0.8911827802658081,-0.15701976418495179,-0.4256032705307007,0.1346265971660614,0.9874635338783264,-0.08241099864244461,0.43320783972740176,0.016145750880241395,0.9011494517326355],"EasingStyle":"Constant","EasingDirection":"In"},"Left Arm":{"Weight":1,"CFrame":[-0.0013014450669288636,-0.017197489738464357,0.0009086132049560547,0.9857363104820252,-0.010922662913799286,-0.16794225573539735,0.016273876652121545,0.9994017481803894,0.030519600957632066,0.16750842332839967,-0.03281743824481964,0.9853243231773377],"EasingStyle":"Constant","EasingDirection":"In"},"Torso":{"Weight":1,"CFrame":[-0.002042412757873535,-0.06227658689022064,-0.13582897186279298,0.9765698313713074,0.1780795305967331,0.12082717567682266,-0.1695198118686676,0.9824475049972534,-0.0778457447886467,-0.1325691044330597,0.055539198219776157,0.9896165132522583],"EasingStyle":"Constant","EasingDirection":"In"},"HumanoidRootPart":{"Weight":0,"CFrame":[0,0,0,1,0,0,0,1,0,0,0,1],"EasingStyle":"Linear","EasingDirection":"In"},"Right Leg":{"Weight":1,"CFrame":[0.31388401985168459,-0.048725247383117679,-0.003518521785736084,0.9968280792236328,0.07840611785650253,0.013655281625688076,-0.0738682970404625,0.9753491878509522,-0.20793640613555909,-0.029622098430991174,0.20626816153526307,0.9780470132827759],"EasingStyle":"Constant","EasingDirection":"In"}}},{"Time":0.1666666716337204,"poses":{"Left Leg":{"Weight":1,"CFrame":[-0.5485143661499023,0.19176149368286134,-0.008557438850402832,0.9410940408706665,-0.3360767662525177,0.03734299913048744,0.3213111460208893,0.9231840968132019,0.2109270989894867,-0.10536214709281922,-0.18650345504283906,0.976788341999054],"EasingStyle":"Constant","EasingDirection":"In"},"Right Arm":{"Weight":1,"CFrame":[0.0005466938018798828,-0.06416597962379456,-0.028560340404510499,0.9868350625038147,-0.047976553440093997,-0.15445023775100709,0.02627776935696602,0.9898619055747986,-0.13958168029785157,0.1595810502767563,0.1336854100227356,0.9780911207199097],"EasingStyle":"Constant","EasingDirection":"In"},"Head":{"Weight":1,"CFrame":[4.0978193283081057e-8,-2.421438694000244e-8,1.1920928955078126e-7,0.8911827802658081,-0.15701976418495179,-0.4256032705307007,0.1346265971660614,0.9874635338783264,-0.08241099864244461,0.43320783972740176,0.016145750880241395,0.9011494517326355],"EasingStyle":"Constant","EasingDirection":"In"},"Left Arm":{"Weight":1,"CFrame":[-0.0013014450669288636,-0.017197489738464357,0.0009086132049560547,0.9857363104820252,-0.010922662913799286,-0.16794225573539735,0.016273876652121545,0.9994017481803894,0.030519600957632066,0.16750842332839967,-0.03281743824481964,0.9853243231773377],"EasingStyle":"Constant","EasingDirection":"In"},"Torso":{"Weight":1,"CFrame":[-0.002042412757873535,-0.06227658689022064,-0.13582897186279298,0.9765698313713074,0.1780795305967331,0.12082717567682266,-0.1695198118686676,0.9824475049972534,-0.0778457447886467,-0.1325691044330597,0.055539198219776157,0.9896165132522583],"EasingStyle":"Constant","EasingDirection":"In"},"HumanoidRootPart":{"Weight":0,"CFrame":[0,0,0,1,0,0,0,1,0,0,0,1],"EasingStyle":"Linear","EasingDirection":"In"},"Right Leg":{"Weight":1,"CFrame":[0.31388401985168459,-0.048725247383117679,-0.003518521785736084,0.9968280792236328,0.07840611785650253,0.013655281625688076,-0.0738682970404625,0.9753491878509522,-0.20793640613555909,-0.029622098430991174,0.20626816153526307,0.9780470132827759],"EasingStyle":"Constant","EasingDirection":"In"}}},{"Time":0.20000000298023225,"poses":{"Left Leg":{"Weight":1,"CFrame":[-0.45343998074531557,0.09636211395263672,0.003268122673034668,0.9609023928642273,-0.27607518434524538,0.02119157277047634,0.27333492040634158,0.9580124020576477,0.0866045355796814,-0.04421114921569824,-0.07742615044116974,0.996017336845398],"EasingStyle":"Constant","EasingDirection":"In"},"Right Arm":{"Weight":1,"CFrame":[-0.0009925812482833863,-0.04360765218734741,-0.0273779034614563,0.9936065673828125,-0.03670993074774742,-0.10676366090774536,0.027006734162569047,0.9954890608787537,-0.09095186740159989,0.10962091386318207,0.08748703449964524,0.9901158809661865],"EasingStyle":"Constant","EasingDirection":"In"},"Head":{"Weight":1,"CFrame":[5.587935447692871e-8,9.313225746154785e-9,-5.960464477539063e-8,0.9603498578071594,-0.1658622920513153,-0.2240937203168869,0.16019853949546815,0.9861323237419128,-0.043354641646146777,0.22817695140838624,0.005736144725233316,0.973602831363678],"EasingStyle":"Constant","EasingDirection":"In"},"Left Arm":{"Weight":1,"CFrame":[-0.0019105002284049988,-0.020520180463790895,-0.0010048151016235352,0.9926304817199707,-0.00442822091281414,-0.12110008299350739,0.007221071980893612,0.9997177720069885,0.02263256162405014,0.12096573412418366,-0.02334035374224186,0.9923822283744812],"EasingStyle":"Constant","EasingDirection":"In"},"Torso":{"Weight":1,"CFrame":[0.032171621918678287,-0.04575267434120178,-0.09002542495727539,0.9822033047676086,0.17734795808792115,0.06184111163020134,-0.17390896379947663,0.983099639415741,-0.057190876454114917,-0.07093865424394608,0.04541834443807602,0.9964461326599121],"EasingStyle":"Constant","EasingDirection":"In"},"HumanoidRootPart":{"Weight":0,"CFrame":[0,0,0,1,0,0,0,1,0,0,0,1],"EasingStyle":"Linear","EasingDirection":"In"},"Right Leg":{"Weight":1,"CFrame":[0.294228196144104,0.004545807838439941,0.0027142763137817384,0.9973992705345154,0.07207373529672623,-0.00020292168483138084,-0.07177357375621796,0.9929797053337097,-0.09402146935462952,-0.006574916187673807,0.09379150718450546,0.9955701231956482],"EasingStyle":"Constant","EasingDirection":"In"}}},{"Time":0.23333333432674409,"poses":{"Left Leg":{"Weight":1,"CFrame":[-0.45343998074531557,0.09636211395263672,0.003268122673034668,0.9609023928642273,-0.27607518434524538,0.02119157277047634,0.27333492040634158,0.9580124020576477,0.0866045355796814,-0.04421114921569824,-0.07742615044116974,0.996017336845398],"EasingStyle":"Constant","EasingDirection":"In"},"Right Arm":{"Weight":1,"CFrame":[-0.0009925812482833863,-0.04360765218734741,-0.0273779034614563,0.9936065673828125,-0.03670993074774742,-0.10676366090774536,0.027006734162569047,0.9954890608787537,-0.09095186740159989,0.10962091386318207,0.08748703449964524,0.9901158809661865],"EasingStyle":"Constant","EasingDirection":"In"},"Head":{"Weight":1,"CFrame":[5.587935447692871e-8,9.313225746154785e-9,-5.960464477539063e-8,0.9603498578071594,-0.1658622920513153,-0.2240937203168869,0.16019853949546815,0.9861323237419128,-0.043354641646146777,0.22817695140838624,0.005736144725233316,0.973602831363678],"EasingStyle":"Constant","EasingDirection":"In"},"Left Arm":{"Weight":1,"CFrame":[-0.0019105002284049988,-0.020520180463790895,-0.0010048151016235352,0.9926304817199707,-0.00442822091281414,-0.12110008299350739,0.007221071980893612,0.9997177720069885,0.02263256162405014,0.12096573412418366,-0.02334035374224186,0.9923822283744812],"EasingStyle":"Constant","EasingDirection":"In"},"Torso":{"Weight":1,"CFrame":[0.032171621918678287,-0.04575267434120178,-0.09002542495727539,0.9822033047676086,0.17734795808792115,0.06184111163020134,-0.17390896379947663,0.983099639415741,-0.057190876454114917,-0.07093865424394608,0.04541834443807602,0.9964461326599121],"EasingStyle":"Constant","EasingDirection":"In"},"HumanoidRootPart":{"Weight":0,"CFrame":[0,0,0,1,0,0,0,1,0,0,0,1],"EasingStyle":"Linear","EasingDirection":"In"},"Right Leg":{"Weight":1,"CFrame":[0.294228196144104,0.004545807838439941,0.0027142763137817384,0.9973992705345154,0.07207373529672623,-0.00020292168483138084,-0.07177357375621796,0.9929797053337097,-0.09402146935462952,-0.006574916187673807,0.09379150718450546,0.9955701231956482],"EasingStyle":"Constant","EasingDirection":"In"}}},{"Time":0.2666666805744171,"poses":{"Left Leg":{"Weight":1,"CFrame":[-0.45343998074531557,0.09636211395263672,0.003268122673034668,0.9609023928642273,-0.27607518434524538,0.02119157277047634,0.27333492040634158,0.9580124020576477,0.0866045355796814,-0.04421114921569824,-0.07742615044116974,0.996017336845398],"EasingStyle":"Constant","EasingDirection":"In"},"Right Arm":{"Weight":1,"CFrame":[-0.0009925812482833863,-0.04360765218734741,-0.0273779034614563,0.9936065673828125,-0.03670993074774742,-0.10676366090774536,0.027006734162569047,0.9954890608787537,-0.09095186740159989,0.10962091386318207,0.08748703449964524,0.9901158809661865],"EasingStyle":"Constant","EasingDirection":"In"},"Head":{"Weight":1,"CFrame":[5.587935447692871e-8,9.313225746154785e-9,-5.960464477539063e-8,0.9603498578071594,-0.1658622920513153,-0.2240937203168869,0.16019853949546815,0.9861323237419128,-0.043354641646146777,0.22817695140838624,0.005736144725233316,0.973602831363678],"EasingStyle":"Constant","EasingDirection":"In"},"Left Arm":{"Weight":1,"CFrame":[-0.0019105002284049988,-0.020520180463790895,-0.0010048151016235352,0.9926304817199707,-0.00442822091281414,-0.12110008299350739,0.007221071980893612,0.9997177720069885,0.02263256162405014,0.12096573412418366,-0.02334035374224186,0.9923822283744812],"EasingStyle":"Constant","EasingDirection":"In"},"Torso":{"Weight":1,"CFrame":[0.032171621918678287,-0.04575267434120178,-0.09002542495727539,0.9822033047676086,0.17734795808792115,0.06184111163020134,-0.17390896379947663,0.983099639415741,-0.057190876454114917,-0.07093865424394608,0.04541834443807602,0.9964461326599121],"EasingStyle":"Constant","EasingDirection":"In"},"HumanoidRootPart":{"Weight":0,"CFrame":[0,0,0,1,0,0,0,1,0,0,0,1],"EasingStyle":"Linear","EasingDirection":"In"},"Right Leg":{"Weight":1,"CFrame":[0.294228196144104,0.004545807838439941,0.0027142763137817384,0.9973992705345154,0.07207373529672623,-0.00020292168483138084,-0.07177357375621796,0.9929797053337097,-0.09402146935462952,-0.006574916187673807,0.09379150718450546,0.9955701231956482],"EasingStyle":"Constant","EasingDirection":"In"}}},{"Time":0.30000001192092898,"poses":{"Left Leg":{"Weight":1,"CFrame":[-0.32229042053222659,0.006998598575592041,0.0031870603561401369,0.9804205894470215,-0.19674146175384522,0.008264247328042984,0.19690848886966706,0.979864239692688,-0.033062055706977847,-0.0015931946691125632,0.03404202312231064,0.9994192123413086],"EasingStyle":"Constant","EasingDirection":"In"},"Right Arm":{"Weight":1,"CFrame":[-0.0025318488478660585,-0.02304878830909729,-0.02619534730911255,0.9979137182235718,-0.02770511992275715,-0.05831602215766907,0.025267329066991807,0.9987924695014954,-0.04213476926088333,0.059412918984889987,0.040573280304670337,0.9974086284637451],"EasingStyle":"Constant","EasingDirection":"In"},"Head":{"Weight":1,"CFrame":[7.82310962677002e-8,4.6566128730773929e-9,2.384185791015625e-7,0.9818041920661926,-0.17845836281776429,-0.0649089440703392,0.1782379299402237,0.9839442372322083,-0.009218310937285424,0.06551185995340347,-0.002518658060580492,0.997848629951477],"EasingStyle":"Constant","EasingDirection":"In"},"Left Arm":{"Weight":1,"CFrame":[-0.00251954048871994,-0.023842930793762208,-0.0029181241989135744,0.9972519278526306,0.0025077075697481634,-0.07404254376888275,-0.0014507391024380923,0.9998963475227356,0.01432438287883997,0.07407078891992569,-0.01417766883969307,0.9971522092819214],"EasingStyle":"Constant","EasingDirection":"In"},"Torso":{"Weight":1,"CFrame":[0.06619346141815186,-0.02903839200735092,-0.05677366256713867,0.9841681122779846,0.17721830308437348,0.0026148257311433555,-0.177008718252182,0.9835397005081177,-0.036298010498285297,-0.009004456922411919,0.03526049479842186,0.9993376135826111],"EasingStyle":"Constant","EasingDirection":"In"},"HumanoidRootPart":{"Weight":0,"CFrame":[0,0,0,1,0,0,0,1,0,0,0,1],"EasingStyle":"Linear","EasingDirection":"In"},"Right Leg":{"Weight":1,"CFrame":[0.2861754298210144,0.061920762062072757,0.0023719072341918947,0.9972752332687378,0.0727013424038887,-0.012520957738161087,-0.07241196930408478,0.9971278309822083,0.022195884957909585,0.01409874390810728,-0.021228749305009843,0.9996752142906189],"EasingStyle":"Constant","EasingDirection":"In"}}},{"Time":0.3333333432674408,"poses":{"Left Leg":{"Weight":1,"CFrame":[-0.32229042053222659,0.006998598575592041,0.0031870603561401369,0.9804205894470215,-0.19674146175384522,0.008264247328042984,0.19690848886966706,0.979864239692688,-0.033062055706977847,-0.0015931946691125632,0.03404202312231064,0.9994192123413086],"EasingStyle":"Constant","EasingDirection":"In"},"Right Arm":{"Weight":1,"CFrame":[-0.0025318488478660585,-0.02304878830909729,-0.02619534730911255,0.9979137182235718,-0.02770511992275715,-0.05831602215766907,0.025267329066991807,0.9987924695014954,-0.04213476926088333,0.059412918984889987,0.040573280304670337,0.9974086284637451],"EasingStyle":"Constant","EasingDirection":"In"},"Head":{"Weight":1,"CFrame":[7.82310962677002e-8,4.6566128730773929e-9,2.384185791015625e-7,0.9818041920661926,-0.17845836281776429,-0.0649089440703392,0.1782379299402237,0.9839442372322083,-0.009218310937285424,0.06551185995340347,-0.002518658060580492,0.997848629951477],"EasingStyle":"Constant","EasingDirection":"In"},"Left Arm":{"Weight":1,"CFrame":[-0.00251954048871994,-0.023842930793762208,-0.0029181241989135744,0.9972519278526306,0.0025077075697481634,-0.07404254376888275,-0.0014507391024380923,0.9998963475227356,0.01432438287883997,0.07407078891992569,-0.01417766883969307,0.9971522092819214],"EasingStyle":"Constant","EasingDirection":"In"},"Torso":{"Weight":1,"CFrame":[0.06619346141815186,-0.02903839200735092,-0.05677366256713867,0.9841681122779846,0.17721830308437348,0.0026148257311433555,-0.177008718252182,0.9835397005081177,-0.036298010498285297,-0.009004456922411919,0.03526049479842186,0.9993376135826111],"EasingStyle":"Constant","EasingDirection":"In"},"HumanoidRootPart":{"Weight":0,"CFrame":[0,0,0,1,0,0,0,1,0,0,0,1],"EasingStyle":"Linear","EasingDirection":"In"},"Right Leg":{"Weight":1,"CFrame":[0.2861754298210144,0.061920762062072757,0.0023719072341918947,0.9972752332687378,0.0727013424038887,-0.012520957738161087,-0.07241196930408478,0.9971278309822083,0.022195884957909585,0.01409874390810728,-0.021228749305009843,0.9996752142906189],"EasingStyle":"Constant","EasingDirection":"In"}}},{"Time":0.36666667461395266,"poses":{"Left Leg":{"Weight":1,"CFrame":[-0.27108603715896609,-0.01595461368560791,0.0014624595642089844,0.9860646724700928,-0.16627633571624757,0.0053695752285420898,0.16627909243106843,0.984029233455658,-0.06354480236768723,0.0052821035496890549,0.06355217099189758,0.9979645609855652],"EasingStyle":"Constant","EasingDirection":"In"},"Right Arm":{"Weight":1,"CFrame":[-0.0029360875487327577,-0.01764976978302002,-0.025884807109832765,0.9986327290534973,-0.025723060593008996,-0.045510005205869678,0.024403104558587076,0.9992719292640686,-0.029327085241675378,0.0462312214076519,0.028176316991448404,0.998533308506012],"EasingStyle":"Constant","EasingDirection":"In"},"Head":{"Weight":1,"CFrame":[7.35744833946228e-8,-9.313225746154786e-10,1.1920928955078126e-7,0.9822994470596314,-0.18205462396144868,-0.04409144073724747,0.18207542598247529,0.9832780957221985,-0.003577659372240305,0.04400546848773956,-0.004513637628406286,0.9990211725234985],"EasingStyle":"Constant","EasingDirection":"In"},"Left Arm":{"Weight":1,"CFrame":[-0.002679497003555298,-0.024715512990951539,-0.003420531749725342,0.9980869889259338,0.004399342928081751,-0.06166915223002434,-0.0036611813120543958,0.9999203681945801,0.012076356448233128,0.06171733886003494,-0.01182755921036005,0.9980235695838928],"EasingStyle":"Constant","EasingDirection":"In"},"Torso":{"Weight":1,"CFrame":[0.07513175904750824,-0.024629637598991395,-0.0484316349029541,0.9840747117996216,0.1772841364145279,-0.012935467064380646,-0.17760686576366425,0.9836198091506958,-0.030787043273448945,0.007265529129654169,0.03259417787194252,0.9994422793388367],"EasingStyle":"Constant","EasingDirection":"In"},"HumanoidRootPart":{"Weight":0,"CFrame":[0,0,0,1,0,0,0,1,0,0,0,1],"EasingStyle":"Linear","EasingDirection":"In"},"Right Leg":{"Weight":1,"CFrame":[0.28076669573783877,0.07621294260025025,0.001080632209777832,0.99736487865448,0.07087599486112595,-0.01549441460520029,-0.06996762007474899,0.9961458444595337,0.05289740487933159,0.019183924421668054,-0.05167394503951073,0.9984797835350037],"EasingStyle":"Constant","EasingDirection":"In"}}},{"Time":0.4000000059604645,"poses":{"Left Leg":{"Weight":1,"CFrame":[-0.27108603715896609,-0.01595461368560791,0.0014624595642089844,0.9860646724700928,-0.16627633571624757,0.0053695752285420898,0.16627909243106843,0.984029233455658,-0.06354480236768723,0.0052821035496890549,0.06355217099189758,0.9979645609855652],"EasingStyle":"Constant","EasingDirection":"In"},"Right Arm":{"Weight":1,"CFrame":[-0.0029360875487327577,-0.01764976978302002,-0.025884807109832765,0.9986327290534973,-0.025723060593008996,-0.045510005205869678,0.024403104558587076,0.9992719292640686,-0.029327085241675378,0.0462312214076519,0.028176316991448404,0.998533308506012],"EasingStyle":"Constant","EasingDirection":"In"},"Head":{"Weight":1,"CFrame":[7.35744833946228e-8,-9.313225746154786e-10,1.1920928955078126e-7,0.9822994470596314,-0.18205462396144868,-0.04409144073724747,0.18207542598247529,0.9832780957221985,-0.003577659372240305,0.04400546848773956,-0.004513637628406286,0.9990211725234985],"EasingStyle":"Constant","EasingDirection":"In"},"Left Arm":{"Weight":1,"CFrame":[-0.002679497003555298,-0.024715512990951539,-0.003420531749725342,0.9980869889259338,0.004399342928081751,-0.06166915223002434,-0.0036611813120543958,0.9999203681945801,0.012076356448233128,0.06171733886003494,-0.01182755921036005,0.9980235695838928],"EasingStyle":"Constant","EasingDirection":"In"},"Torso":{"Weight":1,"CFrame":[0.07513175904750824,-0.024629637598991395,-0.0484316349029541,0.9840747117996216,0.1772841364145279,-0.012935467064380646,-0.17760686576366425,0.9836198091506958,-0.030787043273448945,0.007265529129654169,0.03259417787194252,0.9994422793388367],"EasingStyle":"Constant","EasingDirection":"In"},"HumanoidRootPart":{"Weight":0,"CFrame":[0,0,0,1,0,0,0,1,0,0,0,1],"EasingStyle":"Linear","EasingDirection":"In"},"Right Leg":{"Weight":1,"CFrame":[0.28076669573783877,0.07621294260025025,0.001080632209777832,0.99736487865448,0.07087599486112595,-0.01549441460520029,-0.06996762007474899,0.9961458444595337,0.05289740487933159,0.019183924421668054,-0.05167394503951073,0.9984797835350037],"EasingStyle":"Constant","EasingDirection":"In"}}},{"Time":0.4333333373069763,"poses":{"Left Leg":{"Weight":1,"CFrame":[-0.454135537147522,-0.021529078483581544,0.0012898445129394532,0.9867520332336426,-0.16119305789470673,-0.018370231613516809,0.15212000906467439,0.958630383014679,-0.24059797823429109,0.05639294907450676,0.2346160113811493,0.9704510569572449],"EasingStyle":"Constant","EasingDirection":"In"},"Right Arm":{"Weight":1,"CFrame":[0.0011415034532546998,-0.016324281692504884,0.0014109611511230469,0.9835522174835205,0.012552350759506226,0.18018774688243867,-0.018710477277636529,0.9992961287498474,0.03251779079437256,-0.17965273559093476,-0.03535445034503937,0.9830945730209351],"EasingStyle":"Constant","EasingDirection":"In"},"Head":{"Weight":1,"CFrame":[5.029141902923584e-8,-1.6763806343078614e-8,3.5762786865234377e-7,0.8661671280860901,0.15510138869285584,0.4750770628452301,-0.12664370238780976,0.9877129793167114,-0.09156636148691178,-0.48344188928604128,0.019146228209137918,0.8751670718193054],"EasingStyle":"Constant","EasingDirection":"In"},"Left Arm":{"Weight":1,"CFrame":[-0.0009509585797786713,-0.06956484913825989,-0.028870880603790284,0.9846544861793518,0.05130009725689888,0.16680501401424409,-0.02567789889872074,0.9880040884017944,-0.1522783637046814,-0.1726159155368805,0.14565831422805787,0.974159836769104],"EasingStyle":"Constant","EasingDirection":"In"},"Torso":{"Weight":1,"CFrame":[0.011094748973846436,-0.0665724128484726,-0.20996713638305665,0.9744864702224731,-0.1783708781003952,-0.13623513281345368,0.1681566834449768,0.9822415709495544,-0.08321555703878403,0.14865903556346894,0.05818358436226845,0.9871753454208374],"EasingStyle":"Constant","EasingDirection":"In"},"HumanoidRootPart":{"Weight":0,"CFrame":[0,0,0,1,0,0,0,1,0,0,0,1],"EasingStyle":"Linear","EasingDirection":"In"},"Right Leg":{"Weight":1,"CFrame":[0.641599714756012,0.24846601486206056,-0.018453896045684816,0.9177186489105225,0.3948805332183838,-0.04315093904733658,-0.37300819158554079,0.8940103650093079,0.24821461737155915,0.1365925520658493,-0.2116955667734146,0.9677435755729675],"EasingStyle":"Constant","EasingDirection":"In"}}},{"Time":0.46666666865348818,"poses":{"Left Leg":{"Weight":1,"CFrame":[-0.454135537147522,-0.021529078483581544,0.0012898445129394532,0.9867520332336426,-0.16119305789470673,-0.018370231613516809,0.15212000906467439,0.958630383014679,-0.24059797823429109,0.05639294907450676,0.2346160113811493,0.9704510569572449],"EasingStyle":"Constant","EasingDirection":"In"},"Right Arm":{"Weight":1,"CFrame":[0.0011415034532546998,-0.016324281692504884,0.0014109611511230469,0.9835522174835205,0.012552350759506226,0.18018774688243867,-0.018710477277636529,0.9992961287498474,0.03251779079437256,-0.17965273559093476,-0.03535445034503937,0.9830945730209351],"EasingStyle":"Constant","EasingDirection":"In"},"Head":{"Weight":1,"CFrame":[5.029141902923584e-8,-1.6763806343078614e-8,3.5762786865234377e-7,0.8661671280860901,0.15510138869285584,0.4750770628452301,-0.12664370238780976,0.9877129793167114,-0.09156636148691178,-0.48344188928604128,0.019146228209137918,0.8751670718193054],"EasingStyle":"Constant","EasingDirection":"In"},"Left Arm":{"Weight":1,"CFrame":[-0.0009509585797786713,-0.06956484913825989,-0.028870880603790284,0.9846544861793518,0.05130009725689888,0.16680501401424409,-0.02567789889872074,0.9880040884017944,-0.1522783637046814,-0.1726159155368805,0.14565831422805787,0.974159836769104],"EasingStyle":"Constant","EasingDirection":"In"},"Torso":{"Weight":1,"CFrame":[0.011094748973846436,-0.0665724128484726,-0.20996713638305665,0.9744864702224731,-0.1783708781003952,-0.13623513281345368,0.1681566834449768,0.9822415709495544,-0.08321555703878403,0.14865903556346894,0.05818358436226845,0.9871753454208374],"EasingStyle":"Constant","EasingDirection":"In"},"HumanoidRootPart":{"Weight":0,"CFrame":[0,0,0,1,0,0,0,1,0,0,0,1],"EasingStyle":"Linear","EasingDirection":"In"},"Right Leg":{"Weight":1,"CFrame":[0.641599714756012,0.24846601486206056,-0.018453896045684816,0.9177186489105225,0.3948805332183838,-0.04315093904733658,-0.37300819158554079,0.8940103650093079,0.24821461737155915,0.1365925520658493,-0.2116955667734146,0.9677435755729675],"EasingStyle":"Constant","EasingDirection":"In"}}},{"Time":0.5,"poses":{"Left Leg":{"Weight":1,"CFrame":[-0.454135537147522,-0.021529078483581544,0.0012898445129394532,0.9867520332336426,-0.16119305789470673,-0.018370231613516809,0.15212000906467439,0.958630383014679,-0.24059797823429109,0.05639294907450676,0.2346160113811493,0.9704510569572449],"EasingStyle":"Constant","EasingDirection":"In"},"Right Arm":{"Weight":1,"CFrame":[0.0011415034532546998,-0.016324281692504884,0.0014109611511230469,0.9835522174835205,0.012552350759506226,0.18018774688243867,-0.018710477277636529,0.9992961287498474,0.03251779079437256,-0.17965273559093476,-0.03535445034503937,0.9830945730209351],"EasingStyle":"Constant","EasingDirection":"In"},"Head":{"Weight":1,"CFrame":[5.029141902923584e-8,-1.6763806343078614e-8,3.5762786865234377e-7,0.8661671280860901,0.15510138869285584,0.4750770628452301,-0.12664370238780976,0.9877129793167114,-0.09156636148691178,-0.48344188928604128,0.019146228209137918,0.8751670718193054],"EasingStyle":"Constant","EasingDirection":"In"},"Left Arm":{"Weight":1,"CFrame":[-0.0009509585797786713,-0.06956484913825989,-0.028870880603790284,0.9846544861793518,0.05130009725689888,0.16680501401424409,-0.02567789889872074,0.9880040884017944,-0.1522783637046814,-0.1726159155368805,0.14565831422805787,0.974159836769104],"EasingStyle":"Constant","EasingDirection":"In"},"Torso":{"Weight":1,"CFrame":[0.011094748973846436,-0.0665724128484726,-0.20996713638305665,0.9744864702224731,-0.1783708781003952,-0.13623513281345368,0.1681566834449768,0.9822415709495544,-0.08321555703878403,0.14865903556346894,0.05818358436226845,0.9871753454208374],"EasingStyle":"Constant","EasingDirection":"In"},"HumanoidRootPart":{"Weight":0,"CFrame":[0,0,0,1,0,0,0,1,0,0,0,1],"EasingStyle":"Linear","EasingDirection":"In"},"Right Leg":{"Weight":1,"CFrame":[0.641599714756012,0.24846601486206056,-0.018453896045684816,0.9177186489105225,0.3948805332183838,-0.04315093904733658,-0.37300819158554079,0.8940103650093079,0.24821461737155915,0.1365925520658493,-0.2116955667734146,0.9677435755729675],"EasingStyle":"Constant","EasingDirection":"In"}}},{"Time":0.5333333611488342,"poses":{"Left Leg":{"Weight":1,"CFrame":[-0.31390273571014407,-0.048720479011535647,-0.003517746925354004,0.9968459606170654,-0.07817704230546951,-0.013654586859047413,0.07364421337842941,0.9753660559654236,-0.20793668925762177,0.029574034735560418,0.20627528429031373,0.9780470132827759],"EasingStyle":"Constant","EasingDirection":"In"},"Right Arm":{"Weight":1,"CFrame":[0.0013014227151870728,-0.017197072505950929,0.0009084939956665039,0.9857363700866699,0.01092277280986309,0.16794227063655854,-0.016273846849799157,0.9994016885757446,0.030519694089889528,-0.16750848293304444,-0.03281756862998009,0.9853242635726929],"EasingStyle":"Constant","EasingDirection":"In"},"Head":{"Weight":1,"CFrame":[2.7939677238464357e-8,0,2.384185791015625e-7,0.8911827802658081,0.15701965987682343,0.425603449344635,-0.13462649285793305,0.9874634742736816,-0.08241099864244461,-0.43320798873901369,0.01614578440785408,0.9011494517326355],"EasingStyle":"Constant","EasingDirection":"In"},"Left Arm":{"Weight":1,"CFrame":[-0.0005467012524604797,-0.06416589021682739,-0.028560340404510499,0.9868350625038147,0.04797661677002907,0.15445028245449067,-0.026277665048837663,0.9898618459701538,-0.1395818591117859,-0.15958110988140107,0.13368554413318635,0.9780911207199097],"EasingStyle":"Constant","EasingDirection":"In"},"Torso":{"Weight":1,"CFrame":[0.002042412757873535,-0.06227658689022064,-0.13582897186279298,0.9765698313713074,-0.1780795305967331,-0.1208273395895958,0.1695198118686676,0.9824475049972534,-0.07784577459096909,0.13256928324699403,0.055539198219776157,0.9896165132522583],"EasingStyle":"Constant","EasingDirection":"In"},"HumanoidRootPart":{"Weight":0,"CFrame":[0,0,0,1,0,0,0,1,0,0,0,1],"EasingStyle":"Linear","EasingDirection":"In"},"Right Leg":{"Weight":1,"CFrame":[0.5485144853591919,0.19176185131072999,-0.008557796478271485,0.9410129189491272,0.3363037705421448,-0.03734240680932999,-0.32153403759002688,0.9231064319610596,0.21092718839645387,0.10540669411420822,-0.186478391289711,0.9767882823944092],"EasingStyle":"Constant","EasingDirection":"In"}}},{"Time":0.5666666626930237,"poses":{"Left Leg":{"Weight":1,"CFrame":[-0.31390273571014407,-0.048720479011535647,-0.003517746925354004,0.9968459606170654,-0.07817704230546951,-0.013654586859047413,0.07364421337842941,0.9753660559654236,-0.20793668925762177,0.029574034735560418,0.20627528429031373,0.9780470132827759],"EasingStyle":"Constant","EasingDirection":"In"},"Right Arm":{"Weight":1,"CFrame":[0.0013014227151870728,-0.017197072505950929,0.0009084939956665039,0.9857363700866699,0.01092277280986309,0.16794227063655854,-0.016273846849799157,0.9994016885757446,0.030519694089889528,-0.16750848293304444,-0.03281756862998009,0.9853242635726929],"EasingStyle":"Constant","EasingDirection":"In"},"Head":{"Weight":1,"CFrame":[2.7939677238464357e-8,0,2.384185791015625e-7,0.8911827802658081,0.15701965987682343,0.425603449344635,-0.13462649285793305,0.9874634742736816,-0.08241099864244461,-0.43320798873901369,0.01614578440785408,0.9011494517326355],"EasingStyle":"Constant","EasingDirection":"In"},"Left Arm":{"Weight":1,"CFrame":[-0.0005467012524604797,-0.06416589021682739,-0.028560340404510499,0.9868350625038147,0.04797661677002907,0.15445028245449067,-0.026277665048837663,0.9898618459701538,-0.1395818591117859,-0.15958110988140107,0.13368554413318635,0.9780911207199097],"EasingStyle":"Constant","EasingDirection":"In"},"Torso":{"Weight":1,"CFrame":[0.002042412757873535,-0.06227658689022064,-0.13582897186279298,0.9765698313713074,-0.1780795305967331,-0.1208273395895958,0.1695198118686676,0.9824475049972534,-0.07784577459096909,0.13256928324699403,0.055539198219776157,0.9896165132522583],"EasingStyle":"Constant","EasingDirection":"In"},"HumanoidRootPart":{"Weight":0,"CFrame":[0,0,0,1,0,0,0,1,0,0,0,1],"EasingStyle":"Linear","EasingDirection":"In"},"Right Leg":{"Weight":1,"CFrame":[0.5485144853591919,0.19176185131072999,-0.008557796478271485,0.9410129189491272,0.3363037705421448,-0.03734240680932999,-0.32153403759002688,0.9231064319610596,0.21092718839645387,0.10540669411420822,-0.186478391289711,0.9767882823944092],"EasingStyle":"Constant","EasingDirection":"In"}}},{"Time":0.6000000238418579,"poses":{"Left Leg":{"Weight":1,"CFrame":[-0.31390273571014407,-0.048720479011535647,-0.003517746925354004,0.9968459606170654,-0.07817704230546951,-0.013654586859047413,0.07364421337842941,0.9753660559654236,-0.20793668925762177,0.029574034735560418,0.20627528429031373,0.9780470132827759],"EasingStyle":"Constant","EasingDirection":"In"},"Right Arm":{"Weight":1,"CFrame":[0.0013014227151870728,-0.017197072505950929,0.0009084939956665039,0.9857363700866699,0.01092277280986309,0.16794227063655854,-0.016273846849799157,0.9994016885757446,0.030519694089889528,-0.16750848293304444,-0.03281756862998009,0.9853242635726929],"EasingStyle":"Constant","EasingDirection":"In"},"Head":{"Weight":1,"CFrame":[2.7939677238464357e-8,0,2.384185791015625e-7,0.8911827802658081,0.15701965987682343,0.425603449344635,-0.13462649285793305,0.9874634742736816,-0.08241099864244461,-0.43320798873901369,0.01614578440785408,0.9011494517326355],"EasingStyle":"Constant","EasingDirection":"In"},"Left Arm":{"Weight":1,"CFrame":[-0.0005467012524604797,-0.06416589021682739,-0.028560340404510499,0.9868350625038147,0.04797661677002907,0.15445028245449067,-0.026277665048837663,0.9898618459701538,-0.1395818591117859,-0.15958110988140107,0.13368554413318635,0.9780911207199097],"EasingStyle":"Constant","EasingDirection":"In"},"Torso":{"Weight":1,"CFrame":[0.002042412757873535,-0.06227658689022064,-0.13582897186279298,0.9765698313713074,-0.1780795305967331,-0.1208273395895958,0.1695198118686676,0.9824475049972534,-0.07784577459096909,0.13256928324699403,0.055539198219776157,0.9896165132522583],"EasingStyle":"Constant","EasingDirection":"In"},"HumanoidRootPart":{"Weight":0,"CFrame":[0,0,0,1,0,0,0,1,0,0,0,1],"EasingStyle":"Linear","EasingDirection":"In"},"Right Leg":{"Weight":1,"CFrame":[0.5485144853591919,0.19176185131072999,-0.008557796478271485,0.9410129189491272,0.3363037705421448,-0.03734240680932999,-0.32153403759002688,0.9231064319610596,0.21092718839645387,0.10540669411420822,-0.186478391289711,0.9767882823944092],"EasingStyle":"Constant","EasingDirection":"In"}}},{"Time":0.6333333253860474,"