{"Sequence":[{"Time":0,"poses":{"Left Leg":{"Weight":1,"CFrame":[-0.4188436269760132,0.15201550722122193,0.10602664947509766,0.9871435165405273,-0.11701177060604096,0.10888504981994629,0.1139330118894577,0.9929029941558838,0.034101054072380069,-0.11210253834724426,-0.02125703915953636,0.99346923828125],"EasingStyle":"Linear","EasingDirection":"In"},"Right Arm":{"Weight":1,"CFrame":[0.7092776894569397,-0.12868258357048036,0.10510814189910889,-0.9092292189598084,-0.4062642753124237,-0.09083852916955948,0.2002680003643036,-0.6181614995002747,0.7601111531257629,-0.36495885252952578,0.67292320728302,0.6434122920036316],"EasingStyle":"Linear","EasingDirection":"In"},"Left Arm":{"Weight":1,"CFrame":[-0.08470961451530457,-0.16637620329856873,0.2747706174850464,-0.2946993410587311,0.7683271169662476,0.5681775212287903,-0.34023264050483706,-0.6399835348129273,0.6889578700065613,0.8929692506790161,0.009722929447889328,0.45001262426376345],"EasingStyle":"Linear","EasingDirection":"In"},"Head":{"Weight":1,"CFrame":[8.183997124433518e-8,-3.725290298461914e-9,-2.980232238769531e-7,0.975124180316925,0.22129252552986146,0.012746761552989483,-0.22001957893371583,0.9732905626296997,-0.06555046886205673,-0.026912137866020204,0.06111530959606171,0.9977678656578064],"EasingStyle":"Linear","EasingDirection":"In"},"Torso":{"Weight":1,"CFrame":[-0.03277288004755974,-0.040316544473171237,-0.14771652221679688,0.9637832045555115,-0.2666793167591095,-0.002017249818891287,0.26624301075935366,0.9625875949859619,-0.05039573088288307,0.015381279401481152,0.04803348332643509,0.9987272620201111],"EasingStyle":"Linear","EasingDirection":"In"},"HumanoidRootPart":{"Weight":0,"CFrame":[0,0,0,1,0,0,0,1,0,0,0,1],"EasingStyle":"Linear","EasingDirection":"In"},"Right Leg":{"Weight":1,"CFrame":[0.3682013154029846,0.0894058346748352,0.16833806037902833,0.9166126251220703,0.3354545831680298,-0.21746602654457093,-0.32631826400756838,0.9420562982559204,0.07775808870792389,0.23094964027404786,-0.000310933159198612,0.972965657711029],"EasingStyle":"Linear","EasingDirection":"In"}}},{"Time":0.03333333507180214,"poses":{"Left Leg":{"Weight":1,"CFrame":[-0.4430251121520996,0.1711544394493103,0.14350652694702149,0.9726375341415405,-0.15572987496852876,0.1724078506231308,0.15549321472644807,0.9877236485481262,0.014961608685553074,-0.17262129485607148,0.012256035581231118,0.9849120378494263],"EasingStyle":"Linear","EasingDirection":"In"},"Right Arm":{"Weight":1,"CFrame":[0.65111243724823,-0.00696408748626709,0.12728595733642579,-0.8711066246032715,-0.437933087348938,-0.22223389148712159,0.16044890880584718,-0.6814916133880615,0.7140204906463623,-0.4641437232494354,0.586330771446228,0.6639178395271301],"EasingStyle":"Linear","EasingDirection":"In"},"Left Arm":{"Weight":1,"CFrame":[-0.09053794294595719,-0.029325157403945924,0.29908037185668948,-0.44496142864227297,0.5639520287513733,0.695677638053894,-0.040501952171325687,-0.7886939644813538,0.6134505271911621,0.894633412361145,0.24478554725646974,0.3737795352935791],"EasingStyle":"Linear","EasingDirection":"In"},"Head":{"Weight":1,"CFrame":[8.754432201385498e-8,-4.656612873077393e-10,-1.1920928955078126e-7,0.9699738025665283,0.2431126832962036,-0.006859985180199146,-0.24299104511737824,0.9675220251083374,-0.06968841701745987,-0.0103049511089921,0.06926283985376358,0.9975452423095703],"EasingStyle":"Linear","EasingDirection":"In"},"Torso":{"Weight":1,"CFrame":[0.004307280294597149,-0.03250042349100113,-0.18022871017456056,0.9584118723869324,-0.28531888127326968,0.006311636418104172,0.2853347659111023,0.957566499710083,-0.04062557592988014,0.0055474331602454189,0.04073696210980415,0.9991545081138611],"EasingStyle":"Linear","EasingDirection":"In"},"HumanoidRootPart":{"Weight":0,"CFrame":[0,0,0,1,0,0,0,1,0,0,0,1],"EasingStyle":"Linear","EasingDirection":"In"},"Right Leg":{"Weight":1,"CFrame":[0.45449745655059817,0.08701390027999878,0.13894522190093995,0.9137692451477051,0.3829752206802368,-0.13548314571380616,-0.37449318170547488,0.9233822226524353,0.08438083529472351,0.15741856396198274,-0.02636709250509739,0.9871799349784851],"EasingStyle":"Linear","EasingDirection":"In"}}},{"Time":0.06666667014360428,"poses":{"Left Leg":{"Weight":1,"CFrame":[-0.4984041154384613,0.2118050456047058,0.17622971534729005,0.9533941745758057,-0.21497678756713868,0.21171808242797852,0.21643750369548798,0.9761564135551453,0.016534700989723207,-0.21022459864616395,0.03005964308977127,0.9771909117698669],"EasingStyle":"Linear","EasingDirection":"In"},"Right Arm":{"Weight":1,"CFrame":[0.5065012574195862,0.1261155605316162,0.18033099174499513,-0.7490231394767761,-0.45832934975624087,-0.4784334897994995,0.14574863016605378,-0.8184118270874023,0.5558411478996277,-0.6463139653205872,0.3466067910194397,0.6798102855682373],"EasingStyle":"Linear","EasingDirection":"In"},"Left Arm":{"Weight":1,"CFrame":[-0.10443633049726486,0.16866987943649293,0.3138256072998047,-0.5153356194496155,0.2909601032733917,0.8060839772224426,0.2923123836517334,-0.8245137333869934,0.4844900667667389,0.8055946230888367,0.4853033423423767,0.33984994888305666],"EasingStyle":"Linear","EasingDirection":"In"},"Head":{"Weight":1,"CFrame":[9.12696123123169e-8,5.587935447692871e-9,3.5762786865234377e-7,0.962277352809906,0.26688554883003237,-0.05286184698343277,-0.27043837308883669,0.9595263600349426,-0.07856359332799912,0.029754849150776864,0.08989584445953369,0.9955065846443176],"EasingStyle":"Linear","EasingDirection":"In"},"Torso":{"Weight":1,"CFrame":[0.051089800894260409,-0.013647958636283875,-0.22859978675842286,0.951536238193512,-0.30650293827056887,0.025194566696882249,0.30696484446525576,0.9515679478645325,-0.017059987410902978,-0.018745405599474908,0.023967044427990915,0.9995369911193848],"EasingStyle":"Linear","EasingDirection":"In"},"HumanoidRootPart":{"Weight":0,"CFrame":[0,0,0,1,0,0,0,1,0,0,0,1],"EasingStyle":"Linear","EasingDirection":"In"},"Right Leg":{"Weight":1,"CFrame":[0.5204240679740906,0.07078903913497925,0.12600421905517579,0.8913874626159668,0.44272279739379885,-0.09708157181739807,-0.43676698207855227,0.8962752819061279,0.07697547972202301,0.12109064310789108,-0.0262130219489336,0.9922952651977539],"EasingStyle":"Linear","EasingDirection":"In"}}},{"Time":0.10000000149011612,"poses":{"Left Leg":{"Weight":1,"CFrame":[-0.607427716255188,0.33462512493133547,0.19681942462921143,0.9242038130760193,-0.30012255907058718,0.23616473376750947,0.2976348400115967,0.9535224437713623,0.04699382558465004,-0.2392924278974533,0.026858987286686899,0.9705759882926941],"EasingStyle":"Linear","EasingDirection":"In"},"Right Arm":{"Weight":1,"CFrame":[0.3202715516090393,0.25331181287765505,0.24401116371154786,-0.5500573515892029,-0.36664268374443056,-0.750339925289154,0.21711823344230653,-0.9303617477416992,0.2954431474208832,-0.8064096570014954,-0.000401914119720459,0.5913572311401367],"EasingStyle":"Linear","EasingDirection":"In"},"Left Arm":{"Weight":1,"CFrame":[-0.12102476507425308,0.37510156631469729,0.3213975429534912,-0.49444466829299929,0.022154556587338449,0.8689267039299011,0.5704381465911865,-0.7460079789161682,0.3436167240142822,0.6558389663696289,0.6655684113502502,0.3562217652797699],"EasingStyle":"Linear","EasingDirection":"In"},"Head":{"Weight":1,"CFrame":[9.080395102500916e-8,-9.313225746154786e-10,0,0.951706051826477,0.2875116467475891,-0.10766921937465668,-0.2971656918525696,0.950779914855957,-0.08780714869499207,0.07712415605783463,0.11556221544742584,0.9903016090393066],"EasingStyle":"Linear","EasingDirection":"In"},"Torso":{"Weight":1,"CFrame":[0.09936390817165375,0.009193254634737969,-0.2922389507293701,0.9439600110054016,-0.32668566703796389,0.047073785215616229,0.3265148103237152,0.945122241973877,0.01149152684956789,-0.048244599252939227,0.004522745497524738,0.9988253116607666],"EasingStyle":"Linear","EasingDirection":"In"},"HumanoidRootPart":{"Weight":0,"CFrame":[0,0,0,1,0,0,0,1,0,0,0,1],"EasingStyle":"Linear","EasingDirection":"In"},"Right Leg":{"Weight":1,"CFrame":[0.5785810947418213,0.05184519290924072,0.12737762928009034,0.8566281795501709,0.5083627700805664,-0.08806498348712921,-0.5041705369949341,0.8610535264015198,0.06632433831691742,0.10954557359218598,-0.012415580451488495,0.9939042329788208],"EasingStyle":"Linear","EasingDirection":"In"}}},{"Time":0.13333334028720857,"poses":{"Left Leg":{"Weight":1,"CFrame":[-0.6719683408737183,0.5404226779937744,0.15982627868652345,0.9037209749221802,-0.3454493582248688,0.2528896629810333,0.3272687494754791,0.9382534027099609,0.11214123666286469,-0.2760137915611267,-0.018581515178084375,0.9609740972518921],"EasingStyle":"Linear","EasingDirection":"In"},"Right Arm":{"Weight":1,"CFrame":[0.13725093007087708,0.35738176107406618,0.2980937957763672,-0.36991748213768008,-0.16357746720314027,-0.9145509600639343,0.36878448724746706,-0.9293583035469055,0.017060045152902604,-0.852736234664917,-0.33096152544021609,0.40411069989204409],"EasingStyle":"Linear","EasingDirection":"In"},"Left Arm":{"Weight":1,"CFrame":[-0.134923055768013,0.5374652147293091,0.32418692111968996,-0.42964497208595278,-0.18148845434188844,0.8845717310905457,0.7473539113998413,-0.621279776096344,0.23552840948104859,0.506820797920227,0.7622816562652588,0.4025658071041107],"EasingStyle":"Linear","EasingDirection":"In"},"Head":{"Weight":1,"CFrame":[9.313225746154785e-8,-3.725290298461914e-9,-1.7881393432617188e-7,0.9410936236381531,0.30134546756744387,-0.15340697765350343,-0.3175336420536041,0.9435227513313294,-0.09453696757555008,0.11625467985868454,0.1376800239086151,0.9836305379867554],"EasingStyle":"Linear","EasingDirection":"In"},"Torso":{"Weight":1,"CFrame":[0.1413693130016327,0.028551891446113588,-0.35015344619750979,0.9374748468399048,-0.3419383764266968,0.06495460122823715,0.34026026725769045,0.939653754234314,0.0356898158788681,-0.0732385441660881,-0.011356838978827,0.9972497820854187],"EasingStyle":"Linear","EasingDirection":"In"},"HumanoidRootPart":{"Weight":0,"CFrame":[0,0,0,1,0,0,0,1,0,0,0,1],"EasingStyle":"Linear","EasingDirection":"In"},"Right Leg":{"Weight":1,"CFrame":[0.6180821061134338,0.03677719831466675,0.13592982292175294,0.8227908611297607,0.5605352520942688,-0.09389027953147888,-0.5571333169937134,0.8281291127204895,0.06168198212981224,0.11232827603816986,0.0015580280451104045,0.9936699271202087],"EasingStyle":"Linear","EasingDirection":"In"}}},{"Time":0.1666666716337204,"poses":{"Left Leg":{"Weight":1,"CFrame":[-0.6514507532119751,0.6830118894577026,0.07265949249267578,0.9047749638557434,-0.33038535714149477,0.26875215768814089,0.2869122624397278,0.9391942024230957,0.18866805732250215,-0.31474369764328005,-0.09359386563301087,0.9445510506629944],"EasingStyle":"Linear","EasingDirection":"In"},"Right Arm":{"Weight":1,"CFrame":[0.0022667348384857179,0.4210827350616455,0.32234716415405276,-0.3085830509662628,0.0417880080640316,-0.9502790570259094,0.527387797832489,-0.8238995671272278,-0.2074885219335556,-0.7916050553321838,-0.5651931166648865,0.23220306634902955],"EasingStyle":"Linear","EasingDirection":"In"},"Left Arm":{"Weight":1,"CFrame":[-0.14075146615505219,0.6032546758651733,0.32458555698394778,-0.3816189169883728,-0.303508460521698,0.8730691075325012,0.831343948841095,-0.5255699157714844,0.18067485094070435,0.40402263402938845,0.7947697043418884,0.4528873562812805],"EasingStyle":"Linear","EasingDirection":"In"},"Head":{"Weight":1,"CFrame":[1.1362135410308838e-7,-7.450580596923828e-9,1.1920928955078126e-7,0.9361658096313477,0.30632954835891726,-0.17249874770641328,-0.32563862204551699,0.9404946565628052,-0.09710469841957092,0.13248810172080995,0.14707835018634797,0.980211615562439],"EasingStyle":"Linear","EasingDirection":"In"},"Torso":{"Weight":1,"CFrame":[0.16974300146102906,0.03671655058860779,-0.37548017501831057,0.934703528881073,-0.3479889929294586,0.07233897596597672,0.3454139232635498,0.93732750415802,0.04589564725756645,-0.08377648890018463,-0.017911937087774278,0.9963235855102539],"EasingStyle":"Linear","EasingDirection":"In"},"HumanoidRootPart":{"Weight":0,"CFrame":[0,0,0,1,0,0,0,1,0,0,0,1],"EasingStyle":"Linear","EasingDirection":"In"},"Right Leg":{"Weight":1,"CFrame":[0.6294817328453064,0.032712697982788089,0.14187657833099366,0.8067231178283691,0.5823471546173096,-0.10034696757793427,-0.5783025622367859,0.8129357099533081,0.06856980174779892,0.12150702625513077,0.0027139855083078148,0.9925868511199951],"EasingStyle":"Linear","EasingDirection":"In"}}},{"Time":0.20000000298023225,"poses":{"Left Leg":{"Weight":1,"CFrame":[-0.5888093113899231,0.5958430767059326,0.0390017032623291,0.9103807210922241,-0.2927052676677704,0.2924559712409973,0.22941116988658906,0.9452853798866272,0.23196129500865937,-0.34435078501701357,-0.14408044517040254,0.9277194738388062],"EasingStyle":"Linear","EasingDirection":"In"},"Right Arm":{"Weight":1,"CFrame":[-0.07583241909742356,0.4560197591781616,0.32456278800964358,-0.3439006805419922,0.15562419593334199,-0.9260202050209045,0.6495900750160217,-0.6726886630058289,-0.35429155826568606,-0.6780597567558289,-0.7233747839927673,0.13024622201919557],"EasingStyle":"Linear","EasingDirection":"In"},"Left Arm":{"Weight":1,"CFrame":[-0.13862615823745728,0.5935620069503784,0.31631720066070559,-0.3668922185897827,-0.3776181936264038,0.8501733541488648,0.8644534349441528,-0.47602397203445437,0.16162109375,0.34367191791534426,0.7942327857017517,0.501082718372345],"EasingStyle":"Linear","EasingDirection":"In"},"Head":{"Weight":1,"CFrame":[9.499490261077881e-8,0,-4.172325134277344e-7,0.9388344287872315,0.3036250174045563,-0.16248641908168794,-0.32005882263183596,0.9434575438499451,-0.0863146111369133,0.12709175050258637,0.13304035365581513,0.9829282760620117],"EasingStyle":"Linear","EasingDirection":"In"},"Torso":{"Weight":1,"CFrame":[0.18404853343963624,0.03538086265325546,-0.3213529586791992,0.9369433522224426,-0.34211254119873049,0.07138705998659134,0.3396770656108856,0.9395017623901367,0.04422602429986,-0.08219853788614273,-0.01718873903155327,0.9964677095413208],"EasingStyle":"Linear","EasingDirection":"In"},"HumanoidRootPart":{"Weight":0,"CFrame":[0,0,0,1,0,0,0,1,0,0,0,1],"EasingStyle":"Linear","EasingDirection":"In"},"Right Leg":{"Weight":1,"CFrame":[0.5660331845283508,0.025493264198303224,0.13535046577453614,0.8327205181121826,0.5447267889976502,-0.09924287348985672,-0.5395664572715759,0.8385629653930664,0.0753680169582367,0.12427637726068497,-0.009212493896484375,0.9922049045562744],"EasingStyle":"Linear","EasingDirection":"In"}}},{"Time":0.23333333432674409,"poses":{"Left Leg":{"Weight":1,"CFrame":[-0.4125499129295349,0.404970645904541,0.026636362075805665,0.9258036613464356,-0.19501666724681855,0.32381483912467959,0.11936208605766297,0.9636346101760864,0.23908379673957826,-0.35866451263427737,-0.18269342184066773,0.915414035320282],"EasingStyle":"Linear","EasingDirection":"In"},"Right Arm":{"Weight":1,"CFrame":[-0.12320403754711151,0.48559385538101199,0.3261030912399292,-0.3955520689487457,0.183996319770813,-0.8998243808746338,0.7331150770187378,-0.5269085764884949,-0.4300110638141632,-0.5532457828521729,-0.8297666311264038,0.07352932542562485],"EasingStyle":"Linear","EasingDirection":"In"},"Left Arm":{"Weight":1,"CFrame":[-0.1330612450838089,0.5704504251480103,0.29476702213287356,-0.36627984046936037,-0.43623945116996767,0.8219088912010193,0.8800025582313538,-0.4494388997554779,0.15362314879894257,0.3023814558982849,0.7795510292053223,0.5485122799873352],"EasingStyle":"Linear","EasingDirection":"In"},"Head":{"Weight":1,"CFrame":[5.774199962615967e-8,-1.4901161193847657e-8,1.1920928955078126e-7,0.9452738761901856,0.296069860458374,-0.13711293041706086,-0.30637338757514956,0.949960470199585,-0.060913972556591037,0.11221707612276077,0.09958814084529877,0.9886807203292847],"EasingStyle":"Linear","EasingDirection":"In"},"Torso":{"Weight":1,"CFrame":[0.186919704079628,0.030631855130195619,-0.22194671630859376,0.942621111869812,-0.3268459737300873,0.06809680908918381,0.32489582896232607,0.9449743628501892,0.03828977048397064,-0.07686459273099899,-0.013968381099402905,0.9969437122344971],"EasingStyle":"Linear","EasingDirection":"In"},"HumanoidRootPart":{"Weight":0,"CFrame":[0,0,0,1,0,0,0,1,0,0,0,1],"EasingStyle":"Linear","EasingDirection":"In"},"Right Leg":{"Weight":1,"CFrame":[0.43208545446395876,0.01604539155960083,0.12003147602081299,0.8851794004440308,0.4556444585323334,-0.09404993802309036,-0.44999033212661745,0.8898195624351502,0.07569655030965805,0.11817827820777893,-0.024683574214577676,0.9926855564117432],"EasingStyle":"Linear","EasingDirection":"In"}}},{"Time":0.2666666805744171,"poses":{"Left Leg":{"Weight":1,"CFrame":[-0.21473373472690583,0.27556341886520388,-0.000010311603546142578,0.929476261138916,-0.08837678283452988,0.3581387996673584,0.005925595760345459,0.9743284583091736,0.22505316138267518,-0.36883431673049929,-0.2070593684911728,0.9061388969421387],"EasingStyle":"Linear","EasingDirection":"In"},"Right Arm":{"Weight":1,"CFrame":[-0.14753000438213349,0.5102510452270508,0.3270907402038574,-0.4358918070793152,0.16887342929840089,-0.8840135931968689,0.7790101170539856,-0.4211026132106781,-0.4645598530769348,-0.45071232318878176,-0.8911533951759338,0.052001189440488818],"EasingStyle":"Linear","EasingDirection":"In"},"Left Arm":{"Weight":1,"CFrame":[-0.12527264654636384,0.5428652763366699,0.2648160457611084,-0.37394019961357119,-0.4798237383365631,0.7936863899230957,0.8854648470878601,-0.43927738070487978,0.15161560475826264,0.2758997678756714,0.7594764828681946,0.5891304016113281],"EasingStyle":"Linear","EasingDirection":"In"},"Head":{"Weight":1,"CFrame":[9.592622518539429e-8,5.587935447692871e-9,-2.384185791015625e-7,0.9530388712882996,0.2846505045890808,-0.10339757800102234,-0.28917598724365237,0.956758439540863,-0.03147243708372116,0.08996786177158356,0.05989455431699753,0.9941420555114746],"EasingStyle":"Linear","EasingDirection":"In"},"Torso":{"Weight":1,"CFrame":[0.18181957304477693,0.02139008790254593,-0.1538698673248291,0.950108528137207,-0.30575188994407656,0.06172164902091026,0.30465206503868105,0.9520883560180664,0.026737572625279428,-0.06693952530622482,-0.006599965505301952,0.9977352023124695],"EasingStyle":"Linear","EasingDirection":"In"},"HumanoidRootPart":{"Weight":0,"CFrame":[0,0,0,1,0,0,0,1,0,0,0,1],"EasingStyle":"Linear","EasingDirection":"In"},"Right Leg":{"Weight":1,"CFrame":[0.3191736340522766,0.020975351333618165,0.10700786113739014,0.9247442483901978,0.3700970709323883,-0.08874749392271042,-0.36356306076049807,0.9279878735542297,0.08161142468452454,0.11256078630685806,-0.043204449117183688,0.9927051067352295],"EasingStyle":"Linear","EasingDirection":"In"}}},{"Time":0.30000001192092898,"poses":{"Left Leg":{"Weight":1,"CFrame":[-0.13314686715602876,0.2304665446281433,-0.0045233964920043949,0.9195457696914673,-0.04815448448061943,0.3900214731693268,-0.03345269337296486,0.9792701005935669,0.19977733492851258,-0.3915565609931946,-0.19675171375274659,0.8988727927207947],"EasingStyle":"Linear","EasingDirection":"In"},"Right Arm":{"Weight":1,"CFrame":[-0.15649215877056123,0.5304391384124756,0.3276485204696655,-0.45103296637535097,0.1543261855840683,-0.8790634870529175,0.7937070727348328,-0.38107872009277346,-0.47413933277130129,-0.4081646203994751,-0.9115713834762573,0.04938933998346329],"EasingStyle":"Linear","EasingDirection":"In"},"Left Arm":{"Weight":1,"CFrame":[-0.11647678911685944,0.5197535753250122,0.23134684562683106,-0.38289669156074526,-0.5078191161155701,0.7716929316520691,0.8861894607543945,-0.437820702791214,0.1515955924987793,0.2608800232410431,0.7419115900993347,0.6176639795303345],"EasingStyle":"Linear","EasingDirection":"In"},"Head":{"Weight":1,"CFrame":[8.475035429000855e-8,7.450580596923828e-9,2.384185791015625e-7,0.9600245356559753,0.2714741826057434,-0.06822548061609268,-0.2726953625679016,0.9620574116706848,-0.009095319546759129,0.06316767632961273,0.02733650803565979,0.9976284503936768],"EasingStyle":"Linear","EasingDirection":"In"},"Torso":{"Weight":1,"CFrame":[0.1734910011291504,0.0072714779525995258,-0.1222076416015625,0.9578790664672852,-0.2825506031513214,0.05131093040108681,0.2824636399745941,0.9592349529266357,0.009089309722185135,-0.051787424832582477,0.005787011235952377,0.9986413717269898],"EasingStyle":"Linear","EasingDirection":"In"},"HumanoidRootPart":{"Weight":0,"CFrame":[0,0,0,1,0,0,0,1,0,0,0,1],"EasingStyle":"Linear","EasingDirection":"In"},"Right Leg":{"Weight":1,"CFrame":[0.2709280848503113,0.036363840103149417,0.10071229934692383,0.9446538686752319,0.31655988097190859,-0.08613241463899613,-0.30828234553337099,0.946338951587677,0.09697767347097397,0.1122097596526146,-0.06505730748176575,0.9915525913238525],"EasingStyle":"Linear","EasingDirection":"In"}}},{"Time":0.3333333432674408,"poses":{"Left Leg":{"Weight":1,"CFrame":[-0.08830559998750687,0.20246034860610963,-0.004913508892059326,0.9096662402153015,-0.023677052929997445,0.4146645665168762,-0.05239126831293106,0.9838579297065735,0.1711103320121765,-0.4120223820209503,-0.17737804353237153,0.8937419056892395],"EasingStyle":"Linear","EasingDirection":"In"},"Right Arm":{"Weight":1,"CFrame":[-0.15777255594730378,0.5466039180755615,0.32789933681488039,-0.43533700704574587,0.15931390225887299,-0.8860591053962708,0.7843976020812988,-0.41589295864105227,-0.4601666033267975,-0.4418167471885681,-0.8953502774238586,0.056088320910930637],"EasingStyle":"Linear","EasingDirection":"In"},"Left Arm":{"Weight":1,"CFrame":[-0.10788988322019577,0.5100612640380859,0.19924116134643556,-0.38529014587402346,-0.5195026993751526,0.7626718878746033,0.8869147300720215,-0.43669578433036806,0.15059538185596467,0.25482097268104555,0.7344478964805603,0.6290092468261719],"EasingStyle":"Linear","EasingDirection":"In"},"Head":{"Weight":1,"CFrame":[5.681067705154419e-8,1.4901161193847657e-8,-5.960464477539063e-8,0.9650007486343384,0.25965309143066409,-0.03679368272423744,-0.25976261496543887,0.9656707048416138,0.0018562879413366318,0.03601257503032684,0.007766303140670061,0.9993211627006531],"EasingStyle":"Linear","EasingDirection":"In"},"Torso":{"Weight":1,"CFrame":[0.16086345911026,-0.00943797081708908,-0.11425662040710449,0.9646231532096863,-0.2612280547618866,0.03552649915218353,0.26177966594696047,0.9650555849075317,-0.011797500774264336,-0.03120320662856102,0.020680256187915803,0.9992991089820862],"EasingStyle":"Linear","EasingDirection":"In"},"HumanoidRootPart":{"Weight":0,"CFrame":[0,0,0,1,0,0,0,1,0,0,0,1],"EasingStyle":"Linear","EasingDirection":"In"},"Right Leg":{"Weight":1,"CFrame":[0.2849411964416504,0.05926167964935303,0.10027313232421875,0.9501811861991882,0.29905644059181216,-0.0878690555691719,-0.2878653109073639,0.9500504732131958,0.12057214230298996,0.11953796446323395,-0.08927103132009506,0.9888080358505249],"EasingStyle":"Linear","EasingDirection":"In"}}},{"Time":0.36666667461395266,"poses":{"Left Leg":{"Weight":1,"CFrame":[-0.06756490468978882,0.1808224320411682,-0.007626533508300781,0.9093947410583496,-0.0034087428357452156,0.41592004895210268,-0.0636528953909874,0.9870468974113464,0.14726431667804719,-0.41103464365005495,-0.16039592027664185,0.8973982930183411],"EasingStyle":"Linear","EasingDirection":"In"},"Right Arm":{"Weight":1,"CFrame":[-0.15084761381149293,0.5591933727264404,0.3279656171798706,-0.3924486041069031,0.16634027659893037,-0.9046077132225037,0.757683277130127,-0.49910786747932436,-0.42048442363739016,-0.5214404463768005,-0.8504247665405273,0.06984108686447144],"EasingStyle":"Linear","EasingDirection":"In"},"Left Arm":{"Weight":1,"CFrame":[-0.10050098598003388,0.5110864639282227,0.17222821712493897,-0.37517398595809939,-0.5167225003242493,0.7695728540420532,0.8928716778755188,-0.42450422048568728,0.15025390684604646,0.2490473836660385,0.7435011863708496,0.6206298470497131],"EasingStyle":"Linear","EasingDirection":"In"},"Head":{"Weight":1,"CFrame":[9.12696123123169e-8,3.725290298461914e-9,-2.980232238769531e-7,0.9680131673812866,0.250639945268631,-0.011406911537051201,-0.2505801320075989,0.9680745601654053,0.006422554142773151,0.012652486562728882,-0.0033587694633752109,0.999914288520813],"EasingStyle":"Linear","EasingDirection":"In"},"Torso":{"Weight":1,"CFrame":[0.13564878702163697,-0.02573421597480774,-0.11647391319274903,0.9692044854164124,-0.2458421140909195,0.014293811284005642,0.24618569016456605,0.9686887264251709,-0.032167814671993259,-0.0059380498714745049,0.03469612076878548,0.9993802905082703],"EasingStyle":"Linear","EasingDirection":"In"},"HumanoidRootPart":{"Weight":0,"CFrame":[0,0,0,1,0,0,0,1,0,0,0,1],"EasingStyle":"Linear","EasingDirection":"In"},"Right Leg":{"Weight":1,"CFrame":[0.3255738914012909,0.08666914701461792,0.10268235206604004,0.9488586783409119,0.3013227880001068,-0.09419011324644089,-0.2863295078277588,0.9470545649528503,0.14526893198490144,0.13297609984874726,-0.110870361328125,0.984898567199707],"EasingStyle":"Linear","EasingDirection":"In"}}},{"Time":0.4000000059604645,"poses":{"Left Leg":{"Weight":1,"CFrame":[-0.08876897394657135,0.17706811428070069,-0.008269309997558594,0.9225907921791077,0.0030416538938879968,0.3857679069042206,-0.06082087755203247,0.9886100888252258,0.13766242563724519,-0.3809554874897003,-0.15046878159046174,0.9122676253318787],"EasingStyle":"Linear","EasingDirection":"In"},"Right Arm":{"Weight":1,"CFrame":[-0.13259091973304749,0.56865394115448,0.32797086238861086,-0.329890638589859,0.16298453509807588,-0.9298431277275086,0.7167225480079651,-0.5978133082389832,-0.3590652644634247,-0.6143947839736939,-0.7848919034004211,0.08039847016334534],"EasingStyle":"Linear","EasingDirection":"In"},"Left Arm":{"Weight":1,"CFrame":[-0.09439120441675186,0.514066219329834,0.15039300918579102,-0.3559810221195221,-0.5043386220932007,0.7867147922515869,0.9034612774848938,-0.400888055562973,0.15181072056293488,0.23882056772708894,0.7648080587387085,0.5983589291572571],"EasingStyle":"Linear","EasingDirection":"In"},"Head":{"Weight":1,"CFrame":[9.499490261077881e-8,-7.450580596923828e-9,-5.960464477539063e-8,0.9695078134536743,0.24499674141407014,0.005588503088802099,-0.24503323435783387,0.9694879055023193,0.007206181529909372,-0.00365249440073967,-0.00835581123828888,0.9999583959579468],"EasingStyle":"Linear","EasingDirection":"In"},"Torso":{"Weight":1,"CFrame":[0.0988701730966568,-0.03839083015918732,-0.13289880752563477,0.9706814289093018,-0.24023979902267457,-0.007897796109318734,0.23960256576538087,0.969684362411499,-0.047988586127758029,0.019187135621905328,0.044689297676086429,0.9988166689872742],"EasingStyle":"Linear","EasingDirection":"In"},"HumanoidRootPart":{"Weight":0,"CFrame":[0,0,0,1,0,0,0,1,0,0,0,1],"EasingStyle":"Linear","EasingDirection":"In"},"Right Leg":{"Weight":1,"CFrame":[0.3859367370605469,0.11584353446960449,0.10891103744506836,0.9398906826972961,0.3247179090976715,-0.10565858334302902,-0.3055673837661743,0.9378994107246399,0.16423562169075013,0.15242743492126466,-0.12207776308059693,0.9807460904121399],"EasingStyle":"Linear","EasingDirection":"In"}}},{"Time":0.4333333373069763,"poses":{"Left Leg":{"Weight":1,"CFrame":[-0.17906366288661958,0.21040105819702149,0.0004521608352661133,0.9417024254798889,-0.028305944055318834,0.3352539837360382,-0.02170662395656109,0.989267110824585,0.14449729025363923,-0.3357459604740143,-0.14335067570209504,0.9309808015823364],"EasingStyle":"Linear","EasingDirection":"In"},"Right Arm":{"Weight":1,"CFrame":[-0.10677973181009293,0.5754328966140747,0.3280373811721802,-0.25795331597328188,0.14090685546398164,-0.9558270573616028,0.674758791923523,-0.6817867159843445,-0.282608300447464,-0.6914916634559631,-0.7178524732589722,0.08079109340906143],"EasingStyle":"Linear","EasingDirection":"In"},"Left Arm":{"Weight":1,"CFrame":[-0.08941450715065003,0.5188548564910889,0.1331477165222168,-0.3334042727947235,-0.4863033890724182,0.8076823353767395,0.9148011207580566,-0.37404537200927737,0.15241026878356934,0.22799228131771089,0.7896828651428223,0.5695791244506836],"EasingStyle":"Linear","EasingDirection":"In"},"Head":{"Weight":1,"CFrame":[1.0058283805847168e-7,-9.313225746154786e-10,2.384185791015625e-7,0.9699373841285706,0.24306873977184297,0.011793389916419983,-0.2431584596633911,0.9699622988700867,0.006862696725875139,-0.009771032258868218,-0.009524034336209298,0.9999068975448608],"EasingStyle":"Linear","EasingDirection":"In"},"Torso":{"Weight":1,"CFrame":[0.06343336403369904,-0.04429136961698532,-0.17679810523986817,0.9693185687065125,-0.24447859823703767,-0.025529129430651666,0.24281203746795655,0.9684922099113464,-0.05536426603794098,0.03826013579964638,0.04746682941913605,0.9981397986412048],"EasingStyle":"Linear","EasingDirection":"In"},"HumanoidRootPart":{"Weight":0,"CFrame":[0,0,0,1,0,0,0,1,0,0,0,1],"EasingStyle":"Linear","EasingDirection":"In"},"Right Leg":{"Weight":1,"CFrame":[0.4703938066959381,0.14785486459732057,0.12049651145935059,0.9186408519744873,0.3761809170246124,-0.12077611684799195,-0.3529125154018402,0.9187186360359192,0.1772255152463913,0.17762817442417146,-0.12018319219350815,0.9767314195632935],"EasingStyle":"Linear","EasingDirection":"In"}}},{"Time":0.46666666865348818,"poses":{"Left Leg":{"Weight":1,"CFrame":[-0.32841169834136965,0.2880839705467224,0.005130410194396973,0.9530462026596069,-0.11026617139577866,0.28203603625297549,0.062140002846717837,0.9827412962913513,0.17423588037490846,-0.2963808476924896,-0.148529052734375,0.9434497952461243],"EasingStyle":"Linear","EasingDirection":"In"},"Right Arm":{"Weight":1,"CFrame":[-0.07719123363494873,0.57997727394104,0.3282879590988159,-0.19011712074279786,0.10872510820627213,-0.9757224917411804,0.6431674957275391,-0.7370877861976624,-0.2074534296989441,-0.7417486310005188,-0.6669935584068298,0.07020456343889237],"EasingStyle":"Linear","EasingDirection":"In"},"Left Arm":{"Weight":1,"CFrame":[-0.08542486280202866,0.5253086090087891,0.11990547180175781,-0.31303027272224429,-0.46775177121162417,0.826571524143219,0.9235926866531372,-0.35274577140808108,0.15015634894371034,0.22133377194404603,0.8104188442230225,0.5424321293830872],"EasingStyle":"Linear","EasingDirection":"In"},"Head":{"Weight":1,"CFrame":[9.685754776000977e-8,-8.614733815193177e-9,-5.960464477539063e-8,0.9664669632911682,0.2567394971847534,0.00513804005458951,-0.25663164258003237,0.9663788080215454,-0.015882903710007669,-0.009043059311807156,0.014031725004315377,0.9998606443405151],"EasingStyle":"Linear","EasingDirection":"In"},"Torso":{"Weight":1,"CFrame":[0.039599739015102389,-0.03384615480899811,-0.25989651679992678,0.9666280150413513,-0.2538524270057678,-0.03448529914021492,0.25236383080482485,0.9667070508003235,-0.042307738214731219,0.04407710209488869,0.03219300135970116,0.9985092878341675],"EasingStyle":"Linear","EasingDirection":"In"},"HumanoidRootPart":{"Weight":0,"CFrame":[0,0,0,1,0,0,0,1,0,0,0,1],"EasingStyle":"Linear","EasingDirection":"In"},"Right Leg":{"Weight":1,"CFrame":[0.5783205032348633,0.17539769411087037,0.13618338108062745,0.8769528865814209,0.4620608687400818,-0.13211126625537873,-0.4364567697048187,0.8808183670043945,0.18347887694835664,0.20114447176456452,-0.10324153304100037,0.9741057753562927],"EasingStyle":"Linear","EasingDirection":"In"}}},{"Time":0.5,"poses":{"Left Leg":{"Weight":1,"CFrame":[-0.41673606634140017,0.33054083585739138,-0.007210969924926758,0.9532088041305542,-0.17638447880744935,0.24552297592163087,0.12595784664154054,0.97001713514328,0.207849383354187,-0.274822860956192,-0.1671983152627945,0.9468458890914917],"EasingStyle":"Linear","EasingDirection":"In"},"Right Arm":{"Weight":1,"CFrame":[-0.0476028136909008,0.5827332735061646,0.328845739364624,-0.13363006711006165,0.07971518486738205,-0.9878200888633728,0.6195949912071228,-0.7712137699127197,-0.14605286717414857,-0.7734630107879639,-0.6315653920173645,0.05366617068648338],"EasingStyle":"Linear","EasingDirection":"In"},"Left Arm":{"Weight":1,"CFrame":[-0.08227631449699402,0.5332826375961304,0.11007952690124512,-0.30025798082351687,-0.4550424814224243,0.8383207321166992,0.9270603060722351,-0.3460753858089447,0.1441909372806549,0.22450917959213258,0.8204682469367981,0.5257635712623596],"EasingStyle":"Linear","EasingDirection":"In"},"Head":{"Weight":1,"CFrame":[9.359791874885559e-8,-6.984919309616089e-10,-1.7881393432617188e-7,0.9577929973602295,0.2870996594429016,-0.014363415539264679,-0.28741636872291567,0.9555980563163757,-0.06499405950307846,-0.004934114869683981,0.0663791373372078,0.997782289981842],"EasingStyle":"Linear","EasingDirection":"In"},"Torso":{"Weight":1,"CFrame":[0.02542426437139511,-0.006957134231925011,-0.311908483505249,0.9633281230926514,-0.2655780613422394,-0.03830479457974434,0.2654416859149933,0.964087724685669,-0.00869645643979311,0.039238765835762027,-0.0017901486717164517,0.9992282390594482],"EasingStyle":"Linear","EasingDirection":"In"},"HumanoidRootPart":{"Weight":0,"CFrame":[0,0,0,1,0,0,0,1,0,0,0,1],"EasingStyle":"Linear","EasingDirection":"In"},"Right Leg":{"Weight":1,"CFrame":[0.6356751918792725,0.16231930255889893,0.14583683013916017,0.8365609049797058,0.5319645404815674,-0.13107101619243623,-0.5075789093971252,0.8425791263580322,0.1800665408372879,0.20622681081295014,-0.08410774916410446,0.9748827815055847],"EasingStyle":"Linear","EasingDirection":"In"}}},{"Time":0.5333333611488342,"poses":{"Left Leg":{"Weight":1,"CFrame":[-0.40216290950775149,0.3026564121246338,-0.009301066398620606,0.949838399887085,-0.1974247545003891,0.24254991114139558,0.14380952715873719,0.9644221663475037,0.22183041274547578,-0.2777153253555298,-0.17582198977470399,0.94443678855896],"EasingStyle":"Linear","EasingDirection":"In"},"Right Arm":{"Weight":1,"CFrame":[-0.021791689097881318,0.5841490030288696,0.32983338832855227,-0.09031388908624649,0.05701414495706558,-0.9942800402641296,0.6044501066207886,-0.7903135418891907,-0.10022247582674027,-0.7915070652961731,-0.6100441813468933,0.036914143711328509],"EasingStyle":"Linear","EasingDirection":"In"},"Left Arm":{"Weight":1,"CFrame":[-0.07982286065816879,0.5426328182220459,0.10308229923248291,-0.2972702383995056,-0.4488699734210968,0.8427017331123352,0.9247743487358093,-0.35493427515029909,0.13716426491737367,0.23753486573696137,0.8200837969779968,0.520614743232727],"EasingStyle":"Linear","EasingDirection":"In"},"Head":{"Weight":1,"CFrame":[1.0244548320770264e-7,1.862645149230957e-9,3.5762786865234377e-7,0.9469018578529358,0.31839147210121157,-0.044763050973415378,-0.32145652174949648,0.9403128623962402,-0.11170268058776856,0.006526104640215635,0.12016085535287857,0.9927330017089844],"EasingStyle":"Linear","EasingDirection":"In"},"Torso":{"Weight":1,"CFrame":[0.016072064638137819,0.025258831679821016,-0.28989386558532717,0.9595502018928528,-0.27835121750831606,-0.04223734885454178,0.27974262833595278,0.9595557451248169,0.031573496758937839,0.03174056112766266,-0.042111944407224658,0.9986085891723633],"EasingStyle":"Linear","EasingDirection":"In"},"HumanoidRootPart":{"Weight":0,"CFrame":[0,0,0,1,0,0,0,1,0,0,0,1],"EasingStyle":"Linear","EasingDirection":"In"},"Right Leg":{"Weight":1,"CFrame":[0.6166403889656067,0.1081119179725647,0.14367210865020753,0.8201701045036316,0.5598704218864441,-0.11775453388690949,-0.5391271114349365,0.8252093195915222,0.16843825578689576,0.1914757788181305,-0.07466340065002442,0.9786533713340759],"EasingStyle":"Linear","EasingDirection":"In"}}},{"Time":0.5666666626930237,"poses":{"Left Leg":{"Weight":1,"CFrame":[-0.33880823850631716,0.2619503140449524,-0.003805696964263916,0.9443721175193787,-0.19349466264247895,0.26593437790870669,0.13424573838710786,0.9649748206138611,0.2253921777009964,-0.30023226141929629,-0.17715351283550263,0.9372711777687073],"EasingStyle":"Linear","EasingDirection":"In"},"Right Arm":{"Weight":1,"CFrame":[-0.003534972667694092,0.5846699476242065,0.33137357234954836,-0.06236683204770088,0.042632393538951877,-0.9971423745155335,0.5968548059463501,-0.7991573810577393,-0.07149820029735565,-0.7999216914176941,-0.5996081829071045,0.024395570158958436],"EasingStyle":"Linear","EasingDirection":"In"},"Left Arm":{"Weight":1,"CFrame":[-0.07791846990585327,0.5532141923904419,0.09832727909088135,-0.3008716404438019,-0.44500380754470827,0.8434737920761108,0.9190570116043091,-0.3714030683040619,0.1318860948085785,0.25457891821861269,0.8148812055587769,0.520728349685669],"EasingStyle":"Linear","EasingDirection":"In"},"Head":{"Weight":1,"CFrame":[9.313225746154785e-8,-2.3283064365386964e-8,3.5762786865234377e-7,0.9379792213439941,0.3370181918144226,-0.08132453262805939,-0.3451833426952362,0.9296973347663879,-0.12849648296833039,0.03230155631899834,0.14859889447689057,0.988369882106781],"EasingStyle":"Linear","EasingDirection":"In"},"Torso":{"Weight":1,"CFrame":[0.012597262859344483,0.05234929919242859,-0.24671721458435059,0.9556301832199097,-0.2912385165691376,-0.044171370565891269,0.2936645746231079,0.9536661505699158,0.06543658673763275,0.023067090660333635,-0.07550474256277085,0.9968786239624023],"EasingStyle":"Linear","EasingDirection":"In"},"HumanoidRootPart":{"Weight":0,"CFrame":[0,0,0,1,0,0,0,1,0,0,0,1],"EasingStyle":"Linear","EasingDirection":"In"},"Right Leg":{"Weight":1,"CFrame":[0.5675921440124512,0.05535513162612915,0.13351762294769288,0.8195809721946716,0.5644270777702332,-0.09853490442037583,-0.5479481220245361,0.822381317615509,0.15310724079608918,0.16745120286941529,-0.07149182260036469,0.9832848310470581],"EasingStyle":"Linear","EasingDirection":"In"}}},{"Time":0.6000000238418579,"poses":{"Left Leg":{"Weight":1,"CFrame":[-0.26520347595214846,0.23470056056976319,-0.0008050799369812012,0.9386504292488098,-0.16891930997371674,0.3006688058376312,0.10315339267253876,0.9694353938102722,0.22260810434818269,-0.3290816843509674,-0.17793622612953187,0.9273855090141296],"EasingStyle":"Linear","EasingDirection":"In"},"Right Arm":{"Weight":1,"CFrame":[0.003389984369277954,0.5847446918487549,0.3335893154144287,-0.052411727607250217,0.03770153596997261,-0.997913658618927,0.5949150323867798,-0.8014304637908936,-0.061523955315351489,-0.8020780086517334,-0.5968984961509705,0.019575148820877076],"EasingStyle":"Linear","EasingDirection":"In"},"Left Arm":{"Weight":1,"CFrame":[-0.07641702890396118,0.5648819208145142,0.09522700309753418,-0.3083776533603668,-0.44276124238967898,0.8419416546821594,0.9113322496414185,-0.3912532329559326,0.12804058194160462,0.2727210521697998,0.8067734241485596,0.5241563320159912],"EasingStyle":"Linear","EasingDirection":"In"},"Head":{"Weight":1,"CFrame":[7.636845111846924e-8,-1.210719347000122e-8,2.384185791015625e-7,0.9310625195503235,0.34352007508277895,-0.12294920533895493,-0.35733503103256228,0.9266126155853272,-0.11705006659030914,0.07371723651885987,0.15291497111320496,0.9854860901832581],"EasingStyle":"Linear","EasingDirection":"In"},"Torso":{"Weight":1,"CFrame":[0.014659702777862549,0.06402900815010071,-0.2098379135131836,0.9519200325012207,-0.3035098910331726,-0.04159333556890488,0.3059709668159485,0.9486706256866455,0.0800362229347229,0.015166589058935643,-0.08891443908214569,0.9959238171577454],"EasingStyle":"Linear","EasingDirection":"In"},"HumanoidRootPart":{"Weight":0,"CFrame":[0,0,0,1,0,0,0,1,0,0,0,1],"EasingStyle":"Linear","EasingDirection":"In"},"Right Leg":{"Weight":1,"CFrame":[0.5201313495635986,0.024712741374969484,0.12028086185455322,0.8308878540992737,0.5509461164474487,-0.07799826562404633,-0.53851717710495,0.8314758539199829,0.1365547478199005,0.14008808135986329,-0.07145831733942032,0.9875571131706238],"EasingStyle":"Linear","EasingDirection":"In"}}},{"Time":0.6333333253860474,"poses":{"Left Leg":{"Weight":1,"CFrame":[-0.20746424794197083,0.222406268119812,-0.0022279024124145509,0.9341215491294861,-0.1340406984090805,0.3308323919773102,0.06303819268941879,0.974197268486023,0.2167162150144577,-0.3513447940349579,-0.1815841943025589,0.9184682965278626],"EasingStyle":"Linear","EasingDirection":"In"},"Right Arm":{"Weight":1,"CFrame":[0.0008341819047927856,0.579387903213501,0.3424239158630371,-0.06601621210575104,0.05594315007328987,-0.9962490797042847,0.6011955738067627,-0.7946260571479797,-0.08445920795202255,-0.7963703274726868,-0.6045161485671997,0.01882544904947281],"EasingStyle":"Linear","EasingDirection":"In"},"Left Arm":{"Weight":1,"CFrame":[-0.075172737240