{"Sequence":[{"Time":0,"poses":{"Left Leg":{"Weight":1,"CFrame":[-0.4036053419113159,0.31827688217163088,0.08321785926818848,0.9291706085205078,-0.18850529193878175,0.3179742693901062,0.12402788549661637,0.9693202376365662,0.21221548318862916,-0.34822264313697817,-0.1577467918395996,0.9240438342094421],"EasingStyle":"Linear","EasingDirection":"In"},"Right Arm":{"Weight":1,"CFrame":[0.3198832869529724,-0.16913717985153199,0.0055277347564697269,0.47112423181533816,-0.5371515154838562,0.6996501088142395,0.8454680442810059,0.5011084675788879,-0.1845911145210266,-0.25144731998443606,0.678497314453125,0.6902288198471069],"EasingStyle":"Linear","EasingDirection":"In"},"Head":{"Weight":1,"CFrame":[4.842877388000488e-8,1.6298145055770875e-9,0,0.9947396516799927,0.0047274562530219559,-0.10232608020305634,-0.010272791609168053,0.9985024929046631,-0.053733766078948978,0.10191880911588669,0.05450228974223137,0.9932985901832581],"EasingStyle":"Linear","EasingDirection":"In"},"Right Leg":{"Weight":1,"CFrame":[0.481111615896225,0.09104573726654053,0.023741602897644044,0.9410458207130432,0.32757115364074709,-0.08443798124790192,-0.3174189031124115,0.9413626194000244,0.11437592655420304,0.11695295572280884,-0.08083080500364304,0.9898425936698914],"EasingStyle":"Linear","EasingDirection":"In"},"Torso":{"Weight":1,"CFrame":[0.14353109896183015,-0.0017849025316536427,-0.21062040328979493,0.978838324546814,-0.19093073904514314,0.07362858206033707,0.19156943261623383,0.981477677822113,-0.001646117540076375,-0.0719505175948143,0.01571626216173172,0.9972843527793884],"EasingStyle":"Linear","EasingDirection":"In"},"HumanoidRootPart":{"Weight":1,"CFrame":[0,0,0,1,0,0,0,1,0,0,0,1],"EasingStyle":"Linear","EasingDirection":"In"},"Left Arm":{"Weight":1,"CFrame":[0.27679383754730227,-0.14529982209205628,0.044792890548706058,0.9933081269264221,-0.11527156829833985,-0.007172008045017719,0.0970725268125534,0.7996134757995606,0.5926172733306885,-0.06257705390453339,-0.5893478393554688,0.8054523468017578],"EasingStyle":"Linear","EasingDirection":"In"}}},{"Time":0.03333333507180214,"poses":{"Left Leg":{"Weight":1,"CFrame":[-0.41565102338790896,0.28622156381607058,0.049050331115722659,0.9511662125587463,-0.18231169879436494,0.2490890473127365,0.1277007758617401,0.9670657515525818,0.2201734036207199,-0.28102555871009829,-0.17761264741420747,0.9431216716766357],"EasingStyle":"Linear","EasingDirection":"In"},"Right Arm":{"Weight":1,"CFrame":[0.32216399908065798,-0.10304984450340271,0.006379127502441406,0.2740497291088104,-0.6745399832725525,0.6854871511459351,0.9448845386505127,0.32161977887153628,-0.06126992404460907,-0.17913728952407838,0.6644971966743469,0.7255021333694458],"EasingStyle":"Linear","EasingDirection":"In"},"Head":{"Weight":1,"CFrame":[8.300412446260452e-8,-9.313225746154786e-10,-5.960464477539063e-8,0.9958547949790955,0.0053718783892691139,-0.0907992571592331,-0.010284842923283577,0.9985026717185974,-0.05372723564505577,0.09037469327449799,0.05443836376070976,0.9944188594818115],"EasingStyle":"Linear","EasingDirection":"In"},"Right Leg":{"Weight":1,"CFrame":[0.4521525204181671,0.08770334720611572,0.01589524745941162,0.9494079351425171,0.30531045794487,-0.07355359196662903,-0.2958177328109741,0.948060154914856,0.11693523079156876,0.105434849858284,-0.0892607644200325,0.9904120564460754],"EasingStyle":"Linear","EasingDirection":"In"},"Torso":{"Weight":1,"CFrame":[0.12870511412620545,-0.0024250661954283716,-0.18575358390808106,0.9816986322402954,-0.17882157862186433,0.06550423055887222,0.179389089345932,0.9837741255760193,-0.0028388251084834339,-0.06393373012542725,0.014537613838911057,0.9978482723236084],"EasingStyle":"Linear","EasingDirection":"In"},"HumanoidRootPart":{"Weight":1,"CFrame":[0,0,0,1,0,0,0,1,0,0,0,1],"EasingStyle":"Linear","EasingDirection":"In"},"Left Arm":{"Weight":1,"CFrame":[0.2845332622528076,-0.1497528851032257,0.04611861705780029,0.9951043725013733,-0.09880159795284271,-0.002384909661486745,0.07454373687505722,0.7345044016838074,0.674497127532959,-0.06488963961601258,-0.6713728904724121,0.7382736802101135],"EasingStyle":"Linear","EasingDirection":"In"}}},{"Time":0.06666667014360428,"poses":{"Left Leg":{"Weight":1,"CFrame":[-0.4136391282081604,0.2608782649040222,0.02520895004272461,0.9616929888725281,-0.183297798037529,0.20383496582508088,0.13408178091049195,0.9630804061889648,0.23344875872135163,-0.23910017311573029,-0.1971755027770996,0.9507644176483154],"EasingStyle":"Linear","EasingDirection":"In"},"Right Arm":{"Weight":1,"CFrame":[0.32434090971946719,-0.011555314064025879,0.009856700897216797,-0.06319690495729447,-0.8262935280799866,0.5596829652786255,0.9911754727363586,0.013511029072105885,0.1318661868572235,-0.11652214080095291,0.5630776286125183,0.8181480765342712],"EasingStyle":"Linear","EasingDirection":"In"},"Head":{"Weight":1,"CFrame":[1.0326039046049118e-7,4.656612873077393e-10,-1.7881393432617188e-7,0.9979735016822815,0.00690633337944746,-0.06325532495975495,-0.010313460603356362,0.9985041618347168,-0.05369558930397034,0.06278984248638153,0.054239168763160709,0.9965519309043884],"EasingStyle":"Linear","EasingDirection":"In"},"Right Leg":{"Weight":1,"CFrame":[0.4366401433944702,0.08339959383010864,-0.0025714635848999025,0.9610719680786133,0.2742021083831787,-0.03397100046277046,-0.2690013647079468,0.9566608667373657,0.11152716726064682,0.06307964771986008,-0.09804738312959671,0.9931805729866028],"EasingStyle":"Linear","EasingDirection":"In"},"Torso":{"Weight":1,"CFrame":[0.11465132236480713,-0.003122178604826331,-0.16378092765808106,0.9872239232063294,-0.1466239094734192,0.06237277388572693,0.1471644639968872,0.989103376865387,-0.004137635231018066,-0.06108643859624863,0.013263827189803124,0.9980444312095642],"EasingStyle":"Linear","EasingDirection":"In"},"HumanoidRootPart":{"Weight":1,"CFrame":[0,0,0,1,0,0,0,1,0,0,0,1],"EasingStyle":"Linear","EasingDirection":"In"},"Left Arm":{"Weight":1,"CFrame":[0.2935963571071625,-0.15750718116760255,0.05462050437927246,0.9982603788375855,-0.052748601883649829,0.026341991499066354,0.014098718762397766,0.6473715901374817,0.7620440721511841,-0.057249851524829867,-0.7603470683097839,0.6469891667366028],"EasingStyle":"Linear","EasingDirection":"In"}}},{"Time":0.10000000149011612,"poses":{"Left Leg":{"Weight":1,"CFrame":[-0.4071148633956909,0.2390086054801941,0.00914621353149414,0.9662811756134033,-0.19161485135555268,0.1720019280910492,0.1460031121969223,0.957960844039917,0.24697016179561616,-0.21209421753883363,-0.21352970600128175,0.9536357522010803],"EasingStyle":"Linear","EasingDirection":"In"},"Right Arm":{"Weight":1,"CFrame":[0.32748907804489138,0.08282911777496338,0.01794731616973877,-0.4251178503036499,-0.85793536901474,0.2884819507598877,0.8957292437553406,-0.35292428731918337,0.27039507031440737,-0.13016927242279054,0.3733515441417694,0.9185121655464172],"EasingStyle":"Linear","EasingDirection":"In"},"Head":{"Weight":1,"CFrame":[7.206108421087265e-8,2.7939677238464357e-9,0,0.999502420425415,0.008730757050216198,-0.030311180278658868,-0.010348170064389706,0.9985078573226929,-0.053620513528585437,0.029797805473208429,0.05390750616788864,0.9981012940406799],"EasingStyle":"Linear","EasingDirection":"In"},"Right Leg":{"Weight":1,"CFrame":[0.4277304410934448,0.08317232131958008,-0.01839315891265869,0.9702792167663574,0.2419661283493042,0.0032205129973590376,-0.24093759059906007,0.9647435545921326,0.10592129081487656,0.02252242900431156,-0.10354914516210556,0.994369387626648],"EasingStyle":"Linear","EasingDirection":"In"},"Torso":{"Weight":1,"CFrame":[0.09780372679233551,-0.0039696767926216129,-0.1470963954925537,0.9931185841560364,-0.10088061541318894,0.059487804770469668,0.10139687359333039,0.9948296546936035,-0.005716631188988686,-0.05860353261232376,0.011709166690707207,0.9982127547264099],"EasingStyle":"Linear","EasingDirection":"In"},"HumanoidRootPart":{"Weight":1,"CFrame":[0,0,0,1,0,0,0,1,0,0,0,1],"EasingStyle":"Linear","EasingDirection":"In"},"Left Arm":{"Weight":1,"CFrame":[0.3038351237773895,-0.16979455947875977,0.06979048252105713,0.9952778816223145,0.02904597669839859,0.0926186665892601,-0.09472961723804474,0.4987616539001465,0.8615468740463257,-0.02117014490067959,-0.8662524223327637,0.4991581439971924],"EasingStyle":"Linear","EasingDirection":"In"}}},{"Time":0.13333334028720857,"poses":{"Left Leg":{"Weight":1,"CFrame":[-0.40157485008239748,0.2164812684059143,-0.0026555657386779787,0.9684078097343445,-0.20473340153694154,0.14237503707408906,0.1639447808265686,0.9529037475585938,0.2551400363445282,-0.18790531158447267,-0.22373788058757783,0.9563644528388977],"EasingStyle":"Linear","EasingDirection":"In"},"Right Arm":{"Weight":1,"CFrame":[0.33105891942977908,0.15749990940093995,0.032990217208862308,-0.6448363065719605,-0.7635131478309631,-0.035129889845848086,0.72872394323349,-0.6280178427696228,0.27304747700691225,-0.2305375635623932,0.15047095715999604,0.9613589644432068],"EasingStyle":"Linear","EasingDirection":"In"},"Head":{"Weight":1,"CFrame":[9.068753570318222e-8,-3.725290298461914e-9,3.5762786865234377e-7,0.9999439120292664,0.010249962098896504,-0.002688109641894698,-0.010379093699157238,0.9985148310661316,-0.05348261818289757,0.0021359131205826999,0.05350751802325249,0.998565137386322],"EasingStyle":"Linear","EasingDirection":"In"},"Right Leg":{"Weight":1,"CFrame":[0.4223882257938385,0.09047305583953858,-0.023734748363494874,0.976262629032135,0.2161235809326172,0.01421232521533966,-0.21640169620513917,0.9705734252929688,0.10562988370656967,0.009034986607730389,-0.10619804263114929,0.9943040609359741],"EasingStyle":"Linear","EasingDirection":"In"},"Torso":{"Weight":1,"CFrame":[0.07459516078233719,-0.004905669018626213,-0.13642096519470216,0.9974740147590637,-0.04828159511089325,0.052100770175457,0.04873467981815338,0.9987838864326477,-0.007460503838956356,-0.05167720094323158,0.009980771690607071,0.9986140727996826],"EasingStyle":"Linear","EasingDirection":"In"},"HumanoidRootPart":{"Weight":1,"CFrame":[0,0,0,1,0,0,0,1,0,0,0,1],"EasingStyle":"Linear","EasingDirection":"In"},"Left Arm":{"Weight":1,"CFrame":[0.3149018883705139,-0.18749046325683595,0.09254026412963867,0.9618126153945923,0.15167072415351869,0.22784319519996644,-0.2601340115070343,0.24763885140419007,0.9332766532897949,0.08512794226408005,-0.9569070935249329,0.27763688564300539],"EasingStyle":"Linear","EasingDirection":"In"}}},{"Time":0.1666666716337204,"poses":{"Left Leg":{"Weight":1,"CFrame":[-0.4010884165763855,0.1894887089729309,-0.014009058475494385,0.9703684449195862,-0.21856610476970673,0.10302464663982392,0.18713954091072083,0.9495207071304321,0.2517721354961395,-0.15285296738147736,-0.22503173351287843,0.9622872471809387],"EasingStyle":"Linear","EasingDirection":"In"},"Right Arm":{"Weight":1,"CFrame":[0.3338545560836792,0.18839406967163087,0.05678415298461914,-0.6735329627990723,-0.6738384962081909,-0.3038013279438019,0.6502023339271545,-0.735601544380188,0.19007164239883424,-0.3515542447566986,-0.06951283663511276,0.9335832595825195],"EasingStyle":"Linear","EasingDirection":"In"},"Head":{"Weight":1,"CFrame":[7.494963938370347e-8,1.3096723705530167e-9,-1.1920928955078126e-7,0.9999012351036072,0.010882697999477387,0.008894148282706738,-0.010393974371254444,0.9985265135765076,-0.053261302411556247,-0.009460675530135632,0.05316359922289848,0.998540997505188],"EasingStyle":"Linear","EasingDirection":"In"},"Right Leg":{"Weight":1,"CFrame":[0.4193282425403595,0.10909754037857056,-0.013290762901306153,0.9790304899215698,0.20289038121700288,-0.018298082053661348,-0.19954989850521089,0.9732102155685425,0.11420091241598129,0.04097815975546837,-0.10815475881099701,0.9932892322540283],"EasingStyle":"Linear","EasingDirection":"In"},"Torso":{"Weight":1,"CFrame":[0.04147087782621384,-0.005623883567750454,-0.13239693641662599,0.9993606805801392,0.004348096903413534,0.035486187785863879,-0.00403824495151639,0.9999531507492065,-0.008798628114163876,-0.03552277758717537,0.008649700321257115,0.999331533908844],"EasingStyle":"Linear","EasingDirection":"In"},"HumanoidRootPart":{"Weight":1,"CFrame":[0,0,0,1,0,0,0,1,0,0,0,1],"EasingStyle":"Linear","EasingDirection":"In"},"Left Arm":{"Weight":1,"CFrame":[0.32542967796325686,-0.2091122269630432,0.12479114532470703,0.8445906639099121,0.2894483208656311,0.4504292607307434,-0.4431074857711792,-0.09434745460748673,0.8914899230003357,0.3005371391773224,-0.9525325894355774,0.04857173189520836],"EasingStyle":"Linear","EasingDirection":"In"}}},{"Time":0.20000000298023225,"poses":{"Left Leg":{"Weight":1,"CFrame":[-0.4351617991924286,0.1566460132598877,-0.02807164192199707,0.9697283506393433,-0.2408962845802307,0.03995012491941452,0.22647295892238618,0.9484403729438782,0.22174516320228578,-0.09130797535181046,-0.20598499476909638,0.9742859601974487],"EasingStyle":"Linear","EasingDirection":"In"},"Right Arm":{"Weight":1,"CFrame":[0.3355732858181,0.183702290058136,0.08973908424377442,-0.5985798835754395,-0.6235257983207703,-0.5029094815254211,0.6803948283195496,-0.727092444896698,0.09164736419916153,-0.42280641198158266,-0.2873188257217407,0.8594666719436646],"EasingStyle":"Linear","EasingDirection":"In"},"Head":{"Weight":1,"CFrame":[8.847564458847046e-8,-1.2223608791828156e-9,-1.7881393432617188e-7,0.9999980330467224,-5.91520858961303e-7,0.002031566109508276,0.0001081994705600664,0.9985964894294739,-0.05296437814831734,-0.0020286834333091976,0.05296449735760689,0.998594343662262],"EasingStyle":"Linear","EasingDirection":"In"},"Right Leg":{"Weight":1,"CFrame":[0.4464123249053955,0.16153943538665772,0.0161283016204834,0.9699754118919373,0.22001972794532777,-0.10362952947616577,-0.20409433543682099,0.9681311249732971,0.1451473981142044,0.13226230442523957,-0.11963921040296555,0.9839680790901184],"EasingStyle":"Linear","EasingDirection":"In"},"Torso":{"Weight":1,"CFrame":[-0.008402425795793534,-0.005555032752454281,-0.1508946418762207,0.9986940622329712,0.05103836581110954,-0.002294792328029871,-0.05105644464492798,0.9986582398414612,-0.008670344948768616,0.0018491928931325675,0.008776186965405941,0.9999597668647766],"EasingStyle":"Linear","EasingDirection":"In"},"HumanoidRootPart":{"Weight":1,"CFrame":[0,0,0,1,0,0,0,1,0,0,0,1],"EasingStyle":"Linear","EasingDirection":"In"},"Left Arm":{"Weight":1,"CFrame":[0.33372753858566286,-0.23011478781700135,0.16587519645690919,0.6100533604621887,0.3867337703704834,0.6915721893310547,-0.5542846322059631,-0.41541099548339846,0.7212502956390381,0.5662185549736023,-0.8233290910720825,-0.03906230255961418],"EasingStyle":"Linear","EasingDirection":"In"}}},{"Time":0.23333333432674409,"poses":{"Left Leg":{"Weight":1,"CFrame":[-0.5045146346092224,0.12469357252120972,-0.047603487968444827,0.9612032771110535,-0.27410849928855898,-0.03087153099477291,0.27527958154678347,0.946079671382904,0.1707470715045929,-0.017596261575818063,-0.1726209819316864,0.9848312139511108],"EasingStyle":"Linear","EasingDirection":"In"},"Right Arm":{"Weight":1,"CFrame":[0.336487352848053,0.17033040523529054,0.12872028350830079,-0.5073737502098084,-0.5619320869445801,-0.6533026695251465,0.7448460459709168,-0.6672205328941345,-0.004565514158457518,-0.433331698179245,-0.4889264404773712,0.7570830583572388],"EasingStyle":"Linear","EasingDirection":"In"},"Head":{"Weight":1,"CFrame":[1.0902294889092446e-7,9.313225746154786e-10,2.384185791015625e-7,0.9995601773262024,-0.025958096608519555,-0.01434548944234848,0.02516511268913746,0.9982806444168091,-0.05293792486190796,0.01569500006735325,0.052553627640008929,0.9984947443008423],"EasingStyle":"Linear","EasingDirection":"In"},"Right Leg":{"Weight":1,"CFrame":[0.4859849214553833,0.25217658281326296,0.056939125061035159,0.9451960921287537,0.2505667805671692,-0.20933416485786439,-0.21202749013900758,0.9586034417152405,0.19006229937076569,0.24829183518886567,-0.13526149094104768,0.9591953158378601],"EasingStyle":"Linear","EasingDirection":"In"},"Torso":{"Weight":1,"CFrame":[-0.07016319781541825,-0.004238746128976345,-0.19663381576538087,0.9944285154342651,0.08942558616399765,-0.0558122880756855,-0.089909628033638,0.9959306120872498,-0.006217925809323788,0.055029116570949557,0.0112013453617692,0.9984219074249268],"EasingStyle":"Linear","EasingDirection":"In"},"HumanoidRootPart":{"Weight":1,"CFrame":[0,0,0,1,0,0,0,1,0,0,0,1],"EasingStyle":"Linear","EasingDirection":"In"},"Left Arm":{"Weight":1,"CFrame":[0.33972546458244326,-0.2480718195438385,0.21195971965789796,0.3352157771587372,0.42200911045074465,0.8423412442207336,-0.5604062676429749,-0.6293920278549194,0.5383403301239014,0.7573475241661072,-0.6525136232376099,0.02551416866481304],"EasingStyle":"Linear","EasingDirection":"In"}}},{"Time":0.2666666805744171,"poses":{"Left Leg":{"Weight":1,"CFrame":[-0.5709259510040283,0.10514748096466065,-0.06418120861053467,0.9484239220619202,-0.30817052721977236,-0.07431701570749283,0.31552067399024966,0.940335750579834,0.12734004855155946,0.03064049407839775,-0.14422093331813813,0.9890710115432739],"EasingStyle":"Linear","EasingDirection":"In"},"Right Arm":{"Weight":1,"CFrame":[0.33685019612312319,0.15165042877197267,0.16973042488098145,-0.41557472944259646,-0.4909059405326843,-0.765708327293396,0.8209728002548218,-0.5648367404937744,-0.0834440141916275,-0.3915371298789978,-0.663303017616272,0.6377521753311157],"EasingStyle":"Linear","EasingDirection":"In"},"Head":{"Weight":1,"CFrame":[1.076841726899147e-7,-2.3283064365386964e-9,-2.384185791015625e-7,0.9978041648864746,-0.0569116584956646,-0.033882178366184238,0.05505064129829407,0.997047483921051,-0.05353430286049843,0.036828890442848209,0.051551517099142078,0.9979910254478455],"EasingStyle":"Linear","EasingDirection":"In"},"Right Leg":{"Weight":1,"CFrame":[0.512949526309967,0.3480655550956726,0.08857476711273194,0.917585015296936,0.27200883626937868,-0.28991177678108218,-0.21126073598861695,0.9514137506484985,0.2240106612443924,0.3367590308189392,-0.1443018764257431,0.930467963218689],"EasingStyle":"Linear","EasingDirection":"In"},"Torso":{"Weight":1,"CFrame":[-0.1298169642686844,-0.002256985753774643,-0.2522902488708496,0.9875594973564148,0.1181829422712326,-0.10372564196586609,-0.11908501386642456,0.9928809404373169,-0.0025256432127207519,0.10268871486186981,0.014846393838524819,0.9946027398109436],"EasingStyle":"Linear","EasingDirection":"In"},"HumanoidRootPart":{"Weight":1,"CFrame":[0,0,0,1,0,0,0,1,0,0,0,1],"EasingStyle":"Linear","EasingDirection":"In"},"Left Arm":{"Weight":1,"CFrame":[0.3445621132850647,-0.2635885775089264,0.25610458850860598,0.11870378255844116,0.4309682548046112,0.8945255875587463,-0.5205570459365845,-0.7401514053344727,0.4256712794303894,0.8455352783203125,-0.5161803960800171,0.136484757065773],"EasingStyle":"Linear","EasingDirection":"In"}}},{"Time":0.30000001192092898,"poses":{"Left Leg":{"Weight":1,"CFrame":[-0.607710599899292,0.1017005443572998,-0.06133657693862915,0.9393705129623413,-0.3356453776359558,-0.0701809674501419,0.34169456362724306,0.9334176778793335,0.10943592339754105,0.02877653017640114,-0.1267814189195633,0.9915132522583008],"EasingStyle":"Linear","EasingDirection":"In"},"Right Arm":{"Weight":1,"CFrame":[0.33686143159866335,0.13106077909469605,0.2087545394897461,-0.3341907262802124,-0.4152052104473114,-0.8461212515830994,0.8887799978256226,-0.4375973641872406,-0.13630343973636628,-0.3136667013168335,-0.7975671291351318,0.5152671337127686],"EasingStyle":"Linear","EasingDirection":"In"},"Head":{"Weight":1,"CFrame":[9.428913472220302e-8,1.0157236829400063e-8,-2.384185791015625e-7,0.9953020215034485,-0.08278035372495651,-0.050213996320962909,0.08002988994121552,0.9953005909919739,-0.05451546609401703,0.054490845650434497,0.05024072527885437,0.9972496032714844],"EasingStyle":"Linear","EasingDirection":"In"},"Right Leg":{"Weight":1,"CFrame":[0.5286651849746704,0.4166005253791809,0.10796570777893067,0.8980919718742371,0.2843145430088043,-0.3355534076690674,-0.21169452369213105,0.9482079744338989,0.23682743310928346,0.3855079114437103,-0.14165794849395753,0.9117657542228699],"EasingStyle":"Linear","EasingDirection":"In"},"Torso":{"Weight":1,"CFrame":[-0.17799890041351319,-0.0006344147259369493,-0.2990987300872803,0.9816637635231018,0.1362428367137909,-0.13331985473632813,-0.1374037116765976,0.9905151128768921,0.0004974213079549372,0.13212308287620545,0.017830343917012216,0.991072952747345],"EasingStyle":"Linear","EasingDirection":"In"},"HumanoidRootPart":{"Weight":1,"CFrame":[0,0,0,1,0,0,0,1,0,0,0,1],"EasingStyle":"Linear","EasingDirection":"In"},"Left Arm":{"Weight":1,"CFrame":[0.3487699329853058,-0.2777091860771179,0.2891808748245239,-0.0028823150787502529,0.4462638199329376,0.894896924495697,-0.48677608370780947,-0.7823446393013,0.38856884837150576,0.8735221028327942,-0.4344945549964905,0.21948543190956117],"EasingStyle":"Linear","EasingDirection":"In"}}},{"Time":0.3333333432674408,"poses":{"Left Leg":{"Weight":1,"CFrame":[-0.5958644151687622,0.10336631536483765,-0.037295520305633548,0.9386908411979675,-0.34346744418144228,-0.029821839183568956,0.34462621808052065,0.9323998093605042,0.10892058908939362,-0.009604770690202713,-0.11252031475305557,0.9936030507087708],"EasingStyle":"Linear","EasingDirection":"In"},"Right Arm":{"Weight":1,"CFrame":[0.33669158816337588,0.11199051141738892,0.24172687530517579,-0.2704280614852905,-0.34407198429107668,-0.899156928062439,0.9360713362693787,-0.3122740685939789,-0.16203516721725465,-0.22503171861171723,-0.8854939341545105,0.4065234363079071],"EasingStyle":"Linear","EasingDirection":"In"},"Head":{"Weight":1,"CFrame":[4.708999767899513e-8,1.6298145055770875e-9,0,0.9939741492271423,-0.09360145032405853,-0.057046644389629367,0.09047947824001312,0.994375467300415,-0.05505535006523132,0.061879031360149387,0.04956204444169998,0.9968523979187012],"EasingStyle":"Linear","EasingDirection":"In"},"Right Leg":{"Weight":1,"CFrame":[0.5295470356941223,0.44496655464172366,0.12198519706726074,0.8868457674980164,0.28939616680145266,-0.36021432280540469,-0.21343161165714265,0.9479883313179016,0.23614664375782014,0.4098190367221832,-0.13254442811012269,0.902485728263855],"EasingStyle":"Linear","EasingDirection":"In"},"Torso":{"Weight":1,"CFrame":[-0.21424901485443116,0.00019192148465663195,-0.319091796875,0.9785996675491333,0.14247508347034455,-0.14847075939178468,-0.14376890659332276,0.9896093010902405,0.0020369950216263534,0.147218257188797,0.019352082163095475,0.9889147281646729],"EasingStyle":"Linear","EasingDirection":"In"},"HumanoidRootPart":{"Weight":1,"CFrame":[0,0,0,1,0,0,0,1,0,0,0,1],"EasingStyle":"Linear","EasingDirection":"In"},"Left Arm":{"Weight":1,"CFrame":[0.3524062931537628,-0.29097816348075869,0.3026285171508789,-0.061680182814598086,0.4808877408504486,0.8746100664138794,-0.473895400762558,-0.7853174209594727,0.3983711898326874,0.8784183859825134,-0.3899022042751312,0.2763289213180542],"EasingStyle":"Linear","EasingDirection":"In"}}},{"Time":0.36666667461395266,"poses":{"Left Leg":{"Weight":1,"CFrame":[-0.5409718155860901,0.10071420669555664,-0.0159493088722229,0.9461828470230103,-0.3235378861427307,0.007833167910575867,0.32055574655532839,0.9402418732643127,0.11484561860561371,-0.044521916657686236,-0.10615400969982147,0.9933525323867798],"EasingStyle":"Linear","EasingDirection":"In"},"Right Arm":{"Weight":1,"CFrame":[0.336505651473999,0.09792035818099976,0.26454293727874758,-0.22730135917663575,-0.28922080993652346,-0.9298847317695618,0.9612611532211304,-0.2195233404636383,-0.1666927933692932,-0.1559203416109085,-0.9317514896392822,0.3279144763946533],"EasingStyle":"Linear","EasingDirection":"In"},"Head":{"Weight":1,"CFrame":[1.2706732377409936e-7,9.313225746154786e-10,-1.1920928955078126e-7,0.9939741492271423,-0.0936010405421257,-0.05704638734459877,0.09047910571098328,0.9943754076957703,-0.05505509674549103,0.061878751963377,0.04956183582544327,0.996852457523346],"EasingStyle":"Linear","EasingDirection":"In"},"Right Leg":{"Weight":1,"CFrame":[0.5130410194396973,0.4327671527862549,0.13453996181488038,0.8809112310409546,0.2885875403881073,-0.3751172423362732,-0.21389780938625337,0.9497835636138916,0.22838354110717774,0.42218872904777529,-0.12094879150390625,0.8984030485153198],"EasingStyle":"Linear","EasingDirection":"In"},"Torso":{"Weight":1,"CFrame":[-0.24082118272781373,0.00013009354006499052,-0.3056774139404297,0.9786866307258606,0.13571880757808686,-0.15411990880966187,-0.13706275820732118,0.9905605912208557,0.001921800896525383,0.15292592346668244,0.019243260845541955,0.9880502820014954],"EasingStyle":"Linear","EasingDirection":"In"},"HumanoidRootPart":{"Weight":1,"CFrame":[0,0,0,1,0,0,0,1,0,0,0,1],"EasingStyle":"Linear","EasingDirection":"In"},"Left Arm":{"Weight":1,"CFrame":[0.355354905128479,-0.3036671578884125,0.30307674407958987,-0.09626390784978867,0.5262906551361084,0.8448382019996643,-0.4729363024234772,-0.7710331678390503,0.42642584443092348,0.8758221864700317,-0.35850533843040469,0.32312431931495669],"EasingStyle":"Linear","EasingDirection":"In"}}},{"Time":0.4000000059604645,"poses":{"Left Leg":{"Weight":1,"CFrame":[-0.46362295746803286,0.09248590469360352,-0.011491596698760987,0.959566056728363,-0.28088614344596865,0.018325332552194597,0.2767413854598999,0.9532989859580994,0.12097731977701187,-0.05145043134689331,-0.11101441830396652,0.9924861192703247],"EasingStyle":"Linear","EasingDirection":"In"},"Right Arm":{"Weight":1,"CFrame":[0.3364706337451935,0.09236294031143189,0.2731131315231323,-0.2053537517786026,-0.2613489329814911,-0.9431473612785339,0.9692336320877075,-0.1879337579011917,-0.15895630419254304,-0.13570602238178254,-0.9467722177505493,0.29190075397491457],"EasingStyle":"Linear","EasingDirection":"In"},"Head":{"Weight":1,"CFrame":[1.3927910913480447e-7,4.336470738053322e-9,1.1920928955078126e-7,0.9939742684364319,-0.09359993785619736,-0.057045746594667438,0.0904780775308609,0.9943756461143494,-0.05505441874265671,0.0618780143558979,0.04956129193305969,0.9968525171279907],"EasingStyle":"Linear","EasingDirection":"In"},"Right Leg":{"Weight":1,"CFrame":[0.4851289987564087,0.397274911403656,0.1430671215057373,0.8784431219100952,0.2842511534690857,-0.3841082453727722,-0.2124360054731369,0.9523361921310425,0.218921959400177,0.4280288517475128,-0.11071214824914932,0.8969581723213196],"EasingStyle":"Linear","EasingDirection":"In"},"Torso":{"Weight":1,"CFrame":[-0.2617262601852417,-0.0005484083667397499,-0.27176403999328616,0.9807245135307312,0.11890855431556702,-0.15504898130893708,-0.12026164680719376,0.9927420020103455,0.0006576611194759607,0.154001846909523,0.018001459538936616,0.9879065752029419],"EasingStyle":"Linear","EasingDirection":"In"},"HumanoidRootPart":{"Weight":1,"CFrame":[0,0,0,1,0,0,0,1,0,0,0,1],"EasingStyle":"Linear","EasingDirection":"In"},"Left Arm":{"Weight":1,"CFrame":[0.35728269815444949,-0.3159141540527344,0.3025503158569336,-0.10483338683843613,0.5653976202011108,0.8181294202804565,-0.4683493375778198,-0.7537909150123596,0.4609208106994629,0.8773021101951599,-0.3348505198955536,0.34382590651512148],"EasingStyle":"Linear","EasingDirection":"In"}}},{"Time":0.4333333373069763,"poses":{"Left Leg":{"Weight":1,"CFrame":[-0.36340367794036868,0.08593320846557617,-0.013373017311096192,0.9747662544250488,-0.2222931832075119,0.02040848322212696,0.21768519282341004,0.9668284058570862,0.13362658023834229,-0.049435704946517947,-0.12581194937229157,0.9908215999603272],"EasingStyle":"Linear","EasingDirection":"In"},"Right Arm":{"Weight":1,"CFrame":[0.33654162287712099,0.09214198589324951,0.2731778621673584,-0.20060348510742188,-0.25141265988349917,-0.9468632340431213,0.9649996757507324,-0.21736004948616029,-0.14673201739788056,-0.16892006993293763,-0.9431576728820801,0.2862163186073303],"EasingStyle":"Linear","EasingDirection":"In"},"Head":{"Weight":1,"CFrame":[1.4700344763696195e-7,3.4924596548080446e-9,1.1920928955078126e-7,0.993974506855011,-0.09359806776046753,-0.057044658809900287,0.09047631919384003,0.9943758249282837,-0.05505328252911568,0.06187673285603523,0.04956036061048508,0.9968525767326355],"EasingStyle":"Linear","EasingDirection":"In"},"Right Leg":{"Weight":1,"CFrame":[0.4554084539413452,0.34581172466278078,0.14335918426513673,0.8829100728034973,0.2772643268108368,-0.3789384663105011,-0.2121347188949585,0.9555227160453796,0.20487850904464723,0.41888976097106936,-0.1005033403635025,0.9024580121040344],"EasingStyle":"Linear","EasingDirection":"In"},"Torso":{"Weight":1,"CFrame":[-0.2757156193256378,-0.0016511086141690612,-0.22858977317810059,0.984136700630188,0.09704824537038803,-0.14851468801498414,-0.09834522008895874,0.9951514005661011,-0.0013968164566904307,0.147659033536911,0.015980368480086328,0.9889092445373535],"EasingStyle":"Linear","EasingDirection":"In"},"HumanoidRootPart":{"Weight":1,"CFrame":[0,0,0,1,0,0,0,1,0,0,0,1],"EasingStyle":"Linear","EasingDirection":"In"},"Left Arm":{"Weight":1,"CFrame":[0.3564802408218384,-0.3274066150188446,0.30067670345306399,-0.09272260218858719,0.5873973369598389,0.80396968126297,-0.45030325651168826,-0.744893491268158,0.4923010468482971,0.8880481719970703,-0.3163827359676361,0.3335753381252289],"EasingStyle":"Linear","EasingDirection":"In"}}},{"Time":0.46666666865348818,"poses":{"Left Leg":{"Weight":1,"CFrame":[-0.24491959810256959,0.08721113204956055,-0.016125380992889406,0.987192690372467,-0.15651576220989228,0.030877605080604554,0.14983299374580384,0.9760991334915161,0.15741834044456483,-0.05477796122431755,-0.1507757157087326,0.9870491623878479],"EasingStyle":"Linear","EasingDirection":"In"},"Right Arm":{"Weight":1,"CFrame":[0.3365764021873474,0.09180945158004761,0.27320313453674319,-0.20487463474273683,-0.2444007694721222,-0.9477841258049011,0.9516400098800659,-0.2762174904346466,-0.13448110222816468,-0.22892740368843079,-0.9295010566711426,0.2891715466976166],"EasingStyle":"Linear","EasingDirection":"In"},"Head":{"Weight":1,"CFrame":[1.1955853551626206e-7,4.190951585769653e-9,3.5762786865234377e-7,0.9939748048782349,-0.09359558671712876,-0.057043273001909259,0.09047399461269379,0.9943761229515076,-0.0550517737865448,0.06187504529953003,0.04955914616584778,0.9968528151512146],"EasingStyle":"Linear","EasingDirection":"In"},"Right Leg":{"Weight":1,"CFrame":[0.42882388830184939,0.28707122802734377,0.1368405818939209,0.8939501643180847,0.26806044578552248,-0.3591611087322235,-0.21450045704841615,0.9595640897750855,0.18228106200695039,0.3935004472732544,-0.08590992540121079,0.9153015613555908],"EasingStyle":"Linear","EasingDirection":"In"},"Torso":{"Weight":1,"CFrame":[-0.282012939453125,-0.002869597403332591,-0.18756866455078126,0.9883080124855042,0.07516903430223465,-0.13265353441238404,-0.07632811367511749,0.9970760345458984,-0.0036670230329036714,0.13199001550674439,0.013749342411756516,0.9911556839942932],"EasingStyle":"Linear","EasingDirection":"In"},"HumanoidRootPart":{"Weight":1,"CFrame":[0,0,0,1,0,0,0,1,0,0,0,1],"EasingStyle":"Linear","EasingDirection":"In"},"Left Arm":{"Weight":1,"CFrame":[0.3519521951675415,-0.3361490070819855,0.29704713821411135,-0.07488547265529633,0.5923908352851868,0.8021629452705383,-0.4187938868999481,-0.7487249970436096,0.5138310194015503,0.9049882888793945,-0.2974625825881958,0.30415815114974978],"EasingStyle":"Linear","EasingDirection":"In"}}},{"Time":0.5,"poses":{"Left Leg":{"Weight":1,"CFrame":[-0.1344570368528366,0.09537148475646973,-0.020594418048858644,0.993562638759613,-0.0997757688164711,0.05364823341369629,0.08825159072875977,0.9786400198936462,0.18567556142807008,-0.0710282027721405,-0.1797456294298172,0.9811455607414246],"EasingStyle":"Linear","EasingDirection":"In"},"Right Arm":{"Weight":1,"CFrame":[0.33659037947654726,0.09145653247833252,0.2732212543487549,-0.2134389728307724,-0.2393079400062561,-0.9471935033798218,0.9312926530838013,-0.3427874445915222,-0.12325078248977661,-0.2951914072036743,-0.9084209203720093,0.2960300147533417],"EasingStyle":"Linear","EasingDirection":"In"},"Head":{"Weight":1,"CFrame":[5.029141902923584e-8,-9.313225746154786e-10,0,0.9939752221107483,-0.09359244257211685,-0.057041458785533908,0.09047107398509979,0.9943764209747315,-0.055049873888492587,0.061872970312833789,0.04955761134624481,0.9968529343605042],"EasingStyle":"Linear","EasingDirection":"In"},"Right Leg":{"Weight":1,"CFrame":[0.4117296636104584,0.23841232061386109,0.12880897521972657,0.9057847857475281,0.2601536512374878,-0.33447569608688357,-0.2189880609512329,0.9631591439247131,0.15610508620738984,0.36276474595069888,-0.06815155595541,0.9293854832649231],"EasingStyle":"Linear","EasingDirection":"In"},"Torso":{"Weight":1,"CFrame":[-0.28412193059921267,-0.0037883794866502287,-0.16077566146850587,0.9918166995048523,0.05830955505371094,-0.11357640475034714,-0.05930228531360626,0.9982255697250366,-0.005378836765885353,0.11306123435497284,0.01207016035914421,0.9935147166252136],"EasingStyle":"Linear","EasingDirection":"In"},"HumanoidRootPart":{"Weight":1,"CFrame":[0,0,0,1,0,0,0,1,0,0,0,1],"EasingStyle":"Linear","EasingDirection":"In"},"Left Arm":{"Weight":1,"CFrame":[0.34464552998542788,-0.3395293951034546,0.2910834550857544,-0.057551201432943347,0.5849123597145081,0.8090523481369019,-0.3800613284111023,-0.7622103095054627,0.5240121483802795,0.9231691360473633,-0.27733197808265688,0.2661687433719635],"EasingStyle":"Linear","EasingDirection":"In"}}},{"Time":0.5333333611488342,"poses":{"Left Leg":{"Weight":1,"CFrame":[-0.10042201727628708,0.10832417011260987,-0.022886037826538087,0.9919551610946655,-0.08920089155435562,0.08982384204864502,0.06856097280979157,0.9750476479530335,0.21114318072795869,-0.10641665756702423,-0.20328614115715028,0.9733192324638367],"EasingStyle":"Linear","EasingDirection":"In"},"Right Arm":{"Weight":1,"CFrame":[0.3365941345691681,0.09117656946182251,0.27324092388153078,-0.2218022495508194,-0.2358180433511734,-0.9461467862129211,0.9108545184135437,-0.3964653015136719,-0.11471343785524368,-0.3480629622936249,-0.8872458338737488,0.3027327060699463],"EasingStyle":"Linear","EasingDirection":"In"},"Head":{"Weight":1,"CFrame":[6.367918103933335e-8,3.725290298461914e-9,0,0.9939757585525513,-0.09358876943588257,-0.05703933164477348,0.09046762436628342,0.9943768978118897,-0.05504763126373291,0.06187044456601143,0.04955579340457916,0.996853232383728],"EasingStyle":"Linear","EasingDirection":"In"},"Right Leg":{"Weight":1,"CFrame":[0.4182133376598358,0.21029341220855714,0.12162864208221436,0.9161790609359741,0.25917115807533266,-0.3056894838809967,-0.2282954752445221,0.9644059538841248,0.13342586159706117,0.3293888568878174,-0.0524546317756176,0.9427362084388733],"EasingStyle":"Linear","EasingDirection":"In"},"Torso":{"Weight":1,"CFrame":[-0.2856172025203705,-0.004226557910442352,-0.15420079231262208,0.9938942193984985,0.05160389468073845,-0.09752611815929413,-0.052456337958574298,0.9986039996147156,-0.00619522063061595,0.09707027673721314,0.011273255571722985,0.9952136874198914],"EasingStyle":"Linear","EasingDirection":"In"},"HumanoidRootPart":{"Weight":1,"CFrame":[0,0,0,1,0,0,0,1,0,0,0,1],"EasingStyle":"Linear","EasingDirection":"In"},"Left Arm":{"Weight":1,"CFrame":[0.33558809757232668,-0.33296656608581545,0.28225958347320559,-0.045448582619428638,0.5713210701942444,0.8194674253463745,-0.34398266673088076,-0.7790992259979248,0.5240992307662964,0.937875509262085,-0.2580629885196686,0.23193372786045075],"EasingStyle":"Linear","EasingDirection":"In"}}},{"Time":0.5666666626930237,"poses":{"Left Leg":{"Weight":1,"CFrame":[-0.17046737670898438,0.12717467546463014,-0.008573830127716065,0.9779720902442932,-0.14662395417690278,0.14856693148612977,0.11048216372728348,0.9674777388572693,0.2275530993938446,-0.17709994316101075,-0.20612651109695435,0.9623655676841736],"EasingStyle":"Linear","EasingDirection":"In"},"Right Arm":{"Weight":1,"CFrame":[0.33659428358078005,0.09106296300888062,0.2732510566711426,-0.22557000815868379,-0.2344740778207779,-0.9455899000167847,0.9014162421226502,-0.4184078574180603,-0.11128141731023789,-0.36954963207244875,-0.8774718642234802,0.3057389259338379],"EasingStyle":"Linear","EasingDirection":"In"},"Head":{"Weight":1,"CFrame":[1.1845258995890618e-7,-1.862645149230957e-9,3.5762786865234377e-7,0.9939762949943543,-0.0935845822095871,-0.05703693628311157,0.09046372771263123,0.9943773746490479,-0.05504509434103966,0.0618676096200943,0.04955373704433441,0.9968535304069519],"EasingStyle":"Linear","EasingDirection":"In"},"Right Leg":{"Weight":1,"CFrame":[0.46627265214920046,0.2137768268585205,0.11332452297210694,0.9249628186225891,0.2698330879211426,-0.2676454186439514,-0.24533025920391084,0.9617604613304138,0.12177887558937073,0.2902706265449524,-0.046979472041130069,0.9557906985282898],"EasingStyle":"Linear","EasingDirection":"In"},"Torso":{"Weight":1,"CFrame":[-0.2901085317134857,-0.00398255605250597,-0.17433524131774903,0.9937100410461426,0.06552596390247345,-0.09081126749515534,-0.06631908565759659,0.9977819323539734,-0.005740612279623747,0.0902336835861206,0.01172702293843031,0.9958515763282776],"EasingStyle":"Linear","EasingDirection":"In"},"HumanoidRootPart":{"Weight":1,"CFrame":[0,0,0,1,0,0,0,1,0,0,0,1],"EasingStyle":"Linear","EasingDirection":"In"},"Left Arm":{"Weight":1,"CFrame":[0.32579493522644045,-0.31703341007232668,0.27113986015319826,-0.044429320842027667,0.5577625036239624,0.8288108706474304,-0.32096707820892336,-0.7936148643493652,0.5168708562850952,0.9460476636886597,-0.24305689334869386,0.2142830789089203],"EasingStyle":"Linear","EasingDirection":"In"}}},{"Time":0.6000000238418579,"poses":{"Left Leg":{"Weight":1,"CFrame":[-0.27733540534973147,0.15657436847686768,0.03415071964263916,0.9430243372917175,-0.23723667860031129,0.23328912258148194,0.1828361600637436,0.9552871584892273,0.2323734611272812,-0.2779856026172638,-0.17648018896579743,0.9442344307899475],"EasingStyle":"Linear","EasingDirection":"In"},"Right Arm":{"Weight":1,"CFrame":[0.3365800082683563,0.09119480848312378,0.2732219696044922,-0.2237926721572876,-0.23746590316295625,-0.945265531539917,0.9110748767852783,-0.3954818844795227,-0.11634654551744461,-0.34620726108551028,-0.8872452974319458,0.30485519766807558],"EasingStyle":"Linear","EasingDirection":"In"},"Head":{"Weight":1,"CFrame":[1.1618249118328095e-7,-9.313225746154786e-10,-5.960464477539063e-8,0.9939768314361572,-0.09357991069555283,-0.057034268975257876,0.09045934677124024,0.9943780303001404,-0.05504224821925163,0.061864472925662997,0.04955143854022026,0.996853768825531],"EasingStyle":"Linear","EasingDirection":"In"},"Right Leg":{"Weight":1,"CFrame":[0.5571752190589905,0.26305055618286135,0.10444307327270508,0.9260521531105042,0.2972474694252014,-0.23253263533115388,-0.27388796210289,0.9532356858253479,0.12777747213840486,0.2596399188041687,-0.05464065819978714,0.9641585350036621],"EasingStyle":"Linear","EasingDirection":"In"},"Torso":{"Weight":1,"CFrame":[-0.30027109384536745,-0.003046962432563305,-0.23359942436218263,0.9905539155006409,0.09591326862573624,-0.09799890220165253,-0.09676822274923325,0.9952989220619202,-0.00399747584015131,0.09715481102466583,0.01344289444386959,0.9951785206794739],"EasingStyle":"Linear","EasingDirection":"In"},"HumanoidRootPart":{"Weight":1,"CFrame":[0,0,0,1,0,0,0,1,0,0,0,1],"EasingStyle":"Linear","EasingDirection":"In"},"Left Arm":{"Weight":1,"CFrame":[0.31612926721572878,-0.2953374981880188,0.25855696201324465,-0.057491105049848559,0.5469366908073425,0.8351976871490479,-0.3241732716560364,-0.8014770150184631,0.5025396943092346,0.9442492723464966,-0.24185723066329957,0.2233801782131195],"EasingStyle":"Linear","EasingDirection":"In"}}},{"Time":0.6333333253860474,"poses":{"Left Leg":{"Weight":1,"CFrame":[-0.33477285504341128,0.17791104316711427,0.08311617374420166,0.9035966396331787,-0.29936525225639346,0.3064206838607788,0.23676639795303346,0.9451162219047546,0.22515979409217835,-0.3570081889629364,-0.13090354204177857,0.9248834848403931],"EasingStyle":"Linear","EasingDirection":"In"},"Right Arm":{"Weight":1,"CFrame":[0.33654725551605227,0.09151417016983032,0.2731661796569824,-0.21923623979091645,-0.2444411963224411,-0.9445550441741943,0.9317516684532166,-0.33964803814888,-0.1283668428659439,-0.28943800926208498,-0.9082333445549011,0.3022213578224182],"EasingStyle":"Linear","EasingDirection":"In"},"Head":{"Weight":