{"Sequence":[{"Time":0,"poses":{"Left Leg":{"Weight":1,"CFrame":[-0.2137245535850525,0.09171199798583985,0.038919687271118167,0.9838855862617493,-0.06186552718281746,0.16775551438331605,0.052291154861450198,0.9967728853225708,0.06090609356760979,-0.17098216712474824,-0.051152490079402927,0.9839454293251038],"EasingStyle":"Linear","EasingDirection":"In"},"Right Arm":{"Weight":1,"CFrame":[-0.17276699841022492,-0.22164210677146913,-0.16688400506973267,0.8360376358032227,-0.02834167145192623,-0.5479395985603333,0.028341859579086305,0.9995625615119934,-0.008458155207335949,0.547939658164978,-0.008458301424980164,0.8364751935005188],"EasingStyle":"Linear","EasingDirection":"In"},"Head":{"Weight":1,"CFrame":[8.754432201385498e-8,1.4901161193847657e-8,-3.5762786865234377e-7,1,-6.357301884918343e-8,8.800999040659008e-8,6.357303306003814e-8,1,-3.552713678800501e-15,-8.800999040659008e-8,-5.578870698741412e-15,1],"EasingStyle":"Linear","EasingDirection":"In"},"Right Leg":{"Weight":1,"CFrame":[0.2332109659910202,0.09816247224807739,0.0396120548248291,0.9842461347579956,0.07175087183713913,-0.16159018874168397,-0.062093354761600497,0.9960131645202637,0.0640491247177124,0.1655416041612625,-0.053006529808044437,0.9847772717475891],"EasingStyle":"Linear","EasingDirection":"In"},"Torso":{"Weight":1,"CFrame":[-0.0039018383249640466,0.1882164478302002,-0.07008695602416992,0.9999881982803345,0,-0.004877386149019003,0,1,0,0.004877386149019003,0,0.9999881982803345],"EasingStyle":"Linear","EasingDirection":"In"},"HumanoidRootPart":{"Weight":1,"CFrame":[0,0,0,1,0,0,0,1,0,0,0,1],"EasingStyle":"Linear","EasingDirection":"In"},"Left Arm":{"Weight":1,"CFrame":[1.4901161193847657e-8,-0.1868738830089569,0,0.8952805995941162,0.03859376534819603,0.44382789731025698,-0.038593728095293048,0.999214231967926,-0.009037761949002743,-0.44382792711257937,-0.009037710726261139,0.8960664868354797],"EasingStyle":"Linear","EasingDirection":"In"}}},{"Time":0.03333333507180214,"poses":{"Left Leg":{"Weight":1,"CFrame":[-0.17681285738945008,0.08157968521118164,0.03524446487426758,0.9835371375083923,-0.04507031291723251,0.17499569058418275,0.034887026995420459,0.9975376725196838,0.06083947420120239,-0.1773068904876709,-0.05373275652527809,0.982687771320343],"EasingStyle":"Linear","EasingDirection":"In"},"Right Arm":{"Weight":1,"CFrame":[-0.17276695370674134,-0.23402875661849976,-0.17065614461898805,0.8295360803604126,0.03347577527165413,-0.5574489831924439,-0.03222836181521416,0.9994078874588013,0.012057134881615639,0.5575224161148071,0.007963862270116806,0.8301236033439636],"EasingStyle":"Linear","EasingDirection":"In"},"Head":{"Weight":1,"CFrame":[8.731149137020111e-8,3.776222001761198e-9,-5.960464477539063e-8,0.9999607801437378,-0.001081616966985166,-0.008790644817054272,0.0010406278306618333,0.9999886155128479,-0.004666002467274666,0.008795592933893204,0.004656671546399593,0.9999504685401917],"EasingStyle":"Linear","EasingDirection":"In"},"Right Leg":{"Weight":1,"CFrame":[0.20348772406578065,0.08838492631912232,0.03323721885681152,0.9868091940879822,0.049356307834386829,-0.1541803479194641,-0.03998469188809395,0.997192919254303,0.06330592930316925,0.15687212347984315,-0.05630606785416603,0.9860125780105591],"EasingStyle":"Linear","EasingDirection":"In"},"Torso":{"Weight":1,"CFrame":[-0.0039018020033836366,0.1882045716047287,-0.05859255790710449,0.9999608993530273,0.00737704336643219,-0.004877340514212847,-0.007377042435109615,0.9999728798866272,0.000017990847481996754,0.0048773400485515598,0.000017990201740758495,0.9999881982803345],"EasingStyle":"Linear","EasingDirection":"In"},"HumanoidRootPart":{"Weight":1,"CFrame":[0,0,0,1,0,0,0,1,0,0,0,1],"EasingStyle":"Linear","EasingDirection":"In"},"Left Arm":{"Weight":1,"CFrame":[0.007109928876161575,-0.15154924988746644,0.00009894371032714844,0.8839709758758545,0.11303219944238663,0.4536728858947754,-0.12148358672857285,0.9925370812416077,-0.010581676848232746,-0.45148324966430666,-0.04575992375612259,0.8911054730415344],"EasingStyle":"Linear","EasingDirection":"In"}}},{"Time":0.06666667014360428,"poses":{"Left Leg":{"Weight":1,"CFrame":[-0.13806788623332978,0.07269406318664551,0.03271079063415527,0.9810547828674316,-0.03312671557068825,0.1908777505159378,0.021757451817393304,0.9978789687156677,0.06135433539748192,-0.1925053745508194,-0.05603897571563721,0.9796946048736572],"EasingStyle":"Linear","EasingDirection":"In"},"Right Arm":{"Weight":1,"CFrame":[-0.1727670282125473,-0.24556389451026917,-0.17443770170211793,0.8170065879821777,0.08276066184043884,-0.5706583857536316,-0.07796307653188706,0.9964136481285095,0.03288724273443222,0.5713335871696472,0.017621219158172609,0.8205287456512451],"EasingStyle":"Linear","EasingDirection":"In"},"Head":{"Weight":1,"CFrame":[8.89413058757782e-8,-3.4051481634378435e-9,-2.980232238769531e-7,0.9998245239257813,-0.004465117584913969,-0.01819578930735588,0.0041450439020991329,0.9998367428779602,-0.017590511590242387,0.01827136240899563,0.0175120048224926,0.9996797442436218],"EasingStyle":"Linear","EasingDirection":"In"},"Right Leg":{"Weight":1,"CFrame":[0.17724962532520295,0.07948607206344605,0.025592923164367677,0.9901434779167175,0.02333536557853222,-0.1380990445613861,-0.014830062165856362,0.9979472160339356,0.06230035796761513,0.13926944136619569,-0.05963830649852753,0.9884571433067322],"EasingStyle":"Linear","EasingDirection":"In"},"Torso":{"Weight":1,"CFrame":[-0.0039013633504509928,0.18805204331874848,-0.04882407188415527,0.9997127652168274,0.023468930274248124,-0.004876791499555111,-0.02346893399953842,0.9997245669364929,0.00005723578215111047,0.004876791499555111,0.000057233723055105659,0.9999881982803345],"EasingStyle":"Linear","EasingDirection":"In"},"HumanoidRootPart":{"Weight":1,"CFrame":[0,0,0,1,0,0,0,1,0,0,0,1],"EasingStyle":"Linear","EasingDirection":"In"},"Left Arm":{"Weight":1,"CFrame":[0.02585424669086933,-0.06309530138969422,0.00017976760864257813,0.8205859661102295,0.3285161554813385,0.46767058968544009,-0.3486000895500183,0.9361452460289002,-0.04593503475189209,-0.4528981149196625,-0.1253364384174347,0.8827084302902222],"EasingStyle":"Linear","EasingDirection":"In"}}},{"Time":0.10000000149011612,"poses":{"Left Leg":{"Weight":1,"CFrame":[-0.10284586250782013,0.06552857160568237,0.029610276222229005,0.9781904220581055,-0.023235831409692766,0.20640631020069123,0.010618462227284909,0.9980179667472839,0.06202748045325279,-0.20743846893310548,-0.058483026921749118,0.9764984250068665],"EasingStyle":"Linear","EasingDirection":"In"},"Right Arm":{"Weight":1,"CFrame":[-0.17276723682880402,-0.25623637437820437,-0.17815136909484864,0.8005445003509522,0.12132374197244644,-0.5868638157844544,-0.1109202578663826,0.9923694133758545,0.05384768918156624,0.5889187455177307,0.021987637504935266,0.8078930974006653],"EasingStyle":"Linear","EasingDirection":"In"},"Head":{"Weight":1,"CFrame":[8.847564458847046e-8,1.1525116860866547e-8,-5.960464477539063e-8,0.99955815076828,-0.010341995395720005,-0.027868902310729028,0.009302828460931778,0.9992660284042358,-0.037162791937589648,0.028232786804437639,0.03688710182905197,0.9989206194877625],"EasingStyle":"Linear","EasingDirection":"In"},"Right Leg":{"Weight":1,"CFrame":[0.15272687375545503,0.07159364223480225,0.019174933433532716,0.9924860000610352,-0.0012360916007310153,-0.12235189229249954,0.008823387324810028,0.998068630695343,0.061490170657634738,0.12203966826200485,-0.062107767909765246,0.990580141544342],"EasingStyle":"Linear","EasingDirection":"In"},"Torso":{"Weight":1,"CFrame":[-0.0039004702121019365,0.1875835359096527,-0.041046142578125,0.9992188811302185,0.03921603783965111,-0.004875675775110722,-0.03921603783965111,0.9992307424545288,0.00009564140054862946,0.004875675775110722,0.00009563797357259318,0.9999881386756897],"EasingStyle":"Linear","EasingDirection":"In"},"HumanoidRootPart":{"Weight":1,"CFrame":[0,0,0,1,0,0,0,1,0,0,0,1],"EasingStyle":"Linear","EasingDirection":"In"},"Left Arm":{"Weight":1,"CFrame":[0.05235487222671509,0.052208781242370608,0.0002856254577636719,0.6241476535797119,0.6359874606132507,0.4538278579711914,-0.6723039746284485,0.7331094741821289,-0.10275152325630188,-0.3980541229248047,-0.24097824096679688,0.8851454854011536],"EasingStyle":"Linear","EasingDirection":"In"}}},{"Time":0.13333334028720857,"poses":{"Left Leg":{"Weight":1,"CFrame":[-0.07692456245422363,0.06024867296218872,0.02566850185394287,0.9770492315292358,-0.012792909517884255,0.2126293182373047,-0.0004896574537269771,0.9980575442314148,0.06229832395911217,-0.21301326155662538,-0.06097264587879181,0.9751449823379517],"EasingStyle":"Linear","EasingDirection":"In"},"Right Arm":{"Weight":1,"CFrame":[-0.17276760935783387,-0.26603618264198305,-0.18171924352645875,0.7815305590629578,0.15102240443229676,-0.6053117513656616,-0.13320982456207276,0.9882777333259583,0.07458048313856125,0.6094794869422913,0.02234654128551483,0.792486846446991],"EasingStyle":"Linear","EasingDirection":"In"},"Head":{"Weight":1,"CFrame":[8.754432201385498e-8,7.566995918750763e-9,3.5762786865234377e-7,0.9991214275360107,-0.018867339938879014,-0.037423428148031238,0.016531985253095628,0.9979541301727295,-0.061760250478982928,0.03851211816072464,0.06108729541301727,0.9973891973495483],"EasingStyle":"Linear","EasingDirection":"In"},"Right Leg":{"Weight":1,"CFrame":[0.13084475696086884,0.06554687023162842,0.015625357627868654,0.9930888414382935,-0.017722908407449724,-0.1160200834274292,0.02495480515062809,0.9978147149085999,0.061180826276540759,0.11468229442834854,-0.06365333497524262,0.9913607835769653],"EasingStyle":"Linear","EasingDirection":"In"},"Torso":{"Weight":1,"CFrame":[-0.003900039941072464,0.1866237074136734,-0.03552365303039551,0.9989506602287293,0.045539211481809619,-0.004875137470662594,-0.04553920775651932,0.9989626407623291,0.00011106520105386153,0.004875137470662594,0.0001110612356569618,0.9999881386756897],"EasingStyle":"Linear","EasingDirection":"In"},"HumanoidRootPart":{"Weight":1,"CFrame":[0,0,0,1,0,0,0,1,0,0,0,1],"EasingStyle":"Linear","EasingDirection":"In"},"Left Arm":{"Weight":1,"CFrame":[0.08273360133171082,0.16808313131332398,0.00045931339263916016,0.240104079246521,0.8908873200416565,0.3855772912502289,-0.9411156177520752,0.31101328134536745,-0.13256005942821504,-0.23801575601100923,-0.33104458451271059,0.9131035208702087],"EasingStyle":"Linear","EasingDirection":"In"}}},{"Time":0.1666666716337204,"poses":{"Left Leg":{"Weight":1,"CFrame":[-0.06703303754329682,0.05678445100784302,0.0210874080657959,0.9802202582359314,0.0020803557708859445,0.1978987753391266,-0.01452149823307991,0.9980053901672363,0.06143559515476227,-0.1973762959241867,-0.06309420615434647,0.9782953858375549],"EasingStyle":"Linear","EasingDirection":"In"},"Right Arm":{"Weight":1,"CFrame":[-0.17276820540428163,-0.2749529480934143,-0.18506371974945069,0.760894775390625,0.17365232110023499,-0.6252073049545288,-0.1469513326883316,0.9846065640449524,0.09463198482990265,0.6320162415504456,0.019870039075613023,0.774700403213501],"EasingStyle":"Linear","EasingDirection":"In"},"Head":{"Weight":1,"CFrame":[8.66129994392395e-8,-1.1903466656804085e-8,1.1920928955078126e-7,0.9984655976295471,-0.030146518722176553,-0.046450838446617129,0.02588592655956745,0.9956287741661072,-0.08974067121744156,0.048953164368867877,0.08840056508779526,0.9948814511299133],"EasingStyle":"Linear","EasingDirection":"In"},"Right Leg":{"Weight":1,"CFrame":[0.281948059797287,0.11598777770996094,0.03550302982330322,0.9891632199287415,0.06615691632032395,-0.13107050955295564,-0.05855512619018555,0.9964168667793274,0.06103077903389931,0.13463856279850007,-0.05269461125135422,0.9894927144050598],"EasingStyle":"Linear","EasingDirection":"In"},"Torso":{"Weight":1,"CFrame":[-0.0039012590423226358,0.18499185144901277,-0.03252148628234863,0.9995190501213074,0.030624551698565484,-0.004876661580055952,-0.030624551698565484,0.9995309710502625,0.0000746920850360766,0.004876661114394665,0.00007468940020771697,0.9999881982803345],"EasingStyle":"Linear","EasingDirection":"In"},"HumanoidRootPart":{"Weight":1,"CFrame":[0,0,0,1,0,0,0,1,0,0,0,1],"EasingStyle":"Linear","EasingDirection":"In"},"Left Arm":{"Weight":1,"CFrame":[0.11311234533786774,0.2600059509277344,0.0007441043853759766,-0.2184545248746872,0.9302839636802673,0.2947019934654236,-0.9758262038230896,-0.2062695473432541,-0.07222355157136917,-0.006400409620255232,-0.30335548520088198,0.9528560042381287],"EasingStyle":"Linear","EasingDirection":"In"}}},{"Time":0.20000000298023225,"poses":{"Left Leg":{"Weight":1,"CFrame":[-0.07421859353780747,0.05564504861831665,0.017513036727905275,0.9855653047561646,0.016292067244648935,0.1685103476047516,-0.026763709262013437,0.9978359937667847,0.06005891039967537,-0.16716724634170533,-0.06370191276073456,0.9838685393333435],"EasingStyle":"Linear","EasingDirection":"In"},"Right Arm":{"Weight":1,"CFrame":[-0.17276912927627564,-0.28297555446624758,-0.18810659646987916,0.7393272519111633,0.19090546667575837,-0.6457169055938721,-0.15428563952445985,0.981482982635498,0.11352159082889557,0.6554319858551025,0.015695255249738694,0.75509113073349],"EasingStyle":"Linear","EasingDirection":"In"},"Head":{"Weight":1,"CFrame":[8.827191777527332e-8,1.1132215149700642e-8,1.1920928955078126e-7,0.9975314140319824,-0.04422842711210251,-0.05454317852854729,0.03745804354548454,0.9921339154243469,-0.11944565922021866,0.05939701944589615,0.11710771918296814,0.9913414716720581],"EasingStyle":"Linear","EasingDirection":"In"},"Right Leg":{"Weight":1,"CFrame":[0.4643663763999939,0.23379385471343995,0.06928765773773194,0.9748542308807373,0.15387535095214845,-0.1611880362033844,-0.145930215716362,0.9874680042266846,0.06009358540177345,0.16841503977775575,-0.035060327500104907,0.9850924611091614],"EasingStyle":"Linear","EasingDirection":"In"},"Torso":{"Weight":1,"CFrame":[-0.0039022965356707575,0.18254289031028748,-0.032279253005981448,0.999987781047821,0.0009262057137675583,-0.0048779589124023918,-0.0009262058301828802,0.9999995827674866,0.0000022590509161091178,0.0048779589124023918,0.0000022589697437069846,0.9999881982803345],"EasingStyle":"Linear","EasingDirection":"In"},"HumanoidRootPart":{"Weight":1,"CFrame":[0,0,0,1,0,0,0,1,0,0,0,1],"EasingStyle":"Linear","EasingDirection":"In"},"Left Arm":{"Weight":1,"CFrame":[0.13961295783519746,0.32121431827545168,0.001183152198791504,-0.5546462535858154,0.7907934188842773,0.2588692903518677,-0.8103166818618774,-0.5840290188789368,0.04792841523885727,0.18908868730068208,-0.18318286538124085,0.9647225737571716],"EasingStyle":"Linear","EasingDirection":"In"}}},{"Time":0.23333333432674409,"poses":{"Left Leg":{"Weight":1,"CFrame":[-0.09862566739320755,0.05832839012145996,0.01635122299194336,0.9899693727493286,0.019122662022709848,0.13998211920261384,-0.027645308524370195,0.9978636503219605,0.059194471687078479,-0.13855114579200746,-0.06247055158019066,0.9883830547332764],"EasingStyle":"Linear","EasingDirection":"In"},"Right Arm":{"Weight":1,"CFrame":[-0.17277033627033235,-0.2900937497615814,-0.19077080488204957,0.7174273729324341,0.20436157286167146,-0.6659837961196899,-0.15739977359771729,0.9788339138031006,0.13080355525016786,0.6786187291145325,0.010983634740114212,0.7344086170196533],"EasingStyle":"Linear","EasingDirection":"In"},"Head":{"Weight":1,"CFrame":[8.940696716308594e-8,-1.461012288928032e-8,1.1920928955078126e-7,0.9962460398674011,-0.06110687553882599,-0.06131846085190773,0.05138455703854561,0.9874690771102905,-0.14921286702156068,0.06966803222894669,0.14550191164016725,0.9869019985198975],"EasingStyle":"Linear","EasingDirection":"In"},"Right Leg":{"Weight":1,"CFrame":[0.5587141513824463,0.3899190425872803,0.09625875949859619,0.96587735414505,0.17512495815753938,-0.19081997871398927,-0.1671578288078308,0.9842691421508789,0.05720679089426994,0.19783660769462586,-0.023357754573225976,0.9799566864967346],"EasingStyle":"Linear","EasingDirection":"In"},"Torso":{"Weight":1,"CFrame":[-0.0039016762748360636,0.17914986610412599,-0.03534579277038574,0.9996004700660706,-0.02784116007387638,-0.004877183120697737,0.02784116007387638,0.9996123313903809,-0.00006790798943256959,0.004877182655036449,-0.00006790554471081123,0.9999881982803345],"EasingStyle":"Linear","EasingDirection":"In"},"HumanoidRootPart":{"Weight":1,"CFrame":[0,0,0,1,0,0,0,1,0,0,0,1],"EasingStyle":"Linear","EasingDirection":"In"},"Left Arm":{"Weight":1,"CFrame":[0.15835723280906678,0.35525012016296389,0.0018192529678344727,-0.7121777534484863,0.6404379606246948,0.28747493028640749,-0.626775324344635,-0.7645314931869507,0.1504809856414795,0.3161573112010956,-0.0730130523443222,0.9458931088447571],"EasingStyle":"Linear","EasingDirection":"In"}}},{"Time":0.2666666805744171,"poses":{"Left Leg":{"Weight":1,"CFrame":[-0.1430807262659073,0.06594908237457276,0.019443750381469728,0.9917762279510498,-0.010867464356124401,0.12752221524715424,0.003110849531367421,0.9981410503387451,0.06086752936244011,-0.1279466450214386,-0.05997026711702347,0.9899663329124451],"EasingStyle":"Linear","EasingDirection":"In"},"Right Arm":{"Weight":1,"CFrame":[-0.17277207970619203,-0.2962972819805145,-0.19297820329666139,0.6958005428314209,0.21549052000045777,-0.6851463317871094,-0.15853939950466157,0.9764811992645264,0.14611537754535676,0.7005190253257752,0.006955455988645554,0.7135998606681824],"EasingStyle":"Linear","EasingDirection":"In"},"Head":{"Weight":1,"CFrame":[8.754432201385498e-8,1.1670636013150215e-8,-5.960464477539063e-8,0.9945187568664551,-0.08073028922080994,-0.06644656509160996,0.0678456574678421,0.9817988276481628,-0.17739246785640717,0.07955809682607651,0.17191201448440553,0.9818944931030273],"EasingStyle":"Linear","EasingDirection":"In"},"Right Leg":{"Weight":1,"CFrame":[0.570823609828949,0.5351194739341736,0.10238611698150635,0.9688436388969421,0.13997644186019898,-0.2043249011039734,-0.1320648491382599,0.9898800849914551,0.05192568898200989,0.20952557027339936,-0.023323798552155496,0.9775250554084778],"EasingStyle":"Linear","EasingDirection":"In"},"Torso":{"Weight":1,"CFrame":[-0.004038440063595772,0.18156397342681886,-0.04334139823913574,0.9991891980171204,-0.039943303912878039,-0.005048137623816729,0.03998523950576782,0.9991642236709595,0.008500294759869576,0.004704387858510017,-0.008695255033671856,0.9999511241912842],"EasingStyle":"Linear","EasingDirection":"In"},"HumanoidRootPart":{"Weight":1,"CFrame":[0,0,0,1,0,0,0,1,0,0,0,1],"EasingStyle":"Linear","EasingDirection":"In"},"Left Arm":{"Weight":1,"CFrame":[0.16546720266342164,0.36577993631362917,0.0026955604553222658,-0.7386364936828613,0.5782377123832703,0.3464926481246948,-0.5440983176231384,-0.8148460984230042,0.19995775818824769,0.39796122908592226,-0.04083004593849182,0.9164932370185852],"EasingStyle":"Linear","EasingDirection":"In"}}},{"Time":0.30000001192092898,"poses":{"Left Leg":{"Weight":1,"CFrame":[-0.1982424557209015,0.07499849796295166,0.029282689094543458,0.9868248105049133,-0.08032361418008805,0.14044538140296937,0.07153700292110443,0.9952161908149719,0.06653717160224915,-0.1451180875301361,-0.05561351403594017,0.9878501296043396],"EasingStyle":"Linear","EasingDirection":"In"},"Right Arm":{"Weight":1,"CFrame":[-0.17277425527572633,-0.3015747666358948,-0.19465100765228272,0.6751044988632202,0.22565926611423493,-0.7023617029190064,-0.15999893844127656,0.9741940498352051,0.15920540690422059,0.7201626896858215,0.004896828439086676,0.6937879920005798],"EasingStyle":"Linear","EasingDirection":"In"},"Head":{"Weight":1,"CFrame":[8.707866072654724e-8,7.741618901491165e-9,1.1920928955078126e-7,0.992236316204071,-0.10301847755908966,-0.06967362016439438,0.08706451207399368,0.9754335284233093,-0.20235927402973176,0.08880873024463654,0.19472211599349976,0.9768297672271729],"EasingStyle":"Linear","EasingDirection":"In"},"Right Leg":{"Weight":1,"CFrame":[0.5523626804351807,0.5997252464294434,0.09156584739685059,0.9775879383087158,0.0856635570526123,-0.19231131672859193,-0.07865089923143387,0.9959385991096497,0.043822307139635089,0.19528433680534364,-0.027714742347598077,0.9803550243377686],"EasingStyle":"Linear","EasingDirection":"In"},"Torso":{"Weight":1,"CFrame":[-0.004223130643367767,0.1940247118473053,-0.05828738212585449,0.9996567368507385,-0.02566136233508587,-0.005279002245515585,0.025813892483711244,0.9991796612739563,0.031203242018818857,0.004473953973501921,-0.031328801065683368,0.9994991421699524],"EasingStyle":"Linear","EasingDirection":"In"},"HumanoidRootPart":{"Weight":1,"CFrame":[0,0,0,1,0,0,0,1,0,0,0,1],"EasingStyle":"Linear","EasingDirection":"In"},"Left Arm":{"Weight":1,"CFrame":[0.09886088222265244,0.33828192949295046,0.008272409439086914,-0.6685185432434082,0.6273550391197205,0.3993852436542511,-0.5961180329322815,-0.773127019405365,0.21660573780536652,0.4446641206741333,-0.09327588230371475,0.8908274173736572],"EasingStyle":"Linear","EasingDirection":"In"}}},{"Time":0.3333333432674408,"poses":{"Left Leg":{"Weight":1,"CFrame":[-0.25075340270996096,0.07920455932617188,0.0478205680847168,0.9693140387535095,-0.17311842739582063,0.17452898621559144,0.1623307317495346,0.9839268922805786,0.07440817356109619,-0.1846051961183548,-0.04379349201917648,0.9818366169929504],"EasingStyle":"Linear","EasingDirection":"In"},"Right Arm":{"Weight":1,"CFrame":[-0.172776997089386,-0.3059168756008148,-0.19571173191070558,0.6560444831848145,0.23614348471164704,-0.7168278098106384,-0.16408692300319673,0.9716987609863281,0.16993200778961183,0.7366689443588257,0.00613913731649518,0.6762257218360901],"EasingStyle":"Linear","EasingDirection":"In"},"Head":{"Weight":1,"CFrame":[8.707866072654724e-8,3.5201082937419417e-8,-1.7881393432617188e-7,0.9892556667327881,-0.12788423895835877,-0.07084393501281738,0.10930269956588745,0.9687830805778503,-0.22251391410827638,0.09708841890096665,0.21237972378730775,0.972352147102356],"EasingStyle":"Linear","EasingDirection":"In"},"Right Leg":{"Weight":1,"CFrame":[0.5389599204063416,0.5202693939208984,0.07411420345306397,0.9863397479057312,0.044249847531318668,-0.15866903960704804,-0.03890354186296463,0.9985707998275757,0.03664577752351761,0.16006389260292054,-0.029972437769174577,0.986651599407196],"EasingStyle":"Linear","EasingDirection":"In"},"Torso":{"Weight":1,"CFrame":[-0.005258573219180107,0.212592214345932,-0.08242988586425781,0.9999189972877502,0.01089917030185461,-0.006573304533958435,-0.010461376048624516,0.997938871383667,0.06331323832273483,0.007249817717820406,-0.06323934346437454,0.9979720711708069],"EasingStyle":"Linear","EasingDirection":"In"},"HumanoidRootPart":{"Weight":1,"CFrame":[0,0,0,1,0,0,0,1,0,0,0,1],"EasingStyle":"Linear","EasingDirection":"In"},"Left Arm":{"Weight":1,"CFrame":[-0.06765490025281906,0.2644340991973877,0.020656228065490724,-0.5238876938819885,0.7434212565422058,0.4157722592353821,-0.7318586111068726,-0.6425976157188416,0.2268286645412445,0.43580347299575808,-0.18545378744602204,0.8807283043861389],"EasingStyle":"Linear","EasingDirection":"In"}}},{"Time":0.36666667461395266,"poses":{"Left Leg":{"Weight":1,"CFrame":[-0.29559504985809328,0.07590150833129883,0.07653248310089112,0.9345824718475342,-0.2764599919319153,0.22388744354248048,0.2641192078590393,0.9608315229415894,0.08392731845378876,-0.23832067847251893,-0.019304009154438974,0.9709947109222412],"EasingStyle":"Linear","EasingDirection":"In"},"Right Arm":{"Weight":1,"CFrame":[-0.17278023064136506,-0.309312105178833,-0.19608277082443238,0.6393267512321472,0.24814212322235108,-0.7277958393096924,-0.17307008802890778,0.96864914894104,0.17822881042957307,0.7492049336433411,0.01201328169554472,0.6622294187545776],"EasingStyle":"Linear","EasingDirection":"In"},"Head":{"Weight":1,"CFrame":[9.499490261077881e-8,-3.573950380086899e-8,-5.960464477539063e-8,0.9853968024253845,-0.1552562266588211,-0.0699191763997078,0.13485032320022584,0.9622851610183716,-0.23626843094825746,0.10396434366703034,0.22338952124118806,0.9691690802574158],"EasingStyle":"Linear","EasingDirection":"In"},"Right Leg":{"Weight":1,"CFrame":[0.4780005216598511,0.3481384515762329,0.04243183135986328,0.9941481351852417,-0.009715151973068715,-0.10758813470602036,0.013649513944983483,0.9992624521255493,0.03589317575097084,0.10716015100479126,-0.03715168312191963,0.9935474991798401],"EasingStyle":"Linear","EasingDirection":"In"},"Torso":{"Weight":1,"CFrame":[-0.007261952385306358,0.23335298895835877,-0.11783766746520996,0.9979034662246704,0.06408002227544785,-0.009077528491616249,-0.0628533810377121,0.9929866790771484,0.10013540834188461,0.015430540777742863,-0.09935493022203446,0.9949324131011963],"EasingStyle":"Linear","EasingDirection":"In"},"HumanoidRootPart":{"Weight":1,"CFrame":[0,0,0,1,0,0,0,1,0,0,0,1],"EasingStyle":"Linear","EasingDirection":"In"},"Left Arm":{"Weight":1,"CFrame":[-0.2841253876686096,0.1572076678276062,0.036359310150146487,-0.315357506275177,0.8557382225990295,0.41019707918167117,-0.8717565536499023,-0.43202534317970278,0.23107321560382844,0.37495359778404238,-0.28472137451171877,0.8822377920150757],"EasingStyle":"Linear","EasingDirection":"In"}}},{"Time":0.4000000059604645,"poses":{"Left Leg":{"Weight":1,"CFrame":[-0.3334885835647583,0.06703752279281616,0.11572301387786865,0.8806852102279663,-0.38038140535354617,0.2823186218738556,0.36836037039756777,0.9246382713317871,0.09671948850154877,-0.2978329062461853,0.018815554678440095,0.9544326066970825],"EasingStyle":"Linear","EasingDirection":"In"},"Right Arm":{"Weight":1,"CFrame":[-0.17567066848278047,-0.31175005435943606,-0.1950899362564087,0.6275148391723633,0.2588769495487213,-0.7343078851699829,-0.190842404961586,0.9654783606529236,0.177287295460701,0.7548538446426392,0.028886716812849046,0.6552566885948181],"EasingStyle":"Linear","EasingDirection":"In"},"Head":{"Weight":1,"CFrame":[8.940696716308594e-8,7.147900760173798e-8,3.5762786865234377e-7,0.9804335832595825,-0.18509840965270997,-0.06699728965759278,0.1640063226222992,0.9563111066818237,-0.2420148253440857,0.10886680334806442,0.2262914776802063,0.9679567217826843],"EasingStyle":"Linear","EasingDirection":"In"},"Right Leg":{"Weight":1,"CFrame":[0.3328216075897217,0.18248087167739869,0.008379817008972168,0.9937672019004822,-0.10224851220846176,-0.044407084584236148,0.10403838753700257,0.9937663078308106,0.04005817696452141,0.040034420788288119,-0.04442860558629036,0.9982101321220398],"EasingStyle":"Linear","EasingDirection":"In"},"Torso":{"Weight":1,"CFrame":[-0.008860589936375618,0.25234749913215639,-0.16611647605895997,0.9917397499084473,0.12778733670711518,-0.0110758226364851,-0.12508738040924073,0.9826529026031494,0.13691747188568116,0.028380008414387704,-0.13440105319023133,0.9905205368995667],"EasingStyle":"Linear","EasingDirection":"In"},"HumanoidRootPart":{"Weight":1,"CFrame":[0,0,0,1,0,0,0,1,0,0,0,1],"EasingStyle":"Linear","EasingDirection":"In"},"Left Arm":{"Weight":1,"CFrame":[-0.5005959868431091,0.031145453453063966,0.05189383029937744,-0.08153453469276428,0.9112161993980408,0.40377864241600039,-0.9530138373374939,-0.18986868858337403,0.23603974282741548,0.2917481064796448,-0.365561306476593,0.8838823437690735],"EasingStyle":"Linear","EasingDirection":"In"}}},{"Time":0.4333333373069763,"poses":{"Left Leg":{"Weight":1,"CFrame":[-0.3679965138435364,0.056554436683654788,0.16398537158966065,0.810397744178772,-0.47575026750564577,0.3419317603111267,0.4671807289123535,0.8769270777702332,0.11287644505500794,-0.3535502254962921,0.06826909631490708,0.9329209923744202],"EasingStyle":"Linear","EasingDirection":"In"},"Right Arm":{"Weight":1,"CFrame":[-0.18358959257602693,-0.31322118639945986,-0.19223028421401978,0.6219156384468079,0.26512303948402407,-0.7368384599685669,-0.21651023626327516,0.9624803066253662,0.16356977820396424,0.7525584697723389,0.057806506752967837,0.6559832692146301],"EasingStyle":"Linear","EasingDirection":"In"},"Head":{"Weight":1,"CFrame":[8.381903171539307e-8,1.6298145055770875e-8,-2.980232238769531e-7,0.9748048782348633,-0.21612979471683503,-0.0551665835082531,0.19696657359600068,0.950108528137207,-0.24186377227306367,0.10468818992376328,0.22490400075912476,0.9687407612800598],"EasingStyle":"Linear","EasingDirection":"In"},"Right Leg":{"Weight":1,"CFrame":[0.2987278401851654,0.14044666290283204,-0.012599706649780274,0.9910205006599426,-0.1317923367023468,0.02256692759692669,0.1306476891040802,0.9903461337089539,0.046323347836732867,-0.028454046696424485,-0.04295913875102997,0.9986715912818909],"EasingStyle":"Linear","EasingDirection":"In"},"Torso":{"Weight":1,"CFrame":[-0.009579049423336983,0.2655907869338989,-0.22832202911376954,0.9809562563896179,0.19385941326618195,-0.011973898857831955,-0.18910448253154756,0.9673266410827637,0.16887520253658296,0.044320713728666309,-0.16339488327503205,0.9855647087097168],"EasingStyle":"Linear","EasingDirection":"In"},"HumanoidRootPart":{"Weight":1,"CFrame":[0,0,0,1,0,0,0,1,0,0,0,1],"EasingStyle":"Linear","EasingDirection":"In"},"Left Arm":{"Weight":1,"CFrame":[-0.6671117544174194,-0.07949674129486084,0.06377220153808594,0.11641715466976166,0.9104810953140259,0.3968266546726227,-0.9700838923454285,0.018537363037467004,0.24206146597862245,0.2130362093448639,-0.41313526034355166,0.8854010105133057],"EasingStyle":"Linear","EasingDirection":"In"}}},{"Time":0.46666666865348818,"poses":{"Left Leg":{"Weight":1,"CFrame":[-0.4029020667076111,0.04862558841705322,0.21685147285461427,0.7325747609138489,-0.5552655458450317,0.39371874928474429,0.5534427762031555,0.8226189017295837,0.13038145005702973,-0.3962767720222473,0.122386634349823,0.9099375605583191],"EasingStyle":"Linear","EasingDirection":"In"},"Right Arm":{"Weight":1,"CFrame":[-0.19541943073272706,-0.31371361017227175,-0.18768131732940675,0.6211265921592712,0.26765933632850649,-0.7365870475769043,-0.24493959546089173,0.9590882658958435,0.14196611940860749,0.7444504499435425,0.09224043041467667,0.6612753868103027],"EasingStyle":"Linear","EasingDirection":"In"},"Head":{"Weight":1,"CFrame":[8.568167686462403e-8,7.264316082000733e-8,2.384185791015625e-7,0.9690126180648804,-0.24499832093715669,-0.031469810754060748,0.23074133694171906,0.9432836174964905,-0.23869329690933228,0.08816439658403397,0.22403541207313538,0.9705850481987],"EasingStyle":"Linear","EasingDirection":"In"},"Right Leg":{"Weight":1,"CFrame":[0.45150741934776308,0.21838796138763429,-0.046858787536621097,0.9948936700820923,-0.05791136994957924,0.08266159147024155,0.053571972995996478,0.9971145391464233,0.05378282442688942,-0.08553768694400788,-0.049079831689596179,0.995125412940979],"EasingStyle":"Linear","EasingDirection":"In"},"Torso":{"Weight":1,"CFrame":[-0.010053679347038269,0.26720401644706728,-0.30216550827026369,0.9675820469856262,0.2522440254688263,-0.012567182071506977,-0.245269313454628,0.9503656625747681,0.19143733382225038,0.06023234501481056,-0.1821490079164505,0.9814243912696838],"EasingStyle":"Linear","EasingDirection":"In"},"HumanoidRootPart":{"Weight":1,"CFrame":[0,0,0,1,0,0,0,1,0,0,0,1],"EasingStyle":"Linear","EasingDirection":"In"},"Left Arm":{"Weight":1,"CFrame":[-0.7337180376052856,-0.12703177332878114,0.06850671768188477,0.23640471696853639,0.8901659846305847,0.3895091712474823,-0.9572193622589111,0.14451774954795838,0.2506906986236572,0.16686531901359559,-0.43211013078689577,0.886248767375946],"EasingStyle":"Linear","EasingDirection":"In"}}},{"Time":0.5,"poses":{"Left Leg":{"Weight":1,"CFrame":[-0.43467414379119875,0.04638683795928955,0.2636547088623047,0.6655476689338684,-0.6097093224525452,0.43046611547470095,0.6160908341407776,0.7743545770645142,0.14424681663513184,-0.421282023191452,0.16920307278633119,0.8910061717033386],"EasingStyle":"Linear","EasingDirection":"In"},"Right Arm":{"Weight":1,"CFrame":[-0.2100427746772766,-0.3136296570301056,-0.18162095546722413,0.6236380934715271,0.2673717737197876,-0.7345666289329529,-0.2713766396045685,0.9552963376045227,0.1173187717795372,0.7330964207649231,0.12617982923984528,0.668317437171936],"EasingStyle":"Linear","EasingDirection":"In"},"Head":{"Weight":1,"CFrame":[8.381903171539307e-8,-5.448237061500549e-8,-5.960464477539063e-8,0.9632333517074585,-0.2686586081981659,-0.002053896663710475,0.26084065437316897,0.9369801878929138,-0.2324446737766266,0.0643727257847786,0.22336266934871674,0.9726075530052185],"EasingStyle":"Linear","EasingDirection":"In"},"Right Leg":{"Weight":1,"CFrame":[0.5569521188735962,0.29433900117874148,-0.08409732580184937,0.992020308971405,-0.01114684622734785,0.12558533251285554,0.003364691510796547,0.9980698823928833,0.06200942397117615,-0.12603405117988587,-0.061092063784599307,0.9901430010795593],"EasingStyle":"Linear","EasingDirection":"In"},"Torso":{"Weight":1,"CFrame":[-0.011637222021818161,0.2543621361255646,-0.3735537528991699,0.9557804465293884,0.29372119903564455,-0.014546612277626992,-0.28500857949256899,0.9373520016670227,0.20035342872142793,0.07248333841562271,-0.18734799325466157,0.9796156883239746],"EasingStyle":"Linear","EasingDirection":"In"},"HumanoidRootPart":{"Weight":1,"CFrame":[0,0,0,1,0,0,0,1,0,0,0,1],"EasingStyle":"Linear","EasingDirection":"In"},"Left Arm":{"Weight":1,"CFrame":[-0.6963584423065186,-0.11105531454086304,0.048328280448913577,0.2622506022453308,0.8942973017692566,0.3625699579715729,-0.9465280175209045,0.16522260010242463,0.2771032750606537,0.18790793418884278,-0.4158531129360199,0.8898071646690369],"EasingStyle":"Linear","EasingDirection":"In"}}},{"Time":0.5333333611488342,"poses":{"Left Leg":{"Weight":1,"CFrame":[-0.46598270535469057,0.055719733238220218,0.29279065132141116,0.6324864625930786,-0.6330501437187195,0.446327805519104,0.6458854675292969,0.7491054534912109,0.14721813797950746,-0.42754295468330386,0.19516310095787049,0.8826768398284912],"EasingStyle":"Linear","EasingDirection":"In"},"Right Arm":{"Weight":1,"CFrame":[-0.22634215652942658,-0.3130406141281128,-0.17422699928283692,0.6279605627059937,0.26502177119255068,-0.7317301630973816,-0.291873574256897,0.9518021941184998,0.09424667805433274,0.7214398384094238,0.15438953042030335,0.6750470399856567],"EasingStyle":"Linear","EasingDirection":"In"},"Head":{"Weight":1,"CFrame":[1.043081283569336e-7,5.587935447692871e-9,-1.7881393432617188e-7,0.958387553691864,-0.284192830324173,0.02697894535958767,0.28287315368652346,0.9326974749565125,-0.22373682260513307,0.038421206176280978,0.22205817699432374,0.9742761850357056],"EasingStyle":"Linear","EasingDirection":"In"},"Right Leg":{"Weight":1,"CFrame":[0.6120625138282776,0.3596096634864807,-0.10692667961120606,0.9898806214332581,0.007381267845630646,0.14171093702316285,-0.017441051080822946,0.9974031448364258,0.06987767666578293,-0.14082707464694978,-0.07164210081100464,0.9874387383460999],"EasingStyle":"Linear","EasingDirection":"In"},"Torso":{"Weight":1,"CFrame":[-0.015644539147615434,0.2307424247264862,-0.4258279800415039,0.9506152868270874,0.3097550570964813,-0.01955575868487358,-0.3004821836948395,0.9342753887176514,0.19193792343139649,0.07772418856620789,-0.1765829473733902,0.981212317943573],"EasingStyle":"Linear","EasingDirection":"In"},"HumanoidRootPart":{"Weight":1,"CFrame":[0,0,0,1,0,0,0,1,0,0,0,1],"EasingStyle":"Linear","EasingDirection":"In"},"Left Arm":{"Weight":1,"CFrame":[-0.6018082499504089,-0.07590711116790772,0.003935456275939941,0.1964951604604721,0.9348181486129761,0.29581212997436526,-0.9408096671104431,0.0947813093662262,0.32541322708129885,0.27616462111473086,-0.34224507212638857,0.8981099724769592],"EasingStyle":"Linear","EasingDirection":"In"}}},{"Time":0.5666666626930237,"poses":{"Left Leg":{"Weight":1,"CFrame":[-0.48873257637023928,0.0739026665687561,0.2989743947982788,0.6393788456916809,-0.6273447275161743,0.4445597529411316,0.6425116062164307,0.7535167932510376,0.13925333321094514,-0.4223431348800659,0.19659921526908875,0.8848588466644287],"EasingStyle":"Linear","EasingDirection":"In"},"Right Arm":{"Weight":1,"CFrame":[-0.24319981038570405,-0.3114418089389801,-0.1656774878501892,0.6327055096626282,0.26115867495536806,-0.729026734828949,-0.30333852767944338,0.9497687816619873,0.0769743099808693,0.7125094532966614,0.17243985831737519,0.6801433563232422],"EasingStyle":"Linear","EasingDirection":"In"},"Head":{"Weight":1,"CFrame":[7.450580596923828e-8,2.7008354663848878e-8,-4.76837158203125e-7,0.9561058878898621,-0.28878313302993777,0.04965852200984955,0.29261448979377749,0.9320368766784668,-0.21373841166496278,0.015440455637872219,0.21888737380504609,0.9756279587745667],"EasingStyle":"Linear","EasingDirection":"In"},"Right Leg":{"Weight":1,"CFrame":[0.624995231628418,0.39667683839797976,-0.10943877696990967,0.9908077716827393,0.006291544996201992,0.13513095676898957,-0.016532188281416894,0.9970619082450867,0.07479489594697952,-0.13426326215267182,-0.07634139806032181,0.988000750541687],"EasingStyle":"Linear","EasingDirection":"In"},"Torso":{"Weight":1,"CFrame":[-0.020344756543636323,0.20733630657196046,-0.44428515434265139,0.9522974491119385,0.30410993099212649,-0.025431035086512567,-0.29553651809692385,0.9397982358932495,0.17157350480556489,0.07607724517583847,-0.15587319433689118,0.9848431348800659],"EasingStyle":"Linear","EasingDirection":"In"},"HumanoidRootPart":{"Weight":1,"CFrame":[0,0,0,1,0,0,0,1,0,0,0,1],"EasingStyle":"Linear","EasingDirection":"In"},"Left Arm":{"Weight":1,"CFrame":[-0.47636091709136965,-0.04075896739959717,-0.040457189083099368,0.04061482474207878,0.9946538209915161,0.09494316577911377,-0.9564819931983948,0.01122413482517004,0.2915758192539215,0.2889513373374939,-0.10265374183654785,0.9518243074417114],"EasingStyle":"Linear","EasingDirection":"In"}}},{"Time":0.6000000238418579,"poses":{"Left Leg":{"Weight":1,"CFrame":[-0.4945395290851593,0.09166145324707031,0.28633034229278567,0.6721877455711365,-0.6012066602706909,0.4321044981479645,0.6143743395805359,0.7786269187927246,0.12760978937149049,-0.41316816210746767,0.1796962171792984,0.8927493095397949],"EasingStyle":"Linear","EasingDirection":"In"},"Right Arm":{"Weight":1,"CFrame":[-0.25949835777282717,-0.3083270490169525,-0.15614992380142213,0.6366023421287537,0.25614678859710696,-0.7274107933044434,-0.30326399207115176,0.9503862857818604,0.06925905495882034,0.7090617418289185,0.17650702595710755,0.6826982498168945],"EasingStyle":"Linear","EasingDirection":"In"},"Head":{"Weight":1,"CFrame":[1.1920928955078126e-7,-2.2351741790771486e-8,1.1920928955078126e-7,0.9572555422782898,-0.2819141149520874,0.06470217555761337,0.289223313331604,0.9355885982513428,-0.2025434374809265,-0.00343476515263319,0.21259915828704835,0.977133572101593],"EasingStyle":"Linear","EasingDirection":"In"},"Right Leg":{"Weight":1,"CFrame":[0.6409093737602234,0.4525778293609619,-0.10513430833816529,0.9930985569953919,0.011523227207362652,0.11671610921621323,-0.020439529791474344,0.9969373941421509,0.07548606395721436,-0.11548876762390137,-0.07735080271959305,0.9902925491333008],"EasingStyle":"Linear","EasingDirection":"In"},"Torso":{"Weight":1,"CFrame":[-0.02245369553565979,0.18819665908813477,-0.427520751953125,0.9576932191848755,0.2864190638065338,-0.028067199513316156,-0.27944767475128176,0.9488087892532349,0.1472102701663971,0.06879423558712006,-0.133138969540596,0.9887069463729858],"EasingStyle":"Linear","EasingDirection":"In"},"HumanoidRootPart":{"Weight":1,"CFrame":[0,0,0,1,0,0,0,1,0,0,0,1],"EasingStyle":"Linear","EasingDirection":"In"},"Left Arm":{"Weight":1,"CFrame":[-0.34630927443504336,-0.024781405925750734,-0.06063562631607056,-0.09797372668981552,0.9555995464324951,-0.2779043912887573,-0.9894857406616211,-0.06368382275104523,0.12985552847385407,0.10639188438653946,0.287704735994339,0.9517913460731506],"EasingStyle":"Linear","EasingDirection":"In"}}},{"Time":0.6333333253860474,"poses":{"Left Leg":{"Weight":1,"CFrame":[-0.49008867144584658,0.10606276988983154,0.259505033493042,0.7199353575706482,-0.5613311529159546,0.4081672132015228,0.5691236257553101,0.8140692710876465,0.11571303755044937,-0.3972298204898834,0.148991659283638,0.9055440425872803],"EasingStyle":"Linear","EasingDirection":"In"},"Right Arm":{"Weight":1,"CFrame":[-0.27412039041519167,-0.30319321155548098,-0.14582234621047975,0.6381987929344177,0.25298741459846499,-0.7271174192428589,-0.29233282804489138,0.9533616304397583,0.07512117922306061,0.712210476398468,0.1646180897951126,0.682390809059143