{"Sequence":[{"Time":0,"poses":{"Left Leg":{"Weight":1,"CFrame":[-0.016475968062877656,0.5981935262680054,-0.16684597730636598,0.7904159426689148,0.19253595173358918,0.5815261006355286,-0.5293900966644287,0.6923313736915588,0.4903301000595093,-0.3082025945186615,-0.6954187750816345,0.6491563320159912],"EasingStyle":"Linear","EasingDirection":"In"},"Right Arm":{"Weight":1,"CFrame":[-0.14098092913627625,-0.060498327016830447,0.0954204797744751,0.9440838694572449,0.04312681406736374,0.32687264680862429,-0.1408108025789261,0.9491848945617676,0.28146111965179446,-0.2981240153312683,-0.31175023317337038,0.902182936668396],"EasingStyle":"Linear","EasingDirection":"In"},"Head":{"Weight":1,"CFrame":[9.825453162193299e-8,-3.42843122780323e-8,3.5762786865234377e-7,0.999815821647644,-0.0011516893282532693,-0.019161319360136987,0.002114835660904646,0.9987308979034424,0.05032125115394592,0.019079046323895456,-0.05035250261425972,0.9985492825508118],"EasingStyle":"Linear","EasingDirection":"In"},"Right Leg":{"Weight":1,"CFrame":[0.29365161061286929,0.23965328931808473,0.21764373779296876,0.8660657405853272,0.17058372497558595,-0.4699268937110901,-0.1829991489648819,0.9829189777374268,0.01953655481338501,0.4652326703071594,0.06907624751329422,0.8824892044067383],"EasingStyle":"Linear","EasingDirection":"In"},"Torso":{"Weight":1,"CFrame":[-0.05528301000595093,-0.07157662510871887,-0.2659435272216797,0.9991518259048462,-0.029876433312892915,0.02834106795489788,0.0323040597140789,0.9954654574394226,-0.08947079628705979,-0.025539487600326539,0.09031043201684952,0.9955861568450928],"EasingStyle":"Linear","EasingDirection":"In"},"HumanoidRootPart":{"Weight":1,"CFrame":[0,0,0,1,0,0,0,1,0,0,0,1],"EasingStyle":"Linear","EasingDirection":"In"},"Left Arm":{"Weight":1,"CFrame":[0.13357886672019959,-0.13329729437828065,0.12551236152648927,0.9428774118423462,-0.04330235347151756,-0.3303139805793762,0.13042758405208589,0.9603500366210938,0.2464071363210678,0.3065469563007355,-0.2754138112068176,0.9111401438713074],"EasingStyle":"Linear","EasingDirection":"In"}}},{"Time":0.03333333507180214,"poses":{"Left Leg":{"Weight":1,"CFrame":[0.02076524682343006,0.5243285894393921,-0.12308651208877564,0.7816862463951111,0.21335469186306,0.5860430002212524,-0.532340943813324,0.7178124785423279,0.44872981309890749,-0.3249303698539734,-0.6627405881881714,0.674681544303894],"EasingStyle":"Linear","EasingDirection":"In"},"Right Arm":{"Weight":1,"CFrame":[-0.14107833802700044,-0.06000414490699768,0.09575164318084717,0.9440838694572449,0.04312678799033165,0.32687264680862429,-0.1408107578754425,0.9491848945617676,0.28146103024482729,-0.2981240749359131,-0.3117501139640808,0.902182936668396],"EasingStyle":"Linear","EasingDirection":"In"},"Head":{"Weight":1,"CFrame":[9.778887033462525e-8,-3.2247044146060946e-8,-2.980232238769531e-7,0.9997877478599548,-0.0001754737604642287,-0.02060466818511486,0.0012163111241534353,0.9987227320671082,0.05051296949386597,0.020569486543536187,-0.05052730441093445,0.9985108971595764],"EasingStyle":"Linear","EasingDirection":"In"},"Right Leg":{"Weight":1,"CFrame":[0.30199939012527468,0.23482096195220948,0.2225428819656372,0.8664184808731079,0.17478042840957642,-0.46772950887680056,-0.19249679148197175,0.9812458157539368,0.010090789757668972,0.46072137355804446,0.08129353076219559,0.8838140368461609],"EasingStyle":"Linear","EasingDirection":"In"},"Torso":{"Weight":1,"CFrame":[-0.06965920329093933,-0.0718209445476532,-0.2689094543457031,0.9990927577018738,-0.030852852389216424,0.02935635857284069,0.0333767905831337,0.9954025745391846,-0.0897761881351471,-0.02645154297351837,0.09067455679178238,0.9955292344093323],"EasingStyle":"Linear","EasingDirection":"In"},"HumanoidRootPart":{"Weight":1,"CFrame":[0,0,0,1,0,0,0,1,0,0,0,1],"EasingStyle":"Linear","EasingDirection":"In"},"Left Arm":{"Weight":1,"CFrame":[0.13367627561092378,-0.1328028440475464,0.12518203258514405,0.9428774118423462,-0.04330233111977577,-0.33031395077705386,0.13042758405208589,0.9603500962257385,0.2464071810245514,0.30654698610305788,-0.27541384100914,0.9111400842666626],"EasingStyle":"Linear","EasingDirection":"In"}}},{"Time":0.06666667014360428,"poses":{"Left Leg":{"Weight":1,"CFrame":[0.02462511695921421,0.44631922245025637,-0.04651111364364624,0.7891126275062561,0.1875300407409668,0.5849220752716065,-0.466126412153244,0.8029853701591492,0.37140390276908877,-0.40003445744514468,-0.5657269954681397,0.7210584878921509],"EasingStyle":"Linear","EasingDirection":"In"},"Right Arm":{"Weight":1,"CFrame":[-0.14176037907600404,-0.05653965473175049,0.09665775299072266,0.9440838694572449,0.04312681779265404,0.3268726170063019,-0.1408107727766037,0.9491848945617676,0.28146108984947207,-0.2981240749359131,-0.3117501437664032,0.9021828770637512],"EasingStyle":"Linear","EasingDirection":"In"},"Head":{"Weight":1,"CFrame":[6.565824151039124e-8,3.236345946788788e-8,0,0.9996951818466187,0.0025026912335306408,-0.024561291560530664,-0.0012460611760616303,0.9986956119537354,0.05104546248912811,0.024657003581523896,-0.05099929869174957,0.9983943700790405],"EasingStyle":"Linear","EasingDirection":"In"},"Right Leg":{"Weight":1,"CFrame":[0.3183060884475708,0.22404801845550538,0.23179638385772706,0.8670367002487183,0.18289637565612794,-0.4634611904621124,-0.21052448451519013,0.9775552749633789,-0.008072053082287312,0.451582670211792,0.10456863045692444,0.8860804438591003],"EasingStyle":"Linear","EasingDirection":"In"},"Torso":{"Weight":1,"CFrame":[-0.09470996260643006,-0.07256443798542023,-0.2744746208190918,0.9989138841629028,-0.03355612978339195,0.03232685849070549,0.03636723384261131,0.9952136278152466,-0.09070555865764618,-0.02912839502096176,0.09178268164396286,0.9953530430793762],"EasingStyle":"Linear","EasingDirection":"In"},"HumanoidRootPart":{"Weight":1,"CFrame":[0,0,0,1,0,0,0,1,0,0,0,1],"EasingStyle":"Linear","EasingDirection":"In"},"Left Arm":{"Weight":1,"CFrame":[0.13435831665992738,-0.12933838367462159,0.12427687644958496,0.9428772926330566,-0.04330231994390488,-0.3303139805793762,0.13042758405208589,0.9603500366210938,0.24640724062919618,0.30654701590538027,-0.2754138112068176,0.9111401438713074],"EasingStyle":"Linear","EasingDirection":"In"}}},{"Time":0.10000000149011612,"poses":{"Left Leg":{"Weight":1,"CFrame":[-0.1670031100511551,0.5196295976638794,0.09205043315887451,0.8241171836853027,-0.02075681835412979,0.5660387873649597,-0.1882462054491043,0.9324877858161926,0.3082692623138428,-0.5342230796813965,-0.3606046140193939,0.7645719051361084],"EasingStyle":"Linear","EasingDirection":"In"},"Right Arm":{"Weight":1,"CFrame":[-0.14361149072647096,-0.04713660478591919,0.09800899028778076,0.9440838694572449,0.04312678799033165,0.32687264680862429,-0.1408108025789261,0.9491849541664124,0.28146108984947207,-0.29812413454055788,-0.311750203371048,0.9021828770637512],"EasingStyle":"Linear","EasingDirection":"In"},"Head":{"Weight":1,"CFrame":[9.639188647270203e-8,-2.3283064365386965e-10,-2.384185791015625e-7,0.9995145797729492,0.006507933139801025,-0.030470026656985284,-0.004921343643218279,0.9986423254013062,0.05185926333069801,0.030766159296035768,-0.051684148609638217,0.9981894493103027],"EasingStyle":"Linear","EasingDirection":"In"},"Right Leg":{"Weight":1,"CFrame":[0.33533668518066409,0.20446163415908814,0.24139058589935304,0.8686640858650208,0.1902858465909958,-0.4573991298675537,-0.2305939644575119,0.9724779725074768,-0.03336235508322716,0.4384623169898987,0.13445411622524262,0.8886354565620422],"EasingStyle":"Linear","EasingDirection":"In"},"Torso":{"Weight":1,"CFrame":[-0.12664857506752015,-0.07381774485111237,-0.27764463424682619,0.9986007213592529,-0.03764401748776436,0.03714142367243767,0.04093613475561142,0.9948920011520386,-0.09227219969034195,-0.033478207886219028,0.0936635211110115,0.9950408935546875],"EasingStyle":"Linear","EasingDirection":"In"},"HumanoidRootPart":{"Weight":1,"CFrame":[0,0,0,1,0,0,0,1,0,0,0,1],"EasingStyle":"Linear","EasingDirection":"In"},"Left Arm":{"Weight":1,"CFrame":[0.13620944321155549,-0.11993563175201416,0.1229257583618164,0.9428774118423462,-0.043302372097969058,-0.33031395077705386,0.13042761385440827,0.9603500366210938,0.24640700221061707,0.30654701590538027,-0.2754138112068176,0.9111400842666626],"EasingStyle":"Linear","EasingDirection":"In"}}},{"Time":0.13333334028720857,"poses":{"Left Leg":{"Weight":1,"CFrame":[-0.49903786182403567,0.5147218704223633,0.307708740234375,0.7504010200500488,-0.4176070988178253,0.5123501420021057,0.32293474674224856,0.9079549312591553,0.26707860827445986,-0.5767248868942261,-0.03496043011546135,0.816190242767334],"EasingStyle":"Linear","EasingDirection":"In"},"Right Arm":{"Weight":1,"CFrame":[-0.1472163051366806,-0.028826087713241578,0.09967517852783203,0.9440839290618897,0.04312678426504135,0.3268726170063019,-0.1408107578754425,0.9491848945617676,0.2814610004425049,-0.2981240749359131,-0.311750203371048,0.902182936668396],"EasingStyle":"Linear","EasingDirection":"In"},"Head":{"Weight":1,"CFrame":[8.754432201385498e-8,-3.5390257835388186e-8,-1.7881393432617188e-7,0.9992207884788513,0.011465110816061497,-0.03776908665895462,-0.009458117187023163,0.9985553026199341,0.05289525166153908,0.03832096606492996,-0.05249679461121559,0.9978855848312378],"EasingStyle":"Linear","EasingDirection":"In"},"Right Leg":{"Weight":1,"CFrame":[0.32938581705093386,0.14811640977859498,0.24090981483459474,0.8743513226509094,0.18104641139507295,-0.4502577483654022,-0.24070999026298524,0.9674226641654968,-0.07843660563230515,0.4213889241218567,0.17696259915828706,0.8894469141960144],"EasingStyle":"Linear","EasingDirection":"In"},"Torso":{"Weight":1,"CFrame":[-0.16173215210437776,-0.07554212212562561,-0.2529754638671875,0.9981317520141602,-0.04276930168271065,0.04363446310162544,0.0467388741672039,0.9944339394569397,-0.0944276973605156,-0.039352986961603168,0.09629069268703461,0.994575023651123],"EasingStyle":"Linear","EasingDirection":"In"},"HumanoidRootPart":{"Weight":1,"CFrame":[0,0,0,1,0,0,0,1,0,0,0,1],"EasingStyle":"Linear","EasingDirection":"In"},"Left Arm":{"Weight":1,"CFrame":[0.13981427252292634,-0.10162454843521118,0.12125754356384278,0.9428773522377014,-0.04330231994390488,-0.3303140103816986,0.1304275542497635,0.9603500962257385,0.2464071661233902,0.30654701590538027,-0.2754139006137848,0.9111401438713074],"EasingStyle":"Linear","EasingDirection":"In"}}},{"Time":0.1666666716337204,"poses":{"Left Leg":{"Weight":1,"CFrame":[-0.6682037711143494,0.03905695676803589,0.47374236583709719,0.48125338554382326,-0.7585203051567078,0.4393656551837921,0.8012274503707886,0.5839514136314392,0.13051919639110566,-0.3555697798728943,0.28921905159950259,0.8887758851051331],"EasingStyle":"Linear","EasingDirection":"In"},"Right Arm":{"Weight":1,"CFrame":[-0.15278202295303346,0.014932394027709961,0.10151207447052002,0.9440838694572449,0.04312678799033165,0.3268726170063019,-0.1408107727766037,0.9491848945617676,0.28146103024482729,-0.2981240749359131,-0.3117501139640808,0.9021828770637512],"EasingStyle":"Linear","EasingDirection":"In"},"Head":{"Weight":1,"CFrame":[6.798654794692993e-8,-2.0023435354232789e-8,0,0.9988016486167908,0.016997521743178369,-0.04589686542749405,-0.014505711384117604,0.9984308481216431,0.05408913642168045,0.04674422740936279,-0.0533585362136364,0.9974808096885681],"EasingStyle":"Linear","EasingDirection":"In"},"Right Leg":{"Weight":1,"CFrame":[0.26464203000068667,0.04004698991775513,0.20496690273284913,0.8867509365081787,0.13248935341835023,-0.44285354018211367,-0.21541111171245576,0.9660997986793518,-0.1422998309135437,0.40898755192756655,0.22158007323741914,0.8852295875549316],"EasingStyle":"Linear","EasingDirection":"In"},"Torso":{"Weight":1,"CFrame":[-0.19639886915683747,-0.07751812040805817,-0.17716741561889649,0.997495174407959,-0.04857969284057617,0.051414407789707187,0.053397152572870257,0.9938609600067139,-0.09689769148826599,-0.04639151319861412,0.0994003564119339,0.9939655065536499],"EasingStyle":"Linear","EasingDirection":"In"},"HumanoidRootPart":{"Weight":1,"CFrame":[0,0,0,1,0,0,0,1,0,0,0,1],"EasingStyle":"Linear","EasingDirection":"In"},"Left Arm":{"Weight":1,"CFrame":[0.1453799605369568,-0.057866573333740237,0.11941671371459961,0.9428773522377014,-0.04330231621861458,-0.3303140103816986,0.13042758405208589,0.9603500366210938,0.2464071661233902,0.30654701590538027,-0.2754138708114624,0.9111400842666626],"EasingStyle":"Linear","EasingDirection":"In"}}},{"Time":0.20000000298023225,"poses":{"Left Leg":{"Weight":1,"CFrame":[-0.42474788427352908,-0.39379966259002688,0.4252800941467285,0.27325186133384707,-0.818187415599823,0.5058684945106506,0.9560379981994629,0.28916722536087038,-0.04872051253914833,-0.10641811043024063,0.49694234132766726,0.8612337112426758],"EasingStyle":"Linear","EasingDirection":"In"},"Right Arm":{"Weight":1,"CFrame":[-0.15827322006225587,0.07131034135818482,0.10331737995147705,0.9440838694572449,0.04312678053975105,0.32687273621559145,-0.1408107578754425,0.9491849541664124,0.28146108984947207,-0.29812413454055788,-0.3117501437664032,0.902182936668396],"EasingStyle":"Linear","EasingDirection":"In"},"Head":{"Weight":1,"CFrame":[9.592622518539429e-8,-7.450580596923828e-9,1.1920928955078126e-7,0.9982664585113525,0.022726446390151979,-0.054293133318424228,-0.019715288653969766,0.9982714653015137,0.05536705255508423,0.05545758083462715,-0.054200660437345508,0.9969888925552368],"EasingStyle":"Linear","EasingDirection":"In"},"Right Leg":{"Weight":1,"CFrame":[0.1661071479320526,-0.06475090980529785,0.143182635307312,0.8977747559547424,0.06308586895465851,-0.4359135329723358,-0.16771024465560914,0.9640994668006897,-0.205877885222435,0.4072760045528412,0.25793910026550295,0.876124382019043],"EasingStyle":"Linear","EasingDirection":"In"},"Torso":{"Weight":1,"CFrame":[-0.2271357774734497,-0.07948707044124603,-0.10375070571899414,0.9966953992843628,-0.05472669005393982,0.06002878397703171,0.060519468039274219,0.9932095408439636,-0.09935886412858963,-0.05418359115719795,0.10266342014074326,0.9932393431663513],"EasingStyle":"Linear","EasingDirection":"In"},"HumanoidRootPart":{"Weight":1,"CFrame":[0,0,0,1,0,0,0,1,0,0,0,1],"EasingStyle":"Linear","EasingDirection":"In"},"Left Arm":{"Weight":1,"CFrame":[0.150871142745018,-0.0014886260032653809,0.11760962009429932,0.9428774118423462,-0.04330234229564667,-0.3303139805793762,0.13042756915092469,0.9603500366210938,0.2464071363210678,0.3065469563007355,-0.27541384100914,0.9111401438713074],"EasingStyle":"Linear","EasingDirection":"In"}}},{"Time":0.23333333432674409,"poses":{"Left Leg":{"Weight":1,"CFrame":[-0.09678786993026734,-0.4642341136932373,0.37078654766082766,0.16851867735385896,-0.7332972884178162,0.6586929559707642,0.9814113974571228,0.18707913160324098,-0.04281436651945114,-0.09183210879564285,0.6536639332771301,0.7511927485466003],"EasingStyle":"Linear","EasingDirection":"In"},"Right Arm":{"Weight":1,"CFrame":[-0.16091056168079377,0.09923148155212403,0.1048746109008789,0.9440839290618897,0.04312682896852493,0.3268726170063019,-0.1408107876777649,0.9491848945617676,0.28146108984947207,-0.2981240749359131,-0.31175023317337038,0.9021828770637512],"EasingStyle":"Linear","EasingDirection":"In"},"Head":{"Weight":1,"CFrame":[9.592622518539429e-8,4.0978193283081057e-8,2.384185791015625e-7,0.9976507425308228,0.028271201997995378,-0.062399972230196,-0.024740679189562799,0.9980878829956055,0.056644100695848468,0.06388204544782639,-0.05496720224618912,0.9964426159858704],"EasingStyle":"Linear","EasingDirection":"In"},"Right Leg":{"Weight":1,"CFrame":[0.06839416921138764,-0.13788890838623048,0.07964086532592774,0.9029707312583923,-0.003909823950380087,-0.42968443036079409,-0.11831707507371903,0.9590430855751038,-0.25736674666404726,0.4130921959877014,0.2832336127758026,0.8655251264572144],"EasingStyle":"Linear","EasingDirection":"In"},"Torso":{"Weight":1,"CFrame":[-0.2504342496395111,-0.08119955658912659,-0.06076455116271973,0.9957566857337952,-0.06086965650320053,0.06901943683624268,0.06770764291286469,0.9925288558006287,-0.10149946063756943,-0.062325555831193927,0.10574190318584442,0.9924384951591492],"EasingStyle":"Linear","EasingDirection":"In"},"HumanoidRootPart":{"Weight":1,"CFrame":[0,0,0,1,0,0,0,1,0,0,0,1],"EasingStyle":"Linear","EasingDirection":"In"},"Left Arm":{"Weight":1,"CFrame":[0.1535084843635559,0.026432514190673829,0.11605823040008545,0.9428773522377014,-0.04330230504274368,-0.33031392097473147,0.13042758405208589,0.9603500962257385,0.2464071363210678,0.3065469563007355,-0.27541384100914,0.9111401438713074],"EasingStyle":"Linear","EasingDirection":"In"}}},{"Time":0.2666666805744171,"poses":{"Left Leg":{"Weight":1,"CFrame":[0.02902856469154358,-0.4627948999404907,0.35358166694641116,0.08717729151248932,-0.6912097334861755,0.7173765897750855,0.9905538558959961,0.1366579830646515,0.011298833414912224,-0.10584515333175659,0.709615170955658,0.6965939402580261],"EasingStyle":"Linear","EasingDirection":"In"},"Right Arm":{"Weight":1,"CFrame":[-0.16112950444221497,0.09910327196121216,0.1060490608215332,0.9440838694572449,0.04312679544091225,0.32687270641326907,-0.1408107578754425,0.9491849541664124,0.28146103024482729,-0.2981241047382355,-0.3117501735687256,0.9021828770637512],"EasingStyle":"Linear","EasingDirection":"In"},"Head":{"Weight":1,"CFrame":[7.916241884231568e-8,-3.073364496231079e-8,-1.7881393432617188e-7,0.9970163702964783,0.033249787986278537,-0.06966269016265869,-0.02923896349966526,0.997898519039154,0.057824354618787768,0.07143894582986832,-0.05561496317386627,0.9958933591842651],"EasingStyle":"Linear","EasingDirection":"In"},"Right Leg":{"Weight":1,"CFrame":[-0.014656741172075272,-0.17592525482177735,0.027824878692626954,0.9030766487121582,-0.0587887167930603,-0.425436794757843,-0.0723881721496582,0.9555797576904297,-0.2857048809528351,0.4233350455760956,0.2888098657131195,0.8587062358856201],"EasingStyle":"Linear","EasingDirection":"In"},"Torso":{"Weight":1,"CFrame":[-0.26278966665267947,-0.08241723477840424,-0.040550947189331058,0.9947272539138794,-0.06667741388082504,0.07792337238788605,0.07455698400735855,0.9918809533119202,-0.1030215471982956,-0.07042150944471359,0.10828806459903717,0.9916221499443054],"EasingStyle":"Linear","EasingDirection":"In"},"HumanoidRootPart":{"Weight":1,"CFrame":[0,0,0,1,0,0,0,1,0,0,0,1],"EasingStyle":"Linear","EasingDirection":"In"},"Left Arm":{"Weight":1,"CFrame":[0.1537274420261383,0.026304543018341066,0.1148996353149414,0.9428772926330566,-0.04330234229564667,-0.33031409978866579,0.13042756915092469,0.9603500962257385,0.24640712141990663,0.30654704570770266,-0.27541384100914,0.9111401438713074],"EasingStyle":"Linear","EasingDirection":"In"}}},{"Time":0.30000001192092898,"poses":{"Left Leg":{"Weight":1,"CFrame":[0.020697422325611116,-0.47743308544158938,0.372233510017395,0.04145639389753342,-0.6998658180236816,0.7130702137947083,0.9956339597702026,0.08867592364549637,0.029149793088436128,-0.08363313972949982,0.7087485790252686,0.7004864811897278],"EasingStyle":"Linear","EasingDirection":"In"},"Right Arm":{"Weight":1,"CFrame":[-0.16124188899993897,0.09820842742919922,0.10703134536743164,0.9440839290618897,0.04312676563858986,0.3268725872039795,-0.1408107727766037,0.9491848945617676,0.28146108984947207,-0.2981240451335907,-0.3117501735687256,0.9021828770637512],"EasingStyle":"Linear","EasingDirection":"In"},"Head":{"Weight":1,"CFrame":[1.1362135410308838e-7,-1.862645149230957e-8,1.1920928955078126e-7,0.9964464902877808,0.03727950155735016,-0.07552991062402725,-0.03287024796009064,0.9977282881736755,0.058802906423807147,0.0775504857301712,-0.05611126124858856,0.9954081773757935],"EasingStyle":"Linear","EasingDirection":"In"},"Right Leg":{"Weight":1,"CFrame":[-0.12187971919775009,-0.1867760419845581,-0.030615925788879396,0.8971557021141052,-0.12424159795045853,-0.4238817095756531,-0.007510509341955185,0.9551990032196045,-0.29586905241012576,0.44165074825286868,0.26862409710884097,0.8560290336608887],"EasingStyle":"Linear","EasingDirection":"In"},"Torso":{"Weight":1,"CFrame":[-0.2651796340942383,-0.082994744181633,-0.03534650802612305,0.9937004446983337,-0.07174886763095856,0.08609014749526978,0.08056603372097016,0.9913356900215149,-0.10374345630407334,-0.07790075242519379,0.11002584546804428,0.9908713102340698],"EasingStyle":"Linear","EasingDirection":"In"},"HumanoidRootPart":{"Weight":1,"CFrame":[0,0,0,1,0,0,0,1,0,0,0,1],"EasingStyle":"Linear","EasingDirection":"In"},"Left Arm":{"Weight":1,"CFrame":[0.1538398265838623,0.025409698486328126,0.11393177509307862,0.9428773522377014,-0.04330231994390488,-0.33031395077705386,0.13042759895324708,0.9603500366210938,0.24640707671642304,0.30654701590538027,-0.27541378140449526,0.9111400842666626],"EasingStyle":"Linear","EasingDirection":"In"}}},{"Time":0.3333333432674408,"poses":{"Left Leg":{"Weight":1,"CFrame":[0.01451420783996582,-0.4586794376373291,0.38213348388671877,0.02121318317949772,-0.7065841555595398,0.7073110342025757,0.9968353509902954,0.06916142255067826,0.03919392451643944,-0.07661247998476029,0.704241156578064,0.7058151364326477],"EasingStyle":"Linear","EasingDirection":"In"},"Right Arm":{"Weight":1,"CFrame":[-0.16128338873386384,0.0957791805267334,0.10809516906738281,0.9440839290618897,0.04312684014439583,0.3268726170063019,-0.14081072807312013,0.9491848349571228,0.28146106004714968,-0.2981241047382355,-0.3117501735687256,0.9021828770637512],"EasingStyle":"Linear","EasingDirection":"In"},"Head":{"Weight":1,"CFrame":[2.0489096641540528e-8,1.7695128917694093e-8,1.1920928955078126e-7,0.99603670835495,0.039977606385946277,-0.07945273816585541,-0.03529676795005798,0.9976059794425964,0.05946963652968407,0.08163996785879135,-0.056429531425237659,0.9950631260871887],"EasingStyle":"Linear","EasingDirection":"In"},"Right Leg":{"Weight":1,"CFrame":[-0.20517924427986146,-0.17711293697357179,-0.07221716642379761,0.8891971111297607,-0.1723550409078598,-0.4238187372684479,0.04111971706151962,0.9526869058609009,-0.3011590242385864,0.4556729197502136,0.2503623962402344,0.8542137145996094],"EasingStyle":"Linear","EasingDirection":"In"},"Torso":{"Weight":1,"CFrame":[-0.26363158226013186,-0.08312858641147614,-0.0392153263092041,0.9928898215293884,-0.07537239044904709,0.09213458746671677,0.08486815541982651,0.9909592270851135,-0.10391072928905487,-0.08346960693597794,0.1109912171959877,0.9903099536895752],"EasingStyle":"Linear","EasingDirection":"In"},"HumanoidRootPart":{"Weight":1,"CFrame":[0,0,0,1,0,0,0,1,0,0,0,1],"EasingStyle":"Linear","EasingDirection":"In"},"Left Arm":{"Weight":1,"CFrame":[0.15388131141662599,0.02298027276992798,0.11286771297454834,0.9428772926330566,-0.043302327394485477,-0.3303140699863434,0.13042759895324708,0.9603500366210938,0.24640709161758424,0.30654704570770266,-0.27541378140449526,0.9111400842666626],"EasingStyle":"Linear","EasingDirection":"In"}}},{"Time":0.36666667461395266,"poses":{"Left Leg":{"Weight":1,"CFrame":[0.008193932473659516,-0.4240267276763916,0.3902463912963867,0.01737782545387745,-0.711230993270874,0.7027435302734375,0.9964113831520081,0.07055193930864334,0.04676420986652374,-0.08284010738134384,0.6994088888168335,0.709904670715332],"EasingStyle":"Linear","EasingDirection":"In"},"Right Arm":{"Weight":1,"CFrame":[-0.161289244890213,0.09104835987091065,0.10951173305511475,0.9440839290618897,0.04312676563858986,0.3268726170063019,-0.1408107578754425,0.9491848945617676,0.28146108984947207,-0.2981240749359131,-0.31175026297569277,0.9021828174591065],"EasingStyle":"Linear","EasingDirection":"In"},"Head":{"Weight":1,"CFrame":[1.695007085800171e-7,-6.612390279769898e-8,-2.384185791015625e-7,0.9958816766738892,0.04096180200576782,-0.08088252693414688,-0.03618093207478523,0.9975596070289612,0.05971520021557808,0.08313119411468506,-0.05654286965727806,0.9949331879615784],"EasingStyle":"Linear","EasingDirection":"In"},"Right Leg":{"Weight":1,"CFrame":[-0.2065962255001068,-0.165519118309021,-0.07162052392959595,0.8891730904579163,-0.1723450869321823,-0.4238731265068054,0.04001970589160919,0.9520965218544006,-0.30316779017448428,0.4558175504207611,0.25260528922080996,0.8534757494926453],"EasingStyle":"Linear","EasingDirection":"In"},"Torso":{"Weight":1,"CFrame":[-0.2622124254703522,-0.08310939371585846,-0.05106234550476074,0.9925618171691895,-0.07675696909427643,0.09449567645788193,0.08651263266801834,0.99081951379776,-0.10388673841953278,-0.0856541246175766,0.11128909140825272,0.9900899529457092],"EasingStyle":"Linear","EasingDirection":"In"},"HumanoidRootPart":{"Weight":1,"CFrame":[0,0,0,1,0,0,0,1,0,0,0,1],"EasingStyle":"Linear","EasingDirection":"In"},"Left Arm":{"Weight":1,"CFrame":[0.15388718247413636,0.01824939250946045,0.11142110824584961,0.9428773522377014,-0.04330233857035637,-0.330314040184021,0.13042758405208589,0.9603500962257385,0.2464071810245514,0.30654704570770266,-0.27541375160217287,0.9111400842666626],"EasingStyle":"Linear","EasingDirection":"In"}}},{"Time":0.4000000059604645,"poses":{"Left Leg":{"Weight":1,"CFrame":[0.0027271658182144167,-0.40632832050323489,0.4238978624343872,0.0034764097072184088,-0.6908709406852722,0.7229697704315186,0.9954442381858826,0.07127754390239716,0.06332628428936005,-0.09528183937072754,0.7194560766220093,0.6879713535308838],"EasingStyle":"Linear","EasingDirection":"In"},"Right Arm":{"Weight":1,"CFrame":[-0.16016912460327149,0.07685399055480957,0.1114729642868042,0.9440824389457703,0.04321301728487015,0.32686543464660647,-0.14089129865169526,0.9491761922836304,0.28145015239715578,-0.2980905771255493,-0.31176477670669558,0.9021888971328735],"EasingStyle":"Linear","EasingDirection":"In"},"Head":{"Weight":1,"CFrame":[2.1420419216156007e-7,-5.494803190231323e-8,-6.556510925292969e-7,0.9967445731163025,0.036648377776145938,-0.07181371748447418,-0.0324137806892395,0.9977156519889832,0.05926996469497681,0.07382182031869888,-0.05674926936626434,0.9956554770469666],"EasingStyle":"Linear","EasingDirection":"In"},"Right Leg":{"Weight":1,"CFrame":[-0.12129845470190048,-0.1521162986755371,-0.02537846565246582,0.8964906334877014,-0.12089218199253082,-0.4262506365776062,-0.012501444667577744,0.954770028591156,-0.2970825135707855,0.4428863525390625,0.27166035771369936,0.8544310331344605],"EasingStyle":"Linear","EasingDirection":"In"},"Torso":{"Weight":1,"CFrame":[-0.24662122130393983,-0.08310939371585846,-0.07387089729309082,0.9925618171691895,-0.07675696909427643,0.09449567645788193,0.08651263266801834,0.99081951379776,-0.10388673841953278,-0.0856541246175766,0.11128909140825272,0.9900899529457092],"EasingStyle":"Linear","EasingDirection":"In"},"HumanoidRootPart":{"Weight":1,"CFrame":[0,0,0,1,0,0,0,1,0,0,0,1],"EasingStyle":"Linear","EasingDirection":"In"},"Left Arm":{"Weight":1,"CFrame":[0.1524188220500946,0.0022530555725097658,0.10939288139343262,0.9428774118423462,-0.04322613403201103,-0.3303239047527313,0.1303553581237793,0.9603581428527832,0.2464139610528946,0.3065776824951172,-0.2753976285457611,0.911134660243988],"EasingStyle":"Linear","EasingDirection":"In"}}},{"Time":0.4333333373069763,"poses":{"Left Leg":{"Weight":1,"CFrame":[-0.07471546530723572,-0.44248127937316897,0.49550092220306399,0.050296079367399219,-0.6584472060203552,0.7509444952011108,0.9959686994552612,0.08898459374904633,0.011316859163343907,-0.07427407801151276,0.7473480105400086,0.6602684259414673],"EasingStyle":"Linear","EasingDirection":"In"},"Right Arm":{"Weight":1,"CFrame":[-0.15722417831420899,0.04978740215301514,0.11384165287017822,0.9440790414810181,0.043418508023023608,0.3268480896949768,-0.14108338952064515,0.949155330657959,0.28142425417900088,-0.2980106770992279,-0.3117996156215668,0.9022032022476196],"EasingStyle":"Linear","EasingDirection":"In"},"Head":{"Weight":1,"CFrame":[6.51925802230835e-8,3.5390257835388186e-8,1.1920928955078126e-7,0.9984595775604248,0.025847524404525758,-0.04909558966755867,-0.022972596809267999,0.9980379343032837,0.05824562534689903,0.05050475895404816,-0.05702802911400795,0.9970943927764893],"EasingStyle":"Linear","EasingDirection":"In"},"Right Leg":{"Weight":1,"CFrame":[0.0610782653093338,-0.09966683387756348,0.08213651180267334,0.9018901586532593,-0.007581871002912521,-0.43189898133277895,-0.11985976994037628,0.9561924338340759,-0.26707640290260317,0.4150035083293915,0.2926408052444458,0.8614717721939087],"EasingStyle":"Linear","EasingDirection":"In"},"Torso":{"Weight":1,"CFrame":[-0.21472221612930299,-0.08360745012760163,-0.11103940010070801,0.9942883253097534,-0.06974518299102783,0.08078692108392716,0.07803811132907868,0.991457462310791,-0.10450934618711472,-0.07280776649713516,0.11021684855222702,0.9912373423576355],"EasingStyle":"Linear","EasingDirection":"In"},"HumanoidRootPart":{"Weight":1,"CFrame":[0,0,0,1,0,0,0,1,0,0,0,1],"EasingStyle":"Linear","EasingDirection":"In"},"Left Arm":{"Weight":1,"CFrame":[0.14891734719276429,-0.027015388011932374,0.10693752765655518,0.9428772926330566,-0.04304449260234833,-0.33034780621528628,0.13018326461315156,0.9603772759437561,0.24643050134181977,0.3066510558128357,-0.275359570980072,0.9111214876174927],"EasingStyle":"Linear","EasingDirection":"In"}}},{"Time":0.46666666865348818,"poses":{"Left Leg":{"Weight":1,"CFrame":[-0.3417086601257324,-0.42952263355255129,0.5610965490341187,0.2861163318157196,-0.6657906174659729,0.6891010999679565,0.9575362205505371,0.2253299206495285,-0.1798636019229889,-0.035523638129234317,0.7113011479377747,0.7019891738891602],"EasingStyle":"Linear","EasingDirection":"In"},"Right Arm":{"Weight":1,"CFrame":[-0.15307733416557313,0.014708161354064942,0.11639916896820069,0.9440748691558838,0.04366376996040344,0.3268274962902069,-0.1413126140832901,0.9491304159164429,0.2813933491706848,-0.29791533946990969,-0.31184130907058718,0.9022203683853149],"EasingStyle":"Linear","EasingDirection":"In"},"Head":{"Weight":1,"CFrame":[1.0244548320770264e-7,9.313225746154786e-10,-1.7881393432617188e-7,0.9997405409812927,0.011787740513682366,-0.019491620361804963,-0.010657601058483124,0.9983115792274475,0.057101428508758548,0.020131809636950494,-0.05687887966632843,0.9981781244277954],"EasingStyle":"Linear","EasingDirection":"In"},"Right Leg":{"Weight":1,"CFrame":[0.199458509683609,-0.004318714141845703,0.17409944534301759,0.8931462168693543,0.08230701833963394,-0.4421714246273041,-0.19043493270874024,0.9598445296287537,-0.20599313080310822,0.40746116638183596,0.2681868076324463,0.8729555010795593],"EasingStyle":"Linear","EasingDirection":"In"},"Torso":{"Weight":1,"CFrame":[-0.1691155582666397,-0.08424729108810425,-0.16662096977233888,0.9974945187568665,-0.05202740803360939,0.047937747091054919,0.05684422701597214,0.9928136467933655,-0.1053091511130333,-0.04211428016424179,0.10777027159929276,0.9932835102081299],"EasingStyle":"Linear","EasingDirection":"In"},"HumanoidRootPart":{"Weight":1,"CFrame":[0,0,0,1,0,0,0,1,0,0,0,1],"EasingStyle":"Linear","EasingDirection":"In"},"Left Arm":{"Weight":1,"CFrame":[0.1447380632162094,-0.05989071726799011,0.10429787635803223,0.9428766965866089,-0.04282765090465546,-0.33037760853767397,0.12997844815254212,0.9603996872901917,0.24645096063613892,0.3067396283149719,-0.27531495690345766,0.9111051559448242],"EasingStyle":"Linear","EasingDirection":"In"}}},{"Time":0.5,"poses":{"Left Leg":{"Weight":1,"CFrame":[-0.6080820560455322,-0.17748045921325684,0.5610394477844238,0.5895354747772217,-0.623320460319519,0.5137311220169067,0.8036504983901978,0.5165675282478333,-0.2954724431037903,-0.0812029018998146,0.5870517492294312,0.8054667115211487],"EasingStyle":"Linear","EasingDirection":"In"},"Right Arm":{"Weight":1,"CFrame":[-0.1483517736196518,-0.02352118492126465,0.11892688274383545,0.9440712332725525,0.04386930540204048,0.3268103301525116,-0.14150463044643403,0.9491094350814819,0.28136739134788515,-0.2978353202342987,-0.31187623739242556,0.9022347331047058],"EasingStyle":"Linear","EasingDirection":"In"},"Head":{"Weight":1,"CFrame":[6.845220923423767e-8,1.0244548320770264e-8,-5.960464477539063e-8,0.9999459385871887,-0.002264807466417551,0.010149308480322361,0.001692167017608881,0.9984250068664551,0.056078631430864337,-0.010260328650474549,-0.056058432906866077,0.9983748197555542],"EasingStyle":"Linear","EasingDirection":"In"},"Right Leg":{"Weight":1,"CFrame":[0.2955077886581421,0.2801055312156677,0.21315419673919679,0.878480076789856,0.11835716664791107,-0.46288686990737917,-0.12547755241394044,0.9919753074645996,0.015506776049733162,0.461007684469223,0.04445943981409073,0.8862817883491516],"EasingStyle":"Linear","EasingDirection":"In"},"Torso":{"Weight":1,"CFrame":[-0.1153121367096901,-0.08384989202022553,-0.23425650596618653,0.9995538592338562,-0.02863309532403946,0.00850018858909607,0.0293669942766428,0.9940583109855652,-0.1048123762011528,-0.005448580719530582,0.10501524060964585,0.9944556951522827],"EasingStyle":"Linear","EasingDirection":"In"},"HumanoidRootPart":{"Weight":1,"CFrame":[0,0,0,1,0,0,0,1,0,0,0,1],"EasingStyle":"Linear","EasingDirection":"In"},"Left Arm":{"Weight":1,"CFrame":[0.1412365734577179,-0.08670493960380554,0.10171639919281006,0.9428754448890686,-0.04264594241976738,-0.33040496706962588,0.12980808317661286,0.9604178667068481,0.24646985530853272,0.30681589245796206,-0.2752796411514282,0.911090075969696],"EasingStyle":"Linear","EasingDirection":"In"}}},{"Time":0.5333333611488342,"poses":{"Left Leg":{"Weight":1,"CFrame":[-0.5946545004844666,0.10647445917129517,0.48854196071624758,0.7791241407394409,-0.4566172659397125,0.42949557304382326,0.5779041051864624,0.7886530160903931,-0.20988918840885163,-0.24288398027420045,0.4117368757724762,0.8783395290374756],"EasingStyle":"Linear","EasingDirection":"In"},"Right Arm":{"Weight":1,"CFrame":[-0.14367038011550904,-0.06003943085670471,0.12120604515075684,0.9440698027610779,0.04395553469657898,0.3268030285835266,-0.14158518612384797,0.9491006731987,0.28135648369789126,-0.29780176281929018,-0.31189072132110598,0.9022408127784729],"EasingStyle":"Linear","EasingDirection":"In"},"Head":{"Weight":1,"CFrame":[9.158975444734097e-8,-2.843444235622883e-8,3.5762786865234377e-7,0.9993720650672913,-0.013042688369750977,0.03294732794165611,0.011213663034141064,0.998417854309082,0.05510089173913002,-0.033613864332437518,-0.05469683185219765,0.9979370832443237],"EasingStyle":"Linear","EasingDirection":"In"},"Right Leg":{"Weight":1,"CFrame":[0.238909512758255,0.5354158282279968,0.03201329708099365,0.8800458312034607,0.019517557695508004,-0.4744877815246582,0.15724293887615205,0.9308169484138489,0.3299311697483063,0.4481007158756256,-0.3649643063545227,0.8160924315452576],"EasingStyle":"Linear","EasingDirection":"In"},"Torso":{"Weight":1,"CFrame":[-0.06944891065359116,-0.08194291591644287,-0.2834160327911377,0.9996822476387024,-0.004750734195113182,-0.024759290739893915,0.002190371509641409,0.9947379231452942,-0.10242868214845658,0.025115616619586946,0.10234187543392182,0.994432270526886],"EasingStyle":"Linear","EasingDirection":"In"},"HumanoidRootPart":{"Weight":1,"CFrame":[0,0,0,1,0,0,0,1,0,0,0,1],"EasingStyle":"Linear","EasingDirection":"In"},"Left Arm":{"Weight":1,"CFrame":[0.13976816833019257,-0.0977906584739685,0.09943568706512451,0.9428731203079224,-0.04256964102387428,-0.33042123913764956,0.12973912060260774,0.9604243636131287,0.2464810609817505,0.30685192346572878,-0.27526891231536868,0.9110812544822693],"EasingStyle":"Linear","EasingDirection":"In"}}},{"Time":0.5666666626930237,"poses":{"Left Leg":{"Weight":1,"CFrame":[-0.4318103492259979,0.21724241971969605,0.3624265193939209,0.8599286675453186,-0.26777684688568118,0.43453219532966616,0.33784088492393496,0.9367640614509583,-0.09130587428808212,-0.3826045095920563,0.2253192663192749,0.8960162401199341],"EasingStyle":"Linear","EasingDirection":"In"},"Right Arm":{"Weight":1,"CFrame":[-0.13958962261676789,-0.09063634276390076,0.12304997444152832,0.943885326385498,0.043844133615493777,0.3273504376411438,-0.13986410200595857,0.950950562953949,0.2759186625480652,-0.29919669032096865,-0.30622032284736636,0.9037204384803772],"EasingStyle":"Linear","EasingDirection":"In"},"Head":{"Weight":1,"CFrame":[9.359791874885559e-8,2.7939677238464357e-8,-4.76837158203125e-7,0.998964786529541,-0.01732139103114605,0.042063940316438678,0.015043885447084904,0.9984347224235535,0.05386954918503761,-0.04293118044734001,-0.05318097025156021,0.9976617097854614],"EasingStyle":"Linear","EasingDirection":"In"},"Right Leg":{"Weight":1,"CFrame":[0.15622594952583314,0.5968362092971802,-0.11520218849182129,0.870658278465271,-0.08953296393156052,-0.4836713969707489,0.3548847436904907,0.7952106595039368,0.4916267991065979,0.34060391783714297,-0.5996865630149841,0.7241305708885193],"EasingStyle":"Linear","EasingDirection":"In"},"Torso":{"Weight":1,"CFrame":[-0.02854982763528824,-0.07892043888568878,-0.298065185546875,0.9991320371627808,0.014339806511998177,-0.03910922259092331,-0.018141379579901696,0.9949567914009094,-0.09865052998065949,0.03749735653400421,0.0992744043469429,0.9943533539772034],"EasingStyle":"Linear","EasingDirection":"In"},"HumanoidRootPart":{"Weight":1,"CFrame":[0,0,0,1,0,0,0,1,0,0,0,1],"EasingStyle":"Linear","EasingDirection":"In"},"Left Arm":{"Weight":1,"CFrame":[0.1399151235818863,-0.09327524900436402,0.09765565395355225,0.943062424659729,-0.042647164314985278,-0.3298703730106354,0.1314934343099594,0.9587594270706177,0.25197190046310427,0.3055203855037689,-0.2810012400150299,0.909777820110321],"EasingStyle":"Linear","EasingDirection":"In"}}},{"Time":0.6000000238418579,"poses":{"Left Leg":{"Weight":1,"CFrame":[-0.31325504183769228,0.23585093021392823,0.26385486125946047,0.8743799328804016,-0.17150168120861054,0.4539238214492798,0.19990119338035584,0.9797025918960571,-0.01491214707493782,-0.4421530067920685,0.10377877950668335,0.8909157514572144],"EasingStyle":"Linear","EasingDirection":"In"},"Right Arm":{"Weight":1,"CFrame":[-0.13639883697032929,-0.1136903166770935,0.12440025806427002,0.9434770345687866,0.043611228466033939,0.32855644822120669,-0.1360483020544052,0.9549004435539246,0.26392439007759097,-0.3022285997867584,-0.2937062978744507,0.9068597555160523],"EasingStyle":"Linear","EasingDirection":"In"},"Head":{"Weight":1,"CFrame":[8.66129994392395e-8,-3.882450982928276e-8,-5.960464477539063e-8,0.999268651008606,-0.012512904591858387,0.03613477572798729,0.010614371858537197,0.9985770583152771,0.052262380719184878,-0.036737311631441119,-0.051840607076883319,0.997979462146759],"EasingStyle":"Linear","EasingDirection":"In"},"Right Leg":{"Weight":1,"CFrame":[0.11092555522918701,0.6252262592315674,-0.1832115650177002,0.8506694436073303,-0.14688977599143983,-0.5047621726989746,0.44583114981651308,0.7103579044342041,0.5446339845657349,0.2785607874393463,-0.6883423328399658,0.6697679162025452],"EasingStyle":"Linear","EasingDirection":"In"},"Torso":{"Weight":1,"CFrame":[0.009476594626903534,-0.07554122805595398,-0.28958892822265627,0.9990215301513672,0.024812091141939164,-0.03661337122321129,-0.02817618101835251,0.9951330423355103,-0.09442654252052307,0.0340922586619854,0.09536576271057129,0.9948583245277405],"EasingStyle":"Linear","EasingDirection":"In"},"HumanoidRootPart":{"Weight":1,"CFrame":[0,0,0,1,0,0,0,1,0,0,0,1],"EasingStyle":"Linear","EasingDirection":"In"},"Left Arm":{"Weight":1,"CFrame":[0.14026089012622834,-0.0826408863067627,0.09640359878540039,0.9434804320335388,-0.04283015429973602,-0.32864928245544436,0.13531920313835145,0.954978346824646,0.264017254114151,0.3025449514389038,-0.2935677766799927,0.9067991971969605],"EasingStyle":"Linear","EasingDirection":"In"}}},{"Time":0.6333333253860474,"poses":{"Left Leg":{"Weight":1,"CFrame":[-0.29174673557281496,0.24464023113250733,0.22679603099822999,0.8687075972557068,-0.16688862442970277,0.4663639962673187,0.18061843514442445,0.9834314584732056,0.015479091554880143,-0.46122029423713686,0.07078716158866883,0.8844575881958008],"EasingStyle":"Linear","EasingDirection":"In"},"Right Arm":{"Weight":1,"CFrame":[-0.13432103395462037,-0.12823373079299928,0.1252298355102539,0.9430654048919678,0.04339510574936867,0.32976439595222475,-0.13219287991523744,0.9586848020553589,0.2518898844718933,-0.30520936846733096,-0.2811411917209625,0.9098389744758606],"EasingStyle":"Linear","EasingDirection":"In"},"Head":{"Weight":1,"CF