{"Sequence":[{"Time":0,"poses":{"Left Leg":{"Weight":1,"CFrame":[-0.08134353905916214,0.08086860179901123,0.10375988483428955,0.8718651533126831,-0.1530880630016327,0.4652043879032135,0.14443239569664002,0.9880157709121704,0.05444442480802536,-0.4679642915725708,0.01972237601876259,0.8835274577140808],"EasingStyle":"Linear","EasingDirection":"In"},"Right Arm":{"Weight":1,"CFrame":[-0.010690934956073761,0.124217689037323,0.08049881458282471,-0.6335980892181397,-0.6945748329162598,-0.34076300263404848,0.593726396560669,-0.15413863956928254,-0.7897659540176392,0.49602678418159487,-0.702714204788208,0.5100494027137756],"EasingStyle":"Linear","EasingDirection":"In"},"Left Arm":{"Weight":1,"CFrame":[-0.030499475076794626,-0.9011834859848023,-0.05601668357849121,-0.742087185382843,0.6245748400688171,-0.24333712458610536,-0.6227606534957886,-0.5081359148025513,0.5949513912200928,0.2479434460401535,0.5930464863777161,0.7660417556762695],"EasingStyle":"Linear","EasingDirection":"In"},"Head":{"Weight":1,"CFrame":[8.614733815193176e-8,3.259629011154175e-9,1.1920928955078126e-7,0.9406018257141113,0.009593060240149498,-0.3393762409687042,-0.043235693126916888,0.9948468208312988,-0.09170927852392197,0.33674752712249758,0.10093508660793305,0.9361695051193237],"EasingStyle":"Linear","EasingDirection":"In"},"Torso":{"Weight":1,"CFrame":[-0.018875986337661744,-0.03545794636011124,-0.0006659030914306641,0.9979138970375061,-0.061500098556280139,-0.019635599106550218,0.06085645779967308,0.9976383447647095,-0.031847693026065829,0.021547861397266389,0.030586302280426027,0.999299943447113],"EasingStyle":"Linear","EasingDirection":"In"},"HumanoidRootPart":{"Weight":1,"CFrame":[0,0,0,1,0,0,0,1,0,0,0,1],"EasingStyle":"Linear","EasingDirection":"In"},"Right Leg":{"Weight":1,"CFrame":[-0.2502925992012024,0.0728919506072998,-0.07331544160842896,0.8612439632415772,-0.0009130847174674273,-0.508190929889679,0.08660884946584702,0.9856327176094055,0.14500735700130464,0.5007571578025818,-0.16890056431293488,0.8489493131637573],"EasingStyle":"Linear","EasingDirection":"In"}}},{"Time":0.03333333507180214,"poses":{"Left Leg":{"Weight":1,"CFrame":[-0.14851082861423493,0.1225634217262268,0.14715981483459474,0.8454499244689941,-0.21632249653339387,0.48828160762786868,0.20048202574253083,0.9759806990623474,0.08525628596544266,-0.4949962794780731,0.025811798870563508,0.8685116767883301],"EasingStyle":"Linear","EasingDirection":"In"},"Right Arm":{"Weight":1,"CFrame":[-0.00938211940228939,0.13800114393234254,0.05107545852661133,-0.6396843194961548,-0.7111268639564514,-0.2917238473892212,0.6423513889312744,-0.2861520051956177,-0.7109864354133606,0.4221239984035492,-0.642195999622345,0.6398402452468872],"EasingStyle":"Linear","EasingDirection":"In"},"Left Arm":{"Weight":1,"CFrame":[-0.026734380051493646,-0.8530004024505615,-0.058929622173309329,-0.6491329669952393,0.7333052754402161,-0.20221266150474549,-0.6608306169509888,-0.41198116540908816,0.6273552775382996,0.37673500180244448,0.5408650636672974,0.7520208954811096],"EasingStyle":"Linear","EasingDirection":"In"},"Head":{"Weight":1,"CFrame":[8.731149137020111e-8,3.14321368932724e-9,-3.5762786865234377e-7,0.9566987156867981,-0.022945400327444078,-0.2901743948459625,-0.014566618949174881,0.9918651580810547,-0.1264570653438568,0.2907155454158783,0.12520818412303925,0.948581874370575],"EasingStyle":"Linear","EasingDirection":"In"},"Torso":{"Weight":1,"CFrame":[-0.019957397133111955,-0.047344885766506198,-0.0009701251983642578,0.9992467761039734,-0.03736599162220955,-0.01047233585268259,0.037216585129499438,0.9992074966430664,-0.014116078615188599,0.010991496965289116,0.01371570024639368,0.9998456239700317],"EasingStyle":"Linear","EasingDirection":"In"},"HumanoidRootPart":{"Weight":1,"CFrame":[0,0,0,1,0,0,0,1,0,0,0,1],"EasingStyle":"Linear","EasingDirection":"In"},"Right Leg":{"Weight":1,"CFrame":[-0.23828008770942689,0.07213574647903443,-0.06636571884155274,0.8746253252029419,0.02228928916156292,-0.484286904335022,0.054430291056632999,0.9881117939949036,0.14377929270267487,0.48173439502716067,-0.1521129310131073,0.8630143404006958],"EasingStyle":"Linear","EasingDirection":"In"}}},{"Time":0.06666667014360428,"poses":{"Left Leg":{"Weight":1,"CFrame":[-0.20555560290813447,0.1772463321685791,0.18878471851348878,0.8066574335098267,-0.2867845296859741,0.516776978969574,0.2540733218193054,0.9577313661575317,0.1348983645439148,-0.533620297908783,0.02248251624405384,0.8454253673553467],"EasingStyle":"Linear","EasingDirection":"In"},"Right Arm":{"Weight":1,"CFrame":[-0.007335391826927662,0.15980130434036256,0.015957236289978029,-0.660722017288208,-0.7200064659118652,-0.2122194617986679,0.685876190662384,-0.4642188549041748,-0.5604237914085388,0.30499234795570376,-0.5158405900001526,0.8005548715591431],"EasingStyle":"Linear","EasingDirection":"In"},"Left Arm":{"Weight":1,"CFrame":[-0.020833544433116914,-0.7867549657821655,-0.062406301498413089,-0.4642631709575653,0.8737537860870361,-0.14496219158172608,-0.687086820602417,-0.2520185708999634,0.6814679503440857,0.5589019656181336,0.41598203778266909,0.7173475027084351],"EasingStyle":"Linear","EasingDirection":"In"},"Head":{"Weight":1,"CFrame":[8.833012543618679e-8,3.958120942115784e-9,-1.7881393432617188e-7,0.9740336537361145,-0.06304122507572174,-0.21744981408119203,0.02667335979640484,0.985715925693512,-0.16629114747047425,0.22482696175575257,0.15617309510707856,0.9618018865585327],"EasingStyle":"Linear","EasingDirection":"In"},"Torso":{"Weight":1,"CFrame":[-0.019771017134189607,-0.0641188994050026,-0.0029096603393554689,0.9999768137931824,-0.0048438129015266899,0.0047860825434327129,0.004793969914317131,0.999934732913971,0.010371274314820767,-0.004836006090044975,-0.01034808810800314,0.9999348521232605],"EasingStyle":"Linear","EasingDirection":"In"},"HumanoidRootPart":{"Weight":1,"CFrame":[0,0,0,1,0,0,0,1,0,0,0,1],"EasingStyle":"Linear","EasingDirection":"In"},"Right Leg":{"Weight":1,"CFrame":[-0.22165389358997346,0.06980770826339722,-0.057263195514678958,0.8906763195991516,0.05595601722598076,-0.451181560754776,0.008472802117466927,0.9901817440986633,0.13952960073947907,0.4545592963695526,-0.1280985027551651,0.8814572691917419],"EasingStyle":"Linear","EasingDirection":"In"}}},{"Time":0.10000000149011612,"poses":{"Left Leg":{"Weight":1,"CFrame":[-0.24210871756076814,0.23240584135055543,0.2165011167526245,0.7608893513679504,-0.35645565390586855,0.5422054529190064,0.29443883895874026,0.9342883825302124,0.201025128364563,-0.5782328248023987,0.0066884541884064678,0.8158444762229919],"EasingStyle":"Linear","EasingDirection":"In"},"Right Arm":{"Weight":1,"CFrame":[-0.004660917446017265,0.1886579990386963,-0.013466119766235352,-0.702859103679657,-0.702078640460968,-0.11434467881917954,0.6911402940750122,-0.6360040903091431,-0.34325486421585085,0.1682681441307068,-0.32028818130493166,0.9322561621665955],"EasingStyle":"Linear","EasingDirection":"In"},"Left Arm":{"Weight":1,"CFrame":[-0.013103250414133072,-0.7139512896537781,-0.06531906127929688,-0.17140382528305055,0.9810996055603027,-0.0898011177778244,-0.6562012434005737,-0.04570097103714943,0.753200888633728,0.7348610162734985,0.18802902102470399,0.6516320705413818],"EasingStyle":"Linear","EasingDirection":"In"},"Head":{"Weight":1,"CFrame":[8.509960025548935e-8,-2.4010660126805307e-8,0,0.9862810373306274,-0.10011227428913117,-0.13125312328338624,0.07302338629961014,0.9776811003684998,-0.19699575006961823,0.1480453759431839,0.1847086101770401,0.97157883644104],"EasingStyle":"Linear","EasingDirection":"In"},"Torso":{"Weight":1,"CFrame":[-0.01693663001060486,-0.08335728943347931,-0.007599353790283203,0.9992283582687378,0.029601557180285455,0.025819828733801843,-0.03055606037378311,0.998833417892456,0.03739180415868759,-0.02468285709619522,-0.03815189749002457,0.9989670515060425],"EasingStyle":"Linear","EasingDirection":"In"},"HumanoidRootPart":{"Weight":1,"CFrame":[0,0,0,1,0,0,0,1,0,0,0,1],"EasingStyle":"Linear","EasingDirection":"In"},"Right Leg":{"Weight":1,"CFrame":[-0.20338845252990724,0.06514424085617066,-0.047883808612823489,0.9048819541931152,0.09562639892101288,-0.4147821366786957,-0.044767770916223529,0.9904144406318665,0.1306716352701187,0.42330196499824526,-0.09967357665300369,0.9004892706871033],"EasingStyle":"Linear","EasingDirection":"In"}}},{"Time":0.13333334028720857,"poses":{"Left Leg":{"Weight":1,"CFrame":[-0.2560134530067444,0.27333706617355349,0.22422754764556886,0.7147237062454224,-0.4226790964603424,0.5572363138198853,0.3184750974178314,0.9060180187225342,0.27875635027885439,-0.6226906776428223,-0.021767815575003625,0.7821653485298157],"EasingStyle":"Linear","EasingDirection":"In"},"Right Arm":{"Weight":1,"CFrame":[-0.001468912698328495,0.22361087799072267,-0.025804996490478517,-0.7617015242576599,-0.6476436853408814,-0.019195539876818658,0.6455836892127991,-0.7560943365097046,-0.10743823647499085,0.055068038403987887,-0.09422826766967774,0.9940264225006104],"EasingStyle":"Linear","EasingDirection":"In"},"Left Arm":{"Weight":1,"CFrame":[-0.003849729895591736,-0.6460927724838257,-0.06654071807861328,0.18813185393810273,0.9803854823112488,-0.058743055909872058,-0.5402323603630066,0.15324732661247254,0.8274444937705994,0.820216715335846,-0.12393379956483841,0.5584666728973389],"EasingStyle":"Linear","EasingDirection":"In"},"Head":{"Weight":1,"CFrame":[8.265487849712372e-8,3.003515303134918e-8,2.384185791015625e-7,0.9910480380058289,-0.12600089609622956,-0.04413314163684845,0.11433617025613785,0.971700131893158,-0.20670300722122193,0.06892894208431244,0.1998066008090973,0.9774079322814941],"EasingStyle":"Linear","EasingDirection":"In"},"Torso":{"Weight":1,"CFrame":[-0.010549157857894898,-0.10251149535179138,-0.0158841609954834,0.9968862533569336,0.05952746048569679,0.05171513184905052,-0.06273937970399857,0.9960471391677856,0.06288023293018341,-0.04776761308312416,-0.06592901051044464,0.9966803193092346],"EasingStyle":"Linear","EasingDirection":"In"},"HumanoidRootPart":{"Weight":1,"CFrame":[0,0,0,1,0,0,0,1,0,0,0,1],"EasingStyle":"Linear","EasingDirection":"In"},"Right Leg":{"Weight":1,"CFrame":[-0.18668657541275025,0.05767178535461426,-0.0397372841835022,0.9142863154411316,0.13624803721904756,-0.3814670443534851,-0.09879323840141297,0.9882996678352356,0.11620570719242096,0.39283666014671328,-0.0685589537024498,0.91704922914505],"EasingStyle":"Linear","EasingDirection":"In"}}},{"Time":0.1666666716337204,"poses":{"Left Leg":{"Weight":1,"CFrame":[-0.21653787791728974,0.28152698278427126,0.19897377490997315,0.6884681582450867,-0.45734816789627077,0.5628892183303833,0.30238136649131777,0.8864465951919556,0.3503969609737396,-0.6592247486114502,-0.07102988660335541,0.7485837936401367],"EasingStyle":"Linear","EasingDirection":"In"},"Right Arm":{"Weight":1,"CFrame":[0.0021141543984413149,0.26345008611679079,-0.024635910987854005,-0.8240596055984497,-0.5633678436279297,0.059519410133361819,0.5665026903152466,-0.8193628787994385,0.087858185172081,-0.0007284992025233805,0.10611823201179505,0.9943532943725586],"EasingStyle":"Linear","EasingDirection":"In"},"Left Arm":{"Weight":1,"CFrame":[0.00656939297914505,-0.5919157862663269,-0.05161958932876587,0.521507978439331,0.8512102961540222,-0.058911971747875217,-0.36532801389694216,0.28515270352363589,0.8861283659934998,0.7710804343223572,-0.440600723028183,0.4596804082393646],"EasingStyle":"Linear","EasingDirection":"In"},"Head":{"Weight":1,"CFrame":[1.1431984603404999e-7,3.213062882423401e-8,-4.172325134277344e-7,0.9896283149719238,-0.13958819210529328,0.033926669508218768,0.14356984198093415,0.969067394733429,-0.20073913037776948,-0.004856408573687077,0.20352797210216523,0.9790570735931397],"EasingStyle":"Linear","EasingDirection":"In"},"Torso":{"Weight":1,"CFrame":[-0.0004569143056869507,-0.11926570534706116,-0.0419461727142334,0.9934912919998169,0.0801544189453125,0.08093421161174774,-0.0869174525141716,0.9926832318305969,0.08381865918636322,-0.07362359017133713,-0.09030770510435105,0.9931888580322266],"EasingStyle":"Linear","EasingDirection":"In"},"HumanoidRootPart":{"Weight":1,"CFrame":[0,0,0,1,0,0,0,1,0,0,0,1],"EasingStyle":"Linear","EasingDirection":"In"},"Right Leg":{"Weight":1,"CFrame":[-0.21519358456134797,0.054527461528778079,-0.05196201801300049,0.8819262981414795,0.17377759516239167,-0.4381864666938782,-0.1391240358352661,0.9841160178184509,0.11027316004037857,0.4503893554210663,-0.03629063069820404,0.8920945525169373],"EasingStyle":"Linear","EasingDirection":"In"}}},{"Time":0.20000000298023225,"poses":{"Left Leg":{"Weight":1,"CFrame":[-0.10926289856433869,0.26675212383270266,0.13238835334777833,0.6941811442375183,-0.44405466318130495,0.5665050148963928,0.23494979739189149,0.8837087750434876,0.4047929346561432,-0.6803756952285767,-0.14789943397045136,0.7177846431732178],"EasingStyle":"Linear","EasingDirection":"In"},"Right Arm":{"Weight":1,"CFrame":[0.005896054208278656,0.30596452951431277,-0.021491289138793947,-0.8782603144645691,-0.46252232789993288,0.12137573212385178,0.47816741466522219,-0.847426176071167,0.2307051122188568,-0.0038492525927722456,0.2606569528579712,0.9654237627983093],"EasingStyle":"Linear","EasingDirection":"In"},"Left Arm":{"Weight":1,"CFrame":[0.017591461539268495,-0.5512020587921143,-0.012282371520996094,0.7664194107055664,0.6371116638183594,-0.08179236948490143,-0.18121638894081117,0.3366236984729767,0.9240373373031616,0.6162482500076294,-0.6933780908584595,0.3734501302242279],"EasingStyle":"Linear","EasingDirection":"In"},"Head":{"Weight":1,"CFrame":[1.1362135410308838e-7,1.955777406692505e-8,0,0.9841254949569702,-0.14558939635753632,0.10149325430393219,0.16295702755451203,0.9678087830543518,-0.19181030988693238,-0.07030051201581955,0.20530442893505097,0.9761700630187988],"EasingStyle":"Linear","EasingDirection":"In"},"Torso":{"Weight":1,"CFrame":[0.012151837348937989,-0.13322800397872926,-0.09371256828308106,0.9894368052482605,0.0925997868180275,0.1115352213382721,-0.10389696806669235,0.9895341992378235,0.10013717412948609,-0.10109523683786392,-0.11066757887601853,0.9887024164199829],"EasingStyle":"Linear","EasingDirection":"In"},"HumanoidRootPart":{"Weight":1,"CFrame":[0,0,0,1,0,0,0,1,0,0,0,1],"EasingStyle":"Linear","EasingDirection":"In"},"Right Leg":{"Weight":1,"CFrame":[-0.16382595896720887,0.04366254806518555,-0.001434028148651123,0.7583163380622864,0.2804984748363495,-0.5884531736373901,-0.25486013293266299,0.9584127068519592,0.12841926515102387,0.6000023484230042,0.052590783685445788,0.7982677817344666],"EasingStyle":"Linear","EasingDirection":"In"}}},{"Time":0.23333333432674409,"poses":{"Left Leg":{"Weight":1,"CFrame":[-0.12464483827352524,0.3017752170562744,0.12819838523864747,0.6694096326828003,-0.48542532324790957,0.5623636841773987,0.23137681186199189,0.8555721044540405,0.46309953927993777,-0.7059431076049805,-0.17988534271717072,0.6850444078445435],"EasingStyle":"Linear","EasingDirection":"In"},"Right Arm":{"Weight":1,"CFrame":[0.009668305516242981,0.3486921191215515,-0.01691514253616333,-0.9185627698898315,-0.3568861782550812,0.16992563009262086,0.3942616283893585,-0.8579890727996826,0.3292607069015503,0.02828574925661087,0.3694416880607605,0.9288232922554016],"EasingStyle":"Linear","EasingDirection":"In"},"Left Arm":{"Weight":1,"CFrame":[0.028602443635463716,-0.5220296382904053,0.043332576751708987,0.9098539352416992,0.39902734756469729,-0.11376810073852539,-0.02558181807398796,0.32761117815971377,0.9444663524627686,0.4141395390033722,-0.8564159274101257,0.3082861602306366],"EasingStyle":"Linear","EasingDirection":"In"},"Head":{"Weight":1,"CFrame":[1.273583620786667e-7,5.029141902923584e-8,-2.384185791015625e-7,0.9764120578765869,-0.14675749838352204,0.1583722084760666,0.1748093068599701,0.9678436517715454,-0.18088775873184205,-0.12673291563987733,0.20430590212345124,0.9706688523292542],"EasingStyle":"Linear","EasingDirection":"In"},"Torso":{"Weight":1,"CFrame":[0.025943726301193239,-0.14453575015068055,-0.16232585906982423,0.9848954677581787,0.0994916781783104,0.14171279966831208,-0.11587101221084595,0.9868792295455933,0.11244247108697891,-0.12866634130477906,-0.12716445326805116,0.9835010766983032],"EasingStyle":"Linear","EasingDirection":"In"},"HumanoidRootPart":{"Weight":1,"CFrame":[0,0,0,1,0,0,0,1,0,0,0,1],"EasingStyle":"Linear","EasingDirection":"In"},"Right Leg":{"Weight":1,"CFrame":[-0.13055479526519776,0.0454593300819397,0.08947598934173584,0.593427300453186,0.3614911437034607,-0.7191439270973206,-0.36759528517723086,0.9165697693824768,0.15739643573760987,0.7160430550575256,0.17095042765140534,0.6768001317977905],"EasingStyle":"Linear","EasingDirection":"In"}}},{"Time":0.2666666805744171,"poses":{"Left Leg":{"Weight":1,"CFrame":[-0.21757155656814576,0.36714881658554079,0.1599820852279663,0.6196693181991577,-0.5571332573890686,0.5528222322463989,0.2632199823856354,0.8110830783843994,0.5223596692085266,-0.7394087910652161,-0.1781764030456543,0.6492519974708557],"EasingStyle":"Linear","EasingDirection":"In"},"Right Arm":{"Weight":1,"CFrame":[0.013222284615039826,0.3891712427139282,-0.011451125144958496,-0.9438460469245911,-0.2559874355792999,0.20886634290218354,0.3207818269729614,-0.861366331577301,0.3938872218132019,0.0790802612900734,0.4387694001197815,0.8951132297515869],"EasingStyle":"Linear","EasingDirection":"In"},"Left Arm":{"Weight":1,"CFrame":[0.038988322019577029,-0.5024744868278503,0.1070859432220459,0.9727519154548645,0.18216779828071595,-0.14341793954372407,0.08667474240064621,0.28800129890441897,0.95369952917099,0.21503789722919465,-0.9401437044143677,0.2643645703792572],"EasingStyle":"Linear","EasingDirection":"In"},"Head":{"Weight":1,"CFrame":[1.2991949915885926e-7,1.1175870895385743e-8,1.1920928955078126e-7,0.9679263234138489,-0.1457781195640564,0.2046152651309967,0.18151918053627015,0.9688601493835449,-0.16840673983097077,-0.17369353771209718,0.20014694333076478,0.9642467498779297],"EasingStyle":"Linear","EasingDirection":"In"},"Torso":{"Weight":1,"CFrame":[0.03973579406738281,-0.15339237451553346,-0.23883461952209474,0.9800213575363159,0.10348664969205857,0.16984938085079194,-0.12499833852052689,0.9847190976142883,0.12125875800848007,-0.15470527112483979,-0.14006705582141877,0.9779813289642334],"EasingStyle":"Linear","EasingDirection":"In"},"HumanoidRootPart":{"Weight":1,"CFrame":[0,0,0,1,0,0,0,1,0,0,0,1],"EasingStyle":"Linear","EasingDirection":"In"},"Right Leg":{"Weight":1,"CFrame":[-0.13192251324653626,0.05592763423919678,0.16883087158203126,0.45307856798171999,0.3991699814796448,-0.7971092462539673,-0.44648700952529909,0.8755292296409607,0.1846562772989273,0.771601676940918,0.27223512530326846,0.5749077796936035],"EasingStyle":"Linear","EasingDirection":"In"}}},{"Time":0.30000001192092898,"poses":{"Left Leg":{"Weight":1,"CFrame":[-0.2942192554473877,0.4284576177597046,0.17639946937561036,0.5734654068946838,-0.6122492551803589,0.5443238019943237,0.2802746295928955,0.7709642648696899,0.5718919634819031,-0.7697944641113281,-0.17540006339550019,0.6137192249298096],"EasingStyle":"Linear","EasingDirection":"In"},"Right Arm":{"Weight":1,"CFrame":[0.016349591314792634,0.4249405860900879,-0.005643129348754883,-0.9560793042182922,-0.16757015883922578,0.2404840737581253,0.26026949286460879,-0.8626941442489624,0.43361130356788638,0.134803906083107,0.4771572947502136,0.8684173226356506],"EasingStyle":"Linear","EasingDirection":"In"},"Left Arm":{"Weight":1,"CFrame":[0.04813510179519653,-0.4906132221221924,0.17083954811096192,0.9863840341567993,0.007785235531628132,-0.16427427530288697,0.15752297639846803,0.24229788780212403,0.9573286771774292,0.047256264835596088,-0.9701706767082214,0.2377724051475525],"EasingStyle":"Linear","EasingDirection":"In"},"Head":{"Weight":1,"CFrame":[6.28642737865448e-8,5.587935447692871e-9,3.5762786865234377e-7,0.9597558379173279,-0.14522609114646913,0.24037101864814759,0.18550872802734376,0.9704387784004211,-0.15438659489154817,-0.21084445714950562,0.19276438653469087,0.9583248496055603],"EasingStyle":"Linear","EasingDirection":"In"},"Torso":{"Weight":1,"CFrame":[0.052457451820373538,-0.16008973121643067,-0.31419873237609866,0.9750304222106934,0.10722923278808594,0.19446799159049989,-0.13342328369617463,0.9828882217407227,0.12699981033802033,-0.1775221973657608,-0.1497751921415329,0.972652792930603],"EasingStyle":"Linear","EasingDirection":"In"},"HumanoidRootPart":{"Weight":1,"CFrame":[0,0,0,1,0,0,0,1,0,0,0,1],"EasingStyle":"Linear","EasingDirection":"In"},"Right Leg":{"Weight":1,"CFrame":[-0.1340506374835968,0.06732553243637085,0.2379148006439209,0.351969838142395,0.4185229241847992,-0.8372310400009155,-0.5066165328025818,0.8373035192489624,0.20557887852191926,0.7870559096336365,0.35179734230041506,0.5067362785339356],"EasingStyle":"Linear","EasingDirection":"In"}}},{"Time":0.3333333432674408,"poses":{"Left Leg":{"Weight":1,"CFrame":[-0.35002192854881289,0.47986847162246706,0.18192267417907716,0.5329039692878723,-0.6522894501686096,0.5390098690986633,0.28625187277793887,0.7384081482887268,0.6105844378471375,-0.7962871193885803,-0.171090230345726,0.5802198052406311],"EasingStyle":"Linear","EasingDirection":"In"},"Right Arm":{"Weight":1,"CFrame":[0.01884152740240097,0.4535371661186218,-0.00003546476364135742,-0.9591650366783142,-0.09802527725696564,0.2653178572654724,0.21430703997612,-0.8640450835227966,0.4555204510688782,0.1845940500497818,0.49377867579460146,0.8497691750526428],"EasingStyle":"Linear","EasingDirection":"In"},"Left Arm":{"Weight":1,"CFrame":[0.055428653955459598,-0.4845222532749176,0.2264542579650879,0.9775731563568115,-0.11907272040843964,-0.17370258271694184,0.19543839991092683,0.20568116009235383,0.9589052200317383,-0.07845216244459152,-0.9713480472564697,0.22433990240097047],"EasingStyle":"Linear","EasingDirection":"In"},"Head":{"Weight":1,"CFrame":[8.800998330116272e-8,1.1175870895385743e-8,0,0.9526777863502502,-0.14755487442016602,0.26576822996139529,0.18921777606010438,0.9721105098724365,-0.13855643570423127,-0.2379114031791687,0.18228766322135926,0.9540280699729919],"EasingStyle":"Linear","EasingDirection":"In"},"Torso":{"Weight":1,"CFrame":[0.06311208009719849,-0.1649998128414154,-0.37931108474731448,0.9701970219612122,0.11332610994577408,0.2141842544078827,-0.14329513907432557,0.9811075329780579,0.12997888028621674,-0.19540777802467347,-0.1567966789007187,0.9681066870689392],"EasingStyle":"Linear","EasingDirection":"In"},"HumanoidRootPart":{"Weight":1,"CFrame":[0,0,0,1,0,0,0,1,0,0,0,1],"EasingStyle":"Linear","EasingDirection":"In"},"Right Leg":{"Weight":1,"CFrame":[-0.1303267776966095,0.07698899507522583,0.2930786609649658,0.2883246839046478,0.42926928400993349,-0.8559186458587647,-0.5503254532814026,0.8057871460914612,0.21874429285526277,0.7835885286331177,0.407964289188385,0.46856626868247988],"EasingStyle":"Linear","EasingDirection":"In"}}},{"Time":0.36666667461395266,"poses":{"Left Leg":{"Weight":1,"CFrame":[-0.37999820709228518,0.5152631402015686,0.18301475048065186,0.4993537664413452,-0.6785509586334229,0.5387156009674072,0.2850918471813202,0.7158495187759399,0.6374025940895081,-0.8181494474411011,-0.16470596194267274,0.5509114861488342],"EasingStyle":"Linear","EasingDirection":"In"},"Right Arm":{"Weight":1,"CFrame":[0.020489655435085298,0.47250062227249148,0.004828333854675293,-0.9578888416290283,-0.05274083837866783,0.2822541296482086,0.18473877012729646,-0.8657220005989075,0.46518537402153017,0.21981929242610932,0.49773895740509035,0.8390084505081177],"EasingStyle":"Linear","EasingDirection":"In"},"Left Arm":{"Weight":1,"CFrame":[0.06025505065917969,-0.48227840662002566,0.26579153537750246,0.9647912383079529,-0.1998588889837265,-0.17098064720630647,0.2087302803993225,0.1862696260213852,0.9600704908370972,-0.16003015637397767,-0.9619564414024353,0.22142797708511353],"EasingStyle":"Linear","EasingDirection":"In"},"Head":{"Weight":1,"CFrame":[1.019798219203949e-7,-2.2351741790771486e-8,-2.384185791015625e-7,0.9471458792686462,-0.15510118007659913,0.2808171808719635,0.19511452317237855,0.9733520150184631,-0.12048360705375672,-0.25464680790901186,0.1689070612192154,0.952168881893158],"EasingStyle":"Linear","EasingDirection":"In"},"Torso":{"Weight":1,"CFrame":[0.07073533535003662,-0.16853904724121095,-0.42504167556762698,0.9657716751098633,0.124333456158638,0.2276538759469986,-0.15678465366363526,0.9789793491363525,0.13045386970043183,-0.20664861798286439,-0.16168127954006196,0.9649640917778015],"EasingStyle":"Linear","EasingDirection":"In"},"HumanoidRootPart":{"Weight":1,"CFrame":[0,0,0,1,0,0,0,1,0,0,0,1],"EasingStyle":"Linear","EasingDirection":"In"},"Right Leg":{"Weight":1,"CFrame":[-0.11971256881952286,0.08317321538925171,0.3310319185256958,0.2591245770454407,0.43567484617233279,-0.8619987964630127,-0.5777521133422852,0.7851185202598572,0.22314009070396424,0.7739877104759216,0.440200537443161,0.455155611038208],"EasingStyle":"Linear","EasingDirection":"In"}}},{"Time":0.4000000059604645,"poses":{"Left Leg":{"Weight":1,"CFrame":[-0.37800055742263796,0.5276995897293091,0.1877756118774414,0.47261136770248415,-0.6915042996406555,0.5463152527809143,0.28240668773651125,0.7060635685920715,0.6494003534317017,-0.8347963690757752,-0.15263089537620545,0.5289791822433472],"EasingStyle":"Linear","EasingDirection":"In"},"Right Arm":{"Weight":1,"CFrame":[0.021085359156131746,0.4793691039085388,0.008404254913330078,-0.956720769405365,-0.03657058626413345,0.28870075941085818,0.17416581511497498,-0.8667341470718384,0.467373788356781,0.2331346571445465,0.49742794036865237,0.8355918526649475],"EasingStyle":"Linear","EasingDirection":"In"},"Left Arm":{"Weight":1,"CFrame":[0.06200028955936432,-0.4819575250148773,0.280712366104126,0.959125280380249,-0.23606909811496736,-0.1560451239347458,0.20269231498241425,0.18830567598342896,0.9609666466712952,-0.19747036695480348,-0.9533165693283081,0.2284582555294037],"EasingStyle":"Linear","EasingDirection":"In"},"Head":{"Weight":1,"CFrame":[1.1920928955078126e-7,-1.862645149230957e-8,-5.960464477539063e-8,0.9432181119918823,-0.1700865924358368,0.2853246033191681,0.20571251213550569,0.9735198020935059,-0.0997079461812973,-0.26081013679504397,0.1527411788702011,0.9532305002212524],"EasingStyle":"Linear","EasingDirection":"In"},"Torso":{"Weight":1,"CFrame":[0.0743446946144104,-0.17110544443130494,-0.44229817390441897,0.9618185758590698,0.14275212585926057,0.233509823679924,-0.17609268426895142,0.9759232401847839,0.1287059336900711,-0.20951461791992188,-0.16491113603115083,0.9637987017631531],"EasingStyle":"Linear","EasingDirection":"In"},"HumanoidRootPart":{"Weight":1,"CFrame":[0,0,0,1,0,0,0,1,0,0,0,1],"EasingStyle":"Linear","EasingDirection":"In"},"Right Leg":{"Weight":1,"CFrame":[-0.10207118093967438,0.08387184143066406,0.3482193946838379,0.26474612951278689,0.43954411149024966,-0.8583184480667114,-0.587855339050293,0.7791315317153931,0.21767014265060426,0.7644185423851013,0.4469396471977234,0.4646604359149933],"EasingStyle":"Linear","EasingDirection":"In"}}},{"Time":0.4333333373069763,"poses":{"Left Leg":{"Weight":1,"CFrame":[-0.33895599842071535,0.5121879577636719,0.1985311508178711,0.45214319229125979,-0.6915969848632813,0.5632586479187012,0.28167012333869936,0.7098914384841919,0.645535409450531,-0.8463028073310852,-0.13322122395038606,0.5157748460769653],"EasingStyle":"Linear","EasingDirection":"In"},"Right Arm":{"Weight":1,"CFrame":[0.020929761230945588,0.47799062728881838,0.010443925857543946,-0.956720769405365,-0.036570627242326739,0.288700670003891,0.17416583001613618,-0.8667340874671936,0.4673738479614258,0.23313459753990174,0.49742794036865237,0.8355917930603027],"EasingStyle":"Linear","EasingDirection":"In"},"Left Arm":{"Weight":1,"CFrame":[0.06142105162143707,-0.48475757241249087,0.278017520904541,0.9598900079727173,-0.2444085031747818,-0.13738897442817689,0.1893235146999359,0.2035805583000183,0.9605787992477417,-0.20680399239063264,-0.948060929775238,0.24168725311756135],"EasingStyle":"Linear","EasingDirection":"In"},"Head":{"Weight":1,"CFrame":[1.1734664440155029e-7,-3.725290298461914e-8,2.384185791015625e-7,0.9409618377685547,-0.1938553750514984,0.27750879526138308,0.22274500131607057,0.9718818068504334,-0.07635819166898728,-0.25490328669548037,0.1336638480424881,0.9576838612556458],"EasingStyle":"Linear","EasingDirection":"In"},"Torso":{"Weight":1,"CFrame":[0.07614988088607788,-0.17340877652168275,-0.4247593879699707,0.9577942490577698,0.16982951760292054,0.23192259669303895,-0.20266230404376985,0.9711310863494873,0.12582682073116303,-0.2038581371307373,-0.16751818358898164,0.9645618200302124],"EasingStyle":"Linear","EasingDirection":"In"},"HumanoidRootPart":{"Weight":1,"CFrame":[0,0,0,1,0,0,0,1,0,0,0,1],"EasingStyle":"Linear","EasingDirection":"In"},"Right Leg":{"Weight":1,"CFrame":[-0.06793489307165146,0.07432115077972412,0.3411294221878052,0.31705716252326968,0.44593629240989687,-0.8370278477668762,-0.580670177936554,0.7890793681144714,0.20043955743312837,0.7498646974563599,0.42248615622520449,0.5091251730918884],"EasingStyle":"Linear","EasingDirection":"In"}}},{"Time":0.46666666865348818,"poses":{"Left Leg":{"Weight":1,"CFrame":[-0.2695426940917969,0.4743373394012451,0.20658481121063233,0.4383448362350464,-0.6805704236030579,0.5870925784111023,0.2814544439315796,0.7242752313613892,0.6294512152671814,-0.8536024689674377,-0.11067688465118408,0.5090320110321045],"EasingStyle":"Linear","EasingDirection":"In"},"Right Arm":{"Weight":1,"CFrame":[0.020528465509414674,0.47419440746307375,0.011360883712768555,-0.956720769405365,-0.03657066449522972,0.288700670003891,0.17416584491729737,-0.8667342066764832,0.46737366914749148,0.23313462734222413,0.49742791056632998,0.8355918526649475],"EasingStyle":"Linear","EasingDirection":"In"},"Left Arm":{"Weight":1,"CFrame":[0.059927284717559817,-0.49240928888320925,0.27048659324645998,0.961885392665863,-0.24443458020687104,-0.12258999049663544,0.17845778167247773,0.22144247591495515,0.9587053656578064,-0.20719419419765473,-0.9440418481826782,0.25662368535995486],"EasingStyle":"Linear","EasingDirection":"In"},"Head":{"Weight":1,"CFrame":[1.434236764907837e-7,-5.21540641784668e-8,1.1920928955078126e-7,0.940062403678894,-0.2239982783794403,0.25711390376091006,0.24486948549747468,0.9681702256202698,-0.05182216316461563,-0.2373218536376953,0.11167541146278382,0.9649906754493713],"EasingStyle":"Linear","EasingDirection":"In"},"Torso":{"Weight":1,"CFrame":[0.07889366149902344,-0.17573970556259156,-0.3794517517089844,0.9530628323554993,0.2028369903564453,0.22478552162647248,-0.23423513770103455,0.9643787145614624,0.12291312217712403,-0.1918470710515976,-0.16979658603668214,0.9666249752044678],"EasingStyle":"Linear","EasingDirection":"In"},"HumanoidRootPart":{"Weight":1,"CFrame":[0,0,0,1,0,0,0,1,0,0,0,1],"EasingStyle":"Linear","EasingDirection":"In"},"Right Leg":{"Weight":1,"CFrame":[-0.013665439561009407,0.05508589744567871,0.3107074499130249,0.41603606939315798,0.4550537168979645,-0.7872992157936096,-0.5588850378990173,0.8109191060066223,0.1733715981245041,0.7173293828964233,0.3678809106349945,0.5916944742202759],"EasingStyle":"Linear","EasingDirection":"In"}}},{"Time":0.5,"poses":{"Left Leg":{"Weight":1,"CFrame":[-0.1794772744178772,0.42339015007019045,0.19982314109802247,0.4329570531845093,-0.6594405770301819,0.6145620346069336,0.27721744775772097,0.746141254901886,0.6053295135498047,-0.857728898525238,-0.09171421825885773,0.5058554410934448],"EasingStyle":"Linear","EasingDirection":"In"},"Right Arm":{"Weight":1,"CFrame":[0.019979745149612428,0.468491792678833,0.0116041898727417,-0.9567207098007202,-0.03657066449522972,0.2887006998062134,0.17416584491729737,-0.8667342066764832,0.4673738181591034,0.23313458263874055,0.49742794036865237,0.8355917930603027],"EasingStyle":"Linear","EasingDirection":"In"},"Left Arm":{"Weight":1,"CFrame":[0.057884931564331058,-0.5037883520126343,0.2589520215988159,0.9646165370941162,-0.23940446972846986,-0.11045607924461365,0.16925789415836335,0.24107040464878083,0.9556342363357544,-0.2021554857492447,-0.9405161142349243,0.27306169271469118],"EasingStyle":"Linear","EasingDirection":"In"},"Head":{"Weight":1,"CFrame":[7.916241884231568e-8,-4.470348358154297e-8,-2.384185791015625e-7,0.9395709037780762,-0.2570228576660156,0.22615469992160798,0.26993852853775027,0.9624814391136169,-0.02762102708220482,-0.21057046949863435,0.08699976652860642,0.9736998081207275],"EasingStyle":"Linear","EasingDirection":"In"},"Torso":{"Weight":1,"CFrame":[0.08236432075500488,-0.1778218150138855,-0.3174135684967041,0.9474923610687256,0.23826368153095246,0.21328069269657136,-0.267490029335022,0.9560202360153198,0.120310477912426,-0.17523500323295594,-0.17104369401931764,0.9695550203323364],"EasingStyle":"Linear","EasingDirection":"In"},"HumanoidRootPart":{"Weight":1,"CFrame":[0,0,0,1,0,0,0,1,0,0,0,1],"EasingStyle":"Linear","EasingDirection":"In"},"Right Leg":{"Weight":1,"CFrame":[0.05047577992081642,0.031906843185424808,0.2583744525909424,0.5475755929946899,0.45817193388938906,-0.7001711130142212,-0.5233902335166931,0.8404102325439453,0.1406179666519165,0.6528581976890564,0.28946372866630556,0.6999907493591309],"EasingStyle":"Linear","EasingDirection":"In"}}},{"Time":0.5333333611488342,"poses":{"Left Leg":{"Weight":1,"CFrame":[-0.07915875315666199,0.3685983419418335,0.17050385475158692,0.4365539848804474,-0.6298362016677856,0.6424384117126465,0.2654145359992981,0.772455632686615,0.5769465565681458,-0.8596369624137878,-0.08135583251714707,0.504386305809021],"EasingStyle":"Linear","EasingDirection":"In"},"Right Arm":{"Weight":1,"CFrame":[0.019382059574127198,0.46139490604400637,0.011622786521911621,-0.956720769405365,-0.03657066822052002,0.288700670003891,0.17416585981845857,-0.8667342066764832,0.46737363934516909,0.23313456773757935,0.49742788076400759,0.8355918526649475],"EasingStyle":"Linear","EasingDirection":"In"},"Left Arm":{"Weight":1,"CFrame":[0.05565956234931946,-0.5177701711654663,0.24424493312835694,0.9674746990203857,-0.2324501872062683,-0.09979790449142456,0.16104289889335633,0.26171520352363589,0.9516146183013916,-0.19508439302444459,-0.9367347955703735,0.29063746333122256],"EasingStyle":"Linear","EasingDirection":"In"},"Head":{"Weight":1,"CFrame":[1.0244548320770264e-7,-7.450580596923828e-8,0,0.9387404918670654,-0.28953155875205996,0.18691639602184297,0.2956591844558716,0.9552796483039856,-0.005155395250767469,-0.17706483602523805,0.06010312959551811,0.9823622703552246],"EasingStyle":"Linear","EasingDirection":"In"},"Torso":{"Weight":1,"CFrame":[0.08638417720794678,-0.17947205901145936,-0.24968576431274415,0.9413894414901733,0.27263757586479189,0.19863246381282807,-0.2991679012775421,0.9468453526496887,0.11824766546487808,-0.15583546459674836,-0.17074154317378999,0.9729145169258118],"EasingStyle":"Linear","EasingDirection":"In"},"HumanoidRootPart":{"Weight":1,"CFrame":[0,0,0,1,0,0,0,1,0,0,0,1],"EasingStyle":"Linear","EasingDirection":"In"},"Right Leg":{"Weight":1,"CFrame":[0.10850946605205536,0.01053088903427124,0.1893165111541748,0.6895100474357605,0.4449695944786072,-0.5714699625968933,-0.47536271810531618,0.8733256459236145,0.10645527392625809,0.5464487671852112,0.19825348258018495,0.8136887550354004],"EasingStyle":"Linear","EasingDirection":"In"}}},{"Time":0.5666666626930237,"poses":{"Left Leg":{"Weight":1,"CFrame":[0.01982221007347107,0.3184744119644165,0.11948442459106446,0.4476979076862335,-0.5946489572525024,0.6678018569946289,0.24584370851516725,0.7999024987220764,0.5474639534950256,-0.8597253561019898,-0.08092356473207474,0.5043054819107056],"EasingStyle":"Linear","EasingDirection":"In"},"Right Arm":{"Weight":1,"CFrame":[0.018833354115486146,0.45341312885284426,0.011866092681884766,-0.9567207098007202,-0.036570627242326739,0.28870078921318056,0.17416583001613618,-0.8667342066764832,0.46737366914749148,0.2331346720457077,0.4974278509616852,0.8355917930603027],"EasingStyle":"Linear","EasingDirection":"In"},"Left Arm":{"Weight":1,"CFrame":[0.0536172091960907,-0.5332316160202026,0.2271977663040161,0.9698591828346252,-0.22668974101543427,-0.08935893326997757,0.15330705046653748,0.28264516592025759,0.9468942284584045,-0.18939438462257386,-0.9320533275604248,0.3088792562484741],"EasingStyle":"Linear","EasingDirection":"In"},"Head":{"Weight":1,"CFrame":[1.2479722499847413e-7,-1.862645149230957e-8,-1.7881393432617188e-7,0.9372803568840027,-0.3183414041996002,0.14200161397457124,0.31960177421569826,0.9474416375160217,0.014460930600762368,-0.1391417682170868,0.031830016523599628,0.9897608160972595],"EasingStyle":"Linear","EasingDirection":"In"},"Torso":{"Weight":1,"CFrame":[0.09080636501312256,-0.18065476417541505,-0.18726634979248048,0.9355639219284058,0.30258622765541079,0.18210412561893464,-0.3261304795742035,0.9380851984024048,0.11676934361457825,-0.13549640774726869,-0.16863486170768739,0.9763211607933044],"EasingStyle":"Linear","EasingDirection":"In"},"HumanoidRootPart":{"Weight":1,"CFrame":[0,0,0,1,0,0,0,1,0,0,0,1],"EasingStyle":"Linear","EasingDirection":"In"},"Right Leg":{"Weight":1,"CFrame":[0.14063477516174317,-0.007298946380615234,0.12006056308746338,0.8066226840019226,0.4127955734729767,-0.4230360984802246,-0.42381200194358828,0.9028151631355286,0.07285815477371216,0.4119988977909088,0.12051863968372345,0.9031789302825928],"EasingStyle":"Linear","EasingDirection":"In"}}},{"Time":0.6000000238418579,"poses":{"Left Leg":{"Weight":1,"CFrame":[0.10221070051193237,0.2796967625617981,0.06132030487060547,0.461769700050354,-0.5596975684165955,0.6881188154220581,0.22508016228675843,0.8243281841278076,0.519443929195404,-0.85796719789505,-0.08498156070709229,0.5066266655921936],"EasingStyle":"Linear","EasingDirection":"In"},"Right Arm":{"Weight":1,"CFrame":[0.01843208074569702,0.44505804777145388,0.012782931327819825,-0.956720769405365,-0.036570653319358829,0.28870075941085818,0.17416585981845857,-0.8667342066764832,0.467373788356781,0.23313464224338532,0.49742794036865237,0.8355918526649475],"EasingStyle":"Linear","EasingDirection":"In"},"Left Arm":{"Weight":1,"CFrame":[0.052123427391052249,-0.5490472316741943,0.20864152908325196,0.9711880087852478,-0.22526642680168153,-0.07777439802885056,0.14572492241859437,0.3031197488307953,0.9417445063591003,-0.18856845796108247,-0.9259446263313294,0.327213317155838],"EasingStyle":"Linear","EasingDirection":"In"},"Head":{"Weight":1,"CFrame":[1.0244548320770264e-7,-8.568167686462403e-8,-2.384185791015625e-7,0.935472846031189,-0.34059348702430727,0.09426899254322052,0.33924123644828799,0.940204381942749,0.030514229089021684,-0.09902506321668625,0.003434666432440281,0.9950791001319885],"EasingStyle":"Linear","EasingDirection":"In"},"Torso":{"Weight":1,"CFrame":[0.09549844264984131,-0.18150007724761964,-0.14107704162597657,0.9312597513198853,0.3248662054538727,0.1649765521287918,-0.34537988901138308,0.9313019514083862,0.11571268737316132,-0.11605183780193329,-0.16473811864852906,0.979486346244812],"EasingStyle":"Linear","EasingDirection":"In"},"HumanoidRootPart":{"Weight":1,"CFrame":[0,0,0,1,0,0,0,1,0,0,0,1],"EasingStyle":"Linear","EasingDirection":"In"},"Right Leg":{"Weight":1,"CFrame":[0.24229615926742555,-0.020139455795288087,0.10389161109924317,0.8500914573669434,0.4300379157066345,-0.303993284702301,-0.43741562962532046,0.898021399974823,0.04717171564698219,0.2932780086994171,0.09287108480930329,0.9515056610107422],"EasingStyle":"Linear","EasingDirection":"In"}}},{"Time":0.6333333253860474,"poses":{"Left Leg":{"Weight":1,"CFrame":[0.14286574721336366,0.2556195855140686,0.032544732093811038,0.4686536192893982,-0.5373897552490234,0.7011247873306274,0.22246739268302918,0.8398997783660889,0.49505218863487246,-0.8549106121063232,-0.07603058218955994,0.5131738781929016],"EasingStyle":"Linear","EasingDirection":"In"},"Right Arm":{"Weight":1,"CFrame":[0.01827646791934967,0.4368405342102051,0.01482248306274414,-0.9567207098007202,-0.036570608615875247,0.28870075941085818,0.17416584491729737,-0.8667342066764832,0.4673737585544586,0.2331346720457077,0.49742788076400759,0.8355918526649475],"EasingStyle":"Linear","EasingDirection":"In"},"Left Arm":{"Weight":1,"CFrame":[0.05154430866241455,-0.5640938878059387,0.18940842151641847,0.9707969427108765,-0.23132