{"Sequence":[{"Time":0,"poses":{"Left Leg":{"Weight":1,"CFrame":[0.02298986166715622,-0.0042945146560668949,-0.0038423538208007814,0.9996925592422485,0.022660136222839357,-0.010062658227980137,-0.02273416705429554,0.9997149109840393,-0.007302857469767332,0.009894267655909062,0.00752939423546195,0.9999226927757263],"EasingStyle":"Linear","EasingDirection":"In"},"Right Arm":{"Weight":1,"CFrame":[0.1998523473739624,-0.00073203444480896,0.5306887626647949,-0.3432595133781433,-0.002501262351870537,-0.9392372965812683,0.04329879209399223,0.9988911151885986,-0.018484408035874368,0.9382421374320984,-0.047012779861688617,-0.3427705466747284],"EasingStyle":"Linear","EasingDirection":"In"},"Left Arm":{"Weight":1,"CFrame":[-0.3625939190387726,0.05665171146392822,0.4820631742477417,-0.06774128973484039,0.2755464017391205,0.9588980078697205,-0.10308796912431717,0.9540284872055054,-0.28142982721328738,-0.992362916469574,-0.1179153248667717,-0.03622156009078026],"EasingStyle":"Linear","EasingDirection":"In"},"Head":{"Weight":1,"CFrame":[8.9290551841259e-8,-5.326000973582268e-9,0.016662120819091798,0.9999763369560242,-0.0031130900606513025,0.006150623317807913,0.002981371944770217,0.9997684359550476,0.021310647949576379,-0.006215545814484358,-0.021291768178343774,0.9997540712356567],"EasingStyle":"Linear","EasingDirection":"In"},"Torso":{"Weight":1,"CFrame":[-0.005505790933966637,0.024702884256839753,0.0007162094116210938,0.9999265074729919,-0.01011892594397068,-0.0066935718059539799,0.010315601713955403,0.999495804309845,0.030031714588403703,0.006386308465152979,-0.030098555609583856,0.9995265603065491],"EasingStyle":"Linear","EasingDirection":"In"},"HumanoidRootPart":{"Weight":1,"CFrame":[0,0,0,1,0,0,0,1,0,0,0,1],"EasingStyle":"Linear","EasingDirection":"In"},"Right Leg":{"Weight":1,"CFrame":[0.03306121379137039,0.0035715103149414064,-0.003765285015106201,0.9990252256393433,0.042980730533599856,-0.010057973675429821,-0.04290800541639328,0.999052107334137,0.00734212901443243,0.010364070534706116,-0.006903400178998709,0.999922513961792],"EasingStyle":"Linear","EasingDirection":"In"}}},{"Time":0.03333333507180214,"poses":{"Left Leg":{"Weight":1,"CFrame":[0.022989463061094285,-0.004292845726013184,-0.0038425326347351076,0.9996933937072754,0.022626055404543878,-0.010062742047011853,-0.02270008809864521,0.9997157454490662,-0.007301906123757362,0.009894628077745438,0.007528101094067097,0.9999227523803711],"EasingStyle":"Linear","EasingDirection":"In"},"Right Arm":{"Weight":1,"CFrame":[0.19777533411979676,0.010898232460021973,0.5305275917053223,-0.32391950488090517,-0.07819090038537979,-0.9428480267524719,0.018616098910570146,0.9958592057228088,-0.0889829471707344,0.9459014534950256,-0.046375397592782977,-0.3211226463317871],"EasingStyle":"Linear","EasingDirection":"In"},"Left Arm":{"Weight":1,"CFrame":[-0.35787534713745119,0.09588080644607544,0.4650087356567383,-0.06241568177938461,0.4214712381362915,0.9046912789344788,-0.07598359137773514,0.9018212556838989,-0.4253763258457184,-0.9951536655426025,-0.09529190510511399,-0.02426287718117237],"EasingStyle":"Linear","EasingDirection":"In"},"Head":{"Weight":1,"CFrame":[8.9290551841259e-8,2.1245796233415605e-9,0.016661882400512697,0.9999803304672241,-0.0008701742626726627,0.006218780763447285,0.0007100401562638581,0.9996695518493652,0.025698507204651834,-0.006239064037799835,-0.025693530216813089,0.9996504783630371],"EasingStyle":"Linear","EasingDirection":"In"},"Torso":{"Weight":1,"CFrame":[-0.005505790933966637,0.024702884256839753,0.0033524036407470705,0.9999265074729919,-0.01011892594397068,-0.0066935718059539799,0.010315601713955403,0.999495804309845,0.030031714588403703,0.006386308465152979,-0.030098555609583856,0.9995265603065491],"EasingStyle":"Linear","EasingDirection":"In"},"HumanoidRootPart":{"Weight":1,"CFrame":[0,0,0,1,0,0,0,1,0,0,0,1],"EasingStyle":"Linear","EasingDirection":"In"},"Right Leg":{"Weight":1,"CFrame":[-0.03293457627296448,0.0038507580757141115,-0.004431188106536865,0.9999143481254578,0.00837708916515112,-0.010058144107460976,-0.008303496986627579,0.9999386668205261,0.0073411171324551109,0.010119084268808365,-0.007257011253386736,0.999922513961792],"EasingStyle":"Linear","EasingDirection":"In"}}},{"Time":0.06666667014360428,"poses":{"Left Leg":{"Weight":1,"CFrame":[0.02298898994922638,-0.004291415214538574,-0.003842473030090332,0.9996942281723023,0.022585554048419,-0.01006283052265644,-0.02265956625342369,0.9997166991233826,-0.007300954777747393,0.00989504437893629,0.007526743691414595,0.9999227523803711],"EasingStyle":"Linear","EasingDirection":"In"},"Right Arm":{"Weight":1,"CFrame":[0.19483289122581483,0.024532973766326906,0.5305228233337402,-0.2895156741142273,-0.17316840589046479,-0.9413784742355347,-0.013624574057757855,0.9841444492340088,-0.17684514820575715,0.957076370716095,-0.03837355226278305,-0.2872845530509949],"EasingStyle":"Linear","EasingDirection":"In"},"Left Arm":{"Weight":1,"CFrame":[-0.3537988066673279,0.13223570585250855,0.44421279430389407,-0.035099588334560397,0.5351447463035584,0.8440308570861816,-0.022354066371917726,0.8439196348190308,-0.5360038876533508,-0.9991337656974793,-0.03768109902739525,-0.017658546566963197],"EasingStyle":"Linear","EasingDirection":"In"},"Head":{"Weight":1,"CFrame":[8.742790669202805e-8,9.575160220265389e-9,0.016661643981933595,0.9999775290489197,0.002465717727318406,0.006246564909815788,-0.0026394391898065807,0.9996057748794556,0.027953365817666055,-0.0061751496978104118,-0.027969161048531534,0.999589741230011],"EasingStyle":"Linear","EasingDirection":"In"},"Torso":{"Weight":1,"CFrame":[-0.005505790933966637,0.024702884256839753,0.006498813629150391,0.9999265074729919,-0.01011892594397068,-0.0066935718059539799,0.010315601713955403,0.999495804309845,0.030031714588403703,0.006386308465152979,-0.030098555609583856,0.9995265603065491],"EasingStyle":"Linear","EasingDirection":"In"},"HumanoidRootPart":{"Weight":1,"CFrame":[0,0,0,1,0,0,0,1,0,0,0,1],"EasingStyle":"Linear","EasingDirection":"In"},"Right Leg":{"Weight":1,"CFrame":[-0.032934267073869708,0.0038500428199768068,-0.004431307315826416,0.9999144673347473,0.008366706781089306,-0.010058250278234482,-0.008293126709759236,0.9999387860298157,0.007340166252106428,0.010119105689227581,-0.007256163749843836,0.999922513961792],"EasingStyle":"Linear","EasingDirection":"In"}}},{"Time":0.10000000149011612,"poses":{"Left Leg":{"Weight":1,"CFrame":[0.022988591343164445,-0.004289984703063965,-0.0038424134254455568,0.9996950626373291,0.02255171164870262,-0.01006290502846241,-0.022625718265771867,0.9997174143791199,-0.007300271186977625,0.009895390830934048,0.007525690831243992,0.9999227523803711],"EasingStyle":"Linear","EasingDirection":"In"},"Right Arm":{"Weight":1,"CFrame":[0.19173821806907655,0.03567546606063843,0.5305640697479248,-0.2409365326166153,-0.26755043864250185,-0.9329342842102051,-0.039618924260139468,0.9631620049476624,-0.2659873962402344,0.9697319269180298,-0.027124198153614999,-0.24266093969345094],"EasingStyle":"Linear","EasingDirection":"In"},"Left Arm":{"Weight":1,"CFrame":[-0.35157227516174319,0.15890711545944215,0.4241887331008911,-0.003216287586838007,0.6066552400588989,0.7949585318565369,0.02804197557270527,0.794704794883728,-0.6063482165336609,-0.9996016621589661,0.020341956987977029,-0.01956779509782791],"EasingStyle":"Linear","EasingDirection":"In"},"Head":{"Weight":1,"CFrame":[8.9290551841259e-8,2.1245796233415605e-9,0.016661643981933595,0.9999595284461975,0.006532023195177317,0.006194334477186203,-0.006707682274281979,0.9995630383491516,0.028787044808268548,-0.006003647577017546,-0.028827311471104623,0.9995664358139038],"EasingStyle":"Linear","EasingDirection":"In"},"Torso":{"Weight":1,"CFrame":[-0.005505790933966637,0.024702884256839753,0.009135007858276368,0.9999265074729919,-0.01011892594397068,-0.0066935718059539799,0.010315601713955403,0.999495804309845,0.030031714588403703,0.006386308465152979,-0.030098555609583856,0.9995265603065491],"EasingStyle":"Linear","EasingDirection":"In"},"HumanoidRootPart":{"Weight":1,"CFrame":[0,0,0,1,0,0,0,1,0,0,0,1],"EasingStyle":"Linear","EasingDirection":"In"},"Right Leg":{"Weight":1,"CFrame":[-0.032934028655290607,0.0038486123085021974,-0.004431188106536865,0.9999144673347473,0.008357995189726353,-0.010058339685201645,-0.008284426294267178,0.9999387860298157,0.007339244708418846,0.010119125247001648,-0.0072552976198494438,0.999922513961792],"EasingStyle":"Linear","EasingDirection":"In"}}},{"Time":0.13333334028720857,"poses":{"Left Leg":{"Weight":1,"CFrame":[0.022988412529230119,-0.004289746284484863,-0.003842473030090332,0.9996953010559082,0.022537533193826677,-0.010062942281365395,-0.02261153981089592,0.9997177124023438,-0.007299795281141996,0.00989554449915886,0.007525102235376835,0.9999227523803711],"EasingStyle":"Linear","EasingDirection":"In"},"Right Arm":{"Weight":1,"CFrame":[0.18918459117412568,0.04005575180053711,0.5304778814315796,-0.18236565589904786,-0.3430599868297577,-0.921440601348877,-0.0473519004881382,0.9391327500343323,-0.340275377035141,0.9820898771286011,-0.01842258870601654,-0.18751008808612824],"EasingStyle":"Linear","EasingDirection":"In"},"Left Arm":{"Weight":1,"CFrame":[-0.3521811068058014,0.16925054788589478,0.40943264961242678,0.009253612719476223,0.6326244473457336,0.7744033336639404,0.050667762756347659,0.7731451988220215,-0.6322021484375,-0.9986726641654968,0.045087382197380069,-0.024899274110794069],"EasingStyle":"Linear","EasingDirection":"In"},"Head":{"Weight":1,"CFrame":[9.208451956510544e-8,-5.326000973582268e-9,0.016661882400512697,0.9999217391014099,0.010965658351778984,0.006023277994245291,-0.011135403998196125,0.999519944190979,0.028911564499139787,-0.00570340733975172,-0.02897629886865616,0.9995639324188232],"EasingStyle":"Linear","EasingDirection":"In"},"Torso":{"Weight":1,"CFrame":[-0.005505790933966637,0.024702884256839753,0.010240554809570313,0.9999265074729919,-0.01011892594397068,-0.0066935718059539799,0.010315601713955403,0.999495804309845,0.030031714588403703,0.006386308465152979,-0.030098555609583856,0.9995265603065491],"EasingStyle":"Linear","EasingDirection":"In"},"HumanoidRootPart":{"Weight":1,"CFrame":[0,0,0,1,0,0,0,1,0,0,0,1],"EasingStyle":"Linear","EasingDirection":"In"},"Right Leg":{"Weight":1,"CFrame":[-0.032933905720710757,0.0038483738899230959,-0.004431307315826416,0.9999144673347473,0.008354417979717255,-0.01005837693810463,-0.00828084722161293,0.9999387860298157,0.007338977884501219,0.010119132697582245,-0.00725512532517314,0.9999225735664368],"EasingStyle":"Linear","EasingDirection":"In"}}},{"Time":0.1666666716337204,"poses":{"Left Leg":{"Weight":1,"CFrame":[0.022922735661268235,-0.0037844181060791017,-0.0038371682167053224,0.998796284198761,0.04796816036105156,-0.010247926227748394,-0.04801977425813675,0.9988346695899963,-0.00484898267313838,0.010003347881138325,0.005335250869393349,0.9999357461929321],"EasingStyle":"Linear","EasingDirection":"In"},"Right Arm":{"Weight":1,"CFrame":[0.18741123378276826,0.039652347564697269,0.5299665927886963,-0.11816158890724182,-0.39488258957862856,-0.9111013412475586,-0.036279432475566867,0.9186334013938904,-0.3934420049190521,0.9923315048217773,-0.013435466215014458,-0.12287327647209168],"EasingStyle":"Linear","EasingDirection":"In"},"Left Arm":{"Weight":1,"CFrame":[-0.35652297735214236,0.1689489483833313,0.4007002115249634,-0.004091436974704266,0.6332073211669922,0.7739713788032532,0.053049929440021518,0.7730255126953125,-0.6321530938148499,-0.9985834956169128,0.03847265988588333,-0.03675438091158867],"EasingStyle":"Linear","EasingDirection":"In"},"Head":{"Weight":1,"CFrame":[8.894858183339238e-8,-1.9063008949160577e-9,0.016661763191223146,0.9998663067817688,0.01523610483855009,0.005934189073741436,-0.015528479591012001,0.9984833002090454,0.05282134190201759,-0.005120360292494297,-0.05290643870830536,0.9985864162445068],"EasingStyle":"Linear","EasingDirection":"In"},"Torso":{"Weight":1,"CFrame":[-0.005506508052349091,0.005127226933836937,0.009953737258911133,0.9999263882637024,-0.010120232589542866,-0.006694442126899958,0.0101619902998209,0.9999289512634277,0.00623325677588582,0.006630884017795324,-0.006300827022641897,0.9999581575393677],"EasingStyle":"Linear","EasingDirection":"In"},"HumanoidRootPart":{"Weight":1,"CFrame":[0,0,0,1,0,0,0,1,0,0,0,1],"EasingStyle":"Linear","EasingDirection":"In"},"Right Leg":{"Weight":1,"CFrame":[0.06604034453630448,0.007199704647064209,-0.003486037254333496,0.9993329644203186,0.03515717387199402,-0.009882090613245964,-0.03505702316761017,0.999333918094635,0.010136540047824383,0.010231941938400269,-0.00978335365653038,0.9998998045921326],"EasingStyle":"Linear","EasingDirection":"In"}}},{"Time":0.20000000298023225,"poses":{"Left Leg":{"Weight":1,"CFrame":[-0.18094809353351594,0.029439449310302736,-0.006141066551208496,0.9999414086341858,0.0034728487953543665,-0.010257844813168049,-0.003398251486942172,0.9999678134918213,0.0072832428850233559,0.010282768867909909,-0.0072479513473808769,0.9999208450317383],"EasingStyle":"Linear","EasingDirection":"In"},"Right Arm":{"Weight":1,"CFrame":[0.18606312572956086,0.039095520973205569,0.5276877880096436,-0.05324579402804375,-0.4337638020515442,-0.8994520306587219,-0.013151309452950955,0.9009562730789185,-0.4337107539176941,0.9984948635101318,-0.011264290660619736,-0.05367668718099594],"EasingStyle":"Linear","EasingDirection":"In"},"Left Arm":{"Weight":1,"CFrame":[-0.36476463079452517,0.1669866442680359,0.39498329162597659,-0.03058193065226078,0.6285867691040039,0.7771379947662354,0.050139687955379489,0.777487576007843,-0.6268966197967529,-0.9982739090919495,0.019793694838881494,-0.0552942119538784],"EasingStyle":"Linear","EasingDirection":"In"},"Head":{"Weight":1,"CFrame":[8.771894499659538e-8,1.2310920283198357e-8,0.0166623592376709,0.999803900718689,0.01887444220483303,0.005994049366563559,-0.01942962035536766,0.9934491515159607,0.11261172592639923,-0.0038293269462883474,-0.11270605772733689,0.9936210513114929],"EasingStyle":"Linear","EasingDirection":"In"},"Torso":{"Weight":1,"CFrame":[-0.005507847294211388,-0.043517112731933597,0.0043261051177978519,0.9999264478683472,-0.010122932493686676,-0.0066960714757442478,0.009754739701747895,0.9985520243644714,-0.05290449783205986,0.007221924141049385,0.052835289388895038,0.9985771179199219],"EasingStyle":"Linear","EasingDirection":"In"},"HumanoidRootPart":{"Weight":1,"CFrame":[0,0,0,1,0,0,0,1,0,0,0,1],"EasingStyle":"Linear","EasingDirection":"In"},"Right Leg":{"Weight":1,"CFrame":[0.24371685087680818,0.04312366247177124,-0.0025307536125183107,0.9977024793624878,0.06701187044382096,-0.009967911057174206,-0.06677422672510147,0.9975139498710632,0.022524354979395868,0.011452591978013516,-0.021807018667459489,0.999696671962738],"EasingStyle":"Linear","EasingDirection":"In"}}},{"Time":0.23333333432674409,"poses":{"Left Leg":{"Weight":1,"CFrame":[-0.3065037429332733,0.09672510623931885,-0.009588181972503662,0.9998723864555359,0.014238093048334122,-0.007236933335661888,-0.0139637915417552,0.9992310404777527,0.036640770733356479,0.007753022946417332,-0.03653503581881523,0.999302327632904],"EasingStyle":"Linear","EasingDirection":"In"},"Right Arm":{"Weight":1,"CFrame":[0.18488438427448274,0.0381738543510437,0.5218547582626343,0.0059367455542087559,-0.46716928482055666,-0.8841480612754822,0.021151771768927575,0.884024441242218,-0.46696197986602785,0.9997587203979492,-0.01592906378209591,0.015129686333239079],"EasingStyle":"Linear","EasingDirection":"In"},"Left Arm":{"Weight":1,"CFrame":[-0.3767711818218231,0.16161465644836427,0.39116811752319338,-0.06602022796869278,0.6155759692192078,0.7853071689605713,0.029661353677511216,0.7878873348236084,-0.6151049137115479,-0.997377336025238,-0.017316121608018876,-0.07027528434991837],"EasingStyle":"Linear","EasingDirection":"In"},"Head":{"Weight":1,"CFrame":[8.521601557731629e-8,-9.327777661383152e-9,0.016661763191223146,0.9997485876083374,0.02161579206585884,0.005966403521597385,-0.02235569804906845,0.9815323948860169,0.1899857223033905,-0.0017495162319391966,-0.19007134437561036,0.981768786907196],"EasingStyle":"Linear","EasingDirection":"In"},"Torso":{"Weight":1,"CFrame":[-0.005508686415851116,-0.10577937960624695,-0.013543367385864258,0.9999263286590576,-0.010125077329576016,-0.006697093136608601,0.009180021472275257,0.9916543364524841,-0.12859779596328736,0.007943264208734036,0.12852683663368226,0.9916742444038391],"EasingStyle":"Linear","EasingDirection":"In"},"HumanoidRootPart":{"Weight":1,"CFrame":[0,0,0,1,0,0,0,1,0,0,0,1],"EasingStyle":"Linear","EasingDirection":"In"},"Right Leg":{"Weight":1,"CFrame":[0.3653152585029602,0.11413562297821045,-0.004552781581878662,0.9983464479446411,0.05598197504878044,-0.013052167370915413,-0.055250778794288638,0.9971741437911987,0.05090215057134628,0.015864958986639978,-0.050096869468688968,0.9986183643341065],"EasingStyle":"Linear","EasingDirection":"In"}}},{"Time":0.2666666805744171,"poses":{"Left Leg":{"Weight":1,"CFrame":[-0.38250812888145449,0.1865977644920349,-0.017801284790039064,0.9990680813789368,0.043004874140024188,0.0037125940434634687,-0.043164290487766269,0.9949331879615784,0.09080171585083008,0.00021110607485752553,-0.09087728708982468,0.9958621263504028],"EasingStyle":"Linear","EasingDirection":"In"},"Right Arm":{"Weight":1,"CFrame":[0.18362833559513093,0.03662562370300293,0.5106979608535767,0.05272945016622543,-0.5023190975189209,-0.8630731105804443,0.06622427701950073,0.8641318082809448,-0.4988892078399658,0.9964105486869812,-0.030850227922201158,0.07883092015981674],"EasingStyle":"Linear","EasingDirection":"In"},"Left Arm":{"Weight":1,"CFrame":[-0.3924423158168793,0.1510164737701416,0.3881341218948364,-0.10553891956806183,0.590049147605896,0.8004395365715027,-0.02099960669875145,0.8034331202507019,-0.595024824142456,-0.994193434715271,-0.07960724085569382,-0.07240264117717743],"EasingStyle":"Linear","EasingDirection":"In"},"Head":{"Weight":1,"CFrame":[8.847564458847046e-8,-2.7619535103440286e-8,0.016662001609802247,0.999714195728302,0.023236000910401346,0.0056383381597697739,-0.023898223415017129,0.9635416269302368,0.2664893865585327,0.0007593687623739243,-0.26654794812202456,0.9638214111328125],"EasingStyle":"Linear","EasingDirection":"In"},"Torso":{"Weight":1,"CFrame":[-0.005508194677531719,-0.1659519076347351,-0.04736971855163574,0.9999263286590576,-0.01012449897825718,-0.006696492899209261,0.008565538562834263,0.9793995022773743,-0.20175056159496308,0.008601164445281029,0.2016783356666565,0.9794140458106995],"EasingStyle":"Linear","EasingDirection":"In"},"HumanoidRootPart":{"Weight":1,"CFrame":[0,0,0,1,0,0,0,1,0,0,0,1],"EasingStyle":"Linear","EasingDirection":"In"},"Right Leg":{"Weight":1,"CFrame":[0.4420667290687561,0.20793360471725465,-0.012379050254821778,0.9992780089378357,0.029834629967808725,-0.023522457107901574,-0.02729610726237297,0.9944398403167725,0.10170707106590271,0.026426127180457116,-0.10099157691001892,0.9945363402366638],"EasingStyle":"Linear","EasingDirection":"In"}}},{"Time":0.30000001192092898,"poses":{"Left Leg":{"Weight":1,"CFrame":[-0.4085298180580139,0.27550244331359866,-0.03494065999984741,0.997111976146698,0.07132390886545181,0.026086408644914628,-0.07482144981622696,0.9814525246620178,0.17650188505649568,-0.013013791292905808,-0.17794397473335267,0.983954668045044],"EasingStyle":"Linear","EasingDirection":"In"},"Right Arm":{"Weight":1,"CFrame":[0.18207284808158875,0.0341302752494812,0.4924623966217041,0.07989140599966049,-0.5457057356834412,-0.8341598510742188,0.1218988299369812,0.8359024524688721,-0.5351709127426148,0.9893220067024231,-0.05892757326364517,0.13330230116844178],"EasingStyle":"Linear","EasingDirection":"In"},"Left Arm":{"Weight":1,"CFrame":[-0.4117109179496765,0.13320428133010865,0.3847390413284302,-0.14234913885593415,0.5469495058059692,0.824974536895752,-0.11471709609031677,0.8187292218208313,-0.562603235244751,-0.9831463098526001,-0.17472481727600099,-0.053800903260707858],"EasingStyle":"Linear","EasingDirection":"In"},"Head":{"Weight":1,"CFrame":[9.033828973770142e-8,-3.149034455418587e-8,0.016662001609802247,0.999710738658905,0.023559510707855226,0.004837473854422569,-0.023853136226534845,0.9454874396324158,0.32478412985801699,0.0030778981745243074,-0.32480546832084658,0.9457759261131287],"EasingStyle":"Linear","EasingDirection":"In"},"Torso":{"Weight":1,"CFrame":[-0.005505789071321487,-0.20901226997375489,-0.09659528732299805,0.9999263882637024,-0.010118924081325531,-0.006693569477647543,0.008086217567324639,0.9671443104743958,-0.2540997564792633,0.009044863283634186,0.25402694940567019,0.967154860496521],"EasingStyle":"Linear","EasingDirection":"In"},"HumanoidRootPart":{"Weight":1,"CFrame":[0,0,0,1,0,0,0,1,0,0,0,1],"EasingStyle":"Linear","EasingDirection":"In"},"Right Leg":{"Weight":1,"CFrame":[0.47177332639694216,0.2995070219039917,-0.029466211795806886,0.9990090727806091,0.005305114667862654,-0.044191472232341769,0.002763401949778199,0.983562707901001,0.18054607510566712,0.04442298039793968,-0.18048933148384095,0.9825732707977295],"EasingStyle":"Linear","EasingDirection":"In"}}},{"Time":0.3333333432674408,"poses":{"Left Leg":{"Weight":1,"CFrame":[-0.3994872570037842,0.35098952054977419,-0.06374239921569824,0.9941654801368713,0.09077992290258408,0.05825818330049515,-0.10388296842575073,0.9512077569961548,0.29053783416748049,-0.029040655121207238,-0.2948947250843048,0.9550883769989014],"EasingStyle":"Linear","EasingDirection":"In"},"Right Arm":{"Weight":1,"CFrame":[0.22117742896080018,0.019163012504577638,0.454082727432251,0.076411172747612,-0.5558552742004395,-0.8277599811553955,0.23936954140663148,0.8161349296569824,-0.5259523987770081,0.9679170846939087,-0.15795184671878816,0.1954166144132614],"EasingStyle":"Linear","EasingDirection":"In"},"Left Arm":{"Weight":1,"CFrame":[-0.43410390615463259,0.09353327751159668,0.37908363342285159,-0.16248147189617158,0.48156318068504336,0.8612182140350342,-0.2851470708847046,0.8126596212387085,-0.508208155632019,-0.9446116089820862,-0.3281483054161072,0.005274196155369282],"EasingStyle":"Linear","EasingDirection":"In"},"Head":{"Weight":1,"CFrame":[8.987262845039368e-8,-6.197660695761442e-8,0.016662240028381349,0.999815821647644,0.01908259280025959,0.0020660965237766506,-0.018512269482016565,0.9302497506141663,0.36645981669425967,0.005071098916232586,-0.3664305508136749,0.9304315447807312],"EasingStyle":"Linear","EasingDirection":"In"},"Torso":{"Weight":1,"CFrame":[-0.005503583699464798,-0.23316484689712525,-0.1873607635498047,0.9999265670776367,-0.010113234631717205,-0.006690887734293938,0.007802061270922422,0.9589515924453735,-0.2834624946117401,0.009282960556447506,0.28338944911956789,0.9589599967002869],"EasingStyle":"Linear","EasingDirection":"In"},"HumanoidRootPart":{"Weight":1,"CFrame":[0,0,0,1,0,0,0,1,0,0,0,1],"EasingStyle":"Linear","EasingDirection":"In"},"Right Leg":{"Weight":1,"CFrame":[0.46641626954078677,0.3746384382247925,-0.05742156505584717,0.9972447156906128,-0.012321230955421925,-0.07315102964639664,0.03266698122024536,0.9582886099815369,0.2839294672012329,0.06660149991512299,-0.2855367660522461,0.9560507535934448],"EasingStyle":"Linear","EasingDirection":"In"}}},{"Time":0.36666667461395266,"poses":{"Left Leg":{"Weight":1,"CFrame":[-0.404087096452713,0.42356759309768679,-0.10164111852645874,0.992059588432312,0.0870671197772026,0.09075900167226792,-0.11619865894317627,0.9106327891349793,0.3965424597263336,-0.048122338950634,-0.40393975377082827,0.913519024848938],"EasingStyle":"Linear","EasingDirection":"In"},"Right Arm":{"Weight":1,"CFrame":[0.3171081244945526,-0.013007640838623047,0.3915722370147705,0.05955987051129341,-0.5049504637718201,-0.8610909581184387,0.4278857707977295,0.7922697067260742,-0.43499720096588137,0.9018683433532715,-0.3425402045249939,0.26324862241744997],"EasingStyle":"Linear","EasingDirection":"In"},"Left Arm":{"Weight":1,"CFrame":[-0.4570602476596832,0.02982473373413086,0.3704138994216919,-0.15161702036857606,0.4030437469482422,0.9025343060493469,-0.5102760195732117,0.750092625617981,-0.42068925499916079,-0.8465405106544495,-0.5243252515792847,0.09193669259548187],"EasingStyle":"Linear","EasingDirection":"In"},"Head":{"Weight":1,"CFrame":[9.220093488693237e-8,1.6218109522014857e-7,0.016661882400512697,0.9999545812606812,0.009018954820930958,-0.003113866550847888,-0.007004168815910816,0.9154810309410095,0.4023004472255707,0.006478984374552965,-0.40226030349731448,0.9155024886131287],"EasingStyle":"Linear","EasingDirection":"In"},"Torso":{"Weight":1,"CFrame":[-0.0055033545941114429,-0.24775922298431397,-0.32259345054626467,0.9999265074729919,-0.01011249702423811,-0.006690611131489277,0.007627872284501791,0.953528881072998,-0.3012050688266754,0.009425626136362553,0.3011319041252136,0.9535359144210815],"EasingStyle":"Linear","EasingDirection":"In"},"HumanoidRootPart":{"Weight":1,"CFrame":[0,0,0,1,0,0,0,1,0,0,0,1],"EasingStyle":"Linear","EasingDirection":"In"},"Right Leg":{"Weight":1,"CFrame":[0.47224780917167666,0.44537508487701418,-0.09290283918380737,0.9947283267974854,-0.009775768965482712,-0.10207860916852951,0.048048313707113269,0.9238427877426148,0.37974444031715395,0.0905923843383789,-0.3826472759246826,0.9194422960281372],"EasingStyle":"Linear","EasingDirection":"In"}}},{"Time":0.4000000059604645,"poses":{"Left Leg":{"Weight":1,"CFrame":[-0.48792576789855959,0.5229009389877319,-0.14905357360839845,0.9933518767356873,0.02917100302875042,0.11135951429605484,-0.07747308909893036,0.8849108815193176,0.45927199721336367,-0.08514585345983505,-0.46484610438346865,0.8812879323959351],"EasingStyle":"Linear","EasingDirection":"In"},"Right Arm":{"Weight":1,"CFrame":[0.432291179895401,-0.0520058274269104,0.31718528270721438,0.06146251782774925,-0.4234454929828644,-0.9038342833518982,0.6165129542350769,0.7282540798187256,-0.2992621064186096,0.7849422097206116,-0.5388321280479431,0.30581989884376528],"EasingStyle":"Linear","EasingDirection":"In"},"Left Arm":{"Weight":1,"CFrame":[-0.47717294096946719,-0.04022800922393799,0.35960447788238528,-0.11222408711910248,0.33319345116615298,0.9361559152603149,-0.7108404040336609,0.6313847303390503,-0.3099343180656433,-0.6943426132202148,-0.7002395987510681,0.16599097847938538],"EasingStyle":"Linear","EasingDirection":"In"},"Head":{"Weight":1,"CFrame":[8.847564458847046e-8,-1.5045225154608489e-7,0.016661882400512697,0.999954342842102,-0.0027568377554416658,-0.009151216596364975,0.006426015868782997,0.9026944041252136,0.43023428320884707,0.007074688095599413,-0.4302734136581421,0.9026709794998169],"EasingStyle":"Linear","EasingDirection":"In"},"Torso":{"Weight":1,"CFrame":[-0.005504184402525425,-0.25527524948120119,-0.46494340896606448,0.9999264478683472,-0.01011462789028883,-0.006691617891192436,0.007538775913417339,0.950594961643219,-0.3103424608707428,0.009500016458332539,0.31026917695999148,0.9506012797355652],"EasingStyle":"Linear","EasingDirection":"In"},"HumanoidRootPart":{"Weight":1,"CFrame":[0,0,0,1,0,0,0,1,0,0,0,1],"EasingStyle":"Linear","EasingDirection":"In"},"Right Leg":{"Weight":1,"CFrame":[0.5479668974876404,0.5394784212112427,-0.13506704568862916,0.9917858839035034,0.04262273758649826,-0.12059902399778366,0.014563548378646374,0.8990865349769592,0.4375286400318146,0.12707772850990296,-0.43569114804267886,0.8910804986953735],"EasingStyle":"Linear","EasingDirection":"In"}}},{"Time":0.4333333373069763,"poses":{"Left Leg":{"Weight":1,"CFrame":[-0.5838922262191773,0.620664119720459,-0.1957641839981079,0.9919421076774597,-0.03890763223171234,0.12056980282068253,-0.024958105757832528,0.8730150461196899,0.48705410957336428,-0.12420947849750519,-0.4861387610435486,0.8650093674659729],"EasingStyle":"Linear","EasingDirection":"In"},"Right Arm":{"Weight":1,"CFrame":[0.528728723526001,-0.08557906746864319,0.24278008937835694,0.09052035212516785,-0.3553709387779236,-0.9303320050239563,0.747117280960083,0.6419165730476379,-0.17250746488571168,0.6584997177124023,-0.6794516444206238,0.3236102759838104],"EasingStyle":"Linear","EasingDirection":"In"},"Left Arm":{"Weight":1,"CFrame":[-0.49121350049972536,-0.09705448150634766,0.3468245267868042,-0.06704878807067871,0.2893233895301819,0.9548802971839905,-0.8340634107589722,0.5089805126190186,-0.21278372406959535,-0.5475789308547974,-0.8106977939605713,0.20718765258789063],"EasingStyle":"Linear","EasingDirection":"In"},"Head":{"Weight":1,"CFrame":[9.266659617424011e-8,2.8187059797346593e-8,0.016661763191223146,0.9998204708099365,-0.012489945627748967,-0.014248203486204148,0.017553461715579034,0.893681526184082,0.4483586549758911,0.007133412174880505,-0.4485282003879547,0.893740177154541],"EasingStyle":"Linear","EasingDirection":"In"},"Torso":{"Weight":1,"CFrame":[-0.005505256354808807,-0.2580854892730713,-0.5773875713348389,0.9999265074729919,-0.010117487981915474,-0.006692920345813036,0.0075068725273013119,0.9494730234146118,-0.31375887989997866,0.00952920038253069,0.3136855363845825,0.9494791030883789],"EasingStyle":"Linear","EasingDirection":"In"},"HumanoidRootPart":{"Weight":1,"CFrame":[0,0,0,1,0,0,0,1,0,0,0,1],"EasingStyle":"Linear","EasingDirection":"In"},"Right Leg":{"Weight":1,"CFrame":[0.63552325963974,0.6324406266212463,-0.17644232511520387,0.9859195947647095,0.10617062449455261,-0.12919092178344727,-0.034440524876117709,0.8849429488182068,0.46442437171936037,0.16363489627838136,-0.4534356892108917,0.8761391639709473],"EasingStyle":"Linear","EasingDirection":"In"}}},{"Time":0.46666666865348818,"poses":{"Left Leg":{"Weight":1,"CFrame":[-0.6149495244026184,0.657220721244812,-0.21635520458221436,0.9902477860450745,-0.06321539729833603,0.12414918839931488,-0.007295624352991581,0.8663751482963562,0.4993407130241394,-0.1391257792711258,-0.4953766465187073,0.8574647307395935],"EasingStyle":"Linear","EasingDirection":"In"},"Right Arm":{"Weight":1,"CFrame":[0.568564772605896,-0.10016509890556336,0.17892670631408692,0.13237063586711884,-0.343085378408432,-0.9299304485321045,0.7996862530708313,0.5912868976593018,-0.10431629419326782,0.5856449604034424,-0.7298440337181091,0.35262948274612429],"EasingStyle":"Linear","EasingDirection":"In"},"Left Arm":{"Weight":1,"CFrame":[-0.49645623564720156,-0.12041091918945313,0.3308929204940796,-0.04573754593729973,0.2751171290874481,0.9603222012519836,-0.8739541172981262,0.4546072483062744,-0.17186181247234345,-0.4838515818119049,-0.847137987613678,0.21964700520038606],"EasingStyle":"Linear","EasingDirection":"In"},"Head":{"Weight":1,"CFrame":[8.42846930027008e-8,-1.2088275980204345e-7,0.016662120819091798,0.9997286796569824,-0.016540652140975,-0.016403960064053537,0.02219330333173275,0.8902928233146668,0.45484721660614016,0.007080864626914263,-0.45508790016174319,0.8904183506965637],"EasingStyle":"Linear","EasingDirection":"In"},"Torso":{"Weight":1,"CFrame":[-0.005505789071321487,-0.2585097551345825,-0.6230528354644775,0.9999265074729919,-0.010118922218680382,-0.006693570408970118,0.007502851076424122,0.9493024349212647,-0.31427475810050967,0.00953434407711029,0.31420138478279116,0.9493085741996765],"EasingStyle":"Linear","EasingDirection":"In"},"HumanoidRootPart":{"Weight":1,"CFrame":[0,0,0,1,0,0,0,1,0,0,0,1],"EasingStyle":"Linear","EasingDirection":"In"},"Right Leg":{"Weight":1,"CFrame":[0.6643831729888916,0.667788028717041,-0.19509464502334596,0.9827086329460144,0.12928880751132966,-0.1325444132089615,-0.05122718960046768,0.8777463436126709,0.47637927532196047,0.17793090641498567,-0.4613521099090576,0.8691920638084412],"EasingStyle":"Linear","EasingDirection":"In"}}},{"Time":0.5,"poses":{"Left Leg":{"Weight":1,"CFrame":[-0.5849781036376953,0.6150648593902588,-0.19434493780136109,0.9921395778656006,-0.04202540963888168,0.1178680881857872,-0.02085835300385952,0.8732032179832459,0.48690977692604067,-0.12338542938232422,-0.4855409860610962,0.8654629588127136],"EasingStyle":"Linear","EasingDirection":"In"},"Right Arm":{"Weight":1,"CFrame":[0.5528433918952942,-0.08913928270339966,0.1327124834060669,0.19296370446681977,-0.39252969622612,-0.8992694616317749,0.7972530126571655,0.5969728231430054,-0.08950444310903549,0.5719724893569946,-0.6996742486953735,0.4281396269798279],"EasingStyle":"Linear","EasingDirection":"In"},"Left Arm":{"Weight":1,"CFrame":[-0.4958654046058655,-0.11271056532859802,0.2952861785888672,-0.023124899715185167,0.2784147560596466,0.9601824879646301,-0.856735110282898,0.4894683063030243,-0.16255998611450196,-0.5152380466461182,-0.826381266117096,0.22720904648303986],"EasingStyle":"Linear","EasingDirection":"In"},"Head":{"Weight":1,"CFrame":[8.707866072654724e-8,-5.931360647082329e-8,0.016661882400512697,0.9998323917388916,-0.01224927045404911,-0.013612773269414902,0.016879141330718995,0.904751718044281,0.425604909658432,0.007102772127836943,-0.4257633686065674,0.9048067331314087],"EasingStyle":"Linear","EasingDirection":"In"},"Torso":{"Weight":1,"CFrame":[-0.005468897521495819,-0.2541799545288086,-0.5727393627166748,0.9999264478683472,-0.010143475607037545,-0.006648718379437923,0.007592763286083937,0.9510281682014465,-0.30901095271110537,0.009457563050091267,0.3089377284049988,0.9510352611541748],"EasingStyle":"Linear","EasingDirection":"In"},"HumanoidRootPart":{"Weight":1,"CFrame":[0,0,0,1,0,0,0,1,0,0,0,1],"EasingStyle":"Linear","EasingDirection":"In"},"Right Leg":{"Weight":1,"CFrame":[0.6367649435997009,0.626477837562561,-0.1748935580253601,0.9858763813972473,0.10950545966625214,-0.12671315670013429,-0.038633693009614947,0.8849109411239624,0.4641552269458771,0.16295747458934785,-0.45270437002182009,0.8766434788703919],"EasingStyle":"Linear","EasingDirection":"In"}}},{"Time":0.5333333611488342,"poses":{"Left Leg":{"Weight":1,"CFrame":[-0.4894900619983673,0.5064972639083862,-0.14575666189193726,0.9945796728134155,0.017421811819076539,0.1025075614452362,-0.06288200616836548,0.8859264254570007,0.4595436155796051,-0.08280810713768006,-0.4634985625743866,0.8822198510169983],"EasingStyle":"Linear","EasingDirection":"In"},"Right Arm":{"Weight":1,"CFrame":[0.516979992389679,-0.06183692812919617,0.10276579856872559,0.2771742045879364,-0.46393346786499026,-0.8413916826248169,0.7675082683563232,0.6337203979492188,-0.09659086167812348,0.5780187249183655,-0.619002640247345,0.5317237973213196],"EasingStyle":"Linear","EasingDirection":"In"},"Left Arm":{"Weight":1,"CFrame":[-0.49240997433662417,-0.0941230058670044,0.23681914806365968,0.02891279011964798,0.2809242904186249,0.959294319152832,-0.8026347756385803,0.5785214304924011,-0.14522574841976167,-0.5957696437835693,-0.765764057636261,0.24220630526542664],"EasingStyle":"Linear","EasingDirection":"In"},"Head":{"Weight":1,"CFrame":[9.313225746154785e-8,1.9598519429564477e-7,0.01666247844696045,0.9999717473983765,-0.0016737655969336629,-0.0073383706621825699,0.004102399572730064,0.9386196136474609,0.3449297249317169,0.006310596130788326,-0.3449501395225525,0.9385998249053955],"EasingStyle":"Linear","EasingDirection":"In"},"Torso":{"Weight":1,"CFrame":[-0.005395636893808842,-0.241288959980011,-0.45163965225219729,0.9999266266822815,-0.010193671099841595,-0.006559656001627445,0.00782128144055605,0.9559766054153442,-0.2933390736579895,0.00926107820123434,0.2932662069797516,0.9559860825538635],"EasingStyle":"Linear","EasingDirection":"In"},"HumanoidRootPart":{"Weight":1,"CFrame":[0,0,0,1,0,0,0,1,0,0,0,1],"EasingStyle":"Linear","EasingDirection":"In"},"Right Leg":{"Weight":1,"CFrame":[0.5502939224243164,0.5217577219009399,-0.1314428448677063,0.9921153783798218,0.055226121097803119,-0.11250320076942444,-0.0004568207950796932,0.8992637991905212,0.4374065101146698,0.12532639503479005,-0.4339064359664917,0.8921987414360046],"EasingStyle":"Linear","EasingDirection":"In"}}},{"Time":0.5666666626930237,"poses":{"Left Leg":{"Weight":1,"CFrame":[-0.37306448817253115,0.38652104139328005,-0.09731090068817139,0.9937862157821655,0.07874742895364762,0.07866285741329193,-0.10428007692098618,0.9058217406272888,0.41062504053115847,-0.0389188714325428,-0.41627639532089236,0.9084048867225647],"EasingStyle":"Linear","EasingDirection":"In"},"Right Arm":{"Weight":1,"CFrame":[0.474931538105011,-0.028746694326400758,0.0863872766494751,0.3690122663974762,-0.525351345539093,-0.7667046189308167,0.7135202288627625,0.6887465119361877,-0.12851914763450623,0.5955827832221985,-0.4996340870857239,0.6290046572685242],"EasingStyle":"Linear","EasingDirection":"In"},"Left Arm":{"Weight":1,"CFrame":[-0.483522891998291,-0.07152131199836731,0.17408108711242677,0.08817988634109497,0.27307286858558657,0.9579433798789978,-0.7056645154953003,0.6958732604980469,-0.1334095001220703,-0.7030376195907593,-0.6642226576805115,0.25405988097190859],"EasingStyle":"Linear","EasingDirection":"In"},"Head":{"Weight":1,"CFrame":[9.359791874885559e-8,-4.489265847951174e-8,0.01666247844696045,0.9999322891235352,0.011611953377723694,-0.0007811065297573805,-0.011143425479531289,0.974622905254364,0.22357581555843354,0.003357450244948268,-0.22355200350284577,0.9746862649917603],"EasingStyle":"Linear","EasingDirection":"In"},"Torso":{"Weight":1,"CFrame":[-0.005341844633221626,-0.21992117166519166,-0.3047139644622803,0.9999265670776367,-0.010233738459646702,-0.006494258064776659,0.008125120773911477,0.9635619521141052,-0.2673618793487549,0.008993730880320073,0.26728948950767519,0.9635742902755737],"EasingStyle":"Linear","EasingDirection":"In"},"HumanoidRootPart":{"Weight":1,"CFrame":[0,0,0,1,0,0,0,1,0,0,0,1],"EasingStyle":"Linear","EasingDirection":"In"},"Right Leg":{"Weight":1,"CFrame":[0.4387316405773163,0.4012911915779114,-0.08687001466751099,0.9959123134613037,-0.004823629278689623,-0.09019729495048523,0.03965615853667259,0.9205385446548462,0.38863393664360049,0.08115553110837937,-0.3906221091747284,0.9169667959213257],"EasingStyle":"Linear","EasingDirection":"In"}}},{"Time":0.6000000238418579,"poses":{"Left Leg":{"Weight":1,"CFrame":[-0.324998676776886,0.3012292981147766,-0.06390708684921265,0.9950004816055298,0.08689583092927933,0.04922420158982277,-0.09841464459896088,0.9369555115699768,0.335304319858551,-0.01698436588048935,-0.3384723365306854,0.9408230185508728],"EasingStyle":"Linear","EasingDirection":"In"},"Right Arm":{"Weight":1,"CFrame":[0.44035604596138,-0.0003917813301086426,0.08059489727020264,0.45390814542770388,-0.5557153820991516,-0.6965254545211792,0.6366731524467468,0.7491537928581238,-0.1828005462884903,0.623389720916748,-0.3604844808578491,0.6938561201095581],"EasingStyle":"Linear","EasingDirection":"In"},"Left Arm":{"Weight":1,"CFrame":[-0.4664285182952881,-0.05188477039337158,0.12554609775543214,0.13021892309188844,0.2519935667514801,0.9589276909828186,-0.5658761858940125,0.8130591511726379,-0.1368173509836197,-0.8141420483589172,-0.5248181223869324,0.2484728842973709],"EasingStyle":"Linear","EasingDirection":"In"},"Head":{"Weight":1,"CFrame":[8.89413058757782e-8,-3.1868694350123407e-9,0.016662240028381349,0.9997187852859497,0.023438626900315286,0.003619218710809946,-0.023645440116524698,0.9968485832214356,0.07572222501039505,-0.0018330045277252794,-0.07578658312559128,0.9971224665641785],"EasingStyle":"Linear","EasingDirection":"In"},"Torso":{"Weight":1,"CFrame":[-0.005361640825867653,-0.19008934497833253,-0.17717337608337403,0.9999265074729919,-0.010224289260804654,-0.006518326234072447,0.008441423997282982,0.9728946089744568,-0.23109488189220429,0.00870442483574152,0.2310228794813156,0.9729093909263611],"EasingStyle":"Linear","EasingDirection":"In"},"HumanoidRootPart":{"Weight":1,"CFrame":[0,0,0,1,0,0,0,1,0,0,0,1],"EasingStyle":"Linear","EasingDirection":"In"},"Right Leg":{"Weight":1,"CFrame":[0.3669464588165283,0.3033936023712158,-0.05358994007110596,0.997595489025116,-0.028718383982777597,-0.0630754828453064,0.047258228063583377,0.9475832581520081,0.3159949481487274,0.05069447681307793,-0.3182159662246704,0.9466619491577148],"EasingStyle":"Linear","EasingDirection":"In"}}},{"Time":0.6333333253860474,"poses":{"Left Leg":{"Weight":1,"CFrame":[-0.37907883524894717,0.2574344277381897,-0.046006858348846439,0.9995179176330566,0.022094734013080598,0.021811077371239663,-0.026836998760700227,0.9680922627449036,0.24915307760238648,-0.015610191971063614,-0.24961833655834199,0.9682185