{"Sequence":[{"Time":0,"poses":{"Left Leg":{"Weight":1,"CFrame":[0.11664284765720368,0.15374064445495606,0.04339298605918884,0.7323028445243836,-0.10499225556850434,0.6728367209434509,-0.014486506581306458,0.9854176044464111,0.16953551769256593,-0.6808251142501831,-0.13389837741851808,0.7201030850410461],"EasingStyle":"Linear","EasingDirection":"In"},"Right Arm":{"Weight":1,"CFrame":[-0.022046566009521486,-0.567567765712738,-0.23697149753570558,-0.019069897010922433,-0.6651355028152466,0.7464791536331177,0.943385124206543,0.23531675338745118,0.23377445340156556,-0.33115071058273318,0.7086754441261292,0.6229914426803589],"EasingStyle":"Linear","EasingDirection":"In"},"Head":{"Weight":1,"CFrame":[-0.00026744819479063153,0.0001946629781741649,0.0006567741511389613,0.8625536561012268,0.5049123764038086,-0.03263022005558014,-0.4856274425983429,0.8442592620849609,0.22669866681098939,0.14201132953166963,-0.17969362437725068,0.9734181761741638],"EasingStyle":"Linear","EasingDirection":"In"},"Left Arm":{"Weight":1,"CFrame":[0.029125690460205079,-0.6972192525863648,0.055581897497177127,-0.3010425269603729,0.5284655094146729,-0.793786883354187,-0.8509076833724976,0.2269180715084076,0.47377675771713259,0.43049925565719607,0.8180662393569946,0.38136333227157595],"EasingStyle":"Linear","EasingDirection":"In"},"Torso":{"Weight":1,"CFrame":[0.09200438857078552,0,-0.22950458526611329,0.9937249422073364,2.3692248873885547e-7,0.11185121536254883,-2.384185791015625e-7,1,2.084321417176148e-14,-0.11185121536254883,-2.6667429153803824e-8,0.9937249422073364],"EasingStyle":"Linear","EasingDirection":"In"},"HumanoidRootPart":{"Weight":0,"CFrame":[0,0,0,1,0,0,0,1,0,0,0,1],"EasingStyle":"Linear","EasingDirection":"In"},"Right Leg":{"Weight":1,"CFrame":[-0.23420292139053346,0.15903180837631226,-0.026596438139677049,0.5757935047149658,-0.40866467356681826,-0.7081348896026611,0.559539794921875,0.8284801840782166,-0.0231470949947834,0.596135139465332,-0.382901668548584,0.7056976556777954],"EasingStyle":"Linear","EasingDirection":"In"}}},{"Time":0.03333333507180214,"poses":{"Left Leg":{"Weight":1,"CFrame":[0.019446447491645814,0.1695525050163269,0.1068524569272995,0.7466286420822144,-0.17843015491962434,0.6408653259277344,0.08146466314792633,0.9806309938430786,0.1781190186738968,-0.6602342128753662,-0.08078089356422425,0.7467029690742493],"EasingStyle":"Linear","EasingDirection":"In"},"Right Arm":{"Weight":1,"CFrame":[-0.02167510986328125,-0.37934547662734988,-0.21491563320159913,0.08365245163440705,-0.6528044939041138,0.7528934478759766,0.9841232299804688,0.17280662059783936,0.04048994556069374,-0.1565369963645935,0.7375528216362,0.6568956971168518],"EasingStyle":"Linear","EasingDirection":"In"},"Head":{"Weight":1,"CFrame":[-0.00026744819479063153,0.0001946629781741649,0.0006567741511389613,0.8641116619110107,0.5026925206184387,-0.0247219055891037,-0.48701590299606326,0.8475378155708313,0.21093863248825074,0.12699003517627717,-0.1702345758676529,0.9771865606307983],"EasingStyle":"Linear","EasingDirection":"In"},"Left Arm":{"Weight":1,"CFrame":[0.028639018535614015,-0.5073270797729492,0.03456580638885498,-0.2519876956939697,0.5086582899093628,-0.8232672214508057,-0.8776545524597168,0.23828819394111634,0.4158618748188019,0.40770649909973147,0.827336311340332,0.3863806128501892],"EasingStyle":"Linear","EasingDirection":"In"},"Torso":{"Weight":1,"CFrame":[0.08520189672708512,0.013271961361169815,-0.15815117955207826,0.9946206212043762,-0.0008377116173505783,0.10358129441738129,-0.0008381860097870231,0.9998694658279419,0.016134953126311303,-0.10358128696680069,-0.016134977340698243,0.9944900870323181],"EasingStyle":"Linear","EasingDirection":"In"},"HumanoidRootPart":{"Weight":0,"CFrame":[0,0,0,1,0,0,0,1,0,0,0,1],"EasingStyle":"Linear","EasingDirection":"In"},"Right Leg":{"Weight":1,"CFrame":[-0.12393331527709961,0.3622710704803467,0.0766700804233551,0.6292515397071838,-0.3140556216239929,-0.7109230160713196,0.45289984345436098,0.8915336728096008,0.007028541062027216,0.6316044330596924,-0.32639962434768679,0.7032347321510315],"EasingStyle":"Linear","EasingDirection":"In"}}},{"Time":0.06666667014360428,"poses":{"Left Leg":{"Weight":1,"CFrame":[-0.15528959035873414,0.20745742321014405,0.21059870719909669,0.7345718145370483,-0.30853012204170229,0.6043289303779602,0.23300661146640778,0.9511821269989014,0.20238690078258515,-0.6372693181037903,-0.007855057716369629,0.7706010937690735],"EasingStyle":"Linear","EasingDirection":"In"},"Right Arm":{"Weight":1,"CFrame":[-0.02109396457672119,-0.1979798525571823,-0.03878575563430786,-0.025431839749217035,-0.7793430089950562,0.6260812282562256,0.7954622507095337,0.3635419011116028,0.4848474860191345,-0.6054692268371582,0.5103545784950256,0.6106924414634705],"EasingStyle":"Linear","EasingDirection":"In"},"Head":{"Weight":1,"CFrame":[-0.00026744819479063153,0.0001946629781741649,0.0006567741511389613,0.8676145076751709,0.49723175168037417,-0.0023709838278591635,-0.48910200595855715,0.8542686104774475,0.17608049511909486,0.08957827091217041,-0.1516103297472,0.9843729138374329],"EasingStyle":"Linear","EasingDirection":"In"},"Left Arm":{"Weight":1,"CFrame":[0.008162856101989746,-0.2568943202495575,0.09849157929420471,-0.20454484224319459,0.7772162556648254,-0.595059871673584,-0.6838005185127258,0.3215324878692627,0.6550066471099854,0.700412929058075,0.5408805012702942,0.46569308638572695],"EasingStyle":"Linear","EasingDirection":"In"},"Torso":{"Weight":1,"CFrame":[0.06616641581058502,0.042490094900131229,-0.0017924308776855469,0.9967572689056397,-0.0020821227226406337,0.08043954521417618,-0.00208259467035532,0.9986627101898193,0.05165593698620796,-0.08043953031301499,-0.051655955612659457,0.9954200387001038],"EasingStyle":"Linear","EasingDirection":"In"},"HumanoidRootPart":{"Weight":0,"CFrame":[0,0,0,1,0,0,0,1,0,0,0,1],"EasingStyle":"Linear","EasingDirection":"In"},"Right Leg":{"Weight":1,"CFrame":[0.14530572295188905,0.5611528754234314,0.211297407746315,0.7498858571052551,-0.01374584436416626,-0.6614243388175964,0.1201619952917099,0.9859842658042908,0.1157420352101326,0.6505630016326904,-0.1662714034318924,0.7410274147987366],"EasingStyle":"Linear","EasingDirection":"In"}}},{"Time":0.10000000149011612,"poses":{"Left Leg":{"Weight":1,"CFrame":[-0.30348828434944155,0.2365196943283081,0.27989184856414797,0.7124662399291992,-0.4080137312412262,0.5708911418914795,0.3459346294403076,0.9120701551437378,0.22013024985790254,-0.610508918762207,0.040655627846717837,0.7909652590751648],"EasingStyle":"Linear","EasingDirection":"In"},"Right Arm":{"Weight":1,"CFrame":[-0.014642179012298584,-0.10977154970169068,0.16535058617591859,-0.015704084187746049,-0.9514265060424805,-0.307475209236145,0.7616482973098755,-0.21061448752880097,0.6128078699111939,-0.6478003263473511,-0.22456437349319459,0.7279598712921143],"EasingStyle":"Linear","EasingDirection":"In"},"Head":{"Weight":1,"CFrame":[-0.00026744819479063153,0.0001946629781741649,0.0006567741511389613,0.8710842132568359,0.4900752604007721,0.03222552686929703,-0.4893859624862671,0.8605836033821106,0.14105753600597382,0.04139604791998863,-0.13864371180534364,0.98947674036026],"EasingStyle":"Linear","EasingDirection":"In"},"Left Arm":{"Weight":1,"CFrame":[-0.034203290939331058,-0.07110509276390076,0.19026249647140504,-0.14899581670761109,0.9130143523216248,0.379743367433548,-0.8191112875938416,-0.3290913999080658,0.46984633803367617,0.5539467334747315,-0.2410469353199005,0.7968935966491699],"EasingStyle":"Linear","EasingDirection":"In"},"Torso":{"Weight":1,"CFrame":[0.037024132907390597,0.07169331610202789,0.15360094606876374,0.9989845752716065,-0.0019660494290292265,0.04501078650355339,-0.001966518349945545,0.9961925148963928,0.08715877681970597,-0.0450107678771019,-0.08715879172086716,0.9951770305633545],"EasingStyle":"Linear","EasingDirection":"In"},"HumanoidRootPart":{"Weight":0,"CFrame":[0,0,0,1,0,0,0,1,0,0,0,1],"EasingStyle":"Linear","EasingDirection":"In"},"Right Leg":{"Weight":1,"CFrame":[0.365273118019104,0.4566783308982849,0.30746519565582278,0.7448357343673706,0.2943994402885437,-0.598789393901825,-0.22665461897850038,0.9556729793548584,0.187927708029747,0.6275726556777954,-0.004256874322891235,0.7785463929176331],"EasingStyle":"Linear","EasingDirection":"In"}}},{"Time":0.13333334028720857,"poses":{"Left Leg":{"Weight":1,"CFrame":[-0.3771859407424927,0.2620283365249634,0.30415481328964236,0.7162322402000427,-0.4268698990345001,0.5520809888839722,0.3759232759475708,0.9025123119354248,0.21012668311595918,-0.5879566669464111,0.05704057216644287,0.8068788051605225],"EasingStyle":"Linear","EasingDirection":"In"},"Right Arm":{"Weight":1,"CFrame":[0.014498293399810791,-0.02507755160331726,0.33536797761917117,-0.12147480994462967,-0.39926204085350039,-0.9087539315223694,0.8740949034690857,-0.4768362045288086,0.09265664964914322,-0.47032105922698977,-0.7830817103385925,0.4069165289402008],"EasingStyle":"Linear","EasingDirection":"In"},"Head":{"Weight":1,"CFrame":[-0.00026744819479063153,0.0001946629781741649,0.0006567741511389613,0.8730252385139465,0.4816450774669647,0.07645267248153687,-0.48764118552207949,0.8640183210372925,0.12521347403526307,-0.005748055875301361,-0.1465959995985031,0.989179790019989],"EasingStyle":"Linear","EasingDirection":"In"},"Left Arm":{"Weight":1,"CFrame":[-0.0716501921415329,0.11466547846794129,0.30741578340530398,-0.395092636346817,0.3895820677280426,0.831942081451416,-0.8739755749702454,-0.4383598268032074,-0.20977924764156342,0.28296375274658205,-0.809979259967804,0.5136779546737671],"EasingStyle":"Linear","EasingDirection":"In"},"Torso":{"Weight":1,"CFrame":[-1.7763568394002506e-15,0.08494752645492554,0.2238943725824356,1,2.384185791015625e-7,-8.742277657347586e-8,-2.2811545363765618e-7,0.9946531653404236,0.10327214747667313,1.115773358151273e-7,-0.10327214747667313,0.9946531653404236],"EasingStyle":"Linear","EasingDirection":"In"},"HumanoidRootPart":{"Weight":0,"CFrame":[0,0,0,1,0,0,0,1,0,0,0,1],"EasingStyle":"Linear","EasingDirection":"In"},"Right Leg":{"Weight":1,"CFrame":[0.3704540729522705,0.26502615213394167,0.3053562641143799,0.7128448486328125,0.4249081611633301,-0.5579474568367004,-0.3723611831665039,0.9034770131111145,0.21231211721897126,0.5943058729171753,0.05641239881515503,0.8022581934928894],"EasingStyle":"Linear","EasingDirection":"In"}}},{"Time":0.1666666716337204,"poses":{"Left Leg":{"Weight":1,"CFrame":[-0.3301708698272705,0.2607646584510803,0.27655357122421267,0.7615975737571716,-0.3400060832500458,0.55169278383255,0.29992738366127016,0.9395810961723328,0.16501812636852265,-0.5744673013687134,0.03979036211967468,0.8175598382949829],"EasingStyle":"Linear","EasingDirection":"In"},"Right Arm":{"Weight":1,"CFrame":[0.024626463651657106,0.07697784900665283,0.40452373027801516,-0.05558333545923233,-0.3029753863811493,-0.9513760805130005,0.9050425887107849,-0.4177016317844391,0.0801449865102768,-0.4216732978820801,-0.8565811514854431,0.2974228858947754],"EasingStyle":"Linear","EasingDirection":"In"},"Head":{"Weight":1,"CFrame":[-0.00026744819479063153,0.0001946629781741649,0.0006567741511389613,0.8722237944602966,0.47219377756118777,0.12750984728336335,-0.4864332377910614,0.8646811842918396,0.12533608078956605,-0.051072441041469577,-0.17134614288806916,0.9838862419128418],"EasingStyle":"Linear","EasingDirection":"In"},"Left Arm":{"Weight":1,"CFrame":[-0.05579458177089691,0.2703652083873749,0.39878106117248537,-0.37556859850883486,0.3381521701812744,0.8629028797149658,-0.8967413902282715,-0.367765873670578,-0.2461772859096527,0.23410087823867799,-0.8662571907043457,0.441356360912323],"EasingStyle":"Linear","EasingDirection":"In"},"Torso":{"Weight":1,"CFrame":[-0.04268662631511688,0.08487780392169953,0.17571447789669038,0.9986516237258911,0.0013834009878337384,-0.05189494416117668,0.003984270617365837,0.9946539998054504,0.10318738222122193,0.05176026374101639,-0.1032550036907196,0.9933072924613953],"EasingStyle":"Linear","EasingDirection":"In"},"HumanoidRootPart":{"Weight":0,"CFrame":[0,0,0,1,0,0,0,1,0,0,0,1],"EasingStyle":"Linear","EasingDirection":"In"},"Right Leg":{"Weight":1,"CFrame":[0.22810964286327363,0.21865499019622804,0.2138601839542389,0.7534366250038147,0.35525500774383547,-0.5532875061035156,-0.26945847272872927,0.9343942403793335,0.23302236199378968,0.5997710227966309,-0.026479586958885194,0.7997334003448486],"EasingStyle":"Linear","EasingDirection":"In"}}},{"Time":0.20000000298023225,"poses":{"Left Leg":{"Weight":1,"CFrame":[-0.2184935361146927,0.24245792627334596,0.21715635061264039,0.8101586103439331,-0.18521033227443696,0.5561836361885071,0.14933225512504579,0.9826816320419312,0.10971193760633469,-0.5668712258338928,-0.005827911198139191,0.8237858414649963],"EasingStyle":"Linear","EasingDirection":"In"},"Right Arm":{"Weight":1,"CFrame":[0.035413116216659549,0.11704328656196594,0.3273355960845947,-0.13067452609539033,-0.2276160567998886,-0.9649430513381958,0.8470395803451538,-0.5314231514930725,0.010647200979292393,-0.5152165293693543,-0.8159536123275757,0.26224327087402346],"EasingStyle":"Linear","EasingDirection":"In"},"Head":{"Weight":1,"CFrame":[-0.00026744819479063153,0.0001946629781741649,0.0006567741511389613,0.8679753541946411,0.46200308203697207,0.18213145434856416,-0.4865228533744812,0.8646306395530701,0.12533700466156007,-0.09957034885883331,-0.1974005401134491,0.975253164768219],"EasingStyle":"Linear","EasingDirection":"In"},"Left Arm":{"Weight":1,"CFrame":[-0.0916164368391037,0.25569143891334536,0.3154239058494568,-0.270418643951416,0.2536243796348572,0.9287348389625549,-0.860892653465271,-0.49554064869880679,-0.11533994227647782,0.4309728145599365,-0.8307310342788696,0.352346807718277],"EasingStyle":"Linear","EasingDirection":"In"},"Torso":{"Weight":1,"CFrame":[-0.08837890625,0.08454721421003342,0.062014345079660419,0.9942103028297424,0.0012809057952836156,-0.10744380950927735,0.009826496243476868,0.9946550130844116,0.10278547555208206,0.1070011779665947,-0.10324617475271225,0.9888836741447449],"EasingStyle":"Linear","EasingDirection":"In"},"HumanoidRootPart":{"Weight":0,"CFrame":[0,0,0,1,0,0,0,1,0,0,0,1],"EasingStyle":"Linear","EasingDirection":"In"},"Right Leg":{"Weight":1,"CFrame":[0.0764162689447403,0.23304051160812379,0.10957574844360352,0.7943224310874939,0.22612091898918153,-0.5638449788093567,-0.08221334218978882,0.9596190452575684,0.26902085542678835,0.6019076108932495,-0.167333722114563,0.7808371186256409],"EasingStyle":"Linear","EasingDirection":"In"}}},{"Time":0.23333333432674409,"poses":{"Left Leg":{"Weight":1,"CFrame":[-0.12941285967826844,0.253595232963562,0.1649281084537506,0.8313671946525574,-0.00818804930895567,0.5556631088256836,-0.03440677374601364,0.9972147345542908,0.0661730244755745,-0.5546572804450989,-0.07413266599178314,0.8287699222564697],"EasingStyle":"Linear","EasingDirection":"In"},"Right Arm":{"Weight":1,"CFrame":[0.05396196246147156,0.02030119299888611,0.10624760389328003,-0.4825391471385956,0.12445420026779175,-0.866987407207489,0.6145548820495606,-0.6571866273880005,-0.4363805651664734,-0.6240819096565247,-0.7433819770812988,0.24063433706760407],"EasingStyle":"Linear","EasingDirection":"In"},"Head":{"Weight":1,"CFrame":[-0.00026744819479063153,0.0001946629781741649,0.0006567741511389613,0.8609834313392639,0.45097488164901736,0.2352215051651001,-0.48698341846466067,0.8643773198127747,0.12529543042182923,-0.14681503176689149,-0.22242626547813416,0.9638318419456482],"EasingStyle":"Linear","EasingDirection":"In"},"Left Arm":{"Weight":1,"CFrame":[-0.192743718624115,-0.02521336078643799,0.006400376558303833,-0.2140606939792633,-0.08358322829008103,0.9732378125190735,-0.6974722146987915,-0.6844760775566101,-0.21219079196453095,0.683893620967865,-0.724228024482727,0.0882224515080452],"EasingStyle":"Linear","EasingDirection":"In"},"Torso":{"Weight":1,"CFrame":[-0.13293905556201936,0.08391057699918747,-0.07948708534240723,0.9868533611297607,0.000753656611777842,-0.16161635518074037,0.015948928892612459,0.9946539998054504,0.10202483087778092,0.16082926094532014,-0.10326115787029267,0.9815656542778015],"EasingStyle":"Linear","EasingDirection":"In"},"HumanoidRootPart":{"Weight":0,"CFrame":[0,0,0,1,0,0,0,1,0,0,0,1],"EasingStyle":"Linear","EasingDirection":"In"},"Right Leg":{"Weight":1,"CFrame":[0.14226900041103364,0.3131400942802429,0.09749864041805268,0.7951523065567017,0.22127191722393037,-0.5645985007286072,-0.029227659106254579,0.9439533948898315,0.32878220081329348,0.6057049036026001,-0.24493004381656648,0.7570539712905884],"EasingStyle":"Linear","EasingDirection":"In"}}},{"Time":0.2666666805744171,"poses":{"Left Leg":{"Weight":1,"CFrame":[-0.052786409854888919,0.27640771865844729,0.11439362168312073,0.8173279166221619,0.17013058066368104,0.5504821538925171,-0.23362983763217927,0.9712023138999939,0.04672444611787796,-0.5266802906990051,-0.16679824888706208,0.8335383534431458],"EasingStyle":"Linear","EasingDirection":"In"},"Right Arm":{"Weight":1,"CFrame":[0.01146659255027771,-0.2603034973144531,-0.13584423065185548,-0.400426983833313,-0.7768338322639465,-0.4859912097454071,0.9031973481178284,-0.42407071590423586,-0.06632237136363983,-0.15457317233085633,-0.4655032157897949,0.8714435696601868],"EasingStyle":"Linear","EasingDirection":"In"},"Head":{"Weight":1,"CFrame":[-0.00026744819479063153,0.0001946629781741649,0.0006567741511389613,0.8537541031837463,0.4416051506996155,0.27584195137023928,-0.4874366521835327,0.8641296625137329,0.12524180114269257,-0.18305577337741853,-0.2413811832666397,0.953008770942688],"EasingStyle":"Linear","EasingDirection":"In"},"Left Arm":{"Weight":1,"CFrame":[-0.16178393363952638,-0.43028557300567629,-0.17157262563705445,-0.18368278443813325,0.4804483950138092,0.8575721383094788,-0.9152591824531555,-0.4018150269985199,0.029075156897306443,0.35855451226234438,-0.7795601487159729,0.5135412812232971],"EasingStyle":"Linear","EasingDirection":"In"},"Torso":{"Weight":1,"CFrame":[-0.16715426743030549,0.0832056775689125,-0.24581575393676759,0.9791346788406372,0.00023459066869691014,-0.20321239531040193,0.020755590870976449,0.9946541786193848,0.10115452855825424,0.20214979350566865,-0.10326170176267624,0.9738954901695252],"EasingStyle":"Linear","EasingDirection":"In"},"HumanoidRootPart":{"Weight":0,"CFrame":[0,0,0,1,0,0,0,1,0,0,0,1],"EasingStyle":"Linear","EasingDirection":"In"},"Right Leg":{"Weight":1,"CFrame":[0.15790876746177674,0.4713119864463806,-0.011856891214847565,0.8051417469978333,0.20537418127059937,-0.5563886165618897,0.0359092652797699,0.9195282459259033,0.3913800120353699,0.5919944047927856,-0.3350958228111267,0.7329757809638977],"EasingStyle":"Linear","EasingDirection":"In"}}},{"Time":0.30000001192092898,"poses":{"Left Leg":{"Weight":1,"CFrame":[0.07587647438049317,0.21157628297805787,0.030615881085395814,0.762912929058075,0.3461504876613617,0.546025276184082,-0.44279778003692629,0.8951584100723267,0.051200296729803088,-0.47105610370635989,-0.2808401584625244,0.8362026810646057],"EasingStyle":"Linear","EasingDirection":"In"},"Right Arm":{"Weight":1,"CFrame":[-0.022046327590942384,-0.5675672292709351,-0.23697161674499513,-0.019069820642471315,-0.6651355624198914,0.7464790940284729,0.9433851838111877,0.23531673848628999,0.23377439379692079,-0.33115068078041079,0.7086753845214844,0.6229915618896484],"EasingStyle":"Linear","EasingDirection":"In"},"Head":{"Weight":1,"CFrame":[-0.00026744819479063153,0.0001946629781741649,0.0006567741511389613,0.8504094481468201,0.4376415014266968,0.2920165956020355,-0.48764121532440188,0.8640183210372925,0.12521353363990785,-0.1975090503692627,-0.24888209998607636,0.9481813907623291],"EasingStyle":"Linear","EasingDirection":"In"},"Left Arm":{"Weight":1,"CFrame":[0.02912580966949463,-0.6972193717956543,0.05558173358440399,-0.3010425269603729,0.5284655094146729,-0.793786883354187,-0.8509076833724976,0.2269180715084076,0.47377675771713259,0.43049925565719607,0.8180662393569946,0.38136333227157595],"EasingStyle":"Linear","EasingDirection":"In"},"Torso":{"Weight":1,"CFrame":[-0.1808086633682251,0.08286987245082855,-0.37091946601867678,0.9755421876907349,2.3493460332701944e-7,-0.2198122888803482,0.022700242698192598,0.9946531653404236,0.10074631869792938,0.21863701939582826,-0.10327208042144776,0.9703261256217957],"EasingStyle":"Linear","EasingDirection":"In"},"HumanoidRootPart":{"Weight":0,"CFrame":[0,0,0,1,0,0,0,1,0,0,0,1],"EasingStyle":"Linear","EasingDirection":"In"},"Right Leg":{"Weight":1,"CFrame":[0.24148119986057282,0.5903185606002808,-0.03578818589448929,0.8015820384025574,0.23610183596611024,-0.5492924451828003,0.022933170199394227,0.9059085249900818,0.42285212874412539,0.5974448323249817,-0.3515476882457733,0.7207453846931458],"EasingStyle":"Linear","EasingDirection":"In"}}},{"Time":0.3333333432674408,"poses":{"Left Leg":{"Weight":1,"CFrame":[0.2922922372817993,0.011842668056488037,-0.09841665625572205,0.6865723729133606,0.4781622290611267,0.5477036237716675,-0.6015487909317017,0.7966884970664978,0.05853600800037384,-0.40835946798324587,-0.3696596324443817,0.8346222639083862],"EasingStyle":"Linear","EasingDirection":"In"},"Right Arm":{"Weight":1,"CFrame":[-0.0216752290725708,-0.37934571504592898,-0.21491584181785584,0.08365244418382645,-0.652804434299469,0.7528935670852661,0.9841232299804688,0.17280660569667817,0.04048991948366165,-0.15653696656227113,0.7375529408454895,0.656895637512207],"EasingStyle":"Linear","EasingDirection":"In"},"Head":{"Weight":1,"CFrame":[-0.00026744819479063153,0.0001946629781741649,0.0006567741511389613,0.8534472584724426,0.44091060757637026,0.27789506316185,-0.48727041482925417,0.8642165064811707,0.1252896636724472,-0.18491996824741364,-0.2423381507396698,0.9524058699607849],"EasingStyle":"Linear","EasingDirection":"In"},"Left Arm":{"Weight":1,"CFrame":[0.02863895893096924,-0.5073269605636597,0.034565702080726626,-0.2519875168800354,0.5086582899093628,-0.8232672810554504,-0.8776545524597168,0.2382884919643402,0.4158617854118347,0.407706618309021,0.827336311340332,0.38638055324554446],"EasingStyle":"Linear","EasingDirection":"In"},"Torso":{"Weight":1,"CFrame":[-0.16890999674797059,0.08317333459854126,-0.31081104278564455,0.9786891341209412,0.00042519153794273734,-0.20534688234329225,0.020783688873052598,0.994657576084137,0.10111519694328308,0.20429281890392304,-0.10322820395231247,0.9734517335891724],"EasingStyle":"Linear","EasingDirection":"In"},"HumanoidRootPart":{"Weight":0,"CFrame":[0,0,0,1,0,0,0,1,0,0,0,1],"EasingStyle":"Linear","EasingDirection":"In"},"Right Leg":{"Weight":1,"CFrame":[0.19792810082435609,0.5234894752502441,-0.018194787204265596,0.8051231503486633,0.21683147549629212,-0.5520515441894531,0.028735026717185975,0.9154245853424072,0.4014626443386078,0.5924112200737,-0.3390900492668152,0.7307988405227661],"EasingStyle":"Linear","EasingDirection":"In"}}},{"Time":0.36666667461395266,"poses":{"Left Leg":{"Weight":1,"CFrame":[0.06976726651191712,0.2023143768310547,0.023667603731155397,0.7954836487770081,0.2860257923603058,0.534223735332489,-0.39085495471954348,0.9158796072006226,0.09163487702608109,-0.4630746841430664,-0.2816980481147766,0.8403618931770325],"EasingStyle":"Linear","EasingDirection":"In"},"Right Arm":{"Weight":1,"CFrame":[-0.02109384536743164,-0.19797995686531068,-0.0387859046459198,-0.025431931018829347,-0.7793429493904114,0.6260812878608704,0.7954621911048889,0.36354193091392519,0.4848475456237793,-0.605469286441803,0.5103546380996704,0.6106922626495361],"EasingStyle":"Linear","EasingDirection":"In"},"Head":{"Weight":1,"CFrame":[-0.00026744819479063153,0.0001946629781741649,0.0006567741511389613,0.860343337059021,0.4491705596446991,0.24094626307487489,-0.48652607202529909,0.864617109298706,0.12541767954826356,-0.1519923210144043,-0.2251289188861847,0.9624007344245911],"EasingStyle":"Linear","EasingDirection":"In"},"Left Arm":{"Weight":1,"CFrame":[0.00816279649734497,-0.25689399242401125,0.09849174320697785,-0.20454484224319459,0.7772162556648254,-0.595059871673584,-0.6838006377220154,0.3215324282646179,0.6550065875053406,0.7004128694534302,0.540880560874939,0.4656931757926941],"EasingStyle":"Linear","EasingDirection":"In"},"Torso":{"Weight":1,"CFrame":[-0.1378176063299179,0.08383490145206452,-0.1677420288324356,0.985863208770752,0.0012777751544490457,-0.1675473004579544,0.01603202521800995,0.9946634769439697,0.10191952437162399,0.166783407330513,-0.10316482931375504,0.9805816411972046],"EasingStyle":"Linear","EasingDirection":"In"},"HumanoidRootPart":{"Weight":0,"CFrame":[0,0,0,1,0,0,0,1,0,0,0,1],"EasingStyle":"Linear","EasingDirection":"In"},"Right Leg":{"Weight":1,"CFrame":[0.3028908967971802,0.4450095295906067,0.18335312604904176,0.7691221237182617,0.3020080626010895,-0.5632427334785461,-0.11657008528709412,0.9328116178512573,0.34098973870277407,0.6283810138702393,-0.19660548865795136,0.7526510953903198],"EasingStyle":"Linear","EasingDirection":"In"}}},{"Time":0.4000000059604645,"poses":{"Left Leg":{"Weight":1,"CFrame":[-0.2334926724433899,0.3772926926612854,0.1722964644432068,0.8537486791610718,-0.037415143102407458,0.5193393230438232,-0.03604954481124878,0.9907740354537964,0.1306413859128952,-0.5194359421730042,-0.13025684654712678,0.8445232510566711],"EasingStyle":"Linear","EasingDirection":"In"},"Right Arm":{"Weight":1,"CFrame":[-0.021405458450317384,-0.1259804666042328,0.12530222535133363,-0.013569210655987263,-0.9968679547309876,0.07791142910718918,0.6264613270759583,0.05225471407175064,0.7776989340782166,-0.7793343663215637,0.059361256659030917,0.6237901449203491],"EasingStyle":"Linear","EasingDirection":"In"},"Head":{"Weight":1,"CFrame":[-0.00026744819479063153,0.0001946629781741649,0.0006567741511389613,0.867523193359375,0.4599621593952179,0.18931031227111817,-0.4859646260738373,0.8649252653121948,0.12546950578689576,-0.10602805763483048,-0.20084580779075623,0.9738680720329285],"EasingStyle":"Linear","EasingDirection":"In"},"Left Arm":{"Weight":1,"CFrame":[-0.01753595471382141,-0.1104879081249237,0.1729000210762024,-0.10349005460739136,0.9944131374359131,0.020789777860045434,-0.682187020778656,-0.08617610484361649,0.7260816097259522,0.7238166928291321,0.06095971167087555,0.6872941851615906],"EasingStyle":"Linear","EasingDirection":"In"},"Torso":{"Weight":1,"CFrame":[-0.09446832537651062,0.08447596430778504,0.0021696100011467935,0.9933813810348511,0.0019203006522729993,-0.11484683305025101,0.009950214996933937,0.9946629405021668,0.10269686579704285,0.11443110555410385,-0.10315989702939987,0.9880605340003967],"EasingStyle":"Linear","EasingDirection":"In"},"HumanoidRootPart":{"Weight":0,"CFrame":[0,0,0,1,0,0,0,1,0,0,0,1],"EasingStyle":"Linear","EasingDirection":"In"},"Right Leg":{"Weight":1,"CFrame":[0.3115597665309906,0.37696897983551028,0.22781550884246827,0.7473851442337036,0.3476714491844177,-0.5661625266075134,-0.2055952548980713,0.9313516020774841,0.30052414536476138,0.6317800283432007,-0.10820691287517548,0.7675580382347107],"EasingStyle":"Linear","EasingDirection":"In"}}},{"Time":0.4333333373069763,"poses":{"Left Leg":{"Weight":1,"CFrame":[-0.38205456733703616,0.33901411294937136,0.2626444101333618,0.8003368973731995,-0.296397864818573,0.5211613178253174,0.24519813060760499,0.9550483822822571,0.16661480069160462,-0.5471184849739075,-0.005560204386711121,0.837036669254303],"EasingStyle":"Linear","EasingDirection":"In"},"Right Arm":{"Weight":1,"CFrame":[-0.004246212542057037,-0.08904820680618286,0.24348562955856324,-0.03369439020752907,-0.7524784207344055,-0.6577544808387756,0.7724629044532776,-0.43720677495002749,0.4605989158153534,-0.6341654658317566,-0.49257132411003115,0.5959930419921875],"EasingStyle":"Linear","EasingDirection":"In"},"Head":{"Weight":1,"CFrame":[-0.00026744819479063153,0.0001946629781741649,0.0006567741511389613,0.8721653819084168,0.4712037146091461,0.13150864839553834,-0.4861491918563843,0.8648329377174377,0.12539128959178925,-0.05464817211031914,-0.1732947826385498,0.9833526611328125],"EasingStyle":"Linear","EasingDirection":"In"},"Left Arm":{"Weight":1,"CFrame":[-0.05776505172252655,-0.008886277675628662,0.22926372289657594,-0.22997480630874635,0.6891616582870483,0.6871446967124939,-0.8531344532966614,-0.48249825835227969,0.19838596880435944,0.468266099691391,-0.5406030416488648,0.6989099979400635],"EasingStyle":"Linear","EasingDirection":"In"},"Torso":{"Weight":1,"CFrame":[-0.04605995491147041,0.084853395819664,0.1435091495513916,0.9984294772148132,0.001708679599687457,-0.05599595606327057,0.004083277657628059,0.9946565628051758,0.10315771400928498,0.05587301030755043,-0.10322435200214386,0.9930875301361084],"EasingStyle":"Linear","EasingDirection":"In"},"HumanoidRootPart":{"Weight":0,"CFrame":[0,0,0,1,0,0,0,1,0,0,0,1],"EasingStyle":"Linear","EasingDirection":"In"},"Right Leg":{"Weight":1,"CFrame":[0.33906957507133486,0.31337040662765505,0.2739570736885071,0.7228232622146606,0.3975839912891388,-0.5652021765708923,-0.303567111492157,0.9174544215202332,0.25714659690856936,0.6207846403121948,-0.014294743537902832,0.7838508486747742],"EasingStyle":"Linear","EasingDirection":"In"}}},{"Time":0.46666666865348818,"poses":{"Left Leg":{"Weight":1,"CFrame":[-0.3771856129169464,0.2620278000831604,0.30415472388267519,0.716232419013977,-0.42686977982521059,0.5520809292793274,0.3759230971336365,0.9025123715400696,0.21012669801712037,-0.5879566073417664,0.05704042315483093,0.8068788647651672],"EasingStyle":"Linear","EasingDirection":"In"},"Right Arm":{"Weight":1,"CFrame":[0.014498293399810791,-0.025077760219573976,0.3353680968284607,-0.12147480994462967,-0.39926204085350039,-0.9087539315223694,0.8740949034690857,-0.4768362045288086,0.09265664964914322,-0.47032105922698977,-0.7830817103385925,0.4069165289402008],"EasingStyle":"Linear","EasingDirection":"In"},"Head":{"Weight":1,"CFrame":[-0.00026744819479063153,0.0001946629781741649,0.0006567741511389613,0.8730252385139465,0.4816450774669647,0.07645267248153687,-0.48764118552207949,0.8640183210372925,0.12521347403526307,-0.005748055875301361,-0.1465959995985031,0.989179790019989],"EasingStyle":"Linear","EasingDirection":"In"},"Left Arm":{"Weight":1,"CFrame":[-0.0716501921415329,0.11466547846794129,0.30741578340530398,-0.395092636346817,0.3895820677280426,0.831942081451416,-0.8739755749702454,-0.4383598268032074,-0.20977924764156342,0.28296375274658205,-0.809979259967804,0.5136779546737671],"EasingStyle":"Linear","EasingDirection":"In"},"Torso":{"Weight":1,"CFrame":[0,0.08494753390550614,0.2023341804742813,1,2.384185791015625e-7,-8.742277657347586e-8,-2.2811545363765618e-7,0.9946531653404236,0.10327214747667313,1.115773358151273e-7,-0.10327214747667313,0.9946531653404236],"EasingStyle":"Linear","EasingDirection":"In"},"HumanoidRootPart":{"Weight":0,"CFrame":[0,0,0,1,0,0,0,1,0,0,0,1],"EasingStyle":"Linear","EasingDirection":"In"},"Right Leg":{"Weight":1,"CFrame":[0.37045371532440188,0.2650264501571655,0.3053560256958008,0.7128448486328125,0.4249080717563629,-0.5579474568367004,-0.37236106395721438,0.9034770727157593,0.21231211721897126,0.5943058729171753,0.05641232430934906,0.8022581934928894],"EasingStyle":"Linear","EasingDirection":"In"}}},{"Time":0.5,"poses":{"Left Leg":{"Weight":1,"CFrame":[-0.25082141160964968,0.2683502435684204,0.2837347090244293,0.6820498108863831,-0.3901888430118561,0.6185149550437927,0.30887824296951296,0.9203280210494995,0.23998022079467774,-0.6628742814064026,0.027367383241653444,0.7482303977012634],"EasingStyle":"Linear","EasingDirection":"In"},"Right Arm":{"Weight":1,"CFrame":[0.0224992036819458,0.07203838229179383,0.38922441005706789,-0.040245719254016879,-0.3545186221599579,-0.9341824650764465,0.9053425788879395,-0.4085240066051483,0.1160300225019455,-0.42277076840400698,-0.8410853743553162,0.3374021351337433],"EasingStyle":"Linear","EasingDirection":"In"},"Head":{"Weight":1,"CFrame":[-0.00026744819479063153,0.0001946629781741649,0.0006567741511389613,0.8710131645202637,0.49027299880981448,0.031120259314775468,-0.48942872881889346,0.8605597019195557,0.14105485379695893,0.04237454757094383,-0.1380917727947235,0.9895125031471252],"EasingStyle":"Linear","EasingDirection":"In"},"Left Arm":{"Weight":1,"CFrame":[-0.051641374826431277,0.25792545080184939,0.39043128490448,-0.35301628708839419,0.3837762176990509,0.853285014629364,-0.9045366048812866,-0.37310630083084109,-0.20641030371189118,0.23915061354637147,-0.8446937799453735,0.47885221242904665],"EasingStyle":"Linear","EasingDirection":"In"},"Torso":{"Weight":1,"CFrame":[0.037947721779346469,0.07169237732887268,0.1857759952545166,0.9989332556724548,-0.0020151257049292328,0.04613360017538071,-0.0020155939273536207,0.996192455291748,0.08715766668319702,-0.046133577823638919,-0.08715767413377762,0.9951257109642029],"EasingStyle":"Linear","EasingDirection":"In"},"HumanoidRootPart":{"Weight":0,"CFrame":[0,0,0,1,0,0,0,1,0,0,0,1],"EasingStyle":"Linear","EasingDirection":"In"},"Right Leg":{"Weight":1,"CFrame":[0.35039061307907107,0.2439292073249817,0.29355835914611819,0.7487347722053528,0.3687025308609009,-0.5508671402931213,-0.3407796025276184,0.9269065260887146,0.15720534324645997,0.5685642957687378,0.07001917064189911,0.8196535110473633],"EasingStyle":"Linear","EasingDirection":"In"}}},{"Time":0.5333333611488342,"poses":{"Left Leg":{"Weight":1,"CFrame":[-0.14243736863136292,0.30267465114593508,0.24849866330623628,0.6746215224266052,-0.2927895188331604,0.6776134967803955,0.18714188039302827,0.9558201432228088,0.2266840785741806,-0.714047372341156,-0.026116102933883668,0.6996100544929504],"EasingStyle":"Linear","EasingDirection":"In"},"Right Arm":{"Weight":1,"CFrame":[0.035413146018981937,0.11704367399215698,0.3273353576660156,-0.13067424297332765,-0.22761566936969758,-0.9649431705474854,0.8470398187637329,-0.5314227342605591,0.010647122748196125,-0.5152162313461304,-0.8159539699554443,0.26224279403686526],"EasingStyle":"Linear","EasingDirection":"In"},"Head":{"Weight":1,"CFrame":[-0.00026744819479063153,0.0001946629781741649,0.0006567741511389613,0.8673510551452637,0.497672975063324,-0.004869046155363321,-0.4891596734523773,0.8542366623878479,0.17607542872428895,0.09178730100393295,-0.15033747255802155,0.9843646287918091],"EasingStyle":"Linear","EasingDirection":"In"},"Left Arm":{"Weight":1,"CFrame":[-0.0916161984205246,0.2556912899017334,0.3154240846633911,-0.27041882276535036,0.25362464785575869,0.9287347197532654,-0.8608924150466919,-0.49554112553596499,-0.11533979326486588,0.43097323179244997,-0.8307307362556458,0.352347195148468],"EasingStyle":"Linear","EasingDirection":"In"},"Torso":{"Weight":1,"CFrame":[0.06825654953718186,0.04249006509780884,0.06721925735473633,0.9965488314628601,-0.002148125320672989,0.08298054337501526,-0.0021485970355570318,0.9986626505851746,0.05165589228272438,-0.08298053592443466,-0.05165591463446617,0.9952114820480347],"EasingStyle":"Linear","EasingDirection":"In"},"HumanoidRootPart":{"Weight":0,"CFrame":[0,0,0,1,0,0,0,1,0,0,0,1],"EasingStyle":"Linear","EasingDirection":"In"},"Right Leg":{"Weight":1,"CFrame":[0.2915574908256531,0.3264669179916382,0.2704635560512543,0.7937793731689453,0.20882831513881684,-0.5712311863899231,-0.178655207157135,0.9778316617012024,0.1092134490609169,0.5813748240470886,0.01536203920841217,0.8134908676147461],"EasingStyle":"Linear","EasingDirection":"In"}}},{"Time":0.5666666626930237,"poses":{"Left Leg":{"Weight":1,"CFrame":[-0.15846183896064759,0.3798421025276184,0.2578759789466858,0.6802765130996704,-0.2569889724254608,0.6864259243011475,0.1631823629140854,0.9661155939102173,0.19998066127300263,-0.7145595550537109,-0.024029552936553956,0.6991617679595947],"EasingStyle":"Linear","EasingDirection":"In"},"Right Arm":{"Weight":1,"CFrame":[0.05396181344985962,0.02030108869075775,0.10624769330024719,-0.4825388491153717,0.12445449829101563,-0.8669875264167786,0.6145548820495606,-0.6571866273880005,-0.436380535364151,-0.624082088470459,-0.7433819770812988,0.2406339794397354],"EasingStyle":"Linear","EasingDirection":"In"},"Head":{"Weight":1,"CFrame":[-0.00026744819479063153,0.0001946629781741649,0.0006567741511389613,0.8628545999526978,0.5043202638626099,-0.033808715641498569,-0.48708146810531618,0.8475009799003601,0.2109353095293045,0.13503187894821168,-0.16553889214992524,0.976915180683136],"EasingStyle":"Linear","EasingDirection":"In"},"Left Arm":{"Weight":1,"CFrame":[-0.19274380803108216,-0.02521313726902008,0.006400316953659058,-0.2140609174966812,-0.08358331024646759,0.9732377529144287,-0.697472333908081,-0.6844758987426758,-0.21219104528427125,0.6838934421539307,-0.7242282629013062,0.08822248131036759],"EasingStyle":"Linear","EasingDirection":"In"},"Torso":{"Weight":1,"CFrame":[0.09282008558511734,0.013269887305796147,-0.1938781589269638,0.9936124086380005,-0.0009129547979682684,0.11284288763999939,-0.0009134285501204431,0.9998694658279419,0.016132427379488946,-0.11284288763999939,-0.016132453456521035,0.9934818744659424],"EasingStyle":"Linear","EasingDirection":"In"},"HumanoidRootPart":{"Weight":0,"CFrame":[0,0,0,1,0,0,0,1,0,0,0,1],"EasingStyle":"Linear","EasingDirection":"In"},"Right Leg":{"Weight":1,"CFrame":[0.13190123438835145,0.497230589389801,0.2159605473279953,0.7672167420387268,-0.0661197304725647,-0.6379707455635071,0.1363716572523117,0.9887454509735107,0.06152481585741043,0.6267226338386536,-0.13420400023460389,0.7675988674163818],"EasingStyle":"Linear","EasingDirection":"In"}}},{"Time":0.6000000238418579,"poses":{"Left Leg":{"Weight":1,"CFrame":[-0.15908926725387574,0.4062780737876892,0.23687057197093965,0.700034499168396,-0.23952309787273408,0.6727409362792969,0.1496484875679016,0.9703575968742371,0.18976689875125886,-0.69825279712677,-0.03216871619224548,0.7151280641555786],"EasingStyle":"Linear","EasingDirection":"In"},"Right Arm":{"Weight":1,"CFrame":[0.011466532945632935,-0.2603034973144531,-0.1358441710472107,-0.400426983833313,-0.7768338322639465,-0.4859912097454071,0.9031973481178284,-0.42407068610191347,-0.06632240116596222,-0.15457314252853394,-0.4655032157897949,0.8714435696601868],"EasingStyle":"Linear","EasingDirection":"In"},"Head":{"Weight":1,"CFrame":[-0.00026744819479063153,0.0001946629781741649,0.0006567741511389613,0.8584957122802734,0.509488582611084,-0.058365385979413989,-0.4856274127960205,0.8442592620849609,0.22669866681098939,0.16477589309215547,-0.1662759929895401,0.9722145795822144],"EasingStyle":"Linear","EasingDirection":"In"},"Left Arm":{"Weight":1,"CFrame":[-0.16178396344184876,-0.43028581142425539,-0.17157232761383058,-0.18368273973464967,0.48044827580451968,0.8575721979141235,-0.9152591228485107,-0.4018150866031647,0.029075177386403085,0.35855457186698916,-0.7795602083206177,0.5135411620140076],"EasingStyle":"Linear","EasingDirection":"In"},"Torso":{"Weight":1,"CFrame":[0.11359213292598725,-7.105427357601002e-15,-0.3543921411037445,0.9904188513755798,2.3613422683865793e-7,0.13809581100940705,-2.3841855067985308e-7,1,2.0843212477695585e-14,-0.13809581100940705,-3.292462480430913e-8,0.9904188513755798],"EasingStyle":"Linear","EasingDirection":"In"},"HumanoidRootPart":{"Weight":0,"CFrame":[0,0,0,1,0,0,0,1,0,0,0,1],"EasingStyle":"Linear","EasingDirection":"In"},"Right Leg":{"Weight":1,"CFrame":[-0.14758485555648805,0.3259294033050537,0.07299359142780304,0.6057328581809998,-0.363752156496048,-0.7076525092124939,0.481331467628479,0.8757089376449585,-0.03812994807958603,0.6335674524307251,-0.31751883029937746,0.7055310010910034],"EasingStyle":"Linear","EasingDirection":"In"}}},{"Time":0.6333333253860474,"poses":{"Left Leg":{"Weight":1,"CFrame":[-0.13233812153339387,0.3960800766944885,0.20939402282238007,0.7050994634628296,-0.228078693151474,0.6714274883270264,0.11847782135009766,0.971443772315979,0.2055724412202835,-0.699140727519989,-0.06539975106716156,0.7119867205619812],"EasingStyle":"Linear","EasingDirection":"In"},"Right Arm":{"Weight":1,"CFrame":[-0.022046566009521486,-0.5675674676895142,-0.23697137832641602,-0.019069818779826165,-0.6651355028152466,0.7464791536331177,0.9433851838111877,0.23531679809093476,0.23377440869808198,-0.33115074038505556,0.7086753845214844,0.6229915022850037],"EasingStyle":"Linear","EasingDirection":"In"},"Head":{"Weight":1,"CFrame":[-0.00026744819479063153,0.0001946629781741649,0.0006567741511389613,0.85478