{"Sequence":[{"Time":0,"poses":{"Left Leg":{"Weight":1,"CFrame":[-0.09671095013618469,0.08204913139343262,-0.013791501522064209,0.9681523442268372,-0.07598771899938584,0.2385520040988922,0.06792639940977097,0.9968124628067017,0.04184573143720627,-0.2409714162349701,-0.02430899627506733,0.9702277183532715],"EasingStyle":"Linear","EasingDirection":"In"},"Right Arm":{"Weight":1,"CFrame":[-0.27665942907333376,-0.42545533180236819,0.5194751024246216,0.10295721143484116,-0.5695755481719971,0.8154652714729309,-0.119554303586483,0.8067926168441773,0.5786125659942627,-0.9874748587608337,-0.1570647805929184,0.01496992539614439],"EasingStyle":"Linear","EasingDirection":"In"},"Head":{"Weight":1,"CFrame":[9.639188647270203e-8,-9.313225746154786e-10,3.5762786865234377e-7,0.9870225787162781,-0.15992362797260285,0.014526626095175743,0.1592477262020111,0.9864453673362732,0.03956993669271469,-0.020657889544963838,-0.03674308583140373,0.9991112947463989],"EasingStyle":"Linear","EasingDirection":"In"},"Right Leg":{"Weight":1,"CFrame":[0.2191135287284851,0.016519010066986085,0.0077457427978515629,0.6986234784126282,0.7145935893058777,0.03579636290669441,-0.7103415131568909,0.6867374777793884,0.15429402887821198,0.08567488193511963,-0.1332211196422577,0.98737633228302],"EasingStyle":"Linear","EasingDirection":"In"},"Torso":{"Weight":1,"CFrame":[-0.12804259359836579,-0.02398896962404251,0.020026445388793947,0.9942752122879028,0.10578951239585877,-0.015013055875897408,-0.10620155185461045,0.9938923716545105,-0.02998620644211769,0.011749135330319405,0.03140895068645477,0.9994375705718994],"EasingStyle":"Linear","EasingDirection":"In"},"HumanoidRootPart":{"Weight":1,"CFrame":[0,0,0,1,0,0,0,1,0,0,0,1],"EasingStyle":"Linear","EasingDirection":"In"},"Left Arm":{"Weight":1,"CFrame":[-0.0058654360473155979,-0.1866384744644165,-0.0021939873695373537,0.45383086800575259,0.8696447610855103,-0.19430820643901826,-0.8840433955192566,0.412043958902359,-0.22065146267414094,-0.11182485520839691,0.2719152271747589,0.9558019638061523],"EasingStyle":"Linear","EasingDirection":"In"}}},{"Time":0.03333333507180214,"poses":{"Left Leg":{"Weight":1,"CFrame":[-0.10078026354312897,0.08464854955673218,-0.01611769199371338,0.9700339436531067,-0.07804557681083679,0.23009353876113892,0.06902408599853516,0.9965066313743591,0.04701220244169235,-0.2329588383436203,-0.02972140908241272,0.972032368183136],"EasingStyle":"Linear","EasingDirection":"In"},"Right Arm":{"Weight":1,"CFrame":[-0.298577219247818,-0.4017641842365265,0.5110985040664673,0.10562695562839508,-0.5289597511291504,0.8420478701591492,-0.12939850986003877,0.8322737216949463,0.5390515327453613,-0.9859508872032166,-0.1658981442451477,0.01946396194398403],"EasingStyle":"Linear","EasingDirection":"In"},"Head":{"Weight":1,"CFrame":[1.0244548320770264e-7,4.6566128730773929e-9,1.1920928955078126e-7,0.9892264604568481,-0.14639006555080415,0.0010384649503976107,0.14623253047466279,0.9884449243545532,0.03990994021296501,-0.006868887227028608,-0.039328113198280337,0.9992027282714844],"EasingStyle":"Linear","EasingDirection":"In"},"Right Leg":{"Weight":1,"CFrame":[0.2992219626903534,-0.08775198459625244,0.026923775672912599,0.6084215641021729,0.7920829653739929,0.04927432909607887,-0.7893306016921997,0.5975278615951538,0.14113003015518189,0.08234398066997528,-0.12476028501987457,0.9887641072273254],"EasingStyle":"Linear","EasingDirection":"In"},"Torso":{"Weight":1,"CFrame":[-0.11165979504585266,-0.02045939862728119,0.04002833366394043,0.9948961138725281,0.1001749336719513,-0.012113535776734352,-0.10045777261257172,0.9946125745773315,-0.0255743321031332,0.009486368857324124,0.026660703122615815,0.9995995163917542],"EasingStyle":"Linear","EasingDirection":"In"},"HumanoidRootPart":{"Weight":1,"CFrame":[0,0,0,1,0,0,0,1,0,0,0,1],"EasingStyle":"Linear","EasingDirection":"In"},"Left Arm":{"Weight":1,"CFrame":[-0.015167411416769028,-0.23820114135742188,0.007057309150695801,0.3482190668582916,0.892911970615387,-0.2853977084159851,-0.9181326627731323,0.2634354531764984,-0.2960309684276581,-0.18914568424224854,0.36511650681495669,0.9115447998046875],"EasingStyle":"Linear","EasingDirection":"In"}}},{"Time":0.06666667014360428,"poses":{"Left Leg":{"Weight":1,"CFrame":[-0.11150283366441727,0.08902597427368164,-0.0209769606590271,0.9746471643447876,-0.0826243907213211,0.2079334408044815,0.07253624498844147,0.9958095550537109,0.055695198476314548,-0.21166391670703889,-0.03920039162039757,0.9765560626983643],"EasingStyle":"Linear","EasingDirection":"In"},"Right Arm":{"Weight":1,"CFrame":[-0.355100154876709,-0.3404984176158905,0.4887617826461792,0.11076271533966065,-0.4155438542366028,0.9028039574623108,-0.15990468859672547,0.8891071677207947,0.4288577735424042,-0.9808987379074097,-0.19186408817768098,0.032032568007707599],"EasingStyle":"Linear","EasingDirection":"In"},"Head":{"Weight":1,"CFrame":[8.800998330116272e-8,8.381903171539307e-9,1.1920928955078126e-7,0.9932913780212402,-0.11115530133247376,-0.03188743814826012,0.11243737488985062,0.9927831292152405,0.041708752512931827,0.02702115662395954,-0.045014284551143649,0.9986209273338318],"EasingStyle":"Linear","EasingDirection":"In"},"Right Leg":{"Weight":1,"CFrame":[0.44662874937057497,-0.2760186195373535,0.05332827568054199,0.41046082973480227,0.9091908931732178,0.06995534151792526,-0.9095149636268616,0.4026710093021393,0.1031443178653717,0.06560897082090378,-0.10596213489770889,0.9922033548355103],"EasingStyle":"Linear","EasingDirection":"In"},"Torso":{"Weight":1,"CFrame":[-0.06843511015176773,-0.012043885886669159,0.07012677192687988,0.9964908957481384,0.08356243371963501,-0.00482427142560482,-0.08362630009651184,0.996383547782898,-0.015055590309202671,0.0035487422719597818,0.015406194142997265,0.9998751282691956],"EasingStyle":"Linear","EasingDirection":"In"},"HumanoidRootPart":{"Weight":1,"CFrame":[0,0,0,1,0,0,0,1,0,0,0,1],"EasingStyle":"Linear","EasingDirection":"In"},"Left Arm":{"Weight":1,"CFrame":[-0.053246818482875827,-0.3304592967033386,0.03852701187133789,0.09921463578939438,0.8466405272483826,-0.5228349566459656,-0.9115880131721497,-0.13332664966583253,-0.3888848125934601,-0.39895346760749819,0.5151931047439575,0.7585594058036804],"EasingStyle":"Linear","EasingDirection":"In"}}},{"Time":0.10000000149011612,"poses":{"Left Leg":{"Weight":1,"CFrame":[-0.12619560956954957,0.09101253747940064,-0.02528822422027588,0.9808197021484375,-0.07985152304172516,0.1778102070093155,0.07027626037597656,0.9957501292228699,0.059522971510887149,-0.18180757761001588,-0.04588544741272926,0.9822630286216736],"EasingStyle":"Linear","EasingDirection":"In"},"Right Arm":{"Weight":1,"CFrame":[-0.4323832392692566,-0.2563703656196594,0.456653356552124,0.1112871989607811,-0.24355119466781617,0.9634822607040405,-0.21195822954177857,0.9413796067237854,0.26244616508483889,-0.9709217548370361,-0.23342499136924745,0.05314088985323906],"EasingStyle":"Linear","EasingDirection":"In"},"Head":{"Weight":1,"CFrame":[8.42846930027008e-8,2.86672729998827e-9,1.1920928955078126e-7,0.9953929781913757,-0.06240458786487579,-0.07279151678085327,0.06586252897977829,0.996762752532959,0.046111635863780978,0.06967828422784805,-0.05069343373179436,0.9962807297706604],"EasingStyle":"Linear","EasingDirection":"In"},"Right Leg":{"Weight":1,"CFrame":[0.5459585189819336,-0.3856469392776489,0.05865776538848877,0.2333623766899109,0.9694560766220093,0.07547805458307266,-0.9710426330566406,0.22825144231319428,0.070551797747612,0.051168959587812427,-0.08975658565759659,0.9946484565734863],"EasingStyle":"Linear","EasingDirection":"In"},"Torso":{"Weight":1,"CFrame":[-0.008642245084047318,-0.007856100797653199,0.0671226978302002,0.9983421564102173,0.05735195055603981,0.004886874463409185,-0.057301949709653857,0.9983085989952087,-0.009822603315114975,-0.005441953428089619,0.009526289999485016,0.9999399185180664],"EasingStyle":"Linear","EasingDirection":"In"},"HumanoidRootPart":{"Weight":1,"CFrame":[0,0,0,1,0,0,0,1,0,0,0,1],"EasingStyle":"Linear","EasingDirection":"In"},"Left Arm":{"Weight":1,"CFrame":[-0.12880446016788484,-0.387417733669281,0.09274876117706299,-0.1413411945104599,0.5967849493026733,-0.7898548245429993,-0.7373490929603577,-0.5958452224731445,-0.318252831697464,-0.6605596542358398,0.537416398525238,0.5242562890052795],"EasingStyle":"Linear","EasingDirection":"In"}}},{"Time":0.13333334028720857,"poses":{"Left Leg":{"Weight":1,"CFrame":[-0.14193758368492127,0.09206056594848633,-0.026074886322021486,0.9869869351387024,-0.06748789548873902,0.14595264196395875,0.059047214686870578,0.9963642954826355,0.06141495332121849,-0.14956679940223695,-0.05199761316180229,0.9873834252357483],"EasingStyle":"Linear","EasingDirection":"In"},"Right Arm":{"Weight":1,"CFrame":[-0.5165808200836182,-0.16409283876419068,0.4189622402191162,0.09910869598388672,-0.0412929393351078,0.9942194819450378,-0.2831212878227234,0.9566735029220581,0.06795641779899597,-0.9539496302604675,-0.2882198691368103,0.08312379568815232],"EasingStyle":"Linear","EasingDirection":"In"},"Head":{"Weight":1,"CFrame":[7.444759830832482e-8,3.841705620288849e-9,2.384185791015625e-7,0.9938765168190002,-0.008797789923846722,-0.11014597862958908,0.014727337285876274,0.9984787106513977,0.053136277943849567,0.10951092839241028,-0.05443305894732475,0.9924940466880798],"EasingStyle":"Linear","EasingDirection":"In"},"Right Leg":{"Weight":1,"CFrame":[0.5767198204994202,-0.420520544052124,0.06365597248077393,0.1188449114561081,0.9903220534324646,0.0716809630393982,-0.9922752380371094,0.11587179452180863,0.04431428387761116,0.03557967767119408,-0.07639377564191818,0.9964427351951599],"EasingStyle":"Linear","EasingDirection":"In"},"Torso":{"Weight":1,"CFrame":[0.05325146019458771,-0.011647779494524002,0.008535146713256836,0.9994737505912781,0.02741658128798008,0.01733527146279812,-0.027165351435542108,0.9995248317718506,-0.014565604738891125,-0.017726372927427293,0.014087021350860596,0.999743640422821],"EasingStyle":"Linear","EasingDirection":"In"},"HumanoidRootPart":{"Weight":1,"CFrame":[0,0,0,1,0,0,0,1,0,0,0,1],"EasingStyle":"Linear","EasingDirection":"In"},"Left Arm":{"Weight":1,"CFrame":[-0.22430330514907838,-0.40368109941482546,0.15009593963623048,-0.216871440410614,0.22188839316368104,-0.9506483674049377,-0.4557497501373291,-0.8841972351074219,-0.10240800678730011,-0.8632839322090149,0.4110483229160309,0.29288268089294436],"EasingStyle":"Linear","EasingDirection":"In"}}},{"Time":0.1666666716337204,"poses":{"Left Leg":{"Weight":1,"CFrame":[-0.47728431224823,0.1051211953163147,0.02507317066192627,0.9664233326911926,-0.22940026223659516,0.11576462537050247,0.22394035756587983,0.9728559255599976,0.0583268404006958,-0.12600255012512208,-0.030444025993347169,0.9915627241134644],"EasingStyle":"Linear","EasingDirection":"In"},"Right Arm":{"Weight":1,"CFrame":[-0.5955111980438232,-0.07624250650405884,0.37898504734039309,0.06823112815618515,0.15340565145015717,0.9858047962188721,-0.36305204033851626,0.9241788387298584,-0.11868763715028763,-0.9292672872543335,-0.3498004078865051,0.11875204741954804],"EasingStyle":"Linear","EasingDirection":"In"},"Head":{"Weight":1,"CFrame":[9.351788321509957e-8,-1.5599653124809266e-8,-2.384185791015625e-7,0.9898651838302612,0.04182188957929611,-0.13571293652057649,-0.033777955919504169,0.9975634217262268,0.06104326248168945,0.13793519139289857,-0.05584048479795456,0.9888659715652466],"EasingStyle":"Linear","EasingDirection":"In"},"Right Leg":{"Weight":1,"CFrame":[0.5743441581726074,-0.41598713397979739,0.09099972248077393,0.07468831539154053,0.9945374727249146,0.07291773706674576,-0.9969066977500916,0.07626030594110489,-0.019012978300452234,-0.024469783529639245,-0.07127219438552857,0.9971566796302795],"EasingStyle":"Linear","EasingDirection":"In"},"Torso":{"Weight":1,"CFrame":[0.10439543426036835,-0.02630714327096939,-0.10207939147949219,0.9994571208953857,-0.0007169482414610684,0.032941922545433047,0.0018011756474152208,0.9994571805000305,-0.032895416021347049,-0.03290046006441116,0.03293688967823982,0.9989157915115356],"EasingStyle":"Linear","EasingDirection":"In"},"HumanoidRootPart":{"Weight":1,"CFrame":[0,0,0,1,0,0,0,1,0,0,0,1],"EasingStyle":"Linear","EasingDirection":"In"},"Left Arm":{"Weight":1,"CFrame":[-0.3181150257587433,-0.3913632929325104,0.1910700798034668,-0.13992252945899964,-0.08522102236747742,-0.9864883422851563,-0.2348036766052246,-0.9650157690048218,0.11667045950889588,-0.9619194865226746,0.2479558289051056,0.11501725763082504],"EasingStyle":"Linear","EasingDirection":"In"}}},{"Time":0.20000000298023225,"poses":{"Left Leg":{"Weight":1,"CFrame":[-0.7462145090103149,0.17224222421646119,0.06292247772216797,0.935760498046875,-0.34241464734077456,0.08428899198770523,0.339943528175354,0.9394826889038086,0.04255437105894089,-0.09375933557748795,-0.011167177930474282,0.9955323338508606],"EasingStyle":"Linear","EasingDirection":"In"},"Right Arm":{"Weight":1,"CFrame":[-0.6636432409286499,0.0031426548957824709,0.3364516496658325,0.02218749187886715,0.3213505446910858,0.9467002749443054,-0.4265569746494293,0.8594599366188049,-0.2817404866218567,-0.9041884541511536,-0.3975706100463867,0.15614363551139832],"EasingStyle":"Linear","EasingDirection":"In"},"Head":{"Weight":1,"CFrame":[1.1781230568885803e-7,6.984919309616089e-9,0,0.9845078587532044,0.08578217029571533,-0.1529243439435959,-0.07631395757198334,0.9948468208312988,0.06675468385219574,0.15786264836788178,-0.054050248116254809,0.985980749130249],"EasingStyle":"Linear","EasingDirection":"In"},"Right Leg":{"Weight":1,"CFrame":[0.5826429724693298,-0.4170355796813965,0.10859644412994385,0.05961126089096069,0.9936694502830505,0.0952245220541954,-0.9932489395141602,0.0685538575053215,-0.0935787633061409,-0.09951428323984146,-0.08900335431098938,0.9910476207733154],"EasingStyle":"Linear","EasingDirection":"In"},"Torso":{"Weight":1,"CFrame":[0.1421099156141281,-0.048401519656181338,-0.22229599952697755,0.998366117477417,-0.028268951922655107,0.04966061934828758,0.031259920448064807,0.9976772665977478,-0.06052175164222717,-0.04783439263701439,0.06197524815797806,0.9969307780265808],"EasingStyle":"Linear","EasingDirection":"In"},"HumanoidRootPart":{"Weight":1,"CFrame":[0,0,0,1,0,0,0,1,0,0,0,1],"EasingStyle":"Linear","EasingDirection":"In"},"Left Arm":{"Weight":1,"CFrame":[-0.39848238229751589,-0.3608287572860718,0.21684741973876954,-0.02382110245525837,-0.2868798077106476,-0.9576703906059265,-0.10156793892383576,-0.9522910714149475,0.28779491782188418,-0.9945433735847473,0.10412413626909256,-0.006453158799558878],"EasingStyle":"Linear","EasingDirection":"In"}}},{"Time":0.23333333432674409,"poses":{"Left Leg":{"Weight":1,"CFrame":[-0.8764018416404724,0.23433351516723634,0.07770037651062012,0.9244747161865234,-0.3780320882797241,0.049380429089069369,0.3773925304412842,0.9257909655570984,0.022050363942980768,-0.054051756858825687,-0.001749191666021943,0.9985366463661194],"EasingStyle":"Linear","EasingDirection":"In"},"Right Arm":{"Weight":1,"CFrame":[-0.7184398174285889,0.07086074352264404,0.2917710542678833,-0.024441160261631013,0.4571097493171692,0.889074444770813,-0.4577476382255554,0.785516619682312,-0.416450172662735,-0.8887461423873901,-0.4171503484249115,0.19004200398921967],"EasingStyle":"Linear","EasingDirection":"In"},"Head":{"Weight":1,"CFrame":[5.3783878684043887e-8,1.7695128917694093e-8,0,0.9785007834434509,0.12109100073575974,-0.1669531613588333,-0.11072903126478195,0.9913775324821472,0.0700703114271164,0.17399848997592927,-0.050077300518751147,0.9834718704223633],"EasingStyle":"Linear","EasingDirection":"In"},"Right Leg":{"Weight":1,"CFrame":[0.6022489666938782,-0.3952533006668091,0.08381402492523194,0.07598819583654404,0.9887102246284485,0.12914323806762696,-0.9968963265419006,0.07800544798374176,-0.010626730509102345,-0.020580561831593515,-0.12793491780757905,0.9915691018104553],"EasingStyle":"Linear","EasingDirection":"In"},"Torso":{"Weight":1,"CFrame":[0.16822831332683564,-0.06700564920902252,-0.30721044540405276,0.9962348341941834,-0.05742615833878517,0.06494947522878647,0.0627889409661293,0.9945034980773926,-0.08378859609365463,-0.05978081375360489,0.08755122870206833,0.9943647384643555],"EasingStyle":"Linear","EasingDirection":"In"},"HumanoidRootPart":{"Weight":1,"CFrame":[0,0,0,1,0,0,0,1,0,0,0,1],"EasingStyle":"Linear","EasingDirection":"In"},"Left Arm":{"Weight":1,"CFrame":[-0.45879486203193667,-0.32131227850914,0.23313796520233155,0.09663014858961106,-0.41893064975738528,-0.9028619527816773,-0.024415411055088044,-0.9078316688537598,0.41862356662750246,-0.9950209259986877,-0.018407966941595079,-0.09795223921537399],"EasingStyle":"Linear","EasingDirection":"In"}}},{"Time":0.2666666805744171,"poses":{"Left Leg":{"Weight":1,"CFrame":[-0.9308931827545166,0.271484375,0.07055270671844483,0.9259023070335388,-0.3773439824581146,0.017792850732803346,0.3771324157714844,0.9260510802268982,0.014166316017508507,-0.02182273380458355,-0.006406328175216913,0.9997414350509644],"EasingStyle":"Linear","EasingDirection":"In"},"Right Arm":{"Weight":1,"CFrame":[-0.762685239315033,0.11851674318313599,0.25163793563842776,-0.05929833650588989,0.5566917657852173,0.8286000490188599,-0.46548762917518618,0.7188698649406433,-0.5162823796272278,-0.8830657005310059,-0.41631779074668887,0.21650531888008119],"EasingStyle":"Linear","EasingDirection":"In"},"Head":{"Weight":1,"CFrame":[8.242204785346985e-8,-1.862645149230957e-8,-6.556510925292969e-7,0.9726701378822327,0.14815960824489594,-0.17877845466136933,-0.13713161647319795,0.9878880381584168,0.07261086255311966,0.18737106025218965,-0.04611023887991905,0.9812064170837402],"EasingStyle":"Linear","EasingDirection":"In"},"Right Leg":{"Weight":1,"CFrame":[0.591877281665802,-0.2674281597137451,0.04066193103790283,0.14127911627292634,0.9846344590187073,0.1026407778263092,-0.9528363347053528,0.10711672902107239,0.28395238518714907,0.2685948610305786,-0.1379164606332779,0.9533289074897766],"EasingStyle":"Linear","EasingDirection":"In"},"Torso":{"Weight":1,"CFrame":[0.18666861951351167,-0.07828246057033539,-0.33891725540161135,0.9932719469070435,-0.08557045459747315,0.07803041487932205,0.09305159747600556,0.990836501121521,-0.0979001522064209,-0.06893802434206009,0.10450230538845062,0.9921325445175171],"EasingStyle":"Linear","EasingDirection":"In"},"HumanoidRootPart":{"Weight":1,"CFrame":[0,0,0,1,0,0,0,1,0,0,0,1],"EasingStyle":"Linear","EasingDirection":"In"},"Left Arm":{"Weight":1,"CFrame":[-0.5031559467315674,-0.2804637551307678,0.24311578273773194,0.2087562382221222,-0.5072099566459656,-0.8361572027206421,0.01725880056619644,-0.8529509902000427,0.5217058658599854,-0.9778154492378235,-0.12334048002958298,-0.1693049669265747],"EasingStyle":"Linear","EasingDirection":"In"}}},{"Time":0.30000001192092898,"poses":{"Left Leg":{"Weight":1,"CFrame":[-0.9694889783859253,0.2525174021720886,0.04613327980041504,0.9236239790916443,-0.38328492641448977,-0.003394251223653555,0.38324594497680666,0.9233089685440064,0.024960815906524659,-0.006433198694139719,-0.024355245754122735,0.9996827244758606],"EasingStyle":"Linear","EasingDirection":"In"},"Right Arm":{"Weight":1,"CFrame":[-0.7997753620147705,0.1450297236442566,0.22260427474975587,-0.07602348178625107,0.6203442215919495,0.7806365489959717,-0.4622896909713745,0.6717448234558106,-0.5788326263427734,-0.8834640383720398,-0.4048851430416107,0.23571036756038667],"EasingStyle":"Linear","EasingDirection":"In"},"Head":{"Weight":1,"CFrame":[1.0803341865539551e-7,7.450580596923828e-9,-1.7881393432617188e-7,0.9676728844642639,0.16779428720474244,-0.18829308450222016,-0.15635481476783753,0.9849135279655457,0.07415325194597244,0.1978948563337326,-0.042315565049648288,0.9793095588684082],"EasingStyle":"Linear","EasingDirection":"In"},"Right Leg":{"Weight":1,"CFrame":[0.5688375234603882,-0.2506260871887207,0.0430145263671875,0.14497420191764832,0.9877328276634216,0.05802098661661148,-0.9410960674285889,0.11954914778470993,0.31630077958106997,0.3054843842983246,-0.10045885294675827,0.946882963180542],"EasingStyle":"Linear","EasingDirection":"In"},"Torso":{"Weight":1,"CFrame":[0.19877317547798158,-0.0764148086309433,-0.31374025344848635,0.9900239706039429,-0.10980643332004547,0.08828994631767273,0.11814889311790467,0.9883846640586853,-0.09558548778295517,-0.07676853239536286,0.10506328195333481,0.9914979934692383],"EasingStyle":"Linear","EasingDirection":"In"},"HumanoidRootPart":{"Weight":1,"CFrame":[0,0,0,1,0,0,0,1,0,0,0,1],"EasingStyle":"Linear","EasingDirection":"In"},"Left Arm":{"Weight":1,"CFrame":[-0.5372772812843323,-0.2446472942829132,0.24905192852020265,0.29134976863861086,-0.5634562373161316,-0.7730668187141419,0.0403844378888607,-0.8001611828804016,0.5984240770339966,-0.9557638764381409,-0.20557066798210145,-0.21037185192108155],"EasingStyle":"Linear","EasingDirection":"In"}}},{"Time":0.3333333432674408,"poses":{"Left Leg":{"Weight":1,"CFrame":[-0.9211114048957825,0.2083815336227417,0.030085444450378419,0.9351898431777954,-0.3536744713783264,-0.018288280814886094,0.35412728786468508,0.9344354271888733,0.0377417653799057,0.003740844316780567,-0.041772082448005679,0.9991202354431152],"EasingStyle":"Linear","EasingDirection":"In"},"Right Arm":{"Weight":1,"CFrame":[-0.8302335739135742,0.1586446762084961,0.20436561107635499,-0.07674041390419007,0.6569024324417114,0.7500600218772888,-0.4556419551372528,0.6460253000259399,-0.6124067306518555,-0.8868491649627686,-0.38875508308410647,0.2497360110282898],"EasingStyle":"Linear","EasingDirection":"In"},"Head":{"Weight":1,"CFrame":[9.685754776000977e-8,-3.725290298461914e-9,1.1920928955078126e-7,0.9639202356338501,0.1807960569858551,-0.19537317752838136,-0.16922199726104737,0.9827556610107422,0.07453364133834839,0.20547950267791749,-0.03878302872180939,0.9778927564620972],"EasingStyle":"Linear","EasingDirection":"In"},"Right Leg":{"Weight":1,"CFrame":[0.5493941903114319,-0.25336670875549319,0.05134689807891846,0.12929736077785493,0.9913874864578247,0.020812051370739938,-0.945842444896698,0.11700057983398438,0.30280861258506777,0.2977656424045563,-0.058837324380874637,0.9528241753578186],"EasingStyle":"Linear","EasingDirection":"In"},"Torso":{"Weight":1,"CFrame":[0.2056524157524109,-0.061921000480651858,-0.24213480949401856,0.986927330493927,-0.12958428263664246,0.09582570940256119,0.13718494772911073,0.9875096678733826,-0.07749316096305847,-0.08458690345287323,0.08962594717741013,0.9923771619796753],"EasingStyle":"Linear","EasingDirection":"In"},"HumanoidRootPart":{"Weight":1,"CFrame":[0,0,0,1,0,0,0,1,0,0,0,1],"EasingStyle":"Linear","EasingDirection":"In"},"Left Arm":{"Weight":1,"CFrame":[-0.5625902414321899,-0.21667906641960145,0.2521425485610962,0.34671416878700259,-0.5961697101593018,-0.7241345047950745,0.052420005202293399,-0.7585002183914185,0.6495611667633057,-0.9365049600601196,-0.2631711959838867,-0.23173150420188905],"EasingStyle":"Linear","EasingDirection":"In"}}},{"Time":0.36666667461395266,"poses":{"Left Leg":{"Weight":1,"CFrame":[-0.6466407775878906,0.1862972378730774,0.03586280345916748,0.9788581132888794,-0.20251911878585816,-0.028687963262200357,0.20368079841136933,0.9779558181762695,0.04600650072097778,0.018738308921456338,-0.05087701231241226,0.9985291957855225],"EasingStyle":"Linear","EasingDirection":"In"},"Right Arm":{"Weight":1,"CFrame":[-0.8538649678230286,0.16366034746170045,0.19490277767181397,-0.06790290772914887,0.6744847297668457,0.7351596355438232,-0.4500124752521515,0.6369397640228272,-0.6259365677833557,-0.8904370069503784,-0.3733339011669159,0.2602763772010803],"EasingStyle":"Linear","EasingDirection":"In"},"Head":{"Weight":1,"CFrame":[1.0896474123001099e-7,2.2351741790771486e-8,-1.7881393432617188e-7,0.9616293907165527,0.18793919682502747,-0.19986985623836518,-0.1765240579843521,0.9815377593040466,0.07364136725664139,0.21001988649368287,-0.03553386405110359,0.9770512580871582],"EasingStyle":"Linear","EasingDirection":"In"},"Right Leg":{"Weight":1,"CFrame":[0.5429944396018982,-0.2540332078933716,0.04916739463806152,0.12527990341186524,0.9921054244041443,0.005644248332828283,-0.958697497844696,0.11959314346313477,0.25806307792663576,0.255350798368454,-0.03774126619100571,0.9661116003990173],"EasingStyle":"Linear","EasingDirection":"In"},"Torso":{"Weight":1,"CFrame":[0.2086927741765976,-0.04065737873315811,-0.14101719856262208,0.984275758266449,-0.14452266693115235,0.10155995935201645,0.15022878348827363,0.9873379468917847,-0.050944022834300998,-0.09291142225265503,0.06540020555257797,0.9935241937637329],"EasingStyle":"Linear","EasingDirection":"In"},"HumanoidRootPart":{"Weight":1,"CFrame":[0,0,0,1,0,0,0,1,0,0,0,1],"EasingStyle":"Linear","EasingDirection":"In"},"Left Arm":{"Weight":1,"CFrame":[-0.5794560313224793,-0.19848552346229554,0.2533162832260132,0.37774065136909487,-0.6129310131072998,-0.693993866443634,0.058118049055337909,-0.7323516607284546,0.6784420013427734,-0.9240857362747192,-0.29660874605178835,-0.24101656675338746],"EasingStyle":"Linear","EasingDirection":"In"}}},{"Time":0.4000000059604645,"poses":{"Left Leg":{"Weight":1,"CFrame":[-0.26175656914711,0.20340347290039063,0.050301551818847659,0.9994598627090454,0.004057189915329218,-0.03261486068367958,-0.002242484362795949,0.9984569549560547,0.05548662692308426,0.03278961032629013,-0.05538354068994522,0.997926652431488],"EasingStyle":"Linear","EasingDirection":"In"},"Right Arm":{"Weight":1,"CFrame":[-0.8704745769500732,0.16437774896621705,0.19219720363616944,-0.05569743365049362,0.6787676215171814,0.7322378754615784,-0.44866493344306948,0.6381466388702393,-0.6256746649742127,-0.8919628262519836,-0.3633779287338257,0.26899605989456179],"EasingStyle":"Linear","EasingDirection":"In"},"Head":{"Weight":1,"CFrame":[1.19674950838089e-7,-1.1175870895385743e-8,2.384185791015625e-7,0.9608684182167053,0.18996568024158479,-0.20160621404647828,-0.17901191115379334,0.9812517762184143,0.07141277939081192,0.21139241755008698,-0.03252837434411049,0.9768598675727844],"EasingStyle":"Linear","EasingDirection":"In"},"Right Leg":{"Weight":1,"CFrame":[0.5435277223587036,-0.2262331247329712,0.03316831588745117,0.13255992531776429,0.9911742210388184,0.0012706873239949346,-0.9637320637702942,0.12859009206295014,0.23384860157966615,0.23162131011486054,-0.032223619520664218,0.9722722768783569],"EasingStyle":"Linear","EasingDirection":"In"},"Torso":{"Weight":1,"CFrame":[0.20930515229701997,-0.0174810029566288,-0.05380845069885254,0.9822627902030945,-0.15418557822704316,0.10670885443687439,0.1573665738105774,0.9872949719429016,-0.02201003022491932,-0.10195949673652649,0.03841203823685646,0.994046688079834],"EasingStyle":"Linear","EasingDirection":"In"},"HumanoidRootPart":{"Weight":1,"CFrame":[0,0,0,1,0,0,0,1,0,0,0,1],"EasingStyle":"Linear","EasingDirection":"In"},"Left Arm":{"Weight":1,"CFrame":[-0.5882359743118286,-0.19199243187904359,0.253501296043396,0.3874606788158417,-0.618062436580658,-0.6840125322341919,0.059840451925992969,-0.7235442996025086,0.6876794099807739,-0.9199421405792236,-0.3073803782463074,-0.24335977435112],"EasingStyle":"Linear","EasingDirection":"In"}}},{"Time":0.4333333373069763,"poses":{"Left Leg":{"Weight":1,"CFrame":[-0.26095259189605715,0.2595849633216858,0.04184579849243164,0.9993726015090942,-0.016515282914042474,-0.03133275359869003,0.018605291843414308,0.9975370168685913,0.06763031333684921,0.030138613656163217,-0.06817085295915604,0.9972183108329773],"EasingStyle":"Linear","EasingDirection":"In"},"Right Arm":{"Weight":1,"CFrame":[-0.8822762966156006,0.16030055284500123,0.19401991367340089,-0.039068590849637988,0.6702656745910645,0.7410922646522522,-0.45095402002334597,0.6500091552734375,-0.6116605401039124,-0.8916917443275452,-0.3580951988697052,0.2768639624118805],"EasingStyle":"Linear","EasingDirection":"In"},"Head":{"Weight":1,"CFrame":[5.366746336221695e-8,-4.656612873077393e-10,2.384185791015625e-7,0.9612104892730713,0.18962527811527253,-0.20029164850711823,-0.17943499982357026,0.9814146757125855,0.06803196668624878,0.20946981012821198,-0.02945370227098465,0.9773713946342468],"EasingStyle":"Linear","EasingDirection":"In"},"Right Leg":{"Weight":1,"CFrame":[0.5464692711830139,-0.18560874462127686,0.014378070831298828,0.13827326893806458,0.9903925657272339,0.0017465157434344292,-0.9633549451828003,0.13408876955509187,0.23230893909931184,0.22984281182289124,-0.03380461409687996,0.9726405739784241],"EasingStyle":"Linear","EasingDirection":"In"},"Torso":{"Weight":1,"CFrame":[0.20671701431274415,0.0034919511526823045,-0.013148069381713868,0.980906069278717,-0.16044194996356965,0.10991745442152024,0.16096428036689759,0.986951470375061,0.00416306359693408,-0.10915113985538483,0.013609210960566998,0.9939320087432861],"EasingStyle":"Linear","EasingDirection":"In"},"HumanoidRootPart":{"Weight":1,"CFrame":[0,0,0,1,0,0,0,1,0,0,0,1],"EasingStyle":"Linear","EasingDirection":"In"},"Left Arm":{"Weight":1,"CFrame":[-0.5910694599151611,-0.1942281424999237,0.25127625465393069,0.3738352358341217,-0.6153798699378967,-0.6939414739608765,0.06658440828323364,-0.7284520864486694,0.6818534731864929,-0.9251019954681397,-0.3011065125465393,-0.23134630918502809],"EasingStyle":"Linear","EasingDirection":"In"}}},{"Time":0.46666666865348818,"poses":{"Left Leg":{"Weight":1,"CFrame":[-0.25923508405685427,0.31406331062316897,0.03352558612823486,0.9990418553352356,-0.0336664542555809,-0.027965161949396135,0.035692330449819568,0.9965130090713501,0.07541912794113159,0.025328511372208597,-0.07634495943784714,0.9967597723007202],"EasingStyle":"Linear","EasingDirection":"In"},"Right Arm":{"Weight":1,"CFrame":[-0.8901691436767578,0.14646828174591065,0.2026883363723755,-0.011874955147504807,0.6437528729438782,0.7651413679122925,-0.4514150023460388,0.6793309450149536,-0.5785621404647827,-0.8922352194786072,-0.35226672887802126,0.2825326919555664],"EasingStyle":"Linear","EasingDirection":"In"},"Head":{"Weight":1,"CFrame":[7.404014468193054e-8,7.450580596923828e-9,-5.960464477539063e-8,0.9621754288673401,0.18917328119277955,-0.196040540933609,-0.18001307547092439,0.9815994501113892,0.06370212882757187,0.2044840008020401,-0.02600276470184326,0.9785245656967163],"EasingStyle":"Linear","EasingDirection":"In"},"Right Leg":{"Weight":1,"CFrame":[0.5502306818962097,-0.1679401397705078,0.007454633712768555,0.13687175512313844,0.9905647039413452,0.006911247968673706,-0.967229425907135,0.13213472068309785,0.21681272983551026,0.2138538956642151,-0.03636031225323677,0.9761887788772583],"EasingStyle":"Linear","EasingDirection":"In"},"Torso":{"Weight":1,"CFrame":[0.19982892274856568,0.021066822111606599,0.0031561851501464845,0.9803082346916199,-0.16431784629821778,0.10952361673116684,0.16242113709449769,0.9863767623901367,0.026081396266818048,-0.11231719702482224,-0.007778854575008154,0.9936419725418091],"EasingStyle":"Linear","EasingDirection":"In"},"HumanoidRootPart":{"Weight":1,"CFrame":[0,0,0,1,0,0,0,1,0,0,0,1],"EasingStyle":"Linear","EasingDirection":"In"},"Left Arm":{"Weight":1,"CFrame":[-0.5914742350578308,-0.20153391361236573,0.2455735206604004,0.33580881357192995,-0.6066562533378601,-0.72055584192276,0.07955571264028549,-0.7439774870872498,0.6634518504142761,-0.9385645985603333,-0.28011736273765566,-0.20157119631767274],"EasingStyle":"Linear","EasingDirection":"In"}}},{"Time":0.5,"poses":{"Left Leg":{"Weight":1,"CFrame":[-0.2579919397830963,0.3563030958175659,0.0398097038269043,0.9985730051994324,-0.04842456057667732,-0.022519327700138093,0.049953170120716098,0.9960675239562988,0.07317227125167847,0.018887434154748918,-0.07419271767139435,0.9970650672912598],"EasingStyle":"Linear","EasingDirection":"In"},"Right Arm":{"Weight":1,"CFrame":[-0.8923501372337341,0.12047886848449707,0.22300362586975099,0.027592768892645837,0.5932939052581787,0.8045128583908081,-0.4448316991329193,0.7280275821685791,-0.521632730960846,-0.8951890468597412,-0.34347957372665408,0.28400424122810366],"EasingStyle":"Linear","EasingDirection":"In"},"Head":{"Weight":1,"CFrame":[8.195638656616211e-8,3.725290298461914e-9,0,0.9636476635932922,0.1885870099067688,-0.18925705552101136,-0.18066786229610444,0.9818077087402344,0.05841825529932976,0.19683098793029786,-0.02210194244980812,0.9801883101463318],"EasingStyle":"Linear","EasingDirection":"In"},"Right Leg":{"Weight":1,"CFrame":[0.5523331165313721,-0.21762490272521974,0.023030638694763185,0.11384140700101853,0.9933889508247376,0.014782527461647988,-0.9781597852706909,0.10946683585643769,0.1766933649778366,0.173907071352005,-0.034574784338474277,0.9841549396514893],"EasingStyle":"Linear","EasingDirection":"In"},"Torso":{"Weight":1,"CFrame":[0.19026370346546174,0.03490282595157623,0.004660844802856445,0.9806789755821228,-0.16421552002429963,0.10631106793880463,0.1604267805814743,0.9860967397689819,0.04331841319799423,-0.11194655299186707,-0.025426315143704416,0.9933888912200928],"EasingStyle":"Linear","EasingDirection":"In"},"HumanoidRootPart":{"Weight":1,"CFrame":[0,0,0,1,0,0,0,1,0,0,0,1],"EasingStyle":"Linear","EasingDirection":"In"},"Left Arm":{"Weight":1,"CFrame":[-0.5873549580574036,-0.21448755264282227,0.23741018772125245,0.2766227126121521,-0.5890085697174072,-0.7593080401420593,0.08861440420150757,-0.7711393237113953,0.630469560623169,-0.9568842053413391,-0.2416878640651703,-0.1611199527978897],"EasingStyle":"Linear","EasingDirection":"In"}}},{"Time":0.5333333611488342,"poses":{"Left Leg":{"Weight":1,"CFrame":[-0.25336891412734988,0.37760233879089358,0.05080854892730713,0.9980944395065308,-0.06081223115324974,-0.010461085475981236,0.0613807812333107,0.9958389401435852,0.06735977530479431,0.006321256048977375,-0.0678735226392746,0.9976739883422852],"EasingStyle":"Linear","EasingDirection":"In"},"Right Arm":{"Weight":1,"CFrame":[-0.8878529667854309,0.0799294114112854,0.2597661018371582,0.0801311582326889,0.5096008777618408,0.8566713929176331,-0.4238942563533783,0.7952707409858704,-0.43342599272727969,-0.9021599292755127,-0.32840725779533389,0.279742956161499],"EasingStyle":"Linear","EasingDirection":"In"},"Head":{"Weight":1,"CFrame":[7.729977369308472e-8,0,-2.980232238769531e-7,0.9655001163482666,0.18784503638744355,-0.180343359708786,-0.18131688237190247,0.9820396304130554,0.05217690020799637,0.18690547347068788,-0.017677506431937219,0.982218861579895],"EasingStyle":"Linear","EasingDirection":"In"},"Right Leg":{"Weight":1,"CFrame":[0.5545735955238342,-0.3186134099960327,0.05011606216430664,0.07642124593257904,0.9967107772827148,0.026972945779561998,-0.9907575845718384,0.07286865264177323,0.11441055685281754,0.11206880956888199,-0.03546705096960068,0.9930673837661743],"EasingStyle":"Linear","EasingDirection":"In"},"Torso":{"Weight":1,"CFrame":[0.1789303719997406,0.044681183993816379,-0.009295225143432618,0.9822072386741638,-0.15838712453842164,0.10090915113687515,0.15339715778827668,0.986606240272522,0.0554751381278038,-0.10834414511919022,-0.03900890052318573,0.9933478832244873],"EasingStyle":"Linear","EasingDirection":"In"},"HumanoidRootPart":{"Weight":1,"CFrame":[0,0,0,1,0,0,0,1,0,0,0,1],"EasingStyle":"Linear","EasingDirection":"In"},"Left Arm":{"Weight":1,"CFrame":[-0.5765241980552673,-0.2323799431324005,0.22603929042816163,0.19636236131191255,-0.5552948117256165,-0.808139443397522,0.08863593637943268,-0.8107585906982422,0.5786314606666565,-0.9765170812606812,-0.18525166809558869,-0.10998332500457764],"EasingStyle":"Linear","EasingDirection":"In"}}},{"Time":0.5666666626930237,"poses":{"Left Leg":{"Weight":1,"CFrame":[-0.24422109127044679,0.37416672706604006,0.05696713924407959,0.9975793957710266,-0.06916148960590363,0.007224813103675842,0.06854626536369324,0.9955158233642578,0.06518959999084473,-0.011701023206114769,-0.06453653424978256,0.9978467226028442],"EasingStyle":"Linear","EasingDirection":"In"},"Right Arm":{"Weight":1,"CFrame":[-0.878040075302124,0.020503699779510499,0.313198447227478,0.1455647051334381,0.3796950578689575,0.913587749004364,-0.38166046142578127,0.8734971880912781,-0.30222204327583315,-0.912768542766571,-0.3046875298023224,0.2720649838447571],"EasingStyle":"Linear","EasingDirection":"In"},"Head":{"Weight":1,"CFrame":[1.1362135410308838e-7,3.725290298461914e-9,-5.960464477539063e-8,0.9685371518135071,0.18213270604610444,-0.16959819197654725,-0.1770857721567154,0.9831864833831787,0.044553983956575397,0.1748613864183426,-0.01311876717954874,0.9845057129859924],"EasingStyle":"Linear","EasingDirection":"In"},"Right Leg":{"Weight":1,"CFrame":[0.5585086941719055,-0.4122786521911621,0.0702822208404541,0.04450409859418869,0.9981130957603455,0.0423055961728096,-0.99822598695755,0.04275279864668846,0.04143872112035751,0.03955189883708954,-0.044074758887290958,0.9982450008392334],"EasingStyle":"Linear","EasingDirection":"In"},"Torso":{"Weight":1,"CFrame":[0.16721190512180329,0.05045783519744873,-0.04227256774902344,0.983959436416626,-0.15041007101535798,0.0959198996424675,0.14484237134456635,0.9874711632728577,0.06262087821960449,-0.10413695126771927,-0.047723136842250827,0.9934173226356506],"EasingStyle":"Linear","EasingDirection":"In"},"HumanoidRootPart":{"Weight":1,"CFrame":[0,0,0,1,0,0,0,1,0,0,0,1],"EasingStyle":"Linear","EasingDirection":"In"},"Left Arm":{"Weight":1,"CFrame":[-0.5612720251083374,-0.2541784346103668,0.21027255058288575,0.09453125298023224,-0.49503520131111147,-0.8637151718139648,0.07393589615821839,-0.8617132306098938,0.5019800066947937,-0.99277263879776,-0.1113123893737793,-0.0448579303920269],"EasingStyle":"Linear","EasingDirection":"In"}}},{"Time":0.6000000238418579,"poses":{"Left Leg":{"Weight":1,"CFrame":[-0.23104432225227357,0.34652483463287356,0.058298349380493167,0.9968494176864624,-0.0732901468873024,0.0303305946290493,0.07118141651153565,0.995305597782135,0.0655745193362236,-0.03499419242143631,-0.06320896744728089,0.9973865747451782],"EasingStyle":"Linear","EasingDirection":"In"},"Right Arm":{"Weight":1,"CFrame":[-0.8636903762817383,-0.0697830319404602,0.36520862579345705,0.22878892719745637,0.1859113872051239,0.9555587768554688,-0.3193490207195282,0.9416069388389587,-0.10673543810844422,-0.9196042418479919,-0.2807369530200958,0.2747999131679535],"EasingStyle":"Linear","EasingDirection":"In"},"Head":{"Weight":1,"CFrame":[1.2293457984924317e-7,-1.4901161193847657e-8,1.1920928955078126e-7,0.9732450842857361,0.16846764087677003,-0.15624603629112245,-0.1649419516324997,0.9856693148612976,0.03535731881856918,0.15996350347995759,-0.008639807812869549,0.9870851635932922],"EasingStyle":"Linear","EasingDirection":"In"},"Right Leg":{"Weight":1,"CFrame":[0.5664395689964294,-0.4670490026473999,0.07666444778442383,0.02183026634156704,0.9978654980659485,0.06154720112681389,-0.9996182322502136,0.022828679531812669,-0.015564639121294022,-0.01693638600409031,-0.06118398904800415,0.9979828596115112],"EasingStyle":"Linear","EasingDirection":"In"},"Torso":{"Weight":1,"CFrame":[0.15352603793144227,0.05205582082271576,-0.10205960273742676,0.9856993556022644,-0.1423155963420868,0.09023881703615189,0.13681095838546754,0.9884928464889526,0.06453392654657364,-0.09838460385799408,-0.05126538872718811,0.993827223777771],"EasingStyle":"Linear","EasingDirection":"In"},"HumanoidRootPart":{"Weight":1,"CFrame":[0,0,0,1,0,0,0,1,0,0,0,1],"EasingStyle":"Linear","EasingDirection":"In"},"Left Arm":{"Weight":1,"CFrame":[-0.5438889265060425,-0.27885395288467409,0.18892228603363038,-0.027718408033251764,-0.39444196224212649,-0.918502688407898,0.035919953137636188,-0.9186553955078125,0.39342355728149416,-0.9989702701568604,-0.022087572142481805,0.03963202238082886],"EasingStyle":"Linear","EasingDirection":"In"}}},{"Time":0.6333333253860474,"poses":{"Left Leg":{"Weight":1,"CFrame":[-0.20935028791427613,0.30968940258026125,0.03753626346588135,0.9953553080558777,-0.06985343247652054,0.06624535471200943,0.06485430896282196,0.9950852394104004,0.07482834160327912,-0.07114681601524353,-0.07018445432186127,0.9949936866760254],"EasingStyle":"Linear","EasingDirection":"In"},"Right Arm":{"Weight":1,"CFrame":[-0.8434089422225952,-0.1989673674106598,0.39727556705474856,0.33382660150527956,-0.08418259769678116,0.9388680458068848,-0.2248835563659668,0.9601327180862427,0.1660495549440384,-0.915416419506073,-0.26656779646873476,0.30158665776252749],"EasingStyle":"