{"Sequence":[{"Time":0,"poses":{"Left Leg":{"Weight":1,"CFrame":[-0.588445246219635,-0.22929304838180543,-0.14280235767364503,0.6507126092910767,-0.7160504460334778,-0.25267452001571658,0.7391886711120606,0.6734806895256043,-0.004934238735586405,0.17370449006557465,-0.18356338143348695,0.9675388932228088],"EasingStyle":"Linear","EasingDirection":"In"},"Right Arm":{"Weight":1,"CFrame":[0.3036733865737915,-0.24975848197937013,0.4298982322216034,-0.6218925714492798,-0.7159467339515686,-0.3172854483127594,0.5798318386077881,-0.6933044195175171,0.42792996764183047,-0.526350736618042,0.08215410262346268,0.8462895154953003],"EasingStyle":"Linear","EasingDirection":"In"},"Head":{"Weight":1,"CFrame":[-0.005635064095258713,-0.05765557289123535,-0.008531183004379273,0.9188953638076782,-0.3889545500278473,-0.06592408567667008,0.33417364954948428,0.8562429547309876,-0.3939242362976074,0.20966553688049317,0.33994489908218386,0.9167758822441101],"EasingStyle":"Linear","EasingDirection":"In"},"Left Arm":{"Weight":1,"CFrame":[0.5075576305389404,0.37505125999450686,0.4354822635650635,0.7090486884117127,0.32061120867729189,-0.6280596852302551,-0.5617270469665527,0.7952226996421814,-0.2282179892063141,0.42627808451652529,0.5146158337593079,0.7439473867416382],"EasingStyle":"Linear","EasingDirection":"In"},"Torso":{"Weight":1,"CFrame":[0.24937820434570313,0.24434280395507813,-0.17122459411621095,0.862966775894165,0.4761655926704407,0.16898171603679658,-0.5045037269592285,0.8303556442260742,0.23661251366138459,-0.027648216113448144,-0.28944066166877749,0.9567965865135193],"EasingStyle":"Linear","EasingDirection":"In"},"HumanoidRootPart":{"Weight":1,"CFrame":[0,0,0,1,0,0,0,1,0,0,0,1],"EasingStyle":"Linear","EasingDirection":"In"},"Right Leg":{"Weight":1,"CFrame":[-0.21681612730026246,0.13630008697509767,-0.03366875648498535,0.7927283048629761,-0.02410031668841839,-0.6090987324714661,0.22403939068317414,0.9408022165298462,0.25435692071914675,0.566911518573761,-0.3380979001522064,0.7511999607086182],"EasingStyle":"Linear","EasingDirection":"In"}}},{"Time":0.03333333507180214,"poses":{"Left Leg":{"Weight":1,"CFrame":[-0.6022884249687195,-0.23940128087997437,-0.151372492313385,0.6414252519607544,-0.7243355512619019,-0.2528080940246582,0.7487204074859619,0.6628854274749756,0.000382822792744264,0.16730569303035737,-0.18952828645706178,0.9675164818763733],"EasingStyle":"Linear","EasingDirection":"In"},"Right Arm":{"Weight":1,"CFrame":[0.3003934323787689,-0.24843478202819825,0.4301867187023163,-0.611488938331604,-0.7248528003692627,-0.31728556752204897,0.5897831916809082,-0.6848587393760681,0.42792990803718569,-0.5274821519851685,0.07454466074705124,0.8462894558906555],"EasingStyle":"Linear","EasingDirection":"In"},"Head":{"Weight":1,"CFrame":[-0.006638806313276291,-0.057575345039367679,-0.008537530899047852,0.9200060963630676,-0.3876994252204895,-0.05725613981485367,0.3364604711532593,0.8562889099121094,-0.3918721675872803,0.20095635950565339,0.3412601947784424,0.918236255645752],"EasingStyle":"Linear","EasingDirection":"In"},"Left Arm":{"Weight":1,"CFrame":[0.5045150518417358,0.3769349455833435,0.43122726678848269,0.7147036194801331,0.3077879250049591,-0.6280648112297058,-0.5473190546035767,0.8052056431770325,-0.2282223105430603,0.4354774057865143,0.5068631768226624,0.7439417839050293],"EasingStyle":"Linear","EasingDirection":"In"},"Torso":{"Weight":1,"CFrame":[0.259063720703125,0.23858261108398438,-0.17198657989501954,0.8620615601539612,0.47623974084854128,0.1733369082212448,-0.5057481527328491,0.8304480910301209,0.23361238837242127,-0.03269180282950401,-0.2890531122684479,0.9567546844482422],"EasingStyle":"Linear","EasingDirection":"In"},"HumanoidRootPart":{"Weight":1,"CFrame":[0,0,0,1,0,0,0,1,0,0,0,1],"EasingStyle":"Linear","EasingDirection":"In"},"Right Leg":{"Weight":1,"CFrame":[-0.2157798409461975,0.1393216848373413,-0.027533411979675294,0.7927260994911194,-0.023987488821148874,-0.6091057062149048,0.22023965418338777,0.9429985284805298,0.24949577450752259,0.5684012770652771,-0.33193084597587588,0.7528226375579834],"EasingStyle":"Linear","EasingDirection":"In"}}},{"Time":0.06666667014360428,"poses":{"Left Leg":{"Weight":1,"CFrame":[-0.6347339153289795,-0.2596765160560608,-0.16947457194328309,0.6190578937530518,-0.7434785962104797,-0.25299617648124697,0.7710459232330322,0.636579692363739,0.01596289500594139,0.14918415248394013,-0.20495368540287019,0.9673358201980591],"EasingStyle":"Linear","EasingDirection":"In"},"Right Arm":{"Weight":1,"CFrame":[0.2883039116859436,-0.24836724996566773,0.43203204870224,-0.5855574011802673,-0.7459573149681091,-0.3172856867313385,0.613558292388916,-0.6636433601379395,0.42793020606040957,-0.5297821164131165,0.05590438470244408,0.8462897539138794],"EasingStyle":"Linear","EasingDirection":"In"},"Head":{"Weight":1,"CFrame":[-0.009687526151537896,-0.05749891698360443,-0.008644044399261475,0.9216539263725281,-0.38641735911369326,-0.03515985980629921,0.34435969591140749,0.8563542366027832,-0.38480380177497866,0.17880414426326753,0.3425482213497162,0.9223288297653198],"EasingStyle":"Linear","EasingDirection":"In"},"Left Arm":{"Weight":1,"CFrame":[0.4965718984603882,0.3785635232925415,0.41849568486213686,0.7270301580429077,0.2774081528186798,-0.6280701160430908,-0.5129210948944092,0.8275415897369385,-0.22822663187980653,0.4564421474933624,0.48807790875434878,0.74393630027771],"EasingStyle":"Linear","EasingDirection":"In"},"Torso":{"Weight":1,"CFrame":[0.28545379638671877,0.22424697875976563,-0.17596912384033204,0.8591866493225098,0.4763193130493164,0.18686462938785554,-0.5094118714332581,0.8305371403694153,0.22518372535705567,-0.047938648611307147,-0.28866586089134219,0.9562291502952576],"EasingStyle":"Linear","EasingDirection":"In"},"HumanoidRootPart":{"Weight":1,"CFrame":[0,0,0,1,0,0,0,1,0,0,0,1],"EasingStyle":"Linear","EasingDirection":"In"},"Right Leg":{"Weight":1,"CFrame":[-0.21333757042884828,0.14295649528503419,-0.013964414596557618,0.7927428483963013,-0.023954933509230615,-0.609085202217102,0.21013511717319489,0.948715090751648,0.23618479073047639,0.5721904635429382,-0.3152238726615906,0.7571210265159607],"EasingStyle":"Linear","EasingDirection":"In"}}},{"Time":0.10000000149011612,"poses":{"Left Leg":{"Weight":1,"CFrame":[-0.672897458076477,-0.2758635878562927,-0.18546748161315919,0.591698408126831,-0.7654945254325867,-0.25280556082725527,0.7970350980758667,0.6025412082672119,0.04099028930068016,0.12094782292842865,-0.2257489413022995,0.9666484594345093],"EasingStyle":"Linear","EasingDirection":"In"},"Right Arm":{"Weight":1,"CFrame":[0.26383650302886965,-0.2552618980407715,0.4366776943206787,-0.552203893661499,-0.7709737420082092,-0.3172854483127594,0.642134964466095,-0.636033833026886,0.42793008685112,-0.5317272543907166,0.03256436809897423,0.8462893962860107],"EasingStyle":"Linear","EasingDirection":"In"},"Head":{"Weight":1,"CFrame":[-0.014810210093855858,-0.057660311460494998,-0.009019166231155396,0.9212403297424316,-0.38895443081855776,-0.005528200417757034,0.359284907579422,0.8562427759170532,-0.37116390466690066,0.14909932017326356,0.3399450480937958,0.9285512566566467],"EasingStyle":"Linear","EasingDirection":"In"},"Left Arm":{"Weight":1,"CFrame":[0.48548561334609988,0.373984158039093,0.39738157391548159,0.7396198511123657,0.24187560379505158,-0.6280595660209656,-0.47223198413848879,0.8514189720153809,-0.2282181680202484,0.47954127192497256,0.4653843939304352,0.7439473867416382],"EasingStyle":"Linear","EasingDirection":"In"},"Torso":{"Weight":1,"CFrame":[0.3245277404785156,0.20576858520507813,-0.18556499481201173,0.8538613319396973,0.4761655926704407,0.21020761132240296,-0.5152791738510132,0.8303555846214294,0.21212470531463624,-0.073540598154068,-0.28944069147109988,0.95436692237854],"EasingStyle":"Linear","EasingDirection":"In"},"HumanoidRootPart":{"Weight":1,"CFrame":[0,0,0,1,0,0,0,1,0,0,0,1],"EasingStyle":"Linear","EasingDirection":"In"},"Right Leg":{"Weight":1,"CFrame":[-0.21045154333114625,0.13851583003997804,0.00007104873657226563,0.7928155064582825,-0.02440381981432438,-0.6089728474617004,0.19542549550533296,0.9566168189048767,0.21608714759349824,0.5772804021835327,-0.29032573103904726,0.7631895542144775],"EasingStyle":"Linear","EasingDirection":"In"}}},{"Time":0.13333334028720857,"poses":{"Left Leg":{"Weight":1,"CFrame":[-0.7269496321678162,-0.28509455919265749,-0.19663642346858979,0.5596362352371216,-0.7906474471092224,-0.24836337566375733,0.8241201043128967,0.5625327229499817,0.06620270758867264,0.08736972510814667,-0.24173089861869813,0.9664020538330078],"EasingStyle":"Linear","EasingDirection":"In"},"Right Arm":{"Weight":1,"CFrame":[0.17533785104751588,-0.289003849029541,0.42678719758987429,-0.48833131790161135,-0.8129346966743469,-0.31728556752204897,0.6912639737129211,-0.5822629332542419,0.42792990803718569,-0.532622754573822,-0.010356574319303036,0.8462893962860107],"EasingStyle":"Linear","EasingDirection":"In"},"Head":{"Weight":1,"CFrame":[-0.02157614193856716,-0.05811804533004761,-0.009803414344787598,0.9138750433921814,-0.4051032066345215,0.026901673525571824,0.3886314034461975,0.853695809841156,-0.3466545343399048,0.11746501922607422,0.3272537589073181,0.9376070499420166],"EasingStyle":"Linear","EasingDirection":"In"},"Left Arm":{"Weight":1,"CFrame":[0.47300589084625246,0.3588373064994812,0.3691962957382202,0.748564600944519,0.21262146532535554,-0.628047525882721,-0.4383910298347473,0.8693295121192932,-0.2282087653875351,0.4974583685398102,0.446159303188324,0.7439605593681336],"EasingStyle":"Linear","EasingDirection":"In"},"Torso":{"Weight":1,"CFrame":[0.3871116638183594,0.18821334838867188,-0.21149468421936036,0.8458364605903626,0.475637286901474,0.24151581525802613,-0.5225346088409424,0.829846978187561,0.19573356211185456,-0.10732300579547882,-0.2917589843273163,0.9504517316818237],"EasingStyle":"Linear","EasingDirection":"In"},"HumanoidRootPart":{"Weight":1,"CFrame":[0,0,0,1,0,0,0,1,0,0,0,1],"EasingStyle":"Linear","EasingDirection":"In"},"Right Leg":{"Weight":1,"CFrame":[-0.20709159970283509,0.12213015556335449,0.010311722755432129,0.7920854091644287,-0.03219791501760483,-0.6095605492591858,0.18845616281032563,0.9627227187156677,0.19403423368930818,0.5805903077125549,-0.2685670256614685,0.7686263918876648],"EasingStyle":"Linear","EasingDirection":"In"}}},{"Time":0.1666666716337204,"poses":{"Left Leg":{"Weight":1,"CFrame":[-0.7845041751861572,-0.28717881441116335,-0.20413607358932496,0.5325231552124023,-0.8115056157112122,-0.24057933688163758,0.8442424535751343,0.5296042561531067,0.0823073759675026,0.060618799179792407,-0.24693749845027924,0.967133641242981],"EasingStyle":"Linear","EasingDirection":"In"},"Right Arm":{"Weight":1,"CFrame":[0.03984725475311279,-0.3254019320011139,0.3935145139694214,-0.4013718366622925,-0.8592036366462708,-0.3172856569290161,0.7479329109191895,-0.5074176788330078,0.42793014645576479,-0.5286754369735718,-0.06554915755987168,0.8462895750999451],"EasingStyle":"Linear","EasingDirection":"In"},"Head":{"Weight":1,"CFrame":[-0.02774081379175186,-0.058346956968307498,-0.010675609111785889,0.9004996418952942,-0.43086665868759158,0.05877752602100372,0.426287442445755,0.8479508757591248,-0.3150535225868225,0.08590580523014069,0.30876171588897707,0.947252631187439],"EasingStyle":"Linear","EasingDirection":"In"},"Left Arm":{"Weight":1,"CFrame":[0.460905522108078,0.337657630443573,0.3404221534729004,0.754457950592041,0.19064460694789887,-0.6280514001846314,-0.4127919673919678,0.8817726373672485,-0.22821201384067536,0.5102906823158264,0.43143078684806826,0.7439565658569336],"EasingStyle":"Linear","EasingDirection":"In"},"Torso":{"Weight":1,"CFrame":[0.456787109375,0.1744384765625,-0.24602246284484864,0.8375518918037415,0.47532176971435549,0.2693997025489807,-0.528619647026062,0.8296216130256653,0.17969268560409547,-0.13808788359165193,-0.2929118275642395,0.9461156129837036],"EasingStyle":"Linear","EasingDirection":"In"},"HumanoidRootPart":{"Weight":1,"CFrame":[0,0,0,1,0,0,0,1,0,0,0,1],"EasingStyle":"Linear","EasingDirection":"In"},"Right Leg":{"Weight":1,"CFrame":[-0.2037864327430725,0.1029963493347168,0.016386687755584718,0.7899789214134216,-0.04712623730301857,-0.6113206744194031,0.19376231729984284,0.9651347398757935,0.17598794400691987,0.5817127823829651,-0.257477343082428,0.7715669274330139],"EasingStyle":"Linear","EasingDirection":"In"}}},{"Time":0.20000000298023225,"poses":{"Left Leg":{"Weight":1,"CFrame":[-0.8123990893363953,-0.2816944718360901,-0.2063164860010147,0.5252593755722046,-0.8174822330474854,-0.23627454042434693,0.8495004177093506,0.519907534122467,0.08969556540250778,0.04951618239283562,-0.2478284239768982,0.9675377607345581],"EasingStyle":"Linear","EasingDirection":"In"},"Right Arm":{"Weight":1,"CFrame":[-0.032160550355911258,-0.33656516671180727,0.3717418611049652,-0.35691869258880618,-0.8786007761955261,-0.3172857463359833,0.7728971838951111,-0.46851471066474917,0.42792990803718569,-0.5246326923370361,-0.09249310940504074,0.8462893962860107],"EasingStyle":"Linear","EasingDirection":"In"},"Head":{"Weight":1,"CFrame":[-0.030646543949842454,-0.057657837867736819,-0.010912090539932251,0.888992190361023,-0.44951045513153078,0.0873703584074974,0.45450344681739809,0.8428713083267212,-0.2880885601043701,0.05585690215229988,0.295818567276001,0.9536097645759583],"EasingStyle":"Linear","EasingDirection":"In"},"Left Arm":{"Weight":1,"CFrame":[0.4514290392398834,0.31833600997924807,0.31924712657928469,0.7586601376533508,0.17313674092292787,-0.6280596852302551,-0.3922884464263916,0.8910816311836243,-0.2282181680202484,0.5201395153999329,0.41952046751976015,0.7439473867416382],"EasingStyle":"Linear","EasingDirection":"In"},"Torso":{"Weight":1,"CFrame":[0.4889678955078125,0.16572952270507813,-0.26254773139953616,0.8334280848503113,0.4761655628681183,0.28047117590904238,-0.5311315059661865,0.830355703830719,0.16854910552501679,-0.15263356268405915,-0.2894406318664551,0.9449482560157776],"EasingStyle":"Linear","EasingDirection":"In"},"HumanoidRootPart":{"Weight":1,"CFrame":[0,0,0,1,0,0,0,1,0,0,0,1],"EasingStyle":"Linear","EasingDirection":"In"},"Right Leg":{"Weight":1,"CFrame":[-0.2021244764328003,0.0918264389038086,0.01813378930091858,0.7877007722854614,-0.05899154767394066,-0.6132273077964783,0.20089246332645417,0.9655899405479431,0.16516122221946717,0.5823829174041748,-0.253290057182312,0.7724467515945435],"EasingStyle":"Linear","EasingDirection":"In"}}},{"Time":0.23333333432674409,"poses":{"Left Leg":{"Weight":1,"CFrame":[-0.8124876022338867,-0.27588874101638796,-0.2063414603471756,0.5333056449890137,-0.8121222853660584,-0.23673444986343385,0.8444074392318726,0.5278213620185852,0.09154468774795532,0.050607722252607349,-0.24872148036956788,0.9672521352767944],"EasingStyle":"Linear","EasingDirection":"In"},"Right Arm":{"Weight":1,"CFrame":[-0.027470648288726808,-0.33158379793167117,0.3719191551208496,-0.3502534031867981,-0.8812790513038635,-0.31728553771972659,0.776423990726471,-0.4626469314098358,0.4279300272464752,-0.5239169597625732,-0.09646423906087876,0.8462895154953003],"EasingStyle":"Linear","EasingDirection":"In"},"Head":{"Weight":1,"CFrame":[-0.030206434428691865,-0.056036725640296939,-0.01035308837890625,0.882821798324585,-0.45624879002571108,0.11163662374019623,0.4687563180923462,0.8406640291213989,-0.2712044417858124,0.029887819662690164,0.2917554974555969,0.9560260772705078],"EasingStyle":"Linear","EasingDirection":"In"},"Left Arm":{"Weight":1,"CFrame":[0.44573676586151125,0.30590832233428957,0.30830398201942446,0.7619779706001282,0.1578800231218338,-0.6280637383460999,-0.37433522939682009,0.8987705707550049,-0.2282208949327469,0.5284536480903626,0.4090054929256439,0.7439432740211487],"EasingStyle":"Linear","EasingDirection":"In"},"Torso":{"Weight":1,"CFrame":[0.478912353515625,0.16086196899414063,-0.2578318119049072,0.8341823220252991,0.47837740182876589,0.27439939975738528,-0.5305797457695007,0.8318673372268677,0.16273275017738343,-0.15041621029376985,-0.28133952617645266,0.9477463960647583],"EasingStyle":"Linear","EasingDirection":"In"},"HumanoidRootPart":{"Weight":1,"CFrame":[0,0,0,1,0,0,0,1,0,0,0,1],"EasingStyle":"Linear","EasingDirection":"In"},"Right Leg":{"Weight":1,"CFrame":[-0.2016151249408722,0.09198153018951416,0.018055617809295656,0.7862106561660767,-0.06536279618740082,-0.6144921779632568,0.20606398582458497,0.9652063250541687,0.16098003089427949,0.5825895071029663,-0.25318869948387148,0.7723242044448853],"EasingStyle":"Linear","EasingDirection":"In"}}},{"Time":0.2666666805744171,"poses":{"Left Leg":{"Weight":1,"CFrame":[-0.807621955871582,-0.27249985933303835,-0.2072049230337143,0.5434656143188477,-0.8049495816230774,-0.23812133073806764,0.8376230597496033,0.538628876209259,0.09092096984386444,0.0550721101462841,-0.24886813759803773,0.9669705629348755],"EasingStyle":"Linear","EasingDirection":"In"},"Right Arm":{"Weight":1,"CFrame":[-0.013512104749679566,-0.3212171792984009,0.3710191249847412,-0.33550161123275759,-0.8869999647140503,-0.31728553771972659,0.784034252166748,-0.449629008769989,0.42792993783950808,-0.5222346782684326,-0.10519181936979294,0.8462895154953003],"EasingStyle":"Linear","EasingDirection":"In"},"Head":{"Weight":1,"CFrame":[-0.02870936691761017,-0.054201483726501468,-0.009588122367858887,0.8789640665054321,-0.4586416780948639,0.1306532919406891,0.47678670287132265,0.839490532875061,-0.2606346607208252,0.009855829179286957,0.2913820445537567,0.9565560817718506],"EasingStyle":"Linear","EasingDirection":"In"},"Left Arm":{"Weight":1,"CFrame":[0.4428988993167877,0.2990831732749939,0.30321845412254336,0.7644544839859009,0.14541858434677125,-0.6280631422996521,-0.35961097478866579,0.9047625660896301,-0.22822044789791108,0.535060703754425,0.40032264590263369,0.7439437508583069],"EasingStyle":"Linear","EasingDirection":"In"},"Torso":{"Weight":1,"CFrame":[0.4584999084472656,0.15727996826171876,-0.24918484687805177,0.8362924456596375,0.4809872806072235,0.2631850242614746,-0.5293264985084534,0.833411455154419,0.15886729955673219,-0.14292824268341065,-0.27217036485671999,0.9515749216079712],"EasingStyle":"Linear","EasingDirection":"In"},"HumanoidRootPart":{"Weight":1,"CFrame":[0,0,0,1,0,0,0,1,0,0,0,1],"EasingStyle":"Linear","EasingDirection":"In"},"Right Leg":{"Weight":1,"CFrame":[-0.20108330249786378,0.09680831432342529,0.018247008323669435,0.7850202322006226,-0.07066568732261658,-0.6154265403747559,0.2117384970188141,0.964245080947876,0.159368634223938,0.5821601748466492,-0.2554168999195099,0.7719143629074097],"EasingStyle":"Linear","EasingDirection":"In"}}},{"Time":0.30000001192092898,"poses":{"Left Leg":{"Weight":1,"CFrame":[-0.8017072677612305,-0.26988017559051516,-0.20805220305919648,0.5532174110412598,-0.7978402972221375,-0.23958739638328553,0.8308777809143066,0.5491638779640198,0.08978264033794403,0.05994031950831413,-0.2487368881702423,0.9667148590087891],"EasingStyle":"Linear","EasingDirection":"In"},"Right Arm":{"Weight":1,"CFrame":[0.0007799267768859863,-0.31047940254211428,0.3697257936000824,-0.32065707445144656,-0.8924736976623535,-0.3172857165336609,0.7914263010025024,-0.43648645281791689,0.42793017625808718,-0.5204072594642639,-0.11388950794935227,0.8462896347045898],"EasingStyle":"Linear","EasingDirection":"In"},"Head":{"Weight":1,"CFrame":[-0.02716021239757538,-0.05254143476486206,-0.008891671895980835,0.8770025372505188,-0.45867401361465456,0.14312657713890077,0.48047685623168948,0.8390331268310547,-0.25527632236480715,-0.0029994919896125795,0.2926468253135681,0.956216037273407],"EasingStyle":"Linear","EasingDirection":"In"},"Left Arm":{"Weight":1,"CFrame":[0.442335307598114,0.2961980104446411,0.3016986548900604,0.7660077214241028,0.13701100647449494,-0.6280612945556641,-0.3496466875076294,0.9086601734161377,-0.22821898758411408,0.5394257307052612,0.3944169580936432,0.7439463138580322],"EasingStyle":"Linear","EasingDirection":"In"},"Torso":{"Weight":1,"CFrame":[0.4382362365722656,0.15436935424804688,-0.24048066139221192,0.8383933305740356,0.4832359254360199,0.25215044617652895,-0.5280405282974243,0.8347906470298767,0.15587836503982545,-0.13516682386398316,-0.26383304595947268,0.9550508856773377],"EasingStyle":"Linear","EasingDirection":"In"},"HumanoidRootPart":{"Weight":1,"CFrame":[0,0,0,1,0,0,0,1,0,0,0,1],"EasingStyle":"Linear","EasingDirection":"In"},"Right Leg":{"Weight":1,"CFrame":[-0.20072638988494874,0.10208356380462647,0.01839989423751831,0.7839982509613037,-0.07500717788934708,-0.6162149906158447,0.2167445421218872,0.9632742404937744,0.15850739181041718,0.5816947221755981,-0.2578304708003998,0.7714625597000122],"EasingStyle":"Linear","EasingDirection":"In"}}},{"Time":0.3333333432674408,"poses":{"Left Leg":{"Weight":1,"CFrame":[-0.7989590764045715,-0.2664940357208252,-0.2081470638513565,0.5598441362380981,-0.7929970026016235,-0.24027183651924134,0.826266884803772,0.5560184717178345,0.09014705568552017,0.06210900470614433,-0.24899670481681825,0.9665107131004334],"EasingStyle":"Linear","EasingDirection":"In"},"Right Arm":{"Weight":1,"CFrame":[0.0065000057220458988,-0.30527445673942568,0.36927855014801028,-0.3138875961303711,-0.8948769569396973,-0.3172856271266937,0.7947098612785339,-0.43047890067100527,0.42792996764183047,-0.5195295214653015,-0.11782821267843247,0.8462895750999451],"EasingStyle":"Linear","EasingDirection":"In"},"Head":{"Weight":1,"CFrame":[-0.026563569903373719,-0.05142343044281006,-0.008504778146743775,0.8763938546180725,-0.45839154720306399,0.14768585562705995,0.48153674602508547,0.838851273059845,-0.2538731098175049,-0.007513250224292278,0.2936089038848877,0.9558961987495422],"EasingStyle":"Linear","EasingDirection":"In"},"Left Arm":{"Weight":1,"CFrame":[0.4433252811431885,0.29577749967575076,0.30143383145332339,0.7665541172027588,0.13392648100852967,-0.6280598044395447,-0.3459845781326294,0.9100611209869385,-0.22821809351444245,0.5410081744194031,0.3922404944896698,0.743947446346283],"EasingStyle":"Linear","EasingDirection":"In"},"Torso":{"Weight":1,"CFrame":[0.42864990234375,0.1515350341796875,-0.23543286323547364,0.839296281337738,0.4844982922077179,0.24666422605514527,-0.5273637771606445,0.8358020186424255,0.1527172327041626,-0.13217122852802277,-0.25825682282447817,0.9569922685623169],"EasingStyle":"Linear","EasingDirection":"In"},"HumanoidRootPart":{"Weight":1,"CFrame":[0,0,0,1,0,0,0,1,0,0,0,1],"EasingStyle":"Linear","EasingDirection":"In"},"Right Leg":{"Weight":1,"CFrame":[-0.20064523816108704,0.10358166694641113,0.018345773220062257,0.7830308675765991,-0.07851006090641022,-0.6170081496238709,0.21993198990821839,0.9628649950027466,0.156592458486557,0.5818012356758118,-0.258316308259964,0.7712197303771973],"EasingStyle":"Linear","EasingDirection":"In"}}},{"Time":0.36666667461395266,"poses":{"Left Leg":{"Weight":1,"CFrame":[-0.8041839003562927,-0.26882946491241457,-0.21245113015174867,0.5595746040344238,-0.7932707667350769,-0.2399963140487671,0.8265387415885925,0.5554332733154297,0.09125474095344544,0.06091223284602165,-0.24943025410175324,0.9664753675460815],"EasingStyle":"Linear","EasingDirection":"In"},"Right Arm":{"Weight":1,"CFrame":[-0.0002511143684387207,-0.30886170268058779,0.37033799290657046,-0.3228051960468292,-0.8916575908660889,-0.31740203499794009,0.7899156212806702,-0.43854525685310366,0.4286154806613922,-0.5213732719421387,-0.11236148327589035,0.8458989858627319],"EasingStyle":"Linear","EasingDirection":"In"},"Head":{"Weight":1,"CFrame":[-0.026801053434610368,-0.05089445412158966,-0.008395731449127198,0.8803426027297974,-0.45992332696914675,0.11604870110750199,0.4735487103462219,0.8380589485168457,-0.2709413468837738,0.027356430888175966,0.29347580671310427,0.9555751085281372],"EasingStyle":"Linear","EasingDirection":"In"},"Left Arm":{"Weight":1,"CFrame":[0.4533536732196808,0.3072742819786072,0.31189674139022829,0.7635811567306519,0.14995118975639344,-0.6280597448348999,-0.3649681508541107,0.9026154279708862,-0.22821803390979768,0.5326746106147766,0.40348467230796816,0.7439475059509277],"EasingStyle":"Linear","EasingDirection":"In"},"Torso":{"Weight":1,"CFrame":[0.43375396728515627,0.14739608764648438,-0.23471379280090333,0.8391487002372742,0.48491567373275759,0.24634572863578797,-0.5272926688194275,0.8363710045814514,0.14982040226459504,-0.13338617980480195,-0.2556179165840149,0.9575320482254028],"EasingStyle":"Linear","EasingDirection":"In"},"HumanoidRootPart":{"Weight":1,"CFrame":[0,0,0,1,0,0,0,1,0,0,0,1],"EasingStyle":"Linear","EasingDirection":"In"},"Right Leg":{"Weight":1,"CFrame":[-0.2002895176410675,0.10643219947814942,0.021292686462402345,0.7822179794311523,-0.08109243959188461,-0.6177046895027161,0.22164766490459443,0.9628453850746155,0.15427614748477937,0.5822435021400452,-0.2575899660587311,0.7711290121078491],"EasingStyle":"Linear","EasingDirection":"In"}}},{"Time":0.4000000059604645,"poses":{"Left Leg":{"Weight":1,"CFrame":[-0.8151175379753113,-0.2785223126411438,-0.22214750945568086,0.5536500811576843,-0.797659695148468,-0.2391887903213501,0.8307397365570068,0.5489832162857056,0.0921335220336914,0.05781928822398186,-0.24971309304237367,0.9665920734405518],"EasingStyle":"Linear","EasingDirection":"In"},"Right Arm":{"Weight":1,"CFrame":[-0.012834250926971436,-0.3174811005592346,0.37238723039627077,-0.34357112646102908,-0.8838016390800476,-0.3175753951072693,0.7786749601364136,-0.4571306109428406,0.42976370453834536,-0.5249990820884705,-0.0996335968375206,0.8452510833740234],"EasingStyle":"Linear","EasingDirection":"In"},"Head":{"Weight":1,"CFrame":[-0.027300860732793809,-0.0507257878780365,-0.00842207670211792,0.8851959109306336,-0.4629620611667633,0.045766882598400119,0.4534517526626587,0.8366345763206482,-0.3072856068611145,0.10397131741046906,0.29276084899902346,0.9505161046981812],"EasingStyle":"Linear","EasingDirection":"In"},"Left Arm":{"Weight":1,"CFrame":[0.4723900258541107,0.33234965801239016,0.3343152403831482,0.7558224201202393,0.18513230979442597,-0.6280598044395447,-0.4063541293144226,0.8847557306289673,-0.22821812331676484,0.5134289264678955,0.4277070164680481,0.7439475059509277],"EasingStyle":"Linear","EasingDirection":"In"},"Torso":{"Weight":1,"CFrame":[0.4479331970214844,0.14187240600585938,-0.236008882522583,0.8385673761367798,0.48503321409225466,0.2480880320072174,-0.5275794267654419,0.8365614414215088,0.14773297309875489,-0.13588550686836244,-0.2547702491283417,0.9574065208435059],"EasingStyle":"Linear","EasingDirection":"In"},"HumanoidRootPart":{"Weight":1,"CFrame":[0,0,0,1,0,0,0,1,0,0,0,1],"EasingStyle":"Linear","EasingDirection":"In"},"Right Leg":{"Weight":1,"CFrame":[-0.19938895106315614,0.11399173736572266,0.02788984775543213,0.7817400693893433,-0.08261676877737045,-0.6181077361106873,0.22239094972610475,0.9629479646682739,0.15255610644817353,0.5826019644737244,-0.25672057271003725,0.7711480855941773],"EasingStyle":"Linear","EasingDirection":"In"}}},{"Time":0.4333333373069763,"poses":{"Left Leg":{"Weight":1,"CFrame":[-0.8257184028625488,-0.28711116313934328,-0.23063433170318604,0.5467104911804199,-0.8028283715248108,-0.2378537356853485,0.8356499075889587,0.5410845875740051,0.09442951530218125,0.052888404577970508,-0.2503879964351654,0.9667000770568848],"EasingStyle":"Linear","EasingDirection":"In"},"Right Arm":{"Weight":1,"CFrame":[-0.024201691150665284,-0.32713207602500918,0.37515872716903689,-0.36724674701690676,-0.8742237687110901,-0.31758832931518557,0.7659311890602112,-0.47796496748924258,0.429999440908432,-0.5277120471000671,-0.08533491939306259,0.8451261520385742],"EasingStyle":"Linear","EasingDirection":"In"},"Head":{"Weight":1,"CFrame":[-0.028353288769721986,-0.05090536177158356,-0.00862172245979309,0.8844917416572571,-0.46590274572372439,-0.02468380331993103,0.43047836422920229,0.8353524804115295,-0.3418690860271454,0.17989756166934968,0.29175448417663576,0.9394236207008362],"EasingStyle":"Linear","EasingDirection":"In"},"Left Arm":{"Weight":1,"CFrame":[0.48930150270462038,0.35748016834259035,0.3545129895210266,0.7464433908462524,0.21991686522960664,-0.6280595064163208,-0.4468691647052765,0.8649998903274536,-0.22821815311908723,0.4930823743343353,0.45101261138916018,0.7439473867416382],"EasingStyle":"Linear","EasingDirection":"In"},"Torso":{"Weight":1,"CFrame":[0.4673042297363281,0.13630294799804688,-0.23839306831359864,0.8371277451515198,0.4848877489566803,0.2531820833683014,-0.5284782648086548,0.8363721370697022,0.14557580649852754,-0.14116644859313966,-0.25566673278808596,0.9564030170440674],"EasingStyle":"Linear","EasingDirection":"In"},"HumanoidRootPart":{"Weight":1,"CFrame":[0,0,0,1,0,0,0,1,0,0,0,1],"EasingStyle":"Linear","EasingDirection":"In"},"Right Leg":{"Weight":1,"CFrame":[-0.19833391904830934,0.11922085285186768,0.03426629304885864,0.7816171646118164,-0.08312413841485977,-0.6181949377059937,0.22119183838367463,0.9636108875274658,0.150094673037529,0.5832229852676392,-0.25405630469322207,0.7715610265731812],"EasingStyle":"Linear","EasingDirection":"In"}}},{"Time":0.46666666865348818,"poses":{"Left Leg":{"Weight":1,"CFrame":[-0.8304039239883423,-0.28667962551116946,-0.23127424716949464,0.543209433555603,-0.8057647943496704,-0.2359389364719391,0.8383262157440186,0.5359880328178406,0.09962917119264603,0.04618309065699577,-0.2519133388996124,0.9666475057601929],"EasingStyle":"Linear","EasingDirection":"In"},"Right Arm":{"Weight":1,"CFrame":[-0.027401655912399293,-0.33445245027542117,0.3785882294178009,-0.3852030336856842,-0.8665729761123657,-0.31728580594062807,0.7573084831237793,-0.4933152198791504,0.42792996764183047,-0.5273545384407044,-0.07544314116239548,0.8462896943092346],"EasingStyle":"Linear","EasingDirection":"In"},"Head":{"Weight":1,"CFrame":[-0.030272141098976136,-0.05142584443092346,-0.009053468704223633,0.8823357820510864,-0.46720823645591738,-0.05657455325126648,0.4191587567329407,0.834813117980957,-0.35692232847213747,0.21398623287677766,0.29121133685112,0.9324193000793457],"EasingStyle":"Linear","EasingDirection":"In"},"Left Arm":{"Weight":1,"CFrame":[0.49557754397392275,0.3683021068572998,0.3602904677391052,0.7416741847991943,0.23550143837928773,-0.6280596852302551,-0.46488699316978457,0.8554510474205017,-0.22821803390979768,0.4835285246372223,0.46124038100242617,0.7439477443695068],"EasingStyle":"Linear","EasingDirection":"In"},"Torso":{"Weight":1,"CFrame":[0.4880561828613281,0.13205337524414063,-0.24074101448059083,0.8343532085418701,0.4844982624053955,0.2628999948501587,-0.5302273035049439,0.8358020186424255,0.1424577236175537,-0.1507117748260498,-0.25825682282447817,0.9542480707168579],"EasingStyle":"Linear","EasingDirection":"In"},"HumanoidRootPart":{"Weight":1,"CFrame":[0,0,0,1,0,0,0,1,0,0,0,1],"EasingStyle":"Linear","EasingDirection":"In"},"Right Leg":{"Weight":1,"CFrame":[-0.19756481051445008,0.1148216724395752,0.036849334836006168,0.7818741798400879,-0.0826619490981102,-0.6179320216178894,0.2169923335313797,0.9652788043022156,0.1454344540834427,0.5844547748565674,-0.24779793620109559,0.7726637125015259],"EasingStyle":"Linear","EasingDirection":"In"}}},{"Time":0.5,"poses":{"Left Leg":{"Weight":1,"CFrame":[-0.8290963172912598,-0.27818745374679568,-0.22420454025268556,0.5420506000518799,-0.8072964549064636,-0.2333541214466095,0.8395607471466065,0.5322480797767639,0.10885750502347946,0.036322157829999927,-0.2549212872982025,0.9662797451019287],"EasingStyle":"Linear","EasingDirection":"In"},"Right Arm":{"Weight":1,"CFrame":[-0.01889893412590027,-0.3390389084815979,0.3850743770599365,-0.4019961953163147,-0.862147331237793,-0.30838504433631899,0.7526823282241821,-0.5029342770576477,0.4248841404914856,-0.5214101672172546,-0.06131422147154808,0.8511008024215698],"EasingStyle":"Linear","EasingDirection":"In"},"Head":{"Weight":1,"CFrame":[-0.033099208027124408,-0.0523325651884079,-0.00977104902267456,0.8832293152809143,-0.46672460436820986,-0.04554932564496994,0.4238296151161194,0.836056113243103,-0.3483950197696686,0.2006862759590149,0.28840747475624087,0.936240553855896],"EasingStyle":"Linear","EasingDirection":"In"},"Left Arm":{"Weight":1,"CFrame":[0.49192214012145998,0.3610319495201111,0.35115107893943789,0.7419403791427612,0.23451362550258637,-0.6281148791313171,-0.46381518244743349,0.8560210466384888,-0.22826161980628968,0.4841492474079132,0.46068570017814639,0.743887722492218],"EasingStyle":"Linear","EasingDirection":"In"},"Torso":{"Weight":1,"CFrame":[0.5097084045410156,0.128631591796875,-0.2431318759918213,0.8297349810600281,0.4841670095920563,0.27770912647247317,-0.5332611203193665,0.8345800042152405,0.13823534548282624,-0.16484148800373078,-0.26279014348983767,0.9506675004959106],"EasingStyle":"Linear","EasingDirection":"In"},"HumanoidRootPart":{"Weight":1,"CFrame":[0,0,0,1,0,0,0,1,0,0,0,1],"EasingStyle":"Linear","EasingDirection":"In"},"Right Leg":{"Weight":1,"CFrame":[-0.19662371277809144,0.10101199150085449,0.03608807921409607,0.7829234600067139,-0.08070775866508484,-0.6168606877326965,0.20855197310447694,0.9682239294052124,0.13801631331443788,0.5861203670501709,-0.23670364916324616,0.7748773097991943],"EasingStyle":"Linear","EasingDirection":"In"}}},{"Time":0.5333333611488342,"poses":{"Left Leg":{"Weight":1,"CFrame":[-0.8262748718261719,-0.26924699544906618,-0.2157915234565735,0.5399215221405029,-0.8095282912254334,-0.2305411994457245,0.8413609862327576,0.5270051956176758,0.11990538984537125,0.024429960176348687,-0.2587079107761383,0.9656469821929932],"EasingStyle":"Linear","EasingDirection":"In"},"Right Arm":{"Weight":1,"CFrame":[-0.004224151372909546,-0.34252727031707766,0.39409196376800539,-0.4227724075317383,-0.8588212728500366,-0.2892921268939972,0.7484261393547058,-0.5108850598335266,0.42291250824928286,-0.511001467704773,-0.03771808370947838,0.8587522506713867],"EasingStyle":"Linear","EasingDirection":"In"},"Head":{"Weight":1,"CFrame":[-0.03614233806729317,-0.05344313383102417,-0.010637730360031128,0.884646475315094,-0.4657788574695587,-0.021244071424007417,0.4336796700954437,0.8387044072151184,-0.32938921451568606,0.17124003171920777,0.2821797728538513,0.9439553618431091],"EasingStyle":"Linear","EasingDirection":"In"},"Left Arm":{"Weight":1,"CFrame":[0.4851396679878235,0.3456631302833557,0.3369196653366089,0.7427495718002319,0.2316851168870926,-0.628208339214325,-0.4606625437736511,0.8577032089233398,-0.22833161056041718,0.48591527342796328,0.45898544788360598,0.7437871694564819],"EasingStyle":"Linear","EasingDirection":"In"},"Torso":{"Weight":1,"CFrame":[0.5311012268066406,0.1251678466796875,-0.2459862232208252,0.8241278529167175,0.4840851426124573,0.2940666377544403,-0.5370195508003235,0.8328641653060913,0.1339680701494217,-0.1800655871629715,-0.2683262825012207,0.946349561214447],"EasingStyle":"Linear","EasingDirection":"In"},"HumanoidRootPart":{"Weight":1,"CFrame":[0,0,0,1,0,0,0,1,0,0,0,1],"EasingStyle":"Linear","EasingDirection":"In"},"Right Leg":{"Weight":1,"CFrame":[-0.1951429843902588,0.08575272560119629,0.035040393471717837,0.7846420407295227,-0.07760531455278397,-0.6150725483894348,0.1978417932987213,0.9716027975082398,0.12979480624198914,0.5875336527824402,-0.22352948784828187,0.7777141332626343],"EasingStyle":"Linear","EasingDirection":"In"}}},{"Time":0.5666666626930237,"poses":{"Left Leg":{"Weight":1,"CFrame":[-0.8233848214149475,-0.26209551095962527,-0.2087147831916809,0.5378725528717041,-0.8115505576133728,-0.22820866107940675,0.8429043292999268,0.5223227739334106,0.12919563055038453,0.014350187964737416,-0.2618488669395447,0.9650023579597473],"EasingStyle":"Linear","EasingDirection":"In"},"Right Arm":{"Weight":1,"CFrame":[0.00975799560546875,-0.3448515236377716,0.4015958309173584,-0.4402691721916199,-0.8562878966331482,-0.2700643837451935,0.7454438209533691,-0.516261100769043,0.4216490089893341,-0.5004765391349793,-0.015678761526942254,0.8656083345413208],"EasingStyle":"Linear","EasingDirection":"In"},"Head":{"Weight":1,"CFrame":[-0.03856363520026207,-0.05437324941158295,-0.011384308338165284,0.8853068351745606,-0.46499741077423098,0.0030992552638053896,0.44293227791786196,0.8412305116653442,-0.31006911396980288,0.14157411456108094,0.2758791148662567,0.9507089853286743],"EasingStyle":"Linear","EasingDirection":"In"},"Left Arm":{"Weight":1,"CFrame":[0.4772787094116211,0.3283063769340515,0.32200121879577639,0.744111955165863,0.22721512615680695,-0.6282289028167725,-0.4555189311504364,0.8604428172111511,-0.2283426821231842,0.4886722266674042,0.4560825526714325,0.7437665462493897],"EasingStyle":"Linear","EasingDirection":"In"},"Torso":{"Weight":1,"CFrame":[0.5474166870117188,0.12244033813476563,-0.2484581470489502,0.819246232509613,0.4841689169406891,0.3072722256183624,-0.5402762293815613,0.8312886953353882,0.1306176483631134,-0.19219091534614564,-0.27301985025405886,0.9426148533821106],"EasingStyle":"Linear","EasingDirection":"In"},"HumanoidRootPart":{"Weight":1,"CFrame":[0,0,0,1,0,0,0,1,0,0,0,1],"EasingStyle":"Linear","EasingDirection":"In"},"Right Leg":{"Weight":1,"CFrame":[-0.19372326135635377,0.07339096069335938,0.0340280681848526,0.7862793207168579,-0.07474727183580399,-0.6133333444595337,0.18863576650619508,0.9743028879165649,0.12308749556541443,0.5883721113204956,-0.21247762441635133,0.780174195766449],"EasingStyle":"Linear","EasingDirection":"In"}}},{"Time":0.6000000238418579,"poses":{"Left Leg":{"Weight":1,"CFrame":[-0.8219044804573059,-0.2591184973716736,-0.2055409550666809,0.5369823575019836,-0.812475323677063,-0.22701102495193482,0.8435350656509399,0.5203122496604919,0.13313210010528565,0.009950351901352406,-0.26298144459724429,0.964749813079834],"EasingStyle":"Linear","EasingDirection":"In"},"Right Arm":{"Weight":1,"CFrame":[0.016026198863983156,-0.34595662355422976,0.40408748388290408,-0.44763705134391787,-0.8552442789077759,-0.26111042499542239,0.74472576379776,-0.5181881785392761,0.4205531179904938,-0.49497994780540469,-0.006200551521033049,0.8688825368881226],"EasingStyle":"Linear","EasingDirection":"In"},"Head":{"Weight":1,"CFrame":[-0.03954280540347099,-0.054774269461631778,-0.01170438528060913,0.8853567242622376,-0.46469685435295107,0.014167092740535736,0.4469367265701294,0.8423370718955994,-0.3011913597583771,0.12802927196025849,0.27299362421035769,0.9534586668014526],"EasingStyle":"Linear","EasingDirection":"In"},"Left Arm":{"Weight":1,"CFrame":[0.47074705362319949,0.3149171471595764,0.3110044002532959,0.7460351586341858,0.22129815816879273,-0.6280596256256104,-0.4484695494174957,0.864171028137207,-0.22821809351444245,0.4922467768192291,0.4519243538379669,0.7439475655555725],"EasingStyle":"Linear","EasingDirection":"In"},"Torso":{"Weight":1,"CFrame":[0.5539131164550781,0.12130355834960938,-0.24951481819152833,0.8170325756072998,0.48443183302879336,0.3127039670944214,-0.5418586730957031,0.8304771780967712,0.12921682000160218,-0.19709672033786775,-0.275015652179718,0.9410204291343689],"EasingStyle":"Linear","EasingDirection":"In"},"HumanoidRootPart":{"Weight":1,"CFrame":[0,0,0,1,0,0,0,1,0,0,0,1],"EasingStyle":"Linear","EasingDirection":"In"},"Right Leg":{"Weight":1,"CFrame":[-0.192842036485672,0.06826519966125488,0.03361603617668152,0.7871356010437012,-0.07357018440961838,-0.61237633228302,0.18473544716835023,0.9754015207290649,0.12027090787887573,0.5884643793106079,-0.20779700577259065,0.7813643217086792],"EasingStyle":"Linear","EasingDirection":"In"}}},{"Time":0.6333333253860474,"poses":{"Left Leg":{"Weight":1,"CFrame":[-0.8240322470664978,-0.2560081481933594,-0.2059657871723175,0.540610671043396,-0.8101728558540344,-0.22662848234176637,0.8412075042724609,0.5239534974098206,0.13357892632484437,0.010520917363464833,-0.26285576820373537,0.964777946472168],"EasingStyle":"Linear","EasingDirection":"In"},"Right Arm":{"Weight":1,"CFrame":[0.006879836320877075,-0.345099538564682,0.4021178185939789,-0.43875163793563845,-0.8603023290634155,-0.2595715820789337,0.7502310872077942,-0.5096873641014099,0.4211561381816864,-0.49462175369262698,-0.009955703280866146,0.869051456451416],"EasingStyle":"Linear","EasingDirection":"In"},"Head":{"Weight":1,"CFrame":[-0.03944772854447365,-0.05395154654979706,-0.011447221040725708,0.8852128386497498,-0.46505919098854067,0.010871775448322297,0.4461553692817688,0.8421504497528076,-0.3028673231601715,0.1316954344511032,