{"Sequence":[{"Time":0,"poses":{"Left Leg":{"Weight":1,"CFrame":[-0.4722350239753723,0.3349490165710449,0.22987127304077149,0.8749334216117859,-0.24849030375480653,0.41562479734420779,0.22986148297786714,0.9685570001602173,0.09519019722938538,-0.42621010541915896,0.012251082807779312,0.9045412540435791],"EasingStyle":"Linear","EasingDirection":"In"},"Right Arm":{"Weight":1,"CFrame":[0.005081705749034882,0.0016360878944396973,-0.0034896135330200197,0.8639645576477051,0.06725728511810303,-0.49904096126556399,0.005235318560153246,0.9897867441177368,0.14246025681495667,0.5035255551338196,-0.12569324672222138,0.8547884821891785],"EasingStyle":"Linear","EasingDirection":"In"},"Left Arm":{"Weight":1,"CFrame":[0.04111236333847046,-0.20229953527450562,0.26782214641571047,0.4146997332572937,0.743387758731842,-0.5247846245765686,-0.6819954514503479,0.635714054107666,0.3615933656692505,0.6024171113967896,0.20794810354709626,0.7706174850463867],"EasingStyle":"Linear","EasingDirection":"In"},"Head":{"Weight":1,"CFrame":[8.568167686462403e-8,1.4901161193847657e-8,0.0166623592376709,0.9814838767051697,-0.18049608170986176,-0.06411372125148773,0.1851503998041153,0.979758620262146,0.07610799372196198,0.049078814685344699,-0.08656952530145645,0.9950361847877502],"EasingStyle":"Linear","EasingDirection":"In"},"Torso":{"Weight":1,"CFrame":[0.028122007846832277,-0.14960187673568726,-0.31519532203674319,0.9805762767791748,0.19313597679138184,0.034188322722911838,-0.1839178204536438,0.9659690856933594,-0.18187355995178224,-0.06815119087696076,0.1720530241727829,0.9827275276184082],"EasingStyle":"Linear","EasingDirection":"In"},"HumanoidRootPart":{"Weight":0,"CFrame":[0,0,0,1,0,0,0,1,0,0,0,1],"EasingStyle":"Linear","EasingDirection":"In"},"Right Leg":{"Weight":1,"CFrame":[0.6159416437149048,0.2954036593437195,0.01999223232269287,0.9949337244033814,0.09411346167325974,-0.03534994646906853,-0.09440426528453827,0.9955118298530579,-0.006645361427217722,0.034565962851047519,0.009948818944394589,0.9993529319763184],"EasingStyle":"Linear","EasingDirection":"In"}}},{"Time":0.03333333507180214,"poses":{"Left Leg":{"Weight":1,"CFrame":[-0.4135698080062866,0.3581985831260681,0.2695883512496948,0.8518193364143372,-0.19748282432556153,0.4851849675178528,0.1885896921157837,0.9797215461730957,0.0676727443933487,-0.48871034383773806,0.03385596722364426,0.8717889785766602],"EasingStyle":"Linear","EasingDirection":"In"},"Right Arm":{"Weight":1,"CFrame":[0.013944804668426514,-0.012783259153366089,0.020087480545043947,0.8330982327461243,0.0882781445980072,-0.54603511095047,-0.006771815940737724,0.9887357950210571,0.1495179533958435,0.5530836582183838,-0.12086554616689682,0.8243118524551392],"EasingStyle":"Linear","EasingDirection":"In"},"Left Arm":{"Weight":1,"CFrame":[0.02514660358428955,-0.1379459798336029,0.20746970176696778,0.23508839309215547,0.9057195782661438,-0.35271188616752627,-0.7323663830757141,0.40364351868629458,0.5483714938163757,0.6390406489372253,0.12939850986003877,0.7582103610038757],"EasingStyle":"Linear","EasingDirection":"In"},"Head":{"Weight":1,"CFrame":[5.587935447692871e-8,4.842877388000488e-8,0.016662120819091798,0.9808630347251892,-0.18094219267368318,-0.07188735157251358,0.1894255429506302,0.9722191691398621,0.13750633597373963,0.04500948637723923,-0.14849211275577546,0.987888753414154],"EasingStyle":"Linear","EasingDirection":"In"},"Torso":{"Weight":1,"CFrame":[0.025711558759212495,-0.18543413281440736,-0.34838390350341799,0.9768084287643433,0.21189852058887483,0.03073005937039852,-0.199762761592865,0.9535585641860962,-0.22543542087078095,-0.07707232981920243,0.21406853199005128,0.9737733602523804],"EasingStyle":"Linear","EasingDirection":"In"},"HumanoidRootPart":{"Weight":0,"CFrame":[0,0,0,1,0,0,0,1,0,0,0,1],"EasingStyle":"Linear","EasingDirection":"In"},"Right Leg":{"Weight":1,"CFrame":[0.5859276056289673,0.3074965476989746,0.04936361312866211,0.9968112111091614,0.036968473345041278,-0.07071546465158463,-0.03953519091010094,0.9985963702201843,-0.035246580839157107,0.06931326538324356,0.03792991489171982,0.9968736171722412],"EasingStyle":"Linear","EasingDirection":"In"}}},{"Time":0.06666667014360428,"poses":{"Left Leg":{"Weight":1,"CFrame":[-0.36460942029953005,0.3614623546600342,0.29820215702056887,0.8382747769355774,-0.12959709763526917,0.529622495174408,0.13665106892585755,0.9902772307395935,0.02602977864444256,-0.5278463959693909,0.050553418695926669,0.847834050655365],"EasingStyle":"Linear","EasingDirection":"In"},"Right Arm":{"Weight":1,"CFrame":[0.02953772246837616,-0.050330132246017459,0.07977604866027832,0.7684141397476196,-0.15802401304244996,-0.6201356053352356,0.18288713693618775,0.9828450083732605,-0.02383369579911232,0.6132633686065674,-0.0951007828116417,0.7841325402259827],"EasingStyle":"Linear","EasingDirection":"In"},"Left Arm":{"Weight":1,"CFrame":[-0.008930951356887818,-0.002210468053817749,0.08591139316558838,-0.274530827999115,0.9280598759651184,0.25166988372802737,-0.6060045957565308,-0.37019217014312746,0.7040712237358093,0.7465863823890686,0.040776174515485767,0.6640376448631287],"EasingStyle":"Linear","EasingDirection":"In"},"Head":{"Weight":1,"CFrame":[1.3783574104309083e-7,-9.96515154838562e-8,0.016662120819091798,0.9785251021385193,-0.19147427380084992,-0.07633014023303986,0.20400160551071168,0.9526373147964478,0.2255343347787857,0.029530834406614305,-0.23626239597797395,0.9712405204772949],"EasingStyle":"Linear","EasingDirection":"In"},"Torso":{"Weight":1,"CFrame":[0.018525976687669755,-0.24218428134918214,-0.38747644424438479,0.966917872428894,0.2542559802532196,0.020585207268595697,-0.2371695190668106,0.9257770776748657,-0.2944275736808777,-0.09391727298498154,0.27980512380599978,0.9554520845413208],"EasingStyle":"Linear","EasingDirection":"In"},"HumanoidRootPart":{"Weight":0,"CFrame":[0,0,0,1,0,0,0,1,0,0,0,1],"EasingStyle":"Linear","EasingDirection":"In"},"Right Leg":{"Weight":1,"CFrame":[0.6264921426773071,0.3643167018890381,-0.007849037647247315,0.9989200234413147,-0.04201740771532059,0.019829554483294488,0.042552649974823,0.9987186789512634,-0.02739308774471283,-0.018653126433491708,0.028207261115312578,0.9994280934333801],"EasingStyle":"Linear","EasingDirection":"In"}}},{"Time":0.10000000149011612,"poses":{"Left Leg":{"Weight":1,"CFrame":[-0.4511092007160187,0.40438181161880495,0.32260990142822268,0.8278442621231079,-0.20322012901306153,0.5228532552719116,0.20213714241981507,0.9775242805480957,0.059891488403081897,-0.5232729315757752,0.056107282638549808,0.8503161072731018],"EasingStyle":"Linear","EasingDirection":"In"},"Right Arm":{"Weight":1,"CFrame":[0.058936700224876407,-0.10766103863716126,0.15577960014343263,0.663183331489563,-0.42283138632774355,-0.6175770163536072,0.4087863862514496,0.8958194851875305,-0.17435938119888307,0.6269622445106506,-0.13682489097118379,0.7669402956962586],"EasingStyle":"Linear","EasingDirection":"In"},"Left Arm":{"Weight":1,"CFrame":[-0.031613558530807498,0.14654427766799928,-0.009745597839355469,-0.6467830538749695,0.257175087928772,0.7180060744285584,-0.0641384869813919,-0.9564386606216431,0.28480082750320437,0.759972333908081,0.13815249502658845,0.6351030468940735],"EasingStyle":"Linear","EasingDirection":"In"},"Head":{"Weight":1,"CFrame":[6.891787052154541e-8,-3.818422555923462e-8,0.016661882400512697,0.9723896384239197,-0.22834984958171845,-0.04811366647481918,0.23328128457069398,0.9456839561462402,0.2264106720685959,-0.006200541742146015,-0.23138336837291718,0.9728429913520813],"EasingStyle":"Linear","EasingDirection":"In"},"Torso":{"Weight":1,"CFrame":[0.012533873319625855,-0.24635213613510133,-0.3730428218841553,0.9536471366882324,0.30071601271629336,0.011271324008703232,-0.2837093472480774,0.9109402894973755,-0.2994944155216217,-0.10033024102449417,0.28241416811943056,0.9540315866470337],"EasingStyle":"Linear","EasingDirection":"In"},"HumanoidRootPart":{"Weight":0,"CFrame":[0,0,0,1,0,0,0,1,0,0,0,1],"EasingStyle":"Linear","EasingDirection":"In"},"Right Leg":{"Weight":1,"CFrame":[0.6913491487503052,0.4046476483345032,-0.054335951805114749,0.9969522953033447,-0.029147479683160783,0.07236490398645401,0.029686713591217996,0.9995388984680176,-0.00638736505061388,-0.07214530557394028,0.008516174741089344,0.9973577857017517],"EasingStyle":"Linear","EasingDirection":"In"}}},{"Time":0.13333334028720857,"poses":{"Left Leg":{"Weight":1,"CFrame":[-0.6846330165863037,0.42698097229003909,0.30825579166412356,0.7535567879676819,-0.4644712507724762,0.4652080535888672,0.4118598997592926,0.8851330280303955,0.2165890783071518,-0.5123704671859741,0.02838839963078499,0.8582952618598938],"EasingStyle":"Linear","EasingDirection":"In"},"Right Arm":{"Weight":1,"CFrame":[0.10554544627666474,-0.1777879297733307,0.23155605792999268,0.5748434662818909,-0.6066405773162842,-0.5491284728050232,0.6303485631942749,0.7562055587768555,-0.17553864419460298,0.5217429399490356,-0.24523517489433289,0.8170949220657349],"EasingStyle":"Linear","EasingDirection":"In"},"Left Arm":{"Weight":1,"CFrame":[0.006785213947296143,0.25656336545944216,-0.02838069200515747,-0.7287542819976807,-0.38955768942832949,0.5631714463233948,0.42191535234451296,-0.9032043218612671,-0.07879924029111862,0.5393557548522949,0.1801852136850357,0.8225743174552918],"EasingStyle":"Linear","EasingDirection":"In"},"Head":{"Weight":1,"CFrame":[8.940696716308594e-8,-2.60770320892334e-8,0.016662001609802247,0.9574402570724487,-0.28556427359580996,0.04196809604763985,0.2828919291496277,0.9572807550430298,0.05988167226314545,-0.05727536603808403,-0.04546066373586655,0.9973228573799133],"EasingStyle":"Linear","EasingDirection":"In"},"Torso":{"Weight":1,"CFrame":[0.015361303463578225,-0.15829074382781983,-0.2315230369567871,0.9398499727249146,0.3413652777671814,0.012320980429649353,-0.332780659198761,0.9231604337692261,-0.19243672490119935,-0.07706545293331146,0.1767614781856537,0.9812320470809937],"EasingStyle":"Linear","EasingDirection":"In"},"HumanoidRootPart":{"Weight":0,"CFrame":[0,0,0,1,0,0,0,1,0,0,0,1],"EasingStyle":"Linear","EasingDirection":"In"},"Right Leg":{"Weight":1,"CFrame":[0.7306873202323914,0.36463165283203127,0.08684992790222168,0.9794458150863648,0.16022294759750367,-0.1225333958864212,-0.16310714185237885,0.9865117073059082,-0.013815338723361493,0.11866706609725952,0.033517446368932727,0.9923683404922485],"EasingStyle":"Linear","EasingDirection":"In"}}},{"Time":0.1666666716337204,"poses":{"Left Leg":{"Weight":1,"CFrame":[-0.8616921305656433,0.2883015275001526,0.24942505359649659,0.6517625451087952,-0.671075701713562,0.35336005687713625,0.5664835572242737,0.7405408024787903,0.36151841282844546,-0.5042837858200073,-0.03545137494802475,0.8628100752830505],"EasingStyle":"Linear","EasingDirection":"In"},"Right Arm":{"Weight":1,"CFrame":[0.1661231964826584,-0.25274601578712466,0.2916322946548462,0.48104268312454226,-0.7434138655662537,-0.4646869897842407,0.8240711092948914,0.5643017888069153,-0.04970304295420647,0.29917359352111819,-0.35902565717697146,0.8840789794921875],"EasingStyle":"Linear","EasingDirection":"In"},"Left Arm":{"Weight":1,"CFrame":[0.06714944541454315,0.33686572313308718,0.00031816959381103516,-0.6833409070968628,-0.7089859843254089,0.1743108332157135,0.7028764486312866,-0.7034242153167725,-0.10563632845878601,0.19750912487506867,0.050333172082901,0.9790080785751343],"EasingStyle":"Linear","EasingDirection":"In"},"Head":{"Weight":1,"CFrame":[1.0058283805847168e-7,-1.7695128917694093e-8,0.016662240028381349,0.945203423500061,-0.3065345287322998,0.11237090080976486,0.31710371375083926,0.943863570690155,-0.09255671501159668,-0.07769101858139038,0.12311811000108719,0.9893462657928467],"EasingStyle":"Linear","EasingDirection":"In"},"Torso":{"Weight":1,"CFrame":[0.01663418859243393,-0.07387280464172363,-0.029810428619384767,0.9180410504341126,0.3963219225406647,0.011383628472685814,-0.3938070833683014,0.9147952795028687,-0.08980841189622879,-0.04600672796368599,0.07796485722064972,0.9958940148353577],"EasingStyle":"Linear","EasingDirection":"In"},"HumanoidRootPart":{"Weight":0,"CFrame":[0,0,0,1,0,0,0,1,0,0,0,1],"EasingStyle":"Linear","EasingDirection":"In"},"Right Leg":{"Weight":1,"CFrame":[0.6054201722145081,0.33261948823928835,0.26060009002685549,0.873295783996582,0.2733621299266815,-0.4032711982727051,-0.27203500270843508,0.960297703742981,0.06184910982847214,0.4041674733161926,0.05569123104214668,0.9129880666732788],"EasingStyle":"Linear","EasingDirection":"In"}}},{"Time":0.20000000298023225,"poses":{"Left Leg":{"Weight":1,"CFrame":[-0.7755693197250366,0.13310658931732179,0.20382702350616456,0.6938129663467407,-0.6586127281188965,0.2912951707839966,0.5519747138023377,0.7461366653442383,0.37229543924331667,-0.4625445604324341,-0.09751585870981217,0.8812168836593628],"EasingStyle":"Linear","EasingDirection":"In"},"Right Arm":{"Weight":1,"CFrame":[0.23904983699321748,-0.32519882917404177,0.32109642028808596,0.336493581533432,-0.8516960740089417,-0.4017287492752075,0.9416351914405823,0.3087420165538788,0.134169802069664,0.009758632630109787,-0.4234292209148407,0.905876636505127],"EasingStyle":"Linear","EasingDirection":"In"},"Left Arm":{"Weight":1,"CFrame":[0.0809941440820694,0.4286085367202759,0.03335285186767578,-0.6228445172309876,-0.7646281123161316,-0.1655559241771698,0.7705250978469849,-0.6361882090568543,0.0394429974257946,-0.13548396527767182,-0.10299812257289887,0.9854114055633545],"EasingStyle":"Linear","EasingDirection":"In"},"Head":{"Weight":1,"CFrame":[1.1082738637924194e-7,-1.816079020500183e-8,0.016661524772644044,0.9598121643066406,-0.2721394896507263,0.06856168061494827,0.2765474021434784,0.9587315917015076,-0.06599605828523636,-0.0477721206843853,0.08230440318584442,0.9954615831375122],"EasingStyle":"Linear","EasingDirection":"In"},"Torso":{"Weight":1,"CFrame":[-0.0005429498851299286,-0.08642765879631043,0.16619372367858888,0.8737091422080994,0.4863051176071167,-0.011819420382380486,-0.48473185300827029,0.868328869342804,-0.1050715446472168,-0.04083368554711342,0.09753122180700302,0.9943944215774536],"EasingStyle":"Linear","EasingDirection":"In"},"HumanoidRootPart":{"Weight":0,"CFrame":[0,0,0,1,0,0,0,1,0,0,0,1],"EasingStyle":"Linear","EasingDirection":"In"},"Right Leg":{"Weight":1,"CFrame":[0.3773875832557678,0.32028836011886599,0.2618563175201416,0.8286769390106201,0.14602889120578767,-0.5403425693511963,-0.11425205320119858,0.9891728162765503,0.09210775047540665,0.5479424595832825,-0.014592381194233895,0.8363887667655945],"EasingStyle":"Linear","EasingDirection":"In"}}},{"Time":0.23333333432674409,"poses":{"Left Leg":{"Weight":1,"CFrame":[-0.5886598825454712,0.05174309015274048,0.1636044979095459,0.7623095512390137,-0.5844820737838745,0.2779655456542969,0.4809296429157257,0.798963189125061,0.36106038093566897,-0.4331175684928894,-0.14155785739421845,0.8901520371437073],"EasingStyle":"Linear","EasingDirection":"In"},"Right Arm":{"Weight":1,"CFrame":[0.3312484622001648,-0.39072364568710329,0.3087728023529053,0.09961845725774765,-0.9173032641410828,-0.3855266571044922,0.958693265914917,-0.01526055671274662,0.28403255343437197,-0.26642730832099917,-0.3978967070579529,0.8778921961784363],"EasingStyle":"Linear","EasingDirection":"In"},"Left Arm":{"Weight":1,"CFrame":[-0.022408217191696168,0.5805072784423828,0.02945125102996826,-0.6803202033042908,-0.6470739245414734,-0.344179630279541,0.6331389546394348,-0.7554219365119934,0.16873952746391297,-0.36918774247169497,-0.10311676561832428,0.9236164093017578],"EasingStyle":"Linear","EasingDirection":"In"},"Head":{"Weight":1,"CFrame":[9.685754776000977e-8,1.1548399925231934e-7,0.0166623592376709,0.9847890138626099,-0.17079535126686097,-0.03193039074540138,0.17138563096523286,0.9850617051124573,0.016749264672398568,0.028592729941010476,-0.02196691185235977,0.9993497729301453],"EasingStyle":"Linear","EasingDirection":"In"},"Torso":{"Weight":1,"CFrame":[-0.030211754143238069,-0.12306824326515198,0.2978634834289551,0.7969004511833191,0.6020559668540955,-0.04978298768401146,-0.6019517183303833,0.7843909859657288,-0.14961610734462739,-0.051027946174144748,0.1491960883140564,0.987490177154541],"EasingStyle":"Linear","EasingDirection":"In"},"HumanoidRootPart":{"Weight":0,"CFrame":[0,0,0,1,0,0,0,1,0,0,0,1],"EasingStyle":"Linear","EasingDirection":"In"},"Right Leg":{"Weight":1,"CFrame":[0.20078042149543763,0.2632025480270386,0.18497931957244874,0.8244860768318176,-0.057497188448905948,-0.5629535913467407,0.1092807874083519,0.9922760128974915,0.05870364233851433,0.555229902267456,-0.10992040485143662,0.8244010806083679],"EasingStyle":"Linear","EasingDirection":"In"}}},{"Time":0.2666666805744171,"poses":{"Left Leg":{"Weight":1,"CFrame":[-0.5760995149612427,-0.011250138282775879,0.20864033699035645,0.6589707136154175,-0.6915820837020874,0.29575619101524355,0.5757845640182495,0.7168117165565491,0.3932596445083618,-0.48397281765937807,-0.08885471522808075,0.8705602884292603],"EasingStyle":"Linear","EasingDirection":"In"},"Right Arm":{"Weight":1,"CFrame":[0.43248745799064639,-0.4386269748210907,0.24663245677947999,-0.2260577380657196,-0.8863571286201477,-0.40406543016433718,0.8656290173530579,-0.37302225828170779,0.33397728204727175,-0.4467485547065735,-0.27427276968955996,0.8515810966491699],"EasingStyle":"Linear","EasingDirection":"In"},"Left Arm":{"Weight":1,"CFrame":[-0.27079617977142336,0.8039637804031372,-0.0321996808052063,-0.9058282971382141,-0.27267026901245119,-0.32423150539398196,0.2054862231016159,-0.9520689845085144,0.22658395767211915,-0.37047338485717776,0.13862085342407227,0.9184409379959106],"EasingStyle":"Linear","EasingDirection":"In"},"Head":{"Weight":1,"CFrame":[8.195638656616211e-8,-2.2351741790771486e-8,0.016662120819091798,0.9936507940292358,-0.07147341221570969,-0.08688942342996597,0.07380242645740509,0.9969866871833801,0.02389039471745491,0.08492003381252289,-0.03015129640698433,0.9959315061569214],"EasingStyle":"Linear","EasingDirection":"In"},"Torso":{"Weight":1,"CFrame":[-0.048134803771972659,-0.10379713773727417,0.3327784538269043,0.6818986535072327,0.7278168797492981,-0.07277987152338028,-0.7301834225654602,0.6714974641799927,-0.12618790566921235,-0.04297017306089401,0.13919000327587129,0.9893329739570618],"EasingStyle":"Linear","EasingDirection":"In"},"HumanoidRootPart":{"Weight":0,"CFrame":[0,0,0,1,0,0,0,1,0,0,0,1],"EasingStyle":"Linear","EasingDirection":"In"},"Right Leg":{"Weight":1,"CFrame":[0.23196598887443543,0.3322978615760803,0.15462994575500489,0.8530710935592651,-0.1235157698392868,-0.506964921951294,0.18249571323394776,0.9808443188667297,0.06811542063951493,0.4888404309749603,-0.15062622725963593,0.8592711687088013],"EasingStyle":"Linear","EasingDirection":"In"}}},{"Time":0.30000001192092898,"poses":{"Left Leg":{"Weight":1,"CFrame":[-0.6111038327217102,-0.05092895030975342,0.34553825855255129,0.40497180819511416,-0.8406422734260559,0.3596087396144867,0.6938430666923523,0.5386906266212463,0.47790586948394778,-0.5954657793045044,0.055973559617996219,0.8014284372329712],"EasingStyle":"Linear","EasingDirection":"In"},"Right Arm":{"Weight":1,"CFrame":[0.48302707076072695,-0.44743672013282778,0.14227581024169923,-0.496044397354126,-0.7816765904426575,-0.37804996967315676,0.7181665301322937,-0.61406409740448,0.3273560702800751,-0.48803356289863589,-0.10911975055932999,0.8659771084785461],"EasingStyle":"Linear","EasingDirection":"In"},"Left Arm":{"Weight":1,"CFrame":[-0.535593569278717,0.9499984979629517,-0.08790522813796997,-0.9035544991493225,0.36820507049560549,-0.2191217541694641,-0.4185921549797058,-0.8677499890327454,0.2679380476474762,-0.09148678928613663,0.3338190019130707,0.9381870627403259],"EasingStyle":"Linear","EasingDirection":"In"},"Head":{"Weight":1,"CFrame":[5.21540641784668e-8,2.9802322387695315e-8,0.016661763191223146,0.9666882753372192,-0.23893988132476808,-0.09176930785179138,0.2401154637336731,0.9707426428794861,0.001827720319852233,0.08864766359329224,-0.023802051320672036,0.9957786798477173],"EasingStyle":"Linear","EasingDirection":"In"},"Torso":{"Weight":1,"CFrame":[-0.05413809418678284,-0.0670333206653595,0.31928110122680666,0.5463407635688782,0.8337013125419617,-0.08033711463212967,-0.8372047543525696,0.5407838225364685,-0.08149345964193344,-0.024496207013726236,0.11178182065486908,0.9934307932853699],"EasingStyle":"Linear","EasingDirection":"In"},"HumanoidRootPart":{"Weight":0,"CFrame":[0,0,0,1,0,0,0,1,0,0,0,1],"EasingStyle":"Linear","EasingDirection":"In"},"Right Leg":{"Weight":1,"CFrame":[0.35557615756988528,0.48763370513916018,0.1323791742324829,0.907741129398346,-0.1317124217748642,-0.3983186185359955,0.1735711693763733,0.9822769165039063,0.07074663788080216,0.3819410800933838,-0.13335633277893067,0.9145147800445557],"EasingStyle":"Linear","EasingDirection":"In"}}},{"Time":0.3333333432674408,"poses":{"Left Leg":{"Weight":1,"CFrame":[-0.6341100335121155,-0.041909217834472659,0.4499586820602417,0.17609558999538423,-0.9139451384544373,0.365642786026001,0.7166074514389038,0.3736851215362549,0.5889252424240112,-0.6748807430267334,0.15831533074378968,0.7207443118095398],"EasingStyle":"Linear","EasingDirection":"In"},"Right Arm":{"Weight":1,"CFrame":[0.5158628821372986,-0.44520020484924319,0.02155458927154541,-0.6204130053520203,-0.7386806011199951,-0.26351216435432436,0.662005603313446,-0.6734007000923157,0.3290594816207886,-0.420519083738327,0.029706282541155816,0.9067972302436829],"EasingStyle":"Linear","EasingDirection":"In"},"Left Arm":{"Weight":1,"CFrame":[-0.6804009675979614,0.8633248805999756,-0.06836140155792237,-0.6319097876548767,0.7641477584838867,-0.1294928938150406,-0.7693772912025452,-0.5983100533485413,0.22379393875598908,0.09353474527597428,0.2410462498664856,0.9659957885742188],"EasingStyle":"Linear","EasingDirection":"In"},"Head":{"Weight":1,"CFrame":[8.940696716308594e-8,-7.450580596923828e-8,0.016661643981933595,0.8417098522186279,-0.5324516296386719,-0.0895540863275528,0.5351371765136719,0.8447340130805969,0.007261454127728939,0.07178301364183426,-0.054035842418670657,0.9959555268287659],"EasingStyle":"Linear","EasingDirection":"In"},"Torso":{"Weight":1,"CFrame":[-0.06934607028961182,-0.06488670408725739,0.3096427917480469,0.4281189441680908,0.8983965516090393,-0.09796848148107529,-0.903239369392395,0.4218246042728424,-0.07888378202915192,-0.029543405398726465,0.12226063013076782,0.9920582175254822],"EasingStyle":"Linear","EasingDirection":"In"},"HumanoidRootPart":{"Weight":0,"CFrame":[0,0,0,1,0,0,0,1,0,0,0,1],"EasingStyle":"Linear","EasingDirection":"In"},"Right Leg":{"Weight":1,"CFrame":[0.42156532406806948,0.5918976664543152,0.134149432182312,0.939617395401001,-0.14801491796970368,-0.3085620105266571,0.1603873074054718,0.9869405031204224,0.014975327998399735,0.3023158609867096,-0.0635605975985527,0.9510864019393921],"EasingStyle":"Linear","EasingDirection":"In"}}},{"Time":0.36666667461395266,"poses":{"Left Leg":{"Weight":1,"CFrame":[-0.6894813776016235,0.011036276817321778,0.478371262550354,0.06806497275829315,-0.9435521364212036,0.32415518164634707,0.6816570162773132,0.2812275290489197,0.6754662990570068,-0.7284991145133972,0.17498700320720673,0.6623206734657288],"EasingStyle":"Linear","EasingDirection":"In"},"Right Arm":{"Weight":1,"CFrame":[0.5242578983306885,-0.4313729703426361,-0.08964967727661133,-0.616299569606781,-0.7806314826011658,-0.103872150182724,0.7240463495254517,-0.6135575175285339,0.31512540578842165,-0.30972838401794436,0.11900317668914795,0.9433487057685852],"EasingStyle":"Linear","EasingDirection":"In"},"Left Arm":{"Weight":1,"CFrame":[-0.7269713282585144,0.5875074863433838,-0.018645405769348146,-0.36055395007133486,0.9322448968887329,-0.030336514115333558,-0.9279443025588989,-0.35521769523620608,0.11287109553813935,0.09444741904735565,0.0688464418053627,0.9931464791297913],"EasingStyle":"Linear","EasingDirection":"In"},"Head":{"Weight":1,"CFrame":[5.21540641784668e-8,3.725290298461914e-8,0.016662120819091798,0.6825763583183289,-0.7257824540138245,-0.0856122300028801,0.7302405834197998,0.6819851398468018,0.04055636376142502,0.028951168060302736,-0.09020023792982102,0.995502769947052],"EasingStyle":"Linear","EasingDirection":"In"},"Torso":{"Weight":1,"CFrame":[-0.09467750787734986,-0.09203504025936127,0.2911255359649658,0.36341550946235659,0.922928512096405,-0.12701241672039033,-0.9297747611999512,0.3507133424282074,-0.11188847571611405,-0.058720141649246219,0.15875495970249177,0.9855703115463257],"EasingStyle":"Linear","EasingDirection":"In"},"HumanoidRootPart":{"Weight":0,"CFrame":[0,0,0,1,0,0,0,1,0,0,0,1],"EasingStyle":"Linear","EasingDirection":"In"},"Right Leg":{"Weight":1,"CFrame":[0.4466414749622345,0.6244380474090576,0.18808507919311524,0.9527259469032288,-0.1441635638475418,-0.2674511969089508,0.1280589997768402,0.9887880086898804,-0.07680661231279373,0.27552530169487,0.03892606869339943,0.9605054259300232],"EasingStyle":"Linear","EasingDirection":"In"}}},{"Time":0.4000000059604645,"poses":{"Left Leg":{"Weight":1,"CFrame":[-0.814396858215332,0.11162781715393067,0.4153780937194824,0.1251581609249115,-0.9510473608970642,0.28256741166114809,0.6461006999015808,0.29426661133766177,0.7042451500892639,-0.7529205083847046,0.09442494064569473,0.6513022184371948],"EasingStyle":"Linear","EasingDirection":"In"},"Right Arm":{"Weight":1,"CFrame":[0.4721651077270508,-0.3939669728279114,-0.1632242202758789,-0.4722423851490021,-0.8811245560646057,0.024631042033433915,0.8571507930755615,-0.4525165557861328,0.2460109293460846,-0.20562031865119935,0.13728918135166169,0.9689540266990662],"EasingStyle":"Linear","EasingDirection":"In"},"Left Arm":{"Weight":1,"CFrame":[-0.7422485947608948,0.2216387391090393,-0.01908707618713379,-0.10576188564300537,0.9937472343444824,0.03578877076506615,-0.9932074546813965,-0.10732344537973404,0.0449533574283123,0.0485132597386837,-0.030791539698839189,0.9983478784561157],"EasingStyle":"Linear","EasingDirection":"In"},"Head":{"Weight":1,"CFrame":[8.195638656616211e-8,-4.470348358154297e-8,0.016662001609802247,0.6715289354324341,-0.7374237775802612,-0.07249211519956589,0.7409007549285889,0.6668214201927185,0.080096535384655,-0.010725829750299454,-0.10749658197164536,0.9941476583480835],"EasingStyle":"Linear","EasingDirection":"In"},"Torso":{"Weight":1,"CFrame":[-0.11678263545036316,-0.13348475098609925,0.2328634262084961,0.3759002387523651,0.9141842722892761,-0.15154626965522767,-0.9217786192893982,0.352121502161026,-0.16227960586547852,-0.09499073028564453,0.2006930559873581,0.9750379920005798],"EasingStyle":"Linear","EasingDirection":"In"},"HumanoidRootPart":{"Weight":0,"CFrame":[0,0,0,1,0,0,0,1,0,0,0,1],"EasingStyle":"Linear","EasingDirection":"In"},"Right Leg":{"Weight":1,"CFrame":[0.450880765914917,0.5855578184127808,0.2749061584472656,0.951401948928833,-0.11248104274272919,-0.2866745591163635,0.0646042600274086,0.9830939769744873,-0.1713259071111679,0.30109891295433047,0.14447936415672303,0.9425843954086304],"EasingStyle":"Linear","EasingDirection":"In"}}},{"Time":0.4333333373069763,"poses":{"Left Leg":{"Weight":1,"CFrame":[-0.983792781829834,0.2953839898109436,0.22537922859191895,0.3608543872833252,-0.8985497355461121,0.24978475272655488,0.6126879453659058,0.430329293012619,0.6628953814506531,-0.7031341195106506,-0.08616857975721359,0.7058168649673462],"EasingStyle":"Linear","EasingDirection":"In"},"Right Arm":{"Weight":1,"CFrame":[0.3052193224430084,-0.3288038671016693,-0.17487573623657227,-0.14747871458530427,-0.9886752963066101,0.027770012617111207,0.9807953238487244,-0.14256469905376435,0.1331011950969696,-0.12763482332229615,0.046866271644830707,0.990713357925415],"EasingStyle":"Linear","EasingDirection":"In"},"Left Arm":{"Weight":1,"CFrame":[-0.7585196495056152,-0.1303427517414093,-0.10397082567214966,0.1568988859653473,0.9872685074806213,-0.02614794299006462,-0.9807615876197815,0.15886907279491425,0.1134340912103653,0.11614399403333664,0.007847019471228123,0.9932014346122742],"EasingStyle":"Linear","EasingDirection":"In"},"Head":{"Weight":1,"CFrame":[1.341104507446289e-7,1.4901161193847657e-8,0.01666259765625,0.778570830821991,-0.6243100762367249,-0.06375385820865631,0.6273131370544434,0.7714111804962158,0.10678566992282868,-0.017486946657299997,-0.12313374876976013,0.9922360777854919],"EasingStyle":"Linear","EasingDirection":"In"},"Torso":{"Weight":1,"CFrame":[-0.12093478441238404,-0.17803213000297547,0.11562061309814453,0.46489855647087099,0.8718713521957398,-0.15398024022579194,-0.8768348097801209,0.4293205142021179,-0.21643665432929994,-0.1225980594754219,0.23563630878925324,0.9640774130821228],"EasingStyle":"Linear","EasingDirection":"In"},"HumanoidRootPart":{"Weight":0,"CFrame":[0,0,0,1,0,0,0,1,0,0,0,1],"EasingStyle":"Linear","EasingDirection":"In"},"Right Leg":{"Weight":1,"CFrame":[0.42326611280441286,0.4953097701072693,0.36496853828430178,0.9276415109634399,-0.06735160946846008,-0.3673485517501831,-0.02474641613662243,0.9703583121299744,-0.24040088057518006,0.372651070356369,0.2320963591337204,0.8984779119491577],"EasingStyle":"Linear","EasingDirection":"In"}}},{"Time":0.46666666865348818,"poses":{"Left Leg":{"Weight":1,"CFrame":[-0.9990930557250977,0.5255603790283203,-0.026752710342407228,0.7012850642204285,-0.6851255893707275,0.19698286056518556,0.4928481876850128,0.6656018495559692,0.5604238510131836,-0.5150729417800903,-0.29593411087989809,0.8044394850730896],"EasingStyle":"Linear","EasingDirection":"In"},"Right Arm":{"Weight":1,"CFrame":[0.07015188038349152,-0.24962350726127625,-0.1577281951904297,0.22131642699241639,-0.9711357355117798,-0.0889635682106018,0.9751996397972107,0.22059938311576844,0.01793644204735756,0.002206541830673814,-0.09072684496641159,0.9958734512329102],"EasingStyle":"Linear","EasingDirection":"In"},"Left Arm":{"Weight":1,"CFrame":[-0.6742568016052246,-0.3514464497566223,-0.15051758289337159,0.3391815423965454,0.9205397963523865,-0.19381067156791688,-0.8970390558242798,0.37854447960853579,0.22808995842933656,0.28333187103271487,0.09649165719747544,0.9541553258895874],"EasingStyle":"Linear","EasingDirection":"In"},"Head":{"Weight":1,"CFrame":[1.1920928955078126e-7,1.043081283569336e-7,0.01666259765625,0.8695008158683777,-0.4869052469730377,-0.08301617205142975,0.493905246257782,0.8588213920593262,0.13595420122146607,0.0050992537289857868,-0.15921439230442048,0.9872308969497681],"EasingStyle":"Linear","EasingDirection":"In"},"Torso":{"Weight":1,"CFrame":[-0.10539650917053223,-0.2193196415901184,-0.03594613075256348,0.6057438254356384,0.7845473885536194,-0.13251401484012605,-0.7841364145278931,0.5603912472724915,-0.2666305899620056,-0.13492465019226075,0.2654188871383667,0.954645574092865],"EasingStyle":"Linear","EasingDirection":"In"},"HumanoidRootPart":{"Weight":0,"CFrame":[0,0,0,1,0,0,0,1,0,0,0,1],"EasingStyle":"Linear","EasingDirection":"In"},"Right Leg":{"Weight":1,"CFrame":[0.34342172741889956,0.3745584487915039,0.4362037181854248,0.8705066442489624,-0.032443754374980929,-0.49108612537384035,-0.12056740373373032,0.9533618092536926,-0.2767035961151123,0.47716009616851809,0.30008119344711306,0.8259961009025574],"EasingStyle":"Linear","EasingDirection":"In"}}},{"Time":0.5,"poses":{"Left Leg":{"Weight":1,"CFrame":[-0.8650389909744263,0.5422605276107788,-0.06661969423294068,0.8595916628837586,-0.48375585675239565,0.16456802189350129,0.36234134435653689,0.8041523694992065,0.4712194800376892,-0.3602930009365082,-0.34542644023895266,0.8665273189544678],"EasingStyle":"Linear","EasingDirection":"In"},"Right Arm":{"Weight":1,"CFrame":[-0.16817006468772889,-0.19549083709716798,-0.12998038530349732,0.44180285930633547,-0.8587073683738709,-0.25967666506767275,0.8822026252746582,0.46841442584991457,-0.04802615940570831,0.16287672519683839,-0.2078692466020584,0.9645006656646729],"EasingStyle":"Linear","EasingDirection":"In"},"Left Arm":{"Weight":1,"CFrame":[-0.5539669394493103,-0.49401822686195376,-0.13933628797531129,0.23340484499931336,0.9113218784332275,-0.339138388633728,-0.8750911951065064,0.3489258289337158,0.335359662771225,0.4239547550678253,0.21850229799747468,0.8789306282997131],"EasingStyle":"Linear","EasingDirection":"In"},"Head":{"Weight":1,"CFrame":[1.1920928955078126e-7,8.940696716308594e-8,0.016661882400512697,0.9121230244636536,-0.3942119777202606,-0.11237771809101105,0.4085082709789276,0.8968705534934998,0.1695411652326584,0.033953066915273669,-0.20054955780506135,0.9790951013565064],"EasingStyle":"Linear","EasingDirection":"In"},"Torso":{"Weight":1,"CFrame":[-0.07624675333499909,-0.2514471411705017,-0.21271181106567384,0.7382023930549622,0.6679251194000244,-0.0945158302783966,-0.6600362062454224,0.6862264275550842,-0.3056885302066803,-0.13931778073310853,0.28804388642311098,0.9474287629127502],"EasingStyle":"Linear","EasingDirection":"In"},"HumanoidRootPart":{"Weight":0,"CFrame":[0,0,0,1,0,0,0,1,0,0,0,1],"EasingStyle":"Linear","EasingDirection":"In"},"Right Leg":{"Weight":1,"CFrame":[0.1305190920829773,0.19656890630722047,0.34472477436065676,0.7842700481414795,-0.14699679613113404,-0.6027539372444153,-0.03352896869182587,0.9600646495819092,-0.2777620851993561,0.6195129156112671,0.2380501925945282,0.7480213642120361],"EasingStyle":"Linear","EasingDirection":"In"}}},{"Time":0.5333333611488342,"poses":{"Left Leg":{"Weight":1,"CFrame":[-0.8830627202987671,0.5464347004890442,-0.12062680721282959,0.8841844201087952,-0.4546951949596405,0.10709858685731888,0.35920706391334536,0.8083571195602417,0.46640023589134219,-0.2986438572406769,-0.37391331791877749,0.8780664801597595],"EasingStyle":"Linear","EasingDirection":"In"},"Right Arm":{"Weight":1,"CFrame":[-0.3766111433506012,-0.17122724652290345,-0.09708303213119507,0.535076379776001,-0.7487783432006836,-0.39118286967277529,0.7985309362411499,0.5994250774383545,-0.05511869490146637,0.27575647830963137,-0.2828790843486786,0.9186609983444214],"EasingStyle":"Linear","EasingDirection":"In"},"Left Arm":{"Weight":1,"CFrame":[-0.4314945936203003,-0.5872820615768433,-0.09478139877319336,0.012533415108919144,0.9172260165214539,-0.3981703519821167,-0.8668236136436462,0.20846852660179139,0.45294344425201418,0.49845749139785769,0.339466392993927,0.7976858019828796],"EasingStyle":"Linear","EasingDirection":"In"},"Head":{"Weight":1,"CFrame":[1.1175870895385742e-7,5.21540641784668e-8,0.016662001609802247,0.927890419960022,-0.3521169424057007,-0.12260975688695908,0.37046143412590029,0.9078516960144043,0.19637621939182282,0.04216406121850014,-0.22763781249523164,0.9728326201438904],"EasingStyle":"Linear","EasingDirection":"In"},"Torso":{"Weight":1,"CFrame":[-0.049998462200164798,-0.26489806175231936,-0.4160957336425781,0.833020031452179,0.5498279333114624,-0.06137489527463913,-0.5379323959350586,0.7790496349334717,-0.3220410645008087,-0.1292530596256256,0.30128219723701479,0.9447342753410339],"EasingStyle":"Linear","EasingDirection":"In"},"HumanoidRootPart":{"Weight":0,"CFrame":[0,0,0,1,0,0,0,1,0,0,0,1],"EasingStyle":"Linear","EasingDirection":"In"},"Right Leg":{"Weight":1,"CFrame":[0.01782137155532837,0.1948111653327942,0.32028138637542727,0.7045380473136902,-0.169667586684227,-0.6890854835510254,-0.011088927276432515,0.9682491421699524,-0.24974121153354646,0.7095795273780823,0.18359336256980897,0.6802870631217957],"EasingStyle":"Linear","EasingDirection":"In"}}},{"Time":0.5666666626930237,"poses":{"Left Leg":{"Weight":1,"CFrame":[-1.0145361423492432,0.5951532125473023,-0.208493173122406,0.8420736193656921,-0.5370137095451355,0.05028441920876503,0.4473032057285309,0.747399628162384,0.4912366569042206,-0.3013834059238434,-0.3911650478839874,0.8695734739303589],"EasingStyle":"Linear","EasingDirection":"In"},"Right Arm":{"Weight":1,"CFrame":[-0.5276682376861572,-0.1689189374446869,-0.06348586082458496,0.5957945585250855,-0.6846626400947571,-0.4198404550552368,0.7515457272529602,0.6596172451972961,-0.00916658341884613,0.2832101285457611,-0.31006789207458498,0.907551646232605],"EasingStyle":"Linear","EasingDirection":"In"},"Left Arm":{"Weight":1,"CFrame":[-0.3155161440372467,-0.6445413827896118,-0.02572077512741089,-0.1356685906648636,0.9165129661560059,-0.3762955665588379,-0.8247755169868469,0.1059608981013298,0.5554434657096863,0.5489437580108643,0.38571545481681826,0.7415418028831482],"EasingStyle":"Linear","EasingDirection":"In"},"Head":{"Weight":1,"CFrame":[1.043081283569336e-7,4.0978193283081057e-8,0.016662240028381349,0.9343403577804565,-0.3451753854751587,-0.08866884559392929,0.3562709391117096,0.9108930230140686,0.2081945538520813,0.00890411902219057,-0.22611463069915772,0.9740599989891052],"EasingStyle":"Linear","EasingDirection":"In"},"Torso":{"Weight":1,"CFrame":[-0.05416269600391388,-0.2612171173095703,-0.6265778541564941,0.8867658972740173,0.45726507902145388,-0.06749039143323899,-0.4535672962665558,0.8327236175537109,-0.3175660967826843,-0.08901103585958481,0.31221824884414675,0.945831298828125],"EasingStyle":"Linear","EasingDirection":"In"},"HumanoidRootPart":{"Weight":0,"CFrame":[0,0,0,1,0,0,0,1,0,0,0,1],"EasingStyle":"Linear","EasingDirection":"In"},"Right Leg":{"Weight":1,"CFrame":[0.04886147379875183,0.4365558624267578,0.46300601959228518,0.6657987236976624,-0.06666581332683563,-0.7431471943855286,-0.11750206351280213,0.974203884601593,-0.1926654577255249,0.7368211150169373,0.2155977338552475,0.6407904624938965],"EasingStyle":"Linear","EasingDirection":"In"}}},{"Time":0.6000000238418579,"poses":{"Left Leg":{"Weight":1,"CFrame":[-1.0527372360229493,0.6274541616439819,-0.21723157167434693,0.8212336301803589,-0.5683411359786987,0.05063439533114433,0.47936418652534487,0.7353435158729553,0.4790404140949249,-0.3094920814037323,-0.3691317141056061,0.8763313293457031],"EasingStyle":"Linear","EasingDirection":"In"},"Right Arm":{"Weight":1,"CFrame":[-0.6023843288421631,-0.183884859085083,-0.03261446952819824,0.6717411875724793,-0.6708627343177795,-0.3141765892505646,0.7237271070480347,0.6848183274269104,0.08510547131299973,0.15805985033512116,-0.28454723954200747,0.9455423355102539],"EasingStyle":"Linear","EasingDirection":"In"},"Left Arm":{"Weight":1,"CFrame":[-0.21256119012832642,-0.6806221008300781,0.048978328704833987,-0.07589982450008393,0.9460899829864502,-0.3148859143257141,-0.7748581171035767,0.14279179275035859,0.6157965660095215,0.6275621056556702,0.29073068499565127,0.7222474813461304],"EasingStyle":"Linear","EasingDirection":"In"},"Head":{"Weight":1,"CFrame":[1.043081283569336e-7,-1.0058283805847168e-7,0.016662120819091798,0.9291365742683411,-0.3647211194038391,-0.060694798827171329,0.3689790964126587,0.9041498303413391,0.21533158421516419,-0.023658720776438714,-0.22246751189231873,0.9746530652046204],"EasingStyle":"Linear","EasingDirection":"In"},"Torso":{"Weight":1,"CFrame":[-0.06336905062198639,-0.2576371431350708,-0.7288928031921387,0.9067581295967102,0.4132601022720337,-0.08370178937911987,-0.4176367223262787,0.8529224395751953,-0.31321385502815249,-0.058047644793987277,0.3189661204814911,0.9459868669509888],"EasingStyle":"Linear","EasingDirection":"In"},"HumanoidRootPart":{"Weight":0,"CFrame":[0,0,0,1,0,0,0,1,0,0,0,1],"EasingStyle":"Linear","EasingDirection":"In"},"Right Leg":{"Weight":1,"CFrame":[0.0458817183971405,0.5784895420074463,0.48406755924224856,0.646107017993927,-0.030323576182127,-0.7626442909240723,-0.1322643756866455,0.9796446561813355,-0.15100528299808503,0.7516992688179016,0.19843624532222749,0.6289445757865906],"EasingStyle":"Linear","EasingDirection":"In"}}},{"Time":0.6333333253860474,"poses":{"Left Leg":{"Weight":1,"CFrame":[-1.003010869026184,0.7336214780807495,-0.21622508764266969,0.8577831983566284,-0.5072784423828125,0.08292549848556519,0.42421871423721316,0.7897629737854004,0.44307199120521548,-0.29025232791900637,-0.3448810279369354,0.892642617225647],"EasingStyle":"Linear","EasingDirection":"In"},"Right Arm":{"Weight":1,"CFrame":[-0.6109086275100708,-0.22320696711540223,-0.004599273204803467,0.7121219038963318,-0.6940212845802307,-0.10591016709804535,0.6988378763198853,0.6863175630569458,0.20147910714149476,-0.06714274734258652,-0.21749180555343629,0.9737500548362732],"EasingStyle":"Linear","EasingDirection":"In"},"Left Arm":{"Weight":1,"CFrame":[-0.13177818059921266,-0.7169227600097656,0.11150026321411133,0.08955897390842438,0