{"Sequence":[{"Time":0,"poses":{"Left Leg":{"Weight":1,"CFrame":[-0.9696834087371826,0.23452991247177125,-0.13638931512832642,0.9444633722305298,-0.2954173684120178,-0.14393630623817445,0.2989397346973419,0.9542673230171204,0.0029916490893810989,0.1364697515964508,-0.04585377871990204,0.9895824790000916],"EasingStyle":"Constant","EasingDirection":"In"},"Right Arm":{"Weight":1,"CFrame":[0.17489653825759889,-0.2012959122657776,0.07284516096115112,-0.7626724243164063,-0.6465129256248474,0.018765617161989213,0.6392006278038025,-0.7489814758300781,0.1744966357946396,-0.09875919669866562,0.14507877826690675,0.9844790101051331],"EasingStyle":"Constant","EasingDirection":"In"},"Head":{"Weight":1,"CFrame":[1.0244548320770264e-7,-1.30385160446167e-8,-2.9802322387695315e-8,0.9993200898170471,0.029484298080205919,-0.02213878370821476,-0.02987947128713131,0.9993962049484253,-0.017735639587044717,0.021602503955364229,0.018385078758001329,0.9995975494384766],"EasingStyle":"Constant","EasingDirection":"In"},"Left Arm":{"Weight":1,"CFrame":[0.36846786737442019,-0.28529319167137148,-0.021842151880264283,0.46403107047080996,0.835561990737915,-0.29412806034088137,-0.884458065032959,0.45543065667152407,-0.10157288610935211,0.04908451437950134,0.3072768449783325,0.9503534436225891],"EasingStyle":"Constant","EasingDirection":"In"},"Torso":{"Weight":1,"CFrame":[-0.03698468953371048,-0.06686551868915558,-0.3128313720226288,0.9353621602058411,0.3487975001335144,-0.05863458663225174,-0.35325706005096438,0.9295009970664978,-0.10600670427083969,0.01752602867782116,0.1198677271604538,0.992635190486908],"EasingStyle":"Constant","EasingDirection":"In"},"HumanoidRootPart":{"Weight":0,"CFrame":[0,0,0,1,0,0,0,1,0,0,0,1],"EasingStyle":"Linear","EasingDirection":"In"},"Right Leg":{"Weight":1,"CFrame":[0.8676179647445679,0.1650417447090149,0.13249361515045167,0.9090462327003479,0.39049601554870608,-0.1454230397939682,-0.394277423620224,0.9189863801002502,0.0030538716819137336,0.13483431935310365,0.05456095561385155,0.9893649220466614],"EasingStyle":"Constant","EasingDirection":"In"}}},{"Time":0.0833333358168602,"poses":{"Left Leg":{"Weight":1,"CFrame":[-0.7013373970985413,0.14642047882080079,-0.0970914363861084,0.9781959056854248,-0.1496560424566269,-0.14399926364421845,0.15162546932697297,0.988434374332428,0.0027358070947229864,0.14192430675029756,-0.024510100483894349,0.9895740747451782],"EasingStyle":"Constant","EasingDirection":"In"},"Right Arm":{"Weight":1,"CFrame":[0.19937515258789063,-0.4040072560310364,0.07642430067062378,0.26538532972335818,-0.9615783095359802,0.0702686756849289,0.9508467316627502,0.24896766245365144,-0.1841350495815277,0.15956570208072663,0.11568150669336319,0.9803860187530518],"EasingStyle":"Constant","EasingDirection":"In"},"Head":{"Weight":1,"CFrame":[1.0151416063308716e-7,2.9802322387695315e-8,2.384185791015625e-7,0.9993200898170471,0.029484298080205919,-0.02213878370821476,-0.02987947128713131,0.9993962049484253,-0.017735639587044717,0.021602503955364229,0.018385078758001329,0.9995975494384766],"EasingStyle":"Constant","EasingDirection":"In"},"Left Arm":{"Weight":1,"CFrame":[0.36846786737442019,-0.2852928638458252,-0.021842151880264283,-0.7219353318214417,0.6830198764801025,-0.11087675392627716,-0.6802659034729004,-0.7298981547355652,-0.06698386371135712,-0.12668001651763917,0.02706768736243248,0.9915743470191956],"EasingStyle":"Constant","EasingDirection":"In"},"Torso":{"Weight":1,"CFrame":[-0.03698468580842018,-0.06686551123857498,-0.15636970102787019,0.9353621602058411,0.3487975001335144,-0.05863458663225174,-0.35325706005096438,0.9295009970664978,-0.10600670427083969,0.01752602867782116,0.1198677271604538,0.992635190486908],"EasingStyle":"Constant","EasingDirection":"In"},"HumanoidRootPart":{"Weight":0,"CFrame":[0,0,0,1,0,0,0,1,0,0,0,1],"EasingStyle":"Linear","EasingDirection":"In"},"Right Leg":{"Weight":1,"CFrame":[0.607663094997406,0.10603821277618408,0.09445169568061829,0.9575357437133789,0.24899062514305116,-0.1453576385974884,-0.25126636028289797,0.9679141044616699,0.0027878840919584038,0.14138789474964143,0.03385397419333458,0.9893752932548523],"EasingStyle":"Constant","EasingDirection":"In"}}},{"Time":0.1666666716337204,"poses":{"Left Leg":{"Weight":1,"CFrame":[-0.9696834087371826,0.23452991247177125,-0.13638931512832642,0.9444633722305298,-0.2954173684120178,-0.14393630623817445,0.2989397346973419,0.9542673230171204,0.0029916490893810989,0.1364697515964508,-0.04585377871990204,0.9895824790000916],"EasingStyle":"Constant","EasingDirection":"In"},"Right Arm":{"Weight":1,"CFrame":[0.17489653825759889,-0.2012959122657776,0.07284516096115112,-0.7626724243164063,-0.6465129256248474,0.018765617161989213,0.6392006278038025,-0.7489814758300781,0.1744966357946396,-0.09875919669866562,0.14507877826690675,0.9844790101051331],"EasingStyle":"Constant","EasingDirection":"In"},"Head":{"Weight":1,"CFrame":[1.0244548320770264e-7,-1.30385160446167e-8,-2.9802322387695315e-8,0.9993200898170471,0.029484298080205919,-0.02213878370821476,-0.02987947128713131,0.9993962049484253,-0.017735639587044717,0.021602503955364229,0.018385078758001329,0.9995975494384766],"EasingStyle":"Constant","EasingDirection":"In"},"Left Arm":{"Weight":1,"CFrame":[0.36846786737442019,-0.28529319167137148,-0.021842151880264283,0.46403107047080996,0.835561990737915,-0.29412806034088137,-0.884458065032959,0.45543065667152407,-0.10157288610935211,0.04908451437950134,0.3072768449783325,0.9503534436225891],"EasingStyle":"Constant","EasingDirection":"In"},"Torso":{"Weight":1,"CFrame":[-0.03698468953371048,-0.06686551868915558,-0.3128313720226288,0.9353621602058411,0.3487975001335144,-0.05863458663225174,-0.35325706005096438,0.9295009970664978,-0.10600670427083969,0.01752602867782116,0.1198677271604538,0.992635190486908],"EasingStyle":"Constant","EasingDirection":"In"},"HumanoidRootPart":{"Weight":0,"CFrame":[0,0,0,1,0,0,0,1,0,0,0,1],"EasingStyle":"Linear","EasingDirection":"In"},"Right Leg":{"Weight":1,"CFrame":[0.8676179647445679,0.1650417447090149,0.13249361515045167,0.9090462327003479,0.39049601554870608,-0.1454230397939682,-0.394277423620224,0.9189863801002502,0.0030538716819137336,0.13483431935310365,0.05456095561385155,0.9893649220466614],"EasingStyle":"Constant","EasingDirection":"In"}}},{"Time":0.25,"poses":{"Left Leg":{"Weight":1,"CFrame":[-0.7013373970985413,0.14642047882080079,-0.0970914363861084,0.9781959056854248,-0.1496560424566269,-0.14399926364421845,0.15162546932697297,0.988434374332428,0.0027358070947229864,0.14192430675029756,-0.024510100483894349,0.9895740747451782],"EasingStyle":"Constant","EasingDirection":"In"},"Right Arm":{"Weight":1,"CFrame":[0.19937515258789063,-0.4040072560310364,0.07642430067062378,0.26538532972335818,-0.9615783095359802,0.0702686756849289,0.9508467316627502,0.24896766245365144,-0.1841350495815277,0.15956570208072663,0.11568150669336319,0.9803860187530518],"EasingStyle":"Constant","EasingDirection":"In"},"Head":{"Weight":1,"CFrame":[1.0151416063308716e-7,2.9802322387695315e-8,2.384185791015625e-7,0.9993200898170471,0.029484298080205919,-0.02213878370821476,-0.02987947128713131,0.9993962049484253,-0.017735639587044717,0.021602503955364229,0.018385078758001329,0.9995975494384766],"EasingStyle":"Constant","EasingDirection":"In"},"Left Arm":{"Weight":1,"CFrame":[0.36846786737442019,-0.2852928638458252,-0.021842151880264283,-0.7219353318214417,0.6830198764801025,-0.11087675392627716,-0.6802659034729004,-0.7298981547355652,-0.06698386371135712,-0.12668001651763917,0.02706768736243248,0.9915743470191956],"EasingStyle":"Constant","EasingDirection":"In"},"Torso":{"Weight":1,"CFrame":[-0.03698468580842018,-0.06686551123857498,-0.15636970102787019,0.9353621602058411,0.3487975001335144,-0.05863458663225174,-0.35325706005096438,0.9295009970664978,-0.10600670427083969,0.01752602867782116,0.1198677271604538,0.992635190486908],"EasingStyle":"Constant","EasingDirection":"In"},"HumanoidRootPart":{"Weight":0,"CFrame":[0,0,0,1,0,0,0,1,0,0,0,1],"EasingStyle":"Linear","EasingDirection":"In"},"Right Leg":{"Weight":1,"CFrame":[0.607663094997406,0.10603821277618408,0.09445169568061829,0.9575357437133789,0.24899062514305116,-0.1453576385974884,-0.25126636028289797,0.9679141044616699,0.0027878840919584038,0.14138789474964143,0.03385397419333458,0.9893752932548523],"EasingStyle":"Constant","EasingDirection":"In"}}},{"Time":0.3333333432674408,"poses":{"Left Leg":{"Weight":1,"CFrame":[-0.9696834087371826,0.23452991247177125,-0.13638931512832642,0.9444633722305298,-0.2954173684120178,-0.14393630623817445,0.2989397346973419,0.9542673230171204,0.0029916490893810989,0.1364697515964508,-0.04585377871990204,0.9895824790000916],"EasingStyle":"Constant","EasingDirection":"In"},"Right Arm":{"Weight":1,"CFrame":[0.17489653825759889,-0.2012959122657776,0.07284516096115112,-0.7626724243164063,-0.6465129256248474,0.018765617161989213,0.6392006278038025,-0.7489814758300781,0.1744966357946396,-0.09875919669866562,0.14507877826690675,0.9844790101051331],"EasingStyle":"Constant","EasingDirection":"In"},"Head":{"Weight":1,"CFrame":[1.0244548320770264e-7,-1.30385160446167e-8,-2.9802322387695315e-8,0.9993200898170471,0.029484298080205919,-0.02213878370821476,-0.02987947128713131,0.9993962049484253,-0.017735639587044717,0.021602503955364229,0.018385078758001329,0.9995975494384766],"EasingStyle":"Constant","EasingDirection":"In"},"Left Arm":{"Weight":1,"CFrame":[0.36846786737442019,-0.28529319167137148,-0.021842151880264283,0.46403107047080996,0.835561990737915,-0.29412806034088137,-0.884458065032959,0.45543065667152407,-0.10157288610935211,0.04908451437950134,0.3072768449783325,0.9503534436225891],"EasingStyle":"Constant","EasingDirection":"In"},"Torso":{"Weight":1,"CFrame":[-0.03698468953371048,-0.06686551868915558,-0.3128313720226288,0.9353621602058411,0.3487975001335144,-0.05863458663225174,-0.35325706005096438,0.9295009970664978,-0.10600670427083969,0.01752602867782116,0.1198677271604538,0.992635190486908],"EasingStyle":"Constant","EasingDirection":"In"},"HumanoidRootPart":{"Weight":0,"CFrame":[0,0,0,1,0,0,0,1,0,0,0,1],"EasingStyle":"Linear","EasingDirection":"In"},"Right Leg":{"Weight":1,"CFrame":[0.8676179647445679,0.1650417447090149,0.13249361515045167,0.9090462327003479,0.39049601554870608,-0.1454230397939682,-0.394277423620224,0.9189863801002502,0.0030538716819137336,0.13483431935310365,0.05456095561385155,0.9893649220466614],"EasingStyle":"Constant","EasingDirection":"In"}}},{"Time":0.4166666567325592,"poses":{"Left Leg":{"Weight":1,"CFrame":[-0.7013373970985413,0.14642047882080079,-0.0970914363861084,0.9781959056854248,-0.1496560424566269,-0.14399926364421845,0.15162546932697297,0.988434374332428,0.0027358070947229864,0.14192430675029756,-0.024510100483894349,0.9895740747451782],"EasingStyle":"Constant","EasingDirection":"In"},"Right Arm":{"Weight":1,"CFrame":[0.19937515258789063,-0.4040072560310364,0.07642430067062378,0.26538532972335818,-0.9615783095359802,0.0702686756849289,0.9508467316627502,0.24896766245365144,-0.1841350495815277,0.15956570208072663,0.11568150669336319,0.9803860187530518],"EasingStyle":"Constant","EasingDirection":"In"},"Head":{"Weight":1,"CFrame":[1.0151416063308716e-7,2.9802322387695315e-8,2.384185791015625e-7,0.9993200898170471,0.029484298080205919,-0.02213878370821476,-0.02987947128713131,0.9993962049484253,-0.017735639587044717,0.021602503955364229,0.018385078758001329,0.9995975494384766],"EasingStyle":"Constant","EasingDirection":"In"},"Left Arm":{"Weight":1,"CFrame":[0.36846786737442019,-0.2852928638458252,-0.021842151880264283,-0.7219353318214417,0.6830198764801025,-0.11087675392627716,-0.6802659034729004,-0.7298981547355652,-0.06698386371135712,-0.12668001651763917,0.02706768736243248,0.9915743470191956],"EasingStyle":"Constant","EasingDirection":"In"},"Torso":{"Weight":1,"CFrame":[-0.03698468580842018,-0.06686551123857498,-0.15636970102787019,0.9353621602058411,0.3487975001335144,-0.05863458663225174,-0.35325706005096438,0.9295009970664978,-0.10600670427083969,0.01752602867782116,0.1198677271604538,0.992635190486908],"EasingStyle":"Constant","EasingDirection":"In"},"HumanoidRootPart":{"Weight":0,"CFrame":[0,0,0,1,0,0,0,1,0,0,0,1],"EasingStyle":"Linear","EasingDirection":"In"},"Right Leg":{"Weight":1,"CFrame":[0.607663094997406,0.10603821277618408,0.09445169568061829,0.9575357437133789,0.24899062514305116,-0.1453576385974884,-0.25126636028289797,0.9679141044616699,0.0027878840919584038,0.14138789474964143,0.03385397419333458,0.9893752932548523],"EasingStyle":"Constant","EasingDirection":"In"}}},{"Time":0.5,"poses":{"Left Leg":{"Weight":1,"CFrame":[-0.42509007453918459,0.5049261450767517,-0.06915944814682007,0.844571590423584,-0.4349149167537689,0.31232619285583498,0.039821311831474307,0.6327083110809326,0.7733656764030457,-0.5339598655700684,-0.6407255530357361,0.5516864061355591],"EasingStyle":"Constant","EasingDirection":"In"},"Right Arm":{"Weight":1,"CFrame":[0.21063518524169923,0.407097190618515,0.27240729331970217,-0.37524980306625368,-0.32771098613739016,-0.867060124874115,0.47105053067207339,-0.873045027256012,0.12610985338687898,-0.7983101606369019,-0.36110663414001467,0.48197829723358157],"EasingStyle":"Constant","EasingDirection":"In"},"Head":{"Weight":1,"CFrame":[9.313225746154785e-8,0,1.7881393432617188e-7,0.9835915565490723,0.17904655635356904,-0.022138789296150209,-0.1794486790895462,0.9836075305938721,-0.017735633999109269,0.018600374460220338,0.021417396143078805,0.9995976090431213],"EasingStyle":"Constant","EasingDirection":"In"},"Left Arm":{"Weight":1,"CFrame":[-0.16871559619903565,0.14662647247314454,0.2651482820510864,-0.1168045625090599,0.036685191094875339,0.9924772381782532,-0.8890108466148377,-0.4493466317653656,-0.08801813423633576,0.44273748993873598,-0.8926039338111877,0.08509919047355652],"EasingStyle":"Constant","EasingDirection":"In"},"Torso":{"Weight":1,"CFrame":[0.014310757629573346,-0.0027982143219560386,-0.08065010607242584,0.9811525344848633,0.19189821183681489,0.022687798365950586,-0.19184692203998567,0.9814148545265198,-0.004436195362359285,-0.023117437958717347,0,0.9997328519821167],"EasingStyle":"Constant","EasingDirection":"In"},"HumanoidRootPart":{"Weight":0,"CFrame":[0,0,0,1,0,0,0,1,0,0,0,1],"EasingStyle":"Linear","EasingDirection":"In"},"Right Leg":{"Weight":1,"CFrame":[0.05271612107753754,-0.006350517272949219,0.17928344011306764,0.7659702301025391,0.18701539933681489,-0.6150729656219482,-0.25366950035095217,0.9670437574386597,-0.021869437769055368,0.5907125473022461,0.17277659475803376,0.788166880607605],"EasingStyle":"Constant","EasingDirection":"In"}}},{"Time":0.5833333134651184,"poses":{"Left Leg":{"Weight":1,"CFrame":[-0.3643112778663635,0.41813474893569949,0.014040723443031311,0.8548507690429688,-0.38822391629219057,0.34425610303878786,0.09057686477899552,0.7649326920509338,0.6377097964286804,-0.5109071135520935,-0.5139652490615845,0.6890674829483032],"EasingStyle":"Constant","EasingDirection":"In"},"Right Arm":{"Weight":1,"CFrame":[0.22646480798721314,0.26787734031677248,0.350166916847229,-0.24681751430034638,-0.43276771903038027,-0.8670601844787598,0.7316335439682007,-0.6699315309524536,0.12610986828804017,-0.6354474425315857,-0.6032444834709168,0.48197826743125918],"EasingStyle":"Constant","EasingDirection":"In"},"Head":{"Weight":1,"CFrame":[8.475035429000855e-8,-9.313225746154786e-10,4.172325134277344e-7,0.9835915565490723,0.17904655635356904,-0.022138789296150209,-0.1794486790895462,0.9836075305938721,-0.017735633999109269,0.018600374460220338,0.021417396143078805,0.9995976090431213],"EasingStyle":"Constant","EasingDirection":"In"},"Left Arm":{"Weight":1,"CFrame":[-0.14318329095840455,0.4331730902194977,0.26375365257263186,-0.11516731977462769,-0.04154033213853836,0.9924771785736084,-0.4353524148464203,-0.8959469199180603,-0.08801828324794769,0.8928632736206055,-0.4422144293785095,0.08509891480207443],"EasingStyle":"Constant","EasingDirection":"In"},"Torso":{"Weight":1,"CFrame":[0.014310757629573346,-0.0027982143219560386,-0.02349281869828701,0.9811525344848633,0.19189821183681489,0.022687798365950586,-0.19184692203998567,0.9814148545265198,-0.004436195362359285,-0.023117437958717347,0,0.9997328519821167],"EasingStyle":"Constant","EasingDirection":"In"},"HumanoidRootPart":{"Weight":0,"CFrame":[0,0,0,1,0,0,0,1,0,0,0,1],"EasingStyle":"Linear","EasingDirection":"In"},"Right Leg":{"Weight":1,"CFrame":[-0.16294629871845246,-0.01207578182220459,0.01082611083984375,0.7846399545669556,0.0775383710861206,-0.6150834560394287,-0.11519832164049149,0.993104100227356,-0.021762190386652948,0.6091548204421997,0.08793215453624726,0.7881616353988648],"EasingStyle":"Constant","EasingDirection":"In"}}},{"Time":0.6666666865348816,"poses":{"Left Leg":{"Weight":1,"CFrame":[-0.42509007453918459,0.5049261450767517,-0.06915944814682007,0.844571590423584,-0.4349149167537689,0.31232619285583498,0.039821311831474307,0.6327083110809326,0.7733656764030457,-0.5339598655700684,-0.6407255530357361,0.5516864061355591],"EasingStyle":"Constant","EasingDirection":"In"},"Right Arm":{"Weight":1,"CFrame":[0.21063518524169923,0.407097190618515,0.27240729331970217,-0.37524980306625368,-0.32771098613739016,-0.867060124874115,0.47105053067207339,-0.873045027256012,0.12610985338687898,-0.7983101606369019,-0.36110663414001467,0.48197829723358157],"EasingStyle":"Constant","EasingDirection":"In"},"Head":{"Weight":1,"CFrame":[9.313225746154785e-8,0,1.7881393432617188e-7,0.9835915565490723,0.17904655635356904,-0.022138789296150209,-0.1794486790895462,0.9836075305938721,-0.017735633999109269,0.018600374460220338,0.021417396143078805,0.9995976090431213],"EasingStyle":"Constant","EasingDirection":"In"},"Left Arm":{"Weight":1,"CFrame":[-0.16871559619903565,0.14662647247314454,0.2651482820510864,-0.1168045625090599,0.036685191094875339,0.9924772381782532,-0.8890108466148377,-0.4493466317653656,-0.08801813423633576,0.44273748993873598,-0.8926039338111877,0.08509919047355652],"EasingStyle":"Constant","EasingDirection":"In"},"Torso":{"Weight":1,"CFrame":[0.014310757629573346,-0.0027982143219560386,-0.08065010607242584,0.9811525344848633,0.19189821183681489,0.022687798365950586,-0.19184692203998567,0.9814148545265198,-0.004436195362359285,-0.023117437958717347,0,0.9997328519821167],"EasingStyle":"Constant","EasingDirection":"In"},"HumanoidRootPart":{"Weight":0,"CFrame":[0,0,0,1,0,0,0,1,0,0,0,1],"EasingStyle":"Linear","EasingDirection":"In"},"Right Leg":{"Weight":1,"CFrame":[0.05271612107753754,-0.006350517272949219,0.17928344011306764,0.7659702301025391,0.18701539933681489,-0.6150729656219482,-0.25366950035095217,0.9670437574386597,-0.021869437769055368,0.5907125473022461,0.17277659475803376,0.788166880607605],"EasingStyle":"Constant","EasingDirection":"In"}}},{"Time":0.75,"poses":{"Left Leg":{"Weight":1,"CFrame":[-0.3643112778663635,0.41813474893569949,0.014040723443031311,0.8548507690429688,-0.38822391629219057,0.34425610303878786,0.09057686477899552,0.7649326920509338,0.6377097964286804,-0.5109071135520935,-0.5139652490615845,0.6890674829483032],"EasingStyle":"Constant","EasingDirection":"In"},"Right Arm":{"Weight":1,"CFrame":[0.22646480798721314,0.26787734031677248,0.350166916847229,-0.24681751430034638,-0.43276771903038027,-0.8670601844787598,0.7316335439682007,-0.6699315309524536,0.12610986828804017,-0.6354474425315857,-0.6032444834709168,0.48197826743125918],"EasingStyle":"Constant","EasingDirection":"In"},"Head":{"Weight":1,"CFrame":[8.475035429000855e-8,-9.313225746154786e-10,4.172325134277344e-7,0.9835915565490723,0.17904655635356904,-0.022138789296150209,-0.1794486790895462,0.9836075305938721,-0.017735633999109269,0.018600374460220338,0.021417396143078805,0.9995976090431213],"EasingStyle":"Constant","EasingDirection":"In"},"Left Arm":{"Weight":1,"CFrame":[-0.14318329095840455,0.4331730902194977,0.26375365257263186,-0.11516731977462769,-0.04154033213853836,0.9924771785736084,-0.4353524148464203,-0.8959469199180603,-0.08801828324794769,0.8928632736206055,-0.4422144293785095,0.08509891480207443],"EasingStyle":"Constant","EasingDirection":"In"},"Torso":{"Weight":1,"CFrame":[0.014310757629573346,-0.0027982143219560386,-0.02349281869828701,0.9811525344848633,0.19189821183681489,0.022687798365950586,-0.19184692203998567,0.9814148545265198,-0.004436195362359285,-0.023117437958717347,0,0.9997328519821167],"EasingStyle":"Constant","EasingDirection":"In"},"HumanoidRootPart":{"Weight":0,"CFrame":[0,0,0,1,0,0,0,1,0,0,0,1],"EasingStyle":"Linear","EasingDirection":"In"},"Right Leg":{"Weight":1,"CFrame":[-0.16294629871845246,-0.01207578182220459,0.01082611083984375,0.7846399545669556,0.0775383710861206,-0.6150834560394287,-0.11519832164049149,0.993104100227356,-0.021762190386652948,0.6091548204421997,0.08793215453624726,0.7881616353988648],"EasingStyle":"Constant","EasingDirection":"In"}}},{"Time":0.8333333134651184,"poses":{"Left Leg":{"Weight":1,"CFrame":[-0.42509007453918459,0.5049261450767517,-0.06915944814682007,0.844571590423584,-0.4349149167537689,0.31232619285583498,0.039821311831474307,0.6327083110809326,0.7733656764030457,-0.5339598655700684,-0.6407255530357361,0.5516864061355591],"EasingStyle":"Constant","EasingDirection":"In"},"Right Arm":{"Weight":1,"CFrame":[0.21063518524169923,0.407097190618515,0.27240729331970217,-0.37524980306625368,-0.32771098613739016,-0.867060124874115,0.47105053067207339,-0.873045027256012,0.12610985338687898,-0.7983101606369019,-0.36110663414001467,0.48197829723358157],"EasingStyle":"Constant","EasingDirection":"In"},"Head":{"Weight":1,"CFrame":[9.313225746154785e-8,0,1.7881393432617188e-7,0.9835915565490723,0.17904655635356904,-0.022138789296150209,-0.1794486790895462,0.9836075305938721,-0.017735633999109269,0.018600374460220338,0.021417396143078805,0.9995976090431213],"EasingStyle":"Constant","EasingDirection":"In"},"Left Arm":{"Weight":1,"CFrame":[-0.16871559619903565,0.14662647247314454,0.2651482820510864,-0.1168045625090599,0.036685191094875339,0.9924772381782532,-0.8890108466148377,-0.4493466317653656,-0.08801813423633576,0.44273748993873598,-0.8926039338111877,0.08509919047355652],"EasingStyle":"Constant","EasingDirection":"In"},"Torso":{"Weight":1,"CFrame":[0.014310757629573346,-0.0027982143219560386,-0.08065010607242584,0.9811525344848633,0.19189821183681489,0.022687798365950586,-0.19184692203998567,0.9814148545265198,-0.004436195362359285,-0.023117437958717347,0,0.9997328519821167],"EasingStyle":"Constant","EasingDirection":"In"},"HumanoidRootPart":{"Weight":0,"CFrame":[0,0,0,1,0,0,0,1,0,0,0,1],"EasingStyle":"Linear","EasingDirection":"In"},"Right Leg":{"Weight":1,"CFrame":[0.05271612107753754,-0.006350517272949219,0.17928344011306764,0.7659702301025391,0.18701539933681489,-0.6150729656219482,-0.25366950035095217,0.9670437574386597,-0.021869437769055368,0.5907125473022461,0.17277659475803376,0.788166880607605],"EasingStyle":"Constant","EasingDirection":"In"}}},{"Time":0.9166666865348816,"poses":{"Left Leg":{"Weight":1,"CFrame":[-0.3643112778663635,0.41813474893569949,0.014040723443031311,0.8548507690429688,-0.38822391629219057,0.34425610303878786,0.09057686477899552,0.7649326920509338,0.6377097964286804,-0.5109071135520935,-0.5139652490615845,0.6890674829483032],"EasingStyle":"Constant","EasingDirection":"In"},"Right Arm":{"Weight":1,"CFrame":[0.22646480798721314,0.26787734031677248,0.350166916847229,-0.24681751430034638,-0.43276771903038027,-0.8670601844787598,0.7316335439682007,-0.6699315309524536,0.12610986828804017,-0.6354474425315857,-0.6032444834709168,0.48197826743125918],"EasingStyle":"Constant","EasingDirection":"In"},"Head":{"Weight":1,"CFrame":[8.475035429000855e-8,-9.313225746154786e-10,4.172325134277344e-7,0.9835915565490723,0.17904655635356904,-0.022138789296150209,-0.1794486790895462,0.9836075305938721,-0.017735633999109269,0.018600374460220338,0.021417396143078805,0.9995976090431213],"EasingStyle":"Constant","EasingDirection":"In"},"Left Arm":{"Weight":1,"CFrame":[-0.14318329095840455,0.4331730902194977,0.26375365257263186,-0.11516731977462769,-0.04154033213853836,0.9924771785736084,-0.4353524148464203,-0.8959469199180603,-0.08801828324794769,0.8928632736206055,-0.4422144293785095,0.08509891480207443],"EasingStyle":"Constant","EasingDirection":"In"},"Torso":{"Weight":1,"CFrame":[0.014310757629573346,-0.0027982143219560386,-0.02349281869828701,0.9811525344848633,0.19189821183681489,0.022687798365950586,-0.19184692203998567,0.9814148545265198,-0.004436195362359285,-0.023117437958717347,0,0.9997328519821167],"EasingStyle":"Constant","EasingDirection":"In"},"HumanoidRootPart":{"Weight":0,"CFrame":[0,0,0,1,0,0,0,1,0,0,0,1],"EasingStyle":"Linear","EasingDirection":"In"},"Right Leg":{"Weight":1,"CFrame":[-0.16294629871845246,-0.01207578182220459,0.01082611083984375,0.7846399545669556,0.0775383710861206,-0.6150834560394287,-0.11519832164049149,0.993104100227356,-0.021762190386652948,0.6091548204421997,0.08793215453624726,0.7881616353988648],"EasingStyle":"Constant","EasingDirection":"In"}}},{"Time":1,"poses":{"Left Leg":{"Weight":1,"CFrame":[-0.42509007453918459,0.5049261450767517,-0.06915944814682007,0.844571590423584,-0.4349149167537689,0.31232619285583498,0.039821311831474307,0.6327083110809326,0.7733656764030457,-0.5339598655700684,-0.6407255530357361,0.5516864061355591],"EasingStyle":"Constant","EasingDirection":"In"},"Right Arm":{"Weight":1,"CFrame":[0.21063518524169923,0.407097190618515,0.27240729331970217,-0.37524980306625368,-0.32771098613739016,-0.867060124874115,0.47105053067207339,-0.873045027256012,0.12610985338687898,-0.7983101606369019,-0.36110663414001467,0.48197829723358157],"EasingStyle":"Constant","EasingDirection":"In"},"Head":{"Weight":1,"CFrame":[9.313225746154785e-8,0,1.7881393432617188e-7,0.9835915565490723,0.17904655635356904,-0.022138789296150209,-0.1794486790895462,0.9836075305938721,-0.017735633999109269,0.018600374460220338,0.021417396143078805,0.9995976090431213],"EasingStyle":"Constant","EasingDirection":"In"},"Left Arm":{"Weight":1,"CFrame":[-0.16871559619903565,0.14662647247314454,0.2651482820510864,-0.1168045625090599,0.036685191094875339,0.9924772381782532,-0.8890108466148377,-0.4493466317653656,-0.08801813423633576,0.44273748993873598,-0.8926039338111877,0.08509919047355652],"EasingStyle":"Constant","EasingDirection":"In"},"Torso":{"Weight":1,"CFrame":[0.014310757629573346,-0.0027982143219560386,-0.08065010607242584,0.9811525344848633,0.19189821183681489,0.022687798365950586,-0.19184692203998567,0.9814148545265198,-0.004436195362359285,-0.023117437958717347,0,0.9997328519821167],"EasingStyle":"Constant","EasingDirection":"In"},"HumanoidRootPart":{"Weight":0,"CFrame":[0,0,0,1,0,0,0,1,0,0,0,1],"EasingStyle":"Linear","EasingDirection":"In"},"Right Leg":{"Weight":1,"CFrame":[0.05271612107753754,-0.006350517272949219,0.17928344011306764,0.7659702301025391,0.18701539933681489,-0.6150729656219482,-0.25366950035095217,0.9670437574386597,-0.021869437769055368,0.5907125473022461,0.17277659475803376,0.788166880607605],"EasingStyle":"Constant","EasingDirection":"In"}}},{"Time":1.0833333730697632,"poses":{"Left Leg":{"Weight":1,"CFrame":[-0.3643112778663635,0.41813474893569949,0.014040723443031311,0.8548507690429688,-0.38822391629219057,0.34425610303878786,0.09057686477899552,0.7649326920509338,0.6377097964286804,-0.5109071135520935,-0.5139652490615845,0.6890674829483032],"EasingStyle":"Constant","EasingDirection":"In"},"Right Arm":{"Weight":1,"CFrame":[0.22646480798721314,0.26787734031677248,0.350166916847229,-0.24681751430034638,-0.43276771903038027,-0.8670601844787598,0.7316335439682007,-0.6699315309524536,0.12610986828804017,-0.6354474425315857,-0.6032444834709168,0.48197826743125918],"EasingStyle":"Constant","EasingDirection":"In"},"Head":{"Weight":1,"CFrame":[8.475035429000855e-8,-9.313225746154786e-10,4.172325134277344e-7,0.9835915565490723,0.17904655635356904,-0.022138789296150209,-0.1794486790895462,0.9836075305938721,-0.017735633999109269,0.018600374460220338,0.021417396143078805,0.9995976090431213],"EasingStyle":"Constant","EasingDirection":"In"},"Left Arm":{"Weight":1,"CFrame":[-0.14318329095840455,0.4331730902194977,0.26375365257263186,-0.11516731977462769,-0.04154033213853836,0.9924771785736084,-0.4353524148464203,-0.8959469199180603,-0.08801828324794769,0.8928632736206055,-0.4422144293785095,0.08509891480207443],"EasingStyle":"Constant","EasingDirection":"In"},"Torso":{"Weight":1,"CFrame":[0.014310757629573346,-0.0027982143219560386,-0.02349281869828701,0.9811525344848633,0.19189821183681489,0.022687798365950586,-0.19184692203998567,0.9814148545265198,-0.004436195362359285,-0.023117437958717347,0,0.9997328519821167],"EasingStyle":"Constant","EasingDirection":"In"},"HumanoidRootPart":{"Weight":0,"CFrame":[0,0,0,1,0,0,0,1,0,0,0,1],"EasingStyle":"Linear","EasingDirection":"In"},"Right Leg":{"Weight":1,"CFrame":[-0.16294629871845246,-0.01207578182220459,0.01082611083984375,0.7846399545669556,0.0775383710861206,-0.6150834560394287,-0.11519832164049149,0.993104100227356,-0.021762190386652948,0.6091548204421997,0.08793215453624726,0.7881616353988648],"EasingStyle":"Constant","EasingDirection":"In"}}},{"Time":1.1666666269302369,"poses":{"Left Leg":{"Weight":1,"CFrame":[-0.8676179051399231,0.16504162549972535,0.13249355554580689,0.9090462923049927,-0.39049604535102847,0.1454230099916458,0.394277423620224,0.9189863204956055,0.0030536705162376167,-0.13483425974845887,0.05456114932894707,0.9893649220466614],"EasingStyle":"Constant","EasingDirection":"In"},"Right Arm":{"Weight":1,"CFrame":[-0.3684678077697754,-0.2852928936481476,-0.02184230089187622,0.4640311300754547,-0.8355619311332703,0.2941282391548157,0.8844579458236694,0.45543065667152407,-0.10157300531864166,-0.04908455163240433,0.30727705359458926,0.9503533840179443],"EasingStyle":"Constant","EasingDirection":"In"},"Head":{"Weight":1,"CFrame":[1.0151416063308716e-7,-1.210719347000122e-8,-1.4901161193847657e-7,0.9993200898170471,-0.029484307393431665,0.022138969972729684,0.029879415407776834,0.9993962049484253,-0.017735643312335016,-0.021602673456072809,0.01838509365916252,0.9995976686477661],"EasingStyle":"Constant","EasingDirection":"In"},"Left Arm":{"Weight":1,"CFrame":[-0.17489656805992127,-0.20129632949829102,0.07284530997276306,-0.762672483921051,0.6465129256248474,-0.01876511611044407,-0.6392005681991577,-0.7489815354347229,0.1744966357946396,0.09875954687595368,0.14507843554019929,0.9844790101051331],"EasingStyle":"Constant","EasingDirection":"In"},"Torso":{"Weight":1,"CFrame":[0.03698468953371048,-0.06686551868915558,-0.3128313720226288,0.9353621602058411,-0.3487975001335144,0.05863442271947861,0.35325706005096438,0.9295009970664978,-0.10600676387548447,-0.01752585358917713,0.1198677271604538,0.992635190486908],"EasingStyle":"Constant","EasingDirection":"In"},"HumanoidRootPart":{"Weight":0,"CFrame":[0,0,0,1,0,0,0,1,0,0,0,1],"EasingStyle":"Linear","EasingDirection":"In"},"Right Leg":{"Weight":1,"CFrame":[0.9696835279464722,0.23453009128570558,-0.1363893449306488,0.9444633722305298,0.29541727900505068,0.14393623173236848,-0.2989397644996643,0.9542672634124756,0.0029918754007667305,-0.13646970689296723,-0.045853953808546069,0.9895825386047363],"EasingStyle":"Constant","EasingDirection":"In"}}},{"Time":1.25,"poses":{"Left Leg":{"Weight":1,"CFrame":[-0.607663094997406,0.1060379147529602,0.09445154666900635,0.9575358033180237,-0.24899061024188996,0.14535760879516602,0.2512664198875427,0.9679140448570252,0.00278765382245183,-0.14138782024383546,0.033854175359010699,0.9893753528594971],"EasingStyle":"Constant","EasingDirection":"In"},"Right Arm":{"Weight":1,"CFrame":[-0.3684678077697754,-0.28529292345046999,-0.021842271089553834,-0.7219352126121521,-0.6830198764801025,0.11087727546691895,0.6802658438682556,-0.7298981547355652,-0.06698388606309891,0.12668044865131379,0.02706804871559143,0.9915742874145508],"EasingStyle":"Constant","EasingDirection":"In"},"Head":{"Weight":1,"CFrame":[8.66129994392395e-8,-1.1175870895385743e-8,1.1920928955078126e-7,0.9993200898170471,-0.029484307393431665,0.022138969972729684,0.029879415407776834,0.9993962049484253,-0.017735643312335016,-0.021602673456072809,0.01838509365916252,0.9995976686477661],"EasingStyle":"Constant","EasingDirection":"In"},"Left Arm":{"Weight":1,"CFrame":[-0.19937527179718018,-0.4040077030658722,0.07642433047294617,0.265385240316391,0.961578369140625,-0.07026849687099457,-0.9508467316627502,0.24896763265132905,-0.18413493037223817,-0.15956567227840424,0.11568128317594528,0.9803860783576965],"EasingStyle":"Constant","EasingDirection":"In"},"Torso":{"Weight":1,"CFrame":[0.03698468208312988,-0.06686551123857498,-0.15636970102787019,0.9353621602058411,-0.3487975001335144,0.05863442271947861,0.35325706005096438,0.9295009970664978,-0.10600676387548447,-0.01752585358917713,0.1198677271604538,0.992635190486908],"EasingStyle":"Constant","EasingDirection":"In"},"HumanoidRootPart":{"Weight":0,"CFrame":[0,0,0,1,0,0,0,1,0,0,0,1],"EasingStyle":"Linear","EasingDirection":"In"},"Right Leg":{"Weight":1,"CFrame":[0.701337456703186,0.14642083644866944,-0.09709131717681885,0.9781959056854248,0.1496560275554657,0.1439991593360901,-0.15162551403045655,0.9884342551231384,0.002736007794737816,-0.14192426204681397,-0.024510309100151063,0.9895740747451782],"EasingStyle":"Constant","EasingDirection":"In"}}},{"Time":1.3333333730697632,"poses":{"Left Leg":{"Weight":1,"CFrame":[-0.8676179051399231,0.16504162549972535,0.13249355554580689,0.9090462923049927,-0.39049604535102847,0.1454230099916458,0.394277423620224,0.9189863204956055,0.0030536705162376167,-0.13483425974845887,0.05456114932894707,0.9893649220466614],"EasingStyle":"Constant","EasingDirection":"In"},"Right Arm":{"Weight":1,"CFrame":[-0.3684678077697754,-0.2852928936481476,-0.02184230089187622,0.4640311300754547,-0.8355619311332703,0.2941282391548157,0.8844579458236694,0.45543065667152407,-0.10157300531864166,-0.04908455163240433,0.30727705359458926,0.9503533840179443],"EasingStyle":"Constant","EasingDirection":"In"},"Head":{"Weight":1,"CFrame":[1.0151416063308716e-7,-1.210719347000122e-8,-1.4901161193847657e-7,0.9993200898170471,-0.029484307393431665,0.022138969972729684,0.029879415407776834,0.9993962049484253,-0.017735643312335016,-0.021602673456072809,0.01838509365916252,0.9995976686477661],"EasingStyle":"Constant","EasingDirection":"In"},"Left Arm":{"Weight":1,"CFrame":[-0.17489656805992127,-0.20129632949829102,0.07284530997276306,-0.762672483921051,0.6465129256248474,-0.01876511611044407,-0.6392005681991577,-0.7489815354347229,0.1744966357946396,0.09875954687595368,0.14507843554019929,0.9844790101051331],"EasingStyle":"Constant","EasingDirection":"In"},"Torso":{"Weight":1,"CFrame":[0.03698468953371048,-0.06686551868915558,-0.3128313720226288,0.9353621602058411,-0.3487975001335144,0.05863442271947861,0.35325706005096438,0.9295009970664978,-0.10600676387548447,-0.01752585358917713,0.1198677271604538,0.992635190486908],"EasingStyle":"Constant","EasingDirection":"In"},"HumanoidRootPart":{"Weight":0,"CFrame":[0,0,0,1,0,0,0,1,0,0,0,1],"EasingStyle":"Linear","EasingDirection":"In"},"Right Leg":{"Weight":1,"CFrame":[0.9696835279464722,0.23453009128570558,-0.1363893449306488,0.9444633722305298,0.29541727900505068,0.14393623173236848,-0.2989397644996643,0.9542672634124756,0.0029918754007667305,-0.13646970689296723,-0.045853953808546069,0.9895825386047363],"EasingStyle":"Constant","EasingDirection":"In"}}},{"Time":1.4166666269302369,"poses":{"Left Leg":{"Weight":1,"CFrame":[-0.607663094997406,0.1060379147529602,0.09445154666900635,0.9575358033180237,-0.24899061024188996,0.14535760879516602,0.2512664198875427,0.9679140448570252,0.00278765382245183,-0.14138782024383546,0.033854175359010699,0.9893753528594971],"EasingStyle":"Constant","EasingDirection":"In"},"Right Arm":{"Weight":1,"CFrame":[-0.3684678077697754,-0.28529292345046999,-0.021842271089553834,-0.7219352126121521,-0.6830198764801025,0.11087727546691895,0.6802658438682556,-0.7298981547355652,-0.06698388606309891,0.12668044865131379,0.02706804871559143,0.9915742874145508],"EasingStyle":"Constant","EasingDirection":"In"},"Head":{"Weight":1,"CFrame":[8.66129994392395e-8,-1.1175870895385743e-8,1.1920928955078126e-7,0.9993200898170471,-0.029484307393431665,0.022138969972729684,0.029879415407776834,0.9993962049484253,-0.017735643312335016,-0.021602673456072809,0.01838509365916252,0.9995976686477661],"EasingStyle":"Constant","EasingDirection":"In"},"Left Arm":{"Weight":1,"CFrame":[-0.19937527179718018,-0.4040077030658722,0.07642433047294617,0.265385240316391,0.961578369140625,-0.07026849687099457,-0.9508467316627502,0.24896763265132905,-0.18413493037223817,-0.15956567227840424,0.11568128317594528,0.9803860783576965],"EasingStyle":"Constant","EasingDirection":"In"},"Torso":{"Weight":1,"CFrame":[0.03698468208312988,-0.06686551123857498,-0.15636970102787019,0.9353621602058411,-0.3487975001335144,0.05863442271947861,0.35325706005096438,0.9295009970664978,-0.10600676387548447,-0.01752585358917713,0.1198677271604538,0.992635190486908],"EasingStyle":"Constant","EasingDirection":"In"},"HumanoidRootPart":{"Weight":0,"CFrame":[0,0,0,1,0,0,0,1,0,0,0,1],"EasingStyle":"Linear","EasingDirection":"In"},"Right Leg":{"Weight":1,"CFrame":[0.701337456703186,0.14642083644866944,-0.09709131717681885,0.9781959056854248,0.1496560275554657,0.1439991593360901,-0.15162551403045655,0.9884342551231384,0.002736007794737816,-0.14192426204681397,-0.024510309100151063,0.9895740747451782],"EasingStyle":"Constant","EasingDirection":"In"}}},{"Time":1.5,"poses":{"Left Leg":{"Weight":1,"CFrame":[-0.8676179051399231,0.16504162549972535,0.13249355554580689,0.9090462923049927,-0.39049604535102847,0.1454230099916458,0.394277423620224,0.9189863204956055,0.0030536705162376167,-0.13483425974845887,0.05456114932894707,0.9893649220466614],"EasingStyle":"Constant","EasingDirection":"In"},"Right Arm":{"Weight":1,"CFrame":[-0.3684678077697754,-0.2852928936481476,-0.02184230089187622,0.4640311300754547,-0.8355619311332703,0.2941282391548157,0.8844579458236694,0.45543065667152407,-0.10157300531864166,-0.04908455163240433,0.30727705359458926,0.9503533840179443],"EasingStyle":"Constant","EasingDirection":"In"},"Head":{"Weight":1,"CFrame":[1.0151416063308716e-7,-1.210719347000122e-8,-1.4901161193847657e-7,0.9993200898170471,-0.029484307393431665,0.022138969972729684,0.029879415407776834,0.9993962049484253,-0.017735643312335016,-0.021602673456072809,0.01838509365916252,0.9995976686477661],"EasingStyle":"Constant","EasingDirection":"In"},"Left Arm":{"Weight":1,"CFrame":[-0.17489656805992127,-0.20129632949829102,0.07284530997276306,-0.762672483921051,0.6465129256248474,-0.01876511611044407,-0.6392005681991577,-0.7489815354347229,0.1744966357946396,0.09875954687595368,0.14507843554019929,0.9844790101051331],"EasingStyle":"Constant","EasingDirection":"In"},"Torso":{"Weight":1,"CFrame":[0.03698468953371048,-0.06686551868915558,-0.3128313720226288,0.9353621602058411,-0.3487975001335144,0.05863442271947861,0.35325706005096438,0.9295009970664978,-0.10600676387548447,-0.01752585358917713,0.1198677271604538,0.992635190486908],"EasingStyle":"Constant","EasingDirection":"In"},"HumanoidRootPart":{"Weight":0,"CFrame":[0,0,0,1,0,0,0,1,0,0,0,1],"EasingStyle":"Linear","EasingDirection":"In"},"Right Leg":{"Weight":1,"CFrame":[0.9696835279464722,0.23453009128570558,-0.1363893449306488,0.9444633722305298,0.29541727900505068,0.14393623173236848,-0.2989397644996643,0.9542672634124756,0.0029918754007667305,-0.13646970689296723,-0.045853953808546069,0.9895825386047363],"EasingStyle":"Constant","EasingDirection":"In"}}},{"Time":1.5833333730697632,"poses":{"Left Leg":{"Weight":1,"CFrame":[-0.607663094997406,0.1060379147529602,0.09445154666900635,0.9575358033180237,-0.24899061024188996,0.14535760879516602,0.2512664198875427,0.9679140448570252,0.00278765382245183,-0.14138782024383546,0.033854175359010699,0.9893753528594971],"EasingStyle":"Constant","EasingDirection":"In"},"Right Arm":{"Weight":1,"CFrame":[-0.3684678077697754,-0.28529292345046999,-0.021842271089553834,-0.7219352126121521,-0.6830198764801025,0.11087727546691895,0.6802658438682556,-0.7298981547355