{"Sequence":[{"Time":0,"poses":{"Left Leg":{"Weight":1,"CFrame":[-0.1789078414440155,0.014468073844909668,0.1062542200088501,0.8988065719604492,-0.2464931309223175,0.3624747097492218,0.2681832015514374,0.9633169174194336,-0.00991482101380825,-0.34673410654067995,0.10612113028764725,0.9319409728050232],"EasingStyle":"Linear","EasingDirection":"In"},"Right Arm":{"Weight":1,"CFrame":[0.5757561922073364,-0.5502671003341675,-0.01641613245010376,-0.5880765914916992,-0.807938814163208,0.03742920979857445,0.7803309559822083,-0.554594099521637,0.2889794409275055,-0.21271970868110658,0.19914908707141877,0.9566032886505127],"EasingStyle":"Linear","EasingDirection":"In"},"Head":{"Weight":1,"CFrame":[1.2246891856193543e-7,1.1175870895385743e-8,0,0.9985106587409973,-0.028743326663970948,-0.046373456716537479,0.02693890780210495,0.9988729953765869,-0.039077211171388629,0.0474444255232811,0.03776976093649864,0.9981595873832703],"EasingStyle":"Linear","EasingDirection":"In"},"Right Leg":{"Weight":1,"CFrame":[0.6079570651054382,0.24387365579605103,-0.03738516569137573,0.9679102301597595,0.2509515881538391,0.013154378160834313,-0.2503039538860321,0.9581202268600464,0.13911674916744233,0.02230818010866642,-0.13794517517089845,0.9901886582374573],"EasingStyle":"Linear","EasingDirection":"In"},"Torso":{"Weight":1,"CFrame":[-0.20930282771587373,-0.013239994645118714,-0.1706383228302002,0.9710796475410461,0.19562987983226777,-0.1368696540594101,-0.19970254600048066,0.9797167778015137,-0.016550008207559587,0.13085582852363587,0.04340459406375885,0.9904507994651794],"EasingStyle":"Linear","EasingDirection":"In"},"HumanoidRootPart":{"Weight":1,"CFrame":[0,0,0,1,0,0,0,1,0,0,0,1],"EasingStyle":"Linear","EasingDirection":"In"},"Left Arm":{"Weight":1,"CFrame":[-0.20350155234336854,-0.5073996782302856,0.02681863307952881,-0.33118748664855959,0.8687497973442078,0.36822354793548586,-0.8925337791442871,-0.41503626108169558,0.17643249034881593,0.3061017692089081,-0.2702197730541229,0.9128433465957642],"EasingStyle":"Linear","EasingDirection":"In"}}},{"Time":0.03333333507180214,"poses":{"Left Leg":{"Weight":1,"CFrame":[-0.17570261657238007,0.009730696678161621,0.10470640659332276,0.899498701095581,-0.2451774626970291,0.3616492450237274,0.2688348591327667,0.9630574584007263,-0.01575184054672718,-0.34442710876464846,0.11139275133609772,0.932181179523468],"EasingStyle":"Linear","EasingDirection":"In"},"Right Arm":{"Weight":1,"CFrame":[0.5570542812347412,-0.5287390947341919,-0.007563173770904541,-0.5870532393455505,-0.8095201849937439,0.006764325313270092,0.780083954334259,-0.5634331703186035,0.27205175161361697,-0.21642012894153596,0.1649855673313141,0.9622589349746704],"EasingStyle":"Linear","EasingDirection":"In"},"Head":{"Weight":1,"CFrame":[1.434236764907837e-7,1.862645149230957e-8,-1.1920928955078126e-7,0.9973543286323547,-0.032822925597429278,-0.06486298143863678,0.030546773225069047,0.9988929033279419,-0.03577691316604614,0.06596545875072479,0.033700913190841678,0.9972526431083679],"EasingStyle":"Linear","EasingDirection":"In"},"Right Leg":{"Weight":1,"CFrame":[0.609359622001648,0.2500523328781128,-0.038714826107025149,0.9682744741439819,0.24959972500801087,0.012023123912513256,-0.24866217374801637,0.9576424360275269,0.14521758258342744,0.024732455611228944,-0.14360027015209199,0.9893267750740051],"EasingStyle":"Linear","EasingDirection":"In"},"Torso":{"Weight":1,"CFrame":[-0.21067167818546296,-0.012689340859651566,-0.17152118682861329,0.9694778919219971,0.20035743713378907,-0.14131364226341248,-0.20457978546619416,0.9787213802337647,-0.015861686319112779,0.1351286619901657,0.044287461787462237,0.9898378252983093],"EasingStyle":"Linear","EasingDirection":"In"},"HumanoidRootPart":{"Weight":1,"CFrame":[0,0,0,1,0,0,0,1,0,0,0,1],"EasingStyle":"Linear","EasingDirection":"In"},"Left Arm":{"Weight":1,"CFrame":[-0.2169777750968933,-0.5229496359825134,0.02457427978515625,-0.3485412001609802,0.881019115447998,0.3198819160461426,-0.888002336025238,-0.4196030795574188,0.18810951709747315,0.2999514639377594,-0.2184920758008957,0.9285959601402283],"EasingStyle":"Linear","EasingDirection":"In"}}},{"Time":0.06666667014360428,"poses":{"Left Leg":{"Weight":1,"CFrame":[-0.17943507432937623,0.006703019142150879,0.10506856441497803,0.9002302885055542,-0.2462824136018753,0.35906872153282168,0.2716800570487976,0.9621540307998657,-0.021202264353632928,-0.3402576744556427,0.11663877218961716,0.9330703616142273],"EasingStyle":"Linear","EasingDirection":"In"},"Right Arm":{"Weight":1,"CFrame":[0.5366057753562927,-0.5068193674087524,0.0021167993545532228,-0.5857552289962769,-0.8099996447563171,-0.028132716193795205,0.7798911929130554,-0.5727498531341553,0.25244271755218508,-0.22059154510498048,0.1259290874004364,0.9672028422355652],"EasingStyle":"Linear","EasingDirection":"In"},"Head":{"Weight":1,"CFrame":[1.1129304766654968e-7,3.725290298461914e-9,-1.1920928955078126e-7,0.9962467551231384,-0.03584615886211395,-0.07878835499286652,0.03330497816205025,0.9988892674446106,-0.03333444520831108,0.0798957496881485,0.030585290864109994,0.9963338971138],"EasingStyle":"Linear","EasingDirection":"In"},"Right Leg":{"Weight":1,"CFrame":[0.6094100475311279,0.25508159399032595,-0.03868269920349121,0.9684716463088989,0.2489590346813202,0.009063840843737126,-0.24744769930839539,0.9571047425270081,0.15073241293430329,0.028851181268692018,-0.14822295308113099,0.9885331392288208],"EasingStyle":"Linear","EasingDirection":"In"},"Torso":{"Weight":1,"CFrame":[-0.20576231181621552,-0.012483987957239151,-0.17281746864318849,0.9688827395439148,0.20207998156547547,-0.1429334133863449,-0.20635715126991273,0.9783523082733154,-0.015604994259774685,0.13668577373027802,0.04461473971605301,0.9896093010902405],"EasingStyle":"Linear","EasingDirection":"In"},"HumanoidRootPart":{"Weight":1,"CFrame":[0,0,0,1,0,0,0,1,0,0,0,1],"EasingStyle":"Linear","EasingDirection":"In"},"Left Arm":{"Weight":1,"CFrame":[-0.23171254992485047,-0.5399519205093384,0.022120356559753419,-0.36785924434661868,0.8916338682174683,0.2639482021331787,-0.8829202055931091,-0.4239802360534668,0.2017243504524231,0.2917730510234833,-0.15883907675743104,0.9432066082954407],"EasingStyle":"Linear","EasingDirection":"In"}}},{"Time":0.10000000149011612,"poses":{"Left Leg":{"Weight":1,"CFrame":[-0.18754859268665315,0.00407862663269043,0.10656702518463135,0.9010075330734253,-0.2489003837108612,0.35529446601867678,0.2762135863304138,0.9607043862342835,-0.027444448322057725,-0.33450207114219668,0.1228647232055664,0.9343515038490295],"EasingStyle":"Linear","EasingDirection":"In"},"Right Arm":{"Weight":1,"CFrame":[0.5164359211921692,-0.48541513085365298,0.011664986610412598,-0.5842574238777161,-0.8090118765830994,-0.06436729431152344,0.7797905206680298,-0.5815883278846741,0.23169343173503877,-0.2248779833316803,0.08517556637525559,0.9706570506095886],"EasingStyle":"Linear","EasingDirection":"In"},"Head":{"Weight":1,"CFrame":[1.3550743460655213e-7,1.6763806343078614e-8,-2.980232238769531e-7,0.9950661659240723,-0.038551513105630878,-0.0914183109998703,0.03583705052733421,0.9988720417022705,-0.031151389703154565,0.09251613169908524,0.027721542865037919,0.9953252077102661],"EasingStyle":"Linear","EasingDirection":"In"},"Right Leg":{"Weight":1,"CFrame":[0.6087989807128906,0.26035112142562868,-0.0380786657333374,0.9685973525047302,0.24858766794204713,0.0048327757976949219,-0.24624352157115937,0.9564115405082703,0.15697534382343293,0.034400030970573428,-0.15323598682880402,0.9875907301902771],"EasingStyle":"Linear","EasingDirection":"In"},"Torso":{"Weight":1,"CFrame":[-0.19629725813865663,-0.012447569519281388,-0.1745896339416504,0.9687772989273071,0.20238329470157624,-0.14321865141391755,-0.2066701501607895,0.9782869815826416,-0.015559474937617779,0.136959969997406,0.04467267915606499,0.9895687699317932],"EasingStyle":"Linear","EasingDirection":"In"},"HumanoidRootPart":{"Weight":1,"CFrame":[0,0,0,1,0,0,0,1,0,0,0,1],"EasingStyle":"Linear","EasingDirection":"In"},"Left Arm":{"Weight":1,"CFrame":[-0.2462465763092041,-0.5567228198051453,0.019699811935424806,-0.3873802423477173,0.8988423347473145,0.20498505234718324,-0.8777403831481934,-0.4275895357131958,0.21619221568107606,0.281972199678421,-0.09617512673139572,0.9545899629592896],"EasingStyle":"Linear","EasingDirection":"In"}}},{"Time":0.13333334028720857,"poses":{"Left Leg":{"Weight":1,"CFrame":[-0.197776198387146,0.0008888840675354004,0.10853958129882813,0.9018042087554932,-0.25220245122909548,0.3509175777435303,0.28188660740852358,0.9587972164154053,-0.03532318398356438,-0.32755032181739809,0.13077354431152345,0.9357398748397827],"EasingStyle":"Linear","EasingDirection":"In"},"Right Arm":{"Weight":1,"CFrame":[0.4979988932609558,-0.4652585983276367,0.020392894744873048,-0.5826422572135925,-0.8065791726112366,-0.09979020059108734,0.779792070388794,-0.5894004106521606,0.2110251486301422,-0.22902488708496095,0.0451364666223526,0.9723736047744751],"EasingStyle":"Linear","EasingDirection":"In"},"Head":{"Weight":1,"CFrame":[1.8766149878501893e-7,9.313225746154785e-9,-1.1920928955078126e-7,0.9936327934265137,-0.04137851670384407,-0.10479401051998139,0.03855026885867119,0.9988394975662231,-0.028872709721326829,0.10586711764335633,0.024649042636156083,0.994074821472168],"EasingStyle":"Linear","EasingDirection":"In"},"Right Leg":{"Weight":1,"CFrame":[0.6080754995346069,0.2668634057044983,-0.0376395583152771,0.9687342643737793,0.24810083210468293,-0.00006015703547745943,-0.24469484388828278,0.9554750919342041,0.16489970684051515,0.04096931591629982,-0.1597292572259903,0.9863103628158569],"EasingStyle":"Linear","EasingDirection":"In"},"Torso":{"Weight":1,"CFrame":[-0.18372727930545808,-0.012434698641300202,-0.17687177658081056,0.9687401056289673,0.2024901956319809,-0.143319234251976,-0.20678046345710755,0.9782639145851135,-0.015543384477496148,0.1370566487312317,0.04469311609864235,0.9895544648170471],"EasingStyle":"Linear","EasingDirection":"In"},"HumanoidRootPart":{"Weight":1,"CFrame":[0,0,0,1,0,0,0,1,0,0,0,1],"EasingStyle":"Linear","EasingDirection":"In"},"Left Arm":{"Weight":1,"CFrame":[-0.2595318853855133,-0.5720525979995728,0.017487406730651857,-0.4058873653411865,0.9020890593528748,0.14659762382507325,-0.8727844953536987,-0.4301818609237671,0.2306317239999771,0.27111393213272097,-0.03433769568800926,0.9619346261024475],"EasingStyle":"Linear","EasingDirection":"In"}}},{"Time":0.1666666716337204,"poses":{"Left Leg":{"Weight":1,"CFrame":[-0.21388846635818482,-0.00021505355834960938,0.11138248443603516,0.9030930995941162,-0.25729086995124819,0.3438376784324646,0.28847867250442507,0.9565691947937012,-0.04189921170473099,-0.31812429428100588,0.13702872395515443,0.938093900680542],"EasingStyle":"Linear","EasingDirection":"In"},"Right Arm":{"Weight":1,"CFrame":[0.48083773255348208,-0.4464965760707855,0.028516530990600587,-0.5809025168418884,-0.8027432560920715,-0.13474299013614655,0.7798903584480286,-0.5963001251220703,0.19025571644306184,-0.23307378590106965,0.005435159429907799,0.9724438786506653],"EasingStyle":"Linear","EasingDirection":"In"},"Head":{"Weight":1,"CFrame":[7.776543498039246e-8,7.450580596923828e-9,2.384185791015625e-7,0.9921759963035584,-0.043898098170757297,-0.1168750450015068,0.041028887033462527,0.9987972974777222,-0.026844171807169915,0.11791287362575531,0.021838894113898279,0.992783784866333],"EasingStyle":"Linear","EasingDirection":"In"},"Right Leg":{"Weight":1,"CFrame":[0.6051908731460571,0.27129065990448,-0.03490561246871948,0.9686238765716553,0.24841377139091493,-0.007642579264938831,-0.24349474906921388,0.9547048807144165,0.17102301120758058,0.04978093504905701,-0.163796067237854,0.9852374196052551],"EasingStyle":"Linear","EasingDirection":"In"},"Torso":{"Weight":1,"CFrame":[-0.16642075777053834,-0.012787502259016037,-0.17926383018493653,0.969762921333313,0.1995263695716858,-0.14053227007389069,-0.20372234284877778,0.9788982272148132,-0.015984386205673219,0.13437749445438386,0.04413062334060669,0.9899470806121826],"EasingStyle":"Linear","EasingDirection":"In"},"HumanoidRootPart":{"Weight":1,"CFrame":[0,0,0,1,0,0,0,1,0,0,0,1],"EasingStyle":"Linear","EasingDirection":"In"},"Left Arm":{"Weight":1,"CFrame":[-0.27189791202545168,-0.5863210558891296,0.01542806625366211,-0.42350777983665469,0.9015598893165588,0.08849292248487473,-0.8680205941200256,-0.43181169033050539,0.24511049687862397,0.259194016456604,0.026992417871952058,0.9654480218887329],"EasingStyle":"Linear","EasingDirection":"In"}}},{"Time":0.20000000298023225,"poses":{"Left Leg":{"Weight":1,"CFrame":[-0.23884519934654237,0.0031076669692993166,0.11489999294281006,0.9053671956062317,-0.26491326093673708,0.3318602442741394,0.29559534788131716,0.9542683959007263,-0.04466952383518219,-0.30485019087791445,0.13853871822357179,0.9422703385353088],"EasingStyle":"Linear","EasingDirection":"In"},"Right Arm":{"Weight":1,"CFrame":[0.4653165936470032,-0.42952799797058108,0.03586399555206299,-0.5790818333625794,-0.7976641654968262,-0.16851161420345307,0.7800779342651367,-0.6021924614906311,0.1698310524225235,-0.2369445562362671,-0.033106233924627307,0.9709590077400208],"EasingStyle":"Linear","EasingDirection":"In"},"Head":{"Weight":1,"CFrame":[8.102506399154663e-8,1.4901161193847657e-8,0,0.9907837510108948,-0.04606303945183754,-0.12738078832626344,0.04320603236556053,0.9987508654594421,-0.025102978572249414,0.1283779740333557,0.0193680077791214,0.9915362596511841],"EasingStyle":"Linear","EasingDirection":"In"},"Right Leg":{"Weight":1,"CFrame":[0.5982108116149902,0.2708076238632202,-0.02752894163131714,0.9679468870162964,0.2503550946712494,-0.02003171294927597,-0.24331186711788178,0.9545081853866577,0.1723761409521103,0.062275711447000507,-0.16197699308395387,0.9848275184631348],"EasingStyle":"Linear","EasingDirection":"In"},"Torso":{"Weight":1,"CFrame":[-0.14310407638549806,-0.013751290738582611,-0.18145132064819337,0.9725750088691711,0.19108782708644868,-0.13260212540626527,-0.1950177401304245,0.9806491732597351,-0.01718912459909916,0.12675152719020844,0.042577482759952548,0.9910203218460083],"EasingStyle":"Linear","EasingDirection":"In"},"HumanoidRootPart":{"Weight":1,"CFrame":[0,0,0,1,0,0,0,1,0,0,0,1],"EasingStyle":"Linear","EasingDirection":"In"},"Left Arm":{"Weight":1,"CFrame":[-0.2830820381641388,-0.5992261171340942,0.013565301895141602,-0.43986403942108157,0.8974913954734802,0.032075319439172748,-0.863553524017334,-0.4324970841407776,0.25927188992500307,0.2465667575597763,0.08634544909000397,0.9652717113494873],"EasingStyle":"Linear","EasingDirection":"In"}}},{"Time":0.23333333432674409,"poses":{"Left Leg":{"Weight":1,"CFrame":[-0.2703159749507904,0.010583877563476563,0.11808228492736817,0.9083555340766907,-0.2741657793521881,0.31578993797302248,0.302621990442276,0.9521003365516663,-0.04387430101633072,-0.28863492608070376,0.13541848957538606,0.9478142261505127],"EasingStyle":"Linear","EasingDirection":"In"},"Right Arm":{"Weight":1,"CFrame":[0.45180022716522219,-0.4147510528564453,0.04226255416870117,-0.577232837677002,-0.7916042804718018,-0.20041196048259736,0.7803406715393066,-0.6070473790168762,0.15020619332790376,-0.24056346714496613,-0.06968571990728378,0.9681287407875061],"EasingStyle":"Linear","EasingDirection":"In"},"Head":{"Weight":1,"CFrame":[1.0803341865539551e-7,1.4901161193847657e-8,-1.7881393432617188e-7,0.9895492196083069,-0.04782772809267044,-0.13603317737579347,0.045014288276433948,0.9987056255340576,-0.023685012012720109,0.13698995113372804,0.01731405220925808,0.9904211759567261],"EasingStyle":"Linear","EasingDirection":"In"},"Right Leg":{"Weight":1,"CFrame":[0.5875195264816284,0.2657824754714966,-0.016358494758605958,0.9666081070899963,0.2536657154560089,-0.03636688366532326,-0.24419067800045014,0.9548012614250183,0.16948634386062623,0.07771605253219605,-0.15494641661643983,0.9848613739013672],"EasingStyle":"Linear","EasingDirection":"In"},"Torso":{"Weight":1,"CFrame":[-0.1148112565279007,-0.015144936740398407,-0.18349957466125489,0.9766976237297058,0.17783096432685853,-0.12015794217586518,-0.1813504844903946,0.9832363128662109,-0.018931182101368905,0.1147771030664444,0.040280744433403018,0.9925742745399475],"EasingStyle":"Linear","EasingDirection":"In"},"HumanoidRootPart":{"Weight":1,"CFrame":[0,0,0,1,0,0,0,1,0,0,0,1],"EasingStyle":"Linear","EasingDirection":"In"},"Left Arm":{"Weight":1,"CFrame":[-0.2928217351436615,-0.6104647517204285,0.011943221092224121,-0.4546583890914917,0.8904107809066773,-0.02131597511470318,-0.8594702482223511,-0.43232980370521548,0.2727673649787903,0.23365938663482667,0.14233632385730744,0.9618439078330994],"EasingStyle":"Linear","EasingDirection":"In"}}},{"Time":0.2666666805744171,"poses":{"Left Leg":{"Weight":1,"CFrame":[-0.3061608672142029,0.021929502487182618,0.1199946403503418,0.9117975831031799,-0.2841947376728058,0.29640957713127139,0.3090803325176239,0.9502058625221252,-0.03972600772976875,-0.27036020159721377,0.12783649563789369,0.9542344212532044],"EasingStyle":"Linear","EasingDirection":"In"},"Right Arm":{"Weight":1,"CFrame":[0.4406529664993286,-0.40256446599960329,0.04753923416137695,-0.5754165053367615,-0.7849118113517761,-0.22980299592018128,0.7806574702262878,-0.6108956336975098,0.13183501362800599,-0.24386446177959443,-0.10353738069534302,0.9642666578292847],"EasingStyle":"Linear","EasingDirection":"In"},"Head":{"Weight":1,"CFrame":[1.0104849934577942e-7,9.313225746154785e-9,-1.7881393432617188e-7,0.9885658025741577,-0.0491471067070961,-0.14255599677562715,0.04638657718896866,0.998667299747467,-0.022625690326094629,0.14347799122333527,0.015754293650388719,0.9895281195640564],"EasingStyle":"Linear","EasingDirection":"In"},"Right Leg":{"Weight":1,"CFrame":[0.573391318321228,0.25658196210861208,-0.002345442771911621,0.9645331501960754,0.2579890787601471,-0.05583469197154045,-0.24613070487976075,0.9554513692855835,0.1628875881433487,0.0953705906867981,-0.14336787164211274,0.9850635528564453],"EasingStyle":"Linear","EasingDirection":"In"},"Torso":{"Weight":1,"CFrame":[-0.0825715959072113,-0.01675635203719139,-0.1855001449584961,0.9815763235092163,0.16040171682834626,-0.10382286459207535,-0.16339531540870667,0.9863383173942566,-0.020945454016327859,0.0990447849035263,0.03752373158931732,0.9943752288818359],"EasingStyle":"Linear","EasingDirection":"In"},"HumanoidRootPart":{"Weight":1,"CFrame":[0,0,0,1,0,0,0,1,0,0,0,1],"EasingStyle":"Linear","EasingDirection":"In"},"Left Arm":{"Weight":1,"CFrame":[-0.3008542060852051,-0.6197333335876465,0.010605573654174805,-0.46767979860305788,0.8810853958129883,-0.07045716792345047,-0.8558375835418701,-0.431466281414032,0.28527000546455386,0.22094735503196717,0.19371476769447328,0.9558539986610413],"EasingStyle":"Linear","EasingDirection":"In"}}},{"Time":0.30000001192092898,"poses":{"Left Leg":{"Weight":1,"CFrame":[-0.34456342458724978,0.03678983449935913,0.11987590789794922,0.9154823422431946,-0.294270783662796,0.2744028866291046,0.3146563470363617,0.9486511945724487,-0.03244102746248245,-0.25076624751091006,0.11604181677103043,0.9610674381256104],"EasingStyle":"Linear","EasingDirection":"In"},"Right Arm":{"Weight":1,"CFrame":[0.4322394132614136,-0.3933664560317993,0.051522135734558108,-0.5736980438232422,-0.7780030369758606,-0.25608986616134646,0.7810029983520508,-0.6138174533843994,0.11516264081001282,-0.24678926169872285,-0.13393846154212953,0.959768533706665],"EasingStyle":"Linear","EasingDirection":"In"},"Head":{"Weight":1,"CFrame":[9.592622518539429e-8,-7.450580596923828e-9,-2.980232238769531e-7,0.9879217743873596,-0.049975041300058368,-0.14667324721813203,0.04725680500268936,0.9986413717269898,-0.021961241960525514,0.14757145941257478,0.014764677733182907,0.9889411926269531],"EasingStyle":"Linear","EasingDirection":"In"},"Right Leg":{"Weight":1,"CFrame":[0.5560079216957092,0.24361759424209596,0.013555049896240235,0.9616853594779968,0.2629017233848572,-0.07774389535188675,-0.24905522167682649,0.9563107490539551,0.15310516953468324,0.11459900438785553,-0.12787653505802155,0.9851471185684204],"EasingStyle":"Linear","EasingDirection":"In"},"Torso":{"Weight":1,"CFrame":[-0.047424882650375369,-0.01836632937192917,-0.18755030632019044,0.9866387844085693,0.1394592970609665,-0.08423309773206711,-0.14184117317199708,0.9896231889724731,-0.022957928478717805,0.0801573395729065,0.034598901867866519,0.9961815476417542],"EasingStyle":"Linear","EasingDirection":"In"},"HumanoidRootPart":{"Weight":1,"CFrame":[0,0,0,1,0,0,0,1,0,0,0,1],"EasingStyle":"Linear","EasingDirection":"In"},"Left Arm":{"Weight":1,"CFrame":[-0.30691683292388918,-0.6267290115356445,0.009595870971679688,-0.478799045085907,0.8704561591148377,-0.11426928639411926,-0.8527020215988159,-0.43011242151260378,0.29648399353027346,0.2089276909828186,0.23939381539821626,0.94817715883255],"EasingStyle":"Linear","EasingDirection":"In"}}},{"Time":0.3333333432674408,"poses":{"Left Leg":{"Weight":1,"CFrame":[-0.3839731514453888,0.05471748113632202,0.11721551418304444,0.9192271828651428,-0.3037989139556885,0.2504549026489258,0.3191838562488556,0.9474315047264099,-0.02225518971681595,-0.23052777349948884,0.10039877891540528,0.9678724408149719],"EasingStyle":"Linear","EasingDirection":"In"},"Right Arm":{"Weight":1,"CFrame":[0.4269239902496338,-0.3875550627708435,0.054038405418395999,-0.5721453428268433,-0.7713384032249451,-0.27872365713119509,0.7813489437103272,-0.6159296631813049,0.10061995685100556,-0.24928615987300874,-0.1602112352848053,0.9550857543945313],"EasingStyle":"Linear","EasingDirection":"In"},"Head":{"Weight":1,"CFrame":[7.776543498039246e-8,-1.4901161193847657e-8,-2.384185791015625e-7,0.9876932501792908,-0.050262633711099628,-0.14810767769813538,0.04756074398756027,0.9986319541931152,-0.021730588749051095,0.14899730682373048,0.01441903505474329,0.9887325167655945],"EasingStyle":"Linear","EasingDirection":"In"},"Right Leg":{"Weight":1,"CFrame":[0.5355722308158875,0.2273685336112976,0.0303727388381958,0.9580775499343872,0.2679571211338043,-0.10142233967781067,-0.2528298497200012,0.9572310447692871,0.14066189527511598,0.1347760409116745,-0.10912245512008667,0.9848491549491882],"EasingStyle":"Linear","EasingDirection":"In"},"Torso":{"Weight":1,"CFrame":[-0.010431736707687378,-0.01976969838142395,-0.18973660469055177,0.9913449883460999,0.11569283157587052,-0.062050916254520419,-0.11740665882825852,0.9927765130996704,-0.02471214160323143,0.058743666857481,0.03178345412015915,0.9977670311927795],"EasingStyle":"Linear","EasingDirection":"In"},"HumanoidRootPart":{"Weight":1,"CFrame":[0,0,0,1,0,0,0,1,0,0,0,1],"EasingStyle":"Linear","EasingDirection":"In"},"Left Arm":{"Weight":1,"CFrame":[-0.31074708700180056,-0.6311486959457398,0.008957982063293457,-0.48795178532600405,0.8595660924911499,-0.15181967616081239,-0.8500941395759583,-0.4285021722316742,0.3061470091342926,0.19809852540493012,0.27844592928886416,0.9398003816604614],"EasingStyle":"Linear","EasingDirection":"In"}}},{"Time":0.36666667461395266,"poses":{"Left Leg":{"Weight":1,"CFrame":[-0.42305535078048708,0.07517033815383911,0.1117715835571289,0.9228807091712952,-0.3123115599155426,0.22528362274169923,0.32260391116142275,0.9464870095252991,-0.009437335655093193,-0.2102806717157364,0.08138692378997803,0.9742475748062134],"EasingStyle":"Linear","EasingDirection":"In"},"Right Arm":{"Weight":1,"CFrame":[0.425071120262146,-0.385529100894928,0.054915547370910647,-0.570827066898346,-0.7653976678848267,-0.29719188809394839,0.7816653251647949,-0.6173697710037231,0.08862227201461792,-0.2513085603713989,-0.1817166656255722,0.9506961703300476],"EasingStyle":"Linear","EasingDirection":"In"},"Head":{"Weight":1,"CFrame":[1.0151416063308716e-7,-6.402842700481415e-10,1.1920928955078126e-7,0.9879218339920044,-0.04997505992650986,-0.14667324721813203,0.04725679010152817,0.9986414313316345,-0.021961286664009095,0.14757150411605836,0.014764727093279362,0.9889412522315979],"EasingStyle":"Linear","EasingDirection":"In"},"Right Leg":{"Weight":1,"CFrame":[0.5123721361160278,0.20839279890060426,0.04715251922607422,0.9537846446037293,0.27271535992622378,-0.1261792629957199,-0.25726523995399477,0.9580813646316528,0.12607385218143464,0.15527230501174928,-0.08778581023216248,0.9839635491371155],"EasingStyle":"Linear","EasingDirection":"In"},"Torso":{"Weight":1,"CFrame":[0.02732187509536743,-0.020793743431568147,-0.19211626052856446,0.9952331185340881,0.08982955664396286,-0.03797028213739395,-0.09084761142730713,0.9955255389213562,-0.025992199778556825,0.03546551614999771,0.029317807406187059,0.9989407658576965],"EasingStyle":"Linear","EasingDirection":"In"},"HumanoidRootPart":{"Weight":1,"CFrame":[0,0,0,1,0,0,0,1,0,0,0,1],"EasingStyle":"Linear","EasingDirection":"In"},"Left Arm":{"Weight":1,"CFrame":[-0.3120821714401245,-0.6326887607574463,0.00873565673828125,-0.49511900544166567,0.8494842052459717,-0.182301327586174,-0.8480324745178223,-0.4268819987773895,0.31402698159217837,0.18893982470035554,0.3100780248641968,0.9317474961280823],"EasingStyle":"Linear","EasingDirection":"In"}}},{"Time":0.4000000059604645,"poses":{"Left Leg":{"Weight":1,"CFrame":[-0.4606672525405884,0.09752380847930908,0.10357177257537842,0.9263293147087097,-0.3194650113582611,0.19963985681533814,0.3249249756336212,0.9457226991653442,0.00569929601624608,-0.19062469899654389,0.059588588774204257,0.9798528552055359],"EasingStyle":"Linear","EasingDirection":"In"},"Right Arm":{"Weight":1,"CFrame":[0.427110493183136,-0.3877589702606201,0.053949832916259769,-0.5698104500770569,-0.7606527209281921,-0.3110041618347168,0.7819220423698425,-0.6182770133018494,0.07957025617361069,-0.2528120279312134,-0.19784119725227357,0.9470718502998352],"EasingStyle":"Linear","EasingDirection":"In"},"Head":{"Weight":1,"CFrame":[1.150183379650116e-7,-3.725290298461914e-9,-5.960464477539063e-8,0.9885658025741577,-0.0491471104323864,-0.1425560563802719,0.04638657346367836,0.998667299747467,-0.022625671699643136,0.14347806572914124,0.015754276886582376,0.9895281195640564],"EasingStyle":"Linear","EasingDirection":"In"},"Right Leg":{"Weight":1,"CFrame":[0.4868274927139282,0.1873282790184021,0.06301343441009522,0.948944628238678,0.27678534388542178,-0.15130746364593507,-0.26213449239730837,0.9587600231170654,0.10983988642692566,0.17546968162059785,-0.0645691454410553,0.9823651313781738],"EasingStyle":"Linear","EasingDirection":"In"},"Torso":{"Weight":1,"CFrame":[0.06472624093294144,-0.021313339471817018,-0.19470477104187013,0.9979555010795593,0.06263504922389984,-0.012714948505163193,-0.06295598298311234,0.9976606369018555,-0.02664169855415821,0.011016499251127243,0.02738771215081215,0.9995641708374023],"EasingStyle":"Linear","EasingDirection":"In"},"HumanoidRootPart":{"Weight":1,"CFrame":[0,0,0,1,0,0,0,1,0,0,0,1],"EasingStyle":"Linear","EasingDirection":"In"},"Left Arm":{"Weight":1,"CFrame":[-0.31061261892318728,-0.6309933662414551,0.008980393409729004,-0.5002955198287964,0.8412401080131531,-0.2049865573644638,-0.8465314507484436,-0.4254884719848633,0.319912850856781,0.1819041669368744,0.3335783779621124,0.9250061511993408],"EasingStyle":"Linear","EasingDirection":"In"}}},{"Time":0.4333333373069763,"poses":{"Left Leg":{"Weight":1,"CFrame":[-0.4958382844924927,0.12110036611557007,0.0928952693939209,0.9295023083686829,-0.32503217458724978,0.17429766058921815,0.32618749141693118,0.9450302124023438,0.022795693948864938,-0.17212598025798798,0.035665061324834827,0.9844291806221008],"EasingStyle":"Linear","EasingDirection":"In"},"Right Arm":{"Weight":1,"CFrame":[0.4329473376274109,-0.39414024353027346,0.05118691921234131,-0.5691587924957275,-0.7575410604476929,-0.3196714520454407,0.7820924520492554,-0.6187704801559448,0.0738549679517746,-0.2537514567375183,-0.20797750353813172,0.9446458220481873],"EasingStyle":"Linear","EasingDirection":"In"},"Head":{"Weight":1,"CFrame":[1.2211967259645463e-7,4.6566128730773929e-9,-2.384185791015625e-7,0.9895492196083069,-0.04782773181796074,-0.13603325188159944,0.045014288276433948,0.9987056255340576,-0.02368510700762272,0.13698993623256684,0.017314134165644647,0.9904211759567261],"EasingStyle":"Linear","EasingDirection":"In"},"Right Leg":{"Weight":1,"CFrame":[0.45951664447784426,0.16487526893615724,0.07720518112182617,0.9437569379806519,0.2798503637313843,-0.17608709633350373,-0.267184853553772,0.9592022895812988,0.09242945909500122,0.19476965069770814,-0.040183182805776599,0.9800256490707398],"EasingStyle":"Linear","EasingDirection":"In"},"Torso":{"Weight":1,"CFrame":[0.10065430402755737,-0.02126185968518257,-0.19746661186218263,0.9993064403533936,0.03490529581904411,0.01296988781541586,-0.03455137461423874,0.9990494847297669,-0.02657734975218773,-0.013885249383747578,0.02611079066991806,0.9995626211166382],"EasingStyle":"Linear","EasingDirection":"In"},"HumanoidRootPart":{"Weight":1,"CFrame":[0,0,0,1,0,0,0,1,0,0,0,1],"EasingStyle":"Linear","EasingDirection":"In"},"Left Arm":{"Weight":1,"CFrame":[-0.3064066767692566,-0.626140832901001,0.009680986404418946,-0.5034615993499756,0.835758626461029,-0.21916623413562776,-0.8456077575683594,-0.4245348274707794,0.3236014246940613,0.17740902304649354,0.34824952483177187,0.9204609394073486],"EasingStyle":"Linear","EasingDirection":"In"}}},{"Time":0.46666666865348818,"poses":{"Left Leg":{"Weight":1,"CFrame":[-0.5277581810951233,0.14519727230072022,0.08024179935455322,0.9323702454566956,-0.328896164894104,0.15004372596740724,0.3264380097389221,0.9443095922470093,0.041446324437856677,-0.15531928837299348,0.010336676612496376,0.9878102540969849],"EasingStyle":"Linear","EasingDirection":"In"},"Right Arm":{"Weight":1,"CFrame":[0.44215962290763857,-0.40421122312545779,0.04682588577270508,-0.5689300894737244,-0.7564358711242676,-0.3226815462112427,0.7821531891822815,-0.6189281344413757,0.07186367362737656,-0.25407689809799197,-0.2115010768175125,0.9437755942344666],"EasingStyle":"Linear","EasingDirection":"In"},"Head":{"Weight":1,"CFrame":[9.12696123123169e-8,1.4668330550193787e-8,3.5762786865234377e-7,0.9907837510108948,-0.046063028275966647,-0.12738081812858582,0.04320603981614113,0.9987507462501526,-0.025103069841861726,0.1283780038356781,0.019368087872862817,0.9915362596511841],"EasingStyle":"Linear","EasingDirection":"In"},"Right Leg":{"Weight":1,"CFrame":[0.431193083524704,0.1417749524116516,0.08916056156158447,0.9384710788726807,0.2816978394985199,-0.19979539513587953,-0.2721622884273529,0.9593808054924011,0.0742713138461113,0.21260197460651399,-0.015324734151363373,0.9770187735557556],"EasingStyle":"Linear","EasingDirection":"In"},"Torso":{"Weight":1,"CFrame":[0.13397261500358582,-0.020637113600969316,-0.20030975341796876,0.9992372989654541,0.007453195750713348,0.03833078593015671,-0.006466695107519627,0.9996463060379028,-0.025796424597501756,-0.038509491831064227,0.02552887238562107,0.9989321827888489],"EasingStyle":"Linear","EasingDirection":"In"},"HumanoidRootPart":{"Weight":1,"CFrame":[0,0,0,1,0,0,0,1,0,0,0,1],"EasingStyle":"Linear","EasingDirection":"In"},"Left Arm":{"Weight":1,"CFrame":[-0.29976847767829897,-0.6184804439544678,0.01078641414642334,-0.5045462250709534,0.8337992429733276,-0.22408021986484528,-0.8452903032302856,-0.42418918013572695,0.3248814046382904,0.17583344876766206,0.35333046317100527,0.9188253879547119],"EasingStyle":"Linear","EasingDirection":"In"}}},{"Time":0.5,"poses":{"Left Leg":{"Weight":1,"CFrame":[-0.5557593107223511,0.16910803318023683,0.06630456447601319,0.9349403381347656,-0.33104127645492556,0.12766435742378236,0.325709730386734,0.9434866309165955,0.06120605394244194,-0.14071138203144074,-0.01564251072704792,0.9899271130561829],"EasingStyle":"Linear","EasingDirection":"In"},"Right Arm":{"Weight":1,"CFrame":[0.4543255865573883,-0.4175127148628235,0.041066884994506839,-0.5691818594932556,-0.7576517462730408,-0.3193679749965668,0.7820862531661987,-0.6187542676925659,0.07405548542737961,-0.2537185847759247,-0.20762233436107636,0.9447327256202698],"EasingStyle":"Linear","EasingDirection":"In"},"Head":{"Weight":1,"CFrame":[1.4010583981871606e-7,-9.313225746154786e-10,-7.152557373046875e-7,0.9921759963035584,-0.043898098170757297,-0.1168750450015068,0.04102889075875282,0.9987973570823669,-0.026844173669815065,0.11791288107633591,0.02183888852596283,0.9927838444709778],"EasingStyle":"Linear","EasingDirection":"In"},"Right Leg":{"Weight":1,"CFrame":[0.4027784764766693,0.11875909566879273,0.098533034324646,0.9333741664886475,0.28223273158073428,-0.22171491384506226,-0.27683064341545107,0.9593004584312439,0.05574501305818558,0.22842438519001008,0.009346464648842812,0.9735168218612671],"EasingStyle":"Linear","EasingDirection":"In"},"Torso":{"Weight":1,"CFrame":[0.1635526865720749,-0.019501768052577974,-0.20308494567871095,0.9978584051132202,-0.018906962126493455,0.06262067705392838,0.020467739552259446,0.9994933009147644,-0.024377241730690004,-0.06212804839015007,0.025606730952858926,0.9977397322654724],"EasingStyle":"Linear","EasingDirection":"In"},"HumanoidRootPart":{"Weight":1,"CFrame":[0,0,0,1,0,0,0,1,0,0,0,1],"EasingStyle":"Linear","EasingDirection":"In"},"Left Arm":{"Weight":1,"CFrame":[-0.2910018861293793,-0.6083654761314392,0.012246370315551758,-0.5033518671989441,0.8359545469284058,-0.21867071092128755,-0.8456398248672485,-0.42456915974617007,0.32347235083580019,0.17756734788417817,0.3477369546890259,0.9206241965293884],"EasingStyle":"Linear","EasingDirection":"In"}}},{"Time":0.5333333611488342,"poses":{"Left Leg":{"Weight":1,"CFrame":[-0.5794380307197571,0.19201838970184327,0.05194234848022461,0.9372285008430481,-0.3316175639629364,0.10785481333732605,0.32413166761398318,0.9425123333930969,0.08129671961069107,-0.12861396372318269,-0.04123443737626076,0.9908371567726135],"EasingStyle":"Linear","EasingDirection":"In"},"Right Arm":{"Weight":1,"CFrame":[0.46902310848236086,-0.43358010053634646,0.03410923480987549,-0.5698966979980469,-0.7610604763031006,-0.3098461627960205,0.7818999290466309,-0.6182065606117249,0.08033169060945511,-0.25268617272377016,-0.19648802280426026,0.9473870992660523],"EasingStyle":"Linear","EasingDirection":"In"},"Head":{"Weight":1,"CFrame":[1.5588011592626572e-7,1.0244548320770264e-8,1.1920928955078126e-7,0.9936328530311585,-0.04137851297855377,-0.10479401797056198,0.03855025768280029,0.9988394975662231,-0.0288727767765522,0.10586712509393692,0.02464909479022026,0.994074821472168],"EasingStyle":"Linear","EasingDirection":"In"},"Right Leg":{"Weight":1,"CFrame":[0.3753546178340912,0.09671342372894287,0.10521900653839112,0.9287459254264832,0.2815202474594116,-0.2411997765302658,-0.2809576094150543,0.9589887261390686,0.037464819848537448,0.24185501039028169,0.032971568405628207,0.9697520732879639],"EasingStyle":"Linear","EasingDirection":"In"},"Torso":{"Weight":1,"CFrame":[0.18873381614685059,-0.01797819882631302,-0.2056725025177002,0.9954267740249634,-0.04337499290704727,0.08511239290237427,0.045439738780260089,0.99871426820755,-0.022472776472568513,-0.0840282067656517,0.0262374896556139,0.996117889881134],"EasingStyle":"Linear","EasingDirection":"In"},"HumanoidRootPart":{"Weight":1,"CFrame":[0,0,0,1,0,0,0,1,0,0,0,1],"EasingStyle":"Linear","EasingDirection":"In"},"Left Arm":{"Weight":1,"CFrame":[-0.2804112136363983,-0.5961443781852722,0.014010190963745118,-0.499867707490921,0.8419544696807861,-0.2030888944864273,-0.8466558456420898,-0.4256114959716797,0.3194196820259094,0.18249988555908204,0.3316139280796051,0.9255949854850769],"EasingStyle":"Linear","EasingDirection":"In"}}},{"Time":0.5666666626930237,"poses":{"Left Leg":{"Weight":1,"CFrame":[-0.5986819863319397,0.21294277906417848,0.03816235065460205,0.9392234683036804,-0.33098018169403078,0.09116776287555695,0.3219938576221466,0.9413961172103882,0.10046613216400147,-0.11907730251550675,-0.06500473618507385,0.9907548427581787],"EasingStyle":"Linear","EasingDirection":"In"},"Right Arm":{"Weight":1,"CFrame":[0.4858303666114807,-0.4519548714160919,0.026153087615966798,-0.5710070729255676,-0.7662238478660584,-0.2947064936161041,0.7816210389137268,-0.6171910166740418,0.09024371951818466,-0.251037061214447,-0.17881906032562257,0.9513170719146729],"EasingStyle":"Linear","EasingDirection":"In"},"Head":{"Weight":1,"CFrame":[8.568167686462403e-8,3.725290298461914e-9,0,0.9950661063194275,-0.03855152800679207,-0.09141834825277329,0.03583706170320511,0.9988721013069153,-0.031151317059993745,0.09251615405082703,0.027721459046006204,0.9953252077102661],"EasingStyle":"Linear","EasingDirection":"In"},"Right Leg":{"Weight":1,"CFrame":[0.3501330614089966,0.07669806480407715,0.10937714576721192,0.9248178005218506,0.2798251211643219,-0.2577010989189148,-0.2843295931816101,0.9585092067718506,0.020418724045157434,0.2527225613594055,0.054388388991355899,0.9660089015960693],"EasingStyle":"Linear","EasingDirection":"In"},"Torso":{"Weight":1,"CFrame":[0.20954836905002595,-0.01623823493719101,-0.20802879333496095,0.9923227429389954,-0.06517587602138519,0.105107881128788,0.06766598671674729,0.99750155210495,-0.020297829061746599,-0.10352233052253723,0.027254223823547365,0.9942537546157837],"EasingStyle":"Linear","EasingDirection":"In"},"HumanoidRootPart":{"Weight":1,"CFrame":[0,0,0,1,0,0,0,1,0,0,0,1],"EasingStyle":"Linear","EasingDirection":"In"},"Left Arm":{"Weight":1,"CFrame":[-0.26830026507377627,-0.5821697115898132,0.016027092933654786,-0.4941703975200653,0.8509036898612976,-0.17820897698402406,-0.84830641746521,-0.4271158277988434,0.3129670321941376,0.1901889145374298,0.3058348000049591,0.9328951239585877],"EasingStyle":"Linear","EasingDirection":"In"}}},{"Time":0.6000000238418579,"poses":{"Left Leg":{"Weight":1,"CFrame":[-0.6134076118469238,0.23097407817840577,0.02605414390563965,0.9408923983573914,-0.3295680284500122,0.07814440876245499,0.3195793330669403,0.9402426481246948,0.11752836406230927,-0.11220838129520416,-0.08560813963413239,0.989990234375],"EasingStyle":"Linear","EasingDirection":"In"},"Right Arm":{"Weight":1,"CFrame":[0.5043253898620606,-0.47217461466789248,0.01739788055419922,-0.5724391937255859,-0.772628903388977,-0.2745141088962555,0.7812812924385071,-0.6155655384063721,0.10333794355392456,-0.24882327020168305,-0.15531812608242036,0.9560143351554871],"EasingStyle":"Linear","EasingDirection":"In"},"Head":{"Weight":1,"CFrame":[1.4062970876693726e-7,7.450580596923828e-9,0,0.9963976144790649,-0.03546709939837456,-0.07703153789043427,0.032955069094896319,0.9988905191421509,-0.033640578389167789,0.07813920825719834,0.03098081424832344,0.996461033821106],"EasingStyle":"Linear","EasingDirection":"In"},"Right Leg":{"Weight":1,"CFrame":[0.328443706035614,0.059615254402160647,0.11140298843383789,0.9217886328697205,0.27757203578948977,-0.2706650197505951,-0.28685635328292849,0.9579579830169678,0.0054736086167395119,0.2608051002025604,0.07259639352560044,0.9626581072807312],"EasingStyle":"Linear","EasingDirection":"In"},"Torso":{"Weight":1,"CFrame":[0.22593754529953004,-0.014488622546195984,-0.21005868911743165,0.9890132546424866,-0.08356486260890961,0.12194123864173889,0.08639631420373917,0.9960961937904358,-0.018110815435647966,-0.1199517697095871,0.0284471046179533,0.9923721551895142],"EasingStyle":"Linear","EasingDirection":"In"},"HumanoidRootPart":{"Weight":1,"CFrame":[0,0,0,1,0,0,0,1,0,0,0,1],"EasingStyle":"Linear","EasingDirection":"In"},"Left Arm":{"Weight":1,"CFrame":[-0.2549731135368347,-0.5667916536331177,0.01824665069580078,-0.4862799048423767,0.8617134094238281,-0.14485079050064088,-0.8505724668502808,-0.42883291840553286,0.30434995889663699,0.2001456767320633,0.2712053060531616,0.9414825439453125],"EasingStyle":"Linear","EasingDirection":"In"}}},{"Time":0.6333333253860474,"poses":{"Left Leg":{"Weight":1,"CFrame":[-0.6235629320144653,0.24524104595184327,0.016737937927246095,0.9421730637550354,-0.32788407802581789,0.06929795444011688,0.3172006607055664,0.939224898815155,0.1313025802373886,-0.10813845694065094,-0.10172835737466812,0.9889172911643982],"EasingStyle":"Linear","EasingDirection":"In"},"Right Arm":{"Weight":1,"CFrame":[0.5240862369537354,-0.49377885460853579,0.008043408393859864,-0.5741149187088013,-0.7797257900238037,-0.2498396635055542,0.780915379524231,-0.6131680011749268,0.11914760619401932,-0.24609613418579102,-0.12669935822486878,0.960928738117218],"EasingStyle":"Linear","Eas