{"Sequence":[{"Time":0,"poses":{"Left Leg":{"Weight":1,"CFrame":[-0.40855348110198977,0.46775758266448977,0.18948066234588624,0.7959548830986023,-0.35316580533981326,0.4916600286960602,0.2354496568441391,0.9288440942764282,0.28602826595306399,-0.5576909184455872,-0.11190449446439743,0.8224709033966065],"EasingStyle":"Linear","EasingDirection":"In"},"Right Arm":{"Weight":1,"CFrame":[-0.05845220386981964,-0.06213805079460144,-0.04504877328872681,0.64363032579422,-0.1074712872505188,-0.7577531933784485,0.1895369589328766,0.9816322922706604,0.02176745794713497,0.7414957284927368,-0.15763252973556519,0.652178168296814],"EasingStyle":"Linear","EasingDirection":"In"},"Head":{"Weight":1,"CFrame":[1.0989606380462647e-7,-4.3888576328754428e-8,3.5762786865234377e-7,0.9996998906135559,0.019337160512804986,0.015045532956719399,-0.019923655316233636,0.999006450176239,0.0398644283413887,-0.01425971556454897,-0.04015224054455757,0.9990918636322022],"EasingStyle":"Linear","EasingDirection":"In"},"Right Leg":{"Weight":1,"CFrame":[0.5388292670249939,0.4380529522895813,0.09613144397735596,0.9641467928886414,0.1518891602754593,-0.21760235726833344,-0.13607649505138398,0.9869597554206848,0.08598644286394119,0.22782525420188905,-0.05329298973083496,0.9722425937652588],"EasingStyle":"Linear","EasingDirection":"In"},"Torso":{"Weight":1,"CFrame":[0.09347598254680634,0.27386176586151125,-0.4714622497558594,0.8833928108215332,0.46619415283203127,0.04775240272283554,-0.4686049818992615,0.8776174187660217,0.100980743765831,0.005168301984667778,-0.11158265173435211,0.9937418103218079],"EasingStyle":"Linear","EasingDirection":"In"},"HumanoidRootPart":{"Weight":1,"CFrame":[0,0,0,1,0,0,0,1,0,0,0,1],"EasingStyle":"Linear","EasingDirection":"In"},"Left Arm":{"Weight":1,"CFrame":[0.006828189827501774,-0.11026304960250855,0.009504318237304688,0.6590826511383057,-0.04827474057674408,0.7505194544792175,-0.130623921751976,0.9754222631454468,0.17745071649551392,-0.7406399250030518,-0.2149905413389206,0.6365782022476196],"EasingStyle":"Linear","EasingDirection":"In"}}},{"Time":0.03333333507180214,"poses":{"Left Leg":{"Weight":1,"CFrame":[-0.40533560514450076,0.42219847440719607,0.1900097131729126,0.7950032353401184,-0.37245839834213259,0.47879496216773989,0.25772571563720705,0.921913206577301,0.28922930359840395,-0.5491333603858948,-0.10654047131538391,0.8289160132408142],"EasingStyle":"Linear","EasingDirection":"In"},"Right Arm":{"Weight":1,"CFrame":[-0.05589596554636955,-0.09514808654785156,0.0018398761749267579,0.634357213973999,-0.11259178072214127,-0.7647967338562012,0.28020018339157107,0.9555482268333435,0.09173677116632462,0.7204713225364685,-0.2724900245666504,0.6377071142196655],"EasingStyle":"Linear","EasingDirection":"In"},"Head":{"Weight":1,"CFrame":[9.313225746154785e-8,3.725290298461914e-9,1.1920928955078126e-7,0.9997001886367798,0.016591349616646768,0.018007954582571985,-0.01681278645992279,0.9997841119766235,0.012213857844471932,-0.017801420763134958,-0.012512970715761185,0.9997633099555969],"EasingStyle":"Linear","EasingDirection":"In"},"Right Leg":{"Weight":1,"CFrame":[0.5368156433105469,0.40281224250793459,0.0979233980178833,0.9572704434394836,0.18313689529895783,-0.22381748259067536,-0.1642213612794876,0.9812852740287781,0.10055212676525116,0.23804350197315217,-0.05950002372264862,0.9694303274154663],"EasingStyle":"Linear","EasingDirection":"In"},"Torso":{"Weight":1,"CFrame":[0.0962366834282875,0.285771906375885,-0.4443204402923584,0.8861826658248901,0.4602360725402832,0.05350784212350845,-0.4632090926170349,0.8773086071014404,0.12556667625904084,0.010847418569028378,-0.13606032729148866,0.990641176700592],"EasingStyle":"Linear","EasingDirection":"In"},"HumanoidRootPart":{"Weight":1,"CFrame":[0,0,0,1,0,0,0,1,0,0,0,1],"EasingStyle":"Linear","EasingDirection":"In"},"Left Arm":{"Weight":1,"CFrame":[-0.013317707926034928,-0.11891815066337586,0.08489584922790528,0.6021779775619507,0.0014996530953794718,0.7983605265617371,-0.2628253400325775,0.9446289539337158,0.19646643102169038,-0.75385981798172,-0.3281370997428894,0.5692288875579834],"EasingStyle":"Linear","EasingDirection":"In"}}},{"Time":0.06666667014360428,"poses":{"Left Leg":{"Weight":1,"CFrame":[-0.40448904037475588,0.3789748549461365,0.18316686153411866,0.8027098178863525,-0.3841072916984558,0.4562000632286072,0.274501234292984,0.917081356048584,0.2891554832458496,-0.5294392704963684,-0.10688041895627976,0.8415881395339966],"EasingStyle":"Linear","EasingDirection":"In"},"Right Arm":{"Weight":1,"CFrame":[-0.03800119459629059,-0.1265726089477539,0.10806703567504883,0.5973273515701294,-0.14915388822555543,-0.7880057692527771,0.4993989169597626,0.8379895091056824,0.21994152665138246,0.6275354027748108,-0.5249064564704895,0.5750414729118347],"EasingStyle":"Linear","EasingDirection":"In"},"Head":{"Weight":1,"CFrame":[1.0849907994270325e-7,-2.2351741790771486e-8,0,0.9996679425239563,0.01554197072982788,0.020556233823299409,-0.014937876723706723,0.9994614124298096,-0.029220005497336389,-0.020999301224946977,0.028903210535645486,0.9993616938591003],"EasingStyle":"Linear","EasingDirection":"In"},"Right Leg":{"Weight":1,"CFrame":[0.5221381187438965,0.36791306734085085,0.10757219791412354,0.9458823204040527,0.21403874456882478,-0.2439141720533371,-0.19095325469970704,0.9748465418815613,0.11494045704603195,0.26238059997558596,-0.06214394420385361,0.9629614353179932],"EasingStyle":"Linear","EasingDirection":"In"},"Torso":{"Weight":1,"CFrame":[0.09840807318687439,0.29611629247665408,-0.4166693687438965,0.8932157158851624,0.4458845853805542,0.05790294334292412,-0.449373722076416,0.8809403777122498,0.14834876358509065,0.01513739489018917,-0.15852749347686768,0.9872385263442993],"EasingStyle":"Linear","EasingDirection":"In"},"HumanoidRootPart":{"Weight":1,"CFrame":[0,0,0,1,0,0,0,1,0,0,0,1],"EasingStyle":"Linear","EasingDirection":"In"},"Left Arm":{"Weight":1,"CFrame":[-0.06847873330116272,-0.13499107956886292,0.22594070434570313,0.4554392397403717,0.11694169789552689,0.8825529217720032,-0.576522707939148,0.7941330671310425,0.19228726625442506,-0.6783780455589294,-0.5963870286941528,0.4290989935398102],"EasingStyle":"Linear","EasingDirection":"In"}}},{"Time":0.10000000149011612,"poses":{"Left Leg":{"Weight":1,"CFrame":[-0.40428438782691958,0.3408932089805603,0.17066431045532227,0.8168544173240662,-0.38753169775009158,0.42727982997894289,0.2843850553035736,0.9149941205978394,0.28620103001594546,-0.5018704533576965,-0.1122724637389183,0.8576251864433289],"EasingStyle":"Linear","EasingDirection":"In"},"Right Arm":{"Weight":1,"CFrame":[0.010570406913757325,-0.14056852459907533,0.22197329998016358,0.4897589683532715,-0.2455042004585266,-0.8365787267684937,0.7630404829978943,0.5849025845527649,0.2750605344772339,0.4217884838581085,-0.7730566263198853,0.4737909436225891],"EasingStyle":"Linear","EasingDirection":"In"},"Head":{"Weight":1,"CFrame":[1.0849907994270325e-7,-4.470348358154297e-8,3.5762786865234377e-7,0.9996392726898193,0.012834724970161915,0.023595629259943963,-0.011040809564292431,0.9971490502357483,-0.07464500516653061,-0.024486392736434938,0.07435756176710129,0.9969310164451599],"EasingStyle":"Linear","EasingDirection":"In"},"Right Leg":{"Weight":1,"CFrame":[0.4960877299308777,0.3356735110282898,0.1218571662902832,0.9311177730560303,0.24095754325389863,-0.27378687262535097,-0.21292801201343537,0.9686052799224854,0.12831799685955048,0.2961106300354004,-0.061182379722595218,0.9531921148300171],"EasingStyle":"Linear","EasingDirection":"In"},"Torso":{"Weight":1,"CFrame":[0.09811799228191376,0.2993321716785431,-0.388455867767334,0.9028943181037903,0.4256492555141449,0.06003829836845398,-0.4295218586921692,0.8877752423286438,0.1654270887374878,0.01711338385939598,-0.17515093088150025,0.9843928813934326],"EasingStyle":"Linear","EasingDirection":"In"},"HumanoidRootPart":{"Weight":1,"CFrame":[0,0,0,1,0,0,0,1,0,0,0,1],"EasingStyle":"Linear","EasingDirection":"In"},"Left Arm":{"Weight":1,"CFrame":[-0.15073993802070619,-0.14364561438560487,0.3049428462982178,0.1831435114145279,0.21383072435855866,0.9595494270324707,-0.877680778503418,0.4752696454524994,0.061606284230947497,-0.4428713917732239,-0.8534606695175171,0.27471762895584109],"EasingStyle":"Linear","EasingDirection":"In"}}},{"Time":0.13333334028720857,"poses":{"Left Leg":{"Weight":1,"CFrame":[-0.4035276174545288,0.3104969263076782,0.15442395210266114,0.8353172540664673,-0.381985604763031,0.3953886032104492,0.28580692410469057,0.9160921573638916,0.28122860193252566,-0.4696376919746399,-0.12191028892993927,0.8744018077850342],"EasingStyle":"Linear","EasingDirection":"In"},"Right Arm":{"Weight":1,"CFrame":[0.1075451672077179,-0.007497608661651611,0.30167365074157717,0.2332143634557724,-0.3739186227321625,-0.8976613283157349,0.9699702262878418,0.15500584244728089,0.18743304908275605,0.06905794888734818,-0.9144167900085449,0.3988396227359772],"EasingStyle":"Linear","EasingDirection":"In"},"Head":{"Weight":1,"CFrame":[8.940696716308594e-8,6.705522537231445e-8,-2.384185791015625e-7,0.9995869398117065,0.005138699430972338,0.028276409953832628,-0.0018752270843833686,0.9934501051902771,-0.11425144970417023,-0.02867830917239189,0.11415122449398041,0.9930494427680969],"EasingStyle":"Linear","EasingDirection":"In"},"Right Leg":{"Weight":1,"CFrame":[0.4607084095478058,0.30774348974227908,0.13767528533935548,0.914550244808197,0.26033997535705569,-0.30954989790916445,-0.22733445465564729,0.9638490676879883,0.1389751136302948,0.3345400393009186,-0.05672844499349594,0.9406725168228149],"EasingStyle":"Linear","EasingDirection":"In"},"Torso":{"Weight":1,"CFrame":[0.09378284960985184,0.2897878587245941,-0.359466552734375,0.9136799573898315,0.40207403898239138,0.059375181794166568,-0.4061112105846405,0.897334098815918,0.17281551659107209,0.016205253079533578,-0.18201099336147309,0.983163058757782],"EasingStyle":"Linear","EasingDirection":"In"},"HumanoidRootPart":{"Weight":1,"CFrame":[0,0,0,1,0,0,0,1,0,0,0,1],"EasingStyle":"Linear","EasingDirection":"In"},"Left Arm":{"Weight":1,"CFrame":[-0.2507726848125458,-0.03501981496810913,0.30875396728515627,-0.10371679812669754,0.271513432264328,0.956829845905304,-0.990924060344696,0.05450315400958061,-0.12287849932909012,-0.08551345765590668,-0.9608901739120483,0.26339632272720339],"EasingStyle":"Linear","EasingDirection":"In"}}},{"Time":0.1666666716337204,"poses":{"Left Leg":{"Weight":1,"CFrame":[-0.4003073573112488,0.29392385482788088,0.13602876663208009,0.8580264449119568,-0.3607617914676666,0.3655703663825989,0.27105286717414858,0.9226463437080383,0.27432486414909365,-0.4362580180168152,-0.13628901541233064,0.8894404768943787],"EasingStyle":"Linear","EasingDirection":"In"},"Right Arm":{"Weight":1,"CFrame":[0.23778767883777619,0.2396349310874939,0.3443748950958252,-0.11806823313236237,-0.4188317656517029,-0.9003553986549377,0.9289764165878296,-0.36690065264701846,0.048855189234018329,-0.35080310702323916,-0.8306407332420349,0.432404100894928],"EasingStyle":"Linear","EasingDirection":"In"},"Head":{"Weight":1,"CFrame":[1.0337680578231812e-7,-1.1175870895385743e-8,2.384185791015625e-7,0.9992390871047974,-0.015199484303593636,0.03591931611299515,0.020207997411489488,0.9894474148750305,-0.1434767246246338,-0.03335950896143913,0.14409340918064118,0.9890016913414002],"EasingStyle":"Linear","EasingDirection":"In"},"Right Leg":{"Weight":1,"CFrame":[0.41623687744140627,0.2862556576728821,0.15269732475280763,0.8999346494674683,0.2619238495826721,-0.34858793020248415,-0.22605609893798829,0.9639046788215637,0.14066453278064729,0.37284883856773379,-0.047788530588150027,0.9266606569290161],"EasingStyle":"Linear","EasingDirection":"In"},"Torso":{"Weight":1,"CFrame":[0.08318012207746506,0.25708234310150149,-0.3287630081176758,0.9241946935653687,0.37800222635269167,0.05457611382007599,-0.3817627429962158,0.9102064967155457,0.16056625545024873,0.011018874123692513,-0.1692296266555786,0.9855150580406189],"EasingStyle":"Linear","EasingDirection":"In"},"HumanoidRootPart":{"Weight":1,"CFrame":[0,0,0,1,0,0,0,1,0,0,0,1],"EasingStyle":"Linear","EasingDirection":"In"},"Left Arm":{"Weight":1,"CFrame":[-0.3535938858985901,0.166714608669281,0.31015801429748537,-0.3110722601413727,0.3328746259212494,0.8901845216751099,-0.9075731635093689,-0.38200807571411135,-0.17430098354816438,0.2820371389389038,-0.8621277809143066,0.42094019055366518],"EasingStyle":"Linear","EasingDirection":"In"}}},{"Time":0.20000000298023225,"poses":{"Left Leg":{"Weight":1,"CFrame":[-0.3948417901992798,0.2893781065940857,0.11768805980682373,0.8814181685447693,-0.3276764154434204,0.34019148349761965,0.2430873066186905,0.9322189688682556,0.26809757947921755,-0.40498214960098269,-0.15360988676548005,0.9013287425041199],"EasingStyle":"Linear","EasingDirection":"In"},"Right Arm":{"Weight":1,"CFrame":[0.36734262108802798,0.37270551919937136,0.35705745220184328,-0.3436015248298645,-0.448525607585907,-0.8250834941864014,0.7486896514892578,-0.6612057685852051,0.04765191301703453,-0.5669231414794922,-0.6013583540916443,0.5629977583885193],"EasingStyle":"Linear","EasingDirection":"In"},"Head":{"Weight":1,"CFrame":[9.709037840366364e-8,6.705522537231445e-8,-4.76837158203125e-7,0.9976615309715271,-0.050021857023239139,0.04657609388232231,0.05706532299518585,0.9846709370613098,-0.16482320427894593,-0.03761735185980797,0.1670956313610077,0.9852228164672852],"EasingStyle":"Linear","EasingDirection":"In"},"Right Leg":{"Weight":1,"CFrame":[0.3682975172996521,0.26919126510620119,0.16484177112579347,0.8881702423095703,0.24807506799697877,-0.3867979049682617,-0.21254757046699525,0.968080461025238,0.13282985985279084,0.4074031710624695,-0.03576262667775154,0.9125478863716126],"EasingStyle":"Linear","EasingDirection":"In"},"Torso":{"Weight":1,"CFrame":[0.06608262658119202,0.19922910630702973,-0.2977325916290283,0.9334316253662109,0.35569024085998537,0.04679795727133751,-0.35874542593955996,0.924443781375885,0.12924961745738984,0.0027107426431030037,-0.1374342143535614,0.990507185459137],"EasingStyle":"Linear","EasingDirection":"In"},"HumanoidRootPart":{"Weight":1,"CFrame":[0,0,0,1,0,0,0,1,0,0,0,1],"EasingStyle":"Linear","EasingDirection":"In"},"Left Arm":{"Weight":1,"CFrame":[-0.44280657172203066,0.2753404378890991,0.31035852432250979,-0.42097988724708559,0.435112327337265,0.7958977222442627,-0.7554584741592407,-0.6538400053977966,-0.042139701545238498,0.5020543336868286,-0.6190076470375061,0.603962779045105],"EasingStyle":"Linear","EasingDirection":"In"}}},{"Time":0.23333333432674409,"poses":{"Left Leg":{"Weight":1,"CFrame":[-0.388249933719635,0.28918957710266116,0.10090851783752442,0.8998839259147644,-0.297456830739975,0.31894901394844057,0.21522849798202516,0.9389472603797913,0.2684301733970642,-0.37932270765304568,-0.17290909588336945,0.9089646935462952],"EasingStyle":"Linear","EasingDirection":"In"},"Right Arm":{"Weight":1,"CFrame":[0.4694877862930298,0.31746989488601687,0.27743613719940188,-0.48447516560554507,-0.5648683309555054,-0.6679877042770386,0.6763004660606384,-0.7261860370635986,0.12357820570468903,-0.5548887848854065,-0.39188992977142336,0.7338398694992065],"EasingStyle":"Linear","EasingDirection":"In"},"Head":{"Weight":1,"CFrame":[9.12696123123169e-8,1.862645149230957e-8,-5.960464477539063e-8,0.9938163161277771,-0.09392806142568588,0.05921678617596626,0.10314711183309555,0.9783936738967896,-0.17918315529823304,-0.04110698774456978,0.18418316543102265,0.9820320010185242],"EasingStyle":"Linear","EasingDirection":"In"},"Right Leg":{"Weight":1,"CFrame":[0.32628333568573,0.2509841322898865,0.17376768589019776,0.8772826194763184,0.234417125582695,-0.4188363552093506,-0.20216019451618195,0.971907913684845,0.1205250695347786,0.4353235363960266,-0.021062547340989114,0.9000276923179627],"EasingStyle":"Linear","EasingDirection":"In"},"Torso":{"Weight":1,"CFrame":[0.04182429611682892,0.12482616305351258,-0.2694573402404785,0.9408010244369507,0.33664944767951968,0.03950703889131546,-0.33889907598495486,0.9364256858825684,0.09085460752248764,-0.006409252993762493,-0.09886500984430313,0.9950802326202393],"EasingStyle":"Linear","EasingDirection":"In"},"HumanoidRootPart":{"Weight":1,"CFrame":[0,0,0,1,0,0,0,1,0,0,0,1],"EasingStyle":"Linear","EasingDirection":"In"},"Left Arm":{"Weight":1,"CFrame":[-0.5065537095069885,0.23814833164215089,0.23337244987487794,-0.506885290145874,0.5615280866622925,0.6540286540985107,-0.6603710651397705,-0.7406190633773804,0.12407121807336807,0.5540555119514465,-0.36901170015335085,0.7462257146835327],"EasingStyle":"Linear","EasingDirection":"In"}}},{"Time":0.2666666805744171,"poses":{"Left Leg":{"Weight":1,"CFrame":[-0.38143813610076907,0.28688013553619387,0.08608841896057129,0.9118934273719788,-0.2800137996673584,0.3000712990760803,0.19758284091949464,0.9403263330459595,0.27703356742858889,-0.35973817110061648,-0.1933361291885376,0.9128031730651856],"EasingStyle":"Linear","EasingDirection":"In"},"Right Arm":{"Weight":1,"CFrame":[0.5464291572570801,0.1810738444328308,0.09138774871826172,-0.630142867565155,-0.6684862971305847,-0.39502662420272829,0.6664271354675293,-0.7266992330551148,0.16668273508548737,-0.3984907269477844,-0.15822267532348634,0.9034217596054077],"EasingStyle":"Linear","EasingDirection":"In"},"Head":{"Weight":1,"CFrame":[8.940696716308594e-8,2.7008354663848878e-8,0,0.9872841835021973,-0.1414751261472702,0.07248993217945099,0.15281303226947785,0.9702881574630737,-0.18758811056613923,-0.04379706829786301,0.19628019630908967,0.9795692563056946],"EasingStyle":"Linear","EasingDirection":"In"},"Right Leg":{"Weight":1,"CFrame":[0.29506975412368777,0.2292230725288391,0.17948520183563233,0.8666549324989319,0.23226766288280488,-0.4415438771247864,-0.2045944631099701,0.9726387858390808,0.11006791889667511,0.4550279378890991,-0.005053510423749685,0.8904628753662109],"EasingStyle":"Linear","EasingDirection":"In"},"Torso":{"Weight":1,"CFrame":[0.012795232236385346,0.04884365200996399,-0.2458043098449707,0.9464254379272461,0.32100459933280947,0.035141754895448688,-0.3225943148136139,0.9447532892227173,0.05808773264288902,-0.014553858898580075,-0.06631222367286682,0.997692883014679],"EasingStyle":"Linear","EasingDirection":"In"},"HumanoidRootPart":{"Weight":1,"CFrame":[0,0,0,1,0,0,0,1,0,0,0,1],"EasingStyle":"Linear","EasingDirection":"In"},"Left Arm":{"Weight":1,"CFrame":[-0.5511378645896912,0.1431167721748352,0.05050981044769287,-0.6273829936981201,0.6507798433303833,0.42764031887054446,-0.6131734848022461,-0.7513685822486877,0.24385176599025727,0.48000919818878176,-0.10922930389642716,0.8704368472099304],"EasingStyle":"Linear","EasingDirection":"In"}}},{"Time":0.30000001192092898,"poses":{"Left Leg":{"Weight":1,"CFrame":[-0.3765261769294739,0.27587854862213137,0.07413220405578613,0.9169135689735413,-0.28410282731056216,0.28027695417404177,0.20061659812927247,0.9352365732192993,0.29169437289237978,-0.34499648213386538,-0.21123027801513673,0.9145267605781555],"EasingStyle":"Linear","EasingDirection":"In"},"Right Arm":{"Weight":1,"CFrame":[0.607605516910553,0.0074838995933532719,-0.12186378240585327,-0.7077624201774597,-0.7036969661712647,-0.062315743416547778,0.6830536127090454,-0.7041677832603455,0.1938697248697281,-0.18030622601509095,0.09464867413043976,0.979046106338501],"EasingStyle":"Linear","EasingDirection":"In"},"Head":{"Weight":1,"CFrame":[8.940696716308594e-8,6.379559636116028e-8,-1.1920928955078126e-7,0.9786304235458374,-0.18726010620594026,0.08494815975427628,0.20046240091323853,0.9608410596847534,-0.19130997359752656,-0.04579693824052811,0.20425063371658326,0.9778468608856201],"EasingStyle":"Linear","EasingDirection":"In"},"Right Leg":{"Weight":1,"CFrame":[0.27770620584487917,0.20498228073120118,0.18157637119293214,0.8555006384849548,0.2514314353466034,-0.4526600241661072,-0.22602419555187226,0.9678434133529663,0.11041935533285141,0.46586674451828005,0.00784827396273613,0.8848201632499695],"EasingStyle":"Linear","EasingDirection":"In"},"Torso":{"Weight":1,"CFrame":[-0.015301257371902466,-0.011912837624549866,-0.22735357284545899,0.9505378007888794,0.3086307942867279,0.03499973192811012,-0.3099888563156128,0.9497151970863342,0.04413790628314018,-0.019617455080151559,-0.052804283797740939,0.9984121918678284],"EasingStyle":"Linear","EasingDirection":"In"},"HumanoidRootPart":{"Weight":1,"CFrame":[0,0,0,1,0,0,0,1,0,0,0,1],"EasingStyle":"Linear","EasingDirection":"In"},"Left Arm":{"Weight":1,"CFrame":[-0.5874004364013672,0.01506352424621582,-0.16608548164367677,-0.7288784980773926,0.6745453476905823,0.1171526163816452,-0.6109338998794556,-0.7180494070053101,0.33341386914253237,0.3090241849422455,0.17144568264484406,0.9354733824729919],"EasingStyle":"Linear","EasingDirection":"In"}}},{"Time":0.3333333432674408,"poses":{"Left Leg":{"Weight":1,"CFrame":[-0.375829815864563,0.24984204769134522,0.06577789783477783,0.9126972556114197,-0.31960222125053408,0.25463348627090456,0.23605455458164216,0.9210031628608704,0.3098895847797394,-0.33355966210365298,-0.2227279394865036,0.9160405397415161],"EasingStyle":"Linear","EasingDirection":"In"},"Right Arm":{"Weight":1,"CFrame":[0.6624555587768555,-0.15933319926261903,-0.28309446573257449,-0.7181815505027771,-0.6614176034927368,0.21619956195354463,0.6957777738571167,-0.677908182144165,0.23734718561172486,-0.01042208168655634,0.32088515162467959,0.947060763835907],"EasingStyle":"Linear","EasingDirection":"In"},"Head":{"Weight":1,"CFrame":[8.35862010717392e-8,4.9709342420101169e-8,-2.980232238769531e-7,0.9694485068321228,-0.22605694830417634,0.09522581100463867,0.24070550501346589,0.9514447450637817,-0.1918695867061615,-0.04722864553332329,0.20892904698848725,0.9767897129058838],"EasingStyle":"Linear","EasingDirection":"In"},"Right Leg":{"Weight":1,"CFrame":[0.2762674391269684,0.1791309118270874,0.18074846267700196,0.8396583199501038,0.3030044436454773,-0.4507354199886322,-0.2738073766231537,0.9528888463973999,0.13050876557826997,0.4690454602241516,0.013831822201609612,0.8830657601356506],"EasingStyle":"Linear","EasingDirection":"In"},"Torso":{"Weight":1,"CFrame":[-0.03677619993686676,-0.039811134338378909,-0.2147836685180664,0.9533307552337647,0.29921817779541018,0.0403607152402401,-0.30129876732826235,0.9514313340187073,0.06322728097438812,-0.019481690600514413,-0.07243714481592179,0.9971827864646912],"EasingStyle":"Linear","EasingDirection":"In"},"HumanoidRootPart":{"Weight":1,"CFrame":[0,0,0,1,0,0,0,1,0,0,0,1],"EasingStyle":"Linear","EasingDirection":"In"},"Left Arm":{"Weight":1,"CFrame":[-0.6261841058731079,-0.12119260430335999,-0.3442690372467041,-0.7619256377220154,0.6047406196594238,-0.23185835778713227,-0.6414756774902344,-0.6552585959434509,0.39893007278442385,0.0893220603466034,0.45268645882606509,0.8871846199035645],"EasingStyle":"Linear","EasingDirection":"In"}}},{"Time":0.36666667461395266,"poses":{"Left Leg":{"Weight":1,"CFrame":[-0.3777103126049042,0.21406692266464234,0.060328125953674319,0.8994975090026856,-0.37535813450813296,0.22363068163394929,0.29393428564071658,0.8985461592674255,0.32591012120246889,-0.32327547669410708,-0.22742249071598054,0.9185706973075867],"EasingStyle":"Linear","EasingDirection":"In"},"Right Arm":{"Weight":1,"CFrame":[0.7179059982299805,-0.28413623571395876,-0.3715953230857849,-0.717077910900116,-0.5925543308258057,0.36698615550994875,0.6951169967651367,-0.646595299243927,0.31420856714248659,0.051105886697769168,0.4804101884365082,0.8755536079406738],"EasingStyle":"Linear","EasingDirection":"In"},"Head":{"Weight":1,"CFrame":[1.1711381375789642e-7,5.25033101439476e-8,1.1920928955078126e-7,0.9620897769927979,-0.25288692116737368,0.10213521122932434,0.2684504985809326,0.9441766142845154,-0.19095784425735475,-0.04814295470714569,0.2111368477344513,0.9762702584266663],"EasingStyle":"Linear","EasingDirection":"In"},"Right Leg":{"Weight":1,"CFrame":[0.2867870628833771,0.15411198139190675,0.17777836322784425,0.8183977007865906,0.37434425950050356,-0.43599504232406618,-0.336540162563324,0.9272095561027527,0.16438721120357514,0.4657961130142212,0.012195609509944916,0.8848080039024353],"EasingStyle":"Linear","EasingDirection":"In"},"Torso":{"Weight":1,"CFrame":[-0.048405081033706668,-0.03379806876182556,-0.2096703052520752,0.9549846649169922,0.2925092279911041,0.049423810094594958,-0.2962729334831238,0.9488800168037415,0.10885423421859741,-0.01505639310926199,-0.11859707534313202,0.9928283095359802],"EasingStyle":"Linear","EasingDirection":"In"},"HumanoidRootPart":{"Weight":1,"CFrame":[0,0,0,1,0,0,0,1,0,0,0,1],"EasingStyle":"Linear","EasingDirection":"In"},"Left Arm":{"Weight":1,"CFrame":[-0.6750505566596985,-0.24318671226501466,-0.45401185750961306,-0.7077921032905579,0.4797472655773163,-0.5185297131538391,-0.7008537650108337,-0.5688613057136536,0.4303499460220337,-0.08851217478513718,0.6680116057395935,0.7388680577278137],"EasingStyle":"Linear","EasingDirection":"In"}}},{"Time":0.4000000059604645,"poses":{"Left Leg":{"Weight":1,"CFrame":[-0.3825714588165283,0.17922520637512208,0.056923866271972659,0.8816577196121216,-0.43075618147850039,0.1926886886358261,0.35384345054626467,0.8736385703086853,0.33399176597595217,-0.3122093677520752,-0.22628472745418549,0.9226703643798828],"EasingStyle":"Linear","EasingDirection":"In"},"Right Arm":{"Weight":1,"CFrame":[0.7708370685577393,-0.3665943741798401,-0.4252762198448181,-0.7208312749862671,-0.5556740760803223,0.4142810106277466,0.6899120211601257,-0.6325886249542236,0.3519277572631836,0.0665123462677002,0.539497971534729,0.8393557071685791],"EasingStyle":"Linear","EasingDirection":"In"},"Head":{"Weight":1,"CFrame":[8.66129994392395e-8,-2.2118911147117616e-8,-3.5762786865234377e-7,0.9591261148452759,-0.2629163861274719,0.10465279221534729,0.2787955105304718,0.941308856010437,-0.19029158353805543,-0.04847980663180351,0.21169033646583558,0.9761337041854858],"EasingStyle":"Linear","EasingDirection":"In"},"Right Leg":{"Weight":1,"CFrame":[0.30555984377861025,0.13431018590927125,0.1731710433959961,0.7976177334785461,0.4414031505584717,-0.411058634519577,-0.3942219018936157,0.8973015546798706,0.19859306514263154,0.4565032124519348,0.003646929282695055,0.8897144794464111],"EasingStyle":"Linear","EasingDirection":"In"},"Torso":{"Weight":1,"CFrame":[-0.04803118109703064,-0.002119094133377075,-0.2130265235900879,0.9556300640106201,0.2885894477367401,0.05905350670218468,-0.29444393515586855,0.941683828830719,0.16289383172988892,-0.008600293658673764,-0.17305418848991395,0.9848747849464417],"EasingStyle":"Linear","EasingDirection":"In"},"HumanoidRootPart":{"Weight":1,"CFrame":[0,0,0,1,0,0,0,1,0,0,0,1],"EasingStyle":"Linear","EasingDirection":"In"},"Left Arm":{"Weight":1,"CFrame":[-0.7284419536590576,-0.33786773681640627,-0.5205771923065186,-0.657514214515686,0.409000426530838,-0.632766842842102,-0.7360325455665588,-0.528175413608551,0.42342278361320498,-0.16103185713291169,0.7441434860229492,0.6483203172683716],"EasingStyle":"Linear","EasingDirection":"In"}}},{"Time":0.4333333373069763,"poses":{"Left Leg":{"Weight":1,"CFrame":[-0.4032953977584839,0.1555870771408081,0.05625033378601074,0.8625528216362,-0.47722768783569338,0.16809658706188203,0.40510421991348269,0.8504260182380676,0.33565807342529299,-0.3031390309333801,-0.22142614424228669,0.9268642067909241],"EasingStyle":"Linear","EasingDirection":"In"},"Right Arm":{"Weight":1,"CFrame":[0.8156175017356873,-0.41509976983070376,-0.45284199714660647,-0.7240724563598633,-0.5485546588897705,0.4180993139743805,0.6847533583641052,-0.6443670392036438,0.3404465913772583,0.08265586942434311,0.5328028798103333,0.8421930074691773],"EasingStyle":"Linear","EasingDirection":"In"},"Head":{"Weight":1,"CFrame":[9.313225746154785e-8,1.816079020500183e-8,2.384185791015625e-7,0.960436224937439,-0.25887903571128847,0.10268422961235047,0.2741149067878723,0.9438854455947876,-0.18423166871070863,-0.049228422343730929,0.2050900161266327,0.977504312992096],"EasingStyle":"Linear","EasingDirection":"In"},"Right Leg":{"Weight":1,"CFrame":[0.34008869528770449,0.12451201677322388,0.17122292518615724,0.7816911339759827,0.49316805601119997,-0.3817647397518158,-0.440050333738327,0.8699126243591309,0.2227279543876648,0.4419441521167755,-0.006108846981078386,0.8970218300819397],"EasingStyle":"Linear","EasingDirection":"In"},"Torso":{"Weight":1,"CFrame":[-0.04025627672672272,0.038979172706604007,-0.22922754287719727,0.9555032253265381,0.2874142527580261,0.06638393551111222,-0.29497236013412478,0.9326876997947693,0.2075696736574173,-0.002257002517580986,-0.2179149091243744,0.975965142250061],"EasingStyle":"Linear","EasingDirection":"In"},"HumanoidRootPart":{"Weight":1,"CFrame":[0,0,0,1,0,0,0,1,0,0,0,1],"EasingStyle":"Linear","EasingDirection":"In"},"Left Arm":{"Weight":1,"CFrame":[-0.7775206565856934,-0.3976746201515198,-0.5547593235969544,-0.6585429906845093,0.3971875011920929,-0.6391895413398743,-0.7287808656692505,-0.5483554005622864,0.41010329127311709,-0.18761520087718965,0.735899806022644,0.6505782604217529],"EasingStyle":"Linear","EasingDirection":"In"}}},{"Time":0.46666666865348818,"poses":{"Left Leg":{"Weight":1,"CFrame":[-0.44593384861946108,0.15266352891921998,0.05765199661254883,0.8481010794639587,-0.5065321326255798,0.15540222823619843,0.4366217255592346,0.8343103528022766,0.3365822732448578,-0.3001435101032257,-0.21760375797748567,0.9287424683570862],"EasingStyle":"Linear","EasingDirection":"In"},"Right Arm":{"Weight":1,"CFrame":[0.8466154336929321,-0.438047856092453,-0.46299779415130618,-0.7286102175712586,-0.5444426536560059,0.4155834913253784,0.6784796118736267,-0.6567782163619995,0.32910147309303286,0.0937693640589714,0.5217515230178833,0.8479284644126892],"EasingStyle":"Linear","EasingDirection":"In"},"Head":{"Weight":1,"CFrame":[9.755603969097138e-8,-1.4901161193847657e-8,-1.1920928955078126e-7,0.9637471437454224,-0.248448446393013,0.09728748351335526,0.2619035243988037,0.9505265355110169,-0.16705085337162019,-0.050970789045095447,0.18647469580173493,0.981136679649353],"EasingStyle":"Linear","EasingDirection":"In"},"Right Leg":{"Weight":1,"CFrame":[0.3915671110153198,0.1281633973121643,0.17303240299224854,0.7763435244560242,0.5204316973686218,-0.35558629035949709,-0.46764591336250307,0.8538296222686768,0.22865338623523713,0.42260852456092837,-0.01122516393661499,0.9062427878379822],"EasingStyle":"Linear","EasingDirection":"In"},"Torso":{"Weight":1,"CFrame":[-0.0325341522693634,0.06856513023376465,-0.25718021392822268,0.9547215700149536,0.2892937660217285,0.06939756870269776,-0.297499418258667,0.9275932312011719,0.22597543895244599,0.0010005611693486572,-0.23638933897018434,0.971657931804657],"EasingStyle":"Linear","EasingDirection":"In"},"HumanoidRootPart":{"Weight":1,"CFrame":[0,0,0,1,0,0,0,1,0,0,0,1],"EasingStyle":"Linear","EasingDirection":"In"},"Left Arm":{"Weight":1,"CFrame":[-0.8134487867355347,-0.42759835720062258,-0.5673527717590332,-0.6689972281455994,0.3846937417984009,-0.6359665989875794,-0.7119773030281067,-0.5773202776908875,0.39973700046539309,-0.21338002383708955,0.7202167510986328,0.6601187586784363],"EasingStyle":"Linear","EasingDirection":"In"}}},{"Time":0.5,"poses":{"Left Leg":{"Weight":1,"CFrame":[-0.49676623940467837,0.17024779319763184,0.058304429054260257,0.842659056186676,-0.5162578821182251,0.15298272669315339,0.4462347626686096,0.8285692930221558,0.33815303444862368,-0.30133098363876345,-0.21668148040771485,0.9285736680030823],"EasingStyle":"Linear","EasingDirection":"In"},"Right Arm":{"Weight":1,"CFrame":[0.8581994771957398,-0.44383177161216738,-0.46444857120513918,-0.7347307801246643,-0.5387445092201233,0.4122198522090912,0.6710209250450134,-0.6663405895233154,0.32514774799346926,0.09950727224349976,0.5155042409896851,0.8510897755622864],"EasingStyle":"Linear","EasingDirection":"In"},"Head":{"Weight":1,"CFrame":[1.0570511221885681e-7,-6.891787052154541e-8,-1.1920928955078126e-7,0.9681075811386108,-0.23408091068267823,0.08929736167192459,0.24489666521549226,0.9593610167503357,-0.14018602669239045,-0.05285352095961571,0.15758375823497773,0.9860902428627014],"EasingStyle":"Linear","EasingDirection":"In"},"Right Leg":{"Weight":1,"CFrame":[0.4481612741947174,0.14614760875701905,0.17344975471496583,0.7843116521835327,0.5230510830879211,-0.3335758447647095,-0.4746449887752533,0.852179765701294,0.22023150324821473,0.39945897459983828,-0.014400098472833634,0.9166381359100342],"EasingStyle":"Linear","EasingDirection":"In"},"Torso":{"Weight":1,"CFrame":[-0.024635642766952516,0.08789455890655518,-0.28992176055908205,0.9532840847969055,0.29404976963996889,0.0691690668463707,-0.3020733892917633,0.9270861744880676,0.2219523787498474,0.0011393571039661766,-0.23247778415679933,0.972601056098938],"EasingStyle":"Linear","EasingDirection":"In"},"HumanoidRootPart":{"Weight":1,"CFrame":[0,0,0,1,0,0,0,1,0,0,0,1],"EasingStyle":"Linear","EasingDirection":"In"},"Left Arm":{"Weight":1,"CFrame":[-0.8273890018463135,-0.43576672673225405,-0.5691518783569336,-0.6822437644004822,0.36905673146247866,-0.631142258644104,-0.6939988732337952,-0.5984823107719421,0.40023064613342287,-0.23001976311206819,0.7110669016838074,0.6644357442855835],"EasingStyle":"Linear","EasingDirection":"In"}}},{"Time":0.5333333611488342,"poses":{"Left Leg":{"Weight":1,"CFrame":[-0.5410098433494568,0.19843626022338868,0.05689513683319092,0.8436841368675232,-0.5138954520225525,0.15526941418647767,0.4429914057254791,0.8298138976097107,0.3393634557723999,-0.3032420873641968,-0.21753263473510743,0.9277521371841431],"EasingStyle":"Linear","EasingDirection":"In"},"Right Arm":{"Weight":1,"CFrame":[0.8581254482269287,-0.44137391448020937,-0.4631497263908386,-0.750737726688385,-0.5397797226905823,0.38082897663116457,0.6567349433898926,-0.6721144914627075,0.34199610352516177,0.07135816663503647,0.5068530440330505,0.8590738773345947],"EasingStyle":"Linear","EasingDirection":"In"},"Head":{"Weight":1,"CFrame":[1.30385160446167e-7,9.313225746154785e-9,2.384185791015625e-7,0.9726501107215881,-0.21824336051940919,0.07950939238071442,0.22589613497257234,0.9684646725654602,-0.1051056832075119,-0.05406343191862106,0.12019190192222595,0.9912775754928589],"EasingStyle":"Linear","EasingDirection":"In"},"Right Leg":{"Weight":1,"CFrame":[0.49992507696151736,0.17348992824554444,0.1687854528427124,0.8003716468811035,0.5118515491485596,-0.3121110200881958,-0.4683855473995209,0.8588463068008423,0.2073599249124527,0.37419283390045168,-0.0197767186909914,0.9271400570869446],"EasingStyle":"Linear","EasingDirection":"In"},"Torso":{"Weight":1,"CFrame":[-0.015580937266349793,0.10736769437789917,-0.32233214378356936,0.9513020515441895,0.3007317781448364,0.0677114874124527,-0.3082597851753235,0.9276589155197144,0.21077241003513337,0.0005727955722250044,-0.22138097882270814,0.9751872420310974],"EasingStyle":"Linear","EasingDirection":"In"},"HumanoidRootPart":{"Weight":1,"CFrame":[0,0,0,1,0,0,0,1,0,0,0,1],"EasingStyle":"Linear","EasingDirection":"In"},"Left Arm":{"Weight":1,"CFrame":[-0.8266361951828003,-0.4310329556465149,-0.5670166015625,-0.6926876902580261,0.3524291515350342,-0.6292674541473389,-0.6822379231452942,-0.6031922101974487,0.4131714999675751,-0.23395562171936036,0.7155088782310486,0.6582642793655396],"EasingStyle":"Linear","EasingDirection":"In"}}},{"Time":0.5666666626930237,"poses":{"Left Leg":{"Weight":1,"CFrame":[-0.5699343085289002,0.2337358593940735,0.053586483001708987,0.8525831699371338,-0.49688097834587099,0.16189908981323243,0.42484357953071597,0.8394169211387634,0.33895018696784975,-0.30431878566741946,-0.22020144760608674,0.926769495010376],"EasingStyle":"Linear","EasingDirection":"In"},"Right Arm":{"Weight":1,"CFrame":[0.8576067090034485,-0.4241718053817749,-0.454057514667511,-0.7778440713882446,-0.5465124249458313,0.3102949261665344,0.6284558176994324,-0.6775567531585693,0.38204750418663027,0.0014487016014754773,0.4921799302101135,0.8704922795295715],"EasingStyle":"Linear","EasingDirection":"In"},"Head":{"Weight":1,"CFrame":[1.257285475730896e-7,8.940696716308594e-8,-1.7881393432617188e-7,0.976675808429718,-0.20348617434501649,0.06854097545146942,0.2078181952238083,0.9761101007461548,-0.06340879201889038,-0.05400070920586586,0.07617388665676117,0.9956312775611877],"EasingStyle":"Linear","EasingDirection":"In"},"Right Leg":{"Weight":1,"CFrame":[0.538273811340332,0.2068515419960022,0.15837013721466065,0.8249130249023438,0.4845476746559143,-0.2910878658294678,-0.4461939334869385,0.8743283748626709,0.1909477561712265,0.3470296561717987,-0.027633745223283769,0.9374469518661499],"EasingStyle":"Linear","EasingDirection":"In"},"Torso":{"Weight":1,"CFrame":[-0.006143480539321899,0.12559515237808228,-0.3477497100830078,0.9488086700439453,0.30912306904792788,0.06484629958868027,-0.3158508241176605,0.928978443145752,0.1929701417684555,-0.0005892840563319624,-0.203573539853096,0.9790595173835754],"EasingStyle":"Linear","EasingDirection":"In"},"HumanoidRootPart":{"Weight":1,"CFrame":[0,0,0,1,0,0,0,1,0,0,0,1],"EasingStyle":"Linear","EasingDirection":"In"},"Left Arm":{"Weight":1,"CFrame":[-0.8213669061660767,-0.41245418787002566,-0.5520702600479126,-0.7059612274169922,0.3388705849647522,-0.6219208240509033,-0.6708185076713562,-0.6016161441802979,0.43365952372550967,-0.22720308601856233,0.7233428955078125,0.6520382761955261],"EasingStyle":"Linear","EasingDirection":"In"}}},{"Time":0.6000000238418579,"poses":{"Left Leg":{"Weight":1,"CFrame":[-0.5801175832748413,0.2714117169380188,0.0495145320892334,0.8683174848556519,-0.4650828540325165,0.17240279912948609,0.39200788736343386,0.8564231395721436,0.3359600603580475,-0.30389904975891116,-0.22413675487041474,0.9259633421897888],"EasingStyle":"Linear","EasingDirection":"In"},"Right Arm":{"Weight":1,"CFrame":[0.8561992645263672,-0.3774801194667816,-0.4293785095214844,-0.8079095482826233,-0.5417854189872742,0.23184219002723695,0.584177553653717,-0.6845036745071411,0.436109334230423,-0.07758080214262009,0.4877737760543823,0.8695158958435059],"EasingStyle":"Linear","EasingDirection":"In"},"Head":{"Weight":1,"CFrame":[9.313225746154785e-8,1.862645149230957e-9,1.1920928955078126e-7,0.97966468334198,-0.19245551526546479,0.05672764033079147,0.1936785876750946,0.9809201955795288,-0.01686304621398449,-0.052399907261133197,0.027507077902555467,0.9982472658157349],"EasingStyle":"Linear","EasingDirection":"In"},"Right Leg":{"Weight":1,"CFrame":[0.5592330098152161,0.24158316850662232,0.14358961582183839,0.8558637499809265,0.44089820981025698,-0.27038121223449709,-0.4076346755027771,0.8967933058738709,0.17203432321548463,0.31832560896873476,-0.03702126443386078,0.9472582936286926],"EasingStyle":"Linear","EasingDirection":"In"},"Torso":{"Weight":1,"CFrame":[0.002885684370994568,0.14117783308029176,-0.3622255325317383,0.945837676525116,0.31897681951522829,0.06037290021777153,-0.32463210821151736,0.9306073784828186,0.16906826198101045,-0.0022546073887497188,-0.17951013147830964,0.9837535619735718],"EasingStyle":"Linear","EasingDirection":"In"},"HumanoidRootPart":{"Weight":1,"CFrame":[0,0,0,1,0,0,0,1,0,0,0,1],"EasingStyle":"Linear","EasingDirection":"In"},"Left Arm":{"Weight":1,"CFrame":[-0.8070653080940247,-0.3734625577926636,-0.5115011930465698,-0.7316077351570129,0.3295212984085083,-0.596796452999115,-0.6486772894859314,-0.6057512164115906,0.46074241399765017,-0.20968571305274964,0.7242107391357422,0.6569249629974365],"EasingStyle":"Linear","EasingDirection":"In"}}},{"Time":0.6333333253860474,"poses":{"Left Leg":{"Weight":1,"CFrame":[-0.5714882612228394,0.30674463510513308,0.04590415954589844,0.8883658647537231,-0.419684499502182,0.18620158731937409,0.34582802653312685,0.8783933520317078,0.3298909664154053,-0.30200836062431338,-0.22867022454738618,0.9254733920097351],"EasingStyle":"Linear","EasingDirection":"In"},"Right Arm":{"Weight":1,"CFrame":[0.8534579873085022,-0.28655415773391726,-0.381319522857666,-0.8357346653938294,-0.5226832628250122,0.16837449371814729,0.5289797782897949,-0.6839786767959595,0.5023481249809265,-0.14740438759326936,0.5088963508605957,0.848113477230072],"EasingStyle":"Linear","EasingDirection":"In"},"Head":{"Weight":1,"CFrame":[9.313225746154785e-8,9.313225746154785e-9,0,0.9812058210372925,-0.1878664493560791,0.044061534106731418,0.1865362972021103,0.98190677165