{"Sequence":[{"Time":0,"poses":{"Left Leg":{"Weight":1,"CFrame":[-0.7305473685264587,0.29350870847702029,-0.12213414907455445,0.9701194167137146,-0.01287489291280508,-0.24228771030902863,0.043842729181051257,0.9914548397064209,0.12295928597450257,0.23863403499126435,-0.12981344759464265,0.9623813033103943],"EasingStyle":"Constant","EasingDirection":"In"},"Right Leg":{"Weight":1,"CFrame":[0.739989697933197,0.30039143562316897,-0.1587008833885193,0.9599118232727051,0.0076060122810304169,0.28020164370536806,-0.05220971256494522,0.9869899153709412,0.1522795855998993,-0.2753971219062805,-0.16060246527194978,0.9477858543395996],"EasingStyle":"Constant","EasingDirection":"In"},"Left Arm":{"Weight":1,"CFrame":[0.7755962014198303,0.07326918840408325,0.5852698087692261,0.6017998456954956,0.2714492976665497,-0.7511007785797119,-0.4336303770542145,0.9008252620697022,-0.021875081583857538,0.670672595500946,0.3388645052909851,0.6598250865936279],"EasingStyle":"Constant","EasingDirection":"In"},"Right Arm":{"Weight":1,"CFrame":[-0.7610109448432922,0.08411198854446411,0.5634617805480957,0.6429412961006165,-0.27381226420402529,0.7152995467185974,0.4315292239189148,0.9010760188102722,-0.042950183153152469,-0.6327788233757019,0.3362870514392853,0.6974969506263733],"EasingStyle":"Constant","EasingDirection":"In"},"Torso":{"Weight":1,"CFrame":[0,-0.3122987747192383,-0.19802546501159669,1,0,-8.742277657347586e-8,-3.017541061467455e-8,0.9385414719581604,-0.34516647458076479,8.20499010956155e-8,0.34516647458076479,0.9385414719581604],"EasingStyle":"Constant","EasingDirection":"In"},"HumanoidRootPart":{"Weight":0,"CFrame":[0,0,0,1,0,0,0,1,0,0,0,1],"EasingStyle":"Linear","EasingDirection":"In"},"Head":{"Weight":1,"CFrame":[8.742275525719379e-8,5.960464477539063e-8,0,1,5.1545889334647657e-8,7.06099427816298e-8,0,0.8076835870742798,-0.5896162390708923,-8.742277657347586e-8,0.5896162390708923,0.8076835870742798],"EasingStyle":"Constant","EasingDirection":"In"}}},{"Time":0.03333333507180214,"poses":{"Left Leg":{"Weight":1,"CFrame":[-0.7305473685264587,0.29350870847702029,-0.12213414907455445,0.9701194167137146,-0.01287489291280508,-0.24228771030902863,0.043842729181051257,0.9914548397064209,0.12295928597450257,0.23863403499126435,-0.12981344759464265,0.9623813033103943],"EasingStyle":"Constant","EasingDirection":"In"},"Right Leg":{"Weight":1,"CFrame":[0.739989697933197,0.30039143562316897,-0.1587008833885193,0.9599118232727051,0.0076060122810304169,0.28020164370536806,-0.05220971256494522,0.9869899153709412,0.1522795855998993,-0.2753971219062805,-0.16060246527194978,0.9477858543395996],"EasingStyle":"Constant","EasingDirection":"In"},"Left Arm":{"Weight":1,"CFrame":[0.7755962014198303,0.07326918840408325,0.5852698087692261,0.6017998456954956,0.2714492976665497,-0.7511007785797119,-0.4336303770542145,0.9008252620697022,-0.021875081583857538,0.670672595500946,0.3388645052909851,0.6598250865936279],"EasingStyle":"Constant","EasingDirection":"In"},"Right Arm":{"Weight":1,"CFrame":[-0.7610109448432922,0.08411198854446411,0.5634617805480957,0.6429412961006165,-0.27381226420402529,0.7152995467185974,0.4315292239189148,0.9010760188102722,-0.042950183153152469,-0.6327788233757019,0.3362870514392853,0.6974969506263733],"EasingStyle":"Constant","EasingDirection":"In"},"Torso":{"Weight":1,"CFrame":[0,-0.3122987747192383,-0.19802546501159669,1,0,-8.742277657347586e-8,-3.017541061467455e-8,0.9385414719581604,-0.34516647458076479,8.20499010956155e-8,0.34516647458076479,0.9385414719581604],"EasingStyle":"Constant","EasingDirection":"In"},"HumanoidRootPart":{"Weight":0,"CFrame":[0,0,0,1,0,0,0,1,0,0,0,1],"EasingStyle":"Linear","EasingDirection":"In"},"Head":{"Weight":1,"CFrame":[8.742275525719379e-8,5.960464477539063e-8,0,1,5.1545889334647657e-8,7.06099427816298e-8,0,0.8076835870742798,-0.5896162390708923,-8.742277657347586e-8,0.5896162390708923,0.8076835870742798],"EasingStyle":"Constant","EasingDirection":"In"}}},{"Time":0.06666667014360428,"poses":{"Left Leg":{"Weight":1,"CFrame":[-0.7305473685264587,0.29350870847702029,-0.12213414907455445,0.9701194167137146,-0.01287489291280508,-0.24228771030902863,0.043842729181051257,0.9914548397064209,0.12295928597450257,0.23863403499126435,-0.12981344759464265,0.9623813033103943],"EasingStyle":"Constant","EasingDirection":"In"},"Right Leg":{"Weight":1,"CFrame":[0.739989697933197,0.30039143562316897,-0.1587008833885193,0.9599118232727051,0.0076060122810304169,0.28020164370536806,-0.05220971256494522,0.9869899153709412,0.1522795855998993,-0.2753971219062805,-0.16060246527194978,0.9477858543395996],"EasingStyle":"Constant","EasingDirection":"In"},"Left Arm":{"Weight":1,"CFrame":[0.7755962014198303,0.07326918840408325,0.5852698087692261,0.6017998456954956,0.2714492976665497,-0.7511007785797119,-0.4336303770542145,0.9008252620697022,-0.021875081583857538,0.670672595500946,0.3388645052909851,0.6598250865936279],"EasingStyle":"Constant","EasingDirection":"In"},"Right Arm":{"Weight":1,"CFrame":[-0.7610109448432922,0.08411198854446411,0.5634617805480957,0.6429412961006165,-0.27381226420402529,0.7152995467185974,0.4315292239189148,0.9010760188102722,-0.042950183153152469,-0.6327788233757019,0.3362870514392853,0.6974969506263733],"EasingStyle":"Constant","EasingDirection":"In"},"Torso":{"Weight":1,"CFrame":[0,-0.3122987747192383,-0.19802546501159669,1,0,-8.742277657347586e-8,-3.017541061467455e-8,0.9385414719581604,-0.34516647458076479,8.20499010956155e-8,0.34516647458076479,0.9385414719581604],"EasingStyle":"Constant","EasingDirection":"In"},"HumanoidRootPart":{"Weight":0,"CFrame":[0,0,0,1,0,0,0,1,0,0,0,1],"EasingStyle":"Linear","EasingDirection":"In"},"Head":{"Weight":1,"CFrame":[8.742275525719379e-8,5.960464477539063e-8,0,1,5.1545889334647657e-8,7.06099427816298e-8,0,0.8076835870742798,-0.5896162390708923,-8.742277657347586e-8,0.5896162390708923,0.8076835870742798],"EasingStyle":"Constant","EasingDirection":"In"}}},{"Time":0.10000000149011612,"poses":{"Left Leg":{"Weight":1,"CFrame":[-0.7305473685264587,0.29350870847702029,-0.12213414907455445,0.9701194167137146,-0.01287489291280508,-0.24228771030902863,0.043842729181051257,0.9914548397064209,0.12295928597450257,0.23863403499126435,-0.12981344759464265,0.9623813033103943],"EasingStyle":"Constant","EasingDirection":"In"},"Right Leg":{"Weight":1,"CFrame":[0.739989697933197,0.30039143562316897,-0.1587008833885193,0.9599118232727051,0.0076060122810304169,0.28020164370536806,-0.05220971256494522,0.9869899153709412,0.1522795855998993,-0.2753971219062805,-0.16060246527194978,0.9477858543395996],"EasingStyle":"Constant","EasingDirection":"In"},"Left Arm":{"Weight":1,"CFrame":[0.7755962014198303,0.07326918840408325,0.5852698087692261,0.6017998456954956,0.2714492976665497,-0.7511007785797119,-0.4336303770542145,0.9008252620697022,-0.021875081583857538,0.670672595500946,0.3388645052909851,0.6598250865936279],"EasingStyle":"Constant","EasingDirection":"In"},"Right Arm":{"Weight":1,"CFrame":[-0.7610109448432922,0.08411198854446411,0.5634617805480957,0.6429412961006165,-0.27381226420402529,0.7152995467185974,0.4315292239189148,0.9010760188102722,-0.042950183153152469,-0.6327788233757019,0.3362870514392853,0.6974969506263733],"EasingStyle":"Constant","EasingDirection":"In"},"Torso":{"Weight":1,"CFrame":[0,-0.3122987747192383,-0.19802546501159669,1,0,-8.742277657347586e-8,-3.017541061467455e-8,0.9385414719581604,-0.34516647458076479,8.20499010956155e-8,0.34516647458076479,0.9385414719581604],"EasingStyle":"Constant","EasingDirection":"In"},"HumanoidRootPart":{"Weight":0,"CFrame":[0,0,0,1,0,0,0,1,0,0,0,1],"EasingStyle":"Linear","EasingDirection":"In"},"Head":{"Weight":1,"CFrame":[8.742275525719379e-8,5.960464477539063e-8,0,1,5.1545889334647657e-8,7.06099427816298e-8,0,0.8076835870742798,-0.5896162390708923,-8.742277657347586e-8,0.5896162390708923,0.8076835870742798],"EasingStyle":"Constant","EasingDirection":"In"}}},{"Time":0.13333334028720857,"poses":{"Left Leg":{"Weight":1,"CFrame":[-0.7305473685264587,0.29350870847702029,-0.12213414907455445,0.9701194167137146,-0.01287489291280508,-0.24228771030902863,0.043842729181051257,0.9914548397064209,0.12295928597450257,0.23863403499126435,-0.12981344759464265,0.9623813033103943],"EasingStyle":"Constant","EasingDirection":"In"},"Right Leg":{"Weight":1,"CFrame":[0.739989697933197,0.30039143562316897,-0.1587008833885193,0.9599118232727051,0.0076060122810304169,0.28020164370536806,-0.05220971256494522,0.9869899153709412,0.1522795855998993,-0.2753971219062805,-0.16060246527194978,0.9477858543395996],"EasingStyle":"Constant","EasingDirection":"In"},"Left Arm":{"Weight":1,"CFrame":[0.7755962014198303,0.07326918840408325,0.5852698087692261,0.6017998456954956,0.2714492976665497,-0.7511007785797119,-0.4336303770542145,0.9008252620697022,-0.021875081583857538,0.670672595500946,0.3388645052909851,0.6598250865936279],"EasingStyle":"Constant","EasingDirection":"In"},"Right Arm":{"Weight":1,"CFrame":[-0.7610109448432922,0.08411198854446411,0.5634617805480957,0.6429412961006165,-0.27381226420402529,0.7152995467185974,0.4315292239189148,0.9010760188102722,-0.042950183153152469,-0.6327788233757019,0.3362870514392853,0.6974969506263733],"EasingStyle":"Constant","EasingDirection":"In"},"Torso":{"Weight":1,"CFrame":[0,-0.3122987747192383,-0.19802546501159669,1,0,-8.742277657347586e-8,-3.017541061467455e-8,0.9385414719581604,-0.34516647458076479,8.20499010956155e-8,0.34516647458076479,0.9385414719581604],"EasingStyle":"Constant","EasingDirection":"In"},"HumanoidRootPart":{"Weight":0,"CFrame":[0,0,0,1,0,0,0,1,0,0,0,1],"EasingStyle":"Linear","EasingDirection":"In"},"Head":{"Weight":1,"CFrame":[8.742275525719379e-8,5.960464477539063e-8,0,1,5.1545889334647657e-8,7.06099427816298e-8,0,0.8076835870742798,-0.5896162390708923,-8.742277657347586e-8,0.5896162390708923,0.8076835870742798],"EasingStyle":"Constant","EasingDirection":"In"}}},{"Time":0.1666666716337204,"poses":{"Left Leg":{"Weight":1,"CFrame":[-0.7305473685264587,0.29350870847702029,-0.12213414907455445,0.9701194167137146,-0.01287489291280508,-0.24228771030902863,0.043842729181051257,0.9914548397064209,0.12295928597450257,0.23863403499126435,-0.12981344759464265,0.9623813033103943],"EasingStyle":"Constant","EasingDirection":"In"},"Right Leg":{"Weight":1,"CFrame":[0.739989697933197,0.30039143562316897,-0.1587008833885193,0.9599118232727051,0.0076060122810304169,0.28020164370536806,-0.05220971256494522,0.9869899153709412,0.1522795855998993,-0.2753971219062805,-0.16060246527194978,0.9477858543395996],"EasingStyle":"Constant","EasingDirection":"In"},"Left Arm":{"Weight":1,"CFrame":[0.7755962014198303,0.07326918840408325,0.5852698087692261,0.6017998456954956,0.2714492976665497,-0.7511007785797119,-0.4336303770542145,0.9008252620697022,-0.021875081583857538,0.670672595500946,0.3388645052909851,0.6598250865936279],"EasingStyle":"Constant","EasingDirection":"In"},"Right Arm":{"Weight":1,"CFrame":[-0.7610109448432922,0.08411198854446411,0.5634617805480957,0.6429412961006165,-0.27381226420402529,0.7152995467185974,0.4315292239189148,0.9010760188102722,-0.042950183153152469,-0.6327788233757019,0.3362870514392853,0.6974969506263733],"EasingStyle":"Constant","EasingDirection":"In"},"Torso":{"Weight":1,"CFrame":[0,-0.3122987747192383,-0.19802546501159669,1,0,-8.742277657347586e-8,-3.017541061467455e-8,0.9385414719581604,-0.34516647458076479,8.20499010956155e-8,0.34516647458076479,0.9385414719581604],"EasingStyle":"Constant","EasingDirection":"In"},"HumanoidRootPart":{"Weight":0,"CFrame":[0,0,0,1,0,0,0,1,0,0,0,1],"EasingStyle":"Linear","EasingDirection":"In"},"Head":{"Weight":1,"CFrame":[8.742275525719379e-8,5.960464477539063e-8,0,1,5.1545889334647657e-8,7.06099427816298e-8,0,0.8076835870742798,-0.5896162390708923,-8.742277657347586e-8,0.5896162390708923,0.8076835870742798],"EasingStyle":"Constant","EasingDirection":"In"}}},{"Time":0.20000000298023225,"poses":{"Left Leg":{"Weight":1,"CFrame":[0.015249066054821015,0.027908682823181154,0.07272934913635254,0.9999006390571594,0.00483311153948307,0.01324369851499796,-0.005566622130572796,0.9984197616577148,0.055919334292411807,-0.012952729128301144,-0.055987678468227389,0.9983474612236023],"EasingStyle":"Constant","EasingDirection":"In"},"Right Leg":{"Weight":1,"CFrame":[-0.013617295771837235,0.020934224128723146,0.07308506965637207,0.9999393224716187,-0.004777188878506422,-0.009933194145560265,0.005190270487219095,0.9991053938865662,0.041970234364271167,0.009724759496748448,-0.042018987238407138,0.9990695118904114],"EasingStyle":"Constant","EasingDirection":"In"},"Left Arm":{"Weight":1,"CFrame":[0.17920944094657899,-0.452167809009552,-0.25764966011047366,0.7602490186691284,0.3210875988006592,0.5647338032722473,-0.4237441420555115,0.9040209650993347,0.056453634053468707,-0.49240463972091677,-0.2822211682796478,0.8233399987220764],"EasingStyle":"Constant","EasingDirection":"In"},"Right Arm":{"Weight":1,"CFrame":[-0.26593703031539919,-0.43561261892318728,-0.21478742361068726,0.8003881573677063,-0.35787448287010195,-0.4809413254261017,0.42214900255203249,0.9060841798782349,0.02831645868718624,0.4256395697593689,-0.22569306194782258,0.8762953877449036],"EasingStyle":"Constant","EasingDirection":"In"},"Torso":{"Weight":1,"CFrame":[0,0,0,1,0,-8.742277657347586e-8,0,1,0,8.742277657347586e-8,0,1],"EasingStyle":"Constant","EasingDirection":"In"},"HumanoidRootPart":{"Weight":0,"CFrame":[0,0,0,1,0,0,0,1,0,0,0,1],"EasingStyle":"Linear","EasingDirection":"In"},"Head":{"Weight":1,"CFrame":[8.742279078433057e-8,0,0,1,3.3187749437502137e-8,8.087840086545839e-8,0,0.9251410365104675,-0.3796235918998718,-8.742277657347586e-8,0.3796235918998718,0.9251410365104675],"EasingStyle":"Constant","EasingDirection":"In"}}},{"Time":0.23333333432674409,"poses":{"Left Leg":{"Weight":1,"CFrame":[0.015249066054821015,0.027908682823181154,0.07272934913635254,0.9999006390571594,0.00483311153948307,0.01324369851499796,-0.005566622130572796,0.9984197616577148,0.055919334292411807,-0.012952729128301144,-0.055987678468227389,0.9983474612236023],"EasingStyle":"Constant","EasingDirection":"In"},"Right Leg":{"Weight":1,"CFrame":[-0.013617295771837235,0.020934224128723146,0.07308506965637207,0.9999393224716187,-0.004777188878506422,-0.009933194145560265,0.005190270487219095,0.9991053938865662,0.041970234364271167,0.009724759496748448,-0.042018987238407138,0.9990695118904114],"EasingStyle":"Constant","EasingDirection":"In"},"Left Arm":{"Weight":1,"CFrame":[0.17920944094657899,-0.452167809009552,-0.25764966011047366,0.7602490186691284,0.3210875988006592,0.5647338032722473,-0.4237441420555115,0.9040209650993347,0.056453634053468707,-0.49240463972091677,-0.2822211682796478,0.8233399987220764],"EasingStyle":"Constant","EasingDirection":"In"},"Right Arm":{"Weight":1,"CFrame":[-0.26593703031539919,-0.43561261892318728,-0.21478742361068726,0.8003881573677063,-0.35787448287010195,-0.4809413254261017,0.42214900255203249,0.9060841798782349,0.02831645868718624,0.4256395697593689,-0.22569306194782258,0.8762953877449036],"EasingStyle":"Constant","EasingDirection":"In"},"Torso":{"Weight":1,"CFrame":[0,0,0,1,0,-8.742277657347586e-8,0,1,0,8.742277657347586e-8,0,1],"EasingStyle":"Constant","EasingDirection":"In"},"HumanoidRootPart":{"Weight":0,"CFrame":[0,0,0,1,0,0,0,1,0,0,0,1],"EasingStyle":"Linear","EasingDirection":"In"},"Head":{"Weight":1,"CFrame":[8.742279078433057e-8,0,0,1,3.3187749437502137e-8,8.087840086545839e-8,0,0.9251410365104675,-0.3796235918998718,-8.742277657347586e-8,0.3796235918998718,0.9251410365104675],"EasingStyle":"Constant","EasingDirection":"In"}}},{"Time":0.2666666805744171,"poses":{"Left Leg":{"Weight":1,"CFrame":[-0.0478324256837368,-0.010366439819335938,0.17762553691864015,0.9574499130249023,-0.27543121576309206,0.0861821323633194,0.27476590871810915,0.9613088369369507,0.019722584635019304,-0.08828006684780121,0.004795732907950878,0.9960842728614807],"EasingStyle":"Constant","EasingDirection":"In"},"Right Leg":{"Weight":1,"CFrame":[0.050568919628858569,-0.010993361473083496,0.1528376340866089,0.9579311609268189,0.2754153907299042,-0.08071167021989823,-0.27483129501342776,0.9613149762153626,0.018475867807865144,0.08267883211374283,0.004482020623981953,0.9965662956237793],"EasingStyle":"Constant","EasingDirection":"In"},"Left Arm":{"Weight":1,"CFrame":[0.17732137441635133,-0.45261549949645998,-0.25932228565216067,0.7566342353820801,0.31901228427886965,0.5707328915596008,-0.4246022403240204,0.9035282731056213,0.05787668004631996,-0.4972098767757416,-0.2861257791519165,0.819093644618988],"EasingStyle":"Constant","EasingDirection":"In"},"Right Arm":{"Weight":1,"CFrame":[-0.22136396169662476,-0.4461871385574341,-0.26947593688964846,0.7109681367874146,-0.3070761263370514,-0.6326364278793335,0.4433630406856537,0.8940327167510986,0.06430362910032273,0.5458513498306274,-0.32620540261268618,0.7717748284339905],"EasingStyle":"Constant","EasingDirection":"In"},"Torso":{"Weight":1,"CFrame":[-2.3291352987212904e-17,0.2433902621269226,-0.030201435089111329,1,0,-8.742277657347586e-8,2.0179411919230007e-8,0.9729951620101929,0.23082555830478669,8.506194149049407e-8,-0.23082555830478669,0.9729951620101929],"EasingStyle":"Constant","EasingDirection":"In"},"HumanoidRootPart":{"Weight":0,"CFrame":[0,0,0,1,0,0,0,1,0,0,0,1],"EasingStyle":"Linear","EasingDirection":"In"},"Head":{"Weight":1,"CFrame":[8.742282631146736e-8,-5.960464477539063e-8,2.384185791015625e-7,1,-2.4331068715355287e-8,8.396869333182622e-8,0,0.9604898691177368,0.2783149778842926,-8.742277657347586e-8,-0.2783149778842926,0.9604898691177368],"EasingStyle":"Constant","EasingDirection":"In"}}},{"Time":0.30000001192092898,"poses":{"Left Leg":{"Weight":1,"CFrame":[-0.23167215287685395,-0.05699741840362549,0.1951524019241333,0.9118562340736389,-0.4014284014701843,0.08585632592439652,0.40112826228141787,0.9157699942588806,0.02151026390492916,-0.08725965023040772,0.014855190180242062,0.9960753321647644],"EasingStyle":"Constant","EasingDirection":"In"},"Right Leg":{"Weight":1,"CFrame":[0.23443007469177247,-0.057641029357910159,0.16923177242279054,0.9123849272727966,0.4013294279575348,-0.08052483946084976,-0.40106600522994997,0.9158278107643127,0.020196838304400445,0.08185344189405441,0.013934165239334107,0.9965479373931885],"EasingStyle":"Constant","EasingDirection":"In"},"Left Arm":{"Weight":1,"CFrame":[0.15974465012550355,-0.5077970623970032,-0.28239190578460696,0.7000890970230103,0.28544679284095766,0.6545193195343018,-0.4392453134059906,0.8948361277580261,0.07957427203655243,-0.5629733204841614,-0.34320345520973208,0.7518460154533386],"EasingStyle":"Constant","EasingDirection":"In"},"Right Arm":{"Weight":1,"CFrame":[-0.19450825452804566,-0.5037713646888733,-0.3037096858024597,0.6333445310592651,-0.25907766819000246,-0.7292143106460571,0.4634646475315094,0.8816028833389282,0.08931400626897812,0.6197380423545837,-0.39453157782554629,0.6784316897392273],"EasingStyle":"Constant","EasingDirection":"In"},"Torso":{"Weight":1,"CFrame":[-2.3291352987212904e-17,0.25531166791915896,-0.05767059326171875,1,0,-8.742278367890322e-8,2.1916413572853345e-8,0.9680663347244263,0.2506945729255676,8.463103995381971e-8,-0.2506945729255676,0.9680663347244263],"EasingStyle":"Constant","EasingDirection":"In"},"HumanoidRootPart":{"Weight":0,"CFrame":[0,0,0,1,0,0,0,1,0,0,0,1],"EasingStyle":"Linear","EasingDirection":"In"},"Head":{"Weight":1,"CFrame":[8.742276236262114e-8,-1.1920928955078126e-7,2.384185791015625e-7,1,-5.3618670392552306e-8,6.904912197569502e-8,0,0.7898298501968384,0.6133260130882263,-8.742278367890322e-8,-0.6133260130882263,0.7898298501968384],"EasingStyle":"Constant","EasingDirection":"In"}}},{"Time":0.3333333432674408,"poses":{"Left Leg":{"Weight":1,"CFrame":[-0.23167215287685395,-0.05699741840362549,0.1951524019241333,0.9118562340736389,-0.4014284014701843,0.08585632592439652,0.40112826228141787,0.9157699942588806,0.02151026390492916,-0.08725965023040772,0.014855190180242062,0.9960753321647644],"EasingStyle":"Constant","EasingDirection":"In"},"Right Leg":{"Weight":1,"CFrame":[0.23443007469177247,-0.057641029357910159,0.16923177242279054,0.9123849272727966,0.4013294279575348,-0.08052483946084976,-0.40106600522994997,0.9158278107643127,0.020196838304400445,0.08185344189405441,0.013934165239334107,0.9965479373931885],"EasingStyle":"Constant","EasingDirection":"In"},"Left Arm":{"Weight":1,"CFrame":[0.15974465012550355,-0.5077970623970032,-0.28239190578460696,0.7000890970230103,0.28544679284095766,0.6545193195343018,-0.4392453134059906,0.8948361277580261,0.07957427203655243,-0.5629733204841614,-0.34320345520973208,0.7518460154533386],"EasingStyle":"Constant","EasingDirection":"In"},"Right Arm":{"Weight":1,"CFrame":[-0.19450825452804566,-0.5037713646888733,-0.3037096858024597,0.6333445310592651,-0.25907766819000246,-0.7292143106460571,0.4634646475315094,0.8816028833389282,0.08931400626897812,0.6197380423545837,-0.39453157782554629,0.6784316897392273],"EasingStyle":"Constant","EasingDirection":"In"},"Torso":{"Weight":1,"CFrame":[-2.3291352987212904e-17,0.25531166791915896,-0.05767059326171875,1,0,-8.742278367890322e-8,2.1916413572853345e-8,0.9680663347244263,0.2506945729255676,8.463103995381971e-8,-0.2506945729255676,0.9680663347244263],"EasingStyle":"Constant","EasingDirection":"In"},"HumanoidRootPart":{"Weight":0,"CFrame":[0,0,0,1,0,0,0,1,0,0,0,1],"EasingStyle":"Linear","EasingDirection":"In"},"Head":{"Weight":1,"CFrame":[8.742276236262114e-8,-1.1920928955078126e-7,2.384185791015625e-7,1,-5.3618670392552306e-8,6.904912197569502e-8,0,0.7898298501968384,0.6133260130882263,-8.742278367890322e-8,-0.6133260130882263,0.7898298501968384],"EasingStyle":"Constant","EasingDirection":"In"}}},{"Time":0.36666667461395266,"poses":{"Left Leg":{"Weight":1,"CFrame":[-0.23167215287685395,-0.05699741840362549,0.1951524019241333,0.9118562340736389,-0.4014284014701843,0.08585632592439652,0.40112826228141787,0.9157699942588806,0.02151026390492916,-0.08725965023040772,0.014855190180242062,0.9960753321647644],"EasingStyle":"Constant","EasingDirection":"In"},"Right Leg":{"Weight":1,"CFrame":[0.23443007469177247,-0.057641029357910159,0.16923177242279054,0.9123849272727966,0.4013294279575348,-0.08052483946084976,-0.40106600522994997,0.9158278107643127,0.020196838304400445,0.08185344189405441,0.013934165239334107,0.9965479373931885],"EasingStyle":"Constant","EasingDirection":"In"},"Left Arm":{"Weight":1,"CFrame":[0.15974465012550355,-0.5077970623970032,-0.28239190578460696,0.7000890970230103,0.28544679284095766,0.6545193195343018,-0.4392453134059906,0.8948361277580261,0.07957427203655243,-0.5629733204841614,-0.34320345520973208,0.7518460154533386],"EasingStyle":"Constant","EasingDirection":"In"},"Right Arm":{"Weight":1,"CFrame":[-0.19450825452804566,-0.5037713646888733,-0.3037096858024597,0.6333445310592651,-0.25907766819000246,-0.7292143106460571,0.4634646475315094,0.8816028833389282,0.08931400626897812,0.6197380423545837,-0.39453157782554629,0.6784316897392273],"EasingStyle":"Constant","EasingDirection":"In"},"Torso":{"Weight":1,"CFrame":[-2.3291352987212904e-17,0.25531166791915896,-0.05767059326171875,1,0,-8.742278367890322e-8,2.1916413572853345e-8,0.9680663347244263,0.2506945729255676,8.463103995381971e-8,-0.2506945729255676,0.9680663347244263],"EasingStyle":"Constant","EasingDirection":"In"},"HumanoidRootPart":{"Weight":0,"CFrame":[0,0,0,1,0,0,0,1,0,0,0,1],"EasingStyle":"Linear","EasingDirection":"In"},"Head":{"Weight":1,"CFrame":[8.742276236262114e-8,-1.1920928955078126e-7,2.384185791015625e-7,1,-5.3618670392552306e-8,6.904912197569502e-8,0,0.7898298501968384,0.6133260130882263,-8.742278367890322e-8,-0.6133260130882263,0.7898298501968384],"EasingStyle":"Constant","EasingDirection":"In"}}},{"Time":0.4000000059604645,"poses":{"Left Leg":{"Weight":1,"CFrame":[-0.23167215287685395,-0.05699741840362549,0.1951524019241333,0.9118562340736389,-0.4014284014701843,0.08585632592439652,0.40112826228141787,0.9157699942588806,0.02151026390492916,-0.08725965023040772,0.014855190180242062,0.9960753321647644],"EasingStyle":"Constant","EasingDirection":"In"},"Right Leg":{"Weight":1,"CFrame":[0.23443007469177247,-0.057641029357910159,0.16923177242279054,0.9123849272727966,0.4013294279575348,-0.08052483946084976,-0.40106600522994997,0.9158278107643127,0.020196838304400445,0.08185344189405441,0.013934165239334107,0.9965479373931885],"EasingStyle":"Constant","EasingDirection":"In"},"Left Arm":{"Weight":1,"CFrame":[0.15974465012550355,-0.5077970623970032,-0.28239190578460696,0.7000890970230103,0.28544679284095766,0.6545193195343018,-0.4392453134059906,0.8948361277580261,0.07957427203655243,-0.5629733204841614,-0.34320345520973208,0.7518460154533386],"EasingStyle":"Constant","EasingDirection":"In"},"Right Arm":{"Weight":1,"CFrame":[-0.19450825452804566,-0.5037713646888733,-0.3037096858024597,0.6333445310592651,-0.25907766819000246,-0.7292143106460571,0.4634646475315094,0.8816028833389282,0.08931400626897812,0.6197380423545837,-0.39453157782554629,0.6784316897392273],"EasingStyle":"Constant","EasingDirection":"In"},"Torso":{"Weight":1,"CFrame":[-2.3291352987212904e-17,0.25531166791915896,-0.05767059326171875,1,0,-8.742278367890322e-8,2.1916413572853345e-8,0.9680663347244263,0.2506945729255676,8.463103995381971e-8,-0.2506945729255676,0.9680663347244263],"EasingStyle":"Constant","EasingDirection":"In"},"HumanoidRootPart":{"Weight":0,"CFrame":[0,0,0,1,0,0,0,1,0,0,0,1],"EasingStyle":"Linear","EasingDirection":"In"},"Head":{"Weight":1,"CFrame":[8.742276236262114e-8,-1.1920928955078126e-7,2.384185791015625e-7,1,-5.3618670392552306e-8,6.904912197569502e-8,0,0.7898298501968384,0.6133260130882263,-8.742278367890322e-8,-0.6133260130882263,0.7898298501968384],"EasingStyle":"Constant","EasingDirection":"In"}}},{"Time":0.4333333373069763,"poses":{"Left Leg":{"Weight":1,"CFrame":[-0.7305473685264587,0.29350870847702029,-0.12213414907455445,0.9701194167137146,-0.01287489291280508,-0.24228771030902863,0.043842729181051257,0.9914548397064209,0.12295928597450257,0.23863403499126435,-0.12981344759464265,0.9623813033103943],"EasingStyle":"Constant","EasingDirection":"In"},"Right Leg":{"Weight":1,"CFrame":[0.739989697933197,0.30039143562316897,-0.1587008833885193,0.9599118232727051,0.0076060122810304169,0.28020164370536806,-0.05220971256494522,0.9869899153709412,0.1522795855998993,-0.2753971219062805,-0.16060246527194978,0.9477858543395996],"EasingStyle":"Constant","EasingDirection":"In"},"Left Arm":{"Weight":1,"CFrame":[0.7755962014198303,0.07326918840408325,0.5852698087692261,0.6017998456954956,0.2714492976665497,-0.7511007785797119,-0.4336303770542145,0.9008252620697022,-0.021875081583857538,0.670672595500946,0.3388645052909851,0.6598250865936279],"EasingStyle":"Constant","EasingDirection":"In"},"Right Arm":{"Weight":1,"CFrame":[-0.7610109448432922,0.08411198854446411,0.5634617805480957,0.6429412961006165,-0.27381226420402529,0.7152995467185974,0.4315292239189148,0.9010760188102722,-0.042950183153152469,-0.6327788233757019,0.3362870514392853,0.6974969506263733],"EasingStyle":"Constant","EasingDirection":"In"},"Torso":{"Weight":1,"CFrame":[0,-0.3122987747192383,-0.19802546501159669,1,0,-8.742277657347586e-8,-3.017541061467455e-8,0.9385414719581604,-0.34516647458076479,8.20499010956155e-8,0.34516647458076479,0.9385414719581604],"EasingStyle":"Constant","EasingDirection":"In"},"HumanoidRootPart":{"Weight":0,"CFrame":[0,0,0,1,0,0,0,1,0,0,0,1],"EasingStyle":"Linear","EasingDirection":"In"},"Head":{"Weight":1,"CFrame":[8.742275525719379e-8,5.960464477539063e-8,0,1,5.1545889334647657e-8,7.06099427816298e-8,0,0.8076835870742798,-0.5896162390708923,-8.742277657347586e-8,0.5896162390708923,0.8076835870742798],"EasingStyle":"Constant","EasingDirection":"In"}}},{"Time":0.46666666865348818,"poses":{"Left Leg":{"Weight":1,"CFrame":[-0.7305473685264587,0.29350870847702029,-0.12213414907455445,0.9701194167137146,-0.01287489291280508,-0.24228771030902863,0.043842729181051257,0.9914548397064209,0.12295928597450257,0.23863403499126435,-0.12981344759464265,0.9623813033103943],"EasingStyle":"Constant","EasingDirection":"In"},"Right Leg":{"Weight":1,"CFrame":[0.739989697933197,0.30039143562316897,-0.1587008833885193,0.9599118232727051,0.0076060122810304169,0.28020164370536806,-0.05220971256494522,0.9869899153709412,0.1522795855998993,-0.2753971219062805,-0.16060246527194978,0.9477858543395996],"EasingStyle":"Constant","EasingDirection":"In"},"Left Arm":{"Weight":1,"CFrame":[0.7755962014198303,0.07326918840408325,0.5852698087692261,0.6017998456954956,0.2714492976665497,-0.7511007785797119,-0.4336303770542145,0.9008252620697022,-0.021875081583857538,0.670672595500946,0.3388645052909851,0.6598250865936279],"EasingStyle":"Constant","EasingDirection":"In"},"Right Arm":{"Weight":1,"CFrame":[-0.7610109448432922,0.08411198854446411,0.5634617805480957,0.6429412961006165,-0.27381226420402529,0.7152995467185974,0.4315292239189148,0.9010760188102722,-0.042950183153152469,-0.6327788233757019,0.3362870514392853,0.6974969506263733],"EasingStyle":"Constant","EasingDirection":"In"},"Torso":{"Weight":1,"CFrame":[0,-0.3122987747192383,-0.19802546501159669,1,0,-8.742277657347586e-8,-3.017541061467455e-8,0.9385414719581604,-0.34516647458076479,8.20499010956155e-8,0.34516647458076479,0.9385414719581604],"EasingStyle":"Constant","EasingDirection":"In"},"HumanoidRootPart":{"Weight":0,"CFrame":[0,0,0,1,0,0,0,1,0,0,0,1],"EasingStyle":"Linear","EasingDirection":"In"},"Head":{"Weight":1,"CFrame":[8.742275525719379e-8,5.960464477539063e-8,0,1,5.1545889334647657e-8,7.06099427816298e-8,0,0.8076835870742798,-0.5896162390708923,-8.742277657347586e-8,0.5896162390708923,0.8076835870742798],"EasingStyle":"Constant","EasingDirection":"In"}}},{"Time":0.5,"poses":{"Left Leg":{"Weight":1,"CFrame":[-0.7305473685264587,0.29350870847702029,-0.12213414907455445,0.9701194167137146,-0.01287489291280508,-0.24228771030902863,0.043842729181051257,0.9914548397064209,0.12295928597450257,0.23863403499126435,-0.12981344759464265,0.9623813033103943],"EasingStyle":"Constant","EasingDirection":"In"},"Right Leg":{"Weight":1,"CFrame":[0.739989697933197,0.30039143562316897,-0.1587008833885193,0.9599118232727051,0.0076060122810304169,0.28020164370536806,-0.05220971256494522,0.9869899153709412,0.1522795855998993,-0.2753971219062805,-0.16060246527194978,0.9477858543395996],"EasingStyle":"Constant","EasingDirection":"In"},"Left Arm":{"Weight":1,"CFrame":[0.7755962014198303,0.07326918840408325,0.5852698087692261,0.6017998456954956,0.2714492976665497,-0.7511007785797119,-0.4336303770542145,0.9008252620697022,-0.021875081583857538,0.670672595500946,0.3388645052909851,0.6598250865936279],"EasingStyle":"Constant","EasingDirection":"In"},"Right Arm":{"Weight":1,"CFrame":[-0.7610109448432922,0.08411198854446411,0.5634617805480957,0.6429412961006165,-0.27381226420402529,0.7152995467185974,0.4315292239189148,0.9010760188102722,-0.042950183153152469,-0.6327788233757019,0.3362870514392853,0.6974969506263733],"EasingStyle":"Constant","EasingDirection":"In"},"Torso":{"Weight":1,"CFrame":[0,-0.3122987747192383,-0.19802546501159669,1,0,-8.742277657347586e-8,-3.017541061467455e-8,0.9385414719581604,-0.34516647458076479,8.20499010956155e-8,0.34516647458076479,0.9385414719581604],"EasingStyle":"Constant","EasingDirection":"In"},"HumanoidRootPart":{"Weight":0,"CFrame":[0,0,0,1,0,0,0,1,0,0,0,1],"EasingStyle":"Linear","EasingDirection":"In"},"Head":{"Weight":1,"CFrame":[8.742275525719379e-8,5.960464477539063e-8,0,1,5.1545889334647657e-8,7.06099427816298e-8,0,0.8076835870742798,-0.5896162390708923,-8.742277657347586e-8,0.5896162390708923,0.8076835870742798],"EasingStyle":"Constant","EasingDirection":"In"}}},{"Time":0.5333333611488342,"poses":{"Left Leg":{"Weight":1,"CFrame":[-0.8098190426826477,0.30813366174697878,-0.1491735577583313,0.9642967581748962,-0.0944221094250679,-0.24742728471755982,0.12671416997909547,0.9848963618278503,0.1180788055062294,0.2325407862663269,-0.14513307809829713,0.96168452501297],"EasingStyle":"Constant","EasingDirection":"In"},"Right Leg":{"Weight":1,"CFrame":[0.8183340430259705,0.31384795904159548,-0.18992531299591065,0.9541749358177185,0.08861897885799408,0.28584417700767519,-0.1349020153284073,0.9799674153327942,0.14669273793697358,-0.26711753010749819,-0.17835479974746705,0.9469817280769348],"EasingStyle":"Constant","EasingDirection":"In"},"Left Arm":{"Weight":1,"CFrame":[0.944876492023468,0.32919472455978396,0.6466368436813355,0.6011936664581299,0.31842610239982607,-0.7329196929931641,-0.5070448517799377,0.8609012365341187,-0.041885823011398318,0.6176339387893677,0.39680448174476626,0.6790245175361633],"EasingStyle":"Constant","EasingDirection":"In"},"Right Arm":{"Weight":1,"CFrame":[-0.9308179616928101,0.3419245481491089,0.6248489618301392,0.6415222883224487,-0.3214866816997528,0.6964880228042603,0.5036720633506775,0.8613439798355103,-0.06634172052145004,-0.5785877108573914,0.3933612108230591,0.7144951224327087],"EasingStyle":"Constant","EasingDirection":"In"},"Torso":{"Weight":1,"CFrame":[0,-0.4549480080604553,-0.2624037265777588,1,0,-8.742277657347586e-8,-3.3146012157203589e-8,0.9253367781639099,-0.37914618849754336,8.089551073453549e-8,0.37914618849754336,0.9253367781639099],"EasingStyle":"Constant","EasingDirection":"In"},"HumanoidRootPart":{"Weight":0,"CFrame":[0,0,0,1,0,0,0,1,0,0,0,1],"EasingStyle":"Linear","EasingDirection":"In"},"Head":{"Weight":1,"CFrame":[8.742275525719379e-8,-1.1920928955078126e-7,-2.384185791015625e-7,1,5.675154923778791e-8,6.649815276205118e-8,-8.143536055122292e-18,0.7606502175331116,-0.6491620540618897,-8.742277657347586e-8,0.6491620540618897,0.7606502175331116],"EasingStyle":"Constant","EasingDirection":"In"}}},{"Time":0.5666666626930237,"poses":{"Left Leg":{"Weight":1,"CFrame":[-0.8098190426826477,0.30813366174697878,-0.1491735577583313,0.9642967581748962,-0.0944221094250679,-0.24742728471755982,0.12671416997909547,0.9848963618278503,0.1180788055062294,0.2325407862663269,-0.14513307809829713,0.96168452501297],"EasingStyle":"Constant","EasingDirection":"In"},"Right Leg":{"Weight":1,"CFrame":[0.8183340430259705,0.31384795904159548,-0.18992531299591065,0.9541749358177185,0.08861897885799408,0.28584417700767519,-0.1349020153284073,0.9799674153327942,0.14669273793697358,-0.26711753010749819,-0.17835479974746705,0.9469817280769348],"EasingStyle":"Constant","EasingDirection":"In"},"Left Arm":{"Weight":1,"CFrame":[0.944876492023468,0.32919472455978396,0.6466368436813355,0.6011936664581299,0.31842610239982607,-0.7329196929931641,-0.5070448517799377,0.8609012365341187,-0.041885823011398318,0.6176339387893677,0.39680448174476626,0.6790245175361633],"EasingStyle":"Constant","EasingDirection":"In"},"Right Arm":{"Weight":1,"CFrame":[-0.9308179616928101,0.3419245481491089,0.6248489618301392,0.6415222883224487,-0.3214866816997528,0.6964880228042603,0.5036720633506775,0.8613439798355103,-0.06634172052145004,-0.5785877108573914,0.3933612108230591,0.7144951224327087],"EasingStyle":"Constant","EasingDirection":"In"},"Torso":{"Weight":1,"CFrame":[0,-0.4549480080604553,-0.2624037265777588,1,0,-8.742277657347586e-8,-3.3146012157203589e-8,0.9253367781639099,-0.37914618849754336,8.089551073453549e-8,0.37914618849754336,0.9253367781639099],"EasingStyle":"Constant","EasingDirection":"In"},"HumanoidRootPart":{"Weight":0,"CFrame":[0,0,0,1,0,0,0,1,0,0,0,1],"EasingStyle":"Linear","EasingDirection":"In"},"Head":{"Weight":1,"CFrame":[8.742275525719379e-8,-1.1920928955078126e-7,-2.384185791015625e-7,1,5.675154923778791e-8,6.649815276205118e-8,-8.143536055122292e-18,0.7606502175331116,-0.6491620540618897,-8.742277657347586e-8,0.6491620540618897,0.7606502175331116],"EasingStyle":"Constant","EasingDirection":"In"}}},{"Time":0.6000000238418579,"poses":{"Left Leg":{"Weight":1,"CFrame":[-0.8098190426826477,0.30813366174697878,-0.1491735577583313,0.9642967581748962,-0.0944221094250679,-0.24742728471755982,0.12671416997909547,0.9848963618278503,0.1180788055062294,0.2325407862663269,-0.14513307809829713,0.96168452501297],"EasingStyle":"Constant","EasingDirection":"In"},"Right Leg":{"Weight":1,"CFrame":[0.8183340430259705,0.31384795904159548,-0.18992531299591065,0.9541749358177185,0.08861897885799408,0.28584417700767519,-0.1349020153284073,0.9799674153327942,0.14669273793697358,-0.26711753010749819,-0.17835479974746705,0.9469817280769348],"EasingStyle":"Constant","EasingDirection":"In"},"Left Arm":{"Weight":1,"CFrame":[0.944876492023468,0.32919472455978396,0.6466368436813355,0.6011936664581299,0.31842610239982607,-0.7329196929931641,-0.5070448517799377,0.8609012365341187,-0.041885823011398318,0.6176339387893677,0.39680448174476626,0.6790245175361633],"EasingStyle":"Constant","EasingDirection":"In"},"Right Arm":{"Weight":1,"CFrame":[-0.9308179616928101,0.3419245481491089,0.6248489618301392,0.6415222883224487,-0.3214866816997528,0.6964880228042603,0.5036720633506775,0.8613439798355103,-0.06634172052145004,-0.5785877108573914,0.3933612108230591,0.7144951224327087],"EasingStyle":"Constant","EasingDirection":"In"},"Torso":{"Weight":1,"CFrame":[0,-0.4549480080604553,-0.2624037265777588,1,0,-8.742277657347586e-8,-3.3146012157203589e-8,0.9253367781639099,-0.37914618849754336,8.089551073453549e-8,0.37914618849754336,0.9253367781639099],"EasingStyle":"Constant","EasingDirection":"In"},"HumanoidRootPart":{"Weight":0,"CFrame":[0,0,0,1,0,0,0,1,0,0,0,1],"EasingStyle":"Linear","EasingDirection":"In"},"Head":{"Weight":1,"CFrame":[8.742275525719379e-8,-1.1920928955078126e-7,-2.384185791015625e-7,1,5.675154923778791e-8,6.649815276205118e-8,-8.143536055122292e-18,0.7606502175331116,-0.6491620540618897,-8.742277657347586e-8,0.6491620540618897,0.7606502175331116],"EasingStyle":"Constant","EasingDirection":"In"}}},{"Time":0.6333333253860474,"poses":{"Left Leg":{"Weight":1,"CFrame":[-0.8098190426826477,0.30813366174697878,-0.1491735577583313,0.9642967581748962,-0.0944221094250679,-0.24742728471755982,0.12671416997909547,0.9848963618278503,0.1180788055062294,0.2325407862663269,-0.14513307809829713,0.96168452501297],"EasingStyle":"Constant","EasingDirection":"In"},"Right Leg":{"Weight":1,"CFrame":[0.8183340430259705,0.31384795904159548,-0.18992531299591065,0.9541749358177185,0.08861897885799408,0.28584417700767519,-0.1349020153284073,0.9799674153327942,0.14669273793697358,-0.26711753010749819,-0.17835479974746705,0.9469817280769348],"EasingStyle":"Constant","EasingDirection":"In"},"Left Arm":{"Weight":1,"CFrame":[0.944876492023468,0.32919472455978396,0.6466368436813355,0.6011936664581299,0.31842610239982607,-0.7329196929931641,-0.5070448517799377,0.8609012365341187,-0.041885823011398318,0.6176339387893677,0.39680448174476626,0.6790245175361633],"EasingStyle":"Constant","EasingDirection":"In"},"Right Arm":{"Weight":1,"CFrame":[-0.9308179616928101,0.3419245481491089,0.6248489618301392,0.6415222883224487,-0.3214866816997528,0.6964880228042603,0.5036720633506775,0.8613439798355103,-0.06634172052145004,-0.5785877108573914,0.3933612108230591,0.7144951224327087],"EasingStyle":"Constant","EasingDirection":"In"},"Torso":{"Weight":1,"CFrame":[0,-0.4549480080604553,-0.2624037265777588,1,0,-8.742277657347586e-8,-3.3146012157203589e-8,0.9253367781639099,-0.37914618849754336,8.089551073453549e-8,0.37914618849754336,0.9253367781639099],"EasingStyle":"Constant","EasingDirection":"In"},"HumanoidRootPart":{"Weight":0,"CFrame":[0,0,0,1,0,0,0,1,0,0,0,1],"EasingStyle":"Linear","EasingDirection":"In"},"Head":{"Weight":1,"CFrame":[8.742275525719379e-8,-1.1920928955078126e-7,-2.384185791015625e-7,1,5.675154923778791e-8,6.649815276205118e-8,-8.143536055122292e-18,0.7606502175331116,-0.6491620540618897,-8.742277657347586e-8,0.6491620540618897,0.7606502175331116],"EasingStyle":"Constant","EasingDirection":"In"}}},{"Time":0.6666666865348816,"poses":{"Left Leg":{"Weight":1,"CFrame":[-0.8098190426826477,0.30813366174697878,-0.1491735577583313,0.9642967581748962,-0.0944221094250679,-0.24742728471755982,0.12671416997909547,0.9848963618278503,0.1180788055062294,0.2325407862663269,-0.14513307809829713,0.96168452501297],"EasingStyle":"Constant","EasingDirection":"In"},"Right Leg":{"Weight":1,"CFrame":[0.8183340