{"Sequence":[{"Time":0,"poses":{"Left Leg":{"Weight":1,"CFrame":[-0.4406135678291321,0.6170748472213745,0.1574190855026245,0.9387286305427551,-0.06228316202759743,0.3389827609062195,0.047579631209373477,0.9975377321243286,0.05152306705713272,-0.34135735034942629,-0.0322374552488327,0.9393807053565979],"EasingStyle":"Constant","EasingDirection":"In"},"Right Leg":{"Weight":1,"CFrame":[0.516879677772522,0.5186351537704468,0.3146408796310425,0.7404560446739197,0.43621617555618288,-0.5113123059272766,-0.42754966020584109,0.8927003145217896,0.14243438839912415,0.5185808539390564,0.11314498633146286,0.8475094437599182],"EasingStyle":"Constant","EasingDirection":"In"},"Left Arm":{"Weight":1,"CFrame":[0.05370715260505676,-0.19688192009925843,-0.05919325351715088,-0.9953917860984802,0.06154254078865051,0.07353728264570236,-0.0853496566414833,-0.9181753993034363,-0.38687121868133547,0.04371107742190361,-0.3913649618625641,0.9191969037055969],"EasingStyle":"Constant","EasingDirection":"In"},"Right Arm":{"Weight":1,"CFrame":[-0.017475660890340806,-0.17773491144180299,-0.07642704248428345,-0.9972867369651794,-0.06318952888250351,-0.0377681627869606,0.07313936203718186,-0.9087842106819153,-0.41080644726753237,-0.008364439941942692,-0.412454217672348,0.9109400510787964],"EasingStyle":"Constant","EasingDirection":"In"},"Torso":{"Weight":1,"CFrame":[-0.28548261523246767,0.5898690223693848,-0.6786460876464844,0.788332462310791,-0.613487958908081,-0.04652382805943489,0.6152494549751282,0.7860754728317261,0.05961184203624725,8.545768537260301e-8,-0.075617715716362,0.9971368908882141],"EasingStyle":"Constant","EasingDirection":"In"},"HumanoidRootPart":{"Weight":0,"CFrame":[0,0,0,1,0,0,0,1,0,0,0,1],"EasingStyle":"Linear","EasingDirection":"In"},"Head":{"Weight":1,"CFrame":[7.317879635593272e-8,-1.1920928955078126e-7,0,1,-5.9091835424851527e-8,9.289797020528568e-8,8.961239217342154e-8,0.9966868162155151,-0.0813358947634697,-8.093972780898184e-8,0.0813358947634697,0.9966867566108704],"EasingStyle":"Constant","EasingDirection":"In"}}},{"Time":0.03333333507180214,"poses":{"Left Leg":{"Weight":1,"CFrame":[-0.4406135678291321,0.6170748472213745,0.1574190855026245,0.9387286305427551,-0.06228316202759743,0.3389827609062195,0.047579631209373477,0.9975377321243286,0.05152306705713272,-0.34135735034942629,-0.0322374552488327,0.9393807053565979],"EasingStyle":"Constant","EasingDirection":"In"},"Right Leg":{"Weight":1,"CFrame":[0.516879677772522,0.5186351537704468,0.3146408796310425,0.7404560446739197,0.43621617555618288,-0.5113123059272766,-0.42754966020584109,0.8927003145217896,0.14243438839912415,0.5185808539390564,0.11314498633146286,0.8475094437599182],"EasingStyle":"Constant","EasingDirection":"In"},"Left Arm":{"Weight":1,"CFrame":[0.05370715260505676,-0.19688192009925843,-0.05919325351715088,-0.9953917860984802,0.06154254078865051,0.07353728264570236,-0.0853496566414833,-0.9181753993034363,-0.38687121868133547,0.04371107742190361,-0.3913649618625641,0.9191969037055969],"EasingStyle":"Constant","EasingDirection":"In"},"Right Arm":{"Weight":1,"CFrame":[-0.017475660890340806,-0.17773491144180299,-0.07642704248428345,-0.9972867369651794,-0.06318952888250351,-0.0377681627869606,0.07313936203718186,-0.9087842106819153,-0.41080644726753237,-0.008364439941942692,-0.412454217672348,0.9109400510787964],"EasingStyle":"Constant","EasingDirection":"In"},"Torso":{"Weight":1,"CFrame":[-0.28548261523246767,0.5898690223693848,-0.6786460876464844,0.788332462310791,-0.613487958908081,-0.04652382805943489,0.6152494549751282,0.7860754728317261,0.05961184203624725,8.545768537260301e-8,-0.075617715716362,0.9971368908882141],"EasingStyle":"Constant","EasingDirection":"In"},"HumanoidRootPart":{"Weight":0,"CFrame":[0,0,0,1,0,0,0,1,0,0,0,1],"EasingStyle":"Linear","EasingDirection":"In"},"Head":{"Weight":1,"CFrame":[7.317879635593272e-8,-1.1920928955078126e-7,0,1,-5.9091835424851527e-8,9.289797020528568e-8,8.961239217342154e-8,0.9966868162155151,-0.0813358947634697,-8.093972780898184e-8,0.0813358947634697,0.9966867566108704],"EasingStyle":"Constant","EasingDirection":"In"}}},{"Time":0.06666667014360428,"poses":{"Left Leg":{"Weight":1,"CFrame":[-0.4406135678291321,0.6170748472213745,0.1574190855026245,0.9387286305427551,-0.06228316202759743,0.3389827609062195,0.047579631209373477,0.9975377321243286,0.05152306705713272,-0.34135735034942629,-0.0322374552488327,0.9393807053565979],"EasingStyle":"Constant","EasingDirection":"In"},"Right Leg":{"Weight":1,"CFrame":[0.516879677772522,0.5186351537704468,0.3146408796310425,0.7404560446739197,0.43621617555618288,-0.5113123059272766,-0.42754966020584109,0.8927003145217896,0.14243438839912415,0.5185808539390564,0.11314498633146286,0.8475094437599182],"EasingStyle":"Constant","EasingDirection":"In"},"Left Arm":{"Weight":1,"CFrame":[0.05370715260505676,-0.19688192009925843,-0.05919325351715088,-0.9953917860984802,0.06154254078865051,0.07353728264570236,-0.0853496566414833,-0.9181753993034363,-0.38687121868133547,0.04371107742190361,-0.3913649618625641,0.9191969037055969],"EasingStyle":"Constant","EasingDirection":"In"},"Right Arm":{"Weight":1,"CFrame":[-0.017475660890340806,-0.17773491144180299,-0.07642704248428345,-0.9972867369651794,-0.06318952888250351,-0.0377681627869606,0.07313936203718186,-0.9087842106819153,-0.41080644726753237,-0.008364439941942692,-0.412454217672348,0.9109400510787964],"EasingStyle":"Constant","EasingDirection":"In"},"Torso":{"Weight":1,"CFrame":[-0.28548261523246767,0.5898690223693848,-0.6786460876464844,0.788332462310791,-0.613487958908081,-0.04652382805943489,0.6152494549751282,0.7860754728317261,0.05961184203624725,8.545768537260301e-8,-0.075617715716362,0.9971368908882141],"EasingStyle":"Constant","EasingDirection":"In"},"HumanoidRootPart":{"Weight":0,"CFrame":[0,0,0,1,0,0,0,1,0,0,0,1],"EasingStyle":"Linear","EasingDirection":"In"},"Head":{"Weight":1,"CFrame":[7.317879635593272e-8,-1.1920928955078126e-7,0,1,-5.9091835424851527e-8,9.289797020528568e-8,8.961239217342154e-8,0.9966868162155151,-0.0813358947634697,-8.093972780898184e-8,0.0813358947634697,0.9966867566108704],"EasingStyle":"Constant","EasingDirection":"In"}}},{"Time":0.10000000149011612,"poses":{"Left Leg":{"Weight":1,"CFrame":[-0.31993022561073305,0.11704200506210327,-0.006404221057891846,0.9934638738632202,-0.1132858470082283,0.013996530324220658,0.1105794832110405,0.9855671525001526,0.12817838788032533,-0.02831537462770939,-0.12579281628131867,0.9916524291038513],"EasingStyle":"Constant","EasingDirection":"In"},"Right Leg":{"Weight":1,"CFrame":[0.22819286584854127,0.10221952199935913,0.06908464431762696,0.9407634139060974,0.22268564999103547,-0.25568586587905886,-0.1960487812757492,0.9725098609924316,0.12565605342388154,0.2766388952732086,-0.06808578222990036,0.958558976650238],"EasingStyle":"Constant","EasingDirection":"In"},"Left Arm":{"Weight":1,"CFrame":[0.038234151899814609,0.42067140340805056,0.15683341026306153,-0.9560039639472961,-0.0802750289440155,0.28215691447257998,-0.17054788768291474,-0.6304914355278015,-0.7572279572486877,0.23868395388126374,-0.7720341086387634,0.5890615582466126],"EasingStyle":"Constant","EasingDirection":"In"},"Right Arm":{"Weight":1,"CFrame":[-0.04381591081619263,0.4309232234954834,0.156469464302063,-0.9654232859611511,0.06825866550207138,-0.25159212946891787,0.1519431620836258,-0.636886477470398,-0.755836546421051,-0.2118280529975891,-0.7679299116134644,0.6044936180114746],"EasingStyle":"Constant","EasingDirection":"In"},"Torso":{"Weight":1,"CFrame":[-0.03406910598278046,0.4517088234424591,-0.08705472946166992,0.9941600561141968,-0.10773869603872299,-0.006181201431900263,0.10790436714887619,0.9932581782341003,0.04236578568816185,0.0015750944148749114,-0.04278535023331642,0.9990830421447754],"EasingStyle":"Constant","EasingDirection":"In"},"HumanoidRootPart":{"Weight":0,"CFrame":[0,0,0,1,0,0,0,1,0,0,0,1],"EasingStyle":"Linear","EasingDirection":"In"},"Head":{"Weight":1,"CFrame":[7.962808012962341e-8,-7.497146725654602e-8,-2.384185791015625e-7,1,-0.00005938662798143923,0.00006351492629619315,0.00006205296085681766,0.999075710773468,-0.0429852195084095,-0.00006090314855100587,0.042985230684280398,0.999075710773468],"EasingStyle":"Constant","EasingDirection":"In"}}},{"Time":0.13333334028720857,"poses":{"Left Leg":{"Weight":1,"CFrame":[-0.31993022561073305,0.11704200506210327,-0.006404221057891846,0.9934638738632202,-0.1132858470082283,0.013996530324220658,0.1105794832110405,0.9855671525001526,0.12817838788032533,-0.02831537462770939,-0.12579281628131867,0.9916524291038513],"EasingStyle":"Constant","EasingDirection":"In"},"Right Leg":{"Weight":1,"CFrame":[0.22819286584854127,0.10221952199935913,0.06908464431762696,0.9407634139060974,0.22268564999103547,-0.25568586587905886,-0.1960487812757492,0.9725098609924316,0.12565605342388154,0.2766388952732086,-0.06808578222990036,0.958558976650238],"EasingStyle":"Constant","EasingDirection":"In"},"Left Arm":{"Weight":1,"CFrame":[0.038234151899814609,0.42067140340805056,0.15683341026306153,-0.9560039639472961,-0.0802750289440155,0.28215691447257998,-0.17054788768291474,-0.6304914355278015,-0.7572279572486877,0.23868395388126374,-0.7720341086387634,0.5890615582466126],"EasingStyle":"Constant","EasingDirection":"In"},"Right Arm":{"Weight":1,"CFrame":[-0.04381591081619263,0.4309232234954834,0.156469464302063,-0.9654232859611511,0.06825866550207138,-0.25159212946891787,0.1519431620836258,-0.636886477470398,-0.755836546421051,-0.2118280529975891,-0.7679299116134644,0.6044936180114746],"EasingStyle":"Constant","EasingDirection":"In"},"Torso":{"Weight":1,"CFrame":[-0.03406910598278046,0.4517088234424591,-0.08705472946166992,0.9941600561141968,-0.10773869603872299,-0.006181201431900263,0.10790436714887619,0.9932581782341003,0.04236578568816185,0.0015750944148749114,-0.04278535023331642,0.9990830421447754],"EasingStyle":"Constant","EasingDirection":"In"},"HumanoidRootPart":{"Weight":0,"CFrame":[0,0,0,1,0,0,0,1,0,0,0,1],"EasingStyle":"Linear","EasingDirection":"In"},"Head":{"Weight":1,"CFrame":[7.962808012962341e-8,-7.497146725654602e-8,-2.384185791015625e-7,1,-0.00005938662798143923,0.00006351492629619315,0.00006205296085681766,0.999075710773468,-0.0429852195084095,-0.00006090314855100587,0.042985230684280398,0.999075710773468],"EasingStyle":"Constant","EasingDirection":"In"}}},{"Time":0.1666666716337204,"poses":{"Left Leg":{"Weight":1,"CFrame":[-0.31993022561073305,0.11704200506210327,-0.006404221057891846,0.9934638738632202,-0.1132858470082283,0.013996530324220658,0.1105794832110405,0.9855671525001526,0.12817838788032533,-0.02831537462770939,-0.12579281628131867,0.9916524291038513],"EasingStyle":"Constant","EasingDirection":"In"},"Right Leg":{"Weight":1,"CFrame":[0.22819286584854127,0.10221952199935913,0.06908464431762696,0.9407634139060974,0.22268564999103547,-0.25568586587905886,-0.1960487812757492,0.9725098609924316,0.12565605342388154,0.2766388952732086,-0.06808578222990036,0.958558976650238],"EasingStyle":"Constant","EasingDirection":"In"},"Left Arm":{"Weight":1,"CFrame":[0.038234151899814609,0.42067140340805056,0.15683341026306153,-0.9560039639472961,-0.0802750289440155,0.28215691447257998,-0.17054788768291474,-0.6304914355278015,-0.7572279572486877,0.23868395388126374,-0.7720341086387634,0.5890615582466126],"EasingStyle":"Constant","EasingDirection":"In"},"Right Arm":{"Weight":1,"CFrame":[-0.04381591081619263,0.4309232234954834,0.156469464302063,-0.9654232859611511,0.06825866550207138,-0.25159212946891787,0.1519431620836258,-0.636886477470398,-0.755836546421051,-0.2118280529975891,-0.7679299116134644,0.6044936180114746],"EasingStyle":"Constant","EasingDirection":"In"},"Torso":{"Weight":1,"CFrame":[-0.03406910598278046,0.4517088234424591,-0.08705472946166992,0.9941600561141968,-0.10773869603872299,-0.006181201431900263,0.10790436714887619,0.9932581782341003,0.04236578568816185,0.0015750944148749114,-0.04278535023331642,0.9990830421447754],"EasingStyle":"Constant","EasingDirection":"In"},"HumanoidRootPart":{"Weight":0,"CFrame":[0,0,0,1,0,0,0,1,0,0,0,1],"EasingStyle":"Linear","EasingDirection":"In"},"Head":{"Weight":1,"CFrame":[7.962808012962341e-8,-7.497146725654602e-8,-2.384185791015625e-7,1,-0.00005938662798143923,0.00006351492629619315,0.00006205296085681766,0.999075710773468,-0.0429852195084095,-0.00006090314855100587,0.042985230684280398,0.999075710773468],"EasingStyle":"Constant","EasingDirection":"In"}}},{"Time":0.20000000298023225,"poses":{"Left Leg":{"Weight":1,"CFrame":[-0.4402235150337219,0.1490880250930786,0.13564825057983399,0.8750625848770142,-0.39383986592292788,0.28134623169898989,0.3712146282196045,0.9191120862960815,0.13203294575214387,-0.3105885684490204,-0.011097232811152935,0.9504797458648682],"EasingStyle":"Constant","EasingDirection":"In"},"Right Leg":{"Weight":1,"CFrame":[0.5429699420928955,0.22371381521224976,-0.009685814380645752,0.972653329372406,0.23005881905555726,-0.031912706792354587,-0.2232317477464676,0.9639114737510681,0.14505982398986817,0.06413337588310242,-0.1339690387248993,0.9889081716537476],"EasingStyle":"Constant","EasingDirection":"In"},"Left Arm":{"Weight":1,"CFrame":[-0.022333741188049318,0.3098202347755432,-0.009923160076141358,-0.9395775198936462,-0.0023156586103141309,0.34232833981513979,-0.22205735743045808,-0.756944477558136,-0.6145938038825989,0.2605466842651367,-0.6534750461578369,0.7106939554214478],"EasingStyle":"Constant","EasingDirection":"In"},"Right Arm":{"Weight":1,"CFrame":[0.011982202529907227,0.3056538701057434,-0.013487279415130616,-0.9031034111976624,0.02677663415670395,-0.42858749628067019,0.253458708524704,-0.7724260091781616,-0.5823372602462769,-0.3466451168060303,-0.6345401406288147,0.6907938122749329],"EasingStyle":"Constant","EasingDirection":"In"},"Torso":{"Weight":1,"CFrame":[0.035536982119083408,0.42579972743988039,-0.22156381607055665,0.9832908511161804,0.18193455040454865,0.006241078954190016,-0.18203476071357728,0.9823793768882752,0.04235699772834778,0.0015750945312902332,-0.042785339057445529,0.9990830421447754],"EasingStyle":"Constant","EasingDirection":"In"},"HumanoidRootPart":{"Weight":0,"CFrame":[0,0,0,1,0,0,0,1,0,0,0,1],"EasingStyle":"Linear","EasingDirection":"In"},"Head":{"Weight":1,"CFrame":[8.800998330116272e-8,-2.9802322387695315e-8,1.1920928955078126e-7,0.9999827146530151,-0.00018377858214080334,-0.005876606330275536,-0.00010816776193678379,0.9987668991088867,-0.049645304679870608,0.005878485273569822,0.0496450774371624,0.9987496733665466],"EasingStyle":"Constant","EasingDirection":"In"}}},{"Time":0.23333333432674409,"poses":{"Left Leg":{"Weight":1,"CFrame":[-0.4402235150337219,0.1490880250930786,0.13564825057983399,0.8750625848770142,-0.39383986592292788,0.28134623169898989,0.3712146282196045,0.9191120862960815,0.13203294575214387,-0.3105885684490204,-0.011097232811152935,0.9504797458648682],"EasingStyle":"Constant","EasingDirection":"In"},"Right Leg":{"Weight":1,"CFrame":[0.5429699420928955,0.22371381521224976,-0.009685814380645752,0.972653329372406,0.23005881905555726,-0.031912706792354587,-0.2232317477464676,0.9639114737510681,0.14505982398986817,0.06413337588310242,-0.1339690387248993,0.9889081716537476],"EasingStyle":"Constant","EasingDirection":"In"},"Left Arm":{"Weight":1,"CFrame":[-0.022333741188049318,0.3098202347755432,-0.009923160076141358,-0.9395775198936462,-0.0023156586103141309,0.34232833981513979,-0.22205735743045808,-0.756944477558136,-0.6145938038825989,0.2605466842651367,-0.6534750461578369,0.7106939554214478],"EasingStyle":"Constant","EasingDirection":"In"},"Right Arm":{"Weight":1,"CFrame":[0.011982202529907227,0.3056538701057434,-0.013487279415130616,-0.9031034111976624,0.02677663415670395,-0.42858749628067019,0.253458708524704,-0.7724260091781616,-0.5823372602462769,-0.3466451168060303,-0.6345401406288147,0.6907938122749329],"EasingStyle":"Constant","EasingDirection":"In"},"Torso":{"Weight":1,"CFrame":[0.035536982119083408,0.42579972743988039,-0.22156381607055665,0.9832908511161804,0.18193455040454865,0.006241078954190016,-0.18203476071357728,0.9823793768882752,0.04235699772834778,0.0015750945312902332,-0.042785339057445529,0.9990830421447754],"EasingStyle":"Constant","EasingDirection":"In"},"HumanoidRootPart":{"Weight":0,"CFrame":[0,0,0,1,0,0,0,1,0,0,0,1],"EasingStyle":"Linear","EasingDirection":"In"},"Head":{"Weight":1,"CFrame":[8.800998330116272e-8,-2.9802322387695315e-8,1.1920928955078126e-7,0.9999827146530151,-0.00018377858214080334,-0.005876606330275536,-0.00010816776193678379,0.9987668991088867,-0.049645304679870608,0.005878485273569822,0.0496450774371624,0.9987496733665466],"EasingStyle":"Constant","EasingDirection":"In"}}},{"Time":0.2666666805744171,"poses":{"Left Leg":{"Weight":1,"CFrame":[-0.4402235150337219,0.1490880250930786,0.13564825057983399,0.8750625848770142,-0.39383986592292788,0.28134623169898989,0.3712146282196045,0.9191120862960815,0.13203294575214387,-0.3105885684490204,-0.011097232811152935,0.9504797458648682],"EasingStyle":"Constant","EasingDirection":"In"},"Right Leg":{"Weight":1,"CFrame":[0.5429699420928955,0.22371381521224976,-0.009685814380645752,0.972653329372406,0.23005881905555726,-0.031912706792354587,-0.2232317477464676,0.9639114737510681,0.14505982398986817,0.06413337588310242,-0.1339690387248993,0.9889081716537476],"EasingStyle":"Constant","EasingDirection":"In"},"Left Arm":{"Weight":1,"CFrame":[-0.022333741188049318,0.3098202347755432,-0.009923160076141358,-0.9395775198936462,-0.0023156586103141309,0.34232833981513979,-0.22205735743045808,-0.756944477558136,-0.6145938038825989,0.2605466842651367,-0.6534750461578369,0.7106939554214478],"EasingStyle":"Constant","EasingDirection":"In"},"Right Arm":{"Weight":1,"CFrame":[0.011982202529907227,0.3056538701057434,-0.013487279415130616,-0.9031034111976624,0.02677663415670395,-0.42858749628067019,0.253458708524704,-0.7724260091781616,-0.5823372602462769,-0.3466451168060303,-0.6345401406288147,0.6907938122749329],"EasingStyle":"Constant","EasingDirection":"In"},"Torso":{"Weight":1,"CFrame":[0.035536982119083408,0.42579972743988039,-0.22156381607055665,0.9832908511161804,0.18193455040454865,0.006241078954190016,-0.18203476071357728,0.9823793768882752,0.04235699772834778,0.0015750945312902332,-0.042785339057445529,0.9990830421447754],"EasingStyle":"Constant","EasingDirection":"In"},"HumanoidRootPart":{"Weight":0,"CFrame":[0,0,0,1,0,0,0,1,0,0,0,1],"EasingStyle":"Linear","EasingDirection":"In"},"Head":{"Weight":1,"CFrame":[8.800998330116272e-8,-2.9802322387695315e-8,1.1920928955078126e-7,0.9999827146530151,-0.00018377858214080334,-0.005876606330275536,-0.00010816776193678379,0.9987668991088867,-0.049645304679870608,0.005878485273569822,0.0496450774371624,0.9987496733665466],"EasingStyle":"Constant","EasingDirection":"In"}}},{"Time":0.30000001192092898,"poses":{"Left Leg":{"Weight":1,"CFrame":[-0.5310364365577698,0.579974353313446,0.3092857599258423,0.7347453832626343,-0.4448295831680298,0.5121288299560547,0.432664155960083,0.8887782692909241,0.15124483406543733,-0.5224471688270569,0.11045335978269577,0.8454875349998474],"EasingStyle":"Constant","EasingDirection":"In"},"Right Leg":{"Weight":1,"CFrame":[0.4384235441684723,0.6818945407867432,0.15280568599700929,0.9381070733070374,0.06196080893278122,-0.3407580554485321,-0.046350736171007159,0.9974770545959473,0.053770117461681369,0.34323012828826907,-0.03464778512716293,0.938612163066864],"EasingStyle":"Constant","EasingDirection":"In"},"Left Arm":{"Weight":1,"CFrame":[0.017475783824920656,-0.17773523926734925,-0.0764269232749939,-0.9972867369651794,0.06789915263652802,0.028443248942494394,-0.07313935458660126,-0.9577828645706177,-0.27803340554237368,0.008364349603652954,-0.2793594002723694,0.9601502418518066],"EasingStyle":"Constant","EasingDirection":"In"},"Right Arm":{"Weight":1,"CFrame":[-0.057377830147743228,-0.14657622575759889,-0.024662256240844728,-0.995323896408081,-0.06391970813274384,-0.07241988182067871,0.0786755234003067,-0.9714341759681702,-0.22388777136802674,-0.05604031682014465,-0.2285386025905609,0.9719205498695374],"EasingStyle":"Constant","EasingDirection":"In"},"Torso":{"Weight":1,"CFrame":[0.282289981842041,0.5857782363891602,-0.7382361888885498,0.7883324027061462,0.6134880781173706,0.046523693948984149,-0.6152495741844177,0.7860754132270813,0.05961194634437561,8.963218789403982e-8,-0.0756177231669426,0.9971368908882141],"EasingStyle":"Constant","EasingDirection":"In"},"HumanoidRootPart":{"Weight":0,"CFrame":[0,0,0,1,0,0,0,1,0,0,0,1],"EasingStyle":"Linear","EasingDirection":"In"},"Head":{"Weight":1,"CFrame":[9.765332720235165e-8,-1.4901161193847657e-8,-1.7881393432617188e-7,1,-8.88941471544058e-8,8.568021314658836e-8,8.909007931379165e-8,0.9966867566108704,-0.08133590221405029,-7.777777000228525e-8,0.0813358947634697,0.9966868162155151],"EasingStyle":"Constant","EasingDirection":"In"}}},{"Time":0.3333333432674408,"poses":{"Left Leg":{"Weight":1,"CFrame":[-0.5310364365577698,0.579974353313446,0.3092857599258423,0.7347453832626343,-0.4448295831680298,0.5121288299560547,0.432664155960083,0.8887782692909241,0.15124483406543733,-0.5224471688270569,0.11045335978269577,0.8454875349998474],"EasingStyle":"Constant","EasingDirection":"In"},"Right Leg":{"Weight":1,"CFrame":[0.4384235441684723,0.6818945407867432,0.15280568599700929,0.9381070733070374,0.06196080893278122,-0.3407580554485321,-0.046350736171007159,0.9974770545959473,0.053770117461681369,0.34323012828826907,-0.03464778512716293,0.938612163066864],"EasingStyle":"Constant","EasingDirection":"In"},"Left Arm":{"Weight":1,"CFrame":[0.017475783824920656,-0.17773523926734925,-0.0764269232749939,-0.9972867369651794,0.06789915263652802,0.028443248942494394,-0.07313935458660126,-0.9577828645706177,-0.27803340554237368,0.008364349603652954,-0.2793594002723694,0.9601502418518066],"EasingStyle":"Constant","EasingDirection":"In"},"Right Arm":{"Weight":1,"CFrame":[-0.057377830147743228,-0.14657622575759889,-0.024662256240844728,-0.995323896408081,-0.06391970813274384,-0.07241988182067871,0.0786755234003067,-0.9714341759681702,-0.22388777136802674,-0.05604031682014465,-0.2285386025905609,0.9719205498695374],"EasingStyle":"Constant","EasingDirection":"In"},"Torso":{"Weight":1,"CFrame":[0.282289981842041,0.5857782363891602,-0.7382361888885498,0.7883324027061462,0.6134880781173706,0.046523693948984149,-0.6152495741844177,0.7860754132270813,0.05961194634437561,8.963218789403982e-8,-0.0756177231669426,0.9971368908882141],"EasingStyle":"Constant","EasingDirection":"In"},"HumanoidRootPart":{"Weight":0,"CFrame":[0,0,0,1,0,0,0,1,0,0,0,1],"EasingStyle":"Linear","EasingDirection":"In"},"Head":{"Weight":1,"CFrame":[9.765332720235165e-8,-1.4901161193847657e-8,-1.7881393432617188e-7,1,-8.88941471544058e-8,8.568021314658836e-8,8.909007931379165e-8,0.9966867566108704,-0.08133590221405029,-7.777777000228525e-8,0.0813358947634697,0.9966868162155151],"EasingStyle":"Constant","EasingDirection":"In"}}},{"Time":0.36666667461395266,"poses":{"Left Leg":{"Weight":1,"CFrame":[-0.5310364365577698,0.579974353313446,0.3092857599258423,0.7347453832626343,-0.4448295831680298,0.5121288299560547,0.432664155960083,0.8887782692909241,0.15124483406543733,-0.5224471688270569,0.11045335978269577,0.8454875349998474],"EasingStyle":"Constant","EasingDirection":"In"},"Right Leg":{"Weight":1,"CFrame":[0.4384235441684723,0.6818945407867432,0.15280568599700929,0.9381070733070374,0.06196080893278122,-0.3407580554485321,-0.046350736171007159,0.9974770545959473,0.053770117461681369,0.34323012828826907,-0.03464778512716293,0.938612163066864],"EasingStyle":"Constant","EasingDirection":"In"},"Left Arm":{"Weight":1,"CFrame":[0.017475783824920656,-0.17773523926734925,-0.0764269232749939,-0.9972867369651794,0.06789915263652802,0.028443248942494394,-0.07313935458660126,-0.9577828645706177,-0.27803340554237368,0.008364349603652954,-0.2793594002723694,0.9601502418518066],"EasingStyle":"Constant","EasingDirection":"In"},"Right Arm":{"Weight":1,"CFrame":[-0.057377830147743228,-0.14657622575759889,-0.024662256240844728,-0.995323896408081,-0.06391970813274384,-0.07241988182067871,0.0786755234003067,-0.9714341759681702,-0.22388777136802674,-0.05604031682014465,-0.2285386025905609,0.9719205498695374],"EasingStyle":"Constant","EasingDirection":"In"},"Torso":{"Weight":1,"CFrame":[0.282289981842041,0.5857782363891602,-0.7382361888885498,0.7883324027061462,0.6134880781173706,0.046523693948984149,-0.6152495741844177,0.7860754132270813,0.05961194634437561,8.963218789403982e-8,-0.0756177231669426,0.9971368908882141],"EasingStyle":"Constant","EasingDirection":"In"},"HumanoidRootPart":{"Weight":0,"CFrame":[0,0,0,1,0,0,0,1,0,0,0,1],"EasingStyle":"Linear","EasingDirection":"In"},"Head":{"Weight":1,"CFrame":[9.765332720235165e-8,-1.4901161193847657e-8,-1.7881393432617188e-7,1,-8.88941471544058e-8,8.568021314658836e-8,8.909007931379165e-8,0.9966867566108704,-0.08133590221405029,-7.777777000228525e-8,0.0813358947634697,0.9966868162155151],"EasingStyle":"Constant","EasingDirection":"In"}}},{"Time":0.4000000059604645,"poses":{"Left Leg":{"Weight":1,"CFrame":[-0.5180343389511108,0.5224789381027222,0.31434690952301028,0.7403889894485474,-0.43649300932884219,0.5111730694770813,0.4276205003261566,0.8926035165786743,0.14282755553722382,-0.5186182260513306,0.1128401979804039,0.847527265548706],"EasingStyle":"Constant","EasingDirection":"In"},"Right Leg":{"Weight":1,"CFrame":[0.4406842589378357,0.6210973262786865,0.15715301036834718,0.938727617263794,0.062369924038648608,-0.33896946907043459,-0.04763638228178024,0.997529923915863,0.05162207409739494,0.34135201573371889,-0.032311853021383288,0.9393799901008606],"EasingStyle":"Constant","EasingDirection":"In"},"Left Arm":{"Weight":1,"CFrame":[0.017475709319114686,-0.17773479223251344,-0.07642698287963867,-0.9972866773605347,0.06318937987089157,0.03776807710528374,-0.07313936203718186,-0.9087840914726257,-0.4108065366744995,0.008364351466298104,-0.4124542772769928,0.9109399914741516],"EasingStyle":"Constant","EasingDirection":"In"},"Right Arm":{"Weight":1,"CFrame":[-0.053707271814346316,-0.1968814730644226,-0.05919325351715088,-0.995391845703125,-0.061542704701423648,-0.07353739440441132,0.08534976840019226,-0.9181755781173706,-0.38687092065811159,-0.043711107224226,-0.39136460423469546,0.9191970825195313],"EasingStyle":"Constant","EasingDirection":"In"},"Torso":{"Weight":1,"CFrame":[0.28548261523246767,0.5898690223693848,-0.6786460876464844,0.7883324027061462,0.6134880781173706,0.046523697674274448,-0.6152495741844177,0.7860753536224365,0.059611961245536807,8.874716428408647e-8,-0.0756177306175232,0.9971368908882141],"EasingStyle":"Constant","EasingDirection":"In"},"HumanoidRootPart":{"Weight":0,"CFrame":[0,0,0,1,0,0,0,1,0,0,0,1],"EasingStyle":"Linear","EasingDirection":"In"},"Head":{"Weight":1,"CFrame":[1.004422642836289e-7,-1.341104507446289e-7,2.384185791015625e-7,1,-1.1867512483831888e-7,9.033675496539218e-8,1.1895934193262292e-7,0.9966868162155151,-0.08133590966463089,-8.238555437856121e-8,0.08133592456579209,0.9966868162155151],"EasingStyle":"Constant","EasingDirection":"In"}}},{"Time":0.4333333373069763,"poses":{"Left Leg":{"Weight":1,"CFrame":[-0.5180343389511108,0.5224789381027222,0.31434690952301028,0.7403889894485474,-0.43649300932884219,0.5111730694770813,0.4276205003261566,0.8926035165786743,0.14282755553722382,-0.5186182260513306,0.1128401979804039,0.847527265548706],"EasingStyle":"Constant","EasingDirection":"In"},"Right Leg":{"Weight":1,"CFrame":[0.4406842589378357,0.6210973262786865,0.15715301036834718,0.938727617263794,0.062369924038648608,-0.33896946907043459,-0.04763638228178024,0.997529923915863,0.05162207409739494,0.34135201573371889,-0.032311853021383288,0.9393799901008606],"EasingStyle":"Constant","EasingDirection":"In"},"Left Arm":{"Weight":1,"CFrame":[0.017475709319114686,-0.17773479223251344,-0.07642698287963867,-0.9972866773605347,0.06318937987089157,0.03776807710528374,-0.07313936203718186,-0.9087840914726257,-0.4108065366744995,0.008364351466298104,-0.4124542772769928,0.9109399914741516],"EasingStyle":"Constant","EasingDirection":"In"},"Right Arm":{"Weight":1,"CFrame":[-0.053707271814346316,-0.1968814730644226,-0.05919325351715088,-0.995391845703125,-0.061542704701423648,-0.07353739440441132,0.08534976840019226,-0.9181755781173706,-0.38687092065811159,-0.043711107224226,-0.39136460423469546,0.9191970825195313],"EasingStyle":"Constant","EasingDirection":"In"},"Torso":{"Weight":1,"CFrame":[0.28548261523246767,0.5898690223693848,-0.6786460876464844,0.7883324027061462,0.6134880781173706,0.046523697674274448,-0.6152495741844177,0.7860753536224365,0.059611961245536807,8.874716428408647e-8,-0.0756177306175232,0.9971368908882141],"EasingStyle":"Constant","EasingDirection":"In"},"HumanoidRootPart":{"Weight":0,"CFrame":[0,0,0,1,0,0,0,1,0,0,0,1],"EasingStyle":"Linear","EasingDirection":"In"},"Head":{"Weight":1,"CFrame":[1.004422642836289e-7,-1.341104507446289e-7,2.384185791015625e-7,1,-1.1867512483831888e-7,9.033675496539218e-8,1.1895934193262292e-7,0.9966868162155151,-0.08133590966463089,-8.238555437856121e-8,0.08133592456579209,0.9966868162155151],"EasingStyle":"Constant","EasingDirection":"In"}}},{"Time":0.46666666865348818,"poses":{"Left Leg":{"Weight":1,"CFrame":[-0.5180343389511108,0.5224789381027222,0.31434690952301028,0.7403889894485474,-0.43649300932884219,0.5111730694770813,0.4276205003261566,0.8926035165786743,0.14282755553722382,-0.5186182260513306,0.1128401979804039,0.847527265548706],"EasingStyle":"Constant","EasingDirection":"In"},"Right Leg":{"Weight":1,"CFrame":[0.4406842589378357,0.6210973262786865,0.15715301036834718,0.938727617263794,0.062369924038648608,-0.33896946907043459,-0.04763638228178024,0.997529923915863,0.05162207409739494,0.34135201573371889,-0.032311853021383288,0.9393799901008606],"EasingStyle":"Constant","EasingDirection":"In"},"Left Arm":{"Weight":1,"CFrame":[0.017475709319114686,-0.17773479223251344,-0.07642698287963867,-0.9972866773605347,0.06318937987089157,0.03776807710528374,-0.07313936203718186,-0.9087840914726257,-0.4108065366744995,0.008364351466298104,-0.4124542772769928,0.9109399914741516],"EasingStyle":"Constant","EasingDirection":"In"},"Right Arm":{"Weight":1,"CFrame":[-0.053707271814346316,-0.1968814730644226,-0.05919325351715088,-0.995391845703125,-0.061542704701423648,-0.07353739440441132,0.08534976840019226,-0.9181755781173706,-0.38687092065811159,-0.043711107224226,-0.39136460423469546,0.9191970825195313],"EasingStyle":"Constant","EasingDirection":"In"},"Torso":{"Weight":1,"CFrame":[0.28548261523246767,0.5898690223693848,-0.6786460876464844,0.7883324027061462,0.6134880781173706,0.046523697674274448,-0.6152495741844177,0.7860753536224365,0.059611961245536807,8.874716428408647e-8,-0.0756177306175232,0.9971368908882141],"EasingStyle":"Constant","EasingDirection":"In"},"HumanoidRootPart":{"Weight":0,"CFrame":[0,0,0,1,0,0,0,1,0,0,0,1],"EasingStyle":"Linear","EasingDirection":"In"},"Head":{"Weight":1,"CFrame":[1.004422642836289e-7,-1.341104507446289e-7,2.384185791015625e-7,1,-1.1867512483831888e-7,9.033675496539218e-8,1.1895934193262292e-7,0.9966868162155151,-0.08133590966463089,-8.238555437856121e-8,0.08133592456579209,0.9966868162155151],"EasingStyle":"Constant","EasingDirection":"In"}}},{"Time":0.5,"poses":{"Left Leg":{"Weight":1,"CFrame":[-0.2281949371099472,0.10222017765045166,0.06908512115478516,0.9408167004585266,-0.22246015071868897,0.25568652153015139,0.19581566751003266,0.9725568294525147,0.12565594911575318,-0.2766231894493103,-0.06815177202224732,0.9585588574409485],"EasingStyle":"Constant","EasingDirection":"In"},"Right Leg":{"Weight":1,"CFrame":[0.3199205994606018,0.11703968048095703,-0.0064040422439575199,0.9934372305870056,0.11351947486400604,-0.013995880261063576,-0.11081142723560333,0.9855411052703857,0.12817852199077607,0.028344348073005678,-0.1257864534854889,0.9916524291038513],"EasingStyle":"Constant","EasingDirection":"In"},"Left Arm":{"Weight":1,"CFrame":[0.043815985321998599,0.4309229850769043,0.1564697027206421,-0.9654233455657959,-0.0460713729262352,0.2565837800502777,-0.1519431173801422,-0.7003383636474609,-0.6974522471427918,0.21182793378829957,-0.7123228311538696,0.6691226363182068],"EasingStyle":"Constant","EasingDirection":"In"},"Right Arm":{"Weight":1,"CFrame":[-0.038234174251556399,0.42067158222198489,0.15683329105377198,-0.9560039639472961,0.055377811193466189,-0.2880795896053314,0.17054776847362519,-0.6940890550613403,-0.6993953585624695,-0.23868395388126374,-0.7177560329437256,0.6541072726249695],"EasingStyle":"Constant","EasingDirection":"In"},"Torso":{"Weight":1,"CFrame":[0.03406910598278046,0.4517087936401367,-0.08705472946166992,0.9941600561141968,0.10773869603872299,0.006181028671562672,-0.10790436714887619,0.9932581782341003,0.042365819215774539,-0.001574919791892171,-0.04278536140918732,0.9990830421447754],"EasingStyle":"Constant","EasingDirection":"In"},"HumanoidRootPart":{"Weight":0,"CFrame":[0,0,0,1,0,0,0,1,0,0,0,1],"EasingStyle":"Linear","EasingDirection":"In"},"Head":{"Weight":1,"CFrame":[9.313225746154785e-8,-1.4901161193847657e-8,-1.7881393432617188e-7,1,0.00005927490201429464,-0.00006333937199087813,-0.00006192627915879712,0.999075710773468,-0.042985234409570697,0.00006073364784242585,0.04298524186015129,0.999075710773468],"EasingStyle":"Constant","EasingDirection":"In"}}},{"Time":0.5333333611488342,"poses":{"Left Leg":{"Weight":1,"CFrame":[-0.2281949371099472,0.10222017765045166,0.06908512115478516,0.9408167004585266,-0.22246015071868897,0.25568652153015139,0.19581566751003266,0.9725568294525147,0.12565594911575318,-0.2766231894493103,-0.06815177202224732,0.9585588574409485],"EasingStyle":"Constant","EasingDirection":"In"},"Right Leg":{"Weight":1,"CFrame":[0.3199205994606018,0.11703968048095703,-0.0064040422439575199,0.9934372305870056,0.11351947486400604,-0.013995880261063576,-0.11081142723560333,0.9855411052703857,0.12817852199077607,0.028344348073005678,-0.1257864534854889,0.9916524291038513],"EasingStyle":"Constant","EasingDirection":"In"},"Left Arm":{"Weight":1,"CFrame":[0.043815985321998599,0.4309229850769043,0.1564697027206421,-0.9654233455657959,-0.0460713729262352,0.2565837800502777,-0.1519431173801422,-0.7003383636474609,-0.6974522471427918,0.21182793378829957,-0.7123228311538696,0.6691226363182068],"EasingStyle":"Constant","EasingDirection":"In"},"Right Arm":{"Weight":1,"CFrame":[-0.038234174251556399,0.42067158222198489,0.15683329105377198,-0.9560039639472961,0.055377811193466189,-0.2880795896053314,0.17054776847362519,-0.6940890550613403,-0.6993953585624695,-0.23868395388126374,-0.7177560329437256,0.6541072726249695],"EasingStyle":"Constant","EasingDirection":"In"},"Torso":{"Weight":1,"CFrame":[0.03406910598278046,0.4517087936401367,-0.08705472946166992,0.9941600561141968,0.10773869603872299,0.006181028671562672,-0.10790436714887619,0.9932581782341003,0.042365819215774539,-0.001574919791892171,-0.04278536140918732,0.9990830421447754],"EasingStyle":"Constant","EasingDirection":"In"},"HumanoidRootPart":{"Weight":0,"CFrame":[0,0,0,1,0,0,0,1,0,0,0,1],"EasingStyle":"Linear","EasingDirection":"In"},"Head":{"Weight":1,"CFrame":[9.313225746154785e-8,-1.4901161193847657e-8,-1.7881393432617188e-7,1,0.00005927490201429464,-0.00006333937199087813,-0.00006192627915879712,0.999075710773468,-0.042985234409570697,0.00006073364784242585,0.04298524186015129,0.999075710773468],"EasingStyle":"Constant","EasingDirection":"In"}}},{"Time":0.5666666626930237,"poses":{"Left Leg":{"Weight":1,"CFrame":[-0.2281949371099472,0.10222017765045166,0.06908512115478516,0.9408167004585266,-0.22246015071868897,0.25568652153015139,0.19581566751003266,0.9725568294525147,0.12565594911575318,-0.2766231894493103,-0.06815177202224732,0.9585588574409485],"EasingStyle":"Constant","EasingDirection":"In"},"Right Leg":{"Weight":1,"CFrame":[0.3199205994606018,0.11703968048095703,-0.0064040422439575199,0.9934372305870056,0.11351947486400604,-0.013995880261063576,-0.11081142723560333,0.9855411052703857,0.12817852199077607,0.028344348073005678,-0.1257864534854889,0.9916524291038513],"EasingStyle":"Constant","EasingDirection":"In"},"Left Arm":{"Weight":1,"CFrame":[0.043815985321998599,0.4309229850769043,0.1564697027206421,-0.9654233455657959,-0.0460713729262352,0.2565837800502777,-0.1519431173801422,-0.7003383636474609,-0.6974522471427918,0.21182793378829957,-0.7123228311538696,0.6691226363182068],"EasingStyle":"Constant","EasingDirection":"In"},"Right Arm":{"Weight":1,"CFrame":[-0.038234174251556399,0.42067158222198489,0.15683329105377198,-0.9560039639472961,0.055377811193466189,-0.2880795896053314,0.17054776847362519,-0.6940890550613403,-0.6993953585624695,-0.23868395388126374,-0.7177560329437256,0.6541072726249695],"EasingStyle":"Constant","EasingDirection":"In"},"Torso":{"Weight":1,"CFrame":[0.03406910598278046,0.4517087936401367,-0.08705472946166992,0.9941600561141968,0.10773869603872299,0.006181028671562672,-0.10790436714887619,0.9932581782341003,0.042365819215774539,-0.001574919791892171,-0.04278536140918732,0.9990830421447754],"EasingStyle":"Constant","EasingDirection":"In"},"HumanoidRootPart":{"Weight":0,"CFrame":[0,0,0,1,0,0,0,1,0,0,0,1],"EasingStyle":"Linear","EasingDirection":"In"},"Head":{"Weight":1,"CFrame":[9.313225746154785e-8,-1.4901161193847657e-8,-1.7881393432617188e-7,1,0.00005927490201429464,-0.00006333937199087813,-0.00006192627915879712,0.999075710773468,-0.042985234409570697,0.00006073364784242585,0.04298524186015129,0.999075710773468],"EasingStyle":"Constant","EasingDirection":"In"}}},{"Time":0.6000000238418579,"poses":{"Left Leg":{"Weight":1,"CFrame":[-0.5429700016975403,0.22371411323547364,-0.0096854567527771,0.9727088809013367,-0.22982406616210938,0.03191325068473816,0.22299905121326447,0.9639652967453003,0.1450594663619995,-0.06410147249698639,-0.1339840292930603,0.9889081120491028],"EasingStyle":"Constant","EasingDirection":"In"},"Right Leg":{"Weight":1,"CFrame":[0.4402238726615906,0.14908844232559205,0.13564813137054444,0.8749676942825317,0.39405113458633425,-0.28134551644325259,-0.37143653631210329,0.9190224409103394,0.132033109664917,0.3105906844139099,-0.01102270744740963,0.9504799246788025],"EasingStyle":"Constant","EasingDirection":"In"},"Left Arm":{"Weight":1,"CFrame":[-0.011982172727584839,0.3056536912918091,-0.013487100601196289,-0.9031034111976624,-0.026776865124702455,0.42858731746673586,-0.2534586787223816,-0.7724258303642273,-0.5823375582695007,0.3466450870037079,-0.6345402598381043,0.6907936334609985],"EasingStyle":"Constant","EasingDirection":"In"},"Right Arm":{"Weight":1,"CFrame":[0.022333726286888124,0.30982041358947756,-0.009923279285430909,-0.9395775198936462,0.0023155533708631994,-0.3423282206058502,0.22205720841884614,-0.7569445967674255,-0.6145936250686646,-0.2605467438697815,-0.6534748673439026,0.7106940746307373],"EasingStyle":"Constant","EasingDirection":"In"},"Torso":{"Weight":1,"CFrame":[-0.0355369858443737,0.42579972743988039,-0.22156381607055665,0.9832908511161804,-0.18193458020687104,-0.006241252180188894,0.18203477561473847,0.9823793768882752,0.042356979101896289,-0.00157492037396878,-0.04278535395860672,0.9990830421447754],"EasingStyle":"Constant","EasingDirection":"In"},"HumanoidRootPart":{"Weight":0,"CFrame":[0,0,0,1,0,0,0,1,0,0,0,1],"EasingStyle":"Linear","EasingDirection":"In"},"Head":{"Weight":1,"CFrame":[8.009374141693115e-8,-1.3969838619232178e-8,1.1920928955078126e-7,0.9999827742576599,0.0001836754527175799,0.005876779090613127,0.00010828702943399549,0.9987669587135315,-0.0496453158557415,-0.005878653842955828,0.04964509606361389,0.9987496733665466],"EasingStyle":"Constant","EasingDirection":"In"}}},{"Time":0.6333333253860474,"poses":{"Left Leg":{"Weight":1,"CFrame":[-0.5429700016975403,0.22371411323547364,-0.0096854567527771,0.9727088809013367,-0.22982406616210938,0.03191325068473816,0.22299905121326447,0.9639652967453003,0.1450594663619995,-0.06410147249698639,-0.1339840292930603,0.9889081120491028],"EasingStyle":"Constant","EasingDirection":"In"},"Right Leg":{"Weight":1,"CFrame":[0.4402238726615906,0.14908844232559205,0.13564813137054444,0.8749676942825317,0.39405113458633425,-0.28134