{"Sequence":[{"Time":0,"poses":{"Left Leg":{"Weight":1,"CFrame":[-0.3866918683052063,0.03732120990753174,0.018376946449279786,0.9675701260566711,-0.2334790974855423,0.09641465544700623,0.22531621158123017,0.9702633619308472,0.0884401723742485,-0.11419657617807388,-0.06384827196598053,0.99140465259552],"EasingStyle":"Linear","EasingDirection":"In"},"Right Arm":{"Weight":1,"CFrame":[-0.07328718900680542,-0.05603933334350586,0.03219735622406006,0.9772828221321106,-0.03250447288155556,0.20943249762058259,0.004453470464795828,0.9911007285118103,0.13304004073143006,-0.21189314126968385,-0.12908507883548737,0.9687306880950928],"EasingStyle":"Linear","EasingDirection":"In"},"Head":{"Weight":1,"CFrame":[-0.0000010123476386070252,0.00027129054069519043,0,0.9999039173126221,0.00023901439271867275,-0.013891102746129036,-0.0008379935752600431,0.9990691542625427,-0.04312986135482788,0.013867859728634358,0.04313734918832779,0.99897301197052],"EasingStyle":"Linear","EasingDirection":"In"},"Left Arm":{"Weight":1,"CFrame":[0.05067694932222366,-0.05644369125366211,0.03023350238800049,0.9705235958099365,0.008683493360877037,-0.24084985256195069,0.02609548345208168,0.9896891713142395,0.140835702419281,0.23958946764469148,-0.1429695188999176,0.9602903127670288],"EasingStyle":"Linear","EasingDirection":"In"},"Torso":{"Weight":1,"CFrame":[0.0026831310242414476,0.03319517523050308,-0.053256869316101077,0.9999999403953552,-0.000018799022655002774,0.000736769987270236,0.0000044343978515826169,0.9998100399971008,0.019491996616125108,-0.0007369970553554595,-0.01949198730289936,0.9998098015785217],"EasingStyle":"Linear","EasingDirection":"In"},"HumanoidRootPart":{"Weight":0,"CFrame":[0,0,0,1,0,0,0,1,0,0,0,1],"EasingStyle":"Linear","EasingDirection":"In"},"Right Leg":{"Weight":1,"CFrame":[0.46614786982536318,0.009698748588562012,0.05298006534576416,0.955329179763794,0.2764226198196411,-0.1045803353190422,-0.2696075737476349,0.9600634574890137,0.07476494461297989,0.12107053399085999,-0.04322943836450577,0.9917024970054627],"EasingStyle":"Linear","EasingDirection":"In"}}},{"Time":0.03333333507180214,"poses":{"Left Leg":{"Weight":1,"CFrame":[-0.9135504961013794,0.08234971761703491,0.07191526889801026,0.8753132820129395,-0.4724237322807312,0.10316521674394608,0.46514400839805605,0.8809102177619934,0.08739586174488068,-0.132167249917984,-0.028512056916952134,0.9908175468444824],"EasingStyle":"Linear","EasingDirection":"In"},"Right Arm":{"Weight":1,"CFrame":[-0.36352187395095827,-0.26050692796707156,0.19403886795043946,0.6872282028198242,-0.7190846800804138,0.10312627255916596,0.6351056098937988,0.6636508107185364,0.39523282647132876,-0.35264575481414797,-0.20611895620822907,0.9127742648124695],"EasingStyle":"Linear","EasingDirection":"In"},"Head":{"Weight":1,"CFrame":[0.0000021988525986671449,0.00027127377688884735,0,0.9998931288719177,0.0019065062515437604,-0.014523135498166085,-0.0022255657240748407,0.9997560381889343,-0.02198496088385582,0.014477667398750782,0.02201491966843605,0.9996531009674072],"EasingStyle":"Linear","EasingDirection":"In"},"Left Arm":{"Weight":1,"CFrame":[0.32767096161842348,-0.24564000964164735,0.1741809844970703,0.6824566125869751,0.7205824255943298,-0.12253214418888092,-0.6461265087127686,0.6731172800064087,0.3597692549228668,0.3417220413684845,-0.1663556843996048,0.9249610304832459],"EasingStyle":"Linear","EasingDirection":"In"},"Torso":{"Weight":1,"CFrame":[0.0017013204051181675,0.09449239820241928,-0.24070675671100617,0.9999843239784241,0.005568836349993944,-0.0008961568237282336,-0.00553345400840044,0.9993524551391602,0.0355553962290287,0.0010935774771496654,-0.03554987162351608,0.9993674159049988],"EasingStyle":"Linear","EasingDirection":"In"},"HumanoidRootPart":{"Weight":0,"CFrame":[0,0,0,1,0,0,0,1,0,0,0,1],"EasingStyle":"Linear","EasingDirection":"In"},"Right Leg":{"Weight":1,"CFrame":[1.0291833877563477,-0.011297285556793213,0.11761748790740967,0.8289855122566223,0.5485227704048157,-0.1091173067688942,-0.5429943799972534,0.8361189365386963,0.07785871624946594,0.1339423805475235,-0.005293603055179119,0.9909754395484924],"EasingStyle":"Linear","EasingDirection":"In"}}},{"Time":0.06666667014360428,"poses":{"Left Leg":{"Weight":1,"CFrame":[-1.2812895774841309,0.40484583377838137,0.10946059226989746,0.8162676095962524,-0.5650761723518372,0.1199859082698822,0.5598298907279968,0.8250272274017334,0.07694458961486817,-0.14247117936611176,0.004364345222711563,0.9897894263267517],"EasingStyle":"Linear","EasingDirection":"In"},"Right Arm":{"Weight":1,"CFrame":[-0.3162766396999359,-0.7471591234207153,0.5146379470825195,-0.22705809772014619,-0.9567174911499023,-0.18203561007976533,0.7536112070083618,-0.29099997878074648,0.5893973112106323,-0.6168590784072876,-0.0033565841149538757,0.7870667576789856],"EasingStyle":"Linear","EasingDirection":"In"},"Head":{"Weight":1,"CFrame":[-9.122304618358612e-7,0.0002715587615966797,0,0.9998794794082642,0.003586679697036743,-0.015119635500013829,-0.0035996921360492708,0.9999933838844299,-0.0008330345153808594,0.015116540715098381,0.0008873492479324341,0.9998855590820313],"EasingStyle":"Linear","EasingDirection":"In"},"Left Arm":{"Weight":1,"CFrame":[0.2575664520263672,-0.7204821109771729,0.43108272552490237,-0.24392415583133698,0.9595011472702026,0.1409228891134262,-0.8107939958572388,-0.281494140625,0.513200044631958,0.5320847630500794,0.010922428220510483,0.8466206789016724],"EasingStyle":"Linear","EasingDirection":"In"},"Torso":{"Weight":1,"CFrame":[-0.00036542885936796665,0.20351353287696839,-0.6525120735168457,0.9997713565826416,0.02094375342130661,-0.004332991316914558,-0.02074015513062477,0.998875081539154,0.04264521598815918,0.00522126629948616,-0.04254560172557831,0.9990808963775635],"EasingStyle":"Linear","EasingDirection":"In"},"HumanoidRootPart":{"Weight":0,"CFrame":[0,0,0,1,0,0,0,1,0,0,0,1],"EasingStyle":"Linear","EasingDirection":"In"},"Right Leg":{"Weight":1,"CFrame":[1.516636610031128,0.16199421882629395,0.1503976583480835,0.6940204501152039,0.7124093174934387,-0.10396511107683182,-0.7092593312263489,0.7013424634933472,0.07120201736688614,0.12364012002944946,0.02432253770530224,0.992029070854187],"EasingStyle":"Linear","EasingDirection":"In"}}},{"Time":0.10000000149011612,"poses":{"Left Leg":{"Weight":1,"CFrame":[-1.0562691688537598,0.9977074861526489,0.08952140808105469,0.9310875535011292,-0.3373893201351166,0.1387256681919098,0.3338390290737152,0.9413647651672363,0.04882631078362465,-0.1470649093389511,0.000850380165502429,0.989126443862915],"EasingStyle":"Linear","EasingDirection":"In"},"Right Arm":{"Weight":1,"CFrame":[-0.05881445109844208,-0.9284180402755737,0.3542189598083496,-0.5879533886909485,-0.7619724869728088,-0.2714947462081909,0.6737729907035828,-0.6470508575439453,0.35686826705932619,-0.44759470224380495,0.026895998045802118,0.8938322067260742],"EasingStyle":"Linear","EasingDirection":"In"},"Head":{"Weight":1,"CFrame":[5.820766091346741e-7,0.00027403607964515686,0,0.9998829960823059,0.0029347464442253114,-0.01502344198524952,-0.003544200211763382,0.9991652965545654,-0.040701575577259067,0.014891456812620163,0.04075001925230026,0.9990584850311279],"EasingStyle":"Linear","EasingDirection":"In"},"Left Arm":{"Weight":1,"CFrame":[0.08167241513729096,-0.8448892831802368,0.31306254863739016,-0.5070194005966187,0.8424195647239685,0.18237680196762086,-0.7664353847503662,-0.5374404191970825,0.3517597019672394,0.394345760345459,0.03856896981596947,0.9181524515151978],"EasingStyle":"Linear","EasingDirection":"In"},"Torso":{"Weight":1,"CFrame":[-0.0026220870204269888,0.27706509828567507,-1.0630358457565308,0.9990136027336121,0.04366050288081169,-0.008098159916698933,-0.04358813911676407,0.9990100264549255,0.008907046169042588,0.008479028940200806,-0.008545290678739548,0.9999275803565979],"EasingStyle":"Linear","EasingDirection":"In"},"HumanoidRootPart":{"Weight":0,"CFrame":[0,0,0,1,0,0,0,1,0,0,0,1],"EasingStyle":"Linear","EasingDirection":"In"},"Right Leg":{"Weight":1,"CFrame":[1.4700392484664918,0.8133788704872131,0.08025777339935303,0.8455209732055664,0.5299204587936401,-0.0654119923710823,-0.5290166139602661,0.8480127453804016,0.03187735751271248,0.07236268371343613,0.007651022169739008,0.9973491430282593],"EasingStyle":"Linear","EasingDirection":"In"}}},{"Time":0.13333334028720857,"poses":{"Left Leg":{"Weight":1,"CFrame":[-0.6867153644561768,1.2755002975463868,0.0786517858505249,0.9825535416603088,-0.0926525816321373,0.16125920414924622,0.09012626856565476,0.99566650390625,0.022925902158021928,-0.16268455982208253,-0.007992214523255825,0.9866461753845215],"EasingStyle":"Linear","EasingDirection":"In"},"Right Arm":{"Weight":1,"CFrame":[0.10378173738718033,-0.9384261965751648,0.14151525497436524,-0.739737331867218,-0.6155468225479126,-0.271829754114151,0.604860246181488,-0.7852798700332642,0.13221074640750886,-0.2948443293571472,-0.06661786884069443,0.953220546245575],"EasingStyle":"Linear","EasingDirection":"In"},"Head":{"Weight":1,"CFrame":[-0.0000015129335224628449,0.0002726837992668152,0,0.9999038577079773,0.0002114027738571167,-0.013890101574361325,-0.0013298019766807557,0.9967491626739502,-0.080558642745018,0.013827899470925331,0.08056928217411041,0.9966531991958618],"EasingStyle":"Linear","EasingDirection":"In"},"Left Arm":{"Weight":1,"CFrame":[-0.047116540372371677,-0.8609274625778198,0.17959308624267579,-0.6532555222511292,0.7398427724838257,0.16090457141399384,-0.7101186513900757,-0.6724162697792053,0.20877686142921449,0.26265689730644228,0.022123370319604875,0.9646361470222473],"EasingStyle":"Linear","EasingDirection":"In"},"Torso":{"Weight":1,"CFrame":[-0.005387139040976763,0.27216920256614687,-1.2504128217697144,0.9974085092544556,0.07081583142280579,-0.012716320343315602,-0.07140642404556275,0.9959648847579956,-0.05436183884739876,0.00881532859057188,0.05512896180152893,0.9984403252601624],"EasingStyle":"Linear","EasingDirection":"In"},"HumanoidRootPart":{"Weight":0,"CFrame":[0,0,0,1,0,0,0,1,0,0,0,1],"EasingStyle":"Linear","EasingDirection":"In"},"Right Leg":{"Weight":1,"CFrame":[1.112673044204712,1.2345224618911744,0.034391164779663089,0.9721496105194092,0.23362722992897035,-0.018531285226345063,-0.2336166352033615,0.972324788570404,0.0027711482252925636,0.018665887415409089,0.00163526542019099,0.9998247623443604],"EasingStyle":"Linear","EasingDirection":"In"}}},{"Time":0.1666666716337204,"poses":{"Left Leg":{"Weight":1,"CFrame":[-0.717553436756134,1.1887985467910767,0.18180525302886964,0.9671511054039002,-0.12287016957998276,0.22253413498401643,0.12801122665405274,0.9917340278625488,-0.008769508451223374,-0.21961712837219239,0.03696831688284874,0.9748854041099548],"EasingStyle":"Linear","EasingDirection":"In"},"Right Arm":{"Weight":1,"CFrame":[0.17375172674655915,-0.7962398529052734,0.36515891551971438,-0.7198509573936462,-0.44805997610092165,-0.5301481485366821,0.4224899411201477,-0.8888133764266968,0.17752030491828919,-0.5507424473762512,-0.09619402885437012,0.829113781452179],"EasingStyle":"Linear","EasingDirection":"In"},"Head":{"Weight":1,"CFrame":[-0.000026450492441654207,0.0002687498927116394,0,0.996382474899292,-0.08492879569530487,-0.0030446331948041918,0.08496810495853424,0.996242344379425,0.01678885519504547,0.0016073491424322129,-0.016986757516860963,0.9998547434806824],"EasingStyle":"Linear","EasingDirection":"In"},"Left Arm":{"Weight":1,"CFrame":[-0.21431614458560944,-0.7235488295555115,0.27771127223968508,-0.7779754400253296,0.5305930376052856,0.33649009466171267,-0.4781220853328705,-0.8474206924438477,0.2308194637298584,0.40761980414390566,0.018688423559069635,0.9129604697227478],"EasingStyle":"Linear","EasingDirection":"In"},"Torso":{"Weight":1,"CFrame":[-0.02827323228120804,0.17050161957740785,-1.1553261280059815,0.9908454418182373,0.12943141162395478,-0.038377054035663608,-0.13359089195728303,0.9810246825218201,-0.14051350951194764,0.019461974501609803,0.14435400068759919,0.9893348217010498],"EasingStyle":"Linear","EasingDirection":"In"},"HumanoidRootPart":{"Weight":0,"CFrame":[0,0,0,1,0,0,0,1,0,0,0,1],"EasingStyle":"Linear","EasingDirection":"In"},"Right Leg":{"Weight":1,"CFrame":[1.1767573356628419,1.2150328159332276,-0.0480118989944458,0.9756314754486084,0.21514059603214265,0.043100301176309589,-0.2160140424966812,0.9762481451034546,0.016674712300300599,-0.03848918154835701,-0.02557862363755703,0.9989315867424011],"EasingStyle":"Linear","EasingDirection":"In"}}},{"Time":0.20000000298023225,"poses":{"Left Leg":{"Weight":1,"CFrame":[-0.8878802061080933,0.921383798122406,0.40337586402893069,0.8964184522628784,-0.2957208454608917,0.3301265835762024,0.33244284987449648,0.9412409663200378,-0.059562619775533679,-0.29311469197273257,0.1631411463022232,0.9420560598373413],"EasingStyle":"Linear","EasingDirection":"In"},"Right Arm":{"Weight":1,"CFrame":[0.05504682660102844,-0.516296923160553,0.7069993019104004,-0.4318082332611084,-0.2897179424762726,-0.8541696667671204,0.17580893635749818,-0.9558801054954529,0.2353396862745285,-0.884665846824646,-0.04854916036128998,0.463691771030426],"EasingStyle":"Linear","EasingDirection":"In"},"Head":{"Weight":1,"CFrame":[-0.00007078330963850021,0.0002610534429550171,0,0.9681270718574524,-0.25045791268348696,0.0012783464044332505,0.24594898521900178,0.9516376256942749,0.18410733342170716,-0.047327667474746707,-0.1779247373342514,0.9829055666923523],"EasingStyle":"Linear","EasingDirection":"In"},"Left Arm":{"Weight":1,"CFrame":[-0.2780628502368927,-0.46530017256736758,0.4513007402420044,-0.742133617401123,0.2985924780368805,0.6000671982765198,-0.19435828924179078,-0.9526892304420471,0.23368413746356965,0.6414538621902466,0.05679693445563316,0.7650567889213562],"EasingStyle":"Linear","EasingDirection":"In"},"Torso":{"Weight":1,"CFrame":[-0.08444882929325104,0.020083393901586534,-0.9300124049186707,0.9699306488037109,0.22190114855766297,-0.09997403621673584,-0.2395348995923996,0.9430932998657227,-0.23064738512039185,0.043103910982608798,0.24765923619270326,0.9678879976272583],"EasingStyle":"Linear","EasingDirection":"In"},"HumanoidRootPart":{"Weight":0,"CFrame":[0,0,0,1,0,0,0,1,0,0,0,1],"EasingStyle":"Linear","EasingDirection":"In"},"Right Leg":{"Weight":1,"CFrame":[0.7792854905128479,1.2399054765701295,0.1700524091720581,0.9909241199493408,-0.12086747586727143,-0.05883041024208069,0.11545242369174957,0.9894006252288818,-0.08807414770126343,0.06885221600532532,0.08048272132873535,0.9943754076957703],"EasingStyle":"Linear","EasingDirection":"In"}}},{"Time":0.23333333432674409,"poses":{"Left Leg":{"Weight":1,"CFrame":[-1.0326029062271119,0.275351881980896,0.6400761604309082,0.7152258157730103,-0.530597984790802,0.45488226413726809,0.6349408030509949,0.7653026580810547,-0.10564906150102616,-0.2920655608177185,0.3643862009048462,0.8842629790306091],"EasingStyle":"Linear","EasingDirection":"In"},"Right Arm":{"Weight":1,"CFrame":[-0.06841838359832764,-0.34693336486816409,0.6953698396682739,-0.16749358177185059,-0.25962796807289126,-0.951072633266449,0.26369303464889529,-0.941350519657135,0.21053475141525269,-0.9499540328979492,-0.2155277580022812,0.2261326164007187],"EasingStyle":"Linear","EasingDirection":"In"},"Head":{"Weight":1,"CFrame":[-0.00010434165596961975,0.00024329125881195068,0,0.9226926565170288,-0.38552361726760867,0.0032375529408454897,0.36923739314079287,0.8860676288604736,0.2802636921405792,-0.11091693490743637,-0.2574019134044647,0.9599174857139587],"EasingStyle":"Linear","EasingDirection":"In"},"Left Arm":{"Weight":1,"CFrame":[-0.21662761270999909,-0.31573039293289187,0.490947961807251,-0.6268200874328613,0.3014269471168518,0.7184971570968628,-0.22828583419322968,-0.9527186751365662,0.20053058862686158,0.7449713945388794,-0.03832630440592766,0.6659948825836182],"EasingStyle":"Linear","EasingDirection":"In"},"Torso":{"Weight":1,"CFrame":[-0.1583075225353241,-0.13190041482448579,-0.6670349836349487,0.9327030181884766,0.31141793727874758,-0.18189066648483277,-0.35451897978782656,0.8842772841453552,-0.3039243519306183,0.0661943256855011,0.34795475006103518,0.9351714849472046],"EasingStyle":"Linear","EasingDirection":"In"},"HumanoidRootPart":{"Weight":0,"CFrame":[0,0,0,1,0,0,0,1,0,0,0,1],"EasingStyle":"Linear","EasingDirection":"In"},"Right Leg":{"Weight":1,"CFrame":[0.29745617508888247,0.7266829013824463,0.5028953552246094,0.7916096448898315,-0.5967966914176941,-0.13110245764255525,0.49424684047698977,0.7515599131584168,-0.43689560890197756,0.3592691421508789,0.28105390071868899,0.8899072408676148],"EasingStyle":"Linear","EasingDirection":"In"}}},{"Time":0.2666666805744171,"poses":{"Left Leg":{"Weight":1,"CFrame":[-0.6412672996520996,-0.22863692045211793,0.5218404531478882,0.6712616682052612,-0.4897834062576294,0.5563453435897827,0.6573407053947449,0.7401930093765259,-0.14148271083831788,-0.3425072133541107,0.4606803357601166,0.8188179135322571],"EasingStyle":"Linear","EasingDirection":"In"},"Right Arm":{"Weight":1,"CFrame":[-0.013731792569160462,-0.3285418748855591,0.3455979824066162,0.028113653883337976,-0.8825061917304993,-0.46946027874946597,0.7465437054634094,-0.2937800884246826,0.5969640016555786,-0.6647420525550842,-0.3672555387020111,0.6505700945854187],"EasingStyle":"Linear","EasingDirection":"In"},"Head":{"Weight":1,"CFrame":[-0.00012353621423244476,0.000227317214012146,0,0.8841534852981567,-0.4670603275299072,0.01127154752612114,0.4396863281726837,0.8400062322616577,0.31790855526924136,-0.15795069932937623,-0.276123970746994,0.9480545520782471],"EasingStyle":"Linear","EasingDirection":"In"},"Left Arm":{"Weight":1,"CFrame":[-0.15477193892002107,-0.3872855603694916,0.3284633159637451,-0.3073042929172516,0.9486045241355896,0.07559143751859665,-0.8234015703201294,-0.30488231778144839,0.4785987138748169,0.4770472049713135,0.08483339101076126,0.8747739195823669],"EasingStyle":"Linear","EasingDirection":"In"},"Torso":{"Weight":1,"CFrame":[-0.2260664403438568,-0.2456294596195221,-0.45198625326156618,0.8916716575622559,0.37182527780532839,-0.25820085406303408,-0.4449465274810791,0.8248844146728516,-0.3486952781677246,0.0833321139216423,0.42580729722976687,0.9009683728218079],"EasingStyle":"Linear","EasingDirection":"In"},"HumanoidRootPart":{"Weight":0,"CFrame":[0,0,0,1,0,0,0,1,0,0,0,1],"EasingStyle":"Linear","EasingDirection":"In"},"Right Leg":{"Weight":1,"CFrame":[0.17745141685009004,0.20027637481689454,0.29074764251708987,0.5458628535270691,-0.8273940682411194,-0.13210856914520265,0.670665979385376,0.5259746313095093,-0.5230278372764587,0.5022360682487488,0.19690068066120149,0.8420149087905884],"EasingStyle":"Linear","EasingDirection":"In"}}},{"Time":0.30000001192092898,"poses":{"Left Leg":{"Weight":1,"CFrame":[-0.15674370527267457,-0.23148292303085328,0.21973443031311036,0.7457935214042664,-0.30245327949523928,0.5935609340667725,0.480523020029068,0.861346960067749,-0.16485951840877534,-0.4613998532295227,0.4081710875034332,0.7877227067947388],"EasingStyle":"Linear","EasingDirection":"In"},"Right Arm":{"Weight":1,"CFrame":[0.059989508241415027,-0.34209340810775759,0.13240909576416017,0.4375273883342743,-0.8381720185279846,0.3256349265575409,0.6021090149879456,0.5420494079589844,0.5862141847610474,-0.6678584814071655,-0.06041707471013069,0.7418322563171387],"EasingStyle":"Linear","EasingDirection":"In"},"Head":{"Weight":1,"CFrame":[-0.00013662129640579224,0.0002244114875793457,0,0.8688684105873108,-0.4947400391101837,0.017324939370155336,0.4630470275878906,0.824590265750885,0.3250211477279663,-0.175087109208107,-0.2743784487247467,0.9455481171607971],"EasingStyle":"Linear","EasingDirection":"In"},"Left Arm":{"Weight":1,"CFrame":[-0.1619567722082138,-0.38975557684898379,0.25647199153900149,0.19429978728294373,0.7282013893127441,-0.6572448015213013,-0.7525054812431336,0.5404605865478516,0.3763480484485626,0.6292718648910523,0.42145588994026186,0.6529868245124817],"EasingStyle":"Linear","EasingDirection":"In"},"Torso":{"Weight":1,"CFrame":[-0.26143690943717959,-0.29106998443603518,-0.3655106723308563,0.8705002665519714,0.39013564586639407,-0.3000393211841583,-0.4826739430427551,0.7958879470825195,-0.36549752950668337,0.09620405733585358,0.4629867672920227,0.8811288475990295],"EasingStyle":"Linear","EasingDirection":"In"},"HumanoidRootPart":{"Weight":0,"CFrame":[0,0,0,1,0,0,0,1,0,0,0,1],"EasingStyle":"Linear","EasingDirection":"In"},"Right Leg":{"Weight":1,"CFrame":[0.07816636562347412,-0.18008428812026978,0.027294158935546876,0.3222050368785858,-0.937194287776947,-0.13360805809497834,0.7904443144798279,0.3440047800540924,-0.5068122148513794,0.5209431648254395,0.05768786370754242,0.8516397476196289],"EasingStyle":"Linear","EasingDirection":"In"}}},{"Time":0.3333333432674408,"poses":{"Left Leg":{"Weight":1,"CFrame":[-0.2239340990781784,-0.2645769715309143,0.25561368465423586,0.7347533702850342,-0.333798348903656,0.5905219316482544,0.5212270617485046,0.8349525928497315,-0.17656807601451875,-0.43411964178085329,0.4375302195549011,0.787469208240509],"EasingStyle":"Linear","EasingDirection":"In"},"Right Arm":{"Weight":1,"CFrame":[0.04671644791960716,-0.3531723618507385,0.12895917892456056,0.4951168894767761,-0.7527278065681458,0.4338896870613098,0.5388482213020325,0.6577876806259155,0.5262681245803833,-0.6815442442893982,-0.026763664558529855,0.7312876582145691],"EasingStyle":"Linear","EasingDirection":"In"},"Head":{"Weight":1,"CFrame":[-0.00013411417603492737,0.00022408366203308105,0,0.8695443868637085,-0.49354231357574465,0.017579324543476106,0.4620167016983032,0.8255441784858704,0.32406431436538699,-0.1744517982006073,-0.2736664116382599,0.945871889591217],"EasingStyle":"Linear","EasingDirection":"In"},"Left Arm":{"Weight":1,"CFrame":[-0.1561175435781479,-0.39472901821136477,0.25943660736083987,0.16615743935108186,0.6696137189865112,-0.7238848209381104,-0.7010570764541626,0.5964656472206116,0.39082983136177065,0.6934773325920105,0.44254544377326968,0.5685447454452515],"EasingStyle":"Linear","EasingDirection":"In"},"Torso":{"Weight":1,"CFrame":[-0.271112322807312,-0.2906767427921295,-0.3978232741355896,0.8675181269645691,0.38530704379081728,-0.31456458568573,-0.48541831970214846,0.7938164472579956,-0.3663668632507324,0.10854285955429077,0.47052523493766787,0.8756852149963379],"EasingStyle":"Linear","EasingDirection":"In"},"HumanoidRootPart":{"Weight":0,"CFrame":[0,0,0,1,0,0,0,1,0,0,0,1],"EasingStyle":"Linear","EasingDirection":"In"},"Right Leg":{"Weight":1,"CFrame":[0.1060454249382019,-0.061623990535736087,0.09951090812683106,0.3678891062736511,-0.9216946363449097,-0.1230308935046196,0.7793193459510803,0.37779390811920168,-0.499933660030365,0.507266104221344,0.08804018795490265,0.8572806119918823],"EasingStyle":"Linear","EasingDirection":"In"}}},{"Time":0.36666667461395266,"poses":{"Left Leg":{"Weight":1,"CFrame":[-0.28458133339881899,-0.30032211542129519,0.28491735458374026,0.7193522453308106,-0.37022364139556887,0.5877647399902344,0.5642224550247192,0.8049731254577637,-0.18349939584732057,-0.4051987826824188,0.4636303186416626,0.7879471778869629],"EasingStyle":"Linear","EasingDirection":"In"},"Right Arm":{"Weight":1,"CFrame":[0.03786587342619896,-0.3589116334915161,0.127089262008667,0.5251502990722656,-0.6923918128013611,0.494784414768219,0.49665653705596926,0.7214818596839905,0.48249030113220217,-0.6910499930381775,-0.007641971111297607,0.7227667570114136],"EasingStyle":"Linear","EasingDirection":"In"},"Head":{"Weight":1,"CFrame":[-0.00013605505228042603,0.00022807717323303223,0,0.8732514977455139,-0.4868968725204468,0.019063308835029603,0.4562978148460388,0.8308449983596802,0.31857460737228396,-0.17095157504081727,-0.26949697732925417,0.947706401348114],"EasingStyle":"Linear","EasingDirection":"In"},"Left Arm":{"Weight":1,"CFrame":[-0.15269623696804048,-0.3996500074863434,0.264839768409729,0.1394381821155548,0.6365667581558228,-0.7585120797157288,-0.6706072092056274,0.6243067979812622,0.40065890550613406,0.7285898923873901,0.45279616117477419,0.5139381289482117],"EasingStyle":"Linear","EasingDirection":"In"},"Torso":{"Weight":1,"CFrame":[-0.2780291438102722,-0.28368186950683596,-0.4272363781929016,0.8647342324256897,0.381879985332489,-0.3261939287185669,-0.487112820148468,0.7958788275718689,-0.3595806956291199,0.12229409068822861,0.4698350429534912,0.8742423057556152],"EasingStyle":"Linear","EasingDirection":"In"},"HumanoidRootPart":{"Weight":0,"CFrame":[0,0,0,1,0,0,0,1,0,0,0,1],"EasingStyle":"Linear","EasingDirection":"In"},"Right Leg":{"Weight":1,"CFrame":[0.10656385868787766,-0.001986205577850342,0.1323174238204956,0.38372132182121279,-0.9158807396888733,-0.11798613518476486,0.7788421511650086,0.3896268606185913,-0.49152424931526186,0.49614816904067995,0.0967157632112503,0.8628344535827637],"EasingStyle":"Linear","EasingDirection":"In"}}},{"Time":0.4000000059604645,"poses":{"Left Leg":{"Weight":1,"CFrame":[-0.251779168844223,-0.3021917939186096,0.251797080039978,0.7299580574035645,-0.3555051386356354,0.5837610363960266,0.549099326133728,0.8136077523231506,-0.19113558530807496,-0.4070028066635132,0.46006375551223757,0.7891073226928711],"EasingStyle":"Linear","EasingDirection":"In"},"Right Arm":{"Weight":1,"CFrame":[0.033126529306173328,-0.3615378141403198,0.126190185546875,0.5389812588691711,-0.6592127084732056,0.5243448615074158,0.4740816056728363,0.7519543170928955,0.45805174112319949,-0.6962372660636902,0.0017008789582177997,0.7178099155426025],"EasingStyle":"Linear","EasingDirection":"In"},"Head":{"Weight":1,"CFrame":[-0.000128159299492836,0.0002332627773284912,0,0.8823246955871582,-0.4700944423675537,0.022686738520860673,0.44176843762397768,0.8438565731048584,0.30454331636428835,-0.16230840981006623,-0.2586839497089386,0.9522284269332886],"EasingStyle":"Linear","EasingDirection":"In"},"Left Arm":{"Weight":1,"CFrame":[-0.15141044557094575,-0.40662896633148196,0.2751286029815674,0.10996793955564499,0.6273587942123413,-0.7709266543388367,-0.6572585105895996,0.627737283706665,0.417081743478775,0.7455995082855225,0.4608325660228729,0.4813680350780487],"EasingStyle":"Linear","EasingDirection":"In"},"Torso":{"Weight":1,"CFrame":[-0.2817348837852478,-0.26852333545684817,-0.40337616205215456,0.8629710674285889,0.37919074296951296,-0.3339093029499054,-0.4861476421356201,0.803184449672699,-0.3443186283111572,0.13762834668159486,0.4594660997390747,0.8774675726890564],"EasingStyle":"Linear","EasingDirection":"In"},"HumanoidRootPart":{"Weight":0,"CFrame":[0,0,0,1,0,0,0,1,0,0,0,1],"EasingStyle":"Linear","EasingDirection":"In"},"Right Leg":{"Weight":1,"CFrame":[0.053040385246276858,-0.13088113069534303,0.04841351509094238,0.310179740190506,-0.9412043690681458,-0.13387665152549745,0.8119723796844482,0.3355272710323334,-0.47762173414230349,0.4944588840007782,0.03944481909275055,0.8683056831359863],"EasingStyle":"Linear","EasingDirection":"In"}}},{"Time":0.4333333373069763,"poses":{"Left Leg":{"Weight":1,"CFrame":[-0.21464906632900239,-0.2894408106803894,0.21983373165130616,0.7397626042366028,-0.3396659195423126,0.5808426141738892,0.5267898440361023,0.8294196724891663,-0.18589097261428834,-0.41862156987190249,0.44349727034568789,0.7925064563751221],"EasingStyle":"Linear","EasingDirection":"In"},"Right Arm":{"Weight":1,"CFrame":[0.03135501965880394,-0.3624503016471863,0.1258782148361206,0.543793797492981,-0.6466463208198547,0.534917950630188,0.46563035249710085,0.7627735733985901,0.44873714447021487,-0.6981956362724304,0.005053550936281681,0.7158892750740051],"EasingStyle":"Linear","EasingDirection":"In"},"Head":{"Weight":1,"CFrame":[-0.00012338347733020782,0.0002367645502090454,0,0.8985426425933838,-0.4379390776157379,0.028818849474191667,0.41368401050567629,0.8670485019683838,0.27765604853630068,-0.14658351242542268,-0.2375635802745819,0.9602484703063965],"EasingStyle":"Linear","EasingDirection":"In"},"Left Arm":{"Weight":1,"CFrame":[-0.1525326818227768,-0.4174076318740845,0.2931551933288574,0.06972017139196396,0.6382998824119568,-0.766624391078949,-0.6550297141075134,0.6089029312133789,0.44740766286849978,0.752379834651947,0.4709680676460266,0.4605579376220703],"EasingStyle":"Linear","EasingDirection":"In"},"Torso":{"Weight":1,"CFrame":[-0.27743908762931826,-0.22152584791183473,-0.35593897104263308,0.8646017909049988,0.37980735301971438,-0.3289530873298645,-0.48048901557922366,0.8164474964141846,-0.3202247619628906,0.14694923162460328,0.434925377368927,0.8883952498435974],"EasingStyle":"Linear","EasingDirection":"In"},"HumanoidRootPart":{"Weight":0,"CFrame":[0,0,0,1,0,0,0,1,0,0,0,1],"EasingStyle":"Linear","EasingDirection":"In"},"Right Leg":{"Weight":1,"CFrame":[-0.01536083035171032,-0.2892438769340515,-0.049011826515197757,0.23785044252872468,-0.9588974714279175,-0.15473470091819764,0.8362516760826111,0.2831997275352478,-0.4695543050765991,0.4940752685070038,-0.01771358773112297,0.8692387342453003],"EasingStyle":"Linear","EasingDirection":"In"}}},{"Time":0.46666666865348818,"poses":{"Left Leg":{"Weight":1,"CFrame":[-0.26451221108436587,-0.29204362630844118,0.248543381690979,0.7212111949920654,-0.37863674759864809,0.5800771713256836,0.5556005835533142,0.8163092136383057,-0.15794603526592256,-0.4137185215950012,0.43620383739471438,0.799102246761322],"EasingStyle":"Linear","EasingDirection":"In"},"Right Arm":{"Weight":1,"CFrame":[0.031100446358323098,-0.3625785708427429,0.12583589553833009,0.5444688200950623,-0.6448366045951843,0.5364142656326294,0.46441763639450076,0.7643007636070252,0.44739341735839846,-0.6984773278236389,0.005528495647013187,0.7156111001968384],"EasingStyle":"Linear","EasingDirection":"In"},"Head":{"Weight":1,"CFrame":[-0.00010584481060504913,0.0002450868487358093,0,0.9224838614463806,-0.38428956270217898,0.0366801954805851,0.3660542666912079,0.9009509682655335,0.23300744593143464,-0.12258944660425186,-0.20151853561401368,0.9717831015586853],"EasingStyle":"Linear","EasingDirection":"In"},"Left Arm":{"Weight":1,"CFrame":[-0.15748928487300874,-0.4330195188522339,0.32222700119018557,0.008401870727539063,0.6636519432067871,-0.7479949593544006,-0.6553000211715698,0.5686708092689514,0.49718767404556277,0.7553222179412842,0.485983669757843,0.4396689236164093],"EasingStyle":"Linear","EasingDirection":"In"},"Torso":{"Weight":1,"CFrame":[-0.2631929814815521,-0.1256280094385147,-0.31969720125198367,0.8700907230377197,0.385445773601532,-0.307203471660614,-0.4700902998447418,0.8363181352615356,-0.2821125090122223,0.14818069338798524,0.3898768424987793,0.9088667035102844],"EasingStyle":"Linear","EasingDirection":"In"},"HumanoidRootPart":{"Weight":0,"CFrame":[0,0,0,1,0,0,0,1,0,0,0,1],"EasingStyle":"Linear","EasingDirection":"In"},"Right Leg":{"Weight":1,"CFrame":[0.011374949477612973,-0.10276216268539429,0.02716386318206787,0.4045644700527191,-0.899695873260498,-0.1639367640018463,0.8292665481567383,0.43648630380630495,-0.3489944040775299,0.3855445683002472,0.005243500228971243,0.9226744174957275],"EasingStyle":"Linear","EasingDirection":"In"}}},{"Time":0.5,"poses":{"Left Leg":{"Weight":1,"CFrame":[-0.5967987775802612,-0.38792866468429568,0.4427216053009033,0.5908082723617554,-0.5831499695777893,0.5575680136680603,0.7442803978919983,0.6606899499893189,-0.09764856845140457,-0.3114357888698578,0.4726785123348236,0.8243681192398071],"EasingStyle":"Linear","EasingDirection":"In"},"Right Arm":{"Weight":1,"CFrame":[0.08266513794660568,-0.34909939765930178,0.15479087829589845,0.348238080739975,-0.853034496307373,0.38866788148880007,0.6913827657699585,0.5137159824371338,0.5080217123031616,-0.6330249905586243,0.09180580079555512,0.7686687111854553],"EasingStyle":"Linear","EasingDirection":"In"},"Head":{"Weight":1,"CFrame":[-0.00007879361510276794,0.0002585873007774353,0,0.9543264508247376,-0.2960011959075928,0.040555231273174289,0.2877010107040405,0.9470759034156799,0.1423928290605545,-0.08055730164051056,-0.12422139942646027,0.9889791011810303],"EasingStyle":"Linear","EasingDirection":"In"},"Left Arm":{"Weight":1,"CFrame":[-0.1863185614347458,-0.4730743169784546,0.36768078804016116,-0.16421255469322205,0.8099362254142761,-0.5630612373352051,-0.7567541003227234,0.26270464062690737,0.5985897183418274,0.6327382922172546,0.5243945121765137,0.569783091545105],"EasingStyle":"Linear","EasingDirection":"In"},"Torso":{"Weight":1,"CFrame":[-0.23193901777267457,0.023051422089338304,-0.43201595544815066,0.8842200636863709,0.38985031843185427,-0.2572385370731354,-0.4430947005748749,0.8743361234664917,-0.19799906015396119,0.14772291481494904,0.2890557646751404,0.9458460807800293],"EasingStyle":"Linear","EasingDirection":"In"},"HumanoidRootPart":{"Weight":0,"CFrame":[0,0,0,1,0,0,0,1,0,0,0,1],"EasingStyle":"Linear","EasingDirection":"In"},"Right Leg":{"Weight":1,"CFrame":[0.5253365635871887,0.7829862236976624,0.10758495330810547,0.8941419124603272,-0.441765695810318,-0.0731673613190651,0.4375164806842804,0.8966883420944214,-0.06730125099420548,0.0953393206000328,0.02816488780081272,0.9950464367866516],"EasingStyle":"Linear","EasingDirection":"In"}}},{"Time":0.5333333611488342,"poses":{"Left Leg":{"Weight":1,"CFrame":[-1.0271490812301636,-0.401561439037323,0.6051769256591797,0.40887951850891116,-0.7735752463340759,0.48414844274520876,0.8891648054122925,0.45712631940841677,-0.020530158653855325,-0.20543542504310609,0.43888190388679507,0.8747453093528748],"EasingStyle":"Linear","EasingDirection":"In"},"Right Arm":{"Weight":1,"CFrame":[0.3134131133556366,-0.3537815809249878,0.19546723365783692,-0.3195687234401703,-0.9475220441818237,-0.008864305913448334,0.8211860060691834,-0.2816030979156494,0.49633997678756716,-0.47278928756713869,0.1513354629278183,0.8680832982063294],"EasingStyle":"Linear","EasingDirection":"In"},"Head":{"Weight":1,"CFrame":[-0.00005341134965419769,0.000268738716840744,0,0.9819232225418091,-0.18690724670886994,0.029884349554777147,0.18664808571338654,0.9823625087738037,0.011261381208896637,-0.03146207705140114,-0.0054800063371658329,0.999489963054657],"EasingStyle":"Linear","EasingDirection":"In"},"Left Arm":{"Weight":1,"CFrame":[-0.3031686842441559,-0.5368938446044922,0.3854227066040039,-0.5569706559181213,0.8283079266548157,-0.0607469379901886,-0.687578022480011,-0.41884151101112368,0.5931344032287598,0.46585458517074587,0.37212643027305605,0.8028087615966797],"EasingStyle":"Linear","EasingDirection":"In"},"Torso":{"Weight":1,"CFrame":[-0.17903649806976319,0.19696401059627534,-0.7113624811172485,0.9159430861473084,0.36148905754089358,-0.17428192496299745,-0.37836694717407229,0.9226252436637878,-0.07484225928783417,0.13374224305152894,0.13449373841285706,0.9818474650382996],"EasingStyle":"Linear","EasingDirection":"In"},"HumanoidRootPart":{"Weight":0,"CFrame":[0,0,0,1,0,0,0,1,0,0,0,1],"EasingStyle":"Linear","EasingDirection":"In"},"Right Leg":{"Weight":1,"CFrame":[1.0434317588806153,1.0108705759048463,-0.24845677614212037,0.9921709895133972,0.039587464183568957,0.1184491515159607,-0.05606638267636299,0.9886752367019653,0.1392027735710144,-0.11159712076187134,-0.14475403726100923,0.9831545948982239],"EasingStyle":"Linear","EasingDirection":"In"}}},{"Time":0.5666666626930237,"poses":{"Left Leg":{"Weight":1,"CFrame":[-1.3340063095092774,0.215742826461792,0.5102753639221191,0.558250904083252,-0.7504487037658691,0.3538120985031128,0.7954400181770325,0.6053426861763,0.028895661234855653,-0.2358623892068863,0.2653052806854248,0.934870183467865],"EasingStyle":"Linear","EasingDirection":"In"},"Right Arm":{"Weight":1,"CFrame":[0.6856702566146851,-0.23011070489883424,0.23428165912628175,-0.8278536796569824,-0.43313226103782656,-0.356447696685791,0.3530433177947998,-0.896115779876709,0.26895537972450259,-0.4359118640422821,0.09681403636932373,0.894767165184021],"EasingStyle":"Linear","EasingDirection":"In"},"Head":{"Weight":1,"CFrame":[-0.00002523232251405716,0.00027191638946533203,0,0.9953886270523071,-0.09556852281093598,0.008274951949715615,0.0958968997001648,0.9892430305480957,-0.11046433448791504,0.00237096194177866,0.11074850708246231,0.9938457608222961],"EasingStyle":"Linear","EasingDirection":"In"},"Left Arm":{"Weight":1,"CFrame":[-0.47275543212890627,-0.5102864503860474,0.4117438793182373,-0.7816658616065979,0.4523898661136627,0.4293510913848877,-0.3105482757091522,-0.8792972564697266,0.3611036241054535,0.5408869981765747,0.14892816543579102,0.8278056979179382],"EasingStyle":"Linear","EasingDirection":"In"},"Torso":{"Weight":1,"CFrame":[-0.11766621470451355,0.34047380089759829,-1.0054949522018433,0.9609038233757019,0.26422548294067385,-0.0827580913901329,-0.26211243867874148,0.9643793702125549,0.0356307178735733,0.08922473341226578,-0.012545742094516755,0.9959325194358826],"EasingStyle":"Linear","EasingDirection":"In"},"HumanoidRootPart":{"Weight":0,"CFrame":[0,0,0,1,0,0,0,1,0,0,0,1],"EasingStyle":"Linear","EasingDirection":"In"},"Right Leg":{"Weight":1,"CFrame":[1.2574893236160279,0.9752295017242432,-0.311093270778656,0.9394128322601318,0.302947461605072,0.16039469838142396,-0.3231029212474823,0.9388341307640076,0.11914113163948059,-0.11449043452739716,-0.16374662518501283,0.9798363447189331],"EasingStyle":"Linear","EasingDirection":"In"}}},{"Time":0.6000000238418579,"poses":{"Left Leg":{"Weight":1,"CFrame":[-0.9084652662277222,1.0563855171203614,0.11106669902801514,0.9684876203536987,-0.19363635778427125,0.1566421091556549,0.19205103814601899,0.98105788230896,0.025340821593999864,-0.15858194231987,0.005540971178561449,0.9873306155204773],"EasingStyle":"Linear","EasingDirection":"In"},"Right Arm":{"Weight":1,"CFrame":[0.8411125540733337,-0.1023527979850769,0.28076934814453127,-0.8713694214820862,-0.11234217882156372,-0.47759270668029787,0.05055661126971245,-0.9888101816177368,0.1403530389070511,-0.4880160689353943,0.09815385937690735,0.8672986626625061],"EasingStyle":"Linear","EasingDirection":"In"},"Head":{"Weight":1,"CFrame":[-0.000016237609088420869,0.00026725977659225464,0,0.9982994198799133,-0.05816597118973732,-0.003957698121666908,0.056555598974227908,0.9826714992523193,-0.17651794850826264,0.014156440272927285,0.17599394917488099,0.984289824962616],"EasingStyle":"Linear","EasingDirection":"In"},"Left Arm":{"Weight":1,"CFrame":[-0.5392282605171204,-0.4639664590358734,0.440975546836853,-0.7713322043418884,0.2283177524805069,0.5940688252449036,-0.11889635026454926,-0.968696653842926,0.21792446076869965,0.6252285242080689,0.09745950996875763,0.7743331789970398],"EasingStyle":"Linear","EasingDirection":"In"},"Torso":{"Weight":1,"CFrame":[-0.05761535093188286,0.3983592689037323,-1.142973780632019,0.9972394704818726,0.07420996576547623,-0.0025837423745542766,-0.07375992089509964,0.9940025806427002,0.08073659241199494,0.008559701964259148,-0.08032311499118805,0.9967322945594788],"EasingStyle":"Linear","EasingDirection":"In"},"HumanoidRootPart":{"Weight":0,"CFrame":[0,0,0,1,0,0,0,1,0,0,0,1],"EasingStyle":"Linear","EasingDirection":"In"},"Right Leg":{"Weight":1,"CFrame":[1.2064437866210938,0.9668026566505432,-0.006241738796234131,0.91994708776474,0.39097100496292117,-0.028963783755898477,-0.3897850215435028,0.9200671911239624,0.0392996221780777,0.04201372340321541,-0.02486388385295868,0.998807966709137],"EasingStyle":"Linear","EasingDirection":"In"}}},{"Time":0.6333333253860474,"poses":{"Left Leg":{"Weight":1,"CFrame":[-0.36720383167266848,1.0010682344436646,0.1519908905029297,0.9029452800750732,0.3973866105079651,0.163628950715065,-0.3885337710380554,0.9175650477409363,-0.0843573659658432,-0.18366268277168275,0.012594778090715409,0.9829087257385254],"EasingStyle":"Linear","EasingDirection":"In"},"Right Arm":{"Weight":1,"CFrame":[0.4758765399456024,-0.4226669371128082,0.33940553665161135,-0.6271750926971436,-0.6301519870758057,-0.45777782797813418,0.5247545838356018,-0.7761877179145813,0.34952178597450259,-0.575573205947876,-0.021009664982557298,0.8174805641174316],"EasingStyle":"Linear","EasingDirection":"In"},"Head":{"Weight":1,"CFrame":[-0.00001940689980983734,0.00026898086071014404,0,0.9966446757316589,-0.08147057890892029,0.007897090166807175,0.08143085241317749,0.977109432220459,-0.1965371072292328,0.00829573068767786,0.19652065634727479,0.9804648160934448],"EasingStyle":"Linear","EasingDirection":"In"},"Left Arm":{"Weight":1,"CFrame":[-0.4405311644077301,-0.64947110414505,0.45114684104919436,-0.7234712243080139,0.46708625