{"Sequence":[{"Time":0,"poses":{"Left Leg":{"Weight":1,"CFrame":[-0.15590590238571168,0.10047799348831177,0.044388532638549808,0.9682230949401856,-0.08594546467065811,0.2348562330007553,0.06263412535190582,0.9924992322921753,0.10498744994401932,-0.24211788177490235,-0.08694127947092056,0.9663437008857727],"EasingStyle":"Linear","EasingDirection":"In"},"Right Arm":{"Weight":1,"CFrame":[-4.6566128730773929e-9,-0.0439816415309906,-0.03141522407531738,0.9711399674415588,0.05119163915514946,-0.23295214772224427,-0.001990294549614191,0.9784007668495178,0.20670750737190247,0.23850227892398835,-0.2002784013748169,0.9502658843994141],"EasingStyle":"Linear","EasingDirection":"In"},"Head":{"Weight":1,"CFrame":[8.910137694329024e-8,-1.7462298274040223e-9,-2.384185791015625e-7,0.9995102286338806,-0.031013770028948785,0.004201007075607777,0.031002448871731759,0.9995156526565552,0.0027335246559232475,-0.004283749032765627,-0.0026019448414444925,0.9999874830245972],"EasingStyle":"Linear","EasingDirection":"In"},"Right Leg":{"Weight":1,"CFrame":[0.1584501415491104,0.12067675590515137,0.05413818359375,0.9579771161079407,0.08721307665109635,-0.27326494455337527,-0.056381478905677798,0.9913247227668762,0.11872849613428116,0.2812489867210388,-0.09833215922117233,0.9545836448669434],"EasingStyle":"Linear","EasingDirection":"In"},"Torso":{"Weight":1,"CFrame":[-0.008432555943727494,-0.006118186749517918,-0.06791210174560547,0.9998492002487183,0.013802560046315194,-0.01054078247398138,-0.013858907856047154,0.9998899698257446,-0.00529159139841795,0.01046658493578434,0.005436877254396677,0.9999304413795471],"EasingStyle":"Linear","EasingDirection":"In"},"HumanoidRootPart":{"Weight":1,"CFrame":[0,0,0,1,0,0,0,1,0,0,0,1],"EasingStyle":"Linear","EasingDirection":"In"},"Left Arm":{"Weight":1,"CFrame":[5.587935447692871e-9,-0.050264835357666019,1.1920928955078126e-7,0.9919109344482422,-0.10405533015727997,0.07269927114248276,0.08695642650127411,0.9742512702941895,0.20802199840545655,-0.09247317165136337,-0.20001766085624696,0.975418746471405],"EasingStyle":"Linear","EasingDirection":"In"}}},{"Time":0.03333333507180214,"poses":{"Left Leg":{"Weight":1,"CFrame":[-0.22068436443805695,0.11788833141326904,0.057595133781433108,0.964949905872345,-0.12485067546367645,0.2308334857225418,0.10226952284574509,0.9889448881149292,0.10737354308366776,-0.24168729782104493,-0.08000287413597107,0.9670506119728088],"EasingStyle":"Linear","EasingDirection":"In"},"Right Arm":{"Weight":1,"CFrame":[0.0007976875640451908,-0.06039491295814514,-0.03605771064758301,0.9995011687278748,0.031464725732803348,-0.002726304344832897,-0.030087828636169435,0.9748852252960205,0.22066591680049897,0.009600987657904625,-0.22047385573387147,0.9753456115722656],"EasingStyle":"Linear","EasingDirection":"In"},"Head":{"Weight":1,"CFrame":[8.92032403498888e-8,-1.6952981241047383e-9,-1.1920928955078126e-7,0.9995112419128418,-0.03123321384191513,0.0013234366197139025,0.031236812472343446,0.9995082020759583,-0.0027962494641542436,-0.0012354503851383925,0.0028362227603793146,0.999995231628418],"EasingStyle":"Linear","EasingDirection":"In"},"Right Leg":{"Weight":1,"CFrame":[0.20429454743862153,0.13578498363494874,0.06684839725494385,0.9536501169204712,0.11741263419389725,-0.2770664691925049,-0.08707620203495026,0.9890198111534119,0.11940527707338333,0.28804394602775576,-0.0897449478507042,0.9534026980400086],"EasingStyle":"Linear","EasingDirection":"In"},"Torso":{"Weight":1,"CFrame":[0.0012169554829597474,0.008814027532935143,-0.08831930160522461,0.9998857378959656,0.013652513734996319,-0.006504844408482313,-0.013641688041388989,0.9999055862426758,0.0017057658405974508,0.006527518853545189,-0.0016168339643627406,0.9999774098396301],"EasingStyle":"Linear","EasingDirection":"In"},"HumanoidRootPart":{"Weight":1,"CFrame":[0,0,0,1,0,0,0,1,0,0,0,1],"EasingStyle":"Linear","EasingDirection":"In"},"Left Arm":{"Weight":1,"CFrame":[0.00011856574565172195,-0.04706719517707825,0.005514621734619141,0.9932433366775513,-0.11328326165676117,-0.025190923362970353,0.11604972928762436,0.9702832698822022,0.21232713758945466,0.0003891802625730634,-0.21381600201129914,0.9768739342689514],"EasingStyle":"Linear","EasingDirection":"In"}}},{"Time":0.06666667014360428,"poses":{"Left Leg":{"Weight":1,"CFrame":[-0.223194420337677,0.11445033550262451,0.05645561218261719,0.9678462147712708,-0.12601187825202943,0.21770361065864564,0.10411472618579865,0.9885384440422058,0.10932526737451554,-0.22898469865322114,-0.08314391225576401,0.969872772693634],"EasingStyle":"Linear","EasingDirection":"In"},"Right Arm":{"Weight":1,"CFrame":[0.002467633690685034,-0.07680827379226685,-0.04713982343673706,0.9737165570259094,0.007512500509619713,0.2276393473148346,-0.060737717896699908,0.9718279242515564,0.2277308702468872,-0.21951551735401154,-0.2355717122554779,0.9467412829399109],"EasingStyle":"Linear","EasingDirection":"In"},"Head":{"Weight":1,"CFrame":[8.812639862298966e-8,1.3998942449688912e-8,1.1920928955078126e-7,0.9994730353355408,-0.03185821697115898,-0.00622433191165328,0.0317443311214447,0.999340832233429,-0.017611339688301088,0.006781294941902161,0.017404470592737199,0.9998255968093872],"EasingStyle":"Linear","EasingDirection":"In"},"Right Leg":{"Weight":1,"CFrame":[0.171107217669487,0.12364691495895386,0.06271302700042725,0.9520812630653381,0.10480648279190064,-0.2873270511627197,-0.07420922815799713,0.9905414581298828,0.11541543900966644,0.2967056632041931,-0.08856262266635895,0.9508535861968994],"EasingStyle":"Linear","EasingDirection":"In"},"Torso":{"Weight":1,"CFrame":[0.02458394318819046,0.04623550921678543,-0.07991266250610352,0.9999068379402161,0.013176118023693562,0.0035650799982249738,-0.013239535503089428,0.9997432231903076,0.018391700461506845,-0.003321833210065961,-0.018437186256051065,0.9998245239257813],"EasingStyle":"Linear","EasingDirection":"In"},"HumanoidRootPart":{"Weight":1,"CFrame":[0,0,0,1,0,0,0,1,0,0,0,1],"EasingStyle":"Linear","EasingDirection":"In"},"Left Arm":{"Weight":1,"CFrame":[0.00043527083471417427,-0.043869733810424808,0.014882802963256836,0.9849714636802673,-0.12070818245410919,-0.12353478372097016,0.14596118032932282,0.9641249179840088,0.22171692550182343,0.0923399105668068,-0.23641620576381684,0.9672542810440064],"EasingStyle":"Linear","EasingDirection":"In"}}},{"Time":0.10000000149011612,"poses":{"Left Leg":{"Weight":1,"CFrame":[-0.2074485719203949,0.10441350936889649,0.05072367191314697,0.9743096232414246,-0.11227390915155411,0.19523166120052339,0.09161119163036347,0.9894933104515076,0.11184972524642945,-0.20573824644088746,-0.0910908654332161,0.9743583798408508],"EasingStyle":"Linear","EasingDirection":"In"},"Right Arm":{"Weight":1,"CFrame":[0.004088969901204109,-0.06437215209007263,-0.0603863000869751,0.9897304773330689,0.013255500234663487,0.14233006536960603,-0.04592065140604973,0.9723990559577942,0.22876055538654328,-0.13536931574344636,-0.2329472452402115,0.9630216956138611],"EasingStyle":"Linear","EasingDirection":"In"},"Head":{"Weight":1,"CFrame":[8.032657206058502e-8,8.731149137020111e-10,1.1920928955078126e-7,0.9993181824684143,-0.032871779054403308,-0.01681140623986721,0.03219516947865486,0.9987185597419739,-0.03904697671532631,0.01807340607047081,0.03847910836338997,0.9990959763526917],"EasingStyle":"Linear","EasingDirection":"In"},"Right Leg":{"Weight":1,"CFrame":[0.09829385578632355,0.0996776819229126,0.04883730411529541,0.9501809477806091,0.06946897506713867,-0.3038589060306549,-0.038770534098148349,0.9936178922653198,0.10592629015445709,0.3092782199382782,-0.0888684019446373,0.9468101263046265],"EasingStyle":"Linear","EasingDirection":"In"},"Torso":{"Weight":1,"CFrame":[0.053293708711862567,0.09507649391889572,-0.0617060661315918,0.9997856020927429,0.01236686110496521,0.016609199345111848,-0.01299563143402338,0.999181866645813,0.03829819709062576,-0.01612197980284691,-0.03850582614541054,0.9991284012794495],"EasingStyle":"Linear","EasingDirection":"In"},"HumanoidRootPart":{"Weight":1,"CFrame":[0,0,0,1,0,0,0,1,0,0,0,1],"EasingStyle":"Linear","EasingDirection":"In"},"Left Arm":{"Weight":1,"CFrame":[0.0008966755121946335,-0.05301675200462341,0.019806861877441407,0.9931032061576843,-0.114569753408432,-0.024894777685403825,0.11718054860830307,0.962992250919342,0.2427234947681427,-0.003835319774225354,-0.2439666986465454,0.9697760939598084],"EasingStyle":"Linear","EasingDirection":"In"}}},{"Time":0.13333334028720857,"poses":{"Left Leg":{"Weight":1,"CFrame":[-0.19176891446113587,0.09490150213241577,0.04428672790527344,0.9825276732444763,-0.09074153751134873,0.16249731183052064,0.07238820940256119,0.990664541721344,0.11551554501056671,-0.17146237194538117,-0.10173425823450089,0.9799239635467529],"EasingStyle":"Linear","EasingDirection":"In"},"Right Arm":{"Weight":1,"CFrame":[0.005395823158323765,-0.041276395320892337,-0.071494460105896,0.9996061325073242,0.02022385410964489,-0.019456645473837854,-0.015277689322829247,0.9737259745597839,0.22720973193645478,0.023540453985333444,-0.2268231064081192,0.9736514687538147],"EasingStyle":"Linear","EasingDirection":"In"},"Head":{"Weight":1,"CFrame":[9.220093488693237e-8,-4.307366907596588e-9,1.1920928955078126e-7,0.9989995956420898,-0.03421420976519585,-0.028799215331673623,0.03230263292789459,0.9974006414413452,-0.06441003084182739,0.03092808835208416,0.0634152963757515,0.9975079298019409],"EasingStyle":"Linear","EasingDirection":"In"},"Right Leg":{"Weight":1,"CFrame":[-0.0002560131251811981,0.07090115547180176,0.025110244750976564,0.9450715780258179,0.015987453982234,-0.3264722228050232,0.0140771409496665,0.9958856701850891,0.08951950073242188,0.3265601694583893,-0.08919819444417954,0.9409582018852234],"EasingStyle":"Linear","EasingDirection":"In"},"Torso":{"Weight":1,"CFrame":[0.07898026704788208,0.14426708221435548,-0.04380488395690918,0.9994971752166748,0.011432054452598095,0.02957858145236969,-0.013045919127762318,0.9984034895896912,0.05495709553360939,-0.028903089463710786,-0.05531533434987068,0.9980505108833313],"EasingStyle":"Linear","EasingDirection":"In"},"HumanoidRootPart":{"Weight":1,"CFrame":[0,0,0,1,0,0,0,1,0,0,0,1],"EasingStyle":"Linear","EasingDirection":"In"},"Left Arm":{"Weight":1,"CFrame":[0.001469590701162815,-0.07000333070755005,0.021856069564819337,0.9815760850906372,-0.10372739285230637,0.16046500205993653,0.05950336903333664,0.9639996886253357,0.25916022062301638,-0.18157023191452027,-0.24483726918697358,0.9524112343788147],"EasingStyle":"Linear","EasingDirection":"In"}}},{"Time":0.1666666716337204,"poses":{"Left Leg":{"Weight":1,"CFrame":[-0.3057178556919098,0.12426674365997315,0.047724246978759769,0.9843953251838684,-0.1314675211906433,0.11697124689817429,0.1168782040476799,0.9853881001472473,0.1238948255777359,-0.13155026733875276,-0.10829007625579834,0.9853769540786743],"EasingStyle":"Linear","EasingDirection":"In"},"Right Arm":{"Weight":1,"CFrame":[0.006286255549639463,-0.02883988618850708,-0.07615482807159424,0.9941103458404541,0.014591812156140805,-0.10738670825958252,0.009876206517219544,0.9745730757713318,0.2238520085811615,0.10792257636785507,-0.2235943078994751,0.9686890244483948],"EasingStyle":"Linear","EasingDirection":"In"},"Head":{"Weight":1,"CFrame":[6.915070116519928e-8,-1.2456439435482025e-8,3.5762786865234377e-7,0.9985392689704895,-0.03571060672402382,-0.040547993034124377,0.03190195932984352,0.9953420162200928,-0.09097611159086228,0.0436079315841198,0.08954967558383942,0.9950272440910339],"EasingStyle":"Linear","EasingDirection":"In"},"Right Leg":{"Weight":1,"CFrame":[-0.07526218146085739,0.04687291383743286,0.004993081092834473,0.9344829320907593,-0.030989250168204309,-0.3546566069126129,0.05743763968348503,0.9962769746780396,0.06428936123847962,0.3513440191745758,-0.08044803142547608,0.932783842086792],"EasingStyle":"Linear","EasingDirection":"In"},"Torso":{"Weight":1,"CFrame":[0.09330157190561295,0.18275760114192964,-0.03587603569030762,0.9991626739501953,0.010839319787919522,0.03945426270365715,-0.013271900825202465,0.9979925155639648,0.061925504356622699,-0.03870382905006409,-0.06239727512001991,0.9973007440567017],"EasingStyle":"Linear","EasingDirection":"In"},"HumanoidRootPart":{"Weight":1,"CFrame":[0,0,0,1,0,0,0,1,0,0,0,1],"EasingStyle":"Linear","EasingDirection":"In"},"Left Arm":{"Weight":1,"CFrame":[0.0021257097832858564,-0.07914987206459046,0.025066137313842775,0.9611276984214783,-0.09869265556335449,0.2578631639480591,0.02693682536482811,0.9629953503608704,0.2681688070297241,-0.27478736639022829,-0.2507985830307007,0.9282198548316956],"EasingStyle":"Linear","EasingDirection":"In"}}},{"Time":0.20000000298023225,"poses":{"Left Leg":{"Weight":1,"CFrame":[-0.49482694268226626,0.20294678211212159,0.02953052520751953,0.9776101112365723,-0.20336054265499116,0.05406605452299118,0.19391995668411256,0.9704341888427734,0.1437104493379593,-0.08169260621070862,-0.1300082504749298,0.9881418347358704],"EasingStyle":"Linear","EasingDirection":"In"},"Right Arm":{"Weight":1,"CFrame":[0.006730629131197929,-0.030433684587478639,-0.07444417476654053,0.9951252341270447,-0.0018804119899868966,-0.0986013188958168,0.02444693073630333,0.973315417766571,0.2281656414270401,0.0955410897731781,-0.22946403920650483,0.9686166644096375],"EasingStyle":"Linear","EasingDirection":"In"},"Head":{"Weight":1,"CFrame":[6.263144314289093e-8,-1.4784745872020722e-8,1.1920928955078126e-7,0.9980404376983643,-0.03704201430082321,-0.05043129250407219,0.030983973294496537,0.9927642941474915,-0.11601386219263077,0.05436377227306366,0.11422397941350937,0.9919664859771729],"EasingStyle":"Linear","EasingDirection":"In"},"Right Leg":{"Weight":1,"CFrame":[0.006016932427883148,0.053258299827575687,0.04436969757080078,0.9220395088195801,0.008048568852245808,-0.38701197504997256,0.004222966264933348,0.999515175819397,0.030847810208797456,0.3870726525783539,-0.03007730096578598,0.9215585589408875],"EasingStyle":"Linear","EasingDirection":"In"},"Torso":{"Weight":1,"CFrame":[0.09479308128356934,0.20409458875656129,-0.054879188537597659,0.9989238381385803,0.01081700436770916,0.04510421305894852,-0.013450833968818188,0.9981964230537415,0.058505818247795108,-0.044390011578798297,-0.059049542993307117,0.9972676038742065],"EasingStyle":"Linear","EasingDirection":"In"},"HumanoidRootPart":{"Weight":1,"CFrame":[0,0,0,1,0,0,0,1,0,0,0,1],"EasingStyle":"Linear","EasingDirection":"In"},"Left Arm":{"Weight":1,"CFrame":[0.0028300825506448747,-0.077411949634552,0.032617807388305667,0.9756383299827576,-0.09649679064750672,0.1970233917236328,0.037900734692811969,0.95870441198349,0.28186771273612978,-0.2160865217447281,-0.2675337493419647,0.9390061497688294],"EasingStyle":"Linear","EasingDirection":"In"}}},{"Time":0.23333333432674409,"poses":{"Left Leg":{"Weight":1,"CFrame":[-0.6191762089729309,0.2726285457611084,-0.028443872928619386,0.9714250564575195,-0.23544500768184663,-0.02998591586947441,0.2369634509086609,0.9549077153205872,0.17888441681861878,-0.013483703136444092,-0.1808784008026123,0.98341304063797],"EasingStyle":"Linear","EasingDirection":"In"},"Right Arm":{"Weight":1,"CFrame":[0.006989298388361931,-0.03502202033996582,-0.0689515471458435,0.9969998002052307,-0.018382461741566659,-0.07518958300352097,0.03617497906088829,0.9694358706474304,0.2426632046699524,0.06843068450689316,-0.2446552962064743,0.9671924114227295],"EasingStyle":"Linear","EasingDirection":"In"},"Head":{"Weight":1,"CFrame":[8.172355592250824e-8,6.170012056827545e-9,0,0.9977251291275024,-0.03517141565680504,-0.057510845363140109,0.026989096775650979,0.9901586174964905,-0.13732320070266725,0.06177470088005066,0.13545864820480348,0.9888553619384766],"EasingStyle":"Linear","EasingDirection":"In"},"Right Leg":{"Weight":1,"CFrame":[0.08954454213380814,0.06251895427703858,0.0958402156829834,0.9048815965652466,0.05175293609499931,-0.4225056767463684,-0.06382587552070618,0.9978561997413635,-0.014468023553490639,0.4208511710166931,0.04005859047174454,0.9062448740005493],"EasingStyle":"Linear","EasingDirection":"In"},"Torso":{"Weight":1,"CFrame":[0.08942627161741257,0.20628681778907777,-0.0898432731628418,0.9987807869911194,0.011449373327195645,0.04802117496728897,-0.01383186411112547,0.9986745715141296,0.049578167498111728,-0.047389887273311618,-0.05018194764852524,0.9976151585578919],"EasingStyle":"Linear","EasingDirection":"In"},"HumanoidRootPart":{"Weight":1,"CFrame":[0,0,0,1,0,0,0,1,0,0,0,1],"EasingStyle":"Linear","EasingDirection":"In"},"Left Arm":{"Weight":1,"CFrame":[0.0035205017775297167,-0.07326841354370117,0.04427337646484375,0.9950857162475586,-0.08638076484203339,0.0484025776386261,0.06813406199216843,0.9520371556282044,0.2983003258705139,-0.07184849679470062,-0.2935366630554199,0.9532440900802612],"EasingStyle":"Linear","EasingDirection":"In"}}},{"Time":0.2666666805744171,"poses":{"Left Leg":{"Weight":1,"CFrame":[-0.6384404301643372,0.2670196294784546,-0.0972754955291748,0.9689561724662781,-0.20762385427951814,-0.1342252492904663,0.2338545173406601,0.9458593130111694,0.2250828891992569,0.0802256315946579,-0.24948462843894959,0.9650499224662781],"EasingStyle":"Linear","EasingDirection":"In"},"Right Arm":{"Weight":1,"CFrame":[0.00739515945315361,-0.042315512895584109,-0.05913609266281128,0.9983490705490112,-0.033098697662353519,-0.046943631023168567,0.044461995363235477,0.9627333283424377,0.26677289605140688,0.036364324390888217,-0.2684197723865509,0.962615430355072],"EasingStyle":"Linear","EasingDirection":"In"},"Head":{"Weight":1,"CFrame":[7.473863661289215e-8,-1.3969838619232178e-9,-3.5762786865234377e-7,0.9976332783699036,-0.027944644913077356,-0.06282462924718857,0.01790405437350273,0.9877455830574036,-0.15504293143749238,0.0663873553276062,0.15355117619037629,0.9859081506729126],"EasingStyle":"Linear","EasingDirection":"In"},"Right Leg":{"Weight":1,"CFrame":[0.11213745921850205,0.05965602397918701,0.1242605447769165,0.8887853622436523,0.06273346394300461,-0.4540100395679474,-0.09548158198595047,0.9941975474357605,-0.04954317957162857,0.44826778769493105,0.08738281577825546,0.8896180987358093],"EasingStyle":"Linear","EasingDirection":"In"},"Torso":{"Weight":1,"CFrame":[0.08001616597175598,0.1925213634967804,-0.1084282398223877,0.9987068176269531,0.013084488920867443,0.049127157777547839,-0.014914401806890965,0.9992014169692993,0.03706860914826393,-0.04860289394855499,-0.03775337338447571,0.9981045126914978],"EasingStyle":"Linear","EasingDirection":"In"},"HumanoidRootPart":{"Weight":1,"CFrame":[0,0,0,1,0,0,0,1,0,0,0,1],"EasingStyle":"Linear","EasingDirection":"In"},"Left Arm":{"Weight":1,"CFrame":[0.00412788987159729,-0.06832295656204224,0.05893981456756592,0.9890077114105225,-0.0689842626452446,-0.13078592717647553,0.10741902142763138,0.9430276155471802,0.3148970305919647,0.10161176323890686,-0.3254845440387726,0.9400717616081238],"EasingStyle":"Linear","EasingDirection":"In"}}},{"Time":0.30000001192092898,"poses":{"Left Leg":{"Weight":1,"CFrame":[-0.5847530961036682,0.2136770486831665,-0.1433650255203247,0.9584627151489258,-0.1374848335981369,-0.24989451467990876,0.20497094094753266,0.9412780404090881,0.268295556306839,0.19833362102508546,-0.3083723187446594,0.9303603172302246],"EasingStyle":"Linear","EasingDirection":"In"},"Right Arm":{"Weight":1,"CFrame":[0.00828102882951498,-0.052023351192474368,-0.044456541538238528,0.9987558126449585,-0.04395002871751785,-0.023563271388411523,0.04899655655026436,0.9528024196624756,0.29961130023002627,0.009283173829317093,-0.30039313435554507,0.9537703394889832],"EasingStyle":"Linear","EasingDirection":"In"},"Head":{"Weight":1,"CFrame":[8.940696716308594e-8,6.984919309616089e-9,1.1920928955078126e-7,0.9975744485855103,-0.01631917431950569,-0.06766779720783234,0.004590809345245361,0.9854376912117004,-0.16997525095939637,0.06945624947547913,0.16925233602523805,0.9831223487854004],"EasingStyle":"Linear","EasingDirection":"In"},"Right Leg":{"Weight":1,"CFrame":[0.15354368090629579,0.09398579597473145,0.15923190116882325,0.8751887083053589,0.0836515948176384,-0.47649458050727847,-0.11889810115098953,0.9919202327728272,-0.044245097786188129,0.4689435362815857,0.09537700563669205,0.8780633807182312],"EasingStyle":"Linear","EasingDirection":"In"},"Torso":{"Weight":1,"CFrame":[0.0693667009472847,0.17034539580345155,-0.1056053638458252,0.9986532926559448,0.016066476702690126,0.049330227077007297,-0.01721300184726715,0.9995894432067871,0.02290564961731434,-0.0489419624209404,-0.023723924532532693,0.9985198378562927],"EasingStyle":"Linear","EasingDirection":"In"},"HumanoidRootPart":{"Weight":1,"CFrame":[0,0,0,1,0,0,0,1,0,0,0,1],"EasingStyle":"Linear","EasingDirection":"In"},"Left Arm":{"Weight":1,"CFrame":[0.004583168774843216,-0.06417849659919739,0.07552456855773926,0.9595352411270142,-0.04842182993888855,-0.27739423513412478,0.14392752945423127,0.9310387969017029,0.33533811569213869,0.24202705919742585,-0.36169344186782839,0.9003337621688843],"EasingStyle":"Linear","EasingDirection":"In"}}},{"Time":0.3333333432674408,"poses":{"Left Leg":{"Weight":1,"CFrame":[-0.5332987904548645,0.1617436408996582,-0.150501549243927,0.9380881190299988,-0.10144516080617905,-0.33120959997177126,0.19989144802093507,0.939428448677063,0.2784198522567749,0.2829033434391022,-0.32738831639289858,0.9015445709228516],"EasingStyle":"Linear","EasingDirection":"In"},"Right Arm":{"Weight":1,"CFrame":[0.009979791939258576,-0.0638570785522461,-0.0243721604347229,0.9987337589263916,-0.04817448556423187,-0.0144977867603302,0.050232235342264178,0.9390179514884949,0.34017959237098696,-0.002774331020191312,-0.3404771089553833,0.9402487874031067],"EasingStyle":"Linear","EasingDirection":"In"},"Head":{"Weight":1,"CFrame":[8.102506399154663e-8,1.4901161193847657e-8,3.5762786865234377e-7,0.9973105788230896,-0.0013102595694363118,-0.07327951490879059,-0.012147847563028336,0.9830554723739624,-0.18290551006793977,0.0722774863243103,0.1833038032054901,0.9803956747055054],"EasingStyle":"Linear","EasingDirection":"In"},"Right Leg":{"Weight":1,"CFrame":[0.24262791872024537,0.1891842484474182,0.19005084037780763,0.8812277317047119,0.10873566567897797,-0.46001535654067995,-0.12193110585212708,0.9925380945205689,0.0010331316152587534,0.4566952586174011,0.05517970770597458,0.8879104256629944],"EasingStyle":"Linear","EasingDirection":"In"},"Torso":{"Weight":1,"CFrame":[0.04637937620282173,0.14098268747329713,-0.09865307807922363,0.9978178143501282,0.0572146438062191,0.032958753407001498,-0.05750134959816933,0.9983149170875549,0.007816975936293602,-0.03245596960186958,-0.009695091284811497,0.9994261264801025],"EasingStyle":"Linear","EasingDirection":"In"},"HumanoidRootPart":{"Weight":1,"CFrame":[0,0,0,1,0,0,0,1,0,0,0,1],"EasingStyle":"Linear","EasingDirection":"In"},"Left Arm":{"Weight":1,"CFrame":[0.004817374050617218,-0.062440305948257449,0.09293460845947266,0.9403573870658875,-0.03294253721833229,-0.3385894298553467,0.16551026701927186,0.9138637781143189,0.370755136013031,0.2972109317779541,-0.4046824276447296,0.8648109436035156],"EasingStyle":"Linear","EasingDirection":"In"}}},{"Time":0.36666667461395266,"poses":{"Left Leg":{"Weight":1,"CFrame":[-0.5075666904449463,0.109866201877594,-0.12822997570037843,0.9253798127174377,-0.12615254521369935,-0.35743245482444765,0.22127912938594819,0.9454182386398315,0.2392069697380066,0.307746559381485,-0.30044957995414736,0.9027857780456543],"EasingStyle":"Linear","EasingDirection":"In"},"Right Arm":{"Weight":1,"CFrame":[0.03574954718351364,-0.07715585827827454,0.0005939006805419922,0.9970045685768127,-0.03631317988038063,-0.06828907877206803,0.059940021485090259,0.9207646250724793,0.38548630475997927,0.04887988418340683,-0.38842493295669558,0.9201831817626953],"EasingStyle":"Linear","EasingDirection":"In"},"Head":{"Weight":1,"CFrame":[8.754432201385498e-8,1.280568540096283e-9,-2.980232238769531e-7,0.9965961575508118,0.01601986214518547,-0.08086764812469483,-0.03154800832271576,0.980379581451416,-0.19457797706127168,0.0761638954281807,0.1964668482542038,0.9775478839874268],"EasingStyle":"Linear","EasingDirection":"In"},"Right Leg":{"Weight":1,"CFrame":[0.31320667266845705,0.2911573052406311,0.15859556198120118,0.9158546328544617,0.08032640814781189,-0.39339300990104678,-0.057474032044410709,0.9959214329719544,0.06955112516880036,0.3973754048347473,-0.04108892381191254,0.916735827922821],"EasingStyle":"Linear","EasingDirection":"In"},"Torso":{"Weight":1,"CFrame":[0.002909177914261818,0.10556746274232865,-0.09015226364135742,0.9884257912635803,0.15145117044448853,-0.008774066343903542,-0.15151838958263398,0.9884253740310669,-0.007581744808703661,0.007524245884269476,0.008823424577713013,0.9999327659606934],"EasingStyle":"Linear","EasingDirection":"In"},"HumanoidRootPart":{"Weight":1,"CFrame":[0,0,0,1,0,0,0,1,0,0,0,1],"EasingStyle":"Linear","EasingDirection":"In"},"Left Arm":{"Weight":1,"CFrame":[0.0048760101199150089,-0.08376607298851013,0.10991811752319336,0.9799236059188843,-0.035434454679489139,-0.1961991786956787,0.12062958627939224,0.8888916969299316,0.44195041060447695,0.15873952209949494,-0.4567452073097229,0.8753203749656677],"EasingStyle":"Linear","EasingDirection":"In"}}},{"Time":0.4000000059604645,"poses":{"Left Leg":{"Weight":1,"CFrame":[-0.4489274322986603,0.04973632097244263,-0.0784919261932373,0.924730658531189,-0.1463175117969513,-0.3513752818107605,0.2172164022922516,0.9609375596046448,0.17151105403900147,0.3125545382499695,-0.2349260449409485,0.9203909635543823],"EasingStyle":"Linear","EasingDirection":"In"},"Right Arm":{"Weight":1,"CFrame":[0.0895620584487915,-0.0897723138332367,0.02566230297088623,0.9829063415527344,-0.006080100778490305,-0.18400625884532929,0.08526097238063812,0.9008519649505615,0.42567142844200137,0.16317422688007356,-0.43408381938934328,0.8859715461730957],"EasingStyle":"Linear","EasingDirection":"In"},"Head":{"Weight":1,"CFrame":[8.847564458847046e-8,5.587935447692871e-9,1.1920928955078126e-7,0.995193600654602,0.034564536064863208,-0.09162413328886032,-0.052875664085149768,0.9771895408630371,-0.20568157732486726,0.0824248269200325,0.20953764021396638,0.9743203520774841],"EasingStyle":"Linear","EasingDirection":"In"},"Right Leg":{"Weight":1,"CFrame":[0.33262136578559878,0.341488778591156,0.09181666374206543,0.9512449502944946,-0.004056243225932121,-0.308409720659256,0.0471443273127079,0.9900761842727661,0.13238824903964997,0.30481210350990298,-0.14047352969646455,0.9419962167739868],"EasingStyle":"Linear","EasingDirection":"In"},"Torso":{"Weight":1,"CFrame":[-0.052945032715797427,0.06584994494915009,-0.08381271362304688,0.9622974991798401,0.264470636844635,-0.06355193257331848,-0.26628753542900088,0.9636446833610535,-0.02190477028489113,0.05544831603765488,0.03800199180841446,0.9977381229400635],"EasingStyle":"Linear","EasingDirection":"In"},"HumanoidRootPart":{"Weight":1,"CFrame":[0,0,0,1,0,0,0,1,0,0,0,1],"EasingStyle":"Linear","EasingDirection":"In"},"Left Arm":{"Weight":1,"CFrame":[0.004884406924247742,-0.1306818723678589,0.12458598613739014,0.9873989820480347,-0.067337267100811,0.14320962131023408,-0.014901382848620415,0.8613702654838562,0.5077589750289917,-0.15754766762256623,-0.5034947395324707,0.8495126366615295],"EasingStyle":"Linear","EasingDirection":"In"}}},{"Time":0.4333333373069763,"poses":{"Left Leg":{"Weight":1,"CFrame":[-0.3639940619468689,-0.0014355182647705079,-0.02656620740890503,0.9306684136390686,-0.1367408037185669,-0.33934998512268069,0.18223704397678376,0.9775363206863403,0.10588835179805756,0.3172476589679718,-0.16038906574249268,0.9346814751625061],"EasingStyle":"Linear","EasingDirection":"In"},"Right Arm":{"Weight":1,"CFrame":[0.14282044768333436,-0.09918880462646485,0.044988393783569339,0.9547548890113831,0.028072819113731386,-0.2960660755634308,0.11398481577634812,0.8849655389785767,0.451490193605423,0.274682879447937,-0.46480947732925417,0.8417253494262695],"EasingStyle":"Linear","EasingDirection":"In"},"Head":{"Weight":1,"CFrame":[2.7939677238464357e-8,-1.862645149230957e-9,0,0.9929152727127075,0.05320991948246956,-0.10624559223651886,-0.07534108310937882,0.973342776298523,-0.2166282683610916,0.09188655018806458,0.22309812903404237,0.9704556465148926],"EasingStyle":"Linear","EasingDirection":"In"},"Right Leg":{"Weight":1,"CFrame":[0.31422901153564455,0.3477199673652649,0.03488624095916748,0.9656680226325989,-0.11101158708333969,-0.23486530780792237,0.15502053499221803,0.9717280268669128,0.17808221280574799,0.20845618844032288,-0.20837730169296266,0.9555757641792297],"EasingStyle":"Linear","EasingDirection":"In"},"Torso":{"Weight":1,"CFrame":[-0.11249023675918579,0.020021766424179078,-0.08198356628417969,0.9244160652160645,0.36256903409957888,-0.11831588298082352,-0.36910220980644228,0.9286028146743774,-0.03821465000510216,0.09601301699876785,0.07899688929319382,0.9922404289245606],"EasingStyle":"Linear","EasingDirection":"In"},"HumanoidRootPart":{"Weight":1,"CFrame":[0,0,0,1,0,0,0,1,0,0,0,1],"EasingStyle":"Linear","EasingDirection":"In"},"Left Arm":{"Weight":1,"CFrame":[0.004892870783805847,-0.17759749293327332,0.13488876819610597,0.8790215849876404,-0.11197718232870102,0.46344617009162905,-0.16206276416778565,0.8439793586730957,0.5113067030906677,-0.44839370250701907,-0.5245569944381714,0.7237286567687988],"EasingStyle":"Linear","EasingDirection":"In"}}},{"Time":0.46666666865348818,"poses":{"Left Leg":{"Weight":1,"CFrame":[-0.2749483585357666,-0.031853318214416507,0.016741037368774415,0.9373209476470947,-0.10446302592754364,-0.3324410319328308,0.1342281699180603,0.9886282682418823,0.06780097633600235,0.3215779662132263,-0.10817422717809677,0.9406838417053223],"EasingStyle":"Linear","EasingDirection":"In"},"Right Arm":{"Weight":1,"CFrame":[0.16692812740802766,-0.102887362241745,0.052729249000549319,0.9373569488525391,0.04456799104809761,-0.3455078601837158,0.12792907655239106,0.8784539103507996,0.46038347482681277,0.32403111457824709,-0.4757440686225891,0.817723274230957],"EasingStyle":"Linear","EasingDirection":"In"},"Head":{"Weight":1,"CFrame":[5.21540641784668e-8,-2.2351741790771486e-8,-1.1920928955078126e-7,0.9898051023483276,0.07099884748458862,-0.12347152084112168,-0.09781760722398758,0.9689775705337524,-0.22696760296821595,0.10352666676044464,0.2367313802242279,0.9660438299179077],"EasingStyle":"Linear","EasingDirection":"In"},"Right Leg":{"Weight":1,"CFrame":[0.2695944905281067,0.3163173198699951,0.004187345504760742,0.9581778049468994,-0.22073866426944734,-0.18212617933750153,0.25523412227630618,0.94700688123703,0.19502215087413789,0.12942597270011903,-0.23335067927837373,0.9637409448623657],"EasingStyle":"Linear","EasingDirection":"In"},"Torso":{"Weight":1,"CFrame":[-0.16792896389961244,-0.037170425057411197,-0.08539342880249024,0.8861857652664185,0.43441125750541689,-0.1611263006925583,-0.44860395789146426,0.8914448022842407,-0.06388017535209656,0.1158849373459816,0.12889160215854646,0.9848642945289612],"EasingStyle":"Linear","EasingDirection":"In"},"HumanoidRootPart":{"Weight":1,"CFrame":[0,0,0,1,0,0,0,1,0,0,0,1],"EasingStyle":"Linear","EasingDirection":"In"},"Left Arm":{"Weight":1,"CFrame":[0.0049516260623931889,-0.19892287254333497,0.13877832889556886,0.7980248928070068,-0.13301889598369599,0.5877603888511658,-0.22456207871437074,0.8394462466239929,0.49487555027008059,-0.5592211484909058,-0.5269117951393127,0.6400279998779297],"EasingStyle":"Linear","EasingDirection":"In"}}},{"Time":0.5,"poses":{"Left Leg":{"Weight":1,"CFrame":[-0.5369342565536499,-0.016940832138061525,-0.0651547908782959,0.902137279510498,-0.28781530261039736,-0.321419894695282,0.324086457490921,0.9438281059265137,0.06447151303291321,0.2848091721534729,-0.1623300164937973,0.9447395205497742],"EasingStyle":"Linear","EasingDirection":"In"},"Right Arm":{"Weight":1,"CFrame":[0.1597866266965866,-0.09247702360153198,0.0524371862411499,0.9709711074829102,-0.027073513716459276,-0.23765993118286134,0.13187573850154878,0.8895187377929688,0.437453031539917,0.19955956935882569,-0.4560959041118622,0.8672673106193543],"EasingStyle":"Linear","EasingDirection":"In"},"Head":{"Weight":1,"CFrame":[1.6391277313232423e-7,5.960464477539063e-8,0,0.9860964417457581,0.08708534389734268,-0.14152781665325166,-0.11906131356954575,0.9643959999084473,-0.23614580929279328,0.11592399328947067,0.2497130036354065,0.9613559246063232],"EasingStyle":"Linear","EasingDirection":"In"},"Right Leg":{"Weight":1,"CFrame":[0.2875805199146271,0.3353648781776428,-0.01155322790145874,0.9494858980178833,-0.28151288628578188,-0.1386616975069046,0.30434560775756838,0.9337770938873291,0.18823951482772828,0.07648737728595734,-0.22093193233013154,0.9722854495048523],"EasingStyle":"Linear","EasingDirection":"In"},"Torso":{"Weight":1,"CFrame":[-0.2204264998435974,-0.1069696843624115,-0.13736557960510255,0.8502581715583801,0.48985499143600466,-0.19262179732322694,-0.5138521790504456,0.8517894744873047,-0.1020331084728241,0.11409176141023636,0.1857336461544037,0.9759539365768433],"EasingStyle":"Linear","EasingDirection":"In"},"HumanoidRootPart":{"Weight":1,"CFrame":[0,0,0,1,0,0,0,1,0,0,0,1],"EasingStyle":"Linear","EasingDirection":"In"},"Left Arm":{"Weight":1,"CFrame":[0.005340307950973511,-0.19442075490951539,0.1324446201324463,0.8835058808326721,-0.11131453514099121,0.4550016522407532,-0.16609984636306764,0.8337857127189636,0.5265094637870789,-0.43798211216926577,-0.5407499670982361,0.7181652784347534],"EasingStyle":"Linear","EasingDirection":"In"}}},{"Time":0.5333333611488342,"poses":{"Left Leg":{"Weight":1,"CFrame":[-0.7721452116966248,0.011851787567138672,-0.13050711154937745,0.8227603435516357,-0.47889238595962527,-0.30615001916885378,0.5222642421722412,0.8495032787322998,0.07472708076238632,0.22428908944129945,-0.22137361764907838,0.9490458965301514],"EasingStyle":"Linear","EasingDirection":"In"},"Right Arm":{"Weight":1,"CFrame":[0.14407554268836976,-0.0695740282535553,0.05039417743682861,0.9836920499801636,-0.1780766099691391,0.02527594566345215,0.15472882986068726,0.9094879627227783,0.3858635425567627,-0.09170147776603699,-0.3756600618362427,0.922209620475769],"EasingStyle":"Linear","EasingDirection":"In"},"Head":{"Weight":1,"CFrame":[5.960464477539063e-8,2.9802322387695315e-8,4.76837158203125e-7,0.9821881651878357,0.1007135808467865,-0.1586291790008545,-0.13780425488948823,0.9599997997283936,-0.24374264478683473,0.12773580849170686,0.2612609267234802,0.9567791819572449],"EasingStyle":"Linear","EasingDirection":"In"},"Right Leg":{"Weight":1,"CFrame":[0.32424718141555788,0.37991034984588625,-0.02471029758453369,0.9420879483222961,-0.3197433352470398,-0.10116669535636902,0.3330991268157959,0.9271451234817505,0.17160120606422425,0.03892788290977478,-0.19536197185516358,0.9799584150314331],"EasingStyle":"Linear","EasingDirection":"In"},"Torso":{"Weight":1,"CFrame":[-0.27257105708122256,-0.18093794584274293,-0.19159173965454102,0.8180978894233704,0.5310361385345459,-0.22071856260299684,-0.566127359867096,0.8111396431922913,-0.1468075066804886,0.10107346624135971,0.24505773186683656,0.9642255306243897],"EasingStyle":"Linear","EasingDirection":"In"},"HumanoidRootPart":{"Weight":1,"CFrame":[0,0,0,1,0,0,0,1,0,0,0,1],"EasingStyle":"Linear","EasingDirection":"In"},"Left Arm":{"Weight":1,"CFrame":[0.0061044394969940189,-0.1820211410522461,0.11611020565032959,0.9923906922340393,-0.05419067293405533,0.11056309938430786,-0.01730228401720524,0.8276587128639221,0.5609649419784546,-0.12190761417150498,-0.5586093664169312,0.8204231262207031],"EasingStyle":"Linear","EasingDirection":"In"}}},{"Time":0.5666666626930237,"poses":{"Left Leg":{"Weight":1,"CFrame":[-0.897052526473999,0.00038683414459228516,-0.14911901950836183,0.7327509522438049,-0.6165533661842346,-0.28798937797546389,0.6605989336967468,0.7460764646530151,0.08353951573371887,0.16335554420948029,-0.2514593005180359,0.9539828300476074],"EasingStyle":"Linear","EasingDirection":"In"},"Right Arm":{"Weight":1,"CFrame":[0.12836438417434693,-0.04667174816131592,0.04484844207763672,0.906715989112854,-0.30395203828811648,0.2923685610294342,0.1980256587266922,0.9189035296440125,0.3411775529384613,-0.37236008048057558,-0.25145480036735537,0.8933747410774231],"EasingStyle":"Linear","EasingDirection":"In"},"Head":{"Weight":1,"CFrame":[1.043081283569336e-7,1.7881393432617188e-7,-5.960464477539063e-8,0.9786229729652405,0.11121132969856262,-0.1730007380247116,-0.15276862680912019,0.9562605023384094,-0.24945491552352906,0.13769154250621797,0.270551472902298,0.9528079628944397],"EasingStyle":"Linear","EasingDirection":"In"},"Right Leg":{"Weight":1,"CFrame":[0.32098400592803957,0.37242698669433596,-0.029637694358825685,0.923163652420044,-0.37856972217559817,-0.06673882901668549,0.3843874931335449,0.9108641743659973,0.15024252235889436,0.003912862855941057,-0.1643519550561905,0.9863940477371216],"EasingStyle":"Linear","EasingDirection":"In"},"Torso":{"Weight":1,"CFrame":[-0.31931495666503909,-0.24992099404335023,-0.19823360443115235,0.7908247709274292,0.5607955455780029,-0.2451624721288681,-0.6066156029701233,0.7714076638221741,-0.19221802055835725,0.08132520318031311,0.3007301390171051,0.9502355456352234],"EasingStyle":"Linear","EasingDirection":"In"},"HumanoidRootPart":{"Weight":1,"CFrame":[0,0,0,1,0,0,0,1,0,0,0,1],"EasingStyle":"Linear","EasingDirection":"In"},"Left Arm":{"Weight":1,"CFrame":[0.0069427490234375,-0.1633870005607605,0.09377551078796387,0.9678640365600586,0.005861417856067419,-0.25140610337257388,0.13453197479248048,0.8325711488723755,0.5373326539993286,0.21246297657489777,-0.5538871884346008,0.8050271272659302],"EasingStyle":"Linear","EasingDirection":"In"}}},{"Time":0.6000000238418579,"poses":{"Left Leg":{"Weight":1,"CFrame":[-0.95511394739151,-0.04931056499481201,-0.13858890533447267,0.6463794708251953,-0.7146074175834656,-0.26745110750198367,0.7546603679656982,0.6504732966423035,0.08586215227842331,0.11261200904846192,-0.25733423233032229,0.9597383141517639],"EasingStyle":"Linear","EasingDirection":"In"},"Right Arm":{"Weight":1,"CFrame":[0.12122287601232529,-0.03626146912574768,0.03404855728149414,0.8419976234436035,-0.35912632942199709,0.40257716178894045,0.2337702512741089,0.9154125452041626,0.3276757597923279,-0.4862012267112732,-0.18179181218147279,0.8547282218933106],"EasingStyle":"Linear","EasingDirection":"In"},"Head":{"Weight":1,"CFrame":[9.685754776000977e-8,1.1920928955078126e-7,2.384185791015625e-7,0.976030707359314,0.11796227842569351,-0.18289057910442353,-0.16267839074134828,0.953676700592041,-0.253054141998291,0.14456769824028016,0.27674099802970889,0.9500077366828919],"EasingStyle":"Linear","EasingDirection":"In"},"Right Leg":{"Weight":1,"CFrame":[0.3082350492477417,0.34709465503692629,-0.031242012977600099,0.898121178150177,-0.4383115768432617,-0.03551850840449333,0.43898600339889529,0.8888816237449646,0.13107530772686006,-0.025879906490445138,-0.13331374526023866,0.9907360076904297],"EasingStyle":"Linear","EasingDirection":"In"},"Torso":{"Weight":1,"CFrame":[-0.3552659749984741,-0.30497485399246218,-0.193925142288208,0.7686686515808106,0.5820490121841431,-0.26526889204978945,-0.636860728263855,0.7350731492042542,-0.23254217207431794,0.05964107811450958,0.3476872146129608,0.9357118010520935],"EasingStyle":"Linear","EasingDirection":"In"},"HumanoidRootPart":{"Weight":1,"CFrame":[0,0,0,1,0,0,0,1,0,0,0,1],"EasingStyle":"Linear","EasingDirection":"In"},"Left Arm":{"Weight":1,"CFrame":[0.007553353905677795,-0.1401774287223816,0.06944072246551514,0.9159361720085144,0.02890285849571228,-0.4002821743488312,0.1938154250383377,0.8415231108665466,0.5042563676834106,0.3514210283756256,-0.539447546005249,0.7651795148849487],"EasingStyle":"Linear","EasingDirection":"In"}}},{"Time":0.6333333253860474,"poses":{"Left Leg":{"Weight":1,"CFrame":[-0.9414999485015869,-0.09462523460388184,-0.10606878995895386,0.6199467778205872,-0.7457216382026672,-0.2440601885318756,0.779329240322113,0.6213447451591492,0.08109625428915024,0.09117025882005692,-0.240478515625,0.9663633704185486],"EasingStyle":"Linear","EasingDirection":"In"},"Right Arm":{"Weight":1,"CFrame":[0.14041921496391297,-0.07843887805938721,0.017284631729125978,0.9092860221862793,-0.35820576548576357,0.2118672877550125,0.28603753447532656,0.9076945781707764,0.3070390820503235,-0.3022939