{"Sequence":[{"Time":0,"poses":{"Left Leg":{"Weight":1,"CFrame":[-0.1547744870185852,0.19686895608901978,0.26927751302719118,0.7743778228759766,-0.06391696631908417,0.6294870376586914,0.07178127765655518,0.997336208820343,0.012964718043804169,-0.6286385655403137,0.03514566272497177,0.7769029140472412],"EasingStyle":"Constant","EasingDirection":"In"},"Right Leg":{"Weight":1,"CFrame":[0.295459508895874,0.23112201690673829,0.22819861769676209,0.8727582693099976,0.05829921364784241,-0.4846588671207428,-0.047622084617614749,0.9982754588127136,0.03432553634047508,0.4858242869377136,-0.006877402774989605,0.8740295171737671],"EasingStyle":"Constant","EasingDirection":"In"},"Torso":{"Weight":1,"CFrame":[-2.1387007236480715,-2.5240838527679445,-0.20221906900405885,0.7644997835159302,0.6212334632873535,-0.17207299172878266,-0.6446239948272705,0.7367594838142395,-0.20407195389270783,9.821947344335058e-8,0.2669353485107422,0.9637144207954407],"EasingStyle":"Constant","EasingDirection":"In"},"HumanoidRootPart":{"Weight":0,"CFrame":[0,0,0,1,0,0,0,1,0,0,0,1],"EasingStyle":"Linear","EasingDirection":"In"},"Right Arm":{"Weight":1,"CFrame":[0.10758018493652344,-0.07567626237869263,-0.39237353205680849,-0.003119849134236574,-0.3546719253063202,0.9349856376647949,0.9997193217277527,-0.023069370537996293,-0.005415386985987425,0.023490197956562043,0.9347062110900879,0.354644238948822],"EasingStyle":"Constant","EasingDirection":"In"},"Head":{"Weight":1,"CFrame":[-2.657153572727111e-7,-3.650784492492676e-7,-8.940696716308594e-8,1,-1.583320496933993e-8,7.795938472554553e-8,3.483435984108496e-9,0.9710063934326172,-0.23905357718467713,-9.173190562705713e-8,0.23905354738235475,0.9710063934326172],"EasingStyle":"Constant","EasingDirection":"In"},"14":{"Weight":1,"CFrame":[0,-200,0,1,0,0,0,1,0,0,0,1],"EasingStyle":"Linear","EasingDirection":"In"},"1":{"Weight":1,"CFrame":[5,4.5,0,1,0,0,0,1,0,0,0,1],"EasingStyle":"Constant","EasingDirection":"In"},"15":{"Weight":1,"CFrame":[0,-200,0,1,0,0,0,1,0,0,0,1],"EasingStyle":"Linear","EasingDirection":"In"},"3":{"Weight":1,"CFrame":[0,-200,0,1,0,0,0,1,0,0,0,1],"EasingStyle":"Linear","EasingDirection":"In"},"2":{"Weight":1,"CFrame":[0,-200,0,1,0,0,0,1,0,0,0,1],"EasingStyle":"Linear","EasingDirection":"In"},"5":{"Weight":1,"CFrame":[0,-200,0,1,0,0,0,1,0,0,0,1],"EasingStyle":"Linear","EasingDirection":"In"},"4":{"Weight":1,"CFrame":[0,-200,0,1,0,0,0,1,0,0,0,1],"EasingStyle":"Linear","EasingDirection":"In"},"7":{"Weight":1,"CFrame":[0,-200,0,1,0,0,0,1,0,0,0,1],"EasingStyle":"Linear","EasingDirection":"In"},"6":{"Weight":1,"CFrame":[0,-200,0,1,0,0,0,1,0,0,0,1],"EasingStyle":"Linear","EasingDirection":"In"},"9":{"Weight":1,"CFrame":[0,-200,0,1,0,0,0,1,0,0,0,1],"EasingStyle":"Linear","EasingDirection":"In"},"8":{"Weight":1,"CFrame":[0,-200,0,1,0,0,0,1,0,0,0,1],"EasingStyle":"Linear","EasingDirection":"In"},"16":{"Weight":1,"CFrame":[0,-200,0,1,0,0,0,1,0,0,0,1],"EasingStyle":"Linear","EasingDirection":"In"},"Left Arm":{"Weight":1,"CFrame":[-0.11007881164550781,-0.45082390308380129,-0.4048090875148773,-0.05270315706729889,0.21259239315986634,-0.9757187366485596,-0.9641029834747315,-0.2654660642147064,-0.005765058565884829,-0.2602459490299225,0.9403894543647766,0.21895170211791993],"EasingStyle":"Constant","EasingDirection":"In"},"13":{"Weight":1,"CFrame":[0,-200,0,1,0,0,0,1,0,0,0,1],"EasingStyle":"Linear","EasingDirection":"In"},"12":{"Weight":1,"CFrame":[0,-200,0,1,0,0,0,1,0,0,0,1],"EasingStyle":"Linear","EasingDirection":"In"},"11":{"Weight":1,"CFrame":[0,-200,0,1,0,0,0,1,0,0,0,1],"EasingStyle":"Linear","EasingDirection":"In"},"10":{"Weight":1,"CFrame":[0,-200,0,1,0,0,0,1,0,0,0,1],"EasingStyle":"Linear","EasingDirection":"In"}}},{"Time":0.01666666753590107,"poses":{"Left Leg":{"Weight":1,"CFrame":[-0.15550580620765687,0.19719570875167848,0.26986753940582278,0.7742936611175537,-0.06453394889831543,0.6295275092124939,0.07245396077632904,0.9972855448722839,0.013118462637066841,-0.628665030002594,0.03545403853058815,0.7768674492835999],"EasingStyle":"Linear","EasingDirection":"In"},"Right Leg":{"Weight":1,"CFrame":[0.29629984498023989,0.23145651817321778,0.2286527305841446,0.8726917505264282,0.058971092104911807,-0.48469725251197817,-0.04832255840301514,0.998237669467926,0.034447334706783298,0.48587456345558169,-0.006640012376010418,0.8740033507347107],"EasingStyle":"Linear","EasingDirection":"In"},"Head":{"Weight":1,"CFrame":[1.0081930668093264e-7,-1.2665987014770509e-7,-1.7881393432617188e-7,0.9999993443489075,0.0012136540608480573,0.00004744868783745915,-0.0011666032951325179,0.9706620573997498,-0.24044513702392579,-0.00033785865525715053,0.24044489860534669,0.9706627726554871],"EasingStyle":"Linear","EasingDirection":"In"},"Left Arm":{"Weight":1,"CFrame":[-0.11007851362228394,-0.4508237838745117,-0.40480872988700869,-0.05270315706729889,0.21259239315986634,-0.9757187366485596,-0.9641029834747315,-0.2654660642147064,-0.005765058565884829,-0.2602459490299225,0.9403894543647766,0.21895170211791993],"EasingStyle":"Linear","EasingDirection":"In"},"Torso":{"Weight":1,"CFrame":[-2.1389291286468508,-2.5243542194366457,-0.20267736911773683,0.7644997835159302,0.6212334632873535,-0.17207299172878266,-0.6446239948272705,0.7367594838142395,-0.20407195389270783,9.821947344335058e-8,0.2669353485107422,0.9637144207954407],"EasingStyle":"Linear","EasingDirection":"In"},"HumanoidRootPart":{"Weight":0,"CFrame":[0,0,0,1,0,0,0,1,0,0,0,1],"EasingStyle":"Linear","EasingDirection":"In"},"Right Arm":{"Weight":1,"CFrame":[0.10757988691329956,-0.07567653059959412,-0.39237406849861147,-0.003119849134236574,-0.3546719253063202,0.9349856376647949,0.9997193217277527,-0.023069370537996293,-0.005415386985987425,0.023490197956562043,0.9347062110900879,0.354644238948822],"EasingStyle":"Linear","EasingDirection":"In"}}},{"Time":0.03333333507180214,"poses":{"Left Leg":{"Weight":1,"CFrame":[-0.15623605251312257,0.19752031564712525,0.2704554796218872,0.7742090821266174,-0.06515050679445267,0.6295679807662964,0.07312583178281784,0.9972345232963562,0.013272256590425969,-0.6286914348602295,0.03576207533478737,0.7768320441246033],"EasingStyle":"Linear","EasingDirection":"In"},"Right Leg":{"Weight":1,"CFrame":[0.2971385717391968,0.2317904233932495,0.22910526394844056,0.8726248145103455,0.059641845524311069,-0.48473572731018069,-0.04902169853448868,0.9981994032859802,0.03456932306289673,0.4859248101711273,-0.006403351202607155,0.8739773035049439],"EasingStyle":"Linear","EasingDirection":"In"},"Head":{"Weight":1,"CFrame":[2.0783772924914957e-7,-3.948807716369629e-7,2.9802322387695315e-8,0.999997079372406,0.002426966093480587,0.0000930610767682083,-0.0023323355708271267,0.9703143239021301,-0.24183592200279237,-0.000677223433740437,0.24183492362499238,0.9703171849250794],"EasingStyle":"Linear","EasingDirection":"In"},"Left Arm":{"Weight":1,"CFrame":[-0.11007863283157349,-0.45082390308380129,-0.404808908700943,-0.05270315706729889,0.21259239315986634,-0.9757187366485596,-0.9641029834747315,-0.2654660642147064,-0.005765058565884829,-0.2602459490299225,0.9403894543647766,0.21895170211791993],"EasingStyle":"Linear","EasingDirection":"In"},"Torso":{"Weight":1,"CFrame":[-2.1391570568084719,-2.524625062942505,-0.20313513278961183,0.7644997835159302,0.6212334632873535,-0.17207299172878266,-0.6446239948272705,0.7367594838142395,-0.20407195389270783,9.821947344335058e-8,0.2669353485107422,0.9637144207954407],"EasingStyle":"Linear","EasingDirection":"In"},"HumanoidRootPart":{"Weight":0,"CFrame":[0,0,0,1,0,0,0,1,0,0,0,1],"EasingStyle":"Linear","EasingDirection":"In"},"Right Arm":{"Weight":1,"CFrame":[0.10758006572723389,-0.07567626237869263,-0.39237406849861147,-0.003119849134236574,-0.3546719253063202,0.9349856376647949,0.9997193217277527,-0.023069370537996293,-0.005415386985987425,0.023490197956562043,0.9347062110900879,0.354644238948822],"EasingStyle":"Linear","EasingDirection":"In"}}},{"Time":0.05000000074505806,"poses":{"Left Leg":{"Weight":1,"CFrame":[-0.1569647341966629,0.19784396886825562,0.27104243636131289,0.7741242051124573,-0.06576545536518097,0.6296086311340332,0.07379617542028427,0.997183084487915,0.013426003977656365,-0.6287177205085754,0.03606916218996048,0.7767964601516724],"EasingStyle":"Linear","EasingDirection":"In"},"Right Leg":{"Weight":1,"CFrame":[0.2979755103588104,0.23212289810180665,0.22955796122550965,0.8725574612617493,0.060311801731586459,-0.4847741723060608,-0.04971987009048462,0.9981606006622315,0.03469124808907509,0.4859747886657715,-0.006167123094201088,0.8739511370658875],"EasingStyle":"Linear","EasingDirection":"In"},"Head":{"Weight":1,"CFrame":[-2.399610821157694e-8,-3.8743019104003908e-7,2.086162567138672e-7,0.9999933838844299,0.0036394738126546146,0.00013691512867808342,-0.003496898338198662,0.969963550567627,-0.2432253360748291,-0.001018024981021881,0.24322323501110078,0.9699698686599731],"EasingStyle":"Linear","EasingDirection":"In"},"Left Arm":{"Weight":1,"CFrame":[-0.11007887125015259,-0.45082369446754458,-0.404808908700943,-0.05270315706729889,0.21259239315986634,-0.9757187366485596,-0.9641029834747315,-0.2654660642147064,-0.005765058565884829,-0.2602459490299225,0.9403894543647766,0.21895170211791993],"EasingStyle":"Linear","EasingDirection":"In"},"Torso":{"Weight":1,"CFrame":[-2.1393845081329347,-2.5248947143554689,-0.20359283685684205,0.7644997835159302,0.6212334632873535,-0.17207299172878266,-0.6446239948272705,0.7367594838142395,-0.20407195389270783,9.821947344335058e-8,0.2669353485107422,0.9637144207954407],"EasingStyle":"Linear","EasingDirection":"In"},"HumanoidRootPart":{"Weight":0,"CFrame":[0,0,0,1,0,0,0,1,0,0,0,1],"EasingStyle":"Linear","EasingDirection":"In"},"Right Arm":{"Weight":1,"CFrame":[0.10758030414581299,-0.0756760835647583,-0.3923737108707428,-0.003119849134236574,-0.3546719253063202,0.9349856376647949,0.9997193217277527,-0.023069370537996293,-0.005415386985987425,0.023490197956562043,0.9347062110900879,0.354644238948822],"EasingStyle":"Linear","EasingDirection":"In"}}},{"Time":0.06666667014360428,"poses":{"Left Leg":{"Weight":1,"CFrame":[-0.15768975019454957,0.19816702604293824,0.2716272175312042,0.7740387916564941,-0.06637904047966004,0.6296489834785461,0.074464350938797,0.9971312284469605,0.013579683378338814,-0.6287438869476318,0.036375124007463458,0.7767610549926758],"EasingStyle":"Linear","EasingDirection":"In"},"Right Leg":{"Weight":1,"CFrame":[0.29880911111831667,0.23245418071746827,0.2300080955028534,0.8724896907806397,0.06097964197397232,-0.48481255769729617,-0.050415873527526858,0.9981213808059692,0.03481295332312584,0.4860246777534485,-0.00593155063688755,0.873924970626831],"EasingStyle":"Linear","EasingDirection":"In"},"Head":{"Weight":1,"CFrame":[3.356472006998956e-7,-2.2351741790771486e-8,5.960464477539063e-8,0.999988317489624,0.004851117264479399,0.0001789959496818483,-0.0046599069610238079,0.9696096181869507,-0.24461303651332856,-0.0013601902173832059,0.2446093112230301,0.9696208238601685],"EasingStyle":"Linear","EasingDirection":"In"},"Left Arm":{"Weight":1,"CFrame":[-0.11007857322692871,-0.450823575258255,-0.4048086106777191,-0.05270315706729889,0.21259239315986634,-0.9757187366485596,-0.9641029834747315,-0.2654660642147064,-0.005765058565884829,-0.2602459490299225,0.9403894543647766,0.21895170211791993],"EasingStyle":"Linear","EasingDirection":"In"},"Torso":{"Weight":1,"CFrame":[-2.1396124362945558,-2.52516508102417,-0.2040499448776245,0.7644997835159302,0.6212334632873535,-0.17207299172878266,-0.6446239948272705,0.7367594838142395,-0.20407195389270783,9.821947344335058e-8,0.2669353485107422,0.9637144207954407],"EasingStyle":"Linear","EasingDirection":"In"},"HumanoidRootPart":{"Weight":0,"CFrame":[0,0,0,1,0,0,0,1,0,0,0,1],"EasingStyle":"Linear","EasingDirection":"In"},"Right Arm":{"Weight":1,"CFrame":[0.10757994651794434,-0.07567626982927323,-0.392374187707901,-0.003119849134236574,-0.3546719253063202,0.9349856376647949,0.9997193217277527,-0.023069370537996293,-0.005415386985987425,0.023490197956562043,0.9347062110900879,0.354644238948822],"EasingStyle":"Linear","EasingDirection":"In"}}},{"Time":0.0833333358168602,"poses":{"Left Leg":{"Weight":1,"CFrame":[-0.15841466188430787,0.19848871231079102,0.2722109854221344,0.7739530801773071,-0.06699199229478836,0.6296895742416382,0.07513218373060227,0.9970790147781372,0.013733365572988987,-0.6287699937820435,0.036680858582258227,0.7767255306243897],"EasingStyle":"Linear","EasingDirection":"In"},"Right Leg":{"Weight":1,"CFrame":[0.2996427118778229,0.23278510570526124,0.2304578274488449,0.8724215626716614,0.06164666265249252,-0.4848509430885315,-0.051111143082380298,0.9980818033218384,0.03493475914001465,0.4860745370388031,-0.005696440581232309,0.8738988637924194],"EasingStyle":"Linear","EasingDirection":"In"},"Head":{"Weight":1,"CFrame":[1.059743226505816e-7,-1.6391277313232423e-7,3.2782554626464846e-7,0.999981701374054,0.006061092484742403,0.0002192886604461819,-0.00582097377628088,0.9692528247833252,-0.24599860608577729,-0.0017035696655511857,0.2459927797317505,0.9692702293395996],"EasingStyle":"Linear","EasingDirection":"In"},"Left Arm":{"Weight":1,"CFrame":[-0.11007839441299439,-0.4508236050605774,-0.40480902791023257,-0.05270315706729889,0.21259239315986634,-0.9757187366485596,-0.9641029834747315,-0.2654660642147064,-0.005765058565884829,-0.2602459490299225,0.9403894543647766,0.21895170211791993],"EasingStyle":"Linear","EasingDirection":"In"},"Torso":{"Weight":1,"CFrame":[-2.1398396492004396,-2.5254344940185549,-0.20450657606124879,0.7644997835159302,0.6212334632873535,-0.17207299172878266,-0.6446239948272705,0.7367594838142395,-0.20407195389270783,9.821947344335058e-8,0.2669353485107422,0.9637144207954407],"EasingStyle":"Linear","EasingDirection":"In"},"HumanoidRootPart":{"Weight":0,"CFrame":[0,0,0,1,0,0,0,1,0,0,0,1],"EasingStyle":"Linear","EasingDirection":"In"},"Right Arm":{"Weight":1,"CFrame":[0.10757970809936524,-0.07567605376243592,-0.39237406849861147,-0.003119849134236574,-0.3546719253063202,0.9349856376647949,0.9997193217277527,-0.023069370537996293,-0.005415386985987425,0.023490197956562043,0.9347062110900879,0.354644238948822],"EasingStyle":"Linear","EasingDirection":"In"}}},{"Time":0.10000000149011612,"poses":{"Left Leg":{"Weight":1,"CFrame":[-0.15913529694080354,0.1988087296485901,0.2727920413017273,0.7738671898841858,-0.06760217249393463,0.6297299265861511,0.07579662650823593,0.9970266222953796,0.013886707834899426,-0.6287959814071655,0.03698479011654854,0.7766901254653931],"EasingStyle":"Linear","EasingDirection":"In"},"Right Leg":{"Weight":1,"CFrame":[0.3004707098007202,0.23311251401901246,0.23090527951717378,0.8723529577255249,0.0623113214969635,-0.4848892390727997,-0.05180346965789795,0.9980418682098389,0.035056304186582568,0.48612409830093386,-0.005462432745844126,0.8738727569580078],"EasingStyle":"Linear","EasingDirection":"In"},"Head":{"Weight":1,"CFrame":[2.2479798644781113e-7,-3.7997961044311526e-7,8.940696716308594e-8,0.9999736547470093,0.007269396912306547,0.0002577783016022295,-0.006979625206440687,0.9688930511474609,-0.24738138914108277,-0.002048041671514511,0.24737301468849183,0.9689182639122009],"EasingStyle":"Linear","EasingDirection":"In"},"Left Arm":{"Weight":1,"CFrame":[-0.11007881164550781,-0.4508237838745117,-0.40480872988700869,-0.05270315706729889,0.21259239315986634,-0.9757187366485596,-0.9641029834747315,-0.2654660642147064,-0.005765058565884829,-0.2602459490299225,0.9403894543647766,0.21895170211791993],"EasingStyle":"Linear","EasingDirection":"In"},"Torso":{"Weight":1,"CFrame":[-2.1400668621063234,-2.5257039070129396,-0.2049626111984253,0.7644997835159302,0.6212334632873535,-0.17207299172878266,-0.6446239948272705,0.7367594838142395,-0.20407195389270783,9.821947344335058e-8,0.2669353485107422,0.9637144207954407],"EasingStyle":"Linear","EasingDirection":"In"},"HumanoidRootPart":{"Weight":0,"CFrame":[0,0,0,1,0,0,0,1,0,0,0,1],"EasingStyle":"Linear","EasingDirection":"In"},"Right Arm":{"Weight":1,"CFrame":[0.10758012533187866,-0.07567626982927323,-0.3923741281032562,-0.003119849134236574,-0.3546719253063202,0.9349856376647949,0.9997193217277527,-0.023069370537996293,-0.005415386985987425,0.023490197956562043,0.9347062110900879,0.354644238948822],"EasingStyle":"Linear","EasingDirection":"In"}}},{"Time":0.11666666716337204,"poses":{"Left Leg":{"Weight":1,"CFrame":[-0.15985320508480073,0.1991274356842041,0.27337080240249636,0.7737809419631958,-0.0682109147310257,0.6297702193260193,0.07645942270755768,0.9969739317893982,0.014039781875908375,-0.628821849822998,0.037288013845682147,0.7766546607017517],"EasingStyle":"Linear","EasingDirection":"In"},"Right Leg":{"Weight":1,"CFrame":[0.301296591758728,0.23344039916992188,0.23135194182395936,0.8722841739654541,0.06297389417886734,-0.4849275052547455,-0.05249378830194473,0.9980014562606812,0.03517768904566765,0.4861736297607422,-0.005229273810982704,0.873846709728241],"EasingStyle":"Linear","EasingDirection":"In"},"Head":{"Weight":1,"CFrame":[9.078939910978079e-8,-1.043081283569336e-7,8.940696716308594e-8,0.9999641180038452,0.008475258946418763,0.0002944946172647178,-0.008135532960295678,0.9685307145118713,-0.24876105785369874,-0.0023935430217534305,0.2487497329711914,0.9685648083686829],"EasingStyle":"Linear","EasingDirection":"In"},"Left Arm":{"Weight":1,"CFrame":[-0.11007845401763916,-0.45082348585128786,-0.40480896830558779,-0.05270315706729889,0.21259239315986634,-0.9757187366485596,-0.9641029834747315,-0.2654660642147064,-0.005765058565884829,-0.2602459490299225,0.9403894543647766,0.21895170211791993],"EasingStyle":"Linear","EasingDirection":"In"},"Torso":{"Weight":1,"CFrame":[-2.1402931213378908,-2.525972366333008,-0.20541739463806153,0.7644997835159302,0.6212334632873535,-0.17207299172878266,-0.6446239948272705,0.7367594838142395,-0.20407195389270783,9.821947344335058e-8,0.2669353485107422,0.9637144207954407],"EasingStyle":"Linear","EasingDirection":"In"},"HumanoidRootPart":{"Weight":0,"CFrame":[0,0,0,1,0,0,0,1,0,0,0,1],"EasingStyle":"Linear","EasingDirection":"In"},"Right Arm":{"Weight":1,"CFrame":[0.10757982730865479,-0.07567614316940308,-0.3923739492893219,-0.003119849134236574,-0.3546719253063202,0.9349856376647949,0.9997193217277527,-0.023069370537996293,-0.005415386985987425,0.023490197956562043,0.9347062110900879,0.354644238948822],"EasingStyle":"Linear","EasingDirection":"In"}}},{"Time":0.13333334028720857,"poses":{"Left Leg":{"Weight":1,"CFrame":[-0.16056910157203675,0.19944489002227784,0.2739475965499878,0.773694634437561,-0.06881768256425858,0.6298103928565979,0.07712001353502274,0.9969208836555481,0.01419258862733841,-0.628847599029541,0.03759009391069412,0.7766193151473999],"EasingStyle":"Linear","EasingDirection":"In"},"Right Leg":{"Weight":1,"CFrame":[0.3021186590194702,0.23376601934432984,0.23179645836353303,0.8722150325775147,0.06363442540168762,-0.48496556282043459,-0.05318170040845871,0.9979608058929443,0.035298965871334079,0.4862229526042938,-0.004996859468519688,0.8738205432891846],"EasingStyle":"Linear","EasingDirection":"In"},"Head":{"Weight":1,"CFrame":[9.285577107220888e-8,-1.341104507446289e-7,-2.980232238769531e-7,0.9999531507492065,0.009678468108177185,0.0003293782065156847,-0.009288459084928036,0.9681658744812012,-0.2501372694969177,-0.0027398609090596439,0.25012245774269106,0.9682103395462036],"EasingStyle":"Linear","EasingDirection":"In"},"Left Arm":{"Weight":1,"CFrame":[-0.11007827520370484,-0.4508238732814789,-0.40480902791023257,-0.05270315706729889,0.21259239315986634,-0.9757187366485596,-0.9641029834747315,-0.2654660642147064,-0.005765058565884829,-0.2602459490299225,0.9403894543647766,0.21895170211791993],"EasingStyle":"Linear","EasingDirection":"In"},"Torso":{"Weight":1,"CFrame":[-2.1405186653137209,-2.526240110397339,-0.20587146282196046,0.7644997835159302,0.6212334632873535,-0.17207299172878266,-0.6446239948272705,0.7367594838142395,-0.20407195389270783,9.821947344335058e-8,0.2669353485107422,0.9637144207954407],"EasingStyle":"Linear","EasingDirection":"In"},"HumanoidRootPart":{"Weight":0,"CFrame":[0,0,0,1,0,0,0,1,0,0,0,1],"EasingStyle":"Linear","EasingDirection":"In"},"Right Arm":{"Weight":1,"CFrame":[0.10757988691329956,-0.07567650079727173,-0.3923737704753876,-0.003119849134236574,-0.3546719253063202,0.9349856376647949,0.9997193217277527,-0.023069370537996293,-0.005415386985987425,0.023490197956562043,0.9347062110900879,0.354644238948822],"EasingStyle":"Linear","EasingDirection":"In"}}},{"Time":0.15000000596046449,"poses":{"Left Leg":{"Weight":1,"CFrame":[-0.16128134727478028,0.19976109266281129,0.2745209336280823,0.7736079096794128,-0.06942170858383179,0.6298505067825317,0.07777727395296097,0.9968675971031189,0.014345228672027588,-0.6288731694221497,0.03789035230875015,0.7765840291976929],"EasingStyle":"Linear","EasingDirection":"In"},"Right Leg":{"Weight":1,"CFrame":[0.3029367923736572,0.23408973217010499,0.23223839700222016,0.8721457123756409,0.06429190933704376,-0.48500359058380129,-0.05386655777692795,0.9979197382926941,0.0354197733104229,0.48627200722694399,-0.004765638615936041,0.8737945556640625],"EasingStyle":"Linear","EasingDirection":"In"},"Head":{"Weight":1,"CFrame":[-1.9164872355759145e-8,-3.5762786865234377e-7,-2.9802322387695315e-8,0.999940812587738,0.010878637433052063,0.000362518330803141,-0.01043774839490652,0.9677985906600952,-0.25150930881500246,-0.003086911980062723,0.25149062275886538,0.9678547978401184],"EasingStyle":"Linear","EasingDirection":"In"},"Left Arm":{"Weight":1,"CFrame":[-0.11007893085479737,-0.45082351565361025,-0.4048090875148773,-0.05270315706729889,0.21259239315986634,-0.9757187366485596,-0.9641029834747315,-0.2654660642147064,-0.005765058565884829,-0.2602459490299225,0.9403894543647766,0.21895170211791993],"EasingStyle":"Linear","EasingDirection":"In"},"Torso":{"Weight":1,"CFrame":[-2.14074444770813,-2.52650785446167,-0.20632392168045045,0.7644997835159302,0.6212334632873535,-0.17207299172878266,-0.6446239948272705,0.7367594838142395,-0.20407195389270783,9.821947344335058e-8,0.2669353485107422,0.9637144207954407],"EasingStyle":"Linear","EasingDirection":"In"},"HumanoidRootPart":{"Weight":0,"CFrame":[0,0,0,1,0,0,0,1,0,0,0,1],"EasingStyle":"Linear","EasingDirection":"In"},"Right Arm":{"Weight":1,"CFrame":[0.10758030414581299,-0.07567614316940308,-0.3923737108707428,-0.003119849134236574,-0.3546719253063202,0.9349856376647949,0.9997193217277527,-0.023069370537996293,-0.005415386985987425,0.023490197956562043,0.9347062110900879,0.354644238948822],"EasingStyle":"Linear","EasingDirection":"In"}}},{"Time":0.1666666716337204,"poses":{"Left Leg":{"Weight":1,"CFrame":[-0.1619902104139328,0.20007574558258058,0.27509331703186037,0.7735211253166199,-0.0700240284204483,0.629890501499176,0.07843271642923355,0.9968140125274658,0.014497385360300541,-0.6288986802101135,0.038189832121133807,0.7765487432479858],"EasingStyle":"Linear","EasingDirection":"In"},"Right Leg":{"Weight":1,"CFrame":[0.3037523031234741,0.23441189527511598,0.23267890512943269,0.8720758557319641,0.06494753062725067,-0.48504167795181277,-0.05454935133457184,0.99787837266922,0.035540495067834857,0.48632097244262698,-0.004535297397524118,0.8737685680389404],"EasingStyle":"Linear","EasingDirection":"In"},"Head":{"Weight":1,"CFrame":[-1.4537363313138485e-8,-2.9802322387695315e-8,1.7881393432617188e-7,0.9999271035194397,0.01207531988620758,0.00039387031574733555,-0.011583223938941956,0.9674291610717773,-0.2528769373893738,-0.003434586338698864,0.2528539001941681,0.9674984216690064],"EasingStyle":"Linear","EasingDirection":"In"},"Left Arm":{"Weight":1,"CFrame":[-0.11007857322692871,-0.4508236050605774,-0.40480902791023257,-0.05270315706729889,0.21259239315986634,-0.9757187366485596,-0.9641029834747315,-0.2654660642147064,-0.005765058565884829,-0.2602459490299225,0.9403894543647766,0.21895170211791993],"EasingStyle":"Linear","EasingDirection":"In"},"Torso":{"Weight":1,"CFrame":[-2.1409687995910646,-2.5267739295959474,-0.20677542686462403,0.7644997835159302,0.6212334632873535,-0.17207299172878266,-0.6446239948272705,0.7367594838142395,-0.20407195389270783,9.821947344335058e-8,0.2669353485107422,0.9637144207954407],"EasingStyle":"Linear","EasingDirection":"In"},"HumanoidRootPart":{"Weight":0,"CFrame":[0,0,0,1,0,0,0,1,0,0,0,1],"EasingStyle":"Linear","EasingDirection":"In"},"Right Arm":{"Weight":1,"CFrame":[0.10758006572723389,-0.07567605376243592,-0.392373651266098,-0.003119849134236574,-0.3546719253063202,0.9349856376647949,0.9997193217277527,-0.023069370537996293,-0.005415386985987425,0.023490197956562043,0.9347062110900879,0.354644238948822],"EasingStyle":"Linear","EasingDirection":"In"}}},{"Time":0.18333333730697633,"poses":{"Left Leg":{"Weight":1,"CFrame":[-0.1626952886581421,0.2003878951072693,0.2756612002849579,0.7734341025352478,-0.07062336057424545,0.6299303770065308,0.07908470183610916,0.996760368347168,0.014649251475930214,-0.6289239525794983,0.03848748281598091,0.7765135169029236],"EasingStyle":"Linear","EasingDirection":"In"},"Right Leg":{"Weight":1,"CFrame":[0.304563045501709,0.23473167419433595,0.23311747610569,0.8720060586929321,0.06559999287128449,-0.4850795567035675,-0.055228739976882938,0.997836709022522,0.03566081449389458,0.4863695800304413,-0.0043060570023953918,0.8737426996231079],"EasingStyle":"Linear","EasingDirection":"In"},"Head":{"Weight":1,"CFrame":[-1.381995389238e-7,-2.5331974029541018e-7,1.7881393432617188e-7,0.999911904335022,0.013268128037452698,0.00042338945786468685,-0.012724490836262703,0.9670575857162476,-0.25423964858055117,-0.0037827123887836935,0.2542118728160858,0.9671412110328674],"EasingStyle":"Linear","EasingDirection":"In"},"Left Arm":{"Weight":1,"CFrame":[-0.11007881164550781,-0.4508236050605774,-0.40480896830558779,-0.05270315706729889,0.21259239315986634,-0.9757187366485596,-0.9641029834747315,-0.2654660642147064,-0.005765058565884829,-0.2602459490299225,0.9403894543647766,0.21895170211791993],"EasingStyle":"Linear","EasingDirection":"In"},"Torso":{"Weight":1,"CFrame":[-2.14119291305542,-2.5270397663116457,-0.20722532272338868,0.7644997835159302,0.6212334632873535,-0.17207299172878266,-0.6446239948272705,0.7367594838142395,-0.20407195389270783,9.821947344335058e-8,0.2669353485107422,0.9637144207954407],"EasingStyle":"Linear","EasingDirection":"In"},"HumanoidRootPart":{"Weight":0,"CFrame":[0,0,0,1,0,0,0,1,0,0,0,1],"EasingStyle":"Linear","EasingDirection":"In"},"Right Arm":{"Weight":1,"CFrame":[0.10758018493652344,-0.07567605376243592,-0.3923737704753876,-0.003119849134236574,-0.3546719253063202,0.9349856376647949,0.9997193217277527,-0.023069370537996293,-0.005415386985987425,0.023490197956562043,0.9347062110900879,0.354644238948822],"EasingStyle":"Linear","EasingDirection":"In"}}},{"Time":0.20000000298023225,"poses":{"Left Leg":{"Weight":1,"CFrame":[-0.16339588165283204,0.20069891214370728,0.2762261629104614,0.7733470797538757,-0.07121928781270981,0.6299701929092407,0.0797327533364296,0.9967064261436462,0.01480038557201624,-0.6289491057395935,0.038783345371484759,0.7764784097671509],"EasingStyle":"Linear","EasingDirection":"In"},"Right Leg":{"Weight":1,"CFrame":[0.30536842346191409,0.23505008220672608,0.23355315625667573,0.8719359636306763,0.06624878942966461,-0.4851173162460327,-0.05590442195534706,0.9977947473526001,0.03578061982989311,0.4864179193973541,-0.004078173544257879,0.8737168312072754],"EasingStyle":"Linear","EasingDirection":"In"},"Head":{"Weight":1,"CFrame":[-1.2756208889186383e-7,-1.4901161193847657e-8,0,0.999895453453064,0.014456614851951599,0.0004511800652835518,-0.013861110433936119,0.966684103012085,-0.2555970847606659,-0.004131189081817865,0.2555640935897827,0.9667832851409912],"EasingStyle":"Linear","EasingDirection":"In"},"Left Arm":{"Weight":1,"CFrame":[-0.11007857322692871,-0.45082372426986697,-0.40480896830558779,-0.05270315706729889,0.21259239315986634,-0.9757187366485596,-0.9641029834747315,-0.2654660642147064,-0.005765058565884829,-0.2602459490299225,0.9403894543647766,0.21895170211791993],"EasingStyle":"Linear","EasingDirection":"In"},"Torso":{"Weight":1,"CFrame":[-2.141416072845459,-2.527304172515869,-0.20767349004745484,0.7644997835159302,0.6212334632873535,-0.17207299172878266,-0.6446239948272705,0.7367594838142395,-0.20407195389270783,9.821947344335058e-8,0.2669353485107422,0.9637144207954407],"EasingStyle":"Linear","EasingDirection":"In"},"HumanoidRootPart":{"Weight":0,"CFrame":[0,0,0,1,0,0,0,1,0,0,0,1],"EasingStyle":"Linear","EasingDirection":"In"},"Right Arm":{"Weight":1,"CFrame":[0.10758000612258911,-0.07567614316940308,-0.39237353205680849,-0.003119849134236574,-0.3546719253063202,0.9349856376647949,0.9997193217277527,-0.023069370537996293,-0.005415386985987425,0.023490197956562043,0.9347062110900879,0.354644238948822],"EasingStyle":"Linear","EasingDirection":"In"}}},{"Time":0.21666666865348817,"poses":{"Left Leg":{"Weight":1,"CFrame":[-0.16409356892108918,0.20100778341293336,0.2767886817455292,0.7732600569725037,-0.07181279361248017,0.6300095915794373,0.08037838339805603,0.9966523051261902,0.014951089397072792,-0.6289740800857544,0.03907795995473862,0.7764435410499573],"EasingStyle":"Linear","EasingDirection":"In"},"Right Leg":{"Weight":1,"CFrame":[0.30617058277130129,0.2353661060333252,0.2339860498905182,0.8718658089637756,0.06689493358135224,-0.4851548969745636,-0.05657684803009033,0.9977526068687439,0.03590020909905434,0.48646607995033266,-0.003851556684821844,0.8736910223960877],"EasingStyle":"Linear","EasingDirection":"In"},"Head":{"Weight":1,"CFrame":[-2.9569491744041444e-8,-4.6193599700927737e-7,3.5762786865234377e-7,0.9998775720596314,0.015640482306480409,0.00047716760309413075,-0.014992685057222844,0.9663088321685791,-0.2569485008716583,-0.004479885101318359,0.25690990686416628,0.9664250016212463],"EasingStyle":"Linear","EasingDirection":"In"},"Left Arm":{"Weight":1,"CFrame":[-0.11007905006408692,-0.45082348585128786,-0.4048088490962982,-0.05270315706729889,0.21259239315986634,-0.9757187366485596,-0.9641029834747315,-0.2654660642147064,-0.005765058565884829,-0.2602459490299225,0.9403894543647766,0.21895170211791993],"EasingStyle":"Linear","EasingDirection":"In"},"Torso":{"Weight":1,"CFrame":[-2.1416385173797609,-2.5275681018829347,-0.2081201672554016,0.7644997835159302,0.6212334632873535,-0.17207299172878266,-0.6446239948272705,0.7367594838142395,-0.20407195389270783,9.821947344335058e-8,0.2669353485107422,0.9637144207954407],"EasingStyle":"Linear","EasingDirection":"In"},"HumanoidRootPart":{"Weight":0,"CFrame":[0,0,0,1,0,0,0,1,0,0,0,1],"EasingStyle":"Linear","EasingDirection":"In"},"Right Arm":{"Weight":1,"CFrame":[0.10758042335510254,-0.07567586749792099,-0.3923738896846771,-0.003119849134236574,-0.3546719253063202,0.9349856376647949,0.9997193217277527,-0.023069370537996293,-0.005415386985987425,0.023490197956562043,0.9347062110900879,0.354644238948822],"EasingStyle":"Linear","EasingDirection":"In"}}},{"Time":0.23333333432674409,"poses":{"Left Leg":{"Weight":1,"CFrame":[-0.16478702425956727,0.20131468772888184,0.2773474454879761,0.7731727957725525,-0.07240354269742966,0.6300490498542786,0.08102025836706162,0.9965981245040894,0.015101384371519089,-0.628998875617981,0.039370715618133548,0.7764086127281189],"EasingStyle":"Linear","EasingDirection":"In"},"Right Leg":{"Weight":1,"CFrame":[0.30696702003479006,0.23568004369735719,0.23441661894321443,0.8717953562736511,0.06753726303577423,-0.48519235849380495,-0.05724560469388962,0.9977102279663086,0.03601919487118721,0.48651400208473208,-0.003626102115958929,0.8736653327941895],"EasingStyle":"Linear","EasingDirection":"In"},"Head":{"Weight":1,"CFrame":[-1.1816155165433884e-8,-1.341104507446289e-7,-2.9802322387695315e-8,0.9998584985733032,0.01681925356388092,0.0005014265771023929,-0.016119014471769334,0.9659319519996643,-0.25829383730888369,-0.004828630480915308,0.2582491636276245,0.9660662412643433],"EasingStyle":"Linear","EasingDirection":"In"},"Left Arm":{"Weight":1,"CFrame":[-0.11007845401763916,-0.45082369446754458,-0.40480920672416689,-0.05270315706729889,0.21259239315986634,-0.9757187366485596,-0.9641029834747315,-0.2654660642147064,-0.005765058565884829,-0.2602459490299225,0.9403894543647766,0.21895170211791993],"EasingStyle":"Linear","EasingDirection":"In"},"Torso":{"Weight":1,"CFrame":[-2.141860246658325,-2.5278306007385256,-0.2085646390914917,0.7644997835159302,0.6212334632873535,-0.17207299172878266,-0.6446239948272705,0.7367594838142395,-0.20407195389270783,9.821947344335058e-8,0.2669353485107422,0.9637144207954407],"EasingStyle":"Linear","EasingDirection":"In"},"HumanoidRootPart":{"Weight":0,"CFrame":[0,0,0,1,0,0,0,1,0,0,0,1],"EasingStyle":"Linear","EasingDirection":"In"},"Right Arm":{"Weight":1,"CFrame":[0.10758000612258911,-0.07567626237869263,-0.392373651266098,-0.003119849134236574,-0.3546719253063202,0.9349856376647949,0.9997193217277527,-0.023069370537996293,-0.005415386985987425,0.023490197956562043,0.9347062110900879,0.354644238948822],"EasingStyle":"Linear","EasingDirection":"In"}}},{"Time":0.25,"poses":{"Left Leg":{"Weight":1,"CFrame":[-0.16547513008117677,0.2016187310218811,0.2779024839401245,0.7730857133865356,-0.07299014925956726,0.6300881505012512,0.08165816217660904,0.9965437054634094,0.015250807628035546,-0.6290234923362732,0.0396614745259285,0.7763738632202148],"EasingStyle":"Linear","EasingDirection":"In"},"Right Leg":{"Weight":1,"CFrame":[0.3077581524848938,0.2359912395477295,0.23484459519386292,0.8717249035835266,0.06817588210105896,-0.48522961139678957,-0.057910315692424777,0.9976675510406494,0.036137714982032779,0.48656150698661806,-0.0034022571053355934,0.873639702796936],"EasingStyle":"Linear","EasingDirection":"In"},"Head":{"Weight":1,"CFrame":[2.25467374548316e-7,-8.940696716308594e-8,-1.4901161193847657e-7,0.9998380541801453,0.01799263060092926,0.000523912429343909,-0.017239611595869066,0.9655536413192749,-0.2596323788166046,-0.005177315790206194,0.2595812976360321,0.9657073616981506],"EasingStyle":"Linear","EasingDirection":"In"},"Left Arm":{"Weight":1,"CFrame":[-0.11007857322692871,-0.45082399249076846,-0.40480896830558779,-0.05270315706729889,0.21259239315986634,-0.9757187366485596,-0.9641029834747315,-0.2654660642147064,-0.005765058565884829,-0.2602459490299225,0.9403894543647766,0.21895170211791993],"EasingStyle":"Linear","EasingDirection":"In"},"Torso":{"Weight":1,"CFrame":[-2.142080545425415,-2.5280919075012209,-0.20900708436965943,0.7644997835159302,0.6212334632873535,-0.17207299172878266,-0.6446239948272705,0.7367594838142395,-0.20407195389270783,9.821947344335058e-8,0.2669353485107422,0.9637144207954407],"EasingStyle":"Linear","EasingDirection":"In"},"HumanoidRootPart":{"Weight":0,"CFrame":[0,0,0,1,0,0,0,1,0,0,0,1],"EasingStyle":"Linear","EasingDirection":"In"},"Right Arm":{"Weight":1,"CFrame":[0.10757994651794434,-0.0756763443350792,-0.3923741281032562,-0.003119849134236574,-0.3546719253063202,0.9349856376647949,0.9997193217277527,-0.023069370537996293,-0.005415386985987425,0.023490197956562043,0.9347062110900879,0.354644238948822],"EasingStyle":"Linear","EasingDirection":"In"}}},{"Time":0.2666666805744171,"poses":{"Left Leg":{"Weight":1,"CFrame":[-0.16615934669971467,0.20192116498947144,0.2784545421600342,0.772998571395874,-0.07357357442378998,0.6301273703575134,0.08229217678308487,0.9964893460273743,0.015399675816297531,-0.6290478706359863,0.03995039314031601,0.7763391733169556],"EasingStyle":"Linear","EasingDirection":"In"},"Right Leg":{"Weight":1,"CFrame":[0.3085446357727051,0.23630154132843018,0.23526978492736817,0.8716543316841126,0.06881093978881836,-0.48526671528816225,-0.05857104808092117,0.9976246953010559,0.03625576198101044,0.4866088628768921,-0.003179767867550254,0.8736141920089722],"EasingStyle":"Linear","EasingDirection":"In"},"Head":{"Weight":1,"CFrame":[2.1720188669860364e-7,-2.2351741790771485e-7,0,0.999816358089447,0.019160106778144838,0.0005446845898404717,-0.018354089930653573,0.9651740789413452,-0.2609638571739197,-0.005525815766304731,0.2609059512615204,0.9653484225273132],"EasingStyle":"Linear","EasingDirection":"In"},"Left Arm":{"Weight":1,"CFrame":[-0.11007857322692871,-0.4508237838745117,-0.40480896830558779,-0.05270315706729889,0.21259239315986634,-0.9757187366485596,-0.9641029834747315,-0.2654660642147064,-0.005765058565884829,-0.2602459490299225,0.9403894543647766,0.21895170211791993],"EasingStyle":"Linear","EasingDirection":"In"},"Torso":{"Weight":1,"CFrame":[-2.142299175262451,-2.5283517837524416,-0.20944732427597047,0.7644997835159302,0.6212334632873535,-0.17207299172878266,-0.6446239948272705,0.7367594838142395,-0.20407195389270783,9.821947344335058e-8,0.2669353485107422,0.9637144207954407],"EasingStyle":"Linear","EasingDirection":"In"},"HumanoidRootPart":{"Weight":0,"CFrame":[0,0,0,1,0,0,0,1,0,0,0,1],"EasingStyle":"Linear","EasingDirection":"In"},"Right Arm":{"Weight":1,"CFrame":[0.10758018493652344,-0.07567619532346726,-0.39237383008003237,-0.003119849134236574,-0.3546719253063202,0.9349856376647949,0.9997193217277527,-0.023069370537996293,-0.005415386985987425,0.023490197956562043,0.9347062110900879,0.354644238948822],"EasingStyle":"Linear","EasingDirection":"In"}}},{"Time":0.28333333134651186,"poses":{"Left Leg":{"Weight":1,"CFrame":[-0.16683809459209443,0.20222187042236329,0.27900129556655886,0.7729116082191467,-0.07415322959423065,0.6301660537719727,0.08292222768068314,0.9964348077774048,0.01554778777062893,-0.6290720701217651,0.04023744910955429,0.7763047814369202],"EasingStyle":"Linear","EasingDirection":"In"},"Right Leg":{"Weight":1,"CFrame":[0.3093259334564209,0.236608624458313,0.23569275438785554,0.8715838193893433,0.06944188475608826,-0.4853035807609558,-0.059227779507637027,0.9975816607475281,0.03637314960360527,0.4866557717323303,-0.002958709839731455,0.8735889196395874],"EasingStyle":"Linear","EasingDirection":"In"},"Head":{"Weight":1,"CFrame":[-1.469743438065052e-7,-1.4901161193847657e-7,3.2782554626464846e-7,0.9997933506965637,0.02032141573727131,0.0005636984133161604,-0.019462181255221368,0.9647935628890991,-0.2622877359390259,-0.0058739325031638149,0.2622225284576416,0.9649895429611206],"EasingStyle":"Linear","EasingDirection":"In"},"Left Arm":{"Weight":1,"CFrame":[-0.11007839441299439,-0.45082324743270876,-0.40480920672416689,-0.05270315706729889,0.21259239315986634,-0.9757187366485596,-0.9641029834747315,-0.2654660642147064,-0.005765058565884829,-0.2602459490299225,0.9403894543647766,0.21895170211791993],"EasingStyle":"Linear","EasingDirection":"In"},"Torso":{"Weight":1,"CFrame":[-2.142517328262329,-2.5286102294921877,-0.2098853588104248,0.7644997835159302,0.6212334632873535,-0.17207299172878266,-0.6446239948272705,0.7367594838142395,-0.20407195389270783,9.821947344335058e-8,0.2669353485107422,0.9637144207954407],"EasingStyle":"Linear","EasingDirection":"In"},"HumanoidRootPart":{"Weight":0,"CFrame":[0,0,0,1,0,0,0,1,0,0,0,1],"EasingStyle":"Linear","EasingDirection":"In"},"Right Arm":{"Weight":1,"CFrame":[0.10758024454116821,-0.07567581534385681,-0.39237359166145327,-0.003119849134236574,-0.3546719253063202,0.9349856376647949,0.9997193217277527,-0.023069370537996293,-0.005415386985987425,0.023490197956562043,0.9347062110900879,0.354644238948822],"EasingStyle":"Linear","EasingDirection":"In"}}},{"Time":0.30000001192092898,"poses":{"Left Leg":{"Weight":1,"CFrame":[-0.16751091182231904,0.2025182843208313,0.27954405546188357,0.7728247046470642,-0.07472847402095795,0.6302046775817871,0.08354681730270386,0.9963803291320801,0.015695177018642427,-0.6290962100028992,0.04052174091339111,0.7762705087661743],"EasingStyle":"Linear","EasingDirection":"In"},"Right Leg":{"Weight":1,"CFrame":[0.3101002871990204,0.2369125485420227,0.23611122369766236,0.8715131878852844,0.07006802409887314,-0.48534032702445986,-0.0598793625831604,0.9975385069847107,0.03648998215794563,0.48670250177383425,-0.0027395731303840877,0.8735635280609131],"EasingStyle":"Linear","EasingDirection":"In"},"Head":{"Weight":1,"CFrame":[-1.3154931366443634e-8,-1.4901161193847657e-7,4.470348358154297e-7,0.9997692108154297,0.021476106718182565,0.0005811327719129622,-0.02056337334215641,0.9644119739532471,-0.2636035978794098,-0.006221611984074116,0.263530761