{"Sequence":[{"Time":0,"poses":{"Left Leg":{"Weight":1,"CFrame":[-0.8236536979675293,0.3568551540374756,0.02106189727783203,0.8950242400169373,-0.4443325102329254,0.03873269259929657,0.443315714597702,0.8957858681678772,0.03223278000950813,-0.04901828616857529,-0.011678313836455346,0.9987297058105469],"EasingStyle":"Linear","EasingDirection":"In"},"Right Arm":{"Weight":1,"CFrame":[-0.8267794847488403,-0.28059715032577517,0.26182377338409426,0.6610751748085022,-0.41884133219718935,0.6225364208221436,0.5472702980041504,0.836758553981781,-0.01818010024726391,-0.5132980346679688,0.35271400213241579,0.7823796272277832],"EasingStyle":"Linear","EasingDirection":"In"},"Head":{"Weight":1,"CFrame":[8.742278367890322e-8,1.1175870895385743e-8,-5.960464477539063e-8,1,-6.15184845287331e-8,8.739863943674209e-8,6.35554613381828e-8,0.9997239112854004,-0.023501265794038774,-8.592873257384781e-8,0.023501265794038774,0.9997239112854004],"EasingStyle":"Linear","EasingDirection":"In"},"Right Leg":{"Weight":1,"CFrame":[0.8236526250839233,0.3568512797355652,0.021061420440673829,0.8949167728424072,0.4445488452911377,-0.0387321375310421,-0.443532258272171,0.8956785798072815,0.032232921570539477,0.049020737409591678,-0.011666848324239254,0.9987296462059021],"EasingStyle":"Linear","EasingDirection":"In"},"Torso":{"Weight":1,"CFrame":[-4.4531599149037269e-18,0.0896686539053917,-0.5200397968292236,1,-1.1136267963316057e-19,-8.742277657347586e-8,2.3444443608688916e-10,0.9999964237213135,0.0026817317120730879,8.742246393467212e-8,-0.0026817317120730879,0.9999964237213135],"EasingStyle":"Linear","EasingDirection":"In"},"HumanoidRootPart":{"Weight":0,"CFrame":[0,0,0,1,0,0,0,1,0,0,0,1],"EasingStyle":"Linear","EasingDirection":"In"},"Left Arm":{"Weight":1,"CFrame":[0.8801941871643066,-0.2739996016025543,0.21670377254486085,0.6475799679756165,0.4405921697616577,-0.621706485748291,-0.5819382667541504,0.8126709461212158,-0.03023160621523857,0.4919228255748749,0.38137200474739077,0.7826667428016663],"EasingStyle":"Linear","EasingDirection":"In"}}},{"Time":0.03333333507180214,"poses":{"Left Leg":{"Weight":1,"CFrame":[-0.7462708353996277,0.26134002208709719,0.021446943283081056,0.9162518978118897,-0.3987848162651062,0.038120318204164508,0.39788854122161868,0.9169727563858032,0.029084322974085809,-0.04655368998646736,-0.011480899527668953,0.9988498091697693],"EasingStyle":"Linear","EasingDirection":"In"},"Right Arm":{"Weight":1,"CFrame":[-0.8267084360122681,-0.23277190327644349,0.26182377338409426,0.6584402918815613,-0.4198867976665497,0.6246212720870972,0.5407970547676086,0.8411403894424439,-0.004640965722501278,-0.5234453678131104,0.34084901213645937,0.7809141278266907],"EasingStyle":"Linear","EasingDirection":"In"},"Head":{"Weight":1,"CFrame":[8.74227694680485e-8,4.6566128730773929e-9,-5.960464477539063e-8,1,-6.275228514596165e-8,8.74189325372754e-8,6.357022641623189e-8,0.999955952167511,-0.009388192556798458,-8.682594199171945e-8,0.009388192556798458,0.999955952167511],"EasingStyle":"Linear","EasingDirection":"In"},"Right Leg":{"Weight":1,"CFrame":[0.7462708353996277,0.26133984327316286,0.021446585655212404,0.9161556363105774,0.3990058898925781,-0.038119684904813769,-0.3981098234653473,0.9168766140937805,0.029084503650665284,0.04655597731471062,-0.011470154859125615,0.9988499283790588],"EasingStyle":"Linear","EasingDirection":"In"},"Torso":{"Weight":1,"CFrame":[-4.4531599149037269e-18,0.0896686539053917,-0.38988614082336428,1,-1.1136267963316057e-19,-8.742277657347586e-8,2.3444443608688916e-10,0.9999964237213135,0.0026817317120730879,8.742246393467212e-8,-0.0026817317120730879,0.9999964237213135],"EasingStyle":"Linear","EasingDirection":"In"},"HumanoidRootPart":{"Weight":0,"CFrame":[0,0,0,1,0,0,0,1,0,0,0,1],"EasingStyle":"Linear","EasingDirection":"In"},"Left Arm":{"Weight":1,"CFrame":[0.8801148533821106,-0.24738925695419312,0.2158592939376831,0.6444332599639893,0.4416254758834839,-0.6242377758026123,-0.5748645663261414,0.818117082118988,-0.01467479020357132,0.5042187571525574,0.3683089315891266,0.7810965776443481],"EasingStyle":"Linear","EasingDirection":"In"}}},{"Time":0.06666667014360428,"poses":{"Left Leg":{"Weight":1,"CFrame":[-0.7150555849075317,0.23394101858139039,0.02111828327178955,0.9240354895591736,-0.38041800260543826,0.03795439749956131,0.3795488178730011,0.9247408509254456,0.028231585398316385,-0.04583783075213432,-0.011681470088660717,0.9988805651664734],"EasingStyle":"Linear","EasingDirection":"In"},"Right Arm":{"Weight":1,"CFrame":[-0.826612114906311,-0.20409879088401795,0.26182377338409426,0.6610220074653626,-0.4188072085380554,0.6226158738136292,0.5274235010147095,0.8495249152183533,0.011481446214020253,-0.5337361693382263,0.32079267501831057,0.7824433445930481],"EasingStyle":"Linear","EasingDirection":"In"},"Head":{"Weight":1,"CFrame":[8.742279788975793e-8,3.725290298461914e-9,-5.960464477539063e-8,1,-6.313395317647519e-8,8.742167523223543e-8,6.357222304131938e-8,0.9999874234199524,-0.0050223879516124729,-8.71034870897347e-8,0.00502238841727376,0.9999874234199524],"EasingStyle":"Linear","EasingDirection":"In"},"Right Leg":{"Weight":1,"CFrame":[0.7150556445121765,0.2339409589767456,0.02111804485321045,0.9239437580108643,0.38064098358154299,-0.03795377537608147,-0.3797719180583954,0.9246492981910706,0.0282317902892828,0.04584016278386116,-0.011670847423374653,0.9988806843757629],"EasingStyle":"Linear","EasingDirection":"In"},"Torso":{"Weight":1,"CFrame":[-4.4531599149037269e-18,0.0896686539053917,-0.3496286869049072,1,-1.1136267963316057e-19,-8.742277657347586e-8,2.3444443608688916e-10,0.9999964237213135,0.0026817317120730879,8.742246393467212e-8,-0.0026817317120730879,0.9999964237213135],"EasingStyle":"Linear","EasingDirection":"In"},"HumanoidRootPart":{"Weight":0,"CFrame":[0,0,0,1,0,0,0,1,0,0,0,1],"EasingStyle":"Linear","EasingDirection":"In"},"Left Arm":{"Weight":1,"CFrame":[0.8799989819526672,-0.20117917656898499,0.21462500095367433,0.6475216150283814,0.4405501186847687,-0.6217970252037048,-0.5601547956466675,0.8283802270889282,0.0035872331354767086,0.5166646838188171,0.34597963094711306,0.783170223236084],"EasingStyle":"Linear","EasingDirection":"In"}}},{"Time":0.10000000149011612,"poses":{"Left Leg":{"Weight":1,"CFrame":[-0.6980094909667969,0.22056865692138673,0.02087557315826416,0.9281042218208313,-0.37038904428482058,0.03787519410252571,0.3695318102836609,0.928801417350769,0.02782406471669674,-0.045484308153390887,-0.011827562004327774,0.9988951086997986],"EasingStyle":"Linear","EasingDirection":"In"},"Right Arm":{"Weight":1,"CFrame":[-0.8265953063964844,-0.19677215814590455,0.26182377338409426,0.6621797680854797,-0.40846043825149538,0.6282341480255127,0.5114925503730774,0.8590685129165649,0.01941218413412571,-0.5476251244544983,0.30848264694213869,0.7777822017669678],"EasingStyle":"Linear","EasingDirection":"In"},"Head":{"Weight":1,"CFrame":[8.742282631146736e-8,4.6566128730773929e-9,2.384185791015625e-7,1,-6.332465574132584e-8,8.742242840753534e-8,6.357277015922591e-8,0.9999960064888,-0.002840994857251644,-8.7242163715473e-8,0.002840994857251644,0.9999960064888],"EasingStyle":"Linear","EasingDirection":"In"},"Right Leg":{"Weight":1,"CFrame":[0.6980096101760864,0.22056859731674195,0.02087533473968506,0.928014874458313,0.3706130087375641,-0.03787445276975632,-0.3697560131549835,0.9287122488021851,0.02782430127263069,0.04548657312989235,-0.011817085556685925,0.9988951683044434],"EasingStyle":"Linear","EasingDirection":"In"},"Torso":{"Weight":1,"CFrame":[-4.4531599149037269e-18,0.0896686539053917,-0.3295145034790039,1,-1.1136267963316057e-19,-8.742277657347586e-8,2.3444443608688916e-10,0.9999964237213135,0.0026817317120730879,8.742246393467212e-8,-0.0026817317120730879,0.9999964237213135],"EasingStyle":"Linear","EasingDirection":"In"},"HumanoidRootPart":{"Weight":0,"CFrame":[0,0,0,1,0,0,0,1,0,0,0,1],"EasingStyle":"Linear","EasingDirection":"In"},"Left Arm":{"Weight":1,"CFrame":[0.8799699544906616,-0.175523579120636,0.2139517068862915,0.6489900946617127,0.4287545084953308,-0.6284756064414978,-0.5424194931983948,0.8400081396102905,0.012939805164933205,0.5334725975990295,0.3324994444847107,0.7777217626571655],"EasingStyle":"Linear","EasingDirection":"In"}}},{"Time":0.13333334028720857,"poses":{"Left Leg":{"Weight":1,"CFrame":[-0.6925057768821716,0.21645492315292359,0.020789384841918947,0.9293909668922424,-0.36715105175971987,0.03785104677081108,0.3662972152233124,0.9300855398178101,0.027699872851371766,-0.04537476599216461,-0.011879269033670426,0.9988994002342224],"EasingStyle":"Constant","EasingDirection":"In"},"Right Arm":{"Weight":1,"CFrame":[-0.8265784382820129,-0.2055944800376892,0.26182377338409426,0.6609187126159668,-0.41875267028808596,0.622762143611908,0.4889153838157654,0.8698299527168274,0.06601278483867645,-0.5693401098251343,0.2608487904071808,0.7796214818954468],"EasingStyle":"Constant","EasingDirection":"In"},"Head":{"Weight":1,"CFrame":[8.742279788975793e-8,4.6566128730773929e-9,-5.960464477539063e-8,1,-6.338389368920616e-8,8.742257762150985e-8,6.357287674063628e-8,0.9999976754188538,-0.0021634113509207966,-8.728524392154213e-8,0.0021634113509207966,0.9999976754188538],"EasingStyle":"Constant","EasingDirection":"In"},"Right Leg":{"Weight":1,"CFrame":[0.6925058960914612,0.21645498275756837,0.020789027214050294,0.9293022751808167,0.3673751652240753,-0.03785031661391258,-0.3665216863155365,0.9299971461296082,0.027700044214725496,0.045377038419246677,-0.011868822388350964,0.9988994598388672],"EasingStyle":"Constant","EasingDirection":"In"},"Torso":{"Weight":1,"CFrame":[-4.4531599149037269e-18,0.0896686539053917,-0.32326602935791018,1,-1.1136267963316057e-19,-8.742277657347586e-8,2.3444443608688916e-10,0.9999964237213135,0.0026817317120730879,8.742246393467212e-8,-0.0026817317120730879,0.9999964237213135],"EasingStyle":"Constant","EasingDirection":"In"},"HumanoidRootPart":{"Weight":0,"CFrame":[0,0,0,1,0,0,0,1,0,0,0,1],"EasingStyle":"Linear","EasingDirection":"In"},"Left Arm":{"Weight":1,"CFrame":[0.879913866519928,-0.16946783661842347,0.21079802513122559,0.6474066972732544,0.44048330187797549,-0.6219640374183655,-0.5173361897468567,0.8532500863075256,0.06578434258699417,0.5596676468849182,0.27917516231536868,0.7802777290344238],"EasingStyle":"Constant","EasingDirection":"In"}}},{"Time":0.1666666716337204,"poses":{"Left Leg":{"Weight":1,"CFrame":[-0.2284480333328247,-0.09500694274902344,0.1928083896636963,0.8088105320930481,-0.33276960253715517,0.48486077785491946,0.4577212929725647,0.8738813400268555,-0.163776233792305,-0.3692110478878021,0.3543950021266937,0.8591201305389404],"EasingStyle":"Linear","EasingDirection":"In"},"Right Arm":{"Weight":1,"CFrame":[-0.08378053456544876,-0.40835145115852358,0.17323756217956544,-0.2096618115901947,-0.8225194215774536,-0.5286810994148254,0.8027479648590088,-0.45350345969200137,0.3872085511684418,-0.5582452416419983,-0.3432149291038513,0.7553580403327942],"EasingStyle":"Linear","EasingDirection":"In"},"Head":{"Weight":1,"CFrame":[8.74227694680485e-8,-4.6566128730773929e-9,-1.1920928955078126e-7,1,-6.46933102643743e-8,8.741560009184468e-8,6.356780346550295e-8,0.9999179840087891,0.012814502231776715,-8.823742803087953e-8,-0.012814502231776715,0.9999179840087891],"EasingStyle":"Linear","EasingDirection":"In"},"Right Leg":{"Weight":1,"CFrame":[0.4729328751564026,0.01953887939453125,0.11067211627960205,0.9591891765594482,0.11689059436321259,-0.25747376680374148,-0.17732632160186768,0.9579165577888489,-0.22572407126426698,0.2202533483505249,0.262168824672699,0.9395509958267212],"EasingStyle":"Linear","EasingDirection":"In"},"Torso":{"Weight":1,"CFrame":[-4.452915069442411e-18,0.08529579639434815,-0.20353221893310548,1,-1.4026674838002444e-19,-8.742277657347586e-8,-2.4341476057010427e-10,0.9999961256980896,-0.0027843404095619919,8.742243551296269e-8,0.0027843404095619919,0.9999961256980896],"EasingStyle":"Linear","EasingDirection":"In"},"HumanoidRootPart":{"Weight":0,"CFrame":[0,0,0,1,0,0,0,1,0,0,0,1],"EasingStyle":"Linear","EasingDirection":"In"},"Left Arm":{"Weight":1,"CFrame":[0.07814618945121765,-0.37940508127212527,0.10566580295562744,-0.19224520027637483,0.8486936092376709,0.49270766973495486,-0.8466089963912964,-0.3973369002342224,0.3540858328342438,0.49628132581710818,-0.34905946254730227,0.794897735118866],"EasingStyle":"Linear","EasingDirection":"In"}}},{"Time":0.20000000298023225,"poses":{"Left Leg":{"Weight":1,"CFrame":[0.3349997103214264,-0.0946577787399292,-0.14106404781341554,0.7227904200553894,-0.14127323031425477,0.6764732003211975,0.35341617465019228,0.9167557954788208,-0.18616071343421937,-0.5938612222671509,0.3736317753791809,0.7125505208969116],"EasingStyle":"Linear","EasingDirection":"In"},"Right Arm":{"Weight":1,"CFrame":[-0.06382551789283753,-0.3825629949569702,0.09984767436981201,-0.23673854768276215,-0.7088239789009094,-0.664472222328186,0.7770335674285889,-0.548691987991333,0.30847394466400149,-0.583244264125824,-0.4432896077632904,0.6806765794754028],"EasingStyle":"Linear","EasingDirection":"In"},"Head":{"Weight":1,"CFrame":[8.742279078433057e-8,-7.450580596923828e-9,3.5762786865234377e-7,1,-6.474675018353082e-8,8.741489665453628e-8,6.356729898016056e-8,0.9999098777770996,0.013425840064883232,-8.82762947185256e-8,-0.013425840064883232,0.9999098777770996],"EasingStyle":"Linear","EasingDirection":"In"},"Right Leg":{"Weight":1,"CFrame":[0.006497485563158989,-0.19938361644744874,-0.11723828315734863,0.8867154121398926,-0.2640303075313568,-0.3795046806335449,0.1008114218711853,0.911549985408783,-0.3986399471759796,0.4511905610561371,0.3152216374874115,0.8349026441574097],"EasingStyle":"Linear","EasingDirection":"In"},"Torso":{"Weight":1,"CFrame":[-3.287887424943125e-18,0.0826721042394638,-0.1207737922668457,1,-1.2046103306108738e-19,-8.742277657347586e-8,-5.301281635894384e-10,0.9999816417694092,-0.006063959561288357,8.742117074689304e-8,0.006063959561288357,0.9999816417694092],"EasingStyle":"Linear","EasingDirection":"In"},"HumanoidRootPart":{"Weight":0,"CFrame":[0,0,0,1,0,0,0,1,0,0,0,1],"EasingStyle":"Linear","EasingDirection":"In"},"Left Arm":{"Weight":1,"CFrame":[0.0996212288737297,-0.3901362121105194,0.017907261848449708,-0.335917592048645,0.738675057888031,0.5843957662582398,-0.8200606107711792,-0.5345644354820252,0.20430777966976167,0.4633142054080963,-0.4106094539165497,0.7853279709815979],"EasingStyle":"Linear","EasingDirection":"In"}}},{"Time":0.23333333432674409,"poses":{"Left Leg":{"Weight":1,"CFrame":[0.3613530397415161,-0.08517158031463623,-0.16505223512649537,0.668017566204071,-0.1507510095834732,0.7287158966064453,0.38671383261680605,0.9069759845733643,-0.1668744683265686,-0.6357712149620056,0.39327961206436159,0.6641733050346375],"EasingStyle":"Linear","EasingDirection":"In"},"Right Arm":{"Weight":1,"CFrame":[-0.0607384592294693,-0.3785737156867981,0.08849430084228516,-0.24026350677013398,-0.6895085573196411,-0.683265209197998,0.7728649377822876,-0.561764657497406,0.2951275408267975,-0.5873271822929382,-0.4571634531021118,0.6678685545921326],"EasingStyle":"Linear","EasingDirection":"In"},"Head":{"Weight":1,"CFrame":[8.742278367890322e-8,7.450580596923828e-9,1.1920928955078126e-7,1,-6.476456348991633e-8,8.741466928086084e-8,6.356712134447662e-8,0.9999071359634399,0.013629615306854248,-8.828925501802587e-8,-0.013629615306854248,0.9999071359634399],"EasingStyle":"Linear","EasingDirection":"In"},"Right Leg":{"Weight":1,"CFrame":[0.013618983328342438,-0.210052490234375,-0.13503068685531617,0.8700276017189026,-0.26888784766197207,-0.4132206439971924,0.0801081508398056,0.9041364789009094,-0.4196666479110718,0.4864511489868164,0.332019180059433,0.8081638216972351],"EasingStyle":"Linear","EasingDirection":"In"},"Torso":{"Weight":1,"CFrame":[-2.8995559058515306e-18,0.08179754763841629,-0.10797452926635742,1,-1.1279781214654593e-19,-8.742278367890322e-8,-6.2569788239486e-10,0.9999744892120361,-0.0071571506559848789,8.742053836385822e-8,0.0071571506559848789,0.9999744892120361],"EasingStyle":"Linear","EasingDirection":"In"},"HumanoidRootPart":{"Weight":0,"CFrame":[0,0,0,1,0,0,0,1,0,0,0,1],"EasingStyle":"Linear","EasingDirection":"In"},"Left Arm":{"Weight":1,"CFrame":[0.10294342041015625,-0.3917967975139618,0.004330873489379883,-0.3573022484779358,0.7194249033927918,0.5956196784973145,-0.8134039640426636,-0.5531074404716492,0.1801287829875946,0.45903080701828005,-0.42011889815330508,0.7828096151351929],"EasingStyle":"Linear","EasingDirection":"In"}}},{"Time":0.2666666805744171,"poses":{"Left Leg":{"Weight":1,"CFrame":[0.3752427101135254,-0.07870292663574219,-0.17903423309326173,0.6357573866844177,-0.15478140115737916,0.7562111020088196,0.40261581540107729,0.9023576378822327,-0.15379010140895844,-0.6585690379142761,0.4022357165813446,0.6359978318214417],"EasingStyle":"Linear","EasingDirection":"In"},"Right Arm":{"Weight":1,"CFrame":[-0.06328986585140228,-0.38393908739089968,0.09209132194519043,-0.24721379578113557,-0.6787665486335754,-0.6914920806884766,0.7696582674980164,-0.5711000561714172,0.28543129563331606,-0.5886522531509399,-0.4616501033306122,0.6636021137237549],"EasingStyle":"Linear","EasingDirection":"In"},"Head":{"Weight":1,"CFrame":[8.742276236262114e-8,1.4901161193847657e-8,-1.1920928955078126e-7,1,-6.47749587301405e-8,8.741452717231368e-8,6.356701476306626e-8,0.999905526638031,0.013748399913311005,-8.829679387645229e-8,-0.013748399913311005,0.999905526638031],"EasingStyle":"Linear","EasingDirection":"In"},"Right Leg":{"Weight":1,"CFrame":[0.018494609743356706,-0.21445190906524659,-0.14469420909881593,0.8609237670898438,-0.2696320414543152,-0.43140339851379397,0.06761091202497482,0.9011135101318359,-0.4282793402671814,0.5042212009429932,0.3395482301712036,0.7940201759338379],"EasingStyle":"Linear","EasingDirection":"In"},"Torso":{"Weight":1,"CFrame":[-2.673328625763178e-18,0.08128805458545685,-0.10886144638061524,1,-1.0808878924155517e-19,-8.742278367890322e-8,-6.813741237898796e-10,0.9999697208404541,-0.007794012315571308,8.742011914364412e-8,0.007794012315571308,0.9999697208404541],"EasingStyle":"Linear","EasingDirection":"In"},"HumanoidRootPart":{"Weight":0,"CFrame":[0,0,0,1,0,0,0,1,0,0,0,1],"EasingStyle":"Linear","EasingDirection":"In"},"Left Arm":{"Weight":1,"CFrame":[0.09592308104038239,-0.41787493228912356,-0.019879937171936036,-0.38105344772338869,0.6987496614456177,0.605431318283081,-0.8053222894668579,-0.5725141763687134,0.15389567613601685,0.45415252447128298,-0.4289248287677765,0.7808771133422852],"EasingStyle":"Linear","EasingDirection":"In"}}},{"Time":0.30000001192092898,"poses":{"Left Leg":{"Weight":1,"CFrame":[0.38226184248924258,-0.07532012462615967,-0.18659454584121705,0.6182276010513306,-0.15733487904071809,0.7700911164283752,0.411903440952301,0.8993018269538879,-0.146941676735878,-0.6694254279136658,0.4080466330051422,0.6207799911499023],"EasingStyle":"Linear","EasingDirection":"In"},"Right Arm":{"Weight":1,"CFrame":[-0.06802822649478913,-0.42087408900260928,0.09877145290374756,-0.2544558048248291,-0.6642093062400818,-0.7029068470001221,0.7648351192474365,-0.5830274224281311,0.2740556597709656,-0.5918442606925964,-0.46787285804748537,0.6563653349876404],"EasingStyle":"Linear","EasingDirection":"In"},"Head":{"Weight":1,"CFrame":[8.742274815176643e-8,7.450580596923828e-9,0,1,-6.478058622860772e-8,8.741443480175804e-8,6.356695081422004e-8,0.9999046325683594,0.013812837190926075,-8.830089370803762e-8,-0.013812837190926075,0.9999046325683594],"EasingStyle":"Linear","EasingDirection":"In"},"Right Leg":{"Weight":1,"CFrame":[0.02156434953212738,-0.21725666522979737,-0.15009933710098267,0.856021523475647,-0.2706432342529297,-0.44043081998825076,0.061024993658065799,0.8989449739456177,-0.4337902367115021,0.513325572013855,0.34445637464523318,0.7860322594642639],"EasingStyle":"Linear","EasingDirection":"In"},"Torso":{"Weight":1,"CFrame":[-2.5504625262970014e-18,0.0810113474726677,-0.11504530906677246,1,-1.0545576995422232e-19,-8.742277657347586e-8,-7.116123246220241e-10,0.9999668598175049,-0.00813989620655775,8.741987755911396e-8,0.00813989620655775,0.9999668598175049],"EasingStyle":"Linear","EasingDirection":"In"},"HumanoidRootPart":{"Weight":0,"CFrame":[0,0,0,1,0,0,0,1,0,0,0,1],"EasingStyle":"Linear","EasingDirection":"In"},"Left Arm":{"Weight":1,"CFrame":[0.08288523554801941,-0.46586713194847109,-0.04400837421417236,-0.4106980860233307,0.6721377968788147,0.6160827279090881,-0.7941712141036987,-0.5956432819366455,0.12042175233364105,0.4479054808616638,-0.43981820344924929,0.7784220576286316],"EasingStyle":"Linear","EasingDirection":"In"}}},{"Time":0.3333333432674408,"poses":{"Left Leg":{"Weight":1,"CFrame":[0.3841831386089325,-0.07497382164001465,-0.18886905908584596,0.6129637360572815,-0.1593441516160965,0.7738764882087708,0.4176986515522003,0.8967456221580505,-0.1462029218673706,-0.6706737279891968,0.4128642976284027,0.6162304282188416],"EasingStyle":"Constant","EasingDirection":"In"},"Right Arm":{"Weight":1,"CFrame":[-0.0705796629190445,-0.5206401348114014,0.10236847400665283,-0.2541945278644562,-0.654552161693573,-0.7120018601417542,0.7606076002120972,-0.5900108814239502,0.27085697650909426,-0.5973787903785706,-0.47270360589027407,0.6478347778320313],"EasingStyle":"Constant","EasingDirection":"In"},"Head":{"Weight":1,"CFrame":[8.742278367890322e-8,7.450580596923828e-9,-1.7881393432617188e-7,1,-6.478238390172919e-8,8.741441348547596e-8,6.356693660336532e-8,0.9999043941497803,0.01383338961750269,-8.830220110667142e-8,-0.01383338961750269,0.9999043941497803],"EasingStyle":"Constant","EasingDirection":"In"},"Right Leg":{"Weight":1,"CFrame":[0.023422088474035264,-0.2196742296218872,-0.15220755338668824,0.8547443151473999,-0.27285006642341616,-0.44154834747314455,0.05966920778155327,0.8966999053955078,-0.4385988116264343,0.5156081914901733,0.3485429286956787,0.7827298641204834],"EasingStyle":"Constant","EasingDirection":"In"},"Torso":{"Weight":1,"CFrame":[-2.5112343129272866e-18,0.08092300593852997,-0.13182425498962403,1,-1.0460394194435462e-19,-8.742277657347586e-8,-7.21266713021862e-10,0.9999659657478333,-0.00825032964348793,8.741979939941302e-8,0.00825032964348793,0.9999659657478333],"EasingStyle":"Constant","EasingDirection":"In"},"HumanoidRootPart":{"Weight":0,"CFrame":[0,0,0,1,0,0,0,1,0,0,0,1],"EasingStyle":"Linear","EasingDirection":"In"},"Left Arm":{"Weight":1,"CFrame":[0.07586485147476196,-0.5307766199111939,-0.05496084690093994,-0.42510756850242617,0.6587624549865723,0.6207379102706909,-0.7882573008537293,-0.6065206527709961,0.10384231805801392,0.44489774107933047,-0.4451570510864258,0.7771108746528626],"EasingStyle":"Constant","EasingDirection":"In"}}},{"Time":0.36666667461395266,"poses":{"Left Leg":{"Weight":1,"CFrame":[-0.37402012944221499,-0.07516801357269287,0.27460038661956789,0.7725274562835693,-0.41695138812065127,0.4789080321788788,0.551095724105835,0.8149091601371765,-0.17948982119560243,-0.31542810797691347,0.402584969997406,0.859319806098938],"EasingStyle":"Linear","EasingDirection":"In"},"Right Arm":{"Weight":1,"CFrame":[-0.02739729732275009,-0.6307225227355957,0.02559375762939453,0.07209018617868424,-0.8429153561592102,-0.5331947207450867,0.7912206649780273,-0.27715256810188296,0.5451206564903259,-0.6072668433189392,-0.46117255091667178,0.6469520330429077],"EasingStyle":"Linear","EasingDirection":"In"},"Head":{"Weight":1,"CFrame":[8.742278367890322e-8,1.30385160446167e-8,-1.1920928955078126e-7,1,-6.315035960824389e-8,8.742175339193636e-8,6.357227988473824e-8,0.999988317489624,-0.004834779538214207,-8.711540999684076e-8,0.004834779538214207,0.999988317489624],"EasingStyle":"Linear","EasingDirection":"In"},"Right Leg":{"Weight":1,"CFrame":[0.612557590007782,0.09747195243835449,0.16883814334869386,0.9475154280662537,0.1974814534187317,-0.25142696499824526,-0.2596886456012726,0.9341066479682922,-0.24496260285377503,0.18648411333560944,0.29739856719970705,0.9363641738891602],"EasingStyle":"Linear","EasingDirection":"In"},"Torso":{"Weight":1,"CFrame":[-2.5114642691375764e-18,0.08529578894376755,-0.3318808078765869,1,-8.233408789236477e-20,-8.742277657347586e-8,-2.434148160812555e-10,0.9999961256980896,-0.002784340875223279,8.742243551296269e-8,0.002784340875223279,0.9999961256980896],"EasingStyle":"Linear","EasingDirection":"In"},"HumanoidRootPart":{"Weight":0,"CFrame":[0,0,0,1,0,0,0,1,0,0,0,1],"EasingStyle":"Linear","EasingDirection":"In"},"Left Arm":{"Weight":1,"CFrame":[0.07946096360683441,-0.5805652141571045,0.022109031677246095,0.1728571653366089,0.8893438577651978,0.4233057200908661,-0.8846392035484314,-0.04877564683556557,0.4637179970741272,0.4330517649650574,-0.45462989807128909,0.778317391872406],"EasingStyle":"Linear","EasingDirection":"In"}}},{"Time":0.4000000059604645,"poses":{"Left Leg":{"Weight":1,"CFrame":[-0.8236536979675293,0.3568551540374756,0.02106189727783203,0.8950242400169373,-0.4443325102329254,0.03873269259929657,0.443315714597702,0.8957858681678772,0.03223278000950813,-0.04901828616857529,-0.011678313836455346,0.9987297058105469],"EasingStyle":"Linear","EasingDirection":"In"},"Right Arm":{"Weight":1,"CFrame":[-0.8267794847488403,-0.28059715032577517,0.26182377338409426,0.6610751748085022,-0.41884133219718935,0.6225364208221436,0.5472702980041504,0.836758553981781,-0.01818010024726391,-0.5132980346679688,0.35271400213241579,0.7823796272277832],"EasingStyle":"Linear","EasingDirection":"In"},"Head":{"Weight":1,"CFrame":[8.742278367890322e-8,1.1175870895385743e-8,-5.960464477539063e-8,1,-6.15184845287331e-8,8.739863943674209e-8,6.35554613381828e-8,0.9997239112854004,-0.023501265794038774,-8.592873257384781e-8,0.023501265794038774,0.9997239112854004],"EasingStyle":"Linear","EasingDirection":"In"},"Right Leg":{"Weight":1,"CFrame":[0.8236526250839233,0.3568512797355652,0.021061420440673829,0.8949167728424072,0.4445488452911377,-0.0387321375310421,-0.443532258272171,0.8956785798072815,0.032232921570539477,0.049020737409591678,-0.011666848324239254,0.9987296462059021],"EasingStyle":"Linear","EasingDirection":"In"},"Torso":{"Weight":1,"CFrame":[-4.4531599149037269e-18,0.0896686539053917,-0.5200397968292236,1,-1.1136267963316057e-19,-8.742277657347586e-8,2.3444443608688916e-10,0.9999964237213135,0.0026817317120730879,8.742246393467212e-8,-0.0026817317120730879,0.9999964237213135],"EasingStyle":"Linear","EasingDirection":"In"},"HumanoidRootPart":{"Weight":0,"CFrame":[0,0,0,1,0,0,0,1,0,0,0,1],"EasingStyle":"Linear","EasingDirection":"In"},"Left Arm":{"Weight":1,"CFrame":[0.8801941871643066,-0.2739996016025543,0.21670377254486085,0.6475799679756165,0.4405921697616577,-0.621706485748291,-0.5819382667541504,0.8126709461212158,-0.03023160621523857,0.4919228255748749,0.38137200474739077,0.7826667428016663],"EasingStyle":"Linear","EasingDirection":"In"}}},{"Time":0.4333333373069763,"poses":{"Left Leg":{"Weight":1,"CFrame":[-0.7549310326576233,0.26974529027938845,0.021504998207092286,0.9140148758888245,-0.4038808345794678,0.038172170519828799,0.40297549962997439,0.9147400259971619,0.029350565746426584,-0.046771783381700519,-0.011444423347711563,0.9988400340080261],"EasingStyle":"Linear","EasingDirection":"In"},"Right Arm":{"Weight":1,"CFrame":[-0.8267042636871338,-0.23277166485786439,0.26182377338409426,0.66145920753479,-0.41397467255592348,0.6253772974014282,0.5354446768760681,0.8445389270782471,-0.007286945823580027,-0.5251389145851135,0.33967486023902895,0.7802884578704834],"EasingStyle":"Linear","EasingDirection":"In"},"Head":{"Weight":1,"CFrame":[8.742279788975793e-8,-9.313225746154786e-10,2.384185791015625e-7,1,-6.263767460268355e-8,8.741777435261611e-8,6.356939508123105e-8,0.9999427795410156,-0.010699190199375153,-8.674259532881479e-8,0.010699190199375153,0.9999427795410156],"EasingStyle":"Linear","EasingDirection":"In"},"Right Leg":{"Weight":1,"CFrame":[0.7549310326576233,0.2697451114654541,0.021504759788513185,0.9139174818992615,0.40410116314888,-0.03817153349518776,-0.4031960666179657,0.914642870426178,0.02935074269771576,0.04677407070994377,-0.011433616280555725,0.9988400936126709],"EasingStyle":"Linear","EasingDirection":"In"},"Torso":{"Weight":1,"CFrame":[-4.4531599149037269e-18,0.0896686539053917,-0.4019756317138672,1,-1.1136267963316057e-19,-8.742277657347586e-8,2.3444443608688916e-10,0.9999964237213135,0.0026817317120730879,8.742246393467212e-8,-0.0026817317120730879,0.9999964237213135],"EasingStyle":"Linear","EasingDirection":"In"},"HumanoidRootPart":{"Weight":0,"CFrame":[0,0,0,1,0,0,0,1,0,0,0,1],"EasingStyle":"Linear","EasingDirection":"In"},"Left Arm":{"Weight":1,"CFrame":[0.8801178336143494,-0.21186724305152894,0.2158982753753662,0.648093044757843,0.4350256025791168,-0.6250826716423035,-0.5689146518707275,0.8222073316574097,-0.017643261700868608,0.5062722563743591,0.36705300211906435,0.7803590893745422],"EasingStyle":"Linear","EasingDirection":"In"}}},{"Time":0.46666666865348818,"poses":{"Left Leg":{"Weight":1,"CFrame":[-0.7255408763885498,0.24268782138824464,0.021247029304504396,0.9214694499969482,-0.38658708333969118,0.03800695016980171,0.38570958375930788,0.9221798777580261,0.02850126475095749,-0.04606752097606659,-0.011603417806327343,0.9988709688186646],"EasingStyle":"Linear","EasingDirection":"In"},"Right Arm":{"Weight":1,"CFrame":[-0.826612114906311,-0.20409855246543885,0.26182377338409426,0.6610220074653626,-0.4188072085380554,0.6226158738136292,0.5274235010147095,0.8495249152183533,0.011481446214020253,-0.5337361693382263,0.32079267501831057,0.7824433445930481],"EasingStyle":"Linear","EasingDirection":"In"},"Head":{"Weight":1,"CFrame":[8.742281210061265e-8,5.587935447692871e-9,2.384185791015625e-7,1,-6.301078059323118e-8,8.742096468949967e-8,6.357171145054963e-8,0.9999793171882629,-0.006431299727410078,-8.701391607246478e-8,0.006431299727410078,0.9999793171882629],"EasingStyle":"Linear","EasingDirection":"In"},"Right Leg":{"Weight":1,"CFrame":[0.7255409955978394,0.2426878809928894,0.021246790885925294,0.92137610912323,0.38680946826934817,-0.03800620138645172,-0.38593214750289919,0.9220868349075317,0.028501493856310846,0.04606973007321358,-0.011592792347073555,0.9988710284233093],"EasingStyle":"Linear","EasingDirection":"In"},"Torso":{"Weight":1,"CFrame":[-4.4531599149037269e-18,0.0896686539053917,-0.36262083053588869,1,-1.1136267963316057e-19,-8.742277657347586e-8,2.3444443608688916e-10,0.9999964237213135,0.0026817317120730879,8.742246393467212e-8,-0.0026817317120730879,0.9999964237213135],"EasingStyle":"Linear","EasingDirection":"In"},"HumanoidRootPart":{"Weight":0,"CFrame":[0,0,0,1,0,0,0,1,0,0,0,1],"EasingStyle":"Linear","EasingDirection":"In"},"Left Arm":{"Weight":1,"CFrame":[0.8799989819526672,-0.20117917656898499,0.21462500095367433,0.6475216150283814,0.4405501186847687,-0.6217970252037048,-0.5601547956466675,0.8283802270889282,0.0035872331354767086,0.5166646838188171,0.34597963094711306,0.783170223236084],"EasingStyle":"Linear","EasingDirection":"In"}}},{"Time":0.5,"poses":{"Left Leg":{"Weight":1,"CFrame":[-0.7067620754241943,0.22731083631515504,0.02100503444671631,0.9260309338569641,-0.3755384385585785,0.03791497275233269,0.3746752440929413,0.9267323613166809,0.028028856962919236,-0.045662976801395419,-0.011749775148928166,0.9988878965377808],"EasingStyle":"Linear","EasingDirection":"In"},"Right Arm":{"Weight":1,"CFrame":[-0.8265959024429321,-0.196275532245636,0.26182377338409426,0.6613229513168335,-0.414249449968338,0.6253393292427063,0.517909824848175,0.8552281856536865,0.018825151026248933,-0.5426061153411865,0.3114197850227356,0.7801259160041809],"EasingStyle":"Linear","EasingDirection":"In"},"Head":{"Weight":1,"CFrame":[8.742278367890322e-8,3.725290298461914e-9,-5.960464477539063e-8,1,-6.32281498269549e-8,8.742210155787689e-8,6.357253568012311e-8,0.999992311000824,-0.003944985568523407,-8.717198340946197e-8,0.003944985568523407,0.999992311000824],"EasingStyle":"Linear","EasingDirection":"In"},"Right Leg":{"Weight":1,"CFrame":[0.7067621350288391,0.22731077671051026,0.021004796028137208,0.9259404540061951,0.3757617473602295,-0.03791433945298195,-0.37489885091781618,0.9266418814659119,0.028029052540659906,0.04566533491015434,-0.011739211156964302,0.998887836933136],"EasingStyle":"Linear","EasingDirection":"In"},"Torso":{"Weight":1,"CFrame":[-4.4531599149037269e-18,0.0896686539053917,-0.339693546295166,1,-1.1136267963316057e-19,-8.742277657347586e-8,2.3444443608688916e-10,0.9999964237213135,0.0026817317120730879,8.742246393467212e-8,-0.0026817317120730879,0.9999964237213135],"EasingStyle":"Linear","EasingDirection":"In"},"HumanoidRootPart":{"Weight":0,"CFrame":[0,0,0,1,0,0,0,1,0,0,0,1],"EasingStyle":"Linear","EasingDirection":"In"},"Left Arm":{"Weight":1,"CFrame":[0.8799579739570618,-0.19013923406600953,0.2140674591064453,0.647922694683075,0.4353412687778473,-0.6250394582748413,-0.549586832523346,0.8353487849235535,0.012114372104406357,0.5273998379707336,0.3356640934944153,0.7804992198944092],"EasingStyle":"Linear","EasingDirection":"In"}}},{"Time":0.5333333611488342,"poses":{"Left Leg":{"Weight":1,"CFrame":[-0.6960192918777466,0.21907013654708863,0.02084481716156006,0.9285709857940674,-0.369218111038208,0.037866394966840747,0.368362158536911,0.9292672872543335,0.0277787446975708,-0.04544445127248764,-0.01184597797691822,0.9988967180252075],"EasingStyle":"Linear","EasingDirection":"In"},"Right Arm":{"Weight":1,"CFrame":[-0.8265946507453919,-0.20059093832969666,0.26182377338409426,0.6615676283836365,-0.4090442657470703,0.6284991502761841,0.5054199695587158,0.8623777031898499,0.02924603410065174,-0.5539665222167969,0.2983075976371765,0.7772602438926697],"EasingStyle":"Linear","EasingDirection":"In"},"Head":{"Weight":1,"CFrame":[8.742278367890322e-8,4.6566128730773929e-9,-5.960464477539063e-8,1,-6.334619939707409e-8,8.74224852509542e-8,6.357281279179006e-8,0.9999966621398926,-0.0025945899542421104,-8.725783118279651e-8,0.0025945899542421104,0.9999966621398926],"EasingStyle":"Linear","EasingDirection":"In"},"Right Leg":{"Weight":1,"CFrame":[0.6960194110870361,0.2190701961517334,0.020844578742980958,0.9284819960594177,0.3694422245025635,-0.03786563128232956,-0.3685864508152008,0.9291784167289734,0.027778973802924157,0.04544671252369881,-0.01183550339192152,0.9988966584205627],"EasingStyle":"Linear","EasingDirection":"In"},"Torso":{"Weight":1,"CFrame":[-4.4531599149037269e-18,0.0896686539053917,-0.3272416591644287,1,-1.1136267963316057e-19,-8.742277657347586e-8,2.3444443608688916e-10,0.9999964237213135,0.0026817317120730879,8.742246393467212e-8,-0.0026817317120730879,0.9999964237213135],"EasingStyle":"Linear","EasingDirection":"In"},"HumanoidRootPart":{"Weight":0,"CFrame":[0,0,0,1,0,0,0,1,0,0,0,1],"EasingStyle":"Linear","EasingDirection":"In"},"Left Arm":{"Weight":1,"CFrame":[0.8799548149108887,-0.17627987265586854,0.21328318119049073,0.6482487916946411,0.42939531803131106,-0.6288030743598938,-0.5356765985488892,0.8440776467323303,0.024159006774425508,0.5411322712898254,0.32117390632629397,0.777189314365387],"EasingStyle":"Linear","EasingDirection":"In"}}},{"Time":0.5666666626930237,"poses":{"Left Leg":{"Weight":1,"CFrame":[-0.6925057768821716,0.21645492315292359,0.020789384841918947,0.9293909668922424,-0.36715105175971987,0.03785104677081108,0.3662972152233124,0.9300855398178101,0.027699872851371766,-0.04537476599216461,-0.011879269033670426,0.9988994002342224],"EasingStyle":"Constant","EasingDirection":"In"},"Right Arm":{"Weight":1,"CFrame":[-0.8265784382820129,-0.2055944800376892,0.26182377338409426,0.6609187126159668,-0.41875267028808596,0.622762143611908,0.4889153838157654,0.8698299527168274,0.06601278483867645,-0.5693401098251343,0.2608487904071808,0.7796214818954468],"EasingStyle":"Constant","EasingDirection":"In"},"Head":{"Weight":1,"CFrame":[8.742279788975793e-8,4.6566128730773929e-9,-5.960464477539063e-8,1,-6.338389368920616e-8,8.742257762150985e-8,6.357287674063628e-8,0.9999976754188538,-0.0021634113509207966,-8.728524392154213e-8,0.0021634113509207966,0.9999976754188538],"EasingStyle":"Constant","EasingDirection":"In"},"Right Leg":{"Weight":1,"CFrame":[0.6925058960914612,0.21645498275756837,0.020789027214050294,0.9293022751808167,0.3673751652240753,-0.03785031661391258,-0.3665216863155365,0.9299971461296082,0.027700044214725496,0.045377038419246677,-0.011868822388350964,0.9988994598388672],"EasingStyle":"Constant","EasingDirection":"In"},"Torso":{"Weight":1,"CFrame":[-4.4531599149037269e-18,0.0896686539053917,-0.32326602935791018,1,-1.1136267963316057e-19,-8.742277657347586e-8,2.3444443608688916e-10,0.9999964237213135,0.0026817317120730879,8.742246393467212e-8,-0.0026817317120730879,0.9999964237213135],"EasingStyle":"Constant","EasingDirection":"In"},"HumanoidRootPart":{"Weight":0,"CFrame":[0,0,0,1,0,0,0,1,0,0,0,1],"EasingStyle":"Linear","EasingDirection":"In"},"Left Arm":{"Weight":1,"CFrame":[0.879913866519928,-0.16946783661842347,0.21079802513122559,0.6474066972732544,0.44048330187797549,-0.6219640374183655,-0.5173361897468567,0.8532500863075256,0.06578434258699417,0.5596676468849182,0.27917516231536868,0.7802777290344238],"EasingStyle":"Constant","EasingDirection":"In"}}},{"Time":0.6000000238418579,"poses":{"Left Leg":{"Weight":1,"CFrame":[-0.6925057768821716,0.21645492315292359,0.020789384841918947,0.9293909668922424,-0.36715105175971987,0.03785104677081108,0.3662972152233124,0.9300855398178101,0.027699872851371766,-0.04537476599216461,-0.011879269033670426,0.9988994002342224],"EasingStyle":"Linear","EasingDirection":"In"},"Right Arm":{"Weight":1,"CFrame":[-0.524888813495636,-0.31661975383758547,0.20416808128356934,0.3080892264842987,-0.9395002722740173,0.14973439276218415,0.8447314500808716,0.34254834055900576,0.41120514273643496,-0.43761858344078066,-0.00020266052160877734,0.8991606831550598],"EasingStyle":"Linear","EasingDirection":"In"},"Head":{"Weight":1,"CFrame":[8.742279788975793e-8,4.6566128730773929e-9,-5.960464477539063e-8,1,-6.338389368920616e-8,8.742257762150985e-8,6.357287674063628e-8,0.9999976754188538,-0.0021634113509207966,-8.728524392154213e-8,0.0021634113509207966,0.9999976754188538],"EasingStyle":"Linear","EasingDirection":"In"},"Right Leg":{"Weight":1,"CFrame":[0.6925058960914612,0.21645498275756837,0.020789027214050294,0.9293022751808167,0.3673751652240753,-0.03785031661391258,-0.3665216863155365,0.9299971461296082,0.027700044214725496,0.045377038419246677,-0.011868822388350964,0.9988994598388672],"EasingStyle":"Linear","EasingDirection":"In"},"Torso":{"Weight":1,"CFrame":[-4.4531599149037269e-18,0.0896686539053917,-0.32326602935791018,1,-1.1136267963316057e-19,-8.742277657347586e-8,2.3444443608688916e-10,0.9999964237213135,0.0026817317120730879,8.742246393467212e-8,-0.0026817317120730879,0.9999964237213135],"EasingStyle":"Linear","EasingDirection":"In"},"HumanoidRootPart":{"Weight":0,"CFrame":[0,0,0,1,0,0,0,1,0,0,0,1],"EasingStyle":"Linear","EasingDirection":"In"},"Left Arm":{"Weight":1,"CFrame":[0.5191844701766968,-0.2889673113822937,0.16463279724121095,0.35871177911758425,0.9282904863357544,-0.0979938954114914,-0.7939448952674866,0.35862505435943606,0.4909577965736389,0.4908944368362427,-0.09831064194440842,0.8656545281410217],"EasingStyle":"Linear","EasingDirection":"In"}}},{"Time":0.6333333253860474,"poses":{"Left Leg":{"Weight":1,"CFrame":[-0.47293248772621157,0.019538581371307374,0.1106719970703125,0.9592172503471375,-0.11665908992290497,0.2574743628501892,0.17709529399871827,0.9579592347145081,-0.2257242649793625,-0.22031721472740174,0.2621161639690399,0.9395506978034973],"EasingStyle":"Linear","EasingDirection":"In"},"Right Arm":{"Weight":1,"CFrame":[-0.1666005551815033,-0.4268975257873535,0.08794856071472168,-0.2778875529766083,-0.815425455570221,-0.507798969745636,0.8529094457626343,-0.45264437794685366,0.2601124942302704,-0.44195476174354555,-0.3608245551586151,0.8212683796882629],"EasingStyle":"Linear","EasingDirection":"In"},"Head":{"Weight":1,"CFrame":[8.74227694680485e-8,-4.6566128730773929e-9,-1.1920928955078126e-7,1,-6.46933102643743e-8,8.741560009184468e-8,6.356780346550295e-8,0.9999179840087891,0.012814502231776715,-8.823742803087953e-8,-0.012814502231776715,0.9999179840087891],"EasingStyle":"Linear","EasingDirection":"In"},"Right Leg":{"Wei