{"Sequence":[{"Time":0,"poses":{"Left Leg":{"Weight":1,"CFrame":[-0.46434974670410159,0.42303282022476199,0.05326366424560547,0.9787487983703613,0.20433831214904786,0.017227232456207277,-0.20164908468723298,0.9743170738220215,-0.10022003203630448,-0.03726360574364662,0.09461639076471329,0.9948161840438843],"EasingStyle":"Linear","EasingDirection":"In"},"Right Arm":{"Weight":1,"CFrame":[0.11004023998975754,0.017338275909423829,-0.013755500316619873,-0.9408115148544312,0.3246012032032013,-0.09750766307115555,-0.3378869593143463,-0.9208189249038696,0.19474349915981294,-0.0265729408711195,0.21616339683532716,0.9759954810142517],"EasingStyle":"Linear","EasingDirection":"In"},"Left Arm":{"Weight":1,"CFrame":[-0.1519881635904312,0.016586482524871827,0.050653696060180667,-0.9668974876403809,-0.23795637488365174,-0.09212028980255127,0.22331713140010835,-0.9638016819953919,0.14565671980381013,-0.12344564497470856,0.12026295065879822,0.985037088394165],"EasingStyle":"Linear","EasingDirection":"In"},"Head":{"Weight":1,"CFrame":[1.0058283805847168e-7,-1.5459954738616944e-7,-2.980232238769531e-7,0.9952484369277954,0.09486545622348786,-0.021935051307082177,-0.09611500799655914,0.9932129383087158,-0.06549730896949768,0.015572724863886834,0.06729438900947571,0.9976116418838501],"EasingStyle":"Linear","EasingDirection":"In"},"Torso":{"Weight":1,"CFrame":[0.32561415433883669,-0.11592060327529907,-0.4878373146057129,0.9831592440605164,-0.12294149398803711,-0.13521598279476167,0.08450566977262497,0.961872935295105,-0.2601139545440674,0.1620393991470337,0.24430690705776215,0.9560635089874268],"EasingStyle":"Linear","EasingDirection":"In"},"HumanoidRootPart":{"Weight":1,"CFrame":[0,0,0,1,0,0,0,1,0,0,0,1],"EasingStyle":"Linear","EasingDirection":"In"},"Right Leg":{"Weight":1,"CFrame":[0.40315547585487368,0.7126750349998474,-0.019652187824249269,0.967742919921875,-0.2108636200428009,-0.13787806034088136,0.22728213667869569,0.9668166637420654,0.11665575206279755,0.10870441049337387,-0.14423002302646638,0.9835553765296936],"EasingStyle":"Linear","EasingDirection":"In"}}},{"Time":0.03333333507180214,"poses":{"Left Leg":{"Weight":1,"CFrame":[-0.4611216187477112,0.35182422399520876,0.07561159133911133,0.9904225468635559,0.10072064399719238,0.09443819522857666,-0.0934264063835144,0.9925090074539185,-0.07872399687767029,-0.10165992379188538,0.0691470056772232,0.9924132227897644],"EasingStyle":"Linear","EasingDirection":"In"},"Right Arm":{"Weight":1,"CFrame":[0.11030741780996323,0.01265019178390503,-0.016194164752960206,-0.9929837584495544,0.10282135754823685,-0.05840431526303291,-0.1093234047293663,-0.9864946603775024,0.12196982651948929,-0.04507444053888321,0.12749889492988587,0.9908140301704407],"EasingStyle":"Linear","EasingDirection":"In"},"Left Arm":{"Weight":1,"CFrame":[-0.143628790974617,-0.006996721029281616,0.06891357898712158,-0.9679381251335144,-0.07177689671516419,-0.24071580171585084,0.024986550211906434,-0.9810647964477539,0.19206184148788453,-0.2499433308839798,0.17988915741443635,0.9514033198356628],"EasingStyle":"Linear","EasingDirection":"In"},"Head":{"Weight":1,"CFrame":[6.542541086673737e-8,-4.423782229423523e-8,0,0.9992959499359131,0.03192249685525894,-0.019714416936039926,-0.033448707312345508,0.9960152506828308,-0.0826735645532608,0.01699671521782875,0.08327477425336838,0.9963817596435547],"EasingStyle":"Linear","EasingDirection":"In"},"Torso":{"Weight":1,"CFrame":[0.2919962704181671,-0.09689867496490479,-0.42366528511047366,0.9882221817970276,-0.018889833241701127,-0.15185558795928956,-0.0123587716370821,0.9792580604553223,-0.2022397518157959,0.15252608060836793,0.2017345428466797,0.967491090297699],"EasingStyle":"Linear","EasingDirection":"In"},"HumanoidRootPart":{"Weight":1,"CFrame":[0,0,0,1,0,0,0,1,0,0,0,1],"EasingStyle":"Linear","EasingDirection":"In"},"Right Leg":{"Weight":1,"CFrame":[0.44800856709480288,0.6095941066741943,0.0319141149520874,0.9803639650344849,-0.14615832269191743,-0.13237911462783814,0.1543571799993515,0.9865440130233765,0.053895581513643268,0.12272059172391892,-0.07327096909284592,0.9897328615188599],"EasingStyle":"Linear","EasingDirection":"In"}}},{"Time":0.06666667014360428,"poses":{"Left Leg":{"Weight":1,"CFrame":[-0.38297611474990847,0.1863451600074768,0.06983804702758789,0.9875594973564148,-0.02671152725815773,0.1549610048532486,0.0299837626516819,0.999373197555542,-0.018817538395524026,-0.1543612778186798,0.023229802027344705,0.9877414107322693],"EasingStyle":"Linear","EasingDirection":"In"},"Right Arm":{"Weight":1,"CFrame":[0.11087637394666672,0.00006073713302612305,-0.02266770601272583,-0.8547513484954834,-0.5167357921600342,-0.04882992431521416,0.5189199447631836,-0.8487633466720581,-0.10160168260335922,0.011056161485612393,-0.11218303442001343,0.9936261177062988],"EasingStyle":"Linear","EasingDirection":"In"},"Left Arm":{"Weight":1,"CFrame":[-0.12715455889701844,-0.06323438882827759,0.10487067699432373,-0.7797957062721252,0.35981762409210207,-0.5122989416122437,-0.5141099691390991,-0.8350124955177307,0.1960742324590683,-0.3572249710559845,0.41627568006515505,0.836124837398529],"EasingStyle":"Linear","EasingDirection":"In"},"Head":{"Weight":1,"CFrame":[6.146728992462158e-8,2.1886080503463746e-8,-1.1920928955078126e-7,0.9985842108726502,-0.05080451816320419,-0.015766721218824388,0.049093492329120639,0.9943058490753174,-0.09458217024803162,0.02048216015100479,0.09367416799068451,0.9953922033309937],"EasingStyle":"Linear","EasingDirection":"In"},"Torso":{"Weight":1,"CFrame":[0.2417805790901184,-0.07413384318351746,-0.2787609100341797,0.9858365654945374,0.07806487381458283,-0.14843250811100007,-0.09243029356002808,0.9914156794548035,-0.09247595816850662,0.13993917405605317,0.10488585382699967,0.9845892786979675],"EasingStyle":"Linear","EasingDirection":"In"},"HumanoidRootPart":{"Weight":1,"CFrame":[0,0,0,1,0,0,0,1,0,0,0,1],"EasingStyle":"Linear","EasingDirection":"In"},"Right Leg":{"Weight":1,"CFrame":[0.5996733903884888,0.5335601568222046,0.07137930393218994,0.9863191843032837,0.10586459189653397,-0.12636171281337739,-0.10455389320850373,0.9943742752075195,0.01697939820587635,0.12744837999343873,-0.003535616211593151,0.9918389916419983],"EasingStyle":"Linear","EasingDirection":"In"}}},{"Time":0.10000000149011612,"poses":{"Left Leg":{"Weight":1,"CFrame":[0.08811255544424057,0.022597968578338624,-0.008323848247528077,0.9802144765853882,0.07044936716556549,0.184977188706398,-0.0799621120095253,0.9958054423332214,0.04447111487388611,-0.18106836080551148,-0.058382388204336169,0.9817361235618591],"EasingStyle":"Linear","EasingDirection":"In"},"Right Arm":{"Weight":1,"CFrame":[0.11139790713787079,-0.01821613311767578,-0.031911611557006839,-0.24174714088439942,-0.9471173286437988,-0.2110142856836319,0.9439117312431336,-0.17912781238555909,-0.2773878574371338,0.22492024302482606,-0.2662365436553955,0.9372988343238831],"EasingStyle":"Linear","EasingDirection":"In"},"Left Arm":{"Weight":1,"CFrame":[-0.10550865530967713,-0.13035604357719422,0.14602744579315186,-0.17980434000492097,0.6447321772575378,-0.7429608702659607,-0.9580488801002502,-0.2861328721046448,-0.016444554552435876,-0.22318783402442933,0.7088359594345093,0.6691328883171082],"EasingStyle":"Linear","EasingDirection":"In"},"Head":{"Weight":1,"CFrame":[1.6205012798309327e-7,-1.30385160446167e-8,-5.960464477539063e-8,0.9902485013008118,-0.13890458643436433,-0.010657024569809437,0.1371157020330429,0.9853076934814453,-0.10182362049818039,0.024644216522574426,0.09936942905187607,0.9947454333305359],"EasingStyle":"Linear","EasingDirection":"In"},"Torso":{"Weight":1,"CFrame":[0.18031364679336549,-0.07162891328334809,-0.11696028709411621,0.980156660079956,0.1468043029308319,-0.13319717347621919,-0.14709626138210298,0.989092230796814,0.007699934765696526,0.13287466764450074,0.012045664712786675,0.9910596609115601],"EasingStyle":"Linear","EasingDirection":"In"},"HumanoidRootPart":{"Weight":1,"CFrame":[0,0,0,1,0,0,0,1,0,0,0,1],"EasingStyle":"Linear","EasingDirection":"In"},"Right Leg":{"Weight":1,"CFrame":[0.7533488273620606,0.4011915326118469,0.08729517459869385,0.9142525792121887,0.3863808512687683,-0.121869295835495,-0.3866327702999115,0.9219582676887512,0.02254081889986992,0.12106779962778092,0.026510635390877725,0.9922902584075928],"EasingStyle":"Linear","EasingDirection":"In"}}},{"Time":0.13333334028720857,"poses":{"Left Leg":{"Weight":1,"CFrame":[0.0909782350063324,0.04819381237030029,-0.010693609714508057,0.9796200394630432,-0.06259091943502426,0.19085867702960969,0.04467292129993439,0.9943025708198547,0.09678249061107636,-0.19582897424697877,-0.0862838625907898,0.976834774017334],"EasingStyle":"Linear","EasingDirection":"In"},"Right Arm":{"Weight":1,"CFrame":[0.11162588745355606,-0.03996846079826355,-0.04266178607940674,0.33114883303642275,-0.8518543839454651,-0.4058134853839874,0.8520365953445435,0.454748272895813,-0.2593023478984833,0.4054308235645294,-0.25990039110183718,0.8764004707336426],"EasingStyle":"Linear","EasingDirection":"In"},"Left Arm":{"Weight":1,"CFrame":[-0.08163394033908844,-0.1865934431552887,0.17988598346710206,0.33743634819984438,0.5490661263465881,-0.7646327614784241,-0.941127598285675,0.21436429023742677,-0.26139411330223086,0.020387334749102594,0.8078207969665527,0.5890753865242004],"EasingStyle":"Linear","EasingDirection":"In"},"Head":{"Weight":1,"CFrame":[4.505272954702377e-8,-1.955777406692505e-8,-1.1920928955078126e-7,0.9760771989822388,-0.21736197173595429,-0.005217753816395998,0.21562445163726808,0.9707987904548645,-0.10514764487743378,0.02792048454284668,0.10150714218616486,0.9944429993629456],"EasingStyle":"Linear","EasingDirection":"In"},"Torso":{"Weight":1,"CFrame":[0.10968983173370362,-0.08404310047626496,0.013605833053588868,0.974570631980896,0.19020524621009828,-0.11846549063920975,-0.18242338299751283,0.9804697632789612,0.07348993420600891,0.13013000786304475,-0.050010260194540027,0.990234911441803],"EasingStyle":"Linear","EasingDirection":"In"},"HumanoidRootPart":{"Weight":1,"CFrame":[0,0,0,1,0,0,0,1,0,0,0,1],"EasingStyle":"Linear","EasingDirection":"In"},"Right Leg":{"Weight":1,"CFrame":[0.8452596664428711,0.2624450922012329,0.08339488506317139,0.8043091893196106,0.5838261246681213,-0.11060670018196106,-0.5815072059631348,0.8116414546966553,0.055565811693668368,0.12221383303403855,0.019626399502158166,0.9923097491264343],"EasingStyle":"Linear","EasingDirection":"In"}}},{"Time":0.1666666716337204,"poses":{"Left Leg":{"Weight":1,"CFrame":[0.0865776389837265,0.06819838285446167,-0.012276649475097657,0.9758626222610474,-0.12055911123752594,0.18209277093410493,0.09617988020181656,0.9858535528182983,0.13726674020290376,-0.19606557488441468,-0.11643978953361511,0.9736530184745789],"EasingStyle":"Linear","EasingDirection":"In"},"Right Arm":{"Weight":1,"CFrame":[0.11172676086425781,-0.0629827082157135,-0.05365395545959473,0.7029771208763123,-0.3635013699531555,-0.6113017797470093,0.39318743348121645,0.9148587584495544,-0.09185413271188736,0.5926439166069031,-0.1757849007844925,0.786048948764801],"EasingStyle":"Linear","EasingDirection":"In"},"Left Arm":{"Weight":1,"CFrame":[-0.058473408222198489,-0.21017754077911378,0.19394934177398683,0.4965633153915405,0.45503920316696169,-0.7391647696495056,-0.8598847985267639,0.37406179308891299,-0.34738457202911379,0.11841967701911926,0.8080946803092957,0.5770264863967896],"EasingStyle":"Linear","EasingDirection":"In"},"Head":{"Weight":1,"CFrame":[9.138602763414383e-8,-2.0954757928848268e-8,-1.1920928955078126e-7,0.9623368978500366,-0.2718595266342163,-0.00021855163504369557,0.2703181207180023,0.9569653272628784,-0.10557231307029724,0.028909971937537195,0.1015370562672615,0.9944117069244385],"EasingStyle":"Linear","EasingDirection":"In"},"Torso":{"Weight":1,"CFrame":[0.03601193428039551,-0.09182894229888916,0.06759214401245117,0.9696863293647766,0.21740905940532685,-0.11154240369796753,-0.20699366927146913,0.9734362363815308,0.09785445034503937,0.12985387444496156,-0.07179956138134003,0.9889301657676697],"EasingStyle":"Linear","EasingDirection":"In"},"HumanoidRootPart":{"Weight":1,"CFrame":[0,0,0,1,0,0,0,1,0,0,0,1],"EasingStyle":"Linear","EasingDirection":"In"},"Right Leg":{"Weight":1,"CFrame":[0.8766390085220337,0.224886953830719,0.06549358367919922,0.7559167742729187,0.647838830947876,-0.09431261569261551,-0.6402023434638977,0.7616198062896729,0.10038064420223236,0.13686081767082215,-0.01550024002790451,0.9904690384864807],"EasingStyle":"Linear","EasingDirection":"In"}}},{"Time":0.20000000298023225,"poses":{"Left Leg":{"Weight":1,"CFrame":[0.08256730437278748,0.08206111192703247,-0.013718962669372559,0.9769565463066101,-0.1235431581735611,0.17404931783676148,0.09475626051425934,0.9817354083061218,0.16497570276260377,-0.1912519931793213,-0.14468185603618623,0.9708192348480225],"EasingStyle":"Linear","EasingDirection":"In"},"Right Arm":{"Weight":1,"CFrame":[0.11197008192539215,-0.08504560589790344,-0.06362372636795044,0.6885534524917603,0.17627927660942079,-0.7034343481063843,-0.06044916808605194,0.9805818796157837,0.18656130135059358,0.7226618528366089,-0.08593539893627167,0.6858389377593994],"EasingStyle":"Linear","EasingDirection":"In"},"Left Arm":{"Weight":1,"CFrame":[-0.03852669894695282,-0.16702339053153993,0.17082691192626954,0.3247540295124054,0.5883654952049255,-0.7405140995979309,-0.9447909593582153,0.2379390001296997,-0.22528880834579469,0.043645087629556659,0.7727943658828735,0.6331539750099182],"EasingStyle":"Linear","EasingDirection":"In"},"Head":{"Weight":1,"CFrame":[9.534414857625961e-8,-1.257285475730896e-8,-7.748603820800781e-7,0.9531723856925964,-0.3018992841243744,0.017865050584077836,0.3021577298641205,0.9481650590896606,-0.0984058603644371,0.012769630178809166,0.09919580817222595,0.9949860572814941],"EasingStyle":"Linear","EasingDirection":"In"},"Torso":{"Weight":1,"CFrame":[-0.03497278690338135,-0.0766230970621109,0.014357328414916993,0.9629472494125366,0.24308139085769654,-0.1168079823255539,-0.23446732759475709,0.9685943722724915,0.08276496082544327,0.1332581788301468,-0.05231063812971115,0.9896999001502991],"EasingStyle":"Linear","EasingDirection":"In"},"HumanoidRootPart":{"Weight":1,"CFrame":[0,0,0,1,0,0,0,1,0,0,0,1],"EasingStyle":"Linear","EasingDirection":"In"},"Right Leg":{"Weight":1,"CFrame":[0.8783954977989197,0.3231053948402405,0.01176750659942627,0.8046876192092896,0.5902276039123535,-0.06410172581672669,-0.5751942992210388,0.8017960786819458,0.1620948165655136,0.14706943929195405,-0.09356479346752167,0.9846910238265991],"EasingStyle":"Linear","EasingDirection":"In"}}},{"Time":0.23333333432674409,"poses":{"Left Leg":{"Weight":1,"CFrame":[0.08801131695508957,0.09129875898361206,-0.016327738761901857,0.9771577715873718,-0.10489100962877274,0.18482592701911927,0.07059749215841294,0.9805334210395813,0.18322214484214784,-0.20044636726379395,-0.16598865389823914,0.9655408263206482],"EasingStyle":"Linear","EasingDirection":"In"},"Right Arm":{"Weight":1,"CFrame":[0.11253286153078079,-0.10424485802650452,-0.07154953479766846,0.7916226387023926,0.1916695535182953,-0.5801694393157959,-0.1337933987379074,0.9808571934700012,0.1414870172739029,0.5961819887161255,-0.03438152000308037,0.8021128177642822],"EasingStyle":"Linear","EasingDirection":"In"},"Left Arm":{"Weight":1,"CFrame":[-0.02252011001110077,-0.06411617994308472,0.11568844318389893,-0.27791109681129458,0.7714961767196655,-0.5723277926445007,-0.956699550151825,-0.27597540616989138,0.09254050999879837,-0.08655376732349396,0.5732635855674744,0.8147866725921631],"EasingStyle":"Linear","EasingDirection":"In"},"Head":{"Weight":1,"CFrame":[9.69739630818367e-8,6.984919309616089e-9,1.1920928955078126e-7,0.9462913870811462,-0.31879594922065737,0.05386894941329956,0.3223365545272827,0.9431939721107483,-0.0805254578590393,-0.02513766475021839,0.09356444329023361,0.9952958226203919],"EasingStyle":"Linear","EasingDirection":"In"},"Torso":{"Weight":1,"CFrame":[-0.10445281863212586,-0.045756466686725619,-0.11366033554077149,0.9517028331756592,0.27631568908691409,-0.13383352756500245,-0.2734033763408661,0.9610658288002014,0.040040522813797,0.13968662917613984,-0.001516135293059051,0.9901946187019348],"EasingStyle":"Linear","EasingDirection":"In"},"HumanoidRootPart":{"Weight":1,"CFrame":[0,0,0,1,0,0,0,1,0,0,0,1],"EasingStyle":"Linear","EasingDirection":"In"},"Right Leg":{"Weight":1,"CFrame":[0.8431861996650696,0.4761497378349304,-0.08740234375,0.8936353921890259,0.4483669400215149,-0.019570818170905114,-0.43052738904953005,0.8687623143196106,0.24474121630191804,0.12673629820346833,-0.21028363704681397,0.9693909883499146],"EasingStyle":"Linear","EasingDirection":"In"}}},{"Time":0.2666666805744171,"poses":{"Left Leg":{"Weight":1,"CFrame":[-0.2297736257314682,0.11837786436080933,0.05166316032409668,0.9384075403213501,-0.26682475209236147,0.2195359468460083,0.2249034196138382,0.9540174007415772,0.19816488027572633,-0.26231643557548525,-0.13658510148525239,0.9552668333053589],"EasingStyle":"Linear","EasingDirection":"In"},"Right Arm":{"Weight":1,"CFrame":[0.11324514448642731,-0.11987832188606262,-0.07738053798675537,0.7982686161994934,0.16926153004169465,-0.5780293345451355,-0.11653655767440796,0.9849705100059509,0.12748487293720246,0.5909200310707092,-0.03440557047724724,0.8059961795806885],"EasingStyle":"Linear","EasingDirection":"In"},"Left Arm":{"Weight":1,"CFrame":[-0.010736510157585144,0.05870777368545532,0.04987800121307373,-0.9145721793174744,0.40106871724128725,-0.051977887749671939,-0.4026644825935364,-0.8910713195800781,0.2094116359949112,0.03767241910099983,0.21245166659355164,0.976445198059082],"EasingStyle":"Linear","EasingDirection":"In"},"Head":{"Weight":1,"CFrame":[9.406358003616333e-8,2.60770320892334e-8,0,0.940368115901947,-0.32675233483314516,0.09455631673336029,0.33274540305137637,0.9413375854492188,-0.05625048652291298,-0.07062944769859314,0.08435934782028198,0.9939291477203369],"EasingStyle":"Linear","EasingDirection":"In"},"Torso":{"Weight":1,"CFrame":[-0.17525345087051392,-0.0189339742064476,-0.269726037979126,0.9355617761611939,0.3143979609012604,-0.1608666479587555,-0.32208356261253359,0.9464201331138611,-0.023476101458072664,0.14486660063266755,0.07377583533525467,0.9866970181465149],"EasingStyle":"Linear","EasingDirection":"In"},"HumanoidRootPart":{"Weight":1,"CFrame":[0,0,0,1,0,0,0,1,0,0,0,1],"EasingStyle":"Linear","EasingDirection":"In"},"Right Leg":{"Weight":1,"CFrame":[0.7538771629333496,0.6148948669433594,-0.20244431495666505,0.9706549644470215,0.23971106112003327,0.019172413274645807,-0.23223048448562623,0.913687527179718,0.33353281021118166,0.06243402138352394,-0.3281976580619812,0.9425435662269592],"EasingStyle":"Linear","EasingDirection":"In"}}},{"Time":0.30000001192092898,"poses":{"Left Leg":{"Weight":1,"CFrame":[-0.4005451202392578,0.19850939512252809,0.10239744186401367,0.8978312611579895,-0.3479998707771301,0.26980581879615786,0.29624199867248537,0.9306886792182922,0.21461425721645356,-0.32579100131988528,-0.11275957524776459,0.9386935234069824],"EasingStyle":"Linear","EasingDirection":"In"},"Right Arm":{"Weight":1,"CFrame":[0.11393654346466065,-0.13154274225234986,-0.08130806684494019,0.81669020652771,0.15566833317279817,-0.5556837916374207,-0.11711922287940979,0.9876010417938232,0.10453425347805023,0.5650666356086731,-0.020290754735469819,0.8247959017753601],"EasingStyle":"Linear","EasingDirection":"In"},"Left Arm":{"Weight":1,"CFrame":[-0.0034590065479278566,0.16161447763442994,-0.00526052713394165,-0.9434229135513306,-0.14949555695056916,0.2959802448749542,0.15880124270915986,-0.9872820377349854,0.007509111426770687,0.2910933494567871,0.05408627167344093,0.9551645517349243],"EasingStyle":"Linear","EasingDirection":"In"},"Head":{"Weight":1,"CFrame":[-2.2351741790771486e-8,-8.940696716308594e-8,-5.960464477539063e-8,0.9355255365371704,-0.3296566605567932,0.12695884704589845,0.3358488380908966,0.9414284229278565,-0.030301621183753015,-0.10953355580568314,0.07098695635795593,0.9914450645446777],"EasingStyle":"Linear","EasingDirection":"In"},"Torso":{"Weight":1,"CFrame":[-0.24540185928344727,-0.007659345865249634,-0.40545201301574709,0.9177220463752747,0.34874966740608218,-0.19015757739543916,-0.37013280391693118,0.9245414733886719,-0.09069060534238816,0.1441802680492401,0.15361231565475465,0.9775558114051819],"EasingStyle":"Linear","EasingDirection":"In"},"HumanoidRootPart":{"Weight":1,"CFrame":[0,0,0,1,0,0,0,1,0,0,0,1],"EasingStyle":"Linear","EasingDirection":"In"},"Right Leg":{"Weight":1,"CFrame":[0.6405783891677856,0.6923121213912964,-0.2903827428817749,0.9988591074943543,0.024731498211622239,0.040852826088666919,-0.039280377328395846,0.9120003581047058,0.4083043038845062,-0.02715977095067501,-0.409443199634552,0.9119313359260559],"EasingStyle":"Linear","EasingDirection":"In"}}},{"Time":0.3333333432674408,"poses":{"Left Leg":{"Weight":1,"CFrame":[-0.42395609617233279,0.24529415369033814,0.11749887466430664,0.8806157112121582,-0.3640437424182892,0.30329540371894839,0.2978390157222748,0.9231095314025879,0.24322955310344697,-0.368521124124527,-0.12385870516300202,0.9213312864303589],"EasingStyle":"Linear","EasingDirection":"In"},"Right Arm":{"Weight":1,"CFrame":[0.11445948481559754,-0.13883641362190247,-0.08352410793304444,0.8253349661827087,0.14937035739421845,-0.5445280075073242,-0.11727944016456604,0.9886923432350159,0.09345047175884247,0.552329421043396,-0.013265950605273247,0.8335204124450684],"EasingStyle":"Linear","EasingDirection":"In"},"Left Arm":{"Weight":1,"CFrame":[-0.0009701848030090332,0.20476871728897096,-0.02838301658630371,-0.8644447326660156,-0.3368331789970398,0.373200923204422,0.32449033856391909,-0.940845787525177,-0.09754547476768494,0.3839810788631439,0.03677738457918167,0.9226082563400269],"EasingStyle":"Linear","EasingDirection":"In"},"Head":{"Weight":1,"CFrame":[4.470348358154297e-8,-2.2351741790771486e-8,-5.960464477539063e-8,0.9334703683853149,-0.33092400431632998,0.13828442990779878,0.3350740671157837,0.9421641826629639,-0.007209189236164093,-0.12790094316005708,0.053065069019794467,0.9903663396835327],"EasingStyle":"Linear","EasingDirection":"In"},"Torso":{"Weight":1,"CFrame":[-0.3021438717842102,-0.007556229829788208,-0.4639596939086914,0.9093658924102783,0.36450204253196719,-0.2004793882369995,-0.3927094042301178,0.9111748337745667,-0.12465843558311463,0.13723352551460267,0.19209027290344239,0.9717347025871277],"EasingStyle":"Linear","EasingDirection":"In"},"HumanoidRootPart":{"Weight":1,"CFrame":[0,0,0,1,0,0,0,1,0,0,0,1],"EasingStyle":"Linear","EasingDirection":"In"},"Right Leg":{"Weight":1,"CFrame":[0.5796604156494141,0.7042582035064697,-0.3265301585197449,0.9951696991920471,-0.08417031168937683,0.05052488297224045,0.0526847206056118,0.8921825885772705,0.4485917091369629,-0.08283548802137375,-0.44376304745674136,0.8923075795173645],"EasingStyle":"Linear","EasingDirection":"In"}}},{"Time":0.36666667461395266,"poses":{"Left Leg":{"Weight":1,"CFrame":[-0.3730357885360718,0.2410542368888855,0.09560132026672363,0.8873724341392517,-0.35127413272857668,0.2986246645450592,0.2667321562767029,0.9194390177726746,0.2889391779899597,-0.3760640323162079,-0.17674383521080018,0.9095810055732727],"EasingStyle":"Linear","EasingDirection":"In"},"Right Arm":{"Weight":1,"CFrame":[0.11466655135154724,-0.14135688543319703,-0.08422040939331055,0.8282139301300049,0.14727886021137238,-0.5407130718231201,-0.11730922013521195,0.9890353679656982,0.08970890194177628,0.5479966402053833,-0.010867439210414887,0.8364099860191345],"EasingStyle":"Linear","EasingDirection":"In"},"Left Arm":{"Weight":1,"CFrame":[-0.0029600858688354494,0.157758891582489,-0.012572944164276123,-0.9109960198402405,-0.1712169349193573,0.3751949071884155,0.16720786690711976,-0.9849621653556824,-0.04348781704902649,0.376998633146286,0.0231182798743248,0.9259253144264221],"EasingStyle":"Linear","EasingDirection":"In"},"Head":{"Weight":1,"CFrame":[1.0896474123001099e-7,-1.4901161193847657e-8,2.384185791015625e-7,0.9358603358268738,-0.3255254924297333,0.13490250706672669,0.32697272300720217,0.9449586868286133,0.01191490888595581,-0.1313558965921402,0.03295878693461418,0.9907873272895813],"EasingStyle":"Linear","EasingDirection":"In"},"Torso":{"Weight":1,"CFrame":[-0.33746564388275149,-0.0170457661151886,-0.4313979148864746,0.9187796711921692,0.3523685932159424,-0.17798978090286256,-0.3757847845554352,0.918793797492981,-0.12084604054689408,0.12095357477664948,0.1779167205095291,0.9765837788581848],"EasingStyle":"Linear","EasingDirection":"In"},"HumanoidRootPart":{"Weight":1,"CFrame":[0,0,0,1,0,0,0,1,0,0,0,1],"EasingStyle":"Linear","EasingDirection":"In"},"Right Leg":{"Weight":1,"CFrame":[0.5906257629394531,0.6541496515274048,-0.30638736486434939,0.996068000793457,-0.06337013095617295,0.061909180134534839,0.029391130432486535,0.8956112265586853,0.44386565685272219,-0.08357434719800949,-0.4403008222579956,0.8939523100852966],"EasingStyle":"Linear","EasingDirection":"In"}}},{"Time":0.4000000059604645,"poses":{"Left Leg":{"Weight":1,"CFrame":[-0.2535448968410492,0.21789926290512086,0.050913453102111819,0.9139206409454346,-0.29895979166030886,0.274539977312088,0.19865931570529939,0.9192969799041748,0.3397461771965027,-0.3539542853832245,-0.2559610605239868,0.8995556831359863],"EasingStyle":"Linear","EasingDirection":"In"},"Right Arm":{"Weight":1,"CFrame":[0.11434206366539002,-0.137039452791214,-0.08158129453659058,0.8429562449455261,0.12519092857837678,-0.5232131481170654,-0.09836624562740326,0.9920188784599304,0.07888390123844147,0.5289127826690674,-0.015029214322566986,0.848543107509613],"EasingStyle":"Linear","EasingDirection":"In"},"Left Arm":{"Weight":1,"CFrame":[-0.008087307214736939,0.045657992362976077,0.02512800693511963,-0.8891464471817017,0.3656877279281616,0.2751205265522003,-0.3081793487071991,-0.9229196310043335,0.2307490110397339,0.33829617500305178,0.1203831136226654,0.9333078861236572],"EasingStyle":"Linear","EasingDirection":"In"},"Head":{"Weight":1,"CFrame":[4.470348358154297e-8,-5.960464477539063e-8,-1.7881393432617188e-7,0.9421254992485046,-0.30829864740371706,0.1317252665758133,0.3072696924209595,0.9511932730674744,0.0285814106464386,-0.134107768535614,0.01354790385812521,0.990874171257019],"EasingStyle":"Linear","EasingDirection":"In"},"Torso":{"Weight":1,"CFrame":[-0.3613271415233612,-0.0393979549407959,-0.3510096073150635,0.9375648498535156,0.3196289837360382,-0.13714835047721864,-0.334942489862442,0.9359866380691528,-0.10836297273635864,0.09373307973146439,0.1475341022014618,0.9846054315567017],"EasingStyle":"Linear","EasingDirection":"In"},"HumanoidRootPart":{"Weight":1,"CFrame":[0,0,0,1,0,0,0,1,0,0,0,1],"EasingStyle":"Linear","EasingDirection":"In"},"Right Leg":{"Weight":1,"CFrame":[0.601536214351654,0.5387505292892456,-0.24165600538253785,0.9969004392623901,-0.006120441947132349,0.07843479514122009,-0.02611689642071724,0.9146869778633118,0.4033183157444,-0.07421176880598068,-0.40411674976348879,0.9116920232772827],"EasingStyle":"Linear","EasingDirection":"In"}}},{"Time":0.4333333373069763,"poses":{"Left Leg":{"Weight":1,"CFrame":[-0.13481783866882325,0.1838727593421936,0.022005200386047365,0.9381780028343201,-0.23116187751293183,0.25765541195869448,0.13980819284915925,0.9339712262153626,0.3288637399673462,-0.316663533449173,-0.2725103795528412,0.9085495471954346],"EasingStyle":"Linear","EasingDirection":"In"},"Right Arm":{"Weight":1,"CFrame":[0.1130932867527008,-0.1251780390739441,-0.07431530952453613,0.8785692453384399,0.05831252038478851,-0.4740421175956726,-0.039216309785842898,0.9979750514030457,0.05008005350828171,0.47600245475769045,-0.025408610701560975,0.8790768384933472],"EasingStyle":"Linear","EasingDirection":"In"},"Left Arm":{"Weight":1,"CFrame":[-0.015147626399993897,-0.08813866972923279,0.07012617588043213,-0.42596933245658877,0.8504265546798706,-0.3087475597858429,-0.7751854062080383,-0.16709959506988526,0.609233558177948,0.46651673316955569,0.4988512396812439,0.7304173707962036],"EasingStyle":"Linear","EasingDirection":"In"},"Head":{"Weight":1,"CFrame":[1.0803341865539551e-7,-1.4901161193847657e-8,1.1920928955078126e-7,0.9507827162742615,-0.2819073498249054,0.12861035764217378,0.27872681617736819,0.959430992603302,0.042469579726457599,-0.13536526262760163,-0.004532190039753914,0.9907854199409485],"EasingStyle":"Linear","EasingDirection":"In"},"Torso":{"Weight":1,"CFrame":[-0.3817853331565857,-0.07016648352146149,-0.2442798614501953,0.9568763971328735,0.27571064233779909,-0.09149453788995743,-0.2837822139263153,0.9545083045959473,-0.09155098348855972,0.06209072098135948,0.11356749385595322,0.9915882349014282],"EasingStyle":"Linear","EasingDirection":"In"},"HumanoidRootPart":{"Weight":1,"CFrame":[0,0,0,1,0,0,0,1,0,0,0,1],"EasingStyle":"Linear","EasingDirection":"In"},"Right Leg":{"Weight":1,"CFrame":[0.562512993812561,0.3857530355453491,-0.16535848379135133,0.994312584400177,0.04120291396975517,0.09820781648159027,-0.07263081520795822,0.9367655515670776,0.34233760833740237,-0.07789232581853867,-0.34752345085144045,0.9344304800033569],"EasingStyle":"Linear","EasingDirection":"In"}}},{"Time":0.46666666865348818,"poses":{"Left Leg":{"Weight":1,"CFrame":[-0.37255218625068667,0.18853873014450074,0.09253954887390137,0.8913217186927795,-0.3675266206264496,0.2654615640640259,0.30423620343208315,0.9189864993095398,0.2508071959018707,-0.3361338675022125,-0.14278684556484223,0.9309275150299072],"EasingStyle":"Linear","EasingDirection":"In"},"Right Arm":{"Weight":1,"CFrame":[0.11050723493099213,-0.10741198062896729,-0.06339913606643677,0.9168541431427002,-0.05651281774044037,-0.39520221948623659,0.06619266420602799,0.9977474808692932,0.01088903471827507,0.3936966359615326,-0.0361432284116745,0.9185295701026917],"EasingStyle":"Linear","EasingDirection":"In"},"Left Arm":{"Weight":1,"CFrame":[-0.023177392780780793,-0.2002386748790741,0.10782718658447266,-0.03928345441818237,0.560693621635437,-0.8270910382270813,-0.6732650399208069,0.596780002117157,0.43654078245162966,0.7383569478988648,0.574000358581543,0.3540518283843994],"EasingStyle":"Linear","EasingDirection":"In"},"Head":{"Weight":1,"CFrame":[1.1920928955078126e-7,1.4901161193847657e-8,1.1920928955078126e-7,0.9603595733642578,-0.24905188381671906,0.12523071467876435,0.24415989220142365,0.9682718515396118,0.0532507449388504,-0.1345195770263672,-0.02056354470551014,0.9906976222991943],"EasingStyle":"Linear","EasingDirection":"In"},"Torso":{"Weight":1,"CFrame":[-0.4026833772659302,-0.1046849861741066,-0.13054656982421876,0.9723613858222961,0.22821660339832307,-0.04930078238248825,-0.2314372956752777,0.969994843006134,-0.0744766891002655,0.030824683606624605,0.08382830023765564,0.9960033297538757],"EasingStyle":"Linear","EasingDirection":"In"},"HumanoidRootPart":{"Weight":1,"CFrame":[0,0,0,1,0,0,0,1,0,0,0,1],"EasingStyle":"Linear","EasingDirection":"In"},"Right Leg":{"Weight":1,"CFrame":[0.4299222528934479,0.22962725162506104,-0.0956580638885498,0.992140531539917,0.03772841766476631,0.1193058043718338,-0.0693543553352356,0.9594113826751709,0.2733491361141205,-0.10415025055408478,-0.2794751226902008,0.9544875025749207],"EasingStyle":"Linear","EasingDirection":"In"}}},{"Time":0.5,"poses":{"Left Leg":{"Weight":1,"CFrame":[-0.5873563885688782,0.2011362910270691,0.18854224681854249,0.8133354783058167,-0.49884870648384097,0.29939162731170657,0.48666825890541079,0.8653414249420166,0.11974228918552399,-0.31880930066108706,0.048313748091459277,0.9465867877006531],"EasingStyle":"Linear","EasingDirection":"In"},"Right Arm":{"Weight":1,"CFrame":[0.10617086291313172,-0.08538028597831726,-0.04980945587158203,0.9314228892326355,-0.22275257110595704,-0.28780680894851687,0.22431232035160066,0.9741151928901672,-0.027995087206363679,0.286592960357666,-0.03848344460129738,0.9572792053222656],"EasingStyle":"Linear","EasingDirection":"In"},"Left Arm":{"Weight":1,"CFrame":[-0.031272921711206439,-0.24724876880645753,0.12363708019256592,0.022031579166650773,0.3612290024757385,-0.9322168827056885,-0.5633557438850403,0.7747966647148132,0.2869154214859009,0.8259206414222717,0.5188485383987427,0.2205703854560852],"EasingStyle":"Linear","EasingDirection":"In"},"Head":{"Weight":1,"CFrame":[6.51925802230835e-8,3.725290298461914e-9,2.384185791015625e-7,0.9696178436279297,-0.2125445306301117,0.12110426276922226,0.2064981609582901,0.9765681624412537,0.06060812622308731,-0.13114848732948304,-0.03375891596078873,0.9907878041267395],"EasingStyle":"Linear","EasingDirection":"In"},"Torso":{"Weight":1,"CFrame":[-0.4237176179885864,-0.1373903602361679,-0.0277254581451416,0.9833396077156067,0.18126443028450013,-0.013655883260071278,-0.1817607432603836,0.9815053343772888,-0.06008574366569519,0.002511915285140276,0.0615667924284935,0.9980998039245606],"EasingStyle":"Linear","EasingDirection":"In"},"HumanoidRootPart":{"Weight":1,"CFrame":[0,0,0,1,0,0,0,1,0,0,0,1],"EasingStyle":"Linear","EasingDirection":"In"},"Right Leg":{"Weight":1,"CFrame":[0.07394099235534668,0.10302770137786865,-0.01632869243621826,0.9848901033401489,-0.10306054353713989,0.1391768902540207,0.07309950143098831,0.9759451746940613,0.2053963541984558,-0.1569972038269043,-0.1921190619468689,0.9687322974205017],"EasingStyle":"Linear","EasingDirection":"In"}}},{"Time":0.5333333611488342,"poses":{"Left Leg":{"Weight":1,"CFrame":[-0.6551415324211121,0.15720272064208985,0.2793046236038208,0.7616792321205139,-0.5488860011100769,0.34433847665786745,0.5947142839431763,0.8031641840934753,-0.035244494676589969,-0.25721514225006106,0.23162804543972016,0.9381839036941528],"EasingStyle":"Linear","EasingDirection":"In"},"Right Arm":{"Weight":1,"CFrame":[0.09967122226953507,-0.060720980167388919,-0.03452277183532715,0.8852909207344055,-0.4380449652671814,-0.15613020956516267,0.4354555904865265,0.8986909985542297,-0.052279211580753329,0.16321352124214173,-0.0217055082321167,0.9863519668579102],"EasingStyle":"Linear","EasingDirection":"In"},"Left Arm":{"Weight":1,"CFrame":[-0.03873235732316971,-0.2458101212978363,0.10428476333618164,0.0602196641266346,0.4402061104774475,-0.8958751559257507,-0.6110380291938782,0.7259514331817627,0.31563740968704226,0.7893073558807373,0.5284062027931213,0.3126991391181946],"EasingStyle":"Linear","EasingDirection":"In"},"Head":{"Weight":1,"CFrame":[7.82310962677002e-8,1.1175870895385743e-8,4.76837158203125e-7,0.9776961207389832,-0.17532522976398469,0.1156354770064354,0.16877767443656922,0.9835579991340637,0.06424723565578461,-0.12499837577342987,-0.04329757019877434,0.9912118315696716],"EasingStyle":"Linear","EasingDirection":"In"},"Torso":{"Weight":1,"CFrame":[-0.44223037362098696,-0.16188473999500276,0.04665970802307129,0.990609884262085,0.13586150109767915,0.015293959528207779,-0.13494355976581574,0.9895767569541931,-0.05028041452169418,-0.021965717896819116,0.04774444177746773,0.9986181259155273],"EasingStyle":"Linear","EasingDirection":"In"},"HumanoidRootPart":{"Weight":1,"CFrame":[0,0,0,1,0,0,0,1,0,0,0,1],"EasingStyle":"Linear","EasingDirection":"In"},"Right Leg":{"Weight":1,"CFrame":[0.08140282332897186,0.07267415523529053,-0.012032389640808106,0.9870823621749878,-0.044181156903505328,0.1540021151304245,0.021630138158798219,0.9891744256019592,0.1451415717601776,-0.15874743461608888,-0.13993556797504426,0.9773522615432739],"EasingStyle":"Linear","EasingDirection":"In"}}},{"Time":0.5666666626930237,"poses":{"Left Leg":{"Weight":1,"CFrame":[-0.6620097756385803,0.12576591968536378,0.3205242156982422,0.744982898235321,-0.5559557676315308,0.36866506934165957,0.6282734274864197,0.770510196685791,-0.10764088481664658,-0.22421671450138093,0.31181302666664126,0.9233090877532959],"EasingStyle":"Linear","EasingDirection":"In"},"Right Arm":{"Weight":1,"CFrame":[0.09059540927410126,-0.03507333993911743,-0.018515944480895997,0.7311476469039917,-0.6821007132530212,-0.012716062366962433,0.6810430884361267,0.730854332447052,-0.04508187249302864,0.04004395753145218,0.024301275610923768,0.998902440071106],"EasingStyle":"Linear","EasingDirection":"In"},"Left Arm":{"Weight":1,"CFrame":[-0.04566227272152901,-0.23574021458625794,0.058136940002441409,0.10976506024599076,0.6441031098365784,-0.757022500038147,-0.7387092113494873,0.5624433159828186,0.3714381456375122,0.6650266051292419,0.518448531627655,0.5375414490699768],"EasingStyle":"Linear","EasingDirection":"In"},"Head":{"Weight":1,"CFrame":[1.0058283805847168e-7,-3.725290298461914e-9,-3.5762786865234377e-7,0.9841639995574951,-0.1404334306716919,0.108165442943573,0.13408885896205903,0.9889079332351685,0.06388615071773529,-0.11593739688396454,-0.04837067797780037,0.9920780062675476],"EasingStyle":"Linear","EasingDirection":"In"},"Torso":{"Weight":1,"CFrame":[-0.45461031794548037,-0.171491339802742,0.074981689453125,0.9951289296150208,0.09071411937475205,0.03859447315335274,-0.08888997882604599,0.9949501156806946,-0.046614330261945727,-0.042628154158592227,0.042956601828336719,0.9981672167778015],"EasingStyle":"Linear","EasingDirection":"In"},"HumanoidRootPart":{"Weight":1,"CFrame":[0,0,0,1,0,0,0,1,0,0,0,1],"EasingStyle":"Linear","EasingDirection":"In"},"Right Leg":{"Weight":1,"CFrame":[0.08366777002811432,0.04893249273300171,-0.009464085102081299,0.9873002767562866,-0.010820361785590649,0.1584969460964203,-0.004809088073670864,0.9951850771903992,0.09789605438709259,-0.15879300236701966,-0.09741503745317459,0.9824944138526917],"EasingStyle":"Linear","EasingDirection":"In"}}},{"Time":0.6000000238418579,"poses":{"Left Leg":{"Weight":1,"CFrame":[-0.5975092649459839,0.1268255114555359,0.3047691583633423,0.7805725336074829,-0.4951395094394684,0.38150158524513247,0.5658756494522095,0.8190187811851502,-0.09483173489570618,-0.26550203561782839,0.2899055480957031,0.9194908738136292],"EasingStyle":"Linear","EasingDirection":"In"},"Right Arm":{"Weight":1,"CFrame":[0.07853034138679505,-0.01007494330406189,-0.002765655517578125,0.42495933175086977,-0.8977457284927368,0.11602704972028732,0.903484582901001,0.42856550216674807,0.006883617956191301,-0.05590493232011795,0.10190331190824509,0.993222177028656],"EasingStyle":"Linear","EasingDirection":"In"},"Left Arm":{"Weight":1,"CFrame":[-0.05237145721912384,-0.20840582251548768,0.0030573606491088869,0.04170054569840431,0.8730896711349487,-0.4857734441757202,-0.8882092833518982,0.25504377484321597,0.38214802742004397,0.45754295587539675,0.4155324697494507,0.7861216068267822],"EasingStyle":"Linear","EasingDirection":"In"},"Head":{"Weight":1,"CFrame":[1.471489667892456e-7,-3.725290298461914e-8,2.384185791015625e-7,0.9897411465644836,-0.10990657657384873,0.09128528088331223,0.10524972528219223,0.992958664894104,0.054365046322345737,-0.09661759436130524,-0.04419957101345062,0.9943397045135498],"EasingStyle":"Linear","EasingDirection":"In"},"Torso":{"Weight":1,"CFrame":[-0.4578985869884491,-0.15989315509796143,0.04200124740600586,0.997321605682373,0.04410078376531601,0.05835052952170372,-0.04101425036787987,0.9977478981018066,-0.053076840937137607,-0.060559842735528949,0.050541482865810397,0.9968841671943665],"EasingStyle":"Linear","EasingDirection":"In"},"HumanoidRootPart":{"Weight":1,"CFrame":[0,0,0,1,0,0,0,1,0,0,0,1],"EasingStyle":"Linear","EasingDirection":"In"},"Right Leg":{"Weight":1,"CFrame":[0.0783023089170456,0.033436477184295657,-0.0072823166847229,0.9889923334121704,-0.007536138407886028,0.14777469635009767,-0.0023904049303382637,0.997758150100708,0.06688085198402405,-0.14794732630252839,-0.06649797409772873,0.9867570996284485],"EasingStyle":"Linear","EasingDirection":"In"}}},{"Time":0.6333333253860474,"poses":{"Left Leg":{"Weight":1,"CFrame":[-0.4300343692302704,0.09889280796051026,0.2519707679748535,0.8451405763626099,-0.34576109051704409,0.40766003727912905,0.41203126311302187,0.907221257686615,-0.08473356813192368,-0.34054040908813479,0.23958039283752442,0.9091939330101013],"EasingStyle":"Linear","EasingDirection":"In"},"Right Arm":{"Weight":1,"CFrame":[0.06306296586990357,0.01263493299484253,0.011751413345336914,-0.030541997402906419,-0.9811162948608398,0.19099225103855134,0.9951400756835938,-0.011951133608818055,0.09774236381053925,-0.09361404925584793,0.19304923713207246,0.9767130613327026],"EasingStyle":"Linear","EasingDirectio