{"Sequence":[{"Time":0,"poses":{"Left Leg":{"Weight":1,"CFrame":[-0.5737162232398987,0.7004764080047607,0.0003342628479003906,0.9431390166282654,0.33239880204200747,-0.00010651983029674739,-0.3323986530303955,0.943138837814331,-0.0005535579985007644,-0.00008353784505743533,0.0005575183895416558,0.9999998211860657],"EasingStyle":"Linear","EasingDirection":"In"},"Right Arm":{"Weight":1,"CFrame":[-0.2856437861919403,0.08870464563369751,-0.0001767873764038086,-0.025313319638371469,0.9996792078018189,-0.0008874209015630186,-0.9996792674064636,-0.02531430684030056,-0.000865147274453193,-0.0008873344631865621,0.0008652365650050342,0.9999992847442627],"EasingStyle":"Linear","EasingDirection":"In"},"Left Arm":{"Weight":1,"CFrame":[-0.5620930790901184,0.015582263469696045,-0.0004864335060119629,-0.3650444447994232,0.9309895634651184,-0.0011814621975645424,-0.9309894442558289,-0.36504513025283816,-0.0008058702806010842,-0.0011815443867817522,0.0008057506056502461,0.9999989867210388],"EasingStyle":"Linear","EasingDirection":"In"},"Head":{"Weight":1,"CFrame":[8.746837920625694e-8,2.7008354663848878e-8,3.5762786865234377e-7,1,-0.000003089302026637597,0.00007306267798412591,-0.0000030819264793535696,0.9964392185211182,0.08431486040353775,-0.00007306298357434571,-0.08431486040353775,0.9964392185211182],"EasingStyle":"Linear","EasingDirection":"In"},"Torso":{"Weight":1,"CFrame":[-0.09465128183364868,0,-0.0026259422302246095,-0.0008619010914117098,-0.9958368539810181,0.09115014225244522,0.9999997019767761,-0.0008655120618641377,-8.742274815176643e-8,0.00007897859177319333,0.09115010499954224,0.9958371520042419],"EasingStyle":"Linear","EasingDirection":"In"},"HumanoidRootPart":{"Weight":1,"CFrame":[0,0,0,1,0,0,0,1,0,0,0,1],"EasingStyle":"Linear","EasingDirection":"In"},"Right Leg":{"Weight":1,"CFrame":[-0.005408088210970163,-0.0007015466690063477,-0.0000021457672119140627,0.9823784828186035,-0.18690279126167298,-0.000021053354430478067,0.18690282106399537,0.9823784232139587,0.00015943286416586488,-0.000009118868547375314,-0.00016057108587119728,1],"EasingStyle":"Linear","EasingDirection":"In"}}},{"Time":0.03333333507180214,"poses":{"Left Leg":{"Weight":1,"CFrame":[-0.6309168338775635,0.7344417572021484,0.00034546852111816406,0.9625346660614014,0.27115893363952639,-0.00010598177323117852,-0.2711588442325592,0.9625343680381775,-0.0005512076895684004,-0.00004745193291455507,0.0005592929082922638,0.9999998807907105],"EasingStyle":"Linear","EasingDirection":"In"},"Right Arm":{"Weight":1,"CFrame":[-0.28557088971138,0.0835462212562561,-0.0001767277717590332,-0.021212244406342508,0.9997745752334595,-0.0008851847960613668,-0.9997746348381043,-0.021213218569755555,-0.0008651991374790669,-0.000883782166056335,0.0008666325593367219,0.9999992847442627],"EasingStyle":"Linear","EasingDirection":"In"},"Left Arm":{"Weight":1,"CFrame":[-0.5637505650520325,0.00525134801864624,-0.00048786401748657227,-0.36147385835647585,0.9323816895484924,-0.0011797669576480985,-0.9323816299438477,-0.36147451400756838,-0.0008060566615313292,-0.0011780090862885118,0.0008086248999461532,0.9999989867210388],"EasingStyle":"Linear","EasingDirection":"In"},"Head":{"Weight":1,"CFrame":[8.746837920625694e-8,2.7008354663848878e-8,1.1920928955078126e-7,1,-0.000003089302026637597,0.00007306267798412591,-0.0000030819264793535696,0.9964392185211182,0.08431486040353775,-0.00007306298357434571,-0.08431486040353775,0.9964392185211182],"EasingStyle":"Linear","EasingDirection":"In"},"Torso":{"Weight":1,"CFrame":[-0.09465128183364868,0,-0.004224061965942383,-0.0008619010914117098,-0.9958368539810181,0.09115014225244522,0.9999997019767761,-0.0008655120618641377,-8.742274815176643e-8,0.00007897859177319333,0.09115010499954224,0.9958371520042419],"EasingStyle":"Linear","EasingDirection":"In"},"HumanoidRootPart":{"Weight":1,"CFrame":[0,0,0,1,0,0,0,1,0,0,0,1],"EasingStyle":"Linear","EasingDirection":"In"},"Right Leg":{"Weight":1,"CFrame":[-0.0054091461934149269,-0.0007020235061645508,-0.000002086162567138672,0.9823639988899231,-0.18697872757911683,-0.000021072621166240425,0.18697874248027802,0.9823639988899231,0.00015952087414916605,-0.000009129483260039706,-0.0001606368023203686,1],"EasingStyle":"Linear","EasingDirection":"In"}}},{"Time":0.06666667014360428,"poses":{"Left Leg":{"Weight":1,"CFrame":[-0.7649034261703491,0.7837702035903931,0.0003383159637451172,0.9921998977661133,0.12465712428092957,-0.00009907826461130753,-0.12465701997280121,0.9921997785568237,-0.0005192362586967647,0.00003357948662596755,0.0005275360308587551,0.9999998807907105],"EasingStyle":"Linear","EasingDirection":"In"},"Right Arm":{"Weight":1,"CFrame":[-0.28506073355674746,0.07070279121398926,-0.00017631053924560547,-0.006320369429886341,0.9999797344207764,-0.0008814704488031566,-0.9999796748161316,-0.006321369204670191,-0.0008652412798255682,-0.0008707962115295231,0.0008759839693084359,0.9999992847442627],"EasingStyle":"Linear","EasingDirection":"In"},"Left Arm":{"Weight":1,"CFrame":[-0.5673968195915222,-0.021624445915222169,-0.000491023063659668,-0.3441462814807892,0.9389154314994812,-0.0011769422562792898,-0.9389153718948364,-0.3441469371318817,-0.0008063247078098357,-0.0011621125740930439,0.0008275559521280229,0.9999989867210388],"EasingStyle":"Linear","EasingDirection":"In"},"Head":{"Weight":1,"CFrame":[8.743927537580021e-8,-2.7939677238464357e-9,1.1920928955078126e-7,1,-0.000003089302026637597,0.00007306267798412591,-0.0000030819264793535696,0.9964392185211182,0.08431486040353775,-0.00007306298357434571,-0.08431486040353775,0.9964392185211182],"EasingStyle":"Linear","EasingDirection":"In"},"Torso":{"Weight":1,"CFrame":[-0.09465128183364868,0,-0.009255170822143555,-0.0008619010914117098,-0.9958368539810181,0.09115014225244522,0.9999997019767761,-0.0008655120618641377,-8.742274815176643e-8,0.00007897859177319333,0.09115010499954224,0.9958371520042419],"EasingStyle":"Linear","EasingDirection":"In"},"HumanoidRootPart":{"Weight":1,"CFrame":[0,0,0,1,0,0,0,1,0,0,0,1],"EasingStyle":"Linear","EasingDirection":"In"},"Right Leg":{"Weight":1,"CFrame":[-0.005412305239588022,-0.0007030963897705078,-0.000002086162567138672,0.9823182821273804,-0.1872185319662094,-0.000021113870388944634,0.1872185319662094,0.9823183417320252,0.000159726565470919,-0.000009163341019302607,-0.00016084435628727078,1],"EasingStyle":"Linear","EasingDirection":"In"}}},{"Time":0.10000000149011612,"poses":{"Left Leg":{"Weight":1,"CFrame":[-0.9250290989875794,0.7875540852546692,0.00026345252990722656,0.9985322952270508,-0.05416080728173256,-0.00007710953650530428,0.054160840809345248,0.9985321760177612,-0.0004178940143901855,0.00009963093907572329,0.0004131495370529592,1],"EasingStyle":"Linear","EasingDirection":"In"},"Right Arm":{"Weight":1,"CFrame":[-0.28367599844932558,0.05412012338638306,-0.00017505884170532227,0.023304680362343789,0.9997280836105347,-0.000880732259247452,-0.9997281432151794,0.023303674533963205,-0.0008651539101265371,-0.0008443946717306972,0.0009006549371406436,0.9999992847442627],"EasingStyle":"Linear","EasingDirection":"In"},"Left Arm":{"Weight":1,"CFrame":[-0.5710433125495911,-0.0588701069355011,-0.0004941821098327637,-0.3027244210243225,0.9530775547027588,-0.0011763725196942688,-0.9530775547027588,-0.3027251064777374,-0.000806268013548106,-0.0011245541973039508,0.0008770975982770324,0.9999989867210388],"EasingStyle":"Linear","EasingDirection":"In"},"Head":{"Weight":1,"CFrame":[8.741017154534348e-8,-2.7939677238464357e-9,1.1920928955078126e-7,1,-0.000003089302026637597,0.00007306267798412591,-0.0000030819264793535696,0.9964392185211182,0.08431486040353775,-0.00007306298357434571,-0.08431486040353775,0.9964392185211182],"EasingStyle":"Linear","EasingDirection":"In"},"Torso":{"Weight":1,"CFrame":[-0.09465128183364868,0,-0.018073320388793947,-0.0008619010914117098,-0.9958368539810181,0.09115014225244522,0.9999997019767761,-0.0008655120618641377,-8.742274815176643e-8,0.00007897859177319333,0.09115010499954224,0.9958371520042419],"EasingStyle":"Linear","EasingDirection":"In"},"HumanoidRootPart":{"Weight":1,"CFrame":[0,0,0,1,0,0,0,1,0,0,0,1],"EasingStyle":"Linear","EasingDirection":"In"},"Right Leg":{"Weight":1,"CFrame":[0.11802243441343308,0.023764371871948243,-0.000003337860107421875,0.9922176003456116,-0.12451595813035965,-0.00002119091550412122,0.12451592832803726,0.9922176599502564,0.00016008413513191044,0.000001092768229682406,-0.00016144142136909068,1],"EasingStyle":"Linear","EasingDirection":"In"}}},{"Time":0.13333334028720857,"poses":{"Left Leg":{"Weight":1,"CFrame":[-1.0661261081695557,0.7414025068283081,0.00012063980102539063,0.9765846133232117,-0.21513384580612184,-0.00003045021730940789,0.21513380110263825,0.9765845537185669,-0.00020284659694880247,0.00007338538125623018,0.00019156912458129227,1],"EasingStyle":"Linear","EasingDirection":"In"},"Right Arm":{"Weight":1,"CFrame":[-0.28097933530807497,0.037744343280792239,-0.00017273426055908203,0.07191482931375504,0.9974104166030884,-0.0008874356281012297,-0.9974105358123779,0.07191379368305206,-0.0008651474490761757,-0.0007990886806510389,0.0009473545360378921,0.9999992847442627],"EasingStyle":"Linear","EasingDirection":"In"},"Left Arm":{"Weight":1,"CFrame":[-0.5727006793022156,-0.10030844807624817,-0.000495612621307373,-0.22576619684696198,0.9741808772087097,-0.001181483268737793,-0.9741809964179993,-0.2257668673992157,-0.0008058637613430619,-0.001051797647960484,0.0009690420120023191,0.9999989867210388],"EasingStyle":"Linear","EasingDirection":"In"},"Head":{"Weight":1,"CFrame":[8.743927537580021e-8,-2.7939677238464357e-9,3.5762786865234377e-7,1,-0.000003089302026637597,0.00007306267798412591,-0.0000030819264793535696,0.9964392185211182,0.08431486040353775,-0.00007306298357434571,-0.08431486040353775,0.9964392185211182],"EasingStyle":"Linear","EasingDirection":"In"},"Torso":{"Weight":1,"CFrame":[-0.09465128183364868,0,-0.03103327751159668,-0.0008619010914117098,-0.9958368539810181,0.09115014225244522,0.9999997019767761,-0.0008655120618641377,-8.742274815176643e-8,0.00007897859177319333,0.09115010499954224,0.9958371520042419],"EasingStyle":"Linear","EasingDirection":"In"},"HumanoidRootPart":{"Weight":1,"CFrame":[0,0,0,1,0,0,0,1,0,0,0,1],"EasingStyle":"Linear","EasingDirection":"In"},"Right Leg":{"Weight":1,"CFrame":[0.22976140677928925,0.04755812883377075,-0.00000476837158203125,0.9977400302886963,-0.06719230860471726,-0.0000213080202229321,0.06719223409891129,0.9977400898933411,0.00016061712813097984,0.000010467190804774873,-0.00016168682486750185,1],"EasingStyle":"Linear","EasingDirection":"In"}}},{"Time":0.1666666716337204,"poses":{"Left Leg":{"Weight":1,"CFrame":[-1.1646628379821778,0.6344043016433716,-0.011843562126159668,0.9418411254882813,-0.33594655990600588,-0.00868271104991436,0.33597975969314577,0.9418652653694153,0.0027036031242460014,0.0072696455754339699,-0.005463563837110996,0.9999586939811707],"EasingStyle":"Linear","EasingDirection":"In"},"Right Arm":{"Weight":1,"CFrame":[-0.26614856719970705,0.02476280927658081,-0.0001608729362487793,0.17094320058822633,0.98524409532547,-0.008528218604624272,-0.9835060834884644,0.17114786803722382,0.05851735547184944,0.05911349877715111,-0.001615575747564435,0.9982500076293945],"EasingStyle":"Linear","EasingDirection":"In"},"Left Arm":{"Weight":1,"CFrame":[-0.5211107730865479,-0.14060667157173158,0.0037773847579956056,-0.10413958132266998,0.9944537281990051,-0.014726297929883004,-0.9945611953735352,-0.10415337979793549,-0.0001905990793602541,-0.0017233388498425484,0.01462635863572359,0.9998915791511536],"EasingStyle":"Linear","EasingDirection":"In"},"Head":{"Weight":1,"CFrame":[8.760252967476845e-8,-1.2631062418222428e-8,1.1920928955078126e-7,0.9994877576828003,0.03092891350388527,0.00823296420276165,-0.03139898553490639,0.9973961114883423,0.06492441147565842,-0.006203484255820513,-0.06514964997768402,0.9978562593460083],"EasingStyle":"Linear","EasingDirection":"In"},"Torso":{"Weight":1,"CFrame":[-0.08877766132354737,0.021998349577188493,-0.04751873016357422,0.06214272975921631,-0.9948614835739136,0.07993077486753464,0.9980660676956177,0.061818189918994907,-0.006530929356813431,0.0015561950858682395,0.08018209040164948,0.9967790246009827],"EasingStyle":"Linear","EasingDirection":"In"},"HumanoidRootPart":{"Weight":1,"CFrame":[0,0,0,1,0,0,0,1,0,0,0,1],"EasingStyle":"Linear","EasingDirection":"In"},"Right Leg":{"Weight":1,"CFrame":[0.3280662000179291,0.06838172674179077,0.005508303642272949,0.9997847676277161,0.009520354680716992,-0.018434278666973115,-0.009377061389386654,0.9999252557754517,0.007850192487239838,0.01850759983062744,-0.007675619795918465,0.9997992515563965],"EasingStyle":"Linear","EasingDirection":"In"}}},{"Time":0.20000000298023225,"poses":{"Left Leg":{"Weight":1,"CFrame":[-1.2060497999191285,0.4716586470603943,-0.04434269666671753,0.9081364870071411,-0.41740450263023379,-0.03258465602993965,0.4179258942604065,0.908414900302887,0.010965117253363133,0.025023536756634713,-0.02357589453458786,0.9994088411331177],"EasingStyle":"Linear","EasingDirection":"In"},"Right Arm":{"Weight":1,"CFrame":[-0.23271821439266206,0.015325427055358887,-0.0001354217529296875,0.3375590443611145,0.9400544762611389,-0.04849473387002945,-0.9155166745185852,0.33985140919685366,0.21524429321289063,0.21882247924804688,-0.0282598827034235,0.9753554463386536],"EasingStyle":"Linear","EasingDirection":"In"},"Left Arm":{"Weight":1,"CFrame":[-0.388062983751297,-0.17779627442359925,0.014796853065490723,0.054225027561187747,0.9972418546676636,-0.050680067390203479,-0.9985284209251404,0.05411354452371597,-0.0035744556225836279,-0.0008221219177357853,0.05079931393265724,0.9987085461616516],"EasingStyle":"Linear","EasingDirection":"In"},"Head":{"Weight":1,"CFrame":[8.12578946352005e-8,-9.313225746154785e-9,-2.384185791015625e-7,0.993366539478302,0.1118743047118187,0.026594264432787896,-0.11225488781929016,0.9935908317565918,0.01327267475426197,-0.024938952177762986,-0.016169963404536248,0.9995582103729248],"EasingStyle":"Linear","EasingDirection":"In"},"Torso":{"Weight":1,"CFrame":[-0.05903156101703644,0.07571663707494736,-0.06601071357727051,0.23016801476478578,-0.9719037413597107,0.049253806471824649,0.9731400609016419,0.22963139414787293,-0.016366606578230859,0.004596546292304993,0.05169793218374252,0.9986522197723389],"EasingStyle":"Linear","EasingDirection":"In"},"HumanoidRootPart":{"Weight":1,"CFrame":[0,0,0,1,0,0,0,1,0,0,0,1],"EasingStyle":"Linear","EasingDirection":"In"},"Right Leg":{"Weight":1,"CFrame":[0.4042467176914215,0.07600265741348267,0.0265200138092041,0.9905469417572022,0.118882916867733,-0.06843714416027069,-0.11709801107645035,0.9926809072494507,0.02954188361763954,0.07144829630851746,-0.021248789504170419,0.9972179532051086],"EasingStyle":"Linear","EasingDirection":"In"}}},{"Time":0.23333333432674409,"poses":{"Left Leg":{"Weight":1,"CFrame":[-1.17442786693573,0.3101188540458679,-0.08727717399597168,0.8894811272621155,-0.4517253041267395,-0.06904799491167069,0.4540835916996002,0.8906729221343994,0.02258365787565708,0.05129773169755936,-0.05144144967198372,0.9973576664924622],"EasingStyle":"Linear","EasingDirection":"In"},"Right Arm":{"Weight":1,"CFrame":[-0.18678632378578187,0.00882422924041748,-0.00010180473327636719,0.5335499048233032,0.8322374224662781,-0.1506844460964203,-0.7285722494125366,0.5427473187446594,0.4178605079650879,0.42954280972480776,-0.11316484957933426,0.8959280252456665],"EasingStyle":"Linear","EasingDirection":"In"},"Left Arm":{"Weight":1,"CFrame":[-0.2061406970024109,-0.21074998378753663,0.02986443042755127,0.23276981711387635,0.967324435710907,-0.1005072370171547,-0.972514808177948,0.23213344812393189,-0.018146641552448274,0.00577737158164382,0.10196871310472489,0.9947708249092102],"EasingStyle":"Linear","EasingDirection":"In"},"Head":{"Weight":1,"CFrame":[6.798654794692993e-8,-7.450580596923828e-9,-2.980232238769531e-7,0.9736393094062805,0.22363261878490449,0.04488857090473175,-0.2208157628774643,0.9734566807746887,-0.06018705293536186,-0.057156872004270557,0.0486883707344532,0.9971773624420166],"EasingStyle":"Linear","EasingDirection":"In"},"Torso":{"Weight":1,"CFrame":[0.013861659914255143,0.13155698776245118,-0.0855863094329834,0.4590008556842804,-0.8884003162384033,0.007952883839607239,0.8884109854698181,0.4589028060436249,-0.011581329628825188,0.00663925614207983,0.012381271459162236,0.9999014139175415],"EasingStyle":"Linear","EasingDirection":"In"},"HumanoidRootPart":{"Weight":1,"CFrame":[0,0,0,1,0,0,0,1,0,0,0,1],"EasingStyle":"Linear","EasingDirection":"In"},"Right Leg":{"Weight":1,"CFrame":[0.43937328457832339,0.06464457511901856,0.06415939331054688,0.9606149792671204,0.2391744703054428,-0.14147232472896577,-0.23224188387393952,0.9705580472946167,0.06388252973556519,0.15258631110191346,-0.028510654345154764,0.9878789186477661],"EasingStyle":"Linear","EasingDirection":"In"}}},{"Time":0.2666666805744171,"poses":{"Left Leg":{"Weight":1,"CFrame":[-1.0762526988983155,0.18348002433776856,-0.12782293558120728,0.8903614282608032,-0.4404856562614441,-0.115018330514431,0.44675248861312868,0.8939871191978455,0.03462701663374901,0.08757234364748001,-0.08221544325351715,0.9927597045898438],"EasingStyle":"Linear","EasingDirection":"In"},"Right Arm":{"Weight":1,"CFrame":[-0.1344505399465561,0.0046498775482177738,-0.00006580352783203125,0.6872512102127075,0.6518083214759827,-0.320674329996109,-0.40208637714385989,0.7089852690696716,0.5793670415878296,0.6049895882606506,-0.2692318856716156,0.7493343353271484],"EasingStyle":"Linear","EasingDirection":"In"},"Left Arm":{"Weight":1,"CFrame":[-0.007926739752292633,-0.2383413314819336,0.04628145694732666,0.4123578369617462,0.8979085087776184,-0.15401753783226014,-0.9108063578605652,0.41000428795814516,-0.048253219574689868,0.019820814952254297,0.16017776727676392,0.9868891835212708],"EasingStyle":"Linear","EasingDirection":"In"},"Head":{"Weight":1,"CFrame":[8.195638656616211e-8,0,1.1920928955078126e-7,0.937478244304657,0.3436444103717804,0.055164121091365817,-0.3333125114440918,0.9320738911628723,-0.1419190764427185,-0.10018672794103623,0.1146591454744339,0.9883400201797485],"EasingStyle":"Linear","EasingDirection":"In"},"Torso":{"Weight":1,"CFrame":[0.1235838383436203,0.15219421684741975,-0.1049814224243164,0.6751822233200073,-0.7371802926063538,-0.026348020881414415,0.7376303672790527,0.674999475479126,0.016649847850203515,0.005510959308594465,-0.03067678213119507,0.9995141625404358],"EasingStyle":"Linear","EasingDirection":"In"},"HumanoidRootPart":{"Weight":1,"CFrame":[0,0,0,1,0,0,0,1,0,0,0,1],"EasingStyle":"Linear","EasingDirection":"In"},"Right Leg":{"Weight":1,"CFrame":[0.4231064021587372,0.041188061237335208,0.11098837852478028,0.9078422784805298,0.3516339659690857,-0.22842039167881013,-0.33522820472717287,0.9358834624290466,0.10837067663669586,0.2518818974494934,-0.02181040495634079,0.9675121903419495],"EasingStyle":"Linear","EasingDirection":"In"}}},{"Time":0.30000001192092898,"poses":{"Left Leg":{"Weight":1,"CFrame":[-0.9345812201499939,0.10356825590133667,-0.1554473638534546,0.9051542282104492,-0.3911408483982086,-0.16644829511642457,0.40319812297821047,0.9140182733535767,0.04473993182182312,0.13463681936264039,-0.1076081171631813,0.985034704208374],"EasingStyle":"Linear","EasingDirection":"In"},"Right Arm":{"Weight":1,"CFrame":[-0.08180899918079376,0.0021935105323791506,-0.0000330805778503418,0.7416051030158997,0.42988499999046328,-0.5149960517883301,-0.014050522819161415,0.7774772047996521,0.6287540197372437,0.6706896424293518,-0.4590512216091156,0.5826212763786316],"EasingStyle":"Linear","EasingDirection":"In"},"Left Arm":{"Weight":1,"CFrame":[0.17399567365646363,-0.25944477319717409,0.061348915100097659,0.5760564804077148,0.7922824025154114,-0.20111624896526338,-0.8164393901824951,0.5696718692779541,-0.094344362616539,0.039822906255722049,0.21854688227176667,0.9750136137008667],"EasingStyle":"Linear","EasingDirection":"In"},"Head":{"Weight":1,"CFrame":[8.672941476106644e-8,-3.725290298461914e-8,-1.1920928955078126e-7,0.8917571306228638,0.4491012692451477,0.055474575608968738,-0.428367555141449,0.8773149847984314,-0.21637867391109467,-0.14584460854530335,0.16919369995594026,0.9747322201728821],"EasingStyle":"Linear","EasingDirection":"In"},"Torso":{"Weight":1,"CFrame":[0.23297369480133058,0.12702953815460206,-0.12225794792175293,0.8166931867599487,-0.5756316184997559,-0.040749792009592059,0.5770719647407532,0.8147066235542297,0.05692955479025841,0.0004286747134756297,-0.07000953704118729,0.9975462555885315],"EasingStyle":"Linear","EasingDirection":"In"},"HumanoidRootPart":{"Weight":1,"CFrame":[0,0,0,1,0,0,0,1,0,0,0,1],"EasingStyle":"Linear","EasingDirection":"In"},"Right Leg":{"Weight":1,"CFrame":[0.35532087087631228,0.019477665424346925,0.15275752544403077,0.8385075330734253,0.44046682119369509,-0.32077136635780337,-0.4112716019153595,0.8977689146995544,0.15769228339195252,0.35743650794029238,-0.00030235241865739226,0.9339373111724854],"EasingStyle":"Linear","EasingDirection":"In"}}},{"Time":0.3333333432674408,"poses":{"Left Leg":{"Weight":1,"CFrame":[-0.791442334651947,0.06753700971603394,-0.16838473081588746,0.922111988067627,-0.3192412555217743,-0.2186199277639389,0.33757734298706057,0.9398949146270752,0.05137280374765396,0.18907959759235383,-0.12117264419794083,0.9744569063186646],"EasingStyle":"Linear","EasingDirection":"In"},"Right Arm":{"Weight":1,"CFrame":[-0.034959495067596439,0.0008469820022583008,-0.000009119510650634766,0.7077955007553101,0.20880314707756043,-0.6748532652854919,0.3234359920024872,0.7535158395767212,0.572365939617157,0.6280244588851929,-0.6233899593353272,0.4658006429672241],"EasingStyle":"Linear","EasingDirection":"In"},"Left Arm":{"Weight":1,"CFrame":[0.3070434331893921,-0.27293258905410769,0.07236862182617188,0.7133352160453796,0.6607486605644226,-0.23358958959579469,-0.698104739189148,0.6992648839950562,-0.1538781076669693,0.06166624277830124,0.27283674478530886,0.9600819945335388],"EasingStyle":"Linear","EasingDirection":"In"},"Head":{"Weight":1,"CFrame":[1.0244548320770264e-7,0,4.76837158203125e-7,0.851471483707428,0.5219860076904297,0.05026993528008461,-0.49170249700546267,0.8280226588249207,-0.2694571316242218,-0.18227751553058625,0.20471718907356263,0.9616994261741638],"EasingStyle":"Linear","EasingDirection":"In"},"Torso":{"Weight":1,"CFrame":[0.31138700246810915,0.08493393659591675,-0.134796142578125,0.8749706745147705,-0.4824293851852417,-0.041088227182626727,0.4841187596321106,0.8704078197479248,0.0895509347319603,-0.007438486907631159,-0.09824604541063309,0.9951343536376953],"EasingStyle":"Linear","EasingDirection":"In"},"HumanoidRootPart":{"Weight":1,"CFrame":[0,0,0,1,0,0,0,1,0,0,0,1],"EasingStyle":"Linear","EasingDirection":"In"},"Right Leg":{"Weight":1,"CFrame":[0.24958066642284394,0.011264324188232422,0.1749422550201416,0.7644397020339966,0.4955477714538574,-0.4123883843421936,-0.45293545722961428,0.8680181503295898,0.20345564186573029,0.4587826132774353,0.031255535781383517,0.8879987001419067],"EasingStyle":"Linear","EasingDirection":"In"}}},{"Time":0.36666667461395266,"poses":{"Left Leg":{"Weight":1,"CFrame":[-0.7231433987617493,0.0670354962348938,-0.18491703271865846,0.9284821152687073,-0.25821083784103396,-0.26692330837249758,0.28171274065971377,0.9580243825912476,0.05317207798361778,0.24198953807353974,-0.12456505000591278,0.9622498154640198],"EasingStyle":"Linear","EasingDirection":"In"},"Right Arm":{"Weight":1,"CFrame":[2.9802322387695315e-8,-5.960464477539063e-8,0,0.6391652822494507,-2.7567139682105337e-7,-0.7690694332122803,0.5587759017944336,0.6871018409729004,0.46439245343208315,0.5284290313720703,-0.7265611886978149,0.43917176127433779],"EasingStyle":"Linear","EasingDirection":"In"},"Left Arm":{"Weight":1,"CFrame":[0.3586333990097046,-0.277678906917572,0.07664132118225098,0.821031391620636,0.5154337882995606,-0.24542959034442902,-0.5652810335159302,0.7940910458564758,-0.22333107888698579,0.07978112250566483,0.3220985233783722,0.9433385729789734],"EasingStyle":"Linear","EasingDirection":"In"},"Head":{"Weight":1,"CFrame":[6.705522537231445e-8,-1.4901161193847657e-8,1.1920928955078126e-7,0.8341425061225891,0.549541175365448,0.04701901227235794,-0.5150883197784424,0.8066455125808716,-0.2898397445678711,-0.197206512093544,0.217548668384552,0.9559195637702942],"EasingStyle":"Linear","EasingDirection":"In"},"Torso":{"Weight":1,"CFrame":[0.3531751036643982,0.06378184258937836,-0.13962531089782716,0.8612115979194641,-0.5064747333526611,-0.04240341857075691,0.5080269575119019,0.8553851246833801,0.10111787915229798,-0.014942379668354988,-0.10862596333026886,0.9939703941345215],"EasingStyle":"Linear","EasingDirection":"In"},"HumanoidRootPart":{"Weight":1,"CFrame":[0,0,0,1,0,0,0,1,0,0,0,1],"EasingStyle":"Linear","EasingDirection":"In"},"Right Leg":{"Weight":1,"CFrame":[0.13086526095867158,0.01791316270828247,0.1725395917892456,0.697373628616333,0.5128533840179443,-0.5006510615348816,-0.4607069790363312,0.8558757305145264,0.2350018322467804,0.5490164756774902,0.06676912307739258,0.8331401944160461],"EasingStyle":"Linear","EasingDirection":"In"}}},{"Time":0.4000000059604645,"poses":{"Left Leg":{"Weight":1,"CFrame":[-0.7101373672485352,0.07786327600479126,-0.20836472511291505,0.9264312982559204,-0.21541008353233338,-0.3087458312511444,0.24130693078041078,0.969269871711731,0.04781956598162651,0.2889571189880371,-0.11880411952733994,0.9499417543411255],"EasingStyle":"Linear","EasingDirection":"In"},"Right Arm":{"Weight":1,"CFrame":[0.01907515525817871,-0.0008404254913330078,-0.003985404968261719,0.5612570643424988,-0.18460115790367127,-0.8067919015884399,0.7121445536613464,0.6044136881828308,0.3571189045906067,0.42171162366867068,-0.7749881148338318,0.4706942141056061],"EasingStyle":"Linear","EasingDirection":"In"},"Left Arm":{"Weight":1,"CFrame":[0.3515770733356476,-0.2722157835960388,0.0751333236694336,0.9036204814910889,0.3609512150287628,-0.23061740398406983,-0.41860231757164,0.8582839369773865,-0.2968509793281555,0.09078644216060639,0.3647777736186981,0.926658034324646],"EasingStyle":"Linear","EasingDirection":"In"},"Head":{"Weight":1,"CFrame":[2.2351741790771486e-8,7.450580596923828e-8,-3.5762786865234377e-7,0.8388071656227112,0.5423157215118408,0.047918517142534259,-0.5079962611198425,0.8112941980361939,-0.28938135504722597,-0.19581200182437898,0.21839269995689393,0.9560137391090393],"EasingStyle":"Linear","EasingDirection":"In"},"Torso":{"Weight":1,"CFrame":[0.3782622218132019,0.062396883964538577,-0.13356971740722657,0.8043128848075867,-0.5923262238502502,-0.04722938686609268,0.5938366055488586,0.7984668016433716,0.09904073178768158,-0.020953329280018808,-0.10770627856254578,0.9939619302749634],"EasingStyle":"Linear","EasingDirection":"In"},"HumanoidRootPart":{"Weight":1,"CFrame":[0,0,0,1,0,0,0,1,0,0,0,1],"EasingStyle":"Linear","EasingDirection":"In"},"Right Leg":{"Weight":1,"CFrame":[0.09670150279998779,0.019629359245300294,0.21322667598724366,0.6151159405708313,0.5329858660697937,-0.5809979438781738,-0.48215267062187197,0.837336540222168,0.2576751708984375,0.6238278746604919,0.12162956595420838,0.772039532661438],"EasingStyle":"Linear","EasingDirection":"In"}}},{"Time":0.4333333373069763,"poses":{"Left Leg":{"Weight":1,"CFrame":[-0.6741844415664673,0.07687467336654663,-0.216933012008667,0.9231159090995789,-0.17166636884212495,-0.3440752923488617,0.19566985964775086,0.9800083041191101,0.0360148623585701,0.33101412653923037,-0.10057113319635391,0.9382510781288147],"EasingStyle":"Linear","EasingDirection":"In"},"Right Arm":{"Weight":1,"CFrame":[0.026686131954193116,-0.0017075836658477784,-0.013948917388916016,0.47561129927635195,-0.3294508457183838,-0.8156322836875916,0.8169426918029785,0.5092526078224182,0.27067771553993227,0.3261881172657013,-0.795062243938446,0.5113487243652344],"EasingStyle":"Linear","EasingDirection":"In"},"Left Arm":{"Weight":1,"CFrame":[0.3320678174495697,-0.2571098804473877,0.07096409797668457,0.9616335034370422,0.1997843086719513,-0.18800875544548036,-0.25732678174972536,0.894446849822998,-0.3657151460647583,0.09509967267513275,0.40006375312805178,0.9115400314331055],"EasingStyle":"Linear","EasingDirection":"In"},"Head":{"Weight":1,"CFrame":[5.960464477539063e-8,0,1.1920928955078126e-7,0.8528656363487244,0.5196735262870789,0.05059533938765526,-0.4859606921672821,0.8254873156547546,-0.28707650303840639,-0.1909518837928772,0.22025030851364137,0.956570565700531],"EasingStyle":"Linear","EasingDirection":"In"},"Torso":{"Weight":1,"CFrame":[0.40523844957351687,0.061160385608673099,-0.11840653419494629,0.7447121143341065,-0.6654644012451172,-0.050607629120349887,0.6668279767036438,0.7388472557067871,0.09718650579452515,-0.027282848954200746,-0.10612254589796066,0.9939787983894348],"EasingStyle":"Linear","EasingDirection":"In"},"HumanoidRootPart":{"Weight":1,"CFrame":[0,0,0,1,0,0,0,1,0,0,0,1],"EasingStyle":"Linear","EasingDirection":"In"},"Right Leg":{"Weight":1,"CFrame":[0.157198965549469,0.02256333827972412,0.34115564823150637,0.5081623196601868,0.5682204961776733,-0.6472223997116089,-0.5319175720214844,0.7980917096138,0.2830425798892975,0.6773735284805298,0.20043765008449555,0.7078065276145935],"EasingStyle":"Linear","EasingDirection":"In"}}},{"Time":0.46666666865348818,"poses":{"Left Leg":{"Weight":1,"CFrame":[-0.6254485845565796,0.06645727157592774,-0.21304166316986085,0.9184420704841614,-0.13255973160266877,-0.37268227338790896,0.1509755253791809,0.9883243441581726,0.020527802407741548,0.36560988426208498,-0.07511959224939347,0.9277318716049194],"EasingStyle":"Linear","EasingDirection":"In"},"Right Arm":{"Weight":1,"CFrame":[0.029356300830841066,-0.0025236010551452638,-0.0269012451171875,0.39040493965148928,-0.4431209862232208,-0.8069868087768555,0.8885836601257324,0.4106677174568176,0.20437993109226228,0.24083836376667024,-0.7968662977218628,0.5540768504142761],"EasingStyle":"Linear","EasingDirection":"In"},"Left Arm":{"Weight":1,"CFrame":[0.30259695649147036,-0.2342921495437622,0.0646662712097168,0.9917675852775574,0.04018302634358406,-0.12158305197954178,-0.08840486407279968,0.9017603993415833,-0.4230986535549164,0.09263739734888077,0.4303642511367798,0.897889256477356],"EasingStyle":"Linear","EasingDirection":"In"},"Head":{"Weight":1,"CFrame":[8.195638656616211e-8,6.705522537231445e-8,-4.172325134277344e-7,0.8742836713790894,0.48231783509254458,0.05475211143493652,-0.4496544897556305,0.8471972942352295,-0.2829620838165283,-0.18286345899105073,0.2227695733308792,0.9575670957565308],"EasingStyle":"Linear","EasingDirection":"In"},"Torso":{"Weight":1,"CFrame":[0.43368738889694216,0.060361579060554507,-0.09868693351745606,0.687880277633667,-0.723947286605835,-0.052164122462272647,0.7250305414199829,0.6819912791252136,0.09601429849863053,-0.03393380716443062,-0.10386693477630615,0.994012176990509],"EasingStyle":"Linear","EasingDirection":"In"},"HumanoidRootPart":{"Weight":1,"CFrame":[0,0,0,1,0,0,0,1,0,0,0,1],"EasingStyle":"Linear","EasingDirection":"In"},"Right Leg":{"Weight":1,"CFrame":[0.23784570395946504,0.06627309322357178,0.4992959499359131,0.40920063853263857,0.5879385471343994,-0.6977699398994446,-0.5690094232559204,0.7622412443161011,0.3085715174674988,0.7132903933525086,0.2707703709602356,0.6464524269104004],"EasingStyle":"Linear","EasingDirection":"In"}}},{"Time":0.5,"poses":{"Left Leg":{"Weight":1,"CFrame":[-0.5752617120742798,0.05093604326248169,-0.2018359899520874,0.9131873846054077,-0.10313132405281067,-0.394275039434433,0.11389730870723725,0.9934847950935364,0.0039307065308094028,0.391300767660141,-0.048496194183826449,0.918984055519104],"EasingStyle":"Linear","EasingDirection":"In"},"Right Arm":{"Weight":1,"CFrame":[0.033609673380851749,-0.0032048821449279787,-0.03985387086868286,0.30837538838386538,-0.5314812064170837,-0.7889437675476074,0.9371808171272278,0.31192782521247866,0.1561831533908844,0.16308513283729554,-0.7875460386276245,0.5942849516868591],"EasingStyle":"Linear","EasingDirection":"In"},"Left Arm":{"Weight":1,"CFrame":[0.26565423607826235,-0.20568794012069703,0.05677151679992676,0.9932762980461121,-0.10953687131404877,-0.03747051581740379,0.07980609685182572,0.8823371529579163,-0.46380168199539187,0.0838649570941925,0.45769304037094118,0.8851462602615356],"EasingStyle":"Linear","EasingDirection":"In"},"Head":{"Weight":1,"CFrame":[1.1920928955078126e-7,7.450580596923828e-9,3.5762786865234377e-7,0.9005001187324524,0.43069344758987429,0.06002234295010567,-0.3994956314563751,0.8738775849342346,-0.2770220935344696,-0.17176377773284913,0.22547976672649384,0.9589870572090149],"EasingStyle":"Linear","EasingDirection":"In"},"Torso":{"Weight":1,"CFrame":[0.463168203830719,0.06030553579330444,-0.07896876335144043,0.6397716999053955,-0.7668334245681763,-0.05156262591481209,0.7674738764762878,0.6338503360748291,0.09600859135389328,-0.04093960300087929,-0.10099653154611588,0.9940441846847534],"EasingStyle":"Linear","EasingDirection":"In"},"HumanoidRootPart":{"Weight":1,"CFrame":[0,0,0,1,0,0,0,1,0,0,0,1],"EasingStyle":"Linear","EasingDirection":"In"},"Right Leg":{"Weight":1,"CFrame":[0.32130634784698489,0.17745280265808106,0.6395277976989746,0.34240269660949709,0.5882065892219544,-0.7326481342315674,-0.5755105018615723,0.7476780414581299,0.3313089609146118,0.7426629662513733,0.30820539593696597,0.5945260524749756],"EasingStyle":"Linear","EasingDirection":"In"}}},{"Time":0.5333333611488342,"poses":{"Left Leg":{"Weight":1,"CFrame":[-0.5405759215354919,0.0356937050819397,-0.1922261118888855,0.9082489013671875,-0.09051039069890976,-0.4085240364074707,0.09393155574798584,0.9955096244812012,-0.011727874167263508,0.4077509939670563,-0.027721256017684938,0.912672221660614],"EasingStyle":"Linear","EasingDirection":"In"},"Right Arm":{"Weight":1,"CFrame":[0.04596971720457077,-0.003673374652862549,-0.04981720447540283,0.23027130961418153,-0.5976738333702087,-0.7679589986801148,0.9689266681671143,0.21405763924121858,0.12393809854984284,0.09031283110380173,-0.7726354002952576,0.6283934712409973],"EasingStyle":"Linear","EasingDirection":"In"},"Left Arm":{"Weight":1,"CFrame":[0.22373077273368836,-0.1732281744480133,0.04781210422515869,0.9685553908348084,-0.2422240972518921,0.05681656301021576,0.2388279139995575,0.8411733508110046,-0.4851685166358948,0.06972672790288925,0.48348209261894228,0.8725728988647461],"EasingStyle":"Linear","EasingDirection":"In"},"Head":{"Weight":1,"CFrame":[2.9802322387695315e-8,-7.450580596923828e-9,2.384185791015625e-7,0.9285314083099365,0.36534491181373598,0.06597498059272766,-0.33599621057510378,0.9025611281394959,-0.26923972368240359,-0.15791185200214387,0.2278302013874054,0.9608107805252075],"EasingStyle":"Linear","EasingDirection":"In"},"Torso":{"Weight":1,"CFrame":[0.4932483732700348,0.061268165707588199,-0.06381583213806153,0.6063138246536255,-0.7937479615211487,-0.04845455288887024,0.793752133846283,0.6003585457801819,0.09760739654302597,-0.04838554188609123,-0.09764160960912705,0.994044840335846],"EasingStyle":"Linear","EasingDirection":"In"},"HumanoidRootPart":{"Weight":1,"CFrame":[0,0,0,1,0,0,0,1,0,0,0,1],"EasingStyle":"Linear","EasingDirection":"In"},"Right Leg":{"Weight":1,"CFrame":[0.40921664237976076,0.36988621950149538,0.7187576293945313,0.32592540979385378,0.5713854432106018,-0.7531872391700745,-0.5407133102416992,0.7661837339401245,0.3472629189491272,0.7755009531974793,0.2940766513347626,0.558674693107605],"EasingStyle":"Linear","EasingDirection":"In"}}},{"Time":0.5666666626930237,"poses":{"Left Leg":{"Weight":1,"CFrame":[-0.5442329049110413,0.025575339794158937,-0.19617021083831788,0.9037977457046509,-0.1045309454202652,-0.414997935295105,0.10348416119813919,0.9943149089813232,-0.025080757215619088,0.41525983810424807,-0.020277565345168115,0.9094765782356262],"EasingStyle":"Linear","EasingDirection":"In"},"Right Arm":{"Weight":1,"CFrame":[0.07295992225408554,-0.0038470327854156496,-0.053802669048309329,0.15659445524215699,-0.642774224281311,-0.7498795986175537,0.9874524474143982,0.11756715178489685,0.10543102025985718,0.02039281092584133,-0.756980299949646,0.6531193852424622],"EasingStyle":"Linear","EasingDirection":"In"},"Left Arm":{"Weight":1,"CFrame":[0.17931675910949708,-0.13883930444717408,0.03832077980041504,0.9229429960250855,-0.3529808223247528,0.15356065332889558,0.3814811110496521,0.7853931784629822,-0.4874724745750427,0.05146285146474838,0.5084899663925171,0.8595287799835205],"EasingStyle":"Linear","EasingDirection":"In"},"Head":{"Weight":1,"CFrame":[8.940696716308594e-8,8.940696716308594e-8,2.384185791015625e-7,0.9551354050636292,0.2872527539730072,0.07212745398283005,-0.260091632604599,0.9300187826156616,-0.2596485912799835,-0.14166466891765595,0.2292397916316986,0.9630059003829956],"EasingStyle":"Linear","EasingDirection":"In"},"Torso":{"Weight":1,"CFrame":[0.5235504508018494,0.06344269216060639,-0.05780148506164551,0.5929698944091797,-0.8041073679924011,-0.04240339249372482,0.8032457828521729,0.5870020985603333,0.10111786425113678,-0.05641872435808182,-0.09402018040418625,0.9939703941345215],"EasingStyle":"Linear","EasingDirection":"In"},"HumanoidRootPart":{"Weight":1,"CFrame":[0,0,0,1,0,0,0,1,0,0,0,1],"EasingStyle":"Linear","EasingDirection":"In"},"Right Leg":{"Weight":1,"CFrame":[0.49092668294906618,0.6387185454368591,0.6942138671875,0.3731541633605957,0.5300236344337463,-0.7614665031433106,-0.45127174258232119,0.8208074569702148,0.3501841127872467,0.8106231689453125,0.21295563876628877,0.5454722046852112],"EasingStyle":"Linear","EasingDirection":"In"}}},{"Time":0.6000000238418579,"poses":{"Left Leg":{"Weight":1,"CFrame":[-0.5949125289916992,0.018751800060272218,-0.22008949518203736,0.896018922328949,-0.1521158218383789,-0.41714590787887576,0.1511853188276291,0.9878681302070618,-0.03549309819936752,0.4174843728542328,-0.031263772398233417,0.9081462025642395],"EasingStyle":"Linear","EasingDirection":"In"},"Right Arm":{"Weight":1,"CFrame":[0.12299004197120667,0.014798283576965332,-0.039570391178131106,0.08876235783100128,-0.6676962971687317,-0.7391228079795837,0.9949365854263306,0.02431238256394863,0.09752064198255539,-0.04714451730251312,-0.7440366148948669,0.6664736270904541],"EasingStyle":"Linear","EasingDirection":"In"},"Left Arm":{"Weight":1,"CFrame":[0.13490256667137147,-0.10445120930671692,0.028829336166381837,0.8638028502464294,-0.4396821856498718,0.24601717293262483,0.5029141902923584,0.7230231761932373,-0.47361859679222109,0.03036552481353283,0.5328388214111328,0.8456720113754273],"EasingStyle":"Linear","EasingDirection":"In"},"Head":{"Weight":1,"CFrame":[8.940696716308594e-8,1.4901161193847657e-8,-2.384185791015625e-7,0.9770746231079102,0.19810418784618379,0.07797418534755707,-0.1734047830104828,0.9530159831047058,-0.2483777105808258,-0.1235153079032898,0.22916248440742494,0.9655198454856873],"EasingStyle":"Linear","EasingDirection":"In"},"Torso":{"Weight":1,"CFrame":[0.5511331558227539,0.07056176662445069,-0.06333637237548828,0.5918594598770142,-0.805189847946167,-0.03703732043504715,0.8030930161476135,0.5851452350616455,0.11245818436145783,-0.06887797266244888,-0.09630383551120758,0.9929660558700562],"EasingStyle":"Linear","EasingDirection":"In"},"HumanoidRootPart":{"Weight":1,"CFrame":[0,0,0,1,0,0,0,1,0,0,0,1],"EasingStyle":"Linear","EasingDirection":"In"},"Right Leg":{"Weight":1,"CFrame":[0.5150638818740845,0.9296395778656006,0.5577690601348877,0.46396610140800478,0.4478451609611511,-0.764310359954834,-0.3035825192928314,0.8909325003623962,0.33775267004966738,0.8322097659111023,0.07532576471567154,0.5493203997612],"EasingStyle":"Linear","EasingDirection":"In"}}},{"Time":0.6333333253860474,"poses":{"Left Leg":{"Weight":1,"CFrame":[-0.6696155071258545,0.008121907711029053,-0.2561488151550293,0.8803423047065735,-0.22079943120479585,-0.41981545090675356,0.22349786758422852,0.973734974861145,-0.04346106946468353,0.4183853268623352,-0.05556735023856163,0.9065683484077454],"EasingStyle":"Linear","EasingDirection":"In"},"Right Arm":{"Weight":1,"CFrame":[0.19182533025741578,0.06141340732574463,-0.0039893388748168949,0.0300525464117527,-0.6766445636749268,-0.7356962561607361,0.9935185313224793,-0.06050306186079979,0.096231393516063