{"Sequence":[{"Time":0,"poses":{"Left Leg":{"Weight":1,"CFrame":[0.13099387288093568,0.02112412452697754,0.08261129260063172,0.6669320464134216,-0.20063094794750215,0.7175993919372559,0.2543562054634094,0.9665188193321228,0.03382846713066101,-0.7003602981567383,0.15996453166007996,0.6956341862678528],"EasingStyle":"Constant","EasingDirection":"In"},"Right Arm":{"Weight":1,"CFrame":[-0.34088245034217837,-0.11957773566246033,0.14760518074035645,0.9775274395942688,-0.20236553251743318,0.05906197428703308,0.17407001554965974,0.932878851890564,0.31533586978912356,-0.11891080439090729,-0.29796865582466128,0.9471403956413269],"EasingStyle":"Constant","EasingDirection":"In"},"Head":{"Weight":1,"CFrame":[8.33553031043266e-8,9.313229298868464e-9,-1.7881393432617188e-7,1,-2.597774972912248e-8,8.37354505733856e-8,8.966752318428917e-8,1,-7.59027898311615e-8,-8.717383792600231e-8,7.217749953269959e-8,1],"EasingStyle":"Constant","EasingDirection":"In"},"Right Leg":{"Weight":1,"CFrame":[0.281619131565094,0.0868270993232727,0.028941839933395387,0.9911243915557861,0.08419092744588852,-0.1028803214430809,-0.0807843804359436,0.996050238609314,0.0368492491543293,0.10557643324136734,-0.02821110375225544,0.9940109252929688],"EasingStyle":"Constant","EasingDirection":"In"},"Torso":{"Weight":1,"CFrame":[-0.013721282593905926,-0.03214360773563385,-0.06981062889099121,0.9197092056274414,0.3922254741191864,-0.017151685431599618,-0.39260032773017886,0.9188311100006104,-0.040179476141929629,9.052609328819017e-8,0.04368719086050987,0.9990452527999878],"EasingStyle":"Constant","EasingDirection":"In"},"HumanoidRootPart":{"Weight":0,"CFrame":[0,0,0,1,0,0,0,1,0,0,0,1],"EasingStyle":"Linear","EasingDirection":"In"},"Left Arm":{"Weight":1,"CFrame":[-0.007625564932823181,-0.17438283562660218,1.1920928955078126e-7,0.9809091687202454,0.12059599906206131,-0.1525580883026123,-0.07135041803121567,0.9529687762260437,0.29454970359802248,0.18090464174747468,-0.27804142236709597,0.9433803558349609],"EasingStyle":"Constant","EasingDirection":"In"}}},{"Time":0.03333333507180214,"poses":{"Left Leg":{"Weight":1,"CFrame":[0.13099387288093568,0.02112412452697754,0.08261129260063172,0.6669320464134216,-0.20063094794750215,0.7175993919372559,0.2543562054634094,0.9665188193321228,0.03382846713066101,-0.7003602981567383,0.15996453166007996,0.6956341862678528],"EasingStyle":"Constant","EasingDirection":"In"},"Right Arm":{"Weight":1,"CFrame":[-0.34088245034217837,-0.11957773566246033,0.14760518074035645,0.9775274395942688,-0.20236553251743318,0.05906197428703308,0.17407001554965974,0.932878851890564,0.31533586978912356,-0.11891080439090729,-0.29796865582466128,0.9471403956413269],"EasingStyle":"Constant","EasingDirection":"In"},"Head":{"Weight":1,"CFrame":[8.33553031043266e-8,9.313229298868464e-9,-1.7881393432617188e-7,1,-2.597774972912248e-8,8.37354505733856e-8,8.966752318428917e-8,1,-7.59027898311615e-8,-8.717383792600231e-8,7.217749953269959e-8,1],"EasingStyle":"Constant","EasingDirection":"In"},"Right Leg":{"Weight":1,"CFrame":[0.281619131565094,0.0868270993232727,0.028941839933395387,0.9911243915557861,0.08419092744588852,-0.1028803214430809,-0.0807843804359436,0.996050238609314,0.0368492491543293,0.10557643324136734,-0.02821110375225544,0.9940109252929688],"EasingStyle":"Constant","EasingDirection":"In"},"Torso":{"Weight":1,"CFrame":[-0.013721282593905926,-0.03214360773563385,-0.06981062889099121,0.9197092056274414,0.3922254741191864,-0.017151685431599618,-0.39260032773017886,0.9188311100006104,-0.040179476141929629,9.052609328819017e-8,0.04368719086050987,0.9990452527999878],"EasingStyle":"Constant","EasingDirection":"In"},"HumanoidRootPart":{"Weight":0,"CFrame":[0,0,0,1,0,0,0,1,0,0,0,1],"EasingStyle":"Linear","EasingDirection":"In"},"Left Arm":{"Weight":1,"CFrame":[-0.007625564932823181,-0.17438283562660218,1.1920928955078126e-7,0.9809091687202454,0.12059599906206131,-0.1525580883026123,-0.07135041803121567,0.9529687762260437,0.29454970359802248,0.18090464174747468,-0.27804142236709597,0.9433803558349609],"EasingStyle":"Constant","EasingDirection":"In"}}},{"Time":0.06666667014360428,"poses":{"Left Leg":{"Weight":1,"CFrame":[0.13099387288093568,0.02112412452697754,0.08261129260063172,0.6669320464134216,-0.20063094794750215,0.7175993919372559,0.2543562054634094,0.9665188193321228,0.03382846713066101,-0.7003602981567383,0.15996453166007996,0.6956341862678528],"EasingStyle":"Constant","EasingDirection":"In"},"Right Arm":{"Weight":1,"CFrame":[-0.34088245034217837,-0.11957773566246033,0.14760518074035645,0.9775274395942688,-0.20236553251743318,0.05906197428703308,0.17407001554965974,0.932878851890564,0.31533586978912356,-0.11891080439090729,-0.29796865582466128,0.9471403956413269],"EasingStyle":"Constant","EasingDirection":"In"},"Head":{"Weight":1,"CFrame":[8.33553031043266e-8,9.313229298868464e-9,-1.7881393432617188e-7,1,-2.597774972912248e-8,8.37354505733856e-8,8.966752318428917e-8,1,-7.59027898311615e-8,-8.717383792600231e-8,7.217749953269959e-8,1],"EasingStyle":"Constant","EasingDirection":"In"},"Right Leg":{"Weight":1,"CFrame":[0.281619131565094,0.0868270993232727,0.028941839933395387,0.9911243915557861,0.08419092744588852,-0.1028803214430809,-0.0807843804359436,0.996050238609314,0.0368492491543293,0.10557643324136734,-0.02821110375225544,0.9940109252929688],"EasingStyle":"Constant","EasingDirection":"In"},"Torso":{"Weight":1,"CFrame":[-0.013721282593905926,-0.03214360773563385,-0.06981062889099121,0.9197092056274414,0.3922254741191864,-0.017151685431599618,-0.39260032773017886,0.9188311100006104,-0.040179476141929629,9.052609328819017e-8,0.04368719086050987,0.9990452527999878],"EasingStyle":"Constant","EasingDirection":"In"},"HumanoidRootPart":{"Weight":0,"CFrame":[0,0,0,1,0,0,0,1,0,0,0,1],"EasingStyle":"Linear","EasingDirection":"In"},"Left Arm":{"Weight":1,"CFrame":[-0.007625564932823181,-0.17438283562660218,1.1920928955078126e-7,0.9809091687202454,0.12059599906206131,-0.1525580883026123,-0.07135041803121567,0.9529687762260437,0.29454970359802248,0.18090464174747468,-0.27804142236709597,0.9433803558349609],"EasingStyle":"Constant","EasingDirection":"In"}}},{"Time":0.10000000149011612,"poses":{"Left Leg":{"Weight":1,"CFrame":[0.16745276749134065,0.02083754539489746,0.04852265119552612,0.6656392216682434,-0.18278369307518006,0.7235430479049683,0.22484596073627473,0.9736093878746033,0.039104241877794269,-0.7115959525108337,0.13665643334388734,0.689170777797699],"EasingStyle":"Constant","EasingDirection":"In"},"Right Arm":{"Weight":1,"CFrame":[-0.3408734202384949,-0.12071257829666138,0.14759039878845216,0.9788820147514343,-0.19803397357463838,0.05072063207626343,0.1705598086118698,0.9279513955116272,0.3313843607902527,-0.11269170045852661,-0.3157353103160858,0.9421315789222717],"EasingStyle":"Constant","EasingDirection":"In"},"Head":{"Weight":1,"CFrame":[7.747257768642157e-8,-1.1641585473398664e-9,-3.5762786865234377e-7,1,-1.0323491039798682e-7,8.802953743725084e-8,1.0184133714119526e-7,1,-3.725290298461914e-8,-8.604683898738586e-8,3.864988684654236e-8,1],"EasingStyle":"Constant","EasingDirection":"In"},"Right Leg":{"Weight":1,"CFrame":[0.23684898018836976,0.07086801528930664,0.03180760145187378,0.989988386631012,0.06577504426240921,-0.12488660216331482,-0.06253265589475632,0.9976006150245667,0.02971244603395462,0.12654143571853639,-0.021605579182505609,0.9917261004447937],"EasingStyle":"Constant","EasingDirection":"In"},"Torso":{"Weight":1,"CFrame":[-0.023230234161019326,-0.032200492918491366,-0.05483699217438698,0.9196814298629761,0.3922905921936035,-0.01715308055281639,-0.39266541600227358,0.9188029766082764,-0.04018630459904671,-0.000004405340860103024,0.043694015592336658,0.9990449547767639],"EasingStyle":"Constant","EasingDirection":"In"},"HumanoidRootPart":{"Weight":0,"CFrame":[0,0,0,1,0,0,0,1,0,0,0,1],"EasingStyle":"Linear","EasingDirection":"In"},"Left Arm":{"Weight":1,"CFrame":[-0.007563531398773193,-0.17464223504066468,0.0002117753028869629,0.980925977230072,0.12172459065914154,-0.1515502631664276,-0.06999530643224716,0.9485434293746948,0.3088138997554779,0.18134212493896485,-0.2923157811164856,0.9389710426330566],"EasingStyle":"Constant","EasingDirection":"In"}}},{"Time":0.13333334028720857,"poses":{"Left Leg":{"Weight":1,"CFrame":[0.16745276749134065,0.02083754539489746,0.04852265119552612,0.6656392216682434,-0.18278369307518006,0.7235430479049683,0.22484596073627473,0.9736093878746033,0.039104241877794269,-0.7115959525108337,0.13665643334388734,0.689170777797699],"EasingStyle":"Constant","EasingDirection":"In"},"Right Arm":{"Weight":1,"CFrame":[-0.3408734202384949,-0.12071257829666138,0.14759039878845216,0.9788820147514343,-0.19803397357463838,0.05072063207626343,0.1705598086118698,0.9279513955116272,0.3313843607902527,-0.11269170045852661,-0.3157353103160858,0.9421315789222717],"EasingStyle":"Constant","EasingDirection":"In"},"Head":{"Weight":1,"CFrame":[7.747257768642157e-8,-1.1641585473398664e-9,-3.5762786865234377e-7,1,-1.0323491039798682e-7,8.802953743725084e-8,1.0184133714119526e-7,1,-3.725290298461914e-8,-8.604683898738586e-8,3.864988684654236e-8,1],"EasingStyle":"Constant","EasingDirection":"In"},"Right Leg":{"Weight":1,"CFrame":[0.23684898018836976,0.07086801528930664,0.03180760145187378,0.989988386631012,0.06577504426240921,-0.12488660216331482,-0.06253265589475632,0.9976006150245667,0.02971244603395462,0.12654143571853639,-0.021605579182505609,0.9917261004447937],"EasingStyle":"Constant","EasingDirection":"In"},"Torso":{"Weight":1,"CFrame":[-0.023230234161019326,-0.032200492918491366,-0.05483699217438698,0.9196814298629761,0.3922905921936035,-0.01715308055281639,-0.39266541600227358,0.9188029766082764,-0.04018630459904671,-0.000004405340860103024,0.043694015592336658,0.9990449547767639],"EasingStyle":"Constant","EasingDirection":"In"},"HumanoidRootPart":{"Weight":0,"CFrame":[0,0,0,1,0,0,0,1,0,0,0,1],"EasingStyle":"Linear","EasingDirection":"In"},"Left Arm":{"Weight":1,"CFrame":[-0.007563531398773193,-0.17464223504066468,0.0002117753028869629,0.980925977230072,0.12172459065914154,-0.1515502631664276,-0.06999530643224716,0.9485434293746948,0.3088138997554779,0.18134212493896485,-0.2923157811164856,0.9389710426330566],"EasingStyle":"Constant","EasingDirection":"In"}}},{"Time":0.1666666716337204,"poses":{"Left Leg":{"Weight":1,"CFrame":[0.16745276749134065,0.02083754539489746,0.04852265119552612,0.6656392216682434,-0.18278369307518006,0.7235430479049683,0.22484596073627473,0.9736093878746033,0.039104241877794269,-0.7115959525108337,0.13665643334388734,0.689170777797699],"EasingStyle":"Constant","EasingDirection":"In"},"Right Arm":{"Weight":1,"CFrame":[-0.3408734202384949,-0.12071257829666138,0.14759039878845216,0.9788820147514343,-0.19803397357463838,0.05072063207626343,0.1705598086118698,0.9279513955116272,0.3313843607902527,-0.11269170045852661,-0.3157353103160858,0.9421315789222717],"EasingStyle":"Constant","EasingDirection":"In"},"Head":{"Weight":1,"CFrame":[7.747257768642157e-8,-1.1641585473398664e-9,-3.5762786865234377e-7,1,-1.0323491039798682e-7,8.802953743725084e-8,1.0184133714119526e-7,1,-3.725290298461914e-8,-8.604683898738586e-8,3.864988684654236e-8,1],"EasingStyle":"Constant","EasingDirection":"In"},"Right Leg":{"Weight":1,"CFrame":[0.23684898018836976,0.07086801528930664,0.03180760145187378,0.989988386631012,0.06577504426240921,-0.12488660216331482,-0.06253265589475632,0.9976006150245667,0.02971244603395462,0.12654143571853639,-0.021605579182505609,0.9917261004447937],"EasingStyle":"Constant","EasingDirection":"In"},"Torso":{"Weight":1,"CFrame":[-0.023230234161019326,-0.032200492918491366,-0.05483699217438698,0.9196814298629761,0.3922905921936035,-0.01715308055281639,-0.39266541600227358,0.9188029766082764,-0.04018630459904671,-0.000004405340860103024,0.043694015592336658,0.9990449547767639],"EasingStyle":"Constant","EasingDirection":"In"},"HumanoidRootPart":{"Weight":0,"CFrame":[0,0,0,1,0,0,0,1,0,0,0,1],"EasingStyle":"Linear","EasingDirection":"In"},"Left Arm":{"Weight":1,"CFrame":[-0.007563531398773193,-0.17464223504066468,0.0002117753028869629,0.980925977230072,0.12172459065914154,-0.1515502631664276,-0.06999530643224716,0.9485434293746948,0.3088138997554779,0.18134212493896485,-0.2923157811164856,0.9389710426330566],"EasingStyle":"Constant","EasingDirection":"In"}}},{"Time":0.20000000298023225,"poses":{"Left Leg":{"Weight":1,"CFrame":[0.34892988204956057,0.03749048709869385,-0.1374114751815796,0.6135398745536804,-0.1096297949552536,0.7820166349411011,0.07777343690395355,0.9938904643058777,0.07831400632858277,-0.7858244776725769,0.012771373614668846,0.6183178424835205],"EasingStyle":"Constant","EasingDirection":"In"},"Right Arm":{"Weight":1,"CFrame":[-0.3405091464519501,-0.16404986381530763,0.14700216054916383,0.9893878102302551,-0.14088718593120576,-0.035533878952264789,0.13954369723796845,0.8531939387321472,0.5025808811187744,-0.04049002006649971,-0.5022060871124268,0.8637996315956116],"EasingStyle":"Constant","EasingDirection":"In"},"Head":{"Weight":1,"CFrame":[8.44666061539101e-8,1.0943042028088712e-8,-1.1920928955078126e-7,1,6.0031206672306329e-9,8.782082971947603e-8,3.208879562066613e-8,1,1.5366826033869075e-8,-8.640927973146973e-8,-8.381904059717727e-9,1],"EasingStyle":"Constant","EasingDirection":"In"},"Right Leg":{"Weight":1,"CFrame":[0.08881903439760208,0.010952889919281006,0.06150418519973755,0.9425191879272461,0.0493873730301857,-0.33048224449157717,-0.05814597010612488,0.9981690645217896,-0.016662627458572389,0.3290542960166931,0.034921031445264819,0.943665087223053],"EasingStyle":"Constant","EasingDirection":"In"},"Torso":{"Weight":1,"CFrame":[-0.08954021334648133,-0.034309547394514087,-0.017983201891183854,0.9185666441917419,0.3948933780193329,-0.017167089506983758,-0.3952663838863373,0.9176841378211975,-0.04025430977344513,-0.00014219469449017197,0.043761830776929858,0.9990420937538147],"EasingStyle":"Constant","EasingDirection":"In"},"HumanoidRootPart":{"Weight":0,"CFrame":[0,0,0,1,0,0,0,1,0,0,0,1],"EasingStyle":"Linear","EasingDirection":"In"},"Left Arm":{"Weight":1,"CFrame":[-0.006869688630104065,-0.18500468134880067,0.002573668956756592,0.980199933052063,0.1370614767074585,-0.14290665090084077,-0.05648138001561165,0.8852635622024536,0.4616473913192749,0.18978409469127656,-0.4444352686405182,0.8754767179489136],"EasingStyle":"Constant","EasingDirection":"In"}}},{"Time":0.23333333432674409,"poses":{"Left Leg":{"Weight":1,"CFrame":[0.34892988204956057,0.03749048709869385,-0.1374114751815796,0.6135398745536804,-0.1096297949552536,0.7820166349411011,0.07777343690395355,0.9938904643058777,0.07831400632858277,-0.7858244776725769,0.012771373614668846,0.6183178424835205],"EasingStyle":"Constant","EasingDirection":"In"},"Right Arm":{"Weight":1,"CFrame":[-0.3405091464519501,-0.16404986381530763,0.14700216054916383,0.9893878102302551,-0.14088718593120576,-0.035533878952264789,0.13954369723796845,0.8531939387321472,0.5025808811187744,-0.04049002006649971,-0.5022060871124268,0.8637996315956116],"EasingStyle":"Constant","EasingDirection":"In"},"Head":{"Weight":1,"CFrame":[8.44666061539101e-8,1.0943042028088712e-8,-1.1920928955078126e-7,1,6.0031206672306329e-9,8.782082971947603e-8,3.208879562066613e-8,1,1.5366826033869075e-8,-8.640927973146973e-8,-8.381904059717727e-9,1],"EasingStyle":"Constant","EasingDirection":"In"},"Right Leg":{"Weight":1,"CFrame":[0.08881903439760208,0.010952889919281006,0.06150418519973755,0.9425191879272461,0.0493873730301857,-0.33048224449157717,-0.05814597010612488,0.9981690645217896,-0.016662627458572389,0.3290542960166931,0.034921031445264819,0.943665087223053],"EasingStyle":"Constant","EasingDirection":"In"},"Torso":{"Weight":1,"CFrame":[-0.08954021334648133,-0.034309547394514087,-0.017983201891183854,0.9185666441917419,0.3948933780193329,-0.017167089506983758,-0.3952663838863373,0.9176841378211975,-0.04025430977344513,-0.00014219469449017197,0.043761830776929858,0.9990420937538147],"EasingStyle":"Constant","EasingDirection":"In"},"HumanoidRootPart":{"Weight":0,"CFrame":[0,0,0,1,0,0,0,1,0,0,0,1],"EasingStyle":"Linear","EasingDirection":"In"},"Left Arm":{"Weight":1,"CFrame":[-0.006869688630104065,-0.18500468134880067,0.002573668956756592,0.980199933052063,0.1370614767074585,-0.14290665090084077,-0.05648138001561165,0.8852635622024536,0.4616473913192749,0.18978409469127656,-0.4444352686405182,0.8754767179489136],"EasingStyle":"Constant","EasingDirection":"In"}}},{"Time":0.2666666805744171,"poses":{"Left Leg":{"Weight":1,"CFrame":[0.34892988204956057,0.03749048709869385,-0.1374114751815796,0.6135398745536804,-0.1096297949552536,0.7820166349411011,0.07777343690395355,0.9938904643058777,0.07831400632858277,-0.7858244776725769,0.012771373614668846,0.6183178424835205],"EasingStyle":"Constant","EasingDirection":"In"},"Right Arm":{"Weight":1,"CFrame":[-0.3405091464519501,-0.16404986381530763,0.14700216054916383,0.9893878102302551,-0.14088718593120576,-0.035533878952264789,0.13954369723796845,0.8531939387321472,0.5025808811187744,-0.04049002006649971,-0.5022060871124268,0.8637996315956116],"EasingStyle":"Constant","EasingDirection":"In"},"Head":{"Weight":1,"CFrame":[8.44666061539101e-8,1.0943042028088712e-8,-1.1920928955078126e-7,1,6.0031206672306329e-9,8.782082971947603e-8,3.208879562066613e-8,1,1.5366826033869075e-8,-8.640927973146973e-8,-8.381904059717727e-9,1],"EasingStyle":"Constant","EasingDirection":"In"},"Right Leg":{"Weight":1,"CFrame":[0.08881903439760208,0.010952889919281006,0.06150418519973755,0.9425191879272461,0.0493873730301857,-0.33048224449157717,-0.05814597010612488,0.9981690645217896,-0.016662627458572389,0.3290542960166931,0.034921031445264819,0.943665087223053],"EasingStyle":"Constant","EasingDirection":"In"},"Torso":{"Weight":1,"CFrame":[-0.08954021334648133,-0.034309547394514087,-0.017983201891183854,0.9185666441917419,0.3948933780193329,-0.017167089506983758,-0.3952663838863373,0.9176841378211975,-0.04025430977344513,-0.00014219469449017197,0.043761830776929858,0.9990420937538147],"EasingStyle":"Constant","EasingDirection":"In"},"HumanoidRootPart":{"Weight":0,"CFrame":[0,0,0,1,0,0,0,1,0,0,0,1],"EasingStyle":"Linear","EasingDirection":"In"},"Left Arm":{"Weight":1,"CFrame":[-0.006869688630104065,-0.18500468134880067,0.002573668956756592,0.980199933052063,0.1370614767074585,-0.14290665090084077,-0.05648138001561165,0.8852635622024536,0.4616473913192749,0.18978409469127656,-0.4444352686405182,0.8754767179489136],"EasingStyle":"Constant","EasingDirection":"In"}}},{"Time":0.30000001192092898,"poses":{"Left Leg":{"Weight":1,"CFrame":[0.4175404906272888,0.049059271812438968,-0.22931015491485597,0.5334760546684265,-0.10031208395957947,0.8398456573486328,0.03212037682533264,0.9946288466453552,0.09839640557765961,-0.8452051281929016,-0.02551594190299511,0.5338327288627625],"EasingStyle":"Constant","EasingDirection":"In"},"Right Arm":{"Weight":1,"CFrame":[-0.33910349011421206,-0.33634597063064577,0.14473164081573487,0.9912683367729187,-0.055879347026348117,-0.11943523585796356,0.12281160056591034,0.7210074663162231,0.6819570660591126,0.04800629988312721,-0.6906705498695374,0.7215745449066162],"EasingStyle":"Constant","EasingDirection":"In"},"Head":{"Weight":1,"CFrame":[8.760252967476845e-8,1.3038510715546181e-8,-7.152557373046875e-7,1,-4.2320611015611578e-8,8.620555291827259e-8,4.341564263654618e-8,1,-3.58559226754096e-8,-8.748612145836887e-8,3.9581212973871519e-8,1],"EasingStyle":"Constant","EasingDirection":"In"},"Right Leg":{"Weight":1,"CFrame":[0.05394616723060608,-0.005495429039001465,0.10363855957984925,0.8707431554794312,0.07513989508152008,-0.48596325516700747,-0.10230374336242676,0.9943138360977173,-0.02956521138548851,0.4809786081314087,0.07545949518680573,0.8734790086746216],"EasingStyle":"Constant","EasingDirection":"In"},"Torso":{"Weight":1,"CFrame":[-0.1124391108751297,-0.04430842027068138,-0.015003682114183903,0.91419517993927,0.40490999817848208,-0.0171782486140728,-0.4052737355232239,0.913306474685669,-0.04030504450201988,-0.0006309095188044012,0.04380857199430466,0.9990397691726685],"EasingStyle":"Constant","EasingDirection":"In"},"HumanoidRootPart":{"Weight":0,"CFrame":[0,0,0,1,0,0,0,1,0,0,0,1],"EasingStyle":"Linear","EasingDirection":"In"},"Left Arm":{"Weight":1,"CFrame":[-0.0060416460037231449,-0.22498944401741029,0.005392730236053467,0.9753773212432861,0.16877876222133637,-0.14196111261844636,-0.04339166730642319,0.7779696583747864,0.6268016695976257,0.2162323147058487,-0.6052082180976868,0.7661375403404236],"EasingStyle":"Constant","EasingDirection":"In"}}},{"Time":0.3333333432674408,"poses":{"Left Leg":{"Weight":1,"CFrame":[0.4175404906272888,0.049059271812438968,-0.22931015491485597,0.5334760546684265,-0.10031208395957947,0.8398456573486328,0.03212037682533264,0.9946288466453552,0.09839640557765961,-0.8452051281929016,-0.02551594190299511,0.5338327288627625],"EasingStyle":"Constant","EasingDirection":"In"},"Right Arm":{"Weight":1,"CFrame":[-0.33910349011421206,-0.33634597063064577,0.14473164081573487,0.9912683367729187,-0.055879347026348117,-0.11943523585796356,0.12281160056591034,0.7210074663162231,0.6819570660591126,0.04800629988312721,-0.6906705498695374,0.7215745449066162],"EasingStyle":"Constant","EasingDirection":"In"},"Head":{"Weight":1,"CFrame":[8.760252967476845e-8,1.3038510715546181e-8,-7.152557373046875e-7,1,-4.2320611015611578e-8,8.620555291827259e-8,4.341564263654618e-8,1,-3.58559226754096e-8,-8.748612145836887e-8,3.9581212973871519e-8,1],"EasingStyle":"Constant","EasingDirection":"In"},"Right Leg":{"Weight":1,"CFrame":[0.05394616723060608,-0.005495429039001465,0.10363855957984925,0.8707431554794312,0.07513989508152008,-0.48596325516700747,-0.10230374336242676,0.9943138360977173,-0.02956521138548851,0.4809786081314087,0.07545949518680573,0.8734790086746216],"EasingStyle":"Constant","EasingDirection":"In"},"Torso":{"Weight":1,"CFrame":[-0.1124391108751297,-0.04430842027068138,-0.015003682114183903,0.91419517993927,0.40490999817848208,-0.0171782486140728,-0.4052737355232239,0.913306474685669,-0.04030504450201988,-0.0006309095188044012,0.04380857199430466,0.9990397691726685],"EasingStyle":"Constant","EasingDirection":"In"},"HumanoidRootPart":{"Weight":0,"CFrame":[0,0,0,1,0,0,0,1,0,0,0,1],"EasingStyle":"Linear","EasingDirection":"In"},"Left Arm":{"Weight":1,"CFrame":[-0.0060416460037231449,-0.22498944401741029,0.005392730236053467,0.9753773212432861,0.16877876222133637,-0.14196111261844636,-0.04339166730642319,0.7779696583747864,0.6268016695976257,0.2162323147058487,-0.6052082180976868,0.7661375403404236],"EasingStyle":"Constant","EasingDirection":"In"}}},{"Time":0.36666667461395266,"poses":{"Left Leg":{"Weight":1,"CFrame":[0.4175404906272888,0.049059271812438968,-0.22931015491485597,0.5334760546684265,-0.10031208395957947,0.8398456573486328,0.03212037682533264,0.9946288466453552,0.09839640557765961,-0.8452051281929016,-0.02551594190299511,0.5338327288627625],"EasingStyle":"Constant","EasingDirection":"In"},"Right Arm":{"Weight":1,"CFrame":[-0.33910349011421206,-0.33634597063064577,0.14473164081573487,0.9912683367729187,-0.055879347026348117,-0.11943523585796356,0.12281160056591034,0.7210074663162231,0.6819570660591126,0.04800629988312721,-0.6906705498695374,0.7215745449066162],"EasingStyle":"Constant","EasingDirection":"In"},"Head":{"Weight":1,"CFrame":[8.760252967476845e-8,1.3038510715546181e-8,-7.152557373046875e-7,1,-4.2320611015611578e-8,8.620555291827259e-8,4.341564263654618e-8,1,-3.58559226754096e-8,-8.748612145836887e-8,3.9581212973871519e-8,1],"EasingStyle":"Constant","EasingDirection":"In"},"Right Leg":{"Weight":1,"CFrame":[0.05394616723060608,-0.005495429039001465,0.10363855957984925,0.8707431554794312,0.07513989508152008,-0.48596325516700747,-0.10230374336242676,0.9943138360977173,-0.02956521138548851,0.4809786081314087,0.07545949518680573,0.8734790086746216],"EasingStyle":"Constant","EasingDirection":"In"},"Torso":{"Weight":1,"CFrame":[-0.1124391108751297,-0.04430842027068138,-0.015003682114183903,0.91419517993927,0.40490999817848208,-0.0171782486140728,-0.4052737355232239,0.913306474685669,-0.04030504450201988,-0.0006309095188044012,0.04380857199430466,0.9990397691726685],"EasingStyle":"Constant","EasingDirection":"In"},"HumanoidRootPart":{"Weight":0,"CFrame":[0,0,0,1,0,0,0,1,0,0,0,1],"EasingStyle":"Linear","EasingDirection":"In"},"Left Arm":{"Weight":1,"CFrame":[-0.0060416460037231449,-0.22498944401741029,0.005392730236053467,0.9753773212432861,0.16877876222133637,-0.14196111261844636,-0.04339166730642319,0.7779696583747864,0.6268016695976257,0.2162323147058487,-0.6052082180976868,0.7661375403404236],"EasingStyle":"Constant","EasingDirection":"In"}}},{"Time":0.4000000059604645,"poses":{"Left Leg":{"Weight":1,"CFrame":[0.13648217916488648,0.11925303936004639,0.20181134343147279,0.36695462465286257,-0.44041794538497927,0.8193755745887756,0.43759965896606448,0.8590042591094971,0.2657409608364105,-0.8208842873573303,0.26104357838630679,0.5079423189163208],"EasingStyle":"Constant","EasingDirection":"In"},"Right Arm":{"Weight":1,"CFrame":[-0.1520117074251175,-0.7171163558959961,-0.0014657378196716309,0.7733612656593323,-0.5497371554374695,-0.31575533747673037,0.5982530117034912,0.46802911162376406,0.6504167318344116,-0.20977555215358735,-0.6919088363647461,0.6908376216888428],"EasingStyle":"Constant","EasingDirection":"In"},"Head":{"Weight":1,"CFrame":[8.381903171539307e-8,-1.5366822481155397e-8,-8.940696716308594e-8,0.994644820690155,-0.09510689228773117,0.040454741567373279,0.09479553252458573,0.995451033115387,0.00955126155167818,-0.04117909073829651,-0.005665187258273363,0.9991357922554016],"EasingStyle":"Constant","EasingDirection":"In"},"Right Leg":{"Weight":1,"CFrame":[0.20362263917922975,0.06592369079589844,0.07972472906112671,0.950047492980957,0.08628145605325699,-0.29994216561317446,-0.10386087000370026,0.9936560392379761,-0.043136999011039737,0.2943176031112671,0.07213441282510758,0.9529815912246704],"EasingStyle":"Constant","EasingDirection":"In"},"Torso":{"Weight":1,"CFrame":[-0.15308994054794312,-0.08327392488718033,-0.10241341590881348,0.7921820878982544,0.6102758049964905,-0.003347397316247225,-0.6100627183914185,0.7917335629463196,-0.03133190795779228,-0.016470862552523614,0.026862697675824167,0.9995034337043762],"EasingStyle":"Constant","EasingDirection":"In"},"HumanoidRootPart":{"Weight":0,"CFrame":[0,0,0,1,0,0,0,1,0,0,0,1],"EasingStyle":"Linear","EasingDirection":"In"},"Left Arm":{"Weight":1,"CFrame":[-0.11010980606079102,-0.6060528755187988,-0.12784937024116517,0.6465266942977905,0.7623687386512756,-0.02823968417942524,-0.5885320901870728,0.5219738483428955,0.6173921227455139,0.485420823097229,-0.3825405538082123,0.7861485481262207],"EasingStyle":"Constant","EasingDirection":"In"}}},{"Time":0.4333333373069763,"poses":{"Left Leg":{"Weight":1,"CFrame":[0.13648217916488648,0.11925303936004639,0.20181134343147279,0.36695462465286257,-0.44041794538497927,0.8193755745887756,0.43759965896606448,0.8590042591094971,0.2657409608364105,-0.8208842873573303,0.26104357838630679,0.5079423189163208],"EasingStyle":"Constant","EasingDirection":"In"},"Right Arm":{"Weight":1,"CFrame":[-0.1520117074251175,-0.7171163558959961,-0.0014657378196716309,0.7733612656593323,-0.5497371554374695,-0.31575533747673037,0.5982530117034912,0.46802911162376406,0.6504167318344116,-0.20977555215358735,-0.6919088363647461,0.6908376216888428],"EasingStyle":"Constant","EasingDirection":"In"},"Head":{"Weight":1,"CFrame":[8.381903171539307e-8,-1.5366822481155397e-8,-8.940696716308594e-8,0.994644820690155,-0.09510689228773117,0.040454741567373279,0.09479553252458573,0.995451033115387,0.00955126155167818,-0.04117909073829651,-0.005665187258273363,0.9991357922554016],"EasingStyle":"Constant","EasingDirection":"In"},"Right Leg":{"Weight":1,"CFrame":[0.20362263917922975,0.06592369079589844,0.07972472906112671,0.950047492980957,0.08628145605325699,-0.29994216561317446,-0.10386087000370026,0.9936560392379761,-0.043136999011039737,0.2943176031112671,0.07213441282510758,0.9529815912246704],"EasingStyle":"Constant","EasingDirection":"In"},"Torso":{"Weight":1,"CFrame":[-0.15308994054794312,-0.08327392488718033,-0.10241341590881348,0.7921820878982544,0.6102758049964905,-0.003347397316247225,-0.6100627183914185,0.7917335629463196,-0.03133190795779228,-0.016470862552523614,0.026862697675824167,0.9995034337043762],"EasingStyle":"Constant","EasingDirection":"In"},"HumanoidRootPart":{"Weight":0,"CFrame":[0,0,0,1,0,0,0,1,0,0,0,1],"EasingStyle":"Linear","EasingDirection":"In"},"Left Arm":{"Weight":1,"CFrame":[-0.11010980606079102,-0.6060528755187988,-0.12784937024116517,0.6465266942977905,0.7623687386512756,-0.02823968417942524,-0.5885320901870728,0.5219738483428955,0.6173921227455139,0.485420823097229,-0.3825405538082123,0.7861485481262207],"EasingStyle":"Constant","EasingDirection":"In"}}},{"Time":0.46666666865348818,"poses":{"Left Leg":{"Weight":1,"CFrame":[0.13648217916488648,0.11925303936004639,0.20181134343147279,0.36695462465286257,-0.44041794538497927,0.8193755745887756,0.43759965896606448,0.8590042591094971,0.2657409608364105,-0.8208842873573303,0.26104357838630679,0.5079423189163208],"EasingStyle":"Constant","EasingDirection":"In"},"Right Arm":{"Weight":1,"CFrame":[-0.1520117074251175,-0.7171163558959961,-0.0014657378196716309,0.7733612656593323,-0.5497371554374695,-0.31575533747673037,0.5982530117034912,0.46802911162376406,0.6504167318344116,-0.20977555215358735,-0.6919088363647461,0.6908376216888428],"EasingStyle":"Constant","EasingDirection":"In"},"Head":{"Weight":1,"CFrame":[8.381903171539307e-8,-1.5366822481155397e-8,-8.940696716308594e-8,0.994644820690155,-0.09510689228773117,0.040454741567373279,0.09479553252458573,0.995451033115387,0.00955126155167818,-0.04117909073829651,-0.005665187258273363,0.9991357922554016],"EasingStyle":"Constant","EasingDirection":"In"},"Right Leg":{"Weight":1,"CFrame":[0.20362263917922975,0.06592369079589844,0.07972472906112671,0.950047492980957,0.08628145605325699,-0.29994216561317446,-0.10386087000370026,0.9936560392379761,-0.043136999011039737,0.2943176031112671,0.07213441282510758,0.9529815912246704],"EasingStyle":"Constant","EasingDirection":"In"},"Torso":{"Weight":1,"CFrame":[-0.15308994054794312,-0.08327392488718033,-0.10241341590881348,0.7921820878982544,0.6102758049964905,-0.003347397316247225,-0.6100627183914185,0.7917335629463196,-0.03133190795779228,-0.016470862552523614,0.026862697675824167,0.9995034337043762],"EasingStyle":"Constant","EasingDirection":"In"},"HumanoidRootPart":{"Weight":0,"CFrame":[0,0,0,1,0,0,0,1,0,0,0,1],"EasingStyle":"Linear","EasingDirection":"In"},"Left Arm":{"Weight":1,"CFrame":[-0.11010980606079102,-0.6060528755187988,-0.12784937024116517,0.6465266942977905,0.7623687386512756,-0.02823968417942524,-0.5885320901870728,0.5219738483428955,0.6173921227455139,0.485420823097229,-0.3825405538082123,0.7861485481262207],"EasingStyle":"Constant","EasingDirection":"In"}}},{"Time":0.5,"poses":{"Left Leg":{"Weight":1,"CFrame":[-0.12940090894699098,-0.2707379460334778,0.34702104330062868,0.01782391220331192,-0.844628095626831,0.5350566506385803,0.9158189296722412,0.22852236032485963,0.3302322328090668,-0.40119582414627077,0.4841289818286896,0.777599573135376],"EasingStyle":"Constant","EasingDirection":"In"},"Right Arm":{"Weight":1,"CFrame":[0.3563162088394165,-0.9012324810028076,-0.37648749351501467,-0.8149460554122925,-0.5751920938491821,-0.0708310529589653,0.5576493144035339,-0.8115606904029846,0.17434647679328919,-0.15776638686656953,0.10258384793996811,0.9821335673332214],"EasingStyle":"Constant","EasingDirection":"In"},"Head":{"Weight":1,"CFrame":[6.705522537231445e-8,1.30385160446167e-8,1.1920928955078126e-7,0.9209408760070801,-0.3602827787399292,0.1485406905412674,0.35568588972091677,0.9328432083129883,0.05736926943063736,-0.15923438966274262,1.2852252950779076e-7,0.9872409105300903],"EasingStyle":"Constant","EasingDirection":"In"},"Right Leg":{"Weight":1,"CFrame":[0.32704949378967287,0.33779072761535647,-0.271362841129303,0.9860981702804565,0.025963349267840387,0.1641235500574112,-0.030779507011175157,0.9991650581359863,0.02686893753707409,-0.16328884661197663,-0.03154706582427025,0.9860738515853882],"EasingStyle":"Constant","EasingDirection":"In"},"Torso":{"Weight":1,"CFrame":[-0.26296621561050417,-0.09968079626560211,-0.3434095084667206,0.42144453525543215,0.9060531258583069,0.03810941427946091,-0.9061706066131592,0.4223862588405609,-0.021087663248181344,-0.03520343452692032,-0.02564634382724762,0.999051034450531],"EasingStyle":"Constant","EasingDirection":"In"},"HumanoidRootPart":{"Weight":0,"CFrame":[0,0,0,1,0,0,0,1,0,0,0,1],"EasingStyle":"Linear","EasingDirection":"In"},"Left Arm":{"Weight":1,"CFrame":[-0.40810060501098635,-0.9859631657600403,-0.5107662677764893,-0.8471236228942871,0.4454300105571747,-0.28978195786476138,-0.5090212821960449,-0.8367562294006348,0.2018330842256546,-0.152574360370636,0.3184826076030731,0.9355692267417908],"EasingStyle":"Constant","EasingDirection":"In"}}},{"Time":0.5333333611488342,"poses":{"Left Leg":{"Weight":1,"CFrame":[-0.12940090894699098,-0.2707379460334778,0.34702104330062868,0.01782391220331192,-0.844628095626831,0.5350566506385803,0.9158189296722412,0.22852236032485963,0.3302322328090668,-0.40119582414627077,0.4841289818286896,0.777599573135376],"EasingStyle":"Constant","EasingDirection":"In"},"Right Arm":{"Weight":1,"CFrame":[0.3563162088394165,-0.9012324810028076,-0.37648749351501467,-0.8149460554122925,-0.5751920938491821,-0.0708310529589653,0.5576493144035339,-0.8115606904029846,0.17434647679328919,-0.15776638686656953,0.10258384793996811,0.9821335673332214],"EasingStyle":"Constant","EasingDirection":"In"},"Head":{"Weight":1,"CFrame":[6.705522537231445e-8,1.30385160446167e-8,1.1920928955078126e-7,0.9209408760070801,-0.3602827787399292,0.1485406905412674,0.35568588972091677,0.9328432083129883,0.05736926943063736,-0.15923438966274262,1.2852252950779076e-7,0.9872409105300903],"EasingStyle":"Constant","EasingDirection":"In"},"Right Leg":{"Weight":1,"CFrame":[0.32704949378967287,0.33779072761535647,-0.271362841129303,0.9860981702804565,0.025963349267840387,0.1641235500574112,-0.030779507011175157,0.9991650581359863,0.02686893753707409,-0.16328884661197663,-0.03154706582427025,0.9860738515853882],"EasingStyle":"Constant","EasingDirection":"In"},"Torso":{"Weight":1,"CFrame":[-0.26296621561050417,-0.09968079626560211,-0.3434095084667206,0.42144453525543215,0.9060531258583069,0.03810941427946091,-0.9061706066131592,0.4223862588405609,-0.021087663248181344,-0.03520343452692032,-0.02564634382724762,0.999051034450531],"EasingStyle":"Constant","EasingDirection":"In"},"HumanoidRootPart":{"Weight":0,"CFrame":[0,0,0,1,0,0,0,1,0,0,0,1],"EasingStyle":"Linear","EasingDirection":"In"},"Left Arm":{"Weight":1,"CFrame":[-0.40810060501098635,-0.9859631657600403,-0.5107662677764893,-0.8471236228942871,0.4454300105571747,-0.28978195786476138,-0.5090212821960449,-0.8367562294006348,0.2018330842256546,-0.152574360370636,0.3184826076030731,0.9355692267417908],"EasingStyle":"Constant","EasingDirection":"In"}}},{"Time":0.5666666626930237,"poses":{"Left Leg":{"Weight":1,"CFrame":[-0.12940090894699098,-0.2707379460334778,0.34702104330062868,0.01782391220331192,-0.844628095626831,0.5350566506385803,0.9158189296722412,0.22852236032485963,0.3302322328090668,-0.40119582414627077,0.4841289818286896,0.777599573135376],"EasingStyle":"Constant","EasingDirection":"In"},"Right Arm":{"Weight":1,"CFrame":[0.3563162088394165,-0.9012324810028076,-0.37648749351501467,-0.8149460554122925,-0.5751920938491821,-0.0708310529589653,0.5576493144035339,-0.8115606904029846,0.17434647679328919,-0.15776638686656953,0.10258384793996811,0.9821335673332214],"EasingStyle":"Constant","EasingDirection":"In"},"Head":{"Weight":1,"CFrame":[6.705522537231445e-8,1.30385160446167e-8,1.1920928955078126e-7,0.9209408760070801,-0.3602827787399292,0.1485406905412674,0.35568588972091677,0.9328432083129883,0.05736926943063736,-0.15923438966274262,1.2852252950779076e-7,0.9872409105300903],"EasingStyle":"Constant","EasingDirection":"In"},"Right Leg":{"Weight":1,"CFrame":[0.32704949378967287,0.33779072761535647,-0.271362841129303,0.9860981702804565,0.025963349267840387,0.1641235500574112,-0.030779507011175157,0.9991650581359863,0.02686893753707409,-0.16328884661197663,-0.03154706582427025,0.9860738515853882],"EasingStyle":"Constant","EasingDirection":"In"},"Torso":{"Weight":1,"CFrame":[-0.26296621561050417,-0.09968079626560211,-0.3434095084667206,0.42144453525543215,0.9060531258583069,0.03810941427946091,-0.9061706066131592,0.4223862588405609,-0.021087663248181344,-0.03520343452692032,-0.02564634382724762,0.999051034450531],"EasingStyle":"Constant","EasingDirection":"In"},"HumanoidRootPart":{"Weight":0,"CFrame":[0,0,0,1,0,0,0,1,0,0,0,1],"EasingStyle":"Linear","EasingDirection":"In"},"Left Arm":{"Weight":1,"CFrame":[-0.40810060501098635,-0.9859631657600403,-0.5107662677764893,-0.8471236228942871,0.4454300105571747,-0.28978195786476138,-0.5090212821960449,-0.8367562294006348,0.2018330842256546,-0.152574360370636,0.3184826076030731,0.9355692267417908],"EasingStyle":"Constant","EasingDirection":"In"}}},{"Time":0.6000000238418579,"poses":{"Left Leg":{"Weight":1,"CFrame":[-0.1954748034477234,-0.2719237208366394,0.3261375427246094,0.14519637823104859,-0.8369287252426148,0.5277010202407837,0.9155070781707764,0.3158974349498749,0.2491094172000885,-0.3751862049102783,0.4469442069530487,0.8120814561843872],"EasingStyle":"Constant","EasingDirection":"In"},"Right Arm":{"Weight":1,"CFrame":[0.35638463497161868,-0.9014948606491089,-0.37648457288742068,-0.815173327922821,-0.5750642418861389,-0.06923620402812958,0.5578292608261108,-0.8116264343261719,0.17346185445785523,-0.15594567358493806,0.10277938097715378,0.9824038147926331],"EasingStyle":"Constant","EasingDirection":"In"},"Head":{"Weight":1,"CFrame":[6.705522537231445e-8,-1.862645149230957e-8,4.76837158203125e-7,0.9209408164024353,-0.3602827787399292,0.1485406905412674,0.355685830116272,0.9328431487083435,0.05736932158470154,-0.15923437476158143,7.729978079851208e-8,0.9872407913208008],"EasingStyle":"Constant","EasingDirection":"In"},"Right Leg":{"Weight":1,"CFrame":[0.3102242350578308,0.2741857171058655,-0.2617433965206146,0.9905465841293335,-0.021386543288826944,0.13549946248531342,0.01646067574620247,0.999165952205658,0.03736969083547592,-0.13618551194667817,-0.03478598594665527,0.9900724291801453],"EasingStyle":"Constant","EasingDirection":"In"},"Torso":{"Weight":1,"CFrame":[-0.25011134147644045,-0.08606564998626709,-0.265566885471344,0.4468558728694916,0.8945579528808594,0.00927798729389906,-0.8941347599029541,0.4469330310821533,-0.027823327109217645,-0.02903621457517147,0.004137243609875441,0.9995698928833008],"EasingStyle":"Constant","EasingDirection":"In"},"HumanoidRootPart":{"Weight":0,"CFrame":[0,0,0,1,0,0,0,1,0,0,0,1],"EasingStyle":"Linear","EasingDirection":"In"},"Left Arm":{"Weight":1,"CFrame":[-0.40809234976768496,-0.9859304428100586,-0.5107637643814087,-0.8467375636100769,0.44542354345321658,-0.29091835021972659,-0.5093035697937012,-0.8367217779159546,0.20126259326934815,-0.15377075970172883,0.31858229637145998,0.9353394508361816],"EasingStyle":"Constant","EasingDirection":"In"}}},{"Time":0.6333333253860474,"poses":{"Left Leg":{"Weight":1,"CFrame":[-0.1954748034477234,-0.2719237208366394,0.3261375427246094,0.14519637823104859,-0.8369287252426148,0.5277010202407837,0.9155070781707764,0.3158974349498749,0.2491094172000885,-0.3751862049102783,0.4469442069530487,0.8120814561843872],"EasingStyle":"Constant","EasingDirection":"In"},"Right Arm":{"Weight":1,"CFrame":[0.35638463497161868,-0.9014948606491089,-0.37648457288742068,-0.815173327922821,-0.5750642418861389,-0.06923620402812958,0.5578292608261108,-0.8116264343261719,0.17346185445785523,-0.15594567358493806,0.10277938097715378,0.9824038147926331],"EasingStyle":"Constant","EasingDirection":"In"},"Head":{"Weight":1,"CFrame":[6.705522537231445e-8,-1.862645149230957e-8,4.76837158203125e-7,0.9209408164024353,-0.3602827787399292,0.1485406905412674,0.3556858301162