{"Sequence":[{"Time":0,"poses":{"Left Leg":{"Weight":1,"CFrame":[0.24601218104362489,-0.008713603019714356,0.02127814292907715,0.5422874093055725,0.16423331201076508,0.8239853382110596,-0.165124773979187,0.9824157953262329,-0.0871378555893898,-0.8238071203231812,-0.08880659192800522,0.559870719909668],"EasingStyle":"Constant","EasingDirection":"In"},"Right Arm":{"Weight":1,"CFrame":[-0.049328356981277469,-0.5483179092407227,0.3128514289855957,0.25623080134391787,-0.77394700050354,0.5790957808494568,0.914519727230072,0.3881247341632843,0.1140739917755127,-0.3130485713481903,0.5003650784492493,0.8072392344474793],"EasingStyle":"Constant","EasingDirection":"In"},"Head":{"Weight":1,"CFrame":[9.685754776000977e-8,-2.9802322387695315e-8,1.1920928955078126e-7,0.9066193699836731,0.4153803884983063,-0.07416507601737976,-0.4055408835411072,0.9063371419906616,0.11870047450065613,0.11652441322803498,-0.07753917574882508,0.9901564121246338],"EasingStyle":"Constant","EasingDirection":"In"},"Left Arm":{"Weight":1,"CFrame":[-0.5475950837135315,0.23535412549972535,0.3280712366104126,-0.6968310475349426,-0.18457230925559998,0.6930798888206482,0.2841653823852539,-0.9582899808883667,0.030503787100315095,0.6585412621498108,0.21820522844791413,0.7202151417732239],"EasingStyle":"Constant","EasingDirection":"In"},"Torso":{"Weight":1,"CFrame":[0.21242016553878785,-0.06985451281070709,0.09387612342834473,0.8816784024238586,-0.3970791697502136,0.25489485263824465,0.4299525320529938,0.8986192345619202,-0.08731820434331894,-0.19438114762306214,0.18657925724983216,0.9630183577537537],"EasingStyle":"Constant","EasingDirection":"In"},"HumanoidRootPart":{"Weight":0,"CFrame":[0,0,0,1,0,0,0,1,0,0,0,1],"EasingStyle":"Linear","EasingDirection":"In"},"Right Leg":{"Weight":1,"CFrame":[1.2790343761444092,0.6864489316940308,-0.6101263761520386,0.8060108423233032,0.14958062767982484,0.5726887583732605,-0.2579401135444641,0.959601640701294,0.11239030212163925,-0.5327414274215698,-0.2383071482181549,0.8120320439338684],"EasingStyle":"Constant","EasingDirection":"In"}}},{"Time":0.03999999910593033,"poses":{"Left Leg":{"Weight":1,"CFrame":[0.24601218104362489,-0.008713603019714356,0.02127814292907715,0.5422874093055725,0.16423331201076508,0.8239853382110596,-0.165124773979187,0.9824157953262329,-0.0871378555893898,-0.8238071203231812,-0.08880659192800522,0.559870719909668],"EasingStyle":"Constant","EasingDirection":"In"},"Right Arm":{"Weight":1,"CFrame":[-0.049328356981277469,-0.5483179092407227,0.3128514289855957,0.25623080134391787,-0.77394700050354,0.5790957808494568,0.914519727230072,0.3881247341632843,0.1140739917755127,-0.3130485713481903,0.5003650784492493,0.8072392344474793],"EasingStyle":"Constant","EasingDirection":"In"},"Head":{"Weight":1,"CFrame":[9.685754776000977e-8,-2.9802322387695315e-8,1.1920928955078126e-7,0.9066193699836731,0.4153803884983063,-0.07416507601737976,-0.4055408835411072,0.9063371419906616,0.11870047450065613,0.11652441322803498,-0.07753917574882508,0.9901564121246338],"EasingStyle":"Constant","EasingDirection":"In"},"Left Arm":{"Weight":1,"CFrame":[-0.5475950837135315,0.23535412549972535,0.3280712366104126,-0.6968310475349426,-0.18457230925559998,0.6930798888206482,0.2841653823852539,-0.9582899808883667,0.030503787100315095,0.6585412621498108,0.21820522844791413,0.7202151417732239],"EasingStyle":"Constant","EasingDirection":"In"},"Torso":{"Weight":1,"CFrame":[0.21242016553878785,-0.06985451281070709,0.09387612342834473,0.8816784024238586,-0.3970791697502136,0.25489485263824465,0.4299525320529938,0.8986192345619202,-0.08731820434331894,-0.19438114762306214,0.18657925724983216,0.9630183577537537],"EasingStyle":"Constant","EasingDirection":"In"},"HumanoidRootPart":{"Weight":0,"CFrame":[0,0,0,1,0,0,0,1,0,0,0,1],"EasingStyle":"Linear","EasingDirection":"In"},"Right Leg":{"Weight":1,"CFrame":[1.2790343761444092,0.6864489316940308,-0.6101263761520386,0.8060108423233032,0.14958062767982484,0.5726887583732605,-0.2579401135444641,0.959601640701294,0.11239030212163925,-0.5327414274215698,-0.2383071482181549,0.8120320439338684],"EasingStyle":"Constant","EasingDirection":"In"}}},{"Time":0.07999999821186066,"poses":{"Left Leg":{"Weight":1,"CFrame":[0.24601218104362489,-0.008713603019714356,0.02127814292907715,0.5422874093055725,0.16423331201076508,0.8239853382110596,-0.165124773979187,0.9824157953262329,-0.0871378555893898,-0.8238071203231812,-0.08880659192800522,0.559870719909668],"EasingStyle":"Constant","EasingDirection":"In"},"Right Arm":{"Weight":1,"CFrame":[-0.049328356981277469,-0.5483179092407227,0.3128514289855957,0.25623080134391787,-0.77394700050354,0.5790957808494568,0.914519727230072,0.3881247341632843,0.1140739917755127,-0.3130485713481903,0.5003650784492493,0.8072392344474793],"EasingStyle":"Constant","EasingDirection":"In"},"Head":{"Weight":1,"CFrame":[9.685754776000977e-8,-2.9802322387695315e-8,1.1920928955078126e-7,0.9066193699836731,0.4153803884983063,-0.07416507601737976,-0.4055408835411072,0.9063371419906616,0.11870047450065613,0.11652441322803498,-0.07753917574882508,0.9901564121246338],"EasingStyle":"Constant","EasingDirection":"In"},"Left Arm":{"Weight":1,"CFrame":[-0.5475950837135315,0.23535412549972535,0.3280712366104126,-0.6968310475349426,-0.18457230925559998,0.6930798888206482,0.2841653823852539,-0.9582899808883667,0.030503787100315095,0.6585412621498108,0.21820522844791413,0.7202151417732239],"EasingStyle":"Constant","EasingDirection":"In"},"Torso":{"Weight":1,"CFrame":[0.21242016553878785,-0.06985451281070709,0.09387612342834473,0.8816784024238586,-0.3970791697502136,0.25489485263824465,0.4299525320529938,0.8986192345619202,-0.08731820434331894,-0.19438114762306214,0.18657925724983216,0.9630183577537537],"EasingStyle":"Constant","EasingDirection":"In"},"HumanoidRootPart":{"Weight":0,"CFrame":[0,0,0,1,0,0,0,1,0,0,0,1],"EasingStyle":"Linear","EasingDirection":"In"},"Right Leg":{"Weight":1,"CFrame":[1.2790343761444092,0.6864489316940308,-0.6101263761520386,0.8060108423233032,0.14958062767982484,0.5726887583732605,-0.2579401135444641,0.959601640701294,0.11239030212163925,-0.5327414274215698,-0.2383071482181549,0.8120320439338684],"EasingStyle":"Constant","EasingDirection":"In"}}},{"Time":0.11999999731779099,"poses":{"Left Leg":{"Weight":1,"CFrame":[0.05915069580078125,0.04315781593322754,0.09947609901428223,0.7647731900215149,0.1845637559890747,0.6172990202903748,-0.17902082204818726,0.9812374114990234,-0.07158691436052323,-0.6189292669296265,-0.055761612951755527,0.7834648489952087],"EasingStyle":"Constant","EasingDirection":"In"},"Right Arm":{"Weight":1,"CFrame":[-0.028198689222335817,-0.5718938708305359,0.23902654647827149,0.18264572322368623,-0.8416318297386169,0.5082288980484009,0.923349142074585,0.3244078755378723,0.20539206266403199,-0.33773794770240786,0.4317585527896881,0.8363716006278992],"EasingStyle":"Constant","EasingDirection":"In"},"Head":{"Weight":1,"CFrame":[4.470348358154297e-8,1.4901161193847657e-8,3.5762786865234377e-7,0.9097506403923035,0.41194111108779909,-0.05156075954437256,-0.3998197913169861,0.9028058052062988,0.1583855301141739,0.1117948666214943,-0.12347632646560669,0.9860302209854126],"EasingStyle":"Constant","EasingDirection":"In"},"Left Arm":{"Weight":1,"CFrame":[-0.20644034445285798,0.044601500034332278,0.3829350471496582,-0.7331103086471558,-0.009545889683067799,0.6800428032875061,0.11150173842906952,-0.9880590438842773,0.10633333027362824,0.6709073185920715,0.153779998421669,0.7254206538200378],"EasingStyle":"Constant","EasingDirection":"In"},"Torso":{"Weight":1,"CFrame":[0.2032424807548523,-0.1311197578907013,0.03840970993041992,0.8893532752990723,-0.38683992624282839,0.24373261630535127,0.43090325593948367,0.8873890042304993,-0.163899764418602,-0.1528826653957367,0.25078997015953066,0.9558929204940796],"EasingStyle":"Constant","EasingDirection":"In"},"HumanoidRootPart":{"Weight":0,"CFrame":[0,0,0,1,0,0,0,1,0,0,0,1],"EasingStyle":"Linear","EasingDirection":"In"},"Right Leg":{"Weight":1,"CFrame":[1.2303736209869385,0.5458765029907227,-0.6412774324417114,0.8697266578674316,0.11157690733671189,0.48075586557388308,-0.2070564329624176,0.966727614402771,0.15021753311157227,-0.44799908995628359,-0.23019172251224519,0.8638915419578552],"EasingStyle":"Constant","EasingDirection":"In"}}},{"Time":0.1599999964237213,"poses":{"Left Leg":{"Weight":1,"CFrame":[-0.37415534257888796,0.20049166679382325,0.10023725032806397,0.967527449131012,-0.09389305859804154,0.23468001186847688,0.08139815181493759,0.9947267174720764,0.06239553913474083,-0.23930105566978455,-0.04126684367656708,0.970068097114563],"EasingStyle":"Constant","EasingDirection":"In"},"Right Arm":{"Weight":1,"CFrame":[0.06873111426830292,-0.6489373445510864,-0.0022194385528564455,-0.02643047273159027,-0.9829352498054504,0.1820434331893921,0.9202195405960083,0.04721587896347046,0.3885444104671478,-0.3905092775821686,0.17778925597667695,0.9032682180404663],"EasingStyle":"Constant","EasingDirection":"In"},"Head":{"Weight":1,"CFrame":[1.1175870895385742e-7,-2.2351741790771486e-8,0,0.9688825011253357,0.24529968202114106,-0.0330875962972641,-0.23900416493415833,0.9619123339653015,0.13267213106155396,0.06437180191278458,-0.12063562870025635,0.9906076192855835],"EasingStyle":"Constant","EasingDirection":"In"},"Left Arm":{"Weight":1,"CFrame":[-0.1846163123846054,-0.47111812233924868,0.03227710723876953,-0.6037924885749817,0.6902287602424622,0.3987717032432556,-0.6092830896377564,-0.722175657749176,0.3274701237678528,0.5140124559402466,-0.04524096101522446,0.8565888404846191],"EasingStyle":"Constant","EasingDirection":"In"},"Torso":{"Weight":1,"CFrame":[0.11647734045982361,-0.11883619427680969,-0.10572075843811035,0.9618642330169678,-0.23526166379451753,0.13953199982643128,0.25522956252098086,0.955401599407196,-0.1485452502965927,-0.09836209565401077,0.17849303781986237,0.9790124297142029],"EasingStyle":"Constant","EasingDirection":"In"},"HumanoidRootPart":{"Weight":0,"CFrame":[0,0,0,1,0,0,0,1,0,0,0,1],"EasingStyle":"Linear","EasingDirection":"In"},"Right Leg":{"Weight":1,"CFrame":[0.6311883330345154,0.16389775276184083,-0.13854509592056275,0.9762962460517883,0.07724890112876892,0.20218396186828614,-0.07093885540962219,0.996745765209198,-0.03828335180878639,-0.20448333024978639,0.02303319051861763,0.9785990118980408],"EasingStyle":"Constant","EasingDirection":"In"}}},{"Time":0.20000000298023225,"poses":{"Left Leg":{"Weight":1,"CFrame":[-0.37415534257888796,0.20049166679382325,0.10023725032806397,0.967527449131012,-0.09389305859804154,0.23468001186847688,0.08139815181493759,0.9947267174720764,0.06239553913474083,-0.23930105566978455,-0.04126684367656708,0.970068097114563],"EasingStyle":"Constant","EasingDirection":"In"},"Right Arm":{"Weight":1,"CFrame":[0.06873111426830292,-0.6489373445510864,-0.0022194385528564455,-0.02643047273159027,-0.9829352498054504,0.1820434331893921,0.9202195405960083,0.04721587896347046,0.3885444104671478,-0.3905092775821686,0.17778925597667695,0.9032682180404663],"EasingStyle":"Constant","EasingDirection":"In"},"Head":{"Weight":1,"CFrame":[1.1175870895385742e-7,-2.2351741790771486e-8,0,0.9688825011253357,0.24529968202114106,-0.0330875962972641,-0.23900416493415833,0.9619123339653015,0.13267213106155396,0.06437180191278458,-0.12063562870025635,0.9906076192855835],"EasingStyle":"Constant","EasingDirection":"In"},"Left Arm":{"Weight":1,"CFrame":[-0.1846163123846054,-0.47111812233924868,0.03227710723876953,-0.6037924885749817,0.6902287602424622,0.3987717032432556,-0.6092830896377564,-0.722175657749176,0.3274701237678528,0.5140124559402466,-0.04524096101522446,0.8565888404846191],"EasingStyle":"Constant","EasingDirection":"In"},"Torso":{"Weight":1,"CFrame":[0.11647734045982361,-0.11883619427680969,-0.10572075843811035,0.9618642330169678,-0.23526166379451753,0.13953199982643128,0.25522956252098086,0.955401599407196,-0.1485452502965927,-0.09836209565401077,0.17849303781986237,0.9790124297142029],"EasingStyle":"Constant","EasingDirection":"In"},"HumanoidRootPart":{"Weight":0,"CFrame":[0,0,0,1,0,0,0,1,0,0,0,1],"EasingStyle":"Linear","EasingDirection":"In"},"Right Leg":{"Weight":1,"CFrame":[0.6311883330345154,0.16389775276184083,-0.13854509592056275,0.9762962460517883,0.07724890112876892,0.20218396186828614,-0.07093885540962219,0.996745765209198,-0.03828335180878639,-0.20448333024978639,0.02303319051861763,0.9785990118980408],"EasingStyle":"Constant","EasingDirection":"In"}}},{"Time":0.23999999463558198,"poses":{"Left Leg":{"Weight":1,"CFrame":[-0.37415534257888796,0.20049166679382325,0.10023725032806397,0.967527449131012,-0.09389305859804154,0.23468001186847688,0.08139815181493759,0.9947267174720764,0.06239553913474083,-0.23930105566978455,-0.04126684367656708,0.970068097114563],"EasingStyle":"Constant","EasingDirection":"In"},"Right Arm":{"Weight":1,"CFrame":[0.06873111426830292,-0.6489373445510864,-0.0022194385528564455,-0.02643047273159027,-0.9829352498054504,0.1820434331893921,0.9202195405960083,0.04721587896347046,0.3885444104671478,-0.3905092775821686,0.17778925597667695,0.9032682180404663],"EasingStyle":"Constant","EasingDirection":"In"},"Head":{"Weight":1,"CFrame":[1.1175870895385742e-7,-2.2351741790771486e-8,0,0.9688825011253357,0.24529968202114106,-0.0330875962972641,-0.23900416493415833,0.9619123339653015,0.13267213106155396,0.06437180191278458,-0.12063562870025635,0.9906076192855835],"EasingStyle":"Constant","EasingDirection":"In"},"Left Arm":{"Weight":1,"CFrame":[-0.1846163123846054,-0.47111812233924868,0.03227710723876953,-0.6037924885749817,0.6902287602424622,0.3987717032432556,-0.6092830896377564,-0.722175657749176,0.3274701237678528,0.5140124559402466,-0.04524096101522446,0.8565888404846191],"EasingStyle":"Constant","EasingDirection":"In"},"Torso":{"Weight":1,"CFrame":[0.11647734045982361,-0.11883619427680969,-0.10572075843811035,0.9618642330169678,-0.23526166379451753,0.13953199982643128,0.25522956252098086,0.955401599407196,-0.1485452502965927,-0.09836209565401077,0.17849303781986237,0.9790124297142029],"EasingStyle":"Constant","EasingDirection":"In"},"HumanoidRootPart":{"Weight":0,"CFrame":[0,0,0,1,0,0,0,1,0,0,0,1],"EasingStyle":"Linear","EasingDirection":"In"},"Right Leg":{"Weight":1,"CFrame":[0.6311883330345154,0.16389775276184083,-0.13854509592056275,0.9762962460517883,0.07724890112876892,0.20218396186828614,-0.07093885540962219,0.996745765209198,-0.03828335180878639,-0.20448333024978639,0.02303319051861763,0.9785990118980408],"EasingStyle":"Constant","EasingDirection":"In"}}},{"Time":0.2800000011920929,"poses":{"Left Leg":{"Weight":1,"CFrame":[-0.5178362131118774,0.19862377643585206,-0.12761694192886353,0.9756167531013489,-0.08121389895677567,-0.20390307903289796,0.11937259137630463,0.9759419560432434,0.18244872987270356,0.18418021500110627,-0.20234045386314393,0.9618399143218994],"EasingStyle":"Constant","EasingDirection":"In"},"Right Arm":{"Weight":1,"CFrame":[0.13482490181922913,-0.6672400832176209,-0.05952996015548706,-0.24036845564842225,-0.9699702262878418,-0.03715803101658821,0.9112362861633301,-0.23867301642894746,0.33568382263183596,-0.33447200059890749,0.04682793840765953,0.9412415623664856],"EasingStyle":"Constant","EasingDirection":"In"},"Head":{"Weight":1,"CFrame":[8.742275525719379e-8,-2.9802322387695315e-8,-5.364418029785156e-7,1,-7.443430405373874e-8,8.67454588160399e-8,6.308047773018188e-8,0.9922524094581604,0.12423846125602722,-9.532099198850119e-8,-0.12423846125602722,0.9922524094581604],"EasingStyle":"Constant","EasingDirection":"In"},"Left Arm":{"Weight":1,"CFrame":[-0.11384506523609162,-0.5936329960823059,-0.05102568864822388,-0.2801240086555481,0.9593951106071472,0.033038415014743808,-0.8996039032936096,-0.27436643838882449,0.3397586941719055,0.3350275158882141,0.06545300781726837,0.9399321675300598],"EasingStyle":"Constant","EasingDirection":"In"},"Torso":{"Weight":1,"CFrame":[2.7424716605497504e-17,-0.12350994348526001,-0.13715577125549317,1,2.662229309508788e-18,-8.742277657347586e-8,-1.3496978645832769e-8,0.9880104064941406,-0.1543874442577362,8.637461235139199e-8,0.1543874442577362,0.9880104064941406],"EasingStyle":"Constant","EasingDirection":"In"},"HumanoidRootPart":{"Weight":0,"CFrame":[0,0,0,1,0,0,0,1,0,0,0,1],"EasingStyle":"Linear","EasingDirection":"In"},"Right Leg":{"Weight":1,"CFrame":[0.5178361535072327,0.1986238956451416,-0.12761706113815309,0.9755969643592835,0.08144912123680115,0.20390364527702332,-0.11960813403129578,0.9759131669998169,0.18244889378547669,-0.1841319054365158,-0.20238520205020905,0.9618397355079651],"EasingStyle":"Constant","EasingDirection":"In"}}},{"Time":0.3199999928474426,"poses":{"Left Leg":{"Weight":1,"CFrame":[-0.5178362131118774,0.19862377643585206,-0.12761694192886353,0.9756167531013489,-0.08121389895677567,-0.20390307903289796,0.11937259137630463,0.9759419560432434,0.18244872987270356,0.18418021500110627,-0.20234045386314393,0.9618399143218994],"EasingStyle":"Constant","EasingDirection":"In"},"Right Arm":{"Weight":1,"CFrame":[0.13482490181922913,-0.6672400832176209,-0.05952996015548706,-0.24036845564842225,-0.9699702262878418,-0.03715803101658821,0.9112362861633301,-0.23867301642894746,0.33568382263183596,-0.33447200059890749,0.04682793840765953,0.9412415623664856],"EasingStyle":"Constant","EasingDirection":"In"},"Head":{"Weight":1,"CFrame":[8.742275525719379e-8,-2.9802322387695315e-8,-5.364418029785156e-7,1,-7.443430405373874e-8,8.67454588160399e-8,6.308047773018188e-8,0.9922524094581604,0.12423846125602722,-9.532099198850119e-8,-0.12423846125602722,0.9922524094581604],"EasingStyle":"Constant","EasingDirection":"In"},"Left Arm":{"Weight":1,"CFrame":[-0.11384506523609162,-0.5936329960823059,-0.05102568864822388,-0.2801240086555481,0.9593951106071472,0.033038415014743808,-0.8996039032936096,-0.27436643838882449,0.3397586941719055,0.3350275158882141,0.06545300781726837,0.9399321675300598],"EasingStyle":"Constant","EasingDirection":"In"},"Torso":{"Weight":1,"CFrame":[2.7424716605497504e-17,-0.12350994348526001,-0.13715577125549317,1,2.662229309508788e-18,-8.742277657347586e-8,-1.3496978645832769e-8,0.9880104064941406,-0.1543874442577362,8.637461235139199e-8,0.1543874442577362,0.9880104064941406],"EasingStyle":"Constant","EasingDirection":"In"},"HumanoidRootPart":{"Weight":0,"CFrame":[0,0,0,1,0,0,0,1,0,0,0,1],"EasingStyle":"Linear","EasingDirection":"In"},"Right Leg":{"Weight":1,"CFrame":[0.5178361535072327,0.1986238956451416,-0.12761706113815309,0.9755969643592835,0.08144912123680115,0.20390364527702332,-0.11960813403129578,0.9759131669998169,0.18244889378547669,-0.1841319054365158,-0.20238520205020905,0.9618397355079651],"EasingStyle":"Constant","EasingDirection":"In"}}},{"Time":0.36000001430511477,"poses":{"Left Leg":{"Weight":1,"CFrame":[-0.5178362131118774,0.19862377643585206,-0.12761694192886353,0.9756167531013489,-0.08121389895677567,-0.20390307903289796,0.11937259137630463,0.9759419560432434,0.18244872987270356,0.18418021500110627,-0.20234045386314393,0.9618399143218994],"EasingStyle":"Constant","EasingDirection":"In"},"Right Arm":{"Weight":1,"CFrame":[0.13482490181922913,-0.6672400832176209,-0.05952996015548706,-0.24036845564842225,-0.9699702262878418,-0.03715803101658821,0.9112362861633301,-0.23867301642894746,0.33568382263183596,-0.33447200059890749,0.04682793840765953,0.9412415623664856],"EasingStyle":"Constant","EasingDirection":"In"},"Head":{"Weight":1,"CFrame":[8.742275525719379e-8,-2.9802322387695315e-8,-5.364418029785156e-7,1,-7.443430405373874e-8,8.67454588160399e-8,6.308047773018188e-8,0.9922524094581604,0.12423846125602722,-9.532099198850119e-8,-0.12423846125602722,0.9922524094581604],"EasingStyle":"Constant","EasingDirection":"In"},"Left Arm":{"Weight":1,"CFrame":[-0.11384506523609162,-0.5936329960823059,-0.05102568864822388,-0.2801240086555481,0.9593951106071472,0.033038415014743808,-0.8996039032936096,-0.27436643838882449,0.3397586941719055,0.3350275158882141,0.06545300781726837,0.9399321675300598],"EasingStyle":"Constant","EasingDirection":"In"},"Torso":{"Weight":1,"CFrame":[2.7424716605497504e-17,-0.12350994348526001,-0.13715577125549317,1,2.662229309508788e-18,-8.742277657347586e-8,-1.3496978645832769e-8,0.9880104064941406,-0.1543874442577362,8.637461235139199e-8,0.1543874442577362,0.9880104064941406],"EasingStyle":"Constant","EasingDirection":"In"},"HumanoidRootPart":{"Weight":0,"CFrame":[0,0,0,1,0,0,0,1,0,0,0,1],"EasingStyle":"Linear","EasingDirection":"In"},"Right Leg":{"Weight":1,"CFrame":[0.5178361535072327,0.1986238956451416,-0.12761706113815309,0.9755969643592835,0.08144912123680115,0.20390364527702332,-0.11960813403129578,0.9759131669998169,0.18244889378547669,-0.1841319054365158,-0.20238520205020905,0.9618397355079651],"EasingStyle":"Constant","EasingDirection":"In"}}},{"Time":0.4000000059604645,"poses":{"Left Leg":{"Weight":1,"CFrame":[-1.2790334224700928,0.6864608526229858,-0.6101264357566834,0.806047797203064,-0.14938488602638246,-0.5726878643035889,0.25770655274391177,0.9596644043922424,0.11239003390073776,0.5327987670898438,-0.23817715048789979,0.8120326399803162],"EasingStyle":"Constant","EasingDirection":"In"},"Right Arm":{"Weight":1,"CFrame":[0.5475949645042419,0.23535442352294923,0.3280709981918335,-0.6968309879302979,0.18457229435443879,-0.6930798292160034,-0.28416556119918826,-0.9582898616790772,0.03050399012863636,-0.6585412621498108,0.21820539236068726,0.7202151417732239],"EasingStyle":"Constant","EasingDirection":"In"},"Head":{"Weight":1,"CFrame":[7.450580596923828e-8,4.470348358154297e-8,2.384185791015625e-7,0.9066192507743836,-0.415380597114563,0.07416524738073349,0.4055410921573639,0.9063369035720825,0.11870063841342926,-0.11652465164661408,-0.07753917574882508,0.9901564121246338],"EasingStyle":"Constant","EasingDirection":"In"},"Left Arm":{"Weight":1,"CFrame":[0.04932844638824463,-0.5483179092407227,0.3128514289855957,0.2562309205532074,0.7739471793174744,-0.5790956020355225,-0.9145199060440064,0.3881244957447052,0.11407380551099777,0.31304827332496645,0.5003650188446045,0.8072394132614136],"EasingStyle":"Constant","EasingDirection":"In"},"Torso":{"Weight":1,"CFrame":[-0.21242022514343263,-0.06985451281070709,0.09387612342834473,0.8816783428192139,0.3970791697502136,-0.25489506125450137,-0.42995259165763857,0.8986191153526306,-0.08731813728809357,0.19438135623931886,0.18657927215099336,0.9630182385444641],"EasingStyle":"Constant","EasingDirection":"In"},"HumanoidRootPart":{"Weight":0,"CFrame":[0,0,0,1,0,0,0,1,0,0,0,1],"EasingStyle":"Linear","EasingDirection":"In"},"Right Leg":{"Weight":1,"CFrame":[-0.24603289365768434,-0.008733987808227539,0.021244406700134279,0.5423231720924377,-0.16411711275577546,-0.8239849209785461,0.16491428017616273,0.9824512004852295,-0.08713772147893906,0.8238257765769959,-0.08863011747598648,0.5598713755607605],"EasingStyle":"Constant","EasingDirection":"In"}}},{"Time":0.4399999976158142,"poses":{"Left Leg":{"Weight":1,"CFrame":[-1.2790334224700928,0.6864608526229858,-0.6101264357566834,0.806047797203064,-0.14938488602638246,-0.5726878643035889,0.25770655274391177,0.9596644043922424,0.11239003390073776,0.5327987670898438,-0.23817715048789979,0.8120326399803162],"EasingStyle":"Constant","EasingDirection":"In"},"Right Arm":{"Weight":1,"CFrame":[0.5475949645042419,0.23535442352294923,0.3280709981918335,-0.6968309879302979,0.18457229435443879,-0.6930798292160034,-0.28416556119918826,-0.9582898616790772,0.03050399012863636,-0.6585412621498108,0.21820539236068726,0.7202151417732239],"EasingStyle":"Constant","EasingDirection":"In"},"Head":{"Weight":1,"CFrame":[7.450580596923828e-8,4.470348358154297e-8,2.384185791015625e-7,0.9066192507743836,-0.415380597114563,0.07416524738073349,0.4055410921573639,0.9063369035720825,0.11870063841342926,-0.11652465164661408,-0.07753917574882508,0.9901564121246338],"EasingStyle":"Constant","EasingDirection":"In"},"Left Arm":{"Weight":1,"CFrame":[0.04932844638824463,-0.5483179092407227,0.3128514289855957,0.2562309205532074,0.7739471793174744,-0.5790956020355225,-0.9145199060440064,0.3881244957447052,0.11407380551099777,0.31304827332496645,0.5003650188446045,0.8072394132614136],"EasingStyle":"Constant","EasingDirection":"In"},"Torso":{"Weight":1,"CFrame":[-0.21242022514343263,-0.06985451281070709,0.09387612342834473,0.8816783428192139,0.3970791697502136,-0.25489506125450137,-0.42995259165763857,0.8986191153526306,-0.08731813728809357,0.19438135623931886,0.18657927215099336,0.9630182385444641],"EasingStyle":"Constant","EasingDirection":"In"},"HumanoidRootPart":{"Weight":0,"CFrame":[0,0,0,1,0,0,0,1,0,0,0,1],"EasingStyle":"Linear","EasingDirection":"In"},"Right Leg":{"Weight":1,"CFrame":[-0.24603289365768434,-0.008733987808227539,0.021244406700134279,0.5423231720924377,-0.16411711275577546,-0.8239849209785461,0.16491428017616273,0.9824512004852295,-0.08713772147893906,0.8238257765769959,-0.08863011747598648,0.5598713755607605],"EasingStyle":"Constant","EasingDirection":"In"}}},{"Time":0.47999998927116396,"poses":{"Left Leg":{"Weight":1,"CFrame":[-1.2790334224700928,0.6864608526229858,-0.6101264357566834,0.806047797203064,-0.14938488602638246,-0.5726878643035889,0.25770655274391177,0.9596644043922424,0.11239003390073776,0.5327987670898438,-0.23817715048789979,0.8120326399803162],"EasingStyle":"Constant","EasingDirection":"In"},"Right Arm":{"Weight":1,"CFrame":[0.5475949645042419,0.23535442352294923,0.3280709981918335,-0.6968309879302979,0.18457229435443879,-0.6930798292160034,-0.28416556119918826,-0.9582898616790772,0.03050399012863636,-0.6585412621498108,0.21820539236068726,0.7202151417732239],"EasingStyle":"Constant","EasingDirection":"In"},"Head":{"Weight":1,"CFrame":[7.450580596923828e-8,4.470348358154297e-8,2.384185791015625e-7,0.9066192507743836,-0.415380597114563,0.07416524738073349,0.4055410921573639,0.9063369035720825,0.11870063841342926,-0.11652465164661408,-0.07753917574882508,0.9901564121246338],"EasingStyle":"Constant","EasingDirection":"In"},"Left Arm":{"Weight":1,"CFrame":[0.04932844638824463,-0.5483179092407227,0.3128514289855957,0.2562309205532074,0.7739471793174744,-0.5790956020355225,-0.9145199060440064,0.3881244957447052,0.11407380551099777,0.31304827332496645,0.5003650188446045,0.8072394132614136],"EasingStyle":"Constant","EasingDirection":"In"},"Torso":{"Weight":1,"CFrame":[-0.21242022514343263,-0.06985451281070709,0.09387612342834473,0.8816783428192139,0.3970791697502136,-0.25489506125450137,-0.42995259165763857,0.8986191153526306,-0.08731813728809357,0.19438135623931886,0.18657927215099336,0.9630182385444641],"EasingStyle":"Constant","EasingDirection":"In"},"HumanoidRootPart":{"Weight":0,"CFrame":[0,0,0,1,0,0,0,1,0,0,0,1],"EasingStyle":"Linear","EasingDirection":"In"},"Right Leg":{"Weight":1,"CFrame":[-0.24603289365768434,-0.008733987808227539,0.021244406700134279,0.5423231720924377,-0.16411711275577546,-0.8239849209785461,0.16491428017616273,0.9824512004852295,-0.08713772147893906,0.8238257765769959,-0.08863011747598648,0.5598713755607605],"EasingStyle":"Constant","EasingDirection":"In"}}},{"Time":0.5199999809265137,"poses":{"Left Leg":{"Weight":1,"CFrame":[-1.230373740196228,0.545876681804657,-0.6412773132324219,0.869753897190094,-0.11136719584465027,-0.48075535893440249,0.20682300627231599,0.9667776226997376,0.15021735429763795,0.44805410504341128,-0.23008336126804353,0.8638918399810791],"EasingStyle":"Constant","EasingDirection":"In"},"Right Arm":{"Weight":1,"CFrame":[0.20644035935401917,0.044601619243621829,0.38293516635894778,-0.7331103086471558,0.009545735083520413,-0.6800428628921509,-0.11150186508893967,-0.9880589842796326,0.10633370280265808,-0.6709073185920715,0.15378017723560334,0.7254205942153931],"EasingStyle":"Constant","EasingDirection":"In"},"Head":{"Weight":1,"CFrame":[1.1920928955078126e-7,-2.9802322387695315e-8,1.1920928955078126e-7,0.9097505807876587,-0.4119412302970886,0.05156091973185539,0.39981991052627566,0.902805745601654,0.1583855152130127,-0.11179502308368683,-0.12347622215747833,0.9860302209854126],"EasingStyle":"Constant","EasingDirection":"In"},"Left Arm":{"Weight":1,"CFrame":[0.028198570013046266,-0.5718943476676941,0.23902654647827149,0.182645782828331,0.8416318893432617,-0.5082287788391113,-0.9233492612838745,0.3244076669216156,0.20539188385009767,0.33773770928382876,0.43175867199897768,0.8363717198371887],"EasingStyle":"Constant","EasingDirection":"In"},"Torso":{"Weight":1,"CFrame":[-0.2032424807548523,-0.1311197578907013,0.03840970993041992,0.8893532752990723,0.38683995604515078,-0.2437327802181244,-0.43090328574180605,0.8873890042304993,-0.16389967501163484,0.15288285911083222,0.25078997015953066,0.9558929204940796],"EasingStyle":"Constant","EasingDirection":"In"},"HumanoidRootPart":{"Weight":0,"CFrame":[0,0,0,1,0,0,0,1,0,0,0,1],"EasingStyle":"Linear","EasingDirection":"In"},"Right Leg":{"Weight":1,"CFrame":[-0.05915498733520508,0.04315406084060669,0.0994725227355957,0.7648174166679382,-0.18438225984573365,-0.6172984838485718,0.17878811061382295,0.9812799096107483,-0.07158664613962174,0.6189420223236084,-0.05561496689915657,0.7834652662277222],"EasingStyle":"Constant","EasingDirection":"In"}}},{"Time":0.5600000023841858,"poses":{"Left Leg":{"Weight":1,"CFrame":[-0.6311880350112915,0.16389679908752442,-0.13854491710662843,0.9763149619102478,-0.07701333612203598,-0.2021833211183548,0.07069819420576096,0.9967628717422485,-0.03828374668955803,0.2044771909713745,0.023082973435521127,0.9785991311073303],"EasingStyle":"Constant","EasingDirection":"In"},"Right Arm":{"Weight":1,"CFrame":[0.1846163272857666,-0.47111815214157107,0.03227710723876953,-0.6037924885749817,-0.6902287006378174,-0.39877164363861086,0.6092829704284668,-0.722175657749176,0.3274703323841095,-0.5140125751495361,-0.04524071142077446,0.8565887808799744],"EasingStyle":"Constant","EasingDirection":"In"},"Head":{"Weight":1,"CFrame":[5.21540641784668e-8,-2.9802322387695315e-8,-1.1920928955078126e-7,0.9688825607299805,-0.24529986083507539,0.03308776766061783,0.23900428414344788,0.9619122743606567,0.13267214596271516,-0.0643719956278801,-0.12063558399677277,0.9906076192855835],"EasingStyle":"Constant","EasingDirection":"In"},"Left Arm":{"Weight":1,"CFrame":[-0.0687311589717865,-0.6489377617835999,-0.0022194981575012209,-0.026430433616042138,0.9829353094100952,-0.18204337358474732,-0.9202196598052979,0.04721570760011673,0.3885442018508911,0.39050909876823428,0.17778915166854859,0.9032683372497559],"EasingStyle":"Constant","EasingDirection":"In"},"Torso":{"Weight":1,"CFrame":[-0.116477370262146,-0.11883619427680969,-0.10572075843811035,0.961864173412323,0.2352616935968399,-0.1395321786403656,-0.2552295923233032,0.955401599407196,-0.14854522049427033,0.0983622595667839,0.17849305272102357,0.9790123105049133],"EasingStyle":"Constant","EasingDirection":"In"},"HumanoidRootPart":{"Weight":0,"CFrame":[0,0,0,1,0,0,0,1,0,0,0,1],"EasingStyle":"Linear","EasingDirection":"In"},"Right Leg":{"Weight":1,"CFrame":[0.3741557002067566,0.2004917860031128,0.10023736953735352,0.9675049781799316,0.09412619471549988,-0.2346794605255127,-0.08163795620203018,0.9947069883346558,0.062395673245191577,0.23931047320365907,-0.041209351271390918,0.9700682163238525],"EasingStyle":"Constant","EasingDirection":"In"}}},{"Time":0.6000000238418579,"poses":{"Left Leg":{"Weight":1,"CFrame":[-0.6311880350112915,0.16389679908752442,-0.13854491710662843,0.9763149619102478,-0.07701333612203598,-0.2021833211183548,0.07069819420576096,0.9967628717422485,-0.03828374668955803,0.2044771909713745,0.023082973435521127,0.9785991311073303],"EasingStyle":"Constant","EasingDirection":"In"},"Right Arm":{"Weight":1,"CFrame":[0.1846163272857666,-0.47111815214157107,0.03227710723876953,-0.6037924885749817,-0.6902287006378174,-0.39877164363861086,0.6092829704284668,-0.722175657749176,0.3274703323841095,-0.5140125751495361,-0.04524071142077446,0.8565887808799744],"EasingStyle":"Constant","EasingDirection":"In"},"Head":{"Weight":1,"CFrame":[5.21540641784668e-8,-2.9802322387695315e-8,-1.1920928955078126e-7,0.9688825607299805,-0.24529986083507539,0.03308776766061783,0.23900428414344788,0.9619122743606567,0.13267214596271516,-0.0643719956278801,-0.12063558399677277,0.9906076192855835],"EasingStyle":"Constant","EasingDirection":"In"},"Left Arm":{"Weight":1,"CFrame":[-0.0687311589717865,-0.6489377617835999,-0.0022194981575012209,-0.026430433616042138,0.9829353094100952,-0.18204337358474732,-0.9202196598052979,0.04721570760011673,0.3885442018508911,0.39050909876823428,0.17778915166854859,0.9032683372497559],"EasingStyle":"Constant","EasingDirection":"In"},"Torso":{"Weight":1,"CFrame":[-0.116477370262146,-0.11883619427680969,-0.10572075843811035,0.961864173412323,0.2352616935968399,-0.1395321786403656,-0.2552295923233032,0.955401599407196,-0.14854522049427033,0.0983622595667839,0.17849305272102357,0.9790123105049133],"EasingStyle":"Constant","EasingDirection":"In"},"HumanoidRootPart":{"Weight":0,"CFrame":[0,0,0,1,0,0,0,1,0,0,0,1],"EasingStyle":"Linear","EasingDirection":"In"},"Right Leg":{"Weight":1,"CFrame":[0.3741557002067566,0.2004917860031128,0.10023736953735352,0.9675049781799316,0.09412619471549988,-0.2346794605255127,-0.08163795620203018,0.9947069883346558,0.062395673245191577,0.23931047320365907,-0.041209351271390918,0.9700682163238525],"EasingStyle":"Constant","EasingDirection":"In"}}},{"Time":0.6399999856948853,"poses":{"Left Leg":{"Weight":1,"CFrame":[-0.6311880350112915,0.16389679908752442,-0.13854491710662843,0.9763149619102478,-0.07701333612203598,-0.2021833211183548,0.07069819420576096,0.9967628717422485,-0.03828374668955803,0.2044771909713745,0.023082973435521127,0.9785991311073303],"EasingStyle":"Constant","EasingDirection":"In"},"Right Arm":{"Weight":1,"CFrame":[0.1846163272857666,-0.47111815214157107,0.03227710723876953,-0.6037924885749817,-0.6902287006378174,-0.39877164363861086,0.6092829704284668,-0.722175657749176,0.3274703323841095,-0.5140125751495361,-0.04524071142077446,0.8565887808799744],"EasingStyle":"Constant","EasingDirection":"In"},"Head":{"Weight":1,"CFrame":[5.21540641784668e-8,-2.9802322387695315e-8,-1.1920928955078126e-7,0.9688825607299805,-0.24529986083507539,0.03308776766061783,0.23900428414344788,0.9619122743606567,0.13267214596271516,-0.0643719956278801,-0.12063558399677277,0.9906076192855835],"EasingStyle":"Constant","EasingDirection":"In"},"Left Arm":{"Weight":1,"CFrame":[-0.0687311589717865,-0.6489377617835999,-0.0022194981575012209,-0.026430433616042138,0.9829353094100952,-0.18204337358474732,-0.9202196598052979,0.04721570760011673,0.3885442018508911,0.39050909876823428,0.17778915166854859,0.9032683372497559],"EasingStyle":"Constant","EasingDirection":"In"},"Torso":{"Weight":1,"CFrame":[-0.116477370262146,-0.11883619427680969,-0.10572075843811035,0.961864173412323,0.2352616935968399,-0.1395321786403656,-0.2552295923233032,0.955401599407196,-0.14854522049427033,0.0983622595667839,0.17849305272102357,0.9790123105049133],"EasingStyle":"Constant","EasingDirection":"In"},"HumanoidRootPart":{"Weight":0,"CFrame":[0,0,0,1,0,0,0,1,0,0,0,1],"EasingStyle":"Linear","EasingDirection":"In"},"Right Leg":{"Weight":1,"CFrame":[0.3741557002067566,0.2004917860031128,0.10023736953735352,0.9675049781799316,0.09412619471549988,-0.2346794605255127,-0.08163795620203018,0.9947069883346558,0.062395673245191577,0.23931047320365907,-0.041209351271390918,0.9700682163238525],"EasingStyle":"Constant","EasingDirection":"In"}}},{"Time":0.6800000071525574,"poses":{"Left Leg":{"Weight":1,"CFrame":[-0.5178362131118774,0.19862353801727296,-0.12761694192886353,0.9756166934967041,-0.08121377974748612,-0.20390307903289796,0.11937248706817627,0.9759419560432434,0.18244874477386475,0.18418020009994508,-0.20234042406082154,0.9618399143218994],"EasingStyle":"Constant","EasingDirection":"In"},"Right Arm":{"Weight":1,"CFrame":[0.11384508013725281,-0.5936330556869507,-0.05102568864822388,-0.2801241874694824,-0.959395170211792,-0.03303840383887291,0.8996037840843201,-0.27436646819114687,0.33975890278816225,-0.33502766489982607,0.06545314937829972,0.9399321675300598],"EasingStyle":"Constant","EasingDirection":"In"},"Head":{"Weight":1,"CFrame":[8.742275525719379e-8,-2.9802322387695315e-8,-4.76837158203125e-7,1,-7.443430405373874e-8,8.67454588160399e-8,6.308047773018188e-8,0.9922524094581604,0.12423849105834961,-9.532099198850119e-8,-0.12423849105834961,0.9922524094581604],"EasingStyle":"Constant","EasingDirection":"In"},"Left Arm":{"Weight":1,"CFrame":[-0.13482490181922913,-0.6672402620315552,-0.05952996015548706,-0.24036873877048493,0.969970166683197,0.03715822473168373,-0.9112363457679749,-0.23867349326610566,0.33568352460861208,0.334471732378006,0.04682784527540207,0.9412416815757752],"EasingStyle":"Constant","EasingDirection":"In"},"Torso":{"Weight":1,"CFrame":[-2.7424723222942405e-17,-0.1235099732875824,-0.13715577125549317,1,-2.6622309638700134e-18,-8.742277657347586e-8,-1.3496981310368028e-8,0.9880104064941406,-0.1543874740600586,8.637461235139199e-8,0.1543874740600586,0.9880104064941406],"EasingStyle":"Constant","EasingDirection":"In"},"HumanoidRootPart":{"Weight":0,"CFrame":[0,0,0,1,0,0,0,1,0,0,0,1],"EasingStyle":"Linear","EasingDirection":"In"},"Right Leg":{"Weight":1,"CFrame":[0.5178362131118774,0.1986236572265625,-0.12761706113815309,0.9755969047546387,0.08144906908273697,0.20390376448631288,-0.119608074426651,0.9759130477905273,0.18244892358779908,-0.18413200974464417,-0.20238518714904786,0.9618397355079651],"EasingStyle":"Constant","EasingDirection":"In"}}},{"Time":0.7200000286102295,"poses":{"Left Leg":{"Weight":1,"CFrame":[-0.5178362131118774,0.19862353801727296,-0.12761694192886353,0.9756166934967041,-0.08121377974748612,-0.20390307903289796,0.11937248706817627,0.9759419560432434,0.18244874477386475,0.18418020009994508,-0.20234042406082154,0.9618399143218994],"EasingStyle":"Constant","EasingDirection":"In"},"Right Arm":{"Weight":1,"CFrame":[0.11384508013725281,-0.5936330556869507,-0.05102568864822388,-0.2801241874694824,-0.959395170211792,-0.03303840383887291,0.8996037840843201,-0.27436646819114687,0.33975890278816225,-0.33502766489982607,0.06545314937829972,0.9399321675300598],"EasingStyle":"Constant","EasingDirection":"In"},"Head":{"Weight":1,"CFrame":[8.742275525719379e-8,-2.9802322387695315e-8,-4.76837158203125e-7,1,-7.443430405373874e-8,8.67454588160399e-8,6.308047773018188e-8,0.9922524094581604,0.12423849105834961,-9.532099198850119e-8,-0.12423849105834961,0.9922524094581604],"EasingStyle":"Constant","EasingDirection":"In"},"Left Arm":{"Weight":1,"CFrame":[-0.13482490181922913,-0.6672402620315552,-0.05952996015548706,-0.24036873877048493,0.969970166683197,0.03715822473168373,-0.9112363457679749,-0.23867349326610566,0.33568352460861208,0.334471732378006,0.04682784527540207,0.9412416815757752],"EasingStyle":"Constant","EasingDirection":"In"},"Torso":{"Weight":1,"CFrame":[-2.7424723222942405e-17,-0.1235099732875824,-0.13715577125549317,1,-2.6622309638700134e-18,-8.742277657347586e-8,-1.3496981310368028e-8,0.9880104064941406,-0.1543874740600586,8.637461235139199e-8,0.1543874740600586,0.9880104064941406],"EasingStyle":"Constant","EasingDirection":"In"},"HumanoidRootPart":{"Weight":0,"CFrame":[0,0,0,1,0,0,0,1,0,0,0,1],"EasingStyle":"Linear","EasingDirection":"In"},"Right Leg":{"Weight":1,"CFrame":[0.5178362131118774,0.1986236572265625,-0.12761706113815309,0.9755969047546387,0.08144906908273697,0.20390376448631288,-0.119608074426651,0.9759130477905273,0.18244892358779908,-0.18413200974464417,-0.20238518714904786,0.9618397355079651],"EasingStyle":"Constant","EasingDirection":"In"}}},{"Time":0.7599999904632568,"poses":{"Left Leg":{"Weight":1,"CFrame":[-0.5178362131118774,0.19862353801727296,-0.12761694192886353,0.9756166934967041,-0.08121377974748612,-0.20390307903289796,0.11937248706817627,0.9759419560432434,0.18244874477386475,0.18418020009994508,-0.20234042406082154,0.9618399143218994],"EasingStyle":"Constant","EasingDirection":"In"},"Right Arm":{"Weight":1,"CFrame":[0.11384508013725281,-0.5936330556869507,-0.05102568864822388,-0.2801241874694824,-0.959395170211792,-0.03303840383887291,0.8996037840843201,-0.27436646819114687,0.33975890278816225,-0.33502766489982607,0.06545314937829972,0.9399321675300