{"Sequence":[{"Time":0,"poses":{"Left Leg":{"Weight":1,"CFrame":[-0.01717039942741394,-0.009753584861755371,0.06680881977081299,0.8683096170425415,-0.15767551958560944,0.4702945351600647,0.12511713802814485,0.9870957732200623,0.09993819147348404,-0.4799836575984955,-0.027935361489653589,0.8768326044082642],"EasingStyle":"Linear","EasingDirection":"In"},"Right Arm":{"Weight":1,"CFrame":[0.000018998980522155763,0.0011427998542785645,-0.006229221820831299,0.9908482432365418,-0.022450082004070283,-0.13310128450393678,0.04687134549021721,0.9819386005401611,0.18330194056034089,0.12658211588859559,-0.18786326050758363,0.974004328250885],"EasingStyle":"Linear","EasingDirection":"In"},"Head":{"Weight":1,"CFrame":[9.019033342383409e-8,-5.9400807828069449e-8,0.0166623592376709,0.9656914472579956,-0.25658828020095827,-0.04003292694687843,0.24435308575630189,0.9499849677085877,-0.19447444379329682,0.08793056011199951,0.17802003026008607,0.9800903797149658],"EasingStyle":"Linear","EasingDirection":"In"},"Right Leg":{"Weight":1,"CFrame":[0.29135802388191225,0.021239280700683595,0.27270472049713137,0.9306553602218628,0.2539023160934448,-0.2634654939174652,-0.22242635488510133,0.9643131494522095,0.14362044632434846,0.29052892327308657,-0.07505952566862107,0.9539178609848023],"EasingStyle":"Linear","EasingDirection":"In"},"Torso":{"Weight":1,"CFrame":[3.620118649294568e-10,0.1073894202709198,-0.007040262222290039,0.9677740931510925,0.2518199682235718,-8.416539287736669e-8,-0.24966461956501008,0.959490954875946,0.1305551677942276,0.03287646919488907,-0.1263478845357895,0.9914410710334778],"EasingStyle":"Linear","EasingDirection":"In"},"HumanoidRootPart":{"Weight":1,"CFrame":[0,0,0,1,0,0,0,1,0,0,0,1],"EasingStyle":"Linear","EasingDirection":"In"},"Left Arm":{"Weight":1,"CFrame":[0.044822096824645999,-0.16604438424110413,-0.013023138046264649,0.5980755090713501,0.7888393998146057,0.14155633747577668,-0.7964790463447571,0.5654067993164063,0.21432767808437348,0.08903314918279648,-0.2409309595823288,0.9664499163627625],"EasingStyle":"Linear","EasingDirection":"In"}}},{"Time":0.01666666753590107,"poses":{"Left Leg":{"Weight":1,"CFrame":[-0.03986668586730957,-0.007766008377075195,0.0726248025894165,0.8767210841178894,-0.15731339156627656,0.45454660058021548,0.12706074118614198,0.9871817827224731,0.0965799018740654,-0.4639135003089905,-0.02691859006881714,0.885471522808075],"EasingStyle":"Linear","EasingDirection":"In"},"Right Arm":{"Weight":1,"CFrame":[-0.000020518898963928224,0.0010356307029724122,-0.006510615348815918,0.9910503625869751,-0.023353105410933496,-0.1314300298690796,0.048553209751844409,0.9802030920982361,0.1919492930173874,0.12434541434049607,-0.19661280512809754,0.9725644588470459],"EasingStyle":"Linear","EasingDirection":"In"},"Head":{"Weight":1,"CFrame":[8.009374141693115e-8,-2.3283064365386964e-9,0.016661882400512697,0.9696695804595947,-0.2385459840297699,-0.053260087966918948,0.22447633743286134,0.9553624391555786,-0.19207577407360078,0.09670155495405197,0.1742943972349167,0.9799339175224304],"EasingStyle":"Linear","EasingDirection":"In"},"Right Leg":{"Weight":1,"CFrame":[0.27053919434547427,0.01805824041366577,0.2733346223831177,0.9251886010169983,0.2555311620235443,-0.2805882394313812,-0.2218138426542282,0.9640154242515564,0.1465364545583725,0.3079361617565155,-0.07333555817604065,0.9485764503479004],"EasingStyle":"Linear","EasingDirection":"In"},"Torso":{"Weight":1,"CFrame":[0.016930941492319108,0.10665789246559143,-0.006955146789550781,0.97247713804245,0.23294104635715486,0.005164142698049545,-0.23162870109081269,0.9641239047050476,0.12966585159301759,0.025225626304745675,-0.12729325890541078,0.9915443062782288],"EasingStyle":"Linear","EasingDirection":"In"},"HumanoidRootPart":{"Weight":1,"CFrame":[0,0,0,1,0,0,0,1,0,0,0,1],"EasingStyle":"Linear","EasingDirection":"In"},"Left Arm":{"Weight":1,"CFrame":[0.036686237901449206,-0.1319046914577484,0.007607698440551758,0.5854350924491882,0.7831487655639648,0.20962752401828767,-0.8039470911026001,0.5274501442909241,0.2747098505496979,0.10457064211368561,-0.3293544352054596,0.938398003578186],"EasingStyle":"Linear","EasingDirection":"In"}}},{"Time":0.03333333507180214,"poses":{"Left Leg":{"Weight":1,"CFrame":[-0.06387245655059815,-0.005322933197021484,0.07760953903198242,0.8858107328414917,-0.15638002753257752,0.4369034767150879,0.1280268132686615,0.9873232245445252,0.09381954371929169,-0.4460364282131195,-0.027170998975634576,0.8946022987365723],"EasingStyle":"Linear","EasingDirection":"In"},"Right Arm":{"Weight":1,"CFrame":[-0.00012286007404327393,0.0008992552757263184,-0.0068590641021728519,0.9911608695983887,-0.02620813064277172,-0.13005182147026063,0.05242112651467323,0.977888286113739,0.20245113968849183,0.12187030166387558,-0.20747901499271394,0.9706184267997742],"EasingStyle":"Linear","EasingDirection":"In"},"Head":{"Weight":1,"CFrame":[8.195638656616211e-8,5.960464477539063e-8,0.016662240028381349,0.9730768799781799,-0.21858693659305573,-0.07308433949947357,0.2017335295677185,0.9611101746559143,-0.1886025369167328,0.11146814376115799,0.16878126561641694,0.9793303608894348],"EasingStyle":"Linear","EasingDirection":"In"},"Right Leg":{"Weight":1,"CFrame":[0.2513043284416199,0.015127480030059815,0.2744854688644409,0.9184035062789917,0.25861257314682009,-0.2994236946105957,-0.22279833257198335,0.9634482860565186,0.14875619113445283,0.3269495666027069,-0.06990714371204376,0.9424527287483215],"EasingStyle":"Linear","EasingDirection":"In"},"Torso":{"Weight":1,"CFrame":[0.03278094530105591,0.10569632053375244,-0.006864786148071289,0.9771745800971985,0.21217817068099976,0.010500111617147923,-0.21174918115139008,0.9688399434089661,0.12849684059619904,0.0170913003385067,-0.127787247300148,0.9916543364524841],"EasingStyle":"Linear","EasingDirection":"In"},"HumanoidRootPart":{"Weight":1,"CFrame":[0,0,0,1,0,0,0,1,0,0,0,1],"EasingStyle":"Linear","EasingDirection":"In"},"Left Arm":{"Weight":1,"CFrame":[0.015207592397928238,-0.10142159461975098,0.030128002166748048,0.5673248767852783,0.776639997959137,0.27381181716918948,-0.8153455257415772,0.4830916225910187,0.3191148340702057,0.1155610904097557,-0.4042930603027344,0.9072997570037842],"EasingStyle":"Linear","EasingDirection":"In"}}},{"Time":0.05000000074505806,"poses":{"Left Leg":{"Weight":1,"CFrame":[-0.08906488120555878,-0.0023697614669799806,0.08167660236358643,0.8952993154525757,-0.15499505400657655,0.4176311194896698,0.12819942831993104,0.9875034093856812,0.09166284650564194,-0.4266194701194763,-0.028525572270154954,0.9039813280105591],"EasingStyle":"Linear","EasingDirection":"In"},"Right Arm":{"Weight":1,"CFrame":[-0.0002624094486236572,0.0007435083389282227,-0.007240235805511475,0.9911841154098511,-0.030241336673498155,-0.12899406254291535,0.057583972811698917,0.9751668572425842,0.21385447680950166,0.11932352930307388,-0.21939720213413239,0.9683114290237427],"EasingStyle":"Linear","EasingDirection":"In"},"Head":{"Weight":1,"CFrame":[8.195638656616211e-8,-1.5832483768463136e-8,0.016662001609802247,0.9756109714508057,-0.1969422549009323,-0.09693847596645355,0.1769801676273346,0.9669814109802246,-0.18337132036685944,0.12985125184059144,0.1617429256439209,0.9782524704933167],"EasingStyle":"Linear","EasingDirection":"In"},"Right Leg":{"Weight":1,"CFrame":[0.2341003268957138,0.012468814849853516,0.27620816230773928,0.9102923274040222,0.2631070911884308,-0.3195973336696625,-0.22541576623916627,0.9625834822654724,0.15040263533592225,0.347211092710495,-0.06486812978982926,0.9355407953262329],"EasingStyle":"Linear","EasingDirection":"In"},"Torso":{"Weight":1,"CFrame":[0.047575488686561587,0.1045508086681366,-0.006777048110961914,0.981681227684021,0.18986113369464875,0.015965469181537629,-0.19033746421337129,0.9734559059143066,0.1271042376756668,0.008590476587414742,-0.1278146654367447,0.9917609691619873],"EasingStyle":"Linear","EasingDirection":"In"},"HumanoidRootPart":{"Weight":1,"CFrame":[0,0,0,1,0,0,0,1,0,0,0,1],"EasingStyle":"Linear","EasingDirection":"In"},"Left Arm":{"Weight":1,"CFrame":[-0.016925066709518434,-0.07387915253639221,0.053786635398864749,0.5426716804504395,0.7701467275619507,0.3352336883544922,-0.830734372138977,0.43317678570747378,0.349625825881958,0.12404765188694,-0.4682222008705139,0.8748601675033569],"EasingStyle":"Linear","EasingDirection":"In"}}},{"Time":0.06666667014360428,"poses":{"Left Leg":{"Weight":1,"CFrame":[-0.11483198404312134,0.0010308623313903809,0.08456230163574219,0.9049636721611023,-0.15303580462932588,0.3970147371292114,0.12750189006328584,0.987736701965332,0.09010869264602661,-0.4059358835220337,-0.030924925580620767,0.9133781790733337],"EasingStyle":"Linear","EasingDirection":"In"},"Right Arm":{"Weight":1,"CFrame":[-0.00041337311267852783,0.0005829930305480957,-0.007620453834533691,0.9911336898803711,-0.03467634320259094,-0.12826381623744965,0.06316093355417252,0.9722605347633362,0.2252114862203598,0.11689628660678864,-0.2313159555196762,0.965830385684967],"EasingStyle":"Linear","EasingDirection":"In"},"Head":{"Weight":1,"CFrame":[8.323695510625839e-8,-1.210719347000122e-8,0.01666271686553955,0.9771543145179749,-0.17387902736663819,-0.1222115308046341,0.15109145641326905,0.9727402925491333,-0.17591983079910279,0.14946891367435456,0.15343564748764039,0.9767888784408569],"EasingStyle":"Linear","EasingDirection":"In"},"Right Leg":{"Weight":1,"CFrame":[0.21886874735355378,0.01004260778427124,0.2784618139266968,0.9009365439414978,0.268723726272583,-0.3407357633113861,-0.22944344580173493,0.9614461660385132,0.15158212184906007,0.3683329224586487,-0.05838638171553612,0.927858829498291],"EasingStyle":"Linear","EasingDirection":"In"},"Torso":{"Weight":1,"CFrame":[0.06133776530623436,0.10326340794563294,-0.006699562072753906,0.985835075378418,0.16633233428001405,0.02151509001851082,-0.16771799325942994,0.9778090715408325,0.1255391389131546,-0.00015643466031178832,-0.12736932933330537,0.9918554425239563],"EasingStyle":"Linear","EasingDirection":"In"},"HumanoidRootPart":{"Weight":1,"CFrame":[0,0,0,1,0,0,0,1,0,0,0,1],"EasingStyle":"Linear","EasingDirection":"In"},"Left Arm":{"Weight":1,"CFrame":[-0.05703528970479965,-0.04858192801475525,0.0778571367263794,0.5103728175163269,0.7640638947486877,0.39462119340896609,-0.849786102771759,0.37774673104286196,0.3676562011241913,0.13184593617916108,-0.5229854583740234,0.8420825004577637],"EasingStyle":"Linear","EasingDirection":"In"}}},{"Time":0.0833333358168602,"poses":{"Left Leg":{"Weight":1,"CFrame":[-0.140794038772583,0.00483936071395874,0.08617973327636719,0.9145784974098206,-0.15050342679023744,0.37535959482192995,0.12600119411945344,0.9880165457725525,0.08914609998464585,-0.3842783570289612,-0.034235332161188129,0.9225823283195496],"EasingStyle":"Linear","EasingDirection":"In"},"Right Arm":{"Weight":1,"CFrame":[-0.0005499869585037231,0.00043076276779174805,-0.007966816425323487,0.9910376667976379,-0.038735948503017429,-0.127842977643013,0.06828241795301438,0.9694522023200989,0.23558399081230164,0.11481209099292755,-0.24220219254493714,0.9634087681770325],"EasingStyle":"Linear","EasingDirection":"In"},"Head":{"Weight":1,"CFrame":[9.313225746154785e-8,-2.7939677238464357e-9,0.016662001609802247,0.9778482913970947,-0.14972050487995149,-0.1462753862142563,0.12492913752794266,0.9781701564788818,-0.16605988144874574,0.16794468462467194,0.14410734176635743,0.9752065539360046],"EasingStyle":"Linear","EasingDirection":"In"},"Right Leg":{"Weight":1,"CFrame":[0.20564672350883485,0.007827818393707276,0.281266450881958,0.8904328942298889,0.2752174735069275,-0.3624701499938965,-0.23470358550548554,0.9600487351417542,0.1523834466934204,0.3899277150630951,-0.05061420425772667,0.9194534420967102],"EasingStyle":"Linear","EasingDirection":"In"},"Torso":{"Weight":1,"CFrame":[0.07408837974071503,0.10187169909477234,-0.006637096405029297,0.9895033240318298,0.14194677770137788,0.027100687846541406,-0.1442284733057022,0.9817638397216797,0.12384720891714096,-0.009026761166751385,-0.1264559030532837,0.9919312596321106],"EasingStyle":"Linear","EasingDirection":"In"},"HumanoidRootPart":{"Weight":1,"CFrame":[0,0,0,1,0,0,0,1,0,0,0,1],"EasingStyle":"Linear","EasingDirection":"In"},"Left Arm":{"Weight":1,"CFrame":[-0.10245590656995774,-0.024852216243743898,0.10163450241088867,0.4692732095718384,0.7584310173988342,0.45228832960128786,-0.8717811703681946,0.31632646918296816,0.3740791082382202,0.14064238965511323,-0.5698421597480774,0.8096296191215515],"EasingStyle":"Linear","EasingDirection":"In"}}},{"Time":0.10000000149011612,"poses":{"Left Leg":{"Weight":1,"CFrame":[-0.16683119535446168,0.009061217308044434,0.08659005165100098,0.9239200353622437,-0.14754347503185273,0.3529909551143646,0.1239183247089386,0.9883154034614563,0.08875248581171036,-0.3619612157344818,-0.038258153945207599,0.9314078688621521],"EasingStyle":"Linear","EasingDirection":"In"},"Right Arm":{"Weight":1,"CFrame":[-0.0006472691893577576,0.0003033876419067383,-0.008247435092926026,0.9909395575523377,-0.041644129902124408,-0.12769010663032533,0.07208850979804993,0.9670808911323547,0.24404439330101014,0.1133236512541771,-0.25103825330734255,0.9613207578659058],"EasingStyle":"Linear","EasingDirection":"In"},"Head":{"Weight":1,"CFrame":[8.568167686462403e-8,4.6566128730773929e-8,0.016662120819091798,0.9781013131141663,-0.12485924363136292,-0.1665176898241043,0.09929488599300385,0.9830849170684815,-0.1538984179496765,0.18291671574115754,0.13399384915828706,0.973954439163208],"EasingStyle":"Linear","EasingDirection":"In"},"Right Leg":{"Weight":1,"CFrame":[0.19445496797561646,0.005816996097564697,0.28465843200683596,0.878913402557373,0.28234177827835085,-0.38444024324417117,-0.24100878834724427,0.9584066271781921,0.1528778225183487,0.41161400079727175,-0.041712939739227298,0.910403311252594],"EasingStyle":"Linear","EasingDirection":"In"},"Torso":{"Weight":1,"CFrame":[0.08584515750408173,0.10040834546089173,-0.0065937042236328129,0.9925861358642578,0.11707016080617905,0.03267062082886696,-0.12021850794553757,0.9852141737937927,0.12206816673278809,-0.017897017300128938,-0.12509077787399293,0.9919838905334473],"EasingStyle":"Linear","EasingDirection":"In"},"HumanoidRootPart":{"Weight":1,"CFrame":[0,0,0,1,0,0,0,1,0,0,0,1],"EasingStyle":"Linear","EasingDirection":"In"},"Left Arm":{"Weight":1,"CFrame":[-0.15052825212478639,-0.002015829086303711,0.12443232536315918,0.4182007312774658,0.7529527544975281,0.5081046223640442,-0.895538330078125,0.2481304556131363,0.3693811595439911,0.15205024182796479,-0.6095026731491089,0.7780663967132568],"EasingStyle":"Linear","EasingDirection":"In"}}},{"Time":0.11666666716337204,"poses":{"Left Leg":{"Weight":1,"CFrame":[-0.19231726229190827,0.013558030128479004,0.08572137355804444,0.932835578918457,-0.14405079185962678,0.33025306463241579,0.12119761109352112,0.9886401295661926,0.08889216929674149,-0.33930647373199465,-0.042895928025245669,0.9396973848342896],"EasingStyle":"Linear","EasingDirection":"In"},"Right Arm":{"Weight":1,"CFrame":[-0.0006793588399887085,0.00021910667419433594,-0.008430302143096924,0.9908901453018189,-0.042625997215509418,-0.12774913012981416,0.07372329384088516,0.965519905090332,0.24967214465141297,0.11270183324813843,-0.25681591033935549,0.9598667025566101],"EasingStyle":"Linear","EasingDirection":"In"},"Head":{"Weight":1,"CFrame":[7.171183824539185e-8,-1.6763806343078614e-8,0.016661763191223146,0.9785267114639282,-0.09976302832365036,-0.18036893010139466,0.07488774508237839,0.9873400926589966,-0.1398266851902008,0.19203497469425202,0.12331672757863999,0.9736096262931824],"EasingStyle":"Linear","EasingDirection":"In"},"Right Leg":{"Weight":1,"CFrame":[0.18526306748390199,0.004003643989562988,0.2886674404144287,0.8665552735328674,0.2898346185684204,-0.4062977135181427,-0.24814173579216004,0.9565461277961731,0.1531185805797577,0.4330216944217682,-0.03186635300517082,0.9008201956748962],"EasingStyle":"Linear","EasingDirection":"In"},"Torso":{"Weight":1,"CFrame":[0.09662332385778427,0.09890091419219971,-0.006571292877197266,0.9950200915336609,0.0920766219496727,0.038170043379068378,-0.0960475355386734,0.9880882501602173,0.12023555487394333,-0.02664448320865631,-0.12330292910337448,0.992011308670044],"EasingStyle":"Linear","EasingDirection":"In"},"HumanoidRootPart":{"Weight":1,"CFrame":[0,0,0,1,0,0,0,1,0,0,0,1],"EasingStyle":"Linear","EasingDirection":"In"},"Left Arm":{"Weight":1,"CFrame":[-0.19860291481018067,0.02059459686279297,0.14558196067810059,0.35607585310935976,0.7469790577888489,0.561455249786377,-0.9193031787872315,0.17225417494773866,0.3538506031036377,0.1676059514284134,-0.6421454548835754,0.7480359673500061],"EasingStyle":"Linear","EasingDirection":"In"}}},{"Time":0.13333334028720857,"poses":{"Left Leg":{"Weight":1,"CFrame":[-0.21697750687599183,0.01825428009033203,0.08368885517120362,0.9411740303039551,-0.14011113345623017,0.30750641226768496,0.11798004060983658,0.9889731407165527,0.08951472491025925,-0.31665754318237307,-0.04796928912401199,0.9473262429237366],"EasingStyle":"Linear","EasingDirection":"In"},"Right Arm":{"Weight":1,"CFrame":[-0.0006624162197113037,0.00016623735427856445,-0.008546590805053711,0.9908779263496399,-0.04215799644589424,-0.12799909710884095,0.07376837730407715,0.9645510911941528,0.2533760666847229,0.11277983337640763,-0.26050707697868349,0.9588622450828552],"EasingStyle":"Linear","EasingDirection":"In"},"Head":{"Weight":1,"CFrame":[7.869675755500794e-8,9.313225746154786e-10,0.016662001609802247,0.9791856408119202,-0.07494110614061356,-0.1886250078678131,0.05182378366589546,0.9908477663993836,-0.12463930994272232,0.1962393820285797,0.11226968467235565,0.9741076231002808],"EasingStyle":"Linear","EasingDirection":"In"},"Right Leg":{"Weight":1,"CFrame":[0.177986741065979,0.002393364906311035,0.29329466819763186,0.8535839319229126,0.29742157459259035,-0.42770886421203616,-0.25585266947746279,0.9545089602470398,0.1531410962343216,0.45379942655563357,-0.021288353949785234,0.8908495903015137],"EasingStyle":"Linear","EasingDirection":"In"},"Torso":{"Weight":1,"CFrame":[0.10643554478883743,0.09737160801887512,-0.0065691471099853519,0.996779203414917,0.06734535098075867,0.04354105889797211,-0.0720818042755127,0.9903490543365479,0.11837633699178696,-0.0351487435400486,-0.12113357335329056,0.9920138120651245],"EasingStyle":"Linear","EasingDirection":"In"},"HumanoidRootPart":{"Weight":1,"CFrame":[0,0,0,1,0,0,0,1,0,0,0,1],"EasingStyle":"Linear","EasingDirection":"In"},"Left Arm":{"Weight":1,"CFrame":[-0.2440400868654251,0.04365384578704834,0.1644303798675537,0.28209730982780459,0.7394798994064331,0.6112205982208252,-0.9406465291976929,0.08788399398326874,0.3278118073940277,0.18869367241859437,-0.6674173474311829,0.7203810214996338],"EasingStyle":"Linear","EasingDirection":"In"}}},{"Time":0.15000000596046449,"poses":{"Left Leg":{"Weight":1,"CFrame":[-0.2407115399837494,0.02310943603515625,0.08069884777069092,0.9488064050674439,-0.13590767979621888,0.285123735666275,0.11449378728866577,0.9892882108688355,0.09055501222610474,-0.2943766415119171,-0.05327427387237549,0.9542034864425659],"EasingStyle":"Linear","EasingDirection":"In"},"Right Arm":{"Weight":1,"CFrame":[-0.0006297416985034943,0.00011920928955078125,-0.00864940881729126,0.9908592700958252,-0.04124603047966957,-0.12843963503837586,0.07338933646678925,0.9637025594711304,0.2566930949687958,0.11318999528884888,-0.2637729048728943,0.9579206109046936],"EasingStyle":"Linear","EasingDirection":"In"},"Head":{"Weight":1,"CFrame":[9.406358003616333e-8,4.330649971961975e-8,0.016661882400512697,0.9797272086143494,-0.05082043260335922,-0.1937834918498993,0.029964204877614976,0.9935814738273621,-0.10907796025276184,0.1980830878019333,0.10105996578931809,0.9749615788459778],"EasingStyle":"Linear","EasingDirection":"In"},"Right Leg":{"Weight":1,"CFrame":[0.1725723296403885,0.0009990334510803223,0.298539400100708,0.8402589559555054,0.3048592209815979,-0.44835910201072695,-0.2639040946960449,0.9523427486419678,0.15296383202075959,0.47362399101257326,-0.010205504484474659,0.8806681036949158],"EasingStyle":"Linear","EasingDirection":"In"},"Torso":{"Weight":1,"CFrame":[0.11529237776994705,0.09583732485771179,-0.006585597991943359,0.9978751540184021,0.04325724020600319,0.04872317612171173,-0.048691216856241229,0.9919951558113098,0.11651109904050827,-0.043293196707963946,-0.11863590031862259,0.9919936656951904],"EasingStyle":"Linear","EasingDirection":"In"},"HumanoidRootPart":{"Weight":1,"CFrame":[0,0,0,1,0,0,0,1,0,0,0,1],"EasingStyle":"Linear","EasingDirection":"In"},"Left Arm":{"Weight":1,"CFrame":[-0.28420940041542055,0.06784212589263916,0.18034064769744874,0.19602860510349275,0.7290468811988831,0.6557921767234802,-0.9564265012741089,-0.005423376336693764,0.291922926902771,0.2163820117712021,-0.6844423413276672,0.6962166428565979],"EasingStyle":"Linear","EasingDirection":"In"}}},{"Time":0.1666666716337204,"poses":{"Left Leg":{"Weight":1,"CFrame":[-0.2630259692668915,0.027948975563049318,0.07687997817993164,0.9556674361228943,-0.131430983543396,0.26348763704299929,0.11074883490800858,0.9895873069763184,0.09193353354930878,-0.2728269100189209,-0.05867687985301018,0.9602721333503723],"EasingStyle":"Linear","EasingDirection":"In"},"Right Arm":{"Weight":1,"CFrame":[-0.0005820505321025848,0.00007790327072143555,-0.008738994598388672,0.9908353090286255,-0.039909955114126208,-0.12904566526412965,0.07260395586490631,0.9629702568054199,0.2596476078033447,0.11390464007854462,-0.26663723587989809,0.9570425152778626],"EasingStyle":"Linear","EasingDirection":"In"},"Head":{"Weight":1,"CFrame":[1.0617077350616455e-7,1.234002411365509e-8,0.016662001609802247,0.9802293181419373,-0.027807194739580156,-0.19590124487876893,0.009529637172818184,0.9955611824989319,-0.09363263100385666,0.19763536751270295,0.08991459012031555,0.9761433005332947],"EasingStyle":"Linear","EasingDirection":"In"},"Right Leg":{"Weight":1,"CFrame":[0.16895699501037599,-0.00015544891357421875,0.30437350273132326,0.8268786668777466,0.31191813945770266,-0.46795180439949038,-0.27204936742782595,0.9501083493232727,0.15258900821208955,0.49220016598701479,0.0011333358706906438,0.8704813718795776],"EasingStyle":"Linear","EasingDirection":"In"},"Torso":{"Weight":1,"CFrame":[0.1232025995850563,0.09430994093418122,-0.006617069244384766,0.9983554482460022,0.020191501826047899,0.05365370586514473,-0.026246128603816034,0.9930588006973267,0.11465420573949814,-0.050966233015060428,-0.11587385833263397,0.991955578327179],"EasingStyle":"Linear","EasingDirection":"In"},"HumanoidRootPart":{"Weight":1,"CFrame":[0,0,0,1,0,0,0,1,0,0,0,1],"EasingStyle":"Linear","EasingDirection":"In"},"Left Arm":{"Weight":1,"CFrame":[-0.3164883852005005,0.09386283159255982,0.1926896572113037,0.09855292737483978,0.7139810919761658,0.6931942701339722,-0.9629110097885132,-0.10740239173173905,0.24752217531204225,0.25117677450180056,-0.6918784976005554,0.6769154667854309],"EasingStyle":"Linear","EasingDirection":"In"}}},{"Time":0.18333333730697633,"poses":{"Left Leg":{"Weight":1,"CFrame":[-0.28378355503082278,0.03268462419509888,0.07249665260314942,0.9616990089416504,-0.12685933709144593,0.242984801530838,0.10693520307540894,0.9898546934127808,0.09355627745389939,-0.2523881494998932,-0.06398932635784149,0.9655080437660217],"EasingStyle":"Linear","EasingDirection":"In"},"Right Arm":{"Weight":1,"CFrame":[-0.0005201810272410512,0.000042378902435302737,-0.00881659984588623,0.9908062815666199,-0.038169942796230319,-0.12979255616664887,0.07142945379018784,0.962348997592926,0.2622637450695038,0.11489515751600266,-0.2691236436367035,0.9562278389930725],"EasingStyle":"Linear","EasingDirection":"In"},"Head":{"Weight":1,"CFrame":[7.404014468193054e-8,-2.4650944396853448e-8,0.016662240028381349,0.9807669520378113,-0.006309157237410545,-0.19508090615272523,-0.009254714474081993,0.9968501925468445,-0.07876680791378021,0.19496338069438935,0.07905730605125427,0.9776192307472229],"EasingStyle":"Linear","EasingDirection":"In"},"Right Leg":{"Weight":1,"CFrame":[0.16724516451358796,-0.0010235309600830079,0.31082987785339358,0.8137423992156982,0.31846585869789126,-0.48621273040771487,-0.2801279127597809,0.9478517770767212,0.1520044207572937,0.5092658996582031,0.012509280815720559,0.8605183362960815],"EasingStyle":"Linear","EasingDirection":"In"},"Torso":{"Weight":1,"CFrame":[0.13017353415489198,0.09279660880565644,-0.006657838821411133,0.9982999563217163,-0.0014772448921576143,0.058268237859010699,-0.005114398896694183,0.9936029314994812,0.11281442642211914,-0.058062151074409488,-0.11292063444852829,0.9919061064720154],"EasingStyle":"Linear","EasingDirection":"In"},"HumanoidRootPart":{"Weight":1,"CFrame":[0,0,0,1,0,0,0,1,0,0,0,1],"EasingStyle":"Linear","EasingDirection":"In"},"Left Arm":{"Weight":1,"CFrame":[-0.3382556438446045,0.12244594097137451,0.20086407661437989,-0.008376987650990487,0.6925176382064819,0.721352219581604,-0.9561578631401062,-0.2167252004146576,0.1969582438468933,0.29273223876953127,-0.6880766153335571,0.6639717221260071],"EasingStyle":"Linear","EasingDirection":"In"}}},{"Time":0.20000000298023225,"poses":{"Left Leg":{"Weight":1,"CFrame":[-0.3027617931365967,0.03719031810760498,0.06781482696533203,0.9668801426887512,-0.12233053892850876,0.2240045815706253,0.10318350046873093,0.9900847673416138,0.09531723707914353,-0.2334437221288681,-0.06904676556587219,0.9699158072471619],"EasingStyle":"Linear","EasingDirection":"In"},"Right Arm":{"Weight":1,"CFrame":[-0.000444924458861351,0.000012159347534179688,-0.00888282060623169,0.9907722473144531,-0.0360465943813324,-0.13065609335899354,0.06988272070884705,0.9618322849273682,0.26456567645072939,0.11613254249095917,-0.2712550461292267,0.9554758667945862],"EasingStyle":"Linear","EasingDirection":"In"},"Head":{"Weight":1,"CFrame":[7.171183824539185e-8,-1.3969838619232178e-8,0.016661643981933595,0.9814098477363586,0.013272587209939957,-0.19146417081356049,-0.026153869926929475,0.997548520565033,-0.06490783393383026,0.19013336300849915,0.0687086284160614,0.9793510437011719],"EasingStyle":"Linear","EasingDirection":"In"},"Right Leg":{"Weight":1,"CFrame":[0.16713188588619233,-0.0015898942947387696,0.3176870346069336,0.8012516498565674,0.32419389486312868,-0.5028858184814453,-0.2877502739429474,0.9456970691680908,0.15118511021137238,0.5245908498764038,0.023568207398056985,0.8510282039642334],"EasingStyle":"Linear","EasingDirection":"In"},"Torso":{"Weight":1,"CFrame":[0.1362113356590271,0.09130053222179413,-0.006700992584228516,0.9978159666061401,-0.02138117142021656,0.0625009685754776,0.014340834692120552,0.9937174320220947,0.11099561303853989,-0.06448151171207428,-0.10985685139894486,0.9918537139892578],"EasingStyle":"Linear","EasingDirection":"In"},"HumanoidRootPart":{"Weight":1,"CFrame":[0,0,0,1,0,0,0,1,0,0,0,1],"EasingStyle":"Linear","EasingDirection":"In"},"Left Arm":{"Weight":1,"CFrame":[-0.3468818664550781,0.15436005592346192,0.20425164699554444,-0.12133732438087464,0.6632174849510193,0.7385255098342896,-0.9327035546302795,-0.33074477314949038,0.14377833902835847,0.3396196663379669,-0.6713796257972717,0.6587169170379639],"EasingStyle":"Linear","EasingDirection":"In"}}},{"Time":0.21666666865348817,"poses":{"Left Leg":{"Weight":1,"CFrame":[-0.319794625043869,0.041346848011016849,0.06312847137451172,0.9712109565734863,-0.11801587790250778,0.20693382620811463,0.09964354336261749,0.99027419090271,0.09709937870502472,-0.2163805216550827,-0.07368429005146027,0.9735246300697327],"EasingStyle":"Linear","EasingDirection":"In"},"Right Arm":{"Weight":1,"CFrame":[-0.0003572702407836914,-0.000013142824172973633,-0.008938491344451905,0.9907330274581909,-0.03356071561574936,-0.13161219656467439,0.06798061728477478,0.9614129662513733,0.2665777802467346,0.1175871342420578,-0.2730545699596405,0.9547851085662842],"EasingStyle":"Linear","EasingDirection":"In"},"Head":{"Weight":1,"CFrame":[7.729977369308472e-8,-9.313225746154785e-9,0.016662001609802247,0.9822216629981995,0.030547181144356729,-0.18522311747074128,-0.04092007130384445,0.9977854490280151,-0.05243993550539017,0.18321095407009126,0.059087030589580539,0.9812964200973511],"EasingStyle":"Linear","EasingDirection":"In"},"Right Leg":{"Weight":1,"CFrame":[0.16868890821933747,-0.0017981529235839844,0.32488107681274416,0.789760172367096,0.3289867043495178,-0.5177322030067444,-0.29472455382347109,0.9437205791473389,0.15009653568267823,0.5379741787910461,0.03404804319143295,0.8422734141349793],"EasingStyle":"Linear","EasingDirection":"In"},"Torso":{"Weight":1,"CFrame":[0.1413213610649109,0.08982165157794953,-0.0067386627197265629,0.9970319867134094,-0.0391603522002697,0.06628499180078507,0.03176239877939224,0.9935125708580017,0.1091977208852768,-0.07013119012117386,-0.10676826536655426,0.9918075203895569],"EasingStyle":"Linear","EasingDirection":"In"},"HumanoidRootPart":{"Weight":1,"CFrame":[0,0,0,1,0,0,0,1,0,0,0,1],"EasingStyle":"Linear","EasingDirection":"In"},"Left Arm":{"Weight":1,"CFrame":[-0.3410404324531555,0.19019687175750733,0.20055103302001954,-0.2419382482767105,0.6324012875556946,0.7358900904655457,-0.8925461173057556,-0.44251561164855959,0.08684249222278595,0.3805621564388275,-0.6358054280281067,0.6715089082717896],"EasingStyle":"Linear","EasingDirection":"In"}}},{"Time":0.23333333432674409,"poses":{"Left Leg":{"Weight":1,"CFrame":[-0.3349184989929199,0.04509836435317993,0.05877530574798584,0.9746980667114258,-0.11419244110584259,0.1921558827161789,0.09656023234128952,0.9904136657714844,0.0987773984670639,-0.20159347355365754,-0.07772348076105118,0.9763807058334351],"EasingStyle":"Linear","EasingDirection":"In"},"Right Arm":{"Weight":1,"CFrame":[-0.0002578161656856537,-0.00003361701965332031,-0.008984148502349854,0.9906880259513855,-0.030733318999409677,-0.1326376348733902,0.06573932617902756,0.961082935333252,0.26832425594329836,0.1192292645573616,-0.27454522252082827,0.954153835773468],"EasingStyle":"Linear","EasingDirection":"In"},"Head":{"Weight":1,"CFrame":[9.12696123123169e-8,9.313225746154785e-9,0.01666247844696045,0.9832565188407898,0.045138731598854068,-0.17654816806316377,-0.05328954756259918,0.9977080821990967,-0.04169965162873268,0.17426131665706635,0.05040956661105156,0.9834083914756775],"EasingStyle":"Linear","EasingDirection":"In"},"Right Leg":{"Weight":1,"CFrame":[0.17206238210201264,-0.001585245132446289,0.3323628902435303,0.7796176075935364,0.33277374505996706,-0.5305261611938477,-0.3008951246738434,0.9419933557510376,0.14869681000709535,0.5492345690727234,0.04370604082942009,0.8345246315002441],"EasingStyle":"Linear","EasingDirection":"In"},"Torso":{"Weight":1,"CFrame":[0.14550799131393434,0.08835780620574951,-0.006762981414794922,0.9960905909538269,-0.05446287989616394,0.06955240666866303,0.046799514442682269,0.9931118488311768,0.10741811245679856,-0.07492361962795258,-0.10374312847852707,0.9917781949043274],"EasingStyle":"Linear","EasingDirection":"In"},"HumanoidRootPart":{"Weight":1,"CFrame":[0,0,0,1,0,0,0,1,0,0,0,1],"EasingStyle":"Linear","EasingDirection":"In"},"Left Arm":{"Weight":1,"CFrame":[-0.3230447769165039,0.22910064458847047,0.1890026330947876,-0.37033456563949587,0.6037774085998535,0.7059073448181152,-0.8370365500450134,-0.5464181900024414,0.028235197067260743,0.40276825428009035,-0.5804136991500855,0.7077413201332092],"EasingStyle":"Linear","EasingDirection":"In"}}},{"Time":0.25,"poses":{"Left Leg":{"Weight":1,"CFrame":[-0.34774473309516909,0.04822659492492676,0.05502331256866455,0.9773843288421631,-0.11091591417789459,0.18004874885082246,0.09394444525241852,0.990520179271698,0.10022065043449402,-0.18945802748203278,-0.08103947341442108,0.9785389304161072],"EasingStyle":"Linear","EasingDirection":"In"},"Right Arm":{"Weight":1,"CFrame":[-0.0001475103199481964,-0.00005066394805908203,-0.009020686149597168,0.9906367659568787,-0.027585800737142564,-0.13370856642723084,0.06317537277936936,0.9608336091041565,0.2698288559913635,0.12102825194597244,-0.2757495641708374,0.953579843044281],"EasingStyle":"Linear","EasingDirection":"In"},"Head":{"Weight":1,"CFrame":[7.35744833946228e-8,2.7939677238464357e-8,0.016662001609802247,0.9845561981201172,0.05668886750936508,-0.16563695669174195,-0.06297941505908966,0.9974701404571533,-0.03297150507569313,0.16334882378578187,0.04289400205016136,0.9856354594230652],"EasingStyle":"Linear","EasingDirection":"In"},"Right Leg":{"Weight":1,"CFrame":[0.17711472511291505,-0.0009124279022216797,0.3398706912994385,0.7712328433990479,0.3353588879108429,-0.5410492420196533,-0.3059402108192444,0.9406430721282959,0.14694006741046906,0.5582118034362793,0.05220358446240425,0.8280546069145203],"EasingStyle":"Linear","EasingDirection":"In"},"Torso":{"Weight":1,"CFrame":[0.1487749218940735,0.08690610527992249,-0.006764650344848633,0.9951386451721191,-0.06694356352090836,0.07223436236381531,0.0591067411005497,0.9926448464393616,0.10565321892499924,-0.07877588272094727,-0.1008700579404831,0.9917759895324707],"EasingStyle":"Linear","EasingDirection":"In"},"HumanoidRootPart":{"Weight":1,"CFrame":[0,0,0,1,0,0,0,1,0,0,0,1],"EasingStyle":"Linear","EasingDirection":"In"},"Left Arm":{"Weight":1,"CFrame":[-0.29569441080093386,0.2697103023529053,0.17131829261779786,-0.49844875931739809,0.5731415748596191,0.650428831577301,-0.7675630450248718,-0.6405317187309265,-0.023792468011379243,0.4029838740825653,-0.5111044645309448,0.7591944932937622],"EasingStyle":"Linear","EasingDirection":"In"}}},{"Time":0.2666666805744171,"poses":{"Left Leg":{"Weight":1,"CFrame":[-0.35826945304870608,0.05065274238586426,0.052202582359313968,0.9792880415916443,-0.10844098776578903,0.17098386585712434,0.09200646728277207,0.9905926585197449,0.10129603743553162,-0.18036006391048432,-0.08346636593341828,0.9800529479980469],"EasingStyle":"Linear","EasingDirection":"In"},"Right Arm":{"Weight":1,"CFrame":[-0.000027198344469070436,-0.00006413459777832031,-0.009048938751220703,0.9905785322189331,-0.024139482527971269,-0.13480186462402345,0.06030488386750221,0.9606558084487915,0.2711159884929657,0.12295357882976532,-0.2766909599304199,0.9530606269836426],"EasingStyle":"Linear","EasingDirection":"In"},"Head":{"Weight":1,"CFrame":[7.078051567077637e-8,-4.6566128730773929e-8,0.016662120819091798,0.9861452579498291,0.0648568719625473,-0.15268029272556306,-0.06968600302934647,0.9972173571586609,-0.02648712322115898,0.15053758025169373,0.03675975278019905,0.9879206418991089],"EasingStyle":"Linear","EasingDirection":"In"},"Right Leg":{"Weight":1,"CFrame":[0.18396198749542237,0.0002867579460144043,0.3472564220428467,0.7649620771408081,0.3366631269454956,-0.5490818619728088,-0.3096691071987152,0.939757227897644,0.14478078484535218,0.564746081829071,0.05928179249167442,0.8231328129768372],"EasingStyle":"Linear","EasingDirection":"In"},"Torso":{"Weight":1,"CFrame":[0.15112489461898805,0.08546411991119385,-0.006735563278198242,0.9943186640739441,-0.07626182585954666,0.07426081597805023,0.06834237277507782,0.9922369122505188,0.10390016436576843,-0.08160794526338577,-0.09823470562696457,0.9918115139007568],"EasingStyle":"Linear","EasingDirection":"In"},"HumanoidRootPart":{"Weight":1,"CFrame":[0,0,0,1,0,0,0,1,0,0,0,1],"EasingStyle":"Linear","EasingDirection":"In"},"Left Arm":{"Weight":1,"CFrame":[-0.26174837350845339,0.3106831908226013,0.1492161750793457,-0.6175884008407593,0.5379465818405151,0.5737577080726624,-0.6881588101387024,-0.7228176593780518,-0.06302555650472641,0.3808177709579468,-0.43376055359840395,0.8165965676307678],"EasingStyle":"Linear","EasingDirection":"In"}}},{"Time":0.28333333134651186,"poses":{"Left Leg":{"Weight":1,"CFrame":[-0.36637067794799807,0.05225217342376709,0.0506138801574707,0.9804213643074036,-0.106962651014328,0.16532716155052186,0.09089839458465576,0.9906359910964966,0.10187231749296189,-0.17467553913593293,-0.08484986424446106,0.9809632897377014],"EasingStyle":"Linear","EasingDirection":"In"},"Right Arm":{"Weight":1,"CFrame":[0.00010225921869277954,-0.00007411837577819824,-0.009069442749023438,0.990513026714325,-0.02041582763195038,-0.1358945071697235,0.05714412033557892,0.9605398178100586,0.27220913767814639,0.12497469782829285,-0.2773923873901367,0.9525937438011169],"EasingStyle":"Linear","EasingDirection":"In"},"Head":{"Weight":1,"CFrame":[1.1175870895385742e-7,-7.450580596923828e-9,0.016661882400512697,0.9880245923995972,0.06931951642036438,-0.13784869015216828,-0.07308294624090195,0.997073769569397,-0.022424515336751939,0.13589075207710267,0.03223045542836189,0.9901995062828064],"EasingStyle":"Linear","EasingDirection":"In"},"Right Leg":{"Weight":1,"CFrame":[0.19261980056762696,0.0020633339881896974,0.3542701005935669,0.7611660361289978,0.3365549147129059,-0.5543978810310364,-0.3118254542350769,0.9394416213035584,0.14217717945575715,0.5686749219894409,0.0646548941731453,0.8200174570083618],"EasingStyle":"Linear","EasingDirection":"In"},"Torso":{"Weight":1,"CFrame":[0.1525595784187317,0.08403187990188599,-0.006667375564575195,0.9937573671340942,-0.08207853138446808,0.07556048035621643,0.07416565716266632,0.9919995665550232,0.10215900093317032,-0.08334101736545563,-0.09591728448867798,0.9918942451477051],"EasingStyle":"Linear","EasingDirection":"In"},"HumanoidRootPart":{"Weight":1,"CFrame":[0,0,0,1,0,0,0,1,0,0,0,1],"EasingStyle":"Linear","EasingDirection":"In"},"Left Arm":{"Weight":1,"CFrame":[-0.2239069938659668,0.3506762385368347,0.12441635131835938,-0.7203860282897949,0.49787744879722597,0.4828685224056244,-0.6048486232757568,-0.7916738390922546,-0.0860852375626564,0.33941447734832766,-0.35407719016075137,0.8714513778686523],"EasingStyle":"Linear","EasingDirection":"In"}}},{"Time":0.30000001192092898,"poses":{"Left Leg":{"Weight":1,"CFrame":[-0.37191498279571535,0.052902162075042728,0.05053532123565674,0.9807702898979187,-0.10666603595018387,0.16343821585178376,0.09077253937721253,0.9906524419784546,0.10182396322488785,-0.1727716028690338,-0.085030198097229,0.9812847971916199],"EasingStyle":"Linear","EasingDirection":"In"},"Right Arm":{"Weight":1,"CFrame":[0.00024005770683288574,-0.00008186697959899902,-0.009083092212677002,0.990439772605896,-0.01643635332584381,-0.13696320354938508,0.0537092499434948,0.9604760408401489,0.2731320261955261,0.12706057727336884,-0.27787724137306216,0.9521764516830444],"EasingStyle":"Linear","EasingDirection":"In"},"Head":{"Weight":1,"CFrame":[8.568167686462403e-8,1.30385160446167e-8,0.016662001609802247,0.9901635646820068,0.0697694644331932,-0.12127826362848282,-0.07282113283872605,0.9971258640289307,-0.020909804850816728,0.11947079747915268,0.02953585609793663,0.9923983812332153],"EasingStyle":"Linear","EasingDirection":"In"},"Right Leg":{"Weight":1,"CFrame":[0.20329034328460694,0.004494369029998779,0.36074650287628176,0.7601442337036133,0.33497485518455508,-0.5567519068717957,-0.31224891543388369,0.9397621154785156,0.13909682631492616,0.5698082447052002,0.06811146438121796,0.8189501762390137],"EasingStyle":"Linear","EasingDirection":"In"},"Torso":{"Weight":1,"CFrame":[0.15307915210723878,0.08261370658874512,-0.0065538883209228519,0.9935543537139893,-0.0840521901845932,0.0760602131485939,0.0762336328625679,0.9920188784599304,0.10043486952781677,-0.08389493823051453,-0.09398916363716126,0.9920321106910706],"EasingStyle":"Linear","EasingDirection":"In"},"HumanoidRootPart":{"Weight":1,"CFrame":[0,0,0,1,0,0,0,1,0,0,0,1],"EasingStyle":"Linear","EasingDirection":"In"},"Left Arm":{"Weight":1,"CFrame":[-0.1848108321428299,0.38833266496658327,0.09865045547485352,-0.802424967288971,0.4547302722930908,0.3864384889602661,-0.5243145823478699,-0.8464678525924683,-0.09266279637813568,0.28497108817100527,-0.27697038650512698,0.9176486730575562],"EasingStyle":"Linear","EasingDirection":"In"}}},{"Time":0.3166666626930237,"poses":{"Left Leg":{"Weight":1,"CFrame":[-0.3753677010536194,0.05268329381942749,0.051758766174316409,0.9805062413215637,-0.10735071450471878,0.16457043588161469,0.09149207919836045,0.9906595945358276,0.10110820084810257,-0.17388735711574555,-0.08408033847808838,0.9811696410179138],"EasingStyle":"Linear","EasingDirection":"In"},"Right Arm":{"Weight":1,"CFrame":[0.00038538873195648193,-0.0000864267349243164,-0.009090781211853028,0.9903589487075806,-0.012222523801028729,-0.1379850357770919