{"Sequence":[{"Time":0,"poses":{"Left Leg":{"Weight":1,"CFrame":[-0.40030866861343386,0.49658042192459109,0.10577595233917237,0.6935063004493713,-0.5428472757339478,0.47367289662361147,0.2223673313856125,0.7866507768630981,0.5759627819061279,-0.6852750778198242,-0.2941044270992279,0.6662588119506836],"EasingStyle":"Constant","EasingDirection":"In"},"Right Arm":{"Weight":1,"CFrame":[0.1050894632935524,-0.5905545353889465,0.08706259727478028,0.351293683052063,-0.5800328254699707,-0.7349520921707153,0.9333773851394653,0.2785686254501343,0.22628776729106904,0.07348015159368515,-0.765481173992157,0.6392490267753601],"EasingStyle":"Constant","EasingDirection":"In"},"Head":{"Weight":1,"CFrame":[1.434236764907837e-7,2.2351741790771486e-8,-1.7881393432617188e-7,0.9526515007019043,-0.10950072109699249,-0.2836630642414093,0.09148094803094864,0.9928984045982361,-0.07605347782373429,0.2899765074253082,0.046502698212862018,0.9559032917022705],"EasingStyle":"Constant","EasingDirection":"In"},"Right Leg":{"Weight":1,"CFrame":[0.5384379625320435,0.15634822845458985,0.04717826843261719,0.9789870381355286,0.19334010779857636,-0.0648382231593132,-0.19742456078529359,0.9782318472862244,-0.06392158567905426,0.05106818303465843,0.07537905126810074,0.9958463907241821],"EasingStyle":"Constant","EasingDirection":"In"},"Torso":{"Weight":1,"CFrame":[0.05228906869888306,-0.01756412535905838,-0.3610193729400635,0.9375234842300415,0.2902194857597351,0.19189207255840302,-0.2915402352809906,0.9563065767288208,-0.021955152973532678,-0.18987947702407838,-0.03536079078912735,0.9811705350875855],"EasingStyle":"Constant","EasingDirection":"In"},"HumanoidRootPart":{"Weight":0,"CFrame":[0,0,0,1,0,0,0,1,0,0,0,1],"EasingStyle":"Linear","EasingDirection":"In"},"Left Arm":{"Weight":1,"CFrame":[-0.5916521549224854,-0.3837946653366089,-0.4006984829902649,-0.24507871270179749,0.5466195940971375,-0.8007144331932068,-0.8812320232391357,0.21872080862522126,0.4190361499786377,0.40418630838394167,0.8083119988441467,0.4280948042869568],"EasingStyle":"Constant","EasingDirection":"In"}}},{"Time":0.0416666679084301,"poses":{"Left Leg":{"Weight":1,"CFrame":[-0.40030866861343386,0.49658042192459109,0.10577595233917237,0.6935063004493713,-0.5428472757339478,0.47367289662361147,0.2223673313856125,0.7866507768630981,0.5759627819061279,-0.6852750778198242,-0.2941044270992279,0.6662588119506836],"EasingStyle":"Constant","EasingDirection":"In"},"Right Arm":{"Weight":1,"CFrame":[0.1050894632935524,-0.5905545353889465,0.08706259727478028,0.351293683052063,-0.5800328254699707,-0.7349520921707153,0.9333773851394653,0.2785686254501343,0.22628776729106904,0.07348015159368515,-0.765481173992157,0.6392490267753601],"EasingStyle":"Constant","EasingDirection":"In"},"Head":{"Weight":1,"CFrame":[1.434236764907837e-7,2.2351741790771486e-8,-1.7881393432617188e-7,0.9526515007019043,-0.10950072109699249,-0.2836630642414093,0.09148094803094864,0.9928984045982361,-0.07605347782373429,0.2899765074253082,0.046502698212862018,0.9559032917022705],"EasingStyle":"Constant","EasingDirection":"In"},"Right Leg":{"Weight":1,"CFrame":[0.5384379625320435,0.15634822845458985,0.04717826843261719,0.9789870381355286,0.19334010779857636,-0.0648382231593132,-0.19742456078529359,0.9782318472862244,-0.06392158567905426,0.05106818303465843,0.07537905126810074,0.9958463907241821],"EasingStyle":"Constant","EasingDirection":"In"},"Torso":{"Weight":1,"CFrame":[0.05228906869888306,-0.01756412535905838,-0.3610193729400635,0.9375234842300415,0.2902194857597351,0.19189207255840302,-0.2915402352809906,0.9563065767288208,-0.021955152973532678,-0.18987947702407838,-0.03536079078912735,0.9811705350875855],"EasingStyle":"Constant","EasingDirection":"In"},"HumanoidRootPart":{"Weight":0,"CFrame":[0,0,0,1,0,0,0,1,0,0,0,1],"EasingStyle":"Linear","EasingDirection":"In"},"Left Arm":{"Weight":1,"CFrame":[-0.5916521549224854,-0.3837946653366089,-0.4006984829902649,-0.24507871270179749,0.5466195940971375,-0.8007144331932068,-0.8812320232391357,0.21872080862522126,0.4190361499786377,0.40418630838394167,0.8083119988441467,0.4280948042869568],"EasingStyle":"Constant","EasingDirection":"In"}}},{"Time":0.0833333358168602,"poses":{"Left Leg":{"Weight":1,"CFrame":[-0.3704272210597992,0.44638675451278689,0.07634568214416504,0.7824811339378357,-0.45227721333503725,0.42798224091529848,0.18737328052520753,0.8264983892440796,0.5308405756950378,-0.5938135981559753,-0.3351801633834839,0.7314640283584595],"EasingStyle":"Constant","EasingDirection":"In"},"Right Arm":{"Weight":1,"CFrame":[0.16949866712093354,-0.3867848813533783,0.07777643203735352,0.44482550024986269,-0.6768648028373718,-0.5865017175674439,0.8944711685180664,0.36886662244796755,0.25270307064056399,0.045295070856809619,-0.6370177268981934,0.7695173025131226],"EasingStyle":"Constant","EasingDirection":"In"},"Head":{"Weight":1,"CFrame":[5.3551048040390017e-8,-1.862645149230957e-8,3.5762786865234377e-7,0.9594874978065491,-0.09038159996271134,-0.2668614685535431,0.07890970259904862,0.9954491853713989,-0.05342639982700348,0.2704758048057556,0.030204003676772119,0.9622528553009033],"EasingStyle":"Constant","EasingDirection":"In"},"Right Leg":{"Weight":1,"CFrame":[0.4009370505809784,0.0953020453453064,0.06863117218017578,0.9759331941604614,0.1638457179069519,-0.1439061164855957,-0.1720125824213028,0.9840114116668701,-0.04618796706199646,0.13403759896755219,0.069830022752285,0.9885129332542419],"EasingStyle":"Constant","EasingDirection":"In"},"Torso":{"Weight":1,"CFrame":[0.05849304795265198,-0.0091666579246521,-0.27737879753112795,0.9608707427978516,0.2077798694372177,0.183180034160614,-0.20906774699687959,0.9778216481208801,-0.012471752241253853,-0.18170878291130067,-0.0263132955878973,0.9830002784729004],"EasingStyle":"Constant","EasingDirection":"In"},"HumanoidRootPart":{"Weight":0,"CFrame":[0,0,0,1,0,0,0,1,0,0,0,1],"EasingStyle":"Linear","EasingDirection":"In"},"Left Arm":{"Weight":1,"CFrame":[-0.5688591599464417,-0.23999005556106568,-0.2741554379463196,-0.17721004784107209,0.6476343274116516,-0.741057813167572,-0.8216820955276489,0.31708356738090517,0.47359949350357058,0.5416964888572693,0.6928403973579407,0.47595900297164919],"EasingStyle":"Constant","EasingDirection":"In"}}},{"Time":0.125,"poses":{"Left Leg":{"Weight":1,"CFrame":[-0.3704272210597992,0.44638675451278689,0.07634568214416504,0.7824811339378357,-0.45227721333503725,0.42798224091529848,0.18737328052520753,0.8264983892440796,0.5308405756950378,-0.5938135981559753,-0.3351801633834839,0.7314640283584595],"EasingStyle":"Constant","EasingDirection":"In"},"Right Arm":{"Weight":1,"CFrame":[0.16949866712093354,-0.3867848813533783,0.07777643203735352,0.44482550024986269,-0.6768648028373718,-0.5865017175674439,0.8944711685180664,0.36886662244796755,0.25270307064056399,0.045295070856809619,-0.6370177268981934,0.7695173025131226],"EasingStyle":"Constant","EasingDirection":"In"},"Head":{"Weight":1,"CFrame":[5.3551048040390017e-8,-1.862645149230957e-8,3.5762786865234377e-7,0.9594874978065491,-0.09038159996271134,-0.2668614685535431,0.07890970259904862,0.9954491853713989,-0.05342639982700348,0.2704758048057556,0.030204003676772119,0.9622528553009033],"EasingStyle":"Constant","EasingDirection":"In"},"Right Leg":{"Weight":1,"CFrame":[0.4009370505809784,0.0953020453453064,0.06863117218017578,0.9759331941604614,0.1638457179069519,-0.1439061164855957,-0.1720125824213028,0.9840114116668701,-0.04618796706199646,0.13403759896755219,0.069830022752285,0.9885129332542419],"EasingStyle":"Constant","EasingDirection":"In"},"Torso":{"Weight":1,"CFrame":[0.05849304795265198,-0.0091666579246521,-0.27737879753112795,0.9608707427978516,0.2077798694372177,0.183180034160614,-0.20906774699687959,0.9778216481208801,-0.012471752241253853,-0.18170878291130067,-0.0263132955878973,0.9830002784729004],"EasingStyle":"Constant","EasingDirection":"In"},"HumanoidRootPart":{"Weight":0,"CFrame":[0,0,0,1,0,0,0,1,0,0,0,1],"EasingStyle":"Linear","EasingDirection":"In"},"Left Arm":{"Weight":1,"CFrame":[-0.5688591599464417,-0.23999005556106568,-0.2741554379463196,-0.17721004784107209,0.6476343274116516,-0.741057813167572,-0.8216820955276489,0.31708356738090517,0.47359949350357058,0.5416964888572693,0.6928403973579407,0.47595900297164919],"EasingStyle":"Constant","EasingDirection":"In"}}},{"Time":0.1666666716337204,"poses":{"Left Leg":{"Weight":1,"CFrame":[-0.3302328884601593,0.3256487250328064,0.006352782249450684,0.9605675339698792,-0.15568849444389344,0.23037151992321015,0.06186594069004059,0.9274402260780335,0.3688187897205353,-0.2710767388343811,-0.34002313017845156,0.9005008339881897],"EasingStyle":"Constant","EasingDirection":"In"},"Right Arm":{"Weight":1,"CFrame":[0.3746805191040039,-0.53461092710495,0.0474240779876709,-0.11291573196649552,-0.9908546209335327,0.07387349754571915,0.9471485614776611,-0.08487020432949066,0.30936506390571597,-0.3002660870552063,0.1049012616276741,0.9480695724487305],"EasingStyle":"Constant","EasingDirection":"In"},"Head":{"Weight":1,"CFrame":[1.4528632164001466e-7,6.28642737865448e-9,3.5762786865234377e-7,0.9770321846008301,0.14575089514255525,-0.15545101463794709,-0.15522527694702149,0.9865827560424805,-0.050593212246894839,0.1459912806749344,0.07356113195419312,0.9865472316741943],"EasingStyle":"Constant","EasingDirection":"In"},"Right Leg":{"Weight":1,"CFrame":[0.06483494490385056,0.07382595539093018,0.07942867279052735,0.8853915929794312,0.18167909979820252,-0.4278720021247864,-0.15859203040599824,0.9832936525344849,0.08934426307678223,0.43695589900016787,-0.011247602291405201,0.8994126915931702],"EasingStyle":"Constant","EasingDirection":"In"},"Torso":{"Weight":1,"CFrame":[0.05857217311859131,0.018494945019483568,-0.1506977081298828,0.98633873462677,-0.11841566860675812,0.11451568454504013,0.11725950986146927,0.9929591417312622,0.01680423505604267,-0.11569927632808685,-0.003146617440506816,0.9932793974876404],"EasingStyle":"Constant","EasingDirection":"In"},"HumanoidRootPart":{"Weight":0,"CFrame":[0,0,0,1,0,0,0,1,0,0,0,1],"EasingStyle":"Linear","EasingDirection":"In"},"Left Arm":{"Weight":1,"CFrame":[-0.325977623462677,-0.1657836139202118,0.10767781734466553,-0.05040542781352997,0.9985682964324951,-0.01790667697787285,-0.8814377784729004,-0.03604830428957939,0.4709225594997406,0.4696027934551239,0.03952065855264664,0.8819929361343384],"EasingStyle":"Constant","EasingDirection":"In"}}},{"Time":0.2083333283662796,"poses":{"Left Leg":{"Weight":1,"CFrame":[-0.3302328884601593,0.3256487250328064,0.006352782249450684,0.9605675339698792,-0.15568849444389344,0.23037151992321015,0.06186594069004059,0.9274402260780335,0.3688187897205353,-0.2710767388343811,-0.34002313017845156,0.9005008339881897],"EasingStyle":"Constant","EasingDirection":"In"},"Right Arm":{"Weight":1,"CFrame":[0.3746805191040039,-0.53461092710495,0.0474240779876709,-0.11291573196649552,-0.9908546209335327,0.07387349754571915,0.9471485614776611,-0.08487020432949066,0.30936506390571597,-0.3002660870552063,0.1049012616276741,0.9480695724487305],"EasingStyle":"Constant","EasingDirection":"In"},"Head":{"Weight":1,"CFrame":[1.4528632164001466e-7,6.28642737865448e-9,3.5762786865234377e-7,0.9770321846008301,0.14575089514255525,-0.15545101463794709,-0.15522527694702149,0.9865827560424805,-0.050593212246894839,0.1459912806749344,0.07356113195419312,0.9865472316741943],"EasingStyle":"Constant","EasingDirection":"In"},"Right Leg":{"Weight":1,"CFrame":[0.06483494490385056,0.07382595539093018,0.07942867279052735,0.8853915929794312,0.18167909979820252,-0.4278720021247864,-0.15859203040599824,0.9832936525344849,0.08934426307678223,0.43695589900016787,-0.011247602291405201,0.8994126915931702],"EasingStyle":"Constant","EasingDirection":"In"},"Torso":{"Weight":1,"CFrame":[0.05857217311859131,0.018494945019483568,-0.1506977081298828,0.98633873462677,-0.11841566860675812,0.11451568454504013,0.11725950986146927,0.9929591417312622,0.01680423505604267,-0.11569927632808685,-0.003146617440506816,0.9932793974876404],"EasingStyle":"Constant","EasingDirection":"In"},"HumanoidRootPart":{"Weight":0,"CFrame":[0,0,0,1,0,0,0,1,0,0,0,1],"EasingStyle":"Linear","EasingDirection":"In"},"Left Arm":{"Weight":1,"CFrame":[-0.325977623462677,-0.1657836139202118,0.10767781734466553,-0.05040542781352997,0.9985682964324951,-0.01790667697787285,-0.8814377784729004,-0.03604830428957939,0.4709225594997406,0.4696027934551239,0.03952065855264664,0.8819929361343384],"EasingStyle":"Constant","EasingDirection":"In"}}},{"Time":0.25,"poses":{"Left Leg":{"Weight":1,"CFrame":[-0.3022407293319702,0.211994469165802,-0.009819865226745606,0.9971363544464111,-0.005046016536653042,0.07545692473649979,-0.011284807696938515,0.9766726493835449,0.21443700790405274,-0.07477886229753494,-0.21467439830303193,0.973818838596344],"EasingStyle":"Constant","EasingDirection":"In"},"Right Arm":{"Weight":1,"CFrame":[0.5408540964126587,-0.6302632689476013,0.03348243236541748,-0.4155380129814148,-0.7407528758049011,0.5278384685516357,0.8637599349021912,-0.13950969278812409,0.4842066466808319,-0.28503870964050295,0.6571318507194519,0.6978041529655457],"EasingStyle":"Constant","EasingDirection":"In"},"Head":{"Weight":1,"CFrame":[1.2479722499847413e-7,-1.862645149230957e-9,0,0.9462490081787109,0.315715491771698,-0.0702611580491066,-0.3210175633430481,0.9432697296142578,-0.08479361236095429,0.03950456529855728,0.10279093682765961,0.993918240070343],"EasingStyle":"Constant","EasingDirection":"In"},"Right Leg":{"Weight":1,"CFrame":[-0.06749755889177323,0.1458745002746582,0.047788023948669437,0.7660850286483765,0.2759382128715515,-0.5804926753044128,-0.15107877552509309,0.9551576375961304,0.2546549439430237,0.6247310638427734,-0.10738731175661087,0.7734204530715942],"EasingStyle":"Constant","EasingDirection":"In"},"Torso":{"Weight":1,"CFrame":[0.0607929453253746,0.026658684015274049,-0.12163138389587403,0.9465804696083069,-0.3213251829147339,0.02712099440395832,0.3207482099533081,0.9468709826469421,0.023578831925988199,-0.03325654938817024,-0.013620248064398766,0.9993541240692139],"EasingStyle":"Constant","EasingDirection":"In"},"HumanoidRootPart":{"Weight":0,"CFrame":[0,0,0,1,0,0,0,1,0,0,0,1],"EasingStyle":"Linear","EasingDirection":"In"},"Left Arm":{"Weight":1,"CFrame":[0.019735734909772874,-0.4104800224304199,-0.0026081204414367677,0.05326533690094948,0.7964798212051392,0.6023144125938416,-0.9231008887290955,-0.19077113270759583,0.333903044462204,0.380851149559021,-0.5737825036048889,0.7250697612762451],"EasingStyle":"Constant","EasingDirection":"In"}}},{"Time":0.2916666567325592,"poses":{"Left Leg":{"Weight":1,"CFrame":[-0.3022407293319702,0.211994469165802,-0.009819865226745606,0.9971363544464111,-0.005046016536653042,0.07545692473649979,-0.011284807696938515,0.9766726493835449,0.21443700790405274,-0.07477886229753494,-0.21467439830303193,0.973818838596344],"EasingStyle":"Constant","EasingDirection":"In"},"Right Arm":{"Weight":1,"CFrame":[0.5408540964126587,-0.6302632689476013,0.03348243236541748,-0.4155380129814148,-0.7407528758049011,0.5278384685516357,0.8637599349021912,-0.13950969278812409,0.4842066466808319,-0.28503870964050295,0.6571318507194519,0.6978041529655457],"EasingStyle":"Constant","EasingDirection":"In"},"Head":{"Weight":1,"CFrame":[1.2479722499847413e-7,-1.862645149230957e-9,0,0.9462490081787109,0.315715491771698,-0.0702611580491066,-0.3210175633430481,0.9432697296142578,-0.08479361236095429,0.03950456529855728,0.10279093682765961,0.993918240070343],"EasingStyle":"Constant","EasingDirection":"In"},"Right Leg":{"Weight":1,"CFrame":[-0.06749755889177323,0.1458745002746582,0.047788023948669437,0.7660850286483765,0.2759382128715515,-0.5804926753044128,-0.15107877552509309,0.9551576375961304,0.2546549439430237,0.6247310638427734,-0.10738731175661087,0.7734204530715942],"EasingStyle":"Constant","EasingDirection":"In"},"Torso":{"Weight":1,"CFrame":[0.0607929453253746,0.026658684015274049,-0.12163138389587403,0.9465804696083069,-0.3213251829147339,0.02712099440395832,0.3207482099533081,0.9468709826469421,0.023578831925988199,-0.03325654938817024,-0.013620248064398766,0.9993541240692139],"EasingStyle":"Constant","EasingDirection":"In"},"HumanoidRootPart":{"Weight":0,"CFrame":[0,0,0,1,0,0,0,1,0,0,0,1],"EasingStyle":"Linear","EasingDirection":"In"},"Left Arm":{"Weight":1,"CFrame":[0.019735734909772874,-0.4104800224304199,-0.0026081204414367677,0.05326533690094948,0.7964798212051392,0.6023144125938416,-0.9231008887290955,-0.19077113270759583,0.333903044462204,0.380851149559021,-0.5737825036048889,0.7250697612762451],"EasingStyle":"Constant","EasingDirection":"In"}}},{"Time":0.3333333432674408,"poses":{"Left Leg":{"Weight":1,"CFrame":[-0.34270551800727847,0.12496906518936157,-0.02426767349243164,0.998612105846405,0.011443965137004853,-0.051409948617219928,-0.007998166605830193,0.9977384209632874,0.06673875451087952,0.0520574189722538,-0.06623492389917374,0.9964452385902405],"EasingStyle":"Constant","EasingDirection":"In"},"Right Arm":{"Weight":1,"CFrame":[0.5908512473106384,-0.6266515254974365,0.03811383247375488,-0.5221588611602783,-0.5033575892448425,0.6884630918502808,0.8117523789405823,-0.04576525092124939,0.5822060108184815,-0.26155000925064089,0.8628654479980469,0.4324982762336731],"EasingStyle":"Constant","EasingDirection":"In"},"Head":{"Weight":1,"CFrame":[1.0593794286251068e-7,2.2409949451684953e-8,-4.76837158203125e-7,0.9310548305511475,0.36140725016593935,0.05021625757217407,-0.3557693660259247,0.9297317266464233,-0.09501082450151444,-0.08102524280548096,0.07059488445520401,0.9942088723182678],"EasingStyle":"Constant","EasingDirection":"In"},"Right Leg":{"Weight":1,"CFrame":[-0.06913939118385315,0.2516534924507141,0.04814648628234863,0.6497371792793274,0.40151533484458926,-0.6454666256904602,-0.13704663515090943,0.8970797061920166,0.42007890343666079,0.7477031350135803,-0.1844819188117981,0.6378923654556274],"EasingStyle":"Constant","EasingDirection":"In"},"Torso":{"Weight":1,"CFrame":[0.06832928955554962,0.018577251583337785,-0.1478290557861328,0.9026686549186707,-0.4250134825706482,-0.06747476756572724,0.42677006125450137,0.9042597413063049,0.013477029278874398,0.05528678372502327,-0.04096149653196335,0.9976300597190857],"EasingStyle":"Constant","EasingDirection":"In"},"HumanoidRootPart":{"Weight":0,"CFrame":[0,0,0,1,0,0,0,1,0,0,0,1],"EasingStyle":"Linear","EasingDirection":"In"},"Left Arm":{"Weight":1,"CFrame":[0.022460855543613435,-0.541918933391571,-0.007424890995025635,0.13703367114067079,0.7647625207901001,0.6295713186264038,-0.9464675188064575,-0.08643919229507446,0.311010479927063,0.2922687828540802,-0.6384878158569336,0.7119777798652649],"EasingStyle":"Constant","EasingDirection":"In"}}},{"Time":0.375,"poses":{"Left Leg":{"Weight":1,"CFrame":[-0.34270551800727847,0.12496906518936157,-0.02426767349243164,0.998612105846405,0.011443965137004853,-0.051409948617219928,-0.007998166605830193,0.9977384209632874,0.06673875451087952,0.0520574189722538,-0.06623492389917374,0.9964452385902405],"EasingStyle":"Constant","EasingDirection":"In"},"Right Arm":{"Weight":1,"CFrame":[0.5908512473106384,-0.6266515254974365,0.03811383247375488,-0.5221588611602783,-0.5033575892448425,0.6884630918502808,0.8117523789405823,-0.04576525092124939,0.5822060108184815,-0.26155000925064089,0.8628654479980469,0.4324982762336731],"EasingStyle":"Constant","EasingDirection":"In"},"Head":{"Weight":1,"CFrame":[1.0593794286251068e-7,2.2409949451684953e-8,-4.76837158203125e-7,0.9310548305511475,0.36140725016593935,0.05021625757217407,-0.3557693660259247,0.9297317266464233,-0.09501082450151444,-0.08102524280548096,0.07059488445520401,0.9942088723182678],"EasingStyle":"Constant","EasingDirection":"In"},"Right Leg":{"Weight":1,"CFrame":[-0.06913939118385315,0.2516534924507141,0.04814648628234863,0.6497371792793274,0.40151533484458926,-0.6454666256904602,-0.13704663515090943,0.8970797061920166,0.42007890343666079,0.7477031350135803,-0.1844819188117981,0.6378923654556274],"EasingStyle":"Constant","EasingDirection":"In"},"Torso":{"Weight":1,"CFrame":[0.06832928955554962,0.018577251583337785,-0.1478290557861328,0.9026686549186707,-0.4250134825706482,-0.06747476756572724,0.42677006125450137,0.9042597413063049,0.013477029278874398,0.05528678372502327,-0.04096149653196335,0.9976300597190857],"EasingStyle":"Constant","EasingDirection":"In"},"HumanoidRootPart":{"Weight":0,"CFrame":[0,0,0,1,0,0,0,1,0,0,0,1],"EasingStyle":"Linear","EasingDirection":"In"},"Left Arm":{"Weight":1,"CFrame":[0.022460855543613435,-0.541918933391571,-0.007424890995025635,0.13703367114067079,0.7647625207901001,0.6295713186264038,-0.9464675188064575,-0.08643919229507446,0.311010479927063,0.2922687828540802,-0.6384878158569336,0.7119777798652649],"EasingStyle":"Constant","EasingDirection":"In"}}},{"Time":0.4166666567325592,"poses":{"Left Leg":{"Weight":1,"CFrame":[-0.5193920135498047,0.11522412300109863,-0.03636622428894043,0.989159345626831,-0.11359723657369614,-0.09305715560913086,0.10680301487445831,0.9914466142654419,-0.07501213252544403,0.10078228265047074,0.06426014751195908,0.9928311109542847],"EasingStyle":"Constant","EasingDirection":"In"},"Right Arm":{"Weight":1,"CFrame":[0.6494989395141602,-0.6508623957633972,-0.26751893758773806,-0.43233683705329897,-0.38266345858573916,0.8164886832237244,0.8107731342315674,0.23131173849105836,0.5377191305160523,-0.3946288228034973,0.8944627046585083,0.21024858951568604],"EasingStyle":"Constant","EasingDirection":"In"},"Head":{"Weight":1,"CFrame":[7.820199243724346e-8,-1.0884832590818405e-8,-2.384185791015625e-7,0.922636091709137,0.3556356728076935,0.14921802282333375,-0.3428663909435272,0.9335117340087891,-0.10487420856952667,-0.17659375071525575,0.04559888690710068,0.9832270741462708],"EasingStyle":"Constant","EasingDirection":"In"},"Right Leg":{"Weight":1,"CFrame":[0.090556800365448,0.41954272985458376,0.11139059066772461,0.5406309962272644,0.5540480017662048,-0.6330474019050598,-0.1459869146347046,0.8028699159622192,0.5780031681060791,0.8284962177276611,-0.22006981074810029,0.5149401426315308],"EasingStyle":"Constant","EasingDirection":"In"},"Torso":{"Weight":1,"CFrame":[0.060544729232788089,0.004005681723356247,-0.2758448123931885,0.8765503168106079,-0.4519904851913452,-0.16542156040668488,0.45759308338165285,0.8891491293907166,-0.004737452138215303,0.14922572672367097,-0.0715431496500969,0.9862115979194641],"EasingStyle":"Constant","EasingDirection":"In"},"HumanoidRootPart":{"Weight":0,"CFrame":[0,0,0,1,0,0,0,1,0,0,0,1],"EasingStyle":"Linear","EasingDirection":"In"},"Left Arm":{"Weight":1,"CFrame":[0.00430530309677124,-0.4713253676891327,0.07895064353942871,0.4146023094654083,0.6909217834472656,0.5922263264656067,-0.9085993766784668,0.2781738340854645,0.31155484914779665,0.05051809549331665,-0.667267918586731,0.7431026101112366],"EasingStyle":"Constant","EasingDirection":"In"}}},{"Time":0.4583333432674408,"poses":{"Left Leg":{"Weight":1,"CFrame":[-0.5193920135498047,0.11522412300109863,-0.03636622428894043,0.989159345626831,-0.11359723657369614,-0.09305715560913086,0.10680301487445831,0.9914466142654419,-0.07501213252544403,0.10078228265047074,0.06426014751195908,0.9928311109542847],"EasingStyle":"Constant","EasingDirection":"In"},"Right Arm":{"Weight":1,"CFrame":[0.6494989395141602,-0.6508623957633972,-0.26751893758773806,-0.43233683705329897,-0.38266345858573916,0.8164886832237244,0.8107731342315674,0.23131173849105836,0.5377191305160523,-0.3946288228034973,0.8944627046585083,0.21024858951568604],"EasingStyle":"Constant","EasingDirection":"In"},"Head":{"Weight":1,"CFrame":[7.820199243724346e-8,-1.0884832590818405e-8,-2.384185791015625e-7,0.922636091709137,0.3556356728076935,0.14921802282333375,-0.3428663909435272,0.9335117340087891,-0.10487420856952667,-0.17659375071525575,0.04559888690710068,0.9832270741462708],"EasingStyle":"Constant","EasingDirection":"In"},"Right Leg":{"Weight":1,"CFrame":[0.090556800365448,0.41954272985458376,0.11139059066772461,0.5406309962272644,0.5540480017662048,-0.6330474019050598,-0.1459869146347046,0.8028699159622192,0.5780031681060791,0.8284962177276611,-0.22006981074810029,0.5149401426315308],"EasingStyle":"Constant","EasingDirection":"In"},"Torso":{"Weight":1,"CFrame":[0.060544729232788089,0.004005681723356247,-0.2758448123931885,0.8765503168106079,-0.4519904851913452,-0.16542156040668488,0.45759308338165285,0.8891491293907166,-0.004737452138215303,0.14922572672367097,-0.0715431496500969,0.9862115979194641],"EasingStyle":"Constant","EasingDirection":"In"},"HumanoidRootPart":{"Weight":0,"CFrame":[0,0,0,1,0,0,0,1,0,0,0,1],"EasingStyle":"Linear","EasingDirection":"In"},"Left Arm":{"Weight":1,"CFrame":[0.00430530309677124,-0.4713253676891327,0.07895064353942871,0.4146023094654083,0.6909217834472656,0.5922263264656067,-0.9085993766784668,0.2781738340854645,0.31155484914779665,0.05051809549331665,-0.667267918586731,0.7431026101112366],"EasingStyle":"Constant","EasingDirection":"In"}}},{"Time":0.5,"poses":{"Left Leg":{"Weight":1,"CFrame":[-0.3659590482711792,0.09195023775100708,-0.018934011459350587,0.9983101487159729,-0.005854297894984484,-0.05781639367341995,0.005002683959901333,0.9998770356178284,-0.01486264169216156,0.05789632722735405,0.014548324048519135,0.9982166290283203],"EasingStyle":"Constant","EasingDirection":"In"},"Right Arm":{"Weight":1,"CFrame":[0.6601786017417908,-0.44533389806747439,-0.38630253076553347,-0.3920685946941376,-0.4070117473602295,0.8249992728233337,0.7684326171875,0.3481442928314209,0.5369422435760498,-0.5057605504989624,0.8444744348526001,0.1762646585702896],"EasingStyle":"Constant","EasingDirection":"In"},"Head":{"Weight":1,"CFrame":[1.4062970876693726e-7,-1.0244548320770264e-8,3.5762786865234377e-7,0.9419485330581665,0.31059032678604128,0.12754105031490327,-0.3007580637931824,0.9493772387504578,-0.09070597589015961,-0.14925694465637208,0.0470813512802124,0.9876769781112671],"EasingStyle":"Constant","EasingDirection":"In"},"Right Leg":{"Weight":1,"CFrame":[-0.006611689925193787,0.32547134160995486,0.06946825981140137,0.6249083280563355,0.44434767961502077,-0.6419070959091187,-0.11509354412555695,0.8656731843948364,0.4871997535228729,0.7721678018569946,-0.23057588934898377,0.5921079516410828],"EasingStyle":"Constant","EasingDirection":"In"},"Torso":{"Weight":1,"CFrame":[0.06603363156318665,-0.0024999715387821199,-0.18096685409545899,0.8969134092330933,-0.4264619052410126,-0.11694740504026413,0.4280036985874176,0.903685450553894,-0.0128695173189044,0.11117201298475266,-0.03851107880473137,0.9930547475814819],"EasingStyle":"Constant","EasingDirection":"In"},"HumanoidRootPart":{"Weight":0,"CFrame":[0,0,0,1,0,0,0,1,0,0,0,1],"EasingStyle":"Linear","EasingDirection":"In"},"Left Arm":{"Weight":1,"CFrame":[0.10329005867242813,-0.36182355880737307,0.05759108066558838,0.43725550174713137,0.6624918580055237,0.6082039475440979,-0.898945689201355,0.3419197201728821,0.27383866906166079,-0.026541095227003099,-0.6664798855781555,0.7450505495071411],"EasingStyle":"Constant","EasingDirection":"In"}}},{"Time":0.5416666865348816,"poses":{"Left Leg":{"Weight":1,"CFrame":[-0.3659590482711792,0.09195023775100708,-0.018934011459350587,0.9983101487159729,-0.005854297894984484,-0.05781639367341995,0.005002683959901333,0.9998770356178284,-0.01486264169216156,0.05789632722735405,0.014548324048519135,0.9982166290283203],"EasingStyle":"Constant","EasingDirection":"In"},"Right Arm":{"Weight":1,"CFrame":[0.6601786017417908,-0.44533389806747439,-0.38630253076553347,-0.3920685946941376,-0.4070117473602295,0.8249992728233337,0.7684326171875,0.3481442928314209,0.5369422435760498,-0.5057605504989624,0.8444744348526001,0.1762646585702896],"EasingStyle":"Constant","EasingDirection":"In"},"Head":{"Weight":1,"CFrame":[1.4062970876693726e-7,-1.0244548320770264e-8,3.5762786865234377e-7,0.9419485330581665,0.31059032678604128,0.12754105031490327,-0.3007580637931824,0.9493772387504578,-0.09070597589015961,-0.14925694465637208,0.0470813512802124,0.9876769781112671],"EasingStyle":"Constant","EasingDirection":"In"},"Right Leg":{"Weight":1,"CFrame":[-0.006611689925193787,0.32547134160995486,0.06946825981140137,0.6249083280563355,0.44434767961502077,-0.6419070959091187,-0.11509354412555695,0.8656731843948364,0.4871997535228729,0.7721678018569946,-0.23057588934898377,0.5921079516410828],"EasingStyle":"Constant","EasingDirection":"In"},"Torso":{"Weight":1,"CFrame":[0.06603363156318665,-0.0024999715387821199,-0.18096685409545899,0.8969134092330933,-0.4264619052410126,-0.11694740504026413,0.4280036985874176,0.903685450553894,-0.0128695173189044,0.11117201298475266,-0.03851107880473137,0.9930547475814819],"EasingStyle":"Constant","EasingDirection":"In"},"HumanoidRootPart":{"Weight":0,"CFrame":[0,0,0,1,0,0,0,1,0,0,0,1],"EasingStyle":"Linear","EasingDirection":"In"},"Left Arm":{"Weight":1,"CFrame":[0.10329005867242813,-0.36182355880737307,0.05759108066558838,0.43725550174713137,0.6624918580055237,0.6082039475440979,-0.898945689201355,0.3419197201728821,0.27383866906166079,-0.026541095227003099,-0.6664798855781555,0.7450505495071411],"EasingStyle":"Constant","EasingDirection":"In"}}},{"Time":0.5833333134651184,"poses":{"Left Leg":{"Weight":1,"CFrame":[-0.26952728629112246,0.1671343445777893,0.013246297836303711,0.9945010542869568,0.017554132267832757,0.10324548929929733,-0.030964061617851259,0.9910626411437988,0.12975406646728517,-0.10004512220621109,-0.13223743438720704,0.9861563444137573],"EasingStyle":"Constant","EasingDirection":"In"},"Right Arm":{"Weight":1,"CFrame":[0.6387260556221008,-0.5694437026977539,-0.2371586561203003,-0.40983495116233828,-0.7252485752105713,0.5532177686691284,0.792803168296814,0.016723401844501497,0.6092483401298523,-0.4511081576347351,0.6882839202880859,0.5681254863739014],"EasingStyle":"Constant","EasingDirection":"In"},"Head":{"Weight":1,"CFrame":[1.2852251529693604e-7,1.1175870895385743e-8,0,0.9739596247673035,0.22255779802799226,0.043252382427453998,-0.22089116275310517,0.9744712710380554,-0.04016207531094551,-0.05108657479286194,0.029562175273895265,0.9982566237449646],"EasingStyle":"Constant","EasingDirection":"In"},"Right Leg":{"Weight":1,"CFrame":[-0.0001188330352306366,0.20724737644195558,0.07054197788238526,0.7783509492874146,0.270174503326416,-0.5667234063148499,-0.10826550424098969,0.9469084143638611,0.30272597074508669,0.618424117565155,-0.17427055537700654,0.7662777900695801],"EasingStyle":"Constant","EasingDirection":"In"},"Torso":{"Weight":1,"CFrame":[0.0629953071475029,-0.010425329208374024,-0.12889647483825684,0.9558895230293274,-0.29328179359436037,-0.01616196520626545,0.29289203882217409,0.9558742046356201,-0.022776201367378236,0.022128652781248094,0.01703781820833683,0.9996099472045898],"EasingStyle":"Constant","EasingDirection":"In"},"HumanoidRootPart":{"Weight":0,"CFrame":[0,0,0,1,0,0,0,1,0,0,0,1],"EasingStyle":"Linear","EasingDirection":"In"},"Left Arm":{"Weight":1,"CFrame":[0.10737594962120056,-0.47720012068748476,0.04393446445465088,0.03747500479221344,0.8849468231201172,0.4641818702220917,-0.9855903387069702,-0.04394131898880005,0.16334261000156403,0.16494625806808473,-0.4636145830154419,0.8705483078956604],"EasingStyle":"Constant","EasingDirection":"In"}}},{"Time":0.625,"poses":{"Left Leg":{"Weight":1,"CFrame":[-0.26952728629112246,0.1671343445777893,0.013246297836303711,0.9945010542869568,0.017554132267832757,0.10324548929929733,-0.030964061617851259,0.9910626411437988,0.12975406646728517,-0.10004512220621109,-0.13223743438720704,0.9861563444137573],"EasingStyle":"Constant","EasingDirection":"In"},"Right Arm":{"Weight":1,"CFrame":[0.6387260556221008,-0.5694437026977539,-0.2371586561203003,-0.40983495116233828,-0.7252485752105713,0.5532177686691284,0.792803168296814,0.016723401844501497,0.6092483401298523,-0.4511081576347351,0.6882839202880859,0.5681254863739014],"EasingStyle":"Constant","EasingDirection":"In"},"Head":{"Weight":1,"CFrame":[1.2852251529693604e-7,1.1175870895385743e-8,0,0.9739596247673035,0.22255779802799226,0.043252382427453998,-0.22089116275310517,0.9744712710380554,-0.04016207531094551,-0.05108657479286194,0.029562175273895265,0.9982566237449646],"EasingStyle":"Constant","EasingDirection":"In"},"Right Leg":{"Weight":1,"CFrame":[-0.0001188330352306366,0.20724737644195558,0.07054197788238526,0.7783509492874146,0.270174503326416,-0.5667234063148499,-0.10826550424098969,0.9469084143638611,0.30272597074508669,0.618424117565155,-0.17427055537700654,0.7662777900695801],"EasingStyle":"Constant","EasingDirection":"In"},"Torso":{"Weight":1,"CFrame":[0.0629953071475029,-0.010425329208374024,-0.12889647483825684,0.9558895230293274,-0.29328179359436037,-0.01616196520626545,0.29289203882217409,0.9558742046356201,-0.022776201367378236,0.022128652781248094,0.01703781820833683,0.9996099472045898],"EasingStyle":"Constant","EasingDirection":"In"},"HumanoidRootPart":{"Weight":0,"CFrame":[0,0,0,1,0,0,0,1,0,0,0,1],"EasingStyle":"Linear","EasingDirection":"In"},"Left Arm":{"Weight":1,"CFrame":[0.10737594962120056,-0.47720012068748476,0.04393446445465088,0.03747500479221344,0.8849468231201172,0.4641818702220917,-0.9855903387069702,-0.04394131898880005,0.16334261000156403,0.16494625806808473,-0.4636145830154419,0.8705483078956604],"EasingStyle":"Constant","EasingDirection":"In"}}},{"Time":0.6666666865348816,"poses":{"Left Leg":{"Weight":1,"CFrame":[-0.17514124512672425,0.2770610451698303,0.06284260749816895,0.8992079496383667,-0.1691339910030365,0.40350812673568728,0.037811245769262317,0.9488493800163269,0.3134571313858032,-0.43588465452194216,-0.266605943441391,0.8596080541610718],"EasingStyle":"Constant","EasingDirection":"In"},"Right Arm":{"Weight":1,"CFrame":[0.4833613932132721,-0.5939228534698486,0.09518945217132569,0.055255383253097537,-0.9327474236488342,-0.3562711775302887,0.8798916339874268,-0.12316951155662537,0.4589337408542633,-0.4719509780406952,-0.33883851766586306,0.8139107823371887],"EasingStyle":"Constant","EasingDirection":"In"},"Head":{"Weight":1,"CFrame":[1.1408701539039612e-7,8.149072527885437e-9,-2.980232238769531e-7,0.9983051419258118,-0.028544358909130098,-0.05071777477860451,0.026933342218399049,0.9991195797920227,-0.0321689210832119,0.05159136652946472,0.030748402699828149,0.9981948137283325],"EasingStyle":"Constant","EasingDirection":"In"},"Right Leg":{"Weight":1,"CFrame":[0.140603706240654,0.11019229888916016,0.06170952320098877,0.9484795928001404,0.08577883243560791,-0.30500584840774538,-0.05844870209693909,0.9935029149055481,0.09765113145112992,0.3114006221294403,-0.07479297369718552,0.9473308324813843],"EasingStyle":"Constant","EasingDirection":"In"},"Torso":{"Weight":1,"CFrame":[0.026200562715530397,-0.012752436101436615,-0.13139081001281739,0.9967427253723145,0.030233392491936685,0.07476533204317093,-0.02838333137333393,0.9992671608924866,-0.025685040280222894,-0.07548707723617554,0.023479286581277849,0.9968703985214233],"EasingStyle":"Constant","EasingDirection":"In"},"HumanoidRootPart":{"Weight":0,"CFrame":[0,0,0,1,0,0,0,1,0,0,0,1],"EasingStyle":"Linear","EasingDirection":"In"},"Left Arm":{"Weight":1,"CFrame":[0.055376119911670688,-0.5866153836250305,-0.11435210704803467,-0.3133159875869751,0.893804132938385,-0.32085394859313967,-0.8973596096038818,-0.16808786988258363,0.40803471207618716,0.3107713758945465,0.4157651364803314,0.8547284007072449],"EasingStyle":"Constant","EasingDirection":"In"}}},{"Time":0.7083333134651184,"poses":{"Left Leg":{"Weight":1,"CFrame":[-0.17514124512672425,0.2770610451698303,0.06284260749816895,0.8992079496383667,-0.1691339910030365,0.40350812673568728,0.037811245769262317,0.9488493800163269,0.3134571313858032,-0.43588465452194216,-0.266605943441391,0.8596080541610718],"EasingStyle":"Constant","EasingDirection":"In"},"Right Arm":{"Weight":1,"CFrame":[0.4833613932132721,-0.5939228534698486,0.09518945217132569,0.055255383253097537,-0.9327474236488342,-0.3562711775302887,0.8798916339874268,-0.12316951155662537,0.4589337408542633,-0.4719509780406952,-0.33883851766586306,0.8139107823371887],"EasingStyle":"Constant","EasingDirection":"In"},"Head":{"Weight":1,"CFrame":[1.1408701539039612e-7,8.149072527885437e-9,-2.980232238769531e-7,0.9983051419258118,-0.028544358909130098,-0.05071777477860451,0.026933342218399049,0.9991195797920227,-0.0321689210832119,0.05159136652946472,0.030748402699828149,0.9981948137283325],"EasingStyle":"Constant","EasingDirection":"In"},"Right Leg":{"Weight":1,"CFrame":[0.140603706240654,0.11019229888916016,0.06170952320098877,0.9484795928001404,0.08577883243560791,-0.30500584840774538,-0.05844870209693909,0.9935029149055481,0.09765113145112992,0.3114006221294403,-0.07479297369718552,0.9473308324813843],"EasingStyle":"Constant","EasingDirection":"In"},"Torso":{"Weight":1,"CFrame":[0.026200562715530397,-0.012752436101436615,-0.13139081001281739,0.9967427253723145,0.030233392491936685,0.07476533204317093,-0.02838333137333393,0.9992671608924866,-0.025685040280222894,-0.07548707723617554,0.023479286581277849,0.9968703985214233],"EasingStyle":"Constant","EasingDirection":"In"},"HumanoidRootPart":{"Weight":0,"CFrame":[0,0,0,1,0,0,0,1,0,0,0,1],"EasingStyle":"Linear","EasingDirection":"In"},"Left Arm":{"Weight":1,"CFrame":[0.055376119911670688,-0.5866153836250305,-0.11435210704803467,-0.3133159875869751,0.893804132938385,-0.32085394859313967,-0.8973596096038818,-0.16808786988258363,0.40803471207618716,0.3107713758945465,0.4157651364803314,0.8547284007072449],"EasingStyle":"Constant","EasingDirection":"In"}}},{"Time":0.75,"poses":{"Left Leg":{"Weight":1,"CFrame":[-0.056408416479825976,0.35274308919906618,0.06713247299194336,0.701032817363739,-0.3900914788246155,0.5969772338867188,0.07435539364814758,0.8725443482398987,0.48284342885017397,-0.7092421650886536,-0.2941005527973175,0.6406875848770142],"EasingStyle":"Constant","EasingDirection":"In"},"Right Arm":{"Weight":1,"CFrame":[0.1519196778535843,-0.49743321537971499,0.022588253021240236,0.2561848759651184,-0.7086456418037415,-0.6574119329452515,0.9651552438735962,0.14999963343143464,0.21441899240016938,-0.05333559587597847,-0.6894355416297913,0.7223807573318481],"EasingStyle":"Constant","EasingDirection":"In"},"Head":{"Weight":1,"CFrame":[9.12696123123169e-8,1.1175870895385743e-8,1.1920928955078126e-7,0.9513686895370483,-0.2789945602416992,-0.13061343133449555,0.2739124298095703,0.9601375460624695,-0.05574854835867882,0.14096039533615113,0.017260776832699777,0.9898648262023926],"EasingStyle":"Constant","EasingDirection":"In"},"Right Leg":{"Weight":1,"CFrame":[0.30208712816238406,0.06522113084793091,0.01811504364013672,0.9989503622055054,0.006558902561664581,-0.04533334821462631,-0.008815431967377663,0.9987225532531738,-0.04975569620728493,0.04494919627904892,0.0501030832529068,0.9977321028709412],"EasingStyle":"Constant","EasingDirection":"In"},"Torso":{"Weight":1,"CFrame":[-0.03522258996963501,-0.021846018731594087,-0.17852163314819337,0.9304254055023193,0.34231704473495486,0.13087257742881776,-0.34045523405075076,0.9395304322242737,-0.03705199062824249,-0.13564229011535645,-0.010082131251692772,0.9907065629959106],"EasingStyle":"Constant","EasingDirection":"In"},"HumanoidRootPart":{"Weight":0,"CFrame":[0,0,0,1,0,0,0,1,0,0,0,1],"EasingStyle":"Linear","EasingDirection":"In"},"Left Arm":{"Weight":1,"CFrame":[-0.24434804916381837,-0.6311482191085815,-0.2658523917198181,-0.34182456135749819,0.6191791892051697,-0.7069464921951294,-0.8814621567726135,0.04959350451827049,0.4696434736251831,0.3258533775806427,0.7836822271347046,0.5288305878639221],"EasingStyle":"Constant","EasingDirection":"In"}}},{"Time":0.7916666865348816,"poses":{"Left Leg":{"Weight":1,"CFrame":[-0.056408416479825976,0.35274308919906618,0.06713247299194336,0.701032817363739,-0.3900914788246155,0.5969772338867188,0.07435539364814758,0.8725443482398987,0.48284342885017397,-0.7092421650886536,-0.2941005527973175,0.6406875848770142],"EasingStyle":"Constant","EasingDirection":"In"},"Right Arm":{"Weight":1,"CFrame":[0.1519196778535843,-0.49743321537971499,0.022588253021240236,0.2561848759651184,-0.7086456418037415,-0.6574119329452515,0.9651552438735962,0.14999963343143464,0.21441899240016938,-0.05333559587597847,-0.6894355416297913,0.72238075733