{"Sequence":[{"Time":0,"poses":{"Left Leg":{"Weight":1,"CFrame":[-0.23121342062950135,0.3135533332824707,-0.017540931701660157,0.9952855706214905,-0.01677653007209301,-0.09552560746669769,0.033839695155620578,0.9830986261367798,0.17992226779460908,0.09089260548353195,-0.18230657279491425,0.9790315628051758],"EasingStyle":"Linear","EasingDirection":"In"},"Right Leg":{"Weight":1,"CFrame":[0.0939355343580246,0.07182788848876953,0.04015442728996277,0.9984053373336792,-0.05247964709997177,0.02080191671848297,0.053182635456323627,0.9979775547981262,-0.034819893538951877,-0.01893252320587635,0.035870667546987537,0.999177098274231],"EasingStyle":"Linear","EasingDirection":"In"},"Head":{"Weight":1,"CFrame":[1.4901161193847657e-7,7.450580596923828e-9,2.384185791015625e-7,0.9992303848266602,-0.011838545091450215,-0.03739681467413902,0.015620195306837559,0.9946095943450928,0.10250729322433472,0.03598169609904289,-0.10301253944635391,0.9940290451049805],"EasingStyle":"Linear","EasingDirection":"In"},"IndigoAppleProp":{"Weight":1,"CFrame":[0,2.2395999431610109,1.5,1,1.4901253564403306e-8,6.081958802686346e-14,-1.4901253564403306e-8,1,3.7252716467151005e-9,-6.07640768756322e-14,-3.7252716467151005e-9,1],"EasingStyle":"Constant","EasingDirection":"In"},"Torso":{"Weight":1,"CFrame":[0.048849280923604968,0.014612036757171154,-0.09940481930971146,0.9989966750144959,0.0210298839956522,0.03953922539949417,-0.018961802124977113,0.9984685778617859,-0.051971107721328738,-0.04057161882519722,0.05116922780871391,0.9978655576705933],"EasingStyle":"Linear","EasingDirection":"In"},"HumanoidRootPart":{"Weight":0,"CFrame":[0,0,0,1,0,0,0,1,0,0,0,1],"EasingStyle":"Linear","EasingDirection":"In"},"Right Arm":{"Weight":1,"CFrame":[0.7108017802238464,-0.4211755394935608,-0.16089636087417603,-0.9747753739356995,-0.08227875083684921,-0.20746856927871705,0.06141684576869011,-0.9925661087036133,0.10507380217313767,-0.2145715355873108,0.0896812379360199,0.9725822806358337],"EasingStyle":"Linear","EasingDirection":"In"},"Left Arm":{"Weight":1,"CFrame":[-0.7740544080734253,-0.4699242413043976,-0.09390655159950257,-0.9592489004135132,0.09543657302856446,0.2659575939178467,-0.08996628224849701,-0.9954076409339905,0.03270532935857773,0.26785746216773989,0.0074453274719417099,0.9634297490119934],"EasingStyle":"Linear","EasingDirection":"In"},"Part":{"Weight":1,"CFrame":[-1.3915735483169556,-4.29383659362793,1.363543152809143,1,0,6.357302595461079e-8,0,1,0,-6.357302595461079e-8,0,1],"EasingStyle":"Linear","EasingDirection":"In"}}},{"Time":0.01666666753590107,"poses":{"Left Leg":{"Weight":1,"CFrame":[-0.21458148956298829,0.3050605058670044,-0.007238805294036865,0.9978856444358826,-0.01390389259904623,-0.06348970532417298,0.0238944161683321,0.9869208335876465,0.15942510962486268,0.060442689806222919,-0.1606050580739975,0.9851663112640381],"EasingStyle":"Linear","EasingDirection":"In"},"Right Leg":{"Weight":1,"CFrame":[0.09688697755336762,0.06397545337677002,0.041824281215667728,0.9986093044281006,-0.04928593337535858,0.018719248473644258,0.0503423735499382,0.9968715310096741,-0.06093280762434006,-0.0156575758010149,0.061790432780981067,0.9979663491249085],"EasingStyle":"Linear","EasingDirection":"In"},"Head":{"Weight":1,"CFrame":[1.4901161193847657e-7,-2.60770320892334e-8,-5.960464477539063e-8,0.9985305666923523,-0.013095452450215817,-0.052584923803806308,0.0185422170907259,0.9943553805351257,0.10446788370609284,0.050920046865940097,-0.10528941452503205,0.9931371212005615],"EasingStyle":"Linear","EasingDirection":"In"},"Right Arm":{"Weight":1,"CFrame":[0.7079130411148071,-0.48815464973449709,-0.18240821361541749,-0.9826014041900635,-0.09014344215393067,-0.16238437592983247,0.07366743683815003,-0.9917628169059753,0.10478352010250092,-0.17049233615398408,0.09099801629781723,0.9811481833457947],"EasingStyle":"Linear","EasingDirection":"In"},"Torso":{"Weight":1,"CFrame":[0.03138892725110054,0.011528121307492257,-0.11121798306703568,0.9985302090644836,0.018250970169901849,0.051032502204179767,-0.015533797442913056,0.9984660744667053,-0.05314277485013008,-0.05192413181066513,0.05227193981409073,0.997282087802887],"EasingStyle":"Linear","EasingDirection":"In"},"HumanoidRootPart":{"Weight":0,"CFrame":[0,0,0,1,0,0,0,1,0,0,0,1],"EasingStyle":"Linear","EasingDirection":"In"},"Left Arm":{"Weight":1,"CFrame":[-0.779992401599884,-0.5251972675323486,-0.1258188784122467,-0.9712327122688294,0.10057976841926575,0.21584874391555787,-0.0975315198302269,-0.9949244856834412,0.024755550548434259,0.21724312007427216,0.0029913494363427164,0.976112961769104],"EasingStyle":"Linear","EasingDirection":"In"}}},{"Time":0.03333333507180214,"poses":{"Left Leg":{"Weight":1,"CFrame":[-0.19799545407295228,0.296816349029541,0.000934988260269165,0.9993704557418823,-0.01099184900522232,-0.0337323434650898,0.015776894986629487,0.9892991781234741,0.14504575729370118,0.031777072697877887,-0.14548665285110475,0.9888497591018677],"EasingStyle":"Linear","EasingDirection":"In"},"Right Leg":{"Weight":1,"CFrame":[0.1065291166305542,0.06506943702697754,0.04383587837219238,0.9989445805549622,-0.0426463782787323,0.017059557139873506,0.043956901878118518,0.995348334312439,-0.08572933077812195,-0.013324149884283543,0.08638874441385269,0.9961724281311035],"EasingStyle":"Linear","EasingDirection":"In"},"Head":{"Weight":1,"CFrame":[1.4528632164001466e-7,-3.725290298461914e-9,1.1920928955078126e-7,0.9978436827659607,-0.011500602588057518,-0.06462018191814423,0.01830461621284485,0.9942286610603333,0.10570874810218811,0.06303151696920395,-0.10666365921497345,0.9922952651977539],"EasingStyle":"Linear","EasingDirection":"In"},"Right Arm":{"Weight":1,"CFrame":[0.7071179151535034,-0.5143315196037293,-0.1903354823589325,-0.9849054217338562,-0.09349473565816879,-0.1456710398197174,0.07861461490392685,-0.9913848638534546,0.10476550459861756,-0.15421105921268464,0.09173222631216049,0.9837703704833984],"EasingStyle":"Linear","EasingDirection":"In"},"Torso":{"Weight":1,"CFrame":[0.014881529845297337,0.008517774753272534,-0.13134001195430757,0.9979517459869385,0.016001060605049135,0.061937544494867328,-0.012651142664253712,0.9984551072120667,-0.054104678332805637,-0.06270759552717209,0.05321028083562851,0.9966124892234802],"EasingStyle":"Linear","EasingDirection":"In"},"HumanoidRootPart":{"Weight":0,"CFrame":[0,0,0,1,0,0,0,1,0,0,0,1],"EasingStyle":"Linear","EasingDirection":"In"},"Left Arm":{"Weight":1,"CFrame":[-0.7822977304458618,-0.5469675064086914,-0.13785934448242188,-0.974943995475769,0.10275381058454514,0.19729651510715486,-0.10053475946187973,-0.994706392288208,0.02125808596611023,0.198436439037323,0.0008903004927560687,0.9801133275032044],"EasingStyle":"Linear","EasingDirection":"In"}}},{"Time":0.05000000074505806,"poses":{"Left Leg":{"Weight":1,"CFrame":[-0.18510489165782929,0.2934308648109436,0.005971074104309082,0.9999152421951294,-0.009218050166964531,-0.009196102619171143,0.010395749472081662,0.9904402494430542,0.13755007088184358,0.00784026924520731,-0.1376340389251709,0.9904521107673645],"EasingStyle":"Linear","EasingDirection":"In"},"Right Leg":{"Weight":1,"CFrame":[0.12039197981357575,0.07215696573257446,0.04636693000793457,0.9993028044700623,-0.03388389199972153,0.015678757801651956,0.0353846438229084,0.9935001134872437,-0.10819176584482193,-0.011910914443433285,0.10867110639810562,0.9940063953399658],"EasingStyle":"Linear","EasingDirection":"In"},"Head":{"Weight":1,"CFrame":[2.0116567611694337e-7,7.450580596923828e-9,1.4901161193847657e-7,0.9972120523452759,-0.008613708429038525,-0.07412075996398926,0.01650315150618553,0.9941760897636414,0.10649646818637848,0.07277175784111023,-0.10742279887199402,0.9915465712547302],"EasingStyle":"Linear","EasingDirection":"In"},"Right Arm":{"Weight":1,"CFrame":[0.7072391510009766,-0.5143319368362427,-0.1901232898235321,-0.9847719669342041,-0.09402881562709809,-0.14622831344604493,0.07912380993366242,-0.9913603663444519,0.10461410135030747,-0.1548016369342804,0.09145083278417587,0.9837037920951843],"EasingStyle":"Linear","EasingDirection":"In"},"Torso":{"Weight":1,"CFrame":[-0.0002391841117059812,0.005695050582289696,-0.15605592727661134,0.9973266124725342,0.014198662713170052,0.07168040424585343,-0.010270125232636929,0.998440146446228,-0.05488035827875137,-0.07234781980514527,0.053997475653886798,0.9959167242050171],"EasingStyle":"Linear","EasingDirection":"In"},"HumanoidRootPart":{"Weight":0,"CFrame":[0,0,0,1,0,0,0,1,0,0,0,1],"EasingStyle":"Linear","EasingDirection":"In"},"Left Arm":{"Weight":1,"CFrame":[-0.7822886109352112,-0.5469270348548889,-0.13774478435516358,-0.9747039079666138,0.102861687541008,0.19842319190502168,-0.10072550922632218,-0.9946956038475037,0.020857132971286775,0.19951607286930085,0.0003432425146456808,0.9798945188522339],"EasingStyle":"Linear","EasingDirection":"In"}}},{"Time":0.06666667014360428,"poses":{"Left Leg":{"Weight":1,"CFrame":[-0.1792902648448944,0.29927414655685427,0.007225483655929565,0.9999271631240845,-0.009661756455898285,0.007232507225126028,0.008575066924095154,0.9904531836509705,0.13758264482021333,-0.008492764085531235,-0.13751061260700227,0.99046391248703],"EasingStyle":"Linear","EasingDirection":"In"},"Right Leg":{"Weight":1,"CFrame":[0.1353726089000702,0.08243471384048462,0.04928088188171387,0.9995908737182617,-0.024660902097821237,0.014487543143332005,0.02630612812936306,0.9915216565132141,-0.12725071609020234,-0.011226619593799115,0.12757977843284608,0.9917647838592529],"EasingStyle":"Linear","EasingDirection":"In"},"Head":{"Weight":1,"CFrame":[1.2665987014770509e-7,1.862645149230957e-8,4.76837158203125e-7,0.9966181516647339,-0.0062745101749897,-0.0819324478507042,0.01506742462515831,0.9941290616989136,0.10714670270681381,0.08077912032604218,-0.10801884531974793,0.9908615946769714],"EasingStyle":"Linear","EasingDirection":"In"},"Right Arm":{"Weight":1,"CFrame":[0.7075284123420715,-0.5143309235572815,-0.18897652626037599,-0.9844311475753784,-0.09422771632671356,-0.14837923645973206,0.07918819040060044,-0.991398274898529,0.10420507192611695,-0.15692192316055299,0.09083281457424164,0.9834250807762146],"EasingStyle":"Linear","EasingDirection":"In"},"Torso":{"Weight":1,"CFrame":[-0.013539543375372887,0.0031739985570311548,-0.18164922297000886,0.9967380166053772,0.012762172147631646,0.07968996465206146,-0.008346997201442719,0.9984241724014282,-0.05549372360110283,-0.0802726000547409,0.054647527635097507,0.9952738285064697],"EasingStyle":"Linear","EasingDirection":"In"},"HumanoidRootPart":{"Weight":0,"CFrame":[0,0,0,1,0,0,0,1,0,0,0,1],"EasingStyle":"Linear","EasingDirection":"In"},"Left Arm":{"Weight":1,"CFrame":[-0.7822258472442627,-0.5466428399085999,-0.13694235682487489,-0.9741602540016174,0.10286469757556915,0.20107367634773255,-0.10075867921113968,-0.9946953654289246,0.020708460360765458,0.20213720202445985,-0.0000865525653352961,0.9793571829795837],"EasingStyle":"Linear","EasingDirection":"In"}}},{"Time":0.0833333358168602,"poses":{"Left Leg":{"Weight":1,"CFrame":[-0.18734239041805268,0.32768797874450686,0.002546250820159912,0.9998025894165039,-0.015358712524175644,0.012606663629412651,0.013354022055864334,0.9891864061355591,0.14605465531349183,-0.014713535085320473,-0.14585748314857484,0.9891961812973023],"EasingStyle":"Linear","EasingDirection":"In"},"Right Leg":{"Weight":1,"CFrame":[0.14843954145908357,0.09331822395324707,0.05217421054840088,0.9997713565826416,-0.016626454889774324,0.01344512403011322,0.018366243690252305,0.9897261261940002,-0.14179152250289918,-0.01094951294362545,0.142006054520607,0.9898052215576172],"EasingStyle":"Linear","EasingDirection":"In"},"Head":{"Weight":1,"CFrame":[1.564621925354004e-7,0,1.7881393432617188e-7,0.9961559772491455,-0.004469242878258228,-0.08748309314250946,0.013916056603193283,0.9940887689590454,0.1076749637722969,0.08648473024368286,-0.10847849398851395,0.9903296232223511],"EasingStyle":"Linear","EasingDirection":"In"},"Right Arm":{"Weight":1,"CFrame":[0.7078737616539002,-0.5143294930458069,-0.18613001704216004,-0.9837537407875061,-0.09438984096050263,-0.15270590782165528,0.07901977002620697,-0.9914565682411194,0.10377757996320725,-0.1611967831850052,0.09002474695444107,0.9828077554702759],"EasingStyle":"Linear","EasingDirection":"In"},"Torso":{"Weight":1,"CFrame":[-0.024585822597146035,0.001068674959242344,-0.2044048309326172,0.9962793588638306,0.01161019317805767,0.08539725840091706,-0.006837656255811453,0.9984091520309448,-0.055967941880226138,-0.08591119945049286,0.0551757849752903,0.994773805141449],"EasingStyle":"Linear","EasingDirection":"In"},"HumanoidRootPart":{"Weight":0,"CFrame":[0,0,0,1,0,0,0,1,0,0,0,1],"EasingStyle":"Linear","EasingDirection":"In"},"Left Arm":{"Weight":1,"CFrame":[-0.7820553183555603,-0.5458733439445496,-0.13476401567459107,-0.9735046029090881,0.10284440219402313,0.20423471927642823,-0.10073582828044892,-0.9946973919868469,0.020722646266222,0.20528295636177064,-0.0004001388151664287,0.9787026047706604],"EasingStyle":"Linear","EasingDirection":"In"}}},{"Time":0.10000000149011612,"poses":{"Left Leg":{"Weight":1,"CFrame":[-0.19397783279418946,0.34845805168151858,-0.002503901720046997,0.9997545480728149,-0.01883758418262005,0.011663506738841534,0.016796790063381196,0.9876993894577026,0.1554597020149231,-0.014448525384068489,-0.15522564947605134,0.9877733588218689],"EasingStyle":"Linear","EasingDirection":"In"},"Right Leg":{"Weight":1,"CFrame":[0.15752911567687989,0.10240906476974487,0.054424285888671878,0.9998614192008972,-0.010961748659610749,0.0125291608273983,0.012724989093840123,0.9885056018829346,-0.1506476253271103,-0.010733766481280327,0.15078619122505189,0.9885081052780151],"EasingStyle":"Linear","EasingDirection":"In"},"Head":{"Weight":1,"CFrame":[1.6391277313232423e-7,7.450580596923828e-9,-3.2782554626464846e-7,0.9959185123443604,-0.0031835653353482486,-0.09020087867975235,0.012968134135007859,0.9940556287765503,0.10809831321239472,0.08932054787874222,-0.10882683098316193,0.9900396466255188],"EasingStyle":"Linear","EasingDirection":"In"},"Right Arm":{"Weight":1,"CFrame":[0.7081628441810608,-0.5143271088600159,-0.18081876635551454,-0.9825877547264099,-0.09481257200241089,-0.15978704392910005,0.07882940769195557,-0.9914933443069458,0.10357044637203217,-0.1682475358247757,0.08917111158370972,0.9817032217979431],"EasingStyle":"Linear","EasingDirection":"In"},"Torso":{"Weight":1,"CFrame":[-0.03294433653354645,-0.0005068611353635788,-0.22060729563236237,0.9960426688194275,0.0106617771089077,0.08823420852422714,-0.005697458982467651,0.9983962178230286,-0.05632472410798073,-0.08869322389364243,0.055599115788936618,0.9945060610771179],"EasingStyle":"Linear","EasingDirection":"In"},"HumanoidRootPart":{"Weight":0,"CFrame":[0,0,0,1,0,0,0,1,0,0,0,1],"EasingStyle":"Linear","EasingDirection":"In"},"Left Arm":{"Weight":1,"CFrame":[-0.7817230224609375,-0.5443739295005798,-0.13052254915237428,-0.9729383587837219,0.10288330167531967,0.20689620077610017,-0.10075836628675461,-0.9946932792663574,0.020810699090361596,0.2079392671585083,-0.0005989921046420932,0.9781415462493897],"EasingStyle":"Linear","EasingDirection":"In"}}},{"Time":0.11666666716337204,"poses":{"Left Leg":{"Weight":1,"CFrame":[-0.19607539474964143,0.3546411991119385,-0.0038948655128479006,0.9997482299804688,-0.01963302493095398,0.010861856862902642,0.017678342759609224,0.987358033657074,0.15751677751541139,-0.013817072845995427,-0.15728512406349183,0.9874565601348877],"EasingStyle":"Linear","EasingDirection":"In"},"Right Leg":{"Weight":1,"CFrame":[0.1610998958349228,0.1073453426361084,0.055318474769592288,0.9998944401741028,-0.008592882193624974,0.011714380234479905,0.010280621238052845,0.988232433795929,-0.15261389315128327,-0.010265149176120758,0.15271823108196259,0.9882164597511292],"EasingStyle":"Linear","EasingDirection":"In"},"Head":{"Weight":1,"CFrame":[1.6391277313232423e-7,3.725290298461914e-9,-7.152557373046875e-7,0.995982825756073,-0.0024025924503803255,-0.08951220661401749,0.012143262661993504,0.9940294027328491,0.10843475908041,0.08871723711490631,-0.10908610373735428,0.9900653958320618],"EasingStyle":"Linear","EasingDirection":"In"},"Right Arm":{"Weight":1,"CFrame":[0.708284318447113,-0.5143225193023682,-0.1722775101661682,-0.9807432293891907,-0.09579368680715561,-0.17019498348236085,0.07882370054721832,-0.9914671778678894,0.1038249209523201,-0.17868855595588685,0.08841022849082947,0.9799255132675171],"EasingStyle":"Linear","EasingDirection":"In"},"Torso":{"Weight":1,"CFrame":[-0.03818133845925331,-0.0014385562390089036,-0.22654008865356446,0.9961044192314148,0.00983651727437973,0.08763141930103302,-0.004881151020526886,0.9983859062194824,-0.05658364295959473,-0.08804656565189362,0.05593546852469444,0.9945446252822876],"EasingStyle":"Linear","EasingDirection":"In"},"HumanoidRootPart":{"Weight":0,"CFrame":[0,0,0,1,0,0,0,1,0,0,0,1],"EasingStyle":"Linear","EasingDirection":"In"},"Left Arm":{"Weight":1,"CFrame":[-0.7811753749847412,-0.5419023036956787,-0.12352970242500305,-0.9726728796958923,0.10306434333324433,0.20805087685585023,-0.10092858970165253,-0.9946744441986084,0.020884070545434953,0.209095299243927,-0.0006849109195172787,0.9778950214385986],"EasingStyle":"Linear","EasingDirection":"In"}}},{"Time":0.13333334028720857,"poses":{"Left Leg":{"Weight":1,"CFrame":[-0.19291619956493379,0.3419053554534912,-0.0004983842372894287,0.9998012781143189,-0.017161978408694269,0.010143512859940529,0.015435779467225075,0.9884284138679504,0.1509007215499878,-0.012615891173481942,-0.15071415901184083,0.9884968996047974],"EasingStyle":"Linear","EasingDirection":"In"},"Right Leg":{"Weight":1,"CFrame":[0.157474547624588,0.10561913251876831,0.054249465465545657,0.9998847246170044,-0.010510622523725033,0.010957322083413601,0.012002937495708466,0.9891402125358582,-0.14648382365703584,-0.009298720397055149,0.14659848809242249,0.9891523718833923],"EasingStyle":"Linear","EasingDirection":"In"},"Head":{"Weight":1,"CFrame":[1.7136335372924806e-7,-2.2351741790771486e-8,2.086162567138672e-7,0.9963923692703247,-0.0021109646186232568,-0.08483946323394776,0.011361588723957539,0.9940093755722046,0.10870274156332016,0.08410175889730454,-0.1092744991183281,0.9904473423957825],"EasingStyle":"Linear","EasingDirection":"In"},"Right Arm":{"Weight":1,"CFrame":[0.7044740319252014,-0.488759309053421,-0.1600366234779358,-0.9779539108276367,-0.09898030012845993,-0.18387259542942048,0.07915049046278,-0.990524411201477,0.11223457753658295,-0.193239226937294,0.09520662575960159,0.9765214920043945],"EasingStyle":"Linear","EasingDirection":"In"},"Torso":{"Weight":1,"CFrame":[-0.039863090962171558,-0.0016123494133353234,-0.21848823130130769,0.9965071082115173,0.009054533205926419,0.08301585912704468,-0.004342873580753803,0.9983782768249512,-0.05676199123263359,-0.08339518308639527,0.0562032014131546,0.9949303865432739],"EasingStyle":"Linear","EasingDirection":"In"},"HumanoidRootPart":{"Weight":0,"CFrame":[0,0,0,1,0,0,0,1,0,0,0,1],"EasingStyle":"Linear","EasingDirection":"In"},"Left Arm":{"Weight":1,"CFrame":[-0.7778609991073608,-0.5368128418922424,-0.10688459873199463,-0.9747290015220642,0.1116114929318428,0.19351038336753846,-0.10351252555847168,-0.993293821811676,0.051502857357263568,0.1979610025882721,0.030170591548085214,0.9797454476356506],"EasingStyle":"Linear","EasingDirection":"In"}}},{"Time":0.15000000596046449,"poses":{"Left Leg":{"Weight":1,"CFrame":[-0.18221302330493928,0.3081287145614624,0.007345527410507202,0.9999036192893982,-0.010173219256103039,0.009449382312595845,0.008802457712590695,0.9907759428024292,0.13522422313690186,-0.010737874545156956,-0.13512800633907319,0.9907699823379517],"EasingStyle":"Linear","EasingDirection":"In"},"Right Leg":{"Weight":1,"CFrame":[0.14495037496089936,0.09579575061798096,0.05123734474182129,0.9997930526733398,-0.017608465626835824,0.01018773764371872,0.01879829168319702,0.9910989999771118,-0.1317928582429886,-0.0077763753943145279,0.13195711374282838,0.9912249445915222],"EasingStyle":"Linear","EasingDirection":"In"},"Head":{"Weight":1,"CFrame":[1.5273690223693848e-7,1.4901161193847657e-8,5.960464477539063e-7,0.9971100091934204,-0.0022693972568958999,-0.0759371966123581,0.010557036846876145,0.993994951248169,0.10891573876142502,0.07523402571678162,-0.10940264910459519,0.9911462664604187],"EasingStyle":"Linear","EasingDirection":"In"},"Right Arm":{"Weight":1,"CFrame":[0.6941325068473816,-0.4193865656852722,-0.14480772614479066,-0.9741597771644592,-0.10550791770219803,-0.19970180094242097,0.07949773967266083,-0.9877774119377136,0.13407407701015473,-0.2114068567752838,0.1147337481379509,0.9706406593322754],"EasingStyle":"Linear","EasingDirection":"In"},"Torso":{"Weight":1,"CFrame":[-0.037815023213624957,-0.000995173119008541,-0.19480563700199128,0.9972131848335266,0.008249728940427304,0.07414750009775162,-0.0040305498987436298,0.99837327003479,-0.05687302350997925,-0.0744960680603981,0.05641566962003708,0.9956242442131043],"EasingStyle":"Linear","EasingDirection":"In"},"HumanoidRootPart":{"Weight":0,"CFrame":[0,0,0,1,0,0,0,1,0,0,0,1],"EasingStyle":"Linear","EasingDirection":"In"},"Left Arm":{"Weight":1,"CFrame":[-0.7700280547142029,-0.5282528400421143,-0.076567143201828,-0.9795272350311279,0.13231967389583589,0.15171673893928529,-0.1119709387421608,-0.9844110608100891,0.13563674688339234,0.16729897260665894,0.11587197333574295,0.9790734052658081],"EasingStyle":"Linear","EasingDirection":"In"}}},{"Time":0.1666666716337204,"poses":{"Left Leg":{"Weight":1,"CFrame":[-0.16336458921432496,0.26085376739501955,0.016711682081222535,0.9999611973762512,0.001311726518906653,0.008708855137228966,-0.0022888772655278446,0.993574321269989,0.113158218562603,-0.008504459634423256,-0.11317373812198639,0.9935387969017029],"EasingStyle":"Linear","EasingDirection":"In"},"Right Leg":{"Weight":1,"CFrame":[0.12607653439044953,0.08197003602981568,0.047571003437042239,0.9995574355125427,-0.028253458440303804,0.009309514425694943,0.029112111777067186,0.9934109449386597,-0.11084745824337006,-0.006116367410868406,0.11106939613819123,0.9937938451766968],"EasingStyle":"Linear","EasingDirection":"In"},"Head":{"Weight":1,"CFrame":[1.5273690223693848e-7,0,7.152557373046875e-7,0.9979519844055176,-0.0027437862008810045,-0.06390854716300965,0.009717701002955437,0.9939865469932556,0.10907012969255448,0.06322497129440308,-0.10946779698133469,0.9919775128364563],"EasingStyle":"Linear","EasingDirection":"In"},"Right Arm":{"Weight":1,"CFrame":[0.6788920760154724,-0.3171558976173401,-0.12759864330291749,-0.9694787859916687,-0.11486715823411942,-0.21660196781158448,0.07939306646585465,-0.9829389452934265,0.16591504216194154,-0.23196467757225038,0.14365440607070924,0.9620581269264221],"EasingStyle":"Linear","EasingDirection":"In"},"Torso":{"Weight":1,"CFrame":[-0.03289894759654999,0.00012207217514514923,-0.1621232032775879,0.9980400800704956,0.007410209160298109,0.06213751807808876,-0.0038687775377184154,0.9983711838722229,-0.056921228766441348,-0.0624581016600132,0.05656926706433296,0.9964431524276733],"EasingStyle":"Linear","EasingDirection":"In"},"HumanoidRootPart":{"Weight":0,"CFrame":[0,0,0,1,0,0,0,1,0,0,0,1],"EasingStyle":"Linear","EasingDirection":"In"},"Left Arm":{"Weight":1,"CFrame":[-0.7588236331939697,-0.5171656012535095,-0.03621038794517517,-0.984040379524231,0.15639261901378632,0.08488723635673523,-0.129582941532135,-0.95674067735672,0.26049110293388369,0.12195390462875366,0.2453337162733078,0.9617372751235962],"EasingStyle":"Linear","EasingDirection":"In"}}},{"Time":0.18333333730697633,"poses":{"Left Leg":{"Weight":1,"CFrame":[-0.13894334435462953,0.2101765275001526,0.024971961975097657,0.9998478293418884,0.015592210926115513,0.007826682180166245,-0.01622038707137108,0.9959949254989624,0.08792583644390106,-0.006424361374229193,-0.08803939819335938,0.9960962533950806],"EasingStyle":"Linear","EasingDirection":"In"},"Right Leg":{"Weight":1,"CFrame":[0.10645687580108643,0.06998831033706665,0.04440963268280029,0.9991976022720337,-0.039196860045194629,0.008234350942075253,0.03976334258913994,0.9954519271850586,-0.08656976372003555,-0.004803648218512535,0.08682771772146225,0.9962117671966553],"EasingStyle":"Linear","EasingDirection":"In"},"Head":{"Weight":1,"CFrame":[1.6391277313232423e-7,-3.725290298461914e-9,1.7881393432617188e-7,0.9987334609031677,-0.0033755386248230936,-0.050199899822473529,0.008846262469887734,0.9939848184585571,0.10916006565093994,0.04952947050333023,-0.10946588218212128,0.9927557706832886],"EasingStyle":"Linear","EasingDirection":"In"},"Right Arm":{"Weight":1,"CFrame":[0.6603860259056091,-0.1930209994316101,-0.10941609740257263,-0.9641057848930359,-0.12642242014408112,-0.23348981142044068,0.07848355174064636,-0.9757657647132874,0.2042582482099533,-0.2536541223526001,0.1786014884710312,0.9506635069847107],"EasingStyle":"Linear","EasingDirection":"In"},"Torso":{"Weight":1,"CFrame":[-0.02623584121465683,0.001367492601275444,-0.12914277613162995,0.9988046288490295,0.006538657005876303,0.04844101518392563,-0.0037757959216833116,0.9983722567558289,-0.05690903589129448,-0.04873427376151085,0.056658100336790088,0.997203528881073],"EasingStyle":"Linear","EasingDirection":"In"},"HumanoidRootPart":{"Weight":0,"CFrame":[0,0,0,1,0,0,0,1,0,0,0,1],"EasingStyle":"Linear","EasingDirection":"In"},"Left Arm":{"Weight":1,"CFrame":[-0.7453936338424683,-0.5044954419136047,0.01055249571800232,-0.984832763671875,0.17348939180374146,-0.0024256212636828424,-0.159355029463768,-0.8988906741142273,0.40816861391067507,0.06863255053758621,0.4023643136024475,0.9129033088684082],"EasingStyle":"Linear","EasingDirection":"In"}}},{"Time":0.20000000298023225,"poses":{"Left Leg":{"Weight":1,"CFrame":[-0.12768033146858216,0.18841677904129029,0.027923479676246644,0.9997296929359436,0.02206733264029026,0.007320039439946413,-0.022555788978934289,0.9969132542610169,0.07520142942667008,-0.005637948866933584,-0.0753462091088295,0.9971414804458618],"EasingStyle":"Linear","EasingDirection":"In"},"Right Leg":{"Weight":1,"CFrame":[0.09988698363304138,0.06815394759178162,0.0433354377746582,0.9990543723106384,-0.04280633106827736,0.007613946683704853,0.04325393959879875,0.9963061809539795,-0.07418247312307358,-0.004410343244671822,0.07444166392087937,0.9972156286239624],"EasingStyle":"Linear","EasingDirection":"In"},"Head":{"Weight":1,"CFrame":[1.6205012798309327e-7,-1.862645149230957e-9,8.940696716308594e-8,0.999058187007904,-0.00369065860286355,-0.043233390897512439,0.008396275341510773,0.9939873218536377,0.10917256027460098,0.04257052764296532,-0.10943273454904556,0.9930821657180786],"EasingStyle":"Linear","EasingDirection":"In"},"Right Arm":{"Weight":1,"CFrame":[0.6503165364265442,-0.1254773736000061,-0.1003417819738388,-0.9612667560577393,-0.1328117698431015,-0.24151013791561128,0.07767249643802643,-0.9712657928466797,0.2249659150838852,-0.2644486725330353,0.1974935680627823,0.9439614415168762],"EasingStyle":"Linear","EasingDirection":"In"},"Torso":{"Weight":1,"CFrame":[-0.022591272369027139,0.0018683370435610414,-0.11685443669557572,0.9991207122802734,0.006088650785386562,0.04148159176111221,-0.0037227878347039224,0.9983744025230408,-0.0568743497133255,-0.04176044464111328,0.05666991323232651,0.9975191950798035],"EasingStyle":"Linear","EasingDirection":"In"},"HumanoidRootPart":{"Weight":0,"CFrame":[0,0,0,1,0,0,0,1,0,0,0,1],"EasingStyle":"Linear","EasingDirection":"In"},"Left Arm":{"Weight":1,"CFrame":[-0.7381392121315002,-0.4978404939174652,0.035320624709129336,-0.9829366207122803,0.17655344307422639,-0.051627449691295627,-0.1792512983083725,-0.8563334941864014,0.484316885471344,0.04129750281572342,0.48530685901641848,0.8733680844306946],"EasingStyle":"Linear","EasingDirection":"In"}}},{"Time":0.21666666865348817,"poses":{"Left Leg":{"Weight":1,"CFrame":[-0.11641733348369599,0.16665703058242799,0.03087499737739563,0.9995701313018799,0.028534574434161187,0.006730767898261547,-0.0288997832685709,0.9976284503936768,0.062468282878398898,-0.004932311363518238,-0.06263595074415207,0.9980242252349854],"EasingStyle":"Linear","EasingDirection":"In"},"Right Leg":{"Weight":1,"CFrame":[0.09331709146499634,0.06631958484649658,0.04226124286651611,0.998898446559906,-0.04640727862715721,0.006948692258447409,0.046748608350753787,0.9969940185546875,-0.061785973608493808,-0.004060492385178804,0.06204276159405708,0.9980652332305908],"EasingStyle":"Linear","EasingDirection":"In"},"Head":{"Weight":1,"CFrame":[1.601874828338623e-7,0,0,0.9993342161178589,-0.0040055387653410439,-0.036264773458242419,0.007946215569972992,0.9939900040626526,0.10918193310499191,0.03560949116945267,-0.10939740389585495,0.9933600425720215],"EasingStyle":"Linear","EasingDirection":"In"},"Right Arm":{"Weight":1,"CFrame":[0.6402470469474793,-0.0579337477684021,-0.09126746654510498,-0.9583295583724976,-0.1393582969903946,-0.2493666708469391,0.07662512362003327,-0.9663463830947876,0.24556730687618257,-0.275196373462677,0.21622656285762788,0.9367566108703613],"EasingStyle":"Linear","EasingDirection":"In"},"Torso":{"Weight":1,"CFrame":[-0.018946703523397447,0.0023691814858466388,-0.10456609725952149,0.9993880987167358,0.005638572387397289,0.03452013432979584,-0.0036695385351777078,0.9983765482902527,-0.05684003606438637,-0.03478458523750305,0.05667858198285103,0.9977863430976868],"EasingStyle":"Linear","EasingDirection":"In"},"HumanoidRootPart":{"Weight":0,"CFrame":[0,0,0,1,0,0,0,1,0,0,0,1],"EasingStyle":"Linear","EasingDirection":"In"},"Left Arm":{"Weight":1,"CFrame":[-0.7308847904205322,-0.4911855459213257,0.06008875370025635,-0.9793909788131714,0.17501649260520936,-0.1008094847202301,-0.2013479769229889,-0.8067908883094788,0.5554705262184143,0.015884345397353174,0.5643205642700195,0.8254029154777527],"EasingStyle":"Linear","EasingDirection":"In"}}},{"Time":0.23333333432674409,"poses":{"Left Leg":{"Weight":1,"CFrame":[-0.1063343957066536,0.14154499769210816,0.03439167141914368,0.9993912577629089,0.03445819392800331,0.005456213373690844,-0.03464728966355324,0.9986178278923035,0.0395217202603817,-0.004086832515895367,-0.03968671336770058,0.9992038011550903],"EasingStyle":"Linear","EasingDirection":"In"},"Right Leg":{"Weight":1,"CFrame":[0.09274590760469437,0.07784181833267212,0.0410325825214386,0.9989051222801209,-0.04645218327641487,0.005549335852265358,0.04663465917110443,0.998140811920166,-0.039245203137397769,-0.003715964499861002,0.039461031556129459,0.9992141723632813],"EasingStyle":"Linear","EasingDirection":"In"},"Head":{"Weight":1,"CFrame":[1.3597309589385987e-7,1.1175870895385743e-8,-5.960464477539063e-8,0.999712347984314,-0.00447477912530303,-0.023561609908938409,0.007021353114396334,0.9940021634101868,0.10913493484258652,0.022931933403015138,-0.10926897078752518,0.9937476515769959],"EasingStyle":"Linear","EasingDirection":"In"},"Right Arm":{"Weight":1,"CFrame":[0.6201079487800598,0.07715290784835816,-0.07416003942489624,-0.9525309801101685,-0.1526728868484497,-0.263392835855484,0.07392891496419907,-0.9552671909332275,0.28635480999946597,-0.29532915353775027,0.25328952074050906,0.9212085008621216],"EasingStyle":"Linear","EasingDirection":"In"},"Torso":{"Weight":1,"CFrame":[-0.012152554467320443,0.0027552489191293718,-0.09709405899047852,0.9997503161430359,0.004713750444352627,0.02184181846678257,-0.0034681360702961685,0.9983841180801392,-0.056719787418842319,-0.022073887288570405,0.05662987381219864,0.9981511831283569],"EasingStyle":"Linear","EasingDirection":"In"},"HumanoidRootPart":{"Weight":0,"CFrame":[0,0,0,1,0,0,0,1,0,0,0,1],"EasingStyle":"Linear","EasingDirection":"In"},"Left Arm":{"Weight":1,"CFrame":[-0.7164431810379028,-0.47817984223365786,0.10876502096652985,-0.9675199389457703,0.15822353959083558,-0.19715599715709687,-0.25121617317199709,-0.68880695104599,0.680026113986969,-0.02820626273751259,0.7074675559997559,0.7061827182769775],"EasingStyle":"Linear","EasingDirection":"In"}}},{"Time":0.25,"poses":{"Left Leg":{"Weight":1,"CFrame":[-0.1146116852760315,0.14216256141662599,0.03633463382720947,0.9995370507240295,0.03013695403933525,0.004171016626060009,-0.030219044536352159,0.9993171095848084,0.021262841299176217,-0.0035273688845336439,-0.02137904427945614,0.9997652173042297],"EasingStyle":"Linear","EasingDirection":"In"},"Right Leg":{"Weight":1,"CFrame":[0.1083906963467598,0.10801225900650025,0.04017293453216553,0.9992942810058594,-0.037327222526073459,0.00420212559401989,0.03740810975432396,0.9990755915641785,-0.02118074893951416,-0.0034076105803251268,0.02132299914956093,0.9997668266296387],"EasingStyle":"Linear","EasingDirection":"In"},"Head":{"Weight":1,"CFrame":[1.4901161193847657e-7,1.4901161193847657e-8,1.1920928955078126e-7,0.9999003410339356,-0.004670723807066679,-0.013324031606316567,0.00609608506783843,0.9940200448036194,0.10902738571166992,0.012735117226839066,-0.10909773409366608,0.9939494729042053],"EasingStyle":"Linear","EasingDirection":"In"},"Right Arm":{"Weight":1,"CFrame":[0.6016017198562622,0.20128566026687623,-0.0591009259223938,-0.9471631646156311,-0.1652105748653412,-0.27493157982826235,0.07075848430395127,-0.9436521530151367,0.32328590750694277,-0.31285008788108828,0.286750853061676,0.9054826498031616],"EasingStyle":"Linear","EasingDirection":"In"},"Torso":{"Weight":1,"CFrame":[-0.006781336851418018,0.002299027517437935,-0.11174488067626953,0.9999250173568726,0.0037885892670601608,0.0116443932056427,-0.0031241211108863355,0.998394250869751,-0.05656101927161217,-0.011839981190860272,0.05652039870619774,0.9983312487602234],"EasingStyle":"Linear","EasingDirection":"In"},"HumanoidRootPart":{"Weight":0,"CFrame":[0,0,0,1,0,0,0,1,0,0,0,1],"EasingStyle":"Linear","EasingDirection":"In"},"Left Arm":{"Weight":1,"CFrame":[-0.7032152414321899,-0.46642056107521059,0.15294860303401948,-0.9516749382019043,0.12789976596832276,-0.27920693159103396,-0.3013615310192108,-0.5639646649360657,0.7688466310501099,-0.05912754312157631,0.8158342242240906,0.5752550363540649],"EasingStyle":"Linear","EasingDirection":"In"}}},{"Time":0.2666666805744171,"poses":{"Left Leg":{"Weight":1,"CFrame":[-0.13303223252296449,0.15904808044433595,0.03772178292274475,0.9997937679290772,0.020069677382707597,0.0031030161771923305,-0.020094186067581178,0.9997654557228088,0.008076821453869343,-0.002940193749964237,-0.008137509226799012,0.999962568283081],"EasingStyle":"Linear","EasingDirection":"In"},"Right Leg":{"Weight":1,"CFrame":[0.13232919573783875,0.1462964415550232,0.03915342688560486,0.9997178912162781,-0.023548100143671037,0.003109188750386238,0.023572521284222604,0.9996896386146545,-0.008063147775828839,-0.0029183514416217806,0.008134163916110993,0.9999626874923706],"EasingStyle":"Linear","EasingDirection":"In"},"Head":{"Weight":1,"CFrame":[1.501757651567459e-7,-2.60770320892334e-8,-3.2782554626464846e-7,0.9999718070030212,-0.0046647340059280399,-0.005883452482521534,0.005277759861201048,0.9940391778945923,0.10889586806297302,0.00534041179344058,-0.10892385989427567,0.9940357804298401],"EasingStyle":"Linear","EasingDirection":"In"},"Right Arm":{"Weight":1,"CFrame":[0.5863613486289978,0.30351364612579348,-0.04709711670875549,-0.9427217245101929,-0.17572197318077088,-0.2835446298122406,0.06767873466014862,-0.9330800175666809,0.3532440662384033,-0.32664254307746889,0.31382083892822268,0.8915274143218994],"EasingStyle":"Linear","EasingDirection":"In"},"Torso":{"Weight":1,"CFrame":[-0.00298972986638546,0.0013547707349061967,-0.13880062103271485,0.9999865889549255,0.0029704011976718904,0.0042492179200053219,-0.0027260452043265106,0.9984045624732971,-0.05639940872788429,-0.004409967456012964,0.05638707056641579,0.9983992576599121],"EasingStyle":"Linear","EasingDirection":"In"},"HumanoidRootPart":{"Weight":0,"CFrame":[0,0,0,1,0,0,0,1,0,0,0,1],"EasingStyle":"Linear","EasingDirection":"In"},"Left Arm":{"Weight":1,"CFrame":[-0.6923474073410034,-0.4568541944026947,0.1890062689781189,-0.9358534812927246,0.09397025406360626,-0.3396289348602295,-0.34385114908218386,-0.454387366771698,0.8217654824256897,-0.07710163295269013,0.8858339190483093,0.4575518071651459],"EasingStyle":"Linear","EasingDirection":"In"}}},{"Time":0.28333333134651186,"poses":{"Left Leg":{"Weight":1,"CFrame":[-0.15013115108013154,0.17874395847320558,0.03876698017120361,0.9999412894248962,0.010567492805421353,0.002395240357145667,-0.010567628778517247,0.9999441504478455,0.0000413208435929846,-0.0023946696892380716,-0.00006663089880021289,0.9999971389770508],"EasingStyle":"Linear","EasingDirection":"In"},"Right Leg":{"Weight":1,"CFrame":[0.15233512222766877,0.17896461486816407,0.03816375136375427,0.9999258518218994,-0.011938178911805153,0.0023953940253704788,0.011938300915062428,0.9999287128448486,-0.00003973094135290012,-0.002394749317318201,0.00006832492363173515,0.9999971389770508],"EasingStyle":"Linear","EasingDirection":"In"},"Head":{"Weight":1,"CFrame":[1.50932464748621e-7,7.450580596923828e-9,2.384185791015625e-7,0.9999886155128479,-0.004574654623866081,-0.0013435889268293977,0.00469367066398263,0.9940542578697205,0.10878486186265946,0.0008379471255466342,-0.10878992825746536,0.9940643906593323],"EasingStyle":"Linear","EasingDirection":"In"},"Right Arm":{"Weight":1,"CFrame":[0.5760198831558228,0.3728824853897095,-0.039156317710876468,-0.9397103190422058,-0.18293069303035737,-0.28893062472343447,0.06536328047513962,-0.9254000782966614,0.3733126223087311,-0.33566680550575259,0.331920325756073,0.8815649747848511],"EasingStyle":"Linear","EasingDirection":"In"},"Torso":{"Weight":1,"CFrame":[-0.0007413714192807674,0.00042194221168756485,-0.16486167907714845,0.9999971389770508,0.0023864293470978739,-0.00025356141850352287,-0.002396916737779975,0.9984124898910523,-0.056274257600307468,0.00011886436550412327,0.05627470463514328,0.9984152913093567],"EasingStyle":"Linear","EasingDirection":"In"},"HumanoidRootPart":{"Weight":0,"CFrame":[0,0,0,1,0,0,0,1,0,0,0,1],"EasingStyle":"Linear","EasingDirection":"In"},"Left Arm":{"Weight":1,"CFrame":[-0.6849861145019531,-0.45042088627815249,0.2133055329322815,-0.9240779876708984,0.06729701161384583,-0.37623265385627749,-0.37252676486968996,-0.3786972165107727,0.8472379446029663,-0.08546170592308045,0.9230707287788391,0.37501585483551028],"EasingStyle":"Linear","EasingDirection":"In"}}},{"Time":0.30000001192092898,"poses":{"Left Leg":{"Weight":1,"CFrame":[-0.1573149859905243,0.1881924867630005,0.03918847441673279,0.9999764561653137,0.0065247309394180779,0.0021384828723967077,-0.006518993526697159,0.9999751448631287,-0.0026768632233142854,-0.002155895344913006,0.0026628586929291488,0.999994158744812],"EasingStyle":"Linear","EasingDirection":"In"},"Right Arm":{"Weight":1,"CFrame":[0.5722095966339111,0.3984399437904358,-0.03628544509410858,-0.9386082291603088,-0.18559564650058747,-0.29080724716186526,0.06446846574544907,-0.9224693775177002,0.38064971566200259,-0.3389076590538025,0.338532954454422,0.8778023719787598],"EasingStyle":"Linear","EasingDirection":"In"},"Right Leg":{"Weight":1,"CFrame":[0.16029590368270875,0.19278109073638917,0.03773227334022522,0.999971330165863,-0.007263037841767073,0.0021380665712058546,0.007257299963384867,0.9999700784683228,0.002679778728634119,-0.002157466486096382,-0.0026641851291060449,0.9999940991401672],"EasingStyle":"Linear","EasingDirection":"In"},"Head":{"Weight":1,"CFrame":[1.51012500282377e-7,3.725290298461914e-9,2.980232238769531e-7,0.9999897480010986,-0.004518468864262104,0.00019261268607806414,0.0044707320630550388,0.9940603375434876,0.10873838514089585,-0.0006827997276559472,-0.10873641073703766,0.9940704107284546],"EasingStyle":"Linear","EasingDirection":"In"},"Part":{"Weight":1,"CFrame":[-1.3915735483169556,-4.29383659362793,1.363543152809143,1,0,6.357302595461079e-8,0,1,0,-6.357302595461079e-8,0,1],"EasingStyle":"Linear","EasingDirection":"In"},"Torso":{"Weight":1,"CFrame":[2.665547071956098e-8,0,-0.1765265315771103,0.9999960660934448,0.0021635403390973808,-0.0017744277138262988,-0.0022598865907639267,0.9984156489372253,-0.05622391402721405,0.0016499736811965705,0.056227702647447589,0.9984166026115418],"EasingStyle":"Linear","EasingDirection":"In"},"HumanoidRootPart":{"Weight":0,"CFrame":[0,0,0,1,0,0,0,1,0,0,0,1],"EasingStyle":"Linear","EasingDirection":"In"},"Left Arm":{"We