{"Sequence":[{"Time":0,"poses":{"Left Leg":{"Weight":1,"CFrame":[-0.15577328205108643,0.04238736629486084,0.01339256763458252,0.9967969059944153,0.004694030620157719,0.07983744889497757,-0.006157672964036465,0.9998173117637634,0.01809612847864628,-0.07973796129226685,-0.01852976344525814,0.9966436624526978],"EasingStyle":"Constant","EasingDirection":"In"},"Right Arm":{"Weight":1,"CFrame":[-0.04580414295196533,-0.07302570343017578,0.01689612865447998,0.9784489274024963,-0.007716457359492779,0.20634476840496064,0.002501242095604539,0.9996711611747742,0.025523576885461808,-0.20647387206554414,-0.024457428604364396,0.9781464338302612],"EasingStyle":"Constant","EasingDirection":"In"},"Head":{"Weight":1,"CFrame":[8.745155355427414e-8,3.903210199496243e-9,1.1920928955078126e-7,1,-0.0004015216836705804,0.000025505290977889673,0.00040015773265622556,0.999177873134613,0.0405394546687603,-0.00004176167567493394,-0.040539439767599109,0.9991779327392578],"EasingStyle":"Constant","EasingDirection":"In"},"Right Leg":{"Weight":1,"CFrame":[0.16002406179904939,0.043737947940826419,0.015541315078735352,0.9960669279098511,0.0009054876863956451,-0.08859916031360626,0.0005919461254961789,0.999857485294342,0.016874009743332864,0.08860186487436295,-0.01686016097664833,0.9959244132041931],"EasingStyle":"Constant","EasingDirection":"In"},"Torso":{"Weight":1,"CFrame":[-0.0014110638294368983,0.07079747319221497,-0.028092622756958009,0.9999984502792358,-0.0004365456697996706,-0.001763917040079832,0.00035124344867654145,0.9988438487052918,-0.04807370901107788,0.0017828639829531313,0.04807301610708237,0.9988422393798828],"EasingStyle":"Constant","EasingDirection":"In"},"HumanoidRootPart":{"Weight":0,"CFrame":[0,0,0,1,0,0,0,1,0,0,0,1],"EasingStyle":"Linear","EasingDirection":"In"},"Left Arm":{"Weight":1,"CFrame":[0.0450393483042717,-0.08986523747444153,-0.010560989379882813,0.9968123435974121,0.02703157067298889,-0.07506433129310608,-0.02421373501420021,0.9989768266677856,0.038197848945856097,0.07602004706859589,-0.03625871613621712,0.9964468479156494],"EasingStyle":"Constant","EasingDirection":"In"}}},{"Time":0.03333333507180214,"poses":{"Left Leg":{"Weight":1,"CFrame":[-0.15577328205108643,0.04238736629486084,0.01339256763458252,0.9967969059944153,0.004694030620157719,0.07983744889497757,-0.006157672964036465,0.9998173117637634,0.01809612847864628,-0.07973796129226685,-0.01852976344525814,0.9966436624526978],"EasingStyle":"Constant","EasingDirection":"In"},"Right Arm":{"Weight":1,"CFrame":[-0.04580414295196533,-0.07302570343017578,0.01689612865447998,0.9784489274024963,-0.007716457359492779,0.20634476840496064,0.002501242095604539,0.9996711611747742,0.025523576885461808,-0.20647387206554414,-0.024457428604364396,0.9781464338302612],"EasingStyle":"Constant","EasingDirection":"In"},"Head":{"Weight":1,"CFrame":[8.745155355427414e-8,3.903210199496243e-9,1.1920928955078126e-7,1,-0.0004015216836705804,0.000025505290977889673,0.00040015773265622556,0.999177873134613,0.0405394546687603,-0.00004176167567493394,-0.040539439767599109,0.9991779327392578],"EasingStyle":"Constant","EasingDirection":"In"},"Right Leg":{"Weight":1,"CFrame":[0.16002406179904939,0.043737947940826419,0.015541315078735352,0.9960669279098511,0.0009054876863956451,-0.08859916031360626,0.0005919461254961789,0.999857485294342,0.016874009743332864,0.08860186487436295,-0.01686016097664833,0.9959244132041931],"EasingStyle":"Constant","EasingDirection":"In"},"Torso":{"Weight":1,"CFrame":[-0.0014110638294368983,0.07079747319221497,-0.028092622756958009,0.9999984502792358,-0.0004365456697996706,-0.001763917040079832,0.00035124344867654145,0.9988438487052918,-0.04807370901107788,0.0017828639829531313,0.04807301610708237,0.9988422393798828],"EasingStyle":"Constant","EasingDirection":"In"},"HumanoidRootPart":{"Weight":0,"CFrame":[0,0,0,1,0,0,0,1,0,0,0,1],"EasingStyle":"Linear","EasingDirection":"In"},"Left Arm":{"Weight":1,"CFrame":[0.0450393483042717,-0.08986523747444153,-0.010560989379882813,0.9968123435974121,0.02703157067298889,-0.07506433129310608,-0.02421373501420021,0.9989768266677856,0.038197848945856097,0.07602004706859589,-0.03625871613621712,0.9964468479156494],"EasingStyle":"Constant","EasingDirection":"In"}}},{"Time":0.06666667014360428,"poses":{"Left Leg":{"Weight":1,"CFrame":[-0.15577328205108643,0.04238736629486084,0.01339256763458252,0.9967969059944153,0.004694030620157719,0.07983744889497757,-0.006157672964036465,0.9998173117637634,0.01809612847864628,-0.07973796129226685,-0.01852976344525814,0.9966436624526978],"EasingStyle":"Constant","EasingDirection":"In"},"Right Arm":{"Weight":1,"CFrame":[-0.04580414295196533,-0.07302570343017578,0.01689612865447998,0.9784489274024963,-0.007716457359492779,0.20634476840496064,0.002501242095604539,0.9996711611747742,0.025523576885461808,-0.20647387206554414,-0.024457428604364396,0.9781464338302612],"EasingStyle":"Constant","EasingDirection":"In"},"Head":{"Weight":1,"CFrame":[8.745155355427414e-8,3.903210199496243e-9,1.1920928955078126e-7,1,-0.0004015216836705804,0.000025505290977889673,0.00040015773265622556,0.999177873134613,0.0405394546687603,-0.00004176167567493394,-0.040539439767599109,0.9991779327392578],"EasingStyle":"Constant","EasingDirection":"In"},"Right Leg":{"Weight":1,"CFrame":[0.16002406179904939,0.043737947940826419,0.015541315078735352,0.9960669279098511,0.0009054876863956451,-0.08859916031360626,0.0005919461254961789,0.999857485294342,0.016874009743332864,0.08860186487436295,-0.01686016097664833,0.9959244132041931],"EasingStyle":"Constant","EasingDirection":"In"},"Torso":{"Weight":1,"CFrame":[-0.0014110638294368983,0.07079747319221497,-0.028092622756958009,0.9999984502792358,-0.0004365456697996706,-0.001763917040079832,0.00035124344867654145,0.9988438487052918,-0.04807370901107788,0.0017828639829531313,0.04807301610708237,0.9988422393798828],"EasingStyle":"Constant","EasingDirection":"In"},"HumanoidRootPart":{"Weight":0,"CFrame":[0,0,0,1,0,0,0,1,0,0,0,1],"EasingStyle":"Linear","EasingDirection":"In"},"Left Arm":{"Weight":1,"CFrame":[0.0450393483042717,-0.08986523747444153,-0.010560989379882813,0.9968123435974121,0.02703157067298889,-0.07506433129310608,-0.02421373501420021,0.9989768266677856,0.038197848945856097,0.07602004706859589,-0.03625871613621712,0.9964468479156494],"EasingStyle":"Constant","EasingDirection":"In"}}},{"Time":0.10000000149011612,"poses":{"Left Leg":{"Weight":1,"CFrame":[-0.15577328205108643,0.04238736629486084,0.01339256763458252,0.9967969059944153,0.004694030620157719,0.07983744889497757,-0.006157672964036465,0.9998173117637634,0.01809612847864628,-0.07973796129226685,-0.01852976344525814,0.9966436624526978],"EasingStyle":"Constant","EasingDirection":"In"},"Right Arm":{"Weight":1,"CFrame":[-0.04580414295196533,-0.07302570343017578,0.01689612865447998,0.9784489274024963,-0.007716457359492779,0.20634476840496064,0.002501242095604539,0.9996711611747742,0.025523576885461808,-0.20647387206554414,-0.024457428604364396,0.9781464338302612],"EasingStyle":"Constant","EasingDirection":"In"},"Head":{"Weight":1,"CFrame":[8.745155355427414e-8,3.903210199496243e-9,1.1920928955078126e-7,1,-0.0004015216836705804,0.000025505290977889673,0.00040015773265622556,0.999177873134613,0.0405394546687603,-0.00004176167567493394,-0.040539439767599109,0.9991779327392578],"EasingStyle":"Constant","EasingDirection":"In"},"Right Leg":{"Weight":1,"CFrame":[0.16002406179904939,0.043737947940826419,0.015541315078735352,0.9960669279098511,0.0009054876863956451,-0.08859916031360626,0.0005919461254961789,0.999857485294342,0.016874009743332864,0.08860186487436295,-0.01686016097664833,0.9959244132041931],"EasingStyle":"Constant","EasingDirection":"In"},"Torso":{"Weight":1,"CFrame":[-0.0014110638294368983,0.07079747319221497,-0.028092622756958009,0.9999984502792358,-0.0004365456697996706,-0.001763917040079832,0.00035124344867654145,0.9988438487052918,-0.04807370901107788,0.0017828639829531313,0.04807301610708237,0.9988422393798828],"EasingStyle":"Constant","EasingDirection":"In"},"HumanoidRootPart":{"Weight":0,"CFrame":[0,0,0,1,0,0,0,1,0,0,0,1],"EasingStyle":"Linear","EasingDirection":"In"},"Left Arm":{"Weight":1,"CFrame":[0.0450393483042717,-0.08986523747444153,-0.010560989379882813,0.9968123435974121,0.02703157067298889,-0.07506433129310608,-0.02421373501420021,0.9989768266677856,0.038197848945856097,0.07602004706859589,-0.03625871613621712,0.9964468479156494],"EasingStyle":"Constant","EasingDirection":"In"}}},{"Time":0.13333334028720857,"poses":{"Left Leg":{"Weight":1,"CFrame":[-0.15577328205108643,0.04238736629486084,0.01339256763458252,0.9967969059944153,0.004694030620157719,0.07983744889497757,-0.006157672964036465,0.9998173117637634,0.01809612847864628,-0.07973796129226685,-0.01852976344525814,0.9966436624526978],"EasingStyle":"Constant","EasingDirection":"In"},"Right Arm":{"Weight":1,"CFrame":[-0.04580414295196533,-0.07302570343017578,0.01689612865447998,0.9784489274024963,-0.007716457359492779,0.20634476840496064,0.002501242095604539,0.9996711611747742,0.025523576885461808,-0.20647387206554414,-0.024457428604364396,0.9781464338302612],"EasingStyle":"Constant","EasingDirection":"In"},"Head":{"Weight":1,"CFrame":[8.745155355427414e-8,3.903210199496243e-9,1.1920928955078126e-7,1,-0.0004015216836705804,0.000025505290977889673,0.00040015773265622556,0.999177873134613,0.0405394546687603,-0.00004176167567493394,-0.040539439767599109,0.9991779327392578],"EasingStyle":"Constant","EasingDirection":"In"},"Right Leg":{"Weight":1,"CFrame":[0.16002406179904939,0.043737947940826419,0.015541315078735352,0.9960669279098511,0.0009054876863956451,-0.08859916031360626,0.0005919461254961789,0.999857485294342,0.016874009743332864,0.08860186487436295,-0.01686016097664833,0.9959244132041931],"EasingStyle":"Constant","EasingDirection":"In"},"Torso":{"Weight":1,"CFrame":[-0.0014110638294368983,0.07079747319221497,-0.028092622756958009,0.9999984502792358,-0.0004365456697996706,-0.001763917040079832,0.00035124344867654145,0.9988438487052918,-0.04807370901107788,0.0017828639829531313,0.04807301610708237,0.9988422393798828],"EasingStyle":"Constant","EasingDirection":"In"},"HumanoidRootPart":{"Weight":0,"CFrame":[0,0,0,1,0,0,0,1,0,0,0,1],"EasingStyle":"Linear","EasingDirection":"In"},"Left Arm":{"Weight":1,"CFrame":[0.0450393483042717,-0.08986523747444153,-0.010560989379882813,0.9968123435974121,0.02703157067298889,-0.07506433129310608,-0.02421373501420021,0.9989768266677856,0.038197848945856097,0.07602004706859589,-0.03625871613621712,0.9964468479156494],"EasingStyle":"Constant","EasingDirection":"In"}}},{"Time":0.1666666716337204,"poses":{"Left Leg":{"Weight":1,"CFrame":[-0.15577328205108643,0.04238736629486084,0.01339256763458252,0.9967969059944153,0.004694030620157719,0.07983744889497757,-0.006157672964036465,0.9998173117637634,0.01809612847864628,-0.07973796129226685,-0.01852976344525814,0.9966436624526978],"EasingStyle":"Constant","EasingDirection":"In"},"Right Arm":{"Weight":1,"CFrame":[-0.04580414295196533,-0.07302570343017578,0.01689612865447998,0.9784489274024963,-0.007716457359492779,0.20634476840496064,0.002501242095604539,0.9996711611747742,0.025523576885461808,-0.20647387206554414,-0.024457428604364396,0.9781464338302612],"EasingStyle":"Constant","EasingDirection":"In"},"Head":{"Weight":1,"CFrame":[8.745155355427414e-8,3.903210199496243e-9,1.1920928955078126e-7,1,-0.0004015216836705804,0.000025505290977889673,0.00040015773265622556,0.999177873134613,0.0405394546687603,-0.00004176167567493394,-0.040539439767599109,0.9991779327392578],"EasingStyle":"Constant","EasingDirection":"In"},"Right Leg":{"Weight":1,"CFrame":[0.16002406179904939,0.043737947940826419,0.015541315078735352,0.9960669279098511,0.0009054876863956451,-0.08859916031360626,0.0005919461254961789,0.999857485294342,0.016874009743332864,0.08860186487436295,-0.01686016097664833,0.9959244132041931],"EasingStyle":"Constant","EasingDirection":"In"},"Torso":{"Weight":1,"CFrame":[-0.0014110638294368983,0.07079747319221497,-0.028092622756958009,0.9999984502792358,-0.0004365456697996706,-0.001763917040079832,0.00035124344867654145,0.9988438487052918,-0.04807370901107788,0.0017828639829531313,0.04807301610708237,0.9988422393798828],"EasingStyle":"Constant","EasingDirection":"In"},"HumanoidRootPart":{"Weight":0,"CFrame":[0,0,0,1,0,0,0,1,0,0,0,1],"EasingStyle":"Linear","EasingDirection":"In"},"Left Arm":{"Weight":1,"CFrame":[0.0450393483042717,-0.08986523747444153,-0.010560989379882813,0.9968123435974121,0.02703157067298889,-0.07506433129310608,-0.02421373501420021,0.9989768266677856,0.038197848945856097,0.07602004706859589,-0.03625871613621712,0.9964468479156494],"EasingStyle":"Constant","EasingDirection":"In"}}},{"Time":0.20000000298023225,"poses":{"Left Leg":{"Weight":1,"CFrame":[0.03160049021244049,-0.3316004276275635,0.0938795804977417,0.5854043364524841,-0.40348541736602785,0.7032078504562378,0.6366035342216492,0.7658597230911255,-0.09052412211894989,-0.5020334720611572,0.5006579160690308,0.7051980495452881],"EasingStyle":"Constant","EasingDirection":"In"},"Right Arm":{"Weight":1,"CFrame":[-0.6103389263153076,-0.2624335289001465,0.1771165132522583,0.663637638092041,-0.5536466836929321,0.5030511021614075,0.6099563837051392,0.7898003458976746,0.06456658989191055,-0.4330569803714752,0.26399028301239016,0.8618415594100952],"EasingStyle":"Constant","EasingDirection":"In"},"Head":{"Weight":1,"CFrame":[8.42846930027008e-8,-2.5960616767406465e-8,1.1920928955078126e-7,0.9698733687400818,-0.2363775074481964,-0.0589180588722229,0.24339930713176728,0.9503164291381836,0.19405049085617066,0.010121622122824192,-0.20254510641098023,0.9792206883430481],"EasingStyle":"Constant","EasingDirection":"In"},"Right Leg":{"Weight":1,"CFrame":[0.5433780550956726,0.32447880506515505,-0.058015286922454837,0.9561775326728821,-0.26096129417419436,0.13275501132011414,0.2698330879211426,0.9614138603210449,-0.0536060594022274,-0.1136433407664299,0.08707858622074127,0.9896981716156006],"EasingStyle":"Constant","EasingDirection":"In"},"Torso":{"Weight":1,"CFrame":[-0.023238416761159898,-0.0106278657913208,-0.27551698684692385,0.9785290360450745,0.20544426143169404,0.01654616743326187,-0.18691545724868775,0.9183685183525086,-0.3488008677959442,-0.08685462176799774,0.3382190763950348,0.9370507597923279],"EasingStyle":"Constant","EasingDirection":"In"},"HumanoidRootPart":{"Weight":0,"CFrame":[0,0,0,1,0,0,0,1,0,0,0,1],"EasingStyle":"Linear","EasingDirection":"In"},"Left Arm":{"Weight":1,"CFrame":[-0.6455776691436768,0.2913939952850342,0.24675261974334718,0.09858328849077225,0.9520860910415649,0.28950557112693789,-0.7689549922943115,-0.1117805764079094,0.6294549703598023,0.6316563487052918,-0.28467047214508059,0.7210915088653565],"EasingStyle":"Constant","EasingDirection":"In"}}},{"Time":0.23333333432674409,"poses":{"Left Leg":{"Weight":1,"CFrame":[0.03160049021244049,-0.3316004276275635,0.0938795804977417,0.5854043364524841,-0.40348541736602785,0.7032078504562378,0.6366035342216492,0.7658597230911255,-0.09052412211894989,-0.5020334720611572,0.5006579160690308,0.7051980495452881],"EasingStyle":"Constant","EasingDirection":"In"},"Right Arm":{"Weight":1,"CFrame":[-0.6103389263153076,-0.2624335289001465,0.1771165132522583,0.663637638092041,-0.5536466836929321,0.5030511021614075,0.6099563837051392,0.7898003458976746,0.06456658989191055,-0.4330569803714752,0.26399028301239016,0.8618415594100952],"EasingStyle":"Constant","EasingDirection":"In"},"Head":{"Weight":1,"CFrame":[8.42846930027008e-8,-2.5960616767406465e-8,1.1920928955078126e-7,0.9698733687400818,-0.2363775074481964,-0.0589180588722229,0.24339930713176728,0.9503164291381836,0.19405049085617066,0.010121622122824192,-0.20254510641098023,0.9792206883430481],"EasingStyle":"Constant","EasingDirection":"In"},"Right Leg":{"Weight":1,"CFrame":[0.5433780550956726,0.32447880506515505,-0.058015286922454837,0.9561775326728821,-0.26096129417419436,0.13275501132011414,0.2698330879211426,0.9614138603210449,-0.0536060594022274,-0.1136433407664299,0.08707858622074127,0.9896981716156006],"EasingStyle":"Constant","EasingDirection":"In"},"Torso":{"Weight":1,"CFrame":[-0.023238416761159898,-0.0106278657913208,-0.27551698684692385,0.9785290360450745,0.20544426143169404,0.01654616743326187,-0.18691545724868775,0.9183685183525086,-0.3488008677959442,-0.08685462176799774,0.3382190763950348,0.9370507597923279],"EasingStyle":"Constant","EasingDirection":"In"},"HumanoidRootPart":{"Weight":0,"CFrame":[0,0,0,1,0,0,0,1,0,0,0,1],"EasingStyle":"Linear","EasingDirection":"In"},"Left Arm":{"Weight":1,"CFrame":[-0.6455776691436768,0.2913939952850342,0.24675261974334718,0.09858328849077225,0.9520860910415649,0.28950557112693789,-0.7689549922943115,-0.1117805764079094,0.6294549703598023,0.6316563487052918,-0.28467047214508059,0.7210915088653565],"EasingStyle":"Constant","EasingDirection":"In"}}},{"Time":0.2666666805744171,"poses":{"Left Leg":{"Weight":1,"CFrame":[0.23976175487041474,-0.3412516117095947,-0.05676478147506714,0.49054449796676638,-0.34814774990081789,0.7988488674163818,0.632382869720459,0.7729446291923523,-0.051465440541505817,-0.5995482802391052,0.5304242968559265,0.5993262529373169],"EasingStyle":"Constant","EasingDirection":"In"},"Right Arm":{"Weight":1,"CFrame":[-0.7079886198043823,-0.29942139983177187,0.19600963592529298,0.5684427618980408,-0.6138312816619873,0.547799289226532,0.6942642331123352,0.7151552438735962,0.08093331754207611,-0.4414408504962921,0.334311306476593,0.8326858878135681],"EasingStyle":"Constant","EasingDirection":"In"},"Head":{"Weight":1,"CFrame":[3.5390257835388186e-8,2.3422762751579285e-7,5.960464477539063e-7,0.9586970210075378,-0.2749774754047394,-0.07271427661180496,0.28432226181030276,0.933501124382019,0.21848708391189576,0.007799847051501274,-0.2301371842622757,0.9731269478797913],"EasingStyle":"Constant","EasingDirection":"In"},"Right Leg":{"Weight":1,"CFrame":[0.5721202492713928,0.38149988651275637,-0.07587862014770508,0.9326813817024231,-0.31434524059295657,0.17689736187458039,0.32873430848121645,0.9426280856132507,-0.05819091200828552,-0.14845632016658784,0.1124257817864418,0.9825076460838318],"EasingStyle":"Constant","EasingDirection":"In"},"Torso":{"Weight":1,"CFrame":[-0.03282520920038223,-0.022505998611450197,-0.3256816864013672,0.969732940196991,0.2438499927520752,0.01246566977351904,-0.21889102458953858,0.8908295631408691,-0.39813241362571719,-0.10818938165903092,0.38335341215133669,0.9172433614730835],"EasingStyle":"Constant","EasingDirection":"In"},"HumanoidRootPart":{"Weight":0,"CFrame":[0,0,0,1,0,0,0,1,0,0,0,1],"EasingStyle":"Linear","EasingDirection":"In"},"Left Arm":{"Weight":1,"CFrame":[-0.7656201124191284,0.35040271282196047,0.27771568298339846,-0.10136139392852783,0.9043787121772766,0.41451776027679446,-0.7106209397315979,-0.35741618275642397,0.6060295104980469,0.6962354779243469,-0.2331370711326599,0.6788986325263977],"EasingStyle":"Constant","EasingDirection":"In"}}},{"Time":0.30000001192092898,"poses":{"Left Leg":{"Weight":1,"CFrame":[0.23976175487041474,-0.3412516117095947,-0.05676478147506714,0.49054449796676638,-0.34814774990081789,0.7988488674163818,0.632382869720459,0.7729446291923523,-0.051465440541505817,-0.5995482802391052,0.5304242968559265,0.5993262529373169],"EasingStyle":"Constant","EasingDirection":"In"},"Right Arm":{"Weight":1,"CFrame":[-0.7079886198043823,-0.29942139983177187,0.19600963592529298,0.5684427618980408,-0.6138312816619873,0.547799289226532,0.6942642331123352,0.7151552438735962,0.08093331754207611,-0.4414408504962921,0.334311306476593,0.8326858878135681],"EasingStyle":"Constant","EasingDirection":"In"},"Head":{"Weight":1,"CFrame":[3.5390257835388186e-8,2.3422762751579285e-7,5.960464477539063e-7,0.9586970210075378,-0.2749774754047394,-0.07271427661180496,0.28432226181030276,0.933501124382019,0.21848708391189576,0.007799847051501274,-0.2301371842622757,0.9731269478797913],"EasingStyle":"Constant","EasingDirection":"In"},"Right Leg":{"Weight":1,"CFrame":[0.5721202492713928,0.38149988651275637,-0.07587862014770508,0.9326813817024231,-0.31434524059295657,0.17689736187458039,0.32873430848121645,0.9426280856132507,-0.05819091200828552,-0.14845632016658784,0.1124257817864418,0.9825076460838318],"EasingStyle":"Constant","EasingDirection":"In"},"Torso":{"Weight":1,"CFrame":[-0.03282520920038223,-0.022505998611450197,-0.3256816864013672,0.969732940196991,0.2438499927520752,0.01246566977351904,-0.21889102458953858,0.8908295631408691,-0.39813241362571719,-0.10818938165903092,0.38335341215133669,0.9172433614730835],"EasingStyle":"Constant","EasingDirection":"In"},"HumanoidRootPart":{"Weight":0,"CFrame":[0,0,0,1,0,0,0,1,0,0,0,1],"EasingStyle":"Linear","EasingDirection":"In"},"Left Arm":{"Weight":1,"CFrame":[-0.7656201124191284,0.35040271282196047,0.27771568298339846,-0.10136139392852783,0.9043787121772766,0.41451776027679446,-0.7106209397315979,-0.35741618275642397,0.6060295104980469,0.6962354779243469,-0.2331370711326599,0.6788986325263977],"EasingStyle":"Constant","EasingDirection":"In"}}},{"Time":0.3333333432674408,"poses":{"Left Leg":{"Weight":1,"CFrame":[0.2769850492477417,-0.3252551555633545,-0.09355580806732178,0.47114694118499758,-0.35137757658958437,0.8090453743934631,0.6301259398460388,0.7759145498275757,-0.029964912682771684,-0.6172210574150086,0.5239183306694031,0.5869819521903992],"EasingStyle":"Constant","EasingDirection":"In"},"Right Arm":{"Weight":1,"CFrame":[-0.713830828666687,-0.3016350269317627,0.19713997840881349,0.5625444054603577,-0.6169973611831665,0.5503254532814026,0.6989316940307617,0.7104623913764954,0.08208463340997696,-0.4416314661502838,0.33846354484558108,0.830905556678772],"EasingStyle":"Constant","EasingDirection":"In"},"Head":{"Weight":1,"CFrame":[4.470348358154297e-8,1.671724021434784e-7,-1.7881393432617188e-7,0.9579758048057556,-0.27725452184677126,-0.07356937974691391,0.2867479622364044,0.9324216246604919,0.21992187201976777,0.00762335117906332,-0.2317756861448288,0.9727394580841065],"EasingStyle":"Constant","EasingDirection":"In"},"Right Leg":{"Weight":1,"CFrame":[0.5810161232948303,0.37568503618240359,-0.0800665020942688,0.9373224973678589,-0.29777851700782778,0.1809820830821991,0.31220313906669619,0.948327898979187,-0.05659909173846245,-0.15477629005908967,0.10955476760864258,0.9818564653396606],"EasingStyle":"Constant","EasingDirection":"In"},"Torso":{"Weight":1,"CFrame":[-0.033635035157203677,-0.016087651252746583,-0.3193211555480957,0.9685482978820801,0.24853971600532533,0.011926215142011643,-0.2249625325202942,0.8951369524002075,-0.384865939617157,-0.10633004456758499,0.3700782358646393,0.9228955507278442],"EasingStyle":"Constant","EasingDirection":"In"},"HumanoidRootPart":{"Weight":0,"CFrame":[0,0,0,1,0,0,0,1,0,0,0,1],"EasingStyle":"Linear","EasingDirection":"In"},"Left Arm":{"Weight":1,"CFrame":[-0.7728021144866943,0.35393238067626955,0.2795681953430176,-0.11218190938234329,0.8999200463294983,0.42137742042541506,-0.7057770490646362,-0.37066808342933657,0.6037251949310303,0.6994956135749817,-0.22967153787612916,0.6767251491546631],"EasingStyle":"Constant","EasingDirection":"In"}}},{"Time":0.36666667461395266,"poses":{"Left Leg":{"Weight":1,"CFrame":[0.2769850492477417,-0.3252551555633545,-0.09355580806732178,0.47114694118499758,-0.35137757658958437,0.8090453743934631,0.6301259398460388,0.7759145498275757,-0.029964912682771684,-0.6172210574150086,0.5239183306694031,0.5869819521903992],"EasingStyle":"Constant","EasingDirection":"In"},"Right Arm":{"Weight":1,"CFrame":[-0.713830828666687,-0.3016350269317627,0.19713997840881349,0.5625444054603577,-0.6169973611831665,0.5503254532814026,0.6989316940307617,0.7104623913764954,0.08208463340997696,-0.4416314661502838,0.33846354484558108,0.830905556678772],"EasingStyle":"Constant","EasingDirection":"In"},"Head":{"Weight":1,"CFrame":[4.470348358154297e-8,1.671724021434784e-7,-1.7881393432617188e-7,0.9579758048057556,-0.27725452184677126,-0.07356937974691391,0.2867479622364044,0.9324216246604919,0.21992187201976777,0.00762335117906332,-0.2317756861448288,0.9727394580841065],"EasingStyle":"Constant","EasingDirection":"In"},"Right Leg":{"Weight":1,"CFrame":[0.5810161232948303,0.37568503618240359,-0.0800665020942688,0.9373224973678589,-0.29777851700782778,0.1809820830821991,0.31220313906669619,0.948327898979187,-0.05659909173846245,-0.15477629005908967,0.10955476760864258,0.9818564653396606],"EasingStyle":"Constant","EasingDirection":"In"},"Torso":{"Weight":1,"CFrame":[-0.033635035157203677,-0.016087651252746583,-0.3193211555480957,0.9685482978820801,0.24853971600532533,0.011926215142011643,-0.2249625325202942,0.8951369524002075,-0.384865939617157,-0.10633004456758499,0.3700782358646393,0.9228955507278442],"EasingStyle":"Constant","EasingDirection":"In"},"HumanoidRootPart":{"Weight":0,"CFrame":[0,0,0,1,0,0,0,1,0,0,0,1],"EasingStyle":"Linear","EasingDirection":"In"},"Left Arm":{"Weight":1,"CFrame":[-0.7728021144866943,0.35393238067626955,0.2795681953430176,-0.11218190938234329,0.8999200463294983,0.42137742042541506,-0.7057770490646362,-0.37066808342933657,0.6037251949310303,0.6994956135749817,-0.22967153787612916,0.6767251491546631],"EasingStyle":"Constant","EasingDirection":"In"}}},{"Time":0.4000000059604645,"poses":{"Left Leg":{"Weight":1,"CFrame":[0.2954220175743103,-0.3128793239593506,-0.11304420232772827,0.45995596051216128,-0.3590732216835022,0.812100350856781,0.6303871273994446,0.7761572599411011,-0.013856809586286545,-0.6253420114517212,0.5183112025260925,0.5833533406257629],"EasingStyle":"Constant","EasingDirection":"In"},"Right Arm":{"Weight":1,"CFrame":[-0.7146655321121216,-0.3019510805606842,0.19730114936828614,0.5617000460624695,-0.6174456477165222,0.5506849884986877,0.6995949745178223,0.709790050983429,0.0822506919503212,-0.4416560232639313,0.3390561640262604,0.8306509256362915],"EasingStyle":"Constant","EasingDirection":"In"},"Head":{"Weight":1,"CFrame":[1.1734664440155029e-7,2.0209699869155885e-7,0,0.9578722715377808,-0.27757954597473147,-0.07369180023670197,0.2870943248271942,0.9322666525840759,0.22012656927108766,0.007597767747938633,-0.232009619474411,0.9726839065551758],"EasingStyle":"Constant","EasingDirection":"In"},"Right Leg":{"Weight":1,"CFrame":[0.5878334045410156,0.36957114934921267,-0.08184051513671875,0.9427700638771057,-0.2802773118019104,0.18063607811927796,0.2943252921104431,0.9540764093399048,-0.05577598139643669,-0.15670780837535859,0.1057497039437294,0.9819673299789429],"EasingStyle":"Constant","EasingDirection":"In"},"Torso":{"Weight":1,"CFrame":[-0.03337940201163292,-0.0096665620803833,-0.31314849853515627,0.968440592288971,0.24894015491008759,0.012313304468989373,-0.22669756412506104,0.9002915024757385,-0.3715958595275879,-0.10359067469835282,0.35707712173461916,0.9283129572868347],"EasingStyle":"Constant","EasingDirection":"In"},"HumanoidRootPart":{"Weight":0,"CFrame":[0,0,0,1,0,0,0,1,0,0,0,1],"EasingStyle":"Linear","EasingDirection":"In"},"Left Arm":{"Weight":1,"CFrame":[-0.7738279700279236,0.354436993598938,0.2798328399658203,-0.11371663957834244,0.8992708325386047,0.4223511815071106,-0.7050748467445374,-0.3725472390651703,0.6033889055252075,0.6999557614326477,-0.22917386889457704,0.6764180660247803],"EasingStyle":"Constant","EasingDirection":"In"}}},{"Time":0.4333333373069763,"poses":{"Left Leg":{"Weight":1,"CFrame":[0.2954220175743103,-0.3128793239593506,-0.11304420232772827,0.45995596051216128,-0.3590732216835022,0.812100350856781,0.6303871273994446,0.7761572599411011,-0.013856809586286545,-0.6253420114517212,0.5183112025260925,0.5833533406257629],"EasingStyle":"Constant","EasingDirection":"In"},"Right Arm":{"Weight":1,"CFrame":[-0.7146655321121216,-0.3019510805606842,0.19730114936828614,0.5617000460624695,-0.6174456477165222,0.5506849884986877,0.6995949745178223,0.709790050983429,0.0822506919503212,-0.4416560232639313,0.3390561640262604,0.8306509256362915],"EasingStyle":"Constant","EasingDirection":"In"},"Head":{"Weight":1,"CFrame":[1.1734664440155029e-7,2.0209699869155885e-7,0,0.9578722715377808,-0.27757954597473147,-0.07369180023670197,0.2870943248271942,0.9322666525840759,0.22012656927108766,0.007597767747938633,-0.232009619474411,0.9726839065551758],"EasingStyle":"Constant","EasingDirection":"In"},"Right Leg":{"Weight":1,"CFrame":[0.5878334045410156,0.36957114934921267,-0.08184051513671875,0.9427700638771057,-0.2802773118019104,0.18063607811927796,0.2943252921104431,0.9540764093399048,-0.05577598139643669,-0.15670780837535859,0.1057497039437294,0.9819673299789429],"EasingStyle":"Constant","EasingDirection":"In"},"Torso":{"Weight":1,"CFrame":[-0.03337940201163292,-0.0096665620803833,-0.31314849853515627,0.968440592288971,0.24894015491008759,0.012313304468989373,-0.22669756412506104,0.9002915024757385,-0.3715958595275879,-0.10359067469835282,0.35707712173461916,0.9283129572868347],"EasingStyle":"Constant","EasingDirection":"In"},"HumanoidRootPart":{"Weight":0,"CFrame":[0,0,0,1,0,0,0,1,0,0,0,1],"EasingStyle":"Linear","EasingDirection":"In"},"Left Arm":{"Weight":1,"CFrame":[-0.7738279700279236,0.354436993598938,0.2798328399658203,-0.11371663957834244,0.8992708325386047,0.4223511815071106,-0.7050748467445374,-0.3725472390651703,0.6033889055252075,0.6999557614326477,-0.22917386889457704,0.6764180660247803],"EasingStyle":"Constant","EasingDirection":"In"}}},{"Time":0.46666666865348818,"poses":{"Left Leg":{"Weight":1,"CFrame":[0.2954220175743103,-0.3128793239593506,-0.11304420232772827,0.45995596051216128,-0.3590732216835022,0.812100350856781,0.6303871273994446,0.7761572599411011,-0.013856809586286545,-0.6253420114517212,0.5183112025260925,0.5833533406257629],"EasingStyle":"Constant","EasingDirection":"In"},"Right Arm":{"Weight":1,"CFrame":[-0.7146655321121216,-0.3019510805606842,0.19730114936828614,0.5617000460624695,-0.6174456477165222,0.5506849884986877,0.6995949745178223,0.709790050983429,0.0822506919503212,-0.4416560232639313,0.3390561640262604,0.8306509256362915],"EasingStyle":"Constant","EasingDirection":"In"},"Head":{"Weight":1,"CFrame":[1.1734664440155029e-7,2.0209699869155885e-7,0,0.9578722715377808,-0.27757954597473147,-0.07369180023670197,0.2870943248271942,0.9322666525840759,0.22012656927108766,0.007597767747938633,-0.232009619474411,0.9726839065551758],"EasingStyle":"Constant","EasingDirection":"In"},"Right Leg":{"Weight":1,"CFrame":[0.5878334045410156,0.36957114934921267,-0.08184051513671875,0.9427700638771057,-0.2802773118019104,0.18063607811927796,0.2943252921104431,0.9540764093399048,-0.05577598139643669,-0.15670780837535859,0.1057497039437294,0.9819673299789429],"EasingStyle":"Constant","EasingDirection":"In"},"Torso":{"Weight":1,"CFrame":[-0.03337940201163292,-0.0096665620803833,-0.31314849853515627,0.968440592288971,0.24894015491008759,0.012313304468989373,-0.22669756412506104,0.9002915024757385,-0.3715958595275879,-0.10359067469835282,0.35707712173461916,0.9283129572868347],"EasingStyle":"Constant","EasingDirection":"In"},"HumanoidRootPart":{"Weight":0,"CFrame":[0,0,0,1,0,0,0,1,0,0,0,1],"EasingStyle":"Linear","EasingDirection":"In"},"Left Arm":{"Weight":1,"CFrame":[-0.7738279700279236,0.354436993598938,0.2798328399658203,-0.11371663957834244,0.8992708325386047,0.4223511815071106,-0.7050748467445374,-0.3725472390651703,0.6033889055252075,0.6999557614326477,-0.22917386889457704,0.6764180660247803],"EasingStyle":"Constant","EasingDirection":"In"}}},{"Time":0.5,"poses":{"Left Leg":{"Weight":1,"CFrame":[0.2954220175743103,-0.3128793239593506,-0.11304420232772827,0.45995596051216128,-0.3590732216835022,0.812100350856781,0.6303871273994446,0.7761572599411011,-0.013856809586286545,-0.6253420114517212,0.5183112025260925,0.5833533406257629],"EasingStyle":"Constant","EasingDirection":"In"},"Right Arm":{"Weight":1,"CFrame":[-0.7146655321121216,-0.3019510805606842,0.19730114936828614,0.5617000460624695,-0.6174456477165222,0.5506849884986877,0.6995949745178223,0.709790050983429,0.0822506919503212,-0.4416560232639313,0.3390561640262604,0.8306509256362915],"EasingStyle":"Constant","EasingDirection":"In"},"Head":{"Weight":1,"CFrame":[1.1734664440155029e-7,2.0209699869155885e-7,0,0.9578722715377808,-0.27757954597473147,-0.07369180023670197,0.2870943248271942,0.9322666525840759,0.22012656927108766,0.007597767747938633,-0.232009619474411,0.9726839065551758],"EasingStyle":"Constant","EasingDirection":"In"},"Right Leg":{"Weight":1,"CFrame":[0.5878334045410156,0.36957114934921267,-0.08184051513671875,0.9427700638771057,-0.2802773118019104,0.18063607811927796,0.2943252921104431,0.9540764093399048,-0.05577598139643669,-0.15670780837535859,0.1057497039437294,0.9819673299789429],"EasingStyle":"Constant","EasingDirection":"In"},"Torso":{"Weight":1,"CFrame":[-0.03337940201163292,-0.0096665620803833,-0.31314849853515627,0.968440592288971,0.24894015491008759,0.012313304468989373,-0.22669756412506104,0.9002915024757385,-0.3715958595275879,-0.10359067469835282,0.35707712173461916,0.9283129572868347],"EasingStyle":"Constant","EasingDirection":"In"},"HumanoidRootPart":{"Weight":0,"CFrame":[0,0,0,1,0,0,0,1,0,0,0,1],"EasingStyle":"Linear","EasingDirection":"In"},"Left Arm":{"Weight":1,"CFrame":[-0.7738279700279236,0.354436993598938,0.2798328399658203,-0.11371663957834244,0.8992708325386047,0.4223511815071106,-0.7050748467445374,-0.3725472390651703,0.6033889055252075,0.6999557614326477,-0.22917386889457704,0.6764180660247803],"EasingStyle":"Constant","EasingDirection":"In"}}},{"Time":0.5333333611488342,"poses":{"Left Leg":{"Weight":1,"CFrame":[0.2954220175743103,-0.3128793239593506,-0.11304420232772827,0.45995596051216128,-0.3590732216835022,0.812100350856781,0.6303871273994446,0.7761572599411011,-0.013856809586286545,-0.6253420114517212,0.5183112025260925,0.5833533406257629],"EasingStyle":"Constant","EasingDirection":"In"},"Right Arm":{"Weight":1,"CFrame":[-0.7146655321121216,-0.3019510805606842,0.19730114936828614,0.5617000460624695,-0.6174456477165222,0.5506849884986877,0.6995949745178223,0.709790050983429,0.0822506919503212,-0.4416560232639313,0.3390561640262604,0.8306509256362915],"EasingStyle":"Constant","EasingDirection":"In"},"Head":{"Weight":1,"CFrame":[1.1734664440155029e-7,2.0209699869155885e-7,0,0.9578722715377808,-0.27757954597473147,-0.07369180023670197,0.2870943248271942,0.9322666525840759,0.22012656927108766,0.007597767747938633,-0.232009619474411,0.9726839065551758],"EasingStyle":"Constant","EasingDirection":"In"},"Right Leg":{"Weight":1,"CFrame":[0.5878334045410156,0.36957114934921267,-0.08184051513671875,0.9427700638771057,-0.2802773118019104,0.18063607811927796,0.2943252921104431,0.9540764093399048,-0.05577598139643669,-0.15670780837535859,0.1057497039437294,0.9819673299789429],"EasingStyle":"Constant","EasingDirection":"In"},"Torso":{"Weight":1,"CFrame":[-0.03337940201163292,-0.0096665620803833,-0.31314849853515627,0.968440592288971,0.24894015491008759,0.012313304468989373,-0.22669756412506104,0.9002915024757385,-0.3715958595275879,-0.10359067469835282,0.35707712173461916,0.9283129572868347],"EasingStyle":"Constant","EasingDirection":"In"},"HumanoidRootPart":{"Weight":0,"CFrame":[0,0,0,1,0,0,0,1,0,0,0,1],"EasingStyle":"Linear","EasingDirection":"In"},"Left Arm":{"Weight":1,"CFrame":[-0.7738279700279236,0.354436993598938,0.2798328399658203,-0.11371663957834244,0.8992708325386047,0.4223511815071106,-0.7050748467445374,-0.3725472390651703,0.6033889055252075,0.6999557614326477,-0.22917386889457704,0.6764180660247803],"EasingStyle":"Constant","EasingDirection":"In"}}},{"Time":0.5666666626930237,"poses":{"Left Leg":{"Weight":1,"CFrame":[0.2954220175743103,-0.3128793239593506,-0.11304420232772827,0.45995596051216128,-0.3590732216835022,0.812100350856781,0.6303871273994446,0.7761572599411011,-0.013856809586286545,-0.6253420114517212,0.5183112025260925,0.5833533406257629],"EasingStyle":"Constant","EasingDirection":"In"},"Right Arm":{"Weight":1,"CFrame":[-0.7146655321121216,-0.3019510805606842,0.19730114936828614,0.5617000460624695,-0.6174456477165222,0.5506849884986877,0.6995949745178223,0.709790050983429,0.0822506919503212,-0.4416560232639313,0.3390561640262604,0.8306509256362915],"EasingStyle":"Constant","EasingDirection":"In"},"Head":{"Weight":1,"CFrame":[1.1734664440155029e-7,2.0209699869155885e-7,0,0.9578722715377808,-0.27757954597473147,-0.07369180023670197,0.2870943248271942,0.9322666525840759,0.22012656927108766,0.007597767747938633,-0.232009619474411,0.9726839065551758],"EasingStyle":"Constant","EasingDirection":"In"},"Right Leg":{"Weight":1,"CFrame":[0.5878334045410156,0.36957114934921267,-0.08184051513671875,0.9427700638771057,-0.2802773118019104,0.18063607811927796,0.2943252921104431,0.9540764093399048,-0.05577598139643669,-0.15670780837535859,0.1057497039437294,0.9819673299789429],"EasingStyle":"Constant","EasingDirection":"In"},"Torso":{"Weight":1,"CFrame":[-0.03337940201163292,-0.0096665620803833,-0.31314849853515627,0.968440592288971,0.24894015491008759,0.012313304468989373,-0.22669756412506104,0.9002915024757385,-0.3715958595275879,-0.10359067469835282,0.35707712173461916,0.9283129572868347],"EasingStyle":"Constant","EasingDirection":"In"},"HumanoidRootPart":{"Weight":0,"CFrame":[0,0,0,1,0,0,0,1,0,0,0,1],"EasingStyle":"Linear","EasingDirection":"In"},"Left Arm":{"Weight":1,"CFrame":[-0.7738279700279236,0.354436993598938,0.2798328399658203,-0.11371663957834244,0.8992708325386047,0.4223511815071106,-0.7050748467445374,-0.3725472390651703,0.6033889055252075,0.6999557614326477,-0.22917386889457704,0.6764180660247803],"EasingStyle":"Constant","EasingDirection":"In"}}},{"Time":0.6000000238418579,"poses":{"Left Leg":{"Weight":1,"CFrame":[0.2954220175743103,-0.3128793239593506,-0.11304420232772827,0.45995596051216128,-0.3590732216835022,0.812100350856781,0.6303871273994446,0.7761572599411011,-0.013856809586286545,-0.6253420114517212,0.5183112025260925,0.5833533406257629],"EasingStyle":"Constant","EasingDirection":"In"},"Right Arm":{"Weight":1,"CFrame":[-0.7146655321121216,-0.3019510805606842,0.19730114936828614,0.5617000460624695,-0.6174456477165222,0.5506849884986877,0.6995949745178223,0.709790050983429,0.0822506919503212,-0.4416560232639313,0.3390561640262604,0.8306509256362915],"EasingStyle":"Constant","EasingDirection":"In"},"Head":{"Weight":1,"CFrame":[1.1734664440155029e-7,2.0209699869155885e-7,0,0.9578722715377808,-0.27757954597473147,-0.07369180023670197,0.2870943248271942,0.9322666525840759,0.22012656927108766,0.007597767747938633,-0.232009619474411,0.9726839065551758],"EasingStyle":"Constant","EasingDirection":"In"},"Right Leg":{"Weight":1,"CFrame":[0.5878334045410156,0.36957114934921267,-0.08184051513671875,0.9427700638771057,-0.2802773118019104,0.18063607811927796,0.2943252921104431,0.9540764093399048,-0.05577598139643669,-0.15670780837535859,0.1057497039437294,0.9819673299789429],"EasingStyle":"Constant","EasingDirection":"In"},"Torso":{"Weight":1,"CFrame":[-0.03337940201163292,-0.0096665620803833,-0.31314849853515627,0.968440592288971,0.24894015491008759,0.012313304468989373,-0.22669756412506104,0.9002915024757385,-0.3715958595275879,-0.10359067469835282,0.35707712173461916,0.9283129572868347],"EasingStyle":"Constant","EasingDirection":"In"},"HumanoidRootPart":{"Weight":0,"CFrame":[0,0,0,1,0,0,0,1,0,0,0,1],"EasingStyle":"Linear","EasingDirection":"In"},"Left Arm":{"Weight":1,"CFrame":[-0.7738279700279236,0.354436993598938,0.2798328399658203,-0.11371663957834244,0.8992708325386047,0.4223511815071106,-0.7050748467445374,-0.3725472390651703,0.6033889055252075,0.6999557614326477,-0.22917386889457704,0.6764180660247803],"EasingStyle":"Constant","EasingDirection":"In"}}},{"Time":0.6333333253860474,"poses":{"Left Leg":{"Weight":1,"CFrame":[0.2954220175743103,-0.3128793239593506,-0.11304420232772827,0.45995596051216128,-0.3590732216835022,0.812100350856781,0.6303871273994446,0.7761572599411011,-0.013856809586286545,-0.6253420114517212,0.5183112025260925,0.5833533406257629],"EasingStyle":"Constant","EasingDirection":"In"},"Right Arm":{"Weight":1,"CFrame":[-0.7146655321121216,-0.3019510805606842,0.19730114936828614,0.5617000460624695,-0.6174456477165222,0.5506849884986877,0.6995949745178223,0.709790050983429,0.08225069195032