{"Sequence":[{"Time":0,"poses":{"Left Leg":{"Weight":1,"CFrame":[5.662441253662109e-7,-0.00010716915130615234,-0.004095494747161865,1,2.269967858126165e-8,8.940696716308594e-8,-3.526869107872699e-8,1,-8.742278367890322e-8,-1.788139627478813e-7,7.832227311155293e-8,1],"EasingStyle":"Linear","EasingDirection":"In"},"Right Arm":{"Weight":1,"CFrame":[2.384185791015625e-7,0.0027895569801330568,-0.00016105175018310547,1,-1.2434494487669965e-14,2.6822092991096726e-7,-5.031887351236719e-9,1,1.0068373512694962e-7,-2.682209014892578e-7,-1.3048607172549965e-7,1],"EasingStyle":"Linear","EasingDirection":"In"},"Left Arm":{"Weight":1,"CFrame":[2.384185791015625e-7,0.002789437770843506,-0.00016099214553833008,1,-9.737740613857682e-10,1.1920930376163597e-7,5.76222554116157e-8,1,-1.1722510606659853e-7,-1.1920928244535389e-7,5.919639889384598e-8,1],"EasingStyle":"Linear","EasingDirection":"In"},"Right Leg":{"Weight":1,"CFrame":[7.105427357601002e-15,-0.00010693073272705078,-0.004095315933227539,1,-8.586493294160391e-9,2.980231954552437e-7,-5.413827608435895e-8,1,5.76204612912079e-8,-2.384185791015625e-7,-7.354081787980249e-8,1],"EasingStyle":"Linear","EasingDirection":"In"},"Torso":{"Weight":1,"CFrame":[0,0,0,0.947120189666748,-0.3208789527416229,-8.279987895321028e-8,0.3208789527416229,0.947120189666748,-2.8052129508182589e-8,8.742277657347586e-8,0,1],"EasingStyle":"Linear","EasingDirection":"In"},"HumanoidRootPart":{"Weight":0,"CFrame":[0,0,0,1,0,0,0,1,0,0,0,1],"EasingStyle":"Linear","EasingDirection":"In"},"Head":{"Weight":1,"CFrame":[8.887943181434821e-8,-7.105427357601002e-15,0.0166623592376709,0.9999814033508301,0.006060629617422819,-0.0006946374196559191,-0.006057620048522949,0.999972939491272,0.004182684235274792,0.0007199739338830113,-0.004178405273705721,0.9999910593032837],"EasingStyle":"Linear","EasingDirection":"In"}}},{"Time":0.04333333298563957,"poses":{"Left Leg":{"Weight":1,"CFrame":[-0.2632601857185364,0.1497388482093811,0.007432341575622559,0.9942008852958679,-0.10743805766105652,0.004678796045482159,0.10742505639791489,0.9942088723182678,0.002941722283139825,-0.004967802204191685,-0.002422032644972205,0.9999848008155823],"EasingStyle":"Linear","EasingDirection":"In"},"Right Arm":{"Weight":1,"CFrame":[-0.25498121976852419,-0.1310197412967682,-0.009020507335662842,0.9049025177955627,-0.40629324316978457,0.12679633498191834,0.39276769757270815,0.9119088649749756,0.11897733807563782,-0.1639663279056549,-0.05786138027906418,0.9847676157951355],"EasingStyle":"Linear","EasingDirection":"In"},"Left Arm":{"Weight":1,"CFrame":[0.26000550389289858,-0.13372692465782166,0.03972065448760986,0.8371281623840332,0.539875864982605,-0.0880383849143982,-0.5355519652366638,0.8416776061058044,0.06901188939809799,0.11135776340961456,-0.0106229642406106,0.9937236309051514],"EasingStyle":"Linear","EasingDirection":"In"},"Right Leg":{"Weight":1,"CFrame":[0.2501346170902252,0.1146206259727478,-0.0038646459579467775,0.9997088313102722,-0.024127718061208726,0.0004753279790747911,0.02412898652255535,0.9997043609619141,-0.003018793649971485,-0.00040228295256383717,0.003029377432540059,0.9999953508377075],"EasingStyle":"Linear","EasingDirection":"In"},"Torso":{"Weight":1,"CFrame":[0.02754197269678116,-0.07550102472305298,-0.08305501937866211,0.9471365809440613,-0.31751590967178347,0.0459989458322525,0.3208160102367401,0.9386741518974304,-0.12636473774909974,-0.003055210690945387,0.13444188237190247,0.9909167885780335],"EasingStyle":"Linear","EasingDirection":"In"},"HumanoidRootPart":{"Weight":0,"CFrame":[0,0,0,1,0,0,0,1,0,0,0,1],"EasingStyle":"Linear","EasingDirection":"In"},"Head":{"Weight":1,"CFrame":[8.940696716308594e-8,-9.313225746154785e-9,0.016662001609802247,0.9999683499336243,0.005913161672651768,-0.00533868046477437,-0.0052797021344304089,0.9937256574630737,0.1117202416062355,0.005965725518763065,-0.11168844252824784,0.9937254190444946],"EasingStyle":"Linear","EasingDirection":"In"}}},{"Time":0.08708333224058151,"poses":{"Left Leg":{"Weight":1,"CFrame":[-0.5077838897705078,0.5211601257324219,0.03794217109680176,0.9581050276756287,-0.2857750356197357,0.019173210486769677,0.2856181561946869,0.9582856297492981,0.010524846613407135,-0.02138117514550686,-0.004607698880136013,0.9997608661651611],"EasingStyle":"Linear","EasingDirection":"In"},"Right Arm":{"Weight":1,"CFrame":[-0.513323187828064,-0.3932812809944153,-0.013243436813354493,0.3290621340274811,-0.9344399571418762,0.13616225123405457,0.8832563161849976,0.3555760383605957,0.30565345287323,-0.33403074741363528,0.019686995074152948,0.942356526851654],"EasingStyle":"Linear","EasingDirection":"In"},"Left Arm":{"Weight":1,"CFrame":[0.516681432723999,-0.40263110399246218,0.0830761194229126,0.07246647030115128,0.9924103021621704,-0.09935066848993302,-0.9720661044120789,0.09257255494594574,0.2156800776720047,0.22324027121067048,0.08094560354948044,0.9713966846466065],"EasingStyle":"Linear","EasingDirection":"In"},"Right Leg":{"Weight":1,"CFrame":[0.49540936946868899,0.4296693205833435,-0.0012512803077697754,0.9848756194114685,-0.17323152720928193,0.0033073925878852607,0.17325811088085175,0.9848124384880066,-0.011227444745600224,-0.0013120678486302496,0.011630643159151078,0.9999315142631531],"EasingStyle":"Linear","EasingDirection":"In"},"Torso":{"Weight":1,"CFrame":[0.0636468231678009,-0.16802150011062623,-0.2763528823852539,0.9466463327407837,-0.2929683029651642,0.13427703082561494,0.32206428050994875,0.8750439882278442,-0.36134830117225649,-0.01163471955806017,0.3853148818016052,0.9227118492126465],"EasingStyle":"Linear","EasingDirection":"In"},"HumanoidRootPart":{"Weight":0,"CFrame":[0,0,0,1,0,0,0,1,0,0,0,1],"EasingStyle":"Linear","EasingDirection":"In"},"Head":{"Weight":1,"CFrame":[1.043081283569336e-7,-1.862645149230957e-8,0.016661882400512697,0.9998432397842407,0.006447490304708481,-0.01649113930761814,-0.0007588703883811832,0.9460967183113098,0.32388365268707278,0.017690474167466165,-0.3238203823566437,0.9459532499313355],"EasingStyle":"Linear","EasingDirection":"In"}}},{"Time":0.13041666150093079,"poses":{"Left Leg":{"Weight":1,"CFrame":[-0.6465152502059937,0.8306771516799927,0.06844258308410645,0.9284785985946655,-0.3690272271633148,0.04179203510284424,0.36876747012138369,0.9294155240058899,0.01404373999685049,-0.044024787843227389,0.0023722227197140457,0.9990276098251343],"EasingStyle":"Linear","EasingDirection":"In"},"Right Arm":{"Weight":1,"CFrame":[-0.21351169049739839,-0.6474493145942688,-0.004385054111480713,-0.46814805269241335,-0.8836493492126465,0.0011260213796049357,0.837916374206543,-0.4435139298439026,0.3181063234806061,-0.28059500455856326,0.14986446499824525,0.9480544328689575],"EasingStyle":"Linear","EasingDirection":"In"},"Left Arm":{"Weight":1,"CFrame":[0.211139976978302,-0.6504853963851929,0.03478741645812988,-0.6043604016304016,0.7965598106384277,-0.015524517744779587,-0.7691531777381897,-0.5782644748687744,0.2720547914505005,0.20773065090179444,0.17635974287986756,0.9621565937995911],"EasingStyle":"Linear","EasingDirection":"In"},"Right Leg":{"Weight":1,"CFrame":[0.538256049156189,0.7932916283607483,0.004204273223876953,0.8811862468719482,-0.4726935029029846,0.00847653392702341,0.47276782989501955,0.8809946775436401,-0.01841464266180992,0.0012367380550131202,0.0202341228723526,0.9997944831848145],"EasingStyle":"Linear","EasingDirection":"In"},"Torso":{"Weight":1,"CFrame":[0.03731667995452881,-0.08297133445739746,-0.5150487422943115,0.945290744304657,-0.24038302898406983,0.22054825723171235,0.32563868165016177,0.7359406352043152,-0.5935914516448975,-0.01962113007903099,0.6329355239868164,0.7739559412002564],"EasingStyle":"Linear","EasingDirection":"In"},"HumanoidRootPart":{"Weight":0,"CFrame":[0,0,0,1,0,0,0,1,0,0,0,1],"EasingStyle":"Linear","EasingDirection":"In"},"Head":{"Weight":1,"CFrame":[2.9802322387695315e-8,5.21540641784668e-8,0.016662120819091798,0.9996474385261536,0.009252569638192654,-0.02488693967461586,0.006361191160976887,0.8265587091445923,0.5628147125244141,0.025777943432331086,-0.5627745389938355,0.8262084126472473],"EasingStyle":"Linear","EasingDirection":"In"}}},{"Time":0.17374999821186067,"poses":{"Left Leg":{"Weight":1,"CFrame":[-0.830077052116394,0.9434641599655151,0.08461213111877442,0.9533767700195313,-0.2941785454750061,0.0673191174864769,0.29440170526504519,0.9556575417518616,0.006804651580750942,-0.06633582711219788,0.013331483118236065,0.9977083802223206],"EasingStyle":"Linear","EasingDirection":"In"},"Right Arm":{"Weight":1,"CFrame":[0.09367693960666657,-0.7171524167060852,0.028269648551940919,-0.7955805659294128,-0.6005693078041077,-0.07980124652385712,0.5629148483276367,-0.7814630270004273,0.269150972366333,-0.2240055799484253,0.16921009123325349,0.9597861766815186],"EasingStyle":"Linear","EasingDirection":"In"},"Left Arm":{"Weight":1,"CFrame":[-0.09495076537132263,-0.7142231464385986,-0.015429556369781495,-0.8154899477958679,0.5778708457946777,0.03227159380912781,-0.5467481017112732,-0.7874608635902405,0.28455570340156557,0.18984907865524293,0.2144078016281128,0.9581161737442017],"EasingStyle":"Linear","EasingDirection":"In"},"Right Leg":{"Weight":1,"CFrame":[0.5333983302116394,1.00548255443573,0.0056629180908203129,0.7711277604103088,-0.6365757584571838,0.011551056988537312,0.6366676688194275,0.7708696126937866,-0.020359450951218606,0.004056029953062534,0.023053865879774095,0.9997259974479675],"EasingStyle":"Linear","EasingDirection":"In"},"Torso":{"Weight":1,"CFrame":[0.0008025765419006348,0.018296480178833009,-0.6445364952087402,0.9443647861480713,-0.1996917575597763,0.2613394856452942,0.32815802097320559,0.6254160404205322,-0.7079315185546875,-0.022077839821577073,0.754306435585022,0.6561513543128967],"EasingStyle":"Linear","EasingDirection":"In"},"HumanoidRootPart":{"Weight":0,"CFrame":[0,0,0,1,0,0,0,1,0,0,0,1],"EasingStyle":"Linear","EasingDirection":"In"},"Head":{"Weight":1,"CFrame":[1.4901161193847657e-8,3.166496753692627e-7,0.016661763191223146,0.9996784329414368,0.010607399977743626,-0.02303701639175415,0.006945393979549408,0.7591122984886169,0.6509228348731995,0.024392202496528627,-0.6508733630180359,0.758794367313385],"EasingStyle":"Linear","EasingDirection":"In"}}},{"Time":0.2175000011920929,"poses":{"Left Leg":{"Weight":1,"CFrame":[-0.8522031903266907,0.9611579179763794,0.08522796630859375,0.9756367206573486,-0.20072488486766816,0.08855903148651123,0.20206017792224885,0.9793529510498047,-0.006289118900895119,-0.08546821027994156,0.024030113592743875,0.9960511326789856],"EasingStyle":"Linear","EasingDirection":"In"},"Right Arm":{"Weight":1,"CFrame":[0.09077367186546326,-0.7152104377746582,0.07041537761688233,-0.8417674899101257,-0.528118371963501,-0.11188670992851258,0.4985247254371643,-0.8399859666824341,0.21423520147800446,-0.20712482929229737,0.12455786019563675,0.970352828502655],"EasingStyle":"Linear","EasingDirection":"In"},"Left Arm":{"Weight":1,"CFrame":[-0.09582637250423432,-0.7116006016731262,0.010410308837890625,-0.8376442193984985,0.5432257652282715,0.05707912892103195,-0.5127218961715698,-0.8180046677589417,0.2607389986515045,0.18833114206790925,0.18914061784744264,0.9637205004692078],"EasingStyle":"Linear","EasingDirection":"In"},"Right Leg":{"Weight":1,"CFrame":[0.5035207271575928,1.0746986865997315,0.0008932352066040039,0.7358031272888184,-0.6771551370620728,0.007403441704809666,0.6771563291549683,0.7355989217758179,-0.018801961094141008,0.007285968400537968,0.01884780451655388,0.9997958540916443],"EasingStyle":"Linear","EasingDirection":"In"},"Torso":{"Weight":1,"CFrame":[-0.0005522370338439941,0.00927877426147461,-0.693474292755127,0.9435774087905884,-0.1879194974899292,0.27266839146614077,0.3306999206542969,0.5777429342269898,-0.7462242245674133,-0.01730215921998024,0.7942917346954346,0.6072901487350464],"EasingStyle":"Linear","EasingDirection":"In"},"HumanoidRootPart":{"Weight":0,"CFrame":[0,0,0,1,0,0,0,1,0,0,0,1],"EasingStyle":"Linear","EasingDirection":"In"},"Head":{"Weight":1,"CFrame":[1.30385160446167e-7,-1.30385160446167e-7,0.016662001609802247,0.9999145269393921,0.008560107089579106,-0.009890018962323666,-0.00041945604607462883,0.776712954044342,0.6298545598983765,0.013073356822133065,-0.6297965049743652,0.7766502499580383],"EasingStyle":"Linear","EasingDirection":"In"}}},{"Time":0.26083332300186159,"poses":{"Left Leg":{"Weight":1,"CFrame":[-0.849966287612915,0.9750284552574158,0.08088982105255127,0.9885156750679016,-0.10569576919078827,0.1080055832862854,0.10872337967157364,0.9938169121742249,-0.022522898390889169,-0.1049572229385376,0.03400707244873047,0.9938951134681702],"EasingStyle":"Linear","EasingDirection":"In"},"Right Arm":{"Weight":1,"CFrame":[0.07892124354839325,-0.6952577829360962,0.1190938949584961,-0.8585344552993774,-0.493986040353775,-0.13746458292007447,0.4719364047050476,-0.8660847544670105,0.16484327614307404,-0.2004862278699875,0.0766490027308464,0.9766935110092163],"EasingStyle":"Linear","EasingDirection":"In"},"Left Arm":{"Weight":1,"CFrame":[-0.09415844082832337,-0.6918779611587524,0.0657191276550293,-0.8459910750389099,0.5264546275138855,0.08452649414539337,-0.5004464387893677,-0.8386898636817932,0.21483179926872254,0.18399068713188172,0.13944461941719056,0.9729864001274109],"EasingStyle":"Linear","EasingDirection":"In"},"Right Leg":{"Weight":1,"CFrame":[0.4866776168346405,1.135152816772461,-0.0055999755859375,0.7204620242118836,-0.6934942603111267,-0.0006309165037237108,0.693389892578125,0.7203687429428101,-0.01671558991074562,0.012046747840940953,0.011605348438024521,0.9998601675033569],"EasingStyle":"Linear","EasingDirection":"In"},"Torso":{"Weight":1,"CFrame":[-0.0015734434127807618,0.00008296966552734375,-0.7249159812927246,0.9424874186515808,-0.18550679087638856,0.27803730964660647,0.3341173529624939,0.54558265209198,-0.7685734033584595,-0.009116764180362225,0.817267894744873,0.5761858820915222],"EasingStyle":"Linear","EasingDirection":"In"},"HumanoidRootPart":{"Weight":0,"CFrame":[0,0,0,1,0,0,0,1,0,0,0,1],"EasingStyle":"Linear","EasingDirection":"In"},"Head":{"Weight":1,"CFrame":[1.4156103134155274e-7,3.0919909477233889e-7,0.016662001609802247,0.9999323487281799,0.0069776540622115139,0.0093154925853014,-0.011115065775811673,0.8099050521850586,0.5864557027816773,-0.003452558536082506,-0.5865194201469421,0.8099277019500732],"EasingStyle":"Linear","EasingDirection":"In"}}},{"Time":0.30416667461395266,"poses":{"Left Leg":{"Weight":1,"CFrame":[-0.8373647928237915,0.9833428859710693,0.07511639595031738,0.9914190173149109,-0.023368103429675103,0.12861767411231996,0.028673168271780015,0.9988060593605042,-0.03955233842134476,-0.12753987312316895,0.042900823056697848,0.9909051656723023],"EasingStyle":"Linear","EasingDirection":"In"},"Right Arm":{"Weight":1,"CFrame":[0.06109018623828888,-0.646161675453186,0.16818571090698243,-0.8642058372497559,-0.47781968116760256,-0.1575969010591507,0.4625989496707916,-0.8777697682380676,0.12458931654691696,-0.19786500930786134,0.03476647287607193,0.9796125292778015],"EasingStyle":"Linear","EasingDirection":"In"},"Left Arm":{"Weight":1,"CFrame":[-0.08890058100223541,-0.6437022089958191,0.1324300765991211,-0.8488890528678894,0.5171424150466919,0.10932128876447678,-0.49744901061058047,-0.8515543937683106,0.1655288189649582,0.17869485914707185,0.08613362163305283,0.9801270961761475],"EasingStyle":"Linear","EasingDirection":"In"},"Right Leg":{"Weight":1,"CFrame":[0.47620436549186709,1.1843962669372559,-0.011770009994506836,0.7143626809120178,-0.6997199058532715,-0.00883608590811491,0.6995757818222046,0.7144034504890442,-0.014882875606417656,0.016726482659578325,0.004450263921171427,0.9998502135276794],"EasingStyle":"Linear","EasingDirection":"In"},"Torso":{"Weight":1,"CFrame":[-0.002187788486480713,-0.007968425750732422,-0.745887041091919,0.9414322972297669,-0.18663664162158967,0.2808416485786438,0.3372008800506592,0.5233467817306519,-0.782562255859375,-0.0009227832779288292,0.8314295411109924,0.5556296110153198],"EasingStyle":"Linear","EasingDirection":"In"},"HumanoidRootPart":{"Weight":0,"CFrame":[0,0,0,1,0,0,0,1,0,0,0,1],"EasingStyle":"Linear","EasingDirection":"In"},"Head":{"Weight":1,"CFrame":[-6.28642737865448e-8,5.21540641784668e-8,0.0166623592376709,0.9995949864387512,0.007194936741143465,0.027536800131201745,-0.02093043364584446,0.8414530754089356,0.539924681186676,-0.019286269322037698,-0.5402822494506836,0.8412628173828125],"EasingStyle":"Linear","EasingDirection":"In"}}},{"Time":0.3479166626930237,"poses":{"Left Leg":{"Weight":1,"CFrame":[-0.8206249475479126,0.9847228527069092,0.07035934925079346,0.9877716302871704,0.021053774282336236,0.15447956323623658,-0.013007648289203644,0.9985144138336182,-0.05291292816400528,-0.15536417067050935,0.050256501883268359,0.986578106880188],"EasingStyle":"Linear","EasingDirection":"In"},"Right Arm":{"Weight":1,"CFrame":[0.038169801235198978,-0.5546048879623413,0.2135305404663086,-0.8647867441177368,-0.473213791847229,-0.16796603798866273,0.4618130028247833,-0.8808609843254089,0.10398372262716294,-0.1971612423658371,0.012354704551398754,0.9802932739257813],"EasingStyle":"Linear","EasingDirection":"In"},"Left Arm":{"Weight":1,"CFrame":[-0.07851320505142212,-0.5538687705993652,0.1996535062789917,-0.849188506603241,0.5131222009658814,0.12483769655227661,-0.49880337715148928,-0.8569905757904053,0.12947002053260804,0.17341859638690949,0.04767473042011261,0.9836936593055725],"EasingStyle":"Linear","EasingDirection":"In"},"Right Leg":{"Weight":1,"CFrame":[0.47197872400283816,1.209808111190796,-0.015223145484924317,0.7132903933525086,-0.7007370591163635,-0.01358640193939209,0.700599193572998,0.7134196162223816,-0.01390075497329235,0.019433684647083284,0.0003965918440371752,0.999811053276062],"EasingStyle":"Linear","EasingDirection":"In"},"Torso":{"Weight":1,"CFrame":[-0.0024071335792541506,-0.012369871139526368,-0.7551727294921875,0.9408230781555176,-0.18821580708026887,0.28182753920555117,0.3388770818710327,0.5132037401199341,-0.7885329723358154,0.0037794203963130714,0.8373749256134033,0.5466159582138062],"EasingStyle":"Linear","EasingDirection":"In"},"HumanoidRootPart":{"Weight":0,"CFrame":[0,0,0,1,0,0,0,1,0,0,0,1],"EasingStyle":"Linear","EasingDirection":"In"},"Head":{"Weight":1,"CFrame":[1.51805579662323e-7,1.564621925354004e-7,0.016662120819091798,0.9992599487304688,0.008034770376980305,0.037617988884449008,-0.026180682703852655,0.8585426211357117,0.5120735168457031,-0.028182292357087137,-0.5126794576644898,0.8581175208091736],"EasingStyle":"Linear","EasingDirection":"In"}}},{"Time":0.39125001430511477,"poses":{"Left Leg":{"Weight":1,"CFrame":[-0.8750937581062317,0.20005154609680177,0.06655716896057129,0.5575670003890991,-0.807206392288208,0.19374454021453858,0.8079948425292969,0.5812497138977051,0.0964009165763855,-0.19042938947677613,0.10279471427202225,0.976304292678833],"EasingStyle":"Linear","EasingDirection":"In"},"Right Arm":{"Weight":1,"CFrame":[-0.0076871514320373539,-0.3648121953010559,0.24790966510772706,0.159900963306427,-0.9869610071182251,-0.01843206025660038,0.9765908122062683,0.15544405579566956,0.14868657290935517,-0.14388272166252137,-0.041775669902563098,0.9887126684188843],"EasingStyle":"Linear","EasingDirection":"In"},"Left Arm":{"Weight":1,"CFrame":[-0.04449129104614258,-0.3651524782180786,0.2542104721069336,0.23429211974143983,0.9720943570137024,-0.011824259534478188,-0.9594919085502625,0.23317794501781465,0.1581244319677353,0.1564689576625824,-0.025702185928821565,0.9873484969139099],"EasingStyle":"Linear","EasingDirection":"In"},"Right Leg":{"Weight":1,"CFrame":[0.496708482503891,0.3614426851272583,-0.011137723922729493,0.9041126370429993,-0.4270963966846466,-0.013003949075937271,0.42683979868888857,0.9041358232498169,-0.018606020137667657,0.019703930243849756,0.011271307244896889,0.999742329120636],"EasingStyle":"Linear","EasingDirection":"In"},"Torso":{"Weight":1,"CFrame":[0.04736638069152832,-0.11422193050384522,-0.24536943435668946,0.9402082562446594,-0.2864095866680145,0.18433111906051637,0.34047752618789675,0.8048520088195801,-0.4860948920249939,-0.009137059561908245,0.5197910666465759,0.854244589805603],"EasingStyle":"Linear","EasingDirection":"In"},"HumanoidRootPart":{"Weight":0,"CFrame":[0,0,0,1,0,0,0,1,0,0,0,1],"EasingStyle":"Linear","EasingDirection":"In"},"Head":{"Weight":1,"CFrame":[9.685754776000977e-8,3.501772880554199e-7,0.01666271686553955,0.9999622702598572,0.003524752799421549,0.00794002041220665,-0.005065698176622391,0.9790973663330078,0.20332956314086915,-0.007057382725179195,-0.20336219668388368,0.9790782332420349],"EasingStyle":"Linear","EasingDirection":"In"}}},{"Time":0.4345833361148834,"poses":{"Left Leg":{"Weight":1,"CFrame":[-0.42637473344802859,-0.5002908706665039,0.07784175872802735,-0.3876405954360962,-0.9165945053100586,0.09792468696832657,0.9023844599723816,-0.3556305468082428,0.2433704137802124,-0.18824699521064759,0.1827060729265213,0.9649775624275208],"EasingStyle":"Linear","EasingDirection":"In"},"Right Arm":{"Weight":1,"CFrame":[-0.015726514160633088,-0.07010248303413391,0.26812028884887698,0.9813926219940186,-0.17443110048770905,0.08026406168937683,0.1796433925628662,0.9817097187042236,-0.06304197758436203,-0.06779955327510834,0.07628776133060456,0.9947781562805176],"EasingStyle":"Linear","EasingDirection":"In"},"Left Arm":{"Weight":1,"CFrame":[-0.043265752494335178,-0.07784801721572876,0.2817796468734741,0.9946085810661316,0.0651363655924797,-0.08069151639938355,-0.0650794580578804,0.9978744983673096,0.003336716443300247,0.08073726296424866,0.001932333456352353,0.9967336058616638],"EasingStyle":"Linear","EasingDirection":"In"},"Right Leg":{"Weight":1,"CFrame":[-0.00603707879781723,-0.31277501583099368,-0.01237952709197998,0.9923599362373352,-0.08471141010522843,0.08969824761152268,0.07602984458208084,0.992459774017334,0.09614074975252152,-0.09716612100601196,-0.08858653903007508,0.9913179874420166],"EasingStyle":"Linear","EasingDirection":"In"},"Torso":{"Weight":1,"CFrame":[0.07138234376907349,-0.1418798565864563,0.32047295570373537,0.9443647861480713,-0.3257633447647095,0.04531404376029968,0.32815805077552798,0.9424974918365479,-0.06333044916391373,-0.022077634930610658,0.07467720657587052,0.9969633221626282],"EasingStyle":"Linear","EasingDirection":"In"},"HumanoidRootPart":{"Weight":0,"CFrame":[0,0,0,1,0,0,0,1,0,0,0,1],"EasingStyle":"Linear","EasingDirection":"In"},"Head":{"Weight":1,"CFrame":[1.1920928955078126e-7,1.862645149230957e-8,0.016662240028381349,0.9997794032096863,0.012868385761976242,-0.016604460775852205,-0.012892983853816986,0.9999160170555115,-0.0013728152262046934,0.016585417091846467,0.00158658844884485,0.9998612403869629],"EasingStyle":"Linear","EasingDirection":"In"}}},{"Time":0.47833332419395449,"poses":{"Left Leg":{"Weight":1,"CFrame":[-0.14425764977931977,-0.34955668449401858,0.033818721771240237,0.6178370118141174,-0.6639919281005859,0.42117971181869509,0.6603394150733948,0.7289466857910156,0.18052278459072114,-0.4268832504749298,0.1665879338979721,0.8888301849365234],"EasingStyle":"Linear","EasingDirection":"In"},"Right Arm":{"Weight":1,"CFrame":[-0.07861632853746414,0.37934380769729617,0.2447645664215088,-0.0763857290148735,-0.9968602657318115,0.020856572315096856,0.9045803546905518,-0.07808295637369156,-0.41909146308898928,0.41940417885780337,-0.013146208599209786,0.9077044725418091],"EasingStyle":"Linear","EasingDirection":"In"},"Left Arm":{"Weight":1,"CFrame":[0.029515568166971208,0.3599039316177368,0.2606239318847656,0.021828891709446908,0.9823035001754761,0.18601973354816438,-0.9660108685493469,0.068661168217659,-0.24921640753746034,-0.2575785219669342,-0.17425711452960969,0.9504145979881287],"EasingStyle":"Linear","EasingDirection":"In"},"Right Leg":{"Weight":1,"CFrame":[0.3586537837982178,-0.21850430965423585,-0.07195413112640381,0.8936655521392822,0.04834631830453873,0.4461217522621155,-0.19924691319465638,0.9335528016090393,0.29795950651168826,-0.40207281708717348,-0.35516446828842165,0.8439168930053711],"EasingStyle":"Linear","EasingDirection":"In"},"Torso":{"Weight":1,"CFrame":[0.034476447850465778,-0.156084805727005,0.5856935977935791,0.9853125810623169,-0.17051970958709718,0.009065457619726658,0.17075364291667939,0.984359085559845,-0.04336528852581978,-0.0015290273586288095,0.04427632316946983,0.9990182518959045],"EasingStyle":"Linear","EasingDirection":"In"},"HumanoidRootPart":{"Weight":0,"CFrame":[0,0,0,1,0,0,0,1,0,0,0,1],"EasingStyle":"Linear","EasingDirection":"In"},"Head":{"Weight":1,"CFrame":[9.231735020875931e-8,-1.367880031466484e-8,0.016662120819091798,0.999812126159668,0.00787370651960373,0.017710711807012559,-0.012680557556450367,0.956795334815979,0.2904855012893677,-0.014658370986580849,-0.29065555334091189,0.95671546459198],"EasingStyle":"Linear","EasingDirection":"In"}}},{"Time":0.5216666460037231,"poses":{"Left Leg":{"Weight":1,"CFrame":[0.0046363454312086109,-0.12787532806396485,-0.006231427192687988,0.7217234969139099,0.3806174695491791,0.5781397223472595,-0.45048099756240847,0.8924311399459839,-0.02517070062458515,-0.5255303382873535,-0.24227464199066163,0.8155494928359985],"EasingStyle":"Linear","EasingDirection":"In"},"Right Arm":{"Weight":1,"CFrame":[-0.06450897455215454,0.715496301651001,0.20618140697479249,-0.9392339587211609,-0.01164769846946001,0.34307998418807986,-0.1872117817401886,-0.8203355073928833,-0.5403716564178467,0.2877346873283386,-0.5717639923095703,0.7683063745498657],"EasingStyle":"Linear","EasingDirection":"In"},"Left Arm":{"Weight":1,"CFrame":[0.026315683498978616,0.6773771047592163,0.2322063446044922,-0.9988428354263306,-0.006480461917817593,-0.047654930502176288,0.03318371623754501,-0.8100894689559937,-0.5853663682937622,-0.0348113477230072,-0.5862705707550049,0.8093672394752502],"EasingStyle":"Linear","EasingDirection":"In"},"Right Leg":{"Weight":1,"CFrame":[0.8384453058242798,-0.09528243541717529,-0.24050790071487428,0.6550683379173279,0.25218015909194949,0.7122434377670288,-0.6161019206047058,0.7239636182785034,0.3103146255016327,-0.4373830556869507,-0.6420918703079224,0.6296142339706421],"EasingStyle":"Linear","EasingDirection":"In"},"Torso":{"Weight":1,"CFrame":[-0.0016068778932094575,-0.16935408115386964,0.7121789455413818,0.9996455907821655,-0.018713325262069703,-0.018935250118374826,0.01787221059203148,0.99888676404953,-0.04365566372871399,0.01973111554980278,0.0433017760515213,0.9988671541213989],"EasingStyle":"Linear","EasingDirection":"In"},"HumanoidRootPart":{"Weight":0,"CFrame":[0,0,0,1,0,0,0,1,0,0,0,1],"EasingStyle":"Linear","EasingDirection":"In"},"Head":{"Weight":1,"CFrame":[9.080395102500916e-8,-3.474997356534004e-8,0.0166623592376709,0.9997102618217468,-0.008817268535494805,0.022400321438908578,-0.004985722713172436,0.8344984650611877,0.5509877800941467,-0.023551207035779954,-0.5509398579597473,0.8342126607894898],"EasingStyle":"Linear","EasingDirection":"In"}}},{"Time":0.565416693687439,"poses":{"Left Leg":{"Weight":1,"CFrame":[0.028383594006299974,-0.06066584587097168,0.006530165672302246,0.7171916365623474,0.36196932196617129,0.5954949855804443,-0.4643699824810028,0.8853902220726013,0.021088657900691034,-0.5196120142936707,-0.2916546165943146,0.8030821681022644],"EasingStyle":"Linear","EasingDirection":"In"},"Right Arm":{"Weight":1,"CFrame":[-0.06696911156177521,0.7924859523773193,0.22425520420074464,-0.907593846321106,-0.0759049654006958,0.41293057799339297,-0.22106976807117463,-0.749739408493042,-0.6237138509750366,0.3569334149360657,-0.6573654413223267,0.6636787056922913],"EasingStyle":"Linear","EasingDirection":"In"},"Left Arm":{"Weight":1,"CFrame":[0.028447944670915605,0.751778244972229,0.2404651641845703,-0.9904316067695618,-0.11820217221975327,-0.07122964411973953,0.13476328551769257,-0.7171673774719238,-0.683746874332428,0.029736755415797235,-0.6868036389350891,0.7262346148490906],"EasingStyle":"Linear","EasingDirection":"In"},"Right Leg":{"Weight":1,"CFrame":[1.0606310367584229,-0.2597450017929077,-0.1900530457496643,0.44627416133880618,0.5387962460517883,0.7145194411277771,-0.8615474104881287,0.474615216255188,0.18021273612976075,-0.24202384054660798,-0.6960166692733765,0.6760069727897644],"EasingStyle":"Linear","EasingDirection":"In"},"Torso":{"Weight":1,"CFrame":[0.015345349907875061,-0.19740866124629975,0.8242082595825195,0.9994332194328308,-0.030675441026687623,-0.013870252296328545,0.029960155487060548,0.9983429312705994,-0.04913054034113884,0.015354372560977936,0.04868713766336441,0.9986960291862488],"EasingStyle":"Linear","EasingDirection":"In"},"HumanoidRootPart":{"Weight":0,"CFrame":[0,0,0,1,0,0,0,1,0,0,0,1],"EasingStyle":"Linear","EasingDirection":"In"},"Head":{"Weight":1,"CFrame":[9.872019290924072e-8,1.4944816939532758e-8,0.01666247844696045,0.9993667006492615,0.005295729264616966,0.03518777713179588,-0.028096262365579606,0.7242555022239685,0.6889589428901672,-0.021836306899785997,-0.6895113587379456,0.7239457368850708],"EasingStyle":"Linear","EasingDirection":"In"}}},{"Time":0.6087499856948853,"poses":{"Left Leg":{"Weight":1,"CFrame":[0.05816280096769333,-0.05822408199310303,0.03956890106201172,0.7180411219596863,0.3408004343509674,0.6068543195724487,-0.48765167593955996,0.8684608936309815,0.08928365260362625,-0.4966011941432953,-0.36004284024238589,0.7897825241088867],"EasingStyle":"Linear","EasingDirection":"In"},"Right Arm":{"Weight":1,"CFrame":[-0.06889532506465912,0.8203859329223633,0.2614560127258301,-0.8792998194694519,-0.14082057774066926,0.4549741744995117,-0.22731834650039674,-0.7153668403625488,-0.6607391834259033,0.4185190200805664,-0.6844121217727661,0.5970110893249512],"EasingStyle":"Linear","EasingDirection":"In"},"Left Arm":{"Weight":1,"CFrame":[0.028219694271683694,0.7797039747238159,0.2601085901260376,-0.9837157130241394,-0.17036311328411103,-0.057270392775535586,0.1580859124660492,-0.6685384511947632,-0.7266809344291687,0.08551210910081864,-0.7239011526107788,0.684583842754364],"EasingStyle":"Linear","EasingDirection":"In"},"Right Leg":{"Weight":1,"CFrame":[1.1398582458496094,-0.41554391384124758,-0.07332378625869751,0.21517354249954225,0.7464995384216309,0.629633903503418,-0.9723791480064392,0.2234809696674347,0.06734355539083481,-0.09043917059898377,-0.6267333626747131,0.7739676833152771],"EasingStyle":"Linear","EasingDirection":"In"},"Torso":{"Weight":1,"CFrame":[0.04382563382387161,-0.23365727066993714,0.917405366897583,0.998595654964447,-0.05280596762895584,-0.004290081560611725,0.05246073380112648,0.9968708753585815,-0.05913066864013672,0.007399109657853842,0.05882256478071213,0.998241126537323],"EasingStyle":"Linear","EasingDirection":"In"},"HumanoidRootPart":{"Weight":0,"CFrame":[0,0,0,1,0,0,0,1,0,0,0,1],"EasingStyle":"Linear","EasingDirection":"In"},"Head":{"Weight":1,"CFrame":[8.66129994392395e-8,-2.9103830456733705e-8,0.0166623592376709,0.998309314250946,0.027736566960811616,0.051080476492643359,-0.05658470094203949,0.6647322177886963,0.7449356913566589,-0.013292883522808552,-0.746566653251648,0.6651778817176819],"EasingStyle":"Linear","EasingDirection":"In"}}},{"Time":0.6520833373069763,"poses":{"Left Leg":{"Weight":1,"CFrame":[0.07855077087879181,-0.0703808069229126,0.0720142126083374,0.7156791090965271,0.32843339443206789,0.6163886189460754,-0.49872833490371706,0.8581564426422119,0.12180980294942856,-0.4889514446258545,-0.3945871591567993,0.7779636979103088],"EasingStyle":"Linear","EasingDirection":"In"},"Right Arm":{"Weight":1,"CFrame":[-0.06939186900854111,0.8271899223327637,0.2820296287536621,-0.8665870428085327,-0.19285032153129579,0.46025630831718447,-0.20254194736480714,-0.7069993615150452,-0.6775902509689331,0.4560743570327759,-0.680412232875824,0.5736162662506104],"EasingStyle":"Linear","EasingDirection":"In"},"Left Arm":{"Weight":1,"CFrame":[0.029574638232588769,0.7839049100875855,0.2710435390472412,-0.9813513159751892,-0.18720372021198274,-0.043640248477458957,0.15796898305416108,-0.6560604572296143,-0.7379908561706543,0.10952392965555191,-0.7311220765113831,0.6733981370925903],"EasingStyle":"Linear","EasingDirection":"In"},"Right Leg":{"Weight":1,"CFrame":[1.145365595817566,-0.5250822305679321,-0.0014289021492004395,-0.005021827761083841,0.8300743103027344,0.5576302409172058,-0.9997135400772095,-0.01721928082406521,0.016629142686724664,0.02340550348162651,-0.5573868155479431,0.8299229145050049],"EasingStyle":"Linear","EasingDirection":"In"},"Torso":{"Weight":1,"CFrame":[0.06452471017837525,-0.24966442584991456,0.9562938213348389,0.9979062080383301,-0.06467022001743317,0.0009592254064045847,0.06459756940603256,0.9958297610282898,-0.06442225724458695,0.003210975555703044,0.06434933096170426,0.9979223608970642],"EasingStyle":"Linear","EasingDirection":"In"},"HumanoidRootPart":{"Weight":0,"CFrame":[0,0,0,1,0,0,0,1,0,0,0,1],"EasingStyle":"Linear","EasingDirection":"In"},"Head":{"Weight":1,"CFrame":[8.381903171539307e-8,1.3853423297405243e-8,0.016661405563354493,0.9975424408912659,0.04019322618842125,0.05739101022481918,-0.06975067406892777,0.6472680568695068,0.7590644955635071,-0.006638151127845049,-0.7612021565437317,0.6484807729721069],"EasingStyle":"Linear","EasingDirection":"In"}}},{"Time":0.6958333253860474,"poses":{"Left Leg":{"Weight":1,"CFrame":[0.08016015589237213,-0.06953954696655274,0.08262753486633301,0.7409093379974365,0.2611919343471527,0.6187343001365662,-0.41709157824516299,0.9010282158851624,0.1190909817814827,-0.5263915657997131,-0.3463045656681061,0.7765213251113892],"EasingStyle":"Linear","EasingDirection":"In"},"Right Arm":{"Weight":1,"CFrame":[-0.06745894998311997,0.8396091461181641,0.21368300914764405,-0.8675268292427063,-0.22417709231376649,0.4440067708492279,-0.15656666457653047,-0.7242166996002197,-0.6715629696846008,0.47210603952407839,-0.6521157026290894,0.593178927898407],"EasingStyle":"Linear","EasingDirection":"In"},"Left Arm":{"Weight":1,"CFrame":[0.03472426161170006,0.7883889675140381,0.24529099464416505,-0.9803717136383057,-0.18995901942253114,-0.05279093235731125,0.16969901323318482,-0.6767112612724304,-0.7164245247840881,0.10036703199148178,-0.7113209962844849,0.6956644654273987],"EasingStyle":"Linear","EasingDirection":"In"},"Right Leg":{"Weight":1,"CFrame":[1.155898094177246,-0.5836517810821533,0.013399720191955567,-0.17747798562049867,0.8100689053535461,0.5588290691375732,-0.9747405052185059,-0.22292721271514893,0.013584528118371964,0.13558268547058106,-0.5423024296760559,0.8291716575622559],"EasingStyle":"Linear","EasingDirection":"In"},"Torso":{"Weight":1,"CFrame":[0.06238184869289398,-0.24293458461761475,0.9172422885894775,0.9978484511375427,-0.06468343734741211,-0.010700810700654984,0.0638536736369133,0.9958291053771973,-0.06516949832439423,0.014871564693748951,0.06434599310159683,0.9978168606758118],"EasingStyle":"Linear","EasingDirection":"In"},"HumanoidRootPart":{"Weight":0,"CFrame":[0,0,0,1,0,0,0,1,0,0,0,1],"EasingStyle":"Linear","EasingDirection":"In"},"Head":{"Weight":1,"CFrame":[8.568167686462403e-8,2.584420144557953e-8,0.01666247844696045,0.9983522295951843,0.020687123760581018,0.053524646908044818,-0.05424642562866211,0.6444114446640015,0.7627524733543396,-0.018712742254137994,-0.7643991112709045,0.6444717645645142],"EasingStyle":"Linear","EasingDirection":"In"}}},{"Time":0.7391666769981384,"poses":{"Left Leg":{"Weight":1,"CFrame":[0.07258352637290955,-0.0209810733795166,0.08487594127655029,0.7865817546844482,0.12318791449069977,0.6050735712051392,-0.22399306297302247,0.9700773358345032,0.09368614852428436,-0.5754270553588867,-0.20922406017780305,0.7906383275985718],"EasingStyle":"Linear","EasingDirection":"In"},"Right Arm":{"Weight":1,"CFrame":[-0.05987105518579483,0.8783097267150879,0.05175518989562988,-0.8691339492797852,-0.19863051176071168,0.4529372453689575,-0.09134514629840851,-0.8355833292007446,-0.5417163372039795,0.4860682189464569,-0.5121976733207703,0.7080898880958557],"EasingStyle":"Linear","EasingDirection":"In"},"Left Arm":{"Weight":1,"CFrame":[0.03869763761758804,0.8204314708709717,0.06545352935791016,-0.9794230461120606,-0.19600172340869904,-0.04810350015759468,0.18828652799129487,-0.8016113042831421,-0.5674217343330383,0.07265525311231613,-0.5648032426834106,0.8220211863517761],"EasingStyle":"Linear","EasingDirection":"In"},"Right Leg":{"Weight":1,"CFrame":[1.1443136930465699,-0.43702149391174319,0.025559663772583009,-0.2411162257194519,0.794299304485321,0.5576303601264954,-0.9489542841911316,-0.3133500814437866,0.03601929917931557,0.2033437341451645,-0.5204808712005615,0.8293075561523438],"EasingStyle":"Linear","EasingDirection":"In"},"Torso":{"Weight":1,"CFrame":[0.05739310383796692,-0.2328856736421585,0.6477551460266113,0.9976562261581421,-0.06467016041278839,-0.02236134558916092,0.06307436525821686,0.9958297610282898,-0.06591427326202393,0.026530785486102105,0.06434934586286545,0.9975746870040894],"EasingStyle":"Linear","EasingDirection":"In"},"HumanoidRootPart":{"Weight":0,"CFrame":[0,0,0,1,0,0,0,1,0,0,0,1],"EasingStyle":"Linear","EasingDirection":"In"},"Head":{"Weight":1,"CFrame":[9.313225746154785e-8,6.641494110226631e-8,0.01666247844696045,0.9993368983268738,-0.01096040103584528,0.034723587334156039,-0.019942600280046464,0.6331301331520081,0.7737885117530823,-0.030465472489595414,-0.7739678621292114,0.6324917078018189],"EasingStyle":"Linear","EasingDirection":"In"}}},{"Time":0.7825000286102295,"poses":{"Left Leg":{"Weight":1,"CFrame":[0.06650763750076294,-0.04792368412017822,0.09217381477355957,0.8023389577865601,-0.0032688449136912824,0.5968598127365112,0.0027284997049719097,0.999994695186615,0.0018088060896843672,-0.5968625545501709,0.0001772884133970365,0.8023434281349182],"EasingStyle":"Linear","EasingDirection":"In"},"Right Arm":{"Weight":1,"CFrame":[-0.0426822155714035,0.9229426383972168,-0.07015091180801392,-0.891692042350769,0.09249299019575119,0.4430919289588928,-0.12424624711275101,-0.9913147687911987,-0.043105486780405048,0.43525657057762148,-0.09348943084478378,0.8954392671585083],"EasingStyle":"Linear","EasingDirection":"In"},"Left Arm":{"Weight":1,"CFrame":[0.047649484127759936,0.9892318248748779,-0.212327778339386,-0.975741982460022,-0.2096986323595047,-0.06288142502307892,0.21806316077709199,-0.9563930630683899,-0.19432146847248078,-0.019390417262911798,-0.20331993699073792,0.9789203405380249],"EasingStyle":"Linear","EasingDirection":"In"},"Right Leg":{"Weight":1,"CFrame":[-0.044567909091711047,0.003478705883026123,0.26544666290283205,0.8074812889099121,-0.00725297536700964,-0.5898486375808716,0.027630768716335298,0.9992920160293579,0.02553783357143402,0.5892458558082581,-0.036919355392456058,0.8071098923683167],"EasingStyle":"Linear","EasingDirection":"In"},"Torso":{"Weight":1,"CFrame":[0.06010274216532707,-0.21030983328819276,0.03236508369445801,0.9977411031723023,-0.06460743397474289,-0.018400700762867929,0.06290744990110398,0.9946891665458679,-0.08146311342716217,0.023566100746393205,0.08012156933546066,0.9965065121650696],"EasingStyle":"Linear","EasingDirection":"In"},"HumanoidRootPart":{"Weight":0,"CFrame":[0,0,0,1,0,0,0,1,0,0,0,1],"EasingStyle":"Linear","EasingDirection":"In"},"Head":{"Weight":1,"CFrame":[8.381903171539307e-8,1.1408701539039612e-8,0.016662001609802247,0.9995638728141785,-0.024023430421948434,0.017179276794195176,-0.0006194275920279324,0.5644993185997009,0.8254333734512329,-0.029527587816119195,-0.82508385181427,0.5642381310462952],"EasingStyle":"Linear","EasingDirection":"In"}}},{"Time":0.8262500166893005,"poses":{"Left Leg":{"Weight":1,"CFrame":[-0.18969067931175233,0.5776371955871582,0.37915468215942385,0.7324323654174805,-0.10982152819633484,0.6719242334365845,0.2061992734670639,0.976335883140564,-0.06519237905740738,-0.648864209651947,0.18629929423332215,0.7377451062202454],"EasingStyle":"Linear","EasingDirection":"In"},"Right Arm":{"Weight":1,"CFrame":[-0.2742999792098999,0.3536129593849182,0.5696382522583008,0.7852153182029724,-0.2960224449634552,0.5438820719718933,-0.5672284364700317,0.00844474695622921,0.8235172629356384,-0.24837248027324677,-0.9551436305046082,-0.16128142178058625],"EasingStyle":"Linear","EasingDirection":"In"},"Left Arm":{"Weight":1,"CFrame":[0.37049493193626406,0.569064736366272,0.42030346393585207,0.5431878566741943,-0.2137332558631897