{"Sequence":[{"Time":0,"poses":{"Left Leg":{"Weight":1,"CFrame":[-0.13506078720092774,0.014212548732757569,0.000019550323486328126,0.989160418510437,0.1466585397720337,-0.007281254045665264,-0.14683400094509126,0.9883270859718323,-0.04061247035861015,0.0012402123538777233,0.041241344064474109,0.999148428440094],"EasingStyle":"Linear","EasingDirection":"In"},"Right Arm":{"Weight":1,"CFrame":[0.1294151246547699,0.27531296014785769,0.3729689121246338,-0.31934240460395815,-0.4693319797515869,-0.8232544660568237,0.9431895613670349,-0.07332523912191391,-0.3240632712841034,0.09172789007425308,-0.8799721002578735,0.46608495712280276],"EasingStyle":"Linear","EasingDirection":"In"},"Head":{"Weight":1,"CFrame":[-1.4901161193847657e-8,5.587935447692871e-8,0,0.6869115829467773,0.7180575132369995,0.1120087280869484,-0.6897885203361511,0.6927147507667542,-0.21056659519672395,-0.22878901660442353,0.06737824529409409,0.971141517162323],"EasingStyle":"Linear","EasingDirection":"In"},"Right Leg":{"Weight":1,"CFrame":[0.6547060012817383,0.011682271957397461,-0.04041105508804321,0.7297276258468628,0.6773423552513123,0.09330015629529953,-0.6682930588722229,0.6777328252792358,0.3066965639591217,0.14450611174106599,-0.28615662455558779,0.9472235441207886],"EasingStyle":"Linear","EasingDirection":"In"},"Torso":{"Weight":1,"CFrame":[-0.05817931890487671,0.028746508061885835,-0.2062525749206543,0.6830407977104187,-0.6951820254325867,-0.22400309145450593,0.7186115980148315,0.6944827437400818,0.03593304380774498,0.13058629631996156,-0.1855149269104004,0.9739258289337158],"EasingStyle":"Linear","EasingDirection":"In"},"HumanoidRootPart":{"Weight":0,"CFrame":[0,0,0,1,0,0,0,1,0,0,0,1],"EasingStyle":"Linear","EasingDirection":"In"},"Left Arm":{"Weight":1,"CFrame":[-0.23502466082572938,0.23498386144638062,0.17648684978485108,-0.7596856355667114,0.31837034225463869,0.5670256614685059,-0.40508368611335757,-0.9137989282608032,-0.02964526228606701,0.5087092518806458,-0.25221389532089236,0.8231664896011353],"EasingStyle":"Linear","EasingDirection":"In"}}},{"Time":0.03333333507180214,"poses":{"Left Leg":{"Weight":1,"CFrame":[-0.08345067501068115,-0.0023484230041503908,-0.0002244114875793457,0.9848019480705261,0.17352613806724549,-0.007340932264924049,-0.1736811250448227,0.9838326573371887,-0.04368484765291214,-0.0003582760691642761,0.04429588094353676,0.9990183711051941],"EasingStyle":"Linear","EasingDirection":"In"},"Right Arm":{"Weight":1,"CFrame":[0.1309279203414917,0.27086567878723147,0.3712199926376343,-0.3202863931655884,-0.4736519753932953,-0.8204087615013123,0.9428471922874451,-0.07531909644603729,-0.3246016204357147,0.09195566922426224,-0.8774855136871338,0.47070521116256716],"EasingStyle":"Linear","EasingDirection":"In"},"Head":{"Weight":1,"CFrame":[5.21540641784668e-8,-3.725290298461914e-9,1.1920928955078126e-7,0.6893259882926941,0.7163811922073364,0.1078323945403099,-0.6904810070991516,0.6947290301322937,-0.2014637440443039,-0.21923908591270448,0.06441795080900192,0.973542332649231],"EasingStyle":"Linear","EasingDirection":"In"},"Right Leg":{"Weight":1,"CFrame":[0.6448578834533691,0.011506199836730957,-0.039388298988342288,0.7321715950965881,0.6746426224708557,0.09371218830347061,-0.6656341552734375,0.6795483827590942,0.30845630168914797,0.14441585540771485,-0.28822100162506106,0.9466111660003662],"EasingStyle":"Linear","EasingDirection":"In"},"Torso":{"Weight":1,"CFrame":[-0.057088494300842288,0.028773002326488496,-0.1994924545288086,0.6826953291893005,-0.6948750615119934,-0.2259995937347412,0.7186922430992127,0.694397509098053,0.035966165363788608,0.13194157183170319,-0.18697808682918549,0.973463237285614],"EasingStyle":"Linear","EasingDirection":"In"},"HumanoidRootPart":{"Weight":0,"CFrame":[0,0,0,1,0,0,0,1,0,0,0,1],"EasingStyle":"Linear","EasingDirection":"In"},"Left Arm":{"Weight":1,"CFrame":[-0.23601579666137696,0.24039143323898316,0.17655181884765626,-0.7588686347007752,0.3213704824447632,0.5664268136024475,-0.408051073551178,-0.9124994874000549,-0.028965147212147714,0.5075556635856628,-0.2531118392944336,0.8236029148101807],"EasingStyle":"Linear","EasingDirection":"In"}}},{"Time":0.06666667014360428,"poses":{"Left Leg":{"Weight":1,"CFrame":[-0.12651532888412476,0.005773067474365234,-0.000015854835510253907,0.9898245930671692,0.14210064709186555,-0.007396632805466652,-0.14229293167591096,0.9885738492012024,-0.04974634200334549,0.00024307510466314852,0.05029264837503433,0.9987345337867737],"EasingStyle":"Linear","EasingDirection":"In"},"Right Arm":{"Weight":1,"CFrame":[0.1343027651309967,0.26108086109161379,0.36737287044525149,-0.3223530054092407,-0.48405417799949648,-0.8134985566139221,0.941983163356781,-0.07907689362764359,-0.326212614774704,0.09357555210590363,-0.871457576751709,0.48146164417266848],"EasingStyle":"Linear","EasingDirection":"In"},"Head":{"Weight":1,"CFrame":[5.960464477539063e-8,1.1175870895385743e-8,-2.384185791015625e-7,0.6951109766960144,0.7122202515602112,0.09779147803783417,-0.6915527582168579,0.6996145844459534,-0.17970626056194306,-0.1964067667722702,0.05728783458471298,0.9788476228713989],"EasingStyle":"Linear","EasingDirection":"In"},"Right Leg":{"Weight":1,"CFrame":[0.6482778191566467,0.010262131690979004,-0.038888514041900638,0.7253466844558716,0.6818432807922363,0.09466714411973953,-0.6714887022972107,0.670540988445282,0.3154008984565735,0.15157580375671388,-0.2923429310321808,0.9442247748374939],"EasingStyle":"Linear","EasingDirection":"In"},"Torso":{"Weight":1,"CFrame":[-0.05364102125167847,0.028946779668331147,-0.2045888900756836,0.6819490194320679,-0.6941452026367188,-0.23045170307159425,0.7188578248023987,0.6942148208618164,0.03618338704109192,0.13486644625663758,-0.19033721089363099,0.9724109172821045],"EasingStyle":"Linear","EasingDirection":"In"},"HumanoidRootPart":{"Weight":0,"CFrame":[0,0,0,1,0,0,0,1,0,0,0,1],"EasingStyle":"Linear","EasingDirection":"In"},"Left Arm":{"Weight":1,"CFrame":[-0.23819580674171449,0.2522876262664795,0.176705002784729,-0.7563431859016419,0.32971274852752688,0.5650084018707275,-0.41666004061698916,-0.9086459875106812,-0.027514178305864335,0.5043208003044128,-0.2562265992164612,0.8246263265609741],"EasingStyle":"Linear","EasingDirection":"In"}}},{"Time":0.10000000149011612,"poses":{"Left Leg":{"Weight":1,"CFrame":[-0.23317012190818788,0.0351717472076416,0.001045823097229004,0.9972521662712097,0.0737142488360405,-0.007375122047960758,-0.07401227951049805,0.9956876635551453,-0.055931586772203448,0.0032204531598836185,0.05632375180721283,0.9984073638916016],"EasingStyle":"Linear","EasingDirection":"In"},"Right Arm":{"Weight":1,"CFrame":[0.13779428601264954,0.25129640102386477,0.3635256290435791,-0.3243604004383087,-0.49673452973365786,-0.8050124049186707,0.9408460855484009,-0.08126909285783768,-0.3289439082145691,0.09797511249780655,-0.8640892505645752,0.4937112629413605],"EasingStyle":"Linear","EasingDirection":"In"},"Head":{"Weight":1,"CFrame":[1.043081283569336e-7,-3.3527612686157229e-8,-2.384185791015625e-7,0.7021532654762268,0.7068542838096619,0.085661381483078,-0.6916618943214417,0.7056843042373657,-0.15366670489311219,-0.16906988620758058,0.04864883795380592,0.9844027161598206],"EasingStyle":"Linear","EasingDirection":"In"},"Right Leg":{"Weight":1,"CFrame":[0.6717579364776611,0.007881641387939453,-0.039547622203826907,0.7074601054191589,0.7002310752868652,0.09579548239707947,-0.6869936585426331,0.6495076417922974,0.3258521854877472,0.1659519523382187,-0.2963383197784424,0.9405549168586731],"EasingStyle":"Linear","EasingDirection":"In"},"Torso":{"Weight":1,"CFrame":[-0.047576904296875,0.02941020578145981,-0.2270369529724121,0.6812486052513123,-0.6932883262634277,-0.23505686223506928,0.7189938426017761,0.6940435171127319,0.03676266595721245,0.13765257596969605,-0.1940489411354065,0.9712861776351929],"EasingStyle":"Linear","EasingDirection":"In"},"HumanoidRootPart":{"Weight":0,"CFrame":[0,0,0,1,0,0,0,1,0,0,0,1],"EasingStyle":"Linear","EasingDirection":"In"},"Left Arm":{"Weight":1,"CFrame":[-0.24037602543830872,0.26418429613113406,0.17688345909118653,-0.7519423365592957,0.34238868951797488,0.5633406639099121,-0.43043917417526247,-0.9022397994995117,-0.02618059515953064,0.49930453300476076,-0.2621702551841736,0.8258097767829895],"EasingStyle":"Linear","EasingDirection":"In"}}},{"Time":0.13333334028720857,"poses":{"Left Leg":{"Weight":1,"CFrame":[-0.35729938745498659,0.08215528726577759,0.0031900405883789064,0.9999727606773377,-0.0014216345734894276,-0.007254915311932564,0.0009881522273644806,0.9982334971427918,-0.059405259788036349,0.007326642982661724,0.059396471828222278,0.9982075691223145],"EasingStyle":"Linear","EasingDirection":"In"},"Right Arm":{"Weight":1,"CFrame":[0.13965663313865663,0.24684929847717286,0.3617769479751587,-0.32510364055633547,-0.5080127716064453,-0.7976407408714294,0.9396637082099915,-0.07855484634637833,-0.33295831084251406,0.10648845881223679,-0.8577600121498108,0.502899706363678],"EasingStyle":"Linear","EasingDirection":"In"},"Head":{"Weight":1,"CFrame":[7.078051567077637e-8,3.725290298461914e-9,1.1920928955078126e-7,0.7086982131004334,0.701468288898468,0.07542701810598374,-0.6902133822441101,0.7115001678466797,-0.13180673122406007,-0.14612458646297456,0.041350457817316058,0.9884017109870911],"EasingStyle":"Linear","EasingDirection":"In"},"Right Leg":{"Weight":1,"CFrame":[0.7189926505088806,0.005421876907348633,-0.042022883892059329,0.6773382425308228,0.7292925119400024,0.0966714546084404,-0.7114192247390747,0.6158668398857117,0.3385125696659088,0.18733800947666169,-0.29806146025657656,0.935982882976532],"EasingStyle":"Linear","EasingDirection":"In"},"Torso":{"Weight":1,"CFrame":[-0.038643717765808108,0.03030751645565033,-0.2723212242126465,0.6810659170150757,-0.6926274299621582,-0.2375219166278839,0.7189852595329285,0.6939921379089356,0.03788430616259575,0.13859863579273225,-0.19657649099826814,0.970643162727356],"EasingStyle":"Linear","EasingDirection":"In"},"HumanoidRootPart":{"Weight":0,"CFrame":[0,0,0,1,0,0,0,1,0,0,0,1],"EasingStyle":"Linear","EasingDirection":"In"},"Left Arm":{"Weight":1,"CFrame":[-0.24136707186698914,0.26959228515625,0.17702412605285645,-0.7454594969749451,0.3583613336086273,0.5620207786560059,-0.44887518882751467,-0.8932209014892578,-0.025839582085609437,0.4927487373352051,-0.271539568901062,0.8267194032669067],"EasingStyle":"Linear","EasingDirection":"In"}}},{"Time":0.1666666716337204,"poses":{"Left Leg":{"Weight":1,"CFrame":[-0.45090532302856448,0.13028329610824586,0.005554795265197754,0.9984335899353027,-0.05551280453801155,-0.0069823432713747028,0.054998137056827548,0.9966959357261658,-0.05977058783173561,0.010277311317622662,0.05929294601082802,0.998187780380249],"EasingStyle":"Linear","EasingDirection":"In"},"Right Arm":{"Weight":1,"CFrame":[0.14004948735237122,0.2477250099182129,0.36177802085876467,-0.32358670234680178,-0.515897810459137,-0.7931841015815735,0.9387010335922241,-0.06971127539873123,-0.33761030435562136,0.11887848377227783,-0.8538089394569397,0.5068315267562866],"EasingStyle":"Linear","EasingDirection":"In"},"Head":{"Weight":1,"CFrame":[1.4528632164001466e-7,-2.9802322387695315e-8,2.384185791015625e-7,0.7133689522743225,0.6971523761749268,0.07129786163568497,-0.6873630881309509,0.7158908843994141,-0.1226060539484024,-0.13651655614376069,0.03845584765076637,0.9898911118507385],"EasingStyle":"Linear","EasingDirection":"In"},"Right Leg":{"Weight":1,"CFrame":[0.7661697268486023,0.0051465630531311039,-0.0451163649559021,0.6477944254875183,0.755610466003418,0.09703206270933151,-0.7329590320587158,0.5834574699401856,0.3497834801673889,0.20768602192401887,-0.29770833253860476,0.9317920207977295],"EasingStyle":"Linear","EasingDirection":"In"},"Torso":{"Weight":1,"CFrame":[-0.027492403984069825,0.0313887894153595,-0.3218059539794922,0.6816612482070923,-0.6923288702964783,-0.2366827130317688,0.7186998724937439,0.6942125558853149,0.03923588618636131,0.13714398443698884,-0.19684942066669465,0.9707944393157959],"EasingStyle":"Linear","EasingDirection":"In"},"HumanoidRootPart":{"Weight":0,"CFrame":[0,0,0,1,0,0,0,1,0,0,0,1],"EasingStyle":"Linear","EasingDirection":"In"},"Left Arm":{"Weight":1,"CFrame":[-0.24062928557395936,0.2455199956893921,0.17714548110961915,-0.7370234727859497,0.37604987621307375,0.5615895986557007,-0.4707920551300049,-0.8818192481994629,-0.02738073095679283,0.48492395877838137,-0.2845722436904907,0.8269627690315247],"EasingStyle":"Linear","EasingDirection":"In"}}},{"Time":0.20000000298023225,"poses":{"Left Leg":{"Weight":1,"CFrame":[-0.4772952198982239,0.1494014859199524,0.007737874984741211,0.9979156851768494,-0.06428662687540055,-0.005612286273390055,0.0638076514005661,0.9959758520126343,-0.06293398886919022,0.009635577909648419,0.06244474649429321,0.9980019330978394],"EasingStyle":"Linear","EasingDirection":"In"},"Right Arm":{"Weight":1,"CFrame":[0.14031264185905457,0.24998515844345094,0.36178576946258547,-0.32023486495018008,-0.5211382508277893,-0.7911159992218018,0.9379726648330689,-0.05728641897439957,-0.34194397926330569,0.13287970423698426,-0.8515475988388062,0.5071585178375244],"EasingStyle":"Linear","EasingDirection":"In"},"Head":{"Weight":1,"CFrame":[1.0058283805847168e-7,7.450580596923828e-9,1.1920928955078126e-7,0.7163689136505127,0.6942597031593323,0.06941990554332733,-0.6835187077522278,0.7182771563529968,-0.12992337346076966,-0.1400633156299591,0.04562326893210411,0.9890908598899841],"EasingStyle":"Linear","EasingDirection":"In"},"Right Leg":{"Weight":1,"CFrame":[0.781773030757904,0.014040946960449219,-0.04753005504608154,0.644792914390564,0.7583510279655457,0.09563358128070831,-0.7330739498138428,0.5781158208847046,0.358308345079422,0.21643634140491486,-0.3011411130428314,0.9286922812461853],"EasingStyle":"Linear","EasingDirection":"In"},"Torso":{"Weight":1,"CFrame":[-0.013707339763641358,0.026235833764076234,-0.33760786056518557,0.6830640435218811,-0.6930586695671082,-0.2304198294878006,0.7172700762748718,0.6960231065750122,0.03279469534754753,0.13764888048171998,-0.1876741647720337,0.9725385308265686],"EasingStyle":"Linear","EasingDirection":"In"},"HumanoidRootPart":{"Weight":0,"CFrame":[0,0,0,1,0,0,0,1,0,0,0,1],"EasingStyle":"Linear","EasingDirection":"In"},"Left Arm":{"Weight":1,"CFrame":[-0.2390061914920807,0.1925618052482605,0.17759108543395997,-0.7282153367996216,0.39223018288612368,0.562012255191803,-0.4922787845134735,-0.8698941469192505,-0.030757727101445199,0.4768269658088684,-0.2990649938583374,0.8265568614006043],"EasingStyle":"Linear","EasingDirection":"In"}}},{"Time":0.23333333432674409,"poses":{"Left Leg":{"Weight":1,"CFrame":[-0.4588918685913086,0.14417815208435059,0.009883761405944825,0.999199628829956,-0.039876025170087817,-0.0031546398531645538,0.03955812379717827,0.9967678785324097,-0.06992161273956299,0.005932776723057032,0.06974086165428162,0.9975475072860718],"EasingStyle":"Linear","EasingDirection":"In"},"Right Arm":{"Weight":1,"CFrame":[0.1404723823070526,0.2530796527862549,0.36180734634399416,-0.316002756357193,-0.5242443084716797,-0.790765643119812,0.9373384714126587,-0.043579474091529849,-0.34568431973457339,0.14676176011562348,-0.8504521250724793,0.5051655173301697],"EasingStyle":"Linear","EasingDirection":"In"},"Head":{"Weight":1,"CFrame":[9.12696123123169e-8,3.3527612686157229e-8,-1.1920928955078126e-7,0.7187982797622681,0.692243754863739,0.06424777209758759,-0.6790953874588013,0.7189107537269592,-0.1483137011528015,-0.14885762333869935,0.06297724694013596,0.9868512153625488],"EasingStyle":"Linear","EasingDirection":"In"},"Right Leg":{"Weight":1,"CFrame":[0.7734904289245606,0.03209412097930908,-0.04992222785949707,0.6652644872665405,0.7408772110939026,0.0923268273472786,-0.7147339582443237,0.5962284207344055,0.36560526490211489,0.2158207893371582,-0.3092133104801178,0.9261795282363892],"EasingStyle":"Linear","EasingDirection":"In"},"Torso":{"Weight":1,"CFrame":[0.0022194981575012209,0.01384519413113594,-0.3242802619934082,0.6851266026496887,-0.694641649723053,-0.21925921738147736,0.7145852446556091,0.6993342638015747,0.017306391149759294,0.14131376147270204,-0.16853643953800202,0.9755131602287293],"EasingStyle":"Linear","EasingDirection":"In"},"HumanoidRootPart":{"Weight":0,"CFrame":[0,0,0,1,0,0,0,1,0,0,0,1],"EasingStyle":"Linear","EasingDirection":"In"},"Left Arm":{"Weight":1,"CFrame":[-0.23738306760787965,0.13960349559783936,0.17878711223602296,-0.7212440371513367,0.40351602435112,0.5630114078521729,-0.5088699460029602,-0.8601139187812805,-0.03543369472026825,0.46995586156845095,-0.31205591559410097,0.8256891965866089],"EasingStyle":"Linear","EasingDirection":"In"}}},{"Time":0.2666666805744171,"poses":{"Left Leg":{"Weight":1,"CFrame":[-0.4142482280731201,0.12217944860458374,0.01062464714050293,0.9999995231628418,-0.0007145702838897705,-0.0006733536720275879,0.000660646939650178,0.9970406889915466,-0.07687371969223023,0.0007263924926519394,0.07687321305274964,0.9970406889915466],"EasingStyle":"Linear","EasingDirection":"In"},"Right Arm":{"Weight":1,"CFrame":[0.14055439829826356,0.256458580493927,0.3618485927581787,-0.3118409216403961,-0.5257468223571777,-0.7914199233055115,0.9367689490318298,-0.030905896797776223,-0.3485811948776245,0.15880584716796876,-0.8500795364379883,0.5021410584449768],"EasingStyle":"Linear","EasingDirection":"In"},"Head":{"Weight":1,"CFrame":[1.2386590242385865e-7,-6.752088665962219e-9,-1.1920928955078126e-7,0.7207220196723938,0.6908336877822876,0.057521723210811618,-0.6744409203529358,0.7179604172706604,-0.17222759127616883,-0.16027894616127015,0.0853331908583641,0.9833763241767883],"EasingStyle":"Linear","EasingDirection":"In"},"Right Leg":{"Weight":1,"CFrame":[0.7486359477043152,0.04858142137527466,-0.05112236738204956,0.6945393085479736,0.713898241519928,0.08924319595098496,-0.6887935996055603,0.6239783763885498,0.3690725564956665,0.20779463648796082,-0.3178054392337799,0.9251061081886292],"EasingStyle":"Linear","EasingDirection":"In"},"Torso":{"Weight":1,"CFrame":[0.016650080680847169,0.0014324351213872433,-0.29482603073120119,0.68740314245224,-0.6958431005477905,-0.208036869764328,0.7116743922233582,0.7025071978569031,0.0017904442502185703,0.14490152895450593,-0.14928527176380158,0.9781193733215332],"EasingStyle":"Linear","EasingDirection":"In"},"HumanoidRootPart":{"Weight":0,"CFrame":[0,0,0,1,0,0,0,1,0,0,0,1],"EasingStyle":"Linear","EasingDirection":"In"},"Left Arm":{"Weight":1,"CFrame":[-0.23664525151252747,0.11553138494491577,0.18115806579589845,-0.7185072898864746,0.4066667854785919,0.5642423033714294,-0.5162914395332336,-0.8554354906082153,-0.040907688438892367,0.46603700518608096,-0.32070598006248476,0.8245951533317566],"EasingStyle":"Linear","EasingDirection":"In"}}},{"Time":0.30000001192092898,"poses":{"Left Leg":{"Weight":1,"CFrame":[-0.352204829454422,0.08876001834869385,0.00914311408996582,0.9992242455482483,0.03936755657196045,0.0010974928736686707,-0.03915291652083397,0.9960110783576965,-0.08018208295106888,-0.004249623976647854,0.08007693290710449,0.9967796802520752],"EasingStyle":"Linear","EasingDirection":"In"},"Right Arm":{"Weight":1,"CFrame":[0.1405845582485199,0.2595721483230591,0.3619168996810913,-0.3086802065372467,-0.526212751865387,-0.7923488020896912,0.9363380670547485,-0.0215920377522707,-0.3504353165626526,0.16729497909545899,-0.8500787615776062,0.4993782043457031],"EasingStyle":"Linear","EasingDirection":"In"},"Head":{"Weight":1,"CFrame":[9.359791874885559e-8,-2.3283064365386964e-9,-1.1920928955078126e-7,0.722153902053833,0.6898534297943115,0.05095044523477554,-0.6700652837753296,0.7159243822097778,-0.19612471759319306,-0.1717739999294281,0.1074921116232872,0.9792543649673462],"EasingStyle":"Linear","EasingDirection":"In"},"Right Leg":{"Weight":1,"CFrame":[0.7108740210533142,0.05404478311538696,-0.04969757795333862,0.7210596799850464,0.687171220779419,0.08870536834001541,-0.6652441024780273,0.6508174538612366,0.3659057021141052,0.19370895624160767,-0.3228504955768585,0.9264148473739624],"EasingStyle":"Linear","EasingDirection":"In"},"Torso":{"Weight":1,"CFrame":[0.0259132981300354,-0.00372315663844347,-0.258181095123291,0.6893547773361206,-0.6957982182502747,-0.2016305774450302,0.7097060680389404,0.7044824957847595,-0.0046540480107069019,0.14528349041938783,-0.1398901641368866,0.9794505834579468],"EasingStyle":"Linear","EasingDirection":"In"},"HumanoidRootPart":{"Weight":0,"CFrame":[0,0,0,1,0,0,0,1,0,0,0,1],"EasingStyle":"Linear","EasingDirection":"In"},"Left Arm":{"Weight":1,"CFrame":[-0.24050453305244447,0.12275761365890503,0.18700671195983888,-0.7189888954162598,0.40303096175193789,0.5662341713905335,-0.5155600905418396,-0.8556381464004517,-0.0456228069961071,0.46610400080680849,-0.3247300088405609,0.8229808211326599],"EasingStyle":"Linear","EasingDirection":"In"}}},{"Time":0.3333333432674408,"poses":{"Left Leg":{"Weight":1,"CFrame":[-0.2753882110118866,0.050525009632110599,0.0063430070877075199,0.9967798590660095,0.0801624283194542,0.0020199131686240436,-0.07973336428403855,0.9934937357902527,-0.08131898194551468,-0.008525456301867962,0.08089600503444672,0.9966861009597778],"EasingStyle":"Linear","EasingDirection":"In"},"Right Arm":{"Weight":1,"CFrame":[0.14058876037597657,0.26186972856521609,0.3620191812515259,-0.3074272572994232,-0.5262360572814941,-0.7928203344345093,0.9361706376075745,-0.017968716099858285,-0.3510865569114685,0.17050834000110627,-0.850148618221283,0.49817100167274477],"EasingStyle":"Linear","EasingDirection":"In"},"Head":{"Weight":1,"CFrame":[4.0046870708465579e-8,3.4924596548080447e-8,-2.384185791015625e-7,0.7230375409126282,0.6892606616020203,0.046223025768995288,-0.6667088866233826,0.7137690186500549,-0.21455320715904237,-0.18087565898895265,0.12431269139051438,0.9756180047988892],"EasingStyle":"Linear","EasingDirection":"In"},"Right Leg":{"Weight":1,"CFrame":[0.6680899858474731,0.052268803119659427,-0.04661381244659424,0.7416219711303711,0.6647498607635498,0.09002458304166794,-0.6465994119644165,0.6726462841033936,0.3598003089427948,0.17862257361412049,-0.32504573464393618,0.9286761283874512],"EasingStyle":"Linear","EasingDirection":"In"},"Torso":{"Weight":1,"CFrame":[0.029926776885986329,-0.0030692582949995996,-0.2223985195159912,0.6904773712158203,-0.6950350999832153,-0.20041771233081819,0.7088704705238342,0.7053282260894775,-0.0038366741500794889,0.14402692019939423,-0.13942107558250428,0.9797030091285706],"EasingStyle":"Linear","EasingDirection":"In"},"HumanoidRootPart":{"Weight":0,"CFrame":[0,0,0,1,0,0,0,1,0,0,0,1],"EasingStyle":"Linear","EasingDirection":"In"},"Left Arm":{"Weight":1,"CFrame":[-0.2489946484565735,0.13957595825195313,0.19584321975708009,-0.7199031114578247,0.39734187722206118,0.5690858364105225,-0.5118474364280701,-0.8576982617378235,-0.048641152679920199,0.4687768816947937,-0.326302170753479,0.820838212966919],"EasingStyle":"Linear","EasingDirection":"In"}}},{"Time":0.36666667461395266,"poses":{"Left Leg":{"Weight":1,"CFrame":[-0.18934714794158936,0.014753162860870362,0.003522634506225586,0.9920788407325745,0.12558314204216004,0.0029320965986698868,-0.12490816414356232,0.9886859059333801,-0.08305589854717255,-0.013329297304153443,0.08203179389238358,0.9965406060218811],"EasingStyle":"Linear","EasingDirection":"In"},"Right Arm":{"Weight":1,"CFrame":[0.13992363214492799,0.26321524381637576,0.3628498315811157,-0.3078174889087677,-0.5258511900901794,-0.7929243445396423,0.9362059235572815,-0.01883847638964653,-0.35094672441482546,0.1696081906557083,-0.8503680229187012,0.49810394644737246],"EasingStyle":"Linear","EasingDirection":"In"},"Head":{"Weight":1,"CFrame":[5.052424967288971e-8,-1.83936208486557e-8,4.76837158203125e-7,0.7232682108879089,0.6890982985496521,0.04501914978027344,-0.665274977684021,0.7127776741981506,-0.22216466069221497,-0.18518196046352387,0.13073453307151795,0.9739692807197571],"EasingStyle":"Linear","EasingDirection":"In"},"Right Leg":{"Weight":1,"CFrame":[0.6328753232955933,0.051305174827575687,-0.04437381029129028,0.7566770911216736,0.6473278999328613,0.09168609231710434,-0.631993293762207,0.6883150935173035,0.3560994267463684,0.16740423440933228,-0.32739728689193728,0.9299392104148865],"EasingStyle":"Linear","EasingDirection":"In"},"Torso":{"Weight":1,"CFrame":[0.03132319450378418,-0.002133954782038927,-0.1951754093170166,0.6911885738372803,-0.6940649747848511,-0.20132607221603394,0.708184003829956,0.7060228586196899,-0.0026675458066165449,0.14399224519729615,-0.14073213934898377,0.9795206785202026],"EasingStyle":"Linear","EasingDirection":"In"},"HumanoidRootPart":{"Weight":0,"CFrame":[0,0,0,1,0,0,0,1,0,0,0,1],"EasingStyle":"Linear","EasingDirection":"In"},"Left Arm":{"Weight":1,"CFrame":[-0.25748488306999209,0.1586969494819641,0.2039048671722412,-0.7209891080856323,0.39147230982780459,0.5717726945877075,-0.5071372389793396,-0.8603900671005249,-0.05040722340345383,0.4722144603729248,-0.32631030678749087,0.8188621401786804],"EasingStyle":"Linear","EasingDirection":"In"}}},{"Time":0.4000000059604645,"poses":{"Left Leg":{"Weight":1,"CFrame":[-0.14233949780464173,-0.002123594284057617,0.002251148223876953,0.9891759157180786,0.1466589868068695,0.00470172893255949,-0.14576025307178498,0.9857906699180603,-0.08349063992500305,-0.016879526898264886,0.08190160989761353,0.9964974522590637],"EasingStyle":"Linear","EasingDirection":"In"},"Right Arm":{"Weight":1,"CFrame":[0.13833755254745484,0.2651211619377136,0.3646547794342041,-0.3114044964313507,-0.5247609615325928,-0.7922457456588745,0.9357819557189941,-0.024277960881590844,-0.35174253582954409,0.16534654796123506,-0.850903332233429,0.49862217903137209],"EasingStyle":"Linear","EasingDirection":"In"},"Head":{"Weight":1,"CFrame":[7.165363058447838e-8,-3.41096892952919e-8,1.1920928955078126e-7,0.723002016544342,0.6892754435539246,0.046556610614061359,-0.6652654409408569,0.7128165364265442,-0.2220689058303833,-0.18625298142433167,0.1295837163925171,0.9739188551902771],"EasingStyle":"Linear","EasingDirection":"In"},"Right Leg":{"Weight":1,"CFrame":[0.6181721091270447,0.048953354358673099,-0.04408031702041626,0.760997474193573,0.6418226361274719,0.09458625316619873,-0.628271222114563,0.6927478313446045,0.35408443212509158,0.16173511743545533,-0.3288830816745758,0.9304180145263672],"EasingStyle":"Linear","EasingDirection":"In"},"Torso":{"Weight":1,"CFrame":[0.030768156051635743,0.00036307249683886766,-0.18462204933166505,0.6923460364341736,-0.6922080516815186,-0.20372804999351502,0.7071030735969544,0.7071103453636169,0.00045373872853815556,0.14374415576457978,-0.14437086880207063,0.9790274500846863],"EasingStyle":"Linear","EasingDirection":"In"},"HumanoidRootPart":{"Weight":0,"CFrame":[0,0,0,1,0,0,0,1,0,0,0,1],"EasingStyle":"Linear","EasingDirection":"In"},"Left Arm":{"Weight":1,"CFrame":[-0.2613440752029419,0.17282921075820924,0.2074282169342041,-0.7220357060432434,0.3873128294944763,0.5732828974723816,-0.5034275054931641,-0.8625110983848572,-0.05133749917149544,0.4745791554450989,-0.3256739675998688,0.8177476525306702],"EasingStyle":"Linear","EasingDirection":"In"}}},{"Time":0.4333333373069763,"poses":{"Left Leg":{"Weight":1,"CFrame":[-0.16159328818321229,0.0038326382637023927,0.003341197967529297,0.9920452237129211,0.1256157010793686,0.008183471858501435,-0.12453417479991913,0.988834798336029,-0.08183587342500687,-0.018371891230344774,0.08016584068536759,0.9966122508049011],"EasingStyle":"Linear","EasingDirection":"In"},"Right Arm":{"Weight":1,"CFrame":[0.1364443600177765,0.2695137858390808,0.36676859855651858,-0.3217945396900177,-0.5229659676551819,-0.7892748713493347,0.9339727163314819,-0.038526639342308047,-0.3552617132663727,0.15538161993026734,-0.8514824509620667,0.5008336901664734],"EasingStyle":"Linear","EasingDirection":"In"},"Head":{"Weight":1,"CFrame":[-2.0489096641540528e-8,-1.3969838619232178e-8,0,0.7221022844314575,0.6897573471069336,0.05294516682624817,-0.6653551459312439,0.7134290337562561,-0.21982182562351228,-0.18939638137817384,0.12350648641586304,0.974102258682251],"EasingStyle":"Linear","EasingDirection":"In"},"Right Leg":{"Weight":1,"CFrame":[0.6214413642883301,0.04343712329864502,-0.04584783315658569,0.7558811902999878,0.6470485925674439,0.09985822439193726,-0.6350751519203186,0.6875628232955933,0.35204702615737917,0.15913280844688416,-0.3295232653617859,0.9306402206420898],"EasingStyle":"Linear","EasingDirection":"In"},"Torso":{"Weight":1,"CFrame":[0.028416454792022706,0.005484744906425476,-0.1874222755432129,0.694689154624939,-0.6886906623840332,-0.20763468742370606,0.7050502300262451,0.7091242074966431,0.006855831481516361,0.14251725375652314,-0.15115556120872498,0.9781824350357056],"EasingStyle":"Linear","EasingDirection":"In"},"HumanoidRootPart":{"Weight":0,"CFrame":[0,0,0,1,0,0,0,1,0,0,0,1],"EasingStyle":"Linear","EasingDirection":"In"},"Left Arm":{"Weight":1,"CFrame":[-0.26084694266319277,0.17851537466049195,0.20310521125793458,-0.7227433919906616,0.3861802816390991,0.5731551051139832,-0.5015265345573425,-0.8636672496795654,-0.0504988357424736,0.4755135476589203,-0.3239501714706421,0.8178895115852356],"EasingStyle":"Linear","EasingDirection":"In"}}},{"Time":0.46666666865348818,"poses":{"Left Leg":{"Weight":1,"CFrame":[-0.19107016921043397,0.01364600658416748,0.005337953567504883,0.995568037033081,0.09296903014183045,0.014180092141032219,-0.09160435199737549,0.992775022983551,-0.0775022879242897,-0.02128293178975582,0.07585976272821427,0.9968913793563843],"EasingStyle":"Linear","EasingDirection":"In"},"Right Arm":{"Weight":1,"CFrame":[0.13485834002494813,0.278319776058197,0.36852526664733889,-0.3425295352935791,-0.520121157169342,-0.7823985815048218,0.9294059872627258,-0.06580040603876114,-0.3631457984447479,0.13739758729934693,-0.8515540957450867,0.5059423446655273],"EasingStyle":"Linear","EasingDirection":"In"},"Head":{"Weight":1,"CFrame":[6.891787052154541e-8,1.4901161193847657e-8,-5.960464477539063e-8,0.7199354767799377,0.6904814839363098,0.07020159065723419,-0.6652546525001526,0.7153646945953369,-0.2137513905763626,-0.19781112670898438,0.1071852520108223,0.9743624925613403],"EasingStyle":"Linear","EasingDirection":"In"},"Right Leg":{"Weight":1,"CFrame":[0.627522885799408,0.034039199352264407,-0.04912543296813965,0.7477388381958008,0.6550405621528626,0.10866715013980866,-0.6460089087486267,0.6798467636108398,0.34710386395454409,0.15349015593528748,-0.3297429382801056,0.931509792804718],"EasingStyle":"Linear","EasingDirection":"In"},"Torso":{"Weight":1,"CFrame":[0.02445608377456665,0.014303095638751984,-0.19240593910217286,0.6989543437957764,-0.6827059388160706,-0.21301531791687013,0.7014143466949463,0.7125295400619507,0.01787876896560192,0.13957378268241883,-0.16190843284130097,0.9768852591514587],"EasingStyle":"Linear","EasingDirection":"In"},"HumanoidRootPart":{"Weight":0,"CFrame":[0,0,0,1,0,0,0,1,0,0,0,1],"EasingStyle":"Linear","EasingDirection":"In"},"Left Arm":{"Weight":1,"CFrame":[-0.25736695528030398,0.18762052059173585,0.19507694244384767,-0.7237211465835571,0.38529884815216067,0.5725141763687134,-0.4991622865200043,-0.8651353716850281,-0.048764668405056,0.47651320695877077,-0.3210694491863251,0.8184434175491333],"EasingStyle":"Linear","EasingDirection":"In"}}},{"Time":0.5,"poses":{"Left Leg":{"Weight":1,"CFrame":[-0.21549108624458314,0.022171080112457277,0.007966279983520508,0.9981650710105896,0.055824145674705508,0.02345915511250496,-0.054075270891189578,0.9961129426956177,-0.06953368335962296,-0.027249593287706376,0.06813748925924301,0.9973037838935852],"EasingStyle":"Constant","EasingDirection":"In"},"Right Arm":{"Weight":1,"CFrame":[0.1341933012008667,0.2934650182723999,0.3692586421966553,-0.3769720196723938,-0.5151329636573792,-0.7697597742080689,0.9197652339935303,-0.11021669209003449,-0.37667524814605715,0.10919739305973053,-0.8499943017959595,0.5153499245643616],"EasingStyle":"Constant","EasingDirection":"In"},"Head":{"Weight":1,"CFrame":[1.862645149230957e-8,4.842877388000488e-8,-1.7881393432617188e-7,0.7155306339263916,0.6907505989074707,0.10430566221475601,-0.6647971272468567,0.7191649079322815,-0.2021058201789856,-0.21461765468120576,0.07527075707912445,0.9737935066223145],"EasingStyle":"Constant","EasingDirection":"In"},"Right Leg":{"Weight":1,"CFrame":[0.631332278251648,0.020003974437713624,-0.054081499576568606,0.7383856177330017,0.6632493138313294,0.12201263010501862,-0.6592928767204285,0.67190021276474,0.3374656140804291,0.14184357225894929,-0.3296217620372772,0.9333969950675964],"EasingStyle":"Constant","EasingDirection":"In"},"Torso":{"Weight":1,"CFrame":[0.019141316413879396,0.027898408472537996,-0.19609379768371583,0.7058638334274292,-0.6733968257904053,-0.2197568267583847,0.6955134868621826,0.7176662683486939,0.03487292677164078,0.13422878086566926,-0.17745934426784516,0.9749311804771423],"EasingStyle":"Constant","EasingDirection":"In"},"HumanoidRootPart":{"Weight":0,"CFrame":[0,0,0,1,0,0,0,1,0,0,0,1],"EasingStyle":"Linear","EasingDirection":"In"},"Left Arm":{"Weight":1,"CFrame":[-0.2479214072227478,0.2158430814743042,0.19075393676757813,-0.7261292934417725,0.38041701912879946,0.5727296471595764,-0.49370822310447695,-0.8682321310043335,-0.049247805029153827,0.4785275161266327,-0.31852152943611147,0.8182637095451355],"EasingStyle":"Constant","EasingDirection":"In"}}},{"Time":0.5333333611488342,"poses":{"Left Leg":{"Weight":1,"CFrame":[-0.6428307294845581,-0.06699824333190918,-0.1753130555152893,0.7371389865875244,-0.59299635887146,-0.3240085542201996,0.6608602404594421,0.7327026724815369,0.1625136137008667,0.14103184640407563,-0.3339194655418396,0.9319912791252136],"EasingStyle":"Linear","EasingDirection":"In"},"Right Arm":{"Weight":1,"CFrame":[0.2766496539115906,0.46820491552352908,-0.01841104030609131,-0.9447503089904785,0.23941592872142793,-0.22389066219329835,-0.2829286754131317,-0.940505862236023,0.18814939260482789,-0.1655244678258896,0.24109919369220735,0.9562807679176331],"EasingStyle":"Linear","EasingDirection":"In"},"Head":{"Weight":1,"CFrame":[-1.4901161193847657e-8,-5.960464477539063e-8,2.384185791015625e-7,0.49993830919265749,-0.8301647305488586,0.24675534665584565,0.8290390968322754,0.5411449074745178,0.14091339707374574,-0.25051164627075198,0.13412176072597505,0.9587780237197876],"EasingStyle":"Linear","EasingDirection":"In"},"Right Leg":{"Weight":1,"CFrame":[0.14159008860588075,-0.06504476070404053,0.05991542339324951,0.8968799710273743,0.3412093222141266,-0.28139376640319826,-0.369011253118515,0.928033709526062,-0.05083637312054634,0.24379709362983704,0.14943157136440278,0.9582449197769165],"EasingStyle":"Linear","EasingDirection":"In"},"Torso":{"Weight":1,"CFrame":[-0.03174281120300293,0.08344869315624237,-0.15270543098449708,0.7577446103096008,0.6020997166633606,0.2515931725502014,-0.6397174000740051,0.7614991068840027,0.10431091487407685,-0.12878242135047913,-0.23998954892158509,0.9621954560279846],"EasingStyle":"Linear","EasingDirection":"In"},"HumanoidRootPart":{"Weight":0,"CFrame":[0,0,0,1,0,0,0,1,0,0,0,1],"EasingStyle":"Linear","EasingDirection":"In"},"Left Arm":{"Weight":1,"CFrame":[0.11882942914962769,0.2687840461730957,0.6197481155395508,-0.5828062295913696,-0.5186498165130615,0.6255713701248169,-0.6510965824127197,-0.1625789850950241,-0.7413778901100159,0.48622024059295657,-0.8393869400024414,-0.24293901026248933],"EasingStyle":"Linear","EasingDirection":"In"}}},{"Time":0.5666666626930237,"poses":{"Left Leg":{"Weight":1,"CFrame":[-0.6417408585548401,-0.07223594188690186,-0.1735759973526001,0.7211307883262634,-0.6099978089332581,-0.32844042778015139,0.6821980476379395,0.7078442573547363,0.18320097029209138,0.12073233723640442,-0.35617324709892275,0.9265875220298767],"EasingStyle":"Linear","EasingDirection":"In"},"Right Arm":{"Weight":1,"CFrame":[0.292153924703598,0.4642464518547058,-0.0150223970413208,-0.9367451071739197,0.2673362195491791,-0.22592023015022279,-0.31282901763916018,-0.9289818406105042,0.1978154182434082,-0.15699243545532227,0.2559768557548523,0.9538496732711792],"EasingStyle":"Linear","EasingDirection":"In"},"Head":{"Weight":1,"CFrame":[4.470348358154297e-8,5.21540641784668e-8,0,0.5012276768684387,-0.8289594650268555,0.2481880784034729,0.828795313835144,0.5423492193222046,0.13767972588539124,-0.24873556196689607,0.1366882026195526,0.9588779807090759],"EasingStyle":"Linear","EasingDirection":"In"},"Right Leg":{"Weight":1,"CFrame":[0.15413805842399598,-0.0845726728439331,0.06282007694244385,0.8843274116516113,0.3696722686290741,-0.2851443886756897,-0.40397191047668459,0.9120565056800842,-0.07042539864778519,0.23403359949588777,0.1774694174528122,0.9558937549591065],"EasingStyle":"Linear","EasingDirection":"In"},"Torso":{"Weight":1,"CFrame":[-0.06863367557525635,0.08336225152015686,-0.16144919395446778,0.7563847303390503,0.6004148721694946,0.2595847547054291,-0.6400356888771057,0.7612464427947998,0.10420283675193787,-0.13504302501678468,-0.24496091902256013,0.9600820541381836],"EasingStyle":"Linear","EasingDirection":"In"},"HumanoidRootPart":{"Weight":0,"CFrame":[0,0,0,1,0,0,0,1,0,0,0,1],"EasingStyle":"Linear","EasingDirection":"In"},"Left Arm":{"Weight":1,"CFrame":[0.1185571551322937,0.26637202501296999,0.6186082363128662,-0.5845208764076233,-0.517550528049469,0.6248815059661865,-0.6548537015914917,-0.15380041301250459,-0.7399405241012573,0.4790637195110321,-0.8417167067527771,-0.2490202635526657],"EasingStyle":"Linear","EasingDirection":"In"}}},{"Time":0.6000000238418579,"poses":{"Left Leg":{"Weight":1,"CFrame":[-0.6562914848327637,-0.07775604724884033,-0.1772429347038269,0.7059110403060913,-0.6262280344963074,-0.3309507369995117,0.7004863619804382,0.6864438056945801,0.1952274739742279,0.10492216050624848,-0.3696397840976715,0.9232322573661804],"EasingStyle":"Linear","EasingDirection":"In"},"Right Arm":{"Weight":1,"CFrame":[0.30326342582702639,0.45403748750686648,-0.006283164024353027,-0.9303691387176514,0.2872923016548157,-0.22776418924331666,-0.3342178165912628,-0.9199787378311157,0.20478704571723939,-0.15070438385009767,0.2666502296924591,0.9519379734992981],"EasingStyle":"Linear","EasingDirection":"In"},"Head":{"Weight":1,"CFrame":[-7.450580596923828e-9,-2.9802322387695315e-8,-1.7881393432617188e-7,0.504565417766571,-0.8258283138275147,0.251836359500885,0.828134298324585,0.5454091429710388,0.12931567430496217,-0.24414637684822083,0.14330606162548066,0.9590912461280823],"EasingStyle":"Linear","EasingDirection":"In"},"Right Leg":{"Weight":1,"CFrame":[0.19119402766227723,-0.09777724742889404,0.07312023639678955,0.8699283003807068,0.40089550614356997,-0.28724098205566409,-0.43908146023750307,0.8947935104370117,-0.08094485849142075,0.22457106411457063,0.19653837382793427,0.9544321298599243],"EasingStyle":"Linear","EasingDirection":"In"},"Torso":{"Weight":1,"CFrame":[-0.09165388345718384,0.08333353698253632,-0.17760372161865235,0.7558817267417908,0.5997685194015503,0.262527197599411,-0.6401388049125671,0.7611646056175232,0.10416696965694428,-0.13735030591487885,-0.24679172039031983,0.9592856168746948],"EasingStyle":"Linear","EasingDirection":"In"},"HumanoidRootPart":{"Weight":0,"CFrame":[0,0,0,1,0,0,0,1,0,0,0,1],"EasingStyle":"Linear","EasingDirection":"In"},"Left Arm":{"Weight":1,"CFrame":[0.11767178773880005,0.26034146547317507,0.6156431436538696,-0.5871961116790772,-0.5098162889480591,0.6287196278572083,-0.6611495018005371,-0.14603833854198457,-0.7359036803245544,0.4669927954673767,-0.8477972745895386,-0.2513115704059601],"EasingStyle":"Linear","EasingDirection":"In"}}},{"Time":0.6333333253860474,"poses":{"Left Leg":{"Weight":1,"CFrame":[-0.6729751229286194,-0.08231520652770996,-0.18193507194519044,0.6939892172813416,-0.6387532353401184,-0.33222496509552,0.7138508558273315,0.6705513596534729,0.20193523168563844,0.09378717094659805,-0.3772999942302704,0.921329915523529],"EasingStyle":"Linear","EasingDirection":"In"},"Right Arm":{"Weight":1,"CFrame":[0.3107104003429413,0.44007813930511477,0.005666255950927734,-0.925722599029541,0.30076682567596438,-0.22929710149765016,-0.34870293736457827,-0.9135065078735352,0.2095520943403244,-0.14643818140029908,0.27394363284111025,0.9505318403244019],"EasingStyle":"Linear","EasingDirection":"In"},"Head":{"Weight":1,"CFrame":[-5.21540641784668e-8,-2.980