{"Sequence":[{"Time":0,"poses":{"Left Leg":{"Weight":1,"CFrame":[-0.15971539914608003,0.18661046028137208,0.13429856300354005,0.9778405427932739,0.07654615491628647,0.19485531747341157,-0.11625723540782929,0.9725975394248962,0.2013411819934845,-0.17410391569137574,-0.21953295171260835,0.9599443674087524],"EasingStyle":"Linear","EasingDirection":"In"},"Right Arm":{"Weight":1,"CFrame":[-0.4739271104335785,0.12574714422225953,0.27491307258605959,-0.29066240787506106,-0.9559682011604309,0.04049982130527496,0.2630921006202698,-0.12054554373025894,-0.9572101831436157,0.9199445843696594,-0.2675698399543762,0.2865457534790039],"EasingStyle":"Linear","EasingDirection":"In"},"Head":{"Weight":1,"CFrame":[8.887946023605764e-8,2.9802322387695315e-8,0.016662120819091798,0.999667227268219,-0.009594154544174672,0.023948175832629205,0.005492740776389837,0.9861451983451843,0.16579380631446839,-0.025207091122865678,-0.16560712456703187,0.9858696460723877],"EasingStyle":"Linear","EasingDirection":"In"},"Right Leg":{"Weight":1,"CFrame":[0.2481725811958313,0.1544925570487976,0.19446134567260743,0.9793564677238464,-0.03224951773881912,-0.19955168664455415,0.07178529351949692,0.9783321022987366,0.19419877231121064,0.18896505236625672,-0.20451469719409944,0.9604510068893433],"EasingStyle":"Linear","EasingDirection":"In"},"Torso":{"Weight":1,"CFrame":[0,-0.07395577430725098,0.19519519805908204,1,2.3841860752327195e-7,-8.742278367890322e-8,-2.494184627721552e-7,0.9868359565734863,-0.16172514855861665,4.771365524902649e-8,0.16172514855861665,0.9868359565734863],"EasingStyle":"Linear","EasingDirection":"In"},"HumanoidRootPart":{"Weight":1,"CFrame":[0,0,0,1,0,0,0,1,0,0,0,1],"EasingStyle":"Linear","EasingDirection":"In"},"Left Arm":{"Weight":1,"CFrame":[0.07341887056827545,-0.07757583260536194,0.1235969066619873,0.8141389489173889,0.5374935269355774,0.21972355246543885,-0.5741494297981262,0.6885911226272583,0.4429384768009186,0.08677685260772705,-0.48676788806915285,0.8692105412483215],"EasingStyle":"Linear","EasingDirection":"In"}}},{"Time":0.01666666753590107,"poses":{"Left Leg":{"Weight":1,"CFrame":[-0.09590517729520798,0.11264467239379883,0.110787034034729,0.9765702486038208,0.08748389035463333,0.19661422073841096,-0.1428176909685135,0.9469096660614014,0.28803688287734988,-0.1609773188829422,-0.3093682527542114,0.9372181296348572],"EasingStyle":"Linear","EasingDirection":"In"},"Right Arm":{"Weight":1,"CFrame":[-0.4734247922897339,0.12638640403747559,0.2738523483276367,-0.331583172082901,-0.9434043169021606,0.006387235131114721,0.2082344889640808,-0.07978931814432144,-0.9748190641403198,0.9201582074165344,-0.3219035863876343,0.22290603816509248],"EasingStyle":"Linear","EasingDirection":"In"},"Head":{"Weight":1,"CFrame":[8.889037417247892e-8,-6.250152750908456e-8,0.016661643981933595,0.999681830406189,-0.009221287444233895,0.023480158299207689,0.006088964641094208,0.991476833820343,0.13014069199562074,-0.024480121210217477,-0.12995627522468568,0.9912175536155701],"EasingStyle":"Linear","EasingDirection":"In"},"Right Leg":{"Weight":1,"CFrame":[0.12099409103393555,0.05950063467025757,0.16527044773101808,0.976152241230011,-0.08270061016082764,-0.20071755349636079,0.13523706793785096,0.9549265503883362,0.2642468214035034,0.16981719434261323,-0.2850896120071411,0.9433377385139465],"EasingStyle":"Linear","EasingDirection":"In"},"Torso":{"Weight":1,"CFrame":[0.00012703715765383095,-0.06720304489135742,0.17533016204833985,1,-0.00022378684661816806,0.00008417546632699668,0.00023342430358752608,0.9899974465370178,-0.14108489453792573,-0.0000517605512868613,0.14108490943908692,0.9899975061416626],"EasingStyle":"Linear","EasingDirection":"In"},"HumanoidRootPart":{"Weight":1,"CFrame":[0,0,0,1,0,0,0,1,0,0,0,1],"EasingStyle":"Linear","EasingDirection":"In"},"Left Arm":{"Weight":1,"CFrame":[0.07086324691772461,-0.053094953298568729,0.14503240585327149,0.7709954380989075,0.575081467628479,0.2735825479030609,-0.6347877979278565,0.6595157384872437,0.40259572863578799,0.05109325051307678,-0.4840663969516754,0.8735384345054627],"EasingStyle":"Linear","EasingDirection":"In"}}},{"Time":0.03333333507180214,"poses":{"Left Leg":{"Weight":1,"CFrame":[-0.19604280591011048,0.01527184247970581,0.10466277599334717,0.9831399917602539,-0.020497305318713189,0.18170183897018434,-0.04803622514009476,0.929844319820404,0.3648042380809784,-0.17643190920352937,-0.3673820197582245,0.9131826162338257],"EasingStyle":"Linear","EasingDirection":"In"},"Right Arm":{"Weight":1,"CFrame":[-0.47314944863319399,0.12546247243881226,0.2738751173019409,-0.3641142249107361,-0.9310557842254639,-0.023577213287353517,0.16179159283638,-0.038301970809698108,-0.9860814213752747,0.9171938300132752,-0.36286091804504397,0.16458338499069215],"EasingStyle":"Linear","EasingDirection":"In"},"Head":{"Weight":1,"CFrame":[8.887946023605764e-8,1.5284314258678934e-8,0.016662240028381349,0.9997149109840393,-0.008958352729678154,0.022136757150292398,0.007677646353840828,0.9983286261558533,0.0572802796959877,-0.022612890228629113,-0.057093989104032519,0.998112678527832],"EasingStyle":"Linear","EasingDirection":"In"},"Right Leg":{"Weight":1,"CFrame":[0.22981782257556916,-0.0062694549560546879,0.15180587768554688,0.9819812774658203,0.02347172424197197,-0.18751512467861176,0.04653390496969223,0.931671679019928,0.3603088855743408,0.18315967917442323,-0.3625425100326538,0.9137918949127197],"EasingStyle":"Linear","EasingDirection":"In"},"Torso":{"Weight":1,"CFrame":[0.0004497992340475321,-0.03966079652309418,0.11930656433105469,0.9999998807907105,-0.000372070207959041,0.0002655454445630312,0.0003942526236642152,0.9960218071937561,-0.08910926431417465,-0.0002313341392436996,0.08910936117172241,0.9960218071937561],"EasingStyle":"Linear","EasingDirection":"In"},"HumanoidRootPart":{"Weight":1,"CFrame":[0,0,0,1,0,0,0,1,0,0,0,1],"EasingStyle":"Linear","EasingDirection":"In"},"Left Arm":{"Weight":1,"CFrame":[0.06881814450025559,-0.031221210956573488,0.16700875759124757,0.7191608548164368,0.6130010485649109,0.3271656334400177,-0.6948340535163879,0.6369132995605469,0.3339866101741791,-0.0036420340184122326,-0.4675159454345703,0.8839772343635559],"EasingStyle":"Linear","EasingDirection":"In"}}},{"Time":0.05000000074505806,"poses":{"Left Leg":{"Weight":1,"CFrame":[-0.39750561118125918,-0.01814889907836914,0.107535719871521,0.9666231274604797,-0.20523321628570558,0.1533590853214264,0.12461631000041962,0.8996352553367615,0.41848212480545046,-0.2238536924123764,-0.3854033946990967,0.8951836228370667],"EasingStyle":"Linear","EasingDirection":"In"},"Right Arm":{"Weight":1,"CFrame":[-0.473080039024353,0.12304753065109253,0.2747842073440552,-0.3897239863872528,-0.9195306897163391,-0.05077972635626793,0.12263856828212738,0.0028286287561059,-0.9924473762512207,0.9127295017242432,-0.3930080831050873,0.11166754364967346],"EasingStyle":"Linear","EasingDirection":"In"},"Head":{"Weight":1,"CFrame":[8.901315595721826e-8,-7.225310127978446e-9,0.016661882400512697,0.9997591376304627,-0.00884073693305254,0.020092537626624109,0.00956565048545599,0.999296247959137,-0.036271266639232638,-0.019757729023694993,0.03645472228527069,0.9991400241851807],"EasingStyle":"Linear","EasingDirection":"In"},"Right Leg":{"Weight":1,"CFrame":[0.4261253774166107,-0.020992040634155275,0.14390647411346436,0.9667271971702576,0.20099778473377229,-0.15823501348495484,-0.11573899537324906,0.8953037261962891,0.4301580786705017,0.22812926769256593,-0.39753153920173647,0.8887776732444763],"EasingStyle":"Linear","EasingDirection":"In"},"Torso":{"Weight":1,"CFrame":[0.000940892321523279,-0.0032229237258434297,0.03253340721130371,0.9999997615814209,-0.0004720557190012187,0.0005099959671497345,0.0004826753865927458,0.9997788071632385,-0.0210275836288929,-0.0004999568918719888,0.02102782391011715,0.9997787475585938],"EasingStyle":"Linear","EasingDirection":"In"},"HumanoidRootPart":{"Weight":1,"CFrame":[0,0,0,1,0,0,0,1,0,0,0,1],"EasingStyle":"Linear","EasingDirection":"In"},"Left Arm":{"Weight":1,"CFrame":[0.06730862706899643,-0.011909008026123047,0.189200758934021,0.6570504307746887,0.6526265740394592,0.37731075286865237,-0.7498936653137207,0.6170338988304138,0.23859721422195435,-0.07709871232509613,-0.43971338868141177,0.894822895526886],"EasingStyle":"Linear","EasingDirection":"In"}}},{"Time":0.06666667014360428,"poses":{"Left Leg":{"Weight":1,"CFrame":[-0.5559408068656921,0.008542418479919434,0.11082041263580322,0.9228211045265198,-0.36565569043159487,0.1212310865521431,0.27726173400878909,0.8489189147949219,0.4499587118625641,-0.26744529604911806,-0.3816187083721161,0.884782612323761],"EasingStyle":"Linear","EasingDirection":"In"},"Right Arm":{"Weight":1,"CFrame":[-0.473185658454895,0.1192290186882019,0.2763967514038086,-0.40969160199165347,-0.9090350270271301,-0.07621151208877564,0.08984857052564621,0.04292749613523483,-0.9950299859046936,0.9077885746955872,-0.41450291872024538,0.06408849358558655],"EasingStyle":"Linear","EasingDirection":"In"},"Head":{"Weight":1,"CFrame":[8.932693162932992e-8,-3.4791582947946155e-9,0.0166623592376709,0.9998067021369934,-0.008892535232007504,0.017533496022224428,0.01114464271813631,0.9910731911659241,-0.13285265862941743,-0.016195576637983323,0.1330224573612213,0.9909806847572327],"EasingStyle":"Linear","EasingDirection":"In"},"Right Leg":{"Weight":1,"CFrame":[0.5728802680969238,0.007290065288543701,0.1432182788848877,0.9264175891876221,0.3551102578639984,-0.1250878870487213,-0.2622602880001068,0.8470417857170105,0.46232008934020998,0.27012932300567629,-0.3954959213733673,0.877845823764801],"EasingStyle":"Linear","EasingDirection":"In"},"Torso":{"Weight":1,"CFrame":[0.0015757697401568294,0.02960863709449768,-0.07732129096984863,0.9999996423721314,-0.0005439671804197133,0.0007869615801610053,0.0005062234122306109,0.9988857507705689,0.04719160869717598,-0.0008117555407807231,-0.04719118773937225,0.9988855719566345],"EasingStyle":"Linear","EasingDirection":"In"},"HumanoidRootPart":{"Weight":1,"CFrame":[0,0,0,1,0,0,0,1,0,0,0,1],"EasingStyle":"Linear","EasingDirection":"In"},"Left Arm":{"Weight":1,"CFrame":[0.0663381814956665,0.0048806071281433109,0.2112969160079956,0.5840436220169067,0.6945430040359497,0.4201226234436035,-0.7941514253616333,0.5960204601287842,0.11867266148328781,-0.16797848045825959,-0.4029511511325836,0.8996743559837341],"EasingStyle":"Linear","EasingDirection":"In"}}},{"Time":0.0833333358168602,"poses":{"Left Leg":{"Weight":1,"CFrame":[-0.6388622522354126,0.05240601301193237,0.11224091053009033,0.8801451325416565,-0.4652181565761566,0.0944274365901947,0.3722650408744812,0.7998494505882263,0.47080761194229128,-0.2945559620857239,-0.3792269825935364,0.8771679997444153],"EasingStyle":"Linear","EasingDirection":"In"},"Right Arm":{"Weight":1,"CFrame":[-0.47342801094055178,0.11409860849380493,0.2785409688949585,-0.42512276768684389,-0.8995322585105896,-0.10056046396493912,0.0627061203122139,0.08156367391347885,-0.9946936964988709,0.9029610753059387,-0.42917266488075259,0.021731648594141008],"EasingStyle":"Linear","EasingDirection":"In"},"Head":{"Weight":1,"CFrame":[8.875213097780943e-8,-2.4345581550733187e-8,0.016661882400512697,0.9998512864112854,-0.009110123850405217,0.01464700885117054,0.012045073322951794,0.9765769839286804,-0.21483103930950166,-0.012346792966127396,0.21497546136379243,0.9765414595603943],"EasingStyle":"Linear","EasingDirection":"In"},"Right Leg":{"Weight":1,"CFrame":[0.6447719931602478,0.05578911304473877,0.1433194875717163,0.8882573843002319,0.44883841276168826,-0.09768691658973694,-0.3522850275039673,0.8021206259727478,0.4821804165840149,0.29477787017822268,-0.3938867151737213,0.8706085681915283],"EasingStyle":"Linear","EasingDirection":"In"},"Torso":{"Weight":1,"CFrame":[0.002330576069653034,0.046226292848587039,-0.19923114776611329,0.9999993443489075,-0.0005961664719507098,0.0010667179012671114,0.00048712478019297123,0.9950423240661621,0.09945139288902283,-0.0011207190109416843,-0.09945078939199448,0.9950419664382935],"EasingStyle":"Linear","EasingDirection":"In"},"HumanoidRootPart":{"Weight":1,"CFrame":[0,0,0,1,0,0,0,1,0,0,0,1],"EasingStyle":"Linear","EasingDirection":"In"},"Left Arm":{"Weight":1,"CFrame":[0.06588233262300492,0.019180774688720704,0.23297333717346192,0.501071572303772,0.7384239435195923,0.4512840509414673,-0.8211756944656372,0.5702757835388184,-0.021355565637350084,-0.2731257677078247,-0.3598828911781311,0.8921248912811279],"EasingStyle":"Linear","EasingDirection":"In"}}},{"Time":0.10000000149011612,"poses":{"Left Leg":{"Weight":1,"CFrame":[-0.678318202495575,0.1303306221961975,0.11249339580535889,0.8555160164833069,-0.5111579895019531,0.08252141624689102,0.41475698351860049,0.7719444632530212,0.4817451536655426,-0.3099498450756073,-0.3779144287109375,0.8724172711372376],"EasingStyle":"Linear","EasingDirection":"In"},"Right Arm":{"Weight":1,"CFrame":[-0.47376638650894167,0.10775250196456909,0.2810533046722412,-0.4369811415672302,-0.8908442258834839,-0.12427440285682678,0.040696460753679278,0.1184408888220787,-0.9921268224716187,0.8985495567321777,-0.43859827518463137,-0.015502204187214375],"EasingStyle":"Linear","EasingDirection":"In"},"Head":{"Weight":1,"CFrame":[8.905044523999095e-8,6.268760444072541e-8,0.016661763191223146,0.9998878836631775,-0.009457900188863278,0.011612304486334324,0.01220644824206829,0.9639046788215637,-0.26596784591674807,-0.008677658624947071,0.26607972383499148,0.9639120101928711],"EasingStyle":"Linear","EasingDirection":"In"},"Right Leg":{"Weight":1,"CFrame":[0.6708348393440247,0.14115291833877564,0.1433166265487671,0.8687168955802918,0.487807035446167,-0.08587852865457535,-0.38908857107162478,0.7793728113174439,0.491109162569046,0.3064979910850525,-0.3932205140590668,0.8668545484542847],"EasingStyle":"Linear","EasingDirection":"In"},"Torso":{"Weight":1,"CFrame":[0.0031821669545024635,0.034493058919906619,-0.3198680877685547,0.999998927116394,-0.0006250496953725815,0.001320403884164989,0.00046176809701137245,0.9927463531494141,0.12022694945335388,-0.0013859738828614355,-0.12022621184587479,0.992745578289032],"EasingStyle":"Linear","EasingDirection":"In"},"HumanoidRootPart":{"Weight":1,"CFrame":[0,0,0,1,0,0,0,1,0,0,0,1],"EasingStyle":"Linear","EasingDirection":"In"},"Left Arm":{"Weight":1,"CFrame":[0.0658826008439064,0.031037509441375734,0.2538776397705078,0.41103899478912356,0.7829803228378296,0.4668927490711212,-0.825385332107544,0.5370768308639526,-0.17403356730937959,-0.38702213764190676,-0.31383195519447329,0.8670200109481812],"EasingStyle":"Linear","EasingDirection":"In"}}},{"Time":0.11666666716337204,"poses":{"Left Leg":{"Weight":1,"CFrame":[-0.6888286471366882,0.23447978496551515,0.11256754398345947,0.8514975905418396,-0.5170854926109314,0.08703166246414185,0.41702425479888918,0.7684234380722046,0.4854030907154083,-0.317872017621994,-0.3770252466201782,0.8699479103088379],"EasingStyle":"Linear","EasingDirection":"In"},"Right Arm":{"Weight":1,"CFrame":[-0.47415798902511599,0.10028904676437378,0.28377532958984377,-0.4461234211921692,-0.882714569568634,-0.1476103514432907,0.02348613366484642,0.1533294916152954,-0.9878960847854614,0.8946632742881775,-0.44419029355049136,-0.047672223299741748],"EasingStyle":"Linear","EasingDirection":"In"},"Head":{"Weight":1,"CFrame":[8.781171345617622e-8,-2.2061385607230478e-8,0.016662240028381349,0.9999143481254578,-0.009887236170470715,0.008579700253903866,0.011923927813768387,0.9583888053894043,-0.2852170467376709,-0.005402687005698681,0.28529489040374758,0.9584246277809143],"EasingStyle":"Linear","EasingDirection":"In"},"Right Leg":{"Weight":1,"CFrame":[0.6660116314888,0.2532845735549927,0.14334702491760255,0.8693362474441528,0.4857847988605499,-0.09092636406421662,-0.38470765948295596,0.7806442975997925,0.49253886938095095,0.31024906039237978,-0.3932018280029297,0.8655274510383606],"EasingStyle":"Linear","EasingDirection":"In"},"Torso":{"Weight":1,"CFrame":[0.004117337986826897,-0.005512028932571411,-0.42790913581848147,0.9999986290931702,-0.0006341598927974701,0.0015312432078644634,0.0004637253296095878,0.9940586686134338,0.1088445857167244,-0.0015911703230813146,-0.10884371399879456,0.9940577149391174],"EasingStyle":"Linear","EasingDirection":"In"},"HumanoidRootPart":{"Weight":1,"CFrame":[0,0,0,1,0,0,0,1,0,0,0,1],"EasingStyle":"Linear","EasingDirection":"In"},"Left Arm":{"Weight":1,"CFrame":[0.066244937479496,0.040535688400268558,0.273624062538147,0.31873127818107607,0.826139509677887,0.46465444564819338,-0.8039357662200928,0.4953076243400574,-0.3291773498058319,-0.5020933151245117,-0.2686334550380707,0.8220331072807312],"EasingStyle":"Linear","EasingDirection":"In"}}},{"Time":0.13333334028720857,"poses":{"Left Leg":{"Weight":1,"CFrame":[-0.6805781722068787,0.33520567417144778,0.11439108848571778,0.8564221262931824,-0.5067313313484192,0.09881572425365448,0.40320611000061037,0.7760288715362549,0.4849783182144165,-0.322437584400177,-0.3755030930042267,0.8689254522323608],"EasingStyle":"Linear","EasingDirection":"In"},"Right Arm":{"Weight":1,"CFrame":[-0.47455987334251406,0.09180396795272827,0.2865520715713501,-0.4533337354660034,-0.8748486638069153,-0.17067097127437592,0.010900397785007954,0.18602074682712556,-0.982485294342041,0.8912742733955383,-0.44725409150123598,-0.07479333877563477],"EasingStyle":"Linear","EasingDirection":"In"},"Head":{"Weight":1,"CFrame":[8.91259333002381e-8,2.0087099983356894e-8,0.016662001609802247,0.9999305605888367,-0.010360181331634522,0.005622014403343201,0.011544925160706044,0.9570140242576599,-0.28981178998947146,-0.002377863973379135,0.289856493473053,0.9570672512054443],"EasingStyle":"Linear","EasingDirection":"In"},"Right Leg":{"Weight":1,"CFrame":[0.642189621925354,0.36080050468444826,0.1445857286453247,0.8780174255371094,0.4673539698123932,-0.1032748594880104,-0.3638871908187866,0.791973352432251,0.49026966094970705,0.31092050671577456,-0.39288488030433657,0.8654305338859558],"EasingStyle":"Linear","EasingDirection":"In"},"Torso":{"Weight":1,"CFrame":[0.005174888763576746,-0.05793723464012146,-0.5157794952392578,0.9999982714653015,-0.0006617901381105185,0.0017456815112382174,0.0005131644429638982,0.9964819550514221,0.0838058665394783,-0.0017950020264834166,-0.08380482345819473,0.9964805841445923],"EasingStyle":"Linear","EasingDirection":"In"},"HumanoidRootPart":{"Weight":1,"CFrame":[0,0,0,1,0,0,0,1,0,0,0,1],"EasingStyle":"Linear","EasingDirection":"In"},"Left Arm":{"Weight":1,"CFrame":[0.06685053557157517,0.047819674015045169,0.29180681705474856,0.22997929155826569,0.865524411201477,0.4449462294578552,-0.7582783102989197,0.4459495544433594,-0.4755450189113617,-0.610019326210022,-0.22802768647670747,0.7588674426078796],"EasingStyle":"Linear","EasingDirection":"In"}}},{"Time":0.15000000596046449,"poses":{"Left Leg":{"Weight":1,"CFrame":[-0.6640640497207642,0.4076361656188965,0.11807799339294434,0.8614713549613953,-0.4955810010433197,0.11075443774461746,0.3890756666660309,0.7843167185783386,0.4831845462322235,-0.32632362842559817,-0.3731578290462494,0.8684849739074707],"EasingStyle":"Linear","EasingDirection":"In"},"Right Arm":{"Weight":1,"CFrame":[-0.47492945194244387,0.08239644765853882,0.2892303466796875,-0.4593481719493866,-0.8669400215148926,-0.19342832267284394,0.0029020693618804218,0.21629582345485688,-0.9763235449790955,0.8882516026496887,-0.4490337371826172,-0.09683922678232193],"EasingStyle":"Linear","EasingDirection":"In"},"Head":{"Weight":1,"CFrame":[8.819915819913149e-8,8.269125828519464e-9,0.016662240028381349,0.9999374747276306,-0.010833542793989182,0.00279251323081553,0.011177058331668377,0.9564170837402344,-0.2917901873588562,0.0004902689252048731,0.29180312156677248,0.9564783573150635],"EasingStyle":"Linear","EasingDirection":"In"},"Right Leg":{"Weight":1,"CFrame":[0.6110719442367554,0.43825483322143557,0.14640593528747559,0.8861569166183472,0.448720782995224,-0.11565293371677399,-0.3429800868034363,0.8029691576957703,0.4874477684497833,0.3115937113761902,-0.39228853583335879,0.8654589056968689],"EasingStyle":"Linear","EasingDirection":"In"},"Torso":{"Weight":1,"CFrame":[0.00641096755862236,-0.11094416677951813,-0.5752851963043213,0.9999976754188538,-0.0007518916972912848,0.002031258074566722,0.0006312925252132118,0.9982736110687256,0.0587332583963871,-0.002071912167593837,-0.05873184651136398,0.998271644115448],"EasingStyle":"Linear","EasingDirection":"In"},"HumanoidRootPart":{"Weight":1,"CFrame":[0,0,0,1,0,0,0,1,0,0,0,1],"EasingStyle":"Linear","EasingDirection":"In"},"Left Arm":{"Weight":1,"CFrame":[0.06757425516843796,0.05311232805252075,0.3080258369445801,0.15027442574501038,0.8990996479988098,0.4111415147781372,-0.6944907903671265,0.3919787108898163,-0.6033534407615662,-0.7036334872245789,-0.19486568868160249,0.6833208203315735],"EasingStyle":"Linear","EasingDirection":"In"}}},{"Time":0.1666666716337204,"poses":{"Left Leg":{"Weight":1,"CFrame":[-0.6510974764823914,0.4298182725906372,0.12266123294830322,0.8597509860992432,-0.4973844587802887,0.11591840535402298,0.3886933922767639,0.7844892144203186,0.4832123816013336,-0.33127909898757937,-0.3703855276107788,0.8677953481674194],"EasingStyle":"Linear","EasingDirection":"In"},"Right Arm":{"Weight":1,"CFrame":[-0.4752247929573059,0.07216060161590576,0.29165804386138918,-0.46487870812416079,-0.8586852550506592,-0.21574848890304566,-0.000431612366810441,0.24390046298503877,-0.9698002934455872,0.8853742480278015,-0.4507463872432709,-0.11375467479228974],"EasingStyle":"Linear","EasingDirection":"In"},"Head":{"Weight":1,"CFrame":[8.732604328542948e-8,2.0705556380562485e-8,0.016662120819091798,0.9999366402626038,-0.011262908577919007,0.00014029671729076654,0.010775674134492875,0.9529038667678833,-0.30308130383491518,0.0032798692118376495,0.30306360125541689,0.9529647827148438],"EasingStyle":"Linear","EasingDirection":"In"},"Right Leg":{"Weight":1,"CFrame":[0.5868279933929443,0.46399545669555666,0.14741253852844239,0.887336790561676,0.4449361264705658,-0.12109994888305664,-0.3372522294521332,0.8052960634231567,0.487605482339859,0.3144747018814087,-0.39182913303375246,0.8646246194839478],"EasingStyle":"Linear","EasingDirection":"In"},"Torso":{"Weight":1,"CFrame":[0.007881812751293183,-0.15262776613235475,-0.5972537994384766,0.999996542930603,-0.0009527995716780424,0.002455615671351552,0.0008355096797458828,0.9988789558410645,0.047330182045698169,-0.0024979589506983759,-0.04732796549797058,0.9988762736320496],"EasingStyle":"Linear","EasingDirection":"In"},"HumanoidRootPart":{"Weight":1,"CFrame":[0,0,0,1,0,0,0,1,0,0,0,1],"EasingStyle":"Linear","EasingDirection":"In"},"Left Arm":{"Weight":1,"CFrame":[0.0683068186044693,0.05669623613357544,0.321913480758667,0.08346179127693176,0.9257018566131592,0.36893129348754885,-0.6220662593841553,0.3376276195049286,-0.7064285278320313,-0.7785035967826843,-0.17054007947444917,0.6040268540382385],"EasingStyle":"Linear","EasingDirection":"In"}}},{"Time":0.18333333730697633,"poses":{"Left Leg":{"Weight":1,"CFrame":[-0.6432551741600037,0.4109148383140564,0.12752699851989747,0.8517957925796509,-0.5112572312355042,0.1142803430557251,0.40116333961486819,0.7768587470054627,0.4853438138961792,-0.33691519498825076,-0.3675687611103058,0.8668226599693298],"EasingStyle":"Linear","EasingDirection":"In"},"Right Arm":{"Weight":1,"CFrame":[-0.47540485858917239,0.061190009117126468,0.293682336807251,-0.47062721848487856,-0.8497921228408814,-0.23741011321544648,0.0010650636395439506,0.2685238718986511,-0.9632725119590759,0.8823315501213074,-0.4535950720310211,-0.12546953558921815],"EasingStyle":"Linear","EasingDirection":"In"},"Head":{"Weight":1,"CFrame":[8.947972673922777e-8,2.964043233077973e-8,0.016662120819091798,0.999930202960968,-0.011590068228542805,-0.0022893494460731746,0.01023269072175026,0.9465240836143494,-0.3224709928035736,0.005904390476644039,0.32242506742477419,0.9465765953063965],"EasingStyle":"Linear","EasingDirection":"In"},"Right Leg":{"Weight":1,"CFrame":[0.5674678683280945,0.44868355989456179,0.14402759075164796,0.8833247423171997,0.4532632529735565,-0.1195390447974205,-0.3439518213272095,0.7999680042266846,0.49167928099632265,0.31848764419555666,-0.39319685101509097,0.862532377243042],"EasingStyle":"Linear","EasingDirection":"In"},"Torso":{"Weight":1,"CFrame":[0.009644558653235436,-0.18230397999286652,-0.5891644954681397,0.9999943971633911,-0.0013055382296442986,0.0030874954536557199,0.0011506122536957265,0.9987655878067017,0.04965865984559059,-0.0031485152430832388,-0.049654826521873477,0.9987614750862122],"EasingStyle":"Linear","EasingDirection":"In"},"HumanoidRootPart":{"Weight":1,"CFrame":[0,0,0,1,0,0,0,1,0,0,0,1],"EasingStyle":"Linear","EasingDirection":"In"},"Left Arm":{"Weight":1,"CFrame":[0.06896745413541794,0.0588870644569397,0.3331468105316162,0.03113757073879242,0.9452028274536133,0.32499563694000246,-0.5517964959144592,0.28736937046051028,-0.7829046249389648,-0.833397388458252,-0.15495383739471436,0.530507504940033],"EasingStyle":"Linear","EasingDirection":"In"}}},{"Time":0.20000000298023225,"poses":{"Left Leg":{"Weight":1,"CFrame":[-0.6330776214599609,0.3778844475746155,0.13251543045043946,0.8432152271270752,-0.5260518193244934,0.11071367561817169,0.4152314364910126,0.7681516408920288,0.48736634850502016,-0.3414248824119568,-0.3649829626083374,0.866150438785553],"EasingStyle":"Linear","EasingDirection":"In"},"Right Arm":{"Weight":1,"CFrame":[-0.475429505109787,0.049575984477996829,0.29515206813812258,-0.47729039192199709,-0.8399789929389954,-0.2581263780593872,0.007615304552018642,0.2897791564464569,-0.9570632576942444,0.8787126541137695,-0.4587627649307251,-0.13191215693950654],"EasingStyle":"Linear","EasingDirection":"In"},"Head":{"Weight":1,"CFrame":[8.88976501300931e-8,-2.204615157097578e-9,0.016661524772644044,0.9999212026596069,-0.011738846078515053,-0.004451538901776075,0.009531054645776749,0.9405831694602966,-0.33942973613739016,0.0081715676933527,0.3393605351448059,0.9406208992004395],"EasingStyle":"Linear","EasingDirection":"In"},"Right Leg":{"Weight":1,"CFrame":[0.5413259863853455,0.41985124349594118,0.13497912883758546,0.8801119923591614,0.460397332906723,-0.11591845750808716,-0.34981751441955569,0.7939316034317017,0.4972931146621704,0.3209838271141052,-0.3971233367919922,0.8598037362098694],"EasingStyle":"Linear","EasingDirection":"In"},"Torso":{"Weight":1,"CFrame":[0.01175871305167675,-0.20741789042949677,-0.5674653053283691,0.9999904036521912,-0.001839249744080007,0.003998511470854282,0.0016128798015415669,0.9984351992607117,0.05589776486158371,-0.00409506494179368,-0.0558907650411129,0.9984285831451416],"EasingStyle":"Linear","EasingDirection":"In"},"HumanoidRootPart":{"Weight":1,"CFrame":[0,0,0,1,0,0,0,1,0,0,0,1],"EasingStyle":"Linear","EasingDirection":"In"},"Left Arm":{"Weight":1,"CFrame":[0.06950390338897705,0.0600016713142395,0.34143948554992678,-0.007058623246848583,0.958286702632904,0.2857218086719513,-0.49383994936943056,0.2451137900352478,-0.8342909216880798,-0.8695242404937744,-0.14698980748653413,0.47151002287864687],"EasingStyle":"Linear","EasingDirection":"In"}}},{"Time":0.21666666865348817,"poses":{"Left Leg":{"Weight":1,"CFrame":[-0.6189092993736267,0.33662253618240359,0.13727200031280518,0.8350583910942078,-0.5398995280265808,0.10576383024454117,0.42909684777259829,0.7594667077064514,0.4889645278453827,-0.34431585669517519,-0.3629310131072998,0.8658682107925415],"EasingStyle":"Linear","EasingDirection":"In"},"Right Arm":{"Weight":1,"CFrame":[-0.4752584397792816,0.0374068021774292,0.2959175109863281,-0.48555856943130495,-0.8289682269096375,-0.2775687873363495,0.01945878192782402,0.3071832060813904,-0.9514515399932861,0.87398761510849,-0.4673865735530853,-0.13302455842494965],"EasingStyle":"Linear","EasingDirection":"In"},"Head":{"Weight":1,"CFrame":[8.850474841892719e-8,3.777677193284035e-8,0.016662120819091798,0.999912440776825,-0.011636766605079174,-0.006300405599176884,0.008676411584019661,0.9360231757164002,-0.35183149576187136,0.009991527535021305,0.35174602270126345,0.9360421895980835],"EasingStyle":"Linear","EasingDirection":"In"},"Right Leg":{"Weight":1,"CFrame":[0.5089939832687378,0.38252490758895876,0.1225508451461792,0.877946674823761,0.46573105454444888,-0.11092416197061539,-0.3545019030570984,0.7881156206130981,0.5031921863555908,0.32177332043647768,-0.40245309472084048,0.8570260405540466],"EasingStyle":"Linear","EasingDirection":"In"},"Torso":{"Weight":1,"CFrame":[0.01428036019206047,-0.22825637459754945,-0.5360255241394043,0.9999828338623047,-0.0025942157953977587,0.005256127566099167,0.002247498370707035,0.997887372970581,0.0649290457367897,-0.005413463339209557,-0.06491611897945404,0.9978760480880737],"EasingStyle":"Linear","EasingDirection":"In"},"HumanoidRootPart":{"Weight":1,"CFrame":[0,0,0,1,0,0,0,1,0,0,0,1],"EasingStyle":"Linear","EasingDirection":"In"},"Left Arm":{"Weight":1,"CFrame":[0.0698821097612381,0.06033682823181152,0.3465261459350586,-0.032536301761865619,0.9660051465034485,0.2564672827720642,-0.45670080184936526,0.21387799084186555,-0.8635280132293701,-0.8890252113342285,-0.14522482454776765,0.4342164993286133],"EasingStyle":"Linear","EasingDirection":"In"}}},{"Time":0.23333333432674409,"poses":{"Left Leg":{"Weight":1,"CFrame":[-0.5992281436920166,0.29328036308288576,0.14134156703948975,0.8285359144210815,-0.550934374332428,0.09999880939722061,0.44097134470939639,0.7520728707313538,0.4898272454738617,-0.345069020986557,-0.36174276471138,0.8660656213760376],"EasingStyle":"Linear","EasingDirection":"In"},"Right Arm":{"Weight":1,"CFrame":[-0.4748515784740448,0.024764418601989747,0.2958320379257202,-0.4961041212081909,-0.8164695501327515,-0.2953954041004181,0.036798350512981418,0.3201368451118469,-0.9466562867164612,0.8674829602241516,-0.48051023483276369,-0.12877659499645234],"EasingStyle":"Linear","EasingDirection":"In"},"Head":{"Weight":1,"CFrame":[8.725328370928765e-8,3.635796019807458e-8,0.016661882400512697,0.9999020099639893,-0.011322174221277237,-0.008234252221882344,0.007626459933817387,0.933755099773407,-0.35783156752586367,0.011740228161215783,0.35773366689682009,0.9337498545646668],"EasingStyle":"Linear","EasingDirection":"In"},"Right Leg":{"Weight":1,"CFrame":[0.47299501299858096,0.34078729152679446,0.11045098304748535,0.876508355140686,0.46971648931503298,-0.10535375773906708,-0.35867348313331606,0.7832099795341492,0.5078735947608948,0.3210708498954773,-0.4073678255081177,0.8549649119377136],"EasingStyle":"Linear","EasingDirection":"In"},"Torso":{"Weight":1,"CFrame":[0.0172649584710598,-0.24510514736175538,-0.4987058639526367,0.999969482421875,-0.0036123001482337715,0.006927040871232748,0.0030780984088778497,0.9971308708190918,0.07563555985689163,-0.007180382963269949,-0.07561192661523819,0.9971115589141846],"EasingStyle":"Linear","EasingDirection":"In"},"HumanoidRootPart":{"Weight":1,"CFrame":[0,0,0,1,0,0,0,1,0,0,0,1],"EasingStyle":"Linear","EasingDirection":"In"},"Left Arm":{"Weight":1,"CFrame":[0.07007089257240296,0.060153305530548099,0.3481353521347046,-0.046644389629364017,0.9693000316619873,0.24141612648963929,-0.44710227847099306,0.19586029648780824,-0.872776210308075,-0.8932659029960632,-0.14864778518676759,0.42424044013023379],"EasingStyle":"Linear","EasingDirection":"In"}}},{"Time":0.25,"poses":{"Left Leg":{"Weight":1,"CFrame":[-0.572212815284729,0.25418049097061159,0.1441488265991211,0.8251354694366455,-0.5570589303970337,0.09400369226932526,0.44886288046836855,0.7475013136863709,0.489656925201416,-0.34303563833236697,-0.36183854937553408,0.866832971572876],"EasingStyle":"Linear","EasingDirection":"In"},"Right Arm":{"Weight":1,"CFrame":[-0.46338996291160586,0.011456310749053955,0.2893632650375366,-0.49643170833587649,-0.8108280301094055,-0.3100217878818512,0.06904031336307526,0.3191267251968384,-0.9451939463615418,0.865325927734375,-0.49062830209732058,-0.1024448573589325],"EasingStyle":"Linear","EasingDirection":"In"},"Head":{"Weight":1,"CFrame":[8.166534826159477e-8,-3.239256329834461e-8,0.016662240028381349,0.9998835325241089,-0.010850994847714901,-0.010730814188718796,0.006302902474999428,0.934015154838562,-0.35717788338661196,0.013898506760597229,0.35706865787506106,0.9339748024940491],"EasingStyle":"Linear","EasingDirection":"In"},"Right Leg":{"Weight":1,"CFrame":[0.43825700879096987,0.2979689836502075,0.10393548011779785,0.874825119972229,0.4739682972431183,-0.1001744344830513,-0.364061564207077,0.7796518206596375,0.5095116496086121,0.3195936381816864,-0.4092639982700348,0.8546127676963806],"EasingStyle":"Linear","EasingDirection":"In"},"Torso":{"Weight":1,"CFrame":[0.020768217742443086,-0.2582464814186096,-0.45934152603149416,0.9999467134475708,-0.004935708828270435,0.009078256785869599,0.004128274507820606,0.996208131313324,0.08690430968999863,-0.009472766891121865,-0.08686218410730362,0.9961754083633423],"EasingStyle":"Linear","EasingDirection":"In"},"HumanoidRootPart":{"Weight":1,"CFrame":[0,0,0,1,0,0,0,1,0,0,0,1],"EasingStyle":"Linear","EasingDirection":"In"},"Left Arm":{"Weight":1,"CFrame":[0.11419088393449784,0.034928739070892337,0.3376312255859375,-0.04837767407298088,0.9721371531486511,0.22936634719371797,-0.4671017527580261,0.18095868825912476,-0.8654882907867432,-0.8828791379928589,-0.14900778234004975,0.4453325569629669],"EasingStyle":"Linear","EasingDirection":"In"}}},{"Time":0.2666666805744171,"poses":{"Left Leg":{"Weight":1,"CFrame":[-0.5357769131660461,0.2257997989654541,0.14499342441558839,0.8265500664710999,-0.5558827519416809,0.08837052434682846,0.4505099952220917,0.7474774122238159,0.4881784915924072,-0.3374249339103699,-0.36369216442108157,0.8682583570480347],"EasingStyle":"Linear","EasingDirection":"In"},"Right Arm":{"Weight":1,"CFrame":[-0.4320128262042999,-0.002643972635269165,0.27212631702423098,-0.47460561990737917,-0.8200677633285523,-0.31974750757217409,0.12530963122844697,0.296615868806839,-0.9467400312423706,0.8712331056594849,-0.48939555883407595,-0.03801312297582626],"EasingStyle":"Linear","EasingDirection":"In"},"Head":{"Weight":1,"CFrame":[9.225914254784584e-8,6.072514224797487e-8,0.016661882400512697,0.9998524188995361,-0.010158066637814045,-0.013856153935194016,0.004664444364607334,0.936694324016571,-0.350117027759552,0.01653553545475006,0.3500007688999176,0.9366034865379334],"EasingStyle":"Linear","EasingDirection":"In"},"Right Leg":{"Weight":1,"CFrame":[0.40875276923179629,0.2576678991317749,0.1082768440246582,0.8722261190414429,0.4794885516166687,-0.09650002419948578,-0.3718074560165405,0.7782054543495178,0.5061180591583252,0.3177747428417206,-0.40557006001472475,0.857048511505127],"EasingStyle":"Linear","EasingDirection":"In"},"Torso":{"Weight":1,"CFrame":[0.024847451597452165,-0.2679580748081207,-0.42172813415527346,0.9999088048934937,-0.006605077534914017,0.011778727173805237,0.0054239858873188499,0.995208203792572,0.0976281687617302,-0.01236712746322155,-0.09755536913871765,0.9951532483100891],"EasingStyle":"Linear","EasingDirection":"In"},"HumanoidRootPart":{"Weight":1,"CFrame":[0,0,0,1,0,0,0,1,0,0,0,1],"EasingStyle":"Linear","EasingDirection":"In"},"Left Arm":{"Weight":1,"CFrame":[0.19613367319107057,-0.01682141423225403,0.3091179132461548,-0.038164906203746799,0.9775812029838562,0.20707106590270997,-0.5127931833267212,0.15869665145874024,-0.8437171578407288,-0.8576635122299194,-0.13838519155979157,0.4952405095100403],"EasingStyle":"Linear","EasingDirection":"In"}}},{"Time":0.28333333134651186,"poses":{"Left Leg":{"Weight":1,"CFrame":[-0.49761050939559939,0.20837420225143434,0.14375722408294679,0.8310518860816956,-0.5499171018600464,0.08333111554384232,0.44757404923439028,0.7501509785652161,0.4867762625217438,-0.33019745349884035,-0.3672393262386322,0.8695429563522339],"EasingStyle":"Linear","EasingDirection":"In"},"Right Arm":{"Weight":1,"CFrame":[-0.3836215138435364,-0.017377078533172609,0.24578452110290528,-0.43097907304763796,-0.8431264758110046,-0.32155054807662966,0.2069014459848404,0.254518061876297,-0.944675862789154,0.8783217072486877,-0.47366470098495486,0.06475219130516052],"EasingStyle":"Linear","EasingDirection":"In"},"Head":{"Weight":1,"CFrame":[8.335337042808533e-8,-6.824848242104054e-8,0.01666259765625,0.9998019337654114,-0.009159743785858155,-0.017671406269073488,0.002672339789569378,0.9415544271469116,-0.33685052394866946,0.01972406730055809,0.3367365300655365,0.9413923621177673],"EasingStyle":"Linear","EasingDirection":"In"},"Right Leg":{"Weight":1,"CFrame":[0.38635295629501345,0.22234386205673219,0.11882901191711426,0.8689578771591187,0.485769122838974,-0.09455375373363495,-0.3805674910545349,0.7780548334121704,0.49979910254478457,0.31635501980781557,-0.3983203172683716,0.8609648942947388],"EasingStyle":"Linear","EasingDirection":"In"},"Torso":{"Weight":1,"CFrame":[0.02956341952085495,-0.27451202273368838,-0.38962745666503909,0.9998486042022705,-0.008656898513436318,0.015101597644388676,0.006996880751103163,0.9942660331726074,0.10670656710863114,-0.01593874953687191,-0.10658473521471024,0.9941759705543518],"EasingStyle":"Linear","EasingDirection":"In"},"HumanoidRootPart":{"Weight":1,"CFrame":[0,0,0,1,0,0,0,1,0,0,0,1],"EasingStyle":"Linear","EasingDirection":"In"},"Left Arm":{"Weight":1,"CFrame":[0.2405126541852951,-0.060285985469818118,0.266445517539978,-0.018958650529384614,0.984585702419281,0.1738724559545517,-0.5805990695953369,0.13073593378067017,-0.8036247491836548,-0.8139688968658447,-0.11618584394454956,0.5691709518432617],"EasingStyle":"Linear","EasingDirection":"In"}}},{"Time":0.30000001192092898,"poses":{"Left Leg":{"Weight":1,"CFrame":[-0.4732915759086609,0.19743388891220094,0.14169645309448243,0.8342767953872681,-0.5456689596176148,0.07891599088907242,0.44516217708587649,0.751115083694458,0.48750054836273196,-0.32528895139694216,-0.3715800344944,0.8695489764213562],"EasingStyle":"Linear","EasingDirection":"In"},"Right Arm":{"Weight":1,"CFrame":[-0.3211035132408142,-0.03258487582206726,0.21211326122283936,-0.36560216546058657,-0.8779398798942566,-0.3091220557689667,0.31554049253463747,0.19553959369659425,-0.9285464882850647,0.8756536245346069,-0.4370192289352417,0.20553602278232575],"EasingStyle":"Linear","EasingDirection":"In"},"Head":{"Weight":1,"CFrame":[9.16188582777977e-8,2.962769940495491e-8,0.016662001609802247,0.9997227787971497,-0.007755006197839975,-0.022231632843613626,0.00029408486443571746,0.9482421278953552,-0.31754836440086367,0.02354356460273266,0.3174537420272827,0.9479815363883972],"EasingStyle":"Linear","EasingDirection":"In"},"Right Leg":{"Weight":1,"CFrame":[0.3751499354839325,0.1927121877670288,0.12817823886871339,0.8648041486740112,0.49322396516799929,-0.09404131770133972,-0.3894858956336975,0.777158260345459,0.49429333209991457,0.3168824017047882,-0.39083924889564516,0.8641934394836426],"EasingStyle":"Linear","EasingDirection":"In"},"Torso":{"Weight":1,"CFrame":[0.03498261421918869,-0.2781771421432495,-0.3667716979980469,0.999755322933197,-0.011120217852294445,0.019126981496810914,0.008888504467904568,0.9935503602027893,0.1130429059267044,-0.020260684192180635,-0.11284522712230683,0.9934059977531433],"EasingStyle":"Linear","EasingDirection":"In"},"HumanoidRootPart":{"Weight":1,"CFrame":[0,0,0,1,0,0,0,1,0,0,0,1],"EasingStyle":"Linear","EasingDirection":"In"},"Left Arm":{"Weight":1,"CFrame":[0.21710044145584107,-0.08297035098075867,0.2138972282409668,0.005694590043276548,0.9916934370994568,0.12849761545658112,-0.6656609177589417,0.09965162724256516,-0.7395709156990051,-0.7462327480316162,-0.0813244879245758,0.6606991291046143],"EasingStyle":"Linear","EasingDirection":"In"}}},{"Time":0.3166666626930237,"poses":{"Left Leg":{"Weight":1,"CFrame":[-0.4721969664096832,0.19231939315795899,0.1399928331375122,0.83409184217453,-0.5464452505111694,0.07542084157466889,0.4458668828010559,0.7483507990837097,0.49109458923339846,-0.3247975707054138,-0.3759903311729431,0.8678351044654846],"EasingStyle":"Linear","EasingDirection":"In"},"Right Arm":{"Weight":1,"CFrame":[-0.24728669226169587,-0.048028916120529178,0.17298352718353272,-0.28040364384651186,-0.9201599359512329,-0.27327513694763186,0.4503616392612457,0.12529918551445008,-0.8840105533599854,0.8476722836494446,-0.37095242738723757,0.37927043437957766],"EasingStyle":