{"Sequence":[{"Time":0,"poses":{"PartBottomf7c795":{"Weight":1,"CFrame":[0,-0.029274940490722657,0,1,0,2.9802322387695315e-8,0,1,0,-2.9802322387695315e-8,0,1],"EasingStyle":"Linear","EasingDirection":"In"},"PartTopf38fb8":{"Weight":1,"CFrame":[-7.450580596923828e-8,0.5328164100646973,4.470348358154297e-8,1,0,2.9802322387695315e-8,0,1,0,-2.9802322387695315e-8,0,1],"EasingStyle":"Linear","EasingDirection":"In"},"Torso":{"Weight":1,"CFrame":[-0.2068008929491043,-0.08590313792228699,0.5417168140411377,0.9023756384849548,0.42326289415359499,0.0810357928276062,-0.4292307198047638,0.8659598231315613,0.2566604018211365,0.03846106678247452,-0.2663871645927429,0.9630984663963318],"EasingStyle":"Linear","EasingDirection":"In"},"PartBottom9b35fd":{"Weight":1,"CFrame":[0,-0.029274940490722657,0,1,0,2.9802322387695315e-8,0,1,0,-2.9802322387695315e-8,0,1],"EasingStyle":"Linear","EasingDirection":"In"},"PartTopb73e24":{"Weight":1,"CFrame":[7.450580596923828e-8,-0.5922203063964844,-4.470348358154297e-8,1,0,2.9802322387695315e-8,0,1,0,-2.9802322387695315e-8,0,1],"EasingStyle":"Linear","EasingDirection":"In"},"PartTop787d16":{"Weight":1,"CFrame":[-4.3213367462158205e-7,-0.5922203063964844,1.490117540470237e-8,1,0,2.9802322387695315e-8,0,1,0,-2.9802322387695315e-8,0,1],"EasingStyle":"Linear","EasingDirection":"In"},"PartTop088139":{"Weight":1,"CFrame":[-4.023313522338867e-7,-0.05384397506713867,4.4703490686970329e-8,1,0,2.9802322387695315e-8,0,1,0,-2.9802322387695315e-8,0,1],"EasingStyle":"Linear","EasingDirection":"In"},"Head":{"Weight":1,"CFrame":[6.705522537231445e-8,-1.1082738637924194e-7,0,0.9982296228408814,0.009644639678299427,0.058691754937171939,-0.009595830924808979,0.9999533295631409,-0.0011145658791065217,-0.05869976431131363,0.0005493350909091532,0.9982755184173584],"EasingStyle":"Linear","EasingDirection":"In"},"PartBottomc4e6fa":{"Weight":1,"CFrame":[0,-0.029274940490722657,0,1,0,2.9802322387695315e-8,0,1,0,-2.9802322387695315e-8,0,1],"EasingStyle":"Linear","EasingDirection":"In"},"PartTopc27b85":{"Weight":1,"CFrame":[1.043081283569336e-7,0.31667548418045046,-4.470348358154297e-8,1,0,2.9802322387695315e-8,0,0.9999999403953552,0,-2.9802322387695315e-8,0,1],"EasingStyle":"Linear","EasingDirection":"In"},"PartBottom8bfdf0":{"Weight":1,"CFrame":[0,-0.029274940490722657,0,1,0,2.9802322387695315e-8,0,1,0,-2.9802322387695315e-8,0,1],"EasingStyle":"Linear","EasingDirection":"In"},"Left Arm":{"Weight":1,"CFrame":[-0.2684072256088257,-0.12598907947540284,0.06458646059036255,-0.2893747389316559,0.9458270072937012,0.14721988141536714,-0.6769071817398071,-0.3109447658061981,0.6671658754348755,0.6768006682395935,0.09340659528970719,0.7302165627479553],"EasingStyle":"Linear","EasingDirection":"In"},"PartBottom05e438":{"Weight":1,"CFrame":[0,-0.029274940490722657,0,1,0,2.9802322387695315e-8,0,1,0,-2.9802322387695315e-8,0,1],"EasingStyle":"Linear","EasingDirection":"In"},"PartBottom01964a":{"Weight":1,"CFrame":[0,-0.029274940490722657,0,1,0,2.9802322387695315e-8,0,1,0,-2.9802322387695315e-8,0,1],"EasingStyle":"Linear","EasingDirection":"In"},"PartTopb1cc9d":{"Weight":1,"CFrame":[1.639127589214695e-7,-0.9480500221252441,-5.513429641723633e-7,1,0,2.9802322387695315e-8,0,0.9999999403953552,0,-2.9802322387695315e-8,0,1],"EasingStyle":"Linear","EasingDirection":"In"},"PartTop9b35fd":{"Weight":1,"CFrame":[6.705522537231445e-7,-0.6094048619270325,-2.2351743211856957e-7,1,0,2.9802322387695315e-8,0,0.9999999403953552,0,-2.9802322387695315e-8,0,1],"EasingStyle":"Linear","EasingDirection":"In"},"PartBottom324856":{"Weight":1,"CFrame":[0,-0.029274940490722657,0,1,0,2.9802322387695315e-8,0,1,0,-2.9802322387695315e-8,0,1],"EasingStyle":"Linear","EasingDirection":"In"},"PartBottomab7714":{"Weight":1,"CFrame":[0,-0.029274940490722657,0,1,0,2.9802322387695315e-8,0,1,0,-2.9802322387695315e-8,0,1],"EasingStyle":"Linear","EasingDirection":"In"},"PartTop1a4479":{"Weight":1,"CFrame":[-2.2351740369686014e-7,-0.3313775062561035,4.6193599700927737e-7,1,0,2.9802322387695315e-8,0,1,0,-2.9802322387695315e-8,0,1],"EasingStyle":"Linear","EasingDirection":"In"},"PartBottom36a32f":{"Weight":1,"CFrame":[0,-0.029274940490722657,0,1,0,2.9802322387695315e-8,0,1,0,-2.9802322387695315e-8,0,1],"EasingStyle":"Linear","EasingDirection":"In"},"PartBottomf9fc54":{"Weight":1,"CFrame":[0,-0.029274940490722657,0,1,0,2.9802322387695315e-8,0,1,0,-2.9802322387695315e-8,0,1],"EasingStyle":"Linear","EasingDirection":"In"},"PartTopab7714":{"Weight":1,"CFrame":[-1.341104507446289e-7,-0.04778718948364258,7.450580596923828e-8,1,0,2.9802322387695315e-8,0,1,0,-2.9802322387695315e-8,0,1],"EasingStyle":"Linear","EasingDirection":"In"},"PartTop9ca183":{"Weight":1,"CFrame":[2.8312206268310549e-7,-0.9464936256408691,-1.4901168299275015e-8,1,0,2.9802322387695315e-8,0,1,0,-2.9802322387695315e-8,0,1],"EasingStyle":"Linear","EasingDirection":"In"},"PartBottom234cac":{"Weight":1,"CFrame":[0,-0.029274940490722657,0,1,0,2.9802322387695315e-8,0,1,0,-2.9802322387695315e-8,0,1],"EasingStyle":"Linear","EasingDirection":"In"},"PartTop6df7de":{"Weight":1,"CFrame":[4.470348358154297e-8,0.28411388397216799,4.470348358154297e-8,1,0,2.9802322387695315e-8,0,1,0,-2.9802322387695315e-8,0,1],"EasingStyle":"Linear","EasingDirection":"In"},"PartBottom146c80":{"Weight":1,"CFrame":[0,-0.029274940490722657,0,1,0,2.9802322387695315e-8,0,1,0,-2.9802322387695315e-8,0,1],"EasingStyle":"Linear","EasingDirection":"In"},"PartTop36a32f":{"Weight":1,"CFrame":[-1.6391277313232423e-7,-0.9464936256408691,4.470348713425665e-8,1,0,2.9802322387695315e-8,0,1,0,-2.9802322387695315e-8,0,1],"EasingStyle":"Linear","EasingDirection":"In"},"PartTop8d52da":{"Weight":1,"CFrame":[-1.4901161193847657e-8,0.530861496925354,-1.4901161193847657e-8,1,0,2.9802322387695315e-8,0,1,0,-2.9802322387695315e-8,0,1],"EasingStyle":"Linear","EasingDirection":"In"},"PartTopf3dcc6":{"Weight":1,"CFrame":[1.4901161193847657e-8,0.31667548418045046,1.4901161193847657e-8,1,0,2.9802322387695315e-8,0,0.9999999403953552,0,-2.9802322387695315e-8,0,1],"EasingStyle":"Linear","EasingDirection":"In"},"PartTopc4e6fa":{"Weight":1,"CFrame":[1.341104507446289e-7,-0.03395223617553711,2.5331974029541018e-7,1,0,2.9802322387695315e-8,0,1,0,-2.9802322387695315e-8,0,1],"EasingStyle":"Linear","EasingDirection":"In"},"PartTop2fb164":{"Weight":1,"CFrame":[4.4703490686970329e-8,-0.6094048619270325,1.9371509552001954e-7,1,0,2.9802322387695315e-8,0,0.9999999403953552,0,-2.9802322387695315e-8,0,1],"EasingStyle":"Linear","EasingDirection":"In"},"PartBottomba8419":{"Weight":1,"CFrame":[0,-0.029274940490722657,0,1,0,2.9802322387695315e-8,0,1,0,-2.9802322387695315e-8,0,1],"EasingStyle":"Linear","EasingDirection":"In"},"PartBottomf38fb8":{"Weight":1,"CFrame":[0,-0.029274940490722657,0,1,0,2.9802322387695315e-8,0,1,0,-2.9802322387695315e-8,0,1],"EasingStyle":"Linear","EasingDirection":"In"},"PartTop4f36e2":{"Weight":1,"CFrame":[-2.2351741790771485e-7,-0.09617805480957031,7.450581307466564e-8,1,0,2.9802322387695315e-8,0,1,0,-2.9802322387695315e-8,0,1],"EasingStyle":"Linear","EasingDirection":"In"},"PartBottom95ca4b":{"Weight":1,"CFrame":[0,-0.029274940490722657,0,1,0,2.9802322387695315e-8,0,1,0,-2.9802322387695315e-8,0,1],"EasingStyle":"Linear","EasingDirection":"In"},"PartBottom6df7de":{"Weight":1,"CFrame":[0,-0.029274940490722657,0,1,0,2.9802322387695315e-8,0,1,0,-2.9802322387695315e-8,0,1],"EasingStyle":"Linear","EasingDirection":"In"},"PartTop95ca4b":{"Weight":1,"CFrame":[7.450580596923828e-8,-0.9464936256408691,2.2351741790771485e-7,1,0,2.9802322387695315e-8,0,1,0,-2.9802322387695315e-8,0,1],"EasingStyle":"Linear","EasingDirection":"In"},"PartTop01964a":{"Weight":1,"CFrame":[2.2351741790771485e-7,-0.3292243480682373,-1.4901168299275015e-8,1,0,2.9802322387695315e-8,0,1,0,-2.9802322387695315e-8,0,1],"EasingStyle":"Linear","EasingDirection":"In"},"PartBottomd741cc":{"Weight":1,"CFrame":[0,-0.029274940490722657,0,1,0,2.9802322387695315e-8,0,1,0,-2.9802322387695315e-8,0,1],"EasingStyle":"Linear","EasingDirection":"In"},"PartTopba8419":{"Weight":1,"CFrame":[-4.023313522338867e-7,-0.5922203063964844,5.513429641723633e-7,1,0,2.9802322387695315e-8,0,1,0,-2.9802322387695315e-8,0,1],"EasingStyle":"Linear","EasingDirection":"In"},"GroundCubes":{"Weight":1,"CFrame":[-0.0000019371509552001955,0,-0.000001996755599975586,1.0000041723251343,0,0,0,1,0,0,0,1.0000041723251343],"EasingStyle":"Linear","EasingDirection":"In"},"Right Arm":{"Weight":1,"CFrame":[0.35090190172195437,-0.05591320991516113,0.12973552942276,-0.5717824101448059,-0.7927033305168152,-0.21139177680015565,0.6910485625267029,-0.6042389869689941,0.39667022228240969,-0.44217294454574587,0.08072707056999207,0.8932896256446838],"EasingStyle":"Linear","EasingDirection":"In"},"PartBottom1a4479":{"Weight":1,"CFrame":[0,-0.029274940490722657,0,1,0,2.9802322387695315e-8,0,1,0,-2.9802322387695315e-8,0,1],"EasingStyle":"Linear","EasingDirection":"In"},"PartBottom2fb164":{"Weight":1,"CFrame":[0,-0.029274940490722657,0,1,0,2.9802322387695315e-8,0,1,0,-2.9802322387695315e-8,0,1],"EasingStyle":"Linear","EasingDirection":"In"},"PartTop8bfdf0":{"Weight":1,"CFrame":[-1.043081283569336e-7,-0.3312770128250122,1.043081283569336e-7,1,0,2.9802322387695315e-8,0,0.9999999403953552,0,-2.9802322387695315e-8,0,1],"EasingStyle":"Linear","EasingDirection":"In"},"PartBottom3b3cfd":{"Weight":1,"CFrame":[0,-0.029274940490722657,0,1,0,2.9802322387695315e-8,0,1,0,-2.9802322387695315e-8,0,1],"EasingStyle":"Linear","EasingDirection":"In"},"PartTop324856":{"Weight":1,"CFrame":[-7.450580596923828e-8,-0.3313775062561035,-1.341104507446289e-7,1,0,2.9802322387695315e-8,0,1,0,-2.9802322387695315e-8,0,1],"EasingStyle":"Linear","EasingDirection":"In"},"HumanoidRootPart":{"Weight":0,"CFrame":[0,0,0,1,0,0,0,1,0,0,0,1],"EasingStyle":"Linear","EasingDirection":"In"},"PartBottomb73e24":{"Weight":1,"CFrame":[0,-0.029274940490722657,0,1,0,2.9802322387695315e-8,0,1,0,-2.9802322387695315e-8,0,1],"EasingStyle":"Linear","EasingDirection":"In"},"Right Leg":{"Weight":1,"CFrame":[0.07499092817306519,0.4280910789966583,-0.0020210742950439455,0.5966706871986389,-0.7975829243659973,-0.08857589960098267,0.8018156886100769,0.5970407128334045,0.025180257856845857,0.03280007094144821,-0.08604586869478226,0.9957510828971863],"EasingStyle":"Linear","EasingDirection":"In"},"Left Leg":{"Weight":1,"CFrame":[-0.014067530632019043,0.7752421498298645,0.013088732957839966,0.6907349228858948,0.7191696166992188,0.07536816596984863,-0.7204434871673584,0.6933808922767639,-0.013572066091001034,-0.06201951205730438,-0.04492383450269699,0.997063398361206],"EasingStyle":"Linear","EasingDirection":"In"},"Center":{"Weight":1,"CFrame":[0,-0.05606675148010254,0,1,0,0,0,1,0,0,0,1],"EasingStyle":"Linear","EasingDirection":"In"},"PartBottomc27b85":{"Weight":1,"CFrame":[0,-0.029274940490722657,0,1,0,2.9802322387695315e-8,0,1,0,-2.9802322387695315e-8,0,1],"EasingStyle":"Linear","EasingDirection":"In"},"PartBottom9ca183":{"Weight":1,"CFrame":[0,-0.029274940490722657,0,1,0,2.9802322387695315e-8,0,1,0,-2.9802322387695315e-8,0,1],"EasingStyle":"Linear","EasingDirection":"In"},"PartTop146c80":{"Weight":1,"CFrame":[3.129243850708008e-7,-0.9464936256408691,3.427267074584961e-7,1,0,2.9802322387695315e-8,0,1,0,-2.9802322387695315e-8,0,1],"EasingStyle":"Linear","EasingDirection":"In"},"PartTop05e438":{"Weight":1,"CFrame":[-1.490117540470237e-8,-0.5922203063964844,-4.6193599700927737e-7,1,0,2.9802322387695315e-8,0,1,0,-2.9802322387695315e-8,0,1],"EasingStyle":"Linear","EasingDirection":"In"},"PartTope77154":{"Weight":1,"CFrame":[1.6391277313232423e-7,0.530861496925354,-1.341104507446289e-7,1,0,2.9802322387695315e-8,0,1,0,-2.9802322387695315e-8,0,1],"EasingStyle":"Linear","EasingDirection":"In"},"PartBottom961ef8":{"Weight":1,"CFrame":[0,-0.029274940490722657,0,1,0,2.9802322387695315e-8,0,1,0,-2.9802322387695315e-8,0,1],"EasingStyle":"Linear","EasingDirection":"In"},"PartTopc0f001":{"Weight":1,"CFrame":[-1.6391277313232423e-7,-0.03455662727355957,1.4901164746561336e-8,1,0,2.9802322387695315e-8,0,1,0,-2.9802322387695315e-8,0,1],"EasingStyle":"Linear","EasingDirection":"In"},"PartBottomc0f001":{"Weight":1,"CFrame":[0,-0.029274940490722657,0,1,0,2.9802322387695315e-8,0,1,0,-2.9802322387695315e-8,0,1],"EasingStyle":"Linear","EasingDirection":"In"},"PartTopf9fc54":{"Weight":1,"CFrame":[2.2351741790771485e-7,-0.3312770128250122,4.470348358154297e-8,1,0,2.9802322387695315e-8,0,0.9999999403953552,0,-2.9802322387695315e-8,0,1],"EasingStyle":"Linear","EasingDirection":"In"},"PartTopf7c795":{"Weight":1,"CFrame":[1.4901157641133978e-8,0.530861496925354,-1.341104507446289e-7,1,0,2.9802322387695315e-8,0,1,0,-2.9802322387695315e-8,0,1],"EasingStyle":"Linear","EasingDirection":"In"},"PartTop3b3cfd":{"Weight":1,"CFrame":[-4.470348713425665e-8,-0.9464936256408691,-1.9371509552001954e-7,1,0,2.9802322387695315e-8,0,1,0,-2.9802322387695315e-8,0,1],"EasingStyle":"Linear","EasingDirection":"In"},"PartTop961ef8":{"Weight":1,"CFrame":[7.450579886381093e-8,0.5328164100646973,-2.2351741790771485e-7,1,0,2.9802322387695315e-8,0,1,0,-2.9802322387695315e-8,0,1],"EasingStyle":"Linear","EasingDirection":"In"},"PartBottom4f36e2":{"Weight":1,"CFrame":[0,-0.029274940490722657,0,1,0,2.9802322387695315e-8,0,1,0,-2.9802322387695315e-8,0,1],"EasingStyle":"Linear","EasingDirection":"In"},"PartTop234cac":{"Weight":1,"CFrame":[4.470348713425665e-8,-0.6086466312408447,1.9371509552001954e-7,1,0,2.9802322387695315e-8,0,1,0,-2.9802322387695315e-8,0,1],"EasingStyle":"Linear","EasingDirection":"In"},"PartBottom787d16":{"Weight":1,"CFrame":[0,-0.029274940490722657,0,1,0,2.9802322387695315e-8,0,1,0,-2.9802322387695315e-8,0,1],"EasingStyle":"Linear","EasingDirection":"In"},"PartBottom088139":{"Weight":1,"CFrame":[0,-0.029274940490722657,0,1,0,2.9802322387695315e-8,0,1,0,-2.9802322387695315e-8,0,1],"EasingStyle":"Linear","EasingDirection":"In"},"PartBottome77154":{"Weight":1,"CFrame":[0,-0.029274940490722657,0,1,0,2.9802322387695315e-8,0,1,0,-2.9802322387695315e-8,0,1],"EasingStyle":"Linear","EasingDirection":"In"},"PartBottomf3dcc6":{"Weight":1,"CFrame":[0,-0.029274940490722657,0,1,0,2.9802322387695315e-8,0,1,0,-2.9802322387695315e-8,0,1],"EasingStyle":"Linear","EasingDirection":"In"},"PartBottomb1cc9d":{"Weight":1,"CFrame":[0,-0.029274940490722657,0,1,0,2.9802322387695315e-8,0,1,0,-2.9802322387695315e-8,0,1],"EasingStyle":"Linear","EasingDirection":"In"},"PartTopd741cc":{"Weight":1,"CFrame":[7.450580596923828e-8,-0.03395223617553711,-7.450580596923828e-8,1,0,2.9802322387695315e-8,0,1,0,-2.9802322387695315e-8,0,1],"EasingStyle":"Linear","EasingDirection":"In"},"PartBottom8d52da":{"Weight":1,"CFrame":[0,-0.029274940490722657,0,1,0,2.9802322387695315e-8,0,1,0,-2.9802322387695315e-8,0,1],"EasingStyle":"Linear","EasingDirection":"In"}}},{"Time":0.05000000074505806,"poses":{"PartBottomf7c795":{"Weight":1,"CFrame":[0,-0.029274940490722657,0,1,0,2.9802322387695315e-8,0,1,0,-2.9802322387695315e-8,0,1],"EasingStyle":"Linear","EasingDirection":"In"},"PartTopf38fb8":{"Weight":1,"CFrame":[-7.450580596923828e-8,0.6166484355926514,4.470348358154297e-8,1,0,2.9802322387695315e-8,0,1,0,-2.9802322387695315e-8,0,1],"EasingStyle":"Linear","EasingDirection":"In"},"Torso":{"Weight":1,"CFrame":[-0.17509964108467103,-0.09524989128112793,0.5105610489845276,0.9060662388801575,0.4159756302833557,0.0775139257311821,-0.4216764569282532,0.8724576234817505,0.2469952553510666,0.035116393119096759,-0.2564798593521118,0.9659115076065064],"EasingStyle":"Linear","EasingDirection":"In"},"PartBottom9b35fd":{"Weight":1,"CFrame":[0,-0.029274940490722657,0,1,0,2.9802322387695315e-8,0,1,0,-2.9802322387695315e-8,0,1],"EasingStyle":"Linear","EasingDirection":"In"},"PartTopb73e24":{"Weight":1,"CFrame":[7.450580596923828e-8,-0.718198299407959,-4.470348358154297e-8,1,0,2.9802322387695315e-8,0,1,0,-2.9802322387695315e-8,0,1],"EasingStyle":"Linear","EasingDirection":"In"},"PartTop787d16":{"Weight":1,"CFrame":[-4.3213367462158205e-7,-0.718198299407959,1.490117540470237e-8,1,0,2.9802322387695315e-8,0,1,0,-2.9802322387695315e-8,0,1],"EasingStyle":"Linear","EasingDirection":"In"},"PartTop088139":{"Weight":1,"CFrame":[-4.023313522338867e-7,-0.03721332550048828,4.4703490686970329e-8,1,0,2.9802322387695315e-8,0,1,0,-2.9802322387695315e-8,0,1],"EasingStyle":"Linear","EasingDirection":"In"},"Head":{"Weight":1,"CFrame":[1.1920928955078126e-7,1.0058283805847168e-7,-2.980232238769531e-7,0.9987116456031799,-0.011465730145573616,0.04943442717194557,0.014379759319126606,0.9981544017791748,-0.05900130048394203,-0.048666685819625857,0.05963616818189621,0.9970331788063049],"EasingStyle":"Linear","EasingDirection":"In"},"PartBottomc4e6fa":{"Weight":1,"CFrame":[0,-0.029274940490722657,0,1,0,2.9802322387695315e-8,0,1,0,-2.9802322387695315e-8,0,1],"EasingStyle":"Linear","EasingDirection":"In"},"PartTopc27b85":{"Weight":1,"CFrame":[1.043081283569336e-7,0.3568578362464905,-4.470348358154297e-8,1,0,2.9802322387695315e-8,0,0.9999999403953552,0,-2.9802322387695315e-8,0,1],"EasingStyle":"Linear","EasingDirection":"In"},"PartBottom8bfdf0":{"Weight":1,"CFrame":[0,-0.029274940490722657,0,1,0,2.9802322387695315e-8,0,1,0,-2.9802322387695315e-8,0,1],"EasingStyle":"Linear","EasingDirection":"In"},"Left Arm":{"Weight":1,"CFrame":[-0.2736274003982544,-0.08560648560523987,0.0233117938041687,-0.4046034514904022,0.9007304906845093,0.15805302560329438,-0.7478160262107849,-0.4253610372543335,0.5097443461418152,0.5263718962669373,0.08804971724748612,0.8456831574440002],"EasingStyle":"Linear","EasingDirection":"In"},"PartBottom05e438":{"Weight":1,"CFrame":[0,-0.029274940490722657,0,1,0,2.9802322387695315e-8,0,1,0,-2.9802322387695315e-8,0,1],"EasingStyle":"Linear","EasingDirection":"In"},"PartBottom01964a":{"Weight":1,"CFrame":[0,-0.029274940490722657,0,1,0,2.9802322387695315e-8,0,1,0,-2.9802322387695315e-8,0,1],"EasingStyle":"Linear","EasingDirection":"In"},"PartTopb1cc9d":{"Weight":1,"CFrame":[1.639127589214695e-7,-1.1661031246185303,-5.513429641723633e-7,1,0,2.9802322387695315e-8,0,0.9999999403953552,0,-2.9802322387695315e-8,0,1],"EasingStyle":"Linear","EasingDirection":"In"},"PartTop9b35fd":{"Weight":1,"CFrame":[6.705522537231445e-7,-0.7196229100227356,-2.2351743211856957e-7,1,0,2.9802322387695315e-8,0,0.9999999403953552,0,-2.9802322387695315e-8,0,1],"EasingStyle":"Linear","EasingDirection":"In"},"PartBottom324856":{"Weight":1,"CFrame":[0,-0.029274940490722657,0,1,0,2.9802322387695315e-8,0,1,0,-2.9802322387695315e-8,0,1],"EasingStyle":"Linear","EasingDirection":"In"},"PartBottomab7714":{"Weight":1,"CFrame":[0,-0.029274940490722657,0,1,0,2.9802322387695315e-8,0,1,0,-2.9802322387695315e-8,0,1],"EasingStyle":"Linear","EasingDirection":"In"},"PartTop1a4479":{"Weight":1,"CFrame":[-2.2351740369686014e-7,-0.33830976486206057,4.6193599700927737e-7,1,0,2.9802322387695315e-8,0,1,0,-2.9802322387695315e-8,0,1],"EasingStyle":"Linear","EasingDirection":"In"},"PartBottom36a32f":{"Weight":1,"CFrame":[0,-0.029274940490722657,0,1,0,2.9802322387695315e-8,0,1,0,-2.9802322387695315e-8,0,1],"EasingStyle":"Linear","EasingDirection":"In"},"PartBottomf9fc54":{"Weight":1,"CFrame":[0,-0.029274940490722657,0,1,0,2.9802322387695315e-8,0,1,0,-2.9802322387695315e-8,0,1],"EasingStyle":"Linear","EasingDirection":"In"},"PartTopab7714":{"Weight":1,"CFrame":[-1.341104507446289e-7,-0.02899312973022461,7.450580596923828e-8,1,0,2.9802322387695315e-8,0,1,0,-2.9802322387695315e-8,0,1],"EasingStyle":"Linear","EasingDirection":"In"},"PartTop9ca183":{"Weight":1,"CFrame":[2.8312206268310549e-7,-1.1655962467193604,-1.4901168299275015e-8,1,0,2.9802322387695315e-8,0,1,0,-2.9802322387695315e-8,0,1],"EasingStyle":"Linear","EasingDirection":"In"},"PartBottom234cac":{"Weight":1,"CFrame":[0,-0.029274940490722657,0,1,0,2.9802322387695315e-8,0,1,0,-2.9802322387695315e-8,0,1],"EasingStyle":"Linear","EasingDirection":"In"},"PartTop6df7de":{"Weight":1,"CFrame":[4.470348358154297e-8,0.3319356441497803,4.470348358154297e-8,1,0,2.9802322387695315e-8,0,1,0,-2.9802322387695315e-8,0,1],"EasingStyle":"Linear","EasingDirection":"In"},"PartBottom146c80":{"Weight":1,"CFrame":[0,-0.029274940490722657,0,1,0,2.9802322387695315e-8,0,1,0,-2.9802322387695315e-8,0,1],"EasingStyle":"Linear","EasingDirection":"In"},"PartTop36a32f":{"Weight":1,"CFrame":[-1.6391277313232423e-7,-1.1655962467193604,4.470348713425665e-8,1,0,2.9802322387695315e-8,0,1,0,-2.9802322387695315e-8,0,1],"EasingStyle":"Linear","EasingDirection":"In"},"PartTop8d52da":{"Weight":1,"CFrame":[-1.4901161193847657e-8,0.6153826713562012,-1.4901161193847657e-8,1,0,2.9802322387695315e-8,0,1,0,-2.9802322387695315e-8,0,1],"EasingStyle":"Linear","EasingDirection":"In"},"PartTopf3dcc6":{"Weight":1,"CFrame":[1.4901161193847657e-8,0.3568578362464905,1.4901161193847657e-8,1,0,2.9802322387695315e-8,0,0.9999999403953552,0,-2.9802322387695315e-8,0,1],"EasingStyle":"Linear","EasingDirection":"In"},"PartTopc4e6fa":{"Weight":1,"CFrame":[1.341104507446289e-7,-0.016057729721069337,2.5331974029541018e-7,1,0,2.9802322387695315e-8,0,1,0,-2.9802322387695315e-8,0,1],"EasingStyle":"Linear","EasingDirection":"In"},"PartTop2fb164":{"Weight":1,"CFrame":[4.4703490686970329e-8,-0.7196229100227356,1.9371509552001954e-7,1,0,2.9802322387695315e-8,0,0.9999999403953552,0,-2.9802322387695315e-8,0,1],"EasingStyle":"Linear","EasingDirection":"In"},"PartBottomba8419":{"Weight":1,"CFrame":[0,-0.029274940490722657,0,1,0,2.9802322387695315e-8,0,1,0,-2.9802322387695315e-8,0,1],"EasingStyle":"Linear","EasingDirection":"In"},"PartBottomf38fb8":{"Weight":1,"CFrame":[0,-0.029274940490722657,0,1,0,2.9802322387695315e-8,0,1,0,-2.9802322387695315e-8,0,1],"EasingStyle":"Linear","EasingDirection":"In"},"PartTop4f36e2":{"Weight":1,"CFrame":[-2.2351741790771485e-7,-0.08223628997802735,7.450581307466564e-8,1,0,2.9802322387695315e-8,0,1,0,-2.9802322387695315e-8,0,1],"EasingStyle":"Linear","EasingDirection":"In"},"PartBottom95ca4b":{"Weight":1,"CFrame":[0,-0.029274940490722657,0,1,0,2.9802322387695315e-8,0,1,0,-2.9802322387695315e-8,0,1],"EasingStyle":"Linear","EasingDirection":"In"},"PartBottom6df7de":{"Weight":1,"CFrame":[0,-0.029274940490722657,0,1,0,2.9802322387695315e-8,0,1,0,-2.9802322387695315e-8,0,1],"EasingStyle":"Linear","EasingDirection":"In"},"PartTop95ca4b":{"Weight":1,"CFrame":[7.450580596923828e-8,-1.1655962467193604,2.2351741790771485e-7,1,0,2.9802322387695315e-8,0,1,0,-2.9802322387695315e-8,0,1],"EasingStyle":"Linear","EasingDirection":"In"},"PartTop01964a":{"Weight":1,"CFrame":[2.2351741790771485e-7,-0.3444652557373047,-1.4901168299275015e-8,1,0,2.9802322387695315e-8,0,1,0,-2.9802322387695315e-8,0,1],"EasingStyle":"Linear","EasingDirection":"In"},"PartBottomd741cc":{"Weight":1,"CFrame":[0,-0.029274940490722657,0,1,0,2.9802322387695315e-8,0,1,0,-2.9802322387695315e-8,0,1],"EasingStyle":"Linear","EasingDirection":"In"},"PartTopba8419":{"Weight":1,"CFrame":[-4.023313522338867e-7,-0.718198299407959,5.513429641723633e-7,1,0,2.9802322387695315e-8,0,1,0,-2.9802322387695315e-8,0,1],"EasingStyle":"Linear","EasingDirection":"In"},"GroundCubes":{"Weight":1,"CFrame":[-0.0000019371509552001955,0,-0.000001996755599975586,1.0000041723251343,0,0,0,1,0,0,0,1.0000041723251343],"EasingStyle":"Linear","EasingDirection":"In"},"Right Arm":{"Weight":1,"CFrame":[0.33767279982566836,-0.12548407912254334,0.08091947436332703,-0.6108309626579285,-0.7746556997299194,-0.16368967294692994,0.7035498023033142,-0.6258842349052429,0.33658069372177126,-0.3631848394870758,0.09043008089065552,0.927318274974823],"EasingStyle":"Linear","EasingDirection":"In"},"PartBottom1a4479":{"Weight":1,"CFrame":[0,-0.029274940490722657,0,1,0,2.9802322387695315e-8,0,1,0,-2.9802322387695315e-8,0,1],"EasingStyle":"Linear","EasingDirection":"In"},"PartBottom2fb164":{"Weight":1,"CFrame":[0,-0.029274940490722657,0,1,0,2.9802322387695315e-8,0,1,0,-2.9802322387695315e-8,0,1],"EasingStyle":"Linear","EasingDirection":"In"},"PartTop8bfdf0":{"Weight":1,"CFrame":[-1.043081283569336e-7,-0.3384507894515991,1.043081283569336e-7,1,0,2.9802322387695315e-8,0,0.9999999403953552,0,-2.9802322387695315e-8,0,1],"EasingStyle":"Linear","EasingDirection":"In"},"PartBottom3b3cfd":{"Weight":1,"CFrame":[0,-0.029274940490722657,0,1,0,2.9802322387695315e-8,0,1,0,-2.9802322387695315e-8,0,1],"EasingStyle":"Linear","EasingDirection":"In"},"PartTop324856":{"Weight":1,"CFrame":[-7.450580596923828e-8,-0.33830976486206057,-1.341104507446289e-7,1,0,2.9802322387695315e-8,0,1,0,-2.9802322387695315e-8,0,1],"EasingStyle":"Linear","EasingDirection":"In"},"HumanoidRootPart":{"Weight":0,"CFrame":[0,0,0,1,0,0,0,1,0,0,0,1],"EasingStyle":"Linear","EasingDirection":"In"},"PartBottomb73e24":{"Weight":1,"CFrame":[0,-0.029274940490722657,0,1,0,2.9802322387695315e-8,0,1,0,-2.9802322387695315e-8,0,1],"EasingStyle":"Linear","EasingDirection":"In"},"Right Leg":{"Weight":1,"CFrame":[0.052130281925201419,0.4197733998298645,-0.009166091680526734,0.5665242671966553,-0.816892147064209,-0.10834015160799027,0.8236377239227295,0.5654629468917847,0.04327468201518059,0.02591167390346527,-0.1137491911649704,0.9931716322898865],"EasingStyle":"Linear","EasingDirection":"In"},"Left Leg":{"Weight":1,"CFrame":[-0.01413494348526001,0.7645639181137085,0.01323816180229187,0.6706011891365051,0.7403766512870789,0.04622410237789154,-0.740591287612915,0.6717732548713684,-0.015660038217902185,-0.042646490037441257,-0.023731525987386705,0.9988083839416504],"EasingStyle":"Linear","EasingDirection":"In"},"Center":{"Weight":1,"CFrame":[0,-0.05103349685668945,0,1,0,0,0,1,0,0,0,1],"EasingStyle":"Linear","EasingDirection":"In"},"PartBottomc27b85":{"Weight":1,"CFrame":[0,-0.029274940490722657,0,1,0,2.9802322387695315e-8,0,1,0,-2.9802322387695315e-8,0,1],"EasingStyle":"Linear","EasingDirection":"In"},"PartBottom9ca183":{"Weight":1,"CFrame":[0,-0.029274940490722657,0,1,0,2.9802322387695315e-8,0,1,0,-2.9802322387695315e-8,0,1],"EasingStyle":"Linear","EasingDirection":"In"},"PartTop146c80":{"Weight":1,"CFrame":[3.129243850708008e-7,-1.1655962467193604,3.427267074584961e-7,1,0,2.9802322387695315e-8,0,1,0,-2.9802322387695315e-8,0,1],"EasingStyle":"Linear","EasingDirection":"In"},"PartTop05e438":{"Weight":1,"CFrame":[-1.490117540470237e-8,-0.718198299407959,-4.6193599700927737e-7,1,0,2.9802322387695315e-8,0,1,0,-2.9802322387695315e-8,0,1],"EasingStyle":"Linear","EasingDirection":"In"},"PartTope77154":{"Weight":1,"CFrame":[1.6391277313232423e-7,0.6153826713562012,-1.341104507446289e-7,1,0,2.9802322387695315e-8,0,1,0,-2.9802322387695315e-8,0,1],"EasingStyle":"Linear","EasingDirection":"In"},"PartBottom961ef8":{"Weight":1,"CFrame":[0,-0.029274940490722657,0,1,0,2.9802322387695315e-8,0,1,0,-2.9802322387695315e-8,0,1],"EasingStyle":"Linear","EasingDirection":"In"},"PartTopc0f001":{"Weight":1,"CFrame":[-1.6391277313232423e-7,-0.016611814498901368,1.4901164746561336e-8,1,0,2.9802322387695315e-8,0,1,0,-2.9802322387695315e-8,0,1],"EasingStyle":"Linear","EasingDirection":"In"},"PartBottomc0f001":{"Weight":1,"CFrame":[0,-0.029274940490722657,0,1,0,2.9802322387695315e-8,0,1,0,-2.9802322387695315e-8,0,1],"EasingStyle":"Linear","EasingDirection":"In"},"PartTopf9fc54":{"Weight":1,"CFrame":[2.2351741790771485e-7,-0.3384507894515991,4.470348358154297e-8,1,0,2.9802322387695315e-8,0,0.9999999403953552,0,-2.9802322387695315e-8,0,1],"EasingStyle":"Linear","EasingDirection":"In"},"PartTopf7c795":{"Weight":1,"CFrame":[1.4901157641133978e-8,0.6153826713562012,-1.341104507446289e-7,1,0,2.9802322387695315e-8,0,1,0,-2.9802322387695315e-8,0,1],"EasingStyle":"Linear","EasingDirection":"In"},"PartTop3b3cfd":{"Weight":1,"CFrame":[-4.470348713425665e-8,-1.1655962467193604,-1.9371509552001954e-7,1,0,2.9802322387695315e-8,0,1,0,-2.9802322387695315e-8,0,1],"EasingStyle":"Linear","EasingDirection":"In"},"PartTop961ef8":{"Weight":1,"CFrame":[7.450579886381093e-8,0.6166484355926514,-2.2351741790771485e-7,1,0,2.9802322387695315e-8,0,1,0,-2.9802322387695315e-8,0,1],"EasingStyle":"Linear","EasingDirection":"In"},"PartBottom4f36e2":{"Weight":1,"CFrame":[0,-0.029274940490722657,0,1,0,2.9802322387695315e-8,0,1,0,-2.9802322387695315e-8,0,1],"EasingStyle":"Linear","EasingDirection":"In"},"PartTop234cac":{"Weight":1,"CFrame":[4.470348713425665e-8,-0.7194335460662842,1.9371509552001954e-7,1,0,2.9802322387695315e-8,0,1,0,-2.9802322387695315e-8,0,1],"EasingStyle":"Linear","EasingDirection":"In"},"PartBottom787d16":{"Weight":1,"CFrame":[0,-0.029274940490722657,0,1,0,2.9802322387695315e-8,0,1,0,-2.9802322387695315e-8,0,1],"EasingStyle":"Linear","EasingDirection":"In"},"PartBottom088139":{"Weight":1,"CFrame":[0,-0.029274940490722657,0,1,0,2.9802322387695315e-8,0,1,0,-2.9802322387695315e-8,0,1],"EasingStyle":"Linear","EasingDirection":"In"},"PartBottome77154":{"Weight":1,"CFrame":[0,-0.029274940490722657,0,1,0,2.9802322387695315e-8,0,1,0,-2.9802322387695315e-8,0,1],"EasingStyle":"Linear","EasingDirection":"In"},"PartBottomf3dcc6":{"Weight":1,"CFrame":[0,-0.029274940490722657,0,1,0,2.9802322387695315e-8,0,1,0,-2.9802322387695315e-8,0,1],"EasingStyle":"Linear","EasingDirection":"In"},"PartBottomb1cc9d":{"Weight":1,"CFrame":[0,-0.029274940490722657,0,1,0,2.9802322387695315e-8,0,1,0,-2.9802322387695315e-8,0,1],"EasingStyle":"Linear","EasingDirection":"In"},"PartTopd741cc":{"Weight":1,"CFrame":[7.450580596923828e-8,-0.016057729721069337,-7.450580596923828e-8,1,0,2.9802322387695315e-8,0,1,0,-2.9802322387695315e-8,0,1],"EasingStyle":"Linear","EasingDirection":"In"},"PartBottom8d52da":{"Weight":1,"CFrame":[0,-0.029274940490722657,0,1,0,2.9802322387695315e-8,0,1,0,-2.9802322387695315e-8,0,1],"EasingStyle":"Linear","EasingDirection":"In"}}},{"Time":0.0833333358168602,"poses":{"PartBottomf7c795":{"Weight":1,"CFrame":[0,-0.029274940490722657,0,1,0,2.9802322387695315e-8,0,1,0,-2.9802322387695315e-8,0,1],"EasingStyle":"Linear","EasingDirection":"In"},"PartTopf38fb8":{"Weight":1,"CFrame":[-7.450580596923828e-8,0.9642999172210693,4.470348358154297e-8,1,0,2.9802322387695315e-8,0,1,0,-2.9802322387695315e-8,0,1],"EasingStyle":"Linear","EasingDirection":"In"},"Torso":{"Weight":1,"CFrame":[-0.1448437124490738,-0.11085119843482971,0.5349441766738892,0.9084334373474121,0.41075658798217776,0.0776389092206955,-0.4170015752315521,0.8774157166481018,0.23717394471168519,0.029299164190888406,-0.24783234298229218,0.9683598279953003],"EasingStyle":"Linear","EasingDirection":"In"},"PartBottom9b35fd":{"Weight":1,"CFrame":[0,-0.029274940490722657,0,1,0,2.9802322387695315e-8,0,1,0,-2.9802322387695315e-8,0,1],"EasingStyle":"Linear","EasingDirection":"In"},"PartTopb73e24":{"Weight":1,"CFrame":[7.450580596923828e-8,-0.7664110660552979,-4.470348358154297e-8,1,0,2.9802322387695315e-8,0,1,0,-2.9802322387695315e-8,0,1],"EasingStyle":"Linear","EasingDirection":"In"},"PartTop787d16":{"Weight":1,"CFrame":[-4.3213367462158205e-7,-0.7664110660552979,1.490117540470237e-8,1,0,2.9802322387695315e-8,0,1,0,-2.9802322387695315e-8,0,1],"EasingStyle":"Linear","EasingDirection":"In"},"PartTop088139":{"Weight":1,"CFrame":[-4.023313522338867e-7,0.07920408248901367,4.4703490686970329e-8,1,0,2.9802322387695315e-8,0,1,0,-2.9802322387695315e-8,0,1],"EasingStyle":"Linear","EasingDirection":"In"},"Head":{"Weight":1,"CFrame":[9.499490261077881e-8,2.9802322387695315e-8,1.7881393432617188e-7,0.9976328611373901,-0.06030602008104324,0.03304494917392731,0.065437912940979,0.9802401661872864,-0.1866741180419922,-0.02113441377878189,0.18839463591575623,0.9818660616874695],"EasingStyle":"Linear","EasingDirection":"In"},"PartBottomc4e6fa":{"Weight":1,"CFrame":[0,-0.029274940490722657,0,1,0,2.9802322387695315e-8,0,1,0,-2.9802322387695315e-8,0,1],"EasingStyle":"Linear","EasingDirection":"In"},"PartTopc27b85":{"Weight":1,"CFrame":[1.043081283569336e-7,0.6381366848945618,-4.470348358154297e-8,1,0,2.9802322387695315e-8,0,0.9999999403953552,0,-2.9802322387695315e-8,0,1],"EasingStyle":"Linear","EasingDirection":"In"},"PartBottom8bfdf0":{"Weight":1,"CFrame":[0,-0.029274940490722657,0,1,0,2.9802322387695315e-8,0,1,0,-2.9802322387695315e-8,0,1],"EasingStyle":"Linear","EasingDirection":"In"},"Left Arm":{"Weight":1,"CFrame":[-0.2852916121482849,-0.08112245798110962,-0.01914113759994507,-0.5212465524673462,0.8438229560852051,0.12753452360630036,-0.775705099105835,-0.5307700037956238,0.34141620993614199,0.3557862639427185,0.07903270423412323,0.9312196373939514],"EasingStyle":"Linear","EasingDirection":"In"},"PartBottom05e438":{"Weight":1,"CFrame":[0,-0.029274940490722657,0,1,0,2.9802322387695315e-8,0,1,0,-2.9802322387695315e-8,0,1],"EasingStyle":"Linear","EasingDirection":"In"},"PartBottom01964a":{"Weight":1,"CFrame":[0,-0.029274940490722657,0,1,0,2.9802322387695315e-8,0,1,0,-2.9802322387695315e-8,0,1],"EasingStyle":"Linear","EasingDirection":"In"},"PartTopb1cc9d":{"Weight":1,"CFrame":[1.639127589214695e-7,-1.2687177658081055,-5.513429641723633e-7,1,0,2.9802322387695315e-8,0,0.9999999403953552,0,-2.9802322387695315e-8,0,1],"EasingStyle":"Linear","EasingDirection":"In"},"PartTop9b35fd":{"Weight":1,"CFrame":[6.705522537231445e-7,-0.758411169052124,-2.2351743211856957e-7,1,0,2.9802322387695315e-8,0,0.9999999403953552,0,-2.9802322387695315e-8,0,1],"EasingStyle":"Linear","EasingDirection":"In"},"PartBottom324856":{"Weight":1,"CFrame":[0,-0.029274940490722657,0,1,0,2.9802322387695315e-8,0,1,0,-2.9802322387695315e-8,0,1],"EasingStyle":"Linear","EasingDirection":"In"},"PartBottomab7714":{"Weight":1,"CFrame":[0,-0.029274940490722657,0,1,0,2.9802322387695315e-8,0,1,0,-2.9802322387695315e-8,0,1],"EasingStyle":"Linear","EasingDirection":"In"},"PartTop1a4479":{"Weight":1,"CFrame":[-2.2351740369686014e-7,-0.33929967880249026,4.6193599700927737e-7,1,0,2.9802322387695315e-8,0,1,0,-2.9802322387695315e-8,0,1],"EasingStyle":"Linear","EasingDirection":"In"},"PartBottom36a32f":{"Weight":1,"CFrame":[0,-0.029274940490722657,0,1,0,2.9802322387695315e-8,0,1,0,-2.9802322387695315e-8,0,1],"EasingStyle":"Linear","EasingDirection":"In"},"PartBottomf9fc54":{"Weight":1,"CFrame":[0,-0.029274940490722657,0,1,0,2.9802322387695315e-8,0,1,0,-2.9802322387695315e-8,0,1],"EasingStyle":"Linear","EasingDirection":"In"},"PartTopab7714":{"Weight":1,"CFrame":[-1.341104507446289e-7,0.10256600379943848,7.450580596923828e-8,1,0,2.9802322387695315e-8,0,1,0,-2.9802322387695315e-8,0,1],"EasingStyle":"Linear","EasingDirection":"In"},"PartTop9ca183":{"Weight":1,"CFrame":[2.8312206268310549e-7,-1.2688400745391846,-1.4901168299275015e-8,1,0,2.9802322387695315e-8,0,1,0,-2.9802322387695315e-8,0,1],"EasingStyle":"Linear","EasingDirection":"In"},"PartBottom234cac":{"Weight":1,"CFrame":[0,-0.029274940490722657,0,1,0,2.9802322387695315e-8,0,1,0,-2.9802322387695315e-8,0,1],"EasingStyle":"Linear","EasingDirection":"In"},"PartTop6df7de":{"Weight":1,"CFrame":[4.470348358154297e-8,0.6323273181915283,4.470348358154297e-8,1,0,2.9802322387695315e-8,0,1,0,-2.9802322387695315e-8,0,1],"EasingStyle":"Linear","EasingDirection":"In"},"PartBottom146c80":{"Weight":1,"CFrame":[0,-0.029274940490722657,0,1,0,2.9802322387695315e-8,0,1,0,-2.9802322387695315e-8,0,1],"EasingStyle":"Linear","EasingDirection":"In"},"PartTop36a32f":{"Weight":1,"CFrame":[-1.6391277313232423e-7,-1.2688400745391846,4.470348713425665e-8,1,0,2.9802322387695315e-8,0,1,0,-2.9802322387695315e-8,0,1],"EasingStyle":"Linear","EasingDirection":"In"},"PartTop8d52da":{"Weight":1,"CFrame":[-1.4901161193847657e-8,0.96405029296875,-1.4901161193847657e-8,1,0,2.9802322387695315e-8,0,1,0,-2.9802322387695315e-8,0,1],"EasingStyle":"Linear","EasingDirection":"In"},"PartTopf3dcc6":{"Weight":1,"CFrame":[1.4901161193847657e-8,0.6381366848945618,1.4901161193847657e-8,1,0,2.9802322387695315e-8,0,0.9999999403953552,0,-2.9802322387695315e-8,0,1],"EasingStyle":"Linear","EasingDirection":"In"},"PartTopc4e6fa":{"Weight":1,"CFrame":[1.341104507446289e-7,0.10920524597167969,2.5331974029541018e-7,1,0,2.9802322387695315e-8,0,1,0,-2.9802322387695315e-8,0,1],"EasingStyle":"Linear","EasingDirection":"In"},"PartTop2fb164":{"Weight":1,"CFrame":[4.4703490686970329e-8,-0.758411169052124,1.9371509552001954e-7,1,0,2.9802322387695315e-8,0,0.9999999403953552,0,-2.9802322387695315e-8,0,1],"EasingStyle":"Linear","EasingDirection":"In"},"PartBottomba8419":{"Weight":1,"CFrame":[0,-0.029274940490722657,0,1,0,2.9802322387695315e-8,0,1,0,-2.9802322387695315e-8,0,1],"EasingStyle":"Linear","EasingDirection":"In"},"PartBottomf38fb8":{"Weight":1,"CFrame":[0,-0.029274940490722657,0,1,0,2.9802322387695315e-8,0,1,0,-2.9802322387695315e-8,0,1],"EasingStyle":"Linear","EasingDirection":"In"},"PartTop4f36e2":{"Weight":1,"CFrame":[-2.2351741790771485e-7,0.015358448028564453,7.450581307466564e-8,1,0,2.9802322387695315e-8,0,1,0,-2.9802322387695315e-8,0,1],"EasingStyle":"Linear","EasingDirection":"In"},"PartBottom95ca4b":{"Weight":1,"CFrame":[0,-0.029274940490722657,0,1,0,2.9802322387695315e-8,0,1,0,-2.9802322387695315e-8,0,1],"EasingStyle":"Linear","EasingDirection":"In"},"PartBottom6df7de":{"Weight":1,"CFrame":[0,-0.029274940490722657,0,1,0,2.9802322387695315e-8,0,1,0,-2.9802322387695315e-8,0,1],"EasingStyle":"Linear","EasingDirection":"In"},"PartTop95ca4b":{"Weight":1,"CFrame":[7.450580596923828e-8,-1.2688400745391846,2.2351741790771485e-7,1,0,2.9802322387695315e-8,0,1,0,-2.9802322387695315e-8,0,1],"EasingStyle":"Linear","EasingDirection":"In"},"PartTop01964a":{"Weight":1,"CFrame":[2.2351741790771485e-7,-0.34664201736450198,-1.4901168299275015e-8,1,0,2.9802322387695315e-8,0,1,0,-2.9802322387695315e-8,0,1],"EasingStyle":"Linear","EasingDirection":"In"},"PartBottomd741cc":{"Weight":1,"CFrame":[0,-0.029274940490722657,0,1,0,2.9802322387695315e-8,0,1,0,-2.9802322387695315e-8,0,1],"EasingStyle":"Linear","EasingDirection":"In"},"PartTopba8419":{"Weight":1,"CFrame":[-4.023313522338867e-7,-0.7664110660552979,5.513429641723633e-7,1,0,2.9802322387695315e-8,0,1,0,-2.9802322387695315e-8,0,1],"EasingStyle":"Linear","EasingDirection":"In"},"GroundCubes":{"Weight":1,"CFrame":[-0.0000019371509552001955,0,-0.000001996755599975586,1.0000041723251343,0,0,0,1,0,0,0,1.0000041723251343],"EasingStyle":"Linear","EasingDirection":"In"},"Right Arm":{"Weight":1,"CFrame":[0.3268756866455078,-0.19535237550735475,0.00012567639350891113,-0.6550107002258301,-0.7553783059120178,-0.019098127260804178,0.7262884378433228,-0.6363571882247925,0.25991275906562807,-0.2084856480360031,0.1563747376203537,0.9654433131217957],"EasingStyle":"Linear","EasingDirection":"In"},"PartBottom1a4479":{"Weight":1,"CFrame":[0,-0.029274940490722657,0,1,0,2.9802322387695315e-8,0,1,0,-2.9802322387695315e-8,0,1],"EasingStyle":"Linear","EasingDirection":"In"},"PartBottom2fb164":{"Weight":1,"CFrame":[0,-0.029274940490722657,0,1,0,2.9802322387695315e-8,0,1,0,-2.9802322387695315e-8,0,1],"EasingStyle":"Linear","EasingDirection":"In"},"PartTop8bfdf0":{"Weight":1,"CFrame":[-1.043081283569336e-7,-0.33947503566741946,1.043081283569336e-7,1,0,2.9802322387695315e-8,0,0.9999999403953552,0,-2.9802322387695315e-8,0,1],"EasingStyle":"Linear","EasingDirection":"In"},"PartBottom3b3cfd":{"Weight":1,"CFrame":[0,-0.029274940490722657,0,1,0,2.9802322387695315e-8,0,1,0,-2.9802322387695315e-8,0,1],"EasingStyle":"Linear","EasingDirection":"In"},"PartTop324856":{"Weight":1,"CFrame":[-7.450580596923828e-8,-0.33929967880249026,-1.341104507446289e-7,1,0,2.9802322387695315e-8,0,1,0,-2.9802322387695315e-8,0,1],"EasingStyle":"Linear","EasingDirection":"In"},"HumanoidRootPart":{"Weight":0,"CFrame":[0,0,0,1,0,0,0,1,0,0,0,1],"EasingStyle":"Linear","EasingDirection":"In"},"PartBottomb73e24":{"Weight":1,"CFrame":[0,-0.029274940490722657,0,1,0,2.9802322387695315e-8,0,1,0,-2.9802322387695315e-8,0,1],"EasingStyle":"Linear","EasingDirection":"In"},"Right Leg":{"Weight":1,"CFrame":[0.057076871395111087,0.4164343476295471,-0.022290140390396119,0.5804742574691773,-0.806233286857605,-0.11418287456035614,0.8142783045768738,0.574877142906189,0.08041859418153763,0.0008050220203585923,-0.13965755701065064,0.990199625492096],"EasingStyle":"Linear","EasingDirection":"In"},"Left Leg":{"Weight":1,"CFrame":[-0.051092445850372317,0.7532870769500732,0.04047924280166626,0.7092297077178955,0.7037706971168518,0.0412350594997406,-0.7020577788352966,0.7104009389877319,-0.04945151135325432,-0.06409599632024765,0.0061231