{"Sequence":[{"Time":0,"poses":{"Left Leg":{"Weight":1,"CFrame":[-0.525814950466156,0.010271191596984864,0.155539870262146,0.9030259847640991,-0.3476213216781616,0.25239530205726626,0.3599546253681183,0.9329653978347778,-0.0028907544910907747,-0.23447123169898988,0.09346114844083786,0.9676198959350586],"EasingStyle":"Linear","EasingDirection":"In"},"Right Arm":{"Weight":1,"CFrame":[-0.0041627585887908939,-0.4372888207435608,0.10856378078460694,0.7884877324104309,-0.1993262618780136,-0.5818554759025574,0.6137486696243286,0.31651270389556887,0.7232789397239685,0.03999629616737366,-0.9274097084999085,0.3719029128551483],"EasingStyle":"Linear","EasingDirection":"In"},"Left Arm":{"Weight":1,"CFrame":[-0.13753372430801392,-0.37790200114250185,0.32712769508361819,0.7290038466453552,0.23177632689476014,0.644075334072113,-0.6718988418579102,0.4220757782459259,0.6086083650588989,-0.1307874172925949,-0.8764312863349915,0.46342507004737856],"EasingStyle":"Linear","EasingDirection":"In"},"Right Leg":{"Weight":1,"CFrame":[0.6812258958816528,0.03961670398712158,0.021584391593933107,0.936165452003479,0.3499077558517456,-0.03404238075017929,-0.34929078817367556,0.9367361664772034,0.022828614339232446,0.03987681120634079,-0.009480641223490239,0.9991596341133118],"EasingStyle":"Linear","EasingDirection":"In"},"Torso":{"Weight":1,"CFrame":[-0.0037300302647054197,-0.004103109240531921,-0.1406869888305664,0.9874638915061951,0.15780970454216004,-0.0033389541786164047,-0.1574259102344513,0.9861622452735901,0.051972340792417529,0.011494489386677742,-0.05079517886042595,0.9986429214477539],"EasingStyle":"Linear","EasingDirection":"In"},"HumanoidRootPart":{"Weight":0,"CFrame":[0,0,0,1,0,0,0,1,0,0,0,1],"EasingStyle":"Linear","EasingDirection":"In"},"Head":{"Weight":1,"CFrame":[-9.313225746154786e-10,1.7345882952213289e-8,0,0.9903913140296936,-0.12712550163269044,-0.0544445663690567,0.12135326117277146,0.9876905083656311,-0.0986955389380455,0.06632110476493836,0.09114016592502594,0.9936271905899048],"EasingStyle":"Linear","EasingDirection":"In"}}},{"Time":0.03333333507180214,"poses":{"Left Leg":{"Weight":1,"CFrame":[-0.6667783260345459,0.02539914846420288,0.1518625020980835,0.8873089551925659,-0.41331785917282107,0.20457595586776734,0.4225909411907196,0.9063186645507813,-0.0018141957698389888,-0.18466122448444367,0.08806160092353821,0.9788489937782288],"EasingStyle":"Linear","EasingDirection":"In"},"Right Arm":{"Weight":1,"CFrame":[0.011664062738418579,-0.4704866409301758,0.10825598239898682,0.7127456665039063,-0.36497777700424197,-0.5989863276481628,0.6933920383453369,0.23777297139167787,0.6801995635032654,-0.10583489388227463,-0.9001417756080627,0.42254456877708437],"EasingStyle":"Linear","EasingDirection":"In"},"Left Arm":{"Weight":1,"CFrame":[-0.14932189881801606,-0.43723124265670779,0.3279407024383545,0.6592860221862793,0.36393362283706667,0.6579469442367554,-0.7517980933189392,0.3329164683818817,0.5691802501678467,-0.011897416785359383,-0.8698959350585938,0.4930919110774994],"EasingStyle":"Linear","EasingDirection":"In"},"Right Leg":{"Weight":1,"CFrame":[0.708957314491272,0.035680294036865237,0.06403994560241699,0.9146578311920166,0.39410799741744997,-0.08989045023918152,-0.39400625228881838,0.9188981056213379,0.01962234452366829,0.09033355861902237,0.0174697395414114,0.9957583546638489],"EasingStyle":"Linear","EasingDirection":"In"},"Torso":{"Weight":1,"CFrame":[-0.00005643325857818127,-0.004129379987716675,-0.17156696319580079,0.994713306427002,0.1026904508471489,0.00038252194644883275,-0.10258550196886063,0.9935140013694763,0.0490519180893898,0.004657123237848282,-0.048831842839717868,0.9987961649894714],"EasingStyle":"Linear","EasingDirection":"In"},"HumanoidRootPart":{"Weight":0,"CFrame":[0,0,0,1,0,0,0,1,0,0,0,1],"EasingStyle":"Linear","EasingDirection":"In"},"Head":{"Weight":1,"CFrame":[8.440110832452774e-10,-3.397508407942951e-8,-2.980232238769531e-7,0.9960333704948425,-0.07193876057863236,-0.05236717313528061,0.0674736499786377,0.9943004250526428,-0.08254663646221161,0.05800700560212135,0.07868580520153046,0.9952104091644287],"EasingStyle":"Linear","EasingDirection":"In"}}},{"Time":0.06666667014360428,"poses":{"Left Leg":{"Weight":1,"CFrame":[-0.8314539194107056,0.02157747745513916,0.15366661548614503,0.8344624042510986,-0.5239043831825256,0.17087054252624513,0.5313258767127991,0.847163200378418,0.002698366530239582,-0.14616894721984864,0.08853621780872345,0.9852898120880127],"EasingStyle":"Linear","EasingDirection":"In"},"Right Arm":{"Weight":1,"CFrame":[0.038454774767160419,-0.47185319662094118,0.10193479061126709,0.4261929392814636,-0.6363071203231812,-0.6430185437202454,0.8126415610313416,-0.04300471767783165,0.5811750292778015,-0.3974584639072418,-0.7702362537384033,0.49876123666763308],"EasingStyle":"Linear","EasingDirection":"In"},"Left Arm":{"Weight":1,"CFrame":[-0.17152613401412965,-0.46101272106170657,0.3230825662612915,0.4198860228061676,0.6210228800773621,0.6618353128433228,-0.8539289236068726,0.023327510803937913,0.519866406917572,0.30741024017333987,-0.7834452390670776,0.5401046276092529],"EasingStyle":"Linear","EasingDirection":"In"},"Right Leg":{"Weight":1,"CFrame":[0.7340453267097473,0.03626847267150879,0.10997200012207031,0.8916442394256592,0.42900291085243227,-0.14466166496276856,-0.4312823414802551,0.9020598530769348,0.016838520765304567,0.1377173662185669,0.04737597331404686,0.9893379211425781],"EasingStyle":"Linear","EasingDirection":"In"},"Torso":{"Weight":1,"CFrame":[0.0028209490701556207,-0.003094300627708435,-0.20461702346801759,0.9988248348236084,0.04834473505616188,0.003427514573559165,-0.048445940017700198,0.9979487657546997,0.04184752702713013,-0.0013973762979730964,-0.041964396834373477,0.9991181492805481],"EasingStyle":"Linear","EasingDirection":"In"},"HumanoidRootPart":{"Weight":0,"CFrame":[0,0,0,1,0,0,0,1,0,0,0,1],"EasingStyle":"Linear","EasingDirection":"In"},"Head":{"Weight":1,"CFrame":[0,-3.4633558243513109e-9,-2.980232238769531e-7,0.9987607598304749,-0.01741519197821617,-0.04662228375673294,0.014550723135471344,0.9980262517929077,-0.06108948215842247,0.04759414866566658,0.060335397720336917,0.9970428347587586],"EasingStyle":"Linear","EasingDirection":"In"}}},{"Time":0.10000000149011612,"poses":{"Left Leg":{"Weight":1,"CFrame":[-0.9486593008041382,-0.016645193099975587,0.15256309509277345,0.7603389024734497,-0.6319608092308044,0.1500333845615387,0.6374959349632263,0.7703263759613037,0.014017729088664055,-0.12443334609270096,0.08498731255531311,0.9885815382003784],"EasingStyle":"Linear","EasingDirection":"In"},"Right Arm":{"Weight":1,"CFrame":[0.053246453404426578,-0.4597609043121338,0.08523738384246826,0.033565226942300799,-0.7850456833839417,-0.6185276508331299,0.7860998511314392,-0.3614409267902374,0.5014059543609619,-0.6171875,-0.5030543804168701,0.6049922704696655],"EasingStyle":"Linear","EasingDirection":"In"},"Left Arm":{"Weight":1,"CFrame":[-0.18335963785648347,-0.46767333149909975,0.3008219003677368,0.05602843314409256,0.7924337387084961,0.6073790788650513,-0.7901954650878906,-0.3366495668888092,0.5121115446090698,0.6102884411811829,-0.508641242980957,0.6073157787322998],"EasingStyle":"Linear","EasingDirection":"In"},"Right Leg":{"Weight":1,"CFrame":[0.7438628077507019,0.039534807205200198,0.1559678316116333,0.8714401721954346,0.44892221689224245,-0.1976384073495865,-0.4553283452987671,0.8902074098587036,0.01438185665756464,0.1823955923318863,0.07745744287967682,0.9801694750785828],"EasingStyle":"Linear","EasingDirection":"In"},"Torso":{"Weight":1,"CFrame":[0.005401420406997204,-0.0005339533090591431,-0.23091745376586915,0.9999707937240601,-0.004442151635885239,0.006219955161213875,0.004243817646056414,0.9994933605194092,0.03154448792338371,-0.006356929428875446,-0.03151717036962509,0.9994829893112183],"EasingStyle":"Linear","EasingDirection":"In"},"HumanoidRootPart":{"Weight":0,"CFrame":[0,0,0,1,0,0,0,1,0,0,0,1],"EasingStyle":"Linear","EasingDirection":"In"},"Head":{"Weight":1,"CFrame":[-2.0372681319713594e-9,4.9112713895738128e-9,0,0.9986735582351685,0.03561900556087494,-0.03718045726418495,-0.03697032481431961,0.9986563920974731,-0.03631315007805824,0.03583706170320511,0.0376395545899868,0.9986485838890076],"EasingStyle":"Linear","EasingDirection":"In"}}},{"Time":0.13333334028720857,"poses":{"Left Leg":{"Weight":1,"CFrame":[-0.9790558218955994,-0.08223903179168701,0.15066325664520265,0.693321168422699,-0.706737756729126,0.14081276953220368,0.7098758816719055,0.7034395337104797,0.035332851111888888,-0.12402431666851044,0.07546259462833405,0.9894055724143982],"EasingStyle":"Linear","EasingDirection":"In"},"Right Arm":{"Weight":1,"CFrame":[0.05797795206308365,-0.4594631791114807,0.07437372207641602,-0.18785201013088227,-0.832389771938324,-0.5213813781738281,0.7054306268692017,-0.4837034344673157,0.5180721282958984,-0.6834319233894348,-0.270477831363678,0.6780580282211304],"EasingStyle":"Linear","EasingDirection":"In"},"Left Arm":{"Weight":1,"CFrame":[-0.18296116590499879,-0.484989732503891,0.2770127058029175,-0.18519064784049989,0.852374792098999,0.4890410006046295,-0.6578382253646851,-0.47722598910331728,0.5826706290245056,0.7300364971160889,-0.21380503475666047,0.6491023302078247],"EasingStyle":"Linear","EasingDirection":"In"},"Right Leg":{"Weight":1,"CFrame":[0.7285370826721191,0.04311347007751465,0.19635915756225587,0.8581430315971375,0.4495062530040741,-0.24806222319602967,-0.46121275424957278,0.8872060775756836,0.012166277505457402,0.2255510538816452,0.10396900773048401,0.9686676859855652],"EasingStyle":"Linear","EasingDirection":"In"},"Torso":{"Weight":1,"CFrame":[0.008039364591240883,0.004059202969074249,-0.24154448509216309,0.9984524250030518,-0.05487152561545372,0.009049923159182072,0.05468853563070297,0.9983157515525818,0.01936054416000843,-0.010097024030983448,-0.018835656344890596,0.9997715950012207],"EasingStyle":"Linear","EasingDirection":"In"},"HumanoidRootPart":{"Weight":0,"CFrame":[0,0,0,1,0,0,0,1,0,0,0,1],"EasingStyle":"Linear","EasingDirection":"In"},"Head":{"Weight":1,"CFrame":[-4.656612873077393e-10,5.3551048040390018e-9,-1.1920928955078126e-7,0.995974063873291,0.08627329021692276,-0.024342114105820657,-0.08654011785984039,0.9961968660354614,-0.010127360932528973,0.023375822231173517,0.012193155474960804,0.9996523857116699],"EasingStyle":"Linear","EasingDirection":"In"}}},{"Time":0.1666666716337204,"poses":{"Left Leg":{"Weight":1,"CFrame":[-0.9136297106742859,-0.1384279727935791,0.14848244190216065,0.6660642623901367,-0.7325822710990906,0.14029118418693543,0.7320992350578308,0.6780840754508972,0.06505917012691498,-0.14279040694236756,0.05937342345714569,0.9879704713821411],"EasingStyle":"Linear","EasingDirection":"In"},"Right Arm":{"Weight":1,"CFrame":[0.0628325566649437,-0.4687553644180298,0.07466232776641846,-0.24336804449558259,-0.8817139863967896,-0.4041689336299896,0.6790422201156616,-0.4524271488189697,0.57811039686203,-0.692584753036499,-0.13375407457351685,0.7088270783424377],"EasingStyle":"Linear","EasingDirection":"In"},"Left Arm":{"Weight":1,"CFrame":[-0.18015725910663606,-0.5090517401695252,0.26325035095214846,-0.27736786007881167,0.8939043879508972,0.35213881731033327,-0.59577876329422,-0.4475696384906769,0.6668803691864014,0.7537338733673096,-0.024825837463140489,0.6567106246948242],"EasingStyle":"Linear","EasingDirection":"In"},"Right Leg":{"Weight":1,"CFrame":[0.6854562163352966,0.04507952928543091,0.22558200359344483,0.8531476259231567,0.43013277649879458,-0.29516956210136416,-0.44737738370895388,0.8942881226539612,0.010108119808137417,0.268314391374588,0.12342841178178787,0.9553914070129395],"EasingStyle":"Linear","EasingDirection":"In"},"Torso":{"Weight":1,"CFrame":[0.010919775813817978,0.01122354157269001,-0.23236346244812013,0.9946950674057007,-0.10215914994478226,0.012052848935127259,0.10208605229854584,0.9947541356086731,0.006534258369356394,-0.012657154351472855,-0.005269166547805071,0.9999060034751892],"EasingStyle":"Linear","EasingDirection":"In"},"HumanoidRootPart":{"Weight":0,"CFrame":[0,0,0,1,0,0,0,1,0,0,0,1],"EasingStyle":"Linear","EasingDirection":"In"},"Head":{"Weight":1,"CFrame":[1.1641532182693482e-10,-3.026798367500305e-9,0,0.9909895658493042,0.1336566060781479,-0.008696337230503559,-0.1335100382566452,0.9909234046936035,0.015681440010666848,0.010713331401348114,-0.014379101805388928,0.9998392462730408],"EasingStyle":"Linear","EasingDirection":"In"}}},{"Time":0.20000000298023225,"poses":{"Left Leg":{"Weight":1,"CFrame":[-0.7814188599586487,-0.15559148788452149,0.14103269577026368,0.6845833659172058,-0.7146753668785095,0.1434735357761383,0.7089518308639526,0.6985624432563782,0.09694239497184754,-0.16950775682926179,0.03535064682364464,0.9848946928977966],"EasingStyle":"Linear","EasingDirection":"In"},"Right Arm":{"Weight":1,"CFrame":[0.06581680476665497,-0.4762210249900818,0.08115792274475098,-0.2576240301132202,-0.9149277806282044,-0.3107037842273712,0.6809818148612976,-0.40004751086235049,0.6133726239204407,-0.6854879260063171,-0.05356438085436821,0.7261109948158264],"EasingStyle":"Linear","EasingDirection":"In"},"Left Arm":{"Weight":1,"CFrame":[-0.17496630549430848,-0.5254889726638794,0.2556009292602539,-0.32640454173088076,0.9111372232437134,0.25157275795936587,-0.572329044342041,-0.40232282876968386,0.7145458459854126,0.7522629499435425,0.08924848586320877,0.6527904272079468],"EasingStyle":"Linear","EasingDirection":"In"},"Right Leg":{"Weight":1,"CFrame":[0.6228951811790466,0.04518020153045654,0.24158203601837159,0.8535491228103638,0.39628344774246218,-0.33824998140335085,-0.41838449239730837,0.9082322716712952,0.008295191451907158,0.3104969561100006,0.13443812727928163,0.9410197138786316],"EasingStyle":"Linear","EasingDirection":"In"},"Torso":{"Weight":1,"CFrame":[0.014049310237169266,0.021504122763872148,-0.2087421417236328,0.9892314076423645,-0.14556829631328584,0.015203227289021016,0.14566844701766969,0.9893170595169067,-0.005696600768715143,-0.014211570844054222,0.007849888876080513,0.9998682141304016],"EasingStyle":"Linear","EasingDirection":"In"},"HumanoidRootPart":{"Weight":0,"CFrame":[0,0,0,1,0,0,0,1,0,0,0,1],"EasingStyle":"Linear","EasingDirection":"In"},"Head":{"Weight":1,"CFrame":[5.3551048040390018e-9,-2.3283064365386964e-9,1.1920928955078126e-7,0.9841808676719666,0.17694127559661866,0.008935613557696343,-0.17715759575366975,0.9833897352218628,0.03949398174881935,-0.0017990797059610487,-0.04045224189758301,0.9991798400878906],"EasingStyle":"Linear","EasingDirection":"In"}}},{"Time":0.23333333432674409,"poses":{"Left Leg":{"Weight":1,"CFrame":[-0.605534553527832,-0.13186562061309815,0.11974811553955078,0.7410345673561096,-0.6557908654212952,0.14424395561218263,0.644106924533844,0.754940927028656,0.12324874848127365,-0.18972091376781465,0.0015768881421536208,0.98183673620224],"EasingStyle":"Linear","EasingDirection":"In"},"Right Arm":{"Weight":1,"CFrame":[0.06788062304258347,-0.48350557684898379,0.09451138973236084,-0.2168557196855545,-0.9428076148033142,-0.2531545162200928,0.7095715403556824,-0.3303321599960327,0.6224056482315064,-0.6704340577125549,-0.04465917497873306,0.7406240701675415],"EasingStyle":"Linear","EasingDirection":"In"},"Left Arm":{"Weight":1,"CFrame":[-0.1699364334344864,-0.5330476760864258,0.2540614604949951,-0.3251190781593323,0.923672080039978,0.20279917120933534,-0.5801888704299927,-0.36417269706726076,0.7285324931144714,0.7467787265777588,0.1191977933049202,0.6543033719062805],"EasingStyle":"Linear","EasingDirection":"In"},"Right Leg":{"Weight":1,"CFrame":[0.5470708012580872,0.04296135902404785,0.24351966381072999,0.856671929359436,0.3524717092514038,-0.3766655921936035,-0.37788426876068118,0.925826907157898,0.006915078964084387,0.35116472840309145,0.13641208410263062,0.9263234734535217],"EasingStyle":"Linear","EasingDirection":"In"},"Torso":{"Weight":1,"CFrame":[0.017264805734157563,0.035425059497356418,-0.17592954635620118,0.982673168182373,-0.1844387650489807,0.01832440495491028,0.18473613262176515,0.982655942440033,-0.01611900143325329,-0.015033615753054619,0.01922489143908024,0.9997021555900574],"EasingStyle":"Linear","EasingDirection":"In"},"HumanoidRootPart":{"Weight":0,"CFrame":[0,0,0,1,0,0,0,1,0,0,0,1],"EasingStyle":"Linear","EasingDirection":"In"},"Head":{"Weight":1,"CFrame":[4.190951585769653e-9,1.862645149230957e-9,2.384185791015625e-7,0.9761335849761963,0.21541374921798707,0.02756936103105545,-0.2167215347290039,0.9743947386741638,0.059888921678066257,-0.013962551020085812,-0.0644344687461853,0.9978242516517639],"EasingStyle":"Linear","EasingDirection":"In"}}},{"Time":0.2666666805744171,"poses":{"Left Leg":{"Weight":1,"CFrame":[-0.4148573875427246,-0.08483016490936279,0.08491730690002442,0.8147516250610352,-0.5634755492210388,0.13665616512298585,0.5476158857345581,0.825278103351593,0.13796010613441468,-0.19051674008369447,-0.037568047642707828,0.9809648990631104],"EasingStyle":"Linear","EasingDirection":"In"},"Right Arm":{"Weight":1,"CFrame":[0.06873077899217606,-0.494119793176651,0.12047553062438965,-0.015695257112383844,-0.9704412221908569,-0.24082639813423158,0.7535792589187622,-0.1697838455438614,0.6350526213645935,-0.6571696996688843,-0.17151468992233277,0.7339692115783691],"EasingStyle":"Linear","EasingDirection":"In"},"Left Arm":{"Weight":1,"CFrame":[-0.16930708289146424,-0.5381572246551514,0.2593851089477539,-0.17517054080963136,0.9690490961074829,0.17395126819610597,-0.6161271333694458,-0.24570739269256593,0.7483416199684143,0.767920970916748,0.02391122281551361,0.6400982737541199],"EasingStyle":"Linear","EasingDirection":"In"},"Right Leg":{"Weight":1,"CFrame":[0.4640190899372101,0.03825575113296509,0.2321404218673706,0.8602286577224731,0.3033382296562195,-0.40986913442611697,-0.3298832178115845,0.9440007209777832,0.006285784766077995,0.3888234496116638,0.12980182468891145,0.9121226668357849],"EasingStyle":"Linear","EasingDirection":"In"},"Torso":{"Weight":1,"CFrame":[0.020258255302906038,0.053468428552150729,-0.1391143798828125,0.9756752252578735,-0.21820193529129029,0.021113332360982896,0.21867556869983674,0.9755131006240845,-0.023562125861644746,-0.015455033630132676,0.027605950832366945,0.9994993805885315],"EasingStyle":"Linear","EasingDirection":"In"},"HumanoidRootPart":{"Weight":0,"CFrame":[0,0,0,1,0,0,0,1,0,0,0,1],"EasingStyle":"Linear","EasingDirection":"In"},"Head":{"Weight":1,"CFrame":[6.984919309616089e-9,3.725290298461914e-9,0,0.9675323963165283,0.24850107729434968,0.046132732182741168,-0.25143539905548098,0.9649131894111633,0.07564894109964371,-0.02571525052189827,-0.08479219675064087,0.9960667490959168],"EasingStyle":"Linear","EasingDirection":"In"}}},{"Time":0.30000001192092898,"poses":{"Left Leg":{"Weight":1,"CFrame":[-0.28094565868377688,-0.04469168186187744,0.052614450454711917,0.8745582103729248,-0.4709456264972687,0.11557664722204209,0.45543116331100466,0.8795509338378906,0.13774161040782929,-0.1665245145559311,-0.06782585382461548,0.9837018251419067],"EasingStyle":"Linear","EasingDirection":"In"},"Right Arm":{"Weight":1,"CFrame":[0.05661747604608536,-0.5091487765312195,0.160652756690979,0.3927879333496094,-0.8839925527572632,-0.25352415442466738,0.7223580479621887,0.12596218287944795,0.6799504160881043,-0.5691366195678711,-0.450211763381958,0.6880356073379517],"EasingStyle":"Linear","EasingDirection":"In"},"Left Arm":{"Weight":1,"CFrame":[-0.1661563366651535,-0.5457707047462463,0.27275168895721438,0.1747947484254837,0.9774397611618042,0.11856746673583985,-0.6136025786399841,0.013961399905383587,0.7894914150238037,0.7700251340866089,-0.21075253188610078,0.6022001504898071],"EasingStyle":"Linear","EasingDirection":"In"},"Right Leg":{"Weight":1,"CFrame":[0.38053756952285769,0.0314902663230896,0.21013963222503663,0.8625979423522949,0.25417178869247439,-0.4374031126499176,-0.27943629026412966,0.9601396918296814,0.0068566445261240009,0.42171093821525576,0.11631191521883011,0.8992394208908081],"EasingStyle":"Linear","EasingDirection":"In"},"Torso":{"Weight":1,"CFrame":[0.022615525871515275,0.07606659829616547,-0.1034555435180664,0.968896746635437,-0.24637757241725923,0.023177623748779298,0.24695900082588197,0.9686524271965027,-0.026901844888925554,-0.01582305133342743,0.03178902715444565,0.9993693232536316],"EasingStyle":"Linear","EasingDirection":"In"},"HumanoidRootPart":{"Weight":0,"CFrame":[0,0,0,1,0,0,0,1,0,0,0,1],"EasingStyle":"Linear","EasingDirection":"In"},"Head":{"Weight":1,"CFrame":[1.30385160446167e-8,9.313225746154786e-10,-4.172325134277344e-7,0.9591219425201416,0.2757680416107178,0.0635385736823082,-0.2805508077144623,0.956002414226532,0.08573571592569351,-0.03709987923502922,-0.10005681216716767,0.9942898154258728],"EasingStyle":"Linear","EasingDirection":"In"}}},{"Time":0.3333333432674408,"poses":{"Left Leg":{"Weight":1,"CFrame":[-0.22604185342788697,-0.024799108505249025,0.03383433818817139,0.9077459573745728,-0.40989577770233157,0.08934594690799713,0.39727652072906496,0.9083219766616821,0.13085342943668366,-0.13479121029376985,-0.08328662812709809,0.987367570400238],"EasingStyle":"Linear","EasingDirection":"In"},"Right Arm":{"Weight":1,"CFrame":[0.01851322501897812,-0.5167026519775391,0.20021486282348634,0.7976459860801697,-0.5470482707023621,-0.25396624207496645,0.5197941660881043,0.40995168685913088,0.7495019435882568,-0.3059001863002777,-0.72984778881073,0.61134934425354],"EasingStyle":"Linear","EasingDirection":"In"},"Left Arm":{"Weight":1,"CFrame":[-0.1470879316329956,-0.5469084978103638,0.28950035572052,0.5767080783843994,0.8152940273284912,0.05199381336569786,-0.491296648979187,0.2952677309513092,0.8194171190261841,0.6527138948440552,-0.49810901284217837,0.5708346962928772],"EasingStyle":"Linear","EasingDirection":"In"},"Right Leg":{"Weight":1,"CFrame":[0.30632156133651736,0.02405327558517456,0.1832791566848755,0.8628300428390503,0.21202854812145234,-0.4588770270347595,-0.2340378314256668,0.9721844792366028,0.009143868461251259,0.4480520784854889,0.09950493276119232,0.8884527087211609],"EasingStyle":"Linear","EasingDirection":"In"},"Torso":{"Weight":1,"CFrame":[0.0238645002245903,0.10361337661743164,-0.07412552833557129,0.9629648327827454,-0.26854953169822695,0.024081099778413774,0.26912426948547366,0.962779700756073,-0.025048304349184037,-0.016458088532090188,0.030601445585489274,0.9993961453437805],"EasingStyle":"Linear","EasingDirection":"In"},"HumanoidRootPart":{"Weight":0,"CFrame":[0,0,0,1,0,0,0,1,0,0,0,1],"EasingStyle":"Linear","EasingDirection":"In"},"Head":{"Weight":1,"CFrame":[-5.587935447692871e-9,1.4901161193847657e-8,-1.1920928955078126e-7,0.9516602158546448,0.2968864440917969,0.07874872535467148,-0.30334481596946719,0.9486934542655945,0.08923342823982239,-0.048216208815574649,-0.10880793631076813,0.9928927421569824],"EasingStyle":"Linear","EasingDirection":"In"}}},{"Time":0.36666667461395266,"poses":{"Left Leg":{"Weight":1,"CFrame":[-0.18570059537887574,-0.012794733047485352,0.021989822387695314,0.9279645085334778,-0.36615434288978579,0.06937476247549057,0.356012225151062,0.9260253310203552,0.12542875111103059,-0.11016897112131119,-0.09169529378414154,0.9896740913391113],"EasingStyle":"Linear","EasingDirection":"In"},"Right Arm":{"Weight":1,"CFrame":[-0.027704477310180665,-0.502636194229126,0.2233492136001587,0.9615098237991333,-0.1347494125366211,-0.2394610345363617,0.2744782865047455,0.511215329170227,0.8144446611404419,0.012670386582612992,-0.848823606967926,0.52852463722229],"EasingStyle":"Linear","EasingDirection":"In"},"Left Arm":{"Weight":1,"CFrame":[-0.11883797496557236,-0.5296462774276733,0.2999204397201538,0.8352601528167725,0.5492138266563416,0.02654866687953472,-0.3230835795402527,0.45114049315452578,0.8319188356399536,0.44492417573928835,-0.703446090221405,0.5542618632316589],"EasingStyle":"Linear","EasingDirection":"In"},"Right Leg":{"Weight":1,"CFrame":[0.251592218875885,0.018726885318756105,0.15925335884094239,0.8612570762634277,0.1822177618741989,-0.4743761420249939,-0.1999318152666092,0.9797189235687256,0.0133425984531641,0.4671868085861206,0.08335147798061371,0.8802211284637451],"EasingStyle":"Linear","EasingDirection":"In"},"Torso":{"Weight":1,"CFrame":[0.023420125246047975,0.13403408229351045,-0.05419659614562988,0.9583243131637573,-0.284732460975647,0.023279163986444474,0.2851886451244354,0.9582754969596863,-0.019377466291189195,-0.01679046079516411,0.02520884945988655,0.999541163444519],"EasingStyle":"Linear","EasingDirection":"In"},"HumanoidRootPart":{"Weight":0,"CFrame":[0,0,0,1,0,0,0,1,0,0,0,1],"EasingStyle":"Linear","EasingDirection":"In"},"Head":{"Weight":1,"CFrame":[-1.5832483768463136e-8,2.7939677238464357e-9,0,0.945666491985321,0.3119472861289978,0.09167224913835526,-0.31970614194869997,0.9434652924537659,0.08752834051847458,-0.05918537825345993,-0.11208079755306244,0.9919349551200867],"EasingStyle":"Linear","EasingDirection":"In"}}},{"Time":0.4000000059604645,"poses":{"Left Leg":{"Weight":1,"CFrame":[-0.163172647356987,-0.006767630577087402,0.014623045921325684,0.9393958449363709,-0.33853447437286379,0.054129570722579959,0.33045312762260439,0.9361609220504761,0.12001369893550873,-0.09130293130874634,-0.09485305845737457,0.9912954568862915],"EasingStyle":"Linear","EasingDirection":"In"},"Right Arm":{"Weight":1,"CFrame":[-0.053027138113975528,-0.47434955835342409,0.23717641830444337,0.9624902009963989,0.06981547921895981,-0.26218006014823916,0.19869568943977357,0.4766320288181305,0.8563537001609802,0.18475018441677094,-0.8763262629508972,0.44488194584846499],"EasingStyle":"Linear","EasingDirection":"In"},"Left Arm":{"Weight":1,"CFrame":[-0.10134400427341461,-0.49487927556037905,0.3055657148361206,0.920451819896698,0.379965603351593,0.0916224867105484,-0.2742087244987488,0.46071210503578188,0.8441289663314819,0.2785283625125885,-0.8021038174629211,0.5282533764839172],"EasingStyle":"Linear","EasingDirection":"In"},"Right Leg":{"Weight":1,"CFrame":[0.2162478268146515,0.016581237316131593,0.14150822162628175,0.8586711287498474,0.16376690566539765,-0.4856584966182709,-0.17682000994682313,0.9840559363365173,0.019202249124646188,0.48105981945991518,0.06938555091619492,0.8739376664161682],"EasingStyle":"Linear","EasingDirection":"In"},"Torso":{"Weight":1,"CFrame":[0.021158237010240556,0.16406744718551637,-0.04199624061584473,0.9547666311264038,-0.29663723707199099,0.020662838593125345,0.29692336916923525,0.9548201560974121,-0.012451432645320893,-0.01603573188185692,0.01802349090576172,0.9997089505195618],"EasingStyle":"Linear","EasingDirection":"In"},"HumanoidRootPart":{"Weight":0,"CFrame":[0,0,0,1,0,0,0,1,0,0,0,1],"EasingStyle":"Linear","EasingDirection":"In"},"Head":{"Weight":1,"CFrame":[-9.313225746154785e-9,3.725290298461914e-9,1.1920928955078126e-7,0.9409130215644836,0.32273513078689577,0.10259014368057251,-0.33141055703163149,0.9398314356803894,0.08296951651573181,-0.06964028626680374,-0.11206655949354172,0.9912574291229248],"EasingStyle":"Linear","EasingDirection":"In"}}},{"Time":0.4333333373069763,"poses":{"Left Leg":{"Weight":1,"CFrame":[-0.1579006016254425,-0.005059242248535156,0.009723663330078125,0.944840133190155,-0.32489436864852908,0.04148110747337341,0.31854522228240969,0.9409803748130798,0.11438911408185959,-0.07619737833738327,-0.09486589580774307,0.992569625377655],"EasingStyle":"Linear","EasingDirection":"In"},"Right Arm":{"Weight":1,"CFrame":[-0.06185333803296089,-0.44520774483680727,0.25083422660827639,0.9434452652931213,0.11481444537639618,-0.31101223826408389,0.23907820880413056,0.4142976403236389,0.8781793117523193,0.2296794056892395,-0.9028704762458801,0.3634178042411804],"EasingStyle":"Linear","EasingDirection":"In"},"Left Arm":{"Weight":1,"CFrame":[-0.09678999334573746,-0.45493313670158389,0.316697359085083,0.9277595281600952,0.30853310227394106,0.20992732048034669,-0.33064311742782595,0.4187942147254944,0.8457460403442383,0.17302438616752625,-0.854060173034668,0.49055492877960207],"EasingStyle":"Linear","EasingDirection":"In"},"Right Leg":{"Weight":1,"CFrame":[0.1974269449710846,0.017264246940612794,0.13123559951782227,0.8549051880836487,0.15595664083957673,-0.4947874844074249,-0.16446290910243989,0.9860236644744873,0.026630640029907228,0.4920254647731781,0.0586075559258461,0.8686058521270752],"EasingStyle":"Linear","EasingDirection":"In"},"Torso":{"Weight":1,"CFrame":[0.01730581745505333,0.19234487414360047,-0.03562784194946289,0.9517732262611389,-0.30636066198349,0.016457539051771165,0.30647581815719607,0.9518656134605408,-0.004939548205584288,-0.014152079820632935,0.009745169430971146,0.9998523592948914],"EasingStyle":"Linear","EasingDirection":"In"},"HumanoidRootPart":{"Weight":0,"CFrame":[0,0,0,1,0,0,0,1,0,0,0,1],"EasingStyle":"Linear","EasingDirection":"In"},"Head":{"Weight":1,"CFrame":[1.4901161193847657e-8,-1.0244548320770264e-8,-2.384185791015625e-7,0.9369017481803894,0.33146095275878909,0.11112510412931442,-0.34056249260902407,0.9371442198753357,0.07601238787174225,-0.07894512265920639,-0.10906119644641876,0.9908952116966248],"EasingStyle":"Linear","EasingDirection":"In"}}},{"Time":0.46666666865348818,"poses":{"Left Leg":{"Weight":1,"CFrame":[-0.1643647849559784,-0.0059413909912109379,0.0056459903717041019,0.9468638896942139,-0.32029345631599429,0.029340393841266633,0.315522164106369,0.9426965713500977,0.10848481208086014,-0.062405843287706378,-0.09346293658018112,0.9936650395393372],"EasingStyle":"Linear","EasingDirection":"In"},"Right Arm":{"Weight":1,"CFrame":[-0.0680919885635376,-0.41995367407798769,0.263025164604187,0.9294273257255554,0.13984695076942445,-0.34147852659225466,0.27412575483322146,0.35782063007354739,0.8926475048065186,0.24702206254005433,-0.9232590198516846,0.29423266649246218],"EasingStyle":"Linear","EasingDirection":"In"},"Left Arm":{"Weight":1,"CFrame":[-0.09633646905422211,-0.41953375935554507,0.3341338634490967,0.9178982377052307,0.24355687201023103,0.3132777512073517,-0.3887132704257965,0.39315640926361086,0.8332647681236267,0.07978013157844544,-0.8866273760795593,0.4555512070655823],"EasingStyle":"Linear","EasingDirection":"In"},"Right Leg":{"Weight":1,"CFrame":[0.18995386362075807,0.02017444372177124,0.12755978107452393,0.8495004773139954,0.1567671298980713,-0.5037588477134705,-0.16091959178447724,0.9863260984420776,0.03557668998837471,0.5024478435516357,0.05084237828850746,0.8631114363670349],"EasingStyle":"Linear","EasingDirection":"In"},"Torso":{"Weight":1,"CFrame":[0.01210036501288414,0.21752066910266877,-0.03318500518798828,0.9487136602401733,-0.31594905257225039,0.010889051482081414,0.31594082713127139,0.948775589466095,0.002510085701942444,-0.011124324053525925,0.0010589435696601868,0.9999375343322754],"EasingStyle":"Linear","EasingDirection":"In"},"HumanoidRootPart":{"Weight":0,"CFrame":[0,0,0,1,0,0,0,1,0,0,0,1],"EasingStyle":"Linear","EasingDirection":"In"},"Head":{"Weight":1,"CFrame":[-3.725290298461914e-9,9.313225746154786e-10,1.1920928955078126e-7,0.9330279231071472,0.34028324484825137,0.11690237373113632,-0.34926071763038638,0.9346274733543396,0.06699557602405548,-0.08646270632743836,-0.10333814471960068,0.9908811450004578],"EasingStyle":"Linear","EasingDirection":"In"}}},{"Time":0.5,"poses":{"Left Leg":{"Weight":1,"CFrame":[-0.17484594881534577,-0.007860779762268067,0.0011104345321655274,0.9477580785751343,-0.31860652565956118,0.01564020849764347,0.31545448303222659,0.9434059858322144,0.10233990103006363,-0.04736139997839928,-0.09205977618694306,0.994626522064209],"EasingStyle":"Linear","EasingDirection":"In"},"Right Arm":{"Weight":1,"CFrame":[-0.07119795680046082,-0.3991919159889221,0.27333080768585207,0.9187539219856262,0.1433090716600418,-0.36790451407432558,0.3130534291267395,0.3034146726131439,0.8999649286270142,0.2406008094549179,-0.9420201778411865,0.23390033841133119],"EasingStyle":"Linear","EasingDirection":"In"},"Left Arm":{"Weight":1,"CFrame":[-0.09883714467287064,-0.39057016372680666,0.3530315160751343,0.8959171772003174,0.1950521320104599,0.39910808205604555,-0.4441240727901459,0.37451794743537905,0.8139347434043884,0.009286360815167427,-0.9064717292785645,0.4221646189689636],"EasingStyle":"Linear","EasingDirection":"In"},"Right Leg":{"Weight":1,"CFrame":[0.1875346451997757,0.024592161178588868,0.128525972366333,0.8417292833328247,0.16359765827655793,-0.5145165920257568,-0.16340124607086183,0.9854852557182312,0.0460304319858551,0.5145792961120606,0.045327406376600268,0.8562440872192383],"EasingStyle":"Linear","EasingDirection":"In"},"Torso":{"Weight":1,"CFrame":[0.005782431457191706,0.2382526695728302,-0.03274893760681152,0.9448710680007935,-0.32741594314575198,0.004178695380687714,0.3273683190345764,0.9448515176773071,0.009251216426491738,-0.006977242883294821,-0.007373228669166565,0.9999485015869141],"EasingStyle":"Linear","EasingDirection":"In"},"HumanoidRootPart":{"Weight":0,"CFrame":[0,0,0,1,0,0,0,1,0,0,0,1],"EasingStyle":"Linear","EasingDirection":"In"},"Head":{"Weight":1,"CFrame":[-6.51925802230835e-9,3.4924596548080446e-9,-1.7881393432617188e-7,0.9285110235214233,0.3512067496776581,0.120503269135952,-0.35966044664382937,0.9313487410545349,0.056867342442274097,-0.09225837886333466,-0.0961422249674797,0.9910827875137329],"EasingStyle":"Linear","EasingDirection":"In"}}},{"Time":0.5333333611488342,"poses":{"Left Leg":{"Weight":1,"CFrame":[-0.18393748998641969,-0.009761333465576172,-0.004683434963226318,0.9491117000579834,-0.3149351179599762,-0.0016769635258242488,0.3136335015296936,0.9446776509284973,0.0960116907954216,-0.028653584420681,-0.09165161848068237,0.9953787922859192],"EasingStyle":"Linear","EasingDirection":"In"},"Right Arm":{"Weight":1,"CFrame":[-0.07102350145578385,-0.38360396027565,0.2809712886810303,0.9069004058837891,0.12320446223020554,-0.40292981266975405,0.36525627970695498,0.24684271216392518,0.8975836634635925,0.21004654467105866,-0.9611915946006775,0.17886066436767579],"EasingStyle":"Linear","EasingDirection":"In"},"Left Arm":{"Weight":1,"CFrame":[-0.10244599729776383,-0.36998432874679568,0.3685837984085083,0.868259847164154,0.1710684895515442,0.46568262577056887,-0.4953193962574005,0.3518785834312439,0.7942544221878052,-0.02799181640148163,-0.920280933380127,0.39025580883026125],"EasingStyle":"Linear","EasingDirection":"In"},"Right Leg":{"Weight":1,"CFrame":[0.18396686017513276,0.029869556427001954,0.13200998306274415,0.8306707739830017,0.1738147735595703,-0.5289372801780701,-0.16896983981132508,0.9839151501655579,0.057966601103544238,0.5305047035217285,0.041223157197237018,0.8466789722442627],"EasingStyle":"Linear","EasingDirection":"In"},"Torso":{"Weight":1,"CFrame":[-0.0014003245159983636,0.2534620761871338,-0.03270983695983887,0.9394237995147705,-0.34274056553840639,-0.0034480467438697817,0.3427533209323883,0.9393115639686585,0.014625348150730133,-0.0017739091999828816,-0.01492122933268547,0.9998871088027954],"EasingStyle":"Linear","EasingDirection":"In"},"HumanoidRootPart":{"Weight":0,"CFrame":[0,0,0,1,0,0,0,1,0,0,0,1],"EasingStyle":"Linear","EasingDirection":"In"},"Head":{"Weight":1,"CFrame":[9.313225746154786e-10,-2.153683453798294e-8,1.1920928955078126e-7,0.9224048852920532,0.36611491441726687,0.12300050258636475,-0.37388718128204348,0.9262978434562683,0.04669806361198425,-0.09683825820684433,-0.08906284719705582,0.9913073182106018],"EasingStyle":"Linear","EasingDirection":"In"}}},{"Time":0.5666666626930237,"poses":{"Left Leg":{"Weight":1,"CFrame":[-0.19211289286613465,-0.01138770580291748,-0.011775851249694825,0.9510824084281921,-0.3080555200576782,-0.023324040696024896,0.30888840556144717,0.9468755125999451,0.08952511847019196,-0.005493610631674528,-0.09235027432441712,0.9957114458084106],"EasingStyle":"Linear","EasingDirection":"In"},"Right Arm":{"Weight":1,"CFrame":[-0.06705807894468308,-0.37357500195503237,0.2850017547607422,0.8851186633110046,0.07757792621850968,-0.45885351300239565,0.43991297483444216,0.18213705718517304,0.8793762922286987,0.15179453790187837,-0.9802080392837524,0.12708577513694764],"EasingStyle":"Linear","EasingDirection":"In"},"Left Arm":{"Weight":1,"CFrame":[-0.10576769709587097,-0.3592979907989502,0.37579047679901125,0.8404754400253296,0.1784130483865738,0.5116346478462219,-0.5414485931396484,0.3128593862056732,0.7803539037704468,-0.020844006910920144,-0.9328921437263489,0.3595520853996277],"EasingStyle":"Linear","EasingDirection":"In"},"Right Leg":{"Weight":1,"CFrame":[0.1769390106201172,0.03592538833618164,0.13727450370788575,0.815977156162262,0.18552082777023316,-0.5475063323974609,-0.17571094632148744,0.9818897843360901,0.07083924859762192,0.5507330894470215,0.038399532437324527,0.8337976932525635],"EasingStyle":"Linear","EasingDirection":"In"},"Torso":{"Weight":1,"CFrame":[-0.00906665064394474,0.263158917427063,-0.03274226188659668,0.9319039583206177,-0.36251962184906008,-0.011599065735936165,0.36267974972724917,0.9317405819892883,0.01796870119869709,0.004293312318623066,-0.02095184288918972,0.9997712969779968],"EasingStyle":"Linear","EasingDirection":"In"},"HumanoidRootPart":{"Weight":0,"CFrame":[0,0,0,1,0,0,0,1,0,0,0,1],"EasingStyle":"Linear","EasingDirection":"In"},"Head":{"Weight":1,"CFrame":[3.725290298461914e-9,3.725290298461914e-9,4.76837158203125e-7,0.9142348170280457,0.38558346033096316,0.1244998350739479,-0.3926336169242859,0.9189426302909851,0.03719120845198631,-0.10006789863109589,-0.08288434147834778,0.9915223717689514],"EasingStyle":"Linear","EasingDirection":"In"}}},{"Time":0.6000000238418579,"poses":{"Left Leg":{"Weight":1,"CFrame":[-0.19894735515117646,-0.013068437576293946,-0.018606722354888917,0.9531379342079163,-0.29907581210136416,-0.04562768340110779,0.3019677698612213,0.9497057795524597,0.08291138708591461,0.018535790964961053,-0.09280408173799515,0.9955118298530579],"EasingStyle":"Linear","EasingDirection":"In"},"Right Arm":{"Weight":1,"CFrame":[-0.054017774760723117,-0.3698616921901703,0.28367793560028078,0.8333259224891663,-0.04323649778962135,-0.5510883927345276,0.5524427890777588,0.10005923360586167,0.8275235295295715,0.0193619504570961,-0.9940416216850281,0.10726803541183472],"EasingStyle":"Linear","EasingDirection":"In"},"Left Arm":{"Weight":1,"CFrame":[-0.11360383033752442,-0.3581167459487915,0.3762691020965576,0.7884450554847717,0.2564842700958252,0.5590798258781433,-0.6118564009666443,0.2337331920862198,0.7556456327438355,0.06313576549291611,-0.9378617405891419,0.3412175178527832],"EasingStyle":"Linear","EasingDirection":"In"},"Right Leg":{"Weight":1,"CFrame":[0.1673256754875183,0.04247927665710449,0.14360737800598145,0.8004261255264282,0.19565029442310334,-0.5666029453277588,-0.18115994334220887,0.9799893498420715,0.08247396349906922,0.5714010000228882,0.0366315022110939,0.8198531270027161],"EasingStyle":"Linear","EasingDirection":"In"},"Torso":{"Weight":1,"CFrame":[-0.016456641256809236,0.2677699625492096,-0.03282904624938965,0.9235027432441711,-0.38309821486473086,-0.01945263147354126,0.3834410607814789,0.9233736395835877,0.018817642703652383,0.010753043927252293,-0.024837080389261247,0.9996336698532105],"EasingStyle":"Linear","EasingDirection":"In"},"HumanoidRootPart":{"Weight":0,"CFrame":[0,0,0,1,0,0,0,1,0,0,0,1],"EasingStyle":"Linear","EasingDirection":"In"},"Head":{"Weight":1,"CFrame":[3.725290298461914e-9,-1.5832483768463136e-8,-1.7881393432617188e-7,0.9053487181663513,0.40598970651626589,0.12456367164850235,-0.41238686442375185,0.9105272889137268,0.02961702086031437,-0.1013944074511528,-0.0781821459531784,0.9917694926261902],"EasingStyle":"Linear","EasingDirection":"In"}}},{"Time":0.6333333253860474,"poses":{"Left Leg":{"Weight":1,"CFrame":[-0.20347270369529725,-0.015286445617675782,-0.02302849292755127,0.9548587203025818,-0.2903476655483246,-0.06279493868350983,0.2946609854698181,0.952555775642395,0.07623862475156784,0.03767995536327362,-0.0913003534078598,0.995110273361206],"EasingStyle":"Linear","EasingDirection":"In"},"Right Arm":{"Weight":1,"CFrame":[-0.030045904219150544,-0.37018343806266787,0.2735025882720947,0.7055441737174988,-0.25836455821990969,-0.6598902940750122,0.6791115999221802,-0.01961015909910202,0.7337730526924133,-0.20252138376235963,-0.965848445892334,0.16162285208702088],"EasingStyle":"Linear","EasingDirection":"In"},"Left Arm":{"Weight":1,"CFrame":[-0.12915797531604768,-0.3627399504