{"Sequence":[{"Time":0,"poses":{"Left Leg":{"Weight":1,"CFrame":[-0.11376145482063294,0.10263186693191529,0.006302356719970703,0.9930153489112854,0.025629306212067605,0.11516810953617096,-0.052670326083898547,0.9697544574737549,0.23833225667476655,-0.1055765450000763,-0.24273356795310975,0.9643308520317078],"EasingStyle":"Linear","EasingDirection":"In"},"Right Arm":{"Weight":1,"CFrame":[-0.12670429050922395,-0.09848707914352417,-0.025882363319396974,0.9957393407821655,-0.060304705053567889,-0.0697614923119545,0.07189629971981049,0.981433629989624,0.17781761288642884,0.057743001729249957,-0.18207566440105439,0.9815875887870789],"EasingStyle":"Linear","EasingDirection":"In"},"Head":{"Weight":1,"CFrame":[8.777715265750885e-8,2.2559106582775713e-8,-5.960464477539063e-8,0.9999496936798096,0.009998850524425507,0.000886522582732141,-0.010029402561485768,0.9915121793746948,0.12962719798088075,0.0004171248874627054,-0.12962958216667176,0.9915624260902405],"EasingStyle":"Linear","EasingDirection":"In"},"Right Leg":{"Weight":1,"CFrame":[0.20173271000385285,0.06421416997909546,0.02684497833251953,0.9881200194358826,0.045508693903684619,-0.14679189026355744,-0.021471701562404634,0.9866633415222168,0.16135182976722718,0.1521771401166916,-0.1562831699848175,0.9759189486503601],"EasingStyle":"Linear","EasingDirection":"In"},"Torso":{"Weight":1,"CFrame":[0.0006095003336668015,-0.08485664427280426,-0.0006754398345947266,0.9999499917030335,-0.009969265200197697,0.0007617881637997925,0.009993825107812882,0.9943084716796875,-0.10607081651687622,0.00029999573598615825,0.10607314854860306,0.9943583011627197],"EasingStyle":"Linear","EasingDirection":"In"},"HumanoidRootPart":{"Weight":1,"CFrame":[0,0,0,1,0,0,0,1,0,0,0,1],"EasingStyle":"Linear","EasingDirection":"In"},"Left Arm":{"Weight":1,"CFrame":[0.11832171678543091,-0.0896216332912445,0.025882244110107423,0.9989008903503418,0.04566759616136551,0.010560275986790657,-0.04687259718775749,0.9734683632850647,0.22396959364414216,-0.000051971383072668689,-0.22421854734420777,0.9745389223098755],"EasingStyle":"Linear","EasingDirection":"In"}}},{"Time":0.03333333507180214,"poses":{"Left Leg":{"Weight":1,"CFrame":[-0.37560173869132998,0.1709311604499817,0.007206559181213379,0.9709991812705994,-0.1920071244239807,0.1424568146467209,0.1482810527086258,0.9510472416877747,0.2711491882801056,-0.1875457763671875,-0.24216194450855256,0.9519370794296265],"EasingStyle":"Linear","EasingDirection":"In"},"Right Arm":{"Weight":1,"CFrame":[-0.12515075504779817,-0.1006401777267456,-0.03779822587966919,0.9923835396766663,-0.05691026896238327,-0.10925290733575821,0.07116159796714783,0.9887819886207581,0.13132503628730775,0.10055352002382279,-0.1380995661020279,0.9853007197380066],"EasingStyle":"Linear","EasingDirection":"In"},"Head":{"Weight":1,"CFrame":[8.744245860725641e-8,-1.5716977941337974e-8,0,0.9999734163284302,0.0007733972161076963,-0.007255855482071638,-0.0000850085707497783,0.9955345392227173,0.09439777582883835,0.007296463008970022,-0.09439465403556824,0.9955081343650818],"EasingStyle":"Linear","EasingDirection":"In"},"Right Leg":{"Weight":1,"CFrame":[0.42855316400527956,0.14242440462112428,0.046244263648986819,0.953390896320343,0.2463320940732956,-0.17425917088985444,-0.2132093608379364,0.9586264491081238,0.18861888349056245,0.2135123312473297,-0.14267383515834809,0.9664661288261414],"EasingStyle":"Linear","EasingDirection":"In"},"Torso":{"Weight":1,"CFrame":[-0.00014295415894594043,-0.08773612976074219,-0.11864328384399414,0.9999179244041443,-0.01281327847391367,-0.00006407415639841929,0.012773402966558934,0.9971764087677002,-0.0740017220377922,0.0010120976949110628,0.07399483770132065,0.9972581267356873],"EasingStyle":"Linear","EasingDirection":"In"},"HumanoidRootPart":{"Weight":1,"CFrame":[0,0,0,1,0,0,0,1,0,0,0,1],"EasingStyle":"Linear","EasingDirection":"In"},"Left Arm":{"Weight":1,"CFrame":[0.1170676052570343,-0.09473896026611328,-0.005182981491088867,0.9986541271209717,0.04876207187771797,0.017672952264547349,-0.050155654549598697,0.9947115778923035,0.0896284356713295,-0.013209043070673943,-0.0903942883014679,0.995818555355072],"EasingStyle":"Linear","EasingDirection":"In"}}},{"Time":0.06666667014360428,"poses":{"Left Leg":{"Weight":1,"CFrame":[-0.5172674655914307,0.2643311023712158,-0.013400256633758545,0.9364016652107239,-0.30960261821746828,0.1652216613292694,0.24893055856227876,0.9178643822669983,0.30912548303604128,-0.24735720455646516,-0.24833689630031587,0.93655925989151],"EasingStyle":"Linear","EasingDirection":"In"},"Right Arm":{"Weight":1,"CFrame":[-0.1246662437915802,-0.11571264266967774,-0.045453667640686038,0.9743022322654724,-0.05360842123627663,-0.218772292137146,0.07335548102855683,0.9938329458236694,0.08315723389387131,0.21296517550945283,-0.09706854075193405,0.972226083278656],"EasingStyle":"Linear","EasingDirection":"In"},"Head":{"Weight":1,"CFrame":[8.777715265750885e-8,-2.470187610015273e-8,-4.172325134277344e-7,0.999843418598175,-0.013295530341565609,-0.011682958342134953,0.013961447402834893,0.9981663227081299,0.05889866501092911,0.010878446511924267,-0.059052545577287677,0.9981955885887146],"EasingStyle":"Linear","EasingDirection":"In"},"Right Leg":{"Weight":1,"CFrame":[0.5597063302993774,0.226676344871521,0.05829763412475586,0.9105037450790405,0.3648757338523865,-0.19454717636108399,-0.32298216223716738,0.9213363528251648,0.21638354659080506,0.2581966519355774,-0.13418284058570863,0.9567285180091858],"EasingStyle":"Linear","EasingDirection":"In"},"Torso":{"Weight":1,"CFrame":[-0.001528965774923563,-0.0907464399933815,-0.25324058532714846,0.9997951984405518,-0.020162440836429597,-0.0017542591085657478,0.02002904936671257,0.9981601238250732,-0.05722980201244354,0.002904923865571618,0.05718294531106949,0.9983595013618469],"EasingStyle":"Linear","EasingDirection":"In"},"HumanoidRootPart":{"Weight":1,"CFrame":[0,0,0,1,0,0,0,1,0,0,0,1],"EasingStyle":"Linear","EasingDirection":"In"},"Left Arm":{"Weight":1,"CFrame":[0.11581350117921829,-0.12396067380905152,-0.017360448837280275,0.9938733577728272,0.07036224007606507,0.08523551374673844,-0.06838737428188324,0.9973233342170715,-0.025874843820929529,-0.08682799339294434,0.01988721825182438,0.9960247874259949],"EasingStyle":"Linear","EasingDirection":"In"}}},{"Time":0.10000000149011612,"poses":{"Left Leg":{"Weight":1,"CFrame":[-0.6499602794647217,0.3841516971588135,-0.017739415168762208,0.9003061652183533,-0.3977782130241394,0.17669571936130525,0.3244289457798004,0.8839102983474731,0.3368212580680847,-0.2901633381843567,-0.2459169626235962,0.9248405694961548],"EasingStyle":"Linear","EasingDirection":"In"},"Right Arm":{"Weight":1,"CFrame":[-0.12109880149364472,-0.18456369638442994,-0.07844418287277222,0.9218198657035828,-0.08510313928127289,-0.37816092371940615,0.09862835705280304,0.9949875473976135,0.016503313556313516,0.374860942363739,-0.05251050740480423,0.9255927801132202],"EasingStyle":"Linear","EasingDirection":"In"},"Head":{"Weight":1,"CFrame":[8.66129994392395e-8,-8.003553375601769e-10,0,0.9998579025268555,-0.016464993357658387,-0.0036275479942560198,0.016695529222488405,0.9968904256820679,0.07701283693313599,0.0023482509423047306,-0.0770624503493309,0.9970235824584961],"EasingStyle":"Linear","EasingDirection":"In"},"Right Leg":{"Weight":1,"CFrame":[0.6764172315597534,0.3388040065765381,0.0725107192993164,0.8618568778038025,0.45756277441978457,-0.21872176229953767,-0.40501922369003298,0.8805505037307739,0.24615086615085603,0.305225133895874,-0.12356032431125641,0.9442301392555237],"EasingStyle":"Linear","EasingDirection":"In"},"Torso":{"Weight":1,"CFrame":[-0.002490455750375986,-0.12449520826339722,-0.4208261966705322,0.9995492100715637,-0.029827192425727845,-0.003424794180318713,0.02953043207526207,0.9973092079162598,-0.06710076332092285,0.0054170056246221069,0.0669693872332573,0.9977403283119202],"EasingStyle":"Linear","EasingDirection":"In"},"HumanoidRootPart":{"Weight":1,"CFrame":[0,0,0,1,0,0,0,1,0,0,0,1],"EasingStyle":"Linear","EasingDirection":"In"},"Left Arm":{"Weight":1,"CFrame":[0.10309775918722153,-0.19285047054290772,-0.05465662479400635,0.946718156337738,0.1530049443244934,0.28339800238609316,-0.14868700504302979,0.9881986379623413,-0.036819398403167728,-0.28568705916404726,-0.00728004053235054,0.9582953453063965],"EasingStyle":"Linear","EasingDirection":"In"}}},{"Time":0.13333334028720857,"poses":{"Left Leg":{"Weight":1,"CFrame":[-0.6784065365791321,0.4399842619895935,-0.022563159465789796,0.8958438038825989,-0.4054417908191681,0.18188132345676423,0.32917362451553347,0.8804320693016052,0.3412979543209076,-0.2985106408596039,-0.245879128575325,0.922190248966217],"EasingStyle":"Linear","EasingDirection":"In"},"Right Arm":{"Weight":1,"CFrame":[-0.1053151935338974,-0.3180871605873108,-0.10101670026779175,0.7985782623291016,-0.19005806744098664,-0.5710960030555725,0.23140141367912293,0.9728584289550781,-0.0001884456432890147,0.5556313395500183,-0.13200198113918305,0.8208832144737244],"EasingStyle":"Linear","EasingDirection":"In"},"Head":{"Weight":1,"CFrame":[9.12696123123169e-8,-8.760252967476845e-9,2.384185791015625e-7,0.9997941851615906,-0.019843457266688348,0.004224883392453194,0.01927281729876995,0.9939889311790466,0.10777179151773453,-0.006338052451610565,-0.1076682060956955,0.9941667318344116],"EasingStyle":"Linear","EasingDirection":"In"},"Right Leg":{"Weight":1,"CFrame":[0.6967527270317078,0.39325863122940066,0.07839667797088623,0.8481119871139526,0.47285330295562746,-0.23898911476135255,-0.4141073226928711,0.8729885220527649,0.2576945126056671,0.3304864764213562,-0.11958660930395127,0.9362038969993591],"EasingStyle":"Linear","EasingDirection":"In"},"Torso":{"Weight":1,"CFrame":[-0.0023257602006196977,-0.16028234362602235,-0.483642578125,0.9992898106575012,-0.037396010011434558,-0.004631566349416971,0.03682937100529671,0.99527508020401,-0.08983967453241348,0.00796932727098465,0.08960529416799545,0.9959454536437988],"EasingStyle":"Linear","EasingDirection":"In"},"HumanoidRootPart":{"Weight":1,"CFrame":[0,0,0,1,0,0,0,1,0,0,0,1],"EasingStyle":"Linear","EasingDirection":"In"},"Left Arm":{"Weight":1,"CFrame":[0.07639551162719727,-0.2960141599178314,-0.10229802131652832,0.7830934524536133,0.2667771577835083,0.5617780685424805,-0.34172573685646059,0.9393115639686585,0.030290134251117708,-0.519603967666626,-0.2156941294670105,0.8267332315444946],"EasingStyle":"Linear","EasingDirection":"In"}}},{"Time":0.1666666716337204,"poses":{"Left Leg":{"Weight":1,"CFrame":[-0.5601820349693298,0.3636167645454407,-0.0059449076652526859,0.9380851984024048,-0.2941907048225403,0.18288804590702058,0.23250925540924073,0.9261030554771423,0.2971072196960449,-0.25677943229675295,-0.23618866503238679,0.9371656179428101],"EasingStyle":"Linear","EasingDirection":"In"},"Right Arm":{"Weight":1,"CFrame":[-0.07142318785190582,-0.4757034182548523,-0.0820850133895874,0.5476689338684082,-0.29327982664108279,-0.7836106419563294,0.5471749305725098,0.8340643048286438,0.07025989145040512,0.6329757571220398,-0.467251181602478,0.6172664761543274],"EasingStyle":"Linear","EasingDirection":"In"},"Head":{"Weight":1,"CFrame":[8.800998330116272e-8,-8.64383764564991e-9,1.1920928955078126e-7,0.9993148446083069,-0.03690079227089882,0.002869103569537401,0.03625442087650299,0.9915158748626709,0.1248278021812439,-0.00745100574567914,-0.12463826686143875,0.9921742677688599],"EasingStyle":"Linear","EasingDirection":"In"},"Right Leg":{"Weight":1,"CFrame":[0.5861774682998657,0.32916712760925295,0.08223795890808106,0.8988491892814636,0.36626529693603518,-0.24066562950611115,-0.31619584560394289,0.9222173094749451,0.2225656360387802,0.3034640848636627,-0.12395540624856949,0.9447458386421204],"EasingStyle":"Linear","EasingDirection":"In"},"Torso":{"Weight":1,"CFrame":[-0.0009117946028709412,-0.16248837113380433,-0.3497617244720459,0.9992895722389221,-0.03726010397076607,-0.005663588177412748,0.03635425493121147,0.9926027059555054,-0.11583705991506577,0.009937793016433716,0.11554887145757675,0.9932520985603333],"EasingStyle":"Linear","EasingDirection":"In"},"HumanoidRootPart":{"Weight":1,"CFrame":[0,0,0,1,0,0,0,1,0,0,0,1],"EasingStyle":"Linear","EasingDirection":"In"},"Left Arm":{"Weight":1,"CFrame":[0.040837597101926807,-0.40701743960380556,-0.13442039489746095,0.4985237419605255,0.33542099595069888,0.7993539571762085,-0.6058220863342285,0.7943546772003174,0.044502705335617068,-0.6200433373451233,-0.5064519047737122,0.5992101430892944],"EasingStyle":"Linear","EasingDirection":"In"}}},{"Time":0.20000000298023225,"poses":{"Left Leg":{"Weight":1,"CFrame":[-0.34488460421562197,0.254478394985199,-0.0002052783966064453,0.9741095304489136,-0.11624222248792649,0.193903386592865,0.06562267988920212,0.9661434888839722,0.2495207041501999,-0.21634338796138764,-0.23033609986305238,0.9487576484680176],"EasingStyle":"Linear","EasingDirection":"In"},"Right Arm":{"Weight":1,"CFrame":[-0.03147484362125397,-0.5826107263565064,-0.029091298580169679,0.2033880352973938,-0.3458271324634552,-0.9159895181655884,0.8376086950302124,0.5459001660346985,-0.02011767588555813,0.5069960355758667,-0.7631492018699646,0.4006975293159485],"EasingStyle":"Linear","EasingDirection":"In"},"Head":{"Weight":1,"CFrame":[8.521601557731629e-8,5.820766091346741e-11,3.5762786865234377e-7,0.9987755417823792,-0.04944511130452156,0.0016717995749786497,0.0487530343234539,0.9894166588783264,0.13666746020317079,-0.008411646820604802,-0.13641861081123353,0.9906155467033386],"EasingStyle":"Linear","EasingDirection":"In"},"Right Leg":{"Weight":1,"CFrame":[0.39873093366622927,0.24618619680404664,0.06436324119567871,0.9565106630325317,0.1843181997537613,-0.22608430683612824,-0.14374837279319764,0.9722660183906555,0.1844864785671234,0.2538183629512787,-0.1439640372991562,0.9564782977104187],"EasingStyle":"Linear","EasingDirection":"In"},"Torso":{"Weight":1,"CFrame":[0.0007504746317863464,-0.1329817771911621,-0.18923401832580567,0.9996607303619385,-0.024712536484003068,-0.008240780793130398,0.0233381986618042,0.9901358485221863,-0.13815347850322724,0.011573616415262223,0.1379142701625824,0.9903765320777893],"EasingStyle":"Linear","EasingDirection":"In"},"HumanoidRootPart":{"Weight":1,"CFrame":[0,0,0,1,0,0,0,1,0,0,0,1],"EasingStyle":"Linear","EasingDirection":"In"},"Left Arm":{"Weight":1,"CFrame":[-0.001444697380065918,-0.43444859981536868,-0.1395753026008606,0.14070673286914826,0.36509451270103457,0.920275866985321,-0.8012692928314209,0.587964653968811,-0.11074807494878769,-0.5815231204032898,-0.7218058705329895,0.37526974081993105],"EasingStyle":"Linear","EasingDirection":"In"}}},{"Time":0.23333333432674409,"poses":{"Left Leg":{"Weight":1,"CFrame":[-0.1927093267440796,0.20568758249282838,-0.0041547417640686039,0.9748016595840454,0.021490484476089479,0.22203615307807923,-0.07083291560411453,0.9736567735671997,0.21673807501792909,-0.2115291804075241,-0.2270040065050125,0.950644314289093],"EasingStyle":"Linear","EasingDirection":"In"},"Right Arm":{"Weight":1,"CFrame":[0.0035877935588359834,-0.5405605435371399,0.046082377433776858,-0.19227805733680726,-0.507763683795929,-0.8397649526596069,0.8793675899505615,0.2906893491744995,-0.37711089849472048,0.435593843460083,-0.8109720945358276,0.390617698431015],"EasingStyle":"Linear","EasingDirection":"In"},"Head":{"Weight":1,"CFrame":[8.498318493366242e-8,-6.079790182411671e-8,1.1920928955078126e-7,0.9993380904197693,-0.03544959798455238,0.008173905313014984,0.03374046832323074,0.9871589541435242,0.1561373621225357,-0.01360394898802042,-0.15575818717479707,0.9877015948295593],"EasingStyle":"Linear","EasingDirection":"In"},"Right Leg":{"Weight":1,"CFrame":[0.269110769033432,0.22421002388000489,0.04930150508880615,0.9789113998413086,0.020535709336400033,-0.20325076580047608,0.013065175153315068,0.9866042137145996,0.16260850429534913,0.20386743545532227,-0.16183489561080934,0.9655296802520752],"EasingStyle":"Linear","EasingDirection":"In"},"Torso":{"Weight":1,"CFrame":[0.0018756911158561707,-0.08516854047775269,-0.13396692276000977,0.9999034404754639,-0.0010309007484465838,-0.013857411220669747,-0.0012342889094725252,0.986713171005249,-0.16246706247329713,0.013840777799487114,0.16246847808361054,0.9866166710853577],"EasingStyle":"Linear","EasingDirection":"In"},"HumanoidRootPart":{"Weight":1,"CFrame":[0,0,0,1,0,0,0,1,0,0,0,1],"EasingStyle":"Linear","EasingDirection":"In"},"Left Arm":{"Weight":1,"CFrame":[-0.04944243282079697,-0.2836511731147766,-0.08264636993408203,-0.24268512427806855,0.40349921584129336,0.8822087645530701,-0.837235689163208,0.3722582757472992,-0.4005746841430664,-0.4900411367416382,-0.8358302712440491,0.24748235940933228],"EasingStyle":"Linear","EasingDirection":"In"}}},{"Time":0.2666666805744171,"poses":{"Left Leg":{"Weight":1,"CFrame":[-0.17391765117645265,0.22372674942016602,0.0017570257186889649,0.9645134210586548,0.08752527832984925,0.24910488724708558,-0.13672558963298798,0.9726771712303162,0.18763089179992677,-0.22587622702121736,-0.21503154933452607,0.9501270055770874],"EasingStyle":"Linear","EasingDirection":"In"},"Right Arm":{"Weight":1,"CFrame":[0.04520832374691963,-0.3749091625213623,0.10683953762054444,-0.543657124042511,-0.6601879000663757,-0.5182555913925171,0.6883288025856018,0.0026127148885279896,-0.7253941893577576,0.4802505075931549,-0.7510958909988403,0.45300599932670596],"EasingStyle":"Linear","EasingDirection":"In"},"Head":{"Weight":1,"CFrame":[8.475035429000855e-8,-1.274456735700369e-7,-2.980232238769531e-7,0.9996635317802429,-0.011322264559566975,0.02334163337945938,0.007033670786768198,0.984324038028717,0.17622920870780946,-0.024971045553684236,-0.17600572109222413,0.9840723872184753],"EasingStyle":"Linear","EasingDirection":"In"},"Right Leg":{"Weight":1,"CFrame":[0.2358981817960739,0.25982218980789187,0.05326879024505615,0.9785777926445007,-0.08562600612640381,-0.1872263103723526,0.11475956439971924,0.9818869233131409,0.15075942873954774,0.17092622816562653,-0.16901585459709168,0.9706791043281555],"EasingStyle":"Linear","EasingDirection":"In"},"Torso":{"Weight":1,"CFrame":[0.002858884632587433,-0.030845046043395997,-0.15488600730895997,0.9995924234390259,0.01744394190609455,-0.022598162293434144,-0.02144623175263405,0.9813300967216492,-0.19113171100616456,0.018842166289687158,0.19153845310211183,0.9813042283058167],"EasingStyle":"Linear","EasingDirection":"In"},"HumanoidRootPart":{"Weight":1,"CFrame":[0,0,0,1,0,0,0,1,0,0,0,1],"EasingStyle":"Linear","EasingDirection":"In"},"Left Arm":{"Weight":1,"CFrame":[-0.10363849252462387,-0.05169078707695007,0.029750347137451173,-0.5686529874801636,0.43950384855270388,0.6953202486038208,-0.7385530471801758,0.0993848443031311,-0.6668299436569214,-0.36217859387397768,-0.8927255868911743,0.2680814266204834],"EasingStyle":"Linear","EasingDirection":"In"}}},{"Time":0.30000001192092898,"poses":{"Left Leg":{"Weight":1,"CFrame":[-0.2619180679321289,0.3183116912841797,0.016264796257019044,0.962103545665741,0.09780911356210709,0.254539430141449,-0.14199741184711457,0.976612389087677,0.16144675016403199,-0.23279543220996858,-0.19147242605686189,0.9534907937049866],"EasingStyle":"Linear","EasingDirection":"In"},"Right Arm":{"Weight":1,"CFrame":[0.10384777933359146,-0.17666733264923097,0.1208120584487915,-0.7578433752059937,-0.6293540596961975,-0.17200927436351777,0.4546610713005066,-0.3203471899032593,-0.8310601115226746,0.4679282307624817,-0.7080193161964417,0.5289158225059509],"EasingStyle":"Linear","EasingDirection":"In"},"Head":{"Weight":1,"CFrame":[8.870847523212433e-8,-6.362097337841988e-8,-1.7881393432617188e-7,0.9991728663444519,0.005223316140472889,0.04032950848340988,-0.012752218171954155,0.9819400310516357,0.1887620985507965,-0.03861519694328308,-0.18912021815776826,0.9811943769454956],"EasingStyle":"Linear","EasingDirection":"In"},"Right Leg":{"Weight":1,"CFrame":[0.30012544989585879,0.37543952465057375,0.07418990135192871,0.975109338760376,-0.10317983478307724,-0.19625435769557954,0.133754163980484,0.9796711802482605,0.14951331913471223,0.17683805525302888,-0.17204169929027558,0.9690871834754944],"EasingStyle":"Linear","EasingDirection":"In"},"Torso":{"Weight":1,"CFrame":[0.005007065832614899,0.024865031242370607,-0.24195575714111329,0.9993669390678406,0.011972147040069104,-0.03350256383419037,-0.01898323930799961,0.9758679270744324,-0.21753530204296113,0.030089713633060457,0.2180335968732834,0.9754773378372192],"EasingStyle":"Linear","EasingDirection":"In"},"HumanoidRootPart":{"Weight":1,"CFrame":[0,0,0,1,0,0,0,1,0,0,0,1],"EasingStyle":"Linear","EasingDirection":"In"},"Left Arm":{"Weight":1,"CFrame":[-0.16276440024375916,0.12020248174667359,0.1468203067779541,-0.7859046459197998,0.4427543580532074,0.431650847196579,-0.5677274465560913,-0.2400415539741516,-0.7874425053596497,-0.24502958357334138,-0.8639147281646729,0.44001373648643496],"EasingStyle":"Linear","EasingDirection":"In"}}},{"Time":0.3333333432674408,"poses":{"Left Leg":{"Weight":1,"CFrame":[-0.3413309156894684,0.4404318332672119,0.015782833099365236,0.965491533279419,0.12371669709682465,0.2291734665632248,-0.15689975023269654,0.9786604642868042,0.13268819451332093,-0.2078673243522644,-0.16406665742397309,0.9642994403839111],"EasingStyle":"Linear","EasingDirection":"In"},"Right Arm":{"Weight":1,"CFrame":[0.16365404427051545,0.005682647228240967,0.10163819789886475,-0.8721038699150086,-0.4849157929420471,0.06551147997379303,0.2995888888835907,-0.6349978446960449,-0.7120563983917236,0.38688695430755618,-0.6013604998588562,0.6990593671798706],"EasingStyle":"Linear","EasingDirection":"In"},"Head":{"Weight":1,"CFrame":[9.895302355289459e-8,-6.775371730327606e-8,-5.960464477539063e-8,0.9976111054420471,0.03371363878250122,0.06029476225376129,-0.04520386829972267,0.9786006212234497,0.20074215531349183,-0.05223673954606056,-0.2029881477355957,0.9777869582176209],"EasingStyle":"Linear","EasingDirection":"In"},"Right Leg":{"Weight":1,"CFrame":[0.3559526205062866,0.5354609489440918,0.10115325450897217,0.9673922061920166,-0.08489637076854706,-0.2386314421892166,0.12501037120819093,0.9794402718544006,0.1583327353000641,0.22028347849845887,-0.1830013245344162,0.9581157565116882],"EasingStyle":"Linear","EasingDirection":"In"},"Torso":{"Weight":1,"CFrame":[0.008808031678199768,0.06963604688644409,-0.36234378814697268,0.9985905885696411,-0.025088774040341378,-0.04676930233836174,0.012922772206366063,0.9696320295333862,-0.24422687292099,0.0514763668179512,0.24327826499938966,0.9685896635055542],"EasingStyle":"Linear","EasingDirection":"In"},"HumanoidRootPart":{"Weight":1,"CFrame":[0,0,0,1,0,0,0,1,0,0,0,1],"EasingStyle":"Linear","EasingDirection":"In"},"Left Arm":{"Weight":1,"CFrame":[-0.2170581966638565,0.18875348567962647,0.20170128345489503,-0.9030876755714417,0.390146940946579,0.17949417233467103,-0.39463576674461367,-0.5890430212020874,-0.7051885724067688,-0.16939742863178254,-0.7076818943023682,0.6859235167503357],"EasingStyle":"Linear","EasingDirection":"In"}}},{"Time":0.36666667461395266,"poses":{"Left Leg":{"Weight":1,"CFrame":[-0.3790062367916107,0.5342010259628296,0.0011266469955444337,0.9679597616195679,0.18497247993946076,0.16982129216194154,-0.2025924026966095,0.974843442440033,0.0929333046078682,-0.14835909008979798,-0.12436017394065857,0.9810831546783447],"EasingStyle":"Linear","EasingDirection":"In"},"Right Arm":{"Weight":1,"CFrame":[0.20700758695602418,0.14205259084701539,0.06428396701812744,-0.947421133518219,-0.31176188588142397,0.07209674268960953,0.2620190978050232,-0.8851690292358398,-0.38447585701942446,0.1836826354265213,-0.345369815826416,0.9203153848648071],"EasingStyle":"Linear","EasingDirection":"In"},"Head":{"Weight":1,"CFrame":[1.1827796697616577e-7,4.423782229423523e-8,5.960464477539063e-7,0.9920741319656372,0.09072484076023102,0.08693690598011017,-0.10784021019935608,0.9698621034622192,0.21849046647548676,-0.0644943118095398,-0.22613400220870973,0.9719588756561279],"EasingStyle":"Linear","EasingDirection":"In"},"Right Leg":{"Weight":1,"CFrame":[0.3549657464027405,0.6867827773094177,0.1279442310333252,0.9475083947181702,-0.06053325533866882,-0.31394851207733157,0.12173148989677429,0.976260781288147,0.17915485799312592,0.29565081000328066,-0.20796817541122437,0.9323840141296387],"EasingStyle":"Linear","EasingDirection":"In"},"Torso":{"Weight":1,"CFrame":[0.020502209663391115,0.093109130859375,-0.47063684463500979,0.9938387274742127,-0.09191211313009262,-0.061941999942064288,0.07160164415836334,0.9590064883232117,-0.2741892337799072,0.08460409939289093,0.2680647075176239,0.9596788287162781],"EasingStyle":"Linear","EasingDirection":"In"},"HumanoidRootPart":{"Weight":1,"CFrame":[0,0,0,1,0,0,0,1,0,0,0,1],"EasingStyle":"Linear","EasingDirection":"In"},"Left Arm":{"Weight":1,"CFrame":[-0.25762003660202029,0.16515213251113892,0.15978538990020753,-0.9571651816368103,0.2894634008407593,-0.0067688822746276859,-0.2617550790309906,-0.8750631213188171,-0.4071226716041565,-0.1237703263759613,-0.38791191577911379,0.9133484363555908],"EasingStyle":"Linear","EasingDirection":"In"}}},{"Time":0.4000000059604645,"poses":{"Left Leg":{"Weight":1,"CFrame":[-0.3951541483402252,0.5856819152832031,-0.009355306625366211,0.9640827178955078,0.24666805565357209,0.09848527610301972,-0.2519577741622925,0.9666783213615418,0.04528035596013069,-0.08403436839580536,-0.0684681385755539,0.9941079020500183],"EasingStyle":"Linear","EasingDirection":"In"},"Right Arm":{"Weight":1,"CFrame":[0.23553384840488435,0.2333875298500061,0.02032327651977539,-0.9722245335578919,-0.2104824334383011,-0.1023564264178276,0.21029013395309449,-0.9775553345680237,0.0127878962084651,-0.10275068879127503,-0.009091935120522976,0.9946656823158264],"EasingStyle":"Linear","EasingDirection":"In"},"Head":{"Weight":1,"CFrame":[1.2479722499847413e-7,-7.497146725654602e-8,-5.960464477539063e-8,0.9817636609077454,0.14584006369113923,0.12194620817899704,-0.1716092824935913,0.9558804631233215,0.238417387008667,-0.08179517090320587,-0.2549966275691986,0.9634761214256287],"EasingStyle":"Linear","EasingDirection":"In"},"Right Leg":{"Weight":1,"CFrame":[0.3230276107788086,0.8051533699035645,0.14206838607788087,0.917569637298584,-0.03308086469769478,-0.39619651436805727,0.12611646950244904,0.969283938407898,0.21114741265773774,0.3770419955253601,-0.24370941519737245,0.8935575485229492],"EasingStyle":"Linear","EasingDirection":"In"},"Torso":{"Weight":1,"CFrame":[0.04469197988510132,0.0982125997543335,-0.5492758750915527,0.9838022589683533,-0.1621280312538147,-0.07646981626749039,0.1320326179265976,0.9439195990562439,-0.3026270866394043,0.12124568223953247,0.287628710269928,0.9500364661216736],"EasingStyle":"Linear","EasingDirection":"In"},"HumanoidRootPart":{"Weight":1,"CFrame":[0,0,0,1,0,0,0,1,0,0,0,1],"EasingStyle":"Linear","EasingDirection":"In"},"Left Arm":{"Weight":1,"CFrame":[-0.28749507665634158,0.11128199100494385,0.07650411128997803,-0.978394627571106,0.18083463609218598,-0.10021407902240753,-0.17700740694999696,-0.9831375479698181,-0.04592347517609596,-0.10682880878448487,-0.027192702516913415,0.9939055442810059],"EasingStyle":"Linear","EasingDirection":"In"}}},{"Time":0.4333333373069763,"poses":{"Left Leg":{"Weight":1,"CFrame":[-0.42022624611854555,0.5994098782539368,-0.00845181941986084,0.9653350710868836,0.25730717182159426,0.04383387416601181,-0.25762617588043215,0.966243326663971,0.0016927272081375123,-0.04191866144537926,-0.012926774099469185,0.9990374445915222],"EasingStyle":"Linear","EasingDirection":"In"},"Right Arm":{"Weight":1,"CFrame":[0.25405633449554446,0.2870216369628906,-0.009727180004119873,-0.9569454193115234,-0.18242761492729188,-0.2257782518863678,0.12690776586532594,-0.9624921679496765,0.23979860544204713,-0.26105567812919619,0.20082101225852967,0.944203794002533],"EasingStyle":"Linear","EasingDirection":"In"},"Head":{"Weight":1,"CFrame":[1.0617077350616455e-7,-6.612390279769898e-8,0,0.9725186824798584,0.16871140897274018,0.16044951975345612,-0.20607587695121766,0.944462776184082,0.2559743821620941,-0.10835278779268265,-0.2820046544075012,0.9532749652862549],"EasingStyle":"Linear","EasingDirection":"In"},"Right Leg":{"Weight":1,"CFrame":[0.3040328025817871,0.8697501420974731,0.14505982398986817,0.8896209001541138,0.012725992128252983,-0.4565223753452301,0.1152469739317894,0.9610055088996887,0.2513696551322937,0.4419194459915161,-0.2762366235256195,0.8534639477729797],"EasingStyle":"Linear","EasingDirection":"In"},"Torso":{"Weight":1,"CFrame":[0.0766771137714386,0.077400803565979,-0.5890305042266846,0.973779022693634,-0.20921674370765687,-0.08934633433818817,0.17134444415569306,0.9328470826148987,-0.31691890954971316,0.1496511995792389,0.29330000281333926,0.9442349672317505],"EasingStyle":"Linear","EasingDirection":"In"},"HumanoidRootPart":{"Weight":1,"CFrame":[0,0,0,1,0,0,0,1,0,0,0,1],"EasingStyle":"Linear","EasingDirection":"In"},"Left Arm":{"Weight":1,"CFrame":[-0.31087979674339297,0.07450950145721436,0.008112549781799317,-0.9838657975196838,0.12553538382053376,-0.12747159600257874,-0.1456732451915741,-0.9757404327392578,0.16343198716640473,-0.1038626879453659,0.17936421930789948,0.9782847762107849],"EasingStyle":"Linear","EasingDirection":"In"}}},{"Time":0.46666666865348818,"poses":{"Left Leg":{"Weight":1,"CFrame":[-0.4665529727935791,0.5952110290527344,-0.00562053918838501,0.9789655208587647,0.2032514065504074,0.01776004023849964,-0.20284797251224519,0.9789593815803528,-0.022167066112160684,-0.02189188078045845,0.01809816062450409,0.9995965361595154],"EasingStyle":"Linear","EasingDirection":"In"},"Right Arm":{"Weight":1,"CFrame":[0.2609500288963318,0.30479538440704348,-0.02018272876739502,-0.9487729072570801,-0.1708480417728424,-0.26578378677368166,0.09948031604290009,-0.9599425792694092,0.2619427740573883,-0.29988956451416018,0.2220838963985443,0.9277635216712952],"EasingStyle":"Linear","EasingDirection":"In"},"Head":{"Weight":1,"CFrame":[4.470348358154297e-8,-3.632158041000366e-8,2.384185791015625e-7,0.9687726497650147,0.17120730876922608,0.17935329675674439,-0.2151358425617218,0.9400195479393005,0.2647261321544647,-0.12327257543802262,-0.2950447201728821,0.9474980235099793],"EasingStyle":"Linear","EasingDirection":"In"},"Right Leg":{"Weight":1,"CFrame":[0.3169790506362915,0.8757970929145813,0.15257024765014649,0.8700953722000122,0.08294333517551422,-0.48585420846939089,0.07140675187110901,0.9541264176368713,0.29076460003852847,0.4876832962036133,-0.2876862585544586,0.8242582082748413],"EasingStyle":"Linear","EasingDirection":"In"},"Torso":{"Weight":1,"CFrame":[0.10929310321807862,0.03218662738800049,-0.5964887142181397,0.9689080119132996,-0.22795644402503968,-0.09619320929050446,0.18847180902957917,0.931880533695221,-0.30996301770210268,0.16029863059520722,0.28219589591026308,0.9458699822425842],"EasingStyle":"Linear","EasingDirection":"In"},"HumanoidRootPart":{"Weight":1,"CFrame":[0,0,0,1,0,0,0,1,0,0,0,1],"EasingStyle":"Linear","EasingDirection":"In"},"Left Arm":{"Weight":1,"CFrame":[-0.3246331512928009,0.06269896030426026,-0.018913567066192628,-0.9839667677879334,0.11418785899877548,-0.1370057761669159,-0.1426939219236374,-0.9648575782775879,0.2206549197435379,-0.10699491947889328,0.23666690289974214,0.9656815528869629],"EasingStyle":"Linear","EasingDirection":"In"}}},{"Time":0.5,"poses":{"Left Leg":{"Weight":1,"CFrame":[-0.52176433801651,0.5561476945877075,0.0053986310958862309,0.9936978220939636,0.11003822833299637,0.021360168233513833,-0.1095854714512825,0.9937486052513123,-0.021325385197997094,-0.02357330173254013,0.018850142136216165,0.9995444416999817],"EasingStyle":"Linear","EasingDirection":"In"},"Right Arm":{"Weight":1,"CFrame":[0.2578836977481842,0.28750479221343996,-0.016273438930511476,-0.9510551691055298,-0.1570698618888855,-0.266126424074173,0.13165539503097535,-0.9850726127624512,0.11090069264173508,-0.2795729637145996,0.07043556869029999,0.9575374126434326],"EasingStyle":"Linear","EasingDirection":"In"},"Head":{"Weight":1,"CFrame":[1.1548399925231934e-7,1.2665987014770509e-7,3.5762786865234377e-7,0.9724079370498657,0.1548081487417221,0.17451992630958558,-0.19813421368598939,0.9429577589035034,0.2675323486328125,-0.12314872443675995,-0.29472896456718447,0.9476124048233032],"EasingStyle":"Linear","EasingDirection":"In"},"Right Leg":{"Weight":1,"CFrame":[0.34730106592178347,0.8046771287918091,0.1629810333251953,0.8610536456108093,0.1526254266500473,-0.485069215297699,0.009206476621329785,0.9490599632263184,0.3149612247943878,0.5084308385848999,-0.2756642699241638,0.8157863020896912],"EasingStyle":"Linear","EasingDirection":"In"},"Torso":{"Weight":1,"CFrame":[0.13333195447921754,-0.0328601598739624,-0.558255672454834,0.9712403416633606,-0.22026249766349793,-0.09042511135339737,0.18612691760063172,0.9391912817955017,-0.28857699036598208,0.14848916232585908,0.2634470760822296,0.9531771540641785],"EasingStyle":"Linear","EasingDirection":"In"},"HumanoidRootPart":{"Weight":1,"CFrame":[0,0,0,1,0,0,0,1,0,0,0,1],"EasingStyle":"Linear","EasingDirection":"In"},"Left Arm":{"Weight":1,"CFrame":[-0.32864031195640566,0.0854947566986084,-0.005587279796600342,-0.9822477102279663,0.11814077943563461,-0.14571347832679749,-0.13924865424633027,-0.9796769618988037,0.1443711519241333,-0.12569601833820344,0.1620984524488449,0.9787362217903137],"EasingStyle":"Linear","EasingDirection":"In"}}},{"Time":0.5333333611488342,"poses":{"Left Leg":{"Weight":1,"CFrame":[-0.557989239692688,0.47015005350112917,0.03995716571807861,0.9985771179199219,0.014187699183821679,0.05140495300292969,-0.014063913375139237,0.999897301197052,-0.0027694145683199169,-0.051439013332128528,0.002042534528300166,0.9986740350723267],"EasingStyle":"Linear","EasingDirection":"In"},"Right Arm":{"Weight":1,"CFrame":[0.2531282901763916,0.2486046552658081,-0.003909170627593994,-0.9570443034172058,-0.14391283690929414,-0.25170478224754336,0.17075969278812409,-0.9813591837882996,-0.0881768986582756,-0.23432302474975587,-0.12737034261226655,0.9637788534164429],"EasingStyle":"Linear","EasingDirection":"In"},"Head":{"Weight":1,"CFrame":[2.2351741790771486e-8,-6.146728992462158e-8,0,0.9805716276168823,0.114897720515728,0.1589905172586441,-0.1553936004638672,0.9496349692344666,0.2721145451068878,-0.11971762776374817,-0.29153385758399966,0.9490393996238709],"EasingStyle":"Linear","EasingDirection":"In"},"Right Leg":{"Weight":1,"CFrame":[0.3791393041610718,0.6699255704879761,0.16594183444976808,0.8678922057151794,0.19721129536628724,-0.4559287130832672,-0.050494227558374408,0.9480876922607422,0.3139747083187103,0.49417975544929507,-0.249474436044693,0.8327958583831787],"EasingStyle":"Linear","EasingDirection":"In"},"Torso":{"Weight":1,"CFrame":[0.13551409542560578,-0.0990065336227417,-0.47339606285095217,0.9790138602256775,-0.18950852751731873,-0.07495636492967606,0.16421003639698029,0.9513859152793884,-0.26057612895965578,0.12069382518529892,0.2427990734577179,0.9625391364097595],"EasingStyle":"Linear","EasingDirection":"In"},"HumanoidRootPart":{"Weight":1,"CFrame":[0,0,0,1,0,0,0,1,0,0,0,1],"EasingStyle":"Linear","EasingDirection":"In"},"Left Arm":{"Weight":1,"CFrame":[-0.32948601245880129,0.13293784856796266,0.022174358367919923,-0.9800927639007568,0.13060951232910157,-0.14953021705150605,-0.12632803618907929,-0.9912672638893127,-0.03782326355576515,-0.15316444635391236,-0.01818053424358368,0.9880335330963135],"EasingStyle":"Linear","EasingDirection":"In"}}},{"Time":0.5666666626930237,"poses":{"Left Leg":{"Weight":1,"CFrame":[-0.5385801196098328,0.3735814690589905,0.09875857830047608,0.992104709148407,-0.0586160272359848,0.11087183654308319,0.05529416725039482,0.9979311227798462,0.032805055379867557,-0.11256542056798935,-0.02641550451517105,0.9932931661605835],"EasingStyle":"Linear","EasingDirection":"In"},"Right Arm":{"Weight":1,"CFrame":[0.2511577308177948,0.2047240138053894,0.01653122901916504,-0.9629079699516296,-0.1393229365348816,-0.2310788333415985,0.18816423416137696,-0.9605116248130798,-0.20496733486652375,-0.19339734315872193,-0.24084559082984925,0.9510998725891113],"EasingStyle":"Linear","EasingDirection":"In"},"Head":{"Weight":1,"CFrame":[6.705522537231445e-8,3.119930624961853e-8,-3.5762786865234377e-7,0.9891563653945923,0.06388048827648163,0.1322462260723114,-0.09811297059059143,0.9574655294418335,0.27135518193244936,-0.10928688198328018,-0.28138768672943118,0.9533506631851196],"EasingStyle":"Linear","EasingDirection":"In"},"Right Leg":{"Weight":1,"CFrame":[0.411798357963562,0.5190072059631348,0.15898776054382325,0.8939576745033264,0.20966514945030213,-0.39608100056648257,-0.09943178296089173,0.9545765519142151,0.2808859944343567,0.4369816482067108,-0.21171723306179048,0.8741984367370606],"EasingStyle":"Linear","EasingDirection":"In"},"Torso":{"Weight":1,"CFrame":[0.10755448043346405,-0.1543588638305664,-0.37403202056884768,0.9893327355384827,-0.13480353355407716,-0.05521727725863457,0.1184852346777916,0.9651499390602112,-0.23333853483200074,0.084747813642025,0.22430698573589326,0.9708265662193298],"EasingStyle":"Linear","EasingDirection":"In"},"HumanoidRootPart":{"Weight":1,"CFrame":[0,0,0,1,0,0,0,1,0,0,0,1],"EasingStyle":"Linear","EasingDirection":"In"},"Left Arm":{"Weight":1,"CFrame":[-0.331032931804657,0.17586880922317506,0.04734206199645996,-0.9787022471427918,0.14416822791099549,-0.146141916513443,-0.10829200595617295,-0.9673657417297363,-0.22907738387584687,-0.17439837753772736,-0.20837262272834779,0.9623753428459168],"EasingStyle":"Linear","EasingDirection":"In"}}},{"Time":0.6000000238418579,"poses":{"Left Leg":{"Weight":1,"CFrame":[-0.4727456271648407,0.3124558925628662,0.1423811912536621,0.9751012325286865,-0.10795129090547562,0.19371144473552705,0.09075440466403961,0.9912760853767395,0.0955788865685463,-0.20233947038650514,-0.0756189227104187,0.976391613483429],"EasingStyle":"Linear","EasingDirection":"In"},"Right Arm":{"Weight":1,"CFrame":[0.25087615847587588,0.16118252277374268,0.03933382034301758,-0.9653031826019287,-0.14202997088432313,-0.21912842988967896,0.1896803230047226,-0.9581134915351868,-0.21456952393054963,-0.1794746220111847,-0.24868912994861604,0.9518102407455444],"EasingStyle":"Linear","EasingDirection":"In"},"Head":{"Weight":1,"CFrame":[8.754432201385498e-8,-5.844049155712128e-8,0,0.9951790571212769,0.008093022741377354,0.09774068742990494,-0.033459585160017017,0.9648150205612183,0.26079222559928896,-0.09219106286764145,-0.262805312871933,0.9604343771934509],"EasingStyle":"Linear","EasingDirection":"In"},"Right Leg":{"Weight":1,"CFrame":[0.43201684951782229,0.387251615524292,0.14604651927947999,0.9310884475708008,0.1887248456478119,-0.3121815621852875,-0.12374692410230637,0.9684359431266785,0.21637605130672456,0.343163400888443,-0.1628337800502777,0.9250536561012268],"EasingStyle":"Linear","EasingDirection":"In"},"Torso":{"Weight":1,"CFrame":[0.06216652691364288,-0.18580830097198487,-0.2902035713195801,0.9974258542060852,-0.06455090641975403,-0.03122575767338276,0.056586433202028278,0.9760265946388245,-0.21016718447208405,0.0440436489880085,0.20785920321941377,0.9771667718887329],"EasingStyle":"Linear","EasingDirection":"In"},"HumanoidRootPart":{"Weight":1,"CFrame":[0,0,0,1,0,0,0,1,0,0,0,1],"EasingStyle":"Linear","EasingDirection":"In"},"Left Arm":{"Weight":1,"CFrame":[-0.33230099081993105,0.19415241479873658,0.0580747127532959,-0.978144109249115,0.14676158130168916,-0.14729245007038117,-0.10415150225162506,-0.958931565284729,-0.2638233006000519,-0.17996251583099366,-0.24271658062934876,0.9532588124275208],"EasingStyle":"Linear","EasingDirection":"In"}}},{"Time":0.6333333253860474,"poses":{"Left Leg":{"Weight":1,"CFrame":[-0.39549291133880618,0.30974310636520388,0.1567990779876709,0.9491401314735413,-0.1383974701166153,0.2828058898448944,0.09085752069950104,0.980394721031189,0.17484648525714875,-0.30145975947380068,-0.14025871455669404,0.9431064128875732],"EasingStyle":"Linear","EasingDirection":"In"},"Right Arm":{"Weight":1,"CFrame":[0.2536914050579071,0.12000828981399536,0.05861258506774902,-0.9650349020957947,-0.15020214021205903,-0.2148183435201645,0.1791655719280243,-0.9761855602264404,-0.12231729179620743,-0.19133026897907258,-0.15652860701084138,0.968964159488678],"EasingStyle":"Linear","EasingD