{"Sequence":[{"Time":0,"poses":{"Left Leg":{"Weight":1,"CFrame":[-0.8279222249984741,0.028086364269256593,0.28169023990631106,0.710221529006958,-0.6341550946235657,0.30566778779029848,0.665480375289917,0.7464118003845215,0.00229790061712265,-0.22961141169071198,0.20178388059139253,0.952135443687439],"EasingStyle":"Linear","EasingDirection":"In"},"Right Arm":{"Weight":1,"CFrame":[-0.024247869849205018,-0.0017794370651245118,0.006645917892456055,0.9669287800788879,0.15075212717056275,-0.20572468638420106,-0.14524833858013154,0.9885166883468628,0.04168703034520149,0.20964668691158296,-0.010427367873489857,0.977721631526947],"EasingStyle":"Linear","EasingDirection":"In"},"Head":{"Weight":1,"CFrame":[8.614733815193176e-8,-1.3969838619232178e-8,2.384185791015625e-7,0.7800180315971375,0.6257460117340088,0.003720729611814022,-0.623255729675293,0.7774174213409424,-0.0847017765045166,-0.055894359946250918,0.06374993175268173,0.996399462223053],"EasingStyle":"Linear","EasingDirection":"In"},"Right Leg":{"Weight":1,"CFrame":[0.7352152466773987,0.6606002449989319,0.0064694881439208988,0.9819499254226685,0.18360644578933717,0.04541993513703346,-0.18088014423847199,0.9817786812782288,-0.0582493394613266,-0.05528723821043968,0.048982370644807819,0.9972683191299439],"EasingStyle":"Linear","EasingDirection":"In"},"Torso":{"Weight":1,"CFrame":[-0.016505707055330278,-0.05600631237030029,-0.26369428634643557,0.9534503817558289,0.30084359645843508,-0.020632220432162286,-0.3015468120574951,0.9508777260780335,-0.07000786066055298,-0.0014426992274820805,0.07297059893608093,0.9973330497741699],"EasingStyle":"Linear","EasingDirection":"In"},"HumanoidRootPart":{"Weight":1,"CFrame":[0,0,0,1,0,0,0,1,0,0,0,1],"EasingStyle":"Linear","EasingDirection":"In"},"Left Arm":{"Weight":1,"CFrame":[-0.5125848054885864,-0.6577099561691284,-0.3435395359992981,-0.6160051822662354,0.4794546067714691,-0.6250287890434265,-0.7874571084976196,-0.35344746708869936,0.5049617290496826,0.021191362291574479,0.8032422661781311,0.595275342464447],"EasingStyle":"Linear","EasingDirection":"In"}}},{"Time":0.01666666753590107,"poses":{"Left Leg":{"Weight":1,"CFrame":[-0.8172223567962647,0.02616751194000244,0.27984583377838137,0.7153924107551575,-0.6274548172950745,0.3074316680431366,0.6588524580001831,0.75226891040802,0.00220117112621665,-0.23265241086483003,0.2009773850440979,0.9515676498413086],"EasingStyle":"Linear","EasingDirection":"In"},"Right Arm":{"Weight":1,"CFrame":[-0.02715180814266205,-0.00434526801109314,0.006986379623413086,0.9498163461685181,0.2067013531923294,-0.23478393256664277,-0.19824327528476716,0.978354811668396,0.05934162810444832,0.241968035697937,-0.009819344617426396,0.9702345728874207],"EasingStyle":"Linear","EasingDirection":"In"},"Head":{"Weight":1,"CFrame":[1.0035000741481781e-7,-1.210719347000122e-8,3.5762786865234377e-7,0.7761972546577454,0.6304786205291748,0.0038197566755115988,-0.6283758878707886,0.7740757465362549,-0.07713961601257324,-0.051591675728559497,0.05747529864311218,0.9970130324363709],"EasingStyle":"Linear","EasingDirection":"In"},"Right Leg":{"Weight":1,"CFrame":[0.7275620698928833,0.6159389615058899,0.004408121109008789,0.9858818054199219,0.16047793626785279,0.04779094085097313,-0.15747307240962983,0.9856289625167847,-0.06113874167203903,-0.05691544711589813,0.052749767899513248,0.9969845414161682],"EasingStyle":"Linear","EasingDirection":"In"},"Torso":{"Weight":1,"CFrame":[-0.01678101345896721,-0.03666236996650696,-0.25888705253601076,0.9528976082801819,0.30256596207618716,-0.0209763515740633,-0.30329132080078127,0.9504432678222656,-0.0683518573641777,-0.0007441170746460557,0.07149427384138107,0.997440755367279],"EasingStyle":"Linear","EasingDirection":"In"},"HumanoidRootPart":{"Weight":1,"CFrame":[0,0,0,1,0,0,0,1,0,0,0,1],"EasingStyle":"Linear","EasingDirection":"In"},"Left Arm":{"Weight":1,"CFrame":[-0.5524808764457703,-0.6549808979034424,-0.43943971395492556,-0.6553723812103272,0.32679304480552676,-0.6809502243995667,-0.7431027889251709,-0.4403804540634155,0.503848671913147,-0.13522294163703919,0.8362245559692383,0.5314539670944214],"EasingStyle":"Linear","EasingDirection":"In"}}},{"Time":0.03333333507180214,"poses":{"Left Leg":{"Weight":1,"CFrame":[-0.7945281863212586,0.02000981569290161,0.27678990364074709,0.7232279777526856,-0.6159685850143433,0.3122884929180145,0.6478527784347534,0.7617624998092651,0.0021663031075149776,-0.23922409117221833,0.2007502317428589,0.9499848484992981],"EasingStyle":"Linear","EasingDirection":"In"},"Right Arm":{"Weight":1,"CFrame":[-0.034934282302856448,-0.011632531881332398,0.007898926734924317,0.9294125437736511,0.26325178146362307,-0.25863295793533327,-0.24983660876750947,0.9646326303482056,0.08405689150094986,0.2716138958930969,-0.013507622294127941,0.9623115658760071],"EasingStyle":"Linear","EasingDirection":"In"},"Head":{"Weight":1,"CFrame":[9.918585419654846e-8,-4.6566128730773929e-9,-1.1920928955078126e-7,0.7658067941665649,0.643056333065033,0.0043134987354278568,-0.6418352127075195,0.7647337317466736,-0.056833453476428989,-0.039845794439315799,0.040754880756139758,0.9983744025230408],"EasingStyle":"Linear","EasingDirection":"In"},"Right Leg":{"Weight":1,"CFrame":[0.7113217711448669,0.5117074847221375,-0.007264375686645508,0.9898350834846497,0.13181228935718537,0.0534043088555336,-0.128758043050766,0.9900312423706055,-0.05709341913461685,-0.06039755418896675,0.049636807292699817,0.9969395399093628],"EasingStyle":"Linear","EasingDirection":"In"},"Torso":{"Weight":1,"CFrame":[-0.017512407153844835,-0.016101092100143434,-0.2558097839355469,0.9513781666755676,0.30724650621414187,-0.02189059555530548,-0.30802324414253237,0.9492285847663879,-0.06392817944288254,0.0011374664027243853,0.06756269186735153,0.9977144002914429],"EasingStyle":"Linear","EasingDirection":"In"},"HumanoidRootPart":{"Weight":1,"CFrame":[0,0,0,1,0,0,0,1,0,0,0,1],"EasingStyle":"Linear","EasingDirection":"In"},"Left Arm":{"Weight":1,"CFrame":[-0.5932587385177612,-0.6481585502624512,-0.5911403894424439,-0.6566785573959351,0.1699640303850174,-0.7347689867019653,-0.6946234107017517,-0.5157498717308044,0.501498281955719,-0.2937203645706177,0.8397109508514404,0.4567427933216095],"EasingStyle":"Linear","EasingDirection":"In"}}},{"Time":0.05000000074505806,"poses":{"Left Leg":{"Weight":1,"CFrame":[-0.7622419595718384,0.011334538459777832,0.27218055725097659,0.7331148982048035,-0.600471556186676,0.31933799386024477,0.6330771446228027,0.7740855813026428,0.0021859242115169765,-0.248507559299469,0.20056305825710298,0.9476383328437805],"EasingStyle":"Linear","EasingDirection":"In"},"Right Arm":{"Weight":1,"CFrame":[-0.04620158672332764,-0.02302408218383789,0.009220242500305176,0.9065155982971191,0.31850630044937136,-0.277098149061203,-0.2983218729496002,0.9477072954177856,0.11337924003601074,0.2987198829650879,-0.02011558972299099,0.9541288614273071],"EasingStyle":"Linear","EasingDirection":"In"},"Head":{"Weight":1,"CFrame":[8.195638656616211e-8,2.9802322387695315e-8,-5.960464477539063e-8,0.750391960144043,0.6609691977500916,0.0056188032031059269,-0.6606167554855347,0.7502244114875794,-0.027367521077394487,-0.022304445505142213,0.016824491322040559,0.999609649181366],"EasingStyle":"Linear","EasingDirection":"In"},"Right Leg":{"Weight":1,"CFrame":[0.6574340462684631,0.389665424823761,-0.019092202186584474,0.9946879744529724,0.0827794298529625,0.061183683574199679,-0.07975349575281143,0.9955421686172485,-0.05035039782524109,-0.06507890671491623,0.04520329460501671,0.9968557953834534],"EasingStyle":"Linear","EasingDirection":"In"},"Torso":{"Weight":1,"CFrame":[-0.01854102313518524,0.005050331354141235,-0.25411009788513186,0.9491302967071533,0.3140295743942261,-0.023176364600658418,-0.3148595988750458,0.9473934769630432,-0.05752406641840935,0.0038928769063204529,0.061895132064819339,0.9980750679969788],"EasingStyle":"Linear","EasingDirection":"In"},"HumanoidRootPart":{"Weight":1,"CFrame":[0,0,0,1,0,0,0,1,0,0,0,1],"EasingStyle":"Linear","EasingDirection":"In"},"Left Arm":{"Weight":1,"CFrame":[-0.6312904953956604,-0.6392896175384522,-0.765981912612915,-0.6276471614837647,0.027098147198557855,-0.7780262231826782,-0.6459028124809265,-0.5760298371315002,0.5009982585906982,-0.4345901310443878,0.8169794678688049,0.37904617190361025],"EasingStyle":"Linear","EasingDirection":"In"}}},{"Time":0.06666667014360428,"poses":{"Left Leg":{"Weight":1,"CFrame":[-0.7228654026985169,0.001826167106628418,0.2657315731048584,0.744422197341919,-0.58177250623703,0.3276834487915039,0.6151525974273682,0.7884048223495483,0.0022552122827619316,-0.2596592605113983,0.19989648461341859,0.944784939289093],"EasingStyle":"Linear","EasingDirection":"In"},"Right Arm":{"Weight":1,"CFrame":[-0.0595596581697464,-0.03790163993835449,0.010786652565002442,0.8823150396347046,0.3704608678817749,-0.2903086245059967,-0.34217360615730288,0.9284132122993469,0.1447969377040863,0.32316794991493227,-0.02842063456773758,0.9459148049354553],"EasingStyle":"Linear","EasingDirection":"In"},"Head":{"Weight":1,"CFrame":[8.475035429000855e-8,1.862645149230957e-8,3.5762786865234377e-7,0.7315859198570252,0.6817014813423157,0.00807169545441866,-0.6817489266395569,0.7315468788146973,0.00759099842980504,-0.0007300349534489214,-0.011056332848966122,0.9999386072158814],"EasingStyle":"Linear","EasingDirection":"In"},"Right Leg":{"Weight":1,"CFrame":[0.575229287147522,0.2858338952064514,-0.02618730068206787,0.997326672077179,0.020569542422890664,0.0701179951429367,-0.017521314322948457,0.9988860487937927,-0.043815191835165027,-0.07094106823205948,0.04246947541832924,0.9965759515762329],"EasingStyle":"Linear","EasingDirection":"In"},"Torso":{"Weight":1,"CFrame":[-0.01971239596605301,0.02616371214389801,-0.2534329891204834,0.9463982582092285,0.32206088304519656,-0.024640584364533426,-0.32292166352272036,0.9451079368591309,-0.04992806166410446,0.007208134513348341,0.05520880967378616,0.99844890832901],"EasingStyle":"Linear","EasingDirection":"In"},"HumanoidRootPart":{"Weight":1,"CFrame":[0,0,0,1,0,0,0,1,0,0,0,1],"EasingStyle":"Linear","EasingDirection":"In"},"Left Arm":{"Weight":1,"CFrame":[-0.6629475355148315,-0.6304200887680054,-0.9313045740127564,-0.5842028856277466,-0.08775370568037033,-0.8068496584892273,-0.6021835207939148,-0.6196425557136536,0.5034065842628479,-0.5441341400146484,0.7799630761146545,0.3091530501842499],"EasingStyle":"Linear","EasingDirection":"In"}}},{"Time":0.0833333358168602,"poses":{"Left Leg":{"Weight":1,"CFrame":[-0.6833696365356445,-0.006426215171813965,0.25890684127807619,0.754603385925293,-0.5633580088615418,0.33645451068878176,0.5975320935249329,0.8018412590026856,0.002449203049764037,-0.2711629867553711,0.1991942673921585,0.9416965842247009],"EasingStyle":"Linear","EasingDirection":"In"},"Right Arm":{"Weight":1,"CFrame":[-0.07361462712287903,-0.05565059185028076,0.012434840202331543,0.8583526015281677,0.4171057343482971,-0.298753559589386,-0.3800922930240631,0.9080908894538879,0.17578619718551637,0.3446168601512909,-0.037332601845264438,0.9380008578300476],"EasingStyle":"Linear","EasingDirection":"In"},"Head":{"Weight":1,"CFrame":[8.731149137020111e-8,1.0244548320770264e-8,1.1920928955078126e-7,0.7112348079681397,0.7028570771217346,0.01170822698622942,-0.7025841474533081,0.7102208733558655,0.04429180920124054,0.02281538024544716,-0.039727889001369479,0.9989501237869263],"EasingStyle":"Linear","EasingDirection":"In"},"Right Leg":{"Weight":1,"CFrame":[0.5303196310997009,0.24443113803863526,-0.030553042888641359,0.9967355728149414,-0.015322969295084477,0.07926829904317856,0.0184952262789011,0.9990507364273071,-0.0394417904317379,-0.07858862727880478,0.040779076516628268,0.9960727691650391],"EasingStyle":"Linear","EasingDirection":"In"},"Torso":{"Weight":1,"CFrame":[-0.020887989550828935,0.04660859704017639,-0.2572669982910156,0.9434478282928467,0.3304915428161621,-0.026110077276825906,-0.33134689927101138,0.9425768852233887,-0.04193146154284477,0.010752759873867035,0.04821163788437843,0.9987793564796448],"EasingStyle":"Linear","EasingDirection":"In"},"HumanoidRootPart":{"Weight":1,"CFrame":[0,0,0,1,0,0,0,1,0,0,0,1],"EasingStyle":"Linear","EasingDirection":"In"},"Left Arm":{"Weight":1,"CFrame":[-0.6846023797988892,-0.6235977411270142,-1.0544486045837403,-0.5452643632888794,-0.16683849692344666,-0.8214935660362244,-0.5683414340019226,-0.646779477596283,0.5085907578468323,-0.6161775588989258,0.7442051768302918,0.2578446567058563],"EasingStyle":"Linear","EasingDirection":"In"}}},{"Time":0.10000000149011612,"poses":{"Left Leg":{"Weight":1,"CFrame":[-0.6509727239608765,-0.012105822563171387,0.2536572217941284,0.7616310715675354,-0.5486696362495422,0.3447893261909485,0.5836727023124695,0.8119842410087586,0.0028070940170437099,-0.28150370717048647,0.1991061419248581,0.9386759996414185],"EasingStyle":"Linear","EasingDirection":"In"},"Right Arm":{"Weight":1,"CFrame":[-0.08697263896465302,-0.07565262913703919,0.014001250267028809,0.8364354968070984,0.45650753378868105,-0.30327650904655459,-0.411021888256073,0.8885361552238464,0.20387385785579682,0.36254212260246279,-0.04587410017848015,0.9308376908302307],"EasingStyle":"Linear","EasingDirection":"In"},"Head":{"Weight":1,"CFrame":[7.497146725654602e-8,-1.1175870895385743e-8,-1.1920928955078126e-7,0.6914183497428894,0.7222740650177002,0.016156645491719247,-0.7209935188293457,0.6884256601333618,0.07898436486721039,0.04592571407556534,-0.06626008450984955,0.9967449307441711],"EasingStyle":"Linear","EasingDirection":"In"},"Right Leg":{"Weight":1,"CFrame":[0.5397890210151672,0.25512582063674929,-0.035962462425231937,0.9959935545921326,-0.01648608408868313,0.08789246529340744,0.01977919228374958,0.9991294741630554,-0.03672988712787628,-0.08721030503511429,0.0383211225271225,0.9954525828361511],"EasingStyle":"Linear","EasingDirection":"In"},"Torso":{"Weight":1,"CFrame":[-0.021951045840978624,0.06575238704681397,-0.2675209045410156,0.9405726790428162,0.33848220109939577,-0.027438892051577569,-0.3392965793609619,0.94005286693573,-0.03432825207710266,0.01417450699955225,0.04159814119338989,0.9990338683128357],"EasingStyle":"Linear","EasingDirection":"In"},"HumanoidRootPart":{"Weight":1,"CFrame":[0,0,0,1,0,0,0,1,0,0,0,1],"EasingStyle":"Linear","EasingDirection":"In"},"Left Arm":{"Weight":1,"CFrame":[-0.6926267743110657,-0.6208688020706177,-1.10275399684906,-0.5281993746757507,-0.20656533539295197,-0.8236117362976074,-0.5478748679161072,-0.6581318974494934,0.5164259672164917,-0.6487208604812622,0.7240118384361267,0.23445287346839906],"EasingStyle":"Linear","EasingDirection":"In"}}},{"Time":0.11666666716337204,"poses":{"Left Leg":{"Weight":1,"CFrame":[-0.6289015412330627,-0.014906525611877442,0.25079071521759035,0.7656000256538391,-0.5385913252830505,0.3518185019493103,0.5743730664253235,0.8185871243476868,0.003251265035942197,-0.2897452116012573,0.1995859295129776,0.9360626935958862],"EasingStyle":"Linear","EasingDirection":"In"},"Right Arm":{"Weight":1,"CFrame":[-0.09823985397815705,-0.09729135036468506,0.015322446823120118,0.8185098171234131,0.4868435561656952,-0.30500030517578127,-0.4341121017932892,0.8718711733818054,0.2266877442598343,0.37628254294395449,-0.05314188450574875,0.9249796867370606],"EasingStyle":"Linear","EasingDirection":"In"},"Head":{"Weight":1,"CFrame":[8.754432201385498e-8,-1.6763806343078614e-8,0,0.6743898391723633,0.7380867600440979,0.02064845710992813,-0.7354270815849304,0.668937623500824,0.10802554339170456,0.06591968238353729,-0.08803674578666687,0.9939337372779846],"EasingStyle":"Linear","EasingDirection":"In"},"Right Leg":{"Weight":1,"CFrame":[0.552562415599823,0.26977819204330447,-0.041082680225372317,0.9953333735466003,-0.015032494440674782,0.09531809389591217,0.0183669775724411,0.9992461204528809,-0.03420296311378479,-0.09473194926977158,0.03579407185316086,0.9948591589927673],"EasingStyle":"Linear","EasingDirection":"In"},"Torso":{"Weight":1,"CFrame":[-0.022806555032730104,0.08296158909797669,-0.28144407272338869,0.9380946159362793,0.3452039062976837,-0.028508281335234643,-0.3459567129611969,0.937835156917572,-0.027913611382246019,0.017100181430578233,0.03604824095964432,0.9992037415504456],"EasingStyle":"Linear","EasingDirection":"In"},"HumanoidRootPart":{"Weight":1,"CFrame":[0,0,0,1,0,0,0,1,0,0,0,1],"EasingStyle":"Linear","EasingDirection":"In"},"Left Arm":{"Weight":1,"CFrame":[-0.692626953125,-0.6208686828613281,-1.1027541160583497,-0.5280249714851379,-0.221161887049675,-0.81992506980896,-0.5394723415374756,-0.6583030223846436,0.5249826908111572,-0.6558651924133301,0.7195308804512024,0.22828969359397889],"EasingStyle":"Linear","EasingDirection":"In"}}},{"Time":0.13333334028720857,"poses":{"Left Leg":{"Weight":1,"CFrame":[-0.6201333999633789,-0.014468193054199219,0.2511262893676758,0.7666627168655396,-0.5338597893714905,0.3566819429397583,0.5702884197235107,0.8214362859725952,0.003680948168039322,-0.29495662450790408,0.20058955252170564,0.9342186450958252],"EasingStyle":"Linear","EasingDirection":"In"},"Right Arm":{"Weight":1,"CFrame":[-0.10602245479822159,-0.1199500560760498,0.0162351131439209,0.8065081238746643,0.5063657760620117,-0.30518603324890139,-0.44860774278640749,0.8603497743606567,0.24196968972682954,0.3850919008255005,-0.05824178457260132,0.9210385680198669],"EasingStyle":"Linear","EasingDirection":"In"},"Head":{"Weight":1,"CFrame":[9.499490261077881e-8,-7.450580596923828e-9,-3.5762786865234377e-7,0.6624816060066223,0.7486891150474548,0.024139249697327615,-0.7447969913482666,0.6549128293991089,0.12793220579624177,0.07997233420610428,-0.10273156315088272,0.9914891719818115],"EasingStyle":"Linear","EasingDirection":"In"},"Right Leg":{"Weight":1,"CFrame":[0.5649833679199219,0.2859227657318115,-0.045129358768463138,0.9948256015777588,-0.013525215908885003,0.10069369524717331,0.01684742420911789,0.9993389248847961,-0.03221678361296654,-0.10019128024578095,0.03374649956822395,0.9943957328796387],"EasingStyle":"Linear","EasingDirection":"In"},"Torso":{"Weight":1,"CFrame":[-0.0233754962682724,0.09760276228189469,-0.29627370834350588,0.9363549947738648,0.3498364984989166,-0.029219457879662515,-0.3505323529243469,0.9362562894821167,-0.02348250336945057,0.01914186030626297,0.03223032131791115,0.9992972612380981],"EasingStyle":"Linear","EasingDirection":"In"},"HumanoidRootPart":{"Weight":1,"CFrame":[0,0,0,1,0,0,0,1,0,0,0,1],"EasingStyle":"Linear","EasingDirection":"In"},"Left Arm":{"Weight":1,"CFrame":[-0.6926268935203552,-0.6208693385124207,-1.1027541160583497,-0.5287014842033386,-0.2310415506362915,-0.8167586326599121,-0.5397905707359314,-0.6510815024375916,0.5335909128189087,-0.655057966709137,0.7229887843132019,0.21951359510421754],"EasingStyle":"Linear","EasingDirection":"In"}}},{"Time":0.15000000596046449,"poses":{"Left Leg":{"Weight":1,"CFrame":[-0.626909613609314,-0.010103821754455567,0.25512683391571047,0.7651410102844238,-0.534809947013855,0.3585217595100403,0.5716362595558167,0.820497453212738,0.003982617519795895,-0.2962961494922638,0.2018967568874359,0.9335129261016846],"EasingStyle":"Linear","EasingDirection":"In"},"Right Arm":{"Weight":1,"CFrame":[-0.10892640054225922,-0.1430109143257141,0.01657569408416748,0.8021769523620606,0.5132941603660584,-0.30502715706825259,-0.45367005467414858,0.8560994267463684,0.24754242599010468,0.38819563388824465,-0.06019129976630211,0.9196092486381531],"EasingStyle":"Linear","EasingDirection":"In"},"Head":{"Weight":1,"CFrame":[9.918585419654846e-8,-1.6763806343078614e-8,-5.960464477539063e-8,0.658010721206665,0.7525759339332581,0.025521833449602128,-0.7481658458709717,0.6495656967163086,0.13532327115535737,0.08526293188333512,-0.10813872516155243,0.9904727339744568],"EasingStyle":"Linear","EasingDirection":"In"},"Right Leg":{"Weight":1,"CFrame":[0.5739893913269043,0.30113428831100466,-0.047207534313201907,0.9945639371871948,-0.014118589460849762,0.1031658798456192,0.017415057867765428,0.9993638396263123,-0.03112308494746685,-0.10266075283288956,0.03275049477815628,0.9941772222518921],"EasingStyle":"Linear","EasingDirection":"In"},"Torso":{"Weight":1,"CFrame":[-0.02358318865299225,0.10904324054718018,-0.30924224853515627,0.9357000589370728,0.35156282782554629,-0.029479071497917177,-0.35223445296287539,0.9356572031974793,-0.02182907797396183,0.019908010959625245,0.030809015035629274,0.9993270039558411],"EasingStyle":"Linear","EasingDirection":"In"},"HumanoidRootPart":{"Weight":1,"CFrame":[0,0,0,1,0,0,0,1,0,0,0,1],"EasingStyle":"Linear","EasingDirection":"In"},"Left Arm":{"Weight":1,"CFrame":[-0.692626953125,-0.6208691596984863,-1.1027541160583497,-0.5281993746757507,-0.24230661988258363,-0.8138138055801392,-0.5478748679161072,-0.634971022605896,0.5446513295173645,-0.6487208604812622,0.7335525155067444,0.20263749361038209],"EasingStyle":"Linear","EasingDirection":"In"}}},{"Time":0.1666666716337204,"poses":{"Left Leg":{"Weight":1,"CFrame":[-0.642295777797699,-0.0013693571090698243,0.25916099548339846,0.7658067345619202,-0.5354871153831482,0.3560808300971985,0.5718743205070496,0.8203327655792236,0.0037418552674353124,-0.2941085696220398,0.20076803863048554,0.934447705745697],"EasingStyle":"Linear","EasingDirection":"In"},"Right Arm":{"Weight":1,"CFrame":[-0.10589994490146637,-0.16589081287384034,0.0164259672164917,0.8133402466773987,0.49557965993881228,-0.30475956201553347,-0.4380292296409607,0.8663771748542786,0.23983550071716309,0.3828943967819214,-0.061574362218379977,0.9217378497123718],"EasingStyle":"Linear","EasingDirection":"In"},"Head":{"Weight":1,"CFrame":[8.288770914077759e-8,7.450580596923828e-9,0,0.6593941450119019,0.7514553666114807,0.02267853170633316,-0.7472630739212036,0.6518104076385498,0.12938761711120606,0.08244692534208298,-0.10226427018642426,0.9913347363471985],"EasingStyle":"Linear","EasingDirection":"In"},"Right Leg":{"Weight":1,"CFrame":[0.6008994579315186,0.33098912239074709,-0.04918736219406128,0.994854211807251,-0.004477837588638067,0.10121871531009674,0.007686734665185213,0.9994794130325317,-0.0313354954123497,-0.10102564841508866,0.03195226937532425,0.9943705797195435],"EasingStyle":"Linear","EasingDirection":"In"},"Torso":{"Weight":1,"CFrame":[-0.023341171443462373,0.11616748571395874,-0.3179163932800293,0.9366132020950317,0.3491484224796295,-0.029176557436585428,-0.34985947608947756,0.9364856481552124,-0.02435101382434368,0.01882130838930607,0.0330151692032814,0.9992777109146118],"EasingStyle":"Linear","EasingDirection":"In"},"HumanoidRootPart":{"Weight":1,"CFrame":[0,0,0,1,0,0,0,1,0,0,0,1],"EasingStyle":"Linear","EasingDirection":"In"},"Left Arm":{"Weight":1,"CFrame":[-0.6889798641204834,-0.6236487030982971,-1.0730822086334229,-0.5222253203392029,-0.2529155910015106,-0.8144410848617554,-0.5707899928092957,-0.6059011816978455,0.554150402545929,-0.6336241364479065,0.7542662024497986,0.1720552295446396],"EasingStyle":"Linear","EasingDirection":"In"}}},{"Time":0.18333333730697633,"poses":{"Left Leg":{"Weight":1,"CFrame":[-0.6568775177001953,0.01080542802810669,0.25945448875427248,0.7727508544921875,-0.5299151539802551,0.3493509590625763,0.5647087693214417,0.8252858519554138,0.0027258768677711488,-0.2897588908672333,0.19517512619495393,0.9369879961013794],"EasingStyle":"Linear","EasingDirection":"In"},"Right Arm":{"Weight":1,"CFrame":[-0.0976855680346489,-0.18813875317573548,0.016019821166992189,0.843303382396698,0.4444144368171692,-0.30221739411354067,-0.39261671900749209,0.8934313058853149,0.21824908256530763,0.36700353026390078,-0.06539463996887207,0.9279180765151978],"EasingStyle":"Linear","EasingDirection":"In"},"Head":{"Weight":1,"CFrame":[1.043081283569336e-7,1.6763806343078614e-8,0,0.6631799936294556,0.7483083605766296,0.015064526349306107,-0.7447140216827393,0.6577160954475403,0.11318465322256088,0.07478883862495423,-0.08628056198358536,0.9934597611427307],"EasingStyle":"Linear","EasingDirection":"In"},"Right Leg":{"Weight":1,"CFrame":[0.6554473042488098,0.3861747980117798,-0.052090585231781009,0.99528568983078,0.021263256669044496,0.09462779760360718,-0.018246304243803026,0.9993008375167847,-0.03263496980071068,-0.09525546431541443,0.030754471197724344,0.9949777126312256],"EasingStyle":"Linear","EasingDirection":"In"},"Torso":{"Weight":1,"CFrame":[-0.022679608315229417,0.11873108148574829,-0.32112979888916018,0.9390621781349182,0.34257638454437258,-0.02834959700703621,-0.3433808982372284,0.9386727213859558,-0.03135708346962929,0.015868794173002244,0.03918095678091049,0.999106228351593],"EasingStyle":"Linear","EasingDirection":"In"},"HumanoidRootPart":{"Weight":1,"CFrame":[0,0,0,1,0,0,0,1,0,0,0,1],"EasingStyle":"Linear","EasingDirection":"In"},"Left Arm":{"Weight":1,"CFrame":[-0.6785236597061157,-0.6311935782432556,-0.9924308657646179,-0.5101432204246521,-0.25327181816101076,-0.8219534158706665,-0.6131781339645386,-0.5630517601966858,0.5540627241134644,-0.6031306385993958,0.7866551280021668,0.13193626701831819],"EasingStyle":"Linear","EasingDirection":"In"}}},{"Time":0.20000000298023225,"poses":{"Left Leg":{"Weight":1,"CFrame":[-0.6716748476028442,0.025990188121795656,0.257116436958313,0.7839118242263794,-0.5199336409568787,0.33933964371681216,0.5523616075515747,0.8336036801338196,0.0012255992041900755,-0.28351208567619326,0.18647745251655579,0.9406630992889404],"EasingStyle":"Linear","EasingDirection":"In"},"Right Arm":{"Weight":1,"CFrame":[-0.08558012545108795,-0.20933613181114198,0.015421390533447266,0.8848376274108887,0.36155185103416445,-0.2938413619995117,-0.31835269927978518,0.9296910166740418,0.1852734088897705,0.3401676416397095,-0.0703917071223259,0.9377265572547913],"EasingStyle":"Linear","EasingDirection":"In"},"Head":{"Weight":1,"CFrame":[8.381903171539307e-8,-1.862645149230957e-9,-2.384185791015625e-7,0.6688374280929565,0.7433975338935852,0.004092230927199125,-0.7406911849975586,0.6659122705459595,0.08909241110086441,0.06350600719451904,-0.06261942535638809,0.9960150122642517],"EasingStyle":"Linear","EasingDirection":"In"},"Right Leg":{"Weight":1,"CFrame":[0.7205578088760376,0.4603750705718994,-0.05397576093673706,0.9949902892112732,0.05346354469656944,0.08447542041540146,-0.05071043223142624,0.9981205463409424,-0.03440931439399719,-0.08615629374980927,0.02995310164988041,0.9958312511444092],"EasingStyle":"Linear","EasingDirection":"In"},"Torso":{"Weight":1,"CFrame":[-0.02167494222521782,0.11740745604038239,-0.3212456703186035,0.9425922632217407,0.3328452408313751,-0.027093764394521714,-0.3337469696998596,0.9417262077331543,-0.04200873151421547,0.011532497592270375,0.04863956198096275,0.9987499117851257],"EasingStyle":"Linear","EasingDirection":"In"},"HumanoidRootPart":{"Weight":1,"CFrame":[0,0,0,1,0,0,0,1,0,0,0,1],"EasingStyle":"Linear","EasingDirection":"In"},"Left Arm":{"Weight":1,"CFrame":[-0.6619867086410523,-0.6423131227493286,-0.8733466267585754,-0.49443575739860537,-0.23786695301532746,-0.836033821105957,-0.6695652604103088,-0.5090991258621216,0.5408332347869873,-0.5542704463005066,0.8271865248680115,0.09244928508996964],"EasingStyle":"Linear","EasingDirection":"In"}}},{"Time":0.21666666865348817,"poses":{"Left Leg":{"Weight":1,"CFrame":[-0.6880720853805542,0.04399055242538452,0.25340521335601809,0.7970798015594482,-0.5076351165771484,0.32706329226493838,0.5373117923736572,0.8433835506439209,-0.00045645146747119725,-0.2756081223487854,0.1760987937450409,0.9450023174285889],"EasingStyle":"Linear","EasingDirection":"In"},"Right Arm":{"Weight":1,"CFrame":[-0.07088054716587067,-0.22906383872032166,0.014694690704345703,0.9284912943840027,0.2490597516298294,-0.27545133233070376,-0.21620693802833558,0.965623140335083,0.14431415498256684,0.3019249737262726,-0.07443995773792267,0.9504209756851196],"EasingStyle":"Linear","EasingDirection":"In"},"Head":{"Weight":1,"CFrame":[8.568167686462403e-8,4.6566128730773929e-9,-5.960464477539063e-8,0.6758244037628174,0.7370098829269409,-0.008814742788672448,-0.7353766560554504,0.675038754940033,0.05953129008412361,0.04982544109225273,-0.03375054523348808,0.9981876015663147],"EasingStyle":"Linear","EasingDirection":"In"},"Right Leg":{"Weight":1,"CFrame":[0.7819855213165283,0.5490841865539551,-0.05379033088684082,0.9938552379608154,0.08420290052890778,0.07184476405382157,-0.08178553730249405,0.9960012435913086,-0.035956092178821567,-0.07458506524562836,0.029859239235520364,0.996767520904541],"EasingStyle":"Linear","EasingDirection":"In"},"Torso":{"Weight":1,"CFrame":[-0.020401086658239366,0.11287212371826172,-0.3211498260498047,0.9467496275901794,0.3209592401981354,-0.025501452386379243,-0.321909099817276,0.945144534111023,-0.05546485260128975,0.0063006021082401279,0.060720473527908328,0.9981350302696228],"EasingStyle":"Linear","EasingDirection":"In"},"HumanoidRootPart":{"Weight":1,"CFrame":[0,0,0,1,0,0,0,1,0,0,0,1],"EasingStyle":"Linear","EasingDirection":"In"},"Left Arm":{"Weight":1,"CFrame":[-0.6400965452194214,-0.6558142900466919,-0.7283755540847778,-0.47608834505081179,-0.2005303055047989,-0.8562286496162415,-0.7334056496620178,-0.44670701026916506,0.512414813041687,-0.48523804545402529,0.871917724609375,0.0656018927693367],"EasingStyle":"Linear","EasingDirection":"In"}}},{"Time":0.23333333432674409,"poses":{"Left Leg":{"Weight":1,"CFrame":[-0.7043806314468384,0.06391304731369019,0.2484976053237915,0.8113952279090881,-0.493276447057724,0.3135542869567871,0.5200729370117188,0.8541191220283508,-0.002129964530467987,-0.2667620778083801,0.16479937732219697,0.949567973613739],"EasingStyle":"Linear","EasingDirection":"In"},"Right Arm":{"Weight":1,"CFrame":[-0.05488403141498566,-0.24690410494804383,0.013903975486755371,0.9635192155838013,0.11154810339212418,-0.24328556656837464,-0.08940305560827255,0.9909349679946899,0.10027392208576203,0.2522655427455902,-0.07486549019813538,0.9647576808929443],"EasingStyle":"Linear","EasingDirection":"In"},"Head":{"Weight":1,"CFrame":[9.452924132347107e-8,0,2.384185791015625e-7,0.6835619211196899,0.729552686214447,-0.02227039262652397,-0.729055643081665,0.6839209794998169,0.027018671855330468,0.034942734986543658,-0.0022325869649648668,0.9993868470191956],"EasingStyle":"Linear","EasingDirection":"In"},"Right Leg":{"Weight":1,"CFrame":[0.8280779719352722,0.6462330222129822,-0.051805973052978519,0.9925935864448547,0.10684329271316529,0.0578143335878849,-0.10485227406024933,0.9938197135925293,-0.03644976392388344,-0.061351414769887927,0.03011777251958847,0.9976617097854614],"EasingStyle":"Linear","EasingDirection":"In"},"Torso":{"Weight":1,"CFrame":[-0.01895371451973915,0.10580480098724365,-0.3207662105560303,0.9511106014251709,0.3079405426979065,-0.02369222417473793,-0.30884990096092226,0.9484661817550659,-0.07087904214859009,0.0006447448395192623,0.07473115622997284,0.997203528881073],"EasingStyle":"Linear","EasingDirection":"In"},"HumanoidRootPart":{"Weight":1,"CFrame":[0,0,0,1,0,0,0,1,0,0,0,1],"EasingStyle":"Linear","EasingDirection":"In"},"Left Arm":{"Weight":1,"CFrame":[-0.6135812997817993,-0.6705068349838257,-0.5700643062591553,-0.45431458950042727,-0.13460005819797517,-0.8806141018867493,-0.7976214289665222,-0.3787747323513031,0.46939319372177126,-0.3967345952987671,0.9156486988067627,0.06472299993038178],"EasingStyle":"Linear","EasingDirection":"In"}}},{"Time":0.25,"poses":{"Left Leg":{"Weight":1,"CFrame":[-0.7190917730331421,0.084666907787323,0.2427539825439453,0.8260052800178528,-0.47726497054100039,0.29988908767700198,0.5012879371643066,0.8652728199958801,-0.0036750552244484426,-0.25773191452026369,0.15336641669273377,0.9539670944213867],"EasingStyle":"Linear","EasingDirection":"In"},"Right Arm":{"Weight":1,"CFrame":[-0.03888756036758423,-0.2624395787715912,0.013113141059875489,0.9798300266265869,-0.04247456043958664,-0.19526663422584535,0.05506035313010216,0.9967097043991089,0.05948200449347496,0.1920977234840393,-0.06903383880853653,0.9789447784423828],"EasingStyle":"Linear","EasingDirection":"In"},"Head":{"Weight":1,"CFrame":[7.497146725654602e-8,3.725290298461914e-8,2.384185791015625e-7,0.6914271116256714,0.7215993404388428,-0.03497253730893135,-0.722169816493988,0.6916912198066711,-0.005831250920891762,0.019982369616627694,0.029287993907928468,0.9993712902069092],"EasingStyle":"Linear","EasingDirection":"In"},"Right Leg":{"Weight":1,"CFrame":[0.8515132665634155,0.7460234761238098,-0.04942882061004639,0.9921853542327881,0.11694441735744477,0.04350075125694275,-0.11545989662408829,0.9926878809928894,-0.03521198779344559,-0.04730046167969704,0.02991420216858387,0.9984327554702759],"EasingStyle":"Linear","EasingDirection":"In"},"Torso":{"Weight":1,"CFrame":[-0.017466992139816285,0.09688854217529297,-0.3199903964996338,0.9552989602088928,0.2948344945907593,-0.02183382958173752,-0.2955996096134186,0.9513054490089417,-0.08740068972110748,-0.004998098127543926,0.08994784951210022,0.9959339499473572],"EasingStyle":"Linear","EasingDirection":"In"},"HumanoidRootPart":{"Weight":1,"CFrame":[0,0,0,1,0,0,0,1,0,0,0,1],"EasingStyle":"Linear","EasingDirection":"In"},"Left Arm":{"Weight":1,"CFrame":[-0.5831690430641174,-0.6851998567581177,-0.4109594225883484,-0.42663463950157168,-0.03389778360724449,-0.9037886261940002,-0.8556484580039978,-0.30860671401023867,0.41548484563827517,-0.2929992079734802,0.9505855441093445,0.10265761613845825],"EasingStyle":"Linear","EasingDirection":"In"}}},{"Time":0.2666666805744171,"poses":{"Left Leg":{"Weight":1,"CFrame":[-0.7309137582778931,0.10497093200683594,0.2367159128189087,0.8400941491127014,-0.4601801335811615,0.28718656301498415,0.48174238204956057,0.8762982487678528,-0.00506264204159379,-0.24933139979839326,0.1426030695438385,0.9578613042831421],"EasingStyle":"Linear","EasingDirection":"In"},"Right Arm":{"Weight":1,"CFrame":[-0.024187982082366945,-0.27525031566619875,0.012386322021484375,0.9706567525863648,-0.20098184049129487,-0.13202950358390809,0.20642071962356568,0.9780410528182983,0.028744136914610864,0.12335312366485596,-0.055154453963041309,0.9908289909362793],"EasingStyle":"Linear","EasingDirection":"In"},"Head":{"Weight":1,"CFrame":[1.019798219203949e-7,-5.494803190231323e-8,0,0.6987577676773071,0.7138949036598206,-0.04573498293757439,-0.7153335213661194,0.6978374123573303,-0.036346592009067538,0.005967932753264904,0.05811326205730438,0.9982922077178955],"EasingStyle":"Linear","EasingDirection":"In"},"Right Leg":{"Weight":1,"CFrame":[0.8495330810546875,0.8417387008666992,-0.048432767391204837,0.9932210445404053,0.11228334158658982,0.030072901397943498,-0.11131979525089264,0.9932692050933838,-0.03200531005859375,-0.03346416726708412,0.0284405630081892,0.9990352392196655],"EasingStyle":"Linear","EasingDirection":"In"},"Torso":{"Weight":1,"CFrame":[-0.016122687608003618,0.08680686354637146,-0.3186776638031006,0.9589945673942566,0.2827070355415344,-0.02015344239771366,-0.2832394242286682,0.9533742070198059,-0.10417873412370682,-0.010238291695713997,0.10561510920524597,0.9943543672561646],"EasingStyle":"Linear","EasingDirection":"In"},"HumanoidRootPart":{"Weight":1,"CFrame":[0,0,0,1,0,0,0,1,0,0,0,1],"EasingStyle":"Linear","EasingDirection":"In"},"Left Arm":{"Weight":1,"CFrame":[-0.5495875477790833,-0.6987013816833496,-0.26360708475112917,-0.3970441520214081,0.12529481947422028,-0.9092068672180176,-0.9012324213981628,-0.24059933423995973,0.3604055941104889,-0.17359749972820283,0.9625036120414734,0.20844821631908418],"EasingStyle":"Linear","EasingDirection":"In"}}},{"Time":0.28333333134651186,"poses":{"Left Leg":{"Weight":1,"CFrame":[-0.7387825846672058,0.12340384721755982,0.23106777667999268,0.8529090881347656,-0.4427642822265625,0.2765969932079315,0.46235379576683047,0.8866727352142334,-0.006358486134558916,-0.2424357831478119,0.13330884277820588,0.9609649777412415],"EasingStyle":"Linear","EasingDirection":"In"},"Right Arm":{"Weight":1,"CFrame":[-0.012082517147064209,-0.2849190831184387,0.011787891387939453,0.9347221255302429,-0.35077106952667239,-0.057045869529247287,0.3520476222038269,0.9358804821968079,0.013792170211672783,0.04855022579431534,-0.03297484666109085,0.9982762932777405],"EasingStyle":"Linear","EasingDirection":"In"},"Head":{"Weight":1,"CFrame":[8.009374141693115e-8,1.210719347000122e-8,-2.980232238769531e-7,0.7048683762550354,0.707318127155304,-0.05349436774849892,-0.7093111276626587,0.7021766901016235,-0.061851538717746738,-0.006186219863593578,0.08154134452342987,0.996650755405426],"EasingStyle":"Linear","EasingDirection":"In"},"Right Leg":{"Weight":1,"CFrame":[0.8257688283920288,0.9244625568389893,-0.049795448780059817,0.9954020977020264,0.09392552822828293,0.018780887126922609,-0.09339354187250138,0.9952509999275208,-0.027442999184131624,-0.021269235759973527,0.025562724098563196,0.9994469285011292],"EasingStyle":"Linear","EasingDirection":"In"},"Torso":{"Weight":1,"CFrame":[-0.015151038765907288,0.0762401819229126,-0.31663942337036135,0.9619308710098267,0.2726358473300934,-0.018938880413770677,-0.27289509773254397,0.9544843435287476,-0.12036585807800293,-0.014739179983735085,0.12095196545124054,0.992548942565918],"EasingStyle":"Linear","EasingDirection":"In"},"HumanoidRootPart":{"Weight":1,"CFrame":[0,0,0,1,0,0,0,1,0,0,0,1],"EasingStyle":"Linear","EasingDirection":"In"},"Left Arm":{"Weight":1,"CFrame":[-0.5135648846626282,-0.7098203897476196,-0.14055359363555909,-0.35216769576072695,0.3380458652973175,-0.8727559447288513,-0.9348897337913513,-0.17115436494350434,0.3109460473060608,-0.04426191747188568,0.9254357218742371,0.3763106167316437],"EasingStyle":"Linear","EasingDirection":"In"}}},{"Time":0.30000001192092898,"poses":{"Left Leg":{"Weight":1,"CFrame":[-0.7418274283409119,0.1384696364402771,0.22657310962677003,0.8637735247612,-0.4258882999420166,0.2692852318286896,0.4441436231136322,0.8959223628044128,-0.007711646147072315,-0.23797442018985749,0.12626239657402039,0.963029682636261],"EasingStyle":"Linear","EasingDirection":"In"},"Right Arm":{"Weight":1,"CFrame":[-0.0038681328296661379,-0.2910265326499939,0.011381745338439942,0.8765488266944885,-0.480693519115448,0.0244146641343832,0.48037537932395937,0.8768796324729919,0.017938317731022836,-0.030031602829694749,-0.003995770122855902,0.9995409846305847],"EasingStyle":"Linear","EasingDirection":"In"},"Head":{"Weight":1,"CFrame":[8.568167686462403e-8,1.862645149230957e-9,3.5762786865234377e-7,0.7090656757354736,0.7028121948242188,-0.057279281318187717,-0.7049688100814819,0.7047455310821533,-0.0797053650021553,-0.01565057598054409,0.0968964472413063,0.9951714873313904],"EasingStyle":"Linear","EasingDirection":"In"},"Right Leg":{"Weight":1,"CFrame":[0.7918645739555359,0.9836101531982422,-0.052445948123931888,0.997681736946106,0.06715952605009079,0.010993750765919686,-0.06688997149467468,0.9974886178970337,-0.023284517228603364,-0.012529934756457806,0.022495124489068986,0.9996684789657593],"EasingStyle":"Linear","EasingDirection":"In"},"Torso":{"Weight":1,"CFrame":[-0.014823772013187409,0.06586414575576782,-0.3136429786682129,0.9638778567314148,0.2656993865966797,-0.018529802560806276,-0.2657212018966675,0.9545336961746216,-0.13512077927589417,-0.018214190378785135,0.13516369462013246,0.9906558394432068],"EasingStyle":"Linear","EasingDirection":"In"},"HumanoidRootPart":{"Weight":1,"CFrame":[0,0,0,1,0,0,0,1,0,0,0,1],"EasingStyle":"Linear","EasingDirection":"In"},"Left Arm":{"Weight":1,"CFrame":[-0.47582894563674929,-0.7173647880554199,-0.05434602499008179,-0.27417871356010439,0.5543471574783325,-0.7858278155326843,-0.9590077996253967,-0.0967482179403305,0.2663528323173523,0.07162453979253769,0.8266432285308838,0.5581493973731995],"EasingStyle":"Linear","EasingDirection":"In"}}},{"Time":0.3166666626930237,"poses":{"Left Leg":{"Weight":1,"CFrame":[-0.7392776608467102,0.14867568016052247,0.22398054599761964,0.8720834851264954,-0.410480260848999,0.26641398668289187,0.4281836450099945,0.9036436676979065,-0.009323989041149617,-0.23691602051258088,0.12220542877912522,0.9638136029243469],"EasingStyle":"Linear","EasingDirection":"In"},"Right Arm":{"Weight":1,"CFrame":[-0.0008417963981628418,-0.29315584897994997,0.011232137680053711,0.804678738117218,-0.5839903950691223,0.10699211806058884,0.5832171440124512,0.8112469911575317,0.0416669137775898,-0.11113010346889496,0.028871044516563417,0.993386447429657],"EasingStyle":"Linear","EasingDirection":"In"},"Head":{"Weight":1,