{"Sequence":[{"Time":0,"poses":{"Left Leg":{"Weight":1,"CFrame":[-0.19976265728473664,0.5008533000946045,0.05454254150390625,0.8085222244262695,0.5880884528160095,0.02106885239481926,-0.5882455110549927,0.8086808919906616,0.001598052796907723,-0.01609821990132332,-0.013685712590813637,0.9997767806053162],"EasingStyle":"Linear","EasingDirection":"In"},"Right Arm":{"Weight":1,"CFrame":[0.1316501349210739,-0.021381914615631105,-0.14256912469863892,0.9047485589981079,-0.13393734395503999,0.40434008836746218,0.3146885633468628,0.8499259352684021,-0.4226076006889343,-0.2870561182498932,0.5095946192741394,0.8111177086830139],"EasingStyle":"Linear","EasingDirection":"In"},"Left Arm":{"Weight":1,"CFrame":[0.02451172284781933,-0.1081990897655487,-0.08673655986785889,0.7669598460197449,0.15346097946166993,-0.6230749487876892,-0.3323170840740204,0.9256214499473572,-0.18108117580413819,0.5489426255226135,0.345940500497818,0.7609120607376099],"EasingStyle":"Linear","EasingDirection":"In"},"Head":{"Weight":1,"CFrame":[4.190951585769653e-8,1.045700628310442e-7,1.1920928955078126e-7,0.9972073435783386,-0.0480317547917366,-0.057188548147678378,0.028475435450673105,0.9524362683296204,-0.30340465903282168,0.06904149800539017,0.30092892050743105,0.9511441588401794],"EasingStyle":"Linear","EasingDirection":"In"},"Torso":{"Weight":1,"CFrame":[-0.009132273495197297,-0.31964153051376345,-0.48185300827026369,0.9994358420372009,0.028126662597060205,0.018354255706071855,-0.018455712124705316,0.9165247082710266,-0.3995520770549774,-0.028060195967555047,0.39898794889450076,0.916526734828949],"EasingStyle":"Linear","EasingDirection":"In"},"HumanoidRootPart":{"Weight":1,"CFrame":[0,0,0,1,0,0,0,1,0,0,0,1],"EasingStyle":"Linear","EasingDirection":"In"},"Right Leg":{"Weight":1,"CFrame":[0.6684477925300598,-0.047562479972839358,-0.04971593618392944,0.8623745441436768,0.5060788989067078,-0.013944670557975769,-0.5060132741928101,0.8624871969223023,0.008150167763233185,0.016151808202266694,0.00002767447949736379,0.9998695850372315],"EasingStyle":"Linear","EasingDirection":"In"}}},{"Time":0.03333333507180214,"poses":{"Left Leg":{"Weight":1,"CFrame":[-0.20237240195274354,0.4673094153404236,0.07255911827087403,0.8331382870674133,0.5489974021911621,0.0669514387845993,-0.5496733784675598,0.8353253602981567,-0.009522667154669762,-0.06115417182445526,-0.02886771224439144,0.9977108836174011],"EasingStyle":"Linear","EasingDirection":"In"},"Right Arm":{"Weight":1,"CFrame":[0.15063373744487763,-0.05939784646034241,-0.11982691287994385,0.8788426518440247,-0.11728726327419281,0.46247100830078127,0.356320858001709,0.8059573173522949,-0.4727244973182678,-0.31728723645210268,0.5802383422851563,0.7501013875007629],"EasingStyle":"Linear","EasingDirection":"In"},"Left Arm":{"Weight":1,"CFrame":[-0.013743989169597626,-0.1364259123802185,-0.07334375381469727,0.7587968111038208,0.18517959117889405,-0.6244485974311829,-0.4104371666908264,0.8803723454475403,-0.23766794800758363,0.5057359933853149,0.43663859367370608,0.7440282106399536],"EasingStyle":"Linear","EasingDirection":"In"},"Head":{"Weight":1,"CFrame":[4.842877388000488e-8,-3.300374373793602e-8,-4.172325134277344e-7,0.9948006868362427,-0.08898759633302689,-0.049527622759342197,0.07089438289403916,0.9542354345321655,-0.2905319929122925,0.07311476767063141,0.2855100929737091,0.9555826187133789],"EasingStyle":"Linear","EasingDirection":"In"},"Torso":{"Weight":1,"CFrame":[-0.015011440962553025,-0.34112846851348879,-0.4304203987121582,0.9970462322235107,0.07632461935281754,0.008565113879740239,-0.06718470901250839,0.9207721948623657,-0.3842717409133911,-0.03721591457724571,0.38256123661994936,0.9231802821159363],"EasingStyle":"Linear","EasingDirection":"In"},"HumanoidRootPart":{"Weight":1,"CFrame":[0,0,0,1,0,0,0,1,0,0,0,1],"EasingStyle":"Linear","EasingDirection":"In"},"Right Leg":{"Weight":1,"CFrame":[0.6364652514457703,-0.0553438663482666,-0.07911312580108643,0.8785883188247681,0.4764479994773865,0.032863955944776538,-0.4772251844406128,0.878506600856781,0.021962551400065423,-0.018407095223665239,-0.034979529678821567,0.9992185235023499],"EasingStyle":"Linear","EasingDirection":"In"}}},{"Time":0.06666667014360428,"poses":{"Left Leg":{"Weight":1,"CFrame":[-0.22883963584899903,0.4378243088722229,0.08917343616485596,0.8759716153144836,0.471065491437912,0.1037830337882042,-0.47202596068382265,0.8814272284507752,-0.01665601134300232,-0.09932330250740051,-0.03439807519316673,0.9944605231285095],"EasingStyle":"Linear","EasingDirection":"In"},"Right Arm":{"Weight":1,"CFrame":[0.17046132683753968,-0.14303168654441834,-0.07413506507873535,0.8525475859642029,-0.11599350720643997,0.5096156597137451,0.4044979214668274,0.7639060616493225,-0.5028210878372192,-0.3309745490550995,0.634817361831665,0.6981853246688843],"EasingStyle":"Linear","EasingDirection":"In"},"Left Arm":{"Weight":1,"CFrame":[-0.05058727413415909,-0.1885381042957306,-0.03949451446533203,0.7482346296310425,0.2095920741558075,-0.6294571161270142,-0.4754882752895355,0.8310754895210266,-0.2884868085384369,0.46266183257102969,0.5151551365852356,0.7214978933334351],"EasingStyle":"Linear","EasingDirection":"In"},"Head":{"Weight":1,"CFrame":[4.284083843231201e-8,-3.166496753692627e-8,2.384185791015625e-7,0.9910164475440979,-0.12739542126655579,-0.04070497676730156,0.11305803805589676,0.9606049656867981,-0.2538822591304779,0.07144482433795929,0.24699948728084565,0.9663782715797424],"EasingStyle":"Linear","EasingDirection":"In"},"Torso":{"Weight":1,"CFrame":[-0.018332231789827348,-0.3599695563316345,-0.3747894763946533,0.9935274124145508,0.11356685310602188,0.002460162853822112,-0.10564254224300385,0.9317288994789124,-0.3474491834640503,-0.041750919073820117,0.34494033455848696,0.9376955628395081],"EasingStyle":"Linear","EasingDirection":"In"},"HumanoidRootPart":{"Weight":1,"CFrame":[0,0,0,1,0,0,0,1,0,0,0,1],"EasingStyle":"Linear","EasingDirection":"In"},"Right Leg":{"Weight":1,"CFrame":[0.6045559048652649,-0.07118964195251465,-0.09826833009719849,0.8815795183181763,0.46690699458122256,0.06939388811588288,-0.46986737847328188,0.8820701837539673,0.03430761396884918,-0.045191746205091479,-0.06285086274147034,0.9969993233680725],"EasingStyle":"Linear","EasingDirection":"In"}}},{"Time":0.10000000149011612,"poses":{"Left Leg":{"Weight":1,"CFrame":[-0.268497109413147,0.40148037672042849,0.1052849292755127,0.9205255508422852,0.36739814281463625,0.13285857439041139,-0.36808350682258608,0.9295718669891357,-0.020267335698008539,-0.1309477835893631,-0.030246462672948839,0.9909278154373169],"EasingStyle":"Linear","EasingDirection":"In"},"Right Arm":{"Weight":1,"CFrame":[0.186070516705513,-0.22666612267494203,-0.014975786209106446,0.8247271180152893,-0.13087521493434907,0.5501790046691895,0.45910024642944338,0.7230184674263,-0.5162086486816406,-0.3302306532859802,0.6783185005187988,0.6563776731491089],"EasingStyle":"Linear","EasingDirection":"In"},"Left Arm":{"Weight":1,"CFrame":[-0.07975827157497406,-0.23872998356819154,0.005317568778991699,0.7350109815597534,0.229556143283844,-0.6380148530006409,-0.530850887298584,0.7802222967147827,-0.3308333158493042,0.42184868454933169,0.5818567872047424,0.6953318119049072],"EasingStyle":"Linear","EasingDirection":"In"},"Head":{"Weight":1,"CFrame":[3.725290298461914e-8,1.2433156371116639e-7,3.5762786865234377e-7,0.9862717986106873,-0.16206490993499757,-0.03166857361793518,0.15266425907611848,0.9679909348487854,-0.19921667873859406,0.06294092535972595,0.19164718687534333,0.9794436097145081],"EasingStyle":"Linear","EasingDirection":"In"},"Torso":{"Weight":1,"CFrame":[-0.019404340535402299,-0.37767958641052248,-0.3191056251525879,0.9898990392684937,0.14177361130714417,-0.0004017129831481725,-0.13549008965492249,0.9451839923858643,-0.297102153301239,-0.04174154996871948,0.2941555082798004,0.9548457264900208],"EasingStyle":"Linear","EasingDirection":"In"},"HumanoidRootPart":{"Weight":1,"CFrame":[0,0,0,1,0,0,0,1,0,0,0,1],"EasingStyle":"Linear","EasingDirection":"In"},"Right Leg":{"Weight":1,"CFrame":[0.7873791456222534,-0.07948410511016846,-0.13039517402648927,0.7799081206321716,0.6183993220329285,0.09656967222690582,-0.6243993043899536,0.7793859243392944,0.05180039629340172,-0.04323164001107216,-0.1006975993514061,0.9939773678779602],"EasingStyle":"Linear","EasingDirection":"In"}}},{"Time":0.13333334028720857,"poses":{"Left Leg":{"Weight":1,"CFrame":[-0.30860382318496706,0.3525887727737427,0.11983203887939453,0.9545713663101196,0.2544281780719757,0.15511199831962586,-0.2542186975479126,0.966907262802124,-0.021523362025618554,-0.155455082654953,-0.018886763602495195,0.9876624345779419],"EasingStyle":"Linear","EasingDirection":"In"},"Right Arm":{"Weight":1,"CFrame":[0.19239859282970429,-0.2646814286708832,0.04816889762878418,0.7934232354164124,-0.16236233711242677,0.5866158604621887,0.5200347900390625,0.681647539138794,-0.5147045254707336,-0.3162965476512909,0.7134389877319336,0.6252689361572266],"EasingStyle":"Linear","EasingDirection":"In"},"Left Arm":{"Weight":1,"CFrame":[-0.0949980616569519,-0.26119571924209597,0.05159807205200195,0.7180748581886292,0.24786376953125,-0.6503324508666992,-0.5801738500595093,0.7293057441711426,-0.36264505982398989,0.38440465927124026,0.6377120614051819,0.6675001382827759],"EasingStyle":"Linear","EasingDirection":"In"},"Head":{"Weight":1,"CFrame":[4.470348358154297e-8,-6.984919309616089e-10,0,0.9812026023864746,-0.19165655970573426,-0.022570276632905008,0.18706800043582917,0.9733405113220215,-0.13271741569042207,0.047404736280441287,0.1260005086660385,0.990896999835968],"EasingStyle":"Linear","EasingDirection":"In"},"Torso":{"Weight":1,"CFrame":[-0.019168807193636895,-0.3960523009300232,-0.2667365074157715,0.9867048263549805,0.16251768171787263,-0.0012508545769378543,-0.15800166130065919,0.9574269652366638,-0.2415970265865326,-0.03806619346141815,0.238582581281662,0.9703758358955383],"EasingStyle":"Linear","EasingDirection":"In"},"HumanoidRootPart":{"Weight":1,"CFrame":[0,0,0,1,0,0,0,1,0,0,0,1],"EasingStyle":"Linear","EasingDirection":"In"},"Right Leg":{"Weight":1,"CFrame":[0.934912919998169,-0.07064187526702881,-0.1637762188911438,0.6819835305213928,0.7217832207679749,0.11801502853631973,-0.7307676076889038,0.6790292263031006,0.06998739391565323,-0.02961982786655426,-0.13397178053855897,0.990542471408844],"EasingStyle":"Linear","EasingDirection":"In"}}},{"Time":0.1666666716337204,"poses":{"Left Leg":{"Weight":1,"CFrame":[-0.33654993772506716,0.29346877336502077,0.13092505931854249,0.9735257625579834,0.15116634964942933,0.1714540719985962,-0.14959967136383058,0.9884997010231018,-0.022098269313573839,-0.17282284796237946,-0.004136221017688513,0.9849442839622498],"EasingStyle":"Linear","EasingDirection":"In"},"Right Arm":{"Weight":1,"CFrame":[0.18417444825172425,-0.23218634724617005,0.1057126522064209,0.7561112642288208,-0.21021801233291627,0.6197614073753357,0.58658766746521,0.6376110315322876,-0.49936679005622866,-0.2901906967163086,0.7411212921142578,0.6054161787033081],"EasingStyle":"Linear","EasingDirection":"In"},"Left Arm":{"Weight":1,"CFrame":[-0.09935217350721359,-0.20778679847717286,0.09216189384460449,0.6956012845039368,0.2672094404697418,-0.6668868660926819,-0.6270550489425659,0.6788510680198669,-0.38205116987228396,0.35062921047210696,0.6839300990104675,0.639764666557312],"EasingStyle":"Linear","EasingDirection":"In"},"Head":{"Weight":1,"CFrame":[4.284083843231201e-8,7.636845111846924e-8,-1.1920928955078126e-7,0.9765822887420654,-0.21476419270038606,-0.01278764195740223,0.21361498534679414,0.9749999046325684,-0.061187852174043658,0.02560890093445778,0.0570233128964901,0.9980443716049194],"EasingStyle":"Linear","EasingDirection":"In"},"Torso":{"Weight":1,"CFrame":[-0.01887531392276287,-0.4174150228500366,-0.21964383125305177,0.9841536283493042,0.1773102879524231,-0.0017033888725563884,-0.17440025508403779,0.966176450252533,-0.18996727466583253,-0.03203738108277321,0.18725404143333436,0.9817889332771301],"EasingStyle":"Linear","EasingDirection":"In"},"HumanoidRootPart":{"Weight":1,"CFrame":[0,0,0,1,0,0,0,1,0,0,0,1],"EasingStyle":"Linear","EasingDirection":"In"},"Right Leg":{"Weight":1,"CFrame":[1.0099494457244874,-0.0009305477142333984,-0.19507139921188355,0.6716541051864624,0.7283459901809692,0.13561995327472688,-0.7402291893959045,0.6673195958137512,0.08213016390800476,-0.03068261779844761,-0.1555529534816742,0.9873509407043457],"EasingStyle":"Linear","EasingDirection":"In"}}},{"Time":0.20000000298023225,"poses":{"Left Leg":{"Weight":1,"CFrame":[-0.34320878982543948,0.23291051387786866,0.13697278499603272,0.98012375831604,0.07666225731372833,0.18297676742076875,-0.07351910322904587,0.9970072507858276,-0.023910216987133027,-0.184262216091156,0.00998268648982048,0.9828264713287354],"EasingStyle":"Linear","EasingDirection":"In"},"Right Arm":{"Weight":1,"CFrame":[0.16461238265037538,-0.15642049908638,0.1476515531539917,0.7101357579231262,-0.2729397118091583,0.6490079164505005,0.6568891406059265,0.588593065738678,-0.47122710943222048,-0.25338491797447207,0.7609612941741943,0.5972720384597778],"EasingStyle":"Linear","EasingDirection":"In"},"Left Arm":{"Weight":1,"CFrame":[-0.10095623135566712,-0.09825515747070313,0.12905561923980714,0.6648156642913818,0.29025909304618838,-0.6883094906806946,-0.6748768091201782,0.6284051537513733,-0.38684403896331789,0.3202522099018097,0.7217040061950684,0.613662600517273],"EasingStyle":"Linear","EasingDirection":"In"},"Head":{"Weight":1,"CFrame":[4.98257577419281e-8,4.0978193283081057e-8,-2.980232238769531e-7,0.9731888771057129,-0.23000550270080567,-0.0010462792124599219,0.23000632226467133,0.9731549024581909,0.008160613477230072,-0.0008587950142100453,-0.008182452991604805,0.9999661445617676],"EasingStyle":"Linear","EasingDirection":"In"},"Torso":{"Weight":1,"CFrame":[-0.019847553223371507,-0.44446438550949099,-0.17832469940185548,0.9822144508361816,0.1877310574054718,-0.0034679563250392677,-0.18607600033283235,0.970752477645874,-0.15170815587043763,-0.025113804265856744,0.14965520799160005,0.9884193539619446],"EasingStyle":"Linear","EasingDirection":"In"},"HumanoidRootPart":{"Weight":1,"CFrame":[0,0,0,1,0,0,0,1,0,0,0,1],"EasingStyle":"Linear","EasingDirection":"In"},"Right Leg":{"Weight":1,"CFrame":[0.9897095561027527,0.1216471791267395,-0.2152990698814392,0.7707059383392334,0.6195075511932373,0.14907309412956239,-0.6340794563293457,0.7687504291534424,0.08346255868673325,-0.06289426982402802,-0.15884925425052644,0.9852975606918335],"EasingStyle":"Linear","EasingDirection":"In"}}},{"Time":0.23333333432674409,"poses":{"Left Leg":{"Weight":1,"CFrame":[-0.3243194818496704,0.18121641874313355,0.13729190826416017,0.9804235696792603,0.04818985238671303,0.19091200828552247,-0.043467212468385699,0.9986382722854614,-0.028851063922047616,-0.19204238057136537,0.019987836480140687,0.9811831712722778],"EasingStyle":"Linear","EasingDirection":"In"},"Right Arm":{"Weight":1,"CFrame":[0.1413777619600296,-0.06996497511863709,0.16387736797332765,0.6535277962684631,-0.347128301858902,0.6726095080375671,0.7276440262794495,0.5328174233436585,-0.43201830983161929,-0.20841220021247865,0.771756112575531,0.6007966995239258],"EasingStyle":"Linear","EasingDirection":"In"},"Left Arm":{"Weight":1,"CFrame":[-0.10118551552295685,-0.008643507957458496,0.166634202003479,0.621545672416687,0.31976163387298586,-0.715146005153656,-0.7266632318496704,0.5763681530952454,-0.3738452196121216,0.29264605045318606,0.7520320415496826,0.5905981063842773],"EasingStyle":"Linear","EasingDirection":"In"},"Head":{"Weight":1,"CFrame":[5.587935447692871e-8,-4.936009645462036e-8,-1.1920928955078126e-7,0.9716448783874512,-0.23600932955741883,0.014345518313348294,0.23453624546527863,0.9697195291519165,0.06809528172016144,-0.029982246458530427,-0.06279992312192917,0.9975757002830505],"EasingStyle":"Linear","EasingDirection":"In"},"Torso":{"Weight":1,"CFrame":[-0.023345761001110078,-0.4799627661705017,-0.14245939254760743,0.9806964993476868,0.19536526501178742,-0.008173882029950619,-0.19463922083377839,0.9713451862335205,-0.13639678061008454,-0.018707536160945894,0.13535480201244355,0.9906205534934998],"EasingStyle":"Linear","EasingDirection":"In"},"HumanoidRootPart":{"Weight":1,"CFrame":[0,0,0,1,0,0,0,1,0,0,0,1],"EasingStyle":"Linear","EasingDirection":"In"},"Right Leg":{"Weight":1,"CFrame":[0.8607122302055359,0.20264863967895509,-0.20870709419250489,0.9022462368011475,0.40136387944221499,0.15766669809818269,-0.4168102741241455,0.9054439663887024,0.08025171607732773,-0.11054813861846924,-0.13812397420406342,0.9842260479927063],"EasingStyle":"Linear","EasingDirection":"In"}}},{"Time":0.2666666805744171,"poses":{"Left Leg":{"Weight":1,"CFrame":[-0.2766296863555908,0.14911019802093507,0.131553053855896,0.9762848615646362,0.0925615131855011,0.19570454955101014,-0.0865061953663826,0.9954765439033508,-0.039284393191337588,-0.19845552742481233,0.021423067897558214,0.9798757433891296],"EasingStyle":"Linear","EasingDirection":"In"},"Right Arm":{"Weight":1,"CFrame":[0.12124842405319214,-0.0005358755588531494,0.15792405605316163,0.5924891829490662,-0.4286206066608429,0.6820858716964722,0.7907201647758484,0.47129836678504946,-0.39069119095802309,-0.15400762856006623,0.7708192467689514,0.6181579828262329],"EasingStyle":"Linear","EasingDirection":"In"},"Left Arm":{"Weight":1,"CFrame":[-0.09615567326545716,0.02957063913345337,0.20650899410247804,0.5229366421699524,0.35430094599723818,-0.7752472162246704,-0.7920774817466736,0.5379833579063416,-0.2884219288825989,0.3148818910121918,0.7648822665214539,0.5619649291038513],"EasingStyle":"Linear","EasingDirection":"In"},"Head":{"Weight":1,"CFrame":[5.21540641784668e-8,-1.3224780559539796e-7,-3.5762786865234377e-7,0.9709715247154236,-0.2368580549955368,0.03335748240351677,0.23175883293151856,0.9660942554473877,0.1137976422905922,-0.0591803640127182,-0.10276336967945099,0.9929438233375549],"EasingStyle":"Linear","EasingDirection":"In"},"Torso":{"Weight":1,"CFrame":[-0.031042706221342088,-0.5355305671691895,-0.11465024948120117,0.9793772101402283,0.20124037563800813,-0.017966143786907197,-0.2014411985874176,0.9657564759254456,-0.16351109743118287,-0.015554112382233143,0.16375814378261567,0.9863778948783875],"EasingStyle":"Linear","EasingDirection":"In"},"HumanoidRootPart":{"Weight":1,"CFrame":[0,0,0,1,0,0,0,1,0,0,0,1],"EasingStyle":"Linear","EasingDirection":"In"},"Right Leg":{"Weight":1,"CFrame":[0.5899270176887512,0.1712462306022644,-0.16450798511505128,0.985588014125824,0.051178038120269778,0.1612362563610077,-0.06470134854316712,0.9947114586830139,0.0797678753733635,-0.1563010811805725,-0.08905047178268433,0.9836869835853577],"EasingStyle":"Linear","EasingDirection":"In"}}},{"Time":0.30000001192092898,"poses":{"Left Leg":{"Weight":1,"CFrame":[-0.3179556429386139,0.2293664813041687,0.14806103706359864,0.9730998873710632,0.11975318938493729,0.19681407511234284,-0.11132895201444626,0.9923498630523682,-0.05336453765630722,-0.20169898867607118,0.030017955228686334,0.9789875149726868],"EasingStyle":"Linear","EasingDirection":"In"},"Right Arm":{"Weight":1,"CFrame":[0.10745348781347275,0.04360991716384888,0.1420508623123169,0.5575915575027466,-0.521763026714325,0.6456432342529297,0.8272820115089417,0.41348201036453249,-0.3803119957447052,-0.06852900981903076,0.746187686920166,0.6621990203857422],"EasingStyle":"Linear","EasingDirection":"In"},"Left Arm":{"Weight":1,"CFrame":[-0.08681467920541763,0.043650031089782718,0.23931407928466798,0.3636641204357147,0.40995657444000246,-0.8364712595939636,-0.8396404981613159,0.5331418514251709,-0.10374784469604492,0.40342578291893008,0.7400644421577454,0.5381006598472595],"EasingStyle":"Linear","EasingDirection":"In"},"Head":{"Weight":1,"CFrame":[5.21540641784668e-8,4.563480615615845e-8,-5.960464477539063e-8,0.9707775712013245,-0.23481588065624238,0.04952193796634674,0.22528649866580964,0.9628203511238098,0.14907385408878327,-0.08268563449382782,-0.1335609257221222,0.9875852465629578],"EasingStyle":"Linear","EasingDirection":"In"},"Torso":{"Weight":1,"CFrame":[-0.04064458608627319,-0.6014408469200134,-0.1007227897644043,0.9783997535705566,0.2045288383960724,-0.03003152832388878,-0.20605379343032838,0.9532216191291809,-0.22115696966648103,-0.016606274992227556,0.22256803512573243,0.9747757315635681],"EasingStyle":"Linear","EasingDirection":"In"},"HumanoidRootPart":{"Weight":1,"CFrame":[0,0,0,1,0,0,0,1,0,0,0,1],"EasingStyle":"Linear","EasingDirection":"In"},"Right Leg":{"Weight":1,"CFrame":[0.45005327463150027,0.1964188814163208,-0.14578115940093995,0.9621363878250122,-0.22042466700077058,0.1603327989578247,0.2081293910741806,0.9739497900009155,0.09002282470464707,-0.17599929869174958,-0.05324428901076317,0.9829492568969727],"EasingStyle":"Linear","EasingDirection":"In"}}},{"Time":0.3333333432674408,"poses":{"Left Leg":{"Weight":1,"CFrame":[-0.3339334726333618,0.32014554738998415,0.15947246551513673,0.9669532775878906,0.1640550047159195,0.1951596587896347,-0.15455080568790437,0.9859693646430969,-0.06307554244995117,-0.20276933908462525,0.030829019844532014,0.9787411093711853],"EasingStyle":"Linear","EasingDirection":"In"},"Right Arm":{"Weight":1,"CFrame":[0.10233479738235474,0.059078872203826907,0.11923789978027344,0.5720011591911316,-0.6378089189529419,0.5157661437988281,0.8157321214675903,0.37639716267585757,-0.43921127915382388,0.08600002527236939,0.6719561219215393,0.7355806231498718],"EasingStyle":"Linear","EasingDirection":"In"},"Left Arm":{"Weight":1,"CFrame":[-0.08178488910198212,0.045661091804504397,0.2529400587081909,0.2433038353919983,0.5186876058578491,-0.8196136951446533,-0.8234961628913879,0.5569464564323425,0.10800381749868393,0.5125011205673218,0.6486709117889404,0.5626443028450012],"EasingStyle":"Linear","EasingDirection":"In"},"Head":{"Weight":1,"CFrame":[4.842877388000488e-8,2.7939677238464357e-8,1.1920928955078126e-7,0.9726737141609192,-0.2255270630121231,0.05516786873340607,0.21251241862773896,0.9604962468147278,0.17968164384365083,-0.09351160377264023,-0.16304774582386018,0.9821767210960388],"EasingStyle":"Linear","EasingDirection":"In"},"Torso":{"Weight":1,"CFrame":[-0.047048382461071017,-0.6487446427345276,-0.10226583480834961,0.97804856300354,0.204874649643898,-0.03804527968168259,-0.20741254091262818,0.9396088719367981,-0.27224111557006838,-0.02002761885523796,0.2741560637950897,0.961476743221283],"EasingStyle":"Linear","EasingDirection":"In"},"HumanoidRootPart":{"Weight":1,"CFrame":[0,0,0,1,0,0,0,1,0,0,0,1],"EasingStyle":"Linear","EasingDirection":"In"},"Right Leg":{"Weight":1,"CFrame":[0.29499441385269167,0.13391971588134767,-0.11509782075881958,0.8764097094535828,-0.45517459511756899,0.15723325312137605,0.4452175199985504,0.8902943134307861,0.0956946462392807,-0.18354156613349915,-0.013864735141396523,0.9829142093658447],"EasingStyle":"Linear","EasingDirection":"In"}}},{"Time":0.36666667461395266,"poses":{"Left Leg":{"Weight":1,"CFrame":[-0.34143728017807009,0.4044090509414673,0.16102802753448487,0.9629770517349243,0.19681309163570405,0.1842278689146042,-0.1881738156080246,0.9800850749015808,-0.06343530118465424,-0.19304391741752625,0.026419900357723237,0.9808343648910523],"EasingStyle":"Linear","EasingDirection":"In"},"Right Arm":{"Weight":1,"CFrame":[0.17895080149173737,0.04700583219528198,0.09203732013702393,0.5662257671356201,-0.8228554129600525,0.04793066531419754,0.7166635394096375,0.4627600908279419,-0.5217726230621338,0.4071630835533142,0.32979121804237368,0.8517370820045471],"EasingStyle":"Linear","EasingDirection":"In"},"Left Arm":{"Weight":1,"CFrame":[-0.1490798443555832,0.02175140380859375,0.20646178722381593,0.453315407037735,0.8081003427505493,-0.3761369585990906,-0.858536422252655,0.5092915892601013,0.05947543680667877,0.2396254688501358,0.29596614837646487,0.9246533513069153],"EasingStyle":"Linear","EasingDirection":"In"},"Head":{"Weight":1,"CFrame":[4.0978193283081057e-8,-5.21540641784668e-8,1.1920928955078126e-7,0.9780164957046509,-0.20345911383628846,0.04569702968001366,0.18969938158988954,0.9590814709663391,0.21018345654010774,-0.08659090846776962,-0.19689416885375977,0.9765934348106384],"EasingStyle":"Linear","EasingDirection":"In"},"Torso":{"Weight":1,"CFrame":[-0.04857063293457031,-0.6649153828620911,-0.14661097526550294,0.9801588654518127,0.19454064965248109,-0.03798113763332367,-0.19706004858016969,0.9357552528381348,-0.2924545109272003,-0.021353239193558694,0.2941364645957947,0.9555248618125916],"EasingStyle":"Linear","EasingDirection":"In"},"HumanoidRootPart":{"Weight":1,"CFrame":[0,0,0,1,0,0,0,1,0,0,0,1],"EasingStyle":"Linear","EasingDirection":"In"},"Right Leg":{"Weight":1,"CFrame":[0.3056286573410034,0.1762549877166748,-0.11805135011672974,0.859023928642273,-0.49078163504600527,0.14564138650894166,0.48172828555107119,0.8712132573127747,0.09447361528873444,-0.17325054109096528,-0.010995544493198395,0.9848163723945618],"EasingStyle":"Linear","EasingDirection":"In"}}},{"Time":0.4000000059604645,"poses":{"Left Leg":{"Weight":1,"CFrame":[-0.2612384557723999,0.29299747943878176,0.12520360946655274,0.9361101984977722,0.313823401927948,0.1587849259376526,-0.30893492698669436,0.9494777321815491,-0.0552394762635231,-0.16809824109077454,0.0026560563128441574,0.9857667088508606],"EasingStyle":"Linear","EasingDirection":"In"},"Right Arm":{"Weight":1,"CFrame":[0.3212375342845917,0.02458477020263672,0.06128895282745361,0.3242403566837311,-0.7304874658584595,-0.6010460257530212,0.614922285079956,0.6455762982368469,-0.45288166403770449,0.7188454270362854,-0.22275410592556,0.6585149765014648],"EasingStyle":"Linear","EasingDirection":"In"},"Left Arm":{"Weight":1,"CFrame":[-0.2740561366081238,-0.022651642560958864,0.1037454605102539,0.35145023465156557,0.7473964095115662,0.5638096928596497,-0.7820796370506287,0.5654178261756897,-0.26201945543289187,-0.5146205425262451,-0.34885740280151369,0.7832396626472473],"EasingStyle":"Linear","EasingDirection":"In"},"Head":{"Weight":1,"CFrame":[2.7939677238464357e-8,6.612390279769898e-8,1.1920928955078126e-7,0.9850239753723145,-0.17017340660095216,0.02772783301770687,0.15868140757083894,0.9576514959335327,0.24025790393352509,-0.06743908673524857,-0.2322598546743393,0.9703130722045898],"EasingStyle":"Linear","EasingDirection":"In"},"Torso":{"Weight":1,"CFrame":[-0.04778619483113289,-0.6721412539482117,-0.2377007007598877,0.9851565957069397,0.16838769614696504,-0.03334770351648331,-0.17054876685142518,0.9380931854248047,-0.3014868199825287,-0.019483430311083795,0.30269914865493777,0.9528869986534119],"EasingStyle":"Linear","EasingDirection":"In"},"HumanoidRootPart":{"Weight":1,"CFrame":[0,0,0,1,0,0,0,1,0,0,0,1],"EasingStyle":"Linear","EasingDirection":"In"},"Right Leg":{"Weight":1,"CFrame":[0.4034156799316406,0.332597553730011,-0.13667082786560059,0.9040839672088623,-0.4105241298675537,0.11875290423631668,0.4020015299320221,0.9112418293952942,0.08962789177894592,-0.1450069695711136,-0.03329234570264816,0.98887038230896],"EasingStyle":"Linear","EasingDirection":"In"}}},{"Time":0.4333333373069763,"poses":{"Left Leg":{"Weight":1,"CFrame":[-0.28513556718826296,0.40483105182647707,0.11719334125518799,0.9266889691352844,0.3560328781604767,0.12036698311567307,-0.3524788022041321,0.9344637989997864,-0.0503603033721447,-0.13040858507156373,0.004241522401571274,0.9914512634277344],"EasingStyle":"Linear","EasingDirection":"In"},"Right Arm":{"Weight":1,"CFrame":[0.39785391092300417,0.01251143217086792,0.027403831481933595,0.14450900256633759,-0.5537598133087158,-0.8200409412384033,0.5976016521453857,0.70937180519104,-0.3737165033817291,0.7886630892753601,-0.43605244159698489,0.43343842029571535],"EasingStyle":"Linear","EasingDirection":"In"},"Left Arm":{"Weight":1,"CFrame":[-0.3413512110710144,-0.046561360359191897,-0.00013148784637451172,0.11091203987598419,0.5555856823921204,0.824028491973877,-0.6731911897659302,0.6519529819488525,-0.34895721077919009,-0.7311034202575684,-0.5160252451896668,0.4463248550891876],"EasingStyle":"Linear","EasingDirection":"In"},"Head":{"Weight":1,"CFrame":[5.541369318962097e-8,-2.421438694000244e-7,-5.960464477539063e-8,0.9911405444145203,-0.13242702186107636,0.01018456555902958,0.12488231062889099,0.9552851915359497,0.26801976561546328,-0.045222241431474689,-0.26437336206436159,0.9633595943450928],"EasingStyle":"Linear","EasingDirection":"In"},"Torso":{"Weight":1,"CFrame":[-0.045322470366954806,-0.6942858099937439,-0.3386497497558594,0.990982711315155,0.13096757233142854,-0.028301090002059938,-0.13295167684555055,0.9348651170730591,-0.32916757464408877,-0.016652574762701989,0.3299620449542999,0.9438472986221314],"EasingStyle":"Linear","EasingDirection":"In"},"HumanoidRootPart":{"Weight":1,"CFrame":[0,0,0,1,0,0,0,1,0,0,0,1],"EasingStyle":"Linear","EasingDirection":"In"},"Right Leg":{"Weight":1,"CFrame":[0.4301665425300598,0.46529853343963625,-0.13416194915771485,0.9219424724578857,-0.37919098138809206,0.07897080481052399,0.37286001443862917,0.9240673184394836,0.08411329984664917,-0.1048692986369133,-0.048102572560310367,0.9933220744132996],"EasingStyle":"Linear","EasingDirection":"In"}}},{"Time":0.46666666865348818,"poses":{"Left Leg":{"Weight":1,"CFrame":[-0.26106297969818118,0.4767705202102661,0.09940814971923828,0.8918031454086304,0.44629591703414919,0.07421129941940308,-0.44393807649612429,0.8948438763618469,-0.046621400862932208,-0.08721452206373215,0.008631897158920765,0.9961522221565247],"EasingStyle":"Linear","EasingDirection":"In"},"Right Arm":{"Weight":1,"CFrame":[0.3859034478664398,0.03994739055633545,-0.0058779120445251469,0.2941114604473114,-0.7022655010223389,-0.6483221054077148,0.615005612373352,0.6582944393157959,-0.4340699315071106,0.7316191792488098,-0.2710568308830261,0.6255091428756714],"EasingStyle":"Linear","EasingDirection":"In"},"Left Arm":{"Weight":1,"CFrame":[-0.33226898312568667,-0.01219397783279419,-0.06267344951629639,0.2415478378534317,0.702978789806366,0.668936014175415,-0.6709948778152466,0.6189854145050049,-0.4081948399543762,-0.7010139226913452,-0.350254088640213,0.6212098598480225],"EasingStyle":"Linear","EasingDirection":"In"},"Head":{"Weight":1,"CFrame":[5.587935447692871e-8,-6.938353180885315e-8,0,0.9953104853630066,-0.09673105925321579,-0.00048739888006821275,0.09268586337566376,0.9522212743759155,0.29100510478019717,-0.027685118839144708,-0.28968554735183718,0.9567214250564575],"EasingStyle":"Linear","EasingDirection":"In"},"Torso":{"Weight":1,"CFrame":[-0.03942171111702919,-0.7439864873886108,-0.4188871383666992,0.9958512783050537,0.08783873915672302,-0.023760350421071054,-0.09011762589216232,0.9158429503440857,-0.391293466091156,-0.01260997261852026,0.3918113112449646,0.9199591875076294],"EasingStyle":"Linear","EasingDirection":"In"},"HumanoidRootPart":{"Weight":1,"CFrame":[0,0,0,1,0,0,0,1,0,0,0,1],"EasingStyle":"Linear","EasingDirection":"In"},"Right Leg":{"Weight":1,"CFrame":[0.38591915369033816,0.5546654462814331,-0.11776137351989746,0.908633291721344,-0.41647210717201235,0.03060278668999672,0.4132241904735565,0.9072806239128113,0.07802239805459976,-0.06025940179824829,-0.058247946202754977,0.9964818358421326],"EasingStyle":"Linear","EasingDirection":"In"}}},{"Time":0.5,"poses":{"Left Leg":{"Weight":1,"CFrame":[-0.23154646158218385,0.4974915385246277,0.08100402355194092,0.848644495010376,0.5280196666717529,0.031588587909936908,-0.526838481426239,0.849074125289917,-0.03891621530056,-0.04736962169408798,0.01638394594192505,0.9987430572509766],"EasingStyle":"Linear","EasingDirection":"In"},"Right Arm":{"Weight":1,"CFrame":[0.37395307421684267,0.07732522487640381,-0.021501600742340089,0.5621141791343689,-0.8269417881965637,-0.01396227814257145,0.7120416164398193,0.49246111512184145,-0.5004787445068359,0.4207426905632019,0.27138441801071169,0.8656362295150757],"EasingStyle":"Linear","EasingDirection":"In"},"Left Arm":{"Weight":1,"CFrame":[-0.30493059754371645,0.06346344947814942,-0.09171462059020996,0.4844358563423157,0.8634762763977051,0.14046643674373628,-0.7076261639595032,0.48117318749427798,-0.5174337029457092,-0.5143805146217346,0.15126562118530274,0.8441157937049866],"EasingStyle":"Linear","EasingDirection":"In"},"Head":{"Weight":1,"CFrame":[4.6566128730773929e-8,-1.5064142644405366e-7,-2.980232238769531e-7,0.9978389739990234,-0.06544813513755799,-0.005834142677485943,0.06408237665891648,0.9496880769729614,0.3065716624259949,-0.014523928984999657,-0.30628302693367007,0.951829731464386],"EasingStyle":"Linear","EasingDirection":"In"},"Torso":{"Weight":1,"CFrame":[-0.03145264834165573,-0.7901992797851563,-0.46070384979248049,0.9987613558769226,0.04689359292387962,-0.016634231433272363,-0.04936642199754715,0.8921371102333069,-0.44905945658683779,-0.006217993795871735,0.4493243992328644,0.8933470249176025],"EasingStyle":"Linear","EasingDirection":"In"},"HumanoidRootPart":{"Weight":1,"CFrame":[0,0,0,1,0,0,0,1,0,0,0,1],"EasingStyle":"Linear","EasingDirection":"In"},"Right Leg":{"Weight":1,"CFrame":[0.3281921148300171,0.5906978845596314,-0.09842801094055176,0.885431706905365,-0.46455562114715578,-0.01410270482301712,0.46438124775886538,0.8830442428588867,0.0676971897482872,-0.018995726481080056,-0.06649032235145569,0.9976062774658203],"EasingStyle":"Linear","EasingDirection":"In"}}},{"Time":0.5333333611488342,"poses":{"Left Leg":{"Weight":1,"CFrame":[-0.20812493562698365,0.41475909948349,0.06326234340667725,0.8046042919158936,0.5937963724136353,0.00422554649412632,-0.5935315489768982,0.8044231534004211,-0.024974750354886056,-0.018229087814688684,0.01758682169020176,0.9996792078018189],"EasingStyle":"Linear","EasingDirection":"In"},"Right Arm":{"Weight":1,"CFrame":[0.37415826320648196,0.09265303611755371,-0.019951820373535157,0.5218194127082825,-0.5676864981651306,0.6367390751838684,0.8524870276451111,0.3197660446166992,-0.41354045271873476,0.031153863295912744,0.7586051821708679,0.6508054733276367],"EasingStyle":"Linear","EasingDirection":"In"},"Left Arm":{"Weight":1,"CFrame":[-0.2653293311595917,0.1392025351524353,-0.10485786199569702,0.5555600523948669,0.7018712162971497,-0.4457913637161255,-0.7984167337417603,0.3006376028060913,-0.5216779708862305,-0.23212911188602448,0.6457505822181702,0.7274078726768494],"EasingStyle":"Linear","EasingDirection":"In"},"Head":{"Weight":1,"CFrame":[5.029141902923584e-8,-9.19681042432785e-8,0,0.9991705417633057,-0.039615876972675326,-0.009425065480172634,0.040577229112386706,0.9491205215454102,0.3122882544994354,-0.003426047507673502,-0.3124116361141205,0.9499406814575195],"EasingStyle":"Linear","EasingDirection":"In"},"Torso":{"Weight":1,"CFrame":[-0.029213866218924524,-0.8097863793373108,-0.4124898910522461,0.9998630285263062,0.014906734228134156,-0.0071907383389770988,-0.016534488648176194,0.8806152939796448,-0.4735434353351593,-0.0007267129840329289,0.4735974073410034,0.8807412385940552],"EasingStyle":"Linear","EasingDirection":"In"},"HumanoidRootPart":{"Weight":1,"CFrame":[0,0,0,1,0,0,0,1,0,0,0,1],"EasingStyle":"Linear","EasingDirection":"In"},"Right Leg":{"Weight":1,"CFrame":[0.29953640699386599,0.5253705978393555,-0.07638835906982422,0.8663021326065064,-0.4977800250053406,-0.04166344553232193,0.49940332770347597,0.8648877143859863,0.05065096169710159,0.010821233503520489,-0.06468591839075089,0.9978470206260681],"EasingStyle":"Linear","EasingDirection":"In"}}},{"Time":0.5666666626930237,"poses":{"Left Leg":{"Weight":1,"CFrame":[-0.13271702826023103,0.1943434476852417,0.03284811973571777,0.7115923166275024,0.7009940147399902,-0.0473683662712574,-0.6997761726379395,0.7131578922271729,0.041462525725364688,0.06284605711698532,0.0036428221501410009,0.9980165958404541],"EasingStyle":"Linear","EasingDirection":"In"},"Right Arm":{"Weight":1,"CFrame":[0.37559476494789126,0.10052406787872315,-0.00910341739654541,0.36167556047439577,-0.4170331358909607,0.8338310718536377,0.9308357238769531,0.21170520782470704,-0.29786890745162966,-0.05230509862303734,0.8838915824890137,0.46475785970687868],"EasingStyle":"Linear","EasingDirection":"In"},"Left Arm":{"Weight":1,"CFrame":[-0.24398405849933625,0.17365139722824098,-0.10845309495925904,0.49198049306869509,0.5755883455276489,-0.6531872153282166,-0.8600496053695679,0.20483778417110444,-0.467286080121994,-0.13516691327095033,0.7916688919067383,0.59581059217453],"EasingStyle":"Linear","EasingDirection":"In"},"Head":{"Weight":1,"CFrame":[4.6100467443466189e-8,1.5486148186028005e-7,3.5762786865234377e-7,0.9997004866600037,-0.020336510613560678,-0.013615215197205544,0.023316890001296998,0.9604564309120178,0.277452290058136,0.007434407714754343,-0.2776866555213928,0.9606429934501648],"EasingStyle":"Linear","EasingDirection":"In"},"Torso":{"Weight":1,"CFrame":[-0.0336577370762825,-0.8148507475852966,-0.2869563102722168,0.9999709725379944,-0.007384139578789473,0.0018734680488705636,0.007377396337687969,0.8773065209388733,-0.47987374663352969,0.0018998491577804089,0.4798736572265625,0.8773355484008789],"EasingStyle":"Linear","EasingDirection":"In"},"HumanoidRootPart":{"Weight":1,"CFrame":[0,0,0,1,0,0,0,1,0,0,0,1],"EasingStyle":"Linear","EasingDirection":"In"},"Right Leg":{"Weight":1,"CFrame":[0.2803768813610077,0.39674127101898196,-0.11305487155914307,0.8456217050552368,-0.5332543253898621,-0.023746801540255548,0.5311360955238342,0.8361710906028748,0.13679330050945283,-0.05308917164802551,-0.12828820943832398,0.9903149604797363],"EasingStyle":"Linear","EasingDirection":"In"}}},{"Time":0.6000000238418579,"poses":{"Left Leg":{"Weight":1,"CFrame":[-0.003085806965827942,0.018394529819488527,0.04317879676818848,0.6289421916007996,0.7737470269203186,-0.07581078261137009,-0.7614591121673584,0.6327454447746277,0.1407599151134491,0.1568814069032669,-0.03080303594470024,0.9871370196342468],"EasingStyle":"Linear","EasingDirection":"In"},"Right Arm":{"Weight":1,"CFrame":[0.3794941306114197,0.10342341661453247,0.020342350006103517,0.051033712923526767,-0.8552928566932678,0.5156256556510925,0.9675567150115967,-0.08557988703250885,-0.23771882057189942,0.2474464625120163,0.5110285878181458,0.8231766819953919],"EasingStyle":"Linear","EasingDirection":"In"},"Left Arm":{"Weight":1,"CFrame":[-0.27182164788246157,0.13037461042404176,-0.07557559013366699,0.18554215133190156,0.9174051880836487,-0.3520541191101074,-0.94434654712677,0.0674365907907486,-0.32196569442749026,-0.2716315686702728,0.39219921827316286,0.8788606524467468],"EasingStyle":"Linear","EasingDirection":"In"},"Head":{"Weight":1,"CFrame":[4.842877388000488e-8,4.1618477553129199e-8,-2.980232238769531e-7,0.9998015761375427,-0.00893385335803032,-0.017808182165026666,0.012039121240377427,0.9830910563468933,0.18272149562835694,0.015874655917286874,-0.18289963901042939,0.9830034971237183],"EasingStyle":"Linear","EasingDirection":"In"},"Torso":{"Weight":1,"CFrame":[-0.04007295146584511,-0.8177964091300964,-0.16034913063049317,0.9997543692588806,-0.02047852799296379,0.008473487570881844,0.022022267803549768,0.8750365376472473,-0.4835558533668518,0.0024879020638763906,0.4836236834526062,0.8752726316452026],"EasingStyle":"Linear","EasingDirection":"In"},"HumanoidRootPart":{"Weight":1,"CFrame":[0,0,0,1,0,0,0,1,0,0,0,1],"EasingStyle":"Linear","EasingDirection":"In"},"Right Leg":{"Weight":1,"CFrame":[0.1211031898856163,0.16760039329528809,-0.10791170597076416,0.7786861062049866,-0.6273528933525086,-0.00873594544827938,0.6051732897758484,0.7473362684249878,0.2743243873119354,-0.16556940972805024,-0.21889936923980714,0.9615975618362427],"EasingStyle":"Linear","EasingDirection":"In"}}},{"Time":0.6333333253860474,"poses":{"Left Leg":{"Weight":1,"CFrame":[0.08187632262706757,-0.0069893598556518559,0.046016812324523929,0.6754258275032044,0.7313404083251953,0.09455742686986923,-0.7374231815338135,0.6693837642669678,0.09018000215291977,0.002657028380781412,-0.1306387335062027,0.9914265275001526],"EasingStyle":"Linear","EasingDirection":"In"},"Right Arm":{"Weight":1,"CFrame":[0.3870873749256134,0.10383802652359009,0.07768440246582031,-0.4130755066871643,-0.7556467652320862,-0.5082976818084717,0.9058733582496643,-0.2835630774497986,-0.31461969017982485,0.0936068519949913,-0.5904150605201721,0.801653265953064],"EasingStyle":"Linear","EasingDirection":"In"},"Left Arm":{"Weight":1,"