{"Sequence":[{"Time":0,"poses":{"Left Leg":{"Weight":1,"CFrame":[-0.25939348340034487,-0.011799812316894532,0.03312528133392334,0.9040014743804932,-0.4117286801338196,0.11515582352876663,0.39402589201927187,0.906891405582428,0.14930342137813569,-0.16590635478496552,-0.08959616720676422,0.9820629358291626],"EasingStyle":"Linear","EasingDirection":"In"},"Right Arm":{"Weight":1,"CFrame":[-0.3138260245323181,-0.827620804309845,0.25377631187438967,0.6986735463142395,-0.691310703754425,-0.18424074351787568,-0.014807297848165036,-0.27143800258636477,0.9623420238494873,-0.7152873277664185,-0.6696349382400513,-0.19988299906253816],"EasingStyle":"Linear","EasingDirection":"In"},"Left Arm":{"Weight":1,"CFrame":[0.34800270199775698,-0.7816524505615234,0.22891700267791749,0.7755019068717957,0.6226235628128052,0.10457855463027954,0.12151604890823364,-0.3097470998764038,0.9430220127105713,0.6195406317710877,-0.7186074256896973,-0.3158682882785797],"EasingStyle":"Linear","EasingDirection":"In"},"Head":{"Weight":1,"CFrame":[1.2944656191393734e-7,-1.816079020500183e-8,-5.960464477539063e-8,0.9987695813179016,0.008116125129163266,-0.048922620713710788,-0.0017278435407206417,0.99161297082901,0.12923139333724976,0.04956115782260895,-0.12898777425289155,0.99040687084198],"EasingStyle":"Linear","EasingDirection":"In"},"Torso":{"Weight":1,"CFrame":[-0.05204981565475464,0.16585391759872437,-0.10233354568481446,0.9977904558181763,0.01345587708055973,-0.06506235152482987,0.00032574258511886,0.9782736897468567,0.20731738209724427,0.06643841415643692,-0.20688050985336305,0.9761077761650086],"EasingStyle":"Linear","EasingDirection":"In"},"HumanoidRootPart":{"Weight":0,"CFrame":[0,0,0,1,0,0,0,1,0,0,0,1],"EasingStyle":"Linear","EasingDirection":"In"},"Right Leg":{"Weight":1,"CFrame":[0.3577934503555298,0.08982300758361817,0.06930005550384522,0.8577591180801392,0.4785044193267822,-0.18783701956272126,-0.41094154119491579,0.8578162789344788,0.3086716830730438,0.30883049964904787,-0.18757601082324983,0.9324371814727783],"EasingStyle":"Linear","EasingDirection":"In"}}},{"Time":0.03333333507180214,"poses":{"Left Leg":{"Weight":1,"CFrame":[-0.29645490646362307,-0.012749075889587403,0.027104735374450685,0.9126579761505127,-0.39902305603027346,0.08852117508649826,0.3860754668712616,0.912717878818512,0.133760005235672,-0.13416822254657746,-0.08790126442909241,0.987052321434021],"EasingStyle":"Linear","EasingDirection":"In"},"Right Arm":{"Weight":1,"CFrame":[-0.3141315281391144,-0.8012559413909912,0.2508763074874878,0.7057527899742127,-0.7022461295127869,-0.09361201524734497,-0.0018693841993808747,-0.13398048281669618,0.9909822344779968,-0.7084556818008423,-0.6992135643959045,-0.09586979448795319],"EasingStyle":"Linear","EasingDirection":"In"},"Left Arm":{"Weight":1,"CFrame":[0.29569998383522036,-0.7844936847686768,0.24358487129211427,0.7969709634780884,0.6039254665374756,0.010558448731899262,0.13641378283500672,-0.19699247181415559,0.9708682894706726,0.5884119272232056,-0.7723134160041809,-0.23938092589378358],"EasingStyle":"Linear","EasingDirection":"In"},"Head":{"Weight":1,"CFrame":[1.0151416063308716e-7,3.632158041000366e-8,1.1920928955078126e-7,0.99679034948349,0.011640604585409165,-0.07920514792203903,0.0018308759899809957,0.9857985973358154,0.1679220348596573,0.08003506064414978,-0.16752807796001435,0.982613205909729],"EasingStyle":"Linear","EasingDirection":"In"},"Torso":{"Weight":1,"CFrame":[-0.07914210855960846,0.15601122379302979,-0.11714577674865723,0.9963361024856567,-0.016057398170232774,-0.08400330692529679,0.032240547239780429,0.9802703857421875,0.195014089345932,0.07921452820301056,-0.19700787961483003,0.977196455001831],"EasingStyle":"Linear","EasingDirection":"In"},"HumanoidRootPart":{"Weight":0,"CFrame":[0,0,0,1,0,0,0,1,0,0,0,1],"EasingStyle":"Linear","EasingDirection":"In"},"Right Leg":{"Weight":1,"CFrame":[0.3790464401245117,0.10576891899108887,0.08599650859832764,0.8372167348861694,0.5014356374740601,-0.21824395656585694,-0.4223179817199707,0.84636390209198,0.32452383637428286,0.3474416434764862,-0.17952848970890046,0.9203552603721619],"EasingStyle":"Linear","EasingDirection":"In"}}},{"Time":0.06666667014360428,"poses":{"Left Leg":{"Weight":1,"CFrame":[-0.3668166399002075,0.0023707151412963869,0.024285316467285157,0.9188293814659119,-0.38798025250434878,0.07227667421102524,0.3774504065513611,0.9173951745033264,0.12616345286369325,-0.11525522917509079,-0.08864180743694306,0.989372968673706],"EasingStyle":"Linear","EasingDirection":"In"},"Right Arm":{"Weight":1,"CFrame":[-0.3162694275379181,-0.7852646112442017,0.24113857746124268,0.7387539744377136,-0.6736293435096741,0.021589070558547975,-0.01848224550485611,0.011772130616009236,0.9997599124908447,-0.6737217307090759,-0.7389755845069885,-0.0037534059956669809],"EasingStyle":"Linear","EasingDirection":"In"},"Left Arm":{"Weight":1,"CFrame":[0.23731593787670136,-0.7943827509880066,0.27856194972991946,0.8030207753181458,0.5905503630638123,-0.08004892617464066,0.13823790848255158,-0.053924668580293658,0.9889299273490906,0.5796963572502136,-0.8051971197128296,-0.12493901699781418],"EasingStyle":"Linear","EasingDirection":"In"},"Head":{"Weight":1,"CFrame":[1.1734664440155029e-7,-6.798654794692993e-8,1.1920928955078126e-7,0.9936311841011047,0.016570236533880235,-0.11145622283220291,0.006889872252941132,0.9783433675765991,0.20687371492385865,0.11247037351131439,-0.20632410049438477,0.9719983339309692],"EasingStyle":"Linear","EasingDirection":"In"},"Torso":{"Weight":1,"CFrame":[-0.10186104476451874,0.131869375705719,-0.14516997337341309,0.994091808795929,-0.04809104651212692,-0.09730754792690277,0.06375052779912949,0.9842584729194641,0.16483674943447114,0.08784860372543335,-0.17006626725196839,0.9815090894699097],"EasingStyle":"Linear","EasingDirection":"In"},"HumanoidRootPart":{"Weight":0,"CFrame":[0,0,0,1,0,0,0,1,0,0,0,1],"EasingStyle":"Linear","EasingDirection":"In"},"Right Leg":{"Weight":1,"CFrame":[0.40242090821266177,0.13774126768112184,0.11465632915496826,0.8133205771446228,0.5140503644943237,-0.27251020073890688,-0.4210788607597351,0.8432869911193848,0.3340053856372833,0.4014999568462372,-0.15690523386001588,0.9023184776306152],"EasingStyle":"Linear","EasingDirection":"In"}}},{"Time":0.10000000149011612,"poses":{"Left Leg":{"Weight":1,"CFrame":[-0.46134960651397707,0.043124616146087649,0.025989055633544923,0.920595645904541,-0.38376832008361819,0.0722878947854042,0.3731720447540283,0.9190584421157837,0.12678386270999909,-0.11509248614311218,-0.08974085748195648,0.9892928600311279],"EasingStyle":"Linear","EasingDirection":"In"},"Right Arm":{"Weight":1,"CFrame":[-0.32207247614860537,-0.777052640914917,0.22300732135772706,0.7757681608200073,-0.617112398147583,0.1317417472600937,-0.05584358423948288,0.1408166140317917,0.9884594678878784,-0.6285421252250671,-0.7741724252700806,0.07477933168411255],"EasingStyle":"Linear","EasingDirection":"In"},"Left Arm":{"Weight":1,"CFrame":[0.18302111327648164,-0.8133677244186401,0.3203088045120239,0.801505982875824,0.5768393278121948,-0.15762139856815339,0.13040901720523835,0.08863119781017304,0.987490713596344,0.5835937857627869,-0.8120350241661072,-0.004186522681266069],"EasingStyle":"Linear","EasingDirection":"In"},"Head":{"Weight":1,"CFrame":[6.51925802230835e-8,-4.284083843231201e-8,-2.980232238769531e-7,0.990345299243927,0.02126297354698181,-0.13698187470436097,0.01189023070037365,0.9714945554733276,0.23676344752311707,0.1381113976240158,-0.23610630631446839,0.9618622660636902],"EasingStyle":"Linear","EasingDirection":"In"},"Torso":{"Weight":1,"CFrame":[-0.11952328681945801,0.09907132387161255,-0.19624948501586915,0.9912266731262207,-0.08025258779525757,-0.10501980781555176,0.09310591965913773,0.9879246950149536,0.12383914738893509,0.09381324797868729,-0.13253062963485719,0.9867293238639832],"EasingStyle":"Linear","EasingDirection":"In"},"HumanoidRootPart":{"Weight":0,"CFrame":[0,0,0,1,0,0,0,1,0,0,0,1],"EasingStyle":"Linear","EasingDirection":"In"},"Right Leg":{"Weight":1,"CFrame":[0.4232185482978821,0.1937946081161499,0.15992259979248048,0.7768614888191223,0.5210105180740356,-0.35360175371170046,-0.41310372948646548,0.8455343246459961,0.3382558822631836,0.47521740198135378,-0.11670383810997009,0.872094452381134],"EasingStyle":"Linear","EasingDirection":"In"}}},{"Time":0.13333334028720857,"poses":{"Left Leg":{"Weight":1,"CFrame":[-0.5531861186027527,0.11160898208618164,0.03006267547607422,0.9213574528694153,-0.3797277510166168,0.0831102579832077,0.3674713373184204,0.9205761551856995,0.1323036402463913,-0.12674875557422639,-0.09135831147432327,0.9877188205718994],"EasingStyle":"Linear","EasingDirection":"In"},"Right Arm":{"Weight":1,"CFrame":[-0.3333733081817627,-0.7740272283554077,0.19492685794830323,0.8016570806503296,-0.5589033365249634,0.21206863224506379,-0.0958443135023117,0.22999630868434907,0.9684603810310364,-0.5900506973266602,-0.7966986894607544,0.13081064820289613],"EasingStyle":"Linear","EasingDirection":"In"},"Left Arm":{"Weight":1,"CFrame":[0.1429860144853592,-0.8434976935386658,0.35528600215911868,0.7978647351264954,0.5644726157188416,-0.2116188108921051,0.1189684271812439,0.19669818878173829,0.9732195138931274,0.5909808278083801,-0.8016735911369324,0.08978423476219177],"EasingStyle":"Linear","EasingDirection":"In"},"Head":{"Weight":1,"CFrame":[6.891787052154541e-8,-5.587935447692871e-9,-1.7881393432617188e-7,0.9888097047805786,0.02317497506737709,-0.14737145602703095,0.014362688176333905,0.9684823751449585,0.24866774678230287,0.14848949015140534,-0.24800172448158265,0.9573118686676025],"EasingStyle":"Linear","EasingDirection":"In"},"Torso":{"Weight":1,"CFrame":[-0.1319289207458496,0.063412144780159,-0.2674098014831543,0.9880884885787964,-0.10983002185821533,-0.10778899490833283,0.11866335570812226,0.9897656440734863,0.07926519215106964,0.09798014909029007,-0.09111163020133972,0.9910088777542114],"EasingStyle":"Linear","EasingDirection":"In"},"HumanoidRootPart":{"Weight":0,"CFrame":[0,0,0,1,0,0,0,1,0,0,0,1],"EasingStyle":"Linear","EasingDirection":"In"},"Right Leg":{"Weight":1,"CFrame":[0.43295884132385256,0.2703390121459961,0.21215546131134034,0.7315314412117004,0.5195918679237366,-0.4414590001106262,-0.40293875336647036,0.8517788648605347,0.3348327577114105,0.5500019192695618,-0.06705981492996216,0.8324667811393738],"EasingStyle":"Linear","EasingDirection":"In"}}},{"Time":0.1666666716337204,"poses":{"Left Leg":{"Weight":1,"CFrame":[-0.5801420211791992,0.16809147596359254,0.03428030014038086,0.9320480823516846,-0.3488105237483978,0.09806940704584122,0.33502572774887087,0.9327184557914734,0.1333940327167511,-0.13800048828125,-0.09147389978170395,0.9861989617347717],"EasingStyle":"Linear","EasingDirection":"In"},"Right Arm":{"Weight":1,"CFrame":[-0.35200434923171999,-0.7735952138900757,0.15534043312072755,0.8100084066390991,-0.5331722497940064,0.2441594898700714,-0.11548355966806412,0.26317232847213747,0.9578120112419128,-0.574934720993042,-0.8040321469306946,0.15159927308559419],"EasingStyle":"Linear","EasingDirection":"In"},"Left Arm":{"Weight":1,"CFrame":[0.1273808777332306,-0.8868203163146973,0.36995387077331545,0.7959095239639282,0.5592415928840637,-0.23189868032932282,0.11292760074138642,0.23918035626411439,0.9643858671188355,0.5947902202606201,-0.79375159740448,0.12721218168735505],"EasingStyle":"Linear","EasingDirection":"In"},"Head":{"Weight":1,"CFrame":[9.778887033462525e-8,-7.450580596923828e-9,-2.980232238769531e-7,0.9893838167190552,0.021323004737496377,-0.14375324547290803,0.013681801036000252,0.9711169004440308,0.23821167647838593,0.14468060433864594,-0.23764951527118684,0.9605156183242798],"EasingStyle":"Linear","EasingDirection":"In"},"Torso":{"Weight":1,"CFrame":[-0.1394251137971878,0.03079322725534439,-0.3050804138183594,0.9851848483085632,-0.13406327366828919,-0.10694786161184311,0.1388380527496338,0.9895667433738709,0.03849153220653534,0.10067174583673477,-0.05276970565319061,0.9935193061828613],"EasingStyle":"Linear","EasingDirection":"In"},"HumanoidRootPart":{"Weight":0,"CFrame":[0,0,0,1,0,0,0,1,0,0,0,1],"EasingStyle":"Linear","EasingDirection":"In"},"Right Leg":{"Weight":1,"CFrame":[0.3970322906970978,0.3265721797943115,0.250174880027771,0.6985667943954468,0.49311238527297976,-0.5185021758079529,-0.37690621614456179,0.8695301413536072,0.3191536068916321,0.6082319617271423,-0.027523471042513849,0.7932820916175842],"EasingStyle":"Linear","EasingDirection":"In"}}},{"Time":0.20000000298023225,"poses":{"Left Leg":{"Weight":1,"CFrame":[-0.5469918847084045,0.18072211742401124,0.0377659797668457,0.9482697248458862,-0.2976895570755005,0.11029703915119171,0.2835288941860199,0.9504371881484985,0.12759508192539216,-0.14281421899795533,-0.08972210437059403,0.9856744408607483],"EasingStyle":"Linear","EasingDirection":"In"},"Right Arm":{"Weight":1,"CFrame":[-0.3976893424987793,-0.785891056060791,0.1049962043762207,0.8057566285133362,-0.5424616932868958,0.2376798689365387,-0.11480425298213959,0.2506442964076996,0.9612478017807007,-0.5810131430625916,-0.8018183708190918,0.13968145847320558],"EasingStyle":"Linear","EasingDirection":"In"},"Left Arm":{"Weight":1,"CFrame":[0.16383318603038789,-0.9427180290222168,0.31012415885925295,0.8029325604438782,0.5576969981193543,-0.21041257679462434,0.09655287861824036,0.22664983570575715,0.9691787362098694,0.5881980061531067,-0.7985010147094727,0.12813729047775269],"EasingStyle":"Linear","EasingDirection":"In"},"Head":{"Weight":1,"CFrame":[7.683411240577698e-8,1.862645149230957e-9,1.1920928955078126e-7,0.990926206111908,0.017045611515641214,-0.13332179188728333,0.0115079740062356,0.977523148059845,0.21051369607448579,0.13391348719596864,-0.2101377695798874,0.9684571623802185],"EasingStyle":"Linear","EasingDirection":"In"},"Torso":{"Weight":1,"CFrame":[-0.1425030529499054,0.007092328742146492,-0.28900766372680666,0.9831449389457703,-0.15035966038703919,-0.10400934517383576,0.15209007263183595,0.988326907157898,0.008865399286150933,0.1014622300863266,-0.024534760043025018,0.994536817073822],"EasingStyle":"Linear","EasingDirection":"In"},"HumanoidRootPart":{"Weight":0,"CFrame":[0,0,0,1,0,0,0,1,0,0,0,1],"EasingStyle":"Linear","EasingDirection":"In"},"Right Leg":{"Weight":1,"CFrame":[0.33191829919815066,0.3346502184867859,0.2650822401046753,0.6856308579444885,0.45078474283218386,-0.5715797543525696,-0.3403134346008301,0.892594575881958,0.29573917388916018,0.643503725528717,-0.008251671679317952,0.7653985619544983],"EasingStyle":"Linear","EasingDirection":"In"}}},{"Time":0.23333333432674409,"poses":{"Left Leg":{"Weight":1,"CFrame":[-0.4968762695789337,0.16435760259628297,0.03743851184844971,0.9598490595817566,-0.25592198967933657,0.11486399173736572,0.24179010093212129,0.9624014496803284,0.12377805262804032,-0.14222286641597749,-0.09103529155254364,0.9856395125389099],"EasingStyle":"Linear","EasingDirection":"In"},"Right Arm":{"Weight":1,"CFrame":[-0.46841707825660708,-0.818170964717865,0.05385291576385498,0.7963664531707764,-0.5666260719299316,0.21150758862495423,-0.11339347809553147,0.20362602174282075,0.9724599123001099,-0.5940895676612854,-0.7984179854393005,0.09790928661823273],"EasingStyle":"Linear","EasingDirection":"In"},"Left Arm":{"Weight":1,"CFrame":[0.24651426076889039,-0.9999125003814697,0.17849862575531007,0.8138090968132019,0.5604999661445618,-0.15347523987293244,0.05871392786502838,0.18344250321388246,0.9812754392623901,0.5781586170196533,-0.8075819611549377,0.11637809127569199],"EasingStyle":"Linear","EasingDirection":"In"},"Head":{"Weight":1,"CFrame":[1.0087387636303902e-7,-4.656612873077393e-10,-5.960464477539063e-7,0.9930896759033203,0.011339918710291386,-0.1168089210987091,0.008860657922923565,0.985234797000885,0.17097929120063783,0.11702309548854828,-0.1708327680826187,0.9783260226249695],"EasingStyle":"Linear","EasingDirection":"In"},"Torso":{"Weight":1,"CFrame":[-0.14106367528438569,-0.001882969867438078,-0.25069546699523928,0.9826545119285584,-0.15633435547351838,-0.09974835067987442,0.15688449144363404,0.9876141548156738,-0.002353726187720895,0.09888084977865219,-0.013336067087948323,0.9950098991394043],"EasingStyle":"Linear","EasingDirection":"In"},"HumanoidRootPart":{"Weight":0,"CFrame":[0,0,0,1,0,0,0,1,0,0,0,1],"EasingStyle":"Linear","EasingDirection":"In"},"Right Leg":{"Weight":1,"CFrame":[0.28063681721687319,0.31078052520751955,0.2598600387573242,0.6893901824951172,0.4184885323047638,-0.5912770628929138,-0.3124585747718811,0.9081932306289673,0.2784862816333771,0.6535371541976929,-0.007236195262521505,0.7568598389625549],"EasingStyle":"Linear","EasingDirection":"In"}}},{"Time":0.2666666805744171,"poses":{"Left Leg":{"Weight":1,"CFrame":[-0.43526577949523928,0.13128024339675904,0.03443336486816406,0.9663580656051636,-0.22986435890197755,0.11538819223642349,0.2152862250804901,0.9683744311332703,0.12610605359077454,-0.1407262533903122,-0.09702208638191223,0.9852831363677979],"EasingStyle":"Linear","EasingDirection":"In"},"Right Arm":{"Weight":1,"CFrame":[-0.5334180593490601,-0.8635193705558777,0.014174342155456543,0.7818216681480408,-0.6024354696273804,0.1607060581445694,-0.11889930814504624,0.10896472632884979,0.9869091510772705,-0.6120603680610657,-0.7906947731971741,0.013561902567744255],"EasingStyle":"Linear","EasingDirection":"In"},"Left Arm":{"Weight":1,"CFrame":[0.33541053533554079,-1.0444552898406983,0.04687321186065674,0.813834547996521,0.5766429305076599,-0.07180766761302948,0.017317121848464013,0.09945058822631836,0.9948917627334595,0.5808385610580444,-0.810920774936676,0.07095064967870712],"EasingStyle":"Linear","EasingDirection":"In"},"Head":{"Weight":1,"CFrame":[9.860377758741379e-8,-5.587935447692871e-9,1.1920928955078126e-7,0.9954620599746704,0.0052117472514510159,-0.09501674771308899,0.006758520379662514,0.9921053647994995,0.12522467970848084,0.09491926431655884,-0.12529857456684113,0.9875680208206177],"EasingStyle":"Linear","EasingDirection":"In"},"Torso":{"Weight":1,"CFrame":[-0.13600189983844758,0.005488144233822823,-0.201430082321167,0.9837127327919006,-0.15313374996185304,-0.0941239669919014,0.1544538289308548,0.9879761934280396,0.006860166788101196,0.0919417142868042,-0.021286237984895707,0.9955368638038635],"EasingStyle":"Linear","EasingDirection":"In"},"HumanoidRootPart":{"Weight":0,"CFrame":[0,0,0,1,0,0,0,1,0,0,0,1],"EasingStyle":"Linear","EasingDirection":"In"},"Right Leg":{"Weight":1,"CFrame":[0.24015787243843079,0.267026424407959,0.24018752574920655,0.7035892605781555,0.40040433406829836,-0.5870593190193176,-0.2953352928161621,0.916176438331604,0.27092021703720095,0.6463274955749512,-0.017237244173884393,0.7628653645515442],"EasingStyle":"Linear","EasingDirection":"In"}}},{"Time":0.30000001192092898,"poses":{"Left Leg":{"Weight":1,"CFrame":[-0.36767861247062685,0.09681260585784912,0.02896714210510254,0.969601571559906,-0.21730978786945344,0.11246870458126068,0.20165970921516419,0.9700087308883667,0.13570715487003327,-0.13858617842197419,-0.1089015007019043,0.9843446612358093],"EasingStyle":"Linear","EasingDirection":"In"},"Right Arm":{"Weight":1,"CFrame":[-0.5619227290153503,-0.9150240421295166,-0.0017769336700439454,0.7632659673690796,-0.6413221955299377,0.07829978317022324,-0.14012494683265687,-0.04601288586854935,0.98906409740448,-0.6307060122489929,-0.7658907771110535,-0.1249852254986763],"EasingStyle":"Linear","EasingDirection":"In"},"Left Arm":{"Weight":1,"CFrame":[0.3905084431171417,-1.062401533126831,-0.012956619262695313,0.7905167937278748,0.6118783950805664,0.026230521500110627,-0.004690826404839754,-0.03677912801504135,0.9993124008178711,0.6124224066734314,-0.7900962829589844,-0.026204325258731843],"EasingStyle":"Linear","EasingDirection":"In"},"Head":{"Weight":1,"CFrame":[9.12696123123169e-8,-1.862645149230957e-8,2.384185791015625e-7,0.9976234436035156,-0.0005356325418688357,-0.06889969855546951,0.0060024624690413479,0.996843695640564,0.07916226983070374,0.06863983720541,-0.07938773185014725,0.9944778084754944],"EasingStyle":"Linear","EasingDirection":"In"},"Torso":{"Weight":1,"CFrame":[-0.1279122531414032,0.024779126048088075,-0.1522510051727295,0.9858191609382629,-0.14398172497749329,-0.08619657158851624,0.14710143208503724,0.988636314868927,0.03097388707101345,0.08075738698244095,-0.04321429133415222,0.9957965612411499],"EasingStyle":"Linear","EasingDirection":"In"},"HumanoidRootPart":{"Weight":0,"CFrame":[0,0,0,1,0,0,0,1,0,0,0,1],"EasingStyle":"Linear","EasingDirection":"In"},"Right Leg":{"Weight":1,"CFrame":[0.20578543841838838,0.21595704555511475,0.21112418174743653,0.7247574925422669,0.39323392510414126,-0.5657681822776794,-0.2882425785064697,0.9188750386238098,0.26941582560539248,0.6258137226104736,-0.03218276426196098,0.7793083190917969],"EasingStyle":"Linear","EasingDirection":"In"}}},{"Time":0.3333333432674408,"poses":{"Left Leg":{"Weight":1,"CFrame":[-0.3042008876800537,0.06922054290771485,0.02110612392425537,0.9702869057655335,-0.21930575370788575,0.10221674293279648,0.20271897315979005,0.9674635529518127,0.1513911336660385,-0.13209199905395509,-0.1261715441942215,0.9831746816635132],"EasingStyle":"Linear","EasingDirection":"In"},"Right Arm":{"Weight":1,"CFrame":[-0.5548591613769531,-0.965071439743042,0.0784294605255127,0.7656267285346985,-0.6407386064529419,-0.05718040093779564,-0.14971399307250977,-0.2639288902282715,0.952852189540863,-0.6256208419799805,-0.72096848487854,-0.2979985773563385],"EasingStyle":"Linear","EasingDirection":"In"},"Left Arm":{"Weight":1,"CFrame":[0.4080033302307129,-1.059943675994873,0.04271054267883301,0.7450701594352722,0.6513931751251221,0.14337806403636933,0.006632439326494932,-0.22218933701515199,0.9749810099601746,0.6669531464576721,-0.7254783511161804,-0.16986693441867829],"EasingStyle":"Linear","EasingDirection":"In"},"Head":{"Weight":1,"CFrame":[9.313225746154785e-8,9.313225746154785e-9,0,0.9992023706436157,-0.005471138283610344,-0.039556365460157397,0.007010513450950384,0.9992191791534424,0.03888227418065071,0.039312731474637988,-0.03912857919931412,0.9984605312347412],"EasingStyle":"Linear","EasingDirection":"In"},"Torso":{"Weight":1,"CFrame":[-0.11643092334270477,0.052577003836631778,-0.11066651344299317,0.9886621236801148,-0.12972255051136018,-0.07562563568353653,0.13475434482097627,0.9886971116065979,0.06572125107049942,0.06624531745910645,-0.07516699284315109,0.994968056678772],"EasingStyle":"Linear","EasingDirection":"In"},"HumanoidRootPart":{"Weight":0,"CFrame":[0,0,0,1,0,0,0,1,0,0,0,1],"EasingStyle":"Linear","EasingDirection":"In"},"Right Leg":{"Weight":1,"CFrame":[0.18321897089481355,0.1650087833404541,0.17550873756408692,0.7557774186134338,0.39571869373321535,-0.5217347741127014,-0.29329434037208559,0.9169272184371948,0.2705971896648407,0.5854732990264893,-0.05148940160870552,0.8090550303459168],"EasingStyle":"Linear","EasingDirection":"In"}}},{"Time":0.36666667461395266,"poses":{"Left Leg":{"Weight":1,"CFrame":[-0.2599342167377472,0.052694737911224368,0.014353513717651368,0.9664869904518127,-0.2410321831703186,0.08835360407829285,0.22368614375591279,0.9595669507980347,0.17086772620677949,-0.12596583366394044,-0.14537788927555085,0.9813245534896851],"EasingStyle":"Linear","EasingDirection":"In"},"Right Arm":{"Weight":1,"CFrame":[-0.5300455093383789,-1.0032479763031006,0.22738432884216309,0.7873224020004273,-0.5852720141410828,-0.19385568797588349,-0.12741713225841523,-0.46209585666656496,0.8776288628578186,-0.6032316088676453,-0.6662762761116028,-0.4383919835090637],"EasingStyle":"Linear","EasingDirection":"In"},"Left Arm":{"Weight":1,"CFrame":[0.4144488275051117,-1.050400733947754,0.15878677368164063,0.7008928656578064,0.6677908301353455,0.2506081461906433,0.0372726134955883,-0.3851637542247772,0.9220952987670898,0.7122920155525208,-0.6369492411613464,-0.29484882950782778],"EasingStyle":"Linear","EasingDirection":"In"},"Head":{"Weight":1,"CFrame":[6.891787052154541e-8,-9.313225746154785e-9,4.76837158203125e-7,0.9999202489852905,-0.009640490636229515,-0.00816105492413044,0.009725683368742466,0.9998979568481445,0.010461784899234772,0.008059387095272541,-0.010540329851210118,0.9999119639396668],"EasingStyle":"Linear","EasingDirection":"In"},"Torso":{"Weight":1,"CFrame":[-0.10132095217704773,0.08537577092647553,-0.08311653137207031,0.9918469190597534,-0.11120816320180893,-0.06222926080226898,0.11739785224199295,0.987334132194519,0.1067197173833847,0.04957296699285507,-0.11315520107746124,0.9923398494720459],"EasingStyle":"Linear","EasingDirection":"In"},"HumanoidRootPart":{"Weight":0,"CFrame":[0,0,0,1,0,0,0,1,0,0,0,1],"EasingStyle":"Linear","EasingDirection":"In"},"Right Leg":{"Weight":1,"CFrame":[0.17287997901439668,0.12052255868911743,0.1410055160522461,0.789747416973114,0.4056587219238281,-0.4601520597934723,-0.31106895208358767,0.9113601446151733,0.269553005695343,0.5287108421325684,-0.06973980367183685,0.8459321856498718],"EasingStyle":"Linear","EasingDirection":"In"}}},{"Time":0.4000000059604645,"poses":{"Left Leg":{"Weight":1,"CFrame":[-0.2612011432647705,0.04538106918334961,0.011628389358520508,0.9530972242355347,-0.29324910044670107,0.07490413635969162,0.2747025191783905,0.9420297145843506,0.19266165792942048,-0.12705981731414796,-0.16304895281791688,0.9784021973609924],"EasingStyle":"Linear","EasingDirection":"In"},"Right Arm":{"Weight":1,"CFrame":[-0.48204779624938967,-1.0184435844421387,0.3075904846191406,0.7987952828407288,-0.5463665127754211,-0.25181254744529726,-0.10966522246599198,-0.5437980890274048,0.8320199847221375,-0.5915231704711914,-0.6369985938072205,-0.4943006932735443],"EasingStyle":"Linear","EasingDirection":"In"},"Left Arm":{"Weight":1,"CFrame":[0.4153694808483124,-1.0305235385894776,0.2588822841644287,0.678922176361084,0.6731463670730591,0.2931531071662903,0.06101784110069275,-0.4496258795261383,0.8911303877830505,0.7316703200340271,-0.587120532989502,-0.34633493423461916],"EasingStyle":"Linear","EasingDirection":"In"},"Head":{"Weight":1,"CFrame":[8.754432201385498e-8,5.587935447692871e-9,0,0.9996169209480286,-0.013593277893960476,0.0241084024310112,0.013600577600300312,0.9999074935913086,-0.00013955638860352337,-0.024104276672005655,0.0004674075753428042,0.9997093677520752],"EasingStyle":"Linear","EasingDirection":"In"},"Torso":{"Weight":1,"CFrame":[-0.08244450390338898,0.11961370706558228,-0.07564735412597656,0.9949482679367065,-0.08925604075193405,-0.04594937711954117,0.09519388526678086,0.9841660261154175,0.14951711893081666,0.03187650814652443,-0.15313591063022614,0.9876908659934998],"EasingStyle":"Linear","EasingDirection":"In"},"HumanoidRootPart":{"Weight":0,"CFrame":[0,0,0,1,0,0,0,1,0,0,0,1],"EasingStyle":"Linear","EasingDirection":"In"},"Right Leg":{"Weight":1,"CFrame":[0.18554212152957917,0.0849233865737915,0.11632883548736572,0.8173361420631409,0.42622753977775576,-0.38767457008361819,-0.34509581327438357,0.9009667038917542,0.2629978060722351,0.46137887239456179,-0.08117282390594483,0.8834820985794067],"EasingStyle":"Linear","EasingDirection":"In"}}},{"Time":0.4333333373069763,"poses":{"Left Leg":{"Weight":1,"CFrame":[-0.2902379035949707,0.03943115472793579,0.012648940086364746,0.930010199546814,-0.36151066422462466,0.06626543402671814,0.3404858112335205,0.915334939956665,0.21501483023166657,-0.13838526606559754,-0.1774034947156906,0.9743600487709045],"EasingStyle":"Linear","EasingDirection":"In"},"Right Arm":{"Weight":1,"CFrame":[-0.40906402468681338,-1.0045735836029053,0.3074307441711426,0.7963606715202332,-0.5639750957489014,-0.21849891543388368,-0.11552474647760391,-0.4964473247528076,0.8603453636169434,-0.593686580657959,-0.6599031090736389,-0.46050411462783816],"EasingStyle":"Linear","EasingDirection":"In"},"Left Arm":{"Weight":1,"CFrame":[0.38541871309280398,-0.9988563060760498,0.3130851984024048,0.687881350517273,0.6808147430419922,0.2516162097454071,0.06614036113023758,-0.40401691198349,0.9123572707176209,0.7228034138679504,-0.6109514236450195,-0.3229450285434723],"EasingStyle":"Linear","EasingDirection":"In"},"Head":{"Weight":1,"CFrame":[8.754432201385498e-8,-5.587935447692871e-9,-2.384185791015625e-7,0.9982581734657288,-0.018196962773799897,0.05612075701355934,0.017696985974907876,0.9997992515563965,0.009392956271767617,-0.056280408054590228,-0.008383449167013169,0.9983798265457153],"EasingStyle":"Linear","EasingDirection":"In"},"Torso":{"Weight":1,"CFrame":[-0.059837691485881808,0.1517564058303833,-0.08118987083435059,0.9975484609603882,-0.06458302587270737,-0.02694539912045002,0.06853515654802323,0.9794480800628662,0.1896955370903015,0.014140508137643338,-0.19107718765735627,0.9814731478691101],"EasingStyle":"Linear","EasingDirection":"In"},"HumanoidRootPart":{"Weight":0,"CFrame":[0,0,0,1,0,0,0,1,0,0,0,1],"EasingStyle":"Linear","EasingDirection":"In"},"Right Leg":{"Weight":1,"CFrame":[0.21347077190876008,0.05415654182434082,0.09835672378540039,0.8357851505279541,0.45091214776039126,-0.31327515840530398,-0.3857392966747284,0.8882588744163513,0.24940212070941926,0.3907279968261719,-0.08760404586791992,0.9163281321525574],"EasingStyle":"Linear","EasingDirection":"In"}}},{"Time":0.46666666865348818,"poses":{"Left Leg":{"Weight":1,"CFrame":[-0.31809714436531069,0.03341472148895264,0.017284035682678224,0.9022562503814697,-0.4259205162525177,0.06727065145969391,0.4001791179180145,0.8851968050003052,0.23724110424518586,-0.16059362888336183,-0.18713192641735078,0.9691188335418701],"EasingStyle":"Linear","EasingDirection":"In"},"Right Arm":{"Weight":1,"CFrame":[-0.3238215446472168,-0.9714987277984619,0.30631279945373537,0.7906802296638489,-0.5985813736915588,-0.12854942679405213,-0.12728999555110932,-0.36610862612724306,0.9218252301216126,-0.5988505482673645,-0.7125059962272644,-0.3656682074069977],"EasingStyle":"Linear","EasingDirection":"In"},"Left Arm":{"Weight":1,"CFrame":[0.3139975368976593,-0.9611269235610962,0.34596240520477297,0.7166078686714172,0.680211067199707,0.15422768890857697,0.06758642196655274,-0.2878033518791199,0.9553017020225525,0.694193959236145,-0.6741529107093811,-0.25221511721611025],"EasingStyle":"Linear","EasingDirection":"In"},"Head":{"Weight":1,"CFrame":[8.568167686462403e-8,8.998904377222061e-8,0,0.9959361553192139,-0.02396988868713379,0.08681344240903855,0.021076126024127008,0.9991962313652039,0.03409775346517563,-0.0875609889626503,-0.032129477709531787,0.9956408739089966],"EasingStyle":"Linear","EasingDirection":"In"},"Torso":{"Weight":1,"CFrame":[-0.033749356865882876,0.1783933937549591,-0.09050536155700684,0.9992721080780029,-0.037728890776634219,-0.0056426371447741989,0.03803682699799538,0.9740779399871826,0.22299179434776307,-0.0029168659821152689,-0.22304411232471467,0.9748039841651917],"EasingStyle":"Linear","EasingDirection":"In"},"HumanoidRootPart":{"Weight":0,"CFrame":[0,0,0,1,0,0,0,1,0,0,0,1],"EasingStyle":"Linear","EasingDirection":"In"},"Right Leg":{"Weight":1,"CFrame":[0.23935331404209138,0.02783358097076416,0.08243060111999512,0.8477983474731445,0.4689183533191681,-0.2476963847875595,-0.41852208971977236,0.878459632396698,0.23053841292858125,0.3256949782371521,-0.09178367257118225,0.9410093426704407],"EasingStyle":"Linear","EasingDirection":"In"}}},{"Time":0.5,"poses":{"Left Leg":{"Weight":1,"CFrame":[-0.349130779504776,0.030692636966705323,0.028106093406677247,0.8702846765518189,-0.48552650213241579,0.08287656307220459,0.4512527883052826,0.8533924221992493,0.26094499230384829,-0.1974220722913742,-0.1896982192993164,0.9617895483970642],"EasingStyle":"Linear","EasingDirection":"In"},"Right Arm":{"Weight":1,"CFrame":[-0.2426794022321701,-0.9320225715637207,0.30327796936035159,0.7849771976470947,-0.6195244789123535,-0.0000013192184269428254,-0.136555477976799,-0.17302660644054414,0.9754047393798828,-0.6042875051498413,-0.7656704187393189,-0.22042137384414674],"EasingStyle":"Linear","EasingDirection":"In"},"Left Arm":{"Weight":1,"CFrame":[0.22875282168388368,-0.9248619079589844,0.3628453016281128,0.7521122097969055,0.6586002707481384,0.02393341064453125,0.07461724430322647,-0.12118195742368698,0.9898217916488648,0.6547973155975342,-0.7426713109016419,-0.14028534293174745],"EasingStyle":"Linear","EasingDirection":"In"},"Head":{"Weight":1,"CFrame":[7.59027898311615e-8,-1.8997525330632926e-8,-2.980232238769531e-7,0.992868959903717,-0.030986342579126359,0.11511337757110596,0.023138491436839105,0.9973554611206055,0.06889647245407105,-0.11694379150867462,-0.0657416433095932,0.9909602403640747],"EasingStyle":"Linear","EasingDirection":"In"},"Torso":{"Weight":1,"CFrame":[-0.00468926876783371,0.1962890625,-0.1057286262512207,0.999811589717865,-0.00898392591625452,0.017207447439432145,0.004488012753427029,0.9694213271141052,0.245361328125,-0.018885575234889985,-0.24523787200450898,0.9692789912223816],"EasingStyle":"Linear","EasingDirection":"In"},"HumanoidRootPart":{"Weight":0,"CFrame":[0,0,0,1,0,0,0,1,0,0,0,1],"EasingStyle":"Linear","EasingDirection":"In"},"Right Leg":{"Weight":1,"CFrame":[0.2682936489582062,0.009295463562011719,0.07293558120727539,0.8526800274848938,0.4818078279495239,-0.20198482275009156,-0.4422808587551117,0.8715126514434815,0.21178601682186128,0.2780725955963135,-0.09125173836946488,0.9562158584594727],"EasingStyle":"Linear","EasingDirection":"In"}}},{"Time":0.5333333611488342,"poses":{"Left Leg":{"Weight":1,"CFrame":[-0.3891616761684418,0.034166157245635989,0.04536795616149902,0.8357380032539368,-0.5380253195762634,0.10986695438623429,0.49199923872947695,0.8225097060203552,0.2853321135044098,-0.24388262629508973,-0.18440845608711244,0.9521107077598572],"EasingStyle":"Linear","EasingDirection":"In"},"Right Arm":{"Weight":1,"CFrame":[-0.18199732899665833,-0.8989476561546326,0.2973679304122925,0.7845597863197327,-0.604319155216217,0.1387956142425537,-0.13731275498867036,0.04895231872797012,0.9893173575401306,-0.6046578884124756,-0.795237123966217,-0.044574640691280368],"EasingStyle":"Linear","EasingDirection":"In"},"Left Arm":{"Weight":1,"CFrame":[0.15733161568641663,-0.8975844383239746,0.3690652847290039,0.7817010283470154,0.6134302020072937,-0.11245763301849365,0.09124307334423065,0.06588892638683319,0.993646502494812,0.6169425845146179,-0.7869955897331238,-0.004465813282877207],"EasingStyle":"Linear","EasingDirection":"In"},"Head":{"Weight":1,"CFrame":[8.102506399154663e-8,-3.341119736433029e-8,-1.1920928955078126e-7,0.9893897771835327,-0.038897763937711719,0.13998167216777802,0.023701757192611696,0.9937995672225952,0.1086307093501091,-0.14333923161029817,-0.1041603535413742,0.9841770529747009],"EasingStyle":"Linear","EasingDirection":"In"},"Torso":{"Weight":1,"CFrame":[0.02628200501203537,0.20235365629196168,-0.12887811660766602,0.9989557266235352,0.02142196334898472,0.040355030447244647,-0.030954549089074136,0.9669861197471619,0.2529420852661133,-0.03360423445701599,-0.2539271116256714,0.9666393995285034],"EasingStyle":"Linear","EasingDirection":"In"},"HumanoidRootPart":{"Weight":0,"CFrame":[0,0,0,1,0,0,0,1,0,0,0,1],"EasingStyle":"Linear","EasingDirection":"In"},"Right Leg":{"Weight":1,"CFrame":[0.31310486793518069,-0.0009452104568481445,0.06904542446136475,0.8543694615364075,0.4908939003944397,-0.1705167144536972,-0.45919135212898257,0.8667719960212708,0.19454988837242127,0.24330255389213563,-0.08791770786046982,0.965957760810852],"EasingStyle":"Linear","EasingDirection":"In"}}},{"Time":0.5666666626930237,"poses":{"Left Leg":{"Weight":1,"CFrame":[-0.4432731568813324,0.05039668083190918,0.06698131561279297,0.8047095537185669,-0.5762411952018738,0.14278891682624818,0.517435610294342,0.7986985445022583,0.3071496784687042,-0.2910376787185669,-0.1732821762561798,0.9408881068229675],"EasingStyle":"Linear","EasingDirection":"In"},"Right Arm":{"Weight":1,"CFrame":[-0.15813443064689637,-0.8850772380828857,0.287624716758728,0.7957712411880493,-0.5495624542236328,0.2544194459915161,-0.12761707603931428,0.2585032880306244,0.957543671131134,-0.5919983386993408,-0.7944539785385132,0.13557599484920503],"EasingStyle":"Linear","EasingDirection":"In"},"Left Arm":{"Weight":1,"CFrame":[0.12738081812858582,-0.8868199586868286,0.369953989982605,0.7959094643592835,0.5592416524887085,-0.23189875483512879,0.11292769014835358,0.23918041586875916,0.9643858075141907,0.5947902798652649,-0.7937515377998352,0.12721215188503266],"EasingStyle":"Linear","EasingDirection":"In"},"Head":{"Weight":1,"CFrame":[7.264316082000733e-8,-1.0058283805847168e-7,2.384185791015625e-7,0.9859192371368408,-0.0469692200422287,0.16049033403396607,0.022989269345998765,0.9887011051177979,0.14812710881233216,-0.1656343936920166,-0.142351895570755,0.9758592247962952],"EasingStyle":"Linear","EasingDirection":"In"},"Torso":{"Weight":1,"CFrame":[0.05705767869949341,0.19054895639419557,-0.161482572555542,0.9966845512390137,0.05268377438187599,0.06200302764773369,-0.06603630632162094,0.9689719080924988,0.23818619549274445,-0.0475306399166584,-0.2414909452199936,0.9692383408546448],"EasingStyle":"Linear","EasingDirection":"In"},"HumanoidRootPart":{"Weight":0,"CFrame":[0,0,0,1,0,0,0,1,0,0,0,1],"EasingStyle":"Linear","EasingDirection":"In"},"Right Leg":{"Weight":1,"CFrame":[0.3830069899559021,0.0014747977256774903,0.06590497493743897,0.8594927191734314,0.49075761437416079,-0.14293064177036286,-0.4657755494117737,0.8671315312385559,0.17645429074764253,0.21053597331047059,-0.08508762717247009,0.9738761186599731],"EasingStyle":"Linear","EasingDirection":"In"}}},{"Time":0.6000000238418579,"poses":{"Left Leg":{"Weight":1,"CFrame":[-0.49898236989974978,0.0927082896232605,0.09870553016662598,0.7768614888191223,-0.5981131196022034,0.196842759847641,0.5224660038948059,0.7867719531059265,0.3286625146865845,-0.35144782066345217,-0.1524815559387207,0.923706591129303],"EasingStyle":"Linear","EasingDirection":"In"},"Right Arm":{"Weight":1,"CFrame":[-0.17268073558807374,-0.8923540711402893,0.2695882320404053,0.8136422634124756,-0.47632896900177,0.3333120346069336,-0.11743011325597763,0.4268534481525421,0.8966639041900635,-0.5693824887275696,-0.7687046527862549,0.2913707494735718],"EasingStyle":"Linear","EasingDirection":"In"},"Left Arm":{"Weight":1,"CFrame":[0.1345628947019577,-0.8928412199020386,0.35682249069213869,0.7922607064247131,0.5175904035568237,-0.32314571738243105,0.13018663227558137,0.3740100562572479,0.9182416796684265,0.5961328744888306,-0.7695561647415161,0.22893023490905763],"EasingStyle":"Linear","EasingDirection":"In"},"Head":{"Weight":1,"CFrame":[1.1175870895385742e-7,-5.8673322200775149e-8,-1.7881393432617188e-7,0.9829208850860596,-0.05417439341545105,0.1758740246295929,0.021556800231337549,0.9830032587051392,0.18231800198554994,-0.18276169896125794,-0.17541290819644929,0.9673822522163391],"EasingStyle":"Linear","EasingDirection":"In"},"Torso":{"Weight":1,"CFrame":[0.08521972596645355,0.1612788736820221,-0.20766854286193849,0.9932640194892883,0.08367593586444855,0.08015548437833786,-0.09836539626121521,0.9745164513587952,0.20159856975078584,-0.06124388799071312,-0.20812511444091798,0.9761829376220703],"EasingStyle":"Linear","EasingDirection":"In"},"HumanoidRootPart":{"Weight":0,"CFrame":[0,0,0,1,0,0,0,1,0,0,0,1],"EasingStyle":"Linear","EasingDirection":"In"},"Right Leg":{"Weight":1,"CFrame":[0.4685395359992981,0.027175605297088624,0.06374013423919678,0.8683215379714966,0.4797193706035614,-0.12604384124279023,-0.45929062366485598,0.8736036419868469,0.16083785891532899,0.18726949393749238,-0.0817682072520256,0.9788994193077087],"EasingStyle":"Linear","EasingDirection":"In"}}},{"Time":0.6333333253860474,"poses":{"Left Leg":{"Weight":1,"CFrame":[-0.5405521392822266,0.16871899366378785,0.14339745044708253,0.7461987137794495,-0.6053814888000488,0.27694910764694216,0.5092216730117798,0.7870091199874878,0.348295658826828,-0.42881324887275698,-0.11886923760175705,0.8955385684967041],"EasingStyle":"Linear","EasingDirection":"In"},"Right Arm":{"Weight":1,"CFrame":[-0.21166464686393739,-0.9118552207946777,0.24158906936645509,0.8287505507469177,-0.4134238064289093,0.3771647810935974,-0.11256847530603409,0.5370368361473084,0.8360140919685364,-0.548179566860199,-0.7353041172027588,0.3985312581062317],"EasingStyle":"Linear","EasingDirection":"In"},"Left Arm":{"Weight":1,"CFrame":[0.15414229035377503,-0.9089785814285278,0.321630597114563,0.781083345413208,0.4