{"Sequence":[{"Time":0,"poses":{"Left Leg":{"Weight":1,"CFrame":[-0.39035484194755556,0.08002758026123047,0.0463862419128418,0.9951632022857666,-0.05850272625684738,-0.07891599833965302,0.06846721470355988,0.9891302585601807,0.13012905418872834,0.07044515013694763,-0.13490277528762818,0.988351583480835],"EasingStyle":"Constant","EasingDirection":"In"},"Right Arm":{"Weight":1,"CFrame":[0.34166419506073,0.35728347301483157,-0.025020182132720948,-0.6221117377281189,0.7311877012252808,-0.2798956036567688,-0.7825598120689392,-0.5916942358016968,0.19364410638809205,-0.024022378027439119,0.3395032584667206,0.9402980804443359],"EasingStyle":"Constant","EasingDirection":"In"},"Head":{"Weight":1,"CFrame":[5.960464477539063e-8,-4.976755008101463e-9,-5.960464477539063e-8,0.7081590890884399,-0.7056217789649963,0.024668993428349496,0.7046706676483154,0.7041561007499695,-0.08719781786203385,0.04415784403681755,0.07913344353437424,0.9958856105804443],"EasingStyle":"Constant","EasingDirection":"In"},"Right Leg":{"Weight":1,"CFrame":[0.3972910940647125,0.16449671983718873,-0.081390380859375,0.9862185120582581,0.06218486651778221,0.15331755578517915,-0.0946560949087143,0.9721053838729858,0.21459561586380006,-0.13569624722003938,-0.22615063190460206,0.9645944237709045],"EasingStyle":"Constant","EasingDirection":"In"},"Torso":{"Weight":1,"CFrame":[-0.029591888189315797,0.030626289546489717,-0.06491661071777344,0.691758930683136,0.7211805582046509,-0.03698992356657982,-0.7201637625694275,0.692747175693512,0.03828291594982147,0.0532335564494133,0.00015625327068846673,0.9985820651054382],"EasingStyle":"Constant","EasingDirection":"In"},"HumanoidRootPart":{"Weight":0,"CFrame":[0,0,0,1,0,0,0,1,0,0,0,1],"EasingStyle":"Linear","EasingDirection":"In"},"Left Arm":{"Weight":1,"CFrame":[0.34101682901382449,0.03519958257675171,0.15043938159942628,0.9148383736610413,-0.17009571194648744,-0.3662489354610443,0.1623348742723465,0.985357403755188,-0.052136749029159549,0.3697543144226074,-0.011758326552808285,0.9290552139282227],"EasingStyle":"Constant","EasingDirection":"In"}}},{"Time":0.0416666679084301,"poses":{"Left Leg":{"Weight":1,"CFrame":[-0.39035484194755556,0.08002758026123047,0.0463862419128418,0.9951632022857666,-0.05850272625684738,-0.07891599833965302,0.06846721470355988,0.9891302585601807,0.13012905418872834,0.07044515013694763,-0.13490277528762818,0.988351583480835],"EasingStyle":"Constant","EasingDirection":"In"},"Right Arm":{"Weight":1,"CFrame":[0.34166419506073,0.35728347301483157,-0.025020182132720948,-0.6221117377281189,0.7311877012252808,-0.2798956036567688,-0.7825598120689392,-0.5916942358016968,0.19364410638809205,-0.024022378027439119,0.3395032584667206,0.9402980804443359],"EasingStyle":"Constant","EasingDirection":"In"},"Head":{"Weight":1,"CFrame":[5.960464477539063e-8,-4.976755008101463e-9,-5.960464477539063e-8,0.7081590890884399,-0.7056217789649963,0.024668993428349496,0.7046706676483154,0.7041561007499695,-0.08719781786203385,0.04415784403681755,0.07913344353437424,0.9958856105804443],"EasingStyle":"Constant","EasingDirection":"In"},"Right Leg":{"Weight":1,"CFrame":[0.3972910940647125,0.16449671983718873,-0.081390380859375,0.9862185120582581,0.06218486651778221,0.15331755578517915,-0.0946560949087143,0.9721053838729858,0.21459561586380006,-0.13569624722003938,-0.22615063190460206,0.9645944237709045],"EasingStyle":"Constant","EasingDirection":"In"},"Torso":{"Weight":1,"CFrame":[-0.029591888189315797,0.030626289546489717,-0.06491661071777344,0.691758930683136,0.7211805582046509,-0.03698992356657982,-0.7201637625694275,0.692747175693512,0.03828291594982147,0.0532335564494133,0.00015625327068846673,0.9985820651054382],"EasingStyle":"Constant","EasingDirection":"In"},"HumanoidRootPart":{"Weight":0,"CFrame":[0,0,0,1,0,0,0,1,0,0,0,1],"EasingStyle":"Linear","EasingDirection":"In"},"Left Arm":{"Weight":1,"CFrame":[0.34101682901382449,0.03519958257675171,0.15043938159942628,0.9148383736610413,-0.17009571194648744,-0.3662489354610443,0.1623348742723465,0.985357403755188,-0.052136749029159549,0.3697543144226074,-0.011758326552808285,0.9290552139282227],"EasingStyle":"Constant","EasingDirection":"In"}}},{"Time":0.0833333358168602,"poses":{"Left Leg":{"Weight":1,"CFrame":[-0.4071529805660248,0.08482182025909424,0.04968976974487305,0.9967200756072998,-0.05050425976514816,-0.06323382258415222,0.057444017380476,0.9919065833091736,0.1132328137755394,0.05700329691171646,-0.11649381369352341,0.9915542006492615],"EasingStyle":"Constant","EasingDirection":"In"},"Right Arm":{"Weight":1,"CFrame":[0.29471245408058169,0.3727220892906189,-0.01024317741394043,-0.6320726871490479,0.7308158874511719,-0.2576672434806824,-0.7745668888092041,-0.6057262420654297,0.18204928934574128,-0.023031258955597879,0.31464874744415285,0.948928713798523],"EasingStyle":"Constant","EasingDirection":"In"},"Head":{"Weight":1,"CFrame":[9.685754776000977e-8,1.862645149230957e-9,-4.172325134277344e-7,0.722415030002594,-0.6911216378211975,0.021620171144604684,0.6901146769523621,0.7187079191207886,-0.0848577544093132,0.04310845956206322,0.07622290402650833,0.9961585402488709],"EasingStyle":"Constant","EasingDirection":"In"},"Right Leg":{"Weight":1,"CFrame":[0.40424060821533205,0.1713547706604004,-0.07042676210403443,0.9894939661026001,0.08792233467102051,0.11476682126522064,-0.11133356392383576,0.9698202610015869,0.2169179916381836,-0.09223120659589768,-0.2274164855480194,0.9694199562072754],"EasingStyle":"Constant","EasingDirection":"In"},"Torso":{"Weight":1,"CFrame":[-0.03310669958591461,0.023339398205280305,-0.07258844375610352,0.7071884870529175,0.7058795094490051,-0.040231816470623019,-0.7049034833908081,0.708328902721405,0.037165578454732898,0.05473177134990692,0.002076476812362671,0.9984989166259766],"EasingStyle":"Constant","EasingDirection":"In"},"HumanoidRootPart":{"Weight":0,"CFrame":[0,0,0,1,0,0,0,1,0,0,0,1],"EasingStyle":"Linear","EasingDirection":"In"},"Left Arm":{"Weight":1,"CFrame":[0.34145885705947878,0.03508681058883667,0.150587797164917,0.9123045802116394,-0.18366853892803193,-0.3660140931606293,0.18087878823280335,0.9825985431671143,-0.042227670550346377,0.36740073561668398,-0.027679719030857087,0.9296507239341736],"EasingStyle":"Constant","EasingDirection":"In"}}},{"Time":0.125,"poses":{"Left Leg":{"Weight":1,"CFrame":[-0.4071529805660248,0.08482182025909424,0.04968976974487305,0.9967200756072998,-0.05050425976514816,-0.06323382258415222,0.057444017380476,0.9919065833091736,0.1132328137755394,0.05700329691171646,-0.11649381369352341,0.9915542006492615],"EasingStyle":"Constant","EasingDirection":"In"},"Right Arm":{"Weight":1,"CFrame":[0.29471245408058169,0.3727220892906189,-0.01024317741394043,-0.6320726871490479,0.7308158874511719,-0.2576672434806824,-0.7745668888092041,-0.6057262420654297,0.18204928934574128,-0.023031258955597879,0.31464874744415285,0.948928713798523],"EasingStyle":"Constant","EasingDirection":"In"},"Head":{"Weight":1,"CFrame":[9.685754776000977e-8,1.862645149230957e-9,-4.172325134277344e-7,0.722415030002594,-0.6911216378211975,0.021620171144604684,0.6901146769523621,0.7187079191207886,-0.0848577544093132,0.04310845956206322,0.07622290402650833,0.9961585402488709],"EasingStyle":"Constant","EasingDirection":"In"},"Right Leg":{"Weight":1,"CFrame":[0.40424060821533205,0.1713547706604004,-0.07042676210403443,0.9894939661026001,0.08792233467102051,0.11476682126522064,-0.11133356392383576,0.9698202610015869,0.2169179916381836,-0.09223120659589768,-0.2274164855480194,0.9694199562072754],"EasingStyle":"Constant","EasingDirection":"In"},"Torso":{"Weight":1,"CFrame":[-0.03310669958591461,0.023339398205280305,-0.07258844375610352,0.7071884870529175,0.7058795094490051,-0.040231816470623019,-0.7049034833908081,0.708328902721405,0.037165578454732898,0.05473177134990692,0.002076476812362671,0.9984989166259766],"EasingStyle":"Constant","EasingDirection":"In"},"HumanoidRootPart":{"Weight":0,"CFrame":[0,0,0,1,0,0,0,1,0,0,0,1],"EasingStyle":"Linear","EasingDirection":"In"},"Left Arm":{"Weight":1,"CFrame":[0.34145885705947878,0.03508681058883667,0.150587797164917,0.9123045802116394,-0.18366853892803193,-0.3660140931606293,0.18087878823280335,0.9825985431671143,-0.042227670550346377,0.36740073561668398,-0.027679719030857087,0.9296507239341736],"EasingStyle":"Constant","EasingDirection":"In"}}},{"Time":0.1666666716337204,"poses":{"Left Leg":{"Weight":1,"CFrame":[-0.35996538400650027,0.07047182321548462,0.12260270118713379,0.9903333187103272,0.030607866123318673,0.1352892518043518,-0.025691628456115724,0.9989498257637024,-0.03793703392148018,-0.13630840182304383,0.03409452363848686,0.9900797009468079],"EasingStyle":"Constant","EasingDirection":"In"},"Right Arm":{"Weight":1,"CFrame":[0.04911834001541138,0.4673668146133423,0.06705188751220703,-0.7094672918319702,0.6965794563293457,-0.10692627727985382,-0.7046427130699158,-0.6986580491065979,0.12391804158687592,0.011613826267421246,0.1632605344057083,0.9865146279335022],"EasingStyle":"Constant","EasingDirection":"In"},"Head":{"Weight":1,"CFrame":[6.146728992462158e-8,6.51925802230835e-9,-2.980232238769531e-7,0.7920523881912231,-0.61042320728302,0.006047919392585754,0.6092052459716797,0.7897613644599915,-0.07173679023981095,0.03901337459683418,0.06050372123718262,0.9974052906036377],"EasingStyle":"Constant","EasingDirection":"In"},"Right Leg":{"Weight":1,"CFrame":[0.40084099769592287,0.20504313707351685,0.007912635803222657,0.9737380146980286,0.20566144585609437,-0.09766147285699845,-0.17864857614040376,0.9561157822608948,0.23222289979457856,0.14113499224185944,-0.2086772322654724,0.9677473306655884],"EasingStyle":"Constant","EasingDirection":"In"},"Torso":{"Weight":1,"CFrame":[-0.05115591734647751,-0.01569613814353943,-0.1128244400024414,0.7823095321655273,0.6202974915504456,-0.0567694753408432,-0.6196714043617249,0.7842811942100525,0.030171746388077737,0.06323869526386261,0.011574776843190194,0.9979313015937805],"EasingStyle":"Constant","EasingDirection":"In"},"HumanoidRootPart":{"Weight":0,"CFrame":[0,0,0,1,0,0,0,1,0,0,0,1],"EasingStyle":"Linear","EasingDirection":"In"},"Left Arm":{"Weight":1,"CFrame":[0.35295042395591738,0.032158732414245608,0.15444540977478028,0.9034695625305176,-0.22235742211341859,-0.3664696216583252,0.23362137377262116,0.9722275733947754,-0.013950156047940255,0.35939380526542666,-0.07301171869039536,0.9303255081176758],"EasingStyle":"Constant","EasingDirection":"In"}}},{"Time":0.2083333283662796,"poses":{"Left Leg":{"Weight":1,"CFrame":[-0.35996538400650027,0.07047182321548462,0.12260270118713379,0.9903333187103272,0.030607866123318673,0.1352892518043518,-0.025691628456115724,0.9989498257637024,-0.03793703392148018,-0.13630840182304383,0.03409452363848686,0.9900797009468079],"EasingStyle":"Constant","EasingDirection":"In"},"Right Arm":{"Weight":1,"CFrame":[0.04911834001541138,0.4673668146133423,0.06705188751220703,-0.7094672918319702,0.6965794563293457,-0.10692627727985382,-0.7046427130699158,-0.6986580491065979,0.12391804158687592,0.011613826267421246,0.1632605344057083,0.9865146279335022],"EasingStyle":"Constant","EasingDirection":"In"},"Head":{"Weight":1,"CFrame":[6.146728992462158e-8,6.51925802230835e-9,-2.980232238769531e-7,0.7920523881912231,-0.61042320728302,0.006047919392585754,0.6092052459716797,0.7897613644599915,-0.07173679023981095,0.03901337459683418,0.06050372123718262,0.9974052906036377],"EasingStyle":"Constant","EasingDirection":"In"},"Right Leg":{"Weight":1,"CFrame":[0.40084099769592287,0.20504313707351685,0.007912635803222657,0.9737380146980286,0.20566144585609437,-0.09766147285699845,-0.17864857614040376,0.9561157822608948,0.23222289979457856,0.14113499224185944,-0.2086772322654724,0.9677473306655884],"EasingStyle":"Constant","EasingDirection":"In"},"Torso":{"Weight":1,"CFrame":[-0.05115591734647751,-0.01569613814353943,-0.1128244400024414,0.7823095321655273,0.6202974915504456,-0.0567694753408432,-0.6196714043617249,0.7842811942100525,0.030171746388077737,0.06323869526386261,0.011574776843190194,0.9979313015937805],"EasingStyle":"Constant","EasingDirection":"In"},"HumanoidRootPart":{"Weight":0,"CFrame":[0,0,0,1,0,0,0,1,0,0,0,1],"EasingStyle":"Linear","EasingDirection":"In"},"Left Arm":{"Weight":1,"CFrame":[0.35295042395591738,0.032158732414245608,0.15444540977478028,0.9034695625305176,-0.22235742211341859,-0.3664696216583252,0.23362137377262116,0.9722275733947754,-0.013950156047940255,0.35939380526542666,-0.07301171869039536,0.9303255081176758],"EasingStyle":"Constant","EasingDirection":"In"}}},{"Time":0.25,"poses":{"Left Leg":{"Weight":1,"CFrame":[-0.06575555354356766,-0.07556354999542237,0.1715937852859497,0.8224612474441528,0.16340310871601106,0.5448458194732666,-0.007074136286973953,0.960715115070343,-0.2774466872215271,-0.5687772631645203,0.22433480620384217,0.7913068532943726],"EasingStyle":"Constant","EasingDirection":"In"},"Right Arm":{"Weight":1,"CFrame":[-0.10979543626308441,0.582892656326294,0.11706602573394776,-0.8287039995193481,0.54790198802948,0.11425042897462845,-0.5381971597671509,-0.836127519607544,0.10599394142627716,0.15360227227210999,0.02634824998676777,0.9877814650535584],"EasingStyle":"Constant","EasingDirection":"In"},"Head":{"Weight":1,"CFrame":[5.960464477539063e-8,-6.51925802230835e-9,-1.1920928955078126e-7,0.83226478099823,-0.5543569922447205,-0.004886328708380461,0.5530107021331787,0.8307978510856628,-0.06288187950849533,0.03891855478286743,0.04963218793272972,0.9980090856552124],"EasingStyle":"Constant","EasingDirection":"In"},"Right Leg":{"Weight":1,"CFrame":[0.3469020128250122,0.22947680950164796,0.07935571670532227,0.9245831370353699,0.26520198583602908,-0.27352121472358706,-0.20063374936580659,0.9492589235305786,0.24218526482582093,0.3238706886768341,-0.16904284060001374,0.9308772683143616],"EasingStyle":"Constant","EasingDirection":"In"},"Torso":{"Weight":1,"CFrame":[-0.06244853138923645,-0.0417407751083374,-0.13895177841186524,0.8254314064979553,0.5605137944221497,-0.06698746234178543,-0.5602340698242188,0.82796710729599,0.024663377553224565,0.06928757578134537,0.017170723527669908,0.9974489808082581],"EasingStyle":"Constant","EasingDirection":"In"},"HumanoidRootPart":{"Weight":0,"CFrame":[0,0,0,1,0,0,0,1,0,0,0,1],"EasingStyle":"Linear","EasingDirection":"In"},"Left Arm":{"Weight":1,"CFrame":[0.45266836881637576,0.006750881671905518,0.18792033195495606,0.9145250916481018,-0.17648211121559144,-0.36400261521339419,0.16010797023773194,0.9842504262924194,-0.07494426518678665,0.3714959919452667,0.010258683003485203,0.9283779263496399],"EasingStyle":"Constant","EasingDirection":"In"}}},{"Time":0.2916666567325592,"poses":{"Left Leg":{"Weight":1,"CFrame":[-0.06575555354356766,-0.07556354999542237,0.1715937852859497,0.8224612474441528,0.16340310871601106,0.5448458194732666,-0.007074136286973953,0.960715115070343,-0.2774466872215271,-0.5687772631645203,0.22433480620384217,0.7913068532943726],"EasingStyle":"Constant","EasingDirection":"In"},"Right Arm":{"Weight":1,"CFrame":[-0.10979543626308441,0.582892656326294,0.11706602573394776,-0.8287039995193481,0.54790198802948,0.11425042897462845,-0.5381971597671509,-0.836127519607544,0.10599394142627716,0.15360227227210999,0.02634824998676777,0.9877814650535584],"EasingStyle":"Constant","EasingDirection":"In"},"Head":{"Weight":1,"CFrame":[5.960464477539063e-8,-6.51925802230835e-9,-1.1920928955078126e-7,0.83226478099823,-0.5543569922447205,-0.004886328708380461,0.5530107021331787,0.8307978510856628,-0.06288187950849533,0.03891855478286743,0.04963218793272972,0.9980090856552124],"EasingStyle":"Constant","EasingDirection":"In"},"Right Leg":{"Weight":1,"CFrame":[0.3469020128250122,0.22947680950164796,0.07935571670532227,0.9245831370353699,0.26520198583602908,-0.27352121472358706,-0.20063374936580659,0.9492589235305786,0.24218526482582093,0.3238706886768341,-0.16904284060001374,0.9308772683143616],"EasingStyle":"Constant","EasingDirection":"In"},"Torso":{"Weight":1,"CFrame":[-0.06244853138923645,-0.0417407751083374,-0.13895177841186524,0.8254314064979553,0.5605137944221497,-0.06698746234178543,-0.5602340698242188,0.82796710729599,0.024663377553224565,0.06928757578134537,0.017170723527669908,0.9974489808082581],"EasingStyle":"Constant","EasingDirection":"In"},"HumanoidRootPart":{"Weight":0,"CFrame":[0,0,0,1,0,0,0,1,0,0,0,1],"EasingStyle":"Linear","EasingDirection":"In"},"Left Arm":{"Weight":1,"CFrame":[0.45266836881637576,0.006750881671905518,0.18792033195495606,0.9145250916481018,-0.17648211121559144,-0.36400261521339419,0.16010797023773194,0.9842504262924194,-0.07494426518678665,0.3714959919452667,0.010258683003485203,0.9283779263496399],"EasingStyle":"Constant","EasingDirection":"In"}}},{"Time":0.3333333432674408,"poses":{"Left Leg":{"Weight":1,"CFrame":[-0.06469028443098068,-0.04791367053985596,0.15685498714447022,0.8419716954231262,0.14494530856609345,0.5196869969367981,-0.037857603281736377,0.9767343997955322,-0.21108481287956239,-0.5381919145584106,0.15805335342884065,0.8278700113296509],"EasingStyle":"Constant","EasingDirection":"In"},"Right Arm":{"Weight":1,"CFrame":[-0.056854426860809329,0.6572853326797485,0.10681498050689697,-0.8964177966117859,0.290924072265625,0.33436232805252077,-0.26232171058654787,-0.9563430547714233,0.1288226991891861,0.35724276304244997,0.02776840142905712,0.9335986971855164],"EasingStyle":"Constant","EasingDirection":"In"},"Head":{"Weight":1,"CFrame":[6.332993507385254e-8,-4.6566128730773929e-9,0,0.8027504682540894,-0.5962983965873718,-0.004472367465496063,0.5948690176010132,0.8013032078742981,-0.06359292566776276,0.041504088789224628,0.0483887754380703,0.9979659914970398],"EasingStyle":"Constant","EasingDirection":"In"},"Right Leg":{"Weight":1,"CFrame":[0.3141147494316101,0.2155357003211975,0.0653541088104248,0.9439435005187988,0.2096867561340332,-0.2549550533294678,-0.15327797830104829,0.9624453783035278,0.22406432032585145,0.2923637628555298,-0.17242512106895448,0.9406343698501587],"EasingStyle":"Constant","EasingDirection":"In"},"Torso":{"Weight":1,"CFrame":[-0.055346280336380008,-0.01610596477985382,-0.11306166648864746,0.7966575026512146,0.6012420058250427,-0.06200743466615677,-0.6006643772125244,0.7989509701728821,0.029659457504749299,0.06737340986728668,0.013617224991321564,0.9976348876953125],"EasingStyle":"Constant","EasingDirection":"In"},"HumanoidRootPart":{"Weight":0,"CFrame":[0,0,0,1,0,0,0,1,0,0,0,1],"EasingStyle":"Linear","EasingDirection":"In"},"Left Arm":{"Weight":1,"CFrame":[0.6168317198753357,-0.03507879376411438,0.24302923679351808,0.9268391132354736,-0.07898242771625519,-0.3670574724674225,0.004590208642184734,0.97993403673172,-0.19926927983760835,0.37543079257011416,0.18300561606884004,0.9086036682128906],"EasingStyle":"Constant","EasingDirection":"In"}}},{"Time":0.375,"poses":{"Left Leg":{"Weight":1,"CFrame":[-0.06469028443098068,-0.04791367053985596,0.15685498714447022,0.8419716954231262,0.14494530856609345,0.5196869969367981,-0.037857603281736377,0.9767343997955322,-0.21108481287956239,-0.5381919145584106,0.15805335342884065,0.8278700113296509],"EasingStyle":"Constant","EasingDirection":"In"},"Right Arm":{"Weight":1,"CFrame":[-0.056854426860809329,0.6572853326797485,0.10681498050689697,-0.8964177966117859,0.290924072265625,0.33436232805252077,-0.26232171058654787,-0.9563430547714233,0.1288226991891861,0.35724276304244997,0.02776840142905712,0.9335986971855164],"EasingStyle":"Constant","EasingDirection":"In"},"Head":{"Weight":1,"CFrame":[6.332993507385254e-8,-4.6566128730773929e-9,0,0.8027504682540894,-0.5962983965873718,-0.004472367465496063,0.5948690176010132,0.8013032078742981,-0.06359292566776276,0.041504088789224628,0.0483887754380703,0.9979659914970398],"EasingStyle":"Constant","EasingDirection":"In"},"Right Leg":{"Weight":1,"CFrame":[0.3141147494316101,0.2155357003211975,0.0653541088104248,0.9439435005187988,0.2096867561340332,-0.2549550533294678,-0.15327797830104829,0.9624453783035278,0.22406432032585145,0.2923637628555298,-0.17242512106895448,0.9406343698501587],"EasingStyle":"Constant","EasingDirection":"In"},"Torso":{"Weight":1,"CFrame":[-0.055346280336380008,-0.01610596477985382,-0.11306166648864746,0.7966575026512146,0.6012420058250427,-0.06200743466615677,-0.6006643772125244,0.7989509701728821,0.029659457504749299,0.06737340986728668,0.013617224991321564,0.9976348876953125],"EasingStyle":"Constant","EasingDirection":"In"},"HumanoidRootPart":{"Weight":0,"CFrame":[0,0,0,1,0,0,0,1,0,0,0,1],"EasingStyle":"Linear","EasingDirection":"In"},"Left Arm":{"Weight":1,"CFrame":[0.6168317198753357,-0.03507879376411438,0.24302923679351808,0.9268391132354736,-0.07898242771625519,-0.3670574724674225,0.004590208642184734,0.97993403673172,-0.19926927983760835,0.37543079257011416,0.18300561606884004,0.9086036682128906],"EasingStyle":"Constant","EasingDirection":"In"}}},{"Time":0.4166666567325592,"poses":{"Left Leg":{"Weight":1,"CFrame":[-0.34206119179725649,0.08356618881225586,0.0659186840057373,0.9996383786201477,-0.02523709461092949,-0.009286545217037201,0.026205960661172868,0.9917004704475403,0.12587088346481324,0.006033018697053194,-0.12606877088546754,0.9920032024383545],"EasingStyle":"Constant","EasingDirection":"In"},"Right Arm":{"Weight":1,"CFrame":[0.0816863477230072,0.6883604526519775,0.07477271556854248,-0.8750028014183044,-0.02904224582016468,0.48324599862098696,0.0894860178232193,-0.9907007217407227,0.10249122232198715,0.4757755696773529,0.13292382657527924,0.869464635848999],"EasingStyle":"Constant","EasingDirection":"In"},"Head":{"Weight":1,"CFrame":[6.705522537231445e-8,-6.752088665962219e-9,-1.1920928955078126e-7,0.7530317306518555,-0.6579810380935669,-0.002080528298392892,0.6565103530883789,0.7515527009963989,-0.06452105194330216,0.04401722550392151,0.04722049832344055,0.99791419506073],"EasingStyle":"Constant","EasingDirection":"In"},"Right Leg":{"Weight":1,"CFrame":[0.31155064702033999,0.17898863554000855,0.009063124656677246,0.9870067238807678,0.12260574102401734,-0.10385371744632721,-0.09897255897521973,0.9730748534202576,0.20815828442573548,0.12657885253429414,-0.19517496228218079,0.9725660681724548],"EasingStyle":"Constant","EasingDirection":"In"},"Torso":{"Weight":1,"CFrame":[-0.03971608728170395,0.02398938685655594,-0.072906494140625,0.7485390305519104,0.6613152027130127,-0.04849356785416603,-0.6602335572242737,0.7500996589660645,0.03797805309295654,0.06149047240614891,0.003589031985029578,0.9981012344360352],"EasingStyle":"Constant","EasingDirection":"In"},"HumanoidRootPart":{"Weight":0,"CFrame":[0,0,0,1,0,0,0,1,0,0,0,1],"EasingStyle":"Linear","EasingDirection":"In"},"Left Arm":{"Weight":1,"CFrame":[0.746380090713501,-0.0680881142616272,0.286517858505249,0.9255689382553101,0.0009425317402929068,-0.3785780370235443,-0.12236449122428894,0.9470655918121338,-0.29680588841438296,0.35825851559638979,0.32103878259658816,0.8766897320747376],"EasingStyle":"Constant","EasingDirection":"In"}}},{"Time":0.4583333432674408,"poses":{"Left Leg":{"Weight":1,"CFrame":[-0.34206119179725649,0.08356618881225586,0.0659186840057373,0.9996383786201477,-0.02523709461092949,-0.009286545217037201,0.026205960661172868,0.9917004704475403,0.12587088346481324,0.006033018697053194,-0.12606877088546754,0.9920032024383545],"EasingStyle":"Constant","EasingDirection":"In"},"Right Arm":{"Weight":1,"CFrame":[0.0816863477230072,0.6883604526519775,0.07477271556854248,-0.8750028014183044,-0.02904224582016468,0.48324599862098696,0.0894860178232193,-0.9907007217407227,0.10249122232198715,0.4757755696773529,0.13292382657527924,0.869464635848999],"EasingStyle":"Constant","EasingDirection":"In"},"Head":{"Weight":1,"CFrame":[6.705522537231445e-8,-6.752088665962219e-9,-1.1920928955078126e-7,0.7530317306518555,-0.6579810380935669,-0.002080528298392892,0.6565103530883789,0.7515527009963989,-0.06452105194330216,0.04401722550392151,0.04722049832344055,0.99791419506073],"EasingStyle":"Constant","EasingDirection":"In"},"Right Leg":{"Weight":1,"CFrame":[0.31155064702033999,0.17898863554000855,0.009063124656677246,0.9870067238807678,0.12260574102401734,-0.10385371744632721,-0.09897255897521973,0.9730748534202576,0.20815828442573548,0.12657885253429414,-0.19517496228218079,0.9725660681724548],"EasingStyle":"Constant","EasingDirection":"In"},"Torso":{"Weight":1,"CFrame":[-0.03971608728170395,0.02398938685655594,-0.072906494140625,0.7485390305519104,0.6613152027130127,-0.04849356785416603,-0.6602335572242737,0.7500996589660645,0.03797805309295654,0.06149047240614891,0.003589031985029578,0.9981012344360352],"EasingStyle":"Constant","EasingDirection":"In"},"HumanoidRootPart":{"Weight":0,"CFrame":[0,0,0,1,0,0,0,1,0,0,0,1],"EasingStyle":"Linear","EasingDirection":"In"},"Left Arm":{"Weight":1,"CFrame":[0.746380090713501,-0.0680881142616272,0.286517858505249,0.9255689382553101,0.0009425317402929068,-0.3785780370235443,-0.12236449122428894,0.9470655918121338,-0.29680588841438296,0.35825851559638979,0.32103878259658816,0.8766897320747376],"EasingStyle":"Constant","EasingDirection":"In"}}},{"Time":0.5,"poses":{"Left Leg":{"Weight":1,"CFrame":[-0.36059918999671938,0.08851319551467896,0.05272984504699707,0.9969164133071899,-0.05829142406582832,-0.052532996982336047,0.06595712900161743,0.9851487874984741,0.15852972865104676,0.04251199960708618,-0.1615058332681656,0.9859557747840881],"EasingStyle":"Constant","EasingDirection":"In"},"Right Arm":{"Weight":1,"CFrame":[0.27457907795906069,0.6288955211639404,0.019648075103759767,-0.7715461254119873,-0.37366437911987307,0.5148704051971436,0.4770154356956482,-0.8752840161323547,0.07958707213401795,0.4209190905094147,0.30700623989105227,0.8535656929016113],"EasingStyle":"Constant","EasingDirection":"In"},"Head":{"Weight":1,"CFrame":[8.568167686462403e-8,0,-4.76837158203125e-7,0.7492750883102417,-0.662241518497467,-0.004808227065950632,0.6602042317390442,0.7475022077560425,-0.07328563183546066,0.0521269254386425,0.05173668637871742,0.9972994923591614],"EasingStyle":"Constant","EasingDirection":"In"},"Right Leg":{"Weight":1,"CFrame":[0.3072209358215332,0.16053861379623414,0.002729177474975586,0.9893593192100525,0.12456686794757843,-0.07517452538013458,-0.10765105485916138,0.9743292927742004,0.1977211982011795,0.09787429124116898,-0.18752478063106538,0.9773715734481812],"EasingStyle":"Constant","EasingDirection":"In"},"Torso":{"Weight":1,"CFrame":[-0.025837816298007966,0.027810730040073396,-0.06870579719543457,0.7452560663223267,0.6660946011543274,-0.030189258977770807,-0.6648746132850647,0.7457850575447083,0.041790369898080829,0.05035104230046272,-0.011072451248764992,0.998670220375061],"EasingStyle":"Constant","EasingDirection":"In"},"HumanoidRootPart":{"Weight":0,"CFrame":[0,0,0,1,0,0,0,1,0,0,0,1],"EasingStyle":"Linear","EasingDirection":"In"},"Left Arm":{"Weight":1,"CFrame":[0.7666558623313904,-0.06787216663360596,0.286655068397522,0.925674557685852,-0.0021949801594018938,-0.37831440567970278,-0.1263997107744217,0.9407247304916382,-0.3147382140159607,0.35658061504364016,0.3391638994216919,0.8705275058746338],"EasingStyle":"Constant","EasingDirection":"In"}}},{"Time":0.5416666865348816,"poses":{"Left Leg":{"Weight":1,"CFrame":[-0.36059918999671938,0.08851319551467896,0.05272984504699707,0.9969164133071899,-0.05829142406582832,-0.052532996982336047,0.06595712900161743,0.9851487874984741,0.15852972865104676,0.04251199960708618,-0.1615058332681656,0.9859557747840881],"EasingStyle":"Constant","EasingDirection":"In"},"Right Arm":{"Weight":1,"CFrame":[0.27457907795906069,0.6288955211639404,0.019648075103759767,-0.7715461254119873,-0.37366437911987307,0.5148704051971436,0.4770154356956482,-0.8752840161323547,0.07958707213401795,0.4209190905094147,0.30700623989105227,0.8535656929016113],"EasingStyle":"Constant","EasingDirection":"In"},"Head":{"Weight":1,"CFrame":[8.568167686462403e-8,0,-4.76837158203125e-7,0.7492750883102417,-0.662241518497467,-0.004808227065950632,0.6602042317390442,0.7475022077560425,-0.07328563183546066,0.0521269254386425,0.05173668637871742,0.9972994923591614],"EasingStyle":"Constant","EasingDirection":"In"},"Right Leg":{"Weight":1,"CFrame":[0.3072209358215332,0.16053861379623414,0.002729177474975586,0.9893593192100525,0.12456686794757843,-0.07517452538013458,-0.10765105485916138,0.9743292927742004,0.1977211982011795,0.09787429124116898,-0.18752478063106538,0.9773715734481812],"EasingStyle":"Constant","EasingDirection":"In"},"Torso":{"Weight":1,"CFrame":[-0.025837816298007966,0.027810730040073396,-0.06870579719543457,0.7452560663223267,0.6660946011543274,-0.030189258977770807,-0.6648746132850647,0.7457850575447083,0.041790369898080829,0.05035104230046272,-0.011072451248764992,0.998670220375061],"EasingStyle":"Constant","EasingDirection":"In"},"HumanoidRootPart":{"Weight":0,"CFrame":[0,0,0,1,0,0,0,1,0,0,0,1],"EasingStyle":"Linear","EasingDirection":"In"},"Left Arm":{"Weight":1,"CFrame":[0.7666558623313904,-0.06787216663360596,0.286655068397522,0.925674557685852,-0.0021949801594018938,-0.37831440567970278,-0.1263997107744217,0.9407247304916382,-0.3147382140159607,0.35658061504364016,0.3391638994216919,0.8705275058746338],"EasingStyle":"Constant","EasingDirection":"In"}}},{"Time":0.5833333134651184,"poses":{"Left Leg":{"Weight":1,"CFrame":[-0.3289547860622406,0.07842528820037842,0.13068652153015138,0.9813284277915955,-0.027123525738716127,0.1904178410768509,0.023813819512724878,0.9995232820510864,0.019648360088467599,-0.19086012244224549,-0.014746876433491707,0.9815065264701843],"EasingStyle":"Constant","EasingDirection":"In"},"Right Arm":{"Weight":1,"CFrame":[0.471625953912735,0.26808029413223269,-0.04510807991027832,-0.5419135093688965,-0.6580032706260681,0.5228398442268372,0.8010446429252625,-0.5926179885864258,0.08444719016551972,0.254277765750885,0.4645810127258301,0.8482376933097839],"EasingStyle":"Constant","EasingDirection":"In"},"Head":{"Weight":1,"CFrame":[8.940696716308594e-8,-7.450580596923828e-9,0,0.7841166853904724,-0.6203624606132507,-0.017649883404374124,0.6162303686141968,0.7816378474235535,-0.09644840657711029,0.07362879067659378,0.06475040316581726,0.9951815009117127],"EasingStyle":"Constant","EasingDirection":"In"},"Right Leg":{"Weight":1,"CFrame":[0.3165239095687866,0.1540049910545349,0.028632402420043947,0.9694831967353821,0.20314987003803254,-0.13723152875900269,-0.17455361783504487,0.9650522470474243,0.19546157121658326,0.1721435934305191,-0.16554248332977296,0.971062421798706],"EasingStyle":"Constant","EasingDirection":"In"},"Torso":{"Weight":1,"CFrame":[-0.02084103412926197,-0.004671931266784668,-0.09058618545532227,0.7781145572662354,0.628011167049408,-0.01182185672223568,-0.6271288394927979,0.7778043150901794,0.04159180074930191,0.03531520068645477,-0.02494935691356659,0.9990647435188294],"EasingStyle":"Constant","EasingDirection":"In"},"HumanoidRootPart":{"Weight":0,"CFrame":[0,0,0,1,0,0,0,1,0,0,0,1],"EasingStyle":"Linear","EasingDirection":"In"},"Left Arm":{"Weight":1,"CFrame":[0.7584287524223328,-0.036100149154663089,0.2400304079055786,0.9281185865402222,-0.09258436411619187,-0.36058861017227175,-0.032058849930763248,0.9451081156730652,-0.3251814544200897,0.3709019720554352,0.31336691975593569,0.874204158782959],"EasingStyle":"Constant","EasingDirection":"In"}}},{"Time":0.625,"poses":{"Left Leg":{"Weight":1,"CFrame":[-0.3289547860622406,0.07842528820037842,0.13068652153015138,0.9813284277915955,-0.027123525738716127,0.1904178410768509,0.023813819512724878,0.9995232820510864,0.019648360088467599,-0.19086012244224549,-0.014746876433491707,0.9815065264701843],"EasingStyle":"Constant","EasingDirection":"In"},"Right Arm":{"Weight":1,"CFrame":[0.471625953912735,0.26808029413223269,-0.04510807991027832,-0.5419135093688965,-0.6580032706260681,0.5228398442268372,0.8010446429252625,-0.5926179885864258,0.08444719016551972,0.254277765750885,0.4645810127258301,0.8482376933097839],"EasingStyle":"Constant","EasingDirection":"In"},"Head":{"Weight":1,"CFrame":[8.940696716308594e-8,-7.450580596923828e-9,0,0.7841166853904724,-0.6203624606132507,-0.017649883404374124,0.6162303686141968,0.7816378474235535,-0.09644840657711029,0.07362879067659378,0.06475040316581726,0.9951815009117127],"EasingStyle":"Constant","EasingDirection":"In"},"Right Leg":{"Weight":1,"CFrame":[0.3165239095687866,0.1540049910545349,0.028632402420043947,0.9694831967353821,0.20314987003803254,-0.13723152875900269,-0.17455361783504487,0.9650522470474243,0.19546157121658326,0.1721435934305191,-0.16554248332977296,0.971062421798706],"EasingStyle":"Constant","EasingDirection":"In"},"Torso":{"Weight":1,"CFrame":[-0.02084103412926197,-0.004671931266784668,-0.09058618545532227,0.7781145572662354,0.628011167049408,-0.01182185672223568,-0.6271288394927979,0.7778043150901794,0.04159180074930191,0.03531520068645477,-0.02494935691356659,0.9990647435188294],"EasingStyle":"Constant","EasingDirection":"In"},"HumanoidRootPart":{"Weight":0,"CFrame":[0,0,0,1,0,0,0,1,0,0,0,1],"EasingStyle":"Linear","EasingDirection":"In"},"Left Arm":{"Weight":1,"CFrame":[0.7584287524223328,-0.036100149154663089,0.2400304079055786,0.9281185865402222,-0.09258436411619187,-0.36058861017227175,-0.032058849930763248,0.9451081156730652,-0.3251814544200897,0.3709019720554352,0.31336691975593569,0.874204158782959],"EasingStyle":"Constant","EasingDirection":"In"}}},{"Time":0.6666666865348816,"poses":{"Left Leg":{"Weight":1,"CFrame":[-0.08604060113430023,-0.03520667552947998,0.18231236934661866,0.8342547416687012,0.09022505581378937,0.543947160243988,0.02207467518746853,0.9802646636962891,-0.1964535266160965,-0.5509371757507324,0.17589975893497468,0.8157986998558044],"EasingStyle":"Constant","EasingDirection":"In"},"Right Arm":{"Weight":1,"CFrame":[0.6036780476570129,-0.09273549914360047,-0.09130257368087769,-0.21838918328285218,-0.8216318488121033,0.526524007320404,0.9758284687995911,-0.18832631409168244,0.11086941510438919,0.008064532652497292,0.5380096435546875,0.8428999781608582],"EasingStyle":"Constant","EasingDirection":"In"},"Head":{"Weight":1,"CFrame":[9.557697921991348e-8,-1.932494342327118e-8,1.1920928955078126e-7,0.8163670897483826,-0.5767165422439575,-0.03070574253797531,0.5701516270637512,0.8132662773132324,-0.11629798263311386,0.09204291552305222,0.07743491232395172,0.9927396178245544],"EasingStyle":"Constant","EasingDirection":"In"},"Right Leg":{"Weight":1,"CFrame":[0.3170124888420105,0.14878594875335694,0.05599105358123779,0.9416806101799011,0.271246999502182,-0.1991550475358963,-0.2319711297750473,0.9519913792610169,0.19975432753562928,0.24377664923667909,-0.14190658926963807,0.9593932628631592],"EasingStyle":"Constant","EasingDirection":"In"},"Torso":{"Weight":1,"CFrame":[-0.02069510519504547,-0.037660256028175357,-0.11269855499267578,0.8087087273597717,0.5882092118263245,0.00048198405420407653,-0.5877362489700317,0.8080252408981323,0.04076113924384117,0.023586619645357133,-0.033247169107198718,0.9991688132286072],"EasingStyle":"Constant","EasingDirection":"In"},"HumanoidRootPart":{"Weight":0,"CFrame":[0,0,0,1,0,0,0,1,0,0,0,1],"EasingStyle":"Linear","EasingDirection":"In"},"Left Arm":{"Weight":1,"CFrame":[0.7244052886962891,-0.004328817129135132,0.16783249378204347,0.9233719706535339,-0.17679814994335175,-0.34077370166778567,0.06833527982234955,0.9491637945175171,-0.3072759807109833,0.37777578830718996,0.2604430913925171,0.8885127305984497],"EasingStyle":"Constant","EasingDirection":"In"}}},{"Time":0.7083333134651184,"poses":{"Left Leg":{"Weight":1,"CFrame":[-0.08604060113430023,-0.03520667552947998,0.18231236934661866,0.8342547416687012,0.09022505581378937,0.543947160243988,0.02207467518746853,0.9802646636962891,-0.1964535266160965,-0.5509371757507324,0.17589975893497468,0.8157986998558044],"EasingStyle":"Constant","EasingDirection":"In"},"Right Arm":{"Weight":1,"CFrame":[0.6036780476570129,-0.09273549914360047,-0.09130257368087769,-0.21838918328285218,-0.8216318488121033,0.526524007320404,0.9758284687995911,-0.18832631409168244,0.11086941510438919,0.008064532652497292,0.5380096435546875,0.8428999781608582],"EasingStyle":"Constant","EasingDirection":"In"},"Head":{"Weight":1,"CFrame":[9.557697921991348e-8,-1.932494342327118e-8,1.1920928955078126e-7,0.8163670897483826,-0.5767165422439575,-0.03070574253797531,0.5701516270637512,0.8132662773132324,-0.11629798263311386,0.09204291552305222,0.07743491232395172,0.9927396178245544],"EasingStyle":"Constant","EasingDirection":"In"},"Right Leg":{"Weight":1,"CFrame":[0.3170124888420105,0.14878594875335694,0.05599105358123779,0.9416806101799011,0.271246999502182,-0.1991550475358963,-0.2319711297750473,0.9519913792610169,0.19975432753562928,0.24377664923667909,-0.14190658926963807,0.9593932628631592],"EasingStyle":"Constant","EasingDirection":"In"},"Torso":{"Weight":1,"CFrame":[-0.02069510519504547,-0.037660256028175357,-0.11269855499267578,0.8087087273597717,0.5882092118263245,0.00048198405420407653,-0.5877362489700317,0.8080252408981323,0.04076113924384117,0.023586619645357133,-0.033247169107198718,0.9991688132286072],"EasingStyle":"Constant","EasingDirection":"In"},"HumanoidRootPart":{"Weight":0,"CFrame":[0,0,0,1,0,0,0,1,0,0,0,1],"EasingStyle":"Linear","EasingDirection":"In"},"Left Arm":{"Weight":1,"CFrame":[0.7244052886962891,-0.004328817129135132,0.16783249378204347,0.9233719706535339,-0.17679814994335175,-0.34077370166778567,0.06833527982234955,0.9491637945175171,-0.3072759807109833,0.37777578830718996,0.2604430913925171,0.8885127305984497],"EasingStyle":"Constant","EasingDirection":"In"}}},{"Time":0.75,"poses":{"Left Leg":{"Weight":1,"CFrame":[-0.06028081849217415,-0.03930532932281494,0.18422555923461915,0.8066366314888,0.09021126478910446,0.5841225981712341,0.03585134446620941,0.9789958596229553,-0.20070350170135499,-0.5899593234062195,0.18283644318580628,0.786459743976593],"EasingStyle":"Constant","EasingDirection":"In"},"Right Arm":{"Weight":1,"CFrame":[0.5780802965164185,-0.14421707391738892,-0.07395821809768677,0.19170890748500825,-0.8259590268135071,0.5301315784454346,0.9331250786781311,0.3208000063896179,0.162373349070549,-0.30417993664741518,0.46355053782463076,0.8322232365608215],"EasingStyle":"Constant","EasingDirection":"In"},"Head":{"Weight":1,"CFrame":[1.0203802958130837e-7,8.672941476106644e-9,-4.76837158203125e-7,0.8145701885223389,-0.579221785068512,-0.03126676380634308,0.5722720623016357,0.8112642765045166,-0.11981242150068283,0.09476356953382492,0.07970252633094788,0.9923040866851807],"EasingStyle":"Constant","EasingDirection":"In"},"Right Leg":{"Weight":1,"CFrame":[0.31964340806007388,0.14873695373535157,0.054459333419799808,0.9424389004707336,0.27191367745399477,-0.19460728764533997,-0.23308242857456208,0.9515142440795898,0.20073187351226808,0.23975324630737306,-0.14381800591945649,0.960122287273407],"EasingStyle":"Constant","EasingDirection":"In"},"Torso":{"Weight":1,"CFrame":[-0.022280966863036157,-0.041505686938762668,-0.11275839805603028,0.806890070438385,0.5907015800476074,0.00023881631204858422,-0.5902227163314819,0.8062196969985962,0.04058418050408363,0.023780597373843194,-0.03288792818784714,0.9991762042045593],"EasingStyle":"Constant","EasingDirection":"In"},"HumanoidRootPart":{"Weight":0,"CFrame":[0,0,0,1,0,0,0,1,0,0,0,1],"EasingStyle":"Linear","EasingDirection":"In"},"Left Arm":{"Weight":1,"CFrame":[0.45961591601371767,-0.08630332350730896,0.09278619289398194,0.9373606443405151,-0.009182330220937729,-0.3482396602630615,-0.02985074557363987,0.9938585758209229,-0.1065557673573494,0.34707942605018618,0.11027630418539047,0.9313297867774963],"EasingStyle":"Constant","EasingDirection":"In"}}},{"Time":0.7916666865348816,"poses":{"Left Leg":{"Weight":1,"CFrame":[-0.06028081849217415,-0.03930532932281494,0.18422555923461915,0.8066366314888,0.09021126478910446,0.5841225981712341,0.03585134446620941,0.9789958596229553,-0.20070350170135499,-0.5899593234062195,0.18283644318580628,0.786459743976593],"EasingStyle":"Constant","EasingDirection":"In"},"Right Arm":{"Weight":1,"CFrame":[0.5780802965164185,-0.14421707391738892,-0.07395821809768677,0.19170890748500825,-0.8259590268135071,0.5301315784454346,0.9331250786781311,0.3208000063896179,0.162373349070549,-0.30417993664741518,0.46355053782463076,0.8322232365608215],"EasingStyle":"Constant","EasingD