{"Sequence":[{"Time":0,"poses":{"Left Leg":{"Weight":1,"CFrame":[-0.18376648426055909,0.21245139837265016,0.1827683448791504,0.8118921518325806,-0.23329143226146699,0.5351691842079163,0.18835797905921937,0.9723408818244934,0.13811038434505464,-0.5525869727134705,-0.011327365413308144,0.8333783149719238],"EasingStyle":"Linear","EasingDirection":"In"},"Right Leg":{"Weight":1,"CFrame":[0.190933495759964,0.20366662740707398,0.18941271305084229,0.8116631507873535,0.23728840053081513,-0.5337574481964111,-0.20266516506671906,0.971407949924469,0.12366674840450287,0.54784095287323,0.007798220496624708,0.8365463018417358],"EasingStyle":"Linear","EasingDirection":"In"},"Left Arm":{"Weight":1,"CFrame":[0.4797442555427551,0.20336943864822389,0.5169618129730225,0.003224505577236414,0.04034097492694855,-0.9991808533668518,0.405705988407135,0.9132059812545776,0.03817903622984886,0.9139979481697083,-0.4054966866970062,-0.013421911746263504],"EasingStyle":"Linear","EasingDirection":"In"},"Head":{"Weight":1,"CFrame":[8.742277657347586e-8,3.725290298461914e-9,1.1920928955078126e-7,1,7.704007884967723e-7,-0.00004990684101358056,7.269384809660551e-7,0.9995500445365906,0.029995739459991456,0.00004990749584976584,-0.029995739459991456,0.9995500445365906],"EasingStyle":"Linear","EasingDirection":"In"},"Torso":{"Weight":1,"CFrame":[0,-0.023996397852897645,-0.19081974029541017,1,0,-8.742277657347586e-8,-2.622289940745759e-9,0.9995500445365906,-0.029995501041412355,8.738344092762418e-8,0.029995501041412355,0.9995500445365906],"EasingStyle":"Linear","EasingDirection":"In"},"HumanoidRootPart":{"Weight":1,"CFrame":[0,0,0,1,0,0,0,1,0,0,0,1],"EasingStyle":"Linear","EasingDirection":"In"},"Right Arm":{"Weight":1,"CFrame":[-0.4837993085384369,0.15708154439926148,0.5067312717437744,0.03330077975988388,-0.04480217397212982,0.998440682888031,-0.3858475387096405,0.9209693670272827,0.05419488623738289,-0.9219613671302795,-0.38705068826675417,0.013382283970713616],"EasingStyle":"Linear","EasingDirection":"In"}}},{"Time":0.03333333507180214,"poses":{"Left Leg":{"Weight":1,"CFrame":[-0.3799777030944824,0.20615828037261964,0.10324609279632569,0.9213100075721741,-0.2726316750049591,0.27723607420921328,0.2327728122472763,0.9578431248664856,0.16838495433330537,-0.31145578622817995,-0.09060166776180268,0.9459316730499268],"EasingStyle":"Linear","EasingDirection":"In"},"Right Leg":{"Weight":1,"CFrame":[0.4134262204170227,0.19649243354797364,0.09110653400421143,0.9304618239402771,0.28034868836402895,-0.23589271306991578,-0.2487792670726776,0.9560818672180176,0.1549718976020813,0.26897895336151125,-0.0855102688074112,0.9593426585197449],"EasingStyle":"Linear","EasingDirection":"In"},"Left Arm":{"Weight":1,"CFrame":[0.4797442555427551,0.20336943864822389,0.5169618129730225,0.0012992974370718003,0.04111654683947563,-0.9991535544395447,0.3415442109107971,0.9390527009963989,0.03908732905983925,0.9398648142814636,-0.34130585193634035,-0.012822992168366909],"EasingStyle":"Linear","EasingDirection":"In"},"Head":{"Weight":1,"CFrame":[8.742277657347586e-8,3.725290298461914e-9,-5.960464477539063e-8,1,7.704007884967723e-7,-0.00004990684101358056,7.269384809660551e-7,0.9995500445365906,0.029995739459991456,0.00004990749584976584,-0.029995739459991456,0.9995500445365906],"EasingStyle":"Linear","EasingDirection":"In"},"Torso":{"Weight":1,"CFrame":[0,-0.023996397852897645,-0.1942272186279297,1,0,-8.742277657347586e-8,-2.622289940745759e-9,0.9995500445365906,-0.029995501041412355,8.738344092762418e-8,0.029995501041412355,0.9995500445365906],"EasingStyle":"Linear","EasingDirection":"In"},"HumanoidRootPart":{"Weight":1,"CFrame":[0,0,0,1,0,0,0,1,0,0,0,1],"EasingStyle":"Linear","EasingDirection":"In"},"Right Arm":{"Weight":1,"CFrame":[-0.4837993085384369,0.15708154439926148,0.5067312717437744,0.03228051960468292,-0.045208707451820376,0.9984559416770935,-0.35185277462005618,0.9345143437385559,0.053688984364271167,-0.9354985952377319,-0.35304272174835207,0.014259856194257737],"EasingStyle":"Linear","EasingDirection":"In"}}},{"Time":0.06666667014360428,"poses":{"Left Leg":{"Weight":1,"CFrame":[-0.5783162117004395,0.18715643882751466,-0.05823463201522827,0.9549365043640137,-0.2917116582393646,-0.05477815121412277,0.29679158329963686,0.936404824256897,0.18724530935287476,-0.0033271394204348327,-0.19506509602069856,0.9807847142219544],"EasingStyle":"Linear","EasingDirection":"In"},"Right Leg":{"Weight":1,"CFrame":[0.6241000890731812,0.1741989254951477,-0.10893136262893677,0.945406436920166,0.29310551285743716,0.1424637734889984,-0.31521478295326235,0.9334160685539246,0.17138898372650147,-0.082742840051651,-0.2069389969110489,0.9748486280441284],"EasingStyle":"Linear","EasingDirection":"In"},"Left Arm":{"Weight":1,"CFrame":[0.4797442555427551,0.20336943864822389,0.5169618129730225,-0.0006754164933227003,0.04175717011094093,-0.9991276264190674,0.2757478952407837,0.9603993892669678,0.03995212912559509,0.9612297415733337,-0.2754803001880646,-0.01216312125325203],"EasingStyle":"Linear","EasingDirection":"In"},"Head":{"Weight":1,"CFrame":[8.742280499518529e-8,1.1175870895385743e-8,3.5762786865234377e-7,1,7.704007884967723e-7,-0.00004990684101358056,7.269384809660551e-7,0.9995500445365906,0.029995739459991456,0.00004990749584976584,-0.029995739459991456,0.9995500445365906],"EasingStyle":"Linear","EasingDirection":"In"},"Torso":{"Weight":1,"CFrame":[0,-0.023996397852897645,-0.20251846313476563,1,0,-8.742277657347586e-8,-2.622289940745759e-9,0.9995500445365906,-0.029995501041412355,8.738344092762418e-8,0.029995501041412355,0.9995500445365906],"EasingStyle":"Linear","EasingDirection":"In"},"HumanoidRootPart":{"Weight":1,"CFrame":[0,0,0,1,0,0,0,1,0,0,0,1],"EasingStyle":"Linear","EasingDirection":"In"},"Right Arm":{"Weight":1,"CFrame":[-0.4837993085384369,0.15708178281784059,0.5067312717437744,0.031246207654476167,-0.04557756334543228,0.9984720945358276,-0.31738555431365969,0.9468058943748474,0.053151294589042667,-0.9477817416191101,-0.31856146454811098,0.015118477866053582],"EasingStyle":"Linear","EasingDirection":"In"}}},{"Time":0.10000000149011612,"poses":{"Left Leg":{"Weight":1,"CFrame":[-0.3727591931819916,0.22126775979995728,0.12751877307891847,0.9025604128837586,-0.282728910446167,0.3247292637825012,0.2398429661989212,0.9564879536628723,0.16615080833435059,-0.35757532715797427,-0.07207705080509186,0.9310986995697022],"EasingStyle":"Linear","EasingDirection":"In"},"Right Leg":{"Weight":1,"CFrame":[0.46980369091033938,0.20567268133163453,0.07168090343475342,0.936012327671051,0.299041211605072,-0.1856212466955185,-0.2713753581047058,0.9490066766738892,0.16044238209724427,0.22413472831249238,-0.09980309754610062,0.9694344401359558],"EasingStyle":"Linear","EasingDirection":"In"},"Left Arm":{"Weight":1,"CFrame":[0.47965285181999209,0.20032340288162232,0.5271196365356445,0.00023220203001983464,0.04148145392537117,-0.9991392493247986,0.3059898614883423,0.9512124061584473,0.03956270217895508,0.9520348310470581,-0.30573561787605288,-0.012472010217607022],"EasingStyle":"Linear","EasingDirection":"In"},"Head":{"Weight":1,"CFrame":[8.742280499518529e-8,3.725290298461914e-9,-5.960464477539063e-8,1,7.704007884967723e-7,-0.00004990684101358056,7.269384809660551e-7,0.9995500445365906,0.029995739459991456,0.00004990749584976584,-0.029995739459991456,0.9995500445365906],"EasingStyle":"Linear","EasingDirection":"In"},"Torso":{"Weight":1,"CFrame":[0,-0.023996397852897645,-0.21279621124267579,1,0,-8.742277657347586e-8,-2.622289940745759e-9,0.9995500445365906,-0.029995501041412355,8.738344092762418e-8,0.029995501041412355,0.9995500445365906],"EasingStyle":"Linear","EasingDirection":"In"},"HumanoidRootPart":{"Weight":1,"CFrame":[0,0,0,1,0,0,0,1,0,0,0,1],"EasingStyle":"Linear","EasingDirection":"In"},"Right Arm":{"Weight":1,"CFrame":[-0.4837993085384369,0.15708154439926148,0.5128259658813477,0.03157567232847214,-0.04546463117003441,0.9984667897224426,-0.32835903763771059,0.9430465698242188,0.0533251091837883,-0.9440250992774963,-0.3295394778251648,0.014848645776510239],"EasingStyle":"Linear","EasingDirection":"In"}}},{"Time":0.13333334028720857,"poses":{"Left Leg":{"Weight":1,"CFrame":[-0.1653372347354889,0.23679763078689576,0.2167435884475708,0.7655393481254578,-0.24115465581417085,0.5964847207069397,0.20331861078739167,0.9702650308609009,0.13132858276367188,-0.6104187965393066,0.020739244297146798,0.7918072938919067],"EasingStyle":"Linear","EasingDirection":"In"},"Right Leg":{"Weight":1,"CFrame":[0.28632688522338869,0.22487080097198487,0.1875523328781128,0.8430545330047607,0.2731596827507019,-0.4632956385612488,-0.23705019056797028,0.9619573354721069,0.13581354916095735,0.48276957869529726,-0.0046739596873521809,0.8757351040840149],"EasingStyle":"Linear","EasingDirection":"In"},"Left Arm":{"Weight":1,"CFrame":[0.4794047474861145,0.19205576181411744,0.5459842681884766,0.0018932668026536704,0.04089365527033806,-0.9991617202758789,0.3613448441028595,0.9316241145133972,0.038814105093479159,0.9324303865432739,-0.36111530661582949,-0.01301287580281496],"EasingStyle":"Linear","EasingDirection":"In"},"Head":{"Weight":1,"CFrame":[8.742280499518529e-8,3.725290298461914e-9,-5.960464477539063e-8,1,7.704007884967723e-7,-0.00004990684101358056,7.269384809660551e-7,0.9995500445365906,0.029995739459991456,0.00004990749584976584,-0.029995739459991456,0.9995500445365906],"EasingStyle":"Linear","EasingDirection":"In"},"Torso":{"Weight":1,"CFrame":[0,-0.023996397852897645,-0.22216391563415528,1,0,-8.742277657347586e-8,-2.622289940745759e-9,0.9995500445365906,-0.029995501041412355,8.738344092762418e-8,0.029995501041412355,0.9995500445365906],"EasingStyle":"Linear","EasingDirection":"In"},"HumanoidRootPart":{"Weight":1,"CFrame":[0,0,0,1,0,0,0,1,0,0,0,1],"EasingStyle":"Linear","EasingDirection":"In"},"Right Arm":{"Weight":1,"CFrame":[-0.4837993085384369,0.15708154439926148,0.5241447687149048,0.03218338266015053,-0.045245084911584857,0.9984573721885681,-0.3486209809780121,0.9357276558876038,0.05363958328962326,-0.9367110729217529,-0.34980958700180056,0.014341526664793492],"EasingStyle":"Linear","EasingDirection":"In"}}},{"Time":0.1666666716337204,"poses":{"Left Leg":{"Weight":1,"CFrame":[-0.3922502398490906,0.23217332363128663,0.13237059116363526,0.89863520860672,-0.2945847511291504,0.325076162815094,0.2516951858997345,0.9531240463256836,0.1679409295320511,-0.35931074619293215,-0.06909750401973725,0.9306564331054688],"EasingStyle":"Linear","EasingDirection":"In"},"Right Leg":{"Weight":1,"CFrame":[0.48978346586227419,0.21584373712539674,0.07387101650238037,0.931955099105835,0.31120502948760989,-0.18604029715061189,-0.2832709848880768,0.9452334642410278,0.16214574873447419,0.22631216049194337,-0.09841281175613404,0.9690706133842468],"EasingStyle":"Linear","EasingDirection":"In"},"Left Arm":{"Weight":1,"CFrame":[0.47903910279273989,0.17987161874771119,0.5561419725418091,0.002772403182461858,0.04053714498877525,-0.9991742372512817,0.39063364267349245,0.9197450280189514,0.03839845955371857,0.9205421209335327,-0.3904174566268921,-0.013285225257277489],"EasingStyle":"Linear","EasingDirection":"In"},"Head":{"Weight":1,"CFrame":[8.742277657347586e-8,-3.725290298461914e-9,-2.980232238769531e-7,1,7.704007884967723e-7,-0.00004990684101358056,7.269384809660551e-7,0.9995500445365906,0.029995739459991456,0.00004990749584976584,-0.029995739459991456,0.9995500445365906],"EasingStyle":"Linear","EasingDirection":"In"},"Torso":{"Weight":1,"CFrame":[0,-0.023996397852897645,-0.22858333587646485,1,0,-8.742277657347586e-8,-2.622289940745759e-9,0.9995500445365906,-0.029995501041412355,8.738344092762418e-8,0.029995501041412355,0.9995500445365906],"EasingStyle":"Linear","EasingDirection":"In"},"HumanoidRootPart":{"Weight":1,"CFrame":[0,0,0,1,0,0,0,1,0,0,0,1],"EasingStyle":"Linear","EasingDirection":"In"},"Right Arm":{"Weight":1,"CFrame":[-0.4837993085384369,0.15708154439926148,0.530239462852478,0.032509010285139087,-0.045121386647224429,0.9984524846076965,-0.35946404933929446,0.9316065311431885,0.05380438640713692,-0.932592511177063,-0.3606570065021515,0.01406615786254406],"EasingStyle":"Linear","EasingDirection":"In"}}},{"Time":0.20000000298023225,"poses":{"Left Leg":{"Weight":1,"CFrame":[-0.6191223859786987,0.2049543261528015,-0.0637737512588501,0.9470422267913818,-0.31657201051712038,-0.053789205849170688,0.3209352493286133,0.9276425838470459,0.19099679589271546,-0.010567115619778633,-0.1981448531150818,0.9801158905029297],"EasingStyle":"Linear","EasingDirection":"In"},"Right Leg":{"Weight":1,"CFrame":[0.6640811562538147,0.19121474027633668,-0.1176488995552063,0.9376470446586609,0.31744566559791567,0.14158514142036439,-0.3393178880214691,0.9242880344390869,0.1748001128435135,-0.07537584751844406,-0.21194317936897279,0.9743708372116089],"EasingStyle":"Linear","EasingDirection":"In"},"Left Arm":{"Weight":1,"CFrame":[0.47861260175704958,0.16565710306167603,0.5398893356323242,0.002452113665640354,0.04067079722881317,-0.9991695880889893,0.37996137142181399,0.9241987466812134,0.03855154663324356,0.9249991178512573,-0.37974032759666445,-0.013187071308493615],"EasingStyle":"Linear","EasingDirection":"In"},"Head":{"Weight":1,"CFrame":[8.742280499518529e-8,3.725290298461914e-9,-5.960464477539063e-8,1,7.704007884967723e-7,-0.00004990684101358056,7.269384809660551e-7,0.9995500445365906,0.029995739459991456,0.00004990749584976584,-0.029995739459991456,0.9995500445365906],"EasingStyle":"Linear","EasingDirection":"In"},"Torso":{"Weight":1,"CFrame":[0,-0.023996397852897645,-0.23345351219177247,1,0,-8.742277657347586e-8,-2.622289940745759e-9,0.9995500445365906,-0.029995501041412355,8.738344092762418e-8,0.029995501041412355,0.9995500445365906],"EasingStyle":"Linear","EasingDirection":"In"},"HumanoidRootPart":{"Weight":1,"CFrame":[0,0,0,1,0,0,0,1,0,0,0,1],"EasingStyle":"Linear","EasingDirection":"In"},"Right Arm":{"Weight":1,"CFrame":[-0.48361650109291079,0.15098947286605836,0.5180500745773315,0.03211591765284538,-0.04527014121413231,0.9984583854675293,-0.34637191891670229,0.9365645051002502,0.053605031222105029,-0.9375473856925964,-0.3475596010684967,0.014398360624909401],"EasingStyle":"Linear","EasingDirection":"In"}}},{"Time":0.23333333432674409,"poses":{"Left Leg":{"Weight":1,"CFrame":[-0.4045778512954712,0.23941099643707276,0.1353665590286255,0.8960537314414978,-0.3020956516265869,0.325309157371521,0.25917965173721316,0.9509026408195496,0.16914553940296174,-0.3604355454444885,-0.06724994629621506,0.9303568005561829],"EasingStyle":"Linear","EasingDirection":"In"},"Right Leg":{"Weight":1,"CFrame":[0.5024284720420837,0.22260630130767823,0.07519614696502686,0.9292879700660706,0.3189166188240051,-0.18632227182388307,-0.29079577326774599,0.9427478313446045,0.1632922738790512,0.2277316004037857,-0.09756384044885636,0.9688239097595215],"EasingStyle":"Linear","EasingDirection":"In"},"Left Arm":{"Weight":1,"CFrame":[0.4782513380050659,0.15361839532852174,0.5097061395645142,0.0018533701077103615,0.040909089148044589,-0.9991611838340759,0.3600066602230072,0.9321413040161133,0.03883281350135803,0.9329478740692139,-0.35977664589881899,-0.01299994345754385],"EasingStyle":"Linear","EasingDirection":"In"},"Head":{"Weight":1,"CFrame":[8.742274815176643e-8,-3.725290298461914e-9,-5.960464477539063e-8,1,7.704007884967723e-7,-0.00004990684101358056,7.269384809660551e-7,0.9995500445365906,0.029995739459991456,0.00004990749584976584,-0.029995739459991456,0.9995500445365906],"EasingStyle":"Linear","EasingDirection":"In"},"Torso":{"Weight":1,"CFrame":[0,-0.023996397852897645,-0.23903179168701173,1,0,-8.742277657347586e-8,-2.622289940745759e-9,0.9995500445365906,-0.029995501041412355,8.738344092762418e-8,0.029995501041412355,0.9995500445365906],"EasingStyle":"Linear","EasingDirection":"In"},"HumanoidRootPart":{"Weight":1,"CFrame":[0,0,0,1,0,0,0,1,0,0,0,1],"EasingStyle":"Linear","EasingDirection":"In"},"Right Arm":{"Weight":1,"CFrame":[-0.48327699303627016,0.1396757960319519,0.49541258811950686,0.03138114511966705,-0.04553184285759926,0.9984699487686157,-0.32187697291374209,0.945284366607666,0.053222786635160449,-0.9462613463401794,-0.3230547308921814,0.015008507296442986],"EasingStyle":"Linear","EasingDirection":"In"}}},{"Time":0.2666666805744171,"poses":{"Left Leg":{"Weight":1,"CFrame":[-0.19070634245872498,0.25618040561676028,0.2324845790863037,0.7602744698524475,-0.2566216289997101,0.5967645645141602,0.22104552388191224,0.9660406112670898,0.13380755484104157,-0.6108368039131165,0.03018169291317463,0.7911811470985413],"EasingStyle":"Linear","EasingDirection":"In"},"Right Leg":{"Weight":1,"CFrame":[0.31390896439552309,0.24306362867355348,0.19932794570922852,0.8371416330337524,0.2899911403656006,-0.4637877941131592,-0.25489920377731326,0.9570261836051941,0.13830123841762544,0.4839632511138916,0.0024413722567260267,0.8750849962234497],"EasingStyle":"Linear","EasingDirection":"In"},"Left Arm":{"Weight":1,"CFrame":[0.47809898853302,0.14854198694229127,0.4934535026550293,0.0015288314316421748,0.04103206843137741,-0.9991567730903626,0.349193274974823,0.9362395405769348,0.03898250311613083,0.9370495676994324,-0.3489583134651184,-0.012896754778921605],"EasingStyle":"Linear","EasingDirection":"In"},"Head":{"Weight":1,"CFrame":[8.742280499518529e-8,1.1175870895385743e-8,3.5762786865234377e-7,1,7.704007884967723e-7,-0.00004990684101358056,7.269384809660551e-7,0.9995500445365906,0.029995739459991456,0.00004990749584976584,-0.029995739459991456,0.9995500445365906],"EasingStyle":"Linear","EasingDirection":"In"},"Torso":{"Weight":1,"CFrame":[0,-0.023996397852897645,-0.24757623672485352,1,0,-8.742277657347586e-8,-2.622289940745759e-9,0.9995500445365906,-0.029995501041412355,8.738344092762418e-8,0.029995501041412355,0.9995500445365906],"EasingStyle":"Linear","EasingDirection":"In"},"HumanoidRootPart":{"Weight":1,"CFrame":[0,0,0,1,0,0,0,1,0,0,0,1],"EasingStyle":"Linear","EasingDirection":"In"},"Right Arm":{"Weight":1,"CFrame":[-0.483094185590744,0.13358420133590699,0.48322319984436037,0.030982550233602525,-0.04566485062241554,0.9984762072563171,-0.30859705805778506,0.9497146010398865,0.053010329604148868,-0.9506881833076477,-0.3097693920135498,0.015332590788602829],"EasingStyle":"Linear","EasingDirection":"In"}}},{"Time":0.30000001192092898,"poses":{"Left Leg":{"Weight":1,"CFrame":[-0.4295211434364319,0.2549355626106262,0.1412334442138672,0.8905893564224243,-0.31732457876205447,0.32581543922424319,0.27429068088531496,0.9461811184883118,0.17177268862724305,-0.3627881407737732,-0.06361074000597,0.9296980500221252],"EasingStyle":"Linear","EasingDirection":"In"},"Right Leg":{"Weight":1,"CFrame":[0.528030276298523,0.23714107275009156,0.07771646976470947,0.9236460328102112,0.334563672542572,-0.18693605065345765,-0.3060191869735718,0.9374779462814331,0.16579341888427735,0.23071695864200593,-0.0959283858537674,0.9682806730270386],"EasingStyle":"Linear","EasingDirection":"In"},"Left Arm":{"Weight":1,"CFrame":[0.4790979325771332,0.18182998895645142,0.49345362186431887,0.003672715276479721,0.04013773053884506,-0.9991874098777771,0.4206361174583435,0.9064350724220276,0.03795788064599037,0.9072220325469971,-0.42043372988700869,-0.013554295524954796],"EasingStyle":"Linear","EasingDirection":"In"},"Head":{"Weight":1,"CFrame":[8.742274815176643e-8,-3.725290298461914e-9,-5.960464477539063e-8,1,7.704007884967723e-7,-0.00004990684101358056,7.269384809660551e-7,0.9995500445365906,0.029995739459991456,0.00004990749584976584,-0.029995739459991456,0.9995500445365906],"EasingStyle":"Linear","EasingDirection":"In"},"Torso":{"Weight":1,"CFrame":[0,-0.023996397852897645,-0.26134395599365237,1,0,-8.742277657347586e-8,-2.622289940745759e-9,0.9995500445365906,-0.029995501041412355,8.738344092762418e-8,0.029995501041412355,0.9995500445365906],"EasingStyle":"Linear","EasingDirection":"In"},"HumanoidRootPart":{"Weight":1,"CFrame":[0,0,0,1,0,0,0,1,0,0,0,1],"EasingStyle":"Linear","EasingDirection":"In"},"Right Arm":{"Weight":1,"CFrame":[-0.4845045208930969,0.18057912588119508,0.49105918407440188,0.03231284022331238,-0.04519649222493172,0.9984554648399353,-0.35292163491249087,0.9341102838516235,0.053705308586359027,-0.9350947737693787,-0.3541119396686554,0.014233019202947617],"EasingStyle":"Linear","EasingDirection":"In"}}},{"Time":0.3333333432674408,"poses":{"Left Leg":{"Weight":1,"CFrame":[-0.6749956607818604,0.23335403203964234,-0.07222592830657959,0.934996485710144,-0.3508003354072571,-0.05216062441468239,0.35400599241256716,0.9142247438430786,0.19716192781925202,-0.021477971225976945,-0.20281089842319489,0.9789823889732361],"EasingStyle":"Linear","EasingDirection":"In"},"Right Leg":{"Weight":1,"CFrame":[0.7189396023750305,0.21845513582229615,-0.13038653135299684,0.9258220195770264,0.3510209321975708,0.14013507962226869,-0.37245988845825198,0.9103438854217529,0.18040983378887177,-0.06424342840909958,-0.21922209858894349,0.9735575914382935],"EasingStyle":"Linear","EasingDirection":"In"},"Left Arm":{"Weight":1,"CFrame":[0.480449378490448,0.22686702013015748,0.49345362186431887,0.005740955006331205,0.03908008337020874,-0.9992195963859558,0.4895573854446411,0.8711906671524048,0.03688538819551468,0.8719522953033447,-0.48938706517219546,-0.014130420051515103],"EasingStyle":"Linear","EasingDirection":"In"},"Head":{"Weight":1,"CFrame":[8.742277657347586e-8,3.725290298461914e-9,1.1920928955078126e-7,1,7.704007884967723e-7,-0.00004990684101358056,7.269384809660551e-7,0.9995500445365906,0.029995739459991456,0.00004990749584976584,-0.029995739459991456,0.9995500445365906],"EasingStyle":"Linear","EasingDirection":"In"},"Torso":{"Weight":1,"CFrame":[0,-0.023996397852897645,-0.28174424171447756,1,0,-8.742277657347586e-8,-2.622289940745759e-9,0.9995500445365906,-0.029995501041412355,8.738344092762418e-8,0.029995501041412355,0.9995500445365906],"EasingStyle":"Linear","EasingDirection":"In"},"HumanoidRootPart":{"Weight":1,"CFrame":[0,0,0,1,0,0,0,1,0,0,0,1],"EasingStyle":"Linear","EasingDirection":"In"},"Right Arm":{"Weight":1,"CFrame":[-0.48591479659080508,0.22757428884506226,0.4988950490951538,0.03361948952078819,-0.04466625303030014,0.9984360933303833,-0.39646437764167788,0.9164400100708008,0.05434779077768326,-0.9174343347549439,-0.39767158031463625,0.013101739808917046],"EasingStyle":"Linear","EasingDirection":"In"}}},{"Time":0.36666667461395266,"poses":{"Left Leg":{"Weight":1,"CFrame":[-0.47524696588516238,0.28694409132003786,0.15116465091705323,0.8796975016593933,-0.34536656737327578,0.3268859088420868,0.30184313654899599,0.9367132782936096,0.17736688256263734,-0.36745500564575198,-0.05736096203327179,0.9282707571983337],"EasingStyle":"Linear","EasingDirection":"In"},"Right Leg":{"Weight":1,"CFrame":[0.5750100016593933,0.2672204375267029,0.08164942264556885,0.9124135971069336,0.363410085439682,-0.1882406622171402,-0.33389467000961306,0.9269475936889648,0.17112188041210175,0.2366766780614853,-0.09328137338161469,0.9671002626419067],"EasingStyle":"Linear","EasingDirection":"In"},"Left Arm":{"Weight":1,"CFrame":[0.48086076974868777,0.2405739426612854,0.5012897253036499,0.004590241238474846,0.0396934449672699,-0.9992013573646545,0.4512099325656891,0.8916299939155579,0.03749287500977516,0.8924060463905335,-0.451021671295166,-0.013817241415381432],"EasingStyle":"Linear","EasingDirection":"In"},"Head":{"Weight":1,"CFrame":[8.742279078433057e-8,3.725290298461914e-9,1.1920928955078126e-7,1,7.704007884967723e-7,-0.00004990684101358056,7.269384809660551e-7,0.9995500445365906,0.029995739459991456,0.00004990749584976584,-0.029995739459991456,0.9995500445365906],"EasingStyle":"Linear","EasingDirection":"In"},"Torso":{"Weight":1,"CFrame":[0,-0.023996397852897645,-0.3067891597747803,1,0,-8.742277657347586e-8,-2.622289940745759e-9,0.9995500445365906,-0.029995501041412355,8.738344092762418e-8,0.029995501041412355,0.9995500445365906],"EasingStyle":"Linear","EasingDirection":"In"},"HumanoidRootPart":{"Weight":1,"CFrame":[0,0,0,1,0,0,0,1,0,0,0,1],"EasingStyle":"Linear","EasingDirection":"In"},"Right Arm":{"Weight":1,"CFrame":[-0.48509207367897036,0.2001604437828064,0.49497711658477785,0.03272029384970665,-0.04503880441188812,0.9984493255615234,-0.3665006160736084,0.9288547039031982,0.05390998721122742,-0.9298422932624817,-0.3676963448524475,0.013885719701647759],"EasingStyle":"Linear","EasingDirection":"In"}}},{"Time":0.4000000059604645,"poses":{"Left Leg":{"Weight":1,"CFrame":[-0.2629936933517456,0.3226401209831238,0.2746925354003906,0.7430295944213867,-0.30099621415138247,0.5977526903152466,0.2707313001155853,0.9519977569580078,0.1428455114364624,-0.612055242061615,0.05569193884730339,0.7888515591621399],"EasingStyle":"Linear","EasingDirection":"In"},"Right Leg":{"Weight":1,"CFrame":[0.3925265967845917,0.3058171272277832,0.23072350025177003,0.817799985408783,0.33831971883773806,-0.4655565619468689,-0.30530086159706118,0.9407830238342285,0.14737293124198914,0.48784691095352175,0.021613167598843576,0.8726616501808167],"EasingStyle":"Linear","EasingDirection":"In"},"Left Arm":{"Weight":1,"CFrame":[0.4809194803237915,0.24253183603286744,0.509125828742981,0.0034137340262532236,0.04025619849562645,-0.9991835951805115,0.41201019287109377,0.9103829264640808,0.038086093962192538,0.9111728668212891,-0.4118037521839142,-0.01347813569009304],"EasingStyle":"Linear","EasingDirection":"In"},"Head":{"Weight":1,"CFrame":[8.742277657347586e-8,-3.725290298461914e-9,-5.960464477539063e-8,1,7.704007884967723e-7,-0.00004990684101358056,7.269384809660551e-7,0.9995500445365906,0.029995739459991456,0.00004990749584976584,-0.029995739459991456,0.9995500445365906],"EasingStyle":"Linear","EasingDirection":"In"},"Torso":{"Weight":1,"CFrame":[0,-0.023996397852897645,-0.33364152908325198,1,0,-8.742277657347586e-8,-2.622289940745759e-9,0.9995500445365906,-0.029995501041412355,8.738344092762418e-8,0.029995501041412355,0.9995500445365906],"EasingStyle":"Linear","EasingDirection":"In"},"HumanoidRootPart":{"Weight":1,"CFrame":[0,0,0,1,0,0,0,1,0,0,0,1],"EasingStyle":"Linear","EasingDirection":"In"},"Right Arm":{"Weight":1,"CFrame":[-0.48426946997642519,0.17274636030197144,0.49105918407440188,0.03141521289944649,-0.04552021995186806,0.9984694123268127,-0.3230147361755371,0.9448951482772827,0.053240809589624408,-0.94587242603302,-0.32419291138648989,0.014980431646108628],"EasingStyle":"Linear","EasingDirection":"In"}}},{"Time":0.4333333373069763,"poses":{"Left Leg":{"Weight":1,"CFrame":[-0.5211106538772583,0.32490503787994387,0.15966308116912843,0.8675491809844971,-0.3736909329891205,0.32819730043411257,0.32919415831565859,0.9261034727096558,0.1842922866344452,-0.37281301617622378,-0.051841966807842258,0.9264571666717529],"EasingStyle":"Linear","EasingDirection":"In"},"Right Leg":{"Weight":1,"CFrame":[0.622170090675354,0.30305755138397219,0.08436501026153565,0.8999085426330566,0.3925829231739044,-0.18985074758529664,-0.36175045371055605,0.9151780605316162,0.1777234673500061,0.24351844191551209,-0.09125631302595139,0.965593695640564],"EasingStyle":"Linear","EasingDirection":"In"},"Left Arm":{"Weight":1,"CFrame":[0.4809194803237915,0.24253207445144654,0.509125828742981,0.0034137340262532236,0.04025619849562645,-0.9991835951805115,0.41201019287109377,0.9103829264640808,0.038086093962192538,0.9111728668212891,-0.4118037521839142,-0.01347813569009304],"EasingStyle":"Linear","EasingDirection":"In"},"Head":{"Weight":1,"CFrame":[8.742279078433057e-8,3.725290298461914e-9,-5.960464477539063e-8,1,7.704007884967723e-7,-0.00004990684101358056,7.269384809660551e-7,0.9995500445365906,0.029995739459991456,0.00004990749584976584,-0.029995739459991456,0.9995500445365906],"EasingStyle":"Linear","EasingDirection":"In"},"Torso":{"Weight":1,"CFrame":[0,-0.023996397852897645,-0.3594651222229004,1,0,-8.742277657347586e-8,-2.622289940745759e-9,0.9995500445365906,-0.029995501041412355,8.738344092762418e-8,0.029995501041412355,0.9995500445365906],"EasingStyle":"Linear","EasingDirection":"In"},"HumanoidRootPart":{"Weight":1,"CFrame":[0,0,0,1,0,0,0,1,0,0,0,1],"EasingStyle":"Linear","EasingDirection":"In"},"Right Arm":{"Weight":1,"CFrame":[-0.48426946997642519,0.17274659872055055,0.49105918407440188,0.030491918325424196,-0.045788537710905078,0.9984856843948364,-0.30020013451576235,0.952411413192749,0.052843134850263599,-0.9533888101577759,-0.30135688185691836,0.015295172110199929],"EasingStyle":"Linear","EasingDirection":"In"}}},{"Time":0.46666666865348818,"poses":{"Left Leg":{"Weight":1,"CFrame":[-0.7677557468414307,0.29488807916641238,-0.08972001075744629,0.9115709662437439,-0.40828055143356326,-0.04842852056026459,0.4088622033596039,0.8878147602081299,0.21122677624225617,-0.043244242668151858,-0.21234875917434693,0.9762366414070129],"EasingStyle":"Linear","EasingDirection":"In"},"Right Leg":{"Weight":1,"CFrame":[0.8102473616600037,0.2777528166770935,-0.15469259023666383,0.9028900861740112,0.40752407908439639,0.1367982029914856,-0.4278106093406677,0.8829732537269592,0.19322656095027924,-0.04204459488391876,-0.23298609256744386,0.9715707302093506],"EasingStyle":"Linear","EasingDirection":"In"},"Left Arm":{"Weight":1,"CFrame":[0.4809194803237915,0.24253207445144654,0.509125828742981,0.0034137340262532236,0.04025619849562645,-0.9991835951805115,0.41201019287109377,0.9103829264640808,0.038086093962192538,0.9111728668212891,-0.4118037521839142,-0.01347813569009304],"EasingStyle":"Linear","EasingDirection":"In"},"Head":{"Weight":1,"CFrame":[8.742276236262114e-8,3.725290298461914e-9,1.1920928955078126e-7,1,7.704007884967723e-7,-0.00004990684101358056,7.269384809660551e-7,0.9995500445365906,0.029995739459991456,0.00004990749584976584,-0.029995739459991456,0.9995500445365906],"EasingStyle":"Linear","EasingDirection":"In"},"Torso":{"Weight":1,"CFrame":[0,-0.023996397852897645,-0.381422758102417,1,0,-8.742277657347586e-8,-2.622289940745759e-9,0.9995500445365906,-0.029995501041412355,8.738344092762418e-8,0.029995501041412355,0.9995500445365906],"EasingStyle":"Linear","EasingDirection":"In"},"HumanoidRootPart":{"Weight":1,"CFrame":[0,0,0,1,0,0,0,1,0,0,0,1],"EasingStyle":"Linear","EasingDirection":"In"},"Right Arm":{"Weight":1,"CFrame":[-0.48426946997642519,0.17274659872055055,0.49105918407440188,0.029441460967063905,-0.046032387763261798,0.9985060691833496,-0.28380483388900759,0.957443356513977,0.052507370710372928,-0.9584299921989441,-0.28492680191993716,0.015124378725886345],"EasingStyle":"Linear","EasingDirection":"In"}}},{"Time":0.5,"poses":{"Left Leg":{"Weight":1,"CFrame":[-0.5495877265930176,0.35241007804870608,0.16387939453125,0.8593292236328125,-0.3914063572883606,0.32917240262031557,0.34595787525177,0.9189145565032959,0.18949708342552186,-0.37665173411369326,-0.0489606112241745,0.9250602126121521],"EasingStyle":"Linear","EasingDirection":"In"},"Right Leg":{"Weight":1,"CFrame":[0.6514579057693481,0.3291197419166565,0.08515381813049317,0.8914631009101868,0.410841703414917,-0.19105683267116548,-0.3789442777633667,0.9072077870368958,0.18268895149230958,0.2483845204114914,-0.09046062082052231,0.9644283652305603],"EasingStyle":"Linear","EasingDirection":"In"},"Left Arm":{"Weight":1,"CFrame":[0.4809194803237915,0.24253183603286744,0.509125828742981,0.0034137340262532236,0.04025619849562645,-0.9991835951805115,0.41201019287109377,0.9103829264640808,0.038086093962192538,0.9111728668212891,-0.4118037521839142,-0.01347813569009304],"EasingStyle":"Linear","EasingDirection":"In"},"Head":{"Weight":1,"CFrame":[8.742277657347586e-8,-3.725290298461914e-9,-2.980232238769531e-7,1,7.704007884967723e-7,-0.00004990684101358056,7.269384809660551e-7,0.9995500445365906,0.029995739459991456,0.00004990749584976584,-0.029995739459991456,0.9995500445365906],"EasingStyle":"Linear","EasingDirection":"In"},"Torso":{"Weight":1,"CFrame":[0,-0.023996397852897645,-0.39667749404907229,1,0,-8.742277657347586e-8,-2.622289940745759e-9,0.9995500445365906,-0.029995501041412355,8.738344092762418e-8,0.029995501041412355,0.9995500445365906],"EasingStyle":"Linear","EasingDirection":"In"},"HumanoidRootPart":{"Weight":1,"CFrame":[0,0,0,1,0,0,0,1,0,0,0,1],"EasingStyle":"Linear","EasingDirection":"In"},"Right Arm":{"Weight":1,"CFrame":[-0.48426946997642519,0.17274636030197144,0.49105918407440188,0.028471920639276506,-0.04622885212302208,0.998525083065033,-0.2728058695793152,0.9606489539146423,0.05225403234362602,-0.9616476893424988,-0.2738913595676422,0.014740079641342163],"EasingStyle":"Linear","EasingDirection":"In"}}},{"Time":0.5333333611488342,"poses":{"Left Leg":{"Weight":1,"CFrame":[-0.30903613567352297,0.37742435932159426,0.29830336570739748,0.7301210165023804,-0.32957109808921816,0.5985867977142334,0.3013039529323578,0.9415170550346375,0.15086930990219117,-0.6133019328117371,0.0702037364244461,0.7867226004600525],"EasingStyle":"Linear","EasingDirection":"In"},"Right Leg":{"Weight":1,"CFrame":[0.4425210952758789,0.3578932285308838,0.24798059463500977,0.8033353090286255,0.3694263994693756,-0.46709370613098147,-0.33670222759246828,0.9286946058273315,0.15542827546596528,0.4912068247795105,0.032410431653261188,0.8704398274421692],"EasingStyle":"Linear","EasingDirection":"In"},"Left Arm":{"Weight":1,"CFrame":[0.4809194803237915,0.24253183603286744,0.509125828742981,0.0034137340262532236,0.04025619849562645,-0.9991835951805115,0.41201019287109377,0.9103829264640808,0.038086093962192538,0.9111728668212891,-0.4118037521839142,-0.01347813569009304],"EasingStyle":"Linear","EasingDirection":"In"},"Head":{"Weight":1,"CFrame":[8.742277657347586e-8,-3.725290298461914e-9,-2.980232238769531e-7,1,7.704007884967723e-7,-0.00004990684101358056,7.269384809660551e-7,0.9995500445365906,0.029995739459991456,0.00004990749584976584,-0.029995739459991456,0.9995500445365906],"EasingStyle":"Linear","EasingDirection":"In"},"Torso":{"Weight":1,"CFrame":[0,-0.023996397852897645,-0.4023928642272949,1,0,-8.742277657347586e-8,-2.622289940745759e-9,0.9995500445365906,-0.029995501041412355,8.738344092762418e-8,0.029995501041412355,0.9995500445365906],"EasingStyle":"Linear","EasingDirection":"In"},"HumanoidRootPart":{"Weight":1,"CFrame":[0,0,0,1,0,0,0,1,0,0,0,1],"EasingStyle":"Linear","EasingDirection":"In"},"Right Arm":{"Weight":1,"CFrame":[-0.48426946997642519,0.17274636030197144,0.49105918407440188,0.027791067957878114,-0.046357396990060809,0.9985383152961731,-0.266128271818161,0.9625290632247925,0.052092377096414569,-0.9635369777679443,-0.2671870291233063,0.014412757009267807],"EasingStyle":"Linear","EasingDirection":"In"}}},{"Time":0.5666666626930237,"poses":{"Left Leg":{"Weight":1,"CFrame":[-0.5405533313751221,0.35191988945007326,0.1594088077545166,0.8613633513450623,-0.3861728310585022,0.3300362229347229,0.33661484718322756,0.9204797148704529,0.19851335883140565,-0.38045212626457217,-0.059897035360336307,0.9228589534759522],"EasingStyle":"Linear","EasingDirection":"In"},"Right Leg":{"Weight":1,"CFrame":[0.6427103281021118,0.31314152479171755,0.08762753009796143,0.8946144580841065,0.4048621654510498,-0.1890810877084732,-0.3762800693511963,0.9107978343963623,0.16988448798656465,0.24099445343017579,-0.08083371818065644,0.9671544432640076],"EasingStyle":"Linear","EasingDirection":"In"},"Left Arm":{"Weight":1,"CFrame":[0.4809194505214691,0.24253159761428834,0.509125828742981,0.003413729602470994,0.04025623947381973,-0.9991835951805115,0.4120100438594818,0.9103830456733704,0.03808605298399925,0.9111729264259338,-0.41180357336997988,-0.013478146865963936],"EasingStyle":"Linear","EasingDirection":"In"},"Head":{"Weight":1,"CFrame":[8.78646915225545e-8,-3.6460363617152326e-9,-2.384185791015625e-7,1,7.70431142882444e-7,-0.0000499067064083647,7.269409252330661e-7,0.9995500445365906,0.029995813965797426,0.000049907663196790966,-0.029995812103152276,0.9995501041412354],"EasingStyle":"Linear","EasingDirection":"In"},"Torso":{"Weight":1,"CFrame":[-0.0031920447945594789,-0.023995786905288698,-0.3848600387573242,0.9999865293502808,0.00008568834164179862,0.005192726384848356,0.00007010561967035756,0.9995501637458801,-0.02999473735690117,-0.005192960146814585,0.029994700103998185,0.9995365738868713],"EasingStyle":"Linear","EasingDirection":"In"},"HumanoidRootPart":{"Weight":1,"CFrame":[0,0,0,1,0,0,0,1,0,0,0,1],"EasingStyle":"Linear","EasingDirection":"In"},"Right Arm":{"Weight":1,"CFrame":[-0.4842694103717804,0.17274600267410279,0.49105918407440188,0.027606764808297159,-0.04639529064297676,0.9985416531562805,-0.2626667618751526,0.9634829163551331,0.05202823132276535,-0.9644916653633118,-0.2637200653553009,0.01441219262778759],"EasingStyle":"Linear","EasingDirection":"In"}}},{"Time":0.6000000238418579,"poses":{"Left Leg":{"Weight":1,"CFrame":[-0.7331475615501404,0.2868763208389282,-0.08922582864761353,0.9203715324401856,-0.38850876688957217,-0.04446607828140259,0.3872859477996826,0.8898823261260986,0.24107901751995088,-0.05409177020192146,-0.23910334706306458,0.9694863557815552],"EasingStyle":"Linear","EasingDirection":"In"},"Right Leg":{"Weight":1,"CFrame":[0.7753778100013733,0.23762869834899903,-0.13947933912277223,0.9120358228683472,0.38416463136672976,0.14355595409870149,-0.40390628576278689,0.9020681381225586,0.15209542214870454,-0.07106748968362808,-0.1966995894908905,0.977884829044342],"EasingStyle":"Linear","EasingDirection":"In"},"Left Arm":{"Weight":1,"CFrame":[0.4809194803237915,0.24253207445144654,0.5091254711151123,0.003413735656067729,0.04025620222091675,-0.9991836547851563,0.41201016306877139,0.9103829860687256,0.03808607533574104,0.9111728668212891,-0.4118036925792694,-0.013478151522576809],"EasingStyle":"Linear","EasingDirection":"In"},"Head":{"Weight":1,"CFrame":[8.278220775537193e-8,8.496044756611809e-9,1.1920928955078126e-7,1,7.704676363573526e-7,-0.000049910802772501486,7.269118214026094e-7,0.9995500445365906,0.02999584935605526,0.00004990840534446761,-0.02999584749341011,0.9995501041412354],"EasingStyle":"Linear","EasingDirection":"In"},"Torso":{"Weight":1,"CFrame":[-0.010215625166893006,-0.02399391680955887,-0.3413541316986084,0.9998618960380554,0.0003115722502116114,0.016615577042102815,0.00018693467427510768,0.9995501041412354,-0.029992396011948587,-0.016617445275187494,0.029991360381245614,0.9994120001792908],"EasingStyle":"Linear","EasingDirection":"In"},"HumanoidRootPart":{"Weight":1,"CFrame":[0,0,0,1,0,0,0,1,0,0,0,1],"EasingStyle":"Linear","EasingDirection":"In"},"Right Arm":{"Weight":1,"CFrame":[-0.4842694103717804,0.1727467179298401,0.4910590648651123,0.02812511846423149,-0.04631655290722847,0.9985308647155762,-0.26129767298698428,0.9638529419898987,0.05206771194934845,-0.964848518371582,-0.2623782455921173,0.01500613708049059],"EasingStyle":"Linear","EasingDirection":"In"}}},{"Time":0.6333333253860474,"poses":{"Left Leg":{"Weight":1,"CFrame":[-0.45387911796569826,0.3135467767715454,0.13279390335083009,0.8818274736404419,-0.33438149094581606,0.3325198292732239,0.26791128516197207,0.9355208277702332,0.23027023673057557,-0.38807740807533266,-0.11397279053926468,0.9145525097846985],"EasingStyle":"Linear","EasingDirection":"In"},"Right Leg":{"Weight":1,"CFrame":[0.5514324307441711,0.21305495500564576,0.08859562873840332,0.9208425283432007,0.3462586998939514,-0.17931535840034486,-0.3309608995914459,0.9371952414512634,0.11013608425855637,0.2061891257762909,-0.04207167774438858,0.9776073694229126],"EasingStyle":"Linear","EasingDirection":"In"},"Left Arm":{"Weight":1,"CFrame":[0.4809195101261139,0.24253243207931519,0.5091257095336914,0.0034137368202209474,0.040256232023239139,-0.9991836547851563,0.4120102822780609,0.9103829860687256,0.03808611258864403,0.9111728072166443,-0.41180387139320376,-0.013478157110512257],"EasingStyle":"Linear","EasingDirection":"In"},"Head":{"Weight":1,"CFrame":[8.72714736033231e-8,2.9172042559366675e-9,1.1920928955078126e-7,1,7.704251174800447e-7,-0.0000499066554766614,7.269263733178377e-7,0.9995500445365906,0.02999584749341011,0.000049907273933058607,-0.02999584935605526,0.9995500445365906],"EasingStyle":"Linear","EasingDirection":"In"},"Torso":{"Weight":1,"CFrame":[-0.01724206656217575,-0.02399265021085739,-0.2854290008544922,0.999606728553772,0.0006308816955424845,0.028034845367074014,0.00021027241018600762,0.9995501637458801,-0.02999080903828144,-0.028041154146194459,0.029984910041093828,0.99915695