{"Sequence":[{"Time":0,"poses":{"Left Leg":{"Weight":1,"CFrame":[-0.5225078463554382,0.4424631595611572,0.011257410049438477,0.9893714189529419,0.14246013760566712,-0.029144544154405595,-0.14394327998161317,0.9879164099693298,-0.057459305971860889,0.02060670033097267,0.061043787747621539,0.9979223608970642],"EasingStyle":"Linear","EasingDirection":"In"},"Right Arm":{"Weight":1,"CFrame":[0.103188656270504,-0.2320629358291626,-0.07372391223907471,0.4918058514595032,-0.8283511400222778,0.26825645565986636,0.8437128663063049,0.5294959545135498,0.08821984380483628,-0.2151176780462265,0.18294428288936616,0.9592995643615723],"EasingStyle":"Linear","EasingDirection":"In"},"Head":{"Weight":1,"CFrame":[7.078051567077637e-8,-3.003515303134918e-8,-1.1920928955078126e-7,0.9966815710067749,0.07770182192325592,-0.024254539981484414,-0.06978048384189606,0.9690238237380981,0.23690403997898103,0.04191109538078308,-0.2344253808259964,0.9712303280830383],"EasingStyle":"Linear","EasingDirection":"In"},"Right Leg":{"Weight":1,"CFrame":[0.26893606781959536,0.17640900611877442,0.052353739738464358,0.8763174414634705,-0.4334535598754883,-0.21020394563674928,0.42344436049461367,0.9011440277099609,-0.09292088449001312,0.229700967669487,-0.007581501267850399,0.9732317924499512],"EasingStyle":"Linear","EasingDirection":"In"},"Torso":{"Weight":1,"CFrame":[0.016075773164629937,-0.29236727952957156,-0.1325080394744873,0.9940324425697327,-0.10820595920085907,0.01382810715585947,0.10601790994405747,0.9284293055534363,-0.3560609817504883,0.02568950317800045,0.3554022014141083,0.9343603849411011],"EasingStyle":"Linear","EasingDirection":"In"},"HumanoidRootPart":{"Weight":1,"CFrame":[0,0,0,1,0,0,0,1,0,0,0,1],"EasingStyle":"Linear","EasingDirection":"In"},"Left Arm":{"Weight":1,"CFrame":[-0.06730015575885773,-0.1651269793510437,-0.013146579265594483,0.7429836988449097,0.545657753944397,-0.38759908080101015,-0.5291270613670349,0.8334927558898926,0.1591050922870636,0.40987783670425417,0.08687661588191986,0.907993733882904],"EasingStyle":"Linear","EasingDirection":"In"}}},{"Time":0.03333333507180214,"poses":{"Left Leg":{"Weight":1,"CFrame":[-0.47924336791038515,0.47444283962249758,0.019814491271972657,0.9706592559814453,0.23859047889709474,-0.02992130070924759,-0.24015505611896516,0.9681544303894043,-0.07072906196117401,0.012093103490769863,0.0758395716547966,0.997046709060669],"EasingStyle":"Linear","EasingDirection":"In"},"Right Arm":{"Weight":1,"CFrame":[0.12691424787044526,-0.26362308859825137,-0.057386040687561038,0.41042235493659975,-0.8692100048065186,0.2757309675216675,0.8834155201911926,0.4539707601070404,0.11613664776086807,-0.2261209636926651,0.19591988623142243,0.9541932344436646],"EasingStyle":"Linear","EasingDirection":"In"},"Head":{"Weight":1,"CFrame":[8.940696716308594e-8,1.2316741049289704e-7,-1.1920928955078126e-7,0.9980704188346863,0.059665776789188388,-0.017190687358379365,-0.053347907960414889,0.9656538367271423,0.25429651141166689,0.03177304193377495,-0.25288864970207217,0.966973602771759],"EasingStyle":"Linear","EasingDirection":"In"},"Right Leg":{"Weight":1,"CFrame":[0.35756009817123415,0.24246639013290406,0.07469332218170166,0.9246062636375427,-0.3181542456150055,-0.20947834849357606,0.3076947331428528,0.947974681854248,-0.08165816962718964,0.22456009685993195,0.011046226136386395,0.9743977189064026],"EasingStyle":"Linear","EasingDirection":"In"},"Torso":{"Weight":1,"CFrame":[0.014964209869503975,-0.2984815835952759,-0.15172410011291505,0.9942554235458374,-0.10640101134777069,0.011617740616202355,0.10332148522138596,0.9257668256759644,-0.36370378732681277,0.027943134307861329,0.3628148138523102,0.9314422011375427],"EasingStyle":"Linear","EasingDirection":"In"},"HumanoidRootPart":{"Weight":1,"CFrame":[0,0,0,1,0,0,0,1,0,0,0,1],"EasingStyle":"Linear","EasingDirection":"In"},"Left Arm":{"Weight":1,"CFrame":[-0.06730011105537415,-0.16512736678123475,-0.013146519660949707,0.714684247970581,0.5894886255264282,-0.37647008895874026,-0.5666592121124268,0.8035054206848145,0.18241789937019349,0.4100290536880493,0.08295894414186478,0.9082918167114258],"EasingStyle":"Linear","EasingDirection":"In"}}},{"Time":0.06666667014360428,"poses":{"Left Leg":{"Weight":1,"CFrame":[-0.4211474061012268,0.499414324760437,0.03073406219482422,0.9283319711685181,0.3702647387981415,-0.033222515136003497,-0.3717459738254547,0.9240840673446655,-0.08873306959867478,-0.0021543726325035097,0.09472411125898361,0.9955012798309326],"EasingStyle":"Linear","EasingDirection":"In"},"Right Arm":{"Weight":1,"CFrame":[0.1452951729297638,-0.3196635842323303,-0.02704411745071411,0.33093762397766116,-0.9004836082458496,0.282151460647583,0.9110215902328491,0.3828267455101013,0.1532433032989502,-0.24600821733474732,0.2063319832086563,0.9470518231391907],"EasingStyle":"Linear","EasingDirection":"In"},"Head":{"Weight":1,"CFrame":[1.0058283805847168e-7,-7.310882210731507e-8,-1.1920928955078126e-7,0.9996249079704285,0.026209527626633645,-0.007947777397930622,-0.023004300892353059,0.9609748721122742,0.2756778299808502,0.014863000251352787,-0.2753915786743164,0.9612172842025757],"EasingStyle":"Linear","EasingDirection":"In"},"Right Leg":{"Weight":1,"CFrame":[0.4082578420639038,0.2659415006637573,0.08485901355743408,0.9501909613609314,-0.23143091797828675,-0.20875096321105958,0.22116994857788087,0.9726065397262573,-0.07155650854110718,0.21959297358989716,0.0218228567391634,0.9753475785255432],"EasingStyle":"Linear","EasingDirection":"In"},"Torso":{"Weight":1,"CFrame":[0.01571010611951351,-0.3130090832710266,-0.16520237922668458,0.9944441914558411,-0.10475144535303116,0.010385884903371334,0.10076197236776352,0.9187096953392029,-0.38186323642730715,0.03045911155641079,0.3807881772518158,0.9241604804992676],"EasingStyle":"Linear","EasingDirection":"In"},"HumanoidRootPart":{"Weight":1,"CFrame":[0,0,0,1,0,0,0,1,0,0,0,1],"EasingStyle":"Linear","EasingDirection":"In"},"Left Arm":{"Weight":1,"CFrame":[-0.06730016320943833,-0.16512718796730042,-0.013146638870239258,0.6811991333961487,0.6333245038986206,-0.36724379658699038,-0.6078686714172363,0.7688558101654053,0.19838477671146394,0.4079993963241577,0.08809641748666763,0.9087218642234802],"EasingStyle":"Linear","EasingDirection":"In"}}},{"Time":0.10000000149011612,"poses":{"Left Leg":{"Weight":1,"CFrame":[-0.36976581811904909,0.5273095369338989,0.044423699378967288,0.8706853985786438,0.4903128147125244,-0.03873429447412491,-0.49142393469810488,0.8640056848526001,-0.10952986776828766,-0.020237291231751443,0.11440101265907288,0.9932286143302918],"EasingStyle":"Linear","EasingDirection":"In"},"Right Arm":{"Weight":1,"CFrame":[0.15267802774906159,-0.3495867848396301,-0.010706186294555664,0.2870238721370697,-0.9155109524726868,0.2818813621997833,0.9218746423721314,0.3439587950706482,0.17843662202358247,-0.26031628251075747,0.20864367485046388,0.9427105784416199],"EasingStyle":"Linear","EasingDirection":"In"},"Head":{"Weight":1,"CFrame":[1.0058283805847168e-7,1.0454095900058746e-7,4.76837158203125e-7,0.9999606013298035,0.008141130208969117,-0.0035646785981953146,-0.006780626717954874,0.95815509557724,0.2861693799495697,0.005745261441916227,-0.28613388538360598,0.9581724405288696],"EasingStyle":"Linear","EasingDirection":"In"},"Right Leg":{"Weight":1,"CFrame":[0.43963414430618288,0.25583410263061526,0.08857321739196778,0.9674462080001831,-0.14259697496891023,-0.20907893776893617,0.13286548852920533,0.9893195033073425,-0.0599471814930439,0.21539424359798432,0.030216248705983163,0.9760596752166748],"EasingStyle":"Linear","EasingDirection":"In"},"Torso":{"Weight":1,"CFrame":[0.01769222691655159,-0.3306509256362915,-0.17453670501708985,0.9946030378341675,-0.10328951478004456,0.009803775697946549,0.09843142330646515,0.9094853401184082,-0.4039154648780823,0.032803840935230258,0.4027005434036255,0.9147437810897827],"EasingStyle":"Linear","EasingDirection":"In"},"HumanoidRootPart":{"Weight":1,"CFrame":[0,0,0,1,0,0,0,1,0,0,0,1],"EasingStyle":"Linear","EasingDirection":"In"},"Left Arm":{"Weight":1,"CFrame":[-0.06729999929666519,-0.16512662172317506,-0.013146638870239258,0.661611020565033,0.6564199924468994,-0.3624690771102905,-0.6302866339683533,0.7486960291862488,0.205409437417984,0.40621399879455569,0.09255816787481308,0.9090782403945923],"EasingStyle":"Linear","EasingDirection":"In"}}},{"Time":0.13333334028720857,"poses":{"Left Leg":{"Weight":1,"CFrame":[-0.335675448179245,0.5428420305252075,0.05772709846496582,0.8160964250564575,0.576210618019104,-0.044361572712659839,-0.5766131281852722,0.8067033290863037,-0.12941092252731324,-0.038781341165304187,0.131191223859787,0.9905983209609985],"EasingStyle":"Linear","EasingDirection":"In"},"Right Arm":{"Weight":1,"CFrame":[0.13980188965797425,-0.32039105892181399,-0.011155009269714356,0.3737817406654358,-0.8964043855667114,0.23821505904197694,0.8999791145324707,0.41263651847839358,0.14060136675834657,-0.22433190047740937,0.16183435916900636,0.9609811305999756],"EasingStyle":"Linear","EasingDirection":"In"},"Head":{"Weight":1,"CFrame":[8.381903171539307e-8,-3.3760443329811099e-8,2.384185791015625e-7,0.9999458193778992,0.00975571945309639,-0.0036437748931348325,-0.008318236097693444,0.9587405323982239,0.2841607630252838,0.006265627220273018,-0.2841150760650635,0.9587697982788086],"EasingStyle":"Linear","EasingDirection":"In"},"Right Leg":{"Weight":1,"CFrame":[0.4704796075820923,0.2229630947113037,0.09161961078643799,0.9772155284881592,-0.023019159212708474,-0.21099762618541718,0.013753926381468773,0.9988799095153809,-0.04527461156249046,0.21180346608161927,0.04134097322821617,0.9764375686645508],"EasingStyle":"Linear","EasingDirection":"In"},"Torso":{"Weight":1,"CFrame":[0.020333239808678628,-0.34699195623397829,-0.14519023895263673,0.994734525680542,-0.10203512758016586,0.009597512893378735,0.0964478999376297,0.9003509283065796,-0.4243417978286743,0.03465663641691208,0.42303311824798586,0.905451238155365],"EasingStyle":"Linear","EasingDirection":"In"},"HumanoidRootPart":{"Weight":1,"CFrame":[0,0,0,1,0,0,0,1,0,0,0,1],"EasingStyle":"Linear","EasingDirection":"In"},"Left Arm":{"Weight":1,"CFrame":[-0.06115221232175827,-0.16454768180847169,-0.013979673385620118,0.6847004890441895,0.6474748849868774,-0.33460676670074465,-0.6274993419647217,0.757232666015625,0.18122746050357819,0.37071529030799868,0.08587900549173355,0.9247674942016602],"EasingStyle":"Linear","EasingDirection":"In"}}},{"Time":0.1666666716337204,"poses":{"Left Leg":{"Weight":1,"CFrame":[-0.3260844349861145,0.5123416781425476,0.06158328056335449,0.7705556750297546,0.6355986595153809,-0.04752163216471672,-0.6349940896034241,0.7591078877449036,-0.14331050217151643,-0.05501396954059601,0.14060468971729279,0.9885362386703491],"EasingStyle":"Linear","EasingDirection":"In"},"Right Arm":{"Weight":1,"CFrame":[0.10870770364999771,-0.248464435338974,-0.012143075466156006,0.5860227346420288,-0.8054662346839905,0.08832617104053498,0.8062828183174133,0.5904802680015564,0.0352315790951252,-0.08053272217512131,0.05056927353143692,0.9954683184623718],"EasingStyle":"Linear","EasingDirection":"In"},"Head":{"Weight":1,"CFrame":[7.078051567077637e-8,-6.984919309616089e-10,-1.1920928955078126e-7,0.9998925924301148,0.014136463403701783,-0.0038782553747296335,-0.012498563155531884,0.9604013562202454,0.27833986282348635,0.007659423165023327,-0.2782614827156067,0.9604749083518982],"EasingStyle":"Linear","EasingDirection":"In"},"Right Leg":{"Weight":1,"CFrame":[0.5006021857261658,0.1765453815460205,0.09548330307006836,0.9701364636421204,0.11513059586286545,-0.21349531412124635,-0.12411815673112869,0.9918396472930908,-0.0291361752897501,0.2083987444639206,0.054764680564403537,0.9765095114707947],"EasingStyle":"Linear","EasingDirection":"In"},"Torso":{"Weight":1,"CFrame":[0.023162871599197389,-0.36069732904434206,-0.06406641006469727,0.9948390126228333,-0.10100806504487992,0.009627020917832852,0.0948636531829834,0.8922454714775086,-0.4414736330509186,0.03600273281335831,0.44010841846466067,0.8972226977348328],"EasingStyle":"Linear","EasingDirection":"In"},"HumanoidRootPart":{"Weight":1,"CFrame":[0,0,0,1,0,0,0,1,0,0,0,1],"EasingStyle":"Linear","EasingDirection":"In"},"Left Arm":{"Weight":1,"CFrame":[-0.043703578412532809,-0.16049501299858094,-0.015812695026397706,0.7509787082672119,0.6128947138786316,-0.2457464188337326,-0.6052302718162537,0.7876994609832764,0.11500409245491028,0.2640596926212311,0.062367502599954608,0.9624878168106079],"EasingStyle":"Linear","EasingDirection":"In"}}},{"Time":0.20000000298023225,"poses":{"Left Leg":{"Weight":1,"CFrame":[-0.33609211444854739,0.4262973666191101,0.050533175468444827,0.7316251993179321,0.6800543665885925,-0.047442011535167697,-0.6784999370574951,0.7196747064590454,-0.1473308801651001,-0.06605023145675659,0.13998040556907655,0.9879488945007324],"EasingStyle":"Linear","EasingDirection":"In"},"Right Arm":{"Weight":1,"CFrame":[0.07069721817970276,-0.15729770064353944,-0.01313096284866333,0.750519335269928,-0.6333175301551819,-0.18875811994075776,0.6341124176979065,0.770576536655426,-0.06413538008928299,0.18607059121131898,-0.0715591087937355,0.9799270629882813],"EasingStyle":"Linear","EasingDirection":"In"},"Head":{"Weight":1,"CFrame":[8.568167686462403e-8,-4.237517714500427e-8,1.1920928955078126e-7,0.9997788667678833,0.020587636157870294,-0.00428023561835289,-0.01867772452533245,0.9629572033882141,0.2690066695213318,0.009659893810749054,-0.26886725425720217,0.9631288051605225],"EasingStyle":"Linear","EasingDirection":"In"},"Right Leg":{"Weight":1,"CFrame":[0.5245122909545898,0.12716364860534669,0.09968793392181397,0.9455083012580872,0.2440735548734665,-0.21550463140010835,-0.2529233396053314,0.9673843383789063,-0.014051482081413269,0.20504628121852876,0.06779194623231888,0.9764018058776856],"EasingStyle":"Linear","EasingDirection":"In"},"Torso":{"Weight":1,"CFrame":[0.025736534968018533,-0.37119734287261965,0.03535175323486328,0.994915783405304,-0.10023396462202072,0.009784339927136898,0.09370695799589157,0.8857535123825073,-0.45459845662117007,0.03689969331026077,0.45320403575897219,0.8906427621841431],"EasingStyle":"Linear","EasingDirection":"In"},"HumanoidRootPart":{"Weight":1,"CFrame":[0,0,0,1,0,0,0,1,0,0,0,1],"EasingStyle":"Linear","EasingDirection":"In"},"Left Arm":{"Weight":1,"CFrame":[-0.016446150839328767,-0.14949294924736024,-0.017645657062530519,0.8272190690040588,0.5564953684806824,-0.07759986072778702,-0.5562965869903565,0.8305718302726746,0.026162777096033098,0.0790117084980011,0.021526135504245759,0.9966413378715515],"EasingStyle":"Linear","EasingDirection":"In"}}},{"Time":0.23333333432674409,"poses":{"Left Leg":{"Weight":1,"CFrame":[-0.33999133110046389,0.30619484186172488,0.03143894672393799,0.692559540271759,0.719912052154541,-0.045695848762989047,-0.7176470756530762,0.6811907887458801,-0.14478205144405366,-0.07310276478528977,0.1330636739730835,0.9884079098701477],"EasingStyle":"Linear","EasingDirection":"In"},"Right Arm":{"Weight":1,"CFrame":[0.037071824073791507,-0.07038336992263794,-0.013580024242401123,0.7063782215118408,-0.49920418858528139,-0.5018216967582703,0.5175022482872009,0.8479135036468506,-0.11504027992486954,0.48292991518974306,-0.17843197286128999,0.8572868704795837],"EasingStyle":"Linear","EasingDirection":"In"},"Head":{"Weight":1,"CFrame":[9.313225746154785e-8,2.0582228899002076e-7,-5.960464477539063e-8,0.9995844960212708,0.02841220051050186,-0.004870185628533363,-0.02621380425989628,0.9662008881568909,0.25645431876182558,0.011992012150585652,-0.2562200427055359,0.9665441513061523],"EasingStyle":"Linear","EasingDirection":"In"},"Right Leg":{"Weight":1,"CFrame":[0.5655670166015625,0.09356445074081421,0.10921275615692139,0.9081416726112366,0.35821065306663515,-0.21671129763126374,-0.367363303899765,0.9300752878189087,-0.0020995340310037138,0.20080576837062837,0.08151838928461075,0.9762335419654846],"EasingStyle":"Linear","EasingDirection":"In"},"Torso":{"Weight":1,"CFrame":[0.027609067037701608,-0.3779250383377075,0.1195821762084961,0.9949632883071899,-0.09974402189254761,0.009960784576833249,0.0930008590221405,0.881461501121521,-0.4630080759525299,0.037402234971523288,0.4616023898124695,0.8862981200218201],"EasingStyle":"Linear","EasingDirection":"In"},"HumanoidRootPart":{"Weight":1,"CFrame":[0,0,0,1,0,0,0,1,0,0,0,1],"EasingStyle":"Linear","EasingDirection":"In"},"Left Arm":{"Weight":1,"CFrame":[0.019127994775772096,-0.12806880474090577,-0.018478989601135255,0.8587849736213684,0.47995564341545107,0.17925120890140534,-0.4780179560184479,0.8765144944190979,-0.05675520747900009,-0.18435624241828919,-0.036944884806871417,0.9821649193763733],"EasingStyle":"Linear","EasingDirection":"In"}}},{"Time":0.2666666805744171,"poses":{"Left Leg":{"Weight":1,"CFrame":[-0.33195802569389346,0.20896607637405396,0.016373515129089357,0.6616891622543335,0.7484685182571411,-0.04429907724261284,-0.7458442449569702,0.6510228514671326,-0.14101651310920716,-0.07670675218105316,0.12634937465190888,0.9890157580375671],"EasingStyle":"Linear","EasingDirection":"In"},"Right Arm":{"Weight":1,"CFrame":[0.014570973813533783,-0.006473898887634277,0.006703019142150879,0.5043296217918396,-0.4192313253879547,-0.7549149990081787,0.5280628204345703,0.8414496779441834,-0.11450883746147156,0.683228611946106,-0.34089240431785586,0.645748496055603],"EasingStyle":"Linear","EasingDirection":"In"},"Head":{"Weight":1,"CFrame":[8.940696716308594e-8,4.819594323635101e-8,0,0.9993025660514832,0.036912377923727038,-0.0056620133109390739,-0.03446171060204506,0.9699199795722961,0.24097229540348054,0.014386555179953576,-0.2406090945005417,0.9705155491828919],"EasingStyle":"Linear","EasingDirection":"In"},"Right Leg":{"Weight":1,"CFrame":[0.6289083957672119,0.0752187967300415,0.12459874153137207,0.8604624271392822,0.46063190698623659,-0.21776744723320008,-0.4705789089202881,0.882330596446991,0.006952828727662563,0.1953456699848175,0.09649413824081421,0.9759759306907654],"EasingStyle":"Linear","EasingDirection":"In"},"Torso":{"Weight":1,"CFrame":[0.028333216905593873,-0.38030099868774416,0.15511512756347657,0.9949796795845032,-0.09957286715507508,0.010045060887932778,0.09276267886161804,0.8799201846122742,-0.46597805619239809,0.03755992278456688,0.46457046270370486,0.8847392797470093],"EasingStyle":"Linear","EasingDirection":"In"},"HumanoidRootPart":{"Weight":1,"CFrame":[0,0,0,1,0,0,0,1,0,0,0,1],"EasingStyle":"Linear","EasingDirection":"In"},"Left Arm":{"Weight":1,"CFrame":[0.06079676002264023,-0.0936797559261322,0.007805585861206055,0.782755970954895,0.3604622781276703,0.5073065757751465,-0.40578973293304446,0.9136748909950256,-0.023084700107574464,-0.47183462977409365,-0.18779034912586213,0.8614564538002014],"EasingStyle":"Linear","EasingDirection":"In"}}},{"Time":0.30000001192092898,"poses":{"Left Leg":{"Weight":1,"CFrame":[-0.3243662714958191,0.15179765224456788,0.006320595741271973,0.6563128232955933,0.7531833648681641,-0.04436425119638443,-0.7510964870452881,0.6466618180274963,-0.13297633826732636,-0.07146693766117096,0.12059591710567475,0.990125834941864],"EasingStyle":"Linear","EasingDirection":"In"},"Right Arm":{"Weight":1,"CFrame":[0.0009228885173797607,0.03463321924209595,0.05507016181945801,0.26793113350868227,-0.28081753849983218,-0.9216042160987854,0.5957133769989014,0.800088107585907,-0.07060372084379196,0.7571912407875061,-0.5300949215888977,0.3816553056240082],"EasingStyle":"Linear","EasingDirection":"In"},"Head":{"Weight":1,"CFrame":[8.940696716308594e-8,9.452924132347107e-8,4.76837158203125e-7,0.9989472031593323,0.04539081081748009,-0.006650454364717007,-0.04276973381638527,0.9739142060279846,0.22284972667694093,0.016592301428318025,-0.22233067452907563,0.9748302102088928],"EasingStyle":"Linear","EasingDirection":"In"},"Right Leg":{"Weight":1,"CFrame":[0.6933494210243225,0.05678528547286987,0.14310777187347413,0.8024666905403137,0.5539620518684387,-0.22175052762031556,-0.5656273365020752,0.8245589733123779,0.01297563686966896,0.19003446400165559,0.11501556634902954,0.9750171899795532],"EasingStyle":"Linear","EasingDirection":"In"},"Torso":{"Weight":1,"CFrame":[0.030295738950371743,-0.3686084747314453,0.11918973922729492,0.9946920275688171,-0.10213512182235718,0.012498212978243828,0.09675677865743637,0.8870794773101807,-0.45136260986328127,0.03501306474208832,0.45017603039741518,0.8922532200813294],"EasingStyle":"Linear","EasingDirection":"In"},"HumanoidRootPart":{"Weight":1,"CFrame":[0,0,0,1,0,0,0,1,0,0,0,1],"EasingStyle":"Linear","EasingDirection":"In"},"Left Arm":{"Weight":1,"CFrame":[0.1034211814403534,-0.05186980962753296,0.07048392295837403,0.6005939841270447,0.14619828760623933,0.7860744595527649,-0.40943285822868349,0.9006944298744202,0.1453079879283905,-0.6867690682411194,-0.40911582112312319,0.6008099913597107],"EasingStyle":"Linear","EasingDirection":"In"}}},{"Time":0.3333333432674408,"poses":{"Left Leg":{"Weight":1,"CFrame":[-0.2701491415500641,0.021534442901611329,-0.010851860046386719,0.6439876556396484,0.7637742161750794,-0.043918535113334659,-0.7626087665557861,0.6363164782524109,-0.11631573736667633,-0.06089287996292114,0.10839856415987015,0.992240846157074],"EasingStyle":"Linear","EasingDirection":"In"},"Right Arm":{"Weight":1,"CFrame":[-0.006085455417633057,0.057877957820892337,0.11279904842376709,0.07163207232952118,-0.11367194354534149,-0.9909327030181885,0.682388186454773,0.7301786541938782,-0.034432221204042438,0.7274718880653381,-0.673734188079834,0.12987267971038819],"EasingStyle":"Linear","EasingDirection":"In"},"Head":{"Weight":1,"CFrame":[7.82310962677002e-8,-5.168840289115906e-8,3.5762786865234377e-7,0.9985559582710266,0.053152162581682208,-0.0078009311109781269,-0.0504772774875164,0.9780060648918152,0.2023768573999405,0.01838611625134945,-0.20169082283973695,0.9792766571044922],"EasingStyle":"Linear","EasingDirection":"In"},"Right Leg":{"Weight":1,"CFrame":[0.7365556359291077,0.06355166435241699,0.1584024429321289,0.77168869972229,0.5941318869590759,-0.22694414854049684,-0.6078897714614868,0.7939386963844299,0.0114686144515872,0.18699365854263307,0.129106804728508,0.9738402366638184],"EasingStyle":"Linear","EasingDirection":"In"},"Torso":{"Weight":1,"CFrame":[0.03348315507173538,-0.3403850793838501,0.03272676467895508,0.9941142797470093,-0.10707549750804901,0.016482487320899965,0.10419660806655884,0.9033371210098267,-0.41608327627182009,0.02966308407485485,0.4153518080711365,0.9091771245002747],"EasingStyle":"Linear","EasingDirection":"In"},"HumanoidRootPart":{"Weight":1,"CFrame":[0,0,0,1,0,0,0,1,0,0,0,1],"EasingStyle":"Linear","EasingDirection":"In"},"Left Arm":{"Weight":1,"CFrame":[0.14113280177116395,-0.011291921138763428,0.1452937126159668,0.40852615237236025,-0.10628711432218552,0.9065371155738831,-0.48286575078964236,0.8176663517951965,0.3134683668613434,-0.7745624780654907,-0.5657958388328552,0.28271573781967165],"EasingStyle":"Linear","EasingDirection":"In"}}},{"Time":0.36666667461395266,"poses":{"Left Leg":{"Weight":1,"CFrame":[-0.19128723442554475,-0.0889894962310791,-0.020429134368896486,0.654086709022522,0.7553005218505859,-0.04112879931926727,-0.7548126578330994,0.6481892466545105,-0.10054190456867218,-0.04928017035126686,0.09680765122175217,0.9940824508666992],"EasingStyle":"Linear","EasingDirection":"In"},"Right Arm":{"Weight":1,"CFrame":[-0.008668005466461182,0.06820148229598999,0.16116642951965333,-0.04573465883731842,0.02226758748292923,-0.9987054467201233,0.7496033310890198,0.6615979075431824,-0.019576074555516244,0.6603055000305176,-0.749528169631958,-0.046949729323387149],"EasingStyle":"Linear","EasingDirection":"In"},"Head":{"Weight":1,"CFrame":[8.568167686462403e-8,2.4028122425079348e-7,2.384185791015625e-7,0.9981871247291565,0.0595049224793911,-0.009041663259267807,-0.05691371113061905,0.9820470213890076,0.1798458695411682,0.019581053406000139,-0.1790052056312561,0.9836532473564148],"EasingStyle":"Linear","EasingDirection":"In"},"Right Leg":{"Weight":1,"CFrame":[0.7636523842811585,0.1305152177810669,0.16753315925598145,0.7916796207427979,0.5665220618247986,-0.228683739900589,-0.58125901222229,0.8137108683586121,0.0035604392178356649,0.18809950351715089,0.13010571897029878,0.973494291305542],"EasingStyle":"Linear","EasingDirection":"In"},"Torso":{"Weight":1,"CFrame":[0.034013040363788608,-0.30621379613876345,-0.07195329666137696,0.9937817454338074,-0.11001776158809662,0.01714484579861164,0.10843759030103684,0.9213233590126038,-0.3733691871166229,0.02528129518032074,0.3729066252708435,0.9275245070457459],"EasingStyle":"Linear","EasingDirection":"In"},"HumanoidRootPart":{"Weight":1,"CFrame":[0,0,0,1,0,0,0,1,0,0,0,1],"EasingStyle":"Linear","EasingDirection":"In"},"Left Arm":{"Weight":1,"CFrame":[0.1680639088153839,0.01940065622329712,0.20797216892242433,0.28849026560783389,-0.29223117232322695,0.911797285079956,-0.5605172514915466,0.7205109596252441,0.4082699418067932,-0.7762691974639893,-0.6288601756095886,0.04405980184674263],"EasingStyle":"Linear","EasingDirection":"In"}}},{"Time":0.4000000059604645,"poses":{"Left Leg":{"Weight":1,"CFrame":[-0.3442322909832001,0.08748477697372437,-0.008961379528045655,0.8002267479896545,0.598726749420166,-0.03411006182432175,-0.5989856123924255,0.7952118515968323,-0.09409777075052262,-0.029214143753051759,0.0957309678196907,0.9949785470962524],"EasingStyle":"Linear","EasingDirection":"In"},"Right Arm":{"Weight":1,"CFrame":[-0.009036414325237275,0.07054448127746582,0.18144941329956056,-0.08364025503396988,0.07643772661685944,-0.9935600757598877,0.7755730748176575,0.6310358643531799,-0.016741978004574777,0.6256921887397766,-0.7719786167144775,-0.11206305027008057],"EasingStyle":"Linear","EasingDirection":"In"},"Head":{"Weight":1,"CFrame":[7.82310962677002e-8,-1.7229467630386354e-8,-1.1920928955078126e-7,0.9979124665260315,0.06376294046640396,-0.010258016176521778,-0.061397552490234378,0.985917866230011,0.1555517166852951,0.0200320016592741,-0.15459714829921723,0.9877745509147644],"EasingStyle":"Linear","EasingDirection":"In"},"Right Leg":{"Weight":1,"CFrame":[0.7590158581733704,0.23514658212661744,0.16509699821472169,0.8467536568641663,0.4826955795288086,-0.22363612055778504,-0.49660754203796389,0.8679476380348206,-0.006929867900907993,0.19075943529605866,0.11692722886800766,0.974648118019104],"EasingStyle":"Linear","EasingDirection":"In"},"Torso":{"Weight":1,"CFrame":[0.031540416181087497,-0.27729660272598269,-0.160919189453125,0.9941785931587219,-0.10682438313961029,0.01405406091362238,0.10528848320245743,0.9355186820030212,-0.3372226655483246,0.02287575975060463,0.33673927187919619,0.94132000207901],"EasingStyle":"Linear","EasingDirection":"In"},"HumanoidRootPart":{"Weight":1,"CFrame":[0,0,0,1,0,0,0,1,0,0,0,1],"EasingStyle":"Linear","EasingDirection":"In"},"Left Arm":{"Weight":1,"CFrame":[0.17834466695785523,0.031554222106933597,0.23425650596618653,0.2506060302257538,-0.36009564995765688,0.898625373840332,-0.5930119752883911,0.6766082644462586,0.43650680780410769,-0.7652015686035156,-0.6422868967056274,-0.04397894814610481],"EasingStyle":"Linear","EasingDirection":"In"}}},{"Time":0.4333333373069763,"poses":{"Left Leg":{"Weight":1,"CFrame":[-0.47039252519607546,0.23247063159942628,0.0025017261505126955,0.8892803192138672,0.4566803276538849,-0.024972129613161088,-0.45692113041877749,0.8846980929374695,-0.09237157553434372,-0.020091529935598375,0.0935545340180397,0.9954114556312561],"EasingStyle":"Linear","EasingDirection":"In"},"Right Arm":{"Weight":1,"CFrame":[0.0014176145195960999,0.05547749996185303,0.16599464416503907,-0.02984604239463806,0.035783279687166217,-0.9989137649536133,0.7684086561203003,0.6399595737457275,-0.000034171203878941017,0.6392631530761719,-0.7675749063491821,-0.046596329659223559],"EasingStyle":"Linear","EasingDirection":"In"},"Head":{"Weight":1,"CFrame":[7.078051567077637e-8,1.0803341865539551e-7,2.384185791015625e-7,0.9978053569793701,0.0652461126446724,-0.011289120651781559,-0.0632360503077507,0.9895228147506714,0.12979155778884889,0.019639234989881517,-0.12879280745983125,0.9914770126342773],"EasingStyle":"Linear","EasingDirection":"In"},"Right Leg":{"Weight":1,"CFrame":[0.7150556445121765,0.3384109139442444,0.15300750732421876,0.909870445728302,0.35536235570907595,-0.2141335904598236,-0.367688924074173,0.9297467470169067,-0.01939050294458866,0.19219936430454255,0.09637730568647385,0.9766119718551636],"EasingStyle":"Linear","EasingDirection":"In"},"Torso":{"Weight":1,"CFrame":[0.02833321876823902,-0.2651921510696411,-0.19858765602111817,0.9949795603752136,-0.09957286715507508,0.010045061819255352,0.09749018400907517,0.9416753053665161,-0.32209205627441409,0.022612443193793298,0.32145431637763979,0.9466550350189209],"EasingStyle":"Linear","EasingDirection":"In"},"HumanoidRootPart":{"Weight":1,"CFrame":[0,0,0,1,0,0,0,1,0,0,0,1],"EasingStyle":"Linear","EasingDirection":"In"},"Left Arm":{"Weight":1,"CFrame":[0.1655849814414978,0.009653568267822266,0.20742642879486085,0.2772248387336731,-0.3324059247970581,0.9014725685119629,-0.5744712352752686,0.6947216391563416,0.43283331394195559,-0.7701489329338074,-0.6378621459007263,0.0016364715993404389],"EasingStyle":"Linear","EasingDirection":"In"}}},{"Time":0.46666666865348818,"poses":{"Left Leg":{"Weight":1,"CFrame":[-0.5159106254577637,0.25816744565963747,0.0044661760330200199,0.9265784025192261,0.37571850419044497,-0.016976788640022279,-0.37572190165519717,0.9226700663566589,-0.08667872101068497,-0.016902867704629899,0.08669323474168778,0.9960917234420776],"EasingStyle":"Linear","EasingDirection":"In"},"Right Arm":{"Weight":1,"CFrame":[0.02945653349161148,0.015694856643676759,0.12676572799682618,0.11958001554012299,-0.07360684126615524,-0.9900922179222107,0.7450928092002869,0.6657302975654602,0.04049699008464813,0.6561535000801086,-0.7425532341003418,0.1344520002603531],"EasingStyle":"Linear","EasingDirection":"In"},"Head":{"Weight":1,"CFrame":[9.12696123123169e-8,-9.057112038135529e-8,1.1920928955078126e-7,0.9978052377700806,0.06508976221084595,-0.012172630056738854,-0.06349808722734451,0.9926579594612122,0.10294774919748306,0.01878410391509533,-0.10194890201091767,0.9946123361587524],"EasingStyle":"Linear","EasingDirection":"In"},"Right Leg":{"Weight":1,"CFrame":[0.6299911737442017,0.4144201874732971,0.13517403602600099,0.9622617363929749,0.18132291734218598,-0.20291492342948914,-0.192255899310112,0.9807075262069702,-0.03536318987607956,0.19258812069892884,0.07304023206233978,0.9785576462745667],"EasingStyle":"Linear","EasingDirection":"In"},"Torso":{"Weight":1,"CFrame":[0.022343076765537263,-0.28165340423583987,-0.18270468711853028,0.9957084655761719,-0.09237257391214371,0.005671286024153233,0.0887163057923317,0.9352580308914185,-0.342668741941452,0.026349077001214029,0.3417012691497803,0.9394392967224121],"EasingStyle":"Linear","EasingDirection":"In"},"HumanoidRootPart":{"Weight":1,"CFrame":[0,0,0,1,0,0,0,1,0,0,0,1],"EasingStyle":"Linear","EasingDirection":"In"},"Left Arm":{"Weight":1,"CFrame":[0.13109096884727479,-0.04509848356246948,0.1403508186340332,0.35283565521240237,-0.2545892298221588,0.9003840684890747,-0.5268791913986206,0.7411560416221619,0.41603603959083559,-0.7732434868812561,-0.6211859583854675,0.1273685246706009],"EasingStyle":"Linear","EasingDirection":"In"}}},{"Time":0.5,"poses":{"Left Leg":{"Weight":1,"CFrame":[-0.5574946403503418,0.23262453079223634,-0.00002485513687133789,0.9655148386955261,0.26017051935195925,-0.009612184017896653,-0.26016733050346377,0.9628115892410278,-0.07284767925739289,-0.009698146022856236,0.0728362575173378,0.9972968101501465],"EasingStyle":"Linear","EasingDirection":"In"},"Right Arm":{"Weight":1,"CFrame":[0.07009246200323105,-0.040674686431884769,0.07446396350860596,0.34007078409194949,-0.2260279655456543,-0.9128325581550598,0.701640248298645,0.7072909474372864,0.08625876903533936,0.6261412501335144,-0.6698141098022461,0.39911937713623049],"EasingStyle":"Linear","EasingDirection":"In"},"Head":{"Weight":1,"CFrame":[8.009374141693115e-8,5.855690687894821e-8,4.76837158203125e-7,0.9978121519088745,0.06481323391199112,-0.013051901012659073,-0.06364662200212479,0.9950969815254211,0.07570520043373108,0.01789461448788643,-0.07470884919166565,0.9970448613166809],"EasingStyle":"Linear","EasingDirection":"In"},"Right Leg":{"Weight":1,"CFrame":[0.5352782011032105,0.44474083185195925,0.11766314506530762,0.9813571572303772,0.005377613008022308,-0.19211778044700623,-0.01547910925000906,0.9985727071762085,-0.05111684650182724,0.19156870245933534,0.0531376488506794,0.9800397157669067],"EasingStyle":"Linear","EasingDirection":"In"},"Torso":{"Weight":1,"CFrame":[0.01481157261878252,-0.31166040897369387,-0.14018726348876954,0.996188223361969,-0.0872059315443039,0.002039871644228697,0.08143065869808197,0.9213219881057739,-0.38017743825912478,0.03127434477210045,0.3788943886756897,0.9249113202095032],"EasingStyle":"Linear","EasingDirection":"In"},"HumanoidRootPart":{"Weight":1,"CFrame":[0,0,0,1,0,0,0,1,0,0,0,1],"EasingStyle":"Linear","EasingDirection":"In"},"Left Arm":{"Weight":1,"CFrame":[0.08054252713918686,-0.11627626419067383,0.05315268039703369,0.47045591473579409,-0.13426242768764497,0.8721495866775513,-0.46435970067977908,0.8027722835540772,0.3740677833557129,-0.7503607869148254,-0.5809735655784607,0.3153229057788849],"EasingStyle":"Linear","EasingDirection":"In"}}},{"Time":0.5333333611488342,"poses":{"Left Leg":{"Weight":1,"CFrame":[-0.6427403092384338,0.17439782619476319,-0.007317960262298584,0.9997512102127075,0.02212590165436268,-0.0028231097385287287,-0.022241229191422464,0.9984496235847473,-0.05102723836898804,0.0016896958695724607,0.05107732117176056,0.9986933469772339],"EasingStyle":"Linear","EasingDirection":"In"},"Right Arm":{"Weight":1,"CFrame":[0.11833926290273667,-0.1055031418800354,0.019791722297668458,0.5762351751327515,-0.37821486592292788,-0.7245044112205505,0.6423861384391785,0.7576416730880737,0.11540871113538742,0.5052653551101685,-0.5319141149520874,0.6795397996902466],"EasingStyle":"Linear","EasingDirection":"In"},"Head":{"Weight":1,"CFrame":[8.754432201385498e-8,3.317836672067642e-8,2.384185791015625e-7,0.9978328347206116,0.06431931257247925,-0.013884920626878739,-0.06357217580080033,0.996782124042511,0.04882597178220749,0.016980694606900216,-0.047837454825639728,0.9987108707427979],"EasingStyle":"Linear","EasingDirection":"In"},"Right Leg":{"Weight":1,"CFrame":[0.4963735044002533,0.4842219352722168,0.11385798454284668,0.9787099957466126,-0.0852760300040245,-0.18669410049915315,0.07502256333827973,0.9952942728996277,-0.061327043920755389,0.19104529917240144,0.04601508751511574,0.9805020689964294],"EasingStyle":"Linear","EasingDirection":"In"},"Torso":{"Weight":1,"CFrame":[0.011079199612140656,-0.32759052515029909,-0.0765542984008789,0.9963586926460266,-0.08525928854942322,0.0004883070942014456,0.07833274453878403,0.9131221175193787,-0.4000900089740753,0.033665504306554797,0.39867138862609866,0.9164757132530212],"EasingStyle":"Linear","EasingDirection":"In"},"HumanoidRootPart":{"Weight":1,"CFrame":[0,0,0,1,0,0,0,1,0,0,0,1],"EasingStyle":"Linear","EasingDirection":"In"},"Left Arm":{"Weight":1,"CFrame":[0.019617892801761628,-0.1874542236328125,-0.034045398235321048,0.6137715578079224,0.01666281372308731,0.7893078923225403,-0.4078795313835144,0.8627042174339294,0.2989579141139984,-0.6759576797485352,-0.5054343938827515,0.5362996459007263],"EasingStyle":"Linear","EasingDirection":"In"}}},{"Time":0.5666666626930237,"poses":{"Left Leg":{"Weight":1,"CFrame":[-0.6997020840644836,0.0649564266204834,-0.014874815940856934,0.9666679501533508,-0.25601720809936526,-0.002869328483939171,0.25584354996681216,0.9663228392601013,-0.027648236602544786,0.009851060807704926,0.025992559269070627,0.9996136426925659],"EasingStyle":"Linear","EasingDirection":"In"},"Right Arm":{"Weight":1,"CFrame":[0.16920998692512513,-0.17066052556037904,-0.026549160480499269,0.7533003687858582,-0.48610180616378786,-0.4429938793182373,0.5859748125076294,0.801912784576416,0.11648841947317124,0.2986172139644623,-0.3473341166973114,0.8889244794845581],"EasingStyle":"Linear","EasingDirection":"In"},"Head":{"Weight":1,"CFrame":[7.729977369308472e-8,-1.1641532182693482e-7,2.384185791015625e-7,0.997873842716217,0.06351424753665924,-0.014625279232859612,-0.06316723674535752,0.9977360963821411,0.0230784360319376,0.016057979315519334,-0.022105542942881585,0.9996267557144165],"EasingStyle":"Linear","EasingDirection":"In"},"Right Leg":{"Weight":1,"CFrame":[0.5092515349388123,0.5484199523925781,0.12528753280639649,0.977370023727417,-0.08735188096761704,-0.19265921413898469,0.07589739561080933,0.9949244856834412,-0.06606857478618622,0.19745266437530518,0.04995107278227806,0.9790390133857727],"EasingStyle":"Linear","EasingDirection":"In"},"Torso":{"Weight":1,"CFrame":[0.011175795458257199,-0.30868029594421389,0.0017952919006347657,0.9959390759468079,-0.09002793580293656,0.0005671930266544223,0.08361778408288956,0.9226548075675964,-0.3764522969722748,0.03336789831519127,0.37497103214263918,0.9264358282089233],"EasingStyle":"Linear","EasingDirection":"In"},"HumanoidRootPart":{"Weight":1,"CFrame":[0,0,0,1,0,0,0,1,0,0,0,1],"EasingStyle":"Linear","EasingDirection":"In"},"Left Arm":{"Weight":1,"CFrame":[-0.04600416123867035,-0.24220603704452516,-0.1011209487915039,0.7514761686325073,0.18053004145622254,0.6345805525779724,-0.38407859206199648,0.9017561078071594,0.19829142093658448,-0.5364392995834351,-0.39274007081985476,0.7469860315322876],"EasingStyle":"Linear","EasingDirection":"In"}}},{"Time":0.6000000238418579,"poses":{"Left Leg":{"Weight":1,"CFrame":[-0.7406703233718872,0.006073117256164551,-0.01881784200668335,0.8984336256980896,-0.43899092078208926,-0.010213242843747139,0.4388471245765686,0.8984576463699341,-0.013680009171366692,0.015181530267000199,0.007808574475347996,0.9998542666435242],"EasingStyle":"Linear","EasingDirection":"In"},"Right Arm":{"Weight":1,"CFrame":[0.21771764755249024,-0.22801995277404786,-0.05385667085647583,0.8291044235229492,-0.5404031872749329,-0.14335373044013978,0.5553778409957886,0.8255738615989685,0.0999167189002037,0.06435376405715943,-0.1624569594860077,0.9846148490905762],"EasingStyle":"Linear","EasingDirection":"In"},"Head":{"Weight":1,"CFrame":[9.313225746154785e-8,1.862645149230957e-8,-1.7881393432617188e-7,0.9979408979415894,0.06230746954679489,-0.015223715454339981,-0.06232636421918869,0.998055636882782,-0.000769735430367291,0.015146151185035706,0.0017169255297631026,0.9998838305473328],"EasingStyle":"Linear","EasingDirection":"In"},"Right Leg":{"Weight":1,"CFrame":[0.5021487474441528,0.5600275993347168,0.1333303451538086,0.9720768928527832,-0.11505631357431412,-0.20452037453651429,0.1022070124745369,0.9921284914016724,-0.0723523423075676,0.21123510599136353,0.04942859709262848,0.9761847853660584],"EasingStyle":"Linear","EasingDirection":"In"},"Torso":{"Weight":1,"CFrame":[0.012094931676983834,-0.27298665046691897,0.06945514678955078,0.9951184988021851,-0.09867434203624726,0.0015944743063300849,0.09360980242490769,0.938681423664093,-0.33183518052101138,0.031246909871697427,0.3303646147251129,0.9433361291885376],"EasingStyle":"Linear","EasingDirection":"In"},"HumanoidRootPart":{"Weight":1,"CFrame":[0,0,0,1,0,0,0,1,0,0,0,1],"EasingStyle":"Linear","EasingDirection":"In"},"Left Arm":{"Weight":1,"CFrame":[-0.1106444001197815,-0.2641076445579529,-0.12795108556747437,0.8433281183242798,0.3410104215145111,0.4153428077697754,-0.4151621162891388,0.904167115688324,0.10060960799455643,-0.3412303626537323,-0.2572815418243408,0.9040840864181519],"EasingStyle":"Linear","EasingDirection":"In"}}},{"Time":0.6333333253860474,"poses":{"Left Leg":{"Weight":1,"CFrame":[-0.803122878074646,0.04206490516662598,-0.018863439559936525,0.8616717457771301,-0.5072482228279114,-0.014868742786347866,0.5071597099304199,0.8617998361587524,-0.009500447660684586,0.017632905393838884,0.0006454659160226584,0.9998443722724915],"EasingStyle":"Linear","EasingDirection":"In"},"Right Arm":{"Weight":1,"CFrame":[0.259692519903183,-0.2712211310863495,-0.0658411979675293,0.8030805587768555,-0.5863104462623596,0.10630924254655838,0.5798637866973877,0.8100439310073853,0.08710294961929321,-0.13718454539775849,-0.0083