{"Sequence":[{"Time":0,"poses":{"Left Leg":{"Weight":1,"CFrame":[-0.15019354224205018,0.06268054246902466,0.09036767482757569,0.908578097820282,-0.18590913712978364,0.37406402826309206,0.17673207819461823,0.982487678527832,0.0590229369699955,-0.37848609685897829,0.012482136487960816,0.9255227446556091],"EasingStyle":"Linear","EasingDirection":"In"},"Right Arm":{"Weight":1,"CFrame":[-0.14843392372131349,-0.1929360330104828,-0.19603639841079713,0.5786043405532837,0.029258914291858674,-0.8150835037231445,-0.04758911579847336,0.9988648295402527,0.00207392661832273,0.8142188191413879,0.03758913651108742,0.5793399214744568],"EasingStyle":"Linear","EasingDirection":"In"},"Head":{"Weight":1,"CFrame":[8.940696716308594e-8,1.9208528101444246e-8,-2.980232238769531e-7,0.9758270382881165,-0.2168785184621811,0.026934053748846055,0.2161756008863449,0.9759876728057861,0.026761628687381746,-0.03209132328629494,-0.020292237401008607,0.9992790222167969],"EasingStyle":"Linear","EasingDirection":"In"},"Right Leg":{"Weight":1,"CFrame":[0.24263790249824525,0.08425503969192505,0.027100563049316407,0.992283821105957,0.03170717880129814,-0.11986476182937622,-0.02801547758281231,0.9990836977958679,0.032358165830373767,0.12078093737363816,-0.028750432655215265,0.9922627806663513],"EasingStyle":"Linear","EasingDirection":"In"},"Torso":{"Weight":1,"CFrame":[-0.0022506366949528457,-0.03745041415095329,-0.06909704208374024,0.9648973941802979,0.2625937759876251,-0.004193316213786602,-0.2622383236885071,0.9624773263931274,-0.06977502256631851,-0.014286511577665806,0.06842538714408875,0.9975539445877075],"EasingStyle":"Linear","EasingDirection":"In"},"HumanoidRootPart":{"Weight":1,"CFrame":[0,0,0,1,0,0,0,1,0,0,0,1],"EasingStyle":"Linear","EasingDirection":"In"},"Left Arm":{"Weight":1,"CFrame":[0.027951836585998536,-0.16557976603507996,0.17035293579101563,0.8381490111351013,-0.045323677361011508,0.5435549020767212,0.013713416643440724,0.9979776740074158,0.06206938624382019,-0.5452688932418823,-0.04456941783428192,0.8370755314826965],"EasingStyle":"Linear","EasingDirection":"In"}}},{"Time":0.03333333507180214,"poses":{"Left Leg":{"Weight":1,"CFrame":[-0.16734887659549714,0.045248985290527347,0.09047448635101319,0.9196776151657105,-0.18436232209205628,0.34670403599739077,0.18556779623031617,0.9821723103523254,0.03003363497555256,-0.34606021642684939,0.03671588748693466,0.9374936819076538],"EasingStyle":"Linear","EasingDirection":"In"},"Right Arm":{"Weight":1,"CFrame":[-0.1472678780555725,-0.19467368721961976,-0.19858968257904054,0.5774068236351013,0.028724409639835359,-0.8159511089324951,-0.045222435146570209,0.9989719986915588,0.0031657749786973,0.8152032494544983,0.03507137671113014,0.5781122446060181],"EasingStyle":"Linear","EasingDirection":"In"},"Head":{"Weight":1,"CFrame":[8.381903171539307e-8,5.587935447692871e-9,-1.1920928955078126e-7,0.9746866822242737,-0.21707046031951905,0.05354020744562149,0.21573379635810853,0.9760016202926636,0.029664020985364915,-0.0586945116519928,-0.017362698912620546,0.9981250762939453],"EasingStyle":"Linear","EasingDirection":"In"},"Right Leg":{"Weight":1,"CFrame":[0.2851596772670746,0.11879432201385498,0.03500247001647949,0.9875237941741943,0.05964253470301628,-0.14573825895786286,-0.05140761286020279,0.9968957304954529,0.05963512882590294,0.14884263277053834,-0.051399048417806628,0.9875242710113525],"EasingStyle":"Linear","EasingDirection":"In"},"Torso":{"Weight":1,"CFrame":[-0.014311709441244603,-0.03587010130286217,-0.08001399040222168,0.966062605381012,0.2569354176521301,-0.02659696154296398,-0.25815996527671816,0.9638654589653015,-0.06570380926132202,0.008754255250096321,0.07034025341272354,0.9974847435951233],"EasingStyle":"Linear","EasingDirection":"In"},"HumanoidRootPart":{"Weight":1,"CFrame":[0,0,0,1,0,0,0,1,0,0,0,1],"EasingStyle":"Linear","EasingDirection":"In"},"Left Arm":{"Weight":1,"CFrame":[0.024689167737960817,-0.16360485553741456,0.1674802303314209,0.8442670106887817,-0.05736237019300461,0.5328441858291626,-0.002275988692417741,0.9938626289367676,0.110598623752594,-0.5359180569648743,-0.094587542116642,0.838954746723175],"EasingStyle":"Linear","EasingDirection":"In"}}},{"Time":0.06666667014360428,"poses":{"Left Leg":{"Weight":1,"CFrame":[-0.18597470223903657,0.030144333839416505,0.0869131088256836,0.9328501224517822,-0.179939866065979,0.3121097683906555,0.1883009523153305,0.9821054339408875,0.0034067369997501375,-0.307137668132782,0.05559258535504341,0.9500399827957153],"EasingStyle":"Linear","EasingDirection":"In"},"Right Arm":{"Weight":1,"CFrame":[-0.14405955374240876,-0.1993287205696106,-0.2008216381072998,0.5765548944473267,0.027352796867489816,-0.8166004419326782,-0.03888113796710968,0.9992257356643677,0.0060182418674230579,0.8161328434944153,0.02828051894903183,0.577172040939331],"EasingStyle":"Linear","EasingDirection":"In"},"Head":{"Weight":1,"CFrame":[9.499490261077881e-8,2.2351741790771486e-8,5.960464477539063e-7,0.9734102487564087,-0.21716104447841645,0.07289553433656693,0.21536345779895783,0.9760171175003052,0.03177005052566528,-0.07804650813341141,-0.015226255171000958,0.9968334436416626],"EasingStyle":"Linear","EasingDirection":"In"},"Right Leg":{"Weight":1,"CFrame":[0.30854108929634097,0.14797234535217286,0.04463183879852295,0.9805250763893127,0.0824771374464035,-0.17823611199855805,-0.06839650124311447,0.9941359758377075,0.08375971019268036,0.18409918248653413,-0.06993772834539414,0.9804163575172424],"EasingStyle":"Linear","EasingDirection":"In"},"Torso":{"Weight":1,"CFrame":[-0.024961644783616067,-0.034534767270088199,-0.08921384811401367,0.9687188863754273,0.2437872290611267,-0.04638644680380821,-0.2463814914226532,0.967166006565094,-0.06233826279640198,0.029666123911738397,0.07181700319051743,0.9969765543937683],"EasingStyle":"Linear","EasingDirection":"In"},"HumanoidRootPart":{"Weight":1,"CFrame":[0,0,0,1,0,0,0,1,0,0,0,1],"EasingStyle":"Linear","EasingDirection":"In"},"Left Arm":{"Weight":1,"CFrame":[0.016394317150115968,-0.156842440366745,0.1627558469772339,0.8606871962547302,-0.05958164483308792,0.5056358575820923,-0.022883059456944467,0.9875984191894531,0.15532496571540833,-0.5086197257041931,-0.14525674283504487,0.8486499190330505],"EasingStyle":"Linear","EasingDirection":"In"}}},{"Time":0.10000000149011612,"poses":{"Left Leg":{"Weight":1,"CFrame":[-0.19843140244483949,0.017350316047668458,0.07957327365875244,0.9458589553833008,-0.17126914858818055,0.2757130563259125,0.18350684642791749,0.9828346371650696,-0.019013801589608194,-0.2677237093448639,0.06857959181070328,0.9610520005226135],"EasingStyle":"Linear","EasingDirection":"In"},"Right Arm":{"Weight":1,"CFrame":[-0.13921701908111573,-0.20606988668441773,-0.20275121927261353,0.5759804844856262,0.025387732312083246,-0.8170691728591919,-0.02969541773200035,0.9995077252388,0.010123062878847123,0.8169240355491638,0.018432533368468286,0.5764508247375488],"EasingStyle":"Linear","EasingDirection":"In"},"Head":{"Weight":1,"CFrame":[1.0989606380462647e-7,2.2351741790771486e-8,0,0.9723172187805176,-0.2171992063522339,0.08616116642951966,0.2150857001543045,0.9760303497314453,0.033210840076208118,-0.09130928665399552,-0.01375945471227169,0.9957275986671448],"EasingStyle":"Linear","EasingDirection":"In"},"Right Leg":{"Weight":1,"CFrame":[0.31514105200767519,0.16943198442459107,0.05447077751159668,0.9721215963363648,0.09920123964548111,-0.2124588042497635,-0.07857609540224076,0.9915278553962708,0.10343284904956818,0.22091947495937348,-0.08385515213012696,0.9716805219650269],"EasingStyle":"Linear","EasingDirection":"In"},"Torso":{"Weight":1,"CFrame":[-0.03367586433887482,-0.03361687436699867,-0.09447050094604492,0.9720035195350647,0.22647905349731446,-0.06258254498243332,-0.2301761507987976,0.9712994694709778,-0.05996859818696976,0.04720477759838104,0.07269468903541565,0.9962365031242371],"EasingStyle":"Linear","EasingDirection":"In"},"HumanoidRootPart":{"Weight":1,"CFrame":[0,0,0,1,0,0,0,1,0,0,0,1],"EasingStyle":"Linear","EasingDirection":"In"},"Left Arm":{"Weight":1,"CFrame":[0.003708675503730774,-0.14573335647583009,0.15654528141021729,0.8845270276069641,-0.04564574733376503,0.4642506241798401,-0.05240391194820404,0.9791789650917053,0.19611822068691255,-0.4635363817214966,-0.19780050218105317,0.8637182116508484],"EasingStyle":"Linear","EasingDirection":"In"}}},{"Time":0.13333334028720857,"poses":{"Left Leg":{"Weight":1,"CFrame":[-0.1879853457212448,0.005131959915161133,0.06675064563751221,0.9581446051597595,-0.1520000845193863,0.24260035157203675,0.1653517484664917,0.9855942726135254,-0.03553372994065285,-0.23370446264743806,0.07416091114282608,0.9694753885269165],"EasingStyle":"Linear","EasingDirection":"In"},"Right Arm":{"Weight":1,"CFrame":[-0.13314864039421082,-0.2140616476535797,-0.20439761877059937,0.575617790222168,0.02306886948645115,-0.8173935413360596,-0.018799489364027978,0.9997112154960632,0.014975497499108315,0.8175028562545776,0.0067464192397892479,0.5758851170539856],"EasingStyle":"Linear","EasingDirection":"In"},"Head":{"Weight":1,"CFrame":[8.381903171539307e-8,1.862645149230957e-8,-1.7881393432617188e-7,0.9715396761894226,-0.2172132283449173,0.09449400752782822,0.21490126848220826,0.9760397672653198,0.0341147817671299,-0.09964009374380112,-0.012836976908147335,0.9949407577514648],"EasingStyle":"Linear","EasingDirection":"In"},"Right Leg":{"Weight":1,"CFrame":[0.30091795325279238,0.17806285619735719,0.06090748310089111,0.9643421173095703,0.10508023202419281,-0.24290411174297334,-0.07832887023687363,0.9900019764900208,0.11730609834194184,0.25280213356018069,-0.09409691393375397,0.9629313945770264],"EasingStyle":"Linear","EasingDirection":"In"},"Torso":{"Weight":1,"CFrame":[-0.03991129621863365,-0.03318364545702934,-0.09058427810668946,0.9752308130264282,0.20838326215744019,-0.07417157292366028,-0.21286541223526,0.9753173589706421,-0.05868886038661003,0.06011105701327324,0.07302374392747879,0.9955170750617981],"EasingStyle":"Linear","EasingDirection":"In"},"HumanoidRootPart":{"Weight":1,"CFrame":[0,0,0,1,0,0,0,1,0,0,0,1],"EasingStyle":"Linear","EasingDirection":"In"},"Left Arm":{"Weight":1,"CFrame":[-0.012711390852928162,-0.1307547688484192,0.14926159381866456,0.9116591215133667,-0.008853279985487461,0.41085198521614077,-0.09583335369825363,0.967622697353363,0.23350010812282563,-0.39961695671081545,-0.2522459030151367,0.8812936544418335],"EasingStyle":"Linear","EasingDirection":"In"}}},{"Time":0.1666666716337204,"poses":{"Left Leg":{"Weight":1,"CFrame":[-0.12927155196666718,-0.008350014686584473,0.04599571228027344,0.9696769118309021,-0.11126042902469635,0.21759545803070069,0.12375566363334656,0.9913089275360107,-0.04462215304374695,-0.21073967218399049,0.07019780576229096,0.9750185012817383],"EasingStyle":"Linear","EasingDirection":"In"},"Right Arm":{"Weight":1,"CFrame":[-0.12626273930072785,-0.22247013449668885,-0.20578038692474366,0.5754083395004273,0.020634444430470468,-0.8176059722900391,-0.00733150914311409,0.9997716546058655,0.02007218264043331,0.8178334832191467,-0.005555426236242056,0.5754282474517822],"EasingStyle":"Linear","EasingDirection":"In"},"Head":{"Weight":1,"CFrame":[1.2665987014770509e-7,1.862645149230957e-8,1.1920928955078126e-7,0.9710857272148132,-0.2172175943851471,0.09904105216264725,0.21479737758636475,0.9760453104972839,0.03460767865180969,-0.10418595373630524,-0.012333264574408532,0.9944813847541809],"EasingStyle":"Linear","EasingDirection":"In"},"Right Leg":{"Weight":1,"CFrame":[0.2600114047527313,0.16887712478637696,0.059203267097473147,0.9599165320396423,0.09427592903375626,-0.2639552354812622,-0.0631396546959877,0.9902624487876892,0.12407128512859345,0.2730819284915924,-0.10243210196495056,0.9565218687057495],"EasingStyle":"Linear","EasingDirection":"In"},"Torso":{"Weight":1,"CFrame":[-0.0431172139942646,-0.03322632983326912,-0.07287311553955078,0.9779369235038757,0.1929231882095337,-0.0801255851984024,-0.19782216846942902,0.9784936308860779,-0.058451615273952487,0.06712571531534195,0.07301260530948639,0.9950695037841797],"EasingStyle":"Linear","EasingDirection":"In"},"HumanoidRootPart":{"Weight":1,"CFrame":[0,0,0,1,0,0,0,1,0,0,0,1],"EasingStyle":"Linear","EasingDirection":"In"},"Left Arm":{"Weight":1,"CFrame":[-0.03219369053840637,-0.11246666312217713,0.1413898468017578,0.9357959628105164,0.05796601623296738,0.3477441370487213,-0.1587405800819397,0.9500201344490051,0.2688181400299072,-0.31478169560432436,-0.30676010251045229,0.8982265591621399],"EasingStyle":"Linear","EasingDirection":"In"}}},{"Time":0.20000000298023225,"poses":{"Left Leg":{"Weight":1,"CFrame":[-0.040589332580566409,-0.015575885772705078,0.02404499053955078,0.9762839078903198,-0.06114737316966057,0.20767955482006074,0.07143156230449677,0.9965448379516602,-0.042379483580589297,-0.20437075197696687,0.056209366768598559,0.9772785305976868],"EasingStyle":"Linear","EasingDirection":"In"},"Right Arm":{"Weight":1,"CFrame":[-0.11896754801273346,-0.2304629385471344,-0.2069185972213745,0.5753040909767151,0.018323007971048356,-0.8177344799041748,0.0035682120360434057,0.9996833205223084,0.02491028979420662,0.8179319500923157,-0.01724884659051895,0.5750564336776733],"EasingStyle":"Linear","EasingDirection":"In"},"Head":{"Weight":1,"CFrame":[1.341104507446289e-7,-3.5390257835388186e-8,-2.384185791015625e-7,0.9708898663520813,-0.21721875667572022,0.10094030201435089,0.21475332975387574,0.9760477542877197,0.03481348231434822,-0.10608468949794769,-0.012122800573706627,0.9942831993103027],"EasingStyle":"Linear","EasingDirection":"In"},"Right Leg":{"Weight":1,"CFrame":[0.21127702295780183,0.14839845895767213,0.051471710205078128,0.9599210023880005,0.0739360973238945,-0.2703426778316498,-0.042371656745672229,0.9917736053466797,0.12078811228275299,0.2770492136478424,-0.10449211299419403,0.9551571011543274],"EasingStyle":"Linear","EasingDirection":"In"},"Torso":{"Weight":1,"CFrame":[-0.04179512709379196,-0.03387104719877243,-0.052805423736572269,0.9799252152442932,0.18362171947956086,-0.07765081524848938,-0.18840187788009644,0.9802903532981873,-0.05946066603064537,0.06520208716392517,0.0728965699672699,0.9952058792114258],"EasingStyle":"Linear","EasingDirection":"In"},"HumanoidRootPart":{"Weight":1,"CFrame":[0,0,0,1,0,0,0,1,0,0,0,1],"EasingStyle":"Linear","EasingDirection":"In"},"Left Arm":{"Weight":1,"CFrame":[-0.054074838757514957,-0.09156087040901184,0.1335211992263794,0.9468839168548584,0.16188858449459077,0.27785420417785647,-0.24660632014274598,0.9200975298881531,0.3043120205402374,-0.20638829469680787,-0.35666894912719729,0.9111483097076416],"EasingStyle":"Linear","EasingDirection":"In"}}},{"Time":0.23333333432674409,"poses":{"Left Leg":{"Weight":1,"CFrame":[-0.02894766628742218,-0.004210948944091797,0.0219193696975708,0.9727097153663635,-0.05974584072828293,0.22420141100883485,0.06600742042064667,0.997607946395874,-0.02053123340010643,-0.22243854403495789,0.03476991876959801,0.9743265509605408],"EasingStyle":"Linear","EasingDirection":"In"},"Right Arm":{"Weight":1,"CFrame":[-0.11167155206203461,-0.2372051477432251,-0.20783185958862306,0.5752665400505066,0.016373829916119577,-0.8178021907806397,0.01276010274887085,0.9994984269142151,0.028987547382712365,0.8178665637969971,-0.02711082622408867,0.5747689604759216],"EasingStyle":"Linear","EasingDirection":"In"},"Head":{"Weight":1,"CFrame":[6.705522537231445e-8,5.587935447692871e-9,1.1920928955078126e-7,0.970849871635437,-0.21721892058849336,0.10132467746734619,0.21474434435367585,0.9760481715202332,0.03485513851046562,-0.10646896809339524,-0.01208020281046629,0.9942427277565002],"EasingStyle":"Linear","EasingDirection":"In"},"Right Leg":{"Weight":1,"CFrame":[0.17880433797836305,0.12099748849868775,0.043195128440856937,0.9660886526107788,0.05262196436524391,-0.2527918517589569,-0.027920180931687356,0.9945625066757202,0.10032948851585388,0.2566969394683838,-0.0898691862821579,0.9623047113418579],"EasingStyle":"Linear","EasingDirection":"In"},"Torso":{"Weight":1,"CFrame":[-0.0326056107878685,-0.03558193892240524,-0.042809247970581058,0.9808327555656433,0.18521350622177125,-0.0605236180126667,-0.18891578912734986,0.9799991846084595,-0.06254961341619492,0.04772806167602539,0.07278458029031754,0.9962050318717957],"EasingStyle":"Linear","EasingDirection":"In"},"HumanoidRootPart":{"Weight":1,"CFrame":[0,0,0,1,0,0,0,1,0,0,0,1],"EasingStyle":"Linear","EasingDirection":"In"},"Left Arm":{"Weight":1,"CFrame":[-0.07778683304786682,-0.06892326474189758,0.12640094757080079,0.9290013313293457,0.30775579810142519,0.20553097128868104,-0.36289551854133608,0.866442084312439,0.3429063558578491,-0.07254922389984131,-0.3931468725204468,0.9166091680526733],"EasingStyle":"Linear","EasingDirection":"In"}}},{"Time":0.2666666805744171,"poses":{"Left Leg":{"Weight":1,"CFrame":[-0.08854380249977112,0.02226388454437256,0.0423964262008667,0.9568324685096741,-0.10694178193807602,0.2702503204345703,0.10712026059627533,0.9941456913948059,0.01413269154727459,-0.2701793909072876,0.01542663760483265,0.9626864194869995],"EasingStyle":"Linear","EasingDirection":"In"},"Right Arm":{"Weight":1,"CFrame":[-0.10478317737579346,-0.24186167120933534,-0.20854008197784425,0.5752652883529663,0.015027329325675965,-0.817828893661499,0.019107230007648469,0.9993115663528442,0.03180214762687683,0.817743718624115,-0.03392113000154495,0.5745822191238403],"EasingStyle":"Linear","EasingDirection":"In"},"Head":{"Weight":1,"CFrame":[8.381903171539307e-8,1.6763806343078614e-8,1.1920928955078126e-7,0.9711764454841614,-0.21721693873405457,0.09814952313899994,0.21481791138648988,0.9760442972183228,0.03451106324791908,-0.10329464077949524,-0.012432057410478592,0.9945731163024902],"EasingStyle":"Linear","EasingDirection":"In"},"Right Leg":{"Weight":1,"CFrame":[0.17494553327560426,0.09500831365585327,0.03624844551086426,0.9771775603294373,0.03435974568128586,-0.2096269428730011,-0.020297052338719369,0.9974192380905151,0.06886964291334152,0.21145230531692506,-0.063043013215065,0.9753530025482178],"EasingStyle":"Linear","EasingDirection":"In"},"Torso":{"Weight":1,"CFrame":[-0.018622517585754396,-0.03794325143098831,-0.04523015022277832,0.9784095287322998,0.20378121733665467,-0.03446909040212631,-0.20570415258407594,0.9763240218162537,-0.0669127032160759,0.02001745067536831,0.0725584551692009,0.9971633553504944],"EasingStyle":"Linear","EasingDirection":"In"},"HumanoidRootPart":{"Weight":1,"CFrame":[0,0,0,1,0,0,0,1,0,0,0,1],"EasingStyle":"Linear","EasingDirection":"In"},"Left Arm":{"Weight":1,"CFrame":[-0.10305854678153992,-0.04566735029220581,0.12096118927001953,0.8590887784957886,0.49298036098480227,0.13761216402053834,-0.5047537684440613,0.7714774012565613,0.38735780119895937,0.08479515463113785,-0.4022350311279297,0.9116012454032898],"EasingStyle":"Linear","EasingDirection":"In"}}},{"Time":0.30000001192092898,"poses":{"Left Leg":{"Weight":1,"CFrame":[-0.13414059579372407,0.05492603778839111,0.06966638565063477,0.9300521016120911,-0.15543322265148164,0.33293217420578005,0.14621201157569886,0.9878464341163635,0.05274105444550514,-0.3370835781097412,-0.00037316238740459085,0.9414747357368469],"EasingStyle":"Linear","EasingDirection":"In"},"Right Arm":{"Weight":1,"CFrame":[-0.09871077537536621,-0.2435997724533081,-0.20906323194503785,0.5752719044685364,0.014524773694574833,-0.8178332448005676,0.021474961191415788,0.9992295503616333,0.03285207599401474,0.817680299282074,-0.036461830139160159,0.574516773223877],"EasingStyle":"Linear","EasingDirection":"In"},"Head":{"Weight":1,"CFrame":[8.381903171539307e-8,1.1641532182693482e-8,-5.960464477539063e-8,0.972061038017273,-0.21720477938652039,0.08899110555648804,0.21502387523651124,0.9760334491729736,0.03351791948080063,-0.09413854777812958,-0.013446255587041378,0.9954683184623718],"EasingStyle":"Linear","EasingDirection":"In"},"Right Leg":{"Weight":1,"CFrame":[0.18857026100158692,0.07278221845626831,0.029706478118896486,0.987837016582489,0.019613077864050866,-0.1542510837316513,-0.01448072399944067,0.9993058443069458,0.034325167536735538,0.15481717884540559,-0.03167393431067467,0.9874352812767029],"EasingStyle":"Linear","EasingDirection":"In"},"Torso":{"Weight":1,"CFrame":[-0.0034914622083306314,-0.040739189833402637,-0.05489611625671387,0.9725576043128967,0.23257744312286378,-0.006277629639953375,-0.23241671919822694,0.9699389934539795,-0.07211671024560929,-0.010683800093829632,0.07159668207168579,0.997376561164856],"EasingStyle":"Linear","EasingDirection":"In"},"HumanoidRootPart":{"Weight":1,"CFrame":[0,0,0,1,0,0,0,1,0,0,0,1],"EasingStyle":"Linear","EasingDirection":"In"},"Left Arm":{"Weight":1,"CFrame":[-0.13040877878665925,-0.022847622632980348,0.11819756031036377,0.715243399143219,0.6939811706542969,0.0825667455792427,-0.6512263417243958,0.6189345717430115,0.4391173720359802,0.25363579392433169,-0.3678455054759979,0.8946278095245361],"EasingStyle":"Linear","EasingDirection":"In"}}},{"Time":0.3333333432674408,"poses":{"Left Leg":{"Weight":1,"CFrame":[-0.16912981867790223,0.08968102931976319,0.10238814353942871,0.8955638408660889,-0.20058728754520417,0.39715275168418887,0.18068565428256989,0.9796546101570129,0.08734823763370514,-0.40659332275390627,-0.006466069258749485,0.913586437702179],"EasingStyle":"Linear","EasingDirection":"In"},"Right Arm":{"Weight":1,"CFrame":[-0.09386555850505829,-0.2330208122730255,-0.20940202474594117,0.5756349563598633,0.015009145252406598,-0.8175690770149231,0.01351814903318882,0.9995203018188477,0.02786731906235218,0.8175950050354004,-0.02709343284368515,0.5751559138298035],"EasingStyle":"Linear","EasingDirection":"In"},"Head":{"Weight":1,"CFrame":[9.499490261077881e-8,-9.778887033462525e-9,-2.980232238769531e-7,0.9732797145843506,-0.2171669602394104,0.07460030168294907,0.21532882750034333,0.9760186672210693,0.03195531293749809,-0.0797509178519249,-0.015037871897220612,0.9967013597488403],"EasingStyle":"Linear","EasingDirection":"In"},"Right Leg":{"Weight":1,"CFrame":[0.22937598824501038,0.06233072280883789,0.025295138359069825,0.9946507811546326,0.01959431916475296,-0.1014191284775734,-0.019275890663266183,0.9998058080673218,0.004118059761822224,0.10148020833730698,-0.0021410423796623947,0.9948352575302124],"EasingStyle":"Linear","EasingDirection":"In"},"Torso":{"Weight":1,"CFrame":[0.00966078694909811,-0.043333180248737338,-0.0732734203338623,0.9645998477935791,0.263088196516037,0.018215397372841836,-0.2609833776950836,0.9622387886047363,-0.07735823094844818,-0.03787960112094879,0.06986583024263382,0.9968369603157044],"EasingStyle":"Linear","EasingDirection":"In"},"HumanoidRootPart":{"Weight":1,"CFrame":[0,0,0,1,0,0,0,1,0,0,0,1],"EasingStyle":"Linear","EasingDirection":"In"},"Left Arm":{"Weight":1,"CFrame":[-0.16100317239761353,-0.001121819019317627,0.11874008178710938,0.4908178150653839,0.8698474168777466,0.04963526129722595,-0.7657364010810852,0.40349340438842776,0.5008397698402405,0.41562679409980776,-0.28382858633995058,0.8641156554222107],"EasingStyle":"Linear","EasingDirection":"In"}}},{"Time":0.36666667461395266,"poses":{"Left Leg":{"Weight":1,"CFrame":[-0.2040221095085144,0.12545573711395265,0.13883256912231446,0.8596785664558411,-0.24137216806411744,0.45021358132362368,0.21261395514011384,0.9704293012619019,0.11428996920585633,-0.46448689699172976,-0.002530883066356182,0.8855763673782349],"EasingStyle":"Linear","EasingDirection":"In"},"Right Arm":{"Weight":1,"CFrame":[-0.0906573235988617,-0.20801442861557008,-0.20957261323928834,0.5766464471817017,0.01694076508283615,-0.8168181777000427,-0.007083470933139324,0.9998511075973511,0.015736181288957597,0.8169630765914917,-0.003288303269073367,0.576680600643158],"EasingStyle":"Linear","EasingDirection":"In"},"Head":{"Weight":1,"CFrame":[8.195638656616211e-8,4.284083843231201e-8,-1.7881393432617188e-7,0.9745612144470215,-0.217082679271698,0.05572841688990593,0.21569396555423737,0.976003110408783,0.029902340844273568,-0.060882359743118289,-0.017121370881795884,0.9979981780052185],"EasingStyle":"Linear","EasingDirection":"In"},"Right Leg":{"Weight":1,"CFrame":[0.298061341047287,0.067379891872406,0.022640705108642579,0.9973258376121521,0.03919709101319313,-0.06168391928076744,-0.040413178503513339,0.9990101456642151,-0.018591389060020448,0.06089414656162262,0.021034492179751397,0.9979225993156433],"EasingStyle":"Linear","EasingDirection":"In"},"Torso":{"Weight":1,"CFrame":[0.019609514623880388,-0.04516942426562309,-0.10159754753112793,0.9571701288223267,0.28718873858451846,0.03671611472964287,-0.28353676199913027,0.9554622769355774,-0.08184655010700226,-0.05858627334237099,0.06793070584535599,0.9959684014320374],"EasingStyle":"Linear","EasingDirection":"In"},"HumanoidRootPart":{"Weight":1,"CFrame":[0,0,0,1,0,0,0,1,0,0,0,1],"EasingStyle":"Linear","EasingDirection":"In"},"Left Arm":{"Weight":1,"CFrame":[-0.19602809846401215,0.019690334796905519,0.12292563915252686,0.20188763737678529,0.9783739447593689,0.045009665191173556,-0.8103274703025818,0.1410461962223053,0.5687485933303833,0.5501006245613098,-0.15129585564136506,0.8212790489196777],"EasingStyle":"Linear","EasingDirection":"In"}}},{"Time":0.4000000059604645,"poses":{"Left Leg":{"Weight":1,"CFrame":[-0.24795952439308167,0.1601506471633911,0.17378854751586915,0.8327972888946533,-0.2759603261947632,0.4798901677131653,0.2429870069026947,0.9611398577690125,0.13102476298809052,-0.49739912152290347,0.007489911280572414,0.8674894571304321],"EasingStyle":"Linear","EasingDirection":"In"},"Right Arm":{"Weight":1,"CFrame":[-0.0894918441772461,-0.17867609858512879,-0.2096189260482788,0.5781435966491699,0.02104746177792549,-0.8156635165214539,-0.03539876267313957,0.9993730783462524,0.000697241339366883,0.8151668310165405,0.028470398858189584,0.5785261988639832],"EasingStyle":"Linear","EasingDirection":"In"},"Head":{"Weight":1,"CFrame":[1.0803341865539551e-7,1.862645149230957e-8,0,0.9756246209144592,-0.21693025529384614,0.033136703073978427,0.21607954800128938,0.9759901762008667,0.027439028024673463,-0.03829343616962433,-0.01961001567542553,0.9990741610527039],"EasingStyle":"Linear","EasingDirection":"In"},"Right Leg":{"Weight":1,"CFrame":[0.37828853726387026,0.08698701858520508,0.023469924926757814,0.9962950348854065,0.07394915819168091,-0.043908845633268359,-0.07538575679063797,0.9966402053833008,-0.032019827514886859,0.041393544524908069,0.03521135076880455,0.9985222816467285],"EasingStyle":"Linear","EasingDirection":"In"},"Torso":{"Weight":1,"CFrame":[0.025658024474978448,-0.04587216302752495,-0.13870501518249513,0.9536463618278503,0.2970888912677765,0.047924935817718509,-0.2924833297729492,0.9525172114372253,-0.08464363217353821,-0.07079599797725678,0.06670285761356354,0.995258092880249],"EasingStyle":"Linear","EasingDirection":"In"},"HumanoidRootPart":{"Weight":1,"CFrame":[0,0,0,1,0,0,0,1,0,0,0,1],"EasingStyle":"Linear","EasingDirection":"In"},"Left Arm":{"Weight":1,"CFrame":[-0.2360086292028427,0.04110223054885864,0.12960660457611085,-0.09935463219881058,0.9929107427597046,0.06524558365345001,-0.7657693028450012,-0.1181664764881134,0.6321660280227661,0.6353945136070252,0.012845590710639954,0.7720811367034912],"EasingStyle":"Linear","EasingDirection":"In"}}},{"Time":0.4333333373069763,"poses":{"Left Leg":{"Weight":1,"CFrame":[-0.3049910068511963,0.18461012840270997,0.19062185287475587,0.8332399725914002,-0.2965424656867981,0.4666622579097748,0.2647499442100525,0.954946756362915,0.13410556316375733,-0.4854058027267456,0.011806822381913662,0.8742094039916992],"EasingStyle":"Linear","EasingDirection":"In"},"Right Arm":{"Weight":1,"CFrame":[-0.09226363897323609,-0.15509986877441407,-0.2095874547958374,0.57990962266922,0.028041165322065355,-0.8141981363296509,-0.06645777821540833,0.9977049827575684,-0.01297312043607235,0.8119656443595886,0.06163305789232254,0.5804421305656433],"EasingStyle":"Linear","EasingDirection":"In"},"Head":{"Weight":1,"CFrame":[8.568167686462403e-8,2.60770320892334e-8,4.76837158203125e-7,0.9762107729911804,-0.21669039130210877,0.007602352648973465,0.2164478749036789,0.9759830236434937,0.024647433310747148,-0.01276063546538353,-0.02241557091474533,0.9996673464775086],"EasingStyle":"Linear","EasingDirection":"In"},"Right Leg":{"Weight":1,"CFrame":[0.4345305562019348,0.11017507314682007,0.03513622283935547,0.9918864369392395,0.11160827428102493,-0.060869764536619189,-0.1138436570763588,0.9928968548774719,-0.034575749188661578,0.05657840147614479,0.04122484102845192,0.9975466728210449],"EasingStyle":"Linear","EasingDirection":"In"},"Torso":{"Weight":1,"CFrame":[0.027172395959496499,-0.04502477869391441,-0.17220449447631837,0.9583621621131897,0.2810263931751251,0.05065922811627388,-0.276248574256897,0.957343578338623,-0.08473534882068634,-0.0723111554980278,0.06721261143684387,0.9951148629188538],"EasingStyle":"Linear","EasingDirection":"In"},"HumanoidRootPart":{"Weight":1,"CFrame":[0,0,0,1,0,0,0,1,0,0,0,1],"EasingStyle":"Linear","EasingDirection":"In"},"Left Arm":{"Weight":1,"CFrame":[-0.2798229455947876,0.06463027000427246,0.13755786418914796,-0.3555501401424408,0.9294254779815674,0.09875469654798508,-0.6529350876808167,-0.322592556476593,0.6852806806564331,0.6687750220298767,0.17917126417160035,0.7215525507926941],"EasingStyle":"Linear","EasingDirection":"In"}}},{"Time":0.46666666865348818,"poses":{"Left Leg":{"Weight":1,"CFrame":[-0.3593493402004242,0.1861901879310608,0.17992722988128663,0.8604556322097778,-0.2976723909378052,0.41353023052215578,0.272040456533432,0.9546322822570801,0.12112537771463394,-0.43082502484321597,0.008273954503238202,0.9023976922035217],"EasingStyle":"Linear","EasingDirection":"In"},"Right Arm":{"Weight":1,"CFrame":[-0.10003723204135895,-0.14730075001716615,-0.20952939987182618,0.5817206501960754,0.03859223425388336,-0.8124727010726929,-0.09531638026237488,0.9952261447906494,-0.020972438156604768,0.8077846765518189,0.08964209258556366,0.5826220512390137],"EasingStyle":"Linear","EasingDirection":"In"},"Head":{"Weight":1,"CFrame":[8.568167686462403e-8,1.30385160446167e-8,3.5762786865234377e-7,0.976109504699707,-0.21634964644908906,-0.020079927518963815,0.21676646173000337,0.9759843349456787,0.021612128242850305,0.014921927824616433,-0.025448478758335115,0.9995648264884949],"EasingStyle":"Linear","EasingDirection":"In"},"Right Leg":{"Weight":1,"CFrame":[0.447040319442749,0.12706178426742555,0.05704796314239502,0.9844015836715698,0.139107346534729,-0.10771561414003372,-0.14244215190410615,0.9895152449607849,-0.023872628808021547,0.10326541215181351,0.03884342312812805,0.9938951134681702],"EasingStyle":"Linear","EasingDirection":"In"},"Torso":{"Weight":1,"CFrame":[0.023072613403201104,-0.042710792273283008,-0.1864793300628662,0.9685999155044556,0.24489489197731019,0.04290522262454033,-0.2408771514892578,0.9670820832252502,-0.08203938603401184,-0.061583906412124637,0.06912844628095627,0.9957051277160645],"EasingStyle":"Linear","EasingDirection":"In"},"HumanoidRootPart":{"Weight":1,"CFrame":[0,0,0,1,0,0,0,1,0,0,0,1],"EasingStyle":"Linear","EasingDirection":"In"},"Left Arm":{"Weight":1,"CFrame":[-0.325192928314209,0.09077656269073487,0.14712107181549073,-0.5354582071304321,0.8343874216079712,0.13069936633110047,-0.5167118310928345,-0.44606339931488039,0.7307776808738709,0.6680519580841065,0.3237670063972473,0.6699864268302918],"EasingStyle":"Linear","EasingDirection":"In"}}},{"Time":0.5,"poses":{"Left Leg":{"Weight":1,"CFrame":[-0.3786012530326843,0.16088581085205079,0.14976656436920167,0.8959482312202454,-0.27694380283355715,0.3472444415092468,0.25981953740119936,0.9608768224716187,0.09596774727106095,-0.3602368235588074,0.004238617140799761,0.9328513741493225],"EasingStyle":"Linear","EasingDirection":"In"},"Right Arm":{"Weight":1,"CFrame":[-0.11197549104690552,-0.1575259566307068,-0.20949792861938477,0.5834259986877441,0.05332234874367714,-0.8104140162467957,-0.11713521927595139,0.9929342865943909,-0.018995409831404687,0.8036749958992004,0.10601047426462174,0.5855497121810913],"EasingStyle":"Linear","EasingDirection":"In"},"Head":{"Weight":1,"CFrame":[9.685754776000977e-8,2.7939677238464357e-8,1.1920928955078126e-7,0.9751796722412109,-0.21590209007263184,-0.04910121485590935,0.21701017022132874,0.9759956002235413,0.018420100212097169,0.04394562914967537,-0.028618361800909044,0.9986239671707153],"EasingStyle":"Linear","EasingDirection":"In"},"Right Leg":{"Weight":1,"CFrame":[0.41415539383888247,0.13210171461105348,0.07530295848846436,0.9760464429855347,0.1451810747385025,-0.16203585267066956,-0.14753293991088868,0.9890540838241577,-0.0025092593859881164,0.15989799797534944,0.026354743167757989,0.9867817163467407],"EasingStyle":"Linear","EasingDirection":"In"},"Torso":{"Weight":1,"CFrame":[0.014228017069399357,-0.03986838459968567,-0.17254948616027833,0.9777705073356628,0.2080247700214386,0.026281071826815606,-0.20545369386672975,0.9755483865737915,-0.07806577533483505,-0.041878074407577518,0.07093087583780289,0.9966017603874207],"EasingStyle":"Linear","EasingDirection":"In"},"HumanoidRootPart":{"Weight":1,"CFrame":[0,0,0,1,0,0,0,1,0,0,0,1],"EasingStyle":"Linear","EasingDirection":"In"},"Left Arm":{"Weight":1,"CFrame":[-0.36975720524787905,0.11909067630767822,0.1591883897781372,-0.6369215846061707,0.7567554116249085,0.14714787900447846,-0.3989703059196472,-0.48688188195228579,0.7770256400108337,0.6596618890762329,0.43619659543037417,0.6120284199714661],"EasingStyle":"Linear","EasingDirection":"In"}}},{"Time":0.5333333611488342,"poses":{"Left Leg":{"Weight":1,"CFrame":[-0.3464357852935791,0.1171143651008606,0.11893355846405029,0.9232213497161865,-0.24162842333316804,0.2987942695617676,0.2330746203660965,0.970316469669342,0.06451492756605149,-0.3055136203765869,0.010079788975417614,0.952134370803833],"EasingStyle":"Linear","EasingDirection":"In"},"Right Arm":{"Weight":1,"CFrame":[-0.12725430727005006,-0.18035396933555604,-0.20949417352676392,0.585114598274231,0.06936917454004288,-0.8079782128334045,-0.13284797966480256,0.9910741448402405,-0.011115841567516327,0.7999952435493469,0.11384239792823792,0.5891074538230896],"EasingStyle":"Linear","EasingDirection":"In"},"Head":{"Weight":1,"CFrame":[8.242204785346985e-8,1.548323780298233e-8,0,0.9733657240867615,-0.21535156667232514,-0.07863181829452515,0.2171631008386612,0.9760175943374634,0.015161569230258465,0.07348097115755081,-0.03183367848396301,0.9967884421348572],"EasingStyle":"Linear","EasingDirection":"In"},"Right Leg":{"Weight":1,"CFrame":[0.3598206639289856,0.13159745931625367,0.07726466655731201,0.97130286693573,0.1307784765958786,-0.19866518676280976,-0.12833262979984284,0.9914111495018005,0.025196492671966554,0.20025402307510377,0.001021735486574471,0.9797435402870178],"EasingStyle":"Linear","EasingDirection":"In"},"Torso":{"Weight":1,"CFrame":[0.0021729222498834135,-0.03682463988661766,-0.14010906219482423,0.9816617369651794,0.19059650599956513,0.003658139845356345,-0.18981942534446717,0.97906893491745,-0.07343585789203644,-0.017578186467289926,0.07139478623867035,0.99729323387146],"EasingStyle":"Linear","EasingDirection":"In"},"HumanoidRootPart":{"Weight":1,"CFrame":[0,0,0,1,0,0,0,1,0,0,0,1],"EasingStyle":"Linear","EasingDirection":"In"},"Left Arm":{"Weight":1,"CFrame":[-0.41287145018577578,0.14787602424621583,0.1753002405166626,-0.6954780220985413,0.7027785778045654,0.14970895648002625,-0.3077978491783142,-0.47964394092559817,0.8217066526412964,0.6492849588394165,0.5253990292549133,0.5498958230018616],"EasingStyle":"Linear","EasingDirection":"In"}}},{"Time":0.5666666626930237,"poses":{"Left Leg":{"Weight":1,"CFrame":[-0.26582664251327517,0.06716620922088623,0.09191524982452393,0.9403212666511536,-0.1968853920698166,0.27754640579223635,0.19579949975013734,0.9801244735717773,0.03191444277763367,-0.27831342816352847,0.024333566427230836,0.9601820707321167],"EasingStyle":"Linear","EasingDirection":"In"},"Right Arm":{"Weight":1,"CFrame":[-0.14504903554916383,-0.2113494575023651,-0.20946085453033448,0.5869985222816467,0.08359098434448242,-0.8052610158920288,-0.1466013342142105,0.9891868829727173,-0.004182194825261831,0.7962040305137634,0.12050739675760269,0.5929057002067566],"EasingStyle":"Linear","EasingDirection":"In"},"Head":{"Weight":1,"CFrame":[8.195638656616211e-8,2.3748725652694703e-8,0,0.970710813999176,-0.21471332013607026,-0.10779087245464325,0.21721945703029633,0.9760498404502869,0.011933650821447373,0.10264693945646286,-0.03499838337302208,0.9941019415855408],"EasingStyle":"Linear","EasingDirection":"In"},"Right Leg":{"Weight":1,"CFrame":[0.30177268385887148,0.129358172416687,0.06417226791381836,0.9723367094993591,0.10195402055978775,-0.21015878021717072,-0.09242837131023407,0.9942165017127991,0.054687708616256717,0.21451899409294129,-0.03375031799077988,0.9761365652084351],"EasingStyle":"Linear","EasingDirection":"In"},"Torso":{"Weight":1,"CFrame":[-0.011100247502326966,-0.03333938494324684,-0.10173869132995606,0.9803012609481812,0.19636298716068269,-0.021236857399344446,-0.1973678320646286,0.9779768586158752,-0.06787656992673874,0.0074407076463103298,0.07073096185922623,0.9974676966667175],"EasingStyle":"Linear","EasingDirection":"In"},"HumanoidRootPart":{"Weight":1,"CFrame":[0,0,0,1,0,0,0,1,0,0,0,1],"EasingStyle":"Linear","EasingDirection":"In"},"Left Arm":{"Weight":1,"CFrame":[-0.4549485445022583,0.17545610666275025,0.19702494144439698,-0.7430121898651123,0.652373731136322,0.14947058260440827,-0.23102855682373048,-0.45960643887519839,0.8575474619865418,0.6281390190124512,0.6026362776756287,0.4922102391719818],"EasingStyle":"Linear","EasingDirection":"In"}}},{"Time":0.6000000238418579,"poses":{"Left Leg":{"Weight":1,"CFrame":[-0.15808089077472688,0.02474057674407959,0.06406509876251221,0.9509614109992981,-0.146341472864151,0.27250081300735476,0.15130475163459779,0.9884831309318543,0.0028293549548834564,-0.26977652311325076,0.038540106266736987,0.9621514678001404],"EasingStyle":"Linear","EasingDirection":"In"},"Right Arm":{"Weight":1,"CFrame":[-0.16452378034591676,-0.24613642692565919,-0.20936256647109986,0.5892161130905151,0.09616216272115708,-0.8022326827049255,-0.15847273170948029,0.987361490726471,0.0019596032798290254,0.7922820448875427,0.12597742676734925,0.5970083475112915],"EasingStyle":"Linear","EasingDirection":"In"},"Head":{"Weight":1,"CFrame":[6.705522537231445e-8,4.6566128730773929e-9,2.384185791015625e-7,0.9673594236373901,-0.21401368081569673,-0.13569796085357667,0.21718454360961915,0.9760906100273132,0.008834542706608773,0.13056282699108125,-0.03801768273115158,0.9907109141349793],"EasingStyle":"Linear","EasingDirection":"In"},"Right Leg":{"Weight":1,"CFrame":[0.2525466978549957,0.12834292650222779,0.04772329330444336,0.9753508567810059,0.0716799944639206,-0.2086927741765976,-0.05564161390066147,0.9950993657112122,0.0817396491765976,0.21352910995483399,-0.068112812936306,0.9745594263076782],"EasingStyle":"Linear","EasingDirection":"In"},"Torso":{"Weight":1,"CFrame":[-0.023311659693717958,-0.029584571719169618,-0.06985759735107422,0.9761793613433838,0.2124248445034027,-0.04415511339902878,-0.21489137411117555,0.9746862053871155,-0.0617140531539917,0.029927782714366914,0.06973253935575485,0.9971168041229248],"EasingStyle":"Linear","EasingDirection":"In"},"HumanoidRootPart":{"Weight":1,"CFrame":[0,0,0,1,0,0,0,1,0,0,0,1],"EasingStyle":"Linear","EasingDirection":"In"},"Left Arm":{"Weight":1,"CFrame":[-0.49555060267448428,0.20119237899780274,0.22559571266174317,-0.7818815112113953,0.605893611907959,0.14681364595890046,-0.1682255119085312,-0.43180790543556216,0.8861388564109802,0.600301206111908,0.6681578159332275,0.4395495653152466],"EasingStyle":"Linear","EasingDirection":"In"}}},{"Time":0.6333333253860474,"poses":{"Left Leg":{"Weight":1,"CFrame":[-0.07112990319728852,-4.76837158203125e-7,0.044104695320129397,0.9527671933174133,-0.11236539483070374,0.282150000333786,0.12231285870075226,0.9923313856124878,-0.017834357917308809,-0.27798226475715639,0.0515025369822979,0.9592044949531555],"EasingStyle":"Linear","EasingDirection":"In"},"Right Arm":{"Weight":1,"CFrame":[-0.18484273552894593,-0.28060245513916018,-0.20916348695755006,0.5918890237808228,0.10726145654916763,-0.7988507151603699,-0.16854587197303773,0.9856655597686768,0.007464999333024025,0.7882002592086792,0.1302245706319809,0.601