{"Sequence":[{"Time":0,"poses":{"Left Leg":{"Weight":1,"CFrame":[0.006378583610057831,0.11358070373535156,0.03917586803436279,0.8434711694717407,-0.18449118733406068,0.5044991970062256,0.1988571137189865,0.9796889424324036,0.025795208290219308,-0.4990112781524658,0.07856575399637222,0.8630267381668091],"EasingStyle":"Linear","EasingDirection":"In"},"Right Arm":{"Weight":1,"CFrame":[-0.005003340542316437,-0.05480217933654785,-0.08451825380325318,0.9608131647109985,0.13455045223236085,-0.24235151708126069,-0.0745440348982811,0.967505156993866,0.2416132390499115,0.2669855058193207,-0.2140793353319168,0.93962162733078],"EasingStyle":"Linear","EasingDirection":"In"},"Head":{"Weight":1,"CFrame":[2.0122388377785683e-7,6.984919309616089e-9,-5.960464477539063e-8,0.9105269312858582,-0.32726937532424929,0.25265684723854067,0.34545835852622988,0.9379537105560303,-0.030023332685232164,-0.2271547168493271,0.11461946368217468,0.9670900106430054],"EasingStyle":"Linear","EasingDirection":"In"},"Right Leg":{"Weight":1,"CFrame":[0.367384672164917,0.3569830060005188,0.039873480796813968,0.9969037771224976,-0.001274628797546029,0.07862088084220886,-0.018777111545205118,0.9670822024345398,0.2537704408168793,-0.07635626196861267,-0.25446105003356936,0.9640639424324036],"EasingStyle":"Linear","EasingDirection":"In"},"Torso":{"Weight":1,"CFrame":[0.07476252317428589,-6.608207314684478e-8,-0.19255924224853517,0.953390896320343,0.2860810458660126,-0.09593429416418076,-0.28726595640182497,0.9578496813774109,0.0015206410316750408,0.09232565760612488,0.026108890771865846,0.9953864812850952],"EasingStyle":"Linear","EasingDirection":"In"},"HumanoidRootPart":{"Weight":0,"CFrame":[0,0,0,1,0,0,0,1,0,0,0,1],"EasingStyle":"Linear","EasingDirection":"In"},"Left Arm":{"Weight":1,"CFrame":[-0.5046662092208862,-0.31321895122528078,0.3067607879638672,-0.7248665690422058,0.22912077605724336,0.6496708393096924,-0.14730204641819,-0.9728089570999146,0.17873114347457887,0.6729565858840942,0.03385838866233826,0.7389065623283386],"EasingStyle":"Linear","EasingDirection":"In"}}},{"Time":0.032083332538604739,"poses":{"Left Leg":{"Weight":1,"CFrame":[0.023233015090227128,0.1000785231590271,0.03235030174255371,0.8249738216400147,-0.19779446721076966,0.5294294357299805,0.22608423233032227,0.9740386009216309,0.011608432047069073,-0.5179807543754578,0.11011900007724762,0.8482745885848999],"EasingStyle":"Linear","EasingDirection":"In"},"Right Arm":{"Weight":1,"CFrame":[-0.005003415048122406,-0.0548018217086792,-0.08451831340789795,0.9605241417884827,0.1367851346731186,-0.2422461211681366,-0.07283930480480194,0.9640504121780396,0.2555411159992218,0.2684917449951172,-0.2278083860874176,0.9359570145606995],"EasingStyle":"Linear","EasingDirection":"In"},"Head":{"Weight":1,"CFrame":[1.6437843441963197e-7,1.862645149230957e-9,4.76837158203125e-7,0.8883723020553589,-0.3736981749534607,0.2667289078235626,0.3926079571247101,0.9195019602775574,-0.019367435947060586,-0.23802021145820619,0.12192539870738983,0.9635769724845886],"EasingStyle":"Linear","EasingDirection":"In"},"Right Leg":{"Weight":1,"CFrame":[0.38716351985931399,0.3832942247390747,0.015580415725708008,0.9940751194953919,-0.0062597752548754219,0.10851465165615082,-0.02510952390730381,0.9581117630004883,0.2852916717529297,-0.1057550385594368,-0.286326140165329,0.9522778987884522],"EasingStyle":"Linear","EasingDirection":"In"},"Torso":{"Weight":1,"CFrame":[0.08382686972618103,-7.151290759566109e-8,-0.20323467254638673,0.9426364302635193,0.31495124101638796,-0.1106448769569397,-0.3153917193412781,0.9488588571548462,0.013959321193397046,0.10938288271427155,0.02173791639506817,0.9937619566917419],"EasingStyle":"Linear","EasingDirection":"In"},"HumanoidRootPart":{"Weight":0,"CFrame":[0,0,0,1,0,0,0,1,0,0,0,1],"EasingStyle":"Linear","EasingDirection":"In"},"Left Arm":{"Weight":1,"CFrame":[-0.5566359162330627,-0.33349668979644778,0.3325991630554199,-0.7240210771560669,0.2494667023420334,0.6430861949920654,-0.19093602895736695,-0.9683619141578674,0.16068200767040254,0.6628249287605286,-0.006451196502894163,0.7487465739250183],"EasingStyle":"Linear","EasingDirection":"In"}}},{"Time":0.06458333134651184,"poses":{"Left Leg":{"Weight":1,"CFrame":[0.03462500870227814,0.09154772758483887,0.027385592460632325,0.8078693747520447,-0.21026301383972169,0.5505783557891846,0.2524680495262146,0.9676048159599304,-0.0009257626952603459,-0.5325475931167603,0.13975130021572114,0.8347829580307007],"EasingStyle":"Linear","EasingDirection":"In"},"Right Arm":{"Weight":1,"CFrame":[-0.004889428615570068,-0.05812022089958191,-0.07574212551116944,0.9673048257827759,0.12450242787599564,-0.22095376253128053,-0.06286624073982239,0.9617290496826172,0.26669278740882876,0.24570155143737794,-0.24408265948295594,0.9381121397018433],"EasingStyle":"Linear","EasingDirection":"In"},"Head":{"Weight":1,"CFrame":[1.955777406692505e-7,1.862645149230957e-9,-4.172325134277344e-7,0.8660340309143066,-0.41564974188804629,0.2778853178024292,0.4355395436286926,0.9001020789146423,-0.011029192246496678,-0.24554087221622468,0.13058169186115266,0.9605509638786316],"EasingStyle":"Linear","EasingDirection":"In"},"Right Leg":{"Weight":1,"CFrame":[0.4049956202507019,0.4108356833457947,-0.010919332504272461,0.9908889532089233,-0.01053509209305048,0.13426896929740907,-0.03264569118618965,0.9484182000160217,0.3153367340564728,-0.13066521286964417,-0.31684690713882449,0.9394330978393555],"EasingStyle":"Linear","EasingDirection":"In"},"Torso":{"Weight":1,"CFrame":[0.09233992546796799,-7.55474260927258e-8,-0.21796321868896485,0.9323317408561707,0.3397054076194763,-0.12392634898424149,-0.33921101689338686,0.940358579158783,0.025722570717334749,0.12527328729629517,0.01805521920323372,0.99195796251297],"EasingStyle":"Linear","EasingDirection":"In"},"HumanoidRootPart":{"Weight":0,"CFrame":[0,0,0,1,0,0,0,1,0,0,0,1],"EasingStyle":"Linear","EasingDirection":"In"},"Left Arm":{"Weight":1,"CFrame":[-0.6064696311950684,-0.3818528652191162,0.35217714309692385,-0.7182523012161255,0.3111564517021179,0.6223306655883789,-0.280158668756485,-0.9480551481246948,0.15067370235919953,0.6368867754936218,-0.0661296397447586,0.7681158781051636],"EasingStyle":"Linear","EasingDirection":"In"}}},{"Time":0.09666666388511658,"poses":{"Left Leg":{"Weight":1,"CFrame":[0.04150494933128357,0.08677530288696289,0.02439725399017334,0.7934575080871582,-0.22147542238235475,0.5668984055519104,0.2759772837162018,0.961103618144989,-0.010787579230964184,-0.5424589514732361,0.16501060128211976,0.8237170577049255],"EasingStyle":"Linear","EasingDirection":"In"},"Right Arm":{"Weight":1,"CFrame":[-0.0040919966995716099,-0.06773984432220459,-0.052604734897613528,0.9823954701423645,0.08458012342453003,-0.16656936705112458,-0.036056797951459888,0.9607179760932922,0.27517423033714297,0.18330049514770509,-0.26432400941848757,0.9468547105789185],"EasingStyle":"Linear","EasingDirection":"In"},"Head":{"Weight":1,"CFrame":[2.123415470123291e-7,1.6763806343078614e-8,-4.76837158203125e-7,0.8461662530899048,-0.45049068331718447,0.2847118675708771,0.47155481576919558,0.8818149566650391,-0.006196819711476564,-0.24827155470848084,0.13950078189373017,0.9585931301116943],"EasingStyle":"Linear","EasingDirection":"In"},"Right Leg":{"Weight":1,"CFrame":[0.41900593042373659,0.43537843227386477,-0.03600418567657471,0.9878876209259033,-0.013379799202084542,0.15459294617176057,-0.04066434130072594,0.9391340017318726,0.3411358594894409,-0.149747833609581,-0.3432903289794922,0.9272148609161377],"EasingStyle":"Linear","EasingDirection":"In"},"Torso":{"Weight":1,"CFrame":[0.10008721053600311,-7.788656120055748e-8,-0.23350238800048829,0.9235659837722778,0.35905545949935915,-0.13455519080162049,-0.35750967264175417,0.9332027435302734,0.03632534295320511,0.13861006498336793,0.01455592829734087,0.9902400374412537],"EasingStyle":"Linear","EasingDirection":"In"},"HumanoidRootPart":{"Weight":0,"CFrame":[0,0,0,1,0,0,0,1,0,0,0,1],"EasingStyle":"Linear","EasingDirection":"In"},"Left Arm":{"Weight":1,"CFrame":[-0.6487601399421692,-0.4395679235458374,0.3657926321029663,-0.7034492492675781,0.38682931661605837,0.5962567329406738,-0.380685955286026,-0.9134988784790039,0.14352016150951386,0.6001977324485779,-0.1260274201631546,0.7898606657981873],"EasingStyle":"Linear","EasingDirection":"In"}}},{"Time":0.12916666269302369,"poses":{"Left Leg":{"Weight":1,"CFrame":[0.045267850160598758,0.08410584926605225,0.022841334342956544,0.7831203937530518,-0.23092912137508393,0.5774030089378357,0.29435959458351138,0.955542266368866,-0.017070354893803598,-0.5477908849716187,0.18333226442337037,0.8162808418273926],"EasingStyle":"Linear","EasingDirection":"In"},"Right Arm":{"Weight":1,"CFrame":[-0.001927495002746582,-0.08316260576248169,-0.019893288612365724,0.9957770705223084,0.01740759052336216,-0.09013883024454117,0.008979188278317452,0.9586829543113709,0.2843349277973175,0.09136416018009186,-0.2839435935020447,0.9544782042503357],"EasingStyle":"Linear","EasingDirection":"In"},"Head":{"Weight":1,"CFrame":[1.6391277313232423e-7,9.313225746154785e-9,-5.960464477539063e-8,0.8317522406578064,-0.4759073555469513,0.28583264350891116,0.49818336963653567,0.8670505881309509,-0.00605018250644207,-0.24495205283164979,0.14742931723594666,0.9582604765892029],"EasingStyle":"Linear","EasingDirection":"In"},"Right Leg":{"Weight":1,"CFrame":[0.4283801317214966,0.4524792432785034,-0.054991066455841067,0.9856372475624085,-0.01348940096795559,0.1683366894721985,-0.04869096353650093,0.931773841381073,0.35975927114486697,-0.16170468926429749,-0.3627886176109314,0.9177342057228088],"EasingStyle":"Linear","EasingDirection":"In"},"Torso":{"Weight":1,"CFrame":[0.10685430467128754,-7.823116732197377e-8,-0.24579858779907227,0.9175060391426086,0.3717544972896576,-0.14135527610778809,-0.36914563179016116,0.9282697439193726,0.04524128511548042,0.14803446829319,0.010671532712876797,0.9889246225357056],"EasingStyle":"Linear","EasingDirection":"In"},"HumanoidRootPart":{"Weight":0,"CFrame":[0,0,0,1,0,0,0,1,0,0,0,1],"EasingStyle":"Linear","EasingDirection":"In"},"Left Arm":{"Weight":1,"CFrame":[-0.6780997514724731,-0.48792293667793276,0.3737436532974243,-0.6845074892044067,0.44948670268058779,0.573943555355072,-0.46041810512542727,-0.8769598603248596,0.13768276572227479,0.5652120113372803,-0.17000915110111237,0.8072373867034912],"EasingStyle":"Linear","EasingDirection":"In"}}},{"Time":0.16124999523162843,"poses":{"Left Leg":{"Weight":1,"CFrame":[0.04737243056297302,0.08213543891906738,0.02180612087249756,0.7782345414161682,-0.23810112476348878,0.581084132194519,0.3053513467311859,0.9520532488822937,-0.01884414255619049,-0.5487363338470459,0.19210000336170197,0.8136252760887146],"EasingStyle":"Linear","EasingDirection":"In"},"Right Arm":{"Weight":1,"CFrame":[0.0022876206785440447,-0.10389018058776856,0.017605304718017579,0.9971421957015991,-0.07543306052684784,-0.004162153694778681,0.07324407249689102,0.9517657160758972,0.29795530438423159,-0.018514269962906839,-0.2974086105823517,0.9545707702636719],"EasingStyle":"Linear","EasingDirection":"In"},"Head":{"Weight":1,"CFrame":[1.4156103134155274e-7,-3.632158041000366e-8,0,0.8257617950439453,-0.4897555410861969,0.27974438667297366,0.5130017995834351,0.8583086133003235,-0.011638951487839222,-0.23440681397914887,0.15312038362026215,0.9600039720535278],"EasingStyle":"Linear","EasingDirection":"In"},"Right Leg":{"Weight":1,"CFrame":[0.4330552816390991,0.45796769857406618,-0.06308448314666748,0.9846320748329163,-0.009172838181257248,0.1744004189968109,-0.05659151449799538,0.9279778003692627,0.368313193321228,-0.1652182638645172,-0.37252262234687807,0.9131976366043091],"EasingStyle":"Linear","EasingDirection":"In"},"Torso":{"Weight":1,"CFrame":[0.1124267727136612,-7.628205622722817e-8,-0.25079822540283205,0.9152697920799255,0.37654411792755129,-0.14316345751285554,-0.37298694252967837,0.9263802766799927,0.05196411907672882,0.15219059586524964,0.005836904048919678,0.9883339405059815],"EasingStyle":"Linear","EasingDirection":"In"},"HumanoidRootPart":{"Weight":0,"CFrame":[0,0,0,1,0,0,0,1,0,0,0,1],"EasingStyle":"Linear","EasingDirection":"In"},"Left Arm":{"Weight":1,"CFrame":[-0.6890814900398254,-0.5082013607025147,0.3763277530670166,-0.67485511302948,0.47529783844947817,0.5645020604133606,-0.4924887716770172,-0.8597632646560669,0.1351369023323059,0.5495683550834656,-0.1868131011724472,0.8142944574356079],"EasingStyle":"Linear","EasingDirection":"In"}}},{"Time":0.19374999403953553,"poses":{"Left Leg":{"Weight":1,"CFrame":[0.0490088053047657,0.07934623956680298,0.020600199699401857,0.779197633266449,-0.24254976212978364,0.5779452323913574,0.3085620701313019,0.9510545134544373,-0.016874905675649644,-0.5455643534660339,0.1914808303117752,0.8159011006355286],"EasingStyle":"Linear","EasingDirection":"In"},"Right Arm":{"Weight":1,"CFrame":[0.009236759506165982,-0.1294223666191101,0.05510354042053223,0.9787076711654663,-0.19028286635875703,0.07696609944105149,0.15663528442382813,0.9346994161605835,0.3190649151802063,-0.13265271484851838,-0.30021557211875918,0.9446024298667908],"EasingStyle":"Linear","EasingDirection":"In"},"Head":{"Weight":1,"CFrame":[1.7508864402770997e-7,1.545640770928003e-8,-1.1920928955078126e-7,0.8296425342559815,-0.49070844054222109,0.2662675678730011,0.5144441723823547,0.8572114109992981,-0.023149140179157258,-0.21688812971115113,0.1561852991580963,0.9636211395263672],"EasingStyle":"Linear","EasingDirection":"In"},"Right Leg":{"Weight":1,"CFrame":[0.4331144690513611,0.45111238956451418,-0.05915403366088867,0.9849814176559448,-0.00012319308007135987,0.17266027629375459,-0.06423898041248322,0.9279493689537048,0.3671284317970276,-0.160265251994133,-0.37270620465278628,0.9140049815177918],"EasingStyle":"Linear","EasingDirection":"In"},"Torso":{"Weight":1,"CFrame":[0.11680574715137482,-7.234412180423533e-8,-0.24689674377441407,0.9170176386833191,0.37331703305244448,-0.14040333032608033,-0.369017094373703,0.927703857421875,0.05649760365486145,0.15134422481060029,0.0000019276462808193175,0.9884811043739319],"EasingStyle":"Linear","EasingDirection":"In"},"HumanoidRootPart":{"Weight":0,"CFrame":[0,0,0,1,0,0,0,1,0,0,0,1],"EasingStyle":"Linear","EasingDirection":"In"},"Left Arm":{"Weight":1,"CFrame":[-0.6855702996253967,-0.5074419975280762,0.3762552738189697,-0.6850262880325317,0.4516124129295349,0.5716513395309448,-0.4629313349723816,-0.8757282495498657,0.1370932161808014,0.5625243186950684,-0.1707228720188141,0.8089624047279358],"EasingStyle":"Linear","EasingDirection":"In"}}},{"Time":0.22583332657814027,"poses":{"Left Leg":{"Weight":1,"CFrame":[0.04958245903253555,0.07577776908874512,0.019840478897094728,0.7848698496818543,-0.2448401004076004,0.5692386627197266,0.306214302778244,0.951876699924469,-0.012790307402610779,-0.5387133955955505,0.1843477338552475,0.8220728039741516],"EasingStyle":"Linear","EasingDirection":"In"},"Right Arm":{"Weight":1,"CFrame":[0.019603613764047624,-0.15926030278205872,0.0878150463104248,0.9367958307266235,-0.3214605152606964,0.13811823725700379,0.2578454613685608,0.9011455774307251,0.3485002815723419,-0.23649366199970246,-0.29086044430732729,0.927076518535614],"EasingStyle":"Linear","EasingDirection":"In"},"Head":{"Weight":1,"CFrame":[1.1734664440155029e-7,-6.05359673500061e-9,2.384185791015625e-7,0.845121443271637,-0.47649359703063967,0.24232928454875947,0.49958643317222597,0.8652999401092529,-0.040858734399080279,-0.19021858274936677,0.15559503436088563,0.969333291053772],"EasingStyle":"Linear","EasingDirection":"In"},"Right Leg":{"Weight":1,"CFrame":[0.4287382960319519,0.4357717037200928,-0.046684443950653079,0.986322283744812,0.012246700935065747,0.1643727421760559,-0.07144840806722641,0.9304426908493042,0.35940447449684145,-0.14853793382644654,-0.3662327826023102,0.918591320514679],"EasingStyle":"Linear","EasingDirection":"In"},"Torso":{"Weight":1,"CFrame":[0.12021611630916596,-6.701850452373037e-8,-0.23678922653198243,0.9217990040779114,0.36352479457855227,-0.1346709430217743,-0.3587082624435425,0.9315626621246338,0.05932406708598137,0.14702019095420838,-0.006377297919243574,0.989112913608551],"EasingStyle":"Linear","EasingDirection":"In"},"HumanoidRootPart":{"Weight":0,"CFrame":[0,0,0,1,0,0,0,1,0,0,0,1],"EasingStyle":"Linear","EasingDirection":"In"},"Left Arm":{"Weight":1,"CFrame":[-0.6767919659614563,-0.5055432319641113,0.3757462501525879,-0.7068474888801575,0.39065301418304446,0.5897091031074524,-0.38641315698623659,-0.9115343689918518,0.14067693054676057,0.5924959778785706,-0.1284342259168625,0.795269250869751],"EasingStyle":"Linear","EasingDirection":"In"}}},{"Time":0.257916659116745,"poses":{"Left Leg":{"Weight":1,"CFrame":[0.048055052757263187,0.07248049974441529,0.020318150520324708,0.7942358255386353,-0.24567927420139314,0.5557258725166321,0.299862265586853,0.9539580941200256,-0.0068264370784163479,-0.5284619927406311,0.17206303775310517,0.831337571144104],"EasingStyle":"Linear","EasingDirection":"In"},"Right Arm":{"Weight":1,"CFrame":[0.034071601927280429,-0.192905992269516,0.11095237731933594,0.8713811635971069,-0.4619538486003876,0.16520744562149049,0.3747807741165161,0.844088613986969,0.38347601890563967,-0.3165978491306305,-0.27223721146583559,0.9086543321609497],"EasingStyle":"Linear","EasingDirection":"In"},"Head":{"Weight":1,"CFrame":[2.0512379705905915e-7,6.6356733441352848e-9,2.384185791015625e-7,0.8709956407546997,-0.44638288021087649,0.20520459115505219,0.46699437499046328,0.8819690346717835,-0.06361545622348786,-0.15258723497390748,0.15123814344406129,0.9766494631767273],"EasingStyle":"Linear","EasingDirection":"In"},"Right Leg":{"Weight":1,"CFrame":[0.419553279876709,0.41445881128311159,-0.028233230113983156,0.9882656335830689,0.02675056643784046,0.15038420259952546,-0.07804452627897263,0.9347601532936096,0.34660130739212038,-0.13130143284797669,-0.3542708456516266,0.9258791208267212],"EasingStyle":"Linear","EasingDirection":"In"},"Torso":{"Weight":1,"CFrame":[0.12277892976999283,-6.045065248372339e-8,-0.22287225723266602,0.9288561344146729,0.34816867113113406,-0.126510351896286,-0.34307676553726199,0.937341570854187,0.060737818479537967,0.13973040878772736,-0.013013932853937149,0.990104079246521],"EasingStyle":"Linear","EasingDirection":"In"},"HumanoidRootPart":{"Weight":0,"CFrame":[0,0,0,1,0,0,0,1,0,0,0,1],"EasingStyle":"Linear","EasingDirection":"In"},"Left Arm":{"Weight":1,"CFrame":[-0.6653804183006287,-0.503075122833252,0.37436509132385256,-0.727084219455719,0.3085342049598694,0.6133149266242981,-0.28239643573760989,-0.9486618638038635,0.14245310425758363,0.6257801651954651,-0.06962252408266068,0.7768860459327698],"EasingStyle":"Linear","EasingDirection":"In"}}},{"Time":0.2904166579246521,"poses":{"Left Leg":{"Weight":1,"CFrame":[0.043636925518512729,0.07063579559326172,0.022519469261169435,0.8062703609466553,-0.24556417763233186,0.5381695628166199,0.29086408019065859,0.9567640423774719,0.0008024118142202497,-0.5150982737541199,0.15588721632957459,0.8428362011909485],"EasingStyle":"Linear","EasingDirection":"In"},"Right Arm":{"Weight":1,"CFrame":[0.0533243790268898,-0.2298596203327179,0.1197284460067749,0.7836219072341919,-0.6037269234657288,0.14645996689796449,0.5048326849937439,0.7562355399131775,0.41623517870903017,-0.3620506525039673,-0.25223323702812197,0.8973838090896606],"EasingStyle":"Linear","EasingDirection":"In"},"Head":{"Weight":1,"CFrame":[1.4388933777809144e-7,-5.122274160385132e-9,-2.980232238769531e-7,0.9018829464912415,-0.4024941325187683,0.15686167776584626,0.41870689392089846,0.903825044631958,-0.08823215961456299,-0.10626257956027985,0.14525412023067475,0.9836714267730713],"EasingStyle":"Linear","EasingDirection":"In"},"Right Leg":{"Weight":1,"CFrame":[0.405577152967453,0.3896447420120239,-0.006553292274475098,0.9904013276100159,0.04229557514190674,0.13159139454364777,-0.0840199813246727,0.9401723742485046,0.33017653226852419,-0.10975354164838791,-0.3380635678768158,0.9347016215324402],"EasingStyle":"Linear","EasingDirection":"In"},"Torso":{"Weight":1,"CFrame":[0.12461525201797486,-5.278597114966033e-8,-0.20754146575927735,0.9373859763145447,0.32825103402137759,-0.11644227802753449,-0.3231201171875,0.9443872570991516,0.06104190647602081,0.1300036758184433,-0.01959497481584549,0.9913198947906494],"EasingStyle":"Linear","EasingDirection":"In"},"HumanoidRootPart":{"Weight":0,"CFrame":[0,0,0,1,0,0,0,1,0,0,0,1],"EasingStyle":"Linear","EasingDirection":"In"},"Left Arm":{"Weight":1,"CFrame":[-0.6539685726165772,-0.5006073713302612,0.37167513370513918,-0.7377213835716248,0.2245582640171051,0.6366638541221619,-0.1749969720840454,-0.9744321703910828,0.14091856777668,0.6520301103591919,-0.007455569226294756,0.758156418800354],"EasingStyle":"Linear","EasingDirection":"In"}}},{"Time":0.32249999046325686,"poses":{"Left Leg":{"Weight":1,"CFrame":[0.03579791262745857,0.07158863544464112,0.02657461166381836,0.8199813365936279,-0.24484330415725709,0.5173802971839905,0.28038227558135989,0.959837794303894,0.009860416874289513,-0.4990153908729553,0.1369789093732834,0.8556987643241882],"EasingStyle":"Linear","EasingDirection":"In"},"Right Arm":{"Weight":1,"CFrame":[0.10063746571540833,-0.2694428563117981,0.11337888240814209,0.6562926769256592,-0.7485978603363037,0.09424078464508057,0.6432172656059265,0.6203989386558533,0.44874998927116396,-0.39440011978149416,-0.23389405012130738,0.8886743783950806],"EasingStyle":"Linear","EasingDirection":"In"},"Head":{"Weight":1,"CFrame":[1.4156103134155274e-7,4.656612873077393e-10,-3.5762786865234377e-7,0.9324370622634888,-0.3472854197025299,0.09976930916309357,0.3573102355003357,0.927295982837677,-0.11158682405948639,-0.053763195872306827,0.13969627022743226,0.9887337684631348],"EasingStyle":"Linear","EasingDirection":"In"},"Right Leg":{"Weight":1,"CFrame":[0.38758713006973269,0.36387932300567629,0.01565861701965332,0.9923427700996399,0.058077163994312289,0.10900851339101792,-0.08958886563777924,0.9459954500198364,0.311554878950119,-0.08502732962369919,-0.3189351558685303,0.9439548254013062],"EasingStyle":"Linear","EasingDirection":"In"},"Torso":{"Weight":1,"CFrame":[0.12584622204303742,-4.416984822341874e-8,-0.1931929588317871,0.9466091990470886,0.30481061339378359,-0.10498356819152832,-0.29985445737838747,0.9520631432533264,0.060523491352796558,0.11839918792247772,-0.025812305510044099,0.9926305413246155],"EasingStyle":"Linear","EasingDirection":"In"},"HumanoidRootPart":{"Weight":0,"CFrame":[0,0,0,1,0,0,0,1,0,0,0,1],"EasingStyle":"Linear","EasingDirection":"In"},"Left Arm":{"Weight":1,"CFrame":[-0.6451904773712158,-0.4987092614173889,0.3672405481338501,-0.7392905950546265,0.1596813052892685,0.6541797518730164,-0.09134262055158615,-0.9862785339355469,0.1375180184841156,0.6671625971794128,0.0419112965464592,0.7437322735786438],"EasingStyle":"Linear","EasingDirection":"In"}}},{"Time":0.35499998927116396,"poses":{"Left Leg":{"Weight":1,"CFrame":[0.024405796080827714,0.07638770341873169,0.032196760177612308,0.8344565629959106,-0.2437155842781067,0.49425193667411806,0.26934105157852175,0.9628363251686096,0.020039984956383706,-0.48076778650283816,0.1163998618721962,0.8690876960754395],"EasingStyle":"Linear","EasingDirection":"In"},"Right Arm":{"Weight":1,"CFrame":[0.19030126929283143,-0.3102613687515259,0.09636163711547852,0.4634789824485779,-0.8858112096786499,0.0229291170835495,0.7701864838600159,0.415507048368454,0.4839076101779938,-0.43817800283432009,-0.20662130415439607,0.8748186230659485],"EasingStyle":"Linear","EasingDirection":"In"},"Head":{"Weight":1,"CFrame":[1.862645149230957e-7,1.862645149230957e-8,2.384185791015625e-7,0.9581370949745178,-0.2838951349258423,0.03710540384054184,0.28630271553993227,0.9491276144981384,-0.13110129535198213,0.002001272514462471,0.13623641431331635,0.9906743168830872],"EasingStyle":"Linear","EasingDirection":"In"},"Right Leg":{"Weight":1,"CFrame":[0.3673766255378723,0.33938366174697878,0.03615927696228027,0.9937508702278137,0.0737432911992073,0.08379186689853668,-0.09524478763341904,0.9516464471817017,0.2920573055744171,-0.05820295214653015,-0.2982129156589508,0.9527232050895691],"EasingStyle":"Linear","EasingDirection":"In"},"Torso":{"Weight":1,"CFrame":[0.12659285962581635,-3.474775311929079e-8,-0.18175649642944337,0.9558271765708923,0.27894192934036257,-0.0926596149802208,-0.27433815598487856,0.959794819355011,0.059434305876493457,0.10551293939352036,-0.03138886019587517,0.9939224123954773],"EasingStyle":"Linear","EasingDirection":"In"},"HumanoidRootPart":{"Weight":0,"CFrame":[0,0,0,1,0,0,0,1,0,0,0,1],"EasingStyle":"Linear","EasingDirection":"In"},"Left Arm":{"Weight":1,"CFrame":[-0.6416792869567871,-0.49794915318489077,0.3606247901916504,-0.738325297832489,0.13384151458740235,0.6610311269760132,-0.05786100775003433,-0.9890680313110352,0.1356336921453476,0.6719582676887512,0.061893872916698459,0.7379981875419617],"EasingStyle":"Linear","EasingDirection":"In"}}},{"Time":0.3870833218097687,"poses":{"Left Leg":{"Weight":1,"CFrame":[0.01028984785079956,0.08444929122924805,0.03856158256530762,0.8489463329315186,-0.24203476309776307,0.4697969853878021,0.2582058608531952,0.9655964374542236,0.03087501786649227,-0.46110716462135317,0.09509310126304627,0.8822343945503235],"EasingStyle":"Linear","EasingDirection":"In"},"Right Arm":{"Weight":1,"CFrame":[0.3095211982727051,-0.3507423996925354,0.07172465324401856,0.20382794737815858,-0.9765104055404663,-0.06986875832080841,0.8497747778892517,0.14103220403194428,0.5079298615455627,-0.4861450493335724,-0.16290304064750672,0.8585602045059204],"EasingStyle":"Linear","EasingDirection":"In"},"Head":{"Weight":1,"CFrame":[1.6391277313232423e-7,-7.450580596923828e-9,0,0.9759699106216431,-0.21618598699569703,-0.02731991931796074,0.21010109782218934,0.9668436646461487,-0.14515787363052369,0.05779518187046051,0.13592976331710816,0.9890312552452087],"EasingStyle":"Linear","EasingDirection":"In"},"Right Leg":{"Weight":1,"CFrame":[0.34612688422203066,0.3168240189552307,0.05407989025115967,0.9944198727607727,0.08868194371461868,0.057137202471494678,-0.1009923666715622,0.9568011164665222,0.27263927459716799,-0.030490759760141374,-0.27688831090927126,0.9604182243347168],"EasingStyle":"Linear","EasingDirection":"In"},"Torso":{"Weight":1,"CFrame":[0.12697626650333405,-2.4665073539154038e-8,-0.17329788208007813,0.9644657373428345,0.25180181860923769,-0.08001081645488739,-0.24768127501010896,0.9671053290367127,0.05797670781612396,0.09197753667831421,-0.03609936311841011,0.9951065182685852],"EasingStyle":"Linear","EasingDirection":"In"},"HumanoidRootPart":{"Weight":0,"CFrame":[0,0,0,1,0,0,0,1,0,0,0,1],"EasingStyle":"Linear","EasingDirection":"In"},"Left Arm":{"Weight":1,"CFrame":[-0.6419479846954346,-0.4993896484375,0.3514467477798462,-0.7378560304641724,0.14333972334861756,0.6595620512962341,-0.06756321340799332,-0.9879670143127441,0.13912712037563325,0.6715680360794067,0.058093663305044177,0.7386619448661804],"EasingStyle":"Linear","EasingDirection":"In"}}},{"Time":0.4191666543483734,"poses":{"Left Leg":{"Weight":1,"CFrame":[-0.005560576915740967,0.09470540285110474,0.04492306709289551,0.8627899289131165,-0.23972204327583314,0.44511446356773379,0.24738603830337525,0.9680142998695374,0.04181436821818352,-0.440900981426239,0.07403808832168579,0.8944969177246094],"EasingStyle":"Linear","EasingDirection":"In"},"Right Arm":{"Weight":1,"CFrame":[0.4455025792121887,-0.3893125653266907,0.04251599311828613,-0.09572230279445648,-0.9796102046966553,-0.1766383796930313,0.8445006608963013,-0.17385849356651307,0.5065490007400513,-0.5269306302070618,-0.10068318992853165,0.8439235687255859],"EasingStyle":"Linear","EasingDirection":"In"},"Head":{"Weight":1,"CFrame":[1.564621925354004e-7,-8.381903171539307e-9,-2.980232238769531e-7,0.9848629236221314,-0.14852184057235719,-0.08936585485935211,0.13373413681983949,0.97907954454422,-0.1533573418855667,0.11027319729328156,0.13908471167087556,0.984121561050415],"EasingStyle":"Linear","EasingDirection":"In"},"Right Leg":{"Weight":1,"CFrame":[0.3249238133430481,0.2965467572212219,0.06905817985534668,0.9942920207977295,0.10230225324630737,0.030292624607682229,-0.10664733499288559,0.9612718820571899,0.25413116812705996,-0.003121273359283805,-0.2559112310409546,0.966695249080658],"EasingStyle":"Linear","EasingDirection":"In"},"Torso":{"Weight":1,"CFrame":[0.12711751461029054,-1.4067225606595457e-8,-0.16741609573364259,0.9721034169197083,0.22460217773914338,-0.0675928145647049,-0.2210424244403839,0.9736380577087402,0.056295085698366168,0.07845494151115418,-0.03978376463055611,0.9961235523223877],"EasingStyle":"Linear","EasingDirection":"In"},"HumanoidRootPart":{"Weight":0,"CFrame":[0,0,0,1,0,0,0,1,0,0,0,1],"EasingStyle":"Linear","EasingDirection":"In"},"Left Arm":{"Weight":1,"CFrame":[-0.6426677107810974,-0.5032519102096558,0.3401799201965332,-0.7361246943473816,0.16876643896102906,0.6554681658744812,-0.09355245530605316,-0.984489917755127,0.14841701090335847,0.6703494191169739,0.04793274402618408,0.7404957413673401],"EasingStyle":"Linear","EasingDirection":"In"}}},{"Time":0.4516666531562805,"poses":{"Left Leg":{"Weight":1,"CFrame":[-0.02217373251914978,0.1060442328453064,0.05075633525848389,0.8754135370254517,-0.23685020208358766,0.4213705062866211,0.23730285465717317,0.970029890537262,0.052242837846279147,-0.4211157262325287,0.054258350282907489,0.9053825736045837],"EasingStyle":"Linear","EasingDirection":"In"},"Right Arm":{"Weight":1,"CFrame":[0.5854511260986328,-0.42439740896224978,0.011783361434936524,-0.38043344020843508,-0.8815276622772217,-0.2796059250831604,0.7436105012893677,-0.471330463886261,0.47422653436660769,-0.5498306751251221,-0.02750629372894764,0.8348231315612793],"EasingStyle":"Linear","EasingDirection":"In"},"Head":{"Weight":1,"CFrame":[1.3690441846847535e-7,1.0244548320770264e-8,0,0.9857475161552429,-0.08539658039808274,-0.1449456363916397,0.06237373501062393,0.9856992959976196,-0.15654532611370088,0.15624123811721803,0.1452733725309372,0.9769771099090576],"EasingStyle":"Linear","EasingDirection":"In"},"Right Leg":{"Weight":1,"CFrame":[0.3048962652683258,0.278974711894989,0.08098852634429932,0.9934564828872681,0.11412118375301361,0.00454139057546854,-0.11193311214447022,0.9649653434753418,0.23730337619781495,0.02269906923174858,-0.23625893890857697,0.9714249968528748],"EasingStyle":"Linear","EasingDirection":"In"},"Torso":{"Weight":1,"CFrame":[0.12713772058486939,-3.099636103343073e-9,-0.1637110710144043,0.9784821271896362,0.19859415292739869,-0.05597366392612457,-0.19561685621738435,0.9791663289070129,0.05447382479906082,0.06562571227550507,-0.04235227033495903,0.9969450831413269],"EasingStyle":"Linear","EasingDirection":"In"},"HumanoidRootPart":{"Weight":0,"CFrame":[0,0,0,1,0,0,0,1,0,0,0,1],"EasingStyle":"Linear","EasingDirection":"In"},"Left Arm":{"Weight":1,"CFrame":[-0.6437098383903503,-0.5088424682617188,0.3276700973510742,-0.7324002981185913,0.20545613765716554,0.6491360664367676,-0.13109812140464784,-0.9780996441841126,0.16166146099567414,0.6681340336799622,0.033300407230854037,0.7432953715324402],"EasingStyle":"Linear","EasingDirection":"In"}}},{"Time":0.48374998569488528,"poses":{"Left Leg":{"Weight":1,"CFrame":[-0.039130739867687228,0.11793893575668335,0.055962324142456058,0.8870499134063721,-0.2309059053659439,0.39978110790252688,0.22574925422668458,0.9722939729690552,0.06067711114883423,-0.4027155041694641,0.03642667457461357,0.9146000742912293],"EasingStyle":"Linear","EasingDirection":"In"},"Right Arm":{"Weight":1,"CFrame":[0.7165720462799072,-0.4544244408607483,-0.017425358295440675,-0.5983262062072754,-0.7154842615127564,-0.3606770932674408,0.5803610682487488,-0.6973457336425781,0.42058292031288149,-0.5524370670318604,0.042322807013988498,0.8324794769287109],"EasingStyle":"Linear","EasingDirection":"In"},"Head":{"Weight":1,"CFrame":[1.471489667892456e-7,-8.381903171539307e-9,2.384185791015625e-7,0.9811728596687317,-0.030910160392522813,-0.19064192473888398,0.0010940013453364373,0.9879830479621887,-0.1545584499835968,0.19312842190265656,0.15144000947475434,0.9694159626960754],"EasingStyle":"Linear","EasingDirection":"In"},"Right Leg":{"Weight":1,"CFrame":[0.2869565188884735,0.265020489692688,0.08990025520324707,0.9924496412277222,0.12108267843723297,-0.019563395529985429,-0.11374903470277786,0.9682829976081848,0.22246170043945313,0.04587911441922188,-0.2185567319393158,0.9747451543807983],"EasingStyle":"Linear","EasingDirection":"In"},"Torso":{"Weight":1,"CFrame":[0.1271112710237503,8.06189603963503e-9,-0.16178178787231446,0.9835478067398071,0.17474476993083955,-0.045803628861904147,-0.1724267154932022,0.9837287068367004,0.05046609789133072,0.05387703329324722,-0.04173805192112923,0.9976748824119568],"EasingStyle":"Linear","EasingDirection":"In"},"HumanoidRootPart":{"Weight":0,"CFrame":[0,0,0,1,0,0,0,1,0,0,0,1],"EasingStyle":"Linear","EasingDirection":"In"},"Left Arm":{"Weight":1,"CFrame":[-0.6449454426765442,-0.5154698491096497,0.31476378440856936,-0.7261215448379517,0.24866248667240144,0.6410261392593384,-0.17538025975227357,-0.9684562087059021,0.17701512575149537,0.6648226976394653,0.01611112616956234,0.7468273639678955],"EasingStyle":"Linear","EasingDirection":"In"}}},{"Time":0.5162500143051148,"poses":{"Left Leg":{"Weight":1,"CFrame":[-0.056613460183143619,0.13037121295928956,0.06070911884307861,0.898248553276062,-0.21982012689113618,0.3805635869503021,0.2105635702610016,0.9753246307373047,0.06636884808540344,-0.38576221466064455,0.020517094060778619,0.9223700761795044],"EasingStyle":"Linear","EasingDirection":"In"},"Right Arm":{"Weight":1,"CFrame":[0.8260704874992371,-0.4778207838535309,-0.04206228256225586,-0.732144832611084,-0.5418834686279297,-0.41270601749420168,0.41245606541633608,-0.8348789811134338,0.3644959330558777,-0.5420737862586975,0.09664063155651093,0.8347553610801697],"EasingStyle":"Linear","EasingDirection":"In"},"Head":{"Weight":1,"CFrame":[1.6530975699424744e-7,-5.587935447692871e-9,-1.1920928955078126e-7,0.974523663520813,0.012298026122152806,-0.22394722700119019,-0.04648589342832565,0.9878886938095093,-0.14803721010684968,0.2194143384695053,0.1546761840581894,0.9632925987243652],"EasingStyle":"Linear","EasingDirection":"In"},"Right Leg":{"Weight":1,"CFrame":[0.27134156227111819,0.254865825176239,0.0963207483291626,0.9917231798171997,0.12120570987462998,-0.042359255254268649,-0.10982634127140045,0.9717015624046326,0.2091272920370102,0.06650801748037338,-0.2027442306280136,0.9769705533981323],"EasingStyle":"Linear","EasingDirection":"In"},"Torso":{"Weight":1,"CFrame":[0.12695720791816712,1.9140259155392415e-8,-0.16122722625732423,0.9875242710113525,0.15301573276519776,-0.03717567399144173,-0.15141883492469788,0.9875538349151611,0.042541734874248508,0.043222539126873019,-0.03638190031051636,0.9984028339385986],"EasingStyle":"Linear","EasingDirection":"In"},"HumanoidRootPart":{"Weight":0,"CFrame":[0,0,0,1,0,0,0,1,0,0,0,1],"EasingStyle":"Linear","EasingDirection":"In"},"Left Arm":{"Weight":1,"CFrame":[-0.6462453603744507,-0.5224442481994629,0.30230677127838137,-0.7173352837562561,0.2936430275440216,0.6318258047103882,-0.22155730426311494,-0.9559135437011719,0.19272159039974214,0.66056227684021,-0.001739621045999229,0.750769317150116],"EasingStyle":"Linear","EasingDirection":"In"}}},{"Time":0.5483333468437195,"poses":{"Left Leg":{"Weight":1,"CFrame":[-0.07421529293060303,0.1428745985031128,0.06496632099151612,0.9089765548706055,-0.2042374312877655,0.36338523030281069,0.192084401845932,0.978900134563446,0.06969966739416123,-0.3699530065059662,0.006445273756980896,0.9290280342102051],"EasingStyle":"Linear","EasingDirection":"In"},"Right Arm":{"Weight":1,"CFrame":[0.9011526107788086,-0.4930119514465332,-0.059079527854919437,-0.7971485257148743,-0.41395431756973269,-0.43954089283943179,0.28971025347709658,-0.9009382724761963,0.3230762481689453,-0.5297378301620483,0.13020017743110658,0.8381083011627197],"EasingStyle":"Linear","EasingDirection":"In"},"Head":{"Weight":1,"CFrame":[1.387670636177063e-7,-7.450580596923828e-9,0,0.9692103266716003,0.042294539511203769,-0.24257469177246095,-0.07805062085390091,0.9871068596839905,-0.139743372797966,0.23353683948516847,0.15437382459640504,0.9600152373313904],"EasingStyle":"Linear","EasingDirection":"In"},"Right Leg":{"Weight":1,"CFrame":[0.2578132152557373,0.24771159887313844,0.10096371173858643,0.991241455078125,0.11554374545812607,-0.06395286321640015,-0.10097068548202515,0.975208580493927,0.1969088912010193,0.08511897176504135,-0.18872693181037904,0.9783337712287903],"EasingStyle":"Linear","EasingDirection":"In"},"Torso":{"Weight":1,"CFrame":[0.12656362354755402,2.983819769042384e-8,-0.16150283813476563,0.9906482100486755,0.13313280045986176,-0.02986278012394905,-0.13220229744911195,0.9907305240631104,0.03123513050377369,0.033744387328624728,-0.0269950982183218,0.9990658760070801],"EasingStyle":"Linear","EasingDirection":"In"},"HumanoidRootPart":{"Weight":0,"CFrame":[0,0,0,1,0,0,0,1,0,0,0,1],"EasingStyle":"Linear","EasingDirection":"In"},"Left Arm":{"Weight":1,"CFrame":[-0.647480845451355,-0.5290722250938416,0.29114508628845217,-0.7069045305252075,0.33581554889678957,0.6225060820579529,-0.26491597294807436,-0.9417471885681152,0.2071996033191681,0.6558243036270142,-0.018441449850797654,0.7546883225440979],"EasingStyle":"Linear","EasingDirection":"In"}}},{"Time":0.5808333158493042,"poses":{"Left Leg":{"Weight":1,"CFrame":[-0.09213714301586151,0.15584063529968263,0.06885743141174317,0.919108510017395,-0.18504877388477326,0.3478454053401947,0.17095619440078736,0.9827118515968323,0.07107284665107727,-0.35498377680778506,-0.005857335403561592,0.9348540902137756],"EasingStyle":"Linear","EasingDirection":"In"},"Right Arm":{"Weight":1,"CFrame":[0.9290228486061096,-0.49842578172683718,-0.06542927026748657,-0.8158905506134033,-0.3658660352230072,-0.44773292541503909,0.24371817708015443,-0.9198065400123596,0.30750197172164919,-0.5243319869041443,0.141767218708992,0.8396295309066773],"EasingStyle":"Linear","EasingDirection":"In"},"Head":{"Weight":1,"CFrame":[1.655425876379013e-7,-3.725290298461914e-9,-5.960464477539063e-8,0.9663226008415222,0.0635007843375206,-0.24937570095062257,-0.0992559939622879,0.9860627055168152,-0.133523628115654,0.2374212145805359,0.15377897024154664,0.9591575264930725],"EasingStyle":"Linear","EasingDirection":"In"},"Right Leg":{"Weight":1,"CFrame":[0.24669308960437776,0.2436513900756836,0.10416555404663086,0.9908341765403748,0.10542105883359909,-0.08446341007947922,-0.08830075711011887,0.9786453247070313,0.18562395870685578,0.10222842544317246,-0.17646439373493195,0.978983998298645],"EasingStyle":"Linear","EasingDirection":"In"},"Torso":{"Weight":1,"CFrame":[0.12581852078437806,3.985840635323257e-8,-0.1630396842956543,0.9931080341339111,0.11478639394044876,-0.023675130680203439,-0.11439945548772812,0.9932876229286194,0.017101697623729707,0.025479257106781007,-0.01427541021257639,0.9995734095573425],"EasingStyle":"Linear","EasingDirection":"In"},"HumanoidRootPart":{"Weight":0,"CFrame":[0,0,0,1,0,0,0,1,0,0,0,1],"EasingStyle":"Linear","EasingDirection":"In"},"Left Arm":{"Weight":1,"CFrame":[-0.6485229134559631,-0.5346623063087463,0.28212499618530276,-0.6964762806892395,0.3708997070789337,0.6142914891242981,-0.3010174334049225,-0.9281102418899536,0.2190888226032257,0.6513903141021729,-0.032322268933057788,0.7580541372299194],"EasingStyle":"Linear","EasingDirection":"In"}}},{"Time":0.6129166483879089,"poses":{"Left Leg":{"Weight":1,"CFrame":[-0.11109268665313721,0.17025023698806764,0.07256436347961426,0.9284827709197998,-0.16338495910167695,0.33350425958633425,0.1481078714132309,0.9864252209663391,0.07091787457466126,-0.34056392312049868,-0.016451414674520494,0.9400774240493774],"EasingStyle":"Linear","EasingDirection":"In"},"Right Arm":{"Weight":1,"CFrame":[0.9220291376113892,-0.4980524778366089,-0.0590171217918396,-0.8106707334518433,-0.3838951587677002,-0.4420829713344574,0.2593443989753723,-0.9123772382736206,0.31671473383903506,-0.5249318480491638,0.14209967851638795,0.839198648929596],"EasingStyle":"Linear","EasingDirection":"In"},"Head":{"Weight":1,"CFrame":[1.4673423720523716e-7,-1.5133991837501526e-9,2.384185