{"Sequence":[{"Time":0,"poses":{"Left Leg":{"Weight":1,"CFrame":[-0.20486822724342347,0.31958311796188357,0.058751821517944339,0.9580118060112,-0.0353495255112648,0.28454142808914187,0.00043784623267129064,0.9925504326820374,0.12183364480733872,-0.28672850131988528,-0.11659351736307144,0.9508904814720154],"EasingStyle":"Linear","EasingDirection":"In"},"Right Arm":{"Weight":1,"CFrame":[-0.0050033750012516979,-0.0548020601272583,-0.08451825380325318,0.9730444550514221,-0.2289302796125412,-0.027846502140164377,0.2305995225906372,0.9673631191253662,0.10503576695919037,0.0028918178286403419,-0.1086258664727211,0.994078516960144],"EasingStyle":"Linear","EasingDirection":"In"},"Head":{"Weight":1,"CFrame":[1.5087425708770753e-7,2.9249349609017373e-8,1.1920928955078126e-7,0.9937478303909302,-0.015198420733213425,0.11060842871665955,0.028524277731776239,0.9923745393753052,-0.11991322785615921,-0.10794247686862946,0.12231854349374771,0.9866035580635071],"EasingStyle":"Linear","EasingDirection":"In"},"Right Leg":{"Weight":1,"CFrame":[0.25866425037384035,0.3072640299797058,0.12797927856445313,0.984163224697113,0.007826428860425949,-0.1770917922258377,0.004464396741241217,0.9976136684417725,0.06889903545379639,0.17720842361450196,-0.06859850883483887,0.9817796945571899],"EasingStyle":"Linear","EasingDirection":"In"},"Torso":{"Weight":1,"CFrame":[0,2.5773694289910056e-10,-0.25079822540283205,0.9993936419487,0.03473230451345444,-0.0024442439898848535,-0.034796107560396197,0.9937947988510132,-0.10564634948968888,-0.0012402640422806144,0.1056673526763916,0.9944007396697998],"EasingStyle":"Linear","EasingDirection":"In"},"HumanoidRootPart":{"Weight":0,"CFrame":[0,0,0,1,0,0,0,1,0,0,0,1],"EasingStyle":"Linear","EasingDirection":"In"},"Left Arm":{"Weight":1,"CFrame":[0.01345733180642128,-0.11082899570465088,0.20343494415283204,0.7594478130340576,0.4964480698108673,-0.4204500615596771,-0.35912811756134035,0.8588040471076965,0.36535266041755679,0.5424628853797913,-0.1264708787202835,0.83050537109375],"EasingStyle":"Linear","EasingDirection":"In"}}},{"Time":0.032083332538604739,"poses":{"Left Leg":{"Weight":1,"CFrame":[-0.20104293525218965,0.3080146014690399,0.06254084408283234,0.9577367901802063,-0.03492223471403122,0.28551819920539858,0.0033090151846408846,0.993874728679657,0.11046288907527924,-0.2876269519329071,-0.10484959185123444,0.9519859552383423],"EasingStyle":"Linear","EasingDirection":"In"},"Right Arm":{"Weight":1,"CFrame":[-0.005003385711461306,-0.05480208992958069,-0.08451825380325318,0.9803369045257568,-0.1911936104297638,-0.048832155764102939,0.19538059830665589,0.9751648902893066,0.10430639982223511,0.027676686644554139,-0.11179625988006592,0.9933456778526306],"EasingStyle":"Linear","EasingDirection":"In"},"Head":{"Weight":1,"CFrame":[1.4902363432156563e-7,2.2150455691871686e-8,3.037914098058536e-8,0.9926142692565918,-0.018152473494410516,0.11994769424200058,0.03254810348153114,0.992340087890625,-0.11917097866535187,-0.11686565726995468,0.12219488620758057,0.9856017827987671],"EasingStyle":"Linear","EasingDirection":"In"},"Right Leg":{"Weight":1,"CFrame":[0.2600945234298706,0.3144741654396057,0.12412872910499573,0.9843360185623169,0.008595222607254982,-0.17609301209449769,0.0057175783440470699,0.9967291951179504,0.08061152696609497,0.1762099266052246,-0.08035565912723541,0.9810672998428345],"EasingStyle":"Linear","EasingDirection":"In"},"Torso":{"Weight":1,"CFrame":[0.0004844945506192744,-2.6229718397274839e-10,-0.24842041730880738,0.9993078112602234,0.035895705223083499,-0.009768215008080006,-0.03672239929437637,0.993822455406189,-0.10472998023033142,0.0059485165402293209,0.10501620173454285,0.994452714920044],"EasingStyle":"Linear","EasingDirection":"In"},"HumanoidRootPart":{"Weight":0,"CFrame":[0,0,0,1,0,0,0,1,0,0,0,1],"EasingStyle":"Linear","EasingDirection":"In"},"Left Arm":{"Weight":1,"CFrame":[-0.008523581549525261,-0.1241483986377716,0.20266614854335786,0.7187093496322632,0.5810781717300415,-0.38184428215026858,-0.440213680267334,0.8053598999977112,0.3969978988170624,0.5382089018821716,-0.11723300814628601,0.8346182107925415],"EasingStyle":"Linear","EasingDirection":"In"}}},{"Time":0.06458333134651184,"poses":{"Left Leg":{"Weight":1,"CFrame":[-0.19716797769069673,0.29629582166671755,0.06637907028198242,0.9574589729309082,-0.034477170556783679,0.28650233149528506,0.0062282201834023,0.9950747489929199,0.09893148392438889,-0.28850218653678896,-0.09293849766254425,0.9529579877853394],"EasingStyle":"Linear","EasingDirection":"In"},"Right Arm":{"Weight":1,"CFrame":[-0.005003396421670914,-0.054802119731903079,-0.08451825380325318,0.9857946038246155,-0.1526370644569397,-0.0700778141617775,0.1594175547361374,0.9816818237304688,0.10434027016162873,0.05286790803074837,-0.11402972042560578,0.992069661617279],"EasingStyle":"Linear","EasingDirection":"In"},"Head":{"Weight":1,"CFrame":[1.471489667892456e-7,1.4959368854761125e-8,-5.960464477539063e-8,0.9913675785064697,-0.02114572934806347,0.1293955147266388,0.036616746336221698,0.9922929406166077,-0.11838049441576004,-0.12589499354362489,0.12209664285182953,0.984501302242279],"EasingStyle":"Linear","EasingDirection":"In"},"Right Leg":{"Weight":1,"CFrame":[0.2615433931350708,0.32177793979644778,0.12022817134857178,0.984511137008667,0.009361750446259976,-0.17507195472717286,0.006974796764552593,0.9956914186477661,0.09246586263179779,0.17518329620361329,-0.09225477278232575,0.9802039861679077],"EasingStyle":"Linear","EasingDirection":"In"},"Torso":{"Weight":1,"CFrame":[0.0009752812329679728,-7.89085019547997e-10,-0.24601173400878907,0.9991645812988281,0.037078965455293658,-0.017185665667057039,-0.03866679593920708,0.9938476085662842,-0.10378723591566086,0.013231609016656876,0.1043650358915329,0.9944510459899902],"EasingStyle":"Linear","EasingDirection":"In"},"HumanoidRootPart":{"Weight":0,"CFrame":[0,0,0,1,0,0,0,1,0,0,0,1],"EasingStyle":"Linear","EasingDirection":"In"},"Left Arm":{"Weight":1,"CFrame":[-0.03078996017575264,-0.13764077425003053,0.2018873691558838,0.6692771911621094,0.6608256101608276,-0.33967283368110659,-0.5176575183868408,0.7426546812057495,0.4248465895652771,0.5330091118812561,-0.10850585252046585,0.8391231894493103],"EasingStyle":"Linear","EasingDirection":"In"}}},{"Time":0.09666666388511658,"poses":{"Left Leg":{"Weight":1,"CFrame":[-0.18364283442497254,0.27084916830062868,0.07083284854888916,0.9550415873527527,-0.03803957253694534,0.2940215468406677,0.013827208429574967,0.9963703751564026,0.08399361371994019,-0.2961493134498596,-0.07615184038877487,0.9521010518074036],"EasingStyle":"Linear","EasingDirection":"In"},"Right Arm":{"Weight":1,"CFrame":[-0.005003371741622686,-0.054802119731903079,-0.08451825380325318,0.9903968572616577,-0.08723580092191696,-0.10725683718919754,0.09896589070558548,0.9890585541725159,0.1094026267528534,0.0965394601225853,-0.11896678060293198,0.9881938099861145],"EasingStyle":"Linear","EasingDirection":"In"},"Head":{"Weight":1,"CFrame":[1.4901161193847657e-7,1.0360963642597199e-8,1.1920928955078126e-7,0.9889818429946899,-0.03160884976387024,0.14462292194366456,0.048551756888628009,0.9921588897705078,-0.11516708880662918,-0.13984864950180055,0.12091989070177078,0.982761800289154],"EasingStyle":"Linear","EasingDirection":"In"},"Right Leg":{"Weight":1,"CFrame":[0.26250389218330386,0.3219822645187378,0.11485946178436279,0.9859429597854614,0.009478450752794743,-0.1668132245540619,0.008855223655700684,0.9940220713615418,0.10881958156824112,0.16684743762016297,-0.10876704007387161,0.9799651503562927],"EasingStyle":"Linear","EasingDirection":"In"},"Torso":{"Weight":1,"CFrame":[0.003758161561563611,-3.730126429957181e-9,-0.23418521881103517,0.9985917210578919,0.0455704927444458,-0.027165187522768976,-0.04805275797843933,0.9939176440238953,-0.09908900409936905,0.022484423592686654,0.10025482624769211,0.9947077035903931],"EasingStyle":"Linear","EasingDirection":"In"},"HumanoidRootPart":{"Weight":0,"CFrame":[0,0,0,1,0,0,0,1,0,0,0,1],"EasingStyle":"Linear","EasingDirection":"In"},"Left Arm":{"Weight":1,"CFrame":[-0.07717085629701615,-0.2046685516834259,0.19801819324493409,0.5126667022705078,0.8268683552742004,-0.23121759295463563,-0.6750928163528442,0.5546004772186279,0.4864853620529175,0.5304927229881287,-0.09331145882606507,0.842538058757782],"EasingStyle":"Linear","EasingDirection":"In"}}},{"Time":0.12916666269302369,"poses":{"Left Leg":{"Weight":1,"CFrame":[-0.16556617617607118,0.24598973989486695,0.07249569892883301,0.950768232345581,-0.04573696479201317,0.3065091073513031,0.02367353066802025,0.9968783855438232,0.07531968504190445,-0.308997243642807,-0.06435540318489075,0.9488831162452698],"EasingStyle":"Linear","EasingDirection":"In"},"Right Arm":{"Weight":1,"CFrame":[-0.0050033703446388248,-0.054802268743515018,-0.08451831340789795,0.9897373914718628,-0.032453615218400958,-0.1391640156507492,0.04921786114573479,0.9917012453079224,0.11876973509788513,0.13415460288524629,-0.12440019100904465,0.9831210970878601],"EasingStyle":"Linear","EasingDirection":"In"},"Head":{"Weight":1,"CFrame":[1.471489667892456e-7,1.6298145055770875e-9,-5.960464477539063e-8,0.9864670038223267,-0.046655263751745227,0.1571817249059677,0.0644875168800354,0.9918005466461182,-0.11033149063587189,-0.15074540674686433,0.11897465586662293,0.981387197971344],"EasingStyle":"Linear","EasingDirection":"In"},"Right Leg":{"Weight":1,"CFrame":[0.2630781829357147,0.31383854150772097,0.11150467395782471,0.9881955981254578,0.008818325586616993,-0.15294356644153596,0.009718121960759163,0.9927228689193726,0.12002838402986527,0.1528889685869217,-0.12009783834218979,0.9809187054634094],"EasingStyle":"Linear","EasingDirection":"In"},"Torso":{"Weight":1,"CFrame":[0.00813419558107853,-8.266253459510154e-9,-0.2191152572631836,0.9976579546928406,0.059561461210250857,-0.03363150730729103,-0.062432438135147098,0.9938000440597534,-0.09199807792901993,0.027943454682826997,0.09388230741024018,0.9951910972595215],"EasingStyle":"Linear","EasingDirection":"In"},"HumanoidRootPart":{"Weight":0,"CFrame":[0,0,0,1,0,0,0,1,0,0,0,1],"EasingStyle":"Linear","EasingDirection":"In"},"Left Arm":{"Weight":1,"CFrame":[-0.12495014816522598,-0.2918056845664978,0.19298827648162843,0.2788131833076477,0.9563403129577637,-0.08761484920978546,-0.7978909611701965,0.28145480155944826,0.5330601930618286,0.534446656703949,-0.07871709764003754,0.8415286540985107],"EasingStyle":"Linear","EasingDirection":"In"}}},{"Time":0.16124999523162843,"poses":{"Left Leg":{"Weight":1,"CFrame":[-0.14507779479026795,0.22421163320541383,0.07198262214660645,0.9445493817329407,-0.05767697095870972,0.32326433062553408,0.03649156913161278,0.9967926740646362,0.07122315466403961,-0.3263354003429413,-0.055477358400821689,0.9436246156692505],"EasingStyle":"Linear","EasingDirection":"In"},"Right Arm":{"Weight":1,"CFrame":[-0.0050033703446388248,-0.05480247735977173,-0.08451825380325318,0.9860607981681824,0.012427793815732003,-0.16592063009738923,0.009583652950823307,0.9913087487220764,0.1312064230442047,0.16610915958881379,-0.13096760213375092,0.9773715734481812],"EasingStyle":"Linear","EasingDirection":"In"},"Head":{"Weight":1,"CFrame":[1.4668330550193787e-7,9.66247171163559e-9,-5.960464477539063e-8,0.9835697412490845,-0.06630943715572357,0.16790956258773805,0.08456005901098252,0.9909780025482178,-0.10398167371749878,-0.15949973464012147,0.11647163331508637,0.9803031086921692],"EasingStyle":"Linear","EasingDirection":"In"},"Right Leg":{"Weight":1,"CFrame":[0.2649000883102417,0.303136944770813,0.10921037197113037,0.9909347891807556,0.008098822087049485,-0.13409951329231263,0.009251479990780354,0.9916978478431702,0.12825697660446168,0.1340249478816986,-0.1283348798751831,0.9826329350471497],"EasingStyle":"Linear","EasingDirection":"In"},"Torso":{"Weight":1,"CFrame":[0.013888937421143055,-1.4098329614853356e-8,-0.20459985733032227,0.9962059855461121,0.0783829316496849,-0.037811264395713809,-0.0812985971570015,0.9932286143302918,-0.08299051970243454,0.031050192192196847,0.08574966341257096,0.9958327412605286],"EasingStyle":"Linear","EasingDirection":"In"},"HumanoidRootPart":{"Weight":0,"CFrame":[0,0,0,1,0,0,0,1,0,0,0,1],"EasingStyle":"Linear","EasingDirection":"In"},"Left Arm":{"Weight":1,"CFrame":[-0.1733924150466919,-0.37894201278686526,0.18795859813690186,-0.01437191292643547,0.996375560760498,0.08384011685848236,-0.8385006785392761,-0.05768772214651108,0.5418382883071899,0.5447109341621399,-0.06251270323991776,0.8362906575202942],"EasingStyle":"Linear","EasingDirection":"In"}}},{"Time":0.19374999403953553,"poses":{"Left Leg":{"Weight":1,"CFrame":[-0.12457697093486786,0.2070513367652893,0.07005941867828369,0.9362162351608276,-0.07397358864545822,0.3435506522655487,0.053029075264930728,0.9961379766464233,0.06997878104448319,-0.34740039706230166,-0.04729709401726723,0.9365233182907105],"EasingStyle":"Linear","EasingDirection":"In"},"Right Arm":{"Weight":1,"CFrame":[-0.005003355443477631,-0.0548022985458374,-0.08451825380325318,0.9810064435005188,0.04835997894406319,-0.18785005807876588,-0.020858220756053926,0.9891077876091003,0.14570771157741548,0.19285030663013459,-0.13902197778224946,0.9713298082351685],"EasingStyle":"Linear","EasingDirection":"In"},"Head":{"Weight":1,"CFrame":[1.5133991837501527e-7,3.4924596548080446e-9,-5.960464477539063e-8,0.9799230694770813,-0.09057339280843735,0.1776154786348343,0.1088932529091835,0.9893828630447388,-0.09624853730201721,-0.16701216995716096,0.11365731805562973,0.9793819189071655],"EasingStyle":"Linear","EasingDirection":"In"},"Right Leg":{"Weight":1,"CFrame":[0.26997071504592898,0.29481858015060427,0.10683536529541016,0.993797779083252,0.008107790723443032,-0.11090641468763352,0.007057663984596729,0.9907291531562805,0.1356685608625412,0.11097825318574906,-0.13560986518859864,0.9845272302627564],"EasingStyle":"Linear","EasingDirection":"In"},"Torso":{"Weight":1,"CFrame":[0.020807942375540735,-2.0927215516053367e-8,-0.1937112808227539,0.9940075874328613,0.1013597846031189,-0.040928151458501819,-0.10413307696580887,0.9919146299362183,-0.07253715395927429,0.03324488550424576,0.07636445015668869,0.9965255856513977],"EasingStyle":"Linear","EasingDirection":"In"},"HumanoidRootPart":{"Weight":0,"CFrame":[0,0,0,1,0,0,0,1,0,0,0,1],"EasingStyle":"Linear","EasingDirection":"In"},"Left Arm":{"Weight":1,"CFrame":[-0.2217625081539154,-0.4459700584411621,0.1840895414352417,-0.30728864669799807,0.9165518879890442,0.25594204664230349,-0.7688758969306946,-0.39760634303092959,0.5007386207580566,0.560716986656189,-0.04291646182537079,0.8268944621086121],"EasingStyle":"Linear","EasingDirection":"In"}}},{"Time":0.22583332657814027,"poses":{"Left Leg":{"Weight":1,"CFrame":[-0.10431098937988281,0.19301146268844605,0.06721198558807373,0.9256241321563721,-0.09346473962068558,0.3667210638523102,0.07289879024028778,0.9949100613594055,0.06956812739372254,-0.3713566064834595,-0.03766043856739998,0.9277262091636658],"EasingStyle":"Linear","EasingDirection":"In"},"Right Arm":{"Weight":1,"CFrame":[-0.005003392696380615,-0.05480244755744934,-0.08451825380325318,0.9756971001625061,0.07639060914516449,-0.20537686347961427,-0.04320190101861954,0.9859302639961243,0.16147786378860475,0.21482262015342713,-0.14868082106113435,0.9652695059776306],"EasingStyle":"Linear","EasingDirection":"In"},"Head":{"Weight":1,"CFrame":[1.3783574104309083e-7,9.546056389808655e-9,-4.172325134277344e-7,0.9750522375106812,-0.11943639069795609,0.18710437417030335,0.13760095834732057,0.9866359829902649,-0.08726615458726883,-0.17418113350868226,0.1108347699046135,0.9784561991691589],"EasingStyle":"Linear","EasingDirection":"In"},"Right Leg":{"Weight":1,"CFrame":[0.27892524003982546,0.2907813787460327,0.10344803333282471,0.9964261651039124,0.008728060871362687,-0.0840161070227623,0.0034909695386886598,0.9895421266555786,0.14420175552368165,0.08439604938030243,-0.1439797282218933,0.9859752058982849],"EasingStyle":"Linear","EasingDirection":"In"},"Torso":{"Weight":1,"CFrame":[0.028676768764853479,-2.8453793987637256e-8,-0.18661975860595704,0.9908109307289124,0.12782162427902223,-0.044219110161066058,-0.1303885132074356,0.9895801544189453,-0.06107329949736595,0.03595186769962311,0.06627776473760605,0.9971532821655273],"EasingStyle":"Linear","EasingDirection":"In"},"HumanoidRootPart":{"Weight":0,"CFrame":[0,0,0,1,0,0,0,1,0,0,0,1],"EasingStyle":"Linear","EasingDirection":"In"},"Left Arm":{"Weight":1,"CFrame":[-0.2693248689174652,-0.47278159856796267,0.1825418472290039,-0.5297644734382629,0.7493173480033875,0.3973325192928314,-0.6170831918716431,-0.6619163155555725,0.4255291223526001,0.5818573236465454,-0.019756948575377466,0.8130509257316589],"EasingStyle":"Linear","EasingDirection":"In"}}},{"Time":0.257916659116745,"poses":{"Left Leg":{"Weight":1,"CFrame":[-0.08362676203250885,0.17990410327911378,0.0635988712310791,0.9127260446548462,-0.11443659663200379,0.3922186493873596,0.09533680230379105,0.9931262731552124,0.06790496408939362,-0.39729344844818118,-0.024585768580436708,0.9173622131347656],"EasingStyle":"Linear","EasingDirection":"In"},"Right Arm":{"Weight":1,"CFrame":[-0.005003347992897034,-0.05480262637138367,-0.0845181941986084,0.9708418846130371,0.09758533537387848,-0.21895937621593476,-0.05861569568514824,0.9823022484779358,0.1778946816921234,0.23244410753250123,-0.1598731279373169,0.9593801498413086],"EasingStyle":"Linear","EasingDirection":"In"},"Head":{"Weight":1,"CFrame":[1.51805579662323e-7,-1.641456037759781e-8,-3.5762786865234377e-7,0.968370795249939,-0.1528744101524353,0.1971990019083023,0.17078283429145814,0.9822831153869629,-0.07715626060962677,-0.18191005289554597,0.1083940789103508,0.9773225784301758],"EasingStyle":"Linear","EasingDirection":"In"},"Right Leg":{"Weight":1,"CFrame":[0.2916261851787567,0.2921108603477478,0.09811556339263916,0.9984923005104065,0.00932623166590929,-0.054094184190034869,-0.000788048782851547,0.9877951145172119,0.15575674176216126,0.054886601865291598,-0.15547926723957063,0.9863131642341614],"EasingStyle":"Linear","EasingDirection":"In"},"Torso":{"Weight":1,"CFrame":[0.03728095814585686,-3.637890344521111e-8,-0.1827716827392578,0.9863674640655518,0.15711002051830293,-0.04894556850194931,-0.15947940945625306,0.9859857559204102,-0.04897395148873329,0.04056533798575401,0.05611212179064751,0.9976000785827637],"EasingStyle":"Linear","EasingDirection":"In"},"HumanoidRootPart":{"Weight":0,"CFrame":[0,0,0,1,0,0,0,1,0,0,0,1],"EasingStyle":"Linear","EasingDirection":"In"},"Left Arm":{"Weight":1,"CFrame":[-0.3156275451183319,-0.4561873972415924,0.19080984592437745,-0.6553186774253845,0.568602979183197,0.49724051356315615,-0.44916585087776186,-0.8225958943367004,0.34869202971458437,0.6072952151298523,0.00516094546765089,0.7944594025611877],"EasingStyle":"Linear","EasingDirection":"In"}}},{"Time":0.2904166579246521,"poses":{"Left Leg":{"Weight":1,"CFrame":[-0.06173035502433777,0.16563260555267335,0.05912375450134277,0.897622287273407,-0.1350266933441162,0.41957366466522219,0.11963627487421036,0.9908220767974854,0.06291918456554413,-0.4242185652256012,-0.006281428039073944,0.905538022518158],"EasingStyle":"Linear","EasingDirection":"In"},"Right Arm":{"Weight":1,"CFrame":[-0.0050033628940582279,-0.05480241775512695,-0.08451831340789795,0.9668347835540772,0.11299189925193787,-0.2290486991405487,-0.06828717887401581,0.9785283803939819,0.19447122514247895,0.24610428512096406,-0.1723804473876953,0.9537912011146545],"EasingStyle":"Linear","EasingDirection":"In"},"Head":{"Weight":1,"CFrame":[1.5972182154655457e-7,1.979060471057892e-8,0,0.9591668844223023,-0.19083690643310548,0.20875859260559083,0.2085125893354416,0.9757890105247498,-0.06601791828870774,-0.1911056786775589,0.1068510040640831,0.9757363796234131],"EasingStyle":"Linear","EasingDirection":"In"},"Right Leg":{"Weight":1,"CFrame":[0.3078363835811615,0.2997860908508301,0.08973824977874756,0.9997205138206482,0.009110688231885434,-0.021814875304698945,-0.005216896999627352,0.9850294589996338,0.1723070591688156,0.02305811084806919,-0.1721450835466385,0.984801709651947],"EasingStyle":"Linear","EasingDirection":"In"},"Torso":{"Weight":1,"CFrame":[0.04640607163310051,-4.44034178315178e-8,-0.18161249160766602,0.9804369211196899,0.18858063220977784,-0.05639887601137161,-0.190781369805336,0.9809524416923523,-0.03653379902243614,0.04843505099415779,0.046578940004110339,0.9977396726608276],"EasingStyle":"Linear","EasingDirection":"In"},"HumanoidRootPart":{"Weight":0,"CFrame":[0,0,0,1,0,0,0,1,0,0,0,1],"EasingStyle":"Linear","EasingDirection":"In"},"Left Arm":{"Weight":1,"CFrame":[-0.3613499104976654,-0.41661566495895388,0.21231424808502198,-0.7101733684539795,0.4201728403568268,0.5648968815803528,-0.3093370199203491,-0.9070062637329102,0.2857449948787689,0.6324273943901062,0.028184965252876283,0.7741067409515381],"EasingStyle":"Linear","EasingDirection":"In"}}},{"Time":0.32249999046325686,"poses":{"Left Leg":{"Weight":1,"CFrame":[-0.0382123738527298,0.1486859917640686,0.053464412689208987,0.8806246519088745,-0.1535845249891281,0.44823214411735537,0.14520804584026338,0.9879677891731262,0.053237468004226688,-0.4510153532028198,0.018204716965556146,0.8923304677009583],"EasingStyle":"Linear","EasingDirection":"In"},"Right Arm":{"Weight":1,"CFrame":[-0.005003340542316437,-0.05480232834815979,-0.0845181941986084,0.9638408422470093,0.12362873554229737,-0.23606517910957337,-0.07339564710855484,0.9747655391693115,0.210820272564888,0.2561716139316559,-0.18587101995944978,0.9485926628112793],"EasingStyle":"Linear","EasingDirection":"In"},"Head":{"Weight":1,"CFrame":[1.4994293451309205e-7,-1.1874362826347351e-8,1.1920928955078126e-7,0.9467093348503113,-0.23312240839004517,0.22225059568881989,0.25070443749427798,0.9665518999099731,-0.05408008396625519,-0.2022095024585724,0.10691734403371811,0.9734885692596436],"EasingStyle":"Linear","EasingDirection":"In"},"Right Leg":{"Weight":1,"CFrame":[0.3266463875770569,0.3140122890472412,0.07729649543762207,0.9999027252197266,0.007137425243854523,0.011985351331532002,-0.009340126067399979,0.9807215332984924,0.1951872557401657,-0.01036112755537033,-0.19528022408485413,0.9806927442550659],"EasingStyle":"Linear","EasingDirection":"In"},"Torso":{"Weight":1,"CFrame":[0.05583767220377922,-5.222821641837072e-8,-0.18255853652954102,0.9728339314460754,0.22146464884281159,-0.06743566691875458,-0.22348296642303468,0.9744141101837158,-0.023927439004182817,0.060411181300878528,0.03834814950823784,0.9974366426467896],"EasingStyle":"Linear","EasingDirection":"In"},"HumanoidRootPart":{"Weight":0,"CFrame":[0,0,0,1,0,0,0,1,0,0,0,1],"EasingStyle":"Linear","EasingDirection":"In"},"Left Arm":{"Weight":1,"CFrame":[-0.4074552059173584,-0.36938443779945376,0.24210679531097413,-0.7265676259994507,0.316231906414032,0.6099974513053894,-0.21201485395431519,-0.9476546049118042,0.23874779045581819,0.6535664796829224,0.04413791000843048,0.7555809617042542],"EasingStyle":"Linear","EasingDirection":"In"}}},{"Time":0.35499998927116396,"poses":{"Left Leg":{"Weight":1,"CFrame":[-0.014743469655513764,0.1305469274520874,0.04659712314605713,0.8623218536376953,-0.1699272096157074,0.4769965410232544,0.17171616852283479,0.9843247532844544,0.04022878408432007,-0.47635549306869509,0.04721783474087715,0.8779839873313904],"EasingStyle":"Linear","EasingDirection":"In"},"Right Arm":{"Weight":1,"CFrame":[-0.005003347992897034,-0.05480194091796875,-0.08451825380325318,0.9618659615516663,0.13048909604549409,-0.24038803577423097,-0.07510170340538025,0.9710823893547058,0.2266247421503067,0.26300865411758425,-0.19992908835411073,0.9438510537147522],"EasingStyle":"Linear","EasingDirection":"In"},"Head":{"Weight":1,"CFrame":[1.73225998878479e-7,-5.587935447692871e-9,0,0.9304248690605164,-0.2793356478214264,0.23723648488521577,0.2970775067806244,0.9539335370063782,-0.041901808232069018,-0.21460317075252534,0.1094641163945198,0.9705478549003601],"EasingStyle":"Linear","EasingDirection":"In"},"Right Leg":{"Weight":1,"CFrame":[0.34687796235084536,0.33351296186447146,0.060613274574279788,0.99893718957901,0.0034815354738384487,0.045960307121276858,-0.013658637180924416,0.9747154712677002,0.2230319231748581,-0.044021766632795337,-0.22342261672019959,0.9737270474433899],"EasingStyle":"Linear","EasingDirection":"In"},"Torso":{"Weight":1,"CFrame":[0.06536130607128144,-5.955415360858751e-8,-0.18593740463256837,0.9636815786361694,0.25444772839546206,-0.08108136802911759,-0.2561529576778412,0.9665713906288147,-0.011198616586625576,0.07552147656679154,0.03156112879514694,0.9966445565223694],"EasingStyle":"Linear","EasingDirection":"In"},"HumanoidRootPart":{"Weight":0,"CFrame":[0,0,0,1,0,0,0,1,0,0,0,1],"EasingStyle":"Linear","EasingDirection":"In"},"Left Arm":{"Weight":1,"CFrame":[-0.4549063444137573,-0.3298132121562958,0.2752385139465332,-0.7269484996795654,0.25451552867889407,0.637783408164978,-0.15853263437747956,-0.9658898115158081,0.20475415885448457,0.6681416630744934,0.0477362759411335,0.7425011992454529],"EasingStyle":"Linear","EasingDirection":"In"}}}],"Loop":false,"Name":"Gwiyomi_Intro","Priority":"Action"}