{"Sequence":[{"Time":0,"poses":{"Left Leg":{"Weight":1,"CFrame":[-0.06843365728855133,0.285889208316803,0.20237839221954347,0.5697662234306336,-0.45328661799430849,0.6854907870292664,0.2705346941947937,0.8910893201828003,0.36437737941741946,-0.7760009169578552,-0.022160865366458894,0.6303424835205078],"EasingStyle":"Linear","EasingDirection":"In"},"Right Arm":{"Weight":1,"CFrame":[0.18574003875255586,0.2673432230949402,0.17196249961853028,-0.8523134589195252,-0.4688696265220642,-0.2317824363708496,0.24813847243785859,-0.7525903582572937,0.6099468469619751,-0.4604228436946869,0.46235159039497378,0.7577874660491943],"EasingStyle":"Linear","EasingDirection":"In"},"Head":{"Weight":1,"CFrame":[1.1175870895385742e-7,-3.725290298461914e-9,-1.1920928955078126e-7,0.9951381683349609,0.09054246544837952,-0.03875668719410896,-0.09218684583902359,0.9948137402534485,-0.0429798923432827,0.03466417267918587,0.046343810856342319,0.998323917388916],"EasingStyle":"Linear","EasingDirection":"In"},"Right Leg":{"Weight":1,"CFrame":[0.43071603775024416,0.45240825414657595,0.10505056381225586,0.9683110117912293,-0.009149206802248955,-0.24957983195781709,0.022172754630446435,0.9985319375991821,0.04942058026790619,0.2487613558769226,-0.053388386964797977,0.9670923352241516],"EasingStyle":"Linear","EasingDirection":"In"},"Torso":{"Weight":1,"CFrame":[-0.21330735087394715,-0.12193058431148529,-0.33070945739746096,0.8896604180335999,0.44374096393585207,-0.10769614577293396,-0.4502337574958801,0.8917813301086426,-0.044896211475133899,0.07611913233995438,0.08843081444501877,0.9931696057319641],"EasingStyle":"Linear","EasingDirection":"In"},"HumanoidRootPart":{"Weight":0,"CFrame":[0,0,0,1,0,0,0,1,0,0,0,1],"EasingStyle":"Linear","EasingDirection":"In"},"Left Arm":{"Weight":1,"CFrame":[0.4026023745536804,-0.29704123735427859,0.3370969295501709,0.7424343228340149,0.5233106017112732,-0.41825535893440249,-0.6266232132911682,0.7632817029953003,-0.1573038548231125,0.2369278222322464,0.3788762390613556,0.8946050405502319],"EasingStyle":"Linear","EasingDirection":"In"}}},{"Time":0.03333333507180214,"poses":{"Left Leg":{"Weight":1,"CFrame":[-0.06843365728855133,0.285889208316803,0.20237839221954347,0.5697662234306336,-0.45328661799430849,0.6854907870292664,0.2705346941947937,0.8910893201828003,0.36437737941741946,-0.7760009169578552,-0.022160865366458894,0.6303424835205078],"EasingStyle":"Linear","EasingDirection":"In"},"Right Arm":{"Weight":1,"CFrame":[0.18574003875255586,0.2673432230949402,0.17196249961853028,-0.8523134589195252,-0.4688696265220642,-0.2317824363708496,0.24813847243785859,-0.7525903582572937,0.6099468469619751,-0.4604228436946869,0.46235159039497378,0.7577874660491943],"EasingStyle":"Linear","EasingDirection":"In"},"Head":{"Weight":1,"CFrame":[1.1175870895385742e-7,-3.725290298461914e-9,-1.1920928955078126e-7,0.9951381683349609,0.09054246544837952,-0.03875668719410896,-0.09218684583902359,0.9948137402534485,-0.0429798923432827,0.03466417267918587,0.046343810856342319,0.998323917388916],"EasingStyle":"Linear","EasingDirection":"In"},"Right Leg":{"Weight":1,"CFrame":[0.43071603775024416,0.45240825414657595,0.10505056381225586,0.9683110117912293,-0.009149206802248955,-0.24957983195781709,0.022172754630446435,0.9985319375991821,0.04942058026790619,0.2487613558769226,-0.053388386964797977,0.9670923352241516],"EasingStyle":"Linear","EasingDirection":"In"},"Torso":{"Weight":1,"CFrame":[-0.21330735087394715,-0.12193058431148529,-0.33070945739746096,0.8896604180335999,0.44374096393585207,-0.10769614577293396,-0.4502337574958801,0.8917813301086426,-0.044896211475133899,0.07611913233995438,0.08843081444501877,0.9931696057319641],"EasingStyle":"Linear","EasingDirection":"In"},"HumanoidRootPart":{"Weight":0,"CFrame":[0,0,0,1,0,0,0,1,0,0,0,1],"EasingStyle":"Linear","EasingDirection":"In"},"Left Arm":{"Weight":1,"CFrame":[0.4026023745536804,-0.29704123735427859,0.3370969295501709,0.7424343228340149,0.5233106017112732,-0.41825535893440249,-0.6266232132911682,0.7632817029953003,-0.1573038548231125,0.2369278222322464,0.3788762390613556,0.8946050405502319],"EasingStyle":"Linear","EasingDirection":"In"}}},{"Time":0.06666667014360428,"poses":{"Left Leg":{"Weight":1,"CFrame":[-0.06843365728855133,0.285889208316803,0.20237839221954347,0.5697662234306336,-0.45328661799430849,0.6854907870292664,0.2705346941947937,0.8910893201828003,0.36437737941741946,-0.7760009169578552,-0.022160865366458894,0.6303424835205078],"EasingStyle":"Linear","EasingDirection":"In"},"Right Arm":{"Weight":1,"CFrame":[0.18574003875255586,0.2673432230949402,0.17196249961853028,-0.8523134589195252,-0.4688696265220642,-0.2317824363708496,0.24813847243785859,-0.7525903582572937,0.6099468469619751,-0.4604228436946869,0.46235159039497378,0.7577874660491943],"EasingStyle":"Linear","EasingDirection":"In"},"Head":{"Weight":1,"CFrame":[1.1175870895385742e-7,-3.725290298461914e-9,-1.1920928955078126e-7,0.9951381683349609,0.09054246544837952,-0.03875668719410896,-0.09218684583902359,0.9948137402534485,-0.0429798923432827,0.03466417267918587,0.046343810856342319,0.998323917388916],"EasingStyle":"Linear","EasingDirection":"In"},"Right Leg":{"Weight":1,"CFrame":[0.43071603775024416,0.45240825414657595,0.10505056381225586,0.9683110117912293,-0.009149206802248955,-0.24957983195781709,0.022172754630446435,0.9985319375991821,0.04942058026790619,0.2487613558769226,-0.053388386964797977,0.9670923352241516],"EasingStyle":"Linear","EasingDirection":"In"},"Torso":{"Weight":1,"CFrame":[-0.21330735087394715,-0.12193058431148529,-0.33070945739746096,0.8896604180335999,0.44374096393585207,-0.10769614577293396,-0.4502337574958801,0.8917813301086426,-0.044896211475133899,0.07611913233995438,0.08843081444501877,0.9931696057319641],"EasingStyle":"Linear","EasingDirection":"In"},"HumanoidRootPart":{"Weight":0,"CFrame":[0,0,0,1,0,0,0,1,0,0,0,1],"EasingStyle":"Linear","EasingDirection":"In"},"Left Arm":{"Weight":1,"CFrame":[0.4026023745536804,-0.29704123735427859,0.3370969295501709,0.7424343228340149,0.5233106017112732,-0.41825535893440249,-0.6266232132911682,0.7632817029953003,-0.1573038548231125,0.2369278222322464,0.3788762390613556,0.8946050405502319],"EasingStyle":"Linear","EasingDirection":"In"}}},{"Time":0.10000000149011612,"poses":{"Left Leg":{"Weight":1,"CFrame":[-0.031150519847869874,0.22979098558425904,0.14329886436462403,0.6861827969551086,-0.3315405547618866,0.6474828124046326,0.1856808066368103,0.9404409527778626,0.2847694754600525,-0.7033319473266602,-0.07517871260643006,0.7068750858306885],"EasingStyle":"Linear","EasingDirection":"In"},"Right Arm":{"Weight":1,"CFrame":[0.30936482548713686,0.15247279405593873,0.15448546409606934,-0.8509668707847595,-0.46730363368988039,-0.23975548148155213,0.22025661170482636,-0.7319188117980957,0.6448115706443787,-0.47680434584617617,0.4959055185317993,0.7257653474807739],"EasingStyle":"Linear","EasingDirection":"In"},"Head":{"Weight":1,"CFrame":[7.450580596923828e-8,2.2351741790771486e-8,-1.7881393432617188e-7,0.9967719912528992,0.07901214063167572,0.014237863942980767,-0.07802265137434006,0.9951334595680237,-0.06018197536468506,-0.018923694267868997,0.05887685716152191,0.9980859160423279],"EasingStyle":"Linear","EasingDirection":"In"},"Right Leg":{"Weight":1,"CFrame":[0.3357989192008972,0.394586443901062,0.09510314464569092,0.9566715955734253,-0.12579071521759034,-0.26259511709213259,0.14009913802146913,0.9894675612449646,0.03641757369041443,0.25524845719337466,-0.07162903249263764,0.9642186164855957],"EasingStyle":"Linear","EasingDirection":"In"},"Torso":{"Weight":1,"CFrame":[-0.23594047129154206,-0.04613801836967468,-0.2585258483886719,0.896024227142334,0.42102688550949099,-0.14098595082759858,-0.4319857954978943,0.9000345468521118,-0.05767248943448067,0.10261057317256928,0.11257986724376679,0.9883303642272949],"EasingStyle":"Linear","EasingDirection":"In"},"HumanoidRootPart":{"Weight":0,"CFrame":[0,0,0,1,0,0,0,1,0,0,0,1],"EasingStyle":"Linear","EasingDirection":"In"},"Left Arm":{"Weight":1,"CFrame":[0.3982480466365814,-0.38150131702423098,0.35041940212249758,0.7191839218139648,0.5430777072906494,-0.4334065020084381,-0.6750797033309937,0.6937796473503113,-0.2508734464645386,0.16444478929042817,0.4730079174041748,0.8655757308006287],"EasingStyle":"Linear","EasingDirection":"In"}}},{"Time":0.13333334028720857,"poses":{"Left Leg":{"Weight":1,"CFrame":[-0.031150519847869874,0.22979098558425904,0.14329886436462403,0.6861827969551086,-0.3315405547618866,0.6474828124046326,0.1856808066368103,0.9404409527778626,0.2847694754600525,-0.7033319473266602,-0.07517871260643006,0.7068750858306885],"EasingStyle":"Linear","EasingDirection":"In"},"Right Arm":{"Weight":1,"CFrame":[0.30936482548713686,0.15247279405593873,0.15448546409606934,-0.8509668707847595,-0.46730363368988039,-0.23975548148155213,0.22025661170482636,-0.7319188117980957,0.6448115706443787,-0.47680434584617617,0.4959055185317993,0.7257653474807739],"EasingStyle":"Linear","EasingDirection":"In"},"Head":{"Weight":1,"CFrame":[7.450580596923828e-8,2.2351741790771486e-8,-1.7881393432617188e-7,0.9967719912528992,0.07901214063167572,0.014237863942980767,-0.07802265137434006,0.9951334595680237,-0.06018197536468506,-0.018923694267868997,0.05887685716152191,0.9980859160423279],"EasingStyle":"Linear","EasingDirection":"In"},"Right Leg":{"Weight":1,"CFrame":[0.3357989192008972,0.394586443901062,0.09510314464569092,0.9566715955734253,-0.12579071521759034,-0.26259511709213259,0.14009913802146913,0.9894675612449646,0.03641757369041443,0.25524845719337466,-0.07162903249263764,0.9642186164855957],"EasingStyle":"Linear","EasingDirection":"In"},"Torso":{"Weight":1,"CFrame":[-0.23594047129154206,-0.04613801836967468,-0.2585258483886719,0.896024227142334,0.42102688550949099,-0.14098595082759858,-0.4319857954978943,0.9000345468521118,-0.05767248943448067,0.10261057317256928,0.11257986724376679,0.9883303642272949],"EasingStyle":"Linear","EasingDirection":"In"},"HumanoidRootPart":{"Weight":0,"CFrame":[0,0,0,1,0,0,0,1,0,0,0,1],"EasingStyle":"Linear","EasingDirection":"In"},"Left Arm":{"Weight":1,"CFrame":[0.3982480466365814,-0.38150131702423098,0.35041940212249758,0.7191839218139648,0.5430777072906494,-0.4334065020084381,-0.6750797033309937,0.6937796473503113,-0.2508734464645386,0.16444478929042817,0.4730079174041748,0.8655757308006287],"EasingStyle":"Linear","EasingDirection":"In"}}},{"Time":0.1666666716337204,"poses":{"Left Leg":{"Weight":1,"CFrame":[0.11847567558288574,0.09607166051864624,0.05330228805541992,0.65062016248703,-0.39989686012268069,0.645581841468811,0.31703054904937746,0.915523886680603,0.24760392308235169,-0.6900615692138672,0.043573107570409778,0.722437858581543],"EasingStyle":"Linear","EasingDirection":"In"},"Right Arm":{"Weight":1,"CFrame":[0.2086784690618515,0.4629528522491455,0.21308386325836183,-0.45949944853782656,-0.2907257080078125,-0.8392490148544312,0.25720149278640749,-0.9479793310165405,0.18757016956806184,-0.8501222133636475,-0.12966780364513398,0.5103710293769836],"EasingStyle":"Linear","EasingDirection":"In"},"Head":{"Weight":1,"CFrame":[2.7939677238464357e-8,0,-1.7881393432617188e-7,0.9813550710678101,0.14507649838924409,0.1260756403207779,-0.14046265184879304,0.9890722632408142,-0.04479331523180008,-0.13119634985923768,0.0262492336332798,0.9910088777542114],"EasingStyle":"Linear","EasingDirection":"In"},"Right Leg":{"Weight":1,"CFrame":[0.2633739113807678,0.18971914052963258,0.0796440839767456,0.9566493034362793,0.08044537901878357,-0.2799118757247925,-0.05117573216557503,0.9925733804702759,0.11035892367362976,0.28671103715896609,-0.09125013649463654,0.9536615610122681],"EasingStyle":"Linear","EasingDirection":"In"},"Torso":{"Weight":1,"CFrame":[-0.1796950399875641,-0.06105673313140869,-0.10425066947937012,0.9064199328422546,0.4196379482746124,-0.048030443489551547,-0.4147814214229584,0.9058139324188232,0.08635701984167099,0.0797453224658966,-0.05835358798503876,0.9951058030128479],"EasingStyle":"Linear","EasingDirection":"In"},"HumanoidRootPart":{"Weight":0,"CFrame":[0,0,0,1,0,0,0,1,0,0,0,1],"EasingStyle":"Linear","EasingDirection":"In"},"Left Arm":{"Weight":1,"CFrame":[0.36504048109054568,-0.20036986470222474,0.24048519134521485,0.7804855704307556,0.3427203893661499,-0.5228625535964966,-0.37964823842048647,0.9243023991584778,0.03914457559585571,0.49669867753982546,0.1679520159959793,0.8515176773071289],"EasingStyle":"Linear","EasingDirection":"In"}}},{"Time":0.20000000298023225,"poses":{"Left Leg":{"Weight":1,"CFrame":[0.11847567558288574,0.09607166051864624,0.05330228805541992,0.65062016248703,-0.39989686012268069,0.645581841468811,0.31703054904937746,0.915523886680603,0.24760392308235169,-0.6900615692138672,0.043573107570409778,0.722437858581543],"EasingStyle":"Linear","EasingDirection":"In"},"Right Arm":{"Weight":1,"CFrame":[0.2086784690618515,0.4629528522491455,0.21308386325836183,-0.45949944853782656,-0.2907257080078125,-0.8392490148544312,0.25720149278640749,-0.9479793310165405,0.18757016956806184,-0.8501222133636475,-0.12966780364513398,0.5103710293769836],"EasingStyle":"Linear","EasingDirection":"In"},"Head":{"Weight":1,"CFrame":[2.7939677238464357e-8,0,-1.7881393432617188e-7,0.9813550710678101,0.14507649838924409,0.1260756403207779,-0.14046265184879304,0.9890722632408142,-0.04479331523180008,-0.13119634985923768,0.0262492336332798,0.9910088777542114],"EasingStyle":"Linear","EasingDirection":"In"},"Right Leg":{"Weight":1,"CFrame":[0.2633739113807678,0.18971914052963258,0.0796440839767456,0.9566493034362793,0.08044537901878357,-0.2799118757247925,-0.05117573216557503,0.9925733804702759,0.11035892367362976,0.28671103715896609,-0.09125013649463654,0.9536615610122681],"EasingStyle":"Linear","EasingDirection":"In"},"Torso":{"Weight":1,"CFrame":[-0.1796950399875641,-0.06105673313140869,-0.10425066947937012,0.9064199328422546,0.4196379482746124,-0.048030443489551547,-0.4147814214229584,0.9058139324188232,0.08635701984167099,0.0797453224658966,-0.05835358798503876,0.9951058030128479],"EasingStyle":"Linear","EasingDirection":"In"},"HumanoidRootPart":{"Weight":0,"CFrame":[0,0,0,1,0,0,0,1,0,0,0,1],"EasingStyle":"Linear","EasingDirection":"In"},"Left Arm":{"Weight":1,"CFrame":[0.36504048109054568,-0.20036986470222474,0.24048519134521485,0.7804855704307556,0.3427203893661499,-0.5228625535964966,-0.37964823842048647,0.9243023991584778,0.03914457559585571,0.49669867753982546,0.1679520159959793,0.8515176773071289],"EasingStyle":"Linear","EasingDirection":"In"}}},{"Time":0.23333333432674409,"poses":{"Left Leg":{"Weight":1,"CFrame":[0.11847567558288574,0.09607166051864624,0.05330228805541992,0.65062016248703,-0.39989686012268069,0.645581841468811,0.31703054904937746,0.915523886680603,0.24760392308235169,-0.6900615692138672,0.043573107570409778,0.722437858581543],"EasingStyle":"Linear","EasingDirection":"In"},"Right Arm":{"Weight":1,"CFrame":[0.2086784690618515,0.4629528522491455,0.21308386325836183,-0.45949944853782656,-0.2907257080078125,-0.8392490148544312,0.25720149278640749,-0.9479793310165405,0.18757016956806184,-0.8501222133636475,-0.12966780364513398,0.5103710293769836],"EasingStyle":"Linear","EasingDirection":"In"},"Head":{"Weight":1,"CFrame":[2.7939677238464357e-8,0,-1.7881393432617188e-7,0.9813550710678101,0.14507649838924409,0.1260756403207779,-0.14046265184879304,0.9890722632408142,-0.04479331523180008,-0.13119634985923768,0.0262492336332798,0.9910088777542114],"EasingStyle":"Linear","EasingDirection":"In"},"Right Leg":{"Weight":1,"CFrame":[0.2633739113807678,0.18971914052963258,0.0796440839767456,0.9566493034362793,0.08044537901878357,-0.2799118757247925,-0.05117573216557503,0.9925733804702759,0.11035892367362976,0.28671103715896609,-0.09125013649463654,0.9536615610122681],"EasingStyle":"Linear","EasingDirection":"In"},"Torso":{"Weight":1,"CFrame":[-0.1796950399875641,-0.06105673313140869,-0.10425066947937012,0.9064199328422546,0.4196379482746124,-0.048030443489551547,-0.4147814214229584,0.9058139324188232,0.08635701984167099,0.0797453224658966,-0.05835358798503876,0.9951058030128479],"EasingStyle":"Linear","EasingDirection":"In"},"HumanoidRootPart":{"Weight":0,"CFrame":[0,0,0,1,0,0,0,1,0,0,0,1],"EasingStyle":"Linear","EasingDirection":"In"},"Left Arm":{"Weight":1,"CFrame":[0.36504048109054568,-0.20036986470222474,0.24048519134521485,0.7804855704307556,0.3427203893661499,-0.5228625535964966,-0.37964823842048647,0.9243023991584778,0.03914457559585571,0.49669867753982546,0.1679520159959793,0.8515176773071289],"EasingStyle":"Linear","EasingDirection":"In"}}},{"Time":0.2666666805744171,"poses":{"Left Leg":{"Weight":1,"CFrame":[0.20709608495235444,0.2378217577934265,0.06036221981048584,0.48295730352401736,-0.23124593496322633,0.8445576429367065,0.03639984503388405,0.968967080116272,0.24449500441551209,-0.8748870491981506,-0.0873388722538948,0.476387083530426],"EasingStyle":"Linear","EasingDirection":"In"},"Right Arm":{"Weight":1,"CFrame":[0.4189579486846924,0.2297905683517456,0.2728840112686157,-0.22275617718696595,-0.3911004066467285,-0.8929838538169861,0.7698651552200317,-0.632523238658905,0.0849824771285057,-0.5980697870254517,-0.6685467958450317,0.4419930577278137],"EasingStyle":"Linear","EasingDirection":"In"},"Head":{"Weight":1,"CFrame":[7.241033017635346e-8,1.7695128917694093e-8,-1.1920928955078126e-7,0.9609543681144714,0.25875064730644228,0.09805512428283692,-0.25988441705703738,0.9656389355659485,-0.0012514495756477118,-0.09500967711210251,-0.02428041398525238,0.9951801896095276],"EasingStyle":"Linear","EasingDirection":"In"},"Right Leg":{"Weight":1,"CFrame":[0.342948317527771,0.34751051664352419,0.08525609970092774,0.9535332322120667,0.03314011171460152,-0.2994594871997833,0.011646676808595658,0.9891347885131836,0.14654923975467683,0.3010624945163727,-0.14322726428508759,0.9427869915962219],"EasingStyle":"Linear","EasingDirection":"In"},"Torso":{"Weight":1,"CFrame":[-0.26493704319000246,-0.04520869255065918,-0.1838397979736328,0.9089022278785706,0.39688193798065188,-0.1279902160167694,-0.39482808113098147,0.9177881479263306,0.04213929548859596,0.13419224321842194,0.012233639135956765,0.9908798336982727],"EasingStyle":"Linear","EasingDirection":"In"},"HumanoidRootPart":{"Weight":0,"CFrame":[0,0,0,1,0,0,0,1,0,0,0,1],"EasingStyle":"Linear","EasingDirection":"In"},"Left Arm":{"Weight":1,"CFrame":[0.37823060154914858,-0.20498362183570863,0.2729295492172241,0.7717648148536682,0.36083418130874636,-0.523620069026947,-0.41905108094215395,0.9079272150993347,0.008025247603654862,0.47830459475517275,0.21322980523109437,0.85191410779953],"EasingStyle":"Linear","EasingDirection":"In"}}},{"Time":0.30000001192092898,"poses":{"Left Leg":{"Weight":1,"CFrame":[0.20709608495235444,0.2378217577934265,0.06036221981048584,0.48295730352401736,-0.23124593496322633,0.8445576429367065,0.03639984503388405,0.968967080116272,0.24449500441551209,-0.8748870491981506,-0.0873388722538948,0.476387083530426],"EasingStyle":"Linear","EasingDirection":"In"},"Right Arm":{"Weight":1,"CFrame":[0.4189579486846924,0.2297905683517456,0.2728840112686157,-0.22275617718696595,-0.3911004066467285,-0.8929838538169861,0.7698651552200317,-0.632523238658905,0.0849824771285057,-0.5980697870254517,-0.6685467958450317,0.4419930577278137],"EasingStyle":"Linear","EasingDirection":"In"},"Head":{"Weight":1,"CFrame":[7.241033017635346e-8,1.7695128917694093e-8,-1.1920928955078126e-7,0.9609543681144714,0.25875064730644228,0.09805512428283692,-0.25988441705703738,0.9656389355659485,-0.0012514495756477118,-0.09500967711210251,-0.02428041398525238,0.9951801896095276],"EasingStyle":"Linear","EasingDirection":"In"},"Right Leg":{"Weight":1,"CFrame":[0.342948317527771,0.34751051664352419,0.08525609970092774,0.9535332322120667,0.03314011171460152,-0.2994594871997833,0.011646676808595658,0.9891347885131836,0.14654923975467683,0.3010624945163727,-0.14322726428508759,0.9427869915962219],"EasingStyle":"Linear","EasingDirection":"In"},"Torso":{"Weight":1,"CFrame":[-0.26493704319000246,-0.04520869255065918,-0.1838397979736328,0.9089022278785706,0.39688193798065188,-0.1279902160167694,-0.39482808113098147,0.9177881479263306,0.04213929548859596,0.13419224321842194,0.012233639135956765,0.9908798336982727],"EasingStyle":"Linear","EasingDirection":"In"},"HumanoidRootPart":{"Weight":0,"CFrame":[0,0,0,1,0,0,0,1,0,0,0,1],"EasingStyle":"Linear","EasingDirection":"In"},"Left Arm":{"Weight":1,"CFrame":[0.37823060154914858,-0.20498362183570863,0.2729295492172241,0.7717648148536682,0.36083418130874636,-0.523620069026947,-0.41905108094215395,0.9079272150993347,0.008025247603654862,0.47830459475517275,0.21322980523109437,0.85191410779953],"EasingStyle":"Linear","EasingDirection":"In"}}},{"Time":0.3333333432674408,"poses":{"Left Leg":{"Weight":1,"CFrame":[0.34948664903640749,0.5205246210098267,-0.14408421516418458,0.19329965114593507,-0.18673864006996156,0.9632049798965454,-0.4297563135623932,0.8664190173149109,0.2542196810245514,-0.8820117712020874,-0.46308401226997378,0.08722646534442902],"EasingStyle":"Linear","EasingDirection":"In"},"Right Arm":{"Weight":1,"CFrame":[0.4092690348625183,0.2618336081504822,0.37186872959136965,-0.4794023334980011,-0.47723668813705447,-0.7364906072616577,0.8775637745857239,-0.26779937744140627,-0.3977000415325165,-0.007434722036123276,-0.8369759321212769,0.5471894145011902],"EasingStyle":"Linear","EasingDirection":"In"},"Head":{"Weight":1,"CFrame":[7.078051567077637e-8,4.0978193283081057e-8,2.384185791015625e-7,0.9451594352722168,0.3220702111721039,0.05426383018493652,-0.3240363597869873,0.945494532585144,0.032257016748189929,-0.04091715067625046,-0.048071496188640597,0.9980055093765259],"EasingStyle":"Linear","EasingDirection":"In"},"Right Leg":{"Weight":1,"CFrame":[0.3555434048175812,0.5562585592269898,0.06841647624969483,0.9443808197975159,-0.07237166911363602,-0.32079142332077029,0.12542811036109925,0.9810120463371277,0.14792928099632264,0.30399438738822939,-0.17993789911270142,0.9355264902114868],"EasingStyle":"Linear","EasingDirection":"In"},"Torso":{"Weight":1,"CFrame":[-0.33392030000686648,-0.021876148879528047,-0.32178688049316409,0.907119870185852,0.3664824962615967,-0.2069399207830429,-0.37980756163597109,0.9246612787246704,-0.027345191687345506,0.18132779002189637,0.10340272635221482,0.9779714345932007],"EasingStyle":"Linear","EasingDirection":"In"},"HumanoidRootPart":{"Weight":0,"CFrame":[0,0,0,1,0,0,0,1,0,0,0,1],"EasingStyle":"Linear","EasingDirection":"In"},"Left Arm":{"Weight":1,"CFrame":[0.3985532820224762,-0.21209180355072022,0.3229180574417114,0.756864070892334,0.3879091739654541,-0.5260071158409119,-0.4775237441062927,0.8777159452438355,-0.03982176631689072,0.4462376534938812,0.2813205122947693,0.8495474457740784],"EasingStyle":"Linear","EasingDirection":"In"}}},{"Time":0.36666667461395266,"poses":{"Left Leg":{"Weight":1,"CFrame":[0.34948664903640749,0.5205246210098267,-0.14408421516418458,0.19329965114593507,-0.18673864006996156,0.9632049798965454,-0.4297563135623932,0.8664190173149109,0.2542196810245514,-0.8820117712020874,-0.46308401226997378,0.08722646534442902],"EasingStyle":"Constant","EasingDirection":"In"},"Right Arm":{"Weight":1,"CFrame":[0.4092690348625183,0.2618336081504822,0.37186872959136965,-0.4794023334980011,-0.47723668813705447,-0.7364906072616577,0.8775637745857239,-0.26779937744140627,-0.3977000415325165,-0.007434722036123276,-0.8369759321212769,0.5471894145011902],"EasingStyle":"Constant","EasingDirection":"In"},"Head":{"Weight":1,"CFrame":[7.078051567077637e-8,4.0978193283081057e-8,2.384185791015625e-7,0.9451594352722168,0.3220702111721039,0.05426383018493652,-0.3240363597869873,0.945494532585144,0.032257016748189929,-0.04091715067625046,-0.048071496188640597,0.9980055093765259],"EasingStyle":"Constant","EasingDirection":"In"},"Right Leg":{"Weight":1,"CFrame":[0.3555434048175812,0.5562585592269898,0.06841647624969483,0.9443808197975159,-0.07237166911363602,-0.32079142332077029,0.12542811036109925,0.9810120463371277,0.14792928099632264,0.30399438738822939,-0.17993789911270142,0.9355264902114868],"EasingStyle":"Constant","EasingDirection":"In"},"Torso":{"Weight":1,"CFrame":[-0.33392030000686648,-0.021876148879528047,-0.32178688049316409,0.907119870185852,0.3664824962615967,-0.2069399207830429,-0.37980756163597109,0.9246612787246704,-0.027345191687345506,0.18132779002189637,0.10340272635221482,0.9779714345932007],"EasingStyle":"Constant","EasingDirection":"In"},"HumanoidRootPart":{"Weight":0,"CFrame":[0,0,0,1,0,0,0,1,0,0,0,1],"EasingStyle":"Linear","EasingDirection":"In"},"Left Arm":{"Weight":1,"CFrame":[0.3985532820224762,-0.21209180355072022,0.3229180574417114,0.756864070892334,0.3879091739654541,-0.5260071158409119,-0.4775237441062927,0.8777159452438355,-0.03982176631689072,0.4462376534938812,0.2813205122947693,0.8495474457740784],"EasingStyle":"Constant","EasingDirection":"In"}}},{"Time":0.4000000059604645,"poses":{"Left Leg":{"Weight":1,"CFrame":[0.34948664903640749,0.5205246210098267,-0.14408421516418458,0.19329965114593507,-0.18673864006996156,0.9632049798965454,-0.4297563135623932,0.8664190173149109,0.2542196810245514,-0.8820117712020874,-0.46308401226997378,0.08722646534442902],"EasingStyle":"Constant","EasingDirection":"In"},"Right Arm":{"Weight":1,"CFrame":[0.4092690348625183,0.2618336081504822,0.37186872959136965,-0.4794023334980011,-0.47723668813705447,-0.7364906072616577,0.8775637745857239,-0.26779937744140627,-0.3977000415325165,-0.007434722036123276,-0.8369759321212769,0.5471894145011902],"EasingStyle":"Constant","EasingDirection":"In"},"Head":{"Weight":1,"CFrame":[7.078051567077637e-8,4.0978193283081057e-8,2.384185791015625e-7,0.9451594352722168,0.3220702111721039,0.05426383018493652,-0.3240363597869873,0.945494532585144,0.032257016748189929,-0.04091715067625046,-0.048071496188640597,0.9980055093765259],"EasingStyle":"Constant","EasingDirection":"In"},"Right Leg":{"Weight":1,"CFrame":[0.3555434048175812,0.5562585592269898,0.06841647624969483,0.9443808197975159,-0.07237166911363602,-0.32079142332077029,0.12542811036109925,0.9810120463371277,0.14792928099632264,0.30399438738822939,-0.17993789911270142,0.9355264902114868],"EasingStyle":"Constant","EasingDirection":"In"},"Torso":{"Weight":1,"CFrame":[-0.33392030000686648,-0.021876148879528047,-0.32178688049316409,0.907119870185852,0.3664824962615967,-0.2069399207830429,-0.37980756163597109,0.9246612787246704,-0.027345191687345506,0.18132779002189637,0.10340272635221482,0.9779714345932007],"EasingStyle":"Constant","EasingDirection":"In"},"HumanoidRootPart":{"Weight":0,"CFrame":[0,0,0,1,0,0,0,1,0,0,0,1],"EasingStyle":"Linear","EasingDirection":"In"},"Left Arm":{"Weight":1,"CFrame":[0.3985532820224762,-0.21209180355072022,0.3229180574417114,0.756864070892334,0.3879091739654541,-0.5260071158409119,-0.4775237441062927,0.8777159452438355,-0.03982176631689072,0.4462376534938812,0.2813205122947693,0.8495474457740784],"EasingStyle":"Constant","EasingDirection":"In"}}},{"Time":0.4333333373069763,"poses":{"Left Leg":{"Weight":1,"CFrame":[-0.4307156205177307,0.4524073004722595,0.10505127906799317,0.9683085680007935,0.009383008815348149,0.2495802640914917,-0.02241382747888565,0.9985265731811523,0.04942018538713455,-0.24874892830848695,-0.053447987884283069,0.9670922756195068],"EasingStyle":"Constant","EasingDirection":"In"},"Right Arm":{"Weight":1,"CFrame":[-0.4026024043560028,-0.29704105854034426,0.33709681034088137,0.7424342632293701,-0.5233105421066284,0.4182553291320801,0.6266231536865234,0.7632817625999451,-0.15730370581150056,-0.23692795634269715,0.37887606024742129,0.8946049809455872],"EasingStyle":"Constant","EasingDirection":"In"},"Head":{"Weight":1,"CFrame":[6.705522537231445e-8,3.3527612686157229e-8,-1.7881393432617188e-7,0.9951382279396057,-0.09054262191057205,0.03875686228275299,0.09218700975179672,0.9948137402534485,-0.042979881167411807,-0.034664347767829898,0.04634381830692291,0.9983239769935608],"EasingStyle":"Constant","EasingDirection":"In"},"Right Leg":{"Weight":1,"CFrame":[0.06843391060829163,0.285889208316803,0.202378511428833,0.5696573257446289,0.45342421531677248,-0.6854903101921082,-0.27074986696243288,0.8910239934921265,0.3643774092197418,0.7760059237480164,-0.021973947063088418,0.630342960357666],"EasingStyle":"Constant","EasingDirection":"In"},"Torso":{"Weight":1,"CFrame":[0.21330735087394715,-0.12193058431148529,-0.33070945739746096,0.8896604180335999,-0.44374096393585207,0.10769599676132202,0.4502337574958801,0.8917813301086426,-0.04489629343152046,-0.07611895352602005,0.08843081444501877,0.9931696057319641],"EasingStyle":"Constant","EasingDirection":"In"},"HumanoidRootPart":{"Weight":0,"CFrame":[0,0,0,1,0,0,0,1,0,0,0,1],"EasingStyle":"Linear","EasingDirection":"In"},"Left Arm":{"Weight":1,"CFrame":[-0.18574000895023347,0.2673429846763611,0.17196261882781983,-0.8523133993148804,0.46886956691741946,0.23178240656852723,-0.2481386810541153,-0.7525904774665833,0.609946608543396,0.4604227542877197,0.462351530790329,0.7577877044677734],"EasingStyle":"Constant","EasingDirection":"In"}}},{"Time":0.46666666865348818,"poses":{"Left Leg":{"Weight":1,"CFrame":[-0.4307156205177307,0.4524073004722595,0.10505127906799317,0.9683085680007935,0.009383008815348149,0.2495802640914917,-0.02241382747888565,0.9985265731811523,0.04942018538713455,-0.24874892830848695,-0.053447987884283069,0.9670922756195068],"EasingStyle":"Constant","EasingDirection":"In"},"Right Arm":{"Weight":1,"CFrame":[-0.4026024043560028,-0.29704105854034426,0.33709681034088137,0.7424342632293701,-0.5233105421066284,0.4182553291320801,0.6266231536865234,0.7632817625999451,-0.15730370581150056,-0.23692795634269715,0.37887606024742129,0.8946049809455872],"EasingStyle":"Constant","EasingDirection":"In"},"Head":{"Weight":1,"CFrame":[6.705522537231445e-8,3.3527612686157229e-8,-1.7881393432617188e-7,0.9951382279396057,-0.09054262191057205,0.03875686228275299,0.09218700975179672,0.9948137402534485,-0.042979881167411807,-0.034664347767829898,0.04634381830692291,0.9983239769935608],"EasingStyle":"Constant","EasingDirection":"In"},"Right Leg":{"Weight":1,"CFrame":[0.06843391060829163,0.285889208316803,0.202378511428833,0.5696573257446289,0.45342421531677248,-0.6854903101921082,-0.27074986696243288,0.8910239934921265,0.3643774092197418,0.7760059237480164,-0.021973947063088418,0.630342960357666],"EasingStyle":"Constant","EasingDirection":"In"},"Torso":{"Weight":1,"CFrame":[0.21330735087394715,-0.12193058431148529,-0.33070945739746096,0.8896604180335999,-0.44374096393585207,0.10769599676132202,0.4502337574958801,0.8917813301086426,-0.04489629343152046,-0.07611895352602005,0.08843081444501877,0.9931696057319641],"EasingStyle":"Constant","EasingDirection":"In"},"HumanoidRootPart":{"Weight":0,"CFrame":[0,0,0,1,0,0,0,1,0,0,0,1],"EasingStyle":"Linear","EasingDirection":"In"},"Left Arm":{"Weight":1,"CFrame":[-0.18574000895023347,0.2673429846763611,0.17196261882781983,-0.8523133993148804,0.46886956691741946,0.23178240656852723,-0.2481386810541153,-0.7525904774665833,0.609946608543396,0.4604227542877197,0.462351530790329,0.7577877044677734],"EasingStyle":"Constant","EasingDirection":"In"}}},{"Time":0.5,"poses":{"Left Leg":{"Weight":1,"CFrame":[-0.3357987403869629,0.39458560943603518,0.09510338306427002,0.9566411375999451,0.12602153420448304,0.26259565353393557,-0.14033780992031098,0.9894338250160217,0.03641698509454727,-0.255231648683548,-0.07169009745121002,0.9642186164855957],"EasingStyle":"Constant","EasingDirection":"In"},"Right Arm":{"Weight":1,"CFrame":[-0.39824801683425906,-0.38150110840797427,0.35041940212249758,0.7191838622093201,-0.5430777072906494,0.4334064722061157,0.6750796437263489,0.693779706954956,-0.25087329745292666,-0.1644449383020401,0.47300782799720766,0.8655757904052734],"EasingStyle":"Constant","EasingDirection":"In"},"Head":{"Weight":1,"CFrame":[1.0803341865539551e-7,1.4901161193847657e-8,-2.384185791015625e-7,0.996772050857544,-0.07901232689619065,-0.014237681403756142,0.07802281528711319,0.9951334595680237,-0.06018196791410446,0.018923522904515268,0.05887686461210251,0.9980859160423279],"EasingStyle":"Constant","EasingDirection":"In"},"Right Leg":{"Weight":1,"CFrame":[0.03115089237689972,0.22979098558425904,0.14329886436462403,0.6861030459403992,0.33170631527900698,-0.6474823355674744,-0.18590804934501649,0.9403959512710571,0.2847694754600525,0.7033496499061585,-0.0750090479850769,0.7068754434585571],"EasingStyle":"Constant","EasingDirection":"In"},"Torso":{"Weight":1,"CFrame":[0.23594047129154206,-0.04613801836967468,-0.2585258483886719,0.896024227142334,-0.42102688550949099,0.14098580181598664,0.4319857954978943,0.9000345468521118,-0.057672563940286639,-0.10261039435863495,0.11257986724376679,0.9883303642272949],"EasingStyle":"Constant","EasingDirection":"In"},"HumanoidRootPart":{"Weight":0,"CFrame":[0,0,0,1,0,0,0,1,0,0,0,1],"EasingStyle":"Linear","EasingDirection":"In"},"Left Arm":{"Weight":1,"CFrame":[-0.30936485528945925,0.15247249603271485,0.1544855833053589,-0.8509668707847595,0.4673035144805908,0.23975545167922975,-0.22025683522224427,-0.7319188714027405,0.6448113918304443,0.47680431604385378,0.49590542912483218,0.725765585899353],"EasingStyle":"Constant","EasingDirection":"In"}}},{"Time":0.5333333611488342,"poses":{"Left Leg":{"Weight":1,"CFrame":[-0.3357987403869629,0.39458560943603518,0.09510338306427002,0.9566411375999451,0.12602153420448304,0.26259565353393557,-0.14033780992031098,0.9894338250160217,0.03641698509454727,-0.255231648683548,-0.07169009745121002,0.9642186164855957],"EasingStyle":"Constant","EasingDirection":"In"},"Right Arm":{"Weight":1,"CFrame":[-0.39824801683425906,-0.38150110840797427,0.35041940212249758,0.7191838622093201,-0.5430777072906494,0.4334064722061157,0.6750796437263489,0.693779706954956,-0.25087329745292666,-0.1644449383020401,0.47300782799720766,0.8655757904052734],"EasingStyle":"Constant","EasingDirection":"In"},"Head":{"Weight":1,"CFrame":[1.0803341865539551e-7,1.4901161193847657e-8,-2.384185791015625e-7,0.996772050857544,-0.07901232689619065,-0.014237681403756142,0.07802281528711319,0.9951334595680237,-0.06018196791410446,0.018923522904515268,0.05887686461210251,0.9980859160423279],"EasingStyle":"Constant","EasingDirection":"In"},"Right Leg":{"Weight":1,"CFrame":[0.03115089237689972,0.22979098558425904,0.14329886436462403,0.6861030459403992,0.33170631527900698,-0.6474823355674744,-0.18590804934501649,0.9403959512710571,0.2847694754600525,0.7033496499061585,-0.0750090479850769,0.7068754434585571],"EasingStyle":"Constant","EasingDirection":"In"},"Torso":{"Weight":1,"CFrame":[0.23594047129154206,-0.04613801836967468,-0.2585258483886719,0.896024227142334,-0.42102688550949099,0.14098580181598664,0.4319857954978943,0.9000345468521118,-0.057672563940286639,-0.10261039435863495,0.11257986724376679,0.9883303642272949],"EasingStyle":"Constant","EasingDirection":"In"},"HumanoidRootPart":{"Weight":0,"CFrame":[0,0,0,1,0,0,0,1,0,0,0,1],"EasingStyle":"Linear","EasingDirection":"In"},"Left Arm":{"Weight":1,"CFrame":[-0.30936485528945925,0.15247249603271485,0.1544855833053589,-0.8509668707847595,0.4673035144805908,0.23975545167922975,-0.22025683522224427,-0.7319188714027405,0.6448113918304443,0.47680431604385378,0.49590542912483218,0.725765585899353],"EasingStyle":"Constant","EasingDirection":"In"}}},{"Time":0.5666666626930237,"poses":{"Left Leg":{"Weight":1,"CFrame":[-0.3357987403869629,0.39458560943603518,0.09510338306427002,0.9566411375999451,0.12602153420448304,0.26259565353393557,-0.14033780992031098,0.9894338250160217,0.03641698509454727,-0.255231648683548,-0.07169009745121002,0.9642186164855957],"EasingStyle":"Constant","EasingDirection":"In"},"Right Arm":{"Weight":1,"CFrame":[-0.39824801683425906,-0.38150110840797427,0.35041940212249758,0.7191838622093201,-0.5430777072906494,0.4334064722061157,0.6750796437263489,0.693779706954956,-0.25087329745292666,-0.1644449383020401,0.47300782799720766,0.8655757904052734],"EasingStyle":"Constant","EasingDirection":"In"},"Head":{"Weight":1,"CFrame":[1.0803341865539551e-7,1.4901161193847657e-8,-2.384185791015625e-7,0.996772050857544,-0.07901232689619065,-0.014237681403756142,0.07802281528711319,0.9951334595680237,-0.06018196791410446,0.018923522904515268,0.05887686461210251,0.9980859160423279],"EasingStyle":"Constant","EasingDirection":"In"},"Right Leg":{"Weight":1,"CFrame":[0.03115089237689972,0.22979098558425904,0.14329886436462403,0.6861030459403992,0.33170631527900698,-0.6474823355674744,-0.18590804934501649,0.9403959512710571,0.2847694754600525,0.7033496499061585,-0.0750090479850769,0.7068754434585571],"EasingStyle":"Constant","EasingDirection":"In"},"Torso":{"Weight":1,"CFrame":[0.23594047129154206,-0.04613801836967468,-0.2585258483886719,0.896024227142334,-0.42102688550949099,0.14098580181598664,0.4319857954978943,0.9000345468521118,-0.057672563940286639,-0.10261039435863495,0.11257986724376679,0.9883303642272949],"EasingStyle":"Constant","EasingDirection":"In"},"HumanoidRootPart":{"Weight":0,"CFrame":[0,0,0,1,0,0,0,1,0,0,0,1],"EasingStyle":"Linear","EasingDirection":"In"},"Left Arm":{"Weight":1,"CFrame":[-0.30936485528945925,0.15247249603271485,0.1544855833053589,-0.8509668707847595,0.4673035144805908,0.23975545167922975,-0.22025683522224427,-0.7319188714027405,0.6448113918304443,0.47680431604385378,0.49590542912483218,0.725765585899353],"EasingStyle":"Constant","EasingDirection":"In"}}},{"Time":0.6000000238418579,"poses":{"Left Leg":{"Weight":1,"CFrame":[-0.2633734941482544,0.18971902132034303,0.07964420318603516,0.9566685557365418,-0.08021444827318192,0.2799125611782074,0.0509360209107399,0.9925858378410339,0.1103588119149208,-0.2866896092891693,-0.09131918847560883,0.9536613821983337],"EasingStyle":"Constant","EasingDirection":"In"},"Right Arm":{"Weight":1,"CFrame":[-0.3650404214859009,-0.2003696858882904,0.24048519134521485,0.7804854512214661,-0.3427203297615051,0.5228625535964966,0.3796481788158417,0.9243024587631226,0.03914473578333855,-0.4966987371444702,0.1679518073797226,0.8515177369117737],"EasingStyle":"Constant","EasingDirection":"In"},"Head":{"Weight":1,"CFrame":[9.220093488693237e-8,7.450580596923828e-9,-2.384185791015625e-7,0.9813550710678101,-0.14507661759853364,-0.12607547640800477,0.14046283066272736,0.9890721440315247,-0.04479331895709038,0.13119618594646455,0.026249229907989503,0.9910088777542114],"EasingStyle":"Constant","EasingDirection":"In"},"Right Leg":{"Weight":1,"CFrame":[-0.11853315681219101,0.09607386589050293,0.05325007438659668,0.6505424380302429,0.4000239372253418,-0.6455814242362976,-0.31720930337905886,0.9154619574546814,0.24760395288467408,0.6900526881217957,0.043707508593797687,0.7224382758140564],"EasingStyle":"Constant","EasingDirection":"In"},"Torso":{"Weight":1,"CFrame":[0.1796950399875641,-0.06105673313140869,-0.10425066947937012,0.9064199328422546,-0.4196379482746124,0.04803028702735901,0.4147814214229584,0.9058139324188232,0.08635694533586502,-0.07974514365196228,-0.05835358798503876,0.9951058030128479],"EasingStyle":"Constant","EasingDirection":"In"},"HumanoidRootPart":{"Weight":0,"CFrame":[0,0,0,1,0,0,0,1,0,0,0,1],"EasingStyle":"Linear","EasingDirection":"In"},"Left Arm":{"Weight":1,"CFrame":[-0.20867840945720673,0.4629526138305664,0.21308398246765138,-0.45949944853782656,0.2907256484031677,0.8392490148544312,-0.25720173120498659,-0.9479793906211853,0.18757003545761109,0.8501220941543579,-0.1296679526567459,0.5103711485862732],"EasingStyle":"Constant","EasingDirection":"In"}}},{"Time":0.6333333253860474,"poses":{"Left Leg":{"Weight":1,"CFrame":[-0.2633734941482544,0.18971902132034303,0.07964420318603516,0.9566685557365418,-0.08021444827318192,0.2799125611782074,0.0509360209107399,0.9925858378410339,0.1103588119149208,-0.2866896092891693,-0.09131918847560883,0.9536613821983337],"EasingStyle":"Constant","EasingDirection":"In"},"Right Arm":{"Weight":1,"CFrame":[-0.3650404214859009,-0.2003696858882904,0.24048519134521485,0.7804854512214661,-0.3427203297615051,0.5228625535964966,0.3796481788158417,0.9243024587631226,0.03914473578333855,-0.4966987371444702,0.1679518073797226,0.8515177369117737],"EasingStyle":"Constant","EasingDirection":"In"},"Head":{"Weight":1,"CFrame":[9.22009348