{"Sequence":[{"Time":0,"poses":{"Left Leg":{"Weight":1,"CFrame":[-0.4067768454551697,0.3273860812187195,0.14807462692260743,0.9086199998855591,-0.21671520173549653,0.3569932281970978,0.17580927908420564,0.9738754630088806,0.1437276154756546,-0.37881505489349368,-0.06783105432987213,0.9229833483695984],"EasingStyle":"Linear","EasingDirection":"In"},"Right Arm":{"Weight":1,"CFrame":[-0.09459822624921799,0.6171965599060059,0.1067655086517334,-0.666760265827179,0.265980064868927,-0.696193516254425,-0.586527943611145,-0.7636007070541382,0.2699982821941376,-0.4597996175289154,0.5883610248565674,0.6651433110237122],"EasingStyle":"Linear","EasingDirection":"In"},"Head":{"Weight":1,"CFrame":[1.0058283805847168e-7,-2.7939677238464357e-8,-1.7881393432617188e-7,0.9833581447601318,0.11429353058338165,0.14122238755226136,-0.1352764517068863,0.9795060157775879,0.14922556281089784,-0.12127268314361572,-0.16584625840187074,0.9786664843559265],"EasingStyle":"Linear","EasingDirection":"In"},"Right Leg":{"Weight":1,"CFrame":[0.46681132912635805,0.35085856914520266,-0.0008797645568847656,0.7947390079498291,0.5730094313621521,-0.2001253366470337,-0.32589271664619448,0.6810207366943359,0.6557474732398987,0.512039065361023,-0.4559287428855896,0.7279733419418335],"EasingStyle":"Linear","EasingDirection":"In"},"Torso":{"Weight":1,"CFrame":[0.20069316029548646,0.09227299690246582,-0.4230504035949707,0.9810430407524109,-0.1640898883342743,-0.10309721529483795,0.17564734816551209,0.9776729941368103,0.11534122377634049,0.08186902850866318,-0.13126344978809358,0.9879612922668457],"EasingStyle":"Linear","EasingDirection":"In"},"HumanoidRootPart":{"Weight":1,"CFrame":[0,0,0,1,0,0,0,1,0,0,0,1],"EasingStyle":"Linear","EasingDirection":"In"},"Left Arm":{"Weight":1,"CFrame":[0.04505404829978943,0.5136306285858154,0.14527416229248048,-0.7325321435928345,-0.36406150460243227,0.5752008557319641,0.5704293251037598,-0.7894079685211182,0.22681623697280885,0.37149301171302798,0.49426141381263735,0.785938024520874],"EasingStyle":"Linear","EasingDirection":"In"}}},{"Time":0.0416666679084301,"poses":{"Left Leg":{"Weight":1,"CFrame":[-0.4330371022224426,0.42414337396621706,0.08845031261444092,0.9232451319694519,-0.20296651124954225,0.3262254595756531,0.11778947710990906,0.9577146172523499,0.26250380277633669,-0.36571043729782107,-0.20392943918704987,0.9081127047538757],"EasingStyle":"Linear","EasingDirection":"In"},"Right Arm":{"Weight":1,"CFrame":[-0.09413664042949677,0.6124643087387085,0.11014735698699951,-0.6541876196861267,0.3184145390987396,-0.686039924621582,-0.6171401143074036,-0.7491008043289185,0.2408035695552826,-0.4372375011444092,0.5809133648872376,0.6865587830543518],"EasingStyle":"Linear","EasingDirection":"In"},"Head":{"Weight":1,"CFrame":[1.043081283569336e-7,-1.7229467630386354e-8,4.76837158203125e-7,0.9919229745864868,0.08333172649145127,0.09562825411558151,-0.09665191918611527,0.984790563583374,0.1443813443183899,-0.08214227110147476,-0.15245786309242249,0.9848905801773071],"EasingStyle":"Linear","EasingDirection":"In"},"Right Leg":{"Weight":1,"CFrame":[0.5388404130935669,0.3999008536338806,0.05013930797576904,0.7705637216567993,0.57126784324646,-0.2826383709907532,-0.33884721994400027,0.7427688837051392,0.5774749517440796,0.5398278832435608,-0.3492099642753601,0.7659231424331665],"EasingStyle":"Linear","EasingDirection":"In"},"Torso":{"Weight":1,"CFrame":[0.10317784547805786,0.0723949670791626,-0.46190881729125979,0.9893625378608704,-0.12729862332344056,-0.07040496170520783,0.13342392444610597,0.9869189262390137,0.09049369394779206,0.0579642690718174,-0.09892477095127106,0.9934053421020508],"EasingStyle":"Linear","EasingDirection":"In"},"HumanoidRootPart":{"Weight":1,"CFrame":[0,0,0,1,0,0,0,1,0,0,0,1],"EasingStyle":"Linear","EasingDirection":"In"},"Left Arm":{"Weight":1,"CFrame":[0.0448712557554245,0.5137423276901245,0.1262221336364746,-0.7265499830245972,-0.3798462450504303,0.5725749135017395,0.5891352295875549,-0.7732271552085877,0.23460502922534944,0.3536166548728943,0.5077762007713318,0.78556889295578],"EasingStyle":"Linear","EasingDirection":"In"}}},{"Time":0.0833333358168602,"poses":{"Left Leg":{"Weight":1,"CFrame":[-0.38448846340179446,0.4253489375114441,0.025420188903808595,0.9411759376525879,-0.17122632265090943,0.2913235127925873,0.04551088437438011,0.918491005897522,0.39281442761421206,-0.33483821153640749,-0.35644903779029848,0.8722543120384216],"EasingStyle":"Linear","EasingDirection":"In"},"Right Arm":{"Weight":1,"CFrame":[-0.09327945113182068,0.5972216129302979,0.11642789840698242,-0.632005512714386,0.4171448349952698,-0.6531150937080383,-0.6716805100440979,-0.7152159810066223,0.19316214323043824,-0.38654157519340517,0.5607641339302063,0.7322083711624146],"EasingStyle":"Linear","EasingDirection":"In"},"Head":{"Weight":1,"CFrame":[9.12696123123169e-8,1.1525116860866547e-8,1.1920928955078126e-7,0.9987903237342835,0.03581111505627632,0.03369729220867157,-0.04001874849200249,0.9901931285858154,0.13385090231895448,-0.028573481366038324,-0.13503752648830415,0.9904284477233887],"EasingStyle":"Linear","EasingDirection":"In"},"Right Leg":{"Weight":1,"CFrame":[0.4913056492805481,0.37735235691070559,0.12066078186035156,0.7878671884536743,0.5003097057342529,-0.35910362005233767,-0.33552899956703188,0.8376853466033936,0.4309335947036743,0.5164161324501038,-0.21902883052825929,0.8278531432151794],"EasingStyle":"Linear","EasingDirection":"In"},"Torso":{"Weight":1,"CFrame":[0.00600191205739975,0.05578796565532684,-0.4125685691833496,0.9970779418945313,-0.07270428538322449,-0.02344490960240364,0.07417818903923035,0.9948038458824158,0.06973495334386826,0.018253054469823839,-0.07127028703689575,0.9972900748252869],"EasingStyle":"Linear","EasingDirection":"In"},"HumanoidRootPart":{"Weight":1,"CFrame":[0,0,0,1,0,0,0,1,0,0,0,1],"EasingStyle":"Linear","EasingDirection":"In"},"Left Arm":{"Weight":1,"CFrame":[0.04359184205532074,0.5145189762115479,0.08440303802490235,-0.7143211364746094,-0.40877342224121096,0.5680226683616638,0.6226199269294739,-0.7418016791343689,0.24914835393428803,0.3195148706436157,0.5316339135169983,0.7843949794769287],"EasingStyle":"Linear","EasingDirection":"In"}}},{"Time":0.125,"poses":{"Left Leg":{"Weight":1,"CFrame":[-0.2928721010684967,0.3907615542411804,-0.022099614143371583,0.9577623009681702,-0.1434609293937683,0.24921992421150208,-0.008035421371459961,0.8529766201972961,0.5218876004219055,-0.2874491810798645,-0.5018466711044312,0.8157957792282105],"EasingStyle":"Linear","EasingDirection":"In"},"Right Arm":{"Weight":1,"CFrame":[-0.09281788021326065,0.5699055194854736,0.11980986595153809,-0.6344835758209229,0.48119500279426577,-0.6048818230628967,-0.6992249488830566,-0.6908562183380127,0.18385452032089234,-0.3294163644313812,0.5396009683609009,0.7748003005981445],"EasingStyle":"Linear","EasingDirection":"In"},"Head":{"Weight":1,"CFrame":[6.367918103933335e-8,-1.3475073501467705e-8,4.76837158203125e-7,0.9994122982025147,-0.015540845692157746,-0.03055577166378498,0.02030797302722931,0.9865013957023621,0.1624886840581894,0.027618106454610826,-0.163013756275177,0.9862371683120728],"EasingStyle":"Linear","EasingDirection":"In"},"Right Leg":{"Weight":1,"CFrame":[0.4018312096595764,0.2822115421295166,0.17902159690856934,0.809943675994873,0.4159643054008484,-0.41347894072532656,-0.3309735953807831,0.9061662554740906,0.26328542828559878,0.4841979742050171,-0.07639579474925995,0.8716168999671936],"EasingStyle":"Linear","EasingDirection":"In"},"Torso":{"Weight":1,"CFrame":[-0.06978827714920044,0.048355937004089358,-0.3433113098144531,0.9993008971214294,-0.00851598009467125,0.036403823643922809,0.006304220762103796,0.9981517195701599,0.0604449138045311,-0.03685128316283226,-0.0601731613278389,0.9975075125694275],"EasingStyle":"Linear","EasingDirection":"In"},"HumanoidRootPart":{"Weight":1,"CFrame":[0,0,0,1,0,0,0,1,0,0,0,1],"EasingStyle":"Linear","EasingDirection":"In"},"Left Arm":{"Weight":1,"CFrame":[0.04011913388967514,0.5166283845901489,0.042822837829589847,-0.7071468830108643,-0.4241098165512085,0.5657510161399841,0.6399381160736084,-0.7241736054420471,0.2570056915283203,0.3007033169269562,0.5437862277030945,0.7835010886192322],"EasingStyle":"Linear","EasingDirection":"In"}}},{"Time":0.1666666716337204,"poses":{"Left Leg":{"Weight":1,"CFrame":[-0.19986708462238313,0.3623920679092407,-0.05502057075500488,0.9693034291267395,-0.14784468710422517,0.19645076990127564,-0.00997051689773798,0.7747163772583008,0.632230281829834,-0.2456655353307724,-0.6147816181182861,0.7494611740112305],"EasingStyle":"Linear","EasingDirection":"In"},"Right Arm":{"Weight":1,"CFrame":[-0.09851919114589691,0.5352795124053955,0.10445356369018555,-0.7136607766151428,0.44665855169296267,-0.5396151542663574,-0.6386055946350098,-0.7314310073852539,0.23914799094200135,-0.2878737449645996,0.5152716636657715,0.8072322607040405],"EasingStyle":"Linear","EasingDirection":"In"},"Head":{"Weight":1,"CFrame":[1.0523945093154907e-7,2.0314473658800126e-8,-1.1920928955078126e-7,0.9938287734985352,-0.05802902579307556,-0.09453609585762024,0.07473815977573395,0.9800601601600647,0.18410953879356385,0.08196738362312317,-0.19003884494304658,0.9783489108085632],"EasingStyle":"Linear","EasingDirection":"In"},"Right Leg":{"Weight":1,"CFrame":[0.32018163800239565,0.1692916750907898,0.199715256690979,0.8177445530891419,0.365434855222702,-0.44469231367111208,-0.3424392640590668,0.9298730492591858,0.1344304382801056,0.4626329839229584,0.04235021770000458,0.8855379223823547],"EasingStyle":"Linear","EasingDirection":"In"},"Torso":{"Weight":1,"CFrame":[-0.11088064312934876,0.059218645095825198,-0.29879164695739748,0.9936527013778687,0.05506386235356331,0.09809406101703644,-0.0624627023935318,0.995298445224762,0.0740232989192009,-0.09355685859918595,-0.0796806663274765,0.9924203753471375],"EasingStyle":"Linear","EasingDirection":"In"},"HumanoidRootPart":{"Weight":1,"CFrame":[0,0,0,1,0,0,0,1,0,0,0,1],"EasingStyle":"Linear","EasingDirection":"In"},"Left Arm":{"Weight":1,"CFrame":[0.030538108199834825,0.523717999458313,0.01857137680053711,-0.7761423587799072,-0.31261909008026125,0.5476059913635254,0.5255234837532044,-0.800630509853363,0.2877776622772217,0.34846532344818118,0.5111362338066101,0.7856919765472412],"EasingStyle":"Linear","EasingDirection":"In"}}},{"Time":0.2083333283662796,"poses":{"Left Leg":{"Weight":1,"CFrame":[-0.17593693733215333,0.35680246353149416,-0.07452166080474854,0.967315137386322,-0.20783880352973939,0.14527402818202973,0.047419656068086627,0.7110546231269836,0.7015358805656433,-0.24910414218902589,-0.6717175841331482,0.6976695656776428],"EasingStyle":"Linear","EasingDirection":"In"},"Right Arm":{"Weight":1,"CFrame":[-0.10593084245920181,0.5195411443710327,0.08449041843414307,-0.7911272048950195,0.3936520516872406,-0.4681409001350403,-0.5589197278022766,-0.7761526703834534,0.29188328981399538,-0.24844835698604585,0.4925699532032013,0.8340553045272827],"EasingStyle":"Linear","EasingDirection":"In"},"Head":{"Weight":1,"CFrame":[1.0244548320770264e-7,1.3504177331924439e-8,1.1920928955078126e-7,0.9854094982147217,-0.08992251753807068,-0.14450599253177644,0.11703569442033768,0.974448561668396,0.19170990586280824,0.1235746294260025,-0.20582513511180879,0.9707550406455994],"EasingStyle":"Linear","EasingDirection":"In"},"Right Leg":{"Weight":1,"CFrame":[0.27425074577331545,0.09686750173568726,0.19600367546081544,0.8152900338172913,0.3580511808395386,-0.4550839364528656,-0.36572420597076418,0.9277198314666748,0.0747113823890686,0.44894111156463625,0.1055237427353859,0.8873087167739868],"EasingStyle":"Linear","EasingDirection":"In"},"Torso":{"Weight":1,"CFrame":[-0.10598039627075196,0.08363425731658936,-0.2891664505004883,0.9830824136734009,0.10783287137746811,0.1480574607849121,-0.12398120760917664,0.9867621064186096,0.10454285889863968,-0.13482433557510377,-0.12113058567047119,0.9834377765655518],"EasingStyle":"Linear","EasingDirection":"In"},"HumanoidRootPart":{"Weight":1,"CFrame":[0,0,0,1,0,0,0,1,0,0,0,1],"EasingStyle":"Linear","EasingDirection":"In"},"Left Arm":{"Weight":1,"CFrame":[0.025379084050655366,0.5375261306762695,0.00916755199432373,-0.8087606430053711,-0.2472057193517685,0.5336624979972839,0.4552335739135742,-0.8376299738883972,0.3018915057182312,0.37238243222236636,0.48709893226623537,0.7899783849716187],"EasingStyle":"Linear","EasingDirection":"In"}}},{"Time":0.25,"poses":{"Left Leg":{"Weight":1,"CFrame":[-0.26629161834716799,0.3609015941619873,-0.07329457998275757,0.9386248588562012,-0.3219204246997833,0.12389815598726273,0.13740170001983643,0.6783973574638367,0.7217326164245606,-0.3163926601409912,-0.6604121327400208,0.6809930205345154],"EasingStyle":"Linear","EasingDirection":"In"},"Right Arm":{"Weight":1,"CFrame":[-0.11334240436553955,0.5346390008926392,0.06452715396881104,-0.8452839851379395,0.3433804512023926,-0.40937143564224245,-0.48775574564933779,-0.8086915612220764,0.3288045823574066,-0.21815010905265809,0.4776064157485962,0.8510597348213196],"EasingStyle":"Linear","EasingDirection":"In"},"Head":{"Weight":1,"CFrame":[1.1548399925231934e-7,-3.725290298461914e-9,-4.172325134277344e-7,0.9796419143676758,-0.11292053759098053,-0.16598403453826905,0.1445205956697464,0.9705603122711182,0.19268284738063813,0.1393396407365799,-0.21274825930595399,0.967120885848999],"EasingStyle":"Linear","EasingDirection":"In"},"Right Leg":{"Weight":1,"CFrame":[0.288785845041275,0.09255021810531616,0.19410359859466554,0.8125131726264954,0.38004744052886965,-0.44202515482902529,-0.3843345046043396,0.919365406036377,0.08398980647325516,0.4383026957511902,0.1016426607966423,0.8930619359016419],"EasingStyle":"Linear","EasingDirection":"In"},"Torso":{"Weight":1,"CFrame":[-0.0605006217956543,0.10859081149101258,-0.311676025390625,0.974764883518219,0.14361771941184998,0.17090211808681489,-0.1676652431488037,0.976454496383667,0.1357385367155075,-0.1473837047815323,-0.16096749901771546,0.9758932590484619],"EasingStyle":"Linear","EasingDirection":"In"},"HumanoidRootPart":{"Weight":1,"CFrame":[0,0,0,1,0,0,0,1,0,0,0,1],"EasingStyle":"Linear","EasingDirection":"In"},"Left Arm":{"Weight":1,"CFrame":[0.030176423490047456,0.5892130136489868,0.014989256858825684,-0.7905962467193604,-0.2839373052120209,0.5425285696983337,0.49100130796432497,-0.8233610391616821,0.2845950424671173,0.3658898174762726,0.4913819134235382,0.7903596758842468],"EasingStyle":"Linear","EasingDirection":"In"}}},{"Time":0.2916666567325592,"poses":{"Left Leg":{"Weight":1,"CFrame":[-0.36264631152153017,0.38504648208618166,-0.04368937015533447,0.888927698135376,-0.41588595509529116,0.1919543445110321,0.17585480213165284,0.6968212723731995,0.6953526735305786,-0.4229453206062317,-0.5843621492385864,0.6925593018531799],"EasingStyle":"Linear","EasingDirection":"In"},"Right Arm":{"Weight":1,"CFrame":[-0.11904364824295044,0.5632071495056152,0.049170851707458499,-0.8652642965316773,0.32070040702819826,-0.3853166699409485,-0.4571796953678131,-0.8201380968093872,0.34403541684150698,-0.20568054914474488,0.47384047508239748,0.8562538623809815],"EasingStyle":"Linear","EasingDirection":"In"},"Head":{"Weight":1,"CFrame":[3.725290298461914e-8,-9.313225746154785e-9,1.1920928955078126e-7,0.9803942441940308,-0.12832669913768769,-0.1495305448770523,0.15634536743164063,0.968476414680481,0.19393198192119599,0.11993017047643662,-0.21350817382335664,0.9695520401000977],"EasingStyle":"Linear","EasingDirection":"In"},"Right Leg":{"Weight":1,"CFrame":[0.349592387676239,0.16204458475112916,0.1995525360107422,0.8084917068481445,0.40674132108688357,-0.42532649636268618,-0.3800274431705475,0.912665605545044,0.15040186047554017,0.44935548305511477,0.0400371216237545,0.8924554586410523],"EasingStyle":"Linear","EasingDirection":"In"},"Torso":{"Weight":1,"CFrame":[-0.0017827749252319337,0.12179020047187805,-0.3582615852355957,0.9751169681549072,0.15884073078632356,0.15464967489242555,-0.18237493932247163,0.9713718295097351,0.15223777294158936,-0.1260407567024231,-0.1766538769006729,0.9761697053909302],"EasingStyle":"Linear","EasingDirection":"In"},"HumanoidRootPart":{"Weight":1,"CFrame":[0,0,0,1,0,0,0,1,0,0,0,1],"EasingStyle":"Linear","EasingDirection":"In"},"Left Arm":{"Weight":1,"CFrame":[0.04073059558868408,0.6664389371871948,0.030591607093811036,-0.7402684092521668,-0.36236411333084109,0.5662994384765625,0.5729758143424988,-0.7806883454322815,0.2494484931230545,0.3517121970653534,0.5091345906257629,0.785544753074646],"EasingStyle":"Linear","EasingDirection":"In"}}},{"Time":0.3333333432674408,"poses":{"Left Leg":{"Weight":1,"CFrame":[-0.39869606494903567,0.45549476146698,0.01501917839050293,0.8322755098342896,-0.43552935123443606,0.34297481179237368,0.15262682735919953,0.7747962474822998,0.6135112643241882,-0.5329377055168152,-0.458263099193573,0.7113173007965088],"EasingStyle":"Linear","EasingDirection":"In"},"Right Arm":{"Weight":1,"CFrame":[-0.12132434546947479,0.5801553726196289,0.04302823543548584,-0.8074337840080261,0.32334020733833315,-0.4934590756893158,-0.5114701986312866,-0.8005165457725525,0.3123646378517151,-0.29402199387550356,0.5046032667160034,0.811742901802063],"EasingStyle":"Linear","EasingDirection":"In"},"Head":{"Weight":1,"CFrame":[1.1920928955078126e-7,-3.725290298461914e-9,-5.960464477539063e-8,0.9839929342269898,-0.1426313817501068,-0.10683770477771759,0.1579863727092743,0.9755676984786987,0.15266993641853333,0.08245190978050232,-0.1671050786972046,0.9824854135513306],"EasingStyle":"Linear","EasingDirection":"In"},"Right Leg":{"Weight":1,"CFrame":[0.40146952867507937,0.2966693043708801,0.1900104284286499,0.8056421875953674,0.4069472849369049,-0.43050509691238406,-0.32538101077079775,0.9112540483474731,0.2524747848510742,0.4950433373451233,-0.06332626193761826,0.8665574789047241],"EasingStyle":"Linear","EasingDirection":"In"},"Torso":{"Weight":1,"CFrame":[0.06101784110069275,0.10998073220252991,-0.41884899139404299,0.9831128120422363,0.1488875299692154,0.10640440136194229,-0.1628451943397522,0.9770271182060242,0.13747593760490418,-0.08349152654409409,-0.1524817943572998,0.9847733378410339],"EasingStyle":"Linear","EasingDirection":"In"},"HumanoidRootPart":{"Weight":1,"CFrame":[0,0,0,1,0,0,0,1,0,0,0,1],"EasingStyle":"Linear","EasingDirection":"In"},"Left Arm":{"Weight":1,"CFrame":[0.051284804940223697,0.7061847448348999,0.05318009853363037,-0.6768714189529419,-0.4357237219810486,0.5932873487472534,0.6540389060974121,-0.7258173227310181,0.21312512457370759,0.33775457739830019,0.5322912931442261,0.7762653231620789],"EasingStyle":"Linear","EasingDirection":"In"}}},{"Time":0.375,"poses":{"Left Leg":{"Weight":1,"CFrame":[-0.3615725040435791,0.5085776448249817,0.09788990020751953,0.7869057655334473,-0.37989938259124758,0.4862670600414276,0.13344107568264008,0.8741389513015747,0.46698471903800967,-0.6024722456932068,-0.3025849461555481,0.7385592460632324],"EasingStyle":"Linear","EasingDirection":"In"},"Right Arm":{"Weight":1,"CFrame":[-0.10705315321683884,0.5816398859024048,0.05839943885803223,-0.7325478792190552,0.4000592827796936,-0.550750732421875,-0.6108370423316956,-0.7433950901031494,0.27247411012649538,-0.30041947960853579,0.5360191464424133,0.7889432907104492],"EasingStyle":"Linear","EasingDirection":"In"},"Head":{"Weight":1,"CFrame":[7.636845111846924e-8,-4.0978193283081057e-8,-2.980232238769531e-7,0.9887279868125916,-0.14075694978237153,-0.05103401839733124,0.14423322677612306,0.9868903160095215,0.07241768389940262,0.04017168655991554,-0.07896220684051514,0.9960678815841675],"EasingStyle":"Linear","EasingDirection":"In"},"Right Leg":{"Weight":1,"CFrame":[0.41212189197540285,0.43238282203674319,0.13724875450134278,0.8091075420379639,0.38879847526550295,-0.44065937399864199,-0.22889292240142823,0.8991373181343079,0.3730417788028717,0.5412513613700867,-0.20096713304519654,0.8164920806884766],"EasingStyle":"Linear","EasingDirection":"In"},"Torso":{"Weight":1,"CFrame":[0.12633007764816285,0.08492006361484528,-0.46188831329345705,0.9925611019134522,0.11399602144956589,0.042750369757413867,-0.11796695739030838,0.9873276948928833,0.10615010559558869,-0.03010793775320053,-0.11040357500314713,0.9934307336807251],"EasingStyle":"Linear","EasingDirection":"In"},"HumanoidRootPart":{"Weight":1,"CFrame":[0,0,0,1,0,0,0,1,0,0,0,1],"EasingStyle":"Linear","EasingDirection":"In"},"Left Arm":{"Weight":1,"CFrame":[0.056082144379615787,0.6749382019042969,0.07995986938476563,-0.634928822517395,-0.46866440773010256,0.6141816973686218,0.6971035003662109,-0.6902391910552979,0.19395022094249726,0.3330346345901489,0.5512927174568176,0.7649603486061096],"EasingStyle":"Linear","EasingDirection":"In"}}},{"Time":0.4166666567325592,"poses":{"Left Leg":{"Weight":1,"CFrame":[-0.28027963638305666,0.42673420906066897,0.17571449279785157,0.7833453416824341,-0.29100891947746279,0.5492575168609619,0.14517419040203095,0.9448533058166504,0.2935585677623749,-0.6043959856033325,-0.15021969377994538,0.7823935747146606],"EasingStyle":"Linear","EasingDirection":"In"},"Right Arm":{"Weight":1,"CFrame":[-0.09278199076652527,0.5820057392120361,0.092215895652771,-0.6905049681663513,0.4447150230407715,-0.570466160774231,-0.6646878123283386,-0.7011846899986267,0.2579346001148224,-0.28529471158981326,0.5572869181632996,0.7797679305076599],"EasingStyle":"Linear","EasingDirection":"In"},"Head":{"Weight":1,"CFrame":[8.475035429000855e-8,-1.5832483768463136e-8,1.1920928955078126e-7,0.9948495626449585,-0.10119961202144623,0.005753334611654282,0.10098591446876526,0.9944419264793396,0.029784174636006357,-0.008735506795346737,-0.029049767181277276,0.9995397925376892],"EasingStyle":"Linear","EasingDirection":"In"},"Right Leg":{"Weight":1,"CFrame":[0.35104426741600039,0.4504812955856323,0.061469316482543948,0.8306140899658203,0.36249014735221865,-0.42270687222480776,-0.1300799399614334,0.8644116520881653,0.4856663942337036,0.5414420962333679,-0.34841564297676089,0.7651450634002686],"EasingStyle":"Linear","EasingDirection":"In"},"Torso":{"Weight":1,"CFrame":[0.19376832246780396,0.07116289436817169,-0.4132423400878906,0.9980571866035461,0.05957340821623802,-0.01824617199599743,-0.057726599276065829,0.9943615794181824,0.08895360678434372,0.02344256080687046,-0.08772749453783035,0.9958686828613281],"EasingStyle":"Linear","EasingDirection":"In"},"HumanoidRootPart":{"Weight":1,"CFrame":[0,0,0,1,0,0,0,1,0,0,0,1],"EasingStyle":"Linear","EasingDirection":"In"},"Left Arm":{"Weight":1,"CFrame":[0.054911911487579349,0.6061960458755493,0.10813701152801514,-0.6372520327568054,-0.45057162642478945,0.625216007232666,0.6860857009887695,-0.7011851072311401,0.19397380948066712,0.3509930670261383,0.5525619983673096,0.7559624314308167],"EasingStyle":"Linear","EasingDirection":"In"}}},{"Time":0.4583333432674408,"poses":{"Left Leg":{"Weight":1,"CFrame":[-0.2467627227306366,0.30311334133148196,0.20348548889160157,0.8082244992256165,-0.24204427003860475,0.536831259727478,0.17912209033966065,0.9694743752479553,0.1674358993768692,-0.5609710812568665,-0.03916750103235245,0.8269084095954895],"EasingStyle":"Linear","EasingDirection":"In"},"Right Arm":{"Weight":1,"CFrame":[-0.09370026737451554,0.5832076072692871,0.12603235244750977,-0.7020061612129211,0.37791571021080019,-0.6036283373832703,-0.6324136853218079,-0.7205471992492676,0.28436753153800967,-0.3274756669998169,0.58137047290802,0.7448275685310364],"EasingStyle":"Linear","EasingDirection":"In"},"Head":{"Weight":1,"CFrame":[4.6798959374427798e-8,-1.7695128917694093e-8,-2.384185791015625e-7,0.9975963234901428,-0.0381547249853611,0.0578436478972435,0.03556793928146362,0.9983487129211426,0.045109253376722339,-0.05946927145123482,-0.04294343665242195,0.9973059892654419],"EasingStyle":"Linear","EasingDirection":"In"},"Right Leg":{"Weight":1,"CFrame":[0.27959921956062319,0.40410852432250979,-0.009173989295959473,0.8673191666603088,0.35832929611206057,-0.34548166394233706,-0.0970388799905777,0.8024906516075134,0.5887208580970764,0.4882017970085144,-0.4770837426185608,0.730787456035614],"EasingStyle":"Linear","EasingDirection":"In"},"Torso":{"Weight":1,"CFrame":[0.2579108476638794,0.07932421565055847,-0.3538811206817627,0.9978886842727661,-0.00416546780616045,-0.06481423228979111,0.010593743063509465,0.9950156807899475,0.09915526956319809,0.06407813727855683,-0.09963255375623703,0.9929589629173279],"EasingStyle":"Linear","EasingDirection":"In"},"HumanoidRootPart":{"Weight":1,"CFrame":[0,0,0,1,0,0,0,1,0,0,0,1],"EasingStyle":"Linear","EasingDirection":"In"},"Left Arm":{"Weight":1,"CFrame":[0.05212133377790451,0.5374530553817749,0.13491714000701905,-0.6693981885910034,-0.3997545540332794,0.62618088722229,0.63338702917099,-0.7475852966308594,0.19984279572963715,0.38823556900024416,0.5303891897201538,0.7536314129829407],"EasingStyle":"Linear","EasingDirection":"In"}}},{"Time":0.5,"poses":{"Left Leg":{"Weight":1,"CFrame":[-0.24178248643875123,0.21092581748962403,0.19703352451324464,0.8379294872283936,-0.22353465855121613,0.49790218472480776,0.2056998461484909,0.9743505120277405,0.09126129746437073,-0.5055312514305115,0.025947891175746919,0.8624181151390076],"EasingStyle":"Linear","EasingDirection":"In"},"Right Arm":{"Weight":1,"CFrame":[-0.09572049975395203,0.5862569808959961,0.14140355587005616,-0.7269669771194458,0.24528907239437104,-0.6413676142692566,-0.5534307360649109,-0.76220703125,0.33579012751579287,-0.40648919343948367,0.5990608334541321,0.6898497343063355],"EasingStyle":"Linear","EasingDirection":"In"},"Head":{"Weight":1,"CFrame":[7.450580596923828e-9,-1.1175870895385743e-8,1.1920928955078126e-7,0.9943375587463379,0.023719625547528268,0.10358724743127823,-0.03161579743027687,0.9966623783111572,0.07526320964097977,-0.10145631432533264,-0.07811201363801956,0.9917687177658081],"EasingStyle":"Linear","EasingDirection":"In"},"Right Leg":{"Weight":1,"CFrame":[0.20191159844398499,0.3535609245300293,-0.06339699029922486,0.905401885509491,0.35829678177833559,-0.22775185108184815,-0.1277797669172287,0.7415472269058228,0.6586199402809143,0.40487009286880495,-0.5672135949134827,0.7171812057495117],"EasingStyle":"Linear","EasingDirection":"In"},"Torso":{"Weight":1,"CFrame":[0.30341488122940066,0.09599199891090393,-0.317018985748291,0.9929517507553101,-0.06726396083831787,-0.09758374094963074,0.07883183658123017,0.9896402955055237,0.11998997628688812,0.08850180357694626,-0.12683694064617158,0.9879676103591919],"EasingStyle":"Linear","EasingDirection":"In"},"HumanoidRootPart":{"Weight":1,"CFrame":[0,0,0,1,0,0,0,1,0,0,0,1],"EasingStyle":"Linear","EasingDirection":"In"},"Left Arm":{"Weight":1,"CFrame":[0.048790693283081058,0.506206750869751,0.15750527381896974,-0.719254195690155,-0.3303442895412445,0.611184298992157,0.5486974120140076,-0.8097153306007385,0.20806829631328584,0.4261510670185089,0.48500901460647585,0.763650119304657],"EasingStyle":"Linear","EasingDirection":"In"}}},{"Time":0.5416666865348816,"poses":{"Left Leg":{"Weight":1,"CFrame":[-0.2575411796569824,0.16839230060577393,0.18197500705718995,0.8636714816093445,-0.22130493819713593,0.4528748393058777,0.2186426818370819,0.9740196466445923,0.059000708162784579,-0.4541662633419037,0.0480605885386467,0.889619767665863],"EasingStyle":"Linear","EasingDirection":"In"},"Right Arm":{"Weight":1,"CFrame":[-0.09774066507816315,0.5919253826141357,0.11449074745178223,-0.7390258312225342,0.11217911541461945,-0.6642715334892273,-0.4699079394340515,-0.7923926711082459,0.38897374272346499,-0.48272907733917239,0.5996080636978149,0.6383124589920044],"EasingStyle":"Linear","EasingDirection":"In"},"Head":{"Weight":1,"CFrame":[1.2293457984924317e-7,-4.0978193283081057e-8,-5.960464477539063e-8,0.9872579574584961,0.0752381905913353,0.14021801948547364,-0.09013702720403671,0.9905763864517212,0.10312028974294663,-0.13113808631896974,-0.11444514989852905,0.9847360849380493],"EasingStyle":"Linear","EasingDirection":"In"},"Right Leg":{"Weight":1,"CFrame":[0.16071830689907075,0.3267975449562073,-0.08845555782318115,0.91826331615448,0.37672701478004458,-0.12193996459245682,-0.197877898812294,0.7033244371414185,0.6827731728553772,0.34298253059387209,-0.6028363108634949,0.720382809638977],"EasingStyle":"Linear","EasingDirection":"In"},"Torso":{"Weight":1,"CFrame":[0.31418442726135256,0.11192518472671509,-0.307159423828125,0.9855288863182068,-0.12156849354505539,-0.11812686920166016,0.13772247731685639,0.9805400967597961,0.13990646600723267,0.09881989657878876,-0.1541506052017212,0.98309326171875],"EasingStyle":"Linear","EasingDirection":"In"},"HumanoidRootPart":{"Weight":1,"CFrame":[0,0,0,1,0,0,0,1,0,0,0,1],"EasingStyle":"Linear","EasingDirection":"In"},"Left Arm":{"Weight":1,"CFrame":[0.04600010812282562,0.5096908807754517,0.17310774326324464,-0.7622414231300354,-0.2670406103134155,0.5896416902542114,0.4656851887702942,-0.858934223651886,0.2130011022090912,0.4495834708213806,0.43694552779197695,0.779072105884552],"EasingStyle":"Linear","EasingDirection":"In"}}},{"Time":0.5833333134651184,"poses":{"Left Leg":{"Weight":1,"CFrame":[-0.286395788192749,0.17895174026489259,0.17042672634124757,0.8824265003204346,-0.21763330698013307,0.4170841872692108,0.20970195531845094,0.9755766987800598,0.06538573652505875,-0.4211277961730957,0.029765263199806215,0.9065127968788147],"EasingStyle":"Linear","EasingDirection":"In"},"Right Arm":{"Weight":1,"CFrame":[-0.09865900874137879,0.60042405128479,0.08757805824279785,-0.739980161190033,0.05190376192331314,-0.6706231236457825,-0.43107128143310549,-0.8019506931304932,0.4135854244232178,-0.5163399577140808,0.5951312780380249,0.6158016324043274],"EasingStyle":"Linear","EasingDirection":"In"},"Head":{"Weight":1,"CFrame":[1.4156103134155274e-7,-1.6763806343078614e-8,-1.7881393432617188e-7,0.9809560179710388,0.11193691939115524,0.15873050689697267,-0.13075435161590577,0.984894871711731,0.11351420730352402,-0.143626406788826,-0.13210716843605042,0.9807748794555664],"EasingStyle":"Linear","EasingDirection":"In"},"Right Leg":{"Weight":1,"CFrame":[0.25237947702407839,0.3057960271835327,-0.06792658567428589,0.8822458982467651,0.4621894955635071,-0.08957251161336899,-0.286150723695755,0.6775257587432861,0.6775518655776978,0.3738451302051544,-0.5721361041069031,0.7300001978874207],"EasingStyle":"Linear","EasingDirection":"In"},"Torso":{"Weight":1,"CFrame":[0.2803034782409668,0.11815112829208374,-0.32292771339416506,0.9789470434188843,-0.16021017730236054,-0.12647300958633424,0.17828966677188874,0.9728313088417053,0.1476888656616211,0.0993756502866745,-0.16712839901447297,0.9809142351150513],"EasingStyle":"Linear","EasingDirection":"In"},"HumanoidRootPart":{"Weight":1,"CFrame":[0,0,0,1,0,0,0,1,0,0,0,1],"EasingStyle":"Linear","EasingDirection":"In"},"Left Arm":{"Weight":1,"CFrame":[0.04482989013195038,0.513330340385437,0.17892956733703614,-0.7793894410133362,-0.23965290188789369,0.5788941979408264,0.42888838052749636,-0.8776168823242188,0.21411119401454926,0.45673495531082156,0.41515693068504336,0.7867896556854248],"EasingStyle":"Linear","EasingDirection":"In"}}},{"Time":0.625,"poses":{"Left Leg":{"Weight":1,"CFrame":[-0.329399436712265,0.24017298221588136,0.1576164960861206,0.8987710475921631,-0.2053239941596985,0.3873663544654846,0.1781175136566162,0.9783579111099243,0.10530970245599747,-0.4006054997444153,-0.025652600452303888,0.9158914685249329],"EasingStyle":"Linear","EasingDirection":"In"},"Right Arm":{"Weight":1,"CFrame":[-0.09738993644714356,0.6097151041030884,0.0935741662979126,-0.7202858328819275,0.11897043883800507,-0.6833990812301636,-0.481384813785553,-0.7950723171234131,0.3689565360546112,-0.4994567632675171,0.5947319269180298,0.6299498081207275],"EasingStyle":"Linear","EasingDirection":"In"},"Head":{"Weight":1,"CFrame":[1.0058283805847168e-7,-1.210719347000122e-7,-2.384185791015625e-7,0.9800782799720764,0.13032695651054383,0.14987167716026307,-0.14592811465263368,0.9844031929969788,0.0982617512345314,-0.13472801446914674,-0.118174709379673,0.9838106036186218],"EasingStyle":"Linear","EasingDirection":"In"},"Right Leg":{"Weight":1,"CFrame":[0.39544478058815,0.3042563199996948,-0.024621665477752687,0.823444664478302,0.5517944097518921,-0.13214349746704102,-0.34162527322769167,0.6681056022644043,0.6610046029090881,0.4530245065689087,-0.4991571307182312,0.7386549115180969],"EasingStyle":"Linear","EasingDirection":"In"},"Torso":{"Weight":1,"CFrame":[0.2123267650604248,0.10961994528770447,-0.3636341094970703,0.9767652153968811,-0.17634020745754243,-0.12179423868656159,0.19250823557376862,0.9716814160346985,0.1370249092578888,0.09418220072984696,-0.15728755295276643,0.983051598072052],"EasingStyle":"Linear","EasingDirection":"In"},"HumanoidRootPart":{"Weight":1,"CFrame":[0,0,0,1,0,0,0,1,0,0,0,1],"EasingStyle":"Linear","EasingDirection":"In"},"Left Arm":{"Weight":1,"CFrame":[0.044899895787239078,0.5135498046875,0.16952550411224366,-0.7670958638191223,-0.2792487144470215,0.5775673985481262,0.4745965301990509,-0.8527735471725464,0.21802672743797303,0.4316505491733551,0.44135865569114687,0.7866894006729126],"EasingStyle":"Linear","EasingDirection":"In"}}},{"Time":0.6666666865348816,"poses":{"Left Leg":{"Weight":1,"CFrame":[-0.37913137674331667,0.34030985832214358,0.12497270107269287,0.9138768911361694,-0.1932375282049179,0.35705500841140749,0.1331954449415207,0.973491370677948,0.18593989312648774,-0.38352054357528689,-0.12236805260181427,0.9153896570205689],"EasingStyle":"Linear","EasingDirection":"In"},"Right Arm":{"Weight":1,"CFrame":[-0.09459825605154038,0.617196798324585,0.10676562786102295,-0.666760265827179,0.265980064868927,-0.696193516254425,-0.586527943611145,-0.7636007070541382,0.2699982821941376,-0.4597996175289154,0.5883610248565674,0.6651433110237122],"EasingStyle":"Linear","EasingDirection":"In"},"Head":{"Weight":1,"CFrame":[2.7939677238464357e-8,4.889443516731262e-9,-5.960464477539063e-8,0.9855685830116272,0.12259305268526077,0.11672850698232651,-0.13146254420280457,0.9887348413467407,0.07156222313642502,-0.10664051026105881,-0.08587493747472763,0.9905823469161987],"EasingStyle":"Linear","EasingDirection":"In"},"Right Leg":{"Weight":1,"CFrame":[0.5206566452980042,0.34084993600845339,0.019360780715942384,0.7758440971374512,0.5978972315788269,-0.2014567255973816,-0.36945226788520815,0.6893649697303772,0.623121976852417,0.5114402174949646,-0.409016877412796,0.7557342648506165],"EasingStyle":"Linear","EasingDirection":"In"},"Torso":{"Weight":1,"CFrame":[0.12588748335838319,0.09227299690246582,-0.4230504035949707,0.9810430407524109,-0.1640898883342743,-0.10309721529483795,0.17564734816551209,0.9776729941368103,0.11534122377634049,0.08186902850866318,-0.13126344978809358,0.9879612922668457],"EasingStyle":"Linear","EasingDirection":"In"},"HumanoidRootPart":{"Weight":1,"CFrame":[0,0,0,1,0,0,0,1,0,0,0,1],"EasingStyle":"Linear","EasingDirection":"In"},"Left Arm":{"Weight":1,"CFrame":[0.045054078102111819,0.513630747795105,0.14527416229248048,-0.7325321435928345,-0.36406150460243227,0.5752008557319641,0.5704293251037598,-0.7894079685211182,0.22681623697280885,0.37149301171302798,0.49426141381263735,0.785938024520874],"EasingStyle":"Linear","EasingDirection":"In"}}},{"Time":0.7083333134651184,"poses":{"Left Leg":{"Weight":1,"CFrame":[-0.4042986333370209,0.4261866807937622,0.06688594818115235,0.9279031753540039,-0.18093103170394898,0.3259749412536621,0.07992605865001679,0.9505568146705627,0.3000892102718353,-0.3641531467437744,-0.2523998022079468,0.8964858651161194],"EasingStyle":"Linear","EasingDirection":"In"},"Right Arm":{"Weight":1,"CFrame":[-0.09180638939142227,0.6202691793441773,0.1199566125869751,-0.6033904552459717,0.4102199673652649,-0.6838417053222656,-0.6819549202919006,-0.7099397778511047,0.17585009336471559,-0.41334912180900576,0.5724554657936096,0.7081224322319031],"EasingStyle":"Linear","EasingDirection":"In"},"Head":{"Weight":1,"CFrame":[8.568167686462403e-8,-1.3504177331924439e-8,4.76837158203125e-7,0.993630588054657,0.0887063518166542,0.06949461996555329,-0.09233570098876953,0.9944274425506592,0.050874825567007068,-0.06459444761276245,-0.05696763098239899,0.9962842464447022],"EasingStyle":"Linear","EasingDirection":"In"},"Right Leg":{"Weight":1,"CFrame":[0.572169303894043,0.39077043533325198,0.06857442855834961,0.7594836354255676,0.5858779549598694,-0.2827216386795044,-0.3764606714248657,0.7502731084823608,0.543477475643158,0.5305299162864685,-0.3063286542892456,0.79038006067276],"EasingStyle":"Linear","EasingDirection":"In"},"Torso":{"Weight":1,"CFrame":[0.03580582141876221,0.0723949670791626,-0.46190881729125979,0.9893625378608704,-0.12729862332344056,-0.07040496170520783,0.13342392444610597,0.9869189262390137,0.09049369394779206,0.0579642690718174,-0.09892477095127106,0.9934053421020508],"EasingStyle":"Linear","EasingDirection":"In"},"HumanoidRootPart":{"Weight":1,"CFrame":[0,0,0,1,0,0,0,1,0,0,0,1],"EasingStyle":"Linear","EasingDirection":"In"},"Left Arm":{"Weight":1,"CFrame":[0.04520811140537262,0.5136429071426392,0.11211347579956055,-0.6881808042526245,-0.4442383050918579,0.5736371278762817,0.6580836772918701,-0.7151037454605103,0.2356962263584137,0.30550482869148257,0.5397026538848877,0.7844665050506592],"EasingStyle":"Linear","EasingDirection":"In"}}},{"Time":0.75,"poses":{"Left Leg":{"Weight":1,"CFrame":[-0.3544011116027832,0.4197012186050415,0.012135028839111328,0.9446963667869568,-0.15131917595863343,0.2909490466117859,0.01692117750644684,0.908494234085083,0.4175548255443573,-0.32750970125198367,-0.3895391821861267,0.8608116507530212],"EasingStyle":"Linear","EasingDirection":"In"},"Right Arm":{"Weight":1,"CFrame":[-0.09053744375705719,0.6045297384262085,0.1259526014328003,-0.5843942165374756,0.48292046785354617,-0.6521281599998474,-0.7221449613571167,-0.6760500073432922,0.14650331437587739,-0.37012168765068056,0.556546688079834,0.7438183426856995],"EasingStyle":"Linear","EasingDirection":"In"},"Head":{"Weight":1,"CFrame":[8.940696716308594e-8,1.257285475730896e-8,-1.1920928955078126e-7,0.9992418885231018,0.035635072737932208,0.01568078063428402,-0.036433007568120959,0.997879147529602,0.05394414812326431,-0.013725223019719124,-0.05447457730770111,0.9984208345413208],"EasingStyle":"Linear","EasingDirection":"In"},"Right Leg":{"Weight":1,"CFrame":[0.510655403137207,0.3667355179786682,0.1346449851989746,0.7829726934432983,0.5091190934181213,-0.3574235439300537,-0.3622312545776367,0.8402746319770813,0.40339457988739016,0.5057097673416138,-0.18637694418430329,0.8423309326171875],"EasingStyle":"Linear","EasingDirection":"In"},"Torso":{"Weight":1,"CFrame":[-0.04286159947514534,0.05578796565532684,-0.4125685691833496,0.9970779418945313,-0.07270428538322449,-0.02344490960240364,0.07417818903923035,0.9948038458824158,0.06973495334386826,0.018253054469823839,-0.07127028703689575,0.9972900748252869],"EasingStyle":"Linear","EasingDirection":"In"},"HumanoidRootPart":{"Weight":1,"CFrame":[0,0,0,1,0,0,0,1,0,0,0,1],"EasingStyle":"Linear","EasingDirection":"In"},"Left Arm":{"Weight":1,"CFrame":[0.04527819901704788,0.5140154361724854,0.07598352432250977,-0.6650480031967163,-0.4786992371082306,0.5732000470161438,0.694733738899231,-0.6781469583511353,0.2397119253873825,0.273963987827301,0.5576412677764893,0.7835686206817627],"EasingStyle":"Linear","EasingDirection":"In"}}},{"Time":0.7916666865348816,"poses":{"Left Leg":{"Weight":1,"CFrame":[-0.26638078689575198,0.38466739654541018,-0.028110384941101075,0.9601030349731445,-0.1276227980852127,0.2488265484571457,-0.025930825620889665,0.8453261256217957,0.5336212515830994,-0.27844175696372988,-0.518783450126648,0.8082906603813171],"EasingStyle":"Linear","EasingDirection":"In"},"Right Arm":{"Weight":1,"CFrame":[-0.09281788021326065,0.5699054002761841,0.11980986595153809,-0.6344835758209229,0.48119500279426577,-0.6048818230628967,-0.6992249488830566,-0.6908562183380127,0.18385452032089234,-0.3294163644313812,0.5396009683609009,0.7748003005981445],"EasingStyle":"Linear","EasingDirection":"In"},"Head":{"Weight":1,"CFrame":[8.603092283010483e-8,-1.57160684466362e-8,4.76837158203125e-7,0.9988835453987122,-0.02017531730234623,-0.04271676018834114,0.023968452587723733,0.9956322312355042,0.0902336835861206,0.04070970043540001,-0.09115681797266007,0.9950041174888611],"EasingStyle":"Linear","EasingDirection"