{"Sequence":[{"Time":0,"poses":{"Left Leg":{"Weight":1,"CFrame":[-0.4467087984085083,0.06223243474960327,-0.0034812092781066896,0.9658831357955933,-0.25893452763557436,-0.004767199978232384,0.2589731216430664,0.9655830264091492,0.024132484570145608,-0.0016456358134746552,-0.024543702602386476,0.9996973872184753],"EasingStyle":"Linear","EasingDirection":"In"},"Right Arm":{"Weight":1,"CFrame":[0.058182355016469958,-0.2145804464817047,-0.10105377435684204,0.928718626499176,-0.3700692057609558,-0.02303457260131836,0.370457261800766,0.9287174940109253,0.015660492703318597,0.015597114339470864,-0.02307765744626522,0.9996119737625122],"EasingStyle":"Linear","EasingDirection":"In"},"Head":{"Weight":1,"CFrame":[8.742276236262114e-8,0,0,1,-6.357302595461079e-8,8.742277657347586e-8,6.357302595461079e-8,1,0,-8.742277657347586e-8,-2.0850114102149814e-15,1],"EasingStyle":"Linear","EasingDirection":"In"},"Right Leg":{"Weight":1,"CFrame":[0.43504834175109866,0.05817371606826782,-0.002967357635498047,0.9676183462142944,0.25238242745399477,0.004230087623000145,-0.2524145245552063,0.9673823118209839,0.021410902962088586,0.0013116878690198064,-0.021785343065857889,0.9997618794441223],"EasingStyle":"Linear","EasingDirection":"In"},"Torso":{"Weight":1,"CFrame":[0,0,-0.10978960990905762,1,0,-8.742277657347586e-8,0,1,0,8.742277657347586e-8,0,1],"EasingStyle":"Linear","EasingDirection":"In"},"HumanoidRootPart":{"Weight":1,"CFrame":[0,0,0,1,0,0,0,1,0,0,0,1],"EasingStyle":"Linear","EasingDirection":"In"},"Left Arm":{"Weight":1,"CFrame":[-0.01745736226439476,-0.11821731925010681,-0.09972649812698364,0.9179517030715942,0.3892516791820526,-0.07647136598825455,-0.3890143930912018,0.9210441708564758,0.018587714061141015,0.07766877114772797,0.012685737572610379,0.9968985319137573],"EasingStyle":"Linear","EasingDirection":"In"}}},{"Time":0.01666666753590107,"poses":{"Left Leg":{"Weight":1,"CFrame":[-0.450943261384964,0.06326544284820557,-0.0009166598320007324,0.9645726680755615,-0.2638159692287445,0.0009313434711657465,0.2637237310409546,0.9643176794052124,0.023266388103365899,-0.007036188151687384,-0.022196516394615175,0.9997289180755615],"EasingStyle":"Linear","EasingDirection":"In"},"Right Arm":{"Weight":1,"CFrame":[0.058040421456098559,-0.21424460411071778,-0.10105365514755249,0.9289336204528809,-0.3693085312843323,-0.026333125308156015,0.36987361311912539,0.928838849067688,0.021259639412164689,0.01660783775150776,-0.029488718137145044,0.9994271397590637],"EasingStyle":"Linear","EasingDirection":"In"},"Head":{"Weight":1,"CFrame":[8.772894943831489e-8,4.665707820095122e-10,0,0.9999562501907349,-0.008505303412675858,0.0039027396123856308,0.008497213944792748,0.9999617338180542,0.002084670588374138,-0.003920320887118578,-0.0020514167845249178,0.9999902844429016],"EasingStyle":"Linear","EasingDirection":"In"},"Right Leg":{"Weight":1,"CFrame":[0.4722585678100586,0.06813520193099976,-0.004346787929534912,0.9630864858627319,0.26888933777809145,0.012768053449690342,-0.2691192030906677,0.962847113609314,0.0223705917596817,-0.006278407294303179,-0.024980992078781129,0.9996681809425354],"EasingStyle":"Linear","EasingDirection":"In"},"Torso":{"Weight":1,"CFrame":[-0.0006568060489371419,-0.0008255995344370604,-0.11386895179748535,0.9999836087226868,0.0056852190755307678,-0.0008210950181819499,-0.005686065647751093,0.9999833106994629,-0.0010319991270080209,0.0008152141817845404,0.0010366507340222598,0.9999992251396179],"EasingStyle":"Linear","EasingDirection":"In"},"HumanoidRootPart":{"Weight":1,"CFrame":[0,0,0,1,0,0,0,1,0,0,0,1],"EasingStyle":"Linear","EasingDirection":"In"},"Left Arm":{"Weight":1,"CFrame":[-0.01745736226439476,-0.12089985609054566,-0.09972643852233887,0.9179517030715942,0.3892516493797302,-0.07647138833999634,-0.38901442289352419,0.9210441708564758,0.018587691709399225,0.07766878604888916,0.012685711495578289,0.9968985319137573],"EasingStyle":"Linear","EasingDirection":"In"}}},{"Time":0.03333333507180214,"poses":{"Left Leg":{"Weight":1,"CFrame":[-0.5356882810592651,0.08822810649871826,0.007233858108520508,0.9471848607063294,-0.32025229930877688,0.01671844907104969,0.31987860798835757,0.9472106695175171,0.021670667454600335,-0.022776007652282716,-0.015178215689957142,0.9996253848075867],"EasingStyle":"Linear","EasingDirection":"In"},"Right Arm":{"Weight":1,"CFrame":[0.05762798339128494,-0.2132684886455536,-0.10105335712432862,0.929500937461853,-0.3670540750026703,-0.036047447472810748,0.3682820796966553,0.9289781451225281,0.03698516637086868,0.01991167664527893,-0.047653451561927798,0.9986655116081238],"EasingStyle":"Linear","EasingDirection":"In"},"Head":{"Weight":1,"CFrame":[8.715142030268908e-8,-1.4988472685217858e-9,2.384185791015625e-7,0.9994028210639954,-0.031405556946992877,0.014413760975003243,0.03129464015364647,0.999479353427887,0.00785763282328844,-0.01465302798897028,-0.007401866372674704,0.9998653531074524],"EasingStyle":"Linear","EasingDirection":"In"},"Right Leg":{"Weight":1,"CFrame":[0.6235336065292358,0.12059664726257324,-0.013736605644226075,0.938583254814148,0.3431856632232666,0.03584858030080795,-0.3441607654094696,0.9385567903518677,0.025782164186239244,-0.024797804653644563,-0.036536410450935367,0.9990246295928955],"EasingStyle":"Linear","EasingDirection":"In"},"Torso":{"Weight":1,"CFrame":[-0.002443889621645212,-0.0031938301399350168,-0.17014288902282716,0.9997689723968506,0.021276084706187249,-0.0030549494549632074,-0.021288208663463594,0.9997653961181641,-0.003992286045104265,0.002969292690977454,0.004056398291140795,0.9999873638153076],"EasingStyle":"Linear","EasingDirection":"In"},"HumanoidRootPart":{"Weight":1,"CFrame":[0,0,0,1,0,0,0,1,0,0,0,1],"EasingStyle":"Linear","EasingDirection":"In"},"Left Arm":{"Weight":1,"CFrame":[-0.01745735853910446,-0.12096023559570313,-0.09972649812698364,0.9179517030715942,0.389251708984375,-0.07647146284580231,-0.38901445269584658,0.921044111251831,0.018587609753012658,0.07766884565353394,0.012685908004641533,0.9968985915184021],"EasingStyle":"Linear","EasingDirection":"In"}}},{"Time":0.05000000074505806,"poses":{"Left Leg":{"Weight":1,"CFrame":[-0.5275039076805115,0.08641761541366577,0.0200808048248291,0.9449504613876343,-0.3247480094432831,0.040091224014759067,0.32426539063453677,0.9457913637161255,0.018188806250691415,-0.04382474720478058,-0.004187342710793018,0.9990304708480835],"EasingStyle":"Linear","EasingDirection":"In"},"Right Arm":{"Weight":1,"CFrame":[0.056965067982673648,-0.21170035004615785,-0.10105234384536743,0.9302638173103333,-0.3632050156593323,-0.05187873914837837,0.36597371101379397,0.9286086559295654,0.06123283877968788,0.025934934616088868,-0.07594899088144303,0.9967743754386902],"EasingStyle":"Linear","EasingDirection":"In"},"Head":{"Weight":1,"CFrame":[8.579809218645096e-8,-3.026798367500305e-9,-5.960464477539063e-7,0.9974585771560669,-0.06477466225624085,0.029676802456378938,0.06429969519376755,0.9977911114692688,0.016689883545041086,-0.03069233149290085,-0.014739260077476502,0.9994202852249146],"EasingStyle":"Linear","EasingDirection":"In"},"Right Leg":{"Weight":1,"CFrame":[0.706432580947876,0.16196268796920777,-0.029782891273498536,0.9265350103378296,0.36961764097213747,0.07011224329471588,-0.3723275661468506,0.9276122450828552,0.0301311407238245,-0.05389990285038948,-0.054022349417209628,0.9970839619636536],"EasingStyle":"Linear","EasingDirection":"In"},"Torso":{"Weight":1,"CFrame":[-0.005109736695885658,-0.006929680705070496,-0.17425775527954102,0.9989859461784363,0.0445675253868103,-0.006387260276824236,-0.044622037559747699,0.99896639585495,-0.00866210088133812,0.0059946090914309029,0.008938328363001347,0.9999421834945679],"EasingStyle":"Linear","EasingDirection":"In"},"HumanoidRootPart":{"Weight":1,"CFrame":[0,0,0,1,0,0,0,1,0,0,0,1],"EasingStyle":"Linear","EasingDirection":"In"},"Left Arm":{"Weight":1,"CFrame":[-0.01745736598968506,-0.11821791529655457,-0.09972649812698364,0.9179517030715942,0.38925158977508547,-0.07647139579057694,-0.3890143632888794,0.9210441708564758,0.01858770102262497,0.07766880095005036,0.012685807421803475,0.9968985915184021],"EasingStyle":"Linear","EasingDirection":"In"}}},{"Time":0.06666667014360428,"poses":{"Left Leg":{"Weight":1,"CFrame":[-0.509273886680603,0.08200770616531372,0.035317420959472659,0.9432201385498047,-0.32492268085479739,0.0690007358789444,0.32474836707115176,0.9456962943077087,0.014042176306247712,-0.06981640309095383,0.009162995964288712,0.9975178241729736],"EasingStyle":"Linear","EasingDirection":"In"},"Right Arm":{"Weight":1,"CFrame":[0.05607171356678009,-0.20958605408668519,-0.10105031728744507,0.9310069680213928,-0.3575253486633301,-0.07349535077810288,0.3633090555667877,0.9270774126052856,0.09237981587648392,0.03510769456624985,-0.11270784586668015,0.9930077791213989],"EasingStyle":"Linear","EasingDirection":"In"},"Head":{"Weight":1,"CFrame":[8.824281394481659e-8,-5.122274160385132e-9,1.1920928955078126e-7,0.9933645129203796,-0.10459433495998383,0.04782318323850632,0.10334507375955582,0.9942543506622315,0.02789538912475109,-0.05046611279249191,-0.02276800014078617,0.9984662532806397],"EasingStyle":"Linear","EasingDirection":"In"},"Right Leg":{"Weight":1,"CFrame":[0.7867635488510132,0.21486371755599976,-0.054945945739746097,0.9144467115402222,0.3889872133731842,0.11169708520174027,-0.39491716027259829,0.9180050492286682,0.03615601360797882,-0.08847417682409287,-0.0771738588809967,0.9930843710899353],"EasingStyle":"Linear","EasingDirection":"In"},"Torso":{"Weight":1,"CFrame":[-0.008414074778556824,-0.011856622993946076,-0.1742088794708252,0.9972526431083679,0.07332485169172287,-0.010517684742808342,-0.07347631454467774,0.9971868395805359,-0.014820773154497147,0.00940136518329382,0.015552854165434838,0.9998349547386169],"EasingStyle":"Linear","EasingDirection":"In"},"HumanoidRootPart":{"Weight":1,"CFrame":[0,0,0,1,0,0,0,1,0,0,0,1],"EasingStyle":"Linear","EasingDirection":"In"},"Left Arm":{"Weight":1,"CFrame":[-0.03243742883205414,-0.10588535666465759,-0.09631866216659546,0.8974744081497192,0.4351268708705902,-0.07214178889989853,-0.4338270127773285,0.9003685712814331,0.03362605720758438,0.07958577573299408,0.0011184198083356023,0.9968274235725403],"EasingStyle":"Linear","EasingDirection":"In"}}},{"Time":0.0833333358168602,"poses":{"Left Leg":{"Weight":1,"CFrame":[-0.48801589012145998,0.07754319906234741,0.051500678062438968,0.9407280087471008,-0.3237059712409973,0.10121899098157883,0.3244253396987915,0.945861279964447,0.00973057933151722,-0.09888900071382523,0.02368418499827385,0.9948165416717529],"EasingStyle":"Linear","EasingDirection":"In"},"Right Arm":{"Weight":1,"CFrame":[0.0549679771065712,-0.20697462558746339,-0.10104703903198242,0.9314495921134949,-0.34970688819885256,-0.10053287446498871,0.36071231961250307,0.9237464070320129,0.12876084446907044,0.04783828929066658,-0.15619774162769319,0.9865667223930359],"EasingStyle":"Linear","EasingDirection":"In"},"Head":{"Weight":1,"CFrame":[7.962808012962341e-8,-7.450580596923828e-9,-1.1920928955078126e-7,0.9869001507759094,-0.1467343419790268,0.06706196069717407,0.14424608647823335,0.988709568977356,0.04057717323303223,-0.07225887477397919,-0.030372193083167077,0.9969233870506287],"EasingStyle":"Linear","EasingDirection":"In"},"Right Leg":{"Weight":1,"CFrame":[0.8581466674804688,0.2797486186027527,-0.08854866027832031,0.9031306505203247,0.399705171585083,0.15681418776512147,-0.4106955826282501,0.9107116460800171,0.043972570449113849,-0.1252364069223404,-0.10411583632230759,0.9866487383842468],"EasingStyle":"Linear","EasingDirection":"In"},"Torso":{"Weight":1,"CFrame":[-0.012107215821743012,-0.017811443656682969,-0.1739213466644287,0.9943276643753052,0.1052778959274292,-0.015134109184145928,-0.10559894889593125,0.9941596388816834,-0.022264299914240838,0.012701778672635556,0.02373615838587284,0.9996376633644104],"EasingStyle":"Linear","EasingDirection":"In"},"HumanoidRootPart":{"Weight":1,"CFrame":[0,0,0,1,0,0,0,1,0,0,0,1],"EasingStyle":"Linear","EasingDirection":"In"},"Left Arm":{"Weight":1,"CFrame":[-0.0727255716919899,-0.10159033536911011,-0.08715355396270752,0.83383709192276,0.5490096211433411,-0.057482652366161349,-0.545062780380249,0.8353354930877686,0.07156315445899964,0.08730614185333252,-0.028340375050902368,0.9957783818244934],"EasingStyle":"Linear","EasingDirection":"In"}}},{"Time":0.10000000149011612,"poses":{"Left Leg":{"Weight":1,"CFrame":[-0.4650484323501587,0.07358986139297486,0.06728291511535645,0.9375913739204407,-0.3206859230995178,0.13447357714176179,0.3228953778743744,0.9464178681373596,0.005643533077090979,-0.12907801568508149,0.038129594177007678,0.9909011721611023],"EasingStyle":"Linear","EasingDirection":"In"},"Right Arm":{"Weight":1,"CFrame":[0.053673889487981799,-0.20391255617141725,-0.10104191303253174,0.9312393069267273,-0.33942854404449465,-0.132595032453537,0.3586564064025879,0.9181069135665894,0.16865742206573487,0.0644892081618309,-0.20461654663085938,0.9767155051231384],"EasingStyle":"Linear","EasingDirection":"In"},"Head":{"Weight":1,"CFrame":[8.102506399154663e-8,-6.984919309616089e-9,-2.384185791015625e-7,0.9786027669906616,-0.18703079223632813,0.08576800674200058,0.1829220950603485,0.9816672205924988,0.05356272682547569,-0.09421350806951523,-0.03672775998711586,0.9948743581771851],"EasingStyle":"Linear","EasingDirection":"In"},"Right Leg":{"Weight":1,"CFrame":[0.9130093455314636,0.35364603996276858,-0.1276026964187622,0.8942322731018066,0.3995751738548279,0.2017139345407486,-0.41740643978118899,0.9071455597877502,0.05346927046775818,-0.16161878407001496,-0.13201068341732026,0.9779840111732483],"EasingStyle":"Linear","EasingDirection":"In"},"Torso":{"Weight":1,"CFrame":[-0.015915025025606157,-0.024655714631080629,-0.17333316802978517,0.9902129173278809,0.13813991844654084,-0.019893871620297433,-0.1387089639902115,0.9898535013198853,-0.03081963211297989,0.015434598550200463,0.03327745571732521,0.9993269443511963],"EasingStyle":"Linear","EasingDirection":"In"},"HumanoidRootPart":{"Weight":1,"CFrame":[0,0,0,1,0,0,0,1,0,0,0,1],"EasingStyle":"Linear","EasingDirection":"In"},"Left Arm":{"Weight":1,"CFrame":[-0.1313437521457672,-0.09914055466651917,-0.0738183856010437,0.7232375144958496,0.689965009689331,-0.02959708869457245,-0.6826967597007752,0.7207692861557007,0.12006958574056626,0.10417647659778595,-0.06663309037685394,0.9923242926597595],"EasingStyle":"Linear","EasingDirection":"In"}}},{"Time":0.11666666716337204,"poses":{"Left Leg":{"Weight":1,"CFrame":[-0.44183099269866946,0.07068812847137451,0.08152937889099121,0.9341771006584168,-0.31558430194854739,0.1664922833442688,0.3197110891342163,0.947512686252594,0.002122203353792429,-0.1584233194589615,0.05124692618846893,0.986040472984314],"EasingStyle":"Linear","EasingDirection":"In"},"Right Arm":{"Weight":1,"CFrame":[0.05220947042107582,-0.20044758915901185,-0.10103511810302735,0.9299500584602356,-0.32640939950942995,-0.16926227509975434,0.3576402962207794,0.9098701477050781,0.21030883491039277,0.08535993844270706,-0.25611168146133425,0.9628709554672241],"EasingStyle":"Linear","EasingDirection":"In"},"Head":{"Weight":1,"CFrame":[9.778887033462525e-8,-1.257285475730896e-8,-1.1920928955078126e-7,0.969776451587677,-0.22140319645404817,0.10253937542438507,0.21551986038684846,0.9743055105209351,0.06542126834392548,-0.11438914388418198,-0.04134472832083702,0.9925753474235535],"EasingStyle":"Linear","EasingDirection":"In"},"Right Leg":{"Weight":1,"CFrame":[0.9475464820861816,0.43171852827072146,-0.16773301362991334,0.8888291120529175,0.38864102959632876,0.2427777349948883,-0.41446638107299807,0.907798707485199,0.0641818568110466,-0.19544953107833863,-0.15766999125480653,0.9679564237594605],"EasingStyle":"Linear","EasingDirection":"In"},"Torso":{"Weight":1,"CFrame":[-0.019529130309820176,-0.03228333592414856,-0.17233991622924806,0.9852030277252197,0.1696445494890213,-0.02441149763762951,-0.17052793502807618,0.9845261573791504,-0.040354158729314807,0.017187898978590967,0.0439198762178421,0.9988871812820435],"EasingStyle":"Linear","EasingDirection":"In"},"HumanoidRootPart":{"Weight":1,"CFrame":[0,0,0,1,0,0,0,1,0,0,0,1],"EasingStyle":"Linear","EasingDirection":"In"},"Left Arm":{"Weight":1,"CFrame":[-0.20131391286849976,-0.0977218747138977,-0.05790078639984131,0.5765537023544312,0.8170005083084106,0.009809952229261399,-0.8066225051879883,0.567234992980957,0.16614654660224915,0.13017725944519044,-0.10370537638664246,0.9860522747039795],"EasingStyle":"Linear","EasingDirection":"In"}}},{"Time":0.13333334028720857,"poses":{"Left Leg":{"Weight":1,"CFrame":[-0.41988080739974978,0.06933563947677612,0.09332406520843506,0.9311095476150513,-0.30821269750595095,0.1950380951166153,0.31434786319732668,0.9493077397346497,-0.0005311184795573354,-0.18498754501342774,0.06180437654256821,0.9807955622673035],"EasingStyle":"Linear","EasingDirection":"In"},"Right Arm":{"Weight":1,"CFrame":[0.0505947470664978,-0.1966264843940735,-0.10102587938308716,0.927078366279602,-0.31045302748680117,-0.2101062536239624,0.35815709829330447,0.8990277051925659,0.25193798542022707,0.1106763556599617,-0.30881738662719729,0.9446601271629334],"EasingStyle":"Linear","EasingDirection":"In"},"Head":{"Weight":1,"CFrame":[9.313225746154785e-8,-3.725290298461914e-9,1.1920928955078126e-7,0.9622992277145386,-0.24592703580856324,0.11619008332490921,0.23845770955085755,0.9682881832122803,0.0745379626750946,-0.1308363974094391,-0.04402140527963638,0.9904261827468872],"EasingStyle":"Linear","EasingDirection":"In"},"Right Leg":{"Weight":1,"CFrame":[0.9619308114051819,0.5069526433944702,-0.20412707328796388,0.8872348666191101,0.3691931664943695,0.2766057848930359,-0.40296441316604617,0.9121296405792236,0.07509627938270569,-0.2245751917362213,-0.1780903935432434,0.9580447673797607],"EasingStyle":"Linear","EasingDirection":"In"},"Torso":{"Weight":1,"CFrame":[-0.022600840777158738,-0.04062283784151077,-0.17076706886291505,0.9798784852027893,0.19758549332618714,-0.02825113758444786,-0.1988159865140915,0.978720486164093,-0.05077853426337242,0.017616862431168557,0.05537357181310654,0.9983102679252625],"EasingStyle":"Linear","EasingDirection":"In"},"HumanoidRootPart":{"Weight":1,"CFrame":[0,0,0,1,0,0,0,1,0,0,0,1],"EasingStyle":"Linear","EasingDirection":"In"},"Left Arm":{"Weight":1,"CFrame":[-0.2756579518318176,-0.09699565172195435,-0.040988266468048099,0.4235386848449707,0.9043594598770142,0.05243196338415146,-0.8916184306144714,0.40594348311424258,0.20056569576263429,0.16009901463985444,-0.13169674575328828,0.978276252746582],"EasingStyle":"Linear","EasingDirection":"In"}}},{"Time":0.15000000596046449,"poses":{"Left Leg":{"Weight":1,"CFrame":[-0.4005930423736572,0.06995677947998047,0.10191524028778076,0.9292402863502502,-0.29835548996925356,0.2179369330406189,0.30613383650779726,0.9519863724708557,-0.0020263337064534427,-0.20686845481395722,0.0686008632183075,0.9759608507156372],"EasingStyle":"Linear","EasingDirection":"In"},"Right Arm":{"Weight":1,"CFrame":[0.04884977638721466,-0.1924973726272583,-0.1010141372680664,0.9220409393310547,-0.29148387908935549,-0.25471076369285586,0.3606586158275604,0.8858802318572998,0.29179027676582339,0.14059095084667207,-0.3609062433242798,0.9219440817832947],"EasingStyle":"Linear","EasingDirection":"In"},"Head":{"Weight":1,"CFrame":[9.12696123123169e-8,1.3969838619232178e-8,4.76837158203125e-7,0.9582624435424805,-0.25679653882980349,0.12565328180789948,0.24832990765571595,0.9654309153556824,0.07921846210956574,-0.14165256917476655,-0.04470860958099365,0.9889063239097595],"EasingStyle":"Linear","EasingDirection":"In"},"Right Leg":{"Weight":1,"CFrame":[0.9602480530738831,0.5704116821289063,-0.23244422674179078,0.8891141414642334,0.34561020135879519,0.30004948377609255,-0.3856586217880249,0.9187619090080261,0.08452264219522476,-0.24646204710006715,-0.19086699187755586,0.9501717686653137],"EasingStyle":"Linear","EasingDirection":"In"},"Torso":{"Weight":1,"CFrame":[-0.02473703771829605,-0.049632489681243899,-0.16831159591674806,0.9750451445579529,0.21984273195266725,-0.030921388417482377,-0.2213960886001587,0.973208487033844,-0.06204059347510338,0.016453782096505166,0.0673382505774498,0.9975945353507996],"EasingStyle":"Linear","EasingDirection":"In"},"HumanoidRootPart":{"Weight":1,"CFrame":[0,0,0,1,0,0,0,1,0,0,0,1],"EasingStyle":"Linear","EasingDirection":"In"},"Left Arm":{"Weight":1,"CFrame":[-0.3473978638648987,-0.09678095579147339,-0.02466803789138794,0.30104610323905947,0.9496656060218811,0.08663985878229141,-0.9353334307670593,0.2763528525829315,0.22086301445960999,0.18580283224582673,-0.14752720296382905,0.9714489579200745],"EasingStyle":"Linear","EasingDirection":"In"}}},{"Time":0.1666666716337204,"poses":{"Left Leg":{"Weight":1,"CFrame":[-0.383975625038147,0.07200902700424195,0.10673189163208008,0.9294735193252564,-0.28543221950531008,0.23368225991725923,0.29420456290245058,0.955738365650177,-0.0028110623825341465,-0.22253675758838654,0.07136320322751999,0.9723089337348938],"EasingStyle":"Linear","EasingDirection":"In"},"Right Arm":{"Weight":1,"CFrame":[0.046994633972644809,-0.1881081461906433,-0.10099935531616211,0.9142082333564758,-0.2696411609649658,-0.30251795053482058,0.3655621409416199,0.8709020018577576,0.3284726142883301,0.17489366233348847,-0.4108814597129822,0.8947562575340271],"EasingStyle":"Linear","EasingDirection":"In"},"Head":{"Weight":1,"CFrame":[8.009374141693115e-8,1.0244548320770264e-8,-5.960464477539063e-8,0.9567364454269409,-0.25930070877075198,0.1319793462753296,0.2503136694431305,0.9647753238677979,0.08094224333763123,-0.14831878244876862,-0.044404152780771258,0.9879422187805176],"EasingStyle":"Linear","EasingDirection":"In"},"Right Leg":{"Weight":1,"CFrame":[0.9505824446678162,0.6180833578109741,-0.2507947087287903,0.8928961157798767,0.3228769600391388,0.31382638216018679,-0.3669360876083374,0.9257274270057678,0.0915786400437355,-0.2609489858150482,-0.19692446291446687,0.9450536370277405],"EasingStyle":"Linear","EasingDirection":"In"},"Torso":{"Weight":1,"CFrame":[-0.02607126533985138,-0.059081852436065677,-0.16440892219543458,0.97145015001297,0.2349952608346939,-0.032589174807071689,-0.23681795597076417,0.9687431454658508,-0.0738522857427597,0.014215602539479733,0.07946151494979859,0.9967365860939026],"EasingStyle":"Linear","EasingDirection":"In"},"HumanoidRootPart":{"Weight":1,"CFrame":[0,0,0,1,0,0,0,1,0,0,0,1],"EasingStyle":"Linear","EasingDirection":"In"},"Left Arm":{"Weight":1,"CFrame":[-0.4107632040977478,0.024185776710510255,-0.010252892971038819,0.21541181206703187,0.9702787399291992,0.11025945842266083,-0.9548532962799072,0.18563006818294526,0.23194149136543275,0.20458045601844788,-0.15524455904960633,0.9664605855941773],"EasingStyle":"Linear","EasingDirection":"In"}}},{"Time":0.18333333730697633,"poses":{"Left Leg":{"Weight":1,"CFrame":[-0.3669084906578064,0.07343524694442749,0.10775887966156006,0.9319092631340027,-0.26904383301734927,0.24322952330112458,0.2782258689403534,0.960509181022644,-0.00354470731690526,-0.23267056047916413,0.07097607105970383,0.9699623584747315],"EasingStyle":"Linear","EasingDirection":"In"},"Right Arm":{"Weight":1,"CFrame":[0.045049265027046207,-0.18350470066070558,-0.10098129510879517,0.9033811092376709,-0.24519334733486176,-0.35182806849479678,0.37274786829948428,0.8546208739280701,0.36150020360946658,0.21204207837581635,-0.4577155113220215,0.8634434342384338],"EasingStyle":"Linear","EasingDirection":"In"},"Head":{"Weight":1,"CFrame":[7.82310962677002e-8,1.7695128917694093e-8,4.76837158203125e-7,0.955479621887207,-0.2613033354282379,0.13703741133213044,0.25189268589019778,0.9642466306686401,0.08233193308115006,-0.15365147590637208,-0.04414776340126991,0.9871384501457214],"EasingStyle":"Linear","EasingDirection":"In"},"Right Leg":{"Weight":1,"CFrame":[0.9396198987960815,0.6513994932174683,-0.2610951066017151,0.8968072533607483,0.30362462997436526,0.32179024815559389,-0.35012540221214297,0.9317012429237366,0.09666997939348221,-0.27046090364456179,-0.19936123490333558,0.9418631196022034],"EasingStyle":"Linear","EasingDirection":"In"},"Torso":{"Weight":1,"CFrame":[-0.027028895914554597,-0.06811597943305969,-0.15775322914123536,0.9691686034202576,0.2440711259841919,-0.033786214888095859,-0.24611391127109528,0.9654937982559204,-0.08514492958784104,0.011838963255286217,0.09083504974842072,0.9957956075668335],"EasingStyle":"Linear","EasingDirection":"In"},"HumanoidRootPart":{"Weight":1,"CFrame":[0,0,0,1,0,0,0,1,0,0,0,1],"EasingStyle":"Linear","EasingDirection":"In"},"Left Arm":{"Weight":1,"CFrame":[-0.46481335163116457,0.0737835168838501,0.002043008804321289,0.1495254635810852,0.9803423285484314,0.12872861325740815,-0.9641517400741577,0.11569919437170029,0.2387995719909668,0.21921151876449586,-0.1598205715417862,0.962498664855957],"EasingStyle":"Linear","EasingDirection":"In"}}},{"Time":0.20000000298023225,"poses":{"Left Leg":{"Weight":1,"CFrame":[-0.34191232919692995,0.07116585969924927,0.10402905941009522,0.9368087649345398,-0.24663518369197846,0.24811404943466187,0.2556476593017578,0.9667606949806213,-0.004255423787981272,-0.23881743848323823,0.06741631776094437,0.9687215089797974],"EasingStyle":"Linear","EasingDirection":"In"},"Right Arm":{"Weight":1,"CFrame":[0.043033868074417117,-0.17873582243919373,-0.10095971822738648,0.889794647693634,-0.21862417459487916,-0.40058577060699465,0.3816671073436737,0.8377243280410767,0.39057421684265139,0.250191330909729,-0.5004212260246277,0.8288443088531494],"EasingStyle":"Linear","EasingDirection":"In"},"Head":{"Weight":1,"CFrame":[8.940696716308594e-8,-5.587935447692871e-9,2.384185791015625e-7,0.9544793963432312,-0.262861430644989,0.14097191393375398,0.2531164586544037,0.9638326168060303,0.08341999351978302,-0.15780119597911836,-0.04394035041332245,0.9864928722381592],"EasingStyle":"Linear","EasingDirection":"In"},"Right Leg":{"Weight":1,"CFrame":[0.9309390187263489,0.6670575141906738,-0.2652485966682434,0.900155782699585,0.28927677869796755,0.3256356418132782,-0.33690589666366579,0.9362564086914063,0.09959133714437485,-0.27606892585754397,-0.1993563175201416,0.9402356743812561],"EasingStyle":"Linear","EasingDirection":"In"},"Torso":{"Weight":1,"CFrame":[-0.027631022036075593,-0.07576943933963776,-0.1446080207824707,0.9679762721061707,0.24865441024303437,-0.0345388725399971,-0.2508533298969269,0.9633806347846985,-0.0947118028998375,0.009723573923110962,0.10034296661615372,0.994905412197113],"EasingStyle":"Linear","EasingDirection":"In"},"HumanoidRootPart":{"Weight":1,"CFrame":[0,0,0,1,0,0,0,1,0,0,0,1],"EasingStyle":"Linear","EasingDirection":"In"},"Left Arm":{"Weight":1,"CFrame":[-0.5098154544830322,0.09008634090423584,0.012280583381652832,0.10149545222520828,0.9846022129058838,0.14232781529426576,-0.9678911566734314,0.06465902179479599,0.24291133880615235,0.22996823489665986,-0.1624123454093933,0.9595503807067871],"EasingStyle":"Linear","EasingDirection":"In"}}},{"Time":0.21666666865348817,"poses":{"Left Leg":{"Weight":1,"CFrame":[-0.2907596826553345,0.059674978256225589,0.09170925617218018,0.9454657435417175,-0.20900601148605348,0.24982215464115144,0.21711944043636323,0.9761320352554321,-0.005049984902143478,-0.24280397593975068,0.059015825390815738,0.9682786464691162],"EasingStyle":"Linear","EasingDirection":"In"},"Right Arm":{"Weight":1,"CFrame":[0.04096822440624237,-0.1738487184047699,-0.10093426704406738,0.8740279674530029,-0.19073912501335145,-0.4468711316585541,0.3916049897670746,0.8209697008132935,0.4155169725418091,0.28761225938796999,-0.5381704568862915,0.7922447919845581],"EasingStyle":"Linear","EasingDirection":"In"},"Head":{"Weight":1,"CFrame":[8.568167686462403e-8,3.5390257835388186e-8,-2.980232238769531e-7,0.9537153840065002,-0.2640312910079956,0.14392578601837159,0.25403282046318056,0.9635201096534729,0.08424096554517746,-0.16091763973236085,-0.04378002509474754,0.985996425151825],"EasingStyle":"Linear","EasingDirection":"In"},"Right Leg":{"Weight":1,"CFrame":[0.9268752932548523,0.6580129861831665,-0.2645033001899719,0.9024932980537415,0.2802761495113373,0.3270338475704193,-0.328000009059906,0.9393588304519653,0.1001056581735611,-0.279144823551178,-0.19761179387569428,0.9396955370903015],"EasingStyle":"Linear","EasingDirection":"In"},"Torso":{"Weight":1,"CFrame":[-0.027928180992603303,-0.08107483386993408,-0.11681556701660156,0.9675410985946655,0.25029078125953677,-0.03491031005978584,-0.2525796890258789,0.9622542262077332,-0.10134350508451462,0.00822724960744381,0.10687165707349777,0.9942387938499451],"EasingStyle":"Linear","EasingDirection":"In"},"HumanoidRootPart":{"Weight":1,"CFrame":[0,0,0,1,0,0,0,1,0,0,0,1],"EasingStyle":"Linear","EasingDirection":"In"},"Left Arm":{"Weight":1,"CFrame":[-0.5460364818572998,0.08397746086120606,0.020520448684692384,0.0686970055103302,0.9860432744026184,0.15165570378303529,-0.9689919352531433,0.02978263609111309,0.24529100954532624,0.23735079169273377,-0.16380394995212556,0.9575139880180359],"EasingStyle":"Linear","EasingDirection":"In"}}},{"Time":0.23333333432674409,"poses":{"Left Leg":{"Weight":1,"CFrame":[-0.23980647325515748,0.047494590282440189,0.07858777046203613,0.9523100256919861,-0.17498330771923066,0.24997316300868989,0.18213436007499696,0.9832578301429749,-0.00557955214753747,-0.2448117733001709,0.050842199474573138,0.9682367444038391],"EasingStyle":"Linear","EasingDirection":"In"},"Right Arm":{"Weight":1,"CFrame":[0.03887265920639038,-0.168890118598938,-0.10090446472167969,0.8570049405097961,-0.1626121550798416,-0.48897847533226015,0.401714950799942,0.8051464557647705,0.4363076984882355,0.3227502703666687,-0.570347785949707,0.7553381323814392],"EasingStyle":"Linear","EasingDirection":"In"},"Head":{"Weight":1,"CFrame":[8.940696716308594e-8,4.470348358154297e-8,-1.1920928955078126e-7,0.9531612992286682,-0.2648690342903137,0.14604082703590394,0.2546875476837158,0.9632954001426697,0.08483090996742249,-0.16314952075481416,-0.043662771582603458,0.9856347441673279],"EasingStyle":"Linear","EasingDirection":"In"},"Right Leg":{"Weight":1,"CFrame":[0.9258167147636414,0.6435140371322632,-0.26251643896102908,0.9035053253173828,0.2766501307487488,0.3273271918296814,-0.32413554191589358,0.9407540559768677,0.09958989918231964,-0.2803826928138733,-0.19607838988304139,0.9396482706069946],"EasingStyle":"Linear","EasingDirection":"In"},"Torso":{"Weight":1,"CFrame":[-0.028004184365272523,-0.08306045830249787,-0.09228181838989258,0.9674834609031677,0.25050073862075808,-0.035005319863557819,-0.25281861424446108,0.9619268178939819,-0.10382555425167084,0.0076641784980893139,0.10929950326681137,0.9939793348312378],"EasingStyle":"Linear","EasingDirection":"In"},"HumanoidRootPart":{"Weight":1,"CFrame":[0,0,0,1,0,0,0,1,0,0,0,1],"EasingStyle":"Linear","EasingDirection":"In"},"Left Arm":{"Weight":1,"CFrame":[-0.5737435817718506,0.060990214347839358,0.02682363986968994,0.04825567826628685,0.9863454699516296,0.15746146440505982,-0.9690852761268616,0.008044390007853508,0.24659505486488343,0.24196122586727143,-0.16449326276779176,0.9562409520149231],"EasingStyle":"Linear","EasingDirection":"In"}}},{"Time":0.25,"poses":{"Left Leg":{"Weight":1,"CFrame":[-0.20524370670318604,0.03853166103363037,0.06894302368164063,0.9562824368476868,-0.15482965111732484,0.24809607863426209,0.16130003333091737,0.9868881702423096,-0.005839708261191845,-0.24393893778324128,0.045602280646562579,0.9687178730964661],"EasingStyle":"Linear","EasingDirection":"In"},"Right Arm":{"Weight":1,"CFrame":[0.03676702082157135,-0.16390734910964967,-0.10087013244628906,0.8399542570114136,-0.1355072259902954,-0.5254662036895752,0.41106364130973818,0.7910347580909729,0.4530901610851288,0.3542649745941162,-0.5965750813484192,0.7201350927352905],"EasingStyle":"Linear","EasingDirection":"In"},"Head":{"Weight":1,"CFrame":[9.12696123123169e-8,1.7695128917694093e-8,4.76837158203125e-7,0.952786922454834,-0.2654302716255188,0.14745788276195527,0.2551255226135254,0.9631445407867432,0.08522716164588928,-0.16464512050151826,-0.04358305409550667,0.9853895902633667],"EasingStyle":"Linear","EasingDirection":"In"},"Right Leg":{"Weight":1,"CFrame":[0.9278642535209656,0.6304343938827515,-0.2598901391029358,0.9030476212501526,0.279666543006897,0.32602405548095705,-0.3266403079032898,0.9400122165679932,0.09840285778045654,-0.27894651889801028,-0.19535505771636964,0.9402261972427368],"EasingStyle":"Linear","EasingDirection":"In"},"Torso":{"Weight":1,"CFrame":[-0.027903735637664796,-0.08138175308704376,-0.07725644111633301,0.9679263234138489,0.2488016039133072,-0.03487977012991905,-0.2510986626148224,0.9626011848449707,-0.1017271876335144,0.008265414275228978,0.10722266137599945,0.9942007660865784],"EasingStyle":"Linear","EasingDirection":"In"},"HumanoidRootPart":{"Weight":1,"CFrame":[0,0,0,1,0,0,0,1,0,0,0,1],"EasingStyle":"Linear","EasingDirection":"In"},"Left Arm":{"Weight":1,"CFrame":[-0.5932037830352783,0.02450019121170044,0.031250596046447757,0.037249855697155,0.9863228797912598,0.1605604588985443,-0.9689486026763916,-0.003653073450550437,0.2472354918718338,0.244440495967865,-0.16478431224822999,0.9555600881576538],"EasingStyle":"Linear","EasingDirection":"In"}}},{"Time":0.2666666805744171,"poses":{"Left Leg":{"Weight":1,"CFrame":[-0.17807184159755708,0.030627429485321046,0.060306429862976077,0.9596052765846252,-0.1415434330701828,0.24315306544303895,0.14739032089710236,0.989060640335083,-0.005928244441747665,-0.23965409398078919,0.04152721166610718,0.9699698090553284],"EasingStyle":"Linear","EasingDirection":"In"},"Right Arm":{"Weight":1,"CFrame":[0.034671440720558169,-0.1589493751525879,-0.10083085298538208,0.8243340849876404,-0.11078833043575287,-0.5551570057868958,0.4186761975288391,0.779370903968811,0.4661450684070587,0.38102981448173525,-0.6166903972625732,0.6888464689254761],"EasingStyle":"Linear","EasingDirection":"In"},"Head":{"Weight":1,"CFrame":[7.82310962677002e-8,3.725290298461914e-8,-2.384185791015625e-7,0.952558696269989,-0.26577070355415347,0.1483171433210373,0.2553909718990326,0.9630528092384338,0.0854678675532341,-0.16555209457874299,-0.0435342900454998,0.9852398037910461],"EasingStyle":"Linear","EasingDirection":"In"},"Right Leg":{"Weight":1,"CFrame":[0.9328547716140747,0.6143587231636047,-0.25497734546661379,0.901456356048584,0.28911375999450686,0.32216429710388186,-0.3349657654762268,0.9373148083686829,0.09612000733613968,-0.2741796672344208,-0.19456203281879426,0.9417914748191834],"EasingStyle":"Linear","EasingDirection":"In"},"Torso":{"Weight":1,"CFrame":[-0.02756771445274353,-0.07668919861316681,-0.06597089767456055,0.9691175222396851,0.24417981505393983,-0.034459736198186877,-0.2464035451412201,0.9644147753715515,-0.0958615094423294,0.00982603244483471,0.10139205306768418,0.9947981238365173],"EasingStyle":"Linear","EasingDirection":"In"},"HumanoidRootPart":{"Weight":1,"CFrame":[0,0,0,1,0,0,0,1,0,0,0,1],"EasingStyle":"Linear","EasingDirection":"In"},"Left Arm":{"Weight":1,"CFrame":[-0.6046839952468872,-0.02321431040763855,0.03386223316192627,0.03277137875556946,0.9862803220748901,0.16179347038269044,-0.968856692314148,-0.008405172266066075,0.2474793642759323,0.24544395506381989,-0.16486500203609467,0.9552888870239258],"EasingStyle":"Linear","EasingDirection":"In"}}},{"Time":0.28333333134651186,"poses":{"Left Leg":{"Weight":1,"CFrame":[-0.15556766092777253,0.023502230644226075,0.05243051052093506,0.9625993371009827,-0.13326555490493775,0.23588763177394868,0.13851599395275117,0.9903435707092285,-0.00575170386582613,-0.2328433096408844,0.038210801780223849,0.9717633128166199],"EasingStyle":"Linear","EasingDirection":"In"},"Right Arm":{"Weight":1,"CFrame":[0.032605841755867007,-0.1540611982345581,-0.10078644752502442,0.8117358684539795,-0.08982779830694199,-0.5770752429962158,0.42357468605041506,0.7708248496055603,0.47582924365997317,0.402081161737442,-0.630682110786438,0.6637550592422485],"EasingStyle":"Linear","EasingDirection":"In"},"Head":{"Weight":1,"CFrame":[8.940696716308594e-8,1.5832483768463136e-8,4.76837158203125e-7,0.9524410963058472,-0.2659454345703125,0.14875827729701997,0.2555271089076996,0.963005781173706,0.0855916440486908,-0.16601777076721192,-0.04350923001766205,0.9851624965667725],"EasingStyle":"Linear","EasingDirection":"In"},"Right Leg":{"Weight":1,"CFrame":[0.9400722980499268,0.5955396294593811,-0.2482140064239502,0.8987029790878296,0.3037245273590088,0.3163614869117737,-0.34796711802482607,0.9328972697257996,0.09285340458154679,-0.26693078875541689,-0.19353105127811433,0.944083571434021],"EasingStyle":"Linear","EasingDirection":"In"},"Torso":{"Weight":1,"CFrame":[-0.02695538103580475,-0.0694926530122757,-0.05695772171020508,0.9708418846130371,0.2373410314321518,-0.0336943157017231,-0.23942194879055024,0.9670220613479614,-0.08686577528715134,0.01196633093059063,0.09240009635686875,0.995650053024292],"EasingStyle":"Linear","EasingDirection":"In"},"HumanoidRootPart":{"Weight":1,"CFrame":[0,0,0,1,0,0,0,1,0,0,0,1],"EasingStyle":"Linear","EasingDirection":"In"},"Left Arm":{"Weight":1,"CFrame":[-0.6084514260292053,-0.08050620555877686,0.034719228744506839,0.03192181512713432,0.9862720370292664,0.1620139628648758,-0.9688376784324646,-0.009302753023803234,0.24752219021320344,0.24563133716583253,-0.16486652195453645,0.9552404880523682],"EasingStyle":"Linear","EasingDirection":"In"}}},{"Time":0.30000001192092898,"poses":{"Left Leg":{"Weight":1,"CFrame":[-0.1381256878376007,0.017447710037231447,0.045711398124694827,0.9651655554771423,-0.13001734018325807,0.22704842686653138,0.13470293581485749,0.9908724427223206,-0.005197394639253616,-0.2243002951145172,0.0356004498898983,0.9738696813583374],"EasingStyle":"Linear","EasingDirection":"In"},"Right Arm":{"Weight":1,"CFrame":[0.030590377748012544,-0.14929234981536866,-0.10073643922805786,0.8037745952606201,-0.07392536103725434,-0.5903231501579285,0.42480745911598208,0.765993058681488,0.48248669505119326,0.4165152907371521,-0.6385840773582459,0.6470897793769836],"EasingStyle":"Linear","EasingDirection":"In"},"Head":{"Weight":1,"CFrame":[9.12696123123169e-8,6.332993507385254e-8,4.76837158203125e-7,0.9523977637290955,-0.2660098969936371,0.14892080426216126,0.2555773854255676,0.9629883170127869,0.08563718944787979,-0.16618937253952027,-0.04349987953901291,0.985133945941925],"EasingStyle":"Linear","EasingDirection":"In"},"Right Leg":{"Weight":1,"CFrame":[0.9476931691169739,0.5649985074996948,-0.2384818196296692,0.8951607346534729,0.3210986852645874,0.3091651201248169,-0.36318397521972659,0.9275301098823547,0.08823523670434952,-0.2584276795387268,-0.19126850366592408,0.946906328201294],"EasingStyle":"Linear","EasingDirection":"In"},"Torso":{"Weight":1,"CFrame":[-0.02602824568748474,-0.06030161678791046,-0.0500950813293457,0.9728847146034241,0.22899086773395539,-0.03253539279103279,-0.23084811866283418,0.970065712928772,-0.07537700980901718,0.014300818555057049,0.08084387332201004,0.9966241717338562],"EasingStyle":"Linear","EasingDirection":"In"},"HumanoidRootPart":{"Weight":1,"CFrame":[0,0,0,1,0,0,0,1,0,0,0,1],"EasingStyle":"Linear","EasingDirection":"In"},"Left Arm":{"Weight":1,"CFrame":[-0.5968230962753296,-0.09238478541374207,0.032073974609375,0.056076452136039737,0.9861381649971008,0.15616357326507569,-0.9677541255950928,0.01521372888237238,0.25143709778785708,0.24557578563690186,-0.16522768139839173,0.9551923274993897],"EasingStyle":"Linear","EasingDirection":"In"}}},{"Time":0.3166666626930237,"poses":{"Left Leg":{"Weight":1,"CFrame":[-0.12659691274166108,0.012660682201385498,0.04050338268280029,0.9671121835708618,-0.1320493072271347,0.21738700568675996,0.1361972540616989,0.9906731843948364,-0.004141723737120628,-0.21481260657310487,0.03361302986741066,0.9760767817497253],"EasingStyle":"Linear","EasingDirection":"In"},"Right Arm":{"Weight":1,"CFrame":[0.028645075857639314,-0.14468953013420106,-0.10068053007125855,0.8019672632217407,-0.06423328071832657,-0.5939046144485474,0.42146772146224978,0.7654014825820923,0.48633894324302676,0.4233362674713135,-0.6403394937515259,0.640899121761322],"EasingStyle":"Linear","EasingDirection":"In"},"Head":{"Weight":1,"CFrame":[7.636845111846924e-8,2.8870999813079835e-8,4.76837158203125e-7,0.952391505241394,-0.2660190761089325,0.14894