{"Sequence":[{"Time":0,"poses":{"Left Leg":{"Weight":1,"CFrame":[-0.588093101978302,0.3360134959220886,0.042589426040649417,0.9810150265693665,-0.168993279337883,0.09513586014509201,0.16493918001651765,0.9850841760635376,0.04903332144021988,-0.10200320184230805,-0.03241075575351715,0.9942560195922852],"EasingStyle":"Linear","EasingDirection":"In"},"Right Arm":{"Weight":1,"CFrame":[0.04078918695449829,-0.2248018980026245,0.07158112525939942,0.6297669410705566,-0.6111070513725281,0.47952231764793398,0.6359991431236267,0.7600764036178589,0.13337598741054536,-0.4459805488586426,0.22097983956336976,0.8673346042633057],"EasingStyle":"Linear","EasingDirection":"In"},"Head":{"Weight":1,"CFrame":[1.1920928955078126e-7,4.172325134277344e-7,-2.384185791015625e-7,0.9999217391014099,-0.00951810460537672,-0.008129248395562172,0.0064432150684297089,0.9481858015060425,-0.31765100359916689,0.010731487534940243,0.3175738453865051,0.948172926902771],"EasingStyle":"Linear","EasingDirection":"In"},"Right Leg":{"Weight":1,"CFrame":[0.1050005555152893,0.040759265422821048,0.042885422706604007,0.9435697793960571,-0.2564750015735626,-0.2095152735710144,0.23565009236335755,0.9644777774810791,-0.11938052624464035,0.23269101977348329,0.06327148526906967,0.9704903960227966],"EasingStyle":"Linear","EasingDirection":"In"},"Torso":{"Weight":1,"CFrame":[-2.3925156593322756,1.014032244682312,-0.09526586532592774,0.3525085747241974,0.9073520302772522,-0.22901993989944459,-0.9353018999099731,0.33355119824409487,-0.11812769621610642,-0.030793529003858568,0.25584375858306887,0.9662275910377502],"EasingStyle":"Linear","EasingDirection":"In"},"HumanoidRootPart":{"Weight":1,"CFrame":[0,0,0,1,0,0,0,1,0,0,0,1],"EasingStyle":"Linear","EasingDirection":"In"},"Left Arm":{"Weight":1,"CFrame":[-0.051242828369140628,-0.21182239055633546,0.05963492393493652,0.6910318732261658,0.676426112651825,-0.25479939579963686,-0.660933792591095,0.7340208888053894,0.15614107251167298,0.29264599084854128,0.06050703674554825,0.9543046355247498],"EasingStyle":"Linear","EasingDirection":"In"}}},{"Time":0.03999999910593033,"poses":{"Left Leg":{"Weight":1,"CFrame":[-0.5823957920074463,0.6063649654388428,0.05147969722747803,0.9890115857124329,-0.06705598533153534,0.13175582885742188,0.06119805946946144,0.9969698190689087,0.04802197962999344,-0.13457682728767396,-0.03943105787038803,0.9901183247566223],"EasingStyle":"Linear","EasingDirection":"In"},"Right Arm":{"Weight":1,"CFrame":[0.04373908042907715,-0.22066840529441834,0.07246017456054688,0.6257135272026062,-0.608187198638916,0.488457590341568,0.6373592019081116,0.7596291303634644,0.12937146425247193,-0.44972869753837588,0.2303733378648758,0.8629439473152161],"EasingStyle":"Linear","EasingDirection":"In"},"Head":{"Weight":1,"CFrame":[1.7881393432617188e-7,2.980232238769531e-7,-5.960464477539063e-8,0.9999324083328247,-0.00983369816094637,-0.0062054782174527649,0.0071991984732449059,0.9426414370536804,-0.33372944593429568,0.009131344966590405,0.3336622416973114,0.9426485896110535],"EasingStyle":"Linear","EasingDirection":"In"},"Right Leg":{"Weight":1,"CFrame":[0.08777612447738648,0.0750429630279541,0.0361400842666626,0.9041092991828919,-0.3809509575366974,-0.19355294108390809,0.3702237904071808,0.924541175365448,-0.09032164514064789,0.21335583925247193,0.010002716444432736,0.976923406124115],"EasingStyle":"Linear","EasingDirection":"In"},"Torso":{"Weight":1,"CFrame":[-2.3515939712524416,1.0179418325424195,-0.1300060749053955,0.36283114552497866,0.894473671913147,-0.26128607988357546,-0.9313174486160278,0.3385532796382904,-0.13427408039569856,-0.03164537250995636,0.2920590341091156,0.9558765888214111],"EasingStyle":"Linear","EasingDirection":"In"},"HumanoidRootPart":{"Weight":1,"CFrame":[0,0,0,1,0,0,0,1,0,0,0,1],"EasingStyle":"Linear","EasingDirection":"In"},"Left Arm":{"Weight":1,"CFrame":[-0.11268144845962525,-0.21194997429847718,0.05860280990600586,0.5441909432411194,0.7665821313858032,-0.3408929705619812,-0.7670139670372009,0.6192308664321899,0.16805614531040193,0.3399202823638916,0.17001493275165559,0.9249590635299683],"EasingStyle":"Linear","EasingDirection":"In"}}},{"Time":0.07999999821186066,"poses":{"Left Leg":{"Weight":1,"CFrame":[-0.34333255887031557,0.8019033074378967,0.06369531154632569,0.9619184136390686,0.222385436296463,0.15892678499221803,-0.22419671714305879,0.9745211005210877,-0.006672078277915716,-0.1563614010810852,-0.02921290136873722,0.9872678518295288],"EasingStyle":"Linear","EasingDirection":"In"},"Right Arm":{"Weight":1,"CFrame":[0.05206298828125,-0.21716931462287904,0.07490777969360352,0.614036500453949,-0.5997276306152344,0.5131140351295471,0.6414247155189514,0.7580000162124634,0.11836611479520798,-0.4599277377128601,0.25644269585609438,0.8501197099685669],"EasingStyle":"Linear","EasingDirection":"In"},"Head":{"Weight":1,"CFrame":[-7.450580596923828e-9,8.940696716308594e-8,0,0.9999302625656128,-0.011063944548368454,-0.004133373964577913,0.008930198848247528,0.9372714757919312,-0.3484858572483063,0.007729674689471722,0.3484247326850891,0.9373049736022949],"EasingStyle":"Linear","EasingDirection":"In"},"Right Leg":{"Weight":1,"CFrame":[0.14635968208312989,0.1788899302482605,0.047072768211364749,0.8836563229560852,-0.4314856231212616,-0.18158140778541566,0.42830991744995119,0.9017410278320313,-0.05842802673578262,0.1889503449201584,-0.026142830029129983,0.9816386699676514],"EasingStyle":"Linear","EasingDirection":"In"},"Torso":{"Weight":1,"CFrame":[-2.299307346343994,1.0088813304901124,-0.20504093170166017,0.38054370880126955,0.8773110508918762,-0.29242420196533205,-0.9242124557495117,0.34989291429519656,-0.15299135446548463,-0.03190385177731514,0.3284819722175598,0.9439712762832642],"EasingStyle":"Linear","EasingDirection":"In"},"HumanoidRootPart":{"Weight":1,"CFrame":[0,0,0,1,0,0,0,1,0,0,0,1],"EasingStyle":"Linear","EasingDirection":"In"},"Left Arm":{"Weight":1,"CFrame":[-0.17561538517475129,-0.21284541487693788,0.05583679676055908,0.4119760990142822,0.8141866326332092,-0.4091159999370575,-0.8350460529327393,0.517035722732544,0.18807528913021089,0.3646559417247772,0.26414811611175539,0.8928896188735962],"EasingStyle":"Linear","EasingDirection":"In"}}},{"Time":0.11999999731779099,"poses":{"Left Leg":{"Weight":1,"CFrame":[-0.212358295917511,0.6969779133796692,0.10742402076721192,0.8890198469161987,0.4238223135471344,0.17325857281684876,-0.41525495052337649,0.9057386517524719,-0.08485762029886246,-0.19289164245128632,0.0034936275333166124,0.9812139272689819],"EasingStyle":"Linear","EasingDirection":"In"},"Right Arm":{"Weight":1,"CFrame":[0.06497067213058472,-0.21425235271453858,0.07863807678222656,0.5953096747398377,-0.5857486128807068,0.5500045418739319,0.6482448577880859,0.7545732259750366,0.10196951031684876,-0.47474730014801028,0.29583415389060976,0.8289132714271545],"EasingStyle":"Linear","EasingDirection":"In"},"Head":{"Weight":1,"CFrame":[6.705522537231445e-8,-1.7881393432617188e-7,-5.960464477539063e-8,0.9999140501022339,-0.012972812168300152,-0.0019366259220987559,0.011393115855753422,0.9321720600128174,-0.3618365228176117,0.006499319802969694,0.36178329586982729,0.9322396516799927],"EasingStyle":"Linear","EasingDirection":"In"},"Right Leg":{"Weight":1,"CFrame":[0.1314207911491394,0.20303267240524293,0.036734580993652347,0.8534521460533142,-0.4917103946208954,-0.17274366319179536,0.49470871686935427,0.8685980439186096,-0.028298160061240197,0.16395926475524903,-0.061306726187467578,0.9845603108406067],"EasingStyle":"Linear","EasingDirection":"In"},"Torso":{"Weight":1,"CFrame":[-2.2141034603118898,0.9966457486152649,-0.23626923561096192,0.4059930443763733,0.8620544075965881,-0.30336782336235049,-0.9133182168006897,0.3711380362510681,-0.16764996945858003,-0.0319320447742939,0.3451360762119293,0.9380093216896057],"EasingStyle":"Linear","EasingDirection":"In"},"HumanoidRootPart":{"Weight":1,"CFrame":[0,0,0,1,0,0,0,1,0,0,0,1],"EasingStyle":"Linear","EasingDirection":"In"},"Left Arm":{"Weight":1,"CFrame":[-0.2377140074968338,-0.21527555584907533,0.05183207988739014,0.29546383023262026,0.8352227807044983,-0.4637933075428009,-0.8783717155456543,0.42841893434524538,0.21194404363632203,0.3757183849811554,0.34476107358932497,0.860218346118927],"EasingStyle":"Linear","EasingDirection":"In"}}},{"Time":0.1599999964237213,"poses":{"Left Leg":{"Weight":1,"CFrame":[-0.20101715624332429,0.46638065576553347,0.15277338027954102,0.8386347889900208,0.5045045614242554,0.20534586906433106,-0.47768768668174746,0.8623558878898621,-0.16779986023902894,-0.26173704862594607,0.042631667107343677,0.9641972184181213],"EasingStyle":"Linear","EasingDirection":"In"},"Right Arm":{"Weight":1,"CFrame":[0.08167213201522827,-0.21186387538909913,0.08336663246154785,0.5700911283493042,-0.5661017298698425,0.5954203009605408,0.6578652262687683,0.7486668825149536,0.08192263543605805,-0.492147833108902,0.3450027406215668,0.7992268204689026],"EasingStyle":"Linear","EasingDirection":"In"},"Head":{"Weight":1,"CFrame":[9.685754776000977e-8,-8.940696716308594e-8,1.1920928955078126e-7,0.9998824596405029,-0.015326853841543198,0.00035020432551391423,0.014347322285175324,0.9274401068687439,-0.37369662523269656,0.005402845796197653,0.3736577332019806,0.9275509715080261],"EasingStyle":"Linear","EasingDirection":"In"},"Right Leg":{"Weight":1,"CFrame":[0.09886282682418823,0.17979812622070313,0.016949176788330079,0.82470703125,-0.5471259951591492,-0.14321891963481904,0.5545053482055664,0.8320552110671997,0.014421464875340462,0.11127569526433945,-0.09130921214818955,0.9895859956741333],"EasingStyle":"Linear","EasingDirection":"In"},"Torso":{"Weight":1,"CFrame":[-2.099534034729004,1.0018889904022217,-0.22611498832702638,0.41493865847587588,0.8569973707199097,-0.3055840730667114,-0.9096797108650208,0.38427501916885378,-0.15752996504306794,-0.017574451863765718,0.343348890542984,0.9390435218811035],"EasingStyle":"Linear","EasingDirection":"In"},"HumanoidRootPart":{"Weight":1,"CFrame":[0,0,0,1,0,0,0,1,0,0,0,1],"EasingStyle":"Linear","EasingDirection":"In"},"Left Arm":{"Weight":1,"CFrame":[-0.2966492176055908,-0.22000831365585328,0.04708433151245117,0.19307558238506318,0.8394634127616882,-0.5079599022865295,-0.9053497314453125,0.3519899845123291,0.23758146166801454,0.37823766469955447,0.41401007771492007,0.8279684782028198],"EasingStyle":"Linear","EasingDirection":"In"}}},{"Time":0.20000000298023225,"poses":{"Left Leg":{"Weight":1,"CFrame":[-0.18109197914600373,0.2120499610900879,0.1632218360900879,0.7995109558105469,0.5426250696182251,0.25756609439849856,-0.49004289507865908,0.8372330665588379,-0.24269095063209535,-0.3473329544067383,0.06781569868326187,0.9352865219116211],"EasingStyle":"Linear","EasingDirection":"In"},"Right Arm":{"Weight":1,"CFrame":[0.10137802362442017,-0.2099512219429016,0.08880794048309326,0.5391038060188294,-0.5408880114555359,0.6456063389778137,0.6702274680137634,0.7397204637527466,0.06007330119609833,-0.5100610256195068,0.4003171920776367,0.7613039612770081],"EasingStyle":"Linear","EasingDirection":"In"},"Head":{"Weight":1,"CFrame":[-7.078051567077637e-8,-1.1920928955078126e-7,2.384185791015625e-7,0.9998363852500916,-0.017894938588142396,0.002683456754311919,0.01755337603390217,0.9231747388839722,-0.38397952914237978,0.004394012037664652,0.38396382331848147,0.9233377575874329],"EasingStyle":"Linear","EasingDirection":"In"},"Right Leg":{"Weight":1,"CFrame":[0.21679633855819703,0.3446086049079895,-0.001752614974975586,0.8660368323326111,-0.49055394530296328,-0.09662932902574539,0.4978853166103363,0.8638224601745606,0.07694888114929199,0.04572301357984543,-0.11475090682506561,0.9923415780067444],"EasingStyle":"Linear","EasingDirection":"In"},"Torso":{"Weight":1,"CFrame":[-1.9584710597991944,1.023891806602478,-0.20508313179016114,0.4110397696495056,0.8585798144340515,-0.3064098358154297,-0.9115599393844605,0.39087581634521487,-0.12757185101509095,0.010237582959234715,0.33174800872802737,0.9433125853538513],"EasingStyle":"Linear","EasingDirection":"In"},"HumanoidRootPart":{"Weight":1,"CFrame":[0,0,0,1,0,0,0,1,0,0,0,1],"EasingStyle":"Linear","EasingDirection":"In"},"Left Arm":{"Weight":1,"CFrame":[-0.35009142756462099,-0.22781038284301759,0.04208874702453613,0.10286998748779297,0.8330920338630676,-0.5434846878051758,-0.9212011694908142,0.2859107255935669,0.2639007270336151,0.37524160742759707,0.47351107001304629,0.7968569397926331],"EasingStyle":"Linear","EasingDirection":"In"}}},{"Time":0.23999999463558198,"poses":{"Left Leg":{"Weight":1,"CFrame":[-0.13902385532855988,0.03238844871520996,0.13394629955291749,0.7736604809761047,0.5578967332839966,0.3003343939781189,-0.4888923466205597,0.8271551132202148,-0.27712586522102358,-0.40303072333335879,0.06757015734910965,0.9126886129379273],"EasingStyle":"Linear","EasingDirection":"In"},"Right Arm":{"Weight":1,"CFrame":[0.12329860031604767,-0.20846176147460938,0.09467697143554688,0.5033337473869324,-0.5107442736625671,0.696990430355072,0.6851075291633606,0.7274343371391296,0.038300469517707828,-0.5265764594078064,0.45823541283607485,0.7160568833351135],"EasingStyle":"Linear","EasingDirection":"In"},"Head":{"Weight":1,"CFrame":[-1.1175870895385742e-7,-4.470348358154297e-8,1.1920928955078126e-7,0.9997783899307251,-0.020447231829166414,0.005011983681470156,0.020773032680153848,0.9194759130477905,-0.3925973176956177,0.0034191496670246126,0.3926144242286682,0.9196968078613281],"EasingStyle":"Linear","EasingDirection":"In"},"Right Leg":{"Weight":1,"CFrame":[0.3428305387496948,0.6019598841667175,-0.05315667390823364,0.9226873517036438,-0.3797816038131714,-0.06643954664468765,0.3854309320449829,0.9128741025924683,0.13455088436603547,0.00955109391361475,-0.1497562676668167,0.988676905632019],"EasingStyle":"Linear","EasingDirection":"In"},"Torso":{"Weight":1,"CFrame":[-1.7694655656814576,1.043830156326294,-0.17581796646118165,0.43675851821899416,0.8544822335243225,-0.28125113248825076,-0.8991166949272156,0.424670934677124,-0.10603716969490051,0.028832312673330308,0.2991902530193329,0.9537578821182251],"EasingStyle":"Linear","EasingDirection":"In"},"HumanoidRootPart":{"Weight":1,"CFrame":[0,0,0,1,0,0,0,1,0,0,0,1],"EasingStyle":"Linear","EasingDirection":"In"},"Left Arm":{"Weight":1,"CFrame":[-0.3957120478153229,-0.23945051431655885,0.03734087944030762,0.023317746818065645,0.8203736543655396,-0.5713524222373962,-0.9292793273925781,0.22852469980716706,0.2902008891105652,0.36864131689071658,0.5241789817810059,0.7676847577095032],"EasingStyle":"Linear","EasingDirection":"In"}}},{"Time":0.2800000011920929,"poses":{"Left Leg":{"Weight":1,"CFrame":[-0.11208098381757736,-0.041594505310058597,0.10585594177246094,0.7894492745399475,0.5181546807289124,0.3290678560733795,-0.448724627494812,0.8529778718948364,-0.2665988802909851,-0.4188270568847656,0.06280543655157089,0.9058915972709656],"EasingStyle":"Linear","EasingDirection":"In"},"Right Arm":{"Weight":1,"CFrame":[0.14664441347122193,-0.2073429822921753,0.10068833827972412,0.46403035521507265,-0.4769762456417084,0.7464379668235779,0.7020997405052185,0.7118408679962158,0.018401572480797769,-0.5401221513748169,0.5155349373817444,0.6652006506919861],"EasingStyle":"Linear","EasingDirection":"In"},"Head":{"Weight":1,"CFrame":[1.6391277313232423e-7,-2.3096799850463868e-7,-2.980232238769531e-7,0.9997146129608154,-0.022755183279514314,0.0072787730023264889,0.023768186569213868,0.9164425134658814,-0.3994601368904114,0.0024192039854824545,0.39951908588409426,0.916721761226654],"EasingStyle":"Linear","EasingDirection":"In"},"Right Leg":{"Weight":1,"CFrame":[0.3932448625564575,0.8143271207809448,-0.12012970447540283,0.9589359760284424,-0.2783271074295044,-0.05455226078629494,0.28362220525741579,0.9414299130439758,0.18239538371562959,0.0005916978698223829,-0.19037772715091706,0.9817107915878296],"EasingStyle":"Linear","EasingDirection":"In"},"Torso":{"Weight":1,"CFrame":[-1.5268840789794922,1.0690524578094483,-0.13934826850891114,0.49852386116981509,0.8381487727165222,-0.22131560742855073,-0.8661577701568604,0.4919944703578949,-0.08781890571117401,0.035280756652355197,0.23547406494617463,0.9712400436401367],"EasingStyle":"Linear","EasingDirection":"In"},"HumanoidRootPart":{"Weight":1,"CFrame":[0,0,0,1,0,0,0,1,0,0,0,1],"EasingStyle":"Linear","EasingDirection":"In"},"Left Arm":{"Weight":1,"CFrame":[-0.43118172883987429,-0.2556954026222229,0.033336520195007327,-0.04647224023938179,0.8046624660491943,-0.5919110178947449,-0.9318657517433167,0.178517147898674,0.3158448338508606,0.3598148226737976,0.5662595629692078,0.7415412664413452],"EasingStyle":"Linear","EasingDirection":"In"}}},{"Time":0.3199999928474426,"poses":{"Left Leg":{"Weight":1,"CFrame":[-0.08784399926662445,-0.07431495189666748,0.08025789260864258,0.8313973546028137,0.43200021982192995,0.34950584173202517,-0.3707226812839508,0.8997495174407959,-0.23025093972682954,-0.41393616795539858,0.06186039000749588,0.9082015752792358],"EasingStyle":"Linear","EasingDirection":"In"},"Right Arm":{"Weight":1,"CFrame":[0.17062567174434663,-0.20654082298278809,0.10655725002288819,0.4226234257221222,-0.44154396653175356,0.7914722561836243,0.7206467390060425,0.6932997107505798,0.001971157267689705,-0.5495979189872742,0.5695387721061707,0.6112019419670105],"EasingStyle":"Linear","EasingDirection":"In"},"Head":{"Weight":1,"CFrame":[1.7881393432617188e-7,-7.450580596923828e-8,-5.960464477539063e-8,0.9996532797813416,-0.024590250104665757,0.0094231516122818,0.026300322264432908,0.9141708612442017,-0.4044750928878784,0.001331750419922173,0.4045827090740204,0.9145004749298096],"EasingStyle":"Linear","EasingDirection":"In"},"Right Leg":{"Weight":1,"CFrame":[0.4052886962890625,0.9560734033584595,-0.200292706489563,0.9788709878921509,-0.1996050477027893,-0.04437941312789917,0.20441077649593354,0.9496109485626221,0.2376033067703247,-0.005283437203615904,-0.2416546791791916,0.9703479409217835],"EasingStyle":"Linear","EasingDirection":"In"},"Torso":{"Weight":1,"CFrame":[-1.2610770463943482,1.109116554260254,-0.10393500328063965,0.574658989906311,0.8042200207710266,-0.15164868533611298,-0.8173419237136841,0.573370099067688,-0.05655970051884651,0.04146438464522362,0.15645138919353486,0.9868149161338806],"EasingStyle":"Linear","EasingDirection":"In"},"HumanoidRootPart":{"Weight":1,"CFrame":[0,0,0,1,0,0,0,1,0,0,0,1],"EasingStyle":"Linear","EasingDirection":"In"},"Left Arm":{"Weight":1,"CFrame":[-0.45417147874832156,-0.27731212973594668,0.030570387840270997,-0.10672590136528015,0.7889901995658875,-0.6050653457641602,-0.9306696057319641,0.13491052389144898,0.3400785028934479,0.34994837641716006,0.5994109511375427,0.7198907136917114],"EasingStyle":"Linear","EasingDirection":"In"}}},{"Time":0.36000001430511477,"poses":{"Left Leg":{"Weight":1,"CFrame":[-0.05045180022716522,-0.08479452133178711,0.051231980323791507,0.8720458149909973,0.3444131314754486,0.34772923588752749,-0.29762575030326846,0.9371996521949768,-0.1818673461675644,-0.38852933049201968,0.05510351061820984,0.9197872877120972],"EasingStyle":"Linear","EasingDirection":"In"},"Right Arm":{"Weight":1,"CFrame":[0.19445186853408814,-0.206003338098526,0.11199831962585449,0.3805861473083496,-0.40693309903144839,0.8303972482681274,0.7401041984558106,0.6724224090576172,-0.00968511775135994,-0.5544365644454956,0.6182665228843689,0.5570876002311707],"EasingStyle":"Linear","EasingDirection":"In"},"Head":{"Weight":1,"CFrame":[1.341104507446289e-7,1.4901161193847657e-7,-5.960464477539063e-8,0.9996042847633362,-0.025724368169903756,0.011383529752492905,0.028130415827035905,0.912750780582428,-0.4075472950935364,0.00009354019130114466,0.4077063202857971,0.9131131768226624],"EasingStyle":"Linear","EasingDirection":"In"},"Right Leg":{"Weight":1,"CFrame":[0.45465347170829775,0.9913859367370606,-0.24248206615447999,0.9934331178665161,-0.10581604391336441,-0.04351625591516495,0.11373309046030045,0.9547507166862488,0.27480143308639529,0.012468800880014897,-0.2779460549354553,0.9605157971382141],"EasingStyle":"Linear","EasingDirection":"In"},"Torso":{"Weight":1,"CFrame":[-1.0021735429763795,1.146798014640808,-0.07533836364746094,0.662668764591217,0.7426998019218445,-0.0962660014629364,-0.7475202083587647,0.663784384727478,-0.024575134739279748,0.04564791917800903,0.0882459506392479,0.9950522184371948],"EasingStyle":"Linear","EasingDirection":"In"},"HumanoidRootPart":{"Weight":1,"CFrame":[0,0,0,1,0,0,0,1,0,0,0,1],"EasingStyle":"Linear","EasingDirection":"In"},"Left Arm":{"Weight":1,"CFrame":[-0.4623522460460663,-0.30506855249404909,0.02953815460205078,-0.15706031024456025,0.7763528227806091,-0.6104166507720947,-0.9271396398544312,0.09701418876647949,0.3619399070739746,0.3402121365070343,0.6227877736091614,0.7045502662658691],"EasingStyle":"Linear","EasingDirection":"In"}}},{"Time":0.4000000059604645,"poses":{"Left Leg":{"Weight":1,"CFrame":[-0.00016772374510765076,-0.07727432250976563,0.021992087364196779,0.9018391370773315,0.29453352093696597,0.3161270022392273,-0.26434066891670229,0.9548587799072266,-0.13553161919116975,-0.3417752981185913,0.03866253048181534,0.9389861226081848],"EasingStyle":"Linear","EasingDirection":"In"},"Right Arm":{"Weight":1,"CFrame":[0.21733425557613374,-0.2056771218776703,0.11672699451446533,0.3392965495586395,-0.3759787976741791,0.8622747659683228,0.7598162293434143,0.6499512195587158,-0.015581085346639157,-0.5545783638954163,0.6604569554328919,0.5062010288238525],"EasingStyle":"Linear","EasingDirection":"In"},"Head":{"Weight":1,"CFrame":[1.1920928955078126e-7,5.960464477539063e-8,-2.980232238769531e-7,0.9995779991149902,-0.025928722694516183,0.013099808245897293,0.029018370434641839,0.9122623801231384,-0.4085773825645447,-0.001356617547571659,0.4087850749492645,0.9126297235488892],"EasingStyle":"Linear","EasingDirection":"In"},"Right Leg":{"Weight":1,"CFrame":[0.5504306554794312,0.883967399597168,-0.12443053722381592,0.996496319770813,0.020315811038017274,-0.081131711602211,-0.0035702213644981386,0.9794983267784119,0.20142053067684174,0.08356039971113205,-0.20042520761489869,0.9761390089988709],"EasingStyle":"Linear","EasingDirection":"In"},"Torso":{"Weight":1,"CFrame":[-0.7726166248321533,1.1559643745422364,-0.05930495262145996,0.7576177716255188,0.6485981941223145,-0.07304558902978897,-0.6509588360786438,0.759017288684845,-0.012057646177709103,0.04762229695916176,0.05668476223945618,0.9972557425498962],"EasingStyle":"Linear","EasingDirection":"In"},"HumanoidRootPart":{"Weight":1,"CFrame":[0,0,0,1,0,0,0,1,0,0,0,1],"EasingStyle":"Linear","EasingDirection":"In"},"Left Arm":{"Weight":1,"CFrame":[-0.415005087852478,-0.3592854142189026,0.07868993282318115,-0.17855964601039887,0.7789466977119446,-0.6011311411857605,-0.9243455529212952,0.07657524943351746,0.37379348278045657,0.33719706535339358,0.6223971843719482,0.7063425779342651],"EasingStyle":"Linear","EasingDirection":"In"}}},{"Time":0.4399999976158142,"poses":{"Left Leg":{"Weight":1,"CFrame":[-0.2185395061969757,0.08961468935012818,0.08248627185821533,0.9583898186683655,0.12203927338123322,0.2580609917640686,-0.10738307982683182,0.9917362332344055,-0.07020027190446854,-0.26449570059776308,0.03956783935427666,0.9635748863220215],"EasingStyle":"Linear","EasingDirection":"In"},"Right Arm":{"Weight":1,"CFrame":[0.23848293721675874,-0.2055095136165619,0.12045741081237793,0.2999275326728821,-0.3517117500305176,0.8867595791816711,0.7791842818260193,0.6266152858734131,-0.015010751783847809,-0.5503775477409363,0.6954512000083923,0.4619872570037842],"EasingStyle":"Linear","EasingDirection":"In"},"Head":{"Weight":1,"CFrame":[1.1920928955078126e-7,4.470348358154297e-8,3.5762786865234377e-7,0.9997631907463074,-0.017654743045568467,0.01272554136812687,0.02121029607951641,0.9213822484016419,-0.38807862997055056,-0.004873665515333414,0.38825657963752749,0.9215385317802429],"EasingStyle":"Linear","EasingDirection":"In"},"Right Leg":{"Weight":1,"CFrame":[0.597371518611908,0.6538004875183106,0.07379639148712158,0.979853093624115,0.12375505268573761,-0.15675677359104157,-0.11857893317937851,0.9920564889907837,0.041988909244537356,0.16070793569087983,-0.022554930299520494,0.9867442846298218],"EasingStyle":"Linear","EasingDirection":"In"},"Torso":{"Weight":1,"CFrame":[-0.5520981550216675,1.1321794986724854,-0.08221268653869629,0.8514143824577332,0.5209107398986816,-0.061201199889183047,-0.523000955581665,0.8519887328147888,-0.024190492928028108,0.03954164683818817,0.052604421973228458,0.9978322982788086],"EasingStyle":"Linear","EasingDirection":"In"},"HumanoidRootPart":{"Weight":1,"CFrame":[0,0,0,1,0,0,0,1,0,0,0,1],"EasingStyle":"Linear","EasingDirection":"In"},"Left Arm":{"Weight":1,"CFrame":[-0.30095532536506655,-0.4274109899997711,0.16997170448303224,-0.1421574205160141,0.806998610496521,-0.573188304901123,-0.9248465299606323,0.09808958321809769,0.3674743175506592,0.35277503728866579,0.5823502540588379,0.7324054837226868],"EasingStyle":"Linear","EasingDirection":"In"}}},{"Time":0.47999998927116396,"poses":{"Left Leg":{"Weight":1,"CFrame":[-0.46252039074897768,0.32918781042099,0.0836029052734375,0.9812065362930298,-0.04572330787777901,0.1874648630619049,0.039200663566589358,0.9984949827194214,0.038356486707925799,-0.18893657624721528,-0.030286915600299836,0.9815221428871155],"EasingStyle":"Linear","EasingDirection":"In"},"Right Arm":{"Weight":1,"CFrame":[0.2571079134941101,-0.2054480016231537,0.12290477752685547,0.26339229941368105,-0.3372768461704254,0.9038079977035523,0.7977152466773987,0.6029883027076721,-0.007455287501215935,-0.5424711108207703,0.722944974899292,0.4278733432292938],"EasingStyle":"Linear","EasingDirection":"In"},"Head":{"Weight":1,"CFrame":[5.21540641784668e-8,2.086162567138672e-7,2.384185791015625e-7,0.9999418258666992,0.004483126103878021,0.009809555485844612,-0.0009410070488229394,0.9423112273216248,-0.33473682403564455,-0.01074433233588934,0.33470818400382998,0.9422606825828552],"EasingStyle":"Linear","EasingDirection":"In"},"Right Leg":{"Weight":1,"CFrame":[0.5482140779495239,0.353762686252594,0.19433212280273438,0.9566689133644104,0.1653190702199936,-0.23969583213329316,-0.19565482437610627,0.9746315479278565,-0.10868623852729798,0.21564726531505586,0.15087436139583589,0.9647452235221863],"EasingStyle":"Linear","EasingDirection":"In"},"Torso":{"Weight":1,"CFrame":[-0.31503573060035708,1.1000386476516724,-0.12178611755371094,0.9290025234222412,0.3683622479438782,-0.03555018827319145,-0.3696371912956238,0.9282798171043396,-0.04080473259091377,0.01796959899365902,0.051048364490270618,0.9985345005989075],"EasingStyle":"Linear","EasingDirection":"In"},"HumanoidRootPart":{"Weight":1,"CFrame":[0,0,0,1,0,0,0,1,0,0,0,1],"EasingStyle":"Linear","EasingDirection":"In"},"Left Arm":{"Weight":1,"CFrame":[-0.16219109296798707,-0.46090638637542727,0.2191234827041626,-0.019228685647249223,0.851700484752655,-0.5236762762069702,-0.9201509356498718,0.18980616331100465,0.34248512983322146,0.3910917043685913,0.48844650387763979,0.7800430655479431],"EasingStyle":"Linear","EasingDirection":"In"}}},{"Time":0.5199999809265137,"poses":{"Left Leg":{"Weight":1,"CFrame":[-0.6190418004989624,0.5755857229232788,-0.017535507678985597,0.9825312495231628,-0.14256072044372559,0.11961930990219116,0.11993467062711716,0.9765608310699463,0.17873074114322663,-0.14229555428028108,-0.16126205027103425,0.9765995144844055],"EasingStyle":"Linear","EasingDirection":"In"},"Right Arm":{"Weight":1,"CFrame":[0.27241989970207217,-0.20543918013572694,0.12378406524658203,0.2303467094898224,-0.3359476625919342,0.9132795929908752,0.8150436878204346,0.579350471496582,0.007542817387729883,-0.5316429734230042,0.7426252365112305,0.40726330876350405],"EasingStyle":"Linear","EasingDirection":"In"},"Head":{"Weight":1,"CFrame":[5.960464477539063e-8,8.381903171539307e-8,0,0.9992756247520447,0.03745487704873085,0.006743679754436016,-0.034400902688503268,0.9647637605667114,-0.2608591616153717,-0.01627650111913681,0.2604382038116455,0.9653534293174744],"EasingStyle":"Linear","EasingDirection":"In"},"Right Leg":{"Weight":1,"CFrame":[0.415912389755249,0.11502838134765625,0.20510661602020265,0.938876748085022,0.1454806923866272,-0.3120028078556061,-0.2168741077184677,0.9538105726242065,-0.2078731507062912,0.26735007762908938,0.2628326416015625,0.9270614981651306],"EasingStyle":"Linear","EasingDirection":"In"},"Torso":{"Weight":1,"CFrame":[-0.06972610205411911,1.0677168369293213,-0.16602516174316407,0.9785535931587219,0.20597395300865174,-0.002757163718342781,-0.20582884550094605,0.9771561622619629,-0.052919793874025348,-0.008205918595194817,0.052352357655763629,0.9985950589179993],"EasingStyle":"Linear","EasingDirection":"In"},"HumanoidRootPart":{"Weight":1,"CFrame":[0,0,0,1,0,0,0,1,0,0,0,1],"EasingStyle":"Linear","EasingDirection":"In"},"Left Arm":{"Weight":1,"CFrame":[-0.03381282091140747,-0.44694095849990847,0.21590924263000489,0.25116053223609927,0.864625096321106,-0.435134619474411,-0.8659102916717529,0.40160098671913149,0.2981879711151123,0.4325712323188782,0.3018943667411804,0.8495540022850037],"EasingStyle":"Linear","EasingDirection":"In"}}},{"Time":0.5600000023841858,"poses":{"Left Leg":{"Weight":1,"CFrame":[-0.6757396459579468,0.7626403570175171,-0.18046575784683228,0.9827452898025513,-0.1706092804670334,0.07144388556480408,0.13965076208114625,0.937674880027771,0.31821951270103457,-0.12128230929374695,-0.3027515709400177,0.9453212022781372],"EasingStyle":"Linear","EasingDirection":"In"},"Right Arm":{"Weight":1,"CFrame":[0.28382328152656557,-0.20951339602470399,0.11956918239593506,0.23575320839881898,-0.421013206243515,0.8758814334869385,0.8318048715591431,0.5534658432006836,0.04214685037732124,-0.5025147199630737,0.7186261415481567,0.4806821644306183],"EasingStyle":"Linear","EasingDirection":"In"},"Head":{"Weight":1,"CFrame":[8.568167686462403e-8,9.033828973770142e-8,3.5762786865234377e-7,0.996943473815918,0.0779409408569336,0.005376083310693502,-0.07570148259401322,0.9807240962982178,-0.18013784289360047,-0.019312577322125436,0.179180309176445,0.9836267828941345],"EasingStyle":"Linear","EasingDirection":"In"},"Right Leg":{"Weight":1,"CFrame":[0.3307263255119324,0.010149776935577393,0.1898270845413208,0.9214676022529602,0.14794841408729554,-0.3591778576374054,-0.24596069753170014,0.9378870725631714,-0.244686096906662,0.300667405128479,0.31381380558013918,0.9006220698356628],"EasingStyle":"Linear","EasingDirection":"In"},"Torso":{"Weight":1,"CFrame":[0.17262692749500276,1.038879156112671,-0.20230436325073243,0.9982480406761169,0.05252440273761749,0.027243059128522874,-0.05091950669884682,0.9970981478691101,-0.05659131333231926,-0.03013642318546772,0.055104948580265048,0.9980257749557495],"EasingStyle":"Linear","EasingDirection":"In"},"HumanoidRootPart":{"Weight":1,"CFrame":[0,0,0,1,0,0,0,1,0,0,0,1],"EasingStyle":"Linear","EasingDirection":"In"},"Left Arm":{"Weight":1,"CFrame":[0.07663033902645111,-0.41092488169670107,0.20675230026245118,0.6365213990211487,0.7164757251739502,-0.2854871451854706,-0.6654292941093445,0.6973131895065308,0.2663799822330475,0.3899286389350891,0.02041485346853733,0.9206187725067139],"EasingStyle":"Linear","EasingDirection":"In"}}},{"Time":0.6000000238418579,"poses":{"Left Leg":{"Weight":1,"CFrame":[-0.6766582727432251,0.8314517736434937,-0.2826971411705017,0.9842175245285034,-0.16826124489307404,0.05480899289250374,0.13434737920761109,0.9120500683784485,0.38744765520095827,-0.11518093943595886,-0.37396928668022158,0.920261025428772],"EasingStyle":"Linear","EasingDirection":"In"},"Right Arm":{"Weight":1,"CFrame":[0.2915014624595642,-0.21847710013389588,0.11029648780822754,0.28071823716163638,-0.6424466371536255,0.713063657283783,0.8605220317840576,0.49751177430152895,0.10947182029485703,-0.42508724331855776,0.5828760862350464,0.6924999356269836],"EasingStyle":"Linear","EasingDirection":"In"},"Head":{"Weight":1,"CFrame":[1.043081283569336e-7,-9.313225746154785e-8,-3.5762786865234377e-7,0.9924519658088684,0.12248162925243378,0.0061081768944859509,-0.12112266570329666,0.9868011474609375,-0.10748430341482163,-0.019192427396774293,0.10593319684267044,0.9941880702972412],"EasingStyle":"Linear","EasingDirection":"In"},"Right Leg":{"Weight":1,"CFrame":[0.3530448377132416,0.018220603466033937,0.19377624988555909,0.9061745405197144,0.21607807278633119,-0.3635353744029999,-0.30101144313812258,0.9333542585372925,-0.19555579125881196,0.2970519959926605,0.2866358757019043,0.9108238220214844],"EasingStyle":"Linear","EasingDirection":"In"},"Torso":{"Weight":1,"CFrame":[0.3997640907764435,1.012097716331482,-0.21737265586853028,0.9963440895080566,-0.07356937229633331,0.04342984780669212,0.07585417479276657,0.9956804513931274,-0.0535418875515461,-0.03930320218205452,0.05664046108722687,0.9976208209991455],"EasingStyle":"Linear","EasingDirection":"In"},"HumanoidRootPart":{"Weight":1,"CFrame":[0,0,0,1,0,0,0,1,0,0,0,1],"EasingStyle":"Linear","EasingDirection":"In"},"Left Arm":{"Weight":1,"CFrame":[0.1684764325618744,-0.3616792559623718,0.19237947463989259,0.929795503616333,0.3516765236854553,-0.10864679515361786,-0.3076247572898865,0.9045414328575134,0.2952490448951721,0.20210766792297364,-0.2410987913608551,0.9492228627204895],"EasingStyle":"Linear","EasingDirection":"In"}}},{"Time":0.6399999856948853,"poses":{"Left Leg":{"Weight":1,"CFrame":[-0.6687993407249451,0.7680407762527466,-0.237221360206604,0.9886304140090942,-0.14036762714385987,0.05391673743724823,0.11374242603778839,0.9326345920562744,0.34242579340934756,-0.0983501523733139,-0.332399845123291,0.9379966259002686],"EasingStyle":"Linear","EasingDirection":"In"},"Right Arm":{"Weight":1,"CFrame":[0.29583126306533816,-0.22743934392929078,0.10102379322052002,0.28282955288887026,-0.9013016223907471,0.32812023162841799,0.9166681170463562,0.35469308495521548,0.18415391445159913,-0.2823601961135864,0.24869304895401,0.9265119433403015],"EasingStyle":"Linear","EasingDirection":"In"},"Head":{"Weight":1,"CFrame":[2.9802322387695315e-8,1.4156103134155274e-7,2.384185791015625e-7,0.9859095811843872,0.1672038584947586,-0.005037738475948572,-0.16723179817199708,0.9844590425491333,-0.05361068993806839,-0.004004463087767363,0.05369776859879494,0.998549222946167],"EasingStyle":"Linear","EasingDirection":"In"},"Right Leg":{"Weight":1,"CFrame":[0.3923110365867615,0.07186180353164673,0.15830039978027345,0.9101978540420532,0.2786068916320801,-0.3064604699611664,-0.3126588761806488,0.947482705116272,-0.06723940372467041,0.27163267135620119,0.15701867640018464,0.9495055675506592],"EasingStyle":"Linear","EasingDirection":"In"},"Torso":{"Weight":1,"CFrame":[0.6048761010169983,0.9804046154022217,-0.20080041885375977,0.9874663352966309,-0.15254773199558259,0.04049172252416611,0.15453095734119416,0.9866474866867065,-0.05144868046045303,-0.03210268169641495,0.057061050087213519,0.9978545308113098],"EasingStyle":"Linear","EasingDirection":"In"},"HumanoidRootPart":{"Weight":1,"CFrame":[0,0,0,1,0,0,0,1,0,0,0,1],"EasingStyle":"Linear","EasingDirection":"In"},"Left Arm":{"Weight":1,"CFrame":[0.24106423556804658,-0.3080219030380249,0.17351841926574708,0.9980636835098267,-0.058552756905555728,0.02099003456532955,0.046626441180706027,0.9276235103607178,0.37059494853019717,-0.04117025062441826,-0.36889874935150149,0.9285573959350586],"EasingStyle":"Linear","EasingDirection":"In"}}},{"Time":0.6800000071525574,"poses":{"Left Leg":{"Weight":1,"CFrame":[-0.6294853091239929,0.6044697761535645,-0.13312894105911256,0.9970785975456238,-0.05414685234427452,0.053874421864748,0.03934832662343979,0.968646764755249,0.24530646204948426,-0.06546790152788162,-0.24246986210346223,0.9679475426673889],"EasingStyle":"Linear","EasingDirection":"In"},"Right Arm":{"Weight":1,"CFrame":[0.2971906363964081,-0.2315138578414917,0.0968090295791626,0.1344219595193863,-0.9604418873786926,-0.24388961493968965,0.980538547039032,0.093380868434906,0.1726972907781601,-0.1430911272764206,-0.26235756278038027,0.9543026685714722],"EasingStyle":"Linear","EasingDirection":"In"},"Head":{"Weight":1,"CFrame":[2.2351741790771486e-8,0,2.384185791015625e-7,0.977391242980957,0.20870192348957063,-0.03391159325838089,-0.2093345820903778,0.9777085185050964,-0.01628057099878788,0.029757868498563768,0.023011352866888047,0.9992923140525818],"EasingStyle":"Linear","EasingDirection":"In"},"Right Leg":{"Weight":1,"CFrame":[0.41320350766181948,0.1232944130897522,0.08937525749206543,0.9324805736541748,0.29456627368927,-0.20907121896743775,-0.2797794044017792,0.9550718665122986,0.09778112918138504,0.22848111391067506,-0.032685257494449618,0.972999632358551],"EasingStyle":"Linear","EasingDirection":"In"},"Torso":{"Weight":1,"CFrame":[0.7939323782920837,0.9363850355148315,-0.16162681579589845,0.9811705946922302,-0.1913473904132843,0.02627905085682869,0.192585289478302,0.9795739054679871,-0.05784513056278229,-0.014673760160803795,0.061816900968551639,0.9979796409606934],"EasingStyle":"Linear","EasingDirection":"In"},"HumanoidRootPart":{"Weight":1,"CFrame":[0,0,0,1,0,0,0,1,0,0,0,1],"EasingStyle":"Linear","EasingDirection":"In"},"Left Arm":{"Weight":1,"CFrame":[0.2937318682670593,-0.2587757110595703,0.15089702606201173,0.9326597452163696,-0.3505926728248596,0.08503284305334091,0.27993345260620119,0.8519954681396484,0.4424262046813965,-0.22755908966064454,-0.38882961869239809,0.8927645087242127],"EasingStyle":"Linear","EasingDirection":"In"}}},{"Time":0.7200000286102295,"poses":{"Left Leg":{"Weight":1,"CFrame":[-0.5185436010360718,0.3830379843711853,-0.051802754402160647,0.9933714866638184,0.09879741817712784,0.05875560641288757,-0.1069881021976471,0.981575608253479,0.15831266343593598,-0.04203227162361145,-0.16354937851428986,0.9856393337249756],"EasingStyle":"Linear","EasingDirection":"In"},"Right Arm":{"Weight":1,"CFrame":[0.27855297923088076,-0.2186136543750763,0.18289542198181153,-0.12154713273048401,-0.7102821469306946,-0.6933436393737793,0.9827995896339417,-0.1839662492275238,0.016170218586921693,-0.1390373259782791,-0.6794525384902954,0.7204256057739258],"EasingStyle":"Linear","EasingDirection":"In"},"Head":{"Weight":1,"CFrame":[2.421438694000244e-8,1.043081283569336e-7,-2.980232238769531e-7,0.9674913883209229,0.24328304827213288,-0.06909329444169998,-0.24332380294799806,0.969912588596344,0.007954349741339684,0.0689496174454689,0.009116288274526596,0.997578501701355],"EasingStyle":"Linear","EasingDirection":"In"},"Right Leg":{"Weight":1,"CFrame":[0.3850097060203552,0.1495577096939087,0.016938090324401857,0.9629620909690857,0.24301961064338685,-0.11681356281042099,-0.2069128453731537,0.9437918663024902,0.2577674090862274,0.172890305519104,-0.2240501046180725,0.9591196775436401],"EasingStyle":"Linear","EasingDirection":"In"},"Torso":{"Weight":1,"CFrame":[0.974628746509552,0.8772686719894409,-0.1156914234161377,0.9768608212471008,-0.2136278599500656,0.010303996503353119,0.21379029750823975,0.973969042301178,-0.07535301148891449,0.006061727646738291,0.07581228762865067,0.9971036911010742],"EasingStyle":"Linear","EasingDirection":"In"},"HumanoidRootPart":{"Weight":1,"CFrame":[0,0,0,1,0,0,0,1,0,0,0,1],"EasingStyle":"Linear","EasingDirection":"In"},"Left Arm":{"Weight":1,"CFrame":[0.3258174955844879,-0.22276031970977784,0.12524259090423585,0.8550830483436585,-0.5068708658218384,0.10915572941303253,0.39841172099113467,0.777053952217102,0.48729392886161806,-0.33181512355804446,-0.37318795919418337,0.8663888573646545],"EasingStyle":"Linear","EasingDirection":"In"}}},{"Time":0.7599999904632568,"poses":{"Left Leg":{"Weight":1,"CFrame":[-0.3215380012989044,0.1429792046546936,-0.013872265815734864,0.9494057893753052,0.3069416284561157,0.06644885241985321,-0.3125316798686981,0.9442126750946045,0.10385815799236298,-0.030863475054502488,-0.11937087774276734,0.9923699498176575],"EasingStyle":"Linear","EasingDirection":"In"},"Right Arm":{"Weight":1,"CFrame":[0.23010589182376862,-0.194655179977417,0.34277021884918215,-0.29558026790618899,-0.4106949269771576,-0.8625322580337524,0.929214596748352,-0.33321747183799746,-0.1597699075937271,-0.2217942476272583,-0.8487024307250977,0.48011624813079836],"EasingStyle":"Linear","EasingDirection":"In"},"Head":{"Weight":1,"CFrame":[2.0116567611694337e-7,5.960464477539063e-8,-3.5762786865234377e-7,0.9586426615715027,0.266856014728546