{"Sequence":[{"Time":0,"poses":{"Left Leg":{"Weight":1,"CFrame":[0.024648964405059816,-0.0582127571105957,-0.007104456424713135,0.9751057624816895,0.2216554582118988,-0.006125946994870901,-0.2210695892572403,0.9696395993232727,-0.1045345589518547,-0.017230844125151635,0.103286512196064,0.9945023655891419],"EasingStyle":"Linear","EasingDirection":"In"},"Right Arm":{"Weight":1,"CFrame":[0.004941225051879883,-0.28376132249832156,0.3864973783493042,-0.1001928448677063,0.055887654423713687,0.9933972358703613,0.7012248039245606,0.7122810482978821,0.030652198940515519,-0.7058649063110352,0.6996658444404602,-0.11055546998977661],"EasingStyle":"Linear","EasingDirection":"In"},"Head":{"Weight":1,"CFrame":[1.043081283569336e-7,7.450580596923828e-9,0.016662120819091798,0.8964699506759644,0.4381020963191986,0.06639521569013596,-0.44253218173980715,0.8775895833969116,0.18439540266990663,0.022516215220093728,-0.19468694925308228,0.9806069731712341],"EasingStyle":"Linear","EasingDirection":"In"},"Right Leg":{"Weight":1,"CFrame":[0.5613301992416382,0.579406201839447,0.2749900817871094,0.8887205123901367,0.18140067160129548,-0.4210338890552521,-0.1619309037923813,0.9833985567092896,0.08188842236995697,0.42889878153800967,-0.00459755165502429,0.9033408761024475],"EasingStyle":"Linear","EasingDirection":"In"},"Torso":{"Weight":1,"CFrame":[0.07344283163547516,-0.18973207473754884,-0.037735939025878909,0.8727655410766602,-0.4830302298069,0.07044224441051483,0.48469337821006777,0.8404156565666199,-0.24243316054344178,0.05790179595351219,0.2457301914691925,0.9676073789596558],"EasingStyle":"Linear","EasingDirection":"In"},"HumanoidRootPart":{"Weight":0,"CFrame":[0,0,0,1,0,0,0,1,0,0,0,1],"EasingStyle":"Linear","EasingDirection":"In"},"Left Arm":{"Weight":1,"CFrame":[0.2079622745513916,-0.279193252325058,0.1045846939086914,0.20140141248703004,-0.03893023356795311,-0.9787348508834839,-0.6119379997253418,0.7752153277397156,-0.15675804018974305,0.7648330330848694,0.6304963231086731,0.13230648636817933],"EasingStyle":"Linear","EasingDirection":"In"}}},{"Time":0.03333333507180214,"poses":{"Left Leg":{"Weight":1,"CFrame":[0.06982812285423279,-0.06537294387817383,-0.01232004165649414,0.9706503748893738,0.2249608039855957,0.08503198623657227,-0.2142329066991806,0.9694664478302002,-0.11932748556137085,-0.10927959531545639,0.09760864078998566,0.9892070889472961],"EasingStyle":"Linear","EasingDirection":"In"},"Right Arm":{"Weight":1,"CFrame":[-0.018594443798065187,-0.3253319561481476,0.3691585063934326,-0.09163930267095566,0.026149502024054529,0.9954488277435303,0.7026992440223694,0.7099959254264832,0.0460381843149662,-0.7055608034133911,0.7037201523780823,-0.08343901485204697],"EasingStyle":"Linear","EasingDirection":"In"},"Head":{"Weight":1,"CFrame":[3.725290298461914e-8,-6.705522537231445e-8,0.016661763191223146,0.8294668793678284,0.5537530183792114,0.0730924978852272,-0.5575864315032959,0.8131992220878601,0.16674679517745973,0.03289777413010597,-0.17906630039215089,0.9832869172096252],"EasingStyle":"Linear","EasingDirection":"In"},"Right Leg":{"Weight":1,"CFrame":[0.4637744724750519,0.6450557708740234,0.1821213960647583,0.8945865631103516,0.06835093349218369,-0.4416366517543793,0.002948157722130418,0.9873104095458984,0.1587752401828766,0.44688481092453005,-0.14334025979042054,0.8830332159996033],"EasingStyle":"Linear","EasingDirection":"In"},"Torso":{"Weight":1,"CFrame":[0.07123513519763947,-0.1690426468849182,-0.03626298904418945,0.7994455099105835,-0.5953988432884216,0.07992033660411835,0.5970487594604492,0.7727497220039368,-0.21538539230823518,0.06648179888725281,0.21990522742271424,0.9732532501220703],"EasingStyle":"Linear","EasingDirection":"In"},"HumanoidRootPart":{"Weight":0,"CFrame":[0,0,0,1,0,0,0,1,0,0,0,1],"EasingStyle":"Linear","EasingDirection":"In"},"Left Arm":{"Weight":1,"CFrame":[0.2088092565536499,-0.2729034423828125,0.10103607177734375,0.1764814257621765,-0.04345862939953804,-0.9833441972732544,-0.6024366617202759,0.7852840423583984,-0.1428251564502716,0.7784114480018616,0.6176086068153381,0.11240676045417786],"EasingStyle":"Linear","EasingDirection":"In"}}},{"Time":0.06666667014360428,"poses":{"Left Leg":{"Weight":1,"CFrame":[0.10469499230384827,-0.05588686466217041,-0.017434298992156984,0.9698862433433533,0.18755052983760835,0.15538837015628816,-0.17298491299152375,0.979566216468811,-0.1025976911187172,-0.1714555025100708,0.07262827455997467,0.9825111627578735],"EasingStyle":"Linear","EasingDirection":"In"},"Right Arm":{"Weight":1,"CFrame":[-0.07831123471260071,-0.3528245985507965,0.3242218494415283,-0.05933281034231186,-0.025306643918156625,0.9979174137115479,0.6911518573760986,0.7202677726745606,0.05935906618833542,-0.7202699184417725,0.693234384059906,-0.02524489536881447],"EasingStyle":"Linear","EasingDirection":"In"},"Head":{"Weight":1,"CFrame":[7.450580596923828e-8,-4.470348358154297e-8,0.016661524772644044,0.7769449353218079,0.6272427439689636,0.05406642705202103,-0.6290119290351868,0.7697795629501343,0.10855193436145783,0.02646915800869465,-0.11834736913442612,0.992619514465332],"EasingStyle":"Linear","EasingDirection":"In"},"Right Leg":{"Weight":1,"CFrame":[0.4892946183681488,0.557594358921051,0.08478081226348877,0.9286978244781494,0.053989872336387637,-0.36688584089279177,0.046562813222408298,0.9645382761955261,0.2598031461238861,0.36790215969085696,-0.25836193561553957,0.8932509422302246],"EasingStyle":"Linear","EasingDirection":"In"},"Torso":{"Weight":1,"CFrame":[0.04918602108955383,-0.1281454861164093,-0.031206369400024415,0.742987871170044,-0.6656078100204468,0.07025213539600373,0.6671125292778015,0.7279745936393738,-0.1581580638885498,0.0541294626891613,0.16437560319900514,0.9849115014076233],"EasingStyle":"Linear","EasingDirection":"In"},"HumanoidRootPart":{"Weight":0,"CFrame":[0,0,0,1,0,0,0,1,0,0,0,1],"EasingStyle":"Linear","EasingDirection":"In"},"Left Arm":{"Weight":1,"CFrame":[0.211055725812912,-0.25713860988616946,0.09207677841186524,0.15610089898109437,-0.039626505225896838,-0.9869459271430969,-0.5828787088394165,0.8029752373695374,-0.12443138659000397,0.7974239587783814,0.5946936011314392,0.10224758088588715],"EasingStyle":"Linear","EasingDirection":"In"}}},{"Time":0.10000000149011612,"poses":{"Left Leg":{"Weight":1,"CFrame":[0.1152409166097641,-0.030237555503845216,-0.01825493574142456,0.9717933535575867,0.11893169581890106,0.20364883542060853,-0.10944446921348572,0.9923416376113892,-0.057272352278232577,-0.2089008241891861,0.03336870297789574,0.9773674607276917],"EasingStyle":"Linear","EasingDirection":"In"},"Right Arm":{"Weight":1,"CFrame":[-0.15934281051158906,-0.3691832423210144,0.26339709758758547,-0.010327287018299103,-0.0860607698559761,0.9962363839149475,0.6726111173629761,0.7366199493408203,0.0706057921051979,-0.7399241328239441,0.6708089113235474,0.05027782544493675],"EasingStyle":"Linear","EasingDirection":"In"},"Head":{"Weight":1,"CFrame":[7.82310962677002e-8,-7.450580596923828e-9,0.016661643981933595,0.7426941990852356,0.6694235801696777,0.016654031351208688,-0.6695812344551086,0.7421070337295532,0.03062986396253109,0.008145298808813095,-0.03389981761574745,0.9993921518325806],"EasingStyle":"Linear","EasingDirection":"In"},"Right Leg":{"Weight":1,"CFrame":[0.5205407738685608,0.39404720067977908,0.012746334075927735,0.9717800617218018,0.06496524810791016,-0.22676630318164826,0.013211757875978947,0.9448290467262268,0.3272973299026489,0.2355184257030487,-0.3210570812225342,0.9173077940940857],"EasingStyle":"Linear","EasingDirection":"In"},"Torso":{"Weight":1,"CFrame":[0.014474868774414063,-0.08308239281177521,-0.02938675880432129,0.7064425945281982,-0.7061677575111389,0.047602538019418719,0.7072234153747559,0.7016544938087463,-0.08669496327638626,0.02782067097723484,0.0949106365442276,0.9950969815254211],"EasingStyle":"Linear","EasingDirection":"In"},"HumanoidRootPart":{"Weight":0,"CFrame":[0,0,0,1,0,0,0,1,0,0,0,1],"EasingStyle":"Linear","EasingDirection":"In"},"Left Arm":{"Weight":1,"CFrame":[0.21341083943843842,-0.23628950119018556,0.08007049560546875,0.14056555926799775,-0.029679272323846818,-0.9896265268325806,-0.5582283139228821,0.8231465220451355,-0.10397671163082123,0.8176935315132141,0.5670530200004578,0.09913813322782517],"EasingStyle":"Linear","EasingDirection":"In"}}},{"Time":0.13333334028720857,"poses":{"Left Leg":{"Weight":1,"CFrame":[-0.07032452523708344,0.019849538803100587,0.026031494140625,0.9716850519180298,-0.05618089437484741,0.22950375080108643,0.05680787190794945,0.9983776211738586,0.0038794702850282194,-0.22934934496879579,0.00926793273538351,0.973300039768219],"EasingStyle":"Linear","EasingDirection":"In"},"Right Arm":{"Weight":1,"CFrame":[-0.24683627486228944,-0.3773236870765686,0.19849026203155518,0.04669826105237007,-0.14364787936210633,0.9885265231132507,0.6530269384384155,0.7532439827919006,0.07860846072435379,-0.7558935284614563,0.6418635845184326,0.1289810687303543],"EasingStyle":"Linear","EasingDirection":"In"},"Head":{"Weight":1,"CFrame":[8.277129381895065e-8,0,0.01666247844696045,0.7244951128959656,0.6887641549110413,-0.02666269615292549,-0.6891307830810547,0.722991406917572,-0.048807837069034579,-0.014340201392769814,0.05373510345816612,0.9984522461891174],"EasingStyle":"Linear","EasingDirection":"In"},"Right Leg":{"Weight":1,"CFrame":[0.4948555827140808,0.22519314289093018,-0.030207157135009767,0.9954329133033752,0.06601522117853165,-0.06895861774682999,-0.03911081328988075,0.9409672021865845,0.3362308442592621,0.08708424121141434,-0.33199822902679446,0.9392516016960144],"EasingStyle":"Linear","EasingDirection":"In"},"Torso":{"Weight":1,"CFrame":[-0.023517608642578126,-0.04895879328250885,-0.03488302230834961,0.6868705749511719,-0.7264817357063294,0.020812710747122766,0.7267743349075317,0.6866945624351502,-0.015801604837179185,-0.002812399296090007,0.025979800149798394,0.9996585249900818],"EasingStyle":"Linear","EasingDirection":"In"},"HumanoidRootPart":{"Weight":0,"CFrame":[0,0,0,1,0,0,0,1,0,0,0,1],"EasingStyle":"Linear","EasingDirection":"In"},"Left Arm":{"Weight":1,"CFrame":[0.21457351744174958,-0.21472713351249696,0.0673896074295044,0.13022883236408235,-0.016135873273015024,-0.9913526773452759,-0.5340407490730286,0.8412908315658569,-0.08384763449430466,0.8353688716888428,0.5403420329093933,0.10094300657510758],"EasingStyle":"Linear","EasingDirection":"In"}}},{"Time":0.1666666716337204,"poses":{"Left Leg":{"Weight":1,"CFrame":[-0.15234655141830445,0.04900425672531128,0.045012593269348147,0.9580267071723938,-0.16347400844097138,0.23550206422805787,0.15230488777160645,0.9861946105957031,0.06498891860246659,-0.24287483096122743,-0.02639302983880043,0.9696986079216003],"EasingStyle":"Linear","EasingDirection":"In"},"Right Arm":{"Weight":1,"CFrame":[-0.32601088285446169,-0.3801169991493225,0.14143729209899903,0.10123267769813538,-0.1870368868112564,0.977122962474823,0.6385518908500671,0.7653729319572449,0.08034878969192505,-0.7628915309906006,0.6158096790313721,0.196913480758667],"EasingStyle":"Linear","EasingDirection":"In"},"Head":{"Weight":1,"CFrame":[8.539063856005669e-8,-1.3707904145121575e-8,0.01666247844696045,0.7167289853096008,0.6945095658302307,-0.06289733946323395,-0.6965613961219788,0.7087052464485169,-0.1119786947965622,-0.033194635063409808,0.12407023459672928,0.991718053817749],"EasingStyle":"Linear","EasingDirection":"In"},"Right Leg":{"Weight":1,"CFrame":[0.4326407313346863,0.1050686240196228,-0.044003844261169437,0.9965106844902039,0.06306259334087372,0.054677966982126239,-0.07672452181577683,0.9500229358673096,0.30260512232780459,-0.03286225348711014,-0.30574432015419009,0.9515463709831238],"EasingStyle":"Linear","EasingDirection":"In"},"Torso":{"Weight":1,"CFrame":[-0.05546627938747406,-0.040962591767311099,-0.04785013198852539,0.6778801083564758,-0.7351713180541992,-0.001343883341178298,0.7346309423446655,0.6773093938827515,0.039616260677576068,-0.028214512392878534,-0.027842331677675248,0.9992141723632813],"EasingStyle":"Linear","EasingDirection":"In"},"HumanoidRootPart":{"Weight":0,"CFrame":[0,0,0,1,0,0,0,1,0,0,0,1],"EasingStyle":"Linear","EasingDirection":"In"},"Left Arm":{"Weight":1,"CFrame":[0.21323531866073609,-0.1967986524105072,0.05642497539520264,0.1252305656671524,-0.0017313940916210414,-0.9921262264251709,-0.5165793895721436,0.8536379933357239,-0.06669479608535767,0.8470319509506226,0.5208640694618225,0.10600706934928894],"EasingStyle":"Linear","EasingDirection":"In"}}},{"Time":0.20000000298023225,"poses":{"Left Leg":{"Weight":1,"CFrame":[-0.20944282412528993,0.06881743669509888,0.053931355476379397,0.9462817311286926,-0.2292814552783966,0.22799330949783326,0.20863328874111176,0.9716503024101257,0.1112116202712059,-0.24702845513820649,-0.05767051875591278,0.9672906398773193],"EasingStyle":"Linear","EasingDirection":"In"},"Right Arm":{"Weight":1,"CFrame":[-0.3821759521961212,-0.38040369749069216,0.10426008701324463,0.14219176769256593,-0.2073279172182083,0.9678826332092285,0.6353412866592407,0.768926203250885,0.07137177139520645,-0.7590277194976807,0.6047871708869934,0.24105891585350038],"EasingStyle":"Linear","EasingDirection":"In"},"Head":{"Weight":1,"CFrame":[1.0756775736808777e-7,9.313225746154785e-9,0.0166623592376709,0.7121307253837586,0.6973816752433777,-0.08080153912305832,-0.7007939219474793,0.6992623209953308,-0.14113831520080567,-0.04192576929926872,0.15713408589363099,0.9866869449615479],"EasingStyle":"Linear","EasingDirection":"In"},"Right Leg":{"Weight":1,"CFrame":[0.435726135969162,0.059071123600006106,-0.0448993444442749,0.9901706576347351,0.09874147176742554,0.0990566685795784,-0.12179501354694367,0.9569140672683716,0.26359349489212038,-0.06876099109649658,-0.2730671763420105,0.9595344066619873],"EasingStyle":"Linear","EasingDirection":"In"},"Torso":{"Weight":1,"CFrame":[-0.07312840968370438,-0.0744057297706604,-0.06558871269226074,0.6713730096817017,-0.74103182554245,-0.011409508995711804,0.7400307655334473,0.6694729328155518,0.06450205296278,-0.04015970602631569,-0.05174832418560982,0.9978524446487427],"EasingStyle":"Linear","EasingDirection":"In"},"HumanoidRootPart":{"Weight":0,"CFrame":[0,0,0,1,0,0,0,1,0,0,0,1],"EasingStyle":"Linear","EasingDirection":"In"},"Left Arm":{"Weight":1,"CFrame":[0.2080870419740677,-0.18683108687400819,0.04958224296569824,0.12541648745536805,0.01073783915489912,-0.9920461177825928,-0.5125131011009216,0.8568828105926514,-0.055518317967653278,0.8494710326194763,0.5153995156288147,0.11297040432691574],"EasingStyle":"Linear","EasingDirection":"In"}}},{"Time":0.23333333432674409,"poses":{"Left Leg":{"Weight":1,"CFrame":[-0.24461737275123597,0.08350425958633423,0.055166006088256839,0.9456547498703003,-0.2440326064825058,0.21490710973739625,0.21943353116512299,0.9666458368301392,0.13207870721817017,-0.23997068405151368,-0.07774300128221512,0.9676622152328491],"EasingStyle":"Linear","EasingDirection":"In"},"Right Arm":{"Weight":1,"CFrame":[-0.4058481454849243,-0.38067275285720827,0.09506762027740479,0.16229777038097382,-0.2015606015920639,0.9659363031387329,0.6465058326721191,0.7612541913986206,0.05022318288683891,-0.7454460859298706,0.6163322329521179,0.25385981798171999],"EasingStyle":"Linear","EasingDirection":"In"},"Head":{"Weight":1,"CFrame":[6.705522537231445e-8,-1.4901161193847657e-8,0.016662240028381349,0.7046915888786316,0.7056931257247925,-0.07353300601243973,-0.7085719108581543,0.6946280002593994,-0.12416893243789673,-0.036547061055898669,0.13960430026054383,0.9895327687263489],"EasingStyle":"Linear","EasingDirection":"In"},"Right Leg":{"Weight":1,"CFrame":[0.5259284377098084,0.0645376443862915,-0.03979212045669556,0.9814892411231995,0.1771809160709381,0.07270385324954987,-0.1894378960132599,0.9539489150047302,0.2325829118490219,-0.028146542608737947,-0.24205054342746736,0.9698554277420044],"EasingStyle":"Linear","EasingDirection":"In"},"Torso":{"Weight":1,"CFrame":[-0.07171894609928131,-0.15592771768569947,-0.08541083335876465,0.6609254479408264,-0.7504379153251648,-0.004537172149866819,0.749714195728302,0.6599960923194885,0.04830987751483917,-0.03325905650854111,-0.03533080965280533,0.9988220930099487],"EasingStyle":"Linear","EasingDirection":"In"},"HumanoidRootPart":{"Weight":0,"CFrame":[0,0,0,1,0,0,0,1,0,0,0,1],"EasingStyle":"Linear","EasingDirection":"In"},"Left Arm":{"Weight":1,"CFrame":[0.19811633229255677,-0.18852755427360536,0.05070793628692627,0.12972348928451539,0.019016655161976816,-0.9913679361343384,-0.5265403985977173,0.8485199213027954,-0.05262315645813942,0.8401947021484375,0.5288217067718506,0.1200859546661377],"EasingStyle":"Linear","EasingDirection":"In"}}},{"Time":0.2666666805744171,"poses":{"Left Leg":{"Weight":1,"CFrame":[-0.2611674666404724,0.0946304202079773,0.052031517028808597,0.9566478133201599,-0.21079646050930024,0.20097213983535767,0.1884421408176422,0.9741295576095581,0.1247449666261673,-0.22206874191761018,-0.08146538585424423,0.9716217517852783],"EasingStyle":"Linear","EasingDirection":"In"},"Right Arm":{"Weight":1,"CFrame":[-0.4081829786300659,-0.3819619119167328,0.10627210140228272,0.16673599183559419,-0.18578441441059113,0.9683405160903931,0.6636784672737122,0.7474507689476013,0.029127731919288636,-0.7291982769966126,0.6378099918365479,0.2479279637336731],"EasingStyle":"Linear","EasingDirection":"In"},"Head":{"Weight":1,"CFrame":[6.705522537231445e-8,1.862645149230957e-9,0.016662240028381349,0.6952328085899353,0.7172483205795288,-0.046973053365945819,-0.7185376882553101,0.6917953491210938,-0.07157230377197266,-0.01883947290480137,0.0835113450884819,0.9963287711143494],"EasingStyle":"Linear","EasingDirection":"In"},"Right Leg":{"Weight":1,"CFrame":[0.6076251864433289,0.08625441789627075,-0.01680886745452881,0.9702067971229553,0.24133270978927613,0.02138548344373703,-0.24064980447292329,0.9497057199478149,0.20036642253398896,0.028045035898685457,-0.1995432823896408,0.9794875979423523],"EasingStyle":"Linear","EasingDirection":"In"},"Torso":{"Weight":1,"CFrame":[-0.05748691409826279,-0.2573477029800415,-0.10645103454589844,0.6487227082252502,-0.7608333230018616,0.017077611759305,0.7609580159187317,0.6487998962402344,-0.0013048741966485978,-0.010087160393595696,0.013841847889125348,0.9998533129692078],"EasingStyle":"Linear","EasingDirection":"In"},"HumanoidRootPart":{"Weight":0,"CFrame":[0,0,0,1,0,0,0,1,0,0,0,1],"EasingStyle":"Linear","EasingDirection":"In"},"Left Arm":{"Weight":1,"CFrame":[0.18348544836044312,-0.20309337973594666,0.06940853595733643,0.13425582647323609,0.02262505143880844,-0.9906884431838989,-0.5557165145874023,0.8294588923454285,-0.05636672303080559,0.8204600214958191,0.5581094026565552,0.12393265962600708],"EasingStyle":"Linear","EasingDirection":"In"}}},{"Time":0.30000001192092898,"poses":{"Left Leg":{"Weight":1,"CFrame":[-0.2647174596786499,0.10095667839050293,0.04801678657531738,0.9729782938957214,-0.1361006796360016,0.18652039766311646,0.12140898406505585,0.9886851906776428,0.08809976279735565,-0.19640041887760163,-0.06307388097047806,0.9784930348396301],"EasingStyle":"Linear","EasingDirection":"In"},"Right Arm":{"Weight":1,"CFrame":[-0.4054862856864929,-0.3848864436149597,0.12637293338775636,0.16271555423736573,-0.1804923713207245,0.9700239300727844,0.6761776804924011,0.7363609671592712,0.023589858785271646,-0.7185453772544861,0.6520698666572571,0.24186214804649354],"EasingStyle":"Linear","EasingDirection":"In"},"Head":{"Weight":1,"CFrame":[9.685754776000977e-8,4.1443854570388797e-8,0.016662120819091798,0.6866462230682373,0.7269096970558167,-0.010921208187937737,-0.7269478440284729,0.6866924166679382,0.0006766952574253082,0.007991431280970574,0.007474393583834171,0.9999401569366455],"EasingStyle":"Linear","EasingDirection":"In"},"Right Leg":{"Weight":1,"CFrame":[0.6509886980056763,0.12378543615341187,0.020296812057495118,0.9633578658103943,0.2650693356990814,-0.04098543897271156,-0.2545378506183624,0.951662003993988,0.17190125584602357,0.08456999808549881,-0.15517011284828187,0.9842612743377686],"EasingStyle":"Linear","EasingDirection":"In"},"Torso":{"Weight":1,"CFrame":[-0.03992524743080139,-0.34173524379730227,-0.12920141220092774,0.6395502090454102,-0.7671931982040405,0.04888856038451195,0.7683680653572083,0.6359360814094544,-0.07208246737718582,0.02421116642653942,0.08366474509239197,0.996199905872345],"EasingStyle":"Linear","EasingDirection":"In"},"HumanoidRootPart":{"Weight":0,"CFrame":[0,0,0,1,0,0,0,1,0,0,0,1],"EasingStyle":"Linear","EasingDirection":"In"},"Left Arm":{"Weight":1,"CFrame":[0.1646423190832138,-0.23112177848815919,0.11672234535217285,0.13469310104846955,0.02129002846777439,-0.990658700466156,-0.5949888229370117,0.8012076020240784,-0.06367817521095276,0.7923673987388611,0.5980077385902405,0.12058424949645996],"EasingStyle":"Linear","EasingDirection":"In"}}},{"Time":0.3333333432674408,"poses":{"Left Leg":{"Weight":1,"CFrame":[-0.3711603581905365,0.14047127962112428,0.06325507164001465,0.9810871481895447,-0.09441253542900086,0.16898012161254884,0.09135875850915909,0.9954844117164612,0.02577385865151882,-0.1706504225730896,-0.009848570451140404,0.9852824211120606],"EasingStyle":"Linear","EasingDirection":"In"},"Right Arm":{"Weight":1,"CFrame":[-0.4023324251174927,-0.40164947509765627,0.14992928504943849,0.1461925059556961,-0.18665188550949098,0.9714879393577576,0.6845194697380066,0.7280614972114563,0.036873769015073779,-0.7141854763031006,0.659611701965332,0.23420388996601106],"EasingStyle":"Linear","EasingDirection":"In"},"Head":{"Weight":1,"CFrame":[8.940696716308594e-8,3.3527612686157229e-8,0.016661882400512697,0.6830942034721375,0.7299721837043762,0.022869201377034189,-0.7293058037757874,0.6801433563232422,0.07428403943777085,0.03867095336318016,-0.06742163002490998,0.9969748854637146],"EasingStyle":"Linear","EasingDirection":"In"},"Right Leg":{"Weight":1,"CFrame":[0.6490566730499268,0.19593143463134767,0.055245280265808108,0.9672704339027405,0.2296634465456009,-0.1079009547829628,-0.21040353178977967,0.96361243724823,0.16486826539039613,0.1418389230966568,-0.13676953315734864,0.9803957939147949],"EasingStyle":"Linear","EasingDirection":"In"},"Torso":{"Weight":1,"CFrame":[-0.02783164381980896,-0.34925827383995058,-0.15455198287963868,0.6380932927131653,-0.7652521729469299,0.08500625193119049,0.7673672437667847,0.6230065822601318,-0.15169169008731843,0.0631229355931282,0.16202446818351746,0.9847657680511475],"EasingStyle":"Linear","EasingDirection":"In"},"HumanoidRootPart":{"Weight":0,"CFrame":[0,0,0,1,0,0,0,1,0,0,0,1],"EasingStyle":"Linear","EasingDirection":"In"},"Left Arm":{"Weight":1,"CFrame":[0.14243894815444947,-0.2716449499130249,0.19851136207580567,0.12736140191555024,0.014439154416322708,-0.9917513132095337,-0.6394105553627014,0.765583336353302,-0.07096721231937409,0.7582435607910156,0.6431747674942017,0.10673827677965164],"EasingStyle":"Linear","EasingDirection":"In"}}},{"Time":0.36666667461395266,"poses":{"Left Leg":{"Weight":1,"CFrame":[-0.5327752232551575,0.24510717391967774,0.09411919116973877,0.9848549962043762,-0.08996808528900147,0.14821036159992219,0.09809461236000061,0.9939969778060913,-0.048451151698827746,-0.1429615169763565,0.06225602701306343,0.9877683520317078],"EasingStyle":"Linear","EasingDirection":"In"},"Right Arm":{"Weight":1,"CFrame":[-0.3941364884376526,-0.4363158941268921,0.17520427703857423,0.11476027965545654,-0.19099079072475434,0.974860429763794,0.6935181021690369,0.7180168628692627,0.05903013050556183,-0.7112402319908142,0.6693089604377747,0.21485517919063569],"EasingStyle":"Linear","EasingDirection":"In"},"Head":{"Weight":1,"CFrame":[7.450580596923828e-8,-7.450580596923828e-9,0.016662001609802247,0.6895812749862671,0.7226141691207886,0.0480257123708725,-0.7211005687713623,0.6789737939834595,0.1378713697195053,0.06701955944299698,-0.1297048181295395,0.9892851710319519],"EasingStyle":"Linear","EasingDirection":"In"},"Right Leg":{"Weight":1,"CFrame":[0.6073544025421143,0.29997187852859499,0.07344174385070801,0.9744690656661987,0.14317409694194795,-0.17294882237911225,-0.1121821179986,0.9777371287345886,0.17732803523540498,0.19448719918727876,-0.15339893102645875,0.96883624792099],"EasingStyle":"Linear","EasingDirection":"In"},"Torso":{"Weight":1,"CFrame":[-0.023713916540145875,-0.27170825004577639,-0.18172359466552735,0.6481677293777466,-0.7522312998771668,0.11843430250883103,0.7550346255302429,0.614626407623291,-0.22837935388088227,0.0990012064576149,0.23745015263557435,0.9663416743278503],"EasingStyle":"Linear","EasingDirection":"In"},"HumanoidRootPart":{"Weight":0,"CFrame":[0,0,0,1,0,0,0,1,0,0,0,1],"EasingStyle":"Linear","EasingDirection":"In"},"Left Arm":{"Weight":1,"CFrame":[0.11946451663970947,-0.3173956573009491,0.29986631870269778,0.11555197834968567,0.003960461355745792,-0.9932935833930969,-0.682438313961029,0.7269299626350403,-0.0764913484454155,0.7217518091201782,0.6867002844810486,0.08670074492692948],"EasingStyle":"Linear","EasingDirection":"In"}}},{"Time":0.4000000059604645,"poses":{"Left Leg":{"Weight":1,"CFrame":[-0.6350405216217041,0.3750951886177063,0.1336040496826172,0.9883690476417542,-0.08047625422477722,0.12903514504432679,0.09627285599708557,0.9879405498504639,-0.12126441299915314,-0.11772021651268006,0.13227662444114686,0.9841976165771484],"EasingStyle":"Linear","EasingDirection":"In"},"Right Arm":{"Weight":1,"CFrame":[-0.38349005579948428,-0.4772331118583679,0.19628429412841798,0.07738694548606873,-0.19329895079135896,0.9780833721160889,0.699491560459137,0.7095811367034912,0.08489018678665161,-0.7104384899139404,0.6775915026664734,0.19012309610843659],"EasingStyle":"Linear","EasingDirection":"In"},"Head":{"Weight":1,"CFrame":[2.086162567138672e-7,2.2351741790771486e-8,0.01666259765625,0.7095816731452942,0.701892614364624,0.061973609030246738,-0.6991279125213623,0.6903558373451233,0.1860886514186859,0.0878303274512291,-0.1753726303577423,0.9805765151977539],"EasingStyle":"Linear","EasingDirection":"In"},"Right Leg":{"Weight":1,"CFrame":[0.5391390323638916,0.398462176322937,0.06821882724761963,0.9748364686965942,0.02917799912393093,-0.22100354731082917,0.014180868864059449,0.9812721014022827,0.1921038031578064,0.22246985137462617,-0.19040383398532868,0.9561660885810852],"EasingStyle":"Linear","EasingDirection":"In"},"Torso":{"Weight":1,"CFrame":[-0.028360426425933839,-0.150371253490448,-0.2055063247680664,0.6722571849822998,-0.7265561819076538,0.14207860827445985,0.7298424243927002,0.6182551980018616,-0.2917029857635498,0.1240977942943573,0.29979443550109866,0.9458981156349182],"EasingStyle":"Linear","EasingDirection":"In"},"HumanoidRootPart":{"Weight":0,"CFrame":[0,0,0,1,0,0,0,1,0,0,0,1],"EasingStyle":"Linear","EasingDirection":"In"},"Left Arm":{"Weight":1,"CFrame":[0.09878194332122803,-0.359469473361969,0.40070152282714846,0.10520961880683899,-0.006424576975405216,-0.994429349899292,-0.7175622582435608,0.6918397545814514,-0.08038721978664398,0.6885022521018982,0.7220224738121033,0.06817808002233505],"EasingStyle":"Linear","EasingDirection":"In"}}},{"Time":0.4333333373069763,"poses":{"Left Leg":{"Weight":1,"CFrame":[-0.6686935424804688,0.4793490171432495,0.1798539161682129,0.9900809526443481,-0.06836865842342377,0.12274112552404404,0.08975033462047577,0.979902982711792,-0.1781434416770935,-0.10809503495693207,0.187392458319664,0.976319432258606],"EasingStyle":"Linear","EasingDirection":"In"},"Right Arm":{"Weight":1,"CFrame":[-0.3730074167251587,-0.5127463340759277,0.20725619792938233,0.04322940111160278,-0.19393129646778108,0.9800623059272766,0.699536919593811,0.7062508463859558,0.10889468342065811,-0.7132877707481384,0.6808820962905884,0.16619281470775605],"EasingStyle":"Linear","EasingDirection":"In"},"Head":{"Weight":1,"CFrame":[1.6391277313232423e-7,-5.21540641784668e-8,0.016661763191223146,0.7452741265296936,0.6637725830078125,0.0630272850394249,-0.6597477793693543,0.7204645276069641,0.21369074285030366,0.09643317013978958,-0.20084036886692048,0.9748660326004028],"EasingStyle":"Linear","EasingDirection":"In"},"Right Leg":{"Weight":1,"CFrame":[0.4706289768218994,0.4555121660232544,0.04386627674102783,0.9682255387306213,-0.08669586479663849,-0.23457008600234986,0.13590778410434724,0.9697951078414917,0.2025502473115921,0.20992477238178254,-0.22799424827098847,0.9507630467414856],"EasingStyle":"Linear","EasingDirection":"In"},"Torso":{"Weight":1,"CFrame":[-0.041687726974487308,-0.027370810508728029,-0.21838593482971192,0.7115187048912048,-0.6864908933639526,0.14990462362766267,0.6902117133140564,0.6428263187408447,-0.33223816752433779,0.13171589374542237,0.33985957503318789,0.9312069416046143],"EasingStyle":"Linear","EasingDirection":"In"},"HumanoidRootPart":{"Weight":0,"CFrame":[0,0,0,1,0,0,0,1,0,0,0,1],"EasingStyle":"Linear","EasingDirection":"In"},"Left Arm":{"Weight":1,"CFrame":[0.08348274230957031,-0.38891878724098208,0.48097753524780276,0.10174910724163056,-0.012250813655555249,-0.9947347044944763,-0.7393780946731567,0.6680479645729065,-0.08385682106018067,0.6655578017234802,0.7440174221992493,0.05891518294811249],"EasingStyle":"Linear","EasingDirection":"In"}}},{"Time":0.46666666865348818,"poses":{"Left Leg":{"Weight":1,"CFrame":[-0.6654233932495117,0.510955274105072,0.21896123886108399,0.9863091707229614,-0.07487310469150543,0.14692936837673188,0.10378865152597428,0.9742298126220703,-0.20026059448719026,-0.12814877927303315,0.21276845037937165,0.968662679195404],"EasingStyle":"Linear","EasingDirection":"In"},"Right Arm":{"Weight":1,"CFrame":[-0.3653237223625183,-0.531196653842926,0.20220494270324708,0.021501274779438974,-0.19363391399383546,0.9808382391929627,0.6914923787117004,0.7114357352256775,0.1252908706665039,-0.7220637202262878,0.6755480766296387,0.14919304847717286],"EasingStyle":"Linear","EasingDirection":"In"},"Head":{"Weight":1,"CFrame":[7.450580596923828e-8,-6.705522537231445e-8,0.01666247844696045,0.7971206903457642,0.6017130017280579,0.05039958283305168,-0.5970445871353149,0.7729567885398865,0.21465276181697846,0.09020272642374039,-0.20119503140449525,0.9753891825675964],"EasingStyle":"Linear","EasingDirection":"In"},"Right Leg":{"Weight":1,"CFrame":[0.43607932329177859,0.4544050097465515,0.01087045669555664,0.9646717309951782,-0.17516542971134187,-0.19678780436515809,0.21591797471046449,0.9536538124084473,0.209580197930336,0.15095621347427369,-0.24466611444950105,0.9577842950820923],"EasingStyle":"Linear","EasingDirection":"In"},"Torso":{"Weight":1,"CFrame":[-0.061888277530670169,0.055936455726623538,-0.21256518363952638,0.7659066915512085,-0.6279730796813965,0.13797405362129212,0.632181704044342,0.6964188814163208,-0.3396280109882355,0.11718948185443878,0.34734803438186648,0.9303848743438721],"EasingStyle":"Linear","EasingDirection":"In"},"HumanoidRootPart":{"Weight":0,"CFrame":[0,0,0,1,0,0,0,1,0,0,0,1],"EasingStyle":"Linear","EasingDirection":"In"},"Left Arm":{"Weight":1,"CFrame":[0.07666319608688355,-0.3967834711074829,0.520672082901001,0.11038421094417572,-0.008871347643435002,-0.9938494563102722,-0.7428687810897827,0.6635706424713135,-0.08843173086643219,0.6602737307548523,0.7480610609054565,0.06665733456611633],"EasingStyle":"Linear","EasingDirection":"In"}}},{"Time":0.5,"poses":{"Left Leg":{"Weight":1,"CFrame":[-0.6619387865066528,0.4765101671218872,0.2398608922958374,0.964888870716095,-0.1438910961151123,0.21973776817321778,0.17916721105575562,0.9723100066184998,-0.1500413417816162,-0.19206351041793824,0.1841430813074112,0.9639517664909363],"EasingStyle":"Linear","EasingDirection":"In"},"Right Arm":{"Weight":1,"CFrame":[-0.36237600445747378,-0.5239927172660828,0.17768096923828126,0.018625689670443536,-0.19297268986701966,0.981027364730835,0.6738067865371704,0.727332353591919,0.13027676939964295,-0.7386727929115295,0.658596396446228,0.1435733139514923],"EasingStyle":"Linear","EasingDirection":"In"},"Head":{"Weight":1,"CFrame":[-2.7939677238464357e-8,-3.5390257835388186e-8,0.016662240028381349,0.860729455947876,0.50841224193573,0.025725841522216798,-0.5039837956428528,0.8439326286315918,0.18378812074661256,0.07172924280166626,-0.17115724086761475,0.9826292395591736],"EasingStyle":"Linear","EasingDirection":"In"},"Right Leg":{"Weight":1,"CFrame":[0.46727079153060915,0.3982114791870117,-0.024430513381958009,0.9762039184570313,-0.195329949259758,-0.09419126063585282,0.2110375165939331,0.9556493759155273,0.2054200917482376,0.049889277666807178,-0.22040985524654389,0.9741306900978088],"EasingStyle":"Linear","EasingDirection":"In"},"Torso":{"Weight":1,"CFrame":[-0.08402559161186218,0.07150417566299439,-0.18550825119018556,0.831889808177948,-0.544303834438324,0.10813355445861817,0.5489215850830078,0.7784711122512817,-0.30441394448280337,0.08151483535766602,0.3125956654548645,0.9463822245597839],"EasingStyle":"Linear","EasingDirection":"In"},"HumanoidRootPart":{"Weight":0,"CFrame":[0,0,0,1,0,0,0,1,0,0,0,1],"EasingStyle":"Linear","EasingDirection":"In"},"Left Arm":{"Weight":1,"CFrame":[0.08023762702941895,-0.3772803246974945,0.5063577890396118,0.13462668657302857,0.0062094638124108318,-0.9908769726753235,-0.7242788076400757,0.6830525398254395,-0.09412483870983124,0.676236629486084,0.7303428649902344,0.09645414352416992],"EasingStyle":"Linear","EasingDirection":"In"}}},{"Time":0.5333333611488342,"poses":{"Left Leg":{"Weight":1,"CFrame":[-0.6571767330169678,0.3947470784187317,0.25141751766204836,0.9081524014472961,-0.2791862189769745,0.31195253133773806,0.3036227822303772,0.9522661566734314,-0.03165896609425545,-0.2882230579853058,0.12346703559160233,0.9495701789855957],"EasingStyle":"Linear","EasingDirection":"In"},"Right Arm":{"Weight":1,"CFrame":[-0.3633035123348236,-0.49475333094596865,0.14011526107788087,0.03007136657834053,-0.19200965762138368,0.9809322953224182,0.6463777422904968,0.7522994875907898,0.12744130194187165,-0.7624248266220093,0.630220353603363,0.14673340320587159],"EasingStyle":"Linear","EasingDirection":"In"},"Head":{"Weight":1,"CFrame":[1.1734664440155029e-7,7.636845111846924e-8,0.016662240028381349,0.9218060970306397,0.3876461386680603,-0.0020486079156398775,-0.38427597284317019,0.9144622087478638,0.12684988975524903,0.051046255975961688,-0.11614381521940232,0.9919198155403137],"EasingStyle":"Linear","EasingDirection":"In"},"Right Leg":{"Weight":1,"CFrame":[0.5444213151931763,0.30683964490890505,-0.06779646873474121,0.9888542890548706,-0.14004042744636537,0.0505547821521759,0.12910759449005128,0.9756547808647156,0.17728257179260255,-0.07415052503347397,-0.16877968609333039,0.9828606843948364],"EasingStyle":"Linear","EasingDirection":"In"},"Torso":{"Weight":1,"CFrame":[-0.09981304407119751,0.0332874059677124,-0.1492931842803955,0.8972790241241455,-0.4351789355278015,0.0742281898856163,0.43985551595687868,0.8669407367706299,-0.23439472913742066,0.03765220567584038,0.24296709895133973,0.9693036079406738],"EasingStyle":"Linear","EasingDirection":"In"},"HumanoidRootPart":{"Weight":0,"CFrame":[0,0,0,1,0,0,0,1,0,0,0,1],"EasingStyle":"Linear","EasingDirection":"In"},"Left Arm":{"Weight":1,"CFrame":[0.09146296977996826,-0.3372570872306824,0.45111513137817385,0.16981162130832673,0.02880418673157692,-0.9850555658340454,-0.6877412796020508,0.7193755507469177,-0.09752291440963745,0.705815851688385,0.6940237879753113,0.141968235373497],"EasingStyle":"Linear","EasingDirection":"In"}}},{"Time":0.5666666626930237,"poses":{"Left Leg":{"Weight":1,"CFrame":[-0.6098534464836121,0.26895034313201907,0.2574363946914673,0.823319673538208,-0.4250575602054596,0.3761260509490967,0.4187701940536499,0.9022378921508789,0.10294754058122635,-0.3831138610839844,0.07275166362524033,0.9208316802978516],"EasingStyle":"Linear","EasingDirection":"In"},"Right Arm":{"Weight":1,"CFrame":[-0.36654379963874819,-0.4501565396785736,0.09840762615203858,0.048600319772958758,-0.19066351652145387,0.9804516434669495,0.6091470122337341,0.7835882902145386,0.12218554317951203,-0.7915668487548828,0.591300904750824,0.15422476828098298],"EasingStyle":"Linear","EasingDirection":"In"},"Head":{"Weight":1,"CFrame":[1.2433156371116639e-7,8.381903171539307e-8,0.01666259765625,0.9674139618873596,0.2522127628326416,-0.02234024927020073,-0.25063806772232058,0.9664100408554077,0.05685219541192055,0.03592868894338608,-0.04940033331513405,0.9981326460838318],"EasingStyle":"Linear","EasingDirection":"In"},"Right Leg":{"Weight":1,"CFrame":[0.6222964525222778,0.195895254611969,-0.12075847387313843,0.97994065284729,-0.036591097712516788,0.1959015280008316,0.012409033253788948,0.992295503616333,0.12327118217945099,-0.19890272617340089,-0.11836753040552139,0.9728447198867798],"EasingStyle":"Linear","EasingDirection":"In"},"Torso":{"Weight":1,"CFrame":[-0.10262173414230347,-0.03909525275230408,-0.11821913719177246,0.9495965242385864,-0.3094503581523895,0.050068702548742297,0.3134720027446747,0.9380618333816528,-0.1475646048784256,-0.0013036140007898212,0.15582196414470673,0.9877843856811523],"EasingStyle":"Linear","EasingDirection":"In"},"HumanoidRootPart":{"Weight":0,"CFrame":[0,0,0,1,0,0,0,1,0,0,0,1],"EasingStyle":"Linear","EasingDirection":"In"},"Left Arm":{"Weight":1,"CFrame":[0.10645291209220886,-0.28671932220458987,0.3746858835220337,0.2087954580783844,0.053561072796583179,-0.9764915704727173,-0.6401636004447937,0.762333869934082,-0.09506682306528092,0.739320695400238,0.644963800907135,0.19345958530902863],"EasingStyle":"Linear","EasingDirection":"In"}}},{"Time":0.6000000238418579,"poses":{"Left Leg":{"Weight":1,"CFrame":[-0.5083943009376526,0.14975875616073609,0.24269628524780274,0.7545669674873352,-0.5244943499565125,0.3943784236907959,0.48717162013053896,0.8503722548484802,0.19882357120513917,-0.439650297164917,0.04210425913333893,0.8971815705299377],"EasingStyle":"Linear","EasingDirection":"In"},"Right Arm":{"Weight":1,"CFrame":[-0.37054911255836489,-0.3968844413757324,0.06145775318145752,0.0670413076877594,-0.18927596509456635,0.9796326160430908,0.5621470808982849,0.8183377385139465,0.11964143812656403,-0.82431560754776,0.5426766872406006,0.16126330196857453],"EasingStyle":"Linear","EasingDirection":"In"},"Head":{"Weight":1,"CFrame":[9.313225746154785e-8,-2.9802322387695315e-8,0.016662120819091798,0.9923369288444519,0.12056128680706024,-0.02706552855670452,-0.12082003057003021,0.9926412105560303,-0.008131652139127255,0.02588605135679245,0.011339292861521244,0.9996005892753601],"EasingStyle":"Linear","EasingDirection":"In"},"Right Leg":{"Weight":1,"CFrame":[0.6716357469558716,0.08723437786102295,-0.16837966442108155,0.9498002529144287,0.07718321681022644,0.3031870722770691,-0.09862477332353592,0.9935458898544312,0.056033577769994739,-0.2969053387641907,-0.08312243223190308,0.9512822031974793],"EasingStyle":"Linear","EasingDirection":"In"},"Torso":{"Weight":1,"CFrame":[-0.09160563349723816,-0.13104930520057679,-0.10138511657714844,0.9820781350135803,-0.183634951710701,0.04243559390306473,0.18621405959129334,0.9801514744758606,-0.06802517920732498,-0.029101505875587465,0.07470813393592835,0.9967808127403259],"EasingStyle":"Linear","EasingDirection":"In"},"HumanoidRootPart":{"Weight":0,"CFrame":[0,0,0,1,0,0,0,1,0,0,0,1],"EasingStyle":"Linear","EasingDirection":"In"},"Left Arm":{"Weight":1,"CFrame":[0.12138018012046814,-0.2356281578540802,0.2968912124633789,0.24372301995754243,0.07662484049797058,-0.9668132066726685,-0.5902020335197449,0.8027509450912476,-0.0851614698767662,0.7695847749710083,0.5913709402084351,0.24087294936180116],"EasingStyle":"Linear","EasingDirection":"In"}}},{"Time":0.6333333253860474,"poses":{"Left Leg":{"Weight":1,"CFrame":[-0.4132930040359497,0.07841777801513672,0.20287394523620606,0.7454363107681274,-0.5515682101249695,0.37429580092430117,0.5055639147758484,0.8337879180908203,0.22181707620620728,-0.4344305098056793,0.02387997880578041,0.900388777256012],"EasingStyle":"Linear","EasingDirection":"In"},"Right Arm":{"Weight":1,"CFrame":[-0.3738018572330475,-0.3416129946708679,0.03817033767700195,0.07835987210273743,-0.18904025852680207,0.9788379073143005,0.5057036280632019,0.853692889213562,0.12438759952783585,-0.8591412305831909,0.4852549135684967,0.1624935120344162],"EasingStyle":"Linear","EasingDirection":"In"},"Head":{"Weight":1,"CFrame":[9.872019290924072e-8,-7.566995918750763e-9,0.016662001609802247,0.9998552203178406,0.011844622902572155,-0.0122229037806