{"Sequence":[{"Time":0,"poses":{"Left Leg":{"Weight":1,"CFrame":[-0.642353892326355,0.10426153242588043,-0.025568485260009767,0.9401717185974121,-0.33721619844436648,-0.048605240881443027,0.33525028824806216,0.9410845041275024,-0.04435405135154724,0.06069841980934143,0.025405511260032655,0.9978325963020325],"EasingStyle":"Constant","EasingDirection":"In"},"Right Leg":{"Weight":1,"CFrame":[0.14085611701011659,-0.2345086932182312,0.20996859669685365,0.5348818898200989,0.6074303388595581,-0.5873072147369385,-0.767520546913147,0.6399480104446411,-0.037134140729904178,0.3532896041870117,0.47063252329826357,0.8085117936134338],"EasingStyle":"Constant","EasingDirection":"In"},"Head":{"Weight":1,"CFrame":[1.0617077350616455e-7,0,-2.682209014892578e-7,0.9906469583511353,-0.13599549233913423,0.011121168732643128,0.13595913350582124,0.9768996238708496,-0.1648695170879364,0.011557258665561676,0.164839506149292,0.9862526059150696],"EasingStyle":"Constant","EasingDirection":"In"},"Torso":{"Weight":1,"CFrame":[0.7701538801193237,-0.05082401633262634,-0.24895116686820985,0.9875909686088562,0.149793341755867,-0.04718273878097534,-0.15262369811534882,0.9862403273582459,-0.06353000551462174,0.03701714426279068,0.06994284689426422,0.9968639612197876],"EasingStyle":"Constant","EasingDirection":"In"},"HumanoidRootPart":{"Weight":0,"CFrame":[0,0,0,1,0,0,0,1,0,0,0,1],"EasingStyle":"Linear","EasingDirection":"In"},"BlendSojournProp2":{"Weight":1,"CFrame":[2.6999988555908205,0.5999999046325684,4.90000057220459,1,8.881784197001253e-16,-3.552713678800501e-15,-1.4916072324229306e-15,0.9848077297210693,-0.1736481785774231,3.344509380475368e-15,0.1736481785774231,0.9848077297210693],"EasingStyle":"Linear","EasingDirection":"In"},"Right Arm":{"Weight":1,"CFrame":[0.16461271047592164,-1.0908833742141724,0.16610127687454225,-0.6457147002220154,-0.6315059661865234,0.4292467534542084,0.7497260570526123,-0.41774648427963259,0.5132238864898682,-0.1447877436876297,0.653213381767273,0.7432016730308533],"EasingStyle":"Constant","EasingDirection":"In"},"Left Arm":{"Weight":1,"CFrame":[0.2944740355014801,-0.08212167024612427,0.28534215688705447,0.3771918714046478,-0.47727257013320925,0.7936857342720032,-0.4022122621536255,0.6875325441360474,0.6045860052108765,-0.8342370390892029,-0.547275185585022,0.06736697256565094],"EasingStyle":"Constant","EasingDirection":"In"},"BlendSojournProp3":{"Weight":1,"CFrame":[0.4999990463256836,-1.7999999523162842,3.0000009536743166,1,1.7763568394002506e-15,3.552713678800501e-15,-1.3301492001491049e-15,0.9925461411476135,-0.12186934798955918,-3.742715874363849e-15,0.12186934798955918,0.9925461411476135],"EasingStyle":"Linear","EasingDirection":"In"},"BlendSojournProp1":{"Weight":1,"CFrame":[3.299997568130493,1.0999999046325684,-2.499999761581421,1,4.440892098500626e-16,0,0,0.9961954355239868,-0.087148517370224,0,0.087148517370224,0.9961954355239868],"EasingStyle":"Linear","EasingDirection":"In"}}},{"Time":0.03333333507180214,"poses":{"Left Leg":{"Weight":1,"CFrame":[-0.642353892326355,0.10426153242588043,-0.025568485260009767,0.9401717185974121,-0.33721619844436648,-0.048605240881443027,0.33525028824806216,0.9410845041275024,-0.04435405135154724,0.06069841980934143,0.025405511260032655,0.9978325963020325],"EasingStyle":"Constant","EasingDirection":"In"},"Right Leg":{"Weight":1,"CFrame":[0.14085611701011659,-0.2345086932182312,0.20996859669685365,0.5348818898200989,0.6074303388595581,-0.5873072147369385,-0.767520546913147,0.6399480104446411,-0.037134140729904178,0.3532896041870117,0.47063252329826357,0.8085117936134338],"EasingStyle":"Constant","EasingDirection":"In"},"Head":{"Weight":1,"CFrame":[1.0617077350616455e-7,0,-2.682209014892578e-7,0.9906469583511353,-0.13599549233913423,0.011121168732643128,0.13595913350582124,0.9768996238708496,-0.1648695170879364,0.011557258665561676,0.164839506149292,0.9862526059150696],"EasingStyle":"Constant","EasingDirection":"In"},"Left Arm":{"Weight":1,"CFrame":[0.2944740355014801,-0.08212167024612427,0.28534215688705447,0.3771918714046478,-0.47727257013320925,0.7936857342720032,-0.4022122621536255,0.6875325441360474,0.6045860052108765,-0.8342370390892029,-0.547275185585022,0.06736697256565094],"EasingStyle":"Constant","EasingDirection":"In"},"Torso":{"Weight":1,"CFrame":[0.7701538801193237,-0.05082401633262634,-0.24895116686820985,0.9875909686088562,0.149793341755867,-0.04718273878097534,-0.15262369811534882,0.9862403273582459,-0.06353000551462174,0.03701714426279068,0.06994284689426422,0.9968639612197876],"EasingStyle":"Constant","EasingDirection":"In"},"HumanoidRootPart":{"Weight":0,"CFrame":[0,0,0,1,0,0,0,1,0,0,0,1],"EasingStyle":"Linear","EasingDirection":"In"},"Right Arm":{"Weight":1,"CFrame":[0.16461271047592164,-1.0908833742141724,0.16610127687454225,-0.6457147002220154,-0.6315059661865234,0.4292467534542084,0.7497260570526123,-0.41774648427963259,0.5132238864898682,-0.1447877436876297,0.653213381767273,0.7432016730308533],"EasingStyle":"Constant","EasingDirection":"In"}}},{"Time":0.06666667014360428,"poses":{"Left Leg":{"Weight":1,"CFrame":[-0.642353892326355,0.10426153242588043,-0.025568485260009767,0.9401717185974121,-0.33721619844436648,-0.048605240881443027,0.33525028824806216,0.9410845041275024,-0.04435405135154724,0.06069841980934143,0.025405511260032655,0.9978325963020325],"EasingStyle":"Constant","EasingDirection":"In"},"Right Leg":{"Weight":1,"CFrame":[0.14085611701011659,-0.2345086932182312,0.20996859669685365,0.5348818898200989,0.6074303388595581,-0.5873072147369385,-0.767520546913147,0.6399480104446411,-0.037134140729904178,0.3532896041870117,0.47063252329826357,0.8085117936134338],"EasingStyle":"Constant","EasingDirection":"In"},"Head":{"Weight":1,"CFrame":[1.0617077350616455e-7,0,-2.682209014892578e-7,0.9906469583511353,-0.13599549233913423,0.011121168732643128,0.13595913350582124,0.9768996238708496,-0.1648695170879364,0.011557258665561676,0.164839506149292,0.9862526059150696],"EasingStyle":"Constant","EasingDirection":"In"},"Left Arm":{"Weight":1,"CFrame":[0.2944740355014801,-0.08212167024612427,0.28534215688705447,0.3771918714046478,-0.47727257013320925,0.7936857342720032,-0.4022122621536255,0.6875325441360474,0.6045860052108765,-0.8342370390892029,-0.547275185585022,0.06736697256565094],"EasingStyle":"Constant","EasingDirection":"In"},"Torso":{"Weight":1,"CFrame":[0.7701538801193237,-0.05082401633262634,-0.24895116686820985,0.9875909686088562,0.149793341755867,-0.04718273878097534,-0.15262369811534882,0.9862403273582459,-0.06353000551462174,0.03701714426279068,0.06994284689426422,0.9968639612197876],"EasingStyle":"Constant","EasingDirection":"In"},"HumanoidRootPart":{"Weight":0,"CFrame":[0,0,0,1,0,0,0,1,0,0,0,1],"EasingStyle":"Linear","EasingDirection":"In"},"Right Arm":{"Weight":1,"CFrame":[0.16461271047592164,-1.0908833742141724,0.16610127687454225,-0.6457147002220154,-0.6315059661865234,0.4292467534542084,0.7497260570526123,-0.41774648427963259,0.5132238864898682,-0.1447877436876297,0.653213381767273,0.7432016730308533],"EasingStyle":"Constant","EasingDirection":"In"}}},{"Time":0.10000000149011612,"poses":{"Left Leg":{"Weight":1,"CFrame":[-0.642353892326355,0.10426153242588043,-0.025568485260009767,0.9401717185974121,-0.33721619844436648,-0.048605240881443027,0.33525028824806216,0.9410845041275024,-0.04435405135154724,0.06069841980934143,0.025405511260032655,0.9978325963020325],"EasingStyle":"Constant","EasingDirection":"In"},"Right Leg":{"Weight":1,"CFrame":[0.14085611701011659,-0.2345086932182312,0.20996859669685365,0.5348818898200989,0.6074303388595581,-0.5873072147369385,-0.767520546913147,0.6399480104446411,-0.037134140729904178,0.3532896041870117,0.47063252329826357,0.8085117936134338],"EasingStyle":"Constant","EasingDirection":"In"},"Head":{"Weight":1,"CFrame":[1.0617077350616455e-7,0,-2.682209014892578e-7,0.9906469583511353,-0.13599549233913423,0.011121168732643128,0.13595913350582124,0.9768996238708496,-0.1648695170879364,0.011557258665561676,0.164839506149292,0.9862526059150696],"EasingStyle":"Constant","EasingDirection":"In"},"Left Arm":{"Weight":1,"CFrame":[0.2944740355014801,-0.08212167024612427,0.28534215688705447,0.3771918714046478,-0.47727257013320925,0.7936857342720032,-0.4022122621536255,0.6875325441360474,0.6045860052108765,-0.8342370390892029,-0.547275185585022,0.06736697256565094],"EasingStyle":"Constant","EasingDirection":"In"},"Torso":{"Weight":1,"CFrame":[0.7701538801193237,-0.05082401633262634,-0.24895116686820985,0.9875909686088562,0.149793341755867,-0.04718273878097534,-0.15262369811534882,0.9862403273582459,-0.06353000551462174,0.03701714426279068,0.06994284689426422,0.9968639612197876],"EasingStyle":"Constant","EasingDirection":"In"},"HumanoidRootPart":{"Weight":0,"CFrame":[0,0,0,1,0,0,0,1,0,0,0,1],"EasingStyle":"Linear","EasingDirection":"In"},"Right Arm":{"Weight":1,"CFrame":[0.16461271047592164,-1.0908833742141724,0.16610127687454225,-0.6457147002220154,-0.6315059661865234,0.4292467534542084,0.7497260570526123,-0.41774648427963259,0.5132238864898682,-0.1447877436876297,0.653213381767273,0.7432016730308533],"EasingStyle":"Constant","EasingDirection":"In"}}},{"Time":0.13333334028720857,"poses":{"Left Leg":{"Weight":1,"CFrame":[-0.532834529876709,0.03079238533973694,-0.047751784324645999,0.8731980919837952,-0.4779338538646698,-0.09541735053062439,0.487346351146698,0.857994556427002,0.16229283809661866,0.004302322864532471,-0.1882152259349823,0.9821183085441589],"EasingStyle":"Constant","EasingDirection":"In"},"Right Leg":{"Weight":1,"CFrame":[0.3230125606060028,0.24414277076721192,-0.021649658679962159,0.9847675561904907,0.14520826935768128,-0.09564071148633957,-0.10399645566940308,0.9327110052108765,0.34530407190322878,0.13934636116027833,-0.33009806275367739,0.9336047768592835],"EasingStyle":"Constant","EasingDirection":"In"},"Head":{"Weight":1,"CFrame":[8.288770914077759e-8,-1.4901161193847657e-8,0,0.992051362991333,-0.12399649620056153,-0.0214262492954731,0.122008316218853,0.9895103573799133,-0.0773501992225647,0.030792657285928727,0.07412117719650269,0.9967737197875977],"EasingStyle":"Constant","EasingDirection":"In"},"Left Arm":{"Weight":1,"CFrame":[0.29275453090667727,-0.02692285180091858,0.29694700241088869,0.6344735622406006,-0.5126551985740662,0.5784703493118286,-0.39229899644851687,0.431262731552124,0.8124739527702332,-0.6659915447235107,-0.7424266934394836,0.07251080870628357],"EasingStyle":"Constant","EasingDirection":"In"},"Torso":{"Weight":1,"CFrame":[-0.0737638771533966,0.06384547054767609,-0.18723386526107789,0.9716070890426636,0.23657308518886567,0.003595564514398575,-0.23609885573387147,0.9684463143348694,0.0798068419098854,0.015398029237985611,-0.07838979363441467,0.996803879737854],"EasingStyle":"Constant","EasingDirection":"In"},"HumanoidRootPart":{"Weight":0,"CFrame":[0,0,0,1,0,0,0,1,0,0,0,1],"EasingStyle":"Linear","EasingDirection":"In"},"Right Arm":{"Weight":1,"CFrame":[0.6301287412643433,-1.0055338144302369,0.20942652225494386,-0.5268530249595642,-0.3516431152820587,0.7738043665885925,0.7630242705345154,-0.5967662334442139,0.2483222484588623,0.3744594156742096,0.7212605476379395,0.5827203989028931],"EasingStyle":"Constant","EasingDirection":"In"}}},{"Time":0.1666666716337204,"poses":{"Left Leg":{"Weight":1,"CFrame":[-0.532834529876709,0.03079238533973694,-0.047751784324645999,0.8731980919837952,-0.4779338538646698,-0.09541735053062439,0.487346351146698,0.857994556427002,0.16229283809661866,0.004302322864532471,-0.1882152259349823,0.9821183085441589],"EasingStyle":"Constant","EasingDirection":"In"},"Right Leg":{"Weight":1,"CFrame":[0.3230125606060028,0.24414277076721192,-0.021649658679962159,0.9847675561904907,0.14520826935768128,-0.09564071148633957,-0.10399645566940308,0.9327110052108765,0.34530407190322878,0.13934636116027833,-0.33009806275367739,0.9336047768592835],"EasingStyle":"Constant","EasingDirection":"In"},"Head":{"Weight":1,"CFrame":[8.288770914077759e-8,-1.4901161193847657e-8,0,0.992051362991333,-0.12399649620056153,-0.0214262492954731,0.122008316218853,0.9895103573799133,-0.0773501992225647,0.030792657285928727,0.07412117719650269,0.9967737197875977],"EasingStyle":"Constant","EasingDirection":"In"},"Left Arm":{"Weight":1,"CFrame":[0.29275453090667727,-0.02692285180091858,0.29694700241088869,0.6344735622406006,-0.5126551985740662,0.5784703493118286,-0.39229899644851687,0.431262731552124,0.8124739527702332,-0.6659915447235107,-0.7424266934394836,0.07251080870628357],"EasingStyle":"Constant","EasingDirection":"In"},"Torso":{"Weight":1,"CFrame":[-0.0737638771533966,0.06384547054767609,-0.18723386526107789,0.9716070890426636,0.23657308518886567,0.003595564514398575,-0.23609885573387147,0.9684463143348694,0.0798068419098854,0.015398029237985611,-0.07838979363441467,0.996803879737854],"EasingStyle":"Constant","EasingDirection":"In"},"HumanoidRootPart":{"Weight":0,"CFrame":[0,0,0,1,0,0,0,1,0,0,0,1],"EasingStyle":"Linear","EasingDirection":"In"},"Right Arm":{"Weight":1,"CFrame":[0.6301287412643433,-1.0055338144302369,0.20942652225494386,-0.5268530249595642,-0.3516431152820587,0.7738043665885925,0.7630242705345154,-0.5967662334442139,0.2483222484588623,0.3744594156742096,0.7212605476379395,0.5827203989028931],"EasingStyle":"Constant","EasingDirection":"In"}}},{"Time":0.20000000298023225,"poses":{"Left Leg":{"Weight":1,"CFrame":[-0.532834529876709,0.03079238533973694,-0.047751784324645999,0.8731980919837952,-0.4779338538646698,-0.09541735053062439,0.487346351146698,0.857994556427002,0.16229283809661866,0.004302322864532471,-0.1882152259349823,0.9821183085441589],"EasingStyle":"Constant","EasingDirection":"In"},"Right Leg":{"Weight":1,"CFrame":[0.3230125606060028,0.24414277076721192,-0.021649658679962159,0.9847675561904907,0.14520826935768128,-0.09564071148633957,-0.10399645566940308,0.9327110052108765,0.34530407190322878,0.13934636116027833,-0.33009806275367739,0.9336047768592835],"EasingStyle":"Constant","EasingDirection":"In"},"Head":{"Weight":1,"CFrame":[8.288770914077759e-8,-1.4901161193847657e-8,0,0.992051362991333,-0.12399649620056153,-0.0214262492954731,0.122008316218853,0.9895103573799133,-0.0773501992225647,0.030792657285928727,0.07412117719650269,0.9967737197875977],"EasingStyle":"Constant","EasingDirection":"In"},"Left Arm":{"Weight":1,"CFrame":[0.29275453090667727,-0.02692285180091858,0.29694700241088869,0.6344735622406006,-0.5126551985740662,0.5784703493118286,-0.39229899644851687,0.431262731552124,0.8124739527702332,-0.6659915447235107,-0.7424266934394836,0.07251080870628357],"EasingStyle":"Constant","EasingDirection":"In"},"Torso":{"Weight":1,"CFrame":[-0.0737638771533966,0.06384547054767609,-0.18723386526107789,0.9716070890426636,0.23657308518886567,0.003595564514398575,-0.23609885573387147,0.9684463143348694,0.0798068419098854,0.015398029237985611,-0.07838979363441467,0.996803879737854],"EasingStyle":"Constant","EasingDirection":"In"},"HumanoidRootPart":{"Weight":0,"CFrame":[0,0,0,1,0,0,0,1,0,0,0,1],"EasingStyle":"Linear","EasingDirection":"In"},"Right Arm":{"Weight":1,"CFrame":[0.6301287412643433,-1.0055338144302369,0.20942652225494386,-0.5268530249595642,-0.3516431152820587,0.7738043665885925,0.7630242705345154,-0.5967662334442139,0.2483222484588623,0.3744594156742096,0.7212605476379395,0.5827203989028931],"EasingStyle":"Constant","EasingDirection":"In"}}},{"Time":0.23333333432674409,"poses":{"Left Leg":{"Weight":1,"CFrame":[-0.532834529876709,0.03079238533973694,-0.047751784324645999,0.8731980919837952,-0.4779338538646698,-0.09541735053062439,0.487346351146698,0.857994556427002,0.16229283809661866,0.004302322864532471,-0.1882152259349823,0.9821183085441589],"EasingStyle":"Constant","EasingDirection":"In"},"Right Leg":{"Weight":1,"CFrame":[0.3230125606060028,0.24414277076721192,-0.021649658679962159,0.9847675561904907,0.14520826935768128,-0.09564071148633957,-0.10399645566940308,0.9327110052108765,0.34530407190322878,0.13934636116027833,-0.33009806275367739,0.9336047768592835],"EasingStyle":"Constant","EasingDirection":"In"},"Head":{"Weight":1,"CFrame":[8.288770914077759e-8,-1.4901161193847657e-8,0,0.992051362991333,-0.12399649620056153,-0.0214262492954731,0.122008316218853,0.9895103573799133,-0.0773501992225647,0.030792657285928727,0.07412117719650269,0.9967737197875977],"EasingStyle":"Constant","EasingDirection":"In"},"Left Arm":{"Weight":1,"CFrame":[0.29275453090667727,-0.02692285180091858,0.29694700241088869,0.6344735622406006,-0.5126551985740662,0.5784703493118286,-0.39229899644851687,0.431262731552124,0.8124739527702332,-0.6659915447235107,-0.7424266934394836,0.07251080870628357],"EasingStyle":"Constant","EasingDirection":"In"},"Torso":{"Weight":1,"CFrame":[-0.0737638771533966,0.06384547054767609,-0.18723386526107789,0.9716070890426636,0.23657308518886567,0.003595564514398575,-0.23609885573387147,0.9684463143348694,0.0798068419098854,0.015398029237985611,-0.07838979363441467,0.996803879737854],"EasingStyle":"Constant","EasingDirection":"In"},"HumanoidRootPart":{"Weight":0,"CFrame":[0,0,0,1,0,0,0,1,0,0,0,1],"EasingStyle":"Linear","EasingDirection":"In"},"Right Arm":{"Weight":1,"CFrame":[0.6301287412643433,-1.0055338144302369,0.20942652225494386,-0.5268530249595642,-0.3516431152820587,0.7738043665885925,0.7630242705345154,-0.5967662334442139,0.2483222484588623,0.3744594156742096,0.7212605476379395,0.5827203989028931],"EasingStyle":"Constant","EasingDirection":"In"}}},{"Time":0.2666666805744171,"poses":{"Left Leg":{"Weight":1,"CFrame":[-0.5408856868743897,0.06508272886276245,-0.07428514957427979,0.7324218153953552,-0.6525214314460754,-0.19435615837574006,0.6503992080688477,0.5861333608627319,0.4831441640853882,-0.2013431340456009,-0.4802745282649994,0.8536962270736694],"EasingStyle":"Constant","EasingDirection":"In"},"Right Leg":{"Weight":1,"CFrame":[0.2774377167224884,0.11024320125579834,0.020689308643341066,0.9758850336074829,0.19219082593917848,-0.10349350422620774,-0.17475634813308717,0.9719880819320679,0.15716132521629334,0.13079959154129029,-0.13528524339199067,0.9821351170539856],"EasingStyle":"Constant","EasingDirection":"In"},"Head":{"Weight":1,"CFrame":[9.313225746154785e-8,0,4.172325134277344e-7,0.9879171252250671,-0.1547320932149887,0.00881267711520195,0.15411552786827088,0.9747912883758545,-0.16133946180343629,0.016373898833990098,0.16074815392494203,0.9868596792221069],"EasingStyle":"Constant","EasingDirection":"In"},"Left Arm":{"Weight":1,"CFrame":[0.29275456070899966,-0.02692285180091858,0.2969468832015991,0.6034043431282044,-0.5539290904998779,0.5736426115036011,-0.3222617506980896,0.488614559173584,0.8108039498329163,-0.7294179201126099,-0.674105703830719,0.11632215976715088],"EasingStyle":"Constant","EasingDirection":"In"},"Torso":{"Weight":1,"CFrame":[-0.3972269296646118,0.11082905530929566,-0.08133506774902344,0.9432628154754639,0.3316936194896698,0.015320777893066407,-0.33053556084632876,0.9335705637931824,0.138536274433136,0.031648553907871249,-0.13574017584323884,0.9902389049530029],"EasingStyle":"Constant","EasingDirection":"In"},"HumanoidRootPart":{"Weight":0,"CFrame":[0,0,0,1,0,0,0,1,0,0,0,1],"EasingStyle":"Linear","EasingDirection":"In"},"Right Arm":{"Weight":1,"CFrame":[0.5602097511291504,-0.8911062479019165,0.18849828839302064,-0.43532657623291018,-0.5144176483154297,0.7388272285461426,0.8185192346572876,-0.5678691864013672,0.08689599484205246,0.3748561441898346,0.6425719261169434,0.6682692766189575],"EasingStyle":"Constant","EasingDirection":"In"}}},{"Time":0.30000001192092898,"poses":{"Left Leg":{"Weight":1,"CFrame":[-0.5408856868743897,0.06508272886276245,-0.07428514957427979,0.7324218153953552,-0.6525214314460754,-0.19435615837574006,0.6503992080688477,0.5861333608627319,0.4831441640853882,-0.2013431340456009,-0.4802745282649994,0.8536962270736694],"EasingStyle":"Constant","EasingDirection":"In"},"Right Leg":{"Weight":1,"CFrame":[0.2774377167224884,0.11024320125579834,0.020689308643341066,0.9758850336074829,0.19219082593917848,-0.10349350422620774,-0.17475634813308717,0.9719880819320679,0.15716132521629334,0.13079959154129029,-0.13528524339199067,0.9821351170539856],"EasingStyle":"Constant","EasingDirection":"In"},"Head":{"Weight":1,"CFrame":[9.313225746154785e-8,0,4.172325134277344e-7,0.9879171252250671,-0.1547320932149887,0.00881267711520195,0.15411552786827088,0.9747912883758545,-0.16133946180343629,0.016373898833990098,0.16074815392494203,0.9868596792221069],"EasingStyle":"Constant","EasingDirection":"In"},"Left Arm":{"Weight":1,"CFrame":[0.29275456070899966,-0.02692285180091858,0.2969468832015991,0.6034043431282044,-0.5539290904998779,0.5736426115036011,-0.3222617506980896,0.488614559173584,0.8108039498329163,-0.7294179201126099,-0.674105703830719,0.11632215976715088],"EasingStyle":"Constant","EasingDirection":"In"},"Torso":{"Weight":1,"CFrame":[-0.3972269296646118,0.11082905530929566,-0.08133506774902344,0.9432628154754639,0.3316936194896698,0.015320777893066407,-0.33053556084632876,0.9335705637931824,0.138536274433136,0.031648553907871249,-0.13574017584323884,0.9902389049530029],"EasingStyle":"Constant","EasingDirection":"In"},"HumanoidRootPart":{"Weight":0,"CFrame":[0,0,0,1,0,0,0,1,0,0,0,1],"EasingStyle":"Linear","EasingDirection":"In"},"Right Arm":{"Weight":1,"CFrame":[0.5602097511291504,-0.8911062479019165,0.18849828839302064,-0.43532657623291018,-0.5144176483154297,0.7388272285461426,0.8185192346572876,-0.5678691864013672,0.08689599484205246,0.3748561441898346,0.6425719261169434,0.6682692766189575],"EasingStyle":"Constant","EasingDirection":"In"}}},{"Time":0.3333333432674408,"poses":{"Left Leg":{"Weight":1,"CFrame":[-0.5408856868743897,0.06508272886276245,-0.07428514957427979,0.7324218153953552,-0.6525214314460754,-0.19435615837574006,0.6503992080688477,0.5861333608627319,0.4831441640853882,-0.2013431340456009,-0.4802745282649994,0.8536962270736694],"EasingStyle":"Constant","EasingDirection":"In"},"Right Leg":{"Weight":1,"CFrame":[0.2774377167224884,0.11024320125579834,0.020689308643341066,0.9758850336074829,0.19219082593917848,-0.10349350422620774,-0.17475634813308717,0.9719880819320679,0.15716132521629334,0.13079959154129029,-0.13528524339199067,0.9821351170539856],"EasingStyle":"Constant","EasingDirection":"In"},"Head":{"Weight":1,"CFrame":[9.313225746154785e-8,0,4.172325134277344e-7,0.9879171252250671,-0.1547320932149887,0.00881267711520195,0.15411552786827088,0.9747912883758545,-0.16133946180343629,0.016373898833990098,0.16074815392494203,0.9868596792221069],"EasingStyle":"Constant","EasingDirection":"In"},"Left Arm":{"Weight":1,"CFrame":[0.29275456070899966,-0.02692285180091858,0.2969468832015991,0.6034043431282044,-0.5539290904998779,0.5736426115036011,-0.3222617506980896,0.488614559173584,0.8108039498329163,-0.7294179201126099,-0.674105703830719,0.11632215976715088],"EasingStyle":"Constant","EasingDirection":"In"},"Torso":{"Weight":1,"CFrame":[-0.3972269296646118,0.11082905530929566,-0.08133506774902344,0.9432628154754639,0.3316936194896698,0.015320777893066407,-0.33053556084632876,0.9335705637931824,0.138536274433136,0.031648553907871249,-0.13574017584323884,0.9902389049530029],"EasingStyle":"Constant","EasingDirection":"In"},"HumanoidRootPart":{"Weight":0,"CFrame":[0,0,0,1,0,0,0,1,0,0,0,1],"EasingStyle":"Linear","EasingDirection":"In"},"Right Arm":{"Weight":1,"CFrame":[0.5602097511291504,-0.8911062479019165,0.18849828839302064,-0.43532657623291018,-0.5144176483154297,0.7388272285461426,0.8185192346572876,-0.5678691864013672,0.08689599484205246,0.3748561441898346,0.6425719261169434,0.6682692766189575],"EasingStyle":"Constant","EasingDirection":"In"}}},{"Time":0.36666667461395266,"poses":{"Left Leg":{"Weight":1,"CFrame":[-0.5408856868743897,0.06508272886276245,-0.07428514957427979,0.7324218153953552,-0.6525214314460754,-0.19435615837574006,0.6503992080688477,0.5861333608627319,0.4831441640853882,-0.2013431340456009,-0.4802745282649994,0.8536962270736694],"EasingStyle":"Constant","EasingDirection":"In"},"Right Leg":{"Weight":1,"CFrame":[0.2774377167224884,0.11024320125579834,0.020689308643341066,0.9758850336074829,0.19219082593917848,-0.10349350422620774,-0.17475634813308717,0.9719880819320679,0.15716132521629334,0.13079959154129029,-0.13528524339199067,0.9821351170539856],"EasingStyle":"Constant","EasingDirection":"In"},"Head":{"Weight":1,"CFrame":[9.313225746154785e-8,0,4.172325134277344e-7,0.9879171252250671,-0.1547320932149887,0.00881267711520195,0.15411552786827088,0.9747912883758545,-0.16133946180343629,0.016373898833990098,0.16074815392494203,0.9868596792221069],"EasingStyle":"Constant","EasingDirection":"In"},"Left Arm":{"Weight":1,"CFrame":[0.29275456070899966,-0.02692285180091858,0.2969468832015991,0.6034043431282044,-0.5539290904998779,0.5736426115036011,-0.3222617506980896,0.488614559173584,0.8108039498329163,-0.7294179201126099,-0.674105703830719,0.11632215976715088],"EasingStyle":"Constant","EasingDirection":"In"},"Torso":{"Weight":1,"CFrame":[-0.3972269296646118,0.11082905530929566,-0.08133506774902344,0.9432628154754639,0.3316936194896698,0.015320777893066407,-0.33053556084632876,0.9335705637931824,0.138536274433136,0.031648553907871249,-0.13574017584323884,0.9902389049530029],"EasingStyle":"Constant","EasingDirection":"In"},"HumanoidRootPart":{"Weight":0,"CFrame":[0,0,0,1,0,0,0,1,0,0,0,1],"EasingStyle":"Linear","EasingDirection":"In"},"Right Arm":{"Weight":1,"CFrame":[0.5602097511291504,-0.8911062479019165,0.18849828839302064,-0.43532657623291018,-0.5144176483154297,0.7388272285461426,0.8185192346572876,-0.5678691864013672,0.08689599484205246,0.3748561441898346,0.6425719261169434,0.6682692766189575],"EasingStyle":"Constant","EasingDirection":"In"}}},{"Time":0.4000000059604645,"poses":{"Left Leg":{"Weight":1,"CFrame":[-0.5408856868743897,0.06508272886276245,-0.07428514957427979,0.7324218153953552,-0.6525214314460754,-0.19435615837574006,0.6503992080688477,0.5861333608627319,0.4831441640853882,-0.2013431340456009,-0.4802745282649994,0.8536962270736694],"EasingStyle":"Constant","EasingDirection":"In"},"Right Leg":{"Weight":1,"CFrame":[0.2774377167224884,0.11024320125579834,0.020689308643341066,0.9758850336074829,0.19219082593917848,-0.10349350422620774,-0.17475634813308717,0.9719880819320679,0.15716132521629334,0.13079959154129029,-0.13528524339199067,0.9821351170539856],"EasingStyle":"Constant","EasingDirection":"In"},"Head":{"Weight":1,"CFrame":[9.313225746154785e-8,0,4.172325134277344e-7,0.9879171252250671,-0.1547320932149887,0.00881267711520195,0.15411552786827088,0.9747912883758545,-0.16133946180343629,0.016373898833990098,0.16074815392494203,0.9868596792221069],"EasingStyle":"Constant","EasingDirection":"In"},"Left Arm":{"Weight":1,"CFrame":[0.29275456070899966,-0.02692285180091858,0.2969468832015991,0.6034043431282044,-0.5539290904998779,0.5736426115036011,-0.3222617506980896,0.488614559173584,0.8108039498329163,-0.7294179201126099,-0.674105703830719,0.11632215976715088],"EasingStyle":"Constant","EasingDirection":"In"},"Torso":{"Weight":1,"CFrame":[-0.3972269296646118,0.11082905530929566,-0.08133506774902344,0.9432628154754639,0.3316936194896698,0.015320777893066407,-0.33053556084632876,0.9335705637931824,0.138536274433136,0.031648553907871249,-0.13574017584323884,0.9902389049530029],"EasingStyle":"Constant","EasingDirection":"In"},"HumanoidRootPart":{"Weight":0,"CFrame":[0,0,0,1,0,0,0,1,0,0,0,1],"EasingStyle":"Linear","EasingDirection":"In"},"Right Arm":{"Weight":1,"CFrame":[0.5602097511291504,-0.8911062479019165,0.18849828839302064,-0.43532657623291018,-0.5144176483154297,0.7388272285461426,0.8185192346572876,-0.5678691864013672,0.08689599484205246,0.3748561441898346,0.6425719261169434,0.6682692766189575],"EasingStyle":"Constant","EasingDirection":"In"}}},{"Time":0.4333333373069763,"poses":{"Left Leg":{"Weight":1,"CFrame":[-0.09359613060951233,-0.0750495195388794,0.44683313369750979,-0.1389816403388977,-0.8280700445175171,0.5431245565414429,0.7952926754951477,0.23346871137619019,0.5594655275344849,-0.5900793075561523,0.5096986889839172,0.6261100769042969],"EasingStyle":"Constant","EasingDirection":"In"},"Right Leg":{"Weight":1,"CFrame":[0.6811450719833374,0.07606643438339234,-0.14497286081314088,0.9034884572029114,0.20821169018745423,0.37464162707328799,-0.2459419071674347,0.9677057266235352,0.05530069023370743,-0.3510284423828125,-0.1421036273241043,0.9255190491676331],"EasingStyle":"Constant","EasingDirection":"In"},"Head":{"Weight":1,"CFrame":[8.940696716308594e-8,-2.9802322387695315e-8,-3.2782554626464846e-7,0.672317624092102,-0.7327741980552673,0.10502901673316956,0.7384485006332398,0.6539571285247803,-0.1644199788570404,0.051798220723867419,0.1881009340286255,0.9807828664779663],"EasingStyle":"Constant","EasingDirection":"In"},"Left Arm":{"Weight":1,"CFrame":[-0.03974553942680359,-0.1424279808998108,0.4083068370819092,0.9405136108398438,-0.21061158180236817,0.2666023373603821,-0.13808050751686097,0.4800182282924652,0.8663232922554016,-0.3104315996170044,-0.8516017198562622,0.4223823547363281],"EasingStyle":"Constant","EasingDirection":"In"},"Torso":{"Weight":1,"CFrame":[-0.5593447685241699,0.13381919264793397,-0.10135388374328613,0.5773723125457764,0.8141477108001709,0.06168375909328461,-0.8101439476013184,0.5618594884872437,0.16727405786514283,0.10152817517518997,-0.14655214548110963,0.9839789867401123],"EasingStyle":"Constant","EasingDirection":"In"},"HumanoidRootPart":{"Weight":0,"CFrame":[0,0,0,1,0,0,0,1,0,0,0,1],"EasingStyle":"Linear","EasingDirection":"In"},"Right Arm":{"Weight":1,"CFrame":[-0.08617125451564789,-0.3569091856479645,0.2955780029296875,0.7201281189918518,-0.5519026517868042,0.420498251914978,-0.055331751704216,0.5584337711334229,0.8277016878128052,-0.6916313171386719,-0.6193179488182068,0.37160637974739077],"EasingStyle":"Constant","EasingDirection":"In"}}},{"Time":0.46666666865348818,"poses":{"Left Leg":{"Weight":1,"CFrame":[-0.09359613060951233,-0.0750495195388794,0.44683313369750979,-0.1389816403388977,-0.8280700445175171,0.5431245565414429,0.7952926754951477,0.23346871137619019,0.5594655275344849,-0.5900793075561523,0.5096986889839172,0.6261100769042969],"EasingStyle":"Constant","EasingDirection":"In"},"Right Leg":{"Weight":1,"CFrame":[0.6811450719833374,0.07606643438339234,-0.14497286081314088,0.9034884572029114,0.20821169018745423,0.37464162707328799,-0.2459419071674347,0.9677057266235352,0.05530069023370743,-0.3510284423828125,-0.1421036273241043,0.9255190491676331],"EasingStyle":"Constant","EasingDirection":"In"},"Head":{"Weight":1,"CFrame":[8.940696716308594e-8,-2.9802322387695315e-8,-3.2782554626464846e-7,0.672317624092102,-0.7327741980552673,0.10502901673316956,0.7384485006332398,0.6539571285247803,-0.1644199788570404,0.051798220723867419,0.1881009340286255,0.9807828664779663],"EasingStyle":"Constant","EasingDirection":"In"},"Left Arm":{"Weight":1,"CFrame":[-0.03974553942680359,-0.1424279808998108,0.4083068370819092,0.9405136108398438,-0.21061158180236817,0.2666023373603821,-0.13808050751686097,0.4800182282924652,0.8663232922554016,-0.3104315996170044,-0.8516017198562622,0.4223823547363281],"EasingStyle":"Constant","EasingDirection":"In"},"Torso":{"Weight":1,"CFrame":[-0.5593447685241699,0.13381919264793397,-0.10135388374328613,0.5773723125457764,0.8141477108001709,0.06168375909328461,-0.8101439476013184,0.5618594884872437,0.16727405786514283,0.10152817517518997,-0.14655214548110963,0.9839789867401123],"EasingStyle":"Constant","EasingDirection":"In"},"HumanoidRootPart":{"Weight":0,"CFrame":[0,0,0,1,0,0,0,1,0,0,0,1],"EasingStyle":"Linear","EasingDirection":"In"},"Right Arm":{"Weight":1,"CFrame":[-0.08617125451564789,-0.3569091856479645,0.2955780029296875,0.7201281189918518,-0.5519026517868042,0.420498251914978,-0.055331751704216,0.5584337711334229,0.8277016878128052,-0.6916313171386719,-0.6193179488182068,0.37160637974739077],"EasingStyle":"Constant","EasingDirection":"In"}}},{"Time":0.5,"poses":{"Left Leg":{"Weight":1,"CFrame":[-0.09359613060951233,-0.0750495195388794,0.44683313369750979,-0.1389816403388977,-0.8280700445175171,0.5431245565414429,0.7952926754951477,0.23346871137619019,0.5594655275344849,-0.5900793075561523,0.5096986889839172,0.6261100769042969],"EasingStyle":"Constant","EasingDirection":"In"},"Right Leg":{"Weight":1,"CFrame":[0.6811450719833374,0.07606643438339234,-0.14497286081314088,0.9034884572029114,0.20821169018745423,0.37464162707328799,-0.2459419071674347,0.9677057266235352,0.05530069023370743,-0.3510284423828125,-0.1421036273241043,0.9255190491676331],"EasingStyle":"Constant","EasingDirection":"In"},"Head":{"Weight":1,"CFrame":[8.940696716308594e-8,-2.9802322387695315e-8,-3.2782554626464846e-7,0.672317624092102,-0.7327741980552673,0.10502901673316956,0.7384485006332398,0.6539571285247803,-0.1644199788570404,0.051798220723867419,0.1881009340286255,0.9807828664779663],"EasingStyle":"Constant","EasingDirection":"In"},"Left Arm":{"Weight":1,"CFrame":[-0.03974553942680359,-0.1424279808998108,0.4083068370819092,0.9405136108398438,-0.21061158180236817,0.2666023373603821,-0.13808050751686097,0.4800182282924652,0.8663232922554016,-0.3104315996170044,-0.8516017198562622,0.4223823547363281],"EasingStyle":"Constant","EasingDirection":"In"},"Torso":{"Weight":1,"CFrame":[-0.5593447685241699,0.13381919264793397,-0.10135388374328613,0.5773723125457764,0.8141477108001709,0.06168375909328461,-0.8101439476013184,0.5618594884872437,0.16727405786514283,0.10152817517518997,-0.14655214548110963,0.9839789867401123],"EasingStyle":"Constant","EasingDirection":"In"},"HumanoidRootPart":{"Weight":0,"CFrame":[0,0,0,1,0,0,0,1,0,0,0,1],"EasingStyle":"Linear","EasingDirection":"In"},"Right Arm":{"Weight":1,"CFrame":[-0.08617125451564789,-0.3569091856479645,0.2955780029296875,0.7201281189918518,-0.5519026517868042,0.420498251914978,-0.055331751704216,0.5584337711334229,0.8277016878128052,-0.6916313171386719,-0.6193179488182068,0.37160637974739077],"EasingStyle":"Constant","EasingDirection":"In"}}},{"Time":0.5333333611488342,"poses":{"Left Leg":{"Weight":1,"CFrame":[-0.09359613060951233,-0.0750495195388794,0.44683313369750979,-0.1389816403388977,-0.8280700445175171,0.5431245565414429,0.7952926754951477,0.23346871137619019,0.5594655275344849,-0.5900793075561523,0.5096986889839172,0.6261100769042969],"EasingStyle":"Constant","EasingDirection":"In"},"Right Leg":{"Weight":1,"CFrame":[0.6811450719833374,0.07606643438339234,-0.14497286081314088,0.9034884572029114,0.20821169018745423,0.37464162707328799,-0.2459419071674347,0.9677057266235352,0.05530069023370743,-0.3510284423828125,-0.1421036273241043,0.9255190491676331],"EasingStyle":"Constant","EasingDirection":"In"},"Head":{"Weight":1,"CFrame":[8.940696716308594e-8,-2.9802322387695315e-8,-3.2782554626464846e-7,0.672317624092102,-0.7327741980552673,0.10502901673316956,0.7384485006332398,0.6539571285247803,-0.1644199788570404,0.051798220723867419,0.1881009340286255,0.9807828664779663],"EasingStyle":"Constant","EasingDirection":"In"},"Left Arm":{"Weight":1,"CFrame":[-0.03974553942680359,-0.1424279808998108,0.4083068370819092,0.9405136108398438,-0.21061158180236817,0.2666023373603821,-0.13808050751686097,0.4800182282924652,0.8663232922554016,-0.3104315996170044,-0.8516017198562622,0.4223823547363281],"EasingStyle":"Constant","EasingDirection":"In"},"Torso":{"Weight":1,"CFrame":[-0.5593447685241699,0.13381919264793397,-0.10135388374328613,0.5773723125457764,0.8141477108001709,0.06168375909328461,-0.8101439476013184,0.5618594884872437,0.16727405786514283,0.10152817517518997,-0.14655214548110963,0.9839789867401123],"EasingStyle":"Constant","EasingDirection":"In"},"HumanoidRootPart":{"Weight":0,"CFrame":[0,0,0,1,0,0,0,1,0,0,0,1],"EasingStyle":"Linear","EasingDirection":"In"},"Right Arm":{"Weight":1,"CFrame":[-0.08617125451564789,-0.3569091856479645,0.2955780029296875,0.7201281189918518,-0.5519026517868042,0.420498251914978,-0.055331751704216,0.5584337711334229,0.8277016878128052,-0.6916313171386719,-0.6193179488182068,0.37160637974739077],"EasingStyle":"Constant","EasingDirection":"In"}}},{"Time":0.5666666626930237,"poses":{"Left Leg":{"Weight":1,"CFrame":[-0.06318449974060059,0.011379420757293702,0.3206055164337158,0.429401159286499,-0.5383709669113159,0.7251009941101074,0.6288242936134338,0.7545202374458313,0.1878271996974945,-0.6482241749763489,0.37530815601348879,0.6625324487686157],"EasingStyle":"Constant","EasingDirection":"In"},"Right Leg":{"Weight":1,"CFrame":[0.786188542842865,0.16088658571243287,-0.12206229567527771,0.9287370443344116,0.17713400721549989,0.32568517327308657,-0.1792725920677185,0.983514130115509,-0.023694559931755067,-0.324512779712677,-0.03638036549091339,0.9451812505722046],"EasingStyle":"Constant","EasingDirection":"In"},"Head":{"Weight":1,"CFrame":[8.940696716308594e-8,9.685754776000977e-8,-2.9802322387695315e-8,0.727749228477478,-0.6856572031974793,0.01597064733505249,0.6858396530151367,0.7274714708328247,-0.020231127738952638,0.0022534416057169439,0.02567654848098755,0.999667763710022],"EasingStyle":"Constant","EasingDirection":"In"},"Left Arm":{"Weight":1,"CFrame":[0.14136171340942384,0.007919013500213623,0.10129586607217789,0.826409101486206,0.24748589098453523,-0.5057653784751892,0.019348114728927614,0.8852164149284363,0.4647768437862396,0.5627375245094299,-0.3938816785812378,0.7267623543739319],"EasingStyle":"Constant","EasingDirection":"In"},"Torso":{"Weight":1,"CFrame":[-0.6855211853981018,-0.001020878553390503,-0.18842792510986329,0.5757038593292236,0.8172208070755005,-0.026744112372398378,-0.8175323605537415,0.5758814215660095,-0.0012762323021888733,0.014358471147716046,0.02259889990091324,0.9996415376663208],"EasingStyle":"Constant","EasingDirection":"In"},"HumanoidRootPart":{"Weight":0,"CFrame":[0,0,0,1,0,0,0,1,0,0,0,1],"EasingStyle":"Linear","EasingDirection":"In"},"Right Arm":{"Weight":1,"CFrame":[-0.11665046215057373,-0.10445091128349304,0.06880038976669312,0.9145359992980957,0.3911609649658203,-0.10303855687379837,-0.35389089584350588,0.8970882892608643,0.26456308364868166,0.19592125713825227,-0.20548804104328156,0.9588480591773987],"EasingStyle":"Constant","EasingDirection":"In"}}},{"Time":0.6000000238418579,"poses":{"Left Leg":{"Weight":1,"CFrame":[-0.06318449974060059,0.011379420757293702,0.3206055164337158,0.429401159286499,-0.5383709669113159,0.7251009941101074,0.6288242936134338,0.7545202374458313,0.1878271996974945,-0.6482241749763489,0.37530815601348879,0.6625324487686157],"EasingStyle":"Constant","EasingDirection":"In"},"Right Leg":{"Weight":1,"CFrame":[0.786188542842865,0.16088658571243287,-0.12206229567527771,0.9287370443344116,0.17713400721549989,0.32568517327308657,-0.1792725920677185,0.983514130115509,-0.023694559931755067,-0.324512779712677,-0.03638036549091339,0.9451812505722046],"EasingStyle":"Constant","EasingDirection":"In"},"Head":{"Weight":1,"CFrame":[8.940696716308594e-8,9.685754776000977e-8,-2.9802322387695315e-8,0.727749228477478,-0.6856572031974793,0.01597064733505249,0.6858396530151367,0.7274714708328247,-0.020231127738952638,0.0022534416057169439,0.02567654848098755,0.999667763710022],"EasingStyle":"Constant","EasingDirection":"In"},"Left Arm":{"Weight":1,"CFrame":[0.14136171340942384,0.007919013500213623,0.10129586607217789,0.826409101486206,0.24748589098453523,-0.5057653784751892,0.019348114728927614,0.8852164149284363,0.4647768437862396,0.5627375245094299,-0.3938816785812378,0.7267623543739319],"EasingStyle":"Constant","EasingDirection":"In"},"Torso":{"Weight":1,"CFrame":[-0.6855211853981018,-0.001020878553390503,-0.18842792510986329,0.5757038593292236,0.8172208070755005,-0.026744112372398378,-0.8175323605537415,0.5758814215660095,-0.0012762323021888733,0.014358471147716046,0.02259889990091324,0.9996415376663208],"EasingStyle":"Constant","EasingDirection":"In"},"HumanoidRootPart":{"Weight":0,"CFrame":[0,0,0,1,0,0,0,1,0,0,0,1],"EasingStyle":"Linear","EasingDirection":"In"},"Right Arm":{"Weight":1,"CFrame":[-0.11665046215057373,-0.10445091128349304,0.06880038976669312,0.9145359992980957,0.3911609649658203,-0.10303855687379837,-0.35389089584350588,0.8970882892608643,0.26456308364868166,0.19592125713825227,-0.20548804104328156,0.9588480591773987],"EasingStyle":"Constant","EasingDirect