{"Sequence":[{"Time":0,"poses":{"Left Leg":{"Weight":1,"CFrame":[-0.3506895899772644,0.17398083209991456,0.06415760517120362,0.9704192280769348,-0.14394783973693849,0.19381864368915559,0.12643226981163026,0.986926257610321,0.09995734691619873,-0.20567335188388825,-0.07249558717012406,0.9759318828582764],"EasingStyle":"Linear","EasingDirection":"In"},"Right Arm":{"Weight":1,"CFrame":[-1.4901161193847657e-8,-0.3153487741947174,0.07007753849029541,0.7892892956733704,0.03910550847649574,-0.6127749681472778,-0.013545173220336438,0.9988359808921814,0.04629560932517052,0.6138721108436585,-0.02824046090245247,0.7889001965522766],"EasingStyle":"Linear","EasingDirection":"In"},"Head":{"Weight":1,"CFrame":[8.742279078433057e-8,0,0,0.999950110912323,-0.00996242556720972,0.0007486744434572756,0.00996243767440319,0.9887213110923767,-0.14943571388721467,0.0007485118694603443,0.14943571388721467,0.9887712001800537],"EasingStyle":"Linear","EasingDirection":"In"},"Right Leg":{"Weight":1,"CFrame":[0.3505515456199646,0.15690219402313233,0.07880532741546631,0.9658879637718201,0.1493312269449234,-0.2115670144557953,-0.13945350050926209,0.988351047039032,0.060951173305511478,0.21820442378520966,-0.029368268325924875,0.9754611253738403],"EasingStyle":"Linear","EasingDirection":"In"},"Torso":{"Weight":1,"CFrame":[0,0.1987307369709015,-0.1467745304107666,1,0,-8.742277657347586e-8,0,1,0,8.742277657347586e-8,0,1],"EasingStyle":"Linear","EasingDirection":"In"},"HumanoidRootPart":{"Weight":1,"CFrame":[0,0,0,1,0,0,0,1,0,0,0,1],"EasingStyle":"Linear","EasingDirection":"In"},"Left Arm":{"Weight":1,"CFrame":[1.4901161193847657e-8,-0.2803100049495697,0.09343671798706055,0.8869469165802002,0.00962024088948965,0.46177130937576296,-0.05250083655118942,0.9954030513763428,0.0801033228635788,-0.45887789130210879,-0.09529087692499161,0.8833746910095215],"EasingStyle":"Linear","EasingDirection":"In"}}},{"Time":0.03333333507180214,"poses":{"Left Leg":{"Weight":1,"CFrame":[-0.2773731052875519,0.13716864585876466,0.05880939960479736,0.9717748761177063,-0.11542054265737534,0.20574712753295899,0.09816889464855194,0.9908891320228577,0.09220482409000397,-0.21451492607593537,-0.06940431892871857,0.9742516875267029],"EasingStyle":"Linear","EasingDirection":"In"},"Right Arm":{"Weight":1,"CFrame":[0.02884223684668541,-0.31540167331695559,0.05316305160522461,0.767131507396698,0.02294650673866272,-0.6410794258117676,0.007236482575535774,0.9989869594573975,0.04441649839282036,0.6414491534233093,-0.038712453097105029,0.7661881446838379],"EasingStyle":"Linear","EasingDirection":"In"},"Head":{"Weight":1,"CFrame":[8.754432201385498e-8,1.442094799131155e-8,0,0.9999651908874512,-0.008355378173291684,0.000028827289497712628,0.008284270763397217,0.9909937977790833,-0.1336512565612793,0.00108813913539052,0.13364681601524354,0.9910284280776978],"EasingStyle":"Linear","EasingDirection":"In"},"Right Leg":{"Weight":1,"CFrame":[0.2868483364582062,0.12957370281219483,0.06061673164367676,0.9741642475128174,0.107976995408535,-0.1983560174703598,-0.09637507051229477,0.9930692315101624,0.0672706663608551,0.20424498617649079,-0.04641612619161606,0.9778188467025757],"EasingStyle":"Linear","EasingDirection":"In"},"Torso":{"Weight":1,"CFrame":[0.010233208537101746,0.20116744935512544,-0.10843133926391602,0.9999008178710938,0.014060505665838719,-0.0008351251017302275,-0.014056620188057423,0.9998912215232849,0.004487504716962576,0.0008981307619251311,-0.004475320689380169,0.9999895691871643],"EasingStyle":"Linear","EasingDirection":"In"},"HumanoidRootPart":{"Weight":1,"CFrame":[0,0,0,1,0,0,0,1,0,0,0,1],"EasingStyle":"Linear","EasingDirection":"In"},"Left Arm":{"Weight":1,"CFrame":[-0.003729811869561672,-0.28036147356033327,0.09208202362060547,0.8619931936264038,0.008945220150053501,0.5068410634994507,-0.07024462521076203,0.9923060536384583,0.10195305943489075,-0.5020294189453125,-0.12348578870296478,0.855989396572113],"EasingStyle":"Linear","EasingDirection":"In"}}},{"Time":0.06666667014360428,"poses":{"Left Leg":{"Weight":1,"CFrame":[-0.21635282039642335,0.10918194055557251,0.051865339279174808,0.9722946286201477,-0.09403359889984131,0.21401143074035645,0.0774107575416565,0.9933873414993286,0.08478863537311554,-0.22056922316551209,-0.06587271392345429,0.9731444120407105],"EasingStyle":"Linear","EasingDirection":"In"},"Right Arm":{"Weight":1,"CFrame":[0.06029793620109558,-0.31577229499816897,0.03558826446533203,0.7496758699417114,0.01812100037932396,-0.6615570783615112,0.022863110527396203,0.9983192682266235,0.05325368419289589,0.6614102125167847,-0.05504825711250305,0.7480015754699707],"EasingStyle":"Linear","EasingDirection":"In"},"Head":{"Weight":1,"CFrame":[8.42846930027008e-8,-6.257323548197746e-9,0,0.9999911785125732,-0.0037935920991003515,-0.001801392761990428,0.0035507455468177797,0.9928064346313477,-0.11967820674180985,0.002242444781586528,0.11967077106237412,0.9928111433982849],"EasingStyle":"Linear","EasingDirection":"In"},"Right Leg":{"Weight":1,"CFrame":[0.23435528576374055,0.11144447326660156,0.047253966331481937,0.9788868427276611,0.07833094149827957,-0.18879856169223786,-0.06503010541200638,0.9950115084648132,0.07565271854400635,0.1937827169895172,-0.06177796423435211,0.9790974855422974],"EasingStyle":"Linear","EasingDirection":"In"},"Torso":{"Weight":1,"CFrame":[0.01847011037170887,0.203994020819664,-0.08243131637573242,0.9997014999389648,0.024249818176031114,-0.002981734462082386,-0.024216290563344957,0.9996483325958252,0.010808216407895089,0.003242782549932599,-0.010732783004641533,0.9999372363090515],"EasingStyle":"Linear","EasingDirection":"In"},"HumanoidRootPart":{"Weight":1,"CFrame":[0,0,0,1,0,0,0,1,0,0,0,1],"EasingStyle":"Linear","EasingDirection":"In"},"Left Arm":{"Weight":1,"CFrame":[-0.01445319876074791,-0.280720055103302,0.08826994895935059,0.8413690328598023,0.0047247326001524929,0.5404404401779175,-0.08350971341133118,0.9890890717506409,0.12136264890432358,-0.5339704155921936,-0.14724291861057282,0.8325834274291992],"EasingStyle":"Linear","EasingDirection":"In"}}},{"Time":0.10000000149011612,"poses":{"Left Leg":{"Weight":1,"CFrame":[-0.17425447702407838,0.09008097648620606,0.04584002494812012,0.9723815321922302,-0.0828063115477562,0.21821391582489015,0.0671178475022316,0.994662880897522,0.07836437970399857,-0.22353830933570863,-0.06155402958393097,0.972749650478363],"EasingStyle":"Linear","EasingDirection":"In"},"Right Arm":{"Weight":1,"CFrame":[0.093981072306633,-0.3167782425880432,0.01762378215789795,0.7367871403694153,0.021628905087709428,-0.675778865814209,0.03539705276489258,0.9968836307525635,0.07049862295389176,0.6751975417137146,-0.07586304843425751,0.7337254285812378],"EasingStyle":"Linear","EasingDirection":"In"},"Head":{"Weight":1,"CFrame":[8.754432201385498e-8,-1.2223608791828156e-8,1.1920928955078126e-7,0.9999844431877136,0.0032898506615310909,-0.004519752226769924,-0.0037560276687145235,0.9942153692245483,-0.10733917355537415,0.004140477627515793,0.10735446214675904,0.99421226978302],"EasingStyle":"Linear","EasingDirection":"In"},"Right Leg":{"Weight":1,"CFrame":[0.20074263215065003,0.10219812393188477,0.039240121841430667,0.9809252619743347,0.0646652802824974,-0.18331436812877656,-0.04973352327942848,0.9951460361480713,0.08491731435060501,0.18791580200195313,-0.0741807222366333,0.9793798923492432],"EasingStyle":"Linear","EasingDirection":"In"},"Torso":{"Weight":1,"CFrame":[0.02422133833169937,0.2070055603981018,-0.06757950782775879,0.9995304942131043,0.030060915276408197,-0.005930047016590834,-0.02994670905172825,0.9993805885314941,0.018488604575395585,0.00648215739056468,-0.01830234006047249,0.9998114705085754],"EasingStyle":"Linear","EasingDirection":"In"},"HumanoidRootPart":{"Weight":1,"CFrame":[0,0,0,1,0,0,0,1,0,0,0,1],"EasingStyle":"Linear","EasingDirection":"In"},"Left Arm":{"Weight":1,"CFrame":[-0.031470660120248798,-0.28169283270835879,0.08237862586975098,0.8253462910652161,-0.0013918265467509628,0.5646252632141113,-0.09318608045578003,0.9859481453895569,0.13864600658416749,-0.5568841695785523,-0.16704627871513368,0.8136188983917236],"EasingStyle":"Linear","EasingDirection":"In"}}},{"Time":0.13333334028720857,"poses":{"Left Leg":{"Weight":1,"CFrame":[-0.15771429240703584,0.07961690425872803,0.04303121566772461,0.9723207354545593,-0.08462712168693543,0.21778585016727448,0.07009640336036682,0.9948201775550842,0.07361612468957901,-0.22288770973682404,-0.056312479078769687,0.9732163548469544],"EasingStyle":"Linear","EasingDirection":"In"},"Right Arm":{"Weight":1,"CFrame":[0.12950579822063447,-0.31873756647109988,-0.0004597306251525879,0.7279877662658691,0.030470259487628938,-0.6849126815795898,0.0465572364628315,0.9945085644721985,0.09372857958078385,0.6840075254440308,-0.10012088716030121,0.7225715517997742],"EasingStyle":"Linear","EasingDirection":"In"},"Head":{"Weight":1,"CFrame":[9.406358003616333e-8,1.9033905118703843e-8,-4.172325134277344e-7,0.9998911023139954,0.01245077233761549,-0.00792564544826746,-0.013157492503523827,0.9952509999275208,-0.09644880145788193,0.006687144283205271,0.096542589366436,0.9953064322471619],"EasingStyle":"Linear","EasingDirection":"In"},"Right Leg":{"Weight":1,"CFrame":[0.1920725405216217,0.10097384452819824,0.036998629570007327,0.980685293674469,0.07038634270429611,-0.1824888288974762,-0.0538703054189682,0.9941195249557495,0.09393815696239472,0.18802769482135774,-0.08229309320449829,0.9787101745605469],"EasingStyle":"Linear","EasingDirection":"In"},"Torso":{"Weight":1,"CFrame":[0.02696981281042099,0.20997977256774903,-0.06267428398132324,0.9994820356369019,0.030837949365377427,-0.009204845875501633,-0.030579254031181337,0.99916672706604,0.027033431455492975,0.010030830278992653,-0.02673794887959957,0.9995922446250916],"EasingStyle":"Linear","EasingDirection":"In"},"HumanoidRootPart":{"Weight":1,"CFrame":[0,0,0,1,0,0,0,1,0,0,0,1],"EasingStyle":"Linear","EasingDirection":"In"},"Left Arm":{"Weight":1,"CFrame":[-0.05408291146159172,-0.2835884690284729,0.07478606700897217,0.8136914372444153,-0.008016204461455346,0.5812417268753052,-0.1002504825592041,0.9829877614974976,0.15389953553676606,-0.5725871920585632,-0.18349656462669373,0.7990451455116272],"EasingStyle":"Linear","EasingDirection":"In"}}},{"Time":0.1666666716337204,"poses":{"Left Leg":{"Weight":1,"CFrame":[-0.1851547807455063,0.08089178800582886,0.04703044891357422,0.9714635610580444,-0.1083715558052063,0.21098367869853974,0.09524974226951599,0.9928877949714661,0.0714232325553894,-0.21722343564033509,-0.049288950860500339,0.9748767018318176],"EasingStyle":"Linear","EasingDirection":"In"},"Right Arm":{"Weight":1,"CFrame":[0.16648626327514649,-0.32196664810180666,-0.01839125156402588,0.7226195931434631,0.041661087423563007,-0.689989447593689,0.057869698852300647,0.9910319447517395,0.12044407427310944,0.688819408416748,-0.12696470320224763,0.7137281894683838],"EasingStyle":"Linear","EasingDirection":"In"},"Head":{"Weight":1,"CFrame":[8.800998330116272e-8,1.8102582544088365e-8,1.1920928955078126e-7,0.9996600151062012,0.023236513137817384,-0.011834723874926567,-0.024177655577659608,0.9959306716918945,-0.08681944012641907,0.009769185446202755,0.08707606047391892,0.9961537718772888],"EasingStyle":"Linear","EasingDirection":"In"},"Right Leg":{"Weight":1,"CFrame":[0.22108839452266694,0.10977840423583985,0.0429842472076416,0.9766665697097778,0.10354909300804138,-0.18814896047115327,-0.08544104546308518,0.9911136627197266,0.10194872319698334,0.1970338076353073,-0.08349433541297913,0.9768348932266235],"EasingStyle":"Linear","EasingDirection":"In"},"Torso":{"Weight":1,"CFrame":[0.026162531226873399,0.21267935633659364,-0.07173991203308106,0.999617874622345,0.024719426408410074,-0.012379503808915615,-0.024260682985186578,0.9990598559379578,0.03592871129512787,0.013256002217531205,-0.03561463952064514,0.9992777705192566],"EasingStyle":"Linear","EasingDirection":"In"},"HumanoidRootPart":{"Weight":1,"CFrame":[0,0,0,1,0,0,0,1,0,0,0,1],"EasingStyle":"Linear","EasingDirection":"In"},"Left Arm":{"Weight":1,"CFrame":[-0.08159060776233673,-0.2867124080657959,0.06587040424346924,0.8058616518974304,-0.013956505805253983,0.5919392704963684,-0.10573913156986237,0.9802594780921936,0.1670646071434021,-0.582585871219635,-0.1972222477197647,0.7884778380393982],"EasingStyle":"Linear","EasingDirection":"In"}}},{"Time":0.20000000298023225,"poses":{"Left Leg":{"Weight":1,"CFrame":[-0.26362651586532595,0.09728896617889404,0.05782520771026611,0.9673644304275513,-0.15762558579444886,0.19839397072792054,0.1458624303340912,0.9866325855255127,0.07266542315483093,-0.2071959227323532,-0.041355784982442859,0.9774249792098999],"EasingStyle":"Linear","EasingDirection":"In"},"Right Arm":{"Weight":1,"CFrame":[0.20453640818595887,-0.32678431272506716,-0.035900235176086429,0.7199221849441528,0.052244942635297778,-0.6920858025550842,0.07078120857477188,0.9864372611045837,0.14809320867061616,0.6904362440109253,-0.15560223162174226,0.7064600586891174],"EasingStyle":"Linear","EasingDirection":"In"},"Head":{"Weight":1,"CFrame":[8.89413058757782e-8,-6.104528438299894e-9,-5.960464477539063e-8,0.9992514848709106,0.03518838807940483,-0.016074294224381448,-0.03634239733219147,0.9962700009346008,-0.07826497405767441,0.01326032169163227,0.0787905603647232,0.9968030452728272],"EasingStyle":"Linear","EasingDirection":"In"},"Right Leg":{"Weight":1,"CFrame":[0.2896885573863983,0.13014960289001466,0.058370232582092288,0.9660288691520691,0.16393056511878968,-0.19978761672973634,-0.14444181323051454,0.9835359454154968,0.10859865695238114,0.2143009901046753,-0.07605179399251938,0.9738025069236755],"EasingStyle":"Linear","EasingDirection":"In"},"Torso":{"Weight":1,"CFrame":[0.021998967975378038,0.21487677097320558,-0.10117626190185547,0.9998119473457336,0.012282170355319977,-0.015008891001343727,-0.011600777506828308,0.9989343285560608,0.044672559946775439,0.01554157305508852,-0.04449004307389259,0.9988889098167419],"EasingStyle":"Linear","EasingDirection":"In"},"HumanoidRootPart":{"Weight":1,"CFrame":[0,0,0,1,0,0,0,1,0,0,0,1],"EasingStyle":"Linear","EasingDirection":"In"},"Left Arm":{"Weight":1,"CFrame":[-0.11329439282417298,-0.2913733422756195,0.05600941181182861,0.801135778427124,-0.01815631240606308,0.5982071757316589,-0.11073821783065796,0.9777832627296448,0.17798058688640595,-0.5881484150886536,-0.20883110165596009,0.7813264727592468],"EasingStyle":"Linear","EasingDirection":"In"}}},{"Time":0.23333333432674409,"poses":{"Left Leg":{"Weight":1,"CFrame":[-0.3692808747291565,0.12822246551513673,0.06810164451599121,0.9589291214942932,-0.21821348369121552,0.18121205270290376,0.2072196900844574,0.9751985669136047,0.07776770740747452,-0.19368772208690644,-0.03702300414443016,0.9803645014762878],"EasingStyle":"Linear","EasingDirection":"In"},"Right Arm":{"Weight":1,"CFrame":[0.2432703971862793,-0.3335076570510864,-0.0527157187461853,0.7190526723861694,0.059314172714948657,-0.6924197673797607,0.08673423528671265,0.9809014201164246,0.17409633100032807,0.6895219087600708,-0.18524089455604554,0.7001752257347107],"EasingStyle":"Linear","EasingDirection":"In"},"Head":{"Weight":1,"CFrame":[7.962808012962341e-8,1.0592430044198409e-8,1.1920928955078126e-7,0.9986449480056763,0.04784398898482323,-0.020479589700698854,-0.04917913302779198,0.9962913990020752,-0.07060364633798599,0.01702568121254444,0.07151513546705246,0.9972941875457764],"EasingStyle":"Linear","EasingDirection":"In"},"Right Leg":{"Weight":1,"CFrame":[0.3756234347820282,0.15909945964813233,0.08072459697723389,0.9472482204437256,0.23658452928066255,-0.2162141650915146,-0.21625155210494996,0.9697006940841675,0.11364798992872238,0.23655040562152863,-0.060896195471286777,0.969709038734436],"EasingStyle":"Linear","EasingDirection":"In"},"Torso":{"Weight":1,"CFrame":[0.015540167689323426,0.2163676917552948,-0.15125393867492677,0.9998487234115601,-0.005190685857087374,-0.016607344150543214,0.006061009597033262,0.9985871315002441,0.052792273461818698,0.01630985364317894,-0.05288492888212204,0.9984675049781799],"EasingStyle":"Linear","EasingDirection":"In"},"HumanoidRootPart":{"Weight":1,"CFrame":[0,0,0,1,0,0,0,1,0,0,0,1],"EasingStyle":"Linear","EasingDirection":"In"},"Left Arm":{"Weight":1,"CFrame":[-0.14849497377872468,-0.29787760972976687,0.04558157920837402,0.7986921668052673,-0.019644174724817277,0.6014190912246704,-0.11638182401657105,0.9755524396896362,0.18642103672027589,-0.5903779864311218,-0.2188873440027237,0.7768799662590027],"EasingStyle":"Linear","EasingDirection":"In"}}},{"Time":0.2666666805744171,"poses":{"Left Leg":{"Weight":1,"CFrame":[-0.48300933837890627,0.17600202560424806,0.07154130935668946,0.9468162655830383,-0.27879875898361208,0.16065555810928346,0.26725196838378909,0.959421694278717,0.08992519974708557,-0.1792074739933014,-0.04220720753073692,0.9829055070877075],"EasingStyle":"Linear","EasingDirection":"In"},"Right Arm":{"Weight":1,"CFrame":[0.28230226039886477,-0.34245455265045168,-0.06856703758239746,0.719057023525238,0.060034994035959247,-0.6923531293869019,0.10720425099134445,0.9747540950775147,0.1958613097667694,0.6866326332092285,-0.21505865454673768,0.6944677829742432],"EasingStyle":"Linear","EasingDirection":"In"},"Head":{"Weight":1,"CFrame":[8.335337042808533e-8,-1.1932570487260819e-9,4.76837158203125e-7,0.9978432655334473,0.06073960289359093,-0.024890989065170289,-0.06221722811460495,0.9960303902626038,-0.06365977227687836,0.020925510674715043,0.06507112830877304,0.9976612329483032],"EasingStyle":"Linear","EasingDirection":"In"},"Right Leg":{"Weight":1,"CFrame":[0.46042779088020327,0.19198572635650636,0.1081775426864624,0.921292245388031,0.3088884949684143,-0.23623807728290559,-0.2894080877304077,0.9503909349441528,0.11401794850826264,0.25973740220069888,-0.036674678325653079,0.9649826288223267],"EasingStyle":"Linear","EasingDirection":"In"},"Torso":{"Weight":1,"CFrame":[0.00955703854560852,0.21700263023376466,-0.21937322616577149,0.9995457530021668,-0.026484953239560128,-0.014390471391379834,0.027301693335175515,0.9978319406509399,0.05988356098532677,0.012773260474205017,-0.06024923920631409,0.9981016516685486],"EasingStyle":"Linear","EasingDirection":"In"},"HumanoidRootPart":{"Weight":1,"CFrame":[0,0,0,1,0,0,0,1,0,0,0,1],"EasingStyle":"Linear","EasingDirection":"In"},"Left Arm":{"Weight":1,"CFrame":[-0.1864929050207138,-0.30653339624404909,0.034964680671691897,0.7976481914520264,-0.017495520412921907,0.6028693318367004,-0.1238507553935051,0.9735255241394043,0.19211742281913758,-0.5902698636054993,-0.22790798544883729,0.7743640542030335],"EasingStyle":"Linear","EasingDirection":"In"}}},{"Time":0.30000001192092898,"poses":{"Left Leg":{"Weight":1,"CFrame":[-0.5741354823112488,0.23168039321899415,0.06206798553466797,0.936659574508667,-0.3219749629497528,0.1378442794084549,0.30819031596183779,0.944665253162384,0.11236656457185745,-0.16639596223831178,-0.0627669095993042,0.9840593338012695],"EasingStyle":"Linear","EasingDirection":"In"},"Right Arm":{"Weight":1,"CFrame":[0.3212461471557617,-0.3539431691169739,-0.08318328857421875,0.7330455183982849,0.04931410402059555,-0.6783895492553711,0.13202160596847535,0.9680848121643066,0.21303093433380128,0.6672439575195313,-0.24572350084781648,0.7031397223472595],"EasingStyle":"Linear","EasingDirection":"In"},"Head":{"Weight":1,"CFrame":[8.707866072654724e-8,-1.367880031466484e-9,1.1920928955078126e-7,0.996875524520874,0.07341227680444718,-0.029152004048228265,-0.074988454580307,0.9955388307571411,-0.05726485326886177,0.024817999452352525,0.05927198380231857,0.9979333877563477],"EasingStyle":"Linear","EasingDirection":"In"},"Right Leg":{"Weight":1,"CFrame":[0.5158469676971436,0.21167892217636109,0.13658857345581056,0.8950802087783814,0.36324822902679446,-0.2586158215999603,-0.34798628091812136,0.9316865801811218,0.10423893481492996,0.27881351113319399,-0.003307477105408907,0.9603396058082581],"EasingStyle":"Linear","EasingDirection":"In"},"Torso":{"Weight":1,"CFrame":[0.00760268047451973,0.21676866710186006,-0.283062219619751,0.9987165927886963,-0.05043811723589897,-0.00459617655724287,0.05063126981258392,0.9965533018112183,0.06571296602487564,0.0012658967170864344,-0.06586135178804398,0.9978280067443848],"EasingStyle":"Linear","EasingDirection":"In"},"HumanoidRootPart":{"Weight":1,"CFrame":[0,0,0,1,0,0,0,1,0,0,0,1],"EasingStyle":"Linear","EasingDirection":"In"},"Left Arm":{"Weight":1,"CFrame":[-0.22658881545066834,-0.317647784948349,0.024536728858947755,0.8038955330848694,-0.009458577260375023,0.5946953892707825,-0.13349157571792603,0.9714948534965515,0.19590237736701966,-0.5795965194702148,-0.23687197268009187,0.7797176241874695],"EasingStyle":"Linear","EasingDirection":"In"}}},{"Time":0.3333333432674408,"poses":{"Left Leg":{"Weight":1,"CFrame":[-0.6203289031982422,0.2714918255805969,0.041495561599731448,0.9348922371864319,-0.3361521065235138,0.11392275243997574,0.3198245167732239,0.9370312690734863,0.1403021663427353,-0.15391205251216889,-0.09473207592964173,0.9835328459739685],"EasingStyle":"Linear","EasingDirection":"In"},"Right Arm":{"Weight":1,"CFrame":[0.3597160279750824,-0.36829081177711489,-0.09629380702972412,0.7674822211265564,-0.014647461473941803,-0.6409029364585877,0.19660866260528565,0.956939697265625,0.21356864273548127,0.6101771593093872,-0.2899172604084015,0.7373140454292297],"EasingStyle":"Linear","EasingDirection":"In"},"Head":{"Weight":1,"CFrame":[8.940696716308594e-8,1.1292286217212677e-8,-4.172325134277344e-7,0.9957963824272156,0.08540159463882446,-0.03310803696513176,-0.08702772110700607,0.9948864579200745,-0.05125720426440239,0.02856128290295601,0.05392306670546532,0.9981366395950317],"EasingStyle":"Linear","EasingDirection":"In"},"Right Leg":{"Weight":1,"CFrame":[0.5241861343383789,0.20127123594284059,0.16002583503723145,0.8770238161087036,0.38898468017578127,-0.2819932997226715,-0.38109293580055239,0.9206469655036926,0.08471851050853729,0.2925705909729004,0.03316548466682434,0.9556686878204346],"EasingStyle":"Linear","EasingDirection":"In"},"Torso":{"Weight":1,"CFrame":[0.0086473748087883,0.21559764444828034,-0.3113994598388672,0.9970734715461731,-0.07568114250898361,0.01080913282930851,0.07474492490291596,0.9947408437728882,0.07002763450145722,-0.01605205610394478,-0.0690147653222084,0.9974865913391113],"EasingStyle":"Linear","EasingDirection":"In"},"HumanoidRootPart":{"Weight":1,"CFrame":[0,0,0,1,0,0,0,1,0,0,0,1],"EasingStyle":"Linear","EasingDirection":"In"},"Left Arm":{"Weight":1,"CFrame":[-0.2680835425853729,-0.33152836561203005,0.01467585563659668,0.8196484446525574,0.05206788331270218,0.5704957246780396,-0.19014030694961549,0.9641332626342773,0.1851859837770462,-0.5403916239738464,-0.26026177406311037,0.800150454044342],"EasingStyle":"Linear","EasingDirection":"In"}}},{"Time":0.36666667461395266,"poses":{"Left Leg":{"Weight":1,"CFrame":[-0.6108784675598145,0.2752137780189514,0.01825892925262451,0.9442888498306274,-0.31654077768325808,0.09011438488960266,0.29882189631462099,0.9393479824066162,0.16831760108470918,-0.13792818784713746,-0.1320122480392456,0.9816051721572876],"EasingStyle":"Linear","EasingDirection":"In"},"Right Arm":{"Weight":1,"CFrame":[0.3973260223865509,-0.386726975440979,-0.10762792825698853,0.7989072203636169,-0.15816017985343934,-0.5802866220474243,0.32543429732322695,0.9250462055206299,0.19591379165649415,0.5058060884475708,-0.3453620970249176,0.790496826171875],"EasingStyle":"Linear","EasingDirection":"In"},"Head":{"Weight":1,"CFrame":[8.754432201385498e-8,-2.2351741790771486e-8,4.76837158203125e-7,0.9946838617324829,0.09625064581632614,-0.03660598397254944,-0.09787367284297943,0.9941590428352356,-0.04548192769289017,0.03201451152563095,0.04882289841771126,0.9982942938804627],"EasingStyle":"Linear","EasingDirection":"In"},"Right Leg":{"Weight":1,"CFrame":[0.47224026918411257,0.1526709794998169,0.16832053661346436,0.8741391897201538,0.3779408037662506,-0.30502694845199587,-0.3793448507785797,0.9234902858734131,0.05712447687983513,0.30327919125556948,0.06577561795711518,0.950628936290741],"EasingStyle":"Linear","EasingDirection":"In"},"Torso":{"Weight":1,"CFrame":[0.011447541415691376,0.21322299540042878,-0.28304576873779299,0.9944653511047363,-0.10077124089002609,0.02972993440926075,0.0984063372015953,0.9925047755241394,0.07246037572622299,-0.03680902719497681,-0.06913372129201889,0.9969280958175659],"EasingStyle":"Linear","EasingDirection":"In"},"HumanoidRootPart":{"Weight":1,"CFrame":[0,0,0,1,0,0,0,1,0,0,0,1],"EasingStyle":"Linear","EasingDirection":"In"},"Left Arm":{"Weight":1,"CFrame":[-0.3102774918079376,-0.3495572507381439,0.0057599544525146488,0.8266404867172241,0.1986168771982193,0.5265138745307922,-0.32379084825515749,0.9331191182136536,0.15635938942432404,-0.4602445960044861,-0.2997334897518158,0.8356643319129944],"EasingStyle":"Linear","EasingDirection":"In"}}},{"Time":0.4000000059604645,"poses":{"Left Leg":{"Weight":1,"CFrame":[-0.554401159286499,0.2560586929321289,-0.0009316802024841309,0.9619578123092651,-0.2644190192222595,0.06870060414075852,0.24708327651023866,0.9493402242660523,0.19417276978492738,-0.11656323820352555,-0.16981126368045808,0.9785587787628174],"EasingStyle":"Linear","EasingDirection":"In"},"Right Arm":{"Weight":1,"CFrame":[0.4336904287338257,-0.41122713685035708,-0.11691445112228394,0.7940871119499207,-0.35896652936935427,-0.4904780387878418,0.4951866865158081,0.8500186204910278,0.1796065866947174,0.3524426221847534,-0.38550153374671938,0.8527442812919617],"EasingStyle":"Linear","EasingDirection":"In"},"Head":{"Weight":1,"CFrame":[8.568167686462403e-8,0,-3.5762786865234377e-7,0.993634045124054,0.10550644993782044,-0.03949422016739845,-0.10706894844770432,0.9934552311897278,-0.03978879377245903,0.03503775596618652,0.04376409575343132,0.9984273910522461],"EasingStyle":"Linear","EasingDirection":"In"},"Right Leg":{"Weight":1,"CFrame":[0.36621683835983279,0.08865028619766236,0.15351784229278565,0.8864917159080505,0.3277556300163269,-0.3266631066799164,-0.33872732520103457,0.9405661225318909,0.02448037825524807,0.31527185440063479,0.08894800394773483,0.9448238611221314],"EasingStyle":"Linear","EasingDirection":"In"},"Torso":{"Weight":1,"CFrame":[0.014534220099449158,0.20621629059314729,-0.21686816215515138,0.9909868240356445,-0.12414106726646424,0.050341878086328509,0.12056742608547211,0.9903241395950317,0.06871397793292999,-0.058385010808706287,-0.0620250441133976,0.9963654279708862],"EasingStyle":"Linear","EasingDirection":"In"},"HumanoidRootPart":{"Weight":1,"CFrame":[0,0,0,1,0,0,0,1,0,0,0,1],"EasingStyle":"Linear","EasingDirection":"In"},"Left Arm":{"Weight":1,"CFrame":[-0.35247156023979189,-0.37411606311798098,-0.001832425594329834,0.7958558201789856,0.40402907133102419,0.4509700536727905,-0.505975604057312,0.8528725504875183,0.12882967293262483,-0.33256909251213076,-0.3307097554206848,0.8831924796104431],"EasingStyle":"Linear","EasingDirection":"In"}}},{"Time":0.4333333373069763,"poses":{"Left Leg":{"Weight":1,"CFrame":[-0.46519672870635989,0.23258870840072633,-0.01407766342163086,0.9813781380653381,-0.1849011927843094,0.05204425007104874,0.16956256330013276,0.9612049460411072,0.2175627499818802,-0.0902528390288353,-0.20468652248382569,0.9746577739715576],"EasingStyle":"Linear","EasingDirection":"In"},"Right Arm":{"Weight":1,"CFrame":[0.4684230089187622,-0.4404716491699219,-0.1238831877708435,0.7235636115074158,-0.5815036296844482,-0.37189981341362,0.6715743541717529,0.7175695300102234,0.18461282551288606,0.15951092541217805,-0.38333749771118166,0.9097300171852112],"EasingStyle":"Linear","EasingDirection":"In"},"Head":{"Weight":1,"CFrame":[1.0803341865539551e-7,2.421438694000244e-8,-2.384185791015625e-7,0.9927547574043274,0.11271851509809494,-0.04162321239709854,-0.11415943503379822,0.9928795099258423,-0.03402996435761452,0.03749103099107742,0.03853509947657585,0.9985536932945252],"EasingStyle":"Linear","EasingDirection":"In"},"Right Leg":{"Weight":1,"CFrame":[0.2182573676109314,0.03132462501525879,0.11348211765289307,0.9073070287704468,0.23981846868991853,-0.3453708589076996,-0.2591467797756195,0.96578449010849,-0.010171015746891499,0.33111459016799929,0.09872987121343613,0.9384112358093262],"EasingStyle":"Linear","EasingDirection":"In"},"Torso":{"Weight":1,"CFrame":[0.016386479139328004,0.19229380786418916,-0.14243483543395997,0.9870162606239319,-0.1441284716129303,0.07089381664991379,0.1403319388628006,0.9885240793228149,0.055922068655490878,-0.07814020663499832,-0.04524732753634453,0.9959150552749634],"EasingStyle":"Linear","EasingDirection":"In"},"HumanoidRootPart":{"Weight":1,"CFrame":[0,0,0,1,0,0,0,1,0,0,0,1],"EasingStyle":"Linear","EasingDirection":"In"},"Left Arm":{"Weight":1,"CFrame":[-0.39396625757217409,-0.4038258492946625,-0.007723748683929443,0.69993656873703,0.6295944452285767,0.3371940553188324,-0.6964316964149475,0.7063324451446533,0.12679636478424073,-0.15834076702594758,-0.3235820233821869,0.9328573942184448],"EasingStyle":"Linear","EasingDirection":"In"}}},{"Time":0.46666666865348818,"poses":{"Left Leg":{"Weight":1,"CFrame":[-0.3683221936225891,0.21528518199920655,-0.02176135778427124,0.9946495890617371,-0.0945294201374054,0.04167112708091736,0.08197878301143646,0.967694878578186,0.23842431604862214,-0.06286304444074631,-0.23373250663280488,0.9702666401863098],"EasingStyle":"Linear","EasingDirection":"In"},"Right Arm":{"Weight":1,"CFrame":[0.5011380314826965,-0.4729700982570648,-0.12826281785964967,0.576577365398407,-0.7824108600616455,-0.23535458743572236,0.8154457807540894,0.5330581665039063,0.2256043404340744,-0.05105769634246826,-0.32199734449386599,0.9453628659248352],"EasingStyle":"Linear","EasingDirection":"In"},"Head":{"Weight":1,"CFrame":[7.078051567077637e-8,-3.725290298461914e-9,-1.1920928955078126e-7,0.9921556711196899,0.11743703484535217,-0.042846787720918658,-0.11869356781244278,0.9925344586372376,-0.028057582676410676,0.03923191875219345,0.03292312100529671,0.9986876845359802],"EasingStyle":"Linear","EasingDirection":"In"},"Right Leg":{"Weight":1,"CFrame":[0.04158075898885727,-0.010679244995117188,0.051902055740356448,0.9252570867538452,0.1215645968914032,-0.35933464765548708,-0.1468084454536438,0.9881989359855652,-0.043707314878702167,0.3497808575630188,0.09319381415843964,0.932184636592865],"EasingStyle":"Linear","EasingDirection":"In"},"Torso":{"Weight":1,"CFrame":[0.015210896730422974,0.172719344496727,-0.08436846733093262,0.9831913709640503,-0.1592528223991394,0.08929407596588135,0.15663385391235352,0.987013041973114,0.03565274924039841,-0.0938122346997261,-0.021067000925540925,0.9953669905662537],"EasingStyle":"Linear","EasingDirection":"In"},"HumanoidRootPart":{"Weight":1,"CFrame":[0,0,0,1,0,0,0,1,0,0,0,1],"EasingStyle":"Linear","EasingDirection":"In"},"Left Arm":{"Weight":1,"CFrame":[-0.4340621829032898,-0.43711021542549136,-0.011535882949829102,0.5275626182556152,0.8280665874481201,0.189693421125412,-0.8481142520904541,0.5005699396133423,0.17358553409576417,0.04878553748130798,-0.2524588704109192,0.9663770198822022],"EasingStyle":"Linear","EasingDirection":"In"}}},{"Time":0.5,"poses":{"Left Leg":{"Weight":1,"CFrame":[-0.2741866409778595,0.20177417993545533,-0.024762511253356935,0.9992491006851196,-0.002902386710047722,0.03863978013396263,-0.00704304501414299,0.9669760465621948,0.2547701299190521,-0.03810318186879158,-0.25485101342201235,0.9662293195724487],"EasingStyle":"Linear","EasingDirection":"In"},"Right Arm":{"Weight":1,"CFrame":[0.5314494967460632,-0.5072306394577026,-0.12978285551071168,0.3649120032787323,-0.9257551431655884,-0.0990789607167244,0.8960912823677063,0.3203350603580475,0.3072556257247925,-0.25270509719848635,-0.20090511441230775,0.946455180644989],"EasingStyle":"Linear","EasingDirection":"In"},"Head":{"Weight":1,"CFrame":[5.21540641784668e-8,1.30385160446167e-8,4.76837158203125e-7,0.9919366240501404,0.11920934170484543,-0.04302365705370903,-0.12022022902965546,0.9925097227096558,-0.021718941628932954,0.04011230170726776,0.02671612612903118,0.998837947845459],"EasingStyle":"Linear","EasingDirection":"In"},"Right Leg":{"Weight":1,"CFrame":[-0.1786901354789734,-0.03366494178771973,-0.03421437740325928,0.9301860928535461,-0.03304228186607361,-0.36559826135635378,0.008940367959439755,0.9976845383644104,-0.06742241233587265,0.36697956919670107,0.05944672226905823,0.9283276200294495],"EasingStyle":"Linear","EasingDirection":"In"},"Torso":{"Weight":1,"CFrame":[0.009068548679351807,0.14867287874221803,-0.04638171195983887,0.9803159236907959,-0.16827423870563508,0.10326898843050003,0.16821248829364777,0.9857063293457031,0.009369323961436749,-0.10336950421333313,0.008186237886548043,0.9946093559265137],"EasingStyle":"Linear","EasingDirection":"In"},"HumanoidRootPart":{"Weight":1,"CFrame":[0,0,0,1,0,0,0,1,0,0,0,1],"EasingStyle":"Linear","EasingDirection":"In"},"Left Arm":{"Weight":1,"CFrame":[-0.47206005454063418,-0.47238948941230776,-0.01289057731628418,0.28824231028556826,0.9571351408958435,0.02843983843922615,-0.9213106632232666,0.2691146433353424,0.2806493639945984,0.2609657347202301,-0.10709702223539353,0.9593890309333801],"EasingStyle":"Linear","EasingDirection":"In"}}},{"Time":0.5333333611488342,"poses":{"Left Leg":{"Weight":1,"CFrame":[-0.18888947367668153,0.1887587308883667,-0.024249374866485597,0.9956433773040772,0.08240731805562973,0.04362867400050163,-0.09104572236537934,0.960186779499054,0.26410603523254397,-0.02012741193175316,-0.2669275999069214,0.9635063409805298],"EasingStyle":"Linear","EasingDirection":"In"},"Right Arm":{"Weight":1,"CFrame":[0.5589715242385864,-0.5417633056640625,-0.12410181760787964,0.10494621098041535,-0.9935773015022278,0.04231283441185951,0.9110036492347717,0.11311347037553787,0.3965825140476227,-0.39882150292396548,-0.003072847845032811,0.9170233607292175],"EasingStyle":"Linear","EasingDirection":"In"},"Head":{"Weight":1,"CFrame":[1.0244548320770264e-7,1.1175870895385743e-8,-2.384185791015625e-7,0.9920905828475952,0.11934737116098404,-0.03889058902859688,-0.12000681459903717,0.9926585555076599,-0.015079976059496403,0.03680531308054924,0.01962784305214882,0.9991297125816345],"EasingStyle":"Linear","EasingDirection":"In"},"Right Leg":{"Weight":1,"CFrame":[-0.07144203782081604,-0.02866840362548828,0.008021235466003418,0.9319924712181091,-0.0020876042544841768,-0.36247149109840395,-0.026384949684143068,0.9969400763511658,-0.07358306646347046,0.36151599884033205,0.07814255356788635,0.9290856122970581],"EasingStyle":"Linear","EasingDirection":"In"},"Torso":{"Weight":1,"CFrame":[-0.0041262805461883549,0.12130358070135117,-0.026878833770751954,0.9792072176933289,-0.17021676898002625,0.11036156117916107,0.17357531189918519,0.9845858216285706,-0.021503476426005365,-0.10500018298625946,0.04021240025758743,0.9936588406562805],"EasingStyle":"Linear","EasingDirection":"In"},"HumanoidRootPart":{"Weight":1,"CFrame":[0,0,0,1,0,0,0,1,0,0,0,1],"EasingStyle":"Linear","EasingDirection":"In"},"Left Arm":{"Weight":1,"CFrame":[-0.5072606801986694,-0.508087158203125,-0.00585484504699707,0.0058000399731099609,0.9913769960403442,-0.13091221451759339,-0.9103795289993286,0.05939936265349388,0.4094885289669037,0.4137336313724518,0.11680464446544647,0.9028738737106323],"EasingStyle":"Linear","EasingDirection":"In"}}},{"Time":0.5666666626930237,"poses":{"Left Leg":{"Weight":1,"CFrame":[-0.12302327156066895,0.17547369003295899,-0.0202409029006958,0.9873342514038086,0.14513245224952699,0.06409168988466263,-0.15694192051887513,0.9526290893554688,0.26051321625709536,-0.02324671670794487,-0.26727229356765749,0.9633406400680542],"EasingStyle":"Linear","EasingDirection":"In"},"Right Arm":{"Weight":1,"CFrame":[0.5833182334899902,-0.5750742554664612,-0.10670757293701172,-0.1821710467338562,-0.9628938436508179,0.19912095367908479,0.8770970702171326,-0.06760167330503464,0.4755321145057678,-0.4444260001182556,0.261276513338089,0.8568664193153381],"EasingStyle":"Linear","EasingDirection":"In"},"Head":{"Weight":1,"CFrame":[4.423782229423523e-8,3.073364496231079e-8,1.1920928955078126e-7,0.9924684166908264,0.11917638778686524,-0.028344428166747094,-0.11945724487304688,0.9928035736083984,-0.008424442261457444,0.02713644877076149,0.011746954172849656,0.9995627999305725],"EasingStyle":"Linear","EasingDirection":"In"},"Right Leg":{"Weight":1,"CFrame":[0.22205163538455964,0.054252684116363528,0.11802685260772705,0.929743230342865,0.1331721991300583,-0.3432822823524475,-0.16246335208415986,0.9850150346755981,-0.05788974091410637,0.33042892813682558,0.10959336161613465,0.9374465942382813],"EasingStyle":"Linear","EasingDirection":"In"},"Torso":{"Weight":1,"CFrame":[-0.02904859185218811,0.09127645194530487,-0.0246431827545166,0.98200523853302,-0.15705516934394837,0.10487805306911469,0.16352106630802155,0.9849408864974976,-0.05614601448178291,-0.09448064118623734,0.07228543609380722,0.9928990006446838],"EasingStyle":"Linear","EasingDirection":"In"},"HumanoidRootPart":{"Weight":1,"CFrame":[0,0,0,1,0,0,0,1,0,0,0,1],"EasingStyle":"Linear","EasingDirection":"In"},"Left Arm":{"Weight":1,"CFrame":[-0.5389643907546997,-0.5426218509674072,0.013858795166015625,-0.28270336985588076,0.9182342290878296,-0.2773531675338745,-0.8447317481040955,-0.10134398192167282,0.5255072116851807,0.4544306695461273,0.38285160064697268,0.8043117523193359],"EasingStyle":"Linear","EasingDirection":"In"}}},{"Time":0.6000000238418579,"poses":{"Left Leg":{"Weight":1,"CFrame":[-0.13695967197418214,0.18460798263549806,-0.013551592826843262,0.9842430949211121,0.14383217692375184,0.10284874588251114,-0.16509871184825898,0.9557976126670837,0.24329692125320435,-0.0633087307214737,-0.25644350051879885,0.9644836783409119],"EasingStyle":"Linear","EasingDirection":"In"},"Right Arm":{"Weight":1,"CFrame":[0.6041035652160645,-0.6056735515594482,-0.07707333564758301,-0.4484642744064331,-0.823925793170929,0.34644824266433718,0.8074902296066284,-0.20730388164520265,0.5522541999816895,-0.38319632411003115,0.5274197459220886,0.7582802176475525],"EasingStyle":"Linear","EasingDirection":"In"},"Head":{"Weight":1,"CFrame":[1.0384246706962586e-7,4.400499165058136e-8,1.1920928955078126e-7,0.9928962588310242,0.11827200651168823,-0.012993763200938702,-0.1183064877986908,0.9929752945899963,-0.0019141468219459057,0.012676114216446877,0.0034378073178231718,0.9999138116836548],"EasingStyle":"Linear","EasingDirection":"In"},"Right Leg":{"Weight":1,"CFrame":[0.4103151559829712,0.18699157238006593,0.16101503372192384,0.930565595626831,0.20062392950057984,-0.30626407265663149,-0.21654190123081208,0.9760973453521729,-0.018539272248744966,0.29522427916526797,0.0835709273815155,0.9517660140991211],"EasingStyle":"Linear","EasingDirection":"In"},"Torso":{"Weight":1,"CFrame":[-0.0676332414150238,0.060145288705825809,-0.04604482650756836,0.9884438514709473,-0.12579120695590974,0.08458880335092545,0.13349753618240357,0.9867109656333923,-0.09262773394584656,-0.0718129426240921,0.10284970700740814,0.9921013116836548],"EasingStyle":"Linear","EasingDirection":"In"},"HumanoidRootPart":{"Weight":1,"CFrame":[0,0,0,1,0,0,0,1,0,0,0,1],"EasingStyle":"Linear","EasingDirection":"In"},"Left Arm":{"Weight":1,"CFrame":[-0.5664719343185425,-0.5744174122810364,0.04416084289550781,-0.5270366668701172,0.7574880123138428,-0.3852844834327698,-0.7566739320755005,-0.21187520027160645,0.6185091733932495,0.38688114285469057,0.6175117492675781,0.6848374009132385],"EasingStyle":"Linear","EasingDirection":"In"}}},{"Time":0.6333333253860474,"poses":{"Left Leg":{"Weight":1,"CFrame":[-0.16890686750411988,0.20121800899505616,0.00022172927856445313,0.9810829162597656,0.11837798357009888,0.1531762033700943,-0.15019762516021729,0.964661180973053,0.21649369597434998,-0.12213511019945145,-0.23540498316287995,0.9641927480697632],"EasingStyle":"Linear","EasingDirection":"In"},"Right Arm":{"Weight":1,"CFrame":[0.6209420561790466,-0.6320692300796509,-0.0346720814704895,-0.6454038023948669,-0.6111255884170532,0.45823511481285097,0.7231281399726868,-0.2956022322177887,0.6242635846138,-0.24604816734790803,0.7342648506164551,0.6327049136161804],"EasingStyle":"Linear","EasingDirection":"In"},"Head":{"Weight":1,"CFrame":[8.009374141693115e-8,-1.0244548320770264e-8,-1.7881393432617188e-7,0.9932059049606323,0.116238288581