{"Sequence":[{"Time":0,"poses":{"Left Leg":{"Weight":1,"CFrame":[-1.1148616075515748,0.39789146184921267,0.12018716335296631,0.6029618978500366,-0.7790536880493164,0.17179176211357118,0.7670225501060486,0.6253299117088318,0.14366284012794496,-0.21934762597084046,0.045144934207201007,0.9746017456054688],"EasingStyle":"Linear","EasingDirection":"In"},"Right Arm":{"Weight":1,"CFrame":[0.7075534462928772,-0.5797107219696045,-0.3051847815513611,-0.9285313487052918,-0.0015190656995400787,0.3712509870529175,0.3701420724391937,0.07355093210935593,0.9260588884353638,-0.028712524101138116,0.997290313243866,-0.06773219257593155],"EasingStyle":"Linear","EasingDirection":"In"},"Head":{"Weight":1,"CFrame":[8.568167686462403e-8,1.862645149230957e-8,1.1920928955078126e-7,0.9889646172523499,-0.1314026415348053,0.06842806935310364,0.138137549161911,0.9847946763038635,-0.10534496605396271,-0.05354497209191322,0.11363492161035538,0.9920786619186401],"EasingStyle":"Linear","EasingDirection":"In"},"Right Leg":{"Weight":1,"CFrame":[0.16867873072624207,0.02194160223007202,-0.011060595512390137,-0.12867704033851624,-0.9892977476119995,0.06879089772701264,0.9915804266929627,-0.12936854362487794,-0.005674143321812153,0.014512838795781136,0.06748149544000626,0.9976150393486023],"EasingStyle":"Linear","EasingDirection":"In"},"Torso":{"Weight":1,"CFrame":[0.11051946878433228,0.015560746192932129,-0.9223392009735107,0.9917563199996948,0.10466550290584564,0.07392413169145584,-0.11145267635583878,0.9892575144767761,0.09459337592124939,-0.06322934478521347,-0.10205260664224625,0.9927675127983093],"EasingStyle":"Linear","EasingDirection":"In"},"HumanoidRootPart":{"Weight":1,"CFrame":[0,0,0,1,0,0,0,1,0,0,0,1],"EasingStyle":"Linear","EasingDirection":"In"},"Left Arm":{"Weight":1,"CFrame":[-0.8868768811225891,-0.6238475441932678,-0.18563413619995118,-0.9602245688438416,0.02429034560918808,-0.2781706750392914,-0.27922916412353518,-0.08283763378858566,0.9566446542739868,0.0001942906528711319,0.9962670207023621,0.08632524311542511],"EasingStyle":"Linear","EasingDirection":"In"}}},{"Time":0.03333333507180214,"poses":{"Left Leg":{"Weight":1,"CFrame":[-1.112007737159729,0.38355159759521487,0.11450278759002686,0.6013987064361572,-0.7805542349815369,0.17045411467552186,0.7635237574577332,0.6243253946304321,0.16507405042648316,-0.2352680265903473,0.03087044507265091,0.9714401960372925],"EasingStyle":"Linear","EasingDirection":"In"},"Right Arm":{"Weight":1,"CFrame":[0.705592930316925,-0.5872304439544678,-0.3084877133369446,-0.9283690452575684,0.002464219694957137,0.3716517686843872,0.37044206261634829,0.08702360838651657,0.9247701168060303,-0.030063560232520105,0.9962031841278076,-0.08170295506715775],"EasingStyle":"Linear","EasingDirection":"In"},"Head":{"Weight":1,"CFrame":[9.313225746154785e-8,3.3527612686157229e-8,-2.384185791015625e-7,0.9872530698776245,-0.12533819675445558,0.09809088706970215,0.13535018265247346,0.9854177832603455,-0.10311242192983628,-0.08373656123876572,0.11507469415664673,0.9898213148117065],"EasingStyle":"Linear","EasingDirection":"In"},"Right Leg":{"Weight":1,"CFrame":[0.1702256202697754,0.009718835353851319,-0.011279582977294922,-0.03635517880320549,-0.9968096613883972,0.07105598598718643,0.9988028407096863,-0.038572631776332858,-0.030086873099207879,0.032731760293245319,0.069877028465271,0.997018575668335],"EasingStyle":"Linear","EasingDirection":"In"},"Torso":{"Weight":1,"CFrame":[0.12157867848873139,0.01784569025039673,-0.8901965618133545,0.9909483790397644,0.09935624152421951,0.09027554094791413,-0.10812781006097794,0.9892832636833191,0.09811750054359436,-0.07955949753522873,-0.10699067264795304,0.9910718202590942],"EasingStyle":"Linear","EasingDirection":"In"},"HumanoidRootPart":{"Weight":1,"CFrame":[0,0,0,1,0,0,0,1,0,0,0,1],"EasingStyle":"Linear","EasingDirection":"In"},"Left Arm":{"Weight":1,"CFrame":[-0.8778804540634155,-0.6672061085700989,-0.18016403913497926,-0.9600139260292053,0.028275972232222558,-0.2785208225250244,-0.2799524664878845,-0.09627534449100495,0.9551742076873779,0.00019383332983125,0.9949530363082886,0.10034153610467911],"EasingStyle":"Linear","EasingDirection":"In"}}},{"Time":0.06666667014360428,"poses":{"Left Leg":{"Weight":1,"CFrame":[-1.0951040983200074,0.3109225034713745,0.10539376735687256,0.6141111254692078,-0.773823082447052,0.15513058006763459,0.7540377378463745,0.6333224773406982,0.17415392398834229,-0.23301203548908235,0.010024487972259522,0.9724222421646118],"EasingStyle":"Linear","EasingDirection":"In"},"Right Arm":{"Weight":1,"CFrame":[0.7048087120056152,-0.5902383327484131,-0.309653103351593,-0.9283117055892944,0.0039054122753441335,0.37178245186805727,0.370545357465744,0.09188944846391678,0.9242578148841858,-0.0305531807243824,0.9957615733146668,-0.08674919605255127],"EasingStyle":"Linear","EasingDirection":"In"},"Head":{"Weight":1,"CFrame":[6.239861249923706e-8,1.4901161193847657e-8,1.1920928955078126e-7,0.9862732291221619,-0.11210651695728302,0.12123234570026398,0.12463623285293579,0.9870239496231079,-0.10123995691537857,-0.10830958932638169,0.1149601861834526,0.9874479174613953],"EasingStyle":"Linear","EasingDirection":"In"},"Right Leg":{"Weight":1,"CFrame":[0.21532519161701203,0.5452715754508972,0.015276908874511719,0.5243069529533386,-0.8485648036003113,0.07099363952875138,0.8514759540557861,0.5215147137641907,-0.05487331375479698,0.009539403021335602,0.08921980857849121,0.9959663152694702],"EasingStyle":"Linear","EasingDirection":"In"},"Torso":{"Weight":1,"CFrame":[0.12453719973564148,0.026921510696411134,-0.7909128665924072,0.9911240935325623,0.08648645877838135,0.10096117854118347,-0.09740793704986572,0.9892802834510803,0.10879434645175934,-0.09046965092420578,-0.11766310036182404,0.9889240860939026],"EasingStyle":"Linear","EasingDirection":"In"},"HumanoidRootPart":{"Weight":1,"CFrame":[0,0,0,1,0,0,0,1,0,0,0,1],"EasingStyle":"Linear","EasingDirection":"In"},"Left Arm":{"Weight":1,"CFrame":[-0.8744819760322571,-0.6845492124557495,-0.17821460962295533,-0.9599376320838928,0.029717862606048585,-0.278633713722229,-0.28021395206451418,-0.10112783312797547,0.9545959234237671,0.00019100404460914433,0.9944294691085815,0.10540370643138886],"EasingStyle":"Linear","EasingDirection":"In"}}},{"Time":0.10000000149011612,"poses":{"Left Leg":{"Weight":1,"CFrame":[-1.0667123794555665,0.25050032138824465,0.08916866779327393,0.6403186917304993,-0.7563455104827881,0.13391567766666413,0.7356919050216675,0.6540171504020691,0.17612247169017793,-0.22079263627529145,-0.014253824017941952,0.9752166867256165],"EasingStyle":"Linear","EasingDirection":"In"},"Right Arm":{"Weight":1,"CFrame":[0.705806314945221,-0.586088240146637,-0.3078967332839966,-0.9283690452575684,0.0024641957134008409,0.3716515898704529,0.37044182419776919,0.08702372014522553,0.924770176410675,-0.030063625425100328,0.9962032437324524,-0.08170313388109207],"EasingStyle":"Linear","EasingDirection":"In"},"Head":{"Weight":1,"CFrame":[1.0058283805847168e-7,4.0978193283081057e-8,-2.384185791015625e-7,0.9863013029098511,-0.09335142374038696,0.13599783182144166,0.1074177697300911,0.9891673922538757,-0.1000465378165245,-0.12518511712551118,0.11328459531068802,0.9856446385383606],"EasingStyle":"Linear","EasingDirection":"In"},"Right Leg":{"Weight":1,"CFrame":[0.43955197930336,0.6373382806777954,0.01672649383544922,0.8486005067825317,-0.5252228379249573,0.06339017301797867,0.5287768244743347,0.84581458568573,-0.07065960019826889,-0.016504259780049325,0.09348099678754807,0.9954842925071716],"EasingStyle":"Linear","EasingDirection":"In"},"Torso":{"Weight":1,"CFrame":[0.11881229281425476,0.04009157419204712,-0.6913151741027832,0.9922256469726563,0.06780295819044113,0.10436053574085236,-0.08056805282831192,0.9890797138214111,0.12341023236513138,-0.09485331177711487,-0.130858913064003,0.9868530035018921],"EasingStyle":"Linear","EasingDirection":"In"},"HumanoidRootPart":{"Weight":1,"CFrame":[0,0,0,1,0,0,0,1,0,0,0,1],"EasingStyle":"Linear","EasingDirection":"In"},"Left Arm":{"Weight":1,"CFrame":[-0.8777915835380554,-0.6664457321166992,-0.18075478076934815,-0.9600138664245606,0.028275905176997186,-0.27852097153663638,-0.2799525558948517,-0.09627539664506912,0.9551742076873779,0.0001937653578352183,0.9949530363082886,0.1003415659070015],"EasingStyle":"Linear","EasingDirection":"In"}}},{"Time":0.13333334028720857,"poses":{"Left Leg":{"Weight":1,"CFrame":[-1.0397897958755494,0.33318817615509035,0.04627668857574463,0.7437117099761963,-0.6599214673042297,0.10675522685050965,0.6415894627571106,0.7494667768478394,0.1632867157459259,-0.1877659559249878,-0.05294519662857056,0.9807858467102051],"EasingStyle":"Linear","EasingDirection":"In"},"Right Arm":{"Weight":1,"CFrame":[0.7083001732826233,-0.5757132172584534,-0.30311667919158938,-0.9285314083099365,-0.0015189234400168062,0.37125080823898318,0.37014201283454897,0.07355110347270966,0.9260589480400086,-0.028712447732686998,0.997290313243866,-0.06773240119218826],"EasingStyle":"Linear","EasingDirection":"In"},"Head":{"Weight":1,"CFrame":[1.1920928955078126e-7,2.7939677238464357e-8,-5.960464477539063e-8,0.9875532388687134,-0.07066573947668076,0.14051705598831178,0.08510769158601761,0.9913840889930725,-0.09957156330347061,-0.13227005302906037,0.11029134690761566,0.9850586652755737],"EasingStyle":"Linear","EasingDirection":"In"},"Right Leg":{"Weight":1,"CFrame":[0.6625365018844605,0.5285296440124512,0.0044106245040893559,0.9844564199447632,-0.1686529964208603,0.04900752380490303,0.1720077246427536,0.9822332859039307,-0.07504063099622727,-0.035480935126543048,0.08230385929346085,0.9959755539894104],"EasingStyle":"Linear","EasingDirection":"In"},"Torso":{"Weight":1,"CFrame":[0.1042402982711792,0.054444968700408939,-0.6309671401977539,0.9940250515937805,0.04514926299452782,0.0993771106004715,-0.058755964040756229,0.988609254360199,0.13856226205825807,-0.09198913723230362,-0.1435733586549759,0.9853551387786865],"EasingStyle":"Linear","EasingDirection":"In"},"HumanoidRootPart":{"Weight":1,"CFrame":[0,0,0,1,0,0,0,1,0,0,0,1],"EasingStyle":"Linear","EasingDirection":"In"},"Left Arm":{"Weight":1,"CFrame":[-0.8865665793418884,-0.6211854219436646,-0.18770217895507813,-0.9602245688438416,0.02429034374654293,-0.2781706154346466,-0.27922916412353518,-0.08283789455890656,0.9566447138786316,0.00019421897013671696,0.9962669610977173,0.08632554858922959],"EasingStyle":"Linear","EasingDirection":"In"}}},{"Time":0.1666666716337204,"poses":{"Left Leg":{"Weight":1,"CFrame":[-0.9375281929969788,0.5571295022964478,-0.016236186027526857,0.9150536060333252,-0.3961632251739502,0.07570688426494599,0.38409224152565,0.9131965637207031,0.13618123531341554,-0.12308528274297714,-0.09553465992212296,0.9877870082855225],"EasingStyle":"Linear","EasingDirection":"In"},"Right Arm":{"Weight":1,"CFrame":[0.7115424275398254,-0.5622246861457825,-0.29604649543762209,-0.9287863969802856,-0.007529773749411106,0.37053894996643069,0.3696540296077728,0.05314912274479866,0.9276482462882996,-0.02667871117591858,0.9985582828521729,-0.04658082500100136],"EasingStyle":"Linear","EasingDirection":"In"},"Head":{"Weight":1,"CFrame":[6.798654794692993e-8,-2.421438694000244e-8,2.384185791015625e-7,0.9899961948394775,-0.045560263097286227,0.13353648781776429,0.05914115160703659,0.9932717680931091,-0.09956664592027664,-0.12810179591178895,0.10646810382604599,0.9860296845436096],"EasingStyle":"Linear","EasingDirection":"In"},"Right Leg":{"Weight":1,"CFrame":[0.8301271200180054,0.4154837131500244,-0.002092421054840088,0.9870011210441589,0.1577889621257782,0.030519681051373483,-0.15537229180335999,0.985386312007904,-0.06980924308300019,-0.041088756173849109,0.06415985524654389,0.9970933794975281],"EasingStyle":"Linear","EasingDirection":"In"},"Torso":{"Weight":1,"CFrame":[0.08225330710411072,0.06693452596664429,-0.601630449295044,0.9960106611251831,0.020238328725099565,0.08690894395112992,-0.033223703503608707,0.9880245923995972,0.15067724883556367,-0.08281870931386948,-0.15296359360218049,0.9847553968429565],"EasingStyle":"Linear","EasingDirection":"In"},"HumanoidRootPart":{"Weight":1,"CFrame":[0,0,0,1,0,0,0,1,0,0,0,1],"EasingStyle":"Linear","EasingDirection":"In"},"Left Arm":{"Weight":1,"CFrame":[-0.899075448513031,-0.562346875667572,-0.19804662466049195,-0.9605420231819153,0.018274083733558656,-0.27753421664237978,-0.27813521027565,-0.062482450157403949,0.9585076570510864,0.00017488840967416763,0.9978788495063782,0.06509954482316971],"EasingStyle":"Linear","EasingDirection":"In"}}},{"Time":0.20000000298023225,"poses":{"Left Leg":{"Weight":1,"CFrame":[-0.6933871507644653,0.7643429040908814,-0.05920904874801636,0.9983709454536438,0.034194692969322208,0.045676134526729587,-0.03881681337952614,0.9937700629234314,0.10447188466787338,-0.041819218546152118,-0.10607466101646424,0.9934784770011902],"EasingStyle":"Linear","EasingDirection":"In"},"Right Arm":{"Weight":1,"CFrame":[0.714784562587738,-0.5487371683120728,-0.2874200940132141,-0.9291227459907532,-0.015047892928123474,0.36946526169776919,0.3689825236797333,0.02750909887254238,0.929029107093811,-0.024143489077687265,0.999508261680603,-0.020006921142339708],"EasingStyle":"Linear","EasingDirection":"In"},"Head":{"Weight":1,"CFrame":[2.805609256029129e-8,5.9371814131736759e-9,4.76837158203125e-7,0.9930112957954407,-0.01938769593834877,0.11641637235879898,0.03108818270266056,0.9945470690727234,-0.0995473638176918,-0.11385157704353333,0.10247081518173218,0.9881991744041443],"EasingStyle":"Linear","EasingDirection":"In"},"Right Leg":{"Weight":1,"CFrame":[0.975227415561676,0.29816871881484988,-0.0016843080520629883,0.8928182125091553,0.45028790831565859,0.01078798994421959,-0.4489603042602539,0.8915999531745911,-0.05902675539255142,-0.036197543144226077,0.047856785356998447,0.9981981515884399],"EasingStyle":"Linear","EasingDirection":"In"},"Torso":{"Weight":1,"CFrame":[0.054818883538246158,0.07451561093330383,-0.5928182601928711,0.9976349472999573,-0.005390671547502279,0.06852350383996964,-0.005390663631260395,0.987713098526001,0.156185120344162,-0.06852350383996964,-0.156185120344162,0.9853480458259583],"EasingStyle":"Linear","EasingDirection":"In"},"HumanoidRootPart":{"Weight":1,"CFrame":[0,0,0,1,0,0,0,1,0,0,0,1],"EasingStyle":"Linear","EasingDirection":"In"},"Left Arm":{"Weight":1,"CFrame":[-0.9135868549346924,-0.5035089254379273,-0.21077728271484376,-0.9609382152557373,0.010745997540652752,-0.276554137468338,-0.27676281332969668,-0.03689110651612282,0.9602299332618713,0.0001163035340141505,0.9992614984512329,0.038424018770456317],"EasingStyle":"Linear","EasingDirection":"In"}}},{"Time":0.23333333432674409,"poses":{"Left Leg":{"Weight":1,"CFrame":[-0.39878329634666445,0.7388429641723633,-0.05457901954650879,0.856421947479248,0.5159787535667419,0.017529809847474099,-0.515838086605072,0.8538019061088562,0.0702391117811203,0.021274851635098459,-0.06919682770967484,0.9973762035369873],"EasingStyle":"Linear","EasingDirection":"In"},"Right Arm":{"Weight":1,"CFrame":[0.7172784209251404,-0.5383622050285339,-0.27797096967697146,-0.9295264482498169,-0.02354816533625126,0.36800312995910647,0.36814063787460329,-0.0016435813158750535,0.9297687411308289,-0.021289432421326639,0.9997214078903198,0.010196739807724953],"EasingStyle":"Linear","EasingDirection":"In"},"Head":{"Weight":1,"CFrame":[1.0523945093154907e-7,4.493631422519684e-8,-3.5762786865234377e-7,0.9958134889602661,0.0064911749213933949,0.091178297996521,0.0025850022211670877,0.9950767159461975,-0.09907402098178864,-0.09137248992919922,0.09889493137598038,0.990894079208374],"EasingStyle":"Linear","EasingDirection":"In"},"Right Leg":{"Weight":1,"CFrame":[1.0393837690353394,0.14139008522033692,0.003564596176147461,0.7650347352027893,0.6439367532730103,-0.008219527080655098,-0.643576443195343,0.7640253901481628,-0.0455474853515625,-0.023049715906381608,0.04013529792428017,0.998928427696228],"EasingStyle":"Linear","EasingDirection":"In"},"Torso":{"Weight":1,"CFrame":[0.02405649423599243,0.07505494356155396,-0.5996668338775635,0.9984785914421082,-0.030438397079706193,0.04597814381122589,0.02308976650238037,0.9880097508430481,0.15265509486198426,-0.05007342994213104,-0.15136122703552247,0.9872094392776489],"EasingStyle":"Linear","EasingDirection":"In"},"HumanoidRootPart":{"Weight":1,"CFrame":[0,0,0,1,0,0,0,1,0,0,0,1],"EasingStyle":"Linear","EasingDirection":"In"},"Left Arm":{"Weight":1,"CFrame":[-0.9283694624900818,-0.458249032497406,-0.22488391399383546,-0.9613853693008423,0.0022305503953248264,-0.27519702911376955,-0.2752060294151306,-0.0077800508588552479,0.9613538384437561,0.000003367662884556921,0.9999673366546631,0.008093401789665223],"EasingStyle":"Linear","EasingDirection":"In"}}},{"Time":0.2666666805744171,"poses":{"Left Leg":{"Weight":1,"CFrame":[-0.21173246204853059,0.37692129611968996,-0.022846221923828126,0.478059321641922,0.8782894611358643,-0.008189179934561253,-0.8776316046714783,0.478030800819397,0.035346414893865588,0.03495902195572853,-0.009710605256259442,0.999341607093811],"EasingStyle":"Linear","EasingDirection":"In"},"Right Arm":{"Weight":1,"CFrame":[0.7182759642601013,-0.5342122912406921,-0.2684327960014343,-0.9299790263175964,-0.03250381350517273,0.3661731779575348,0.36715736985206606,-0.03255012258887291,0.9295892119407654,-0.018296120688319207,0.9989414215087891,0.042204827070236209],"EasingStyle":"Linear","EasingDirection":"In"},"Head":{"Weight":1,"CFrame":[9.96515154838562e-8,4.604225978255272e-8,-2.980232238769531e-7,0.997734546661377,0.03065689280629158,0.059882812201976779,-0.02469482272863388,0.9948917031288147,-0.0978814959526062,-0.06257764995098114,0.09618093073368073,0.9933949112892151],"EasingStyle":"Linear","EasingDirection":"In"},"Right Leg":{"Weight":1,"CFrame":[1.0616765022277833,0.08380693197250366,0.01681530475616455,0.6931492686271668,0.7203055024147034,-0.026536786928772928,-0.7207921743392944,0.6925930380821228,-0.027812333777546884,-0.0016541058430448175,0.038405586034059528,0.9992609024047852],"EasingStyle":"Linear","EasingDirection":"In"},"Torso":{"Weight":1,"CFrame":[-0.007921427488327027,0.06990993022918701,-0.6275386810302734,0.998329222202301,-0.05382268503308296,0.021021336317062379,0.050306886434555057,0.9885846972465515,0.14201964437961579,-0.028425250202417375,-0.14072483777999879,0.9896406531333923],"EasingStyle":"Linear","EasingDirection":"In"},"HumanoidRootPart":{"Weight":1,"CFrame":[0,0,0,1,0,0,0,1,0,0,0,1],"EasingStyle":"Linear","EasingDirection":"In"},"Left Arm":{"Weight":1,"CFrame":[-0.9416922330856323,-0.44014543294906618,-0.23935633897781373,-0.9618551135063171,-0.006745732389390469,-0.2734763026237488,-0.27355945110321047,0.023097874596714975,0.9615777730941773,-0.0001697645493550226,0.9997105002403259,-0.024062300100922586],"EasingStyle":"Linear","EasingDirection":"In"}}},{"Time":0.30000001192092898,"poses":{"Left Leg":{"Weight":1,"CFrame":[-0.14990271627902986,0.027380168437957765,-0.010189056396484375,0.11601696163415909,0.9928226470947266,-0.02904125116765499,-0.9932113885879517,0.11621180176734925,0.0051072146743535999,0.008445455692708493,0.028251586481928827,0.9995652437210083],"EasingStyle":"Linear","EasingDirection":"In"},"Right Arm":{"Weight":1,"CFrame":[0.7164368629455566,-0.550011157989502,-0.2594674825668335,-0.9304564595222473,-0.04139457270503044,0.36405694484710696,0.3660815954208374,-0.06343185901641846,0.9284183979034424,-0.015338593162596226,0.9971274137496948,0.07417420297861099],"EasingStyle":"Linear","EasingDirection":"In"},"Head":{"Weight":1,"CFrame":[8.102506399154663e-8,-1.6763806343078614e-8,2.384185791015625e-7,0.9983614087104797,0.05164573714137077,0.024642767384648324,-0.04906126484274864,0.9941776394844055,-0.09593690931797028,-0.02945401705801487,0.09457069635391236,0.9950823187828064],"EasingStyle":"Linear","EasingDirection":"In"},"Right Leg":{"Weight":1,"CFrame":[1.094866394996643,0.13356584310531617,0.033276915550231937,0.6724984645843506,0.738801896572113,-0.04378851503133774,-0.7396670579910278,0.6729490160942078,-0.005684460513293743,0.02526778355240822,0.036211684346199039,0.9990246295928955],"EasingStyle":"Linear","EasingDirection":"In"},"Torso":{"Weight":1,"CFrame":[-0.03913621976971626,0.06143158674240112,-0.6873311996459961,0.9972192049026489,-0.07437144964933396,-0.004765606019645929,0.07437145709991455,0.9890523552894592,0.12745322287082673,-0.004765447229146957,-0.12745322287082673,0.9918331503868103],"EasingStyle":"Linear","EasingDirection":"In"},"HumanoidRootPart":{"Weight":1,"CFrame":[0,0,0,1,0,0,0,1,0,0,0,1],"EasingStyle":"Linear","EasingDirection":"In"},"Left Arm":{"Weight":1,"CFrame":[-0.9521781206130981,-0.44199037551879885,-0.2532559037208557,-0.9623203277587891,-0.015662170946598054,-0.2714671492576599,-0.27191829681396487,0.05396737903356552,0.9608059525489807,-0.00039786845445632935,0.9984198808670044,-0.056192830204963687],"EasingStyle":"Linear","EasingDirection":"In"}}},{"Time":0.3333333432674408,"poses":{"Left Leg":{"Weight":1,"CFrame":[-0.1567467302083969,0.015052616596221924,-0.010420560836791993,-0.005669730249792337,0.9990230798721314,-0.043827593326568606,-0.999785840511322,-0.006535440683364868,-0.019635744392871858,-0.0199030302464962,0.04370688274502754,0.998846173286438],"EasingStyle":"Linear","EasingDirection":"In"},"Right Arm":{"Weight":1,"CFrame":[0.7118388414382935,-0.589509904384613,-0.25145089626312258,-0.9309294819831848,-0.0497153140604496,0.3617993891239166,0.3649822473526001,-0.09251609444618225,0.9264064431190491,-0.012584242038428784,0.9944692850112915,0.10427109897136688],"EasingStyle":"Linear","EasingDirection":"In"},"Head":{"Weight":1,"CFrame":[9.033828973770142e-8,-1.210719347000122e-8,0,0.9976097941398621,0.0679781511425972,-0.012395001947879792,-0.06884162127971649,0.9932399988174439,-0.093462735414505,0.005957793444395065,0.09409265965223313,0.9955456852912903],"EasingStyle":"Linear","EasingDirection":"In"},"Right Leg":{"Weight":1,"CFrame":[1.1378564834594727,0.2226380705833435,0.04566824436187744,0.6512914299964905,0.7566124796867371,-0.0579390712082386,-0.7571096420288086,0.6530550122261047,0.017442507669329644,0.05103466287255287,0.03250603750348091,0.9981678128242493],"EasingStyle":"Linear","EasingDirection":"In"},"Torso":{"Weight":1,"CFrame":[-0.06775926798582077,0.05212843418121338,-0.7874772548675537,0.9954234957695007,-0.09073471277952194,-0.02998889423906803,0.09355670213699341,0.9892571568489075,0.11232737451791763,0.019474735483527185,-0.11461897194385529,0.9932186007499695],"EasingStyle":"Linear","EasingDirection":"In"},"HumanoidRootPart":{"Weight":1,"CFrame":[0,0,0,1,0,0,0,1,0,0,0,1],"EasingStyle":"Linear","EasingDirection":"In"},"Left Arm":{"Weight":1,"CFrame":[-0.959868848323822,-0.44660407304763796,-0.26593005657196047,-0.962754487991333,-0.024011220782995225,-0.2693089246749878,-0.27037644386291506,0.08305476605892182,0.9591655135154724,-0.0006632825243286789,0.9962556958198547,-0.08645351231098175],"EasingStyle":"Linear","EasingDirection":"In"}}},{"Time":0.36666667461395266,"poses":{"Left Leg":{"Weight":1,"CFrame":[-0.1612851768732071,0.003390371799468994,-0.010899841785430909,-0.09282531589269638,0.9942335486412048,-0.053695231676101688,-0.9945340752601624,-0.09517263621091843,-0.0429452620446682,-0.0478079728782177,0.049415286630392078,0.9976335167884827],"EasingStyle":"Linear","EasingDirection":"In"},"Right Arm":{"Weight":1,"CFrame":[0.7058614492416382,-0.6408578157424927,-0.2446867823600769,-0.931363582611084,-0.05698046088218689,0.3596043288707733,0.3639480471611023,-0.1180589571595192,0.9239069223403931,-0.010190043598413468,0.9913704991340637,0.13069359958171845],"EasingStyle":"Linear","EasingDirection":"In"},"Head":{"Weight":1,"CFrame":[6.51925802230835e-8,1.5832483768463136e-8,-5.960464477539063e-8,0.9957296848297119,0.07818654924631119,-0.049085140228271487,-0.08241040259599686,0.9924424886703491,-0.09092012047767639,0.04160544276237488,0.09457698464393616,0.9946478605270386],"EasingStyle":"Linear","EasingDirection":"In"},"Right Leg":{"Weight":1,"CFrame":[1.162591576576233,0.3325066566467285,0.04935121536254883,0.6422512531280518,0.7634304761886597,-0.06846486032009125,-0.7627514004707336,0.6453767418861389,0.041220877319574359,0.07565495371818543,0.02574746310710907,0.9968015551567078],"EasingStyle":"Linear","EasingDirection":"In"},"Torso":{"Weight":1,"CFrame":[-0.09209495037794113,0.044634491205215457,-0.8882260322570801,0.9934116005897522,-0.10138839483261109,-0.05342105031013489,0.10635238885879517,0.9892699718475342,0.10017020255327225,0.04269174858927727,-0.10519169270992279,0.9935351610183716],"EasingStyle":"Linear","EasingDirection":"In"},"HumanoidRootPart":{"Weight":1,"CFrame":[0,0,0,1,0,0,0,1,0,0,0,1],"EasingStyle":"Linear","EasingDirection":"In"},"Left Arm":{"Weight":1,"CFrame":[-0.9651609659194946,-0.45260176062583926,-0.2767984867095947,-0.9631326794624329,-0.03130483999848366,-0.26719924807548525,-0.26902517676353457,0.10861259698867798,0.9569894075393677,-0.0009371591731905937,0.9935911893844605,-0.11303012073040009],"EasingStyle":"Linear","EasingDirection":"In"}}},{"Time":0.4000000059604645,"poses":{"Left Leg":{"Weight":1,"CFrame":[-0.1630948781967163,-0.0070343017578125,-0.01146245002746582,-0.11887095868587494,0.991240382194519,-0.05755190923810005,-0.9904208779335022,-0.12247510254383087,-0.06376806646585465,-0.07025817036628723,0.049420397728681567,0.996303915977478],"EasingStyle":"Linear","EasingDirection":"In"},"Right Arm":{"Weight":1,"CFrame":[0.6998840570449829,-0.6922056674957275,-0.23947888612747193,-0.9317211508750916,-0.06272581219673157,0.35771670937538149,0.36307966709136965,-0.13835924863815309,0.9214282035827637,-0.008303841575980187,0.9883937835693359,0.15168653428554536],"EasingStyle":"Linear","EasingDirection":"In"},"Head":{"Weight":1,"CFrame":[1.0151416063308716e-7,-2.2351741790771486e-8,4.76837158203125e-7,0.9932395219802856,0.08083025366067887,-0.08331754058599472,-0.08820151537656784,0.9921225905418396,-0.08895762264728546,0.07547074556350708,0.09570496529340744,0.9925446510314941],"EasingStyle":"Linear","EasingDirection":"In"},"Right Leg":{"Weight":1,"CFrame":[1.1635949611663819,0.39213603734970095,0.04599034786224365,0.6432288289070129,0.7619303464889526,-0.07562250643968582,-0.7591719031333923,0.6474924683570862,0.06642113626003266,0.09957334399223328,0.01468641310930252,0.994921863079071],"EasingStyle":"Linear","EasingDirection":"In"},"Torso":{"Weight":1,"CFrame":[-0.11051946878433228,0.04165038466453552,-0.9223392009735107,0.9917562007904053,-0.10466552525758743,-0.07392431795597077,0.11145269870758057,0.9892575144767761,0.09459337592124939,0.0632295161485672,-0.10205262154340744,0.9927675127983093],"EasingStyle":"Linear","EasingDirection":"In"},"HumanoidRootPart":{"Weight":1,"CFrame":[0,0,0,1,0,0,0,1,0,0,0,1],"EasingStyle":"Linear","EasingDirection":"In"},"Left Arm":{"Weight":1,"CFrame":[-0.9684499502182007,-0.4585992991924286,-0.28528058528900149,-0.963431179523468,-0.03707528114318848,-0.26537856459617617,-0.2679533064365387,0.12893281877040864,0.9547656178474426,-0.001182125648483634,0.9909600615501404,-0.13415242731571198],"EasingStyle":"Linear","EasingDirection":"In"}}},{"Time":0.4333333373069763,"poses":{"Left Leg":{"Weight":1,"CFrame":[-0.1615941822528839,-0.01553034782409668,-0.011918902397155762,-0.09408032894134522,0.994081437587738,-0.05432388558983803,-0.9918766021728516,-0.09828462451696396,-0.08075300604104996,-0.08561427891254425,0.04628530889749527,0.9952526688575745],"EasingStyle":"Linear","EasingDirection":"In"},"Right Arm":{"Weight":1,"CFrame":[0.6952860355377197,-0.7317047119140625,-0.23613137006759644,-0.9319632649421692,-0.06650270521640778,0.3564014434814453,0.36248403787612917,-0.15175284445285798,0.9195523858070374,-0.00706771295517683,0.9861787557601929,0.16553404927253724],"EasingStyle":"Linear","EasingDirection":"In"},"Head":{"Weight":1,"CFrame":[9.872019290924072e-8,5.21540641784668e-8,-2.980232238769531e-7,0.9907549619674683,0.07500101625919342,-0.11304722726345062,-0.08519475162029267,0.9924517273902893,-0.08821278810501099,0.10557791590690613,0.09702830016613007,0.9896660447120667],"EasingStyle":"Linear","EasingDirection":"In"},"Right Leg":{"Weight":1,"CFrame":[1.1594958305358887,0.3810710310935974,0.04055309295654297,0.6434487104415894,0.761561393737793,-0.0774458646774292,-0.756110668182373,0.6480927467346191,0.09095355868339539,0.1194588765501976,0.000033656131563475358,0.9928391575813294],"EasingStyle":"Linear","EasingDirection":"In"},"Torso":{"Weight":1,"CFrame":[-0.12157867848873139,0.0450039803981781,-0.8901965618133545,0.9909483790397644,-0.09935622662305832,-0.09027571976184845,0.10812781006097794,0.9892832636833191,0.09811746329069138,0.07955967634916306,-0.10699065029621124,0.9910718202590942],"EasingStyle":"Linear","EasingDirection":"In"},"HumanoidRootPart":{"Weight":1,"CFrame":[0,0,0,1,0,0,0,1,0,0,0,1],"EasingStyle":"Linear","EasingDirection":"In"},"Left Arm":{"Weight":1,"CFrame":[-0.9701331257820129,-0.46321341395378115,-0.2907955050468445,-0.9636269807815552,-0.040869634598493579,-0.2641073167324066,-0.26724740862846377,0.1423436999320984,0.953056812286377,-0.0013570156879723073,0.9889732003211975,-0.14808858931064607],"EasingStyle":"Linear","EasingDirection":"In"}}},{"Time":0.46666666865348818,"poses":{"Left Leg":{"Weight":1,"CFrame":[-0.15682759881019593,-0.02029252052307129,-0.012052536010742188,0.04136553779244423,0.9981937408447266,-0.04356716573238373,-0.9952260255813599,0.03730630502104759,-0.09018635004758835,-0.08839815855026245,0.047089770436286929,0.9949715733528137],"EasingStyle":"Linear","EasingDirection":"In"},"Right Arm":{"Weight":1,"CFrame":[0.6934468746185303,-0.7475038170814514,-0.23494797945022584,-0.9320518374443054,-0.06786315143108368,0.3559129238128662,0.3622644245624542,-0.15658770501613618,0.9188279509544373,-0.006622873712331057,0.985329806804657,0.17053213715553285],"EasingStyle":"Linear","EasingDirection":"In"},"Head":{"Weight":1,"CFrame":[1.0803341865539551e-7,-1.862645149230957e-9,-5.960464477539063e-8,0.9887310862541199,0.061831604689359668,-0.13633690774440766,-0.07437898218631745,0.9932557344436646,-0.08894290775060654,0.1299179643392563,0.09808121621608734,0.9866617321968079],"EasingStyle":"Linear","EasingDirection":"In"},"Right Leg":{"Weight":1,"CFrame":[1.1403125524520875,0.31111103296279909,0.03472709655761719,0.652877688407898,0.7540845274925232,-0.07146406173706055,-0.7462955117225647,0.6565240025520325,0.10963296890258789,0.12959042191505433,-0.018243655562400819,0.9913997650146484],"EasingStyle":"Linear","EasingDirection":"In"},"Torso":{"Weight":1,"CFrame":[-0.12453719973564148,0.05301111936569214,-0.7909128665924072,0.9911240935325623,-0.08648646622896195,-0.1009613424539566,0.09740795940160752,0.9892802834510803,0.10879431664943695,0.0904698297381401,-0.11766310036182404,0.988923966884613],"EasingStyle":"Linear","EasingDirection":"In"},"HumanoidRootPart":{"Weight":1,"CFrame":[0,0,0,1,0,0,0,1,0,0,0,1],"EasingStyle":"Linear","EasingDirection":"In"},"Left Arm":{"Weight":1,"CFrame":[-0.9706060886383057,-0.4650585949420929,-0.2927628755569458,-0.963697612285614,-0.04223674163222313,-0.26363447308540347,-0.2669926583766937,0.14718499779701234,0.9523925185203552,-0.0014228468062356115,0.9882068037986755,-0.1531188040971756],"EasingStyle":"Linear","EasingDirection":"In"}}},{"Time":0.5,"poses":{"Left Leg":{"Weight":1,"CFrame":[-0.23903146386146546,0.48625266551971438,0.03181767463684082,0.5775758624076843,0.8158988356590271,-0.02674400620162487,-0.8142431974411011,0.5734400749206543,-0.09041382372379303,-0.05843248590826988,0.07399696856737137,0.9955452084541321],"EasingStyle":"Linear","EasingDirection":"In"},"Right Arm":{"Weight":1,"CFrame":[0.6950726509094238,-0.7328469753265381,-0.23672223091125489,-0.9319632649421692,-0.06650262326002121,0.3564014434814453,0.3624839782714844,-0.15175296366214753,0.9195523262023926,-0.007067576050758362,0.9861787557601929,0.16553422808647157],"EasingStyle":"Linear","EasingDirection":"In"},"Head":{"Weight":1,"CFrame":[8.66129994392395e-8,3.91155481338501e-8,-4.172325134277344e-7,0.9875571727752686,0.042956359684467319,-0.15127965807914735,-0.05720548331737518,0.9941942095756531,-0.09113412350416184,0.1464865505695343,0.09865419566631317,0.9842810034751892],"EasingStyle":"Linear","EasingDirection":"In"},"Right Leg":{"Weight":1,"CFrame":[1.0863200426101685,0.38035356998443606,0.007130622863769531,0.755917489528656,0.6520357131958008,-0.05863535776734352,-0.6430209875106812,0.7563050389289856,0.12052696198225022,0.12293419241905213,-0.053404681384563449,0.990976870059967],"EasingStyle":"Linear","EasingDirection":"In"},"Torso":{"Weight":1,"CFrame":[-0.11881230771541596,0.06322646141052246,-0.6913151741027832,0.9922256469726563,-0.06780295819044113,-0.10436072200536728,0.08056806772947312,0.9890797138214111,0.12341021746397019,0.09485349804162979,-0.130858913064003,0.9868530035018921],"EasingStyle":"Linear","EasingDirection":"In"},"HumanoidRootPart":{"Weight":1,"CFrame":[0,0,0,1,0,0,0,1,0,0,0,1],"EasingStyle":"Linear","EasingDirection":"In"},"Left Arm":{"Weight":1,"CFrame":[-0.9702216982841492,-0.46397435665130618,-0.2902045249938965,-0.9636270403862,-0.040869660675525668,-0.2641070783138275,-0.26724720001220705,0.1423436403274536,0.953056812286377,-0.0013571027666330338,0.9889732599258423,-0.14808857440948487],"EasingStyle":"Linear","EasingDirection":"In"}}},{"Time":0.5333333611488342,"poses":{"Left Leg":{"Weight":1,"CFrame":[-0.438434898853302,0.5787330865859985,0.03594565391540527,0.8661127090454102,0.49981072545051577,-0.0061618490144610409,-0.49856796860694888,0.8629456162452698,-0.0821889340877533,-0.035761620849370959,0.07425696402788162,0.9965978264808655],"EasingStyle":"Linear","EasingDirection":"In"},"Right Arm":{"Weight":1,"CFrame":[0.699137270450592,-0.6962035894393921,-0.24154704809188844,-0.9317211508750916,-0.06272593885660172,0.3577166497707367,0.36307957768440249,-0.1383594572544098,0.9214282035827637,-0.008303902111947537,0.9883937239646912,0.1516868770122528],"EasingStyle":"Linear","EasingDirection":"In"},"Head":{"Weight":1,"CFrame":[5.122274160385132e-8,4.0978193283081057e-8,1.1920928955078126e-7,0.9875609278678894,0.019997108727693559,-0.15596050024032594,-0.03507238253951073,0.9949053525924683,-0.09451679140329361,0.15327584743499757,0.09881100058555603,0.9832308888435364],"EasingStyle":"Linear","EasingDirection":"In"},"Right Leg":{"Weight":1,"CFrame":[0.9533810019493103,0.5937730073928833,-0.04262822866439819,0.9228031635284424,0.38311976194381716,-0.04066404700279236,-0.37599852681159975,0.9185792207717896,0.1218087449669838,0.08402056992053986,-0.0971158966422081,0.9917202591896057],"EasingStyle":"Linear","EasingDirection":"In"},"Torso":{"Weight":1,"CFrame":[-0.104240283370018,0.07311636209487915,-0.6309671401977539,0.9940250515937805,-0.04514925926923752,-0.09937728196382523,0.05875598266720772,0.988609254360199,0.13856227695941926,0.09198930859565735,-0.1435733586549759,0.9853551387786865],"EasingStyle":"Linear","EasingDirection":"In"},"HumanoidRootPart":{"Weight":1,"CFrame":[0,0,0,1,0,0,0,1,0,0,0,1],"EasingStyle":"Linear","EasingDirection":"In"},"Left Arm":{"Weight":1,"CFrame":[-0.9687602519989014,-0.46126192808151247,-0.2832123041152954,-0.9634312391281128,-0.03707529976963997,-0.2653787136077881,-0.267953485250473,0.12893308699131013,0.9547655582427979,-0.001182067790068686,0.9909600019454956,-0.1341526210308075],"EasingStyle":"Linear","EasingDirection":"In"}}},{"Time":0.5666666626930237,"poses":{"Left Leg":{"Weight":1,"CFrame":[-0.6335844993591309,0.49952322244644167,0.03159010410308838,0.9874170422554016,0.15723830461502076,0.016846787184476854,-0.15580692887306214,0.9855490326881409,-0.06646306812763214,-0.027053918689489366,0.06300193071365357,0.997646689414978],"EasingStyle":"Linear","EasingDirection":"In"},"Right Arm":{"Weight":1,"CFrame":[0.7044214606285095,-0.6485671997070313,-0.2486754059791565,-0.9313635230064392,-0.056980397552251819,0.3596043288707733,0.3639480769634247,-0.11805872619152069,0.9239069223403931,-0.010190082713961602,0.9913704991340637,0.13069340586662293],"EasingStyle":"Linear","EasingDirection":"In"},"Head":{"Weight":1,"CFrame":[8.987262845039368e-8,2.2118911147117616e-8,5.960464477539063e-7,0.9888079166412354,-0.005467446055263281,-0.14909407496452332,-0.009359922260046006,0.9950864315032959,-0.09856690466403961,0.14890038967132569,0.0988592654466629,0.9838981628417969],"EasingStyle":"Linear","EasingDirection":"In"},"Right Leg":{"Weight":1,"CFrame":[0.701282262802124,0.7861689329147339,-0.08407962322235108,0.9990785717964172,-0.03787607327103615,-0.020185818895697595,0.03996182978153229,0.9924927353858948,0.11559140682220459,0.01565619558095932,-0.1162915825843811,0.9930917620658875],"EasingStyle":"Linear","EasingDirection":"In"},"Torso":{"Weight":1,"CFrame":[-0.08225332200527191,0.08001083135604859,-0.601630449295044,0.9960106611251831,-0.020238330587744714,-0.08690914511680603,0.03322374075651169,0.9880245923995972,0.15067729353904725,0.08281891793012619,-0.15296363830566407,0.9847553968429565],"EasingStyle":"Linear","EasingDirection":"In"},"HumanoidRootPart":{"Weight":1,"CFrame":[0,0,0,1,0,0,0,1,0,0,0,1],"EasingStyle":"Linear","EasingDirection":"In"},"Left Arm":{"Weight":1,"CFrame":[-0.9657592177391052,-0.4577355980873108,-0.27280980348587038,-0.9631326794624329,-0.03130481019616127,-0.2671993374824524,-0.2690252959728241,0.10861275345087052,0.9569894075393677,-0.0009370597545057535,0.9935911893844605,-0.1130303144454956],"EasingStyle":"Linear","EasingDirection":"In"}}},{"Time":0.6000000238418579,"poses":{"Left Leg":{"Weight":1,"CFrame":[-0.796942412853241,0.4214550852775574,0.03606259822845459,0.9854498505592346,-0.16479840874671937,0.0415956974029541,0.1665724217891693,0.9850673079490662,-0.04354337602853775,-0.033798716962337497,0.04983852431178093,0.9981852173805237],"EasingStyle":"Linear","EasingDirection":"In"},"Right Arm":{"Weight":1,"CFrame":[0.7097052335739136,-0.6009320020675659,-0.25736004114151,-0.93092942237854,-0.049715373665094379,0.361799418926239,0.3649822473526001,-0.09251612424850464,0.9264064431190491,-0.012584271840751171,0.9944693446159363,0.10427107661962509],"EasingStyle":"Linear","EasingDirection":"In"},"Head":{"Weight":1,"CFrame":[1.1129304766654968e-7,3.5564880818128589e-8,1.1920928955078126e-7,0.9907315969467163,-0.031983088701963428,-0.1320154070854187,0.01843501254916191,0.9945520162582398,-0.10259933024644852,0.13457761704921723,0.09921469539403916,0.9859235882759094],"EasingStyle":"Linear","EasingDirection":"In"},"Right Leg":{"Weight":1,"CFrame":[0.4147989749908447,0.7635490894317627,-0.0854443907737732,0.8648412227630615,-0.5020453929901123,0.0005215156124904752,0.4992475211620331,0.8601303100585938,0.1045360192656517,-0.052930302917957309,-0.0901467353105545,0.9945209622383118],"EasingStyle":"Linear","EasingDirection":"In"},"Torso":{"Weight":1,"CFrame":[-0.054818883538246158,0.08124226331710816,-0.5928182601928711,0.9976349472999573,0.005390671081840992,-0.06852369010448456,0.005390689242631197,0.987713098526001,0.1561850756406784,0.06852369010448456,-0.1561850756406784,0.9853480458259583],"EasingStyle":"Linear","EasingDirection":"In"},"HumanoidRootPart":{"Weight":1,"CFrame":[0,0,0,1,0,0,0,1,0,0,0,1],"EasingStyle":"Linear","EasingDirection":"In"},"Left Arm":{"Weight":1,"CFrame":[-0.9607552886009216,-0.4542105197906494,-0.260020911693573,-0.9627545475959778,-0.02401125617325306,-0.2693088948726654,-0.27037638425827029,0.08305490761995316,0.9591655731201172,-0.0006632893346250057,0.9962556958198547,-0.08645353466272354],"EasingStyle":"Linear","EasingDirection":"In"}}},{"Time":0.6333333253860474,"poses":{"Left Leg":{"Weight":1,"CFrame":[-0.9445657730102539,0.3327758312225342,0.050565361976623538,0.887403666973114,-0.4560212194919586,0.06752490252256394,0.4578815698623657,0.8888972401618958,-0.014361594803631306,-0.05347352847456932,0.04366292804479599,0.997614324092865],"EasingStyle":"Linear","EasingDirection":"In"},"Right Arm":{"Weight":1,"CFrame":[0.7137699723243713,-0.5642886161804199,-0.266853928565979,-0.9304564595222473,-0.041394591331481937,0.3640567362308502,0.3660813271999359,