{"Sequence":[{"Time":0,"poses":{"Left Leg":{"Weight":1,"CFrame":[-0.7980921268463135,0.6697953343391419,-0.2346929907798767,0.8514807224273682,0.006398004014045,-0.5243468880653381,0.07897675782442093,0.9869552850723267,0.14029213786125184,0.5184045433998108,-0.16086728870868684,0.8398681282997131],"EasingStyle":"Linear","EasingDirection":"In"},"Right Arm":{"Weight":1,"CFrame":[0.04846411943435669,-0.5823102593421936,0.07364451885223389,-0.14873982965946198,-0.7136013507843018,0.6845799088478088,0.5701364278793335,0.5037521719932556,0.6489823460578919,-0.807973325252533,0.48683348298072817,0.3319220542907715],"EasingStyle":"Linear","EasingDirection":"In"},"Left Arm":{"Weight":1,"CFrame":[0.46676087379455569,-0.18923154473304749,-0.12257373332977295,0.7381513714790344,-0.12318529188632965,-0.663293182849884,0.25889888405799868,0.9596322178840637,0.10989709943532944,0.6229798793792725,-0.25284653902053835,0.7402464747428894],"EasingStyle":"Linear","EasingDirection":"In"},"Head":{"Weight":1,"CFrame":[1.471489667892456e-7,3.725290298461914e-9,-2.980232238769531e-7,0.9011726975440979,0.43280264735221865,-0.02386864274740219,-0.43322452902793887,0.901131808757782,-0.016669724136590959,0.014294092543423176,0.025362780317664148,0.9995760917663574],"EasingStyle":"Linear","EasingDirection":"In"},"Torso":{"Weight":1,"CFrame":[-0.007377895060926676,-5.226193255936096e-9,-0.06122446060180664,0.8483985066413879,-0.5256192088127136,0.0628049224615097,0.5284098386764526,0.847995400428772,-0.041070591658353809,-0.03167079761624336,0.0680309608578682,0.9971804022789002],"EasingStyle":"Linear","EasingDirection":"In"},"HumanoidRootPart":{"Weight":1,"CFrame":[0,0,0,1,0,0,0,1,0,0,0,1],"EasingStyle":"Linear","EasingDirection":"In"},"Right Leg":{"Weight":1,"CFrame":[-0.08599874377250672,-0.003824472427368164,0.12889361381530763,0.8037319183349609,0.030091091990470887,-0.5942301750183106,-0.027393268421292306,0.9995326995849609,0.01356410887092352,0.5943606495857239,0.005376007873564959,0.8041806221008301],"EasingStyle":"Linear","EasingDirection":"In"}}},{"Time":0.016949152573943139,"poses":{"Left Leg":{"Weight":1,"CFrame":[-0.7944777011871338,0.6535642743110657,-0.2236640453338623,0.8509160280227661,0.03151872754096985,-0.5243551731109619,0.0434398427605629,0.9905573129653931,0.1300354301929474,0.52350252866745,-0.13342714309692384,0.8415119647979736],"EasingStyle":"Linear","EasingDirection":"In"},"Right Arm":{"Weight":1,"CFrame":[0.048762887716293338,-0.5822322368621826,0.07311666011810303,-0.1483611911535263,-0.7145500183105469,0.683671772480011,0.5710338354110718,0.5025278329849243,0.6491426229476929,-0.8074089884757996,0.4867073595523834,0.3334766924381256],"EasingStyle":"Linear","EasingDirection":"In"},"Left Arm":{"Weight":1,"CFrame":[0.4662386476993561,-0.18903052806854249,-0.12248146533966065,0.7379378080368042,-0.12390710413455963,-0.6633963584899902,0.25990790128707888,0.9593560695648193,0.10992652922868729,0.6228127479553223,-0.25354090332984927,0.7401495575904846],"EasingStyle":"Linear","EasingDirection":"In"},"Head":{"Weight":1,"CFrame":[1.4901161193847657e-7,-7.450580596923828e-9,0,0.901162326335907,0.4328964352607727,-0.02252211980521679,-0.4332953095436096,0.9010818600654602,-0.01750885881483555,0.012714734300971032,0.02553706057369709,0.9995930194854736],"EasingStyle":"Linear","EasingDirection":"In"},"Torso":{"Weight":1,"CFrame":[-0.007336882874369621,-0.000060951915656914937,-0.06742453575134278,0.8484510779380798,-0.5257260203361511,0.06117934361100197,0.52840656042099,0.8479973077774048,-0.04107436165213585,-0.03028605878353119,0.06717714667320252,0.9972813129425049],"EasingStyle":"Linear","EasingDirection":"In"},"HumanoidRootPart":{"Weight":1,"CFrame":[0,0,0,1,0,0,0,1,0,0,0,1],"EasingStyle":"Linear","EasingDirection":"In"},"Right Leg":{"Weight":1,"CFrame":[-0.08511795103549957,0.004102766513824463,0.13673019409179688,0.8041654825210571,0.03194732218980789,-0.5935462713241577,-0.02983352169394493,0.9994654059410095,0.013375801965594292,0.5936563611030579,0.006951185408979654,0.8046886920928955],"EasingStyle":"Linear","EasingDirection":"In"}}},{"Time":0.033898305147886279,"poses":{"Left Leg":{"Weight":1,"CFrame":[-0.7940250039100647,0.599236249923706,-0.20224028825759889,0.8462413549423218,0.08754683285951615,-0.5255578756332398,-0.03720181807875633,0.9937094449996948,0.10562943667173386,0.5314993858337402,-0.06983628123998642,0.8441749215126038],"EasingStyle":"Linear","EasingDirection":"In"},"Right Arm":{"Weight":1,"CFrame":[0.04974181950092316,-0.5820218324661255,0.07142126560211182,-0.1474141776561737,-0.7169228196144104,0.6813887357711792,0.5732806921005249,0.49945876002311709,0.6495308876037598,-0.8059890270233154,0.4863770604133606,0.3373708426952362],"EasingStyle":"Linear","EasingDirection":"In"},"Left Arm":{"Weight":1,"CFrame":[0.4647526443004608,-0.18848612904548646,-0.12212109565734863,0.7373802661895752,-0.1257864534854889,-0.6636626720428467,0.26266711950302126,0.9585773944854736,0.11016068607568741,0.6223153471946716,-0.25555264949798586,0.7398760318756104],"EasingStyle":"Linear","EasingDirection":"In"},"Head":{"Weight":1,"CFrame":[1.471489667892456e-7,-5.587935447692871e-9,2.384185791015625e-7,0.9011218547821045,0.4331434965133667,-0.019134216010570527,-0.43347790837287905,0.9009502530097961,-0.0196359995752573,0.008733781054615975,0.025988686829805375,0.9996240735054016],"EasingStyle":"Linear","EasingDirection":"In"},"Torso":{"Weight":1,"CFrame":[-0.00723207276314497,-0.00024088977079372853,-0.08349823951721192,0.8485730290412903,-0.5259918570518494,0.05706516653299332,0.5284000039100647,0.8480010032653809,-0.041081879287958148,-0.02678259089589119,0.06501420587301254,0.9975248575210571],"EasingStyle":"Linear","EasingDirection":"In"},"HumanoidRootPart":{"Weight":1,"CFrame":[0,0,0,1,0,0,0,1,0,0,0,1],"EasingStyle":"Linear","EasingDirection":"In"},"Right Leg":{"Weight":1,"CFrame":[-0.08139990270137787,0.02483963966369629,0.156868577003479,0.8055835962295532,0.03726169094443321,-0.5913092494010925,-0.0365801639854908,0.9992444515228272,0.0131323067471385,0.5913518071174622,0.011051005683839322,0.8063379526138306],"EasingStyle":"Linear","EasingDirection":"In"}}},{"Time":0.050847455859184268,"poses":{"Left Leg":{"Weight":1,"CFrame":[-0.8081436157226563,0.5070371031761169,-0.18770480155944825,0.8357311487197876,0.1473778337240219,-0.5289925932884216,-0.12550103664398194,0.9890786409378052,0.07728487253189087,0.5346053838729858,0.0017997566610574723,0.845099925994873],"EasingStyle":"Linear","EasingDirection":"In"},"Right Arm":{"Weight":1,"CFrame":[0.051524654030799869,-0.581714391708374,0.0683903694152832,-0.14618195593357087,-0.7200096249580383,0.6783928275108337,0.5762089490890503,0.4954514503479004,0.6500086188316345,-0.8041231632232666,0.4859156012535095,0.34244996309280398],"EasingStyle":"Linear","EasingDirection":"In"},"Left Arm":{"Weight":1,"CFrame":[0.46242374181747439,-0.18768560886383058,-0.12136703729629517,0.7366012334823608,-0.12839394807815553,-0.6640283465385437,0.26677432656288149,0.9573666453361511,0.11081790924072266,0.6214902400970459,-0.2587743401527405,0.7394496202468872],"EasingStyle":"Linear","EasingDirection":"In"},"Head":{"Weight":1,"CFrame":[1.6205012798309327e-7,1.862645149230957e-9,-3.5762786865234377e-7,0.9010374546051025,0.43349286913871767,-0.014682749286293984,-0.43372732400894167,0.900763988494873,-0.022465523332357408,0.0034870330709964039,0.02661057934165001,0.9996398091316223],"EasingStyle":"Linear","EasingDirection":"In"},"Torso":{"Weight":1,"CFrame":[-0.00709080696105957,-0.000535465485882014,-0.10565543174743653,0.8487100601196289,-0.5263345241546631,0.05160640925168991,0.5283949375152588,0.8480039238929749,-0.04108746722340584,-0.022136684507131578,0.06213991343975067,0.9978219270706177],"EasingStyle":"Linear","EasingDirection":"In"},"HumanoidRootPart":{"Weight":1,"CFrame":[0,0,0,1,0,0,0,1,0,0,0,1],"EasingStyle":"Linear","EasingDirection":"In"},"Right Leg":{"Weight":1,"CFrame":[-0.07305792719125748,0.053745925426483157,0.18432581424713136,0.8081795573234558,0.04571274667978287,-0.5871593356132507,-0.04684557020664215,0.998813807964325,0.013282389380037785,0.587070107460022,0.016771225258708,0.8093624114990234],"EasingStyle":"Linear","EasingDirection":"In"}}},{"Time":0.06779661029577255,"poses":{"Left Leg":{"Weight":1,"CFrame":[-0.8317905068397522,0.3973117470741272,-0.18547439575195313,0.8234812021255493,0.1917702853679657,-0.5339502692222595,-0.19311776757240296,0.9796871542930603,0.05402381345629692,0.5334643721580505,0.05862768739461899,0.843788206577301],"EasingStyle":"Linear","EasingDirection":"In"},"Right Arm":{"Weight":1,"CFrame":[0.05423553287982941,-0.5813437700271606,0.06385612487792969,-0.1449386477470398,-0.7231062054634094,0.6753592491149902,0.5791516900062561,0.4914194941520691,0.6504538655281067,-0.8022319078445435,0.48541149497032168,0.3475625514984131],"EasingStyle":"Linear","EasingDirection":"In"},"Left Arm":{"Weight":1,"CFrame":[0.4593731760978699,-0.1867140829563141,-0.12009429931640625,0.735724925994873,-0.1313004344701767,-0.6644313931465149,0.2718268930912018,0.9557929039001465,0.11211657524108887,0.6203377842903137,-0.26309725642204287,0.7388916015625],"EasingStyle":"Linear","EasingDirection":"In"},"Head":{"Weight":1,"CFrame":[1.3783574104309083e-7,5.587935447692871e-9,4.76837158203125e-7,0.9009073972702026,0.4338926076889038,-0.010145563632249833,-0.4340071976184845,0.9005510210990906,-0.025411104783415796,-0.0018890844658017159,0.027296297252178193,0.9996256232261658],"EasingStyle":"Linear","EasingDirection":"In"},"Torso":{"Weight":1,"CFrame":[-0.006940426304936409,-0.0009403258445672691,-0.13010621070861817,0.8488208055496216,-0.5266801714897156,0.04594835266470909,0.528396725654602,0.8480029106140137,-0.04108554869890213,-0.017325399443507196,0.05915322154760361,0.9980985522270203],"EasingStyle":"Linear","EasingDirection":"In"},"HumanoidRootPart":{"Weight":1,"CFrame":[0,0,0,1,0,0,0,1,0,0,0,1],"EasingStyle":"Linear","EasingDirection":"In"},"Right Leg":{"Weight":1,"CFrame":[-0.05831156671047211,0.08612805604934693,0.21401822566986085,0.8120299577713013,0.057029228657484058,-0.5808227062225342,-0.05984928086400032,0.9981045722961426,0.01432742364704609,0.5805388689041138,0.023127537220716478,0.8139039874076843],"EasingStyle":"Linear","EasingDirection":"In"}}},{"Time":0.08474576473236084,"poses":{"Left Leg":{"Weight":1,"CFrame":[-0.8477280735969544,0.300892174243927,-0.18674415349960328,0.8164118528366089,0.20751069486141206,-0.5388979315757752,-0.2199857383966446,0.9745979905128479,0.042012616991996768,0.5339269042015076,0.08425027132034302,0.8413227796554565],"EasingStyle":"Linear","EasingDirection":"In"},"Right Arm":{"Weight":1,"CFrame":[0.05799822509288788,-0.5809471011161804,0.05765056610107422,-0.14394831657409669,-0.725516676902771,0.6729817986488342,0.5814433693885803,0.4882845878601074,0.6507700681686401,-0.8007512092590332,0.484978049993515,0.35155901312828066],"EasingStyle":"Linear","EasingDirection":"In"},"Left Arm":{"Weight":1,"CFrame":[0.45572173595428469,-0.18566089868545533,-0.11817693710327149,0.7348811626434326,-0.1340779960155487,-0.6648102402687073,0.2774222791194916,0.9539276361465454,0.11427582055330277,0.618859052658081,-0.268412321805954,0.7382197380065918],"EasingStyle":"Linear","EasingDirection":"In"},"Head":{"Weight":1,"CFrame":[1.4528632164001466e-7,-1.862645149230957e-9,-4.76837158203125e-7,0.900750458240509,0.4342883825302124,-0.0065002734772861,-0.4342919588088989,0.9003404378890991,-0.027885548770427705,-0.006257913075387478,0.02794092707335949,0.9995899796485901],"EasingStyle":"Linear","EasingDirection":"In"},"Torso":{"Weight":1,"CFrame":[-0.0068082730285823349,-0.001451117335818708,-0.1530611515045166,0.8488848209381104,-0.5269667506217957,0.04123767837882042,0.5284098386764526,0.8479954600334168,-0.041070569306612018,-0.013326538726687432,0.05665457621216774,0.9983049035072327],"EasingStyle":"Linear","EasingDirection":"In"},"HumanoidRootPart":{"Weight":1,"CFrame":[0,0,0,1,0,0,0,1,0,0,0,1],"EasingStyle":"Linear","EasingDirection":"In"},"Right Leg":{"Weight":1,"CFrame":[-0.03570464998483658,0.11730456352233887,0.24054491519927979,0.8169835805892944,0.07090166211128235,-0.572285532951355,-0.07469075918197632,0.9970635175704956,0.016901332885026933,0.5718033313751221,0.02893632836639881,0.8198802471160889],"EasingStyle":"Linear","EasingDirection":"In"}}},{"Time":0.10169491171836853,"poses":{"Left Leg":{"Weight":1,"CFrame":[-0.8556976914405823,0.23133069276809693,-0.187608540058136,0.8152949213981628,0.19971050322055818,-0.543516218662262,-0.21349650621414185,0.9761872887611389,0.03843899443745613,0.5382503271102905,0.08469973504543305,0.8385180830955505],"EasingStyle":"Linear","EasingDirection":"In"},"Right Arm":{"Weight":1,"CFrame":[0.06293664872646332,-0.580557644367218,0.0496058464050293,-0.14354078471660615,-0.7268277406692505,0.671652615070343,0.5828373432159424,0.4864097833633423,0.6509272456169128,-0.7998104095458984,0.4848988652229309,0.35380280017852785],"EasingStyle":"Linear","EasingDirection":"In"},"Left Arm":{"Weight":1,"CFrame":[0.4515904188156128,-0.18461069464683534,-0.11549001932144165,0.7342072129249573,-0.13630060851573945,-0.6651028990745544,0.2831585705280304,0.9518463015556336,0.11751538515090943,0.617058277130127,-0.2746102213859558,0.7374471426010132],"EasingStyle":"Linear","EasingDirection":"In"},"Head":{"Weight":1,"CFrame":[1.4156103134155274e-7,-1.862645149230957e-9,-1.1920928955078126e-7,0.9005923271179199,0.4346422851085663,-0.0044197216629981998,-0.4345748722553253,0.900152862071991,-0.0294863972812891,-0.008837616071105004,0.028475919738411905,0.9995554089546204],"EasingStyle":"Linear","EasingDirection":"In"},"Torso":{"Weight":1,"CFrame":[-0.006721687037497759,-0.002063486725091934,-0.17146062850952149,0.8489040732383728,-0.5271599292755127,0.03826557472348213,0.5284363031387329,0.8479803800582886,-0.04104074835777283,-0.010813417844474316,0.055060580372810367,0.9984244704246521],"EasingStyle":"Linear","EasingDirection":"In"},"HumanoidRootPart":{"Weight":1,"CFrame":[0,0,0,1,0,0,0,1,0,0,0,1],"EasingStyle":"Linear","EasingDirection":"In"},"Right Leg":{"Weight":1,"CFrame":[-0.005028046667575836,0.14291131496429444,0.2619905471801758,0.8224881291389465,0.08689256757497788,-0.5621058344841003,-0.09112702310085297,0.9956268072128296,0.02056846022605896,0.5614349246025086,0.03430573269724846,0.8268095254898071],"EasingStyle":"Linear","EasingDirection":"In"}}},{"Time":0.11864406615495682,"poses":{"Left Leg":{"Weight":1,"CFrame":[-0.8582112789154053,0.17859846353530885,-0.18626928329467774,0.8149479627609253,0.18736706674098969,-0.5484098196029663,-0.20062381029129029,0.978993833065033,0.03634734824299812,0.5437001585960388,0.08040288090705872,0.8354193568229675],"EasingStyle":"Linear","EasingDirection":"In"},"Right Arm":{"Weight":1,"CFrame":[0.06917481124401093,-0.5802122354507446,0.03955388069152832,-0.1443553864955902,-0.7277276515960693,0.6705028414726257,0.5847534537315369,0.48389244079589846,0.651084840297699,-0.7982637286186218,0.48606646060943606,0.35568881034851076],"EasingStyle":"Linear","EasingDirection":"In"},"Left Arm":{"Weight":1,"CFrame":[0.4471004009246826,-0.18365135788917542,-0.111907958984375,0.7338473200798035,-0.13754507899284364,-0.6652439832687378,0.2886342704296112,0.9496276378631592,0.122055783867836,0.6149458885192871,-0.28158247470855715,0.7365818619728088],"EasingStyle":"Linear","EasingDirection":"In"},"Head":{"Weight":1,"CFrame":[1.471489667892456e-7,5.587935447692871e-9,-4.172325134277344e-7,0.9004292488098145,0.4349895119667053,-0.0033601513132452966,-0.434881329536438,0.8999693393707275,-0.030552297830581666,-0.010265888646245003,0.02897145226597786,0.9995275139808655],"EasingStyle":"Linear","EasingDirection":"In"},"Torso":{"Weight":1,"CFrame":[-0.006708011496812105,-0.0027730807196348907,-0.18516826629638673,0.8489050269126892,-0.5272907018661499,0.036397989839315417,0.528464674949646,0.8479642271995544,-0.041009124368429187,-0.0092404680326581,0.054047901183366778,0.9984955787658691],"EasingStyle":"Linear","EasingDirection":"In"},"HumanoidRootPart":{"Weight":1,"CFrame":[0,0,0,1,0,0,0,1,0,0,0,1],"EasingStyle":"Linear","EasingDirection":"In"},"Right Leg":{"Weight":1,"CFrame":[0.0317348912358284,0.16236871480941773,0.2802145481109619,0.8277987241744995,0.10472647100687027,-0.5511638522148132,-0.10910593718290329,0.9937170147895813,0.02494857832789421,0.5503137111663818,0.03948281705379486,0.8340239524841309],"EasingStyle":"Linear","EasingDirection":"In"}}},{"Time":0.1355932205915451,"poses":{"Left Leg":{"Weight":1,"CFrame":[-0.8634124398231506,0.14296728372573853,-0.18760859966278077,0.8157772421836853,0.16766700148582459,-0.5535298585891724,-0.178931325674057,0.9832692742347717,0.034133151173591617,0.5499919056892395,0.07119877636432648,0.8321295380592346],"EasingStyle":"Linear","EasingDirection":"In"},"Right Arm":{"Weight":1,"CFrame":[0.07683642208576203,-0.5799436569213867,0.02732682228088379,-0.14712011814117433,-0.729160487651825,0.6683418154716492,0.5890074968338013,0.4782457649707794,0.651422381401062,-0.794623076915741,0.4894956052303314,0.3591213524341583],"EasingStyle":"Linear","EasingDirection":"In"},"Left Arm":{"Weight":1,"CFrame":[0.4423726201057434,-0.18286871910095216,-0.10730546712875366,0.7339511513710022,-0.13739055395126344,-0.6651613116264343,0.2934473156929016,0.9473513960838318,0.1281174272298813,0.6125393509864807,-0.28922170400619509,0.7356265187263489],"EasingStyle":"Linear","EasingDirection":"In"},"Head":{"Weight":1,"CFrame":[1.5273690223693848e-7,2.9802322387695315e-8,3.5762786865234377e-7,0.9002410769462586,0.43538472056388857,-0.0024740279186517,-0.43523892760276797,0.8997600078582764,-0.03160742670297623,-0.011535353027284146,0.0295310840010643,0.9994972944259644],"EasingStyle":"Linear","EasingDirection":"In"},"Torso":{"Weight":1,"CFrame":[-0.006794584449380636,-0.003575545735657215,-0.1947782039642334,0.8489105105400086,-0.5273999571800232,0.03464410454034805,0.5284796357154846,0.8479557037353516,-0.04099242761731148,-0.007757266517728567,0.0531076081097126,0.9985586404800415],"EasingStyle":"Linear","EasingDirection":"In"},"HumanoidRootPart":{"Weight":1,"CFrame":[0,0,0,1,0,0,0,1,0,0,0,1],"EasingStyle":"Linear","EasingDirection":"In"},"Right Leg":{"Weight":1,"CFrame":[0.07230380922555924,0.17684519290924073,0.2950986623764038,0.8322487473487854,0.12423311918973923,-0.5403038263320923,-0.12787754833698274,0.9913066625595093,0.030958907678723336,0.539452850818634,0.043327197432518008,0.8409003019332886],"EasingStyle":"Linear","EasingDirection":"In"}}},{"Time":0.1525423675775528,"poses":{"Left Leg":{"Weight":1,"CFrame":[-0.8721184730529785,0.12263810634613037,-0.19204503297805787,0.8171535730361939,0.1413724273443222,-0.5588146448135376,-0.15025761723518372,0.9881832003593445,0.030275339260697366,0.5564913749694824,0.05922655761241913,0.8287397623062134],"EasingStyle":"Linear","EasingDirection":"In"},"Right Arm":{"Weight":1,"CFrame":[0.08604556322097779,-0.5797896385192871,0.012756943702697754,-0.15259499847888947,-0.7320156693458557,0.6639788150787354,0.5973406434059143,0.4669230282306671,0.6520482301712036,-0.7873365879058838,0.4961208701133728,0.3660125732421875],"EasingStyle":"Linear","EasingDirection":"In"},"Left Arm":{"Weight":1,"CFrame":[0.43752768635749819,-0.18235167860984803,-0.10155701637268067,0.7346702218055725,-0.1354188770055771,-0.6647716760635376,0.29719361662864687,0.9450934529304504,0.13592004776000977,0.6098652482032776,-0.2974223494529724,0.7345776557922363],"EasingStyle":"Linear","EasingDirection":"In"},"Head":{"Weight":1,"CFrame":[1.434236764907837e-7,-5.587935447692871e-9,-5.960464477539063e-8,0.9000020623207092,0.43588459491729739,-0.0009141070768237114,-0.43567216396331789,0.8994938135147095,-0.033176060765981677,-0.013638695701956749,0.030256757512688638,0.9994491338729858],"EasingStyle":"Linear","EasingDirection":"In"},"Torso":{"Weight":1,"CFrame":[-0.0070087481290102009,-0.004466529004275799,-0.20088458061218263,0.8489363193511963,-0.5275247097015381,0.03201279044151306,0.5284664034843445,0.847963273525238,-0.0410073883831501,-0.00551326060667634,0.05173034965991974,0.9986458420753479],"EasingStyle":"Linear","EasingDirection":"In"},"HumanoidRootPart":{"Weight":1,"CFrame":[0,0,0,1,0,0,0,1,0,0,0,1],"EasingStyle":"Linear","EasingDirection":"In"},"Right Leg":{"Weight":1,"CFrame":[0.11434074491262436,0.18762993812561036,0.3064643144607544,0.8351631760597229,0.14522147178649903,-0.5304839015007019,-0.14668861031532288,0.9883882999420166,0.0396360345184803,0.5300800800323486,0.04471338167786598,0.8467678427696228],"EasingStyle":"Linear","EasingDirection":"In"}}},{"Time":0.16949152946472169,"poses":{"Left Leg":{"Weight":1,"CFrame":[-0.8828620910644531,0.1155996322631836,-0.19848620891571046,0.8182529807090759,0.11035718768835068,-0.5641660690307617,-0.11782114952802658,0.9927611947059631,0.023310210555791856,0.5626546144485474,0.04739704728126526,0.8253322243690491],"EasingStyle":"Linear","EasingDirection":"In"},"Right Arm":{"Weight":1,"CFrame":[0.09692610800266266,-0.5797834396362305,-0.004323780536651611,-0.16162416338920594,-0.7370537519454956,0.6562237739562988,0.6113156080245972,0.44724056124687197,0.6528927087783814,-0.7747069597244263,0.5066829919815064,0.37828749418258669],"EasingStyle":"Linear","EasingDirection":"In"},"Left Arm":{"Weight":1,"CFrame":[0.43268728256225588,-0.18218523263931275,-0.09453725814819336,0.736153244972229,-0.13121357560157777,-0.6639739871025086,0.2994651198387146,0.9429197907447815,0.1456809639930725,0.60695880651474,-0.30608054995536806,0.7334273457527161],"EasingStyle":"Linear","EasingDirection":"In"},"Head":{"Weight":1,"CFrame":[1.448206603527069e-7,6.51925802230835e-9,-5.960464477539063e-8,0.8996779918670654,0.43654876947402956,0.0021667378023266794,-0.43620046973228457,0.8991377949714661,-0.03578277677297592,-0.01756911724805832,0.03124784305691719,0.9993572235107422],"EasingStyle":"Linear","EasingDirection":"In"},"Torso":{"Weight":1,"CFrame":[-0.007377843838185072,-0.005441676825284958,-0.20408153533935548,0.8489877581596375,-0.5276958346366882,0.027512148022651674,0.5284099578857422,0.847995400428772,-0.041070565581321719,-0.0016574130859225989,0.04940610006451607,0.9987773895263672],"EasingStyle":"Linear","EasingDirection":"In"},"HumanoidRootPart":{"Weight":1,"CFrame":[0,0,0,1,0,0,0,1,0,0,0,1],"EasingStyle":"Linear","EasingDirection":"In"},"Right Leg":{"Weight":1,"CFrame":[0.15571513772010804,0.19606775045394898,0.31426990032196047,0.8358760476112366,0.16760464012622834,-0.5227043628692627,-0.16488923132419587,0.9849331378936768,0.05213727056980133,0.5235673189163208,0.042608048766851428,0.8509182333946228],"EasingStyle":"Linear","EasingDirection":"In"}}},{"Time":0.18644067645072938,"poses":{"Left Leg":{"Weight":1,"CFrame":[-0.8924116492271423,0.1105341911315918,-0.2042456865310669,0.8183281421661377,0.07795276492834091,-0.569440484046936,-0.0861872136592865,0.9962003231048584,0.012516073882579804,0.568252444267273,0.03883622959256172,0.8219372630119324],"EasingStyle":"Linear","EasingDirection":"In"},"Right Arm":{"Weight":1,"CFrame":[0.10932006686925888,-0.5799365043640137,-0.023675262928009034,-0.17494821548461915,-0.7445428371429443,0.6442428827285767,0.6316460967063904,0.4170593321323395,0.6535173654556274,-0.755259096622467,0.5212652087211609,0.3973238170146942],"EasingStyle":"Linear","EasingDirection":"In"},"Left Arm":{"Weight":1,"CFrame":[0.42797183990478518,-0.18245643377304078,-0.08612078428268433,0.7385375499725342,-0.12435956299304962,-0.6626439094543457,0.2998470067977905,0.9408772587776184,0.1576128453016281,0.6038658618927002,-0.3150947690010071,0.7321620583534241],"EasingStyle":"Linear","EasingDirection":"In"},"Head":{"Weight":1,"CFrame":[1.4621764421463014e-7,-1.210719347000122e-8,0,0.8992244601249695,0.4374275505542755,0.007245262153446674,-0.4368346631526947,0.8986636996269226,-0.03973699361085892,-0.02389311045408249,0.032567497342824939,0.9991838932037354],"EasingStyle":"Linear","EasingDirection":"In"},"Torso":{"Weight":1,"CFrame":[-0.007992442697286606,-0.006496635731309652,-0.20485496520996095,0.8490418791770935,-0.5279247164726257,0.020577356219291688,0.5283081531524658,0.8480532169342041,-0.041185230016708377,0.004292008001357317,0.04583917185664177,0.9989396333694458],"EasingStyle":"Linear","EasingDirection":"In"},"HumanoidRootPart":{"Weight":1,"CFrame":[0,0,0,1,0,0,0,1,0,0,0,1],"EasingStyle":"Linear","EasingDirection":"In"},"Right Leg":{"Weight":1,"CFrame":[0.19530756771564485,0.2032795548439026,0.3191101551055908,0.8347610235214233,0.18918439745903016,-0.5170912146568298,-0.1809389740228653,0.9812167882919312,0.06689365953207016,0.5200337767601013,0.037721723318099979,0.8533123135566711],"EasingStyle":"Linear","EasingDirection":"In"}}},{"Time":0.20338982343673707,"poses":{"Left Leg":{"Weight":1,"CFrame":[-0.8975847363471985,0.09902036190032959,-0.20706546306610108,0.8170554041862488,0.04876193404197693,-0.5744934678077698,-0.05961032584309578,0.9982216954231262,-0.00005174614125280641,0.573469340801239,0.034288037568330768,0.8185091614723206],"EasingStyle":"Linear","EasingDirection":"In"},"Right Arm":{"Weight":1,"CFrame":[0.12194231152534485,-0.580162763595581,-0.04342484474182129,-0.19240982830524445,-0.7535198330879211,0.6286383867263794,0.6566877961158752,0.37715956568717959,0.6530787348747253,-0.7292047739028931,0.5384779572486877,0.4222581088542938],"EasingStyle":"Linear","EasingDirection":"In"},"Left Arm":{"Weight":1,"CFrame":[0.42350253462791445,-0.18325287103652955,-0.07618224620819092,0.7419399619102478,-0.11444252729415894,-0.660627007484436,0.2979150414466858,0.9389834403991699,0.17192065715789796,0.600642740726471,-0.324365496635437,0.7307634949684143],"EasingStyle":"Linear","EasingDirection":"In"},"Head":{"Weight":1,"CFrame":[1.5040859580039979e-7,3.026798367500305e-9,-5.960464477539063e-8,0.8986225128173828,0.4385205805301666,0.01331628393381834,-0.4375928044319153,0.8980721831321716,-0.0444854237139225,-0.031466756016016009,0.03414848446846008,0.998921275138855],"EasingStyle":"Linear","EasingDirection":"In"},"Torso":{"Weight":1,"CFrame":[-0.009196042083203793,-0.007627053186297417,-0.20325684547424317,0.8490352630615234,-0.5281916260719299,0.012357912957668305,0.5282145738601685,0.848105788230896,-0.0413036122918129,0.011335399933159352,0.041595857590436938,0.9990702271461487],"EasingStyle":"Linear","EasingDirection":"In"},"HumanoidRootPart":{"Weight":1,"CFrame":[0,0,0,1,0,0,0,1,0,0,0,1],"EasingStyle":"Linear","EasingDirection":"In"},"Right Leg":{"Weight":1,"CFrame":[0.23326294124126435,0.21063363552093507,0.32219719886779787,0.8331961035728455,0.20736782252788545,-0.5126234889030457,-0.19401481747627259,0.9777176380157471,0.08016562461853028,0.5178247094154358,0.032662853598594668,0.8548629283905029],"EasingStyle":"Linear","EasingDirection":"In"}}},{"Time":0.22033898532390595,"poses":{"Left Leg":{"Weight":1,"CFrame":[-0.8993499875068665,0.08438754081726074,-0.20789992809295655,0.8147290945053101,0.02543371357023716,-0.5792837142944336,-0.039465684443712237,0.9991531372070313,-0.011637919582426548,0.5784971117973328,0.03234357014298439,0.8150429129600525],"EasingStyle":"Linear","EasingDirection":"In"},"Right Arm":{"Weight":1,"CFrame":[0.13322560489177705,-0.580350399017334,-0.06129223108291626,-0.21356172859668733,-0.7627640962600708,0.6103951334953308,0.6842597126960754,0.32915619015693667,0.6507264375686646,-0.6972661018371582,0.5566391348838806,0.45163363218307497],"EasingStyle":"Linear","EasingDirection":"In"},"Left Arm":{"Weight":1,"CFrame":[0.4194003939628601,-0.18466058373451234,-0.06459635496139527,0.7464457154273987,-0.10104945302009583,-0.6577292680740356,0.29323261976242068,0.9372141361236572,0.18879689276218415,0.597355306148529,-0.3337942957878113,0.7292104959487915],"EasingStyle":"Linear","EasingDirection":"In"},"Head":{"Weight":1,"CFrame":[1.541338860988617e-7,-6.28642737865448e-9,1.1920928955078126e-7,0.8978908061981201,0.4398080110549927,0.01900351792573929,-0.43851238489151,0.8973742127418518,-0.049258407205343249,-0.038717515766620639,0.03589539974927902,0.9986052513122559],"EasingStyle":"Linear","EasingDirection":"In"},"Torso":{"Weight":1,"CFrame":[-0.011395372450351715,-0.008828575722873211,-0.19923114776611329,0.8489288687705994,-0.5284885168075562,0.004434523638337851,0.5281970500946045,0.8481135964393616,-0.04136639088392258,0.01810067892074585,0.03745942935347557,0.9991341829299927],"EasingStyle":"Linear","EasingDirection":"In"},"HumanoidRootPart":{"Weight":1,"CFrame":[0,0,0,1,0,0,0,1,0,0,0,1],"EasingStyle":"Linear","EasingDirection":"In"},"Right Leg":{"Weight":1,"CFrame":[0.2695778012275696,0.21982580423355103,0.3244948387145996,0.8320024609565735,0.2215816229581833,-0.5085996389389038,-0.20464295148849488,0.9747015237808228,0.0898793414235115,0.515648365020752,0.02930145524442196,0.856299102306366],"EasingStyle":"Linear","EasingDirection":"In"}}},{"Time":0.23728813230991364,"poses":{"Left Leg":{"Weight":1,"CFrame":[-0.8991929292678833,0.07008755207061768,-0.20782291889190675,0.8117675185203552,0.010409205220639706,-0.5838879942893982,-0.026833893731236459,0.9994499087333679,-0.019489021971821786,0.583363950252533,0.03148855268955231,0.8116002678871155],"EasingStyle":"Linear","EasingDirection":"In"},"Right Arm":{"Weight":1,"CFrame":[0.1416029930114746,-0.5803897976875305,-0.0749967098236084,-0.23784878849983216,-0.7711750864982605,0.5905227065086365,0.7123284339904785,0.27482083439826968,0.6458031535148621,-0.6603151559829712,0.5742495059967041,0.48396411538124087],"EasingStyle":"Linear","EasingDirection":"In"},"Left Arm":{"Weight":1,"CFrame":[0.4157865345478058,-0.18676745891571046,-0.051237523555755618,0.7520943880081177,-0.08377034217119217,-0.6537097692489624,0.2853486239910126,0.9354888200759888,0.2084149718284607,0.5940792560577393,-0.34328293800354006,0.7274796962738037],"EasingStyle":"Linear","EasingDirection":"In"},"Head":{"Weight":1,"CFrame":[1.5087425708770753e-7,7.450580596923828e-9,-1.1920928955078126e-7,0.8970855474472046,0.4412614703178406,0.022930923849344255,-0.4396533966064453,0.8965854644775391,-0.05328555032610893,-0.04407239705324173,0.03772004321217537,0.9983159899711609],"EasingStyle":"Linear","EasingDirection":"In"},"Torso":{"Weight":1,"CFrame":[-0.01499716192483902,-0.010096849873661995,-0.19272208213806153,0.8487251996994019,-0.5288316607475281,-0.001609949511475861,0.5283243656158447,0.8480368256568909,-0.04131554067134857,0.02321425825357437,0.03421496972441673,0.9991448521614075],"EasingStyle":"Linear","EasingDirection":"In"},"HumanoidRootPart":{"Weight":1,"CFrame":[0,0,0,1,0,0,0,1,0,0,0,1],"EasingStyle":"Linear","EasingDirection":"In"},"Right Leg":{"Weight":1,"CFrame":[0.30449455976486208,0.23248392343521119,0.3270859718322754,0.8319185972213745,0.23137249052524568,-0.5043591856956482,-0.21352103352546693,0.972415566444397,0.09389760345220566,0.5121720433235169,0.029576124623417856,0.8583734631538391],"EasingStyle":"Linear","EasingDirection":"In"}}},{"Time":0.2542372941970825,"poses":{"Left Leg":{"Weight":1,"CFrame":[-0.8985949158668518,0.059407711029052737,-0.2076723575592041,0.808526337146759,0.006162203382700682,-0.588427722454071,-0.022802064195275308,0.9995222687721252,-0.020863810554146768,0.588018000125885,0.030286328867077829,0.8082805871963501],"EasingStyle":"Linear","EasingDirection":"In"},"Right Arm":{"Weight":1,"CFrame":[0.14550745487213136,-0.5801689028739929,-0.08225774765014649,-0.26458510756492617,-0.7778540253639221,0.5700333118438721,0.7391398549079895,0.2160896211862564,0.6379478573799133,-0.6194086074829102,0.5901257991790772,0.5177687406539917],"EasingStyle":"Linear","EasingDirection":"In"},"Left Arm":{"Weight":1,"CFrame":[0.41278165578842165,-0.1896592378616333,-0.035980403423309329,0.7588635683059692,-0.062202420085668567,-0.6482722759246826,0.27379709482192995,0.9336546659469605,0.23092010617256165,0.5908986926078796,-0.3527319133281708,0.7255473136901856],"EasingStyle":"Linear","EasingDirection":"In"},"Head":{"Weight":1,"CFrame":[1.4156103134155274e-7,-9.313225746154786e-10,1.1920928955078126e-7,0.8962854146957398,0.4428428113460541,0.023723658174276353,-0.441089928150177,0.8957267999649048,-0.05579550564289093,-0.04595855623483658,0.03954440727829933,0.9981603622436523],"EasingStyle":"Linear","EasingDirection":"In"},"Torso":{"Weight":1,"CFrame":[-0.020408134907484056,-0.011427524499595166,-0.18367338180541993,0.8484531044960022,-0.5292540192604065,-0.004192138556391001,0.5286654233932495,0.8478350043296814,-0.04109281674027443,0.02530277892947197,0.03264908865094185,0.9991465210914612],"EasingStyle":"Linear","EasingDirection":"In"},"HumanoidRootPart":{"Weight":1,"CFrame":[0,0,0,1,0,0,0,1,0,0,0,1],"EasingStyle":"Linear","EasingDirection":"In"},"Right Leg":{"Weight":1,"CFrame":[0.33890557289123537,0.24997848272323609,0.33164405822753909,0.8335368633270264,0.23661701381206513,-0.4992280900478363,-0.2217380702495575,0.970946729183197,0.08997020870447159,0.5060124397277832,0.03570442274212837,0.8617869019508362],"EasingStyle":"Linear","EasingDirection":"In"}}},{"Time":0.2711864411830902,"poses":{"Left Leg":{"Weight":1,"CFrame":[-0.8974540829658508,0.054096996784210208,-0.20734524726867677,0.8052873015403748,0.010396169498562813,-0.5927936434745789,-0.023387951776385309,0.999625027179718,-0.014240620657801628,0.5924233198165894,0.025332029908895494,0.8052284717559815],"EasingStyle":"Linear","EasingDirection":"In"},"Right Arm":{"Weight":1,"CFrame":[0.1439756155014038,-0.5796590447425842,-0.08156973123550415,-0.29292890429496767,-0.7822374701499939,0.5498155951499939,0.7633125185966492,0.15497703850269319,0.6271650195121765,-0.5758008360862732,0.603395938873291,0.5516945123672485],"EasingStyle":"Linear","EasingDirection":"In"},"Left Arm":{"Weight":1,"CFrame":[0.4104105830192566,-0.19335708022117616,-0.01887977123260498,0.7665167450904846,-0.03610238432884216,-0.6412087678909302,0.258236289024353,0.9314755201339722,0.25625652074813845,0.5880188345909119,-0.362008273601532,0.7233145833015442],"EasingStyle":"Linear","EasingDirection":"In"},"Head":{"Weight":1,"CFrame":[1.4901161193847657e-7,-1.862645149230957e-8,2.384185791015625e-7,0.8955555558204651,0.4444783926010132,0.020473353564739229,-0.4428357183933258,0.8948367238044739,-0.05624806508421898,-0.04332134500145912,0.04130692780017853,0.9982069134712219],"EasingStyle":"Linear","EasingDirection":"In"},"Torso":{"Weight":1,"CFrame":[-0.027765151113271714,-0.01281624287366867,-0.17220520973205567,0.8481557965278626,-0.5297421216964722,-0.0022467374801635744,0.5292273759841919,0.8475041389465332,-0.04068351909518242,0.023455889895558358,0.03331692889332771,0.9991695284843445],"EasingStyle":"Linear","EasingDirection":"In"},"HumanoidRootPart":{"Weight":1,"CFrame":[0,0,0,1,0,0,0,1,0,0,0,1],"EasingStyle":"Linear","EasingDirection":"In"},"Right Leg":{"Weight":1,"CFrame":[0.40102052688598635,0.27869945764541628,0.34789037704467776,0.8339412808418274,0.2510948181152344,-0.4914197027683258,-0.24389411509037019,0.9665005803108215,0.0799519345164299,0.4950328767299652,0.053179141134023669,0.8672452569007874],"EasingStyle":"Linear","EasingDirection":"In"}}},{"Time":0.2881355881690979,"poses":{"Left Leg":{"Weight":1,"CFrame":[-0.8947339653968811,0.05299961566925049,-0.20620697736740113,0.8023989200592041,0.018219701945781709,-0.5965098142623901,-0.024033397436141969,0.9997095465660095,-0.0017937006196007133,0.5963038802146912,0.01577542908489704,0.8026037812232971],"EasingStyle":"Linear","EasingDirection":"In"},"Right Arm":{"Weight":1,"CFrame":[0.13846030831336976,-0.5791571140289307,-0.07452589273452759,-0.3217727541923523,-0.7843511700630188,0.5303353071212769,0.7838431000709534,0.09350652247667313,0.6138782501220703,-0.5310859680175781,0.613228976726532,0.5847203731536865],"EasingStyle":"Linear","EasingDirection":"In"},"Left Arm":{"Weight":1,"CFrame":[0.4083123207092285,-0.1976165771484375,-0.0007107257843017578,0.7742202877998352,-0.0058128200471401218,-0.6328895092010498,0.23888926208019257,0.9286779761314392,0.2837061285972595,0.5861014127731323,-0.37084150314331057,0.7203899621963501],"EasingStyle":"Linear","EasingDirection":"In"},"Head":{"Weight":1,"CFrame":[1.4528632164001466e-7,-7.450580596923828e-9,-2.980232238769531e-7,0.8949252963066101,0.4459921717643738,0.014132434502243996,-0.4446643888950348,0.8940048813819885,-0.05503532662987709,-0.03717978671193123,0.042968325316905978,0.998384416103363],"EasingStyle":"Linear","EasingDirection":"In"},"Torso":{"Weight":1,"CFrame":[-0.03612557053565979,-0.014258655719459057,-0.15914297103881837,0.8479345440864563,-0.5300911664962769,0.0032215698156505825,0.5297741889953613,0.8471828699111939,-0.04025532305240631,0.018609732389450074,0.035840585827827457,0.999184250831604],"EasingStyle":"Linear","EasingDirection":"In"},"HumanoidRootPart":{"Weight":1,"CFrame":[0,0,0,1,0,0,0,1,0,0,0,1],"EasingStyle":"Linear","EasingDirection":"In"},"Right Leg":{"Weight":1,"CFrame":[0.5296568274497986,0.30334824323654177,0.3961998224258423,0.8266794681549072,0.2951839864253998,-0.4790275990962982,-0.301250696182251,0.9512382745742798,0.06628533452749253,0.4752357602119446,0.08951070159673691,0.8752935528755188],"EasingStyle":"Linear","EasingDirection":"In"}}},{"Time":0.3050847351551056,"poses":{"Left Leg":{"Weight":1,"CFrame":[-0.8902284502983093,0.05477184057235718,-0.20409637689590455,0.8001648783683777,0.02833845652639866,-0.5991103649139404,-0.025148382410407068,0.9995899200439453,0.013693624176084996,0.5992526412010193,0.004109505098313093,0.800549328327179],"EasingStyle":"Linear","EasingDirection":"In"},"Right Arm":{"Weight":1,"CFrame":[0.13101813197135926,-0.5790399312973023,-0.06349450349807739,-0.349854052066803,-0.7845677137374878,0.5119139552116394,0.8001405000686646,0.03393971547484398,0.5988516211509705,-0.4872138202190399,0.619113564491272,0.6158902645111084],"EasingStyle":"Linear","EasingDirection":"In"},"Left Arm":{"Weight":1,"CFrame":[0.4060297906398773,-0.20212659239768983,0.017571687698364259,0.7810124754905701,0.02819589339196682,-0.6238787174224854,0.2161783128976822,0.9250152707099915,0.31243187189102175,0.5859065651893616,-0.37888216972351076,0.7163530588150024],"EasingStyle":"Linear","EasingDirection":"In"},"Head":{"Weight":1,"CFrame":[1.6205012798309327e-7,-5.587935447692871e-9,0,0.8944171071052551,0.4471917748451233,0.006117730401456356,-0.4462878704071045,0.8933312296867371,-0.052788205444812778,-0.02907160110771656,0.04448441416025162,0.9985870122909546],"EasingStyle":"Linear","EasingDirection":"In"},"Torso":{"Weight":1,"CFrame":[-0.04427685961127281,-0.015750402584671975,-0.14548826217651368,0.8479024171829224,-0.5300444960594177,0.010690453462302685,0.530012845993042,0.8470444679260254,-0.040026143193244937,0.012160342186689377,0.039604347199201587,0.9991414546966553],"EasingStyle":"Linear","EasingDirection":"In"},"HumanoidRootPart":{"Weight":1,"CFrame":[0,0,0,1,0,0,0,1,0,0,0,1],"EasingStyle":"Linear","EasingDirection":"In"},"Right Leg":{"Weight":1,"CFrame":[0.6346731185913086,0.333873450756073,0.42535364627838137,0.8248103260993958,0.3256988525390625,-0.4621777832508087,-0.3419763743877411,0.9383264780044556,0.050946079194545749,0.45026662945747378,0.11603302508592606,0.885322630405426],"EasingStyle":"Linear","EasingDirection":"In"}}},{"Time":0.32203391194343569,"poses":{"Left Leg":{"Weight":1,"CFrame":[-0.8837651610374451,0.05815613269805908,-0.2009211778640747,0.7988970279693604,0.03942246362566948,-0.6001744866371155,-0.027184735983610154,0.9991966485977173,0.02944633737206459,0.6008531451225281,-0.0072089675813913349,0.7993268966674805],"EasingStyle":"Linear","EasingDirection":"In"},"Right Arm":{"Weight":1,"CFrame":[0.12370570003986359,-0.5796853303909302,-0.050843894481658939,-0.37584027647972109,-0.783532977104187,0.49479302763938906,0.8120816349983215,-0.021277470514178277,0.5831557512283325,-0.4463938772678375,0.6209858059883118,0.6442896723747253],"EasingStyle":"Linear","EasingDirection":"In"},"Left Arm":{"Weight":1,"CFrame":[0.4031056761741638,-0.20657625794410706,0.035