{"Sequence":[{"Time":0,"poses":{"Left Leg":{"Weight":1,"CFrame":[-0.3511188328266144,0.365594744682312,0.13848602771759034,0.8470850586891174,-0.28964167833328249,0.4455946981906891,0.14598888158798219,0.9330006837844849,0.3289330303668976,-0.511012852191925,-0.213582381606102,0.8326154351234436],"EasingStyle":"Linear","EasingDirection":"In"},"Right Arm":{"Weight":1,"CFrame":[0.09604401886463165,-0.667569100856781,-0.020669102668762208,-0.2868259847164154,-0.3601454198360443,0.8877084255218506,0.9481868743896484,-0.2389044612646103,0.20944298803806306,0.1366475522518158,0.9017871022224426,0.4100090563297272],"EasingStyle":"Linear","EasingDirection":"In"},"Left Arm":{"Weight":1,"CFrame":[0.11548127233982086,-0.25254154205322268,0.06279551982879639,0.8495227098464966,-0.46738678216934206,0.2446645200252533,0.3574724495410919,0.851062536239624,0.38458535075187685,-0.3879750072956085,-0.23925328254699708,0.8900749087333679],"EasingStyle":"Linear","EasingDirection":"In"},"Head":{"Weight":1,"CFrame":[1.043081283569336e-7,-3.552713678800501e-15,0.016661882400512697,0.9955783486366272,-0.009065456688404084,-0.09349634498357773,0.00949697382748127,0.9999461770057678,0.004171348642557859,0.09345348179340363,-0.005040844436734915,0.9956108927726746],"EasingStyle":"Linear","EasingDirection":"In"},"Torso":{"Weight":1,"CFrame":[0.07628487050533295,0,-0.24113750457763673,0.9956902861595154,2.3739106325137983e-7,0.0927407369017601,-2.384185791015625e-7,1,2.084321417176148e-14,-0.0927407369017601,-2.211113603323156e-8,0.9956902861595154],"EasingStyle":"Linear","EasingDirection":"In"},"HumanoidRootPart":{"Weight":0,"CFrame":[0,0,0,1,0,0,0,1,0,0,0,1],"EasingStyle":"Linear","EasingDirection":"In"},"Right Leg":{"Weight":1,"CFrame":[0.7306110858917236,-0.026306748390197755,0.07001137733459473,0.8996198177337647,0.4106099605560303,-0.14860548079013825,-0.4237535297870636,0.9030649662017822,-0.07004804909229279,0.10543805360794068,0.12598873674869538,0.986412525177002],"EasingStyle":"Linear","EasingDirection":"In"}}},{"Time":0.03333333507180214,"poses":{"Left Leg":{"Weight":1,"CFrame":[-0.3610091209411621,0.267645001411438,0.08672869205474854,0.9174478054046631,-0.24946537613868714,0.30992981791496279,0.15788812935352326,0.9433231949806213,0.29191213846206667,-0.36518600583076479,-0.21887993812561036,0.904837429523468],"EasingStyle":"Linear","EasingDirection":"In"},"Right Arm":{"Weight":1,"CFrame":[0.09714725613594055,-0.6401285529136658,0.13174939155578614,-0.2933591902256012,-0.3248381018638611,0.8991221785545349,0.8778889179229736,-0.4638843834400177,0.11883760988712311,0.3784857988357544,0.8241913914680481,0.42125633358955386],"EasingStyle":"Linear","EasingDirection":"In"},"Left Arm":{"Weight":1,"CFrame":[0.11661893129348755,-0.24721145629882813,-0.03596198558807373,0.8777211308479309,-0.4442756772041321,0.17951205372810365,0.38503891229629519,0.8769235014915466,0.2876633405685425,-0.28522026538848879,-0.18336929380893708,0.9407578110694885],"EasingStyle":"Linear","EasingDirection":"In"},"Head":{"Weight":1,"CFrame":[9.685754776000977e-8,-2.7939677238464357e-8,0.016662120819091798,0.9687167406082153,0.24735137820243836,-0.02013045735657215,-0.24664485454559327,0.9506173729896545,-0.18839557468891145,-0.02746354043483734,0.18746702373027802,0.9818868637084961],"EasingStyle":"Linear","EasingDirection":"In"},"Torso":{"Weight":1,"CFrame":[0.03383816033601761,0.11668038368225098,-0.19112110137939454,0.9611114859580994,-0.2740493416786194,0.03408404439687729,0.26678043603897097,0.9532610774040222,0.1418502926826477,-0.07136496901512146,-0.12724098563194276,0.9893011450767517],"EasingStyle":"Linear","EasingDirection":"In"},"HumanoidRootPart":{"Weight":0,"CFrame":[0,0,0,1,0,0,0,1,0,0,0,1],"EasingStyle":"Linear","EasingDirection":"In"},"Right Leg":{"Weight":1,"CFrame":[0.4701616168022156,-0.19653260707855225,0.27886712551116946,0.7311199903488159,0.5450855493545532,-0.4102988541126251,-0.5954928994178772,0.8033372759819031,0.006119299679994583,0.33294403553009035,0.23985615372657777,0.9119305610656738],"EasingStyle":"Linear","EasingDirection":"In"}}},{"Time":0.06666667014360428,"poses":{"Left Leg":{"Weight":1,"CFrame":[-0.25561103224754336,0.15562772750854493,0.06595456600189209,0.957971453666687,-0.14783667027950288,0.2458353340625763,0.09940791875123978,0.9749584197998047,0.19893263280391694,-0.2690887153148651,-0.166133850812912,0.9486784338951111],"EasingStyle":"Linear","EasingDirection":"In"},"Right Arm":{"Weight":1,"CFrame":[0.09604412317276001,-0.6102981567382813,0.28233015537261965,-0.2868261933326721,-0.36014580726623537,0.8877081871032715,0.7835569977760315,-0.6213188767433167,0.0011032155016437173,0.5511525869369507,0.6958863735198975,0.4604052007198334],"EasingStyle":"Linear","EasingDirection":"In"},"Left Arm":{"Weight":1,"CFrame":[0.11791667342185974,-0.2452562153339386,-0.11858856678009033,0.9019889831542969,-0.41631096601486208,0.114459328353405,0.3925822079181671,0.9011415243148804,0.18391074240207673,-0.17970816791057588,-0.12095095962285996,0.9762560725212097],"EasingStyle":"Linear","EasingDirection":"In"},"Head":{"Weight":1,"CFrame":[6.705522537231445e-8,5.587935447692871e-8,0.016662120819091798,0.8696414828300476,0.4936058819293976,0.008773951791226864,-0.4592039883136749,0.8153015971183777,-0.35272499918937685,-0.18126057088375092,0.3027152121067047,0.9356858730316162],"EasingStyle":"Linear","EasingDirection":"In"},"Torso":{"Weight":1,"CFrame":[-0.030630603432655336,0.17004874348640443,-0.13817906379699708,0.8531811833381653,-0.5179257988929749,-0.061925455927848819,0.5186326503753662,0.8296279311180115,0.20673106610774995,-0.05569624528288841,-0.208495631814003,0.9764361381530762],"EasingStyle":"Linear","EasingDirection":"In"},"HumanoidRootPart":{"Weight":0,"CFrame":[0,0,0,1,0,0,0,1,0,0,0,1],"EasingStyle":"Linear","EasingDirection":"In"},"Right Leg":{"Weight":1,"CFrame":[0.1545623540878296,-0.33054089546203616,0.47875142097473147,0.49422892928123476,0.5979305505752564,-0.6310442686080933,-0.7045034170150757,0.7007696628570557,0.11223552376031876,0.5093257427215576,0.3891027271747589,0.7675847411155701],"EasingStyle":"Linear","EasingDirection":"In"}}},{"Time":0.10000000149011612,"poses":{"Left Leg":{"Weight":1,"CFrame":[-0.016617774963378907,0.07756030559539795,0.0706794261932373,0.9005407691001892,-0.08372276276350022,0.4266342520713806,0.02473480999469757,0.9895603060722351,0.14198115468025208,-0.43406733870506289,-0.11730708926916123,0.8932102918624878],"EasingStyle":"Linear","EasingDirection":"In"},"Right Arm":{"Weight":1,"CFrame":[0.09834861755371094,-0.6146682500839233,0.27636611461639407,-0.307654470205307,-0.3740040063858032,0.8749113082885742,0.75517737865448,-0.6553578972816467,-0.014598837122321129,0.5788400769233704,0.6562218070030212,0.48406311869621279],"EasingStyle":"Linear","EasingDirection":"In"},"Left Arm":{"Weight":1,"CFrame":[0.11902251839637757,-0.25010210275650027,-0.11577111482620239,0.9190000295639038,-0.3728847801685333,0.1280464380979538,0.34938424825668337,0.9207348823547363,0.17371782660484315,-0.1826736181974411,-0.11490955203771591,0.9764354825019836],"EasingStyle":"Linear","EasingDirection":"In"},"Head":{"Weight":1,"CFrame":[8.940696716308594e-8,8.568167686462403e-8,0.016662001609802247,0.8658815622329712,0.49912694096565249,0.03348949924111366,-0.45693233609199526,0.8163798451423645,-0.3531808853149414,-0.2036222368478775,0.2905103862285614,0.9349554777145386],"EasingStyle":"Linear","EasingDirection":"In"},"Torso":{"Weight":1,"CFrame":[-0.02988290786743164,0.15951743721961976,-0.077484130859375,0.8526133894920349,-0.5157562494277954,-0.08394032716751099,0.5216642022132874,0.8308178782463074,0.19392798840999604,-0.030280428007245065,-0.20913423597812653,0.9774180054664612],"EasingStyle":"Linear","EasingDirection":"In"},"HumanoidRootPart":{"Weight":0,"CFrame":[0,0,0,1,0,0,0,1,0,0,0,1],"EasingStyle":"Linear","EasingDirection":"In"},"Right Leg":{"Weight":1,"CFrame":[0.10518375039100647,-0.2937740087509155,0.45131051540374758,0.5173540711402893,0.5825659036636353,-0.6268665790557861,-0.6602912545204163,0.7377219796180725,0.14064763486385346,0.5443898439407349,0.34114986658096316,0.7663266658782959],"EasingStyle":"Linear","EasingDirection":"In"}}},{"Time":0.13333334028720857,"poses":{"Left Leg":{"Weight":1,"CFrame":[0.2549758851528168,-0.0033583641052246095,-0.0384368896484375,0.8634438514709473,0.04133375361561775,0.5027486681938171,-0.10586245357990265,0.9892913103103638,0.10047785937786102,-0.4932118356227875,-0.13997924327850343,0.8585731983184815],"EasingStyle":"Linear","EasingDirection":"In"},"Right Arm":{"Weight":1,"CFrame":[0.10523128509521485,-0.6240121126174927,0.2636077404022217,-0.32423099875450137,-0.381963312625885,0.8654353618621826,0.7393174767494202,-0.6730576157569885,-0.020075032487511636,0.590155839920044,0.633322536945343,0.5006182789802551],"EasingStyle":"Linear","EasingDirection":"In"},"Left Arm":{"Weight":1,"CFrame":[0.12075480818748474,-0.2647411823272705,-0.1083422303199768,0.9428159594535828,-0.29397451877593996,0.15708935260772706,0.2683956027030945,0.9490427374839783,0.16517126560211183,-0.19764068722724915,-0.11356416344642639,0.9736741781234741],"EasingStyle":"Linear","EasingDirection":"In"},"Head":{"Weight":1,"CFrame":[1.2293457984924317e-7,-1.4901161193847657e-8,0.016661763191223146,0.8630371689796448,0.5026794672012329,0.049802515655756,-0.4583803415298462,0.820759654045105,-0.3409413993358612,-0.21226012706756593,0.271416574716568,0.9387644529342651],"EasingStyle":"Linear","EasingDirection":"In"},"Torso":{"Weight":1,"CFrame":[-0.017341583967208864,0.14336246252059937,-0.022421598434448243,0.8518809676170349,-0.5156598687171936,-0.09161748737096787,0.5235623121261597,0.8339701294898987,0.17428815364837647,-0.013467148877680302,-0.1964402198791504,0.9804233312606812],"EasingStyle":"Linear","EasingDirection":"In"},"HumanoidRootPart":{"Weight":0,"CFrame":[0,0,0,1,0,0,0,1,0,0,0,1],"EasingStyle":"Linear","EasingDirection":"In"},"Right Leg":{"Weight":1,"CFrame":[0.04030093550682068,-0.24754023551940919,0.40437769889831545,0.5575054883956909,0.5450364351272583,-0.6261972188949585,-0.5990241765975952,0.7863427996635437,0.15111245214939118,0.5747674703598023,0.29086124897003176,0.7648804187774658],"EasingStyle":"Linear","EasingDirection":"In"}}},{"Time":0.1666666716337204,"poses":{"Left Leg":{"Weight":1,"CFrame":[0.24952977895736695,-0.03988659381866455,-0.017506837844848634,0.8596892952919006,0.05299050733447075,0.508061408996582,-0.10099182277917862,0.9926043152809143,0.06735996156930924,-0.5007344484329224,-0.10921861231327057,0.8586828708648682],"EasingStyle":"Linear","EasingDirection":"In"},"Right Arm":{"Weight":1,"CFrame":[0.11512276530265808,-0.6366828680038452,0.2463362216949463,-0.3386104702949524,-0.3874147832393646,0.857468843460083,0.7329242825508118,-0.6800761818885803,-0.017838241532444955,0.5900550484657288,0.6224195957183838,0.5142265558242798],"EasingStyle":"Linear","EasingDirection":"In"},"Left Arm":{"Weight":1,"CFrame":[0.12326064705848694,-0.2879020869731903,-0.0970948338508606,0.9634563326835632,-0.17742012441158296,0.20068372786045075,0.14778868854045869,0.976929247379303,0.15416762232780457,-0.22340622544288636,-0.1188751757144928,0.967449426651001],"EasingStyle":"Linear","EasingDirection":"In"},"Head":{"Weight":1,"CFrame":[6.612390279769898e-8,-3.3527612686157229e-8,0.016662001609802247,0.8616531491279602,0.5050754547119141,0.04952530190348625,-0.46805229783058169,0.8286087512969971,-0.3071392774581909,-0.19616559147834779,0.24146708846092225,0.9503750205039978],"EasingStyle":"Linear","EasingDirection":"In"},"Torso":{"Weight":1,"CFrame":[-0.0012596547603607178,0.12338069081306458,0.024713754653930665,0.8513292670249939,-0.5169065594673157,-0.0897001251578331,0.5246264338493347,0.8380144834518433,0.14999596774578095,-0.0023638990242034199,-0.1747550219297409,0.9846091270446777],"EasingStyle":"Linear","EasingDirection":"In"},"HumanoidRootPart":{"Weight":0,"CFrame":[0,0,0,1,0,0,0,1,0,0,0,1],"EasingStyle":"Linear","EasingDirection":"In"},"Right Leg":{"Weight":1,"CFrame":[-0.03992524743080139,-0.19784390926361085,0.34064173698425295,0.6060657501220703,0.4876435101032257,-0.6284011602401733,-0.5226686596870422,0.8396784067153931,0.14750471711158753,0.599584698677063,0.23904798924922944,0.7637763619422913],"EasingStyle":"Linear","EasingDirection":"In"}}},{"Time":0.20000000298023225,"poses":{"Left Leg":{"Weight":1,"CFrame":[0.2434113621711731,-0.07566547393798828,0.0031920671463012697,0.8557983040809631,0.07403019070625305,0.5119850635528565,-0.10758291184902191,0.9935380220413208,0.03616807609796524,-0.5059992074966431,-0.08603343367576599,0.8582325577735901],"EasingStyle":"Linear","EasingDirection":"In"},"Right Arm":{"Weight":1,"CFrame":[0.12647473812103272,-0.650996744632721,0.2268075942993164,-0.35310661792755129,-0.39316070079803469,0.848964273929596,0.7322337627410889,-0.6809675693511963,-0.010804935358464718,0.5823653340339661,0.6178250312805176,0.5283397436141968],"EasingStyle":"Linear","EasingDirection":"In"},"Left Arm":{"Weight":1,"CFrame":[0.1266552209854126,-0.31845688819885256,-0.08285903930664063,0.9660909175872803,-0.022154295817017556,0.25724977254867556,-0.013276747427880764,0.9907318353652954,0.1351819485425949,-0.25786054134368899,-0.13401365280151368,0.9568429589271545],"EasingStyle":"Linear","EasingDirection":"In"},"Head":{"Weight":1,"CFrame":[8.009374141693115e-8,2.60770320892334e-8,0.016661524772644044,0.8614473342895508,0.5070844888687134,0.027818037196993829,-0.4855884611606598,0.838493287563324,-0.24725070595741273,-0.14870217442512513,0.19948531687259675,0.9685521125793457],"EasingStyle":"Linear","EasingDirection":"In"},"Torso":{"Weight":1,"CFrame":[0.010115742683410645,0.1013864278793335,0.06143927574157715,0.8509718179702759,-0.5186236500740051,-0.08292438089847565,0.5251781940460205,0.842018723487854,0.12325713038444519,0.00589980510994792,-0.14843842387199403,0.9889040589332581],"EasingStyle":"Linear","EasingDirection":"In"},"HumanoidRootPart":{"Weight":0,"CFrame":[0,0,0,1,0,0,0,1,0,0,0,1],"EasingStyle":"Linear","EasingDirection":"In"},"Right Leg":{"Weight":1,"CFrame":[-0.13476550579071046,-0.1361008882522583,0.2601698637008667,0.6528520584106445,0.42434725165367129,-0.6274658441543579,-0.4274938106536865,0.8902341723442078,0.1572645753622055,0.6253265142440796,0.16556723415851594,0.7625971436500549],"EasingStyle":"Linear","EasingDirection":"In"}}},{"Time":0.23333333432674409,"poses":{"Left Leg":{"Weight":1,"CFrame":[0.23709413409233094,-0.10704052448272705,0.022141098976135255,0.8516948223114014,0.10113435983657837,0.5141865611076355,-0.12445568293333054,0.9921641945838928,0.011000542901456356,-0.5090449452400208,-0.07336249947547913,0.8576078414916992],"EasingStyle":"Linear","EasingDirection":"In"},"Right Arm":{"Weight":1,"CFrame":[0.13775071501731873,-0.665256142616272,0.207267165184021,-0.3700796365737915,-0.4016861915588379,0.8376688957214356,0.7333092093467712,-0.6798921823501587,-0.002053923672065139,0.5703496336936951,0.613510251045227,0.5461744666099548],"EasingStyle":"Linear","EasingDirection":"In"},"Left Arm":{"Weight":1,"CFrame":[0.13088199496269227,-0.35541561245918276,-0.06648039817810059,0.9315572381019592,0.167291060090065,0.32282328605651858,-0.20990614593029023,0.9724069833755493,0.10180371254682541,-0.296884685754776,-0.16259866952896119,0.9409682154655457],"EasingStyle":"Linear","EasingDirection":"In"},"Head":{"Weight":1,"CFrame":[8.940696716308594e-8,0,0.016662240028381349,0.8607946038246155,0.508796751499176,-0.01259283535182476,-0.5031940340995789,0.8470832705497742,-0.17101362347602845,-0.07634402811527252,0.15354421734809876,0.9851881861686707],"EasingStyle":"Linear","EasingDirection":"In"},"Torso":{"Weight":1,"CFrame":[0.018027201294898988,0.0804753303527832,0.08562898635864258,0.8509190082550049,-0.5204876065254211,-0.07091972231864929,0.5252193808555603,0.8453240990638733,0.09783519059419632,0.009028156287968159,-0.12049822509288788,0.9926725029945374],"EasingStyle":"Linear","EasingDirection":"In"},"HumanoidRootPart":{"Weight":0,"CFrame":[0,0,0,1,0,0,0,1,0,0,0,1],"EasingStyle":"Linear","EasingDirection":"In"},"Right Leg":{"Weight":1,"CFrame":[-0.2722344696521759,-0.05853593349456787,0.13943791389465333,0.7008928656578064,0.3505738377571106,-0.621165931224823,-0.2972186803817749,0.9352135062217712,0.19244925677776338,0.648390531539917,0.049735791981220248,0.7596816420555115],"EasingStyle":"Linear","EasingDirection":"In"}}},{"Time":0.2666666805744171,"poses":{"Left Leg":{"Weight":1,"CFrame":[0.23136615753173829,-0.13100123405456544,0.03782010078430176,0.8473557829856873,0.12960214912891389,0.5149675011634827,-0.1479274034500122,0.9889829754829407,-0.005490070208907127,-0.510005533695221,-0.07152564823627472,0.8571921586990356],"EasingStyle":"Linear","EasingDirection":"In"},"Right Arm":{"Weight":1,"CFrame":[0.14742505550384522,-0.6777597665786743,0.1899510622024536,-0.39190810918807986,-0.41520705819129946,0.8209818601608276,0.7322567701339722,-0.6810092926025391,0.005137231200933456,0.5569632053375244,0.6031827926635742,0.5709311366081238],"EasingStyle":"Linear","EasingDirection":"In"},"Left Arm":{"Weight":1,"CFrame":[0.13555669784545899,-0.3978163003921509,-0.04876750707626343,0.8407859802246094,0.3758351504802704,0.3896496593952179,-0.4263082444667816,0.9032691717147827,0.048642754554748538,-0.33367684483528139,-0.20700909197330476,0.9196776747703552],"EasingStyle":"Linear","EasingDirection":"In"},"Head":{"Weight":1,"CFrame":[8.568167686462403e-8,8.381903171539307e-9,0.016662001609802247,0.8571390509605408,0.5106000304222107,-0.06782521307468414,-0.5149471163749695,0.8524957895278931,-0.08989079296588898,0.011922481469810009,0.11197534948587418,0.9936394691467285],"EasingStyle":"Linear","EasingDirection":"In"},"Torso":{"Weight":1,"CFrame":[0.026481106877326967,0.06355661153793335,0.09536242485046387,0.8511297702789307,-0.5221315026283264,-0.05437684431672096,0.5249238610267639,0.8476347923278809,0.07726681232452393,0.005748274270445108,-0.0943077877163887,0.9955264925956726],"EasingStyle":"Linear","EasingDirection":"In"},"HumanoidRootPart":{"Weight":0,"CFrame":[0,0,0,1,0,0,0,1,0,0,0,1],"EasingStyle":"Linear","EasingDirection":"In"},"Right Leg":{"Weight":1,"CFrame":[-0.4364560544490814,0.024992167949676515,-0.007655501365661621,0.744128942489624,0.26877135038375857,-0.6115831136703491,-0.14902247488498689,0.9592106938362122,0.24022316932678224,0.6512022614479065,-0.08761744201183319,0.7538294792175293],"EasingStyle":"Linear","EasingDirection":"In"}}},{"Time":0.30000001192092898,"poses":{"Left Leg":{"Weight":1,"CFrame":[0.2272212654352188,-0.14608979225158692,0.04855549335479736,0.8434851765632629,0.15262290835380555,0.515013575553894,-0.1697307974100113,0.9853905439376831,-0.014034177176654339,-0.5096314549446106,-0.07557602226734162,0.8570671081542969],"EasingStyle":"Linear","EasingDirection":"In"},"Right Arm":{"Weight":1,"CFrame":[0.15399204194545747,-0.6868076920509338,0.17707836627960206,-0.4210781157016754,-0.4354359209537506,0.7956688404083252,0.725210428237915,-0.6884915828704834,0.0070083728060126308,0.5447595715522766,0.5799784064292908,0.6056913733482361],"EasingStyle":"Linear","EasingDirection":"In"},"Left Arm":{"Weight":1,"CFrame":[0.13992106914520265,-0.4444589912891388,-0.0304182767868042,0.6841935515403748,0.5765090584754944,0.4466725289821625,-0.6344127655029297,0.772577702999115,-0.02538098581135273,-0.35972166061401369,-0.2660093605518341,0.8943374156951904],"EasingStyle":"Linear","EasingDirection":"In"},"Head":{"Weight":1,"CFrame":[8.754432201385498e-8,3.119930624961853e-8,0.016661882400512697,0.8490481972694397,0.5125817656517029,-0.12797315418720246,-0.5187544822692871,0.8547295331954956,-0.01819802261888981,0.10005448758602143,0.08183754235506058,0.9916106462478638],"EasingStyle":"Linear","EasingDirection":"In"},"Torso":{"Weight":1,"CFrame":[0.03129860758781433,0.052233099937438968,0.09673166275024414,0.8513423800468445,-0.5231048464775086,-0.0397176593542099,0.5246102809906006,0.8489710092544556,0.06350062787532807,0.0005016563227400184,-0.07489706575870514,0.9971911311149597],"EasingStyle":"Linear","EasingDirection":"In"},"HumanoidRootPart":{"Weight":0,"CFrame":[0,0,0,1,0,0,0,1,0,0,0,1],"EasingStyle":"Linear","EasingDirection":"In"},"Right Leg":{"Weight":1,"CFrame":[-0.4316306412220001,0.06937021017074585,-0.00823831558227539,0.7492754459381104,0.28184786438941958,-0.5992895364761353,-0.12188299745321274,0.9481480121612549,0.2935301661491394,0.6509461402893066,-0.1468917578458786,0.7447765469551086],"EasingStyle":"Linear","EasingDirection":"In"}}},{"Time":0.3333333432674408,"poses":{"Left Leg":{"Weight":1,"CFrame":[0.2256353795528412,-0.15078938007354737,0.052559614181518558,0.8415729999542236,0.16309857368469239,0.5149308443069458,-0.18122804164886475,0.9833225607872009,-0.015267835929989815,-0.5088332891464233,-0.08047086745500565,0.8570957183837891],"EasingStyle":"Linear","EasingDirection":"In"},"Right Arm":{"Weight":1,"CFrame":[0.15598945319652558,-0.6906764507293701,0.17083048820495606,-0.46033310890197756,-0.4629736840724945,0.7574620842933655,0.7081173062324524,-0.7060936689376831,-0.0012317561777308584,0.5354095101356506,0.5358051061630249,0.6528779864311218],"EasingStyle":"Linear","EasingDirection":"In"},"Left Arm":{"Weight":1,"CFrame":[0.14306461811065675,-0.49361079931259158,-0.011976122856140137,0.47124895453453066,0.7378259897232056,0.48325681686401369,-0.8015366792678833,0.5868930220603943,-0.11443524807691574,-0.3680534362792969,-0.33342084288597109,0.867967426776886],"EasingStyle":"Linear","EasingDirection":"In"},"Head":{"Weight":1,"CFrame":[8.568167686462403e-8,-2.2118911147117616e-8,0.016662240028381349,0.838289737701416,0.5134918093681336,-0.1832934021949768,-0.5173788666725159,0.8552405834197998,0.029709991067647935,0.17201583087444306,0.06992649286985398,0.982609212398529],"EasingStyle":"Linear","EasingDirection":"In"},"Torso":{"Weight":1,"CFrame":[0.028272822499275209,0.04811125993728638,0.09717416763305664,0.8514719009399414,-0.5233356356620789,-0.03339808061718941,0.5243954658508301,0.8494635820388794,0.058489635586738589,-0.0022392591927200557,-0.06731608510017395,0.9977291822433472],"EasingStyle":"Linear","EasingDirection":"In"},"HumanoidRootPart":{"Weight":0,"CFrame":[0,0,0,1,0,0,0,1,0,0,0,1],"EasingStyle":"Linear","EasingDirection":"In"},"Right Leg":{"Weight":1,"CFrame":[-0.4260873794555664,0.10246872901916504,-0.006521940231323242,0.7524325251579285,0.30372172594070437,-0.5844641923904419,-0.10671383887529373,0.9318296909332275,0.3468509018421173,0.6499672532081604,-0.1986115425825119,0.7335503101348877],"EasingStyle":"Linear","EasingDirection":"In"}}},{"Time":0.36666667461395266,"poses":{"Left Leg":{"Weight":1,"CFrame":[0.22849105298519135,-0.14613831043243409,0.04821431636810303,0.843087375164032,0.15286190807819367,0.5155937671661377,-0.1741788238286972,0.9846882820129395,-0.00712451059371233,-0.5087882280349731,-0.08379893749952316,0.8568035364151001],"EasingStyle":"Linear","EasingDirection":"In"},"Right Arm":{"Weight":1,"CFrame":[0.1539323329925537,-0.6741597056388855,0.1744145154953003,-0.5097827911376953,-0.5064263343811035,0.6954524517059326,0.6706408858299255,-0.7402621507644653,-0.04746122285723686,0.5388526916503906,0.4422038793563843,0.7170029878616333],"EasingStyle":"Linear","EasingDirection":"In"},"Left Arm":{"Weight":1,"CFrame":[0.14436982572078706,-0.542968213558197,0.006116509437561035,0.2303587794303894,0.8381282687187195,0.4944450855255127,-0.9052678346633911,0.37096571922302248,-0.2070615291595459,-0.35696637630462649,-0.39990684390068056,0.8441857695579529],"EasingStyle":"Linear","EasingDirection":"In"},"Head":{"Weight":1,"CFrame":[9.13569238036871e-8,1.5832483768463136e-8,0.0166623592376709,0.8288130164146423,0.5125167965888977,-0.2244892567396164,-0.5165269374847412,0.855079174041748,0.04516134783625603,0.21510198712348939,0.07852450758218765,0.9734295010566711],"EasingStyle":"Linear","EasingDirection":"In"},"Torso":{"Weight":1,"CFrame":[0.013444960117340088,0.055240705609321597,0.09416532516479492,0.851915717124939,-0.522038996219635,-0.04141096770763397,0.5236788988113403,0.8492645621299744,0.06715703010559082,0.00011027602886315435,-0.07889817655086518,0.9968826770782471],"EasingStyle":"Linear","EasingDirection":"In"},"HumanoidRootPart":{"Weight":0,"CFrame":[0,0,0,1,0,0,0,1,0,0,0,1],"EasingStyle":"Linear","EasingDirection":"In"},"Right Leg":{"Weight":1,"CFrame":[-0.4211635887622833,0.1254175305366516,-0.00021278858184814453,0.7530132532119751,0.33583563566207888,-0.5658494234085083,-0.10876264423131943,0.9116434454917908,0.3963291645050049,0.6489543318748474,-0.23689791560173036,0.7230059504508972],"EasingStyle":"Linear","EasingDirection":"In"}}},{"Time":0.4000000059604645,"poses":{"Left Leg":{"Weight":1,"CFrame":[0.2356160432100296,-0.13590693473815919,0.03698384761810303,0.8471863269805908,0.12316402792930603,0.5168229341506958,-0.14981698989868165,0.9886634349822998,0.009974508546292782,-0.5097354650497437,-0.0858791172504425,0.8560342192649841],"EasingStyle":"Linear","EasingDirection":"In"},"Right Arm":{"Weight":1,"CFrame":[0.1501864790916443,-0.6300185918807983,0.1869974136352539,-0.5674861669540405,-0.5595089793205261,0.6040771007537842,0.6100342869758606,-0.7784441113471985,-0.14792883396148683,0.5530077219009399,0.28456011414527895,0.7830759286880493],"EasingStyle":"Linear","EasingDirection":"In"},"Left Arm":{"Weight":1,"CFrame":[0.14382657408714295,-0.5899971723556519,0.023388981819152833,-0.00394552294164896,0.875495195388794,0.48321062326431277,-0.9437022805213928,0.15657542645931245,-0.2913933992385864,-0.33077242970466616,-0.45715680718421938,0.825589120388031],"EasingStyle":"Linear","EasingDirection":"In"},"Head":{"Weight":1,"CFrame":[9.313225746154785e-8,-7.450580596923828e-9,0.01666247844696045,0.8226353526115418,0.5105202794075012,-0.2502802610397339,-0.519381046295166,0.8538445234298706,0.03453608229756355,0.23133185505867005,0.10158015042543411,0.9675572514533997],"EasingStyle":"Linear","EasingDirection":"In"},"Torso":{"Weight":1,"CFrame":[-0.011735513806343079,0.07347506284713745,0.08350014686584473,0.8528091311454773,-0.5184659361839294,-0.06252816319465637,0.5221795439720154,0.8481447696685791,0.08932482451200485,0.006721074227243662,-0.10882794111967087,0.9940378665924072],"EasingStyle":"Linear","EasingDirection":"In"},"HumanoidRootPart":{"Weight":0,"CFrame":[0,0,0,1,0,0,0,1,0,0,0,1],"EasingStyle":"Linear","EasingDirection":"In"},"Right Leg":{"Weight":1,"CFrame":[-0.4192292094230652,0.1391695737838745,0.011758208274841309,0.7502107620239258,0.372134804725647,-0.5465339422225952,-0.1286333203315735,0.8929309248924255,0.4314253628253937,0.6485655307769775,-0.25335752964019778,0.7177554368972778],"EasingStyle":"Linear","EasingDirection":"In"}}},{"Time":0.4333333373069763,"poses":{"Left Leg":{"Weight":1,"CFrame":[0.2448217272758484,-0.12285542488098145,0.021695494651794435,0.8517671823501587,0.08188364654779434,0.5174821019172669,-0.11450757831335068,0.9929271936416626,0.03136209025979042,-0.5112540125846863,-0.08596878498792649,0.8551191091537476],"EasingStyle":"Linear","EasingDirection":"In"},"Right Arm":{"Weight":1,"CFrame":[0.14604806900024415,-0.5685057640075684,0.20500481128692628,-0.630664050579071,-0.6001439094543457,0.4920266270637512,0.5355342030525208,-0.7954123616218567,-0.28376463055610659,0.5616636276245117,0.08453695476055145,0.823035478591919],"EasingStyle":"Linear","EasingDirection":"In"},"Left Arm":{"Weight":1,"CFrame":[0.14195376634597779,-0.6323689818382263,0.03924524784088135,-0.20586059987545014,0.8648927807807922,0.4578010141849518,-0.9324384927749634,-0.03140459954738617,-0.3599614202976227,-0.2969510555267334,-0.5009732246398926,0.812924325466156],"EasingStyle":"Linear","EasingDirection":"In"},"Head":{"Weight":1,"CFrame":[1.1920928955078126e-7,3.725290298461914e-8,0.016662120819091798,0.8200156092643738,0.5082054734230042,-0.2632521092891693,-0.5252792835235596,0.8509054780006409,0.00644866144284606,0.22727987170219422,0.13299287855625153,0.9647055268287659],"EasingStyle":"Linear","EasingDirection":"In"},"Torso":{"Weight":1,"CFrame":[-0.04330480098724365,0.09806826710700989,0.06258106231689453,0.8536978960037231,-0.5125231742858887,-0.09230340272188187,0.5204930305480957,0.8455014824867249,0.11922324448823929,0.016937989741563798,-0.14982391893863679,0.988567590713501],"EasingStyle":"Linear","EasingDirection":"In"},"HumanoidRootPart":{"Weight":0,"CFrame":[0,0,0,1,0,0,0,1,0,0,0,1],"EasingStyle":"Linear","EasingDirection":"In"},"Right Leg":{"Weight":1,"CFrame":[-0.4186398386955261,0.14827609062194825,0.026415586471557618,0.7438200116157532,0.4120805561542511,-0.5262331962585449,-0.15886569023132325,0.8737646341323853,0.4596705734729767,0.6492253541946411,-0.2583118677139282,0.7153891324996948],"EasingStyle":"Linear","EasingDirection":"In"}}},{"Time":0.46666666865348818,"poses":{"Left Leg":{"Weight":1,"CFrame":[0.14039188623428346,-0.0975944995880127,0.07330429553985596,0.8556668162345886,-0.02274881862103939,0.5170267820358276,-0.0051206136122345928,0.9986124038696289,0.052412670105695727,-0.5175017714500427,-0.0474952794611454,0.8543630838394165],"EasingStyle":"Linear","EasingDirection":"In"},"Right Arm":{"Weight":1,"CFrame":[0.14245766401290894,-0.5003567934036255,0.22528231143951417,-0.6920955777168274,-0.6154085397720337,0.3771952688694,0.46036407351493838,-0.778836190700531,-0.42600342631340029,0.5559394359588623,-0.12118807435035706,0.8223410844802856],"EasingStyle":"Linear","EasingDirection":"In"},"Left Arm":{"Weight":1,"CFrame":[0.13947615027427674,-0.6681479215621948,0.052961111068725589,-0.3639487624168396,0.8276492953300476,0.4272443354129791,-0.893633246421814,-0.18095488846302033,-0.41070055961608889,-0.26260414719581606,-0.5312739014625549,0.8054733872413635],"EasingStyle":"Linear","EasingDirection":"In"},"Head":{"Weight":1,"CFrame":[1.043081283569336e-7,-6.705522537231445e-8,0.0166623592376709,0.8204135298728943,0.5062631368637085,-0.2657430171966553,-0.5320900082588196,0.8461294174194336,-0.030743081122636796,0.20928889513015748,0.16662123799324037,0.9635536074638367],"EasingStyle":"Linear","EasingDirection":"In"},"Torso":{"Weight":1,"CFrame":[-0.07729500532150269,0.12423992156982422,0.02929091453552246,0.8541406393051148,-0.5044757723808289,-0.12628532946109773,0.5191739201545715,0.841216504573822,0.15104053914546967,0.030037028715014459,-0.19457390904426576,0.9804278612136841],"EasingStyle":"Linear","EasingDirection":"In"},"HumanoidRootPart":{"Weight":0,"CFrame":[0,0,0,1,0,0,0,1,0,0,0,1],"EasingStyle":"Linear","EasingDirection":"In"},"Right Leg":{"Weight":1,"CFrame":[-0.41581010818481448,0.16027545928955079,0.03921711444854736,0.7349196672439575,0.4573785662651062,-0.5006973147392273,-0.19065657258033753,0.8478959202766419,0.49469438195228579,0.6508018970489502,-0.26809945702552798,0.7103376984596252],"EasingStyle":"Linear","EasingDirection":"In"}}},{"Time":0.5,"poses":{"Left Leg":{"Weight":1,"CFrame":[0.03188243508338928,-0.07796871662139893,0.12768018245697022,0.8476627469062805,-0.12406894564628601,0.5158243179321289,0.1034703254699707,0.9922620058059692,0.06862981617450714,-0.5203477740287781,-0.00480241235345602,0.8539409637451172],"EasingStyle":"Linear","EasingDirection":"In"},"Right Arm":{"Weight":1,"CFrame":[0.13982707262039185,-0.4370129704475403,0.24460983276367188,-0.7429540157318115,-0.6078802347183228,0.2801804542541504,0.3978184163570404,-0.7376573085784912,-0.5455290079116821,0.5382934212684631,-0.29384228587150576,0.7898715138435364],"EasingStyle":"Linear","EasingDirection":"In"},"Left Arm":{"Weight":1,"CFrame":[0.1370575726032257,-0.6957182884216309,0.06374132633209229,-0.47772422432899477,0.7828992605209351,0.3985576331615448,-0.8471293449401856,-0.2903532087802887,-0.44504714012145998,-0.23270469903945924,-0.5502398014068604,0.8019257187843323],"EasingStyle":"Linear","EasingDirection":"In"},"Head":{"Weight":1,"CFrame":[1.4901161193847657e-8,-1.4901161193847657e-8,0.016662120819091798,0.8228933215141296,0.5052264928817749,-0.25998616218566897,-0.5376753807067871,0.8403401374816895,-0.06880148500204086,0.1837165206670761,0.1964043378829956,0.963158130645752],"EasingStyle":"Linear","EasingDirection":"In"},"Torso":{"Weight":1,"CFrame":[-0.10986077785491944,0.14727887511253358,-0.01755070686340332,0.8538090586662293,-0.49533334374427798,-0.16017164289951325,0.5186184048652649,0.8360480070114136,0.17904938757419587,0.04522204399108887,-0.23594194650650025,0.9707143306732178],"EasingStyle":"Linear","EasingDirection":"In"},"HumanoidRootPart":{"Weight":0,"CFrame":[0,0,0,1,0,0,0,1,0,0,0,1],"EasingStyle":"Linear","EasingDirection":"In"},"Right Leg":{"Weight":1,"CFrame":[-0.3446034789085388,0.15497034788131715,0.10713362693786621,0.6999992728233337,0.535350501537323,-0.4726528823375702,-0.25703564286231997,0.8063585162162781,0.5326524376869202,0.6662835478782654,-0.2513677477836609,0.7020546197891235],"EasingStyle":"Linear","EasingDirection":"In"}}},{"Time":0.5333333611488342,"poses":{"Left Leg":{"Weight":1,"CFrame":[-0.072842538356781,-0.06392395496368408,0.18243849277496339,0.8312642574310303,-0.2091231495141983,0.515040934085846,0.19892293214797975,0.9770892262458801,0.07567251473665238,-0.5190658569335938,0.03954961523413658,0.8538187742233276],"EasingStyle":"Linear","EasingDirection":"In"},"Right Arm":{"Weight":1,"CFrame":[0.1382150650024414,-0.3903453052043915,0.25925278663635256,-0.7766368389129639,-0.5917955636978149,0.21590128540992738,0.35667863488197329,-0.6956002712249756,-0.6236347556114197,0.5192452073097229,-0.40733063220977785,0.7513096928596497],"EasingStyle":"Linear","EasingDirection":"In"},"Left Arm":{"Weight":1,"CFrame":[0.1352018117904663,-0.7136200666427612,0.07077527046203613,-0.5514981746673584,0.7445011138916016,0.3762550354003906,-0.8072708249092102,-0.3627040386199951,-0.4655742347240448,-0.21015140414237977,-0.5605032444000244,0.8010448217391968],"EasingStyle":"Linear","EasingDirection":"In"},"Head":{"Weight":1,"CFrame":[7.450580596923828e-8,5.960464477539063e-8,0.016661763191223146,0.8264316916465759,0.5053818821907044,-0.24819315969944,-0.5407088994979858,0.8352944254875183,-0.0995846688747406,0.15698595345020295,0.21650022268295289,0.9635782837867737],"EasingStyle":"Linear","EasingDirection":"In"},"Torso":{"Weight":1,"CFrame":[-0.1373971700668335,0.16265353560447694,-0.07817697525024414,0.8525493144989014,-0.48690637946128847,-0.18995222449302674,0.5189943313598633,0.8315909504890442,0.19774062931537629,0.06168137490749359,-0.2671677768230438,0.9616739749908447],"EasingStyle":"Linear","EasingDirection":"In"},"HumanoidRootPart":{"Weight":0,"CFrame":[0,0,0,1,0,0,0,1,0,0,0,1],"EasingStyle":"Linear","EasingDirection":"In"},"Right Leg":{"Weight":1,"CFrame":[-0.10772207379341126,0.11638027429580689,0.3022732734680176,0.589049756526947,0.6741166710853577,-0.44563108682632449,-0.39365994930267336,0.7209761738777161,0.5702850818634033,0.7057281136512756,-0.16049928963184358,0.6900637149810791],"EasingStyle":"Linear","EasingDirection":"In"}}},{"Time":0.5666666626930237,"poses":{"Left Leg":{"Weight":1,"CFrame":[-0.17387354373931886,-0.05137503147125244,0.24054944515228272,0.8124792575836182,-0.2710460126399994,0.5161506533622742,0.275863915681839,0.9587023258209229,0.06920197606086731,-0.5135918259620667,0.08616218715906143,0.8536975979804993],"EasingStyle":"Linear","EasingDirection":"In"},"Right Arm":{"Weight":1,"CFrame":[0.1376609206199646,-0.3722202479839325,0.2650611400604248,-0.7891755104064941,-0.5830941200256348,0.19288164377212525,0.3417755961418152,-0.6778790950775147,-0.6508987545967102,0.5102856755256653,-0.4477512836456299,0.7342530488967896],"EasingStyle":"Linear","EasingDirection":"In"},"Left Arm":{"Weight":1,"CFrame":[0.13426560163497926,-0.7204034328460693,0.07327032089233399,-0.5895064473152161,0.7215865254402161,0.3630357086658478,-0.7834791541099548,-0.40140849351882937,-0.474374920129776,-0.19657713174819947,-0.5640780925750732,0.8019809722900391],"EasingStyle":"Linear","EasingDirection":"In"},"Head":{"Weight":1,"CFrame":[1.4901161193847657e-7,-1.7881393432617188e-7,0.016661882400512697,0.8301376700401306,0.5067380666732788,-0.2325678914785385,-0.540846049785614,0.8332183957099915,-0.1150335967540741,0.13548795878887177,0.2212771624326706,0.9657533168792725],"EasingStyle":"Linear","EasingDirection":"In"},"Torso":{"Weight":1,"CFrame":[-0.15654179453849793,0.16600191593170167,-0.14783620834350587,0.8504008054733276,-0.4815721809864044,-0.2119119018316269,0.5202209949493408,0.8298447132110596,0.20181132853031159,0.07866723835468292,-0.2818615436553955,0.9562246203422546],"EasingStyle":"Linear","EasingDirection":"In"},"HumanoidRootPart":{"Weight":0,"CFrame":[0,0,0,1,0,0,0,1,0,0,0,1],"EasingStyle":"Linear","EasingDirection":"In"},"Right Leg":{"Weight":1,"CFrame":[0.02861124277114868,0.11389279365539551,0.3946049213409424,0.5172379612922669,0.7431342601776123,-0.4245189428329468,-0.44940730929374697,0.6579722762107849,0.6042396426200867,0.7283529043197632,-0.12175377458333969,0.6742982268333435],"EasingStyle":"Linear","EasingDirection":"In"}}},{"Time":0.6000000238418579,"poses":{"Left Leg":{"Weight":1,"CFrame":[-0.24665024876594544,-0.039871931076049808,0.28570377826690676,0.7986988425254822,-0.30603039264678957,0.5180980563163757,0.3245413601398468,0.9441302418708801,0.057366907596588138,-0.5067080855369568,0.12232533097267151,0.8533952832221985],"EasingStyle":"Linear","EasingDirection":"In"},"Right Arm":{"Weight":1,"CFrame":[0.13765555620193482,-0.37237119674682619,0.2652170658111572,-0.7885739803314209,-0.582558810710907,0.1969171166419983,0.34213849902153017,-0.6817231178283691,-0.6466799378395081,0.5109719634056091,-0.44258201122283938,0.7369048595428467],"EasingStyle":"Linear","EasingDirection":"In"},"Left Arm":{"Weight":1,"CFrame":[0.13393133878707887,-0.7210175395011902,0.07324647903442383,-0.6070923805236816,0.7103074789047241,0.35623329877853396,-0.7718138098716736,-0.42042866349220278,-0.4770146310329437,-0.18905644118785859,-0.5645378828048706,0.8034642934799194],"EasingStyle":"Linear","EasingDirection":"In"},"Head":{"Weight":1,"CFrame":[5.960464477539063e-8,-2.9802322387695315e-8,0.016661763191223146,0.8328362107276917,0.5082919597625732,-0.2191418558359146,-0.5398865938186646,0.8332758545875549,-0.11905387043952942,0.12209145724773407,0.2174641191959381,0.9684023261070252],"EasingStyle":"Linear","EasingDirection":"In"},"Torso":{"Weight":1,"CFrame":[-0.16757678985595704,0.16270506381988526,-0.2067551612854004,0.8482450842857361,-0.47927841544151308,-0.22532735764980317,0.5215131640434265,0.8299987316131592,0.19780324399471284,0.09221860766410828,-0.28529679775238039,0.9539923667907715],"EasingStyle":"Linear","EasingDirection":"In"},"HumanoidRootPart":{"Weight":0,"CFrame":[0,0,0,1,0,0,0,1,0,0,0,1],"EasingStyle":"Linear","EasingDirection":"In"},"Right Leg":{"Weight":1,"CFrame":[0.11815541982650757,0.12359678745269776,0.4437685012817383,0.47092652320861819,0.7805810570716858,-0.41100049018859866,-0.47281521558761599,0.6166619062423706,0.6294234991073608,0.7447643876075745,-0.10208497196435929,0.6594730615615845],"EasingStyle":"Linear","EasingDirection":"In"}}},{"Time":0.6333333253860474,"poses":{"Left Leg":{"Weight":1,"CFrame":[-0.27468255162239077,-0.03392386436462402,0.30310964584350588,0.793256938457489,-0.3188744783401489,0.5187123417854309,0.34253302216529848,0.9380202889442444,0.05281159654259682,-0.5034029483795166,0.13578292727470399,0.8533161282539368],"EasingStyle":"Linear","EasingDirection":"In"},"Right Arm":{"Weight":1,"CFrame":[0.13758036494255067,-0.3727077841758728,0.2656428813934326,-0.7854709625244141,-0.5829211473464966,0.20793835818767548,0.34362301230430605,-0.6901927590370178,-0.6368336081504822,0.5147412419319153,-0.4287620782852173,0.7424315214157105],"EasingStyle":"Linear","EasingDirection":"In"},"Left Arm":{"Weight":1,"CFrame":[0.133693128824234,-0.7214463949203491,0.07323825359344483,-0.6190018057823181,0.7023043632507324,0.35157546401023867,-0.7636556625366211,-0.4336211383342743,-0.47833332419