{"Sequence":[{"Time":0,"poses":{"Left Leg":{"Weight":1,"CFrame":[-0.5734027028083801,0.3137204051017761,0.050450801849365237,0.9762676358222961,-0.18519262969493867,0.11227366328239441,0.17955216765403748,0.982006847858429,0.058512602001428607,-0.12108965218067169,-0.036964986473321918,0.9919531345367432],"EasingStyle":"Linear","EasingDirection":"In"},"Right Arm":{"Weight":1,"CFrame":[-0.042011555284261706,-0.43851354718208315,-0.012120485305786133,-0.3871319591999054,-0.9105097055435181,-0.14526216685771943,0.8967435359954834,-0.3351753056049347,-0.28897854685783389,0.21442939341068269,-0.24213570356369019,0.9462506771087647],"EasingStyle":"Linear","EasingDirection":"In"},"Head":{"Weight":1,"CFrame":[8.74227694680485e-8,0,0,1,-6.357302595461079e-8,8.742277657347586e-8,6.357302595461079e-8,1,0,-8.74227694680485e-8,5.412337245047638e-15,1],"EasingStyle":"Linear","EasingDirection":"In"},"Right Leg":{"Weight":1,"CFrame":[0.5404562950134277,0.3006325960159302,0.09200000762939453,0.968363881111145,0.18295635282993318,-0.16970118880271913,-0.1807621419429779,0.9831160306930542,0.028425458818674089,0.17203664779663087,0.003149281023070216,0.9850855469703674],"EasingStyle":"Linear","EasingDirection":"In"},"Torso":{"Weight":1,"CFrame":[-1.1481665618262582e-10,-0.06059044599533081,-0.29645299911499026,1,1.8515202704350032e-9,-8.756629910067204e-8,-1.5323749380513619e-8,0.9880545735359192,-0.1541043370962143,8.623495517667834e-8,0.1541043370962143,0.9880545735359192],"EasingStyle":"Linear","EasingDirection":"In"},"HumanoidRootPart":{"Weight":1,"CFrame":[0,0,0,1,0,0,0,1,0,0,0,1],"EasingStyle":"Linear","EasingDirection":"In"},"Left Arm":{"Weight":1,"CFrame":[-0.01785399578511715,-0.41310757398605349,0.022918224334716798,-0.4013793468475342,0.9084488153457642,0.11668477952480316,-0.8767532110214233,-0.34423545002937319,-0.33586573600769045,-0.26494982838630679,-0.23711338639259339,0.9346544742584229],"EasingStyle":"Linear","EasingDirection":"In"}}},{"Time":0.03333333507180214,"poses":{"Left Leg":{"Weight":1,"CFrame":[-0.532517671585083,0.3448548913002014,0.04813730716705322,0.9891589283943176,-0.09258958697319031,0.11398158222436905,0.08752483129501343,0.9949724078178406,0.0486755445599556,-0.11791539937257767,-0.03817157447338104,0.9922898411750794],"EasingStyle":"Linear","EasingDirection":"In"},"Right Arm":{"Weight":1,"CFrame":[-0.021074149757623674,-0.32457923889160159,0.016225218772888185,-0.5594729781150818,-0.8285934329032898,-0.02056722156703472,0.7966365814208984,-0.5307135581970215,-0.28933271765708926,0.22882381081581117,-0.17825847864151,0.957007646560669],"EasingStyle":"Linear","EasingDirection":"In"},"Head":{"Weight":1,"CFrame":[8.707866072654724e-8,-1.7547563402331435e-7,-2.384185791015625e-7,0.9997060298919678,0.023377129808068277,-0.00643999082967639,-0.022995252162218095,0.9982720613479614,0.05407536029815674,0.007692989427596331,-0.053911369293928149,0.9985161423683167],"EasingStyle":"Linear","EasingDirection":"In"},"Right Leg":{"Weight":1,"CFrame":[0.49962499737739565,0.32861489057540896,0.09041178226470947,0.9807496070861816,0.09185875207185745,-0.1723140925168991,-0.09082234650850296,0.9957700371742249,0.01390689518302679,0.17286273837089539,0.0020107331220060589,0.9849438667297363],"EasingStyle":"Linear","EasingDirection":"In"},"Torso":{"Weight":1,"CFrame":[0.00015580325271002948,-0.12334346771240235,-0.29436659812927248,0.9999985694885254,-0.0016907596727833152,0.0001946666307048872,0.0016907397657632828,0.9738098382949829,-0.2273578643798828,0.00019483918731566519,0.2273578643798828,0.9738112688064575],"EasingStyle":"Linear","EasingDirection":"In"},"HumanoidRootPart":{"Weight":1,"CFrame":[0,0,0,1,0,0,0,1,0,0,0,1],"EasingStyle":"Linear","EasingDirection":"In"},"Left Arm":{"Weight":1,"CFrame":[-0.014426329173147679,-0.3087131083011627,0.057860374450683597,-0.5540562272071838,0.8321410417556763,-0.02372736856341362,-0.7791680693626404,-0.5284000039100647,-0.3371805250644684,-0.29311931133270266,-0.16832950711250306,0.9411410093307495],"EasingStyle":"Linear","EasingDirection":"In"}}},{"Time":0.06666667014360428,"poses":{"Left Leg":{"Weight":1,"CFrame":[-0.46898552775382998,0.3409366011619568,0.04283738136291504,0.9936696887016296,0.01349061168730259,0.11152888089418411,-0.017932169139385225,0.999081552028656,0.038917332887649539,-0.11090149730443955,-0.040670882910490039,0.9929988980293274],"EasingStyle":"Linear","EasingDirection":"In"},"Right Arm":{"Weight":1,"CFrame":[0.0014581694267690182,-0.16188672184944154,0.03844320774078369,-0.6754032373428345,-0.7274526357650757,0.1210094541311264,0.6949644684791565,-0.6827570796012878,-0.22553730010986329,0.24668778479099275,-0.06823141872882843,0.9666900634765625],"EasingStyle":"Linear","EasingDirection":"In"},"Head":{"Weight":1,"CFrame":[8.754432201385498e-8,-5.537276592804119e-8,-2.980232238769531e-7,0.9989085793495178,0.046046480536460879,-0.00784466415643692,-0.044716428965330127,0.9912346005439758,0.12431668490171433,0.013500245288014412,-0.12383019924163819,0.992211639881134],"EasingStyle":"Linear","EasingDirection":"In"},"Right Leg":{"Weight":1,"CFrame":[0.4349878430366516,0.3216307759284973,0.0857844352722168,0.984358012676239,-0.010123873129487038,-0.17588865756988526,0.010204995051026345,0.9999479055404663,-0.00044306053314357996,0.17588402330875398,-0.0013588288566097618,0.9844100475311279],"EasingStyle":"Linear","EasingDirection":"In"},"Torso":{"Weight":1,"CFrame":[0.0007020620396360755,-0.1797770857810974,-0.2685542106628418,0.9999824166297913,-0.005864814389497042,0.000877490034326911,0.00586478877812624,0.9561826586723328,-0.2927120327949524,0.0008776610484346747,0.2927120327949524,0.9562002420425415],"EasingStyle":"Linear","EasingDirection":"In"},"HumanoidRootPart":{"Weight":1,"CFrame":[0,0,0,1,0,0,0,1,0,0,0,1],"EasingStyle":"Linear","EasingDirection":"In"},"Left Arm":{"Weight":1,"CFrame":[-0.0057449787855148319,-0.16668489575386048,0.08778083324432373,-0.6516252160072327,0.735878050327301,-0.18403291702270509,-0.6857468485832214,-0.6751989126205444,-0.27176788449287417,-0.32424697279930117,-0.05089087411761284,0.9446026682853699],"EasingStyle":"Linear","EasingDirection":"In"}}},{"Time":0.10000000149011612,"poses":{"Left Leg":{"Weight":1,"CFrame":[-0.3921413719654083,0.2956084609031677,0.03480565547943115,0.988434910774231,0.10924406349658966,0.10517685860395432,-0.11324108392000199,0.9930262565612793,0.03279426693916321,-0.10086081922054291,-0.0443253330886364,0.9939126968383789],"EasingStyle":"Linear","EasingDirection":"In"},"Right Arm":{"Weight":1,"CFrame":[0.0230398029088974,0.02384847402572632,0.05294179916381836,-0.7667466998100281,-0.5966466069221497,0.23688076436519624,0.5822058916091919,-0.8017646074295044,-0.13494397699832917,0.27043643593788149,0.034445423632860187,0.9621214866638184],"EasingStyle":"Linear","EasingDirection":"In"},"Head":{"Weight":1,"CFrame":[8.684583008289337e-8,6.30861904937774e-8,3.5762786865234377e-7,0.9979946613311768,0.06299321353435517,-0.006204526871442795,-0.06076779216527939,0.9809243679046631,0.18464750051498414,0.017717713490128518,-0.18390023708343507,0.9827852845191956],"EasingStyle":"Linear","EasingDirection":"In"},"Right Leg":{"Weight":1,"CFrame":[0.3568122088909149,0.27520400285720827,0.07600688934326172,0.9787222146987915,-0.09998434036970139,-0.1791815459728241,0.09983208030462265,0.9949551224708557,-0.009889781475067139,0.17926643788814546,-0.008208749815821648,0.9837663173675537],"EasingStyle":"Linear","EasingDirection":"In"},"Torso":{"Weight":1,"CFrame":[0.0014834413304924965,-0.18650716543197633,-0.21816563606262208,0.9999349117279053,-0.011258278042078019,0.001854214700870216,0.011258249171078205,0.9471138119697571,-0.32070064544677737,0.0018543849000707269,0.32070067524909975,0.9471787810325623],"EasingStyle":"Linear","EasingDirection":"In"},"HumanoidRootPart":{"Weight":1,"CFrame":[0,0,0,1,0,0,0,1,0,0,0,1],"EasingStyle":"Linear","EasingDirection":"In"},"Left Arm":{"Weight":1,"CFrame":[0.005786706693470478,-0.002880483865737915,0.10867190361022949,-0.7286934852600098,0.6072697043418884,-0.31659018993377688,-0.5841858386993408,-0.7924390435218811,-0.17540621757507325,-0.35739725828170779,0.05713003873825073,0.9322035312652588],"EasingStyle":"Linear","EasingDirection":"In"}}},{"Time":0.13333334028720857,"poses":{"Left Leg":{"Weight":1,"CFrame":[-0.31585726141929629,0.21686863899230958,0.025849580764770509,0.984156608581543,0.14863386750221253,0.09666379541158676,-0.15254610776901246,0.9876980781555176,0.034386053681373599,-0.0903637558221817,-0.04858690872788429,0.9947230219841003],"EasingStyle":"Linear","EasingDirection":"In"},"Right Arm":{"Weight":1,"CFrame":[0.041125014424324039,0.2069077491760254,0.05812835693359375,-0.8492400646209717,-0.4433595836162567,0.2867467999458313,0.4426749050617218,-0.8938649296760559,-0.07102520018815994,0.28780248761177065,0.06661809980869293,0.9553700089454651],"EasingStyle":"Linear","EasingDirection":"In"},"Head":{"Weight":1,"CFrame":[8.940696716308594e-8,9.360519470646978e-8,1.1920928955078126e-7,0.9975631833076477,0.06959903240203858,-0.004872197285294533,-0.06702455133199692,0.9753729104995728,0.2101319283246994,0.01937718689441681,-0.20929327607154847,0.9776610136032105],"EasingStyle":"Linear","EasingDirection":"In"},"Right Leg":{"Weight":1,"CFrame":[0.27923208475112917,0.19860553741455079,0.06210923194885254,0.9741109609603882,-0.13253912329673768,-0.18314261734485627,0.1334705352783203,0.991025984287262,-0.007287189364433289,0.18246497213840486,-0.01734565943479538,0.9830593466758728],"EasingStyle":"Linear","EasingDirection":"In"},"Torso":{"Weight":1,"CFrame":[0.0019491836428642274,-0.12841176986694337,-0.14961600303649903,0.9998562932014465,-0.016776876524090768,0.0024363924749195577,0.016776850447058679,0.9585480690002441,-0.2844368815422058,0.0024365633726119997,0.2844368815422058,0.9586917757987976],"EasingStyle":"Linear","EasingDirection":"In"},"HumanoidRootPart":{"Weight":1,"CFrame":[0,0,0,1,0,0,0,1,0,0,0,1],"EasingStyle":"Linear","EasingDirection":"In"},"Left Arm":{"Weight":1,"CFrame":[0.017765775322914125,0.16683930158615113,0.11652612686157227,-0.8070738315582275,0.455669641494751,-0.37549594044685366,-0.4533185064792633,-0.8856723308563232,-0.10043347626924515,-0.378330796957016,0.08916189521551132,0.9213663935661316],"EasingStyle":"Linear","EasingDirection":"In"}}},{"Time":0.1666666716337204,"poses":{"Left Leg":{"Weight":1,"CFrame":[-0.23940639197826386,0.13496911525726319,0.017935752868652345,0.9883115291595459,0.12423320859670639,0.08835424482822418,-0.1283303201198578,0.9908295273780823,0.0422888845205307,-0.08229032158851624,-0.0531330406665802,0.9951910376548767],"EasingStyle":"Linear","EasingDirection":"In"},"Right Arm":{"Weight":1,"CFrame":[0.05377301946282387,0.36462146043777468,0.04698026180267334,-0.9359569549560547,-0.28087514638900759,0.21235327422618867,0.28064215183258059,-0.9592829346656799,-0.03187950327992439,0.2126609981060028,0.029757365584373475,0.976672887802124],"EasingStyle":"Linear","EasingDirection":"In"},"Head":{"Weight":1,"CFrame":[8.754432201385498e-8,8.236384019255638e-9,0,0.9982408881187439,0.05888748541474342,-0.006892434787005186,-0.056726887822151187,0.9824274182319641,0.17781609296798707,0.01724245958030224,-0.17711229622364045,0.9840396046638489],"EasingStyle":"Linear","EasingDirection":"In"},"Right Leg":{"Weight":1,"CFrame":[0.2019922435283661,0.1207205057144165,0.04658615589141846,0.9770641326904297,-0.10187612473964691,-0.18699438869953156,0.10502025485038758,0.9944457411766052,0.006958893500268459,0.18524686992168427,-0.02643752284348011,0.9823363423347473],"EasingStyle":"Linear","EasingDirection":"In"},"Torso":{"Weight":1,"CFrame":[0.0017066062428057194,-0.04458606243133545,-0.08398318290710449,0.9997730255126953,-0.021197833120822908,0.002133171074092388,0.021197814494371415,0.9797233939170837,-0.19923080503940583,0.0021333438344299795,0.19923080503940583,0.9799503684043884],"EasingStyle":"Linear","EasingDirection":"In"},"HumanoidRootPart":{"Weight":1,"CFrame":[0,0,0,1,0,0,0,1,0,0,0,1],"EasingStyle":"Linear","EasingDirection":"In"},"Left Arm":{"Weight":1,"CFrame":[0.028114909306168557,0.32660138607025149,0.09260368347167969,-0.9110608100891113,0.2946149408817291,-0.2883927524089813,-0.29419293999671938,-0.9546452760696411,-0.04585844278335571,-0.28882330656051638,0.04306314140558243,0.9564135074615479],"EasingStyle":"Linear","EasingDirection":"In"}}},{"Time":0.20000000298023225,"poses":{"Left Leg":{"Weight":1,"CFrame":[-0.1615525484085083,0.07584762573242188,0.011754393577575684,0.9944925308227539,0.06495849043130875,0.08225005865097046,-0.06940168887376785,0.9962136149406433,0.052363570779561999,-0.07853721082210541,-0.05778346210718155,0.9952352046966553],"EasingStyle":"Linear","EasingDirection":"In"},"Right Arm":{"Weight":1,"CFrame":[0.061463791877031329,0.48649537563323977,0.022454500198364259,-0.9909676313400269,-0.12837880849838258,0.03875833377242088,0.12834428250789643,-0.991723895072937,-0.0033859694376587869,0.03887223079800606,0.001618952606804669,0.999242901802063],"EasingStyle":"Linear","EasingDirection":"In"},"Head":{"Weight":1,"CFrame":[8.69622454047203e-8,1.4690158423036337e-8,-1.1920928955078126e-7,0.9993358254432678,0.0350329726934433,-0.010035431012511254,-0.03377658873796463,0.9938110113143921,0.10582500696182251,0.013680683448910714,-0.10541575402021408,0.9943342208862305],"EasingStyle":"Linear","EasingDirection":"In"},"Right Leg":{"Weight":1,"CFrame":[0.12401360273361206,0.06535464525222779,0.03122115135192871,0.9814105033874512,-0.03929482772946358,-0.18785469233989716,0.04502361640334129,0.9986389875411987,0.02632543444633484,0.18656465411186219,-0.03429397568106651,0.9818440675735474],"EasingStyle":"Linear","EasingDirection":"In"},"Torso":{"Weight":1,"CFrame":[0.0009536391589790583,0.02043592929840088,-0.03875875473022461,0.9997333884239197,-0.02306344546377659,0.0011919618118554354,0.02306343801319599,0.9944054484367371,-0.10308215767145157,0.0011921362020075322,0.10308214277029038,0.9946722388267517],"EasingStyle":"Linear","EasingDirection":"In"},"HumanoidRootPart":{"Weight":1,"CFrame":[0,0,0,1,0,0,0,1,0,0,0,1],"EasingStyle":"Linear","EasingDirection":"In"},"Left Arm":{"Weight":1,"CFrame":[0.0360611155629158,0.46046823263168337,0.03997373580932617,-0.9874112606048584,0.13815838098526,-0.0770149976015091,-0.13809853792190553,-0.9903995990753174,-0.006128672976046801,-0.07712237536907196,0.0045840684324502949,0.997011125087738],"EasingStyle":"Linear","EasingDirection":"In"}}},{"Time":0.23333333432674409,"poses":{"Left Leg":{"Weight":1,"CFrame":[-0.08817051351070404,0.0463411808013916,0.007090330123901367,0.9965327978134155,0.01282515749335289,0.08220694959163666,-0.01784803904592991,0.9979990124702454,0.060659561306238177,-0.08126450330018997,-0.06191643700003624,0.9947675466537476],"EasingStyle":"Linear","EasingDirection":"In"},"Right Arm":{"Weight":1,"CFrame":[0.065282441675663,0.5650830268859863,-0.0020713210105895998,-0.9915758371353149,-0.017709707841277124,-0.12831152975559236,0.017799176275730134,-0.9998415112495422,0.000448877748567611,-0.12829913198947907,-0.0018388086464256049,0.9917339086532593],"EasingStyle":"Linear","EasingDirection":"In"},"Head":{"Weight":1,"CFrame":[8.734059520065785e-8,-1.9125764083582909e-8,1.1920928955078126e-7,0.9998762607574463,0.010956201702356339,-0.011292713694274426,-0.010576939210295678,0.9993956089019775,0.033114515244960788,0.011648698709905148,-0.03299097344279289,0.9993878602981567],"EasingStyle":"Linear","EasingDirection":"In"},"Right Leg":{"Weight":1,"CFrame":[0.05415685847401619,0.038598060607910159,0.017435550689697267,0.9831154346466065,0.01087162271142006,-0.1826634407043457,-0.0031800400465726854,0.9990978837013245,0.04234840348362923,0.18295907974243165,-0.04105251654982567,0.9822630286216736],"EasingStyle":"Linear","EasingDirection":"In"},"Torso":{"Weight":1,"CFrame":[0.0002417716314084828,0.051689840853214267,-0.01625370979309082,0.9998096823692322,-0.01950782537460327,0.0003021271841134876,0.019507823511958123,0.9993298053741455,-0.03097354806959629,0.0003023019526153803,0.03097354620695114,0.9995201826095581],"EasingStyle":"Linear","EasingDirection":"In"},"HumanoidRootPart":{"Weight":1,"CFrame":[0,0,0,1,0,0,0,1,0,0,0,1],"EasingStyle":"Linear","EasingDirection":"In"},"Left Arm":{"Weight":1,"CFrame":[0.041156843304634097,0.5524873733520508,-0.012655913829803467,-0.9914332032203674,0.021971698850393297,0.1287536472082138,-0.021990912035107614,-0.9997574090957642,0.001273088390007615,0.12875033915042878,-0.0015692635206505657,0.9916757941246033],"EasingStyle":"Linear","EasingDirection":"In"}}},{"Time":0.2666666805744171,"poses":{"Left Leg":{"Weight":1,"CFrame":[-0.05559799075126648,0.038325369358062747,0.005414485931396484,0.9955234527587891,-0.03482501581311226,0.08786571770906449,0.02901909500360489,0.9973636865615845,0.06651041656732559,-0.08995033800601959,-0.06366286426782608,0.9939095377922058],"EasingStyle":"Linear","EasingDirection":"In"},"Right Arm":{"Weight":1,"CFrame":[0.06631417572498322,0.5929334163665772,-0.013219356536865235,-0.9794189929962158,0.02889234945178032,-0.19975917041301728,-0.0289771631360054,-0.9995770454406738,-0.0025000087916851045,-0.19974692165851594,0.00333979818969965,0.9798418283462524],"EasingStyle":"Linear","EasingDirection":"In"},"Head":{"Weight":1,"CFrame":[8.741335477679968e-8,-3.533386916387826e-9,0,0.9999400973320007,-6.34793266840461e-8,-0.010948109440505505,6.258779450263319e-8,1,-5.3129049604194736e-8,0.010948107577860356,5.2965170027619027e-8,0.9999401569366455],"EasingStyle":"Linear","EasingDirection":"In"},"Right Leg":{"Weight":1,"CFrame":[0.026416968554258348,0.03186345100402832,0.011374592781066895,0.9835085272789002,0.051324307918548587,-0.17342643439769746,-0.04283588007092476,0.9977102279663086,0.05234122648835182,0.17571572959423066,-0.04404923692345619,0.9834550023078919],"EasingStyle":"Linear","EasingDirection":"In"},"Torso":{"Weight":1,"CFrame":[-0.00005005014827474952,0.05804228037595749,-0.010179996490478516,0.9999332427978516,-0.011563344858586789,-0.00006265009142225608,0.011563345789909363,0.9998747110366821,0.010820183902978897,-0.00006247526471270248,-0.010820185765624047,0.9999414682388306],"EasingStyle":"Linear","EasingDirection":"In"},"HumanoidRootPart":{"Weight":1,"CFrame":[0,0,0,1,0,0,0,1,0,0,0,1],"EasingStyle":"Linear","EasingDirection":"In"},"Left Arm":{"Weight":1,"CFrame":[0.04295485466718674,0.5867055654525757,-0.03657853603363037,-0.9760172963142395,-0.025185514241456987,0.21623162925243379,0.026049872860312463,-0.9996600151062012,0.0011480494868010283,0.21612918376922608,0.0067532844841480259,0.9763414263725281],"EasingStyle":"Linear","EasingDirection":"In"}}},{"Time":0.30000001192092898,"poses":{"Left Leg":{"Weight":1,"CFrame":[-0.1169159784913063,0.04148411750793457,0.011801838874816895,0.9905422329902649,-0.09888609498739243,0.0951186940073967,0.09249677509069443,0.9932918548583984,0.06939491629600525,-0.10134284943342209,-0.05994043126702309,0.9930441975593567],"EasingStyle":"Linear","EasingDirection":"In"},"Right Arm":{"Weight":1,"CFrame":[0.05494443699717522,0.5899051427841187,-0.008711397647857666,-0.9785401225090027,0.03411750867962837,-0.20321227610111237,-0.03947939723730087,-0.9989694952964783,0.02238929085433483,-0.20223897695541383,0.02993142604827881,0.9788787364959717],"EasingStyle":"Linear","EasingDirection":"In"},"Head":{"Weight":1,"CFrame":[8.738788892515004e-8,-1.2940944316142123e-8,2.384185791015625e-7,0.9999465942382813,-6.381537076549648e-8,-0.010341428220272065,6.365008431430397e-8,1,-4.51727828476578e-8,0.010341426357626915,4.6939028663928187e-8,0.9999465346336365],"EasingStyle":"Linear","EasingDirection":"In"},"Right Leg":{"Weight":1,"CFrame":[0.08839605003595352,0.03544813394546509,0.020585060119628907,0.9806112051010132,0.1055324524641037,-0.16511988639831544,-0.0975160151720047,0.9936601519584656,0.055948007851839069,0.16997745633125306,-0.03876146674156189,0.9846853613853455],"EasingStyle":"Linear","EasingDirection":"In"},"Torso":{"Weight":1,"CFrame":[-0.00003506649227347225,0.05494764819741249,-0.01914238929748535,0.9999935626983643,-0.0036132282111793758,-0.00004392053233459592,0.003613230772316456,0.9996991753578186,0.024258926510810853,-0.00004374571653897874,-0.024258926510810853,0.9997057318687439],"EasingStyle":"Linear","EasingDirection":"In"},"HumanoidRootPart":{"Weight":1,"CFrame":[0,0,0,1,0,0,0,1,0,0,0,1],"EasingStyle":"Linear","EasingDirection":"In"},"Left Arm":{"Weight":1,"CFrame":[0.04255044832825661,0.5836777687072754,-0.035056233406066897,-0.9748645424842835,-0.029103931039571763,0.22088958323001862,0.03467462211847305,-0.9991699457168579,0.021383386105298997,0.22008387744426728,0.02850504405796528,0.9750643968582153],"EasingStyle":"Linear","EasingDirection":"In"}}},{"Time":0.3333333432674408,"poses":{"Left Leg":{"Weight":1,"CFrame":[-0.23368234932422639,0.05546540021896362,0.02310812473297119,0.9806236624717712,-0.16902638971805573,0.099031962454319,0.16250227391719819,0.9841747283935547,0.07066269218921662,-0.10940864682197571,-0.053200580179691318,0.9925721287727356],"EasingStyle":"Linear","EasingDirection":"In"},"Right Arm":{"Weight":1,"CFrame":[0.027411604300141336,0.5687087774276733,0.0031734704971313478,-0.976920485496521,0.033066198229789737,-0.21102860569953919,-0.04889930412173271,-0.9963297843933106,0.07025506347417832,-0.2079310417175293,0.07895264029502869,0.9749518632888794],"EasingStyle":"Linear","EasingDirection":"In"},"Head":{"Weight":1,"CFrame":[8.742274815176643e-8,8.381903171539307e-9,-5.960464477539063e-8,0.9999532103538513,-6.377484140784873e-8,-0.009673822671175003,6.359153559287734e-8,1,-2.0507116005319405e-8,0.009673822671175003,2.235175067255568e-8,0.9999532699584961],"EasingStyle":"Linear","EasingDirection":"In"},"Right Leg":{"Weight":1,"CFrame":[0.2045457661151886,0.04972332715988159,0.038242340087890628,0.9719694256782532,0.1705980747938156,-0.16177710890769959,-0.1634635031223297,0.9849284887313843,0.056530799716711047,0.16898299753665925,-0.02850162610411644,0.9852067828178406],"EasingStyle":"Linear","EasingDirection":"In"},"Torso":{"Weight":1,"CFrame":[1.7042672828537776e-11,0.05232425406575203,-0.04822063446044922,1,1.8624015662993543e-9,-8.740148160768513e-8,1.3733281178929247e-10,0.9997384548187256,0.022874293848872186,8.742120627402983e-8,-0.022874293848872186,0.9997384548187256],"EasingStyle":"Linear","EasingDirection":"In"},"HumanoidRootPart":{"Weight":1,"CFrame":[0,0,0,1,0,0,0,1,0,0,0,1],"EasingStyle":"Linear","EasingDirection":"In"},"Left Arm":{"Weight":1,"CFrame":[0.04158608987927437,0.5624806880950928,-0.030882179737091066,-0.97235107421875,-0.028750145807862283,0.23174744844436646,0.04256574437022209,-0.9975876808166504,0.05483614280819893,0.2296118438243866,0.06318440288305283,0.9712292551994324],"EasingStyle":"Linear","EasingDirection":"In"}}},{"Time":0.36666667461395266,"poses":{"Left Leg":{"Weight":1,"CFrame":[-0.3642526865005493,0.08510947227478028,0.033921122550964358,0.9670566320419312,-0.2345617115497589,0.0989062488079071,0.22817382216453553,0.9709733128547669,0.07174627482891083,-0.11286429315805435,-0.04681486263871193,0.9925070405006409],"EasingStyle":"Linear","EasingDirection":"In"},"Right Arm":{"Weight":1,"CFrame":[-0.006419696379452944,0.5111762285232544,0.019976139068603517,-0.9752155542373657,0.03155597671866417,-0.21899503469467164,-0.05440019071102142,-0.99359130859375,0.09908034652471543,-0.21446499228477479,0.10853800922632218,0.9706824421882629],"EasingStyle":"Linear","EasingDirection":"In"},"Head":{"Weight":1,"CFrame":[8.742063073441386e-8,-8.5734956911665e-9,1.1920928955078126e-7,0.9999597668647766,-6.426714094232011e-8,-0.0089720468968153,6.360642146319151e-8,1,-1.0178973752772436e-7,0.00897204503417015,1.0058025168291351e-7,0.9999597668647766],"EasingStyle":"Linear","EasingDirection":"In"},"Right Leg":{"Weight":1,"CFrame":[0.3314664661884308,0.07892614603042603,0.0582582950592041,0.9579923152923584,0.23544494807720185,-0.16375696659088136,-0.2291574776172638,0.9717450141906738,0.05655563995242119,0.17244578897953034,-0.01665378361940384,0.9848782420158386],"EasingStyle":"Linear","EasingDirection":"In"},"Torso":{"Weight":1,"CFrame":[-0.00000623147570877336,0.04435204714536667,-0.09992814064025879,0.9999994039535523,-0.0011819717474281788,-0.000007876767995185219,0.001181972911581397,0.9999125599861145,0.013179684057831765,-0.0000077019312811899,-0.013179685920476914,0.9999131560325623],"EasingStyle":"Linear","EasingDirection":"In"},"HumanoidRootPart":{"Weight":1,"CFrame":[0,0,0,1,0,0,0,1,0,0,0,1],"EasingStyle":"Linear","EasingDirection":"In"},"Left Arm":{"Weight":1,"CFrame":[0.040435053408145908,0.5049484968185425,-0.024645686149597169,-0.9694402813911438,-0.027986884117126466,0.24372577667236329,0.04765097796916962,-0.996032178401947,0.07516243308782578,0.2406551092863083,0.08447922021150589,0.9669273495674133],"EasingStyle":"Linear","EasingDirection":"In"}}},{"Time":0.4000000059604645,"poses":{"Left Leg":{"Weight":1,"CFrame":[-0.47939881682395937,0.1357356309890747,0.04151904582977295,0.9567490816116333,-0.2737328112125397,0.09849737584590912,0.26753002405166628,0.9608765840530396,0.07172046601772309,-0.11427609622478485,-0.04226747900247574,0.9925495386123657],"EasingStyle":"Linear","EasingDirection":"In"},"Right Arm":{"Weight":1,"CFrame":[-0.03668488934636116,0.36226367950439455,0.0392378568649292,-0.9741039276123047,-0.054789990186691287,-0.21936193108558656,0.050975725054740909,-0.9984347820281982,0.023014415055513383,-0.2202795147895813,0.011236212216317654,0.9753720760345459],"EasingStyle":"Linear","EasingDirection":"In"},"Head":{"Weight":1,"CFrame":[8.743518264964223e-8,-2.0719568283311675e-9,1.1920928955078126e-7,0.9999659061431885,-6.373966243700124e-8,-0.008262868970632553,6.330810720100999e-8,1,1.53377204270555e-8,0.008262868970632553,-1.632505330917411e-8,0.9999659061431885],"EasingStyle":"Linear","EasingDirection":"In"},"Right Leg":{"Weight":1,"CFrame":[0.44228851795196535,0.12768763303756715,0.07663309574127197,0.9464304447174072,0.27555009722709658,-0.16834907233715058,-0.2702382206916809,0.9612694978713989,0.05415099486708641,0.17675018310546876,-0.005755838472396135,0.9842389822006226],"EasingStyle":"Linear","EasingDirection":"In"},"Torso":{"Weight":1,"CFrame":[0.00002102707003359683,0.02345622330904007,-0.1669936180114746,0.9999920129776001,-0.00400050962343812,0.000026196419639745728,0.004000508692115545,0.9999056458473206,-0.013139626011252404,0.000026371257263235749,0.013139626011252404,0.9999136924743652],"EasingStyle":"Linear","EasingDirection":"In"},"HumanoidRootPart":{"Weight":1,"CFrame":[0,0,0,1,0,0,0,1,0,0,0,1],"EasingStyle":"Linear","EasingDirection":"In"},"Left Arm":{"Weight":1,"CFrame":[0.03947067633271217,0.37000763416290285,-0.01693594455718994,-0.9666357040405273,0.060628361999988559,0.24887695908546449,-0.06366364657878876,-0.9979627132415772,-0.004157098010182381,0.24811789393424989,-0.01986285112798214,0.9685261845588684],"EasingStyle":"Linear","EasingDirection":"In"}}},{"Time":0.4333333373069763,"poses":{"Left Leg":{"Weight":1,"CFrame":[-0.5451230406761169,0.20194315910339356,0.04421234130859375,0.9603128433227539,-0.2606961131095886,0.09918121248483658,0.25478529930114748,0.9645734429359436,0.06842965632677078,-0.11350696533918381,-0.04044393077492714,0.9927137494087219],"EasingStyle":"Linear","EasingDirection":"In"},"Right Arm":{"Weight":1,"CFrame":[-0.05351933091878891,0.15577620267868043,0.05849957466125488,-0.96796053647995,-0.12727029621601106,-0.21645933389663697,0.16051460802555085,-0.9765280485153198,-0.1436244696378708,-0.1930994838476181,-0.17376773059368134,0.9656695127487183],"EasingStyle":"Linear","EasingDirection":"In"},"Head":{"Weight":1,"CFrame":[8.739880286157131e-8,7.061771611915901e-9,-2.384185791015625e-7,0.9999305605888367,-0.008912544697523117,-0.007709040306508541,0.009143754839897156,0.9994931221008301,0.03049642965197563,0.007433330174535513,-0.030564801767468454,0.9995051622390747],"EasingStyle":"Linear","EasingDirection":"In"},"Right Leg":{"Weight":1,"CFrame":[0.5045821070671082,0.1904442310333252,0.08886146545410156,0.9484763741493225,0.26448774337768557,-0.17446748912334443,-0.2603774964809418,0.9643881916999817,0.04646699130535126,0.1805444061756134,0.0013544970424845815,0.9835659861564636],"EasingStyle":"Linear","EasingDirection":"In"},"Torso":{"Weight":1,"CFrame":[0.0001895095920190215,-0.01637744903564453,-0.22483110427856446,0.9999729990959168,-0.007357198279350996,0.00023679954756516963,0.007357193622738123,0.9979016780853272,-0.06432840973138809,0.0002369741996517405,0.0643284022808075,0.9979288578033447],"EasingStyle":"Linear","EasingDirection":"In"},"HumanoidRootPart":{"Weight":1,"CFrame":[0,0,0,1,0,0,0,1,0,0,0,1],"EasingStyle":"Linear","EasingDirection":"In"},"Left Arm":{"Weight":1,"CFrame":[0.03906625881791115,0.1987001895904541,-0.008342385292053223,-0.9577425122261047,0.1335085928440094,0.25476428866386416,-0.1804017573595047,-0.9686945080757141,-0.17054709792137147,0.22401927411556245,-0.2093001753091812,0.9518450498580933],"EasingStyle":"Linear","EasingDirection":"In"}}},{"Time":0.46666666865348818,"poses":{"Left Leg":{"Weight":1,"CFrame":[-0.4892158508300781,0.3403698801994324,0.0406949520111084,0.9942424297332764,-0.016890015453100206,0.10581542551517487,0.012403059750795365,0.999001681804657,0.042918525636196139,-0.10643472522497177,-0.04135895520448685,0.993459165096283],"EasingStyle":"Linear","EasingDirection":"In"},"Right Arm":{"Weight":1,"CFrame":[-0.05832619592547417,-0.011462122201919556,0.0753023624420166,-0.9759049415588379,-0.09509994089603424,-0.19638118147850038,0.1500180959701538,-0.9459894299507141,-0.28739985823631289,-0.15844285488128663,-0.30993571877479555,0.9374624490737915],"EasingStyle":"Linear","EasingDirection":"In"},"Head":{"Weight":1,"CFrame":[8.684583008289337e-8,2.2391759557649494e-8,0,0.9995596408843994,-0.02848655916750431,-0.008320152759552002,0.02916204370558262,0.9948202967643738,0.09737642109394074,0.005503138992935419,-0.09757615625858307,0.9952129125595093],"EasingStyle":"Linear","EasingDirection":"In"},"Right Leg":{"Weight":1,"CFrame":[0.4515593349933624,0.3205214738845825,0.08928275108337403,0.9834856986999512,0.023776406422257425,-0.17941753566265107,-0.023427700623869897,0.9997173547744751,0.004062457010149956,0.1794634759426117,0.00020790887356270105,0.9837646484375],"EasingStyle":"Linear","EasingDirection":"In"},"Torso":{"Weight":1,"CFrame":[0.0010577242355793715,-0.13231009244918824,-0.2708854675292969,0.999949038028717,-0.010008682496845723,0.0013220682740211487,0.010008660145103932,0.9656472206115723,-0.2596637010574341,0.0013222399866208435,0.2596636712551117,0.9656983017921448],"EasingStyle":"Linear","EasingDirection":"In"},"HumanoidRootPart":{"Weight":1,"CFrame":[0,0,0,1,0,0,0,1,0,0,0,1],"EasingStyle":"Linear","EasingDirection":"In"},"Left Arm":{"Weight":1,"CFrame":[0.04256906360387802,0.07480156421661377,0.0005459785461425781,-0.9668242931365967,0.10004257410764694,0.23503665626049043,-0.17078104615211488,-0.9373990893363953,-0.30350765585899355,0.18995940685272218,-0.3335784077644348,0.9233856201171875],"EasingStyle":"Linear","EasingDirection":"In"}}},{"Time":0.5,"poses":{"Left Leg":{"Weight":1,"CFrame":[-0.47026634216308596,0.32285529375076296,0.03777754306793213,0.9947409629821777,0.001475709374062717,0.10241299122571945,-0.005850468762218952,0.9990823864936829,0.04242933169007301,-0.10225643962621689,-0.04280534014105797,0.9938367605209351],"EasingStyle":"Linear","EasingDirection":"In"},"Right Arm":{"Weight":1,"CFrame":[-0.060097262263298038,-0.11576595902442932,0.08718740940093994,-0.9828951954841614,-0.06508833914995194,-0.17228057980537415,0.12696442008018495,-0.917112410068512,-0.37786880135536196,-0.13340583443641663,-0.39327898621559145,0.9096892476081848],"EasingStyle":"Linear","EasingDirection":"In"},"Head":{"Weight":1,"CFrame":[8.777715265750885e-8,1.592507032910362e-7,1.1920928955078126e-7,0.9987995028495789,-0.047890979796648028,-0.010304717347025872,0.048932090401649478,0.9853189587593079,0.1635613739490509,0.002320318715646863,-0.1638692319393158,0.9864794015884399],"EasingStyle":"Linear","EasingDirection":"In"},"Right Leg":{"Weight":1,"CFrame":[0.43222352862358096,0.30323952436447146,0.08556032180786133,0.9838895201683044,0.006806256715208292,-0.1786482185125351,-0.006271022837609053,0.9999740719795227,0.0035607023164629938,0.1786678582429886,-0.0023830849677324297,0.9839065670967102],"EasingStyle":"Linear","EasingDirection":"In"},"Torso":{"Weight":1,"CFrame":[0.0010900292545557023,-0.07701295614242554,-0.24932098388671876,0.9999364614486694,-0.011199499480426312,0.001362449023872614,0.011199478060007096,0.9707666039466858,-0.23976442217826844,0.0013626213185489178,0.23976442217826844,0.9708302617073059],"EasingStyle":"Linear","EasingDirection":"In"},"HumanoidRootPart":{"Weight":1,"CFrame":[0,0,0,1,0,0,0,1,0,0,0,1],"EasingStyle":"Linear","EasingDirection":"In"},"Left Arm":{"Weight":1,"CFrame":[0.04907451942563057,-0.0028297007083892824,0.009139537811279297,-0.9769085049629211,0.07096373289823532,0.20152880251407624,-0.14370585978031159,-0.916235089302063,-0.37398114800453188,0.1581086367368698,-0.39430639147758486,0.9052757620811462],"EasingStyle":"Linear","EasingDirection":"In"}}},{"Time":0.5333333611488342,"poses":{"Left Leg":{"Weight":1,"CFrame":[-0.439809113740921,0.2531515955924988,0.03819906711578369,0.9938861727714539,-0.03218149021267891,0.10561598092317581,0.02735506370663643,0.9985281825065613,0.046832554042339328,-0.10696772485971451,-0.0436570905148983,0.993303656578064],"EasingStyle":"Linear","EasingDirection":"In"},"Right Arm":{"Weight":1,"CFrame":[-0.060350142419338229,-0.1517343819141388,0.09169518947601319,-0.985774576663971,-0.05403881520032883,-0.15914839506149293,0.1175580844283104,-0.8984230160713196,-0.42310288548469546,-0.12011867761611939,-0.435793399810791,0.8919954299926758],"EasingStyle":"Linear","EasingDirection":"In"},"Head":{"Weight":1,"CFrame":[8.754432201385498e-8,-2.6695943233789877e-8,0,0.9983295202255249,-0.05663808435201645,-0.011419565416872502,0.057777345180511478,0.9794384241104126,0.19329331815242768,0.00023699930170550942,-0.19363021850585938,0.9810745716094971],"EasingStyle":"Linear","EasingDirection":"In"},"Right Leg":{"Weight":1,"CFrame":[0.4052669107913971,0.2371777892112732,0.07549750804901123,0.9843275547027588,0.035742055624723437,-0.17268994450569154,-0.03392965346574783,0.999333918094635,0.013436734676361084,0.1730552762746811,-0.007366909179836512,0.9848846793174744],"EasingStyle":"Linear","EasingDirection":"In"},"Torso":{"Weight":1,"CFrame":[0.0004178101662546396,-0.04490768909454346,-0.19521212577819825,0.9999849200248718,-0.005465315654873848,0.0005221752799116075,0.005465298891067505,0.9818871021270752,-0.18938806653022767,0.0005223485641181469,0.18938806653022767,0.9819021821022034],"EasingStyle":"Linear","EasingDirection":"In"},"HumanoidRootPart":{"Weight":1,"CFrame":[0,0,0,1,0,0,0,1,0,0,0,1],"EasingStyle":"Linear","EasingDirection":"In"},"Left Arm":{"Weight":1,"CFrame":[0.052577197551727298,-0.05656328797340393,0.016849040985107423,-0.9810477495193481,0.058957479894161227,0.18457883596420289,-0.1289992332458496,-0.9095266461372376,-0.395120769739151,0.14458398520946504,-0.4114430844783783,0.899894654750824],"EasingStyle":"Linear","EasingDirection":"In"}}},{"Time":0.5666666626930237,"poses":{"Left Leg":{"Weight":1,"CFrame":[-0.3739740252494812,0.16664999723434449,0.03856062889099121,0.9905093312263489,-0.07495765388011933,0.11520660668611527,0.06918933987617493,0.9961795806884766,0.053283270448446277,-0.11876049637794495,-0.04480651766061783,0.9919114112854004],"EasingStyle":"Linear","EasingDirection":"In"},"Right Arm":{"Weight":1,"CFrame":[-0.05926191806793213,-0.1482161581516266,0.08969759941101074,-0.9769057631492615,-0.12928612530231477,-0.17011809349060059,0.18384753167629243,-0.9143057465553284,-0.3608947992324829,-0.10888126492500305,-0.38383612036705019,0.9169595837593079],"EasingStyle":"Linear","EasingDirection":"In"},"Head":{"Weight":1,"CFrame":[8.702045306563378e-8,8.33879312267527e-8,2.384185791015625e-7,0.998624861240387,-0.051505669951438907,-0.009779352694749833,0.05241191014647484,0.9851384162902832,0.163570836186409,0.0012091902317479253,-0.16385844349861146,0.9864832162857056],"EasingStyle":"Linear","EasingDirection":"In"},"Right Leg":{"Weight":1,"CFrame":[0.34945398569107058,0.15633553266525269,0.05862879753112793,0.9849371910095215,0.0682365819811821,-0.15887877345085145,-0.06478527933359146,0.9975391030311585,0.026808390393853189,0.16031715273857118,-0.016111642122268678,0.9869340658187866],"EasingStyle":"Linear","EasingDirection":"In"},"Torso":{"Weight":1,"CFrame":[-0.0003735707141458988,-0.011189669370651245,-0.129011869430542,0.9999712109565735,0.007577105890959501,-0.00046705076238140464,-0.007577116601169109,0.9924039840698242,-0.12278828024864197,-0.0004668765759561211,0.12278828024864197,0.9924327731132507],"EasingStyle":"Linear","EasingDirection":"In"},"HumanoidRootPart":{"Weight":1,"CFrame":[0,0,0,1,0,0,0,1,0,0,0,1],"EasingStyle":"Linear","EasingDirection":"In"},"Left Arm":{"Weight":1,"CFrame":[0.0455915667116642,-0.1033865213394165,0.023085474967956544,-0.9614521265029907,0.11506445705890656,0.2497399002313614,-0.19405177235603333,-0.9274109601974487,-0.3197700083255768,0.19481734931468965,-0.3559059500694275,0.9139897227287293],"EasingStyle":"Linear","EasingDirection":"In"}}},{"Time":0.6000000238418579,"poses":{"Left Leg":{"Weight":1,"CFrame":[-0.273975133895874,0.09392613172531128,0.033747076988220218,0.9864383935928345,-0.10624337941408158,0.12510667741298676,0.0992455706000328,0.9931966662406921,0.060915276408195499,-0.13072742521762849,-0.04767286032438278,0.9902715682983398],"EasingStyle":"Linear","EasingDirection":"In"},"Right Arm":{"Weight":1,"CFrame":[-0.056856781244277957,-0.12359154224395752,0.08409619331359863,-0.9427826404571533,-0.28401780128479006,-0.17462830245494843,0.3121703267097473,-0.935908854007721,-0.16316981613636018,-0.11709306389093399,-0.20834757387638093,0.9710204005241394],"EasingStyle":"Linear","EasingDirection":"In"},"Head":{"Weight":1,"CFrame":[8.783536031842232e-8,-1.2447344488464296e-8,-1.1920928955078126e-7,0.999238133430481,-0.038367390632629397,-0.007151326630264521,0.03888201713562012,0.9944843053817749,0.09741336107254029,0.003374384716153145,-0.09761720895767212,0.9952183961868286],"EasingStyle":"Linear","EasingDirection":"In"},"Right Leg":{"Weight":1,"CFrame":[0.2627120018005371,0.08814030885696411,0.04022419452667236,0.9855428338050842,0.0900786742568016,-0.14349667727947236,-0.08522301912307739,0.9955728650093079,0.03964570164680481,0.1464327573776245,-0.026843348518013955,0.9888563752174377],"EasingStyle":"Linear","EasingDirection":"In"},"Torso":{"Weight":1,"CFrame":[-0.0004727219929918647,0.019375190138816835,-0.0707254409790039,0.999772310256958,0.021334609016776086,-0.0005909900064580143,-0.021334616467356683,0.9982393383979797,-0.05534503608942032,-0.000590815267059952,0.05534503236413002,0.998467206954956],"EasingStyle":"Linear","EasingDirection":"In"},"HumanoidRootPart":{"Weight":1,"CFrame":[0,0,0,1,0,0,0,1,0,0,0,1],"EasingStyle":"Linear","EasingDirection":"In"},"Left Arm":{"Weight":1,"CFrame":[0.029623160138726236,-0.13875848054885865,0.0272597074508667,-0.8983884453773499,0.2490905523300171,0.3617348074913025,-0.30614370107650759,-0.9457122683525086,-0.10910724848508835,0.3149194121360779,-0.20876359939575196,0.9258745908737183],"EasingStyle":"Linear","EasingDirection":"In"}}},{"Time":0.6333333253860474,"poses":{"Left Leg":{"Weight":1,"CFrame":[-0.16415585577487946,0.053048670291900638,0.02361440658569336,0.9847912192344666,-0.11425445228815079,0.1308898627758026,0.10612043738365174,0.9920567870140076,0.06754076480865479,-0.13756707310676576,-0.052623502910137179,0.989093542098999],"EasingStyle":"Linear","EasingDirection":"In"},"Right Arm":{"Weight":1,"CFrame":[-0.05442521721124649,-0.05675134062767029,0.07547926902770996,-0.9142780303955078,-0.3807404041290283,-0.13