{"Sequence":[{"Time":0,"poses":{"Left Leg":{"Weight":1,"CFrame":[-0.6195451021194458,0.5784822702407837,0.004545331001281738,0.9585415124893189,0.28488820791244509,0.006068638525903225,-0.2849518060684204,0.9583798050880432,0.017628688365221025,-0.000793889572378248,-0.018627097830176355,0.999826192855835],"EasingStyle":"Linear","EasingDirection":"In"},"Right Arm":{"Weight":1,"CFrame":[0.8717083930969238,-0.3991091847419739,-0.19101369380950929,-0.9144189357757568,-0.20677003264427186,0.34797176718711855,0.40475451946258547,-0.459765762090683,0.7904360294342041,-0.003452906385064125,0.86363285779953,0.5041095614433289],"EasingStyle":"Linear","EasingDirection":"In"},"Head":{"Weight":1,"CFrame":[9.685754776000977e-8,-1.755543053150177e-7,-1.1920928955078126e-7,0.9576007127761841,0.2791975736618042,-0.07106150686740875,-0.2578074634075165,0.9405353665351868,0.22119809687137605,0.12859384715557099,-0.19349922239780427,0.9726365208625794],"EasingStyle":"Linear","EasingDirection":"In"},"Right Leg":{"Weight":1,"CFrame":[0.49968597292900088,0.5147448182106018,0.1103140115737915,0.9357311129570007,-0.26477158069610598,-0.23303091526031495,0.2563474476337433,0.964308500289917,-0.06629636138677597,0.24226714670658112,0.0022986498661339285,0.9702068567276001],"EasingStyle":"Linear","EasingDirection":"In"},"Torso":{"Weight":1,"CFrame":[0.091659776866436,0.09765052795410156,-0.3567967414855957,0.9989266395568848,-0.03150022774934769,0.03396111726760864,0.04296552389860153,0.9040682911872864,-0.42522311210632326,-0.017308540642261506,0.4262259006500244,0.9044511914253235],"EasingStyle":"Linear","EasingDirection":"In"},"HumanoidRootPart":{"Weight":1,"CFrame":[0,0,0,1,0,0,0,1,0,0,0,1],"EasingStyle":"Linear","EasingDirection":"In"},"Left Arm":{"Weight":1,"CFrame":[-0.17839635908603669,-0.4035685658454895,0.19685566425323487,-0.26896795630455019,0.9551332592964172,-0.12400367110967636,-0.8250824213027954,-0.16207320988178254,0.5412683486938477,0.49688562750816347,0.24789704382419587,0.8316559195518494],"EasingStyle":"Linear","EasingDirection":"In"}}},{"Time":0.03333333507180214,"poses":{"Left Leg":{"Weight":1,"CFrame":[-0.6098480820655823,0.5625516772270203,0.005193352699279785,0.9543338418006897,0.2986871302127838,0.005746905691921711,-0.2987419366836548,0.9541911482810974,0.016514208167791368,-0.0005511039635166526,-0.01747692935168743,0.9998471140861511],"EasingStyle":"Linear","EasingDirection":"In"},"Right Arm":{"Weight":1,"CFrame":[0.8449256420135498,-0.39240795373916628,-0.1781957745552063,-0.8925994634628296,-0.23970463871955872,0.3818483054637909,0.44948235154151919,-0.4071910083293915,0.7950856685638428,-0.035100456327199939,0.8813269138336182,0.47120141983032229],"EasingStyle":"Linear","EasingDirection":"In"},"Head":{"Weight":1,"CFrame":[9.033828973770142e-8,1.210719347000122e-8,-5.960464477539063e-8,0.9557448029518127,0.2870384752750397,-0.06450489163398743,-0.2665649652481079,0.9376768469810486,0.22294718027114869,0.12447914481163025,-0.19588588178157807,0.9726940989494324],"EasingStyle":"Linear","EasingDirection":"In"},"Right Leg":{"Weight":1,"CFrame":[0.4988676905632019,0.5060035586357117,0.09847915172576904,0.9353727698326111,-0.27713924646377566,-0.2197083830833435,0.2713375687599182,0.9608078598976135,-0.05678299069404602,0.22683444619178773,-0.00650193402543664,0.9739116430282593],"EasingStyle":"Linear","EasingDirection":"In"},"Torso":{"Weight":1,"CFrame":[0.09149013459682465,0.09367978572845459,-0.34323787689208987,0.9989469647407532,-0.03152567520737648,0.03333331272006035,0.04281209409236908,0.9017242789268494,-0.43018653988838198,-0.016495535150170327,0.4311605989933014,0.9021244049072266],"EasingStyle":"Linear","EasingDirection":"In"},"HumanoidRootPart":{"Weight":1,"CFrame":[0,0,0,1,0,0,0,1,0,0,0,1],"EasingStyle":"Linear","EasingDirection":"In"},"Left Arm":{"Weight":1,"CFrame":[-0.17839623987674714,-0.40356841683387759,0.1968555450439453,-0.14857710897922517,0.9764973521232605,-0.1561339944601059,-0.8493010997772217,-0.04512452706694603,0.5259766578674316,0.5065693855285645,0.21075277030467988,0.8360447883605957],"EasingStyle":"Linear","EasingDirection":"In"}}},{"Time":0.06666667014360428,"poses":{"Left Leg":{"Weight":1,"CFrame":[-0.604945182800293,0.5484066605567932,0.006467938423156738,0.9523299336433411,0.305032879114151,0.004756297450512648,-0.3050697147846222,0.9522345066070557,0.013495107181370259,-0.0004126879503019154,-0.01430282648652792,0.9998976588249207],"EasingStyle":"Linear","EasingDirection":"In"},"Right Arm":{"Weight":1,"CFrame":[0.7975648045539856,-0.37474173307418826,-0.1444028615951538,-0.8293929100036621,-0.3263401687145233,0.4534420669078827,0.5474238395690918,-0.3127264678478241,0.7762277722358704,-0.11151082813739777,0.8920225501060486,0.43801945447921755],"EasingStyle":"Linear","EasingDirection":"In"},"Head":{"Weight":1,"CFrame":[8.102506399154663e-8,8.055940270423889e-8,-2.980232238769531e-7,0.9553901553153992,0.2908490300178528,-0.05134792625904083,-0.27303382754325869,0.9360529184341431,0.22194060683250428,0.11261555552482605,-0.19802016019821168,0.9737072587013245],"EasingStyle":"Linear","EasingDirection":"In"},"Right Leg":{"Weight":1,"CFrame":[0.5157872438430786,0.5116937160491943,0.07275450229644776,0.9417020678520203,-0.27995142340660097,-0.18661336600780488,0.279853880405426,0.959650993347168,-0.02741885930299759,0.18675972521305085,-0.026404112577438356,0.9820508360862732],"EasingStyle":"Linear","EasingDirection":"In"},"Torso":{"Weight":1,"CFrame":[0.09139304608106613,0.09306371212005615,-0.33341383934020998,0.999003529548645,-0.03175361081957817,0.031363751739263538,0.04218071699142456,0.9013862013816834,-0.43095672130584719,-0.014586417935788632,0.43185025453567507,0.9018273949623108],"EasingStyle":"Linear","EasingDirection":"In"},"HumanoidRootPart":{"Weight":1,"CFrame":[0,0,0,1,0,0,0,1,0,0,0,1],"EasingStyle":"Linear","EasingDirection":"In"},"Left Arm":{"Weight":1,"CFrame":[-0.1783960461616516,-0.403568834066391,0.19685542583465577,-0.07743538171052933,0.9825998544692993,-0.168823704123497,-0.8580215573310852,0.0205569826066494,0.5132022500038147,0.5077428221702576,0.1845943033695221,0.841499924659729],"EasingStyle":"Linear","EasingDirection":"In"}}},{"Time":0.10000000149011612,"poses":{"Left Leg":{"Weight":1,"CFrame":[-0.6021394729614258,0.5374975204467773,0.00841367244720459,0.9510003924369812,0.30917465686798098,0.003069754457101226,-0.3091896176338196,0.9509643912315369,0.008290192112326622,-0.0003561412449926138,-0.008833103813230992,0.9999610185623169],"EasingStyle":"Linear","EasingDirection":"In"},"Right Arm":{"Weight":1,"CFrame":[0.7350029945373535,-0.349762499332428,-0.0966266393661499,-0.7096354365348816,-0.44465571641921999,0.5465337634086609,0.6679004430770874,-0.17756038904190064,0.7227595448493958,-0.22433637082576753,0.8779257535934448,0.42298877239227297],"EasingStyle":"Linear","EasingDirection":"In"},"Head":{"Weight":1,"CFrame":[9.499490261077881e-8,-9.778887033462525e-9,-3.5762786865234377e-7,0.9557502865791321,0.2919502556324005,-0.03614652901887894,-0.2773694396018982,0.9352487921714783,0.21994560956954957,0.09801918268203736,-0.20018716156482697,0.9748423099517822],"EasingStyle":"Linear","EasingDirection":"In"},"Right Leg":{"Weight":1,"CFrame":[0.5415005087852478,0.5280187129974365,0.03695476055145264,0.9495356678962708,-0.280164897441864,-0.14103083312511445,0.28495487570762637,0.9584300518035889,0.014581426978111267,0.13108301162719727,-0.05403300002217293,0.9898979067802429],"EasingStyle":"Linear","EasingDirection":"In"},"Torso":{"Weight":1,"CFrame":[0.09228695929050446,0.09244430065155029,-0.3278164863586426,0.9990912675857544,-0.03187245875597,0.028299078345298768,0.04097417742013931,0.9010714292526245,-0.4317309260368347,-0.011739159934222699,0.43249812722206118,0.901558518409729],"EasingStyle":"Linear","EasingDirection":"In"},"HumanoidRootPart":{"Weight":1,"CFrame":[0,0,0,1,0,0,0,1,0,0,0,1],"EasingStyle":"Linear","EasingDirection":"In"},"Left Arm":{"Weight":1,"CFrame":[-0.17839613556861878,-0.4035688042640686,0.1968555450439453,-0.041820574551820758,0.985155463218689,-0.16649329662322999,-0.8636026978492737,0.048156075179576877,0.5018680691719055,0.502435564994812,0.16477236151695252,0.8487688899040222],"EasingStyle":"Linear","EasingDirection":"In"}}},{"Time":0.13333334028720857,"poses":{"Left Leg":{"Weight":1,"CFrame":[-0.5987855195999146,0.5310490131378174,0.011108875274658203,0.9486196637153626,0.316418319940567,0.0005989684723317623,-0.31641873717308047,0.9486194849014282,0.0006409722846001387,-0.0003654126194305718,-0.0007975536282174289,0.9999996423721314],"EasingStyle":"Linear","EasingDirection":"In"},"Right Arm":{"Weight":1,"CFrame":[0.6626170873641968,-0.32112500071525576,-0.04185891151428223,-0.5261549949645996,-0.5675013065338135,0.6333272457122803,0.774617612361908,-0.012532887980341912,0.6323057413101196,-0.3508968949317932,0.8232770562171936,0.44619059562683108],"EasingStyle":"Linear","EasingDirection":"In"},"Head":{"Weight":1,"CFrame":[8.754432201385498e-8,-9.406358003616333e-8,-1.1920928955078126e-7,0.9562338590621948,0.2916618883609772,-0.02345883846282959,-0.2797594368457794,0.9348083734512329,0.21878761053085328,0.08574152737855911,-0.2026493102312088,0.9754905104637146],"EasingStyle":"Linear","EasingDirection":"In"},"Right Leg":{"Weight":1,"CFrame":[0.5714513659477234,0.5555379390716553,-0.0022838711738586427,0.9554294943809509,-0.2814262807369232,-0.08918445557355881,0.2868618667125702,0.956378161907196,0.055237408727407458,0.06974887102842331,-0.07835912704467774,0.9944822788238525],"EasingStyle":"Linear","EasingDirection":"In"},"Torso":{"Weight":1,"CFrame":[0.09509343653917313,0.08848214149475098,-0.3269619941711426,0.9992032051086426,-0.03159242123365402,0.02438979037106037,0.039075955748558047,0.898766040802002,-0.4366837441921234,-0.008124818094074726,0.43728888034820559,0.8992844223976135],"EasingStyle":"Linear","EasingDirection":"In"},"HumanoidRootPart":{"Weight":1,"CFrame":[0,0,0,1,0,0,0,1,0,0,0,1],"EasingStyle":"Linear","EasingDirection":"In"},"Left Arm":{"Weight":1,"CFrame":[-0.17839637398719788,-0.40356874465942385,0.19685542583465577,-0.02841321751475334,0.9879400730133057,-0.15220831334590913,-0.8709496855735779,0.05025818571448326,0.48879531025886538,0.49055010080337527,0.14645397663116456,0.8590180277824402],"EasingStyle":"Linear","EasingDirection":"In"}}},{"Time":0.1666666716337204,"poses":{"Left Leg":{"Weight":1,"CFrame":[-0.589937150478363,0.5321531295776367,0.014694809913635254,0.9416763186454773,0.3365069627761841,-0.002974333707243204,-0.33651983737945559,0.9416263103485107,-0.00971637386828661,-0.00046895036939531565,0.01015059370547533,0.9999483823776245],"EasingStyle":"Linear","EasingDirection":"In"},"Right Arm":{"Weight":1,"CFrame":[0.5857840776443481,-0.29248329997062685,0.01290905475616455,-0.29373350739479067,-0.672455370426178,0.679356038570404,0.8404093384742737,0.15695329010486604,0.51872718334198,-0.4554479420185089,0.7233045697212219,0.519035279750824],"EasingStyle":"Linear","EasingDirection":"In"},"Head":{"Weight":1,"CFrame":[9.220093488693237e-8,1.564621925354004e-7,0,0.9564605951309204,0.29131457209587099,-0.01786120794713497,-0.28043559193611147,0.9342495203018189,0.2203037142753601,0.08086448907852173,-0.20570293068885804,0.9752678871154785],"EasingStyle":"Linear","EasingDirection":"In"},"Right Leg":{"Weight":1,"CFrame":[0.5940763354301453,0.5958395004272461,-0.03995245695114136,0.9548848867416382,-0.2941403090953827,-0.040944430977106097,0.2966763377189636,0.9510061740875244,0.08700817823410034,0.013345861807465554,-0.09523005783557892,0.9953659176826477],"EasingStyle":"Linear","EasingDirection":"In"},"Torso":{"Weight":1,"CFrame":[0.10077574104070664,0.0749441385269165,-0.3329617977142334,0.99933260679245,-0.030610216781497,0.019938552752137185,0.03632572293281555,0.8904616236686707,-0.45360612869262698,-0.0038695356342941524,0.4540276527404785,0.8909792304039002],"EasingStyle":"Linear","EasingDirection":"In"},"HumanoidRootPart":{"Weight":1,"CFrame":[0,0,0,1,0,0,0,1,0,0,0,1],"EasingStyle":"Linear","EasingDirection":"In"},"Left Arm":{"Weight":1,"CFrame":[-0.17888371646404267,-0.4044383466243744,0.188116192817688,-0.028684120625257493,0.9915808439254761,-0.12627245485782624,-0.8800103664398193,0.034862954169511798,0.47367334365844729,0.4740876257419586,0.12470792979001999,0.8716012835502625],"EasingStyle":"Linear","EasingDirection":"In"}}},{"Time":0.20000000298023225,"poses":{"Left Leg":{"Weight":1,"CFrame":[-0.5757947564125061,0.5506623983383179,0.020335674285888673,0.9298927187919617,0.36779123544692995,-0.005404151510447264,-0.36781755089759829,0.9296330809593201,-0.022194551303982736,-0.0031391209922730924,0.022626303136348726,0.9997391700744629],"EasingStyle":"Linear","EasingDirection":"In"},"Right Arm":{"Weight":1,"CFrame":[0.5098812580108643,-0.2674906551837921,0.06068527698516846,-0.04775387793779373,-0.754060685634613,0.6550664901733398,0.8632605075836182,0.29876330494880679,0.40684375166893008,-0.502494752407074,0.5849213004112244,0.6366837024688721],"EasingStyle":"Linear","EasingDirection":"In"},"Head":{"Weight":1,"CFrame":[1.0419171303510666e-7,1.955777406692505e-7,3.5762786865234377e-7,0.9569826126098633,0.28967079520225527,-0.016592083498835565,-0.2782898545265198,0.9325568079948425,0.22998379170894624,0.08209262788295746,-0.21547305583953858,0.9730530381202698],"EasingStyle":"Linear","EasingDirection":"In"},"Right Leg":{"Weight":1,"CFrame":[0.5981346964836121,0.6506999135017395,-0.07312685251235962,0.9462947845458984,-0.32322394847869875,-0.0072504570707678799,0.32194629311561587,0.9400261640548706,0.1127001941204071,-0.029611699283123018,-0.1089819148182869,0.9936025738716126],"EasingStyle":"Linear","EasingDirection":"In"},"Torso":{"Weight":1,"CFrame":[0.1081499457359314,0.05003774166107178,-0.3541078567504883,0.999534010887146,-0.026743890717625619,0.014714212156832219,0.03052430786192417,0.8741260170936585,-0.4847390949726105,0.00010173187911277637,0.4849623739719391,0.8745350241661072],"EasingStyle":"Linear","EasingDirection":"In"},"HumanoidRootPart":{"Weight":1,"CFrame":[0,0,0,1,0,0,0,1,0,0,0,1],"EasingStyle":"Linear","EasingDirection":"In"},"Left Arm":{"Weight":1,"CFrame":[-0.17995625734329225,-0.40635108947753909,0.16888976097106934,-0.0421113558113575,0.9948840737342835,-0.0918283611536026,-0.8881042003631592,0.004831264726817608,0.4596168100833893,0.45770901441574099,0.10090817511081696,0.8833572864532471],"EasingStyle":"Linear","EasingDirection":"In"}}},{"Time":0.23333333432674409,"poses":{"Left Leg":{"Weight":1,"CFrame":[-0.5601410865783691,0.5827566385269165,0.02765512466430664,0.918798565864563,0.3947203457355499,-0.0022806357592344286,-0.3945861756801605,0.9183010458946228,-0.03201542794704437,-0.01054286491125822,0.03031560778617859,0.9994847774505615],"EasingStyle":"Linear","EasingDirection":"In"},"Right Arm":{"Weight":1,"CFrame":[0.44028547406196597,-0.249801903963089,0.09447813034057617,0.16906335949897767,-0.8243556618690491,0.5402365922927856,0.866878867149353,0.3851829469203949,0.3164730668067932,-0.468976229429245,0.4148155450820923,0.7797366380691528],"EasingStyle":"Linear","EasingDirection":"In"},"Head":{"Weight":1,"CFrame":[9.220093488693237e-8,1.4621764421463014e-7,-2.384185791015625e-7,0.9583646655082703,0.2851720452308655,-0.01463314238935709,-0.2729215621948242,0.9298561215400696,0.24674180150032044,0.0839705765247345,-0.2324749231338501,0.968970775604248],"EasingStyle":"Linear","EasingDirection":"In"},"Right Leg":{"Weight":1,"CFrame":[0.5850368738174439,0.7028461694717407,-0.09419858455657959,0.9343503713607788,-0.3562942445278168,0.006623365450650454,0.35255560278892519,0.9269340634346008,0.12844377756118775,-0.05190311372280121,-0.11767639219760895,0.9916947484016419],"EasingStyle":"Linear","EasingDirection":"In"},"Torso":{"Weight":1,"CFrame":[0.10941466689109802,0.024451613426208497,-0.38613009452819826,0.9997726678848267,-0.019414382055401803,0.008814480155706406,0.02117605321109295,0.8558914661407471,-0.5167217254638672,0.0024875958915799858,0.5167909264564514,0.8561080098152161],"EasingStyle":"Linear","EasingDirection":"In"},"HumanoidRootPart":{"Weight":1,"CFrame":[0,0,0,1,0,0,0,1,0,0,0,1],"EasingStyle":"Linear","EasingDirection":"In"},"Left Arm":{"Weight":1,"CFrame":[-0.18102894723415376,-0.40826481580734255,0.14966297149658204,-0.06725580245256424,0.9961771965026856,-0.05574575439095497,-0.8932831883430481,-0.03523293882608414,0.4481114149093628,0.4444343149662018,0.07993480563163758,0.8922379016876221],"EasingStyle":"Linear","EasingDirection":"In"}}},{"Time":0.2666666805744171,"poses":{"Left Leg":{"Weight":1,"CFrame":[-0.5457866191864014,0.613440752029419,0.03477740287780762,0.9121111631393433,0.4098864495754242,0.0068186381831765179,-0.4093867540359497,0.9116135239601135,-0.03692461550235748,-0.02135089971125126,0.030887899920344354,0.9992948770523071],"EasingStyle":"Linear","EasingDirection":"In"},"Right Arm":{"Weight":1,"CFrame":[0.3823740482330322,-0.24306967854499818,0.10729610919952393,0.3099675178527832,-0.896761417388916,0.3158150017261505,0.8858200907707214,0.39304861426353457,0.2466486692428589,-0.34531569480895998,0.20330211520195008,0.916201651096344],"EasingStyle":"Linear","EasingDirection":"In"},"Head":{"Weight":1,"CFrame":[8.335337042808533e-8,-1.8579885363578797e-7,1.1920928955078126e-7,0.9602813124656677,0.27872392535209658,-0.01315129641443491,-0.26564714312553408,0.9276184439659119,0.2625942826271057,0.08539066463708878,-0.248670756816864,0.9648168087005615],"EasingStyle":"Linear","EasingDirection":"In"},"Right Leg":{"Weight":1,"CFrame":[0.5346280932426453,0.7187159061431885,-0.057109177112579349,0.9219740629196167,-0.3833070397377014,-0.055132411420345309,0.38707879185676577,0.9164282083511353,0.1016327291727066,0.011568434536457062,-0.11504337191581726,0.9932931065559387],"EasingStyle":"Linear","EasingDirection":"In"},"Torso":{"Weight":1,"CFrame":[0.10300437361001969,0.006699085235595703,-0.41501331329345705,0.9999417662620544,-0.010301067493855954,0.0032145718578249218,0.010409542359411717,0.8422975540161133,-0.5389123558998108,0.0028437459841370584,0.5389144420623779,0.8423557281494141],"EasingStyle":"Linear","EasingDirection":"In"},"HumanoidRootPart":{"Weight":1,"CFrame":[0,0,0,1,0,0,0,1,0,0,0,1],"EasingStyle":"Linear","EasingDirection":"In"},"Left Arm":{"Weight":1,"CFrame":[-0.18151670694351197,-0.4091340899467468,0.14092373847961427,-0.10227096080780029,0.9944552779197693,-0.024480625987052919,-0.8936975598335266,-0.0810457319021225,0.44128939509391787,0.43685853481292727,0.06700931489467621,0.8970308899879456],"EasingStyle":"Linear","EasingDirection":"In"}}},{"Time":0.30000001192092898,"poses":{"Left Leg":{"Weight":1,"CFrame":[-0.5352938175201416,0.6380217671394348,0.041024088859558108,0.910262942314148,0.41357141733169558,0.019496513530611993,-0.41266077756881716,0.9100720882415772,-0.03847154974937439,-0.03365401178598404,0.02697375975549221,0.9990695118904114],"EasingStyle":"Linear","EasingDirection":"In"},"Right Arm":{"Weight":1,"CFrame":[0.34085339307785036,-0.24304863810539246,0.07911503314971924,0.34284505248069765,-0.8960578441619873,-0.2820240557193756,0.9342995285987854,0.35647502541542055,0.0031832067761570217,0.09768211841583252,-0.2645863890647888,0.9594020247459412],"EasingStyle":"Linear","EasingDirection":"In"},"Head":{"Weight":1,"CFrame":[8.559436537325382e-8,-1.721073203952983e-7,3.5762786865234377e-7,0.9624093174934387,0.27128297090530398,-0.01318808551877737,-0.257829487323761,0.9277917146682739,0.2696784436702728,0.085394948720932,-0.2561408281326294,0.9628602266311646],"EasingStyle":"Linear","EasingDirection":"In"},"Right Leg":{"Weight":1,"CFrame":[0.43071725964546206,0.6841896772384644,0.038359761238098147,0.8886776566505432,-0.41157883405685427,-0.20212595164775849,0.4233010709285736,0.9058369994163513,0.016597909852862359,0.17626191675662995,-0.10031042248010636,0.9792188405990601],"EasingStyle":"Linear","EasingDirection":"In"},"Torso":{"Weight":1,"CFrame":[0.09471214562654495,-0.002679109573364258,-0.43628692626953127,0.9999995231628418,0.00006690103327855468,-0.0010634963400661946,-0.0006414443487301469,0.8347457051277161,-0.5506352782249451,0.0008509110775776207,0.5506356954574585,0.8347452878952026],"EasingStyle":"Linear","EasingDirection":"In"},"HumanoidRootPart":{"Weight":1,"CFrame":[0,0,0,1,0,0,0,1,0,0,0,1],"EasingStyle":"Linear","EasingDirection":"In"},"Left Arm":{"Weight":1,"CFrame":[-0.18130004405975343,-0.4087226092815399,0.14440786838531495,-0.14399296045303346,0.9895771145820618,-0.001768671558238566,-0.8885036110877991,-0.12849853932857514,0.440510630607605,0.4356920123100281,0.06500190496444702,0.897745668888092],"EasingStyle":"Linear","EasingDirection":"In"}}},{"Time":0.3333333432674408,"poses":{"Left Leg":{"Weight":1,"CFrame":[-0.5284489393234253,0.6566810607910156,0.045352816581726077,0.9118972420692444,0.4089266061782837,0.03496423363685608,-0.4077746868133545,0.9123833179473877,-0.03572949767112732,-0.04651155322790146,0.018324071541428567,0.9987497329711914],"EasingStyle":"Linear","EasingDirection":"In"},"Right Arm":{"Weight":1,"CFrame":[0.31774911284446719,-0.2430461347103119,0.050933837890625,0.16539417207241059,-0.6906826496124268,-0.7039902210235596,0.9100555777549744,0.3819657564163208,-0.16093863546848298,0.3800576627254486,-0.6140518188476563,0.6917345523834229],"EasingStyle":"Linear","EasingDirection":"In"},"Head":{"Weight":1,"CFrame":[8.195638656616211e-8,1.5157274901866914e-7,-1.7881393432617188e-7,0.9631643891334534,0.2669011652469635,-0.032837364822626117,-0.24915753304958344,0.9316655993461609,0.2644234001636505,0.10116833448410034,-0.24650150537490846,0.9638475179672241],"EasingStyle":"Linear","EasingDirection":"In"},"Right Leg":{"Weight":1,"CFrame":[0.2984345853328705,0.6077526211738586,0.12476778030395508,0.8168732523918152,-0.45065149664878847,-0.3600432872772217,0.4495683014392853,0.8884859681129456,-0.09209214150905609,0.361395001411438,-0.08663652092218399,0.9283791780471802],"EasingStyle":"Linear","EasingDirection":"In"},"Torso":{"Weight":1,"CFrame":[0.08714540302753449,-0.005527973175048828,-0.4487171173095703,0.9999303817749023,0.011542873457074166,-0.002487974474206567,-0.01098688319325447,0.8323135375976563,-0.5541962385177612,-0.00432624202221632,0.5541849732398987,0.8323823809623718],"EasingStyle":"Linear","EasingDirection":"In"},"HumanoidRootPart":{"Weight":1,"CFrame":[0,0,0,1,0,0,0,1,0,0,0,1],"EasingStyle":"Linear","EasingDirection":"In"},"Left Arm":{"Weight":1,"CFrame":[-0.18064291775226594,-0.4074665307998657,0.15207278728485108,-0.18477880954742433,0.982660710811615,0.015320735983550549,-0.879633903503418,-0.17231795191764832,0.4433404207229614,0.4382932782173157,0.0684431865811348,0.8962224721908569],"EasingStyle":"Linear","EasingDirection":"In"}}},{"Time":0.36666667461395266,"poses":{"Left Leg":{"Weight":1,"CFrame":[-0.5245968699455261,0.668452262878418,0.047322988510131839,0.9153027534484863,0.3994041681289673,0.051935192197561267,-0.3984033167362213,0.9167572855949402,-0.028824228793382646,-0.059124525636434558,0.0056917075999081139,0.9982344508171082],"EasingStyle":"Linear","EasingDirection":"In"},"Right Arm":{"Weight":1,"CFrame":[0.3082878589630127,-0.25745266675949099,0.06297969818115235,0.11152203381061554,-0.6171017289161682,-0.7789404988288879,0.940199613571167,0.3193794786930084,-0.11841288954019547,0.3218502700328827,-0.7191539406776428,0.6158166527748108],"EasingStyle":"Linear","EasingDirection":"In"},"Head":{"Weight":1,"CFrame":[7.450580596923828e-8,3.648456186056137e-7,2.384185791015625e-7,0.9628878235816956,0.2654476761817932,-0.04883269593119621,-0.24331164360046388,0.9320085644721985,0.2686252295970917,0.11681840568780899,-0.246774360537529,0.9620062708854675],"EasingStyle":"Linear","EasingDirection":"In"},"Right Leg":{"Weight":1,"CFrame":[0.1881737858057022,0.519207775592804,0.16725373268127442,0.7343925833702087,-0.48935237526893618,-0.4703211188316345,0.4606417119503021,0.8682767748832703,-0.1841324418783188,0.49847453832626345,-0.0814240351319313,0.8630720973014832],"EasingStyle":"Linear","EasingDirection":"In"},"Torso":{"Weight":1,"CFrame":[0.08183050900697708,-0.0037506818771362306,-0.4514811038970947,0.9997209310531616,0.023615757003426553,-0.0005949014448560774,-0.020020538941025735,0.833620548248291,-0.5519745945930481,-0.012539374642074108,0.5518324971199036,0.8338607549667358],"EasingStyle":"Linear","EasingDirection":"In"},"HumanoidRootPart":{"Weight":1,"CFrame":[0,0,0,1,0,0,0,1,0,0,0,1],"EasingStyle":"Linear","EasingDirection":"In"},"Left Arm":{"Weight":1,"CFrame":[-0.17953519523143769,-0.4053303003311157,0.1597379446029663,-0.21605809032917024,0.9759063720703125,0.030425487086176873,-0.8704976439476013,-0.20664778351783753,0.44668853282928469,0.4422134757041931,0.07002526521682739,0.8941720724105835],"EasingStyle":"Linear","EasingDirection":"In"}}},{"Time":0.4000000059604645,"poses":{"Left Leg":{"Weight":1,"CFrame":[-0.5247135758399963,0.6712570190429688,0.04723966121673584,0.9202518463134766,0.385148823261261,0.06925974786281586,-0.3848230838775635,0.9228044748306274,-0.018523361533880235,-0.07104749977588654,-0.00960657186806202,0.9974267482757568],"EasingStyle":"Linear","EasingDirection":"In"},"Right Arm":{"Weight":1,"CFrame":[0.3048025369644165,-0.2842080593109131,0.08589673042297363,0.07464335858821869,-0.5764457583427429,-0.8137189745903015,0.9655689001083374,0.24570167064666749,-0.08548444509506226,0.2492092251777649,-0.7793208360671997,0.5749381184577942],"EasingStyle":"Linear","EasingDirection":"In"},"Head":{"Weight":1,"CFrame":[8.102506399154663e-8,1.2293457984924317e-7,-2.384185791015625e-7,0.9625483155250549,0.2646186351776123,-0.05897246301174164,-0.23908662796020509,0.931082546710968,0.2755410671234131,0.12782150506973267,-0.25112205743789675,0.9594787359237671],"EasingStyle":"Linear","EasingDirection":"In"},"Right Leg":{"Weight":1,"CFrame":[0.13897107541561128,0.45294827222824099,0.1835559606552124,0.6900762915611267,-0.5074560642242432,-0.5160262584686279,0.45122355222702029,0.8591287136077881,-0.2414439618587494,0.5658552050590515,-0.06622854620218277,0.8218405246734619],"EasingStyle":"Linear","EasingDirection":"In"},"Torso":{"Weight":1,"CFrame":[0.07854674756526947,0.0027425289154052736,-0.4436521530151367,0.9993606209754944,0.03552678972482681,0.0040298583917319778,-0.02762310579419136,0.8387224078178406,-0.5438581705093384,-0.02270146645605564,0.5433990955352783,0.8391674757003784],"EasingStyle":"Linear","EasingDirection":"In"},"HumanoidRootPart":{"Weight":1,"CFrame":[0,0,0,1,0,0,0,1,0,0,0,1],"EasingStyle":"Linear","EasingDirection":"In"},"Left Arm":{"Weight":1,"CFrame":[-0.17796683311462403,-0.40228062868118288,0.16322219371795655,-0.22940042614936829,0.9722080826759338,0.04676545783877373,-0.8654048442840576,-0.2257181704044342,0.4473542273044586,0.445477157831192,0.06215212494134903,0.8931333422660828],"EasingStyle":"Linear","EasingDirection":"In"}}},{"Time":0.4333333373069763,"poses":{"Left Leg":{"Weight":1,"CFrame":[-0.5307635068893433,0.6667228937149048,0.04573023319244385,0.9277938604354858,0.3630770742893219,0.08586955815553665,-0.36398571729660036,0.9313889741897583,-0.005383613053709269,-0.08193265646696091,-0.026260435581207277,0.9962919354438782],"EasingStyle":"Linear","EasingDirection":"In"},"Right Arm":{"Weight":1,"CFrame":[0.3043048083782196,-0.29861462116241457,0.0998539924621582,0.05119698494672775,-0.5530712604522705,-0.831559419631958,0.9805120229721069,0.1859741359949112,-0.06332404166460037,0.189671128988266,-0.8121119141578674,0.5518143773078919],"EasingStyle":"Linear","EasingDirection":"In"},"Head":{"Weight":1,"CFrame":[8.568167686462403e-8,-9.778887033462525e-8,1.1920928955078126e-7,0.9622808694839478,0.26428332924842837,-0.06457492709159851,-0.23621447384357453,0.9293830394744873,0.28363698720932009,0.1349753886461258,-0.2576848864555359,0.9567551016807556],"EasingStyle":"Linear","EasingDirection":"In"},"Right Leg":{"Weight":1,"CFrame":[0.13632488250732423,0.4123762845993042,0.19318711757659913,0.6870237588882446,-0.5020636916160584,-0.5252907276153565,0.42650580406188967,0.8639051914215088,-0.2678816616535187,0.588295042514801,-0.039998527616262439,0.8076566457748413],"EasingStyle":"Linear","EasingDirection":"In"},"Torso":{"Weight":1,"CFrame":[0.07687298208475113,0.015261530876159668,-0.42786598205566409,0.9988595843315125,0.04649968072772026,0.010833363980054856,-0.03376852348446846,0.8484423756599426,-0.5282095074653626,-0.03375305235385895,0.5272412300109863,0.8490450978279114],"EasingStyle":"Linear","EasingDirection":"In"},"HumanoidRootPart":{"Weight":1,"CFrame":[0,0,0,1,0,0,0,1,0,0,0,1],"EasingStyle":"Linear","EasingDirection":"In"},"Left Arm":{"Weight":1,"CFrame":[-0.17595474421977998,-0.39834243059158327,0.16107571125030518,-0.2263241708278656,0.9716793298721314,0.06794625520706177,-0.865231990814209,-0.23258891701698304,0.4441578686237335,0.44738245010375979,0.041734326630830768,0.8933684825897217],"EasingStyle":"Linear","EasingDirection":"In"}}},{"Time":0.46666666865348818,"poses":{"Left Leg":{"Weight":1,"CFrame":[-0.5426225662231445,0.6586093306541443,0.04333782196044922,0.9376451969146729,0.3327266275882721,0.10057026892900467,-0.33534693717956545,0.9420429468154907,0.009879890829324723,-0.09145424515008927,-0.04298974946141243,0.9948809146881104],"EasingStyle":"Linear","EasingDirection":"In"},"Right Arm":{"Weight":1,"CFrame":[0.3050900101661682,-0.29600173234939577,0.1018216609954834,0.032086797058582309,-0.5356749296188355,-0.8438143134117127,0.9874075055122376,0.14783897995948792,-0.05630490183830261,0.15490972995758058,-0.8313820362091065,0.5336732268333435],"EasingStyle":"Linear","EasingDirection":"In"},"Head":{"Weight":1,"CFrame":[8.381903171539307e-8,-2.3748725652694703e-8,3.5762786865234377e-7,0.9621244072914124,0.264261394739151,-0.06695251166820526,-0.23445938527584077,0.927437961101532,0.29135504364967348,0.1390882134437561,-0.26462218165397646,0.9542691707611084],"EasingStyle":"Linear","EasingDirection":"In"},"Right Leg":{"Weight":1,"CFrame":[0.14520162343978883,0.3812981843948364,0.1964632272720337,0.6957939863204956,-0.48422303795814516,-0.5304702520370483,0.3989740312099457,0.874711275100708,-0.2751360833644867,0.5972356796264648,-0.020205914974212648,0.8018113970756531],"EasingStyle":"Linear","EasingDirection":"In"},"Torso":{"Weight":1,"CFrame":[0.07632549107074738,0.03336632251739502,-0.4091641902923584,0.998262882232666,0.055706098675727847,0.019184535369277,-0.038381949067115787,0.8619264960289002,-0.5055783987045288,-0.04469946026802063,0.503963828086853,0.8625673651695252],"EasingStyle":"Linear","EasingDirection":"In"},"HumanoidRootPart":{"Weight":1,"CFrame":[0,0,0,1,0,0,0,1,0,0,0,1],"EasingStyle":"Linear","EasingDirection":"In"},"Left Arm":{"Weight":1,"CFrame":[-0.17362648248672486,-0.39378127455711367,0.15592682361602784,-0.21833299100399018,0.9715064167976379,0.09222806245088577,-0.8665885925292969,-0.23647139966487885,0.4394378662109375,0.4487259089946747,0.016019994392991067,0.8935258984565735],"EasingStyle":"Linear","EasingDirection":"In"}}},{"Time":0.5,"poses":{"Left Leg":{"Weight":1,"CFrame":[-0.5550122261047363,0.6546967029571533,0.040091633796691897,0.9464921355247498,0.3025938868522644,0.11220375448465347,-0.3071790635585785,0.9513046741485596,0.025698890909552575,-0.0989636778831482,-0.058790430426597598,0.9933528304100037],"EasingStyle":"Linear","EasingDirection":"In"},"Right Arm":{"Weight":1,"CFrame":[0.31058773398399355,-0.2911493480205536,0.10251486301422119,0.009488596580922604,-0.5207960605621338,-0.8536283373832703,0.991377055644989,0.11647557467222214,-0.06004159152507782,0.1306961625814438,-0.8456978797912598,0.5174104571342468],"EasingStyle":"Linear","EasingDirection":"In"},"Head":{"Weight":1,"CFrame":[5.4016709327697757e-8,-1.9278377294540406e-7,1.1920928955078126e-7,0.9620625376701355,0.2643686532974243,-0.06741636246442795,-0.23358888924121858,0.9258232712745667,0.2971322238445282,0.14096809923648835,-0.2701120674610138,0.9524534940719605],"EasingStyle":"Linear","EasingDirection":"In"},"Right Leg":{"Weight":1,"CFrame":[0.1578420102596283,0.361596941947937,0.19849038124084474,0.708919107913971,-0.4625839591026306,-0.5324002504348755,0.37255850434303286,0.8865667581558228,-0.2742255628108978,0.5988606214523315,-0.003946532029658556,0.8008435964584351],"EasingStyle":"Linear","EasingDirection":"In"},"Torso":{"Weight":1,"CFrame":[0.07611314952373505,0.050930142402648929,-0.39577388763427737,0.9976591467857361,0.06235719099640846,0.028067948296666147,-0.04104146733880043,0.8743132948875427,-0.4836236536502838,-0.05469759181141853,0.48133960366249087,0.8748258948326111],"EasingStyle":"Linear","EasingDirection":"In"},"HumanoidRootPart":{"Weight":1,"CFrame":[0,0,0,1,0,0,0,1,0,0,0,1],"EasingStyle":"Linear","EasingDirection":"In"},"Left Arm":{"Weight":1,"CFrame":[-0.17113912105560304,-0.38892337679862978,0.14971017837524415,-0.21209411323070527,0.9705133438110352,0.1145429015159607,-0.8674688339233398,-0.24094468355178834,0.4352513551712036,0.4500156342983246,-0.007048190105706453,0.8929929137229919],"EasingStyle":"Linear","EasingDirection":"In"}}},{"Time":0.5333333611488342,"poses":{"Left Leg":{"Weight":1,"CFrame":[-0.5619136095046997,0.6629946231842041,0.03554272651672363,0.9513026475906372,0.28390052914619448,0.12009967118501663,-0.2903715968132019,0.9560791254043579,0.03996581211686134,-0.10347852110862732,-0.07289313524961472,0.9919571280479431],"EasingStyle":"Linear","EasingDirection":"In"},"Right Arm":{"Weight":1,"CFrame":[0.325509637594223,-0.28853684663772585,0.1027212142944336,-0.015849588438868524,-0.5021430253982544,-0.8646392822265625,0.9946900010108948,0.08002810180187226,-0.06471015512943268,0.10168913006782532,-0.8610737323760986,0.49820831418037417],"EasingStyle":"Linear","EasingDirection":"In"},"Head":{"Weight":1,"CFrame":[9.499490261077881e-8,-8.800998330116272e-8,-2.384185791015625e-7,0.9620529413223267,0.26443853974342348,-0.06727906316518784,-0.2333565354347229,0.925149142742157,0.2994057536125183,0.14141756296157838,-0.2723441421985626,0.9517508745193481],"EasingStyle":"Linear","EasingDirection":"In"},"Right Leg":{"Weight":1,"CFrame":[0.16816765069961549,0.3549884557723999,0.20358014106750489,0.7193644046783447,-0.44759929180145266,-0.531196653842926,0.35261270403862,0.8941643834114075,-0.27592459321022036,0.598480761051178,0.011183627881109715,0.8010591864585877],"EasingStyle":"Linear","EasingDirection":"In"},"Torso":{"Weight":1,"CFrame":[0.07522572576999664,0.06027674674987793,-0.39469146728515627,0.997173011302948,0.0658477395772934,0.036194365471601489,-0.041024886071681979,0.8806754946708679,-0.47194036841392519,-0.06295169144868851,0.4691213071346283,0.8808872103691101],"EasingStyle":"Linear","EasingDirection":"In"},"HumanoidRootPart":{"Weight":1,"CFrame":[0,0,0,1,0,0,0,1,0,0,0,1],"EasingStyle":"Linear","EasingDirection":"In"},"Left Arm":{"Weight":1,"CFrame":[-0.16864800453186036,-0.3840945363044739,0.14436137676239015,-0.21417754888534547,0.9681373238563538,0.1297621726989746,-0.8658605217933655,-0.24965962767601014,0.4335387051105499,0.4521213471889496,-0.019501755014061929,0.8917433023452759],"EasingStyle":"Linear","EasingDirection":"In"}}},{"Time":0.5666666626930237,"poses":{"Left Leg":{"Weight":1,"CFrame":[-0.5619803071022034,0.6800711750984192,0.029971003532409669,0.9521499872207642,0.2790232300758362,0.12472573667764664,-0.2870309352874756,0.9565470814704895,0.05129426717758179,-0.1049937829375267,-0.0846400111913681,0.9908645153045654],"EasingStyle":"Linear","EasingDirection":"In"},"Right Arm":{"Weight":1,"CFrame":[0.3635442852973938,-0.32560110092163088,0.10302734375,-0.03914497420191765,-0.47811830043792727,-0.8774226903915405,0.9974197745323181,0.034186940640211108,-0.0631272941827774,0.06017863377928734,-0.8776298761367798,0.4755464494228363],"EasingStyle":"Linear","EasingDirection":"In"},"Head":{"Weight":1,"CFrame":[8.381903171539307e-8,-7.450580596923828e-8,-2.980232238769531e-7,0.961933434009552,0.2649399936199188,-0.06701430678367615,-0.2341139167547226,0.9253982901573181,0.2980416417121887,0.14097808301448823,-0.2710072100162506,0.9521976113319397],"EasingStyle":"Linear","EasingDirection":"In"},"Right Leg":{"Weight":1,"CFrame":[0.173945814371109,0.3571423292160034,0.21119427680969239,0.7248204350471497,-0.44227445125579836,-0.5282317399978638,0.3410080075263977,0.8965370655059815,-0.2827276885509491,0.5986225008964539,0.024795517325401307,0.800647497177124],"EasingStyle":"Linear","EasingDirection":"In"},"Torso":{"Weight":1,"CFrame":[0.07295840978622437,0.0673666000366211,-0.40300631523132326,0.996874988079071,0.06661301851272583,0.04246068745851517,-0.038995854556560519,0.8824253082275391,-0.4688337445259094,-0.06869880855083466,0.46571290493011477,0.8822652697563171],"EasingStyle":"Linear","EasingDirection":"In"},"HumanoidRootPart":{"Weight":1,"CFrame":[0,0,0,1,0,0,0,1,0,0,0,1],"EasingStyle":"Linear","EasingDirection":"In"},"Left Arm":{"Weight":1,"CFrame":[-0.16646108031272889,-0.3798981010913849,0.1412646770477295,-0.23147273063659669,0.9628560543060303,0.13902784883975984,-0.8604318499565125,-0.2693110406398773,0.432583749294281,0.45395761728286745,-0.01949276402592659,0.8908100724220276],"EasingStyle":"Linear","EasingDirection":"In"}}},{"Time":0.6000000238418579,"poses":{"Left Leg":{"Weight":1,"CFrame":[-0.5567755103111267,0.700827956199646,0.023269295692443849,0.9503383040428162,0.28407546877861025,0.12711499631404878,-0.29333341121673586,0.9540702104568481,0.06087407097220421,-0.10398383438587189,-0.09513799846172333,0.9900182485580444],"EasingStyle":"Linear","EasingDirection":"In"},"Right Arm":{"Weight":1,"CFrame":[0.394225537776947,-0.36266475915908816,0.10322117805480957,-0.04599311947822571,-0.4699257016181946,-0.8815068602561951,0.9984384179115295,0.006385969463735819,-0.05549835413694382,0.03170931339263916,-0.8826829195022583,0.4688981771469116],"EasingStyle":"Linear","EasingDirection":"In"},"Head":{"Weight":1,"CFrame":[1.0058283805847168e-7,1.0244548320770264e-8,-1.7881393432617188e-7,0.9616118669509888,0.26632410287857058,-0.06613805145025253,-0.23623907566070558,0.9260634183883667,0.29427486658096316,0.1396205574274063,-0.26735377311706545,0.953429639339447],"EasingStyle":"Linear","EasingDirection":"In"},"Right Leg":{"Weight":1,"CFrame":[0.17739346623420716,0.3627818822860718,0.21843397617340089,0.7277575135231018,-0.4439288079738617,-0.5227773785591126,0.3369041979312897,0.8953438997268677,-0.29129859805107119,0.5973813533782959,0.03586873039603233,0.8011548519134522],"EasingStyle":"Linear","EasingDirection":"In"},"Torso":{"Weight":1,"CFrame":[0.07123392820358277,0.07964491844177246,-0.4154067039489746,0.9966674447059631,0.06587568670511246,0.048108551651239398,-0.03571806475520134,0.8826562166213989,-0.4686601161956787,-0.07333660870790482,0.46537986397743227,0.8820677399635315],"EasingStyle":"Linear","EasingDirection":"In"},"HumanoidRootPart":{"Weight":1,"CFrame":[0,0,0,1,0,0,0,1,0,0,0,1],"EasingStyle":"Linear","EasingDirection":"In"},"Left Arm":{"Weight":1,"CFrame":[-0.1654948741197586,-0.37805497646331789,0.13960230350494386,-0.2558354139328003,0.9555295705795288,0.1466682255268097,-0.8522266745567322,-0.29454493522644045,0.4323808252811432,0.45635294914245608,-0.014376367442309857,0.8896827101707459],"EasingStyle":"Linear","EasingDirection":"In"}}},{"Time":0.6333333253860474,"poses":{"Left Leg":{"Weight":1,"CFrame":[-0.5435981750488281,0.7224587202072144,0.016479015350341798,0.9444452524185181,0.30325552821159365,0.12672534584999085,-0.313116192817688,0.9473875761032105,0.06644734740257263,-0.09990748763084412,-0.1024356335401535,0.9897097945213318],"EasingStyle":"Linear","EasingDirection":"In"},"Right Arm":{"Weight":1,"CFrame":[0.39801639318466189,-0.350685715675354,0.09084975719451904,-0.022802984341979028,-0.5394835472106934,-0.8416873812675476,0.9955127239227295,0.06508725136518479,-0.06868834048509598,0.0918392464518547,-0.8394767045974731,0.5355784893035889],"EasingStyle":"Linear","EasingDirection":"In"},"Head":{"Weight":1,"CFrame":[4.190951585769653