{"Sequence":[{"Time":0,"poses":{"Left Leg":{"Weight":1,"CFrame":[-0.3978853225708008,0.18459933996200562,-0.023607313632965089,0.9997886419296265,-0.001342547475360334,-0.02051740139722824,0.0033100892324000599,0.9953597784042358,0.09616720676422119,0.02029305510222912,-0.09621486067771912,0.9951537251472473],"EasingStyle":"Linear","EasingDirection":"In"},"Right Arm":{"Weight":1,"CFrame":[0.178213432431221,-0.4788631498813629,-0.03874605894088745,-0.11636865139007569,-0.512680172920227,0.850657045841217,0.9373912811279297,-0.33976393938064577,-0.07653773576021195,0.3282620310783386,0.7884919047355652,0.5201197862625122],"EasingStyle":"Linear","EasingDirection":"In"},"Left Arm":{"Weight":1,"CFrame":[-0.3693031966686249,-0.5485535264015198,-0.019371986389160157,-0.00131620850879699,0.3654434382915497,-0.9308326840400696,-0.913305401802063,-0.3795434236526489,-0.14771668612957,-0.407273530960083,0.8499400019645691,0.334261029958725],"EasingStyle":"Linear","EasingDirection":"In"},"Head":{"Weight":1,"CFrame":[8.74707666298491e-8,-8.789356797933579e-9,-2.384185791015625e-7,0.9999414086341858,-0.009650908410549164,-0.004908900707960129,0.009172942489385605,0.9959443211555481,-0.08950340002775192,0.005752780474722385,0.08945312350988388,0.9959744215011597],"EasingStyle":"Linear","EasingDirection":"In"},"Torso":{"Weight":1,"CFrame":[-0.009636104106903077,0.19276653230190278,-0.1444237232208252,0.999259889125824,-0.03846704959869385,-8.735807455195754e-8,0.03846704959869385,0.999259889125824,-3.362896183745079e-9,8.742277657347586e-8,0,1],"EasingStyle":"Linear","EasingDirection":"In"},"HumanoidRootPart":{"Weight":1,"CFrame":[0,0,0,1,0,0,0,1,0,0,0,1],"EasingStyle":"Linear","EasingDirection":"In"},"Right Leg":{"Weight":1,"CFrame":[0.15316808223724366,0.17651236057281495,0.14140594005584718,0.8495743870735169,0.1911822259426117,-0.49160218238830569,-0.14503131806850434,0.9807472825050354,0.13076956570148469,0.5071384906768799,-0.03980078920722008,0.8609452247619629],"EasingStyle":"Linear","EasingDirection":"In"}}},{"Time":0.03333333507180214,"poses":{"Left Leg":{"Weight":1,"CFrame":[-0.39537671208381655,0.18388795852661134,-0.02262401580810547,0.9998399615287781,-0.0029698386788368227,-0.017644599080085756,0.004685340914875269,0.9951757192611694,0.0979965552687645,0.01726841740310192,-0.09806351363658905,0.9950303435325623],"EasingStyle":"Linear","EasingDirection":"In"},"Right Arm":{"Weight":1,"CFrame":[0.1420643925666809,-0.46236860752105715,-0.05629146099090576,-0.11488235741853714,-0.5109115242958069,0.8519222140312195,0.9392797946929932,-0.33502188324928286,-0.07425551861524582,0.3233506381511688,0.7916626334190369,0.518376886844635],"EasingStyle":"Linear","EasingDirection":"In"},"Left Arm":{"Weight":1,"CFrame":[-0.3659883141517639,-0.5293612480163574,-0.08108866214752197,-0.005676900036633015,0.34998607635498049,-0.9367377758026123,-0.9230865240097046,-0.36206871271133425,-0.129682719707489,-0.3845505118370056,0.863953709602356,0.3251228332519531],"EasingStyle":"Linear","EasingDirection":"In"},"Head":{"Weight":1,"CFrame":[8.987262845039368e-8,-8.483766578137875e-9,-2.384185791015625e-7,0.9994667172431946,-0.03227117657661438,-0.004999683238565922,0.03169441223144531,0.9954777956008911,-0.08955147117376328,0.007867004722356797,0.08934525400400162,0.9959696531295776],"EasingStyle":"Linear","EasingDirection":"In"},"Torso":{"Weight":1,"CFrame":[-0.00843249075114727,0.2076595425605774,-0.1444413661956787,0.9993863105773926,-0.034993499517440799,0.0015638486947864295,0.034982651472091678,0.9993668794631958,0.006490751635283232,-0.001789992325939238,-0.006432061083614826,0.999977707862854],"EasingStyle":"Linear","EasingDirection":"In"},"HumanoidRootPart":{"Weight":1,"CFrame":[0,0,0,1,0,0,0,1,0,0,0,1],"EasingStyle":"Linear","EasingDirection":"In"},"Right Leg":{"Weight":1,"CFrame":[0.1540801078081131,0.17429494857788087,0.13992154598236085,0.852251410484314,0.18984901905059815,-0.48746761679649355,-0.14463727176189423,0.9810144305229187,0.12919294834136964,0.5027400255203247,-0.03959892690181732,0.8635303378105164],"EasingStyle":"Linear","EasingDirection":"In"}}},{"Time":0.06666667014360428,"poses":{"Left Leg":{"Weight":1,"CFrame":[-0.392451673746109,0.1859230399131775,-0.019861698150634767,0.9999336004257202,-0.008224145509302616,-0.008076392114162445,0.009018415585160256,0.9945554137229919,0.10381858050823212,0.0071785468608140949,-0.10388447344303131,0.9945634603500366],"EasingStyle":"Linear","EasingDirection":"In"},"Right Arm":{"Weight":1,"CFrame":[0.11783260107040405,-0.4449460506439209,-0.10015451908111572,-0.11037648469209671,-0.5094042420387268,0.8534191846847534,0.9431132078170776,-0.32462769746780398,-0.07179274410009384,0.31361517310142519,0.7969467639923096,0.5162572264671326],"EasingStyle":"Linear","EasingDirection":"In"},"Left Arm":{"Weight":1,"CFrame":[-0.3577011227607727,-0.5127837657928467,-0.14125025272369386,-0.0021942774765193464,0.34788230061531069,-0.9375356435775757,-0.9324750900268555,-0.33937743306159975,-0.1237470731139183,-0.3612278699874878,0.8739570379257202,0.32513630390167239],"EasingStyle":"Linear","EasingDirection":"In"},"Head":{"Weight":1,"CFrame":[8.917413651943207e-8,6.293703336268663e-9,-1.1920928955078126e-7,0.9989075064659119,-0.04612024873495102,-0.007537095807492733,0.04526112973690033,0.994947075843811,-0.08962104469537735,0.011632353998720646,0.08918200433254242,0.9959474205970764],"EasingStyle":"Linear","EasingDirection":"In"},"Torso":{"Weight":1,"CFrame":[-0.008719908073544503,0.2213878482580185,-0.14449381828308106,0.9996676445007324,-0.02528192102909088,0.005043633282184601,0.025218607857823373,0.9996069669723511,0.01224792841821909,-0.0053513022139668468,-0.012116663157939911,0.9999122619628906],"EasingStyle":"Linear","EasingDirection":"In"},"HumanoidRootPart":{"Weight":1,"CFrame":[0,0,0,1,0,0,0,1,0,0,0,1],"EasingStyle":"Linear","EasingDirection":"In"},"Right Leg":{"Weight":1,"CFrame":[0.1579945832490921,0.16947609186172486,0.13765931129455567,0.8587107062339783,0.18531548976898194,-0.477780282497406,-0.14356158673763276,0.9819857478141785,0.12285842001438141,0.4919411838054657,-0.03690900653600693,0.8698459267616272],"EasingStyle":"Linear","EasingDirection":"In"}}},{"Time":0.10000000149011612,"poses":{"Left Leg":{"Weight":1,"CFrame":[-0.3892033100128174,0.19010668992996217,-0.015539884567260743,0.9998350143432617,-0.0167123693972826,0.007126853335648775,0.015804020687937738,0.9935140013694763,0.11260604858398438,-0.008962579071521759,-0.11247480660676956,0.9936142563819885],"EasingStyle":"Linear","EasingDirection":"In"},"Right Arm":{"Weight":1,"CFrame":[0.10313467681407929,-0.4283462464809418,-0.15717685222625733,-0.10548166185617447,-0.5083590149879456,0.8546605706214905,0.9481613636016846,-0.3105016052722931,-0.06766747683286667,0.2997729182243347,0.803218424320221,0.5147585868835449],"EasingStyle":"Linear","EasingDirection":"In"},"Left Arm":{"Weight":1,"CFrame":[-0.3469277620315552,-0.49921101331710818,-0.19554650783538819,0.0035414595622569324,0.3563309609889984,-0.9343531131744385,-0.9415940642356873,-0.3134419322013855,-0.12310513108968735,-0.33673158288002016,0.8802171945571899,0.33440902829170229],"EasingStyle":"Linear","EasingDirection":"In"},"Head":{"Weight":1,"CFrame":[9.298673830926418e-8,-1.2784312275471166e-8,0,0.9984979033470154,-0.05341813340783119,-0.01218769047409296,0.05211428925395012,0.9946008920669556,-0.08973951637744904,0.01691560447216034,0.08896956592798233,0.9958907961845398],"EasingStyle":"Linear","EasingDirection":"In"},"Torso":{"Weight":1,"CFrame":[-0.009637124836444855,0.23371964693069459,-0.14458250999450684,0.9998969435691834,-0.010223865509033203,0.010090107098221779,0.010049763135612011,0.99980229139328,0.01715731807053089,-0.010263527743518353,-0.01705414243042469,0.9998018741607666],"EasingStyle":"Linear","EasingDirection":"In"},"HumanoidRootPart":{"Weight":1,"CFrame":[0,0,0,1,0,0,0,1,0,0,0,1],"EasingStyle":"Linear","EasingDirection":"In"},"Right Leg":{"Weight":1,"CFrame":[0.1641177535057068,0.16271960735321046,0.13444554805755616,0.8681547045707703,0.17792759835720063,-0.4633023738861084,-0.14131368696689607,0.983505129814148,0.11290804296731949,0.4757499098777771,-0.03255074471235275,0.8789781928062439],"EasingStyle":"Linear","EasingDirection":"In"}}},{"Time":0.13333334028720857,"poses":{"Left Leg":{"Weight":1,"CFrame":[-0.3856324553489685,0.1958107352256775,-0.009840548038482666,0.9992448091506958,-0.028010956943035127,0.02693156898021698,0.02448609285056591,0.9920654296875,0.12331508845090866,-0.030172070488333703,-0.12256249040365219,0.9920020699501038],"EasingStyle":"Linear","EasingDirection":"In"},"Right Arm":{"Weight":1,"CFrame":[0.09558707475662232,-0.4143209755420685,-0.2141990065574646,-0.10279829055070877,-0.5080592036247253,0.8551657795906067,0.9537274837493897,-0.2945535480976105,-0.060349855571985248,0.28255346417427065,0.8093912601470947,0.5148294568061829],"EasingStyle":"Linear","EasingDirection":"In"},"Left Arm":{"Weight":1,"CFrame":[-0.3361544609069824,-0.489033043384552,-0.23966652154922486,0.005976553075015545,0.3728577792644501,-0.9278693199157715,-0.9505977630615234,-0.28587278723716738,-0.12099885940551758,-0.3103679418563843,0.8827535510063171,0.35272908210754397],"EasingStyle":"Linear","EasingDirection":"In"},"Head":{"Weight":1,"CFrame":[9.452924132347107e-8,-4.3655745685100558e-10,-5.960464477539063e-8,0.9982364177703857,-0.056368932127952579,-0.018620887771248819,0.054478712379932407,0.9944597482681274,-0.08990007638931275,0.02358529157936573,0.08872707188129425,0.9957767724990845],"EasingStyle":"Linear","EasingDirection":"In"},"Torso":{"Weight":1,"CFrame":[-0.010342903435230255,0.2444145828485489,-0.14470887184143067,0.9998234510421753,0.00929583702236414,0.01632913202047348,-0.009639499709010125,0.9997311234474182,0.021093958988785745,-0.016128653660416604,-0.02124764211475849,0.9996441602706909],"EasingStyle":"Linear","EasingDirection":"In"},"HumanoidRootPart":{"Weight":1,"CFrame":[0,0,0,1,0,0,0,1,0,0,0,1],"EasingStyle":"Linear","EasingDirection":"In"},"Right Leg":{"Weight":1,"CFrame":[0.17164495587348939,0.15470528602600099,0.13010478019714356,0.879751443862915,0.16801725327968598,-0.4447556734085083,-0.13737720251083375,0.9854049682617188,0.10052095353603363,0.45515379309654238,-0.02733425609767437,0.8899932503700256],"EasingStyle":"Linear","EasingDirection":"In"}}},{"Time":0.1666666716337204,"poses":{"Left Leg":{"Weight":1,"CFrame":[-0.38173070549964907,0.20240658521652223,-0.0029132962226867677,0.997864842414856,-0.041640929877758029,0.05031813308596611,0.03452273830771446,0.9902618527412415,0.1348692923784256,-0.05544424429535866,-0.13284413516521455,0.9895850419998169],"EasingStyle":"Linear","EasingDirection":"In"},"Right Arm":{"Weight":1,"CFrame":[0.0928063616156578,-0.40462160110473635,-0.2580621838569641,-0.10489701479673386,-0.5088955163955689,0.8544132709503174,0.9591634273529053,-0.27870798110961916,-0.04824357479810715,0.26268282532691958,0.8144612908363342,0.5173495411872864],"EasingStyle":"Linear","EasingDirection":"In"},"Left Arm":{"Weight":1,"CFrame":[-0.327867329120636,-0.4826400578022003,-0.2692997455596924,-0.0005155979306437075,0.3954980969429016,-0.9184666872024536,-0.9597058296203613,-0.25829076766967776,-0.11068298667669296,-0.2810063660144806,0.8814007043838501,0.37969496846199038],"EasingStyle":"Linear","EasingDirection":"In"},"Head":{"Weight":1,"CFrame":[8.754432201385498e-8,-3.4313416108489039e-8,-3.5762786865234377e-7,0.9980124831199646,-0.057171206921339038,-0.02650562673807144,0.0545736588537693,0.994437038898468,-0.09009288251399994,0.03150888904929161,0.08846729248762131,0.9955806732177734],"EasingStyle":"Linear","EasingDirection":"In"},"Torso":{"Weight":1,"CFrame":[-0.0100160613656044,0.2532367706298828,-0.14487242698669434,0.9992023706436157,0.03238852322101593,0.02336147055029869,-0.03294718265533447,0.9991703629493713,0.023938536643981935,-0.02256675623357296,-0.02468913421034813,0.9994404315948486],"EasingStyle":"Linear","EasingDirection":"In"},"HumanoidRootPart":{"Weight":1,"CFrame":[0,0,0,1,0,0,0,1,0,0,0,1],"EasingStyle":"Linear","EasingDirection":"In"},"Right Leg":{"Weight":1,"CFrame":[0.1798008680343628,0.14613348245620728,0.12452971935272217,0.8926801681518555,0.15588290989398957,-0.4228742718696594,-0.1312744915485382,0.9875289797782898,0.08691182732582092,0.4311487376689911,-0.022071950137615205,0.9020109176635742],"EasingStyle":"Linear","EasingDirection":"In"}}},{"Time":0.20000000298023225,"poses":{"Left Leg":{"Weight":1,"CFrame":[-0.3775229752063751,0.2092747688293457,0.005121350288391113,0.9954540133476257,-0.05703999102115631,0.07627548277378082,0.04542680084705353,0.9882188439369202,0.14615018665790559,-0.08371330052614212,-0.14202085137367249,0.9863175749778748],"EasingStyle":"Linear","EasingDirection":"In"},"Right Arm":{"Weight":1,"CFrame":[0.09240920096635819,-0.4009990096092224,-0.27560752630233767,-0.11433307081460953,-0.5113406181335449,0.851738691329956,0.9638084769248962,-0.2649384140968323,-0.029678864404559137,0.24083437025547028,0.8175197243690491,0.5231255292892456],"EasingStyle":"Linear","EasingDirection":"In"},"Left Arm":{"Weight":1,"CFrame":[-0.32455241680145266,-0.4804224967956543,-0.28013527393341067,-0.021893801167607309,0.4228181540966034,-0.9059500694274902,-0.9688377976417542,-0.2326023131608963,-0.08514472842216492,-0.24672676622867585,0.8758545517921448,0.4147346615791321],"EasingStyle":"Linear","EasingDirection":"In"},"Head":{"Weight":1,"CFrame":[7.636845111846924e-8,-5.564652383327484e-8,0,0.9976832270622253,-0.05802959203720093,-0.035507138818502429,0.05462461709976196,0.994412899017334,-0.09032846242189408,0.04055047780275345,0.08817963302135468,0.9952788949012756],"EasingStyle":"Linear","EasingDirection":"In"},"Torso":{"Weight":1,"CFrame":[-0.007853865623474121,0.25996583700180056,-0.1450660228729248,0.9978333711624146,0.05815679579973221,0.030764879658818246,-0.05895161256194115,0.9979328513145447,0.025591105222702028,-0.029212988913059236,-0.027349300682544709,0.9991989731788635],"EasingStyle":"Linear","EasingDirection":"In"},"HumanoidRootPart":{"Weight":1,"CFrame":[0,0,0,1,0,0,0,1,0,0,0,1],"EasingStyle":"Linear","EasingDirection":"In"},"Right Leg":{"Weight":1,"CFrame":[0.1878606379032135,0.13771754503250123,0.11771595478057862,0.9061712026596069,0.14177840948104859,-0.3984376788139343,-0.1226150318980217,0.9897422194480896,0.07332117110490799,0.40474605560302737,-0.017587095499038698,0.9142600297927856],"EasingStyle":"Linear","EasingDirection":"In"}}},{"Time":0.23333333432674409,"poses":{"Left Leg":{"Weight":1,"CFrame":[-0.37309688329696658,0.21580839157104493,0.014168977737426758,0.9918751120567322,-0.0735480859875679,0.10380002856254578,0.05679672211408615,0.98612380027771,0.15599429607391358,-0.1138327568769455,-0.14883139729499818,0.9822888970375061],"EasingStyle":"Linear","EasingDirection":"In"},"Right Arm":{"Weight":1,"CFrame":[0.10088863223791123,-0.4224681258201599,-0.2513601779937744,-0.17419250309467317,-0.527941882610321,0.8312247395515442,0.963787853717804,-0.2644962966442108,0.033981095999479297,0.2019158899784088,0.8070434927940369,0.5548970103263855],"EasingStyle":"Linear","EasingDirection":"In"},"Left Arm":{"Weight":1,"CFrame":[-0.32785430550575259,-0.4869271218776703,-0.2672678232192993,-0.09182693809270859,0.46096348762512209,-0.8826554417610169,-0.9754008650779724,-0.22002887725830079,-0.013433489948511124,-0.20040200650691987,0.8597092628479004,0.469828724861145],"EasingStyle":"Linear","EasingDirection":"In"},"Head":{"Weight":1,"CFrame":[7.82310962677002e-8,1.1641532182693482e-8,-2.384185791015625e-7,0.9971001744270325,-0.06116024777293205,-0.045284468680620196,0.05686871334910393,0.9942575097084045,-0.09065429121255875,0.050568852573633197,0.08781614154577255,0.9948523640632629],"EasingStyle":"Linear","EasingDirection":"In"},"Torso":{"Weight":1,"CFrame":[-0.0030683428049087526,0.26440542936325076,-0.1452770233154297,0.9955928325653076,0.0856936052441597,0.038098640739917758,-0.08671382814645767,0.9958943724632263,0.025981804355978967,-0.035715751349925998,-0.02917097881436348,0.9989361763000488],"EasingStyle":"Linear","EasingDirection":"In"},"HumanoidRootPart":{"Weight":1,"CFrame":[0,0,0,1,0,0,0,1,0,0,0,1],"EasingStyle":"Linear","EasingDirection":"In"},"Right Leg":{"Weight":1,"CFrame":[0.19515767693519593,0.13016456365585328,0.10977029800415039,0.9195405840873718,0.1258864551782608,-0.37228700518608096,-0.11110064387321472,0.9919353127479553,0.06100040674209595,0.37696385383605959,-0.014731084927916527,0.9261108040809631],"EasingStyle":"Linear","EasingDirection":"In"}}},{"Time":0.2666666805744171,"poses":{"Left Leg":{"Weight":1,"CFrame":[-0.37055131793022158,0.22016626596450807,0.02484762668609619,0.9870965480804443,-0.09161374717950821,0.13132935762405396,0.0701434314250946,0.984673023223877,0.15968412160873414,-0.14394576847553254,-0.14841173589229585,0.9783934354782105],"EasingStyle":"Linear","EasingDirection":"In"},"Right Arm":{"Weight":1,"CFrame":[0.12277061492204666,-0.47783443331718447,-0.18845075368881226,-0.3100794851779938,-0.566465437412262,0.7635232210159302,0.9427743554115295,-0.28676697611808779,0.17012101411819459,0.12258563935756684,0.772581160068512,0.6229696273803711],"EasingStyle":"Linear","EasingDirection":"In"},"Left Arm":{"Weight":1,"CFrame":[-0.3363696336746216,-0.50370192527771,-0.23233753442764283,-0.22930078208446504,0.5161564946174622,-0.8252294063568115,-0.9652466773986816,-0.22979067265987397,0.12447921931743622,-0.1253792643547058,0.825093150138855,0.5509095191955566],"EasingStyle":"Linear","EasingDirection":"In"},"Head":{"Weight":1,"CFrame":[7.078051567077637e-8,8.381903171539307e-9,-5.960464477539063e-8,0.9960868954658508,-0.06878889352083206,-0.05548803508281708,0.06355297565460205,0.9938059449195862,-0.09116391092538834,0.06141539290547371,0.0872807502746582,0.9942888617515564],"EasingStyle":"Linear","EasingDirection":"In"},"Torso":{"Weight":1,"CFrame":[0.01090914011001587,0.26531457901000979,-0.14548587799072267,0.9924551248550415,0.11408735066652298,0.04491017758846283,-0.11528657376766205,0.993015706539154,0.02507750317454338,-0.041735485196113589,-0.030065840110182763,0.9986762404441834],"EasingStyle":"Linear","EasingDirection":"In"},"HumanoidRootPart":{"Weight":1,"CFrame":[0,0,0,1,0,0,0,1,0,0,0,1],"EasingStyle":"Linear","EasingDirection":"In"},"Right Leg":{"Weight":1,"CFrame":[0.19935710728168488,0.12566596269607545,0.100006103515625,0.9321435689926148,0.1076502650976181,-0.34571629762649538,-0.09452653676271439,0.9940210580825806,0.0546528697013855,0.34953272342681887,-0.018264982849359514,0.9367461800575256],"EasingStyle":"Linear","EasingDirection":"In"}}},{"Time":0.30000001192092898,"poses":{"Left Leg":{"Weight":1,"CFrame":[-0.36728498339653017,0.22424614429473878,0.036940813064575198,0.9820263385772705,-0.101873017847538,0.15889035165309907,0.07702387124300003,0.9848461151123047,0.1553884744644165,-0.1723124235868454,-0.14035721123218537,0.974991500377655],"EasingStyle":"Linear","EasingDirection":"In"},"Right Arm":{"Weight":1,"CFrame":[0.15272016823291779,-0.5535397529602051,-0.10162806510925293,-0.4877866506576538,-0.615402102470398,0.6191482543945313,0.8728819489479065,-0.3341808319091797,0.3555281162261963,-0.011885184794664383,0.7138651609420776,0.700182318687439],"EasingStyle":"Linear","EasingDirection":"In"},"Left Arm":{"Weight":1,"CFrame":[-0.34801316261291506,-0.526638925075531,-0.18085193634033204,-0.4092932939529419,0.5828989744186401,-0.7019314765930176,-0.9123985767364502,-0.263841837644577,0.3129158616065979,-0.002800542861223221,0.7685157060623169,0.6398248672485352],"EasingStyle":"Linear","EasingDirection":"In"},"Head":{"Weight":1,"CFrame":[1.0058283805847168e-7,-3.725290298461914e-8,1.1920928955078126e-7,0.9943662881851196,-0.08313850313425064,-0.06575578451156616,0.07692256569862366,0.9927836656570435,-0.0919974148273468,0.07292979210615158,0.08642101287841797,0.9935858249664307],"EasingStyle":"Linear","EasingDirection":"In"},"Torso":{"Weight":1,"CFrame":[0.0326717346906662,0.2575775384902954,-0.1455225944519043,0.9885320663452148,0.14260955154895783,0.04966914281249046,-0.14357152581214906,0.9895049333572388,0.016352258622646333,-0.046815868467092517,-0.023295802995562555,0.9986319541931152],"EasingStyle":"Linear","EasingDirection":"In"},"HumanoidRootPart":{"Weight":1,"CFrame":[0,0,0,1,0,0,0,1,0,0,0,1],"EasingStyle":"Linear","EasingDirection":"In"},"Right Leg":{"Weight":1,"CFrame":[0.19861003756523133,0.12573790550231934,0.08881556987762451,0.9440693855285645,0.07919059693813324,-0.32009658217430117,-0.06580129265785217,0.9964534640312195,0.05244907736778259,0.32311490178108218,-0.02845284715294838,0.9459320902824402],"EasingStyle":"Linear","EasingDirection":"In"}}},{"Time":0.3333333432674408,"poses":{"Left Leg":{"Weight":1,"CFrame":[-0.35910293459892275,0.23134952783584596,0.04878497123718262,0.9776090979576111,-0.0968591496348381,0.18681204319000245,0.0696369931101799,0.9866599440574646,0.1471492052078247,-0.19857272505760194,-0.1308453232049942,0.9713127017021179],"EasingStyle":"Linear","EasingDirection":"In"},"Right Arm":{"Weight":1,"CFrame":[0.18540237843990327,-0.6360248923301697,-0.005641043186187744,-0.6487019658088684,-0.6576857566833496,0.38292980194091799,0.733421802520752,-0.40592917799949648,0.5452651977539063,-0.20317073166370393,0.6345635652542114,0.7456880807876587],"EasingStyle":"Linear","EasingDirection":"In"},"Left Arm":{"Weight":1,"CFrame":[-0.3606993556022644,-0.5516296029090881,-0.11831897497177124,-0.5827533006668091,0.6492350101470947,-0.48876625299453738,-0.7930662035942078,-0.323108434677124,0.5163789987564087,0.17732684314250947,0.6885454654693604,0.7031787037849426],"EasingStyle":"Linear","EasingDirection":"In"},"Head":{"Weight":1,"CFrame":[7.078051567077637e-8,-3.725290298461914e-8,3.5762786865234377e-7,0.9914370775222778,-0.1064014732837677,-0.0757058635354042,0.09919340163469315,0.9906813502311707,-0.09333432465791702,0.08493128418922425,0.0850255936384201,0.9927524328231812],"EasingStyle":"Linear","EasingDirection":"In"},"Torso":{"Weight":1,"CFrame":[0.051554955542087558,0.24001596868038178,-0.1454756259918213,0.984041690826416,0.170486181974411,0.050956521183252338,-0.1705072671175003,0.9853484630584717,-0.003965508192777634,-0.05088600143790245,-0.004786231555044651,0.9986929893493652],"EasingStyle":"Linear","EasingDirection":"In"},"HumanoidRootPart":{"Weight":1,"CFrame":[0,0,0,1,0,0,0,1,0,0,0,1],"EasingStyle":"Linear","EasingDirection":"In"},"Right Leg":{"Weight":1,"CFrame":[0.19406533241271974,0.12842988967895509,0.07785487174987793,0.9544708728790283,0.03691105172038078,-0.296011745929718,-0.023665716871619226,0.9985569715499878,0.04820611700415611,0.2973639965057373,-0.03900602459907532,0.9539671540260315],"EasingStyle":"Linear","EasingDirection":"In"}}},{"Time":0.36666667461395266,"poses":{"Left Leg":{"Weight":1,"CFrame":[-0.3449295461177826,0.2419731616973877,0.05865621566772461,0.9734708070755005,-0.07954298704862595,0.21454058587551118,0.049788154661655429,0.9888003468513489,0.14069496095180512,-0.22332914173603059,-0.12628085911273957,0.9665285348892212],"EasingStyle":"Linear","EasingDirection":"In"},"Right Arm":{"Weight":1,"CFrame":[0.21548238396644593,-0.7117304801940918,0.08476173877716065,-0.7277418971061707,-0.6801601648330689,0.08817054331302643,0.5405880212783814,-0.4897306263446808,0.6840531229972839,-0.42208579182624819,0.5454779267311096,0.7240838408470154],"EasingStyle":"Linear","EasingDirection":"In"},"Left Arm":{"Weight":1,"CFrame":[-0.3723427653312683,-0.5745669603347778,-0.05024594068527222,-0.6837894916534424,0.7015352845191956,-0.20069894194602967,-0.6112155318260193,-0.4004487693309784,0.6826833486557007,0.3985568583011627,0.5894819498062134,0.7026119232177734],"EasingStyle":"Linear","EasingDirection":"In"},"Head":{"Weight":1,"CFrame":[9.313225746154785e-8,-1.30385160446167e-8,1.1920928955078126e-7,0.9862247109413147,-0.14200936257839204,-0.0848192498087883,0.13381227850914002,0.9863865971565247,-0.0955815315246582,0.09723804891109467,0.08291498571634293,0.991801381111145],"EasingStyle":"Linear","EasingDirection":"In"},"Torso":{"Weight":1,"CFrame":[0.057970643043518069,0.2177790254354477,-0.14578461647033692,0.9792636036872864,0.19665050506591798,0.048698779195547107,-0.19526751339435578,0.9802364110946655,-0.031738217920064929,-0.053977660834789279,0.02157079428434372,0.9983091354370117],"EasingStyle":"Linear","EasingDirection":"In"},"HumanoidRootPart":{"Weight":1,"CFrame":[0,0,0,1,0,0,0,1,0,0,0,1],"EasingStyle":"Linear","EasingDirection":"In"},"Right Leg":{"Weight":1,"CFrame":[0.18967749178409577,0.13071715831756593,0.0688638687133789,0.9618837833404541,-0.012323101051151753,-0.27318060398101809,0.023722713813185693,0.9989782571792603,0.03846541419625282,0.2724275588989258,-0.04347991198301315,0.9611935019493103],"EasingStyle":"Linear","EasingDirection":"In"}}},{"Time":0.4000000059604645,"poses":{"Left Leg":{"Weight":1,"CFrame":[-0.3254932463169098,0.2547205090522766,0.06569230556488037,0.9689306020736694,-0.05427093803882599,0.2413051426410675,0.02110207825899124,0.9902114272117615,0.13797149062156678,-0.2464309185743332,-0.12859271466732026,0.9605913758277893],"EasingStyle":"Linear","EasingDirection":"In"},"Right Arm":{"Weight":1,"CFrame":[0.2376253604888916,-0.7670972347259522,0.1548314094543457,-0.7013190984725952,-0.6870195865631104,-0.1901467889547348,0.35030490159988406,-0.5644652247428894,0.7474392652511597,-0.620836615562439,0.4575839042663574,0.6365365386009216],"EasingStyle":"Linear","EasingDirection":"In"},"Left Arm":{"Weight":1,"CFrame":[-0.3808581829071045,-0.5913414359092712,0.01785886287689209,-0.6701034903526306,0.7356379628181458,0.09898506104946137,-0.4111396074295044,-0.4788825213909149,0.7756519913673401,0.6180012226104736,0.47907036542892458,0.6233505606651306],"EasingStyle":"Linear","EasingDirection":"In"},"Head":{"Weight":1,"CFrame":[1.0244548320770264e-7,-1.862645149230957e-8,1.1920928955078126e-7,0.977815568447113,-0.18784932792186738,-0.09267957508563996,0.17867963016033173,0.978916347026825,-0.09897653758525849,0.10931825637817383,0.08022085577249527,0.9907644987106323],"EasingStyle":"Linear","EasingDirection":"In"},"Torso":{"Weight":1,"CFrame":[0.0491597056388855,0.19479256868362428,-0.1467607021331787,0.9745486974716187,0.2199878692626953,0.04313049092888832,-0.2171109914779663,0.9741228222846985,-0.062830850481987,-0.05583640933036804,0.051867615431547168,0.9970918893814087],"EasingStyle":"Linear","EasingDirection":"In"},"HumanoidRootPart":{"Weight":1,"CFrame":[0,0,0,1,0,0,0,1,0,0,0,1],"EasingStyle":"Linear","EasingDirection":"In"},"Right Leg":{"Weight":1,"CFrame":[0.18832311034202577,0.13210397958755494,0.062493324279785159,0.96589195728302,-0.061788417398929599,-0.2514655888080597,0.06990248709917069,0.997278094291687,0.023454837501049043,0.24933192133903504,-0.04023284837603569,0.9675819873809815],"EasingStyle":"Linear","EasingDirection":"In"}}},{"Time":0.4333333373069763,"poses":{"Left Leg":{"Weight":1,"CFrame":[-0.2940790355205536,0.24841183423995973,0.07279002666473389,0.9643287062644959,-0.019197741523385049,0.2640107274055481,-0.012554449960589409,0.9929274320602417,0.11805789917707443,-0.2644098997116089,-0.1171610876917839,0.9572673439979553],"EasingStyle":"Linear","EasingDirection":"In"},"Right Arm":{"Weight":1,"CFrame":[0.24649624526500703,-0.7885651588439941,0.1898190975189209,-0.6008286476135254,-0.6982802748680115,-0.38911423087120058,0.21886375546455384,-0.6118687987327576,0.7600757479667664,-0.7688326239585877,0.37151211500167849,0.5204565525054932],"EasingStyle":"Linear","EasingDirection":"In"},"Left Arm":{"Weight":1,"CFrame":[-0.38415998220443728,-0.5978454351425171,0.08048796653747559,-0.5528353452682495,0.7613509893417358,0.33870014548301699,-0.2500177025794983,-0.5392855405807495,0.804153323173523,0.7948988676071167,0.35988324880599978,0.48848727345466616],"EasingStyle":"Linear","EasingDirection":"In"},"Head":{"Weight":1,"CFrame":[8.381903171539307e-8,9.313225746154785e-9,5.960464477539063e-7,0.9662615060806274,-0.23775145411491395,-0.09906098246574402,0.2276439666748047,0.9682443141937256,-0.10334984958171845,0.12048681825399399,0.07731234282255173,0.9896998405456543],"EasingStyle":"Linear","EasingDirection":"In"},"Torso":{"Weight":1,"CFrame":[0.019511643797159196,0.17584681510925294,-0.1478288173675537,0.9708728790283203,0.23880267143249513,0.01947038248181343,-0.23618023097515107,0.9675413966178894,-0.08990339189767838,-0.04030757397413254,0.08268626034259796,0.9957601428031921],"EasingStyle":"Linear","EasingDirection":"In"},"HumanoidRootPart":{"Weight":1,"CFrame":[0,0,0,1,0,0,0,1,0,0,0,1],"EasingStyle":"Linear","EasingDirection":"In"},"Right Leg":{"Weight":1,"CFrame":[0.2046772539615631,0.15346354246139527,0.05935657024383545,0.9675591588020325,-0.09770672768354416,-0.23298676311969758,0.10651175677776337,0.9939848184585571,0.025484006851911546,0.22909536957740785,-0.04947309568524361,0.9721459150314331],"EasingStyle":"Linear","EasingDirection":"In"}}},{"Time":0.46666666865348818,"poses":{"Left Leg":{"Weight":1,"CFrame":[-0.24889913201332093,0.2130422592163086,0.07858669757843018,0.9597656726837158,0.02524428255856037,0.27966493368148806,-0.04775606095790863,0.9961159229278565,0.0739755630493164,-0.2767113149166107,-0.08435489237308502,0.9572435021400452],"EasingStyle":"Linear","EasingDirection":"In"},"Right Arm":{"Weight":1,"CFrame":[0.24686768651008607,-0.7762351036071777,0.20077002048492433,-0.47841253876686098,-0.712797999382019,-0.5128747820854187,0.15210622549057008,-0.6424871683120728,0.7510486245155335,-0.8648614287376404,0.28129953145980837,0.41579487919807436],"EasingStyle":"Linear","EasingDirection":"In"},"Left Arm":{"Weight":1,"CFrame":[-0.38336753845214846,-0.5862253308296204,0.13328182697296143,-0.37699204683303835,0.775759756565094,0.5060373544692993,-0.14771239459514619,-0.589712381362915,0.7939902544021606,0.9143621325492859,0.22457996010780335,0.3369060754776001],"EasingStyle":"Linear","EasingDirection":"In"},"Head":{"Weight":1,"CFrame":[9.220093488693237e-8,-6.146728992462158e-8,-2.384185791015625e-7,0.9526641368865967,-0.28575435280799868,-0.10380576550960541,0.27475646138191225,0.9553822875022888,-0.10841410607099533,0.13015399873256684,0.07476090639829636,0.9886713027954102],"EasingStyle":"Linear","EasingDirection":"In"},"Torso":{"Weight":1,"CFrame":[-0.030009675770998,0.16457286477088929,-0.14935779571533204,0.9675700664520264,0.25122538208961489,-0.026342522352933885,-0.25259703397750857,0.9615780711174011,-0.10752924531698227,-0.0016836815048009158,0.11069612205028534,0.993852972984314],"EasingStyle":"Linear","EasingDirection":"In"},"HumanoidRootPart":{"Weight":1,"CFrame":[0,0,0,1,0,0,0,1,0,0,0,1],"EasingStyle":"Linear","EasingDirection":"In"},"Right Leg":{"Weight":1,"CFrame":[0.23811215162277223,0.2031129002571106,0.05605363845825195,0.9685238003730774,-0.11554770171642304,-0.22047743201255799,0.13039107620716096,0.9899935722351074,0.05395301431417465,0.21203716099262238,-0.08100304752588272,0.9738987684249878],"EasingStyle":"Linear","EasingDirection":"In"}}},{"Time":0.5,"poses":{"Left Leg":{"Weight":1,"CFrame":[-0.19919037818908692,0.16323858499526978,0.07816016674041748,0.9552190899848938,0.0700274333357811,0.2874937355518341,-0.07981788367033005,0.9965564608573914,0.022460484877228738,-0.28493088483810427,-0.044401802122592929,0.9575191736221314],"EasingStyle":"Linear","EasingDirection":"In"},"Right Arm":{"Weight":1,"CFrame":[0.24709293246269227,-0.742525577545166,0.2088932991027832,-0.37128329277038576,-0.7129854559898377,-0.5948114395141602,0.13692541420459748,-0.6756406426429749,0.7244040966033936,-0.9183682203292847,0.18751417100429536,0.34847986698150637],"EasingStyle":"Linear","EasingDirection":"In"},"Left Arm":{"Weight":1,"CFrame":[-0.38097435235977175,-0.5543419718742371,0.17647230625152589,-0.20508348941802979,0.7600902915000916,0.6166065335273743,-0.1081305667757988,-0.6437366604804993,0.7575691342353821,0.97275310754776,0.0886908769607544,0.214208722114563],"EasingStyle":"Linear","EasingDirection":"In"},"Head":{"Weight":1,"CFrame":[8.66129994392395e-8,5.587935447692871e-8,-1.7881393432617188e-7,0.9391983151435852,-0.3263257145881653,-0.10685513913631439,0.3144923746585846,0.942411482334137,-0.11382132768630982,0.13784432411193849,0.07329566031694412,0.9877382516860962],"EasingStyle":"Linear","EasingDirection":"In"},"Torso":{"Weight":1,"CFrame":[-0.08195695281028748,0.16072624921798707,-0.15220212936401368,0.9632816314697266,0.2569848597049713,-0.07776493579149246,-0.26471757888793948,0.9574291706085205,-0.11512584984302521,0.044868823140859607,0.13148435950279237,0.990302324295044],"EasingStyle":"Linear","EasingDirection":"In"},"HumanoidRootPart":{"Weight":1,"CFrame":[0,0,0,1,0,0,0,1,0,0,0,1],"EasingStyle":"Linear","EasingDirection":"In"},"Right Leg":{"Weight":1,"CFrame":[0.2697451114654541,0.2616913318634033,0.04842829704284668,0.9689933657646179,-0.12189986556768418,-0.2149239182472229,0.1450093537569046,0.9848394989967346,0.09520281851291657,0.2000603973865509,-0.12341690063476563,0.9719794988632202],"EasingStyle":"Linear","EasingDirection":"In"}}},{"Time":0.5333333611488342,"poses":{"Left Leg":{"Weight":1,"CFrame":[-0.15724195539951325,0.11667859554290772,0.07197535037994385,0.9521148204803467,0.10312046110630036,0.2878255546092987,-0.10153821855783463,0.994621217250824,-0.02046295627951622,-0.28838756680488589,-0.009742249734699726,0.9574642181396484],"EasingStyle":"Linear","EasingDirection":"In"},"Right Arm":{"Weight":1,"CFrame":[0.24720865488052369,-0.692359447479248,0.21468496322631837,-0.3093399703502655,-0.6995062828063965,-0.6442047953605652,0.18202358484268189,-0.7084609270095825,0.6818728446960449,-0.9333682656288147,0.09366993606090546,0.34648191928863528],"EasingStyle":"Linear","EasingDirection":"In"},"Left Arm":{"Weight":1,"CFrame":[-0.37695765495300295,-0.5066642761230469,0.2114396095275879,-0.11133242398500443,0.7248133420944214,0.6798903346061707,-0.14545182883739472,-0.6886606216430664,0.7103452086448669,0.9830813407897949,-0.019806798547506334,0.18209563195705415],"EasingStyle":"Linear","EasingDirection":"In"},"Head":{"Weight":1,"CFrame":[1.0058283805847168e-7,-2.2351741790771486e-8,0,0.9288021922111511,-0.35441267490386965,-0.10825128853321076,0.3418050706386566,0.9321774244308472,-0.11922542005777359,0.14316433668136598,0.07373598217964173,0.9869483709335327],"EasingStyle":"Linear","EasingDirection":"In"},"Torso":{"Weight":1,"CFrame":[-0.1190757006406784,0.16348183155059815,-0.15523028373718263,0.9590925574302673,0.2571006119251251,-0.11849461495876312,-0.2702538073062897,0.9561542272567749,-0.11283686012029648,0.08428870886564255,0.14024460315704347,0.9865226149559021],"EasingStyle":"Linear","EasingDirection":"In"},"HumanoidRootPart":{"Weight":1,"CFrame":[0,0,0,1,0,0,0,1,0,0,0,1],"EasingStyle":"Linear","EasingDirection":"In"},"Right Leg":{"Weight":1,"CFrame":[0.29140108823776247,0.3096202611923218,0.03883683681488037,0.9692978858947754,-0.1176881343126297,-0.21589608490467072,0.1490378975868225,0.9795506000518799,0.13516095280647279,0.1955742985010147,-0.1631879359483719,0.9670162796974182],"EasingStyle":"Linear","EasingDirection":"In"}}},{"Time":0.5666666626930237,"poses":{"Left Leg":{"Weight":1,"CFrame":[-0.14666631817817689,0.09294486045837403,0.06684267520904541,0.9548698663711548,0.11011414974927902,0.27585911750793459,-0.10256217420101166,0.9938521385192871,-0.04170120507478714,-0.2787551283836365,0.011526554822921753,0.9602930545806885],"EasingStyle":"Linear","EasingDirection":"In"},"Right Arm":{"Weight":1,"CFrame":[0.24725133180618287,-0.6306599378585815,0.21864044666290284,-0.2831594944000244,-0.6781959533691406,-0.6781378984451294,0.2750411927700043,-0.7347995638847351,0.6200177669525147,-0.9187889695167542,-0.010952011682093144,0.39459726214408877],"EasingStyle":"Linear","EasingDirection":"In"},"Left Arm":{"Weight":1,"CFrame":[-0.3712940812110901,-0.4476608335971832,0.23956406116485597,-0.08644668012857437,0.6852866411209106,0.723124623298645,-0.2333918958902359,-0.719573438167572,0.6540201902389526,0.9685325622558594,-0.11223357915878296,0.22214505076408387],"EasingStyle":"Linear","EasingDirection":"In"},"Head":{"Weight":1,"CFrame":[1.0989606380462647e-7,-4.470348358154297e-8,0,0.9246243238449097,-0.3652142882347107,-0.10811381787061691,0.35190698504447939,0.9277405142784119,-0.12433479726314545,0.14571042358875276,0.07691694051027298,0.9863328337669373],"EasingStyle":"Linear","EasingDirection":"In"},"Torso":{"Weight":1,"CFrame":[-0.12194168567657471,0.17035704851150514,-0.1557631492614746,0.9596201181411743,0.2480240762233734,-0.13271579146385194,-0.2621617317199707,0.9595880508422852,-0.10228405147790909,0.10198358446359635,0.13294683396816255,0.9858623147010803],"EasingStyle":"Linear","EasingDirection":"In"},"HumanoidRootPart":{"Weight":1,"CFrame":[0,0,0,1,0,0,0,1,0,0,0,1],"EasingStyle":"Linear","EasingDirection":"In"},"Right Leg":{"Weight":1,"CFrame":[0.2978748679161072,0.32974129915237429,0.03593289852142334,0.9686785340309143,-0.09956581145524979,-0.2274833470582962,0.13822974264621736,0.9772443771362305,0.16089113056659699,0.20628756284713746,-0.1872967928647995,0.9603985548019409],"EasingStyle":"Linear","EasingDirection":"In"}}},{"Time":0.6000000238418579,"poses":{"Left Leg":{"Weight":1,"CFrame":[-0.1774018406867981,0.09910774230957031,0.06665539741516113,0.9640325307846069,0.08811458200216294,0.25075334310531618,-0.08141370117664337,0.9959936738014221,-0.03699304163455963,-0.2530084252357483,0.015247752889990807,0.9673439860343933],"EasingStyle":"Linear","EasingDirection":"In"},"Right Arm":{"Weight":1,"CFrame":[0.24725733697414399,-0.5623500347137451,0.22125566005706788,-0.2634269595146179,-0.6518245339393616,-0.711147665977478,0.3882901072502136,-0.746476411819458,0.5403738021850586,-0.8830838799476624,-0.13378262519836427,0.449739009141922],"EasingStyle":"Linear","EasingDirection":"In"},"Left Arm":{"Weight":1,"CFrame":[-0.36396026611328127,-0.3817993998527527,0.2622256278991699,-0.07105990499258042,0.6416164636611939,0.7637268304824829,-0.33291158080101015,-0.7370148301124573,0.588200032711029,0.9402768015861511,-0.21245606243610383,0.2659737467765808],"EasingStyle":"Linear","EasingDirection":"In"},"Head":{"Weight":1,"CFrame":[1.564621925354004e-7,1.862645149230957e-8,-1.7881393432617188e-7,0.9293880462646484,-0.35288959741592409,-0.10819825530052185,0.33883586525917055,0.9319499135017395,-0.12907269597053529,0.14638374745845796,0.08329715579748154,0.9857146739959717],"EasingStyle":"Linear","EasingDirection":"In"},"Torso":{"Weight":1,"CFrame":[-0.08894184231758118,0.17847734689712525,-0.15300393104553224,0.9666017889976502,0.22812432050704957,-0.11679182201623917,-0.23879216611385346,0.9671450257301331,-0.08722952008247376,0.09305544942617417,0.11220519989728928,0.989318311214447],"EasingStyle":"Linear","EasingDirection":"In"},"HumanoidRootPart":{"Weight":1,"CFrame":[0,0,0,1,0,0,0,1,0,0,0,1],"EasingStyle":"Linear","EasingDirection":"In"},"Right Leg":{"Weight":1,"CFrame":[0.2876209616661072,0.31744593381881716,0.04431164264678955,0.965723991394043,-0.06975898891687393,-0.25002169609069826,0.11372803151607514,0.9795500040054321,0.16597570478916169,0.23333048820495606,-0.1887212097644806,0.9539084434509277],"EasingStyle":"Linear","EasingDirection":"In"}}},{"Time":0.6333333253860474,"poses":{"Left Leg":{"Weight":1,"CFrame":[-0.22986850142478944,0.12158221006393433,0.06554234027862549,0.9747008085250855,0.05030861869454384,0.2177785038948059,-0.04816440865397453,0.9987246990203857,-0.015146478079259396,-0.21826274693012238,0.004274143371731043,0.9758806824684143],"EasingStyle":"Linear","EasingDirection":"In"},"Right Arm":{"Weight":1,"CFrame":[0.24726347625255586,-0.49235135316848757,0.22302675247192384,-0.2520223557949066,-0.621052086353302,-0.7421450614929199,0.5055344104766846,-0.7384294271469116,0.44627001881599429,-0.8251786231994629,-0.2627098858356476,0.5000638365745544],"EasingStyle":"Linear","EasingDirection":"In"},"Left Arm":{"Weight":1,"CFrame":[-0.354933