{"Sequence":[{"Time":0,"poses":{"Left Leg":{"Weight":1,"CFrame":[-0.12956207990646363,0.0900067687034607,0.1289370059967041,0.875766932964325,-0.1132393553853035,0.46926450729370119,0.11943826079368592,0.9927020072937012,0.016649099066853524,-0.4677252173423767,0.04146740958094597,0.8829007744789124],"EasingStyle":"Linear","EasingDirection":"In"},"Right Leg":{"Weight":1,"CFrame":[0.31288787722587588,0.10064870119094849,0.044723689556121829,0.9664535522460938,0.2014802247285843,-0.1592898815870285,-0.18521328270435334,0.9763805270195007,0.1112525686621666,0.17794279754161836,-0.07801788300275803,0.9809433221817017],"EasingStyle":"Linear","EasingDirection":"In"},"Head":{"Weight":1,"CFrame":[6.891787052154541e-8,-2.2351741790771486e-8,0.016661763191223146,0.9097243547439575,0.4108703136444092,0.05989416316151619,-0.41291603446006777,0.8800787329673767,0.23443934321403504,0.043612584471702579,-0.23800647258758546,0.9702839851379395],"EasingStyle":"Linear","EasingDirection":"In"},"Handle2":{"Weight":1,"CFrame":[0.5066238641738892,-0.8695152997970581,-0.9803678393363953,0.6497790217399597,0.06112014502286911,-0.7576633095741272,0.75908362865448,-4.172325134277344e-7,0.6509941816329956,0.03978922218084335,-0.9981304407119751,-0.04639489948749542],"EasingStyle":"Linear","EasingDirection":"In"},"Torso":{"Weight":1,"CFrame":[-0.0013722451403737069,-0.049305208027362826,-0.11436986923217774,0.9870239496231079,-0.16056449711322785,-0.001668349141255021,0.1601773053407669,0.9852666258811951,-0.05994119867682457,0.011268195696175099,0.05889616906642914,0.998200535774231],"EasingStyle":"Linear","EasingDirection":"In"},"HumanoidRootPart":{"Weight":0,"CFrame":[0,0,0,1,0,0,0,1,0,0,0,1],"EasingStyle":"Linear","EasingDirection":"In"},"Right Arm":{"Weight":1,"CFrame":[-0.1634252369403839,-0.187236487865448,0.07136932015419007,0.5105624794960022,-0.26606783270835879,0.8176392316818237,0.40250876545906069,0.9142512679100037,0.04616563394665718,-0.7598109245300293,0.3055364191532135,0.5738770365715027],"EasingStyle":"Linear","EasingDirection":"In"},"Left Arm":{"Weight":1,"CFrame":[0.2862529754638672,-0.3028034567832947,0.31358617544174197,0.17221520841121674,0.35642287135124209,-0.9183163642883301,-0.43326258659362795,0.8646364212036133,0.2543368339538574,0.8846612572669983,0.3540714383125305,0.30332818627357485],"EasingStyle":"Linear","EasingDirection":"In"},"Handle":{"Weight":1,"CFrame":[-0.20620274543762208,-1.0128507614135743,-1.2606875896453858,1,0,0,0,-4.371138828673793e-8,1,0,-1,-4.371138828673793e-8],"EasingStyle":"Linear","EasingDirection":"In"}}},{"Time":0.03333333507180214,"poses":{"Left Leg":{"Weight":1,"CFrame":[-0.14340248703956605,0.10911089181900025,0.13915809988975526,0.8809562921524048,-0.060709062963724139,0.46928709745407107,0.07377690821886063,0.9972295761108398,-0.009489721618592739,-0.4674108922481537,0.0429825559258461,0.8829947113990784],"EasingStyle":"Linear","EasingDirection":"In"},"Right Arm":{"Weight":1,"CFrame":[-0.2526927888393402,-0.19178062677383424,0.1154562383890152,0.30197468400001528,-0.5332669019699097,0.7902137637138367,0.6544548273086548,0.7186862826347351,0.2349018007516861,-0.6931811571121216,0.44622474908828738,0.5660240650177002],"EasingStyle":"Linear","EasingDirection":"In"},"Head":{"Weight":1,"CFrame":[4.6566128730773929e-8,-8.940696716308594e-8,0.016662418842315675,0.8900215029716492,0.45239323377609255,0.05658821761608124,-0.44809046387672427,0.8450740575790405,0.2916586101055145,0.08412311226129532,-0.284939169883728,0.9548472166061401],"EasingStyle":"Linear","EasingDirection":"In"},"Left Arm":{"Weight":1,"CFrame":[0.2784680426120758,-0.32893991470336916,0.3143230080604553,-0.051924508064985278,0.5573716163635254,-0.8286380767822266,-0.5943921208381653,0.6495283842086792,0.4741421341896057,0.8024973273277283,0.5171554684638977,0.29757070541381838],"EasingStyle":"Linear","EasingDirection":"In"},"Torso":{"Weight":1,"CFrame":[-0.008888712152838707,-0.0959855318069458,-0.13216212391853333,0.9870179891586304,-0.16053925454616548,0.004762459546327591,0.159993514418602,0.9802026152610779,-0.11664016544818878,0.014057145453989506,0.11588788777589798,0.9931629300117493],"EasingStyle":"Linear","EasingDirection":"In"},"HumanoidRootPart":{"Weight":0,"CFrame":[0,0,0,1,0,0,0,1,0,0,0,1],"EasingStyle":"Linear","EasingDirection":"In"},"Right Leg":{"Weight":1,"CFrame":[0.44185319542884829,0.1780862808227539,0.054750919342041019,0.9526913166046143,0.2541007697582245,-0.166769340634346,-0.22551852464675904,0.9588235020637512,0.17262373864650727,0.20376627147197724,-0.12684762477874757,0.9707672595977783],"EasingStyle":"Linear","EasingDirection":"In"}}},{"Time":0.06666667014360428,"poses":{"Left Leg":{"Weight":1,"CFrame":[-0.1438552588224411,0.12790870666503907,0.1390332281589508,0.8824619650840759,-0.03321830928325653,0.46920931339263918,0.04083814099431038,0.9991472959518433,-0.006070137955248356,-0.468607634305954,0.02451833337545395,0.8830662369728088],"EasingStyle":"Linear","EasingDirection":"In"},"Right Arm":{"Weight":1,"CFrame":[-0.3057403266429901,-0.18867655098438264,0.14031442999839784,0.1450682133436203,-0.6700188517570496,0.728031575679779,0.743817150592804,0.5590676665306091,0.36630502343177798,-0.6524502038955689,0.4883831739425659,0.5794745087623596],"EasingStyle":"Linear","EasingDirection":"In"},"Head":{"Weight":1,"CFrame":[1.043081283569336e-7,1.6391277313232423e-7,0.016662567853927614,0.8715984225273132,0.48806947469711306,0.04587503522634506,-0.47591033577919009,0.819996178150177,0.3179868161678314,0.11758226901292801,-0.2989891767501831,0.9469847083091736],"EasingStyle":"Linear","EasingDirection":"In"},"Left Arm":{"Weight":1,"CFrame":[0.24853453040122987,-0.34615689516067507,0.30395644903182986,-0.1958957016468048,0.6765594482421875,-0.7098537683486939,-0.6119067072868347,0.4813229739665985,0.6276131272315979,0.7662865519523621,0.5573110580444336,0.3197019696235657],"EasingStyle":"Linear","EasingDirection":"In"},"Torso":{"Weight":1,"CFrame":[-0.03708722069859505,-0.11578607559204102,-0.13978171348571778,0.987034797668457,-0.16018818318843842,0.010101779364049435,0.16000668704509736,0.9770489931106567,-0.1406170278787613,0.01265525259077549,0.14041025936603547,0.990012526512146],"EasingStyle":"Linear","EasingDirection":"In"},"HumanoidRootPart":{"Weight":0,"CFrame":[0,0,0,1,0,0,0,1,0,0,0,1],"EasingStyle":"Linear","EasingDirection":"In"},"Right Leg":{"Weight":1,"CFrame":[0.632300078868866,0.24676096439361573,0.07537850737571717,0.9128679633140564,0.3711894154548645,-0.16997230052947999,-0.33962544798851015,0.9215032458305359,0.18837812542915345,0.22655406594276429,-0.1142374649643898,0.9672761559486389],"EasingStyle":"Linear","EasingDirection":"In"}}},{"Time":0.10000000149011612,"poses":{"Left Leg":{"Weight":1,"CFrame":[-0.13616733253002168,0.14255601167678834,0.13217809796333314,0.8827852606773377,-0.02016529254615307,0.4693436324596405,0.016359735280275346,0.9997919201850891,0.012184955179691315,-0.46949177980422976,-0.003078337060287595,0.8829315304756165],"EasingStyle":"Linear","EasingDirection":"In"},"Right Arm":{"Weight":1,"CFrame":[-0.3329319953918457,-0.1767181158065796,0.15179434418678285,0.06405705958604813,-0.7441633939743042,0.6649191975593567,0.759834885597229,0.4683133065700531,0.4509252905845642,-0.6469526290893555,0.47634389996528628,0.595440149307251],"EasingStyle":"Linear","EasingDirection":"In"},"Head":{"Weight":1,"CFrame":[7.636845111846924e-8,0,0.01666221022605896,0.8549007177352905,0.5177692174911499,0.03255831077694893,-0.49872344732284548,0.8029242753982544,0.32647719979286196,0.14289790391921998,-0.2953431308269501,0.9446442127227783],"EasingStyle":"Linear","EasingDirection":"In"},"Left Arm":{"Weight":1,"CFrame":[0.21114835143089295,-0.35580354928970339,0.2880648672580719,-0.2544647455215454,0.7645184397697449,-0.5922494530677795,-0.572306215763092,0.374612420797348,0.7294731140136719,0.7795596122741699,0.5245732665061951,0.34221288561820986],"EasingStyle":"Linear","EasingDirection":"In"},"Torso":{"Weight":1,"CFrame":[-0.07887932658195496,-0.11994881927967072,-0.14111663401126862,0.9870239496231079,-0.16009832918643952,0.01233900710940361,0.16017724573612214,0.9762869477272034,-0.14562661945819856,0.011268170550465584,0.14571338891983033,0.9892627000808716],"EasingStyle":"Linear","EasingDirection":"In"},"HumanoidRootPart":{"Weight":0,"CFrame":[0,0,0,1,0,0,0,1,0,0,0,1],"EasingStyle":"Linear","EasingDirection":"In"},"Right Leg":{"Weight":1,"CFrame":[0.7401955723762512,0.2798057198524475,0.08767223358154297,0.8815305829048157,0.44123804569244387,-0.16796660423278809,-0.4127075970172882,0.8929532766342163,0.17974130809307099,0.22929510474205018,-0.08912642300128937,0.9692679047584534],"EasingStyle":"Linear","EasingDirection":"In"}}},{"Time":0.13333334028720857,"poses":{"Left Leg":{"Weight":1,"CFrame":[-0.11596593260765076,0.13662189245224,0.11397379636764527,0.8829014897346497,-0.05804824084043503,0.46595627069473269,0.035330966114997867,0.9977288246154785,0.057350046932697299,-0.4682270586490631,-0.03417172282934189,0.8829473257064819],"EasingStyle":"Linear","EasingDirection":"In"},"Right Arm":{"Weight":1,"CFrame":[-0.34342366456985476,-0.15655496716499329,0.15519827604293824,0.03803975507616997,-0.791212797164917,0.6103569269180298,0.7536910772323608,0.4237690567970276,0.502363920211792,-0.6561270356178284,0.4409106969833374,0.6124500036239624],"EasingStyle":"Linear","EasingDirection":"In"},"Head":{"Weight":1,"CFrame":[8.102506399154663e-8,-1.043081283569336e-7,0.01666232943534851,0.8402101397514343,0.5418506264686585,0.021092882379889489,-0.5252317786216736,0.803536593914032,0.2801078259944916,0.13482771813869477,-0.24642817676067353,0.9597368240356445],"EasingStyle":"Linear","EasingDirection":"In"},"Left Arm":{"Weight":1,"CFrame":[0.17977821826934815,-0.36052942276000979,0.2715204358100891,-0.24893167614936829,0.8382992148399353,-0.4850645363330841,-0.5236687660217285,0.3048115372657776,0.7955254912376404,0.8147416710853577,0.45204463601112368,0.36311376094818118],"EasingStyle":"Linear","EasingDirection":"In"},"Torso":{"Weight":1,"CFrame":[-0.13433018326759339,-0.07769717276096344,-0.12710076570510865,0.9868757128715515,-0.1614740490913391,0.0015827689785510302,0.16090209782123567,0.9824559688568115,-0.09429141134023667,0.013670611195266247,0.09330855309963227,0.9955434799194336],"EasingStyle":"Linear","EasingDirection":"In"},"HumanoidRootPart":{"Weight":0,"CFrame":[0,0,0,1,0,0,0,1,0,0,0,1],"EasingStyle":"Linear","EasingDirection":"In"},"Right Leg":{"Weight":1,"CFrame":[0.7819541692733765,0.2514565587043762,0.08912673592567444,0.8516911864280701,0.5001789927482605,-0.15634256601333619,-0.4726659059524536,0.8620362877845764,0.18297645449638368,0.22629399597644807,-0.08194173127412796,0.9706063866615295],"EasingStyle":"Linear","EasingDirection":"In"}}},{"Time":0.1666666716337204,"poses":{"Left Leg":{"Weight":1,"CFrame":[-0.0688314288854599,0.11285936832427979,0.07984927296638489,0.8807063102722168,-0.14631225168704987,0.4504988491535187,0.09848681092262268,0.9868749380111694,0.12797798216342927,-0.46331077814102175,-0.06834281980991364,0.8835568428039551],"EasingStyle":"Linear","EasingDirection":"In"},"Right Arm":{"Weight":1,"CFrame":[-0.345622181892395,-0.12919315695762635,0.1555638164281845,0.035115789622068408,-0.8259822726249695,0.5626014471054077,0.7550272345542908,0.39074602723121645,0.5265466570854187,-0.6547524333000183,0.4062892496585846,0.6373603940010071],"EasingStyle":"Linear","EasingDirection":"In"},"Head":{"Weight":1,"CFrame":[1.2246891856193543e-7,-2.9802322387695315e-8,0.016661852598190309,0.827438235282898,0.561423659324646,0.012236285954713822,-0.5549497604370117,0.8141757249832153,0.17072996497154237,0.08588939160108566,-0.14805902540683747,0.9852419495582581],"EasingStyle":"Linear","EasingDirection":"In"},"Left Arm":{"Weight":1,"CFrame":[0.16727319359779359,-0.3630431890487671,0.2588885426521301,-0.20850522816181184,0.8979915976524353,-0.38747507333755495,-0.4965120255947113,0.24414151906967164,0.832988977432251,0.8426158428192139,0.36606863141059878,0.3949587047100067],"EasingStyle":"Linear","EasingDirection":"In"},"Torso":{"Weight":1,"CFrame":[-0.19905251264572144,0.016192596405744554,-0.10435105860233307,0.9864752888679504,-0.16223381459712983,-0.023382024839520456,0.16270297765731812,0.986476719379425,0.01978420279920101,0.019856156781315805,-0.02332095243036747,0.9995308518409729],"EasingStyle":"Linear","EasingDirection":"In"},"HumanoidRootPart":{"Weight":0,"CFrame":[0,0,0,1,0,0,0,1,0,0,0,1],"EasingStyle":"Linear","EasingDirection":"In"},"Right Leg":{"Weight":1,"CFrame":[0.8071101307868958,0.17141789197921754,0.08533322811126709,0.7946385145187378,0.5922951698303223,-0.13317707180976869,-0.5611127018928528,0.8003146052360535,0.2113027572631836,0.23173724114894868,-0.09318196773529053,0.968305230140686],"EasingStyle":"Linear","EasingDirection":"In"}}},{"Time":0.20000000298023225,"poses":{"Left Leg":{"Weight":1,"CFrame":[0.014951825141906739,0.09825313091278076,0.03191491961479187,0.8786241412162781,-0.21645568311214448,0.4256365895271301,0.14746783673763276,0.970786988735199,0.1892777532339096,-0.4541727900505066,-0.10353625565767288,0.8848770260810852],"EasingStyle":"Linear","EasingDirection":"In"},"Right Arm":{"Weight":1,"CFrame":[-0.34087929129600527,-0.09501734375953675,0.15569448471069337,0.04026557877659798,-0.8772406578063965,0.4783591330051422,0.8027397394180298,0.3134717345237732,0.5072913765907288,-0.5949686765670776,0.3635714650154114,0.7168180346488953],"EasingStyle":"Linear","EasingDirection":"In"},"Head":{"Weight":1,"CFrame":[1.0943040251731873e-7,1.1362135410308838e-7,0.016661882400512697,0.8166306614875794,0.5771375894546509,0.005172878038138151,-0.576385498046875,0.8150365948677063,0.05911962315440178,0.029904048889875413,-0.05126041918992996,0.9982376098632813],"EasingStyle":"Linear","EasingDirection":"In"},"Left Arm":{"Weight":1,"CFrame":[0.17547881603240968,-0.31172651052474978,0.25224030017852785,-0.17145630717277528,0.9429362416267395,-0.2854365408420563,-0.5106935501098633,0.16269615292549134,0.8442286849021912,0.8424932956695557,0.29051896929740908,0.4536561369895935],"EasingStyle":"Linear","EasingDirection":"In"},"Torso":{"Weight":1,"CFrame":[-0.25869834423065188,0.10963158309459686,-0.0929112583398819,0.9858316779136658,-0.15984609723091126,-0.050844863057136539,0.1653202921152115,0.9771884083747864,0.13331182301044465,0.02837563306093216,-0.13982871174812318,0.9897690415382385],"EasingStyle":"Linear","EasingDirection":"In"},"HumanoidRootPart":{"Weight":0,"CFrame":[0,0,0,1,0,0,0,1,0,0,0,1],"EasingStyle":"Linear","EasingDirection":"In"},"Right Leg":{"Weight":1,"CFrame":[0.8097684979438782,0.0996781587600708,0.07682070136070252,0.7382305860519409,0.6664171814918518,-0.10442070662975311,-0.6282182931900024,0.7356190085411072,0.25338977575302126,0.24567724764347077,-0.1214611753821373,0.9617120623588562],"EasingStyle":"Linear","EasingDirection":"In"}}},{"Time":0.23333333432674409,"poses":{"Left Leg":{"Weight":1,"CFrame":[0.10791697353124619,0.10021239519119263,-0.015035629272460938,0.8850286602973938,-0.21889759600162507,0.4108625054359436,0.1403375118970871,0.9669498205184937,0.2128698080778122,-0.443880170583725,-0.13073641061782838,0.8864979147911072],"EasingStyle":"Linear","EasingDirection":"In"},"Right Arm":{"Weight":1,"CFrame":[-0.331280916929245,-0.050082311034202579,0.1543934941291809,-0.02129191905260086,-0.9507903456687927,0.3091025948524475,0.8824505805969238,0.12744763493537904,0.45281147956848147,-0.46992310881614687,0.28240883350372317,0.8363117575645447],"EasingStyle":"Linear","EasingDirection":"In"},"Head":{"Weight":1,"CFrame":[1.47323589771986e-7,-8.707866072654724e-8,0.016662269830703737,0.8084057569503784,0.5886251926422119,-0.0007316767587326467,-0.5885888934135437,0.8083685636520386,0.010175356641411782,0.006581000983715057,-0.007795155048370361,0.9999479651451111],"EasingStyle":"Linear","EasingDirection":"In"},"Left Arm":{"Weight":1,"CFrame":[0.1891307234764099,-0.18981440365314485,0.2436099499464035,-0.19291017949581147,0.9725325107574463,-0.1302545815706253,-0.5560671091079712,0.0010161062236875296,0.8311368823051453,0.8084399700164795,0.23276498913764954,0.5405970215797424],"EasingStyle":"Linear","EasingDirection":"In"},"Torso":{"Weight":1,"CFrame":[-0.29902946949005129,0.15105201303958894,-0.09164214134216309,0.9851537346839905,-0.15709717571735383,-0.06922920793294907,0.1673685908317566,0.9686410427093506,0.18363644182682038,0.03820948302745819,-0.1924969106912613,0.980553388595581],"EasingStyle":"Linear","EasingDirection":"In"},"HumanoidRootPart":{"Weight":0,"CFrame":[0,0,0,1,0,0,0,1,0,0,0,1],"EasingStyle":"Linear","EasingDirection":"In"},"Right Leg":{"Weight":1,"CFrame":[0.8058435916900635,0.09520292282104492,0.06159856915473938,0.7242096662521362,0.684597373008728,-0.08274534344673157,-0.6361676454544067,0.7095925807952881,0.3029342293739319,0.26610347628593447,-0.16674795746803285,0.94941246509552],"EasingStyle":"Linear","EasingDirection":"In"}}},{"Time":0.2666666805744171,"poses":{"Left Leg":{"Weight":1,"CFrame":[0.11719848215579987,0.09861844778060913,-0.01905915141105652,0.8875958323478699,-0.20879483222961427,0.410582959651947,0.13164104521274568,0.9691711068153381,0.20827427506446839,-0.4414116442203522,-0.13081377744674684,0.8877182602882385],"EasingStyle":"Linear","EasingDirection":"In"},"Right Arm":{"Weight":1,"CFrame":[-0.3240904211997986,0.010358482599258423,0.1504465639591217,-0.28062519431114199,-0.9585919380187988,0.04848756641149521,0.8932700157165527,-0.24235227704048158,0.3785947561264038,-0.35116681456565859,0.14955554902553559,0.9242915511131287],"EasingStyle":"Linear","EasingDirection":"In"},"Head":{"Weight":1,"CFrame":[1.2712553143501283e-7,7.82310962677002e-8,0.016662120819091798,0.802836000919342,0.5961586833000183,-0.007019955664873123,-0.5959696173667908,0.8027974367141724,0.01834987848997116,0.016575045883655549,-0.010548245161771775,0.9998070001602173],"EasingStyle":"Linear","EasingDirection":"In"},"Left Arm":{"Weight":1,"CFrame":[0.19350315630435944,-0.052304357290267947,0.2218889594078064,-0.3422178328037262,0.9298743009567261,0.13498486578464509,-0.5825787782669067,-0.3226926922798157,0.7459702491760254,0.7372170686721802,0.17664490640163423,0.6521561145782471],"EasingStyle":"Linear","EasingDirection":"In"},"Torso":{"Weight":1,"CFrame":[-0.3199795186519623,0.14554861187934876,-0.09701131284236908,0.9846385717391968,-0.15644054114818574,-0.07754527777433396,0.16807371377944947,0.9695380926132202,0.17817717790603639,0.04730895906686783,-0.18847344815731049,0.9809381365776062],"EasingStyle":"Linear","EasingDirection":"In"},"HumanoidRootPart":{"Weight":0,"CFrame":[0,0,0,1,0,0,0,1,0,0,0,1],"EasingStyle":"Linear","EasingDirection":"In"},"Right Leg":{"Weight":1,"CFrame":[0.7374346256256104,0.11650431156158447,0.06785549223423004,0.7613935470581055,0.6406207084655762,-0.09942301362752915,-0.5755354762077332,0.7385388612747192,0.3511681854724884,0.2983933985233307,-0.21015582978725434,0.9310187697410584],"EasingStyle":"Linear","EasingDirection":"In"}}},{"Time":0.30000001192092898,"poses":{"Left Leg":{"Weight":1,"CFrame":[0.053357310593128207,0.09559494256973267,0.011376529932022095,0.8816010355949402,-0.22974064946174622,0.41230928897857668,0.1577250361442566,0.9667238593101502,0.2014147937297821,-0.44486236572265627,-0.11253593862056732,0.8885005712509155],"EasingStyle":"Linear","EasingDirection":"In"},"Right Arm":{"Weight":1,"CFrame":[-0.34891048073768618,0.08709204196929932,0.08772221207618714,-0.7172653675079346,-0.6357292532920837,-0.2852695882320404,0.588725745677948,-0.7719009518623352,0.23993945121765138,-0.372736394405365,0.004154588561505079,0.9279280304908752],"EasingStyle":"Linear","EasingDirection":"In"},"Head":{"Weight":1,"CFrame":[1.3364478945732118e-7,9.313225746154785e-9,0.016661912202835084,0.7989833354949951,0.6011828780174255,-0.014310846105217934,-0.6005128026008606,0.798898458480835,0.03384925797581673,0.03178251162171364,-0.018451092764735223,0.9993245005607605],"EasingStyle":"Linear","EasingDirection":"In"},"Left Arm":{"Weight":1,"CFrame":[0.16293416917324067,0.05709725618362427,0.1645924150943756,-0.6303226947784424,0.6211846470832825,0.4656426012516022,-0.43118491768836977,-0.7789008021354675,0.4554046392440796,0.6455795764923096,0.08627372235059738,0.758804202079773],"EasingStyle":"Linear","EasingDirection":"In"},"Torso":{"Weight":1,"CFrame":[-0.33219993114471438,0.1323290467262268,-0.1107783317565918,0.9842416644096375,-0.15644577145576478,-0.08242049813270569,0.16831228137016297,0.9717576503753662,0.16540269553661347,0.05421619117259979,-0.17666859924793244,0.9827761054039002],"EasingStyle":"Linear","EasingDirection":"In"},"HumanoidRootPart":{"Weight":0,"CFrame":[0,0,0,1,0,0,0,1,0,0,0,1],"EasingStyle":"Linear","EasingDirection":"In"},"Right Leg":{"Weight":1,"CFrame":[0.5741989016532898,0.10150253772735596,0.09741911292076111,0.8139342069625855,0.5609278082847595,-0.15123194456100465,-0.47435659170150759,0.7919607162475586,0.38442695140838625,0.33540552854537966,-0.24116039276123048,0.9106837511062622],"EasingStyle":"Linear","EasingDirection":"In"}}},{"Time":0.3333333432674408,"poses":{"Left Leg":{"Weight":1,"CFrame":[-0.024009235203266145,0.09736829996109009,0.04758158326148987,0.8737751245498657,-0.25326868891716006,0.4151768982410431,0.18712995946407319,0.9630570411682129,0.19365864992141725,-0.448886901140213,-0.09152207523584366,0.8888895511627197],"EasingStyle":"Linear","EasingDirection":"In"},"Right Arm":{"Weight":1,"CFrame":[-0.3984392583370209,0.16504734754562379,-0.02061501145362854,-0.8704544305801392,-0.0677037239074707,-0.48757094144821169,0.07385236024856568,-0.9972471594810486,0.006629432085901499,-0.4866776466369629,-0.030237775295972825,0.8730582594871521],"EasingStyle":"Linear","EasingDirection":"In"},"Head":{"Weight":1,"CFrame":[7.916241884231568e-8,7.636845111846924e-8,0.01666247844696045,0.7965590953826904,0.6041737794876099,-0.02163049392402172,-0.6025227308273315,0.7963007092475891,0.05358753353357315,0.049600474536418918,-0.029652714729309083,0.9983289241790772],"EasingStyle":"Linear","EasingDirection":"In"},"Left Arm":{"Weight":1,"CFrame":[0.11187377572059632,0.13329660892486573,0.09160184860229492,-0.7952935099601746,0.1359386444091797,0.5907866358757019,-0.12376993894577027,-0.9904170632362366,0.061278823763132098,0.5934553742408752,-0.024387149140238763,0.804497480392456],"EasingStyle":"Linear","EasingDirection":"In"},"Torso":{"Weight":1,"CFrame":[-0.33829259872436526,0.11409466713666916,-0.13085892796516419,0.9839794039726257,-0.1569141000509262,-0.08463170379400253,0.1681460738182068,0.9745883941650391,0.14800138771533967,0.059257570654153827,-0.15986080467700959,0.9853593707084656],"EasingStyle":"Linear","EasingDirection":"In"},"HumanoidRootPart":{"Weight":0,"CFrame":[0,0,0,1,0,0,0,1,0,0,0,1],"EasingStyle":"Linear","EasingDirection":"In"},"Right Leg":{"Weight":1,"CFrame":[0.3920176029205322,0.07385921478271485,0.11316169798374176,0.8579391241073608,0.4700620174407959,-0.2073214203119278,-0.3637540638446808,0.8407673239707947,0.4009905755519867,0.3627995252609253,-0.2686115503311157,0.8923141956329346],"EasingStyle":"Linear","EasingDirection":"In"}}},{"Time":0.36666667461395266,"poses":{"Left Leg":{"Weight":1,"CFrame":[-0.09661629796028137,0.10518521070480347,0.08097830414772034,0.8663950562477112,-0.27262604236602785,0.41837137937545779,0.21188493072986604,0.9593603014945984,0.18636682629585267,-0.4521773159503937,-0.07282073050737381,0.8889504075050354],"EasingStyle":"Linear","EasingDirection":"In"},"Right Arm":{"Weight":1,"CFrame":[-0.427444726228714,0.20268884301185609,-0.07794097065925598,-0.8334433436393738,0.180374875664711,-0.5223380923271179,-0.14314471185207368,-0.9834348559379578,-0.11119984090328217,-0.5337432026863098,-0.017908817157149316,0.8454570174217224],"EasingStyle":"Linear","EasingDirection":"In"},"Head":{"Weight":1,"CFrame":[1.2293457984924317e-7,7.450580596923828e-9,0.01666271686553955,0.7952471971511841,0.6056386232376099,-0.02799735963344574,-0.6025314927101135,0.7946110367774963,0.0744934231042862,0.06736311316490174,-0.04237140342593193,0.9968284368515015],"EasingStyle":"Linear","EasingDirection":"In"},"Left Arm":{"Weight":1,"CFrame":[0.08619597554206848,0.16338008642196656,0.055569350719451907,-0.8125069737434387,-0.08453724533319473,0.5767894387245178,0.02264321595430374,-0.9932594299316406,-0.11368025839328766,0.5825116634368897,-0.07930563390254975,0.8089442253112793],"EasingStyle":"Linear","EasingDirection":"In"},"Torso":{"Weight":1,"CFrame":[-0.3408557176589966,0.09356983006000519,-0.15511968731880189,0.9838412404060364,-0.15760627388954163,-0.08495107293128967,0.1676870733499527,0.9774047136306763,0.12868981063365937,0.06274925917387009,-0.1408555507659912,0.9880396127700806],"EasingStyle":"Linear","EasingDirection":"In"},"HumanoidRootPart":{"Weight":0,"CFrame":[0,0,0,1,0,0,0,1,0,0,0,1],"EasingStyle":"Linear","EasingDirection":"In"},"Right Leg":{"Weight":1,"CFrame":[0.32846972346305849,0.06640028953552246,0.11858469992876053,0.8721692562103272,0.4280417263507843,-0.23685675859451295,-0.3115270137786865,0.8592674732208252,0.40572214126586916,0.3771893382072449,-0.28007107973098757,0.8827731609344482],"EasingStyle":"Linear","EasingDirection":"In"}}},{"Time":0.4000000059604645,"poses":{"Left Leg":{"Weight":1,"CFrame":[-0.1593601554632187,0.11786288022994995,0.10921388864517212,0.8600885272026062,-0.28788092732429507,0.4211560785770416,0.23134523630142213,0.955896258354187,0.18094681203365327,-0.45467254519462588,-0.05819778889417648,0.888755202293396],"EasingStyle":"Linear","EasingDirection":"In"},"Right Arm":{"Weight":1,"CFrame":[-0.4273895025253296,0.2027861475944519,-0.07840067148208618,-0.8353007435798645,0.18270617723464967,-0.5185472369194031,-0.13814039528369904,-0.9826564192771912,-0.12370818108320236,-0.5321559906005859,-0.03170129284262657,0.8460526466369629],"EasingStyle":"Linear","EasingDirection":"In"},"Head":{"Weight":1,"CFrame":[7.82310962677002e-8,3.725290298461914e-9,0.016661912202835084,0.7947277426719666,0.6060997247695923,-0.03241712227463722,-0.6013460159301758,0.7934966087341309,0.09352099150419235,0.0824059247970581,-0.054829854518175128,0.9950894713401794],"EasingStyle":"Linear","EasingDirection":"In"},"Left Arm":{"Weight":1,"CFrame":[0.08611622452735901,0.16349205374717713,0.055151402950286868,-0.8143258690834045,-0.08748067170381546,0.5737776160240173,0.018079180270433427,-0.9919195771217346,-0.12557350099086762,0.5801262855529785,-0.0918845534324646,0.8093273043632507],"EasingStyle":"Linear","EasingDirection":"In"},"Torso":{"Weight":1,"CFrame":[-0.34249550104141238,0.073518306016922,-0.1812891960144043,0.9837996959686279,-0.15828871726989747,-0.08416017144918442,0.16706927120685578,0.9797636270523071,0.11023221164941788,0.06500855833292008,-0.1225069910287857,0.9903362989425659],"EasingStyle":"Linear","EasingDirection":"In"},"HumanoidRootPart":{"Weight":0,"CFrame":[0,0,0,1,0,0,0,1,0,0,0,1],"EasingStyle":"Linear","EasingDirection":"In"},"Right Leg":{"Weight":1,"CFrame":[0.3791652023792267,0.08487963676452637,0.12747736275196076,0.8659510016441345,0.43728533387184145,-0.24271446466445924,-0.318445086479187,0.8563041687011719,0.4066152274608612,0.3856443464756012,-0.27481764554977419,0.8807688355445862],"EasingStyle":"Linear","EasingDirection":"In"}}},{"Time":0.4333333373069763,"poses":{"Left Leg":{"Weight":1,"CFrame":[-0.2103794366121292,0.13310027122497559,0.1312851905822754,0.8548893332481384,-0.3005870580673218,0.42286109924316409,0.246442049741745,0.9525107145309448,0.17885683476924897,-0.45654183626174929,-0.048692069947719577,0.8883686065673828],"EasingStyle":"Linear","EasingDirection":"In"},"Right Arm":{"Weight":1,"CFrame":[-0.42748352885246279,0.20282691717147828,-0.07875275611877442,-0.838066816329956,0.1805107444524765,-0.5148398280143738,-0.13124077022075654,-0.9826700687408447,-0.13090267777442933,-0.5295469760894775,-0.042137306183576587,0.8472334146499634],"EasingStyle":"Linear","EasingDirection":"In"},"Head":{"Weight":1,"CFrame":[7.636845111846924e-8,6.332993507385254e-8,0.016661643981933595,0.7946826219558716,0.6060789823532105,-0.03388117998838425,-0.5999963283538818,0.7927255034446716,0.10765983164310456,0.09210878610610962,-0.06522678583860398,0.9936103820800781],"EasingStyle":"Linear","EasingDirection":"In"},"Left Arm":{"Weight":1,"CFrame":[0.0861971378326416,0.16355633735656739,0.054823100566864017,-0.8169199824333191,-0.08561552315950394,0.5703611969947815,0.011472566984593869,-0.9911373257637024,-0.13234511017799378,0.5766369700431824,-0.10157196968793869,0.8106620907783508],"EasingStyle":"Linear","EasingDirection":"In"},"Torso":{"Weight":1,"CFrame":[-0.345828115940094,0.05673503875732422,-0.20693399012088777,0.9838180541992188,-0.15875844657421113,-0.08305341005325318,0.16642846167087556,0.9814247488975525,0.09543077647686005,0.0663602277636528,-0.10770896822214127,0.9919652938842773],"EasingStyle":"Linear","EasingDirection":"In"},"HumanoidRootPart":{"Weight":0,"CFrame":[0,0,0,1,0,0,0,1,0,0,0,1],"EasingStyle":"Linear","EasingDirection":"In"},"Right Leg":{"Weight":1,"CFrame":[0.42309609055519106,0.10243141651153565,0.1348409205675125,0.8597923517227173,0.44663897156715395,-0.24752947688102723,-0.3263428807258606,0.8534372448921204,0.4063807427883148,0.3927563428878784,-0.26862359046936037,0.8795362710952759],"EasingStyle":"Linear","EasingDirection":"In"}}},{"Time":0.46666666865348818,"poses":{"Left Leg":{"Weight":1,"CFrame":[-0.25076162815093996,0.15003544092178346,0.14710915088653565,0.8505003452301025,-0.3125768005847931,0.42301902174949648,0.2578049302101135,0.9487609267234802,0.1827279031276703,-0.45846036076545718,-0.046353742480278018,0.8875052332878113],"EasingStyle":"Linear","EasingDirection":"In"},"Right Arm":{"Weight":1,"CFrame":[-0.42784398794174197,0.20279225707054139,-0.07907325029373169,-0.8431908488273621,0.1704712212085724,-0.5098713040351868,-0.11871063709259033,-0.9840237498283386,-0.1326843500137329,-0.5243443250656128,-0.05135110393166542,0.8499565124511719],"EasingStyle":"Linear","EasingDirection":"In"},"Head":{"Weight":1,"CFrame":[2.421438694000244e-8,-6.332993507385254e-8,0.0166623592376709,0.7953481674194336,0.6056269407272339,-0.02524644508957863,-0.5998026728630066,0.7923460006713867,0.11146542429924011,0.0875103697180748,-0.07351098954677582,0.9934476613998413],"EasingStyle":"Linear","EasingDirection":"In"},"Left Arm":{"Weight":1,"CFrame":[0.08655935525894165,0.1635696291923523,0.05450931191444397,-0.8215922713279724,-0.07558217644691467,0.565043032169342,-0.0008741096826270223,-0.9910037517547607,-0.13383102416992188,0.5700750350952148,-0.11044856160879135,0.8141348361968994],"EasingStyle":"Linear","EasingDirection":"In"},"Torso":{"Weight":1,"CFrame":[-0.35097572207450869,0.045311883091926578,-0.22953036427497865,0.9840089082717896,-0.15897394716739655,-0.08033584803342819,0.16575691103935243,0.9823834300041199,0.08629899471998215,0.0652013048529625,-0.09823519736528397,0.993025004863739],"EasingStyle":"Linear","EasingDirection":"In"},"HumanoidRootPart":{"Weight":0,"CFrame":[0,0,0,1,0,0,0,1,0,0,0,1],"EasingStyle":"Linear","EasingDirection":"In"},"Right Leg":{"Weight":1,"CFrame":[0.45844078063964846,0.11451882123947144,0.14171677827835084,0.8536121845245361,0.4564840793609619,-0.2509349584579468,-0.3367946147918701,0.851140022277832,0.4026537835597992,0.39738592505455019,-0.2591967284679413,0.8802849650382996],"EasingStyle":"Linear","EasingDirection":"In"}}},{"Time":0.5,"poses":{"Left Leg":{"Weight":1,"CFrame":[-0.28193429112434389,0.1679898500442505,0.15751183032989503,0.8470702171325684,-0.32263925671577456,0.422345906496048,0.26453325152397158,0.9451752305030823,0.19148372113704682,-0.46097102761268618,-0.05047556385397911,0.8859785795211792],"EasingStyle":"Linear","EasingDirection":"In"},"Right Arm":{"Weight":1,"CFrame":[-0.4285956621170044,0.20267486572265626,-0.07943236827850342,-0.8518262505531311,0.14909519255161286,-0.5021581649780273,-0.09670185297727585,-0.9869200587272644,-0.1289869248867035,-0.5148212909698486,-0.061314888298511508,0.8551021218299866],"EasingStyle":"Linear","EasingDirection":"In"},"Head":{"Weight":1,"CFrame":[6.565824151039124e-8,-1.1175870895385743e-8,0.016661912202835084,0.796556830406189,0.6045361161231995,-0.005775880068540573,-0.6006660461425781,0.792468249797821,0.10580472648143769,0.06853999942541123,-0.08081012219190598,0.99437016248703],"EasingStyle":"Linear","EasingDirection":"In"},"Left Arm":{"Weight":1,"CFrame":[0.08732876181602478,0.16353869438171388,0.05414119362831116,-0.8293257355690002,-0.053875818848609927,0.5561622381210327,-0.022738657891750337,-0.9912623167037964,-0.12993094325065614,0.5583027005195618,-0.1204015389084816,0.8208540678024292],"EasingStyle":"Linear","EasingDirection":"In"},"Torso":{"Weight":1,"CFrame":[-0.35500890016555788,0.03793712705373764,-0.2472076416015625,0.9844298362731934,-0.15908029675483704,-0.07477589696645737,0.16499443352222444,0.9829646944999695,0.08097701519727707,0.06062021106481552,-0.09205379337072373,0.99390709400177],"EasingStyle":"Linear","EasingDirection":"In"},"HumanoidRootPart":{"Weight":0,"CFrame":[0,0,0,1,0,0,0,1,0,0,0,1],"EasingStyle":"Linear","EasingDirection":"In"},"Right Leg":{"Weight":1,"CFrame":[0.48330503702163699,0.12011545896530152,0.14834997057914735,0.8488235473632813,0.4638638496398926,-0.25363120436668398,-0.3471398651599884,0.8508629202842712,0.3943682610988617,0.3987385034561157,-0.24670355021953584,0.8832581639289856],"EasingStyle":"Linear","EasingDirection":"In"}}},{"Time":0.5333333611488342,"poses":{"Left Leg":{"Weight":1,"CFrame":[-0.30305016040802,0.18467259407043458,0.16328871250152589,0.8452303409576416,-0.32791224122047427,0.4219707250595093,0.2654896676540375,0.9429364800453186,0.20096278190612794,-0.46378982067108157,-0.05783093720674515,0.8840557932853699],"EasingStyle":"Linear","EasingDirection":"In"},"Right Arm":{"Weight":1,"CFrame":[-0.4298734664916992,0.20249170064926148,-0.0798901915550232,-0.8644655346870422,0.11259463429450989,-0.48992031812667849,-0.06111377477645874,-0.9909036159515381,-0.11989627778530121,-0.49896353483200076,-0.07370543479919434,0.8634831309318543],"EasingStyle":"Linear","EasingDirection":"In"},"Head":{"Weight":1,"CFrame":[1.1920928955078126e-7,-7.450580596923828e-8,0.0166628360748291,0.7976084351539612,0.6029672622680664,0.015855636447668077,-0.6014171242713928,0.7930022478103638,0.09718513488769531,0.04602593183517456,-0.08705155551433563,0.9951400756835938],"EasingStyle":"Linear","EasingDirection":"In"},"Left Arm":{"Weight":1,"CFrame":[0.08863973617553711,0.16349637508392335,0.053663790225982669,-0.8403917551040649,-0.01676081120967865,0.5417203903198242,-0.058076996356248859,-0.9909816980361939,-0.1207578033208847,0.5388588905334473,-0.13294550776481629,0.831839382648468],"EasingStyle":"Linear","EasingDirection":"In"},"Torso":{"Weight":1,"CFrame":[-0.35596686601638796,0.03230161964893341,-0.2584857940673828,0.9849542379379273,-0.1591884046792984,-0.06726234406232834,0.16416895389556886,0.9834646582603455,0.07645811140537262,0.05397888645529747,-0.08635012805461884,0.9948014616966248],"EasingStyle":"Linear","EasingDirection":"In"},"HumanoidRootPart":{"Weight":0,"CFrame":[0,0,0,1,0,0,0,1,0,0,0,1],"EasingStyle":"Linear","EasingDirection":"In"},"Right Leg":{"Weight":1,"CFrame":[0.49678435921669009,0.12146997451782227,0.1538579910993576,0.8469991087913513,0.46570703387260439,-0.25633829832077029,-0.3532189130783081,0.8534048199653626,0.3833232522010803,0.3972766697406769,-0.23413097858428956,0.8873296976089478],"EasingStyle":"Linear","EasingDirection":"In"}}},{"Time":0.5666666626930237,"poses":{"Left Leg":{"Weight":1,"CFrame":[-0.31254178285598757,0.19790565967559815,0.165279358625412,0.8457097411155701,-0.3252570629119873,0.4230635464191437,0.25928783416748049,0.943366527557373,0.20695295929908753,-0.4664168357849121,-0.06532690674066544,0.8821495771408081],"EasingStyle":"Linear","EasingDirection":"In"},"Right Arm":{"Weight":1,"CFrame":[-0.43182793259620669,0.20229697227478028,-0.08048847317695618,-0.8803408741950989,0.056822553277015689,-0.4709259867668152,-0.0075424425303936008,-0.9943503141403198,-0.10587987303733826,-0.4742817282676697,-0.08965852111577988,0.875795841217041],"EasingStyle":"Linear","EasingDirection":"In"},"Head":{"Weight":1,"CFrame":[1.30385160446167e-8,-6.332993507385254e-8,0.016662031412124635,0.7984610199928284,0.6012556552886963,0.030852477997541429,-0.601250410079956,0.7937225103378296,0.09220897406339646,0.030952833592891694,-0.0921754315495491,0.9952616095542908],"EasingStyle":"Linear","EasingDirection":"In"},"Left Arm":{"Weight":1,"CFrame":[0.09063823521137238,0.1635134220123291,0.053043514490127566,-0.8537207841873169,0.039735060185194018,0.5192130208015442,-0.11100486665964127,-0.9880532026290894,-0.1069052517414093,0.5087621212005615,-0.14890258014202119,0.8479323387145996],"EasingStyle":"Linear","EasingDirection":"In"},"Torso":{"Weight":1,"CFrame":[-0.35187608003616335,0.02609119564294815,-0.26193082332611086,0.9854711890220642,-0.15938781201839448,-0.058669134974479678,0.16331832110881806,0.984106183052063,0.069729745388031,0.04662257432937622,-0.07829839736223221,0.9958392977714539],"EasingStyle":"Linear","EasingDirection":"In"},"HumanoidRootPart":{"Weight":0,"CFrame":[0,0,0,1,0,0,0,1,0,0,0,1],"EasingStyle":"Linear","EasingDirection":"In"},"Right Leg":{"Weight":1,"CFrame":[0.49730390310287478,0.1211937665939331,0.15702906250953675,0.8498083353042603,0.45864638686180117,-0.2597481310367584,-0.3505142033100128,0.8597785234451294,0.37137681245803835,0.39365655183792117,-0.22455379366874696,0.8914090991020203],"EasingStyle":"Linear","EasingDirection":"In"}}},{"Time":0.6000000238418579,"poses":{"Left Leg":{"Weight":1,"CFrame":[-0.2905222773551941,0.19561350345611573,0.15904253721237184,0.8512479066848755,-0.3035443127155304,0.42806294560432436,0.23808565735816956,0.9503370523452759,0.200436532497406,-0.46764546632766726,-0.06870546191930771,0.8812419772148132],"EasingStyle":"Linear","EasingDirection":"In"},"Right Arm":{"Weight":1,"CFrame":[-0.34919998049736025,0.14201736450195313,-0.088189035654068,-0.8919511437416077,-0.08572537451982498,-0.4439305067062378,0.1145249754190445,-0.9926773905754089,-0.038413677364587787,-0.437386691570282,-0.08510440587997437,0.8952375650405884],"EasingStyle":"Linear","EasingDirection":"In"},"Head":{"Weight":1,"CFrame":[8.381903171539307e-8,0,0.016662120819091798,0.7998086810112,0.5991470217704773,0.036454085260629657,-0.5996244549751282,0.7947107553482056,0.09426257759332657,0.02750668302178383,-0.097250796854496,0.9948797225952148],"EasingStyle":"Linear","EasingDirection":"In"},"Left Arm":{"Weight":1,"CFrame":[0.0602789968252182,0.074972003698349,0.04863947629928589,-0.8686845302581787,0.13020116090774537,0.4779486358165741,-0.19326677918434144,-0.9774582386016846,-0.08499129861593247,0.45610880851745608,-0.1662023812532425,0.8742663860321045],"EasingStyle":"Linear","EasingDirection":"In"},"Torso":{"Weight":1,"CFrame":[-0.33279967308044436,0.018251970410346986,-0.2429654449224472,0.9859200119972229,-0.15965624153614045,-0.04971570894122124,0.16245026886463166,0.9849866032600403,0.058406561613082889,0.039644330739974979,-0.06566052883863449,0.9970541596412659],"EasingStyle":"Linear","EasingDirection":"In"},"HumanoidRootPart":{"Weight":0,"CFrame":[0,0,0,1,0,0,0,1,0,0,0,1],"EasingStyle":"Linear","EasingDirection":"In"},"Right Leg":{"Weight":1,"CFrame":[0.5841268301010132,0.14699041843414308,0.1719273030757904,0.8514294028282166,0.47882071137428286,-0.21400615572929383,-0.38933607935905459,0.8504377603530884,0.35379835963249209,0.35140490531921389,-0.21791407465934754,0.9105098843574524],"EasingStyle":"Linear","EasingDirection":"In"}}},{"Time":0.6333333253860474,"poses":{"Left Leg":{"Weight":1,"CFrame":[-0.23617340624332429,0.17550981044769288,0.14351890981197358,0.8605450987815857,-0.262274831533432,0.4366625249385834,0.20230333507061006,0.9627212882041931,0.17955826222896577,-0.4674779176712036,-0.06617976725101471,0.