{"Sequence":[{"Time":0,"poses":{"Left Leg":{"Weight":1,"CFrame":[0.10949631035327912,0.08683764934539795,0.07674026489257813,0.7099277377128601,-0.16513721644878388,0.6846402883529663,0.13810351490974427,0.9858900308609009,0.09459506720304489,-0.690601110458374,0.027395587414503099,0.722716748714447],"EasingStyle":"Linear","EasingDirection":"In"},"Right Arm":{"Weight":1,"CFrame":[-0.49786248803138735,0.028976738452911378,-0.0019066929817199708,0.750187337398529,0.5127279758453369,-0.417527437210083,-0.6572563052177429,0.5091361403465271,-0.555692732334137,-0.07234078645706177,0.6912961006164551,0.7189412117004395],"EasingStyle":"Linear","EasingDirection":"In"},"Head":{"Weight":1,"CFrame":[8.198549039661884e-8,-3.4924596548080446e-10,0,0.9917723536491394,-0.10114479809999466,-0.0784684419631958,0.09766238182783127,0.9941080808639526,-0.047025155276060107,0.08276244252920151,0.038974832743406299,0.9958069324493408],"EasingStyle":"Linear","EasingDirection":"In"},"Right Leg":{"Weight":1,"CFrame":[0.10614987462759018,0.2217193841934204,0.2785670757293701,0.7170159220695496,0.1558353304862976,-0.6794141530990601,-0.20890925824642182,0.9779275059700012,0.0038333458360284569,0.6650151014328003,0.1391873061656952,0.7337450385093689],"EasingStyle":"Linear","EasingDirection":"In"},"Torso":{"Weight":1,"CFrame":[0.03247357904911041,-0.0010326872579753399,0.10931563377380371,0.9963517785072327,0.07983718812465668,0.030155310407280923,-0.07983463257551193,0.9968072772026062,-0.0012908694334328175,-0.03016209416091442,-0.0011212775716558099,0.9995445013046265],"EasingStyle":"Linear","EasingDirection":"In"},"HumanoidRootPart":{"Weight":1,"CFrame":[0,0,0,1,0,0,0,1,0,0,0,1],"EasingStyle":"Linear","EasingDirection":"In"},"Left Arm":{"Weight":1,"CFrame":[-0.6754012703895569,-0.4707717299461365,-0.6722242832183838,-0.6913426518440247,0.1739676296710968,-0.7012707591056824,-0.7223178148269653,-0.14305342733860017,0.6766037940979004,0.017388027161359788,0.9743054509162903,0.2245587706565857],"EasingStyle":"Linear","EasingDirection":"In"}}},{"Time":0.03333333507180214,"poses":{"Left Leg":{"Weight":1,"CFrame":[0.11534307152032852,0.11903315782546997,0.06941986083984375,0.701958417892456,-0.17099511623382569,0.691386342048645,0.10358141362667084,0.9849403500556946,0.13843214511871339,-0.7046455144882202,-0.02555881440639496,0.7090991139411926],"EasingStyle":"Linear","EasingDirection":"In"},"Right Arm":{"Weight":1,"CFrame":[-0.4622661769390106,0.0027027130126953127,-0.0001488327980041504,0.7462459206581116,0.5134705305099487,-0.42363306879997256,-0.6616328954696655,0.502145528793335,-0.5568590760231018,-0.07320524007081986,0.6958432793617249,0.7144529223442078],"EasingStyle":"Linear","EasingDirection":"In"},"Head":{"Weight":1,"CFrame":[1.0908115655183792e-7,0,2.384185791015625e-7,0.9867604374885559,-0.12176451086997986,-0.10713256895542145,0.11773589998483658,0.9921057224273682,-0.04318149760365486,0.11154481768608093,0.029996441677212716,0.993306577205658],"EasingStyle":"Linear","EasingDirection":"In"},"Right Leg":{"Weight":1,"CFrame":[0.12661506235599519,0.15013515949249268,0.26016831398010256,0.7596058249473572,0.1471364051103592,-0.6335218548774719,-0.22681200504302979,0.9728513956069946,-0.04600604996085167,0.609553337097168,0.17863675951957704,0.7723559141159058],"EasingStyle":"Linear","EasingDirection":"In"},"Torso":{"Weight":1,"CFrame":[0.03499677777290344,-0.007271621376276016,0.09985852241516113,0.9922114610671997,0.10572433471679688,0.06586980074644089,-0.10535340011119843,0.9943932890892029,-0.009089532308280468,-0.0664614737033844,0.0020791322458535434,0.997786819934845],"EasingStyle":"Linear","EasingDirection":"In"},"HumanoidRootPart":{"Weight":1,"CFrame":[0,0,0,1,0,0,0,1,0,0,0,1],"EasingStyle":"Linear","EasingDirection":"In"},"Left Arm":{"Weight":1,"CFrame":[-0.6670519709587097,-0.44346868991851809,-0.6409006118774414,-0.6767484545707703,0.174211323261261,-0.7153053879737854,-0.7362115383148193,-0.15748772025108338,0.6581720113754273,0.0020092951599508526,0.9720330238342285,0.23483586311340333],"EasingStyle":"Linear","EasingDirection":"In"}}},{"Time":0.06666667014360428,"poses":{"Left Leg":{"Weight":1,"CFrame":[0.13033269345760346,0.12989407777786256,0.041783809661865237,0.7238538861274719,-0.1545785814523697,0.6724143028259277,0.05601418763399124,0.9845285415649414,0.16603007912635804,-0.6876758337020874,-0.08251677453517914,0.7213134169578552],"EasingStyle":"Linear","EasingDirection":"In"},"Right Arm":{"Weight":1,"CFrame":[-0.37738263607025149,-0.0599513053894043,0.00031745433807373047,0.7459930181503296,0.5103330612182617,-0.4278489351272583,-0.662494421005249,0.5032989978790283,-0.5547895431518555,-0.06779146194458008,0.697316586971283,0.7135501503944397],"EasingStyle":"Linear","EasingDirection":"In"},"Head":{"Weight":1,"CFrame":[1.1548399925231934e-7,1.862645149230957e-9,1.1920928955078126e-7,0.9829717874526978,-0.1335085779428482,-0.1262618750333786,0.12919077277183534,0.9907373785972595,-0.04182608798146248,0.1306765228509903,0.02480199560523033,0.9911148548126221],"EasingStyle":"Linear","EasingDirection":"In"},"Right Leg":{"Weight":1,"CFrame":[0.1616692841053009,0.08236199617385864,0.21673142910003663,0.8244525194168091,0.13998611271381379,-0.5483447313308716,-0.22391706705093385,0.9705455899238586,-0.088896743953228,0.5197492241859436,0.19607488811016084,0.8315138816833496],"EasingStyle":"Linear","EasingDirection":"In"},"Torso":{"Weight":1,"CFrame":[0.02805393934249878,-0.018608395010232927,0.06957292556762696,0.9880972504615784,0.12622152268886567,0.08793127536773682,-0.124641053378582,0.9919292330741882,-0.02326049841940403,-0.09015756845474243,0.012023787014186383,0.9958550333976746],"EasingStyle":"Linear","EasingDirection":"In"},"HumanoidRootPart":{"Weight":1,"CFrame":[0,0,0,1,0,0,0,1,0,0,0,1],"EasingStyle":"Linear","EasingDirection":"In"},"Left Arm":{"Weight":1,"CFrame":[-0.64237380027771,-0.4093089699745178,-0.5756337642669678,-0.6469419598579407,0.1888200044631958,-0.7387917637825012,-0.762451171875,-0.17491386830806733,0.6229555010795593,-0.011598440818488598,0.96630859375,0.2571250796318054],"EasingStyle":"Linear","EasingDirection":"In"}}},{"Time":0.10000000149011612,"poses":{"Left Leg":{"Weight":1,"CFrame":[0.06124558672308922,0.15339511632919312,0.0707082748413086,0.7621752023696899,-0.1733023226261139,0.6237428784370422,0.07068803906440735,0.9800198674201965,0.18591482937335969,-0.6434999704360962,-0.09760849177837372,0.7591972351074219],"EasingStyle":"Linear","EasingDirection":"In"},"Right Arm":{"Weight":1,"CFrame":[-0.2760700583457947,-0.13473206758499146,0.0003534555435180664,0.7529137134552002,0.4984692931175232,-0.4297086000442505,-0.6563766598701477,0.5212731957435608,-0.5453842878341675,-0.04786160588264465,0.692677915096283,0.7196572422981262],"EasingStyle":"Linear","EasingDirection":"In"},"Head":{"Weight":1,"CFrame":[5.587935447692871e-8,1.862645149230957e-9,-1.7881393432617188e-7,0.9807950854301453,-0.1388663649559021,-0.13695688545703889,0.13435177505016328,0.9900551438331604,-0.041719675064086917,0.14138832688331605,0.02251804620027542,0.9896981120109558],"EasingStyle":"Linear","EasingDirection":"In"},"Right Leg":{"Weight":1,"CFrame":[0.22634974122047425,0.04093122482299805,0.1707909107208252,0.8925430774688721,0.14723184704780579,-0.42625048756599429,-0.21725969016551972,0.9686674475669861,-0.12033981829881668,0.3951771855354309,0.20001548528671266,0.8965650200843811],"EasingStyle":"Linear","EasingDirection":"In"},"Torso":{"Weight":1,"CFrame":[0.018191516399383546,-0.02916847914457321,0.007853031158447266,0.9858923554420471,0.1348637342453003,0.09913729131221771,-0.13184142112731934,0.990600049495697,-0.036460600793361667,-0.10312263667583466,0.022875824943184854,0.9944055676460266],"EasingStyle":"Linear","EasingDirection":"In"},"HumanoidRootPart":{"Weight":1,"CFrame":[0,0,0,1,0,0,0,1,0,0,0,1],"EasingStyle":"Linear","EasingDirection":"In"},"Left Arm":{"Weight":1,"CFrame":[-0.599733829498291,-0.4264604449272156,-0.5062925815582275,-0.5897110104560852,0.2089495211839676,-0.7801159620285034,-0.8075742721557617,-0.16218523681163789,0.5670271515846252,-0.008043279871344567,0.9643837213516235,0.26438459753990176],"EasingStyle":"Linear","EasingDirection":"In"}}},{"Time":0.13333334028720857,"poses":{"Left Leg":{"Weight":1,"CFrame":[-0.16137570142745973,0.2232527732849121,0.1620274782180786,0.7980754375457764,-0.2704746127128601,0.5384411811828613,0.1870487481355667,0.9606539607048035,0.20532134175300599,-0.5727899074554443,-0.06314712762832642,0.8172663450241089],"EasingStyle":"Linear","EasingDirection":"In"},"Right Arm":{"Weight":1,"CFrame":[-0.1911865770816803,-0.1973860263824463,0.0008198022842407227,0.7702363729476929,0.47170525789260867,-0.42922040820121767,-0.6377438902854919,0.5651149749755859,-0.5233811736106873,-0.004322759807109833,0.6768598556518555,0.7360991835594177],"EasingStyle":"Linear","EasingDirection":"In"},"Head":{"Weight":1,"CFrame":[9.033828973770142e-8,-6.51925802230835e-9,-4.172325134277344e-7,0.9801409840583801,-0.1401529312133789,-0.1402883529663086,0.13555216789245606,0.9898848533630371,-0.04187779873609543,0.14473856985569,0.022029757499694825,0.9892247319221497],"EasingStyle":"Linear","EasingDirection":"In"},"Right Leg":{"Weight":1,"CFrame":[0.3731086254119873,0.04731893539428711,0.1421574354171753,0.9378128051757813,0.20657850801944734,-0.27898457646369936,-0.25138914585113528,0.9583669304847717,-0.1354122757911682,0.2393963634967804,0.19712503254413606,0.9507004022598267],"EasingStyle":"Linear","EasingDirection":"In"},"Torso":{"Weight":1,"CFrame":[0.012830466032028199,-0.033293597400188449,-0.10580849647521973,0.9869145154953003,0.12440967559814453,0.10257747024297714,-0.12070200592279434,0.9918160438537598,-0.0416170097887516,-0.10691554844379425,0.028691120445728303,0.9938540458679199],"EasingStyle":"Linear","EasingDirection":"In"},"HumanoidRootPart":{"Weight":1,"CFrame":[0,0,0,1,0,0,0,1,0,0,0,1],"EasingStyle":"Linear","EasingDirection":"In"},"Left Arm":{"Weight":1,"CFrame":[-0.5287454724311829,-0.4485151767730713,-0.4099978804588318,-0.45140713453292849,0.24461740255355836,-0.8581339120864868,-0.8899110555648804,-0.052823878824710849,0.4530651867389679,0.06549769639968872,0.9681797623634338,0.24153271317481996],"EasingStyle":"Linear","EasingDirection":"In"}}},{"Time":0.1666666716337204,"poses":{"Left Leg":{"Weight":1,"CFrame":[-0.4361112117767334,0.3040444850921631,0.20188665390014649,0.8193097710609436,-0.39084821939468386,0.4194870591163635,0.3342064619064331,0.9200488328933716,0.20448990166187287,-0.4658730924129486,-0.027345262467861177,0.8844289779663086],"EasingStyle":"Linear","EasingDirection":"In"},"Right Arm":{"Weight":1,"CFrame":[-0.1555902659893036,-0.22365978360176087,0.002577662467956543,0.7999165058135986,0.4208381474018097,-0.4278189241886139,-0.5956616997718811,0.6434476971626282,-0.4807932376861572,0.07294309139251709,0.6394298076629639,0.7653814554214478],"EasingStyle":"Linear","EasingDirection":"In"},"Head":{"Weight":1,"CFrame":[6.752088665962219e-8,8.381903171539307e-9,1.1920928955078126e-7,0.9887526035308838,-0.1171056479215622,-0.09303005784749985,0.1140119880437851,0.9927555322647095,-0.037919219583272937,0.09679665416479111,0.02688618190586567,0.994940996170044],"EasingStyle":"Linear","EasingDirection":"In"},"Right Leg":{"Weight":1,"CFrame":[0.6008796691894531,0.12429583072662354,0.10174441337585449,0.9374030232429504,0.3228371739387512,-0.13058197498321534,-0.3376627266407013,0.9343373775482178,-0.11400692909955979,0.08520194888114929,0.15096309781074525,0.9848608374595642],"EasingStyle":"Linear","EasingDirection":"In"},"Torso":{"Weight":1,"CFrame":[0.010153025388717652,-0.027037590742111207,-0.2712116241455078,0.9916878938674927,0.09554825723171234,0.08617221564054489,-0.09294003993272782,0.9950979351997376,-0.0337970033288002,-0.08897903561592102,0.025507232174277307,0.9957068562507629],"EasingStyle":"Linear","EasingDirection":"In"},"HumanoidRootPart":{"Weight":1,"CFrame":[0,0,0,1,0,0,0,1,0,0,0,1],"EasingStyle":"Linear","EasingDirection":"In"},"Left Arm":{"Weight":1,"CFrame":[-0.42229941487312319,-0.4303308129310608,-0.2625191807746887,-0.18491403758525849,0.30604106187820437,-0.9338874220848084,-0.9316609501838684,0.2478266954421997,0.2656875550746918,0.3127535879611969,0.919195830821991,0.2392996847629547],"EasingStyle":"Linear","EasingDirection":"In"}}},{"Time":0.20000000298023225,"poses":{"Left Leg":{"Weight":1,"CFrame":[-0.5863577127456665,0.27917909622192385,0.15955078601837159,0.8551903963088989,-0.43375271558761599,0.28373920917510989,0.40750399231910708,0.9009538888931274,0.1490722894668579,-0.3202964961528778,-0.011860316619277,0.9472431540489197],"EasingStyle":"Linear","EasingDirection":"In"},"Right Arm":{"Weight":1,"CFrame":[-0.17261359095573426,-0.22312167286872865,0.018739938735961915,0.8382896780967712,0.34064143896102908,-0.42571568489074709,-0.5061291456222534,0.7765258550643921,-0.3752880096435547,0.2027406394481659,0.5300670862197876,0.8233620524406433],"EasingStyle":"Linear","EasingDirection":"In"},"Head":{"Weight":1,"CFrame":[7.974449545145035e-8,-4.423782229423523e-9,0,0.9979221820831299,-0.06324739009141922,0.012296946719288826,0.06363679468631745,0.9973805546760559,-0.03438692167401314,-0.01008984912186861,0.035098012536764148,0.9993330240249634],"EasingStyle":"Linear","EasingDirection":"In"},"Right Leg":{"Weight":1,"CFrame":[0.7356812953948975,0.19219970703125,0.01758718490600586,0.918879508972168,0.3943554162979126,-0.012009494006633759,-0.39449459314346316,0.9178979992866516,-0.042865071445703509,-0.005880566313862801,0.04412553831934929,0.9990087747573853],"EasingStyle":"Linear","EasingDirection":"In"},"Torso":{"Weight":1,"CFrame":[0.001303255558013916,-0.01312350109219551,-0.3397698402404785,0.997620701789856,0.054313234984874728,0.04246387258172035,-0.053658753633499148,0.9984245896339417,-0.0164044052362442,-0.04328794777393341,0.014086813665926457,0.9989634156227112],"EasingStyle":"Linear","EasingDirection":"In"},"HumanoidRootPart":{"Weight":1,"CFrame":[0,0,0,1,0,0,0,1,0,0,0,1],"EasingStyle":"Linear","EasingDirection":"In"},"Left Arm":{"Weight":1,"CFrame":[-0.29514938592910769,-0.38395926356315615,-0.08697378635406494,0.16000963747501374,0.3307815492153168,-0.9300433397293091,-0.7501443028450012,0.6531643271446228,0.10324717313051224,0.641623318195343,0.6811462044715881,0.3526464104652405],"EasingStyle":"Linear","EasingDirection":"In"}}},{"Time":0.23333333432674409,"poses":{"Left Leg":{"Weight":1,"CFrame":[-0.6244017481803894,0.18246901035308839,0.09801113605499268,0.8936689496040344,-0.41916024684906008,0.1601892113685608,0.4151883125305176,0.9078099131584168,0.059160396456718448,-0.1702190637588501,0.013638891279697419,0.9853119254112244],"EasingStyle":"Linear","EasingDirection":"In"},"Right Arm":{"Weight":1,"CFrame":[-0.2151719182729721,-0.22082027792930604,0.05731987953186035,0.8705801963806152,0.2308179885149002,-0.43452656269073489,-0.32939425110816958,0.9294443130493164,-0.16623076796531678,0.36549922823905947,0.2878476679325104,0.8851858377456665],"EasingStyle":"Linear","EasingDirection":"In"},"Head":{"Weight":1,"CFrame":[9.509676601737738e-8,-7.0285750553011898e-9,3.5762786865234377e-7,0.9930666089057922,-0.003252667374908924,0.11750786751508713,0.008036785759031773,0.9991568326950073,-0.04026232287287712,-0.11727781593799591,0.04092755913734436,0.992255449295044],"EasingStyle":"Linear","EasingDirection":"In"},"Right Leg":{"Weight":1,"CFrame":[0.7776437997817993,0.2104923129081726,-0.05065762996673584,0.9008967280387878,0.43080395460128786,0.052849143743515018,-0.43328413367271426,0.8998016715049744,0.05120383948087692,-0.02549486793577671,-0.06902806460857392,0.9972889423370361],"EasingStyle":"Linear","EasingDirection":"In"},"Torso":{"Weight":1,"CFrame":[-0.010585620999336243,0.0038141515105962755,-0.31319093704223635,0.9998617172241211,0.0075135803781449799,-0.014837197959423066,-0.007443577516824007,0.9999609589576721,0.004767655394971371,0.01487244013696909,-0.004656554199755192,0.9998785853385925],"EasingStyle":"Linear","EasingDirection":"In"},"HumanoidRootPart":{"Weight":1,"CFrame":[0,0,0,1,0,0,0,1,0,0,0,1],"EasingStyle":"Linear","EasingDirection":"In"},"Left Arm":{"Weight":1,"CFrame":[-0.16751502454280854,-0.3216730058193207,0.08168327808380127,0.45642954111099245,0.2935943603515625,-0.8399254083633423,-0.402746319770813,0.9099200367927551,0.09920163452625275,0.7933899164199829,0.2929982542991638,0.5335582494735718],"EasingStyle":"Linear","EasingDirection":"In"}}},{"Time":0.2666666805744171,"poses":{"Left Leg":{"Weight":1,"CFrame":[-0.5464268326759338,0.06888920068740845,0.04860579967498779,0.9302682280540466,-0.35769081115722659,0.08159781992435456,0.3609204888343811,0.9321601986885071,-0.028526974841952325,-0.06585843861103058,0.05598809942603111,0.9962570071220398],"EasingStyle":"Linear","EasingDirection":"In"},"Right Arm":{"Weight":1,"CFrame":[-0.27049776911735537,-0.21572741866111756,0.11152875423431397,0.8744122385978699,0.10231217741966248,-0.4742736220359802,-0.050781115889549258,0.9914436340332031,0.12025342136621475,0.4825189709663391,-0.08106695860624314,0.8721259832382202],"EasingStyle":"Linear","EasingDirection":"In"},"Head":{"Weight":1,"CFrame":[4.3655745685100558e-8,2.3283064365386965e-10,1.1920928955078126e-7,0.9857460856437683,0.0368909053504467,0.1641457974910736,-0.028249479830265046,0.9981047511100769,-0.05467197671532631,-0.16585157811641694,0.049255650490522388,0.9849199652671814],"EasingStyle":"Linear","EasingDirection":"In"},"Right Leg":{"Weight":1,"CFrame":[0.7252723574638367,0.18115246295928956,-0.05366921424865723,0.896813154220581,0.43992751836776736,0.046796765178442,-0.4420693516731262,0.8869487047195435,0.13377881050109864,0.017346728593111039,-0.1406620442867279,0.9899057745933533],"EasingStyle":"Linear","EasingDirection":"In"},"Torso":{"Weight":1,"CFrame":[-0.02050042152404785,0.020242881029844285,-0.23035264015197755,0.9968393445014954,-0.03817504271864891,-0.06967069208621979,0.040021635591983798,0.9988783597946167,0.025303563103079797,0.06862658262252808,-0.028011921793222429,0.9972490668296814],"EasingStyle":"Linear","EasingDirection":"In"},"HumanoidRootPart":{"Weight":1,"CFrame":[0,0,0,1,0,0,0,1,0,0,0,1],"EasingStyle":"Linear","EasingDirection":"In"},"Left Arm":{"Weight":1,"CFrame":[-0.05961582809686661,-0.2557442784309387,0.20849812030792237,0.6449719667434692,0.31789371371269228,-0.6949495077133179,-0.17631016671657563,0.9467400312423706,0.2694403827190399,0.7435898780822754,-0.05125484988093376,0.6666686534881592],"EasingStyle":"Linear","EasingDirection":"In"}}},{"Time":0.30000001192092898,"poses":{"Left Leg":{"Weight":1,"CFrame":[-0.41587626934051516,-0.003140687942504883,0.027019143104553224,0.9561874866485596,-0.2866400182247162,0.059523824602365497,0.29069599509239199,0.9537022709846497,-0.07712318003177643,-0.03466145321726799,0.09104754030704498,0.9952431917190552],"EasingStyle":"Linear","EasingDirection":"In"},"Right Arm":{"Weight":1,"CFrame":[-0.3258236348628998,-0.20681458711624146,0.17457735538482667,0.8372190594673157,-0.00988765899091959,-0.5467783212661743,0.2658967673778534,0.8810549974441528,0.39120450615882876,0.47787368297576907,-0.4729105234146118,0.7402651906013489],"EasingStyle":"Linear","EasingDirection":"In"},"Head":{"Weight":1,"CFrame":[5.029141902923584e-8,1.210719347000122e-8,-4.76837158203125e-7,0.9860902428627014,0.054062619805336,0.15717291831970216,-0.042615193873643878,0.9962489008903503,-0.07531443238258362,-0.16065502166748048,0.06756888329982758,0.9846951365470886],"EasingStyle":"Linear","EasingDirection":"In"},"Right Leg":{"Weight":1,"CFrame":[0.5694423317909241,0.15157341957092286,0.01204371452331543,0.9068039655685425,0.4180319607257843,-0.054367996752262118,-0.40105298161506655,0.8952312469482422,0.19421006739139558,0.12985801696777345,-0.15430600941181184,0.9794522523880005],"EasingStyle":"Linear","EasingDirection":"In"},"Torso":{"Weight":1,"CFrame":[-0.02549821138381958,0.03419024497270584,-0.12714028358459474,0.9911026954650879,-0.07700173556804657,-0.10856406390666962,0.08204129338264466,0.995712161064148,0.04273776337504387,0.10480768233537674,-0.05126424878835678,0.9931703209877014],"EasingStyle":"Linear","EasingDirection":"In"},"HumanoidRootPart":{"Weight":1,"CFrame":[0,0,0,1,0,0,0,1,0,0,0,1],"EasingStyle":"Linear","EasingDirection":"In"},"Left Arm":{"Weight":1,"CFrame":[0.013306453824043274,-0.19642290472984315,0.2794075012207031,0.784807026386261,0.40897616744041445,-0.4656355381011963,-0.15081676840782166,0.8547875881195068,0.49658074975013735,0.6011092066764832,-0.3194943964481354,0.7325237989425659],"EasingStyle":"Linear","EasingDirection":"In"}}},{"Time":0.3333333432674408,"poses":{"Left Leg":{"Weight":1,"CFrame":[-0.3799883723258972,-0.010421276092529297,0.03324711322784424,0.9567280411720276,-0.2794661521911621,0.08105746656656265,0.2853832542896271,0.9555636644363403,-0.07385431230068207,-0.05681584030389786,0.09379085898399353,0.9939695000648499],"EasingStyle":"Linear","EasingDirection":"In"},"Right Arm":{"Weight":1,"CFrame":[-0.3683818578720093,-0.19305095076560975,0.23967695236206056,0.7735846638679504,-0.07914044708013535,-0.6287317276000977,0.5203540921211243,0.6455826759338379,0.5589762926101685,0.36166056990623476,-0.7595786452293396,0.5405940413475037],"EasingStyle":"Linear","EasingDirection":"In"},"Head":{"Weight":1,"CFrame":[6.984919309616089e-8,-6.146728992462158e-8,2.384185791015625e-7,0.9884007573127747,0.06318715214729309,0.13809914886951447,-0.04971417039632797,0.9938525557518005,-0.09892307221889496,-0.14350083470344544,0.09091013669967652,0.9854658842086792],"EasingStyle":"Linear","EasingDirection":"In"},"Right Leg":{"Weight":1,"CFrame":[0.3398520350456238,0.14237046241760255,0.08115160465240479,0.8983393311500549,0.3689176142215729,-0.23850852251052857,-0.3183557689189911,0.9208276271820068,0.2252248376607895,0.3027147054672241,-0.12639781832695008,0.9446626901626587],"EasingStyle":"Linear","EasingDirection":"In"},"Torso":{"Weight":1,"CFrame":[-0.0268193781375885,0.04464960843324661,-0.045644283294677737,0.9868894815444946,-0.10417632758617401,-0.12327396869659424,0.11170560866594315,0.9921728372573853,0.055811963975429538,0.1164947971701622,-0.06885062903165817,0.990801990032196],"EasingStyle":"Linear","EasingDirection":"In"},"HumanoidRootPart":{"Weight":1,"CFrame":[0,0,0,1,0,0,0,1,0,0,0,1],"EasingStyle":"Linear","EasingDirection":"In"},"Left Arm":{"Weight":1,"CFrame":[0.055921658873558047,-0.14586296677589417,0.3138188123703003,0.8782005310058594,0.4524807035923004,-0.15500083565711976,-0.24501655995845796,0.7039192914962769,0.666681706905365,0.41076865792274477,-0.5475025177001953,0.7290474772453308],"EasingStyle":"Linear","EasingDirection":"In"}}},{"Time":0.36666667461395266,"poses":{"Left Leg":{"Weight":1,"CFrame":[-0.393954873085022,0.017827928066253663,0.06080055236816406,0.9417927265167236,-0.3064439594745636,0.1382703185081482,0.31377464532852175,0.948880672454834,-0.03422272577881813,-0.12071475386619568,0.07561642676591873,0.98980313539505],"EasingStyle":"Linear","EasingDirection":"In"},"Right Arm":{"Weight":1,"CFrame":[-0.3854052424430847,-0.1734091341495514,0.3000386953353882,0.7077445387840271,-0.11326106637716294,-0.6973304748535156,0.6748023629188538,0.4005863070487976,0.6198163628578186,0.209139883518219,-0.9092319011688232,0.3599415719509125],"EasingStyle":"Linear","EasingDirection":"In"},"Head":{"Weight":1,"CFrame":[4.190951585769653e-8,1.862645149230957e-9,-4.76837158203125e-7,0.9920781850814819,0.06585400551557541,0.1069781631231308,-0.05309487134218216,0.9915903806686401,-0.11802352219820023,-0.11385083943605423,0.11140855401754379,0.9872315526008606],"EasingStyle":"Linear","EasingDirection":"In"},"Right Leg":{"Weight":1,"CFrame":[0.18782728910446168,0.166364848613739,0.13048779964447022,0.8278545141220093,0.34059834480285647,-0.44570136070251467,-0.2608848810195923,0.9371761679649353,0.23160329461097718,0.49658435583114626,-0.0754571259021759,0.8647024631500244],"EasingStyle":"Linear","EasingDirection":"In"},"Torso":{"Weight":1,"CFrame":[-0.029281318187713624,0.05174320936203003,0.011362791061401368,0.9865421652793884,-0.11467134952545166,-0.11655502766370774,0.1227528303861618,0.9903274178504944,0.06467896699905396,0.10801081359386444,-0.07811598479747772,0.9910759925842285],"EasingStyle":"Linear","EasingDirection":"In"},"HumanoidRootPart":{"Weight":1,"CFrame":[0,0,0,1,0,0,0,1,0,0,0,1],"EasingStyle":"Linear","EasingDirection":"In"},"Left Arm":{"Weight":1,"CFrame":[0.07787744700908661,-0.10419926047325134,0.3269839286804199,0.8821113109588623,0.4366829991340637,0.17660076916217805,-0.41328078508377077,0.5376066565513611,0.7349681258201599,0.22600628435611726,-0.7213093042373657,0.6547015309333801],"EasingStyle":"Linear","EasingDirection":"In"}}},{"Time":0.4000000059604645,"poses":{"Left Leg":{"Weight":1,"CFrame":[-0.36178600788116457,0.04765051603317261,0.09209728240966797,0.9244582056999207,-0.3133408725261688,0.21724341809749604,0.3178505003452301,0.9480252861976624,0.014801731333136559,-0.21059030294418336,0.05536739155650139,0.9760053157806397],"EasingStyle":"Linear","EasingDirection":"In"},"Right Arm":{"Weight":1,"CFrame":[-0.38287580013275149,-0.1475362479686737,0.350030779838562,0.6508033871650696,-0.1346646249294281,-0.7472084760665894,0.7553017139434815,0.21501989662647248,0.6191007494926453,0.07729360461235047,-0.9672806262969971,0.24164821207523347],"EasingStyle":"Linear","EasingDirection":"In"},"Head":{"Weight":1,"CFrame":[8.009374141693115e-8,-2.7939677238464357e-9,2.384185791015625e-7,0.9959012269973755,0.06414200365543366,0.06377045810222626,-0.05578341335058212,0.9905658960342407,-0.12516963481903077,-0.07119747251272202,0.12109924107789993,0.9900838136672974],"EasingStyle":"Linear","EasingDirection":"In"},"Right Leg":{"Weight":1,"CFrame":[0.1505752056837082,0.23951369524002076,0.2160511016845703,0.7116153240203857,0.3344920873641968,-0.6178337931632996,-0.2573848068714142,0.9423732161521912,0.21374256908893586,0.653725266456604,0.00691844429820776,0.7567004561424255],"EasingStyle":"Linear","EasingDirection":"In"},"Torso":{"Weight":1,"CFrame":[-0.025998055934906007,0.05678878724575043,0.049903154373168948,0.9893742799758911,-0.11110176891088486,-0.09378234297037125,0.11795450747013092,0.9904786348342896,0.07098595052957535,0.08500274270772934,-0.08129371702671051,0.9930588603019714],"EasingStyle":"Linear","EasingDirection":"In"},"HumanoidRootPart":{"Weight":1,"CFrame":[0,0,0,1,0,0,0,1,0,0,0,1],"EasingStyle":"Linear","EasingDirection":"In"},"Left Arm":{"Weight":1,"CFrame":[0.08882158994674683,-0.07156255841255188,0.3341543674468994,0.8023368120193481,0.3815034031867981,0.45903271436691286,-0.5904932022094727,0.3952171206474304,0.7036484479904175,0.08702659606933594,-0.8356186747550964,0.5423725247383118],"EasingStyle":"Linear","EasingDirection":"In"}}},{"Time":0.4333333373069763,"poses":{"Left Leg":{"Weight":1,"CFrame":[-0.2763965427875519,0.06885415315628052,0.10803437232971192,0.9075663685798645,-0.29337072372436526,0.3004278242588043,0.28780117630958559,0.9555693864822388,0.06370025873184204,-0.3057674467563629,0.02865133248269558,0.9516750574111939],"EasingStyle":"Linear","EasingDirection":"In"},"Right Arm":{"Weight":1,"CFrame":[-0.37443599104881289,-0.11779332160949707,0.38864827156066897,0.6017876863479614,-0.1526656597852707,-0.783929169178009,0.7984263300895691,0.09145412594079972,0.5951063632965088,-0.019158847630023958,-0.9840373396873474,0.1769283413887024],"EasingStyle":"Linear","EasingDirection":"In"},"Head":{"Weight":1,"CFrame":[8.66129994392395e-8,-3.725290298461914e-9,2.384185791015625e-7,0.9985770583152771,0.05222413316369057,0.010795696638524533,-0.05055094137787819,0.9914507865905762,-0.12029202282428742,-0.01698552817106247,0.119575135409832,0.9926798939704895],"EasingStyle":"Linear","EasingDirection":"In"},"Right Leg":{"Weight":1,"CFrame":[0.1151169091463089,0.33202630281448367,0.2968660593032837,0.616915762424469,0.2951986491680145,-0.7295702695846558,-0.25741079449653628,0.9516900181770325,0.16740933060646058,0.7437436580657959,0.08452174812555313,0.6630997657775879],"EasingStyle":"Linear","EasingDirection":"In"},"Torso":{"Weight":1,"CFrame":[-0.013467162847518921,0.06026506423950195,0.0744624137878418,0.9936032891273499,-0.09745778143405914,-0.0570484921336174,0.10162246972322464,0.9919667840003967,0.07533130049705506,0.049248579889535907,-0.0806468278169632,0.9955254197120667],"EasingStyle":"Linear","EasingDirection":"In"},"HumanoidRootPart":{"Weight":1,"CFrame":[0,0,0,1,0,0,0,1,0,0,0,1],"EasingStyle":"Linear","EasingDirection":"In"},"Left Arm":{"Weight":1,"CFrame":[0.09662474691867829,-0.04808688163757324,0.3466683626174927,0.6784815192222595,0.31819644570350649,0.6621284484863281,-0.7346028089523315,0.28815680742263796,0.6142674684524536,0.004660850390791893,-0.9031704068183899,0.42925703525543215],"EasingStyle":"Linear","EasingDirection":"In"}}},{"Time":0.46666666865348818,"poses":{"Left Leg":{"Weight":1,"CFrame":[-0.18326547741889954,0.08899199962615967,0.10516047477722168,0.8893216252326965,-0.2678155303001404,0.3706507980823517,0.24329230189323426,0.9634207487106323,0.11238042265176773,-0.38718995451927187,-0.009765814058482647,0.921948254108429],"EasingStyle":"Linear","EasingDirection":"In"},"Right Arm":{"Weight":1,"CFrame":[-0.35880863666534426,-0.08721664547920227,0.416043758392334,0.5597283244132996,-0.16722771525382996,-0.8116274476051331,0.824973464012146,0.019964732229709626,0.564818799495697,-0.07824953645467758,-0.9857161045074463,0.14913341403007508],"EasingStyle":"Linear","EasingDirection":"In"},"Head":{"Weight":1,"CFrame":[6.51925802230835e-8,3.585591912269592e-8,-4.76837158203125e-7,0.9985842704772949,0.03316792845726013,-0.04158632084727287,-0.037564586848020557,0.9932395815849304,-0.10983668267726898,0.03766213729977608,0.1112433522939682,0.9930793046951294],"EasingStyle":"Linear","EasingDirection":"In"},"Right Leg":{"Weight":1,"CFrame":[0.07558557391166687,0.4002341628074646,0.3429919481277466,0.5733028054237366,0.23841777443885804,-0.7838882803916931,-0.24922451376914979,0.9621372222900391,0.11035949736833573,0.7805196642875671,0.13209466636180879,0.6110154986381531],"EasingStyle":"Linear","EasingDirection":"In"},"Torso":{"Weight":1,"CFrame":[0.00485045462846756,0.06235741078853607,0.08739161491394043,0.9970166087150574,-0.07604347169399262,-0.013241039589047432,0.07684791833162308,0.9939913153648377,0.0779467448592186,0.007234135176986456,-0.07873173803091049,0.996869683265686],"EasingStyle":"Linear","EasingDirection":"In"},"HumanoidRootPart":{"Weight":1,"CFrame":[0,0,0,1,0,0,0,1,0,0,0,1],"EasingStyle":"Linear","EasingDirection":"In"},"Left Arm":{"Weight":1,"CFrame":[0.10205008834600449,-0.03390452265739441,0.36021101474761965,0.5495637655258179,0.26227307319641116,0.7932165265083313,-0.8344470262527466,0.21886825561523438,0.5057616829872131,-0.04096229001879692,-0.9398455023765564,0.33913514018058779],"EasingStyle":"Linear","EasingDirection":"In"}}},{"Time":0.5,"poses":{"Left Leg":{"Weight":1,"CFrame":[-0.10132676362991333,0.10276997089385987,0.08143162727355957,0.8872935175895691,-0.22676347196102143,0.40160757303237917,0.1814274936914444,0.9721887707710266,0.1480983942747116,-0.42402157187461855,-0.058544110506772998,0.9037579298019409],"EasingStyle":"Linear","EasingDirection":"In"},"Right Arm":{"Weight":1,"CFrame":[-0.33471643924713137,-0.05884307622909546,0.4323689937591553,0.5259606242179871,-0.17455273866653443,-0.8324041962623596,0.8447876572608948,-0.006111874710768461,0.5350668430328369,-0.09848497807979584,-0.9846288561820984,0.1442454606294632],"EasingStyle":"Linear","EasingDirection":"In"},"Head":{"Weight":1,"CFrame":[1.0803341865539551e-7,-3.958120942115784e-9,-5.960464477539063e-8,0.9964197278022766,0.02287445403635502,-0.08139177411794663,-0.03058386780321598,0.9950292110443115,-0.09477146714925766,0.07881934940814972,0.09692142903804779,0.9921662211418152],"EasingStyle":"Linear","EasingDirection":"In"},"Right Leg":{"Weight":1,"CFrame":[0.05071304738521576,0.4068205952644348,0.3563591241836548,0.5661590099334717,0.2021002322435379,-0.7991366982460022,-0.2430115044116974,0.967312753200531,0.07246694713830948,0.7876607775688171,0.15317149460315705,0.5967655777931213],"EasingStyle":"Linear","EasingDirection":"In"},"Torso":{"Weight":1,"CFrame":[0.02198774367570877,0.058698758482933047,0.09098434448242188,0.9973860383033752,-0.06682928651571274,0.027476677671074868,0.06466188281774521,0.9952061176300049,0.0733734592795372,-0.03224845603108406,-0.07140497118234635,0.996925950050354],"EasingStyle":"Linear","EasingDirection":"In"},"HumanoidRootPart":{"Weight":1,"CFrame":[0,0,0,1,0,0,0,1,0,0,0,1],"EasingStyle":"Linear","EasingDirection":"In"},"Left Arm":{"Weight":1,"CFrame":[0.1040838286280632,-0.02914738655090332,0.36655354499816897,0.44589337706565859,0.22419852018356324,0.866553008556366,-0.8916878700256348,0.19554230570793153,0.40823522210121157,-0.07792207598686218,-0.9547242522239685,0.2871062159538269],"EasingStyle":"Linear","EasingDirection":"In"}}},{"Time":0.5333333611488342,"poses":{"Left Leg":{"Weight":1,"CFrame":[-0.05228368192911148,0.10996788740158081,0.0546567440032959,0.9032000303268433,-0.17741964757442475,0.3908351957798004,0.11979581415653229,0.9785860180854797,0.16738715767860413,-0.4121636748313904,-0.10436363518238068,0.9051129817962647],"EasingStyle":"Linear","EasingDirection":"In"},"Right Arm":{"Weight":1,"CFrame":[-0.3008822500705719,-0.03559395670890808,0.43777716159820559,0.4747397303581238,-0.15587349236011506,-0.866213321685791,0.8788297772407532,0.03055395372211933,0.47615623474121096,-0.04775392636656761,-0.9873044490814209,0.15149147808551789],"EasingStyle":"Linear","EasingDirection":"In"},"Head":{"Weight":1,"CFrame":[9.546056389808655e-8,1.0710209608078003e-8,-4.76837158203125e-7,0.9946020245552063,0.023992424830794336,-0.10095151513814926,-0.03168044984340668,0.9966610074043274,-0.07525511085987091,0.09880886971950531,0.07804706692695618,0.9920411109924316],"EasingStyle":"Linear","EasingDirection":"In"},"Right Leg":{"Weight":1,"CFrame":[0.07367655634880066,0.37222248315811159,0.3530154228210449,0.5952009558677673,0.20480073988437653,-0.7770408987998962,-0.2520338296890259,0.9657630324363709,0.061487436294555667,0.7630300521850586,0.1592431217432022,0.6264398097991943],"EasingStyle":"Linear","EasingDirection":"In"},"Torso":{"Weight":1,"CFrame":[0.033725857734680179,0.047219887375831607,0.08263921737670899,0.9958920478820801,-0.06886449456214905,0.058793749660253528,0.06539511680603028,0.9961122274398804,0.059024877846241,-0.06262988597154618,-0.05493758246302605,0.9965236186981201],"EasingStyle":"Linear","EasingDirection":"In"},"HumanoidRootPart":{"Weight":1,"CFrame":[0,0,0,1,0,0,0,1,0,0,0,1],"EasingStyle":"Linear","EasingDirection":"In"},"Left Arm":{"Weight":1,"CFrame":[0.09448731690645218,-0.03324168920516968,0.363828182220459,0.38864877820014956,0.19727398455142976,0.9000195264816284,-0.9140788316726685,0.20532958209514619,0.3497140109539032,-0.11581119894981384,-0.9586046934127808,0.26012498140335085],"EasingStyle":"Linear","EasingDirection":"In"}}},{"Time":0.5666666626930237,"poses":{"Left Leg":{"Weight":1,"CFrame":[-0.0880734920501709,0.12461763620376587,0.053263306617736819,0.9224883317947388,-0.16136442124843598,0.3506804406642914,0.10302390158176422,0.9784039258956909,0.17919790744781495,-0.37202343344688418,-0.1291794329881668,0.9191905856132507],"EasingStyle":"Linear","EasingDirection":"In"},"Right Arm":{"Weight":1,"CFrame":[-0.2560288608074188,-0.01992708444595337,0.41311049461364748,0.39940911531448367,-0.13803470134735108,-0.9063215851783752,0.9146990180015564,0.1264583170413971,0.3838411569595337,0.06162841245532036,-0.9823210835456848,0.17676888406276704],"EasingStyle":"Linear","EasingDirection":"In"},"Head":{"Weight":1,"CFrame":[1.3690441846847535e-7,4.6566128730773929e-9,2.384185791015625e-7,0.9932578802108765,0.028740443289279939,-0.11230673640966416,-0.03469156473875046,0.9980754256248474,-0.051399748772382739,0.11061335355043411,0.054949309676885608,0.9923433065414429],"EasingStyle":"Linear","EasingDirection":"In"},"Right Leg":{"Weight":1,"CFrame":[0.1497849076986313,0.33046263456344607,0.33768582344055178,0.6617684960365295,0.23417222499847413,-0.7121978998184204,-0.27122989296913149,0.9604006409645081,0.0637572631239891,0.6989254355430603,0.1509767323732376,0.6990774273872376],"EasingStyle":"Linear","EasingDirection":"In"},"Torso":{"Weight":1,"CFrame":[0.04107871651649475,0.031075820326805116,0.055533647537231448,0.9940876960754395,-0.0721973404288292,0.08110120892524719,0.06922845542430878,0.9968442916870117,0.03884479030966759,-0.08364976942539215,-0.03300061076879501,0.9959487318992615],"EasingStyle":"Linear","EasingDirection":"In"},"HumanoidRootPart":{"Weight":1,"CFrame":[0,0,0,1,0,0,0,1,0,0,0,1],"EasingStyle":"Linear","EasingDirection":"In"},"Left Arm":{"Weight":1,"CFrame":[0.07067529112100601,-0.0457817018032074,0.3507976531982422,0.40018293261528017,0.15419916808605195,0.9033693075180054,-0.9009560942649841,0.24660737812519074,0.35701966285705569,-0.16772548854351045,-0.9567693471908569,0.23761484026908875],"EasingStyle":"Linear","EasingDirection":"In"}}},{"Time":0.6000000238418579,"poses":{"Left Leg":{"Weight":1,"CFrame":[-0.23395977914333344,0.16419333219528199,0.06961750984191895,0.9377012252807617,-0.19956530630588532,0.28441187739372256,0.14833298325538636,0.9701793789863586,0.19170114398002625,-0.3141874670982361,-0.13757069408893586,0.9393404722213745],"EasingStyle":"Linear","EasingDirection":"In"},"Right Arm":{"Weight":1,"CFrame":[-0.19887906312942506,-0.01418459415435791,0.350067138671875,0.371819406747818,-0.14208656549453736,-0.9173668026924133,0.9065069556236267,0.2684701085090637,0.3258357346057892,0.19998855888843537,-0.9527514576911926,0.2286248803138733],"EasingStyle":"Linear","EasingDirection":"In"},"Head":{"Weight":1,"CFrame":[1.0710209608078003e-7,1.862645149230957e-9,1.1920928955078126e-7,0.9910141825675964,0.037019964307546619,-0.12853193283081056,-0.04048794135451317,0.9988803267478943,-0.024473387748003007,0.12748201191425324,0.029457466676831247,0.991403341293335],"EasingStyle":"Linear","EasingDirection":"In"},"Right Leg":{"Weight":1,"CFrame":[0.26257407665252688,0.2648569345474243,0.3006092309951782,0.7553884983062744,0.27402469515800478,-0.5952298045158386,-0.302263468503952,0.9516638517379761,0.05452187359333038,0.581399142742157,0.1387309730052948,0.8017038106918335],"EasingStyle":"Linear","EasingDirection":"In"},"Torso":{"Weight":1,"CFrame":[0.04575277864933014,0.013314906507730484,0.004990339279174805,0.9924872517585754,-0.07623899728059769,0.0956905409693718,0.07498446851968765,0.9970458149909973,0.016643647104501725,-0.09667675197124481,-0.009343303740024567,0.9952719807624817],"EasingStyle":"Linear","EasingDirection":"In"},"HumanoidRootPart":{"Weight":1,"CFrame":[0,0,0,1,0,0,0,1,0,0,0,1],"EasingStyle":"Linear","EasingDirection":"In"},"Left Arm":{"Weight":1,"CFrame":[0.04011388123035431,-0.06715095043182373,0.3201785087585449,0.4790060520172119,0.08512359857559204,0.8736745715141296,-0.8418142199516296,0.3266434967517853,0.4297126531600952,-0.24880149960517884,-0.9413065314292908,0.2281225472688675],"EasingStyle":"Linear","EasingDirection":"In"}}},{"Time":0.6333333253860474,"poses":{"Left Leg":{"Weight":1,"CFrame":[-0.42543530464172366,0.2275371551513672,0.060536742210388187,0.9445843696594238,-0.2619704008102417,0.1978178173303604,0.22099485993385316,0.9530752897262573,0.20690323412418366,-0.24273785948753358,-0.15172086656093598,0.9581540822982788],"EasingStyle":"Linear","EasingDirection":"In"},"Right Arm":{"Weight":1,"CFrame":[-0.12889303267002107,-0.0291939377784729,0.2650829553604126,0.43341538310050967,-0.1619202345609665,-0.8865286111831665,0.8303707838058472,0.4540177583694458,0.32303616404533389,0.3501935303211212,-0.8761562705039978,0.3312321603298187],"EasingStyle":"Linear","EasingDirection":"In"},"Head":{"Weight":1,"CFrame":[1.385924406349659e-7,4.656612873077393e-10,-2.384185791015625e-7,0.988