{"Sequence":[{"Time":0,"poses":{"Left Leg":{"Weight":1,"CFrame":[-0.44960781931877139,0.35304832458496096,0.09447407722473145,0.9733124375343323,0.1048145443201065,0.2041492909193039,-0.1110297292470932,0.9936316013336182,0.019199339672923089,-0.20083685219287873,-0.04135357216000557,0.9787514805793762],"EasingStyle":"Linear","EasingDirection":"In"},"Right Arm":{"Weight":1,"CFrame":[0.6273022890090942,-0.41993212699890139,0.046388983726501468,-0.3727063238620758,-0.5084998607635498,0.7762203812599182,0.6106252074241638,0.4954695403575897,0.6177756786346436,-0.698732316493988,0.7042285799980164,0.12583822011947633],"EasingStyle":"Linear","EasingDirection":"In"},"Head":{"Weight":1,"CFrame":[8.940696716308594e-8,2.7939677238464357e-9,1.1920928955078126e-7,0.9991454482078552,0.026950079947710038,-0.031338389962911609,-0.025194596499204637,0.9981617331504822,0.05512262508273125,0.03276634216308594,-0.05428595840930939,0.9979877471923828],"EasingStyle":"Linear","EasingDirection":"In"},"Right Leg":{"Weight":1,"CFrame":[0.5802981853485107,0.022987782955169679,-0.0015085339546203614,0.8736503720283508,0.48655107617378237,0.0017879691440612078,-0.48573362827301028,0.8719574213027954,0.0612630769610405,0.028248652815818788,-0.054391030222177508,0.998120129108429],"EasingStyle":"Linear","EasingDirection":"In"},"Torso":{"Weight":1,"CFrame":[0.03489848971366882,-0.07384873926639557,-0.2712831497192383,0.9940431118011475,-0.09931176155805588,0.04489629343152046,0.10320937633514404,0.9901136755943298,-0.09498818963766098,-0.03501899540424347,0.09905606508255005,0.9944654703140259],"EasingStyle":"Linear","EasingDirection":"In"},"HumanoidRootPart":{"Weight":1,"CFrame":[0,0,0,1,0,0,0,1,0,0,0,1],"EasingStyle":"Linear","EasingDirection":"In"},"Left Arm":{"Weight":1,"CFrame":[0.24973443150520326,-0.21112218499183656,0.16677844524383546,0.5270056128501892,-0.3275280296802521,0.7842133045196533,0.8402745723724365,0.33902350068092348,-0.42308610677719118,-0.12729409337043763,0.8819231390953064,0.4538807272911072],"EasingStyle":"Linear","EasingDirection":"In"}}},{"Time":0.03333333507180214,"poses":{"Left Leg":{"Weight":1,"CFrame":[-0.44071775674819949,0.3393637537956238,0.09169065952301026,0.9727945327758789,0.11495997756719589,0.2011343389749527,-0.12106477469205857,0.9924763441085815,0.018276577815413476,-0.19752003252506257,-0.042129676789045337,0.9793931841850281],"EasingStyle":"Linear","EasingDirection":"In"},"Right Arm":{"Weight":1,"CFrame":[0.6275322437286377,-0.43379780650138857,0.04614853858947754,-0.32614147663116457,-0.4993870258331299,0.8026484847068787,0.6195632219314575,0.5283713340759277,0.580487072467804,-0.7139840126037598,0.6866123080253601,0.13707797229290009],"EasingStyle":"Linear","EasingDirection":"In"},"Head":{"Weight":1,"CFrame":[7.078051567077637e-8,-1.5832483768463136e-8,3.5762786865234377e-7,0.9992537498474121,0.026987379416823388,-0.0276375412940979,-0.02543490193784237,0.9981589317321777,0.05506270378828049,0.029072653502225877,-0.05431865528225899,0.9981003403663635],"EasingStyle":"Linear","EasingDirection":"In"},"Right Leg":{"Weight":1,"CFrame":[0.5765812397003174,0.013986766338348389,-0.0025076866149902345,0.8755927085876465,0.48304906487464907,0.001059505739249289,-0.48220303654670718,0.8739252686500549,0.06111212819814682,0.028594298288226129,-0.054020293056964877,0.9981303215026856],"EasingStyle":"Linear","EasingDirection":"In"},"Torso":{"Weight":1,"CFrame":[0.03483179956674576,-0.07235832512378693,-0.2590827941894531,0.9936861395835877,-0.10271020978689194,0.04514894634485245,0.10664580762386322,0.9896771311759949,-0.0957394614815712,-0.03484945371747017,0.09994994103908539,0.9943819642066956],"EasingStyle":"Linear","EasingDirection":"In"},"HumanoidRootPart":{"Weight":1,"CFrame":[0,0,0,1,0,0,0,1,0,0,0,1],"EasingStyle":"Linear","EasingDirection":"In"},"Left Arm":{"Weight":1,"CFrame":[0.2471204698085785,-0.2294735312461853,0.16756665706634522,0.5266514420509338,-0.32862070202827456,0.7839941382408142,0.8400802612304688,0.34224802255630495,-0.42087018489837649,-0.13001373410224915,0.8802697658538818,0.4563130736351013],"EasingStyle":"Linear","EasingDirection":"In"}}},{"Time":0.06666667014360428,"poses":{"Left Leg":{"Weight":1,"CFrame":[-0.414448618888855,0.3060641884803772,0.08605551719665528,0.9700099229812622,0.1412792205810547,0.19779029488563538,-0.14732877910137177,0.9889559745788574,0.016135405749082567,-0.19332633912563325,-0.04479168727993965,0.9801115393638611],"EasingStyle":"Linear","EasingDirection":"In"},"Right Arm":{"Weight":1,"CFrame":[0.6283460259437561,-0.46625980734825137,0.04446601867675781,-0.30257800221443179,-0.49157020449638369,0.8165814876556397,0.6187818646430969,0.5503305196762085,0.5605759024620056,-0.7249521017074585,0.6749037504196167,0.1376568228006363],"EasingStyle":"Linear","EasingDirection":"In"},"Head":{"Weight":1,"CFrame":[1.0244548320770264e-7,-1.210719347000122e-8,0,0.9993056654930115,0.027866540476679803,-0.024735134094953538,-0.02647477388381958,0.9981400370597839,0.05491558089852333,0.026219433173537256,-0.05422258749604225,0.9981846809387207],"EasingStyle":"Linear","EasingDirection":"In"},"Right Leg":{"Weight":1,"CFrame":[0.5487740635871887,0.00446552038192749,-0.0035562515258789064,0.8882429003715515,0.45937323570251467,0.0008931576157920063,-0.458607017993927,0.8866457939147949,0.059489209204912189,0.026535868644714357,-0.05325043946504593,0.9982285499572754],"EasingStyle":"Linear","EasingDirection":"In"},"Torso":{"Weight":1,"CFrame":[0.034879766404628757,-0.07008978724479675,-0.22934722900390626,0.9932682514190674,-0.10638634115457535,0.04582727700471878,0.11050515621900559,0.9888885021209717,-0.09943941980600357,-0.034739069640636447,0.10383415967226029,0.9939878582954407],"EasingStyle":"Linear","EasingDirection":"In"},"HumanoidRootPart":{"Weight":1,"CFrame":[0,0,0,1,0,0,0,1,0,0,0,1],"EasingStyle":"Linear","EasingDirection":"In"},"Left Arm":{"Weight":1,"CFrame":[0.24341027438640595,-0.24796897172927857,0.16835713386535645,0.5258171558380127,-0.33122718334198,0.7834571003913879,0.8395735621452332,0.3499126136302948,-0.4155450463294983,-0.13650162518024445,0.8762703537940979,0.46207955479621889],"EasingStyle":"Linear","EasingDirection":"In"}}},{"Time":0.10000000149011612,"poses":{"Left Leg":{"Weight":1,"CFrame":[-0.376523494720459,0.26855558156967165,0.07911252975463867,0.9637759327888489,0.18159984052181245,0.1953393816947937,-0.18758811056613923,0.982168972492218,0.012445785105228424,-0.18959614634513856,-0.04863828793168068,0.9806568026542664],"EasingStyle":"Linear","EasingDirection":"In"},"Right Arm":{"Weight":1,"CFrame":[0.6299290657043457,-0.5036119818687439,0.03989911079406738,-0.29340219497680666,-0.4834422469139099,0.8247418403625488,0.6126473546028137,0.5671871900558472,0.550419807434082,-0.733879029750824,0.6667701601982117,0.1297655552625656],"EasingStyle":"Linear","EasingDirection":"In"},"Head":{"Weight":1,"CFrame":[6.891787052154541e-8,-1.1175870895385743e-8,3.5762786865234377e-7,0.9992842674255371,0.030404120683670045,-0.022508755326271058,-0.029138296842575074,0.9980843663215637,0.054576896131038669,0.024125006049871446,-0.053881969302892688,0.9982559084892273],"EasingStyle":"Linear","EasingDirection":"In"},"Right Leg":{"Weight":1,"CFrame":[0.5152062773704529,-0.0014322996139526368,-0.005191802978515625,0.9059258699417114,0.42343205213546755,0.001868080347776413,-0.42283347249031069,0.9043921232223511,0.05733156576752663,0.022586602717638017,-0.05272806063294411,0.9983534812927246],"EasingStyle":"Linear","EasingDirection":"In"},"Torso":{"Weight":1,"CFrame":[0.03523338586091995,-0.07157909870147705,-0.19672870635986329,0.9929048418998718,-0.10909349471330643,0.047313619405031207,0.11372362822294235,0.9874266982078552,-0.10979743301868439,-0.03474054113030434,0.11439906805753708,0.9928273558616638],"EasingStyle":"Linear","EasingDirection":"In"},"HumanoidRootPart":{"Weight":1,"CFrame":[0,0,0,1,0,0,0,1,0,0,0,1],"EasingStyle":"Linear","EasingDirection":"In"},"Left Arm":{"Weight":1,"CFrame":[0.23889480531215669,-0.26418212056159975,0.16933369636535645,0.5248421430587769,-0.33434242010116579,0.7827872037887573,0.8388878703117371,0.35901615023612978,-0.40911439061164858,-0.14424888789653779,0.8713911175727844,0.4689026176929474],"EasingStyle":"Linear","EasingDirection":"In"}}},{"Time":0.13333334028720857,"poses":{"Left Leg":{"Weight":1,"CFrame":[-0.3384911119937897,0.24375802278518678,0.07286298274993897,0.9532070755958557,0.23147475719451905,0.19446277618408204,-0.23748552799224854,0.9713593125343323,0.00785609520971775,-0.18707479536533357,-0.053670525550842288,0.980878472328186],"EasingStyle":"Linear","EasingDirection":"In"},"Right Arm":{"Weight":1,"CFrame":[0.6324863433837891,-0.5344348549842835,0.01528918743133545,-0.2907578945159912,-0.4787447452545166,0.8284102082252502,0.5994523167610169,0.5836730003356934,0.5477067232131958,-0.7457323670387268,0.6558425426483154,0.11727704852819443],"EasingStyle":"Linear","EasingDirection":"In"},"Head":{"Weight":1,"CFrame":[7.82310962677002e-8,4.563480615615845e-8,0,0.9991553425788879,0.03541822358965874,-0.020837804302573205,-0.034250788390636447,0.9979566335678101,0.0539403036236763,0.022705702111124994,-0.05318102240562439,0.9983267784118652],"EasingStyle":"Linear","EasingDirection":"In"},"Right Leg":{"Weight":1,"CFrame":[0.4956569969654083,-0.0002956390380859375,-0.007615923881530762,0.9236243367195129,0.3832765817642212,0.004162253811955452,-0.3829263746738434,0.9221929907798767,0.05410704389214516,0.016899630427360536,-0.05156847834587097,0.9985265135765076],"EasingStyle":"Linear","EasingDirection":"In"},"Torso":{"Weight":1,"CFrame":[0.03678290545940399,-0.08186084032058716,-0.17506766319274903,0.992611289024353,-0.11004433780908585,0.05111808702349663,0.1159060150384903,0.9845642447471619,-0.13114593923091889,-0.03589716926217079,0.1361018568277359,0.9900442957878113],"EasingStyle":"Linear","EasingDirection":"In"},"HumanoidRootPart":{"Weight":1,"CFrame":[0,0,0,1,0,0,0,1,0,0,0,1],"EasingStyle":"Linear","EasingDirection":"In"},"Left Arm":{"Weight":1,"CFrame":[0.23386484384536744,-0.2756885588169098,0.17068147659301759,0.5240429639816284,-0.336955726146698,0.7822019457817078,0.838245689868927,0.36660465598106387,-0.40366458892822268,-0.15074172616004945,0.8672150373458862,0.474568247795105],"EasingStyle":"Linear","EasingDirection":"In"}}},{"Time":0.1666666716337204,"poses":{"Left Leg":{"Weight":1,"CFrame":[-0.3294808864593506,0.25658583641052248,0.07148754596710205,0.9448597431182861,0.2640404999256134,0.19370777904987336,-0.2701352536678314,0.9628080725669861,0.0052633932791650299,-0.18511368334293366,-0.05730044096708298,0.9810451865196228],"EasingStyle":"Linear","EasingDirection":"In"},"Right Arm":{"Weight":1,"CFrame":[0.6363034844398499,-0.5564473271369934,-0.031140148639678956,-0.29242846369743349,-0.4800106883049011,0.8270886540412903,0.5801268219947815,0.5985219478607178,0.5524711012840271,-0.7602227330207825,0.6413745880126953,0.10344211757183075],"EasingStyle":"Linear","EasingDirection":"In"},"Head":{"Weight":1,"CFrame":[7.82310962677002e-8,9.033828973770142e-8,-4.172325134277344e-7,0.9988510608673096,0.04372857138514519,-0.019605571404099466,-0.04263940453529358,0.9976891279220581,0.05289897322654724,0.021873461082577707,-0.052002210170030597,0.9984074234962463],"EasingStyle":"Linear","EasingDirection":"In"},"Right Leg":{"Weight":1,"CFrame":[0.5017243027687073,0.006360828876495361,-0.01014089584350586,0.9354029297828674,0.3535236120223999,0.006527861580252647,-0.3533989191055298,0.9341572523117065,0.049593836069107059,0.011434582062065602,-0.04869714006781578,0.998748242855072],"EasingStyle":"Linear","EasingDirection":"In"},"Torso":{"Weight":1,"CFrame":[0.037839218974113467,-0.0983838140964508,-0.17102646827697755,0.9921960234642029,-0.11113206297159195,0.05654137209057808,0.11881259828805924,0.9802109599113464,-0.15833529829978944,-0.03782634064555168,0.16381745040416718,0.985765278339386],"EasingStyle":"Linear","EasingDirection":"In"},"HumanoidRootPart":{"Weight":1,"CFrame":[0,0,0,1,0,0,0,1,0,0,0,1],"EasingStyle":"Linear","EasingDirection":"In"},"Left Arm":{"Weight":1,"CFrame":[0.22861137986183167,-0.28006333112716677,0.17258501052856446,0.5237126350402832,-0.3380521237850189,0.781950056552887,0.8379580974578857,0.36977618932724,-0.401362806558609,-0.1534648984670639,0.8654399514198303,0.47693002223968508],"EasingStyle":"Linear","EasingDirection":"In"}}},{"Time":0.20000000298023225,"poses":{"Left Leg":{"Weight":1,"CFrame":[-0.35631632804870608,0.31309473514556887,0.07398319244384766,0.9459105730056763,0.262210875749588,0.1910463124513626,-0.26880934834480288,0.9631513953208923,0.009007466956973076,-0.18164478242397309,-0.05987529084086418,0.9815397262573242],"EasingStyle":"Linear","EasingDirection":"In"},"Right Arm":{"Weight":1,"CFrame":[0.6416856050491333,-0.5696514248847961,-0.07775789499282837,-0.29868125915527346,-0.4829760789871216,0.8231183290481567,0.5619795918464661,0.6080843210220337,0.5607249140739441,-0.7713420391082764,0.6300536394119263,0.08979924768209458],"EasingStyle":"Linear","EasingDirection":"In"},"Head":{"Weight":1,"CFrame":[7.078051567077637e-8,7.916241884231568e-8,-1.7881393432617188e-7,0.9982468485832214,0.0561559721827507,-0.018702277913689615,-0.05513275787234306,0.9971579313278198,0.05134584754705429,0.021532507613301278,-0.050224728882312778,0.9985058307647705],"EasingStyle":"Linear","EasingDirection":"In"},"Right Leg":{"Weight":1,"CFrame":[0.525337278842926,0.012196958065032959,-0.011528968811035157,0.9393157958984375,0.34297695755958559,0.007269198074936867,-0.34296706318855288,0.93839031457901,0.042395420372486117,0.007719368673861027,-0.04231581464409828,0.9990745186805725],"EasingStyle":"Linear","EasingDirection":"In"},"Torso":{"Weight":1,"CFrame":[0.036200448870658877,-0.11449223756790161,-0.17991161346435548,0.9913236498832703,-0.11562656611204148,0.0625133216381073,0.12519624829292298,0.9754661917686462,-0.1810850352048874,-0.04004139453172684,0.18734031915664674,0.9814786314964294],"EasingStyle":"Linear","EasingDirection":"In"},"HumanoidRootPart":{"Weight":1,"CFrame":[0,0,0,1,0,0,0,1,0,0,0,1],"EasingStyle":"Linear","EasingDirection":"In"},"Left Arm":{"Weight":1,"CFrame":[0.22333157062530518,-0.27944493293762209,0.1752629280090332,0.5222584009170532,-0.3421913683414459,0.7811218500137329,0.8402663469314575,0.3628693222999573,-0.40283793210983279,-0.1455974280834198,0.8667358756065369,0.4770433306694031],"EasingStyle":"Linear","EasingDirection":"In"}}},{"Time":0.23333333432674409,"poses":{"Left Leg":{"Weight":1,"CFrame":[-0.39772385358810427,0.3884045481681824,0.06987226009368897,0.9545748233795166,0.23503205180168153,0.18315798044204713,-0.24385392665863038,0.9694387912750244,0.02690371312201023,-0.17123724520206452,-0.0703454241156578,0.982715368270874],"EasingStyle":"Linear","EasingDirection":"In"},"Right Arm":{"Weight":1,"CFrame":[0.6489382982254028,-0.574052095413208,-0.10293322801589966,-0.31005918979644778,-0.48317641019821169,0.8187819719314575,0.5526666641235352,0.6091572642326355,0.5687593221664429,-0.7735779881477356,0.6288624405860901,0.07816063612699509],"EasingStyle":"Linear","EasingDirection":"In"},"Head":{"Weight":1,"CFrame":[8.195638656616211e-8,-6.51925802230835e-9,-1.1920928955078126e-7,0.9971309304237366,0.07351906597614289,-0.018028879538178445,-0.07255776971578598,0.996151328086853,0.049173105508089069,0.021574662998318673,-0.047723859548568729,0.9986275434494019],"EasingStyle":"Linear","EasingDirection":"In"},"Right Leg":{"Weight":1,"CFrame":[0.5409092307090759,0.002429783344268799,-0.009040236473083496,0.9375839829444885,0.3477414846420288,0.0034854942932724954,-0.34771379828453066,0.9372535347938538,0.02551579475402832,0.005606192164123058,-0.02513522282242775,0.9996684193611145],"EasingStyle":"Linear","EasingDirection":"In"},"Torso":{"Weight":1,"CFrame":[0.0345144122838974,-0.12341144680976868,-0.18783211708068849,0.989079475402832,-0.12816087901592256,0.07277736067771912,0.13989125192165376,0.9717936515808106,-0.18986186385154725,-0.046391721814870837,0.19796939194202424,0.9791097640991211],"EasingStyle":"Linear","EasingDirection":"In"},"HumanoidRootPart":{"Weight":1,"CFrame":[0,0,0,1,0,0,0,1,0,0,0,1],"EasingStyle":"Linear","EasingDirection":"In"},"Left Arm":{"Weight":1,"CFrame":[0.21784810721874238,-0.27808570861816409,0.17907118797302247,0.518043041229248,-0.35221269726753237,0.7794726490974426,0.8457963466644287,0.346786230802536,-0.4054233133792877,-0.12751504778862,0.8693017959594727,0.47755032777786257],"EasingStyle":"Linear","EasingDirection":"In"}}},{"Time":0.2666666805744171,"poses":{"Left Leg":{"Weight":1,"CFrame":[-0.4490087926387787,0.45939362049102785,0.05449020862579346,0.9683092832565308,0.1877947300672531,0.16465188562870027,-0.19903439283370973,0.9784756302833557,0.05450436472892761,-0.15087230503559113,-0.08554840832948685,0.9848447442054749],"EasingStyle":"Linear","EasingDirection":"In"},"Right Arm":{"Weight":1,"CFrame":[0.6581559181213379,-0.5571205019950867,-0.1091914176940918,-0.3195396959781647,-0.49634864926338198,0.8071756362915039,0.5658970475196838,0.583286464214325,0.5826984643936157,-0.7600361704826355,0.6429734826087952,0.09449902921915055],"EasingStyle":"Linear","EasingDirection":"In"},"Head":{"Weight":1,"CFrame":[1.0058283805847168e-7,4.470348358154297e-8,4.76837158203125e-7,0.9951668381690979,0.09662624448537827,-0.01750185154378414,-0.09573136270046234,0.9943312406539917,0.04627077654004097,0.021873608231544496,-0.044371675699949267,0.9987756013870239],"EasingStyle":"Linear","EasingDirection":"In"},"Right Leg":{"Weight":1,"CFrame":[0.5426173210144043,-0.025919198989868165,-0.0008190274238586426,0.9286728501319885,0.37077218294143679,-0.00973081961274147,-0.37074577808380129,0.9287236928939819,0.004461000673472881,0.010691300965845585,-0.000535186321940273,0.9999427199363709],"EasingStyle":"Linear","EasingDirection":"In"},"Torso":{"Weight":1,"CFrame":[0.03372626006603241,-0.11864268779754639,-0.1894369125366211,0.9847288727760315,-0.1526511311531067,0.08370592445135117,0.16558286547660829,0.9697235226631165,-0.1794954538345337,-0.05377141758799553,0.19061462581157685,0.980191171169281],"EasingStyle":"Linear","EasingDirection":"In"},"HumanoidRootPart":{"Weight":1,"CFrame":[0,0,0,1,0,0,0,1,0,0,0,1],"EasingStyle":"Linear","EasingDirection":"In"},"Left Arm":{"Weight":1,"CFrame":[0.2118905484676361,-0.2767259180545807,0.18439936637878419,0.5113720297813416,-0.3644758462905884,0.7782390713691711,0.8525950312614441,0.328581839799881,-0.406344473361969,-0.10761243849992752,0.8713158965110779,0.47877776622772219],"EasingStyle":"Linear","EasingDirection":"In"}}},{"Time":0.30000001192092898,"poses":{"Left Leg":{"Weight":1,"CFrame":[-0.5052862167358398,0.5071479082107544,0.032328009605407718,0.9820109009742737,0.13187579810619355,0.13514189422130586,-0.14335376024246217,0.9865124821662903,0.0790116935968399,-0.12289950251579285,-0.09696349501609802,0.9876708984375],"EasingStyle":"Linear","EasingDirection":"In"},"Right Arm":{"Weight":1,"CFrame":[0.6685892343521118,-0.512722373008728,-0.11367559432983399,-0.32379335165023806,-0.534913957118988,0.7804006934165955,0.6036802530288696,0.5183130502700806,0.6057407259941101,-0.7285109162330627,0.6672472357749939,0.15509067475795747],"EasingStyle":"Linear","EasingDirection":"In"},"Head":{"Weight":1,"CFrame":[1.0058283805847168e-7,-5.774199962615967e-8,-4.76837158203125e-7,0.9918506741523743,0.1262589395046234,-0.01705891825258732,-0.12544329464435578,0.9911888837814331,0.04252678155899048,0.022278007119894029,-0.04004029184579849,0.9989497065544128],"EasingStyle":"Linear","EasingDirection":"In"},"Right Leg":{"Weight":1,"CFrame":[0.5280892848968506,-0.06191599369049072,0.011319398880004883,0.9152991771697998,0.40146172046661379,-0.032495204359292987,-0.4019332230091095,0.915621817111969,-0.00929675716906786,0.02602110058069229,0.021570177748799325,0.9994287490844727],"EasingStyle":"Linear","EasingDirection":"In"},"Torso":{"Weight":1,"CFrame":[0.03379225730895996,-0.10236847400665283,-0.1818854808807373,0.9784534573554993,-0.18624332547187806,0.0891205221414566,0.1984371393918991,0.967492938041687,-0.15678048133850099,-0.057024165987968448,0.17108720541000367,0.9836043119430542],"EasingStyle":"Linear","EasingDirection":"In"},"HumanoidRootPart":{"Weight":1,"CFrame":[0,0,0,1,0,0,0,1,0,0,0,1],"EasingStyle":"Linear","EasingDirection":"In"},"Left Arm":{"Weight":1,"CFrame":[0.20518775284290315,-0.27610889077186587,0.19163739681243897,0.5028804540634155,-0.37535205483436587,0.7786027193069458,0.8591746091842651,0.31555429100990298,-0.40279608964920046,-0.0945010781288147,0.8715139031410217,0.48117905855178835],"EasingStyle":"Linear","EasingDirection":"In"}}},{"Time":0.3333333432674408,"poses":{"Left Leg":{"Weight":1,"CFrame":[-0.5621322393417358,0.520404577255249,0.011354207992553711,0.9924149513244629,0.07454501837491989,0.09775317460298538,-0.08347538113594055,0.9923742413520813,0.09069400280714035,-0.09024693071842194,-0.09816605597734451,0.9910696148872376],"EasingStyle":"Linear","EasingDirection":"In"},"Right Arm":{"Weight":1,"CFrame":[0.6792784929275513,-0.45044592022895815,-0.11668145656585694,-0.3297635316848755,-0.588534951210022,0.7381618022918701,0.6554707884788513,0.4199816584587097,0.6276730895042419,-0.6794219017028809,0.6908270716667175,0.2472728192806244],"EasingStyle":"Linear","EasingDirection":"In"},"Head":{"Weight":1,"CFrame":[8.195638656616211e-8,-7.450580596923828e-9,-1.1920928955078126e-7,0.9865062236785889,0.1626632660627365,-0.01860669255256653,-0.16199330985546113,0.9862349629402161,0.03314888849854469,0.0237426720559597,-0.029687441885471345,0.9992772340774536],"EasingStyle":"Linear","EasingDirection":"In"},"Right Leg":{"Weight":1,"CFrame":[0.49219369888305666,-0.09497725963592529,0.024381399154663087,0.9022165536880493,0.426871657371521,-0.06153016537427902,-0.4281363785266876,0.9036749601364136,-0.008426625281572342,0.05200628191232681,0.03394598513841629,0.998069703578949],"EasingStyle":"Linear","EasingDirection":"In"},"Torso":{"Weight":1,"CFrame":[0.03737005591392517,-0.07960602641105652,-0.1623239517211914,0.97080397605896,-0.22368130087852479,0.08664018660783768,0.23359818756580354,0.9636639952659607,-0.12955227494239808,-0.0545136034488678,0.14600884914398194,0.9877802729606628],"EasingStyle":"Linear","EasingDirection":"In"},"HumanoidRootPart":{"Weight":1,"CFrame":[0,0,0,1,0,0,0,1,0,0,0,1],"EasingStyle":"Linear","EasingDirection":"In"},"Left Arm":{"Weight":1,"CFrame":[0.19753500819206239,-0.27611130475997927,0.20102667808532716,0.4942108690738678,-0.3836536705493927,0.7801060676574707,0.8645851016044617,0.3106556236743927,-0.39495036005973818,-0.09082011133432388,0.8696568012237549,0.4852304756641388],"EasingStyle":"Linear","EasingDirection":"In"}}},{"Time":0.36666667461395266,"poses":{"Left Leg":{"Weight":1,"CFrame":[-0.6157073974609375,0.5012378692626953,-0.005213677883148193,0.9981192350387573,0.016543179750442506,0.059028979390859607,-0.021890761330723764,0.995598554611206,0.0911281630396843,-0.057261623442173007,-0.09224897623062134,0.9940882325172424],"EasingStyle":"Linear","EasingDirection":"In"},"Right Arm":{"Weight":1,"CFrame":[0.6892633438110352,-0.3798823654651642,-0.11850476264953613,-0.34380972385406496,-0.6451088786125183,0.682370662689209,0.7091121077537537,0.29801204800605776,0.6390217542648315,-0.6155931949615479,0.7035790681838989,0.3549950122833252],"EasingStyle":"Linear","EasingDirection":"In"},"Head":{"Weight":1,"CFrame":[7.078051567077637e-8,4.470348358154297e-8,3.5762786865234377e-7,0.9792410731315613,0.2013566493988037,-0.023290371522307397,-0.20099452137947083,0.9794450998306274,0.016988258808851243,0.026232337579131128,-0.011954360641539097,0.9995843768119812],"EasingStyle":"Linear","EasingDirection":"In"},"Right Leg":{"Weight":1,"CFrame":[0.4367524981498718,-0.12032735347747803,0.03426659107208252,0.8922113180160523,0.44244539737701418,-0.0905601754784584,-0.44395673274993899,0.8960402011871338,0.0038173203356564047,0.08283454924821854,0.03679896518588066,0.9958837032318115],"EasingStyle":"Linear","EasingDirection":"In"},"Torso":{"Weight":1,"CFrame":[0.044997438788414,-0.05457821488380432,-0.13394832611083985,0.9625295400619507,-0.2594774663448334,0.07879295200109482,0.2666863203048706,0.9584102034568787,-0.10162851214408875,-0.04914565756917,0.11883344501256943,0.9916971921920776],"EasingStyle":"Linear","EasingDirection":"In"},"HumanoidRootPart":{"Weight":1,"CFrame":[0,0,0,1,0,0,0,1,0,0,0,1],"EasingStyle":"Linear","EasingDirection":"In"},"Left Arm":{"Weight":1,"CFrame":[0.18899157643318177,-0.27612972259521487,0.21221649646759034,0.4863413870334625,-0.3907929062843323,0.7815070152282715,0.8688313961029053,0.311237096786499,-0.3850501775741577,-0.09275905042886734,0.8662634491920471,0.490900456905365],"EasingStyle":"Linear","EasingDirection":"In"}}},{"Time":0.4000000059604645,"poses":{"Left Leg":{"Weight":1,"CFrame":[-0.657932460308075,0.4519009590148926,-0.015779733657836915,0.9989482760429382,-0.038316816091537479,0.025186054408550264,0.036094922572374347,0.9958599805831909,0.08342690020799637,-0.028278527781367303,-0.08243004977703095,0.9961956143379211],"EasingStyle":"Linear","EasingDirection":"In"},"Right Arm":{"Weight":1,"CFrame":[0.6975839734077454,-0.31062358617782595,-0.11944103240966797,-0.3693946301937103,-0.6918869614601135,0.6203548312187195,0.7523362636566162,0.169189915060997,0.6366828083992004,-0.5454701781272888,0.7019025683403015,0.45803380012512209],"EasingStyle":"Linear","EasingDirection":"In"},"Head":{"Weight":1,"CFrame":[8.009374141693115e-8,-3.3527612686157229e-8,-6.556510925292969e-7,0.9712766408920288,0.23611558973789216,-0.029514789581298829,-0.23623834550380708,0.9716948866844177,-0.0006944956840015948,0.028515391051769258,0.007647056132555008,0.9995641112327576],"EasingStyle":"Linear","EasingDirection":"In"},"Right Leg":{"Weight":1,"CFrame":[0.36700019240379336,-0.13411962985992433,0.03773796558380127,0.8878136277198792,0.4459083378314972,-0.11381003260612488,-0.4463413655757904,0.894565224647522,0.023073891177773477,0.11209940910339356,0.03031274303793907,0.9932345151901245],"EasingStyle":"Linear","EasingDirection":"In"},"Torso":{"Weight":1,"CFrame":[0.05380368232727051,-0.029933616518974305,-0.10074353218078613,0.9548959732055664,-0.28923583030700686,0.06720487773418427,0.2939419746398926,0.9528089761734009,-0.07584965229034424,-0.042094968259334567,0.09218284487724304,0.9948520064353943],"EasingStyle":"Linear","EasingDirection":"In"},"HumanoidRootPart":{"Weight":1,"CFrame":[0,0,0,1,0,0,0,1,0,0,0,1],"EasingStyle":"Linear","EasingDirection":"In"},"Left Arm":{"Weight":1,"CFrame":[0.179682657122612,-0.27618131041526797,0.2247081995010376,0.4791580140590668,-0.39711225032806399,0.7827576994895935,0.8720908761024475,0.31630948185920718,-0.3733709156513214,-0.09932346642017365,0.8615394234657288,0.49788016080856326],"EasingStyle":"Linear","EasingDirection":"In"}}},{"Time":0.4333333373069763,"poses":{"Left Leg":{"Weight":1,"CFrame":[-0.6823322772979736,0.3857208490371704,-0.021407365798950197,0.9963793158531189,-0.085016630589962,-0.0006761248223483563,0.0848446786403656,0.993791937828064,0.07196521013975144,-0.005446373950690031,-0.07176204025745392,0.9974069595336914],"EasingStyle":"Linear","EasingDirection":"In"},"Right Arm":{"Weight":1,"CFrame":[0.7032803297042847,-0.25225788354873659,-0.11978602409362793,-0.4054912328720093,-0.7186345458030701,0.564926028251648,0.7760977745056152,0.05586688593029976,0.6281330585479736,-0.48295876383781435,0.6931401491165161,0.5350771546363831],"EasingStyle":"Linear","EasingDirection":"In"},"Head":{"Weight":1,"CFrame":[7.82310962677002e-8,1.4901161193847657e-8,1.1920928955078126e-7,0.9646863341331482,0.26105180382728579,-0.03510570153594017,-0.2616875171661377,0.9650384187698364,-0.014850769191980362,0.030001528561115266,0.023513058200478555,0.9992732405662537],"EasingStyle":"Linear","EasingDirection":"In"},"Right Leg":{"Weight":1,"CFrame":[0.30048930644989016,-0.13604271411895753,0.03573572635650635,0.8869684934616089,0.44347357749938967,-0.12891113758087159,-0.4415356516838074,0.8961231708526611,0.04482783004641533,0.13540026545524598,0.017157986760139467,0.9906424283981323],"EasingStyle":"Linear","EasingDirection":"In"},"Torso":{"Weight":1,"CFrame":[0.06125728785991669,-0.008048653602600098,-0.07218813896179199,0.948752224445343,-0.31138625741004946,0.05392599478363991,0.31417906284332278,0.9477857947349548,-0.05471581965684891,-0.03407253697514534,0.06885417550802231,0.9970447421073914],"EasingStyle":"Linear","EasingDirection":"In"},"HumanoidRootPart":{"Weight":1,"CFrame":[0,0,0,1,0,0,0,1,0,0,0,1],"EasingStyle":"Linear","EasingDirection":"In"},"Left Arm":{"Weight":1,"CFrame":[0.16973361372947694,-0.2762799859046936,0.23800301551818849,0.4725275933742523,-0.4029253423213959,0.7838168740272522,0.8744840621948242,0.32488247752189639,-0.3601790964603424,-0.10952308773994446,0.8556299209594727,0.5058677196502686],"EasingStyle":"Linear","EasingDirection":"In"}}},{"Time":0.46666666865348818,"poses":{"Left Leg":{"Weight":1,"CFrame":[-0.6892158389091492,0.3216348886489868,-0.02329123020172119,0.9925194978713989,-0.12092702835798264,-0.01678566262125969,0.12173847109079361,0.9906650185585022,0.06134089455008507,0.00921113882213831,-0.06292551010847092,0.9979757070541382],"EasingStyle":"Linear","EasingDirection":"In"},"Right Arm":{"Weight":1,"CFrame":[0.7053925395011902,-0.21437790989875794,-0.11983513832092285,-0.44761571288108828,-0.7194784879684448,0.531028151512146,0.7762680649757385,-0.017849350348114969,0.6301503777503967,-0.443901002407074,0.6942853331565857,0.5664977431297302],"EasingStyle":"Linear","EasingDirection":"In"},"Head":{"Weight":1,"CFrame":[7.729977369308472e-8,3.725290298461914e-9,2.384185791015625e-7,0.9619619846343994,0.27059316635131838,-0.03753165900707245,-0.27147233486175539,0.9622249603271484,-0.020637331530451776,0.030529581010341646,0.030041124671697618,0.9990823864936829],"EasingStyle":"Linear","EasingDirection":"In"},"Right Leg":{"Weight":1,"CFrame":[0.26376235485076907,-0.13197016716003419,0.03269970417022705,0.8846573233604431,0.4463057219982147,-0.13488009572029115,-0.44158267974853518,0.8948777318000794,0.06479626893997193,0.1496201753616333,0.0022381371818482877,0.9887410402297974],"EasingStyle":"Linear","EasingDirection":"In"},"Torso":{"Weight":1,"CFrame":[0.06490562111139298,0.008863463997840882,-0.056502580642700198,0.9447488784790039,-0.32520750164985659,0.04110495373606682,0.32679110765457156,0.9442274570465088,-0.040523234754800799,-0.02563396655023098,0.051717013120651248,0.9983327388763428],"EasingStyle":"Linear","EasingDirection":"In"},"HumanoidRootPart":{"Weight":1,"CFrame":[0,0,0,1,0,0,0,1,0,0,0,1],"EasingStyle":"Linear","EasingDirection":"In"},"Left Arm":{"Weight":1,"CFrame":[0.1592695266008377,-0.2764433026313782,0.25160181522369387,0.46630534529685976,-0.40852031111717226,0.78464674949646,0.8761186599731445,0.3359709084033966,-0.3457452356815338,-0.1223745048046112,0.8486664295196533,0.5145772099494934],"EasingStyle":"Linear","EasingDirection":"In"}}},{"Time":0.5,"poses":{"Left Leg":{"Weight":1,"CFrame":[-0.678920567035675,0.26691657304763796,-0.021186530590057374,0.989445686340332,-0.14325420558452607,-0.02180858701467514,0.14426802098751069,0.9879705309867859,0.05568671226501465,0.013568867929279805,-0.05824524164199829,0.998210072517395],"EasingStyle":"Linear","EasingDirection":"In"},"Right Arm":{"Weight":1,"CFrame":[0.6989620327949524,-0.1937839388847351,-0.11965388059616089,-0.4873228073120117,-0.6964765191078186,0.5267229676246643,0.7679750323295593,-0.05474861338734627,0.6381356120109558,-0.4156089425086975,0.7154879570007324,0.5615567564964294],"EasingStyle":"Linear","EasingDirection":"In"},"Head":{"Weight":1,"CFrame":[8.800998330116272e-8,8.381903171539307e-9,2.384185791015625e-7,0.9621543288230896,0.2701455354690552,-0.035784922540187839,-0.27091336250305178,0.9624238610267639,-0.018608715385198594,0.029413210228085519,0.027599068358540536,0.9991863369941711],"EasingStyle":"Linear","EasingDirection":"In"},"Right Leg":{"Weight":1,"CFrame":[0.26496028900146487,-0.12879514694213868,0.030994296073913575,0.8805516958236694,0.4555054306983948,-0.13093301653862,-0.4488289952278137,0.8901740312576294,0.078375905752182,0.1522538661956787,-0.010247557424008847,0.9882882833480835],"EasingStyle":"Linear","EasingDirection":"In"},"Torso":{"Weight":1,"CFrame":[0.06207859516143799,0.019601494073867799,-0.05202531814575195,0.9434426426887512,-0.33011898398399355,0.03061859682202339,0.33107107877731326,0.9429821968078613,-0.03430313616991043,-0.01754867099225521,0.04249997064471245,0.9989424347877502],"EasingStyle":"Linear","EasingDirection":"In"},"HumanoidRootPart":{"Weight":1,"CFrame":[0,0,0,1,0,0,0,1,0,0,0,1],"EasingStyle":"Linear","EasingDirection":"In"},"Left Arm":{"Weight":1,"CFrame":[0.14841604232788087,-0.27668696641921999,0.26500606536865237,0.46034085750579836,-0.41416773200035097,0.7852079272270203,0.8771223425865173,0.34860271215438845,-0.33035239577293398,-0.13690420985221864,0.840798020362854,0.5237516760826111],"EasingStyle":"Linear","EasingDirection":"In"}}},{"Time":0.5333333611488342,"poses":{"Left Leg":{"Weight":1,"CFrame":[-0.6529723405838013,0.21947544813156129,-0.016832828521728517,0.9881296753883362,-0.1523474007844925,-0.019748950377106668,0.15323089063167573,0.9866036176681519,0.05597874894738197,0.010956152342259884,-0.05834045261144638,0.9982367157936096],"EasingStyle":"Linear","EasingDirection":"In"},"Right Arm":{"Weight":1,"CFrame":[0.6822919249534607,-0.17997941374778748,-0.11838442087173462,-0.5183159112930298,-0.6583473682403565,0.5458275079727173,0.7670049071311951,-0.07558943331241608,0.6371734142303467,-0.37822237610816958,0.7489093542098999,0.5441346168518066],"EasingStyle":"Linear","EasingDirection":"In"},"Head":{"Weight":1,"CFrame":[9.103678166866303e-8,7.450580596923828e-9,1.1920928955078126e-7,0.9626939296722412,0.2688272297382355,-0.03085995838046074,-0.2693224251270294,0.9629607200622559,-0.013124690391123295,0.026188652962446214,0.020946335047483445,0.9994375705718994],"EasingStyle":"Linear","EasingDirection":"In"},"Right Leg":{"Weight":1,"CFrame":[0.2824360728263855,-0.1273801326751709,0.028979897499084474,0.8776509165763855,0.4638286232948303,-0.12079644948244095,-0.4565058648586273,0.8857262134552002,0.08421116322278977,0.14605218172073365,-0.018763743340969087,0.9890989661216736],"EasingStyle":"Linear","EasingDirection":"In"},"Torso":{"Weight":1,"CFrame":[0.053807709366083148,0.02673802524805069,-0.052115678787231448,0.9437696933746338,-0.3297955095767975,0.02310246229171753,0.3304171562194824,0.9432784914970398,-0.03240929916501045,-0.011103611439466477,0.0382203683257103,0.999207615852356],"EasingStyle":"Linear","EasingDirection":"In"},"HumanoidRootPart":{"Weight":1,"CFrame":[0,0,0,1,0,0,0,1,0,0,0,1],"EasingStyle":"Linear","EasingDirection":"In"},"Left Arm":{"Weight":1,"CFrame":[0.1372980922460556,-0.2770271897315979,0.2777165174484253,0.45448094606399538,-0.42012396454811098,0.7854571342468262,0.8776656985282898,0.3618244528770447,-0.3143026530742645,-0.1521514505147934,0.832213282585144,0.5331705808639526],"EasingStyle":"Linear","EasingDirection":"In"}}},{"Time":0.5666666626930237,"poses":{"Left Leg":{"Weight":1,"CFrame":[-0.6169062256813049,0.17763972282409669,-0.012379348278045655,0.9881166219711304,-0.15288124978542329,-0.01590442843735218,0.15356546640396119,0.9863404631614685,0.0595826655626297,0.006578069180250168,-0.061316993087530139,0.9980966448783875],"EasingStyle":"Linear","EasingDirection":"In"},"Right Arm":{"Weight":1,"CFrame":[0.6593133211135864,-0.17160645127296449,-0.11493879556655884,-0.5386313796043396,-0.6114240884780884,0.5796869397163391,0.7721489071846008,-0.08291397243738175,0.630009114742279,-0.33713844418525698,0.7869471907615662,0.5167703628540039],"EasingStyle":"Linear","EasingDirection":"In"},"Head":{"Weight":1,"CFrame":[7.753260433673859e-8,5.3551048040390018e-9,2.384185791015625e-7,0.9635114073753357,0.2666570246219635,-0.023234538733959199,-0.2668394446372986,0.9637276530265808,-0.0050827814266085629,0.021036406978964807,0.011097216047346592,0.999717116355896],"EasingStyle":"Linear","EasingDirection":"In"},"Right Leg":{"Weight":1,"CFrame":[0.3016788363456726,-0.1267014741897583,0.026175260543823243,0.8751412034034729,0.47139525413513186,-0.10915309190750122,-0.46424907445907595,0.8815988898277283,0.08518415689468384,0.13638463616371156,-0.02387395314872265,0.9903682470321655],"EasingStyle":"Linear","EasingDirection":"In"},"Torso":{"Weight":1,"CFrame":[0.043438322842121127,0.033647097647190097,-0.054650068283081058,0.9443197250366211,-0.32856032252311709,0.017565224319696428,0.3289632201194763,0.943854808807373,-0.030353128910064698,-0.0066061862744390968,0.03444136306643486,0.9993849992752075],"EasingStyle":"Linear","EasingDirection":"In"},"HumanoidRootPart":{"Weight":1,"CFrame":[0,0,0,1,0,0,0,1,0,0,0,1],"EasingStyle":"Linear","EasingDirection":"In"},"Left Arm":{"Weight":1,"CFrame":[0.12604103982448579,-0.27747994661331179,0.28923463821411135,0.44856885075569155,-0.4266337752342224,0.7853468656539917,0.8779746890068054,0.37470608949661257,-0.29791924357414248,-0.16717176139354707,0.8231519460678101,0.5426550507545471],"EasingStyle":"Linear","EasingDirection":"In"}}},{"Time":0.6000000238418579,"poses":{"Left Leg":{"Weight":1,"CFrame":[-0.578923225402832,0.14371895790100099,-0.008170127868652344,0.9883407950401306,-0.1518617421388626,-0.010983627289533615,0.15225569903850556,0.9861770868301392,0.06536765396595001,0.0009049775544553995,-0.06627782434225083,0.9978008270263672],"EasingStyle":"Linear","EasingDirection":"In"},"Right Arm":{"Weight":1,"CFrame":[0.6339577436447144,-0.16730719804763795,-0.10822874307632446,-0.5470516085624695,-0.5636662840843201,0.6188821196556091,0.7815679311752319,-0.07913492619991303,0.6187806725502014,-0.2998104989528656,0.8222031593322754,0.4838341474533081],"EasingStyle":"Linear","EasingDirection":"In"},"Head":{"Weight":1,"CFrame":[8.42846930027008e-8,5.587935447692871e-9,-2.384185791015625e-7,0.9645262360572815,0.2636473774909973,-0.013389721512794495,-0.2636084258556366,0.9646187424659729,0.00462249293923378,0.014134684577584267,-0.0009288720320910215,0.999899685382843],"EasingStyle":"Linear","EasingDirection":"In"},"Right Leg":{"Weight":1,"CFrame":[0.325067400932312,-0.12777256965637208,0.023067593574523927,0.8701839447021484,0.4832068979740143,-0.09639013558626175,-0.47678476572036745,0.8751193881034851,0.08271872997283936,0.12432322651147843,-0.02602313458919525,0.9919005632400513],"EasingStyle":"Linear","EasingDirection":"In"},"Torso":{"Weight":1,"CFrame":[0.031355950981378558,0.04215901345014572,-0.061139822006225589,0.9450053572654724,-0.3267994225025177,0.01292440202087164,0.3270323574542999,0.9446659088134766,-0.02561548538506031,-0.0038381186313927175,0.02843346819281578,0.9995883107185364],"EasingStyle":"Linear","EasingDirection":"In"},"HumanoidRootPart":{"Weight":1,"CFrame":[0,0,0,1,0,0,0,1,0,0,0,1],"EasingStyle":"Linear","EasingDirection":"In"},"Left Arm":{"Weight":1,"CFrame":[0.11477022618055344,-0.2780619263648987,0.29906165599823,0.4424424171447754,-0.43393316864967348,0.7848227024078369,0.8783335089683533,0.38634389638900759,-0.28154706954956057,-0.18103879690170289,0.813904345035553,0.5520728826522827],"EasingStyle":"Linear","EasingDirection":"In"}}},{"Time":0.6333333253860474,"poses":{"Left Leg":{"Weight":1,"CFrame":[-0.5427297949790955,0.11989176273345947,-0.004264235496520996,0.9892458319664002,-0.14616452157497407,-0.00535566546022892,0.14617429673671723,0.9867141842842102,0.0709102675318718,-0.005080155096948147,-0.07093051820993424,0.9974682927131653],"EasingStyle":"Linear","EasingDirection":"In"},"Right Arm":{"Weight":1,"CFrame":[0.6101564764976502,-0.16572263836860658,-0.09716653823852539,-0.5440148711204529,-0.525543212890625,0.6541042923927307,0.7926721572875977,-0.06624175608158112,0.6060387492179871,-0.2751704752445221,0.8481841683387756,0.4526199400424957],"EasingStyle":"Linear","EasingDirection":"In"}