{"Sequence":[{"Time":0,"poses":{"Left Leg":{"Weight":1,"CFrame":[-0.5226768255233765,0.44066131114959719,0.05256664752960205,0.8408469557762146,-0.4419322609901428,0.3125256299972534,0.266952782869339,0.8408730626106262,0.47081705927848818,-0.4708636999130249,-0.31245559453964236,0.8250206112861633],"EasingStyle":"Linear","EasingDirection":"In"},"Right Leg":{"Weight":1,"CFrame":[0.39673203229904177,0.18055236339569093,0.17377567291259767,0.8346226215362549,0.4089232087135315,-0.3690349757671356,-0.3714444637298584,0.9125507473945618,0.17111454904079438,0.40673592686653139,-0.005740129388868809,0.9135278463363648],"EasingStyle":"Linear","EasingDirection":"In"},"Left Arm":{"Weight":1,"CFrame":[0.03436332195997238,-0.05899503827095032,-0.07099676132202149,-0.9493014216423035,0.3127225637435913,-0.032115690410137179,-0.31432992219924929,-0.9426454305648804,0.11232325434684754,0.004852302838116884,0.11672349274158478,0.9931526184082031],"EasingStyle":"Linear","EasingDirection":"In"},"Head":{"Weight":1,"CFrame":[9.336508810520172e-8,6.51925802230835e-9,1.1920928955078126e-7,0.9917097091674805,0.00339497160166502,0.12845377624034882,0.009063354693353176,0.9953132271766663,-0.09627806395292282,-0.12817859649658204,0.09664413332939148,0.9870309829711914],"EasingStyle":"Linear","EasingDirection":"In"},"Torso":{"Weight":1,"CFrame":[0.09714710712432862,0.18163901567459107,-0.3564631938934326,0.9923648834228516,-0.021585486829280855,0.12143382430076599,0.006996787618845701,0.9928332567214966,0.11930307000875473,-0.12313874810934067,-0.11754250526428223,0.9854038953781128],"EasingStyle":"Linear","EasingDirection":"In"},"HumanoidRootPart":{"Weight":1,"CFrame":[0,0,0,1,0,0,0,1,0,0,0,1],"EasingStyle":"Linear","EasingDirection":"In"},"Right Arm":{"Weight":1,"CFrame":[-0.0705142691731453,0.6778926849365234,-0.25490331649780276,-0.7433205246925354,0.06416213512420654,-0.6658512353897095,-0.48536640405654909,-0.7366964221000671,0.4708481431007385,-0.46031954884529116,0.6731728911399841,0.5787436366081238],"EasingStyle":"Linear","EasingDirection":"In"}}},{"Time":0.0416666679084301,"poses":{"Left Leg":{"Weight":1,"CFrame":[-0.5216917991638184,0.40312421321868899,0.06405282020568848,0.8260300159454346,-0.4758521318435669,0.30205824971199038,0.3031248152256012,0.8268805146217346,0.47369202971458437,-0.47517353296279909,-0.29972246289253237,0.8272707462310791],"EasingStyle":"Linear","EasingDirection":"In"},"Right Leg":{"Weight":1,"CFrame":[0.38452816009521487,0.16108638048171998,0.16727769374847413,0.8221115469932556,0.43885180354118349,-0.3626866936683655,-0.3941672146320343,0.8984132409095764,0.1936129778623581,0.41081005334854128,-0.016212355345487596,0.9115768671035767],"EasingStyle":"Linear","EasingDirection":"In"},"Left Arm":{"Weight":1,"CFrame":[0.030934203416109086,-0.03003525733947754,-0.07436919212341309,-0.9548799991607666,0.29684630036354067,-0.009303630329668522,-0.2955586016178131,-0.9467304348945618,0.12785479426383973,0.02914518676698208,0.12483569234609604,0.9917493462562561],"EasingStyle":"Linear","EasingDirection":"In"},"Head":{"Weight":1,"CFrame":[7.35744833946228e-8,-3.958120942115784e-8,-2.384185791015625e-7,0.9932023286819458,0.003356081899255514,0.11635337769985199,0.008251966908574105,0.9950392842292786,-0.09914020448923111,-0.11610891669988632,0.09942641109228134,0.9882475137710571],"EasingStyle":"Linear","EasingDirection":"In"},"Torso":{"Weight":1,"CFrame":[0.10126639902591706,0.17820760607719422,-0.3430476188659668,0.9928678274154663,-0.022836977615952493,0.11701329052448273,0.005743040703237057,0.9895046353340149,0.1443871706724167,-0.11908255517482758,-0.14268533885478974,0.982578456401825],"EasingStyle":"Linear","EasingDirection":"In"},"HumanoidRootPart":{"Weight":1,"CFrame":[0,0,0,1,0,0,0,1,0,0,0,1],"EasingStyle":"Linear","EasingDirection":"In"},"Right Arm":{"Weight":1,"CFrame":[-0.07163329422473908,0.6736695766448975,-0.2425592541694641,-0.7449865937232971,0.0665479451417923,-0.6637518405914307,-0.4927102029323578,-0.725665807723999,0.48025625944137576,-0.44970178604125979,0.684821605682373,0.5733999609947205],"EasingStyle":"Linear","EasingDirection":"In"}}},{"Time":0.0833333358168602,"poses":{"Left Leg":{"Weight":1,"CFrame":[-0.5038452744483948,0.3299974799156189,0.08294665813446045,0.7986444234848023,-0.5311902165412903,0.2828499376773834,0.3647482097148895,0.801094114780426,0.4745597541332245,-0.47867101430892947,-0.2758355140686035,0.8335400819778442],"EasingStyle":"Linear","EasingDirection":"In"},"Right Leg":{"Weight":1,"CFrame":[0.34877824783325198,0.1291816234588623,0.15162980556488038,0.8007366061210632,0.4871722459793091,-0.34854570031166079,-0.42792314291000368,0.872387707233429,0.23626579344272614,0.41916918754577639,-0.04003593698143959,0.9070250391960144],"EasingStyle":"Linear","EasingDirection":"In"},"Left Arm":{"Weight":1,"CFrame":[0.022114720195531846,0.043634235858917239,-0.08280009031295777,-0.9659216403961182,0.25404077768325808,0.04958505928516388,-0.24281559884548188,-0.9557062983512878,0.16633187234401704,0.08964382857084274,0.1486234813928604,0.9848223328590393],"EasingStyle":"Linear","EasingDirection":"In"},"Head":{"Weight":1,"CFrame":[1.0221265256404877e-7,1.7229467630386354e-8,-2.384185791015625e-7,0.9959306120872498,0.004389817360788584,0.09001652151346207,0.005061398725956678,0.9945122599601746,-0.10449786484241486,-0.08998124301433563,0.10452822595834732,0.9904429912567139],"EasingStyle":"Linear","EasingDirection":"In"},"Torso":{"Weight":1,"CFrame":[0.10684999823570252,0.17165029048919679,-0.31424641609191897,0.994036853313446,-0.024656878784298898,0.10622052103281021,0.00396703090518713,0.9816324710845947,0.19074104726314546,-0.10897258669137955,-0.18918228149414063,0.9758765697479248],"EasingStyle":"Linear","EasingDirection":"In"},"HumanoidRootPart":{"Weight":1,"CFrame":[0,0,0,1,0,0,0,1,0,0,0,1],"EasingStyle":"Linear","EasingDirection":"In"},"Right Arm":{"Weight":1,"CFrame":[-0.0745454803109169,0.6615424156188965,-0.21875184774398805,-0.7479802966117859,0.07109098881483078,-0.6599028706550598,-0.5058882832527161,-0.7046818733215332,0.49749425053596499,-0.42965424060821535,0.7059529423713684,0.5630521774291992],"EasingStyle":"Linear","EasingDirection":"In"}}},{"Time":0.125,"poses":{"Left Leg":{"Weight":1,"CFrame":[-0.4667995870113373,0.27909404039382937,0.09134280681610108,0.7903685569763184,-0.5481325387954712,0.2736208736896515,0.3908359408378601,0.7950760722160339,0.4637901186943054,-0.4717678129673004,-0.2596242427825928,0.842633068561554],"EasingStyle":"Linear","EasingDirection":"In"},"Right Leg":{"Weight":1,"CFrame":[0.3075534701347351,0.1167222261428833,0.13521504402160645,0.7957435846328735,0.5017030239105225,-0.3392435312271118,-0.4312858581542969,0.8626770973205566,0.26416057348251345,0.4251878559589386,-0.063893161714077,0.902847170829773],"EasingStyle":"Linear","EasingDirection":"In"},"Left Arm":{"Weight":1,"CFrame":[0.010106170549988747,0.14219880104064942,-0.09376031160354614,-0.9727209806442261,0.1920803338289261,0.13007354736328126,-0.16154582798480988,-0.9632902145385742,0.2144181728363037,0.1664840430021286,0.18755611777305604,0.968042254447937],"EasingStyle":"Linear","EasingDirection":"In"},"Head":{"Weight":1,"CFrame":[1.3958197087049485e-7,3.818422555923462e-8,-2.384185791015625e-7,0.9978827238082886,0.008418792858719826,0.06449199467897415,-0.0014419713988900185,0.9942070245742798,-0.10747235268354416,-0.06502317637205124,0.10715176910161972,0.992114245891571],"EasingStyle":"Linear","EasingDirection":"In"},"Torso":{"Weight":1,"CFrame":[0.10390713810920716,0.1680063009262085,-0.2839517593383789,0.9953616261482239,-0.024726195260882379,0.09297231584787369,0.004122753161936998,0.9764821529388428,0.21555940806865693,-0.09611575305461884,-0.2141762524843216,0.9720547795295715],"EasingStyle":"Linear","EasingDirection":"In"},"HumanoidRootPart":{"Weight":1,"CFrame":[0,0,0,1,0,0,0,1,0,0,0,1],"EasingStyle":"Linear","EasingDirection":"In"},"Right Arm":{"Weight":1,"CFrame":[-0.0785837471485138,0.6423245668411255,-0.2033180594444275,-0.74953693151474,0.0735955461859703,-0.6578587293624878,-0.5127305388450623,-0.693123459815979,0.5066432356834412,-0.4186905026435852,0.7170520424842835,0.5572562217712402],"EasingStyle":"Linear","EasingDirection":"In"}}},{"Time":0.1666666716337204,"poses":{"Left Leg":{"Weight":1,"CFrame":[-0.43074315786361697,0.2682432532310486,0.08854472637176514,0.8077611923217773,-0.5193799734115601,0.278866171836853,0.36920636892318728,0.814494788646698,0.44753220677375796,-0.4595741927623749,-0.2585400342941284,0.8496755957603455],"EasingStyle":"Linear","EasingDirection":"In"},"Right Leg":{"Weight":1,"CFrame":[0.2910884618759155,0.1224702000617981,0.12988746166229249,0.8051537275314331,0.4834989309310913,-0.34344762563705447,-0.4106975495815277,0.8723363280296326,0.2652488350868225,0.4278494119644165,-0.07251305133104325,0.9009366035461426],"EasingStyle":"Linear","EasingDirection":"In"},"Left Arm":{"Weight":1,"CFrame":[-0.002889726310968399,0.24584370851516725,-0.1047205924987793,-0.9691352248191834,0.11912012845277786,0.21584098041057588,-0.060548558831214908,-0.9637098908424377,0.2599950134754181,0.23897863924503327,0.23890134692192079,0.9411776661872864],"EasingStyle":"Linear","EasingDirection":"In"},"Head":{"Weight":1,"CFrame":[1.0640360414981842e-7,-1.3969838619232178e-8,0,0.9985679388046265,0.015879563987255098,0.05108698830008507,-0.011656598187983036,0.9965705275535584,-0.08192286640405655,-0.05221271514892578,0.08121003210544586,0.9953285455703735],"EasingStyle":"Linear","EasingDirection":"In"},"Torso":{"Weight":1,"CFrame":[0.08344066143035889,0.15902692079544068,-0.2623577117919922,0.9964933395385742,-0.02410995215177536,0.08012310415506363,0.007298238575458527,0.9789815545082092,0.20381827652454377,-0.08335308730602265,-0.2025187611579895,0.9757246375083923],"EasingStyle":"Linear","EasingDirection":"In"},"HumanoidRootPart":{"Weight":1,"CFrame":[0,0,0,1,0,0,0,1,0,0,0,1],"EasingStyle":"Linear","EasingDirection":"In"},"Right Arm":{"Weight":1,"CFrame":[-0.08297881484031677,0.6182242631912231,-0.20108675956726075,-0.7487518191337586,0.07248787581920624,-0.6588751673698425,-0.5087008476257324,-0.7001103758811951,0.5010679364204407,-0.42496389150619509,0.7103456258773804,0.5610834360122681],"EasingStyle":"Linear","EasingDirection":"In"}}},{"Time":0.2083333283662796,"poses":{"Left Leg":{"Weight":1,"CFrame":[-0.4026604890823364,0.2701398730278015,0.0834512710571289,0.8268854022026062,-0.4837260842323303,0.2868269681930542,0.33733153343200686,0.8347225189208984,0.435253769159317,-0.4499645531177521,-0.26314911246299746,0.8533958792686462],"EasingStyle":"Linear","EasingDirection":"In"},"Right Leg":{"Weight":1,"CFrame":[0.29554131627082827,0.13193023204803468,0.13336586952209474,0.8111716508865356,0.46722352504730227,-0.3517139256000519,-0.39552563428878786,0.8813153505325317,0.2585397958755493,0.4307668209075928,-0.07060828059911728,0.8996968865394592],"EasingStyle":"Linear","EasingDirection":"In"},"Left Arm":{"Weight":1,"CFrame":[-0.014671795070171357,0.3347536325454712,-0.11315149068832398,-0.956303060054779,0.04213617369532585,0.2893253564834595,0.04738527536392212,-0.9541423320770264,0.2955794930458069,0.28851208090782168,0.2963731586933136,0.9104524850845337],"EasingStyle":"Linear","EasingDirection":"In"},"Head":{"Weight":1,"CFrame":[1.0384246706962586e-7,-3.67872416973114e-8,1.1920928955078126e-7,0.9987315535545349,0.02327742613852024,0.04464885592460632,-0.021762056276202203,0.9991804957389832,-0.03413067013025284,-0.04540672153234482,0.03311571851372719,0.9984195232391357],"EasingStyle":"Linear","EasingDirection":"In"},"Torso":{"Weight":1,"CFrame":[0.05306302011013031,0.1422111690044403,-0.25125980377197268,0.9974212646484375,-0.024212781339883806,0.06756182014942169,0.011551911011338234,0.9832606315612793,0.18183857202529908,-0.07083369046449661,-0.1805891990661621,0.9810046553611755],"EasingStyle":"Linear","EasingDirection":"In"},"HumanoidRootPart":{"Weight":1,"CFrame":[0,0,0,1,0,0,0,1,0,0,0,1],"EasingStyle":"Linear","EasingDirection":"In"},"Right Arm":{"Weight":1,"CFrame":[-0.08655370771884918,0.597029447555542,-0.20091509819030763,-0.7472668290138245,0.07046309858560562,-0.6607778668403626,-0.5010542869567871,-0.7129111289978027,0.4906145930290222,-0.436505526304245,0.6977053880691528,0.5680406093597412],"EasingStyle":"Linear","EasingDirection":"In"}}},{"Time":0.25,"poses":{"Left Leg":{"Weight":1,"CFrame":[-0.38489940762519839,0.2677208185195923,0.08154165744781494,0.8371273279190064,-0.4629177153110504,0.2914191782474518,0.3203356862068176,0.8467136025428772,0.4248071312904358,-0.4433993399143219,-0.2622656226158142,0.8570961952209473],"EasingStyle":"Linear","EasingDirection":"In"},"Right Leg":{"Weight":1,"CFrame":[0.30798080563545229,0.14207053184509278,0.13773322105407716,0.8115878701210022,0.4635838270187378,-0.3555490970611572,-0.39085862040519717,0.883163571357727,0.2593291103839874,0.434228777885437,-0.07149896770715714,0.8979607224464417],"EasingStyle":"Linear","EasingDirection":"In"},"Left Arm":{"Weight":1,"CFrame":[-0.02303827926516533,0.38911378383636477,-0.1165238618850708,-0.94207763671875,-0.03494846448302269,0.33356916904449465,0.14802876114845277,-0.9357728958129883,0.3200260400772095,0.30096057057380679,0.35086721181869509,0.88674396276474],"EasingStyle":"Linear","EasingDirection":"In"},"Head":{"Weight":1,"CFrame":[9.592622518539429e-8,-3.958120942115784e-8,-3.5762786865234377e-7,0.9990336894989014,0.02661457285284996,0.03497786819934845,-0.026341743767261506,0.9996191263198853,-0.008238028734922409,-0.03518379479646683,0.007308710366487503,0.9993541240692139],"EasingStyle":"Linear","EasingDirection":"In"},"Torso":{"Weight":1,"CFrame":[0.02778416872024536,0.13305965065956117,-0.24793243408203126,0.99820876121521,-0.023857854306697847,0.05486443266272545,0.014213591814041138,0.9853618741035461,0.16988220810890199,-0.058114342391490939,-0.16879808902740479,0.9839359521865845],"EasingStyle":"Linear","EasingDirection":"In"},"HumanoidRootPart":{"Weight":1,"CFrame":[0,0,0,1,0,0,0,1,0,0,0,1],"EasingStyle":"Linear","EasingDirection":"In"},"Right Arm":{"Weight":1,"CFrame":[-0.0880296379327774,0.5879232883453369,-0.1986837387084961,-0.7464532852172852,0.06939103454351425,-0.6618099212646484,-0.49685007333755495,-0.719707727432251,0.4849339425563812,-0.4426596462726593,0.6908008456230164,0.5717050433158875],"EasingStyle":"Linear","EasingDirection":"In"}}},{"Time":0.2916666567325592,"poses":{"Left Leg":{"Weight":1,"CFrame":[-0.3896196484565735,0.26285046339035036,0.08616995811462403,0.8348982334136963,-0.4661312699317932,0.2926886975765228,0.32809707522392275,0.8484463691711426,0.41532036662101748,-0.44192442297935488,-0.2507200241088867,0.8613026738166809],"EasingStyle":"Linear","EasingDirection":"In"},"Right Leg":{"Weight":1,"CFrame":[0.33597901463508608,0.1567680835723877,0.14402055740356446,0.8040152192115784,0.47779789566993716,-0.3539332151412964,-0.399978369474411,0.8750314712524414,0.2726488411426544,0.43997377157211306,-0.07764822244644165,0.8946473598480225],"EasingStyle":"Linear","EasingDirection":"In"},"Left Arm":{"Weight":1,"CFrame":[-0.02787042036652565,0.41342049837112429,-0.10988342761993408,-0.9281883835792542,-0.10716427862644196,0.35634559392929079,0.23388439416885377,-0.9128427505493164,0.3346884250640869,0.2894207835197449,0.3939974904060364,0.8723539710044861],"EasingStyle":"Linear","EasingDirection":"In"},"Head":{"Weight":1,"CFrame":[1.0291114449501038e-7,-1.6065314412117006e-8,-5.960464477539063e-8,0.9995406270027161,0.0261013675481081,0.015408413484692574,-0.02576799876987934,0.9994378089904785,-0.021451713517308236,-0.01595967449247837,0.021044811233878137,0.9996511936187744],"EasingStyle":"Linear","EasingDirection":"In"},"Torso":{"Weight":1,"CFrame":[0.012699559330940247,0.1330423355102539,-0.2585175037384033,0.9988792538642883,-0.02220563217997551,0.04180134832859039,0.014796659350395203,0.9853571057319641,0.1698606163263321,-0.0449611097574234,-0.16905170679092408,0.9845812320709229],"EasingStyle":"Linear","EasingDirection":"In"},"HumanoidRootPart":{"Weight":1,"CFrame":[0,0,0,1,0,0,0,1,0,0,0,1],"EasingStyle":"Linear","EasingDirection":"In"},"Right Arm":{"Weight":1,"CFrame":[-0.08780330419540405,0.5899313688278198,-0.19053298234939576,-0.7472370862960815,0.07076140493154526,-0.6607796549797058,-0.4972207248210907,-0.7192339301109314,0.4852568507194519,-0.44091764092445376,0.6911550760269165,0.5726221203804016],"EasingStyle":"Linear","EasingDirection":"In"}}},{"Time":0.3333333432674408,"poses":{"Left Leg":{"Weight":1,"CFrame":[-0.4157322347164154,0.2648698687553406,0.09520506858825684,0.8256838917732239,-0.481148898601532,0.2945196032524109,0.34712010622024538,0.8448627591133118,0.40708068013191225,-0.44469505548477175,-0.23388633131980897,0.8646059632301331],"EasingStyle":"Linear","EasingDirection":"In"},"Right Leg":{"Weight":1,"CFrame":[0.38245701789855959,0.1803114414215088,0.1539137363433838,0.7910519242286682,0.5007804036140442,-0.35136282444000246,-0.4163390100002289,0.8615314364433289,0.2905608117580414,0.4482173025608063,-0.08356273919343949,0.8900105357170105],"EasingStyle":"Linear","EasingDirection":"In"},"Left Arm":{"Weight":1,"CFrame":[-0.030864715576171876,0.4276103973388672,-0.09321075677871704,-0.9109773635864258,-0.16989795863628388,0.3758390247821808,0.30669188499450686,-0.8883154988288879,0.34181249141693118,0.27579036355018618,0.42665016651153567,0.8613415956497192],"EasingStyle":"Linear","EasingDirection":"In"},"Head":{"Weight":1,"CFrame":[8.335337042808533e-8,-9.313225746154786e-10,0,0.9996824860572815,0.02462429739534855,-0.005351186729967594,-0.024845518171787263,0.9986231327056885,-0.04620088264346123,0.0042061517015099529,0.046319153159856799,0.9989178776741028],"EasingStyle":"Linear","EasingDirection":"In"},"Torso":{"Weight":1,"CFrame":[0.0007572844624519348,0.13309252262115479,-0.28492093086242678,0.999396562576294,-0.019777359440922738,0.028554709628224374,0.014644316397607327,0.9853484630584717,0.16992340981960298,-0.03149697184562683,-0.16940268874168397,0.9850435853004456],"EasingStyle":"Linear","EasingDirection":"In"},"HumanoidRootPart":{"Weight":1,"CFrame":[0,0,0,1,0,0,0,1,0,0,0,1],"EasingStyle":"Linear","EasingDirection":"In"},"Right Arm":{"Weight":1,"CFrame":[-0.08723718672990799,0.5949517488479614,-0.17628931999206544,-0.7493094205856323,0.07433592528104782,-0.6580346822738648,-0.49836811423301699,-0.7176486849784851,0.486425518989563,-0.4360787570476532,0.6924266219139099,0.5747873783111572],"EasingStyle":"Linear","EasingDirection":"In"}}},{"Time":0.375,"poses":{"Left Leg":{"Weight":1,"CFrame":[-0.4469040632247925,0.2701369524002075,0.10479354858398438,0.8144850134849548,-0.4986623227596283,0.2965638339519501,0.3681269586086273,0.8392587304115295,0.4001592695713043,-0.4484381079673767,-0.21675047278404237,0.867134690284729],"EasingStyle":"Linear","EasingDirection":"In"},"Right Leg":{"Weight":1,"CFrame":[0.4317517876625061,0.20817792415618897,0.16238605976104737,0.7768434286117554,0.5244631767272949,-0.3485008180141449,-0.4327477812767029,0.8466978669166565,0.3095676898956299,0.4574316442012787,-0.08967270702123642,0.8847119808197022],"EasingStyle":"Linear","EasingDirection":"In"},"Left Arm":{"Weight":1,"CFrame":[-0.032542452216148379,0.4350259304046631,-0.07137787342071533,-0.8926827907562256,-0.2225079983472824,0.39192822575569155,0.3669908046722412,-0.8636574149131775,0.3455628752708435,0.26160120964050295,0.45231205224990847,0.8526303768157959],"EasingStyle":"Linear","EasingDirection":"In"},"Head":{"Weight":1,"CFrame":[8.381903171539307e-8,2.4672772269695998e-8,-3.5762786865234377e-7,0.9996200799942017,0.023143278434872628,-0.014970853924751282,-0.02399607002735138,0.9979373216629028,-0.05954311043024063,0.01356195006519556,0.059879761189222339,0.9981135129928589],"EasingStyle":"Linear","EasingDirection":"In"},"Torso":{"Weight":1,"CFrame":[-0.011266358196735382,0.13305962085723878,-0.31732940673828127,0.9997375011444092,-0.017059138044714929,0.015302152372896672,0.014213595539331437,0.9853618741035461,0.16988219320774079,-0.017976202070713044,-0.1696200668811798,0.9853456616401672],"EasingStyle":"Linear","EasingDirection":"In"},"HumanoidRootPart":{"Weight":1,"CFrame":[0,0,0,1,0,0,0,1,0,0,0,1],"EasingStyle":"Linear","EasingDirection":"In"},"Right Arm":{"Weight":1,"CFrame":[-0.08650125563144684,0.6014777421951294,-0.15736311674118043,-0.7522396445274353,0.07931452989578247,-0.6540985703468323,-0.5003356337547302,-0.7146987915039063,0.4887434244155884,-0.4287189543247223,0.6949207782745361,0.5773084163665772],"EasingStyle":"Linear","EasingDirection":"In"}}},{"Time":0.4166666567325592,"poses":{"Left Leg":{"Weight":1,"CFrame":[-0.4673869013786316,0.2832844853401184,0.11227190494537354,0.8118557333946228,-0.4979642629623413,0.3048311471939087,0.37099194526672366,0.843122661113739,0.3892419934272766,-0.4508385956287384,-0.20291844010353089,0.869234561920166],"EasingStyle":"Linear","EasingDirection":"In"},"Right Leg":{"Weight":1,"CFrame":[0.4704796373844147,0.24340230226516725,0.16750085353851319,0.7718851566314697,0.5299513339996338,-0.35120490193367007,-0.43269041180610659,0.8426396250724793,0.320527046918869,0.465802937746048,-0.0954471230506897,0.8797259330749512],"EasingStyle":"Linear","EasingDirection":"In"},"Left Arm":{"Weight":1,"CFrame":[-0.03342472389340401,0.4390130043029785,-0.049257516860961917,-0.8753044009208679,-0.2642514109611511,0.40498584508895876,0.4153444766998291,-0.8397312760353088,0.34977200627326968,0.24765150249004365,0.4743655323982239,0.8447756767272949],"EasingStyle":"Linear","EasingDirection":"In"},"Head":{"Weight":1,"CFrame":[7.962808012962341e-8,-3.719469532370567e-8,-5.960464477539063e-8,0.999663233757019,0.022545235231518747,-0.012849503196775914,-0.023196974769234659,0.9983220100402832,-0.0530569888651371,0.011631762608885765,0.053337182849645618,0.9985088109970093],"EasingStyle":"Linear","EasingDirection":"In"},"Torso":{"Weight":1,"CFrame":[-0.02574099227786064,0.11839854717254639,-0.3447134494781494,0.9998924732208252,-0.014463841915130616,0.002418953226879239,0.013920390047132969,0.9880239367485046,0.15367205440998078,-0.004612671211361885,-0.1536218672990799,0.9881189465522766],"EasingStyle":"Linear","EasingDirection":"In"},"HumanoidRootPart":{"Weight":1,"CFrame":[0,0,0,1,0,0,0,1,0,0,0,1],"EasingStyle":"Linear","EasingDirection":"In"},"Right Arm":{"Weight":1,"CFrame":[-0.0857653021812439,0.608004093170166,-0.13516461849212647,-0.755599856376648,0.08489931374788284,-0.6495083570480347,-0.5031471252441406,-0.7101253271102905,0.4925090968608856,-0.41941848397254946,0.6989378333091736,0.5792872905731201],"EasingStyle":"Linear","EasingDirection":"In"}}},{"Time":0.4583333432674408,"poses":{"Left Leg":{"Weight":1,"CFrame":[-0.4724106192588806,0.30084705352783205,0.11726009845733643,0.8182994723320007,-0.4787609875202179,0.3180786073207855,0.3556748926639557,0.8564691543579102,0.37410688400268557,-0.4515322744846344,-0.19299890100955964,0.8711314797401428],"EasingStyle":"Linear","EasingDirection":"In"},"Right Leg":{"Weight":1,"CFrame":[0.49336060881614687,0.28207355737686159,0.16920781135559083,0.7768506407737732,0.5173430442810059,-0.35896965861320498,-0.4169243574142456,0.8498148918151856,0.3224729895591736,0.4718869626522064,-0.1008501946926117,0.8758722543716431],"EasingStyle":"Linear","EasingDirection":"In"},"Left Arm":{"Weight":1,"CFrame":[-0.0340329110622406,0.4429147243499756,-0.03172188997268677,-0.8605988025665283,-0.2942466139793396,0.41567862033843996,0.4522206783294678,-0.8169097304344177,0.3579874038696289,0.23423537611961366,0.4960618317127228,0.8360958695411682],"EasingStyle":"Linear","EasingDirection":"In"},"Head":{"Weight":1,"CFrame":[7.89295881986618e-8,-4.062894731760025e-8,0,0.9997371435165405,0.02186853438615799,-0.006901352666318417,-0.022133683785796167,0.9989132285118103,-0.04102032259106636,0.005996799562126398,0.04116227850317955,0.9991344809532166],"EasingStyle":"Linear","EasingDirection":"In"},"Torso":{"Weight":1,"CFrame":[-0.042206697165966037,0.09120362997055054,-0.36249542236328127,0.9998762607574463,-0.012414081022143364,-0.009662953205406666,0.013513832353055478,0.9922390580177307,0.12360852211713791,0.008053473196923733,-0.12372381240129471,0.9922839999198914],"EasingStyle":"Linear","EasingDirection":"In"},"HumanoidRootPart":{"Weight":1,"CFrame":[0,0,0,1,0,0,0,1,0,0,0,1],"EasingStyle":"Linear","EasingDirection":"In"},"Right Arm":{"Weight":1,"CFrame":[-0.08519924432039261,0.6130243539810181,-0.11110389232635498,-0.7589786648750305,0.0902903750538826,-0.6448248028755188,-0.5068106055259705,-0.7036592364311218,0.4980030357837677,-0.4087721109390259,0.7047775387763977,0.5798222422599793],"EasingStyle":"Linear","EasingDirection":"In"}}},{"Time":0.5,"poses":{"Left Leg":{"Weight":1,"CFrame":[-0.46668490767478945,0.30526190996170046,0.11980307102203369,0.823672354221344,-0.46428948640823367,0.32557499408721926,0.3444570004940033,0.8657261729240418,0.3631357252597809,-0.45045897364616396,-0.18695825338363648,0.8730025291442871],"EasingStyle":"Linear","EasingDirection":"In"},"Right Leg":{"Weight":1,"CFrame":[0.5045095086097717,0.30466562509536745,0.16861498355865479,0.7800089120864868,0.5099614858627319,-0.36266425251960757,-0.4072454273700714,0.8537080883979797,0.3245517909526825,0.47511833906173708,-0.10545990616083145,0.8735793232917786],"EasingStyle":"Linear","EasingDirection":"In"},"Left Arm":{"Weight":1,"CFrame":[-0.03488811105489731,0.4500754475593567,-0.02364325523376465,-0.8500564098358154,-0.3114532232284546,0.4247364401817322,0.4779145419597626,-0.7950509190559387,0.3734859824180603,0.22136372327804566,0.5204717516899109,0.8246861100196838],"EasingStyle":"Linear","EasingDirection":"In"},"Head":{"Weight":1,"CFrame":[8.731149137020111e-8,-2.4971086531877519e-8,5.960464477539063e-7,0.9997950792312622,0.020111428573727609,0.002328197006136179,-0.020018910989165307,0.9992008805274963,-0.034596946090459827,-0.0030221270862966778,0.0345432423055172,0.9993987083435059],"EasingStyle":"Linear","EasingDirection":"In"},"Torso":{"Weight":1,"CFrame":[-0.059537503868341449,0.07650497555732727,-0.3691692352294922,0.9997296929359436,-0.01087806187570095,-0.020549118518829347,0.013023768551647663,0.994135856628418,0.1073513999581337,0.019260840490460397,-0.10759000480175019,0.9940087795257568],"EasingStyle":"Linear","EasingDirection":"In"},"HumanoidRootPart":{"Weight":1,"CFrame":[0,0,0,1,0,0,0,1,0,0,0,1],"EasingStyle":"Linear","EasingDirection":"In"},"Right Arm":{"Weight":1,"CFrame":[-0.08497282862663269,0.6150330305099487,-0.08659094572067261,-0.7619929909706116,0.09467937797307968,-0.6406266093254089,-0.5113193392753601,-0.6950199007987976,0.5054702758789063,-0.3973906338214874,0.7127293944358826,0.5780116319656372],"EasingStyle":"Linear","EasingDirection":"In"}}},{"Time":0.5416666865348816,"poses":{"Left Leg":{"Weight":1,"CFrame":[-0.44629812240600588,0.2889655828475952,0.11880660057067871,0.8279440402984619,-0.457003116607666,0.3250490427017212,0.3400099277496338,0.8699833750724793,0.357102632522583,-0.44598430395126345,-0.18514102697372437,0.8756831288337708],"EasingStyle":"Linear","EasingDirection":"In"},"Right Leg":{"Weight":1,"CFrame":[0.5020732283592224,0.3016829490661621,0.16621172428131104,0.7804209589958191,0.5111397504806519,-0.36011022329330447,-0.406840056180954,0.8524677753448486,0.3282986283302307,0.47478893399238589,-0.10970395803451538,0.8732357025146484],"EasingStyle":"Linear","EasingDirection":"In"},"Left Arm":{"Weight":1,"CFrame":[-0.036369889974594119,0.4625157117843628,-0.022428810596466066,-0.8466639518737793,-0.3181329369544983,0.42655783891677859,0.4918755292892456,-0.773727536201477,0.3992546498775482,0.2030235379934311,0.5478478074073792,0.8115689754486084],"EasingStyle":"Linear","EasingDirection":"In"},"Head":{"Weight":1,"CFrame":[7.89295881986618e-8,4.17931005358696e-8,-4.76837158203125e-7,0.9997576475143433,0.016855498775839807,0.014168274588882923,-0.01627504639327526,0.9990618824958801,-0.04013107344508171,-0.014831416308879853,0.039890747517347339,0.9990939497947693],"EasingStyle":"Linear","EasingDirection":"In"},"Torso":{"Weight":1,"CFrame":[-0.07652921974658966,0.08099842071533203,-0.3579826354980469,0.9995084404945374,-0.009535578079521656,-0.02986636944115162,0.012815911322832108,0.9936655163764954,0.11164519190788269,0.02861258015036583,-0.11197307705879212,0.9932992458343506],"EasingStyle":"Linear","EasingDirection":"In"},"HumanoidRootPart":{"Weight":1,"CFrame":[0,0,0,1,0,0,0,1,0,0,0,1],"EasingStyle":"Linear","EasingDirection":"In"},"Right Arm":{"Weight":1,"CFrame":[-0.08586496859788895,0.6088756322860718,-0.06359398365020752,-0.7637752890586853,0.09716859459877014,-0.6381264925003052,-0.5171211957931519,-0.6837698221206665,0.5148249864578247,-0.3863068222999573,0.7231992483139038,0.572494387626648],"EasingStyle":"Linear","EasingDirection":"In"}}},{"Time":0.5833333134651184,"poses":{"Left Leg":{"Weight":1,"CFrame":[-0.4120365083217621,0.2634357213973999,0.11417949199676514,0.8346238136291504,-0.4470924437046051,0.32173195481300356,0.333149790763855,0.8748891353607178,0.35153988003730776,-0.43865063786506655,-0.18621863424777986,0.8791520595550537],"EasingStyle":"Linear","EasingDirection":"In"},"Right Leg":{"Weight":1,"CFrame":[0.4878743290901184,0.28611183166503909,0.1622411012649536,0.7822712659835815,0.5114119648933411,-0.3556816279888153,-0.40619492530822756,0.8516604900360107,0.3311801850795746,0.47228944301605227,-0.11459673196077347,0.8739624619483948],"EasingStyle":"Linear","EasingDirection":"In"},"Left Arm":{"Weight":1,"CFrame":[-0.03829040750861168,0.47696810960769656,-0.021981358528137208,-0.8490632176399231,-0.31984683871269228,0.42046380043029787,0.49654507637023928,-0.7549042701721191,0.42844223976135256,0.18037402629852296,0.5725536346435547,0.7997796535491943],"EasingStyle":"Linear","EasingDirection":"In"},"Head":{"Weight":1,"CFrame":[7.869675755500794e-8,3.841705620288849e-9,-1.7881393432617188e-7,0.9995391964912415,0.013329897075891495,0.027271531522274019,-0.011819669045507908,0.9984269738197327,-0.05480832979083061,-0.027959220111370088,0.05446072295308113,0.9981244802474976],"EasingStyle":"Linear","EasingDirection":"In"},"Torso":{"Weight":1,"CFrame":[-0.0921819731593132,0.09245368838310242,-0.33444690704345705,0.9992436766624451,-0.008374124765396119,-0.03797313570976257,0.012983964756131173,0.9923431277275086,0.12282735854387284,0.036653805524110797,-0.12322748452425003,0.9917014241218567],"EasingStyle":"Linear","EasingDirection":"In"},"HumanoidRootPart":{"Weight":1,"CFrame":[0,0,0,1,0,0,0,1,0,0,0,1],"EasingStyle":"Linear","EasingDirection":"In"},"Right Arm":{"Weight":1,"CFrame":[-0.08783791959285736,0.5960031747817993,-0.04630923271179199,-0.7642567157745361,0.0979982540011406,-0.6374230980873108,-0.5226936936378479,-0.6730777025222778,0.5232188701629639,-0.3777605891227722,0.7330504655838013,0.5656269788742065],"EasingStyle":"Linear","EasingDirection":"In"}}},{"Time":0.625,"poses":{"Left Leg":{"Weight":1,"CFrame":[-0.3795419931411743,0.23918002843856812,0.10850882530212403,0.8395969271659851,-0.4413716793060303,0.31665152311325076,0.33023732900619509,0.8775656223297119,0.3475944399833679,-0.43130069971084597,-0.18726903200149537,0.8825587630271912],"EasingStyle":"Linear","EasingDirection":"In"},"Right Leg":{"Weight":1,"CFrame":[0.47498053312301638,0.27040696144104006,0.15822303295135499,0.7816939353942871,0.5160216689109802,-0.35025179386138918,-0.4090345501899719,0.8481413125991821,0.3366706967353821,0.470792293548584,-0.1199084222316742,0.8740575909614563],"EasingStyle":"Linear","EasingDirection":"In"},"Left Arm":{"Weight":1,"CFrame":[-0.04031972587108612,0.4888386130332947,-0.021917402744293214,-0.8519669771194458,-0.319784551858902,0.41459646821022036,0.4972692131996155,-0.7420949339866638,0.4494647979736328,0.1639380007982254,0.5890950560569763,0.791259229183197],"EasingStyle":"Linear","EasingDirection":"In"},"Head":{"Weight":1,"CFrame":[9.499490261077881e-8,-4.912726581096649e-8,0,0.9991360306739807,0.011095660738646984,0.040052562952041629,-0.00802290067076683,0.9970695376396179,-0.07607944309711456,-0.040779341012239459,0.07569237053394318,0.9962970614433289],"EasingStyle":"Linear","EasingDirection":"In"},"Torso":{"Weight":1,"CFrame":[-0.10562685132026673,0.10768011212348938,-0.3141148090362549,0.9989365935325623,-0.00738482316955924,-0.04551057517528534,0.013615434058010579,0.99031662940979,0.13815782964229585,0.04404960945248604,-0.13863055408000947,0.9893640279769898],"EasingStyle":"Linear","EasingDirection":"In"},"HumanoidRootPart":{"Weight":1,"CFrame":[0,0,0,1,0,0,0,1,0,0,0,1],"EasingStyle":"Linear","EasingDirection":"In"},"Right Arm":{"Weight":1,"CFrame":[-0.08983670175075531,0.5848097801208496,-0.039491355419158939,-0.7642438411712647,0.09806858748197556,-0.637427568435669,-0.5251795649528503,-0.6682958602905273,0.5268464088439941,-0.3743230998516083,0.7374029755592346,0.5622445344924927],"EasingStyle":"Linear","EasingDirection":"In"}}},{"Time":0.6666666865348816,"poses":{"Left Leg":{"Weight":1,"CFrame":[-0.36356765031814577,0.22104966640472413,0.10408246517181397,0.8415823578834534,-0.4438439905643463,0.3078012764453888,0.3362124264240265,0.8764768838882446,0.3446006774902344,-0.42272958159446719,-0.18652315437793733,0.8868533372879028],"EasingStyle":"Linear","EasingDirection":"In"},"Right Leg":{"Weight":1,"CFrame":[0.4704606533050537,0.26110196113586428,0.15727627277374268,0.7740610837936401,0.5295081734657288,-0.3470599055290222,-0.41832268238067629,0.8392320871353149,0.3474128246307373,0.47522175312042239,-0.1237356960773468,0.8711221814155579],"EasingStyle":"Linear","EasingDirection":"In"},"Left Arm":{"Weight":1,"CFrame":[-0.04214094951748848,0.4956686496734619,-0.030302107334136964,-0.8522010445594788,-0.320585697889328,0.4134949743747711,0.4985200762748718,-0.7374454736709595,0.4556885361671448,0.15884289145469666,0.594473659992218,0.7882702350616455],"EasingStyle":"Linear","EasingDirection":"In"},"Head":{"Weight":1,"CFrame":[9.639188647270203e-8,-1.1641532182693482e-9,-2.384185791015625e-7,0.9986204504966736,0.010744529776275158,0.05139918997883797,-0.005499705672264099,0.9948596358299255,-0.10111414641141892,-0.052221402525901797,0.10069197416305542,0.993546187877655],"EasingStyle":"Linear","EasingDirection":"In"},"Torso":{"Weight":1,"CFrame":[-0.11686573922634125,0.12410047650337219,-0.30589890480041506,0.99852055311203,-0.009691230952739716,-0.05350559204816818,0.01791623793542385,0.9876799583435059,0.1554584503173828,0.05133981630206108,-0.15618707239627839,0.9863923192024231],"EasingStyle":"Linear","EasingDirection":"In"},"HumanoidRootPart":{"Weight":1,"CFrame":[0,0,0,1,0,0,0,1,0,0,0,1],"EasingStyle":"Linear","EasingDirection":"In"},"Right Arm":{"Weight":1,"CFrame":[-0.09103525429964066,0.5808389186859131,-0.049500107765197757,-0.7634897232055664,0.09779249131679535,-0.638373076915741,-0.5251092910766602,-0.6694282293319702,0.5254772305488586,-0.3759572207927704,0.736411988735199,0.5624531507492065],"EasingStyle":"Linear","EasingDirection":"In"}}},{"Time":0.7083333134651184,"poses":{"Left Leg":{"Weight":1,"CFrame":[-0.3593158721923828,0.20469987392425538,0.10009431838989258,0.8424616456031799,-0.4514678418636322,0.29399868845939639,0.34894508123397829,0.8730170726776123,0.34070292115211489,-0.4104824364185333,-0.1844397783279419,0.8930208086967468],"EasingStyle":"Linear","EasingDirection":"In"},"Right Leg":{"Weight":1,"CFrame":[0.47036364674568179,0.2554161548614502,0.15943336486816407,0.7590985298156738,0.5510029196739197,-0.34664860367774966,-0.4327232539653778,0.8249295949935913,0.36365070939064028,0.48633337020874026,-0.12604379653930665,0.8646345734596252],"EasingStyle":"Linear","EasingDirection":"In"},"Left Arm":{"Weight":1,"CFrame":[-0.04348861053586006,0.5035324096679688,-0.04912680387496948,-0.8515310883522034,-0.32179340720176699,0.4139370322227478,0.4999855160713196,-0.7360446453094482,0.45634710788726809,0.15782678127288819,0.5955561995506287,0.7876570224761963],"EasingStyle":"Linear","EasingDirection":"In"},"Head":{"Weight":1,"CFrame":[8.009374141693115e-8,-8.009374141693115e-8,0,0.9979918599128723,0.011549941264092923,0.06228082627058029,-0.0036268108524382116,0.9920417070388794,-0.12585730850696565,-0.06323881447315216,0.12537868320941926,0.9900914430618286],"EasingStyle":"Linear","EasingDirection":"In"},"Torso":{"Weight":1,"CFrame":[-0.12854105234146119,0.14184826612472535,-0.3053858280181885,0.9978498816490173,-0.01632714457809925,-0.06347455829381943,0.02724292501807213,0.9841701984405518,0.1751200258731842,0.05961054936051369,-0.1764727532863617,0.982498824596405],"EasingStyle":"Linear","EasingDirection":"In"},"HumanoidRootPart":{"Weight":1,"CFrame":[0,0,0,1,0,0,0,1,0,0,0,1],"EasingStyle":"Linear","EasingDirection":"In"},"Right Arm":{"Weight":1,"CFrame":[-0.09152176231145859,0.5782293081283569,-0.0680878758430481,-0.7624883651733398,0.09714248031377793,-0.639667809009552,-0.523535430431366,-0.673547625541687,0.5217704176902771,-0.38016068935394289,0.7327325344085693,0.5644296407699585],"EasingStyle":"Linear","EasingDirection":"In"}}},{"Time":0.75,"poses":{"Left Leg":{"Weight":1,"CFrame":[-0.35662642121315,0.1859668493270874,0.09599006175994873,0.842221736907959,-0.4622563123703003,0.27745574712753298,0.36608293652534487,0.8681445121765137,0.3351247310638428,-0.39578521251678469,-0.18067742884159089,0.9003942012786865],"EasingStyle":"Linear","EasingDirection":"In"},"Right Leg":{"Weight":1,"CFrame":[0.4731106162071228,0.25079846382141116,0.16258037090301515,0.7389183640480042,0.5783568024635315,-0.34569215774536135,-0.4504481554031372,0.8055676817893982,0.3849121630191803,0.5010950565338135,-0.12870223820209504,0.8557685017585754],"EasingStyle":"Linear","EasingDirection":"In"},"Left Arm":{"Weight":1,"CFrame":[-0.044110074639320376,0.5206383466720581,-0.068897545337677,-0.8522464632987976,-0.32149529457092287,0.41269469261169436,0.5003893971443176,-0.7310841679573059,0.463817298412323,0.15259949862957,0.6017946004867554,0.7839365601539612],"EasingStyle":"Linear","EasingDirection":"In"},"Head":{"Weight":1,"CFrame":[8.940696716308594e-8,-1.1175870895385743e-8,3.5762786865234377e-7,0.9971590638160706,0.012988699600100518,0.07419634610414505,-0.0020241355523467066,0.9892855882644653,-0.14597952365875245,-0.07529745995998383,0.14541462063789369,0.9865013360977173],"EasingStyle":"Linear","EasingDirection":"In"},"Torso":{"Weight":1,"CFrame":[-0.14370164275169373,0.16179054975509644,-0.30821871757507326,0.9967597126960754,-0.02410847321152687,-0.07673913240432739,0.038950711488723758,0.9793781638145447,0.19824551045894624,0.07037722319364548,-0.20059217512607575,0.9771437048912048],"EasingStyle":"Linear","EasingDirection":"In"},"HumanoidRootPart":{"Weight":1,"CFrame":[0,0,0,1,0,0,0,1,0,0,0,1],"EasingStyle":"Linear","EasingDirection":"In"},"Right Arm":{"Weight":1,"CFrame":[-0.09161355346441269,0.5682691335678101,-0.07809686660766602,-0.7631386518478394,0.09636618196964264,-0.6390093564987183,-0.5183956623077393,-0.6816955208778381,0.5162920355796814,-0.38585659861564639,0.725261926651001,0.5701838731765747],"EasingStyle":"Linear","EasingDirection":"In"}}},{"Time":0.7916666865348816,"poses":{"Left Leg":{"Weight":1,"CFrame":[-0.3463705778121948,0.16400903463363648,0.09089910984039307,0.841536819934845,-0.4731031060218811,0.260747492313385,0.38364893198013308,0.863237202167511,0.32807794213294985,-0.38030165433883669,-0.17605412006378175,0.9079513549804688],"EasingStyle":"Linear","EasingDirection":"In"},"Right Leg":{"Weight":1,"CFrame":[0.4770087003707886,0.2452574372291565,0.16517233848571778,0.7163534164428711,0.6082214713096619,-0.3419129252433777,-0.4693601429462433,0.7826460599899292,0.4088596999645233,0.516274094581604,-0.1324077993631363,0.8461260795593262],"EasingStyle":"Linear","EasingDirection":"In"},"Left Arm":{"Weight":1,"CFrame":[-0.04425687715411186,0.5526289939880371,-0.08210432529449463,-0.8630433678627014,-0.3050640821456909,0.4026066064834595,0.48506277799606326,-0.7229342460632324,0.492016464471817,0.14096157252788545,0.61