{"Sequence":[{"Time":0,"poses":{"Left Leg":{"Weight":1,"CFrame":[0.06462985277175904,0.004687845706939697,0.045484185218811038,0.9221053123474121,-0.31565195322036745,0.22379812598228455,0.30327358841896059,0.9487740993499756,0.08861646056175232,-0.2403058409690857,-0.013841649517416954,0.9705985188484192],"EasingStyle":"Linear","EasingDirection":"In"},"Right Arm":{"Weight":1,"CFrame":[-0.33566391468048098,-0.14498093724250794,0.10701394081115723,-0.6826226115226746,0.008279421366751194,-0.7307241559028626,-0.046040523797273639,-0.9984365701675415,0.0316971093416214,-0.7293192744255066,0.0552799217402935,0.6819366216659546],"EasingStyle":"Linear","EasingDirection":"In"},"Left Arm":{"Weight":1,"CFrame":[0.02736009657382965,-0.23326188325881959,-0.0065726637840271,0.7795981168746948,0.24352726340293885,0.5769932270050049,-0.4619345963001251,0.845708429813385,0.2671959102153778,-0.422898530960083,-0.47483861446380618,0.7718064188957214],"EasingStyle":"Linear","EasingDirection":"In"},"Head":{"Weight":1,"CFrame":[8.195638656616211e-8,-3.725290298461914e-9,-1.1920928955078126e-7,0.3439078629016876,0.9363557696342468,-0.07046481221914292,-0.9386245608329773,0.3406684100627899,-0.05411934107542038,-0.026669817045331,0.08475207537412644,0.9960450530052185],"EasingStyle":"Linear","EasingDirection":"In"},"Torso":{"Weight":1,"CFrame":[0.08649732172489166,0.08617785573005676,0.07466292381286621,0.9481362700462341,0.2989101707935333,0.1081215962767601,-0.31229397654533389,0.9393754601478577,0.14158472418785096,-0.05924566835165024,-0.16800732910633088,0.9840037822723389],"EasingStyle":"Linear","EasingDirection":"In"},"HumanoidRootPart":{"Weight":0,"CFrame":[0,0,0,1,0,0,0,1,0,0,0,1],"EasingStyle":"Linear","EasingDirection":"In"},"Right Leg":{"Weight":1,"CFrame":[0.9080169796943665,-0.25056540966033938,-0.10695147514343262,0.5216346979141235,0.8124597668647766,0.26039642095565798,-0.8266699910163879,0.5567929744720459,-0.0812305361032486,-0.21098336577415467,-0.17288926243782044,0.9620786309242249],"EasingStyle":"Linear","EasingDirection":"In"}}},{"Time":0.01666666753590107,"poses":{"Left Leg":{"Weight":1,"CFrame":[0.06473898887634278,0.004163682460784912,0.04550623893737793,0.9159140586853027,-0.3330787122249603,0.2239643633365631,0.32142582535743716,0.9428619146347046,0.0877317488193512,-0.24038910865783692,-0.008366825990378857,0.9706405401229858],"EasingStyle":"Linear","EasingDirection":"In"},"Right Arm":{"Weight":1,"CFrame":[-0.34986117482185366,-0.14920619130134583,0.1082690954208374,-0.6856892108917236,-0.026929160580039026,-0.7273960709571838,-0.02821245975792408,-0.9975813031196594,0.0635266974568367,-0.7273474931716919,0.06408102810382843,0.683271050453186],"EasingStyle":"Linear","EasingDirection":"In"},"Left Arm":{"Weight":1,"CFrame":[0.02811666578054428,-0.2318023145198822,0.006992936134338379,0.7913919687271118,0.22137123346328736,0.5698187351226807,-0.44259223341941836,0.8504642844200134,0.28429314494132998,-0.42167621850967409,-0.4771847128868103,0.7710278630256653],"EasingStyle":"Linear","EasingDirection":"In"},"Head":{"Weight":1,"CFrame":[1.1175870895385742e-7,3.725290298461914e-8,1.1920928955078126e-7,0.3474956452846527,0.9351618885993958,-0.06869492679834366,-0.9371093511581421,0.34379124641418459,-0.060279715806245807,-0.03275459632277489,0.08532160520553589,0.9958149194717407],"EasingStyle":"Linear","EasingDirection":"In"},"Torso":{"Weight":1,"CFrame":[0.08961090445518494,0.11679485440254212,0.07071852684020996,0.9480705261230469,0.29856908321380618,0.1096300408244133,-0.31353598833084109,0.9352421164512634,0.16436955332756043,-0.05345496907830238,-0.1902068853378296,0.9802876710891724],"EasingStyle":"Linear","EasingDirection":"In"},"HumanoidRootPart":{"Weight":0,"CFrame":[0,0,0,1,0,0,0,1,0,0,0,1],"EasingStyle":"Linear","EasingDirection":"In"},"Right Leg":{"Weight":1,"CFrame":[0.942531943321228,-0.30811643600463869,-0.12082213163375855,0.42843323945999148,0.8647175431251526,0.2621230185031891,-0.8836272954940796,0.46157577633857729,-0.07842627167701721,-0.18880616128444673,-0.19801867008209229,0.96184241771698],"EasingStyle":"Linear","EasingDirection":"In"}}},{"Time":0.03333333507180214,"poses":{"Left Leg":{"Weight":1,"CFrame":[0.06582710146903992,0.0021181106567382814,0.04543781280517578,0.9159175157546997,-0.33159977197647097,0.22613419592380525,0.32090532779693606,0.9434115290641785,0.08363252133131027,-0.2410702407360077,-0.004032817203551531,0.9704993367195129],"EasingStyle":"Linear","EasingDirection":"In"},"Right Arm":{"Weight":1,"CFrame":[-0.3620832562446594,-0.16067510843276978,0.10927438735961914,-0.6900299787521362,-0.10861119627952576,-0.7155852913856506,0.03947287052869797,-0.992852509021759,0.11263144761323929,-0.7227036356925964,0.04947276785969734,0.6893851161003113],"EasingStyle":"Linear","EasingDirection":"In"},"Left Arm":{"Weight":1,"CFrame":[0.03020864725112915,-0.230823814868927,0.02065408229827881,0.8103798627853394,0.19529429078102113,0.5523988604545593,-0.4189741313457489,0.8522154092788696,0.31335213780403139,-0.40956705808639529,-0.4853751063346863,0.772441565990448],"EasingStyle":"Linear","EasingDirection":"In"},"Head":{"Weight":1,"CFrame":[6.705522537231445e-8,3.725290298461914e-9,1.1920928955078126e-7,0.35379528999328616,0.9331294894218445,-0.06401768326759339,-0.9339966177940369,0.3488214612007141,-0.07729038596153259,-0.049791205674409869,0.08713727444410324,0.9949512481689453],"EasingStyle":"Linear","EasingDirection":"In"},"Torso":{"Weight":1,"CFrame":[0.09385190904140473,0.1628313660621643,0.061840057373046878,0.9476554989814758,0.3003084361553192,0.10846184194087982,-0.3158128559589386,0.9316142797470093,0.179880753159523,-0.04702489823102951,-0.20471861958503724,0.9776906371116638],"EasingStyle":"Linear","EasingDirection":"In"},"HumanoidRootPart":{"Weight":0,"CFrame":[0,0,0,1,0,0,0,1,0,0,0,1],"EasingStyle":"Linear","EasingDirection":"In"},"Right Leg":{"Weight":1,"CFrame":[0.9811449646949768,-0.3273278474807739,-0.13159239292144776,0.3828946650028229,0.8848439455032349,0.2654106616973877,-0.9070702791213989,0.41453030705451968,-0.07340420037508011,-0.17497199773788453,-0.2126401960849762,0.9613370895385742],"EasingStyle":"Linear","EasingDirection":"In"}}},{"Time":0.05000000074505806,"poses":{"Left Leg":{"Weight":1,"CFrame":[0.06790639460086823,0.000573277473449707,0.045093417167663577,0.9215301275253296,-0.3126269280910492,0.23031847178936006,0.3021533489227295,0.949865460395813,0.08036720752716065,-0.24389657378196717,-0.004469340201467276,0.9697909355163574],"EasingStyle":"Linear","EasingDirection":"In"},"Right Arm":{"Weight":1,"CFrame":[-0.3724430799484253,-0.17757698893547059,0.11005711555480957,-0.6851844787597656,-0.22955547273159028,-0.6912499070167542,0.14951923489570619,-0.9731552004814148,0.17496539652347566,-0.7128577828407288,0.01652829721570015,0.7011138796806336],"EasingStyle":"Linear","EasingDirection":"In"},"Left Arm":{"Weight":1,"CFrame":[0.03336884826421738,-0.2302302122116089,0.03416764736175537,0.8343374729156494,0.1656428575515747,0.5257788300514221,-0.3905753195285797,0.8507069945335388,0.35177910327911379,-0.3890140652656555,-0.498858779668808,0.7744727730751038],"EasingStyle":"Linear","EasingDirection":"In"},"Head":{"Weight":1,"CFrame":[1.341104507446289e-7,-4.470348358154297e-8,0,0.36208978295326235,0.9304082989692688,-0.05684544891119003,-0.9290748238563538,0.3552820384502411,-0.10292995721101761,-0.0755707249045372,0.0900835320353508,0.9930629730224609],"EasingStyle":"Linear","EasingDirection":"In"},"Torso":{"Weight":1,"CFrame":[0.1008681058883667,0.21682006120681764,0.04262065887451172,0.9464942216873169,0.30421996116638186,0.10769816488027573,-0.3197534680366516,0.9291806817054749,0.18542104959487916,-0.04366225749254227,-0.20993681252002717,0.9767395257949829],"EasingStyle":"Linear","EasingDirection":"In"},"HumanoidRootPart":{"Weight":0,"CFrame":[0,0,0,1,0,0,0,1,0,0,0,1],"EasingStyle":"Linear","EasingDirection":"In"},"Right Leg":{"Weight":1,"CFrame":[1.0531607866287232,-0.2605471611022949,-0.14560961723327638,0.42367902398109438,0.8649366497993469,0.26903656125068667,-0.8866748213768005,0.45674312114715578,-0.0720658153295517,-0.1852128654718399,-0.20801514387130738,0.9604300260543823],"EasingStyle":"Linear","EasingDirection":"In"}}},{"Time":0.06666667014360428,"poses":{"Left Leg":{"Weight":1,"CFrame":[-0.10369375348091126,-0.03972887992858887,0.09047174453735352,0.8953120112419128,-0.37735241651535036,0.23668883740901948,0.3687661588191986,0.9259567856788635,0.08133561164140701,-0.24985584616661073,0.014462132006883622,0.9681750535964966],"EasingStyle":"Linear","EasingDirection":"In"},"Right Arm":{"Weight":1,"CFrame":[-0.3810544013977051,-0.1981009840965271,0.11064553260803223,-0.6582930088043213,-0.3792095184326172,-0.6502695083618164,0.2914167642593384,-0.9248669147491455,0.24433057010173798,-0.694065272808075,-0.02865850180387497,0.7193414568901062],"EasingStyle":"Linear","EasingDirection":"In"},"Left Arm":{"Weight":1,"CFrame":[0.03733036667108536,-0.22992554306983949,0.04729044437408447,0.8609229922294617,0.1328800767660141,0.49107474088668826,-0.35690662264823916,0.8456349968910217,0.39688682556152346,-0.3625316619873047,-0.5169568061828613,0.7754523754119873],"EasingStyle":"Linear","EasingDirection":"In"},"Head":{"Weight":1,"CFrame":[8.195638656616211e-8,-3.725290298461914e-8,1.1920928955078126e-7,0.37164217233657839,0.9271553754806519,-0.04759269207715988,-0.9220883250236511,0.36268338561058047,-0.1349589079618454,-0.1078667864203453,0.09404108673334122,0.9897075295448303],"EasingStyle":"Linear","EasingDirection":"In"},"Torso":{"Weight":1,"CFrame":[0.1119346022605896,0.2720537781715393,0.0073964595794677738,0.9441709518432617,0.31056609749794009,0.10995431244373322,-0.3261738419532776,0.9281607270240784,0.17924362421035767,-0.04638828709721565,-0.20510083436965943,0.9776409268379211],"EasingStyle":"Linear","EasingDirection":"In"},"HumanoidRootPart":{"Weight":0,"CFrame":[0,0,0,1,0,0,0,1,0,0,0,1],"EasingStyle":"Linear","EasingDirection":"In"},"Right Leg":{"Weight":1,"CFrame":[1.1481213569641114,-0.07249927520751953,-0.15787267684936524,0.5501453280448914,0.7891746759414673,0.27302640676498415,-0.8050138354301453,0.5881244540214539,-0.07786183059215546,-0.2220199853181839,-0.17695467174053193,0.9588504433631897],"EasingStyle":"Linear","EasingDirection":"In"}}},{"Time":0.0833333358168602,"poses":{"Left Leg":{"Weight":1,"CFrame":[-0.306820273399353,-0.04172861576080322,0.1444491147994995,0.8623873591423035,-0.44256407022476199,0.24581514298915864,0.4352373480796814,0.8961514830589294,0.0864928737282753,-0.2585662603378296,0.0323975495994091,0.9654501080513],"EasingStyle":"Linear","EasingDirection":"In"},"Right Arm":{"Weight":1,"CFrame":[-0.38802987337112429,-0.22043567895889283,0.11106705665588379,-0.5984107255935669,-0.5413881540298462,-0.5905957221984863,0.44909900426864626,-0.8371154069900513,0.312326580286026,-0.6634867191314697,-0.07833655923604965,0.7440758347511292],"EasingStyle":"Linear","EasingDirection":"In"},"Left Arm":{"Weight":1,"CFrame":[0.041825976222753528,-0.22981321811676026,0.05977964401245117,0.8878697752952576,0.09748651832342148,0.44964829087257388,-0.317734956741333,0.8367453813552856,0.44598376750946047,-0.3327637314796448,-0.5388445854187012,0.7738959193229675],"EasingStyle":"Linear","EasingDirection":"In"},"Head":{"Weight":1,"CFrame":[1.1920928955078126e-7,-1.4901161193847657e-8,1.1920928955078126e-7,0.38173848390579226,0.9235402345657349,-0.036730263382196429,-0.912918210029602,0.3705427944660187,-0.17110921442508698,-0.14441610872745515,0.09885071218013764,0.9845671653747559],"EasingStyle":"Linear","EasingDirection":"In"},"Torso":{"Weight":1,"CFrame":[0.12611955404281617,0.3242308497428894,-0.05001330375671387,0.9404377341270447,0.31989341974258425,0.11508707702159882,-0.33552494645118716,0.9278908967971802,0.1626083254814148,-0.05477090924978256,-0.19153760373592378,0.9799558520317078],"EasingStyle":"Linear","EasingDirection":"In"},"HumanoidRootPart":{"Weight":0,"CFrame":[0,0,0,1,0,0,0,1,0,0,0,1],"EasingStyle":"Linear","EasingDirection":"In"},"Right Leg":{"Weight":1,"CFrame":[1.1712138652801514,0.20792269706726075,-0.13907593488693238,0.7331300973892212,0.6205136775970459,0.2783578932285309,-0.6231235265731812,0.7768577933311462,-0.09060388058423996,-0.2724653482437134,-0.1070268526673317,0.9561944603919983],"EasingStyle":"Linear","EasingDirection":"In"}}},{"Time":0.10000000149011612,"poses":{"Left Leg":{"Weight":1,"CFrame":[-0.47173959016799929,0.009854793548583985,0.1895502805709839,0.839857816696167,-0.4774424731731415,0.2582395076751709,0.46984827518463137,0.8776640892028809,0.09459568560123444,-0.27181151509284975,0.041886407881975177,0.9614385366439819],"EasingStyle":"Linear","EasingDirection":"In"},"Right Arm":{"Weight":1,"CFrame":[-0.3934832513332367,-0.24277040362358094,0.11134958267211914,-0.5016181468963623,-0.6957159042358398,-0.5141580700874329,0.602040708065033,-0.7075458765029907,0.37003493309020998,-0.6212296485900879,-0.12392804771661759,0.7737671732902527],"EasingStyle":"Linear","EasingDirection":"In"},"Left Arm":{"Weight":1,"CFrame":[0.04658854007720947,-0.22979730367660523,0.07139170169830322,0.9131577014923096,0.05985787883400917,0.4031873345375061,-0.2732301354408264,0.8239099979400635,0.49650534987449648,-0.302470326423645,-0.5635507106781006,0.7687147855758667],"EasingStyle":"Linear","EasingDirection":"In"},"Head":{"Weight":1,"CFrame":[2.9802322387695315e-8,-5.21540641784668e-8,-5.960464477539063e-8,0.3917236030101776,0.9197481274604797,-0.024817967787384988,-0.9017143249511719,0.37840062379837038,-0.2091035395860672,-0.18293143808841706,0.10428949445486069,0.9775785207748413],"EasingStyle":"Linear","EasingDirection":"In"},"Torso":{"Weight":1,"CFrame":[0.14166899025440217,0.36942803859710696,-0.13598155975341798,0.9351320266723633,0.33265945315361025,0.12192542850971222,-0.3478248715400696,0.9274592995643616,0.1372482180595398,-0.06742393970489502,-0.17075389623641969,0.9830041527748108],"EasingStyle":"Linear","EasingDirection":"In"},"HumanoidRootPart":{"Weight":0,"CFrame":[0,0,0,1,0,0,0,1,0,0,0,1],"EasingStyle":"Linear","EasingDirection":"In"},"Right Leg":{"Weight":1,"CFrame":[1.0763741731643677,0.461612343788147,-0.07970064878463745,0.8913976550102234,0.3514920175075531,0.2861182689666748,-0.33407455682754519,0.9361890554428101,-0.10928961634635925,-0.3062751293182373,0.0018356499494984747,0.9519412517547607],"EasingStyle":"Linear","EasingDirection":"In"}}},{"Time":0.11666666716337204,"poses":{"Left Leg":{"Weight":1,"CFrame":[-0.6159846186637878,0.11714321374893189,0.22919237613677979,0.8225858807563782,-0.4983595907688141,0.2738434076309204,0.4897354245185852,0.8656194806098938,0.10422143340110779,-0.28898394107818606,0.04837973415851593,0.9561107158660889],"EasingStyle":"Linear","EasingDirection":"In"},"Right Arm":{"Weight":1,"CFrame":[-0.39752763509750368,-0.26329416036605837,0.11152088642120362,-0.3740497827529907,-0.8232067227363586,-0.42710360884666445,0.7305889129638672,-0.54523104429245,0.41105082631111147,-0.5712500214576721,-0.15828391909599305,0.8053693175315857],"EasingStyle":"Linear","EasingDirection":"In"},"Left Arm":{"Weight":1,"CFrame":[0.0513511523604393,-0.2297811210155487,0.08188438415527344,0.9351426362991333,0.020205073058605195,0.35369470715522768,-0.22401505708694459,0.8071657419204712,0.5461689829826355,-0.27445486187934878,-0.5899789929389954,0.7593414783477783],"EasingStyle":"Linear","EasingDirection":"In"},"Head":{"Weight":1,"CFrame":[7.450580596923828e-8,-5.960464477539063e-8,2.384185791015625e-7,0.40103602409362795,0.9159768223762512,-0.012514298781752587,-0.8889693021774292,0.3858410120010376,-0.24669881165027619,-0.22114187479019166,0.1100599393248558,0.9690114259719849],"EasingStyle":"Linear","EasingDirection":"In"},"Torso":{"Weight":1,"CFrame":[0.15674766898155213,0.40379005670547488,-0.25957179069519045,0.9283097982406616,0.3486388921737671,0.12919683754444123,-0.36241430044174197,0.9260857701301575,0.10498110204935074,-0.08304685354232788,-0.14427776634693147,0.9860461950302124],"EasingStyle":"Linear","EasingDirection":"In"},"HumanoidRootPart":{"Weight":0,"CFrame":[0,0,0,1,0,0,0,1,0,0,0,1],"EasingStyle":"Linear","EasingDirection":"In"},"Right Leg":{"Weight":1,"CFrame":[0.9170525670051575,0.5890130996704102,-0.004023313522338867,0.9542679786682129,0.03473900258541107,0.29692745208740237,0.005312466993927956,0.991098165512085,-0.13302700221538545,-0.2989054024219513,0.12852081656455995,0.9455886483192444],"EasingStyle":"Linear","EasingDirection":"In"}}},{"Time":0.13333334028720857,"poses":{"Left Leg":{"Weight":1,"CFrame":[-0.7083189487457275,0.2717323899269104,0.2510185241699219,0.8195805549621582,-0.4942433834075928,0.28984692692756655,0.4832150340080261,0.868066132068634,0.11386115849018097,-0.3078814446926117,0.046739980578422549,0.9502759575843811],"EasingStyle":"Linear","EasingDirection":"In"},"Right Arm":{"Weight":1,"CFrame":[-0.4002762734889984,-0.28019648790359499,0.11160874366760254,-0.23008492588996888,-0.9126895666122437,-0.3377256989479065,0.8224064111709595,-0.36789578199386599,0.4339359402656555,-0.5202966928482056,-0.17790573835372926,0.8352490067481995],"EasingStyle":"Linear","EasingDirection":"In"},"Left Arm":{"Weight":1,"CFrame":[0.05584678053855896,-0.229669451713562,0.09101426601409912,0.9527600407600403,-0.02109341137111187,0.3029906451702118,-0.17119631171226502,0.78671795129776,0.5930992364883423,-0.2508786916732788,-0.6169521808624268,0.7459422945976257],"EasingStyle":"Linear","EasingDirection":"In"},"Head":{"Weight":1,"CFrame":[1.7881393432617188e-7,5.21540641784668e-8,-4.76837158203125e-7,0.4092269837856293,0.9124324321746826,-0.0005684570060111582,-0.8755363821983337,0.3925035893917084,-0.28173917531967165,-0.25684481859207156,0.11579298973083496,0.9594908356666565],"EasingStyle":"Linear","EasingDirection":"In"},"Torso":{"Weight":1,"CFrame":[0.1694810688495636,0.42369475960731509,-0.3985135555267334,0.9210799336433411,0.3650067150592804,0.13557963073253632,-0.37618204951286318,0.9240532517433167,0.06791647523641586,-0.10049282014369965,-0.11355911940336228,0.9884358644485474],"EasingStyle":"Linear","EasingDirection":"In"},"HumanoidRootPart":{"Weight":0,"CFrame":[0,0,0,1,0,0,0,1,0,0,0,1],"EasingStyle":"Linear","EasingDirection":"In"},"Right Leg":{"Weight":1,"CFrame":[0.7654384970664978,0.567155122756958,0.05678153038024902,0.9143975377082825,-0.2614421248435974,0.30907151103019717,0.32101529836654665,0.9334359765052795,-0.1601448357105255,-0.24662981927394868,0.2456527203321457,0.9374585151672363],"EasingStyle":"Linear","EasingDirection":"In"}}},{"Time":0.15000000596046449,"poses":{"Left Leg":{"Weight":1,"CFrame":[-0.7343919277191162,0.43300139904022219,0.2485727071762085,0.8333062529563904,-0.4624969959259033,0.30281540751457217,0.4472682476043701,0.8859889507293701,0.1223708987236023,-0.32488733530044558,0.03346719592809677,0.9451603889465332],"EasingStyle":"Linear","EasingDirection":"In"},"Right Arm":{"Weight":1,"CFrame":[-0.4018424153327942,-0.29166531562805178,0.11164140701293946,-0.08669823408126831,-0.9634732604026794,-0.2533823847770691,0.8753746151924133,-0.19509842991828919,0.4423302114009857,-0.4756077229976654,-0.18345533311367036,0.860314667224884],"EasingStyle":"Linear","EasingDirection":"In"},"Left Arm":{"Weight":1,"CFrame":[0.05980818346142769,-0.22936439514160157,0.09853827953338623,0.9660837650299072,-0.061957526952028278,0.2506859600543976,-0.11568549275398255,0.7640770077705383,0.6346677541732788,-0.23086582124233247,-0.6421430110931397,0.7309948205947876],"EasingStyle":"Linear","EasingDirection":"In"},"Head":{"Weight":1,"CFrame":[1.043081283569336e-7,0,-2.384185791015625e-7,0.41596361994743349,0.9093239903450012,0.010202826000750065,-0.8625887632369995,0.39808788895606997,-0.3121964633464813,-0.2879493832588196,0.12106151878833771,0.9499627947807312],"EasingStyle":"Linear","EasingDirection":"In"},"Torso":{"Weight":1,"CFrame":[0.17822721600532533,0.4256287217140198,-0.5120930671691895,0.9150242805480957,0.37831011414527895,0.14004287123680116,-0.3856181204319,0.9222244024276733,0.028299428522586824,-0.11844497174024582,-0.07989773154258728,0.9897409677505493],"EasingStyle":"Linear","EasingDirection":"In"},"HumanoidRootPart":{"Weight":0,"CFrame":[0,0,0,1,0,0,0,1,0,0,0,1],"EasingStyle":"Linear","EasingDirection":"In"},"Right Leg":{"Weight":1,"CFrame":[0.6539691686630249,0.4318705201148987,0.0832207202911377,0.8087998032569885,-0.49318960309028628,0.3203231394290924,0.5640788078308106,0.8046377301216126,-0.18539994955062867,-0.16630671918392182,0.33063891530036929,0.9289886951446533],"EasingStyle":"Linear","EasingDirection":"In"}}},{"Time":0.1666666716337204,"poses":{"Left Leg":{"Weight":1,"CFrame":[-0.7186550498008728,0.5371646881103516,0.23269987106323243,0.853477954864502,-0.4194256067276001,0.30928537249565127,0.399279922246933,0.9076923131942749,0.12911348044872285,-0.3348895013332367,0.013295931741595269,0.9421635866165161],"EasingStyle":"Linear","EasingDirection":"In"},"Right Arm":{"Weight":1,"CFrame":[-0.40233924984931948,-0.29589059948921206,0.11164605617523194,0.04190262779593468,-0.9830498695373535,-0.1784854233264923,0.8955080509185791,-0.042267341166734698,0.44303369522094729,-0.4430682361125946,-0.17839954793453217,0.8785579800605774],"EasingStyle":"Linear","EasingDirection":"In"},"Left Arm":{"Weight":1,"CFrame":[0.06296846270561218,-0.22877037525177003,0.10421335697174072,0.9754773378372192,-0.10000322759151459,0.19606976211071015,-0.05818663910031319,0.7419588565826416,0.6679156422615051,-0.21226947009563447,-0.6629452109336853,0.7179452180862427],"EasingStyle":"Linear","EasingDirection":"In"},"Head":{"Weight":1,"CFrame":[2.9802322387695315e-8,-2.9802322387695315e-8,3.5762786865234377e-7,0.4210119843482971,0.9068571925163269,0.018946101889014245,-0.8515281677246094,0.40234866738319399,-0.33617740869522097,-0.3124879002571106,0.125401571393013,0.9416080713272095],"EasingStyle":"Linear","EasingDirection":"In"},"Torso":{"Weight":1,"CFrame":[0.18182310461997987,0.40605270862579348,-0.5593974590301514,0.9118629097938538,0.38509511947631838,0.1421542465686798,-0.3874768912792206,0.921805739402771,-0.011657029390335083,-0.13552765548229218,-0.044451870024204257,0.9897758960723877],"EasingStyle":"Linear","EasingDirection":"In"},"HumanoidRootPart":{"Weight":0,"CFrame":[0,0,0,1,0,0,0,1,0,0,0,1],"EasingStyle":"Linear","EasingDirection":"In"},"Right Leg":{"Weight":1,"CFrame":[0.5788812637329102,0.2516922354698181,0.07743096351623535,0.6932375431060791,-0.6419833302497864,0.32753461599349978,0.7149472236633301,0.6699278354644775,-0.2001185119152069,-0.09095165878534317,0.3728995621204376,0.9234033226966858],"EasingStyle":"Linear","EasingDirection":"In"}}},{"Time":0.18333333730697633,"poses":{"Left Leg":{"Weight":1,"CFrame":[-0.6964448094367981,0.5536084771156311,0.21875333786010743,0.8727801442146301,-0.3795607388019562,0.30690139532089236,0.35546979308128359,0.9251386523246765,0.13326533138751985,-0.3345086872577667,-0.007217165548354387,0.9423650503158569],"EasingStyle":"Linear","EasingDirection":"In"},"Right Arm":{"Weight":1,"CFrame":[-0.4014899432659149,-0.2939678132534027,0.1115870475769043,0.14739936590194703,-0.9824496507644653,-0.11430702358484268,0.8928526043891907,0.08244482427835465,0.4427381753921509,-0.42554396390914919,-0.16731874644756318,0.889335036277771],"EasingStyle":"Linear","EasingDirection":"In"},"Left Arm":{"Weight":1,"CFrame":[0.06506049633026123,-0.22779235243797303,0.10779678821563721,0.981310248374939,-0.13318264484405518,0.13889764249324799,0.0005501489504240453,0.7237387299537659,0.6900737285614014,-0.1924314945936203,-0.6771001815795898,0.7102856040000916],"EasingStyle":"Linear","EasingDirection":"In"},"Head":{"Weight":1,"CFrame":[-7.450580596923828e-9,5.587935447692871e-9,2.384185791015625e-7,0.4241902232170105,0.9052334427833557,0.02480103075504303,-0.8438570499420166,0.40507015585899355,-0.3518856465816498,-0.32858482003211977,0.12833793461322785,0.9357143640518189],"EasingStyle":"Linear","EasingDirection":"In"},"Torso":{"Weight":1,"CFrame":[0.18218693137168885,0.3698297441005707,-0.5270328521728516,0.9125692844390869,0.38323837518692019,0.1426382064819336,-0.3800765573978424,0.9236086010932922,-0.04988894239068031,-0.1508612334728241,-0.008686326444149018,0.9885168075561523],"EasingStyle":"Linear","EasingDirection":"In"},"HumanoidRootPart":{"Weight":0,"CFrame":[0,0,0,1,0,0,0,1,0,0,0,1],"EasingStyle":"Linear","EasingDirection":"In"},"Right Leg":{"Weight":1,"CFrame":[0.47892653942108157,0.00782787799835205,0.056618332862854007,0.568330705165863,-0.7551220655441284,0.3267888128757477,0.8224989175796509,0.5321399569511414,-0.20080478489398957,-0.022265305742621423,0.382906973361969,0.9235185384750366],"EasingStyle":"Linear","EasingDirection":"In"}}},{"Time":0.20000000298023225,"poses":{"Left Leg":{"Weight":1,"CFrame":[-0.6718183159828186,0.5134851932525635,0.2071751356124878,0.8923642635345459,-0.3395003080368042,0.2973642349243164,0.3127688765525818,0.9402090311050415,0.13484303653240205,-0.3253638446331024,-0.027322856709361078,0.9451940655708313],"EasingStyle":"Linear","EasingDirection":"In"},"Right Arm":{"Weight":1,"CFrame":[-0.39909932017326357,-0.28855812549591067,0.11142098903656006,0.22882699966430665,-0.9715648293495178,-0.06082639843225479,0.878263533115387,0.17909440398216248,0.44337162375450137,-0.41987061500549319,-0.15487712621688844,0.8942716121673584],"EasingStyle":"Linear","EasingDirection":"In"},"Left Arm":{"Weight":1,"CFrame":[0.06581704318523407,-0.22633326053619386,0.10904502868652344,0.9839497804641724,-0.15989486873149873,0.07922374457120896,0.0596594475209713,0.713183581829071,0.6984337568283081,-0.16817712783813477,-0.6824974417686462,0.7112762331962586],"EasingStyle":"Linear","EasingDirection":"In"},"Head":{"Weight":1,"CFrame":[7.450580596923828e-9,-2.9802322387695315e-8,-2.980232238769531e-7,0.42530590295791628,0.9046489596366882,0.02693086862564087,-0.8410153388977051,0.40603309869766238,-0.35753360390663149,-0.3343771994113922,0.12941186130046845,0.9335119128227234],"EasingStyle":"Linear","EasingDirection":"In"},"Torso":{"Weight":1,"CFrame":[0.18188399076461793,0.3267163336277008,-0.4452652931213379,0.9161720871925354,0.37461012601852419,0.14246386289596559,-0.3659222424030304,0.9268511533737183,-0.08395162969827652,-0.16349191963672639,0.024783434346318246,0.9862333536148071],"EasingStyle":"Linear","EasingDirection":"In"},"HumanoidRootPart":{"Weight":0,"CFrame":[0,0,0,1,0,0,0,1,0,0,0,1],"EasingStyle":"Linear","EasingDirection":"In"},"Right Leg":{"Weight":1,"CFrame":[0.4314434230327606,-0.08871304988861084,0.04551267623901367,0.5263912677764893,-0.788431704044342,0.31825727224349978,0.8502377271652222,0.48936837911605837,-0.1939440667629242,-0.0028333812952041628,0.3726848363876343,0.9279536604881287],"EasingStyle":"Linear","EasingDirection":"In"}}},{"Time":0.21666666865348817,"poses":{"Left Leg":{"Weight":1,"CFrame":[-0.6350867748260498,0.4423791766166687,0.19393932819366456,0.9123924970626831,-0.29537367820739748,0.283362478017807,0.2668958306312561,0.954186201095581,0.13526028394699098,-0.3103329539299011,-0.047782208770513538,0.9494263529777527],"EasingStyle":"Linear","EasingDirection":"In"},"Right Arm":{"Weight":1,"CFrame":[-0.3954049348831177,-0.2801963984966278,0.11116421222686768,0.2867808938026428,-0.9578040242195129,-0.0191849023103714,0.8603159785270691,0.24867843091487885,0.44498923420906069,-0.4214417040348053,-0.14411960542201997,0.8953303694725037],"EasingStyle":"Linear","EasingDirection":"In"},"Left Arm":{"Weight":1,"CFrame":[0.06481651961803436,-0.2114098072052002,0.09807431697845459,0.9835947155952454,-0.17940866947174073,0.018813708797097207,0.11768721789121628,0.7172346711158752,0.6868216395378113,-0.13671565055847169,-0.6733401417732239,0.7265824675559998],"EasingStyle":"Linear","EasingDirection":"In"},"Head":{"Weight":1,"CFrame":[3.3527612686157229e-8,-5.21540641784668e-8,-2.384185791015625e-7,0.42534223198890688,0.9048224091529846,0.019504794850945474,-0.8474454283714294,0.4057500958442688,-0.34234943985939028,-0.3176794946193695,0.12908640503883363,0.9393702149391174],"EasingStyle":"Linear","EasingDirection":"In"},"Torso":{"Weight":1,"CFrame":[0.18132424354553224,0.28035256266593935,-0.3383817672729492,0.9213591814041138,0.36172178387641909,0.14231882989406587,-0.3482346832752228,0.9307811260223389,-0.11126130819320679,-0.17271330952644349,0.052951280027627948,0.9835478067398071],"EasingStyle":"Linear","EasingDirection":"In"},"HumanoidRootPart":{"Weight":0,"CFrame":[0,0,0,1,0,0,0,1,0,0,0,1],"EasingStyle":"Linear","EasingDirection":"In"},"Right Leg":{"Weight":1,"CFrame":[0.4345628023147583,-0.08332562446594238,0.03756117820739746,0.5533910393714905,-0.7752903699874878,0.30443936586380007,0.8327828049659729,0.5216874480247498,-0.18524295091629029,-0.015205089934170246,0.35604366660118105,0.9343456029891968],"EasingStyle":"Linear","EasingDirection":"In"}}},{"Time":0.23333333432674409,"poses":{"Left Leg":{"Weight":1,"CFrame":[-0.5830689668655396,0.3612000346183777,0.1781153678894043,0.9304850101470947,-0.2500723898410797,0.26769664883613589,0.22068412601947785,0.9659217596054077,0.13525427877902986,-0.2923973500728607,-0.06677562743425369,0.9539626836776733],"EasingStyle":"Linear","EasingDirection":"In"},"Right Arm":{"Weight":1,"CFrame":[-0.3906438946723938,-0.2694198191165924,0.11083340644836426,0.32164067029953005,-0.946826159954071,0.008215106092393399,0.8457856178283691,0.2911956310272217,0.4470479488372803,-0.425668865442276,-0.13684062659740449,0.8944723010063171],"EasingStyle":"Linear","EasingDirection":"In"},"Left Arm":{"Weight":1,"CFrame":[0.062143780291080478,-0.17832762002944947,0.07176542282104492,0.9803404808044434,-0.1939309537410736,-0.03637782856822014,0.16990628838539124,0.7359601855278015,0.6553581953048706,-0.10032165795564652,-0.6486550569534302,0.7544417381286621],"EasingStyle":"Linear","EasingDirection":"In"},"Head":{"Weight":1,"CFrame":[2.0116567611694337e-7,-2.9802322387695315e-8,2.384185791015625e-7,0.42458614706993105,0.9053875207901001,-0.00016892887651920319,-0.8632377982139587,0.40476348996162417,-0.3016405999660492,-0.2730332612991333,0.12821824848651887,0.9534217119216919],"EasingStyle":"Linear","EasingDirection":"In"},"Torso":{"Weight":1,"CFrame":[0.18066176772117616,0.23437583446502686,-0.2304849624633789,0.9269059300422669,0.34715840220451357,0.14257089793682099,-0.3303054869174957,0.9349843859672546,-0.1292378455400467,-0.17816756665706635,0.07269938290119171,0.9813109040260315],"EasingStyle":"Linear","EasingDirection":"In"},"HumanoidRootPart":{"Weight":0,"CFrame":[0,0,0,1,0,0,0,1,0,0,0,1],"EasingStyle":"Linear","EasingDirection":"In"},"Right Leg":{"Weight":1,"CFrame":[0.4327126443386078,-0.07904601097106934,0.03236043453216553,0.5884448885917664,-0.7553102970123291,0.28851163387298586,0.80806964635849,0.5615243315696716,-0.17808416485786439,-0.02749740332365036,0.33793017268180849,0.9407694339752197],"EasingStyle":"Linear","EasingDirection":"In"}}},{"Time":0.25,"poses":{"Left Leg":{"Weight":1,"CFrame":[-0.5296121835708618,0.2870403528213501,0.16365981101989747,0.9419506192207336,-0.22052130103111268,0.2531784176826477,0.19117718935012818,0.9721596837043762,0.13548757135868073,-0.2760077714920044,-0.079220712184906,0.9578850865364075],"EasingStyle":"Linear","EasingDirection":"In"},"Right Arm":{"Weight":1,"CFrame":[-0.38505303859710696,-0.2567662000656128,0.11044514179229737,0.3333609104156494,-0.9426249861717224,0.018126249313354493,0.8400274515151978,0.3056963384151459,0.4482228457927704,-0.4280471205711365,-0.134193554520607,0.8937380313873291],"EasingStyle":"Linear","EasingDirection":"In"},"Left Arm":{"Weight":1,"CFrame":[0.05829203128814697,-0.13942435383796693,0.04002225399017334,0.9753267765045166,-0.20553529262542725,-0.08057893067598343,0.2112252116203308,0.7626514434814453,0.6113482117652893,-0.0642000138759613,-0.6132846474647522,0.7872486114501953],"EasingStyle":"Linear","EasingDirection":"In"},"Head":{"Weight":1,"CFrame":[6.332993507385254e-8,-2.9802322387695315e-8,-1.7881393432617188e-7,0.4214669167995453,0.9064093828201294,-0.02806556411087513,-0.8825272917747498,0.4028502106666565,-0.24260522425174714,-0.20859350264072419,0.12701867520809174,0.9697190523147583],"EasingStyle":"Linear","EasingDirection":"In"},"Torso":{"Weight":1,"CFrame":[0.17985332012176515,0.19243353605270387,-0.14567065238952638,0.9317574501037598,0.3335886597633362,0.143341064453125,-0.31545713543891909,0.939246416091919,-0.1352885514497757,-0.1797632873058319,0.0808381661772728,0.9803827404975891],"EasingStyle":"Linear","EasingDirection":"In"},"HumanoidRootPart":{"Weight":0,"CFrame":[0,0,0,1,0,0,0,1,0,0,0,1],"EasingStyle":"Linear","EasingDirection":"In"},"Right Leg":{"Weight":1,"CFrame":[0.42753928899765017,-0.07697010040283203,0.03155183792114258,0.6248831748962402,-0.7311127185821533,0.27385246753692629,0.7798312306404114,0.6012305617332459,-0.17431314289569856,-0.037205830216407779,0.3224841058254242,0.9458433985710144],"EasingStyle":"Linear","EasingDirection":"In"}}},{"Time":0.2666666805744171,"poses":{"Left Leg":{"Weight":1,"CFrame":[-0.48164522647857668,0.22406131029129029,0.1535276174545288,0.9471456408500671,-0.2102290391921997,0.24231986701488496,0.18204179406166078,0.9741697311401367,0.13361942768096925,-0.2641514241695404,-0.08244472742080689,0.960951030254364],"EasingStyle":"Linear","EasingDirection":"In"},"Right Arm":{"Weight":1,"CFrame":[-0.37886959314346316,-0.24277037382125855,0.11001551151275635,0.29641884565353396,-0.9550501108169556,-0.0038910354487597944,0.8491067290306091,0.26166778802871706,0.4588548541069031,-0.4372112452983856,-0.1393171101808548,0.8885027170181274],"EasingStyle":"Linear","EasingDirection":"In"},"Left Arm":{"Weight":1,"CFrame":[0.053754329681396487,-0.10703486204147339,0.012749552726745606,0.9705961346626282,-0.21473877131938935,-0.10876742750406265,0.2381763756275177,0.7912983894348145,0.5631331205368042,-0.03485905006527901,-0.5724806785583496,0.8191768527030945],"EasingStyle":"Linear","EasingDirection":"In"},"Head":{"Weight":1,"CFrame":[2.8405338525772096e-8,-3.166496753692627e-8,2.384185791015625e-7,0.4148145914077759,0.9079335331916809,-0.05987997353076935,-0.9000837206840515,0.3998037576675415,-0.17322324216365815,-0.1333349049091339,0.1257524937391281,0.9830605983734131],"EasingStyle":"Linear","EasingDirection":"In"},"Torso":{"Weight":1,"CFrame":[0.1764812022447586,0.15248408913612367,-0.08641529083251953,0.9355134963989258,0.32359272241592409,0.1417825073003769,-0.30576014518737795,0.9426414966583252,-0.13393175601959229,-0.17698940634727479,0.08194353431463242,0.9807956218719482],"EasingStyle":"Linear","EasingDirection":"In"},"HumanoidRootPart":{"Weight":0,"CFrame":[0,0,0,1,0,0,0,1,0,0,0,1],"EasingStyle":"Linear","EasingDirection":"In"},"Right Leg":{"Weight":1,"CFrame":[0.4157433807849884,-0.0738980770111084,0.035504937171936038,0.6693034768104553,-0.6946367025375366,0.26365283131599429,0.7409344911575317,0.6503876447677612,-0.16736748814582826,-0.055216915905475619,0.3073691129684448,0.94998699426651],"EasingStyle":"Linear","EasingDirection":"In"}}},{"Time":0.28333333134651186,"poses":{"Left Leg":{"Weight":1,"CFrame":[-0.4266412854194641,0.1652240753173828,0.14459514617919923,0.9501520395278931,-0.20476365089416505,0.23512321710586549,0.17854931950569154,0.9755614399909973,0.12806260585784913,-0.255599707365036,-0.0796978548169136,0.9634920954704285],"EasingStyle":"Linear","EasingDirection":"In"},"Right Arm":{"Weight":1,"CFrame":[-0.3723304569721222,-0.22796985507011414,0.10956120491027832,0.19026398658752442,-0.9793456196784973,-0.06842342019081116,0.8651723861694336,0.13432684540748597,0.4831491708755493,-0.4639788866043091,-0.15112410485744477,0.872860312461853],"EasingStyle":"Linear","EasingDirection":"In"},"Left Arm":{"Weight":1,"CFrame":[0.049023836851119998,-0.0934968888759613,-0.00014829635620117188,0.9683532118797302,-0.2208055704832077,-0.11634806543588638,0.24880822002887727,0.8173173666000366,0.5196986198425293,-0.01965903490781784,-0.5322003364562988,0.8463902473449707],"EasingStyle":"Linear","EasingDirection":"In"},"Head":{"Weight":1,"CFrame":[7.683411240577698e-8,6.705522537231445e-8,1.1920928955078126e-7,0.4045175611972809,0.909975528717041,-0.09115981310606003,-0.912734866142273,0.3954697847366333,-0.10256098210811615,-0.057277027517557147,0.12469245493412018,0.9905408024787903],"EasingStyle":"Linear","EasingDirection":"In"},"Torso":{"Weight":1,"CFrame":[0.16903668642044068,0.11216676235198975,-0.03818321228027344,0.9385169148445129,0.31723782420158389,0.13618436455726624,-0.3005080223083496,0.9448665380477905,-0.13008509576320649,-0.16994395852088929,0.08116256445646286,0.9821057319641113],"EasingStyle":"Linear","EasingDirection":"In"},"HumanoidRootPart":{"Weight":0,"CFrame":[0,0,0,1,0,0,0,1,0,0,0,1],"EasingStyle":"Linear","EasingDirection":"In"},"Right Leg":{"Weight":1,"CFrame":[0.39447712898254397,-0.06748712062835694,0.042682766914367679,0.730164647102356,-0.6326761245727539,0.2580321729183197,0.6774453520774841,0.7195422649383545,-0.15273067355155946,-0.08903589844703675,0.286321222782135,0.9539878368377686],"EasingStyle":"Linear","EasingDirection":"In"}}},{"Time":0.30000001192092898,"poses":{"Left Leg":{"Weight":1,"CFrame":[-0.36402627825737,0.11099916696548462,0.13498163223266602,0.9513404369354248,-0.20433282852172852,0.23065000772476197,0.18046920001506806,0.9761796593666077,0.12043295800685883,-0.24976429343223573,-0.07294755429029465,0.9655550122261047],"EasingStyle":"Linear","EasingDirection":"In"},"Right Arm":{"Weight":1,"CFrame":[-0.3656727969646454,-0.21290159225463868,0.10909879207611084,0.021794425323605539,-0.9844067692756653,-0.17455169558525086,0.8612370491027832,-0.07018201053142548,0.5033341646194458,-0.5077359080314636,-0.16130031645298005,0.8462779521942139],"EasingStyle":"Linear","EasingDirection":"In"},"Left Arm":{"Weight":1,"CFrame":[0.04452311992645264,-0.09950277209281922,-0.002268970012664795,0.9751850366592407,-0.20590998232364655,-0.08133401721715927,0.2190019190311432,0.8433719873428345,0.4906747341156006,-0.0324399508535862,-0.49631112813949587,0.8675385117530823],"EasingStyle":"Linear","EasingDirection":"In"},"Head":{"Weight":1,"CFrame":[8.754432201385498e-8,4.470348358154297e-8,1.1920928955078126e-7,0.3917236030101776,0.9125267863273621,-0.11767515540122986,-0.9200379848480225,0.3897523283958435,-0.04029005020856857,0.009098423644900322,0.12404816597700119,0.992234468460083],"EasingStyle":"Linear","EasingDirection":"In"},"Torso":{"Weight":1,"CFrame":[0.1587544083595276,0.07472753524780274,0.00027871131896972656,0.9408895373344421,0.3134883642196655,0.12826506793498994,-0.29878437519073489,0.9465343952178955,-0.12165751308202744,-0.15954551100730897,0.07614268362522125,0.9842497110366821],"EasingStyle":"Linear","EasingDirection":"In"},"HumanoidRootPart":{"Weight":0,"CFrame":[0,0,0,1,0,0,0,1,0,0,0,1],"EasingStyle":"Linear","EasingDirection":"In"},"Right Leg":{"Weight":1,"CFrame":[0.3660305142402649,-0.05964851379394531,0.05203521251678467,0.8019605875015259,-0.539883017539978,0.25570619106292727,0.5825123190879822,0.8016365170478821,-0.1343807429075241,-0.13243348896503449,0.25672006607055666,0.9573693871498108],"EasingStyle":"Linear","EasingDirection":"In"}}},{"Time":0.3166666626930237,"poses":{"Left Leg":{"Weight":1,"CFrame":[-0.2913656532764435,0.06283015012741089,0.1228553056716919,0.9511380791664124,-0.2082260102033615,0.22798751294612885,0.18671850860118867,0.9759624004364014,0.11239902675151825,-0.24591170251369477,-0.06433747708797455,0.9671546816825867],"EasingStyle":"Linear","EasingDirection":"In"},"Right Arm":{"Weight":1,"CFrame":[-0.35913360118865969,-0.19810086488723756,0.10864436626434326,-0.18890821933746339,-0.9304496049880981,-0.3139701187610626,0.8033437728881836,-0.3303082287311554,0.4955151677131653,-0.5647587776184082,-0.15861913561820985,0.8098688125610352],"EasingStyle":"Linear","EasingDirection":"In"},"Left Arm":{"Weight":1,"CFrame":[0.04039333760738373,-0.11533522605895996,-0.003862619400024414,0.98