{"Sequence":[{"Time":0,"poses":{"Left Leg":{"Weight":1,"CFrame":[-0.6041302680969238,0.0997806191444397,-0.12007778882980347,0.9096069931983948,-0.36896273493766787,-0.19100181758403779,0.4021385610103607,0.8973896503448486,0.18159370124340058,0.10440173000097275,-0.2419881522655487,0.9646461009979248],"EasingStyle":"Linear","EasingDirection":"In"},"Right Arm":{"Weight":1,"CFrame":[0.5932745933532715,-0.5252655744552612,-0.09467697143554688,-0.6504481434822083,-0.185198113322258,0.7366268038749695,0.7065251469612122,0.2084798663854599,0.6762828230857849,-0.27881813049316409,0.9603322148323059,-0.004758319351822138],"EasingStyle":"Linear","EasingDirection":"In"},"Head":{"Weight":1,"CFrame":[8.114147931337357e-8,-1.862645149230957e-9,0,0.9999896883964539,-0.0042839664965868,-0.0015592495910823346,0.004122129641473293,0.9957398772239685,-0.09211505204439163,0.0019472455605864525,0.09210766106843949,0.9957472085952759],"EasingStyle":"Linear","EasingDirection":"In"},"Right Leg":{"Weight":1,"CFrame":[-0.1261553019285202,0.4499666094779968,-0.009956538677215577,0.647531270980835,-0.16946883499622346,-0.7429558634757996,0.46701011061668398,0.8586681485176086,0.21116478741168977,0.6021668314933777,-0.48370370268821719,0.6351583003997803],"EasingStyle":"Linear","EasingDirection":"In"},"Torso":{"Weight":1,"CFrame":[0.39309096336364748,0.027871116995811464,-0.13335180282592774,0.9975454211235046,-0.019743507727980615,0.06718296557664871,0.017430730164051057,0.9992409348487854,0.03483889624476433,-0.06781981885433197,-0.03358232602477074,0.9971322417259216],"EasingStyle":"Linear","EasingDirection":"In"},"HumanoidRootPart":{"Weight":1,"CFrame":[0,0,0,1,0,0,0,1,0,0,0,1],"EasingStyle":"Linear","EasingDirection":"In"},"Left Arm":{"Weight":1,"CFrame":[-0.016207221895456315,0.2678787112236023,0.3936898708343506,0.43857142329216006,0.17744748294353486,-0.8810037970542908,0.10772741585969925,0.9628641605377197,0.2475629299879074,0.8922163844108582,-0.20348221063613892,0.40316876769065859],"EasingStyle":"Linear","EasingDirection":"In"}}},{"Time":0.03333333507180214,"poses":{"Left Leg":{"Weight":1,"CFrame":[-0.5275435447692871,0.09349656105041504,-0.09835958480834961,0.9406142830848694,-0.2867097556591034,-0.18177585303783418,0.3136947453022003,0.938761293888092,0.14255878329277039,0.1297711282968521,-0.19111500680446626,0.9729514718055725],"EasingStyle":"Linear","EasingDirection":"In"},"Right Arm":{"Weight":1,"CFrame":[0.5520164966583252,-0.5250771641731262,-0.07386928796768189,-0.5888030529022217,-0.19515079259872437,0.7843642234802246,0.7668110728263855,0.17195920646190644,0.6184099912643433,-0.2555617690086365,0.9655807614326477,0.048393573611974719],"EasingStyle":"Linear","EasingDirection":"In"},"Head":{"Weight":1,"CFrame":[1.5599653124809266e-7,-5.587935447692871e-9,2.384185791015625e-7,0.9999064207077026,-0.009092085063457489,-0.01022321730852127,0.008579171262681485,0.9987549781799316,-0.04914291948080063,0.010657300241291523,0.049050621688365939,0.99873948097229],"EasingStyle":"Linear","EasingDirection":"In"},"Right Leg":{"Weight":1,"CFrame":[-0.18236568570137025,0.27991050481796267,-0.02281951904296875,0.6588754653930664,-0.16372452676296235,-0.7342188954353333,0.4291340112686157,0.8834381699562073,0.18809841573238374,0.6178407669067383,-0.43901175260543826,0.652335524559021],"EasingStyle":"Linear","EasingDirection":"In"},"Torso":{"Weight":1,"CFrame":[0.3831867575645447,0.022003065794706346,-0.08164215087890625,0.9976984262466431,-0.017678534612059594,0.06546270847320557,0.01590573973953724,0.999495267868042,0.027503829449415208,-0.06591589003801346,-0.026399297639727594,0.9974759221076965],"EasingStyle":"Linear","EasingDirection":"In"},"HumanoidRootPart":{"Weight":1,"CFrame":[0,0,0,1,0,0,0,1,0,0,0,1],"EasingStyle":"Linear","EasingDirection":"In"},"Left Arm":{"Weight":1,"CFrame":[-0.008399691432714463,0.25546085834503176,0.39168429374694826,0.4434634745121002,0.1734677106142044,-0.8793459534645081,0.17406964302062989,0.9457437992095947,0.27435097098350527,0.8792268633842468,-0.2747320532798767,0.3892073929309845],"EasingStyle":"Linear","EasingDirection":"In"}}},{"Time":0.06666667014360428,"poses":{"Left Leg":{"Weight":1,"CFrame":[-0.4557969272136688,0.08697378635406494,-0.06778073310852051,0.9742594361305237,-0.16896937787532807,-0.1492246836423874,0.17988638579845429,0.9816758036613464,0.06287773698568344,0.13586582243442536,-0.08810272067785263,0.9868021011352539],"EasingStyle":"Linear","EasingDirection":"In"},"Right Arm":{"Weight":1,"CFrame":[0.45427656173706057,-0.5237562656402588,-0.029442012310028077,-0.4472326934337616,-0.2618531286716461,0.8552287220954895,0.8560801148414612,0.151624396443367,0.4941021203994751,-0.2590555250644684,0.9531227946281433,0.15635573863983155],"EasingStyle":"Linear","EasingDirection":"In"},"Head":{"Weight":1,"CFrame":[7.30069587007165e-8,1.3969838619232178e-9,2.384185791015625e-7,0.9994534850120544,-0.019244469702243806,-0.02687896601855755,0.020069990307092668,0.9993245005607605,0.030788155272603036,0.026268303394317628,-0.0313107892870903,0.9991644620895386],"EasingStyle":"Linear","EasingDirection":"In"},"Right Leg":{"Weight":1,"CFrame":[-0.3239770531654358,0.060894131660461429,-0.13070428371429444,0.7173773646354675,-0.20051181316375733,-0.6672066450119019,0.412282794713974,0.8941759467124939,0.17456291615962983,0.5615982413291931,-0.4003053605556488,0.7241291999816895],"EasingStyle":"Linear","EasingDirection":"In"},"Torso":{"Weight":1,"CFrame":[0.35337644815444949,0.006864801049232483,-0.05013728141784668,0.9980942010879517,-0.012405995279550553,0.06044901907444,0.011908642016351223,0.9998922944068909,0.008580993860960007,-0.06054895743727684,-0.007844774052500725,0.9981344938278198],"EasingStyle":"Linear","EasingDirection":"In"},"HumanoidRootPart":{"Weight":1,"CFrame":[0,0,0,1,0,0,0,1,0,0,0,1],"EasingStyle":"Linear","EasingDirection":"In"},"Left Arm":{"Weight":1,"CFrame":[-0.003398146480321884,0.216519296169281,0.3776435852050781,0.45327258110046389,0.16474071145057679,-0.8760163187980652,0.2002122700214386,0.9388454556465149,0.28015080094337466,0.8685960173606873,-0.30237385630607607,0.3925696611404419],"EasingStyle":"Linear","EasingDirection":"In"}}},{"Time":0.10000000149011612,"poses":{"Left Leg":{"Weight":1,"CFrame":[-0.3751993179321289,0.06971865892410279,-0.03579205274581909,0.9935346841812134,-0.04249889403581619,-0.10527458786964417,0.04110494628548622,0.9990365505218506,-0.01537644024938345,0.10582660883665085,0.010949709452688694,0.9943243861198425],"EasingStyle":"Linear","EasingDirection":"In"},"Right Arm":{"Weight":1,"CFrame":[0.3391059339046478,-0.5201717019081116,0.011610865592956543,-0.2635636031627655,-0.2979665994644165,0.9174694418907166,0.9040924310684204,0.25535541772842409,0.3426523804664612,-0.33637967705726626,0.9197878241539002,0.20208682119846345],"EasingStyle":"Linear","EasingDirection":"In"},"Head":{"Weight":1,"CFrame":[8.927599992603064e-8,1.0244548320770264e-8,1.1920928955078126e-7,0.9988646507263184,-0.030728379264473916,-0.03640374913811684,0.033343348652124408,0.996734082698822,0.07354949414730072,0.03402479365468025,-0.07467981427907944,0.9966269135475159],"EasingStyle":"Linear","EasingDirection":"In"},"Right Leg":{"Weight":1,"CFrame":[-0.27574771642684939,0.02212691307067871,-0.08826076984405518,0.7949804067611694,-0.1767660230398178,-0.5803101658821106,0.3090830147266388,0.9411535859107971,0.1367388516664505,0.5219904184341431,-0.2880687713623047,0.8028340935707092],"EasingStyle":"Linear","EasingDirection":"In"},"Torso":{"Weight":1,"CFrame":[0.30411314964294436,-0.013827770948410035,-0.0432286262512207,0.9986145496368408,-0.005353889893740416,0.052349697798490527,0.00626651756465435,0.9998310804367065,-0.01728471927344799,-0.052248306572437289,0.017588820308446885,0.9984793066978455],"EasingStyle":"Linear","EasingDirection":"In"},"HumanoidRootPart":{"Weight":1,"CFrame":[0,0,0,1,0,0,0,1,0,0,0,1],"EasingStyle":"Linear","EasingDirection":"In"},"Left Arm":{"Weight":1,"CFrame":[0.006562035530805588,0.15023106336593629,0.3353910446166992,0.4642249047756195,0.1575845330953598,-0.8715862035751343,0.17385664582252503,0.9486897587776184,0.2641245722770691,0.8684866428375244,-0.2741442918777466,0.4130082428455353],"EasingStyle":"Linear","EasingDirection":"In"}}},{"Time":0.13333334028720857,"poses":{"Left Leg":{"Weight":1,"CFrame":[-0.3524424433708191,0.07723432779312134,-0.019431889057159425,0.9975067377090454,0.01813475415110588,-0.0682019367814064,-0.020904770120978357,0.9989761114120483,-0.04012259468436241,0.06740445643663407,0.041448261588811877,0.9968644380569458],"EasingStyle":"Linear","EasingDirection":"In"},"Right Arm":{"Weight":1,"CFrame":[0.23888419568538667,-0.46706199645996096,0.030805230140686036,-0.08247200399637222,-0.2751283645629883,0.9578636288642883,0.8476090431213379,0.4861604869365692,0.21261949837207795,-0.5241730809211731,0.8294289112091065,0.19310660660266877],"EasingStyle":"Linear","EasingDirection":"In"},"Head":{"Weight":1,"CFrame":[8.07203832664527e-8,-2.0256265997886659e-8,0,0.9985940456390381,-0.04149671643972397,-0.032987579703330997,0.04302297160029411,0.9979684948921204,0.04698939993977547,0.030970660969614984,-0.04834255576133728,0.9983505606651306],"EasingStyle":"Linear","EasingDirection":"In"},"Right Leg":{"Weight":1,"CFrame":[-0.0861712172627449,0.054627418518066409,0.019100308418273927,0.8609121441841126,-0.11120231449604035,-0.496451735496521,0.18706515431404115,0.9766517877578735,0.10563116520643234,0.47311416268348696,-0.18380799889564515,0.8616135120391846],"EasingStyle":"Linear","EasingDirection":"In"},"Torso":{"Weight":1,"CFrame":[0.23699116706848145,-0.03633170574903488,-0.05666828155517578,0.999138593673706,0.0020534577779471876,0.04144984483718872,-0.0001690545614110306,0.9989681839942932,-0.045414652675390246,-0.041500337421894076,0.04536851868033409,0.99810791015625],"EasingStyle":"Linear","EasingDirection":"In"},"HumanoidRootPart":{"Weight":1,"CFrame":[0,0,0,1,0,0,0,1,0,0,0,1],"EasingStyle":"Linear","EasingDirection":"In"},"Left Arm":{"Weight":1,"CFrame":[0.019360776990652086,0.06261026859283447,0.26947057247161868,0.46895042061805727,0.14732809364795686,-0.8708502054214478,0.10132411122322083,0.9705060124397278,0.2187502235174179,0.877393364906311,-0.19082105159759522,0.44019123911857607],"EasingStyle":"Linear","EasingDirection":"In"}}},{"Time":0.1666666716337204,"poses":{"Left Leg":{"Weight":1,"CFrame":[-0.4342873692512512,0.14647579193115235,-0.013877689838409424,0.9991472959518433,-0.015208814293146134,-0.03838608041405678,0.014596368186175824,0.9997625350952148,-0.0161847285926342,0.03862307593226433,0.015610619448125363,0.9991319179534912],"EasingStyle":"Linear","EasingDirection":"In"},"Right Arm":{"Weight":1,"CFrame":[0.1593039631843567,-0.3496372103691101,0.043692708015441897,0.09491429477930069,-0.24208663403987885,0.9656010866165161,0.676700234413147,0.7270991206169128,0.11577492207288742,-0.7301151752471924,0.6424337029457092,0.2328321933746338],"EasingStyle":"Linear","EasingDirection":"In"},"Head":{"Weight":1,"CFrame":[9.720679372549057e-8,1.6763806343078614e-8,-2.384185791015625e-7,0.9985176920890808,-0.04965709522366524,-0.02228808030486107,0.04941609874367714,0.9987150430679321,-0.011236676014959813,0.022817423567175866,0.010118628852069378,0.9996885061264038],"EasingStyle":"Linear","EasingDirection":"In"},"Right Leg":{"Weight":1,"CFrame":[0.12371472269296646,0.14781290292739869,0.0974884033203125,0.9030463099479675,-0.036551494151353839,-0.42798513174057009,0.08445220440626145,0.992033839225769,0.09347042441368103,0.4211593270301819,-0.12055247277021408,0.8989394903182983],"EasingStyle":"Linear","EasingDirection":"In"},"Torso":{"Weight":1,"CFrame":[0.15504610538482667,-0.05690748989582062,-0.10753250122070313,0.9995673298835754,0.008473658002912999,0.028169743716716768,-0.006450970191508532,0.9974458813667297,-0.07113436609506607,-0.0287005677819252,0.07092186063528061,0.9970688819885254],"EasingStyle":"Linear","EasingDirection":"In"},"HumanoidRootPart":{"Weight":1,"CFrame":[0,0,0,1,0,0,0,1,0,0,0,1],"EasingStyle":"Linear","EasingDirection":"In"},"Left Arm":{"Weight":1,"CFrame":[0.03040696680545807,-0.038620054721832278,0.19892823696136475,0.4595588445663452,0.1489967405796051,-0.8755602240562439,-0.007934942841529847,0.9864771366119385,0.1637069284915924,0.8881118893623352,-0.06828539073467255,0.4545266032218933],"EasingStyle":"Linear","EasingDirection":"In"}}},{"Time":0.20000000298023225,"poses":{"Left Leg":{"Weight":1,"CFrame":[-0.5271420478820801,0.24361354112625123,-0.004330813884735107,0.9977529048919678,-0.06692418456077576,-0.003215100849047303,0.06695564836263657,0.997695803642273,0.010953526943922043,0.002474598353728652,-0.011144163087010384,0.9999349117279053],"EasingStyle":"Linear","EasingDirection":"In"},"Right Arm":{"Weight":1,"CFrame":[0.09938635677099228,-0.2154712975025177,0.07433485984802246,0.23927395045757295,-0.21151763200759889,0.9476329684257507,0.4566802382469177,0.8858060240745544,0.08240722864866257,-0.8568496108055115,0.41304731369018557,0.30854618549346926],"EasingStyle":"Linear","EasingDirection":"In"},"Head":{"Weight":1,"CFrame":[8.312053978443146e-8,6.030313670635224e-8,0,0.9985218048095703,-0.054064083844423297,-0.005590653512626886,0.05354906618595123,0.9961650371551514,-0.06919360905885697,0.009310103952884674,0.068791963160038,0.9975875616073608],"EasingStyle":"Linear","EasingDirection":"In"},"Right Leg":{"Weight":1,"CFrame":[0.2789640426635742,0.25424885749816897,0.13815367221832276,0.9233226180076599,0.024988796561956407,-0.38321125507354739,0.004245647694915533,0.997155487537384,0.07525304704904556,0.384001761674881,-0.07110990583896637,0.9205901622772217],"EasingStyle":"Linear","EasingDirection":"In"},"Torso":{"Weight":1,"CFrame":[0.06276295334100723,-0.07186606526374817,-0.19421958923339845,0.9998341202735901,0.012713875621557236,0.013051551766693592,-0.01149108074605465,0.9958906769752502,-0.08983258157968521,-0.014140039682388306,0.08966770023107529,0.995871365070343],"EasingStyle":"Linear","EasingDirection":"In"},"HumanoidRootPart":{"Weight":1,"CFrame":[0,0,0,1,0,0,0,1,0,0,0,1],"EasingStyle":"Linear","EasingDirection":"In"},"Left Arm":{"Weight":1,"CFrame":[0.035109300166368487,-0.14573654532432557,0.14281046390533448,0.4226028025150299,0.1759018898010254,-0.8890812397003174,-0.14321546256542207,0.9816206097602844,0.1261364221572876,0.8949280381202698,0.07402460277080536,0.4400274157524109],"EasingStyle":"Linear","EasingDirection":"In"}}},{"Time":0.23333333432674409,"poses":{"Left Leg":{"Weight":1,"CFrame":[-0.5368115305900574,0.2887257933616638,0.008979320526123047,0.9960867762565613,-0.08036572486162186,0.036777693778276446,0.07889331132173538,0.9960852861404419,0.03987452760338783,-0.039838287979364398,-0.036816924810409549,0.9985276460647583],"EasingStyle":"Linear","EasingDirection":"In"},"Right Arm":{"Weight":1,"CFrame":[0.058152422308921817,-0.11213880777359009,0.14679276943206788,0.33772262930870058,-0.22611352801322938,0.913682758808136,0.3148864805698395,0.9419261813163757,0.11671217530965805,-0.8870118856430054,0.24828991293907166,0.389309823513031],"EasingStyle":"Linear","EasingDirection":"In"},"Head":{"Weight":1,"CFrame":[8.614733815193176e-8,-9.89530235528946e-9,1.1920928955078126e-7,0.9983918070793152,-0.05457014590501785,0.015359951183199883,0.05578739196062088,0.9939081072807312,-0.09505034983158112,-0.010079470463097096,0.09575442224740982,0.9953539371490479],"EasingStyle":"Linear","EasingDirection":"In"},"Right Leg":{"Weight":1,"CFrame":[0.33168894052505495,0.29684072732925417,0.15193212032318116,0.9310116171836853,0.04496262967586517,-0.3622095286846161,-0.030165495350956918,0.9984670877456665,0.04640774428844452,0.3637409210205078,-0.03227994218468666,0.9309407472610474],"EasingStyle":"Linear","EasingDirection":"In"},"Torso":{"Weight":1,"CFrame":[-0.034327007830142978,-0.07758884131908417,-0.23369574546813966,0.999899685382843,0.013772270642220974,-0.0033143959008157255,-0.014028840698301793,0.9951868653297424,-0.0969860851764679,0.0019627248402684929,0.09702285379171372,0.9952802062034607],"EasingStyle":"Linear","EasingDirection":"In"},"HumanoidRootPart":{"Weight":1,"CFrame":[0,0,0,1,0,0,0,1,0,0,0,1],"EasingStyle":"Linear","EasingDirection":"In"},"Left Arm":{"Weight":1,"CFrame":[-0.01349963154643774,-0.2520170211791992,0.11116743087768555,0.31609344482421877,0.23321649432182313,-0.9196168184280396,-0.29217246174812319,0.946134626865387,0.13951502740383149,0.9026185870170593,0.22458693385124207,0.367206335067749],"EasingStyle":"Linear","EasingDirection":"In"}}},{"Time":0.2666666805744171,"poses":{"Left Leg":{"Weight":1,"CFrame":[-0.357460081577301,0.1995212435722351,0.013644099235534668,0.9969620704650879,0.0253010131418705,0.0736650750041008,-0.031092682853341104,0.9964239001274109,0.07856722176074982,-0.07141383737325669,-0.08061899244785309,0.9941834211349487],"EasingStyle":"Linear","EasingDirection":"In"},"Right Arm":{"Weight":1,"CFrame":[0.033173318952322009,-0.07046869397163391,0.276477575302124,0.4090876579284668,-0.2708275318145752,0.8713781833648682,0.2757023572921753,0.9469941854476929,0.16489459574222566,-0.8698479533195496,0.17278459668159486,0.46207141876220705],"EasingStyle":"Linear","EasingDirection":"In"},"Head":{"Weight":1,"CFrame":[6.344635039567948e-8,-2.3283064365386965e-10,-3.5762786865234377e-7,0.9981957674026489,-0.04616808891296387,0.03838936239480972,0.04853534698486328,0.9968194365501404,-0.0632084533572197,-0.0353490486741066,0.0649576410651207,0.9972618222236633],"EasingStyle":"Linear","EasingDirection":"In"},"Right Leg":{"Weight":1,"CFrame":[0.22452659904956819,0.18455219268798829,0.10645091533660889,0.9419282078742981,-0.020580178126692773,-0.3351830244064331,0.03034033253788948,0.9992537498474121,0.023908205330371858,0.33444082736968996,-0.032689400017261508,0.9418497085571289],"EasingStyle":"Linear","EasingDirection":"In"},"Torso":{"Weight":1,"CFrame":[-0.13022169470787049,-0.07070505619049072,-0.12259507179260254,0.9997684359550476,0.007515519391745329,-0.020163673907518388,-0.009270023554563523,0.9960435628890991,-0.088381327688694,0.01941966824233532,0.08854778110980988,0.9958826303482056],"EasingStyle":"Linear","EasingDirection":"In"},"HumanoidRootPart":{"Weight":1,"CFrame":[0,0,0,1,0,0,0,1,0,0,0,1],"EasingStyle":"Linear","EasingDirection":"In"},"Left Arm":{"Weight":1,"CFrame":[-0.1336042433977127,-0.35474300384521487,0.07806396484375,0.11152838170528412,0.3071316182613373,-0.9451093673706055,-0.45340561866760256,0.8620123267173767,0.22662316262722016,0.8842990398406982,0.4032430350780487,0.23539404571056367],"EasingStyle":"Linear","EasingDirection":"In"}}},{"Time":0.30000001192092898,"poses":{"Left Leg":{"Weight":1,"CFrame":[-0.13395626842975617,0.13475078344345094,0.004965066909790039,0.9802587032318115,0.1620384156703949,0.11329818516969681,-0.17666135728359223,0.9751272797584534,0.13385705649852754,-0.08879019320011139,-0.15122994780540467,0.9845028519630432],"EasingStyle":"Linear","EasingDirection":"In"},"Right Arm":{"Weight":1,"CFrame":[0.01622159779071808,-0.0641007125377655,0.3554694652557373,0.4564038813114166,-0.3220457434654236,0.8294469118118286,0.26781564950942995,0.9386926889419556,0.2170962691307068,-0.8485106825828552,0.12305515259504318,0.514671802520752],"EasingStyle":"Linear","EasingDirection":"In"},"Head":{"Weight":1,"CFrame":[6.158370524644852e-8,-3.294553607702255e-8,-2.980232238769531e-7,0.9977052807807922,-0.02837253361940384,0.061475127935409549,0.028725268319249154,0.9995756149291992,-0.004861671943217516,-0.06131107732653618,0.006616393569856882,0.9980968236923218],"EasingStyle":"Linear","EasingDirection":"In"},"Right Leg":{"Weight":1,"CFrame":[0.14303724467754365,0.11091172695159912,0.05910789966583252,0.9588083028793335,-0.06001142039895058,-0.27764251828193667,0.0696462094783783,0.9972593784332275,0.024961739778518678,0.2753836214542389,-0.043270293623209,0.9603601694107056],"EasingStyle":"Linear","EasingDirection":"In"},"Torso":{"Weight":1,"CFrame":[-0.2194315493106842,-0.053193122148513797,-0.050240516662597659,0.9992974400520325,-0.00706009054556489,-0.03680989146232605,0.004600082524120808,0.9977763891220093,-0.06649142503738404,0.037197478115558627,0.06627538055181503,0.9971078038215637],"EasingStyle":"Linear","EasingDirection":"In"},"HumanoidRootPart":{"Weight":1,"CFrame":[0,0,0,1,0,0,0,1,0,0,0,1],"EasingStyle":"Linear","EasingDirection":"In"},"Left Arm":{"Weight":1,"CFrame":[-0.28662142157554629,-0.45219480991363528,0.008568167686462403,-0.17813082039356233,0.3644857704639435,-0.9140129089355469,-0.6048819422721863,0.6920861005783081,0.3938715159893036,0.7761362195014954,0.6230305433273315,0.09718891978263855],"EasingStyle":"Linear","EasingDirection":"In"}}},{"Time":0.3333333432674408,"poses":{"Left Leg":{"Weight":1,"CFrame":[0.08304621279239655,0.09604549407958985,-0.01636958122253418,0.9403805732727051,0.29195553064346316,0.17448903620243073,-0.3229984939098358,0.9272956252098084,0.18919503688812257,-0.10656638443470001,-0.23427504301071168,0.9663119912147522],"EasingStyle":"Linear","EasingDirection":"In"},"Right Arm":{"Weight":1,"CFrame":[-0.0004417300224304199,-0.061409711837768558,0.34612035751342776,0.48642459511756899,-0.39564594626426699,0.7790093421936035,0.26505669951438906,0.9164021015167236,0.2999201714992523,-0.8325480222702026,0.06059303879737854,0.5506290793418884],"EasingStyle":"Linear","EasingDirection":"In"},"Head":{"Weight":1,"CFrame":[9.569339454174042e-8,0,0,0.9966160655021668,-0.007084003183990717,0.08189240843057633,0.004975579213351011,0.9996516108512878,0.02592179737985134,-0.0820474922657013,-0.025426611304283143,0.9963040947914124],"EasingStyle":"Linear","EasingDirection":"In"},"Right Leg":{"Weight":1,"CFrame":[0.2009558379650116,0.10541129112243653,0.046663522720336917,0.9804875254631043,-0.011385347694158554,-0.19625119864940644,0.018741600215435029,0.9991879463195801,0.03566780686378479,0.19568578898906709,-0.03864997625350952,0.9799047708511353],"EasingStyle":"Linear","EasingDirection":"In"},"Torso":{"Weight":1,"CFrame":[-0.2977139353752136,-0.029435276985168458,-0.039079904556274417,0.9982587695121765,-0.026256214827299119,-0.052820414304733279,0.024329539388418199,0.9990266561508179,-0.03679412603378296,0.053735069930553439,0.0354449562728405,0.9979260563850403],"EasingStyle":"Linear","EasingDirection":"In"},"HumanoidRootPart":{"Weight":1,"CFrame":[0,0,0,1,0,0,0,1,0,0,0,1],"EasingStyle":"Linear","EasingDirection":"In"},"Left Arm":{"Weight":1,"CFrame":[-0.4352281391620636,-0.5421466827392578,-0.11482548713684082,-0.4880509674549103,0.3479542136192322,-0.8004589080810547,-0.680443286895752,0.4226815402507782,0.5986126065254211,0.5466289520263672,0.8368203639984131,0.030472831800580026],"EasingStyle":"Linear","EasingDirection":"In"}}},{"Time":0.36666667461395266,"poses":{"Left Leg":{"Weight":1,"CFrame":[0.13027915358543397,0.11212372779846192,-0.030451297760009767,0.9107677340507507,0.31352028250694277,0.26871421933174136,-0.3750821650028229,0.9002925753593445,0.22087717056274415,-0.17267191410064698,-0.3019576966762543,0.9375532269477844],"EasingStyle":"Linear","EasingDirection":"In"},"Right Arm":{"Weight":1,"CFrame":[-0.016801893711090089,-0.057093143463134769,0.3238266706466675,0.516503095626831,-0.47446247935295107,0.7128183841705322,0.2628194987773895,0.8801140785217285,0.39537984132766726,-0.814954400062561,-0.016872413456439973,0.5792796611785889],"EasingStyle":"Linear","EasingDirection":"In"},"Head":{"Weight":1,"CFrame":[9.333598427474499e-8,9.313225746154786e-10,-5.960464477539063e-8,0.9953307509422302,0.013497231528162957,0.09557493031024933,-0.014389433898031712,0.9998591542243958,0.008651979267597199,-0.09544466435909271,-0.009986850433051587,0.9953846335411072],"EasingStyle":"Linear","EasingDirection":"In"},"Right Leg":{"Weight":1,"CFrame":[0.32746952772140505,0.11937052011489868,0.024370789527893068,0.9873695373535156,0.12793231010437013,-0.09346000105142594,-0.11970065534114838,0.9888176918029785,0.08894664794206619,0.10379410535097122,-0.07663603127002716,0.9916419982910156],"EasingStyle":"Linear","EasingDirection":"In"},"Torso":{"Weight":1,"CFrame":[-0.36192065477371218,-0.0037568574771285059,-0.047658443450927737,0.9966299533843994,-0.04658062383532524,-0.06752051413059235,0.04636919125914574,0.9989133477210999,-0.00469609210267663,0.06766588240861893,0.0015493943355977536,0.9977068305015564],"EasingStyle":"Linear","EasingDirection":"In"},"HumanoidRootPart":{"Weight":1,"CFrame":[0,0,0,1,0,0,0,1,0,0,0,1],"EasingStyle":"Linear","EasingDirection":"In"},"Left Arm":{"Weight":1,"CFrame":[-0.5471419095993042,-0.6203405857086182,-0.23991912603378297,-0.6894975304603577,0.25730496644973757,-0.677043080329895,-0.6548646688461304,0.17788147926330567,0.7345138192176819,0.30942755937576296,0.9498170614242554,0.04585101455450058],"EasingStyle":"Linear","EasingDirection":"In"}}},{"Time":0.4000000059604645,"poses":{"Left Leg":{"Weight":1,"CFrame":[0.1896025836467743,0.11042457818984986,-0.05069249868392944,0.8581380248069763,0.3375118672847748,0.38689109683036806,-0.44043242931365969,0.8711928129196167,0.2168927639722824,-0.2638527750968933,-0.3565232753753662,0.8962548971176148],"EasingStyle":"Linear","EasingDirection":"In"},"Right Arm":{"Weight":1,"CFrame":[-0.030905796214938165,-0.052428096532821658,0.2972177267074585,0.5424947142601013,-0.5414462685585022,0.6422891616821289,0.2626117169857025,0.8355628252029419,0.48256590962409975,-0.7979564666748047,-0.09311698377132416,0.5954785943031311],"EasingStyle":"Linear","EasingDirection":"In"},"Head":{"Weight":1,"CFrame":[1.026783138513565e-7,-1.4901161193847657e-8,5.960464477539063e-7,0.9942623972892761,0.030754638835787774,0.10245300829410553,-0.028007538989186288,0.9992114901542664,-0.028145145624876024,-0.1032378301024437,0.025114206597208978,0.9943395853042603],"EasingStyle":"Linear","EasingDirection":"In"},"Right Leg":{"Weight":1,"CFrame":[0.4621093273162842,0.1058235764503479,-0.014409542083740235,0.948904275894165,0.3154510259628296,0.008442902937531472,-0.31290337443351748,0.9371001124382019,0.15470942854881288,0.040891461074352267,-0.1494462937116623,0.9879239797592163],"EasingStyle":"Linear","EasingDirection":"In"},"Torso":{"Weight":1,"CFrame":[-0.4098058342933655,0.01960686221718788,-0.08217310905456543,0.994700014591217,-0.06477838009595871,-0.0798490047454834,0.06692534685134888,0.9974569082260132,0.024508558213710786,0.07805832475423813,-0.029722582548856736,0.996505618095398],"EasingStyle":"Linear","EasingDirection":"In"},"HumanoidRootPart":{"Weight":1,"CFrame":[0,0,0,1,0,0,0,1,0,0,0,1],"EasingStyle":"Linear","EasingDirection":"In"},"Left Arm":{"Weight":1,"CFrame":[-0.5913405418395996,-0.6820085644721985,-0.2970889210700989,-0.7458942532539368,0.18747597932815553,-0.6391357779502869,-0.6377534866333008,0.07576523721218109,0.766505241394043,0.1921256184577942,0.9793428778648377,0.06305056810379029],"EasingStyle":"Linear","EasingDirection":"In"}}},{"Time":0.4333333373069763,"poses":{"Left Leg":{"Weight":1,"CFrame":[0.1082243025302887,0.19246792793273927,-0.01631450653076172,0.821726381778717,0.28138142824172976,0.495570570230484,-0.4179154932498932,0.8887494206428528,0.18833757936954499,-0.3874433636665344,-0.3618685305118561,0.8479026556015015],"EasingStyle":"Linear","EasingDirection":"In"},"Right Arm":{"Weight":1,"CFrame":[-0.04080047458410263,-0.04869276285171509,0.27492380142211916,0.5607272386550903,-0.5856664180755615,0.5853033065795898,0.26379820704460146,0.7964127063751221,0.5441851019859314,-0.7848538160324097,-0.15073761343955995,0.6010679602622986],"EasingStyle":"Linear","EasingDirection":"In"},"Head":{"Weight":1,"CFrame":[8.568167686462403e-8,2.60770320892334e-8,-2.980232238769531e-7,0.9936026930809021,0.0426366925239563,0.10457479953765869,-0.03599356859922409,0.9972612261772156,-0.06461036950349808,-0.10704317688941956,0.06043301150202751,0.9924160838127136],"EasingStyle":"Linear","EasingDirection":"In"},"Right Leg":{"Weight":1,"CFrame":[0.6108700633049011,0.0847288966178894,-0.05283677577972412,0.8828416466712952,0.4635409414768219,0.07563334703445435,-0.46937939524650576,0.8651078939437866,0.17683711647987367,0.016540328040719034,-0.19161994755268098,0.9813298583030701],"EasingStyle":"Linear","EasingDirection":"In"},"Torso":{"Weight":1,"CFrame":[-0.4398040771484375,0.03655724972486496,-0.1621720790863037,0.9930402636528015,-0.0778283029794693,-0.08839571475982666,0.08209475874900818,0.9955763816833496,0.04569654539227486,0.0844481959939003,-0.05263533070683479,0.9950367212295532],"EasingStyle":"Linear","EasingDirection":"In"},"HumanoidRootPart":{"Weight":1,"CFrame":[0,0,0,1,0,0,0,1,0,0,0,1],"EasingStyle":"Linear","EasingDirection":"In"},"Left Arm":{"Weight":1,"CFrame":[-0.5903406143188477,-0.7238734364509583,-0.28366518020629885,-0.729210615158081,0.17032258212566377,-0.6627535223960877,-0.6649014949798584,0.05255402252078056,0.7450798749923706,0.16173435747623444,0.983985960483551,0.07492469996213913],"EasingStyle":"Linear","EasingDirection":"In"}}},{"Time":0.46666666865348818,"poses":{"Left Leg":{"Weight":1,"CFrame":[0.04972054809331894,0.2776569724082947,0.025301814079284669,0.795945405960083,0.23626290261745454,0.5573604106903076,-0.3818475902080536,0.9103763103485107,0.15939706563949586,-0.46974819898605349,-0.3396981358528137,0.8148263096809387],"EasingStyle":"Linear","EasingDirection":"In"},"Right Arm":{"Weight":1,"CFrame":[-0.04453270882368088,-0.04716360569000244,0.2655748128890991,0.5681890845298767,-0.6011623740196228,0.5619296431541443,0.2645932137966156,0.7800703644752502,0.5669927000999451,-0.7791993618011475,-0.17347638309001923,0.6022909879684448],"EasingStyle":"Linear","EasingDirection":"In"},"Head":{"Weight":1,"CFrame":[3.4458935260772708e-8,-3.725290298461914e-9,-1.1920928955078126e-7,0.9933956861495972,0.04703432694077492,0.10465634614229202,-0.03861255198717117,0.9959585666656494,-0.08109121769666672,-0.10804745554924011,0.07651462405920029,0.9911969304084778],"EasingStyle":"Linear","EasingDirection":"In"},"Right Leg":{"Weight":1,"CFrame":[0.6984920501708984,0.08716905117034912,-0.07500505447387696,0.8503192663192749,0.5170719623565674,0.0979473739862442,-0.5262128114700317,0.8326998353004456,0.17236921191215516,0.007566576823592186,-0.19811007380485536,0.9801506400108337],"EasingStyle":"Linear","EasingDirection":"In"},"Torso":{"Weight":1,"CFrame":[-0.45088133215904238,0.04309796541929245,-0.21992039680480958,0.9923462271690369,-0.08283252269029618,-0.09158454835414887,0.08799783140420914,0.9946628212928772,0.05387243255972862,0.0866333618760109,-0.06151934713125229,0.9943389892578125],"EasingStyle":"Linear","EasingDirection":"In"},"HumanoidRootPart":{"Weight":1,"CFrame":[0,0,0,1,0,0,0,1,0,0,0,1],"EasingStyle":"Linear","EasingDirection":"In"},"Left Arm":{"Weight":1,"CFrame":[-0.5846185088157654,-0.7486145496368408,-0.2452806830406189,-0.7076939940452576,0.17792613804340363,-0.6837481260299683,-0.6930000185966492,0.013601135462522507,0.720809280872345,0.13755063712596894,0.9839498996734619,0.11367735266685486],"EasingStyle":"Linear","EasingDirection":"In"}}},{"Time":0.5,"poses":{"Left Leg":{"Weight":1,"CFrame":[0.0849044919013977,0.2368273138999939,0.011785387992858887,0.7898143529891968,0.24564982950687409,0.5620049238204956,-0.3912907838821411,0.9074130654335022,0.15327486395835877,-0.4723185896873474,-0.3409660756587982,0.8128082752227783],"EasingStyle":"Linear","EasingDirection":"In"},"Right Arm":{"Weight":1,"CFrame":[-0.04383007809519768,-0.05060425400733948,0.2736070156097412,0.570947527885437,-0.5839025974273682,0.5771278738975525,0.2599451243877411,0.7953734993934631,0.5475487112998962,-0.7787473797798157,-0.16260017454624177,0.6058992147445679],"EasingStyle":"Linear","EasingDirection":"In"},"Head":{"Weight":1,"CFrame":[9.406358003616333e-8,-1.862645149230957e-8,3.5762786865234377e-7,0.9934379458427429,0.0461391881108284,0.10465381294488907,-0.03871830552816391,0.9966626167297363,-0.0718652755022049,-0.10762033611536026,0.06734166294336319,0.991908848285675],"EasingStyle":"Linear","EasingDirection":"In"},"Right Leg":{"Weight":1,"CFrame":[0.6534867286682129,0.08207941055297852,-0.06940698623657227,0.8665124773979187,0.48952415585517886,0.09758207201957703,-0.4991428852081299,0.848382294178009,0.17636284232139588,0.003547049593180418,-0.20152799785137177,0.9794763922691345],"EasingStyle":"Linear","EasingDirection":"In"},"Torso":{"Weight":1,"CFrame":[-0.4411916136741638,0.040896281599998477,-0.18574285507202149,0.9923943281173706,-0.08281783014535904,-0.0910753458738327,0.0877128466963768,0.99483323097229,0.0511203333735466,0.08637110888957977,-0.05872000753879547,0.9945310354232788],"EasingStyle":"Linear","EasingDirection":"In"},"HumanoidRootPart":{"Weight":1,"CFrame":[0,0,0,1,0,0,0,1,0,0,0,1],"EasingStyle":"Linear","EasingDirection":"In"},"Left Arm":{"Weight":1,"CFrame":[-0.5700898170471191,-0.7604010701179504,-0.18476557731628419,-0.6827449798583984,0.20155951380729676,-0.7023056149482727,-0.7196635007858276,-0.019398638978600503,0.69405198097229,0.12626904249191285,0.9792841672897339,0.1582992523908615],"EasingStyle":"Linear","EasingDirection":"In"}}},{"Time":0.5333333611488342,"poses":{"Left Leg":{"Weight":1,"CFrame":[0.13455119729042054,0.17243683338165284,-0.01995992660522461,0.8091193437576294,0.2604225277900696,0.5267884731292725,-0.4006026089191437,0.9002988934516907,0.17023377120494843,-0.42993438243865969,-0.3487722873687744,0.8327751159667969],"EasingStyle":"Linear","EasingDirection":"In"},"Right Arm":{"Weight":1,"CFrame":[-0.03891190141439438,-0.061525166034698489,0.2927604913711548,0.5746818780899048,-0.5393927693367004,0.6154641509056091,0.252359539270401,0.8322062492370606,0.4937081038951874,-0.7784956097602844,-0.12840698659420014,0.6143746972084045],"EasingStyle":"Linear","EasingDirection":"In"},"Head":{"Weight":1,"CFrame":[5.029141902923584e-8,7.450580596923828e-9,0,0.9936594367027283,0.043878063559532168,0.10351735353469849,-0.03899332880973816,0.9980496168136597,-0.04874943941831589,-0.1054544746875763,0.04440384358167648,0.993432343006134],"EasingStyle":"Linear","EasingDirection":"In"},"Right Leg":{"Weight":1,"CFrame":[0.5610164999961853,0.080532968044281,-0.05897170305252075,0.8979268670082092,0.4295807182788849,0.0958523079752922,-0.4401383101940155,0.8775365352630615,0.19028401374816895,-0.0023715051356703045,-0.2130494862794876,0.977038562297821],"EasingStyle":"Linear","EasingDirection":"In"},"Torso":{"Weight":1,"CFrame":[-0.4104313850402832,0.034091077744960788,-0.12731313705444337,0.9926584959030151,-0.08217010647058487,-0.0887536033987999,0.08620430529117584,0.9953657984733582,0.042613815516233447,0.08484070748090744,-0.04995191469788551,0.9951416254043579],"EasingStyle":"Linear","EasingDirection":"In"},"HumanoidRootPart":{"Weight":1,"CFrame":[0,0,0,1,0,0,0,1,0,0,0,1],"EasingStyle":"Linear","EasingDirection":"In"},"Left Arm":{"Weight":1,"CFrame":[-0.5426706075668335,-0.763404130935669,-0.1049501895904541,-0.6559001803398132,0.2299000322818756,-0.7189860343933106,-0.7422401905059815,-0.023071782663464547,0.6697366833686829,0.13738425076007844,0.9729408025741577,0.18577386438846589],"EasingStyle":"Linear","EasingDirection":"In"}}},{"Time":0.5666666626930237,"poses":{"Left Leg":{"Weight":1,"CFrame":[0.23090337216854096,0.09782564640045166,-0.06741046905517578,0.8306841850280762,0.29965120553970339,0.46922585368156435,-0.4271032512187958,0.8836207985877991,0.19182629883289338,-0.35713669657707217,-0.3597549498081207,0.8619917631149292],"EasingStyle":"Linear","EasingDirection":"In"},"Right Arm":{"Weight":1,"CFrame":[-0.025562528520822526,-0.08082175254821778,0.3156212568283081,0.5765966773033142,-0.4756227731704712,0.6643186211585999,0.2519091069698334,0.8769695162773132,0.4092264771461487,-0.7772246599197388,-0.06861089169979096,0.6254713535308838],"EasingStyle":"Linear","EasingDirection":"In"},"Head":{"Weight":1,"CFrame":[9.313225746154785e-8,-3.725290298461914e-9,-5.960464477539063e-8,0.9941887855529785,0.040963247418403628,0.09955286234617233,-0.0393003486096859,0.9990542531013489,-0.018608514219522477,-0.10022095590829849,0.014587916433811188,0.9948582649230957],"EasingStyle":"Linear","EasingDirection":"In"},"Right Leg":{"Weight":1,"CFrame":[0.4591677486896515,0.0896117091178894,-0.049295902252197269,0.9295757412910461,0.3568074107170105,0.09261484444141388,-0.36854085326194765,0.9051039814949036,0.21204820275306703,-0.00816564355045557,-0.23124729096889497,0.9728607535362244],"EasingStyle":"Linear","EasingDirection":"In"},"Torso":{"Weight":1,"CFrame":[-0.36061930656433108,0.022367145866155626,-0.08005237579345703,0.9933007955551148,-0.07994003593921662,-0.08344564586877823,0.08252190053462982,0.996196985244751,0.027958907186985017,0.08089326322078705,-0.03465769812464714,0.996120035648346],"EasingStyle":"Linear","EasingDirection":"In"},"HumanoidRootPart":{"Weight":1,"CFrame":[0,0,0,1,0,0,0,1,0,0,0,1],"EasingStyle":"Linear","EasingDirection":"In"},"Left Arm":{"Weight":1,"CFrame":[-0.4983764886856079,-0.7171580791473389,-0.01237565279006958,-0.594142735004425,0.26198652386665347,-0.7604982256889343,-0.767608642578125,0.09784770756959915,0.6334057450294495,0.24035680294036866,0.960098385810852,0.14296752214431764],"EasingStyle":"Linear","EasingDirection":"In"}}},{"Time":0.6000000238418579,"poses":{"Left Leg":{"Weight":1,"CFrame":[0.20051029324531556,0.10262691974639893,-0.05358856916427612,0.8747257590293884,0.2601604461669922,0.4088660180568695,-0.3647421598434448,0.9089394211769104,0.20197132229804994,-0.3190895617008209,-0.3258001208305359,0.8899641633033752],"EasingStyle":"Linear","EasingDirection":"In"},"Right Arm":{"Weight":1,"CFrame":[0.00043362192809581757,-0.10939064621925354,0.3347747325897217,0.5756959319114685,-0.40252166986465456,0.7117236852645874,0.26913297176361086,0.9152156114578247,0.299913227558136,-0.7721021771430969,0.01888934336602688,0.6352177858352661],"EasingStyle":"Linear","EasingDirection":"In"},"Head":{"Weight":1,"CFrame":[7.491325959563255e-8,1.862645149230957e-9,-2.384185791015625e-7,0.9951070547103882,0.038206249475479129,0.09111728519201279,-0.03942713513970375,0.9991546869277954,0.011636218056082726,-0.09059568494558335,-0.015171777456998825,0.9957722425460815],"EasingStyle":"Linear","EasingDirection":"In"},"Right Leg":{"Weight":1,"CFrame":[0.41763490438461306,0.10483688116073609,-0.039275527000427249,0.9634325504302979,0.25869202613830569,0.06983043998479843,-0.26715126633644106,0.9474870562553406,0.17578008770942689,-0.02069045975804329,-0.18800759315490724,0.9819496870040894],"EasingStyle":"Linear","EasingDirection":"In"},"Torso":{"Weight":1,"CFrame":[-0.2941795885562897,0.005377891473472118,-0.05206418037414551,0.994425892829895,-0.07508331537246704,-0.07402465492486954,0.07578574120998383,0.9971014857292175,0.006722338497638702,0.07330534607172013,-0.01229487732052803,0.9972338676452637],"EasingStyle":"Linear","EasingDirection":"In"},"HumanoidRootPart":{"Weight":1,"CFrame":[0,0,0,1,0,0,0,1,0,0,0,1],"EasingStyle":"Linear","EasingDirection":"In"},"Left Arm":{"Weight":1,"CFrame":[-0.4336209297180176,-0.6025478839874268,0.07157206535339356,-0.46036258339881899,0.2864064574241638,-0.8402605652809143,-0.7571058869361877,0.36755555868148806,0.5400866866111755,0.46352681517601015,0.8848018050193787,0.04763114079833031],"EasingStyle":"Linear","EasingDirection":"In"}}},{"Time":0.6333333253860474,"poses":{"Left Leg":{"Weight":1,"CFrame":[0.18382211029529572,0.07052600383758545,-0.04037445783615112,0.8978352546691895,0.22964665293693543,0.37570521235466006,-0.2993634343147278,0.9440550804138184,0.13835307955741883,-0.3229140639305115,-0.23669061064720155,0.916353702545166],"EasingStyle":"Linear","EasingDirection":"In"},"Right Arm":{"Weight":1,"CFrame":[0.04329213872551918,-0.1481277048587799,0.34280693531036379,0.5726844668388367,-0.3334868848323822,0.748878538608551,0.314042329788208,0.9330741763114929,0.17535679042339326,-0.7572384476661682,0.13475534319877625,0.639086127281189],"EasingStyle":"Linear","EasingDirection":"In"},"Head":{"Weight":1,"CFrame":[7.776543498039246e-8,0,3.57627868