{"Sequence":[{"Time":0,"poses":{"Left Leg":{"Weight":1,"CFrame":[-0.39433687925338747,0.32504963874816897,0.18199491500854493,0.7912298440933228,-0.3370162546634674,0.5102698802947998,0.32286739349365237,0.9388755559921265,0.11945445090532303,-0.519338071346283,0.07023360580205918,0.8516778945922852],"EasingStyle":"Linear","EasingDirection":"Out"},"Right Arm":{"Weight":1,"CFrame":[-0.3227415978908539,-0.7234832644462586,-0.10752952098846436,0.38561683893203738,-0.8145805597305298,-0.4333106279373169,0.6519221663475037,-0.09178385883569718,0.7527105808258057,-0.6529144048690796,-0.5727427005767822,0.4956497848033905],"EasingStyle":"Linear","EasingDirection":"Out"},"Left Arm":{"Weight":1,"CFrame":[-0.02694268524646759,0.10545206069946289,0.042497873306274417,-0.752809464931488,0.3360949456691742,-0.5659666061401367,-0.5201788544654846,-0.830636203289032,0.19863899052143098,-0.4033507704734802,0.44394102692604067,0.8001402020454407],"EasingStyle":"Linear","EasingDirection":"Out"},"Head":{"Weight":1,"CFrame":[1.1920928955078126e-7,-1.4901161193847657e-8,0.016662240028381349,0.9481552243232727,-0.31553784012794497,-0.03791549801826477,0.2414587289094925,0.7927997708320618,-0.5596125721931458,0.20663829147815705,0.52144455909729,0.8278865814208984],"EasingStyle":"Linear","EasingDirection":"Out"},"Torso":{"Weight":1,"CFrame":[-0.30315911769866946,0.39429888129234316,-0.453582763671875,0.9299812316894531,-0.3552945554256439,-0.0943436250090599,0.366914302110672,0.9128872752189636,0.17891532182693482,0.022557467222213746,-0.20100390911102296,0.9793306589126587],"EasingStyle":"Linear","EasingDirection":"Out"},"HumanoidRootPart":{"Weight":1,"CFrame":[0,0,0,1,0,0,0,1,0,0,0,1],"EasingStyle":"Linear","EasingDirection":"In"},"Right Leg":{"Weight":1,"CFrame":[-0.10582513362169266,0.4825593829154968,0.15174126625061036,0.4088587462902069,0.3308960199356079,-0.8504953384399414,-0.2431866079568863,0.9377561807632446,0.2479388266801834,0.8795992136001587,0.10545710474252701,0.4638793170452118],"EasingStyle":"Linear","EasingDirection":"Out"}}},{"Time":0.016949152573943139,"poses":{"Left Leg":{"Weight":1,"CFrame":[-0.3335842788219452,0.30624836683273318,0.15245378017425538,0.79264897108078,-0.3160102963447571,0.5213876366615295,0.2879122793674469,0.9478389620780945,0.13677635788917542,-0.5374143123626709,0.04169825464487076,0.8422868847846985],"EasingStyle":"Linear","EasingDirection":"Out"},"Right Arm":{"Weight":1,"CFrame":[-0.3322368860244751,-0.7963687777519226,-0.10227227210998535,0.36708542704582217,-0.817862868309021,-0.4431123733520508,0.6488439440727234,-0.11620256304740906,0.7519963979721069,-0.6665207147598267,-0.5635576844215393,0.48800909519195559],"EasingStyle":"Linear","EasingDirection":"Out"},"Left Arm":{"Weight":1,"CFrame":[-0.04114174842834473,0.13016927242279054,0.046991944313049319,-0.7515828013420105,0.33344727754592898,-0.5691540241241455,-0.5296681523323059,-0.8193322420120239,0.2194231003522873,-0.3931601643562317,0.4663770794868469,0.792412281036377],"EasingStyle":"Linear","EasingDirection":"Out"},"Head":{"Weight":1,"CFrame":[-0.0022993572056293489,0.0029396414756774904,0.011871337890625,0.9519420266151428,-0.2988557517528534,-0.06701958924531937,0.20902366936206819,0.7938606142997742,-0.5710467100143433,0.22386477887630464,0.5295946598052979,0.8181772232055664],"EasingStyle":"Linear","EasingDirection":"Out"},"Torso":{"Weight":1,"CFrame":[-0.2837958335876465,0.39504170417785647,-0.3936581611633301,0.9363406300544739,-0.3430037200450897,-0.07493101805448532,0.35103270411491396,0.9185622930526733,0.1817122846841812,0.006500831339508295,-0.19644783437252046,0.9804927110671997],"EasingStyle":"Linear","EasingDirection":"Out"},"HumanoidRootPart":{"Weight":1,"CFrame":[0,0,0,1,0,0,0,1,0,0,0,1],"EasingStyle":"Linear","EasingDirection":"In"},"Right Leg":{"Weight":1,"CFrame":[-0.1356714814901352,0.4081405997276306,0.15272128582000733,0.42672452330589297,0.3132798969745636,-0.8483877182006836,-0.24723675847053529,0.9427617192268372,0.22377298772335053,0.8699311017990112,0.11426322907209397,0.4797539710998535],"EasingStyle":"Linear","EasingDirection":"Out"}}},{"Time":0.033898305147886279,"poses":{"Left Leg":{"Weight":1,"CFrame":[-0.2569044828414917,0.27449822425842287,0.10639655590057373,0.7985497713088989,-0.28627809882164,0.5294932723045349,0.2441617101430893,0.9580976963043213,0.14977918565273286,-0.5501848459243774,0.00967587623745203,0.8349868655204773],"EasingStyle":"Linear","EasingDirection":"Out"},"Right Arm":{"Weight":1,"CFrame":[-0.3420489430427551,-0.8638620972633362,-0.099262535572052,0.3153206408023834,-0.8179740309715271,-0.4811354875564575,0.6530079245567322,-0.1808599978685379,0.7354387640953064,-0.6885880827903748,-0.5460843443870544,0.4771147072315216],"EasingStyle":"Linear","EasingDirection":"Out"},"Left Arm":{"Weight":1,"CFrame":[-0.05796743556857109,0.16176068782806397,0.05093955993652344,-0.7448530793190002,0.33158984780311587,-0.5790009498596191,-0.5409042239189148,-0.8081626296043396,0.23301447927951814,-0.39066165685653689,0.486745685338974,0.7813208103179932],"EasingStyle":"Linear","EasingDirection":"Out"},"Head":{"Weight":1,"CFrame":[-0.003918467089533806,0.005009453743696213,0.008498191833496094,0.9594541192054749,-0.26578348875045779,-0.09384498000144959,0.16495469212532044,0.7994358539581299,-0.5776611566543579,0.2285557985305786,0.538759171962738,0.8108641505241394],"EasingStyle":"Linear","EasingDirection":"Out"},"Torso":{"Weight":1,"CFrame":[-0.2609415650367737,0.3902401924133301,-0.3216075897216797,0.9406704902648926,-0.33417919278144839,-0.05884917452931404,0.3392653167247772,0.9231101870536804,0.181015744805336,-0.006167421117424965,-0.19024166464805604,0.9817179441452026],"EasingStyle":"Linear","EasingDirection":"Out"},"HumanoidRootPart":{"Weight":1,"CFrame":[0,0,0,1,0,0,0,1,0,0,0,1],"EasingStyle":"Linear","EasingDirection":"In"},"Right Leg":{"Weight":1,"CFrame":[-0.17067855596542359,0.3313469886779785,0.13527941703796388,0.44329604506492617,0.295945942401886,-0.8461114168167114,-0.23834893107414246,0.9488610029220581,0.20700865983963014,0.8641055822372437,0.10990364104509354,0.49116480350494387],"EasingStyle":"Linear","EasingDirection":"Out"}}},{"Time":0.050847455859184268,"poses":{"Left Leg":{"Weight":1,"CFrame":[-0.17932499945163728,0.22915118932724,0.06834638118743897,0.799752414226532,-0.25915956497192385,0.5415093898773193,0.2100197672843933,0.9658024907112122,0.1520436704158783,-0.5623947381973267,-0.007869536057114602,0.8268315196037293],"EasingStyle":"Linear","EasingDirection":"Out"},"Right Arm":{"Weight":1,"CFrame":[-0.3523724675178528,-0.9215990304946899,-0.10001826286315918,0.2452031522989273,-0.8118805885314941,-0.5298352241516113,0.6592998504638672,-0.2610369622707367,0.7051122188568115,-0.7107735872268677,-0.5222160816192627,0.47126567363739016],"EasingStyle":"Linear","EasingDirection":"Out"},"Left Arm":{"Weight":1,"CFrame":[-0.07694043219089508,0.19742834568023683,0.05444157123565674,-0.7334311604499817,0.32975807785987856,-0.5944226384162903,-0.553395688533783,-0.7974682450294495,0.24041147530078889,-0.3947555422782898,0.5052761435508728,0.7673748135566711],"EasingStyle":"Linear","EasingDirection":"Out"},"Head":{"Weight":1,"CFrame":[-0.0049390047788619999,0.006313987076282501,0.006371498107910156,0.9690882563591003,-0.22028501331806184,-0.11109655350446701,0.11644774675369263,0.8053939342498779,-0.5811889171600342,0.21750368177890778,0.5502864122390747,0.8061494827270508],"EasingStyle":"Linear","EasingDirection":"Out"},"Torso":{"Weight":1,"CFrame":[-0.23922449350357057,0.38050752878189089,-0.2517509460449219,0.9454267621040344,-0.32186540961265566,-0.0507039949297905,0.32568734884262087,0.92880779504776,0.17675922811031342,-0.009798424318432808,-0.18362654745578767,0.9829472303390503],"EasingStyle":"Linear","EasingDirection":"Out"},"HumanoidRootPart":{"Weight":1,"CFrame":[0,0,0,1,0,0,0,1,0,0,0,1],"EasingStyle":"Linear","EasingDirection":"In"},"Right Leg":{"Weight":1,"CFrame":[-0.20420590043067933,0.2695268392562866,0.10697770118713379,0.464154452085495,0.2780143916606903,-0.8409926295280457,-0.2151939570903778,0.9564121961593628,0.19740137457847596,0.859216034412384,0.08935174345970154,0.5037500262260437],"EasingStyle":"Linear","EasingDirection":"Out"}}},{"Time":0.06779661029577255,"poses":{"Left Leg":{"Weight":1,"CFrame":[-0.1160818338394165,0.17916005849838258,0.06049084663391113,0.7898415327072144,-0.24411612749099732,0.5626345276832581,0.19898048043251038,0.9697459936141968,0.14141957461833955,-0.5801354646682739,0.0002542590955272317,0.814520001411438],"EasingStyle":"Linear","EasingDirection":"Out"},"Right Arm":{"Weight":1,"CFrame":[-0.36357882618904116,-0.9652434587478638,-0.10613858699798584,0.17244656383991242,-0.8019461631774902,-0.5719654560089111,0.6669460535049439,-0.33225059509277346,0.6669276356697083,-0.7248759865760803,-0.49647948145866396,0.4775594472885132],"EasingStyle":"Linear","EasingDirection":"Out"},"Left Arm":{"Weight":1,"CFrame":[-0.09757860004901886,0.23437708616256715,0.057597994804382327,-0.7180395126342773,0.3272896707057953,-0.6142481565475464,-0.5664865970611572,-0.787560760974884,0.24257181584835053,-0.4043664038181305,0.5221393704414368,0.7509048581123352],"EasingStyle":"Linear","EasingDirection":"Out"},"Head":{"Weight":1,"CFrame":[-0.00544239766895771,0.006957598030567169,0.005322575569152832,0.9786704778671265,-0.16844120621681214,-0.11760778725147248,0.06939323991537094,0.8098788857460022,-0.5824780464172363,0.19336138665676118,0.5618929862976074,0.8042933344841003],"EasingStyle":"Linear","EasingDirection":"Out"},"Torso":{"Weight":1,"CFrame":[-0.21785476803779603,0.36730659008026125,-0.19557857513427735,0.9523888230323792,-0.3010014295578003,-0.048514459282159808,0.30483320355415347,0.9371271729469299,0.1699097901582718,-0.005678871646523476,-0.17660900950431825,0.9842647314071655],"EasingStyle":"Linear","EasingDirection":"Out"},"HumanoidRootPart":{"Weight":1,"CFrame":[0,0,0,1,0,0,0,1,0,0,0,1],"EasingStyle":"Linear","EasingDirection":"In"},"Right Leg":{"Weight":1,"CFrame":[-0.23246189951896668,0.22802352905273438,0.0797957181930542,0.4928120970726013,0.25735142827033999,-0.8312079310417175,-0.18279734253883363,0.9645649194717407,0.1902620941400528,0.8507181406021118,0.058179065585136417,0.5223923325538635],"EasingStyle":"Linear","EasingDirection":"Out"}}},{"Time":0.08474576473236084,"poses":{"Left Leg":{"Weight":1,"CFrame":[-0.06305047869682312,0.1297118067741394,0.09325575828552246,0.7693684697151184,-0.23727191984653474,0.5931054949760437,0.20954613387584687,0.9708266854286194,0.11655890941619873,-0.603458821773529,0.03460625931620598,0.7966428995132446],"EasingStyle":"Linear","EasingDirection":"Out"},"Right Arm":{"Weight":1,"CFrame":[-0.37609368562698367,-0.9917980432510376,-0.1187393069267273,0.11038574576377869,-0.795857846736908,-0.595336377620697,0.6798404455184937,-0.3764841854572296,0.6293461322784424,-0.7250048518180847,-0.47420457005500796,0.49949777126312258],"EasingStyle":"Linear","EasingDirection":"Out"},"Left Arm":{"Weight":1,"CFrame":[-0.11939691007137299,0.2698114514350891,0.060506343841552737,-0.6994118094444275,0.32361045479774477,-0.6372591853141785,-0.5794228911399841,-0.778742790222168,0.24047648906707765,-0.4184403121471405,0.5374346375465393,0.7321692705154419],"EasingStyle":"Linear","EasingDirection":"Out"},"Head":{"Weight":1,"CFrame":[-0.005510409362614155,0.007044628262519836,0.005180954933166504,0.9864323735237122,-0.11392580717802048,-0.1182035356760025,0.024313537403941156,0.8134571313858032,-0.5811164379119873,0.1623576581478119,0.570358157157898,0.8051904439926148],"EasingStyle":"Linear","EasingDirection":"Out"},"Torso":{"Weight":1,"CFrame":[-0.1932048201560974,0.35231781005859377,-0.1537487506866455,0.9611276388168335,-0.272100567817688,-0.046849846839904788,0.27610406279563906,0.9474281668663025,0.16169844567775727,0.00038862513611093163,-0.1683482825756073,0.9857274889945984],"EasingStyle":"Linear","EasingDirection":"Out"},"HumanoidRootPart":{"Weight":1,"CFrame":[0,0,0,1,0,0,0,1,0,0,0,1],"EasingStyle":"Linear","EasingDirection":"In"},"Right Leg":{"Weight":1,"CFrame":[-0.26301801204681399,0.1997600793838501,0.05911374092102051,0.5281887650489807,0.2288569211959839,-0.8177047967910767,-0.14554210007190705,0.9731438755989075,0.17834925651550294,0.8365609049797058,0.024808287620544435,0.5473120212554932],"EasingStyle":"Linear","EasingDirection":"Out"}}},{"Time":0.10169491171836853,"poses":{"Left Leg":{"Weight":1,"CFrame":[-0.0316132977604866,0.08074957132339478,0.1486985683441162,0.7712782621383667,-0.22289614379405976,0.5961938500404358,0.2227332592010498,0.9719713926315308,0.07524283230304718,-0.5962547659873962,0.07475906610488892,0.7993068099021912],"EasingStyle":"Linear","EasingDirection":"Out"},"Right Arm":{"Weight":1,"CFrame":[-0.3897433578968048,-1.0033385753631592,-0.1367972493171692,0.06024964153766632,-0.7967816591262817,-0.6012561917304993,0.6993518471717835,-0.3960998058319092,0.5949889421463013,-0.71223384141922,-0.45633748173713686,0.5333658456802368],"EasingStyle":"Linear","EasingDirection":"Out"},"Left Arm":{"Weight":1,"CFrame":[-0.1419076919555664,0.30093425512313845,0.0632619857788086,-0.6783694624900818,0.31822600960731509,-0.6622288823127747,-0.5914098024368286,-0.771314263343811,0.23517872393131257,-0.435946524143219,0.5511864423751831,0.7114378809928894],"EasingStyle":"Linear","EasingDirection":"Out"},"Head":{"Weight":1,"CFrame":[-0.005224680528044701,0.006679367274045944,0.0057762861251831059,0.9917919039726257,-0.05737554654479027,-0.11426641792058945,-0.019262604415416719,0.8164216876029968,-0.5771348476409912,0.12640301883220673,0.5745987296104431,0.8086152076721191],"EasingStyle":"Linear","EasingDirection":"Out"},"Torso":{"Weight":1,"CFrame":[-0.1656818985939026,0.33645063638687136,-0.1242971420288086,0.9705678820610046,-0.23655089735984803,-0.045184485614299777,0.2407183200120926,0.9585525989532471,0.1524192988872528,0.007256788667291403,-0.15881000459194184,0.9872825145721436],"EasingStyle":"Linear","EasingDirection":"Out"},"HumanoidRootPart":{"Weight":1,"CFrame":[0,0,0,1,0,0,0,1,0,0,0,1],"EasingStyle":"Linear","EasingDirection":"In"},"Right Leg":{"Weight":1,"CFrame":[-0.24858081340789796,0.17295008897781373,0.09724581241607666,0.6039849519729614,0.20927700400352479,-0.7690287828445435,-0.134079247713089,0.9778380393981934,0.16079650819301606,0.7856366634368897,0.005992025136947632,0.6186591982841492],"EasingStyle":"Linear","EasingDirection":"Out"}}},{"Time":0.11864406615495682,"poses":{"Left Leg":{"Weight":1,"CFrame":[-0.026560604572296144,0.04382878541946411,0.1908876895904541,0.8166273236274719,-0.1909061074256897,0.5446786284446716,0.20963862538337708,0.9773706197738648,0.02825402468442917,-0.5377466678619385,0.09111268073320389,0.8381687998771668],"EasingStyle":"Linear","EasingDirection":"Out"},"Right Arm":{"Weight":1,"CFrame":[-0.40412476658821108,-1.0031706094741822,-0.15872281789779664,0.020491834729909898,-0.8042721152305603,-0.5939079523086548,0.724226176738739,-0.3975866436958313,0.563401460647583,-0.6892579793930054,-0.4416687488555908,0.5743275284767151],"EasingStyle":"Linear","EasingDirection":"Out"},"Left Arm":{"Weight":1,"CFrame":[-0.1646209955215454,0.32494837045669558,0.06595766544342041,-0.6558727025985718,0.31071633100509646,-0.6879581212997437,-0.6016643047332764,-0.7655658721923828,0.22783586382865907,-0.4558849036693573,0.5633509159088135,0.6890605688095093],"EasingStyle":"Linear","EasingDirection":"Out"},"Head":{"Weight":1,"CFrame":[-0.004666831344366074,0.005966160446405411,0.006937980651855469,0.9942358732223511,0.00018819747492671013,-0.10721492022275925,-0.06168336048722267,0.8189283013343811,-0.5705713033676148,0.08769398182630539,0.5738958120346069,0.8142194747924805],"EasingStyle":"Linear","EasingDirection":"Out"},"Torso":{"Weight":1,"CFrame":[-0.13566632568836213,0.3205939531326294,-0.10525298118591309,0.9796972870826721,-0.19582562148571015,-0.042960043996572497,0.20000897347927094,0.9693995118141174,0.14234113693237306,0.013771402649581433,-0.14804361760616303,0.9888849258422852],"EasingStyle":"Linear","EasingDirection":"Out"},"HumanoidRootPart":{"Weight":1,"CFrame":[0,0,0,1,0,0,0,1,0,0,0,1],"EasingStyle":"Linear","EasingDirection":"In"},"Right Leg":{"Weight":1,"CFrame":[-0.15045705437660218,0.1435745358467102,0.1987931728363037,0.7311733961105347,0.20964357256889344,-0.6491802930831909,-0.157764732837677,0.9777767658233643,0.13806837797164918,0.6636984944343567,0.001465796958655119,0.7479987144470215],"EasingStyle":"Linear","EasingDirection":"Out"}}},{"Time":0.1355932205915451,"poses":{"Left Leg":{"Weight":1,"CFrame":[-0.03191004693508148,0.028654932975769044,0.20826447010040284,0.8819488883018494,-0.14495402574539185,0.4485023617744446,0.1649954915046692,0.9862778782844544,-0.005691538564860821,-0.44152313470840456,0.07902052253484726,0.893763542175293],"EasingStyle":"Linear","EasingDirection":"Out"},"Right Arm":{"Weight":1,"CFrame":[-0.4187893569469452,-0.9945715665817261,-0.1829189658164978,-0.010339132510125637,-0.8164640665054321,-0.5773036479949951,0.7521072626113892,-0.3868100941181183,0.533584713935852,-0.6589595675468445,-0.4286775290966034,0.6180678606033325],"EasingStyle":"Linear","EasingDirection":"Out"},"Left Arm":{"Weight":1,"CFrame":[-0.18704389035701753,0.33905887603759768,0.06868326663970947,-0.6330419182777405,0.3007294535636902,-0.713316023349762,-0.6094589829444885,-0.7617636322975159,0.21971815824508668,-0.4773024618625641,0.5738275051116943,0.6655104756355286],"EasingStyle":"Linear","EasingDirection":"Out"},"Head":{"Weight":1,"CFrame":[-0.003918499685823917,0.005009394139051437,0.008497953414916993,0.9934762716293335,0.057432204484939578,-0.09852148592472077,-0.10315003246068955,0.8209736943244934,-0.5615711808204651,0.048631276935338977,0.5680701732635498,0.8215420246124268],"EasingStyle":"Linear","EasingDirection":"Out"},"Torso":{"Weight":1,"CFrame":[-0.10349971055984497,0.3056027293205261,-0.0946357250213623,0.9876632690429688,-0.15151052176952363,-0.039571117609739307,0.15546159446239472,0.9790244698524475,0.1316918283700943,0.018788393586874009,-0.13621897995471955,0.9905005693435669],"EasingStyle":"Linear","EasingDirection":"Out"},"HumanoidRootPart":{"Weight":1,"CFrame":[0,0,0,1,0,0,0,1,0,0,0,1],"EasingStyle":"Linear","EasingDirection":"In"},"Right Leg":{"Weight":1,"CFrame":[-0.0032319375313818456,0.11776447296142578,0.2895808219909668,0.8645339012145996,0.21154439449310304,-0.45588386058807375,-0.18151387572288514,0.9772980809211731,0.10927584767341614,0.46865114569664,-0.011723482050001622,0.883305549621582],"EasingStyle":"Linear","EasingDirection":"Out"}}},{"Time":0.1525423675775528,"poses":{"Left Leg":{"Weight":1,"CFrame":[-0.05693086236715317,0.03740072250366211,0.19813907146453858,0.9425308704376221,-0.10255881398916245,0.31798937916755679,0.10985580831766129,0.993934690952301,-0.005049747880548239,-0.3155428171157837,0.039692506194114688,0.948080837726593],"EasingStyle":"Linear","EasingDirection":"Out"},"Right Arm":{"Weight":1,"CFrame":[-0.433266282081604,-0.9808178544044495,-0.20780491828918458,-0.03396323323249817,-0.8308355808258057,-0.5554807782173157,0.7801893353462219,-0.36940616369247439,0.5048204064369202,-0.624620795249939,-0.41623473167419436,0.6607552170753479],"EasingStyle":"Linear","EasingDirection":"Out"},"Left Arm":{"Weight":1,"CFrame":[-0.20854198932647706,0.3412911295890808,0.0714716911315918,-0.6110462546348572,0.2882704436779022,-0.7372398972511292,-0.6143456101417542,-0.7600205540657044,0.2120099663734436,-0.49920129776000979,0.5824679136276245,0.6415053606033325],"EasingStyle":"Linear","EasingDirection":"Out"},"Head":{"Weight":1,"CFrame":[-0.0030613280832767488,0.003913595341145992,0.010283827781677246,0.9895533323287964,0.11284954845905304,-0.08971750736236572,-0.14369477331638337,0.8224032521247864,-0.5504586696624756,0.011664912104606629,0.5576000809669495,0.8300277590751648],"EasingStyle":"Linear","EasingDirection":"Out"},"Torso":{"Weight":1,"CFrame":[-0.06947934627532959,0.292290061712265,-0.09046220779418946,0.9938469529151917,-0.10529845952987671,-0.03435841575264931,0.10871477425098419,0.9867244362831116,0.12064804881811142,0.02119823917746544,-0.12364095449447632,0.9921005964279175],"EasingStyle":"Linear","EasingDirection":"Out"},"HumanoidRootPart":{"Weight":1,"CFrame":[0,0,0,1,0,0,0,1,0,0,0,1],"EasingStyle":"Linear","EasingDirection":"In"},"Right Leg":{"Weight":1,"CFrame":[0.14608949422836305,0.10436755418777466,0.3218104839324951,0.9586893320083618,0.19557729363441468,-0.20655329525470735,-0.1816605031490326,0.9797232747077942,0.08450934290885925,0.21889324486255647,-0.04349565505981445,0.9747788906097412],"EasingStyle":"Linear","EasingDirection":"Out"}}},{"Time":0.16949152946472169,"poses":{"Left Leg":{"Weight":1,"CFrame":[-0.1289181113243103,0.06337547302246094,0.166101336479187,0.9815709590911865,-0.09182775020599365,0.16758917272090913,0.08711083233356476,0.9955730438232422,0.03529908135533333,-0.1700887531042099,-0.020049743354320527,0.9852247834205627],"EasingStyle":"Linear","EasingDirection":"Out"},"Right Arm":{"Weight":1,"CFrame":[-0.447080135345459,-0.9651870131492615,-0.23182785511016847,-0.05265236645936966,-0.8447378277778626,-0.5325839519500732,0.8057079315185547,-0.3510165512561798,0.4770975410938263,-0.5899681448936462,-0.4039868116378784,0.6990938782691956],"EasingStyle":"Linear","EasingDirection":"Out"},"Left Arm":{"Weight":1,"CFrame":[-0.2279215306043625,0.3329543471336365,0.07413709163665772,-0.5907549858093262,0.27456605434417727,-0.7586975693702698,-0.6167302131652832,-0.7599612474441528,0.2051895260810852,-0.5202426314353943,0.5891284942626953,0.6182841062545776],"EasingStyle":"Linear","EasingDirection":"Out"},"Head":{"Weight":1,"CFrame":[-0.002176903188228607,0.0027830160688608886,0.012126326560974121,0.9828580021858215,0.1649341583251953,-0.08238256722688675,-0.18317566812038423,0.8229504227638245,-0.5377724766731262,-0.020900283008813859,0.5436445474624634,0.8390553593635559],"EasingStyle":"Linear","EasingDirection":"Out"},"Torso":{"Weight":1,"CFrame":[-0.033857475966215137,0.28142493963241579,-0.09075260162353516,0.9979057908058167,-0.05895821377635002,-0.026607871055603029,0.06153036281466484,0.9920989274978638,0.10933304578065872,0.019951559603214265,-0.1107412725687027,0.9936490058898926],"EasingStyle":"Linear","EasingDirection":"Out"},"HumanoidRootPart":{"Weight":1,"CFrame":[0,0,0,1,0,0,0,1,0,0,0,1],"EasingStyle":"Linear","EasingDirection":"In"},"Right Leg":{"Weight":1,"CFrame":[0.26175206899642947,0.1069985032081604,0.2870112657546997,0.986254870891571,0.15411154925823213,0.059590086340904239,-0.15865017473697663,0.9840139746665955,0.08091127127408982,-0.04616807401180267,-0.08925313502550125,0.9949383735656738],"EasingStyle":"Linear","EasingDirection":"Out"}}},{"Time":0.18644067645072938,"poses":{"Left Leg":{"Weight":1,"CFrame":[-0.22879654169082642,0.09009319543838501,0.12999701499938966,0.9942377209663391,-0.10608775913715363,0.01538490504026413,0.10434038192033768,0.9906342029571533,0.08807334303855896,-0.02458435483276844,-0.08596056699752808,0.9959951639175415],"EasingStyle":"Linear","EasingDirection":"Out"},"Right Arm":{"Weight":1,"CFrame":[-0.4597608149051666,-0.9509631395339966,-0.2534674406051636,-0.06931301206350327,-0.8556972146034241,-0.5128138661384583,0.8262279629707336,-0.3373163342475891,0.4511817991733551,-0.5590554475784302,-0.39242830872535708,0.7303813695907593],"EasingStyle":"Linear","EasingDirection":"Out"},"Left Arm":{"Weight":1,"CFrame":[-0.24384887516498567,0.31618309020996096,0.07644259929656983,-0.5730369687080383,0.2611341178417206,-0.7768124938011169,-0.6172470450401306,-0.7610581517219544,0.19949108362197877,-0.5391055345535278,0.5938009023666382,0.5972986221313477],"EasingStyle":"Linear","EasingDirection":"Out"},"Head":{"Weight":1,"CFrame":[-0.0013469243422150612,0.0017220417503267527,0.013855695724487305,0.9741227626800537,0.21221815049648286,-0.0777711570262909,-0.22101274132728578,0.8223536610603333,-0.5242974162101746,-0.047310005873441699,0.5279184579849243,0.8479763269424439],"EasingStyle":"Linear","EasingDirection":"Out"},"Torso":{"Weight":1,"CFrame":[0.003097034990787506,0.272672176361084,-0.09374403953552246,0.9997775554656982,-0.013992325402796269,-0.015779856592416765,0.015470714308321476,0.9950828552246094,0.09783044457435608,0.014333387836813927,-0.09805281460285187,0.9950779676437378],"EasingStyle":"Linear","EasingDirection":"Out"},"HumanoidRootPart":{"Weight":1,"CFrame":[0,0,0,1,0,0,0,1,0,0,0,1],"EasingStyle":"Linear","EasingDirection":"In"},"Right Leg":{"Weight":1,"CFrame":[0.34631213545799258,0.11478972434997559,0.20290625095367433,0.9483045339584351,0.1030435562133789,0.3001674711704254,-0.13953213393688203,0.9848750829696655,0.10272221267223358,-0.28504255414009097,-0.13929499685764314,0.9483394026756287],"EasingStyle":"Linear","EasingDirection":"Out"}}},{"Time":0.20338982343673707,"poses":{"Left Leg":{"Weight":1,"CFrame":[-0.3132355511188507,0.11134856939315796,0.10004651546478272,0.985233724117279,-0.1194913238286972,-0.12262293696403504,0.13567940890789033,0.9817184805870056,0.1334913671016693,0.10443011671304703,-0.14815759658813477,0.9834346175193787],"EasingStyle":"Linear","EasingDirection":"Out"},"Right Arm":{"Weight":1,"CFrame":[-0.47084489464759829,-0.941430926322937,-0.2712257504463196,-0.08733446151018143,-0.8614303469657898,-0.5003103613853455,0.8396443128585815,-0.33391639590263369,0.4283657670021057,-0.5360690951347351,-0.38267162442207339,0.7524575591087341],"EasingStyle":"Linear","EasingDirection":"Out"},"Left Arm":{"Weight":1,"CFrame":[-0.2549908459186554,0.29311108589172366,0.0781559944152832,-0.558837354183197,0.2494564950466156,-0.7908680438995361,-0.6165498495101929,-0.7627676129341126,0.19506898522377015,-0.5545873045921326,0.5966213345527649,0.5800653696060181],"EasingStyle":"Linear","EasingDirection":"Out"},"Head":{"Weight":1,"CFrame":[-0.0006530117243528366,0.0008348789997398853,0.015301346778869629,0.9644976258277893,0.2529961168766022,-0.07574497908353806,-0.2554166316986084,0.8207172155380249,-0.511063277721405,-0.06713183969259262,0.5122658014297485,0.8561992049217224],"EasingStyle":"Linear","EasingDirection":"Out"},"Torso":{"Weight":1,"CFrame":[0.04090491682291031,0.26513779163360598,-0.09846282005310059,0.99956876039505,0.02928154170513153,-0.0022072915453463794,-0.028982220217585565,0.9958522319793701,0.08624566346406937,0.004723542369902134,-0.08614449948072434,0.9962714314460754],"EasingStyle":"Linear","EasingDirection":"Out"},"HumanoidRootPart":{"Weight":1,"CFrame":[0,0,0,1,0,0,0,1,0,0,0,1],"EasingStyle":"Linear","EasingDirection":"In"},"Right Leg":{"Weight":1,"CFrame":[0.41407695412635805,0.11551529169082642,0.10048127174377442,0.8670998215675354,0.05738101527094841,0.4948185682296753,-0.13986901938915254,0.9814272522926331,0.13129065930843354,-0.47809475660324099,-0.18305188417434693,0.8590211868286133],"EasingStyle":"Linear","EasingDirection":"Out"}}},{"Time":0.22033898532390595,"poses":{"Left Leg":{"Weight":1,"CFrame":[-0.3797864019870758,0.1265028715133667,0.08441615104675293,0.9629815816879273,-0.13429482281208039,-0.23373359441757203,0.1753837913274765,0.9705892205238342,0.1649152785539627,0.20471210777759553,-0.19980350136756898,0.958212673664093],"EasingStyle":"Linear","EasingDirection":"Out"},"Right Arm":{"Weight":1,"CFrame":[-0.47961145639419558,-0.9387592077255249,-0.28377842903137209,-0.10899835079908371,-0.8603646159172058,-0.49788761138916018,0.8445820212364197,-0.3442937135696411,0.41005250811576846,-0.5242142677307129,-0.3758118450641632,0.7641759514808655],"EasingStyle":"Linear","EasingDirection":"Out"},"Left Arm":{"Weight":1,"CFrame":[-0.26001501083374026,0.26587432622909548,0.07904839515686035,-0.5491341352462769,0.24096311628818513,-0.8002427220344544,-0.6152960658073425,-0.7645553350448608,0.19200482964515687,-0.5655637979507446,0.5978226661682129,0.5681071877479553],"EasingStyle":"Linear","EasingDirection":"Out"},"Head":{"Weight":1,"CFrame":[-0.00017679668962955475,0.00022615864872932434,0.01629352569580078,0.9553107619285584,0.2857185900211334,-0.07580450922250748,-0.28441452980041506,0.8185288906097412,-0.49911803007125857,-0.08055911213159561,0.4983727037906647,0.8632119297981262],"EasingStyle":"Linear","EasingDirection":"Out"},"Torso":{"Weight":1,"CFrame":[0.07903479039669037,0.25876349210739138,-0.10412740707397461,0.9973958134651184,0.07083581387996674,0.013559320941567421,-0.07165519148111344,0.994624674320221,0.07474858313798905,-0.008191559463739396,-0.07552552223205567,0.9971102476119995],"EasingStyle":"Linear","EasingDirection":"Out"},"HumanoidRootPart":{"Weight":1,"CFrame":[0,0,0,1,0,0,0,1,0,0,0,1],"EasingStyle":"Linear","EasingDirection":"In"},"Right Leg":{"Weight":1,"CFrame":[0.472713828086853,0.10644859075546265,0.004876494407653809,0.7684261798858643,0.021254613995552064,0.6395853161811829,-0.1527724266052246,0.9766431450843811,0.1510917693376541,-0.621435284614563,-0.213813915848732,0.7537253499031067],"EasingStyle":"Linear","EasingDirection":"Out"}}},{"Time":0.23728813230991364,"poses":{"Left Leg":{"Weight":1,"CFrame":[-0.430566668510437,0.13797372579574586,0.08599317073822022,0.9382798075675964,-0.15292613208293916,-0.3102332651615143,0.2163446992635727,0.9593096375465393,0.18143878877162934,0.26986294984817507,-0.23735767602920533,0.9331855773925781],"EasingStyle":"Linear","EasingDirection":"Out"},"Right Arm":{"Weight":1,"CFrame":[-0.4843103885650635,-0.9406747817993164,-0.2904534935951233,-0.13140204548835755,-0.8538961410522461,-0.5035818219184876,0.8422849774360657,-0.3640514612197876,0.39752060174942019,-0.5227710008621216,-0.37192457914352419,0.7670611143112183],"EasingStyle":"Linear","EasingDirection":"Out"},"Left Arm":{"Weight":1,"CFrame":[-0.257591187953949,0.23660582304000855,0.07889175415039063,-0.5448797941207886,0.23702964186668397,-0.8043151497840881,-0.6141334176063538,-0.7659075260162354,0.19033105671405793,-0.570917010307312,0.5976642966270447,0.5628953576087952],"EasingStyle":"Linear","EasingDirection":"Out"},"Head":{"Weight":1,"CFrame":[9.685754776000977e-8,3.166496753692627e-8,0.016661882400512697,0.9478773474693298,0.309088796377182,-0.07741229236125946,-0.30622076988220217,0.816498339176178,-0.48944786190986636,-0.08807580173015595,0.4876418709754944,0.8685897588729858],"EasingStyle":"Linear","EasingDirection":"Out"},"Torso":{"Weight":1,"CFrame":[0.11696283519268036,0.2535417079925537,-0.10993766784667969,0.9933785200119019,0.11063181608915329,0.030978724360466005,-0.1124190166592598,0.9916253089904785,0.06357034295797348,-0.023686382919549943,-0.06663201004266739,0.9974964261054993],"EasingStyle":"Linear","EasingDirection":"Out"},"HumanoidRootPart":{"Weight":1,"CFrame":[0,0,0,1,0,0,0,1,0,0,0,1],"EasingStyle":"Linear","EasingDirection":"In"},"Right Leg":{"Weight":1,"CFrame":[0.5289801359176636,0.09046489000320435,-0.0678255558013916,0.6727661490440369,-0.003932204097509384,0.7398447394371033,-0.1661343276500702,0.9736459851264954,0.1562463641166687,-0.7209612131118774,-0.22803083062171937,0.6543827652931213],"EasingStyle":"Linear","EasingDirection":"Out"}}},{"Time":0.2542372941970825,"poses":{"Left Leg":{"Weight":1,"CFrame":[-0.4670223295688629,0.14875108003616334,0.10275793075561524,0.9212501049041748,-0.17607344686985017,-0.34683772921562197,0.2518215775489807,0.9495702981948853,0.18682102859020234,0.2964525818824768,-0.25945013761520388,0.9191308617591858],"EasingStyle":"Linear","EasingDirection":"Out"},"Right Arm":{"Weight":1,"CFrame":[-0.4829399585723877,-0.9437980651855469,-0.290727436542511,-0.15014614164829255,-0.8443450927734375,-0.5143321752548218,0.8346853852272034,-0.3870697319507599,0.39176174998283389,-0.529864490032196,-0.370483934879303,0.762879490852356],"EasingStyle":"Linear","EasingDirection":"Out"},"Left Arm":{"Weight":1,"CFrame":[-0.24689115583896638,0.20722800493240357,0.07753539085388184,-0.5466500520706177,0.23860865831375123,-0.8026453852653503,-0.6135703325271606,-0.7664321064949036,0.19003525376319886,-0.5698290467262268,0.5963620543479919,0.5653733015060425],"EasingStyle":"Linear","EasingDirection":"Out"},"Head":{"Weight":1,"CFrame":[8.800998330116272e-8,1.4901161193847657e-8,0.01666259765625,0.9432291984558106,0.3224261999130249,-0.079750195145607,-0.31968531012535097,0.816152811050415,-0.48134803771972659,-0.09011085331439972,0.4795164167881012,0.8728940486907959],"EasingStyle":"Linear","EasingDirection":"Out"},"Torso":{"Weight":1,"CFrame":[0.1541765034198761,0.24950888752937318,-0.1150670051574707,0.9876535534858704,0.1486200988292694,0.04952330142259598,-0.1511915624141693,0.987082839012146,0.05299578234553337,-0.04100736603140831,-0.059828974306583408,0.9973659515380859],"EasingStyle":"Linear","EasingDirection":"Out"},"HumanoidRootPart":{"Weight":1,"CFrame":[0,0,0,1,0,0,0,1,0,0,0,1],"EasingStyle":"Linear","EasingDirection":"In"},"Right Leg":{"Weight":1,"CFrame":[0.5863369107246399,0.0724036693572998,-0.10658949613571167,0.5948736071586609,-0.018985077738761903,0.8035949468612671,-0.16819731891155244,0.974649965763092,0.14753690361976624,-0.7860248684883118,-0.22292831540107728,0.5766003727912903],"EasingStyle":"Linear","EasingDirection":"Out"}}},{"Time":0.2711864411830902,"poses":{"Left Leg":{"Weight":1,"CFrame":[-0.48614662885665896,0.16129153966903687,0.13055026531219483,0.919312596321106,-0.20216266810894013,-0.3376309275627136,0.2758752405643463,0.9429113864898682,0.18657682836055757,0.2806371748447418,-0.26466646790504458,0.9226019978523254],"EasingStyle":"Linear","EasingDirection":"Out"},"Right Arm":{"Weight":1,"CFrame":[-0.4735105633735657,-0.9447637796401978,-0.28407490253448489,-0.16085185110569,-0.8344255685806274,-0.5271249413490295,0.8238903284072876,-0.40759018063545229,0.3937954604625702,-0.5434439778327942,-0.3709503710269928,0.7530367970466614],"EasingStyle":"Linear","EasingDirection":"Out"},"Left Arm":{"Weight":1,"CFrame":[-0.22908896207809449,0.17881006002426148,0.0751417875289917,-0.5537427663803101,0.2451072782278061,-0.7957960367202759,-0.6136258840560913,-0.7661457657814026,0.1910075545310974,-0.5628784894943237,0.5940901637077332,0.574651837348938],"EasingStyle":"Linear","EasingDirection":"Out"},"Head":{"Weight":1,"CFrame":[1.1548399925231934e-7,-1.4901161193847657e-8,0.0166623592376709,0.9414634108543396,0.3269970118999481,-0.08197353780269623,-0.3254040479660034,0.8179463148117065,-0.4744217097759247,-0.08808454126119614,0.4733252227306366,0.8764727115631104],"EasingStyle":"Linear","EasingDirection":"Out"},"Torso":{"Weight":1,"CFrame":[0.1900167465209961,0.2472810298204422,-0.11866593360900879,0.980417013168335,0.18464019894599915,0.06848739832639694,-0.18786388635635377,0.9812083840370178,0.04401429370045662,-0.05907360464334488,-0.05601867288351059,0.9966806173324585],"EasingStyle":"Linear","EasingDirection":"Out"},"HumanoidRootPart":{"Weight":1,"CFrame":[0,0,0,1,0,0,0,1,0,0,0,1],"EasingStyle":"Linear","EasingDirection":"In"},"Right Leg":{"Weight":1,"CFrame":[0.6452336311340332,0.05551755428314209,-0.10167884826660156,0.5463123321533203,-0.02499307133257389,0.8372085690498352,-0.15043507516384126,0.9803726077079773,0.12743185460567475,-0.8239612579345703,-0.19556313753128053,0.531829833984375],"EasingStyle":"Linear","EasingDirection":"Out"}}},{"Time":0.2881355881690979,"poses":{"Left Leg":{"Weight":1,"CFrame":[-0.47923630475997927,0.17548704147338868,0.1601639986038208,0.9258416891098023,-0.22376783192157746,-0.3045409023761749,0.2882359027862549,0.9393008947372437,0.18610158562660218,0.2444119155406952,-0.2600802779197693,0.9341418743133545],"EasingStyle":"Linear","EasingDirection":"Out"},"Right Arm":{"Weight":1,"CFrame":[-0.45404550433158877,-0.9402170777320862,-0.26997923851013186,-0.15931949019432069,-0.8271969556808472,-0.5388529896736145,0.8121106624603272,-0.42016735672950747,0.4048897922039032,-0.5613319873809815,-0.3731013536453247,0.7387162446975708],"EasingStyle":"Linear","EasingDirection":"Out"},"Left Arm":{"Weight":1,"CFrame":[-0.20586031675338746,0.15221178531646729,0.07194876670837403,-0.5650634765625,0.2555493116378784,-0.7844730019569397,-0.6141752004623413,-0.7651718258857727,0.19313456118106843,-0.5509011745452881,0.590937077999115,0.5893226265907288],"EasingStyle":"Linear","EasingDirection":"Out"},"Head":{"Weight":1,"CFrame":[2.60770320892334e-8,-1.4901161193847657e-8,0.016661882400512697,0.9420411586761475,0.3252032697200775,-0.08247016370296478,-0.32433441281318667,0.8198720216751099,-0.47182315587997439,-0.0858234390616417,0.47122472524642947,0.8778277635574341],"EasingStyle":"Linear","EasingDirection":"Out"},"Torso":{"Weight":1,"CFrame":[0.2232840657234192,0.2496895045042038,-0.12100744247436524,0.9720876216888428,0.2180871218442917,0.08650821447372437,-0.2221437692642212,0.9741803407669067,0.040308527648448947,-0.07548382878303528,-0.05840068310499191,0.995435357093811],"EasingStyle":"Linear","EasingDirection":"Out"},"HumanoidRootPart":{"Weight":1,"CFrame":[0,0,0,1,0,0,0,1,0,0,0,1],"EasingStyle":"Linear","EasingDirection":"In"},"Right Leg":{"Weight":1,"CFrame":[0.6966953873634338,0.037968456745147708,-0.07152056694030762,0.5159627199172974,-0.025459853932261468,0.8562326431274414,-0.12123566120862961,0.9873263239860535,0.10241400450468064,-0.8479884266853333,-0.1566476821899414,0.5063369274139404],"EasingStyle":"Linear","EasingDirection":"Out"}}},{"Time":0.3050847351551056,"poses":{"Left Leg":{"Weight":1,"CFrame":[-0.4540744125843048,0.19037652015686036,0.18462836742401124,0.930548906326294,-0.24182365834712983,-0.2749546766281128,0.2979603111743927,0.936534583568573,0.18472295999526978,0.21283426880836488,-0.2538193166255951,0.9435451030731201],"EasingStyle":"Linear","EasingDirection":"Out"},"Right Arm":{"Weight":1,"CFrame":[-0.422569215297699,-0.9268056750297546,-0.24793994426727296,-0.14150133728981019,-0.8257134556770325,-0.5460537075996399,0.8013195395469666,-0.41942355036735537,0.4265804588794708,-0.5812609791755676,-0.37720179557800295,0.7210093140602112],"EasingStyle":"Linear","EasingDirection":"Out"},"Left Arm":{"Weight":1,"CFrame":[-0.17888078093528748,0.12829315662384034,0.06819403171539307,-0.5794702768325806,0.268959641456604,-0.7693341970443726,-0.615077018737793,-0.7636366486549377,0.1963147670030594,-0.5346910357475281,0.5869580507278442,0.60793536901474],"EasingStyle":"Linear","EasingDirection":"Out"},"Head":{"Weight":1,"CFrame":[1.1920928955078126e-7,-2.9802322387695315e-8,0.01666247844696045,0.944281816482544,0.3194149434566498,-0.07940982282161713,-0.31743693351745608,0.8200499415397644,-0.47618478536605837,-0.08698053658008576,0.47486022114753725,0.875752329826355],"EasingStyle":"Linear","EasingDirection":"Out"},"Torso":{"Weight":1,"CFrame":[0.25290822982788088,0.25930356979370119,-0.12688851356506349,0.9632667303085327,0.24826498329639436,0.10238023102283478,-0.2538272440433502,0.9661909341812134,0.04524249956011772,-0.08768671751022339,-0.0695674866437912,0.9937159419059753],"EasingStyle":"Linear","EasingDirection":"Out"},"HumanoidRootPart":{"Weight":1,"CFrame":[0,0,0,1,0,0,0,1,0,0,0,1],"EasingStyle":"Linear","EasingDirection":"In"},"Right Leg":{"Weight":1,"CFrame":[0.7357762455940247,0.021594703197479249,-0.0478786826133728,0.48649880290031435,-0.021225761622190477,0.8734233379364014,-0.09828896075487137,0.9920287728309631,0.07885520905256272,-0.8681349158287048,-0.12421082705259323,0.4805345833301544],"EasingStyle":"Linear","EasingDirection":"Out"}}},{"Time":0.32203391194343569,"poses":{"Left Leg":{"Weight":1,"CFrame":[-0.42379361391067507,0.20795392990112306,0.2017282247543335,0.9325845241546631,-0.26130858063697817,-0.24900595843791963,0.3098464012145996,0.9334162473678589,0.18091244995594026,0.18515229225158692,-0.24586975574493409,0.9514550566673279],"EasingStyle":"Linear","EasingDirection":"Out"},"Right Arm":{"Weight":1,"CFrame":[-0.3770889937877655,-0.9011690616607666,-0.2174730896949768,-0.10331960022449494,-0.8323736190795898,-0.544498860836029,0.7926503419876099,-0.39960071444511416,0.46046140789985659,-0.6008580923080444,-0.38402271270751955,0.7010679244995117],"EasingStyle":"Linear","Easin