{"Sequence":[{"Time":0,"poses":{"Left Leg":{"Weight":1,"CFrame":[0.07113436609506607,0.21168190240859986,0.1509840488433838,0.7439738512039185,-0.15814688801765443,0.6492246389389038,-0.01671936735510826,0.9668795466423035,0.2546849548816681,-0.6679995656013489,-0.20033353567123414,0.7166889309883118],"EasingStyle":"Constant","EasingDirection":"In"},"Right Arm":{"Weight":1,"CFrame":[0.2755905091762543,0.15315639972686768,-0.35614973306655886,0.5921568870544434,-0.7101776003837586,0.38078638911247256,0.8030278086662293,0.5593852996826172,-0.20551030337810517,-0.06705749034881592,0.42747628688812258,0.9015360474586487],"EasingStyle":"Constant","EasingDirection":"In"},"Head":{"Weight":1,"CFrame":[1.07771903401499e-7,1.2601958587765694e-8,0.016661763191223146,0.9901585578918457,0.13634800910949708,-0.03154933825135231,-0.13731342554092408,0.9900497198104858,-0.030770057812333108,0.027039917185902597,0.03479945287108421,0.9990285038948059],"EasingStyle":"Constant","EasingDirection":"In"},"Left Arm":{"Weight":1,"CFrame":[-0.6137673854827881,-1.1648097038269044,-0.3477365970611572,-0.9758421778678894,0.17617571353912354,-0.1292060911655426,-0.1503988802433014,-0.11274275183677674,0.982175886631012,0.15846846997737885,0.9778810739517212,0.13651543855667115],"EasingStyle":"Constant","EasingDirection":"In"},"Torso":{"Weight":1,"CFrame":[0.025817357003688813,0.028808310627937318,-0.11256814002990723,0.9995067119598389,-0.0010996819473803044,0.03138651326298714,-2.3520593117609679e-7,0.9993866086006165,0.035022761672735217,-0.031405769288539889,-0.03500549867749214,0.9988935589790344],"EasingStyle":"Constant","EasingDirection":"In"},"HumanoidRootPart":{"Weight":0,"CFrame":[0,0,0,1,0,0,0,1,0,0,0,1],"EasingStyle":"Linear","EasingDirection":"In"},"Right Leg":{"Weight":1,"CFrame":[0.022183099761605264,0.11442571878433228,0.08097958564758301,0.8283054232597351,0.11219675838947296,-0.5489280819892883,-0.07417570054531098,0.9930800199508667,0.09105058014392853,0.5553451776504517,-0.0347006730735302,0.8308957815170288],"EasingStyle":"Constant","EasingDirection":"In"}}},{"Time":0.0416666679084301,"poses":{"Left Leg":{"Weight":1,"CFrame":[0.07113436609506607,0.21168190240859986,0.1509840488433838,0.7439738512039185,-0.15814688801765443,0.6492246389389038,-0.01671936735510826,0.9668795466423035,0.2546849548816681,-0.6679995656013489,-0.20033353567123414,0.7166889309883118],"EasingStyle":"Constant","EasingDirection":"In"},"Right Arm":{"Weight":1,"CFrame":[0.2755905091762543,0.15315639972686768,-0.35614973306655886,0.5921568870544434,-0.7101776003837586,0.38078638911247256,0.8030278086662293,0.5593852996826172,-0.20551030337810517,-0.06705749034881592,0.42747628688812258,0.9015360474586487],"EasingStyle":"Constant","EasingDirection":"In"},"Head":{"Weight":1,"CFrame":[1.07771903401499e-7,1.2601958587765694e-8,0.016661763191223146,0.9901585578918457,0.13634800910949708,-0.03154933825135231,-0.13731342554092408,0.9900497198104858,-0.030770057812333108,0.027039917185902597,0.03479945287108421,0.9990285038948059],"EasingStyle":"Constant","EasingDirection":"In"},"Left Arm":{"Weight":1,"CFrame":[-0.6137673854827881,-1.1648097038269044,-0.3477365970611572,-0.9758421778678894,0.17617571353912354,-0.1292060911655426,-0.1503988802433014,-0.11274275183677674,0.982175886631012,0.15846846997737885,0.9778810739517212,0.13651543855667115],"EasingStyle":"Constant","EasingDirection":"In"},"Torso":{"Weight":1,"CFrame":[0.025817357003688813,0.028808310627937318,-0.11256814002990723,0.9995067119598389,-0.0010996819473803044,0.03138651326298714,-2.3520593117609679e-7,0.9993866086006165,0.035022761672735217,-0.031405769288539889,-0.03500549867749214,0.9988935589790344],"EasingStyle":"Constant","EasingDirection":"In"},"HumanoidRootPart":{"Weight":0,"CFrame":[0,0,0,1,0,0,0,1,0,0,0,1],"EasingStyle":"Linear","EasingDirection":"In"},"Right Leg":{"Weight":1,"CFrame":[0.022183099761605264,0.11442571878433228,0.08097958564758301,0.8283054232597351,0.11219675838947296,-0.5489280819892883,-0.07417570054531098,0.9930800199508667,0.09105058014392853,0.5553451776504517,-0.0347006730735302,0.8308957815170288],"EasingStyle":"Constant","EasingDirection":"In"}}},{"Time":0.0833333358168602,"poses":{"Left Leg":{"Weight":1,"CFrame":[-0.01692550629377365,0.27668827772140505,0.11099231243133545,0.8701381683349609,-0.028621692210435869,0.49197590351104739,-0.15590952336788178,0.9310465455055237,0.3299162983894348,-0.4674952030181885,-0.36377647519111636,0.8056766986846924],"EasingStyle":"Constant","EasingDirection":"In"},"Right Arm":{"Weight":1,"CFrame":[0.2579076290130615,-0.4452047049999237,0.8150298595428467,0.5857235193252564,-0.6223881840705872,0.5191925764083862,0.13327887654304505,-0.5578944683074951,-0.8191400766372681,0.799477756023407,0.5489871501922607,-0.24382078647613526],"EasingStyle":"Constant","EasingDirection":"In"},"Head":{"Weight":1,"CFrame":[8.847564458847046e-8,-1.862645149230957e-8,0.0166623592376709,0.9820786118507385,0.1795833557844162,0.05719749256968498,-0.17674048244953156,0.9829127788543701,-0.05143289268016815,-0.06545665115118027,0.040401965379714969,0.9970372319221497],"EasingStyle":"Constant","EasingDirection":"In"},"Left Arm":{"Weight":1,"CFrame":[-0.6735715866088867,0.7827150821685791,0.43176519870758059,0.491953581571579,0.27856600284576418,-0.8248533010482788,-0.6822677850723267,-0.46518632769584658,-0.5640144348144531,-0.5408256649971008,0.8402396440505981,-0.03879360854625702],"EasingStyle":"Constant","EasingDirection":"In"},"Torso":{"Weight":1,"CFrame":[-0.12900030612945558,0.03614092618227005,-0.1551656723022461,0.9793413877487183,-0.19170698523521424,0.0643346980214119,0.18913887441158296,0.9809668660163879,0.04393712431192398,-0.07153324782848358,-0.030861249193549157,0.9969607591629028],"EasingStyle":"Constant","EasingDirection":"In"},"HumanoidRootPart":{"Weight":0,"CFrame":[0,0,0,1,0,0,0,1,0,0,0,1],"EasingStyle":"Linear","EasingDirection":"In"},"Right Leg":{"Weight":1,"CFrame":[-0.01709951087832451,0.05421316623687744,0.16086935997009278,0.6864364743232727,0.18958653509616853,-0.7020412683486939,-0.25100281834602358,0.9678549766540527,0.015946006402373315,0.6824972629547119,0.16526834666728974,0.7119578123092651],"EasingStyle":"Constant","EasingDirection":"In"}}},{"Time":0.125,"poses":{"Left Leg":{"Weight":1,"CFrame":[-0.32550734281539919,0.21391642093658448,0.2855583429336548,0.9378368258476257,-0.06770510971546173,0.34040868282318118,-0.005325260106474161,0.9778664112091065,0.209162637591362,-0.34703555703163149,-0.19797322154045106,0.9167185425758362],"EasingStyle":"Constant","EasingDirection":"In"},"Right Arm":{"Weight":1,"CFrame":[-0.34363609552383425,0.0325658917427063,0.2397223711013794,-0.6606091856956482,-0.6307246088981628,0.4071633219718933,-0.07347676903009415,-0.4854317307472229,-0.8711814880371094,0.7471256256103516,-0.605427622795105,0.2743370532989502],"EasingStyle":"Constant","EasingDirection":"In"},"Head":{"Weight":1,"CFrame":[5.21540641784668e-8,2.2351741790771486e-8,0.016662120819091798,0.9884493947029114,0.13173630833625794,0.0749235525727272,-0.12074735015630722,0.9833272099494934,-0.13596951961517335,-0.09158649295568466,0.1253521740436554,0.9878759384155273],"EasingStyle":"Constant","EasingDirection":"In"},"Left Arm":{"Weight":1,"CFrame":[-0.390761137008667,1.1558363437652588,0.6970119476318359,0.46462416648864748,0.25500521063804629,-0.8479957580566406,-0.7583316564559937,-0.3798876702785492,-0.5297343730926514,-0.4572281241416931,0.8891893625259399,0.01687350682914257],"EasingStyle":"Constant","EasingDirection":"In"},"Torso":{"Weight":1,"CFrame":[-0.34474796056747439,0.04469610005617142,-0.2558565139770508,0.9334906935691834,-0.3500989079475403,-0.07762758433818817,0.3545980453491211,0.9334385991096497,0.05433778092265129,0.053436994552612308,-0.07825039327144623,0.9955005645751953],"EasingStyle":"Constant","EasingDirection":"In"},"HumanoidRootPart":{"Weight":0,"CFrame":[0,0,0,1,0,0,0,1,0,0,0,1],"EasingStyle":"Linear","EasingDirection":"In"},"Right Leg":{"Weight":1,"CFrame":[0.03430671989917755,0.20219296216964723,0.3400040864944458,0.49767452478408816,0.3245111107826233,-0.8043709397315979,-0.36462968587875368,0.9197230339050293,0.1454470306634903,0.7869976758956909,0.22091221809387208,0.5760492086410523],"EasingStyle":"Constant","EasingDirection":"In"}}},{"Time":0.1666666716337204,"poses":{"Left Leg":{"Weight":1,"CFrame":[-0.31787076592445376,0.06305986642837525,0.45753252506256106,0.9306272268295288,-0.08930981159210205,0.354903906583786,0.0603390634059906,0.9939385652542114,0.09189889580011368,-0.36096006631851199,-0.0641089677810669,0.9303752183914185],"EasingStyle":"Constant","EasingDirection":"In"},"Right Arm":{"Weight":1,"CFrame":[-0.3446630835533142,0.04062241315841675,0.23826920986175538,-0.6909337043762207,-0.7030695080757141,0.16823723912239076,0.027730602771043779,-0.2583244740962982,-0.9656601548194885,0.7223860025405884,-0.6625418066978455,0.1979815810918808],"EasingStyle":"Constant","EasingDirection":"In"},"Head":{"Weight":1,"CFrame":[1.2293457984924317e-7,-3.725290298461914e-8,0.016662240028381349,0.9813159704208374,0.12879198789596559,0.14293912053108216,-0.11729564517736435,0.9893519282341003,-0.08616585284471512,-0.15251454710960389,0.06778981536626816,0.985973596572876],"EasingStyle":"Constant","EasingDirection":"In"},"Left Arm":{"Weight":1,"CFrame":[-0.38968533277511599,1.1517480611801148,0.6948063373565674,0.5062499642372131,0.2939594089984894,-0.8107398748397827,-0.6326460242271423,-0.5122907161712647,-0.580790102481842,-0.5860630869865418,0.8069363236427307,-0.07337503880262375],"EasingStyle":"Constant","EasingDirection":"In"},"Torso":{"Weight":1,"CFrame":[-0.3825918138027191,0.044696107506752017,-0.19283533096313477,0.9300155639648438,-0.3461005389690399,-0.12363501638174057,0.3545980453491211,0.9334385991096497,0.05433777719736099,0.09659937769174576,-0.09437570720911026,0.9908389449119568],"EasingStyle":"Constant","EasingDirection":"In"},"HumanoidRootPart":{"Weight":0,"CFrame":[0,0,0,1,0,0,0,1,0,0,0,1],"EasingStyle":"Linear","EasingDirection":"In"},"Right Leg":{"Weight":1,"CFrame":[0.0017450228333473206,0.21776032447814942,0.28241825103759768,0.5055270195007324,0.32389238476753237,-0.7997100353240967,-0.3031201958656311,0.9344543218612671,0.1868516206741333,0.8078122735023499,0.147949680685997,0.5705702900886536],"EasingStyle":"Constant","EasingDirection":"In"}}},{"Time":0.2083333283662796,"poses":{"Left Leg":{"Weight":1,"CFrame":[-0.31787076592445376,0.06305986642837525,0.45753252506256106,0.9306272268295288,-0.08930981159210205,0.354903906583786,0.0603390634059906,0.9939385652542114,0.09189889580011368,-0.36096006631851199,-0.0641089677810669,0.9303752183914185],"EasingStyle":"Constant","EasingDirection":"In"},"Right Arm":{"Weight":1,"CFrame":[-0.3446630835533142,0.04062241315841675,0.23826920986175538,-0.6909337043762207,-0.7030695080757141,0.16823723912239076,0.027730602771043779,-0.2583244740962982,-0.9656601548194885,0.7223860025405884,-0.6625418066978455,0.1979815810918808],"EasingStyle":"Constant","EasingDirection":"In"},"Head":{"Weight":1,"CFrame":[1.2293457984924317e-7,-3.725290298461914e-8,0.016662240028381349,0.9813159704208374,0.12879198789596559,0.14293912053108216,-0.11729564517736435,0.9893519282341003,-0.08616585284471512,-0.15251454710960389,0.06778981536626816,0.985973596572876],"EasingStyle":"Constant","EasingDirection":"In"},"Left Arm":{"Weight":1,"CFrame":[-0.38968533277511599,1.1517480611801148,0.6948063373565674,0.5062499642372131,0.2939594089984894,-0.8107398748397827,-0.6326460242271423,-0.5122907161712647,-0.580790102481842,-0.5860630869865418,0.8069363236427307,-0.07337503880262375],"EasingStyle":"Constant","EasingDirection":"In"},"Torso":{"Weight":1,"CFrame":[-0.3825918138027191,0.044696107506752017,-0.19283533096313477,0.9300155639648438,-0.3461005389690399,-0.12363501638174057,0.3545980453491211,0.9334385991096497,0.05433777719736099,0.09659937769174576,-0.09437570720911026,0.9908389449119568],"EasingStyle":"Constant","EasingDirection":"In"},"HumanoidRootPart":{"Weight":0,"CFrame":[0,0,0,1,0,0,0,1,0,0,0,1],"EasingStyle":"Linear","EasingDirection":"In"},"Right Leg":{"Weight":1,"CFrame":[0.0017450228333473206,0.21776032447814942,0.28241825103759768,0.5055270195007324,0.32389238476753237,-0.7997100353240967,-0.3031201958656311,0.9344543218612671,0.1868516206741333,0.8078122735023499,0.147949680685997,0.5705702900886536],"EasingStyle":"Constant","EasingDirection":"In"}}},{"Time":0.25,"poses":{"Left Leg":{"Weight":1,"CFrame":[-0.32773223519325259,0.05248838663101196,0.35268449783325198,0.9733902812004089,-0.22907598316669465,0.005974616855382919,0.2276325523853302,0.9695988893508911,0.08978605270385742,-0.02636081539094448,-0.0860368087887764,0.9959432482719421],"EasingStyle":"Constant","EasingDirection":"In"},"Right Arm":{"Weight":1,"CFrame":[-0.3446630537509918,0.040621817111968997,0.23826920986175538,-0.6909337639808655,-0.7030696868896484,0.16823729872703553,0.02773072011768818,-0.25832465291023257,-0.9656600952148438,0.7223860621452332,-0.6625416874885559,0.19798170030117036],"EasingStyle":"Constant","EasingDirection":"In"},"Head":{"Weight":1,"CFrame":[8.707866072654724e-8,2.718297764658928e-8,0.016661882400512697,0.9993865489959717,-0.03458167612552643,0.005545372609049082,0.034866899251937869,0.9973263740539551,-0.06422294676303864,-0.0033096657134592535,0.06437692791223526,0.9979201555252075],"EasingStyle":"Constant","EasingDirection":"In"},"Left Arm":{"Weight":1,"CFrame":[-0.3896852433681488,1.1517475843429566,0.6948063373565674,0.5062500238418579,0.29395943880081179,-0.8107397556304932,-0.6326460242271423,-0.5122908353805542,-0.5807902812957764,-0.5860631465911865,0.8069362640380859,-0.07337500154972077],"EasingStyle":"Constant","EasingDirection":"In"},"Torso":{"Weight":1,"CFrame":[0.020802564918994905,0.06642884016036987,-0.09448099136352539,0.9992022514343262,-0.03097718209028244,-0.025205466896295549,0.032920971512794498,0.9961899518966675,0.08075866848230362,0.022607754915952684,-0.08152403682470322,0.9964149594306946],"EasingStyle":"Constant","EasingDirection":"In"},"HumanoidRootPart":{"Weight":0,"CFrame":[0,0,0,1,0,0,0,1,0,0,0,1],"EasingStyle":"Linear","EasingDirection":"In"},"Right Leg":{"Weight":1,"CFrame":[0.32376357913017275,0.13221514225006104,-0.022437214851379396,0.9783838987350464,0.20064304769039155,-0.05007464066147804,-0.1856483519077301,0.9588618874549866,0.21475258469581605,0.09110333770513535,-0.20081420242786408,0.9753840565681458],"EasingStyle":"Constant","EasingDirection":"In"}}},{"Time":0.2916666567325592,"poses":{"Left Leg":{"Weight":1,"CFrame":[-0.32773223519325259,0.05248838663101196,0.35268449783325198,0.9733902812004089,-0.22907598316669465,0.005974616855382919,0.2276325523853302,0.9695988893508911,0.08978605270385742,-0.02636081539094448,-0.0860368087887764,0.9959432482719421],"EasingStyle":"Constant","EasingDirection":"In"},"Right Arm":{"Weight":1,"CFrame":[-0.3446630537509918,0.040621817111968997,0.23826920986175538,-0.6909337639808655,-0.7030696868896484,0.16823729872703553,0.02773072011768818,-0.25832465291023257,-0.9656600952148438,0.7223860621452332,-0.6625416874885559,0.19798170030117036],"EasingStyle":"Constant","EasingDirection":"In"},"Head":{"Weight":1,"CFrame":[8.707866072654724e-8,2.718297764658928e-8,0.016661882400512697,0.9993865489959717,-0.03458167612552643,0.005545372609049082,0.034866899251937869,0.9973263740539551,-0.06422294676303864,-0.0033096657134592535,0.06437692791223526,0.9979201555252075],"EasingStyle":"Constant","EasingDirection":"In"},"Left Arm":{"Weight":1,"CFrame":[-0.3896852433681488,1.1517475843429566,0.6948063373565674,0.5062500238418579,0.29395943880081179,-0.8107397556304932,-0.6326460242271423,-0.5122908353805542,-0.5807902812957764,-0.5860631465911865,0.8069362640380859,-0.07337500154972077],"EasingStyle":"Constant","EasingDirection":"In"},"Torso":{"Weight":1,"CFrame":[0.020802564918994905,0.06642884016036987,-0.09448099136352539,0.9992022514343262,-0.03097718209028244,-0.025205466896295549,0.032920971512794498,0.9961899518966675,0.08075866848230362,0.022607754915952684,-0.08152403682470322,0.9964149594306946],"EasingStyle":"Constant","EasingDirection":"In"},"HumanoidRootPart":{"Weight":0,"CFrame":[0,0,0,1,0,0,0,1,0,0,0,1],"EasingStyle":"Linear","EasingDirection":"In"},"Right Leg":{"Weight":1,"CFrame":[0.32376357913017275,0.13221514225006104,-0.022437214851379396,0.9783838987350464,0.20064304769039155,-0.05007464066147804,-0.1856483519077301,0.9588618874549866,0.21475258469581605,0.09110333770513535,-0.20081420242786408,0.9753840565681458],"EasingStyle":"Constant","EasingDirection":"In"}}},{"Time":0.3333333432674408,"poses":{"Left Leg":{"Weight":1,"CFrame":[-0.24154901504516602,-0.030641794204711915,0.3140047788619995,0.9552881717681885,-0.28979310393333437,-0.05868980288505554,0.29090848565101626,0.9566846489906311,0.011259103193879128,0.0528847873210907,-0.02782902680337429,0.9982127547264099],"EasingStyle":"Constant","EasingDirection":"In"},"Right Arm":{"Weight":1,"CFrame":[-0.3550049662590027,-0.06727179884910584,0.24064910411834718,-0.6981757283210754,-0.7002974152565002,0.14877569675445558,-0.031604621559381488,-0.17745797336101533,-0.983620822429657,0.7152284979820252,-0.6914421319961548,0.10176412761211395],"EasingStyle":"Constant","EasingDirection":"In"},"Head":{"Weight":1,"CFrame":[9.685754776000977e-8,3.725290298461914e-9,0.016662240028381349,0.985558032989502,0.16712695360183717,0.027275539934635164,-0.1607854664325714,0.9741045832633972,-0.1589605212211609,-0.05313580110669136,0.15227925777435304,0.9869080781936646],"EasingStyle":"Constant","EasingDirection":"In"},"Left Arm":{"Weight":1,"CFrame":[-0.3896852135658264,1.1517475843429566,0.6948065757751465,0.5062500238418579,0.2939595878124237,-0.8107397556304932,-0.6326459050178528,-0.5122907757759094,-0.5807901620864868,-0.5860632658004761,0.8069361448287964,-0.07337520271539688],"EasingStyle":"Constant","EasingDirection":"In"},"Torso":{"Weight":1,"CFrame":[0.1636640429496765,0.08043728768825531,-0.0549929141998291,0.9833963513374329,0.1813165545463562,-0.007477538660168648,-0.17973341047763825,0.9788427948951721,0.09778901934623718,0.025050099939107896,-0.09482138603925705,0.9951791763305664],"EasingStyle":"Constant","EasingDirection":"In"},"HumanoidRootPart":{"Weight":0,"CFrame":[0,0,0,1,0,0,0,1,0,0,0,1],"EasingStyle":"Linear","EasingDirection":"In"},"Right Leg":{"Weight":1,"CFrame":[0.0872466117143631,0.11782866716384888,0.010764360427856446,0.947232723236084,0.05911603197455406,-0.31504854559898379,0.014831970445811749,0.9737113118171692,0.22730247676372529,0.32020360231399538,-0.2199811339378357,0.9214543104171753],"EasingStyle":"Constant","EasingDirection":"In"}}},{"Time":0.375,"poses":{"Left Leg":{"Weight":1,"CFrame":[-0.24154901504516602,-0.030641794204711915,0.3140047788619995,0.9552881717681885,-0.28979310393333437,-0.05868980288505554,0.29090848565101626,0.9566846489906311,0.011259103193879128,0.0528847873210907,-0.02782902680337429,0.9982127547264099],"EasingStyle":"Constant","EasingDirection":"In"},"Right Arm":{"Weight":1,"CFrame":[-0.3550049662590027,-0.06727179884910584,0.24064910411834718,-0.6981757283210754,-0.7002974152565002,0.14877569675445558,-0.031604621559381488,-0.17745797336101533,-0.983620822429657,0.7152284979820252,-0.6914421319961548,0.10176412761211395],"EasingStyle":"Constant","EasingDirection":"In"},"Head":{"Weight":1,"CFrame":[9.685754776000977e-8,3.725290298461914e-9,0.016662240028381349,0.985558032989502,0.16712695360183717,0.027275539934635164,-0.1607854664325714,0.9741045832633972,-0.1589605212211609,-0.05313580110669136,0.15227925777435304,0.9869080781936646],"EasingStyle":"Constant","EasingDirection":"In"},"Left Arm":{"Weight":1,"CFrame":[-0.3896852135658264,1.1517475843429566,0.6948065757751465,0.5062500238418579,0.2939595878124237,-0.8107397556304932,-0.6326459050178528,-0.5122907757759094,-0.5807901620864868,-0.5860632658004761,0.8069361448287964,-0.07337520271539688],"EasingStyle":"Constant","EasingDirection":"In"},"Torso":{"Weight":1,"CFrame":[0.1636640429496765,0.08043728768825531,-0.0549929141998291,0.9833963513374329,0.1813165545463562,-0.007477538660168648,-0.17973341047763825,0.9788427948951721,0.09778901934623718,0.025050099939107896,-0.09482138603925705,0.9951791763305664],"EasingStyle":"Constant","EasingDirection":"In"},"HumanoidRootPart":{"Weight":0,"CFrame":[0,0,0,1,0,0,0,1,0,0,0,1],"EasingStyle":"Linear","EasingDirection":"In"},"Right Leg":{"Weight":1,"CFrame":[0.0872466117143631,0.11782866716384888,0.010764360427856446,0.947232723236084,0.05911603197455406,-0.31504854559898379,0.014831970445811749,0.9737113118171692,0.22730247676372529,0.32020360231399538,-0.2199811339378357,0.9214543104171753],"EasingStyle":"Constant","EasingDirection":"In"}}},{"Time":0.4166666567325592,"poses":{"Left Leg":{"Weight":1,"CFrame":[-0.40801239013671877,0.05392533540725708,0.16014695167541505,0.9211419820785523,-0.38155484199523928,-0.07689779251813889,0.38918033242225649,0.9059249758720398,0.1668493002653122,0.006001408211886883,-0.18361902236938477,0.9829792380332947],"EasingStyle":"Constant","EasingDirection":"In"},"Right Arm":{"Weight":1,"CFrame":[-0.324922114610672,-0.06470644474029541,0.40308666229248049,-0.7019654512405396,-0.698360800743103,0.139773890376091,-0.05942769721150398,-0.13813532888889314,-0.9886289238929749,0.7097273468971252,-0.7022898197174072,0.05546427518129349],"EasingStyle":"Constant","EasingDirection":"In"},"Head":{"Weight":1,"CFrame":[8.940696716308594e-8,3.725290298461914e-8,0.0166623592376709,0.9857633709907532,0.16236111521720887,-0.04369957372546196,-0.1675090789794922,0.9708002209663391,-0.17171989381313325,0.014542941935360432,0.17659518122673036,0.9841760993003845],"EasingStyle":"Constant","EasingDirection":"In"},"Left Arm":{"Weight":1,"CFrame":[-0.3896852731704712,1.1517479419708253,0.6948062181472778,0.5062499642372131,0.2939593493938446,-0.8107396960258484,-0.6326460838317871,-0.5122907757759094,-0.5807901620864868,-0.5860631465911865,0.8069362640380859,-0.07337509840726853],"EasingStyle":"Constant","EasingDirection":"In"},"Torso":{"Weight":1,"CFrame":[0.29819023609161379,0.08043728768825531,-0.0911262035369873,0.9826354384422302,0.1739901751279831,0.0644591823220253,-0.17973341047763825,0.9788427948951721,0.09778901934623718,-0.046081073582172397,-0.10767640918493271,0.9931175708770752],"EasingStyle":"Constant","EasingDirection":"In"},"HumanoidRootPart":{"Weight":0,"CFrame":[0,0,0,1,0,0,0,1,0,0,0,1],"EasingStyle":"Linear","EasingDirection":"In"},"Right Leg":{"Weight":1,"CFrame":[0.11524944007396698,0.0792495608329773,0.02139425277709961,0.9461950063705444,0.0818534791469574,-0.3130735754966736,-0.01974274031817913,0.9802795648574829,0.19662737846374513,0.3229943513870239,-0.1798669844865799,0.9291516542434692],"EasingStyle":"Constant","EasingDirection":"In"}}},{"Time":0.4583333432674408,"poses":{"Left Leg":{"Weight":1,"CFrame":[-0.40801239013671877,0.05392533540725708,0.16014695167541505,0.9211419820785523,-0.38155484199523928,-0.07689779251813889,0.38918033242225649,0.9059249758720398,0.1668493002653122,0.006001408211886883,-0.18361902236938477,0.9829792380332947],"EasingStyle":"Constant","EasingDirection":"In"},"Right Arm":{"Weight":1,"CFrame":[-0.324922114610672,-0.06470644474029541,0.40308666229248049,-0.7019654512405396,-0.698360800743103,0.139773890376091,-0.05942769721150398,-0.13813532888889314,-0.9886289238929749,0.7097273468971252,-0.7022898197174072,0.05546427518129349],"EasingStyle":"Constant","EasingDirection":"In"},"Head":{"Weight":1,"CFrame":[8.940696716308594e-8,3.725290298461914e-8,0.0166623592376709,0.9857633709907532,0.16236111521720887,-0.04369957372546196,-0.1675090789794922,0.9708002209663391,-0.17171989381313325,0.014542941935360432,0.17659518122673036,0.9841760993003845],"EasingStyle":"Constant","EasingDirection":"In"},"Left Arm":{"Weight":1,"CFrame":[-0.3896852731704712,1.1517479419708253,0.6948062181472778,0.5062499642372131,0.2939593493938446,-0.8107396960258484,-0.6326460838317871,-0.5122907757759094,-0.5807901620864868,-0.5860631465911865,0.8069362640380859,-0.07337509840726853],"EasingStyle":"Constant","EasingDirection":"In"},"Torso":{"Weight":1,"CFrame":[0.29819023609161379,0.08043728768825531,-0.0911262035369873,0.9826354384422302,0.1739901751279831,0.0644591823220253,-0.17973341047763825,0.9788427948951721,0.09778901934623718,-0.046081073582172397,-0.10767640918493271,0.9931175708770752],"EasingStyle":"Constant","EasingDirection":"In"},"HumanoidRootPart":{"Weight":0,"CFrame":[0,0,0,1,0,0,0,1,0,0,0,1],"EasingStyle":"Linear","EasingDirection":"In"},"Right Leg":{"Weight":1,"CFrame":[0.11524944007396698,0.0792495608329773,0.02139425277709961,0.9461950063705444,0.0818534791469574,-0.3130735754966736,-0.01974274031817913,0.9802795648574829,0.19662737846374513,0.3229943513870239,-0.1798669844865799,0.9291516542434692],"EasingStyle":"Constant","EasingDirection":"In"}}},{"Time":0.5,"poses":{"Left Leg":{"Weight":1,"CFrame":[-0.3432166874408722,0.0978853702545166,0.20396852493286134,0.8367387056350708,-0.4833861291408539,0.25730565190315249,0.4210500121116638,0.8683461546897888,0.26209184527397158,-0.35012194514274599,-0.11096387356519699,0.9301085472106934],"EasingStyle":"Constant","EasingDirection":"In"},"Right Arm":{"Weight":1,"CFrame":[-0.3051132261753082,-0.06977766752243042,0.46768832206726076,-0.7058470845222473,-0.6970733404159546,0.12597107887268067,-0.08076903969049454,-0.09747488051652909,-0.9919552206993103,0.7037445306777954,-0.7103432416915894,0.012500334531068802],"EasingStyle":"Constant","EasingDirection":"In"},"Head":{"Weight":1,"CFrame":[1.341104507446289e-7,2.9802322387695315e-8,0.016662120819091798,0.9822834730148315,0.024970270693302156,-0.18573026359081269,-0.06553803384304047,0.974273145198822,-0.21563079953193665,0.17556768655776978,0.22398287057876588,0.9586488604545593],"EasingStyle":"Constant","EasingDirection":"In"},"Left Arm":{"Weight":1,"CFrame":[-0.3691437840461731,1.1595032215118409,0.7625439167022705,0.5146993398666382,0.2965988516807556,-0.8044338822364807,-0.6463901400566101,-0.4821619987487793,-0.5913540720939636,-0.5632622838020325,0.8243476152420044,-0.05645003542304039],"EasingStyle":"Constant","EasingDirection":"In"},"Torso":{"Weight":1,"CFrame":[0.40898004174232485,0.07336054742336273,-0.13805866241455079,0.9522812366485596,0.29011350870132449,0.09484002739191055,-0.29838308691978457,0.9502702355384827,0.08918571472167969,-0.06424965709447861,-0.11322852224111557,0.9914895296096802],"EasingStyle":"Constant","EasingDirection":"In"},"HumanoidRootPart":{"Weight":0,"CFrame":[0,0,0,1,0,0,0,1,0,0,0,1],"EasingStyle":"Linear","EasingDirection":"In"},"Right Leg":{"Weight":1,"CFrame":[0.17146232724189759,0.09027504920959473,-0.0029616355895996095,0.9809991717338562,0.009200857020914555,-0.19379353523254395,0.029929175972938539,0.9797410368919373,0.1980198621749878,0.19168952107429505,-0.20005743205547334,0.9608497023582459],"EasingStyle":"Constant","EasingDirection":"In"}}},{"Time":0.5416666865348816,"poses":{"Left Leg":{"Weight":1,"CFrame":[-0.1727740615606308,0.64811110496521,0.3287205696105957,0.5450029969215393,-0.4451177716255188,0.7105221748352051,0.20685043931007386,0.8926271796226502,0.40053659677505495,-0.8125174641609192,-0.07132184505462647,0.578557550907135],"EasingStyle":"Constant","EasingDirection":"In"},"Right Arm":{"Weight":1,"CFrame":[-0.2974047064781189,-0.06989023089408875,0.4618762731552124,-0.8776698112487793,-0.47534313797950747,0.06119316816329956,-0.014459433034062386,-0.1013600155711174,-0.9947447776794434,0.47904762625694277,-0.8739422559738159,0.08208782225847244],"EasingStyle":"Constant","EasingDirection":"In"},"Head":{"Weight":1,"CFrame":[8.568167686462403e-8,-1.4901161193847657e-8,0.016662240028381349,0.9823611974716187,0.02502685785293579,-0.18531154096126557,-0.0654749721288681,0.9743042588233948,-0.21550941467285157,0.17515629529953004,0.22384138405323029,0.9587571620941162],"EasingStyle":"Constant","EasingDirection":"In"},"Left Arm":{"Weight":1,"CFrame":[-0.35365068912506106,1.0515146255493165,0.7796072959899902,0.48652029037475588,0.28623372316360476,-0.8254504799842835,-0.5967055559158325,-0.5812513828277588,-0.5532532930374146,-0.6381539106369019,0.7617197632789612,-0.11199340969324112],"EasingStyle":"Constant","EasingDirection":"In"},"Torso":{"Weight":1,"CFrame":[0.5722668170928955,0.02699960768222809,-0.46639585494995119,0.9382033944129944,0.2748563587665558,0.21030543744564057,-0.29838308691978457,0.9502702355384827,0.08918572217226029,-0.17533370852470399,-0.14642590284347535,0.9735593199729919],"EasingStyle":"Constant","EasingDirection":"In"},"HumanoidRootPart":{"Weight":0,"CFrame":[0,0,0,1,0,0,0,1,0,0,0,1],"EasingStyle":"Linear","EasingDirection":"In"},"Right Leg":{"Weight":1,"CFrame":[0.32073548436164858,0.24139440059661866,0.22639012336730958,0.8278213143348694,0.206773579120636,-0.5214945077896118,-0.17394980788230897,0.9783871173858643,0.11180411279201508,0.533341646194458,-0.0018399667460471392,0.8458979725837708],"EasingStyle":"Constant","EasingDirection":"In"}}},{"Time":0.5833333134651184,"poses":{"Left Leg":{"Weight":1,"CFrame":[-0.1179710328578949,0.564209520816803,0.3305041790008545,0.5560917854309082,-0.4247851073741913,0.7143664360046387,0.18990430235862733,0.9017254114151001,0.3883654475212097,-0.809134304523468,-0.0803055688738823,0.5821108222007752],"EasingStyle":"Constant","EasingDirection":"In"},"Right Arm":{"Weight":1,"CFrame":[-0.2974047064781189,-0.06989046931266785,0.4618762731552124,-0.8776698112487793,-0.47534313797950747,0.06119316816329956,-0.014459433034062386,-0.1013600155711174,-0.9947447776794434,0.47904762625694277,-0.8739422559738159,0.08208782225847244],"EasingStyle":"Constant","EasingDirection":"In"},"Head":{"Weight":1,"CFrame":[7.078051567077637e-8,0,0.016662001609802247,0.9823611974716187,0.02502685785293579,-0.18531154096126557,-0.0654749721288681,0.9743042588233948,-0.21550941467285157,0.17515629529953004,0.22384138405323029,0.9587571620941162],"EasingStyle":"Constant","EasingDirection":"In"},"Left Arm":{"Weight":1,"CFrame":[-0.35365068912506106,1.0515143871307374,0.7796072959899902,0.48652029037475588,0.28623372316360476,-0.8254504799842835,-0.5967055559158325,-0.5812513828277588,-0.5532532930374146,-0.6381539106369019,0.7617197632789612,-0.11199340969324112],"EasingStyle":"Constant","EasingDirection":"In"},"Torso":{"Weight":1,"CFrame":[0.5722668170928955,0.02699960768222809,-0.3682527542114258,0.9382033944129944,0.2748563587665558,0.21030543744564057,-0.29838308691978457,0.9502702355384827,0.08918572217226029,-0.17533370852470399,-0.14642590284347535,0.9735593199729919],"EasingStyle":"Constant","EasingDirection":"In"},"HumanoidRootPart":{"Weight":0,"CFrame":[0,0,0,1,0,0,0,1,0,0,0,1],"EasingStyle":"Linear","EasingDirection":"In"},"Right Leg":{"Weight":1,"CFrame":[0.21963384747505189,0.1572977900505066,0.17935287952423097,0.8359246850013733,0.1620079129934311,-0.5243885517120361,-0.1278824657201767,0.9866371750831604,0.10096132010221482,0.5337377190589905,-0.017336025834083558,0.8454723954200745],"EasingStyle":"Constant","EasingDirection":"In"}}},{"Time":0.625,"poses":{"Left Leg":{"Weight":1,"CFrame":[-0.1179710328578949,0.564209520816803,0.3305041790008545,0.5560917854309082,-0.4247851073741913,0.7143664360046387,0.18990430235862733,0.9017254114151001,0.3883654475212097,-0.809134304523468,-0.0803055688738823,0.5821108222007752],"EasingStyle":"Constant","EasingDirection":"In"},"Right Arm":{"Weight":1,"CFrame":[-0.2974047064781189,-0.06989046931266785,0.4618762731552124,-0.8776698112487793,-0.47534313797950747,0.06119316816329956,-0.014459433034062386,-0.1013600155711174,-0.9947447776794434,0.47904762625694277,-0.8739422559738159,0.08208782225847244],"EasingStyle":"Constant","EasingDirection":"In"},"Head":{"Weight":1,"CFrame":[7.078051567077637e-8,0,0.016662001609802247,0.9823611974716187,0.02502685785293579,-0.18531154096126557,-0.0654749721288681,0.9743042588233948,-0.21550941467285157,0.17515629529953004,0.22384138405323029,0.9587571620941162],"EasingStyle":"Constant","EasingDirection":"In"},"Left Arm":{"Weight":1,"CFrame":[-0.35365068912506106,1.0515143871307374,0.7796072959899902,0.48652029037475588,0.28623372316360476,-0.8254504799842835,-0.5967055559158325,-0.5812513828277588,-0.5532532930374146,-0.6381539106369019,0.7617197632789612,-0.11199340969324112],"EasingStyle":"Constant","EasingDirection":"In"},"Torso":{"Weight":1,"CFrame":[0.5722668170928955,0.02699960768222809,-0.3682527542114258,0.9382033944129944,0.2748563587665558,0.21030543744564057,-0.29838308691978457,0.9502702355384827,0.08918572217226029,-0.17533370852470399,-0.14642590284347535,0.9735593199729919],"EasingStyle":"Constant","EasingDirection":"In"},"HumanoidRootPart":{"Weight":0,"CFrame":[0,0,0,1,0,0,0,1,0,0,0,1],"EasingStyle":"Linear","EasingDirection":"In"},"Right Leg":{"Weight":1,"CFrame":[0.21963384747505189,0.1572977900505066,0.17935287952423097,0.8359246850013733,0.1620079129934311,-0.5243885517120361,-0.1278824657201767,0.9866371750831604,0.10096132010221482,0.5337377190589905,-0.017336025834083558,0.8454723954200745],"EasingStyle":"Constant","EasingDirection":"In"}}},{"Time":0.6666666865348816,"poses":{"Left Leg":{"Weight":1,"CFrame":[-0.36619484424591067,0.3369046449661255,0.10727846622467041,0.9876694083213806,-0.151005819439888,-0.041307996958494189,0.15655365586280824,0.953036367893219,0.25925400853157046,0.00021912988449912518,-0.26252418756484988,0.9649254679679871],"EasingStyle":"Constant","EasingDirection":"In"},"Right Arm":{"Weight":1,"CFrame":[0.14776812493801118,0.37492311000823977,0.4806787967681885,-0.20750851929187776,-0.9781016707420349,-0.01604418084025383,0.09346102923154831,-0.003496565856039524,-0.9956167936325073,0.973758339881897,-0.20809854567050935,0.09213995933532715],"EasingStyle":"Constant","EasingDirection":"In"},"Head":{"Weight":1,"CFrame":[1.1548399925231934e-7,2.7939677238464357e-9,0.016661643981933595,0.9907914400100708,0.05641550198197365,-0.12308389693498612,-0.07063222676515579,0.9909229874610901,-0.11438043415546417,0.11551380902528763,0.1220208927989006,0.9857827425003052],"EasingStyle":"Constant","EasingDirection":"In"},"Left Arm":{"Weight":1,"CFrame":[-0.353646844625473,1.0512112379074097,0.7794145345687866,0.4859347641468048,0.2862946391105652,-0.8257741928100586,-0.5895702242851257,-0.5901057124137878,-0.5515269637107849,-0.6451932191848755,0.7548580765724182,-0.11796226352453232],"EasingStyle":"Constant","EasingDirection":"In"},"Torso":{"Weight":1,"CFrame":[0.24594806134700776,-0.013541050255298615,-0.26850271224975588,0.9985085129737854,0.04117942228913307,0.03584703803062439,-0.042603038251399997,0.9982950687408447,0.03989971801638603,-0.0341428741812706,-0.04136740043759346,0.9985604882240295],"EasingStyle":"Constant","EasingDirection":"In"},"HumanoidRootPart":{"Weight":0,"CFrame":[0,0,0,1,0,0,0,1,0,0,0,1],"EasingStyle":"Linear","EasingDirection":"In"},"Right Leg":{"Weight":1,"CFrame":[0.5466471314430237,0.22892719507217408,-0.06588137149810791,0.9030209183692932,0.14195911586284638,0.40546393394470217,-0.22994665801525117,0.9569581747055054,0.17707526683807374,-0.36287450790405276,-0.2531376779079437,0.8967962265014648],"EasingStyle":"Constant","EasingDirection":"In"}}},{"Time":0.7083333134651184,"poses":{"Left Leg":{"Weight":1,"CFrame":[-0.36619484424591067,0.3369046449661255,0.10727846622467041,0.9876694083213806,-0.151005819439888,-0.041307996958494189,0.15655365586280824,0.953036367893219,0.25925400853157046,0.00021912988449912518,-0.26252418756484988,0.9649254679679871],"EasingStyle":"Constant","EasingDirection":"In"},"Right Arm":{"Weight":1,"CFrame":[0.14776812493801118,0.37492311000823977,0.4806787967681885,-0.20750851929187776,-0.9781016707420349,-0.01604418084025383,0.09346102923154831,-0.003496565856039524,-0.9956167936325073,0.973758339881897,-0.20809854567050935,0.09213995933532715],"EasingStyle":"Constant","EasingDirection":"In"},"Head":{"Weight":1,"CFrame":[1.1548399925231934e-7,2.7939677238464357e-9,0.016661643981933595,0.9907914400100708,0.05641550198197365,-0.12308389693498612,-0.07063222676515579,0.9909229874610901,-0.11438043415546417,0.11551380902528763,0.1220208927989006,0.9857827425003052],"EasingStyle":"Constant","EasingDirection":"In"},"Left Arm":{"Weight":1,"CFrame":[-0.353646844625473,1.0512112379074097,0.7794145345687866,0.4859347641468048,0.2862946391105652,-0.8257741928100586,-0.5895702242851257,-0.5901057124137878,-0.5515269637107849,-0.6451932191848755,0.7548580765724182,-0.11796226352453232],"EasingStyle":"Constant","EasingDirection":"In"},"Torso":{"Weight":1,"CFrame":[0.24594806134700776,-0.013541050255298615,-0.26850271224975588,0.9985085129737854,0.04117942228913307,0.03584703803062439,-0.042603038251399997,0.9982950687408447,0.03989971801638603,-0.0341428741812706,-0.04136740043759346,0.9985604882240295],"EasingStyle":"Constant","EasingDirection":"In"},"HumanoidRootPart":{"Weight":0,"CFrame":[0,0,0,1,0,0,0,1,0,0,0,1],"EasingStyle":"Linear","EasingDirection":"In"},"Right Leg":{"Weight":1,"CFrame":[0.5466471314430237,0.22892719507217408,-0.06588137149810791,0.9030209183692932,0.14195911586284638,0.40546393394470217,-0.22994665801525117,0.9569581747055054,0.17707526683807374,-0.36287450790405276,-0.2531376779079437,0.8967962265014648],"EasingStyle":"Constant","EasingDirection":"In"}}},{"Time":0.75,"poses":{"Left Leg":{"Weight":1,"CFrame":[-0.26430943608283999,0.2584035396575928,0.13738012313842774,0.9942077994346619,-0.09959005564451218,-0.04040616378188133,0.10643108934164047,0.9645898938179016,0.2413271963596344,0.014941570349037648,-0.24422991275787354,0.9696022868156433],"EasingStyle":"Constant","EasingDirection":"In"},"Right Arm":{"Weight":1,"CFrame":[0.07579732686281204,0.3776009678840637,0.486985445022583,-0.12194989621639252,-0.9925121665000916,0.00691625801846385,0.020451292395591737,-0.009479604661464692,-0.9997459053993225,0.9923256039619446,-0.1217775046825409,0.021454177796840669],"EasingStyle":"Constant","EasingDirection":"In"},"Head":{"Weight":1,"CFrame":[8.591450750827789e-8,7.450580596923828e-9,0.016661763191223146,0.9933483004570007,0.058366499841213229,-0.09925992041826248,-0.06957347691059113,0.9911019206047058,-0.11347514390945435,0.09175355732440949,0.1196262389421463,0.9885701537132263],"EasingStyle":"Constant","EasingDirection":"In"},"Left Arm":{"Weight":1,"CFrame":[-0.3536469042301178,1.051211953163147,0.7794144153594971,0.485934853553772,0.2862945795059204,-0.8257741332054138,-0.589570164680481,-0.5901058912277222,-0.5515270829200745,-0.6451932787895203,0.7548579573631287,-0.11796224862337113],"EasingStyle":"Constant","EasingDirection":"In"},"Torso":{"Weight":1,"CFrame":[0.1904611736536026,-0.013541057705879212,-0.20128154754638673,0.999040961265564,0.042162805795669559,0.011811108328402043,-0.04260304197669029,0.9982950687408447,0.03989972174167633,-0.010108686983585358,-0.040364645421504977,0.9991338849067688],"EasingStyle":"Constant","EasingDirection":"In"},"HumanoidRootPart":{"Weight":0,"CFrame":[0,0,0,1,0,0,0,1,0,0,0,1],"EasingStyle":"Linear","EasingDirection":"In"},"Right Leg":{"Weight":1,"CFrame":[0.4993292987346649,0.19843512773513795,-0.0393638014793396,0.9059297442436218,0.11749851703643799,0.4067990183830261,-0.20421920716762544,0.9628485441207886,0.17668426036834718,-0.37092551589012148,-0.24313969910144807,0.8962685465812683],"EasingStyle":"Constant","EasingDirection":"In"}}},{"Time":0.7916666865348816,"poses":{"Left Leg":{"Weight":1,"CFrame":[-0.26430943608283999,0.2584035396575928,0.13738012313842774,0.9942077994346619,-0.09959005564451218,-0.04040616378188133,0.10643108934164047,0.9645898938179016,0.2413271963596344,0.014941570349037648,-0.24422991275787354,0.9696022868156433],"EasingStyle":"Constant","EasingDirection":"In"},"Right Arm":{"Weight":1,"CFrame":[0.07579732686281204,0.3776009678840637,0.486985445022583,-0.12194989621639252,-0.9925121665000916,0.00691625801846385,0.020451292395591737,-0.009479604661464692,-0.9997459053