{"Sequence":[{"Time":0,"poses":{"Left Leg":{"Weight":1,"CFrame":[-0.07347026467323303,-0.10495495796203613,0.3289647102355957,0.8849889636039734,-0.27673524618148806,0.3744491636753082,0.3309231698513031,0.9395706653594971,-0.08773157000541687,-0.3275429606437683,0.20155534148216248,0.9230877757072449],"EasingStyle":"Linear","EasingDirection":"In"},"Right Arm":{"Weight":1,"CFrame":[0.8343883752822876,-0.12968209385871888,0.07340192794799805,-0.9992662072181702,-0.011069336906075478,-0.03666694834828377,-0.010272935032844544,-0.844791829586029,0.5349966287612915,-0.036897942423820499,0.5349806547164917,0.8440581560134888],"EasingStyle":"Linear","EasingDirection":"In"},"Left Arm":{"Weight":1,"CFrame":[0.27423033118247988,-0.10776418447494507,-0.06704407930374146,0.5544577240943909,-0.17162057757377625,0.8143237233161926,0.29432663321495058,0.9557043313980103,0.0010153800249099732,-0.7784269452095032,0.2391141653060913,0.5804101228713989],"EasingStyle":"Linear","EasingDirection":"In"},"Right Leg":{"Weight":1,"CFrame":[0.2557028532028198,0.14188915491104127,0.22504281997680665,0.7662270069122315,0.21326395869255067,-0.6061475276947022,-0.20169977843761445,0.9754648804664612,0.08823542296886444,0.6100929379463196,0.054651450365781787,0.790442705154419],"EasingStyle":"Linear","EasingDirection":"In"},"Torso":{"Weight":1,"CFrame":[1.4479811127898757e-8,9.436242646911498e-15,-0.09589529037475586,0.936917245388031,0.3428741693496704,-0.06799542158842087,-0.34039071202278139,0.9391769766807556,0.04561551660299301,0.07950012385845185,-0.019592955708503724,0.9966422915458679],"EasingStyle":"Linear","EasingDirection":"In"},"HumanoidRootPart":{"Weight":0,"CFrame":[0,0,0,1,0,0,0,1,0,0,0,1],"EasingStyle":"Linear","EasingDirection":"In"},"Head":{"Weight":1,"CFrame":[1.5366822481155396e-7,-3.725290298461914e-9,4.76837158203125e-7,0.9411314725875855,-0.1549384742975235,0.30044233798980715,0.12004882097244263,0.9840316772460938,0.1314152628183365,-0.31600603461265566,-0.08761128038167954,0.9447033405303955],"EasingStyle":"Linear","EasingDirection":"In"}}},{"Time":0.03333333507180214,"poses":{"Left Leg":{"Weight":1,"CFrame":[-0.07611256837844849,-0.09205758571624756,0.3125110864639282,0.8789545893669128,-0.29077985882759097,0.3780023753643036,0.34219035506248476,0.9366178512573242,-0.07518502324819565,-0.33218151330947878,0.19543299078941346,0.9227466583251953],"EasingStyle":"Linear","EasingDirection":"In"},"Right Arm":{"Weight":1,"CFrame":[0.7325705289840698,-0.17933887243270875,0.10063588619232178,-0.9926522374153137,-0.1207803413271904,0.007326460909098387,0.09864843636751175,-0.7727222442626953,0.6270319223403931,-0.07007179409265518,0.623147189617157,0.7789590954780579],"EasingStyle":"Linear","EasingDirection":"In"},"Left Arm":{"Weight":1,"CFrame":[0.2729516625404358,-0.10823225975036621,-0.0645453929901123,0.5611706972122192,-0.10549189895391464,0.8209499716758728,0.20592878758907319,0.9784514904022217,-0.01503435056656599,-0.8016737699508667,0.17749406397342683,0.5708021521568298],"EasingStyle":"Linear","EasingDirection":"In"},"Right Leg":{"Weight":1,"CFrame":[0.2503110468387604,0.15407794713974,0.2181398868560791,0.7685908675193787,0.21799921989440919,-0.6014519929885864,-0.2028137892484665,0.9746849536895752,0.09410514682531357,0.6067410111427307,0.04965438321232796,0.793347179889679],"EasingStyle":"Linear","EasingDirection":"In"},"Torso":{"Weight":1,"CFrame":[1.612550981633376e-8,1.0508715107143425e-14,-0.10679435729980469,0.935107946395874,0.3480706512928009,-0.06648311764001847,-0.3450458347797394,0.9370920062065125,0.052933041006326678,0.08072523027658463,-0.026558388024568559,0.996382474899292],"EasingStyle":"Linear","EasingDirection":"In"},"HumanoidRootPart":{"Weight":0,"CFrame":[0,0,0,1,0,0,0,1,0,0,0,1],"EasingStyle":"Linear","EasingDirection":"In"},"Head":{"Weight":1,"CFrame":[1.6391277313232423e-7,9.313225746154785e-9,-2.980232238769531e-7,0.941917896270752,-0.15444067120552064,0.298225998878479,0.12233944982290268,0.9847647547721863,0.12357747554779053,-0.3127678334712982,-0.07991502434015274,0.9464617371559143],"EasingStyle":"Linear","EasingDirection":"In"}}},{"Time":0.06666667014360428,"poses":{"Left Leg":{"Weight":1,"CFrame":[-0.10786899924278259,-0.04440295696258545,0.2810485363006592,0.8745738863945007,-0.3073168992996216,0.37506914138793948,0.35075464844703677,0.9350365996360779,-0.05174602195620537,-0.33480092883110049,0.17681299149990083,0.9255514740943909],"EasingStyle":"Linear","EasingDirection":"In"},"Right Arm":{"Weight":1,"CFrame":[0.5781253576278687,-0.24203070998191834,0.11929237842559815,-0.910027265548706,-0.38875946402549746,0.14393213391304017,0.3718585669994354,-0.6120715737342835,0.6979179978370667,-0.18322540819644929,0.6886468529701233,0.7015653848648071],"EasingStyle":"Linear","EasingDirection":"In"},"Left Arm":{"Weight":1,"CFrame":[0.2662697434425354,-0.10946443676948548,-0.0571749210357666,0.5470015406608582,0.08516596257686615,0.8327881693840027,-0.05411688610911369,0.9963281154632568,-0.06634488701820374,-0.8353805541992188,-0.008777160197496415,0.5496018528938294],"EasingStyle":"Linear","EasingDirection":"In"},"Right Leg":{"Weight":1,"CFrame":[0.24722875654697419,0.19488102197647096,0.20221304893493653,0.7698477506637573,0.21703246235847474,-0.6001928448677063,-0.19875295460224152,0.9751685261726379,0.09769143909215927,0.6064913272857666,0.044082529842853549,0.7938671112060547],"EasingStyle":"Linear","EasingDirection":"In"},"Torso":{"Weight":1,"CFrame":[2.1966592100852723e-8,1.4315248137819308e-14,-0.1454782485961914,0.9348258972167969,0.3490179777145386,-0.06547519564628601,-0.3459467887878418,0.9367062449455261,0.0538724884390831,0.08013348281383515,-0.027710463851690294,0.9963988661766052],"EasingStyle":"Linear","EasingDirection":"In"},"HumanoidRootPart":{"Weight":0,"CFrame":[0,0,0,1,0,0,0,1,0,0,0,1],"EasingStyle":"Linear","EasingDirection":"In"},"Head":{"Weight":1,"CFrame":[1.4156103134155274e-7,-7.450580596923828e-9,-5.960464477539063e-8,0.9455778002738953,-0.1505431979894638,0.28847765922546389,0.12129919230937958,0.985719621181488,0.11680483818054199,-0.30194222927093508,-0.07545594125986099,0.9503353238105774],"EasingStyle":"Linear","EasingDirection":"In"}}},{"Time":0.10000000149011612,"poses":{"Left Leg":{"Weight":1,"CFrame":[-0.21212463080883027,0.05608010292053223,0.2578403949737549,0.8901590704917908,-0.30330416560173037,0.34003448486328127,0.3321019411087036,0.9428152441978455,-0.02842017263174057,-0.3119697570800781,0.13822461664676667,0.9399834275245667],"EasingStyle":"Linear","EasingDirection":"In"},"Right Arm":{"Weight":1,"CFrame":[0.3862813413143158,-0.30584460496902468,0.13617050647735597,-0.6567352414131165,-0.6703808307647705,0.34538161754608157,0.6628826260566711,-0.2948065400123596,0.6882410049438477,-0.35956281423568728,0.6809395551681519,0.637993574142456],"EasingStyle":"Linear","EasingDirection":"In"},"Left Arm":{"Weight":1,"CFrame":[0.24991554021835328,-0.11120641231536865,-0.045122623443603519,0.4235203266143799,0.3666408658027649,0.8283749222755432,-0.4534493386745453,0.8774310350418091,-0.15651974081993104,-0.7842284440994263,-0.30933678150177,0.5378629565238953],"EasingStyle":"Linear","EasingDirection":"In"},"Right Leg":{"Weight":1,"CFrame":[0.2571328282356262,0.262992799282074,0.19105350971221925,0.7916204333305359,0.1907368302345276,-0.580479621887207,-0.18411332368850709,0.9803343415260315,0.07104122638702393,0.5826142430305481,0.050636328756809238,0.8111698627471924],"EasingStyle":"Linear","EasingDirection":"In"},"Torso":{"Weight":1,"CFrame":[3.335903642209814e-8,2.1739505473030407e-14,-0.22092676162719727,0.9468016028404236,0.3154264986515045,-0.06381889432668686,-0.31447359919548037,0.9489441514015198,0.024726491421461107,0.06835995614528656,-0.0033417227678000929,0.9976551532745361],"EasingStyle":"Linear","EasingDirection":"In"},"HumanoidRootPart":{"Weight":0,"CFrame":[0,0,0,1,0,0,0,1,0,0,0,1],"EasingStyle":"Linear","EasingDirection":"In"},"Head":{"Weight":1,"CFrame":[1.1641532182693482e-7,-4.6566128730773929e-9,2.384185791015625e-7,0.9576035141944885,-0.11183510720729828,0.2654965817928314,0.08123611658811569,0.9890024065971375,0.12359179556369782,-0.276398628950119,-0.09678402543067932,0.9561572074890137],"EasingStyle":"Linear","EasingDirection":"In"}}},{"Time":0.13333334028720857,"poses":{"Left Leg":{"Weight":1,"CFrame":[-0.3739902973175049,0.2268596887588501,0.22931194305419923,0.9291421175003052,-0.2597062289714813,0.2631494402885437,0.27002185583114626,0.9628490209579468,-0.0031573232263326647,-0.25255316495895388,0.07398970425128937,0.9647499322891235],"EasingStyle":"Linear","EasingDirection":"In"},"Right Arm":{"Weight":1,"CFrame":[0.17226764559745789,-0.358867347240448,0.15806901454925538,-0.3111998438835144,-0.7997456192970276,0.513382613658905,0.7975810170173645,0.07394343614578247,0.5986625552177429,-0.516739010810852,0.5957678556442261,0.6148507595062256],"EasingStyle":"Linear","EasingDirection":"In"},"Left Arm":{"Weight":1,"CFrame":[0.219620019197464,-0.11320370435714722,-0.028578102588653566,0.12224224954843521,0.6097708344459534,0.7830941081047058,-0.8264657855033875,0.49942103028297427,-0.25987082719802859,-0.5495553612709045,-0.6154333353042603,0.5650050640106201],"EasingStyle":"Linear","EasingDirection":"In"},"Right Leg":{"Weight":1,"CFrame":[0.27867692708969118,0.3570099472999573,0.18829429149627686,0.8394537568092346,0.13702547550201417,-0.5258722305297852,-0.15261684358119965,0.9881881475448608,0.013866756111383438,0.5215606093406677,0.06861644238233566,0.8504505157470703],"EasingStyle":"Linear","EasingDirection":"In"},"Torso":{"Weight":1,"CFrame":[5.012385884128889e-8,3.2664853217038647e-14,-0.3319554328918457,0.97207111120224,0.2280719131231308,-0.05532631650567055,-0.23038315773010255,0.972289502620697,-0.03970770537853241,0.04473698511719704,0.051344964653253558,0.9976784586906433],"EasingStyle":"Linear","EasingDirection":"In"},"HumanoidRootPart":{"Weight":0,"CFrame":[0,0,0,1,0,0,0,1,0,0,0,1],"EasingStyle":"Linear","EasingDirection":"In"},"Head":{"Weight":1,"CFrame":[1.7043203115463258e-7,5.587935447692871e-9,0,0.9736029505729675,-0.01831205002963543,0.2275124490261078,-0.015821237117052079,0.9889646768569946,0.147304505109787,-0.22769924998283387,-0.14701561629772187,0.9625691771507263],"EasingStyle":"Linear","EasingDirection":"In"}}},{"Time":0.1666666716337204,"poses":{"Left Leg":{"Weight":1,"CFrame":[-0.5069257020950317,0.41489797830581667,0.16973304748535157,0.9661431312561035,-0.19121333956718446,0.17321912944316865,0.18813039362430573,0.9815483689308167,0.034200772643089297,-0.1765626221895218,-0.00045506845344789326,0.984289288520813],"EasingStyle":"Linear","EasingDirection":"In"},"Right Arm":{"Weight":1,"CFrame":[-0.04652373492717743,-0.39248883724212649,0.18978559970855714,-0.06524588167667389,-0.8045980930328369,0.5902243852615356,0.7889444828033447,0.32056924700737,0.5242155194282532,-0.6109907031059265,0.49985718727111819,0.6138674020767212],"EasingStyle":"Linear","EasingDirection":"In"},"Left Arm":{"Weight":1,"CFrame":[0.1711142361164093,-0.11520108580589295,-0.007730841636657715,-0.2672508656978607,0.6583022475242615,0.7037153244018555,-0.9463633894920349,-0.04168863967061043,-0.3204033374786377,-0.1815853714942932,-0.7515984773635864,0.6341344118118286],"EasingStyle":"Linear","EasingDirection":"In"},"Right Leg":{"Weight":1,"CFrame":[0.3033587336540222,0.4436420202255249,0.18525731563568116,0.8892634510993958,0.09176231920719147,-0.44809621572494509,-0.11972033977508545,0.9922114610671997,-0.03440177068114281,0.4414493143558502,0.08423842489719391,0.8933231830596924],"EasingStyle":"Linear","EasingDirection":"In"},"Torso":{"Weight":1,"CFrame":[6.594221702016512e-8,4.2973403427317566e-14,-0.43671560287475588,0.9935658574104309,0.10846743732690811,-0.032583437860012057,-0.11130750179290772,0.9883236289024353,-0.10405302792787552,0.020916618406772615,0.10701031237840653,0.9940378665924072],"EasingStyle":"Linear","EasingDirection":"In"},"HumanoidRootPart":{"Weight":0,"CFrame":[0,0,0,1,0,0,0,1,0,0,0,1],"EasingStyle":"Linear","EasingDirection":"In"},"Head":{"Weight":1,"CFrame":[1.6111880540847779e-7,-2.9569491744041444e-8,-2.980232238769531e-7,0.9780435562133789,0.1078978031873703,0.17829440534114839,-0.1384076178073883,0.9759092330932617,0.16865499317646027,-0.15580163896083833,-0.1896292269229889,0.9694156050682068],"EasingStyle":"Linear","EasingDirection":"In"}}},{"Time":0.20000000298023225,"poses":{"Left Leg":{"Weight":1,"CFrame":[-0.6117260456085205,0.5266358852386475,0.10827577114105225,0.9840220212936401,-0.14820994436740876,0.09866313636302948,0.14104612171649934,0.9870784282684326,0.07604030519723892,-0.10865817219018936,-0.06090927869081497,0.9922114014625549],"EasingStyle":"Linear","EasingDirection":"In"},"Right Arm":{"Weight":1,"CFrame":[-0.24404826760292054,-0.41131624579429629,0.2281118631362915,0.06463424116373062,-0.7870182991027832,0.6135346293449402,0.7430282235145569,0.4483644366264343,0.4968684911727905,-0.6661317348480225,0.42375877499580386,0.6137564778327942],"EasingStyle":"Linear","EasingDirection":"In"},"Left Arm":{"Weight":1,"CFrame":[0.1001291573047638,-0.1169431209564209,0.017229557037353517,-0.5766536593437195,0.5240115523338318,0.6268033385276794,-0.8029215931892395,-0.5052516460418701,-0.3162872791290283,0.15095534920692445,-0.6856622099876404,0.7120954990386963],"EasingStyle":"Linear","EasingDirection":"In"},"Right Leg":{"Weight":1,"CFrame":[0.3384701609611511,0.46518784761428835,0.1791766881942749,0.922883927822113,0.0935058444738388,-0.3735530972480774,-0.1232726201415062,0.9907602667808533,-0.05655014142394066,0.36481374502182009,0.09823807328939438,0.9258834719657898],"EasingStyle":"Linear","EasingDirection":"In"},"Torso":{"Weight":1,"CFrame":[7.296029025383177e-8,4.754696121414895e-14,-0.48319387435913088,0.9998000264167786,-0.019870398566126825,0.0022551724687218668,0.01999395713210106,0.9909663200378418,-0.13261228799819947,0.00040025857742875814,0.132630854845047,0.9911653995513916],"EasingStyle":"Linear","EasingDirection":"In"},"HumanoidRootPart":{"Weight":0,"CFrame":[0,0,0,1,0,0,0,1,0,0,0,1],"EasingStyle":"Linear","EasingDirection":"In"},"Head":{"Weight":1,"CFrame":[1.5052501112222672e-7,-2.5902409106492997e-8,-1.1920928955078126e-7,0.9633386135101318,0.24158936738967896,0.11667622625827789,-0.2587660253047943,0.9515177607536316,0.16629533469676972,-0.07084429264068604,-0.19039057195186616,0.9791488647460938],"EasingStyle":"Linear","EasingDirection":"In"}}},{"Time":0.23333333432674409,"poses":{"Left Leg":{"Weight":1,"CFrame":[-0.6945073008537293,0.5159158706665039,0.08295130729675293,0.9886684417724609,-0.13571001589298249,0.06416764855384827,0.12869471311569215,0.9863102436065674,0.10310068726539612,-0.07728096842765808,-0.09367439150810242,0.9925990104675293],"EasingStyle":"Linear","EasingDirection":"In"},"Right Arm":{"Weight":1,"CFrame":[-0.3920983374118805,-0.4232615530490875,0.2678384780883789,0.1274394690990448,-0.7759287357330322,0.6178137063980103,0.704585611820221,0.5092269778251648,0.49421343207359316,-0.6980818510055542,0.37232038378715517,0.6116039156913757],"EasingStyle":"Linear","EasingDirection":"In"},"Left Arm":{"Weight":1,"CFrame":[0.0023958832025527956,-0.1181756854057312,0.04611384868621826,-0.7538846731185913,0.3224616050720215,0.5724303722381592,-0.5444852113723755,-0.794237494468689,-0.269671231508255,0.36768701672554018,-0.5149809122085571,0.7743390202522278],"EasingStyle":"Linear","EasingDirection":"In"},"Right Leg":{"Weight":1,"CFrame":[0.35304921865463259,0.3781719207763672,0.17088055610656739,0.9350890517234802,0.11911193281412125,-0.3337975740432739,-0.15119586884975434,0.9858964681625366,-0.07174885272979737,0.3205437660217285,0.11756039410829544,0.9399102330207825],"EasingStyle":"Linear","EasingDirection":"In"},"Torso":{"Weight":1,"CFrame":[0.006887184921652079,4.4882595418016539e-9,-0.4325408935546875,0.9896031022071838,-0.13831275701522828,0.039437636733055118,0.1422732174396515,0.9815784096717835,-0.12752316892147065,-0.021073054522275926,0.13180825114250184,0.991051197052002],"EasingStyle":"Linear","EasingDirection":"In"},"HumanoidRootPart":{"Weight":0,"CFrame":[0,0,0,1,0,0,0,1,0,0,0,1],"EasingStyle":"Linear","EasingDirection":"In"},"Head":{"Weight":1,"CFrame":[1.601874828338623e-7,3.4924596548080447e-8,-1.7881393432617188e-7,0.9360841512680054,0.34955301880836489,0.03948613256216049,-0.3514138460159302,0.9241170883178711,0.15005303919315339,0.015961697325110437,-0.15433824062347413,0.9878891110420227],"EasingStyle":"Linear","EasingDirection":"In"}}},{"Time":0.2666666805744171,"poses":{"Left Leg":{"Weight":1,"CFrame":[-0.7328448295593262,0.43662816286087038,0.09722661972045899,0.9895675182342529,-0.1196526437997818,0.08024567365646362,0.11040481179952622,0.987648606300354,0.11118011176586151,-0.09255744516849518,-0.10116071254014969,0.9905552268028259],"EasingStyle":"Linear","EasingDirection":"In"},"Right Arm":{"Weight":1,"CFrame":[-0.4624660909175873,-0.43623605370521548,0.30375492572784426,0.1656578779220581,-0.7658533453941345,0.6213099360466003,0.6828920245170593,0.5436112284660339,0.4880013167858124,-0.7114885449409485,0.34344637393951418,0.6130486726760864],"EasingStyle":"Linear","EasingDirection":"In"},"Left Arm":{"Weight":1,"CFrame":[-0.12635456025600434,-0.11864268779754639,0.07873201370239258,-0.8337355256080627,0.1212410107254982,0.5386890172958374,-0.266239732503891,-0.9429652690887451,-0.19983233511447907,0.4837369918823242,-0.3100276291370392,0.8184626698493958],"EasingStyle":"Linear","EasingDirection":"In"},"Right Leg":{"Weight":1,"CFrame":[0.2963297367095947,0.22751212120056153,0.16823935508728028,0.9347344040870667,0.11634012311697006,-0.33576270937919619,-0.15790294110774995,0.9824622273445129,-0.09916982054710388,0.31833672523498537,0.1457153558731079,0.9367116689682007],"EasingStyle":"Linear","EasingDirection":"In"},"Torso":{"Weight":1,"CFrame":[0.025044120848178865,1.6320822027182659e-8,-0.32002782821655276,0.9675031900405884,-0.24164867401123048,0.07445493340492249,0.24900859594345094,0.9617201685905457,-0.11440715193748474,-0.043958473950624469,0.12922921776771546,0.9906399250030518],"EasingStyle":"Linear","EasingDirection":"In"},"HumanoidRootPart":{"Weight":0,"CFrame":[0,0,0,1,0,0,0,1,0,0,0,1],"EasingStyle":"Linear","EasingDirection":"In"},"Head":{"Weight":1,"CFrame":[1.5273690223693848e-7,-9.313225746154785e-9,1.1920928955078126e-7,0.9061819911003113,0.4206412136554718,-0.04353412985801697,-0.4108911454677582,0.9001433253288269,0.14460445940494538,0.10001356899738312,-0.1131502017378807,0.9885314106941223],"EasingStyle":"Linear","EasingDirection":"In"}}},{"Time":0.30000001192092898,"poses":{"Left Leg":{"Weight":1,"CFrame":[-0.7322778701782227,0.3482081890106201,0.12613236904144288,0.9854511618614197,-0.10488453507423401,0.1337357461452484,0.0901416689157486,0.9896219372749329,0.1119057685136795,-0.1440851092338562,-0.09822249412536621,0.9846785664558411],"EasingStyle":"Linear","EasingDirection":"In"},"Right Arm":{"Weight":1,"CFrame":[-0.481107622385025,-0.45618730783462527,0.3317222595214844,0.20517376065254212,-0.7402331829071045,0.6402800679206848,0.6776732206344605,0.5794560313224793,0.452757865190506,-0.7061605453491211,0.3410065770149231,0.6205253601074219],"EasingStyle":"Linear","EasingDirection":"In"},"Left Arm":{"Weight":1,"CFrame":[-0.2863704562187195,-0.0959409773349762,0.114410400390625,-0.8605244159698486,-0.06996239721775055,0.5045818090438843,0.021760590374469758,-0.9946683049201965,-0.10080396384000778,0.5089442133903503,-0.07576427608728409,0.8574588894844055],"EasingStyle":"Linear","EasingDirection":"In"},"Right Leg":{"Weight":1,"CFrame":[0.19931751489639283,0.07045876979827881,0.17235708236694337,0.9291611313819885,0.09912149608135224,-0.3561384379863739,-0.15610629320144654,0.9784785509109497,-0.13494645059108735,0.33509764075279238,0.18098239600658418,0.9246376752853394],"EasingStyle":"Linear","EasingDirection":"In"},"Torso":{"Weight":1,"CFrame":[0.05071428418159485,3.304962348238405e-8,-0.20482492446899415,0.9387178421020508,-0.328294038772583,0.10503257811069489,0.33810099959373476,0.9362733364105225,-0.09528906643390656,-0.06705635786056519,0.12496116012334824,0.9898930191993713],"EasingStyle":"Linear","EasingDirection":"In"},"HumanoidRootPart":{"Weight":0,"CFrame":[0,0,0,1,0,0,0,1,0,0,0,1],"EasingStyle":"Linear","EasingDirection":"In"},"Head":{"Weight":1,"CFrame":[1.4156103134155274e-7,4.470348358154297e-8,-5.960464477539063e-8,0.8778888583183289,0.46361684799194338,-0.11987711489200592,-0.44634774327278139,0.8828966021537781,0.14583350718021394,0.17344996333122254,-0.07451873272657395,0.9820193648338318],"EasingStyle":"Linear","EasingDirection":"In"}}},{"Time":0.3333333432674408,"poses":{"Left Leg":{"Weight":1,"CFrame":[-0.7329872846603394,0.293822705745697,0.15551340579986573,0.9725612998008728,-0.10989076644182205,0.2050575166940689,0.0881466418504715,0.9897521734237671,0.11234237253665924,-0.2153014987707138,-0.09118469804525376,0.9722811579704285],"EasingStyle":"Linear","EasingDirection":"In"},"Right Arm":{"Weight":1,"CFrame":[-0.49360358715057375,-0.4812030494213104,0.35188329219818118,0.24760009348392487,-0.6984601020812988,0.6714518070220947,0.684259831905365,0.6167031526565552,0.3891860544681549,-0.6859174370765686,0.363085001707077,0.630623996257782],"EasingStyle":"Linear","EasingDirection":"In"},"Left Arm":{"Weight":1,"CFrame":[-0.4618172347545624,-0.0391862690448761,0.15053987503051759,-0.8518385887145996,-0.24409234523773194,0.4634542465209961,0.28967711329460146,-0.9566982984542847,0.028558209538459779,0.4364151060581207,0.15857906639575959,0.8856605291366577],"EasingStyle":"Linear","EasingDirection":"In"},"Right Leg":{"Weight":1,"CFrame":[0.1305822879076004,-0.04786670207977295,0.18622589111328126,0.9165194630622864,0.1022370383143425,-0.3867035210132599,-0.17816179990768434,0.9699275493621826,-0.1658278852701187,0.35812070965766909,0.22088028490543366,0.9071722626686096],"EasingStyle":"Linear","EasingDirection":"In"},"Torso":{"Weight":1,"CFrame":[0.08014106005430222,5.2226546642941687e-8,-0.13355064392089845,0.9085221290588379,-0.3972742259502411,0.12946327030658723,0.4082462787628174,0.9099884629249573,-0.07249777764081955,-0.08900858461856842,0.118718720972538,0.9889304041862488],"EasingStyle":"Linear","EasingDirection":"In"},"HumanoidRootPart":{"Weight":0,"CFrame":[0,0,0,1,0,0,0,1,0,0,0,1],"EasingStyle":"Linear","EasingDirection":"In"},"Head":{"Weight":1,"CFrame":[1.695007085800171e-7,-2.2351741790771486e-8,0,0.8547199964523315,0.48733246326446535,-0.17877601087093354,-0.46632087230682375,0.872151792049408,0.14797338843345643,0.22803206741809846,-0.043108824640512469,0.9726988077163696],"EasingStyle":"Linear","EasingDirection":"In"}}},{"Time":0.36666667461395266,"poses":{"Left Leg":{"Weight":1,"CFrame":[-0.7451363801956177,0.26998186111450198,0.18291258811950684,0.9519500136375427,-0.13435441255569459,0.27520906925201418,0.10585084557533264,0.987593412399292,0.11599486321210861,-0.28737908601760867,-0.08129017055034638,0.9543611407279968],"EasingStyle":"Linear","EasingDirection":"In"},"Right Arm":{"Weight":1,"CFrame":[-0.5011831521987915,-0.5074071884155273,0.3654518127441406,0.2930125594139099,-0.6502716541290283,0.7009211182594299,0.6967552304267883,0.6472447514533997,0.30920296907424929,-0.654733419418335,0.39777013659477236,0.6427309513092041],"EasingStyle":"Linear","EasingDirection":"In"},"Left Arm":{"Weight":1,"CFrame":[-0.6328391432762146,0.03459501266479492,0.18402600288391114,-0.8173316121101379,-0.3888077139854431,0.4252030849456787,0.4931597113609314,-0.8536927103996277,0.1673382967710495,0.29793044924736025,0.3464639484882355,0.8894943594932556],"EasingStyle":"Linear","EasingDirection":"In"},"Right Leg":{"Weight":1,"CFrame":[0.09910506010055542,-0.127424955368042,0.2093958854675293,0.8988971710205078,0.1270953267812729,-0.41932162642478945,-0.22236548364162446,0.9569321870803833,-0.1866397112607956,0.37754130363464358,0.2610125243663788,0.888445258140564],"EasingStyle":"Linear","EasingDirection":"In"},"Torso":{"Weight":1,"CFrame":[0.10956783592700958,7.14034555926446e-8,-0.10261964797973633,0.8819527626037598,-0.4479793906211853,0.14653949439525605,0.4587238132953644,0.8872570395469666,-0.048450078815221789,-0.10831356048583985,0.10995183140039444,0.9880176186561585],"EasingStyle":"Linear","EasingDirection":"In"},"HumanoidRootPart":{"Weight":0,"CFrame":[0,0,0,1,0,0,0,1,0,0,0,1],"EasingStyle":"Linear","EasingDirection":"In"},"Head":{"Weight":1,"CFrame":[1.8440186977386475e-7,1.1175870895385743e-8,1.1920928955078126e-7,0.8400179147720337,0.49982529878616335,-0.21105574071407319,-0.4787478446960449,0.8658748865127564,0.14512468874454499,0.25528484582901,-0.020864853635430337,0.9666407108306885],"EasingStyle":"Linear","EasingDirection":"In"}}},{"Time":0.4000000059604645,"poses":{"Left Leg":{"Weight":1,"CFrame":[-0.7586154937744141,0.26147758960723879,0.20368647575378419,0.9299980998039246,-0.16728416085243226,0.32729122042655947,0.1330547034740448,0.9832597374916077,0.12448576092720032,-0.3426367938518524,-0.07222385704517365,0.9366876482963562],"EasingStyle":"Linear","EasingDirection":"In"},"Right Arm":{"Weight":1,"CFrame":[-0.5050753355026245,-0.5309237241744995,0.37364113330841067,0.34048470854759219,-0.6072279214859009,0.7178748846054077,0.7106897234916687,0.6660963296890259,0.2263532131910324,-0.6156218647956848,0.4331165552139282,0.6583462953567505],"EasingStyle":"Linear","EasingDirection":"In"},"Left Arm":{"Weight":1,"CFrame":[-0.7795806527137756,0.10837632417678833,0.21177518367767335,-0.773086667060852,-0.49827903509140017,0.3924983739852905,0.6184616684913635,-0.7295565605163574,0.2919800579547882,0.14086230099201203,0.46847113966941836,0.8721769452095032],"EasingStyle":"Linear","EasingDirection":"In"},"Right Leg":{"Weight":1,"CFrame":[0.08854807913303375,-0.17645728588104249,0.23301935195922852,0.8805153965950012,0.16139841079711915,-0.44569408893585207,-0.2716030180454254,0.9423816204071045,-0.1953170895576477,0.3884899914264679,0.2930315136909485,0.8736177682876587],"EasingStyle":"Linear","EasingDirection":"In"},"Torso":{"Weight":1,"CFrame":[0.13523802161216737,8.813228191684175e-8,-0.09589529037475586,0.8634926676750183,-0.4798208475112915,0.15541031956672669,0.4890603721141815,0.8718787431716919,-0.025445085018873216,-0.12328986078500748,0.0979766696691513,0.9875222444534302],"EasingStyle":"Linear","EasingDirection":"In"},"HumanoidRootPart":{"Weight":0,"CFrame":[0,0,0,1,0,0,0,1,0,0,0,1],"EasingStyle":"Linear","EasingDirection":"In"},"Head":{"Weight":1,"CFrame":[1.30385160446167e-7,1.4901161193847657e-8,-1.7881393432617188e-7,0.8332875967025757,0.5052276253700256,-0.22444789111614228,-0.4866611957550049,0.8629773259162903,0.1357610523700714,0.26228365302085879,-0.0038979307282716038,0.9649829268455505],"EasingStyle":"Linear","EasingDirection":"In"}}},{"Time":0.4333333373069763,"poses":{"Left Leg":{"Weight":1,"CFrame":[-0.7639415860176086,0.25447362661361697,0.21079647541046143,0.9166659712791443,-0.19865798950195313,0.34678298234939577,0.16030177474021913,0.9776119589805603,0.1363021284341812,-0.36609673500061037,-0.06935357302427292,0.9279888272285461],"EasingStyle":"Linear","EasingDirection":"In"},"Right Arm":{"Weight":1,"CFrame":[-0.5065093040466309,-0.5478759407997131,0.3776646852493286,0.3877350091934204,-0.5821653008460999,0.7146643400192261,0.7237547636032105,0.6724066138267517,0.15507526695728303,-0.5708245038986206,0.457113653421402,0.6820604801177979],"EasingStyle":"Linear","EasingDirection":"In"},"Left Arm":{"Weight":1,"CFrame":[-0.8821864128112793,0.1651310920715332,0.23069357872009278,-0.7343699336051941,-0.5736656188964844,0.362778902053833,0.6787301898002625,-0.6246804594993591,0.38613420724868777,0.005109049379825592,0.5297943949699402,0.8481107354164124],"EasingStyle":"Linear","EasingDirection":"In"},"Right Leg":{"Weight":1,"CFrame":[0.08530981838703156,-0.19592881202697755,0.24238204956054688,0.8677435517311096,0.1940584033727646,-0.4575614333152771,-0.308477520942688,0.9321274161338806,-0.18968428671360017,0.3896957039833069,0.3057447373867035,0.8687102198600769],"EasingStyle":"Linear","EasingDirection":"In"},"Torso":{"Weight":1,"CFrame":[0.15339495241641999,9.996484351404433e-8,-0.09852457046508789,0.8567144274711609,-0.4918299913406372,0.15538223087787629,0.4986160099506378,0.8668057322502136,-0.005473397206515074,-0.13199421763420106,0.08216521143913269,0.9878392815589905],"EasingStyle":"Linear","EasingDirection":"In"},"HumanoidRootPart":{"Weight":0,"CFrame":[0,0,0,1,0,0,0,1,0,0,0,1],"EasingStyle":"Linear","EasingDirection":"In"},"Head":{"Weight":1,"CFrame":[1.7904676496982575e-7,2.3748725652694703e-8,0,0.8348221778869629,0.5000501275062561,-0.23026463389396668,-0.485429048538208,0.8659248352050781,0.12055199593305588,0.2596738934516907,0.011137655936181546,0.9656321406364441],"EasingStyle":"Linear","EasingDirection":"In"}}},{"Time":0.46666666865348818,"poses":{"Left Leg":{"Weight":1,"CFrame":[-0.7526107430458069,0.25747472047805788,0.20012140274047852,0.911900520324707,-0.2194683998823166,0.3468010723590851,0.17706932127475739,0.9727057218551636,0.14996689558029176,-0.3702484965324402,-0.07534707337617874,0.9258719682693481],"EasingStyle":"Linear","EasingDirection":"In"},"Right Arm":{"Weight":1,"CFrame":[-0.5067141652107239,-0.5543882846832275,0.37873637676239016,0.4312446713447571,-0.587673544883728,0.6845932602882385,0.7360798120498657,0.6679455041885376,0.10970514267683029,-0.5217418074607849,0.456605464220047,0.7206225991249085],"EasingStyle":"Linear","EasingDirection":"In"},"Left Arm":{"Weight":1,"CFrame":[-0.9208006858825684,0.1878330111503601,0.23768723011016847,-0.7127058506011963,-0.6181674003601074,0.33154091238975527,0.6964453458786011,-0.5671511888504028,0.43966302275657656,-0.08375153690576554,0.5442505478858948,0.8347317576408386],"EasingStyle":"Linear","EasingDirection":"In"},"Right Leg":{"Weight":1,"CFrame":[0.08179141581058502,-0.1810206174850464,0.22898995876312257,0.8621101379394531,0.21857845783233643,-0.45715370774269106,-0.32725897431373598,0.9289657473564148,-0.17298635840415955,0.38686901330947878,0.298740953207016,0.872402548789978],"EasingStyle":"Linear","EasingDirection":"In"},"Torso":{"Weight":1,"CFrame":[0.16028209030628205,1.0445308618045601e-7,-0.1115713119506836,0.8577638864517212,-0.49171867966651919,0.14984609186649323,0.49593210220336916,0.8682984113693237,0.010450383648276329,-0.1352497637271881,0.0653495043516159,0.9886540770530701],"EasingStyle":"Linear","EasingDirection":"In"},"HumanoidRootPart":{"Weight":0,"CFrame":[0,0,0,1,0,0,0,1,0,0,0,1],"EasingStyle":"Linear","EasingDirection":"In"},"Head":{"Weight":1,"CFrame":[1.0244548320770264e-7,1.1175870895385743e-8,-5.960464477539063e-8,0.84180748462677,0.4895098805427551,-0.22746486961841584,-0.4793592691421509,0.8716868162155151,0.1018666997551918,0.24814282357692719,0.02328525483608246,0.9684435725212097],"EasingStyle":"Linear","EasingDirection":"In"}}},{"Time":0.5,"poses":{"Left Leg":{"Weight":1,"CFrame":[-0.721732497215271,0.2826131582260132,0.17835497856140138,0.9070785641670227,-0.22307121753692628,0.3569980561733246,0.1761964112520218,0.9713824987411499,0.15928250551223756,-0.3823130130767822,-0.08157999068498612,0.9204246401786804],"EasingStyle":"Linear","EasingDirection":"In"},"Right Arm":{"Weight":1,"CFrame":[-0.47938495874404909,-0.5438690781593323,0.34693586826324465,0.4431760907173157,-0.6427502036094666,0.6248737573623657,0.7761660218238831,0.6238890886306763,0.0912611111998558,-0.4485101103782654,0.44456106424331667,0.7753735780715942],"EasingStyle":"Linear","EasingDirection":"In"},"Left Arm":{"Weight":1,"CFrame":[-0.8840654492378235,0.15911519527435304,0.23514437675476075,-0.7500724196434021,-0.5945590734481812,0.28963911533355715,0.6517449617385864,-0.5901261568069458,0.4764237403869629,-0.11233837902545929,0.5461232662200928,0.8301383256912231],"EasingStyle":"Linear","EasingDirection":"In"},"Right Leg":{"Weight":1,"CFrame":[0.09068232774734497,-0.1280064582824707,0.20578837394714356,0.8650920391082764,0.23012414574623109,-0.44571131467819216,-0.3264639377593994,0.9329125881195068,-0.15197186172008515,0.3808372914791107,0.2769782841205597,0.8821824789047241],"EasingStyle":"Linear","EasingDirection":"In"},"Torso":{"Weight":1,"CFrame":[0.15161468088626862,9.880468354594996e-8,-0.14277267456054688,0.8651241660118103,-0.4814198613166809,0.1406950205564499,0.4843357801437378,0.8747532963752747,0.015018503181636334,-0.13030363619327546,0.05515075847506523,0.9899390935897827],"EasingStyle":"Linear","EasingDirection":"In"},"HumanoidRootPart":{"Weight":0,"CFrame":[0,0,0,1,0,0,0,1,0,0,0,1],"EasingStyle":"Linear","EasingDirection":"In"},"Head":{"Weight":1,"CFrame":[1.9418075680732728e-7,-2.1420419216156007e-8,-1.7881393432617188e-7,0.85468590259552,0.47410711646080019,-0.2115052491426468,-0.46683695912361147,0.8801146745681763,0.08637948334217072,0.22710201144218446,0.024911141023039819,0.9735522866249085],"EasingStyle":"Linear","EasingDirection":"In"}}},{"Time":0.5333333611488342,"poses":{"Left Leg":{"Weight":1,"CFrame":[-0.7150219082832336,0.3268479108810425,0.1582202911376953,0.922915518283844,-0.21351392567157746,0.3203727900981903,0.17347705364227296,0.9734944105148315,0.1490449458360672,-0.3437042832374573,-0.08197855204343796,0.9354928731918335],"EasingStyle":"Linear","EasingDirection":"In"},"Right Arm":{"Weight":1,"CFrame":[-0.40419211983680727,-0.512985348701477,0.2674354314804077,0.3852047622203827,-0.7493059039115906,0.5386632084846497,0.8600454330444336,0.5031161308288574,0.0848289355635643,-0.33457300066947939,0.43059825897216799,0.8382397890090942],"EasingStyle":"Linear","EasingDirection":"In"},"Left Arm":{"Weight":1,"CFrame":[-0.7849493622779846,0.08329159021377564,0.22878801822662354,-0.8656482100486755,-0.4495036005973816,0.2204533815383911,0.49379903078079226,-0.6939595937728882,0.5240064263343811,-0.08255700767040253,0.562464714050293,0.8226892352104187],"EasingStyle":"Linear","EasingDirection":"In"},"Right Leg":{"Weight":1,"CFrame":[0.14625833928585053,-0.027599453926086427,0.19024658203125,0.8816739320755005,0.22663664817810059,-0.41386815905570986,-0.3021887242794037,0.9448356628417969,-0.12636281549930573,0.36239898204803469,0.2364770770072937,0.901524007320404],"EasingStyle":"Linear","EasingDirection":"In"},"Torso":{"Weight":1,"CFrame":[0.12898457050323487,8.405702089930856e-8,-0.19986581802368165,0.8894122838973999,-0.43936631083488467,0.12610721588134767,0.44333773851394656,0.896346390247345,-0.003851235844194889,-0.11134364455938339,0.059333436191082,0.992009162902832],"EasingStyle":"Linear","EasingDirection":"In"},"HumanoidRootPart":{"Weight":0,"CFrame":[0,0,0,1,0,0,0,1,0,0,0,1],"EasingStyle":"Linear","EasingDirection":"In"},"Head":{"Weight":1,"CFrame":[2.046581357717514e-7,-5.820766091346741e-9,-1.1920928955078126e-7,0.8854684829711914,0.43045851588249209,-0.17507444322109223,-0.42305344343185427,0.9026032090187073,0.07958188652992249,0.19227945804595948,0.0035985857248306276,0.9813336133956909],"EasingStyle":"Linear","EasingDirection":"In"}}},{"Time":0.5666666626930237,"poses":{"Left Leg":{"Weight":1,"CFrame":[-0.7462329268455505,0.3915681838989258,0.13497114181518556,0.9568465948104858,-0.19922927021980287,0.21154716610908509,0.175439715385437,0.9763925075531006,0.1260104477405548,-0.23165811598300935,-0.08345891535282135,0.9692105650901794],"EasingStyle":"Linear","EasingDirection":"In"},"Right Arm":{"Weight":1,"CFrame":[-0.2913275361061096,-0.462746798992157,0.1640845537185669,0.22369249165058137,-0.876537024974823,0.4261975884437561,0.9557443857192993,0.2829991281032562,0.08040016144514084,-0.1910872757434845,0.38935115933418276,0.9010501503944397],"EasingStyle":"Linear","EasingDirection":"In"},"Left Arm":{"Weight":1,"CFrame":[-0.6400861740112305,-0.024141967296600343,0.22052478790283204,-0.9860971570014954,-0.12910105288028718,0.10461985319852829,0.1657644510269165,-0.8082033395767212,0.5650922656059265,0.011600134894251824,0.5745783448219299,0.8183675408363342],"EasingStyle":"Linear","EasingDirection":"In"},"Right Leg":{"Weight":1,"CFrame":[0.2437409907579422,0.11453384160995484,0.18135333061218263,0.9042433500289917,0.21164675056934358,-0.37087681889533999,-0.26426005363464358,0.9595922827720642,-0.09669164568185806,0.3354260325431824,0.18544067442417146,0.9236347079277039],"EasingStyle":"Linear","EasingDirection":"In"},"Torso":{"Weight":1,"CFrame":[0.0974498987197876,6.350641967856063e-8,-0.28498363494873049,0.9276103377342224,-0.3585604727268219,0.10475408285856247,0.3643290102481842,0.9303335547447205,-0.04175981506705284,-0.08248281478881836,0.07690178602933884,0.9936209917068481],"EasingStyle":"Linear","EasingDirection":"In"},"HumanoidRootPart":{"Weight":0,"CFrame":[0,0,0,1,0,0,0,1,0,0,0,1],"EasingStyle":"Linear","EasingDirection":"In"},"Head":{"Weight":1,"CFrame":[1.387670636177063e-7,2.60770320892334e-8,-5.960464477539063e-8,0.9306142330169678,0.34749579429626467,-0.11490805447101593,-0.33987271785736086,0.936978280544281,0.0809832364320755,0.13580766320228578,-0.03631003201007843,0.9900696277618408],"EasingStyle":"Linear","EasingDirection":"In"}}},{"Time":0.6000000238418579,"poses":{"Left Leg":{"Weight":1,"CFrame":[-0.7578498721122742,0.4654010534286499,0.10268223285675049,0.9787484407424927,-0.17879731953144074,0.10041432827711106,0.1680733859539032,0.9799805879592896,0.10672090202569962,-0.11748550832271576,-0.08757594972848892,0.989205539226532],"EasingStyle":"Linear","EasingDirection":"In"},"Right Arm":{"Weight":1,"CFrame":[-0.15098300576210023,-0.3941650390625,0.060733914375305179,-0.0694393664598465,-0.953151285648346,0.29441604018211367,0.996248722076416,-0.05098037049174309,0.06992446631193161,-0.051639147102832797,0.2981671392917633,0.9531158208847046],"EasingStyle":"Linear","EasingDirection":"In"},"Left Arm":{"Weight":1,"CFrame":[-0.4661097824573517,-0.14769122004508973,0.21226143836975099,-0.930497407913208,0.36183321475982668,-0.057020850479602817,-0.3306886851787567,-0.7628466486930847,0.5556166768074036,0.1575424075126648,0.5358560085296631,0.8294810056686401],"EasingStyle":"Linear","EasingDirection":"In"},"Right Leg":{"Weight":1,"CFrame":[0.330360472202301,0.2699472904205322,0.17187058925628663,0.9242246747016907,0.1812078058719635,-0.33611372113227847,-0.2165125459432602,0.9737393856048584,-0.07038410753011704,0.3145330250263214,0.13782356679439546,0.93918776512146],"EasingStyle":"Linear","EasingDirection":"In"},"Torso":{"Weight":1,"CFrame":[0.06206880882382393,4.044917290002559e-8,-0.3778390884399414,0.964910626411438,-0.25160548090934756,0.07511457800865174,0.25757578015327456,0.9625462293624878,-0.08461343497037888,-0.051012054085731509,0.1009921059012413,0.9935785531997681],"EasingStyle":"Linear","EasingDirection":"In"},"HumanoidRootPart":{"Weight":0,"CFrame":[0,0,0,1,0,0,0,1,0,0,0,1],"EasingStyle":"Linear","EasingDirection":"In"},"Head":{"Weight":1,"CFrame":[1.6763806343078614e-7,1.862645149230957e-8,-2.384185791015625e-7,0.9712072610855103,0.23553171753883363,-0.035794664174318317,-0.23152020573616029,0.9685381650924683,0.09128125756978989,0.056168124079704288,-0.08036583662033081,0.9951816201210022],"EasingStyle":"Linear","EasingDirection":"In"}}},{"Time":0.6333333253860474,"poses":{"Left Leg":{"Weight":1,"CFrame":[-0.7019616365432739,0.523192286491394,0.0873328447341919,0.9853918552398682,-0.15606969594955445,0.06815484911203385,0.14932948350906373,0.9842327833175659,0.09479761868715286,-0.08187534660100937,-0.08323527127504349,0.9931607842445374],"EasingStyle":"Linear","EasingDirection":"In"},"Right Arm":{"Weight":1,"CFrame":[0.006649620831012726,-0.3082500696182251,-0.01876664161682129,-0.45704013109207156,-0.8747133612632752,0.16121669113636018,0.8891622424125671,-0.45390528440475466,0.0579705573618412,0.02246949076652527,0.1698426604270935,0.9852150082588196],"EasingStyle":"Linear","EasingDirection":"In"},"Left Arm":{"Weight":1,"CFrame":[-0.2796541750431061,-0.27186107635498049,0.20590519905090333,-0.5739573240280151,0.7933464646339417,-0.20291468501091004,-0.768370509147644,-0.436