{"Sequence":[{"Time":0,"poses":{"Left Leg":{"Weight":1,"CFrame":[0.1115887463092804,-0.3253575563430786,-0.03481185436248779,0.6937792301177979,-0.7058030962944031,0.14322175085544587,0.7184281349182129,0.6921538710594177,-0.06916719675064087,-0.05031311884522438,0.15088127553462983,0.9872707724571228],"EasingStyle":"Linear","EasingDirection":"In"},"Right Arm":{"Weight":1,"CFrame":[-0.23994232714176179,-0.26242595911026,0.12410473823547363,0.7768440842628479,0.6158134937286377,-0.13148073852062226,-0.5055512189865112,0.7344268560409546,0.45280805230140688,0.3754081726074219,-0.28529101610183718,0.8818604350090027],"EasingStyle":"Linear","EasingDirection":"In"},"Head":{"Weight":1,"CFrame":[7.735798135399819e-8,9.175710147246719e-8,-1.7881393432617188e-7,0.9776293635368347,-0.20937000215053559,-0.02012854442000389,0.19896629452705384,0.8895058035850525,0.4113294780254364,-0.06821560859680176,-0.40613266825675967,0.9112644195556641],"EasingStyle":"Linear","EasingDirection":"In"},"Right Leg":{"Weight":1,"CFrame":[0.5125039219856262,0.35229969024658205,-0.07175838947296143,0.26086482405662539,-0.9475516676902771,0.18464939296245576,0.9650060534477234,0.2506602704524994,-0.07702507823705673,0.026701031252741815,0.19828088581562043,0.9797815680503845],"EasingStyle":"Linear","EasingDirection":"In"},"Torso":{"Weight":1,"CFrame":[-0.0002554754028096795,1.961106777191162,-0.3735778331756592,0.9809286594390869,0.19436800479888917,-0.00031943005160428584,-0.1595299243927002,0.8041682243347168,-0.5725938677787781,-0.11103703826665878,0.5617246627807617,0.8198391199111939],"EasingStyle":"Linear","EasingDirection":"In"},"HumanoidRootPart":{"Weight":1,"CFrame":[0,0,0,1,0,0,0,1,0,0,0,1],"EasingStyle":"Linear","EasingDirection":"In"},"Left Arm":{"Weight":1,"CFrame":[-0.6417660713195801,-0.5843633413314819,0.08535587787628174,-0.8846271634101868,0.4662941098213196,-0.0021308360155671837,-0.38811710476875307,-0.7337659597396851,0.5576314926147461,0.2584567368030548,0.4941228926181793,0.8300858736038208],"EasingStyle":"Linear","EasingDirection":"In"}}},{"Time":0.03333333507180214,"poses":{"Left Leg":{"Weight":1,"CFrame":[0.10079550743103028,-0.32969725131988528,-0.03312051296234131,0.6882186532020569,-0.7109375,0.14464765787124635,0.7236881852149963,0.6868084669113159,-0.06759756058454514,-0.05128762125968933,0.15120166540145875,0.9871715903282166],"EasingStyle":"Linear","EasingDirection":"In"},"Right Arm":{"Weight":1,"CFrame":[-0.2398746907711029,-0.2618970572948456,0.12272334098815918,0.7785322666168213,0.6130866408348084,-0.1342107206583023,-0.5025850534439087,0.7371050119400024,0.45175713300704958,0.3758935332298279,-0.2842552363872528,0.8819880485534668],"EasingStyle":"Linear","EasingDirection":"In"},"Head":{"Weight":1,"CFrame":[1.564621925354004e-7,1.3954559108242393e-7,-1.1920928955078126e-7,0.9774758219718933,-0.2101069837808609,-0.01990453526377678,0.1996389776468277,0.8899253606796265,0.4100942313671112,-0.06845010071992874,-0.4048308730125427,0.911825954914093],"EasingStyle":"Linear","EasingDirection":"In"},"Right Leg":{"Weight":1,"CFrame":[0.5125352144241333,0.3587303161621094,-0.07150447368621826,0.2679658830165863,-0.9454851150512695,0.1850731372833252,0.963118851184845,0.25802114605903628,-0.07633674889802933,0.02442251704633236,0.19870299100875855,0.9797554016113281],"EasingStyle":"Linear","EasingDirection":"In"},"Torso":{"Weight":1,"CFrame":[-0.00018117442959919572,1.9577417373657227,-0.37499284744262698,0.9807881116867065,0.19507640600204469,-0.0003021794545929879,-0.16010154783725739,0.8040574789047241,-0.5725898146629334,-0.11145581305027008,0.5616375803947449,0.8198419213294983],"EasingStyle":"Linear","EasingDirection":"In"},"HumanoidRootPart":{"Weight":1,"CFrame":[0,0,0,1,0,0,0,1,0,0,0,1],"EasingStyle":"Linear","EasingDirection":"In"},"Left Arm":{"Weight":1,"CFrame":[-0.6379441022872925,-0.5843560695648193,0.08671951293945313,-0.8823070526123047,0.47067302465438845,-0.0010816754074767233,-0.3909260630607605,-0.7315323948860169,0.5586032271385193,0.262128084897995,0.4932822585105896,0.8294343948364258],"EasingStyle":"Linear","EasingDirection":"In"}}},{"Time":0.06666667014360428,"poses":{"Left Leg":{"Weight":1,"CFrame":[0.07181768119335175,-0.34040868282318118,-0.028192639350891115,0.6732640266418457,-0.7242870330810547,0.14874106645584107,0.7374000549316406,0.6725088357925415,-0.0630316212773323,-0.05437677726149559,0.15211860835552216,0.9868653416633606],"EasingStyle":"Linear","EasingDirection":"In"},"Right Arm":{"Weight":1,"CFrame":[-0.23940211534500123,-0.260408878326416,0.11883676052093506,0.783600926399231,0.6048049330711365,-0.14205896854400636,-0.49364379048347475,0.7449707388877869,0.44870293140411379,0.37720757722854617,-0.28147760033607485,0.8823180198669434],"EasingStyle":"Linear","EasingDirection":"In"},"Head":{"Weight":1,"CFrame":[6.271875463426113e-9,3.073764673899859e-7,-2.980232238769531e-7,0.9770408272743225,-0.21217960119247437,-0.01926606334745884,0.20153465867042542,0.8911044001579285,0.40659165382385256,-0.06910237669944763,-0.40113937854766848,0.9134068489074707],"EasingStyle":"Linear","EasingDirection":"In"},"Right Leg":{"Weight":1,"CFrame":[0.5126942992210388,0.37677323818206789,-0.07086688280105591,0.28809285163879397,-0.9393136501312256,0.18625935912132264,0.9574345350265503,0.27889761328697207,-0.0743999183177948,0.017937621101737024,0.19976520538330079,0.9796795845031738],"EasingStyle":"Linear","EasingDirection":"In"},"Torso":{"Weight":1,"CFrame":[0.00004285655450075865,1.9483728408813477,-0.37902188301086428,0.9803882837295532,0.1970754712820053,-0.0002349479909753427,-0.16170383989810944,0.8037430047988892,-0.5725811123847961,-0.11265283823013306,0.5613898038864136,0.8198480606079102],"EasingStyle":"Linear","EasingDirection":"In"},"HumanoidRootPart":{"Weight":1,"CFrame":[0,0,0,1,0,0,0,1,0,0,0,1],"EasingStyle":"Linear","EasingDirection":"In"},"Left Arm":{"Weight":1,"CFrame":[-0.6268616914749146,-0.5843057036399841,0.09055662155151367,-0.8754013776779175,0.48339390754699709,0.0016593339387327433,-0.39920148253440859,-0.7248604893684387,0.5614407062530518,0.2725999057292938,0.49082356691360476,0.8275153636932373],"EasingStyle":"Linear","EasingDirection":"In"}}},{"Time":0.10000000149011612,"poses":{"Left Leg":{"Weight":1,"CFrame":[0.030783742666244508,-0.35325849056243899,-0.0201532244682312,0.6519333720207214,-0.7422102093696594,0.15526410937309266,0.7558977007865906,0.6523241996765137,-0.05560384318232536,-0.0600128248333931,0.15361376106739045,0.98630690574646],"EasingStyle":"Linear","EasingDirection":"In"},"Right Arm":{"Weight":1,"CFrame":[-0.2381184995174408,-0.2581084072589874,0.11282992362976074,0.7919520735740662,0.5907163023948669,-0.15448711812496186,-0.47859448194503786,0.7576748728752136,0.4437072277069092,0.37915611267089846,-0.27745822072029116,0.882755696773529],"EasingStyle":"Linear","EasingDirection":"In"},"Head":{"Weight":1,"CFrame":[9.097857400774956e-8,9.236100595444441e-8,-1.7881393432617188e-7,0.9763600826263428,-0.21537834405899049,-0.01825786754488945,0.20447129011154176,0.8929120898246765,0.4011228680610657,-0.07009052485227585,-0.39537352323532107,0.9158423542976379],"EasingStyle":"Linear","EasingDirection":"In"},"Right Leg":{"Weight":1,"CFrame":[0.5132877826690674,0.4034197926521301,-0.07019346952438355,0.3188329041004181,-0.9289605617523193,0.18809036910533906,0.9477779865264893,0.3108256161212921,-0.071444571018219,0.007905950769782067,0.20104683935642243,0.9795497059822083],"EasingStyle":"Linear","EasingDirection":"In"},"Torso":{"Weight":1,"CFrame":[0.00041828822577372193,1.9340929985046387,-0.38534045219421389,0.9797601103782654,0.20017516613006593,-0.00009454246173845604,-0.16416743397712708,0.8032494187355042,-0.5725727081298828,-0.11453887820243836,0.5609994530677795,0.8198539614677429],"EasingStyle":"Linear","EasingDirection":"In"},"HumanoidRootPart":{"Weight":1,"CFrame":[0,0,0,1,0,0,0,1,0,0,0,1],"EasingStyle":"Linear","EasingDirection":"In"},"Left Arm":{"Weight":1,"CFrame":[-0.6090978384017944,-0.5841693878173828,0.09648692607879639,-0.8638474941253662,0.5037240386009216,0.005439281463623047,-0.41260477900505068,-0.7136970162391663,0.5660335421562195,0.289006769657135,0.48672229051589968,0.8243642449378967],"EasingStyle":"Linear","EasingDirection":"In"}}},{"Time":0.13333334028720857,"poses":{"Left Leg":{"Weight":1,"CFrame":[-0.01749330759048462,-0.3648921251296997,-0.008958935737609864,0.6266596913337708,-0.7618395090103149,0.16400671005249024,0.7762727737426758,0.6287612318992615,-0.045386459678411487,-0.06854388862848282,0.15575581789016725,0.9854145646095276],"EasingStyle":"Linear","EasingDirection":"In"},"Right Arm":{"Weight":1,"CFrame":[-0.2356194406747818,-0.2551438808441162,0.10508847236633301,0.8033487200737,0.5704520344734192,-0.1709253191947937,-0.4572126567363739,0.7747372984886169,0.4367363452911377,0.3815593719482422,-0.2727023661136627,0.8832021355628967],"EasingStyle":"Linear","EasingDirection":"In"},"Head":{"Weight":1,"CFrame":[1.1618249118328095e-7,2.7974601835012438e-7,0,0.9754676222801209,-0.21949194371700288,-0.016921017318964006,0.2082671821117401,0.8952091336250305,0.39398661255836489,-0.0713290348649025,-0.3878451883792877,0.918960452079773],"EasingStyle":"Linear","EasingDirection":"In"},"Right Leg":{"Weight":1,"CFrame":[0.5147640705108643,0.43524545431137087,-0.06989461183547974,0.35754120349884035,-0.9142709374427795,0.19045495986938477,0.9338842630386353,0.3511039614677429,-0.06772143393754959,-0.004953778814524412,0.20207607746124268,0.9793573617935181],"EasingStyle":"Linear","EasingDirection":"In"},"Torso":{"Weight":1,"CFrame":[0.0009467631462030113,1.9159939289093018,-0.39362454414367678,0.97893226146698,0.20418515801429749,0.00014219552394933999,-0.16732268035411836,0.8026001453399658,-0.5725699067115784,-0.11702438443899155,0.5604833960533142,0.8198558688163757],"EasingStyle":"Linear","EasingDirection":"In"},"HumanoidRootPart":{"Weight":1,"CFrame":[0,0,0,1,0,0,0,1,0,0,0,1],"EasingStyle":"Linear","EasingDirection":"In"},"Left Arm":{"Weight":1,"CFrame":[-0.5852280855178833,-0.583903968334198,0.10412955284118653,-0.8474310040473938,0.5308193564414978,0.009563609957695008,-0.43067967891693118,-0.6978726387023926,0.5722665786743164,0.31044432520866396,0.4808374345302582,0.8200119137763977],"EasingStyle":"Linear","EasingDirection":"In"}}},{"Time":0.1666666716337204,"poses":{"Left Leg":{"Weight":1,"CFrame":[-0.0698186606168747,-0.3730713129043579,0.005484580993652344,0.5992220640182495,-0.7812739610671997,0.17476873099803925,0.7965604662895203,0.6036873459815979,-0.03245124593377113,-0.08015239238739014,0.15865933895111085,0.984074592590332],"EasingStyle":"Linear","EasingDirection":"In"},"Right Arm":{"Weight":1,"CFrame":[-0.23149889707565309,-0.2516626715660095,0.09599781036376953,0.817411482334137,0.543548583984375,-0.19077138602733613,-0.42918872833251955,0.7955389022827148,0.42768529057502749,0.38423386216163638,-0.26771798729896548,0.8835674524307251],"EasingStyle":"Linear","EasingDirection":"In"},"Head":{"Weight":1,"CFrame":[5.51808625459671e-8,3.490131348371506e-7,2.384185791015625e-7,0.9743980169296265,-0.22430889308452607,-0.01529703103005886,0.21274037659168244,0.8978558778762817,0.3854820132255554,-0.07273251563310623,-0.3788672089576721,0.922588586807251],"EasingStyle":"Linear","EasingDirection":"In"},"Right Leg":{"Weight":1,"CFrame":[0.5175860524177551,0.4693017601966858,-0.07031464576721192,0.40184900164604189,-0.8950848579406738,0.19323724508285523,0.9154883623123169,0.3973062336444855,-0.06347283720970154,-0.019960729405283929,0.20241288840770722,0.9790968298912048],"EasingStyle":"Linear","EasingDirection":"In"},"Torso":{"Weight":1,"CFrame":[0.0016298822592943907,1.8951667547225953,-0.403550386428833,0.9779337644577026,0.20891499519348145,0.0004983716644346714,-0.1709999293088913,0.8018186092376709,-0.5725783705711365,-0.1200198158621788,0.5598583817481995,0.819849967956543],"EasingStyle":"Linear","EasingDirection":"In"},"HumanoidRootPart":{"Weight":1,"CFrame":[0,0,0,1,0,0,0,1,0,0,0,1],"EasingStyle":"Linear","EasingDirection":"In"},"Left Arm":{"Weight":1,"CFrame":[-0.5558303594589233,-0.5834665298461914,0.11310422420501709,-0.8258342146873474,0.5637558698654175,0.013313518837094307,-0.4528841972351074,-0.6771178841590881,0.5800064206123352,0.3359968364238739,0.4729594886302948,0.8145030736923218],"EasingStyle":"Linear","EasingDirection":"In"}}},{"Time":0.20000000298023225,"poses":{"Left Leg":{"Weight":1,"CFrame":[-0.12426061928272248,-0.3763713836669922,0.023231863975524904,0.5709243416786194,-0.7993504405021668,0.18730828166007996,0.8155055046081543,0.5785026550292969,-0.016900237649679185,-0.09484919905662537,0.1623997688293457,0.9821558594703674],"EasingStyle":"Linear","EasingDirection":"In"},"Right Arm":{"Weight":1,"CFrame":[-0.2253509908914566,-0.24781250953674317,0.08594369888305664,0.8336079120635986,0.5094737410545349,-0.2133881002664566,-0.3941417932510376,0.8193058967590332,0.41640132665634158,0.38697564601898196,-0.26301032304763796,0.883784830570221],"EasingStyle":"Linear","EasingDirection":"In"},"Head":{"Weight":1,"CFrame":[6.728805601596832e-8,-4.156026989221573e-7,-5.960464477539063e-8,0.9731881022453308,-0.22961848974227906,-0.013430913910269738,0.21770763397216798,0.9007188081741333,0.3759109675884247,-0.07421860843896866,-0.3687560260295868,0.9265584945678711],"EasingStyle":"Linear","EasingDirection":"In"},"Right Leg":{"Weight":1,"CFrame":[0.522126317024231,0.503325343132019,-0.07168734073638916,0.44978949427604678,-0.8712933659553528,0.19630952179431916,0.8923885822296143,0.4474056661128998,-0.05891341716051102,-0.03649909794330597,0.20168305933475495,0.9787705540657044],"EasingStyle":"Linear","EasingDirection":"In"},"Torso":{"Weight":1,"CFrame":[0.002469157800078392,1.8727025985717774,-0.4147942066192627,0.976794958114624,0.21417473256587983,0.0009969810489565135,-0.17502976953983308,0.800930380821228,-0.5726038813591003,-0.12343579530715943,0.559141993522644,0.8198316097259522],"EasingStyle":"Linear","EasingDirection":"In"},"HumanoidRootPart":{"Weight":1,"CFrame":[0,0,0,1,0,0,0,1,0,0,0,1],"EasingStyle":"Linear","EasingDirection":"In"},"Left Arm":{"Weight":1,"CFrame":[-0.5214827060699463,-0.5828136205673218,0.12303018569946289,-0.7986767292022705,0.6015486121177673,0.015960605815052987,-0.4786113202571869,-0.6510825753211975,0.5890864729881287,0.36475586891174319,0.4628506898880005,0.8079124689102173],"EasingStyle":"Linear","EasingDirection":"In"}}},{"Time":0.23333333432674409,"poses":{"Left Leg":{"Weight":1,"CFrame":[-0.17967842519283296,-0.3738250732421875,0.04420304298400879,0.5428359508514404,-0.8153432607650757,0.20135661959648133,0.8322726488113403,0.5543656349182129,0.0010468149557709694,-0.11247874051332474,0.16701537370681764,0.9795174598693848],"EasingStyle":"Linear","EasingDirection":"In"},"Right Arm":{"Weight":1,"CFrame":[-0.21677245199680329,-0.24374103546142579,0.07531142234802246,0.8512373566627502,0.46766024827957156,-0.23809456825256349,-0.3516421616077423,0.8450875878334045,0.4027091860771179,0.38954177498817446,-0.2590770125389099,0.8838192224502564],"EasingStyle":"Linear","EasingDirection":"In"},"Head":{"Weight":1,"CFrame":[-1.5366822481155397e-8,3.4691765904426578e-8,0,0.9718776941299439,-0.23521165549755097,-0.011373627930879593,0.22298391163349152,0.9036758542060852,0.3655790686607361,-0.07571040093898773,-0.3578343093395233,0.9307108521461487],"EasingStyle":"Linear","EasingDirection":"In"},"Right Leg":{"Weight":1,"CFrame":[0.5286144018173218,0.5356850624084473,-0.0741342306137085,0.49975672364234927,-0.8428705334663391,0.19953101873397828,0.8644802570343018,0.49973392486572268,-0.05422135069966316,-0.0540107786655426,0.1995880901813507,0.9783902764320374],"EasingStyle":"Linear","EasingDirection":"In"},"Torso":{"Weight":1,"CFrame":[0.003466040827333927,1.8495557308197022,-0.427032470703125,0.9755492210388184,0.21977487206459046,0.0016609430313110352,-0.1792432963848114,0.7999631762504578,-0.5726523995399475,-0.12718328833580018,0.5583528876304627,0.819796621799469],"EasingStyle":"Linear","EasingDirection":"In"},"HumanoidRootPart":{"Weight":1,"CFrame":[0,0,0,1,0,0,0,1,0,0,0,1],"EasingStyle":"Linear","EasingDirection":"In"},"Left Arm":{"Weight":1,"CFrame":[-0.4827605187892914,-0.5819030404090881,0.13352715969085694,-0.7655451893806458,0.64316326379776,0.016777053475379945,-0.5072044730186462,-0.6193487644195557,0.5992920994758606,0.39583349227905276,0.45027562975883486,0.8003546595573425],"EasingStyle":"Linear","EasingDirection":"In"}}},{"Time":0.2666666805744171,"poses":{"Left Leg":{"Weight":1,"CFrame":[-0.23543311655521394,-0.36470985412597659,0.06810951232910156,0.5159532427787781,-0.8287985920906067,0.21653009951114655,0.8462752103805542,0.532330334186554,0.021041596308350564,-0.13270482420921327,0.17238759994506837,0.9760492444038391],"EasingStyle":"Linear","EasingDirection":"In"},"Right Arm":{"Weight":1,"CFrame":[-0.20535670220851899,-0.23959562182426454,0.06448626518249512,0.8694106936454773,0.4175451695919037,-0.26416143774986269,-0.30124467611312868,0.8717321753501892,0.38643842935562136,0.3916335105895996,-0.25639647245407107,0.8836764693260193],"EasingStyle":"Linear","EasingDirection":"In"},"Head":{"Weight":1,"CFrame":[4.936009645462036e-8,-5.820766091346741e-8,2.384185791015625e-7,0.9705109000205994,-0.24088241159915925,-0.009183786809444428,0.22838211059570313,0.9066206812858582,0.35479670763015749,-0.07713805884122849,-0.3464314937591553,0.9348983764648438],"EasingStyle":"Linear","EasingDirection":"In"},"Right Leg":{"Weight":1,"CFrame":[0.5371167659759522,0.5652459859848023,-0.07767558097839356,0.5504318475723267,-0.8098879456520081,0.20274730026721955,0.8317712545394898,0.5529040694236755,-0.04953472688794136,-0.07198217511177063,0.19590488076210023,0.9779775142669678],"EasingStyle":"Linear","EasingDirection":"In"},"Torso":{"Weight":1,"CFrame":[0.004621901549398899,1.826137900352478,-0.4399423599243164,0.9742338061332703,0.2255268543958664,0.002513074316084385,-0.18347235023975373,0.7989481091499329,-0.5727301836013794,-0.13117384910583497,0.5575119256973267,0.8197401165962219],"EasingStyle":"Linear","EasingDirection":"In"},"HumanoidRootPart":{"Weight":1,"CFrame":[0,0,0,1,0,0,0,1,0,0,0,1],"EasingStyle":"Linear","EasingDirection":"In"},"Left Arm":{"Weight":1,"CFrame":[-0.4402422308921814,-0.5806908011436462,0.14421427249908448,-0.7260110974311829,0.6875183582305908,0.015043394640088082,-0.5379645228385925,-0.5814390778541565,0.6103466153144836,0.4283713102340698,0.4350254535675049,0.7919917106628418],"EasingStyle":"Linear","EasingDirection":"In"}}},{"Time":0.30000001192092898,"poses":{"Left Leg":{"Weight":1,"CFrame":[-0.29123973846435549,-0.34847772121429446,0.09439480304718018,0.491298109292984,-0.8394231200218201,0.23236829042434693,0.8570897579193115,0.5134091377258301,0.0425228513777256,-0.15499472618103028,0.17826908826828004,0.9716979265213013],"EasingStyle":"Linear","EasingDirection":"In"},"Right Arm":{"Weight":1,"CFrame":[-0.19069808721542359,-0.23552396893501283,0.05385398864746094,0.8870304822921753,0.3586214482784271,-0.29080531001091006,-0.24253380298614503,0.8978615403175354,0.36745330691337588,0.3928794860839844,-0.25541219115257265,0.8834083080291748],"EasingStyle":"Linear","EasingDirection":"In"},"Head":{"Weight":1,"CFrame":[1.4901161193847657e-8,-1.778826117515564e-7,0,0.9691363573074341,-0.2464282512664795,-0.006928477436304092,0.2337135374546051,0.9094642996788025,0.34387892484664919,-0.07844027876853943,-0.3348848223686218,0.938988447189331],"EasingStyle":"Linear","EasingDirection":"In"},"Right Leg":{"Weight":1,"CFrame":[0.5475335121154785,0.5912807583808899,-0.08224368095397949,0.6007335782051086,-0.7725078463554382,0.20579366385936738,0.7943748235702515,0.6057618856430054,-0.04495668411254883,-0.08993251621723175,0.19048427045345307,0.9775622487068176],"EasingStyle":"Linear","EasingDirection":"In"},"Torso":{"Weight":1,"CFrame":[0.005938091780990362,1.8027215003967286,-0.4532003402709961,0.9728894233703613,0.23124313354492188,0.0035761704202741386,-0.18754947185516358,0.7979198098182678,-0.572843074798584,-0.1353195309638977,0.5566422343254089,0.8196572661399841],"EasingStyle":"Linear","EasingDirection":"In"},"HumanoidRootPart":{"Weight":1,"CFrame":[0,0,0,1,0,0,0,1,0,0,0,1],"EasingStyle":"Linear","EasingDirection":"In"},"Left Arm":{"Weight":1,"CFrame":[-0.3945047855377197,-0.5791342854499817,0.15471088886260987,-0.6796389222145081,0.7334778904914856,0.010055303573608399,-0.5701459646224976,-0.5368216633796692,0.6218973398208618,0.4615458548069,0.4169326424598694,0.7830343246459961],"EasingStyle":"Linear","EasingDirection":"In"}}},{"Time":0.3333333432674408,"poses":{"Left Leg":{"Weight":1,"CFrame":[-0.34708040952682497,-0.3247307538986206,0.12220275402069092,0.4699733853340149,-0.8470419645309448,0.2482842653989792,0.8644202351570129,0.4985867142677307,0.06472205370664597,-0.17861361801624299,0.1842043250799179,0.9665226340293884],"EasingStyle":"Linear","EasingDirection":"In"},"Right Arm":{"Weight":1,"CFrame":[-0.17239241302013398,-0.2316739559173584,0.043799638748168948,0.9027743935585022,0.2904999256134033,-0.31718799471855166,-0.17518341541290284,0.9218528866767883,0.3456847667694092,0.39282193779945376,-0.25650936365127566,0.8831160664558411],"EasingStyle":"Linear","EasingDirection":"In"},"Head":{"Weight":1,"CFrame":[3.259629011154175e-8,5.688052624464035e-7,1.1920928955078126e-7,0.9678067564964294,-0.25165092945098879,-0.004683684557676315,0.2387879192829132,0.9121373891830444,0.33314546942710879,-0.0795641839504242,-0.32353875041007998,0.9428638219833374],"EasingStyle":"Linear","EasingDirection":"In"},"Right Leg":{"Weight":1,"CFrame":[0.5596255660057068,0.6134001016616821,-0.08769875764846802,0.6497762203216553,-0.7309715151786804,0.20849867165088654,0.752498984336853,0.6573432087898254,-0.04056020453572273,-0.10740678757429123,0.1832500547170639,0.9771813154220581],"EasingStyle":"Linear","EasingDirection":"In"},"Torso":{"Weight":1,"CFrame":[0.007415948435664177,1.7795813083648682,-0.46648311614990237,0.9715615510940552,0.23673740029335023,0.004873007070273161,-0.19130821526050569,0.7969162464141846,-0.5729971528053284,-0.13953323662281037,0.5557696223258972,0.8195430040359497],"EasingStyle":"Linear","EasingDirection":"In"},"HumanoidRootPart":{"Weight":1,"CFrame":[0,0,0,1,0,0,0,1,0,0,0,1],"EasingStyle":"Linear","EasingDirection":"In"},"Left Arm":{"Weight":1,"CFrame":[-0.34612515568733218,-0.5771905183792114,0.16463696956634522,-0.6259846687316895,0.7798345685005188,0.0011265726061537862,-0.6029474139213562,-0.4849100112915039,0.6334956288337708,0.4945680499076843,0.3958792984485626,0.7737455368041992],"EasingStyle":"Linear","EasingDirection":"In"}}},{"Time":0.36666667461395266,"poses":{"Left Leg":{"Weight":1,"CFrame":[-0.4031270742416382,-0.2932397127151489,0.15038132667541505,0.45318669080734255,-0.851545512676239,0.26361358165740969,0.8680764436721802,0.4888094365596771,0.08665235340595246,-0.20264524221420289,0.18956708908081056,0.9607285857200623],"EasingStyle":"Linear","EasingDirection":"In"},"Right Arm":{"Weight":1,"CFrame":[-0.15003307163715363,-0.22819268703460694,0.03470909595489502,0.9150867462158203,0.2129896581172943,-0.34242045879364016,-0.09903470426797867,0.9418296813964844,0.32116806507110598,0.3909071683883667,-0.2599852383136749,0.8829492926597595],"EasingStyle":"Linear","EasingDirection":"In"},"Head":{"Weight":1,"CFrame":[7.450580596923828e-8,1.9487924873828889e-7,0,0.9665789604187012,-0.25635668635368349,-0.0025332458317279817,0.24341419339179994,0.9145889282226563,0.32291895151138308,-0.08046554028987885,-0.31274333596229555,0.9464232921600342],"EasingStyle":"Linear","EasingDirection":"In"},"Right Leg":{"Weight":1,"CFrame":[0.573060154914856,0.6315224170684815,-0.09383994340896607,0.6968554854393005,-0.6855682730674744,0.21068638563156129,0.7064153552055359,0.7068612575531006,-0.03639446571469307,-0.12397509813308716,0.17419375479221345,0.9768760800361633],"EasingStyle":"Linear","EasingDirection":"In"},"Torso":{"Weight":1,"CFrame":[0.009056869894266129,1.7569921016693116,-0.47946858406066897,0.9702987670898438,0.24182434380054475,0.006426435895264149,-0.1945827752351761,0.7959787845611572,-0.5731974244117737,-0.14372840523719788,0.5549222826957703,0.8193920850753784],"EasingStyle":"Linear","EasingDirection":"In"},"HumanoidRootPart":{"Weight":1,"CFrame":[0,0,0,1,0,0,0,1,0,0,0,1],"EasingStyle":"Linear","EasingDirection":"In"},"Left Arm":{"Weight":1,"CFrame":[-0.2956812381744385,-0.5748163461685181,0.17361176013946534,-0.5645900964736939,0.8252781629562378,-0.012403951957821846,-0.6354869604110718,-0.4250620901584625,0.6445762515068054,0.5266823172569275,0.3718039095401764,0.7644395232200623],"EasingStyle":"Linear","EasingDirection":"In"}}},{"Time":0.4000000059604645,"poses":{"Left Leg":{"Weight":1,"CFrame":[-0.4596450924873352,-0.2539600133895874,0.17753708362579347,0.44224032759666445,-0.8528498411178589,0.2776162028312683,0.8679437041282654,0.484958291053772,0.10718760639429093,-0.22604726254940034,0.19355258345603944,0.9546937942504883],"EasingStyle":"Linear","EasingDirection":"In"},"Right Arm":{"Weight":1,"CFrame":[-0.12321510910987854,-0.22522860765457154,0.026967525482177736,0.9221867322921753,0.12618832290172578,-0.365579217672348,-0.014189079403877259,0.9556750655174255,0.29408150911331179,0.3864845633506775,-0.26601091027259829,0.8831013441085815],"EasingStyle":"Linear","EasingDirection":"In"},"Head":{"Weight":1,"CFrame":[1.8067657947540284e-7,-1.434236764907837e-7,-4.76837158203125e-7,0.9655126333236694,-0.26035577058792117,-0.000568222370930016,0.24740058183670045,0.9167850017547607,0.3135257661342621,-0.0811072587966919,-0.3028535842895508,0.9495795965194702],"EasingStyle":"Linear","EasingDirection":"In"},"Right Leg":{"Weight":1,"CFrame":[0.5874574184417725,0.6458349227905273,-0.10042381286621094,0.7414235472679138,-0.6366086006164551,0.21218113601207734,0.6564337015151978,0.7536837458610535,-0.03249030187726021,-0.1392338126897812,0.16337193548679353,0.9766901135444641],"EasingStyle":"Linear","EasingDirection":"In"},"Torso":{"Weight":1,"CFrame":[0.010862385854125023,1.7352288961410523,-0.4918327331542969,0.9691534042358398,0.24631978571414948,0.008259475231170655,-0.1972082406282425,0.7951510548591614,-0.5734490156173706,-0.1478193700313568,0.5541312098503113,0.8191996216773987],"EasingStyle":"Linear","EasingDirection":"In"},"HumanoidRootPart":{"Weight":1,"CFrame":[0,0,0,1,0,0,0,1,0,0,0,1],"EasingStyle":"Linear","EasingDirection":"In"},"Left Arm":{"Weight":1,"CFrame":[-0.2437499761581421,-0.5719689726829529,0.18125438690185548,-0.49497848749160769,0.8683461546897888,-0.0311661995947361,-0.6667633652687073,-0.3565831184387207,0.6544273495674133,0.5571561455726624,0.3447079360485077,0.7554823756217957],"EasingStyle":"Linear","EasingDirection":"In"}}},{"Time":0.4333333373069763,"poses":{"Left Leg":{"Weight":1,"CFrame":[-0.516858696937561,-0.2070368528366089,0.20214521884918214,0.43847113847732546,-0.8508249521255493,0.2895515263080597,0.8639297485351563,0.4878149628639221,0.12514790892601014,-0.24772658944129945,0.19527849555015565,0.9489457011222839],"EasingStyle":"Linear","EasingDirection":"In"},"Right Arm":{"Weight":1,"CFrame":[-0.09153448045253754,-0.22292819619178773,0.02096080780029297,0.9221038818359375,0.030587956309318544,-0.38573166728019717,0.07888388633728028,0.9610752463340759,0.2647862732410431,0.3788164258003235,-0.27458855509757998,0.8837981820106506],"EasingStyle":"Linear","EasingDirection":"In"},"Head":{"Weight":1,"CFrame":[1.043081283569336e-7,5.3085386753082278e-8,1.1920928955078126e-7,0.9646692276000977,-0.26346179842948916,0.0011154711246490479,0.2505553066730499,0.9187045693397522,0.30529335141181948,-0.08145791292190552,-0.29422757029533389,0.9522577524185181],"EasingStyle":"Linear","EasingDirection":"In"},"Right Leg":{"Weight":1,"CFrame":[0.6024560928344727,0.6567815542221069,-0.10717916488647461,0.7830791473388672,-0.5843804478645325,0.21280702948570252,0.602857232093811,0.7973267436027527,-0.028865337371826173,-0.15280835330486298,0.1508960723876953,0.9766678810119629],"EasingStyle":"Linear","EasingDirection":"In"},"Torso":{"Weight":1,"CFrame":[0.012834208086133004,1.714566946029663,-0.5032532215118408,0.9681796431541443,0.2500401437282562,0.010395368561148644,-0.19901993870735169,0.7944782972335815,-0.5737555027008057,-0.1517207771539688,0.5534295439720154,0.8189606666564941],"EasingStyle":"Linear","EasingDirection":"In"},"HumanoidRootPart":{"Weight":1,"CFrame":[0,0,0,1,0,0,0,1,0,0,0,1],"EasingStyle":"Linear","EasingDirection":"In"},"Left Arm":{"Weight":1,"CFrame":[-0.19090783596038819,-0.5686048269271851,0.18718469142913819,-0.4166525900363922,0.9073551893234253,-0.05574307590723038,-0.6956023573875427,-0.27873802185058596,0.6621500253677368,0.5852675437927246,0.3146614730358124,0.7472952008247376],"EasingStyle":"Linear","EasingDirection":"In"}}},{"Time":0.46666666865348818,"poses":{"Left Leg":{"Weight":1,"CFrame":[-0.5747711062431336,-0.1528071165084839,0.22269034385681153,0.44314849376678469,-0.8452108502388,0.298727422952652,0.8558793067932129,0.49802395701408389,0.13943706452846528,-0.2666271924972534,0.1938832849264145,0.9440971612930298],"EasingStyle":"Linear","EasingDirection":"In"},"Right Arm":{"Weight":1,"CFrame":[-0.05458424985408783,-0.22144007682800294,0.017074108123779298,0.9127482175827026,-0.07282022386789322,-0.4019799530506134,0.17923304438591004,0.9556071758270264,0.23386026918888093,0.36710524559020998,-0.28550365567207339,0.8852804899215698],"EasingStyle":"Linear","EasingDirection":"In"},"Head":{"Weight":1,"CFrame":[4.0978193283081057e-8,-1.4621764421463014e-7,-2.384185791015625e-7,0.9641105532646179,-0.26549023389816286,0.0024191068951040508,0.2526865005493164,0.9203351140022278,0.2985512614250183,-0.08148884773254395,-0.2872250974178314,0.9543905854225159],"EasingStyle":"Linear","EasingDirection":"In"},"Right Leg":{"Weight":1,"CFrame":[0.617766261100769,0.6650032997131348,-0.11382627487182617,0.8215364813804627,-0.5291198492050171,0.21239162981510163,0.545953631401062,0.8374264240264893,-0.025527775287628175,-0.16435506939888,0.1369280219078064,0.9768511652946472],"EasingStyle":"Linear","EasingDirection":"In"},"Torso":{"Weight":1,"CFrame":[0.014974407851696015,1.6952836513519288,-0.5134057998657227,0.9674325585365295,0.2528021037578583,0.012857808731496334,-0.19985325634479524,0.7940062880516052,-0.5741191506385803,-0.15534767508506776,0.5528518557548523,0.8186708688735962],"EasingStyle":"Linear","EasingDirection":"In"},"HumanoidRootPart":{"Weight":1,"CFrame":[0,0,0,1,0,0,0,1,0,0,0,1],"EasingStyle":"Linear","EasingDirection":"In"},"Left Arm":{"Weight":1,"CFrame":[-0.13773328065872193,-0.5646817684173584,0.19102191925048829,-0.3291115462779999,0.9403078556060791,-0.08664118498563767,-0.7205789089202881,-0.19078339636325837,0.6666091680526733,0.6102882027626038,0.281820684671402,0.7403550148010254],"EasingStyle":"Linear","EasingDirection":"In"}}},{"Time":0.5,"poses":{"Left Leg":{"Weight":1,"CFrame":[-0.6329764723777771,-0.09180212020874024,0.2378305196762085,0.45733898878097536,-0.8355233073234558,0.30453574657440188,0.843465268611908,0.5160566568374634,0.1491706371307373,-0.2817932367324829,0.18864381313323975,0.9407476782798767],"EasingStyle":"Linear","EasingDirection":"In"},"Right Arm":{"Weight":1,"CFrame":[-0.011959686875343323,-0.22091105580329896,0.015692830085754396,0.8920280933380127,-0.1824507862329483,-0.4135187268257141,0.2853217124938965,0.9368770718574524,0.2021213322877884,0.3505389392375946,-0.2982836961746216,0.8877776861190796],"EasingStyle":"Linear","EasingDirection":"In"},"Head":{"Weight":1,"CFrame":[8.568167686462403e-8,-3.995373845100403e-7,-5.960464477539063e-8,0.9638967514038086,-0.26625654101371767,0.003244564635679126,0.25360268354415896,0.9216657280921936,0.29362913966178896,-0.08117109537124634,-0.28220534324645998,0.9559140205383301],"EasingStyle":"Linear","EasingDirection":"In"},"Right Leg":{"Weight":1,"CFrame":[0.633204460144043,0.6713048219680786,-0.120086669921875,0.8565932512283325,-0.47098422050476076,0.21076510846614839,0.4859267473220825,0.8737104535102844,-0.02247902937233448,-0.17356033623218537,0.12167178094387055,0.9772782921791077],"EasingStyle":"Linear","EasingDirection":"In"},"Torso":{"Weight":1,"CFrame":[0.017285404726862909,1.6776580810546876,-0.5219674110412598,0.9669663310050964,0.25442203879356387,0.015670936554670335,-0.1995430290699005,0.7937793731689453,-0.5745406150817871,-0.15861505270004273,0.5524343252182007,0.8183261752128601],"EasingStyle":"Linear","EasingDirection":"In"},"HumanoidRootPart":{"Weight":1,"CFrame":[0,0,0,1,0,0,0,1,0,0,0,1],"EasingStyle":"Linear","EasingDirection":"In"},"Left Arm":{"Weight":1,"CFrame":[-0.08480274677276612,-0.5601556897163391,0.19238543510437013,-0.23189903795719148,0.9647735357284546,-0.12423740327358246,-0.7399179339408875,-0.09204035997390747,0.6663708090782166,0.631462037563324,0.24645625054836274,0.7351972460746765],"EasingStyle":"Linear","EasingDirection":"In"}}},{"Time":0.5333333611488342,"poses":{"Left Leg":{"Weight":1,"CFrame":[-0.6889890432357788,-0.024032115936279298,0.24723196029663087,0.481503963470459,-0.8207272887229919,0.3075072169303894,0.8255741000175476,0.5425165891647339,0.15525180101394654,-0.29424721002578738,0.1791156679391861,0.9387950897216797],"EasingStyle":"Linear","EasingDirection":"In"},"Right Arm":{"Weight":1,"CFrame":[0.03743806481361389,-0.22495323419570924,0.015847325325012208,0.8590553998947144,-0.29860082268714907,-0.4157659709453583,0.39684659242630007,0.9015323519706726,0.1724885255098343,0.32332128286361697,-0.3131726384162903,0.8929648995399475],"EasingStyle":"Linear","EasingDirection":"In"},"Head":{"Weight":1,"CFrame":[3.3527612686157229e-8,2.3096799850463868e-7,1.1920928955078126e-7,0.963904857635498,-0.26622170209884646,0.0036848559975624086,0.2537679374217987,0.9228249788284302,0.2898203730583191,-0.0805569589138031,-0.27842405438423159,0.957073986530304],"EasingStyle":"Linear","EasingDirection":"In"},"Right Leg":{"Weight":1,"CFrame":[0.6487381458282471,0.6741194128990173,-0.12592023611068726,0.8877896070480347,-0.41053637862205508,0.2080618292093277,0.42342376708984377,0.9057194590568543,-0.019612034782767297,-0.18039414286613465,0.10550972074270249,0.9779191017150879],"EasingStyle":"Linear","EasingDirection":"In"},"Torso":{"Weight":1,"CFrame":[0.01974116638302803,1.661055564880371,-0.5286636352539063,0.9667481780052185,0.2550426721572876,0.01874074898660183,-0.1982392817735672,0.7936925888061523,-0.5751115679740906,-0.16155236959457398,0.5522728562355042,0.8178603053092957],"EasingStyle":"Linear","EasingDirection":"In"},"HumanoidRootPart":{"Weight":1,"CFrame":[0,0,0,1,0,0,0,1,0,0,0,1],"EasingStyle":"Linear","EasingDirection":"In"},"Left Arm":{"Weight":1,"CFrame":[-0.032625049352645877,-0.5492126941680908,0.1914130449295044,-0.11959277093410492,0.9787251949310303,-0.16671743988990785,-0.7523319721221924,0.0202359426766634,0.6584733128547669,0.6478381752967835,0.20417562127113343,0.733906090259552],"EasingStyle":"Linear","EasingDirection":"In"}}},{"Time":0.5666666626930237,"poses":{"Left Leg":{"Weight":1,"CFrame":[-0.7405922412872315,0.05017274618148804,0.25145673751831057,0.5145274996757507,-0.80000901222229,0.30862143635749819,0.8012452721595764,0.5767553448677063,0.15924625098705293,-0.3053974211215973,0.1653449386358261,0.9377598762512207],"EasingStyle":"Linear","EasingDirection":"In"},"Right Arm":{"Weight":1,"CFrame":[0.09354095160961151,-0.2363283634185791,0.016281723976135255,0.8108068704605103,-0.4220033884048462,-0.40559273958206179,0.5137927532196045,0.845081627368927,0.1478314995765686,0.28037354350090029,-0.3282533884048462,0.9020202159881592],"EasingStyle":"Linear","EasingDirection":"In"},"Head":{"Weight":1,"CFrame":[1.4528632164001466e-7,-1.1175870895385742e-7,2.384185791015625e-7,0.9639714956283569,-0.26597702503204348,0.0039020408876240255,0.253776878118515,0.9239535927772522,0.28619441390037539,-0.0797264352440834,-0.27489301562309267,0.9581636190414429],"EasingStyle":"Linear","EasingDirection":"In"},"Right Leg":{"Weight":1,"CFrame":[0.6641564965248108,0.6707742214202881,-0.13134074211120606,0.9146466255187988,-0.34866762161254885,0.20457889139652253,0.3594328463077545,0.9330193996429443,-0.016817348077893258,-0.1850123405456543,0.08891428261995316,0.978705644607544],"EasingStyle":"Linear","EasingDirection":"In"},"Torso":{"Weight":1,"CFrame":[0.022305753082036973,1.6446452140808106,-0.5332105159759522,0.9667019844055176,0.2549620270729065,0.021947292611002923,-0.19623547792434693,0.7936120629310608,-0.5759094953536987,-0.16425268352031709,0.5524259805679321,0.8172188997268677],"EasingStyle":"Linear","EasingDirection":"In"},"HumanoidRootPart":{"Weight":1,"CFrame":[0,0,0,1,0,0,0,1,0,0,0,1],"EasingStyle":"Linear","EasingDirection":"In"},"Left Arm":{"Weight":1,"CFrame":[0.018557608127593995,-0.5273951292037964,0.1886211633682251,0.012431728653609753,0.977473795413971,-0.2106906771659851,-0.7537639141082764,0.14761190116405488,0.6403521299362183,0.6570278406143189,0.1508502960205078,0.7386194467544556],"EasingStyle":"Linear","EasingDirection":"In"}}},{"Time":0.6000000238418579,"poses":{"Left Leg":{"Weight":1,"CFrame":[-0.7871322631835938,0.12963157892227174,0.25081443786621096,0.5547852516174316,-0.7728559374809265,0.3080700933933258,0.7700605392456055,0.6171764731407166,0.161554753780365,-0.31499212980270388,0.14760448038578034,0.9375462532043457],"EasingStyle":"Linear","EasingDirection":"In"},"Right Arm":{"Weight":1,"CFrame":[0.1549977958202362,-0.2539089620113373,0.016953110694885255,0.7418020367622376,-0.5496572256088257,-0.3841961920261383,0.6327759623527527,0.7634197473526001,0.12955673038959504,0.22209107875823975,-0.33921557664871218,0.9141161441802979],"EasingStyle":"Linear","EasingDirection":"In"},"Head":{"Weight":1,"CFrame":[8.195638656616211e-8,3.3527612686157229e-7,-5.960464477539063e-8,0.9640942811965942,-0.26553165912628176,0.003903597593307495,0.2536342442035675,0.9250537157058716,0.2827461361885071,-0.07868906110525131,-0.27160385251045229,0.9591869115829468],"EasingStyle":"Linear","EasingDirection":"In"},"Right Leg":{"Weight":1,"CFrame":[0.6789464950561523,0.6605926752090454,-0.13612711429595948,0.9370251893997192,-0.2860475480556488,0.20040129125118257,0.2946985065937042,0.9554862976074219,-0.014099052175879479,-0.18744762241840363,0.07226909697055817,0.9796125292778015],"EasingStyle":"Linear","EasingDirection":"In"},"Torso":{"Weight":1,"CFrame":[0.024967476725578309,1.62840735912323,-0.5352716445922852,0.9668136835098267,0.2542293965816498,0.02527662180364132,-0.19358167052268983,0.7935344576835632,-0.5769134759902954,-0.1667262613773346,0.5528746843338013,0.8164140582084656],"EasingStyle":"Linear","EasingDirection":"In"},"HumanoidRootPart":{"Weight":1,"CFrame":[0,0,0,1,0,0,0,1,0,0,0,1],"EasingStyle":"Linear","EasingDirection":"In"},"Left Arm":{"Weight":1,"CFrame":[0.068574458360672,-0.4966943562030792,0.18419790267944337,0.16160398721694947,0.9538108706474304,-0.25323736667633059,-0.7375801801681519,0.2872231602668762,0.6111287474632263,0.6556368470191956,0.08802201598882675,0.7499282956123352],"EasingStyle":"Linear","EasingDirection":"In"}}},{"Time":0.6333333253860474,"poses":{"Left Leg":{"Weight":1,"CFrame":[-0.8279120922088623,0.2130398154258728,0.2457817792892456,0.600316047668457,-0.7388602495193481,0.30611488223075869,0.7317230105400086,0.6619086265563965,0.16266083717346192,-0.32280370593070986,0.12634341418743134,0.9379953145980835],"EasingStyle":"Linear","EasingDirection":"In"},"Right Arm":{"Weight":1,"CFrame":[0.22046047449111939,-0.2765660881996155,0.017818331718444825,0.6469546556472778,-0.6759474873542786,-0.35290876030921938,0.7476910352706909,0.6531928181648254,0.11957205832004547,0.14969298243522645,-0.34122434258461,0.9279859066009522],"EasingStyle":"Linear","EasingDirection":"In"},"Head":{"Weight":1,"CFrame":[1.1920928955078126e-7,3.4458935260772707e-7,-4.172325134277344e-7,0.964270293712616,-0.26489463448524477,0.003696948755532503,0.2533450424671173,0.9261277318000794,0.2794707715511322,