{"Sequence":[{"Time":0,"poses":{"Left Leg":{"Weight":1,"CFrame":[-0.08345048874616623,0.02600228786468506,0.10451805591583252,0.863497257232666,-0.20090927183628083,0.4626099169254303,0.21542087197303773,0.9762759804725647,0.02189233899116516,-0.4560334384441376,0.08075200766324997,0.8862915635108948],"EasingStyle":"Linear","EasingDirection":"In"},"Right Arm":{"Weight":1,"CFrame":[0.4950236976146698,-0.0030277669429779054,-0.22632312774658204,0.8133335709571838,-0.06597007811069489,0.5780455470085144,0.5800460577011108,0.01490664854645729,-0.8144471645355225,0.045112427324056628,0.9977103471755981,0.050389789044857028],"EasingStyle":"Linear","EasingDirection":"In"},"Head":{"Weight":1,"CFrame":[8.642382454127073e-8,-1.3969838619232178e-8,1.1920928955078126e-7,0.8893282413482666,0.43930476903915408,-0.12691202759742738,-0.44245558977127077,0.8967827558517456,0.003723844885826111,0.11544842272996903,0.052841220051050189,0.991907000541687],"EasingStyle":"Linear","EasingDirection":"In"},"Right Leg":{"Weight":1,"CFrame":[0.3420221209526062,0.014404475688934327,0.008397102355957032,0.9753798842430115,0.21916505694389344,-0.024512670934200288,-0.21920208632946015,0.9756788015365601,0.0011919989483430982,0.024177536368370057,0.004210450686514378,0.99969881772995],"EasingStyle":"Linear","EasingDirection":"In"},"Torso":{"Weight":1,"CFrame":[-0.010116451419889927,0.016219107434153558,-0.06125783920288086,0.8492754101753235,-0.5276134610176086,-0.01884835585951805,0.5279499888420105,0.8487377166748047,0.03021828643977642,0.00005373551539378241,-0.035614632070064548,0.9993656873703003],"EasingStyle":"Linear","EasingDirection":"In"},"HumanoidRootPart":{"Weight":1,"CFrame":[0,0,0,1,0,0,0,1,0,0,0,1],"EasingStyle":"Linear","EasingDirection":"In"},"Left Arm":{"Weight":1,"CFrame":[-0.007141545414924622,-0.2198333740234375,0.042656540870666507,-0.9452978372573853,0.16647838056087495,-0.28052976727485659,-0.2285914272069931,-0.9515685439109802,0.2055804282426834,-0.23271864652633668,0.2584615647792816,0.9375712275505066],"EasingStyle":"Linear","EasingDirection":"In"}}},{"Time":0.03333333507180214,"poses":{"Left Leg":{"Weight":1,"CFrame":[-0.14797279238700868,0.022458553314208986,0.10970723628997803,0.8826053142547607,-0.23738160729408265,0.4057809114456177,0.24946776032447816,0.9680925607681274,0.02372114174067974,-0.3984641432762146,0.08029279112815857,0.9136625528335571],"EasingStyle":"Linear","EasingDirection":"In"},"Right Arm":{"Weight":1,"CFrame":[0.48845916986465456,-0.007284998893737793,-0.23108798265457154,0.8049604892730713,-0.0665435791015625,0.5895853638648987,0.5902256965637207,-0.011685408651828766,-0.8071536421775818,0.06060042977333069,0.9977151155471802,0.029869448393583299],"EasingStyle":"Linear","EasingDirection":"In"},"Head":{"Weight":1,"CFrame":[8.940696716308594e-8,-7.450580596923828e-9,-1.1920928955078126e-7,0.8900188207626343,0.43915486335754397,-0.12251371145248413,-0.44333159923553469,0.8963243365287781,-0.007739439606666565,0.10641321539878845,0.06120244413614273,0.9924366474151611],"EasingStyle":"Linear","EasingDirection":"In"},"Right Leg":{"Weight":1,"CFrame":[0.33889007568359377,0.0052152276039123539,0.034489989280700687,0.9544557332992554,0.28177541494369509,-0.09806565940380097,-0.28189337253570559,0.9593585133552551,0.01293976791203022,0.09772634506225586,0.015293697826564312,0.9950958490371704],"EasingStyle":"Linear","EasingDirection":"In"},"Torso":{"Weight":1,"CFrame":[-0.022050250321626664,0.03232093155384064,-0.07362556457519531,0.8205204606056213,-0.5703029036521912,-0.03874092176556587,0.5716127157211304,0.8188967704772949,0.05164350941777229,0.002272370969876647,-0.06451935321092606,0.9979138970375061],"EasingStyle":"Linear","EasingDirection":"In"},"HumanoidRootPart":{"Weight":1,"CFrame":[0,0,0,1,0,0,0,1,0,0,0,1],"EasingStyle":"Linear","EasingDirection":"In"},"Left Arm":{"Weight":1,"CFrame":[-0.00941513478755951,-0.21082335710525514,0.03173220157623291,-0.9525715112686157,0.12503023445606233,-0.27744388580322268,-0.18652647733688355,-0.9602482318878174,0.20768091082572938,-0.24044862389564515,0.24958166480064393,0.9380264282226563],"EasingStyle":"Linear","EasingDirection":"In"}}},{"Time":0.06666667014360428,"poses":{"Left Leg":{"Weight":1,"CFrame":[-0.22476956248283387,0.012874186038970948,0.12579870223999024,0.8770989775657654,-0.3035581707954407,0.3722226023674011,0.31689217686653139,0.9480920433998108,0.026476817205548288,-0.36093857884407046,0.09473168104887009,0.9277657866477966],"EasingStyle":"Linear","EasingDirection":"In"},"Right Arm":{"Weight":1,"CFrame":[0.4742458462715149,-0.019642561674118043,-0.2367112636566162,0.7836449146270752,-0.07954337447881699,0.6160956025123596,0.6142725944519043,-0.04857270047068596,-0.7875974178314209,0.09257358312606812,0.9956473708152771,0.010797525756061077],"EasingStyle":"Linear","EasingDirection":"In"},"Head":{"Weight":1,"CFrame":[6.332993507385254e-8,-4.470348358154297e-8,3.5762786865234377e-7,0.8920535445213318,0.43914955854415896,-0.10671570897102356,-0.4437885582447052,0.8958303332328796,-0.02323569729924202,0.0853952094912529,0.0680866688489914,0.9940180778503418],"EasingStyle":"Linear","EasingDirection":"In"},"Right Leg":{"Weight":1,"CFrame":[0.3539818823337555,0.00016129016876220703,0.07516562938690186,0.9083845615386963,0.37106215953826907,-0.19274426996707917,-0.36973273754119875,0.928086519241333,0.04419456794857979,0.1952822506427765,0.031118184328079225,0.9802533388137817],"EasingStyle":"Linear","EasingDirection":"In"},"Torso":{"Weight":1,"CFrame":[-0.03788137063384056,0.05264159291982651,-0.10298705101013184,0.7987363934516907,-0.5975272059440613,-0.0705801472067833,0.601625382900238,0.7947472929954529,0.08014891296625138,0.008202221244573594,-0.1064806655049324,0.9942809343338013],"EasingStyle":"Linear","EasingDirection":"In"},"HumanoidRootPart":{"Weight":1,"CFrame":[0,0,0,1,0,0,0,1,0,0,0,1],"EasingStyle":"Linear","EasingDirection":"In"},"Left Arm":{"Weight":1,"CFrame":[-0.012443527579307557,-0.1959388554096222,0.021543025970458986,-0.9558897018432617,0.09386397898197174,-0.2783244550228119,-0.15367159247398377,-0.9673500657081604,0.20154108107089997,-0.25031977891921999,0.2354217916727066,0.9391042590141296],"EasingStyle":"Linear","EasingDirection":"In"}}},{"Time":0.10000000149011612,"poses":{"Left Leg":{"Weight":1,"CFrame":[-0.2880547344684601,-0.002478957176208496,0.14385700225830079,0.8556103110313416,-0.37248456478118899,0.35942506790161135,0.38837483525276186,0.921014666557312,0.029954373836517335,-0.34219297766685488,0.1139620989561081,0.9326930642127991],"EasingStyle":"Linear","EasingDirection":"In"},"Right Arm":{"Weight":1,"CFrame":[0.4607115685939789,-0.03968614339828491,-0.24273991584777833,0.7544509172439575,-0.07866677641868592,0.6516256332397461,0.6462987065315247,-0.08409623056650162,-0.7584361433982849,0.11446312069892883,0.9933475255966187,-0.01260423194617033],"EasingStyle":"Linear","EasingDirection":"In"},"Head":{"Weight":1,"CFrame":[1.0058283805847168e-7,5.21540641784668e-8,-4.172325134277344e-7,0.8947385549545288,0.438958078622818,-0.082211434841156,-0.44314393401145937,0.8954863548278809,-0.041563745588064197,0.055374473333358768,0.07362018525600434,0.9957478642463684],"EasingStyle":"Linear","EasingDirection":"In"},"Right Leg":{"Weight":1,"CFrame":[0.3446449935436249,0.0030750036239624025,0.1297987699508667,0.8376057744026184,0.451402872800827,-0.30765587091445925,-0.44500958919525149,0.8904750943183899,0.09497711062431336,0.3168330490589142,0.05735662207007408,0.9467455744743347],"EasingStyle":"Linear","EasingDirection":"In"},"Torso":{"Weight":1,"CFrame":[-0.05278330296278,0.0732886865735054,-0.1382741928100586,0.7858425378799439,-0.6095539331436157,-0.10438203811645508,0.6182505488395691,0.7783749103546143,0.10908113420009613,0.01475752517580986,-0.15025483071804048,0.9885372519493103],"EasingStyle":"Linear","EasingDirection":"In"},"HumanoidRootPart":{"Weight":1,"CFrame":[0,0,0,1,0,0,0,1,0,0,0,1],"EasingStyle":"Linear","EasingDirection":"In"},"Left Arm":{"Weight":1,"CFrame":[-0.015889346599578859,-0.1760483682155609,0.012310504913330078,-0.9563854932785034,0.0715370699763298,-0.2832123935222626,-0.12894922494888307,-0.973359227180481,0.1895889937877655,-0.26210471987724306,0.2178402990102768,0.9401313066482544],"EasingStyle":"Linear","EasingDirection":"In"}}},{"Time":0.13333334028720857,"poses":{"Left Leg":{"Weight":1,"CFrame":[-0.32191139459609988,-0.017498016357421876,0.1607069969177246,0.8290678262710571,-0.42334240674972536,0.36527764797210696,0.44236186146736147,0.8961690068244934,0.034599319100379947,-0.341997891664505,0.13289955258369447,0.9302554130554199],"EasingStyle":"Linear","EasingDirection":"In"},"Right Arm":{"Weight":1,"CFrame":[0.4561022222042084,-0.06700089573860169,-0.24875551462173463,0.7217754125595093,-0.03770960122346878,0.6910994648933411,0.6849920153617859,-0.10408888012170792,-0.7210764288902283,0.09912722557783127,0.9938529133796692,-0.049298085272312167],"EasingStyle":"Linear","EasingDirection":"In"},"Head":{"Weight":1,"CFrame":[9.685754776000977e-8,-1.4901161193847657e-8,3.5762786865234377e-7,0.897396981716156,0.43818199634552,-0.05172346904873848,-0.4407980442047119,0.8954995274543762,-0.0614619143307209,0.019386840984225274,0.07795534282922745,0.9967683553695679],"EasingStyle":"Linear","EasingDirection":"In"},"Right Leg":{"Weight":1,"CFrame":[0.29830890893936159,0.020390808582305909,0.18385612964630128,0.7529087066650391,0.5001590251922607,-0.42774921655654909,-0.4839281439781189,0.8612304925918579,0.15522755682468415,0.44602930545806887,0.0901278406381607,0.890468955039978],"EasingStyle":"Linear","EasingDirection":"In"},"Torso":{"Weight":1,"CFrame":[-0.061874859035015109,0.09071458876132965,-0.1674177646636963,0.7834044098854065,-0.6077567934989929,-0.13003560900688172,0.6211931705474854,0.7723769545555115,0.13248750567436219,0.01991632767021656,-0.18456852436065675,0.9826178550720215],"EasingStyle":"Linear","EasingDirection":"In"},"HumanoidRootPart":{"Weight":1,"CFrame":[0,0,0,1,0,0,0,1,0,0,0,1],"EasingStyle":"Linear","EasingDirection":"In"},"Left Arm":{"Weight":1,"CFrame":[-0.01941901445388794,-0.1520034670829773,0.0042591094970703129,-0.9547827839851379,0.05658534914255142,-0.2918699085712433,-0.11123348027467728,-0.9784098267555237,0.17418769001960755,-0.2757120132446289,0.19877727329730988,0.9404629468917847],"EasingStyle":"Linear","EasingDirection":"In"}}},{"Time":0.1666666716337204,"poses":{"Left Leg":{"Weight":1,"CFrame":[-0.3166612982749939,-0.023488998413085939,0.1727675199508667,0.8102080225944519,-0.43969792127609255,0.38759350776672366,0.4620661735534668,0.8859787583351135,0.039199065417051318,-0.36063528060913088,0.14733439683914185,0.9209966063499451],"EasingStyle":"Linear","EasingDirection":"In"},"Right Arm":{"Weight":1,"CFrame":[0.46248048543930056,-0.1006317138671875,-0.25442755222320559,0.6980531215667725,0.04915390908718109,0.7143572568893433,0.7150794267654419,-0.0996747612953186,-0.6919003129005432,0.03719384968280792,0.9938052892684937,-0.10472720861434937],"EasingStyle":"Linear","EasingDirection":"In"},"Head":{"Weight":1,"CFrame":[9.685754776000977e-8,7.450580596923828e-8,-2.384185791015625e-7,0.8995821475982666,0.43637940287590029,-0.018028412014245988,-0.43631798028945925,0.8960837125778198,-0.08161331713199616,-0.019459394738078119,0.08128402382135391,0.9965010285377502],"EasingStyle":"Linear","EasingDirection":"In"},"Right Leg":{"Weight":1,"CFrame":[0.2395363450050354,0.042943716049194339,0.2123347520828247,0.6910771727561951,0.5087214112281799,-0.5134342908859253,-0.4828673005104065,0.8535316586494446,0.19576279819011689,0.5378212332725525,0.11263351887464524,0.8355012536048889],"EasingStyle":"Linear","EasingDirection":"In"},"Torso":{"Weight":1,"CFrame":[-0.06068029999732971,0.10122790932655335,-0.17763042449951173,0.792478084564209,-0.5940520167350769,-0.13813316822052003,0.6095015406608582,0.7795705795288086,0.14414462447166444,0.022055137902498246,-0.1984238177537918,0.9798681139945984],"EasingStyle":"Linear","EasingDirection":"In"},"HumanoidRootPart":{"Weight":1,"CFrame":[0,0,0,1,0,0,0,1,0,0,0,1],"EasingStyle":"Linear","EasingDirection":"In"},"Left Arm":{"Weight":1,"CFrame":[-0.022702068090438844,-0.12465369701385498,-0.002385079860687256,-0.9515186548233032,0.04749242216348648,-0.3039025366306305,-0.09940123558044434,-0.9824731349945068,0.1576891392469406,-0.29108694195747378,0.18025250732898713,0.9395624399185181],"EasingStyle":"Linear","EasingDirection":"In"}}},{"Time":0.20000000298023225,"poses":{"Left Leg":{"Weight":1,"CFrame":[-0.2780793607234955,-0.008761048316955567,0.1796478033065796,0.7982989549636841,-0.42482510209083559,0.4268988072872162,0.4455038607120514,0.893521249294281,0.056090518832206729,-0.4052716791629791,0.14540798962116242,0.9025582671165466],"EasingStyle":"Linear","EasingDirection":"In"},"Right Arm":{"Weight":1,"CFrame":[0.4742049276828766,-0.13489577174186707,-0.25969189405441286,0.7037944197654724,0.12733936309814454,0.6988979578018189,0.7100055813789368,-0.09315146505832672,-0.6980076432228088,-0.023780548945069314,0.9874752759933472,-0.1559712439775467],"EasingStyle":"Linear","EasingDirection":"In"},"Head":{"Weight":1,"CFrame":[1.0058283805847168e-7,2.9802322387695315e-8,2.384185791015625e-7,0.9012108445167542,0.4330834448337555,0.01605954021215439,-0.42948049306869509,0.8974465727806091,-0.10067950934171677,-0.05801520496606827,0.08383620530366898,0.9947893619537354],"EasingStyle":"Linear","EasingDirection":"In"},"Right Leg":{"Weight":1,"CFrame":[0.20988672971725465,0.03654402494430542,0.20088493824005128,0.7007906436920166,0.4881398677825928,-0.5202040076255798,-0.46800166368484499,0.8649564981460571,0.1811763495206833,0.5383930802345276,0.11648949980735779,0.834603488445282],"EasingStyle":"Linear","EasingDirection":"In"},"Torso":{"Weight":1,"CFrame":[-0.045413047075271609,0.1075623482465744,-0.16482138633728028,0.8125983476638794,-0.5702362060546875,-0.12047689408063889,0.5827232599258423,0.7987565994262695,0.1497381180524826,0.010845616459846497,-0.19188161194324494,0.9813581705093384],"EasingStyle":"Linear","EasingDirection":"In"},"HumanoidRootPart":{"Weight":1,"CFrame":[0,0,0,1,0,0,0,1,0,0,0,1],"EasingStyle":"Linear","EasingDirection":"In"},"Left Arm":{"Weight":1,"CFrame":[-0.02541208267211914,-0.0948437750339508,-0.007395446300506592,-0.9468540549278259,0.04265175014734268,-0.31882327795028689,-0.09235728532075882,-0.9854837656021118,0.14244966208934785,-0.3081194758415222,0.1643248051404953,0.9370484948158264],"EasingStyle":"Linear","EasingDirection":"In"}}},{"Time":0.23333333432674409,"poses":{"Left Leg":{"Weight":1,"CFrame":[-0.22742265462875367,0.02736043930053711,0.18370699882507325,0.7828985452651978,-0.39726966619491579,0.47879692912101748,0.40572863817214968,0.9094362258911133,0.09115999937057495,-0.4716505706310272,0.12289270013570786,0.8731800317764282],"EasingStyle":"Linear","EasingDirection":"In"},"Right Arm":{"Weight":1,"CFrame":[0.48558545112609866,-0.16136324405670167,-0.2644502520561218,0.7555308938026428,0.1383393257856369,0.640340268611908,0.6543515920639038,-0.11224227398633957,-0.747813880443573,-0.03157876059412956,0.9840040802955627,-0.17532511055469514],"EasingStyle":"Linear","EasingDirection":"In"},"Head":{"Weight":1,"CFrame":[1.043081283569336e-7,-6.332993507385254e-8,-5.960464477539063e-8,0.9026047587394714,0.42781633138656618,0.04772712290287018,-0.42027145624160769,0.8997782468795776,-0.11734972894191742,-0.09314794838428498,0.08586207777261734,0.9919431805610657],"EasingStyle":"Linear","EasingDirection":"In"},"Right Leg":{"Weight":1,"CFrame":[0.20850488543510438,-0.0011873245239257813,0.15876710414886475,0.7723420858383179,0.4487535059452057,-0.44956377148628237,-0.44846779108047488,0.8864487409591675,0.11439231783151627,0.44984930753707888,0.11326465755701065,0.8858932256698608],"EasingStyle":"Linear","EasingDirection":"In"},"Torso":{"Weight":1,"CFrame":[-0.018097233027219774,0.11332166194915772,-0.1405797004699707,0.8399083614349365,-0.5368582606315613,-0.07960670441389084,0.5424200892448425,0.8254103660583496,0.15645557641983033,-0.018286269158124925,-0.1745886355638504,0.9844716191291809],"EasingStyle":"Linear","EasingDirection":"In"},"HumanoidRootPart":{"Weight":1,"CFrame":[0,0,0,1,0,0,0,1,0,0,0,1],"EasingStyle":"Linear","EasingDirection":"In"},"Left Arm":{"Weight":1,"CFrame":[-0.027286916971206666,-0.06341958045959473,-0.010669171810150147,-0.9429692625999451,0.040099337697029117,-0.33045583963394167,-0.0871620923280716,-0.987825870513916,0.12885244190692902,-0.3212659955024719,0.15030716359615327,0.934984564781189],"EasingStyle":"Linear","EasingDirection":"In"}}},{"Time":0.2666666805744171,"poses":{"Left Leg":{"Weight":1,"CFrame":[-0.18059000372886659,0.07687193155288696,0.18632030487060548,0.7619240880012512,-0.36538413166999819,0.5347582101821899,0.3518221080303192,0.9267237186431885,0.13192564249038697,-0.5437765717506409,0.0876225009560585,0.8346433043479919],"EasingStyle":"Linear","EasingDirection":"In"},"Right Arm":{"Weight":1,"CFrame":[0.4908931851387024,-0.17172425985336305,-0.2683609127998352,0.8313514590263367,0.05725301057100296,0.5527902841567993,0.5544650554656982,-0.15297158062458039,-0.8180268406867981,0.03772682696580887,0.9865707755088806,-0.15891794860363007],"EasingStyle":"Linear","EasingDirection":"In"},"Head":{"Weight":1,"CFrame":[7.404014468193054e-8,-4.1443854570388797e-8,-5.960464477539063e-8,0.9044438004493713,0.4200916588306427,0.07419275492429733,-0.4088383615016937,0.9032440781593323,-0.1303897351026535,-0.12178979814052582,0.08759734779596329,0.9886829853057861],"EasingStyle":"Linear","EasingDirection":"In"},"Right Leg":{"Weight":1,"CFrame":[0.2077668309211731,-0.04366099834442139,0.10214793682098389,0.8625448346138,0.38603776693344118,-0.32709529995918276,-0.4025633633136749,0.9152036905288696,0.01856997422873974,0.3065274953842163,0.11565912514925003,0.9448089003562927],"EasingStyle":"Linear","EasingDirection":"In"},"Torso":{"Weight":1,"CFrame":[0.01627509482204914,0.11573335528373718,-0.1174314022064209,0.8696565628051758,-0.4930969476699829,-0.023514816537499429,0.49018213152885439,0.8569124341011047,0.15944509208202363,-0.05847173556685448,-0.15018901228904725,0.986926794052124],"EasingStyle":"Linear","EasingDirection":"In"},"HumanoidRootPart":{"Weight":1,"CFrame":[0,0,0,1,0,0,0,1,0,0,0,1],"EasingStyle":"Linear","EasingDirection":"In"},"Left Arm":{"Weight":1,"CFrame":[-0.028006136417388917,-0.03122735023498535,-0.011965334415435791,-0.9402995705604553,0.03810280188918114,-0.33820846676826479,-0.08317156881093979,-0.9893105030059815,0.11978039145469666,-0.33002912998199465,0.14075882732868195,0.9334172606468201],"EasingStyle":"Linear","EasingDirection":"In"}}},{"Time":0.30000001192092898,"poses":{"Left Leg":{"Weight":1,"CFrame":[-0.15126213431358338,0.13521909713745118,0.19365167617797852,0.7351524829864502,-0.3373959958553314,0.587975025177002,0.29652416706085207,0.9400148391723633,0.16865840554237367,-0.6096099615097046,0.05035906657576561,0.7911003232002258],"EasingStyle":"Linear","EasingDirection":"In"},"Right Arm":{"Weight":1,"CFrame":[0.48036444187164309,-0.16002213954925538,-0.271014928817749,0.8917720913887024,-0.11349096894264221,0.43802112340927126,0.4160975515842438,-0.17465166747570039,-0.8923898339271545,0.17777931690216065,0.9780678749084473,-0.10852622240781784],"EasingStyle":"Linear","EasingDirection":"In"},"Head":{"Weight":1,"CFrame":[9.685754776000977e-8,2.9802322387695315e-8,-5.960464477539063e-8,0.9076299071311951,0.4094076156616211,0.09270060062408447,-0.3954015076160431,0.9079793095588684,-0.13867667317390443,-0.14094555377960206,0.08921314775943756,0.9859895706176758],"EasingStyle":"Linear","EasingDirection":"In"},"Right Leg":{"Weight":1,"CFrame":[0.19890549778938294,-0.07647073268890381,0.053443193435668948,0.9329201579093933,0.30776751041412356,-0.186920627951622,-0.3265784680843353,0.9418471455574036,-0.07918629795312882,0.15167954564094544,0.13491865992546082,0.9791783094406128],"EasingStyle":"Linear","EasingDirection":"In"},"Torso":{"Weight":1,"CFrame":[0.05220545083284378,0.11266869306564331,-0.10751032829284668,0.8977426290512085,-0.4387942850589752,0.03895911946892738,0.42840155959129336,0.8902261257171631,0.15482161939144135,-0.10261725634336472,-0.12229984253644943,0.9871739745140076],"EasingStyle":"Linear","EasingDirection":"In"},"HumanoidRootPart":{"Weight":1,"CFrame":[0,0,0,1,0,0,0,1,0,0,0,1],"EasingStyle":"Linear","EasingDirection":"In"},"Left Arm":{"Weight":1,"CFrame":[-0.02764892578125,0.0008829832077026367,-0.009979248046875,-0.9363473653793335,0.04134771600365639,-0.3486318588256836,-0.09080011397600174,-0.9877740740776062,0.12671884894371034,-0.3391300141811371,0.15030869841575623,0.9286540150642395],"EasingStyle":"Linear","EasingDirection":"In"}}},{"Time":0.3333333432674408,"poses":{"Left Leg":{"Weight":1,"CFrame":[-0.13453464210033418,0.19721555709838868,0.20365488529205323,0.7069687843322754,-0.31358736753463747,0.6339229345321655,0.24545691907405854,0.9494053721427918,0.19590863585472108,-0.6632843017578125,0.017099376767873765,0.7481721043586731],"EasingStyle":"Linear","EasingDirection":"In"},"Right Arm":{"Weight":1,"CFrame":[0.4547822177410126,-0.12916448712348939,-0.2717435359954834,0.9004553556442261,-0.3084041476249695,0.3067038655281067,0.2775898873806,-0.1353825032711029,-0.9511127471923828,0.33484944701194765,0.941572368144989,-0.036295995116233829],"EasingStyle":"Linear","EasingDirection":"In"},"Head":{"Weight":1,"CFrame":[2.2351741790771486e-8,-1.4901161193847657e-8,1.1920928955078126e-7,0.9130721688270569,0.39523041248321535,0.10045972466468811,-0.3801333010196686,0.9140881896018982,-0.1412142515182495,-0.14764121174812318,0.09075070917606354,0.9848687052726746],"EasingStyle":"Linear","EasingDirection":"In"},"Right Leg":{"Weight":1,"CFrame":[0.20024216175079347,-0.10024285316467285,0.018335461616516115,0.9724885821342468,0.22994253039360047,-0.0373149998486042,-0.23294606804847718,0.9589147567749023,-0.16192151606082917,-0.0014507860178127885,0.16615928709506989,0.9860979318618774],"EasingStyle":"Linear","EasingDirection":"In"},"Torso":{"Weight":1,"CFrame":[0.08231913298368454,0.10272820293903351,-0.11137557029724121,0.9216441512107849,-0.3754012882709503,0.09821435064077378,0.36058300733566286,0.922061562538147,0.14065024256706239,-0.14335997402668,-0.09421505033969879,0.9851758480072022],"EasingStyle":"Linear","EasingDirection":"In"},"HumanoidRootPart":{"Weight":1,"CFrame":[0,0,0,1,0,0,0,1,0,0,0,1],"EasingStyle":"Linear","EasingDirection":"In"},"Left Arm":{"Weight":1,"CFrame":[-0.02646908164024353,0.03214985132217407,-0.003947019577026367,-0.9279441833496094,0.05714688450098038,-0.36831235885620119,-0.11949847638607025,-0.9816261529922485,0.14876249432563783,-0.35304373502731326,0.18205612897872926,0.9177231192588806],"EasingStyle":"Linear","EasingDirection":"In"}}},{"Time":0.36666667461395266,"poses":{"Left Leg":{"Weight":1,"CFrame":[-0.13593482971191407,0.2564123272895813,0.2174896001815796,0.6856557726860046,-0.2975851595401764,0.6643187999725342,0.21006245911121369,0.9546821713447571,0.21084541082382203,-0.6969577670097351,-0.0050189378671348099,0.7170946598052979],"EasingStyle":"Linear","EasingDirection":"In"},"Right Arm":{"Weight":1,"CFrame":[0.423799604177475,-0.08420845866203308,-0.2695581912994385,0.8702109456062317,-0.4252612292766571,0.248768612742424,0.25114870071411135,-0.05150170624256134,-0.966577410697937,0.4238598942756653,0.9036041498184204,0.06198649853467941],"EasingStyle":"Linear","EasingDirection":"In"},"Head":{"Weight":1,"CFrame":[1.043081283569336e-7,7.450580596923828e-9,2.384185791015625e-7,0.92813640832901,0.3573909103870392,0.10408949851989746,-0.3433447778224945,0.9299581050872803,-0.13150066137313844,-0.14379604160785676,0.08631198108196259,0.9858362078666687],"EasingStyle":"Linear","EasingDirection":"In"},"Right Leg":{"Weight":1,"CFrame":[0.27450603246688845,-0.11261844635009766,-0.013685882091522217,0.9754974842071533,0.19143228232860566,0.1084362342953682,-0.16486036777496339,0.9623945355415344,-0.21591190993785859,-0.14569097757339478,0.1927446573972702,0.9703730344772339],"EasingStyle":"Linear","EasingDirection":"In"},"Torso":{"Weight":1,"CFrame":[0.10109931975603104,0.08632267266511917,-0.13067007064819337,0.9409139752388,-0.30623263120651247,0.14457672834396363,0.29101303219795229,0.9495070576667786,0.11725132912397385,-0.17318278551101685,-0.06824968755245209,0.982522189617157],"EasingStyle":"Linear","EasingDirection":"In"},"HumanoidRootPart":{"Weight":1,"CFrame":[0,0,0,1,0,0,0,1,0,0,0,1],"EasingStyle":"Linear","EasingDirection":"In"},"Left Arm":{"Weight":1,"CFrame":[-0.024315640330314637,0.06189537048339844,0.0057686567306518559,-0.9113782048225403,0.08894576877355576,-0.4018438458442688,-0.17090682685375215,-0.9699959754943848,0.17291240394115449,-0.374407023191452,0.2262665182352066,0.8992347121238709],"EasingStyle":"Linear","EasingDirection":"In"}}},{"Time":0.4000000059604645,"poses":{"Left Leg":{"Weight":1,"CFrame":[-0.17147861421108247,0.3118729591369629,0.2449716329574585,0.6775922179222107,-0.295952171087265,0.6732615232467651,0.20773184299468995,0.9551981687545776,0.21081769466400147,-0.705490231513977,-0.002990612294524908,0.7087135314941406],"EasingStyle":"Linear","EasingDirection":"In"},"Right Arm":{"Weight":1,"CFrame":[0.3972404897212982,-0.030048638582229615,-0.26302874088287356,0.8336218595504761,-0.47051024436950686,0.2893006205558777,0.351502001285553,0.04789473116397858,-0.934961199760437,0.42605286836624148,0.8810938596725464,0.20531140267848969],"EasingStyle":"Linear","EasingDirection":"In"},"Head":{"Weight":1,"CFrame":[5.587935447692871e-8,2.2351741790771486e-8,-2.384185791015625e-7,0.950810968875885,0.2898853123188019,0.10920144617557526,-0.27828529477119448,0.9541841149330139,-0.10995509475469589,-0.13607263565063477,0.07415734976530075,0.9879195690155029],"EasingStyle":"Linear","EasingDirection":"In"},"Right Leg":{"Weight":1,"CFrame":[0.4581705927848816,-0.08814394474029541,-0.07229024171829224,0.9495880007743836,0.2182570844888687,0.22504758834838868,-0.16502396762371064,0.9583456516265869,-0.23311135172843934,-0.2665516138076782,0.1842215359210968,0.9460511207580566],"EasingStyle":"Linear","EasingDirection":"In"},"Torso":{"Weight":1,"CFrame":[0.10579590499401093,0.06535909324884415,-0.17605948448181153,0.9569934606552124,-0.2356930375099182,0.16915155947208405,0.2238697111606598,0.9708052277565002,0.08613689988851547,-0.1845151036977768,-0.04456454887986183,0.9818187952041626],"EasingStyle":"Linear","EasingDirection":"In"},"HumanoidRootPart":{"Weight":1,"CFrame":[0,0,0,1,0,0,0,1,0,0,0,1],"EasingStyle":"Linear","EasingDirection":"In"},"Left Arm":{"Weight":1,"CFrame":[-0.02102094143629074,0.0895947813987732,0.01875317096710205,-0.8827226758003235,0.1420987844467163,-0.44789355993270876,-0.2464223951101303,-0.9515823721885681,0.18375800549983979,-0.40009570121765139,0.2725784480571747,0.8749997019767761],"EasingStyle":"Linear","EasingDirection":"In"}}},{"Time":0.4333333373069763,"poses":{"Left Leg":{"Weight":1,"CFrame":[-0.22528907656669618,0.35317713022232058,0.27010250091552737,0.6883346438407898,-0.30031707882881167,0.6603068709373474,0.22407130897045136,0.9537855386734009,0.20021294057369233,-0.6899183988571167,0.010142337530851365,0.7238160371780396],"EasingStyle":"Linear","EasingDirection":"In"},"Right Arm":{"Weight":1,"CFrame":[0.3854704201221466,0.028474867343902589,-0.24923360347747804,0.77113938331604,-0.5234462022781372,0.36242014169692995,0.505994439125061,0.15838710963726045,-0.8478696942329407,0.38641151785850527,0.8372082710266113,0.3869995176792145],"EasingStyle":"Linear","EasingDirection":"In"},"Head":{"Weight":1,"CFrame":[1.1082738637924194e-7,-3.725290298461914e-9,-5.960464477539063e-8,0.9701524972915649,0.2149207890033722,0.11230900883674622,-0.20591750741004945,0.9747352004051209,-0.08654177933931351,-0.1280711144208908,0.06083233654499054,0.989897608757019],"EasingStyle":"Linear","EasingDirection":"In"},"Right Leg":{"Weight":1,"CFrame":[0.6093471050262451,-0.03061199188232422,-0.13853800296783448,0.9206351041793823,0.24215787649154664,0.3062524199485779,-0.17760470509529115,0.9583063721656799,-0.22384272515773774,-0.3476889133453369,0.1516854614019394,0.9252588152885437],"EasingStyle":"Linear","EasingDirection":"In"},"Torso":{"Weight":1,"CFrame":[0.099716417491436,0.043377310037612918,-0.22853708267211915,0.9701955318450928,-0.16852688789367677,0.17412497103214265,0.1617860496044159,0.9854384064674377,0.05231180787086487,-0.18040534853935243,-0.022581685334444047,0.983333170413971],"EasingStyle":"Linear","EasingDirection":"In"},"HumanoidRootPart":{"Weight":1,"CFrame":[0,0,0,1,0,0,0,1,0,0,0,1],"EasingStyle":"Linear","EasingDirection":"In"},"Left Arm":{"Weight":1,"CFrame":[-0.01636432111263275,0.11525386571884155,0.03452873229980469,-0.8353687524795532,0.22416368126869203,-0.5019062757492065,-0.3457772731781006,-0.9240875840187073,0.1627887487411499,-0.4273141026496887,0.30953657627105715,0.849464476108551],"EasingStyle":"Linear","EasingDirection":"In"}}},{"Time":0.46666666865348818,"poses":{"Left Leg":{"Weight":1,"CFrame":[-0.31516721844673159,0.4293723702430725,0.29321467876434328,0.7040290236473084,-0.321712851524353,0.6331225633621216,0.2529692053794861,0.946635365486145,0.19971993565559388,-0.6635886430740356,0.01955186016857624,0.7478420734405518],"EasingStyle":"Linear","EasingDirection":"In"},"Right Arm":{"Weight":1,"CFrame":[0.3871177136898041,0.08634626865386963,-0.22874581813812257,0.6637504696846008,-0.6135120987892151,0.4278300404548645,0.681615948677063,0.26064738631248476,-0.6837121844291687,0.30795302987098696,0.7454299926757813,0.5911845564842224],"EasingStyle":"Linear","EasingDirection":"In"},"Head":{"Weight":1,"CFrame":[5.075708031654358e-8,3.259629011154175e-9,1.1920928955078126e-7,0.981269121170044,0.15653719007968903,0.1122816652059555,-0.1491241306066513,0.9862168431282044,-0.07168326526880264,-0.12195520102977753,0.053596656769514087,0.9910874962806702],"EasingStyle":"Linear","EasingDirection":"In"},"Right Leg":{"Weight":1,"CFrame":[0.664514422416687,0.015064716339111328,-0.17576748132705689,0.907336413860321,0.23198077082633973,0.3506074845790863,-0.16832523047924043,0.9646716713905335,-0.2026703655719757,-0.3852366805076599,0.12487426400184632,0.9143299460411072],"EasingStyle":"Linear","EasingDirection":"In"},"Torso":{"Weight":1,"CFrame":[0.08961939811706543,0.02329653687775135,-0.2474651336669922,0.9799287915229797,-0.10751895606517792,0.16786730289459229,0.1055823341012001,0.9942003488540649,0.020446162670850755,-0.1690921038389206,-0.0023119605612009765,0.985597550868988],"EasingStyle":"Linear","EasingDirection":"In"},"HumanoidRootPart":{"Weight":1,"CFrame":[0,0,0,1,0,0,0,1,0,0,0,1],"EasingStyle":"Linear","EasingDirection":"In"},"Left Arm":{"Weight":1,"CFrame":[-0.010290056467056275,0.13913822174072267,0.05293774604797363,-0.7604215145111084,0.3396469056606293,-0.5535336136817932,-0.4658525884151459,-0.8791325092315674,0.10053528845310211,-0.4524828791618347,0.3343142569065094,0.8267365097999573],"EasingStyle":"Linear","EasingDirection":"In"}}},{"Time":0.5,"poses":{"Left Leg":{"Weight":1,"CFrame":[-0.38639312982559206,0.5016473531723023,0.27518272399902346,0.7279289960861206,-0.33611664175987246,0.5976160764694214,0.2538083493709564,0.941778838634491,0.22053128480911256,-0.636946439743042,-0.008851125836372376,0.7708572745323181],"EasingStyle":"Linear","EasingDirection":"In"},"Right Arm":{"Weight":1,"CFrame":[0.39226382970809939,0.13912290334701539,-0.2045590877532959,0.503537654876709,-0.7505201697349548,0.42798325419425967,0.8408276438713074,0.3118036091327667,-0.44247859716415408,0.19864240288734437,0.5826647281646729,0.7880629301071167],"EasingStyle":"Linear","EasingDirection":"In"},"Head":{"Weight":1,"CFrame":[9.893847163766623e-8,-2.2118911147117616e-9,2.384185791015625e-7,0.9864594340324402,0.12115500867366791,0.11054116487503052,-0.11431161314249039,0.991230309009552,-0.06629876792430878,-0.11760419607162476,0.05276491492986679,0.9916578531265259],"EasingStyle":"Linear","EasingDirection":"In"},"Right Leg":{"Weight":1,"CFrame":[0.6470201015472412,0.033466637134552,-0.17343872785568238,0.9131955504417419,0.19905084371566773,0.3556019365787506,-0.14474667608737946,0.9741277098655701,-0.17356163263320924,-0.3809492886066437,0.10702335834503174,0.9183809757232666],"EasingStyle":"Linear","EasingDirection":"In"},"Torso":{"Weight":1,"CFrame":[0.07840152084827423,0.006179871037602425,-0.22666215896606446,0.9869769811630249,-0.05431549996137619,0.1514142006635666,0.05609315261244774,0.9983974695205689,-0.007490691263228655,-0.15076467394828797,0.01588643714785576,0.9884421229362488],"EasingStyle":"Linear","EasingDirection":"In"},"HumanoidRootPart":{"Weight":1,"CFrame":[0,0,0,1,0,0,0,1,0,0,0,1],"EasingStyle":"Linear","EasingDirection":"In"},"Left Arm":{"Weight":1,"CFrame":[-0.00334857776761055,0.16146743297576905,0.07327759265899658,-0.6538683772087097,0.47810521721839907,-0.5864057540893555,-0.5924333333969116,-0.8056105375289917,0.003763419110327959,-0.470615416765213,0.34986722469329836,0.810008704662323],"EasingStyle":"Linear","EasingDirection":"In"}}},{"Time":0.5333333611488342,"poses":{"Left Leg":{"Weight":1,"CFrame":[-0.427359938621521,0.505908727645874,0.22128570079803468,0.7707385420799255,-0.33371949195861819,0.5427647233009338,0.22840772569179536,0.9399585127830505,0.25359031558036806,-0.5948041677474976,-0.07148009538650513,0.8006862998008728],"EasingStyle":"Linear","EasingDirection":"In"},"Right Arm":{"Weight":1,"CFrame":[0.3983417749404907,0.18384557962417603,-0.17466521263122559,0.2811031937599182,-0.9059551954269409,0.31658560037612917,0.9563586115837097,0.2370368093252182,-0.17085614800453187,0.0797455906867981,0.350797563791275,0.933049738407135],"EasingStyle":"Linear","EasingDirection":"In"},"Head":{"Weight":1,"CFrame":[6.83940015733242e-8,7.916241884231568e-9,-1.7881393432617188e-7,0.9893099665641785,0.09744781255722046,0.10848845541477204,-0.09091409295797348,0.9938235282897949,-0.06363538652658463,-0.11401944607496262,0.05309198051691055,0.9920588731765747],"EasingStyle":"Linear","EasingDirection":"In"},"Right Leg":{"Weight":1,"CFrame":[0.5897263288497925,0.03788125514984131,-0.13762623071670533,0.9352900385856628,0.16061191260814668,0.31533554196357729,-0.12324431538581848,0.9831240177154541,-0.13519686460494996,-0.33172810077667239,0.08758503198623657,0.939300537109375],"EasingStyle":"Linear","EasingDirection":"In"},"Torso":{"Weight":1,"CFrame":[0.07636834681034088,-0.006962524726986885,-0.1871635913848877,0.9919766783714294,-0.010249976068735123,0.12600529193878175,0.014138747937977314,0.9994497299194336,-0.0300064068287611,-0.12562838196754456,0.03154721111059189,0.9915756583213806],"EasingStyle":"Linear","EasingDirection":"In"},"HumanoidRootPart":{"Weight":1,"CFrame":[0,0,0,1,0,0,0,1,0,0,0,1],"EasingStyle":"Linear","EasingDirection":"In"},"Left Arm":{"Weight":1,"CFrame":[0.0032236529514193537,0.18170350790023805,0.09217047691345215,-0.5316997170448303,0.6095994114875794,-0.5879490971565247,-0.6974979639053345,-0.708956241607666,-0.10429449379444123,-0.4804081618785858,0.3546401262283325,0.8021461963653565],"EasingStyle":"Linear","EasingDirection":"In"}}},{"Time":0.5666666626930237,"poses":{"Left Leg":{"Weight":1,"CFrame":[-0.4545488953590393,0.46286606788635256,0.1496661901473999,0.8276078104972839,-0.319999635219574,0.4611566364765167,0.1989847719669342,0.9354801774024963,0.2920307517051697,-0.5248527526855469,-0.14992377161979676,0.8378857970237732],"EasingStyle":"Linear","EasingDirection":"In"},"Right Arm":{"Weight":1,"CFrame":[0.40260636806488039,0.21785539388656617,-0.1370149850845337,0.004779546521604061,-0.9958772659301758,0.09058475494384766,0.9971383213996887,0.011581017635762692,0.07470797747373581,-0.07544909417629242,0.08996843546628952,0.9930826425552368],"EasingStyle":"Linear","EasingDirection":"In"},"Head":{"Weight":1,"CFrame":[1.0675285011529923e-7,-1.4435499906539917e-8,-5.960464477539063e-8,0.9908437132835388,0.0830778181552887,0.10642769932746887,-0.07671560347080231,0.9950892925262451,-0.06254642456769943,-0.11110125482082367,0.05380905792117119,0.9923512935638428],"EasingStyle":"Linear","EasingDirection":"In"},"Right Leg":{"Weight":1,"CFrame":[0.5066199898719788,0.04319870471954346,-0.08293956518173218,0.9652913808822632,0.12385886162519455,0.2299385368824005,-0.10695136338472367,0.9906551241874695,-0.08464017510414124,-0.23827321827411652,0.05711014196276665,0.9695175886154175],"EasingStyle":"Linear","EasingDirection":"In"},"Torso":{"Weight":1,"CFrame":[0.09023632109165192,-0.016549723222851754,-0.14348149299621583,0.9953691959381104,0.023653987795114518,0.0931703969836235,-0.01941576972603798,0.9987465739250183,-0.04613565281033516,-0.09414490312337876,0.04411303251981735,0.9945806860923767],"EasingStyle":"Linear","EasingDirection":"In"},"HumanoidRootPart":{"Weight":1,"CFrame":[0,0,0,1,0,0,0,1,0,0,0,1],"EasingStyle":"Linear","EasingDirection":"In"},"Left Arm":{"Weight":1,"CFrame":[0.008610537275671959,0.19871002435684205,0.10582852363586426,-0.42009857296943667,0.7111695408821106,-0.563697874546051,-0.7668097019195557,-0.610379159450531,-0.19859476387500764,-0.4853040874004364,0.34881970286369326,0.8017511963844299],"EasingStyle":"Linear","EasingDirection":"In"}}},{"Time":0.6000000238418579,"poses":{"Left Leg":{"Weight":1,"CFrame":[-0.45093029737472536,0.39070630073547366,0.07199978828430176,0.88824063539505,-0.2873018682003021,0.3584496080875397,0.16877628862857819,0.9298192858695984,0.32703322172164919,-0.42725059390068056,-0.22998642921447755,0.874393105506897],"EasingStyle":"Linear","EasingDirection":"In"},"Right Arm":{"Weight":1,"CFrame":[0.38029709458351138,0.2385830283164978,-0.08963823318481446,-0.25527894496917727,-0.946588397026062,-0.1969851553440094,0.9292554259300232,-0.2964748442173004,0.22042472660541535,-0.26705271005630495,-0.1267797350883484,0.9553061723709106],"EasingStyle":"Linear","EasingDirection":"In"},"Head":{"Weight":1,"CFrame":[8.079223334789276e-8,-6.51925802230835e-9,1.1920928955078126e-7,0.9916349053382874,0.07567576318979263,0.10456322133541107,-0.0694567859172821,0.9956631064414978,-0.06189354509115219,-0.10879358649253845,0.05411318689584732,0.9925904870033264],"EasingStyle":"Linear","EasingDirection":"In"},"Right Leg":{"Weight":1,"CFrame":[0.4237293303012848,0.06280910968780518,-0.03310441970825195,0.9882369041442871,0.09801151603460312,0.11739504337310791,-0.09611175954341889,0.9951329827308655,-0.021748382598161699,-0.11895529925823212,0.010209545493125916,0.992847204208374],"EasingStyle":"Linear","EasingDirection":"In"},"Torso":{"Weight":1,"CFrame":[0.11790695041418076,-0.02366923727095127,-0.10933351516723633,0.9973827600479126,0.04667491465806961,0.055219292640686038,-0.043582867830991748,0.9974828362464905,-0.055933695286512378,-0.057690996676683429,0.053380683064460757,0.9969063401222229],"EasingStyle":"Linear","EasingDirection":"In"},"HumanoidRootPart":{"Weight":1,"CFrame":[0,0,0,1,0,0,0,1,0,0,0,1],"EasingStyle":"Linear","EasingDirection":"In"},"Left Arm":{"Weight":1,"CFrame":[0.012737981975078583,0.21134573221206666,0.11033892631530762,-0.34220683574676516,0.7781122922897339,-0.5267218947410584,-0.8000677824020386,-0.535252571105957,-0.2709170877933502,-0.4927332401275635,0.3287035822868347,0.8057096004486084],"EasingStyle":"Linear","EasingDirection":"In"}}},{"Time":0.6333333253860474,"poses":{"Left Leg":{"Weight":1,"CFrame":[-0.38549762964248659,0.2923769950866699,0.004671931266784668,0.9462161064147949,-0.21775935590267182,0.23928260803222657,0.13028761744499207,0.9334312677383423,0.33426234126091006,-0.29614248871803286,-0.2851087152957916,0.9115989208221436],"EasingStyle":"Linear","EasingDirection":"In"},"Right Arm":{"Weight":1,"CFrame":[0.3278936743736267,0.24119460582733155,-0.03401738405227661,-0.4402017295360565,-0.7844268679618836,-0.4369179606437683,0.7855090498924255,-0.5721578598022461,0.23581942915916444,-0.4349691867828369,-0.23939484357833863,0.8680391907691956],"EasingStyle":"Linear","Easin