{"Sequence":[{"Time":0,"poses":{"Left Leg":{"Weight":1,"CFrame":[-0.496023952960968,0.17032486200332642,-0.007934331893920899,0.9560486078262329,-0.2915668487548828,0.0309810321778059,0.2805875837802887,0.9404422044754028,0.1919349730014801,-0.08509781211614609,-0.1748063564300537,0.9809185266494751],"EasingStyle":"Linear","EasingDirection":"In"},"Right Arm":{"Weight":1,"CFrame":[0.051689282059669498,-0.523685872554779,0.44000375270843508,-0.2061745673418045,-0.3249480426311493,0.9229847192764282,0.22593256831169129,-0.9335713386535645,-0.2782067656517029,0.9520748257637024,0.15117323398590089,0.2658950388431549],"EasingStyle":"Linear","EasingDirection":"In"},"Left Arm":{"Weight":1,"CFrame":[0.44439616799354555,-0.25836488604545596,0.4661213159561157,0.5446346998214722,0.4570953845977783,-0.7031620144844055,-0.5797873139381409,0.8110131621360779,0.07812997698783875,0.6059865951538086,0.3651321232318878,0.7067240476608276],"EasingStyle":"Linear","EasingDirection":"In"},"Head":{"Weight":1,"CFrame":[8.475035429000855e-8,-3.166496753692627e-8,1.1920928955078126e-7,0.9773277640342712,0.17995542287826539,-0.11156387627124787,-0.17903351783752442,0.983672559261322,0.01831023022532463,0.11303733289241791,0.002078574150800705,0.9935885667800903],"EasingStyle":"Linear","EasingDirection":"In"},"Torso":{"Weight":1,"CFrame":[-0.027226567268371583,0.046857044100761417,-0.20369362831115724,0.9896863698959351,-0.13914982974529267,-0.03403330594301224,0.1409662812948227,0.9882802963256836,0.05857130140066147,0.02548426203429699,-0.06276476383209229,0.997702956199646],"EasingStyle":"Linear","EasingDirection":"In"},"HumanoidRootPart":{"Weight":0,"CFrame":[0,0,0,1,0,0,0,1,0,0,0,1],"EasingStyle":"Linear","EasingDirection":"In"},"Right Leg":{"Weight":1,"CFrame":[0.3497443199157715,0.1966574788093567,0.11951589584350586,0.8397310972213745,0.43372663855552676,-0.32670000195503237,-0.34412336349487307,0.8904830813407898,0.2976893484592438,0.4200367033481598,-0.13755391538143159,0.8970218300819397],"EasingStyle":"Linear","EasingDirection":"In"}}},{"Time":0.03333333507180214,"poses":{"Left Leg":{"Weight":1,"CFrame":[-0.5021663904190064,0.18356192111968995,0.00004494190216064453,0.9567079544067383,-0.28676581382751467,0.04975218325853348,0.27304598689079287,0.9435059428215027,0.18772974610328675,-0.10077598690986633,-0.16601788997650147,0.9809598922729492],"EasingStyle":"Linear","EasingDirection":"In"},"Right Arm":{"Weight":1,"CFrame":[0.05398073047399521,-0.5363785028457642,0.44110286235809328,-0.20598076283931733,-0.23008334636688233,0.9511222839355469,0.14240191876888276,-0.9686662554740906,-0.20348790287971497,0.9681392312049866,0.09352713078260422,0.23229092359542848],"EasingStyle":"Linear","EasingDirection":"In"},"Left Arm":{"Weight":1,"CFrame":[0.4496188759803772,-0.2490050196647644,0.4633212089538574,0.5325537919998169,0.44106724858283999,-0.722389280796051,-0.6064121723175049,0.7942473292350769,0.03788726031780243,0.5904666185379028,0.4178885519504547,0.6904478669166565],"EasingStyle":"Linear","EasingDirection":"In"},"Head":{"Weight":1,"CFrame":[8.195638656616211e-8,0,0,0.977648913860321,0.1727055460214615,-0.11989724636077881,-0.1720500886440277,0.9849602580070496,0.015876146033406259,0.12083590775728226,0.005107039585709572,0.992659330368042],"EasingStyle":"Linear","EasingDirection":"In"},"Torso":{"Weight":1,"CFrame":[-0.029101349413394929,0.03525332361459732,-0.21640253067016602,0.9897428750991821,-0.13815119862556458,-0.03637677803635597,0.1396968811750412,0.9892132878303528,0.044066641479730609,0.029896533116698266,-0.048696368932724,0.998366117477417],"EasingStyle":"Linear","EasingDirection":"In"},"HumanoidRootPart":{"Weight":0,"CFrame":[0,0,0,1,0,0,0,1,0,0,0,1],"EasingStyle":"Linear","EasingDirection":"In"},"Right Leg":{"Weight":1,"CFrame":[0.36397913098335268,0.21470314264297486,0.12605249881744386,0.8370554447174072,0.43041545152664187,-0.3377583622932434,-0.3379441499710083,0.892242431640625,0.2994948923587799,0.43026962876319888,-0.1365504264831543,0.89231276512146],"EasingStyle":"Linear","EasingDirection":"In"}}},{"Time":0.06666667014360428,"poses":{"Left Leg":{"Weight":1,"CFrame":[-0.5589481592178345,0.24136900901794434,0.018599748611450197,0.9495373964309692,-0.2998323142528534,0.09208334237337113,0.2801453173160553,0.9427545070648193,0.18092131614685059,-0.141058087348938,-0.14599479734897614,0.9791772961616516],"EasingStyle":"Linear","EasingDirection":"In"},"Right Arm":{"Weight":1,"CFrame":[0.05482499301433563,-0.5496447086334229,0.44253432750701907,-0.20204712450504304,-0.15439225733280183,0.9671297669410706,0.10025899112224579,-0.9855687618255615,-0.1363903433084488,0.9742305278778076,0.06940624862909317,0.2146105319261551],"EasingStyle":"Linear","EasingDirection":"In"},"Left Arm":{"Weight":1,"CFrame":[0.45272159576416018,-0.22668588161468507,0.4566444158554077,0.5254610776901245,0.43065589666366579,-0.7337753176689148,-0.6222622990608215,0.7826879620552063,0.013756930828094483,0.5802415609359741,0.44937190413475039,0.6792529225349426],"EasingStyle":"Linear","EasingDirection":"In"},"Head":{"Weight":1,"CFrame":[8.218921720981598e-8,2.7939677238464357e-9,2.384185791015625e-7,0.9797960519790649,0.1557510495185852,-0.1254643052816391,-0.15589210391044618,0.9877352714538574,0.00875401683151722,0.12528899312019349,0.010981744155287743,0.9920595288276672],"EasingStyle":"Linear","EasingDirection":"In"},"Torso":{"Weight":1,"CFrame":[-0.03361924737691879,0.007553486153483391,-0.28441333770751955,0.9898303747177124,-0.1359034776687622,-0.0420241542160511,0.13641101121902467,0.9906073212623596,0.00944184698164463,0.040346257388591769,-0.01507838536053896,0.9990719556808472],"EasingStyle":"Linear","EasingDirection":"In"},"HumanoidRootPart":{"Weight":0,"CFrame":[0,0,0,1,0,0,0,1,0,0,0,1],"EasingStyle":"Linear","EasingDirection":"In"},"Right Leg":{"Weight":1,"CFrame":[0.43361467123031618,0.2824808955192566,0.14865899085998536,0.8192591071128845,0.44380074739456179,-0.3631189465522766,-0.34358832240104678,0.8869073987007141,0.30877554416656496,0.4590877890586853,-0.12820376455783845,0.879091739654541],"EasingStyle":"Linear","EasingDirection":"In"}}},{"Time":0.10000000149011612,"poses":{"Left Leg":{"Weight":1,"CFrame":[-0.6455543637275696,0.3581455945968628,0.03852355480194092,0.9342309832572937,-0.3291386663913727,0.13740523159503938,0.3034279942512512,0.9359185695648193,0.17885138094425202,-0.1874670833349228,-0.12539592385292054,0.9742340445518494],"EasingStyle":"Linear","EasingDirection":"In"},"Right Arm":{"Weight":1,"CFrame":[0.054945558309555057,-0.5647604465484619,0.44406068325042727,-0.1981835663318634,-0.09691457450389862,0.9753619432449341,0.0876893475651741,-0.9928625822067261,-0.08083583414554596,0.9762345552444458,0.06950858980417252,0.20526738464832307],"EasingStyle":"Linear","EasingDirection":"In"},"Left Arm":{"Weight":1,"CFrame":[0.4542926251888275,-0.20004668831825257,0.448675274848938,0.5203545689582825,0.4243261516094208,-0.7410658597946167,-0.6300201416015625,0.7765754461288452,0.0022769030183553697,0.5764596462249756,0.46570155024528506,0.6714285016059876],"EasingStyle":"Linear","EasingDirection":"In"},"Head":{"Weight":1,"CFrame":[8.195638656616211e-8,7.450580596923828e-9,-1.7881393432617188e-7,0.982386589050293,0.13551609218120576,-0.12865424156188966,-0.13666358590126038,0.9906175136566162,-0.00009190663695335388,0.12743470072746278,0.01767263188958168,0.9916895031929016],"EasingStyle":"Linear","EasingDirection":"In"},"Torso":{"Weight":1,"CFrame":[-0.03908950835466385,-0.025504402816295625,-0.4193572998046875,0.9898472428321838,-0.13347260653972627,-0.04886197671294212,0.13201852142810822,0.9907344579696655,-0.031880512833595279,0.052664417773485187,0.025106152519583703,0.9982966184616089],"EasingStyle":"Linear","EasingDirection":"In"},"HumanoidRootPart":{"Weight":0,"CFrame":[0,0,0,1,0,0,0,1,0,0,0,1],"EasingStyle":"Linear","EasingDirection":"In"},"Right Leg":{"Weight":1,"CFrame":[0.5313970446586609,0.4108431339263916,0.16666603088378907,0.7896873950958252,0.47229239344596865,-0.3915784955024719,-0.3590431213378906,0.873315691947937,0.32925331592559817,0.4974755048751831,-0.11941365152597428,0.8592197299003601],"EasingStyle":"Linear","EasingDirection":"In"}}},{"Time":0.13333334028720857,"poses":{"Left Leg":{"Weight":1,"CFrame":[-0.6680817604064941,0.437500536441803,0.04883992671966553,0.9319168925285339,-0.32413679361343386,0.16268454492092133,0.2965715527534485,0.9392864108085632,0.1725870966911316,-0.20874929428100587,-0.11258921772241593,0.9714666604995728],"EasingStyle":"Linear","EasingDirection":"In"},"Right Arm":{"Weight":1,"CFrame":[0.05506615340709686,-0.5829997062683106,0.44544434547424319,-0.19461458921432496,-0.05612534284591675,0.979272723197937,0.09228827059268952,-0.9949805736541748,-0.0386846624314785,0.9765285849571228,0.08284684270620346,0.1988174319267273],"EasingStyle":"Linear","EasingDirection":"In"},"Left Arm":{"Weight":1,"CFrame":[0.4549207091331482,-0.17772650718688966,0.4419980049133301,0.5144535899162293,0.4198821783065796,-0.7476873993873596,-0.6321349143981934,0.7748583555221558,0.00019401383178774267,0.579433262348175,0.47253942489624026,0.6640508770942688],"EasingStyle":"Linear","EasingDirection":"In"},"Head":{"Weight":1,"CFrame":[9.220093488693237e-8,3.91155481338501e-8,1.1920928955078126e-7,0.9844009280204773,0.11852975934743881,-0.13002115488052369,-0.12053396552801132,0.9926798939704895,-0.007626761216670275,0.12816542387008668,0.02317977510392666,0.9914819002151489],"EasingStyle":"Linear","EasingDirection":"In"},"Torso":{"Weight":1,"CFrame":[-0.04372921586036682,-0.053141698241233829,-0.49994754791259768,0.9897873997688294,-0.13165482878684998,-0.054661620408296588,0.12795516848564149,0.989552915096283,-0.06642713397741318,0.06283602118492127,0.05875450372695923,0.9962928891181946],"EasingStyle":"Linear","EasingDirection":"In"},"HumanoidRootPart":{"Weight":0,"CFrame":[0,0,0,1,0,0,0,1,0,0,0,1],"EasingStyle":"Linear","EasingDirection":"In"},"Right Leg":{"Weight":1,"CFrame":[0.5638585686683655,0.5050108432769775,0.16001176834106446,0.7825832962989807,0.4690825045108795,-0.4092981219291687,-0.3456026315689087,0.8741953372955322,0.34108850359916689,0.5178051590919495,-0.12547567486763,0.8462468385696411],"EasingStyle":"Linear","EasingDirection":"In"}}},{"Time":0.1666666716337204,"poses":{"Left Leg":{"Weight":1,"CFrame":[-0.6122205257415772,0.3719369173049927,0.0505601167678833,0.9494181275367737,-0.27374598383903506,0.15384511649608613,0.25092411041259768,0.9559304714202881,0.15242724120616914,-0.18879160284996034,-0.1061137393116951,0.9762671589851379],"EasingStyle":"Linear","EasingDirection":"In"},"Right Arm":{"Weight":1,"CFrame":[0.05591042339801788,-0.6056395173072815,0.4464486837387085,-0.18940292298793794,-0.03036617301404476,0.9814298152923584,0.10176870226860047,-0.9947457313537598,-0.011137974448502064,0.976611316204071,0.09776932001113892,0.1914980411529541],"EasingStyle":"Linear","EasingDirection":"In"},"Left Arm":{"Weight":1,"CFrame":[0.4551943242549896,-0.16836702823638917,0.43919801712036135,0.5050607323646545,0.41488009691238406,-0.756827712059021,-0.6308600902557373,0.7758846282958984,0.004329065326601267,0.5890070199966431,0.4752658009529114,0.6536000370979309],"EasingStyle":"Linear","EasingDirection":"In"},"Head":{"Weight":1,"CFrame":[8.940696716308594e-8,3.725290298461914e-9,-2.384185791015625e-7,0.9851962327957153,0.11139799654483795,-0.13030287623405457,-0.11376087367534638,0.993449330329895,-0.010809588246047497,0.12824514508247376,0.02547292783856392,0.9914153218269348],"EasingStyle":"Linear","EasingDirection":"In"},"Torso":{"Weight":1,"CFrame":[-0.04569157958030701,-0.06470856070518494,-0.4169192314147949,0.9897405505180359,-0.13096395134925843,-0.05711456388235092,0.12615954875946046,0.9887068867683411,-0.08088571578264237,0.06706267595291138,0.07285033166408539,0.9950856566429138],"EasingStyle":"Linear","EasingDirection":"In"},"HumanoidRootPart":{"Weight":0,"CFrame":[0,0,0,1,0,0,0,1,0,0,0,1],"EasingStyle":"Linear","EasingDirection":"In"},"Right Leg":{"Weight":1,"CFrame":[0.5116737484931946,0.4533722400665283,0.15608763694763184,0.8112826347351074,0.4215135872364044,-0.4051501750946045,-0.30509433150291445,0.8963630795478821,0.321637362241745,0.49873629212379458,-0.13732989132404328,0.8558053374290466],"EasingStyle":"Linear","EasingDirection":"In"}}},{"Time":0.20000000298023225,"poses":{"Left Leg":{"Weight":1,"CFrame":[-0.4914312958717346,0.24823153018951417,0.032637596130371097,0.9730387330055237,-0.19724054634571076,0.11954837292432785,0.17976202070713044,0.9733046293258667,0.1427014023065567,-0.14450356364250184,-0.11736369878053665,0.9825194478034973],"EasingStyle":"Linear","EasingDirection":"In"},"Right Arm":{"Weight":1,"CFrame":[0.05820189416408539,-0.6339542865753174,0.4468362331390381,-0.17956431210041047,-0.01796143688261509,0.9835822582244873,0.10395307838916779,-0.9945818781852722,0.0008156474214047194,0.9782384037971497,0.10239294171333313,0.18045853078365327],"EasingStyle":"Linear","EasingDirection":"In"},"Left Arm":{"Weight":1,"CFrame":[0.4555782675743103,-0.185728520154953,0.44133758544921877,0.4942208528518677,0.40884914994239809,-0.7671950459480286,-0.6143030524253845,0.7886874079704285,0.024573592469096185,0.6151239275932312,0.4591454267501831,0.6409429907798767],"EasingStyle":"Linear","EasingDirection":"In"},"Head":{"Weight":1,"CFrame":[7.264316082000733e-8,-7.450580596923828e-9,-4.172325134277344e-7,0.9865404367446899,0.12356676161289215,-0.10709422081708908,-0.12427531182765961,0.9922477602958679,0.000057963661674875769,0.1062711700797081,0.013251988217234612,0.9942488670349121],"EasingStyle":"Linear","EasingDirection":"In"},"Torso":{"Weight":1,"CFrame":[-0.04263222962617874,-0.05327422916889191,-0.2653076648712158,0.9893231987953186,-0.1356457769870758,-0.053290385752916339,0.13201554119586945,0.9890082478523254,-0.06659279763698578,0.06173766031861305,0.05884663388133049,0.9963561296463013],"EasingStyle":"Linear","EasingDirection":"In"},"HumanoidRootPart":{"Weight":0,"CFrame":[0,0,0,1,0,0,0,1,0,0,0,1],"EasingStyle":"Linear","EasingDirection":"In"},"Right Leg":{"Weight":1,"CFrame":[0.39542514085769656,0.3277316093444824,0.13842618465423585,0.8488116264343262,0.35779422521591189,-0.38923269510269167,-0.25250229239463808,0.9211687445640564,0.2961261570453644,0.46450120210647585,-0.15307322144508363,0.8722426295280457],"EasingStyle":"Linear","EasingDirection":"In"}}},{"Time":0.23333333432674409,"poses":{"Left Leg":{"Weight":1,"CFrame":[-0.38580551743507388,0.172615647315979,0.009053707122802735,0.9865400791168213,-0.14639149606227876,0.07285749167203903,0.13398051261901856,0.9790890216827393,0.15308107435703278,-0.09374378621578217,-0.14125920832157136,0.9855242371559143],"EasingStyle":"Linear","EasingDirection":"In"},"Right Arm":{"Weight":1,"CFrame":[0.06308120489120484,-0.6677693128585815,0.42832350730895998,-0.1624593287706375,-0.011131328530609608,0.9866524338722229,0.09606007486581803,-0.9953649640083313,0.00458740908652544,0.9820282459259033,0.09552324563264847,0.16277557611465455],"EasingStyle":"Linear","EasingDirection":"In"},"Left Arm":{"Weight":1,"CFrame":[0.4560427665710449,-0.22392338514328004,0.44654977321624758,0.48571673035621645,0.40390077233314516,-0.7752054333686829,-0.579150915145874,0.812957763671875,0.06069475784897804,0.6547239422798157,0.41948041319847109,0.6287866234779358],"EasingStyle":"Linear","EasingDirection":"In"},"Head":{"Weight":1,"CFrame":[1.0058283805847168e-7,-1.1175870895385743e-8,1.1920928955078126e-7,0.9872434139251709,0.14927826821804048,-0.05537579953670502,-0.14820155501365663,0.9886876344680786,0.023088907822966577,0.058196038007736209,-0.014587598852813244,0.9981985688209534],"EasingStyle":"Linear","EasingDirection":"In"},"Torso":{"Weight":1,"CFrame":[-0.03553960472345352,-0.02586190402507782,-0.16857552528381349,0.9881404638290405,-0.14698603749275208,-0.044424593448638919,0.14563234150409699,0.9888104796409607,-0.03232739493250847,0.048679180443286899,0.02547435089945793,0.9984895586967468],"EasingStyle":"Linear","EasingDirection":"In"},"HumanoidRootPart":{"Weight":0,"CFrame":[0,0,0,1,0,0,0,1,0,0,0,1],"EasingStyle":"Linear","EasingDirection":"In"},"Right Leg":{"Weight":1,"CFrame":[0.2818198502063751,0.23439264297485352,0.11048591136932373,0.8692598938941956,0.3230256140232086,-0.37422147393226626,-0.22455590963363648,0.9323933720588684,0.28322651982307436,0.4404110908508301,-0.16216374933719636,0.8830294609069824],"EasingStyle":"Linear","EasingDirection":"In"}}},{"Time":0.2666666805744171,"poses":{"Left Leg":{"Weight":1,"CFrame":[-0.35080990195274355,0.14540588855743409,-0.007646143436431885,0.9888315796852112,-0.14639537036418916,0.027938034385442735,0.1395399123430252,0.975253701210022,0.17148983478546143,-0.052351973950862887,-0.165676087141037,0.9847896695137024],"EasingStyle":"Linear","EasingDirection":"In"},"Right Arm":{"Weight":1,"CFrame":[0.06958239525556565,-0.7011128067970276,0.38577699661254885,-0.1419469267129898,-0.004288355819880962,0.9898650050163269,0.08586621284484863,-0.9962745904922485,0.007997248321771622,0.9861430525779724,0.08613120019435883,0.14178626239299775],"EasingStyle":"Linear","EasingDirection":"In"},"Left Arm":{"Weight":1,"CFrame":[0.45643410086631777,-0.26211845874786379,0.4530237913131714,0.47999051213264468,0.40077492594718935,-0.7803772687911987,-0.5425847768783569,0.8346228003501892,0.09490320831537247,0.6893553733825684,0.37786808609962466,0.6180652379989624],"EasingStyle":"Linear","EasingDirection":"In"},"Head":{"Weight":1,"CFrame":[8.218921720981598e-8,1.862645149230957e-9,-1.1920928955078126e-7,0.984840989112854,0.17343400418758393,-0.002977048745378852,-0.1731291562318802,0.983879029750824,0.04481487348675728,0.01070148404687643,-0.04362010210752487,0.9989908933639526],"EasingStyle":"Linear","EasingDirection":"In"},"Torso":{"Weight":1,"CFrame":[-0.02748216688632965,0.007029224187135696,-0.13093805313110352,0.9863781929016113,-0.16086633503437043,-0.034352801740169528,0.1612531989812851,0.9868739247322083,0.008786517195403576,0.03248842805624008,-0.014206328429281712,0.9993711709976196],"EasingStyle":"Linear","EasingDirection":"In"},"HumanoidRootPart":{"Weight":0,"CFrame":[0,0,0,1,0,0,0,1,0,0,0,1],"EasingStyle":"Linear","EasingDirection":"In"},"Right Leg":{"Weight":1,"CFrame":[0.21316242218017579,0.18345212936401368,0.09227442741394043,0.8720410466194153,0.32741162180900576,-0.3637939691543579,-0.23359377682209016,0.9315992593765259,0.27849021553993227,0.43009111285209658,-0.1578749120235443,0.8888741135597229],"EasingStyle":"Linear","EasingDirection":"In"}}},{"Time":0.30000001192092898,"poses":{"Left Leg":{"Weight":1,"CFrame":[-0.3669511377811432,0.14077770709991456,-0.0179174542427063,0.9843481183052063,-0.17623504996299745,-0.00019709572370629758,0.1731462925672531,0.9668864607810974,0.18748585879802705,-0.032851047813892367,-0.18458549678325654,0.9822672605514526],"EasingStyle":"Linear","EasingDirection":"In"},"Right Arm":{"Weight":1,"CFrame":[0.07526948302984238,-0.7265616655349731,0.3386850357055664,-0.12467451393604279,0.0009952093241736293,0.9921972155570984,0.07695487886667252,-0.9969774484634399,0.010669848881661892,0.9892088770866394,0.07768473774194718,0.12422109395265579],"EasingStyle":"Linear","EasingDirection":"In"},"Left Arm":{"Weight":1,"CFrame":[0.45659855008125307,-0.2794794738292694,0.45894956588745119,0.47790175676345827,0.39969542622566225,-0.782210648059845,-0.5254728198051453,0.8436627984046936,0.11005189269781113,0.7039092779159546,0.35843631625175478,0.6132169961929321],"EasingStyle":"Linear","EasingDirection":"In"},"Head":{"Weight":1,"CFrame":[8.475035429000855e-8,1.955777406692505e-8,-1.1920928955078126e-7,0.9827141761779785,0.1839340329170227,0.021002590656280519,-0.18482372164726258,0.9812732934951782,0.054248157888650897,-0.010631198063492775,-0.057192206382751468,0.9983065724372864],"EasingStyle":"Linear","EasingDirection":"In"},"Torso":{"Weight":1,"CFrame":[-0.021091278642416,0.03465965390205383,-0.12523984909057618,0.9846112728118897,-0.1727588027715683,-0.02636418305337429,0.17378190159797669,0.9838306903839111,0.04332456737756729,0.018453193828463556,-0.04723947495222092,0.9987131357192993],"EasingStyle":"Linear","EasingDirection":"In"},"HumanoidRootPart":{"Weight":0,"CFrame":[0,0,0,1,0,0,0,1,0,0,0,1],"EasingStyle":"Linear","EasingDirection":"In"},"Right Leg":{"Weight":1,"CFrame":[0.1869012713432312,0.1591011881828308,0.08774459362030029,0.8637129068374634,0.3517709970474243,-0.3609115779399872,-0.2606821060180664,0.9247027635574341,0.2774339020252228,0.43132922053337099,-0.14554008841514588,0.8903781771659851],"EasingStyle":"Linear","EasingDirection":"In"}}},{"Time":0.3333333432674408,"poses":{"Left Leg":{"Weight":1,"CFrame":[-0.37783879041671755,0.14315062761306764,-0.016101062297821046,0.9805073142051697,-0.19637370109558106,0.006538409274071455,0.19139918684959413,0.9621317982673645,0.19408448040485383,-0.044403910636901858,-0.18904979526996613,0.9809630513191223],"EasingStyle":"Linear","EasingDirection":"In"},"Right Arm":{"Weight":1,"CFrame":[0.07770654559135437,-0.7366941571235657,0.30653536319732668,-0.11741837114095688,0.0033653758000582458,0.9930768609046936,0.07287564128637314,-0.9972688555717468,0.011996281333267689,0.9904050230979919,0.07377976924180985,0.11685241758823395],"EasingStyle":"Linear","EasingDirection":"In"},"Left Arm":{"Weight":1,"CFrame":[0.454692006111145,-0.27914923429489138,0.4629096984863281,0.48987048864364626,0.4083428978919983,-0.7702487111091614,-0.5318331718444824,0.840048611164093,0.10710621625185013,0.6907824277877808,0.3571755588054657,0.6286852955818176],"EasingStyle":"Linear","EasingDirection":"In"},"Head":{"Weight":1,"CFrame":[8.568167686462403e-8,-1.257285475730896e-8,0,0.983317494392395,0.18116581439971925,0.016298385336995126,-0.18179434537887574,0.9818238615989685,0.0545223131775856,-0.00612456863746047,-0.05657569691538811,0.9983795285224915],"EasingStyle":"Linear","EasingDirection":"In"},"Torso":{"Weight":1,"CFrame":[-0.018512357026338579,0.04625071585178375,-0.12910151481628419,0.9837926030158997,-0.17781060934066773,-0.02314053662121296,0.17887744307518006,0.9821712970733643,0.057813387364149097,0.012448137626051903,-0.06101570278406143,0.9980591535568237],"EasingStyle":"Linear","EasingDirection":"In"},"HumanoidRootPart":{"Weight":0,"CFrame":[0,0,0,1,0,0,0,1,0,0,0,1],"EasingStyle":"Linear","EasingDirection":"In"},"Right Leg":{"Weight":1,"CFrame":[0.18027974665164948,0.1534130573272705,0.09119737148284912,0.8532785177230835,0.3674297332763672,-0.37001505494117739,-0.27547886967658999,0.9201088547706604,0.278408020734787,0.44274958968162539,-0.1356283277273178,0.8863282799720764],"EasingStyle":"Linear","EasingDirection":"In"}}},{"Time":0.36666667461395266,"poses":{"Left Leg":{"Weight":1,"CFrame":[-0.40297189354896548,0.15973705053329469,-0.0030533671379089357,0.9760271310806274,-0.21311618387699128,0.04418795928359032,0.20114488899707795,0.9607812762260437,0.19089265167713166,-0.08313733339309693,-0.1774282306432724,0.9806158542633057],"EasingStyle":"Linear","EasingDirection":"In"},"Right Arm":{"Weight":1,"CFrame":[0.07739358395338059,-0.7230624556541443,0.2919447422027588,-0.11799746751785279,0.01001840177923441,0.9929633736610413,0.0787351131439209,-0.9967065453529358,0.01941261813044548,0.989887535572052,0.08047179132699967,0.11682001501321793],"EasingStyle":"Linear","EasingDirection":"In"},"Left Arm":{"Weight":1,"CFrame":[0.4504973888397217,-0.2768400311470032,0.4650595188140869,0.514873206615448,0.42746731638908389,-0.7430863976478577,-0.546891987323761,0.8312960863113403,0.09927761554718018,0.660162627696991,0.35527247190475466,0.6617903709411621],"EasingStyle":"Linear","EasingDirection":"In"},"Head":{"Weight":1,"CFrame":[8.754432201385498e-8,-1.1175870895385743e-8,2.384185791015625e-7,0.9839231371879578,0.17845992743968965,0.0068788472563028339,-0.17857016623020173,0.9824615120887756,0.05368460714817047,0.002822350477799773,-0.05404987558722496,0.9985342621803284],"EasingStyle":"Linear","EasingDirection":"In"},"Torso":{"Weight":1,"CFrame":[-0.020342547446489335,0.03799445182085037,-0.15207648277282716,0.9843809604644775,-0.174205482006073,-0.02542826533317566,0.17525462806224824,0.9833769202232361,0.04749305546283722,0.016732018440961839,-0.05120768025517464,0.9985478520393372],"EasingStyle":"Linear","EasingDirection":"In"},"HumanoidRootPart":{"Weight":0,"CFrame":[0,0,0,1,0,0,0,1,0,0,0,1],"EasingStyle":"Linear","EasingDirection":"In"},"Right Leg":{"Weight":1,"CFrame":[0.21855595707893372,0.17195868492126466,0.11057174205780029,0.8392395377159119,0.382150799036026,-0.3868304491043091,-0.2865894138813019,0.9154284596443176,0.2825902998447418,0.46210771799087527,-0.12629945576190949,0.8777840733528137],"EasingStyle":"Linear","EasingDirection":"In"}}},{"Time":0.4000000059604645,"poses":{"Left Leg":{"Weight":1,"CFrame":[-0.47541338205337527,0.20524859428405763,0.01618039608001709,0.9646745920181274,-0.24747151136398316,0.09033733606338501,0.22809016704559327,0.956163227558136,0.18364834785461427,-0.13182497024536134,-0.15655581653118134,0.9788321852684021],"EasingStyle":"Linear","EasingDirection":"In"},"Right Arm":{"Weight":1,"CFrame":[0.07655256986618042,-0.6905564665794373,0.28337037563323977,-0.1207696720957756,0.02509872056543827,0.9923632144927979,0.09335117042064667,-0.9949630498886108,0.03652519732713699,0.9882814884185791,0.09704949706792832,0.11781834065914154],"EasingStyle":"Linear","EasingDirection":"In"},"Left Arm":{"Weight":1,"CFrame":[0.4463028609752655,-0.27057164907455447,0.4659470319747925,0.5374614000320435,0.4469882547855377,-0.7150781750679016,-0.5646634101867676,0.820560872554779,0.08851654082536698,0.6263309121131897,0.3562041223049164,0.6934176683425903],"EasingStyle":"Linear","EasingDirection":"In"},"Head":{"Weight":1,"CFrame":[7.82310962677002e-8,6.51925802230835e-9,0,0.9832659959793091,0.18215130269527436,-0.00298515846952796,-0.18196521699428559,0.9827852249145508,0.03196590021252632,0.00875640008598566,-0.03088778629899025,0.9994844794273377],"EasingStyle":"Linear","EasingDirection":"In"},"Torso":{"Weight":1,"CFrame":[-0.025051429867744447,0.017356757074594499,-0.2149181365966797,0.9857499003410339,-0.16527733206748963,-0.03131437301635742,0.16598983108997346,0.9858887791633606,0.021695934236049653,0.027286643162369729,-0.026584632694721223,0.9992740750312805],"EasingStyle":"Linear","EasingDirection":"In"},"HumanoidRootPart":{"Weight":0,"CFrame":[0,0,0,1,0,0,0,1,0,0,0,1],"EasingStyle":"Linear","EasingDirection":"In"},"Right Leg":{"Weight":1,"CFrame":[0.31323209404945376,0.22471731901168824,0.14622998237609864,0.8174431324005127,0.41171181201934817,-0.4028400182723999,-0.3116934895515442,0.9042933583259583,0.2917201817035675,0.4843902289867401,-0.11290211230516434,0.8675363063812256],"EasingStyle":"Linear","EasingDirection":"In"}}},{"Time":0.4333333373069763,"poses":{"Left Leg":{"Weight":1,"CFrame":[-0.5809369087219238,0.29237961769104006,0.032823920249938968,0.9477061033248901,-0.29382312297821047,0.12458348274230957,0.2697674334049225,0.9461023211479187,0.17920921742916108,-0.17052467167377473,-0.13622906804084779,0.9758908748626709],"EasingStyle":"Linear","EasingDirection":"In"},"Right Arm":{"Weight":1,"CFrame":[0.0753302350640297,-0.6517589092254639,0.27906107902526858,-0.12725569307804109,0.04268632084131241,0.9909510016441345,0.11078692972660065,-0.9922101497650147,0.056967657059431079,0.9856633543968201,0.117033950984478,0.1215352937579155],"EasingStyle":"Linear","EasingDirection":"In"},"Left Arm":{"Weight":1,"CFrame":[0.4443961977958679,-0.25836503505706789,0.4661213159561157,0.5446346998214722,0.4570954740047455,-0.7031620740890503,-0.5797874331474304,0.8110131621360779,0.07813000679016113,0.605986475944519,0.36513206362724306,0.7067240476608276],"EasingStyle":"Linear","EasingDirection":"In"},"Head":{"Weight":1,"CFrame":[8.172355592250824e-8,0,0,0.9817789793014526,0.1896001100540161,-0.012723431922495366,-0.18976160883903504,0.9817444086074829,-0.012979099527001381,0.010030318982899189,0.015157027170062065,0.9998348355293274],"EasingStyle":"Linear","EasingDirection":"In"},"Torso":{"Weight":1,"CFrame":[-0.031450726091861728,-0.00943276472389698,-0.32834625244140627,0.9873093366622925,-0.15386579930782319,-0.03931349888443947,0.1535157412290573,0.988075852394104,-0.011790972203016281,0.040658947080373767,0.005606095306575298,0.9991573691368103],"EasingStyle":"Linear","EasingDirection":"In"},"HumanoidRootPart":{"Weight":0,"CFrame":[0,0,0,1,0,0,0,1,0,0,0,1],"EasingStyle":"Linear","EasingDirection":"In"},"Right Leg":{"Weight":1,"CFrame":[0.4395575225353241,0.323448121547699,0.17644429206848145,0.7926927208900452,0.45089003443717959,-0.4102880358695984,-0.34430992603302,0.886533796787262,0.30904465913772585,0.5030794143676758,-0.10371119529008866,0.8579948544502258],"EasingStyle":"Linear","EasingDirection":"In"}}},{"Time":0.46666666865348818,"poses":{"Left Leg":{"Weight":1,"CFrame":[-0.6583333611488342,0.38989925384521487,0.03380465507507324,0.9371082782745361,-0.3211890757083893,0.1366226226091385,0.2955019772052765,0.9383859634399414,0.1791934221982956,-0.1857597380876541,-0.1275513470172882,0.9742812514305115],"EasingStyle":"Linear","EasingDirection":"In"},"Right Arm":{"Weight":1,"CFrame":[0.07387348264455795,-0.6192531585693359,0.2772650718688965,-0.1386486142873764,0.05687059089541435,0.9887073636054993,0.12513728439807893,-0.9893417358398438,0.0744553953409195,0.9824038147926331,0.13404735922813416,0.13005419075489045],"EasingStyle":"Linear","EasingDirection":"In"},"Left Arm":{"Weight":1,"CFrame":[0.44535064697265627,-0.23887062072753907,0.463321328163147,0.5396812558174133,0.45529213547706606,-0.7081336975097656,-0.5933445692062378,0.802422821521759,0.06371650099754334,0.5972322821617127,0.38578060269355776,0.7031975984573364],"EasingStyle":"Linear","EasingDirection":"In"},"Head":{"Weight":1,"CFrame":[8.009374141693115e-8,3.725290298461914e-9,-5.960464477539063e-8,0.9802632927894592,0.19663842022418977,-0.020426658913493158,-0.19750350713729859,0.9786296486854553,-0.057240135967731479,0.008734517730772496,0.06014473736286163,0.998151421546936],"EasingStyle":"Linear","EasingDirection":"In"},"Torso":{"Weight":1,"CFrame":[-0.038152314722537997,-0.03612767159938812,-0.44545936584472659,0.9886168837547302,-0.142696350812912,-0.04769048094749451,0.14057880640029908,0.9890390038490295,-0.045159611850976947,0.05361185967922211,0.037941284477710727,0.9978407621383667],"EasingStyle":"Linear","EasingDirection":"In"},"HumanoidRootPart":{"Weight":0,"CFrame":[0,0,0,1,0,0,0,1,0,0,0,1],"EasingStyle":"Linear","EasingDirection":"In"},"Right Leg":{"Weight":1,"CFrame":[0.5358313322067261,0.4371764659881592,0.17319905757904054,0.7813883423805237,0.47342804074287417,-0.4065687954425812,-0.3574064373970032,0.8735788464546204,0.3303340673446655,0.5115593075752258,-0.11280897259712219,0.8518105745315552],"EasingStyle":"Linear","EasingDirection":"In"}}},{"Time":0.5,"poses":{"Left Leg":{"Weight":1,"CFrame":[-0.6857053637504578,0.43934619426727297,0.024507522583007814,0.9382984042167664,-0.3202877640724182,0.13042974472045899,0.2958216071128845,0.9387019872665405,0.17699755728244782,-0.1791248768568039,-0.12749259173870088,0.9755306243896484],"EasingStyle":"Linear","EasingDirection":"In"},"Right Arm":{"Weight":1,"CFrame":[0.07232912629842758,-0.6056213974952698,0.27623140811920168,-0.15583696961402894,0.061901070177555087,0.9858413338661194,0.13067950308322907,-0.9879701137542725,0.08269203454256058,0.9791004657745361,0.14171579480171204,0.1458730250597],"EasingStyle":"Linear","EasingDirection":"In"},"Left Arm":{"Weight":1,"CFrame":[0.4476916790008545,-0.2152838408946991,0.45664429664611819,0.5335477590560913,0.4473969042301178,-0.7177484631538391,-0.6077722311019898,0.7929738163948059,0.0424918495118618,0.5881664156913757,0.4135560095310211,0.6950047612190247],"EasingStyle":"Linear","EasingDirection":"In"},"Head":{"Weight":1,"CFrame":[8.568167686462403e-8,9.313225746154786e-10,2.384185791015625e-7,0.9795743227005005,0.1996934860944748,-0.023592431098222734,-0.20093750953674317,0.9765601754188538,-0.07716479897499085,0.0076301307417452339,0.08032926917076111,0.9967392086982727],"EasingStyle":"Linear","EasingDirection":"In"},"Torso":{"Weight":1,"CFrame":[-0.043504439294338229,-0.05656404793262482,-0.5001707077026367,0.9894497394561768,-0.13428319990634919,-0.0543806292116642,0.1303289234638214,0.9889464974403381,-0.07070507854223252,0.06327404081821442,0.06287175416946411,0.9960138201713562],"EasingStyle":"Linear","EasingDirection":"In"},"HumanoidRootPart":{"Weight":0,"CFrame":[0,0,0,1,0,0,0,1,0,0,0,1],"EasingStyle":"Linear","EasingDirection":"In"},"Right Leg":{"Weight":1,"CFrame":[0.5750448703765869,0.503466010093689,0.15159904956817628,0.7892075181007385,0.4696083664894104,-0.3957517743110657,-0.34784436225891116,0.8728979825973511,0.3421306908130646,0.5061182975769043,-0.13235214352607728,0.8522482514381409],"EasingStyle":"Linear","EasingDirection":"In"}}},{"Time":0.5333333611488342,"poses":{"Left Leg":{"Weight":1,"CFrame":[-0.640888512134552,0.37070798873901369,0.01778864860534668,0.9551705718040466,-0.27648231387138369,0.10586171597242356,0.25787240266799929,0.9526253938674927,0.16126595437526704,-0.14543385803699494,-0.12673771381378175,0.9812169075012207],"EasingStyle":"Linear","EasingDirection":"In"},"Right Arm":{"Weight":1,"CFrame":[0.07083597779273987,-0.6205959916114807,0.274583101272583,-0.17949317395687104,0.04688730463385582,0.9826412200927734,0.1239287480711937,-0.98982834815979,0.06986771523952484,0.9759220480918884,0.13431833684444428,0.17185670137405396],"EasingStyle":"Linear","EasingDirection":"In"},"Left Arm":{"Weight":1,"CFrame":[0.45063507556915285,-0.1924455165863037,0.4486750364303589,0.5260328054428101,0.43602150678634646,-0.7301883101463318,-0.6204888820648193,0.7839310765266419,0.02110854908823967,0.5816211104393005,0.44196978211402895,0.6829198598861694],"EasingStyle":"Linear","EasingDirection":"In"},"Head":{"Weight":1,"CFrame":[8.940696716308594e-8,3.725290298461914e-9,-2.384185791015625e-7,0.9799503087997437,0.1985561102628708,-0.016517750918865205,-0.1991816908121109,0.9783207774162293,-0.056702010333538058,0.00490113440901041,0.05885519087314606,0.9982544779777527],"EasingStyle":"Linear","EasingDirection":"In"},"Torso":{"Weight":1,"CFrame":[-0.04569157958030701,-0.06470856070518494,-0.4169192314147949,0.9897405505180359,-0.13096395134925843,-0.05711456388235092,0.12615954875946046,0.9887068867683411,-0.08088571578264237,0.06706267595291138,0.07285033166408539,0.9950856566429138],"EasingStyle":"Linear","EasingDirection":"In"},"HumanoidRootPart":{"Weight":0,"CFrame":[0,0,0,1,0,0,0,1,0,0,0,1],"EasingStyle":"Linear","EasingDirection":"In"},"Right Leg":{"Weight":1,"CFrame":[0.5340710878372192,0.4479389786720276,0.1418149471282959,0.8214742541313171,0.42675021290779116,-0.37823837995529177,-0.3135141432285309,0.892037034034729,0.3255438208580017,0.476328581571579,-0.14884287118911744,0.8665777444839478],"EasingStyle":"Linear","EasingDirection":"In"}}},{"Time":0.5666666626930237,"poses":{"Left Leg":{"Weight":1,"CFrame":[-0.5187262892723084,0.2478562593460083,0.006283760070800781,0.9774988889694214,-0.19884386658668519,0.07040634006261826,0.18666309118270875,0.9708521962165833,0.15034252405166627,-0.09824894368648529,-0.1338174045085907,0.9861237406730652],"EasingStyle":"Linear","EasingDirection":"In"},"Right Arm":{"Weight":1,"CFrame":[0.06950148195028305,-0.6563026905059815,0.2724400758743286,-0.2067233920097351,0.013421090319752694,0.9783073663711548,0.1094607263803482,-0.9933112859725952,0.03675688058137894,0.9722570776939392,0.1146848201751709,0.20387159287929536],"EasingStyle":"Linear","EasingDirection":"In"},"Left Arm":{"Weight":1,"CFrame":[0.45339730381965639,-0.17519348859786988,0.4419980049133301,0.5167272686958313,0.4240773022174835,-0.7437414526939392,-0.6290256381034851,0.777359664440155,0.006219663191586733,0.5807923078536987,0.4646185040473938,0.6684384346008301],"EasingStyle":"Linear","EasingDirection":"In"},"Head":{"Weight":1,"CFrame":[9.313225746154785e-8,1.30385160446167e-8,-4.76837158203125e-7,0.980783998966217,0.19509395956993104,-0.0010453586000949145,-0.19509287178516389,0.9807165265083313,-0.011571909300982952,-0.0012324164854362608,0.011553495191037655,0.9999324679374695],"EasingStyle":"Linear","EasingDirection":"In"},"Torso":{"Weight":1,"CFrame":[-0.042628251016139987,-0.05326847732067108,-0.2653071880340576,0.9893253445625305,-0.13563179969787599,-0.0532853938639164,0.1320023089647293,0.9890105128288269,-0.06658561527729035,0.06173093989491463,0.0588410384953022,0.9963569045066834],"EasingStyle":"Linear","EasingDirection":"In"},"HumanoidRootPart":{"Weight":0,"CFrame":[0,0,0,1,0,0,0,1,0,0,0,1],"EasingStyle":"Linear","EasingDirection":"In"},"Right Leg":{"Weight":1,"CFrame":[0.41639095544815066,0.32362890243530276,0.12708508968353272,0.8591980338096619,0.36197400093078616,-0.36159852147102358,-0.26073721051216128,0.917853832244873,0.299266517162323,0.4402214288711548,-0.16284716129302979,0.8829983472824097],"EasingStyle":"Linear","EasingDirection":"In"}}},{"Time":0.6000000238418579,"poses":{"Left Leg":{"Weight":1,"CFrame":[-0.4027901887893677,0.17229175567626954,-0.004157960414886475,0.9883264303207398,-0.14687089622020722,0.04049525782465935,0.1388849914073944,0.977817952632904,0.1567896455526352,-0.06262482702732086,-0.14933519065380097,0.9868014454841614],"EasingStyle":"Linear","EasingDirection":"In"},"Right Arm":{"Weight":1,"CFrame":[0.06842513382434845,-0.6989201903343201,0.2702972888946533,-0.23284566402435304,-0.025493713095784189,0.9721794724464417,0.093332439661026,-0.9956279397010803,-0.0037545899394899608,0.9680247902870178,0.08986172825098038,0.23420701920986176],"EasingStyle":"Linear","EasingDirection":"In"},"Left Arm":{"Weight":1,"CFrame":[0.4551943838596344,-0.16836702823638917,0.4391981363296509,0.505060613155365,0.41488009691238406,-0.7568278908729553,-0.6308600306510925,0.7758845090866089,0.0043290904723107819,0.5890070796012878,0.4752659499645233,0.6535998582839966],"EasingStyle":"Linear","EasingDirection":"In"},"Head":{"Weight":1,"CFrame":[8.940696716308594e-8,9.313225746154785e-9,-1.1920928955078126e-7,0.9817491769790649,0.18964733183383943,0.014229628257453442,-0.1900292932987213,0.9812014102935791,0.033654339611530307,-0.00757967634126544,-0.03574416786432266,0.9993322491645813],"EasingStyle":"Linear","EasingDirection":"In"},"Torso":{"Weight":1,"CFrame":[-0.035535722970962527,-0.025858618319034578,-0.16857528686523438,0.9881432056427002,-0.14696907997131349,-0.04441974312067032,0.14561568200588227,0.988813042640686,-0.032323285937309268,0.048673342913389209,0.025471823289990426,0.9984899163246155],"EasingStyle":"Linear","EasingDirection":"In"},"HumanoidRootPart":{"Weight":0,"CFrame":[0,0,0,1,0,0,0,1,0,0,0,1],"EasingStyle":"Linear","EasingDirection":"In"},"Right Leg":{"Weight":1,"CFrame":[0.2944853901863098,0.23215162754058839,0.1053396463394165,0.8760846853256226,0.3251122832298279,-0.35605838894844057,-0.22985269129276277,0.9307689070701599,0.28431835770606997,0.42384350299835207,-0.1672460436820984,0.8901603817939758],"EasingStyle":"Linear","EasingDirection":"In"}}},{"Time":0.6333333253860474,"poses":{"Left Leg":{"Weight":1,"CFrame":[-0.3483339548110962,0.14553749561309815,-0.005926966667175293,0.988686203956604,-0.1463710069656372,0.032789334654808047,0.13873270153999329,0.975430428981781,0.17113925516605378,-0.05703354626893997,-0.16465410590171815,0.9847010970115662],"EasingStyle":"Linear","EasingDirection":"In"},"Right Arm":{"Weight":1,"CFrame":[0.06770641356706619,-0.7346271872520447,0.26864874362945559,-0.25264203548431399,-0.05741242319345474,0.9658550024032593,0.0805998370051384,-0.9960172176361084,-0.03812250867486,0.9641969203948975,0.0682164654135704,0.25626319646835329],"EasingStyle":"Linear","EasingDirection":"In"},"Left Arm":{"Weight":1,"CFrame":[0.4560061991214752,-0.1857282519340515,0.44133782386779787,0.4936489462852478,0.40857237577438357,-0.7677105069160461,-0.6141881942749023,0.788