{"Sequence":[{"Time":0,"poses":{"Left Leg":{"Weight":1,"CFrame":[-0.5715284943580627,0.3238871097564697,0.024486064910888673,0.9896854162216187,-0.07981961965560913,0.11896034330129624,0.05899106338620186,0.9837927222251892,0.16932781040668488,-0.13054819405078889,-0.16056382656097413,0.9783539772033691],"EasingStyle":"Linear","EasingDirection":"In"},"Right Arm":{"Weight":1,"CFrame":[0.43093806505203249,-0.2548815608024597,-0.28463250398635867,-0.5472407937049866,-0.48679912090301516,0.6808484792709351,0.8246014714241028,-0.17421983182430268,0.5382188558578491,-0.14338727295398713,0.8559638261795044,0.4967552423477173],"EasingStyle":"Linear","EasingDirection":"In"},"Head":{"Weight":1,"CFrame":[-5.587935447692871e-9,2.421438694000244e-8,-2.980232238769531e-7,0.9844383597373962,0.16910190880298615,-0.04780850186944008,-0.1678750365972519,0.9853922724723816,0.028637107461690904,0.051952723413705829,-0.020165598019957544,0.9984459280967712],"EasingStyle":"Linear","EasingDirection":"In"},"Right Leg":{"Weight":1,"CFrame":[0.6784352660179138,0.1281583309173584,0.13744425773620606,0.8765641450881958,0.4375433921813965,-0.2004772126674652,-0.41670089960098269,0.8983898162841797,0.13876569271087647,0.24082280695438386,-0.0380980521440506,0.9698210954666138],"EasingStyle":"Linear","EasingDirection":"In"},"Torso":{"Weight":1,"CFrame":[-0.03976757079362869,-0.0894460380077362,-0.23997139930725099,0.9855945110321045,-0.16895364224910737,0.007626419421285391,0.16895364224910737,0.9815569519996643,-0.0894460380077362,0.007626465056091547,0.08944603055715561,0.9959625005722046],"EasingStyle":"Linear","EasingDirection":"In"},"HumanoidRootPart":{"Weight":0,"CFrame":[0,0,0,1,0,0,0,1,0,0,0,1],"EasingStyle":"Linear","EasingDirection":"In"},"Left Arm":{"Weight":1,"CFrame":[0.19023171067237855,-0.258979856967926,-0.18232840299606324,0.6678364276885986,0.20657798647880555,0.7150663137435913,-0.7082562446594238,-0.11899825185537338,0.6958539485931397,0.22883965075016023,-0.9711667895317078,0.06683897972106934],"EasingStyle":"Linear","EasingDirection":"In"}}},{"Time":0.03333333507180214,"poses":{"Left Leg":{"Weight":1,"CFrame":[-0.5538976788520813,0.3223458528518677,0.09589529037475586,0.9590273499488831,-0.1626456379890442,0.23197582364082337,0.12095846980810166,0.9754785895347595,0.18387646973133088,-0.25619441270828249,-0.14828334748744965,0.9551841020584106],"EasingStyle":"Linear","EasingDirection":"In"},"Right Arm":{"Weight":1,"CFrame":[0.42264798283576968,-0.2643401622772217,-0.5291482210159302,-0.5099440217018127,-0.46514543890953066,0.7236000895500183,0.8401057124137878,-0.08851143717765808,0.5351523160934448,-0.18487684428691865,0.8807981610298157,0.4359070062637329],"EasingStyle":"Linear","EasingDirection":"In"},"Head":{"Weight":1,"CFrame":[-1.3969838619232178e-8,-4.516914486885071e-8,1.1920928955078126e-7,0.997631311416626,0.059126850217580798,-0.03515356779098511,-0.058664463460445407,0.9981789588928223,0.014043181203305722,0.035919882357120517,-0.011947643011808396,0.9992832541465759],"EasingStyle":"Linear","EasingDirection":"In"},"Right Leg":{"Weight":1,"CFrame":[0.7809737324714661,0.1476900577545166,0.05271553993225098,0.9009319543838501,0.4258582293987274,-0.08346424251794815,-0.4140366315841675,0.9011288285255432,0.12861016392707826,0.1299818903207779,-0.08131188899278641,0.988176703453064],"EasingStyle":"Linear","EasingDirection":"In"},"Torso":{"Weight":1,"CFrame":[-0.07065464556217194,-0.08052791655063629,-0.25472283363342287,0.9981804490089417,-0.06029726564884186,-0.000028243428459973076,0.06009916961193085,0.994938850402832,-0.08052791655063629,0.0048837135545909409,0.08037969470024109,0.9967523813247681],"EasingStyle":"Linear","EasingDirection":"In"},"HumanoidRootPart":{"Weight":0,"CFrame":[0,0,0,1,0,0,0,1,0,0,0,1],"EasingStyle":"Linear","EasingDirection":"In"},"Left Arm":{"Weight":1,"CFrame":[0.19482991099357606,-0.26489007472991946,-0.1548028588294983,0.6863448619842529,0.18656793236732484,0.7029387950897217,-0.7012258768081665,-0.08660813421010971,0.7076591849327087,0.1929067224264145,-0.9786171317100525,0.0713835284113884],"EasingStyle":"Linear","EasingDirection":"In"}}},{"Time":0.06666667014360428,"poses":{"Left Leg":{"Weight":1,"CFrame":[-0.5960760116577148,0.3458813428878784,0.17071998119354249,0.9047885537147522,-0.2780982255935669,0.32251983880996706,0.2170143872499466,0.9527161717414856,0.21268883347511292,-0.36641842126846316,-0.12244712561368942,0.9223580956459045],"EasingStyle":"Linear","EasingDirection":"In"},"Right Arm":{"Weight":1,"CFrame":[0.40727707743644717,-0.28361010551452639,-0.7060011029243469,-0.446336954832077,-0.44224223494529726,0.7779496312141419,0.8560758233070374,0.04216058552265167,0.5151275396347046,-0.2606099545955658,0.8959041833877564,0.3597748577594757],"EasingStyle":"Linear","EasingDirection":"In"},"Head":{"Weight":1,"CFrame":[-7.450580596923828e-9,-1.932494342327118e-8,-1.1920928955078126e-7,0.9994276165962219,-0.03259461745619774,-0.009055194444954396,0.03252703696489334,0.9994426369667053,-0.007512889802455902,0.009295028634369374,0.007214056793600321,0.9999307990074158],"EasingStyle":"Linear","EasingDirection":"In"},"Right Leg":{"Weight":1,"CFrame":[0.9232959151268005,0.166967511177063,-0.028533995151519777,0.8854089379310608,0.4646426737308502,0.012591606006026268,-0.462523877620697,0.8780401349067688,0.12295039743185044,0.04607204347848892,-0.11468537151813507,0.992332935333252],"EasingStyle":"Linear","EasingDirection":"In"},"Torso":{"Weight":1,"CFrame":[-0.10081489384174347,-0.0596451610326767,-0.3141815662384033,0.9995785355567932,0.028456956148147584,-0.0057365549728274349,-0.028748782351613046,0.9978055953979492,-0.05964517220854759,0.004026646260172129,0.05978495627641678,0.9982031583786011],"EasingStyle":"Linear","EasingDirection":"In"},"HumanoidRootPart":{"Weight":0,"CFrame":[0,0,0,1,0,0,0,1,0,0,0,1],"EasingStyle":"Linear","EasingDirection":"In"},"Left Arm":{"Weight":1,"CFrame":[0.2018032670021057,-0.27559614181518557,-0.09138482809066773,0.7230412364006043,0.1643054187297821,0.6709808707237244,-0.6768507957458496,-0.02574104256927967,0.7356699109077454,0.13814620673656465,-0.9860736131668091,0.09259869158267975],"EasingStyle":"Linear","EasingDirection":"In"}}},{"Time":0.10000000149011612,"poses":{"Left Leg":{"Weight":1,"CFrame":[-0.7931967973709106,0.43141019344329836,0.26682281494140627,0.8024104237556458,-0.4666988253593445,0.371927410364151,0.3938157558441162,0.882364809513092,0.2575679123401642,-0.44838225841522219,-0.06020434945821762,0.8918120861053467],"EasingStyle":"Linear","EasingDirection":"In"},"Right Arm":{"Weight":1,"CFrame":[0.3928711414337158,-0.3068319261074066,-0.7741605639457703,-0.40867477655410769,-0.41900575160980227,0.8108140826225281,0.8648927807807922,0.10589989274740219,0.4906582534313202,-0.29145392775535586,0.9017868041992188,0.3191160261631012],"EasingStyle":"Linear","EasingDirection":"In"},"Head":{"Weight":1,"CFrame":[-1.4435499906539917e-8,-2.7939677238464357e-9,1.1920928955078126e-7,0.9951440095901489,-0.0957314595580101,0.022889839485287668,0.09627657383680344,0.9950644969940186,-0.024031637236475946,-0.020476283505558969,0.02611870877444744,0.9994491338729858],"EasingStyle":"Linear","EasingDirection":"In"},"Right Leg":{"Weight":1,"CFrame":[1.0966088771820069,0.16965097188949586,-0.11556684970855713,0.8357254266738892,0.540607750415802,0.09647157788276673,-0.5476840138435364,0.8333525657653809,0.07460041344165802,-0.04006524384021759,-0.11518138647079468,0.9925361275672913],"EasingStyle":"Linear","EasingDirection":"In"},"Torso":{"Weight":1,"CFrame":[-0.12283921986818314,-0.038566216826438907,-0.41860389709472659,0.9960973262786865,0.08785735815763474,-0.008435739204287529,-0.08811920136213303,0.9953630566596985,-0.038566216826438907,0.00500829704105854,0.039159055799245837,0.9992204308509827],"EasingStyle":"Linear","EasingDirection":"In"},"HumanoidRootPart":{"Weight":0,"CFrame":[0,0,0,1,0,0,0,1,0,0,0,1],"EasingStyle":"Linear","EasingDirection":"In"},"Left Arm":{"Weight":1,"CFrame":[0.20471623539924622,-0.2948727011680603,-0.0191991925239563,0.7374886870384216,0.16121381521224976,0.655835747718811,-0.6673516631126404,0.024858273565769197,0.7443277835845947,0.1036929190158844,-0.9866064190864563,0.1259191930294037],"EasingStyle":"Linear","EasingDirection":"In"}}},{"Time":0.13333334028720857,"poses":{"Left Leg":{"Weight":1,"CFrame":[-0.9983826875686646,0.49588048458099368,0.313704252243042,0.6919599771499634,-0.623102605342865,0.36460235714912417,0.5511375069618225,0.7821400761604309,0.2906956374645233,-0.46630337834358218,-0.00020373195002321154,0.8846248984336853],"EasingStyle":"Linear","EasingDirection":"In"},"Right Arm":{"Weight":1,"CFrame":[0.38646069169044497,-0.3662342429161072,-0.727668046951294,-0.4104485511779785,-0.41145437955856326,0.8137797713279724,0.8794171214103699,0.05740423500537872,0.4725781977176666,-0.24115857481956483,0.9096208214759827,0.33827850222587588],"EasingStyle":"Linear","EasingDirection":"In"},"Head":{"Weight":1,"CFrame":[1.4435499906539917e-8,-4.6566128730773929e-9,-2.384185791015625e-7,0.9912704825401306,-0.12121164053678513,0.051870983093976977,0.1227470338344574,0.9920567870140076,-0.02750404179096222,-0.04812515527009964,0.033630941063165668,0.9982749819755554],"EasingStyle":"Linear","EasingDirection":"In"},"Right Leg":{"Weight":1,"CFrame":[1.1775059700012208,0.1594645380973816,-0.1656867265701294,0.8025241494178772,0.579832136631012,0.1405353844165802,-0.588104784488678,0.8084648847579956,0.022731153294444085,-0.1004377007484436,-0.10089191794395447,0.9898146986961365],"EasingStyle":"Linear","EasingDirection":"In"},"Torso":{"Weight":1,"CFrame":[-0.13132086396217347,-0.028965674340724946,-0.47835683822631838,0.9939492344856262,0.10946568846702576,-0.009065396152436734,-0.1096852645277977,0.9935442209243774,-0.028965674340724946,0.005836124997586012,0.029784750193357469,0.999539315700531],"EasingStyle":"Linear","EasingDirection":"In"},"HumanoidRootPart":{"Weight":0,"CFrame":[0,0,0,1,0,0,0,1,0,0,0,1],"EasingStyle":"Linear","EasingDirection":"In"},"Left Arm":{"Weight":1,"CFrame":[0.1858338564634323,-0.3175164461135864,0.03877711296081543,0.6437068581581116,0.26441213488578799,0.7181417942047119,-0.7325310707092285,-0.058657266199588779,0.6782016158103943,0.22144894301891328,-0.9626243114471436,0.15593229234218598],"EasingStyle":"Linear","EasingDirection":"In"}}},{"Time":0.1666666716337204,"poses":{"Left Leg":{"Weight":1,"CFrame":[-1.115464448928833,0.4041794538497925,0.22881662845611573,0.711969792842865,-0.656419575214386,0.2494238168001175,0.6154563426971436,0.7543407082557678,0.22843697667121888,-0.338101327419281,-0.00913083553314209,0.9410654902458191],"EasingStyle":"Linear","EasingDirection":"In"},"Right Arm":{"Weight":1,"CFrame":[0.38356080651283266,-0.4661467373371124,-0.604755163192749,-0.4216274917125702,-0.4212483763694763,0.8029820919036865,0.8941307067871094,-0.04580721631646156,0.44545695185661318,-0.15086576342582704,0.9057877659797669,0.39596444368362429],"EasingStyle":"Linear","EasingDirection":"In"},"Head":{"Weight":1,"CFrame":[-3.259629011154175e-9,9.313225746154786e-10,0,0.9950141310691834,-0.07102721929550171,0.0700141116976738,0.07305245846509934,0.9969679713249207,-0.026799801737070085,-0.06789831817150116,0.031780898571014407,0.9971859455108643],"EasingStyle":"Linear","EasingDirection":"In"},"Right Leg":{"Weight":1,"CFrame":[1.1523090600967408,0.16517752408981324,-0.1547892689704895,0.8159128427505493,0.5629094839096069,0.13198286294937135,-0.5714581608772278,0.8198358416557312,0.03611709550023079,-0.08787362277507782,-0.10489113628864289,0.9905937910079956],"EasingStyle":"Linear","EasingDirection":"In"},"Torso":{"Weight":1,"CFrame":[-0.11973796784877777,-0.029267113655805589,-0.37641239166259768,0.9983980655670166,0.056011129170656207,-0.008005903102457524,-0.05622287839651108,0.9979891777038574,-0.029267115518450738,0.00635052053257823,0.029670344665646554,0.9995395541191101],"EasingStyle":"Linear","EasingDirection":"In"},"HumanoidRootPart":{"Weight":0,"CFrame":[0,0,0,1,0,0,0,1,0,0,0,1],"EasingStyle":"Linear","EasingDirection":"In"},"Left Arm":{"Weight":1,"CFrame":[0.14294403791427613,-0.33805200457572939,0.07347476482391358,0.3430536985397339,0.47404569387435915,0.8109220862388611,-0.797639787197113,-0.30891358852386477,0.5180182456970215,0.4960695207118988,-0.8245320320129395,0.2721441090106964],"EasingStyle":"Linear","EasingDirection":"In"}}},{"Time":0.20000000298023225,"poses":{"Left Leg":{"Weight":1,"CFrame":[-1.1031734943389893,0.2582662105560303,0.008779764175415039,0.8276693820953369,-0.560271680355072,0.032551687210798267,0.5532386898994446,0.8242754936218262,0.12040064483880997,-0.0942886471748352,-0.08164316415786743,0.9921915531158447],"EasingStyle":"Linear","EasingDirection":"In"},"Right Arm":{"Weight":1,"CFrame":[0.3767819404602051,-0.5589802861213684,-0.4333798289299011,-0.4285885691642761,-0.44627076387405398,0.7855917811393738,0.9019109010696411,-0.15977904200553895,0.4012819826602936,-0.05355940759181976,0.8805186152458191,0.47097593545913699],"EasingStyle":"Linear","EasingDirection":"In"},"Head":{"Weight":1,"CFrame":[-1.1641532182693482e-8,-4.190951585769653e-9,0,0.9958174824714661,0.056458957493305209,0.07183224707841873,-0.05408099666237831,0.9979358315467835,-0.034630823880434039,-0.07363920658826828,0.03060123324394226,0.9968153238296509],"EasingStyle":"Linear","EasingDirection":"In"},"Right Leg":{"Weight":1,"CFrame":[1.189875841140747,0.20227938890457154,-0.14152562618255616,0.8020118474960327,0.5873510837554932,0.10860834270715714,-0.5958390235900879,0.7994476556777954,0.07654604315757752,-0.04186723008751869,-0.12610402703285218,0.9911331534385681],"EasingStyle":"Linear","EasingDirection":"In"},"Torso":{"Weight":1,"CFrame":[-0.0907740592956543,-0.029813043773174287,-0.25078272819519045,0.9973257184028626,-0.07288509607315064,-0.005402289796620607,0.07269313186407089,0.9969086647033691,-0.029813045635819436,0.007558516226708889,0.029340606182813646,0.9995408654212952],"EasingStyle":"Linear","EasingDirection":"In"},"HumanoidRootPart":{"Weight":0,"CFrame":[0,0,0,1,0,0,0,1,0,0,0,1],"EasingStyle":"Linear","EasingDirection":"In"},"Left Arm":{"Weight":1,"CFrame":[0.09445025026798248,-0.3692598342895508,0.08646905422210694,-0.08232603222131729,0.6586107015609741,0.7479665875434876,-0.7609434127807617,-0.5261971354484558,0.37958070635795596,0.643574059009552,-0.5379111766815186,0.5444855093955994],"EasingStyle":"Linear","EasingDirection":"In"}}},{"Time":0.23333333432674409,"poses":{"Left Leg":{"Weight":1,"CFrame":[-0.9805483818054199,0.1774614453315735,-0.18747490644454957,0.896833062171936,-0.40067213773727419,-0.18748871982097627,0.4167696535587311,0.9073793292045593,0.05446159839630127,0.14830203354358674,-0.12698248028755189,0.9807558059692383],"EasingStyle":"Linear","EasingDirection":"In"},"Right Arm":{"Weight":1,"CFrame":[0.35923969745635989,-0.5967648029327393,-0.2427886724472046,-0.416740745306015,-0.4893117845058441,0.7660946249961853,0.9087563157081604,-0.24476061761379243,0.3380153179168701,0.022114960476756097,0.8370580673217773,0.5466668605804443],"EasingStyle":"Linear","EasingDirection":"In"},"Head":{"Weight":1,"CFrame":[-4.6566128730773929e-9,7.450580596923828e-9,2.384185791015625e-7,0.9759507775306702,0.21192112565040589,0.051083918660879138,-0.20986194908618928,0.9767923951148987,-0.042831502854824069,-0.05897529795765877,0.031080875545740129,0.9977754950523377],"EasingStyle":"Linear","EasingDirection":"In"},"Right Leg":{"Weight":1,"CFrame":[1.2948076725006104,0.2607342600822449,-0.1282559633255005,0.7402082085609436,0.6683531999588013,0.07345781475305557,-0.6709064245223999,0.7269436717033386,0.14641475677490235,0.04445715621113777,-0.15766069293022157,0.9864920973777771],"EasingStyle":"Linear","EasingDirection":"In"},"Torso":{"Weight":1,"CFrame":[-0.05320734530687332,-0.030032724142074586,-0.2231459617614746,0.9741944670677185,-0.22569936513900758,-0.002217784058302641,0.22553321719169618,0.9737724661827087,-0.030032724142074586,0.008937983773648739,0.028757529333233835,0.999546468257904],"EasingStyle":"Linear","EasingDirection":"In"},"HumanoidRootPart":{"Weight":0,"CFrame":[0,0,0,1,0,0,0,1,0,0,0,1],"EasingStyle":"Linear","EasingDirection":"In"},"Left Arm":{"Weight":1,"CFrame":[0.0512576624751091,-0.41475749015808108,0.09518718719482422,-0.4085983633995056,0.7635365128517151,0.500059187412262,-0.7232291102409363,-0.6050655245780945,0.3329193890094757,0.5567647814750671,-0.22562730312347413,0.7994407415390015],"EasingStyle":"Linear","EasingDirection":"In"}}},{"Time":0.2666666805744171,"poses":{"Left Leg":{"Weight":1,"CFrame":[-0.8761221766471863,0.1507500410079956,-0.2875790596008301,0.8996793627738953,-0.27694159746170046,-0.3374617099761963,0.3043123185634613,0.9521014094352722,0.029949655756354333,0.31300339102745058,-0.12963883578777314,0.9408627152442932],"EasingStyle":"Linear","EasingDirection":"In"},"Right Arm":{"Weight":1,"CFrame":[0.2066713273525238,-0.5893133878707886,-0.06057560443878174,-0.33460143208503725,-0.6179685592651367,0.71144700050354,0.94235759973526,-0.2210390716791153,0.25120511651039126,0.002020792569965124,0.7544909119606018,0.6563072204589844],"EasingStyle":"Linear","EasingDirection":"In"},"Head":{"Weight":1,"CFrame":[6.984919309616089e-10,2.3283064365386964e-9,-3.5762786865234377e-7,0.9396839141845703,0.3417726755142212,0.013625086285173893,-0.3410080671310425,0.9391920566558838,-0.04039517417550087,-0.026602543890476228,0.033312439918518069,0.9990909099578857],"EasingStyle":"Linear","EasingDirection":"In"},"Right Leg":{"Weight":1,"CFrame":[1.3372890949249268,0.2612989544868469,-0.10817694664001465,0.6867947578430176,0.7253599166870117,0.046541910618543628,-0.7164780497550964,0.6648243069648743,0.21134686470031739,0.12236049026250839,-0.17849838733673097,0.9763023853302002],"EasingStyle":"Linear","EasingDirection":"In"},"Torso":{"Weight":1,"CFrame":[-0.015962179750204088,-0.029843132942914964,-0.2191905975341797,0.9370713233947754,-0.34913763403892519,0.00043814993114210665,0.3489944338798523,0.9366495013237,-0.02984313666820526,0.010008970275521279,0.028118060901761056,0.9995545148849487],"EasingStyle":"Linear","EasingDirection":"In"},"HumanoidRootPart":{"Weight":0,"CFrame":[0,0,0,1,0,0,0,1,0,0,0,1],"EasingStyle":"Linear","EasingDirection":"In"},"Left Arm":{"Weight":1,"CFrame":[0.020558424293994905,-0.45861414074897768,0.11006438732147217,-0.6039506196975708,0.770179808139801,0.20510098338127137,-0.6962133049964905,-0.6350632309913635,0.33463752269744875,0.3879828453063965,0.05931024253368378,0.9197561144828796],"EasingStyle":"Linear","EasingDirection":"In"}}},{"Time":0.30000001192092898,"poses":{"Left Leg":{"Weight":1,"CFrame":[-1.0169954299926758,0.20282697677612306,-0.39359354972839358,0.8570274710655212,-0.33549442887306216,-0.3910849392414093,0.37301650643348696,0.927570641040802,0.021710461005568506,0.35547518730163576,-0.16448764503002168,0.9200984835624695],"EasingStyle":"Linear","EasingDirection":"In"},"Right Arm":{"Weight":1,"CFrame":[-0.0503862090408802,-0.575702965259552,0.08413803577423096,-0.1579391062259674,-0.8000734448432922,0.578738272190094,0.9813594222068787,-0.06219048053026199,0.1818406581878662,-0.10949383676052094,0.5966697931289673,0.7949817180633545],"EasingStyle":"Linear","EasingDirection":"In"},"Head":{"Weight":1,"CFrame":[9.313225746154786e-10,-4.656612873077393e-10,-1.1920928955078126e-7,0.916257917881012,0.39956650137901308,-0.028601184487342836,-0.40029990673065188,0.9159715175628662,-0.02749750390648842,0.015210788697004319,0.03664388507604599,0.9992126226425171],"EasingStyle":"Linear","EasingDirection":"In"},"Right Leg":{"Weight":1,"CFrame":[1.4114593267440797,0.2648773789405823,-0.1582775115966797,0.636114776134491,0.7677161693572998,0.07726337760686875,-0.7616652250289917,0.6087605357170105,0.22198385000228883,0.12338576465845108,-0.20005616545677186,0.971984326839447],"EasingStyle":"Linear","EasingDirection":"In"},"Torso":{"Weight":1,"CFrame":[0.012112696655094624,-0.029664762318134309,-0.31782960891723635,0.9170017242431641,-0.3988802433013916,0.0015317520592361689,0.3987468183040619,0.9165811538696289,-0.029664764180779458,0.010428712703287602,0.027813421562314035,0.9995587468147278],"EasingStyle":"Linear","EasingDirection":"In"},"HumanoidRootPart":{"Weight":0,"CFrame":[0,0,0,1,0,0,0,1,0,0,0,1],"EasingStyle":"Linear","EasingDirection":"In"},"Left Arm":{"Weight":1,"CFrame":[0.0029903091490268709,-0.4928130805492401,0.13935065269470216,-0.6862831115722656,0.726517915725708,-0.034458354115486148,-0.6810928583145142,-0.6253067851066589,0.3809249699115753,0.25520193576812746,0.2848915159702301,0.9239636063575745],"EasingStyle":"Linear","EasingDirection":"In"}}},{"Time":0.3333333432674408,"poses":{"Left Leg":{"Weight":1,"CFrame":[-1.1208268404006959,0.23852580785751344,-0.41118234395980837,0.8347974419593811,-0.4056680500507355,-0.3722187280654907,0.437691867351532,0.8991233706474304,0.0017153237713500858,0.3339746296405792,-0.16434912383556367,0.9281434416770935],"EasingStyle":"Linear","EasingDirection":"In"},"Right Arm":{"Weight":1,"CFrame":[-0.18389476835727693,-0.548667311668396,0.15731525421142579,0.07333631813526154,-0.915847897529602,0.3947712481021881,0.9698163866996765,0.15778887271881104,0.18589995801448823,-0.23254670202732087,0.3692225515842438,0.899776041507721],"EasingStyle":"Linear","EasingDirection":"In"},"Head":{"Weight":1,"CFrame":[1.862645149230957e-9,-1.3504177331924439e-8,1.1920928955078126e-7,0.920956552028656,0.3850119709968567,-0.06003998592495918,-0.38618558645248415,0.9223783016204834,-0.00888501200824976,0.05195873975753784,0.03136928007006645,0.9981564283370972],"EasingStyle":"Linear","EasingDirection":"In"},"Right Leg":{"Weight":1,"CFrame":[1.44692862033844,0.4275527000427246,-0.31487488746643069,0.6819592118263245,0.7167072892189026,0.14581558108329774,-0.7250961065292358,0.6364186406135559,0.26307213306427,0.0957460030913353,-0.28513506054878237,0.9536932706832886],"EasingStyle":"Linear","EasingDirection":"In"},"Torso":{"Weight":1,"CFrame":[0.018926896154880525,-0.03578897565603256,-0.41680049896240237,0.9268638491630554,-0.37534624338150027,-0.0062118456698954109,0.3748493790626526,0.9262774586677551,-0.03870367631316185,0.020281173288822175,0.03354453295469284,0.9992313981056213],"EasingStyle":"Linear","EasingDirection":"In"},"HumanoidRootPart":{"Weight":0,"CFrame":[0,0,0,1,0,0,0,1,0,0,0,1],"EasingStyle":"Linear","EasingDirection":"In"},"Left Arm":{"Weight":1,"CFrame":[-0.0013038404285907746,-0.5102746486663818,0.18872666358947755,-0.7115759253501892,0.6843319535255432,-0.15921474993228913,-0.662003755569458,-0.5770925879478455,0.47824203968048098,0.23539495468139649,0.4457060992717743,0.8636754155158997],"EasingStyle":"Linear","EasingDirection":"In"}}},{"Time":0.36666667461395266,"poses":{"Left Leg":{"Weight":1,"CFrame":[-1.0627329349517823,0.20294344425201417,-0.24725115299224854,0.8751118183135986,-0.42191600799560549,-0.23699457943439485,0.43710625171661379,0.8993157148361206,0.01300171297043562,0.20764733850955964,-0.11496992409229279,0.9714239835739136],"EasingStyle":"Linear","EasingDirection":"In"},"Right Arm":{"Weight":1,"CFrame":[-0.18352414667606355,-0.5037656426429749,0.18351101875305177,0.33681461215019228,-0.9187423586845398,0.20607919991016389,0.882030725479126,0.38446083664894106,0.27241814136505129,-0.3295113742351532,0.0900130644440651,0.939850926399231],"EasingStyle":"Linear","EasingDirection":"In"},"Head":{"Weight":1,"CFrame":[4.656612873077393e-10,-1.7695128917694093e-8,0,0.9337967038154602,0.34911301732063296,-0.07838261872529984,-0.3488326370716095,0.937018096446991,0.017688194289803506,0.07962112128734589,0.010825248435139656,0.9967664480209351],"EasingStyle":"Linear","EasingDirection":"In"},"Right Leg":{"Weight":1,"CFrame":[1.3072943687438965,0.5671542882919312,-0.41695427894592287,0.8453546166419983,0.49851083755493166,0.1919967532157898,-0.5337274670600891,0.7729619145393372,0.34302273392677309,0.022594338282942773,-0.39244982600212099,0.9194958806037903],"EasingStyle":"Linear","EasingDirection":"In"},"Torso":{"Weight":1,"CFrame":[0.01458817720413208,-0.05180925130844116,-0.3412661552429199,0.9433785080909729,-0.3311227560043335,-0.01986686885356903,0.329357385635376,0.9421157836914063,-0.06278224289417267,0.03950551897287369,0.05268412083387375,0.9978294968605042],"EasingStyle":"Linear","EasingDirection":"In"},"HumanoidRootPart":{"Weight":0,"CFrame":[0,0,0,1,0,0,0,1,0,0,0,1],"EasingStyle":"Linear","EasingDirection":"In"},"Left Arm":{"Weight":1,"CFrame":[0.028783589601516725,-0.5136117935180664,0.25921106338500979,-0.7013452053070068,0.6884903311729431,-0.1846502125263214,-0.6258150339126587,-0.4707009196281433,0.6219295859336853,0.3412775993347168,0.5517442226409912,0.7609913945198059],"EasingStyle":"Linear","EasingDirection":"In"}}},{"Time":0.4000000059604645,"poses":{"Left Leg":{"Weight":1,"CFrame":[-0.8640280961990356,0.18542784452438355,0.008544325828552246,0.9139236807823181,-0.4050251841545105,0.026426061987876893,0.4014166593551636,0.911577582359314,0.08882994949817658,-0.0600677989423275,-0.07057589292526245,0.9956961870193481],"EasingStyle":"Linear","EasingDirection":"In"},"Right Arm":{"Weight":1,"CFrame":[-0.19636890292167664,-0.44334185123443606,0.20877254009246827,0.6157552003860474,-0.7864289283752441,0.048732414841651919,0.7011158466339111,0.575080156326294,0.4215679168701172,-0.35955819487571719,-0.22541584074497224,0.9054864048957825],"EasingStyle":"Linear","EasingDirection":"In"},"Head":{"Weight":1,"CFrame":[-1.2514647096395493e-8,1.04919308796525e-8,-4.172325134277344e-7,0.9392526745796204,0.33035793900489809,-0.09310249984264374,-0.32632508873939516,0.943592369556427,0.05608297139406204,0.10637825727462769,-0.02229440212249756,0.9940757751464844],"EasingStyle":"Linear","EasingDirection":"In"},"Right Leg":{"Weight":1,"CFrame":[1.0424739122390748,0.5301264524459839,-0.3382575511932373,0.9623470306396484,0.17473021149635316,0.20822474360466004,-0.2453736662864685,0.8880181908607483,0.3888639211654663,-0.11696123331785202,-0.4253152906894684,0.8974560499191284],"EasingStyle":"Linear","EasingDirection":"In"},"Torso":{"Weight":1,"CFrame":[0.024699173867702485,-0.07547309994697571,-0.20137858390808106,0.9513269066810608,-0.3072466552257538,-0.024012070149183275,0.303582102060318,0.9476878046989441,-0.0986192375421524,0.053056370466947559,0.08652950078248978,0.9948354959487915],"EasingStyle":"Linear","EasingDirection":"In"},"HumanoidRootPart":{"Weight":0,"CFrame":[0,0,0,1,0,0,0,1,0,0,0,1],"EasingStyle":"Linear","EasingDirection":"In"},"Left Arm":{"Weight":1,"CFrame":[0.09717005491256714,-0.5109638571739197,0.3407135009765625,-0.6516976356506348,0.737524151802063,-0.17705535888671876,-0.5585336089134216,-0.3087102770805359,0.7698948979377747,0.5131572484970093,0.6006297469139099,0.6131176352500916],"EasingStyle":"Linear","EasingDirection":"In"}}},{"Time":0.4333333373069763,"poses":{"Left Leg":{"Weight":1,"CFrame":[-0.615544855594635,0.2268885374069214,0.18412315845489503,0.8802114725112915,-0.3629911243915558,0.305720716714859,0.3149702847003937,0.9286830425262451,0.19580967724323274,-0.35499507188796999,-0.07606080919504166,0.9317689538002014],"EasingStyle":"Linear","EasingDirection":"In"},"Right Arm":{"Weight":1,"CFrame":[-0.2196940779685974,-0.3682362735271454,0.22488784790039063,0.8406810164451599,-0.540070652961731,-0.039741501212120059,0.4556497037410736,0.6657923460006714,0.5908496975898743,-0.2926409840583801,-0.5148244500160217,0.8058022260665894],"EasingStyle":"Linear","EasingDirection":"In"},"Head":{"Weight":1,"CFrame":[-1.4901161193847657e-8,7.450580596923828e-9,-4.172325134277344e-7,0.9367774724960327,0.33135321736335757,-0.11248596757650376,-0.32008129358291628,0.9413046836853027,0.10720759630203247,0.14140711724758149,-0.06442497670650482,0.987852931022644],"EasingStyle":"Linear","EasingDirection":"In"},"Right Leg":{"Weight":1,"CFrame":[0.6678690910339356,0.39030784368515017,-0.13332068920135499,0.9642802476882935,-0.19115979969501496,0.1833614557981491,0.10068037360906601,0.9047847390174866,0.41379693150520327,-0.24500414729118348,-0.3805554509162903,0.8917121887207031],"EasingStyle":"Linear","EasingDirection":"In"},"Torso":{"Weight":1,"CFrame":[0.07343897223472595,-0.10389086604118347,-0.12945556640625,0.9519293308258057,-0.30631306767463686,-0.001676487852819264,0.302969366312027,0.942317008972168,-0.14229634404182435,0.04516700655221939,0.13494814932346345,0.9898226857185364],"EasingStyle":"Linear","EasingDirection":"In"},"HumanoidRootPart":{"Weight":0,"CFrame":[0,0,0,1,0,0,0,1,0,0,0,1],"EasingStyle":"Linear","EasingDirection":"In"},"Left Arm":{"Weight":1,"CFrame":[0.17945900559425355,-0.5024023056030273,0.42082643508911135,-0.5741333961486816,0.8012135624885559,-0.16860483586788178,-0.4503764510154724,-0.13707207143306733,0.8822543025016785,0.6837630271911621,0.5824671983718872,0.43954500555992129],"EasingStyle":"Linear","EasingDirection":"In"}}},{"Time":0.46666666865348818,"poses":{"Left Leg":{"Weight":1,"CFrame":[-0.3852313160896301,0.26372700929641726,0.23348820209503175,0.8007361888885498,-0.30759406089782717,0.514011025428772,0.1818680763244629,0.9424232840538025,0.2806455194950104,-0.5707412958145142,-0.13124124705791474,0.8105742931365967],"EasingStyle":"Linear","EasingDirection":"In"},"Right Arm":{"Weight":1,"CFrame":[-0.24469557404518128,-0.285603404045105,0.22352445125579835,0.962009847164154,-0.2668709456920624,-0.057593200355768207,0.22373808920383454,0.6497448086738586,0.726479709148407,-0.15645557641983033,-0.7117665410041809,0.6847702264785767],"EasingStyle":"Linear","EasingDirection":"In"},"Head":{"Weight":1,"CFrame":[-3.725290298461914e-8,-1.2293457984924317e-7,-1.7881393432617188e-7,0.9331138730049133,0.33096349239349368,-0.14057640731334687,-0.30691230297088625,0.936754047870636,0.16821621358394624,0.18735891580581666,-0.11382024735212326,0.9756749272346497],"EasingStyle":"Linear","EasingDirection":"In"},"Right Leg":{"Weight":1,"CFrame":[0.2790111303329468,0.20215517282485963,0.05966174602508545,0.8497318625450134,-0.5058959722518921,0.1484086662530899,0.40998032689094546,0.8110409379005432,0.417287141084671,-0.33146923780441286,-0.2937377691268921,0.8965747952461243],"EasingStyle":"Linear","EasingDirection":"In"},"Torso":{"Weight":1,"CFrame":[0.15290763974189759,-0.1322837471961975,-0.14220380783081056,0.9522690773010254,-0.3020830750465393,0.043924786150455478,0.30485159158706667,0.9336590766906738,-0.18800601363182069,0.015782661736011506,0.19242286682128907,0.9811851978302002],"EasingStyle":"Linear","EasingDirection":"In"},"HumanoidRootPart":{"Weight":0,"CFrame":[0,0,0,1,0,0,0,1,0,0,0,1],"EasingStyle":"Linear","EasingDirection":"In"},"Left Arm":{"Weight":1,"CFrame":[0.25117960572242739,-0.48722559213638308,0.48324429988861086,-0.4978339672088623,0.8503153324127197,-0.1706615686416626,-0.33839333057403567,-0.009265083819627762,0.9409591555595398,0.7985306978225708,0.5261920094490051,0.2923532724380493],"EasingStyle":"Linear","EasingDirection":"In"}}},{"Time":0.5,"poses":{"Left Leg":{"Weight":1,"CFrame":[-0.2096766084432602,0.2702662944793701,0.1959228515625,0.7339505553245544,-0.24030187726020814,0.635272741317749,0.03331974521279335,0.9469337463378906,0.31969738006591799,-0.6783850789070129,-0.21347492933273316,0.7030093669891357],"EasingStyle":"Linear","EasingDirection":"In"},"Right Arm":{"Weight":1,"CFrame":[-0.2615954875946045,-0.2092893123626709,0.20159518718719483,0.997042715549469,-0.059317223727703097,-0.048859983682632449,0.0745222344994545,0.5909950137138367,0.8032255172729492,-0.018769031390547754,-0.804491400718689,0.5936678647994995],"EasingStyle":"Linear","EasingDirection":"In"},"Head":{"Weight":1,"CFrame":[7.450580596923828e-9,5.960464477539063e-8,-1.1920928955078126e-7,0.9260675311088562,0.3332463204860687,-0.1770474761724472,-0.2889130711555481,0.92795330286026,0.23543989658355714,0.24275124073028565,-0.16688191890716554,0.9556266069412231],"EasingStyle":"Linear","EasingDirection":"In"},"Right Leg":{"Weight":1,"CFrame":[0.17450526356697083,0.15318238735198975,0.09300172328948975,0.7897880673408508,-0.6030758023262024,0.11195531487464905,0.5174007415771484,0.7530455589294434,0.4064713716506958,-0.3294408321380615,-0.2631007134914398,0.9067783951759338],"EasingStyle":"Linear","EasingDirection":"In"},"Torso":{"Weight":1,"CFrame":[0.24284173548221589,-0.15677666664123536,-0.18434572219848634,0.950529932975769,-0.29403313994407656,0.10018642991781235,0.309662401676178,0.92239910364151,-0.23084433376789094,-0.024535976350307466,0.25044843554496767,0.9678189754486084],"EasingStyle":"Linear","EasingDirection":"In"},"HumanoidRootPart":{"Weight":0,"CFrame":[0,0,0,1,0,0,0,1,0,0,0,1],"EasingStyle":"Linear","EasingDirection":"In"},"Left Arm":{"Weight":1,"CFrame":[0.2865069806575775,-0.46650606393814089,0.5084226131439209,-0.46342286467552187,0.8688382506370544,-0.17423981428146363,-0.2872367799282074,0.03872803598642349,0.957076370716095,0.8382924795150757,0.49357903003692629,0.23161464929580689],"EasingStyle":"Linear","EasingDirection":"In"}}},{"Time":0.5333333611488342,"poses":{"Left Leg":{"Weight":1,"CFrame":[-0.22805294394493104,0.35256338119506838,0.22715795040130616,0.6808428764343262,-0.24765154719352723,0.6892908811569214,0.004454694222658873,0.942484438419342,0.334220290184021,-0.7324159741401672,-0.22448104619979859,0.6427868008613586],"EasingStyle":"Linear","EasingDirection":"In"},"Right Arm":{"Weight":1,"CFrame":[-0.26504600048065188,-0.15452367067337037,0.1603454351425171,0.9971540570259094,0.03272485360503197,-0.06791775673627854,0.0375167615711689,0.5660173892974854,0.8235389590263367,0.06539281457662583,-0.8237435221672058,0.5631791353225708],"EasingStyle":"Linear","EasingDirection":"In"},"Head":{"Weight":1,"CFrame":[-2.2351741790771486e-8,8.940696716308594e-8,-1.1920928955078126e-7,0.916587769985199,0.338654488325119,-0.21255575120449067,-0.26930075883865359,0.9158339500427246,0.29786786437034609,0.29554006457328799,-0.2157806009054184,0.9306421279907227],"EasingStyle":"Linear","EasingDirection":"In"},"Right Leg":{"Weight":1,"CFrame":[0.28461551666259768,0.2690419554710388,0.019467711448669435,0.8216061592102051,-0.5658803582191467,0.06886856257915497,0.4971293807029724,0.7703733444213867,0.3992329239845276,-0.2789725363254547,-0.2937759459018707,0.9142593741416931],"EasingStyle":"Linear","EasingDirection":"In"},"Torso":{"Weight":1,"CFrame":[0.3233039379119873,-0.17393559217453004,-0.27891016006469729,0.9463164806365967,-0.28374823927879336,0.15482917428016663,0.31656011939048769,0.9104109406471252,-0.2663487195968628,-0.06538219004869461,0.3010629415512085,0.9513602256774902],"EasingStyle":"Linear","EasingDirection":"In"},"HumanoidRootPart":{"Weight":0,"CFrame":[0,0,0,1,0,0,0,1,0,0,0,1],"EasingStyle":"Linear","EasingDirection":"In"},"Left Arm":{"Weight":1,"CFrame":[0.2923666834831238,-0.44341909885406496,0.4882708787918091,-0.4731101095676422,0.8640271425247192,-0.17211642861366273,-0.31631454825401308,0.01574535481631756,0.9485235810279846,0.8222602605819702,0.5031989216804504,0.2658550441265106],"EasingStyle":"Linear","EasingDirection":"In"}}},{"Time":0.5666666626930237,"poses":{"Left Leg":{"Weight":1,"CFrame":[-0.3432374596595764,0.5291450023651123,0.29916107654571535,0.6270763874053955,-0.31027770042419436,0.7144953012466431,0.056662339717149737,0.9329841136932373,0.3554290235042572,-0.776894211769104,-0.18239617347717286,0.6026331782341003],"EasingStyle":"Linear","EasingDirection":"In"},"Right Arm":{"Weight":1,"CFrame":[-0.24441178143024445,-0.124705970287323,0.10158169269561768,0.992271363735199,0.049707137048244479,-0.11369560658931732,0.05991831421852112,0.6104208827018738,0.7898075580596924,0.10866131633520127,-0.7905160188674927,0.6027249097824097],"EasingStyle":"Linear","EasingDirection":"In"},"Head":{"Weight":1,"CFrame":[-1.1175870895385743e-8,1.1920928955078126e-7,2.384185791015625e-7,0.9075475335121155,0.3456113934516907,-0.23855867981910706,-0.25315815210342409,0.9034938216209412,0.3458464741706848,0.33506476879119875,-0.2534790635108948,0.9074579477310181],"EasingStyle":"Linear","EasingDirection":"In"},"Right Leg":{"Weight":1,"CFrame":[0.43702957034111025,0.48602181673049929,-0.09188419580459595,0.8802452683448792,-0.47415798902511599,0.018509026616811754,0.42699986696243288,0.8085067272186279,0.40495407581329348,-0.2069767415523529,-0.34855565428733828,0.9141496419906616],"EasingStyle":"Linear","EasingDirection":"In"},"Torso":{"Weight":1,"CFrame":[0.37517237663269045,-0.18107879161834718,-0.4327585697174072,0.9412204623222351,-0.2748367488384247,0.19638937711715699,0.32359495759010317,0.9003980159759522,-0.29080867767333987,-0.09690370410680771,0.3372657001018524,0.9364088773727417],"EasingStyle":"Linear","EasingDirection":"In"},"HumanoidRootPart":{"Weight":0,"CFrame":[0,0,0,1,0,0,0,1,0,0,0,1],"EasingStyle":"Linear","EasingDirection":"In"},"Left Arm":{"Weight":1,"CFrame":[0.2950897514820099,-0.4150318503379822,0.4402506351470947,-0.49540483951568606,0.8516742587089539,-0.17095358669757844,-0.38374975323677065,-0.03802004083991051,0.9226540327072144,0.7793010473251343,0.5226905345916748,0.34566518664360049],"EasingStyle":"Linear","EasingDirection":"In"}}},{"Time":0.6000000238418579,"poses":{"Left Leg":{"Weight":1,"CFrame":[-0.38504207134246828,0.6297354698181152,0.3111727237701416,0.6000156998634338,-0.3336772918701172,0.7270767092704773,0.06723042577505112,0.9266765117645264,0.36979854106903078,-0.7971581816673279,-0.1730032116174698,0.5784536004066467],"EasingStyle":"Linear","EasingDirection":"In"},"Right Arm":{"Weight":1,"CFrame":[-0.1991945505142212,-0.11076653003692627,0.03182816505432129,0.9863159656524658,0.049487072974443439,-0.15726347267627717,0.07792495936155319,0.7006765604019165,0.7092105746269226,0.1452876478433609,-0.7117607593536377,0.6872325539588928],"EasingStyle":"Linear","EasingDirection":"In"},"Head":{"Weight":1,"CFrame":[2.9802322387695315e-8,1.4901161193847657e-8,0,0.903073251247406,0.35109445452690127,-0.2473689615726471,-0.246530219912529,0.8953848481178284,0.3708217442035675,0.35168391466140749,-0.273895263671875,0.8951535224914551],"EasingStyle":"Linear","EasingDirection":"In"},"Right Leg":{"Weight":1,"CFrame":[0.5742018222808838,0.7095927000045776,-0.14686089754104615,0.945686936378479,-0.3223171532154083,-0.042281389236450198,0.3159864842891693,0.8808816075325012,0.35242030024528506,-0.0763465017080307,-0.34663987159729006,0.9348862171173096],"EasingStyle":"Linear","EasingDirection":"In"},"Torso":{"Weight":1,"CFrame":[0.38838958740234377,-0.17607200145721436,-0.5233011245727539,0.9381813406944275,-0.27201277017593386,0.2140672504901886,0.32827913761138918,0.895318329334259,-0.30106121301651,-0.10976586490869522,0.3527238368988037,0.9292671084403992],"EasingStyle":"Linear","EasingDirection":"In"},"HumanoidRootPart":{"Weight":0,"CFrame":[0,0,0,1,0,0,0,1,0,0,0,1],"EasingStyle":"Linear","EasingDirection":"In"},"Left Arm":{"Weight":1,"CFrame":[0.297507107257843,-0.3744104504585266,0.3823990821838379,-0.5189367532730103,0.8361093997955322,-0.17783689498901368,-0.460202157497406,-0.0979461595416069,0.8823947906494141,0.7203601002693176,0.5397477149963379,0.43560707569122317],"EasingStyle":"Linear","EasingDirection":"In"}}},{"Time":0.6333333253860474,"poses":{"Left Leg":{"Weight":1,"CFrame":[-0.3123987317085266,0.504493236541748,0.2846947908401489,0.6322945952415466,-0.29711973667144778,0.7154884338378906,0.038007624447345737,0.934319257736206,0.35440489649772646,-0.7737951874732971,-0.1968943178653717,0.6020576357841492],"EasingStyle":"Linear","EasingDirection":"In"},"Right Arm":{"Weight":1,"CFrame":[-0.14129337668418885,-0.10687941312789917,-0.04052537679672241,0.9801499247550964,0.030565734952688218,-0.19588732719421388,0.09318939596414566,0.8010626435279846,0.591281533241272,0.17499101161956788,-0.5977995991706848,0.7823134064674377],"EasingStyle":"Linear","EasingDirection":"In"},"Head":{"Weight":1,"CFrame":[4.470348358154297e-8,0,4.76837158203125e-7,0.9135533571243286,0.32920411229133608,-0.23884080350399018,-0.23901893