{"Sequence":[{"Time":0,"poses":{"Left Leg":{"Weight":1,"CFrame":[-0.005179405212402344,0.1729101538658142,-0.03491640090942383,0.9969325065612793,-0.07705985009670258,-0.013691529631614685,0.07714343816041947,0.9379405975341797,0.33810722827911379,-0.013212687335908413,-0.33812618255615237,0.9410079717636108],"EasingStyle":"Linear","EasingDirection":"In"},"Right Arm":{"Weight":1,"CFrame":[0,5.960464477539063e-8,0,0.6573090553283691,0.1793566346168518,-0.7319672107696533,-0.25589272379875185,0.9666792750358582,0.007076401263475418,0.7088468074798584,0.18265393376350404,0.681303083896637],"EasingStyle":"Linear","EasingDirection":"In"},"Left Arm":{"Weight":1,"CFrame":[0,-0.43118223547935488,0,-0.0452849417924881,0.34969979524612429,-0.9357668161392212,-0.9951533079147339,0.06605835258960724,0.07284490019083023,0.08728906512260437,0.9345300197601318,0.34501349925994875],"EasingStyle":"Linear","EasingDirection":"In"},"Head":{"Weight":1,"CFrame":[8.742273394091171e-8,0,0,0.9740015864372253,-0.22180430591106416,0.04608458653092384,0.22653910517692567,0.9527443647384644,-0.20238137245178224,0.0009822265710681677,0.2075597047805786,0.9782219529151917],"EasingStyle":"Linear","EasingDirection":"In"},"Torso":{"Weight":1,"CFrame":[0,0,-0.08248162269592285,0.9740637540817261,0.22627419233322144,-8.515534943853709e-8,-0.22627419233322144,0.9740637540817261,1.9781515092631709e-8,8.742278367890322e-8,0,1],"EasingStyle":"Linear","EasingDirection":"In"},"HumanoidRootPart":{"Weight":0,"CFrame":[0,0,0,1,0,0,0,1,0,0,0,1],"EasingStyle":"Linear","EasingDirection":"In"},"Right Leg":{"Weight":1,"CFrame":[0.5594205856323242,0.05980402231216431,-0.08239799737930298,0.9625188112258911,0.22758665680885316,0.14751972258090974,-0.24132783710956574,0.9668959975242615,0.0829038918018341,-0.12376844882965088,-0.11539717018604279,0.9855785369873047],"EasingStyle":"Linear","EasingDirection":"In"}}},{"Time":0.029583333060145379,"poses":{"Left Leg":{"Weight":1,"CFrame":[0.0070795402862131599,0.18339115381240846,-0.03916144371032715,0.9935232996940613,-0.11307866126298905,0.01116742379963398,0.10158123075962067,0.9279260635375977,0.35865655541419985,-0.050919171422719958,-0.3551991581916809,0.9334027767181397],"EasingStyle":"Linear","EasingDirection":"In"},"Right Arm":{"Weight":1,"CFrame":[-0.011388777755200863,-0.03120437264442444,-0.001415550708770752,0.6639600992202759,0.18743392825126649,-0.7238960862159729,-0.26138052344322207,0.9651821851730347,0.010169441811740399,0.7005977630615234,0.18246041238307954,0.6898341178894043],"EasingStyle":"Linear","EasingDirection":"In"},"Left Arm":{"Weight":1,"CFrame":[-0.058681540191173556,-0.34166112542152407,-0.06300312280654907,-0.019655399024486543,0.37843671441078188,-0.925418496131897,-0.9955660700798035,0.07775244116783142,0.05294086039066315,0.09198825061321259,0.9223558306694031,0.3752305209636688],"EasingStyle":"Linear","EasingDirection":"In"},"Head":{"Weight":1,"CFrame":[8.771894499659538e-8,1.1641532182693482e-9,-2.980232238769531e-7,0.9525288939476013,-0.2976418137550354,0.06401634216308594,0.3044312298297882,0.9334022998809815,-0.18995238840579987,-0.0032152223866432907,0.20042367279529572,0.9797040820121765],"EasingStyle":"Linear","EasingDirection":"In"},"Torso":{"Weight":1,"CFrame":[-0.010715393349528313,0.0016651945188641549,-0.11603808403015137,0.9625384211540222,0.27114465832710268,0.0006356799276545644,-0.27114537358283999,0.9625347852706909,0.0026399781927466394,0.0001039519629557617,-0.0027134420815855266,0.9999963045120239],"EasingStyle":"Linear","EasingDirection":"In"},"HumanoidRootPart":{"Weight":0,"CFrame":[0,0,0,1,0,0,0,1,0,0,0,1],"EasingStyle":"Linear","EasingDirection":"In"},"Right Leg":{"Weight":1,"CFrame":[0.6576018333435059,0.07164514064788819,-0.10203802585601807,0.951747477054596,0.26522907614707949,0.1543705016374588,-0.2795232832431793,0.9568540453910828,0.07935471832752228,-0.12666301429271699,-0.11867588013410568,0.9848211407661438],"EasingStyle":"Linear","EasingDirection":"In"}}},{"Time":0.05874999985098839,"poses":{"Left Leg":{"Weight":1,"CFrame":[0.027652014046907426,0.2071295976638794,-0.050490498542785647,0.9752143025398254,-0.21025188267230988,0.06892870366573334,0.1647932082414627,0.8980647325515747,0.40782690048217776,-0.1476489156484604,-0.3863597512245178,0.9104537963867188],"EasingStyle":"Linear","EasingDirection":"In"},"Right Arm":{"Weight":1,"CFrame":[-0.0385466068983078,-0.10561272501945496,-0.0076825618743896488,0.6786305904388428,0.21064089238643647,-0.7036271095275879,-0.276799738407135,0.9607059955596924,0.020634744316339494,0.6803253889083862,0.18076057732105256,0.7102697491645813],"EasingStyle":"Linear","EasingDirection":"In"},"Left Arm":{"Weight":1,"CFrame":[-0.19861432909965516,-0.3192802667617798,-0.21324104070663453,0.04656229540705681,0.4458974003791809,-0.8938721418380737,-0.9934477210044861,0.11416976898908615,0.005202833563089371,0.10437304526567459,0.8877729177474976,0.4482918083667755],"EasingStyle":"Linear","EasingDirection":"In"},"Head":{"Weight":1,"CFrame":[8.754432201385498e-8,-3.725290298461914e-9,2.384185791015625e-7,0.8747081160545349,-0.4735833704471588,0.1029788926243782,0.4843941032886505,0.8611900806427002,-0.15399406850337983,-0.015755385160446168,0.1845822036266327,0.9826908111572266],"EasingStyle":"Linear","EasingDirection":"In"},"Torso":{"Weight":1,"CFrame":[-0.03595077246427536,0.005570858716964722,-0.1960771083831787,0.9265165328979492,0.3762449026107788,0.0026538365054875614,-0.37625324726104739,0.9264748096466065,0.008831914514303208,0.0008642497123219073,-0.009181429632008076,0.9999575018882752],"EasingStyle":"Linear","EasingDirection":"In"},"HumanoidRootPart":{"Weight":0,"CFrame":[0,0,0,1,0,0,0,1,0,0,0,1],"EasingStyle":"Linear","EasingDirection":"In"},"Right Leg":{"Weight":1,"CFrame":[0.8357195854187012,0.1059461236000061,-0.14494556188583375,0.9289728403091431,0.32820725440979006,0.17114205658435822,-0.3435962200164795,0.9365836977958679,0.06893806904554367,-0.13766305148601533,-0.12284551560878754,0.9828316569328308],"EasingStyle":"Linear","EasingDirection":"In"}}},{"Time":0.08833333104848862,"poses":{"Left Leg":{"Weight":1,"CFrame":[-0.1308026909828186,0.19127601385116578,-0.01562952995300293,0.8953187465667725,-0.42495769262313845,0.13347414135932923,0.32164624333381655,0.8241037726402283,0.4662579596042633,-0.3081367015838623,-0.37451833486557009,0.8745216727256775],"EasingStyle":"Linear","EasingDirection":"In"},"Right Arm":{"Weight":1,"CFrame":[-0.07096075266599655,-0.19442376494407655,-0.019008755683898927,0.6934328675270081,0.2464052140712738,-0.6770786046981812,-0.29982662200927737,0.953162670135498,0.03981013223528862,0.655175507068634,0.17540070414543153,0.7348331809043884],"EasingStyle":"Linear","EasingDirection":"In"},"Left Arm":{"Weight":1,"CFrame":[-0.3656308650970459,-0.3136851191520691,-0.3925575017929077,0.13677485287189485,0.52190101146698,-0.8419691324234009,-0.9830838441848755,0.17603348195552827,-0.05058281123638153,0.121815524995327,0.834644615650177,0.5371494293212891],"EasingStyle":"Linear","EasingDirection":"In"},"Head":{"Weight":1,"CFrame":[9.406358003616333e-8,3.725290298461914e-9,2.384185791015625e-7,0.7362239956855774,-0.6621916890144348,0.139558345079422,0.6758474707603455,0.730027437210083,-0.10144135355949402,-0.03470778465270996,0.1690036952495575,0.985004186630249],"EasingStyle":"Linear","EasingDirection":"In"},"Torso":{"Weight":1,"CFrame":[-0.06550665199756623,0.010027408599853516,-0.2916419506072998,0.8683593273162842,0.4958997964859009,0.005956394597887993,-0.49592816829681399,0.8682180643081665,0.015897221863269807,0.0027119796723127367,-0.016758441925048829,0.9998559951782227],"EasingStyle":"Linear","EasingDirection":"In"},"HumanoidRootPart":{"Weight":0,"CFrame":[0,0,0,1,0,0,0,1,0,0,0,1],"EasingStyle":"Linear","EasingDirection":"In"},"Right Leg":{"Weight":1,"CFrame":[0.9921696782112122,0.15453791618347169,-0.19258344173431397,0.9055859446525574,0.3784223794937134,0.1915999799966812,-0.39452117681503298,0.917367696762085,0.05281960964202881,-0.15577927231788636,-0.12342287600040436,0.980050802230835],"EasingStyle":"Linear","EasingDirection":"In"}}},{"Time":0.11749999970197678,"poses":{"Left Leg":{"Weight":1,"CFrame":[-0.06140189245343208,0.2144034504890442,-0.027342379093170167,0.8432255983352661,-0.5056801438331604,0.18236829340457917,0.3564755618572235,0.7799415588378906,0.5144088268280029,-0.4023627042770386,-0.3687530755996704,0.8379292488098145],"EasingStyle":"Linear","EasingDirection":"In"},"Right Arm":{"Weight":1,"CFrame":[-0.0981186032295227,-0.2688334584236145,-0.032824814319610599,0.701317548751831,0.29081887006759646,-0.6508287787437439,-0.32690998911857607,0.9425406455993652,0.06889788061380387,0.6334694623947144,0.16444334387779237,0.7560920119285584],"EasingStyle":"Linear","EasingDirection":"In"},"Left Arm":{"Weight":1,"CFrame":[-0.5055636763572693,-0.31228694319725039,-0.5427955389022827,0.23262837529182435,0.5784817934036255,-0.7818201780319214,-0.961435079574585,0.25805479288101199,-0.09513331204652786,0.14671958982944489,0.7738000154495239,0.6162036061286926],"EasingStyle":"Linear","EasingDirection":"In"},"Head":{"Weight":1,"CFrame":[9.12696123123169e-8,-5.587935447692871e-9,-1.7881393432617188e-7,0.5899270176887512,-0.7914871573448181,0.1597946733236313,0.8057259321212769,0.5899706482887268,-0.05235038325190544,-0.052839525043964389,0.1596335917711258,0.9857611656188965],"EasingStyle":"Linear","EasingDirection":"In"},"Torso":{"Weight":1,"CFrame":[-0.08983524888753891,0.013508383184671402,-0.3717377185821533,0.8079870343208313,0.5891250967979431,0.00941215269267559,-0.5891789197921753,0.807718813419342,0.021415872499346734,0.005014255177229643,-0.022849190980196,0.9997263550758362],"EasingStyle":"Linear","EasingDirection":"In"},"HumanoidRootPart":{"Weight":0,"CFrame":[0,0,0,1,0,0,0,1,0,0,0,1],"EasingStyle":"Linear","EasingDirection":"In"},"Right Leg":{"Weight":1,"CFrame":[1.0947444438934327,0.199429452419281,-0.22977054119110108,0.8881502747535706,0.4094195067882538,0.20872171223163606,-0.4253656566143036,0.9042982459068298,0.036178138107061389,-0.17393426597118379,-0.12091433256864548,0.9773057103157044],"EasingStyle":"Linear","EasingDirection":"In"}}},{"Time":0.1470833271741867,"poses":{"Left Leg":{"Weight":1,"CFrame":[0.019988153129816057,0.24405330419540406,-0.06068527698516846,0.8343281149864197,-0.5132483839988709,0.20117858052253724,0.34571245312690737,0.7713972926139832,0.5342556834220886,-0.42939454317092898,-0.37619447708129885,0.8210347890853882],"EasingStyle":"Linear","EasingDirection":"In"},"Right Arm":{"Weight":1,"CFrame":[-0.10950743407011032,-0.3000375032424927,-0.04748058319091797,0.6966765522956848,0.3391304910182953,-0.6321648359298706,-0.35309457778930666,0.9291767477989197,0.1093374639749527,0.6244726777076721,0.14704135060310365,0.7670809030532837],"EasingStyle":"Linear","EasingDirection":"In"},"Left Arm":{"Weight":1,"CFrame":[-0.5642452836036682,-0.31193745136260989,-0.605798602104187,0.3154522180557251,0.5964133143424988,-0.7380928993225098,-0.9298809766769409,0.34939152002334597,-0.11509579420089722,0.18923898041248322,0.7226456999778748,0.6648096442222595],"EasingStyle":"Linear","EasingDirection":"In"},"Head":{"Weight":1,"CFrame":[8.381903171539307e-8,0,-3.5762786865234377e-7,0.5228455662727356,-0.8362558484077454,0.16525377333164216,0.8502592444419861,0.5254402756690979,-0.03117438219487667,-0.06076124310493469,0.15680792927742005,0.9857583045959473],"EasingStyle":"Linear","EasingDirection":"In"},"Torso":{"Weight":1,"CFrame":[-0.0999314934015274,0.014883607625961304,-0.4053335189819336,0.7798354625701904,0.625887393951416,0.011029507033526898,-0.6259541511535645,0.779502809047699,0.023596109822392465,0.006170977372676134,-0.02530505135655403,0.9996607303619385],"EasingStyle":"Linear","EasingDirection":"In"},"HumanoidRootPart":{"Weight":0,"CFrame":[0,0,0,1,0,0,0,1,0,0,0,1],"EasingStyle":"Linear","EasingDirection":"In"},"Right Leg":{"Weight":1,"CFrame":[1.1319761276245118,0.21900278329849244,-0.24443966150283814,0.8812658190727234,0.4204723834991455,0.215809628367424,-0.4360921084880829,0.8994554877281189,0.028344091027975084,-0.18219324946403504,-0.11909169703722,0.9760240912437439],"EasingStyle":"Linear","EasingDirection":"In"}}},{"Time":0.17666666209697724,"poses":{"Left Leg":{"Weight":1,"CFrame":[-0.10339370369911194,0.1997448205947876,-0.004663228988647461,0.8037867546081543,-0.5623447895050049,0.1941518634557724,0.39846116304397585,0.7512174844741821,0.5262140035629273,-0.4417641758918762,-0.3456018269062042,0.8278912305831909],"EasingStyle":"Linear","EasingDirection":"In"},"Right Arm":{"Weight":1,"CFrame":[-0.10950736701488495,-0.3000374138355255,-0.06364518404006958,0.6820366382598877,0.38444218039512637,-0.6221175193786621,-0.3708747923374176,0.9149990081787109,0.15883484482765199,0.6302998661994934,0.12239665538072586,0.7666428685188294],"EasingStyle":"Linear","EasingDirection":"In"},"Left Arm":{"Weight":1,"CFrame":[-0.5479038953781128,-0.3280739486217499,-0.5771403312683106,0.3785552978515625,0.5792409181594849,-0.7219250798225403,-0.8923771977424622,0.4354390501976013,-0.1185581237077713,0.2456807643175125,0.689110279083252,0.6817390322685242],"EasingStyle":"Linear","EasingDirection":"In"},"Head":{"Weight":1,"CFrame":[9.12696123123169e-8,-3.725290298461914e-9,1.1920928955078126e-7,0.5228455066680908,-0.8362557888031006,0.16525375843048097,0.8502591848373413,0.5254403352737427,-0.031174369156360627,-0.060761235654354098,0.15680792927742005,0.9857582449913025],"EasingStyle":"Linear","EasingDirection":"In"},"Torso":{"Weight":1,"CFrame":[-0.09461110830307007,0.01510876789689064,-0.404998779296875,0.785224437713623,0.6191114783287048,0.011113598942756653,-0.6191834807395935,0.7848930358886719,0.023554010316729547,0.005859570112079382,-0.025376543402671815,0.9996607899665833],"EasingStyle":"Linear","EasingDirection":"In"},"HumanoidRootPart":{"Weight":0,"CFrame":[0,0,0,1,0,0,0,1,0,0,0,1],"EasingStyle":"Linear","EasingDirection":"In"},"Right Leg":{"Weight":1,"CFrame":[1.1292495727539063,0.21892768144607545,-0.2348272204399109,0.8827282190322876,0.4217741787433624,0.20711661875247956,-0.4367539584636688,0.8990612030029297,0.030581897124648095,-0.17331191897392274,-0.11745446920394898,0.9778381586074829],"EasingStyle":"Linear","EasingDirection":"In"}}},{"Time":0.2058333307504654,"poses":{"Left Leg":{"Weight":1,"CFrame":[-0.27173247933387759,0.14127713441848756,0.057280540466308597,0.77156001329422,-0.6117421984672546,0.17454718053340913,0.4637572765350342,0.7286955118179321,0.50391685962677,-0.4354589879512787,-0.30785471200942995,0.845932126045227],"EasingStyle":"Linear","EasingDirection":"In"},"Right Arm":{"Weight":1,"CFrame":[-0.10950742661952973,-0.30003780126571658,-0.07712078094482422,0.6688016653060913,0.41453519463539126,-0.6171426773071289,-0.37084370851516726,0.9054851531982422,0.20632882416248322,0.6443440318107605,0.09087061882019043,0.7593176364898682],"EasingStyle":"Linear","EasingDirection":"In"},"Left Arm":{"Weight":1,"CFrame":[-0.5041517615318298,-0.36255282163619997,-0.505229651927948,0.4266081750392914,0.5465538501739502,-0.7206138372421265,-0.8531816601753235,0.5076001286506653,-0.12009678781032562,0.3001444637775421,0.6660488843917847,0.6828560829162598],"EasingStyle":"Linear","EasingDirection":"In"},"Head":{"Weight":1,"CFrame":[8.195638656616211e-8,-3.725290298461914e-9,-5.960464477539063e-7,0.5228455066680908,-0.8362557888031006,0.16525377333164216,0.8502591252326965,0.5254402756690979,-0.03117438778281212,-0.0607612244784832,0.15680792927742005,0.9857583045959473],"EasingStyle":"Linear","EasingDirection":"In"},"Torso":{"Weight":1,"CFrame":[-0.0815216675400734,0.01563960313796997,-0.40265774726867678,0.799507737159729,0.6005498766899109,0.011283247731626034,-0.6006343364715576,0.7991793155670166,0.023472752422094346,0.005079221446067095,-0.025543758645653726,0.9996607899665833],"EasingStyle":"Linear","EasingDirection":"In"},"HumanoidRootPart":{"Weight":0,"CFrame":[0,0,0,1,0,0,0,1,0,0,0,1],"EasingStyle":"Linear","EasingDirection":"In"},"Right Leg":{"Weight":1,"CFrame":[1.1201056241989136,0.21738922595977784,-0.20859068632125855,0.8863600492477417,0.4250454008579254,0.18358182907104493,-0.4381817579269409,0.8981612324714661,0.03610074520111084,-0.14954164624214173,-0.11244042962789536,0.9823414087295532],"EasingStyle":"Linear","EasingDirection":"In"}}},{"Time":0.23541666567325593,"poses":{"Left Leg":{"Weight":1,"CFrame":[-0.42924660444259646,0.09048789739608765,0.09106945991516113,0.7545245289802551,-0.6402194499969482,0.14426136016845704,0.5171223878860474,0.71534663438797,0.46996167302131655,-0.4040757715702057,-0.2799969017505646,0.8708184957504273],"EasingStyle":"Linear","EasingDirection":"In"},"Right Arm":{"Weight":1,"CFrame":[-0.10950746387243271,-0.3000374436378479,-0.07449579238891602,0.6689974665641785,0.4081389307975769,-0.6211802959442139,-0.33565691113471987,0.9115683436393738,0.23743964731693269,0.6631567478179932,0.04965699836611748,0.7468316555023193],"EasingStyle":"Linear","EasingDirection":"In"},"Left Arm":{"Weight":1,"CFrame":[-0.4408966600894928,-0.3945169448852539,-0.4111628532409668,0.4590807855129242,0.5101292729377747,-0.7273327708244324,-0.8173878192901611,0.5632665753364563,-0.12086383998394013,0.34802618622779848,0.6499991416931152,0.67555832862854],"EasingStyle":"Linear","EasingDirection":"In"},"Head":{"Weight":1,"CFrame":[7.450580596923828e-8,3.725290298461914e-9,0,0.5228456258773804,-0.8362558484077454,0.16525375843048097,0.8502591848373413,0.5254403352737427,-0.031174398958683015,-0.060761235654354098,0.15680795907974244,0.9857582449913025],"EasingStyle":"Linear","EasingDirection":"In"},"Torso":{"Weight":1,"CFrame":[-0.06497165560722351,0.01625770702958107,-0.3963034152984619,0.8196678161621094,0.5727254748344421,0.01141324546188116,-0.5728247761726379,0.8193432688713074,0.02341763861477375,0.004060510545969009,-0.02573247440159321,0.9996606111526489],"EasingStyle":"Linear","EasingDirection":"In"},"HumanoidRootPart":{"Weight":0,"CFrame":[0,0,0,1,0,0,0,1,0,0,0,1],"EasingStyle":"Linear","EasingDirection":"In"},"Right Leg":{"Weight":1,"CFrame":[1.1027008295059205,0.21250861883163453,-0.1698974370956421,0.8908340334892273,0.42920297384262087,0.1489941030740738,-0.43949228525161745,0.897209644317627,0.043150704354047778,-0.11515843123197556,-0.10392188280820847,0.9878961443901062],"EasingStyle":"Linear","EasingDirection":"In"}}},{"Time":0.2645833194255829,"poses":{"Left Leg":{"Weight":1,"CFrame":[-0.564736008644104,0.051861584186553958,0.0935671329498291,0.7533705830574036,-0.6490821242332459,0.1054726392030716,0.5549781918525696,0.7136132121086121,0.4274995028972626,-0.3527491092681885,-0.26353102922439577,0.8978416919708252],"EasingStyle":"Linear","EasingDirection":"In"},"Right Arm":{"Weight":1,"CFrame":[-0.1095074862241745,-0.30003732442855837,-0.06237649917602539,0.6962206363677979,0.3200843334197998,-0.6425129175186157,-0.22423824667930604,0.9472655057907105,0.22892215847969056,0.6819047331809998,-0.01530422642827034,0.7312809228897095],"EasingStyle":"Linear","EasingDirection":"In"},"Left Arm":{"Weight":1,"CFrame":[-0.366046279668808,-0.40308618545532229,-0.3160362243652344,0.4768400490283966,0.48159337043762209,-0.7353172302246094,-0.7909477949142456,0.6000134944915772,-0.11993872374296189,0.38343873620033266,0.6387891173362732,0.6670258641242981],"EasingStyle":"Linear","EasingDirection":"In"},"Head":{"Weight":1,"CFrame":[9.033828973770142e-8,7.450580596923828e-9,1.1920928955078126e-7,0.5228455662727356,-0.8362558484077454,0.16525375843048097,0.8502591848373413,0.5254403352737427,-0.03117438033223152,-0.060761239379644397,0.15680794417858125,0.9857582449913025],"EasingStyle":"Linear","EasingDirection":"In"},"Torso":{"Weight":1,"CFrame":[-0.049272358417510989,0.01673879846930504,-0.3839297294616699,0.842717170715332,0.5382364988327026,0.011373809538781643,-0.5383481383323669,0.8423964381217957,0.023444578051567079,0.0030374713242053987,-0.02588021568953991,0.9996604323387146],"EasingStyle":"Linear","EasingDirection":"In"},"HumanoidRootPart":{"Weight":0,"CFrame":[0,0,0,1,0,0,0,1,0,0,0,1],"EasingStyle":"Linear","EasingDirection":"In"},"Right Leg":{"Weight":1,"CFrame":[1.074966549873352,0.20259886980056764,-0.12330836057662964,0.8950581550598145,0.432870090007782,0.10721094906330109,-0.4396779537200928,0.8967660665512085,0.04993966966867447,-0.07452570647001267,-0.09183722734451294,0.9929813146591187],"EasingStyle":"Linear","EasingDirection":"In"}}},{"Time":0.2941666543483734,"poses":{"Left Leg":{"Weight":1,"CFrame":[-0.667310893535614,0.027905821800231935,0.07021677494049072,0.7664089798927307,-0.639426052570343,0.061249326914548877,0.5742178559303284,0.7247309684753418,0.3808397948741913,-0.2879084646701813,-0.2567087709903717,0.9226102232933044],"EasingStyle":"Linear","EasingDirection":"In"},"Right Arm":{"Weight":1,"CFrame":[-0.10950741171836853,-0.30003732442855837,-0.04748052358627319,0.7222304940223694,0.1869426667690277,-0.6659095883369446,-0.08068150281906128,0.9789787530899048,0.18732599914073945,0.6869307160377502,-0.08156595379114151,0.7221311330795288],"EasingStyle":"Linear","EasingDirection":"In"},"Left Arm":{"Weight":1,"CFrame":[-0.2875085473060608,-0.3672471046447754,-0.24094617366790772,0.4816637635231018,0.47246053814888,-0.738092839717865,-0.7798759937286377,0.6152613162994385,-0.11509574204683304,0.3997417688369751,0.631058394908905,0.6648097038269043],"EasingStyle":"Linear","EasingDirection":"In"},"Head":{"Weight":1,"CFrame":[8.475035429000855e-8,5.587935447692871e-9,0,0.5228455662727356,-0.8362558484077454,0.16525378823280335,0.8502591848373413,0.5254403948783875,-0.031174395233392717,-0.060761239379644397,0.15680792927742005,0.9857582449913025],"EasingStyle":"Linear","EasingDirection":"In"},"Torso":{"Weight":1,"CFrame":[-0.03873869776725769,0.01685011014342308,-0.3635289669036865,0.865984320640564,0.49994948506355288,0.011029503308236599,-0.5000661015510559,0.8656657338142395,0.023596106097102166,0.0022489973343908788,-0.02594934031367302,0.9996607303619385],"EasingStyle":"Linear","EasingDirection":"In"},"HumanoidRootPart":{"Weight":0,"CFrame":[0,0,0,1,0,0,0,1,0,0,0,1],"EasingStyle":"Linear","EasingDirection":"In"},"Right Leg":{"Weight":1,"CFrame":[1.0347775220870972,0.18628382682800294,-0.0737641453742981,0.8986508846282959,0.43423280119895937,0.062197405844926837,-0.4374867379665375,0.8975667953491211,0.05458289757370949,-0.032124653458595279,-0.07626163959503174,0.9965702891349793],"EasingStyle":"Linear","EasingDirection":"In"}}},{"Time":0.32333332300186159,"poses":{"Left Leg":{"Weight":1,"CFrame":[-0.6628779172897339,0.039731383323669437,0.03536081314086914,0.8004359006881714,-0.5989229679107666,0.024363551288843156,0.5495926141738892,0.7495189905166626,0.36901161074638369,-0.23927050828933717,-0.28198006749153139,0.9291054606437683],"EasingStyle":"Linear","EasingDirection":"In"},"Right Arm":{"Weight":1,"CFrame":[-0.11094129085540772,-0.2788500487804413,-0.033151447772979739,0.7487218976020813,0.04213125631213188,-0.6615440249443054,0.05172941833734512,0.9912213683128357,0.12167348712682724,0.6608628630638123,-0.12532086670398713,0.7399697303771973],"EasingStyle":"Linear","EasingDirection":"In"},"Left Arm":{"Weight":1,"CFrame":[-0.2119843065738678,-0.2927335202693939,-0.18883752822875977,0.47488656640052798,0.48718464374542239,-0.7328941226005554,-0.7863787412643433,0.6087794899940491,-0.1048618033528328,0.39508405327796938,0.6261298060417175,0.6722130179405212],"EasingStyle":"Linear","EasingDirection":"In"},"Head":{"Weight":1,"CFrame":[8.42846930027008e-8,1.0244548320770264e-8,3.5762786865234377e-7,0.5465775728225708,-0.8213697075843811,0.16311027109622956,0.8353556394577026,0.5484250783920288,-0.03756316751241684,-0.05860050395131111,0.15678627789020539,0.9858925342559815],"EasingStyle":"Linear","EasingDirection":"In"},"Torso":{"Weight":1,"CFrame":[-0.033013857901096347,0.016522709280252458,-0.3336036205291748,0.8890687823295593,0.45765846967697146,0.010276599787175656,-0.45777085423469546,0.8887565732002258,0.023614823818206788,0.0016741298604756594,-0.02569952793419361,0.999668300151825],"EasingStyle":"Linear","EasingDirection":"In"},"HumanoidRootPart":{"Weight":0,"CFrame":[0,0,0,1,0,0,0,1,0,0,0,1],"EasingStyle":"Linear","EasingDirection":"In"},"Right Leg":{"Weight":1,"CFrame":[0.9789491891860962,0.16525131464004517,-0.026221871376037599,0.9030159711837769,0.4292620122432709,0.017216267064213754,-0.42951157689094546,0.9012451171875,0.05724690854549408,0.009057868272066117,-0.05908948555588722,0.9982116222381592],"EasingStyle":"Linear","EasingDirection":"In"}}},{"Time":0.3529166579246521,"poses":{"Left Leg":{"Weight":1,"CFrame":[-0.6412004828453064,0.055317580699920657,0.008829474449157715,0.8354641795158386,-0.5495439171791077,-0.000848611700348556,0.5142643451690674,0.7812827825546265,0.3537369668483734,-0.1937311291694641,-0.29597100615501406,0.9353445768356323],"EasingStyle":"Linear","EasingDirection":"In"},"Right Arm":{"Weight":1,"CFrame":[-0.11486512422561646,-0.22134378552436829,-0.021048426628112794,0.7812278270721436,-0.13824553787708283,-0.6087455153465271,0.19829204678535462,0.9796202778816223,0.03200550377368927,0.5919150114059448,-0.14571300148963929,0.7927196621894836],"EasingStyle":"Linear","EasingDirection":"In"},"Left Arm":{"Weight":1,"CFrame":[-0.1413470208644867,-0.20183312892913819,-0.14767450094223023,0.4575880765914917,0.519385039806366,-0.7217010259628296,-0.8063144087791443,0.5845099091529846,-0.09058333933353424,0.37479379773139956,0.6233678460121155,0.6862523555755615],"EasingStyle":"Linear","EasingDirection":"In"},"Head":{"Weight":1,"CFrame":[9.313225746154785e-8,4.6566128730773929e-9,0,0.609585702419281,-0.777138352394104,0.15640108287334443,0.7909770011901856,0.6093664765357971,-0.05502678453922272,-0.05254214257001877,0.1572532057762146,0.98615962266922],"EasingStyle":"Linear","EasingDirection":"In"},"Torso":{"Weight":1,"CFrame":[-0.028726372867822648,0.01591869443655014,-0.29573607444763186,0.9121373295783997,0.40978217124938967,0.009174852631986142,-0.4098832607269287,0.9118422269821167,0.023230521008372308,0.0011534357909113169,-0.024950046092271806,0.9996880292892456],"EasingStyle":"Linear","EasingDirection":"In"},"HumanoidRootPart":{"Weight":0,"CFrame":[0,0,0,1,0,0,0,1,0,0,0,1],"EasingStyle":"Linear","EasingDirection":"In"},"Right Leg":{"Weight":1,"CFrame":[0.9070647954940796,0.14324873685836793,0.01589643955230713,0.9091336727142334,0.4156559705734253,-0.02656535618007183,-0.4136310815811157,0.9085026383399963,0.05943620949983597,0.048839736729860309,-0.04304733872413635,0.9978786110877991],"EasingStyle":"Linear","EasingDirection":"In"}}},{"Time":0.3824999928474426,"poses":{"Left Leg":{"Weight":1,"CFrame":[-0.6024935245513916,0.07229888439178467,-0.007882297039031983,0.8699786067008972,-0.49289485812187197,-0.013853717595338822,0.4685074985027313,0.8175205588340759,0.3349044620990753,-0.15374669432640077,-0.29785022139549258,0.9421502947807312],"EasingStyle":"Linear","EasingDirection":"In"},"Right Arm":{"Weight":1,"CFrame":[-0.1207115575671196,-0.13659721612930299,-0.01101011037826538,0.7969245314598084,-0.3432960510253906,-0.49705052375793459,0.36090973019599917,0.9304054975509644,-0.06395051628351212,0.4844125509262085,-0.12842662632465363,0.8653619289398193],"EasingStyle":"Linear","EasingDirection":"In"},"Left Arm":{"Weight":1,"CFrame":[-0.07626309245824814,-0.09888520836830139,-0.11608272790908814,0.43058907985687258,0.5634477138519287,-0.7050671577453613,-0.8350093960762024,0.5452026128768921,-0.07425212115049362,0.3425673842430115,0.6207099556922913,0.7052425146102905],"EasingStyle":"Linear","EasingDirection":"In"},"Head":{"Weight":1,"CFrame":[9.010545909404755e-8,-5.587935447692871e-9,-1.1920928955078126e-7,0.6974297761917114,-0.7020362019538879,0.14400334656238557,0.7153428196907044,0.6941012144088745,-0.08067294210195542,-0.04331759735941887,0.15927545726299287,0.9862834215164185],"EasingStyle":"Linear","EasingDirection":"In"},"Torso":{"Weight":1,"CFrame":[-0.02567080780863762,0.01510680466890335,-0.25253844261169436,0.9338744878768921,0.3575150966644287,0.007835677824914456,-0.35760021209716799,0.9336046576499939,0.022459283471107484,0.000714107183739543,-0.023776192218065263,0.9997170567512512],"EasingStyle":"Linear","EasingDirection":"In"},"HumanoidRootPart":{"Weight":0,"CFrame":[0,0,0,1,0,0,0,1,0,0,0,1],"EasingStyle":"Linear","EasingDirection":"In"},"Right Leg":{"Weight":1,"CFrame":[0.8205141425132752,0.12174171209335327,0.050106048583984378,0.9167686700820923,0.3935408294200897,-0.06827027350664139,-0.3898698687553406,0.9188340306282044,0.06120190769433975,0.08681447803974152,-0.029491379857063295,0.9957879185676575],"EasingStyle":"Linear","EasingDirection":"In"}}},{"Time":0.4116666615009308,"poses":{"Left Leg":{"Weight":1,"CFrame":[-0.5470998287200928,0.0879296064376831,-0.014550924301147461,0.9024546146392822,-0.4305475652217865,-0.01431188452988863,0.4131002724170685,0.8555072546005249,0.31217843294143679,-0.12216362357139588,-0.28763917088508608,0.9499157071113586],"EasingStyle":"Linear","EasingDirection":"In"},"Right Arm":{"Weight":1,"CFrame":[-0.1279137134552002,-0.033690184354782107,-0.0028751492500305177,0.7718807458877564,-0.5467572808265686,-0.32443293929100039,0.531273365020752,0.8350064754486084,-0.14322267472743989,0.34921184182167055,-0.06181176379323006,0.9350029826164246],"EasingStyle":"Linear","EasingDirection":"In"},"Left Arm":{"Weight":1,"CFrame":[-0.017399117350578309,0.0108833909034729,-0.09268766641616821,0.39496102929115298,0.6135237812995911,-0.6838087439537048,-0.8675597906112671,0.49394914507865908,-0.05791505053639412,0.3022347092628479,0.6161190867424011,0.7273593544960022],"EasingStyle":"Linear","EasingDirection":"In"},"Head":{"Weight":1,"CFrame":[8.638016879558563e-8,4.656612873077393e-10,0,0.7931084632873535,-0.5961374640464783,0.12489598989486695,0.6082385778427124,0.7859594821929932,-0.11096653342247009,-0.03201187029480934,0.1639750450849533,0.9859450459480286],"EasingStyle":"Linear","EasingDirection":"In"},"Torso":{"Weight":1,"CFrame":[-0.02364371344447136,0.014119837433099747,-0.20662379264831544,0.953210175037384,0.3022414743900299,0.0063722203485667709,-0.30230847001075747,0.9529715180397034,0.02132628858089447,0.00037314582732506096,-0.022254807874560357,0.9997522830963135],"EasingStyle":"Linear","EasingDirection":"In"},"HumanoidRootPart":{"Weight":0,"CFrame":[0,0,0,1,0,0,0,1,0,0,0,1],"EasingStyle":"Linear","EasingDirection":"In"},"Right Leg":{"Weight":1,"CFrame":[0.7211728692054749,0.10186052322387696,0.07449507713317871,0.9255131483078003,0.36327728629112246,-0.10702875256538391,-0.35838082432746889,0.9314757585525513,0.06257843971252442,0.12242793291807175,-0.01956012472510338,0.9922847151756287],"EasingStyle":"Linear","EasingDirection":"In"}}},{"Time":0.4412499964237213,"poses":{"Left Leg":{"Weight":1,"CFrame":[-0.4754253923892975,0.09943681955337525,-0.012427568435668946,0.9314113259315491,-0.3639620244503021,-0.0020756565500050785,0.34940382838249209,0.8925290703773499,0.2851475179195404,-0.10193048417568207,-0.2663150131702423,0.9584814310073853],"EasingStyle":"Linear","EasingDirection":"In"},"Right Arm":{"Weight":1,"CFrame":[-0.13590459525585175,0.07829666137695313,0.0035175085067749025,0.69310063123703,-0.7125912308692932,-0.10874462127685547,0.6903988718986511,0.6996104717254639,-0.18410474061965943,0.20727036893367768,0.05252600833773613,0.9768726229667664],"EasingStyle":"Linear","EasingDirection":"In"},"Left Arm":{"Weight":1,"CFrame":[0.034578487277030948,0.1214783787727356,-0.07611513137817383,0.3527442216873169,0.6640282273292542,-0.6592708826065064,-0.8994816541671753,0.43480539321899416,-0.043326493352651599,0.25788450241088869,0.608285129070282,0.7506563067436218],"EasingStyle":"Linear","EasingDirection":"In"},"Head":{"Weight":1,"CFrame":[8.806819096207619e-8,5.587935447692871e-9,4.76837158203125e-7,0.8794599771499634,-0.46549513936042788,0.09932005405426026,0.47554686665534975,0.868157148361206,-0.1419803947210312,-0.020134247839450837,0.17209738492965699,0.9848742485046387],"EasingStyle":"Linear","EasingDirection":"In"},"Torso":{"Weight":1,"CFrame":[-0.022446099668741227,0.01297122985124588,-0.16060495376586915,0.9693812131881714,0.24551233649253846,0.004892655648291111,-0.24556106328964234,0.9691774845123291,0.019870292395353318,0.00013654964277520776,-0.020463334396481515,0.999790608882904],"EasingStyle":"Linear","EasingDirection":"In"},"HumanoidRootPart":{"Weight":0,"CFrame":[0,0,0,1,0,0,0,1,0,0,0,1],"EasingStyle":"Linear","EasingDirection":"In"},"Right Leg":{"Weight":1,"CFrame":[0.6112518310546875,0.08433610200881958,0.08788597583770752,0.9348445534706116,0.3254280984401703,-0.14199408888816834,-0.3194658160209656,0.9454619288444519,0.06358745694160462,0.1549430936574936,-0.014082212932407856,0.9878230690956116],"EasingStyle":"Linear","EasingDirection":"In"}}},{"Time":0.4704166650772095,"poses":{"Left Leg":{"Weight":1,"CFrame":[-0.388254851102829,0.10441833734512329,-0.004316747188568115,0.955361545085907,-0.29456013441085818,0.022775083780288698,0.2794889807701111,0.9260809421539307,0.2534957528114319,-0.09576141089200974,-0.2358146756887436,0.9670684337615967],"EasingStyle":"Linear","EasingDirection":"In"},"Right Arm":{"Weight":1,"CFrame":[-0.14411699771881104,0.1902831792831421,0.008329510688781739,0.5699127316474915,-0.8138207197189331,0.11355818808078766,0.8174937963485718,0.5475772023200989,-0.17850276827812196,0.08308746665716171,0.19456416368484498,0.9773645401000977],"EasingStyle":"Linear","EasingDirection":"In"},"Left Arm":{"Weight":1,"CFrame":[0.07900308072566986,0.22635269165039063,-0.06499028205871582,0.3072376251220703,0.7102258801460266,-0.6333910226821899,-0.9273204207420349,0.37292811274528506,-0.0316464826464653,0.2137332409620285,0.5970793962478638,0.7731845378875732],"EasingStyle":"Linear","EasingDirection":"In"},"Head":{"Weight":1,"CFrame":[9.085169949685224e-8,-3.026798367500305e-9,1.1920928955078126e-7,0.9437219500541687,-0.32337814569473269,0.06939352303743363,0.3306080102920532,0.9282740950584412,-0.17031031847000123,-0.009341592900454998,0.1836676150560379,0.9829440116882324],"EasingStyle":"Linear","EasingDirection":"In"},"Torso":{"Weight":1,"CFrame":[-0.021885361522436143,0.011668242514133454,-0.11709403991699219,0.9819705486297607,0.18900176882743836,0.0034939018078148367,-0.18903407454490663,0.9818028807640076,0.018145419657230378,-8.061069820541889e-7,-0.01847873069345951,0.9998293519020081],"EasingStyle":"Linear","EasingDirection":"In"},"HumanoidRootPart":{"Weight":0,"CFrame":[0,0,0,1,0,0,0,1,0,0,0,1],"EasingStyle":"Linear","EasingDirection":"In"},"Right Leg":{"Weight":1,"CFrame":[0.4934089779853821,0.06956082582473755,0.08998799324035645,0.9441579580307007,0.28082290291786196,-0.1723499298095703,-0.2737079858779907,0.9596650004386902,0.06424276530742645,0.18343888223171235,-0.013481865637004376,0.9829387068748474],"EasingStyle":"Linear","EasingDirection":"In"}}},{"Time":0.5,"poses":{"Left Leg":{"Weight":1,"CFrame":[-0.2878759801387787,0.10126858949661255,0.005620360374450684,0.9727019667625427,-0.2242053896188736,0.05985754728317261,0.206537663936615,0.954032301902771,0.21717405319213868,-0.10579760372638703,-0.19888284802436829,0.974295973777771],"EasingStyle":"Linear","EasingDirection":"In"},"Right Arm":{"Weight":1,"CFrame":[-0.15198391675949098,0.2931893467903137,0.011722087860107422,0.4307383596897125,-0.849271297454834,0.3052913546562195,0.9024422764778137,0.40829524397850039,-0.1374526470899582,-0.007914423011243344,0.33471399545669558,0.9422865509986877],"EasingStyle":"Linear","EasingDirection":"In"},"Left Arm":{"Weight":1,"CFrame":[0.11520817130804062,0.3187152147293091,-0.05793893337249756,0.26285719871520998,0.7486999034881592,-0.608567476272583,-0.9490454792976379,0.31427881121635439,-0.023272749036550523,0.17383554577827454,0.5836758017539978,0.7931607961654663],"EasingStyle":"Linear","EasingDirection":"In"},"Head":{"Weight":1,"CFrame":[8.776260074228048e-8,-3.026798367500305e-9,-1.7881393432617188e-7,0.9815052151679993,-0.18746156990528108,0.038804806768894199,0.19143348932266236,0.962113618850708,-0.19414108991622926,-0.0009406329481862485,0.19797904789447785,0.9802058339118958],"EasingStyle":"Linear","EasingDirection":"In"},"Torso":{"Weight":1,"CFrame":[-0.02177705243229866,0.010221872478723526,-0.07870316505432129,0.9909172654151917,0.1344543993473053,0.002256326377391815,-0.13447332382202149,0.9907844662666321,0.016220634803175927,-0.000054597276175627488,-0.01637672260403633,0.9998658895492554],"EasingStyle":"Linear","EasingDirection":"In"},"HumanoidRootPart":{"Weight":0,"CFrame":[0,0,0,1,0,0,0,1,0,0,0,1],"EasingStyle":"Linear","EasingDirection":"In"},"Right Leg":{"Weight":1,"CFrame":[0.3709956407546997,0.05766171216964722,0.08155989646911621,0.9528119564056397,0.23068971931934358,-0.19731104373931886,-0.2221762090921402,0.9728668928146362,0.06455869972705841,0.20685048401355744,-0.017674533650279046,0.9782128930091858],"EasingStyle":"Linear","EasingDirection":"In"}}},{"Time":0.5295833349227905,"poses":{"Left Leg":{"Weight":1,"CFrame":[-0.18230992555618287,0.08968418836593628,0.01293957233428955,0.9815880656242371,-0.15727919340133668,0.10838929563760758,0.13669034838676454,0.9747560620307922,0.1765402853488922,-0.1334192007780075,-0.15847402811050416,0.9783073663711548],"EasingStyle":"Linear","EasingDirection":"In"},"Right Arm":{"Weight":1,"CFrame":[-0.158938467502594,0.3779360055923462,0.013856291770935059,0.30706480145454409,-0.840831458568573,0.44577303528785708,0.9494601488113403,0.3026970326900482,-0.08306601643562317,-0.0650896355509758,0.44875040650367739,0.8912836313247681],"EasingStyle":"Linear","EasingDirection":"In"},"Left Arm":{"Weight":1,"CFrame":[0.14252734184265138,0.3918870687484741,-0.053586363792419437,0.22469815611839295,0.7774617075920105,-0.5874213576316834,-0.9640511870384216,0.26511430740356448,-0.01788213849067688,0.1418311893939972,0.5703223943710327,0.8090836405754089],"EasingStyle":"Linear","EasingDirection":"In"},"Head":{"Weight":1,"CFrame":[8.704955689609051e-8,1.280568540096283e-9,-2.384185791015625e-7,0.9971096515655518,-0.07504725456237793,0.011846669018268586,0.07584331184625626,0.9739570617675781,-0.21367163956165315,0.00449732132256031,0.21395252645015717,0.976833701133728],"EasingStyle":"Linear","EasingDirection":"In"},"Torso":{"Weight":1,"CFrame":[-0.021946558728814126,0.008653771132230759,-0.048044681549072269,0.9964961409568787,0.08362989872694016,0.0012399391271173955,-0.08363907039165497,0.9963952898979187,0.01417720690369606,-0.000049831167416414249,-0.014231237582862378,0.9998987317085266],"EasingStyle":"Linear","EasingDirection":"In"},"HumanoidRootPart":{"Weight":0,"CFrame":[0,0,0,1,0,0,0,1,0,0,0,1],"EasingStyle":"Linear","EasingDirection":"In"},"Right Leg":{"Weight":1,"CFrame":[0.2500458061695099,0.04865455627441406,0.0649179220199585,0.9600685834884644,0.177658811211586,-0.21611520648002625,-0.1675095111131668,0.9837545156478882,0.06455769389867783,0.22407357394695283,-0.02577836811542511,0.9742312431335449],"EasingStyle":"Linear","EasingDirection":"In"}}},{"Time":0.5587499737739563,"poses":{"Left Leg":{"Weight":1,"CFrame":[-0.09467330574989319,0.07150554656982422,0.016736984252929689,0.9802850484848023,-0.1054273322224617,0.16711227595806123,0.08364520221948624,0.9876571893692017,0.13242654502391816,-0.1790110319852829,-0.11583761870861054,0.9770039916038513],"EasingStyle":"Linear","EasingDirection":"In"},"Right Arm":{"Weight":1,"CFrame":[-0.16441336274147035,0.43544238805770876,0.014893531799316407,0.2215367555618286,-0.8174242377281189,0.5317321419715881,0.9702887535095215,0.23916828632354737,-0.036583829671144488,-0.09726888686418534,0.5240384340286255,0.846122145652771],"EasingStyle":"Linear","EasingDirection":"In"},"Left Arm":{"Weight":1,"CFrame":[0.16029396653175355,0.4396636486053467,-0.05055844783782959,0.19803090393543244,0.7955816388130188,-0.5725675821304321,-0.9727111458778381,0.2315549999475479,-0.0146812554448843,0.12090077996253967,0.5598500967025757,0.81