{"Sequence":[{"Time":0,"poses":{"Left Leg":{"Weight":1,"CFrame":[-0.2864592373371124,0.27445656061172488,0.1731628179550171,0.8956107497215271,-0.023531509563326837,0.4442157447338104,-0.02480592578649521,0.9944041967391968,0.10268951952457428,-0.44414645433425906,-0.10298888385295868,0.8900154232978821],"EasingStyle":"Linear","EasingDirection":"In"},"Right Arm":{"Weight":1,"CFrame":[0.12080249190330506,0.5404084920883179,0.2231529951095581,-0.49458324909210207,-0.49367275834083559,-0.7153146266937256,0.1932462602853775,-0.8648841381072998,0.4632832109928131,-0.847374439239502,0.09090019017457962,0.5231573581695557],"EasingStyle":"Linear","EasingDirection":"In"},"Left Arm":{"Weight":1,"CFrame":[-0.12080249190330506,0.5404084920883179,0.2231532335281372,-0.4945826530456543,0.49367281794548037,0.7153148651123047,-0.19324609637260438,-0.864884078502655,0.4632832705974579,0.8473747968673706,0.09089995175600052,0.523157000541687],"EasingStyle":"Linear","EasingDirection":"In"},"Head":{"Weight":1,"CFrame":[8.195638656616211e-8,2.9802322387695315e-8,0,0.8759164810180664,0.4670112729072571,-0.12112291902303696,-0.4666367173194885,0.8838256001472473,0.03320368379354477,0.12255800515413284,0.02743677794933319,0.9920820593833923],"EasingStyle":"Linear","EasingDirection":"In"},"Torso":{"Weight":1,"CFrame":[0.07624197006225586,-0.06592915952205658,-0.14227938652038575,0.8917629718780518,-0.4360606074333191,0.1208718866109848,0.44827285408973696,0.8877649903297424,-0.10452233254909516,-0.06172773987054825,0.14739270508289338,0.9871500730514526],"EasingStyle":"Linear","EasingDirection":"In"},"HumanoidRootPart":{"Weight":1,"CFrame":[0,0,0,1,0,0,0,1,0,0,0,1],"EasingStyle":"Linear","EasingDirection":"In"},"Right Leg":{"Weight":1,"CFrame":[0.21569833159446717,0.1003262996673584,0.1396561861038208,0.9031126499176025,0.1321132928133011,-0.4085751175880432,-0.11844206601381302,0.9912238717079163,0.05870966613292694,0.41274556517601015,-0.004629061557352543,0.9108346104621887],"EasingStyle":"Linear","EasingDirection":"In"}}},{"Time":0.016949152573943139,"poses":{"Left Leg":{"Weight":1,"CFrame":[-0.2925046980381012,0.28168708086013796,0.17623460292816163,0.8953341841697693,-0.020970460027456285,0.44490107893943789,-0.026916353031992914,0.9945177435874939,0.101044662296772,-0.44458118081092837,-0.10244396328926087,0.8898612260818481],"EasingStyle":"Linear","EasingDirection":"In"},"Right Arm":{"Weight":1,"CFrame":[0.12424793839454651,0.5340627431869507,0.21780920028686524,-0.49931448698043826,-0.5028469562530518,-0.7055707573890686,0.19972138106822968,-0.8592199683189392,0.4710119962692261,-0.8430874943733215,0.09426549077033997,0.5294504165649414],"EasingStyle":"Linear","EasingDirection":"In"},"Left Arm":{"Weight":1,"CFrame":[-0.12187574803829193,0.5322228670120239,0.22115159034729005,-0.49269622564315798,0.49999362230300906,0.7122197151184082,-0.2022024542093277,-0.8618316650390625,0.465145468711853,0.846383273601532,0.08516278117895127,0.5257211923599243],"EasingStyle":"Linear","EasingDirection":"In"},"Head":{"Weight":1,"CFrame":[1.2665987014770509e-7,4.470348358154297e-8,2.384185791015625e-7,0.8760584592819214,0.46677330136299136,-0.12101336568593979,-0.465876042842865,0.884060800075531,0.03736216574907303,0.1244228258728981,0.023645808920264245,0.9919474720954895],"EasingStyle":"Linear","EasingDirection":"In"},"Torso":{"Weight":1,"CFrame":[0.07499447464942932,-0.06886771321296692,-0.1478283405303955,0.8917629718780518,-0.43542012572288515,0.12315919995307923,0.44827285408973696,0.8872040510177612,-0.1091809943318367,-0.06172773614525795,0.15257248282432557,0.9863626956939697],"EasingStyle":"Linear","EasingDirection":"In"},"HumanoidRootPart":{"Weight":1,"CFrame":[0,0,0,1,0,0,0,1,0,0,0,1],"EasingStyle":"Linear","EasingDirection":"In"},"Right Leg":{"Weight":1,"CFrame":[0.23365378379821778,0.10459667444229126,0.14536547660827638,0.9046369194984436,0.1339840292930603,-0.4045743942260742,-0.12182236462831497,0.9909827709197998,0.05578911677002907,0.4084009826183319,-0.0011826857225969434,0.9128018021583557],"EasingStyle":"Linear","EasingDirection":"In"}}},{"Time":0.033898305147886279,"poses":{"Left Leg":{"Weight":1,"CFrame":[-0.3085729777812958,0.3032945990562439,0.1846330165863037,0.894487738609314,-0.01251784898340702,0.4469176232814789,-0.03410232439637184,0.9947856068611145,0.09611846506595612,-0.44579020142555239,-0.10121782124042511,0.8893964886665344],"EasingStyle":"Linear","EasingDirection":"In"},"Right Arm":{"Weight":1,"CFrame":[0.1345140039920807,0.5151537656784058,0.2018871307373047,-0.5128982663154602,-0.5299134850502014,-0.6753720045089722,0.21952928602695466,-0.8415400981903076,0.4935757517814636,-0.8299050331115723,0.10489014536142349,0.5479559302330017],"EasingStyle":"Linear","EasingDirection":"In"},"Left Arm":{"Weight":1,"CFrame":[-0.12507367134094239,0.5078321695327759,0.21518731117248536,-0.48666441440582278,0.5187610387802124,0.7028834223747253,-0.2288893759250641,-0.8522037267684937,0.47048741579055788,0.8430703282356262,0.06808680295944214,0.533475935459137],"EasingStyle":"Linear","EasingDirection":"In"},"Head":{"Weight":1,"CFrame":[3.725290298461914e-8,5.21540641784668e-8,5.960464477539063e-7,0.8764818906784058,0.4660605788230896,-0.1206936314702034,-0.4635607898235321,0.8846668004989624,0.049759864807128909,0.12996473908424378,0.01233522966504097,0.9914419054985046],"EasingStyle":"Linear","EasingDirection":"In"},"Torso":{"Weight":1,"CFrame":[0.07127019762992859,-0.07762351632118225,-0.16446614265441895,0.8917629718780518,-0.43343788385391238,0.12996326386928559,0.44827285408973696,0.8853853344917297,-0.12306220084428787,-0.06172774359583855,0.16800130903720857,0.9838522672653198],"EasingStyle":"Linear","EasingDirection":"In"},"HumanoidRootPart":{"Weight":1,"CFrame":[0,0,0,1,0,0,0,1,0,0,0,1],"EasingStyle":"Linear","EasingDirection":"In"},"Right Leg":{"Weight":1,"CFrame":[0.28342723846435549,0.11804646253585816,0.15982329845428468,0.9093903303146362,0.1377745270729065,-0.3924635648727417,-0.12961965799331666,0.990432858467102,0.04734575375914574,0.39523181319236758,0.007815263234078884,0.9185481071472168],"EasingStyle":"Linear","EasingDirection":"In"}}},{"Time":0.050847455859184268,"poses":{"Left Leg":{"Weight":1,"CFrame":[-0.3301675021648407,0.33946436643600466,0.19664514064788819,0.8929492831230164,0.003227745648473501,0.45014578104019167,-0.04793242737650871,0.9949711561203003,0.08794887363910675,-0.44759833812713625,-0.10011029243469238,0.8886133432388306],"EasingStyle":"Linear","EasingDirection":"In"},"Right Arm":{"Weight":1,"CFrame":[0.15139204263687135,0.48406559228897097,0.17571020126342774,-0.533379077911377,-0.5733020305633545,-0.6219580173492432,0.2537102997303009,-0.8098576068878174,0.528924822807312,-0.8069311380386353,0.12432032823562622,0.5774138569831848],"EasingStyle":"Linear","EasingDirection":"In"},"Left Arm":{"Weight":1,"CFrame":[-0.1303313672542572,0.4677307605743408,0.20538246631622315,-0.47540026903152468,0.5493410229682922,0.6871820688247681,-0.27268683910369875,-0.8346342444419861,0.47856801748275759,0.836442768573761,0.04012579843401909,0.5465834736824036],"EasingStyle":"Linear","EasingDirection":"In"},"Head":{"Weight":1,"CFrame":[1.341104507446289e-7,2.2351741790771486e-8,0,0.8771794438362122,0.46487730741500857,-0.12018951028585434,-0.4595959484577179,0.8853527903556824,0.07015817612409592,0.13902504742145539,-0.006302687805145979,0.9902688264846802],"EasingStyle":"Linear","EasingDirection":"In"},"Torso":{"Weight":1,"CFrame":[0.06512036919593811,-0.09201127290725708,-0.19215726852416993,0.8917629718780518,-0.42993929982185366,0.14110660552978517,0.44827285408973696,0.8819142580032349,-0.14587217569351197,-0.06172774359583855,0.19333761930465699,0.9791886806488037],"EasingStyle":"Linear","EasingDirection":"In"},"HumanoidRootPart":{"Weight":1,"CFrame":[0,0,0,1,0,0,0,1,0,0,0,1],"EasingStyle":"Linear","EasingDirection":"In"},"Right Leg":{"Weight":1,"CFrame":[0.3567392826080322,0.1427629590034485,0.1773146390914917,0.9176186919212341,0.14006730914115907,-0.3719639778137207,-0.1371905356645584,0.9899494647979736,0.03433449566364288,0.37303462624549868,0.019523799419403077,0.9276120066642761],"EasingStyle":"Linear","EasingDirection":"In"}}},{"Time":0.06779661029577255,"poses":{"Left Leg":{"Weight":1,"CFrame":[-0.35128140449523928,0.3901514410972595,0.21005916595458985,0.890363335609436,0.027861908078193666,0.4543972611427307,-0.07022400945425034,0.9945846796035767,0.07661572843790055,-0.44980189204216006,-0.10012555867433548,0.8874983787536621],"EasingStyle":"Linear","EasingDirection":"In"},"Right Arm":{"Weight":1,"CFrame":[0.17453819513320924,0.44143229722976687,0.13981211185455323,-0.5571392178535461,-0.6297513842582703,-0.5413034558296204,0.30359676480293276,-0.761185884475708,0.5730834603309631,-0.7729326486587524,0.15494926273822785,0.6152770519256592],"EasingStyle":"Linear","EasingDirection":"In"},"Left Arm":{"Weight":1,"CFrame":[-0.13754163682460786,0.4127381443977356,0.19193613529205323,-0.4572124779224396,0.5905239582061768,0.6650099754333496,-0.33232975006103518,-0.8070172071456909,0.4881393313407898,0.8249325156211853,0.0021807330194860698,0.5652271509170532],"EasingStyle":"Linear","EasingDirection":"In"},"Head":{"Weight":1,"CFrame":[7.450580596923828e-8,1.4901161193847657e-8,-1.1920928955078126e-7,0.8781375885009766,0.4632320702075958,-0.11954265832901001,-0.4538406431674957,0.8856616616249085,0.09814312309026718,0.15133735537528993,-0.031929828226566318,0.9879664182662964],"EasingStyle":"Linear","EasingDirection":"In"},"Torso":{"Weight":1,"CFrame":[0.056620001792907718,-0.11170428991317749,-0.2308180332183838,0.8917629718780518,-0.4246581494808197,0.15628279745578767,0.44827282428741457,0.8761789798736572,-0.17709295451641084,-0.06172772869467735,0.22798225283622743,0.9717066287994385],"EasingStyle":"Linear","EasingDirection":"In"},"HumanoidRootPart":{"Weight":1,"CFrame":[0,0,0,1,0,0,0,1,0,0,0,1],"EasingStyle":"Linear","EasingDirection":"In"},"Right Leg":{"Weight":1,"CFrame":[0.44399914145469668,0.1815868616104126,0.19141948223114015,0.9293302297592163,0.13732688128948213,-0.3427632451057434,-0.13953113555908204,0.9900476932525635,0.01835109107196331,0.34187203645706179,0.03077182173728943,0.9392426609992981],"EasingStyle":"Linear","EasingDirection":"In"}}},{"Time":0.08474576473236084,"poses":{"Left Leg":{"Weight":1,"CFrame":[-0.36527079343795779,0.454387903213501,0.22253823280334474,0.8859947323799133,0.06279786676168442,0.45942336320877077,-0.10264377295970917,0.9927685856819153,0.06224784255027771,-0.452192097902298,-0.10230819880962372,0.8860335946083069],"EasingStyle":"Linear","EasingDirection":"In"},"Right Arm":{"Weight":1,"CFrame":[0.2034812569618225,0.3881220817565918,0.09492301940917969,-0.5785727500915527,-0.6935170292854309,-0.42928770184516909,0.3700944185256958,-0.6922473907470703,0.6195350885391235,-0.726831316947937,0.19956904649734498,0.6571821570396423],"EasingStyle":"Linear","EasingDirection":"In"},"Left Arm":{"Weight":1,"CFrame":[-0.14655759930610658,0.3439731001853943,0.17512202262878419,-0.43002578616142275,0.6403465867042542,0.6364230513572693,-0.40561747550964358,-0.7668120861053467,0.4974668025970459,0.8065681457519531,-0.04422086849808693,0.5894849896430969],"EasingStyle":"Linear","EasingDirection":"In"},"Head":{"Weight":1,"CFrame":[8.940696716308594e-8,8.940696716308594e-8,3.5762786865234377e-7,0.8793370723724365,0.46114107966423037,-0.11880767345428467,-0.4461333453655243,0.8850127458572388,0.13310667872428895,0.16652727127075196,-0.06404154747724533,0.9839549660682678],"EasingStyle":"Linear","EasingDirection":"In"},"Torso":{"Weight":1,"CFrame":[0.045855700969696048,-0.13621413707733155,-0.2802746295928955,0.8917629718780518,-0.41727426648139956,0.17504583299160005,0.44827282428741457,0.8674197196960449,-0.21595022082328797,-0.06172773987054825,0.27104464173316958,0.9605855941772461],"EasingStyle":"Linear","EasingDirection":"In"},"HumanoidRootPart":{"Weight":1,"CFrame":[0,0,0,1,0,0,0,1,0,0,0,1],"EasingStyle":"Linear","EasingDirection":"In"},"Right Leg":{"Weight":1,"CFrame":[0.5363979339599609,0.23755007982254029,0.19683146476745606,0.9439342021942139,0.12699010968208314,-0.3047323226928711,-0.13282975554466248,0.9911376237869263,0.0015835387166589499,0.3022325038909912,0.03898255154490471,0.9524367451667786],"EasingStyle":"Linear","EasingDirection":"In"}}},{"Time":0.10169491171836853,"poses":{"Left Leg":{"Weight":1,"CFrame":[-0.36615467071533205,0.5300573706626892,0.23205113410949708,0.8786472082138062,0.10867432504892349,0.46493974328041079,-0.14607290923595429,0.9882470965385437,0.04505923017859459,-0.4545787572860718,-0.10750632733106613,0.8841949701309204],"EasingStyle":"Linear","EasingDirection":"In"},"Right Arm":{"Weight":1,"CFrame":[0.2376321256160736,0.3252187967300415,0.04195690155029297,-0.590152382850647,-0.7557837963104248,-0.28374525904655459,0.45257526636123659,-0.6007874608039856,0.6589611768722534,-0.6685027480125427,0.26047131419181826,0.6966052651405335],"EasingStyle":"Linear","EasingDirection":"In"},"Left Arm":{"Weight":1,"CFrame":[-0.15719586610794068,0.26283401250839236,0.15528249740600587,-0.391750305891037,0.6959484219551086,0.6018204689025879,-0.48914068937301638,-0.7115423083305359,0.5044291615486145,0.7792773842811585,-0.09676481783390045,0.619163453578949],"EasingStyle":"Linear","EasingDirection":"In"},"Head":{"Weight":1,"CFrame":[7.450580596923828e-8,1.7881393432617188e-7,0,0.8807510733604431,0.45863068103790285,-0.11804873496294022,-0.43632420897483828,0.8827597498893738,0.17423123121261598,0.1841164380311966,-0.10194683074951172,0.9776032567024231],"EasingStyle":"Linear","EasingDirection":"In"},"Torso":{"Weight":1,"CFrame":[0.032914042472839358,-0.16487336158752442,-0.3402099609375,0.8917629718780518,-0.4074643552303314,0.19680364429950715,0.44827282428741457,0.8548269867897034,-0.26138561964035036,-0.06172773241996765,0.3213157057762146,0.9449581503868103],"EasingStyle":"Linear","EasingDirection":"In"},"HumanoidRootPart":{"Weight":1,"CFrame":[0,0,0,1,0,0,0,1,0,0,0,1],"EasingStyle":"Linear","EasingDirection":"In"},"Right Leg":{"Weight":1,"CFrame":[0.625573992729187,0.3130175471305847,0.1897587776184082,0.9601189494132996,0.10729161649942398,-0.2581864297389984,-0.11458098143339157,0.993324875831604,-0.01330721378326416,0.2550353407859802,0.04235973581671715,0.9660034775733948],"EasingStyle":"Linear","EasingDirection":"In"}}},{"Time":0.11864406615495682,"poses":{"Left Leg":{"Weight":1,"CFrame":[-0.3493398129940033,0.6138186454772949,0.2370847463607788,0.8667348027229309,0.16510064899921418,0.4706513285636902,-0.20032675564289094,0.979401171207428,0.025348413735628129,-0.45677125453948977,-0.11625458300113678,0.8819552063941956],"EasingStyle":"Linear","EasingDirection":"In"},"Right Arm":{"Weight":1,"CFrame":[0.27629581093788149,0.25400471687316897,-0.018007636070251466,-0.5834389925003052,-0.8050528764724731,-0.10718704760074616,0.5476315021514893,-0.48742836713790896,0.6800829768180847,-0.5997489094734192,0.33808791637420657,0.7252572178840637],"EasingStyle":"Linear","EasingDirection":"In"},"Left Arm":{"Weight":1,"CFrame":[-0.16924028098583222,0.17097389698028565,0.13282179832458497,-0.3407948911190033,0.7535812854766846,0.5621159076690674,-0.5781795978546143,-0.6394665241241455,0.5067449808120728,0.7413280010223389,-0.15230794250965119,0.6536323428153992],"EasingStyle":"Linear","EasingDirection":"In"},"Head":{"Weight":1,"CFrame":[4.470348358154297e-8,-1.2665987014770509e-7,2.384185791015625e-7,0.8823457956314087,0.4557397961616516,-0.11733390390872956,-0.4243110418319702,0.8782631158828735,0.22048567235469819,0.20353417098522187,-0.14475858211517335,0.9683071970939636],"EasingStyle":"Linear","EasingDirection":"In"},"Torso":{"Weight":1,"CFrame":[0.01787656545639038,-0.19683164358139039,-0.4100964069366455,0.8917629718780518,-0.39496228098869326,0.22082488238811494,0.44827285408973696,0.8376606702804565,-0.3120515048503876,-0.061727721244096759,0.3772657811641693,0.9240455627441406],"EasingStyle":"Linear","EasingDirection":"In"},"HumanoidRootPart":{"Weight":1,"CFrame":[0,0,0,1,0,0,0,1,0,0,0,1],"EasingStyle":"Linear","EasingDirection":"In"},"Right Leg":{"Weight":1,"CFrame":[0.7033540606498718,0.4089016914367676,0.16801691055297852,0.9759019613265991,0.07707924395799637,-0.20414233207702638,-0.08358266204595566,0.9962256550788879,-0.023416468873620034,0.20156706869602204,0.03991520032286644,0.9786611199378967],"EasingStyle":"Linear","EasingDirection":"In"}}},{"Time":0.1355932205915451,"poses":{"Left Leg":{"Weight":1,"CFrame":[-0.31176936626434328,0.7007547616958618,0.23647809028625489,0.8484450578689575,0.2308468520641327,0.4762885868549347,-0.2643764317035675,0.9644132256507874,0.0035209644120186569,-0.4585261642932892,-0.1289069652557373,0.8792819380760193],"EasingStyle":"Linear","EasingDirection":"In"},"Right Arm":{"Weight":1,"CFrame":[0.3186846375465393,0.17592781782150269,-0.08375036716461182,-0.551356852054596,-0.8292938470840454,0.09098092466592789,0.6484078764915466,-0.357346773147583,0.6722129583358765,-0.5249502658843994,0.4296218454837799,0.7347463965415955],"EasingStyle":"Linear","EasingDirection":"In"},"Left Arm":{"Weight":1,"CFrame":[-0.18244478106498719,0.07026255130767822,0.10819637775421143,-0.27664509415626528,0.8088782429695129,0.5188292264938355,-0.666944146156311,-0.5503106713294983,0.5023379921913147,0.6918476223945618,-0.20706085860729218,0.6917173862457275],"EasingStyle":"Linear","EasingDirection":"In"},"Head":{"Weight":1,"CFrame":[5.960464477539063e-8,2.2351741790771486e-8,1.1920928955078126e-7,0.8840802311897278,0.4525221884250641,-0.11672984063625336,-0.4100774824619293,0.8709702491760254,0.27064257860183718,0.2241400182247162,-0.19140149652957917,0.9555766582489014],"EasingStyle":"Linear","EasingDirection":"In"},"Torso":{"Weight":1,"CFrame":[0.0008245110511779785,-0.23107576370239259,-0.48912501335144045,0.8917629718780518,-0.3796220123767853,0.2462640404701233,0.44827285408973696,0.8153806924819946,-0.366341233253479,-0.06172773241996765,0.43708300590515139,0.8973004817962647],"EasingStyle":"Linear","EasingDirection":"In"},"HumanoidRootPart":{"Weight":1,"CFrame":[0,0,0,1,0,0,0,1,0,0,0,1],"EasingStyle":"Linear","EasingDirection":"In"},"Right Leg":{"Weight":1,"CFrame":[0.7617667317390442,0.5238434076309204,0.13098359107971192,0.9888647198677063,0.03566533327102661,-0.14448070526123048,-0.03981781378388405,0.9988700151443481,-0.02594980038702488,0.14339181780815125,0.03141351416707039,0.989167332649231],"EasingStyle":"Linear","EasingDirection":"In"}}},{"Time":0.1525423675775528,"poses":{"Left Leg":{"Weight":1,"CFrame":[-0.25280553102493288,0.785372257232666,0.22970008850097657,0.8221192359924316,0.3035554885864258,0.48163700103759768,-0.33601248264312746,0.9416465163230896,-0.01993122138082981,-0.45958206057548525,-0.14545032382011414,0.8761441111564636],"EasingStyle":"Linear","EasingDirection":"In"},"Right Arm":{"Weight":1,"CFrame":[0.36393630504608157,0.09257841110229492,-0.15393280982971192,-0.49111366271972659,-0.8197256326675415,0.29471585154533389,0.7454476356506348,-0.2204480767250061,0.6290549039840698,-0.45068293809890749,0.528632640838623,0.7193277478218079],"EasingStyle":"Linear","EasingDirection":"In"},"Left Arm":{"Weight":1,"CFrame":[-0.19654116034507752,-0.03725004196166992,0.0819084644317627,-0.20031669735908509,0.8574259281158447,0.47401919960975649,-0.7492464780807495,-0.44581136107444765,0.489777147769928,0.6312708258628845,-0.25704681873321535,0.7317268252372742],"EasingStyle":"Linear","EasingDirection":"In"},"Head":{"Weight":1,"CFrame":[1.043081283569336e-7,-1.7881393432617188e-7,-1.1920928955078126e-7,0.8859079480171204,0.4490463137626648,-0.11629479378461838,-0.39372143149375918,0.8604933619499207,0.32331836223602297,0.24525587260723115,-0.24064262211322785,0.9391170144081116],"EasingStyle":"Linear","EasingDirection":"In"},"Torso":{"Weight":1,"CFrame":[-0.018144428730010988,-0.2664756774902344,-0.5761458873748779,0.8917629718780518,-0.36147165298461916,0.2722078263759613,0.44827285408973696,0.787766695022583,-0.4224632978439331,-0.06172773987054825,0.49876055121421816,0.8645389676094055],"EasingStyle":"Linear","EasingDirection":"In"},"HumanoidRootPart":{"Weight":1,"CFrame":[0,0,0,1,0,0,0,1,0,0,0,1],"EasingStyle":"Linear","EasingDirection":"In"},"Right Leg":{"Weight":1,"CFrame":[0.7941392660140991,0.6541930437088013,0.07964468002319336,0.9964962601661682,-0.016812721267342569,-0.08192991465330124,0.01533021591603756,0.9997078776359558,-0.01868879608809948,0.0822201743721962,0.017367275431752206,0.996462881565094],"EasingStyle":"Linear","EasingDirection":"In"}}},{"Time":0.16949152946472169,"poses":{"Left Leg":{"Weight":1,"CFrame":[-0.17413784563541413,0.862155020236969,0.2167067527770996,0.7866331934928894,0.3800814747810364,0.48656588792800906,-0.41220468282699587,0.9100068807601929,-0.04443971440196037,-0.4596690237522125,-0.1656070202589035,0.8725128769874573],"EasingStyle":"Linear","EasingDirection":"In"},"Right Arm":{"Weight":1,"CFrame":[0.4111291170120239,0.00565338134765625,-0.22712606191635133,-0.40603095293045046,-0.774401843547821,0.48522233963012698,0.829259991645813,-0.08910218626260758,0.5517141222953796,-0.3840140700340271,0.6263884902000427,0.6783589720726013],"EasingStyle":"Linear","EasingDirection":"In"},"Left Arm":{"Weight":1,"CFrame":[-0.21124231815338136,-0.14937564730644227,0.05449235439300537,-0.11448033154010773,0.8955275416374207,0.43002891540527346,-0.8195058703422546,-0.32980775833129885,0.4686540961265564,0.5615198016166687,-0.2987596094608307,0.7716466188430786],"EasingStyle":"Linear","EasingDirection":"In"},"Head":{"Weight":1,"CFrame":[8.940696716308594e-8,3.725290298461914e-8,-1.1920928955078126e-7,0.8877788782119751,0.4453940689563751,-0.11607293784618378,-0.3754757046699524,0.846674382686615,0.3770419955253601,0.2662082612514496,-0.291147381067276,0.9188941121101379],"EasingStyle":"Linear","EasingDirection":"In"},"Torso":{"Weight":1,"CFrame":[-0.03888821601867676,-0.3018592596054077,-0.6696369647979736,0.8917629718780518,-0.3407479524612427,0.29774096608161929,0.44827285408973696,0.7550049424171448,-0.4785594046115875,-0.061727747321128848,0.5602307319641113,0.8260334134101868],"EasingStyle":"Linear","EasingDirection":"In"},"HumanoidRootPart":{"Weight":1,"CFrame":[0,0,0,1,0,0,0,1,0,0,0,1],"EasingStyle":"Linear","EasingDirection":"In"},"Right Leg":{"Weight":1,"CFrame":[0.7954646348953247,0.7935581207275391,0.01618969440460205,0.9966297745704651,-0.07959716767072678,-0.019836733117699624,0.07960540801286698,0.9968264102935791,-0.0003782398416660726,0.01980389654636383,-0.0012022147420793772,0.9998031258583069],"EasingStyle":"Linear","EasingDirection":"In"}}},{"Time":0.18644067645072938,"poses":{"Left Leg":{"Weight":1,"CFrame":[-0.07955335080623627,0.9261854887008667,0.19788634777069093,0.7417008280754089,0.45690277218818667,0.49103981256484988,-0.48951780796051028,0.8692273497581482,-0.0693969577550888,-0.4585328698158264,-0.18890099227428437,0.8683685660362244],"EasingStyle":"Linear","EasingDirection":"In"},"Right Arm":{"Weight":1,"CFrame":[0.45930278301239016,-0.08307772874832154,-0.3018404245376587,-0.3047064542770386,-0.6990845799446106,0.6468653678894043,0.8933547139167786,0.025723310187458993,0.44861504435539248,-0.3302595317363739,0.7145760655403137,0.6166926026344299],"EasingStyle":"Linear","EasingDirection":"In"},"Left Arm":{"Weight":1,"CFrame":[-0.22624903917312623,-0.26383063197135928,0.026506662368774415,-0.023126449435949327,0.9209051728248596,0.3891001343727112,-0.8737714290618897,-0.2077394425868988,0.43973594903945925,0.4857867658138275,-0.32981523871421816,0.8094648122787476],"EasingStyle":"Linear","EasingDirection":"In"},"Head":{"Weight":1,"CFrame":[1.341104507446289e-7,-2.3096799850463868e-7,-1.1920928955078126e-7,0.889642059803009,0.44165629148483279,-0.11608903110027313,-0.3557077646255493,0.8296272158622742,0.4303378164768219,0.28637203574180605,-0.34155282378196719,0.8951718211174011],"EasingStyle":"Linear","EasingDirection":"In"},"Torso":{"Weight":1,"CFrame":[-0.061188578605651858,-0.3361022472381592,-0.7677087783813477,0.8917629718780518,-0.31790226697921755,0.32202017307281496,0.44827282428741457,0.7177223563194275,-0.5328472256660461,-0.06172775477170944,0.6195262670516968,0.7825451493263245],"EasingStyle":"Linear","EasingDirection":"In"},"HumanoidRootPart":{"Weight":1,"CFrame":[0,0,0,1,0,0,0,1,0,0,0,1],"EasingStyle":"Linear","EasingDirection":"In"},"Right Leg":{"Weight":1,"CFrame":[0.7639410495758057,0.9342994689941406,-0.056167542934417728,0.9878249168395996,-0.15078575909137727,0.03828328102827072,0.14973677694797517,0.9883018732070923,0.028954800218343736,-0.042201410979032519,-0.0228700190782547,0.9988474249839783],"EasingStyle":"Linear","EasingDirection":"In"}}},{"Time":0.20338982343673707,"poses":{"Left Leg":{"Weight":1,"CFrame":[-0.05019116401672363,0.9189149141311646,0.18110430240631104,0.7219194173812866,0.47827067971229555,0.500089704990387,-0.5190979242324829,0.8521897792816162,-0.06564906984567642,-0.457569420337677,-0.21220214664936067,0.8634816408157349],"EasingStyle":"Linear","EasingDirection":"In"},"Right Arm":{"Weight":1,"CFrame":[0.45638900995254519,-0.14269974827766419,-0.2968061566352844,-0.21651487052440644,-0.7138195633888245,0.666020393371582,0.8968778252601624,0.12405654788017273,0.42452314496040347,-0.38565725088119509,0.6892545223236084,0.6133489608764648],"EasingStyle":"Linear","EasingDirection":"In"},"Left Arm":{"Weight":1,"CFrame":[-0.2199137806892395,-0.2564430832862854,0.01932346820831299,0.08848798274993897,0.9303792715072632,0.35575881600379946,-0.9151673316955566,-0.0650649443268776,0.39778783917427065,0.39324137568473818,-0.36077839136123659,0.8456953167915344],"EasingStyle":"Linear","EasingDirection":"In"},"Head":{"Weight":1,"CFrame":[5.960464477539063e-8,-1.4901161193847657e-8,2.384185791015625e-7,0.8896651864051819,0.43786612153053286,-0.12949636578559876,-0.344546914100647,0.8298567533493042,0.4388909637928009,0.29963886737823489,-0.34584841132164,0.8891599774360657],"EasingStyle":"Linear","EasingDirection":"In"},"Torso":{"Weight":1,"CFrame":[-0.0876007080078125,-0.3406825065612793,-0.7720420360565186,0.8924466967582703,-0.3113342523574829,0.3265116810798645,0.4464779198169708,0.7134003639221191,-0.5401087403297424,-0.06477919965982437,0.6277984976768494,0.7756756544113159],"EasingStyle":"Linear","EasingDirection":"In"},"HumanoidRootPart":{"Weight":1,"CFrame":[0,0,0,1,0,0,0,1,0,0,0,1],"EasingStyle":"Linear","EasingDirection":"In"},"Right Leg":{"Weight":1,"CFrame":[0.7473946809768677,0.9401826858520508,-0.054936766624450687,0.9828280806541443,-0.17642782628536225,0.054057326167821887,0.17581108212471009,0.9842939972877502,0.01600453071296215,-0.05603191629052162,-0.006225684192031622,0.998409628868103],"EasingStyle":"Linear","EasingDirection":"In"}}},{"Time":0.22033898532390595,"poses":{"Left Leg":{"Weight":1,"CFrame":[-0.023288950324058534,0.9148901700973511,0.1617138385772705,0.7027912139892578,0.4952886402606964,0.5106601715087891,-0.5465888381004334,0.8353897333145142,-0.05800594389438629,-0.4553297162055969,-0.23835501074790955,0.8578237295150757],"EasingStyle":"Linear","EasingDirection":"In"},"Right Arm":{"Weight":1,"CFrame":[0.4484802782535553,-0.19478750228881837,-0.28314149379730227,-0.13226349651813508,-0.730610191822052,0.6698620915412903,0.8806452751159668,0.2235584855079651,0.4177144467830658,-0.45493990182876589,0.645159125328064,0.613839864730835],"EasingStyle":"Linear","EasingDirection":"In"},"Left Arm":{"Weight":1,"CFrame":[-0.20271898806095124,-0.2363920509815216,0.01357126235961914,0.2131202518939972,0.9200004935264587,0.32890549302101138,-0.9326953887939453,0.09132319688796997,0.34891176223754885,0.2909623682498932,-0.3811289072036743,0.8775430917739868],"EasingStyle":"Linear","EasingDirection":"In"},"Head":{"Weight":1,"CFrame":[5.960464477539063e-8,-1.7881393432617188e-7,0,0.8892676830291748,0.43430712819099429,-0.14345863461494447,-0.3336470127105713,0.8304963111877441,0.446044385433197,0.3128621280193329,-0.348788321018219,0.8834388256072998],"EasingStyle":"Linear","EasingDirection":"In"},"Torso":{"Weight":1,"CFrame":[-0.11034071445465088,-0.34332799911499026,-0.7757053375244141,0.8924474716186523,-0.30413779616355898,0.3332233726978302,0.4454779624938965,0.7108333110809326,-0.544302761554718,-0.07132323086261749,0.6342052817344666,0.7698679566383362],"EasingStyle":"Linear","EasingDirection":"In"},"HumanoidRootPart":{"Weight":1,"CFrame":[0,0,0,1,0,0,0,1,0,0,0,1],"EasingStyle":"Linear","EasingDirection":"In"},"Right Leg":{"Weight":1,"CFrame":[0.734210729598999,0.9399140477180481,-0.05134737491607666,0.9774429798126221,-0.19887502491474152,0.07109250873327255,0.19935595989227296,0.9799270033836365,0.00033205386716872454,-0.06973134726285935,0.013848414644598961,0.9974697828292847],"EasingStyle":"Linear","EasingDirection":"In"}}},{"Time":0.23728813230991364,"poses":{"Left Leg":{"Weight":1,"CFrame":[0.0009643733501434326,0.9132192134857178,0.14060330390930177,0.6847354769706726,0.5084034204483032,0.5221718549728394,-0.5718565583229065,0.8189775347709656,-0.04749466851353645,-0.45179352164268496,-0.2660859525203705,0.851516842842102],"EasingStyle":"Linear","EasingDirection":"In"},"Right Arm":{"Weight":1,"CFrame":[0.43682560324668887,-0.23963803052902223,-0.2630043029785156,-0.051648449152708057,-0.7468329668045044,0.6630030870437622,0.8462237119674683,0.31981486082077029,0.4261733889579773,-0.5303186178207398,0.583060085773468,0.6154698729515076],"EasingStyle":"Linear","EasingDirection":"In"},"Left Arm":{"Weight":1,"CFrame":[-0.17737895250320435,-0.20684337615966798,0.009091854095458985,0.34277984499931338,0.8866970539093018,0.3102746903896332,-0.9214417338371277,0.2530529201030731,0.2948041558265686,0.18288622796535493,-0.3869529068470001,0.9037811160087586],"EasingStyle":"Linear","EasingDirection":"In"},"Head":{"Weight":1,"CFrame":[2.2351741790771485e-7,-1.2665987014770509e-7,-2.384185791015625e-7,0.8884990215301514,0.4310045838356018,-0.15749426186084748,-0.3232322037220001,0.831455647945404,0.45188775658607485,0.32571521401405337,-0.35059455037117007,0.8780621886253357],"EasingStyle":"Linear","EasingDirection":"In"},"Torso":{"Weight":1,"CFrame":[-0.12962055206298829,-0.3443920612335205,-0.7787609100341797,0.8918441534042358,-0.296613484621048,0.3415180742740631,0.44513198733329775,0.709755539894104,-0.5459896326065064,-0.08044646680355072,0.638958215713501,0.765023410320282],"EasingStyle":"Linear","EasingDirection":"In"},"HumanoidRootPart":{"Weight":1,"CFrame":[0,0,0,1,0,0,0,1,0,0,0,1],"EasingStyle":"Linear","EasingDirection":"In"},"Right Leg":{"Weight":1,"CFrame":[0.7241454124450684,0.9347658157348633,-0.04608964920043945,0.9718920588493347,-0.21810723841190339,0.08862950652837753,0.2204182893037796,0.9752562642097473,-0.01706402376294136,-0.08271476626396179,0.03611971437931061,0.9959185123443604],"EasingStyle":"Linear","EasingDirection":"In"}}},{"Time":0.2542372941970825,"poses":{"Left Leg":{"Weight":1,"CFrame":[0.02234552800655365,0.9135169982910156,0.11877310276031494,0.6682335138320923,0.5179606676101685,0.5340232849121094,-0.5945600271224976,0.8032830953598023,-0.035137228667736056,-0.4471715986728668,-0.2940289378166199,0.8447393178939819],"EasingStyle":"Linear","EasingDirection":"In"},"Right Arm":{"Weight":1,"CFrame":[0.4226732850074768,-0.27754682302474978,-0.23855173587799073,0.02490847185254097,-0.7602285742759705,0.6491780877113342,0.7962368726730347,0.40774059295654299,0.44693899154663088,-0.6044720411300659,0.5057668685913086,0.6154782772064209],"EasingStyle":"Linear","EasingDirection":"In"},"Left Arm":{"Weight":1,"CFrame":[-0.14660878479480744,-0.17096197605133058,0.005725383758544922,0.4678677022457123,0.8310242295265198,0.3008299767971039,-0.880604088306427,0.40942513942718508,0.23855310678482057,0.07507620751857758,-0.37652334570884707,0.9233600497245789],"EasingStyle":"Linear","EasingDirection":"In"},"Head":{"Weight":1,"CFrame":[1.043081283569336e-7,1.825392246246338e-7,1.1920928955078126e-7,0.8874353766441345,0.42798787355422976,-0.17112839221954347,-0.3135261535644531,0.8326374292373657,0.45652633905410769,0.3378756642341614,-0.3514843285083771,0.8730973601341248],"EasingStyle":"Linear","EasingDirection":"In"},"Torso":{"Weight":1,"CFrame":[-0.1456528902053833,-0.3442186117172241,-0.7812809944152832,0.8907318711280823,-0.2890778183937073,0.3507573902606964,0.4452773630619049,0.7098757028579712,-0.545714795589447,-0.09124010801315308,0.6422699093818665,0.7610286474227905],"EasingStyle":"Linear","EasingDirection":"In"},"HumanoidRootPart":{"Weight":1,"CFrame":[0,0,0,1,0,0,0,1,0,0,0,1],"EasingStyle":"Linear","EasingDirection":"In"},"Right Leg":{"Weight":1,"CFrame":[0.7168295383453369,0.9260368347167969,-0.039924442768096927,0.9664071798324585,-0.23418283462524415,0.10590518265962601,0.2390005886554718,0.970382034778595,-0.03517583757638931,-0.09453091770410538,0.05930548161268234,0.9937539100646973],"EasingStyle":"Linear","EasingDirection":"In"}}},{"Time":0.2711864411830902,"poses":{"Left Leg":{"Weight":1,"CFrame":[0.04071442782878876,0.9149572253227234,0.0972127914428711,0.6535930633544922,0.5245236158370972,0.5456109642982483,-0.6145365238189697,0.788582980632782,-0.021945014595985414,-0.4417703151702881,-0.32095465064048769,0.8377512693405151],"EasingStyle":"Linear","EasingDirection":"In"},"Right Arm":{"Weight":1,"CFrame":[0.40727269649505618,-0.3088107705116272,-0.211941659450531,0.09607180953025818,-0.7693265676498413,0.6315908432006836,0.7350515723228455,0.4826880693435669,0.47614195942878725,-0.6711701154708862,0.41850796341896059,0.6118675470352173],"EasingStyle":"Linear","EasingDirection":"In"},"Left Arm":{"Weight":1,"CFrame":[-0.11312420666217804,-0.13191509246826173,0.003313302993774414,0.579156219959259,0.757929265499115,0.30020231008529665,-0.8148180842399597,0.5497076511383057,0.18410047888755799,-0.025488361716270448,-0.3512331545352936,0.9359410405158997],"EasingStyle":"Linear","EasingDirection":"In"},"Head":{"Weight":1,"CFrame":[1.6391277313232423e-7,2.2351741790771486e-8,2.384185791015625e-7,0.8861767649650574,0.42529255151748659,-0.18389412760734559,-0.30474966764450076,0.8339389562606812,0.46007993817329409,0.34902504086494448,-0.35167041420936587,0.8686250448226929],"EasingStyle":"Linear","EasingDirection":"In"},"Torso":{"Weight":1,"CFrame":[-0.15864956378936768,-0.34314703941345217,-0.7833311557769775,0.8892354369163513,-0.2818533480167389,0.36030423641204836,0.4457491338253021,0.7108830213546753,-0.5440158247947693,-0.10280149430036545,0.6443633437156677,0.7577781081199646],"EasingStyle":"Linear","EasingDirection":"In"},"HumanoidRootPart":{"Weight":1,"CFrame":[0,0,0,1,0,0,0,1,0,0,0,1],"EasingStyle":"Linear","EasingDirection":"In"},"Right Leg":{"Weight":1,"CFrame":[0.7118558883666992,0.9150053858757019,-0.03343135118484497,0.9612194895744324,-0.24722105264663697,0.12222488969564438,0.25506219267845156,0.9654667973518372,-0.053076714277267459,-0.10488253086805344,0.08219341933727265,0.9910822510719299],"EasingStyle":"Linear","EasingDirection":"In"}}},{"Time":0.2881355881690979,"poses":{"Left Leg":{"Weight":1,"CFrame":[0.05593143403530121,0.9170631766319275,0.07699406147003174,0.641133725643158,0.5286108255386353,0.5563434362411499,-0.6315063238143921,0.7753196358680725,-0.008919388055801392,-0.436058908700943,-0.34561553597450259,0.8309046626091003],"EasingStyle":"Linear","EasingDirection":"In"},"Right Arm":{"Weight":1,"CFrame":[0.39187198877334597,-0.33372610807418826,-0.18533146381378175,0.1597556471824646,-0.7737586498260498,0.6130056381225586,0.6688058376312256,0.5415793061256409,0.5093038082122803,-0.7260695099830627,0.3286174535751343,0.6040147542953491],"EasingStyle":"Linear","EasingDirection":"In"},"Left Arm":{"Weight":1,"CFrame":[-0.07963958382606507,-0.09286832809448242,0.001696467399597168,0.6700078845024109,0.6761071085929871,0.3065434694290161,-0.7337671518325806,0.6657837629318237,0.13534311950206757,-0.11258522421121597,-0.3156124949455261,0.9421854019165039],"EasingStyle":"Linear","EasingDirection":"In"},"Head":{"Weight":1,"CFrame":[5.960464477539063e-8,3.725290298461914e-8,1.1920928955078126e-7,0.8848437070846558,0.42296135425567629,-0.195333793759346,-0.29711827635765078,0.8352538347244263,0.46267905831336977,0.35884857177734377,-0.351361483335495,0.8647387027740479],"EasingStyle":"Linear","EasingDirection":"In"},"Torso":{"Weight":1,"CFrame":[-0.16882085800170899,-0.34151339530944826,-0.7849640846252441,0.8875154256820679,-0.2752615511417389,0.3695234954357147,0.446393221616745,0.7124543786048889,-0.541425883769989,-0.11423488706350327,0.6454765200614929,0.7551890015602112],"EasingStyle":"Linear","EasingDirection":"In"},"HumanoidRootPart":{"Weight":1,"CFrame":[0,0,0,1,0,0,0,1,0,0,0,1],"EasingStyle":"Linear","EasingDirection":"In"},"Right Leg":{"Weight":1,"CFrame":[0.7087026834487915,0.9028925895690918,-0.02730625867843628,0.9565458297729492,-0.25745585560798647,0.13688257336616517,0.2685661017894745,0.9607313871383667,-0.06976772099733353,-0.11354508996009827,0.10349791496992111,0.9881273508071899],"EasingStyle":"Linear","EasingDirection":"In"}}},{"Time":0.3050847351551056,"poses":{"Left Leg":{"Weight":1,"CFrame":[0.06789539754390717,0.9194011688232422,0.05922722816467285,0.6311150789260864,0.530788004398346,0.5656481385231018,-0.645197868347168,0.7640098333358765,0.002946913242340088,-0.4305967092514038,-0.36681488156318667,0.8246414661407471],"EasingStyle":"Linear","EasingDirection":"In"},"Right Arm":{"Weight":1,"CFrame":[0.3777199983596802,-0.3525886833667755,-0.1608792543411255,0.21348634362220765,-0.7743048071861267,0.5957145690917969,0.604820728302002,0.5836179852485657,0.5418318510055542,-0.7672128081321716,0.2446267008781433,0.59291011095047],"EasingStyle":"Linear","EasingDirection":"In"},"Left Arm":{"Weight":1,"CFrame":[-0.048869743943214419,-0.056987255811691287,0.0007157325744628906,0.7376652359962463,0.5961776971817017,0.3168945014476776,-0.6501578092575073,0.7537986040115356,0.09530285000801087,-0.18205711245536805,-0.2763330936431885,0.94366055727005],"EasingStyle":"Linear","EasingDirection":"In"},"Head":{"Weight":1,"CFrame":[1.6391277313232423e-7,-3.3527612686157229e-8,2.384185791015625e-7,0.8835708498954773,0.42104455828666689,-0.20499786734580995,-0.29084083437919619,0.8364726901054382,0.4644622206687927,0.3670344054698944,-0.3507635295391083,0.8615397214889526],"EasingStyle":"Linear","EasingDirection":"In"},"Torso":{"Weight":1,"CFrame":[-0.176375150680542,-0.3396543264389038,-0.7862148284912109,0.8857685327529907,-0.26961663365364077,0.37778425216674807,0.4470745623111725,0.7142585515975952,-0.5384784936904907,-0.12465284764766693,0.6458650827407837,0.7532064914703369],"EasingStyle":"Linear","EasingDirection":"In"},"HumanoidRootPart":{"Weight":1,"CFrame":[0,0,0,1,0,0,0,1,0,0,0,1],"EasingStyle":"Linear","EasingDirection":"In"},"Right Leg":{"Weight":1,"CFrame":[0.7070164680480957,0.891297459602356,-0.021916568279266359,0.9526284337043762,-0.2649807929992676,0.14927972853183747,0.2792772650718689,0.9564971327781677,-0.08436588943004608,-0.12043038010597229,0.12205974012613297,0.9851893186569214],"EasingStyle":"Linear","EasingDirection":"In"}}},{"Time":0.32203391194343569,"poses":{"Left Leg":{"Weight":1,"CFrame":[0.07654862105846405,0.9215922355651856,0.045102596282958987,0.6237549185752869,0.5316497087478638,0.5729557871818543,-0.6553347110748291,0.7552326917648315,0.012651938013732434,-0.4259885549545288,-0.3833693861961365,0.8194886445999146],"EasingStyle":"Linear","EasingDirection":"In"},"Right Arm":{"Weight":1,"CFrame":[0.36606496572494509,-0.3656952977180481,-0.14074170589447022,0.2547570765018463,-0.7726038098335266,0.5815345644950867,0.5507200956344605,0.6102414727210999,0.5694843530654907,-0.7948623299598694,0.1751825213432312,0.5809519290924072],"EasingStyle":"Linear","EasingDirection":"In"},"Left Arm":{"Weight":1,"CFrame":[-0.023529797792434694,-0.027438640594482423,0.00021207332611083984,0.782957136631012,0.5286667346954346,0.32785657048225405,-0.5771589279174805,0.813977837562561,0.06578376144170761