{"Sequence":[{"Time":0,"poses":{"Left Leg":{"Weight":1,"CFrame":[-0.30926698446273806,0.07406598329544068,0.08852815628051758,0.9809514284133911,0.03964347019791603,0.19016490876674653,-0.01299527008086443,0.9901535511016846,-0.13938120007514954,-0.19381824135780335,0.13425500690937043,0.9718077182769775],"EasingStyle":"Linear","EasingDirection":"In"},"Right Arm":{"Weight":1,"CFrame":[0.27090659737586977,-0.1844494342803955,-0.2820984125137329,0.08644844591617584,-0.010923394933342934,0.996196448802948,0.6834330558776856,0.7282069325447083,-0.051322583109140399,-0.7248765230178833,0.6852703094482422,0.07041763514280319],"EasingStyle":"Linear","EasingDirection":"In"},"Head":{"Weight":1,"CFrame":[8.009374141693115e-8,8.381903171539307e-9,-2.384185791015625e-7,0.914415717124939,0.3873416483402252,-0.11751778423786164,-0.3708687424659729,0.9180488586425781,0.14015237987041474,0.16217391192913056,-0.08457387238740921,0.9831311106681824],"EasingStyle":"Linear","EasingDirection":"In"},"Right Leg":{"Weight":1,"CFrame":[0.33206018805503847,0.1469905972480774,0.08754122257232666,0.9790266156196594,-0.015369794331490994,-0.2031516432762146,0.006271275691688061,0.9989513158798218,-0.04535461589694023,0.20363572239875794,0.04312934726476669,0.9780963659286499],"EasingStyle":"Linear","EasingDirection":"In"},"Torso":{"Weight":1,"CFrame":[0.005991190671920776,-0.03747209906578064,-0.1437520980834961,0.931390643119812,-0.36272627115249636,0.03067825548350811,0.36376410722732546,0.9242541790008545,-0.11588737368583679,0.013680887408554554,0.1190960630774498,0.9927884936332703],"EasingStyle":"Linear","EasingDirection":"In"},"HumanoidRootPart":{"Weight":1,"CFrame":[0,0,0,1,0,0,0,1,0,0,0,1],"EasingStyle":"Linear","EasingDirection":"In"},"Left Arm":{"Weight":1,"CFrame":[-0.3011089861392975,-0.14642861485481263,-0.16281962394714356,-0.022196350619196893,0.037162382155656818,-0.9990627765655518,-0.6410293579101563,0.7663251161575317,0.04274706169962883,0.7671954035758972,0.6413773894309998,0.00681257015094161],"EasingStyle":"Linear","EasingDirection":"In"}}},{"Time":0.03333333507180214,"poses":{"Left Leg":{"Weight":1,"CFrame":[-0.3102065324783325,0.07555532455444336,0.08769190311431885,0.9809394478797913,0.04032396152615547,0.19008372724056245,-0.013833275064826012,0.9902406334877014,-0.13868001103401185,-0.19382092356681825,0.13340725004673005,0.9719238877296448],"EasingStyle":"Linear","EasingDirection":"In"},"Right Arm":{"Weight":1,"CFrame":[0.27091169357299807,-0.1844780147075653,-0.2820984125137329,0.08603877574205399,-0.011318844743072987,0.9962274432182312,0.6834916472434998,0.7281915545463562,-0.05075608566403389,-0.7248699069023132,0.6852802038192749,0.0703890398144722],"EasingStyle":"Linear","EasingDirection":"In"},"Head":{"Weight":1,"CFrame":[1.0989606380462647e-7,5.587935447692871e-9,2.384185791015625e-7,0.9143770337104797,0.3873857259750366,-0.1176728680729866,-0.3707957863807678,0.9179823398590088,0.1407797783613205,0.1625576913356781,-0.085093192756176,0.983022928237915],"EasingStyle":"Linear","EasingDirection":"In"},"Right Leg":{"Weight":1,"CFrame":[0.33189553022384646,0.1474461555480957,0.08731067180633545,0.978999137878418,-0.016642596572637559,-0.2031838595867157,0.007486653048545122,0.998924970626831,-0.045747723430395129,0.2037268728017807,0.04326578974723816,0.9780713319778442],"EasingStyle":"Linear","EasingDirection":"In"},"Torso":{"Weight":1,"CFrame":[0.006568260490894318,-0.038268476724624637,-0.14416956901550294,0.9313842058181763,-0.3626806139945984,0.03140398859977722,0.3637920022010803,0.9241170883178711,-0.11688891798257828,0.013372382149100304,0.1202930137515068,0.9926483035087586],"EasingStyle":"Linear","EasingDirection":"In"},"HumanoidRootPart":{"Weight":1,"CFrame":[0,0,0,1,0,0,0,1,0,0,0,1],"EasingStyle":"Linear","EasingDirection":"In"},"Left Arm":{"Weight":1,"CFrame":[-0.2995256185531616,-0.14649620652198792,-0.16283047199249268,-0.02253997139632702,0.037616878747940066,-0.9990379810333252,-0.641006588935852,0.7663121819496155,0.04331617429852486,0.7672043442726135,0.6413662433624268,0.006839978974312544],"EasingStyle":"Linear","EasingDirection":"In"}}},{"Time":0.06666667014360428,"poses":{"Left Leg":{"Weight":1,"CFrame":[-0.3126465380191803,0.07933789491653443,0.08521771430969238,0.980907678604126,0.0418161116540432,0.18992507457733155,-0.0157572403550148,0.990487813949585,-0.13669584691524507,-0.19383467733860017,0.1310933530330658,0.9722359776496887],"EasingStyle":"Linear","EasingDirection":"In"},"Right Arm":{"Weight":1,"CFrame":[0.2709466814994812,-0.1845460832118988,-0.2820984125137329,0.08506182581186295,-0.012262185104191304,0.9963002800941467,0.6836304664611816,0.728154182434082,-0.04940503463149071,-0.7248544692993164,0.6853036284446716,0.07032076269388199],"EasingStyle":"Linear","EasingDirection":"In"},"Head":{"Weight":1,"CFrame":[8.568167686462403e-8,-4.470348358154297e-8,1.1920928955078126e-7,0.9142893552780151,0.3874797821044922,-0.11804354935884476,-0.370609849691391,0.9178268313407898,0.14227548241615296,0.16347236931324006,-0.08633285015821457,0.9827631711959839],"EasingStyle":"Linear","EasingDirection":"In"},"Right Leg":{"Weight":1,"CFrame":[0.3314647674560547,0.14859122037887574,0.08661937713623047,0.9789131283760071,-0.019664708524942399,-0.2033282071352005,0.01039149984717369,0.9988608360290527,-0.046574272215366366,0.20401246845722199,0.04347924143075943,0.9780023097991943],"EasingStyle":"Linear","EasingDirection":"In"},"Torso":{"Weight":1,"CFrame":[0.007944166660308838,-0.04016697406768799,-0.14516997337341309,0.9313680529594421,-0.362568199634552,0.0331343412399292,0.36385980248451235,0.9237852692604065,-0.1192764863371849,0.012636850588023663,0.12314654886722565,0.9923080205917358],"EasingStyle":"Linear","EasingDirection":"In"},"HumanoidRootPart":{"Weight":1,"CFrame":[0,0,0,1,0,0,0,1,0,0,0,1],"EasingStyle":"Linear","EasingDirection":"In"},"Left Arm":{"Weight":1,"CFrame":[-0.29574981331825259,-0.14665749669075013,-0.16285616159439088,-0.02335941419005394,0.03870058432221413,-0.998977780342102,-0.6409515738487244,0.7662802934646606,0.04467335715889931,0.7672258615493774,0.6413398385047913,0.006905412767082453],"EasingStyle":"Linear","EasingDirection":"In"}}},{"Time":0.10000000149011612,"poses":{"Left Leg":{"Weight":1,"CFrame":[-0.3160219192504883,0.08438575267791748,0.08115279674530029,0.9808645844459534,0.04329443350434303,0.18981607258319856,-0.01788059063255787,0.9908729791641235,-0.1336076706647873,-0.1938682496547699,0.12765702605247498,0.9726864099502564],"EasingStyle":"Linear","EasingDirection":"In"},"Right Arm":{"Weight":1,"CFrame":[0.27104151248931887,-0.18462809920310975,-0.2820984721183777,0.08389560878276825,-0.013388154096901417,0.9963846206665039,0.6837945580482483,0.7281076908111572,-0.047792185097932819,-0.7248355150222778,0.6853319406509399,0.07023967802524567],"EasingStyle":"Linear","EasingDirection":"In"},"Head":{"Weight":1,"CFrame":[8.195638656616211e-8,-5.029141902923584e-8,1.1920928955078126e-7,0.9141952395439148,0.38756653666496279,-0.11848814785480499,-0.37035971879959109,0.9176496863365173,0.14405862987041474,0.1645628809928894,-0.08781448006629944,0.9824498295783997],"EasingStyle":"Linear","EasingDirection":"In"},"Right Leg":{"Weight":1,"CFrame":[0.33086398243904116,0.15009862184524537,0.08546686172485352,0.9787659645080566,-0.023244241252541543,-0.2036590427160263,0.013876261189579964,0.9987841248512268,-0.047306012362241748,0.20451106131076814,0.04347547888755798,0.977898359298706],"EasingStyle":"Linear","EasingDirection":"In"},"Torso":{"Weight":1,"CFrame":[0.009585998952388764,-0.04243186116218567,-0.14637327194213868,0.9313470721244812,-0.3624275326728821,0.0351991280913353,0.3639429211616516,0.9233801960945129,-0.12212482839822769,0.011759216897189618,0.1265510618686676,0.9918904304504395],"EasingStyle":"Linear","EasingDirection":"In"},"HumanoidRootPart":{"Weight":1,"CFrame":[0,0,0,1,0,0,0,1,0,0,0,1],"EasingStyle":"Linear","EasingDirection":"In"},"Left Arm":{"Weight":1,"CFrame":[-0.29124319553375246,-0.1468505561351776,-0.16288691759109498,-0.024337120354175569,0.039994146674871448,-0.9989035129547119,-0.6408842206001282,0.7662404179573059,0.04629315808415413,0.7672516107559204,0.6413081288337708,0.006983533035963774],"EasingStyle":"Linear","EasingDirection":"In"}}},{"Time":0.13333334028720857,"poses":{"Left Leg":{"Weight":1,"CFrame":[-0.31979578733444216,0.0896521806716919,0.07555460929870606,0.9808252453804016,0.04392644390463829,0.1898742914199829,-0.01931118220090866,0.9913788437843323,-0.12959572672843934,-0.19393017888069154,0.12344413995742798,0.9732177257537842],"EasingStyle":"Linear","EasingDirection":"In"},"Right Arm":{"Weight":1,"CFrame":[0.27122628688812258,-0.18469643592834474,-0.28209877014160159,0.08291848003864289,-0.014331109821796418,0.9964532852172852,0.6839303970336914,0.7280676960945129,-0.04644116386771202,-0.7248197793960571,0.6853554844856262,0.07017166167497635],"EasingStyle":"Linear","EasingDirection":"In"},"Head":{"Weight":1,"CFrame":[9.12696123123169e-8,-6.705522537231445e-8,4.76837158203125e-7,0.9141373038291931,0.38758745789527895,-0.1188652440905571,-0.3700961172580719,0.9175207018852234,0.14554966986179353,0.1654745638370514,-0.08906082808971405,0.9821845293045044],"EasingStyle":"Linear","EasingDirection":"In"},"Right Leg":{"Weight":1,"CFrame":[0.3301951289176941,0.15164220333099366,0.08385193347930908,0.9785676598548889,-0.026187308132648469,-0.20425401628017426,0.01683005318045616,0.998733401298523,-0.04741521179676056,0.20523710548877717,0.042961329221725467,0.9777689576148987],"EasingStyle":"Linear","EasingDirection":"In"},"Torso":{"Weight":1,"CFrame":[0.010961256921291352,-0.044328510761260989,-0.14738893508911134,0.9313279986381531,-0.3623042404651642,0.03692866861820221,0.36401450634002688,0.9230334162712097,-0.12451006472110748,0.011024127714335919,0.129402294754982,0.9915308952331543],"EasingStyle":"Linear","EasingDirection":"In"},"HumanoidRootPart":{"Weight":1,"CFrame":[0,0,0,1,0,0,0,1,0,0,0,1],"EasingStyle":"Linear","EasingDirection":"In"},"Left Arm":{"Weight":1,"CFrame":[-0.287467360496521,-0.14701157808303834,-0.16291260719299317,-0.025156408548355104,0.04107753932476044,-0.998839259147644,-0.6408266425132752,0.7662054300308228,0.047650035470724109,0.7672733068466187,0.6412813663482666,0.007048634346574545],"EasingStyle":"Linear","EasingDirection":"In"}}},{"Time":0.1666666716337204,"poses":{"Left Leg":{"Weight":1,"CFrame":[-0.32347530126571658,0.09407711029052735,0.06849491596221924,0.9808101058006287,0.04286972060799599,0.19019366800785066,-0.01914917677640915,0.9919915199279785,-0.12484490871429444,-0.1940227746963501,0.11880704760551453,0.9737762212753296],"EasingStyle":"Linear","EasingDirection":"In"},"Right Arm":{"Weight":1,"CFrame":[0.27153080701828005,-0.18472546339035035,-0.282099187374115,0.08250844478607178,-0.014726676046848297,0.9964815974235535,0.683987021446228,0.7280504107475281,-0.04587436839938164,-0.7248131036758423,0.6853654980659485,0.07014310359954834],"EasingStyle":"Linear","EasingDirection":"In"},"Head":{"Weight":1,"CFrame":[8.381903171539307e-8,-8.009374141693115e-8,-2.980232238769531e-7,0.9141592979431152,0.3874838352203369,-0.11903373152017594,-0.36987221240997317,0.9175124764442444,0.1461692452430725,0.16585315763950349,-0.08959472924470902,0.9820720553398132],"EasingStyle":"Linear","EasingDirection":"In"},"Right Leg":{"Weight":1,"CFrame":[0.3295706808567047,0.15289688110351563,0.08177077770233154,0.9783412218093872,-0.02730320207774639,-0.20519018173217774,0.018147330731153489,0.9987594485282898,-0.046371590346097949,0.20620176196098329,0.041643548756837848,0.9776229858398438],"EasingStyle":"Linear","EasingDirection":"In"},"Torso":{"Weight":1,"CFrame":[0.011537887156009674,-0.04512360692024231,-0.14781689643859864,0.9313197731971741,-0.362250953912735,0.0376538410782814,0.36404505372047427,0.9228859543800354,-0.12551002204418183,0.01071593351662159,0.13059763610363007,0.991377592086792],"EasingStyle":"Linear","EasingDirection":"In"},"HumanoidRootPart":{"Weight":1,"CFrame":[0,0,0,1,0,0,0,1,0,0,0,1],"EasingStyle":"Linear","EasingDirection":"In"},"Left Arm":{"Weight":1,"CFrame":[-0.28588390350341799,-0.14708003401756288,-0.16292357444763184,-0.0255001001060009,0.041532002389431,-0.9988117218017578,-0.6408022046089172,0.766190230846405,0.04821917042136192,0.7672824859619141,0.6412702798843384,0.007075861562043428],"EasingStyle":"Linear","EasingDirection":"In"}}},{"Time":0.20000000298023225,"poses":{"Left Leg":{"Weight":1,"CFrame":[-0.31842339038848879,0.0914728045463562,0.05785965919494629,0.9805659651756287,0.04247405380010605,0.1915370523929596,-0.019939245656132699,0.9928038716316223,-0.11808019131422043,-0.19517412781715394,0.1119663193821907,0.9743565320968628],"EasingStyle":"Linear","EasingDirection":"In"},"Right Arm":{"Weight":1,"CFrame":[0.27301931381225588,-0.18304166197776795,-0.28238362073898318,0.08250845968723297,-0.014726703055202961,0.9964815974235535,0.6839870810508728,0.7280502915382385,-0.045874420553445819,-0.7248131036758423,0.6853655576705933,0.07014307379722595],"EasingStyle":"Linear","EasingDirection":"In"},"Head":{"Weight":1,"CFrame":[9.872019290924072e-8,-2.421438694000244e-8,-1.1920928955078126e-7,0.9149213433265686,0.38634881377220156,-0.11684855073690415,-0.3698253035545349,0.9183723330497742,0.14078910648822785,0.1617041677236557,-0.08559741824865341,0.9831199645996094],"EasingStyle":"Linear","EasingDirection":"In"},"Right Leg":{"Weight":1,"CFrame":[0.3210136592388153,0.14653563499450684,0.0771416425704956,0.9780662655830383,-0.029044259339571,-0.2062593251466751,0.020384397357702256,0.9988241195678711,-0.04398731887340546,0.20729441940784455,0.038818009197711948,0.9775081872940064],"EasingStyle":"Linear","EasingDirection":"In"},"Torso":{"Weight":1,"CFrame":[0.010844983160495758,-0.04261821508407593,-0.1415538787841797,0.9314361810684204,-0.3620409071445465,0.03678242862224579,0.3637579083442688,0.9234221577644348,-0.12235916405916214,0.010333309881389141,0.12734965980052949,0.9918040633201599],"EasingStyle":"Linear","EasingDirection":"In"},"HumanoidRootPart":{"Weight":1,"CFrame":[0,0,0,1,0,0,0,1,0,0,0,1],"EasingStyle":"Linear","EasingDirection":"In"},"Left Arm":{"Weight":1,"CFrame":[-0.28709733486175539,-0.1453961730003357,-0.16263926029205323,-0.025500034913420678,0.04153185337781906,-0.998811662197113,-0.6408021450042725,0.766190230846405,0.04821908846497536,0.7672824859619141,0.6412702798843384,0.007075851317495108],"EasingStyle":"Linear","EasingDirection":"In"}}},{"Time":0.23333333432674409,"poses":{"Left Leg":{"Weight":1,"CFrame":[-0.29837748408317568,0.07870763540267945,0.04239630699157715,0.9799380302429199,0.044897399842739108,0.1941796839237213,-0.024041451513767244,0.9938102960586548,-0.10845813900232315,-0.1978474110364914,0.10161387175321579,0.9749518632888794],"EasingStyle":"Linear","EasingDirection":"In"},"Right Arm":{"Weight":1,"CFrame":[0.2762555480003357,-0.1786988377571106,-0.28311651945114138,0.08250852674245835,-0.014726875349879265,0.9964815378189087,0.683987021446228,0.7280504107475281,-0.04587438702583313,-0.7248131632804871,0.6853654384613037,0.07014313340187073],"EasingStyle":"Linear","EasingDirection":"In"},"Head":{"Weight":1,"CFrame":[9.499490261077881e-8,-7.729977369308472e-8,4.76837158203125e-7,0.916854739189148,0.38360726833343508,-0.11055679619312287,-0.369994193315506,0.9205085635185242,0.1255718469619751,0.14993874728679658,-0.0742257684469223,0.985905110836029],"EasingStyle":"Linear","EasingDirection":"In"},"Right Leg":{"Weight":1,"CFrame":[0.2984068989753723,0.12830424308776856,0.06857490539550781,0.977702796459198,-0.033739663660526279,-0.20726530253887177,0.025882918387651445,0.9988441467285156,-0.04050273075699806,0.20839232206344605,0.034234944730997089,0.9774460196495056],"EasingStyle":"Linear","EasingDirection":"In"},"Torso":{"Weight":1,"CFrame":[0.008841298520565033,-0.03557351231575012,-0.1253671646118164,0.9317363500595093,-0.36151549220085146,0.034262578934431079,0.36301523447036745,0.9248447418212891,-0.11349969357252121,0.009344331920146943,0.11818962544202805,0.9929471015930176],"EasingStyle":"Linear","EasingDirection":"In"},"HumanoidRootPart":{"Weight":1,"CFrame":[0,0,0,1,0,0,0,1,0,0,0,1],"EasingStyle":"Linear","EasingDirection":"In"},"Left Arm":{"Weight":1,"CFrame":[-0.2902267575263977,-0.1410532295703888,-0.16190654039382935,-0.025500169023871423,0.04153188690543175,-0.9988117218017578,-0.6408021450042725,0.7661902904510498,0.04821912571787834,0.7672824263572693,0.6412703394889832,0.007075788918882608],"EasingStyle":"Linear","EasingDirection":"In"}}},{"Time":0.2666666805744171,"poses":{"Left Leg":{"Weight":1,"CFrame":[-0.26523348689079287,0.05936276912689209,0.023212194442749025,0.9790534973144531,0.049626100808382037,0.19746269285678864,-0.030905885621905328,0.9948256611824036,-0.09678199887275696,-0.20124392211437226,0.08865197747945786,0.9755213260650635],"EasingStyle":"Linear","EasingDirection":"In"},"Right Arm":{"Weight":1,"CFrame":[0.28051918745040896,-0.1727616786956787,-0.2841185927391052,0.08250845968723297,-0.014726723544299603,0.9964815974235535,0.6839871406555176,0.7280503511428833,-0.045874398201704028,-0.7248130440711975,0.6853654384613037,0.07014314830303192],"EasingStyle":"Linear","EasingDirection":"In"},"Head":{"Weight":1,"CFrame":[9.12696123123169e-8,-4.284083843231201e-8,0,0.9196065068244934,0.3797476291656494,-0.10057586431503296,-0.3701607882976532,0.923366904258728,0.10185525566339493,0.1315477341413498,-0.056437499821186069,0.9897019267082214],"EasingStyle":"Linear","EasingDirection":"In"},"Right Leg":{"Weight":1,"CFrame":[0.26359453797340395,0.10255104303359986,0.05689597129821777,0.977225124835968,-0.04055922105908394,-0.2082933932542801,0.03377710282802582,0.9987803101539612,-0.03601570799946785,0.20950013399124146,0.02815990149974823,0.9774031043052673],"EasingStyle":"Linear","EasingDirection":"In"},"Torso":{"Weight":1,"CFrame":[0.005640380084514618,-0.024691492319107057,-0.10320496559143067,0.9321469664573669,-0.3608154356479645,0.030237069353461267,0.3619920313358307,0.9268219470977783,-0.09981434047222138,0.007990177720785141,0.1039872094988823,0.9945465326309204],"EasingStyle":"Linear","EasingDirection":"In"},"HumanoidRootPart":{"Weight":1,"CFrame":[0,0,0,1,0,0,0,1,0,0,0,1],"EasingStyle":"Linear","EasingDirection":"In"},"Left Arm":{"Weight":1,"CFrame":[-0.2945055663585663,-0.13511624932289124,-0.16090446710586549,-0.025500064715743066,0.04153204336762428,-0.9988117218017578,-0.6408021450042725,0.7661904096603394,0.048219189047813418,0.7672825455665588,0.6412701606750488,0.007075800094753504],"EasingStyle":"Linear","EasingDirection":"In"}}},{"Time":0.30000001192092898,"poses":{"Left Leg":{"Weight":1,"CFrame":[-0.22069981694221497,0.03715085983276367,0.0012998580932617188,0.9780212044715881,0.056276869028806689,0.2007671594619751,-0.040088165551424029,0.9956750869750977,-0.08381061255931854,-0.20461547374725343,0.07392015308141709,0.9760473966598511],"EasingStyle":"Linear","EasingDirection":"In"},"Right Arm":{"Weight":1,"CFrame":[0.28508952260017397,-0.1662927269935608,-0.2852103114128113,0.08250851184129715,-0.014726697467267514,0.9964815378189087,0.6839869618415833,0.7280503511428833,-0.04587440565228462,-0.7248131632804871,0.6853654384613037,0.07014310359954834],"EasingStyle":"Linear","EasingDirection":"In"},"Head":{"Weight":1,"CFrame":[9.12696123123169e-8,-3.166496753692627e-8,-2.980232238769531e-7,0.9227813482284546,0.3753005564212799,-0.08731673657894135,-0.37001872062683108,0.9263086915016174,0.07098111510276795,0.10752148926258087,-0.033191218972206119,0.9936486482620239],"EasingStyle":"Linear","EasingDirection":"In"},"Right Leg":{"Weight":1,"CFrame":[0.21854379773139954,0.07373631000518799,0.04292118549346924,0.9766128659248352,-0.04862896353006363,-0.20943401753902436,0.043161939829587939,0.9985994100570679,-0.0305982306599617,0.21062874794006349,0.020843040198087693,0.9773439764976502],"EasingStyle":"Linear","EasingDirection":"In"},"Torso":{"Weight":1,"CFrame":[0.001353725790977478,-0.010673344135284424,-0.07904410362243653,0.9325953125953674,-0.36006760597229006,0.02484612539410591,0.36086511611938479,0.9289897680282593,-0.08218494057655335,0.00651034340262413,0.08561139553785324,0.9963073134422302],"EasingStyle":"Linear","EasingDirection":"In"},"HumanoidRootPart":{"Weight":1,"CFrame":[0,0,0,1,0,0,0,1,0,0,0,1],"EasingStyle":"Linear","EasingDirection":"In"},"Left Arm":{"Weight":1,"CFrame":[-0.2991675138473511,-0.12864729762077332,-0.15981268882751466,-0.025500094518065454,0.04153190553188324,-0.9988117218017578,-0.6408020853996277,0.7661904096603394,0.04821910336613655,0.7672825455665588,0.6412702202796936,0.007075673900544643],"EasingStyle":"Linear","EasingDirection":"In"}}},{"Time":0.3333333432674408,"poses":{"Left Leg":{"Weight":1,"CFrame":[-0.16823869943618775,0.015972495079040529,-0.02207660675048828,0.9769973158836365,0.06357542425394058,0.20355461537837983,-0.050191354006528857,0.9962654709815979,-0.0702572837471962,-0.2072610706090927,0.05842450261116028,0.9765395522117615],"EasingStyle":"Linear","EasingDirection":"In"},"Right Arm":{"Weight":1,"CFrame":[0.2892460823059082,-0.1603550910949707,-0.2862122654914856,0.08250844478607178,-0.014726666733622551,0.9964815974235535,0.6839870810508728,0.7280502915382385,-0.04587437957525253,-0.7248131036758423,0.6853654384613037,0.0701431855559349],"EasingStyle":"Linear","EasingDirection":"In"},"Head":{"Weight":1,"CFrame":[1.0244548320770264e-7,-2.421438694000244e-8,1.1920928955078126e-7,0.9259749054908752,0.3708077371120453,-0.07121984660625458,-0.3692564368247986,0.9286935329437256,0.03432300314307213,0.07886865735054016,-0.005483858287334442,0.9968699216842651],"EasingStyle":"Linear","EasingDirection":"In"},"Right Leg":{"Weight":1,"CFrame":[0.16753371059894563,0.04652220010757446,0.027880191802978517,0.9759325981140137,-0.055879298597574237,-0.21079124510288239,0.05191668123006821,0.9983559846878052,-0.024290405213832856,0.211802139878273,0.012762172147631646,0.9772292971611023],"EasingStyle":"Linear","EasingDirection":"In"},"Torso":{"Weight":1,"CFrame":[-0.0039121732115745548,0.005773410201072693,-0.05685567855834961,0.9330076575279236,-0.35939502716064455,0.01822366937994957,0.3598201274871826,0.9309924840927124,-0.061501335352659228,0.00513717345893383,0.0639384537935257,0.997940719127655],"EasingStyle":"Linear","EasingDirection":"In"},"HumanoidRootPart":{"Weight":1,"CFrame":[0,0,0,1,0,0,0,1,0,0,0,1],"EasingStyle":"Linear","EasingDirection":"In"},"Left Arm":{"Weight":1,"CFrame":[-0.3034462630748749,-0.12270975112915039,-0.15881073474884034,-0.025500040501356126,0.0415320098400116,-0.998811662197113,-0.640802264213562,0.7661901712417603,0.04821918532252312,0.7672823071479797,0.6412703990936279,0.0070757512003183369],"EasingStyle":"Linear","EasingDirection":"In"}}},{"Time":0.36666667461395266,"poses":{"Left Leg":{"Weight":1,"CFrame":[-0.11722889542579651,0.0001710057258605957,-0.04448884725570679,0.976385772228241,0.06699661910533905,0.20538349449634553,-0.05644961819052696,0.996788740158081,-0.056795742362737659,-0.20852923393249513,0.04386075213551521,0.9770321846008301],"EasingStyle":"Linear","EasingDirection":"In"},"Right Arm":{"Weight":1,"CFrame":[0.2922683656215668,-0.15601316094398499,-0.28694474697113039,0.08250848203897476,-0.014726638793945313,0.9964815378189087,0.6839870810508728,0.7280503511428833,-0.045874424278736117,-0.7248131632804871,0.6853654980659485,0.07014308124780655],"EasingStyle":"Linear","EasingDirection":"In"},"Head":{"Weight":1,"CFrame":[9.569339454174042e-8,-1.949956640601158e-8,-3.5762786865234377e-7,0.9288039207458496,0.36679375171661379,-0.052779003977775577,-0.3676268458366394,0.9299492239952087,-0.006700298748910427,0.04662415757775307,0.02562623843550682,0.9985837340354919],"EasingStyle":"Linear","EasingDirection":"In"},"Right Leg":{"Weight":1,"CFrame":[0.1211332306265831,0.026012718677520753,0.01424860954284668,0.975511908531189,-0.05679560825228691,-0.21248728036880494,0.054402973502874377,0.9983727931976318,-0.017094643786549569,0.21311242878437043,0.0051160394214093689,0.9770143032073975],"EasingStyle":"Linear","EasingDirection":"In"},"Torso":{"Weight":1,"CFrame":[-0.01005808636546135,0.023931309580802919,-0.040578603744506839,0.9333075284957886,-0.3589245080947876,0.01049450971186161,0.3590545952320099,0.9325152635574341,-0.0386657640337944,0.004091800656169653,0.03985515609383583,0.9991970658302307],"EasingStyle":"Linear","EasingDirection":"In"},"HumanoidRootPart":{"Weight":1,"CFrame":[0,0,0,1,0,0,0,1,0,0,0,1],"EasingStyle":"Linear","EasingDirection":"In"},"Left Arm":{"Weight":1,"CFrame":[-0.3065756857395172,-0.11836743354797363,-0.15807777643203736,-0.02550007589161396,0.04153193160891533,-0.998811662197113,-0.6408021450042725,0.766190230846405,0.04821909964084625,0.7672824859619141,0.6412703990936279,0.007075855042785406],"EasingStyle":"Linear","EasingDirection":"In"}}},{"Time":0.4000000059604645,"poses":{"Left Leg":{"Weight":1,"CFrame":[-0.09290175139904022,-0.005003213882446289,-0.060253143310546878,0.9771363139152527,0.05295993760228157,0.20591212809085847,-0.044805679470300677,0.9980233311653137,-0.04406727850437164,-0.20783904194831849,0.03383371978998184,0.9775777459144592],"EasingStyle":"Linear","EasingDirection":"In"},"Right Arm":{"Weight":1,"CFrame":[0.2934359312057495,-0.15432947874069215,-0.28722888231277468,0.08250841498374939,-0.014726580120623112,0.9964815974235535,0.683987021446228,0.7280502915382385,-0.045874424278736117,-0.7248131632804871,0.6853654980659485,0.07014300674200058],"EasingStyle":"Linear","EasingDirection":"In"},"Head":{"Weight":1,"CFrame":[9.406358003616333e-8,3.259629011154175e-9,-5.364418029785156e-7,0.930931568145752,0.3637401759624481,-0.03255077823996544,-0.3650016188621521,0.9296290874481201,-0.05063224956393242,0.011843168176710606,0.05901624262332916,0.9981867671012878],"EasingStyle":"Linear","EasingDirection":"In"},"Right Leg":{"Weight":1,"CFrame":[0.1016705259680748,0.017653822898864747,0.006969451904296875,0.9758989214897156,-0.039251551032066348,-0.21466387808322907,0.03821501135826111,0.9992292523384094,-0.008977952413260937,0.21485088765621186,0.0005581622826866806,0.9766467213630676],"EasingStyle":"Linear","EasingDirection":"In"},"Torso":{"Weight":1,"CFrame":[-0.016993405297398568,0.04307261481881142,-0.03410172462463379,0.9334151148796082,-0.3587937355041504,0.0017725737998262048,0.35878023505210879,0.933307945728302,-0.014593458734452725,0.0035816836170852186,0.014257721602916718,0.9998919367790222],"EasingStyle":"Linear","EasingDirection":"In"},"HumanoidRootPart":{"Weight":1,"CFrame":[0,0,0,1,0,0,0,1,0,0,0,1],"EasingStyle":"Linear","EasingDirection":"In"},"Left Arm":{"Weight":1,"CFrame":[-0.30778902769088747,-0.11668390035629273,-0.15779370069503785,-0.02550002746284008,0.041531939059495929,-0.9988117218017578,-0.6408022046089172,0.7661902904510498,0.04821919649839401,0.7672824859619141,0.6412703394889832,0.007075818721204996],"EasingStyle":"Linear","EasingDirection":"In"}}},{"Time":0.4333333373069763,"poses":{"Left Leg":{"Weight":1,"CFrame":[-0.0933631882071495,-0.0038955211639404299,-0.06994694471359253,0.9784119725227356,0.023930395022034646,0.20527377724647523,-0.017630020156502725,0.9993172883987427,-0.03246721625328064,-0.205910786986351,0.028147341683506967,0.9781659841537476],"EasingStyle":"Linear","EasingDirection":"In"},"Right Arm":{"Weight":1,"CFrame":[0.2934359014034271,-0.154328852891922,-0.28722894191741946,0.0813252255320549,-0.008393614552915097,0.9966522455215454,0.6825659871101379,0.729141891002655,-0.04955568164587021,-0.7262850403785706,0.6843111515045166,0.06502677500247956],"EasingStyle":"Linear","EasingDirection":"In"},"Head":{"Weight":1,"CFrame":[9.685754776000977e-8,1.1175870895385743e-8,1.1920928955078126e-7,0.9321057200431824,0.36201322078704836,-0.011195916682481766,-0.36136865615844729,0.9274809956550598,-0.09587374329566956,-0.024323558434844018,0.09341032058000565,0.9953306317329407],"EasingStyle":"Linear","EasingDirection":"In"},"Right Leg":{"Weight":1,"CFrame":[0.10536248981952667,0.016933917999267579,0.0051163434982299809,0.9761185646057129,-0.007005414925515652,-0.21712559461593629,0.007185833528637886,0.999974250793457,0.00004162977711530402,0.21711967885494233,-0.0016009281389415265,0.9761437177658081],"EasingStyle":"Linear","EasingDirection":"In"},"Torso":{"Weight":1,"CFrame":[-0.02456793375313282,0.0624401830136776,-0.03407788276672363,0.9333757758140564,-0.35881680250167849,-0.007753235753625631,0.3588811159133911,0.9333323240280151,0.009763413108885289,0.0037330687046051027,-0.011895423755049706,0.9999222755432129],"EasingStyle":"Linear","EasingDirection":"In"},"HumanoidRootPart":{"Weight":1,"CFrame":[0,0,0,1,0,0,0,1,0,0,0,1],"EasingStyle":"Linear","EasingDirection":"In"},"Left Arm":{"Weight":1,"CFrame":[-0.2990674376487732,-0.11678069829940796,-0.1581304669380188,-0.021953344345092775,0.04118776693940163,-0.9989101886749268,-0.6409446001052856,0.7662267684936523,0.04567979648709297,0.7672731876373291,0.641248881816864,0.009577739983797074],"EasingStyle":"Linear","EasingDirection":"In"}}},{"Time":0.46666666865348818,"poses":{"Left Leg":{"Weight":1,"CFrame":[-0.09044943004846573,-0.003733038902282715,-0.07959157228469849,0.9790055751800537,-0.002251609694212675,0.20382088422775269,0.006908514071255922,0.9997310638427734,-0.02213957905769348,-0.2037162482738495,0.023082854226231576,0.9787578582763672],"EasingStyle":"Linear","EasingDirection":"In"},"Right Arm":{"Weight":1,"CFrame":[0.2934359312057495,-0.15432867407798768,-0.28722888231277468,0.07810481637716294,0.00796667393296957,0.9969132542610169,0.678952157497406,0.7318047285079956,-0.059041816741228107,-0.7300162315368652,0.6814678907394409,0.05174844712018967],"EasingStyle":"Linear","EasingDirection":"In"},"Head":{"Weight":1,"CFrame":[1.0244548320770264e-7,-1.1175870895385743e-8,2.384185791015625e-7,0.9323261380195618,0.3614680767059326,0.010438898578286171,-0.3565477728843689,0.923686146736145,-0.14027731120586396,-0.06034804880619049,0.12706221640110017,0.9900571703910828],"EasingStyle":"Linear","EasingDirection":"In"},"Right Leg":{"Weight":1,"CFrame":[0.1090664491057396,0.01640629768371582,0.0035425424575805666,0.9752947092056274,0.02466961368918419,-0.21952597796916963,-0.02314152754843235,0.9996868371963501,0.009530101902782917,0.21969233453273774,-0.0042145815677940849,0.9755601286888123],"EasingStyle":"Linear","EasingDirection":"In"},"Torso":{"Weight":1,"CFrame":[-0.03235276788473129,0.0811859667301178,-0.03458046913146973,0.933295488357544,-0.35868051648139956,-0.017543530091643335,0.35908228158950808,0.9327102899551392,0.033338312059640887,0.004405226558446884,-0.0374140664935112,0.9992901682853699],"EasingStyle":"Linear","EasingDirection":"In"},"HumanoidRootPart":{"Weight":1,"CFrame":[0,0,0,1,0,0,0,1,0,0,0,1],"EasingStyle":"Linear","EasingDirection":"In"},"Left Arm":{"Weight":1,"CFrame":[-0.2765748202800751,-0.11746177077293396,-0.15899908542633058,-0.012090425938367844,0.040598805993795398,-0.9991024136543274,-0.6415014266967773,0.7661352157592773,0.03889496624469757,0.7670265436172485,0.6413956880569458,0.016781115904450418],"EasingStyle":"Linear","EasingDirection":"In"}}},{"Time":0.5,"poses":{"Left Leg":{"Weight":1,"CFrame":[-0.08500668406486511,-0.003987550735473633,-0.08872121572494507,0.9791439771652222,-0.024727171286940576,0.2016572654247284,0.027984322980046274,0.9995197057723999,-0.01331681665033102,-0.2012312114238739,0.018682314082980157,0.9793655872344971],"EasingStyle":"Linear","EasingDirection":"In"},"Right Arm":{"Weight":1,"CFrame":[0.2934359908103943,-0.1543288230895996,-0.28722888231277468,0.07333240658044815,0.030386747792363168,0.9968445897102356,0.6741264462471008,0.7350984215736389,-0.07199981808662415,-0.7349666357040405,0.6772791743278503,0.033421870321035388],"EasingStyle":"Linear","EasingDirection":"In"},"Head":{"Weight":1,"CFrame":[9.778887033462525e-8,5.587935447692871e-9,1.1920928955078126e-7,0.9317736029624939,0.36167171597480776,0.03148861229419708,-0.3504982888698578,0.9187955260276794,-0.18156519532203675,-0.09459856897592545,0.15814094245433808,0.9828746914863586],"EasingStyle":"Linear","EasingDirection":"In"},"Right Leg":{"Weight":1,"CFrame":[0.11235225200653076,0.01600337028503418,0.002234339714050293,0.9735802412033081,0.05409688875079155,-0.22184453904628755,-0.0511728897690773,0.9985107779502869,0.018911635503172876,0.22253724932670594,-0.007059586700052023,0.9748987555503845],"EasingStyle":"Linear","EasingDirection":"In"},"Torso":{"Weight":1,"CFrame":[-0.039844781160354617,0.09844006597995758,-0.03551077842712402,0.9331845641136169,-0.35838451981544497,-0.026965564116835595,0.3593570590019226,0.9315757751464844,0.055037256330251697,0.005395963788032532,-0.0610501803457737,0.998120129108429],"EasingStyle":"Linear","EasingDirection":"In"},"HumanoidRootPart":{"Weight":1,"CFrame":[0,0,0,1,0,0,0,1,0,0,0,1],"EasingStyle":"Linear","EasingDirection":"In"},"Left Arm":{"Weight":1,"CFrame":[-0.24581965804100038,-0.11931037902832031,-0.16018664836883546,0.002923299092799425,0.04043436422944069,-0.999177873134613,-0.6426314115524292,0.7656225562095642,0.02910279482603073,0.7661699652671814,0.6420180201530457,0.028222456574440004],"EasingStyle":"Linear","EasingDirection":"In"}}},{"Time":0.5333333611488342,"poses":{"Left Leg":{"Weight":1,"CFrame":[-0.07776333391666413,-0.0043354034423828129,-0.09691858291625977,0.9790893197059631,-0.04256362095475197,0.19892868399620057,0.044688694179058078,0.9989816546440125,-0.006203037220984697,-0.1984621286392212,0.014963175170123577,0.9799944162368774],"EasingStyle":"Linear","EasingDirection":"In"},"Right Arm":{"Weight":1,"CFrame":[0.2934359908103943,-0.15432879328727723,-0.28722888231277468,0.0675547868013382,0.05491030588746071,0.9962033629417419,0.6690638065338135,0.7382055521011353,-0.0860603004693985,-0.7401284575462341,0.6723372936248779,0.013130823150277138],"EasingStyle":"Linear","EasingDirection":"In"},"Head":{"Weight":1,"CFrame":[8.195638656616211e-8,-1.1175870895385743e-8,3.5762786865234377e-7,0.930748701095581,0.3620668053627014,0.05113181099295616,-0.3434576392173767,0.9136301875114441,-0.2175242155790329,-0.12547387182712556,0.18489877879619599,0.9747146964073181],"EasingStyle":"Linear","EasingDirection":"In"},"Right Leg":{"Weight":1,"CFrame":[0.11494451761245728,0.015738964080810548,0.001209259033203125,0.9712958931922913,0.07970524579286576,-0.2241237759590149,-0.07542842626571655,0.996769368648529,0.027594083920121194,0.22559912502765656,-0.009896735660731793,0.9741700291633606],"EasingStyle":"Linear","EasingDirection":"In"},"Torso":{"Weight":1,"CFrame":[-0.04654096066951752,0.11333845555782318,-0.03668212890625,0.9330582618713379,-0.35798048973083498,-0.03538674861192703,0.3596663773059845,0.9301600456237793,0.07377362251281738,0.006505811586976051,-0.08156252652406693,0.9966469407081604],"EasingStyle":"Linear","EasingDirection":"In"},"HumanoidRootPart":{"Weight":1,"CFrame":[0,0,0,1,0,0,0,1,0,0,0,1],"EasingStyle":"Linear","EasingDirection":"In"},"Left Arm":{"Weight":1,"CFrame":[-0.2123102843761444,-0.12291038036346436,-0.16148054599761964,0.021987484768033029,0.041370563209056857,-0.998901903629303,-0.6444927453994751,0.7644109129905701,0.017472539097070695,0.7642942667007446,0.6434007883071899,0.043470438569784167],"EasingStyle":"Linear","EasingDirection":"In"}}},{"Time":0.5666666626930237,"poses":{"Left Leg":{"Weight":1,"CFrame":[-0.07033650577068329,-0.004563331604003906,-0.10360240936279297,0.9790791869163513,-0.05535983666777611,0.1958044320344925,0.05664587765932083,0.9983939528465271,-0.0009697876521386206,-0.19543619453907014,0.012041027657687664,0.9806424379348755],"EasingStyle":"Linear","EasingDirection":"In"},"Right Arm":{"Weight":1,"CFrame":[0.2934359908103943,-0.1543292999267578,-0.28722888231277468,0.06142542511224747,0.07762756943702698,0.9950884580612183,0.6647139191627502,0.7405361533164978,-0.09880165755748749,-0.7445685863494873,0.6675180196762085,-0.006112342234700918],"EasingStyle":"Linear","EasingDirection":"In"},"Head":{"Weight":1,"CFrame":[8.195638656616211e-8,-1.4901161193847657e-8,-1.7881393432617188e-7,0.9296517968177795,0.3619961142539978,0.06860262900590897,-0.33587777614593508,0.9092035889625549,-0.24603848159313203,-0.15143875777721406,0.2056879997253418,0.9668291807174683],"EasingStyle":"Linear","EasingDirection":"In"},"Right Leg":{"Weight":1,"CFrame":[0.1166832447052002,0.01566988229751587,0.0005112886428833008,0.9688727855682373,0.10001310706138611,-0.22645767033100129,-0.09452676773071289,0.9949079751968384,0.034971073269844058,0.22880211472511292,-0.012476262636482716,0.9733929634094238],"EasingStyle":"Linear","EasingDirection":"In"},"Torso":{"Weight":1,"CFrame":[-0.05194056034088135,0.12502676248550416,-0.03784441947937012,0.9329372048377991,-0.3575601875782013,-0.04217734560370445,0.35996028780937197,0.928763210773468,0.08847296237945557,0.007538358680903912,-0.0977218821644783,0.9951851963996887],"EasingStyle":"Linear","EasingDirection":"In"},"HumanoidRootPart":{"Weight":1,"CFrame":[0,0,0,1,0,0,0,1,0,0,0,1],"EasingStyle":"Linear","EasingDirection":"In"},"Left Arm":{"Weight":1,"CFrame":[-0.1815551519393921,-0.12884575128555299,-0.16266822814941407,0.04412558674812317,0.04410827159881592,-0.9980518221855164,-0.6472864151000977,0.7622300386428833,0.0050685522146523,0.7609685659408569,0.6458017826080322,0.06218447536230087],"EasingStyle":"Linear","EasingDirection":"In"}}},{"Time":0.6000000238418579,"poses":{"Left Leg":{"Weight":1,"CFrame":[-0.06485585868358612,-0.004654526710510254,-0.10812145471572876,0.9792812466621399,-0.06301859766244888,0.19244979321956635,0.06377957761287689,0.9979615211486816,0.0022443686611950399,-0.19219909608364106,0.01007650326937437,0.9813042879104614],"EasingStyle":"Linear","EasingDirection":"In"},"Right Arm":{"Weight":1,"CFrame":[0.2934359312057495,-0.15432903170585633,-0.2872288227081299,0.05569502338767052,0.0946972668170929,0.9939469695091248,0.661992609500885,0.7417232394218445,-0.1077611893415451,-0.7474381923675537,0.663987398147583,-0.021378643810749055],"EasingStyle":"Linear","EasingDirection":"In"},"Head":{"Weight":1,"CFrame":[1.1920928955078126e-7,-3.725290298461914e-9,0,0.9289507269859314,0.3607381582260132,0.08317773789167404,-0.32832610607147219,0.9066061973571777,-0.265079528093338,-0.17103371024131776,0.21893633902072907,0.9606322646141052],"EasingStyle":"Linear","EasingDirection":"In"},"Right Leg":{"Weight":1,"CFrame":[0.11746291816234589,0.015852808952331544,0.000194549560546875,0.9667827486991882,0.1135907769203186,-0.22897224128246308,-0.10714703053236008,0.9934211373329163,0.040422286838293079,0.23205746710300446,-0.014545945450663567,0.972593367099762],"EasingStyle":"Linear","EasingDirection":"In"},"Torso":{"Weight":1,"CFrame":[-0.05554529279470444,0.1326589435338974,-0.038721323013305667,0.9328457117080689,-0.3572351634502411,-0.046710699796676639,0.36018043756484988,0.9277133941650391,0.09807129949331284,0.008299624547362328,-0.10830968618392945,0.9940825700759888],"EasingStyle":"Linear","EasingDirection":"In"},"HumanoidRootPart":{"Weight":1,"CFrame":[0,0,0,1,0,0,0,1,0,0,0,1],"EasingStyle":"Linear","EasingDirection":"In"},"Left Arm":{"Weight":1,"CFrame":[-0.15906257927417756,-0.13769957423210145,-0.16353678703308106,0.06851034611463547,0.04940658062696457,-0.9964262843132019,-0.6512916684150696,0.7587937116622925,-0.007156415842473507,0.7557284832000732,0.6494544744491577,0.08416328579187393],"EasingStyle":"Linear","EasingDirection":"In"}}},{"Time":0.6333333253860474,"poses":{"Left Leg":{"Weight":1,"CFrame":[-0.06375691294670105,-0.0046814680099487309,-0.10979896783828736,0.9797818064689636,-0.06562142074108124,0.18900127708911897,0.06618569791316986,0.9978017807006836,0.0033312251325696708,-0.18880432844161988,0.009245281107723713,0.9819711446762085],"EasingStyle":"Linear","EasingDirection":"In"},"Right Arm":{"Weight":1,"CFrame":[0.2934359610080719,-0.15432888269424439,-0.28722888231277468,0.05115429684519768,0.10232282429933548,0.9934351444244385,0.6617841720581