{"Sequence":[{"Time":0,"poses":{"Left Leg":{"Weight":1,"CFrame":[-0.16223299503326417,0.02553725242614746,0.02162116765975952,0.949042022228241,0.29176878929138186,0.11912320554256439,-0.28535881638526919,0.9559980034828186,-0.06810492277145386,-0.13375240564346314,0.030641572549939157,0.9905409812927246],"EasingStyle":"Constant","EasingDirection":"In"},"Right Arm":{"Weight":1,"CFrame":[-0.010534942150115967,-0.643538236618042,0.18818974494934083,-0.31986692547798159,-0.8788050413131714,0.3541003465652466,0.9411105513572693,-0.33790281414985659,0.011520786210894585,0.10952689498662949,0.33693262934684756,0.9351365566253662],"EasingStyle":"Constant","EasingDirection":"In"},"Head":{"Weight":1,"CFrame":[9.778887033462525e-8,-7.078051567077637e-8,-5.960464477539063e-8,0.816413938999176,0.5769113898277283,-0.025332512333989145,-0.5702977180480957,0.8123926520347595,0.12156811356544495,0.09071396291255951,-0.08480280637741089,0.9922598600387573],"EasingStyle":"Constant","EasingDirection":"In"},"Left Arm":{"Weight":1,"CFrame":[0.15020525455474854,-0.2001398801803589,-0.0645463615655899,-0.45611315965652468,0.575181245803833,-0.6790637373924255,-0.8439687490463257,-0.5216093063354492,0.12506239116191865,-0.2822722792625427,0.6301510334014893,0.7233477234840393],"EasingStyle":"Constant","EasingDirection":"In"},"Torso":{"Weight":1,"CFrame":[0.011681603267788887,-0.016732987016439439,-0.17289163172245027,0.3446972668170929,-0.9301707744598389,0.1263594627380371,0.9387139081954956,0.341559499502182,-0.04639912396669388,5.8845259331974378e-8,0.1346088945865631,0.990898847579956],"EasingStyle":"Constant","EasingDirection":"In"},"HumanoidRootPart":{"Weight":0,"CFrame":[0,0,0,1,0,0,0,1,0,0,0,1],"EasingStyle":"Linear","EasingDirection":"In"},"Right Leg":{"Weight":1,"CFrame":[0.01357889175415039,0.046661436557769778,0.0529387891292572,0.864976167678833,-0.2813604474067688,-0.4155149459838867,0.2533320486545563,0.9596019983291626,-0.12242133915424347,0.43317359685897829,0.0006282944232225418,0.901310384273529],"EasingStyle":"Constant","EasingDirection":"In"}}},{"Time":0.03333333507180214,"poses":{"Left Leg":{"Weight":1,"CFrame":[-0.15676215291023255,0.02528291940689087,0.02134186029434204,0.9606313109397888,0.25126299262046816,0.11855107545852661,-0.24597014486789704,0.9675652980804443,-0.05758488550782204,-0.1291748583316803,0.026157813146710397,0.9912768006324768],"EasingStyle":"Constant","EasingDirection":"In"},"Right Arm":{"Weight":1,"CFrame":[-0.03427612781524658,-0.6925441026687622,0.1914784014225006,-0.38679152727127077,-0.8881470561027527,0.2481675148010254,0.9184390902519226,-0.3468421995639801,0.19018466770648957,-0.08283694833517075,0.30148863792419436,0.9498645663261414],"EasingStyle":"Constant","EasingDirection":"In"},"Head":{"Weight":1,"CFrame":[1.0151416063308716e-7,5.21540641784668e-8,1.7881393432617188e-7,0.8061963319778442,0.591412365436554,-0.016696950420737268,-0.5872060656547546,0.8032764792442322,0.09967979788780213,0.07236413657665253,-0.07055693119764328,0.9948795437812805],"EasingStyle":"Constant","EasingDirection":"In"},"Left Arm":{"Weight":1,"CFrame":[0.20420429110527039,-0.24222686886787415,-0.06843800842761994,-0.5206365585327148,0.7624453902244568,-0.38420653343200686,-0.8522039651870728,-0.4367676079273224,0.28806689381599429,0.0518263503909111,0.4774003028869629,0.877156138420105],"EasingStyle":"Constant","EasingDirection":"In"},"Torso":{"Weight":1,"CFrame":[0.011681616306304932,-0.01673298329114914,-0.14887477457523347,0.3446972668170929,-0.9321746826171875,0.11061081290245056,0.9387139081954956,0.3422953486442566,-0.04061620309948921,5.887214626909554e-8,0.11783210188150406,0.9930335879325867],"EasingStyle":"Constant","EasingDirection":"In"},"HumanoidRootPart":{"Weight":0,"CFrame":[0,0,0,1,0,0,0,1,0,0,0,1],"EasingStyle":"Linear","EasingDirection":"In"},"Right Leg":{"Weight":1,"CFrame":[-0.0057035088539123539,0.040792107582092288,0.052659451961517337,0.8372309803962708,-0.2400449812412262,-0.49134784936904909,0.20953164994716645,0.9707498550415039,-0.11722302436828613,0.5051146149635315,-0.004810170270502567,0.8630388975143433],"EasingStyle":"Constant","EasingDirection":"In"}}},{"Time":0.06666667014360428,"poses":{"Left Leg":{"Weight":1,"CFrame":[-0.1256941854953766,0.021127164363861085,0.0207272469997406,0.9805898070335388,0.15845058858394624,0.11548645794391632,-0.15546150505542756,0.9872393012046814,-0.03450298309326172,-0.11947982013225556,0.015879571437835695,0.9927096366882324],"EasingStyle":"Constant","EasingDirection":"In"},"Right Arm":{"Weight":1,"CFrame":[-0.04646724462509155,-0.8003572225570679,0.19316715002059937,-0.4699191451072693,-0.8645243644714356,0.17825202643871308,0.8661494255065918,-0.41267162561416628,0.2819351255893707,-0.17018026113510133,0.28687962889671328,0.9427294731140137],"EasingStyle":"Constant","EasingDirection":"In"},"Head":{"Weight":1,"CFrame":[9.08257788978517e-8,2.0489096641540528e-8,-1.7881393432617188e-7,0.8011772632598877,0.5984271764755249,0.00008790108404355124,-0.5976516008377075,0.8001313805580139,0.05101311579346657,0.03045729547739029,-0.04092307388782501,0.9986979961395264],"EasingStyle":"Constant","EasingDirection":"In"},"Left Arm":{"Weight":1,"CFrame":[0.23193347454071046,-0.35046055912971499,-0.07699994742870331,-0.5047376155853272,0.8367135524749756,-0.21248644590377809,-0.8363265991210938,-0.4129209518432617,0.3606301248073578,0.2140040099620819,0.35973164439201357,0.9081825613975525],"EasingStyle":"Constant","EasingDirection":"In"},"Torso":{"Weight":1,"CFrame":[0.011681640520691872,-0.016732968389987947,-0.094439297914505,0.3446972668170929,-0.9358118176460266,0.07376034557819367,0.9387139081954956,0.34363090991973879,-0.02708468586206436,5.895888222084977e-8,0.07857591658830643,0.9969082474708557],"EasingStyle":"Constant","EasingDirection":"In"},"HumanoidRootPart":{"Weight":0,"CFrame":[0,0,0,1,0,0,0,1,0,0,0,1],"EasingStyle":"Linear","EasingDirection":"In"},"Right Leg":{"Weight":1,"CFrame":[-0.050847381353378299,0.027746856212615968,0.05204492807388306,0.8124152421951294,-0.14585773646831513,-0.5645413994789124,0.12318499386310578,0.9892879724502564,-0.07832538336515427,0.5699183344841003,-0.005910295527428389,0.8216801285743713],"EasingStyle":"Constant","EasingDirection":"In"}}},{"Time":0.10000000149011612,"poses":{"Left Leg":{"Weight":1,"CFrame":[-0.08589500188827515,0.013286292552947998,0.020112305879592897,0.9922121167182922,0.058709610253572467,0.10985558480024338,-0.05779309570789337,0.9982622861862183,-0.011511175893247128,-0.11034045368432999,0.005072636995464563,0.9938809871673584],"EasingStyle":"Constant","EasingDirection":"In"},"Right Arm":{"Weight":1,"CFrame":[-0.0509587824344635,-0.9081698656082153,0.19378942251205445,-0.5433388948440552,-0.8274005651473999,0.14209532737731934,0.81657874584198,-0.4815773367881775,0.318248987197876,-0.19488953053951264,0.28894898295402529,0.937297523021698],"EasingStyle":"Constant","EasingDirection":"In"},"Head":{"Weight":1,"CFrame":[9.406358003616333e-8,6.28642737865448e-9,-2.682209014892578e-7,0.7989891171455383,0.6011209487915039,0.016432832926511766,-0.6012284159660339,0.7990744709968567,0.0021053566597402097,-0.011865485459566117,-0.011562036350369454,0.999862790107727],"EasingStyle":"Constant","EasingDirection":"In"},"Left Arm":{"Weight":1,"CFrame":[0.24214953184127809,-0.4977985620498657,-0.0855618417263031,-0.4899246096611023,0.8602306246757507,-0.14134112000465394,-0.8302489519119263,-0.410981684923172,0.3765382766723633,0.26582100987434389,0.3018236458301544,0.9155553579330444],"EasingStyle":"Constant","EasingDirection":"In"},"Torso":{"Weight":1,"CFrame":[0.011681647971272469,-0.016732951626181604,-0.03600693121552467,0.3446972668170929,-0.9381833076477051,0.03156580403447151,0.9387139081954956,0.34450170397758486,-0.011590813286602497,5.909743805432299e-8,0.03362676501274109,0.9994344711303711],"EasingStyle":"Constant","EasingDirection":"In"},"HumanoidRootPart":{"Weight":0,"CFrame":[0,0,0,1,0,0,0,1,0,0,0,1],"EasingStyle":"Linear","EasingDirection":"In"},"Right Leg":{"Weight":1,"CFrame":[-0.10236254334449768,0.013353109359741211,0.05143016576766968,0.7868981957435608,-0.044939979910850528,-0.6154441833496094,0.036977577954530719,0.9989864826202393,-0.025667376816272737,0.615973949432373,-0.002560025081038475,0.787762463092804],"EasingStyle":"Constant","EasingDirection":"In"}}},{"Time":0.13333334028720857,"poses":{"Left Leg":{"Weight":1,"CFrame":[-0.05401146039366722,0,0.019832909107208253,0.9943253993988037,-1.8898393960853356e-9,0.10638180375099182,1.0947869277799782e-8,1,-8.45623659984085e-8,-0.10638183355331421,8.524717287627937e-8,0.9943253993988037],"EasingStyle":"Constant","EasingDirection":"In"},"Right Arm":{"Weight":1,"CFrame":[-0.05160057544708252,-0.9571751356124878,0.193878173828125,-0.5757215619087219,-0.8063623309135437,0.13536803424358369,0.7927511930465698,-0.5099477767944336,0.3339146375656128,-0.20022550225257874,0.2995550334453583,0.9328325986862183],"EasingStyle":"Constant","EasingDirection":"In"},"Head":{"Weight":1,"CFrame":[8.940696716308594e-8,-9.313225746154786e-10,1.1920928955078126e-7,0.798416793346405,0.6016342639923096,0.023812051862478257,-0.6012997627258301,0.7987698316574097,-0.02013576030731201,-0.03113471157848835,0.0017585479654371739,0.9995137453079224],"EasingStyle":"Constant","EasingDirection":"In"},"Left Arm":{"Weight":1,"CFrame":[0.24360902607440949,-0.6571993827819824,-0.08945363759994507,-0.48641619086265566,0.8656956553459168,-0.11819592863321305,-0.8279821276664734,-0.41351383924484255,0.378750741481781,0.2790071964263916,0.28209471702575686,0.9179202318191528],"EasingStyle":"Constant","EasingDirection":"In"},"Torso":{"Weight":1,"CFrame":[0.011681642383337021,-0.01673296093940735,-7.493873077635272e-9,0.3446972668170929,-0.9387142062187195,2.2019719381205506e-8,0.9387139081954956,0.34469664096832278,1.1910082520216747e-7,1.0604939149061465e-7,2.700831203128473e-7,1],"EasingStyle":"Constant","EasingDirection":"In"},"HumanoidRootPart":{"Weight":0,"CFrame":[0,0,0,1,0,0,0,1,0,0,0,1],"EasingStyle":"Linear","EasingDirection":"In"},"Right Leg":{"Weight":1,"CFrame":[-0.13929885625839234,1.1920928955078126e-7,0.05115070939064026,0.7737225890159607,0.014222108758985997,-0.6333649754524231,-0.011004972271621228,0.9998988509178162,0.009008828550577164,0.6334291100502014,-1.7165845633826394e-7,0.7738009095191956],"EasingStyle":"Constant","EasingDirection":"In"}}},{"Time":0.1666666716337204,"poses":{"Left Leg":{"Weight":1,"CFrame":[-0.0383322648704052,-0.013218045234680176,0.01858881115913391,0.9942233562469482,-0.015691634267568589,0.10617803037166596,0.015732279047369958,0.9998762011528015,0.0004548140277620405,-0.10617204010486603,0.0012182358186692,0.994347095489502],"EasingStyle":"Constant","EasingDirection":"In"},"Right Arm":{"Weight":1,"CFrame":[-0.05106934905052185,-0.9496257305145264,0.1933634877204895,-0.568996012210846,-0.8095004558563232,0.14475010335445405,0.7934597134590149,-0.4942011535167694,0.35522791743278506,-0.21602152287960053,0.3169765770435333,0.9235044717788696],"EasingStyle":"Constant","EasingDirection":"In"},"Head":{"Weight":1,"CFrame":[9.12696123123169e-8,-8.381903171539307e-9,-2.9802322387695315e-8,0.7984167337417603,0.6016342639923096,0.023812053725123407,-0.6012998223304749,0.7987697720527649,-0.02013576216995716,-0.03113471157848835,0.0017585479654371739,0.9995137453079224],"EasingStyle":"Constant","EasingDirection":"In"},"Left Arm":{"Weight":1,"CFrame":[0.19172585010528565,-0.802000105381012,-0.04048788547515869,-0.49311426281929018,0.8642904162406921,-0.09919936954975128,-0.8148841857910156,-0.41895219683647158,0.4005534052848816,0.30463463068008425,0.2783546447753906,0.9108878374099731],"EasingStyle":"Constant","EasingDirection":"In"},"Torso":{"Weight":1,"CFrame":[0.011681640520691872,-0.0167329553514719,0.011250011622905732,0.34449902176856997,-0.9386647343635559,-0.015150708146393299,0.9387859106063843,0.344474196434021,0.004262436646968126,0.0012182582868263126,-0.01569133624434471,0.9998761415481567],"EasingStyle":"Constant","EasingDirection":"In"},"HumanoidRootPart":{"Weight":0,"CFrame":[0,0,0,1,0,0,0,1,0,0,0,1],"EasingStyle":"Linear","EasingDirection":"In"},"Right Leg":{"Weight":1,"CFrame":[-0.155351459980011,-0.007655501365661621,0.05235251784324646,0.7733331918716431,0.029910406097769738,-0.6332939863204956,-0.022370774298906328,0.9995518922805786,0.01989113539457321,0.6336051821708679,-0.0012151992414146662,0.7736556529998779],"EasingStyle":"Constant","EasingDirection":"In"}}},{"Time":0.20000000298023225,"poses":{"Left Leg":{"Weight":1,"CFrame":[-0.03274378180503845,-0.01987457275390625,0.01626133918762207,0.9941532015800476,-0.021473057568073274,0.10582257807254791,0.021720601245760919,0.9997633695602417,-0.0011871394235640765,-0.10577203333377838,0.0034787270706146957,0.9943843483924866],"EasingStyle":"Constant","EasingDirection":"In"},"Right Arm":{"Weight":1,"CFrame":[-0.050083160400390628,-0.9356039762496948,0.19240766763687135,-0.5551049709320068,-0.8168596625328064,0.15683993697166444,0.7979387640953064,-0.46972987055778506,0.3776872754096985,-0.2348450869321823,0.3348047435283661,0.9125533699989319],"EasingStyle":"Constant","EasingDirection":"In"},"Head":{"Weight":1,"CFrame":[8.568167686462403e-8,7.450580596923828e-9,-8.940696716308594e-8,0.7984167337417603,0.6016342639923096,0.023812048137187959,-0.6012997627258301,0.7987697720527649,-0.020135758444666864,-0.0311347134411335,0.0017585468012839556,0.9995136260986328],"EasingStyle":"Constant","EasingDirection":"In"},"Left Arm":{"Weight":1,"CFrame":[0.09537169337272644,-0.9070479869842529,0.05044835805892944,-0.5058354735374451,0.8588056564331055,-0.08113733679056168,-0.7948221564292908,-0.4274539053440094,0.4307447075843811,0.33524346351623537,0.2823758125305176,0.8988190293312073],"EasingStyle":"Constant","EasingDirection":"In"},"Torso":{"Weight":1,"CFrame":[0.011681638658046723,-0.01673295348882675,0.015394915826618672,0.3441200852394104,-0.9386829733848572,-0.02135852351784706,0.9389193058013916,0.3441122770309448,0.004124090075492859,0.0034787540789693596,-0.0214727520942688,0.9997633695602417],"EasingStyle":"Constant","EasingDirection":"In"},"HumanoidRootPart":{"Weight":0,"CFrame":[0,0,0,1,0,0,0,1,0,0,0,1],"EasingStyle":"Linear","EasingDirection":"In"},"Right Leg":{"Weight":1,"CFrame":[-0.1616356372833252,-0.008494138717651368,0.05459111928939819,0.7729671001434326,0.035689715296030048,-0.6334415078163147,-0.025403708219528199,0.9993569850921631,0.02530704438686371,0.633937418460846,-0.0034697495866566898,0.7733767032623291],"EasingStyle":"Constant","EasingDirection":"In"}}},{"Time":0.23333333432674409,"poses":{"Left Leg":{"Weight":1,"CFrame":[-0.03208014741539955,-0.02173435688018799,0.015005648136138916,0.9941549301147461,-0.02229984477162361,0.10563531517982483,0.02267107181251049,0.9997403621673584,-0.002314608311280608,-0.10555630922317505,0.004695944953709841,0.994402289390564],"EasingStyle":"Constant","EasingDirection":"In"},"Right Arm":{"Weight":1,"CFrame":[-0.04955205321311951,-0.9280542731285095,0.19189295172691346,-0.5474625825881958,-0.8208143711090088,0.16293705999851228,0.8004605770111084,-0.45686936378479006,0.3879859745502472,-0.24402353167533875,0.34283244609832766,0.9071484804153442],"EasingStyle":"Constant","EasingDirection":"In"},"Head":{"Weight":1,"CFrame":[8.288770914077759e-8,7.450580596923828e-9,-3.8743019104003908e-7,0.798416793346405,0.6016343235969544,0.023812049999833108,-0.6012997627258301,0.7987697720527649,-0.02013576030731201,-0.0311347134411335,0.0017585470341145993,0.9995136857032776],"EasingStyle":"Constant","EasingDirection":"In"},"Left Arm":{"Weight":1,"CFrame":[0.043488383293151858,-0.9475696086883545,0.0994141697883606,-0.5125659704208374,0.8555437326431274,-0.07294585555791855,-0.7841140031814575,-0.4317605495452881,0.4458116888999939,0.3499163091182709,0.2857057750225067,0.8921495079994202],"EasingStyle":"Constant","EasingDirection":"In"},"Torso":{"Weight":1,"CFrame":[0.011681641452014447,-0.016732951626181604,0.015986910089850427,0.3439151346683502,-0.9387301206588745,-0.02255437523126602,0.938988983631134,0.3439311385154724,0.0032612341456115247,0.004695972893387079,-0.02229953370988369,0.9997403025627136],"EasingStyle":"Constant","EasingDirection":"In"},"HumanoidRootPart":{"Weight":0,"CFrame":[0,0,0,1,0,0,0,1,0,0,0,1],"EasingStyle":"Linear","EasingDirection":"In"},"Right Leg":{"Weight":1,"CFrame":[-0.16268175840377809,-0.007663130760192871,0.05579444766044617,0.7728257775306702,0.036516159772872928,-0.633566677570343,-0.02526770904660225,0.9993221163749695,0.026775170117616655,0.6341149806976318,-0.0046837665140628819,0.7732245922088623],"EasingStyle":"Constant","EasingDirection":"In"}}},{"Time":0.2666666805744171,"poses":{"Left Leg":{"Weight":1,"CFrame":[-0.03208014741539955,-0.02173435688018799,0.015005648136138916,0.9941549301147461,-0.02229984477162361,0.10563531517982483,0.02267107181251049,0.9997403621673584,-0.002314608311280608,-0.10555630922317505,0.004695944953709841,0.994402289390564],"EasingStyle":"Constant","EasingDirection":"In"},"Right Arm":{"Weight":1,"CFrame":[-0.04955205321311951,-0.9280542731285095,0.19189295172691346,-0.5474625825881958,-0.8208143711090088,0.16293705999851228,0.8004605770111084,-0.45686936378479006,0.3879859745502472,-0.24402353167533875,0.34283244609832766,0.9071484804153442],"EasingStyle":"Constant","EasingDirection":"In"},"Head":{"Weight":1,"CFrame":[8.288770914077759e-8,7.450580596923828e-9,-3.8743019104003908e-7,0.798416793346405,0.6016343235969544,0.023812049999833108,-0.6012997627258301,0.7987697720527649,-0.02013576030731201,-0.0311347134411335,0.0017585470341145993,0.9995136857032776],"EasingStyle":"Constant","EasingDirection":"In"},"Left Arm":{"Weight":1,"CFrame":[0.043488383293151858,-0.9475696086883545,0.0994141697883606,-0.5125659704208374,0.8555437326431274,-0.07294585555791855,-0.7841140031814575,-0.4317605495452881,0.4458116888999939,0.3499163091182709,0.2857057750225067,0.8921495079994202],"EasingStyle":"Constant","EasingDirection":"In"},"Torso":{"Weight":1,"CFrame":[0.011681641452014447,-0.016732951626181604,0.015986910089850427,0.3439151346683502,-0.9387301206588745,-0.02255437523126602,0.938988983631134,0.3439311385154724,0.0032612341456115247,0.004695972893387079,-0.02229953370988369,0.9997403025627136],"EasingStyle":"Constant","EasingDirection":"In"},"HumanoidRootPart":{"Weight":0,"CFrame":[0,0,0,1,0,0,0,1,0,0,0,1],"EasingStyle":"Linear","EasingDirection":"In"},"Right Leg":{"Weight":1,"CFrame":[-0.16268175840377809,-0.007663130760192871,0.05579444766044617,0.7728257775306702,0.036516159772872928,-0.633566677570343,-0.02526770904660225,0.9993221163749695,0.026775170117616655,0.6341149806976318,-0.0046837665140628819,0.7732245922088623],"EasingStyle":"Constant","EasingDirection":"In"}}},{"Time":0.30000001192092898,"poses":{"Left Leg":{"Weight":1,"CFrame":[-0.03208014741539955,-0.02173435688018799,0.015005648136138916,0.9941549301147461,-0.02229984477162361,0.10563531517982483,0.02267107181251049,0.9997403621673584,-0.002314608311280608,-0.10555630922317505,0.004695944953709841,0.994402289390564],"EasingStyle":"Constant","EasingDirection":"In"},"Right Arm":{"Weight":1,"CFrame":[-0.04955205321311951,-0.9280542731285095,0.19189295172691346,-0.5474625825881958,-0.8208143711090088,0.16293705999851228,0.8004605770111084,-0.45686936378479006,0.3879859745502472,-0.24402353167533875,0.34283244609832766,0.9071484804153442],"EasingStyle":"Constant","EasingDirection":"In"},"Head":{"Weight":1,"CFrame":[8.288770914077759e-8,7.450580596923828e-9,-3.8743019104003908e-7,0.798416793346405,0.6016343235969544,0.023812049999833108,-0.6012997627258301,0.7987697720527649,-0.02013576030731201,-0.0311347134411335,0.0017585470341145993,0.9995136857032776],"EasingStyle":"Constant","EasingDirection":"In"},"Left Arm":{"Weight":1,"CFrame":[0.043488383293151858,-0.9475696086883545,0.0994141697883606,-0.5125659704208374,0.8555437326431274,-0.07294585555791855,-0.7841140031814575,-0.4317605495452881,0.4458116888999939,0.3499163091182709,0.2857057750225067,0.8921495079994202],"EasingStyle":"Constant","EasingDirection":"In"},"Torso":{"Weight":1,"CFrame":[0.011681641452014447,-0.016732951626181604,0.015986910089850427,0.3439151346683502,-0.9387301206588745,-0.02255437523126602,0.938988983631134,0.3439311385154724,0.0032612341456115247,0.004695972893387079,-0.02229953370988369,0.9997403025627136],"EasingStyle":"Constant","EasingDirection":"In"},"HumanoidRootPart":{"Weight":0,"CFrame":[0,0,0,1,0,0,0,1,0,0,0,1],"EasingStyle":"Linear","EasingDirection":"In"},"Right Leg":{"Weight":1,"CFrame":[-0.16268175840377809,-0.007663130760192871,0.05579444766044617,0.7728257775306702,0.036516159772872928,-0.633566677570343,-0.02526770904660225,0.9993221163749695,0.026775170117616655,0.6341149806976318,-0.0046837665140628819,0.7732245922088623],"EasingStyle":"Constant","EasingDirection":"In"}}},{"Time":0.3333333432674408,"poses":{"Left Leg":{"Weight":1,"CFrame":[-0.014013759791851044,0.06194204092025757,0.02650204300880432,0.9834609031677246,-0.15104904770851136,0.09994387626647949,0.15085431933403016,0.9885098934173584,0.009546715766191483,-0.10023754090070725,0.0056881471537053589,0.9949473738670349],"EasingStyle":"Constant","EasingDirection":"In"},"Right Arm":{"Weight":1,"CFrame":[-0.04955202341079712,-0.9280544519424439,0.1918928176164627,-0.6286829710006714,-0.7389875650405884,0.24218851327896119,0.7610748410224915,-0.520696222782135,0.3868339955806732,-0.1597587764263153,0.4275195300579071,0.8897776007652283],"EasingStyle":"Constant","EasingDirection":"In"},"Head":{"Weight":1,"CFrame":[8.195638656616211e-8,-3.3527612686157229e-8,-8.940696716308594e-8,0.7993711829185486,0.5990170240402222,0.04673644155263901,-0.5945950150489807,0.7998529076576233,-0.08180639147758484,-0.08638568967580795,0.037604428827762607,0.9955518245697022],"EasingStyle":"Constant","EasingDirection":"In"},"Left Arm":{"Weight":1,"CFrame":[0.365031898021698,-0.7632993459701538,0.07763555645942688,-0.273193359375,0.9582610130310059,-0.08426977694034577,-0.9039775133132935,-0.22578594088554383,0.3631051480770111,0.3289225697517395,0.17537589371204377,0.9279295802116394],"EasingStyle":"Constant","EasingDirection":"In"},"Torso":{"Weight":1,"CFrame":[0.04393044859170914,-0.02068970911204815,-0.1315317451953888,0.34497150778770449,-0.9349147081375122,-0.08324476331472397,0.938558042049408,0.34455254673957827,0.01979731395840645,0.010173652321100235,-0.0849589928984642,0.9963324666023254],"EasingStyle":"Constant","EasingDirection":"In"},"HumanoidRootPart":{"Weight":0,"CFrame":[0,0,0,1,0,0,0,1,0,0,0,1],"EasingStyle":"Linear","EasingDirection":"In"},"Right Leg":{"Weight":1,"CFrame":[-0.1877424418926239,0.10509848594665528,0.04318532347679138,0.7371401786804199,0.16481047868728639,-0.6553334593772888,-0.12487606704235077,0.9863220453262329,0.10758651793003082,0.664101243019104,0.0025291088968515398,0.747638463973999],"EasingStyle":"Constant","EasingDirection":"In"}}},{"Time":0.36666667461395266,"poses":{"Left Leg":{"Weight":1,"CFrame":[-0.0066811442375183109,0.1432620882987976,0.03897744417190552,0.9563616514205933,-0.2772520184516907,0.09221538156270981,0.2766028940677643,0.960776150226593,0.0200039129704237,-0.09414447098970413,0.006376075558364391,0.9955381751060486],"EasingStyle":"Constant","EasingDirection":"In"},"Right Arm":{"Weight":1,"CFrame":[-0.04955205321311951,-0.9280546307563782,0.19189289212226869,-0.7233158946037293,-0.6169590950012207,0.3101217746734619,0.6881764531135559,-0.6071240305900574,0.39725765585899355,-0.05680938437581062,0.5007612705230713,0.8637192249298096],"EasingStyle":"Constant","EasingDirection":"In"},"Head":{"Weight":1,"CFrame":[8.568167686462403e-8,7.450580596923828e-9,-5.960464477539063e-8,0.7990404963493347,0.5972166657447815,0.06976151466369629,-0.5844789147377014,0.7987046837806702,-0.14302152395248414,-0.14113368093967439,0.07350584864616394,0.9872579574584961],"EasingStyle":"Constant","EasingDirection":"In"},"Left Arm":{"Weight":1,"CFrame":[0.6865754127502441,-0.5790290832519531,0.05585715174674988,0.035107165575027469,0.9974648952484131,-0.0618976354598999,-0.9640733599662781,0.050119876861572269,0.2608650028705597,0.2633059322834015,0.05051565170288086,0.963388979434967],"EasingStyle":"Constant","EasingDirection":"In"},"Torso":{"Weight":1,"CFrame":[0.07617931067943573,-0.024646490812301637,-0.27905014157295229,0.34569215774536135,-0.9272983074188232,-0.14358104765415193,0.9382164478302002,0.3441348373889923,0.03634187951683998,0.015711745247244836,-0.1472724825143814,0.9889710545539856],"EasingStyle":"Constant","EasingDirection":"In"},"HumanoidRootPart":{"Weight":0,"CFrame":[0,0,0,1,0,0,0,1,0,0,0,1],"EasingStyle":"Linear","EasingDirection":"In"},"Right Leg":{"Weight":1,"CFrame":[-0.19984859228134156,0.2165876030921936,0.02943071722984314,0.6873701214790344,0.2898157835006714,-0.6659799218177795,-0.217056542634964,0.957003653049469,0.19243308901786805,0.6931152939796448,0.01228250004351139,0.7207221388816834],"EasingStyle":"Constant","EasingDirection":"In"}}},{"Time":0.4000000059604645,"poses":{"Left Leg":{"Weight":1,"CFrame":[-0.004592344164848328,0.1227107048034668,0.039796918630599979,0.9610913395881653,-0.26051825284957888,0.09183547645807266,0.25953805446624758,0.9654668569564819,0.022669866681098939,-0.09456998109817505,0.0020469999872148039,0.9955161213874817],"EasingStyle":"Constant","EasingDirection":"In"},"Right Arm":{"Weight":1,"CFrame":[-0.04955199360847473,-0.9280546307563782,0.19189289212226869,-0.7544727921485901,-0.5906698107719421,0.2861471176147461,0.6540027856826782,-0.6398901343345642,0.4035109281539917,-0.055238984525203708,0.49157899618148806,0.8690793514251709],"EasingStyle":"Constant","EasingDirection":"In"},"Head":{"Weight":1,"CFrame":[8.940696716308594e-8,0,5.960464477539063e-8,0.7990404367446899,0.5972166657447815,0.06976151466369629,-0.5844789743423462,0.7987046837806702,-0.14302153885364533,-0.14113368093967439,0.07350582629442215,0.9872579574584961],"EasingStyle":"Constant","EasingDirection":"In"},"Left Arm":{"Weight":1,"CFrame":[0.638939380645752,-0.6063283085823059,0.0590837299823761,0.09494750946760178,0.9944651126861572,-0.044989779591560367,-0.9639604687690735,0.10312989354133606,0.24524392187595368,0.24852633476257325,0.02008308470249176,0.9684169888496399],"EasingStyle":"Constant","EasingDirection":"In"},"Torso":{"Weight":1,"CFrame":[0.07480403035879135,-0.024219084531068803,-0.24499298632144929,0.3448568284511566,-0.9292858242988586,-0.1322966367006302,0.9385998249053955,0.3429258167743683,0.037839774042367938,0.010204215534031392,-0.13722220063209535,0.9904876351356506],"EasingStyle":"Constant","EasingDirection":"In"},"HumanoidRootPart":{"Weight":0,"CFrame":[0,0,0,1,0,0,0,1,0,0,0,1],"EasingStyle":"Linear","EasingDirection":"In"},"Right Leg":{"Weight":1,"CFrame":[-0.20458731055259705,0.18434792757034303,0.028722018003463746,0.6939716935157776,0.2732873558998108,-0.6661211848258972,-0.2082347720861435,0.9618089199066162,0.17765697836875916,0.6892326474189758,0.01542065478861332,0.7243760228157044],"EasingStyle":"Constant","EasingDirection":"In"}}},{"Time":0.4333333373069763,"poses":{"Left Leg":{"Weight":1,"CFrame":[-0.000007599592208862305,0.07521110773086548,0.03596770763397217,0.9712886810302734,-0.2188398540019989,0.09331368654966355,0.21779318153858186,0.9757607579231262,0.021381931379437448,-0.09573108702898026,-0.0004449296393431723,0.9954071640968323],"EasingStyle":"Constant","EasingDirection":"In"},"Right Arm":{"Weight":1,"CFrame":[-0.04955223202705383,-0.9280544519424439,0.19189289212226869,-0.7611296772956848,-0.5984764099121094,0.25001510977745058,0.6436189413070679,-0.6492380499839783,0.40527117252349856,-0.08022583276033402,0.46937835216522219,0.8793450593948364],"EasingStyle":"Constant","EasingDirection":"In"},"Head":{"Weight":1,"CFrame":[8.568167686462403e-8,1.4901161193847657e-8,-5.960464477539063e-8,0.7990404963493347,0.5972166657447815,0.06976151466369629,-0.5844789743423462,0.7987046241760254,-0.14302153885364533,-0.14113369584083558,0.07350584119558335,0.9872579574584961],"EasingStyle":"Constant","EasingDirection":"In"},"Left Arm":{"Weight":1,"CFrame":[0.5198492407798767,-0.6745767593383789,0.06714984774589539,0.10392070561647415,0.9938562512397766,-0.038082465529441836,-0.9625169038772583,0.11014090478420258,0.24785116314888,0.25052282214164736,0.010898073203861714,0.9680494070053101],"EasingStyle":"Constant","EasingDirection":"In"},"Torso":{"Weight":1,"CFrame":[0.07073688507080078,-0.023268919438123704,-0.17252163589000703,0.3439151346683502,-0.9328130483627319,-0.10762399435043335,0.938988983631134,0.3422170579433441,0.03444956615567207,0.004696000833064318,-0.11290484666824341,0.9935947060585022],"EasingStyle":"Constant","EasingDirection":"In"},"HumanoidRootPart":{"Weight":0,"CFrame":[0,0,0,1,0,0,0,1,0,0,0,1],"EasingStyle":"Linear","EasingDirection":"In"},"Right Leg":{"Weight":1,"CFrame":[-0.21024423837661744,0.12396776676177979,0.032783180475234988,0.7112282514572144,0.2321019470691681,-0.6635384559631348,-0.1801782250404358,0.9725766181945801,0.14707373082637788,0.679477870464325,0.01495218276977539,0.7335435748100281],"EasingStyle":"Constant","EasingDirection":"In"}}},{"Time":0.46666666865348818,"poses":{"Left Leg":{"Weight":1,"CFrame":[0.0030769705772399904,0.027212440967559816,0.025835007429122926,0.9815583825111389,-0.16471973061561585,0.09700805693864823,0.16426825523376466,0.9863343238830566,0.012677575461566449,-0.0977705791592598,0.0034915530122816564,0.995202898979187],"EasingStyle":"Constant","EasingDirection":"In"},"Right Arm":{"Weight":1,"CFrame":[-0.04955199360847473,-0.9280548691749573,0.19189301133155824,-0.733401358127594,-0.6455010771751404,0.21319235861301423,0.6679791212081909,-0.6260761618614197,0.4022843539714813,-0.1262003630399704,0.43744391202926638,0.8903461694717407],"EasingStyle":"Constant","EasingDirection":"In"},"Head":{"Weight":1,"CFrame":[8.195638656616211e-8,-1.862645149230957e-8,-2.682209014892578e-7,0.7992819547653198,0.597690761089325,0.06256446242332459,-0.5880029201507568,0.7993029356002808,-0.12396501004695893,-0.1241006925702095,0.06229489669203758,0.9903122186660767],"EasingStyle":"Constant","EasingDirection":"In"},"Left Arm":{"Weight":1,"CFrame":[0.3650319576263428,-0.7632991075515747,0.07763570547103882,0.005601875018328428,0.9986770749092102,-0.05111553147435188,-0.9602515697479248,0.01963800936937332,0.27844440937042239,0.27907976508140566,0.04752399027347565,0.959091305732727],"EasingStyle":"Constant","EasingDirection":"In"},"Torso":{"Weight":1,"CFrame":[0.06412066519260407,-0.022362878546118737,-0.09985163062810898,0.3438664376735687,-0.9356661438941956,-0.07927995175123215,0.9390068650245667,0.3430550694465637,0.024059854447841646,0.00468564173206687,-0.08271724730730057,0.9965620040893555],"EasingStyle":"Constant","EasingDirection":"In"},"HumanoidRootPart":{"Weight":0,"CFrame":[0,0,0,1,0,0,0,1,0,0,0,1],"EasingStyle":"Linear","EasingDirection":"In"},"Right Leg":{"Weight":1,"CFrame":[-0.2099853754043579,0.07329964637756348,0.04332348704338074,0.7328900694847107,0.17849841713905335,-0.6565138697624207,-0.13783930242061616,0.9839138984680176,0.11363964527845383,0.6662375926971436,0.007208057679235935,0.7457047700881958],"EasingStyle":"Constant","EasingDirection":"In"}}},{"Time":0.5,"poses":{"Left Leg":{"Weight":1,"CFrame":[0.001977384090423584,-0.007853269577026368,0.01661205291748047,0.9889218807220459,-0.10940930247306824,0.10031554102897644,0.10959078371524811,0.9939699172973633,0.003716488601639867,-0.10011723637580872,0.007318340707570314,0.9949487447738648],"EasingStyle":"Constant","EasingDirection":"In"},"Right Arm":{"Weight":1,"CFrame":[-0.04955214262008667,-0.9280548095703125,0.1918928623199463,-0.6629578471183777,-0.7251392602920532,0.18617142736911775,0.7261279225349426,-0.5622639656066895,0.3957240879535675,-0.18227754533290864,0.39753270149230959,0.8993012309074402],"EasingStyle":"Constant","EasingDirection":"In"},"Head":{"Weight":1,"CFrame":[9.12696123123169e-8,-3.725290298461914e-8,-5.960464477539063e-8,0.7993713021278381,0.5990169644355774,0.04673643410205841,-0.5945949554443359,0.7998529076576233,-0.08180635422468186,-0.08638565987348557,0.037604402750730517,0.9955518245697022],"EasingStyle":"Constant","EasingDirection":"In"},"Left Arm":{"Weight":1,"CFrame":[0.21021461486816407,-0.8520219326019287,0.08812156319618225,-0.21426129341125489,0.974151611328125,-0.07155924290418625,-0.921077311038971,-0.1771150678396225,0.34676632285118105,0.3251287043094635,0.1402101367712021,0.9352179169654846],"EasingStyle":"Constant","EasingDirection":"In"},"Torso":{"Weight":1,"CFrame":[0.055570442229509357,-0.021653495728969575,-0.03985336422920227,0.34387174248695376,-0.9375921487808228,-0.051708757877349856,0.9390049576759338,0.3436199724674225,0.01395163219422102,0.004687461536377668,-0.05335189402103424,0.9985647797584534],"EasingStyle":"Constant","EasingDirection":"In"},"HumanoidRootPart":{"Weight":0,"CFrame":[0,0,0,1,0,0,0,1,0,0,0,1],"EasingStyle":"Linear","EasingDirection":"In"},"Right Leg":{"Weight":1,"CFrame":[-0.2052202820777893,0.03463470935821533,0.0530032217502594,0.7521539926528931,0.1235220804810524,-0.6473073363304138,-0.09327275305986405,0.9923417568206787,0.08098261058330536,0.6523531079292297,-0.0005352641455829144,0.7579149603843689],"EasingStyle":"Constant","EasingDirection":"In"}}},{"Time":0.5333333611488342,"poses":{"Left Leg":{"Weight":1,"CFrame":[-0.002569502219557762,-0.027602314949035646,0.01053580641746521,0.9926384687423706,-0.0641430914402008,0.10273557901382446,0.06483913958072663,0.9978898167610169,-0.0034465021453797819,-0.1022978201508522,0.010082419961690903,0.9947027564048767],"EasingStyle":"Constant","EasingDirection":"In"},"Right Arm":{"Weight":1,"CFrame":[-0.049552083015441897,-0.9280548095703125,0.19189295172691346,-0.5849013328552246,-0.7933041453361511,0.1689940243959427,0.7788127660751343,-0.491086483001709,0.39023691415786745,-0.22658587992191316,0.3598647713661194,0.9050724506378174],"EasingStyle":"Constant","EasingDirection":"In"},"Head":{"Weight":1,"CFrame":[9.313225746154785e-8,9.313225746154785e-9,-2.086162567138672e-7,0.7988528609275818,0.6007295250892639,0.030956007540225984,-0.5995734930038452,0.7993476986885071,-0.03943231329321861,-0.04843275994062424,0.012940213084220887,0.9987426996231079],"EasingStyle":"Constant","EasingDirection":"In"},"Left Arm":{"Weight":1,"CFrame":[0.09112444519996643,-0.9202702641487122,0.09618759155273438,-0.42454496026039126,0.9021974802017212,-0.07616636902093888,-0.835975706577301,-0.35829195380210879,0.41565799713134768,0.3477157950401306,0.24013866484165193,0.906326174736023],"EasingStyle":"Constant","EasingDirection":"In"},"Torso":{"Weight":1,"CFrame":[0.04588254913687706,-0.02101724222302437,0.0009376798407174647,0.34389883279800417,-0.9385008811950684,-0.03082689642906189,0.9389950037002564,0.34387266635894778,0.006294925231486559,0.00469297356903553,-0.031110730022192,0.9995049238204956],"EasingStyle":"Constant","EasingDirection":"In"},"HumanoidRootPart":{"Weight":0,"CFrame":[0,0,0,1,0,0,0,1,0,0,0,1],"EasingStyle":"Linear","EasingDirection":"In"},"Right Leg":{"Weight":1,"CFrame":[-0.19735386967658997,0.009894013404846192,0.059503525495529178,0.7655261754989624,0.07837607711553574,-0.6386132836341858,-0.05574697256088257,0.9969000816345215,0.05552240461111069,0.6409851908683777,-0.006903099827468395,0.7675222754478455],"EasingStyle":"Constant","EasingDirection":"In"}}},{"Time":0.5666666626930237,"poses":{"Left Leg":{"Weight":1,"CFrame":[-0.009598489850759507,-0.029391944408416749,0.009845554828643799,0.9937492609024048,-0.040230073034763339,0.10413438826799393,0.04114329442381859,0.9991312623023987,-0.006635613739490509,-0.10377699136734009,0.010878567583858967,0.9945411682128906],"EasingStyle":"Constant","EasingDirection":"In"},"Right Arm":{"Weight":1,"CFrame":[-0.049552083015441897,-0.9280542135238648,0.19189292192459107,-0.5474625825881958,-0.8208143711090088,0.16293705999851228,0.8004605770111084,-0.45686936378479006,0.3879859745502472,-0.24402353167533875,0.34283244609832766,0.9071484804153442],"EasingStyle":"Constant","EasingDirection":"In"},"Head":{"Weight":1,"CFrame":[8.475035429000855e-8,9.313225746154786e-10,-3.2782554626464846e-7,0.798416793346405,0.6016343235969544,0.023812049999833108,-0.6012997627258301,0.7987697720527649,-0.02013576030731201,-0.0311347134411335,0.0017585470341145993,0.9995136857032776],"EasingStyle":"Constant","EasingDirection":"In"},"Left Arm":{"Weight":1,"CFrame":[0.04348835349082947,-0.9475696086883545,0.09941405057907105,-0.5125659704208374,0.8555437326431274,-0.07294585555791855,-0.7841140031814575,-0.4317605495452881,0.4458116888999939,0.3499163091182709,0.2857057750225067,0.8921495079994202],"EasingStyle":"Constant","EasingDirection":"In"},"Torso":{"Weight":1,"CFrame":[0.03585335239768028,-0.02033059112727642,0.01598690263926983,0.3439151346683502,-0.9387301206588745,-0.02255437523126602,0.938988983631134,0.3439311385154724,0.0032612341456115247,0.004695972893387079,-0.02229953370988369,0.9997403025627136],"EasingStyle":"Constant","EasingDirection":"In"},"HumanoidRootPart":{"Weight":0,"CFrame":[0,0,0,1,0,0,0,1,0,0,0,1],"EasingStyle":"Linear","EasingDirection":"In"},"Right Leg":{"Weight":1,"CFrame":[-0.18805605173110963,0.0011082887649536133,0.06050395965576172,0.7712748646736145,0.054436568170785907,-0.6341701149940491,-0.03515034168958664,0.9984584450721741,0.042957037687301639,0.6355308890342712,-0.010840391740202904,0.7719993591308594],"EasingStyle":"Constant","EasingDirection":"In"}}},{"Time":0.6000000238418579,"poses":{"Left Leg":{"Weight":1,"CFrame":[-0.01822599768638611,-0.02383732795715332,0.012364566326141358,0.9938904643058777,-0.03540566936135292,0.1045379564166069,0.03618017956614494,0.9993300437927246,-0.005521342158317566,-0.10427248477935791,0.009269812144339085,0.9945056438446045],"EasingStyle":"Constant","EasingDirection":"In"},"Right Arm":{"Weight":1,"CFrame":[-0.04955202341079712,-0.92805415391922,0.19189298152923585,-0.5474625825881958,-0.8208143711090088,0.16293705999851228,0.8004605770111084,-0.45686936378479006,0.3879859745502472,-0.24402353167533875,0.34283244609832766,0.9071484804153442],"EasingStyle":"Constant","EasingDirection":"In"},"Head":{"Weight":1,"CFrame":[8.568167686462403e-8,7.450580596923828e-9,-2.086162567138672e-7,0.798416793346405,0.6016343235969544,0.023812049999833108,-0.6012997627258301,0.7987697720527649,-0.02013576030731201,-0.0311347134411335,0.0017585470341145993,0.9995136857032776],"EasingStyle":"Constant","EasingDirection":"In"},"Left Arm":{"Weight":1,"CFrame":[0.04348832368850708,-0.9475694894790649,0.09941405057907105,-0.5125659704208374,0.8555437326431274,-0.07294585555791855,-0.7841140031814575,-0.4317605495452881,0.4458116888999939,0.3499163091182709,0.2857057750225067,0.8921495079994202],"EasingStyle":"Constant","EasingDirection":"In"},"Torso":{"Weight":1,"CFrame":[0.026279227808117868,-0.019470013678073884,0.015986904501914979,0.3439151346683502,-0.9387301206588745,-0.02255437523126602,0.938988983631134,0.3439311385154724,0.0032612341456115247,0.004695972893387079,-0.02229953370988369,0.9997403025627136],"EasingStyle":"Constant","EasingDirection":"In"},"HumanoidRootPart":{"Weight":0,"CFrame":[0,0,0,1,0,0,0,1,0,0,0,1],"EasingStyle":"Linear","EasingDirection":"In"},"Right Leg":{"Weight":1,"CFrame":[-0.17871907353401185,0.0005857944488525391,0.05811023712158203,0.7719976305961609,0.04951973259449005,-0.6336934566497803,-0.030853401869535447,0.9987049102783203,0.04045620933175087,0.6348760724067688,-0.011680500581860543,0.7725256681442261],"EasingStyle":"Constant","EasingDirection":"In"}}},{"Time":0.6333333253860474,"poses":{"Left Leg":{"Weight":1,"CFrame":[-0.02642403542995453,-0.02190709114074707,0.014197736978530884,0.9939587116241455,-0.03292851150035858,0.1046992838382721,0.03343961015343666,0.9994359016418457,-0.003129482502117753,-0.1045372411608696,0.006611681543290615,0.9944989681243897],"EasingStyle":"Constant","EasingDirection":"