{"Sequence":[{"Time":0,"poses":{"Left Leg":{"Weight":1,"CFrame":[-0.3622910976409912,0.022774100303649904,0.15087366104125977,0.9430344104766846,-0.16643249988555909,0.28807345032691958,0.2301865965127945,0.9515730142593384,-0.20377175509929658,-0.24020874500274659,0.2584744393825531,0.935676634311676],"EasingStyle":"Linear","EasingDirection":"In"},"Right Arm":{"Weight":1,"CFrame":[0.3828940987586975,-0.628496527671814,0.31121039390563967,-0.3213071823120117,-0.3953078091144562,-0.8605192303657532,-0.04544758051633835,-0.9012190699577332,0.43097421526908877,-0.9458838105201721,0.17758353054523469,0.27160242199897768],"EasingStyle":"Linear","EasingDirection":"In"},"Left Arm":{"Weight":1,"CFrame":[-0.23896533250808717,-0.46494224667549136,0.2415257692337036,-0.5607324838638306,0.4646559953689575,0.6853275299072266,-0.18770989775657655,-0.8774806261062622,0.4413534104824066,0.8064391613006592,0.11883846670389176,0.5792523622512817],"EasingStyle":"Linear","EasingDirection":"In"},"Head":{"Weight":1,"CFrame":[8.963979780673981e-8,-3.958120942115784e-9,0,0.9960004687309265,-0.0372815877199173,0.08119837939739227,0.04404840245842934,0.9955583214759827,-0.08320646733045578,-0.07773565500974655,0.08645034581422806,0.9932187795639038],"EasingStyle":"Linear","EasingDirection":"In"},"Torso":{"Weight":1,"CFrame":[0.10787596553564072,-0.019588127732276918,-0.19674110412597657,0.9992804527282715,0.018808895722031595,0.03293667733669281,-0.0180067028850317,0.999538004398346,-0.024485161527991296,-0.03338199853897095,0.023874463513493539,0.9991574883460999],"EasingStyle":"Linear","EasingDirection":"In"},"HumanoidRootPart":{"Weight":0,"CFrame":[0,0,0,1,0,0,0,1,0,0,0,1],"EasingStyle":"Linear","EasingDirection":"In"},"Right Leg":{"Weight":1,"CFrame":[0.14995607733726502,-0.13148188591003419,0.08086121082305908,0.8042412996292114,0.4811723530292511,-0.34881091117858889,-0.5351191759109497,0.8416337966918945,-0.07280158996582031,0.2585409879684448,0.24520544707775117,0.9343612194061279],"EasingStyle":"Linear","EasingDirection":"In"}}},{"Time":0.03333333507180214,"poses":{"Left Leg":{"Weight":1,"CFrame":[-0.3828333616256714,0.02478468418121338,0.1431107521057129,0.9484695196151733,-0.17497660219669343,0.2641755938529968,0.23232075572013856,0.9509543776512146,-0.20423710346221925,-0.21548224985599519,0.25508612394332888,0.9426019787788391],"EasingStyle":"Linear","EasingDirection":"In"},"Right Arm":{"Weight":1,"CFrame":[0.38284990191459658,-0.6303135752677918,0.293811559677124,-0.3345479965209961,-0.38349223136901858,-0.8608201146125794,-0.01809880882501602,-0.9106714725494385,0.4127347469329834,-0.9422048926353455,0.15365929901599885,0.29772260785102847],"EasingStyle":"Linear","EasingDirection":"In"},"Left Arm":{"Weight":1,"CFrame":[-0.23878030478954316,-0.48270466923713686,0.230926513671875,-0.5834780335426331,0.4670429527759552,0.6643975973129273,-0.2127666026353836,-0.877428412437439,0.42994165420532229,0.7837625741958618,0.10949987918138504,0.6113314032554627],"EasingStyle":"Linear","EasingDirection":"In"},"Head":{"Weight":1,"CFrame":[6.216578185558319e-8,-9.313225746154786e-10,-2.384185791015625e-7,0.9972890019416809,-0.007199319079518318,0.0732315182685852,0.012887226417660714,0.9969092607498169,-0.07749702036380768,-0.07244724780321121,0.07823066413402558,0.9942994117736816],"EasingStyle":"Linear","EasingDirection":"In"},"Torso":{"Weight":1,"CFrame":[0.11563186347484589,-0.01810470223426819,-0.2006847858428955,0.998979389667511,0.03092341125011444,0.03292238339781761,-0.03018714115023613,0.999288022518158,-0.022630881518125535,-0.03359876573085785,0.0216139517724514,0.9992016553878784],"EasingStyle":"Linear","EasingDirection":"In"},"HumanoidRootPart":{"Weight":0,"CFrame":[0,0,0,1,0,0,0,1,0,0,0,1],"EasingStyle":"Linear","EasingDirection":"In"},"Right Leg":{"Weight":1,"CFrame":[0.20894107222557069,-0.1407700777053833,0.07085418701171875,0.8221640586853027,0.4958414137363434,-0.27962034940719607,-0.5368083715438843,0.8387840986251831,-0.09098318219184876,0.18942800164222718,0.22490562498569489,0.9557899832725525],"EasingStyle":"Linear","EasingDirection":"In"}}},{"Time":0.06666667014360428,"poses":{"Left Leg":{"Weight":1,"CFrame":[-0.4733794629573822,0.050885558128356937,0.1156470775604248,0.9623072147369385,-0.20762184262275697,0.17566420137882234,0.2414620816707611,0.9494568705558777,-0.20056860148906709,-0.12514322996139527,0.23542486131191255,0.9638020396232605],"EasingStyle":"Linear","EasingDirection":"In"},"Right Arm":{"Weight":1,"CFrame":[0.3825399577617645,-0.6336873769760132,0.2479419708251953,-0.3779509365558624,-0.3795589804649353,-0.8444453477859497,0.06255251169204712,-0.9204845428466797,0.38574013113975527,-0.9237100481987,0.09296854585409165,0.3716404139995575],"EasingStyle":"Linear","EasingDirection":"In"},"Left Arm":{"Weight":1,"CFrame":[-0.23843663930892945,-0.5156909823417664,0.20368969440460206,-0.6306660175323486,0.50998854637146,0.5849545001983643,-0.303813636302948,-0.8558428287506104,0.4186054766178131,0.714113175868988,0.08628317713737488,0.6946925520896912],"EasingStyle":"Linear","EasingDirection":"In"},"Head":{"Weight":1,"CFrame":[5.145557224750519e-8,1.862645149230957e-9,1.1920928955078126e-7,0.9984015822410584,0.012288562953472138,0.055165406316518787,-0.008962899446487427,0.9981501698493958,-0.060132838785648349,-0.05580230802297592,0.05954229459166527,0.996664822101593],"EasingStyle":"Linear","EasingDirection":"In"},"Torso":{"Weight":1,"CFrame":[0.12176284939050675,-0.014573890715837479,-0.2284836769104004,0.998745858669281,0.037090979516506198,0.0336291566491127,-0.036493245512247089,0.9991678595542908,-0.018217362463474275,-0.034276872873306277,0.016967279836535455,0.9992683529853821],"EasingStyle":"Linear","EasingDirection":"In"},"HumanoidRootPart":{"Weight":0,"CFrame":[0,0,0,1,0,0,0,1,0,0,0,1],"EasingStyle":"Linear","EasingDirection":"In"},"Right Leg":{"Weight":1,"CFrame":[0.3049221634864807,-0.15951001644134522,0.06550037860870362,0.8148230314254761,0.5376740097999573,-0.2167256772518158,-0.5676323771476746,0.8159082531929016,-0.10994195938110352,0.11771539598703385,0.21260377764701844,0.9700220227241516],"EasingStyle":"Linear","EasingDirection":"In"}}},{"Time":0.10000000149011612,"poses":{"Left Leg":{"Weight":1,"CFrame":[-0.6385237574577332,0.14203578233718873,0.052352070808410647,0.9621881246566773,-0.2700374126434326,0.035690270364284518,0.2722505033016205,0.94929039478302,-0.1572493463754654,0.008582735434174538,0.1610201895236969,0.986913800239563],"EasingStyle":"Linear","EasingDirection":"In"},"Right Arm":{"Weight":1,"CFrame":[0.3816989064216614,-0.6355047225952148,0.18309283256530763,-0.4535462558269501,-0.443630188703537,-0.7729734778404236,0.2091754972934723,-0.8960689902305603,0.3915431797504425,-0.8663378953933716,0.015895716845989229,0.4992053210735321],"EasingStyle":"Linear","EasingDirection":"In"},"Left Arm":{"Weight":1,"CFrame":[-0.23825164139270783,-0.5334535241127014,0.1666562557220459,-0.6442368626594544,0.646672785282135,0.4083786904811859,-0.4922744929790497,-0.7592460513114929,0.42568936944007876,0.5853415131568909,0.073210209608078,0.807474672794342],"EasingStyle":"Linear","EasingDirection":"In"},"Head":{"Weight":1,"CFrame":[7.462222129106522e-8,4.656612873077393e-10,1.1920928955078126e-7,0.9992319941520691,0.02416950650513172,0.030842090025544168,-0.023070940747857095,0.9991036653518677,-0.03549123927950859,-0.03167225793004036,0.03475242480635643,0.9988939762115479],"EasingStyle":"Linear","EasingDirection":"In"},"Torso":{"Weight":1,"CFrame":[0.1270523965358734,-0.011010577902197838,-0.29709839820861819,0.9985929727554321,0.039323840290308,0.03557763993740082,-0.0388554222881794,0.9991500377655029,-0.013763217255473137,-0.03608862683176994,0.012361466884613037,0.9992721080780029],"EasingStyle":"Linear","EasingDirection":"In"},"HumanoidRootPart":{"Weight":0,"CFrame":[0,0,0,1,0,0,0,1,0,0,0,1],"EasingStyle":"Linear","EasingDirection":"In"},"Right Leg":{"Weight":1,"CFrame":[0.4481446146965027,-0.18667995929718018,0.0596388578414917,0.7757301330566406,0.6102007031440735,-0.1609276384115219,-0.6296582818031311,0.7654278874397278,-0.13285614550113679,0.042109645903110507,0.20438991487026215,0.9779834151268005],"EasingStyle":"Linear","EasingDirection":"In"}}},{"Time":0.13333334028720857,"poses":{"Left Leg":{"Weight":1,"CFrame":[-0.7744132280349731,0.23579835891723634,-0.030980169773101808,0.9426568150520325,-0.30497077107429507,-0.1356130689382553,0.2965894639492035,0.951755166053772,-0.07872024923563004,0.15307778120040894,0.03398480266332626,0.9876295924186707],"EasingStyle":"Linear","EasingDirection":"In"},"Right Arm":{"Weight":1,"CFrame":[0.37519195675849917,-0.5729199051856995,0.10944557189941406,-0.4261328876018524,-0.7521188855171204,-0.5027203559875488,0.5872898697853088,-0.6526761054992676,0.4786487817764282,-0.6881143450737,-0.09127472341060639,0.719838559627533],"EasingStyle":"Linear","EasingDirection":"In"},"Left Arm":{"Weight":1,"CFrame":[-0.24154648184776307,-0.4926256239414215,0.12659978866577149,-0.49870386719703677,0.8599479794502258,0.10855373740196228,-0.7731381058692932,-0.4979473650455475,0.39281800389289858,0.3918570280075073,0.11197272688150406,0.91318678855896],"EasingStyle":"Linear","EasingDirection":"In"},"Head":{"Weight":1,"CFrame":[9.033828973770142e-8,-5.587935447692871e-9,3.5762786865234377e-7,0.9995049238204956,0.03121560998260975,0.003939752466976643,-0.03118249401450157,0.9994800090789795,-0.008205577731132508,-0.004193847067654133,0.008078664541244507,0.9999585747718811],"EasingStyle":"Linear","EasingDirection":"In"},"Torso":{"Weight":1,"CFrame":[0.13227707147598267,-0.009426362812519074,-0.3419337272644043,0.998441755771637,0.03963718190789223,0.039279818534851077,-0.03920220956206322,0.9991618394851685,-0.011782950721681118,-0.039713937789201739,0.010224735364317894,0.9991587996482849],"EasingStyle":"Linear","EasingDirection":"In"},"HumanoidRootPart":{"Weight":0,"CFrame":[0,0,0,1,0,0,0,1,0,0,0,1],"EasingStyle":"Linear","EasingDirection":"In"},"Right Leg":{"Weight":1,"CFrame":[0.5330023765563965,-0.2028331756591797,0.03920340538024902,0.7526194453239441,0.6485282182693481,-0.11390820145606995,-0.6582254767417908,0.7364383339881897,-0.1561981737613678,-0.017412502318620683,0.19253502786159516,0.9811356067657471],"EasingStyle":"Linear","EasingDirection":"In"}}},{"Time":0.1666666716337204,"poses":{"Left Leg":{"Weight":1,"CFrame":[-0.8088687062263489,0.2622493505477905,-0.09672093391418457,0.9134435057640076,-0.25785067677497866,-0.3148554861545563,0.27334004640579226,0.9619031548500061,0.005251061636954546,0.3015064597129822,-0.09085918962955475,0.9491251111030579],"EasingStyle":"Linear","EasingDirection":"In"},"Right Arm":{"Weight":1,"CFrame":[0.36243072152137759,-0.4350494146347046,0.03995084762573242,0.027011118829250337,-0.99922114610672,-0.0287659652531147,0.9459927678108215,0.01625119522213936,0.32378020882606509,-0.32306045293807986,-0.03595816344022751,0.9456949234008789],"EasingStyle":"Linear","EasingDirection":"In"},"Left Arm":{"Weight":1,"CFrame":[-0.2572994828224182,-0.40280646085739138,0.09002208709716797,-0.16820956766605378,0.9655168056488037,-0.19870297610759736,-0.9638724327087402,-0.11886655539274216,0.23837096989154817,0.2065320461988449,0.23162046074867249,0.950629472732544],"EasingStyle":"Linear","EasingDirection":"In"},"Head":{"Weight":1,"CFrame":[8.899951353669167e-8,-8.614733815193177e-9,-5.960464477539063e-8,0.9991198182106018,0.03581833839416504,-0.02183276042342186,-0.03545025363564491,0.9992265105247498,0.017019735649228097,0.022425489500164987,-0.01623077690601349,0.9996167421340942],"EasingStyle":"Linear","EasingDirection":"In"},"Torso":{"Weight":1,"CFrame":[0.1403302550315857,-0.017912574112415315,-0.29616761207580569,0.9987349510192871,0.015319764614105225,0.04789373651146889,-0.01426003035157919,0.9996476173400879,-0.02239071950316429,-0.04821987822651863,0.021679429337382318,0.9986014366149902],"EasingStyle":"Linear","EasingDirection":"In"},"HumanoidRootPart":{"Weight":0,"CFrame":[0,0,0,1,0,0,0,1,0,0,0,1],"EasingStyle":"Linear","EasingDirection":"In"},"Right Leg":{"Weight":1,"CFrame":[0.5771905779838562,-0.18333792686462403,0.038478970527648929,0.7433148622512817,0.662101686000824,-0.09541729837656021,-0.6687718033790588,0.7323127388954163,-0.12830530107021333,-0.015075755305588246,0.15918360650539399,0.9871338605880737],"EasingStyle":"Linear","EasingDirection":"In"}}},{"Time":0.20000000298023225,"poses":{"Left Leg":{"Weight":1,"CFrame":[-0.7825944423675537,0.27403026819229128,-0.16555100679397584,0.8769516348838806,-0.16399869322776795,-0.45173028111457827,0.23370645940303803,0.9668702483177185,0.10268032550811768,0.41992509365081789,-0.19561800360679627,0.8862259984016419],"EasingStyle":"Linear","EasingDirection":"In"},"Right Arm":{"Weight":1,"CFrame":[0.3499682545661926,-0.29671162366867068,-0.01175004243850708,0.5010769367218018,-0.8443374633789063,0.18977943062782288,0.8642322421073914,0.4996205270290375,-0.059007998555898669,-0.044995054602622989,0.1935810148715973,0.9800519347190857],"EasingStyle":"Linear","EasingDirection":"In"},"Left Arm":{"Weight":1,"CFrame":[-0.2943130135536194,-0.3129865229129791,0.06335723400115967,0.13520091772079469,0.9127153158187866,-0.3855794072151184,-0.9824540615081787,0.17395006120204926,0.06727079302072525,0.12847062945365907,0.3697189688682556,0.9202190637588501],"EasingStyle":"Linear","EasingDirection":"In"},"Head":{"Weight":1,"CFrame":[1.0058283805847168e-7,-1.0244548320770264e-8,-2.384185791015625e-7,0.9982879757881165,0.03997453302145004,-0.04269901290535927,-0.03846689313650131,0.9986267685890198,0.03556520491838455,0.04406208544969559,-0.03386181965470314,0.998454749584198],"EasingStyle":"Linear","EasingDirection":"In"},"Torso":{"Weight":1,"CFrame":[0.15012863278388978,-0.033232979476451877,-0.23224234580993653,0.9977412223815918,-0.030975287780165674,0.05960657447576523,0.033482927829027179,0.9985755681991577,-0.04154123365879059,-0.05823491886258125,0.04344320297241211,0.997357189655304],"EasingStyle":"Linear","EasingDirection":"In"},"HumanoidRootPart":{"Weight":0,"CFrame":[0,0,0,1,0,0,0,1,0,0,0,1],"EasingStyle":"Linear","EasingDirection":"In"},"Right Leg":{"Weight":1,"CFrame":[0.6781434416770935,-0.13253247737884522,0.06840693950653076,0.6877355575561523,0.7186617255210877,-0.10268930345773697,-0.7245105504989624,0.6883979439735413,-0.034535396844148639,0.04587189108133316,0.09815070778131485,0.9941138029098511],"EasingStyle":"Linear","EasingDirection":"In"}}},{"Time":0.23333333432674409,"poses":{"Left Leg":{"Weight":1,"CFrame":[-0.7640129327774048,0.2836894392967224,-0.2146056890487671,0.8565295934677124,-0.11297039687633515,-0.5035818815231323,0.22031542658805848,0.9624109864234924,0.15882764756679536,0.4667099714279175,-0.24698741734027863,0.8492226004600525],"EasingStyle":"Linear","EasingDirection":"In"},"Right Arm":{"Weight":1,"CFrame":[0.3443578779697418,-0.23272794485092164,-0.03201502561569214,0.6586315035820007,-0.7329427599906921,0.17029212415218354,0.7399189472198486,0.5896908640861511,-0.32370465993881228,0.13683725893497468,0.339204341173172,0.9307072162628174],"EasingStyle":"Linear","EasingDirection":"In"},"Left Arm":{"Weight":1,"CFrame":[-0.3613898754119873,-0.2721591591835022,0.05303943157196045,0.2371121197938919,0.8451083898544312,-0.47913435101509097,-0.9584532380104065,0.2840048670768738,0.02661902830004692,0.1585724651813507,0.45291611552238467,0.8773378729820252],"EasingStyle":"Linear","EasingDirection":"In"},"Head":{"Weight":1,"CFrame":[1.364387571811676e-7,-2.2351741790771486e-8,-1.7881393432617188e-7,0.9974595904350281,0.04543153941631317,-0.05486613139510155,-0.04310060665011406,0.9981473088264465,0.042945608496665958,0.05671556666493416,-0.040471747517585757,0.997569739818573],"EasingStyle":"Linear","EasingDirection":"In"},"Torso":{"Weight":1,"CFrame":[0.15520744025707246,-0.0411926805973053,-0.21110224723815919,0.9960501790046692,-0.05953189730644226,0.06587865203619003,0.06297548860311508,0.9966859221458435,-0.05149085819721222,-0.06259498000144959,0.05543622002005577,0.9964982271194458],"EasingStyle":"Linear","EasingDirection":"In"},"HumanoidRootPart":{"Weight":0,"CFrame":[0,0,0,1,0,0,0,1,0,0,0,1],"EasingStyle":"Linear","EasingDirection":"In"},"Right Leg":{"Weight":1,"CFrame":[0.8045423030853272,-0.0715562105178833,0.09648251533508301,0.5867494940757752,0.8029115200042725,-0.10515748709440232,-0.7987871766090393,0.5952054262161255,0.08757621794939041,0.13290634751319886,0.03261316940188408,0.9905918836593628],"EasingStyle":"Linear","EasingDirection":"In"}}},{"Time":0.2666666805744171,"poses":{"Left Leg":{"Weight":1,"CFrame":[-0.7594932317733765,0.2760394215583801,-0.21227788925170899,0.854221761226654,-0.11136473715305329,-0.5078417062759399,0.21671786904335023,0.9641538262367249,0.15310361981391908,0.47258707880973818,-0.2408428192138672,0.8477358818054199],"EasingStyle":"Linear","EasingDirection":"In"},"Right Arm":{"Weight":1,"CFrame":[0.3470219075679779,-0.23210570216178895,-0.007926642894744873,0.5882284045219421,-0.8086513876914978,-0.008379596285521984,0.6958712339401245,0.5114148259162903,-0.5042006373405457,0.4120079576969147,0.29075387120246889,0.8635458946228027],"EasingStyle":"Linear","EasingDirection":"In"},"Left Arm":{"Weight":1,"CFrame":[-0.46241050958633425,-0.28622472286224368,0.05342745780944824,0.09721973538398743,0.8295080661773682,-0.5499680638313294,-0.9682748317718506,0.2066420167684555,0.14050963521003724,0.2302003651857376,0.5188597440719605,0.8232813477516174],"EasingStyle":"Linear","EasingDirection":"In"},"Head":{"Weight":1,"CFrame":[5.9138983488082889e-8,3.725290298461914e-9,1.1920928955078126e-7,0.9967484474182129,0.053615864366292956,-0.06014842167496681,-0.05107278376817703,0.9977666139602661,0.04305003210902214,0.06232224777340889,-0.03983810171484947,0.9972606897354126],"EasingStyle":"Linear","EasingDirection":"In"},"Torso":{"Weight":1,"CFrame":[0.15110737085342408,-0.03736184537410736,-0.20757627487182618,0.9959709644317627,-0.06518106907606125,0.06158948317170143,0.06810919940471649,0.9965841770172119,-0.04670232534408569,-0.05833499878644943,0.050708968192338946,0.9970083236694336],"EasingStyle":"Linear","EasingDirection":"In"},"HumanoidRootPart":{"Weight":0,"CFrame":[0,0,0,1,0,0,0,1,0,0,0,1],"EasingStyle":"Linear","EasingDirection":"In"},"Right Leg":{"Weight":1,"CFrame":[0.9206593632698059,0.027926325798034669,0.09917402267456055,0.5169898867607117,0.8503350615501404,-0.09824305027723313,-0.8286020755767822,0.5259413123130798,0.19184467196464539,0.21480236947536469,-0.017777396366000177,0.9764957427978516],"EasingStyle":"Linear","EasingDirection":"In"}}},{"Time":0.30000001192092898,"poses":{"Left Leg":{"Weight":1,"CFrame":[-0.7664406895637512,0.26807069778442385,-0.21050339937210084,0.8520137667655945,-0.12694284319877625,-0.5078957676887512,0.225479856133461,0.9645423889160156,0.13717421889305116,0.4724736511707306,-0.23139455914497376,0.850426435470581],"EasingStyle":"Linear","EasingDirection":"In"},"Right Arm":{"Weight":1,"CFrame":[0.3567863702774048,-0.2314833700656891,0.023935914039611818,0.44679275155067446,-0.8907458186149597,-0.08335452526807785,0.669879138469696,0.39484718441963198,-0.6287748217582703,0.5929908752441406,0.22509458661079408,0.7731068730354309],"EasingStyle":"Linear","EasingDirection":"In"},"Left Arm":{"Weight":1,"CFrame":[-0.581567108631134,-0.3197663426399231,0.05614447593688965,-0.21938556432724,0.7861471772193909,-0.577791154384613,-0.9362030625343323,-0.0029593140352517368,0.35144710540771487,0.27457931637763979,0.6180322170257568,0.736642599105835],"EasingStyle":"Linear","EasingDirection":"In"},"Head":{"Weight":1,"CFrame":[1.0849907994270325e-7,1.862645149230957e-9,4.76837158203125e-7,0.995977520942688,0.06342507898807526,-0.06329306960105896,-0.06085842475295067,0.9972754120826721,0.04168936610221863,0.06576476991176605,-0.03766975179314613,0.9971238374710083],"EasingStyle":"Linear","EasingDirection":"In"},"Torso":{"Weight":1,"CFrame":[0.14087045192718507,-0.027414515614509584,-0.21742916107177735,0.9963118433952332,-0.06898058205842972,0.05103372037410736,0.07077684998512268,0.9969033598899841,-0.034268155694007876,-0.04851185157895088,0.03775377199053764,0.9981088638305664],"EasingStyle":"Linear","EasingDirection":"In"},"HumanoidRootPart":{"Weight":0,"CFrame":[0,0,0,1,0,0,0,1,0,0,0,1],"EasingStyle":"Linear","EasingDirection":"In"},"Right Leg":{"Weight":1,"CFrame":[0.991772472858429,0.22523677349090577,0.06330764293670654,0.5613623857498169,0.8215015530586243,-0.1000373512506485,-0.7835412621498108,0.5665020942687988,0.25522246956825259,0.2663370668888092,-0.06488893181085587,0.961693286895752],"EasingStyle":"Linear","EasingDirection":"In"}}},{"Time":0.3333333432674408,"poses":{"Left Leg":{"Weight":1,"CFrame":[-0.8097999095916748,0.28574180603027346,-0.22666001319885255,0.8483440279960632,-0.1726902425289154,-0.5004903078079224,0.26425182819366457,0.9572545289993286,0.11762075126171112,0.45878463983535769,-0.23203836381435395,0.8577148914337158],"EasingStyle":"Linear","EasingDirection":"In"},"Right Arm":{"Weight":1,"CFrame":[0.3753836452960968,-0.22599586844444276,0.033866047859191897,0.3863111138343811,-0.9189439415931702,0.07940879464149475,0.6499253511428833,0.210105299949646,-0.7303785681724548,0.6544927358627319,0.33376309275627139,0.6784109473228455],"EasingStyle":"Linear","EasingDirection":"In"},"Left Arm":{"Weight":1,"CFrame":[-0.6981300711631775,-0.3598001301288605,0.06351935863494873,-0.5804322361946106,0.6439637541770935,-0.49840664863586428,-0.7702175378799439,-0.23548944294452668,0.5927138328552246,0.26431676745414736,0.7279117107391357,0.6326777338981628],"EasingStyle":"Linear","EasingDirection":"In"},"Head":{"Weight":1,"CFrame":[1.0384246706962586e-7,-4.6566128730773929e-9,-5.960464477539063e-8,0.9952285289764404,0.07280106097459793,-0.06496277451515198,-0.07048260420560837,0.9968155026435852,0.037297219038009647,0.06747116893529892,-0.032540515065193179,0.9971904158592224],"EasingStyle":"Linear","EasingDirection":"In"},"Torso":{"Weight":1,"CFrame":[0.1280336081981659,-0.013103842735290528,-0.27042388916015627,0.9967290759086609,-0.07120099663734436,0.038231149315834048,0.07186859846115112,0.9972795844078064,-0.016379814594984056,-0.03696088492870331,0.019073856994509698,0.9991346597671509],"EasingStyle":"Linear","EasingDirection":"In"},"HumanoidRootPart":{"Weight":0,"CFrame":[0,0,0,1,0,0,0,1,0,0,0,1],"EasingStyle":"Linear","EasingDirection":"In"},"Right Leg":{"Weight":1,"CFrame":[0.9635107517242432,0.4599137306213379,0.010018110275268555,0.6987119317054749,0.7060837745666504,-0.11509695649147034,-0.6627867221832275,0.6994495391845703,0.26736512780189516,0.26928675174713137,-0.11052651703357697,0.9566966891288757],"EasingStyle":"Linear","EasingDirection":"In"}}},{"Time":0.36666667461395266,"poses":{"Left Leg":{"Weight":1,"CFrame":[-0.8607857823371887,0.31325775384902956,-0.23698288202285767,0.845461368560791,-0.22815728187561036,-0.48284512758255007,0.31129300594329836,0.945201575756073,0.0984407588839531,0.433925986289978,-0.23353417217731477,0.8701551556587219],"EasingStyle":"Linear","EasingDirection":"In"},"Right Arm":{"Weight":1,"CFrame":[0.40084028244018557,-0.21775943040847779,0.036885857582092288,0.3671695291996002,-0.873113751411438,0.3207162320613861,0.6136940121650696,-0.03170882537961006,-0.788906991481781,0.6989750862121582,0.4864842891693115,0.524182140827179],"EasingStyle":"Linear","EasingDirection":"In"},"Left Arm":{"Weight":1,"CFrame":[-0.7913693785667419,-0.3933415412902832,0.07788121700286865,-0.830569326877594,0.4436085522174835,-0.3366986811161041,-0.5131985545158386,-0.37485143542289736,0.7720840573310852,0.21629121899604798,0.8140625357627869,0.5389993190765381],"EasingStyle":"Linear","EasingDirection":"In"},"Head":{"Weight":1,"CFrame":[8.329516276717186e-8,-9.313225746154786e-10,-3.5762786865234377e-7,0.9946433305740356,0.07969357818365097,-0.06583002209663391,-0.07797320187091828,0.9965535402297974,0.028306182473897935,0.06785896420478821,-0.023021578788757325,0.9974292516708374],"EasingStyle":"Linear","EasingDirection":"In"},"Torso":{"Weight":1,"CFrame":[0.11616802215576172,0.00381357129663229,-0.34006476402282717,0.9970144033432007,-0.07224959135055542,0.02724451757967472,0.07214601337909699,0.9973827004432678,0.004766958300024271,-0.027517620474100114,-0.0027871427591890098,0.9996174573898315],"EasingStyle":"Linear","EasingDirection":"In"},"HumanoidRootPart":{"Weight":0,"CFrame":[0,0,0,1,0,0,0,1,0,0,0,1],"EasingStyle":"Linear","EasingDirection":"In"},"Right Leg":{"Weight":1,"CFrame":[0.8539888858795166,0.5822339057922363,0.015817999839782716,0.8310773968696594,0.5371458530426025,-0.1441684514284134,-0.5036981105804443,0.8368611931800842,0.21436338126659394,0.23579347133636475,-0.10553529858589173,0.9660558104515076],"EasingStyle":"Linear","EasingDirection":"In"}}},{"Time":0.4000000059604645,"poses":{"Left Leg":{"Weight":1,"CFrame":[-0.8215444087982178,0.25011593103408816,-0.1771632432937622,0.8601009249687195,-0.23502415418624879,-0.45275843143463137,0.30076661705970766,0.950505793094635,0.07796189934015274,0.4120265543460846,-0.20322978496551515,0.8882182836532593],"EasingStyle":"Linear","EasingDirection":"In"},"Right Arm":{"Weight":1,"CFrame":[0.4302561581134796,-0.21351495385169984,0.03948402404785156,0.345156729221344,-0.7515276074409485,0.5622039437294006,0.6268589496612549,-0.26122042536735537,-0.7340379357337952,0.6985089182853699,0.6057806611061096,0.3809397220611572],"EasingStyle":"Linear","EasingDirection":"In"},"Left Arm":{"Weight":1,"CFrame":[-0.8405559659004211,-0.40740713477134707,0.10155856609344483,-0.9354614615440369,0.2991583049297333,-0.1881917417049408,-0.3008047938346863,-0.3943731486797333,0.8683239221572876,0.1855485737323761,0.8688924908638,0.45890897512435915],"EasingStyle":"Linear","EasingDirection":"In"},"Head":{"Weight":1,"CFrame":[7.031485438346863e-8,-7.450580596923828e-9,3.5762786865234377e-7,0.9944050908088684,0.08205273002386093,-0.06652700901031494,-0.08135388791561127,0.9965985417366028,0.013150827959179879,0.06737978011369705,-0.007665021810680628,0.9976979494094849],"EasingStyle":"Linear","EasingDirection":"In"},"Torso":{"Weight":1,"CFrame":[0.10885106027126312,0.021558251231908799,-0.2854297161102295,0.997103214263916,-0.07276572287082672,0.022144317626953126,0.07216181606054306,0.9970288276672363,0.026947807520627977,-0.02403939887881279,-0.025271769613027574,0.9993915557861328],"EasingStyle":"Linear","EasingDirection":"In"},"HumanoidRootPart":{"Weight":0,"CFrame":[0,0,0,1,0,0,0,1,0,0,0,1],"EasingStyle":"Linear","EasingDirection":"In"},"Right Leg":{"Weight":1,"CFrame":[0.6939657926559448,0.43959397077560427,0.09064841270446778,0.9179761409759522,0.3541519045829773,-0.1785949468612671,-0.34013089537620547,0.9345133304595947,0.10486142337322235,0.20403626561164857,-0.03551464527845383,0.9783189296722412],"EasingStyle":"Linear","EasingDirection":"In"}}},{"Time":0.4333333373069763,"poses":{"Left Leg":{"Weight":1,"CFrame":[-0.8403160572052002,0.21030741930007935,-0.12361925840377808,0.8640861511230469,-0.31168562173843386,-0.39523065090179446,0.3487527668476105,0.9369174838066101,0.02360343560576439,0.3629416227340698,-0.15823324024677277,0.9182786345481873],"EasingStyle":"Linear","EasingDirection":"In"},"Right Arm":{"Weight":1,"CFrame":[0.46049222350120547,-0.24660620093345643,0.046466827392578128,0.27593564987182619,-0.5956764221191406,0.7543402314186096,0.702400803565979,-0.4107600748538971,-0.5812995433807373,0.6561194062232971,0.6902505159378052,0.30506011843681338],"EasingStyle":"Linear","EasingDirection":"In"},"Left Arm":{"Weight":1,"CFrame":[-0.8548057079315186,-0.37894779443740847,0.14549458026885987,-0.9638404250144959,0.24859513342380525,-0.09597952663898468,-0.18452109396457673,-0.36274945735931399,0.913435697555542,0.19225920736789704,0.8981165289878845,0.39550361037254336],"EasingStyle":"Linear","EasingDirection":"In"},"Head":{"Weight":1,"CFrame":[8.754432201385498e-8,-8.381903171539307e-9,2.384185791015625e-7,0.9949087500572205,0.08084496855735779,-0.060171712189912799,-0.08180685341358185,0.9965541362762451,-0.013693432323634625,0.05885731056332588,0.018546169623732568,0.9980940818786621],"EasingStyle":"Linear","EasingDirection":"In"},"Torso":{"Weight":1,"CFrame":[0.1080842837691307,0.03833920508623123,-0.20519351959228517,0.9969727396965027,-0.07361207157373429,0.02503121830523014,0.0723537728190422,0.996226966381073,0.04792400449514389,-0.028464559465646745,-0.04596782475709915,0.9985373020172119],"EasingStyle":"Linear","EasingDirection":"In"},"HumanoidRootPart":{"Weight":0,"CFrame":[0,0,0,1,0,0,0,1,0,0,0,1],"EasingStyle":"Linear","EasingDirection":"In"},"Right Leg":{"Weight":1,"CFrame":[0.4540044963359833,0.23064827919006349,0.10351204872131348,0.9646463394165039,0.1593140810728073,-0.20994389057159425,-0.15791569650173188,0.9871724843978882,0.023519042879343034,0.2109978199005127,0.01046579610556364,0.977430522441864],"EasingStyle":"Linear","EasingDirection":"In"}}},{"Time":0.46666666865348818,"poses":{"Left Leg":{"Weight":1,"CFrame":[-0.889443576335907,0.14919817447662354,-0.033711373805999759,0.8456618785858154,-0.4515068531036377,-0.28460079431533816,0.44969770312309267,0.8899698257446289,-0.07566828280687332,0.2874508202075958,-0.06399455666542053,0.9556550979614258],"EasingStyle":"Linear","EasingDirection":"In"},"Right Arm":{"Weight":1,"CFrame":[0.4874541163444519,-0.3194069266319275,0.05591428279876709,0.18093039095401765,-0.4451778531074524,0.8769725561141968,0.7792629599571228,-0.4791106879711151,-0.40398284792900088,0.6000111699104309,0.7564850449562073,0.2602248191833496],"EasingStyle":"Linear","EasingDirection":"In"},"Left Arm":{"Weight":1,"CFrame":[-0.8600558638572693,-0.3140157461166382,0.19659197330474854,-0.9680332541465759,0.2477222979068756,-0.03931012004613876,-0.12392384558916092,-0.33610641956329348,0.9336356520652771,0.21807003021240235,0.9086617231369019,0.3560606837272644],"EasingStyle":"Linear","EasingDirection":"In"},"Head":{"Weight":1,"CFrame":[9.173527359962464e-8,2.7939677238464357e-8,2.384185791015625e-7,0.9959765076637268,0.07930340617895127,-0.04173397645354271,-0.08138002455234528,0.9953946471214294,-0.05066389963030815,0.037523966282606128,0.05385638028383255,0.9978433847427368],"EasingStyle":"Linear","EasingDirection":"In"},"Torso":{"Weight":1,"CFrame":[0.1125095784664154,0.05247598886489868,-0.1757502555847168,0.9965540766716003,-0.07574330270290375,0.033806320279836658,0.07341080158948899,0.9951422810554504,0.06559497863054276,-0.03861048072576523,-0.06288719922304154,0.9972735047340393],"EasingStyle":"Linear","EasingDirection":"In"},"HumanoidRootPart":{"Weight":0,"CFrame":[0,0,0,1,0,0,0,1,0,0,0,1],"EasingStyle":"Linear","EasingDirection":"In"},"Right Leg":{"Weight":1,"CFrame":[0.27709895372390749,0.1184244155883789,0.08199930191040039,0.9714157581329346,0.04886876046657562,-0.2322998344898224,-0.05356118083000183,0.9984673857688904,-0.013931463472545147,0.23126305639743806,0.025975409895181657,0.9725444316864014],"EasingStyle":"Linear","EasingDirection":"In"}}},{"Time":0.5,"poses":{"Left Leg":{"Weight":1,"CFrame":[-0.7568132877349854,0.016763746738433839,0.04507482051849365,0.8577837347984314,-0.49444571137428286,-0.14046524465084077,0.48424190282821658,0.8689945936203003,-0.10177507996559143,0.17238576710224152,0.01928183250129223,0.9848407506942749],"EasingStyle":"Linear","EasingDirection":"In"},"Right Arm":{"Weight":1,"CFrame":[0.506808876991272,-0.39220741391181948,0.0642242431640625,0.09714589267969132,-0.3433092534542084,0.9341849088668823,0.8285114169120789,-0.492198646068573,-0.2670380175113678,0.5514811873435974,0.7999245524406433,0.23662053048610688],"EasingStyle":"Linear","EasingDirection":"In"},"Left Arm":{"Weight":1,"CFrame":[-0.8608056306838989,-0.2432769238948822,0.22111999988555909,-0.9625269770622253,0.27116045355796816,-0.0037071702536195518,-0.09217038005590439,-0.31425583362579348,0.9448534250259399,0.2550419270992279,0.9097886085510254,0.32747259736061098],"EasingStyle":"Linear","EasingDirection":"In"},"Head":{"Weight":1,"CFrame":[8.754432201385498e-8,-3.259629011154175e-8,2.384185791015625e-7,0.9967982769012451,0.07860814034938812,-0.014628257602453232,-0.07959962636232376,0.9928798079490662,-0.08862043917179108,0.007557814009487629,0.08950110524892807,0.9959580302238464],"EasingStyle":"Linear","EasingDirection":"In"},"Torso":{"Weight":1,"CFrame":[0.12064576894044876,0.06236638128757477,-0.17251086235046388,0.9957241415977478,-0.0799838975071907,0.046216897666454318,0.0762300044298172,0.9940379858016968,0.07795798033475876,-0.052176736295223239,-0.0741015300154686,0.9958848357200623],"EasingStyle":"Linear","EasingDirection":"In"},"HumanoidRootPart":{"Weight":0,"CFrame":[0,0,0,1,0,0,0,1,0,0,0,1],"EasingStyle":"Linear","EasingDirection":"In"},"Right Leg":{"Weight":1,"CFrame":[0.25136733055114748,0.09533405303955078,0.0828162431716919,0.9678277969360352,0.051131609827280048,-0.2463632971048355,-0.059886377304792407,0.9978076219558716,-0.02817036584019661,0.24438287317752839,0.042017824947834018,0.9687680602073669],"EasingStyle":"Linear","EasingDirection":"In"}}},{"Time":0.5333333611488342,"poses":{"Left Leg":{"Weight":1,"CFrame":[-0.629783570766449,-0.010298609733581543,0.008657336235046387,0.8765237927436829,-0.4766022264957428,-0.06750038266181946,0.47482025623321535,0.8791089057922363,-0.04139263927936554,0.07906797528266907,0.004231077618896961,0.9968602657318115],"EasingStyle":"Linear","EasingDirection":"In"},"Right Arm":{"Weight":1,"CFrame":[0.5142233967781067,-0.4252985119819641,0.06779468059539795,0.06220151111483574,-0.3078913986682892,0.9493860602378845,0.8453159332275391,-0.48948097229003909,-0.2141246199607849,0.5306335687637329,0.815850019454956,0.2298189401626587],"EasingStyle":"Linear","EasingDirection":"In"},"Left Arm":{"Weight":1,"CFrame":[-0.8445728421211243,-0.19142770767211915,0.21404290199279786,-0.9370238184928894,0.3490193784236908,0.013103133998811245,-0.12633131444454194,-0.3736646771430969,0.9189206957817078,0.3256174325942993,0.8593952655792236,0.39422470331192019],"EasingStyle":"Linear","EasingDirection":"In"},"Head":{"Weight":1,"CFrame":[8.475035429000855e-8,-1.30385160446167e-8,2.384185791015625e-7,0.9966922998428345,0.07933488488197327,0.017617790028452874,-0.07670789957046509,0.9899929761886597,-0.11844771355390549,-0.026838529855012895,0.11670450866222382,0.9928039908409119],"EasingStyle":"Linear","EasingDirection":"In"},"Torso":{"Weight":1,"CFrame":[0.13103239238262177,0.06644012033939362,-0.18044042587280274,0.9943981766700745,-0.08699416369199753,0.06003613397479057,0.08187318593263626,0.9931764602661133,0.08305015414953232,-0.06685134768486023,-0.07766956835985184,0.9947353005409241],"EasingStyle":"Linear","EasingDirection":"In"},"HumanoidRootPart":{"Weight":0,"CFrame":[0,0,0,1,0,0,0,1,0,0,0,1],"EasingStyle":"Linear","EasingDirection":"In"},"Right Leg":{"Weight":1,"CFrame":[0.24685120582580567,0.08441424369812012,0.08727085590362549,0.9647504091262817,0.057474687695503238,-0.2568137049674988,-0.0707869604229927,0.996569037437439,-0.04288792610168457,0.25346773862838747,0.05955515801906586,0.9655088782310486],"EasingStyle":"Linear","EasingDirection":"In"}}},{"Time":0.5666666626930237,"poses":{"Left Leg":{"Weight":1,"CFrame":[-0.6988696455955505,0.049700021743774417,-0.051135480403900149,0.8725460171699524,-0.48279818892478945,-0.07462840527296066,0.484454482793808,0.8748034834861755,0.0047618732787668709,0.06298612058162689,-0.04030900448560715,0.997200071811676],"EasingStyle":"Linear","EasingDirection":"In"},"Right Arm":{"Weight":1,"CFrame":[0.5108604431152344,-0.4180367588996887,0.06231987476348877,0.07439197599887848,-0.36636361479759219,0.927493155002594,0.8859957456588745,-0.40258198976516726,-0.23008513450622559,0.4576869308948517,0.8388715386390686,0.2946476936340332],"EasingStyle":"Linear","EasingDirection":"In"},"Left Arm":{"Weight":1,"CFrame":[-0.8005123138427734,-0.15927410125732423,0.1958709955215454,-0.8504698276519775,0.5253693461418152,0.026231633499264718,-0.2979116439819336,-0.5221605896949768,0.7991227507591248,0.4335317313671112,0.671815037727356,0.6005953550338745],"EasingStyle":"Linear","EasingDirection":"In"},"Head":{"Weight":1,"CFrame":[7.543712854385376e-8,1.1175870895385743e-8,-1.7881393432617188e-7,0.9953657388687134,0.08122003078460694,0.05148119479417801,-0.07388126850128174,0.9885972738265991,-0.13121341168880464,-0.061551351100206378,0.12680181860923768,0.990016520023346],"EasingStyle":"Linear","EasingDirection":"In"},"Torso":{"Weight":1,"CFrame":[0.14496807754039765,0.04473435878753662,-0.22375750541687013,0.9926411509513855,-0.09565706551074982,0.07425166666507721,0.09162665158510208,0.9942221641540527,0.055917952209711078,-0.07917160540819168,-0.04870302602648735,0.9956705570220947],"EasingStyle":"Linear","EasingDirection":"In"},"HumanoidRootPart":{"Weight":0,"CFrame":[0,0,0,1,0,0,0,1,0,0,0,1],"EasingStyle":"Linear","EasingDirection":"In"},"Right Leg":{"Weight":1,"CFrame":[0.3074602484703064,0.1193651556968689,0.10749220848083496,0.9642741084098816,0.06530126184225083,-0.25673162937164309,-0.08317327499389649,0.9947649836540222,-0.05937087535858154,0.25151070952415469,0.07860298454761505,0.9646574258804321],"EasingStyle":"Linear","EasingDirection":"In"}}},{"Time":0.6000000238418579,"poses":{"Left Leg":{"Weight":1,"CFrame":[-0.7975442409515381,0.13718128204345704,-0.0684514045715332,0.8706187605857849,-0.48426857590675356,-0.08664298802614212,0.4866289496421814,0.8735793232917786,0.007170787546783686,0.07221689075231552,-0.048406004905700687,0.9962136149406433],"EasingStyle":"Linear","EasingDirection":"In"},"Right Arm":{"Weight":1,"CFrame":[0.5008019208908081,-0.3960094153881073,0.04911017417907715,0.1403709203004837,-0.5077173113822937,0.8500112891197205,0.9578093886375427,-0.1478278636932373,-0.2464713156223297,0.2507931888103485,0.8487461805343628,0.46554553508758547],"EasingStyle":"Linear","EasingDirection":"In"},"Left Arm":{"Weight":1,"CFrame":[-0.7355809807777405,-0.14165142178535462,0.17119383811950684,-0.6385758519172669,0.7640135884284973,0.09221755713224411,-0.6051705479621887,-0.5725730657577515,0.553108274936676,0.4753835201263428,0.2973940968513489,0.8279898166656494],"EasingStyle":"Linear","EasingDirection":"In"},"Head":{"Weight":1,"CFrame":[7.660128176212311e-8,2.3283064365386965e-10,-4.172325134277344e-7,0.9924825429916382,0.08867698162794113,0.08434922993183136,-0.08002602308988571,0.991669237613678,-0.100935198366642,-0.09259716421365738,0.09342629462480545,0.9913108944892883],"EasingStyle":"Linear","EasingDirection":"In"},"Torso":{"Weight":1,"CFrame":[0.16282781958580018,0.003701035864651203,-0.31510186195373537,0.9909914135932922,-0.10226421803236008,0.086475670337677,0.1022481918334961,0.9947481751441956,0.004626286681741476,-0.08649461716413498,0.00425737164914608,0.9962432384490967],"EasingStyle":"Linear","EasingDirection":"In"},"HumanoidRootPart":{"Weight":0,"CFrame":[0,0,0,1,0,0,0,1,0,0,0,1],"EasingStyle":"Linear","EasingDirection":"In"},"Right Leg":{"Weight":1,"CFrame":[0.41151198744773867,0.21830356121063233,0.13469409942626954,0.9677720665931702,0.07244736701250076,-0.2411816418170929,-0.09164217114448548,0.9933755397796631,-0.06933047622442246,0.23456121981143952,0.08919848501682282,0.9680003523826599],"EasingStyle":"Linear","EasingDirection":"In"}}},{"Time":0.6333333253860474,"poses":{"Left Leg":{"Weight":1,"CFrame":[-0.8411967158317566,0.188001811504364,-0.07721245288848877,0.8708182573318481,-0.48246943950653078,-0.09433409571647644,0.48451733589172366,0.874780535697937,-0.0013600575039163232,0.08317776769399643,-0.04452214762568474,0.995539665222168],"EasingStyle":"Linear","EasingDirection":"In"},"Right Arm":{"Weight":1,"CFrame":[0.48409345746040347,-0.3588535189628601,0.032987356185913089,0.30362874269485476,-0.640985906124115,0.7049444317817688,0.9521393179893494,0.2314731478691101,-0.19962701201438905,-0.035217516124248508,0.7318177819252014,0.6805897951126099],"EasingStyle":"Linear","EasingDirection":"In"},"Left Arm":{"Weight":1,"C