{"Sequence":[{"Time":0,"poses":{"Left Leg":{"Weight":1,"CFrame":[-0.45276302099227908,0.07200855016708374,0.11448466777801514,0.8373337984085083,-0.3851032257080078,0.38803035020828249,0.21900707483291627,0.8866276144981384,0.4073421061038971,-0.5009071230888367,-0.2560998499393463,0.8267436623573303],"EasingStyle":"Linear","EasingDirection":"In"},"Right Arm":{"Weight":1,"CFrame":[0.5166544914245606,-0.038687825202941897,-0.2918093800544739,-0.6339902877807617,-0.7723401188850403,0.039333526045084,0.7397647500038147,-0.5908551812171936,0.32192888855934145,-0.2253981977701187,0.23319725692272187,0.945946455001831],"EasingStyle":"Linear","EasingDirection":"In"},"Left Arm":{"Weight":1,"CFrame":[-0.05350416898727417,-0.681460976600647,-0.03379589319229126,-0.28728193044662478,0.8351514935493469,0.46903195977211,-0.9370904564857483,-0.34644076228141787,0.042900025844573978,0.19831979274749757,-0.4272010922431946,0.882138729095459],"EasingStyle":"Linear","EasingDirection":"In"},"Head":{"Weight":1,"CFrame":[8.963979780673981e-8,-4.1676685214042666e-8,0.0166623592376709,0.9938150644302368,0.03554489463567734,-0.1052054762840271,-0.04480874538421631,0.9951962828636169,-0.08704409003257752,0.10160613805055618,0.09121983498334885,0.9906337261199951],"EasingStyle":"Linear","EasingDirection":"In"},"Torso":{"Weight":1,"CFrame":[-0.062883660197258,0.058420732617378238,-0.12652301788330079,0.9994574785232544,-0.012640489265322686,-0.030412890017032625,0.014611565507948399,0.997746467590332,0.06548656523227692,0.029516566544771196,-0.06589540839195252,0.9973899722099304],"EasingStyle":"Linear","EasingDirection":"In"},"HumanoidRootPart":{"Weight":1,"CFrame":[0,0,0,1,0,0,0,1,0,0,0,1],"EasingStyle":"Linear","EasingDirection":"In"},"Right Leg":{"Weight":1,"CFrame":[0.3087621033191681,0.17621982097625733,0.24415695667266847,0.6393656134605408,0.39823007583618166,-0.6577420234680176,-0.14609962701797486,0.902765154838562,0.4045615494251251,0.754895031452179,-0.1625669002532959,0.6353781223297119],"EasingStyle":"Linear","EasingDirection":"In"}}},{"Time":0.03333333507180214,"poses":{"Left Leg":{"Weight":1,"CFrame":[-0.2130046933889389,-0.0033997297286987306,0.11573207378387451,0.8060262799263,-0.3569585382938385,0.4721253514289856,0.17769697308540345,0.9068150520324707,0.38224363327026369,-0.5645755529403687,-0.2242031842470169,0.7943472862243652],"EasingStyle":"Linear","EasingDirection":"In"},"Right Arm":{"Weight":1,"CFrame":[0.4932703971862793,-0.13494867086410523,-0.32397139072418215,-0.513207733631134,-0.8554341793060303,0.06964454799890518,0.8229567408561707,-0.46743711829185488,0.32286953926086428,-0.24363921582698823,0.22301335632801057,0.9438775777816773],"EasingStyle":"Linear","EasingDirection":"In"},"Left Arm":{"Weight":1,"CFrame":[-0.05341280251741409,-0.6813923120498657,-0.030812978744506837,-0.34641826152801516,0.8775973320007324,0.3313869833946228,-0.9241123199462891,-0.37999168038368227,0.040286142379045489,0.16127926111221314,-0.2922830283641815,0.9426344633102417],"EasingStyle":"Linear","EasingDirection":"In"},"Head":{"Weight":1,"CFrame":[8.009374141693115e-8,-3.725290298461914e-9,0.016662120819091798,0.984387993812561,-0.15719109773635865,-0.07919196784496308,0.1495082527399063,0.9841781854629517,-0.09508276730775833,0.09288512915372849,0.08175848424434662,0.9923145174980164],"EasingStyle":"Linear","EasingDirection":"In"},"Torso":{"Weight":1,"CFrame":[-0.08625082671642304,0.055183008313179019,0.00643157958984375,0.9826099276542664,0.1816716492176056,-0.03838365897536278,-0.1793258637189865,0.9820998311042786,0.057637907564640048,0.04816776514053345,-0.04975239560008049,0.9975994229316711],"EasingStyle":"Linear","EasingDirection":"In"},"HumanoidRootPart":{"Weight":1,"CFrame":[0,0,0,1,0,0,0,1,0,0,0,1],"EasingStyle":"Linear","EasingDirection":"In"},"Right Leg":{"Weight":1,"CFrame":[0.3330206274986267,0.13009190559387208,0.18197941780090333,0.7734495997428894,0.28732162714004519,-0.5649974346160889,-0.08805079013109207,0.9314233064651489,0.3531256914138794,0.6277123093605042,-0.2233765572309494,0.7457078099250794],"EasingStyle":"Linear","EasingDirection":"In"}}},{"Time":0.06666667014360428,"poses":{"Left Leg":{"Weight":1,"CFrame":[-0.14305995404720307,0.0015673637390136719,0.0974118709564209,0.8079137802124023,-0.3507583439350128,0.47354409098625185,0.18359379470348359,0.9133924245834351,0.3633284270763397,-0.5599720478057861,-0.20659823715686799,0.8023394346237183],"EasingStyle":"Linear","EasingDirection":"In"},"Right Arm":{"Weight":1,"CFrame":[0.45567476749420168,-0.23427987098693849,-0.3216068744659424,-0.35379719734191897,-0.929332435131073,0.105682872235775,0.8961920142173767,-0.30448463559150698,0.32269036769866946,-0.2677077651023865,0.20887894928455354,0.9405860304832459],"EasingStyle":"Linear","EasingDirection":"In"},"Left Arm":{"Weight":1,"CFrame":[-0.05627824366092682,-0.6771831512451172,-0.02658170461654663,-0.33799126744270327,0.9364317655563355,0.09411447495222092,-0.9331137537956238,-0.34646543860435488,0.0962316244840622,0.12272171676158905,-0.055294156074523929,0.9908996224403381],"EasingStyle":"Linear","EasingDirection":"In"},"Head":{"Weight":1,"CFrame":[9.685754776000977e-8,0,0.0166623592376709,0.9385499358177185,-0.34193670749664309,-0.046939533203840259,0.33685827255249026,0.9371289610862732,-0.09119202196598053,0.07517027854919434,0.06977631896734238,0.9947264790534973],"EasingStyle":"Linear","EasingDirection":"In"},"Torso":{"Weight":1,"CFrame":[-0.11053621023893357,0.04996994137763977,0.059838056564331058,0.9288405776023865,0.36656704545021059,-0.053701408207416537,-0.3643115162849426,0.9300699234008789,0.047403790056705478,0.0673227310180664,-0.024466518312692643,0.997431218624115],"EasingStyle":"Linear","EasingDirection":"In"},"HumanoidRootPart":{"Weight":1,"CFrame":[0,0,0,1,0,0,0,1,0,0,0,1],"EasingStyle":"Linear","EasingDirection":"In"},"Right Leg":{"Weight":1,"CFrame":[0.40941745042800906,0.18304288387298585,0.12753677368164063,0.8466777801513672,0.2287326157093048,-0.4804353713989258,-0.05724060535430908,0.936806857585907,0.34513261914253237,0.5290181636810303,-0.2647158205509186,0.8062663078308106],"EasingStyle":"Linear","EasingDirection":"In"}}},{"Time":0.10000000149011612,"poses":{"Left Leg":{"Weight":1,"CFrame":[-0.23695801198482514,0.06877338886260987,0.11813557147979737,0.8249267339706421,-0.3650631606578827,0.43153777718544009,0.2214377224445343,0.9111574292182922,0.347501665353775,-0.5200589895248413,-0.19110460579395295,0.8324768543243408],"EasingStyle":"Linear","EasingDirection":"In"},"Right Arm":{"Weight":1,"CFrame":[0.4125332832336426,-0.3273019790649414,-0.29529649019241335,-0.17670048773288728,-0.9738810062408447,0.14259286224842072,0.9406028985977173,-0.12441036850214005,0.31589290499687197,-0.28990212082862856,0.1899416744709015,0.9380186200141907],"EasingStyle":"Linear","EasingDirection":"In"},"Left Arm":{"Weight":1,"CFrame":[-0.06386962532997132,-0.6692439913749695,-0.022136807441711427,-0.2809641659259796,0.9408151507377625,-0.1895417869091034,-0.9533551335334778,-0.25089922547340395,0.16782009601593018,0.11033181101083756,0.22785180807113648,0.9674246311187744],"EasingStyle":"Linear","EasingDirection":"In"},"Head":{"Weight":1,"CFrame":[5.960464477539063e-8,-1.862645149230957e-9,0.016662001609802247,0.8786128759384155,-0.47717538475990298,-0.018525520339608194,0.47555282711982729,0.8778384327888489,-0.057003557682037356,0.043463077396154407,0.04127424955368042,0.9982021450996399],"EasingStyle":"Linear","EasingDirection":"In"},"Torso":{"Weight":1,"CFrame":[-0.1402571201324463,0.03185487166047096,0.015556812286376953,0.8624515533447266,0.49946606159210207,-0.08192160725593567,-0.499490886926651,0.8660481572151184,0.021667901426553727,0.08177044987678528,0.022231584414839746,0.9964032173156738],"EasingStyle":"Linear","EasingDirection":"In"},"HumanoidRootPart":{"Weight":1,"CFrame":[0,0,0,1,0,0,0,1,0,0,0,1],"EasingStyle":"Linear","EasingDirection":"In"},"Right Leg":{"Weight":1,"CFrame":[0.48007556796073916,0.3211483359336853,0.061142921447753909,0.8809589147567749,0.1881350874900818,-0.434184730052948,-0.022059407085180284,0.9328954815864563,0.3594712018966675,0.47267821431159975,-0.3071015775203705,0.82599276304245],"EasingStyle":"Linear","EasingDirection":"In"}}},{"Time":0.13333334028720857,"poses":{"Left Leg":{"Weight":1,"CFrame":[-0.36036795377731326,0.19144213199615479,0.13400506973266602,0.8450963497161865,-0.35175761580467226,0.4025900065898895,0.22114600241184236,0.9156109690666199,0.3357841670513153,-0.48673051595687868,-0.1947387307882309,0.8515692949295044],"EasingStyle":"Linear","EasingDirection":"In"},"Right Arm":{"Weight":1,"CFrame":[0.3716457486152649,-0.415738582611084,-0.26076292991638186,0.00412429915741086,-0.9840564131736755,0.17780916392803193,0.9529334902763367,0.057771652936935428,0.2976245880126953,-0.3031516969203949,0.16821283102035523,0.9379784464836121],"EasingStyle":"Linear","EasingDirection":"In"},"Left Arm":{"Weight":1,"CFrame":[-0.07523095607757569,-0.6595235466957092,-0.01982283592224121,-0.21168112754821778,0.8801164627075195,-0.4249544143676758,-0.9677051901817322,-0.12784552574157716,0.21726106107234956,0.13688652217388154,0.45722052454948428,0.8787555694580078],"EasingStyle":"Linear","EasingDirection":"In"},"Head":{"Weight":1,"CFrame":[1.434236764907837e-7,4.470348358154297e-8,0.01666247844696045,0.8315293192863464,-0.555478572845459,-0.001620299182832241,0.5553922057151794,0.831341028213501,0.020289301872253419,-0.009923254139721394,-0.01777106337249279,0.9997928738594055],"EasingStyle":"Linear","EasingDirection":"In"},"Torso":{"Weight":1,"CFrame":[-0.18430249392986298,-0.010501831769943238,-0.12683677673339845,0.81157386302948,0.569362223148346,-0.13105164468288423,-0.5776352286338806,0.8155968189239502,-0.033754996955394748,0.08766647428274155,0.10309472680091858,0.9908007383346558],"EasingStyle":"Linear","EasingDirection":"In"},"HumanoidRootPart":{"Weight":1,"CFrame":[0,0,0,1,0,0,0,1,0,0,0,1],"EasingStyle":"Linear","EasingDirection":"In"},"Right Leg":{"Weight":1,"CFrame":[0.4725832939147949,0.5025018453598023,-0.026420772075653077,0.8971967697143555,0.1094040721654892,-0.4278654158115387,0.06126263365149498,0.9286311864852905,0.3659110963344574,0.4373614192008972,-0.3545064330101013,0.8264625072479248],"EasingStyle":"Linear","EasingDirection":"In"}}},{"Time":0.1666666716337204,"poses":{"Left Leg":{"Weight":1,"CFrame":[-0.45610618591308596,0.37230169773101809,0.13323628902435304,0.8673150539398193,-0.29252541065216067,0.4027325510978699,0.1662977933883667,0.9328897595405579,0.31947097182273867,-0.46915844082832339,-0.21010847389698029,0.857755720615387],"EasingStyle":"Linear","EasingDirection":"In"},"Right Arm":{"Weight":1,"CFrame":[0.34057945013046267,-0.4856031537055969,-0.2225569486618042,0.1515420824289322,-0.9671415090560913,0.20413821935653687,0.9404019713401794,0.20467443764209748,0.2715740203857422,-0.30443236231803896,0.15081708133220673,0.9405186176300049],"EasingStyle":"Linear","EasingDirection":"In"},"Left Arm":{"Weight":1,"CFrame":[-0.08603623509407044,-0.6504349112510681,-0.021174192428588868,-0.14705507457256318,0.8269874453544617,-0.5426478981971741,-0.9692569375038147,-0.011064511723816395,0.2458021193742752,0.1972711682319641,0.5621116161346436,0.8031902313232422],"EasingStyle":"Linear","EasingDirection":"In"},"Head":{"Weight":1,"CFrame":[1.2665987014770509e-7,-4.470348358154297e-8,0.016661882400512697,0.8293483853340149,-0.55870521068573,0.00544916745275259,0.5530341267585754,0.8222413659095764,0.13443414866924287,-0.0795896127820015,-0.10847925394773483,0.9909075498580933],"EasingStyle":"Linear","EasingDirection":"In"},"Torso":{"Weight":1,"CFrame":[-0.2368519902229309,-0.07931900024414063,-0.3790888786315918,0.8088110685348511,0.5547288656234741,-0.19519367814064027,-0.5811509490013123,0.8047435879707336,-0.12104283273220062,0.08993490785360336,0.21133776009082795,0.9732667207717896],"EasingStyle":"Linear","EasingDirection":"In"},"HumanoidRootPart":{"Weight":1,"CFrame":[0,0,0,1,0,0,0,1,0,0,0,1],"EasingStyle":"Linear","EasingDirection":"In"},"Right Leg":{"Weight":1,"CFrame":[0.3598092794418335,0.6894698143005371,-0.11613184213638306,0.8822422623634338,0.00084910006262362,-0.47079503536224368,0.18662846088409425,0.9174410700798035,0.35138553380966189,0.4322250783443451,-0.3978709578514099,0.8092467784881592],"EasingStyle":"Linear","EasingDirection":"In"}}},{"Time":0.20000000298023225,"poses":{"Left Leg":{"Weight":1,"CFrame":[-0.5101475715637207,0.5245283246040344,0.11013507843017578,0.8917444348335266,-0.2314590960741043,0.3888682425022125,0.11409985274076462,0.9465382695198059,0.3017393946647644,-0.4379189908504486,-0.22470462322235108,0.8704797029495239],"EasingStyle":"Linear","EasingDirection":"In"},"Right Arm":{"Weight":1,"CFrame":[0.31765416264533999,-0.5315238237380981,-0.18441689014434815,0.24677976965904237,-0.9440280199050903,0.21888568997383119,0.9197429418563843,0.2993108034133911,0.2539408504962921,-0.30524224042892458,0.13865099847316743,0.942126989364624],"EasingStyle":"Linear","EasingDirection":"In"},"Left Arm":{"Weight":1,"CFrame":[-0.09165346622467041,-0.6444394588470459,-0.023507356643676759,-0.08584879338741303,0.8141809701919556,-0.5742295384407044,-0.9617879986763,0.08267667889595032,0.2610144019126892,0.259988397359848,0.5746947526931763,0.7759716510772705],"EasingStyle":"Linear","EasingDirection":"In"},"Head":{"Weight":1,"CFrame":[5.960464477539063e-8,5.960464477539063e-8,0.016662240028381349,0.8546749353408814,-0.5186423659324646,0.02326088584959507,0.5022680163383484,0.8373672366142273,0.2157382369041443,-0.13136881589889527,-0.1727028638124466,0.9761741757392883],"EasingStyle":"Linear","EasingDirection":"In"},"Torso":{"Weight":1,"CFrame":[-0.2707802653312683,-0.12881192564964295,-0.6406478881835938,0.8338242173194885,0.49721387028694155,-0.23982450366020204,-0.5418397784233093,0.8202516436576843,-0.1832946389913559,0.10557980090379715,0.2827819287776947,0.9533557891845703],"EasingStyle":"Linear","EasingDirection":"In"},"HumanoidRootPart":{"Weight":1,"CFrame":[0,0,0,1,0,0,0,1,0,0,0,1],"EasingStyle":"Linear","EasingDirection":"In"},"Right Leg":{"Weight":1,"CFrame":[0.24479128420352937,0.8192390203475952,-0.21083474159240724,0.8456408977508545,-0.04852466285228729,-0.5315419435501099,0.27620506286621096,0.891936182975769,0.35799500346183779,0.45673003792762759,-0.4495498538017273,0.7676606178283691],"EasingStyle":"Linear","EasingDirection":"In"}}},{"Time":0.23333333432674409,"poses":{"Left Leg":{"Weight":1,"CFrame":[-0.5705525875091553,0.5556937456130981,0.07352828979492188,0.9197014570236206,-0.22183606028556825,0.323941171169281,0.1237403079867363,0.9468057751655579,0.2970646321773529,-0.3726089894771576,-0.23312616348266602,0.8982287049293518],"EasingStyle":"Linear","EasingDirection":"In"},"Right Arm":{"Weight":1,"CFrame":[0.2989620566368103,-0.5493753552436829,-0.14971649646759034,0.2793844938278198,-0.9339209198951721,0.22301629185676576,0.9053865075111389,0.33357587456703188,0.2626831531524658,-0.3197180926799774,0.1285262107849121,0.9387552738189697],"EasingStyle":"Linear","EasingDirection":"In"},"Left Arm":{"Weight":1,"CFrame":[-0.09060010313987732,-0.6426076292991638,-0.024742424488067628,-0.02874772995710373,0.8341984152793884,-0.550714910030365,-0.949505627155304,0.14941295981407166,0.27588915824890139,0.312430202960968,0.5308379530906677,0.7877805829048157],"EasingStyle":"Linear","EasingDirection":"In"},"Head":{"Weight":1,"CFrame":[1.2665987014770509e-7,-4.470348358154297e-8,0.016662120819091798,0.8811066150665283,-0.4694942831993103,0.0567997507750988,0.44977474212646487,0.8690343499183655,0.20611180365085603,-0.14612926542758943,-0.15605932474136353,0.9768786430358887],"EasingStyle":"Linear","EasingDirection":"In"},"Torso":{"Weight":1,"CFrame":[-0.2729398310184479,-0.11560913920402527,-0.7755293846130371,0.8592822551727295,0.4479483366012573,-0.2469339519739151,-0.4931129217147827,0.8537453413009644,-0.1672082394361496,0.13591808080673219,0.26544538140296938,0.9544972777366638],"EasingStyle":"Linear","EasingDirection":"In"},"HumanoidRootPart":{"Weight":1,"CFrame":[0,0,0,1,0,0,0,1,0,0,0,1],"EasingStyle":"Linear","EasingDirection":"In"},"Right Leg":{"Weight":1,"CFrame":[0.2683124840259552,0.8644411563873291,-0.28283101320266726,0.8180268406867981,0.03359382972121239,-0.5741981267929077,0.26150035858154299,0.8674327731132507,0.42329421639442446,0.5122984647750855,-0.4964189827442169,0.700798511505127],"EasingStyle":"Linear","EasingDirection":"In"}}},{"Time":0.2666666805744171,"poses":{"Left Leg":{"Weight":1,"CFrame":[-0.5981365442276001,0.4683527946472168,0.040781378746032718,0.9462457299232483,-0.21788904070854188,0.2390466034412384,0.1468954235315323,0.9479348659515381,0.2825617790222168,-0.2881677448749542,-0.23225799202919007,0.9289863705635071],"EasingStyle":"Linear","EasingDirection":"In"},"Right Arm":{"Weight":1,"CFrame":[0.28123608231544497,-0.5342774391174316,-0.1203874945640564,0.23893611133098603,-0.947267472743988,0.21352751553058625,0.9022917151451111,0.2978520393371582,0.3116951286792755,-0.35885825753211977,0.11818877607584,0.925879180431366],"EasingStyle":"Linear","EasingDirection":"In"},"Left Arm":{"Weight":1,"CFrame":[-0.0882314145565033,-0.6422417759895325,-0.026699364185333253,0.006400892045348883,0.8712104558944702,-0.4908680021762848,-0.921681821346283,0.19555243849754334,0.33505508303642275,0.3878939747810364,0.45027947425842287,0.8042305111885071],"EasingStyle":"Linear","EasingDirection":"In"},"Head":{"Weight":1,"CFrame":[1.1920928955078126e-7,-2.9802322387695315e-8,0.016662240028381349,0.9046555161476135,-0.41697028279304507,0.08794461935758591,0.40247392654418948,0.9038368463516235,0.14523719251155854,-0.14004714787006379,-0.09599415212869644,0.985480546951294],"EasingStyle":"Linear","EasingDirection":"In"},"Torso":{"Weight":1,"CFrame":[-0.2577282190322876,-0.06967297196388245,-0.7128491401672363,0.8837364315986633,0.4060295522212982,-0.23270179331302644,-0.43893879652023318,0.891602635383606,-0.11125485599040985,0.16230477392673493,0.20046183466911317,0.966163694858551],"EasingStyle":"Linear","EasingDirection":"In"},"HumanoidRootPart":{"Weight":1,"CFrame":[0,0,0,1,0,0,0,1,0,0,0,1],"EasingStyle":"Linear","EasingDirection":"In"},"Right Leg":{"Weight":1,"CFrame":[0.37235593795776369,0.8118203282356262,-0.23396271467208863,0.7870071530342102,0.16932041943073274,-0.5932539701461792,0.17849290370941163,0.8579854369163513,0.4816649556159973,0.5905591249465942,-0.48496541380882265,0.6450183391571045],"EasingStyle":"Linear","EasingDirection":"In"}}},{"Time":0.30000001192092898,"poses":{"Left Leg":{"Weight":1,"CFrame":[-0.5248273611068726,0.313127338886261,0.010760068893432618,0.9749963283538818,-0.1543814092874527,0.1598386913537979,0.11032739281654358,0.9606591463088989,0.2548762261867523,-0.19289864599704743,-0.23086880147457124,0.9536717534065247],"EasingStyle":"Linear","EasingDirection":"In"},"Right Arm":{"Weight":1,"CFrame":[0.2642773985862732,-0.48920172452926638,-0.09640079736709595,0.13549061119556428,-0.9746959209442139,0.1777924746274948,0.8992981314659119,0.1962960809469223,0.3908078670501709,-0.4158187806606293,0.10693774372339249,0.9031385779380798],"EasingStyle":"Linear","EasingDirection":"In"},"Left Arm":{"Weight":1,"CFrame":[-0.08528335392475128,-0.6433230042457581,-0.02801758050918579,0.023416345939040185,0.9027179479598999,-0.42959561944007876,-0.8944332003593445,0.21087470650672913,0.39436185359954836,0.44658827781677248,0.3750098645687103,0.8123584985733032],"EasingStyle":"Linear","EasingDirection":"In"},"Head":{"Weight":1,"CFrame":[1.5273690223693848e-7,2.2351741790771486e-8,0.016662120819091798,0.9254368543624878,-0.36465200781822207,0.10293407738208771,0.35676971077919009,0.9300971627235413,0.08737711608409882,-0.1276010125875473,-0.04413820058107376,0.9908429980278015],"EasingStyle":"Linear","EasingDirection":"In"},"Torso":{"Weight":1,"CFrame":[-0.23855060338974,-0.03446866571903229,-0.5258846282958984,0.9082452058792114,0.3606241047382355,-0.21222856640815736,-0.3819138705730438,0.9216709733009338,-0.0682976171374321,0.17097513377666474,0.14308404922485352,0.9748305082321167],"EasingStyle":"Linear","EasingDirection":"In"},"HumanoidRootPart":{"Weight":1,"CFrame":[0,0,0,1,0,0,0,1,0,0,0,1],"EasingStyle":"Linear","EasingDirection":"In"},"Right Leg":{"Weight":1,"CFrame":[0.4103907346725464,0.6651387214660645,-0.06368273496627808,0.7424140572547913,0.2607865631580353,-0.6170995235443115,0.09262743592262268,0.8723204731941223,0.48008033633232119,0.6635070443153381,-0.41357871890068056,0.6234670281410217],"EasingStyle":"Linear","EasingDirection":"In"}}},{"Time":0.3333333432674408,"poses":{"Left Leg":{"Weight":1,"CFrame":[-0.44216388463974,0.19617730379104615,-0.008530020713806153,0.9886888861656189,-0.09774714708328247,0.11375299841165543,0.06735721230506897,0.9670445322990418,0.2455359548330307,-0.1340046525001526,-0.23509661853313447,0.9626901745796204],"EasingStyle":"Linear","EasingDirection":"In"},"Right Arm":{"Weight":1,"CFrame":[0.24888283014297486,-0.4193413555622101,-0.07688182592391968,-0.028402727097272874,-0.9943016171455383,0.10274995863437653,0.8747602701187134,0.025018630549311639,0.48390957713127139,-0.4837227463722229,0.1036258265376091,0.8690650463104248],"EasingStyle":"Linear","EasingDirection":"In"},"Left Arm":{"Weight":1,"CFrame":[-0.08169949054718018,-0.6453886032104492,-0.02871859073638916,0.0367773100733757,0.9294605851173401,-0.36708372831344607,-0.8760272264480591,0.20673970878124238,0.4357006549835205,0.4808574914932251,0.3055514097213745,0.8218360543251038],"EasingStyle":"Linear","EasingDirection":"In"},"Head":{"Weight":1,"CFrame":[1.1175870895385742e-7,0,0.016662120819091798,0.9432544708251953,-0.3157954514026642,0.10268542915582657,0.3133242130279541,0.9488121271133423,0.039792388677597049,-0.10999541729688645,-0.005360460840165615,0.99391770362854],"EasingStyle":"Linear","EasingDirection":"In"},"Torso":{"Weight":1,"CFrame":[-0.21710935235023499,-0.01542845368385315,-0.31793975830078127,0.9317696690559387,0.310827374458313,-0.18759432435035706,-0.3242439925670624,0.9449087977409363,-0.04486902803182602,0.16331301629543305,0.10263393074274063,0.9812212586402893],"EasingStyle":"Linear","EasingDirection":"In"},"HumanoidRootPart":{"Weight":1,"CFrame":[0,0,0,1,0,0,0,1,0,0,0,1],"EasingStyle":"Linear","EasingDirection":"In"},"Right Leg":{"Weight":1,"CFrame":[0.3872930109500885,0.5243033170700073,0.05895578861236572,0.7047954201698303,0.3078436851501465,-0.639136552810669,0.03569958359003067,0.8844079375267029,0.46534714102745058,0.7085117101669312,-0.3507915139198303,0.6123369336128235],"EasingStyle":"Linear","EasingDirection":"In"}}},{"Time":0.36666667461395266,"poses":{"Left Leg":{"Weight":1,"CFrame":[-0.5393112897872925,0.20314282178878785,-0.013884305953979493,0.9789161682128906,-0.1630580872297287,0.12302492558956146,0.12473343312740326,0.9541451930999756,0.2721188962459564,-0.16175486147403718,-0.2510361671447754,0.9543669819831848],"EasingStyle":"Linear","EasingDirection":"In"},"Right Arm":{"Weight":1,"CFrame":[0.23625250160694123,-0.32936161756515505,-0.060819268226623538,-0.2398296445608139,-0.9706472754478455,-0.018043633550405504,0.7986087799072266,-0.20782189071178437,0.564831018447876,-0.5520015358924866,0.12105334550142288,0.8250093460083008],"EasingStyle":"Linear","EasingDirection":"In"},"Left Arm":{"Weight":1,"CFrame":[-0.07776255905628205,-0.6476983428001404,-0.029585599899291993,0.06576579809188843,0.9537550210952759,-0.29330238699913027,-0.8676778674125671,0.19981566071510316,0.4552018940448761,0.4927574694156647,0.22455507516860963,0.8406931161880493],"EasingStyle":"Linear","EasingDirection":"In"},"Head":{"Weight":1,"CFrame":[9.96515154838562e-8,-3.725290298461914e-8,0.016661882400512697,0.957827091217041,-0.2725886404514313,0.09090013802051544,0.2739728093147278,0.9617332220077515,-0.0028716567903757097,-0.08663889020681381,0.027654625475406648,0.9958558678627014],"EasingStyle":"Linear","EasingDirection":"In"},"Torso":{"Weight":1,"CFrame":[-0.19283521175384522,-0.007773406803607941,-0.16572999954223634,0.9530491232872009,0.2580684721469879,-0.1584237664937973,-0.26665860414505007,0.9631470441818237,-0.035227470099925998,0.14349427819252015,0.07581856846809387,0.9867426156997681],"EasingStyle":"Linear","EasingDirection":"In"},"HumanoidRootPart":{"Weight":1,"CFrame":[0,0,0,1,0,0,0,1,0,0,0,1],"EasingStyle":"Linear","EasingDirection":"In"},"Right Leg":{"Weight":1,"CFrame":[0.4090241491794586,0.492519736289978,0.10509598255157471,0.6774961352348328,0.35651978850364687,-0.6433449983596802,-0.020656753331422807,0.8835505843162537,0.4678801894187927,0.7352362871170044,-0.3036976456642151,0.6059665679931641],"EasingStyle":"Linear","EasingDirection":"In"}}},{"Time":0.4000000059604645,"poses":{"Left Leg":{"Weight":1,"CFrame":[-0.6237964630126953,0.24701553583145142,-0.00012034177780151367,0.9537330269813538,-0.24056054651737214,0.18034383654594422,0.17665942013263703,0.933752715587616,0.31128358840942385,-0.24327905476093293,-0.265021950006485,0.9330481290817261],"EasingStyle":"Linear","EasingDirection":"In"},"Right Arm":{"Weight":1,"CFrame":[0.22728832066059113,-0.2227497100830078,-0.047405242919921878,-0.4567539393901825,-0.8735257387161255,-0.16831116378307343,0.6509859561920166,-0.4571540355682373,0.6059931516647339,-0.6062947511672974,0.16722151637077332,0.7774598598480225],"EasingStyle":"Linear","EasingDirection":"In"},"Left Arm":{"Weight":1,"CFrame":[-0.07371176779270172,-0.6498072147369385,-0.03105294704437256,0.12132246792316437,0.9720343351364136,-0.2010730654001236,-0.8702713251113892,0.2015896886587143,0.4494324326515198,0.4773977994918823,0.12046168744564057,0.8703908920288086],"EasingStyle":"Linear","EasingDirection":"In"},"Head":{"Weight":1,"CFrame":[8.102506399154663e-8,3.725290298461914e-9,0.016662001609802247,0.9689456820487976,-0.23700083792209626,0.07053307443857193,0.24049998819828034,0.96955806016922,-0.04601064324378967,-0.057481419295072559,0.0615449994802475,0.996447741985321],"EasingStyle":"Linear","EasingDirection":"In"},"Torso":{"Weight":1,"CFrame":[-0.16570515930652619,-0.006691597402095795,-0.03593564033508301,0.9709209203720093,0.20412002503871919,-0.12509049475193025,-0.20975178480148316,0.9771807789802551,-0.033498045057058337,0.11539839208126068,0.05876191332936287,0.9915797114372253],"EasingStyle":"Linear","EasingDirection":"In"},"HumanoidRootPart":{"Weight":1,"CFrame":[0,0,0,1,0,0,0,1,0,0,0,1],"EasingStyle":"Linear","EasingDirection":"In"},"Right Leg":{"Weight":1,"CFrame":[0.44926586747169497,0.48756086826324465,0.13552796840667725,0.6662219762802124,0.3902056813240051,-0.6355215907096863,-0.07589298486709595,0.8832381367683411,0.4627426266670227,0.7418817281723023,-0.2600577473640442,0.6180467009544373],"EasingStyle":"Linear","EasingDirection":"In"}}},{"Time":0.4333333373069763,"poses":{"Left Leg":{"Weight":1,"CFrame":[-0.5722320079803467,0.2356927990913391,0.04245126247406006,0.928673505783081,-0.25568318367004397,0.2686847746372223,0.16036878526210786,0.9300068616867065,0.33071014285087588,-0.33443570137023928,-0.26403310894966128,0.9046764373779297],"EasingStyle":"Linear","EasingDirection":"In"},"Right Arm":{"Weight":1,"CFrame":[0.22159495949745179,-0.10265472531318665,-0.036468446254730228,-0.6312314867973328,-0.7089084386825562,-0.31463584303855898,0.45226937532424929,-0.6659983396530151,0.5932103991508484,-0.630078911781311,0.2321528047323227,0.741016685962677],"EasingStyle":"Linear","EasingDirection":"In"},"Left Arm":{"Weight":1,"CFrame":[-0.06977363675832749,-0.6522327661514282,-0.032518208026885989,0.17090101540088654,0.9806278944015503,-0.09571777284145355,-0.8832387924194336,0.19553016126155854,0.42621248960494997,0.43667155504226687,0.011701303534209729,0.899544894695282],"EasingStyle":"Linear","EasingDirection":"In"},"Head":{"Weight":1,"CFrame":[7.683411240577698e-8,0,0.016662120819091798,0.976938009262085,-0.20971456170082093,0.04015060141682625,0.2126290202140808,0.9726853966712952,-0.0931243970990181,-0.019524386152625085,0.09951392561197281,0.9948446750640869],"EasingStyle":"Linear","EasingDirection":"In"},"Torso":{"Weight":1,"CFrame":[-0.13600695133209229,-0.008030608296394349,0.10872173309326172,0.9846031069755554,0.15063124895095826,-0.08869684487581253,-0.15418419241905213,0.9874351024627686,-0.03463089466094971,0.08236587792634964,0.0477733351290226,0.9954565763473511],"EasingStyle":"Linear","EasingDirection":"In"},"HumanoidRootPart":{"Weight":1,"CFrame":[0,0,0,1,0,0,0,1,0,0,0,1],"EasingStyle":"Linear","EasingDirection":"In"},"Right Leg":{"Weight":1,"CFrame":[0.4390248656272888,0.40889662504196169,0.1889476776123047,0.6786689162254334,0.38042449951171877,-0.628240168094635,-0.11501580476760864,0.8998922109603882,0.42067262530326846,0.7253825068473816,-0.21323998272418977,0.6544837951660156],"EasingStyle":"Linear","EasingDirection":"In"}}},{"Time":0.46666666865348818,"poses":{"Left Leg":{"Weight":1,"CFrame":[-0.39861878752708437,0.1597239375114441,0.0757303237915039,0.9056215286254883,-0.20609726011753083,0.3706393837928772,0.07872173935174942,0.9404779076576233,0.33061179518699648,-0.4167162775993347,-0.2702317535877228,0.8679413795471191],"EasingStyle":"Linear","EasingDirection":"In"},"Right Arm":{"Weight":1,"CFrame":[0.21748200058937074,0.02681177854537964,-0.02817326784133911,-0.7433383464813232,-0.5212025046348572,-0.4192805290222168,0.25581005215644839,-0.8006575703620911,0.541764497756958,-0.618069052696228,0.2954581379890442,0.7284882664680481],"EasingStyle":"Linear","EasingDirection":"In"},"Left Arm":{"Weight":1,"CFrame":[-0.06598963588476181,-0.6547269821166992,-0.033351778984069827,0.20522023737430573,0.9787147641181946,0.0014372299192473293,-0.9000505805015564,0.1881483644247055,0.39307674765586855,0.3844395875930786,-0.08196093887090683,0.9195045232772827],"EasingStyle":"Linear","EasingDirection":"In"},"Head":{"Weight":1,"CFrame":[6.938353180885315e-8,-2.9802322387695315e-8,0.016662120819091798,0.9817476868629456,-0.19009043276309968,0.006103149615228176,0.18903905153274537,0.9717896580696106,-0.14102865755558015,0.020877232775092126,0.139608234167099,0.989986777305603],"EasingStyle":"Linear","EasingDirection":"In"},"Torso":{"Weight":1,"CFrame":[-0.10518918931484223,-0.011620312929153443,0.21155095100402833,0.9938436150550842,0.09840981662273407,-0.05089680105447769,-0.10041294246912003,0.9942038655281067,-0.038417622447013858,0.046821124851703647,0.04329179972410202,0.9979647397994995],"EasingStyle":"Linear","EasingDirection":"In"},"HumanoidRootPart":{"Weight":1,"CFrame":[0,0,0,1,0,0,0,1,0,0,0,1],"EasingStyle":"Linear","EasingDirection":"In"},"Right Leg":{"Weight":1,"CFrame":[0.35823673009872439,0.2522429823875427,0.22760772705078126,0.7125054597854614,0.32304397225379946,-0.6228792071342468,-0.1157647892832756,0.9296696186065674,0.34973254799842837,0.6920508742332459,-0.17707887291908265,0.6997917890548706],"EasingStyle":"Linear","EasingDirection":"In"}}},{"Time":0.5,"poses":{"Left Leg":{"Weight":1,"CFrame":[-0.2218761444091797,0.10264599323272705,0.06616091728210449,0.874690592288971,-0.1467934250831604,0.46191784739494326,-0.019611533731222154,0.9415337443351746,0.33634766936302187,-0.48428481817245486,-0.3032590448856354,0.8206718564033508],"EasingStyle":"Linear","EasingDirection":"In"},"Right Arm":{"Weight":1,"CFrame":[0.21325358748435975,0.16004836559295655,-0.022854924201965333,-0.8055986762046814,-0.3594491183757782,-0.4709639549255371,0.11180628836154938,-0.8728804588317871,0.47495171427726748,-0.5818161368370056,0.32996371388435366,0.743380069732666],"EasingStyle":"Linear","EasingDirection":"In"},"Left Arm":{"Weight":1,"CFrame":[-0.06202937290072441,-0.6579070091247559,-0.03290057182312012,0.198080375790596,0.9774157404899597,0.07363927364349365,-0.9205363988876343,0.15969222784042359,0.3565266728401184,0.3367151618003845,-0.1384088099002838,0.9313786625862122],"EasingStyle":"Linear","EasingDirection":"In"},"Head":{"Weight":1,"CFrame":[7.89295881986618e-8,1.3504177331924439e-8,0.016662001609802247,0.9838136434555054,-0.17679902911186219,-0.029203206300735475,0.1681634932756424,0.9672039747238159,-0.19036176800727845,0.06190120801329613,0.18236954510211945,0.9812796115875244],"EasingStyle":"Linear","EasingDirection":"In"},"Torso":{"Weight":1,"CFrame":[-0.074448361992836,-0.015454977750778199,0.1936943531036377,0.9987511038780212,0.048162590712308887,-0.013290319591760636,-0.04868662729859352,0.9979130029678345,-0.04241783171892166,0.011219630017876625,0.04301191866397858,0.9990115761756897],"EasingStyle":"Linear","EasingDirection":"In"},"HumanoidRootPart":{"Weight":1,"CFrame":[0,0,0,1,0,0,0,1,0,0,0,1],"EasingStyle":"Linear","EasingDirection":"In"},"Right Leg":{"Weight":1,"CFrame":[0.2577053904533386,0.12204080820083618,0.21463382244110108,0.7460440397262573,0.25390803813934328,-0.6155883073806763,-0.08671709895133972,0.9536232352256775,0.2882409989833832,0.6602259278297424,-0.16165852546691895,0.7334631681442261],"EasingStyle":"Linear","EasingDirection":"In"}}},{"Time":0.5333333611488342,"poses":{"Left Leg":{"Weight":1,"CFrame":[-0.2405887097120285,0.18131119012832642,0.08061110973358154,0.8356142044067383,-0.17544306814670564,0.5205464959144592,-0.032872140407562259,0.9299563765525818,0.3661974370479584,-0.5483322739601135,-0.32311126589775088,0.7713176012039185],"EasingStyle":"Linear","EasingDirection":"In"},"Right Arm":{"Weight":1,"CFrame":[0.20785577595233918,0.2908093333244324,-0.02056032419204712,-0.8440709710121155,-0.2556738555431366,-0.47135451436042788,0.05140237137675285,-0.9135436415672302,0.40347981452941897,-0.5337621569633484,0.3163366913795471,0.784237802028656],"EasingStyle":"Linear","EasingDirection":"In"},"Left Arm":{"Weight":1,"CFrame":[-0.05763475224375725,-0.662534236907959,-0.030728638172149659,0.12632644176483155,0.9862346053123474,0.10669144988059998,-0.9427067041397095,0.08587545156478882,0.3223811388015747,0.30878114700317385,-0.14130423963069917,0.940578281879425],"EasingStyle":"Linear","EasingDirection":"In"},"Head":{"Weight":1,"CFrame":[8.181450539268553e-8,-9.536051948089153e-9,0.016662120819091798,0.9836230874061585,-0.1681317538022995,-0.0649409219622612,0.1479417085647583,0.9589493870735169,-0.24192854762077332,0.10295090079307556,0.22835902869701386,0.96811842918396],"EasingStyle":"Linear","EasingDirection":"In"},"Torso":{"Weight":1,"CFrame":[-0.04510405659675598,-0.017645634710788728,0.003168821334838867,0.9997515678405762,0.0003074615087825805,0.022286495193839074,0.0006810530903749168,0.9990166425704956,-0.04433371499180794,-0.022278208285570146,0.044337883591651919,0.9987682700157166],"EasingStyle":"Linear","EasingDirection":"In"},"HumanoidRootPart":{"Weight":1,"CFrame":[0,0,0,1,0,0,0,1,0,0,0,1],"EasingStyle":"Linear","EasingDirection":"In"},"Right Leg":{"Weight":1,"CFrame":[0.2559119164943695,0.12568700313568116,0.2261444330215454,0.7522417306900024,0.2468031942844391,-0.610917866230011,-0.10564156621694565,0.9603785276412964,0.25790131092071535,0.6503631472587586,-0.12946577370166779,0.748509407043457],"EasingStyle":"Linear","EasingDirection":"In"}}},{"Time":0.5666666626930237,"poses":{"Left Leg":{"Weight":1,"CFrame":[-0.39389708638191225,0.4074127674102783,0.07984888553619385,0.8081263303756714,-0.2511727809906006,0.532770037651062,0.0023178504779934885,0.905868411064148,0.4235529601573944,-0.589004635810852,-0.341049462556839,0.7326383590698242],"EasingStyle":"Linear","EasingDirection":"In"},"Right Arm":{"Weight":1,"CFrame":[0.2008914351463318,0.41334062814712527,-0.020892441272735597,-0.8794190287590027,-0.22180743515491486,-0.4212169945240021,0.08342472463846207,-0.9429332613945007,0.3223620653152466,-0.46868184208869936,0.24835141003131867,0.8477376699447632],"EasingStyle":"Linear","EasingDirection":"In"},"Left Arm":{"Weight":1,"CFrame":[-0.05329547077417374,-0.6682707667350769,-0.027216315269470216,0.006208774633705616,0.994739294052124,0.1022510752081871,-0.9549019932746887,-0.02445734292268753,0.29591241478919985,0.2968564033508301,-0.09947705268859863,0.9497266411781311],"EasingStyle":"Linear","EasingDirection":"In"},"Head":{"Weight":1,"CFrame":[8.195638656616211e-8,-5.122274160385132e-9,0.016662120819091798,0.9818695783615112,-0.16164006292819978,-0.09901922941207886,0.12644222378730775,0.9476602077484131,-0.2931768298149109,0.141225665807724,0.27534112334251406,0.9509167671203613],"EasingStyle":"Linear","EasingDirection":"In"},"Torso":{"Weight":1,"CFrame":[-0.0186346173286438,-0.019198819994926454,-0.30559325218200686,0.9975334405899048,-0.04494608938694,0.05391724407672882,0.04741327837109566,0.9978436827659607,-0.04538716375827789,-0.05176101252436638,0.04783160611987114,0.9975133538246155],"EasingStyle":"Linear","EasingDirection":"In"},"HumanoidRootPart":{"Weight":1,"CFrame":[0,0,0,1,0,0,0,1,0,0,0,1],"EasingStyle":"Linear","EasingDirection":"In"},"Right Leg":{"Weight":1,"CFrame":[0.35702279210090639,0.27238738536834719,0.2830791473388672,0.7234230637550354,0.31124597787857058,-0.6162669658660889,-0.18407076597213746,0.947257936000824,0.2623364329338074,0.6654148101806641,-0.07634353637695313,0.7425596117973328],"EasingStyle":"Linear","EasingDirection":"In"}}},{"Time":0.6000000238418579,"poses":{"Left Leg":{"Weight":1,"CFrame":[-0.5266433358192444,0.6829036474227905,-0.026383280754089357,0.8169336318969727,-0.28994107246398928,0.49855148792266848,0.007440118119120598,0.8696689009666443,0.49357932806015017,-0.5766837000846863,-0.39951226115226748,0.7126191854476929],"EasingStyle":"Linear","EasingDirection":"In"},"Right Arm":{"Weight":1,"CFrame":[0.19294074177742005,0.5226297378540039,-0.0216214656829834,-0.9108231663703919,-0.24247996509075166,-0.3340727984905243,0.16319598257541657,-0.9548792243003845,0.2481389343738556,-0.3791677951812744,0.1714911311864853,0.9092978239059448],"EasingStyle":"Linear","EasingDirection":"In"},"Left Arm":{"Weight":1,"CFrame":[-0.04977788031101227,-0.673957884311676,-0.02373868227005005,-0.12198849022388458,0.9886341094970703,0.08787156641483307,-0.9546191096305847,-0.1411036252975464,0.2622825801372528,0.2717004716396332,-0.05188867822289467,0.960982084274292],"EasingStyle":"Linear","EasingDirection":"In"},"Head":{"Weight":1,"CFrame":[1.0617077350616455e-7,3.259629011154175e-9,0.016662120819091798,0.979375422000885,-0.15434588491916657,-0.13038887083530427,0.10158519446849823,0.9339853525161743,-0.34256643056869509,0.1746549904346466,0.3222556412220001,0.930401623249054],"EasingStyle":"Linear","EasingDirection":"In"},"Torso":{"Weight":1,"CFrame":[0.003816574811935425,-0.02055256813764572,-0.6001930236816406,0.9929623603820801,-0.08748381584882736,0.07982784509658814,0.09134827554225922,0.9947510361671448,-0.04610903188586235,-0.0753750428557396,0.05307667329907417,0.9957416653633118],"EasingStyle":"Linear","EasingDirection":"In"},"HumanoidRootPart":{"Weight":1,"CFrame":[0,0,0,1,0,0,0,1,0,0,0,1],"EasingStyle":"Linear","EasingDirection":"In"},"Right Leg":{"Weight":1,"CFrame":[0.44414377212524416,0.4861100912094116,0.31558942794799807,0.6703179478645325,0.3875112235546112,-0.6328578591346741,-0.2513746917247772,0.9209769368171692,0.29767826199531557,0.698201060295105,-0.040454670786857608,0.7147578001022339],"EasingStyle":"Linear","EasingDirection":"In"}}},{"Time":0.6333333253860474,"poses":{"Left Leg":{"Weight":1,"CFrame":[-0.5391473770141602,0.7732698917388916,-0.07191336154937744,0.8484909534454346,-0.2548942267894745,0.46377989649772646,-0.013357013463973999,0.8657693266868591,0.5002651214599609,-0.5290411710739136,-0.43066513538360598,0.731192946434021],"EasingStyle":"Linear","EasingDirection":"In"},"Right Arm":{"Weight":1,"CFrame":[0.18360796570777894,0.6138792037963867,-0.020687758922576906,-0.9173083305358887,-0.3313438296318054,-0.2208094298839569,0.28754711151123049,-0.9348486661911011,0.20826570689678193,-0.27543094754219057,0.1275506615638733,0.9528214335441589],"EasingStyle":"Linear","EasingDirection":"In"},"Left Arm":{"Weight":1,"CFrame":[-0.047077879309654239,-0.6784122586250305,-0.02092599868774414,-0.219832643866539,0.9730896353721619,0.06906618177890778,-0.