{"Sequence":[{"Time":0,"poses":{"Left Leg":{"Weight":1,"CFrame":[-0.905300498008728,-0.08302903175354004,0.14288330078125,0.4144541919231415,-0.9007881283760071,0.12964783608913423,0.889483630657196,0.43107667565345766,0.15163016319274903,-0.1924748569726944,0.052475880831480029,0.9798979163169861],"EasingStyle":"Linear","EasingDirection":"In"},"Right Leg":{"Weight":1,"CFrame":[0.6413231492042542,0.20988887548446656,0.12967205047607423,0.9171966314315796,0.3601730763912201,-0.17036943137645722,-0.37304016947746279,0.9264867901802063,-0.049630772322416309,0.13996945321559907,0.10907580703496933,0.9841296076774597],"EasingStyle":"Linear","EasingDirection":"In"},"Left Arm":{"Weight":1,"CFrame":[-0.0026085488498210909,-0.7374061346054077,-0.2023826241493225,-0.13333790004253388,0.5036682486534119,-0.8535452485084534,-0.9859610795974731,0.01992662437260151,0.16578200459480287,0.100507453083992,0.8636673092842102,0.49394020438194277],"EasingStyle":"Linear","EasingDirection":"In"},"Head":{"Weight":1,"CFrame":[8.789356797933579e-8,5.4824340622872118e-9,-1.1920928955078126e-7,0.9999469518661499,0.00991925410926342,-0.0027965055778622629,-0.010022973641753197,0.9991534948348999,-0.0398978628218174,0.002398380544036627,0.039923764765262607,0.9991999268531799],"EasingStyle":"Linear","EasingDirection":"In"},"Torso":{"Weight":1,"CFrame":[0.0004093494499102235,-0.013640623539686203,-0.35911059379577639,0.9982007145881653,-0.059960007667541507,0.0005997046828269959,0.0599600151181221,0.9980006814002991,-0.019986674189567567,0.0005998955457471311,0.01998666673898697,0.9998000860214233],"EasingStyle":"Linear","EasingDirection":"In"},"HumanoidRootPart":{"Weight":1,"CFrame":[0,0,0,1,0,0,0,1,0,0,0,1],"EasingStyle":"Linear","EasingDirection":"In"},"Right Arm":{"Weight":1,"CFrame":[0.011477973312139511,-0.2609230875968933,-0.10407066345214844,-0.09505906701087952,-0.3946825861930847,0.9138870239257813,0.9929136037826538,-0.1033637747168541,0.05863908678293228,0.07131906598806381,0.9129849672317505,0.40171128511428835],"EasingStyle":"Linear","EasingDirection":"In"}}},{"Time":0.03333333507180214,"poses":{"Left Leg":{"Weight":1,"CFrame":[-0.9436694979667664,0.07029706239700318,0.1283625364303589,0.5347268581390381,-0.8343182802200317,0.13409049808979035,0.8268523812294006,0.5493296980857849,0.1206321120262146,-0.17430546879768372,0.04636785015463829,0.9835993647575378],"EasingStyle":"Linear","EasingDirection":"In"},"Right Leg":{"Weight":1,"CFrame":[0.6421176791191101,0.19926601648330689,0.12802040576934815,0.913440465927124,0.3701116144657135,-0.1692451536655426,-0.382714182138443,0.9226222634315491,-0.04793867841362953,0.13840672373771668,0.10856160521507263,0.9844074249267578],"EasingStyle":"Linear","EasingDirection":"In"},"Left Arm":{"Weight":1,"CFrame":[-0.0037238523364067079,-0.6992384195327759,-0.18901747465133668,-0.06740996986627579,0.6528421640396118,-0.7544887065887451,-0.9909432530403137,0.04421459138393402,0.1267940253019333,0.11613591760396958,0.7562025785446167,0.6439488530158997],"EasingStyle":"Linear","EasingDirection":"In"},"Head":{"Weight":1,"CFrame":[8.760252967476845e-8,4.3655745685100558e-10,-1.1920928955078126e-7,0.9998396635055542,0.017708538100123407,-0.0026904884725809099,-0.017786365002393724,0.9993182420730591,-0.03235341235995293,0.0021157232113182546,0.03239607438445091,0.9994729161262512],"EasingStyle":"Linear","EasingDirection":"In"},"Torso":{"Weight":1,"CFrame":[0.0004466389073058963,-0.019406909123063089,-0.35494565963745119,0.9983522295951843,-0.0573817677795887,0.00044362738844938576,0.057382043451070788,0.9982424974441528,-0.014806997030973435,0.0004068038542754948,0.014808055013418198,0.9998902678489685],"EasingStyle":"Linear","EasingDirection":"In"},"HumanoidRootPart":{"Weight":1,"CFrame":[0,0,0,1,0,0,0,1,0,0,0,1],"EasingStyle":"Linear","EasingDirection":"In"},"Right Arm":{"Weight":1,"CFrame":[0.1421659141778946,-0.18490302562713624,-0.11577713489532471,-0.1810418963432312,-0.44009754061698916,0.8795101046562195,0.9767763614654541,-0.18466481566429139,0.10865919291973114,0.1145939826965332,0.878756582736969,0.46330875158309939],"EasingStyle":"Linear","EasingDirection":"In"}}},{"Time":0.06666667014360428,"poses":{"Left Leg":{"Weight":1,"CFrame":[-0.9039414525032044,0.2616506814956665,0.11433553695678711,0.7160727977752686,-0.6837326288223267,0.14053325355052949,0.6802260875701904,0.7286999225616455,0.07930181175470352,-0.1566278636455536,0.038808513432741168,0.986894965171814],"EasingStyle":"Linear","EasingDirection":"In"},"Right Leg":{"Weight":1,"CFrame":[0.6371509432792664,0.17329049110412599,0.12438309192657471,0.9061596393585205,0.38799360394477847,-0.16833215951919557,-0.40011295676231387,0.9154133796691895,-0.04391127824783325,0.13705623149871827,0.10714244097471237,0.98475182056427],"EasingStyle":"Linear","EasingDirection":"In"},"Left Arm":{"Weight":1,"CFrame":[-0.011530974879860878,-0.610588014125824,-0.14639103412628175,0.0681774690747261,0.9090384840965271,-0.41109728813171389,-0.9929893016815186,0.10171021521091461,0.06022677570581436,0.09656123071908951,0.4041089415550232,0.9095998406410217],"EasingStyle":"Linear","EasingDirection":"In"},"Head":{"Weight":1,"CFrame":[8.727874956093729e-8,2.990418579429388e-9,1.1920928955078126e-7,0.9994797706604004,0.032169099897146228,-0.0023343327920883896,-0.0322062186896801,0.9993166923522949,-0.018138032406568528,0.0017492534825578333,0.018203772604465486,0.9998328685760498],"EasingStyle":"Linear","EasingDirection":"In"},"Torso":{"Weight":1,"CFrame":[0.0011408012360334397,-0.034878384321928027,-0.34033203125,0.9986165165901184,-0.052582867443561557,0.00028444244526326656,0.05258362740278244,0.9986031651496887,-0.005182998720556498,-0.000011508257557579782,0.005190785508602858,0.9999865293502808],"EasingStyle":"Linear","EasingDirection":"In"},"HumanoidRootPart":{"Weight":1,"CFrame":[0,0,0,1,0,0,0,1,0,0,0,1],"EasingStyle":"Linear","EasingDirection":"In"},"Right Arm":{"Weight":1,"CFrame":[0.38487201929092409,-0.023602724075317384,-0.13751739263534547,-0.35427558422088625,-0.5480287671089172,0.757729172706604,0.9227137565612793,-0.33652010560035708,0.18802525103092194,0.15194791555404664,0.7657798528671265,0.624894380569458],"EasingStyle":"Linear","EasingDirection":"In"}}},{"Time":0.10000000149011612,"poses":{"Left Leg":{"Weight":1,"CFrame":[-0.7802364826202393,0.37232327461242678,0.10750985145568848,0.8739367723464966,-0.4631827175617218,0.14729653298854829,0.46279922127723696,0.8856061697006226,0.03897050395607948,-0.14849722385406495,0.034110963344573978,0.9883244037628174],"EasingStyle":"Linear","EasingDirection":"In"},"Right Leg":{"Weight":1,"CFrame":[0.6148881316184998,0.14166700839996339,0.12058818340301514,0.9023192524909973,0.39553791284561159,-0.17137593030929566,-0.40739819407463076,0.9124110341072083,-0.03915358707308769,0.1408786028623581,0.10514724254608154,0.9844274520874023],"EasingStyle":"Linear","EasingDirection":"In"},"Left Arm":{"Weight":1,"CFrame":[-0.03272172808647156,-0.5102365612983704,-0.07070720195770264,0.1387024074792862,0.9845418334007263,0.10695327818393707,-0.9903319478034973,0.13766324520111085,0.017074232921004297,0.0020867297425866129,-0.10828760266304016,0.9941174387931824],"EasingStyle":"Linear","EasingDirection":"In"},"Head":{"Weight":1,"CFrame":[8.742790669202805e-8,3.9071892388165e-9,3.5762786865234377e-7,0.9991995692253113,0.03995070233941078,-0.0020454309415072204,-0.03996903821825981,0.9991520643234253,-0.00988590158522129,0.0016487475950270892,0.009959743358194828,0.9999490976333618],"EasingStyle":"Linear","EasingDirection":"In"},"Torso":{"Weight":1,"CFrame":[0.0032965431455522777,-0.057318851351737979,-0.3119511604309082,0.9987503290176392,-0.049975838512182239,0.0004998017684556544,0.049975842237472537,0.9987504482269287,0.000006660864528384991,-0.000499510089866817,0.00001832547059166245,0.9999998807907105],"EasingStyle":"Linear","EasingDirection":"In"},"HumanoidRootPart":{"Weight":1,"CFrame":[0,0,0,1,0,0,0,1,0,0,0,1],"EasingStyle":"Linear","EasingDirection":"In"},"Right Arm":{"Weight":1,"CFrame":[0.51555997133255,0.12283498048782349,-0.1492236852645874,-0.4867791533470154,-0.7081022262573242,0.5115050077438355,0.8709905743598938,-0.4380250573158264,0.22250734269618989,0.06649406254291535,0.5538278818130493,0.8299717903137207],"EasingStyle":"Linear","EasingDirection":"In"}}},{"Time":0.13333334028720857,"poses":{"Left Leg":{"Weight":1,"CFrame":[-0.6082940101623535,0.3645387887954712,0.10035932064056397,0.962662935256958,-0.21908274292945863,0.15900608897209168,0.22015219926834107,0.9754026532173157,0.011078059673309327,-0.15752199292182923,0.02434111386537552,0.987215518951416],"EasingStyle":"Linear","EasingDirection":"In"},"Right Leg":{"Weight":1,"CFrame":[0.5677617192268372,0.10458624362945557,0.1160118579864502,0.9065845608711243,0.38248446583747866,-0.17835381627082826,-0.39529356360435488,0.917619526386261,-0.04144451022148132,0.14780908823013307,0.10807505249977112,0.9830933213233948],"EasingStyle":"Linear","EasingDirection":"In"},"Left Arm":{"Weight":1,"CFrame":[-0.14301137626171113,-0.4298684000968933,0.033640146255493167,0.11698829382658005,0.8115854263305664,0.5724010467529297,-0.9880266189575195,0.1534842550754547,-0.015684911981225015,-0.10058422386646271,-0.563712477684021,0.8198238611221314],"EasingStyle":"Linear","EasingDirection":"In"},"Head":{"Weight":1,"CFrame":[8.754432201385498e-8,3.4924596548080446e-10,-1.1920928955078126e-7,0.9991725087165833,0.039894621819257739,-0.007931960746645928,-0.03996575251221657,0.9991604089736939,-0.009020897559821606,0.0075654154643416409,0.009330437518656254,0.9999279379844666],"EasingStyle":"Linear","EasingDirection":"In"},"Torso":{"Weight":1,"CFrame":[0.012260287068784237,-0.0793195366859436,-0.27020740509033205,0.9987244009971619,-0.04995066672563553,0.007397214882075787,0.04995231330394745,0.998751699924469,-0.00003803048821282573,-0.0073860809206962589,0.0004074899188708514,0.9999726414680481],"EasingStyle":"Linear","EasingDirection":"In"},"HumanoidRootPart":{"Weight":1,"CFrame":[0,0,0,1,0,0,0,1,0,0,0,1],"EasingStyle":"Linear","EasingDirection":"In"},"Right Arm":{"Weight":1,"CFrame":[0.4939417243003845,0.18951988220214845,-0.0968427062034607,-0.47972285747528078,-0.8750221729278565,0.06482498347759247,0.8612090349197388,-0.4554363489151001,0.2256031036376953,-0.16788403689861298,0.16405469179153443,0.9720602035522461],"EasingStyle":"Linear","EasingDirection":"In"}}},{"Time":0.1666666716337204,"poses":{"Left Leg":{"Weight":1,"CFrame":[-0.4253422021865845,0.28755229711532595,0.0855475664138794,0.9838405251502991,-0.008553607389330864,0.1788424700498581,0.008717669174075127,0.9999620914459229,-0.0001316245034104213,-0.17883461713790894,0.0016885523218661547,0.9838777780532837],"EasingStyle":"Linear","EasingDirection":"In"},"Right Leg":{"Weight":1,"CFrame":[0.5090590119361877,0.06558281183242798,0.11012911796569824,0.9143844246864319,0.3592924177646637,-0.1865742802619934,-0.3746908903121948,0.9255816340446472,-0.053903743624687198,0.15332257747650147,0.11919640004634857,0.9809610247612],"EasingStyle":"Linear","EasingDirection":"In"},"Left Arm":{"Weight":1,"CFrame":[-0.3162878155708313,-0.3727800250053406,0.1294994354248047,0.08820612728595734,0.5143713355064392,0.8530191779136658,-0.976966142654419,0.2117241472005844,-0.026647048071026803,-0.19431130588054658,-0.8310205340385437,0.5211989283561707],"EasingStyle":"Linear","EasingDirection":"In"},"Head":{"Weight":1,"CFrame":[8.102506399154663e-8,1.4202669262886048e-8,-5.960464477539063e-8,0.998974084854126,0.03976215794682503,-0.021676259115338327,-0.03995359688997269,0.9991656541824341,-0.008471340872347355,0.021321330219507219,0.009328693151473999,0.9997292160987854],"EasingStyle":"Linear","EasingDirection":"In"},"Torso":{"Weight":1,"CFrame":[0.029576413333415986,-0.09581007808446884,-0.23099398612976075,0.9984750151634216,-0.049935683608055118,0.023542495444417,0.049951616674661639,0.9987516403198242,-0.00008843907562550157,-0.023508692160248758,0.0012642897199839354,0.9997228384017944],"EasingStyle":"Linear","EasingDirection":"In"},"HumanoidRootPart":{"Weight":1,"CFrame":[0,0,0,1,0,0,0,1,0,0,0,1],"EasingStyle":"Linear","EasingDirection":"In"},"Right Arm":{"Weight":1,"CFrame":[0.4399730861186981,0.20926082134246827,0.02168452739715576,-0.30234405398368838,-0.8321789503097534,-0.4648292362689972,0.866876482963562,-0.44283735752105715,0.2289549857378006,-0.39637526869773867,-0.3337263762950897,0.8552855849266052],"EasingStyle":"Linear","EasingDirection":"In"}}},{"Time":0.20000000298023225,"poses":{"Left Leg":{"Weight":1,"CFrame":[-0.32865267992019656,0.24519044160842896,0.07739949226379395,0.9760314226150513,0.08133678138256073,0.2018590271472931,-0.08374229818582535,0.9964816570281982,0.0033906984608620407,-0.20087310671806336,-0.02021351456642151,0.9794088006019592],"EasingStyle":"Linear","EasingDirection":"In"},"Right Leg":{"Weight":1,"CFrame":[0.4678789973258972,0.03709614276885986,0.10764753818511963,0.918310284614563,0.34398749470710757,-0.19590522348880769,-0.36317700147628786,0.9289968609809876,-0.07118648290634155,0.15750811994075776,0.13651946187019349,0.9780356884002686],"EasingStyle":"Linear","EasingDirection":"In"},"Left Arm":{"Weight":1,"CFrame":[-0.4065019190311432,-0.3351752460002899,0.17152857780456544,0.09316505491733551,0.2750876843929291,0.9568945169448853,-0.9490076303482056,0.3152483403682709,0.0017696743598207832,-0.3011726140975952,-0.9082650542259216,0.29043054580688479],"EasingStyle":"Linear","EasingDirection":"In"},"Head":{"Weight":1,"CFrame":[1.1129304766654968e-7,-1.1641532182693482e-8,3.5762786865234377e-7,0.9985175728797913,0.039605654776096347,-0.03733883053064346,-0.039935141801834109,0.9991692900657654,-0.008119821548461914,0.03698622062802315,0.00959891639649868,0.9992696642875671],"EasingStyle":"Linear","EasingDirection":"In"},"Torso":{"Weight":1,"CFrame":[0.050270646810531619,-0.10756279528141022,-0.21404552459716798,0.9978013634681702,-0.04991139844059944,0.04360586032271385,0.049958113580942157,0.9987513422966003,0.000018611623090691866,-0.04355234280228615,0.0021598951425403358,0.9990488290786743],"EasingStyle":"Linear","EasingDirection":"In"},"HumanoidRootPart":{"Weight":1,"CFrame":[0,0,0,1,0,0,0,1,0,0,0,1],"EasingStyle":"Linear","EasingDirection":"In"},"Right Arm":{"Weight":1,"CFrame":[0.3699840009212494,0.22846007347106934,0.14843511581420899,-0.0776669979095459,-0.5960986614227295,-0.7991458177566528,0.8762878775596619,-0.42310506105422976,0.23043832182884217,-0.4754866063594818,-0.6823844313621521,0.5552154779434204],"EasingStyle":"Linear","EasingDirection":"In"}}},{"Time":0.23333333432674409,"poses":{"Left Leg":{"Weight":1,"CFrame":[-0.3340062201023102,0.2669546604156494,0.08608150482177735,0.9722434282302856,0.06739459931850434,0.22405509650707246,-0.07233546674251557,0.9972834587097168,0.01390790194272995,-0.22250914573669434,-0.029728963971138,0.974477231502533],"EasingStyle":"Linear","EasingDirection":"In"},"Right Leg":{"Weight":1,"CFrame":[0.45280522108078005,0.02032095193862915,0.11046957969665528,0.9167835712432861,0.3422697186470032,-0.20581366121768952,-0.3656739890575409,0.9265767931938171,-0.08796659111976624,0.1605939120054245,0.15590697526931764,0.9746295213699341],"EasingStyle":"Linear","EasingDirection":"In"},"Left Arm":{"Weight":1,"CFrame":[-0.40066859126091006,-0.3132246732711792,0.16771471500396729,0.13512636721134187,0.13036446273326875,0.9822148680686951,-0.9006413221359253,0.4293806850910187,0.06691445410251618,-0.4130208194255829,-0.8936651945114136,0.17543235421180726],"EasingStyle":"Linear","EasingDirection":"In"},"Head":{"Weight":1,"CFrame":[9.592622518539429e-8,-1.1641532182693482e-8,-2.980232238769531e-7,0.9979749917984009,0.03947652131319046,-0.049876485019922259,-0.03991593047976494,0.9991722702980042,-0.007844410836696625,0.04952552914619446,0.009819390252232552,0.998724639415741],"EasingStyle":"Linear","EasingDirection":"In"},"Torso":{"Weight":1,"CFrame":[0.06960257887840271,-0.1153673604130745,-0.217879056930542,0.9967949986457825,-0.04987848550081253,0.06254662573337555,0.04995516315102577,0.9987515211105347,0.0003382361610420048,-0.062485408037900928,0.002787374658510089,0.9980419874191284],"EasingStyle":"Linear","EasingDirection":"In"},"HumanoidRootPart":{"Weight":1,"CFrame":[0,0,0,1,0,0,0,1,0,0,0,1],"EasingStyle":"Linear","EasingDirection":"In"},"Right Arm":{"Weight":1,"CFrame":[0.30023521184921267,0.2794176936149597,0.23653030395507813,0.038122568279504779,-0.359889954328537,-0.9322155714035034,0.8821422457695007,-0.42613354325294497,0.2005874663591385,-0.4694378077983856,-0.8299936056137085,0.3012288808822632],"EasingStyle":"Linear","EasingDirection":"In"}}},{"Time":0.2666666805744171,"poses":{"Left Leg":{"Weight":1,"CFrame":[-0.34077635407447817,0.2879166603088379,0.09396731853485108,0.9688124060630798,0.05587362125515938,0.2414138913154602,-0.062740758061409,0.9978122115135193,0.020846407860517503,-0.23972100019454957,-0.03534271940588951,0.9701983332633972],"EasingStyle":"Linear","EasingDirection":"In"},"Right Leg":{"Weight":1,"CFrame":[0.4480930268764496,0.010495185852050782,0.1142815351486206,0.9141829013824463,0.34427592158317568,-0.2138775885105133,-0.3711332380771637,0.9231379628181458,-0.1003817468881607,0.16287954151630402,0.17114435136318208,0.9716892242431641],"EasingStyle":"Linear","EasingDirection":"In"},"Left Arm":{"Weight":1,"CFrame":[-0.3863948881626129,-0.3029750883579254,0.15625238418579102,0.1751992106437683,0.028813505545258523,0.9841113686561585,-0.8523348569869995,0.5047446489334106,0.13696102797985078,-0.4927785098552704,-0.8627877831459045,0.11298970133066178],"EasingStyle":"Linear","EasingDirection":"In"},"Head":{"Weight":1,"CFrame":[3.306195139884949e-8,-2.7939677238464357e-9,5.960464477539063e-7,0.9975494146347046,0.03939811512827873,-0.05781923234462738,-0.039897337555885318,0.9991756081581116,-0.0075048040598630909,0.057475894689559939,0.009793244302272797,0.9982988834381104],"EasingStyle":"Linear","EasingDirection":"In"},"Torso":{"Weight":1,"CFrame":[0.08379471302032471,-0.1200813502073288,-0.22600722312927247,0.9958218932151794,-0.04984363913536072,0.07651510089635849,0.04995224252343178,0.9987515807151794,0.0004950329894199967,-0.07644424587488175,0.0033291359432041647,0.9970684051513672],"EasingStyle":"Linear","EasingDirection":"In"},"HumanoidRootPart":{"Weight":1,"CFrame":[0,0,0,1,0,0,0,1,0,0,0,1],"EasingStyle":"Linear","EasingDirection":"In"},"Right Arm":{"Weight":1,"CFrame":[0.24671296775341035,0.33801937103271487,0.28326892852783205,0.06467276811599732,-0.19313450157642365,-0.9790385365486145,0.8837495446205139,-0.44457578659057619,0.14607951045036317,-0.46346983313560488,-0.8746722340583801,0.14193065464496613],"EasingStyle":"Linear","EasingDirection":"In"}}},{"Time":0.30000001192092898,"poses":{"Left Leg":{"Weight":1,"CFrame":[-0.3487934172153473,0.3026275038719177,0.09856677055358887,0.9674471616744995,0.048548582941293719,0.24837270379066468,-0.056015875190496448,0.998163104057312,0.02308207005262375,-0.2467959076166153,-0.0362434946000576,0.9683895111083984],"EasingStyle":"Linear","EasingDirection":"In"},"Right Leg":{"Weight":1,"CFrame":[0.45462465286254885,0.0094069242477417,0.11799407005310059,0.9113737940788269,0.34962427616119387,-0.21716491878032685,-0.37796732783317568,0.9198024868965149,-0.10537690669298172,0.16290657222270966,0.1781189739704132,0.9704304337501526],"EasingStyle":"Linear","EasingDirection":"In"},"Left Arm":{"Weight":1,"CFrame":[-0.3685208261013031,-0.3004443049430847,0.137109637260437,0.19515052437782288,-0.009010864421725273,0.9807319045066834,-0.8291007280349731,0.5326681733131409,0.16987231373786927,-0.5239354372024536,-0.8462762832641602,0.09647967666387558],"EasingStyle":"Linear","EasingDirection":"In"},"Head":{"Weight":1,"CFrame":[9.359791874885559e-8,-7.450580596923828e-9,0,0.9973854422569275,0.039385177195072177,-0.06058915704488754,-0.03987863287329674,0.9991803765296936,-0.006956384051591158,0.06026551499962807,0.009354408830404282,0.9981385469436646],"EasingStyle":"Linear","EasingDirection":"In"},"Torso":{"Weight":1,"CFrame":[0.08932486176490784,-0.12257872521877289,-0.23542165756225587,0.9953888058662415,-0.04980816692113876,0.08197744190692902,0.04997583106160164,0.9987504482269287,0.000006660350209131138,-0.08187533169984818,0.004090260714292526,0.9966341853141785],"EasingStyle":"Linear","EasingDirection":"In"},"HumanoidRootPart":{"Weight":1,"CFrame":[0,0,0,1,0,0,0,1,0,0,0,1],"EasingStyle":"Linear","EasingDirection":"In"},"Right Arm":{"Weight":1,"CFrame":[0.22533486783504487,0.3660457730293274,0.29699432849884035,0.06175965815782547,-0.12973274290561677,-0.9896237850189209,0.8832711577415466,-0.4546116590499878,0.114718958735466,-0.4647773206233978,-0.8811910152435303,0.08651264011859894],"EasingStyle":"Linear","EasingDirection":"In"}}},{"Time":0.3333333432674408,"poses":{"Left Leg":{"Weight":1,"CFrame":[-0.35712605714797976,0.31314462423324587,0.09906363487243653,0.9683393836021423,0.050119709223508838,0.24455462396144868,-0.05698621645569801,0.9981524348258972,0.021078547462821008,-0.2430463433265686,-0.03434738144278526,0.9694064855575562],"EasingStyle":"Linear","EasingDirection":"In"},"Right Leg":{"Weight":1,"CFrame":[0.4698616564273834,0.017705023288726808,0.120339035987854,0.9111276268959045,0.3522018492221832,-0.214010089635849,-0.38000407814979555,0.918949544429779,-0.10549265146255493,0.15950976312160493,0.17744192481040955,0.9711185097694397],"EasingStyle":"Linear","EasingDirection":"In"},"Left Arm":{"Weight":1,"CFrame":[-0.3495490849018097,-0.302663117647171,0.11040818691253662,0.19408060610294343,0.06119753420352936,0.9790748953819275,-0.8182037472724915,0.5606932044029236,0.1271449625492096,-0.5411796569824219,-0.8257590532302856,0.15889178216457368],"EasingStyle":"Linear","EasingDirection":"In"},"Head":{"Weight":1,"CFrame":[1.0477378964424133e-7,4.6566128730773929e-9,3.5762786865234377e-7,0.9973996877670288,0.03950314223766327,-0.060277506709098819,-0.039877720177173617,0.99919193983078,-0.005023543257266283,0.06003035232424736,0.0074142091907560829,0.9981690645217896],"EasingStyle":"Linear","EasingDirection":"In"},"Torso":{"Weight":1,"CFrame":[0.08762885630130768,-0.1280338168144226,-0.24474120140075684,0.9955129623413086,-0.049698591232299808,0.08052436262369156,0.05034516379237175,0.9987137317657471,-0.0060178739950060848,-0.080121710896492,0.010044882073998452,0.9967345595359802],"EasingStyle":"Linear","EasingDirection":"In"},"HumanoidRootPart":{"Weight":1,"CFrame":[0,0,0,1,0,0,0,1,0,0,0,1],"EasingStyle":"Linear","EasingDirection":"In"},"Right Arm":{"Weight":1,"CFrame":[0.2506536841392517,0.3383297324180603,0.26211273670196535,0.09307307749986649,-0.24052873253822328,-0.9661694169044495,0.8778567910194397,-0.4380413591861725,0.1936165988445282,-0.4697924554347992,-0.8661788702011108,0.17038002610206605],"EasingStyle":"Linear","EasingDirection":"In"}}},{"Time":0.36666667461395266,"poses":{"Left Leg":{"Weight":1,"CFrame":[-0.3774557411670685,0.3319753408432007,0.08913254737854004,0.9739573001861572,0.05892741307616234,0.2189403772354126,-0.0657552033662796,0.9975465536117554,0.024024371057748796,-0.2169875204563141,-0.03779514878988266,0.9754425287246704],"EasingStyle":"Linear","EasingDirection":"In"},"Right Leg":{"Weight":1,"CFrame":[0.5009446144104004,0.03533834218978882,0.11589181423187256,0.9161176085472107,0.3510783314704895,-0.1935780793428421,-0.3752639889717102,0.9208516478538513,-0.10587415844202042,0.14108656346797944,0.1696360558271408,0.9753555059432983],"EasingStyle":"Linear","EasingDirection":"In"},"Left Arm":{"Weight":1,"CFrame":[-0.3226330876350403,-0.30678415298461916,0.07688117027282715,0.1879730224609375,0.2571772038936615,0.9479061961174011,-0.8036189675331116,0.5951404571533203,-0.0021076698321849109,-0.5646793246269226,-0.7613591551780701,0.31854286789894106],"EasingStyle":"Linear","EasingDirection":"In"},"Head":{"Weight":1,"CFrame":[1.0803341865539551e-7,-1.862645149230957e-9,1.1920928955078126e-7,0.9974253177642822,0.04003876820206642,-0.059495922178030017,-0.04013238847255707,0.9991943836212158,-0.0003789875190705061,0.05943281576037407,0.0027657237369567158,0.9982284903526306],"EasingStyle":"Linear","EasingDirection":"In"},"Torso":{"Weight":1,"CFrame":[0.08308573067188263,-0.13960003852844239,-0.2578732967376709,0.9958043694496155,-0.04966919124126434,0.07685575634241104,0.05136018246412277,0.9984763264656067,-0.020182983949780465,-0.07573617994785309,0.024045631289482118,0.9968379139900208],"EasingStyle":"Linear","EasingDirection":"In"},"HumanoidRootPart":{"Weight":1,"CFrame":[0,0,0,1,0,0,0,1,0,0,0,1],"EasingStyle":"Linear","EasingDirection":"In"},"Right Arm":{"Weight":1,"CFrame":[0.30003461241722109,0.2821560502052307,0.1816260814666748,0.12573562562465669,-0.4827828109264374,-0.8666667938232422,0.8545687198638916,-0.39100950956344607,0.34179505705833437,-0.5038877725601196,-0.7836021184921265,0.36340734362602236],"EasingStyle":"Linear","EasingDirection":"In"}}},{"Time":0.4000000059604645,"poses":{"Left Leg":{"Weight":1,"CFrame":[-0.42767828702926638,0.3702790141105652,0.052971839904785159,0.9865711331367493,0.06800670176744461,0.14850085973739625,-0.07568339258432388,0.9960394501686096,0.04666420444846153,-0.14473925530910493,-0.057276610285043719,0.9878106713294983],"EasingStyle":"Linear","EasingDirection":"In"},"Right Leg":{"Weight":1,"CFrame":[0.5613747239112854,0.06458616256713867,0.09363031387329102,0.925544261932373,0.3524353504180908,-0.1384093165397644,-0.36765629053115847,0.9239065051078796,-0.10595207661390305,0.09053601324558258,0.14895032346248628,0.9846913814544678],"EasingStyle":"Linear","EasingDirection":"In"},"Left Arm":{"Weight":1,"CFrame":[-0.27858877182006838,-0.3090033233165741,0.03741586208343506,0.1690094918012619,0.5546747446060181,0.8147218227386475,-0.809924840927124,0.5492077469825745,-0.20589447021484376,-0.5616559982299805,-0.6250653862953186,0.5420662760734558],"EasingStyle":"Linear","EasingDirection":"In"},"Head":{"Weight":1,"CFrame":[2.60770320892334e-8,2.1420419216156007e-8,0,0.9974349141120911,0.04133414477109909,-0.05843905732035637,-0.04097393900156021,0.9991332292556763,0.007349131628870964,0.05869216471910477,-0.004935792647302151,0.998263955116272],"EasingStyle":"Linear","EasingDirection":"In"},"Torso":{"Weight":1,"CFrame":[0.07659772038459778,-0.1551159918308258,-0.2797832489013672,0.9961390495300293,-0.05006614327430725,0.07211382687091828,0.05301232263445854,0.9978109002113342,-0.03953612595796585,-0.06997653841972351,0.04320640116930008,0.9966124892234802],"EasingStyle":"Linear","EasingDirection":"In"},"HumanoidRootPart":{"Weight":1,"CFrame":[0,0,0,1,0,0,0,1,0,0,0,1],"EasingStyle":"Linear","EasingDirection":"In"},"Right Arm":{"Weight":1,"CFrame":[0.3336147665977478,0.237984299659729,0.09177112579345703,0.06198190152645111,-0.7236059904098511,-0.6874246001243591,0.8212258219718933,-0.35445520281791689,0.44715750217437746,-0.5672269463539124,-0.5922465920448303,0.5722740888595581],"EasingStyle":"Linear","EasingDirection":"In"}}},{"Time":0.4333333373069763,"poses":{"Left Leg":{"Weight":1,"CFrame":[-0.5328338146209717,0.44077616930007937,-0.06535863876342774,0.9966878890991211,0.07696425914764404,-0.02626658044755459,-0.07312802970409394,0.9895148873329163,0.12454970180988312,0.035577014088630679,-0.12221632152795792,0.9918656945228577],"EasingStyle":"Linear","EasingDirection":"In"},"Right Leg":{"Weight":1,"CFrame":[0.6646992564201355,0.11012685298919678,0.024206161499023439,0.9336431622505188,0.3578757643699646,-0.015339286997914315,-0.35751447081565859,0.928333580493927,-0.10188406705856323,-0.022221816703677179,0.10060731321573258,0.9946780800819397],"EasingStyle":"Linear","EasingDirection":"In"},"Left Arm":{"Weight":1,"CFrame":[-0.2147485762834549,-0.3075501620769501,-0.005127072334289551,0.11081591993570328,0.861314058303833,0.49584054946899416,-0.8447415828704834,0.34446847438812258,-0.40957677364349368,-0.5235757231712341,-0.37346959114074709,0.7657604217529297],"EasingStyle":"Linear","EasingDirection":"In"},"Head":{"Weight":1,"CFrame":[7.35744833946228e-8,5.587935447692871e-9,2.384185791015625e-7,0.9973995089530945,0.043730512261390689,-0.0572894923388958,-0.04273257032036781,0.9989147782325745,0.018530629575252534,0.05803767591714859,-0.016034308820962907,0.9981856346130371],"EasingStyle":"Linear","EasingDirection":"In"},"Torso":{"Weight":1,"CFrame":[0.06932753324508667,-0.17214182019233704,-0.3132305145263672,0.9964013695716858,-0.05131720006465912,0.06746139377355576,0.05546438321471214,0.9965887665748596,-0.06111094355583191,-0.06409523636102677,0.06463272869586945,0.9958485960960388],"EasingStyle":"Linear","EasingDirection":"In"},"HumanoidRootPart":{"Weight":1,"CFrame":[0,0,0,1,0,0,0,1,0,0,0,1],"EasingStyle":"Linear","EasingDirection":"In"},"Right Arm":{"Weight":1,"CFrame":[0.3423353433609009,0.22061419486999513,0.022814035415649415,-0.10913950204849243,-0.8838531970977783,-0.454853892326355,0.805175244808197,-0.34694021940231326,0.4809630215167999,-0.5829077959060669,-0.3137451410293579,0.7495215535163879],"EasingStyle":"Linear","EasingDirection":"In"}}},{"Time":0.46666666865348818,"poses":{"Left Leg":{"Weight":1,"CFrame":[-0.6278938055038452,0.5133696794509888,-0.26028019189834597,0.9640593528747559,0.10348591208457947,-0.24470455944538117,-0.04445108026266098,0.9708675146102905,0.23545807600021363,0.2619422376155853,-0.21611815690994264,0.9405739307403565],"EasingStyle":"Linear","EasingDirection":"In"},"Right Leg":{"Weight":1,"CFrame":[0.7646257281303406,0.16482722759246827,-0.07618409395217896,0.9251924157142639,0.35801658034324648,0.12586942315101624,-0.3486596941947937,0.9328611493110657,-0.0905902236700058,-0.14985141158103944,0.039927784353494647,0.9879019856452942],"EasingStyle":"Linear","EasingDirection":"In"},"Left Arm":{"Weight":1,"CFrame":[-0.15450875461101533,-0.30465584993362429,-0.03998929262161255,0.017630714923143388,0.993212103843689,0.11497393250465393,-0.8687951564788818,0.07213158905506134,-0.48988980054855349,-0.49485766887664797,-0.09125170856714249,0.8641695976257324],"EasingStyle":"Linear","EasingDirection":"In"},"Head":{"Weight":1,"CFrame":[9.685754776000977e-8,-1.4435499906539917e-8,-2.980232238769531e-7,0.9972850680351257,0.04757058247923851,-0.0562104806303978,-0.04573332890868187,0.9983907341957092,0.03353246673941612,0.057715192437171939,-0.03087073378264904,0.9978557229042053],"EasingStyle":"Linear","EasingDirection":"In"},"Torso":{"Weight":1,"CFrame":[0.06344321370124817,-0.1883581131696701,-0.3523564338684082,0.9964666366577148,-0.05427432805299759,0.06409826129674912,0.059456851333379748,0.9948634505271912,-0.08192458003759384,-0.05932261422276497,0.08544617891311646,0.9945752620697022],"EasingStyle":"Linear","EasingDirection":"In"},"HumanoidRootPart":{"Weight":1,"CFrame":[0,0,0,1,0,0,0,1,0,0,0,1],"EasingStyle":"Linear","EasingDirection":"In"},"Right Arm":{"Weight":1,"CFrame":[0.34554803371429446,0.21421372890472413,-0.01886206865310669,-0.2677189111709595,-0.9351697564125061,-0.23191435635089875,0.8061298131942749,-0.34924015402793887,0.4776883125305176,-0.5277133584022522,-0.05906699225306511,0.8473663330078125],"EasingStyle":"Linear","EasingDirection":"In"}}},{"Time":0.5,"poses":{"Left Leg":{"Weight":1,"CFrame":[-0.6546839475631714,0.5622576475143433,-0.37773948907852175,0.9298909306526184,0.13176584243774415,-0.34342488646507265,-0.026168273761868478,0.9549693465232849,0.29554855823516848,0.3669033646583557,-0.2658410668373108,0.8914653062820435],"EasingStyle":"Linear","EasingDirection":"In"},"Right Leg":{"Weight":1,"CFrame":[0.8148632645606995,0.2085810899734497,-0.1271260380744934,0.9151458144187927,0.35731053352355959,0.18664760887622834,-0.3478933870792389,0.9339296817779541,-0.08213216066360474,-0.20366232097148896,0.010229420848190785,0.9789878129959106],"EasingStyle":"Linear","EasingDirection":"In"},"Left Arm":{"Weight":1,"CFrame":[-0.12778156995773316,-0.3025127053260803,-0.054439663887023929,-0.06223587691783905,0.9958231449127197,-0.06680645048618317,-0.8658703565597534,-0.0871623083949089,-0.49261674284935,-0.4963822364807129,0.027187248691916467,0.8676782846450806],"EasingStyle":"Linear","EasingDirection":"In"},"Head":{"Weight":1,"CFrame":[1.1734664440155029e-7,1.210719347000122e-8,1.1920928955078126e-7,0.9970494508743286,0.053200703114271167,-0.0553370825946331,-0.05029059201478958,0.9973425269126892,0.052715424448251727,0.0579945333302021,-0.04977695643901825,0.9970752000808716],"EasingStyle":"Linear","EasingDirection":"In"},"Torso":{"Weight":1,"CFrame":[0.06137469410896301,-0.20178595185279847,-0.3889932632446289,0.9962020516395569,-0.05984439328312874,0.0632467269897461,0.06593149155378342,0.9929006099700928,-0.0990019142627716,-0.056873008608818057,0.10279586166143418,0.9930752515792847],"EasingStyle":"Linear","EasingDirection":"In"},"HumanoidRootPart":{"Weight":1,"CFrame":[0,0,0,1,0,0,0,1,0,0,0,1],"EasingStyle":"Linear","EasingDirection":"In"},"Right Arm":{"Weight":1,"CFrame":[0.34600698947906496,0.21330004930496217,-0.03284573554992676,-0.35618120431900027,-0.9234174489974976,-0.142952099442482,0.7954521179199219,-0.3799140751361847,0.47214531898498537,-0.49029672145843508,0.05445762351155281,0.8698525428771973],"EasingStyle":"Linear","EasingDirection":"In"}}},{"Time":0.5333333611488342,"poses":{"Left Leg":{"Weight":1,"CFrame":[-0.648552417755127,0.5954887866973877,-0.37329941987991335,0.9348505735397339,0.1410752385854721,-0.32581010460853579,-0.04179748147726059,0.9550169110298157,0.29359087347984316,0.35257256031036379,-0.2608455717563629,0.8986946940422058],"EasingStyle":"Linear","EasingDirection":"In"},"Right Leg":{"Weight":1,"CFrame":[0.815800130367279,0.22867900133132935,-0.09052842855453491,0.9202966690063477,0.3645993173122406,0.1418500542640686,-0.35556596517562868,0.9307376146316528,-0.08544366806745529,-0.16317781805992127,0.028196508064866067,0.9861936569213867],"EasingStyle":"Linear","EasingDirection":"In"},"Left Arm":{"Weight":1,"CFrame":[-0.14561420679092408,-0.3017852008342743,-0.04253995418548584,-0.1274818778038025,0.9917293787002564,0.014872986823320389,-0.8467249274253845,-0.10100845247507096,-0.5223545432090759,-0.5165321230888367,-0.07918421924114227,0.8525987267494202],"EasingStyle":"Linear","EasingDirection":"In"},"Head":{"Weight":1,"CFrame":[9.499490261077881e-8,-6.51925802230835e-9,-1.7881393432617188e-7,0.9963926672935486,0.06460582464933396,-0.05502573773264885,-0.06038394570350647,0.995337724685669,0.07521030306816101,0.05962821841239929,-0.07161632925271988,0.9956483244895935],"EasingStyle":"Linear","EasingDirection":"In"},"Torso":{"Weight":1,"CFrame":[0.0620741993188858,-0.21069088578224183,-0.4161372184753418,0.9956108331680298,-0.06817302107810974,0.06412112712860108,0.07495620846748352,0.9910864233970642,-0.1101330891251564,-0.05604146793484688,0.11445595324039459,0.9918464422225952],"EasingStyle":"Linear","EasingDirection":"In"},"HumanoidRootPart":{"Weight":1,"CFrame":[0,0,0,1,0,0,0,1,0,0,0,1],"EasingStyle":"Linear","EasingDirection":"In"},"Right Arm":{"Weight":1,"CFrame":[0.2961844801902771,0.21352720260620118,-0.0079803466796875,-0.35722631216049197,-0.8844105005264282,-0.30034568905830386,0.7402516603469849,-0.46417438983917239,0.4863842725753784,-0.5695761442184448,-0.048582274466753009,0.8205015659332275],"EasingStyle":"Linear","EasingDirection":"In"}}},{"Time":0.5666666626930237,"poses":{"Left Leg":{"Weight":1,"CFrame":[-0.6309814453125,0.6125952005386353,-0.31168872117996218,0.9547147750854492,0.1395876556634903,-0.2627451717853546,-0.0692829042673111,0.9631373882293701,0.2599351704120636,0.28934338688850405,-0.22996023297309876,0.9291925430297852],"EasingStyle":"Linear","EasingDirection":"In"},"Right Leg":{"Weight":1,"CFrame":[0.7790283560752869,0.22890716791152955,-0.0008788704872131348,0.9273539781570435,0.37274283170700076,0.0328255333006382,-0.3682596683502197,0.9246999025344849,-0.09651482850313187,-0.06632891297340393,0.07741504907608032,0.9947901368141174],"EasingStyle":"Linear","EasingDirection":"In"},"Left Arm":{"Weight":1,"CFrame":[-0.19019544124603272,-0.301517128944397,-0.012104034423828125,-0.18495668470859528,0.9468557238578796,0.2631639540195465,-0.8316255807876587,-0.008117073215544224,-0.5552775263786316,-0.5236315727233887,-0.3215561807155609,0.7889307141304016],"EasingStyle":"Linear","EasingDirection":"In"},"Head":{"Weight":1,"CFrame":[9.499490261077881e-8,-2.60770320892334e-8,-3.5762786865234377e-7,0.9953673481941223,0.07882826775312424,-0.05504590645432472,-0.07339578121900559,0.9928090572357178,0.0945693850517273,0.06210482120513916,-0.09009113907814026,0.9939952492713928],"EasingStyle":"Linear","EasingDirection":"In"},"Torso":{"Weight":1,"CFrame":[0.06273072957992554,-0.21531158685684205,-0.4323403835296631,0.994981050491333,-0.07612688094377518,0.06494176387786865,0.08329281955957413,0.9897612929344177,-0.11590896546840668,-0.05545306205749512,0.12073640525341034,0.991134524345398],"EasingStyle":"Linear","EasingDirection":"In"},"HumanoidRootPart":{"Weight":1,"CFrame":[0,0,0,1,0,0,0,1,0,0,0,1],"EasingStyle":"Linear","EasingDirection":"In"},"Right Arm":{"Weight":1,"CFrame":[0.2036568522453308,0.2151193618774414,0.051506757736206058,-0.26791393756866457,-0.753645122051239,-0.6002010107040405,0.6662853360176086,-0.5949167013168335,0.4495975971221924,-0.6959066390991211,-0.27945175766944888,0.6615291237831116],"EasingStyle":"Linear","EasingDirection":"In"}}},{"Time":0.6000000238418579,"poses":{"Left Leg":{"Weight":1,"CFrame":[-0.5901346206665039,0.6060417890548706,-0.18551409244537354,0.9818190336227417,0.12952128052711488,-0.13876473903656007,-0.10277523845434189,0.9773386716842651,0.18505793809890748,0.15958905220031739,-0.1674318164587021,0.9728813171386719],"EasingStyle":"Linear","EasingDirection":"In"},"Right Leg":{"Weight":1,"CFrame":[0.7015172839164734,0.21335560083389283,0.11500191688537598,0.9208618402481079,0.371398389339447,-0.11864501982927323,-0.383976012468338,0.916682779788971,-0.1107027605175972,0.06764508783817291,0.14749877154827119,0.9867463111877441],"EasingStyle":"Linear","EasingDirection":"In"},"Left Arm":{"Weight":1,"CFrame":[-0.24815122783184052,-0.3014785051345825,0.028973817825317384,-0.18404443562030793,0.7764424681663513,0.6027144193649292,-0.84548020362854,0.18767203390598298,-0.4999423325061798,-0.5012891292572022,-0.6015949249267578,0.6219268441200256],"EasingStyle":"Linear","EasingDirection":"In"},"Head":{"Weight":1,"CFrame":[1.0803341865539551e-7,2.9802322387695315e-8,-5.960464477539063e-8,0.9947888851165772,0.0858038142323494,-0.05507107451558113,-0.07982881367206574,0.9914939403533936,0.10279691219329834,0.06342300772666931,-0.09786496311426163,0.9931767582893372],"EasingStyle":"Linear","EasingDirection":"In"},"Torso":{"Weight":1,"CFrame":[0.06310728192329407,-0.2166295200586319,-0.4377126693725586,0.9946730732917786,-0.07966723293066025,0.06541245430707932,0.08696381747722626,0.9892511367797852,-0.11755641549825669,-0.055343955755233768,0.12261869013309479,0.9909096360206604],"EasingStyle":"Linear","EasingDirection":"In"},"HumanoidRootPart":{"Weight":1,"CFrame":[0,0,0,1,0,0,0,1,0,0,0,1],"EasingStyle":"Linear","EasingDirection":"In"},"Right Arm":{"Weight":1,"CFrame":[0.1538342386484146,0.21944117546081544,0.12295174598693848,-0.1664697676897049,-0.5264760255813599,-0.8337331414222717,0.6488247513771057,-0.6951807737350464,0.30943524837493899,-0.7425053715705872,-0.4894351363182068,0.4573172926902771],"EasingStyle":"Linear","EasingDirection":"In"}}},{"Time":0.6333333253860474,"poses":{"Left Leg":{"Weight":1,"CFrame":[-0.5088587999343872,0.5641765594482422,-0.01756685972213745,0.9918386936187744,0.11975421756505966,0.04376162961125374,-0.12274952977895737,0.9896931052207947,0.0737585797905922,-0.03447771817445755,-0.07852832227945328,0.9963155388832092],"EasingStyle":"Linear","EasingDirection":"In"},"Right Leg":{"Weight":1,"CFrame":[0.5931666493415833,0.1846712827682495,0.22348248958587647,0.8906245827674866,0.3584912419319153,-0.2797713577747345,-0.4037353992462158,0.9064711928367615,-0.1237250491976738,0.20925