{"Sequence":[{"Time":0,"poses":{"Left Leg":{"Weight":1,"CFrame":[-0.6063812375068665,0.555095911026001,-0.07520747184753418,0.9760746359825134,-0.1743912398815155,0.12986896932125092,0.12406444549560547,0.9371846318244934,0.32602617144584658,-0.1785673350095749,-0.30211374163627627,0.9363978505134583],"EasingStyle":"Linear","EasingDirection":"In"},"Right Arm":{"Weight":1,"CFrame":[-0.20909956097602845,-0.6010227203369141,0.17483484745025636,0.4771571457386017,-0.8179840445518494,0.32128357887268069,0.47800594568252566,0.5483462810516357,0.6861681938171387,-0.7374492287635803,-0.17383457720279694,0.6526485085487366],"EasingStyle":"Linear","EasingDirection":"In"},"Left Arm":{"Weight":1,"CFrame":[0.004666730761528015,-0.5592107772827148,0.27458178997039797,0.42435574531555178,0.8136610984802246,-0.397338330745697,-0.5803665518760681,0.5812267661094666,0.5703946948051453,0.6950516700744629,-0.01144840382039547,0.718868613243103],"EasingStyle":"Linear","EasingDirection":"In"},"Right Leg":{"Weight":1,"CFrame":[0.42452552914619448,0.5865060091018677,0.007893085479736328,0.9208300709724426,0.15150509774684907,-0.3593301475048065,-0.007953925989568234,0.9285494685173035,0.37112337350845339,0.389882892370224,-0.33888354897499087,0.8562413454055786],"EasingStyle":"Linear","EasingDirection":"In"},"Torso":{"Weight":1,"CFrame":[0.049000948667526248,0.10794973373413086,-0.4915952682495117,0.9523638486862183,0.29109495878219607,-0.09092184901237488,-0.30465075373649599,0.9216289520263672,-0.24039141833782197,0.013819483108818531,0.2566395103931427,0.966408371925354],"EasingStyle":"Linear","EasingDirection":"In"},"HumanoidRootPart":{"Weight":0,"CFrame":[0,0,0,1,0,0,0,1,0,0,0,1],"EasingStyle":"Linear","EasingDirection":"In"},"Head":{"Weight":1,"CFrame":[8.195638656616211e-8,-1.471489667892456e-7,1.1920928955078126e-7,0.948503315448761,-0.30474770069122317,0.08643069863319397,0.2880634367465973,0.9433203935623169,0.16482120752334596,-0.13176074624061585,-0.13143596053123475,0.9825292229652405],"EasingStyle":"Linear","EasingDirection":"In"}}},{"Time":0.01666666753590107,"poses":{"Left Leg":{"Weight":1,"CFrame":[-0.6200050115585327,0.5517961382865906,-0.08923757076263428,0.9773035645484924,-0.18047477304935456,0.11093519628047943,0.13437148928642274,0.9329479336738586,0.33399462699890139,-0.16377434134483338,-0.31150761246681216,0.936024010181427],"EasingStyle":"Linear","EasingDirection":"In"},"Right Arm":{"Weight":1,"CFrame":[-0.24281728267669679,-0.5971190929412842,0.1779930591583252,0.4788092374801636,-0.8303501605987549,0.2850620448589325,0.4447425901889801,0.5093702077865601,0.7367128729820252,-0.7569317817687988,-0.22596582770347596,0.6131832599639893],"EasingStyle":"Linear","EasingDirection":"In"},"Left Arm":{"Weight":1,"CFrame":[0.027438506484031678,-0.5457906723022461,0.27998363971710207,0.416231244802475,0.8246297836303711,-0.3830629289150238,-0.6087320446968079,0.5656704306602478,0.5562933683395386,0.6754235029220581,0.0016359844012185932,0.7374283075332642],"EasingStyle":"Linear","EasingDirection":"In"},"Right Leg":{"Weight":1,"CFrame":[0.41956937313079836,0.5938581824302673,0.004054427146911621,0.9238762259483337,0.1344391256570816,-0.35829994082450869,0.006597172934561968,0.9305291175842285,0.36615848541259768,0.3826345205307007,-0.34064891934394839,0.8588067889213562],"EasingStyle":"Linear","EasingDirection":"In"},"Torso":{"Weight":1,"CFrame":[0.04602783918380737,0.11086821556091309,-0.49314022064208987,0.9479057788848877,0.30416807532310488,-0.09463822096586228,-0.3182792663574219,0.9165999293327332,-0.24195638298988343,0.013149981386959553,0.2594732344150543,0.9656607508659363],"EasingStyle":"Linear","EasingDirection":"In"},"HumanoidRootPart":{"Weight":0,"CFrame":[0,0,0,1,0,0,0,1,0,0,0,1],"EasingStyle":"Linear","EasingDirection":"In"},"Head":{"Weight":1,"CFrame":[1.3783574104309083e-7,8.847564458847046e-8,2.384185791015625e-7,0.9408604502677918,-0.3267563581466675,0.0895095095038414,0.30852359533309939,0.9355131387710571,0.17212894558906556,-0.13998152315616609,-0.134333536028862,0.9809993505477905],"EasingStyle":"Linear","EasingDirection":"In"}}},{"Time":0.03333333507180214,"poses":{"Left Leg":{"Weight":1,"CFrame":[-0.6216976642608643,0.5516359806060791,-0.0830337405204773,0.9734431505203247,-0.19433467090129853,0.12100620567798615,0.14385604858398438,0.9304423332214356,0.33701997995376589,-0.17808400094509126,-0.31066232919692995,0.9336889386177063],"EasingStyle":"Linear","EasingDirection":"In"},"Right Arm":{"Weight":1,"CFrame":[-0.331708699464798,-0.5861766934394836,0.1863194704055786,0.46328040957450869,-0.8479519486427307,0.25758281350135805,0.42069312930107119,0.4662475883960724,0.7782225608825684,-0.7799926400184631,-0.2521720230579376,0.5727309584617615],"EasingStyle":"Linear","EasingDirection":"In"},"Left Arm":{"Weight":1,"CFrame":[0.08747249841690064,-0.5091228485107422,0.29422473907470705,0.37640589475631716,0.848849892616272,-0.37117719650268557,-0.6684983968734741,0.5262338519096375,0.5255356431007385,0.6414269208908081,0.05031663551926613,0.7655323147773743],"EasingStyle":"Linear","EasingDirection":"In"},"Right Leg":{"Weight":1,"CFrame":[0.4073069095611572,0.6143553256988525,-0.006352663040161133,0.9307761192321777,0.08983642607927323,-0.3543801009654999,0.04421481490135193,0.9345614314079285,0.35304394364356997,0.3629061281681061,-0.34427374601364138,0.8658953309059143],"EasingStyle":"Linear","EasingDirection":"In"},"Torso":{"Weight":1,"CFrame":[0.038092076778411868,0.11938530206680298,-0.5000095367431641,0.9351978302001953,0.33833804726600649,-0.10455790907144547,-0.3539491593837738,0.9023810029029846,-0.2458222359418869,0.011180044151842595,0.26690059900283816,0.9636592268943787],"EasingStyle":"Linear","EasingDirection":"In"},"HumanoidRootPart":{"Weight":0,"CFrame":[0,0,0,1,0,0,0,1,0,0,0,1],"EasingStyle":"Linear","EasingDirection":"In"},"Head":{"Weight":1,"CFrame":[8.195638656616211e-8,3.725290298461914e-8,1.1920928955078126e-7,0.9252000451087952,-0.3688347041606903,0.08925148099660874,0.34940820932388308,0.9197452068328857,0.17883716523647309,-0.1480499655008316,-0.1342749446630478,0.9798221588134766],"EasingStyle":"Linear","EasingDirection":"In"}}},{"Time":0.05000000074505806,"poses":{"Left Leg":{"Weight":1,"CFrame":[-0.6161807775497437,0.558142900466919,-0.0633615255355835,0.9645168781280518,-0.21525532007217408,0.15288005769252778,0.1536085307598114,0.9284650683403015,0.3381670415401459,-0.21473613381385804,-0.3026841878890991,0.9285853505134583],"EasingStyle":"Linear","EasingDirection":"In"},"Right Arm":{"Weight":1,"CFrame":[-0.45738255977630618,-0.5693488121032715,0.19809114933013917,0.43524375557899477,-0.8687982559204102,0.23611988127231599,0.40291768312454226,0.4225013852119446,0.8118804097175598,-0.8051212430000305,-0.25822901725769045,0.5339452624320984],"EasingStyle":"Linear","EasingDirection":"In"},"Left Arm":{"Weight":1,"CFrame":[0.17234811186790467,-0.4545939266681671,0.31435883045196535,0.31203922629356387,0.8774064779281616,-0.3644028306007385,-0.7435103058815002,0.46429964900016787,0.4812673330307007,0.5914591550827026,0.12076295912265778,0.7972404360771179],"EasingStyle":"Linear","EasingDirection":"In"},"Right Leg":{"Weight":1,"CFrame":[0.39070671796798708,0.6452343463897705,-0.02161848545074463,0.9379051327705383,0.027212338522076608,-0.3458229601383209,0.09606301039457321,0.9375556111335754,0.3343071937561035,0.33332547545433047,-0.3467693030834198,0.876724123954773],"EasingStyle":"Linear","EasingDirection":"In"},"Torso":{"Weight":1,"CFrame":[0.026657968759536744,0.1332380771636963,-0.515561580657959,0.9148996472358704,0.38578909635543826,-0.11885055899620056,-0.40360426902770998,0.8799373507499695,-0.25062698125839236,0.007891877554357052,0.27726712822914126,0.9607604742050171],"EasingStyle":"Linear","EasingDirection":"In"},"HumanoidRootPart":{"Weight":0,"CFrame":[0,0,0,1,0,0,0,1,0,0,0,1],"EasingStyle":"Linear","EasingDirection":"In"},"Head":{"Weight":1,"CFrame":[1.2759119272232056e-7,-5.960464477539063e-8,-1.1920928955078126e-7,0.9026519656181336,-0.4215872585773468,0.08650793880224228,0.4013206362724304,0.8971405625343323,0.18460920453071595,-0.15543866157531739,-0.1319204419851303,0.9789973497390747],"EasingStyle":"Linear","EasingDirection":"In"}}},{"Time":0.06666667014360428,"poses":{"Left Leg":{"Weight":1,"CFrame":[-0.6072787046432495,0.5747289657592773,-0.037259042263031009,0.9496215581893921,-0.2419956624507904,0.1991407871246338,0.16449129581451417,0.9257262349128723,0.34054893255233767,-0.26676124334335329,-0.2906356155872345,0.9188957214355469],"EasingStyle":"Linear","EasingDirection":"In"},"Right Arm":{"Weight":1,"CFrame":[-0.601448118686676,-0.5477876663208008,0.2115856409072876,0.39933329820632937,-0.8902620673179627,0.21901237964630128,0.3894028663635254,0.3809691071510315,0.8385868668556213,-0.8299989700317383,-0.249591663479805,0.4988042116165161],"EasingStyle":"Linear","EasingDirection":"In"},"Left Arm":{"Weight":1,"CFrame":[0.26964473724365237,-0.3875911235809326,0.3374394178390503,0.2326556146144867,0.9015986323356628,-0.36467981338500979,-0.8176048398017883,0.3843783736228943,0.42869046330451968,0.5266817212104797,0.198426753282547,0.8265791535377502],"EasingStyle":"Linear","EasingDirection":"In"},"Right Leg":{"Weight":1,"CFrame":[0.37159913778305056,0.6849633455276489,-0.040429532527923587,0.9423136115074158,-0.04395187646150589,-0.33183324337005618,0.1538999229669571,0.9372363686561585,0.3128941059112549,0.29725381731987,-0.3459135591983795,0.8899348378181458],"EasingStyle":"Linear","EasingDirection":"In"},"Torso":{"Weight":1,"CFrame":[0.013299793004989624,0.1520492434501648,-0.543128252029419,0.8883571028709412,0.43868932127952578,-0.13554827868938447,-0.45914050936698916,0.8509335517883301,-0.2551511824131012,0.0034104601945728065,0.28890106081962588,0.957352876663208],"EasingStyle":"Linear","EasingDirection":"In"},"HumanoidRootPart":{"Weight":0,"CFrame":[0,0,0,1,0,0,0,1,0,0,0,1],"EasingStyle":"Linear","EasingDirection":"In"},"Head":{"Weight":1,"CFrame":[1.387670636177063e-7,-1.1175870895385743e-8,-5.960464477539063e-8,0.8756644129753113,-0.47585344314575198,0.08231242001056671,0.45507341623306277,0.8701388239860535,0.18912075459957124,-0.1616169661283493,-0.128148153424263,0.9784978032112122],"EasingStyle":"Linear","EasingDirection":"In"}}},{"Time":0.0833333358168602,"poses":{"Left Leg":{"Weight":1,"CFrame":[-0.59731125831604,0.6030066609382629,-0.011532306671142578,0.9288557171821594,-0.2716902494430542,0.2518162727355957,0.17552067339420319,0.9214081764221191,0.34669792652130129,-0.3262200653553009,-0.27783331274986269,0.9035425186157227],"EasingStyle":"Linear","EasingDirection":"In"},"Right Arm":{"Weight":1,"CFrame":[-0.7455134391784668,-0.5226459503173828,0.22508025169372559,0.3606470227241516,-0.9097851514816284,0.20548655092716218,0.37901920080184939,0.3442561626434326,0.8589715361595154,-0.8522195816040039,-0.23190230131149293,0.4689810574054718],"EasingStyle":"Linear","EasingDirection":"In"},"Left Arm":{"Weight":1,"CFrame":[0.3669414520263672,-0.3135014772415161,0.36052000522613528,0.15048590302467347,0.9160738587379456,-0.3717024028301239,-0.8782831430435181,0.2964850962162018,0.37512028217315676,0.4538421928882599,0.2700096666812897,0.849189043045044],"EasingStyle":"Linear","EasingDirection":"In"},"Right Leg":{"Weight":1,"CFrame":[0.349845826625824,0.7316842675209045,-0.06149721145629883,0.9425423741340637,-0.11530043184757233,-0.3135598301887512,0.21116816997528077,0.9329034686088562,0.29171741008758547,0.25888580083847048,-0.3411698639392853,0.9036487936973572],"EasingStyle":"Linear","EasingDirection":"In"},"Torso":{"Weight":1,"CFrame":[-0.0002512335777282715,0.17510497570037843,-0.583460807800293,0.8584593534469605,0.4896889328956604,-0.15248705446720124,-0.51287841796875,0.8185862898826599,-0.2585965096950531,-0.0018080449663102627,0.3002019226551056,0.9538739919662476],"EasingStyle":"Linear","EasingDirection":"In"},"HumanoidRootPart":{"Weight":0,"CFrame":[0,0,0,1,0,0,0,1,0,0,0,1],"EasingStyle":"Linear","EasingDirection":"In"},"Head":{"Weight":1,"CFrame":[5.3085386753082278e-8,7.450580596923828e-9,1.1920928955078126e-7,0.8486133813858032,-0.5232563614845276,0.07783341407775879,0.5022287368774414,0.8431020379066467,0.19221174716949464,-0.1661975234746933,-0.12402328103780747,0.9782620072364807],"EasingStyle":"Linear","EasingDirection":"In"}}},{"Time":0.10000000149011612,"poses":{"Left Leg":{"Weight":1,"CFrame":[-0.5850726366043091,0.6368732452392578,0.008384108543395996,0.9060578346252441,-0.2968045175075531,0.301606148481369,0.18168465793132783,0.9165809750556946,0.35618820786476138,-0.38216477632522585,-0.2679297924041748,0.8844001889228821],"EasingStyle":"Linear","EasingDirection":"In"},"Right Arm":{"Weight":1,"CFrame":[-0.871187686920166,-0.4950771629810333,0.23685193061828614,0.32495030760765078,-0.9253154993057251,0.19544465839862824,0.37139609456062319,0.31491321325302126,0.8734383583068848,-0.8697541356086731,-0.21123671531677247,0.4459896981716156],"EasingStyle":"Linear","EasingDirection":"In"},"Left Arm":{"Weight":1,"CFrame":[0.45181703567504885,-0.23771268129348756,0.3806542158126831,0.07853232324123383,0.9205906391143799,-0.3825514018535614,-0.919668436050415,0.21500614285469056,0.3286066949367523,0.38476309180259707,0.3260141909122467,0.8635230660438538],"EasingStyle":"Linear","EasingDirection":"In"},"Right Leg":{"Weight":1,"CFrame":[0.3243865668773651,0.7753511667251587,-0.0803670883178711,0.9385969042778015,-0.18127912282943726,-0.29355379939079287,0.26371902227401736,0.9255614280700684,0.27163994312286379,0.2224593311548233,-0.332376092672348,0.9165357947349548],"EasingStyle":"Linear","EasingDirection":"In"},"Torso":{"Weight":1,"CFrame":[-0.012166827917098999,0.201257586479187,-0.6271147727966309,0.8297831416130066,0.5323940515518189,-0.16738153994083405,-0.5580428838729858,0.787794291973114,-0.26070716977119448,-0.0069367303512990479,0.3097364902496338,0.9507971405982971],"EasingStyle":"Linear","EasingDirection":"In"},"HumanoidRootPart":{"Weight":0,"CFrame":[0,0,0,1,0,0,0,1,0,0,0,1],"EasingStyle":"Linear","EasingDirection":"In"},"Head":{"Weight":1,"CFrame":[1.9371509552001954e-7,-1.4156103134155274e-7,2.384185791015625e-7,0.8275153040885925,-0.5565069317817688,0.07428614795207977,0.5354070663452148,0.8220275640487671,0.19393290579319,-0.16899026930332185,-0.120709128677845,0.9781981110572815],"EasingStyle":"Linear","EasingDirection":"In"}}},{"Time":0.11666666716337204,"poses":{"Left Leg":{"Weight":1,"CFrame":[-0.5712805986404419,0.6684724688529968,0.017757296562194825,0.8882768154144287,-0.3097887337207794,0.3391094207763672,0.1783914417028427,0.9130340814590454,0.3668041527271271,-0.42325031757354739,-0.26532939076423647,0.8662906289100647],"EasingStyle":"Linear","EasingDirection":"In"},"Right Arm":{"Weight":1,"CFrame":[-0.9600790739059448,-0.46623408794403078,0.24517834186553956,0.2986137270927429,-0.9354333281517029,0.18919385969638825,0.3666759729385376,0.2954755425453186,0.8821808099746704,-0.8811234831809998,-0.19405852258205415,0.4312339723110199],"EasingStyle":"Linear","EasingDirection":"In"},"Left Arm":{"Weight":1,"CFrame":[0.5118511915206909,-0.16561228036880494,0.394895076751709,0.02832803875207901,0.9192826747894287,-0.39257732033729555,-0.9423147439956665,0.15559937059879304,0.29636427760124209,0.33352726697921755,0.36153584718704226,0.8706613779067993],"EasingStyle":"Linear","EasingDirection":"In"},"Right Leg":{"Weight":1,"CFrame":[0.2994039058685303,0.80591881275177,-0.09183549880981446,0.9321045279502869,-0.23475313186645509,-0.2758117914199829,0.3060675859451294,0.9177036285400391,0.2532639801502228,0.19365891814231873,-0.32048559188842776,0.9272460341453552],"EasingStyle":"Linear","EasingDirection":"In"},"Torso":{"Weight":1,"CFrame":[-0.020617127418518068,0.2289850115776062,-0.6620960235595703,0.808122456073761,0.5614925622940064,-0.17794440686702729,-0.588914155960083,0.764654278755188,-0.2616943120956421,-0.010873444378376007,0.3162750005722046,0.9486052393913269],"EasingStyle":"Linear","EasingDirection":"In"},"HumanoidRootPart":{"Weight":0,"CFrame":[0,0,0,1,0,0,0,1,0,0,0,1],"EasingStyle":"Linear","EasingDirection":"In"},"Head":{"Weight":1,"CFrame":[7.078051567077637e-8,7.078051567077637e-8,-1.1920928955078126e-7,0.8190634846687317,-0.5690585374832153,0.07285240292549133,0.547957181930542,0.8135879635810852,0.19446730613708497,-0.16993512213230134,-0.11936106532812119,0.9781998991966248],"EasingStyle":"Linear","EasingDirection":"In"}}},{"Time":0.13333334028720857,"poses":{"Left Leg":{"Weight":1,"CFrame":[-0.5585724711418152,0.6895390152931213,0.013668179512023926,0.8839772939682007,-0.30378258228302,0.355387419462204,0.16271501779556275,0.9125171303749085,0.37528178095817568,-0.43830129504203799,-0.27391359210014346,0.8560743927955627],"EasingStyle":"Linear","EasingDirection":"In"},"Right Arm":{"Weight":1,"CFrame":[-0.9937963485717773,-0.4372691512107849,0.24833667278289796,0.2883431315422058,-0.9390727281570435,0.18708454072475434,0.36510491371154787,0.28844836354255679,0.88515305519104,-0.8851873278617859,-0.18692229688167573,0.426032155752182],"EasingStyle":"Linear","EasingDirection":"In"},"Left Arm":{"Weight":1,"CFrame":[0.5346227288246155,-0.10258626937866211,0.40029704570770266,0.009539809077978135,0.917827308177948,-0.39686527848243716,-0.9494665265083313,0.1328313946723938,0.28437504172325137,0.31372329592704775,0.3740973174571991,0.8727134466171265],"EasingStyle":"Linear","EasingDirection":"In"},"Right Leg":{"Weight":1,"CFrame":[0.28300201892852785,0.8158993124961853,-0.09217995405197144,0.9264570474624634,-0.26721659302711489,-0.26508986949920657,0.3313654065132141,0.9130737781524658,0.23768296837806703,0.17853376269340516,-0.3080447018146515,0.934469997882843],"EasingStyle":"Linear","EasingDirection":"In"},"Torso":{"Weight":1,"CFrame":[-0.023822546005249025,0.25661414861679079,-0.6764183044433594,0.7996214628219605,0.5722755789756775,-0.18195119500160218,-0.6003757119178772,0.7555966973304749,-0.2619591951370239,-0.012431119568645954,0.31870728731155398,0.9477716684341431],"EasingStyle":"Linear","EasingDirection":"In"},"HumanoidRootPart":{"Weight":0,"CFrame":[0,0,0,1,0,0,0,1,0,0,0,1],"EasingStyle":"Linear","EasingDirection":"In"},"Head":{"Weight":1,"CFrame":[1.3248063623905183e-7,-6.798654794692993e-8,-5.960464477539063e-8,0.820900022983551,-0.5662899017333984,0.07374902069568634,0.5455611944198608,0.8158293962478638,0.19179503619670869,-0.1687782108783722,-0.11720995604991913,0.9786601662635803],"EasingStyle":"Linear","EasingDirection":"In"}}},{"Time":0.15000000596046449,"poses":{"Left Leg":{"Weight":1,"CFrame":[-0.5440365076065064,0.6766164898872376,0.004833340644836426,0.8968051671981812,-0.2751498222351074,0.34645789861679079,0.13572858273983003,0.9164295792579651,0.3764764070510864,-0.421091765165329,-0.2906017601490021,0.8592045307159424],"EasingStyle":"Linear","EasingDirection":"In"},"Right Arm":{"Weight":1,"CFrame":[-0.9825220108032227,-0.40912631154060366,0.24358916282653809,0.2982151508331299,-0.9338098764419556,0.1976533830165863,0.3653082251548767,0.3029692471027374,0.8802041411399841,-0.8818262815475464,-0.19028589129447938,0.4314785599708557],"EasingStyle":"Linear","EasingDirection":"In"},"Left Arm":{"Weight":1,"CFrame":[0.5334943532943726,-0.05137449502944946,0.39325428009033205,0.03310910984873772,0.9132575988769531,-0.4060349464416504,-0.9452113509178162,0.16062681376934052,0.2842085361480713,0.32477572560310366,0.37437891960144045,0.8685396313667297],"EasingStyle":"Linear","EasingDirection":"In"},"Right Leg":{"Weight":1,"CFrame":[0.2813311219215393,0.7813308238983154,-0.07002514600753784,0.9238105416297913,-0.27898862957954409,-0.26218217611312868,0.3381093442440033,0.9157805442810059,0.2168593853712082,0.17959998548030854,-0.2889832854270935,0.9403364062309265],"EasingStyle":"Linear","EasingDirection":"In"},"Torso":{"Weight":1,"CFrame":[-0.020497381687164308,0.28420019149780276,-0.6451048851013184,0.8039554357528687,0.5677368640899658,-0.17700424790382386,-0.5945522785186768,0.7609479427337647,-0.2597416341304779,-0.012773900292813778,0.31405898928642275,0.9493175148963928],"EasingStyle":"Linear","EasingDirection":"In"},"HumanoidRootPart":{"Weight":0,"CFrame":[0,0,0,1,0,0,0,1,0,0,0,1],"EasingStyle":"Linear","EasingDirection":"In"},"Head":{"Weight":1,"CFrame":[8.940696716308594e-8,6.332993507385254e-8,-4.76837158203125e-7,0.8265622854232788,-0.5577529072761536,0.07554198801517487,0.5382343530654907,0.8225225210189819,0.18374007940292359,-0.16461651027202607,-0.11121328175067902,0.9800678491592407],"EasingStyle":"Linear","EasingDirection":"In"}}},{"Time":0.1666666716337204,"poses":{"Left Leg":{"Weight":1,"CFrame":[-0.5214543342590332,0.6240962743759155,-0.0028432607650756838,0.9200534224510193,-0.22876983880996705,0.3180661201477051,0.10067392885684967,0.9226068258285523,0.3723726272583008,-0.3786376118659973,-0.31058168411254885,0.8718787431716919],"EasingStyle":"Linear","EasingDirection":"In"},"Right Arm":{"Weight":1,"CFrame":[-0.9516204595565796,-0.38191264867782595,0.23070359230041505,0.32619374990463259,-0.9178356528282166,0.2262197732925415,0.3643386960029602,0.3428889811038971,0.8658431768417358,-0.8722699880599976,-0.20001208782196046,0.4462513327598572],"EasingStyle":"Linear","EasingDirection":"In"},"Left Arm":{"Weight":1,"CFrame":[0.530387282371521,-0.010366380214691162,0.37413859367370608,0.09825707226991654,0.8973470330238342,-0.4302487373352051,-0.9289498925209045,0.2377694696187973,0.2837565839290619,0.3569280803203583,0.3717983663082123,0.8569528460502625],"EasingStyle":"Linear","EasingDirection":"In"},"Right Leg":{"Weight":1,"CFrame":[0.2830559015274048,0.6954442262649536,-0.029036223888397218,0.9221880435943604,-0.2797268033027649,-0.2670622169971466,0.3344510495662689,0.923568069934845,0.18752193450927735,0.19419506192207337,-0.26224976778030398,0.9452583193778992],"EasingStyle":"Linear","EasingDirection":"In"},"Torso":{"Weight":1,"CFrame":[-0.01155957579612732,0.31159526109695437,-0.5673949718475342,0.8159852027893066,0.5545024871826172,-0.16338670253753663,-0.5779070258140564,0.7757208943367004,-0.2535359859466553,-0.013843867927789688,0.3013039529323578,0.9534276723861694],"EasingStyle":"Linear","EasingDirection":"In"},"HumanoidRootPart":{"Weight":0,"CFrame":[0,0,0,1,0,0,0,1,0,0,0,1],"EasingStyle":"Linear","EasingDirection":"In"},"Head":{"Weight":1,"CFrame":[9.685754776000977e-8,-7.450580596923828e-8,-5.960464477539063e-8,0.8361937403678894,-0.5430312156677246,0.07679276913404465,0.5256468653678894,0.8334971070289612,0.1702290028333664,-0.15644623339176179,-0.10197857022285462,0.9824077486991882],"EasingStyle":"Linear","EasingDirection":"In"}}},{"Time":0.18333333730697633,"poses":{"Left Leg":{"Weight":1,"CFrame":[-0.4859108030796051,0.5500045418739319,-0.014561355113983155,0.9462203979492188,-0.16905595362186433,0.2758386731147766,0.05792531743645668,0.9273609519004822,0.3696569800376892,-0.31829482316970827,-0.33379891514778139,0.8872805237770081],"EasingStyle":"Linear","EasingDirection":"In"},"Right Arm":{"Weight":1,"CFrame":[-0.9054739475250244,-0.3555276691913605,0.21171438694000245,0.36952316761016848,-0.8898703455924988,0.2675507664680481,0.35906559228897097,0.4023074805736542,0.8421523571014404,-0.8570440411567688,-0.21512657403945924,0.4681837856769562],"EasingStyle":"Linear","EasingDirection":"In"},"Left Arm":{"Weight":1,"CFrame":[0.5257184505462647,0.02157038450241089,0.34596800804138186,0.1957465559244156,0.8635320663452148,-0.4647533595561981,-0.8916902542114258,0.35396915674209597,0.28212469816207888,0.40813204646110537,0.35919100046157839,0.8392913341522217],"EasingStyle":"Linear","EasingDirection":"In"},"Right Leg":{"Weight":1,"CFrame":[0.2674158215522766,0.577765703201294,0.012012243270874024,0.9185922145843506,-0.27645987272262576,-0.28241512179374697,0.32869085669517519,0.931205153465271,0.1575411558151245,0.219432532787323,-0.23754335939884187,0.9462676644325256],"EasingStyle":"Linear","EasingDirection":"In"},"Torso":{"Weight":1,"CFrame":[0.0013859272003173829,0.33706134557724,-0.46770572662353518,0.8340099453926086,0.53289794921875,-0.14299380779266358,-0.5515213012695313,0.797730565071106,-0.24382402002811433,-0.01586277224123478,0.28221577405929568,0.9592198133468628],"EasingStyle":"Linear","EasingDirection":"In"},"HumanoidRootPart":{"Weight":0,"CFrame":[0,0,0,1,0,0,0,1,0,0,0,1],"EasingStyle":"Linear","EasingDirection":"In"},"Head":{"Weight":1,"CFrame":[1.1175870895385743e-8,-1.4901161193847657e-8,3.5762786865234377e-7,0.8497752547264099,-0.521649181842804,0.07592189311981201,0.5072942972183228,0.8484005928039551,0.15122471749782563,-0.1432984322309494,-0.0899922326207161,0.9855794906616211],"EasingStyle":"Linear","EasingDirection":"In"}}},{"Time":0.20000000298023225,"poses":{"Left Leg":{"Weight":1,"CFrame":[-0.43840813636779787,0.4733095169067383,-0.03133690357208252,0.9690061211585999,-0.10311590880155564,0.22448666393756867,0.012361413799226284,0.9278188347816467,0.3728262782096863,-0.24672730267047883,-0.35849589109420779,0.900336742401123],"EasingStyle":"Linear","EasingDirection":"In"},"Right Arm":{"Weight":1,"CFrame":[-0.848465085029602,-0.3298695683479309,0.18865597248077393,0.42493268847465517,-0.8482446074485779,0.31609073281288149,0.34598445892333987,0.4748627543449402,0.809197187423706,-0.8364968299865723,-0.23449192941188813,0.49526411294937136],"EasingStyle":"Linear","EasingDirection":"In"},"Left Arm":{"Weight":1,"CFrame":[0.5199052095413208,0.04556959867477417,0.3117610216140747,0.3135763704776764,0.8043336868286133,-0.5046952366828919,-0.8227560520172119,0.49549880623817446,0.2784841060638428,0.4740700125694275,0.3279150128364563,0.8171470761299133],"EasingStyle":"Linear","EasingDirection":"In"},"Right Leg":{"Weight":1,"CFrame":[0.22468826174736024,0.45352858304977419,0.04084324836730957,0.9116948843002319,-0.27077409625053408,-0.3090207278728485,0.3231930136680603,0.937016487121582,0.13246256113052369,0.25369009375572207,-0.22063881158828736,0.941785454750061],"EasingStyle":"Linear","EasingDirection":"In"},"Torso":{"Weight":1,"CFrame":[0.016685426235198976,0.3589174747467041,-0.3704688549041748,0.8561288714408875,0.503160834312439,-0.11778171360492706,-0.5164086818695068,0.8245930075645447,-0.23101606965065003,-0.019116271287202836,0.258603036403656,0.9657945036888123],"EasingStyle":"Linear","EasingDirection":"In"},"HumanoidRootPart":{"Weight":0,"CFrame":[0,0,0,1,0,0,0,1,0,0,0,1],"EasingStyle":"Linear","EasingDirection":"In"},"Head":{"Weight":1,"CFrame":[7.450580596923828e-8,1.1920928955078126e-7,-1.1920928955078126e-7,0.8670431971549988,-0.49311909079551699,0.07120133936405182,0.482494056224823,0.8666712045669556,0.12680895626544953,-0.12424005568027497,-0.07559464126825333,0.9893684387207031],"EasingStyle":"Linear","EasingDirection":"In"}}},{"Time":0.21666666865348817,"poses":{"Left Leg":{"Weight":1,"CFrame":[-0.3882923722267151,0.41037750244140627,-0.04859113693237305,0.9842849373817444,-0.04162955284118652,0.17161041498184205,-0.027490001171827318,0.9238449335098267,0.38177841901779177,-0.17443472146987916,-0.38049638271331789,0.9081823229789734],"EasingStyle":"Linear","EasingDirection":"In"},"Right Arm":{"Weight":1,"CFrame":[-0.7849754095077515,-0.3048369586467743,0.16356265544891358,0.488615483045578,-0.79182368516922,0.36642882227897646,0.32190626859664919,0.5539513230323792,0.7677982449531555,-0.810944676399231,-0.25720247626304629,0.5255622863769531],"EasingStyle":"Linear","EasingDirection":"In"},"Left Arm":{"Weight":1,"CFrame":[0.513363778591156,0.06276625394821167,0.27453553676605227,0.43640509247779848,0.7158109545707703,-0.5451287627220154,-0.7145130038261414,0.6439302563667297,0.27354130148887637,0.5468288064002991,0.2701268196105957,0.7924706935882568],"EasingStyle":"Linear","EasingDirection":"In"},"Right Leg":{"Weight":1,"CFrame":[0.1692756712436676,0.35021740198135378,0.05253481864929199,0.9054916501045227,-0.2549261748790741,-0.3392603397369385,0.3103131651878357,0.9430831670761108,0.1195819303393364,0.28946611285209658,-0.21355745196342469,0.933060884475708],"EasingStyle":"Linear","EasingDirection":"In"},"Torso":{"Weight":1,"CFrame":[0.03266569972038269,0.37539243698120119,-0.29392576217651369,0.8803878426551819,0.46568822860717776,-0.08973117172718048,-0.47365695238113406,0.8539029955863953,-0.21563565731048585,-0.023797277361154558,0.23234480619430543,0.972342312335968],"EasingStyle":"Linear","EasingDirection":"In"},"HumanoidRootPart":{"Weight":0,"CFrame":[0,0,0,1,0,0,0,1,0,0,0,1],"EasingStyle":"Linear","EasingDirection":"In"},"Head":{"Weight":1,"CFrame":[1.564621925354004e-7,5.587935447692871e-9,-1.1920928955078126e-7,0.8873862624168396,-0.457003653049469,0.060772333294153216,0.45040440559387209,0.8875088095664978,0.09728280454874039,-0.09839455783367157,-0.05895531177520752,0.9933996200561523],"EasingStyle":"Linear","EasingDirection":"In"}}},{"Time":0.23333333432674409,"poses":{"Left Leg":{"Weight":1,"CFrame":[-0.3713945150375366,0.37889885902404787,-0.06346380710601807,0.9923965930938721,-0.007404801435768604,0.12285827845335007,-0.0410783626139164,0.9210280179977417,0.38732415437698367,-0.1160239651799202,-0.38942596316337588,0.9137209057807922],"EasingStyle":"Linear","EasingDirection":"In"},"Right Arm":{"Weight":1,"CFrame":[-0.7193881273269653,-0.2803279757499695,0.13846969604492188,0.5564148426055908,-0.7205357551574707,0.41380029916763308,0.2844494581222534,0.6331003904342651,0.7199113965034485,-0.7806990742683411,-0.28286418318748476,0.5572225451469421],"EasingStyle":"Linear","EasingDirection":"In"},"Left Arm":{"Weight":1,"CFrame":[0.5065122246742249,0.07429385185241699,0.23731005191802979,0.5477801561355591,0.6012930274009705,-0.5817075967788696,-0.5668847560882568,0.7781211137771606,0.2704976201057434,0.6152873635292053,0.18158799409866334,0.7671031951904297],"EasingStyle":"Linear","EasingDirection":"In"},"Right Leg":{"Weight":1,"CFrame":[0.13774719834327699,0.2944261431694031,0.05751049518585205,0.9066843390464783,-0.21342189610004426,-0.36383315920829775,0.27254718542099,0.954735517501831,0.11915575712919235,0.3219339847564697,-0.20719844102859498,0.9238113164901733],"EasingStyle":"Linear","EasingDirection":"In"},"Torso":{"Weight":1,"CFrame":[0.04768252372741699,0.3883235454559326,-0.2381272315979004,0.9049270153045654,0.4212031066417694,-0.060786571353673938,-0.4245159924030304,0.8834054470062256,-0.19844645261764527,-0.02988707274198532,0.20538443326950074,0.9782249331474304],"EasingStyle":"Linear","EasingDirection":"In"},"HumanoidRootPart":{"Weight":0,"CFrame":[0,0,0,1,0,0,0,1,0,0,0,1],"EasingStyle":"Linear","EasingDirection":"In"},"Head":{"Weight":1,"CFrame":[5.8673322200775149e-8,4.7031790018081668e-8,-5.960464477539063e-8,0.9094741940498352,-0.413493812084198,0.04335330054163933,0.41050878167152407,0.9096122980117798,0.06393741816282273,-0.06587240844964981,-0.04035251587629318,0.9970117807388306],"EasingStyle":"Linear","EasingDirection":"In"}}},{"Time":0.25,"poses":{"Left Leg":{"Weight":1,"CFrame":[-0.4191056489944458,0.3869478702545166,-0.08117079734802246,0.9966220259666443,-0.018781162798404695,0.0799487829208374,-0.013262302614748478,0.9239158630371094,0.38236573338508608,-0.0810471773147583,-0.38213446736335757,0.9205458164215088],"EasingStyle":"Linear","EasingDirection":"In"},"Right Arm":{"Weight":1,"CFrame":[-0.6560851335525513,-0.2562410533428192,0.11541116237640381,0.624165415763855,-0.6354637742042542,0.4545363485813141,0.23226703703403474,0.7063937187194824,0.6686254143714905,-0.7459688782691956,-0.3117591440677643,0.5885038375854492],"EasingStyle":"Linear","EasingDirection":"In"},"Left Arm":{"Weight":1,"CFrame":[0.4997672140598297,0.0812864899635315,0.20310306549072267,0.6346970200538635,0.4722753167152405,-0.6116501688957214,-0.38918206095695498,0.8791599273681641,0.27498185634613039,0.6676054000854492,0.06351305544376373,0.7418012619018555],"EasingStyle":"Linear","EasingDirection":"In"},"Right Leg":{"Weight":1,"CFrame":[0.16082239151000977,0.2931100130081177,0.07202410697937012,0.9150238037109375,-0.135595440864563,-0.3799281418323517,0.19635891914367677,0.9724210500717163,0.12585876882076264,0.3523842394351959,-0.18976598978042603,0.9164137840270996],"EasingStyle":"Linear","EasingDirection":"In"},"Torso":{"Weight":1,"CFrame":[0.06018655747175217,0.40033167600631716,-0.20003819465637208,0.928123950958252,0.3708259165287018,-0.032773688435554507,-0.3704202175140381,0.9111542105674744,-0.1805182695388794,-0.037078969180583957,0.1796833574771881,0.9830254316329956],"EasingStyle":"Linear","EasingDirection":"In"},"HumanoidRootPart":{"Weight":0,"CFrame":[0,0,0,1,0,0,0,1,0,0,0,1],"EasingStyle":"Linear","EasingDirection":"In"},"Head":{"Weight":1,"CFrame":[7.264316082000733e-8,1.3131648302078248e-7,5.960464477539063e-7,0.9308181405067444,-0.36490899324417117,0.020470285788178445,0.3642224371433258,0.9307996034622192,0.030889060348272325,-0.030325423926115037,-0.021296335384249688,0.9993131756782532],"EasingStyle":"Linear","EasingDirection":"In"}}},{"Time":0.2666666805744171,"poses":{"Left Leg":{"Weight":1,"CFrame":[-0.500377893447876,0.41770434379577639,-0.10231304168701172,0.9973786473274231,-0.05696908384561539,0.04461335018277168,0.036800213158130649,0.9302239418029785,0.3651426434516907,-0.06230228394269943,-0.36254367232322695,0.9298819899559021],"EasingStyle":"Linear","EasingDirection":"In"},"Right Arm":{"Weight":1,"CFrame":[-0.5994483232498169,-0.23247668147087098,0.09642183780670166,0.6880502700805664,-0.5385657548904419,0.4863472282886505,0.16498780250549317,0.7687606811523438,0.6178883910179138,-0.7066581845283508,-0.34489697217941286,0.6178027987480164],"EasingStyle":"Linear","EasingDirection":"In"},"Left Arm":{"Weight":1,"CFrame":[0.4935454726219177,0.08487647771835327,0.174932599067688,0.6917702555656433,0.34544819593429568,-0.634128987789154,-0.1976144164800644,0.9351920485496521,0.29387807846069338,0.6945520043373108,-0.07798304408788681,0.715203583240509],"EasingStyle":"Linear","EasingDirection":"In"},"Right Leg":{"Weight":1,"CFrame":[0.22266504168510438,0.31810396909713747,0.09425389766693115,0.9220132827758789,-0.03771468997001648,-0.38531699776649477,0.09744156152009964,0.9858120083808899,0.13667409121990205,0.37469542026519778,-0.16356126964092256,0.9126067161560059],"EasingStyle":"Linear","EasingDirection":"In"},"Torso":{"Weight":1,"CFrame":[0.0687914565205574,0.41049835085868838,-0.1764364242553711,0.9487135410308838,0.3160523772239685,-0.007314583286643028,-0.3129541277885437,0.935635507106781,-0.16323590278625489,-0.044747307896614078,0.15715324878692628,0.9865599274635315],"EasingStyle":"Linear","EasingDirection":"In"},"HumanoidRootPart":{"Weight":0,"CFrame":[0,0,0,1,0,0,0,1,0,0,0,1],"EasingStyle":"Linear","EasingDirection":"In"},"Head":{"Weight":1,"CFrame":[1.0058283805847168e-7,1.6763806343078614e-8,0,0.949396550655365,-0.31403809785842898,-0.005127068143337965,0.3140537738800049,0.9494016170501709,0.002597600221633911,0.004051901400089264,-0.004076308570802212,0.9999834895133972],"EasingStyle":"Linear","EasingDirection":"In"}}},{"Time":0.28333333134651186,"poses":{"Left Leg":{"Weight":1,"CFrame":[-0.581355094909668,0.45572566986083987,-0.11952060461044312,0.9946520924568176,-0.1016564667224884,0.018252188339829446,0.08979461342096329,0.9384676814079285,0.3334895968437195,-0.05103046074509621,-0.3300671875476837,0.942577064037323],"EasingStyle":"Linear","EasingDirection":"In"},"Right Arm":{"Weight":1,"CFrame":[-0.553860604763031,-0.20893043279647828,0.08353614807128906,0.7448310852050781,-0.43217235803604128,0.5083832740783691,0.08294150978326798,0.8159618377685547,0.5721249580383301,-0.6620780825614929,-0.3839704990386963,0.6435988545417786],"EasingStyle":"Linear","EasingDirection":"In"},"Left Arm":{"Weight":1,"CFrame":[0.4882642924785614,0.08619952201843262,0.15581679344177247,0.7222407460212708,0.23770226538181306,-0.649511992931366,-0.010095435194671154,0.942610502243042,0.33374178409576418,0.6915680170059204,-0.23448480665683747,0.6831914186477661],"EasingStyle":"Linear","EasingDirection":"In"},"Right Leg":{"Weight":1,"CFrame":[0.3011840283870697,0.3473634719848633,0.1152724027633667,0.9237514138221741,0.06147412583231926,-0.37802672386169436,-0.004984570667147636,0.9888803362846375,0.14862999320030213,0.38296014070510867,-0.13541291654109956,0.9137860536575317],"EasingStyle":"Linear","EasingDirection":"In"},"Torso":{"Weight":1,"CFrame":[0.07232552766799927,0.4176805019378662,-0.1639406681060791,0.9658651947975159,0.2586536705493927,0.014237049967050553,-0.2537810802459717,0.9558309316635132,-0.14826452732086183,-0.0519573800265789,0.13959045708179475,0.9888452291488648],"EasingStyle":"Linear","EasingDirection":"In"},"HumanoidRootPart":{"Weight":0,"CFrame":[0,0,0,1,0,0,0,1,0,0,0,1],"EasingStyle":"Linear","EasingDirection":"In"},"Head":{"Weight":1,"CFrame":[8.195638656616211e-8,7.450580596923828e-9,3.5762786865234377e-7,0.9641988277435303,-0.26345792412757876,-0.030175577849149705,0.26304325461387637,0.9646334648132324,-0.017043190076947213,0.03359853848814964,0.008495536632835865,0.9993993043899536],"EasingStyle":"Linear","EasingDirection":"In"}}},{"Time":0.30000001192092898,"poses":{"Left Leg":{"Weight":1,"CFrame":[-0.6445565223693848,0.4886598587036133,-0.12277555465698242,0.9898881316184998,-0.14184066653251649,0.0016444044886156917,0.1354697048664093,0.9487367272377014,0.2855636179447174,-0.04206462576985359,-0.2824532985687256,0.9583583474159241],"EasingStyle":"Linear","EasingDirection":"In"},"Right Arm":{"Weight":1,"CFrame":[-0.5237041115760803,-0.18550309538841248,0.0787888765335083,0.791845977306366,-0.31846120953559878,0.5211164355278015,-0.013186294585466385,0.8441666960716248,0.5359183549880981,-0.6105784773826599,-0.4312366545200348,0.6642507910728455],"EasingStyle":"Linear","EasingDirection":"In"},"Left Arm":{"Weight":1,"CFrame":[0.4843408465385437,0.08638840913772583,0.1487741470336914,0.7356610894203186,0.16226233541965486,-0.6576273441314697,0.15801753103733064,0.9029814004898071,0.39956846833229067,0.6586601138114929,-0.3978637158870697,0.6386480331420898],"EasingStyle":"Linear","EasingDirection":"In"},"Right Leg":{"Weight":1,"CFrame":[0.38290897011756899,0.36944955587387087,0.12774229049682618,0.9221782088279724,0.14969323575496674,-0.3566218614578247,-0.09813784807920456,0.9824510812759399,0.15861542522907258,0.37410739064216616,-0.11127366870641709,0.9206855893135071],"EasingStyle":"Linear","EasingDirection":"In"},"Torso":{"Weight":1,"CFrame":[0.06985136866569519,0.42055606842041018,-0.15906810760498048,0.9792023301124573,0.20053143799304963,0.030820295214653016,-0.19456610083580018,0.9712052345275879,-0.13749352097511292,-0.057504601776599887,0.1286373883485794,0.9900230765342712],"EasingStyle":"Linear","EasingDirection":"In"},"HumanoidRootPart":{"Weight":0,"CFrame":[0,0,0,1,0,0,0,1,0,0,0,1],"EasingStyle":"Linear","EasingDirection":"In"},"Head":{"Weight":1,"CFrame":[8.568167686462403e-8,-9.499490261077881e-8,-1.1920928955078126e-7,0.975180447101593,-0.21543966233730317,-0.05107714608311653,0.21442097425460816,0.9764286279678345,-0.024713648483157159,0.05519747734069824,0.013148250989615918,0.9983888864517212],"EasingStyle":"Linear","EasingDirection":"In"}}},{"Time":0.3166666626930237,"poses":{"Left Leg":{"Weight":1,"CFrame":[-0.6847342252731323,0.5039688348770142,-0.10546183586120606,0.9849393963813782,-0.17281490564346314,-0.0054174610413610939,0.16971229016780854,0.9603180885314941,0.22132989764213563,-0.03304664418101311,-0.21891598403453828,0.9751839637756348],"EasingStyle":"Linear","EasingDirection":"In"},"Right Arm":{"Weight":1,"CFrame":[-0.5081473588943481,-0.1621583104133606,0.09378397464752197,0.8401468396186829,-0.20307962596416474,0.5029035210609436,-0.1254289299249649,0.8293627500534058,0.5444492101669312,-0.5276559591293335,-0.5204960107803345,0.6713144779205322],"EasingStyle":"Linear","EasingDirection":"In"},"Left Arm":{"Weight":1,"CFrame":[0.48189783096313479,0.08310329914093018,0.15961778163909913,0.7601189017295837,0.11759012192487717,-0.6390554308891296,0.29057881236076357,0.8181548714637756,0.49617186188697817,0.