{"Sequence":[{"Time":0,"poses":{"Left Leg":{"Weight":1,"CFrame":[-0.11969709396362305,0.18602466583251954,0.19908714294433595,0.8244150876998901,-0.22518691420555116,0.5192597508430481,0.19745786488056184,0.9742331504821777,0.10899615287780762,-0.5304245352745056,0.012673848308622837,0.8476373553276062],"EasingStyle":"Linear","EasingDirection":"Out"},"Right Arm":{"Weight":1,"CFrame":[0.7226715087890625,0.235032320022583,0.06416153907775879,-0.9002986550331116,-0.2235790193080902,-0.37346312403678896,0.09690259397029877,-0.9394168853759766,0.3287944495677948,-0.42434921860694888,0.25982365012168887,0.8674211502075195],"EasingStyle":"Linear","EasingDirection":"Out"},"Left Arm":{"Weight":1,"CFrame":[-0.17266812920570374,-0.2614401876926422,0.010824203491210938,0.4885370433330536,0.2142154574394226,-0.8458388447761536,-0.3735813796520233,0.9274007678031921,0.019099688157439233,0.7885230183601379,0.30665871500968935,0.5330964922904968],"EasingStyle":"Linear","EasingDirection":"Out"},"Head":{"Weight":1,"CFrame":[1.7881393432617188e-7,1.4901161193847657e-8,2.384185791015625e-7,0.9453359246253967,-0.2952439785003662,-0.13845938444137574,0.30667632818222048,0.9492592811584473,0.06968850642442703,0.11085876077413559,-0.108341284096241,0.987913191318512],"EasingStyle":"Linear","EasingDirection":"Out"},"Torso":{"Weight":1,"CFrame":[0.021709781140089036,0.058355651795864108,-0.2279520034790039,0.8290486931800842,0.5553463697433472,0.065334752202034,-0.5581822395324707,0.8149421215057373,0.15589085221290589,0.03332938253879547,-0.16570980846881867,0.9856112003326416],"EasingStyle":"Linear","EasingDirection":"Out"},"HumanoidRootPart":{"Weight":0,"CFrame":[0,0,0,1,0,0,0,1,0,0,0,1],"EasingStyle":"Linear","EasingDirection":"In"},"Right Leg":{"Weight":1,"CFrame":[0.1754104197025299,0.26431316137313845,0.20136988162994386,0.8625112175941467,0.30026817321777346,-0.4073246121406555,-0.23741020262241364,0.9509540796279907,0.19829948246479035,0.4468901753425598,-0.07433250546455383,0.8914953470230103],"EasingStyle":"Linear","EasingDirection":"Out"}}},{"Time":0.020416665822267534,"poses":{"Left Leg":{"Weight":1,"CFrame":[-0.11219319701194763,0.1616106629371643,0.19216156005859376,0.8350318074226379,-0.2160998433828354,0.5059869289398193,0.18557573854923249,0.9763702154159546,0.1107376366853714,-0.5179609656333923,0.0014294516295194626,0.8554030656814575],"EasingStyle":"Linear","EasingDirection":"Out"},"Right Arm":{"Weight":1,"CFrame":[0.7200278639793396,0.22535300254821778,0.0567549467086792,-0.900013267993927,-0.3219159245491028,-0.29384729266166689,0.20696383714675904,-0.9089592099189758,0.361882746219635,-0.38359111547470095,0.26488348841667178,0.8847002983093262],"EasingStyle":"Linear","EasingDirection":"Out"},"Left Arm":{"Weight":1,"CFrame":[-0.17404311895370484,-0.260755717754364,0.011238574981689453,0.4907723069190979,0.21963655948638917,-0.84315025806427,-0.37516018748283389,0.9266740083694458,0.02302466705441475,0.7863824367523193,0.30501657724380495,0.5371848344802856],"EasingStyle":"Linear","EasingDirection":"Out"},"Head":{"Weight":1,"CFrame":[1.4901161193847657e-7,1.4901161193847657e-8,1.1920928955078126e-7,0.9434042572975159,-0.3014136552810669,-0.13834060728549958,0.3131096363067627,0.946987509727478,0.07195193320512772,0.1093195229768753,-0.11119548231363297,0.9877675771713257],"EasingStyle":"Linear","EasingDirection":"Out"},"Torso":{"Weight":1,"CFrame":[0.017264021560549737,0.0585518553853035,-0.19556665420532227,0.8324050903320313,0.5501683950424194,0.06645671278238297,-0.5533860921859741,0.8188655972480774,0.15239086747169496,0.029421528801321985,-0.16362714767456056,0.986083447933197],"EasingStyle":"Linear","EasingDirection":"Out"},"HumanoidRootPart":{"Weight":0,"CFrame":[0,0,0,1,0,0,0,1,0,0,0,1],"EasingStyle":"Linear","EasingDirection":"In"},"Right Leg":{"Weight":1,"CFrame":[0.1487608253955841,0.2321993112564087,0.19727027416229249,0.8618584871292114,0.2922680974006653,-0.414462685585022,-0.23106136918067933,0.9537858963012695,0.19210165739059449,0.4514538049697876,-0.06979814171791077,0.889560341835022],"EasingStyle":"Linear","EasingDirection":"Out"}}},{"Time":0.040833331644535068,"poses":{"Left Leg":{"Weight":1,"CFrame":[-0.09787142276763916,0.12225872278213501,0.17779040336608888,0.8597031831741333,-0.1917441338300705,0.47343918681144717,0.15491479635238648,0.9810893535614014,0.11603895574808121,-0.48673585057258608,-0.02641633152961731,0.8731496334075928],"EasingStyle":"Linear","EasingDirection":"Out"},"Right Arm":{"Weight":1,"CFrame":[0.7121511697769165,0.20286601781845094,0.039775967597961429,-0.8755443096160889,-0.45774492621421816,-0.1545695662498474,0.36442476511001589,-0.8357491493225098,0.4107528328895569,-0.3172014653682709,0.3033033609390259,0.8985490202903748],"EasingStyle":"Linear","EasingDirection":"Out"},"Left Arm":{"Weight":1,"CFrame":[-0.17659670114517213,-0.25837987661361697,0.013399362564086914,0.49744823575019839,0.23503632843494416,-0.8350468277931213,-0.3780609369277954,0.9251123666763306,0.0351707823574543,0.7807785868644714,0.2982030212879181,0.5490536093711853],"EasingStyle":"Linear","EasingDirection":"Out"},"Head":{"Weight":1,"CFrame":[1.4901161193847657e-7,5.587935447692871e-8,-4.172325134277344e-7,0.9385077953338623,-0.317386656999588,-0.13589967787265778,0.3294491767883301,0.9409860968589783,0.07751406729221344,0.10327780246734619,-0.11751958727836609,0.9876856207847595],"EasingStyle":"Linear","EasingDirection":"Out"},"Torso":{"Weight":1,"CFrame":[0.006201873533427715,0.059369560331106189,-0.1375880241394043,0.8414623737335205,0.5358761548995972,0.0691215842962265,-0.5399603247642517,0.8293600082397461,0.14354409277439118,0.0195951908826828,-0.1581098735332489,0.9872270822525024],"EasingStyle":"Linear","EasingDirection":"Out"},"HumanoidRootPart":{"Weight":0,"CFrame":[0,0,0,1,0,0,0,1,0,0,0,1],"EasingStyle":"Linear","EasingDirection":"In"},"Right Leg":{"Weight":1,"CFrame":[0.08781340718269348,0.17400097846984864,0.1817476749420166,0.8590168952941895,0.27308860421180727,-0.4330272972583771,-0.2153594195842743,0.9601227045059204,0.17828258872032166,0.4644462466239929,-0.0598912313580513,0.8835738301277161],"EasingStyle":"Linear","EasingDirection":"Out"}}},{"Time":0.061250001192092898,"poses":{"Left Leg":{"Weight":1,"CFrame":[-0.09697765111923218,0.10500001907348633,0.1702442169189453,0.8869827389717102,-0.16154274344444276,0.4326263666152954,0.11877351999282837,0.9851070046424866,0.12432628870010376,-0.4462672173976898,-0.0588906891644001,0.8929598927497864],"EasingStyle":"Linear","EasingDirection":"Out"},"Right Arm":{"Weight":1,"CFrame":[0.6991233229637146,0.17739522457122804,0.02108633518218994,-0.8524267673492432,-0.5188391804695129,-0.0646105483174324,0.4355204403400421,-0.7729858160018921,0.461318701505661,-0.28929319977760317,0.36510106921195986,0.8848788142204285],"EasingStyle":"Linear","EasingDirection":"Out"},"Left Arm":{"Weight":1,"CFrame":[-0.17797181010246278,-0.2538309097290039,0.018682479858398439,0.5084932446479797,0.2588863670825958,-0.821226179599762,-0.3795543313026428,0.9234669208526611,0.056101758033037189,0.7728991508483887,0.2831725776195526,0.5678381323814392],"EasingStyle":"Linear","EasingDirection":"Out"},"Head":{"Weight":1,"CFrame":[1.564621925354004e-7,-8.195638656616211e-8,-2.384185791015625e-7,0.9319155812263489,-0.3393617868423462,-0.1279330551624298,0.35117119550704958,0.9324907064437866,0.08449829369783402,0.09062090516090393,-0.12367168813943863,0.988176703453064],"EasingStyle":"Linear","EasingDirection":"Out"},"Torso":{"Weight":1,"CFrame":[-0.008063983172178269,0.06115240603685379,-0.1004481315612793,0.8545776605606079,0.5142649412155151,0.07230905443429947,-0.5192798376083374,0.8443728685379028,0.1318444311618805,0.0067471652291715149,-0.15021994709968568,0.9886295795440674],"EasingStyle":"Linear","EasingDirection":"Out"},"HumanoidRootPart":{"Weight":0,"CFrame":[0,0,0,1,0,0,0,1,0,0,0,1],"EasingStyle":"Linear","EasingDirection":"In"},"Right Leg":{"Weight":1,"CFrame":[0.030627042055130006,0.131858229637146,0.16157078742980958,0.8508515954017639,0.2559274435043335,-0.45886027812957766,-0.2028162181377411,0.9656385779380798,0.16250455379486085,0.48468253016471865,-0.045202940702438357,0.8735213279724121],"EasingStyle":"Linear","EasingDirection":"Out"}}},{"Time":0.08166666328907013,"poses":{"Left Leg":{"Weight":1,"CFrame":[-0.10958197712898255,0.10822689533233643,0.17245209217071534,0.9090664386749268,-0.12922020256519319,0.396106481552124,0.08231497555971146,0.9876534938812256,0.13328485190868379,-0.40843909978866579,-0.08855932205915451,0.9084793925285339],"EasingStyle":"Linear","EasingDirection":"Out"},"Right Arm":{"Weight":1,"CFrame":[0.6810255646705627,0.15876507759094239,0.00854802131652832,-0.8423165082931519,-0.5386868715286255,-0.017867311835289,0.454240083694458,-0.7273346781730652,0.5144418478012085,-0.2901187241077423,0.4252066910266876,0.8573391437530518],"EasingStyle":"Linear","EasingDirection":"Out"},"Left Arm":{"Weight":1,"CFrame":[-0.17532190680503846,-0.24678924679756165,0.028174161911010743,0.520912230014801,0.28870701789855959,-0.8033048510551453,-0.37757042050361636,0.9219316840171814,0.08650165051221848,0.765565812587738,0.25824442505836489,0.589252769947052],"EasingStyle":"Linear","EasingDirection":"Out"},"Head":{"Weight":1,"CFrame":[1.4528632164001466e-7,-5.960464477539063e-8,0,0.9249035716056824,-0.3635578453540802,-0.11126131564378739,0.37375912070274355,0.9230719208717346,0.09078730642795563,0.06969574838876724,-0.12555453181266786,0.9896355867385864],"EasingStyle":"Linear","EasingDirection":"Out"},"Torso":{"Weight":1,"CFrame":[-0.022120891138911248,0.06424403190612793,-0.08124637603759766,0.8700685501098633,0.48720690608024599,0.07490057498216629,-0.49289199709892275,0.8618023991584778,0.119808629155159,-0.006177903618663549,-0.14115960896015168,0.9899675846099854],"EasingStyle":"Linear","EasingDirection":"Out"},"HumanoidRootPart":{"Weight":0,"CFrame":[0,0,0,1,0,0,0,1,0,0,0,1],"EasingStyle":"Linear","EasingDirection":"In"},"Right Leg":{"Weight":1,"CFrame":[-0.013558566570281983,0.10485661029815674,0.14213335514068604,0.837440550327301,0.2444218397140503,-0.4888262152671814,-0.1962031126022339,0.9692511558532715,0.1485143005847931,0.5100957155227661,-0.02846265770494938,0.8596466779708862],"EasingStyle":"Linear","EasingDirection":"Out"}}},{"Time":0.10208333283662796,"poses":{"Left Leg":{"Weight":1,"CFrame":[-0.13047948479652406,0.12767601013183595,0.18271195888519288,0.9273242354393005,-0.07928996533155441,0.365763396024704,0.028009623289108278,0.9892627596855164,0.1434386521577835,-0.3732093274593353,-0.12276922166347504,0.9195882081985474],"EasingStyle":"Linear","EasingDirection":"Out"},"Right Arm":{"Weight":1,"CFrame":[0.6579399108886719,0.15680575370788575,0.010022997856140137,-0.854111909866333,-0.5200707912445068,-0.004379779100418091,0.42804890871047976,-0.7077178359031677,0.5620584487915039,-0.29540979862213137,0.4781860113143921,0.8270859122276306],"EasingStyle":"Linear","EasingDirection":"Out"},"Left Arm":{"Weight":1,"CFrame":[-0.16718533635139466,-0.23758676648139954,0.041800856590270999,0.5333973169326782,0.3224649131298065,-0.7819870114326477,-0.3724808692932129,0.9195658564567566,0.12512673437595368,0.7594375014305115,0.22453297674655915,0.6106059551239014],"EasingStyle":"Linear","EasingDirection":"Out"},"Head":{"Weight":1,"CFrame":[1.4156103134155274e-7,-1.6763806343078614e-8,-2.980232238769531e-7,0.9188288450241089,-0.3856600224971771,-0.0837850347161293,0.39261019229888918,0.9148188233375549,0.09467694908380509,0.04013501852750778,-0.11988675594329834,0.9919759631156921],"EasingStyle":"Linear","EasingDirection":"Out"},"Torso":{"Weight":1,"CFrame":[-0.033266615122556689,0.06890944391489029,-0.06725168228149414,0.8867465257644653,0.4559723734855652,0.07595956325531006,-0.4619472026824951,0.8801137804985046,0.10956504195928574,-0.01689443178474903,-0.1322457194328308,0.991072952747345],"EasingStyle":"Linear","EasingDirection":"Out"},"HumanoidRootPart":{"Weight":0,"CFrame":[0,0,0,1,0,0,0,1,0,0,0,1],"EasingStyle":"Linear","EasingDirection":"In"},"Right Leg":{"Weight":1,"CFrame":[-0.044547587633132938,0.08346503973007202,0.12532830238342286,0.8265863656997681,0.23695062100887299,-0.5104991793632507,-0.19358240067958833,0.9714092016220093,0.13744086027145387,0.5284702777862549,-0.014783083461225033,0.848823070526123],"EasingStyle":"Linear","EasingDirection":"Out"}}},{"Time":0.12250000238418579,"poses":{"Left Leg":{"Weight":1,"CFrame":[-0.15327680110931397,0.15620410442352296,0.19759035110473634,0.9405170679092407,-0.0012499985750764609,0.3397441804409027,-0.0554487369954586,0.986020565032959,0.15712712705135346,-0.33519113063812258,-0.16661910712718965,0.9272997975349426],"EasingStyle":"Linear","EasingDirection":"Out"},"Right Arm":{"Weight":1,"CFrame":[0.630075216293335,0.17126774787902833,0.021799683570861818,-0.8845323324203491,-0.46617352962493899,-0.01687557063996792,0.36520257592201235,-0.7145474553108215,0.5966984629631043,-0.2902234196662903,0.5216360092163086,0.8022880554199219],"EasingStyle":"Linear","EasingDirection":"Out"},"Left Arm":{"Weight":1,"CFrame":[-0.15328067541122437,-0.22671759128570558,0.05919933319091797,0.5483105778694153,0.35882899165153506,-0.7553789019584656,-0.365332692861557,0.9152950644493103,0.16960842907428742,0.7522549629211426,0.1829664707183838,0.6329578757286072],"EasingStyle":"Linear","EasingDirection":"Out"},"Head":{"Weight":1,"CFrame":[1.6205012798309327e-7,5.8673322200775149e-8,-3.5762786865234377e-7,0.9154192805290222,-0.39971083402633669,-0.04731516167521477,0.40247905254364016,0.9102643728256226,0.0971049815416336,0.004255413077771664,-0.10793512314558029,0.994148850440979],"EasingStyle":"Linear","EasingDirection":"Out"},"Torso":{"Weight":1,"CFrame":[-0.0416407436132431,0.07509909570217133,-0.0557408332824707,0.9048125147819519,0.41896989941596987,0.07601665705442429,-0.4250319302082062,0.8994388580322266,0.10177242010831833,-0.025732748210430146,-0.12439446896314621,0.9918991327285767],"EasingStyle":"Linear","EasingDirection":"Out"},"HumanoidRootPart":{"Weight":0,"CFrame":[0,0,0,1,0,0,0,1,0,0,0,1],"EasingStyle":"Linear","EasingDirection":"In"},"Right Leg":{"Weight":1,"CFrame":[-0.06223297119140625,0.06440901756286621,0.1133430004119873,0.8224788308143616,0.23438508808612824,-0.5182586312294006,-0.19623205065727235,0.9721364974975586,0.12823247909545899,0.5338741540908814,-0.0037695299834012987,0.8455556631088257],"EasingStyle":"Linear","EasingDirection":"Out"}}},{"Time":0.14291666448116303,"poses":{"Left Leg":{"Weight":1,"CFrame":[-0.1674318015575409,0.1779070496559143,0.21401143074035645,0.9401876926422119,0.0965518206357956,0.32668769359588625,-0.15898564457893372,0.9725123047828674,0.17012737691402436,-0.30128178000450137,-0.2118903547525406,0.9296944737434387],"EasingStyle":"Linear","EasingDirection":"Out"},"Right Arm":{"Weight":1,"CFrame":[0.598149299621582,0.1953449845314026,0.03574824333190918,-0.9217895269393921,-0.38328468799591067,-0.05828266590833664,0.26970618963241579,-0.7419699430465698,0.6137909889221191,-0.27850061655044558,0.5500667691230774,0.7873142957687378],"EasingStyle":"Linear","EasingDirection":"Out"},"Left Arm":{"Weight":1,"CFrame":[-0.13348853588104249,-0.21466034650802613,0.07987046241760254,0.5616914629936218,0.39489516615867617,-0.7270216345787048,-0.35607022047042849,0.9085758328437805,0.2184125781059265,0.7468043565750122,0.1361902505159378,0.6509496569633484],"EasingStyle":"Linear","EasingDirection":"Out"},"Head":{"Weight":1,"CFrame":[1.341104507446289e-7,-2.2351741790771486e-8,-1.7881393432617188e-7,0.9167035222053528,-0.3995400071144104,-0.0047393254935741428,0.3980078399181366,0.9120124578475952,0.09911135584115982,-0.03527665138244629,-0.09274198859930039,0.9950650334358215],"EasingStyle":"Linear","EasingDirection":"Out"},"Torso":{"Weight":1,"CFrame":[-0.048093292862176898,0.08268483728170395,-0.04649496078491211,0.9244272112846375,0.37371185421943667,0.0759853720664978,-0.37986212968826296,0.9199703335762024,0.09674349427223206,-0.03375009819865227,-0.11829627305269242,0.9924046397209168],"EasingStyle":"Linear","EasingDirection":"Out"},"HumanoidRootPart":{"Weight":0,"CFrame":[0,0,0,1,0,0,0,1,0,0,0,1],"EasingStyle":"Linear","EasingDirection":"In"},"Right Leg":{"Weight":1,"CFrame":[-0.07320035994052887,0.04713362455368042,0.1044161319732666,0.8209857940673828,0.23748409748077393,-0.5192142128944397,-0.20428088307380677,0.971369743347168,0.12128540128469467,0.5331525206565857,0.006491965148597956,0.8459943532943726],"EasingStyle":"Linear","EasingDirection":"Out"}}},{"Time":0.16333332657814027,"poses":{"Left Leg":{"Weight":1,"CFrame":[-0.17371128499507905,0.18224501609802247,0.23209679126739503,0.9212844967842102,0.20103833079338075,0.33289408683776858,-0.26983270049095156,0.9468845129013062,0.1749284863471985,-0.28004494309425356,-0.25098463892936709,0.9265967607498169],"EasingStyle":"Linear","EasingDirection":"Out"},"Right Arm":{"Weight":1,"CFrame":[0.5630077123641968,0.2285493016242981,0.05311846733093262,-0.9550229907035828,-0.26349595189094546,-0.13601838052272798,0.13164223730564118,-0.7877576947212219,0.6017541885375977,-0.26570937037467959,0.5567833185195923,0.7870138883590698],"EasingStyle":"Linear","EasingDirection":"Out"},"Left Arm":{"Weight":1,"CFrame":[-0.10833358764648438,-0.20183616876602174,0.10277414321899414,0.569837749004364,0.4274003505706787,-0.7018646001815796,-0.34547922015190127,0.8995548486709595,0.26729220151901247,0.7456064820289612,0.09016644954681397,0.6602582335472107],"EasingStyle":"Linear","EasingDirection":"Out"},"Head":{"Weight":1,"CFrame":[1.1734664440155029e-7,5.587935447692871e-9,-2.980232238769531e-7,0.9235637784004211,-0.381442666053772,0.03913331776857376,0.37616264820098879,0.921088695526123,0.10048509389162064,-0.07437455654144287,-0.07808386534452439,0.9941686391830444],"EasingStyle":"Linear","EasingDirection":"Out"},"Torso":{"Weight":1,"CFrame":[-0.0534743033349514,0.09153847396373749,-0.0396723747253418,0.9445708990097046,0.3192726671695709,0.07649046182632446,-0.3256062865257263,0.9408442974090576,0.09376819431781769,-0.04202798753976822,-0.11347648501396179,0.9926513433456421],"EasingStyle":"Linear","EasingDirection":"Out"},"HumanoidRootPart":{"Weight":0,"CFrame":[0,0,0,1,0,0,0,1,0,0,0,1],"EasingStyle":"Linear","EasingDirection":"In"},"Right Leg":{"Weight":1,"CFrame":[-0.08254650235176087,0.030984342098236085,0.09677708148956299,0.8188000321388245,0.24494336545467378,-0.5192006230354309,-0.2168058305978775,0.9693689942359924,0.11540793627500534,0.5315653681755066,0.01806970126926899,0.8468244671821594],"EasingStyle":"Linear","EasingDirection":"Out"}}},{"Time":0.1837500035762787,"poses":{"Left Leg":{"Weight":1,"CFrame":[-0.18171046674251557,0.17690575122833253,0.2501565217971802,0.8864506483078003,0.2970576584339142,0.35491129755973818,-0.37380751967430117,0.9116866588592529,0.17057345807552339,-0.2728978097438812,-0.28387346863746645,0.9192076325416565],"EasingStyle":"Linear","EasingDirection":"Out"},"Right Arm":{"Weight":1,"CFrame":[0.5254952907562256,0.2697487473487854,0.07503974437713623,-0.9649302363395691,-0.09896485507488251,-0.2431371808052063,-0.0526910163462162,-0.8343446850776672,0.5487191081047058,-0.25716400146484377,0.5422866940498352,0.7998697757720947],"EasingStyle":"Linear","EasingDirection":"Out"},"Left Arm":{"Weight":1,"CFrame":[-0.07850253582000733,-0.1886480450630188,0.12673485279083253,0.5760489702224731,0.4549376964569092,-0.6791165471076965,-0.3365161418914795,0.8891265988349915,0.3101787269115448,0.7449325323104858,0.049855563789606097,0.6652742624282837],"EasingStyle":"Linear","EasingDirection":"Out"},"Head":{"Weight":1,"CFrame":[1.30385160446167e-7,9.313225746154786e-10,2.384185791015625e-7,0.9334454536437988,-0.35153353214263918,0.07144077867269516,0.3439928889274597,0.9336710572242737,0.09963572770357132,-0.10172749310731888,-0.0684293583035469,0.9924560189247131],"EasingStyle":"Linear","EasingDirection":"Out"},"Torso":{"Weight":1,"CFrame":[-0.058633800595998767,0.10153187066316605,-0.036942481994628909,0.9618375897407532,0.26242777705192568,0.07746068388223648,-0.26879170536994936,0.9591620564460754,0.08808601647615433,-0.0511811338365078,-0.10554523020982743,0.9930965304374695],"EasingStyle":"Linear","EasingDirection":"Out"},"HumanoidRootPart":{"Weight":0,"CFrame":[0,0,0,1,0,0,0,1,0,0,0,1],"EasingStyle":"Linear","EasingDirection":"In"},"Right Leg":{"Weight":1,"CFrame":[-0.08976931869983673,0.016291320323944093,0.09151113033294678,0.81813645362854,0.24802735447883607,-0.5187824368476868,-0.22749969363212586,0.9681961536407471,0.10411568731069565,0.5281066298484802,0.03284202888607979,0.8485426902770996],"EasingStyle":"Linear","EasingDirection":"Out"}}},{"Time":0.20416666567325593,"poses":{"Left Leg":{"Weight":1,"CFrame":[-0.18809884786605836,0.18528473377227784,0.2601891756057739,0.8472917675971985,0.36428302526474,0.3865157663822174,-0.4528069496154785,0.8757922053337097,0.1671944558620453,-0.277601420879364,-0.3166795074939728,0.9070014357566834],"EasingStyle":"Linear","EasingDirection":"Out"},"Right Arm":{"Weight":1,"CFrame":[0.48653626441955569,0.3158872127532959,0.10070252418518067,-0.9379732608795166,0.07201970368623734,-0.33914491534233096,-0.23188580572605134,-0.8575196266174316,0.45922645926475527,-0.25775015354156496,0.5093851685523987,0.8210309147834778],"EasingStyle":"Linear","EasingDirection":"Out"},"Left Arm":{"Weight":1,"CFrame":[-0.04468153417110443,-0.17550235986709596,0.15057742595672608,0.5838771462440491,0.4763771593570709,-0.6573829054832459,-0.33270686864852908,0.8790285587310791,0.3414892852306366,0.7405360341072083,0.01932799257338047,0.6717386245727539],"EasingStyle":"Linear","EasingDirection":"Out"},"Head":{"Weight":1,"CFrame":[1.3783574104309083e-7,4.423782229423523e-9,4.76837158203125e-7,0.9437779784202576,-0.31842097640037539,0.08883246034383774,0.3107990622520447,0.9462279081344605,0.08975877612829209,-0.11263686418533325,-0.05710332468152046,0.9919940233230591],"EasingStyle":"Linear","EasingDirection":"Out"},"Torso":{"Weight":1,"CFrame":[-0.06420291215181351,0.11253680288791657,-0.048573970794677737,0.9743516445159912,0.21027584373950959,0.08014301210641861,-0.21688786149024964,0.9724577069282532,0.08535632491111756,-0.05998731777071953,-0.1005491241812706,0.9931220412254334],"EasingStyle":"Linear","EasingDirection":"Out"},"HumanoidRootPart":{"Weight":0,"CFrame":[0,0,0,1,0,0,0,1,0,0,0,1],"EasingStyle":"Linear","EasingDirection":"In"},"Right Leg":{"Weight":1,"CFrame":[-0.08760692179203034,0.013135135173797608,0.09197998046875,0.817733883857727,0.2556043565273285,-0.5157302618026733,-0.24359115958213807,0.9654786586761475,0.09227259457111359,0.5215119123458862,0.05017290264368057,0.8517675995826721],"EasingStyle":"Linear","EasingDirection":"Out"}}},{"Time":0.22458332777023316,"poses":{"Left Leg":{"Weight":1,"CFrame":[-0.18545463681221009,0.20843106508255006,0.2606189250946045,0.8103033900260925,0.4058133065700531,0.42275747656822207,-0.5100609064102173,0.8436025381088257,0.1678476631641388,-0.2885243892669678,-0.3516394793987274,0.890563428401947],"EasingStyle":"Linear","EasingDirection":"Out"},"Right Arm":{"Weight":1,"CFrame":[0.44736945629119875,0.3579369783401489,0.13011670112609864,-0.8895874619483948,0.20884503424167634,-0.4062238931655884,-0.36221230030059817,-0.864362359046936,0.34882664680480959,-0.27827396988868716,0.4574510455131531,0.844572126865387],"EasingStyle":"Linear","EasingDirection":"Out"},"Left Arm":{"Weight":1,"CFrame":[-0.007808208465576172,-0.1628010869026184,0.1732877492904663,0.5926944017410278,0.49196165800094607,-0.6377201676368713,-0.33384761214256289,0.8706159591674805,0.361349880695343,0.7329795956611633,-0.00126870337408036,0.6802494525909424],"EasingStyle":"Linear","EasingDirection":"Out"},"Head":{"Weight":1,"CFrame":[1.3317912817001344e-7,-1.6298145055770875e-8,1.1920928955078126e-7,0.9535167813301086,-0.2847486436367035,0.09861007332801819,0.2787991166114807,0.9578019380569458,0.06990344822406769,-0.11435383558273316,-0.03916170075535774,0.9926679134368897],"EasingStyle":"Linear","EasingDirection":"Out"},"Torso":{"Weight":1,"CFrame":[-0.06993719190359116,0.12442515790462494,-0.07859563827514649,0.9829807281494141,0.16325286030769349,0.08424592763185501,-0.17068621516227723,0.9811874628067017,0.09020725637674332,-0.06793445348739624,-0.10305161774158478,0.9923533797264099],"EasingStyle":"Linear","EasingDirection":"Out"},"HumanoidRootPart":{"Weight":0,"CFrame":[0,0,0,1,0,0,0,1,0,0,0,1],"EasingStyle":"Linear","EasingDirection":"In"},"Right Leg":{"Weight":1,"CFrame":[-0.07342985272407532,0.02525109052658081,0.09917747974395752,0.812177836894989,0.2764333188533783,-0.5137622952461243,-0.2717422842979431,0.9585064053535461,0.08614898473024368,0.5162588953971863,0.06964267045259476,0.8535963296890259],"EasingStyle":"Linear","EasingDirection":"Out"}}},{"Time":0.24500000476837159,"poses":{"Left Leg":{"Weight":1,"CFrame":[-0.1763090193271637,0.2310483455657959,0.2575122117996216,0.774566113948822,0.43528077006340029,0.45888766646385195,-0.5567666292190552,0.8134708404541016,0.1681552231311798,-0.3000970482826233,-0.38574063777923586,0.8724367618560791],"EasingStyle":"Linear","EasingDirection":"Out"},"Right Arm":{"Weight":1,"CFrame":[0.4093118906021118,0.3854074478149414,0.16486144065856934,-0.8489501476287842,0.2823109030723572,-0.44674840569496157,-0.4159180819988251,-0.8784466981887817,0.2352522760629654,-0.3260304033756256,0.38552817702293398,0.863175630569458],"EasingStyle":"Linear","EasingDirection":"Out"},"Left Arm":{"Weight":1,"CFrame":[0.0301748588681221,-0.15093356370925904,0.1944977045059204,0.5999930500984192,0.5031476616859436,-0.6219733357429504,-0.3366380035877228,0.8640673756599426,0.3742491900920868,0.7257294654846191,-0.01516709104180336,0.6878130435943604],"EasingStyle":"Linear","EasingDirection":"Out"},"Head":{"Weight":1,"CFrame":[1.6111880540847779e-7,-4.540197551250458e-9,1.1920928955078126e-7,0.9625944495201111,-0.2507011592388153,0.10276606678962708,0.24726708233356477,0.9678970575332642,0.04510261490941048,-0.11077424138784409,-0.01800486445426941,0.9936825037002564],"EasingStyle":"Linear","EasingDirection":"Out"},"Torso":{"Weight":1,"CFrame":[-0.07537329941987992,0.1370687186717987,-0.12022161483764649,0.988792896270752,0.12026910483837128,0.08845330029726029,-0.12888579070568086,0.9866865277290344,0.09918726235628128,-0.07534652203321457,-0.10947602987289429,0.9911296367645264],"EasingStyle":"Linear","EasingDirection":"Out"},"HumanoidRootPart":{"Weight":0,"CFrame":[0,0,0,1,0,0,0,1,0,0,0,1],"EasingStyle":"Linear","EasingDirection":"In"},"Right Leg":{"Weight":1,"CFrame":[-0.05164167284965515,0.04581636190414429,0.11129474639892578,0.7979469299316406,0.3055049180984497,-0.5195645689964294,-0.30717846751213076,0.9477994441986084,0.08554324507713318,0.518576979637146,0.09134005755186081,0.850138247013092],"EasingStyle":"Linear","EasingDirection":"Out"}}},{"Time":0.2654166519641876,"poses":{"Left Leg":{"Weight":1,"CFrame":[-0.16648468375205995,0.23943954706192017,0.25917649269104006,0.7381426095962524,0.46407657861709597,0.4896717369556427,-0.599772036075592,0.7837365865707398,0.161339670419693,-0.3088997006416321,-0.41278305649757388,0.8568494915962219],"EasingStyle":"Linear","EasingDirection":"Out"},"Right Arm":{"Weight":1,"CFrame":[0.3736830949783325,0.39759474992752077,0.1976947784423828,-0.8255631327629089,0.3054707944393158,-0.4744819402694702,-0.4057532846927643,-0.9056814908981323,0.12290391325950623,-0.3921859562397003,0.29398754239082339,0.8716430068016052],"EasingStyle":"Linear","EasingDirection":"Out"},"Left Arm":{"Weight":1,"CFrame":[0.06707397103309632,-0.14028847217559815,0.21400117874145509,0.6060946583747864,0.5105365514755249,-0.6099193096160889,-0.34011611342430117,0.8595272898674011,0.3814890682697296,0.7190064787864685,-0.023775098845362665,0.6945967078208923],"EasingStyle":"Linear","EasingDirection":"Out"},"Head":{"Weight":1,"CFrame":[1.4435499906539918e-7,1.862645149230957e-8,-5.960464477539063e-8,0.9707825779914856,-0.21636928617954255,0.1037568524479866,0.21546956896781922,0.9763069748878479,0.019938617944717408,-0.1056126058101654,0.003000397002324462,0.9944028258323669],"EasingStyle":"Linear","EasingDirection":"Out"},"Torso":{"Weight":1,"CFrame":[-0.08004789054393769,0.15033933520317079,-0.16874217987060548,0.9925448298454285,0.08015841990709305,0.09181157499551773,-0.09001270681619644,0.9899834990501404,0.10876758396625519,-0.08217331022024155,-0.11622091382741928,0.989818274974823],"EasingStyle":"Linear","EasingDirection":"Out"},"HumanoidRootPart":{"Weight":0,"CFrame":[0,0,0,1,0,0,0,1,0,0,0,1],"EasingStyle":"Linear","EasingDirection":"In"},"Right Leg":{"Weight":1,"CFrame":[-0.029414333403110505,0.07239526510238648,0.1251453161239624,0.7721262574195862,0.3362789750099182,-0.5392006635665894,-0.34318917989730837,0.9347935914993286,0.09155414998531342,0.5348291397094727,0.11435646563768387,0.8371860384941101],"EasingStyle":"Linear","EasingDirection":"Out"}}},{"Time":0.28583332896232607,"poses":{"Left Leg":{"Weight":1,"CFrame":[-0.16225384175777436,0.2340867519378662,0.26795411109924319,0.7029460072517395,0.49452894926071169,0.5111832022666931,-0.6377774477005005,0.7563954591751099,0.1452781707048416,-0.3148123323917389,-0.428143709897995,0.8471044898033142],"EasingStyle":"Linear","EasingDirection":"Out"},"Right Arm":{"Weight":1,"CFrame":[0.341810405254364,0.40026986598968508,0.22286105155944825,-0.8129485249519348,0.30234166979789736,-0.49769875407218935,-0.35770952701568606,-0.9336763024330139,0.017099108546972276,-0.4595199525356293,0.1919323205947876,0.8671813607215881],"EasingStyle":"Linear","EasingDirection":"Out"},"Left Arm":{"Weight":1,"CFrame":[0.10069525241851807,-0.13125237822532655,0.2315918207168579,0.6113321185112,0.5145883560180664,-0.6012253761291504,-0.34337741136550906,0.8569634556770325,0.384324848651886,0.7129971385002136,-0.02850290760397911,0.700587272644043],"EasingStyle":"Linear","EasingDirection":"Out"},"Head":{"Weight":1,"CFrame":[2.0116567611694337e-7,2.5436747819185258e-8,-1.7881393432617188e-7,0.9781023859977722,-0.1818181872367859,0.10128135234117508,0.18303854763507844,0.9831017255783081,-0.002810496836900711,-0.09905888885259628,0.02128734439611435,0.9948538541793823],"EasingStyle":"Linear","EasingDirection":"Out"},"Torso":{"Weight":1,"CFrame":[-0.08361274003982544,0.16411970555782319,-0.21944236755371095,0.9947049021720886,0.04198333993554115,0.09380606561899185,-0.052859071642160419,0.9917666912078857,0.11663959920406342,-0.08813680708408356,-0.12098048627376557,0.9887343645095825],"EasingStyle":"Linear","EasingDirection":"Out"},"HumanoidRootPart":{"Weight":0,"CFrame":[0,0,0,1,0,0,0,1,0,0,0,1],"EasingStyle":"Linear","EasingDirection":"In"},"Right Leg":{"Weight":1,"CFrame":[-0.010983079671859742,0.10319066047668457,0.13811051845550538,0.7400937676429749,0.3625945746898651,-0.5663802027702332,-0.37369298934936526,0.9219366908073425,0.10191287100315094,0.5591196417808533,0.13622723519802094,0.8178185820579529],"EasingStyle":"Linear","EasingDirection":"Out"}}},{"Time":0.3062500059604645,"poses":{"Left Leg":{"Weight":1,"CFrame":[-0.16336661577224732,0.22580456733703614,0.2786831855773926,0.674672544002533,0.5196999311447144,0.5241458415985107,-0.6651246547698975,0.7359517216682434,0.1264289766550064,-0.3200409412384033,-0.4339205026626587,0.8421916961669922],"EasingStyle":"Linear","EasingDirection":"Out"},"Right Arm":{"Weight":1,"CFrame":[0.31502363085746767,0.392194926738739,0.24362492561340333,-0.8118512630462647,0.2650007903575897,-0.5202616453170776,-0.271389901638031,-0.9602307081222534,-0.0656086653470993,-0.5169574618339539,0.08792928606271744,0.8514830470085144],"EasingStyle":"Linear","EasingDirection":"Out"},"Left Arm":{"Weight":1,"CFrame":[0.12884502112865449,-0.12421375513076782,0.2470632791519165,0.6160304546356201,0.5156629085540772,-0.5954815149307251,-0.3455675542354584,0.8562391400337219,0.3839760422706604,0.7078768014907837,-0.03076181560754776,0.7056657671928406],"EasingStyle":"Linear","EasingDirection":"Out"},"Head":{"Weight":1,"CFrame":[1.1129304766654968e-7,2.990782377310097e-8,2.384185791015625e-7,0.9846261739730835,-0.14766590297222138,0.09330668300390244,0.15034592151641847,0.988381028175354,-0.022338729351758958,-0.0889238640666008,0.0360235832631588,0.9953867793083191],"EasingStyle":"Linear","EasingDirection":"Out"},"Torso":{"Weight":1,"CFrame":[-0.08618001639842987,0.17833590507507325,-0.2653818130493164,0.99549800157547,0.005903793033212423,0.09459853917360306,-0.01758011430501938,0.9922413229942322,0.12307780981063843,-0.0931379571557045,-0.12418676912784577,0.9878780245780945],"EasingStyle":"Linear","EasingDirection":"Out"},"HumanoidRootPart":{"Weight":0,"CFrame":[0,0,0,1,0,0,0,1,0,0,0,1],"EasingStyle":"Linear","EasingDirection":"In"},"Right Leg":{"Weight":1,"CFrame":[0.0018752212636172772,0.13313651084899903,0.14773905277252198,0.7101209163665772,0.3823140263557434,-0.5912395715713501,-0.3965761065483093,0.9110459685325623,0.11279459297657013,0.5817694664001465,0.15437370538711549,0.7985694408416748],"EasingStyle":"Linear","EasingDirection":"Out"}}},{"Time":0.3266666531562805,"poses":{"Left Leg":{"Weight":1,"CFrame":[-0.16715013980865479,0.2171262502670288,0.2896604537963867,0.6565471291542053,0.5363380908966065,0.5303651690483093,-0.6802495718002319,0.7248135209083557,0.1091148853302002,-0.3258933424949646,-0.4324197471141815,0.8407179713249207],"EasingStyle":"Linear","EasingDirection":"Out"},"Right Arm":{"Weight":1,"CFrame":[0.29465410113334658,0.3713275194168091,0.26408517360687258,-0.8181682229042053,0.18619976937770844,-0.5439949631690979,-0.15110032260417939,-0.98248690366745,-0.10903300344944,-0.55476975440979,-0.007009537890553474,0.8319743275642395],"EasingStyle":"Linear","EasingDirection":"Out"},"Left Arm":{"Weight":1,"CFrame":[0.14932936429977418,-0.11955994367599487,0.260209321975708,0.6204909086227417,0.5140585899353027,-0.5922286510467529,-0.34587761759757998,0.8571593165397644,0.38163673877716067,0.7038179636001587,-0.031963542103767398,0.7096608877182007],"EasingStyle":"Linear","EasingDirection":"Out"},"Head":{"Weight":1,"CFrame":[1.3783574104309083e-7,8.789356797933579e-9,2.384185791015625e-7,0.9901638031005859,-0.11471214890480042,0.08010461181402207,0.11795517802238465,0.9923299551010132,-0.03698483854532242,-0.07524760067462921,0.046069785952568057,0.9961000680923462],"EasingStyle":"Linear","EasingDirection":"Out"},"Torso":{"Weight":1,"CFrame":[-0.08797700703144074,0.19292493164539338,-0.29906511306762698,0.9951481819152832,-0.027614213526248933,0.09443259984254837,0.01536539662629366,0.9916478395462036,0.12805671989917756,-0.0971800684928894,-0.12598441541194917,0.9872608184814453],"EasingStyle":"Linear","EasingDirection":"Out"},"HumanoidRootPart":{"Weight":0,"CFrame":[0,0,0,1,0,0,0,1,0,0,0,1],"EasingStyle":"Linear","EasingDirection":"In"},"Right Leg":{"Weight":1,"CFrame":[0.005173437297344208,0.157143235206604,0.15105485916137696,0.6837981939315796,0.394264280796051,-0.6139834523200989,-0.4103817641735077,0.9035578370094299,0.12316667288541794,0.6033297777175903,0.16774648427963258,0.7796501517295837],"EasingStyle":"Linear","EasingDirection":"Out"}}},{"Time":0.34708333015441897,"poses":{"Left Leg":{"Weight":1,"CFrame":[-0.17110155522823335,0.20981621742248536,0.299670934677124,0.6510045528411865,0.541702151298523,0.5317443013191223,-0.6822294592857361,0.7246758937835693,0.09699384868144989,-0.33280038833618166,-0.4259149730205536,0.8413323760032654],"EasingStyle":"Linear","EasingDirection":"Out"},"Right Arm":{"Weight":1,"CFrame":[0.28238388895988467,0.3371897339820862,0.2733025550842285,-0.8225120902061462,0.06425003707408905,-0.5651068091392517,-0.005257222335785627,-0.9944151043891907,-0.10540853440761566,-0.5687233209609985,-0.08372890949249268,0.8182562589645386],"EasingStyle":"Linear","EasingDirection":"Out"},"Left Arm":{"Weight":1,"CFrame":[0.16063666343688966,-0.11739888787269592,0.27066826820373537,0.6271862983703613,0.501868724822998,-0.5956217050552368,-0.3361690938472748,0.8642560839653015,0.3742349445819855,0.7025864124298096,-0.03448544442653656,0.7107622623443604],"EasingStyle":"Linear","EasingDirection":"Out"},"Head":{"Weight":1,"CFrame":[1.494772732257843e-7,-2.2264430299401284e-8,2.384185791015625e-7,0.9952867031097412,-0.0737893134355545,0.0629250779747963,0.07680010795593262,0.9959452152252197,-0.046849533915519717,-0.05921291559934616,0.05146137997508049,0.9969180226325989],"EasingStyle":"Linear","EasingDirection":"Out"},"Torso":{"Weight":1,"CFrame":[-0.08923100680112839,0.2078237235546112,-0.3135685920715332,0.9939188957214356,-0.05811349302530289,0.09353122860193253,0.04554513469338417,0.9902949333190918,0.1313072293996811,-0.10025422275066376,-0.12624885141849519,0.9869195818901062],"EasingStyle":"Linear","EasingDirection":"Out"},"HumanoidRootPart":{"Weight":0,"CFrame":[0,0,0,1,0,0,0,1,0,0,0,1],"EasingStyle":"Linear","EasingDirection":"In"},"Right Leg":{"Weight":1,"CFrame":[-0.0036577917635440828,0.16971009969711305,0.14628756046295167,0.6623867750167847,0.39757612347602847,-0.6349622011184692,-0.41434434056282046,0.9005508422851563,0.1316319704055786,0.6241494417190552,0.17590174078941346,0.761246383190155],"EasingStyle":"Linear","EasingDirection":"Out"}}},{"Time":0.3675000071525574,"poses":{"Left Leg":{"Weight":1,"CFrame":[-0.173499196767807,0.20455479621887208,0.30826103687286379,0.6593006253242493,0.5334874987602234,0.5298241972923279,-0.6703440546989441,0.7362183332443237,0.09285145252943039,-0.34053128957748415,-0.4163816273212433,0.8430094122886658],"EasingStyle":"Linear","EasingDirection":"Out"},"Right Arm":{"Weight":1,"CFrame":[0.27806973457336428,0.2926174998283386,0.26347577571868899,-0.8112014532089233,-0.08636894822120667,-0.578353226184845,0.15373599529266358,-0.9857400059700012,-0.06842450797557831,-0.5641962885856628,-0.14441978931427003,0.8129118084907532],"EasingStyle":"Linear","EasingDirection":"Out"},"Left Arm":{"Weight":1,"CFrame":[0.16398368775844575,-0.11672085523605347,0.27745580673217776,0.6322834491729736,0.47619518637657168,-0.611110270023346,-0.3134264647960663,0.8785901665687561,0.3603375554084778,0.7085064649581909,-0.03629725053906441,0.7047702074050903],"EasingStyle":"Linear","EasingDirection":"Out"},"Head":{"Weight":1,"CFrame":[1.7706770449876786e-7,-1.2092641554772854e-8,0,0.9987859129905701,-0.019644558429718019,0.04517494514584541,0.022013675421476365,0.9983751773834229,-0.052558597177267078,-0.04406902566552162,0.05348923057317734,0.997595489025116],"EasingStyle":"Linear","EasingDirection":"Out"},"Torso":{"Weight":1,"CFrame":[-0.09016930311918259,0.22296924889087678,-0.3030986785888672,0.9921010136604309,-0.08514682203531265,0.09211724251508713,0.0725587010383606,0.9885513782501221,0.13229285180568696,-0.10232694447040558,-0.12456396222114563,0.986920952796936],"EasingStyle":"Linear","EasingDirection":"Out"},"HumanoidRootPart":{"Weight":0,"CFrame":[0,0,0,1,0,0,0,1,0,0,0,1],"EasingStyle":"Linear","EasingDirection":"In"},"Right Leg":{"Weight":1,"CFrame":[-0.02743072807788849,0.16631686687469483,0.13111352920532227,0.647152304649353,0.3907327353954315,-0.6546157002449036,-0.4070656895637512,0.9031209945678711,0.13663803040981294,0.6445862650871277,0.17804594337940217,0.7435107827186585],"EasingStyle":"Linear","EasingDirection":"Out"}}},{"Time":0.3879166543483734,"poses":{"Left Leg":{"Weight":1,"CFrame":[-0.17132273316383363,0.2054380178451538,0.3136354684829712,0.6797028183937073,0.5119682550430298,0.5252546668052673,-0.6459699869155884,0.7570435404777527,0.09801977872848511,-0.34745776653289797,-0.40592315793037417,0.8452808260917664],"EasingStyle":"Linear","EasingDirection":"Out"},"Right Arm":{"Weight":1,"CFrame":[0.28030645847320559,0.23967236280441285,0.24344587326049806,-0.7759450078010559,-0.24356050789356233,-0.5818827748298645,0.3105962872505188,-0.9504009485244751,-0.016370106488466264,-0.5490348935127258,-0.19343294203281403,0.8131079077720642],"EasingStyle":"Linear","EasingDirection":"Out"},"Left Arm":{"Weight":1,"CFrame":[0.152382463216781