{"Sequence":[{"Time":0,"poses":{"Left Leg":{"Weight":1,"CFrame":[-0.20557467639446259,0.10968083143234253,0.06499123573303223,0.9866726994514465,0.01315290853381157,0.1621849536895752,-0.019662491977214814,0.9990614056587219,0.03859717771410942,-0.16152507066726685,-0.04127174988389015,0.9860052466392517],"EasingStyle":"Linear","EasingDirection":"Out"},"Right Arm":{"Weight":1,"CFrame":[-0.04272647947072983,-0.045836299657821658,-0.023381948471069337,0.9919180274009705,0.01877032406628132,-0.12548434734344483,-0.010741600766777993,0.9978692531585693,0.06435496360063553,0.12642496824264527,-0.06248694658279419,0.990006148815155],"EasingStyle":"Linear","EasingDirection":"Out"},"Left Arm":{"Weight":1,"CFrame":[0.021704671904444696,-0.07654815912246704,0.023257970809936525,0.9879146814346314,0.1526271104812622,-0.02701079659163952,-0.15044772624969483,0.9861537218093872,0.0697592943906784,0.037283964455127719,-0.0648525208234787,0.9971981048583984],"EasingStyle":"Linear","EasingDirection":"Out"},"Right Leg":{"Weight":1,"CFrame":[-0.005687827244400978,0.10103249549865723,0.038543105125427249,0.986379861831665,0.10899367928504944,-0.12318748980760575,-0.10108394175767899,0.9924996495246887,0.06874901056289673,0.12975671887397767,-0.05536039546132088,0.9899991750717163],"EasingStyle":"Linear","EasingDirection":"Out"},"Torso":{"Weight":1,"CFrame":[3.4257849890195759e-9,6.442003874784774e-11,-0.07803821563720703,0.9996861219406128,0.02363639697432518,-0.008305925875902176,-0.023940160870552064,0.9989677667617798,-0.03860461339354515,0.00738487858325243,0.038791339844465259,0.999220073223114],"EasingStyle":"Linear","EasingDirection":"Out"},"HumanoidRootPart":{"Weight":0,"CFrame":[0,0,0,1,0,0,0,1,0,0,0,1],"EasingStyle":"Linear","EasingDirection":"In"},"Head":{"Weight":1,"CFrame":[1.5273690223693848e-7,-1.9514118321239949e-8,-1.7881393432617188e-7,0.9987587332725525,-0.04398820549249649,0.023366255685687066,0.04330039396882057,0.9986361861228943,0.029168851673603059,-0.024617470800876619,-0.028120877221226693,0.9993013739585877],"EasingStyle":"Linear","EasingDirection":"Out"}}},{"Time":0.020416665822267534,"poses":{"Left Leg":{"Weight":1,"CFrame":[-0.18154679238796235,0.07895386219024658,0.06119740009307861,0.9865998029708862,0.0168607197701931,0.1622852385044098,-0.024058125913143159,0.9988073110580444,0.04248780012130737,-0.16137534379959107,-0.04582275450229645,0.9858287572860718],"EasingStyle":"Linear","EasingDirection":"Out"},"Right Arm":{"Weight":1,"CFrame":[-0.04272650182247162,-0.04583635926246643,-0.02338200807571411,0.9943744540214539,0.014399286359548569,-0.10493869334459305,-0.008779739961028099,0.9985122084617615,0.05381719022989273,0.10555749386548996,-0.052593108266592029,0.9930214285850525],"EasingStyle":"Linear","EasingDirection":"Out"},"Left Arm":{"Weight":1,"CFrame":[0.021704688668251039,-0.07654792070388794,0.023257970809936525,0.9823247194290161,0.1826755255460739,-0.04083890840411186,-0.18008901178836823,0.9818210005760193,0.0599622018635273,0.05105012282729149,-0.05154770240187645,0.99736487865448],"EasingStyle":"Linear","EasingDirection":"Out"},"Right Leg":{"Weight":1,"CFrame":[-0.03182314336299896,0.06922638416290283,0.03686726093292236,0.9869030117988586,0.10419691354036331,-0.12314832955598831,-0.09658172726631165,0.9931154847145081,0.06628377735614777,0.1292070895433426,-0.053521785885095599,0.9901722073554993],"EasingStyle":"Linear","EasingDirection":"Out"},"Torso":{"Weight":1,"CFrame":[-1.3692420530730943e-9,6.441690930669708e-11,-0.046282291412353519,0.9996989965438843,0.023726262152194978,-0.006240314804017544,-0.02391783334314823,0.999180257320404,-0.03266202658414841,0.005460251588374376,0.03280144929885864,0.9994469881057739],"EasingStyle":"Linear","EasingDirection":"Out"},"HumanoidRootPart":{"Weight":0,"CFrame":[0,0,0,1,0,0,0,1,0,0,0,1],"EasingStyle":"Linear","EasingDirection":"In"},"Head":{"Weight":1,"CFrame":[1.496518962085247e-7,1.0419171303510666e-8,-2.980232238769531e-7,0.9987977743148804,-0.043841175734996799,0.02193049155175686,0.04379536956548691,0.9990372061729431,0.0025649701710790397,-0.0220218263566494,-0.0016014340799301863,0.9997562170028687],"EasingStyle":"Linear","EasingDirection":"Out"}}},{"Time":0.040833331644535068,"poses":{"Left Leg":{"Weight":1,"CFrame":[-0.13850843906402589,0.017296552658081056,0.05521118640899658,0.9865408539772034,0.020043348893523217,0.16228173673152924,-0.02880571223795414,0.9982407689094544,0.05182298645377159,-0.16095750033855439,-0.05580013245344162,0.9853826761245728],"EasingStyle":"Linear","EasingDirection":"Out"},"Right Arm":{"Weight":1,"CFrame":[-0.04272650554776192,-0.045836031436920169,-0.023381948471069337,0.9978796243667603,0.00675527798011899,-0.06473533064126969,-0.004065795335918665,0.9991265535354614,0.04158785939216614,0.06495972722768784,-0.04123648256063461,0.9970355033874512],"EasingStyle":"Linear","EasingDirection":"Out"},"Left Arm":{"Weight":1,"CFrame":[0.021704692393541337,-0.07654774188995362,0.023257851600646974,0.9754464626312256,0.20904101431369782,-0.06932554394006729,-0.20657657086849214,0.9775679707527161,0.041073497384786609,0.07635647803544998,-0.025743966922163965,0.9967482089996338],"EasingStyle":"Linear","EasingDirection":"Out"},"Right Leg":{"Weight":1,"CFrame":[-0.09005899727344513,0.0034146904945373537,0.03248870372772217,0.9879772067070007,0.0934680700302124,-0.12314517796039581,-0.08659390360116959,0.994432270526886,0.06004999205470085,0.12807227671146394,-0.048664409667253497,0.9905701875686646],"EasingStyle":"Linear","EasingDirection":"Out"},"Torso":{"Weight":1,"CFrame":[-2.4160673461892657e-12,-7.371700472269538e-11,0.01882648468017578,0.9997149705886841,0.023848960176110269,-0.0010766906198114157,-0.02386571280658245,0.9995157718658447,-0.019966663792729379,0.0005999851273372769,0.019986670464277269,0.9998000860214233],"EasingStyle":"Linear","EasingDirection":"Out"},"HumanoidRootPart":{"Weight":0,"CFrame":[0,0,0,1,0,0,0,1,0,0,0,1],"EasingStyle":"Linear","EasingDirection":"In"},"Head":{"Weight":1,"CFrame":[1.514563336968422e-7,6.946720532141626e-9,0,0.9988762140274048,-0.04412524029612541,0.017299164086580278,0.04446247220039368,0.9988183975219727,-0.019620049744844438,-0.01641298457980156,0.02036716789007187,0.9996578097343445],"EasingStyle":"Linear","EasingDirection":"Out"}}},{"Time":0.061250001192092898,"poses":{"Left Leg":{"Weight":1,"CFrame":[-0.12267559766769409,-0.010446429252624512,0.050960421562194827,0.9879353046417236,0.00880065280944109,0.15461689233779908,-0.01950271800160408,0.997505784034729,0.06783687323331833,-0.1536342203617096,-0.07003390043973923,0.9856428503990173],"EasingStyle":"Linear","EasingDirection":"Out"},"Right Arm":{"Weight":1,"CFrame":[-0.06832355260848999,-0.08887606859207154,-0.01987510919570923,0.9947188496589661,-0.10120164602994919,0.017105408012866975,0.10064607858657837,0.9944483041763306,0.030706586316227914,-0.020118001848459245,-0.028822826221585275,0.9993820786476135],"EasingStyle":"Linear","EasingDirection":"Out"},"Left Arm":{"Weight":1,"CFrame":[0.019680172204971315,-0.08699613809585571,0.02482295036315918,0.9666810631752014,0.22462153434753419,-0.12277158349752426,-0.22498054802417756,0.9742999076843262,0.011112317442893982,0.12211240828037262,0.01687914878129959,0.9923727512359619],"EasingStyle":"Linear","EasingDirection":"Out"},"Right Leg":{"Weight":1,"CFrame":[-0.12074421346187592,-0.03773176670074463,0.030195116996765138,0.9876194000244141,0.09537845104932785,-0.12454289197921753,-0.08940570801496506,0.9945995807647705,0.052709221839904788,0.12889757752418519,-0.04092180356383324,0.9908131957054138],"EasingStyle":"Linear","EasingDirection":"Out"},"Torso":{"Weight":1,"CFrame":[-0.005395106039941311,0.0008241519681178033,0.07961797714233399,0.9997212290763855,0.02289832942187786,0.005759818479418755,-0.022858871147036554,0.9997153878211975,-0.006825804244726896,-0.005914478562772274,0.006692237686365843,0.9999601244926453],"EasingStyle":"Linear","EasingDirection":"Out"},"HumanoidRootPart":{"Weight":0,"CFrame":[0,0,0,1,0,0,0,1,0,0,0,1],"EasingStyle":"Linear","EasingDirection":"In"},"Head":{"Weight":1,"CFrame":[1.5087425708770753e-7,-2.7284841053187849e-10,-2.980232238769531e-7,0.9983491897583008,-0.05348716676235199,0.020928625017404558,0.05414885655045509,0.9980056881904602,-0.03244217857718468,-0.01915164664387703,0.03352188691496849,0.9992544651031494],"EasingStyle":"Linear","EasingDirection":"Out"}}},{"Time":0.08166666328907013,"poses":{"Left Leg":{"Weight":1,"CFrame":[-0.13584311306476594,0.03322732448577881,0.04239511489868164,0.9908303618431091,-0.014946125447750092,0.13428254425525666,0.0026886349078267814,0.9958470463752747,0.09100267291069031,-0.13508503139019013,-0.0898071750998497,0.9867556691169739],"EasingStyle":"Linear","EasingDirection":"Out"},"Right Arm":{"Weight":1,"CFrame":[-0.12676963210105897,-0.19354403018951417,-0.011372208595275879,0.9220260977745056,-0.36019331216812136,0.14187529683113099,0.3572779595851898,0.9328442811965942,0.04641168192028999,-0.14906470477581025,0.007896126247942448,0.9887959361076355],"EasingStyle":"Linear","EasingDirection":"Out"},"Left Arm":{"Weight":1,"CFrame":[0.014269662089645863,-0.11237511038780213,0.02934443950653076,0.9523625373840332,0.22908999025821687,-0.2013043463230133,-0.23865456879138947,0.9708012938499451,-0.024265769869089128,0.18986745178699494,0.0711519792675972,0.979228138923645],"EasingStyle":"Linear","EasingDirection":"Out"},"Right Leg":{"Weight":1,"CFrame":[-0.11905379593372345,-0.01400911808013916,0.028844475746154786,0.9851646423339844,0.11022049933671951,-0.13153709471225739,-0.104703888297081,0.9933364391326904,0.04816500470042229,0.1359693557024002,-0.03367801755666733,0.990140438079834],"EasingStyle":"Linear","EasingDirection":"Out"},"Torso":{"Weight":1,"CFrame":[-0.018260343000292779,0.0029934521298855545,0.12870216369628907,0.9997012615203857,0.02049901708960533,0.013312269002199173,-0.020580517128109933,0.9997701048851013,0.006014361511915922,-0.01318592019379139,-0.006286537740379572,0.999893307685852],"EasingStyle":"Linear","EasingDirection":"Out"},"HumanoidRootPart":{"Weight":0,"CFrame":[0,0,0,1,0,0,0,1,0,0,0,1],"EasingStyle":"Linear","EasingDirection":"In"},"Head":{"Weight":1,"CFrame":[1.5205296222120524e-7,3.055902197957039e-10,0,0.9964203834533691,-0.0750480368733406,0.038912367075681689,0.07673370838165283,0.9960889220237732,-0.043803922832012179,-0.03547278791666031,0.046633005142211917,0.9982820749282837],"EasingStyle":"Linear","EasingDirection":"Out"}}},{"Time":0.10208333283662796,"poses":{"Left Leg":{"Weight":1,"CFrame":[-0.18841737508773805,0.09943538904190064,0.031688809394836429,0.9929950833320618,-0.05579420551657677,0.1041526347398758,0.04375394061207771,0.9924586415290833,0.11450517177581787,-0.10975591093301773,-0.10914596915245056,0.9879477620124817],"EasingStyle":"Linear","EasingDirection":"Out"},"Right Arm":{"Weight":1,"CFrame":[-0.1941123604774475,-0.32319653034210207,-0.0009002089500427246,0.7035203576087952,-0.6596784591674805,0.2643546760082245,0.6560670137405396,0.7458515763282776,0.11524578928947449,-0.27319449186325076,0.09235663712024689,0.9575150012969971],"EasingStyle":"Linear","EasingDirection":"Out"},"Left Arm":{"Weight":1,"CFrame":[0.006467689760029316,-0.14373734593391419,0.03656280040740967,0.9290857911109924,0.22416184842586518,-0.29419559240341189,-0.2510247826576233,0.9663330316543579,-0.05645406246185303,0.27163609862327578,0.12630103528499604,0.9540764689445496],"EasingStyle":"Linear","EasingDirection":"Out"},"Right Leg":{"Weight":1,"CFrame":[-0.10781274735927582,0.03195232152938843,0.02847874164581299,0.9803553223609924,0.1303420513868332,-0.14803503453731538,-0.12452611327171326,0.9910575747489929,0.047938983887434009,0.1529596447944641,-0.028563009575009347,0.9878195524215698],"EasingStyle":"Linear","EasingDirection":"Out"},"Torso":{"Weight":1,"CFrame":[-0.03361562639474869,0.006053166929632425,0.1662588119506836,0.9996306896209717,0.01754774898290634,0.020748857408761979,-0.017946423962712289,0.9996548295021057,0.019186777994036676,-0.020405011251568795,-0.019552061334252359,0.9996005892753601],"EasingStyle":"Linear","EasingDirection":"Out"},"HumanoidRootPart":{"Weight":0,"CFrame":[0,0,0,1,0,0,0,1,0,0,0,1],"EasingStyle":"Linear","EasingDirection":"In"},"Head":{"Weight":1,"CFrame":[1.6530975699424744e-7,4.685716703534126e-9,-1.1920928955078126e-7,0.992850661277771,-0.10056981444358826,0.06429055333137512,0.10409734398126602,0.9930949211120606,-0.05409404635429382,-0.05840641260147095,0.06039978936314583,0.9964640140533447],"EasingStyle":"Linear","EasingDirection":"Out"}}},{"Time":0.12250000238418579,"poses":{"Left Leg":{"Weight":1,"CFrame":[-0.23897121846675874,0.15115565061569215,0.017183661460876466,0.9931935667991638,-0.09401028603315354,0.06876452267169953,0.0844050720334053,0.9877451658248901,0.1312832236289978,-0.08026379346847534,-0.12458556890487671,0.9889571070671082],"EasingStyle":"Linear","EasingDirection":"Out"},"Right Arm":{"Weight":1,"CFrame":[-0.24621862173080445,-0.4411933720111847,0.008513689041137696,0.3718908429145813,-0.8671227693557739,0.33135363459587099,0.8629851341247559,0.4544626474380493,0.220726877450943,-0.34198516607284548,0.2038670927286148,0.9173246026039124],"EasingStyle":"Linear","EasingDirection":"Out"},"Left Arm":{"Weight":1,"CFrame":[-0.0027311909943819048,-0.17213541269302369,0.0462183952331543,0.8954340219497681,0.21434296667575837,-0.3901987075805664,-0.26352187991142275,0.9616151452064514,-0.07650208473205567,0.358823299407959,0.17132845520973206,0.9175469279289246],"EasingStyle":"Linear","EasingDirection":"Out"},"Right Leg":{"Weight":1,"CFrame":[-0.10613939166069031,0.06813353300094605,0.02820563316345215,0.9724732041358948,0.15082000195980073,-0.1776210367679596,-0.14340445399284364,0.9881926774978638,0.053947579115629199,0.18366014957427979,-0.02699093148112297,0.9826191663742065],"EasingStyle":"Linear","EasingDirection":"Out"},"Torso":{"Weight":1,"CFrame":[-0.046480871737003329,0.009548560716211796,0.19246673583984376,0.9995165467262268,0.01495407521724701,0.02725892700254917,-0.015859510749578477,0.999319314956665,0.03330828994512558,-0.026742277666926385,-0.03372449800372124,0.999073326587677],"EasingStyle":"Linear","EasingDirection":"Out"},"HumanoidRootPart":{"Weight":0,"CFrame":[0,0,0,1,0,0,0,1,0,0,0,1],"EasingStyle":"Linear","EasingDirection":"In"},"Head":{"Weight":1,"CFrame":[1.3597309589385987e-7,1.507578417658806e-8,1.1920928955078126e-7,0.988444983959198,-0.12185493111610413,0.09015494585037232,0.12787878513336183,0.9897001385688782,-0.06434810161590576,-0.08138522505760193,0.07513346523046494,0.9938467741012573],"EasingStyle":"Linear","EasingDirection":"Out"}}},{"Time":0.14291666448116303,"poses":{"Left Leg":{"Weight":1,"CFrame":[-0.26306140422821047,0.15527349710464478,0.008497953414916993,0.9922847151756287,-0.11940625309944153,0.03336455300450325,0.11402140557765961,0.9845887422561646,0.13260532915592194,-0.048684265464544299,-0.12777797877788545,0.9906072020530701],"EasingStyle":"Linear","EasingDirection":"Out"},"Right Arm":{"Weight":1,"CFrame":[-0.2513931393623352,-0.510848343372345,0.013843059539794922,0.04943874105811119,-0.9425409436225891,0.330412358045578,0.9356802701950073,0.15942613780498506,0.31477877497673037,-0.34936827421188357,0.29359808564186098,0.8897988200187683],"EasingStyle":"Linear","EasingDirection":"Out"},"Left Arm":{"Weight":1,"CFrame":[-0.012332487851381302,-0.18862169981002809,0.058051347732543948,0.8531209826469421,0.20739015936851502,-0.47872108221054079,-0.27533015608787539,0.9583825469017029,-0.07547358423471451,0.4431454539299011,0.19619445502758027,0.8747169971466065],"EasingStyle":"Linear","EasingDirection":"Out"},"Right Leg":{"Weight":1,"CFrame":[-0.1395377814769745,0.07098156213760376,0.022848963737487794,0.9607376456260681,0.16426107287406922,-0.22361014783382417,-0.15258251130580903,0.9859026670455933,0.06866232305765152,0.23173631727695466,-0.03184746578335762,0.972257137298584],"EasingStyle":"Linear","EasingDirection":"Out"},"Torso":{"Weight":1,"CFrame":[-0.05187596008181572,0.013024899177253247,0.2075037956237793,0.9993929266929627,0.013643951155245304,0.032055892050266269,-0.015205370262265206,0.9986839294433594,0.04898148030042648,-0.03134540095925331,-0.04943916201591492,0.998285174369812],"EasingStyle":"Linear","EasingDirection":"Out"},"HumanoidRootPart":{"Weight":0,"CFrame":[0,0,0,1,0,0,0,1,0,0,0,1],"EasingStyle":"Linear","EasingDirection":"In"},"Head":{"Weight":1,"CFrame":[1.337612047791481e-7,-9.458744898438454e-9,-2.384185791015625e-7,0.9853035807609558,-0.1308480203151703,0.10979840159416199,0.13962121307849885,0.9872527718544006,-0.07640565931797028,-0.09840124100446701,0.09061294049024582,0.9910128712654114],"EasingStyle":"Linear","EasingDirection":"Out"}}},{"Time":0.16333332657814027,"poses":{"Left Leg":{"Weight":1,"CFrame":[-0.2498386949300766,0.11293256282806397,0.01996004581451416,0.9937856197357178,-0.1100509837269783,0.016701307147741319,0.10739442706108093,0.9874150156974793,0.11609511822462082,-0.029267501085996629,-0.11358004063367844,0.9930976629257202],"EasingStyle":"Linear","EasingDirection":"Out"},"Right Arm":{"Weight":1,"CFrame":[-0.19210213422775269,-0.5235824584960938,0.01559913158416748,-0.1940300464630127,-0.9360659718513489,0.2934839725494385,0.9213720560073853,-0.07118222117424011,0.3821081519126892,-0.33678755164146426,0.34454837441444399,0.8762764930725098],"EasingStyle":"Linear","EasingDirection":"Out"},"Left Arm":{"Weight":1,"CFrame":[-0.02155459113419056,-0.1946486234664917,0.07162415981292725,0.806535005569458,0.20785388350486756,-0.5534419417381287,-0.28714999556541445,0.9560415744781494,-0.05940922722220421,0.5167650580406189,0.20683643221855164,0.8307662606239319],"EasingStyle":"Linear","EasingDirection":"Out"},"Right Leg":{"Weight":1,"CFrame":[-0.2056628316640854,0.040188729763031009,0.014205694198608399,0.9310417175292969,0.179610013961792,-0.31765004992485049,-0.15705788135528565,0.9829649925231934,0.09546007215976715,0.329384446144104,-0.03898783028125763,0.9433906078338623],"EasingStyle":"Linear","EasingDirection":"Out"},"Torso":{"Weight":1,"CFrame":[-0.050176966935396197,0.01612563244998455,0.20845794677734376,0.9989619255065918,0.028179431334137918,0.03579047694802284,-0.030511807650327684,0.9973273277282715,0.0663868859410286,-0.033824075013399127,-0.06740999966859818,0.9971518516540527],"EasingStyle":"Linear","EasingDirection":"Out"},"HumanoidRootPart":{"Weight":0,"CFrame":[0,0,0,1,0,0,0,1,0,0,0,1],"EasingStyle":"Linear","EasingDirection":"In"},"Head":{"Weight":1,"CFrame":[1.4086253941059113e-7,-5.005858838558197e-9,3.5762786865234377e-7,0.9820495843887329,-0.1430390477180481,0.12295694649219513,0.15443545579910279,0.9840093851089478,-0.0887424573302269,-0.1082971915602684,0.10613841563463211,0.9884363412857056],"EasingStyle":"Linear","EasingDirection":"Out"}}},{"Time":0.1837500035762787,"poses":{"Left Leg":{"Weight":1,"CFrame":[-0.19705241918563844,0.0479353666305542,0.048836469650268558,0.9976786971092224,-0.060901056975126269,0.030468367040157319,0.05780869349837303,0.9939170479774475,0.09373947978019715,-0.035991840064525607,-0.09176056832075119,0.9951304197311401],"EasingStyle":"Linear","EasingDirection":"Out"},"Right Arm":{"Weight":1,"CFrame":[-0.08915720880031586,-0.49767598509788515,0.01650083065032959,-0.381021112203598,-0.8923764824867249,0.24184100329875947,0.863023042678833,-0.24943818151950837,0.43928560614585879,-0.3316837549209595,0.3760914206504822,0.8651826977729797],"EasingStyle":"Linear","EasingDirection":"Out"},"Left Arm":{"Weight":1,"CFrame":[-0.030467793345451356,-0.19817093014717103,0.08578824996948242,0.7589784264564514,0.2127057909965515,-0.6153925061225891,-0.3001205027103424,0.9530310034751892,-0.0407378226518631,0.5778230428695679,0.2156110554933548,0.7871673703193665],"EasingStyle":"Linear","EasingDirection":"Out"},"Right Leg":{"Weight":1,"CFrame":[-0.26542532444000246,-0.0006992816925048828,0.004591584205627441,0.8664788007736206,0.20893612504005433,-0.4533874988555908,-0.16456516087055207,0.9769839644432068,0.13572272658348084,0.4713096618652344,-0.04298907145857811,0.8809194564819336],"EasingStyle":"Linear","EasingDirection":"Out"},"Torso":{"Weight":1,"CFrame":[-0.0455658957362175,0.018886957317590715,0.1931171417236328,0.9968735575675964,0.0680922120809555,0.04008166491985321,-0.07129567116498947,0.9938420057296753,0.08482351154088974,-0.03405902162194252,-0.08741596341133118,0.9955894947052002],"EasingStyle":"Linear","EasingDirection":"Out"},"HumanoidRootPart":{"Weight":0,"CFrame":[0,0,0,1,0,0,0,1,0,0,0,1],"EasingStyle":"Linear","EasingDirection":"In"},"Head":{"Weight":1,"CFrame":[1.6670674085617066e-7,-8.527422323822975e-9,-5.960464477539063e-8,0.9753956198692322,-0.17510509490966798,0.13394607603549958,0.18876297771930695,0.977212131023407,-0.09708210080862045,-0.11389413475990296,0.11997751146554947,0.9862218499183655],"EasingStyle":"Linear","EasingDirection":"Out"}}},{"Time":0.20416666567325593,"poses":{"Left Leg":{"Weight":1,"CFrame":[-0.13618144392967225,-0.0292513370513916,0.08301520347595215,0.997562050819397,-0.00916921067982912,0.06917966157197952,0.003979826811701059,0.9971920251846314,0.07478092610836029,-0.06967106461524964,-0.07432330399751663,0.9947974681854248],"EasingStyle":"Linear","EasingDirection":"Out"},"Right Arm":{"Weight":1,"CFrame":[0.04500000923871994,-0.43438559770584109,0.016833066940307618,-0.5396096110343933,-0.8236544728279114,0.17439831793308259,0.7728935480117798,-0.40248605608940127,0.4905511438846588,-0.33385178446769717,0.39949750900268557,0.8537826538085938],"EasingStyle":"Linear","EasingDirection":"Out"},"Left Arm":{"Weight":1,"CFrame":[-0.03935523331165314,-0.19998890161514283,0.09921753406524658,0.7124814987182617,0.22024163603782655,-0.6662309169769287,-0.31275108456611636,0.9496129751205444,-0.02054096944630146,0.6281376481056213,0.22299951314926148,0.7454625964164734],"EasingStyle":"Linear","EasingDirection":"Out"},"Right Leg":{"Weight":1,"CFrame":[-0.2986043393611908,-0.03347277641296387,-0.004850804805755615,0.7795194983482361,0.24457038938999177,-0.5766582489013672,-0.16834771633148194,0.96855229139328,0.18320876359939576,0.6033310890197754,-0.045735716819763187,0.7961782813072205],"EasingStyle":"Linear","EasingDirection":"Out"},"Torso":{"Weight":1,"CFrame":[-0.0387716181576252,0.021443258970975877,0.16295385360717774,0.9909049868583679,0.12665538489818574,0.04545077309012413,-0.13077591359615327,0.9859920144081116,0.1035250574350357,-0.03170209378004074,-0.10852736234664917,0.993587851524353],"EasingStyle":"Linear","EasingDirection":"Out"},"HumanoidRootPart":{"Weight":0,"CFrame":[0,0,0,1,0,0,0,1,0,0,0,1],"EasingStyle":"Linear","EasingDirection":"In"},"Head":{"Weight":1,"CFrame":[1.6577541828155518e-7,-4.313187673687935e-8,-3.5762786865234377e-7,0.9648386836051941,-0.22077666223049165,0.142632395029068,0.23596687614917756,0.9665991067886353,-0.10002930462360382,-0.11578422039747238,0.13016864657402039,0.9847081303596497],"EasingStyle":"Linear","EasingDirection":"Out"}}},{"Time":0.22458332777023316,"poses":{"Left Leg":{"Weight":1,"CFrame":[-0.10539433360099793,-0.08223509788513184,0.11532485485076904,0.9919251203536987,0.005291917826980352,0.12671440839767457,-0.013535069301724434,0.9978400468826294,0.0642806738615036,-0.1261005401611328,-0.06547671556472779,0.9898542761802673],"EasingStyle":"Linear","EasingDirection":"Out"},"Right Arm":{"Weight":1,"CFrame":[0.19796448945999146,-0.33234256505966189,0.016880512237548829,-0.6854700446128845,-0.7228766083717346,0.0870642140507698,0.6445600986480713,-0.5468523502349854,0.5343171954154968,-0.3386341631412506,0.42237648367881777,0.8407883048057556],"EasingStyle":"Linear","EasingDirection":"Out"},"Left Arm":{"Weight":1,"CFrame":[-0.048500120639801028,-0.20090258121490479,0.11058580875396729,0.6684824228286743,0.22868013381958009,-0.7076982259750366,-0.3237437307834625,0.9461448192596436,-0.00007407366501865909,0.6695680022239685,0.2291623204946518,0.706514835357666],"EasingStyle":"Linear","EasingDirection":"Out"},"Right Leg":{"Weight":1,"CFrame":[-0.29276150465011599,-0.04227852821350098,-0.0016832947731018067,0.7109202146530151,0.27741527557373049,-0.646245539188385,-0.17037270963191987,0.9594758749008179,0.22445322573184968,0.682323694229126,-0.049465715885162356,0.7293747067451477],"EasingStyle":"Linear","EasingDirection":"Out"},"Torso":{"Weight":1,"CFrame":[-0.03052300587296486,0.023928916081786157,0.11974287033081055,0.9790664911270142,0.19675636291503907,0.052112676203250888,-0.20178113877773286,0.9718435406684876,0.12167364358901978,-0.026705296710133554,-0.12964193522930146,0.9912011623382568],"EasingStyle":"Linear","EasingDirection":"Out"},"HumanoidRootPart":{"Weight":0,"CFrame":[0,0,0,1,0,0,0,1,0,0,0,1],"EasingStyle":"Linear","EasingDirection":"In"},"Head":{"Weight":1,"CFrame":[1.601874828338623e-7,4.377216100692749e-8,-4.172325134277344e-7,0.9503396153450012,-0.27362963557243349,0.14826127886772157,0.28929275274276736,0.9523439407348633,-0.09669952839612961,-0.11473585665225983,0.13478828966617585,0.9842092394828796],"EasingStyle":"Linear","EasingDirection":"Out"}}},{"Time":0.24500000476837159,"poses":{"Left Leg":{"Weight":1,"CFrame":[-0.08838406205177307,-0.0663994550704956,0.13993525505065919,0.980073094367981,-0.028430599719285966,0.19659201800823213,0.015969207510352136,0.9977779984474182,0.06468410789966583,-0.19799424707889558,-0.060255736112594607,0.9783493876457214],"EasingStyle":"Linear","EasingDirection":"Out"},"Right Arm":{"Weight":1,"CFrame":[0.3553127944469452,-0.19326847791671754,0.015824437141418458,-0.8138614892959595,-0.5806003212928772,-0.023080239072442056,0.4727384150028229,-0.6847154498100281,0.5546917915344238,-0.3378576934337616,0.44053158164024355,0.8317357301712036],"EasingStyle":"Linear","EasingDirection":"Out"},"Left Arm":{"Weight":1,"CFrame":[-0.058185696601867679,-0.20171314477920533,0.11856698989868164,0.6279668211936951,0.23622214794158936,-0.7415233254432678,-0.33195650577545168,0.943096935749054,0.019315268844366075,0.7038909792900086,0.23402410745620728,0.6706490516662598],"EasingStyle":"Linear","EasingDirection":"Out"},"Right Leg":{"Weight":1,"CFrame":[-0.23224133253097535,-0.0038875341415405275,0.031699180603027347,0.7081700563430786,0.30325961112976076,-0.6375961899757385,-0.18667671084403993,0.9513434767723084,0.24514766037464143,0.6809162497520447,-0.054581888020038608,0.7303244471549988],"EasingStyle":"Linear","EasingDirection":"Out"},"Torso":{"Weight":1,"CFrame":[-0.021548941731452943,0.026478320360183717,0.06551218032836914,0.9607236385345459,0.2709628641605377,0.05991040915250778,-0.2768246531486511,0.9508913159370422,0.1384694129228592,-0.01944822631776333,-0.14961549639701844,0.988552987575531],"EasingStyle":"Linear","EasingDirection":"Out"},"HumanoidRootPart":{"Weight":0,"CFrame":[0,0,0,1,0,0,0,1,0,0,0,1],"EasingStyle":"Linear","EasingDirection":"In"},"Head":{"Weight":1,"CFrame":[1.5273690223693848e-7,-4.0046870708465579e-8,5.960464477539063e-7,0.933038055896759,-0.327180951833725,0.14964164793491364,0.3420025110244751,0.9357007741928101,-0.08659285306930542,-0.1116882860660553,0.13197222352027894,0.9849411249160767],"EasingStyle":"Linear","EasingDirection":"Out"}}},{"Time":0.2654166519641876,"poses":{"Left Leg":{"Weight":1,"CFrame":[-0.09420469403266907,-0.007060050964355469,0.15919625759124757,0.9585626125335693,-0.09653162211179733,0.26802879571914675,0.07924545556306839,0.9940594434738159,0.07460550218820572,-0.2736383080482483,-0.050273969769477847,0.9605178833007813],"EasingStyle":"Linear","EasingDirection":"Out"},"Right Arm":{"Weight":1,"CFrame":[0.494500994682312,-0.04025384783744812,0.013863444328308106,-0.900059700012207,-0.4119938910007477,-0.14196324348449708,0.27968302369117739,-0.7959856986999512,0.536827802658081,-0.33417055010795596,0.4434725046157837,0.8316624164581299],"EasingStyle":"Linear","EasingDirection":"Out"},"Left Arm":{"Weight":1,"CFrame":[-0.06869518756866455,-0.20322322845458985,0.1218346357345581,0.5915744304656982,0.241073340177536,-0.7693656086921692,-0.3363552987575531,0.9410377144813538,0.036237508058547977,0.7327378988265991,0.23734299838542939,0.6377800703048706],"EasingStyle":"Linear","EasingDirection":"Out"},"Right Leg":{"Weight":1,"CFrame":[-0.1439831256866455,0.05142676830291748,0.08094632625579834,0.7475864291191101,0.32092049717903139,-0.5814846754074097,-0.21419012546539308,0.94523024559021,0.24629740417003632,0.6286789178848267,-0.05958029627799988,0.7753793597221375],"EasingStyle":"Linear","EasingDirection":"Out"},"Torso":{"Weight":1,"CFrame":[-0.012578288093209267,0.02922585979104042,0.00247955322265625,0.9372237920761108,0.34197086095809939,0.06831910461187363,-0.34856224060058596,0.9246734976768494,0.1532425582408905,-0.010768381878733635,-0.16743601858615876,0.9858241081237793],"EasingStyle":"Linear","EasingDirection":"Out"},"HumanoidRootPart":{"Weight":0,"CFrame":[0,0,0,1,0,0,0,1,0,0,0,1],"EasingStyle":"Linear","EasingDirection":"In"},"Head":{"Weight":1,"CFrame":[1.601874828338623e-7,-3.166496753692627e-8,-1.1920928955078126e-7,0.9154801368713379,-0.37513720989227297,0.14549285173416139,0.38768377900123598,0.9191746115684509,-0.06942081451416016,-0.10769099742174149,0.11995860189199448,0.9869207739830017],"EasingStyle":"Linear","EasingDirection":"Out"}}},{"Time":0.28583332896232607,"poses":{"Left Leg":{"Weight":1,"CFrame":[-0.12272149324417114,0.05308908224105835,0.1757880449295044,0.9293698668479919,-0.1653212010860443,0.3300614058971405,0.14290925860404969,0.9855220317840576,0.09123193472623825,-0.34036535024642947,-0.037619397044181827,0.939540445804596],"EasingStyle":"Linear","EasingDirection":"Out"},"Right Arm":{"Weight":1,"CFrame":[0.5909547805786133,0.09802407026290894,0.012807369232177735,-0.9358677864074707,-0.2501072883605957,-0.24818895757198335,0.10290546715259552,-0.8676813840866089,0.48635318875312807,-0.33698949217796328,0.4296224117279053,0.8377725481987],"EasingStyle":"Linear","EasingDirection":"Out"},"Left Arm":{"Weight":1,"CFrame":[-0.08031165599822998,-0.20623192191123963,0.11906230449676514,0.5596632957458496,0.2414388209581375,-0.7927699685096741,-0.33595946431159975,0.9405862092971802,0.04928269609808922,0.7575673460960388,0.23875689506530763,0.6075253486633301],"EasingStyle":"Linear","EasingDirection":"Out"},"Right Leg":{"Weight":1,"CFrame":[-0.05512186884880066,0.11018764972686768,0.12485969066619873,0.7781808376312256,0.3373830318450928,-0.5297237038612366,-0.24145786464214326,0.9393477439880371,0.2435649186372757,0.579769492149353,-0.06163160502910614,0.8124462366104126],"EasingStyle":"Linear","EasingDirection":"Out"},"Torso":{"Weight":1,"CFrame":[-0.004339936655014753,0.03230590373277664,-0.06702470779418946,0.9119167923927307,0.403176873922348,0.07652582228183747,-0.4103708863258362,0.896766185760498,0.1655481457710266,-0.00188057916238904,-0.18237009644508363,0.9832281470298767],"EasingStyle":"Linear","EasingDirection":"Out"},"HumanoidRootPart":{"Weight":0,"CFrame":[0,0,0,1,0,0,0,1,0,0,0,1],"EasingStyle":"Linear","EasingDirection":"In"},"Head":{"Weight":1,"CFrame":[1.5087425708770753e-7,8.568167686462403e-8,3.5762786865234377e-7,0.9013305306434631,-0.4115900695323944,0.134895920753479,0.4205114543437958,0.9061797857284546,-0.044813625514507297,-0.1037951186299324,0.09711718559265137,0.989845871925354],"EasingStyle":"Linear","EasingDirection":"Out"}}},{"Time":0.3062500059604645,"poses":{"Left Leg":{"Weight":1,"CFrame":[-0.15483134984970094,0.11269944906234741,0.1894981861114502,0.8990545868873596,-0.2192833125591278,0.37896668910980227,0.19232799112796784,0.9753584861755371,0.10810047388076782,-0.39333298802375796,-0.024302303791046144,0.9190748333930969],"EasingStyle":"Linear","EasingDirection":"Out"},"Right Arm":{"Weight":1,"CFrame":[0.6446889638900757,0.19893991947174073,0.013299822807312012,-0.935875415802002,-0.12449715286493302,-0.32960230112075808,-0.026535892859101297,-0.9079268574714661,0.4182877242565155,-0.3513304591178894,0.40021148324012759,0.8464028239250183],"EasingStyle":"Linear","EasingDirection":"Out"},"Left Arm":{"Weight":1,"CFrame":[-0.0931694507598877,-0.21130597591400147,0.11052441596984863,0.532425045967102,0.23626995086669923,-0.8128345608711243,-0.3304010033607483,0.9420923590660095,0.057421743869781497,0.7793322801589966,0.23798853158950807,0.5796574354171753],"EasingStyle":"Linear","EasingDirection":"Out"},"Right Leg":{"Weight":1,"CFrame":[0.042773663997650149,0.16594719886779786,0.16835439205169679,0.7965874671936035,0.3579074442386627,-0.48718634247779848,-0.272617369890213,0.9319844841957092,0.23892413079738618,0.5395628809928894,-0.05750851705670357,0.8399789929389954],"EasingStyle":"Linear","EasingDirection":"Out"},"Torso":{"Weight":1,"CFrame":[0.002581453649327159,0.03579961508512497,-0.13948631286621095,0.8888593316078186,0.45068827271461489,0.08251781761646271,-0.45813626050949099,0.8717470765113831,0.1736900508403778,0.006345394998788834,-0.19219040870666505,0.9813371300697327],"EasingStyle":"Linear","EasingDirection":"Out"},"HumanoidRootPart":{"Weight":0,"CFrame":[0,0,0,1,0,0,0,1,0,0,0,1],"EasingStyle":"Linear","EasingDirection":"In"},"Head":{"Weight":1,"CFrame":[1.1734664440155029e-7,7.82310962677002e-8,1.1920928955078126e-7,0.8946965932846069,-0.43216472864151,0.11292299628257752,0.4363228976726532,0.8996833562850952,-0.013860851526260376,-0.0956047922372818,0.061672110110521319,0.9935070872306824],"EasingStyle":"Linear","EasingDirection":"Out"}}},{"Time":0.3266666531562805,"poses":{"Left Leg":{"Weight":1,"CFrame":[-0.17713400721549989,0.16827046871185304,0.20097923278808595,0.8729164004325867,-0.25245290994644167,0.4174739718437195,0.2225581556558609,0.9675396084785461,0.11972850561141968,-0.434148371219635,-0.011600714176893235,0.9007666707038879],"EasingStyle":"Linear","EasingDirection":"Out"},"Right Arm":{"Weight":1,"CFrame":[0.6763425469398499,0.2640981078147888,0.015044569969177246,-0.921389639377594,-0.03769289702177048,-0.3868078887462616,-0.10794956237077713,-0.9312995076179504,0.3478910028934479,-0.3733469843864441,0.3622989356517792,0.8540207743644714],"EasingStyle":"Linear","EasingDirection":"Out"},"Left Arm":{"Weight":1,"CFrame":[-0.10680580139160156,-0.21806976199150086,0.09812545776367188,0.5102527737617493,0.22757592797279359,-0.829367995262146,-0.32173049449920657,0.9448433518409729,0.061323486268520358,0.7975785732269287,0.23554249107837678,0.5553270578384399],"EasingStyle":"Linear","EasingDirection":"Out"},"Right Leg":{"Weight":1,"CFrame":[0.12443304061889649,0.22006064653396607,0.19514048099517823,0.8099580407142639,0.370048850774765,-0.45500755310058596,-0.2922881841659546,0.9272977113723755,0.23385168612003327,0.508463978767395,-0.05641672760248184,0.8592330813407898],"EasingStyle":"Linear","EasingDirection":"Out"},"Torso":{"Weight":1,"CFrame":[0.008178004063665867,0.03957521542906761,-0.20677518844604493,0.869645893573761,0.48628154397010805,0.0851249098777771,-0.4934881627559662,0.8515374660491943,0.17706891894340516,0.013618290424346924,-0.19599539041519166,0.9805102348327637],"EasingStyle":"Linear","EasingDirection":"Out"},"HumanoidRootPart":{"Weight":0,"CFrame":[0,0,0,1,0,0,0,1,0,0,0,1],"EasingStyle":"Linear","EasingDirection":"In"},"Head":{"Weight":1,"CFrame":[1.6763806343078614e-7,-1.862645149230957e-8,3.5762786865234377e-7,0.8958120942115784,-0.4374431371688843,0.07851234823465347,0.43742847442626955,0.8990669250488281,0.018302684649825097,-0.07859425991773606,0.0179477259516716,0.9967451095581055],"EasingStyle":"Linear","EasingDirection":"Out"}}},{"Time":0.34708333015441897,"poses":{"Left Leg":{"Weight":1,"CFrame":[-0.1861751675605774,0.2137773036956787,0.2073650360107422,0.8530615568161011,-0.2678118348121643,0.44784241914749148,0.23615016043186189,0.9634691476821899,0.12633420526981355,-0.4653160870075226,-0.0020127855241298677,0.8851422667503357],"EasingStyle":"Linear","EasingDirection":"Out"},"Right Arm":{"Weight":1,"CFrame":[0.6922780275344849,0.30115586519241335,0.01844322681427002,-0.905387282371521,0.016157744452357293,-0.4242790639400482,-0.1515393704175949,-0.9457592368125916,0.2873590886592865,-0.3966228663921356,0.32446637749671938,0.858726978302002],"EasingStyle":"Linear","EasingDirection":"Out"},"Left Arm":{"Weight":1,"CFrame":[-0.12060883641242981,-0.22591277956962586,0.08305716514587403,0.49367019534111025,0.21807143092155457,-0.841863751411438,-0.31251049041748049,0.9478708505630493,0.062274184077978137,0.8115583062171936,0.23234835267066956,0.5360852479934692],"EasingStyle":"Linear","EasingDirection":"Out"},"Right Leg":{"Weight":1,"CFrame":[0.17702022194862367,0.2681673765182495,0.20473980903625489,0.822380542755127,0.36989179253578188,-0.4322848320007324,-0.2968069911003113,0.9271508455276489,0.2286853790283203,0.48538222908973696,-0.05976121500134468,0.8722572922706604],"EasingStyle":"Linear","EasingDirection":"Out"},"Torso":{"Weight":1,"CFrame":[0.012586039490997792,0.04344767704606056,-0.2596092224121094,0.8546257019042969,0.5122645497322083,0.08485224097967148,-0.5188723206520081,0.8363461494445801,0.1769087165594101,0.019658230245113374,-0.19521820545196534,0.9805628061294556],"EasingStyle":"Linear","EasingDirection":"Out"},"HumanoidRootPart":{"Weight":0,"CFrame":[0,0,0,1,0,0,0,1,0,0,0,1],"EasingStyle":"Linear","EasingDirection":"In"},"Head":{"Weight":1,"CFrame":[1.3783574104309083e-7,4.0978193283081057e-8,-4.172325134277344e-7,0.9023373126983643,-0.42941561341285708,0.03727661073207855,0.42765143513679507,0.9027169346809387,0.04707849398255348,-0.053866464644670489,-0.026539290323853494,0.9981954097747803],"EasingStyle":"Linear","EasingDirection":"Out"}}},{"Time":0.3675000071525574,"poses":{"Left Leg":{"Weight":1,"CFrame":[-0.18381467461585999,0.2424982786178589,0.20949649810791017,0.8393790125846863,-0.27016496658325198,0.47165006399154665,0.23782946169376374,0.9628034234046936,0.12824490666389466,-0.4887534976005554,0.004526190459728241,0.8724101185798645],"EasingStyle":"Linear","EasingDirection":"Out"},"Right Arm":{"Weight":1,"CFrame":[0.6988587975502014,0.31777453422546389,0.023897647857666017,-0.8941271901130676,0.04364814981818199,-0.44568076729774477,-0.16911642253398896,-0.9544519186019898,0.24580714106559754,-0.41465193033218386,0.2951548099517822,0.860783040523529],"EasingStyle":"Linear","EasingDirection":"Out"},"Left Arm":{"Weight":1,"CFrame":[-0.13396668434143067,-0.2342243492603302,0.06659603118896485,0.48327866196632388,0.21042123436927796,-0.8498027324676514,-0.30521160364151,0.9502817392349243,0.06172871217131615,0.8205410242080689,0.22953754663467408,0.523473858833313],"EasingStyle":"Linear","EasingDirection":"Out"},"Right Leg":{"Weight":1,"CFrame":[0.20404556393623353,0.30174195766448977,0.20576214790344239,0.8339025378227234,0.36084142327308657,-0.417612224817276,-0.29091835021972659,0.9303961992263794,0.22300107777118684,0.46901291608810427,-0.06447010487318039,0.8808351755142212],"EasingStyle":"Linear","EasingDirection":"Out"},"Torso":{"Weight":1,"CFrame":[0.015941886231303216,0.04723198711872101,-0.29131460189819338,0.8436557054519653,0.5305269360542297,0.08237835764884949,-0.536328911781311,0.8258233070373535,0.17426210641860963,0.02442076802253723,-0.19119910895824433,0.9812474250793457],"EasingStyle":"Linear","EasingDirection":"Out"},"HumanoidRootPart":{"Weight":0,"CFrame":[0,0,0,1,0,0,0,1,0,0,0,1],"EasingStyle":"Linear","EasingDirection":"In"},"Head":{"Weight":1,"CFrame":[1.4901161193847657e-7,-1.862645149230957e-8,1.1920928955078126e-7,0.9117722511291504,-0.4106605052947998,-0.005418429151177406,0.4100445508956909,0.9095032215118408,0.06831789016723633,-0.023127347230911256,-0.06451215595006943,0.9976488947868347],"EasingStyle":"Linear","EasingDirection":"Out"}}},{"Time":0.3879166543483734,"poses":{"Left Leg":{"Weight":1,"CFrame":[-0.1757325828075409,0.2564123868942261,0.20973706245422364,0.8306490182876587,-0.2646774351596832,0.48986536264419558,0.23275966942310334,0.9642941951751709,0.1263313591480255,-0.5058113932609558,0.009083855897188187,0.8625962734222412],"EasingStyle":"Linear","EasingDirection":"Out"},"Right Arm":{"Weight":