{"Sequence":[{"Time":0,"poses":{"Left Leg":{"Weight":1,"CFrame":[-0.502619206905365,0.17247837781906129,-0.020935535430908204,0.9834813475608826,-0.18047523498535157,-0.013897325843572617,0.18098077178001405,0.9790552854537964,0.09325692057609558,-0.003224390558898449,-0.09423162788152695,0.9955450892448425],"EasingStyle":"Constant","EasingDirection":"In"},"Right Leg":{"Weight":1,"CFrame":[0.8373238444328308,0.10098528861999512,-0.05537688732147217,0.779166579246521,0.6243102550506592,0.056000884622335437,-0.6258001923561096,0.7697054147720337,0.1262052208185196,0.03568713366985321,-0.13338032364845277,0.990422248840332],"EasingStyle":"Constant","EasingDirection":"In"},"Left Arm":{"Weight":1,"CFrame":[-0.038870856165885928,-0.3573649823665619,0.1378546953201294,-0.15732857584953309,0.7917987704277039,0.5901715755462647,-0.9508899450302124,-0.2827724516391754,0.12588997185230256,0.2665637731552124,-0.5413821339607239,0.7974016070365906],"EasingStyle":"Constant","EasingDirection":"In"},"Right Arm":{"Weight":1,"CFrame":[-0.0031862035393714906,-0.28163135051727297,0.11494088172912598,-0.25441452860832217,-0.37299999594688418,-0.8922691345214844,0.8775328397750855,-0.4768083095550537,-0.050890013575553897,-0.4064594507217407,-0.7959427237510681,0.44862687587738039],"EasingStyle":"Constant","EasingDirection":"In"},"Torso":{"Weight":1,"CFrame":[0.14398205280303956,-0.03983353078365326,-0.13005399703979493,0.9877992868423462,-0.14679522812366486,0.05199936777353287,0.149375781416893,0.987525999546051,-0.04979194700717926,-0.04404151439666748,0.05695188790559769,0.9974050521850586],"EasingStyle":"Constant","EasingDirection":"In"},"HumanoidRootPart":{"Weight":0,"CFrame":[0,0,0,1,0,0,0,1,0,0,0,1],"EasingStyle":"Linear","EasingDirection":"In"},"Head":{"Weight":1,"CFrame":[8.847564458847046e-8,1.30385160446167e-8,1.1920928955078126e-7,0.9933498501777649,0.10865741968154907,-0.03807396814227104,-0.10772323608398438,0.9938464164733887,0.025789842009544374,0.04064192995429039,-0.02151688188314438,0.9989420771598816],"EasingStyle":"Constant","EasingDirection":"In"}}},{"Time":0.03333333507180214,"poses":{"Left Leg":{"Weight":1,"CFrame":[-0.502619206905365,0.17247837781906129,-0.020935535430908204,0.9834813475608826,-0.18047523498535157,-0.013897325843572617,0.18098077178001405,0.9790552854537964,0.09325692057609558,-0.003224390558898449,-0.09423162788152695,0.9955450892448425],"EasingStyle":"Constant","EasingDirection":"In"},"Right Leg":{"Weight":1,"CFrame":[0.8373238444328308,0.10098528861999512,-0.05537688732147217,0.779166579246521,0.6243102550506592,0.056000884622335437,-0.6258001923561096,0.7697054147720337,0.1262052208185196,0.03568713366985321,-0.13338032364845277,0.990422248840332],"EasingStyle":"Constant","EasingDirection":"In"},"Left Arm":{"Weight":1,"CFrame":[-0.038870856165885928,-0.3573649823665619,0.1378546953201294,-0.15732857584953309,0.7917987704277039,0.5901715755462647,-0.9508899450302124,-0.2827724516391754,0.12588997185230256,0.2665637731552124,-0.5413821339607239,0.7974016070365906],"EasingStyle":"Constant","EasingDirection":"In"},"Right Arm":{"Weight":1,"CFrame":[-0.0031862035393714906,-0.28163135051727297,0.11494088172912598,-0.25441452860832217,-0.37299999594688418,-0.8922691345214844,0.8775328397750855,-0.4768083095550537,-0.050890013575553897,-0.4064594507217407,-0.7959427237510681,0.44862687587738039],"EasingStyle":"Constant","EasingDirection":"In"},"Torso":{"Weight":1,"CFrame":[0.14398205280303956,-0.03983353078365326,-0.13005399703979493,0.9877992868423462,-0.14679522812366486,0.05199936777353287,0.149375781416893,0.987525999546051,-0.04979194700717926,-0.04404151439666748,0.05695188790559769,0.9974050521850586],"EasingStyle":"Constant","EasingDirection":"In"},"HumanoidRootPart":{"Weight":0,"CFrame":[0,0,0,1,0,0,0,1,0,0,0,1],"EasingStyle":"Linear","EasingDirection":"In"},"Head":{"Weight":1,"CFrame":[8.847564458847046e-8,1.30385160446167e-8,1.1920928955078126e-7,0.9933498501777649,0.10865741968154907,-0.03807396814227104,-0.10772323608398438,0.9938464164733887,0.025789842009544374,0.04064192995429039,-0.02151688188314438,0.9989420771598816],"EasingStyle":"Constant","EasingDirection":"In"}}},{"Time":0.06666667014360428,"poses":{"Left Leg":{"Weight":1,"CFrame":[-0.5708575248718262,0.1644567847251892,-0.01918560266494751,0.9734777808189392,-0.22728440165519715,-0.026133006438612939,0.2279876321554184,0.973258376121521,0.02810332179069519,0.019046667963266374,-0.0333159938454628,0.9992634057998657],"EasingStyle":"Constant","EasingDirection":"In"},"Right Leg":{"Weight":1,"CFrame":[0.8635357022285461,0.13854557275772096,-0.06093209981918335,0.7563295960426331,0.6523677110671997,0.04880429431796074,-0.6462714672088623,0.7335187196731567,0.21043729782104493,0.10148366540670395,-0.1907007396221161,0.9763884544372559],"EasingStyle":"Constant","EasingDirection":"In"},"Left Arm":{"Weight":1,"CFrame":[-0.042481645941734317,-0.39424264430999758,0.14943313598632813,-0.15195582807064057,0.7945725321769714,0.5878468751907349,-0.9618767499923706,-0.25570744276046755,0.09699004888534546,0.2273823767900467,-0.5506979823112488,0.803136944770813],"EasingStyle":"Constant","EasingDirection":"In"},"Right Arm":{"Weight":1,"CFrame":[-0.0031862035393714906,-0.2816319465637207,0.11494088172912598,-0.2657538056373596,-0.37100696563720705,-0.8897914886474609,0.9022008776664734,-0.4209626615047455,-0.0939357653260231,-0.33971816301345827,-0.8277343511581421,0.44659534096717837],"EasingStyle":"Constant","EasingDirection":"In"},"Torso":{"Weight":1,"CFrame":[0.2055130898952484,-0.03983352333307266,-0.17746973037719727,0.9883897304534912,-0.1477116495370865,0.03559577465057373,0.1493757665157318,0.9875261187553406,-0.04979195445775986,-0.027796899899840356,0.054530996829271319,0.9981251955032349],"EasingStyle":"Constant","EasingDirection":"In"},"HumanoidRootPart":{"Weight":0,"CFrame":[0,0,0,1,0,0,0,1,0,0,0,1],"EasingStyle":"Linear","EasingDirection":"In"},"Head":{"Weight":1,"CFrame":[9.313225746154785e-8,1.1175870895385743e-8,-2.384185791015625e-7,0.993655800819397,0.10895060747861862,-0.027891360223293306,-0.10828778147697449,0.9938234090805054,0.02426847629249096,0.03036314621567726,-0.021094216033816339,0.9993163347244263],"EasingStyle":"Constant","EasingDirection":"In"}}},{"Time":0.10000000149011612,"poses":{"Left Leg":{"Weight":1,"CFrame":[-0.5708575248718262,0.1644567847251892,-0.01918560266494751,0.9734777808189392,-0.22728440165519715,-0.026133006438612939,0.2279876321554184,0.973258376121521,0.02810332179069519,0.019046667963266374,-0.0333159938454628,0.9992634057998657],"EasingStyle":"Constant","EasingDirection":"In"},"Right Leg":{"Weight":1,"CFrame":[0.8635357022285461,0.13854557275772096,-0.06093209981918335,0.7563295960426331,0.6523677110671997,0.04880429431796074,-0.6462714672088623,0.7335187196731567,0.21043729782104493,0.10148366540670395,-0.1907007396221161,0.9763884544372559],"EasingStyle":"Constant","EasingDirection":"In"},"Left Arm":{"Weight":1,"CFrame":[-0.042481645941734317,-0.39424264430999758,0.14943313598632813,-0.15195582807064057,0.7945725321769714,0.5878468751907349,-0.9618767499923706,-0.25570744276046755,0.09699004888534546,0.2273823767900467,-0.5506979823112488,0.803136944770813],"EasingStyle":"Constant","EasingDirection":"In"},"Right Arm":{"Weight":1,"CFrame":[-0.0031862035393714906,-0.2816319465637207,0.11494088172912598,-0.2657538056373596,-0.37100696563720705,-0.8897914886474609,0.9022008776664734,-0.4209626615047455,-0.0939357653260231,-0.33971816301345827,-0.8277343511581421,0.44659534096717837],"EasingStyle":"Constant","EasingDirection":"In"},"Torso":{"Weight":1,"CFrame":[0.2055130898952484,-0.03983352333307266,-0.17746973037719727,0.9883897304534912,-0.1477116495370865,0.03559577465057373,0.1493757665157318,0.9875261187553406,-0.04979195445775986,-0.027796899899840356,0.054530996829271319,0.9981251955032349],"EasingStyle":"Constant","EasingDirection":"In"},"HumanoidRootPart":{"Weight":0,"CFrame":[0,0,0,1,0,0,0,1,0,0,0,1],"EasingStyle":"Linear","EasingDirection":"In"},"Head":{"Weight":1,"CFrame":[9.313225746154785e-8,1.1175870895385743e-8,-2.384185791015625e-7,0.993655800819397,0.10895060747861862,-0.027891360223293306,-0.10828778147697449,0.9938234090805054,0.02426847629249096,0.03036314621567726,-0.021094216033816339,0.9993163347244263],"EasingStyle":"Constant","EasingDirection":"In"}}},{"Time":0.13333334028720857,"poses":{"Left Leg":{"Weight":1,"CFrame":[-0.5708575248718262,0.1644567847251892,-0.01918560266494751,0.9734777808189392,-0.22728440165519715,-0.026133006438612939,0.2279876321554184,0.973258376121521,0.02810332179069519,0.019046667963266374,-0.0333159938454628,0.9992634057998657],"EasingStyle":"Constant","EasingDirection":"In"},"Right Leg":{"Weight":1,"CFrame":[0.8635357022285461,0.13854557275772096,-0.06093209981918335,0.7563295960426331,0.6523677110671997,0.04880429431796074,-0.6462714672088623,0.7335187196731567,0.21043729782104493,0.10148366540670395,-0.1907007396221161,0.9763884544372559],"EasingStyle":"Constant","EasingDirection":"In"},"Left Arm":{"Weight":1,"CFrame":[-0.042481645941734317,-0.39424264430999758,0.14943313598632813,-0.15195582807064057,0.7945725321769714,0.5878468751907349,-0.9618767499923706,-0.25570744276046755,0.09699004888534546,0.2273823767900467,-0.5506979823112488,0.803136944770813],"EasingStyle":"Constant","EasingDirection":"In"},"Right Arm":{"Weight":1,"CFrame":[-0.0031862035393714906,-0.2816319465637207,0.11494088172912598,-0.2657538056373596,-0.37100696563720705,-0.8897914886474609,0.9022008776664734,-0.4209626615047455,-0.0939357653260231,-0.33971816301345827,-0.8277343511581421,0.44659534096717837],"EasingStyle":"Constant","EasingDirection":"In"},"Torso":{"Weight":1,"CFrame":[0.2055130898952484,-0.03983352333307266,-0.17746973037719727,0.9883897304534912,-0.1477116495370865,0.03559577465057373,0.1493757665157318,0.9875261187553406,-0.04979195445775986,-0.027796899899840356,0.054530996829271319,0.9981251955032349],"EasingStyle":"Constant","EasingDirection":"In"},"HumanoidRootPart":{"Weight":0,"CFrame":[0,0,0,1,0,0,0,1,0,0,0,1],"EasingStyle":"Linear","EasingDirection":"In"},"Head":{"Weight":1,"CFrame":[9.313225746154785e-8,1.1175870895385743e-8,-2.384185791015625e-7,0.993655800819397,0.10895060747861862,-0.027891360223293306,-0.10828778147697449,0.9938234090805054,0.02426847629249096,0.03036314621567726,-0.021094216033816339,0.9993163347244263],"EasingStyle":"Constant","EasingDirection":"In"}}},{"Time":0.1666666716337204,"poses":{"Left Leg":{"Weight":1,"CFrame":[-0.7247925400733948,0.2670655846595764,-0.034019649028778079,0.9470756649971008,-0.3191972076892853,-0.034072309732437137,0.32036179304122927,0.9465673565864563,0.03713049739599228,0.020399749279022218,-0.04608084261417389,0.9987294673919678],"EasingStyle":"Constant","EasingDirection":"In"},"Right Leg":{"Weight":1,"CFrame":[0.9964019060134888,0.22471201419830323,-0.10883885622024536,0.6681389808654785,0.7417566776275635,0.05820043385028839,-0.7158113718032837,0.619482696056366,0.32226604223251345,0.202988862991333,-0.2569790780544281,0.9448584318161011],"EasingStyle":"Constant","EasingDirection":"In"},"Left Arm":{"Weight":1,"CFrame":[-0.055874429643154147,-0.6946603059768677,0.1378340721130371,-0.20860859751701356,0.7473223209381104,0.6308660507202148,-0.690837025642395,-0.5691946148872376,0.44582730531692507,0.6922620534896851,-0.3428221046924591,0.6350166201591492],"EasingStyle":"Constant","EasingDirection":"In"},"Right Arm":{"Weight":1,"CFrame":[0.0030041709542274477,-0.5314911007881165,0.1573023796081543,-0.24079956114292146,-0.3763885498046875,-0.8946212530136108,0.8410980105400086,-0.5408816337585449,0.0011688692029565573,-0.48432400822639468,-0.7521826028823853,0.44682377576828005],"EasingStyle":"Constant","EasingDirection":"In"},"Torso":{"Weight":1,"CFrame":[0.33114123344421389,-0.03983350098133087,-0.29772067070007326,0.9851799607276917,-0.14434948563575746,0.09264803677797318,0.14937575161457063,0.987525999546051,-0.04979195073246956,-0.08430489897727967,0.06289339065551758,0.9944532513618469],"EasingStyle":"Constant","EasingDirection":"In"},"HumanoidRootPart":{"Weight":0,"CFrame":[0,0,0,1,0,0,0,1,0,0,0,1],"EasingStyle":"Linear","EasingDirection":"In"},"Head":{"Weight":1,"CFrame":[6.51925802230835e-8,7.450580596923828e-9,-1.1920928955078126e-7,0.9892566204071045,0.10697460174560547,-0.09963924437761307,-0.10397160798311234,0.9939687252044678,0.03487398475408554,0.1027689278125763,-0.024139663204550744,0.994412362575531],"EasingStyle":"Constant","EasingDirection":"In"}}},{"Time":0.20000000298023225,"poses":{"Left Leg":{"Weight":1,"CFrame":[-0.7247925400733948,0.2670655846595764,-0.034019649028778079,0.9470756649971008,-0.3191972076892853,-0.034072309732437137,0.32036179304122927,0.9465673565864563,0.03713049739599228,0.020399749279022218,-0.04608084261417389,0.9987294673919678],"EasingStyle":"Constant","EasingDirection":"In"},"Right Leg":{"Weight":1,"CFrame":[0.9964019060134888,0.22471201419830323,-0.10883885622024536,0.6681389808654785,0.7417566776275635,0.05820043385028839,-0.7158113718032837,0.619482696056366,0.32226604223251345,0.202988862991333,-0.2569790780544281,0.9448584318161011],"EasingStyle":"Constant","EasingDirection":"In"},"Left Arm":{"Weight":1,"CFrame":[-0.055874429643154147,-0.6946603059768677,0.1378340721130371,-0.20860859751701356,0.7473223209381104,0.6308660507202148,-0.690837025642395,-0.5691946148872376,0.44582730531692507,0.6922620534896851,-0.3428221046924591,0.6350166201591492],"EasingStyle":"Constant","EasingDirection":"In"},"Right Arm":{"Weight":1,"CFrame":[0.0030041709542274477,-0.5314911007881165,0.1573023796081543,-0.24079956114292146,-0.3763885498046875,-0.8946212530136108,0.8410980105400086,-0.5408816337585449,0.0011688692029565573,-0.48432400822639468,-0.7521826028823853,0.44682377576828005],"EasingStyle":"Constant","EasingDirection":"In"},"Torso":{"Weight":1,"CFrame":[0.33114123344421389,-0.03983350098133087,-0.29772067070007326,0.9851799607276917,-0.14434948563575746,0.09264803677797318,0.14937575161457063,0.987525999546051,-0.04979195073246956,-0.08430489897727967,0.06289339065551758,0.9944532513618469],"EasingStyle":"Constant","EasingDirection":"In"},"HumanoidRootPart":{"Weight":0,"CFrame":[0,0,0,1,0,0,0,1,0,0,0,1],"EasingStyle":"Linear","EasingDirection":"In"},"Head":{"Weight":1,"CFrame":[6.51925802230835e-8,7.450580596923828e-9,-1.1920928955078126e-7,0.9892566204071045,0.10697460174560547,-0.09963924437761307,-0.10397160798311234,0.9939687252044678,0.03487398475408554,0.1027689278125763,-0.024139663204550744,0.994412362575531],"EasingStyle":"Constant","EasingDirection":"In"}}},{"Time":0.23333333432674409,"poses":{"Left Leg":{"Weight":1,"CFrame":[-0.7247925400733948,0.2670655846595764,-0.034019649028778079,0.9470756649971008,-0.3191972076892853,-0.034072309732437137,0.32036179304122927,0.9465673565864563,0.03713049739599228,0.020399749279022218,-0.04608084261417389,0.9987294673919678],"EasingStyle":"Constant","EasingDirection":"In"},"Right Leg":{"Weight":1,"CFrame":[0.9964019060134888,0.22471201419830323,-0.10883885622024536,0.6681389808654785,0.7417566776275635,0.05820043385028839,-0.7158113718032837,0.619482696056366,0.32226604223251345,0.202988862991333,-0.2569790780544281,0.9448584318161011],"EasingStyle":"Constant","EasingDirection":"In"},"Left Arm":{"Weight":1,"CFrame":[-0.055874429643154147,-0.6946603059768677,0.1378340721130371,-0.20860859751701356,0.7473223209381104,0.6308660507202148,-0.690837025642395,-0.5691946148872376,0.44582730531692507,0.6922620534896851,-0.3428221046924591,0.6350166201591492],"EasingStyle":"Constant","EasingDirection":"In"},"Right Arm":{"Weight":1,"CFrame":[0.0030041709542274477,-0.5314911007881165,0.1573023796081543,-0.24079956114292146,-0.3763885498046875,-0.8946212530136108,0.8410980105400086,-0.5408816337585449,0.0011688692029565573,-0.48432400822639468,-0.7521826028823853,0.44682377576828005],"EasingStyle":"Constant","EasingDirection":"In"},"Torso":{"Weight":1,"CFrame":[0.33114123344421389,-0.03983350098133087,-0.29772067070007326,0.9851799607276917,-0.14434948563575746,0.09264803677797318,0.14937575161457063,0.987525999546051,-0.04979195073246956,-0.08430489897727967,0.06289339065551758,0.9944532513618469],"EasingStyle":"Constant","EasingDirection":"In"},"HumanoidRootPart":{"Weight":0,"CFrame":[0,0,0,1,0,0,0,1,0,0,0,1],"EasingStyle":"Linear","EasingDirection":"In"},"Head":{"Weight":1,"CFrame":[6.51925802230835e-8,7.450580596923828e-9,-1.1920928955078126e-7,0.9892566204071045,0.10697460174560547,-0.09963924437761307,-0.10397160798311234,0.9939687252044678,0.03487398475408554,0.1027689278125763,-0.024139663204550744,0.994412362575531],"EasingStyle":"Constant","EasingDirection":"In"}}},{"Time":0.2666666805744171,"poses":{"Left Leg":{"Weight":1,"CFrame":[-0.6768220663070679,0.22909647226333619,-0.025801241397857667,0.9561057090759277,-0.29167115688323977,-0.02810460515320301,0.29248738288879397,0.9557526707649231,0.03143256530165672,0.0176930520683527,-0.03827309608459473,0.9991106986999512],"EasingStyle":"Constant","EasingDirection":"In"},"Right Leg":{"Weight":1,"CFrame":[1.0386741161346436,0.25120967626571658,-0.13380300998687745,0.6389280557632446,0.7662581205368042,0.06796693801879883,-0.7358564138412476,0.5830329656600952,0.34436604380607607,0.2242463231086731,-0.27003899216651919,0.9363720417022705],"EasingStyle":"Constant","EasingDirection":"In"},"Left Arm":{"Weight":1,"CFrame":[-0.05350097268819809,-0.5507421493530273,0.20581376552581788,-0.06774737685918808,0.6205809116363525,0.7812103629112244,-0.8700734376907349,-0.4199292063713074,0.25813138484954836,0.48824429512023928,-0.6622227430343628,0.5684001445770264],"EasingStyle":"Constant","EasingDirection":"In"},"Right Arm":{"Weight":1,"CFrame":[0.006339438259601593,-0.5899975895881653,0.1547553539276123,-0.218033567070961,-0.38458895683288576,-0.8969686627388,0.7628231644630432,-0.6404294967651367,0.08916835486888886,-0.608738362789154,-0.664786696434021,0.43300843238830569],"EasingStyle":"Constant","EasingDirection":"In"},"Torso":{"Weight":1,"CFrame":[0.23946425318717957,-0.039833493530750278,-0.263338565826416,0.9878267645835877,-0.1468309611082077,0.05137259140610695,0.14937575161457063,0.987525999546051,-0.04979193955659866,-0.04342077672481537,0.05685962364077568,0.9974375367164612],"EasingStyle":"Constant","EasingDirection":"In"},"HumanoidRootPart":{"Weight":0,"CFrame":[0,0,0,1,0,0,0,1,0,0,0,1],"EasingStyle":"Linear","EasingDirection":"In"},"Head":{"Weight":1,"CFrame":[5.3085386753082278e-8,-1.1175870895385743e-8,-2.384185791015625e-7,0.9933652281761169,0.10866992175579071,-0.03763725608587265,-0.10774778574705124,0.9938454627990723,0.025724753737449647,0.04020112380385399,-0.02149874158203602,0.9989603161811829],"EasingStyle":"Constant","EasingDirection":"In"}}},{"Time":0.30000001192092898,"poses":{"Left Leg":{"Weight":1,"CFrame":[-0.6768220663070679,0.22909647226333619,-0.025801241397857667,0.9561057090759277,-0.29167115688323977,-0.02810460515320301,0.29248738288879397,0.9557526707649231,0.03143256530165672,0.0176930520683527,-0.03827309608459473,0.9991106986999512],"EasingStyle":"Constant","EasingDirection":"In"},"Right Leg":{"Weight":1,"CFrame":[1.0386741161346436,0.25120967626571658,-0.13380300998687745,0.6389280557632446,0.7662581205368042,0.06796693801879883,-0.7358564138412476,0.5830329656600952,0.34436604380607607,0.2242463231086731,-0.27003899216651919,0.9363720417022705],"EasingStyle":"Constant","EasingDirection":"In"},"Left Arm":{"Weight":1,"CFrame":[-0.05350097268819809,-0.5507421493530273,0.20581376552581788,-0.06774737685918808,0.6205809116363525,0.7812103629112244,-0.8700734376907349,-0.4199292063713074,0.25813138484954836,0.48824429512023928,-0.6622227430343628,0.5684001445770264],"EasingStyle":"Constant","EasingDirection":"In"},"Right Arm":{"Weight":1,"CFrame":[0.006339438259601593,-0.5899975895881653,0.1547553539276123,-0.218033567070961,-0.38458895683288576,-0.8969686627388,0.7628231644630432,-0.6404294967651367,0.08916835486888886,-0.608738362789154,-0.664786696434021,0.43300843238830569],"EasingStyle":"Constant","EasingDirection":"In"},"Torso":{"Weight":1,"CFrame":[0.23946425318717957,-0.039833493530750278,-0.263338565826416,0.9878267645835877,-0.1468309611082077,0.05137259140610695,0.14937575161457063,0.987525999546051,-0.04979193955659866,-0.04342077672481537,0.05685962364077568,0.9974375367164612],"EasingStyle":"Constant","EasingDirection":"In"},"HumanoidRootPart":{"Weight":0,"CFrame":[0,0,0,1,0,0,0,1,0,0,0,1],"EasingStyle":"Linear","EasingDirection":"In"},"Head":{"Weight":1,"CFrame":[5.3085386753082278e-8,-1.1175870895385743e-8,-2.384185791015625e-7,0.9933652281761169,0.10866992175579071,-0.03763725608587265,-0.10774778574705124,0.9938454627990723,0.025724753737449647,0.04020112380385399,-0.02149874158203602,0.9989603161811829],"EasingStyle":"Constant","EasingDirection":"In"}}},{"Time":0.3333333432674408,"poses":{"Left Leg":{"Weight":1,"CFrame":[-0.6768220663070679,0.22909647226333619,-0.025801241397857667,0.9561057090759277,-0.29167115688323977,-0.02810460515320301,0.29248738288879397,0.9557526707649231,0.03143256530165672,0.0176930520683527,-0.03827309608459473,0.9991106986999512],"EasingStyle":"Constant","EasingDirection":"In"},"Right Leg":{"Weight":1,"CFrame":[1.0386741161346436,0.25120967626571658,-0.13380300998687745,0.6389280557632446,0.7662581205368042,0.06796693801879883,-0.7358564138412476,0.5830329656600952,0.34436604380607607,0.2242463231086731,-0.27003899216651919,0.9363720417022705],"EasingStyle":"Constant","EasingDirection":"In"},"Left Arm":{"Weight":1,"CFrame":[-0.05350097268819809,-0.5507421493530273,0.20581376552581788,-0.06774737685918808,0.6205809116363525,0.7812103629112244,-0.8700734376907349,-0.4199292063713074,0.25813138484954836,0.48824429512023928,-0.6622227430343628,0.5684001445770264],"EasingStyle":"Constant","EasingDirection":"In"},"Right Arm":{"Weight":1,"CFrame":[0.006339438259601593,-0.5899975895881653,0.1547553539276123,-0.218033567070961,-0.38458895683288576,-0.8969686627388,0.7628231644630432,-0.6404294967651367,0.08916835486888886,-0.608738362789154,-0.664786696434021,0.43300843238830569],"EasingStyle":"Constant","EasingDirection":"In"},"Torso":{"Weight":1,"CFrame":[0.23946425318717957,-0.039833493530750278,-0.263338565826416,0.9878267645835877,-0.1468309611082077,0.05137259140610695,0.14937575161457063,0.987525999546051,-0.04979193955659866,-0.04342077672481537,0.05685962364077568,0.9974375367164612],"EasingStyle":"Constant","EasingDirection":"In"},"HumanoidRootPart":{"Weight":0,"CFrame":[0,0,0,1,0,0,0,1,0,0,0,1],"EasingStyle":"Linear","EasingDirection":"In"},"Head":{"Weight":1,"CFrame":[5.3085386753082278e-8,-1.1175870895385743e-8,-2.384185791015625e-7,0.9933652281761169,0.10866992175579071,-0.03763725608587265,-0.10774778574705124,0.9938454627990723,0.025724753737449647,0.04020112380385399,-0.02149874158203602,0.9989603161811829],"EasingStyle":"Constant","EasingDirection":"In"}}},{"Time":0.36666667461395266,"poses":{"Left Leg":{"Weight":1,"CFrame":[-0.3277590572834015,0.1581210494041443,0.006757378578186035,0.9913813471794128,-0.10827886313199997,0.07374903559684754,0.09535562992095947,0.9824106097221375,0.16055159270763398,-0.0898362323641777,-0.15213549137115479,0.9842684268951416],"EasingStyle":"Constant","EasingDirection":"In"},"Right Leg":{"Weight":1,"CFrame":[0.2087574005126953,0.0684252381324768,0.014177560806274414,0.9876390695571899,0.13466262817382813,-0.0802193358540535,-0.12661133706569673,0.9870808720588684,0.09818859398365021,0.09240537881851196,-0.08681819587945938,0.9919293522834778],"EasingStyle":"Constant","EasingDirection":"In"},"Left Arm":{"Weight":1,"CFrame":[-0.24952399730682374,-0.3769553005695343,0.33727264404296877,-0.29374179244041445,0.25588876008987429,0.9209976196289063,-0.9458532929420471,-0.21703042089939118,-0.24136975407600404,0.1381206512451172,-0.9420290589332581,0.3057841956615448],"EasingStyle":"Constant","EasingDirection":"In"},"Right Arm":{"Weight":1,"CFrame":[0.037901848554611209,-0.1605716049671173,0.29547345638275149,-0.22701171040534974,-0.023797322064638139,-0.973601222038269,0.8275046944618225,-0.5318411588668823,-0.17994719743728639,-0.5135189294815064,-0.8465096950531006,0.1404266655445099],"EasingStyle":"Constant","EasingDirection":"In"},"Torso":{"Weight":1,"CFrame":[0.012336686253547669,-0.05058129131793976,-0.0718235969543457,0.9958702921867371,-0.07742203772068024,0.04741530492901802,0.08034604042768479,0.994759738445282,-0.06322666257619858,-0.0422716960310936,0.06677518784999848,0.9968721866607666],"EasingStyle":"Constant","EasingDirection":"In"},"HumanoidRootPart":{"Weight":0,"CFrame":[0,0,0,1,0,0,0,1,0,0,0,1],"EasingStyle":"Linear","EasingDirection":"In"},"Head":{"Weight":1,"CFrame":[8.195638656616211e-8,1.257285475730896e-8,-2.384185791015625e-7,0.9994195103645325,-0.0018075823318213225,-0.03402271494269371,0.002030404284596443,0.9999767541885376,0.006515935063362122,0.0340101458132267,-0.00658123753964901,0.9993998408317566],"EasingStyle":"Constant","EasingDirection":"In"}}},{"Time":0.4000000059604645,"poses":{"Left Leg":{"Weight":1,"CFrame":[-0.3277590572834015,0.1581210494041443,0.006757378578186035,0.9913813471794128,-0.10827886313199997,0.07374903559684754,0.09535562992095947,0.9824106097221375,0.16055159270763398,-0.0898362323641777,-0.15213549137115479,0.9842684268951416],"EasingStyle":"Constant","EasingDirection":"In"},"Right Leg":{"Weight":1,"CFrame":[0.2087574005126953,0.0684252381324768,0.014177560806274414,0.9876390695571899,0.13466262817382813,-0.0802193358540535,-0.12661133706569673,0.9870808720588684,0.09818859398365021,0.09240537881851196,-0.08681819587945938,0.9919293522834778],"EasingStyle":"Constant","EasingDirection":"In"},"Left Arm":{"Weight":1,"CFrame":[-0.24952399730682374,-0.3769553005695343,0.33727264404296877,-0.29374179244041445,0.25588876008987429,0.9209976196289063,-0.9458532929420471,-0.21703042089939118,-0.24136975407600404,0.1381206512451172,-0.9420290589332581,0.3057841956615448],"EasingStyle":"Constant","EasingDirection":"In"},"Right Arm":{"Weight":1,"CFrame":[0.037901848554611209,-0.1605716049671173,0.29547345638275149,-0.22701171040534974,-0.023797322064638139,-0.973601222038269,0.8275046944618225,-0.5318411588668823,-0.17994719743728639,-0.5135189294815064,-0.8465096950531006,0.1404266655445099],"EasingStyle":"Constant","EasingDirection":"In"},"Torso":{"Weight":1,"CFrame":[0.012336686253547669,-0.05058129131793976,-0.0718235969543457,0.9958702921867371,-0.07742203772068024,0.04741530492901802,0.08034604042768479,0.994759738445282,-0.06322666257619858,-0.0422716960310936,0.06677518784999848,0.9968721866607666],"EasingStyle":"Constant","EasingDirection":"In"},"HumanoidRootPart":{"Weight":0,"CFrame":[0,0,0,1,0,0,0,1,0,0,0,1],"EasingStyle":"Linear","EasingDirection":"In"},"Head":{"Weight":1,"CFrame":[8.195638656616211e-8,1.257285475730896e-8,-2.384185791015625e-7,0.9994195103645325,-0.0018075823318213225,-0.03402271494269371,0.002030404284596443,0.9999767541885376,0.006515935063362122,0.0340101458132267,-0.00658123753964901,0.9993998408317566],"EasingStyle":"Constant","EasingDirection":"In"}}},{"Time":0.4333333373069763,"poses":{"Left Leg":{"Weight":1,"CFrame":[-0.3277590572834015,0.1581210494041443,0.006757378578186035,0.9913813471794128,-0.10827886313199997,0.07374903559684754,0.09535562992095947,0.9824106097221375,0.16055159270763398,-0.0898362323641777,-0.15213549137115479,0.9842684268951416],"EasingStyle":"Constant","EasingDirection":"In"},"Right Leg":{"Weight":1,"CFrame":[0.2087574005126953,0.0684252381324768,0.014177560806274414,0.9876390695571899,0.13466262817382813,-0.0802193358540535,-0.12661133706569673,0.9870808720588684,0.09818859398365021,0.09240537881851196,-0.08681819587945938,0.9919293522834778],"EasingStyle":"Constant","EasingDirection":"In"},"Left Arm":{"Weight":1,"CFrame":[-0.24952399730682374,-0.3769553005695343,0.33727264404296877,-0.29374179244041445,0.25588876008987429,0.9209976196289063,-0.9458532929420471,-0.21703042089939118,-0.24136975407600404,0.1381206512451172,-0.9420290589332581,0.3057841956615448],"EasingStyle":"Constant","EasingDirection":"In"},"Right Arm":{"Weight":1,"CFrame":[0.037901848554611209,-0.1605716049671173,0.29547345638275149,-0.22701171040534974,-0.023797322064638139,-0.973601222038269,0.8275046944618225,-0.5318411588668823,-0.17994719743728639,-0.5135189294815064,-0.8465096950531006,0.1404266655445099],"EasingStyle":"Constant","EasingDirection":"In"},"Torso":{"Weight":1,"CFrame":[0.012336686253547669,-0.05058129131793976,-0.0718235969543457,0.9958702921867371,-0.07742203772068024,0.04741530492901802,0.08034604042768479,0.994759738445282,-0.06322666257619858,-0.0422716960310936,0.06677518784999848,0.9968721866607666],"EasingStyle":"Constant","EasingDirection":"In"},"HumanoidRootPart":{"Weight":0,"CFrame":[0,0,0,1,0,0,0,1,0,0,0,1],"EasingStyle":"Linear","EasingDirection":"In"},"Head":{"Weight":1,"CFrame":[8.195638656616211e-8,1.257285475730896e-8,-2.384185791015625e-7,0.9994195103645325,-0.0018075823318213225,-0.03402271494269371,0.002030404284596443,0.9999767541885376,0.006515935063362122,0.0340101458132267,-0.00658123753964901,0.9993998408317566],"EasingStyle":"Constant","EasingDirection":"In"}}},{"Time":0.46666666865348818,"poses":{"Left Leg":{"Weight":1,"CFrame":[-0.5115969777107239,0.2637770175933838,0.01292109489440918,0.9659448266029358,-0.23673222959041596,0.10444320738315582,0.21181881427764893,0.955293595790863,0.20626935362815858,-0.14860455691814423,-0.17712174355983735,0.9729052782058716],"EasingStyle":"Constant","EasingDirection":"In"},"Right Leg":{"Weight":1,"CFrame":[0.5139219760894775,0.12696534395217896,0.021901726722717286,0.9517766833305359,0.3015577495098114,-0.056426793336868289,-0.29725024104118349,0.9519570469856262,0.07362139970064163,0.07591702789068222,-0.05329826474189758,0.9956886768341065],"EasingStyle":"Constant","EasingDirection":"In"},"Left Arm":{"Weight":1,"CFrame":[-0.24079908430576325,-0.3335421085357666,0.23952186107635499,-0.30655723810195925,0.22552278637886048,0.9247497916221619,-0.8204108476638794,-0.5552266836166382,-0.13656294345855714,0.4826475977897644,-0.8005391359329224,0.3552301526069641],"EasingStyle":"Constant","EasingDirection":"In"},"Right Arm":{"Weight":1,"CFrame":[0.060721516609191897,-0.3999286890029907,0.17342853546142579,-0.20452603697776795,-0.02094481885433197,-0.9786370396614075,0.6683221459388733,-0.7334684133529663,-0.12397529929876328,-0.7152026295661926,-0.6794008612632752,0.16401131451129914],"EasingStyle":"Constant","EasingDirection":"In"},"Torso":{"Weight":1,"CFrame":[-0.047339096665382388,-0.05132976174354553,-0.19980192184448243,0.9972780346870422,-0.057512689381837848,0.0461413748562336,0.0604139044880867,0.996109127998352,-0.06416226178407669,-0.042271703481674197,0.06677518039941788,0.9968721866607666],"EasingStyle":"Constant","EasingDirection":"In"},"HumanoidRootPart":{"Weight":0,"CFrame":[0,0,0,1,0,0,0,1,0,0,0,1],"EasingStyle":"Linear","EasingDirection":"In"},"Head":{"Weight":1,"CFrame":[8.277129381895065e-8,6.104528438299894e-9,2.384185791015625e-7,0.998180091381073,0.04897666350007057,-0.03518332913517952,-0.04807324707508087,0.9985032081604004,0.026080891489982606,0.03640802577137947,-0.02434203214943409,0.9990406036376953],"EasingStyle":"Constant","EasingDirection":"In"}}},{"Time":0.5,"poses":{"Left Leg":{"Weight":1,"CFrame":[-0.5115969777107239,0.2637770175933838,0.01292109489440918,0.9659448266029358,-0.23673222959041596,0.10444320738315582,0.21181881427764893,0.955293595790863,0.20626935362815858,-0.14860455691814423,-0.17712174355983735,0.9729052782058716],"EasingStyle":"Constant","EasingDirection":"In"},"Right Leg":{"Weight":1,"CFrame":[0.5139219760894775,0.12696534395217896,0.021901726722717286,0.9517766833305359,0.3015577495098114,-0.056426793336868289,-0.29725024104118349,0.9519570469856262,0.07362139970064163,0.07591702789068222,-0.05329826474189758,0.9956886768341065],"EasingStyle":"Constant","EasingDirection":"In"},"Left Arm":{"Weight":1,"CFrame":[-0.24079908430576325,-0.3335421085357666,0.23952186107635499,-0.30655723810195925,0.22552278637886048,0.9247497916221619,-0.8204108476638794,-0.5552266836166382,-0.13656294345855714,0.4826475977897644,-0.8005391359329224,0.3552301526069641],"EasingStyle":"Constant","EasingDirection":"In"},"Right Arm":{"Weight":1,"CFrame":[0.060721516609191897,-0.3999286890029907,0.17342853546142579,-0.20452603697776795,-0.02094481885433197,-0.9786370396614075,0.6683221459388733,-0.7334684133529663,-0.12397529929876328,-0.7152026295661926,-0.6794008612632752,0.16401131451129914],"EasingStyle":"Constant","EasingDirection":"In"},"Torso":{"Weight":1,"CFrame":[-0.047339096665382388,-0.05132976174354553,-0.19980192184448243,0.9972780346870422,-0.057512689381837848,0.0461413748562336,0.0604139044880867,0.996109127998352,-0.06416226178407669,-0.042271703481674197,0.06677518039941788,0.9968721866607666],"EasingStyle":"Constant","EasingDirection":"In"},"HumanoidRootPart":{"Weight":0,"CFrame":[0,0,0,1,0,0,0,1,0,0,0,1],"EasingStyle":"Linear","EasingDirection":"In"},"Head":{"Weight":1,"CFrame":[8.277129381895065e-8,6.104528438299894e-9,2.384185791015625e-7,0.998180091381073,0.04897666350007057,-0.03518332913517952,-0.04807324707508087,0.9985032081604004,0.026080891489982606,0.03640802577137947,-0.02434203214943409,0.9990406036376953],"EasingStyle":"Constant","EasingDirection":"In"}}},{"Time":0.5333333611488342,"poses":{"Left Leg":{"Weight":1,"CFrame":[-0.5881552696228027,0.45743173360824587,0.14235639572143556,0.8177380561828613,-0.45384305715560915,0.35402145981788638,0.3560657799243927,0.8821119070053101,0.3083760142326355,-0.452240914106369,-0.1261158436536789,0.8829343318939209],"EasingStyle":"Constant","EasingDirection":"In"},"Right Leg":{"Weight":1,"CFrame":[0.7266567945480347,0.36163419485092165,0.07591760158538819,0.9337579011917114,0.3433286249637604,-0.10110252350568772,-0.3449644446372986,0.9386148452758789,0.001384994015097618,0.09537186473608017,0.033583492040634158,0.9948750734329224],"EasingStyle":"Constant","EasingDirection":"In"},"Left Arm":{"Weight":1,"CFrame":[-0.18187563121318818,-0.45689988136291506,0.149053692817688,-0.6661298871040344,0.6949501037597656,0.27076810598373415,-0.7251877784729004,-0.6883311867713928,-0.017407609149813653,0.17428070306777955,-0.20795351266860963,0.9624872207641602],"EasingStyle":"Constant","EasingDirection":"In"},"Right Arm":{"Weight":1,"CFrame":[0.082455113530159,-0.5078670382499695,0.045456767082214358,-0.6572448015213013,-0.593285322189331,-0.46480292081832888,0.6558219790458679,-0.7540947794914246,0.0351928174495697,-0.37138494849205019,-0.28169775009155276,0.8847144246101379],"EasingStyle":"Constant","EasingDirection":"In"},"Torso":{"Weight":1,"CFrame":[-0.1694970726966858,-0.08208498358726502,-0.47843217849731448,0.9849305152893066,0.17084848880767823,0.026882624253630639,-0.16728882491588593,0.9805541634559631,-0.10260625928640366,-0.04388999193906784,0.09656287729740143,0.9943587183952332],"EasingStyle":"Constant","EasingDirection":"In"},"HumanoidRootPart":{"Weight":0,"CFrame":[0,0,0,1,0,0,0,1,0,0,0,1],"EasingStyle":"Linear","EasingDirection":"In"},"Head":{"Weight":1,"CFrame":[8.940696716308594e-8,-9.313225746154785e-9,-2.980232238769531e-7,0.9890468120574951,-0.14751160144805909,-0.005182703025639057,0.14754211902618409,0.9870267510414124,0.06332144141197205,-0.00422517629340291,-0.06339254230260849,0.9979798197746277],"EasingStyle":"Constant","EasingDirection":"In"}}},{"Time":0.5666666626930237,"poses":{"Left Leg":{"Weight":1,"CFrame":[-0.7498183250427246,0.7715195417404175,-0.0023758411407470705,0.7547762393951416,-0.5650759935379028,0.3331696391105652,0.4111350178718567,0.8032604455947876,0.4309765100479126,-0.5111565589904785,-0.18831297755241395,0.8386043906211853],"EasingStyle":"Constant","EasingDirection":"In"},"Right Leg":{"Weight":1,"CFrame":[0.7266567945480347,0.36163419485092165,0.07591760158538819,0.9337579011917114,0.3433286249637604,-0.10110252350568772,-0.3449644446372986,0.9386148452758789,0.001384994015097618,0.09537186473608017,0.033583492040634158,0.9948750734329224],"EasingStyle":"Constant","EasingDirection":"In"},"Left Arm":{"Weight":1,"CFrame":[-0.18187563121318818,-0.45689988136291506,0.149053692817688,-0.6661298871040344,0.6949501037597656,0.27076810598373415,-0.7251877784729004,-0.6883311867713928,-0.017407609149813653,0.17428070306777955,-0.20795351266860963,0.9624872207641602],"EasingStyle":"Constant","EasingDirection":"In"},"Right Arm":{"Weight":1,"CFrame":[0.082455113530159,-0.5078670382499695,0.045456767082214358,-0.6572448015213013,-0.593285322189331,-0.46480292081832888,0.6558219790458679,-0.7540947794914246,0.0351928174495697,-0.37138494849205019,-0.28169775009155276,0.8847144246101379],"EasingStyle":"Constant","EasingDirection":"In"},"Torso":{"Weight":1,"CFrame":[-0.1694970726966858,-0.08208498358726502,-0.47843217849731448,0.9849305152893066,0.17084848880767823,0.026882624253630639,-0.16728882491588593,0.9805541634559631,-0.10260625928640366,-0.04388999193906784,0.09656287729740143,0.9943587183952332],"EasingStyle":"Constant","EasingDirection":"In"},"HumanoidRootPart":{"Weight":0,"CFrame":[0,0,0,1,0,0,0,1,0,0,0,1],"EasingStyle":"Linear","EasingDirection":"In"},"Head":{"Weight":1,"CFrame":[8.940696716308594e-8,-9.313225746154785e-9,-2.980232238769531e-7,0.9890468120574951,-0.14751160144805909,-0.005182703025639057,0.14754211902618409,0.9870267510414124,0.06332144141197205,-0.00422517629340291,-0.06339254230260849,0.9979798197746277],"EasingStyle":"Constant","EasingDirection":"In"}}},{"Time":0.6000000238418579,"poses":{"Left Leg":{"Weight":1,"CFrame":[-1.074181318283081,0.006131291389465332,-0.0352475643157959,0.38801491260528567,-0.920364499092102,-0.04872167110443115,0.8905127048492432,0.36075520515441897,0.27720528841018679,-0.23755335807800294,-0.1509469747543335,0.9595746994018555],"EasingStyle":"Constant","EasingDirection":"In"},"Right Leg":{"Weight":1,"CFrame":[0.5679556727409363,0.31324470043182375,0.0775446891784668,0.9830756187438965,0.1417834609746933,-0.11601624637842179,-0.14550326764583589,0.989061713218689,-0.024204447865486146,0.11131551116704941,0.04067552089691162,0.9929524064064026],"EasingStyle":"Constant","EasingDirection":"In"},"Left Arm":{"Weight":1,"CFrame":[-0.13167715072631837,-0.5802565813064575,0.10770022869110108,-0.6072513461112976,0.6064866781234741,-0.5132442712783814,-0.7040660381317139,-0.7101085782051086,-0.006091217510402203,-0.3681533634662628,0.35765883326530459,0.8582209348678589],"EasingStyle":"Constant","EasingDirection":"In"},"Right Arm":{"Weight":1,"CFrame":[0.09513723850250244,-0.5269955396652222,-0.017034709453582765,-0.6390479803085327,-0.6862058043479919,0.3474758565425873,0.7314130663871765,-0.6819329857826233,-0.0015491831582039595,0.23801830410957337,0.2531582713127136,0.9376876354217529],"EasingStyle":"Constant","EasingDirection":"In"},"Torso":{"Weight":1,"CFrame":[-0.3189762830734253,-0.10835716128349304,-0.3024578094482422,0.929934561252594,0.361611008644104,-0.06677716225385666,-0.3675137758255005,0.9201021194458008,-0.1354464739561081,0.012462877668440342,0.15049786865711213,0.988531768321991],"EasingStyle":"Constant","EasingDirection":"In"},"HumanoidRootPart":{"Weight":0,"CFrame":[0,0,0,1,0,0,0,1,0,0,0,1],"EasingStyle":"Linear","EasingDirection":"In"},"Head":{"Weight":1,"CFrame":[1.043081283569336e-7,5.960464477539063e-8,0,0.940460205078125,-0.338267058134079,0.033319760113954547,0.3338715732097626,0.9377064108848572,0.09610719978809357,-0.06375405192375183,-0.07926045358181,0.9948131442070007],"EasingStyle":"Constant","EasingDirection":"In"}}},{"Time":0.6333333253860474,"poses":{"Left Leg":{"Weight":1,"CFrame":[-1.074181318283081,0.006131291389465332,-0.0352475643157959,0.38801491260528567,-0.920364499092102,-0.04872167110443115,0.8905127048492432,0.36075520515441897,0.27720528841018679,-0.23755335807800294,-0.1509469747543335,0.9595746994018555],"EasingStyle":"Constant","EasingDirection":"In"},"Right Leg":{"Weight