{"Sequence":[{"Time":0,"poses":{"Left Leg":{"Weight":1,"CFrame":[-0.2849598526954651,0.10401755571365357,0.007594108581542969,0.9615668654441834,-0.26786482334136965,0.06031394004821777,0.25046035647392275,0.9457185864448547,0.20708920061588288,-0.11251195520162583,-0.18402379751205445,0.9764611721038818],"EasingStyle":"Linear","EasingDirection":"In"},"Right Leg":{"Weight":1,"CFrame":[0.7975424528121948,0.2193956971168518,0.05972862243652344,0.8748133182525635,0.4807073175907135,-0.06018427759408951,-0.48350295424461367,0.8741271495819092,-0.046116653829813007,0.03044012188911438,0.0694427564740181,0.9971215128898621],"EasingStyle":"Linear","EasingDirection":"In"},"Left Arm":{"Weight":1,"CFrame":[0.08979734778404236,-0.25649964809417727,-0.13582783937454225,-0.1814720183610916,0.8921604156494141,0.41366374492645266,-0.7900101542472839,-0.3827597200870514,0.47893548011779787,0.5856208801269531,-0.2398851364850998,0.7742760181427002],"EasingStyle":"Linear","EasingDirection":"In"},"Head":{"Weight":1,"CFrame":[8.614733815193176e-8,-3.6088749766349794e-9,-2.980232238769531e-7,0.9939098954200745,-0.11016319692134857,0.002694454276934266,0.11019507795572281,0.9937114715576172,-0.01986674778163433,-0.0004889256088063121,0.020042672753334047,0.9997990727424622],"EasingStyle":"Linear","EasingDirection":"In"},"Torso":{"Weight":1,"CFrame":[0.0038766684010624887,0.023097507655620576,-0.08193278312683106,0.9939565658569336,0.10966719686985016,0.004845749121159315,-0.10976183414459229,0.993538498878479,0.028871892020106317,-0.001648138975724578,-0.029229285195469857,0.9995713829994202],"EasingStyle":"Linear","EasingDirection":"In"},"HumanoidRootPart":{"Weight":1,"CFrame":[0,0,0,1,0,0,0,1,0,0,0,1],"EasingStyle":"Linear","EasingDirection":"In"},"Right Arm":{"Weight":1,"CFrame":[-0.20313745737075807,-0.22791290283203126,-0.06015747785568237,0.32787901163101199,-0.9347854256629944,0.1366436928510666,0.9264642596244812,0.34645891189575198,0.1470726877450943,-0.18482284247875215,0.07837342470884323,0.9796419143676758],"EasingStyle":"Linear","EasingDirection":"In"}}},{"Time":0.03333333507180214,"poses":{"Left Leg":{"Weight":1,"CFrame":[-0.27678948640823367,0.10088557004928589,0.01175546646118164,0.9580961465835571,-0.277022123336792,0.07287376374006272,0.25730255246162417,0.9441035985946655,0.20606794953346253,-0.1258857697248459,-0.17868228256702424,0.9758203625679016],"EasingStyle":"Linear","EasingDirection":"In"},"Right Leg":{"Weight":1,"CFrame":[0.7765843272209168,0.21511375904083253,0.07403922080993653,0.8779538869857788,0.4719107151031494,-0.08060514181852341,-0.4760291576385498,0.8784197568893433,-0.04213089123368263,0.05092319846153259,0.0753592997789383,0.9958553910255432],"EasingStyle":"Linear","EasingDirection":"In"},"Left Arm":{"Weight":1,"CFrame":[-0.05386858433485031,-0.23720356822013856,-0.26189517974853518,-0.2585728168487549,0.9572356939315796,0.12976889312267304,-0.8573251962661743,-0.28930696845054629,0.42578771710395815,0.4451221823692322,-0.0011570393107831479,0.8954691886901856],"EasingStyle":"Linear","EasingDirection":"In"},"Head":{"Weight":1,"CFrame":[8.870847523212433e-8,-3.958120942115784e-9,0,0.991653561592102,-0.12887902557849885,0.003657301887869835,0.128930926322937,0.9912621378898621,-0.02786109782755375,-0.000034634187613846737,0.02810009941458702,0.9996051788330078],"EasingStyle":"Linear","EasingDirection":"In"},"Torso":{"Weight":1,"CFrame":[0.004125320352613926,0.02557370811700821,-0.07032632827758789,0.9920355677604675,0.12585711479187013,0.005046545527875423,-0.12595386803150178,0.9915388226509094,0.031406987458467486,-0.001051053055562079,-0.031792476773262027,0.9994939565658569],"EasingStyle":"Linear","EasingDirection":"In"},"HumanoidRootPart":{"Weight":1,"CFrame":[0,0,0,1,0,0,0,1,0,0,0,1],"EasingStyle":"Linear","EasingDirection":"In"},"Right Arm":{"Weight":1,"CFrame":[-0.2011834681034088,-0.31116193532943728,-0.04702901840209961,0.21024170517921449,-0.9673654437065125,0.1414305567741394,0.9610388875007629,0.2310492843389511,0.15172521770000459,-0.1794510930776596,0.10402119904756546,0.9782519936561585],"EasingStyle":"Linear","EasingDirection":"In"}}},{"Time":0.06666667014360428,"poses":{"Left Leg":{"Weight":1,"CFrame":[-0.2537804841995239,0.09114092588424683,0.02490699291229248,0.94614177942276,-0.30287984013557436,0.11436625570058823,0.276809960603714,0.9400044083595276,0.1994190663099289,-0.1679048389196396,-0.15702101588249207,0.9732175469398499],"EasingStyle":"Linear","EasingDirection":"In"},"Right Leg":{"Weight":1,"CFrame":[0.730620801448822,0.21332108974456788,0.09161043167114258,0.8894304037094116,0.4430544078350067,-0.1123228669166565,-0.44837486743927,0.8934606313705444,-0.02623322606086731,0.08873341232538223,0.07369539141654968,0.993325412273407],"EasingStyle":"Linear","EasingDirection":"In"},"Left Arm":{"Weight":1,"CFrame":[-0.3206768333911896,-0.1917673945426941,-0.4960201382637024,-0.2511267066001892,0.8559682369232178,-0.4519445598125458,-0.9526480436325073,-0.13585706055164338,0.27203798294067385,0.17145605385303498,0.4988599419593811,0.8495537638664246],"EasingStyle":"Linear","EasingDirection":"In"},"Head":{"Weight":1,"CFrame":[8.719507604837418e-8,3.259629011154175e-9,-1.1920928955078126e-7,0.9830943942070007,-0.18299256265163423,0.00626879557967186,0.18309259414672852,0.9821723699569702,-0.04259990155696869,0.0016384284244850278,0.04302748292684555,0.9990726113319397],"EasingStyle":"Linear","EasingDirection":"In"},"Torso":{"Weight":1,"CFrame":[0.004956717602908611,0.030131809413433076,-0.04878592491149902,0.9845645427703857,0.1749235838651657,0.005881473422050476,-0.1750216782093048,0.9839038252830505,0.03606433793902397,0.0005216994904913008,-0.0365370512008667,0.9993321895599365],"EasingStyle":"Linear","EasingDirection":"In"},"HumanoidRootPart":{"Weight":1,"CFrame":[0,0,0,1,0,0,0,1,0,0,0,1],"EasingStyle":"Linear","EasingDirection":"In"},"Right Arm":{"Weight":1,"CFrame":[-0.18750588595867158,-0.4657681882381439,-0.022647380828857423,-0.02353183552622795,-0.9807360172271729,0.19391541182994843,0.9858970642089844,0.009382183663547039,0.16709010303020478,-0.16569066047668458,0.1951124221086502,0.9666839241981506],"EasingStyle":"Linear","EasingDirection":"In"}}},{"Time":0.10000000149011612,"poses":{"Left Leg":{"Weight":1,"CFrame":[-0.21466997265815736,0.07419431209564209,0.04681193828582764,0.9213416576385498,-0.3387243151664734,0.19077637791633607,0.3057780861854553,0.9344653487205505,0.18241263926029206,-0.24006153643131257,-0.10972910374403,0.9645362496376038],"EasingStyle":"Linear","EasingDirection":"In"},"Right Leg":{"Weight":1,"CFrame":[0.6839261651039124,0.22696274518966676,0.07928228378295899,0.9150599241256714,0.387380987405777,-0.11225570738315582,-0.38930755853652956,0.9210936427116394,0.005117950029671192,0.10538070648908615,0.03901870548725128,0.9936662316322327],"EasingStyle":"Linear","EasingDirection":"In"},"Left Arm":{"Weight":1,"CFrame":[-0.4643426835536957,-0.13886675238609315,-0.6220874190330505,-0.15776777267456056,0.6420169472694397,-0.750282347202301,-0.9752839803695679,0.017719946801662446,0.22024360299110413,0.15469519793987275,0.7664856910705566,0.623353123664856],"EasingStyle":"Linear","EasingDirection":"In"},"Head":{"Weight":1,"CFrame":[8.288770914077759e-8,2.561137080192566e-9,1.1920928955078126e-7,0.9630862474441528,-0.2690255045890808,0.009499321691691876,0.2691574692726135,0.9617843627929688,-0.050251271575689319,0.0043825749307870869,0.050953108817338946,0.9986914992332459],"EasingStyle":"Linear","EasingDirection":"In"},"Torso":{"Weight":1,"CFrame":[0.006369253620505333,0.032429084181785586,-0.03719520568847656,0.9663503170013428,0.25711917877197268,0.007537126541137695,-0.25721657276153567,0.9655916094779968,0.038375768810510638,0.0025893584825098516,-0.03902311623096466,0.9992349743843079],"EasingStyle":"Linear","EasingDirection":"In"},"HumanoidRootPart":{"Weight":1,"CFrame":[0,0,0,1,0,0,0,1,0,0,0,1],"EasingStyle":"Linear","EasingDirection":"In"},"Right Arm":{"Weight":1,"CFrame":[-0.1503809690475464,-0.5490173697471619,-0.009518802165985108,-0.16019530594348908,-0.9244662523269653,0.3459765315055847,0.9750354290008545,-0.0936010554432869,0.20135746896266938,-0.15376442670822144,0.36959582567214968,0.9163816571235657],"EasingStyle":"Linear","EasingDirection":"In"}}},{"Time":0.13333334028720857,"poses":{"Left Leg":{"Weight":1,"CFrame":[-0.1335306465625763,0.05122119188308716,0.06585180759429932,0.8858615159988403,-0.3521374464035034,0.3020738959312439,0.32021236419677737,0.9352099895477295,0.1511506885290146,-0.33572840690612795,-0.03717076778411865,0.9412251710891724],"EasingStyle":"Linear","EasingDirection":"In"},"Right Leg":{"Weight":1,"CFrame":[0.5924435257911682,0.21117597818374635,0.028792381286621095,0.9621762037277222,0.26560166478157046,-0.060604434460401538,-0.2635136544704437,0.9638126492500305,0.04032279551029205,0.0691211074590683,-0.02282753214240074,0.9973471760749817],"EasingStyle":"Linear","EasingDirection":"In"},"Left Arm":{"Weight":1,"CFrame":[-0.45664477348327639,-0.09468656778335571,-0.5036974549293518,-0.06590018421411514,0.5107696056365967,-0.8571882843971252,-0.9289728999137878,0.28217369318008425,0.23955672979354859,0.3642342686653137,0.8120914697647095,0.4558957517147064],"EasingStyle":"Linear","EasingDirection":"In"},"Head":{"Weight":1,"CFrame":[8.102506399154663e-8,6.984919309616089e-10,-5.960464477539063e-8,0.9265514612197876,-0.37601861357688906,0.010608422569930554,0.37610602378845217,0.925517201423645,-0.044297631829977038,0.006838453933596611,0.045033928006887439,0.9989620447158814],"EasingStyle":"Linear","EasingDirection":"In"},"Torso":{"Weight":1,"CFrame":[-0.003488801419734955,0.02745216339826584,-0.03899812698364258,0.9313105940818787,0.3640825152397156,0.010223052464425564,-0.36421939730644228,0.9307579398155212,0.0321546345949173,0.002191751031205058,-0.033669378608465198,0.9994307160377502],"EasingStyle":"Linear","EasingDirection":"In"},"HumanoidRootPart":{"Weight":1,"CFrame":[0,0,0,1,0,0,0,1,0,0,0,1],"EasingStyle":"Linear","EasingDirection":"In"},"Right Arm":{"Weight":1,"CFrame":[-0.06779293715953827,-0.4318169355392456,-0.013353705406188965,-0.10954643785953522,-0.7659929394721985,0.6334466338157654,0.9702499508857727,0.056020673364400867,0.23553498089313508,-0.2159041166305542,0.6404035091400147,0.737067699432373],"EasingStyle":"Linear","EasingDirection":"In"}}},{"Time":0.1666666716337204,"poses":{"Left Leg":{"Weight":1,"CFrame":[-0.04020269587635994,0.03357744216918945,0.06459105014801026,0.8510305285453796,-0.33663684129714968,0.4030168950557709,0.31467732787132265,0.9413499236106873,0.12181364744901657,-0.4203868806362152,0.02315317653119564,0.9070495367050171],"EasingStyle":"Linear","EasingDirection":"In"},"Right Leg":{"Weight":1,"CFrame":[0.39301103353500368,0.13967657089233399,-0.0070500969886779789,0.9974421262741089,0.0714576318860054,-0.0017520871479064227,-0.07121039181947708,0.9955167174339294,0.06225407123565674,0.0061927903443574909,-0.061970096081495288,0.9980588555335999],"EasingStyle":"Linear","EasingDirection":"In"},"Left Arm":{"Weight":1,"CFrame":[-0.44234877824783327,-0.06544548273086548,-0.28383028507232668,0.03439357876777649,0.3356022834777832,-0.941375732421875,-0.8153662085533142,0.5541096925735474,0.16775141656398774,0.5779231786727905,0.7617964148521423,0.2926965355873108],"EasingStyle":"Linear","EasingDirection":"In"},"Head":{"Weight":1,"CFrame":[8.847564458847046e-8,1.30385160446167e-8,-1.1920928955078126e-7,0.8840808868408203,-0.46726495027542117,0.00803148653358221,0.4672738313674927,0.883560836315155,-0.031233998015522958,0.007498244289308786,0.03136628493666649,0.9994798302650452],"EasingStyle":"Linear","EasingDirection":"In"},"Torso":{"Weight":1,"CFrame":[-0.029667645692825319,0.018398746848106386,-0.04666924476623535,0.88917475938797,0.45740291476249697,0.012287347577512265,-0.4575658440589905,0.8889315724372864,0.020837867632508279,-0.0013913074508309365,-0.024150773882865907,0.9997074604034424],"EasingStyle":"Linear","EasingDirection":"In"},"HumanoidRootPart":{"Weight":1,"CFrame":[0,0,0,1,0,0,0,1,0,0,0,1],"EasingStyle":"Linear","EasingDirection":"In"},"Right Arm":{"Weight":1,"CFrame":[0.04796411842107773,-0.21415945887565614,-0.04019749164581299,-0.007361493073403835,-0.443290114402771,0.8963479995727539,0.9368017315864563,0.3104875683784485,0.16124571859836579,-0.34978339076042178,0.8408873081207275,0.4129892587661743],"EasingStyle":"Linear","EasingDirection":"In"}}},{"Time":0.20000000298023225,"poses":{"Left Leg":{"Weight":1,"CFrame":[-0.03194186091423035,0.029236257076263429,0.07263219356536865,0.8299097418785095,-0.3463284969329834,0.4373858869075775,0.32903996109962466,0.9369680285453796,0.11757384240627289,-0.4505358040332794,0.046341780573129657,0.8915548920631409],"EasingStyle":"Linear","EasingDirection":"In"},"Right Leg":{"Weight":1,"CFrame":[0.21701109409332276,0.08896702527999878,-0.007421016693115234,0.9976536631584168,-0.06762927025556565,0.010652240365743637,0.06668932735919953,0.9951590299606323,0.07218845933675766,-0.015482580289244652,-0.07130878418684006,0.9973341822624207],"EasingStyle":"Linear","EasingDirection":"In"},"Left Arm":{"Weight":1,"CFrame":[-0.43465089797973635,-0.05487075448036194,-0.16544032096862794,0.03514854609966278,0.24003560841083527,-0.9701275825500488,-0.7123008370399475,0.6869115233421326,0.14415299892425538,0.7009936571121216,0.6859560012817383,0.1951214075088501],"EasingStyle":"Linear","EasingDirection":"In"},"Head":{"Weight":1,"CFrame":[8.66129994392395e-8,5.587935447692871e-9,-6.556510925292969e-7,0.8629493117332459,-0.505283772945404,0.002620299346745014,0.5052530765533447,0.8628106117248535,-0.016651982441544534,0.006153155583888292,0.015693729743361474,0.9998579621315002],"EasingStyle":"Linear","EasingDirection":"In"},"Torso":{"Weight":1,"CFrame":[-0.06058861315250397,0.013536430895328522,-0.06343841552734375,0.8678436875343323,0.49667128920555117,0.012846936471760273,-0.4968227446079254,0.8677265048027039,0.014759968966245652,-0.0038167762104421856,-0.01919199526309967,0.9998085498809815],"EasingStyle":"Linear","EasingDirection":"In"},"HumanoidRootPart":{"Weight":1,"CFrame":[0,0,0,1,0,0,0,1,0,0,0,1],"EasingStyle":"Linear","EasingDirection":"In"},"Right Arm":{"Weight":1,"CFrame":[0.15714913606643678,-0.09695985913276673,-0.11305946111679077,0.08772165328264237,-0.16807785630226136,0.9818629026412964,0.8992884159088135,0.43732190132141116,-0.005482465494424105,-0.42846858501434328,0.8834587931632996,0.18951308727264405],"EasingStyle":"Linear","EasingDirection":"In"}}},{"Time":0.23333333432674409,"poses":{"Left Leg":{"Weight":1,"CFrame":[-0.10186143219470978,0.033095717430114749,0.09974730014801026,0.8195428848266602,-0.38942816853523257,0.4203513562679291,0.36983585357666018,0.9198036789894104,0.13108322024345399,-0.4376882314682007,0.04803267866373062,0.8978430032730103],"EasingStyle":"Linear","EasingDirection":"In"},"Right Leg":{"Weight":1,"CFrame":[0.29001861810684206,0.12201792001724243,-0.005061626434326172,0.9998217821121216,-0.015282751992344857,-0.011088291183114052,0.016137639060616494,0.9965327382087708,0.0816216692328453,0.009802568703889847,-0.0817861258983612,0.9966017007827759],"EasingStyle":"Linear","EasingDirection":"In"},"Left Arm":{"Weight":1,"CFrame":[-0.43465083837509158,-0.05487057566642761,-0.16544026136398316,-0.04475087672472,0.25472384691238406,-0.9659779071807861,-0.6663218140602112,0.7128289937973023,0.2188383936882019,0.7443203330039978,0.6534451246261597,0.1378282606601715],"EasingStyle":"Linear","EasingDirection":"In"},"Head":{"Weight":1,"CFrame":[9.033828973770142e-8,9.313225746154785e-9,-2.384185791015625e-7,0.863213062286377,-0.5048316717147827,-0.002889759838581085,0.5048179030418396,0.8632146120071411,-0.004420050419867039,0.004725866951048374,0.0023566449526697399,0.9999860525131226],"EasingStyle":"Linear","EasingDirection":"In"},"Torso":{"Weight":1,"CFrame":[-0.0851542055606842,0.013398876413702965,-0.08960604667663574,0.8678436875343323,0.49667128920555117,0.012846936471760273,-0.4968227446079254,0.8677265048027039,0.014759968966245652,-0.0038167762104421856,-0.01919199526309967,0.9998085498809815],"EasingStyle":"Linear","EasingDirection":"In"},"HumanoidRootPart":{"Weight":1,"CFrame":[0,0,0,1,0,0,0,1,0,0,0,1],"EasingStyle":"Linear","EasingDirection":"In"},"Right Arm":{"Weight":1,"CFrame":[0.22835886478424073,-0.09740772843360901,-0.24598091840744019,0.1878994107246399,-0.08138258010149002,0.9788109064102173,0.8803959488868713,0.4557545483112335,-0.1311136931180954,-0.43542715907096865,0.886377215385437,0.15728475153446198],"EasingStyle":"Linear","EasingDirection":"In"}}},{"Time":0.2666666805744171,"poses":{"Left Leg":{"Weight":1,"CFrame":[-0.16337114572525025,0.03534889221191406,0.11961078643798828,0.8112534284591675,-0.4245327413082123,0.40204471349716189,0.4043290317058563,0.904030442237854,0.13873371481895448,-0.42235761880874636,0.05001018941402435,0.9050487279891968],"EasingStyle":"Linear","EasingDirection":"In"},"Right Leg":{"Weight":1,"CFrame":[0.3539712429046631,0.152310311794281,-0.0048410892486572269,0.9989305734634399,0.04085075482726097,-0.021655522286891938,-0.03852272778749466,0.9943637847900391,0.09877561032772064,0.025568582117557527,-0.09783578664064408,0.994874119758606],"EasingStyle":"Linear","EasingDirection":"In"},"Left Arm":{"Weight":1,"CFrame":[-0.43465089797973635,-0.05487048625946045,-0.16544026136398316,-0.1423913687467575,0.2890475392341614,-0.9466660022735596,-0.636441707611084,0.7057515978813171,0.3112180233001709,0.758067786693573,0.646812379360199,0.08346877247095108],"EasingStyle":"Linear","EasingDirection":"In"},"Head":{"Weight":1,"CFrame":[8.195638656616211e-8,1.862645149230957e-9,-3.5762786865234377e-7,0.86514812707901,-0.5014609694480896,-0.0074640861712396149,0.5015010833740234,0.8651424646377564,0.005038967356085777,0.003930652514100075,-0.008102700114250183,0.9999594688415527],"EasingStyle":"Linear","EasingDirection":"In"},"Torso":{"Weight":1,"CFrame":[-0.10035024583339691,0.013143416494131089,-0.11480355262756348,0.8678436875343323,0.49667128920555117,0.012846936471760273,-0.4968227446079254,0.8677265048027039,0.014759968966245652,-0.0038167762104421856,-0.01919199526309967,0.9998085498809815],"EasingStyle":"Linear","EasingDirection":"In"},"HumanoidRootPart":{"Weight":1,"CFrame":[0,0,0,1,0,0,0,1,0,0,0,1],"EasingStyle":"Linear","EasingDirection":"In"},"Right Arm":{"Weight":1,"CFrame":[0.2635415196418762,-0.10054349899291992,-0.3843637704849243,0.2869464159011841,-0.08951455354690552,0.9537551403045654,0.8592799305915833,0.4641445577144623,-0.21496042609214784,-0.4234381318092346,0.8812247514724731,0.2101026475429535],"EasingStyle":"Linear","EasingDirection":"In"}}},{"Time":0.30000001192092898,"poses":{"Left Leg":{"Weight":1,"CFrame":[-0.19661225378513337,0.03432321548461914,0.12476599216461182,0.8122188448905945,-0.4399629235267639,0.3830578327178955,0.42020273208618166,0.8967270851135254,0.13896112143993379,-0.4046361446380615,0.048095107078552249,0.9132121801376343],"EasingStyle":"Linear","EasingDirection":"In"},"Right Leg":{"Weight":1,"CFrame":[0.3858322501182556,0.16698378324508668,-0.007944703102111817,0.9964753985404968,0.08094726502895355,-0.02201065607368946,-0.07772617787122727,0.9896418452262878,0.12069694697856903,0.03155295178294182,-0.11856076121330261,0.9924454092979431],"EasingStyle":"Linear","EasingDirection":"In"},"Left Arm":{"Weight":1,"CFrame":[-0.43465089797973635,-0.05486997961997986,-0.16544026136398316,-0.24807891249656678,0.3317664563655853,-0.9101582765579224,-0.6488170027732849,0.6407755017280579,0.41041842103004458,0.7193700671195984,0.6923424005508423,0.05629267171025276],"EasingStyle":"Linear","EasingDirection":"In"},"Head":{"Weight":1,"CFrame":[8.568167686462403e-8,7.450580596923828e-9,-1.1920928955078126e-7,0.8703523278236389,-0.49230626225471499,-0.01101564522832632,0.49241581559181216,0.8702772259712219,0.012012270279228688,0.0036729525309056045,-0.015879184007644655,0.9998672008514404],"EasingStyle":"Linear","EasingDirection":"In"},"Torso":{"Weight":1,"CFrame":[-0.10555398464202881,0.01300586387515068,-0.12608051300048829,0.8678436875343323,0.49667128920555117,0.012846936471760273,-0.4968227446079254,0.8677265048027039,0.014759968966245652,-0.0038167762104421856,-0.01919199526309967,0.9998085498809815],"EasingStyle":"Linear","EasingDirection":"In"},"HumanoidRootPart":{"Weight":1,"CFrame":[0,0,0,1,0,0,0,1,0,0,0,1],"EasingStyle":"Linear","EasingDirection":"In"},"Right Arm":{"Weight":1,"CFrame":[0.2729833424091339,-0.10905474424362183,-0.44825804233551028,0.40859848260879519,-0.16807764768600465,0.8971049189567566,0.8465027809143066,0.43732184171676638,-0.3036162853240967,-0.3412923216819763,0.8834588527679443,0.3209671378135681],"EasingStyle":"Linear","EasingDirection":"In"}}},{"Time":0.3333333432674408,"poses":{"Left Leg":{"Weight":1,"CFrame":[-0.20501181483268739,0.03888499736785889,0.11548519134521485,0.8323890566825867,-0.4221274256706238,0.35907799005508425,0.40096867084503176,0.9060023427009583,0.13558754324913026,-0.38256075978279116,0.03111742064356804,0.9234062433242798],"EasingStyle":"Linear","EasingDirection":"In"},"Right Leg":{"Weight":1,"CFrame":[0.37671878933906557,0.16021215915679933,-0.016724050045013429,0.9966482520103455,0.08179286122322083,-0.0015072578098624945,-0.08082959055900574,0.987415075302124,0.1359338015317917,0.012606754899024964,-0.1353563666343689,0.9907168745994568],"EasingStyle":"Linear","EasingDirection":"In"},"Left Arm":{"Weight":1,"CFrame":[-0.40304815769195559,-0.17630374431610108,-0.12038493156433106,-0.2675459086894989,0.45097145438194277,-0.8514951467514038,-0.8420281410217285,0.32017144560813906,0.43414151668548586,0.4684098958969116,0.833135724067688,0.2940700054168701],"EasingStyle":"Linear","EasingDirection":"In"},"Head":{"Weight":1,"CFrame":[9.022187441587448e-8,1.3969838619232178e-9,0,0.8802201151847839,-0.47437524795532229,-0.013447878882288933,0.4745500683784485,0.8800684213638306,0.016793599352240564,0.00386858475394547,-0.021163756027817727,0.9997685551643372],"EasingStyle":"Linear","EasingDirection":"In"},"Torso":{"Weight":1,"CFrame":[-0.10560183972120285,0.0019073056755587459,-0.1167607307434082,0.8715801239013672,0.49009209871292117,0.012563333846628666,-0.49013757705688479,0.8716448545455933,0.0006296755163930357,-0.010642166249454022,-0.006706575863063335,0.9999209046363831],"EasingStyle":"Linear","EasingDirection":"In"},"HumanoidRootPart":{"Weight":1,"CFrame":[0,0,0,1,0,0,0,1,0,0,0,1],"EasingStyle":"Linear","EasingDirection":"In"},"Right Arm":{"Weight":1,"CFrame":[0.22328421473503114,-0.19718345999717713,-0.4317350387573242,0.45578694343566897,-0.60303795337677,0.6546783447265625,0.8858180046081543,0.37928324937820437,-0.26734060049057009,-0.08709195256233216,0.7017760276794434,0.7070540189743042],"EasingStyle":"Linear","EasingDirection":"In"}}},{"Time":0.36666667461395266,"poses":{"Left Leg":{"Weight":1,"CFrame":[-0.20958080887794496,0.051177382469177249,0.09683811664581299,0.8693090677261353,-0.37752124667167666,0.31902918219566347,0.35336068272590639,0.9259967803955078,0.13291475176811219,-0.34559813141822817,-0.002811620943248272,0.9383784532546997],"EasingStyle":"Linear","EasingDirection":"In"},"Right Leg":{"Weight":1,"CFrame":[0.3389098048210144,0.13916701078414918,-0.026949822902679445,0.997832715511322,0.05485070124268532,0.03635088726878166,-0.05947883799672127,0.9881221055984497,0.14169365167617799,-0.02814703993499279,-0.14354869723320008,0.9892429113388062],"EasingStyle":"Linear","EasingDirection":"In"},"Left Arm":{"Weight":1,"CFrame":[-0.3443574905395508,-0.4018230438232422,-0.03671073913574219,-0.2662127912044525,0.6409426927566528,-0.7199468016624451,-0.9620900750160217,-0.22260898351669312,0.15756875276565553,-0.05927406996488571,0.7346003651618958,0.6759058833122253],"EasingStyle":"Linear","EasingDirection":"In"},"Head":{"Weight":1,"CFrame":[7.82310962677002e-8,0,-2.384185791015625e-7,0.8956925868988037,-0.4444314241409302,-0.014681042172014714,0.4446520209312439,0.8954876065254211,0.019660785794258119,0.004408819135278463,-0.024137968197464944,0.9996989965438843],"EasingStyle":"Linear","EasingDirection":"In"},"Torso":{"Weight":1,"CFrame":[-0.10529492795467377,-0.018617693334817888,-0.09584903717041016,0.8859566450119019,0.4635987877845764,0.012531403452157975,-0.463201105594635,0.8858862519264221,-0.02550404705107212,-0.022925039753317834,0.01679092086851597,0.9995961785316467],"EasingStyle":"Linear","EasingDirection":"In"},"HumanoidRootPart":{"Weight":1,"CFrame":[0,0,0,1,0,0,0,1,0,0,0,1],"EasingStyle":"Linear","EasingDirection":"In"},"Right Arm":{"Weight":1,"CFrame":[0.13098590075969697,-0.3481796383857727,-0.3779090642929077,0.12393107265233994,-0.9917305707931519,-0.03334226459264755,0.9813792705535889,0.12746848165988923,-0.1436896175146103,0.14675146341323853,-0.014913849532604218,0.9890609383583069],"EasingStyle":"Linear","EasingDirection":"In"}}},{"Time":0.4000000059604645,"poses":{"Left Leg":{"Weight":1,"CFrame":[-0.21781137585639954,0.05946004390716553,0.07091879844665528,0.9111026525497437,-0.32543691992759707,0.2529482841491699,0.30167827010154726,0.9446738958358765,0.12876881659030915,-0.2808597981929779,-0.04101255536079407,0.9588721394538879],"EasingStyle":"Linear","EasingDirection":"In"},"Right Leg":{"Weight":1,"CFrame":[0.2903866767883301,0.11504364013671875,-0.031191527843475343,0.996753454208374,0.03801002725958824,0.07097862660884857,-0.04808089882135391,0.9881073832511902,0.14605486392974854,-0.06458286941051483,-0.14899340271949769,0.9867269992828369],"EasingStyle":"Linear","EasingDirection":"In"},"Left Arm":{"Weight":1,"CFrame":[-0.31275469064712527,-0.5232563018798828,0.008344531059265137,-0.29160067439079287,0.7468942403793335,-0.5975936651229858,-0.882504403591156,-0.451066792011261,-0.1331343650817871,-0.3689919114112854,0.4885569214820862,0.790668785572052],"EasingStyle":"Linear","EasingDirection":"In"},"Head":{"Weight":1,"CFrame":[1.0058283805847168e-7,-1.4901161193847657e-8,-2.384185791015625e-7,0.9168798923492432,-0.39889347553253176,-0.014671115204691887,0.3991302251815796,0.9166571497917175,0.020852182060480119,0.005130581557750702,-0.024974634870886804,0.999674916267395],"EasingStyle":"Linear","EasingDirection":"In"},"Torso":{"Weight":1,"CFrame":[-0.10410872101783753,-0.02942381054162979,-0.07288217544555664,0.9137587547302246,0.4060233533382416,0.013790374621748925,-0.4052538275718689,0.9133604764938355,-0.03926879167556763,-0.028539633378386499,0.030293598771095277,0.9991335272789002],"EasingStyle":"Linear","EasingDirection":"In"},"HumanoidRootPart":{"Weight":1,"CFrame":[0,0,0,1,0,0,0,1,0,0,0,1],"EasingStyle":"Linear","EasingDirection":"In"},"Right Arm":{"Weight":1,"CFrame":[0.08128684014081955,-0.4282447397708893,-0.28039538860321047,-0.2732120752334595,-0.8926420211791992,-0.358532190322876,0.9582631587982178,-0.2199363112449646,-0.1826464682817459,0.08418361097574234,-0.3934694230556488,0.9154752492904663],"EasingStyle":"Linear","EasingDirection":"In"}}},{"Time":0.4333333373069763,"poses":{"Left Leg":{"Weight":1,"CFrame":[-0.19278940558433534,0.05550891160964966,0.05377471446990967,0.9302549958229065,-0.2929289638996124,0.22094851732254029,0.2712497413158417,0.9545541405677795,0.12349053472280503,-0.24708129465579987,-0.05494539067149162,0.9674357771873474],"EasingStyle":"Linear","EasingDirection":"In"},"Right Leg":{"Weight":1,"CFrame":[0.4218161702156067,0.11404377222061157,-0.045165956020355228,0.9772008657455444,0.19537334144115449,0.08311256766319275,-0.20578888058662415,0.9678926467895508,0.1443425714969635,-0.05224328488111496,-0.15815535187721253,0.9860312342643738],"EasingStyle":"Linear","EasingDirection":"In"},"Left Arm":{"Weight":1,"CFrame":[-0.32470181584358218,-0.4031796157360077,0.007283329963684082,-0.26514530181884768,0.850311815738678,-0.45460736751556399,-0.9072083234786987,-0.37970712780952456,-0.181095689535141,-0.3266054689884186,0.36440691351890566,0.8720874786376953],"EasingStyle":"Linear","EasingDirection":"In"},"Head":{"Weight":1,"CFrame":[8.35862010717392e-8,-4.6566128730773929e-9,-2.384185791015625e-7,0.9488989114761353,-0.3154754936695099,-0.00813150405883789,0.3153732419013977,0.9488946795463562,-0.01177217811346054,0.011429774574935437,0.008606146089732647,0.9998976588249207],"EasingStyle":"Linear","EasingDirection":"In"},"Torso":{"Weight":1,"CFrame":[-0.10342955589294434,-0.004037816077470779,-0.05487990379333496,0.9508993029594421,0.30915409326553347,0.014639316126704216,-0.3090735077857971,0.9510083198547363,-0.007536307442933321,-0.01625199057161808,0.0026416443288326265,0.9998644590377808],"EasingStyle":"Linear","EasingDirection":"In"},"HumanoidRootPart":{"Weight":1,"CFrame":[0,0,0,1,0,0,0,1,0,0,0,1],"EasingStyle":"Linear","EasingDirection":"In"},"Right Arm":{"Weight":1,"CFrame":[0.0823790580034256,-0.33028218150138857,-0.14393633604049684,-0.556469738483429,-0.7762331962585449,-0.2963167726993561,0.8299008011817932,-0.502070426940918,-0.24328996241092683,0.04007784649729729,-0.3812970221042633,0.9235835075378418],"EasingStyle":"Linear","EasingDirection":"In"}}},{"Time":0.46666666865348818,"poses":{"Left Leg":{"Weight":1,"CFrame":[-0.14946117997169496,0.04895871877670288,0.04639244079589844,0.9327796101570129,-0.2799266278743744,0.22707566618919373,0.2584422826766968,0.9585429430007935,0.1200127825140953,-0.2512565553188324,-0.05325952172279358,0.9664542078971863],"EasingStyle":"Linear","EasingDirection":"In"},"Right Leg":{"Weight":1,"CFrame":[0.5946667790412903,0.08301955461502075,-0.04671579599380493,0.9052788615226746,0.4191938638687134,0.06889604777097702,-0.42471766471862795,0.8966060280799866,0.12534984946250916,-0.009226634167134762,-0.14273802936077119,0.9897176027297974],"EasingStyle":"Linear","EasingDirection":"In"},"Left Arm":{"Weight":1,"CFrame":[-0.3525070548057556,-0.18017995357513429,-0.00014585256576538086,-0.18370744585990907,0.9486532807350159,-0.25750455260276797,-0.9692065715789795,-0.2185087651014328,-0.1135457381606102,-0.16398252546787263,0.22871586680412293,0.9595826268196106],"EasingStyle":"Linear","EasingDirection":"In"},"Head":{"Weight":1,"CFrame":[7.369089871644974e-8,-3.725290298461914e-9,1.1920928955078126e-7,0.9813563227653503,-0.1921830028295517,-0.0023556372616440059,0.19149422645568849,0.9787396192550659,-0.07347602397203446,0.01642640121281147,0.07165506482124329,0.9972941875457764],"EasingStyle":"Linear","EasingDirection":"In"},"Torso":{"Weight":1,"CFrame":[-0.10774500668048859,0.04253349453210831,-0.04565572738647461,0.9824986457824707,0.18604065477848054,0.009245006367564202,-0.18626989424228669,0.9811907410621643,0.0506778210401535,0.000357019598595798,-0.0515129528939724,0.9986722469329834],"EasingStyle":"Linear","EasingDirection":"In"},"HumanoidRootPart":{"Weight":1,"CFrame":[0,0,0,1,0,0,0,1,0,0,0,1],"EasingStyle":"Linear","EasingDirection":"In"},"Right Arm":{"Weight":1,"CFrame":[0.09002487361431122,-0.1483514904975891,-0.017783164978027345,-0.7395198345184326,-0.6384109854698181,-0.21340611577033997,0.6718758940696716,-0.6806790232658386,-0.2919906675815582,0.04114892706274986,-0.359315425157547,0.9323086142539978],"EasingStyle":"Linear","EasingDirection":"In"}}},{"Time":0.5,"poses":{"Left Leg":{"Weight":1,"CFrame":[-0.17428439855575562,0.047905147075653079,0.03566896915435791,0.9501835107803345,-0.26080650091171267,0.17067936062812806,0.2441680133342743,0.9631857872009277,0.11249544471502304,-0.1937354952096939,-0.06521687656641007,0.978883683681488],"EasingStyle":"Linear","EasingDirection":"In"},"Right Leg":{"Weight":1,"CFrame":[0.6573861241340637,0.034384191036224368,-0.020877718925476075,0.8357303738594055,0.5482838749885559,0.0306507870554924,-0.5481846332550049,0.829684853553772,0.10543570667505264,0.03237828612327576,-0.10491815209388733,0.9939537048339844],"EasingStyle":"Linear","EasingDirection":"In"},"Left Arm":{"Weight":1,"CFrame":[-0.3841168284416199,-0.060103416442871097,-0.02031087875366211,-0.08899649977684021,0.9822209477424622,-0.16529245674610139,-0.9934515357017517,-0.09947287291288376,-0.056206777691841128,-0.07164959609508515,0.1592077910900116,0.9846416711807251],"EasingStyle":"Linear","EasingDirection":"In"},"Head":{"Weight":1,"CFrame":[8.568167686462403e-8,1.1175870895385743e-8,-2.980232238769531e-7,0.9981350898742676,-0.060776736587285998,-0.005714491941034794,0.05982150509953499,0.9924845099449158,-0.10675198584794998,0.01215958222746849,0.10621103644371033,0.9942693114280701],"EasingStyle":"Linear","EasingDirection":"In"},"Torso":{"Weight":1,"CFrame":[-0.11447056382894516,0.0673404186964035,-0.04395747184753418,0.9982990622520447,0.058294426649808887,0.0008380588260479271,-0.058167964220047,0.99495929479599,0.08168648928403855,0.003928031772375107,-0.08159630000591278,0.9966577291488648],"EasingStyle":"Linear","EasingDirection":"In"},"HumanoidRootPart":{"Weight":1,"CFrame":[0,0,0,1,0,0,0,1,0,0,0,1],"EasingStyle":"Linear","EasingDirection":"In"},"Right Arm":{"Weight":1,"CFrame":[0.1107775866985321,-0.050388872623443606,0.037685275077819827,-0.80463707447052,-0.5777201652526856,-0.13710899651050569,0.589497983455658,-0.7496220469474793,-0.3009299039840698,0.07107331603765488,-0.3229648768901825,0.943738579750061],"EasingStyle":"Linear","EasingDirection":"In"}}},{"Time":0.5333333611488342,"poses":{"Left Leg":{"Weight":1,"CFrame":[-0.322685182094574,0.05722993612289429,0.013436317443847657,0.9621666073799133,-0.2679389417171478,0.0494382344186306,0.26217275857925417,0.9598567485809326,0.09970221668481827,-0.07416778057813645,-0.08296875655651093,0.9937884211540222],"EasingStyle":"Linear","EasingDirection":"In"},"Right Leg":{"Weight":1,"CFrame":[0.6371890902519226,0.012046396732330323,0.014696359634399414,0.8045743107795715,0.5935289263725281,-0.019591623917222024,-0.587740421295166,0.8005813956260681,0.11675059795379639,0.0849796012043953,-0.08241976797580719,0.9929680824279785],"EasingStyle":"Linear","EasingDirection":"In"},"Left Arm":{"Weight":1,"CFrame":[-0.40931084752082827,-0.0920674204826355,-0.0746195912361145,-0.02857883647084236,0.8938953876495361,-0.4473639130592346,-0.9993664622306824,-0.016054263338446618,0.031763747334480289,0.02121138572692871,0.4479881823062897,0.8937878012657166],"EasingStyle":"Linear","EasingDirection":"In"},"Head":{"Weight":1,"CFrame":[7.82310962677002e-8,-2.0023435354232789e-8,-5.960464477539063e-8,0.9987594485282898,0.04853405803442001,-0.011142945848405362,-0.04944165050983429,0.9931679368019104,-0.10570278018712998,0.005936630070209503,0.10612259060144425,0.994335412979126],"EasingStyle":"Linear","EasingDirection":"In"},"Torso":{"Weight":1,"CFrame":[-0.10589144378900528,0.06726112961769104,-0.04647040367126465,0.9985713362693787,-0.053403183817863467,-0.0018921991577371956,0.05337941274046898,0.9952357411384583,0.08158735185861588,-0.002473840257152915,-0.0815717950463295,0.9966644048690796],"EasingStyle":"Linear","EasingDirection":"In"},"HumanoidRootPart":{"Weight":1,"CFrame":[0,0,0,1,0,0,0,1,0,0,0,1],"EasingStyle":"Linear","EasingDirection":"In"},"Right Arm":{"Weight":1,"CFrame":[0.23850277066230775,-0.1824702024459839,-0.011901319026947022,-0.7804455757141113,-0.622314989566803,0.060240983963012698,0.6232781410217285,-0.766801655292511,0.15342646837234498,-0.04928670451045036,0.1572878658771515,0.9863221645355225],"EasingStyle":"Linear","EasingDirection":"In"}}},{"Time":0.5666666626930237,"poses":{"Left Leg":{"Weight":1,"CFrame":[-0.48534661531448367,0.07833123207092285,-0.028092563152313234,0.9517760872840881,-0.3028981387615204,-0.04873333126306534,0.3061385154724121,0.9480591416358948,0.08638964593410492,0.020034780725836755,-0.09714274108409882,0.9950687885284424],"EasingStyle":"Linear","EasingDirection":"In"},"Right Leg":{"Weight":1,"CFrame":[0.6082961559295654,0.008193790912628174,0.04312002658843994,0.7810128927230835,0.6215304732322693,-0.060980796813964847,-0.6082797646522522,0.7791939973831177,0.15116992592811585,0.14147265255451203,-0.08097229897975922,0.9866251349449158],"EasingStyle":"Linear","EasingDirection":"In"},"Left Arm":{"Weight":1,"CFrame":[-0.42520081996917727,-0.1514286994934082,-0.14545869827270509,-0.03005400486290455,0.518917977809906,-0.854295551776886,-0.9777548909187317,0.16223818063735963,0.13294437527656556,0.2075866162776947,0.8392872214317322,0.5024986267089844],"EasingStyle":"Linear","EasingDirection":"In"},"Head":{"Weight":1,"CFrame":[8.381903171539307e-8,-1.30385160446167e-8,5.960464477539063e-7,0.9925366640090942,0.12114392966032028,-0.013970423489809037,-0.12193627655506134,0.9874230027198792,-0.10063566267490387,0.0016033180290833116,0.10158809274435044,0.9948253631591797],"EasingStyle":"Linear","EasingDirection":"In"},"Torso":{"Weight":1,"CFrame":[-0.08117961138486862,0.06656496226787567,-0.055799245834350589,0.9913033843040466,-0.13158713281154633,-0.001626148005016148,0.1312880665063858,0.9880527257919312,0.08071713894605637,-0.009014616720378399,-0.08022864907979965,0.9967358112335205],"EasingStyle":"Linear","EasingDirection":"In"},"HumanoidRootPart":{"Weight":1,"CFrame":[0,0,0,1,0,0,0,1,0,0,0,1],"EasingStyle":"Linear","EasingDirection":"In"},"Right Arm":{"Weight":1,"CFrame":[0.4448113739490509,-0.42776399850845339,-0.10399085283279419,-0.7850782871246338,-0.4985513985157013,0.367557555437088,0.5274033546447754,-0.22687867283821107,0.8187623620033264,-0.3248040974140167,0.836643636226654,0.44105514883995058],"EasingStyle":"Linear","EasingDirection":"In"}}},{"Time":0.6000000238418579,"poses":{"Left Leg":{"Weight":1,"CFrame":[-0.5755943655967712,0.09491586685180664,-0.055346667766571048,0.9394035339355469,-0.33096763491630556,-0.0893389955163002,0.33754366636276247,0.9385198950767517,0.07242004573345185,0.05987770855426788,-0.09818749129772186,0.9933649301528931],"EasingStyle":"Linear","EasingDirection":"In"},"Right Leg":{"Weight":1,"CFrame":[0.6089537739753723,0.015463829040527344,0.05191445350646973,0.7663426399230957,0.6383181810379028,-0.07258697599172592,-0.619429349899292,0.764135479927063,0.18001201748847962,0.17037129402160645,-0.09298836439847946,0.9809826612472534],"EasingStyle":"Linear","EasingDirection":"In"},"Left Arm":{"Weight":1,"CFrame":[-0.4307318925857544,-0.18339306116104127,-0.18066388368606568,-0.001790765905752778,0.1937224268913269,-0.9810547828674316,-0.9324877858161926,0.35403192043304446,0.0716104581952095,0.36119726300239565,0.9149498343467712,0.18000967800617219],"EasingStyle":"Linear","EasingDirection":"In"},"Head":{"Weight":1,"CFrame":[8.195638656616211e-8,-3.073364496231079e-8,-5.960464477539063e-8,0.9889637231826782,0.147606760263443,-0.012769853696227074,-0.14815747737884522,0.985029399394989,-0.08812784403562546,-0.00042958365520462394,0.08904717862606049,0.996027410030365],"EasingStyle":"Linear","EasingDirection":"In"},"Torso":{"Weight":1,"CFrame":[-0.053961463272571567,0.06464141607284546,-0.07464599609375,0.9869630932807922,-0.1609448492527008,-0.0007886851672083139,0.1605115681886673,0.9839223623275757,0.0783127099275589,-0.011828020215034485,-0.07741833478212357,0.9969286322593689],"EasingStyle":"Linear","EasingDirection":"In"},"HumanoidRootPart":{"Weight":1,"CFrame":[0,0,0,1,0,0,0,1,0,0,0,1],"EasingStyle":"Linear","EasingDirection":"In"},"Right Arm":{"Weight":1,"CFrame":[0.552875816822052,-0.5598456859588623,-0.1535775065422058,-0.7792147994041443,-0.35954487323760989,0.5133730173110962,0.40789005160331728,0.3309929072856903,0.8509226441383362,-0.4758676588535309,0.8724513053894043,-0.11125984787940979],"EasingStyle":"Linear","EasingDirection":"In"}}},{"Time":0.6333333253860474,"poses":{"Left Leg":{"Weight":1,"CFrame":[-0.5912389159202576,0.1133381724357605,-0.05008751153945923,0.9444578886032105,-0.3196413815021515,-0.07634620368480683,0.32451656460762026,0.9437658190727234,0.06320676952600479,0.051849428564310077,-0.0844716802239418,0.9950760006904602],"EasingStyle":"Linear","EasingDirection":"In"},"Right Leg":{"Weight":1,"CFrame":[0.616436779499054,0.04542428255081177,0.045586585998535159,0.7899430990219116,0.6091940999031067,-0.06980184465646744,-0.5892816185951233,0.7856916785240173,0.188243880