{"Sequence":[{"Time":0,"poses":{"Left Leg":{"Weight":1,"CFrame":[-0.44762974977493288,0.03162449598312378,-0.0005908608436584473,0.9842814207077026,-0.17645595967769624,-0.007313836365938187,0.1763363927602768,0.9842211604118347,-0.014637119136750698,0.009781201370060444,0.013117379508912564,0.9998661279678345],"EasingStyle":"Linear","EasingDirection":"In"},"Right Arm":{"Weight":1,"CFrame":[0.5570148229598999,-0.6191331148147583,-0.09505760669708252,-0.7933560609817505,-0.5321822166442871,0.29558148980140688,0.6066039204597473,-0.7319161295890808,0.3103715777397156,0.051166705787181857,0.4255361258983612,0.9034938216209412],"EasingStyle":"Linear","EasingDirection":"In"},"Head":{"Weight":1,"CFrame":[9.755603969097138e-8,-2.227898221462965e-8,-2.980232238769531e-7,0.9987700581550598,0.015609251335263253,0.04706261307001114,-0.02144618332386017,0.9917739033699036,0.12619276344776154,-0.04470568895339966,-0.1270468384027481,0.9908888339996338],"EasingStyle":"Linear","EasingDirection":"In"},"Right Leg":{"Weight":1,"CFrame":[0.45265161991119387,0.04437434673309326,0.003664255142211914,0.9792542457580566,0.2022324651479721,-0.012779989279806614,-0.20205630362033845,0.9792760610580444,0.013847335241734982,0.015315577387809754,-0.010977844707667828,0.9998224973678589],"EasingStyle":"Linear","EasingDirection":"In"},"Torso":{"Weight":1,"CFrame":[0.0007464997470378876,-0.05928787589073181,-0.06757092475891113,0.999574601650238,-0.028328340500593187,-0.00694070290774107,0.02777022495865822,0.9971317052841187,-0.07040739804506302,0.008915318176150322,0.07018469274044037,0.9974942803382874],"EasingStyle":"Linear","EasingDirection":"In"},"HumanoidRootPart":{"Weight":1,"CFrame":[0,0,0,1,0,0,0,1,0,0,0,1],"EasingStyle":"Linear","EasingDirection":"In"},"Left Arm":{"Weight":1,"CFrame":[-0.5717700123786926,-0.8312138319015503,0.007621407508850098,-0.5590330362319946,0.8160859942436218,-0.1465800404548645,-0.794135570526123,-0.47616708278656008,0.3776424825191498,0.23839211463928224,0.3275189697742462,0.9142760038375855],"EasingStyle":"Linear","EasingDirection":"In"}}},{"Time":0.03333333507180214,"poses":{"Left Leg":{"Weight":1,"CFrame":[-0.4177350699901581,0.04291445016860962,-0.0030643343925476076,0.9874907732009888,-0.15730677545070649,-0.010795073583722115,0.1571270078420639,0.9874511361122131,-0.01585952378809452,0.013154381886124611,0.013964930549263955,0.9998159408569336],"EasingStyle":"Linear","EasingDirection":"In"},"Right Arm":{"Weight":1,"CFrame":[0.5660170912742615,-0.6289440393447876,-0.09586185216903687,-0.808095395565033,-0.5117766261100769,0.29166197776794436,0.5864134430885315,-0.7457504272460938,0.3161891996860504,0.05568889155983925,0.4265454411506653,0.9027501344680786],"EasingStyle":"Linear","EasingDirection":"In"},"Head":{"Weight":1,"CFrame":[9.476207196712494e-8,-5.464244168251753e-9,0,0.9990631937980652,0.004717022646218538,0.043018460273742679,-0.009913132525980473,0.9925556182861328,0.12138834595680237,-0.04212561622262001,-0.12170104682445526,0.9916725754737854],"EasingStyle":"Linear","EasingDirection":"In"},"Right Leg":{"Weight":1,"CFrame":[0.4234955310821533,0.05659139156341553,0.0059854984283447269,0.98213791847229,0.18745678663253785,-0.01627994515001774,-0.18721802532672883,0.9822016954421997,0.01514047384262085,0.018828440457582475,-0.011822175234556198,0.9997528791427612],"EasingStyle":"Linear","EasingDirection":"In"},"Torso":{"Weight":1,"CFrame":[0.0036782287061214449,-0.05926772952079773,-0.07399821281433106,0.9994771480560303,-0.03153156489133835,-0.007152082398533821,0.030951090157032014,0.9970402717590332,-0.07037565112113953,0.009349968284368515,0.07011749595403671,0.9974949359893799],"EasingStyle":"Linear","EasingDirection":"In"},"HumanoidRootPart":{"Weight":1,"CFrame":[0,0,0,1,0,0,0,1,0,0,0,1],"EasingStyle":"Linear","EasingDirection":"In"},"Left Arm":{"Weight":1,"CFrame":[-0.5773958563804627,-0.8306633234024048,0.009989023208618164,-0.5898661017417908,0.7915934324264526,-0.1594928354024887,-0.7680043578147888,-0.4889462888240814,0.41364338994026186,0.24945390224456788,0.36648517847061159,0.8963600397109985],"EasingStyle":"Linear","EasingDirection":"In"}}},{"Time":0.06666667014360428,"poses":{"Left Leg":{"Weight":1,"CFrame":[-0.399693101644516,0.058549463748931888,-0.006595134735107422,0.9894304275512695,-0.14404982328414918,-0.016649154946208,0.1437973976135254,0.989486038684845,-0.015482503920793534,0.01870431937277317,0.01292475312948227,0.9997414946556091],"EasingStyle":"Linear","EasingDirection":"In"},"Right Arm":{"Weight":1,"CFrame":[0.5789369940757752,-0.638512134552002,-0.09642088413238526,-0.8232410550117493,-0.4905256927013397,0.2857601046562195,0.5647022724151611,-0.7591844797134399,0.323651522397995,0.05818530172109604,0.4278125464916229,0.901992678642273],"EasingStyle":"Linear","EasingDirection":"In"},"Head":{"Weight":1,"CFrame":[9.73232090473175e-8,-2.032174961641431e-8,-5.960464477539063e-8,0.9994099140167236,-0.0061470321379601959,0.033794105052948,0.0024444153532385828,0.9940900206565857,0.10853150486946106,-0.03426152840256691,-0.1083848625421524,0.9935184717178345],"EasingStyle":"Linear","EasingDirection":"In"},"Right Leg":{"Weight":1,"CFrame":[0.4001566767692566,0.07132267951965332,0.009435892105102539,0.983776867389679,0.17802387475967408,-0.022151656448841096,-0.1777246743440628,0.9839685559272766,0.014831505715847016,0.02443694695830345,-0.010653994977474213,0.9996446371078491],"EasingStyle":"Linear","EasingDirection":"In"},"Torso":{"Weight":1,"CFrame":[0.004888301715254784,-0.05912208557128906,-0.08592367172241211,0.9992730021476746,-0.0374639555811882,-0.007067506667226553,0.03687687963247299,0.996852695941925,-0.07017673552036286,0.009674361906945706,0.06986509263515473,0.9975095391273499],"EasingStyle":"Linear","EasingDirection":"In"},"HumanoidRootPart":{"Weight":1,"CFrame":[0,0,0,1,0,0,0,1,0,0,0,1],"EasingStyle":"Linear","EasingDirection":"In"},"Left Arm":{"Weight":1,"CFrame":[-0.581461489200592,-0.8268105983734131,0.012533783912658692,-0.6295489072799683,0.7576914429664612,-0.17196519672870637,-0.7340116500854492,-0.507429301738739,0.45137861371040347,0.2547454535961151,0.4103891849517822,0.8756057620048523],"EasingStyle":"Linear","EasingDirection":"In"}}},{"Time":0.10000000149011612,"poses":{"Left Leg":{"Weight":1,"CFrame":[-0.4105862081050873,0.06351059675216675,-0.007979750633239746,0.9885501861572266,-0.14957913756370545,-0.01986551843583584,0.14928634464740754,0.9886726140975952,-0.015491966158151627,0.021957725286483766,0.012348929420113564,0.9996827244758606],"EasingStyle":"Linear","EasingDirection":"In"},"Right Arm":{"Weight":1,"CFrame":[0.5951383113861084,-0.6477417945861816,-0.09677940607070923,-0.838616132736206,-0.46834254264831545,0.2781696915626526,0.5415226817131043,-0.7720629572868347,0.3326742947101593,0.05895896255970001,0.4296211302280426,0.9010823965072632],"EasingStyle":"Linear","EasingDirection":"In"},"Head":{"Weight":1,"CFrame":[9.848736226558685e-8,-1.3307726476341486e-8,2.384185791015625e-7,0.9996293187141419,-0.0165533646941185,0.021619878709316255,0.014527902938425541,0.9957725405693054,0.0906977728009224,-0.023029835894703866,-0.09035005420446396,0.9956437945365906],"EasingStyle":"Linear","EasingDirection":"In"},"Right Leg":{"Weight":1,"CFrame":[0.4066881537437439,0.07551151514053345,0.010865569114685059,0.9824559092521668,0.1847601979970932,-0.025376731529831888,-0.18442806601524354,0.9827333688735962,0.014878780581057072,0.027687624096870424,-0.0099375881254673,0.9995672702789307],"EasingStyle":"Linear","EasingDirection":"In"},"Torso":{"Weight":1,"CFrame":[0.005116498097777367,-0.05863206088542938,-0.0923154354095459,0.9991489052772522,-0.040655575692653659,-0.006986263673752546,0.040072694420814517,0.996773898601532,-0.06954115629196167,0.00979096069931984,0.0692019984126091,0.9975547194480896],"EasingStyle":"Linear","EasingDirection":"In"},"HumanoidRootPart":{"Weight":1,"CFrame":[0,0,0,1,0,0,0,1,0,0,0,1],"EasingStyle":"Linear","EasingDirection":"In"},"Left Arm":{"Weight":1,"CFrame":[-0.5849807262420654,-0.816352128982544,0.015218257904052735,-0.6728239059448242,0.7163299918174744,-0.18487697839736939,-0.6948780417442322,-0.5261580944061279,0.49020636081695559,0.2538749575614929,0.45828935503959658,0.8517735600471497],"EasingStyle":"Linear","EasingDirection":"In"}}},{"Time":0.13333334028720857,"poses":{"Left Leg":{"Weight":1,"CFrame":[-0.40989330410957339,0.06283044815063477,-0.006719112396240234,0.9875683784484863,-0.15631644427776338,-0.016551831737160684,0.15615059435367585,0.9876733422279358,-0.010884275659918785,0.01804915815591812,0.00816440675407648,0.9998038411140442],"EasingStyle":"Linear","EasingDirection":"In"},"Right Arm":{"Weight":1,"CFrame":[0.6139841079711914,-0.6565393805503845,-0.096981942653656,-0.8540349006652832,-0.4451539218425751,0.26918837428092959,0.5169346928596497,-0.7842218279838562,0.3431831896305084,0.05833406746387482,0.43224313855171206,0.8998682498931885],"EasingStyle":"Linear","EasingDirection":"In"},"Head":{"Weight":1,"CFrame":[9.359791874885559e-8,-1.3969838619232178e-9,3.5762786865234377e-7,0.9996251463890076,-0.02598012611269951,0.00864376313984394,0.02530134841799736,0.9971510767936707,0.07106181979179383,-0.010465333238244057,-0.07081648707389832,0.9974345564842224],"EasingStyle":"Linear","EasingDirection":"In"},"Right Leg":{"Weight":1,"CFrame":[0.4053195118904114,0.06958246231079102,0.009528398513793946,0.9819782376289368,0.18770307302474976,-0.022055191919207574,-0.18751659989356996,0.9822078943252564,0.01025764737278223,0.023588238283991815,-0.005937101319432259,0.999704122543335],"EasingStyle":"Linear","EasingDirection":"In"},"Torso":{"Weight":1,"CFrame":[0.0013209227472543717,-0.05437164008617401,-0.0907278060913086,0.9992548227310181,-0.03820046782493591,-0.005528753157705069,0.037767618894577029,0.9972228407859802,-0.06419047713279724,0.007965505123138428,0.0639338493347168,0.9979223608970642],"EasingStyle":"Linear","EasingDirection":"In"},"HumanoidRootPart":{"Weight":1,"CFrame":[0,0,0,1,0,0,0,1,0,0,0,1],"EasingStyle":"Linear","EasingDirection":"In"},"Left Arm":{"Weight":1,"CFrame":[-0.5889676213264465,-0.7959862947463989,0.018005967140197755,-0.7147263884544373,0.670332670211792,-0.1995503008365631,-0.6543362736701965,-0.5401149988174439,0.5292636156082153,0.24700254201889039,0.5088515877723694,0.8246572613716126],"EasingStyle":"Linear","EasingDirection":"In"}}},{"Time":0.1666666716337204,"poses":{"Left Leg":{"Weight":1,"CFrame":[-0.4079133868217468,0.06109994649887085,-0.0038260817527770998,0.9853937029838562,-0.1700778752565384,-0.008527101017534733,0.17007942497730256,0.9854301810264587,-0.0005528785404749215,0.00849685538560152,-0.0009054674883373082,0.9999635219573975],"EasingStyle":"Linear","EasingDirection":"In"},"Right Arm":{"Weight":1,"CFrame":[0.6348382234573364,-0.6648118495941162,-0.09707295894622803,-0.8693096041679382,-0.42090100049972536,0.2591201364994049,0.4910098612308502,-0.7954883575439453,0.35511645674705508,0.05665820464491844,0.4359365701675415,0.8981920480728149],"EasingStyle":"Linear","EasingDirection":"In"},"Head":{"Weight":1,"CFrame":[9.755603969097138e-8,1.0477378964424134e-9,2.384185791015625e-7,0.99942547082901,-0.0337548591196537,-0.003071025013923645,0.03387012332677841,0.9980253577232361,0.052899785339832309,0.0012793364003300667,-0.05297341197729111,0.998595118522644],"EasingStyle":"Linear","EasingDirection":"In"},"Right Leg":{"Weight":1,"CFrame":[0.4032553434371948,0.056382954120635989,0.006464362144470215,0.9810916185379028,0.19303517043590547,-0.014021283946931363,-0.19305536150932313,0.9811879396438599,-0.00008421907114097849,0.013741327449679375,0.002789462683722377,0.9999017119407654],"EasingStyle":"Linear","EasingDirection":"In"},"Torso":{"Weight":1,"CFrame":[-0.006994494702666998,-0.04596008360385895,-0.08672904968261719,0.9994856119155884,-0.031990066170692447,-0.002278663916513324,0.031821876764297488,0.9980524778366089,-0.05365297198295593,0.003990588244050741,0.05355285853147507,0.9985570311546326],"EasingStyle":"Linear","EasingDirection":"In"},"HumanoidRootPart":{"Weight":1,"CFrame":[0,0,0,1,0,0,0,1,0,0,0,1],"EasingStyle":"Linear","EasingDirection":"In"},"Left Arm":{"Weight":1,"CFrame":[-0.5941268801689148,-0.7540364265441895,0.020801663398742677,-0.7482360005378723,0.6258437633514404,-0.22014184296131135,-0.6193498969078064,-0.5400036573410034,0.5699140429496765,0.2377997785806656,0.5627748966217041,0.7916662693023682],"EasingStyle":"Linear","EasingDirection":"In"}}},{"Time":0.20000000298023225,"poses":{"Left Leg":{"Weight":1,"CFrame":[-0.4023614525794983,0.05798220634460449,-0.00007331371307373047,0.9831522107124329,-0.18278339505195619,0.0014165998436510563,0.1827610284090042,0.9831081032752991,0.00984256062656641,-0.003191753989085555,-0.009417811408638955,0.9999505877494812],"EasingStyle":"Linear","EasingDirection":"In"},"Right Arm":{"Weight":1,"CFrame":[0.6570640802383423,-0.6724632978439331,-0.09709703922271729,-0.8842554688453674,-0.39553967118263247,0.2482750415802002,0.4638355076313019,-0.8056793212890625,0.3684258759021759,0.054303064942359927,0.44094130396842959,0.8958917260169983],"EasingStyle":"Linear","EasingDirection":"In"},"Head":{"Weight":1,"CFrame":[9.598443284630776e-8,2.4010660126805307e-8,2.384185791015625e-7,0.9991700649261475,-0.039064813405275348,-0.011535734869539738,0.03949274122714996,0.9984368681907654,0.03954993188381195,0.009972690604627133,-0.039972685277462009,0.9991511106491089],"EasingStyle":"Linear","EasingDirection":"In"},"Right Leg":{"Weight":1,"CFrame":[0.39941924810409548,0.04250943660736084,0.0024733543395996095,0.9805885553359985,0.19603441655635835,-0.004087653011083603,-0.19606724381446839,0.9805351495742798,-0.01041652075946331,0.001966139767318964,0.0110157560557127,0.9999374747276306],"EasingStyle":"Linear","EasingDirection":"In"},"Torso":{"Weight":1,"CFrame":[-0.015292195603251458,-0.03774692863225937,-0.08122491836547852,0.9997182488441467,-0.023720405995845796,0.0009935685666278005,0.023741181939840318,0.9987769722938538,-0.04336964339017868,0.00003639194983406924,0.04338100552558899,0.9990586042404175],"EasingStyle":"Linear","EasingDirection":"In"},"HumanoidRootPart":{"Weight":1,"CFrame":[0,0,0,1,0,0,0,1,0,0,0,1],"EasingStyle":"Linear","EasingDirection":"In"},"Left Arm":{"Weight":1,"CFrame":[-0.5999272465705872,-0.6925108432769775,0.0232774019241333,-0.7703340649604797,0.5867820382118225,-0.24954389035701753,-0.5947924256324768,-0.5202159285545349,0.6128602623939514,0.22979871928691865,0.62053382396698,0.749753475189209],"EasingStyle":"Linear","EasingDirection":"In"}}},{"Time":0.23333333432674409,"poses":{"Left Leg":{"Weight":1,"CFrame":[-0.39169707894325259,0.05325394868850708,0.00371396541595459,0.9823668599128723,-0.1866512894630432,0.010802489705383778,0.18648988008499146,0.9823512434959412,0.014407004229724408,-0.013300968334078789,-0.012138394638895989,0.9998379349708557],"EasingStyle":"Linear","EasingDirection":"In"},"Right Arm":{"Weight":1,"CFrame":[0.6800253391265869,-0.6794009208679199,-0.09709882736206055,-0.8986958861351013,-0.3690408766269684,0.23696985840797425,0.435518741607666,-0.8146012425422669,0.3830775320529938,0.05166466534137726,0.4474748969078064,0.892802894115448],"EasingStyle":"Linear","EasingDirection":"In"},"Head":{"Weight":1,"CFrame":[1.0547228157520294e-7,8.789356797933579e-9,-1.7881393432617188e-7,0.9990484714508057,-0.04102702811360359,-0.0147957568988204,0.04151531308889389,0.998546838760376,0.03436087816953659,0.013364531099796296,-0.03494243323802948,0.9993000626564026],"EasingStyle":"Linear","EasingDirection":"In"},"Right Leg":{"Weight":1,"CFrame":[0.3940936028957367,0.0343281626701355,-0.0014774799346923829,0.9813008308410645,0.19240796566009522,0.005278110038489103,-0.19231228530406953,0.9812209606170654,-0.014884904026985169,-0.008042905479669571,0.01359149906784296,0.9998753070831299],"EasingStyle":"Linear","EasingDirection":"In"},"Torso":{"Weight":1,"CFrame":[-0.0191180482506752,-0.034059301018714908,-0.07494521141052246,0.9998842477798462,-0.015023262239992619,0.002413233509287238,0.015105531550943852,0.9991346001625061,-0.038753580302000049,-0.0018289400031790138,0.03878554701805115,0.9992458820343018],"EasingStyle":"Linear","EasingDirection":"In"},"HumanoidRootPart":{"Weight":1,"CFrame":[0,0,0,1,0,0,0,1,0,0,0,1],"EasingStyle":"Linear","EasingDirection":"In"},"Left Arm":{"Weight":1,"CFrame":[-0.6055281758308411,-0.6286352872848511,0.02504599094390869,-0.7814851999282837,0.5536563396453857,-0.28765517473220827,-0.5822699069976807,-0.48154348134994509,0.655040442943573,0.22414880990982057,0.6793972253799439,0.6986963152885437],"EasingStyle":"Linear","EasingDirection":"In"}}},{"Time":0.2666666805744171,"poses":{"Left Leg":{"Weight":1,"CFrame":[-0.37726184725761416,0.04759204387664795,0.0068433284759521488,0.9829915761947632,-0.1827126145362854,0.018542442470788957,0.18247856199741364,0.9831154346466065,0.013626906089484692,-0.02071920596063137,-0.010011504404246807,0.9997352957725525],"EasingStyle":"Linear","EasingDirection":"In"},"Right Arm":{"Weight":1,"CFrame":[0.7030853629112244,-0.6855287551879883,-0.09712308645248413,-0.9124653935432434,-0.3413870334625244,0.22552596032619477,0.40618985891342165,-0.8220500349998474,0.3990534543991089,0.04916198179125786,0.4557287096977234,0.888759970664978],"EasingStyle":"Linear","EasingDirection":"In"},"Head":{"Weight":1,"CFrame":[1.0780058801174164e-7,-2.291926648467779e-9,3.5762786865234377e-7,0.9991385340690613,-0.040193211287260059,-0.010333333164453507,0.040549274533987048,0.9984948039054871,0.03693140670657158,0.0088333860039711,-0.037318598479032519,0.9992644190788269],"EasingStyle":"Linear","EasingDirection":"In"},"Right Leg":{"Weight":1,"CFrame":[0.38706254959106448,0.03128933906555176,-0.004713177680969238,0.9829081296920776,0.18363752961158753,0.012998937629163266,-0.18345589935779572,0.9829280376434326,-0.0140198590233922,-0.015351538546383381,0.011395487934350968,0.9998171925544739],"EasingStyle":"Linear","EasingDirection":"In"},"Torso":{"Weight":1,"CFrame":[-0.018532630056142808,-0.03406842052936554,-0.06844735145568848,0.9999720454216003,-0.007138289511203766,0.0022326228208839895,0.007219487801194191,0.9992222785949707,-0.03876497969031334,-0.001954170875251293,0.03878001496195793,0.9992458820343018],"EasingStyle":"Linear","EasingDirection":"In"},"HumanoidRootPart":{"Weight":1,"CFrame":[0,0,0,1,0,0,0,1,0,0,0,1],"EasingStyle":"Linear","EasingDirection":"In"},"Left Arm":{"Weight":1,"CFrame":[-0.6100892424583435,-0.5796346068382263,0.02572154998779297,-0.7811904549598694,0.5273396968841553,-0.33414700627326968,-0.5831878781318665,-0.4254172742366791,0.6920348405838013,0.2227855622768402,0.7354814410209656,0.6398700475692749],"EasingStyle":"Linear","EasingDirection":"In"}}},{"Time":0.30000001192092898,"poses":{"Left Leg":{"Weight":1,"CFrame":[-0.36179110407829287,0.04231595993041992,0.009297013282775879,0.9837639331817627,-0.17766882479190827,0.02534516341984272,0.17741654813289643,0.9840640425682068,0.011893843300640583,-0.02705446630716324,-0.007204096298664808,0.999608039855957],"EasingStyle":"Linear","EasingDirection":"In"},"Right Arm":{"Weight":1,"CFrame":[0.7256075739860535,-0.6907544136047363,-0.09721416234970093,-0.9254130125045776,-0.31257063150405886,0.2142675518989563,0.3760051727294922,-0.8278121948242188,0.416349858045578,0.04723455384373665,0.46586117148399355,0.8835961222648621],"EasingStyle":"Linear","EasingDirection":"In"},"Head":{"Weight":1,"CFrame":[1.0347866918891668e-7,1.8558381498223754e-8,-5.960464477539063e-8,0.9992715120315552,-0.038155779242515567,0.0008194815600290895,0.03808272257447243,0.9983038306236267,0.04403606802225113,-0.002498321933671832,-0.04397277534008026,0.9990296363830566],"EasingStyle":"Linear","EasingDirection":"In"},"Right Leg":{"Weight":1,"CFrame":[0.37811124324798586,0.029408931732177736,-0.007292330265045166,0.9845082759857178,0.17421884834766389,0.019781086593866349,-0.17400255799293519,0.9846698045730591,-0.012191043235361576,-0.021601686254143716,0.008560189977288247,0.9997299909591675],"EasingStyle":"Linear","EasingDirection":"In"},"Torso":{"Weight":1,"CFrame":[-0.01640148088335991,-0.03407979756593704,-0.06253504753112793,0.9999980330467224,0.0000224789710046025,0.0019804213661700489,0.00005433717160485685,0.9992479085922241,-0.03877918794751167,-0.0019798034336417915,0.03877922147512436,0.999245822429657],"EasingStyle":"Linear","EasingDirection":"In"},"HumanoidRootPart":{"Weight":1,"CFrame":[0,0,0,1,0,0,0,1,0,0,0,1],"EasingStyle":"Linear","EasingDirection":"In"},"Left Arm":{"Weight":1,"CFrame":[-0.6129888892173767,-0.5481047034263611,0.022083044052124025,-0.7747275233268738,0.5018013715744019,-0.38469818234443667,-0.5912951827049255,-0.3594486713409424,0.7219187617301941,0.22398065030574799,0.7867605090141296,0.5751875042915344],"EasingStyle":"Linear","EasingDirection":"In"}}},{"Time":0.3333333432674408,"poses":{"Left Leg":{"Weight":1,"CFrame":[-0.348335325717926,0.03766828775405884,0.011381149291992188,0.9843218326568604,-0.17353565990924836,0.03155921772122383,0.17333577573299409,0.9848218560218811,0.008983930572867394,-0.032639291137456897,-0.00337278563529253,0.9994615316390991],"EasingStyle":"Linear","EasingDirection":"In"},"Right Arm":{"Weight":1,"CFrame":[0.7469557523727417,-0.6949828863143921,-0.09741657972335816,-0.9371769428253174,-0.28323230147361758,0.2036638855934143,0.3457866311073303,-0.8314507007598877,0.4348810613155365,0.046164169907569888,0.47798460721969607,0.8771542310714722],"EasingStyle":"Linear","EasingDirection":"In"},"Head":{"Weight":1,"CFrame":[1.0360963642597199e-7,3.848981577903032e-9,0,0.9992477297782898,-0.035630907863378528,0.015311175025999546,0.03474355489015579,0.9978947639465332,0.0547623336315155,-0.01723017357289791,-0.05418917164206505,0.998382031917572],"EasingStyle":"Linear","EasingDirection":"In"},"Right Leg":{"Weight":1,"CFrame":[0.37077826261520388,0.029277265071868898,-0.00951528549194336,0.9857799410820007,0.16602203249931336,0.025972602888941766,-0.1658361703157425,0.9861106872558594,-0.009172058664262295,-0.02713456191122532,0.004734394606202841,0.9996206164360046],"EasingStyle":"Linear","EasingDirection":"In"},"Torso":{"Weight":1,"CFrame":[-0.012551873922348023,-0.034096166491508487,-0.058234453201293948,0.9999752640724182,0.00684814527630806,0.0016040827613323928,-0.006780760828405619,0.9992240071296692,-0.038799647241830829,-0.0018685435643419624,0.038787808269262317,0.9992457032203674],"EasingStyle":"Linear","EasingDirection":"In"},"HumanoidRootPart":{"Weight":1,"CFrame":[0,0,0,1,0,0,0,1,0,0,0,1],"EasingStyle":"Linear","EasingDirection":"In"},"Left Arm":{"Weight":1,"CFrame":[-0.6144835352897644,-0.5244106650352478,0.011926412582397461,-0.7679070830345154,0.4707031548023224,-0.43446215987205508,-0.5999817848205566,-0.2909640967845917,0.7452260255813599,0.2243674248456955,0.8329336047172546,0.5058466196060181],"EasingStyle":"Linear","EasingDirection":"In"}}},{"Time":0.36666667461395266,"poses":{"Left Leg":{"Weight":1,"CFrame":[-0.3409334719181061,0.0337604284286499,0.013495445251464844,0.9842231273651123,-0.17290514707565309,0.03753242641687393,0.17285224795341493,0.9849366545677185,0.004673101473599672,-0.037775103002786639,0.0018881685100495816,0.9992845058441162],"EasingStyle":"Linear","EasingDirection":"In"},"Right Arm":{"Weight":1,"CFrame":[0.766493558883667,-0.6981195211410523,-0.09777510166168213,-0.9466639161109924,-0.2566426396369934,0.19483882188796998,0.31899434328079226,-0.8318222165107727,0.4542185366153717,0.04549945518374443,0.4921446740627289,0.8693235516548157],"EasingStyle":"Linear","EasingDirection":"In"},"Head":{"Weight":1,"CFrame":[1.0314397513866425e-7,-1.8189894035458566e-10,0,0.9990018010139465,-0.03329746425151825,0.029778022319078447,0.03120328299701214,0.9971821308135986,0.06822160631418228,-0.0319657139480114,-0.06722432374954224,0.9972257614135742],"EasingStyle":"Linear","EasingDirection":"In"},"Right Leg":{"Weight":1,"CFrame":[0.36978259682655337,0.031383633613586429,-0.011794745922088623,0.9863390922546387,0.1616053432226181,0.03192007541656494,-0.16153685748577119,0.9868553280830383,-0.004730782471597195,-0.03226495161652565,-0.0004901653155684471,0.9994792938232422],"EasingStyle":"Linear","EasingDirection":"In"},"Torso":{"Weight":1,"CFrame":[-0.006811113562434912,-0.03411955386400223,-0.05657315254211426,0.9999052286148071,0.013727973215281964,0.001051005208864808,-0.013676821254193783,0.9991523623466492,-0.03882889077067375,-0.0015831560594961048,0.038810838013887408,0.9992453455924988],"EasingStyle":"Linear","EasingDirection":"In"},"HumanoidRootPart":{"Weight":1,"CFrame":[0,0,0,1,0,0,0,1,0,0,0,1],"EasingStyle":"Linear","EasingDirection":"In"},"Left Arm":{"Weight":1,"CFrame":[-0.6150480508804321,-0.5074330568313599,-0.0036112070083618166,-0.7605010271072388,0.43500030040740969,-0.4820924699306488,-0.6095246076583862,-0.22226527333259583,0.76097172498703,0.22387053072452546,0.872566819190979,0.4341762363910675],"EasingStyle":"Linear","EasingDirection":"In"}}},{"Time":0.4000000059604645,"poses":{"Left Leg":{"Weight":1,"CFrame":[-0.3383111357688904,0.030321180820465089,0.015710830688476564,0.9836127758026123,-0.17501084506511689,0.04332493990659714,0.1752110719680786,0.984530508518219,-0.0008392831077799201,-0.04250787943601608,0.008416539989411831,0.9990607500076294],"EasingStyle":"Linear","EasingDirection":"In"},"Right Arm":{"Weight":1,"CFrame":[0.78358393907547,-0.7000707387924194,-0.09833431243896485,-0.9529412388801575,-0.23681658506393434,0.18926483392715455,0.2998763620853424,-0.827935516834259,0.4739168882369995,0.0444677509367466,0.5083706974983215,0.8599893450737],"EasingStyle":"Linear","EasingDirection":"In"},"Head":{"Weight":1,"CFrame":[1.0384246706962586e-7,5.0895323511213068e-9,1.1920928955078126e-7,0.9986615777015686,-0.03173621743917465,0.040841784328222278,0.028237272053956987,0.996101975440979,0.08356728404760361,-0.043334703892469409,-0.08230217546224594,0.9956648349761963],"EasingStyle":"Linear","EasingDirection":"In"},"Right Leg":{"Weight":1,"CFrame":[0.3738473951816559,0.03532230854034424,-0.014239847660064698,0.9863719344139099,0.16015726327896119,0.03768352046608925,-0.16030584275722505,0.987066924571991,0.0009346057195216417,-0.0370463952422142,-0.006962799467146397,0.999289333820343],"EasingStyle":"Linear","EasingDirection":"In"},"Torso":{"Weight":1,"CFrame":[0.00048555515240877867,-0.03414998948574066,-0.05695962905883789,0.9997861981391907,0.020676231011748315,0.0003271655004937202,-0.020647896453738214,0.9990310668945313,-0.03886693716049194,-0.001130470191128552,0.03885187208652496,0.9992443323135376],"EasingStyle":"Linear","EasingDirection":"In"},"HumanoidRootPart":{"Weight":1,"CFrame":[0,0,0,1,0,0,0,1,0,0,0,1],"EasingStyle":"Linear","EasingDirection":"In"},"Left Arm":{"Weight":1,"CFrame":[-0.615157961845398,-0.49605220556259158,-0.023392319679260255,-0.7522436380386353,0.39593419432640078,-0.5266551971435547,-0.6201972365379334,-0.1556292474269867,0.7688530683517456,0.22245217859745027,0.9049948453903198,0.36262819170951846],"EasingStyle":"Linear","EasingDirection":"In"}}},{"Time":0.4333333373069763,"poses":{"Left Leg":{"Weight":1,"CFrame":[-0.33799177408218386,0.027721524238586427,0.017518281936645509,0.9829337000846863,-0.1776345670223236,0.04782561957836151,0.17810653150081635,0.9839944243431091,-0.005760494153946638,-0.04603692144155502,0.014180234633386135,0.9988390803337097],"EasingStyle":"Linear","EasingDirection":"In"},"Right Arm":{"Weight":1,"CFrame":[0.7975909113883972,-0.7007417678833008,-0.09913861751556397,-0.955281674861908,-0.22772693634033204,0.18861964344978333,0.29268643260002139,-0.8190011382102966,0.49353015422821047,0.04208962246775627,0.5266667008399963,0.8490292429924011],"EasingStyle":"Linear","EasingDirection":"In"},"Head":{"Weight":1,"CFrame":[9.569339454174042e-8,1.2354576028883458e-8,3.5762786865234377e-7,0.9984885454177856,-0.031394112855196,0.04511183500289917,0.026755157858133317,0.9946286678314209,0.09999065101146698,-0.04800863564014435,-0.0986325666308403,0.993965208530426],"EasingStyle":"Linear","EasingDirection":"In"},"Right Leg":{"Weight":1,"CFrame":[0.37892332673072817,0.03922086954116821,-0.016297578811645509,0.9862066507339478,0.1600591391324997,0.042159441858530048,-0.16044840216636659,0.987026035785675,0.005993739701807499,-0.0406530536711216,-0.012675519101321698,0.9990929365158081],"EasingStyle":"Linear","EasingDirection":"In"},"Torso":{"Weight":1,"CFrame":[0.006971337832510471,-0.034184008836746219,-0.05806922912597656,0.9996565580368042,0.0262080617249012,-0.00032691864180378616,-0.02620093710720539,0.9988991618156433,-0.03890945762395859,-0.0006931828102096915,0.03890465945005417,0.9992426633834839],"EasingStyle":"Linear","EasingDirection":"In"},"HumanoidRootPart":{"Weight":1,"CFrame":[0,0,0,1,0,0,0,1,0,0,0,1],"EasingStyle":"Linear","EasingDirection":"In"},"Left Arm":{"Weight":1,"CFrame":[-0.6152879595756531,-0.489149272441864,-0.0462794303894043,-0.7428385019302368,0.35486894845962527,-0.5676785707473755,-0.6322557926177979,-0.09309279173612595,0.7691466808319092,0.220099538564682,0.9302696585655212,0.2935207486152649],"EasingStyle":"Linear","EasingDirection":"In"}}},{"Time":0.46666666865348818,"poses":{"Left Leg":{"Weight":1,"CFrame":[-0.34086599946022036,0.027321338653564454,0.018402457237243654,0.9823318719863892,-0.180445596575737,0.04963504523038864,0.18104861676692964,0.9834425449371338,-0.007895619608461857,-0.04738852381706238,0.01674247533082962,0.9987362027168274],"EasingStyle":"Linear","EasingDirection":"In"},"Right Arm":{"Weight":1,"CFrame":[0.8080685138702393,-0.6883245706558228,-0.10210365056991577,-0.9535073637962341,-0.22660845518112184,0.1986769437789917,0.29816627502441409,-0.8052164912223816,0.5125654339790344,0.04382633417844772,0.5479735136032105,0.8353466987609863],"EasingStyle":"Linear","EasingDirection":"In"},"Head":{"Weight":1,"CFrame":[9.592622518539429e-8,8.934875950217247e-9,0,0.9984192848205566,-0.03415876254439354,0.04463455453515053,0.02874128706753254,0.9927356839179993,0.11683255434036255,-0.048301175236701968,-0.11536502838134766,0.9921481609344482],"EasingStyle":"Linear","EasingDirection":"In"},"Right Leg":{"Weight":1,"CFrame":[0.3840038776397705,0.04167735576629639,-0.01729118824005127,0.9858477115631104,0.16177742183208466,0.04396014288067818,-0.16228421032428742,0.9867101311683655,0.00818962324410677,-0.04205097258090973,-0.015207766555249691,0.9989997148513794],"EasingStyle":"Linear","EasingDirection":"In"},"Torso":{"Weight":1,"CFrame":[0.009771663695573807,-0.03422091156244278,-0.05982494354248047,0.9995946288108826,0.028465064242482187,-0.000611949828453362,-0.028467291966080667,0.9988353848457336,-0.038955580443143848,-0.0004976358613930643,0.03895720839500427,0.9992407560348511],"EasingStyle":"Linear","EasingDirection":"In"},"HumanoidRootPart":{"Weight":1,"CFrame":[0,0,0,1,0,0,0,1,0,0,0,1],"EasingStyle":"Linear","EasingDirection":"In"},"Left Arm":{"Weight":1,"CFrame":[-0.6159138083457947,-0.48560473322868349,-0.07113528251647949,-0.7319602370262146,0.31314149498939516,-0.605125367641449,-0.6459340453147888,-0.036317408084869388,0.7625288963317871,0.21680280566215516,0.9490119218826294,0.22885151207447053],"EasingStyle":"Linear","EasingDirection":"In"}}},{"Time":0.5,"poses":{"Left Leg":{"Weight":1,"CFrame":[-0.34724918007850649,0.029140114784240724,0.01828157901763916,0.9818164706230164,-0.1835360825061798,0.0484875813126564,0.1840987205505371,0.982880175113678,-0.007366819307208061,-0.04630543664097786,0.01615937054157257,0.9987967014312744],"EasingStyle":"Linear","EasingDirection":"In"},"Right Arm":{"Weight":1,"CFrame":[0.8153340220451355,-0.6587129831314087,-0.10862362384796143,-0.9482341408729553,-0.2272815704345703,0.22180023789405824,0.3129400908946991,-0.7875924706459045,0.5308168530464172,0.05404336005449295,0.5727487206459045,0.8179474472999573],"EasingStyle":"Linear","EasingDirection":"In"},"Head":{"Weight":1,"CFrame":[9.499490261077881e-8,4.976755008101463e-9,0,0.9982054233551025,-0.040916454046964648,0.04372360184788704,0.034744977951049808,0.9904244542121887,0.13361258804798127,-0.04877186939120293,-0.1318536251783371,0.9900686740875244],"EasingStyle":"Linear","EasingDirection":"In"},"Right Leg":{"Weight":1,"CFrame":[0.38843274116516116,0.04258835315704346,-0.017044365406036378,0.9853495955467224,0.1650829315185547,0.04282426834106445,-0.16555209457874299,0.9861716032028198,0.007625254336744547,-0.04097320884466171,-0.014603263698518277,0.9990535974502564],"EasingStyle":"Linear","EasingDirection":"In"},"Torso":{"Weight":1,"CFrame":[0.009922577068209648,-0.03426218777894974,-0.06215167045593262,0.9996277689933777,0.027285879477858545,-0.00021015226957388222,-0.027273312211036683,0.9988666772842407,-0.03900717943906784,-0.0008544311858713627,0.03899838775396347,0.999238908290863],"EasingStyle":"Linear","EasingDirection":"In"},"HumanoidRootPart":{"Weight":1,"CFrame":[0,0,0,1,0,0,0,1,0,0,0,1],"EasingStyle":"Linear","EasingDirection":"In"},"Left Arm":{"Weight":1,"CFrame":[-0.6175103783607483,-0.4842986464500427,-0.09682208299636841,-0.719250500202179,0.27195435762405398,-0.6393118500709534,-0.6614442467689514,0.013454397208988667,0.7498735785484314,0.21253298223018647,0.9622161388397217,0.17020544409751893],"EasingStyle":"Linear","EasingDirection":"In"}}},{"Time":0.5333333611488342,"poses":{"Left Leg":{"Weight":1,"CFrame":[-0.35644567012786868,0.03215229511260986,0.017467021942138673,0.9812971949577332,-0.1870940625667572,0.04529625177383423,0.18754474818706513,0.9822385907173157,-0.005876399576663971,-0.04339231550693512,0.014261563308537007,0.9989563822746277],"EasingStyle":"Linear","EasingDirection":"In"},"Right Arm":{"Weight":1,"CFrame":[0.8198949098587036,-0.6233702898025513,-0.11796188354492188,-0.93966144323349,-0.2284817397594452,0.2546227276325226,0.33487802743911745,-0.7664971351623535,0.5480318665504456,0.0699523538351059,0.6002318859100342,0.7967612147331238],"EasingStyle":"Linear","EasingDirection":"In"},"Head":{"Weight":1,"CFrame":[9.580980986356735e-8,7.654307410120964e-9,0,0.9978228807449341,-0.0505048967897892,0.04241146892309189,0.043628059327602389,0.98775315284729,0.14980126917362214,-0.049457766115665439,-0.14762480556964875,0.9878060817718506],"EasingStyle":"Linear","EasingDirection":"In"},"Right Leg":{"Weight":1,"CFrame":[0.3922637701034546,0.04286670684814453,-0.015946924686431886,0.9847687482833862,0.16928613185882569,0.039658114314079288,-0.16965265572071076,0.9854854345321655,0.006040009669959545,-0.03805994614958763,-0.012676142156124115,0.9991950392723084],"EasingStyle":"Linear","EasingDirection":"In"},"Torso":{"Weight":1,"CFrame":[0.010343756526708603,-0.034310974180698398,-0.06497526168823242,0.9997115135192871,0.02400251105427742,0.0009097019210457802,-0.02394866570830345,0.9989495277404785,-0.03906817361712456,-0.001846480299718678,0.039035115391016009,0.9992362260818481],"EasingStyle":"Linear","EasingDirection":"In"},"HumanoidRootPart":{"Weight":1,"CFrame":[0,0,0,1,0,0,0,1,0,0,0,1],"EasingStyle":"Linear","EasingDirection":"In"},"Left Arm":{"Weight":1,"CFrame":[-0.6205527782440186,-0.4841119945049286,-0.12220287322998047,-0.7043052315711975,0.2323264479637146,-0.6708045601844788,-0.6789816617965698,0.0553622730076313,0.732064962387085,0.20721535384655,0.9710609912872315,0.11875340342521668],"EasingStyle":"Linear","EasingDirection":"In"}}},{"Time":0.5666666626930237,"poses":{"Left Leg":{"Weight":1,"CFrame":[-0.36782070994377139,0.03617429733276367,0.016001224517822267,0.9807679653167725,-0.1909436285495758,0.04043353721499443,0.19124138355255128,0.9815365672111511,-0.0035911239683628084,-0.03900132328271866,0.01125461794435978,0.9991758465766907],"EasingStyle":"Linear","EasingDirection":"In"},"Right Arm":{"Weight":1,"CFrame":[0.8222588896751404,-0.5937585234642029,-0.12938141822814942,-0.9280378222465515,-0.22908110916614533,0.29371392726898196,0.361736536026001,-0.7423453330993652,0.5639771223068237,0.08884072303771973,0.6296390295028687,0.7717913389205933],"EasingStyle":"Linear","EasingDirection":"In"},"Head":{"Weight":1,"CFrame":[9.452924132347107e-8,1.04482751339674e-8,2.384185791015625e-7,0.9972572326660156,-0.06176484003663063,0.04078206419944763,0.054252251982688907,0.9848215579986572,0.16487368941307069,-0.050346456468105319,-0.16220898926258088,0.985471248626709],"EasingStyle":"Linear","EasingDirection":"In"},"Right Leg":{"Weight":1,"CFrame":[0.39558976888656618,0.04262501001358032,-0.014124512672424317,0.9840947985649109,0.17419657111167909,0.034828588366508487,-0.17442557215690614,0.9846637845039368,0.003623935393989086,-0.033663101494312289,-0.009641305543482304,0.9993867874145508],"EasingStyle":"Linear","EasingDirection":"In"},"Torso":{"Weight":1,"CFrame":[0.010986234061419964,-0.034368306398391727,-0.0682218074798584,0.9998161196708679,0.018996911123394967,0.0026172706857323648,-0.018879998475313188,0.9990553855895996,-0.03913982957601547,-0.0033583338372409345,0.03908321633934975,0.9992303252220154],"EasingStyle":"Linear","EasingDirection":"In"},"HumanoidRootPart":{"Weight":1,"CFrame":[0,0,0,1,0,0,0,1,0,0,0,1],"EasingStyle":"Linear","EasingDirection":"In"},"Left Arm":{"Weight":1,"CFrame":[-0.6286662220954895,-0.4847496747970581,-0.14633077383041383,-0.6868672966957092,0.1951398253440857,-0.7000956535339356,-0.6984667181968689,0.08902587741613388,0.7100836038589478,0.20089225471019746,0.9767267107963562,0.07514961808919907],"EasingStyle":"Linear","EasingDirection":"In"}}},{"Time":0.6000000238418579,"poses":{"Left Leg":{"Weight":1,"CFrame":[-0.3807640075683594,0.04102116823196411,0.01392984390258789,0.9802200794219971,-0.19492077827453614,0.03427240997552872,0.19505804777145387,0.9807915687561035,-0.0006768435123376548,-0.03348220884799957,0.007348539307713509,0.9994123578071594],"EasingStyle":"Linear","EasingDirection":"In"},"Right Arm":{"Weight":1,"CFrame":[0.822934091091156,-0.5813412666320801,-0.14214515686035157,-0.9139361381530762,-0.22819086909294129,0.33563345670700076,0.39118391275405886,-0.7156363129615784,0.5786533951759338,0.10814814269542694,0.6601467132568359,0.7433105111122131],"EasingStyle":"Linear","EasingDirection":"In"},"Head":{"Weight":1,"CFrame":[1.0029179975390434e-7,-9.167706593871117e-10,-2.384185791015625e-7,0.9965303540229797,-0.07354313135147095,0.03897160291671753,0.06548210233449936,0.9817924499511719,0.17831385135650636,-0.05137576535344124,-0.17514319717884065,0.9832016825675964],"EasingStyle":"Linear","EasingDirection":"In"},"Right Leg":{"Weight":1,"CFrame":[0.39850881695747378,0.04197770357131958,-0.011712968349456787,0.9833164215087891,0.17962445318698884,0.028702521696686746,-0.17971450090408326,0.983718752861023,0.0005682951305061579,-0.028133057057857515,-0.005717128980904818,0.999587893486023],"EasingStyle":"Linear","EasingDirection":"In"},"Torso":{"Weight":1,"CFrame":[0.011801047250628472,-0.034434400498867038,-0.07181787490844727,0.9999086260795593,0.01265123300254345,0.004782218486070633,-0.012454086914658547,0.9991528987884522,-0.03922244906425476,-0.005274380091577768,0.03915930166840553,0.9992190599441528],"EasingStyle":"Linear","EasingDirection":"In"},"HumanoidRootPart":{"Weight":1,"CFrame":[0,0,0,1,0,0,0,1,0,0,0,1],"EasingStyle":"Linear","EasingDirection":"In"},"Left Arm":{"Weight":1,"CFrame":[-0.6429006457328796,-0.4868526756763458,-0.16902172565460206,-0.6675428152084351,0.1613738089799881,-0.726873517036438,-0.7187910676002502,0.11499369889497757,0.6856499314308167,0.19423186779022218,0.9801709651947022,0.03923070803284645],"EasingStyle":"Linear","EasingDirection":"In"}}},{"Time":0.6333333253860474,"poses":{"Left Leg":{"Weight":1,"CFrame":[-0.3946964740753174,0.04650193452835083,0.01131892204284668,0.9796460270881653,-0.19888369739055634,0.02718583680689335,0.19888459146022798,0.9800192713737488,0.002699347212910652,-0.027179522439837457,0.0027624715585261585,0.9996268153190613],"EasingStyle":"Linear","EasingDirection":"In"},"Right Arm":{"Weight":1,"CFrame":[0.821652352809906,-0.5814124941825867,-0.15556222200393678,-0.8981974720954895,-0.22529669106006623,0.3