{"Sequence":[{"Time":0,"poses":{"Left Leg":{"Weight":1,"CFrame":[-0.37208858132362368,0.4575631022453308,0.0028684139251708986,0.8537557721138,-0.34612172842025759,0.388974130153656,0.29840007424354555,0.9374618530273438,0.17922772467136384,-0.42668309807777407,-0.03694682940840721,0.9036462306976318],"EasingStyle":"Linear","EasingDirection":"In"},"Right Leg":{"Weight":1,"CFrame":[0.4931042194366455,0.6108457446098328,-0.14088213443756104,0.9563900828361511,0.24495743215084077,-0.1591033786535263,-0.1766698956489563,0.9188889861106873,0.3527472913265228,0.2326064258813858,-0.30925533175468447,0.9220929741859436],"EasingStyle":"Linear","EasingDirection":"In"},"Left Arm":{"Weight":1,"CFrame":[-0.5353567600250244,-0.15985313057899476,-0.08901262283325196,-0.4835526943206787,0.22313977777957917,-0.8463955521583557,-0.2404649704694748,-0.963621199131012,-0.11666499078273773,-0.8416373133659363,0.1471148282289505,0.5196189880371094],"EasingStyle":"Linear","EasingDirection":"In"},"Head":{"Weight":1,"CFrame":[1.5071418602019549e-7,-2.6193447411060335e-9,-1.1920928955078126e-7,0.42505213618278506,-0.8976966738700867,0.1160663515329361,0.8969791531562805,0.43493908643722536,0.07909698784351349,-0.12148690968751908,0.07048874348402024,0.9900869727134705],"EasingStyle":"Linear","EasingDirection":"In"},"Torso":{"Weight":1,"CFrame":[0,-7.555964182245564e-15,-0.5317044258117676,0.014065537601709366,0.9997986555099487,0.014309468679130078,-0.9978344440460205,0.0131154116243124,0.06445430964231491,0.06425366550683975,-0.015185058116912842,0.9978180527687073],"EasingStyle":"Linear","EasingDirection":"In"},"HumanoidRootPart":{"Weight":0,"CFrame":[0,0,0,1,0,0,0,1,0,0,0,1],"EasingStyle":"Linear","EasingDirection":"In"},"Right Arm":{"Weight":1,"CFrame":[-0.36637645959854128,0.009600520133972168,0.08175599575042725,0.2603476047515869,-0.8624916672706604,-0.43396687507629397,0.6769047975540161,0.4835551977157593,-0.5549543499946594,0.6884904503822327,-0.14927314221858979,0.7097171545028687],"EasingStyle":"Linear","EasingDirection":"In"}}},{"Time":0.01666666753590107,"poses":{"Left Leg":{"Weight":1,"CFrame":[-0.37132346630096438,0.4456942081451416,0.0029439926147460939,0.8572239279747009,-0.3448459804058075,0.3824242353439331,0.297632098197937,0.9378397464752197,0.1785270869731903,-0.42021697759628298,-0.039215993136167529,0.9065758585929871],"EasingStyle":"Linear","EasingDirection":"In"},"Right Leg":{"Weight":1,"CFrame":[0.4944176971912384,0.5955671072006226,-0.1345340609550476,0.9572613835334778,0.24560274183750153,-0.15274126827716828,-0.18055300414562226,0.9200201034545898,0.34779834747314455,0.22594529390335084,-0.305355966091156,0.9250440001487732],"EasingStyle":"Linear","EasingDirection":"In"},"Left Arm":{"Weight":1,"CFrame":[-0.525949239730835,-0.1684064269065857,-0.08723902702331543,-0.47885793447494509,0.2504640221595764,-0.8414053320884705,-0.2564380168914795,-0.9565436244010925,-0.13879451155662538,-0.839603841304779,0.14930544793605805,0.5222769379615784],"EasingStyle":"Linear","EasingDirection":"In"},"Head":{"Weight":1,"CFrame":[1.4060060493648053e-7,1.8044374883174897e-9,-1.1920928955078126e-7,0.43015536665916445,-0.8943547606468201,0.12286555767059326,0.8946374654769898,0.44053134322166445,0.0745384618639946,-0.12078994512557984,0.07785702496767044,0.9896201491355896],"EasingStyle":"Linear","EasingDirection":"In"},"Torso":{"Weight":1,"CFrame":[-2.0245494170012536e-9,-8.875329805943175e-15,-0.5182962417602539,0.015104894526302815,0.9997717142105103,0.015112694352865219,-0.9979202151298523,0.014126195572316647,0.06289473921060562,0.0626668855547905,-0.016031289473176004,0.9979057312011719],"EasingStyle":"Linear","EasingDirection":"In"},"HumanoidRootPart":{"Weight":0,"CFrame":[0,0,0,1,0,0,0,1,0,0,0,1],"EasingStyle":"Linear","EasingDirection":"In"},"Right Arm":{"Weight":1,"CFrame":[-0.36237287521362307,-0.0007021129131317139,0.07990336418151856,0.25996825098991396,-0.8633363246917725,-0.4325123727321625,0.6789469718933106,0.481924831867218,-0.5538766980171204,0.6866203546524048,-0.14966259896755219,0.7114447355270386],"EasingStyle":"Linear","EasingDirection":"In"}}},{"Time":0.03333333507180214,"poses":{"Left Leg":{"Weight":1,"CFrame":[-0.3674239218235016,0.41397911310195925,0.0033643245697021486,0.8671087622642517,-0.3384285271167755,0.36549755930900576,0.2936682105064392,0.9399969577789307,0.17368006706237794,-0.40234488248825076,-0.04326445236802101,0.9144653081893921],"EasingStyle":"Linear","EasingDirection":"In"},"Right Leg":{"Weight":1,"CFrame":[0.4954085052013397,0.5576393604278565,-0.12041234970092774,0.9600024819374085,0.2443152368068695,-0.13676708936691285,-0.18685773015022279,0.9228180050849915,0.3368845283985138,0.2085171490907669,-0.29785391688346865,0.9315597414970398],"EasingStyle":"Linear","EasingDirection":"In"},"Left Arm":{"Weight":1,"CFrame":[-0.49840378761291506,-0.19095608592033387,-0.08211255073547363,-0.4633547067642212,0.3264504075050354,-0.8238522410392761,-0.30101481080055239,-0.9323775768280029,-0.20015521347522736,-0.8334821462631226,0.15524886548519135,0.53028804063797],"EasingStyle":"Linear","EasingDirection":"In"},"Head":{"Weight":1,"CFrame":[1.3352837413549424e-7,-8.731149137020111e-9,-3.5762786865234377e-7,0.4374454617500305,-0.8902435898780823,0.1269165575504303,0.8915881514549255,0.44775789976119997,0.06770091503858566,-0.11709816753864289,0.08354184776544571,0.9896003007888794],"EasingStyle":"Linear","EasingDirection":"In"},"Torso":{"Weight":1,"CFrame":[-7.375426491762482e-9,-1.2362401819463257e-14,-0.48285913467407229,0.01805690862238407,0.9997168779373169,0.015495271421968937,-0.9980336427688599,0.017091799527406694,0.06030499190092087,0.06002306193113327,-0.01655372977256775,0.9980596899986267],"EasingStyle":"Linear","EasingDirection":"In"},"HumanoidRootPart":{"Weight":0,"CFrame":[0,0,0,1,0,0,0,1,0,0,0,1],"EasingStyle":"Linear","EasingDirection":"In"},"Right Arm":{"Weight":1,"CFrame":[-0.3498656451702118,-0.02815917134284973,0.07471907138824463,0.25726163387298586,-0.8667969703674316,-0.4271760880947113,0.6856648921966553,0.4752330780029297,-0.5513775944709778,0.6809406280517578,-0.1510513722896576,0.716591477394104],"EasingStyle":"Linear","EasingDirection":"In"}}},{"Time":0.05000000074505806,"poses":{"Left Leg":{"Weight":1,"CFrame":[-0.35832855105400088,0.37057191133499148,0.001432657241821289,0.8815323114395142,-0.32657042145729067,0.3409583568572998,0.2850307822227478,0.9438439607620239,0.1670808047056198,-0.37637507915496828,-0.050103504210710528,0.9251115918159485],"EasingStyle":"Linear","EasingDirection":"In"},"Right Leg":{"Weight":1,"CFrame":[0.4931885004043579,0.5046000480651856,-0.10208064317703247,0.9638283848762512,0.24047642946243287,-0.11491679400205612,-0.192932590842247,0.9269883036613464,0.321666955947876,0.18387991189956666,-0.28786060214042666,0.9398534297943115],"EasingStyle":"Linear","EasingDirection":"In"},"Left Arm":{"Weight":1,"CFrame":[-0.4537360668182373,-0.2228356897830963,-0.0739244818687439,-0.4322841763496399,0.44129616022109988,-0.7863766551017761,-0.3686312437057495,-0.8823531270027161,-0.29251331090927126,-0.8229467868804932,0.16343411803245545,0.544102668762207],"EasingStyle":"Linear","EasingDirection":"In"},"Head":{"Weight":1,"CFrame":[1.4275428839027882e-7,-5.704350769519806e-9,-5.960464477539063e-8,0.44662609696388247,-0.8854556679725647,0.12842682003974915,0.8878268003463745,0.4563797116279602,0.05900160223245621,-0.11085469275712967,0.08766910433769226,0.9899622797966003],"EasingStyle":"Linear","EasingDirection":"In"},"Torso":{"Weight":1,"CFrame":[-1.4968506434343e-8,-1.7310680205896365e-14,-0.4325723648071289,0.02274862863123417,0.9996210336685181,0.01550303865224123,-0.9981478452682495,0.021834492683410646,0.05678100883960724,0.05642099678516388,-0.016766009852290155,0.9982662796974182],"EasingStyle":"Linear","EasingDirection":"In"},"HumanoidRootPart":{"Weight":0,"CFrame":[0,0,0,1,0,0,0,1,0,0,0,1],"EasingStyle":"Linear","EasingDirection":"In"},"Right Arm":{"Weight":1,"CFrame":[-0.3281100392341614,-0.06759408116340637,0.06676316261291504,0.2496977597475052,-0.8742102384567261,-0.4164222776889801,0.6979196071624756,0.4605826437473297,-0.548426628112793,0.671237051486969,-0.15368837118148805,0.7251349687576294],"EasingStyle":"Linear","EasingDirection":"In"}}},{"Time":0.06666667014360428,"poses":{"Left Leg":{"Weight":1,"CFrame":[-0.3414576053619385,0.32344144582748415,-0.004871845245361328,0.8986258506774902,-0.30872640013694765,0.31170427799224856,0.2702694237232208,0.9492295980453491,0.16098952293395997,-0.34558069705963137,-0.060425207018852237,0.9364416003227234],"EasingStyle":"Linear","EasingDirection":"In"},"Right Leg":{"Weight":1,"CFrame":[0.48340049386024477,0.44443315267562868,-0.08232587575912476,0.9682612419128418,0.23275326192378999,-0.09108270704746247,-0.19559386372566224,0.9324966669082642,0.3036329746246338,0.15560589730739594,-0.27618083357810976,0.9484255313873291],"EasingStyle":"Linear","EasingDirection":"In"},"Left Arm":{"Weight":1,"CFrame":[-0.3929620087146759,-0.2593812942504883,-0.06296628713607788,-0.37959471344947817,0.5809244513511658,-0.7200239896774292,-0.45123839378356936,-0.7956810593605042,-0.40407368540763857,-0.8076457977294922,0.1715182065963745,0.5641718506813049],"EasingStyle":"Linear","EasingDirection":"In"},"Head":{"Weight":1,"CFrame":[1.5326077118515969e-7,-7.101334631443024e-9,0,0.45737704634666445,-0.8800711631774902,0.12759721279144288,0.8833460807800293,0.4661657214164734,0.04887886345386505,-0.10249833017587662,0.09035643190145493,0.9906209111213684],"EasingStyle":"Linear","EasingDirection":"In"},"Torso":{"Weight":1,"CFrame":[-2.371967156022947e-8,-2.3013664948333055e-14,-0.3746161460876465,0.02900790423154831,0.9994638562202454,0.015184884890913964,-0.9982277154922485,0.028175655752420427,0.05241695046424866,0.05196100473403931,-0.016678474843502046,0.9985098242759705],"EasingStyle":"Linear","EasingDirection":"In"},"HumanoidRootPart":{"Weight":0,"CFrame":[0,0,0,1,0,0,0,1,0,0,0,1],"EasingStyle":"Linear","EasingDirection":"In"},"Right Arm":{"Weight":1,"CFrame":[-0.2963612377643585,-0.11383149027824402,0.056595444679260257,0.23434409499168397,-0.8867024779319763,-0.39854928851127627,0.7164314985275269,0.4346340298652649,-0.5457281470298767,0.6571215391159058,-0.1576450914144516,0.7371155023574829],"EasingStyle":"Linear","EasingDirection":"In"}}},{"Time":0.0833333358168602,"poses":{"Left Leg":{"Weight":1,"CFrame":[-0.3172987401485443,0.2790343761444092,-0.01479560136795044,0.9161860346794128,-0.28591257333755495,0.2808152735233307,0.25004276633262637,0.9554245471954346,0.15697932243347169,-0.3131801187992096,-0.07360643893480301,0.9468370079994202],"EasingStyle":"Linear","EasingDirection":"In"},"Right Leg":{"Weight":1,"CFrame":[0.46175286173820498,0.3851656913757324,-0.06267344951629639,0.973074734210968,0.2198500633239746,-0.06922031939029694,-0.19202344119548798,0.9393652677536011,0.2841125726699829,0.12748531997203828,-0.26317083835601809,0.9562889933586121],"EasingStyle":"Linear","EasingDirection":"In"},"Left Arm":{"Weight":1,"CFrame":[-0.31709718704223635,-0.2959270477294922,-0.049529075622558597,-0.3015829026699066,0.7248855829238892,-0.6193453073501587,-0.5371713042259216,-0.6658618450164795,-0.5177595615386963,-0.7877148985862732,0.17654703557491303,0.5902003049850464],"EasingStyle":"Linear","EasingDirection":"In"},"Head":{"Weight":1,"CFrame":[1.4668330550193787e-7,4.0745362639427189e-9,-4.172325134277344e-7,0.4693657159805298,-0.8741635680198669,0.12463520467281342,0.8781488537788391,0.47689288854599,0.03778558224439621,-0.09246841073036194,0.09171299636363983,0.9914829134941101],"EasingStyle":"Linear","EasingDirection":"In"},"Torso":{"Weight":1,"CFrame":[-3.2544765105058107e-8,-2.876482892480957e-14,-0.31617021560668948,0.03666289523243904,0.99922114610672,0.014591234736144543,-0.9982337951660156,0.03593587502837181,0.04730597510933876,0.046744778752326968,-0.016299836337566377,0.9987738728523254],"EasingStyle":"Linear","EasingDirection":"In"},"HumanoidRootPart":{"Weight":0,"CFrame":[0,0,0,1,0,0,0,1,0,0,0,1],"EasingStyle":"Linear","EasingDirection":"In"},"Right Arm":{"Weight":1,"CFrame":[-0.2538745105266571,-0.16169637441635133,0.044776082038879397,0.20761172473430634,-0.9048840403556824,-0.37159430980682375,0.7415222525596619,0.39333614706993105,-0.5435360670089722,0.6379985213279724,-0.16270095109939576,0.7526527643203735],"EasingStyle":"Linear","EasingDirection":"In"}}},{"Time":0.10000000149011612,"poses":{"Left Leg":{"Weight":1,"CFrame":[-0.2904011607170105,0.24251168966293336,-0.02560192346572876,0.9319247007369995,-0.261213481426239,0.2515629529953003,0.2273518443107605,0.9612532258033752,0.1558951884508133,-0.2825376093387604,-0.08808927237987519,0.9552029967308044],"EasingStyle":"Linear","EasingDirection":"In"},"Right Leg":{"Weight":1,"CFrame":[0.4314907491207123,0.33313632011413576,-0.04429888725280762,0.9775213003158569,0.20410855114459992,-0.05283726751804352,-0.1833580881357193,0.9467005133628845,0.2648355960845947,0.10407627373933792,-0.24919430911540986,0.9628449082374573],"EasingStyle":"Linear","EasingDirection":"In"},"Left Arm":{"Weight":1,"CFrame":[-0.22715738415718079,-0.3278067111968994,-0.033904433250427249,-0.20091447234153748,0.8493621945381165,-0.48807498812675478,-0.612949013710022,-0.4976508319377899,-0.6137076616287231,-0.7641510963439941,0.17586229741573335,0.6206010580062866],"EasingStyle":"Linear","EasingDirection":"In"},"Head":{"Weight":1,"CFrame":[1.3347016647458077e-7,-2.7939677238464357e-9,-1.1920928955078126e-7,0.48225852847099306,-0.8678034543991089,0.11976610124111176,0.8722567558288574,0.4883468449115753,0.02618289366364479,-0.08120901137590409,0.09183985739946366,0.9924567937850952],"EasingStyle":"Linear","EasingDirection":"In"},"Torso":{"Weight":1,"CFrame":[-4.0359672937029248e-8,-3.3857668730284676e-14,-0.26441431045532229,0.04554139822721481,0.9988675117492676,0.013772692531347275,-0.9981258511543274,0.04493480175733566,0.041541099548339847,0.04087518900632858,-0.015638714656233789,0.9990418553352356],"EasingStyle":"Linear","EasingDirection":"In"},"HumanoidRootPart":{"Weight":0,"CFrame":[0,0,0,1,0,0,0,1,0,0,0,1],"EasingStyle":"Linear","EasingDirection":"In"},"Right Arm":{"Weight":1,"CFrame":[-0.19990506768226624,-0.20601078867912293,0.03186500072479248,0.16498614847660066,-0.9282897710800171,-0.3332531750202179,0.7726269960403442,0.3316595256328583,-0.5413404703140259,0.6130474209785461,-0.16816668212413789,0.7719409465789795],"EasingStyle":"Linear","EasingDirection":"In"}}},{"Time":0.11666666716337204,"poses":{"Left Leg":{"Weight":1,"CFrame":[-0.26888036727905276,0.21707922220230103,-0.03383910655975342,0.943885862827301,-0.23954692482948304,0.2273693084716797,0.20700570940971375,0.9655169248580933,0.1578788459300995,-0.25734832882881167,-0.10195288807153702,0.9609253406524658],"EasingStyle":"Linear","EasingDirection":"In"},"Right Leg":{"Weight":1,"CFrame":[0.39916205406188967,0.29260915517807009,-0.02864629030227661,0.9808271527290344,0.18952162563800813,-0.045383043587207797,-0.17275819182395936,0.9533495306968689,0.24754643440246583,0.09018131345510483,-0.23496001958847047,0.9678125381469727],"EasingStyle":"Linear","EasingDirection":"In"},"Left Arm":{"Weight":1,"CFrame":[-0.12415844202041626,-0.35035640001296999,-0.016383588314056398,-0.08820715546607971,0.9357978701591492,-0.34132370352745058,-0.6682962775230408,-0.3096912205219269,-0.67636638879776,-0.7386471033096314,0.16844505071640016,0.6527071595191956],"EasingStyle":"Linear","EasingDirection":"In"},"Head":{"Weight":1,"CFrame":[1.439475454390049e-7,-3.4924596548080446e-9,1.1920928955078126e-7,0.4957300126552582,-0.8610621690750122,0.11324190348386765,0.8657176494598389,0.5003215670585632,0.01453368179500103,-0.06917177140712738,0.0908307433128357,0.9934611320495606],"EasingStyle":"Linear","EasingDirection":"In"},"Torso":{"Weight":1,"CFrame":[-4.63129623540226e-8,-3.773732018606639e-14,-0.22498750686645509,0.055469412356615069,0.9983786344528198,0.012778902426362038,-0.9978656768798828,0.05499015748500824,0.035215891897678378,0.03445608541369438,-0.014705033041536808,0.9992980360984802],"EasingStyle":"Linear","EasingDirection":"In"},"HumanoidRootPart":{"Weight":0,"CFrame":[0,0,0,1,0,0,0,1,0,0,0,1],"EasingStyle":"Linear","EasingDirection":"In"},"Right Arm":{"Weight":1,"CFrame":[-0.1337081640958786,-0.2415999472141266,0.018422365188598634,0.10085885226726532,-0.9544193744659424,-0.2809114158153534,0.8074331283569336,0.2434881180524826,-0.537368893623352,0.5812737941741943,-0.17261871695518495,0.7951877117156982],"EasingStyle":"Linear","EasingDirection":"In"}}},{"Time":0.13333334028720857,"poses":{"Left Leg":{"Weight":1,"CFrame":[-0.25455453991889956,0.2018909454345703,-0.03889065980911255,0.9515045285224915,-0.2228613644838333,0.21206597983837129,0.19045451283454896,0.9680960774421692,0.16284061968326569,-0.24159111082553864,-0.11455459892749787,0.9635927081108093],"EasingStyle":"Linear","EasingDirection":"In"},"Right Leg":{"Weight":1,"CFrame":[0.3678039014339447,0.26263564825057986,-0.016122102737426759,0.9826350808143616,0.17849333584308625,-0.050679855048656467,-0.16214299201965333,0.9588250517845154,0.23316140472888947,0.09021088480949402,-0.22089514136314393,0.9711165428161621],"EasingStyle":"Linear","EasingDirection":"In"},"Left Arm":{"Weight":1,"CFrame":[-0.009116068482398987,-0.3589094579219818,0.0027419328689575197,0.021117379888892175,0.9793685078620911,-0.2009759098291397,-0.7010400295257568,-0.12881623208522798,-0.7013910412788391,-0.712809145450592,0.15570372343063355,0.6838562488555908],"EasingStyle":"Linear","EasingDirection":"In"},"Head":{"Weight":1,"CFrame":[1.5384284779429437e-7,2.9103830456733705e-9,2.384185791015625e-7,0.5094722509384155,-0.8540141582489014,0.10534682124853134,0.8586091995239258,0.5126200318336487,0.0032960642129182817,-0.05681777745485306,0.0887724980711937,0.9944300651550293],"EasingStyle":"Linear","EasingDirection":"In"},"Torso":{"Weight":1,"CFrame":[-5.0484008085049939e-8,-4.045551667644122e-14,-0.19736385345458985,0.06627259403467179,0.997733473777771,0.011657408438622952,-0.9974200129508972,0.0659196674823761,0.028424832969903947,0.027591949328780175,-0.013511121273040772,0.9995279312133789],"EasingStyle":"Linear","EasingDirection":"In"},"HumanoidRootPart":{"Weight":0,"CFrame":[0,0,0,1,0,0,0,1,0,0,0,1],"EasingStyle":"Linear","EasingDirection":"In"},"Right Arm":{"Weight":1,"CFrame":[-0.05453915148973465,-0.2632884979248047,0.005008101463317871,0.008781743235886097,-0.9772318601608276,-0.21199238300323487,0.8405043482780457,0.12206581979990006,-0.5278753638267517,0.5417336225509644,-0.1735447198152542,0.8224395513534546],"EasingStyle":"Linear","EasingDirection":"In"}}},{"Time":0.15000000596046449,"poses":{"Left Leg":{"Weight":1,"CFrame":[-0.24676519632339478,0.1952546238899231,-0.041818439960479739,0.9560834765434265,-0.2105097472667694,0.20393630862236024,0.17719006538391114,0.969392716884613,0.16994547843933106,-0.23346953094005586,-0.12634658813476563,0.9641205668449402],"EasingStyle":"Linear","EasingDirection":"In"},"Right Leg":{"Weight":1,"CFrame":[0.3401581048965454,0.24095314741134644,-0.007044076919555664,0.9829440116882324,0.17166708409786225,-0.0659656748175621,-0.15334206819534303,0.9630674123764038,0.22133080661296845,0.10152459144592285,-0.20744051039218903,0.9729651808738709],"EasingStyle":"Linear","EasingDirection":"In"},"Left Arm":{"Weight":1,"CFrame":[0.1160351037979126,-0.34865736961364748,0.023071646690368654,0.11405202001333237,0.9898918271064758,-0.08429934829473496,-0.7167245745658875,0.0232245996594429,-0.6969695091247559,-0.6879665851593018,0.13991013169288636,0.7121286392211914],"EasingStyle":"Linear","EasingDirection":"In"},"Head":{"Weight":1,"CFrame":[1.4388933777809144e-7,4.190951585769653e-9,-5.960464477539063e-8,0.5232028365135193,-0.8467382788658142,0.09640058130025864,0.8510393500328064,0.5250540971755981,-0.007082618307322264,-0.0446184016764164,0.08574634790420532,0.9953173995018005],"EasingStyle":"Linear","EasingDirection":"In"},"Torso":{"Weight":1,"CFrame":[-5.3184905368652838e-8,-4.221564436457208e-14,-0.17947673797607423,0.07777542620897293,0.9969161152839661,0.010452786460518837,-0.9967623949050903,0.07754047960042954,0.02126373164355755,0.020387645810842515,-0.012072739191353321,0.9997192621231079],"EasingStyle":"Linear","EasingDirection":"In"},"HumanoidRootPart":{"Weight":0,"CFrame":[0,0,0,1,0,0,0,1,0,0,0,1],"EasingStyle":"Linear","EasingDirection":"In"},"Right Arm":{"Weight":1,"CFrame":[0.03720381110906601,-0.2747420072555542,-0.007866978645324707,-0.11986632645130158,-0.985609769821167,-0.11918661743402481,0.8592826128005981,-0.042866300791502,-0.5097017884254456,0.4972579777240753,-0.1635110080242157,0.852055549621582],"EasingStyle":"Linear","EasingDirection":"In"}}},{"Time":0.1666666716337204,"poses":{"Left Leg":{"Weight":1,"CFrame":[-0.2447475790977478,0.1953863501548767,-0.04360806941986084,0.9592512845993042,-0.20110705494880677,0.19847646355628968,0.16646763682365418,0.9698241949081421,0.17812782526016236,-0.22831006348133088,-0.13782940804958344,0.9637829661369324],"EasingStyle":"Linear","EasingDirection":"In"},"Right Leg":{"Weight":1,"CFrame":[0.3180404305458069,0.22553634643554688,-0.001068711280822754,0.9820060133934021,0.16845759749412538,-0.08535953611135483,-0.14741156995296479,0.966285765171051,0.21109625697135926,0.1180424690246582,-0.19471481442451478,0.9737310409545898],"EasingStyle":"Linear","EasingDirection":"In"},"Left Arm":{"Weight":1,"CFrame":[0.245684415102005,-0.3216301202774048,0.04376661777496338,0.18859174847602845,0.9820334911346436,0.006581905763596296,-0.7228254675865173,0.14334365725517274,-0.6759999990463257,-0.6647980809211731,0.12273046374320984,0.7368721961975098],"EasingStyle":"Linear","EasingDirection":"In"},"Head":{"Weight":1,"CFrame":[1.5331897884607316e-7,3.026798367500305e-9,-5.960464477539063e-8,0.5366685390472412,-0.8393210172653198,0.0867588147521019,0.8431454300880432,0.5374423265457153,-0.0161709263920784,-0.03305526077747345,0.08182872831821442,0.9960981011390686],"EasingStyle":"Linear","EasingDirection":"In"},"Torso":{"Weight":1,"CFrame":[-5.4727724574377137e-8,-4.322107586109472e-14,-0.16925907135009767,0.0897999256849289,0.9959172606468201,0.00920587033033371,-0.9958756566047669,0.08966834098100662,0.01382986456155777,0.012947930954396725,-0.01040982361882925,0.9998619556427002],"EasingStyle":"Linear","EasingDirection":"In"},"HumanoidRootPart":{"Weight":0,"CFrame":[0,0,0,1,0,0,0,1,0,0,0,1],"EasingStyle":"Linear","EasingDirection":"In"},"Right Arm":{"Weight":1,"CFrame":[0.13654999434947968,-0.28334933519363406,-0.019887804985046388,-0.2782902419567108,-0.960477352142334,-0.006145798601210117,0.845642626285553,-0.24197366833686829,-0.47574931383132937,0.45545926690101626,-0.13759352266788484,0.8795594573020935],"EasingStyle":"Linear","EasingDirection":"In"}}},{"Time":0.18333333730697633,"poses":{"Left Leg":{"Weight":1,"CFrame":[-0.24619074165821076,0.20062774419784547,-0.04499399662017822,0.9614166617393494,-0.1935775727033615,0.19546285271644593,0.1572040170431137,0.9696816205978394,0.18709462881088258,-0.2257540076971054,-0.1491483747959137,0.962699294090271],"EasingStyle":"Linear","EasingDirection":"In"},"Right Leg":{"Weight":1,"CFrame":[0.2996446490287781,0.21487164497375489,0.0026357173919677736,0.9798686504364014,0.167783722281456,-0.10819444060325623,-0.1435690075159073,0.9687824845314026,0.2021099328994751,0.13872763514518739,-0.18250782787799836,0.9733681678771973],"EasingStyle":"Linear","EasingDirection":"In"},"Left Arm":{"Weight":1,"CFrame":[0.3733021914958954,-0.2834188938140869,0.06387889385223389,0.24732673168182374,0.9660189747810364,0.07507850229740143,-0.7246638536453247,0.23585546016693116,-0.6474831700325012,-0.6431887149810791,0.10573317855596543,0.7583724856376648],"EasingStyle":"Linear","EasingDirection":"In"},"Head":{"Weight":1,"CFrame":[1.523294486105442e-7,2.6775524020195009e-9,1.1920928955078126e-7,0.5496504306793213,-0.8318560123443604,0.07681106775999069,0.8350884914398193,0.5496110320091248,-0.023557456210255624,-0.022619804367423059,0.07709240168333054,0.9967673420906067],"EasingStyle":"Linear","EasingDirection":"In"},"Torso":{"Weight":1,"CFrame":[-5.5424557388050746e-8,-4.3675193941040277e-14,-0.1646442413330078,0.10216828435659409,0.9947353601455689,0.007953076623380185,-0.9947525858879089,0.1021203100681305,0.006221962161362171,0.005377037450671196,-0.00854703038930893,0.999949038028717],"EasingStyle":"Linear","EasingDirection":"In"},"HumanoidRootPart":{"Weight":0,"CFrame":[0,0,0,1,0,0,0,1,0,0,0,1],"EasingStyle":"Linear","EasingDirection":"In"},"Right Arm":{"Weight":1,"CFrame":[0.23738572001457215,-0.28951624035835268,-0.030788421630859376,-0.4437587261199951,-0.8894098997116089,0.10967282205820084,0.7902112603187561,-0.44608110189437868,-0.4202117323875427,0.42266348004341128,-0.09980789572000504,0.9007740616798401],"EasingStyle":"Linear","EasingDirection":"In"}}},{"Time":0.20000000298023225,"poses":{"Left Leg":{"Weight":1,"CFrame":[-0.249376118183136,0.20910680294036866,-0.046327054500579837,0.9628589749336243,-0.18713535368442536,0.1946352869272232,0.14863669872283936,0.9691684246063232,0.19651900231838227,-0.22541002929210664,-0.16029013693332673,0.9609876871109009],"EasingStyle":"Linear","EasingDirection":"In"},"Right Leg":{"Weight":1,"CFrame":[0.2830652892589569,0.20735347270965577,0.00480198860168457,0.9765792489051819,0.16851207613945008,-0.1337784081697464,-0.14093799889087678,0.9708179831504822,0.1940332055091858,0.16257144510746003,-0.17063431441783906,0.9718304872512817],"EasingStyle":"Linear","EasingDirection":"In"},"Left Arm":{"Weight":1,"CFrame":[0.4923590421676636,-0.23961597681045533,0.08246040344238281,0.29365718364715578,0.9475806951522827,0.12592141330242158,-0.7249797582626343,0.30663108825683596,-0.6167510151863098,-0.6230327486991882,0.08982285112142563,0.7770212292671204],"EasingStyle":"Linear","EasingDirection":"In"},"Head":{"Weight":1,"CFrame":[1.5052501112222672e-7,2.8958311304450037e-9,-5.960464477539063e-8,0.5619637966156006,-0.8244457244873047,0.06697718054056168,0.8270464539527893,0.5613924860954285,-0.028853250667452813,-0.01381254568696022,0.07160772383213043,0.9973372220993042],"EasingStyle":"Linear","EasingDirection":"In"},"Torso":{"Weight":1,"CFrame":[-5.5587481284646859e-8,-4.378136443878092e-14,-0.16356515884399415,0.11470196396112442,0.9933772087097168,0.0067259822972118858,-0.9933974742889404,0.11471419036388397,-0.0014598763082176447,-0.00222177361138165,-0.006514123175293207,0.9999763369560242],"EasingStyle":"Linear","EasingDirection":"In"},"HumanoidRootPart":{"Weight":0,"CFrame":[0,0,0,1,0,0,0,1,0,0,0,1],"EasingStyle":"Linear","EasingDirection":"In"},"Right Arm":{"Weight":1,"CFrame":[0.33359721302986147,-0.29365071654319765,-0.04030334949493408,-0.5927074551582336,-0.7771239280700684,0.21160390973091126,0.6976900100708008,-0.6266564130783081,-0.34717488288879397,0.402400940656662,-0.058139219880104068,0.9136155843734741],"EasingStyle":"Linear","EasingDirection":"In"}}},{"Time":0.21666666865348817,"poses":{"Left Leg":{"Weight":1,"CFrame":[-0.25264739990234377,0.21877986192703248,-0.047791361808776858,0.9638065099716187,-0.18102414906024934,0.1957225352525711,0.14005276560783387,0.9684639573097229,0.20606505870819093,-0.2268529236316681,-0.17119541764259339,0.9587647914886475],"EasingStyle":"Linear","EasingDirection":"In"},"Right Leg":{"Weight":1,"CFrame":[0.26667773723602297,0.20116573572158814,0.005994439125061035,0.9722004532814026,0.16964372992515565,-0.16139154136180879,-0.13874457776546479,0.9725989103317261,0.18655093014240266,0.18861645460128785,-0.15897274017333985,0.9690983295440674],"EasingStyle":"Linear","EasingDirection":"In"},"Left Arm":{"Weight":1,"CFrame":[0.5963250398635864,-0.1958128809928894,0.09856295585632324,0.33096474409103396,0.929315984249115,0.16381114721298219,-0.7247260212898254,0.36150139570236208,-0.5865908861160278,-0.6043463349342346,0.07542261481285095,0.7931437492370606],"EasingStyle":"Linear","EasingDirection":"In"},"Head":{"Weight":1,"CFrame":[1.5454133972525597e-7,-1.0477378964424134e-9,-5.960464477539063e-8,0.5734558701515198,-0.8172018527984619,0.05770179629325867,0.8192052841186523,0.5726240277290344,-0.031692370772361758,-0.007142364513128996,0.06544380635023117,0.9978306889533997],"EasingStyle":"Linear","EasingDirection":"In"},"Torso":{"Weight":1,"CFrame":[-5.554479542979607e-8,-4.3753551264924878e-14,-0.1638479232788086,0.12722308933734895,0.9918586015701294,0.005551001522690058,-0.9918262362480164,0.1272699385881424,-0.009114417247474194,-0.009746689349412918,-0.00434606708586216,0.9999430775642395],"EasingStyle":"Linear","EasingDirection":"In"},"HumanoidRootPart":{"Weight":0,"CFrame":[0,0,0,1,0,0,0,1,0,0,0,1],"EasingStyle":"Linear","EasingDirection":"In"},"Right Arm":{"Weight":1,"CFrame":[0.41907089948654177,-0.29615822434425356,-0.04816657304763794,-0.7101761698722839,-0.6416467428207398,0.2897224724292755,0.5834549069404602,-0.7667079567909241,-0.267842173576355,0.3939925730228424,-0.021175188943743707,0.91886967420578],"EasingStyle":"Linear","EasingDirection":"In"}}},{"Time":0.23333333432674409,"poses":{"Left Leg":{"Weight":1,"CFrame":[-0.2565184533596039,0.22977721691131593,-0.049297332763671878,0.9642892479896545,-0.17553222179412843,0.19832991063594819,0.1318003088235855,0.9675629734992981,0.21552373468875886,-0.22972795367240907,-0.18168729543685914,0.9561457633972168],"EasingStyle":"Linear","EasingDirection":"In"},"Right Leg":{"Weight":1,"CFrame":[0.25114136934280398,0.19669747352600099,0.006222367286682129,0.9666971564292908,0.17127321660518647,-0.19016331434249879,-0.13722418248653413,0.974094033241272,0.17975062131881715,0.21602341532707215,-0.14766940474510194,0.9651567935943604],"EasingStyle":"Linear","EasingDirection":"In"},"Left Arm":{"Weight":1,"CFrame":[0.6786708831787109,-0.15760159492492677,0.11123883724212647,0.3623490035533905,0.9118521809577942,0.19294774532318116,-0.7237274050712586,0.40571290254592898,-0.5582255721092224,-0.5873004198074341,0.06263091415166855,0.8069419860839844],"EasingStyle":"Linear","EasingDirection":"In"},"Head":{"Weight":1,"CFrame":[1.487787812948227e-7,4.656612873077393e-10,1.1920928955078126e-7,0.5839985013008118,-0.8102472424507141,0.049448054283857349,0.8117486834526062,0.5831442475318909,-0.031730521470308307,-0.0031257716473191978,0.05866996571421623,0.9982725381851196],"EasingStyle":"Linear","EasingDirection":"In"},"Torso":{"Weight":1,"CFrame":[-5.5246015762122627e-8,-4.3558835331010059e-14,-0.16582632064819337,0.1395532786846161,0.9902045726776123,0.004449315834790468,-0.9900669455528259,0.13960866630077363,-0.016639534384012224,-0.017097709700465204,-0.0020830195862799885,0.999851644039154],"EasingStyle":"Linear","EasingDirection":"In"},"HumanoidRootPart":{"Weight":0,"CFrame":[0,0,0,1,0,0,0,1,0,0,0,1],"EasingStyle":"Linear","EasingDirection":"In"},"Right Arm":{"Weight":1,"CFrame":[0.4876928925514221,-0.2974458932876587,-0.054112255573272708,-0.793009877204895,-0.5039526224136353,0.34229692816734316,0.4648958146572113,-0.863717794418335,-0.19458523392677308,0.39370957016944888,0.004824464675039053,0.9192221760749817],"EasingStyle":"Linear","EasingDirection":"In"}}},{"Time":0.25,"poses":{"Left Leg":{"Weight":1,"CFrame":[-0.26277071237564089,0.24345064163208009,-0.05063718557357788,0.964245080947876,-0.17156539857387544,0.2019820511341095,0.12486075609922409,0.9663776755332947,0.22477532923221589,-0.23375461995601655,-0.19151891767978669,0.9532467126846314],"EasingStyle":"Linear","EasingDirection":"In"},"Right Leg":{"Weight":1,"CFrame":[0.23840561509132386,0.19556301832199098,0.005450606346130371,0.9600281715393066,0.17412681877613069,-0.2191479355096817,-0.1371636688709259,0.9751559495925903,0.17394544184207917,0.24399197101593018,-0.136933371424675,0.9600610136985779],"EasingStyle":"Linear","EasingDirection":"In"},"Left Arm":{"Weight":1,"CFrame":[0.7328665852546692,-0.1305743157863617,0.11953949928283692,0.3906111419200897,0.8946200609207153,0.2169743776321411,-0.7211034893989563,0.44386938214302065,-0.53196781873703,-0.5722173452377319,0.051331572234630588,0.8184939622879028],"EasingStyle":"Linear","EasingDirection":"In"},"Head":{"Weight":1,"CFrame":[1.4295801520347596e-7,8.149072527885437e-10,0,0.5936609506607056,-0.8036136627197266,0.042093612253665927,0.804714560508728,0.5929158926010132,-0.029751095920801164,-0.001049582613632083,0.05153540149331093,0.9986706376075745],"EasingStyle":"Linear","EasingDirection":"In"},"Torso":{"Weight":1,"CFrame":[-5.443504136337651e-8,-4.3030344370163789e-14,-0.17119741439819337,0.15151658654212953,0.9884487390518189,0.0034368967171758415,-0.9881590008735657,0.1515553891658783,-0.023932579904794694,-0.024177009239792825,0.00022997925407253206,0.9997076392173767],"EasingStyle":"Linear","EasingDirection":"In"},"HumanoidRootPart":{"Weight":0,"CFrame":[0,0,0,1,0,0,0,1,0,0,0,1],"EasingStyle":"Linear","EasingDirection":"In"},"Right Arm":{"Weight":1,"CFrame":[0.5333493947982788,-0.297920286655426,-0.05787461996078491,-0.8464024066925049,-0.38024234771728518,0.3728521764278412,0.35507386922836306,-0.924741268157959,-0.13702599704265595,0.39689481258392336,0.01641095243394375,0.9177173376083374],"EasingStyle":"Linear","EasingDirection":"In"}}},{"Time":0.2666666805744171,"poses":{"Left Leg":{"Weight":1,"CFrame":[-0.2733129858970642,0.26117223501205447,-0.051589787006378177,0.9636142253875732,-0.17010243237018586,0.20618636906147004,0.1203044056892395,0.96482914686203,0.2337338626384735,-0.2386932522058487,-0.20042413473129273,0.9501871466636658],"EasingStyle":"Linear","EasingDirection":"In"},"Right Leg":{"Weight":1,"CFrame":[0.23062315583229066,0.1993526816368103,0.003917574882507324,0.9522278308868408,0.17904505133628846,-0.2473965883255005,-0.13941361010074616,0.9756242036819458,0.1694733202457428,0.2717094421386719,-0.126886785030365,0.9539778232574463],"EasingStyle":"Linear","EasingDirection":"In"},"Left Arm":{"Weight":1,"CFrame":[0.7523829936981201,-0.12032270431518555,0.12251710891723633,0.41829609870910647,0.8762847185134888,0.23906797170639039,-0.7154895067214966,0.4800223410129547,-0.5075955986976624,-0.5595561861991882,0.041274599730968478,0.8277639746665955],"EasingStyle":"Linear","EasingDirection":"In"},"Head":{"Weight":1,"CFrame":[1.5186378732323647e-7,1.3969838619232178e-9,-2.384185791015625e-7,0.6025034785270691,-0.7973364591598511,0.03527115657925606,0.7981162071228027,0.6019061207771301,-0.02682569995522499,0.00015918303688522428,0.04431305080652237,0.9990176558494568],"EasingStyle":"Linear","EasingDirection":"In"},"Torso":{"Weight":1,"CFrame":[-5.28557748680214e-8,-4.2001155293536557e-14,-0.1816563606262207,0.16293753683567048,0.9866331815719605,0.002524844603613019,-0.9861527681350708,0.1629372537136078,-0.030890634283423425,-0.030889112502336503,0.002543363254517317,0.9995195865631104],"EasingStyle":"Linear","EasingDirection":"In"},"HumanoidRootPart":{"Weight":0,"CFrame":[0,0,0,1,0,0,0,1,0,0,0,1],"EasingStyle":"Linear","EasingDirection":"In"},"Right Arm":{"Weight":1,"CFrame":[0.5499268174171448,-0.2979886531829834,-0.05918776988983154,-0.8787451386451721,-0.2803329527378082,0.38629069924354555,0.26145318150520327,-0.9598333835601807,-0.10179432481527329,0.3993109166622162,0.011545676738023758,0.9167428016662598],"EasingStyle":"Linear","EasingDirection":"In"}}},{"Time":0.28333333134651186,"poses":{"Left Leg":{"Weight":1,"CFrame":[-0.2897891402244568,0.2843554615974426,-0.05207562446594238,0.9623555541038513,-0.17200034856796266,0.21044646203517915,0.11908381432294846,0.9628444910049439,0.2423829734325409,-0.24431708455085755,-0.20819778740406037,0.9470812082290649],"EasingStyle":"Linear","EasingDirection":"In"},"Right Leg":{"Weight":1,"CFrame":[0.23047228157520295,0.20954585075378419,0.0021587610244750978,0.9433639049530029,0.1871381402015686,-0.27394136786460879,-0.14505282044410706,0.9752750992774963,0.16672764718532563,0.2983693480491638,-0.117548868060112,0.9471842646598816],"EasingStyle":"Linear","EasingDirection":"In"},"Left Arm":{"Weight":1,"CFrame":[0.7452674508094788,-0.1216573715209961,0.1209942102432251,0.4470883905887604,0.8554173111915588,0.26148277521133425,-0.7056045532226563,0.5169385075569153,-0.4846615195274353,-0.5497583150863648,0.03218315914273262,0.8347035050392151],"EasingStyle":"Linear","EasingDirection":"In"},"Head":{"Weight":1,"CFrame":[1.5951809473335744e-7,-1.7462298274040223e-9,1.1920928955078126e-7,0.6104032397270203,-0.7915568351745606,0.02907862327992916,0.792090654373169,0.609967827796936,-0.023059196770191194,0.0005156361730769277,0.03710831701755524,0.999311089515686],"EasingStyle":"Linear","EasingDirection":"In"},"Torso":{"Weight":1,"CFrame":[-5.025211535780727e-8,-4.0304402610519266e-14,-0.1988997459411621,0.17364385724067689,0.984807014465332,0.0017197980778291822,-0.9841079115867615,0.1735859215259552,-0.03741082921624184,-0.03714097663760185,0.0048036943189799789,0.9992985129356384],"EasingStyle":"Linear","EasingDirection":"In"},"HumanoidRootPart":{"Weight":0,"CFrame":[0,0,0,1,0,0,0,1,0,0,0,1],"EasingStyle":"Linear","EasingDirection":"In"},"Right Arm":{"Weight":1,"CFrame":[0.5497526526451111,-0.29786109924316409,-0.05651974678039551,-0.8977377414703369,-0.20355691015720368,0.3906809687614441,0.18634657561779023,-0.9790628552436829,-0.08192025125026703,0.39917656779289248,-0.0007408370729535818,0.9168737530708313],"EasingStyle":"Linear","EasingDirection":"In"}}},{"Time":0.30000001192092898,"poses":{"Left Leg":{"Weight":1,"CFrame":[-0.31282833218574526,0.314486563205719,-0.05248570442199707,0.960480272769928,-0.1776299774646759,0.21430166065692902,0.12164062261581421,0.9603564739227295,0.25083670020103457,-0.2503621578216553,-0.21485581994056703,0.9440104365348816],"EasingStyle":"Linear","EasingDirection":"In"},"Right Leg":{"Weight":1,"CFrame":[0.24089351296424867,0.2274603247642517,0.0009546279907226563,0.9335159063339233,0.1996537446975708,-0.2978026568889618,-0.15526972711086274,0.9738015532493591,0.16613826155662538,0.3231707811355591,-0.10885295271873474,0.9400593638420105],"EasingStyle":"Linear","EasingDirection":"In"},"Left Arm":{"Weight":1,"CFrame":[0.7257447838783264,-0.12532660365104676,0.11686527729034424,0.4760267734527588,0.8323039412498474,0.2840224802494049,-0.6919460296630859,0.5538020133972168,-0.4631566107273102,-0.5427792072296143,0.02394665591418743,0.8395339250564575],"EasingStyle":"Linear","EasingDirection":"In"},"Head":{"Weight":1,"CFrame":[1.443404471501708e-7,-2.2118911147117616e-9,-1.7881393432617188e-7,0.6172362565994263,-0.7864236831665039,0.02360387146472931,0.7867778539657593,0.6169572472572327,-0.018558353185653688,0.000032139938412001359,0.030025893822312356,0.999549150466919],"EasingStyle":"Linear","EasingDirection":"In"},"Torso":{"Weight":1,"CFrame":[-4.636797257262515e-8,-3.777316662039419e-14,-0.2246232032775879,0.18346421420574189,0.983025848865509,0.0010246463352814317,-0.9820923805236816,0.18333524465560914,-0.04339059814810753,-0.04284192994236946,0.006954330485314131,0.9990576505661011],"EasingStyle":"Linear","EasingDirection":"In"},"HumanoidRootPart":{"Weight":0,"CFrame":[0,0,0,1,0,0,0,1,0,0,0,1],"EasingStyle":"Linear","EasingDirection":"In"},"Right Arm":{"Weight":1,"CFrame":[0.5485342144966126,-0.297527551651001,-0.04906362295150757,-0.9084335565567017,-0.1444994956254959,0.39226076006889346,0.12860867381095887,-0.9894533753395081,-0.0666472390294075,0.39775407314300539,-0.010096454061567784,0.917436420917511],"EasingStyle":"Linear","EasingDirection":"In"}}},{"Time":0.3166666626930237,"poses":{"Left Leg":{"Weight":1,"CFrame":[-0.3413122296333313,0.35319048166275027,-0.05406999588012695,0.9581068158149719,-0.1865142285823822,0.2173563539981842,0.12750981748104096,0.9573127031326294,0.2594100832939148,-0.25646165013313296,-0.22082749009132386,0.9409902095794678],"EasingStyle":"Linear","EasingDirection":"In"},"Right Leg":{"Weight":1,"CFrame":[0.2633071839809418,0.254422664642334,0.0009367465972900391,0.9228681325912476,0.2171112596988678,-0.31808340549468996,-0.17050577700138093,0.97092574834