{"Sequence":[{"Time":0,"poses":{"Left Leg":{"Weight":1,"CFrame":[-0.7474285960197449,0.33163589239120486,-0.23005962371826173,0.9523521065711975,-0.26335740089416506,-0.15384523570537568,0.30421993136405947,0.8562868237495422,0.41740041971206667,0.02181016281247139,-0.44431495666503909,0.8956050872802734],"EasingStyle":"Linear","EasingDirection":"In"},"Right Arm":{"Weight":1,"CFrame":[-0.03983563929796219,-0.17507854104042054,0.26608335971832278,0.5304500460624695,-0.44828158617019656,-0.7194904685020447,0.843515157699585,0.19472424685955048,0.5005643367767334,-0.08429153263568878,-0.8724254965782166,0.4814237952232361],"EasingStyle":"Linear","EasingDirection":"In"},"Head":{"Weight":1,"CFrame":[1.1129304766654968e-7,2.2351741790771486e-8,0.016662120819091798,0.9492552280426025,0.31448158621788027,0.003972101025283337,-0.30801036953926089,0.9321274161338806,-0.1904420405626297,-0.06359303742647171,0.17955473065376283,0.9816904067993164],"EasingStyle":"Linear","EasingDirection":"In"},"Right Leg":{"Weight":1,"CFrame":[0.6782232522964478,0.029198110103607179,0.26603519916534426,0.6131914854049683,0.7221719622612,-0.3200996220111847,-0.6942216753959656,0.6860091090202332,0.21782492101192475,0.37689831852912905,0.08865164965391159,0.9220025539398193],"EasingStyle":"Linear","EasingDirection":"In"},"Torso":{"Weight":1,"CFrame":[-0.7310746312141419,0.12051177024841309,-0.4749157428741455,0.9299607872962952,-0.3614064157009125,-0.06751666963100434,0.36765652894973757,0.9148033261299133,0.1672235131263733,0.0013288145419210196,-0.18033425509929658,0.9836044907569885],"EasingStyle":"Linear","EasingDirection":"In"},"HumanoidRootPart":{"Weight":1,"CFrame":[0,0,0,1,0,0,0,1,0,0,0,1],"EasingStyle":"Linear","EasingDirection":"In"},"Left Arm":{"Weight":1,"CFrame":[-0.11381442099809647,-0.4527473449707031,0.0958477258682251,-0.16534246504306794,0.9796550273895264,0.11374493688344956,-0.8512428402900696,-0.2000008523464203,0.48516547679901125,0.49804380536079409,-0.01660613901913166,0.8669929504394531],"EasingStyle":"Linear","EasingDirection":"In"}}},{"Time":0.03333333507180214,"poses":{"Left Leg":{"Weight":1,"CFrame":[-0.7034140229225159,0.33376145362854006,-0.19926297664642335,0.9576055407524109,-0.2658846974372864,-0.11089193820953369,0.2868483066558838,0.8444331884384155,0.45238327980041506,-0.026641009375452997,-0.46501395106315615,0.8849025368690491],"EasingStyle":"Linear","EasingDirection":"In"},"Right Arm":{"Weight":1,"CFrame":[0.006080403923988342,-0.1849113404750824,0.21942758560180665,0.42942097783088686,-0.5696359276771545,-0.7007941603660584,0.89434814453125,0.16043560206890107,0.41761457920074465,-0.12545596063137055,-0.8060864210128784,0.5783472657203674],"EasingStyle":"Linear","EasingDirection":"In"},"Head":{"Weight":1,"CFrame":[8.940696716308594e-8,-5.960464477539063e-8,0.016662120819091798,0.9588803648948669,0.28380000591278078,-0.0024875458329916,-0.27942004799842837,0.9424731731414795,-0.18349052965641023,-0.049730174243450168,0.176640585064888,0.9830183386802673],"EasingStyle":"Linear","EasingDirection":"In"},"Right Leg":{"Weight":1,"CFrame":[0.6895164847373962,0.010931313037872315,0.25140130519866946,0.6480145454406738,0.6969960331916809,-0.3070400655269623,-0.6888962984085083,0.708315908908844,0.15398181974887849,0.32480618357658389,0.1117362529039383,0.9391570687294006],"EasingStyle":"Linear","EasingDirection":"In"},"Torso":{"Weight":1,"CFrame":[-0.7869657278060913,0.11879304051399231,-0.4599630832672119,0.941504180431366,-0.3327559232711792,-0.053324636071920398,0.3369596004486084,0.9270310401916504,0.16453537344932557,-0.005316538270562887,-0.17287899553775788,0.9849287271499634],"EasingStyle":"Linear","EasingDirection":"In"},"HumanoidRootPart":{"Weight":1,"CFrame":[0,0,0,1,0,0,0,1,0,0,0,1],"EasingStyle":"Linear","EasingDirection":"In"},"Left Arm":{"Weight":1,"CFrame":[-0.13591256737709046,-0.4410994350910187,0.11178469657897949,-0.05965113267302513,0.9708282947540283,0.23223727941513062,-0.8207816481590271,-0.18011176586151124,0.5421044826507568,0.5681190490722656,-0.15827904641628266,0.807581901550293],"EasingStyle":"Linear","EasingDirection":"In"}}},{"Time":0.06666667014360428,"poses":{"Left Leg":{"Weight":1,"CFrame":[-0.6397836208343506,0.3274329900741577,-0.11991000175476074,0.9469385147094727,-0.32133886218070986,-0.006987624801695347,0.28508514165878298,0.8296670913696289,0.4799782335758209,-0.1484382003545761,-0.45650193095207217,0.8772526383399963],"EasingStyle":"Linear","EasingDirection":"In"},"Right Arm":{"Weight":1,"CFrame":[0.0540393590927124,-0.2133302092552185,0.17972421646118165,0.289638489484787,-0.7250213623046875,-0.6248627305030823,0.9276227355003357,0.051763180643320087,0.3699144721031189,-0.23585106432437898,-0.6867784857749939,0.6875390410423279],"EasingStyle":"Linear","EasingDirection":"In"},"Head":{"Weight":1,"CFrame":[1.471489667892456e-7,-4.470348358154297e-8,0.016662120819091798,0.9788780808448792,0.2044040560722351,-0.004089099820703268,-0.20225296914577485,0.9652687907218933,-0.16537846624851228,-0.029857005923986436,0.1627124696969986,0.9862217903137207],"EasingStyle":"Linear","EasingDirection":"In"},"Right Leg":{"Weight":1,"CFrame":[0.719035267829895,0.012492358684539795,0.1926361322402954,0.7216454744338989,0.6483024954795837,-0.24275857210159303,-0.649509847164154,0.7554081678390503,0.0865759402513504,0.23950926959514619,0.0951969176530838,0.9662158489227295],"EasingStyle":"Linear","EasingDirection":"In"},"Torso":{"Weight":1,"CFrame":[-0.8230750560760498,0.10835367441177368,-0.4215734004974365,0.9664026498794556,-0.2550060451030731,-0.03221859410405159,0.25692281126976015,0.9546937346458435,0.1501690149307251,-0.007535125128924847,-0.1534014344215393,0.9881352186203003],"EasingStyle":"Linear","EasingDirection":"In"},"HumanoidRootPart":{"Weight":1,"CFrame":[0,0,0,1,0,0,0,1,0,0,0,1],"EasingStyle":"Linear","EasingDirection":"In"},"Left Arm":{"Weight":1,"CFrame":[-0.16593053936958314,-0.40918856859207156,0.1581028699874878,0.09108269214630127,0.9227960109710693,0.37436822056770327,-0.8038488626480103,-0.15377236902713777,0.5746138691902161,0.5878188014030457,-0.35327279567718508,0.7277825474739075],"EasingStyle":"Linear","EasingDirection":"In"}}},{"Time":0.10000000149011612,"poses":{"Left Leg":{"Weight":1,"CFrame":[-0.5576670169830322,0.3212655782699585,-0.01611083745956421,0.9019778370857239,-0.40801331400871279,0.14128388464450837,0.2928479015827179,0.8185235857963562,0.4942259192466736,-0.3172948658466339,-0.4044061303138733,0.8577759265899658],"EasingStyle":"Linear","EasingDirection":"In"},"Right Arm":{"Weight":1,"CFrame":[0.10037149488925934,-0.2558959722518921,0.14369916915893556,0.09444553405046463,-0.8717359900474548,-0.48078739643096926,0.922716498374939,-0.10464959591627121,0.3710023760795593,-0.3737303614616394,-0.4786699414253235,0.7944814562797546],"EasingStyle":"Linear","EasingDirection":"In"},"Head":{"Weight":1,"CFrame":[1.1920928955078126e-7,-1.4901161193847657e-8,0.016662120819091798,0.995638906955719,0.09321587532758713,-0.0037426846101880075,-0.09288480132818222,0.9867674708366394,-0.13290052115917207,-0.008695256896317006,0.13266855478286744,0.9911224246025086],"EasingStyle":"Linear","EasingDirection":"In"},"Right Leg":{"Weight":1,"CFrame":[0.7462068796157837,0.03745037317276001,0.10505330562591553,0.808708667755127,0.5714075565338135,-0.13958323001861573,-0.5731123685836792,0.8188636898994446,0.03169379010796547,0.1324097365140915,0.05436577647924423,0.9897030591964722],"EasingStyle":"Linear","EasingDirection":"In"},"Torso":{"Weight":1,"CFrame":[-0.8360636830329895,0.08475393056869507,-0.36879563331604006,0.9895658493041992,-0.14381088316440583,-0.008826791308820248,0.14383476972579957,0.9824318885803223,0.11890819668769837,-0.008428574539721012,-0.11893709003925324,0.992866039276123],"EasingStyle":"Linear","EasingDirection":"In"},"HumanoidRootPart":{"Weight":1,"CFrame":[0,0,0,1,0,0,0,1,0,0,0,1],"EasingStyle":"Linear","EasingDirection":"In"},"Left Arm":{"Weight":1,"CFrame":[-0.19768057763576508,-0.3613246977329254,0.22360503673553468,0.2505696415901184,0.8231409192085266,0.5095623731613159,-0.7944934368133545,-0.1259116232395172,0.5940762162208557,0.5531682372093201,-0.5537014007568359,0.6224305033683777],"EasingStyle":"Linear","EasingDirection":"In"}}},{"Time":0.13333334028720857,"poses":{"Left Leg":{"Weight":1,"CFrame":[-0.4603751301765442,0.3154223561286926,0.0932912826538086,0.8113312721252441,-0.4955591857433319,0.3101012110710144,0.3096870481967926,0.8142625093460083,0.4909892678260803,-0.4958180785179138,-0.3023206889629364,0.8141049742698669],"EasingStyle":"Linear","EasingDirection":"In"},"Right Arm":{"Weight":1,"CFrame":[0.14218056201934815,-0.3071244955062866,0.10673069953918457,-0.13896313309669496,-0.9484215378761292,-0.28493133187294009,0.8723687529563904,-0.2534099221229553,0.4180387258529663,-0.46868130564689639,-0.19047331809997559,0.8625878691673279],"EasingStyle":"Linear","EasingDirection":"In"},"Head":{"Weight":1,"CFrame":[5.4249539971351626e-8,2.7939677238464357e-9,0.016661882400512697,0.9995552897453308,-0.029348332434892656,-0.0052902731113135818,0.028783192858099939,0.9958557486534119,-0.08627241849899292,0.007800244726240635,0.08608178049325943,0.9962576031684876],"EasingStyle":"Linear","EasingDirection":"In"},"Right Leg":{"Weight":1,"CFrame":[0.7522165775299072,0.07904630899429321,0.009446978569030762,0.885941743850708,0.4634624421596527,-0.017600486055016519,-0.46357521414756777,0.8860533237457275,-0.0027388252783566715,0.014325673691928387,0.010585558600723744,0.9998414516448975],"EasingStyle":"Linear","EasingDirection":"In"},"Torso":{"Weight":1,"CFrame":[-0.8348182439804077,0.04740430414676666,-0.3117401599884033,0.9997695088386536,-0.018654165789484979,0.010629400610923767,0.01786288246512413,0.9973718523979187,0.07021751254796982,-0.011911312118172646,-0.07001145929098129,0.9974750876426697],"EasingStyle":"Linear","EasingDirection":"In"},"HumanoidRootPart":{"Weight":1,"CFrame":[0,0,0,1,0,0,0,1,0,0,0,1],"EasingStyle":"Linear","EasingDirection":"In"},"Left Arm":{"Weight":1,"CFrame":[-0.22392922639846803,-0.30181920528411868,0.2968817949295044,0.38114821910858157,0.6920378804206848,0.6130331158638,-0.7887744903564453,-0.10246360301971436,0.6060824990272522,0.482245534658432,-0.7145521640777588,0.5068081617355347],"EasingStyle":"Linear","EasingDirection":"In"}}},{"Time":0.1666666716337204,"poses":{"Left Leg":{"Weight":1,"CFrame":[-0.3626602590084076,0.30301177501678469,0.19837677478790284,0.6807034015655518,-0.5636174082756043,0.467951238155365,0.3473288118839264,0.8107373118400574,0.4712405800819397,-0.6449849009513855,-0.1582421064376831,0.7476323246955872],"EasingStyle":"Linear","EasingDirection":"In"},"Right Arm":{"Weight":1,"CFrame":[0.17596866190433503,-0.3608025908470154,0.06535255908966065,-0.34475186467170718,-0.9352590441703796,-0.08022888749837876,0.8087035417556763,-0.33931827545166018,0.4804808795452118,-0.47659721970558169,0.10076522827148438,0.8733278512954712],"EasingStyle":"Linear","EasingDirection":"In"},"Head":{"Weight":1,"CFrame":[3.748573362827301e-8,7.450580596923828e-9,0.016661763191223146,0.9900532960891724,-0.1402702033519745,-0.010896715335547924,0.1398005187511444,0.9895283579826355,-0.0359099917113781,0.01581973023712635,0.03402937576174736,0.9992956519126892],"EasingStyle":"Linear","EasingDirection":"In"},"Right Leg":{"Weight":1,"CFrame":[0.7312309741973877,0.11823481321334839,-0.0709996223449707,0.93505859375,0.3408242166042328,0.09749006479978562,-0.3406659662723541,0.9399968385696411,-0.018782150000333787,-0.09804168343544007,-0.015649154782295228,0.9950593113899231],"EasingStyle":"Linear","EasingDirection":"In"},"Torso":{"Weight":1,"CFrame":[-0.834496259689331,0.005371849983930588,-0.261063814163208,0.9950252175331116,0.09727203100919724,0.021517474204301835,-0.09761091321706772,0.9951070547103882,0.015301120467483998,-0.019923821091651918,-0.01732534170150757,0.9996513724327087],"EasingStyle":"Linear","EasingDirection":"In"},"HumanoidRootPart":{"Weight":1,"CFrame":[0,0,0,1,0,0,0,1,0,0,0,1],"EasingStyle":"Linear","EasingDirection":"In"},"Left Arm":{"Weight":1,"CFrame":[-0.23667503893375398,-0.2349710464477539,0.365710973739624,0.46068644523620608,0.5755748152732849,0.6756342053413391,-0.7856407165527344,-0.0897350013256073,0.6121407747268677,0.4129607677459717,-0.8128107190132141,0.4108555018901825],"EasingStyle":"Linear","EasingDirection":"In"}}},{"Time":0.20000000298023225,"poses":{"Left Leg":{"Weight":1,"CFrame":[-0.29017215967178347,0.26947832107543948,0.3063260316848755,0.5265380144119263,-0.6140231490135193,0.5879909992218018,0.42928385734558108,0.7890087962150574,0.43952280282974245,-0.7338072657585144,0.02098958007991314,0.6790335178375244],"EasingStyle":"Linear","EasingDirection":"In"},"Right Arm":{"Weight":1,"CFrame":[0.1983214169740677,-0.4096892774105072,0.029794692993164064,-0.4575057327747345,-0.88405841588974,0.09554717689752579,0.7794074416160584,-0.34696751832962038,0.5216682553291321,-0.4280335009098053,0.3131362199783325,0.847781240940094],"EasingStyle":"Linear","EasingDirection":"In"},"Head":{"Weight":1,"CFrame":[1.4621764421463014e-7,-1.4901161193847657e-8,0.016661882400512697,0.9757757186889648,-0.21805796027183534,-0.0176773089915514,0.21807725727558137,0.9759311676025391,-0.0008481340482831001,0.017436806112527849,-0.0030274938326328995,0.9998434782028198],"EasingStyle":"Linear","EasingDirection":"In"},"Right Leg":{"Weight":1,"CFrame":[0.6988012194633484,0.13991385698318482,-0.121471107006073,0.9532285332679749,0.2419160008430481,0.1811959594488144,-0.2423093020915985,0.969986617565155,-0.020305097103118898,-0.18066968023777009,-0.0245500598102808,0.9832373857498169],"EasingStyle":"Linear","EasingDirection":"In"},"Torso":{"Weight":1,"CFrame":[-0.8336792588233948,-0.024297326803207399,-0.22553610801696778,0.9831659197807312,0.18100498616695405,0.024943416938185693,-0.18039308488368989,0.9832784533500671,-0.024936435744166375,-0.02903994359076023,0.020017027854919435,0.9993779063224793],"EasingStyle":"Linear","EasingDirection":"In"},"HumanoidRootPart":{"Weight":1,"CFrame":[0,0,0,1,0,0,0,1,0,0,0,1],"EasingStyle":"Linear","EasingDirection":"In"},"Left Arm":{"Weight":1,"CFrame":[-0.21165993809700013,-0.17103886604309083,0.4172065258026123,0.47884178161621096,0.5226837396621704,0.7053453922271729,-0.7855184674263,-0.10367095470428467,0.6100927591323853,0.39200931787490847,-0.8461997509002686,0.3609359562397003],"EasingStyle":"Linear","EasingDirection":"In"}}},{"Time":0.23333333432674409,"poses":{"Left Leg":{"Weight":1,"CFrame":[-0.2601318657398224,0.1939181089401245,0.4190317392349243,0.3778476119041443,-0.6538035273551941,0.6555702090263367,0.5599978566169739,0.72524493932724,0.40052729845046999,-0.7373150587081909,0.21577970683574677,0.6401606798171997],"EasingStyle":"Linear","EasingDirection":"In"},"Right Arm":{"Weight":1,"CFrame":[0.20590773224830628,-0.44701912999153139,0.0156325101852417,-0.4586808383464813,-0.8587732315063477,0.2282993346452713,0.8023489713668823,-0.28983837366104128,0.5217565894126892,-0.38190072774887087,0.4224953353404999,0.8219790458679199],"EasingStyle":"Linear","EasingDirection":"In"},"Head":{"Weight":1,"CFrame":[8.847564458847046e-8,-7.450580596923828e-9,0.016662120819091798,0.9693841934204102,-0.244720920920372,-0.020149661228060724,0.24492645263671876,0.969505250453949,0.008410177193582058,0.017476988956332208,-0.013087799772620201,0.9997616410255432],"EasingStyle":"Linear","EasingDirection":"In"},"Right Leg":{"Weight":1,"CFrame":[0.6823568344116211,0.14655739068984986,-0.13882899284362794,0.9558038115501404,0.20243757963180543,0.21320907771587373,-0.2037600427865982,0.9788902401924133,-0.01599164865911007,-0.21194548904895783,-0.02815863862633705,0.9768757820129395],"EasingStyle":"Linear","EasingDirection":"In"},"Torso":{"Weight":1,"CFrame":[-0.8279726505279541,-0.03148277848958969,-0.21202325820922852,0.976732611656189,0.21293900907039643,0.025503480806946756,-0.21190676093101502,0.9765505194664002,-0.03801032528281212,-0.03299931809306145,0.0317215695977211,0.9989518523216248],"EasingStyle":"Linear","EasingDirection":"In"},"HumanoidRootPart":{"Weight":1,"CFrame":[0,0,0,1,0,0,0,1,0,0,0,1],"EasingStyle":"Linear","EasingDirection":"In"},"Left Arm":{"Weight":1,"CFrame":[-0.18334460258483888,-0.14288631081581117,0.438610315322876,0.40171507000923159,0.5667902231216431,0.7192869782447815,-0.8012023568153381,-0.16286882758140565,0.575802743434906,0.44350865483283999,-0.8076030015945435,0.3886868357658386],"EasingStyle":"Linear","EasingDirection":"In"}}},{"Time":0.2666666805744171,"poses":{"Left Leg":{"Weight":1,"CFrame":[-0.2701038122177124,0.05747884511947632,0.5066906213760376,0.25893738865852358,-0.6964913010597229,0.6692169904708862,0.7094578146934509,0.6073097586631775,0.3575533628463745,-0.6554547548294067,0.3821973204612732,0.6513863205909729],"EasingStyle":"Linear","EasingDirection":"In"},"Right Arm":{"Weight":1,"CFrame":[0.19483345746994019,-0.4690702259540558,0.018682479858398439,-0.39150023460388186,-0.8664450645446777,0.30983999371528628,0.8443034291267395,-0.20435146987438203,0.4953708350658417,-0.3658953607082367,0.45553654432296755,0.8115459680557251],"EasingStyle":"Linear","EasingDirection":"In"},"Head":{"Weight":1,"CFrame":[6.658956408500672e-8,1.4901161193847657e-8,0.016662120819091798,0.9768458008766174,-0.21325114369392396,-0.017212387174367906,0.21303527057170869,0.9769505858421326,-0.013553316704928875,0.01970587484538555,0.009572707116603852,0.999760091304779],"EasingStyle":"Linear","EasingDirection":"In"},"Right Leg":{"Weight":1,"CFrame":[0.6896794438362122,0.1379336714744568,-0.12421095371246338,0.9536328315734863,0.2365342229604721,0.18610726296901704,-0.2385817915201187,0.9710526466369629,-0.011647512204945088,-0.18347486853599549,-0.03329434618353844,0.9824604988098145],"EasingStyle":"Linear","EasingDirection":"In"},"Torso":{"Weight":1,"CFrame":[-0.8133777976036072,-0.011285819113254547,-0.2186875343322754,0.9822932481765747,0.1853678822517395,0.027179833501577379,-0.1849309653043747,0.9825901389122009,-0.017814084887504579,-0.030008792877197267,0.012472265399992466,0.9994718432426453],"EasingStyle":"Linear","EasingDirection":"In"},"HumanoidRootPart":{"Weight":1,"CFrame":[0,0,0,1,0,0,0,1,0,0,0,1],"EasingStyle":"Linear","EasingDirection":"In"},"Left Arm":{"Weight":1,"CFrame":[-0.23972326517105103,-0.16357475519180299,0.40247654914855959,0.21650837361812592,0.6750040054321289,0.7053322792053223,-0.822721004486084,-0.2628055512905121,0.5040470957756043,0.5255990028381348,-0.6894221305847168,0.4984405040740967],"EasingStyle":"Linear","EasingDirection":"In"}}},{"Time":0.30000001192092898,"poses":{"Left Leg":{"Weight":1,"CFrame":[-0.29573801159858706,-0.12670111656188966,0.5366119146347046,0.16768673062324525,-0.7449831962585449,0.6456634998321533,0.8371065258979797,0.45352742075920107,0.30588477849960329,-0.5207050442695618,0.4891963005065918,0.6996808052062988],"EasingStyle":"Linear","EasingDirection":"In"},"Right Arm":{"Weight":1,"CFrame":[0.16774237155914308,-0.47937309741973879,0.03115212917327881,-0.27390632033348086,-0.8966302871704102,0.34789323806762698,0.8857680559158325,-0.09425884485244751,0.454456090927124,-0.3746870160102844,0.4326309859752655,0.820024311542511],"EasingStyle":"Linear","EasingDirection":"In"},"Head":{"Weight":1,"CFrame":[5.820766091346741e-8,-1.1175870895385743e-8,0.01666247844696045,0.9902483224868774,-0.13861717283725739,-0.013920420780777932,0.13755720853805543,0.9886849522590637,-0.059833746403455737,0.022056911140680314,0.05733540654182434,0.9981113076210022],"EasingStyle":"Linear","EasingDirection":"In"},"Right Leg":{"Weight":1,"CFrame":[0.7014329433441162,0.11088687181472779,-0.08226197957992554,0.9402406811714172,0.3201464116573334,0.11599012464284897,-0.3219640254974365,0.9467464685440064,-0.0032232345547527076,-0.11084508150815964,-0.03431406617164612,0.9932451248168945],"EasingStyle":"Linear","EasingDirection":"In"},"Torso":{"Weight":1,"CFrame":[-0.7904382348060608,0.03020591288805008,-0.23713231086730958,0.9931110739707947,0.11365612596273422,0.028509318828582765,-0.11445821076631546,0.9930254220962524,0.02828161232173443,-0.025096099823713304,-0.03134990856051445,0.9991933703422546],"EasingStyle":"Linear","EasingDirection":"In"},"HumanoidRootPart":{"Weight":1,"CFrame":[0,0,0,1,0,0,0,1,0,0,0,1],"EasingStyle":"Linear","EasingDirection":"In"},"Left Arm":{"Weight":1,"CFrame":[-0.36807534098625185,-0.21537110209465028,0.30794811248779299,-0.04030512273311615,0.7824907302856445,0.6213564276695252,-0.8201498985290527,-0.3811104893684387,0.4267423152923584,0.5707272887229919,-0.4924055337905884,0.6571202874183655],"EasingStyle":"Linear","EasingDirection":"In"}}},{"Time":0.3333333432674408,"poses":{"Left Leg":{"Weight":1,"CFrame":[-0.3267213702201843,-0.30797243118286135,0.5072667598724365,0.10247724503278732,-0.7934545874595642,0.599940299987793,0.9205656051635742,0.30416688323020937,0.24503375589847566,-0.37690505385398867,0.5271738767623901,0.761597216129303],"EasingStyle":"Linear","EasingDirection":"In"},"Right Arm":{"Weight":1,"CFrame":[0.13229987025260926,-0.48281943798065188,0.0627974271774292,-0.11465930193662644,-0.9394118189811707,0.32304617762565615,0.9071359634399414,0.03353803977370262,0.41949930787086489,-0.4049168825149536,0.3411461412906647,0.8483286499977112],"EasingStyle":"Linear","EasingDirection":"In"},"Head":{"Weight":1,"CFrame":[9.080395102500916e-8,5.587935447692871e-9,0.016662240028381349,0.9991745352745056,-0.03770670294761658,-0.015121378935873509,0.03571657836437225,0.9926859140396118,-0.11532198637723923,0.019359149038791658,0.11468669027090073,0.9932131171226502],"EasingStyle":"Linear","EasingDirection":"In"},"Right Leg":{"Weight":1,"CFrame":[0.7017194032669067,0.07155823707580567,-0.01996612548828125,0.9060630202293396,0.42261046171188357,0.021216973662376405,-0.4229546785354614,0.906015932559967,0.015636669471859933,-0.012614605948328972,-0.023141684010624887,0.9996526837348938],"EasingStyle":"Linear","EasingDirection":"In"},"Torso":{"Weight":1,"CFrame":[-0.7656869888305664,0.08041951060295105,-0.2648138999938965,0.9995754361152649,0.015191680751740933,0.024863382801413537,-0.017254948616027833,0.996232271194458,0.08499167859554291,-0.023478535935282708,-0.08538461476564408,0.9960713982582092],"EasingStyle":"Linear","EasingDirection":"In"},"HumanoidRootPart":{"Weight":1,"CFrame":[0,0,0,1,0,0,0,1,0,0,0,1],"EasingStyle":"Linear","EasingDirection":"In"},"Left Arm":{"Weight":1,"CFrame":[-0.4982709288597107,-0.2897454500198364,0.18169593811035157,-0.3025643229484558,0.8415576219558716,0.44747689366340639,-0.7910004258155823,-0.4836355745792389,0.37472015619277956,0.5317642092704773,-0.24057748913764954,0.8120033740997315],"EasingStyle":"Linear","EasingDirection":"In"}}},{"Time":0.36666667461395266,"poses":{"Left Leg":{"Weight":1,"CFrame":[-0.37910640239715578,-0.4272114038467407,0.4580444097518921,0.06485958397388458,-0.8396214842796326,0.5392858386039734,0.9595953822135925,0.20076176524162293,0.1971587836742401,-0.27380672097206118,0.504708468914032,0.8187180757522583],"EasingStyle":"Linear","EasingDirection":"In"},"Right Arm":{"Weight":1,"CFrame":[0.09431750327348709,-0.48130321502685549,0.11285340785980225,0.07992007583379746,-0.9770729541778565,0.19733527302742005,0.8889769911766052,0.1594197303056717,0.4293080270290375,-0.45092445611953738,0.1411161869764328,0.8813361525535584],"EasingStyle":"Linear","EasingDirection":"In"},"Head":{"Weight":1,"CFrame":[8.195638656616211e-8,0,0.0166623592376709,0.9973118901252747,0.06984017044305802,-0.02216891571879387,-0.07257663458585739,0.9831684827804565,-0.16766777634620667,0.010085751302540303,0.1688261330127716,0.9855943322181702],"EasingStyle":"Linear","EasingDirection":"In"},"Right Leg":{"Weight":1,"CFrame":[0.6836487054824829,0.026322662830352784,0.051178812980651858,0.8515254259109497,0.5182821154594421,-0.07929730415344238,-0.5169541239738464,0.8551666140556336,0.03805941715836525,0.0875379741191864,0.008584436029195786,0.996124267578125],"EasingStyle":"Linear","EasingDirection":"In"},"Torso":{"Weight":1,"CFrame":[-0.7568212151527405,0.12862634658813477,-0.2976970672607422,0.9958128929138184,-0.09018335491418839,0.014953806065022946,0.08723980188369751,0.98640376329422,0.1392730325460434,-0.027310596778988839,-0.13738533854484559,0.9901410937309265],"EasingStyle":"Linear","EasingDirection":"In"},"HumanoidRootPart":{"Weight":1,"CFrame":[0,0,0,1,0,0,0,1,0,0,0,1],"EasingStyle":"Linear","EasingDirection":"In"},"Left Arm":{"Weight":1,"CFrame":[-0.5590280294418335,-0.37801700830459597,0.050084590911865237,-0.5002230405807495,0.8442656993865967,0.1923343688249588,-0.7642786502838135,-0.5348958373069763,0.36022859811782839,0.4070074260234833,0.033197421580553058,0.912821352481842],"EasingStyle":"Linear","EasingDirection":"In"}}},{"Time":0.4000000059604645,"poses":{"Left Leg":{"Weight":1,"CFrame":[-0.43900883197784426,-0.49338996410369875,0.41087257862091067,0.05277623236179352,-0.8755521178245544,0.4802325367927551,0.9761456251144409,0.146653950214386,0.1601012945175171,-0.21060501039028169,0.46032723784446719,0.8624061942100525],"EasingStyle":"Linear","EasingDirection":"In"},"Right Arm":{"Weight":1,"CFrame":[0.05974387377500534,-0.45992401242256167,0.1765592098236084,0.2925263047218323,-0.9556511640548706,-0.0340481735765934,0.8298286199569702,0.2359960675239563,0.5056583285331726,-0.4751976430416107,-0.17617256939411164,0.8620617389678955],"EasingStyle":"Linear","EasingDirection":"In"},"Head":{"Weight":1,"CFrame":[6.705522537231445e-8,-5.960464477539063e-8,0.016661882400512697,0.9859793186187744,0.1637270599603653,-0.032224301248788837,-0.1668468415737152,0.9642196893692017,-0.20601609349250794,-0.0026591517962515356,0.20850412547588349,0.9780179262161255],"EasingStyle":"Linear","EasingDirection":"In"},"Right Leg":{"Weight":1,"CFrame":[0.654608428478241,-0.008116483688354493,0.11406540870666504,0.7916167974472046,0.588342010974884,-0.16491363942623139,-0.5862347483634949,0.8074106574058533,0.06646034121513367,0.17225445806980134,0.04406697303056717,0.984066367149353],"EasingStyle":"Linear","EasingDirection":"In"},"Torso":{"Weight":1,"CFrame":[-0.7505375742912293,0.165195494890213,-0.3297300338745117,0.9832938313484192,-0.18201491236686707,0.00196025799959898,0.17871586978435517,0.967403769493103,0.17941731214523316,-0.034552983939647678,-0.17606961727142335,0.9837710857391357],"EasingStyle":"Linear","EasingDirection":"In"},"HumanoidRootPart":{"Weight":1,"CFrame":[0,0,0,1,0,0,0,1,0,0,0,1],"EasingStyle":"Linear","EasingDirection":"In"},"Left Arm":{"Weight":1,"CFrame":[-0.5617431998252869,-0.47212377190589907,-0.06417328119277954,-0.6110714077949524,0.7816809415817261,-0.12476643919944763,-0.7627928853034973,-0.5393749475479126,0.35668161511421206,0.21151530742645265,0.31312867999076846,0.9258572459220886],"EasingStyle":"Linear","EasingDirection":"In"}}},{"Time":0.4333333373069763,"poses":{"Left Leg":{"Weight":1,"CFrame":[-0.47528979182243349,-0.5260002613067627,0.36974644660949709,0.06574521213769913,-0.8938785195350647,0.4434622824192047,0.9831311106681824,0.13404525816440583,0.12443893402814865,-0.1706773340702057,0.42780032753944399,0.8876127004623413],"EasingStyle":"Linear","EasingDirection":"In"},"Right Arm":{"Weight":1,"CFrame":[0.03259991854429245,-0.40876221656799319,0.24606788158416749,0.4718374013900757,-0.8282015323638916,-0.30240991711616518,0.7685043811798096,0.21819855272769929,0.6014901399612427,-0.43216973543167117,-0.5162089467048645,0.739430844783783],"EasingStyle":"Linear","EasingDirection":"In"},"Head":{"Weight":1,"CFrame":[3.725290298461914e-8,2.9802322387695315e-8,0.016661763191223146,0.9733479022979736,0.22592778503894807,-0.03937709704041481,-0.22900058329105378,0.9482472538948059,-0.21996831893920899,-0.012357769533991814,0.2231229990720749,0.9747119545936585],"EasingStyle":"Linear","EasingDirection":"In"},"Right Leg":{"Weight":1,"CFrame":[0.6332072615623474,-0.01917862892150879,0.15530729293823243,0.7507145404815674,0.6231049299240112,-0.21947212517261506,-0.6199164986610413,0.7792612910270691,0.0919533520936966,0.22832277417182923,0.06702357530593872,0.971275806427002],"EasingStyle":"Linear","EasingDirection":"In"},"Torso":{"Weight":1,"CFrame":[-0.7407532930374146,0.18134310841560365,-0.35317516326904299,0.9701964855194092,-0.24220025539398194,-0.007617919705808163,0.23900911211967469,0.9512879252433777,0.1947457492351532,-0.039920639246702197,-0.19076237082481385,0.9808241724967957],"EasingStyle":"Linear","EasingDirection":"In"},"HumanoidRootPart":{"Weight":1,"CFrame":[0,0,0,1,0,0,0,1,0,0,0,1],"EasingStyle":"Linear","EasingDirection":"In"},"Left Arm":{"Weight":1,"CFrame":[-0.56608647108078,-0.5630596280097961,-0.15591585636138917,-0.6280451416969299,0.6407021880149841,-0.44165608286857607,-0.7779141068458557,-0.5316705703735352,0.33492720127105715,-0.020226897671818734,0.5539198517799377,0.8323242664337158],"EasingStyle":"Linear","EasingDirection":"In"}}},{"Time":0.46666666865348818,"poses":{"Left Leg":{"Weight":1,"CFrame":[-0.4983764886856079,-0.5190820693969727,0.3399883508682251,0.1276874542236328,-0.8913711309432983,0.434917688369751,0.9807078242301941,0.1789119839668274,0.0787569135427475,-0.14801360666751862,0.41647109389305117,0.8970195651054382],"EasingStyle":"Linear","EasingDirection":"In"},"Right Arm":{"Weight":1,"CFrame":[0.013612359762191773,-0.33517614006996157,0.31218183040618899,0.5586535334587097,-0.6364647746086121,-0.5318069458007813,0.7540513873100281,0.12271718680858612,0.6452497243881226,-0.34541696310043337,-0.7614808082580566,0.5484835505485535],"EasingStyle":"Linear","EasingDirection":"In"},"Head":{"Weight":1,"CFrame":[9.685754776000977e-8,5.960464477539063e-8,0.016662240028381349,0.9660407900810242,0.25550636649131777,-0.03849368542432785,-0.258067786693573,0.9466368556022644,-0.19307975471019746,-0.012893554754555226,0.19645695388317109,0.9804277420043945],"EasingStyle":"Linear","EasingDirection":"In"},"Right Leg":{"Weight":1,"CFrame":[0.6310630440711975,0.007405996322631836,0.1743706464767456,0.7505502700805664,0.6135798692703247,-0.2453443855047226,-0.6080843806266785,0.786624550819397,0.10702966898679733,0.2586652338504791,0.06885889917612076,0.9635096788406372],"EasingStyle":"Linear","EasingDirection":"In"},"Torso":{"Weight":1,"CFrame":[-0.7216982245445252,0.1636197566986084,-0.3623836040496826,0.9629382491111755,-0.2696143090724945,-0.007619811687618494,0.2669873535633087,0.9487823843955994,0.1689075529575348,-0.038310348987579349,-0.16468194127082826,0.9856024384498596],"EasingStyle":"Linear","EasingDirection":"In"},"HumanoidRootPart":{"Weight":1,"CFrame":[0,0,0,1,0,0,0,1,0,0,0,1],"EasingStyle":"Linear","EasingDirection":"In"},"Left Arm":{"Weight":1,"CFrame":[-0.5710979104042053,-0.640738844871521,-0.2244265079498291,-0.5631875395774841,0.47142452001571658,-0.6786594390869141,-0.7982761859893799,-0.522575855255127,0.2994493842124939,-0.21348321437835694,0.7104038000106812,0.6706351637840271],"EasingStyle":"Linear","EasingDirection":"In"}}},{"Time":0.5,"poses":{"Left Leg":{"Weight":1,"CFrame":[-0.5099601149559021,-0.4866926670074463,0.31589698791503909,0.22323571145534516,-0.8700918555259705,0.43943828344345095,0.9650954604148865,0.26062729954719546,0.025773340836167337,-0.13695476949214936,0.4183463752269745,0.8979030251502991],"EasingStyle":"Linear","EasingDirection":"In"},"Right Arm":{"Weight":1,"CFrame":[0.0026793787255883219,-0.2453756034374237,0.36231791973114016,0.5424844622612,-0.4572942554950714,-0.7046932578086853,0.7949261665344238,0.008160579949617386,0.6066514849662781,-0.2716675400733948,-0.8892780542373657,0.36794206500053408],"EasingStyle":"Linear","EasingDirection":"In"},"Head":{"Weight":1,"CFrame":[1.2665987014770509e-7,-3.073364496231079e-8,0.016662240028381349,0.9630433917045593,0.26725301146507265,-0.033517323434352878,-0.2692795395851135,0.9525440335273743,-0.14194516837596894,-0.006008567288517952,0.14572493731975556,0.9893069863319397],"EasingStyle":"Linear","EasingDirection":"In"},"Right Leg":{"Weight":1,"CFrame":[0.6348241567611694,0.05656266212463379,0.1797877550125122,0.775111734867096,0.5772521495819092,-0.256868839263916,-0.5681264996528626,0.8146644830703735,0.11642216891050339,0.276466965675354,0.05569380521774292,0.9594083428382874],"EasingStyle":"Linear","EasingDirection":"In"},"Torso":{"Weight":1,"CFrame":[-0.6910732388496399,0.12625284492969514,-0.36310362815856936,0.96017986536026,-0.27938294410705569,-0.00015070114750415087,0.27740827202796938,0.9533290863037109,0.11919929832220078,-0.03315858542919159,-0.11449456959962845,0.9928703308105469],"EasingStyle":"Linear","EasingDirection":"In"},"HumanoidRootPart":{"Weight":1,"CFrame":[0,0,0,1,0,0,0,1,0,0,0,1],"EasingStyle":"Linear","EasingDirection":"In"},"Left Arm":{"Weight":1,"CFrame":[-0.5750406384468079,-0.6947898268699646,-0.26749229431152346,-0.4744343161582947,0.3375873267650604,-0.812986433506012,-0.8170710802078247,-0.5125491619110107,0.26398539543151858,-0.3275774121284485,0.7895114421844482,0.5190035104751587],"EasingStyle":"Linear","EasingDirection":"In"}}},{"Time":0.5333333611488342,"poses":{"Left Leg":{"Weight":1,"CFrame":[-0.48442521691322329,-0.455869197845459,0.28869616985321047,0.3122057020664215,-0.8370720148086548,0.4492637813091278,0.9402759075164795,0.3398081660270691,-0.020290063694119455,-0.13567928969860078,0.4287666082382202,0.8931686878204346],"EasingStyle":"Linear","EasingDirection":"In"},"Right Arm":{"Weight":1,"CFrame":[0.0010035708546638489,-0.14589595794677735,0.3819016218185425,0.4448436200618744,-0.3329596221446991,-0.8314156532287598,0.8675372004508972,-0.0704021155834198,0.4923644959926605,-0.22247090935707093,-0.9403092265129089,0.2575370967388153],"EasingStyle":"Linear","EasingDirection":"In"},"Head":{"Weight":1,"CFrame":[9.313225746154785e-8,6.705522537231445e-8,0.016662001609802247,0.9625869393348694,0.2691930830478668,-0.03100752830505371,-0.2709698975086212,0.9568046927452087,-0.10535717755556107,0.0013067466206848622,0.10981753468513489,0.9939509034156799],"EasingStyle":"Linear","EasingDirection":"In"},"Right Leg":{"Weight":1,"CFrame":[0.630989134311676,0.09585493803024292,0.17412281036376954,0.7963351011276245,0.5474329590797424,-0.2572307586669922,-0.5316283702850342,0.8363101482391357,0.1340019702911377,0.2884818911552429,0.030040649697184564,0.9570140242576599],"EasingStyle":"Linear","EasingDirection":"In"},"Torso":{"Weight":1,"CFrame":[-0.6441707611083984,0.1012868583202362,-0.35930919647216799,0.9599931240081787,-0.27992668747901919,0.007365602534264326,0.2783330976963043,0.9567534923553467,0.08457797765731812,-0.03072270005941391,-0.0791441798210144,0.996389627456665],"EasingStyle":"Linear","EasingDirection":"In"},"HumanoidRootPart":{"Weight":1,"CFrame":[0,0,0,1,0,0,0,1,0,0,0,1],"EasingStyle":"Linear","EasingDirection":"In"},"Left Arm":{"Weight":1,"CFrame":[-0.5766908526420593,-0.7145830988883972,-0.28198856115341189,-0.416393905878067,0.27993613481521609,-0.8650155663490295,-0.8349191546440125,-0.4943506121635437,0.24192461371421815,-0.35989752411842348,0.8229539394378662,0.4395686089992523],"EasingStyle":"Linear","EasingDirection":"In"}}},{"Time":0.5666666626930237,"poses":{"Left Leg":{"Weight":1,"CFrame":[-0.4522770345211029,-0.4040869474411011,0.28699445724487307,0.39172783493995669,-0.7899317145347595,0.4717596173286438,0.9045335054397583,0.4244942367076874,-0.040294889360666278,-0.16842904686927796,0.4425070285797119,0.880806028842926],"EasingStyle":"Linear","EasingDirection":"In"},"Right Arm":{"Weight":1,"CFrame":[0.017505191266536714,-0.04515323042869568,0.361491322517395,0.28317663073539736,-0.27496272325515749,-0.9188071489334106,0.9394444227218628,-0.11328054964542389,0.3234374225139618,-0.1930162012577057,-0.9547581076622009,0.22623373568058015],"EasingStyle":"Linear","EasingDirection":"In"},"Head":{"Weight":1,"CFrame":[7.450580596923828e-8,7.450580596923828e-9,0.016662240028381349,0.9722878932952881,0.23196639120578767,-0.029118478298187257,-0.23366394639015199,0.9682468771934509,-0.08887643367052078,0.007577530574053526,0.0932173803448677,0.9956169724464417],"EasingStyle":"Linear","EasingDirection":"In"},"Right Leg":{"Weight":1,"CFrame":[0.6364704966545105,0.12121999263763428,0.1390089988708496,0.8283008337020874,0.5161262154579163,-0.2180168628692627,-0.49422940611839297,0.8563597202301025,0.14961758255958558,0.26392245292663576,-0.016178080812096597,0.9644082188606262],"EasingStyle":"Linear","EasingDirection":"In"},"Torso":{"Weight":1,"CFrame":[-0.5957887172698975,0.09204231202602387,-0.3434615135192871,0.9702394604682922,-0.24177157878875733,0.013486369512975216,0.2403012067079544,0.9682118892669678,0.06943386048078537,-0.029844800010323526,-0.06412668526172638,0.9974954128265381],"EasingStyle":"Linear","EasingDirection":"In"},"HumanoidRootPart":{"Weight":1,"CFrame":[0,0,0,1,0,0,0,1,0,0,0,1],"EasingStyle":"Linear","EasingDirection":"In"},"Left Arm":{"Weight":1,"CFrame":[-0.5479974746704102,-0.7076472043991089,-0.26196926832199099,-0.405266672372818,0.3457421064376831,-0.8462986350059509,-0.8703747987747192,-0.4291025698184967,0.24149279296398164,-0.2796546518802643,0.8344659805297852,0.4748261868953705],"EasingStyle":"Linear","EasingDirection":"In"}}},{"Time":0.6000000238418579,"poses":{"Left Leg":{"Weight":1,"CFrame":[-0.4463021755218506,-0.30962836742401125,0.31600451469421389,0.47825896739959719,-0.7233695983886719,0.49800074100494387,0.8450653553009033,0.5333963632583618,-0.03678201138973236,-0.23902477324008943,0.4384344816207886,0.8663962483406067],"EasingStyle":"Linear","EasingDirection":"In"},"Right Arm":{"Weight":1,"CFrame":[0.05140572786331177,0.047425270080566409,0.31351566314697268,0.08912791311740875,-0.27209076285362246,-0.9581350684165955,0.9789783954620361,-0.15325559675693513,0.1345883011817932,-0.18345977365970612,-0.9499891400337219,0.2527117133140564],"EasingStyle":"Linear","EasingDirection":"In"},"Head":{"Weight":1,"CFrame":[7.264316082000733e-8,-1.4901161193847657e-8,0.01666247844696045,0.9880235195159912,0.15229818224906922,-0.024796321988105775,-0.1537507027387619,0.9852796196937561,-0.07473213225603104,0.013049707747995854,0.0776495710015297,0.9968953132629395],"EasingStyle":"Linear","EasingDirection":"In"},"Right Leg":{"Weight":1,"CFrame":[0.6447991132736206,0.14662176370620728,0.07356107234954834,0.8775283694267273,0.45937085151672366,-0.13755802810192109,-0.43726110458374026,0.8843111395835877,0.16369657218456269,0.19684158265590669,-0.08349958062171936,0.9768732786178589],"EasingStyle":"Linear","EasingDirection":"In"},"Torso":{"Weight":1,"CFrame":[-0.5460063815116882,0.08195322751998902,-0.3121309280395508,0.9867718815803528,-0.16103872656822205,0.018648432567715646,0.15979960560798646,0.9855939745903015,0.055395226925611499,-0.027300557121634485,-0.05168244242668152,0.9982903599739075],"EasingStyle":"Linear","EasingDirection":"In"},"HumanoidRootPart":{"Weight":1,"CFrame":[0,0,0,1,0,0,0,1,0,0,0,1],"EasingStyle":"Linear","EasingDirection":"In"},"Left Arm":{"Weight":1,"CFrame":[-0.4727008640766144,-0.6904544830322266,-0.21074259281158448,-0.39163804054260256,0.5411906838417053,-0.7441321015357971,-0.9177319407463074,-0.2879764437675476,0.27356529235839846,-0.0662415400147438,0.7900521159172058,0.6094502210617065],"EasingStyle":"Linear","EasingDirection":"In"}}},{"Time":0.6333333253860474,"poses":{"Left Leg":{"Weight":1,"CFrame":[-0.45187681913375857,-0.17769145965576173,0.33600687980651858,0.5693934559822083,-0.6500809192657471,0.5031759142875671,0.7543423175811768,0.6564582586288452,-0.005498361308127642,-0.326739639043808,0.38269761204719546,0.8641665577888489],"EasingStyle":"Linear","EasingDirection":"In"},"Right Arm":{"Weight":1,"CFrame":[0.089745432138443,0.12302398681640625,0.2565634250640869,-0.10916370898485184,-0.32163843512535097,-0.940548837184906,0.9775453209877014,-0.20631107687950135,-0.04290568456053734,-0.180245503783226,-0.924112856388092,0.33693793416023257],"EasingStyle":"Linear","EasingDirection":"In"},"Head":{"Weight":1,"CFrame":[3.725290298461914e-9,-3.725290298461914e-9,0.0166622400283