{"Sequence":[{"Time":0,"poses":{"Left Leg":{"Weight":1,"CFrame":[-0.5921276211738586,0.2039516568183899,-0.12905257940292359,0.9607437252998352,-0.22196507453918458,-0.1664421558380127,0.255634069442749,0.9413649439811707,0.22018904983997346,0.10780853033065796,-0.25409355759620669,0.9611523151397705],"EasingStyle":"Linear","EasingDirection":"In"},"Right Arm":{"Weight":1,"CFrame":[-2.9802322387695315e-8,-0.2102750837802887,0.21027541160583497,0.7387783527374268,-0.46625518798828127,0.4866340458393097,0.4047303795814514,0.8842984437942505,0.2328294813632965,-0.5388876795768738,0.02494606375694275,0.8420081734657288],"EasingStyle":"Linear","EasingDirection":"In"},"Left Arm":{"Weight":1,"CFrame":[2.2351741790771486e-8,-0.16600686311721803,0.14387261867523194,0.7512347102165222,0.4444621801376343,-0.48795467615127566,-0.35284194350242617,0.8952145576477051,0.2722012400627136,0.5578072667121887,-0.03231613710522652,0.8293411135673523],"EasingStyle":"Linear","EasingDirection":"In"},"Head":{"Weight":1,"CFrame":[8.742274815176643e-8,2.9802322387695315e-8,2.384185791015625e-7,1,-6.357301884918343e-8,8.742277657347586e-8,6.357302595461079e-8,1,-7.450580596923828e-8,-8.74227694680485e-8,7.450581307466564e-8,1],"EasingStyle":"Linear","EasingDirection":"In"},"Torso":{"Weight":1,"CFrame":[0,-0.05962200462818146,-0.19210600852966309,1,0,-8.742277657347586e-8,-6.515403327966851e-9,0.9972189664840698,-0.07452752441167832,8.717965016558083e-8,0.07452752441167832,0.9972189664840698],"EasingStyle":"Linear","EasingDirection":"In"},"HumanoidRootPart":{"Weight":0,"CFrame":[0,0,0,1,0,0,0,1,0,0,0,1],"EasingStyle":"Linear","EasingDirection":"In"},"Right Leg":{"Weight":1,"CFrame":[0.5903640985488892,0.20435577630996705,-0.1264725923538208,0.9613706469535828,0.2224157601594925,0.16216574609279633,-0.25494980812072756,0.9415962100028992,0.219993457198143,-0.10376455634832382,-0.25283944606781008,0.9619278311729431],"EasingStyle":"Linear","EasingDirection":"In"}}},{"Time":0.01666666753590107,"poses":{"Left Leg":{"Weight":1,"CFrame":[-0.8098523020744324,0.39094364643096926,-0.20537763833999635,0.9331282377243042,-0.3298315405845642,-0.14311841130256654,0.3571617603302002,0.8960887789726257,0.2635534703731537,0.04131852835416794,-0.29704558849334719,0.9539689421653748],"EasingStyle":"Linear","EasingDirection":"In"},"Right Arm":{"Weight":1,"CFrame":[0.029598653316497804,-0.21468478441238404,0.21150386333465577,0.7166017889976502,-0.45108816027641299,0.5319787859916687,0.4532305896282196,0.8808920383453369,0.1364230066537857,-0.5301546454429627,0.14334793388843537,0.835695743560791],"EasingStyle":"Linear","EasingDirection":"In"},"Left Arm":{"Weight":1,"CFrame":[-0.04844707250595093,-0.17205354571342469,0.16018760204315186,0.7287958860397339,0.42948123812675478,-0.5332940220832825,-0.4052310287952423,0.8983311653137207,0.1696731448173523,0.5519459843635559,0.09245006740093231,0.8287391066551209],"EasingStyle":"Linear","EasingDirection":"In"},"Head":{"Weight":1,"CFrame":[8.742279788975793e-8,2.9802322387695315e-8,1.1920928955078126e-7,1,-6.554103038070025e-8,8.740062185097486e-8,6.35569179507911e-8,0.999746561050415,0.02251136302947998,-8.885389490842499e-8,-0.02251136302947998,0.999746561050415],"EasingStyle":"Linear","EasingDirection":"In"},"Torso":{"Weight":1,"CFrame":[0,-0.09428045153617859,-0.4326620101928711,1,0,-8.742277657347586e-8,-1.0302822595065209e-8,0.9930313229560852,-0.11785055696964264,8.681355723183515e-8,0.11785055696964264,0.9930313229560852],"EasingStyle":"Linear","EasingDirection":"In"},"HumanoidRootPart":{"Weight":0,"CFrame":[0,0,0,1,0,0,0,1,0,0,0,1],"EasingStyle":"Linear","EasingDirection":"In"},"Right Leg":{"Weight":1,"CFrame":[0.808208703994751,0.3916323184967041,-0.20180076360702516,0.9335901737213135,0.3303343653678894,0.13888321816921235,-0.35636642575263979,0.8965211510658264,0.2631591856479645,-0.03758111968636513,-0.295176237821579,0.9547034502029419],"EasingStyle":"Linear","EasingDirection":"In"}}},{"Time":0.03333333507180214,"poses":{"Left Leg":{"Weight":1,"CFrame":[-0.8791131973266602,0.5957059264183044,-0.27354252338409426,0.9239243865013123,-0.36560648679733279,-0.11267534643411637,0.382188618183136,0.8688158988952637,0.3147869110107422,-0.017194028943777086,-0.3339024484157562,0.942450761795044],"EasingStyle":"Linear","EasingDirection":"In"},"Right Arm":{"Weight":1,"CFrame":[0.06422671675682068,-0.22506928443908692,0.21439671516418458,0.6594942212104797,-0.45714816451072695,0.5967268347740173,0.5182768702507019,0.8515060544013977,0.07954032719135285,-0.544478178024292,0.2568132281303406,0.7984926104545593],"EasingStyle":"Linear","EasingDirection":"In"},"Left Arm":{"Weight":1,"CFrame":[-0.0926412045955658,-0.18657279014587403,0.17827486991882325,0.6722126603126526,0.43806585669517519,-0.5968488454818726,-0.47437697649002077,0.8737883567810059,0.10705327242612839,0.5684158802032471,0.21116875112056733,0.7951798439025879],"EasingStyle":"Linear","EasingDirection":"In"},"Head":{"Weight":1,"CFrame":[8.742278367890322e-8,-2.9802322387695315e-8,-5.960464477539063e-8,1,-6.732837221079535e-8,8.734210155125766e-8,6.351434223006436e-8,0.9990769624710083,0.042956095188856128,-9.015362678610473e-8,-0.042956095188856128,0.9990769624710083],"EasingStyle":"Linear","EasingDirection":"In"},"Torso":{"Weight":1,"CFrame":[0,-0.12599554657936097,-0.6573185920715332,1,0,-8.742277657347586e-8,-1.3768599593788622e-8,0.9875198602676392,-0.1574944257736206,8.633173109728887e-8,0.1574944257736206,0.9875198602676392],"EasingStyle":"Linear","EasingDirection":"In"},"HumanoidRootPart":{"Weight":0,"CFrame":[0,0,0,1,0,0,0,1,0,0,0,1],"EasingStyle":"Linear","EasingDirection":"In"},"Right Leg":{"Weight":1,"CFrame":[0.877455472946167,0.5966074466705322,-0.26956552267074587,0.9242345094680786,0.3660826086997986,0.10850857943296433,-0.38126465678215029,0.8694316744804382,0.31420671939849856,0.020684877410531045,-0.3317711651325226,0.9431331157684326],"EasingStyle":"Linear","EasingDirection":"In"}}},{"Time":0.05000000074505806,"poses":{"Left Leg":{"Weight":1,"CFrame":[-0.8594139218330383,0.7669562697410584,-0.33683621883392336,0.9295130968093872,-0.3596300482749939,-0.08168026059865952,0.36380118131637576,0.8578650951385498,0.3629271686077118,-0.06044884771108627,-0.3670608699321747,0.9282307028770447],"EasingStyle":"Linear","EasingDirection":"In"},"Right Arm":{"Weight":1,"CFrame":[0.10111737251281738,-0.23716044425964356,0.21776509284973145,0.5770242810249329,-0.4686201810836792,0.6689081192016602,0.5883505940437317,0.8065574765205383,0.05752139165997505,-0.5664685368537903,0.36036109924316409,0.7411162257194519],"EasingStyle":"Linear","EasingDirection":"In"},"Left Arm":{"Weight":1,"CFrame":[-0.13190189003944398,-0.20413219928741456,0.19556748867034913,0.5905731916427612,0.45347198843955996,-0.6675227880477905,-0.5486540794372559,0.8322181701660156,0.07994815707206726,0.5917787551879883,0.3190236985683441,0.7402848601341248],"EasingStyle":"Linear","EasingDirection":"In"},"Head":{"Weight":1,"CFrame":[8.742279788975793e-8,1.1920928955078126e-7,4.76837158203125e-7,1,-6.899555415884606e-8,8.725444189394693e-8,6.345061365209404e-8,0.9980745315551758,0.062026504427194598,-9.13659903289954e-8,-0.062026504427194598,0.9980745315551758],"EasingStyle":"Linear","EasingDirection":"In"},"Torso":{"Weight":1,"CFrame":[0,-0.14909681677818299,-0.8235971927642822,1,0,-8.742277657347586e-8,-1.6293070004280709e-8,0.982479453086853,-0.18637099862098695,8.589108091427988e-8,0.18637099862098695,0.982479453086853],"EasingStyle":"Linear","EasingDirection":"In"},"HumanoidRootPart":{"Weight":0,"CFrame":[0,0,0,1,0,0,0,1,0,0,0,1],"EasingStyle":"Linear","EasingDirection":"In"},"Right Leg":{"Weight":1,"CFrame":[0.8577061295509338,0.7679867148399353,-0.3328337073326111,0.9296962022781372,0.3600609004497528,0.07759591192007065,-0.36276087164878847,0.8586090803146362,0.36220839619636538,0.06379254162311554,-0.36489254236221316,0.9288616180419922],"EasingStyle":"Linear","EasingDirection":"In"}}},{"Time":0.06666667014360428,"poses":{"Left Leg":{"Weight":1,"CFrame":[-0.8325244188308716,0.8384275436401367,-0.3678640127182007,0.9349901676177979,-0.34833455085754397,-0.06675659865140915,0.3462151885032654,0.8555187582969666,0.38499706983566286,-0.07699631154537201,-0.3830806016921997,0.9205003380775452],"EasingStyle":"Linear","EasingDirection":"In"},"Right Arm":{"Weight":1,"CFrame":[0.1375042200088501,-0.24669146537780763,0.220420241355896,0.4843384027481079,-0.4747757613658905,0.7348499298095703,0.6499952673912048,0.7574869394302368,0.06099027022719383,-0.5855957865715027,0.44810885190963747,0.675481915473938],"EasingStyle":"Linear","EasingDirection":"In"},"Left Arm":{"Weight":1,"CFrame":[-0.16554909944534303,-0.21930089592933656,0.20949840545654298,0.49877840280532839,0.46382269263267519,-0.7321807742118836,-0.6142575144767761,0.7851482629776001,0.07893023639917374,0.6114799976348877,0.41037875413894656,0.6765214800834656],"EasingStyle":"Linear","EasingDirection":"In"},"Head":{"Weight":1,"CFrame":[8.742281210061265e-8,2.9802322387695315e-8,3.5762786865234377e-7,1,-7.060292261940049e-8,8.713968213669432e-8,6.336715330235165e-8,0.996761679649353,0.08041258156299591,-9.253484023474812e-8,-0.08041258156299591,0.996761679649353],"EasingStyle":"Linear","EasingDirection":"In"},"Torso":{"Weight":1,"CFrame":[0,-0.15807640552520753,-0.8885557651519775,1,0,-8.742277657347586e-8,-1.727434906229064e-8,0.9802836179733276,-0.1975955218076706,8.569911358335958e-8,0.1975955218076706,0.9802836179733276],"EasingStyle":"Linear","EasingDirection":"In"},"HumanoidRootPart":{"Weight":0,"CFrame":[0,0,0,1,0,0,0,1,0,0,0,1],"EasingStyle":"Linear","EasingDirection":"In"},"Right Leg":{"Weight":1,"CFrame":[0.8308298587799072,0.8394321799278259,-0.3638989329338074,0.9351043105125427,0.348778635263443,0.06271620094776154,-0.3451535403728485,0.8562949895858765,0.38422390818595889,0.08030560612678528,-0.3809361159801483,0.921107292175293],"EasingStyle":"Linear","EasingDirection":"In"}}},{"Time":0.0833333358168602,"poses":{"Left Leg":{"Weight":1,"CFrame":[-0.8494818210601807,0.7860935926437378,-0.34242093563079836,0.9331589937210083,-0.3511885702610016,-0.07668711990118027,0.3538893759250641,0.8601130843162537,0.3673795759677887,-0.06305994838476181,-0.36996227502822878,0.9269041419029236],"EasingStyle":"Linear","EasingDirection":"In"},"Right Arm":{"Weight":1,"CFrame":[0.170620858669281,-0.2511017620563507,0.2216486930847168,0.3986165225505829,-0.4727885127067566,0.785860002040863,0.6950533390045166,0.7147728204727173,0.07746496051549912,-0.5983357429504395,0.5153356790542603,0.6135334372520447],"EasingStyle":"Linear","EasingDirection":"In"},"Left Arm":{"Weight":1,"CFrame":[-0.19290298223495484,-0.22860297560691834,0.21857523918151856,0.41394224762916567,0.46531057357788088,-0.7823925018310547,-0.6626825332641602,0.7432956099510193,0.09145154058933258,0.6241022348403931,0.48062217235565188,0.6160345673561096],"EasingStyle":"Linear","EasingDirection":"In"},"Head":{"Weight":1,"CFrame":[8.74227694680485e-8,-2.9802322387695315e-8,-1.1920928955078126e-7,1,-7.216684139166319e-8,8.699935705180906e-8,6.326512647092386e-8,0.9951566457748413,0.09830183535814285,-9.367212072675102e-8,-0.09830183535814285,0.9951566457748413],"EasingStyle":"Linear","EasingDirection":"In"},"Torso":{"Weight":1,"CFrame":[0,-0.15580081939697267,-0.8363919258117676,1,0,-8.742277657347586e-8,-1.702567509198616e-8,0.9808527231216431,-0.19475102424621583,8.57488657857175e-8,0.19475102424621583,0.9808527231216431],"EasingStyle":"Linear","EasingDirection":"In"},"HumanoidRootPart":{"Weight":0,"CFrame":[0,0,0,1,0,0,0,1,0,0,0,1],"EasingStyle":"Linear","EasingDirection":"In"},"Right Leg":{"Weight":1,"CFrame":[0.8477658629417419,0.7871147990226746,-0.33842581510543826,0.9333248138427734,0.3516126573085785,0.07261770218610764,-0.3528408110141754,0.8608676791191101,0.36661991477012637,0.06639402359724045,-0.36779797077178957,0.9275324940681458],"EasingStyle":"Linear","EasingDirection":"In"}}},{"Time":0.10000000149011612,"poses":{"Left Leg":{"Weight":1,"CFrame":[-0.8638638257980347,0.6593074798583984,-0.28886669874191286,0.933683454990387,-0.34432482719421389,-0.09836529195308685,0.35706713795661929,0.8743373155593872,0.32869023084640505,-0.027171801775693895,-0.3420155644416809,0.9393013119697571],"EasingStyle":"Linear","EasingDirection":"In"},"Right Arm":{"Weight":1,"CFrame":[0.19770067930221559,-0.25465741753578188,0.22263944149017335,0.3221590220928192,-0.46887555718421938,0.8224167823791504,0.7272704243659973,0.6787200570106506,0.10206317156553269,-0.606045663356781,0.5652386546134949,0.5596550107002258],"EasingStyle":"Linear","EasingDirection":"In"},"Left Arm":{"Weight":1,"CFrame":[-0.21328338980674745,-0.23638376593589784,0.2256011962890625,0.33835306763648989,0.46428632736206057,-0.8185081481933594,-0.6977158784866333,0.7074288129806519,0.11285792291164398,0.6314346194267273,0.5329002737998962,0.5633005499839783],"EasingStyle":"Linear","EasingDirection":"In"},"Head":{"Weight":1,"CFrame":[8.742279078433057e-8,0,1.1920928955078126e-7,1,-7.353003894650101e-8,8.685390895379897e-8,6.315933376299654e-8,0.9934927821159363,0.11389488726854325,-9.466341310826465e-8,-0.11389488726854325,0.9934927821159363],"EasingStyle":"Linear","EasingDirection":"In"},"Torso":{"Weight":1,"CFrame":[0,-0.14885306358337403,-0.7029461860656738,1,0,-8.742277657347586e-8,-1.626643886254442e-8,0.9825371503829956,-0.1860663741827011,8.589612576770378e-8,0.1860663741827011,0.9825371503829956],"EasingStyle":"Linear","EasingDirection":"In"},"HumanoidRootPart":{"Weight":0,"CFrame":[0,0,0,1,0,0,0,1,0,0,0,1],"EasingStyle":"Linear","EasingDirection":"In"},"Right Leg":{"Weight":1,"CFrame":[0.8621804118156433,0.6601927280426025,-0.28486061096191409,0.9339410662651062,0.344779908657074,0.09423815459012985,-0.3561130166053772,0.8749963641166687,0.3279709219932556,0.030619796365499498,-0.3398648500442505,0.9399756789207459],"EasingStyle":"Linear","EasingDirection":"In"}}},{"Time":0.11666666716337204,"poses":{"Left Leg":{"Weight":1,"CFrame":[-0.8267799019813538,0.5022193193435669,-0.23117250204086305,0.9435975551605225,-0.3080633878707886,-0.12132862955331803,0.33045390248298647,0.8990471363067627,0.2872532904148102,0.02058790996670723,-0.31114503741264346,0.9501394033432007],"EasingStyle":"Linear","EasingDirection":"In"},"Right Arm":{"Weight":1,"CFrame":[0.21597740054130555,-0.26333513855934145,0.22505676746368409,0.25139516592025759,-0.4687792956829071,0.8467860221862793,0.7523123621940613,0.645082950592041,0.1337689608335495,-0.6089553236961365,0.6034185290336609,0.5148390531539917],"EasingStyle":"Linear","EasingDirection":"In"},"Left Arm":{"Weight":1,"CFrame":[-0.2260102927684784,-0.24894729256629945,0.23445367813110352,0.2682953476905823,0.4669210612773895,-0.8426164388656616,-0.7252070903778076,0.6736488342285156,0.14237917959690095,0.6341074109077454,0.5728716850280762,0.5193511843681336],"EasingStyle":"Linear","EasingDirection":"In"},"Head":{"Weight":1,"CFrame":[8.742275525719379e-8,0,-2.980232238769531e-7,1,-7.449323646824269e-8,8.673806206616064e-8,6.307510602709954e-8,0.9921677708625794,0.12491260468959809,-9.536384482089488e-8,-0.12491260468959809,0.9921677708625794],"EasingStyle":"Linear","EasingDirection":"In"},"Torso":{"Weight":1,"CFrame":[0,-0.13729095458984376,-0.5228958129882813,1,0,-8.742277657347586e-8,-1.500294999345897e-8,0.9851642847061157,-0.17161373794078828,8.612579449618352e-8,0.17161373794078828,0.9851642847061157],"EasingStyle":"Linear","EasingDirection":"In"},"HumanoidRootPart":{"Weight":0,"CFrame":[0,0,0,1,0,0,0,1,0,0,0,1],"EasingStyle":"Linear","EasingDirection":"In"},"Right Leg":{"Weight":1,"CFrame":[0.825116753578186,0.5029207468032837,-0.22740274667739869,0.9439695477485657,0.3085414469242096,0.11714813113212586,-0.3295968472957611,0.899570107460022,0.2865999639034271,-0.016954906284809114,-0.30915331840515139,0.9508610963821411],"EasingStyle":"Linear","EasingDirection":"In"}}},{"Time":0.13333334028720857,"poses":{"Left Leg":{"Weight":1,"CFrame":[-0.7157613039016724,0.3466457724571228,-0.17431026697158814,0.9613470435142517,-0.23657812178134919,-0.14086410403251649,0.26590603590011599,0.9304800033569336,0.25199392437934878,0.0714549571275711,-0.27971020340919497,0.9574217200279236],"EasingStyle":"Linear","EasingDirection":"In"},"Right Arm":{"Weight":1,"CFrame":[0.22268429398536683,-0.2831075191497803,0.23056507110595704,0.18140485882759095,-0.47608524560928347,0.8604854345321655,0.7748184204101563,0.6080336570739746,0.17306499183177949,-0.6055977940559387,0.6353250741958618,0.47917982935905459],"EasingStyle":"Linear","EasingDirection":"In"},"Left Arm":{"Weight":1,"CFrame":[-0.23040372133255006,-0.27259474992752077,0.24901020526885987,0.19859769940376283,0.4772207736968994,-0.8560487031936646,-0.749975323677063,0.6362976431846619,0.18072691559791566,0.6309484243392944,0.6061234474182129,0.48427101969718935],"EasingStyle":"Linear","EasingDirection":"In"},"Head":{"Weight":1,"CFrame":[8.742279078433057e-8,-2.9802322387695315e-8,1.1920928955078126e-7,1,-7.485834885301301e-8,8.669131545957498e-8,6.304110655719342e-8,0.9916329979896545,0.12908902764320374,-9.562935332496636e-8,-0.12908902764320374,0.9916329979896545],"EasingStyle":"Linear","EasingDirection":"In"},"Torso":{"Weight":1,"CFrame":[0,-0.12116318941116333,-0.33099937438964846,1,0,-8.742277657347586e-8,-1.3240530449820654e-8,0.9884642958641052,-0.15145401656627656,8.641429616318419e-8,0.15145401656627656,0.9884642958641052],"EasingStyle":"Linear","EasingDirection":"In"},"HumanoidRootPart":{"Weight":0,"CFrame":[0,0,0,1,0,0,0,1,0,0,0,1],"EasingStyle":"Linear","EasingDirection":"In"},"Right Leg":{"Weight":1,"CFrame":[0.7140618562698364,0.3471111059188843,-0.17109131813049317,0.9618397951126099,0.2370506078004837,0.13664264976978303,-0.2651330828666687,0.9308524131774902,0.251432329416275,-0.06759189814329148,-0.2780661880970001,0.958180844783783],"EasingStyle":"Linear","EasingDirection":"In"}}},{"Time":0.15000000596046449,"poses":{"Left Leg":{"Weight":1,"CFrame":[-0.5216394066810608,0.21445512771606446,-0.11354219913482666,0.9798061847686768,-0.12910151481628419,-0.15268471837043763,0.16186821460723878,0.9604306221008301,0.22665320336818696,0.1173817589879036,-0.2467910349369049,0.9619333148002625],"EasingStyle":"Linear","EasingDirection":"In"},"Right Arm":{"Weight":1,"CFrame":[0.20559291541576386,-0.3198062777519226,0.24872612953186036,0.10646379739046097,-0.4909159243106842,0.8646774888038635,0.798032820224762,0.5609374642372131,0.22021092474460603,-0.5931349396705627,0.6665963530540466,0.4514864683151245],"EasingStyle":"Linear","EasingDirection":"In"},"Left Arm":{"Weight":1,"CFrame":[-0.21373261511325837,-0.31216156482696535,0.2723820209503174,0.12338238954544068,0.49486416578292849,-0.8601664900779724,-0.7760056853294373,0.5883855819702148,0.22719493508338929,0.6185401678085327,0.6394621729850769,0.4566136598587036],"EasingStyle":"Linear","EasingDirection":"In"},"Head":{"Weight":1,"CFrame":[8.737583812035155e-8,2.0392658228729489e-8,3.5762786865234377e-7,1,-7.483578912115263e-8,8.669151441154099e-8,6.304435373749584e-8,0.9916682243347168,0.12881802022457124,-9.56133590079844e-8,-0.12881802022457124,0.9916682243347168],"EasingStyle":"Linear","EasingDirection":"In"},"Torso":{"Weight":1,"CFrame":[0.0001749986840877682,-0.10159838199615479,-0.16126084327697755,1,0.000013946764738648199,0.00021866093447897583,0.000013935662536823657,0.9919029474258423,-0.12699797749519349,-0.00021866164752282202,0.12699797749519349,0.9919029474258423],"EasingStyle":"Linear","EasingDirection":"In"},"HumanoidRootPart":{"Weight":0,"CFrame":[0,0,0,1,0,0,0,1,0,0,0,1],"EasingStyle":"Linear","EasingDirection":"In"},"Right Leg":{"Weight":1,"CFrame":[0.5194594264030457,0.2143564224243164,-0.1110372543334961,0.980432391166687,0.12928617000579835,0.1484500765800476,-0.1608787178993225,0.9608120322227478,0.22573944926261903,-0.11344753950834274,-0.24520471692085267,0.9628106355667114],"EasingStyle":"Linear","EasingDirection":"In"}}},{"Time":0.1666666716337204,"poses":{"Left Leg":{"Weight":1,"CFrame":[-0.18154709041118623,0.1179511547088623,-0.03671061992645264,0.9866241812705994,0.05566806346178055,-0.15321145951747895,-0.022001486271619798,0.9767574667930603,0.21321532130241395,0.16151970624923707,-0.20699246227741242,0.9649173617362976],"EasingStyle":"Linear","EasingDirection":"In"},"Right Arm":{"Weight":1,"CFrame":[0.16483654081821443,-0.3731088638305664,0.2853250503540039,0.020277807489037515,-0.5099151730537415,0.8599857091903687,0.819865345954895,0.500764787197113,0.2775888442993164,-0.5721971988677979,0.6994434595108032,0.4282161593437195],"EasingStyle":"Linear","EasingDirection":"In"},"Left Arm":{"Weight":1,"CFrame":[-0.17397834360599519,-0.3666093349456787,0.3046160936355591,0.03635646402835846,0.5159415602684021,-0.8558520078659058,-0.8017914891242981,0.5262484550476074,0.2831834852695465,0.5964969992637634,0.6759192943572998,0.4328099489212036],"EasingStyle":"Linear","EasingDirection":"In"},"Head":{"Weight":1,"CFrame":[8.736606105230749e-8,3.1274254297386507e-9,-5.960464477539063e-8,1,-7.476410246454179e-8,8.668371265230235e-8,6.304254185351965e-8,0.9917709827423096,0.12802481651306153,-9.561973968175153e-8,-0.12802481651306153,0.9917709827423096],"EasingStyle":"Linear","EasingDirection":"In"},"Torso":{"Weight":1,"CFrame":[0.0006507975049316883,-0.08402769267559052,-0.04422140121459961,0.9999996423721314,0.00004284116585040465,0.0008134095696732402,0.00004283198359189555,0.9944685697555542,-0.10503460466861725,-0.0008134100353345275,0.10503460466861725,0.9944682121276856],"EasingStyle":"Linear","EasingDirection":"In"},"HumanoidRootPart":{"Weight":0,"CFrame":[0,0,0,1,0,0,0,1,0,0,0,1],"EasingStyle":"Linear","EasingDirection":"In"},"Right Leg":{"Weight":1,"CFrame":[0.1725834608078003,0.11613070964813233,-0.03441673517227173,0.9870507121086121,-0.05949694290757179,0.14896658062934876,0.027027998119592668,0.9770786762237549,0.2111556977033615,-0.15811511874198914,-0.2043951004743576,0.9660342931747437],"EasingStyle":"Linear","EasingDirection":"In"}}},{"Time":0.18333333730697633,"poses":{"Left Leg":{"Weight":1,"CFrame":[-0.07615676522254944,0.10700595378875733,-0.01753789186477661,0.9845291376113892,0.1005546972155571,-0.14349617063999177,-0.06843555718660355,0.9745673537254334,0.21338941156864167,0.16130395233631135,-0.20026783645153047,0.966371476650238],"EasingStyle":"Linear","EasingDirection":"In"},"Right Arm":{"Weight":1,"CFrame":[0.11619182676076889,-0.4397605359554291,0.3363610506057739,-0.08329078555107117,-0.529021143913269,0.8445113897323608,0.8343549370765686,0.42636722326278689,0.3493750989437103,-0.5448985695838928,0.7337217330932617,0.4058787524700165],"EasingStyle":"Linear","EasingDirection":"In"},"Left Arm":{"Weight":1,"CFrame":[-0.12652970850467683,-0.43343329429626467,0.34499287605285647,-0.06872417777776718,0.5365269780158997,-0.8410801291465759,-0.8211864829063416,0.4483157694339752,0.3530803620815277,0.5665066242218018,0.7149487733840942,0.40977853536605837],"EasingStyle":"Linear","EasingDirection":"In"},"Head":{"Weight":1,"CFrame":[8.634924597572535e-8,4.311597479045304e-8,-2.980232238769531e-7,1,-7.463676610086623e-8,8.648202509675684e-8,6.306072464212775e-8,0.9919361472129822,0.12673862278461457,-9.554560165270232e-8,-0.12673862278461457,0.9919361472129822],"EasingStyle":"Linear","EasingDirection":"In"},"Torso":{"Weight":1,"CFrame":[0.001352424267679453,-0.07350559532642365,0.018021583557128907,0.9999985694885254,0.00007782931061228737,0.001690442906692624,0.00007782127795508131,0.9957699179649353,-0.09188199043273926,-0.0016904432559385896,0.09188199043273926,0.9957684874534607],"EasingStyle":"Linear","EasingDirection":"In"},"HumanoidRootPart":{"Weight":0,"CFrame":[0,0,0,1,0,0,0,1,0,0,0,1],"EasingStyle":"Linear","EasingDirection":"In"},"Right Leg":{"Weight":1,"CFrame":[0.07397124171257019,0.10510623455047608,-0.0167810320854187,0.9851652979850769,-0.10032965242862702,0.13922391831874848,0.06970684230327606,0.9753029346466065,0.20958328247070313,-0.1568128764629364,-0.19676926732063294,0.9678282737731934],"EasingStyle":"Linear","EasingDirection":"In"}}},{"Time":0.20000000298023225,"poses":{"Left Leg":{"Weight":1,"CFrame":[-0.20280183851718903,0.12624233961105348,-0.03833884000778198,0.9919307827949524,0.014205804094672203,-0.1259821355342865,0.014611281454563141,0.9742717146873474,0.22490261495113374,0.12593570351600648,-0.2249286025762558,0.9662024974822998],"EasingStyle":"Linear","EasingDirection":"In"},"Right Arm":{"Weight":1,"CFrame":[0.07543551176786423,-0.5165064930915833,0.3978334665298462,-0.20865720510482789,-0.5423645973205566,0.813819944858551,0.832796573638916,0.3377443552017212,0.43860992789268496,-0.512749433517456,0.7692654728889465,0.38120654225349429],"EasingStyle":"Linear","EasingDirection":"In"},"Left Arm":{"Weight":1,"CFrame":[-0.08677550405263901,-0.5101271271705627,0.39279258251190188,-0.1963569074869156,0.5506762266159058,-0.8112951517105103,-0.8251283168792725,0.3541983664035797,0.4401213228702545,0.5297237038612366,0.7558434009552002,0.3848291337490082],"EasingStyle":"Linear","EasingDirection":"In"},"Head":{"Weight":1,"CFrame":[8.638562576379627e-8,9.660084288043436e-9,4.76837158203125e-7,1,-7.451308192685247e-8,8.663845818546179e-8,6.307528366278348e-8,0.9921581745147705,0.12498850375413895,-9.530595690421251e-8,-0.12498851865530014,0.9921581745147705],"EasingStyle":"Linear","EasingDirection":"In"},"Torso":{"Weight":1,"CFrame":[0.0022042528726160528,-0.06904575228691101,0.04984712600708008,0.9999961853027344,0.00011912432091776282,0.0027552293613553049,0.00011911677574971691,0.9962685704231262,-0.08630719780921936,-0.0027552295941859485,0.08630719780921936,0.9962647557258606],"EasingStyle":"Linear","EasingDirection":"In"},"HumanoidRootPart":{"Weight":0,"CFrame":[0,0,0,1,0,0,0,1,0,0,0,1],"EasingStyle":"Linear","EasingDirection":"In"},"Right Leg":{"Weight":1,"CFrame":[0.1854931116104126,0.12151622772216797,-0.03432786464691162,0.9923055768013,-0.022975357249379159,0.12166241556406021,-0.004248857963830233,0.9757341742515564,0.2189170867204666,-0.1237398087978363,-0.21774962544441224,0.9681289196014404],"EasingStyle":"Linear","EasingDirection":"In"}}},{"Time":0.21666666865348817,"poses":{"Left Leg":{"Weight":1,"CFrame":[-0.42877694964408877,0.18309283256530763,-0.07310479879379273,0.9861555695533752,-0.1309250146150589,-0.10176391154527664,0.1523170918226242,0.9577908515930176,0.24379530549049378,0.06554961949586868,-0.25592049956321719,0.9644728899002075],"EasingStyle":"Linear","EasingDirection":"In"},"Right Arm":{"Weight":1,"CFrame":[0.058344073593616489,-0.6000926494598389,0.4657413959503174,-0.3563270568847656,-0.5423255562782288,0.7608640193939209,0.8036864399909973,0.2374446541070938,0.5456263422966003,-0.4765702188014984,0.805917501449585,0.3512517809867859],"EasingStyle":"Linear","EasingDirection":"In"},"Left Arm":{"Weight":1,"CFrame":[-0.07010432332754135,-0.5941855907440186,0.44729626178741457,-0.3469814956188202,0.5504588484764099,-0.7593410611152649,-0.8015954494476318,0.24624858796596528,0.5447993874549866,0.48687633872032168,0.7977197170257568,0.3558015525341034],"EasingStyle":"Linear","EasingDirection":"In"},"Head":{"Weight":1,"CFrame":[8.842107490636408e-8,-1.4149463822832332e-9,0,1,-7.433118298649788e-8,8.683401375719768e-8,6.308255962039766e-8,0.9924309849739075,0.12280388176441193,-9.519864363483066e-8,-0.12280388176441193,0.9924309849739075],"EasingStyle":"Linear","EasingDirection":"In"},"Torso":{"Weight":1,"CFrame":[0.003130771219730377,-0.06811743974685669,0.06150245666503906,0.999992311000824,0.00016691327618900687,0.0039133778773248199,0.00016690582560840994,0.996368408203125,-0.08514680713415146,-0.003913378342986107,0.08514680713415146,0.996360719203949],"EasingStyle":"Linear","EasingDirection":"In"},"HumanoidRootPart":{"Weight":0,"CFrame":[0,0,0,1,0,0,0,1,0,0,0,1],"EasingStyle":"Linear","EasingDirection":"In"},"Right Leg":{"Weight":1,"CFrame":[0.41819965839385989,0.17739522457122804,-0.06822389364242554,0.9872331023216248,0.1260623186826706,0.09736061841249466,-0.1459069401025772,0.9609055519104004,0.23531177639961244,-0.06389035284519196,-0.2465132176876068,0.9670311808586121],"EasingStyle":"Linear","EasingDirection":"In"}}},{"Time":0.23333333432674409,"poses":{"Left Leg":{"Weight":1,"CFrame":[-0.5441723465919495,0.24351590871810914,-0.0868082046508789,0.9764406085014343,-0.20424647629261018,-0.06962177902460098,0.21550802886486054,0.9394137859344482,0.2665671408176422,0.010958213359117508,-0.27529099583625796,0.9612984657287598],"EasingStyle":"Linear","EasingDirection":"In"},"Right Arm":{"Weight":1,"CFrame":[0.06210494041442871,-0.6859750151634216,0.5353535413742065,-0.5105453133583069,-0.5287768244743347,0.6780403256416321,0.744632363319397,0.12241451442241669,0.6561534404754639,-0.42996054887771609,0.8398867249488831,0.33124610781669619],"EasingStyle":"Linear","EasingDirection":"In"},"Left Arm":{"Weight":1,"CFrame":[-0.07451292127370835,-0.6814310550689697,0.5059888362884522,-0.5043907761573792,0.5351505875587463,-0.6776459217071533,-0.7467594146728516,0.12366658449172974,0.6534959077835083,0.4335208535194397,0.835655689239502,0.33725225925445559],"EasingStyle":"Linear","EasingDirection":"In"},"Head":{"Weight":1,"CFrame":[8.799179340712726e-8,-1.620855982764624e-8,-5.960464477539063e-7,1,-7.402559987212953e-8,8.608686385969122e-8,6.309710443019867e-8,0.9927480220794678,0.12021369487047196,-9.516588761471212e-8,-0.12021370232105255,0.9927480220794678],"EasingStyle":"Linear","EasingDirection":"In"},"Torso":{"Weight":1,"CFrame":[0.004055389203131199,-0.07453139126300812,0.06257843971252442,0.9999871253967285,0.00023665197659283876,0.005069149658083916,0.00023664382752031088,0.9956507086753845,-0.09316424280405045,-0.005069150123745203,0.09316424280405045,0.995637834072113],"EasingStyle":"Linear","EasingDirection":"In"},"HumanoidRootPart":{"Weight":0,"CFrame":[0,0,0,1,0,0,0,1,0,0,0,1],"EasingStyle":"Linear","EasingDirection":"In"},"Right Leg":{"Weight":1,"CFrame":[0.532176673412323,0.235356867313385,-0.07990014553070069,0.9779531359672546,0.1984127312898636,0.06511583924293518,-0.20854435861110688,0.9440937042236328,0.2553355395793915,-0.010813552886247635,-0.2632858157157898,0.9646573066711426],"EasingStyle":"Linear","EasingDirection":"In"}}},{"Time":0.25,"poses":{"Left Leg":{"Weight":1,"CFrame":[-0.6025501489639282,0.3072482943534851,-0.08852922916412354,0.9713116884231567,-0.23605823516845704,-0.02881171554327011,0.23413895070552827,0.928067147731781,0.28960373997688296,-0.04162418469786644,-0.2880413830280304,0.9567129015922546],"EasingStyle":"Linear","EasingDirection":"In"},"Right Arm":{"Weight":1,"CFrame":[0.0669318288564682,-0.7651454210281372,0.5994927883148193,-0.6399693489074707,-0.5093801021575928,0.575300931930542,0.6744160056114197,-0.013551264069974423,0.7382272481918335,-0.36824217438697817,0.8604349493980408,0.3522064685821533],"EasingStyle":"Linear","EasingDirection":"In"},"Left Arm":{"Weight":1,"CFrame":[-0.07956933230161667,-0.7619435787200928,0.5603433847427368,-0.635912299156189,0.5137335062026978,-0.5759284496307373,-0.6771244406700134,-0.013341428712010384,0.7357475161552429,0.370294451713562,0.8578460812568665,0.3563453257083893],"EasingStyle":"Linear","EasingDirection":"In"},"Head":{"Weight":1,"CFrame":[8.574716048315168e-8,3.800778358709067e-9,3.5762786865234377e-7,1,-7.38837115932256e-8,8.648999028082472e-8,6.309710443019867e-8,0.9931027889251709,0.11724697798490524,-9.538780432194472e-8,-0.11724697053432465,0.9931027889251709],"EasingStyle":"Linear","EasingDirection":"In"},"Torso":{"Weight":1,"CFrame":[0.00490083172917366,-0.08980564773082733,0.060216426849365237,0.999981164932251,0.00034493900602683425,0.006125951651483774,0.00034492919803597033,0.9936791658401489,-0.11225706338882446,-0.0061259521171450619,0.11225706338882446,0.9936603307723999],"EasingStyle":"Linear","EasingDirection":"In"},"HumanoidRootPart":{"Weight":0,"CFrame":[0,0,0,1,0,0,0,1,0,0,0,1],"EasingStyle":"Linear","EasingDirection":"In"},"Right Leg":{"Weight":1,"CFrame":[0.5885140299797058,0.29579412937164309,-0.0793563723564148,0.9731826782226563,0.22875411808490754,0.024227309972047807,-0.2264568954706192,0.9342228174209595,0.2755811810493469,0.04040670022368431,-0.2736772894859314,0.9609724283218384],"EasingStyle":"Linear","EasingDirection":"In"}}},{"Time":0.2666666805744171,"poses":{"Left Leg":{"Weight":1,"CFrame":[-0.6241648197174072,0.3680161237716675,-0.08157867193222046,0.9692500829696655,-0.24536120891571046,0.018764860928058625,0.22771424055099488,0.9232136011123657,0.3095526099205017,-0.09327619522809982,-0.2957609295845032,0.950697124004364],"EasingStyle":"Linear","EasingDirection":"In"},"Right Arm":{"Weight":1,"CFrame":[0.07084484398365021,-0.8301098346710205,0.6521531343460083,-0.7362396121025086,-0.48551374673843386,0.4714103937149048,0.5962454676628113,-0.13592691719532014,0.7912112474441528,-0.3200664520263672,0.8635972738265991,0.3895600140094757],"EasingStyle":"Linear","EasingDirection":"In"},"Left Arm":{"Weight":1,"CFrame":[-0.08279385417699814,-0.8279296159744263,0.6047126054763794,-0.7334929704666138,0.4888896048069,-0.47220227122306826,-0.5971043705940247,-0.13155782222747804,0.7913020253181458,0.3247374892234802,0.8623685240745544,0.38841480016708376],"EasingStyle":"Linear","EasingDirection":"In"},"Head":{"Weight":1,"CFrame":[8.707138476893306e-8,1.4811121218372137e-9,-2.980232238769531e-7,1,-7.367635390664873e-8,8.64938627387346e-8,6.321352685745296e-8,0.9934884309768677,0.11393304914236069,-9.459473204742608e-8,-0.11393305659294129,0.9934884309768677],"EasingStyle":"Linear","EasingDirection":"In"},"Torso":{"Weight":1,"CFrame":[0.005591981112957001,-0.10796618461608887,0.05488848686218262,0.9999754428863525,0.0004738490970339626,0.0069898879155516628,0.00047383730998262763,0.9908512234687805,-0.13495773077011109,-0.006989888846874237,0.13495773077011109,0.9908267259597778],"EasingStyle":"Linear","EasingDirection":"In"},"HumanoidRootPart":{"Weight":0,"CFrame":[0,0,0,1,0,0,0,1,0,0,0,1],"EasingStyle":"Linear","EasingDirection":"In"},"Right Leg":{"Weight":1,"CFrame":[0.6084247827529907,0.3530188202857971,-0.07020258903503418,0.9713038206100464,0.2366851568222046,-0.023431384935975076,-0.21967747807502747,0.9305189251899719,0.29304665327072146,0.09116317331790924,-0.2794899046421051,0.9558109641075134],"EasingStyle":"Linear","EasingDirection":"In"}}},{"Time":0.28333333134651186,"poses":{"Left Leg":{"Weight":1,"CFrame":[-0.6205487251281738,0.4176178574562073,-0.06714719533920288,0.9670854806900024,-0.2444908618927002,0.07049736380577088,0.20956969261169434,0.9224568605422974,0.32427436113357546,-0.14431291818618775,-0.2988269031047821,0.9433325529098511],"EasingStyle":"Linear","EasingDirection":"In"},"Right Arm":{"Weight":1,"CFrame":[0.07406498491764069,-0.874071478843689,0.6878049373626709,-0.7933302521705627,-0.47953522205352785,0.3750641942024231,0.526088535785675,-0.2299726903438568,0.8187450766563416,-0.30636245012283327,0.8468521237373352,0.4347221553325653],"EasingStyle":"Linear","EasingDirection":"In"},"Left Arm":{"Weight":1,"CFrame":[-0.08449917286634445,-0.8725410103797913,0.6346182823181152,-0.7916551232337952,0.48198431730270388,-0.37546414136886599,-0.5231466293334961,-0.21731626987457276,0.8240699768066406,0.3155943751335144,0.8488019704818726,0.42418792843818667],"EasingStyle":"Linear","EasingDirection":"In"},"Head":{"Weight":1,"CFrame":[8.961069397628308e-8,-9.032464731717482e-8,-3.5762786865234377e-7,1,-7.337075658142567e-8,8.676579454913736e-8,6.32135197520256e-8,0.9938982725143433,0.11030077934265137,-9.443465387448669e-8,-0.11030077189207077,0.9938982725143433],"EasingStyle":"Linear","EasingDirection":"In"},"Torso":{"Weight":1,"CFrame":[0.006056731566786766,-0.12310773134231568,0.0462498664855957,0.9999711513519287,0.0005860224482603371,0.007570825982838869,0.0005860090022906661,0.9880886673927307,-0.15388467907905579,-0.007570827379822731,0.15388467907905579,0.9880598187446594],"EasingStyle":"Linear","EasingDirection":"In"},"HumanoidRootPart":{"Weight":0,"CFrame":[0,0,0,1,0,0,0,1,0,0,0,1],"EasingStyle":"Linear","EasingDirection":"In"},"Right Leg":{"Weight":1,"CFrame":[0.6036591529846191,0.3995818495750427,-0.054080426692962649,0.9691187739372253,0.23480691015720368,-0.07532935589551926,-0.2016463428735733,0.9304277896881104,0.30601128935813906,0.14194214344024659,-0.28137141466140749,0.9490429759025574],"EasingStyle":"Linear","EasingDirection":"In"}}},{"Time":0.30000001192092898,"poses":{"Left Leg":{"Weight":1,"CFrame":[-0.6002944111824036,0.4480028748512268,-0.04563748836517334,0.9621230959892273,-0.2431357204914093,0.12330558151006699,0.19062364101409913,0.9233527183532715,0.3332902193069458,-0.19488927721977235,-0.29716119170188906,0.934726357460022],"EasingStyle":"Linear","EasingDirection":"In"},"Right Arm":{"Weight":1,"CFrame":[0.0768132284283638,-0.8902348279953003,0.7009177207946777,-0.8085018396377564,-0.5138993859291077,0.2867617905139923,0.47790491580963137,-0.2889963686466217,0.8295106887817383,-0.3434118628501892,0.8077057003974915,0.4792490601539612],"EasingStyle":"Linear","EasingDirection":"In"},"Left Arm":{"Weight":1,"CFrame":[-0.08499809354543686,-0.8889327645301819,0.6455821990966797,-0.8078710436820984,0.514062762260437,-0.28824272751808169,-0.46876826882362368,-0.2640431523323059,0.8429339528083801,0.3572123348712921,0.8161008954048157,0.4542889893054962],"EasingStyle":"Linear","EasingDirection":"In"},"Head":{"Weight":1,"CFrame":[9.172072168439627e-8,2.6031557354144753e-8,0,1,-7.273047941680488e-8,8.662754424904051e-8,6.315531209111214e-8,0.994325578212738,0.10637962073087692,-9.393261279910803e-8,-0.10637962073087692,0.994325578212738],"EasingStyle":"Linear","EasingDirection":"In"},"Torso":{"Weight":1,"CFrame":[0.006226051598787308,-0.12942177057266236,0.03436732292175293,0.9999695420265198,0.0006337042432278395,0.007782476954162121,0.0006336900987662375,0.9868270754814148,-0.16177721321582795,-0.007782478351145983,0.16177721321582795,0.9867966175079346],"EasingStyle":"Linear","EasingDirection":"In"},"HumanoidRootPart":{"Weight":0,"CFrame":[0,0,0,1,0,0,0,1,0,0,0,1],"EasingStyle":"Linear","EasingDirection":"In"},"Right Leg":{"Weight":1,"CFrame":[0.5828135013580322,0.42832106351852419,-0.03197294473648071,0.963944673538208,0.23302529752254487,-0.1284904181957245,-0.183244988322258,0.9314155578613281,0.3144620656967163,0.19295567274093629,-0.27957883477211,0.9405338168144226],"EasingStyle":"Linear","EasingDirection":"In"}}},{"Time":0.3166666626930237,"poses":{"Left Leg":{"Weight":1,"CFrame":[-0.5645889043807983,0.44351500272750857,-0.015925168991088868,0.9530606269836426,-0.24877695739269257,0.17258475720882417,0.1802521049976349,0.9241723418235779,0.33677080273628237,-0.2432788908481598,-0.2898542582988739,0.9256348609924316],"EasingStyle":"Linear","EasingDirection":"In"},"Right Arm":{"Weight":1,"CFrame":[0.07927046716213227,-0.8839361667633057,0.6424926519393921,-0.7791271209716797,-0.5970055460929871,0.19116827845573426,0.45415830612182619,-0.3273783326148987,0.8285914659500122,-0.43208932876586916,0.7323986887931824,0.5262042284011841],"EasingStyle":"Linear","EasingDirection":"In"},"Left Arm":{"Weight":1,"CFrame":[-0.08348498493432999,-0.883276104927063,0.5912148952484131,-0.7792084813117981,0.5950849056243897,-0.19674336910247804,-0.4384940266609192,-0.2933014929294586,0.8495277762413025,0.4478360414505005,0.7482300400733948,0.489484041929245],"EasingStyle":"Linear","EasingDirection":"In"},"Head":{"Weight":1,"CFrame":[8.66566551849246e-8,7.621611075592227e-8,2.384185791015625e-7,1,-7.226481102406979e-8,8.747338142711669e-8,6.309710443019867e-8,0.9947636723518372,0.10220207273960114,-9.434734238311649e-8,-0.10220209509134293,0.9947636723518372],"EasingStyle":"Linear","EasingDirection":"In"},"Torso":{"Weight":1,"CFrame":[0.005882788449525833,-0.11817637085914612,0.019730329513549806,0.9999728202819824,0.000546133378520608,0.0073533980175852779,0.0005461204564198852,0.9890289902687073,-0.14772048592567445,-0.007353398948907852,0.147720