{"Sequence":[{"Time":0,"poses":{"Left Leg":{"Weight":1,"CFrame":[-0.32850319147109988,0.3154188394546509,0.1565016508102417,0.9055201411247253,-0.052769292145967486,0.4210090935230255,0.009906685911118985,0.9945952296257019,0.10335481911897659,-0.42418766021728518,-0.08941910415887833,0.901148796081543],"EasingStyle":"Linear","EasingDirection":"In"},"Right Arm":{"Weight":1,"CFrame":[0.00716743990778923,-0.1591871976852417,0.026668548583984376,0.9238296747207642,0.11426012963056565,-0.36535394191741946,-0.013278495520353318,0.9634059071540833,0.2677176296710968,0.3825734853744507,-0.24247412383556367,0.8915401101112366],"EasingStyle":"Linear","EasingDirection":"In"},"Left Arm":{"Weight":1,"CFrame":[0.00732363760471344,-0.08038479089736939,-0.025962233543395997,0.9103943109512329,0.24972690641880036,0.32987678050994875,-0.34810563921928408,0.893246591091156,0.2844870686531067,-0.2236173003911972,-0.3738274872303009,0.9001380205154419],"EasingStyle":"Linear","EasingDirection":"In"},"Head":{"Weight":1,"CFrame":[8.009374141693115e-8,-2.7008354663848878e-8,0,0.9869218468666077,-0.16021110117435456,-0.017821719869971277,0.16078956425189973,0.9862562417984009,0.038017161190509799,0.011486008763313294,-0.04038551449775696,0.9991181492805481],"EasingStyle":"Linear","EasingDirection":"In"},"Torso":{"Weight":1,"CFrame":[0.07295244932174683,-0.08655975759029389,-0.23047876358032227,0.9893147349357605,0.1456861048936844,-0.005646851379424334,-0.1454375684261322,0.9834331274032593,-0.10819967836141586,-0.0102098872885108,0.10786480456590653,0.9941131472587586],"EasingStyle":"Linear","EasingDirection":"In"},"HumanoidRootPart":{"Weight":0,"CFrame":[0,0,0,1,0,0,0,1,0,0,0,1],"EasingStyle":"Linear","EasingDirection":"In"},"Right Leg":{"Weight":1,"CFrame":[0.5803224444389343,0.09923809766769409,0.09018778800964356,0.8686420321464539,0.45735642313957217,-0.19048911333084107,-0.42100122570991518,0.8840848207473755,0.2028595507144928,0.26118776202201846,-0.09601614624261856,0.9605008363723755],"EasingStyle":"Linear","EasingDirection":"In"}}},{"Time":0.01666666753590107,"poses":{"Left Leg":{"Weight":1,"CFrame":[-0.32630982995033266,0.3150641918182373,0.15708506107330323,0.9040786623954773,-0.05388883128762245,0.42395490407943728,0.01022590883076191,0.9944618940353394,0.10459918528795243,-0.42724373936653139,-0.09023051708936691,0.8996228575706482],"EasingStyle":"Linear","EasingDirection":"In"},"Right Arm":{"Weight":1,"CFrame":[0.002885369583964348,-0.16821593046188355,0.028609871864318849,0.9328098297119141,0.10464688390493393,-0.3448404371738434,-0.00303394952788949,0.9591556191444397,0.2828625738620758,0.36035630106925967,-0.26281076669692995,0.8950272798538208],"EasingStyle":"Linear","EasingDirection":"In"},"Left Arm":{"Weight":1,"CFrame":[0.008581280708312989,-0.09647288918495178,-0.02216118574142456,0.9137511849403381,0.2524954378604889,0.31828418374061587,-0.3495832085609436,0.8878110647201538,0.29930418729782107,-0.20700334012508393,-0.384756475687027,0.8995066285133362],"EasingStyle":"Linear","EasingDirection":"In"},"Head":{"Weight":1,"CFrame":[8.009374141693115e-8,2.2351741790771486e-8,-2.384185791015625e-7,0.9864606261253357,-0.16313481330871583,-0.016807502135634424,0.1636708527803421,0.9857804179191589,0.0380634069442749,0.010359038598835469,-0.040298942476511,0.9991339445114136],"EasingStyle":"Linear","EasingDirection":"In"},"Torso":{"Weight":1,"CFrame":[0.07075135409832001,-0.08654846251010895,-0.22998404502868653,0.9888957142829895,0.1484919637441635,-0.005949307698756456,-0.14825952053070069,0.9830132126808167,-0.1081855520606041,-0.010216438211500645,0.10786627233028412,0.9941129088401794],"EasingStyle":"Linear","EasingDirection":"In"},"HumanoidRootPart":{"Weight":0,"CFrame":[0,0,0,1,0,0,0,1,0,0,0,1],"EasingStyle":"Linear","EasingDirection":"In"},"Right Leg":{"Weight":1,"CFrame":[0.5822827816009522,0.09909510612487793,0.08848869800567627,0.8698068857192993,0.456417977809906,-0.18739952147006989,-0.42067858576774599,0.8845069408416748,0.20168554782867433,0.2578091323375702,-0.0965925008058548,0.9613555073738098],"EasingStyle":"Linear","EasingDirection":"In"}}},{"Time":0.03333333507180214,"poses":{"Left Leg":{"Weight":1,"CFrame":[-0.320093035697937,0.31408464908599856,0.15867209434509278,0.8999532461166382,-0.057066794484853747,0.432235449552536,0.011092009954154492,0.9940727353096008,0.10814996063709259,-0.4358452558517456,-0.09253551065921784,0.895251989364624],"EasingStyle":"Linear","EasingDirection":"In"},"Right Arm":{"Weight":1,"CFrame":[-0.009188499301671982,-0.1935526728630066,0.033933043479919437,0.9548866152763367,0.07527512311935425,-0.2872719466686249,0.023577429354190828,0.9450715780258179,0.3260118365287781,0.29603320360183718,-0.31807762384414675,0.9006614685058594],"EasingStyle":"Linear","EasingDirection":"In"},"Left Arm":{"Weight":1,"CFrame":[0.012349337339401245,-0.1405850052833557,-0.011739075183868409,0.9219906330108643,0.2608497440814972,0.2861655652523041,-0.35230928659439089,0.8717606067657471,0.340457946062088,-0.16065950691699983,-0.41471782326698305,0.8956548571586609],"EasingStyle":"Linear","EasingDirection":"In"},"Head":{"Weight":1,"CFrame":[8.195638656616211e-8,-4.377216100692749e-8,1.1920928955078126e-7,0.9851057529449463,-0.17137649655342103,-0.014025125652551651,0.17179562151432038,0.984394371509552,0.038130998611450198,0.007271493785083294,-0.03997253626585007,0.9991742968559265],"EasingStyle":"Linear","EasingDirection":"In"},"Torso":{"Weight":1,"CFrame":[0.06452078372240067,-0.08651399612426758,-0.2286067008972168,0.9876706004142761,0.1563989520072937,-0.006790587678551674,-0.15621061623096467,0.9817858338356018,-0.10814248025417328,-0.01024646870791912,0.10786991566419602,0.9941121935844421],"EasingStyle":"Linear","EasingDirection":"In"},"HumanoidRootPart":{"Weight":0,"CFrame":[0,0,0,1,0,0,0,1,0,0,0,1],"EasingStyle":"Linear","EasingDirection":"In"},"Right Leg":{"Weight":1,"CFrame":[0.587778627872467,0.09867924451828003,0.08366477489471436,0.873021125793457,0.4537772238254547,-0.17866277694702149,-0.41976866126060488,0.8856907486915588,0.1983584761619568,0.2482505738735199,-0.09817415475845337,0.963708221912384],"EasingStyle":"Linear","EasingDirection":"In"}}},{"Time":0.05000000074505806,"poses":{"Left Leg":{"Weight":1,"CFrame":[-0.31035739183425906,0.3125799298286438,0.16096925735473634,0.8933877348899841,-0.062039222568273547,0.44498246908187868,0.012334324419498444,0.9934338927268982,0.11374057084321976,-0.44911712408065798,-0.09612585604190827,0.8882869482040405],"EasingStyle":"Linear","EasingDirection":"In"},"Right Arm":{"Weight":1,"CFrame":[-0.027896419167518617,-0.23257488012313844,0.041886210441589358,0.9797753095626831,0.02311626262962818,-0.19876110553741456,0.058329444378614429,0.9171724915504456,0.3941982686519623,0.19141055643558503,-0.3978193700313568,0.8972746133804321],"EasingStyle":"Linear","EasingDirection":"In"},"Left Arm":{"Weight":1,"CFrame":[0.018620744347572328,-0.20649412274360658,0.003832578659057617,0.9315060377120972,0.2754981815814972,0.23748092353343965,-0.3525063097476959,0.8447045087814331,0.4027574062347412,-0.08964233845472336,-0.4588845670223236,0.8839622735977173],"EasingStyle":"Linear","EasingDirection":"In"},"Head":{"Weight":1,"CFrame":[8.568167686462403e-8,2.421438694000244e-8,0,0.9828517436981201,-0.18413344025611878,-0.009863355197012425,0.18437813222408296,0.982115626335144,0.038125570863485339,0.002666768152266741,-0.03929035738110542,0.9992243051528931],"EasingStyle":"Linear","EasingDirection":"In"},"Torso":{"Weight":1,"CFrame":[0.054820019751787189,-0.08645214140415192,-0.22650766372680665,0.985645592212677,0.1686345636844635,-0.008071359246969223,-0.16851216554641725,0.9797579050064087,-0.1080651506781578,-0.010315541177988053,0.1078740581870079,0.9941110610961914],"EasingStyle":"Linear","EasingDirection":"In"},"HumanoidRootPart":{"Weight":0,"CFrame":[0,0,0,1,0,0,0,1,0,0,0,1],"EasingStyle":"Linear","EasingDirection":"In"},"Right Leg":{"Weight":1,"CFrame":[0.596174418926239,0.09800601005554199,0.07608997821807862,0.8778018355369568,0.44968682527542117,-0.16506242752075196,-0.4183334410190582,0.8875108957290649,0.19318793714046479,0.2333688735961914,-0.10052967071533203,0.9671777486801148],"EasingStyle":"Linear","EasingDirection":"In"}}},{"Time":0.06666667014360428,"poses":{"Left Leg":{"Weight":1,"CFrame":[-0.2975844740867615,0.3106366991996765,0.16364288330078126,0.8845938444137573,-0.06854717433452606,0.46129703521728518,0.013757996261119843,0.9925442337989807,0.12110596895217896,-0.46615925431251528,-0.10078306496143341,0.8789416551589966],"EasingStyle":"Linear","EasingDirection":"In"},"Right Arm":{"Weight":1,"CFrame":[-0.05208022892475128,-0.2826591432094574,0.05171799659729004,0.9945960640907288,-0.05454059690237045,-0.08834004402160645,0.09063123166561127,0.8711768388748169,0.4825317859649658,0.05064218491315842,-0.4879305958747864,0.8714121580123901],"EasingStyle":"Linear","EasingDirection":"In"},"Left Arm":{"Weight":1,"CFrame":[0.027388200163841249,-0.28797224164009097,0.023082852363586427,0.9382859468460083,0.29723215103149416,0.17684032022953034,-0.34586042165756228,0.8061798214912415,0.4800567626953125,0.00012321257963776588,-0.5115926861763,0.8592281341552734],"EasingStyle":"Linear","EasingDirection":"In"},"Head":{"Weight":1,"CFrame":[7.450580596923828e-8,4.237517714500427e-8,1.1920928955078126e-7,0.9796633720397949,-0.20059287548065186,-0.004707864951342344,0.20062564313411714,0.9789323210716248,0.03795864060521126,-0.0030055558308959009,-0.03813120722770691,0.9992682337760925],"EasingStyle":"Linear","EasingDirection":"In"},"Torso":{"Weight":1,"CFrame":[0.04220857098698616,-0.08635684847831726,-0.2238471508026123,0.9827998876571655,0.18441931903362275,-0.009691913612186909,-0.18437853455543519,0.9769095182418823,-0.10794603824615479,-0.010439210571348668,0.10787633061408997,0.9941095113754273],"EasingStyle":"Linear","EasingDirection":"In"},"HumanoidRootPart":{"Weight":0,"CFrame":[0,0,0,1,0,0,0,1,0,0,0,1],"EasingStyle":"Linear","EasingDirection":"In"},"Right Leg":{"Weight":1,"CFrame":[0.6067987084388733,0.09709233045578003,0.06611919403076172,0.8836246132850647,0.4443958103656769,-0.14737655222415925,-0.41641750931739809,0.8898407816886902,0.1864933967590332,0.21401864290237428,-0.10342005640268326,0.9713394641876221],"EasingStyle":"Linear","EasingDirection":"In"}}},{"Time":0.0833333358168602,"poses":{"Left Leg":{"Weight":1,"CFrame":[-0.28225645422935488,0.3083372116088867,0.1663508415222168,0.8737933039665222,-0.07632723450660706,0.4802700877189636,0.015160242095589638,0.9914011359214783,0.12997686862945558,-0.486061155796051,-0.10629189014434815,0.8674368262290955],"EasingStyle":"Linear","EasingDirection":"In"},"Right Arm":{"Weight":1,"CFrame":[-0.0805819034576416,-0.34118202328681948,0.06267714500427246,0.9873029589653015,-0.15594492852687837,0.03023313172161579,0.10945284366607666,0.8057891726493836,0.5819998979568481,-0.11512155085802078,-0.5713011026382446,0.8126266598701477],"EasingStyle":"Linear","EasingDirection":"In"},"Left Arm":{"Weight":1,"CFrame":[0.03864459693431854,-0.37879160046577456,0.04454004764556885,0.9389328360557556,0.32606077194213869,0.1099523976445198,-0.3289403021335602,0.7567089796066284,0.5649687647819519,0.10101219266653061,-0.5666355490684509,0.8177534937858582],"EasingStyle":"Linear","EasingDirection":"In"},"Head":{"Weight":1,"CFrame":[8.475035429000855e-8,-7.2177499532699589e-9,1.1920928955078126e-7,0.9755139350891113,-0.21993497014045716,0.0010600363602861763,0.21974129974842072,0.9748358726501465,0.037534549832344058,-0.009288523346185685,-0.0363825298845768,0.9992947578430176],"EasingStyle":"Linear","EasingDirection":"In"},"Torso":{"Weight":1,"CFrame":[0.027246415615081788,-0.08622312545776367,-0.22078514099121095,0.9791170954704285,0.20296849310398103,-0.011552074924111367,-0.20301872491836549,0.9732251167297363,-0.1077788919210434,-0.010632947087287903,0.10787343978881836,0.9941077828407288],"EasingStyle":"Linear","EasingDirection":"In"},"HumanoidRootPart":{"Weight":0,"CFrame":[0,0,0,1,0,0,0,1,0,0,0,1],"EasingStyle":"Linear","EasingDirection":"In"},"Right Leg":{"Weight":1,"CFrame":[0.6189786195755005,0.09595239162445069,0.05412113666534424,0.8899648189544678,0.43816274404525759,-0.12639610469341279,-0.41407209634780886,0.8925518989562988,0.17859295010566712,0.19106793403625489,-0.10660438239574433,0.9757707715034485],"EasingStyle":"Linear","EasingDirection":"In"}}},{"Time":0.10000000149011612,"poses":{"Left Leg":{"Weight":1,"CFrame":[-0.26488542556762698,0.30577439069747927,0.16876649856567384,0.8612529635429382,-0.08510605245828629,0.5009992718696594,0.016345204785466195,0.9900057911872864,0.14007626473903657,-0.5079135298728943,-0.11245212703943253,0.8540365099906921],"EasingStyle":"Linear","EasingDirection":"In"},"Right Arm":{"Weight":1,"CFrame":[-0.1122434139251709,-0.405521035194397,0.07401180267333985,0.9518792629241943,-0.27240556478500368,0.14043176174163819,0.10723210126161576,0.7252858877182007,0.6800452470779419,-0.2871013283729553,-0.6322622895240784,0.7195952534675598],"EasingStyle":"Linear","EasingDirection":"In"},"Left Arm":{"Weight":1,"CFrame":[0.05238275229930878,-0.4727247953414917,0.06673288345336914,0.9317113757133484,0.36060473322868349,0.04333813861012459,-0.30054476857185366,0.6984779238700867,0.6494624018669128,0.2039283812046051,-0.6181365251541138,0.7591577172279358],"EasingStyle":"Linear","EasingDirection":"In"},"Head":{"Weight":1,"CFrame":[8.544884622097016e-8,-2.6833731681108476e-8,1.1920928955078126e-7,0.9704155921936035,-0.24133719503879548,0.007064543664455414,0.24092838168144227,0.9698472023010254,0.03674115985631943,-0.01571853831410408,-0.033952150493860248,0.9992998242378235],"EasingStyle":"Linear","EasingDirection":"In"},"Torso":{"Weight":1,"CFrame":[0.01049371063709259,-0.08604918420314789,-0.2174825668334961,0.9746107459068298,0.22349555790424348,-0.013551345095038414,-0.22363996505737306,0.9687185883522034,-0.10756149142980576,-0.010912081226706505,0.10786121338605881,0.9941060543060303],"EasingStyle":"Linear","EasingDirection":"In"},"HumanoidRootPart":{"Weight":0,"CFrame":[0,0,0,1,0,0,0,1,0,0,0,1],"EasingStyle":"Linear","EasingDirection":"In"},"Right Leg":{"Weight":1,"CFrame":[0.6320781111717224,0.0945974588394165,0.040496826171875,0.8963367342948914,0.4312596619129181,-0.10293452441692352,-0.4113655984401703,0.8955156803131104,0.16979405283927918,0.16540487110614777,-0.10984896868467331,0.980089008808136],"EasingStyle":"Linear","EasingDirection":"In"}}},{"Time":0.11666666716337204,"poses":{"Left Leg":{"Weight":1,"CFrame":[-0.2460249364376068,0.3030598759651184,0.1706066131591797,0.8473080396652222,-0.09459785372018814,0.5226091742515564,0.017140259966254236,0.98836749792099,0.15111546218395234,-0.530825138092041,-0.11908368021249771,0.8390731811523438],"EasingStyle":"Linear","EasingDirection":"In"},"Right Arm":{"Weight":1,"CFrame":[-0.14590676128864289,-0.4730529487133026,0.08497107028961182,0.8920643329620361,-0.38986822962760928,0.22852563858032227,0.08354466408491135,0.6392494440078735,0.7644476890563965,-0.44411882758140566,-0.6628445982933044,0.6028231382369995],"EasingStyle":"Linear","EasingDirection":"In"},"Left Arm":{"Weight":1,"CFrame":[0.06859548389911652,-0.5635448098182678,0.08819019794464112,0.9172452688217163,0.39797547459602358,-0.01663471944630146,-0.26249754428863528,0.635354220867157,0.7262368202209473,0.2995932996273041,-0.6617708206176758,0.6872433423995972],"EasingStyle":"Linear","EasingDirection":"In"},"Head":{"Weight":1,"CFrame":[8.940696716308594e-8,-2.7939677238464357e-9,0,0.9644409418106079,-0.2639816701412201,0.012936665676534176,0.2633955776691437,0.9640365839004517,0.035443201661109927,-0.02182777225971222,-0.03077542968094349,0.9992879629135132],"EasingStyle":"Linear","EasingDirection":"In"},"Torso":{"Weight":1,"CFrame":[-0.0074894018471241,-0.08583824336528778,-0.21409916877746583,0.969342827796936,0.24521726369857789,-0.015589278191328049,-0.24545271694660188,0.9634522199630737,-0.10729778558015824,-0.011291750706732273,0.10783477127552033,0.9941046833992004],"EasingStyle":"Linear","EasingDirection":"In"},"HumanoidRootPart":{"Weight":0,"CFrame":[0,0,0,1,0,0,0,1,0,0,0,1],"EasingStyle":"Linear","EasingDirection":"In"},"Right Leg":{"Weight":1,"CFrame":[0.6455194354057312,0.09303641319274903,0.025694608688354493,0.9023236632347107,0.4239744544029236,-0.07783027738332749,-0.4083932936191559,0.8986053466796875,0.1603851020336151,0.137937992811203,-0.11293396353721619,0.9839812517166138],"EasingStyle":"Linear","EasingDirection":"In"}}},{"Time":0.13333334028720857,"poses":{"Left Leg":{"Weight":1,"CFrame":[-0.22628791630268098,0.30032849311828616,0.17165601253509522,0.8323746919631958,-0.10451044887304306,0.5442700386047363,0.01741444133222103,0.9865061044692993,0.16279581189155579,-0.5539395809173584,-0.12602895498275758,0.822962760925293],"EasingStyle":"Linear","EasingDirection":"In"},"Right Arm":{"Weight":1,"CFrame":[-0.180414080619812,-0.541154146194458,0.0948028564453125,0.8201107978820801,-0.4940221607685089,0.28872209787368777,0.04533268138766289,0.5590875744819641,0.8278682827949524,-0.5704061985015869,-0.6658552289009094,0.48090919852256777],"EasingStyle":"Linear","EasingDirection":"In"},"Left Arm":{"Weight":1,"CFrame":[0.08727553486824036,-0.6450225710868836,0.10744023323059082,0.8984757661819458,0.43420058488845827,-0.06489448994398117,-0.21946893632411958,0.572236955165863,0.7901760935783386,0.3802298307418823,-0.6957116723060608,0.6094345450401306],"EasingStyle":"Linear","EasingDirection":"In"},"Head":{"Weight":1,"CFrame":[8.195638656616211e-8,1.862645149230957e-9,-1.1920928955078126e-7,0.9577364325523377,-0.2870635688304901,0.01831488497555256,0.28636327385902407,0.957535982131958,0.033479537814855579,-0.027147911489009858,-0.026819856837391855,0.9992715716362],"EasingStyle":"Linear","EasingDirection":"In"},"Torso":{"Weight":1,"CFrame":[-0.026143226772546769,-0.08559909462928772,-0.21079587936401368,0.9634367227554321,0.26735952496528628,-0.017565995454788209,-0.26767659187316897,0.9575492143630981,-0.10699884593486786,-0.011786861345171929,0.10778862237930298,0.9941039681434631],"EasingStyle":"Linear","EasingDirection":"In"},"HumanoidRootPart":{"Weight":0,"CFrame":[0,0,0,1,0,0,0,1,0,0,0,1],"EasingStyle":"Linear","EasingDirection":"In"},"Right Leg":{"Weight":1,"CFrame":[0.6588054895401001,0.09127724170684815,0.010207533836364746,0.9075974225997925,0.4166157841682434,-0.051943354308605197,-0.4052858352661133,0.9016953110694885,0.15062877535820008,0.10959143936634064,-0.11565840989351273,0.987224817276001],"EasingStyle":"Linear","EasingDirection":"In"}}},{"Time":0.15000000596046449,"poses":{"Left Leg":{"Weight":1,"CFrame":[-0.2074996531009674,0.2967545986175537,0.1720181703567505,0.8168076872825623,-0.11769071221351624,0.5647778511047363,0.01997559703886509,0.9841530919075012,0.17619217932224275,-0.5765641331672669,-0.13263334333896638,0.8062147498130798],"EasingStyle":"Linear","EasingDirection":"In"},"Right Arm":{"Weight":1,"CFrame":[-0.21460700035095216,-0.607201337814331,0.10275614261627197,0.7514964938163757,-0.5748511552810669,0.32372695207595827,0.003443719819188118,0.49410200119018557,0.8693970441818237,-0.6597281098365784,-0.6522341370582581,0.3732956647872925],"EasingStyle":"Linear","EasingDirection":"In"},"Left Arm":{"Weight":1,"CFrame":[0.10841590166091919,-0.7109314799308777,0.12301206588745117,0.8798686861991882,0.46493908762931826,-0.09830029308795929,-0.1779285967350006,0.5141183137893677,0.8390611410140991,0.44065016508102419,-0.7207732200622559,0.5350826978683472],"EasingStyle":"Linear","EasingDirection":"In"},"Head":{"Weight":1,"CFrame":[8.568167686462403e-8,2.60770320892334e-8,1.1920928955078126e-7,0.9505271315574646,-0.30980050563812258,0.022845163941383363,0.30906936526298525,0.950545072555542,0.03066212311387062,-0.03121449612081051,-0.02208445966243744,0.9992687106132507],"EasingStyle":"Linear","EasingDirection":"In"},"Torso":{"Weight":1,"CFrame":[-0.04459596425294876,-0.08323314785957337,-0.2075026035308838,0.9570769667625427,0.2892109453678131,-0.0189914982765913,-0.2895844578742981,0.95148104429245,-0.10404142737388611,-0.0120198680087924,0.10507529973983765,0.9943916201591492],"EasingStyle":"Linear","EasingDirection":"In"},"HumanoidRootPart":{"Weight":0,"CFrame":[0,0,0,1,0,0,0,1,0,0,0,1],"EasingStyle":"Linear","EasingDirection":"In"},"Right Leg":{"Weight":1,"CFrame":[0.6722252368927002,0.08752161264419556,-0.00544971227645874,0.9105915427207947,0.41250079870224,-0.02580977790057659,-0.40516966581344607,0.9032512307167053,0.14133165776729585,0.08161215484142304,-0.11823819577693939,0.9896258115768433],"EasingStyle":"Linear","EasingDirection":"In"}}},{"Time":0.1666666716337204,"poses":{"Left Leg":{"Weight":1,"CFrame":[-0.1911492496728897,0.29177433252334597,0.17185306549072267,0.8010154962539673,-0.13622979819774629,0.5829370021820068,0.026949437335133554,0.9809818267822266,0.19221974909305573,-0.5980367064476013,-0.13826116919517518,0.7894529700279236],"EasingStyle":"Linear","EasingDirection":"In"},"Right Arm":{"Weight":1,"CFrame":[-0.24732768535614015,-0.6685727834701538,0.10807919502258301,0.700053870677948,-0.6273949146270752,0.34102821350097659,-0.03144935145974159,0.45001867413520815,0.8924651145935059,-0.713397204875946,-0.6354988217353821,0.2953062057495117],"EasingStyle":"Linear","EasingDirection":"In"},"Left Arm":{"Weight":1,"CFrame":[0.13200922310352326,-0.7550444602966309,0.13343405723571778,0.8662710785865784,0.4860628545284271,-0.11540091782808304,-0.14482572674751283,0.46541720628738406,0.8731622099876404,0.47812119126319888,-0.7396821975708008,0.4735719561576843],"EasingStyle":"Linear","EasingDirection":"In"},"Head":{"Weight":1,"CFrame":[8.940696716308594e-8,-2.0489096641540528e-8,-2.384185791015625e-7,0.9431130290031433,-0.3314399719238281,0.02617914043366909,0.3307729959487915,0.9433303475379944,0.026778580620884897,-0.033571068197488788,-0.016595881432294847,0.9992985129356384],"EasingStyle":"Linear","EasingDirection":"In"},"Torso":{"Weight":1,"CFrame":[-0.061951808631420138,-0.07708083093166352,-0.20422625541687013,0.9505137801170349,0.31007954478263857,-0.019345758482813836,-0.3104664981365204,0.9456886649131775,-0.0963510200381279,-0.011581414379179478,0.09758918732404709,0.995159387588501],"EasingStyle":"Linear","EasingDirection":"In"},"HumanoidRootPart":{"Weight":0,"CFrame":[0,0,0,1,0,0,0,1,0,0,0,1],"EasingStyle":"Linear","EasingDirection":"In"},"Right Leg":{"Weight":1,"CFrame":[0.6860479712486267,0.08025723695755005,-0.020770668983459474,0.9100993871688843,0.41439002752304079,-0.00012452244118321687,-0.41069430112838747,0.9020227789878845,0.13298505544662476,0.0552201047539711,-0.12097855657339096,0.9911180138587952],"EasingStyle":"Linear","EasingDirection":"In"}}},{"Time":0.18333333730697633,"poses":{"Left Leg":{"Weight":1,"CFrame":[-0.17746156454086305,0.28592389822006228,0.17116010189056397,0.7855836749076843,-0.15871714055538178,0.5980527997016907,0.037308529019355777,0.9769331812858582,0.2102607935667038,-0.6176295876502991,-0.1428648978471756,0.7733842730522156],"EasingStyle":"Linear","EasingDirection":"In"},"Right Arm":{"Weight":1,"CFrame":[-0.27741825580596926,-0.7226430773735046,0.11002039909362793,0.6763007044792175,-0.6491566896438599,0.3481563925743103,-0.05098481848835945,0.43025219440460207,0.9012677669525147,-0.7348591089248657,-0.627278745174408,0.2578827142715454],"EasingStyle":"Linear","EasingDirection":"In"},"Left Arm":{"Weight":1,"CFrame":[0.15804843604564668,-0.7711316347122192,0.13723504543304444,0.8618620038032532,0.49383172392845156,-0.11543095111846924,-0.12660787999629975,0.42991891503334048,0.8939463496208191,0.49108490347862246,-0.7558438777923584,0.43305376172065737],"EasingStyle":"Linear","EasingDirection":"In"},"Head":{"Weight":1,"CFrame":[7.078051567077637e-8,2.2351741790771486e-8,2.384185791015625e-7,0.9358583092689514,-0.3512647747993469,0.027970407158136369,0.3507544696331024,0.9362183809280396,0.021596109494566919,-0.033772364258766177,-0.01040014997124672,0.9993754625320435],"EasingStyle":"Linear","EasingDirection":"In"},"Torso":{"Weight":1,"CFrame":[-0.07765170931816101,-0.06781017780303955,-0.20127081871032716,0.9440659880638123,0.32923564314842226,-0.018529683351516725,-0.32958996295928957,0.9403114914894104,-0.08476267755031586,-0.010483221150934697,0.08612876385450363,0.9962288737297058],"EasingStyle":"Linear","EasingDirection":"In"},"HumanoidRootPart":{"Weight":0,"CFrame":[0,0,0,1,0,0,0,1,0,0,0,1],"EasingStyle":"Linear","EasingDirection":"In"},"Right Leg":{"Weight":1,"CFrame":[0.6997963786125183,0.06992554664611817,-0.03520280122756958,0.9064168334007263,0.4216991364955902,0.024047235026955606,-0.42122453451156618,0.8982458114624023,0.12539687752723695,0.03127944469451904,-0.1237911656498909,0.9918152093887329],"EasingStyle":"Linear","EasingDirection":"In"}}},{"Time":0.20000000298023225,"poses":{"Left Leg":{"Weight":1,"CFrame":[-0.1669279932975769,0.28042519092559817,0.1698843240737915,0.7709647417068481,-0.18413133919239045,0.6096794009208679,0.04997604340314865,0.9718331694602966,0.23030985891819,-0.634913980960846,-0.14709143340587617,0.7584512829780579],"EasingStyle":"Linear","EasingDirection":"In"},"Right Arm":{"Weight":1,"CFrame":[-0.30395007133483889,-0.7678226232528687,0.10537433624267578,0.6709724068641663,-0.6527153253555298,0.35179364681243899,-0.06040774658322334,0.4247499406337738,0.9032930731773377,-0.7390175461769104,-0.627335786819458,0.2455664426088333],"EasingStyle":"Linear","EasingDirection":"In"},"Left Arm":{"Weight":1,"CFrame":[0.18637853860855103,-0.7699650526046753,0.13631415367126466,0.865844190120697,0.4877627193927765,-0.11136148124933243,-0.11263195425271988,0.40690091252326968,0.9065018892288208,0.4874708950519562,-0.772346556186676,0.4072505235671997],"EasingStyle":"Linear","EasingDirection":"In"},"Head":{"Weight":1,"CFrame":[9.313225746154785e-8,1.1175870895385743e-8,-5.364418029785156e-7,0.9291173815727234,-0.3687135875225067,0.028127502650022508,0.3684750199317932,0.9295406341552734,0.013429815880954266,-0.031097406521439554,-0.0021135935094207527,0.999514102935791],"EasingStyle":"Linear","EasingDirection":"In"},"Torso":{"Weight":1,"CFrame":[-0.09070652723312378,-0.056169286370277408,-0.19895172119140626,0.9380545616149902,0.34612220525741579,-0.01590658724308014,-0.34635940194129946,0.9354707598686218,-0.07021157443523407,-0.009421642869710923,0.07137168198823929,0.9974052906036377],"EasingStyle":"Linear","EasingDirection":"In"},"HumanoidRootPart":{"Weight":0,"CFrame":[0,0,0,1,0,0,0,1,0,0,0,1],"EasingStyle":"Linear","EasingDirection":"In"},"Right Leg":{"Weight":1,"CFrame":[0.7127874493598938,0.05644923448562622,-0.048150599002838138,0.8999172449111939,0.4336358308792114,0.04592209309339523,-0.435944527387619,0.8922446966171265,0.11769374459981919,0.010062574408948422,-0.1259341537952423,0.9919875860214233],"EasingStyle":"Linear","EasingDirection":"In"}}},{"Time":0.21666666865348817,"poses":{"Left Leg":{"Weight":1,"CFrame":[-0.15977177023887635,0.2761616110801697,0.1682755947113037,0.7571972012519836,-0.21174132823944093,0.6179141998291016,0.0642642006278038,0.9655598402023315,0.2521195709705353,-0.6500173211097717,-0.1511944681406021,0.7447266578674316],"EasingStyle":"Linear","EasingDirection":"In"},"Right Arm":{"Weight":1,"CFrame":[-0.32691287994384768,-0.8048118352890015,0.0926353931427002,0.668729305267334,-0.653109610080719,0.3553151786327362,-0.06923526525497437,0.4211139380931854,0.9043613076210022,-0.7402753233909607,-0.6293733716011047,0.23639309406280518],"EasingStyle":"Linear","EasingDirection":"In"},"Left Arm":{"Weight":1,"CFrame":[0.21625322103500367,-0.7667651176452637,0.13378918170928956,0.8742340207099915,0.47145217657089236,-0.11596457660198212,-0.08997949212789536,0.3920493721961975,0.915533185005188,0.4770938754081726,-0.7899557948112488,0.38516393303871157],"EasingStyle":"Linear","EasingDirection":"In"},"Head":{"Weight":1,"CFrame":[7.82310962677002e-8,-7.450580596923828e-9,-1.7881393432617188e-7,0.9230146408081055,-0.38381338119506838,0.027041196823120118,0.3839188814163208,0.9233657717704773,0.0013818719889968634,-0.02549929916858673,0.009106136858463288,0.9996333718299866],"EasingStyle":"Linear","EasingDirection":"In"},"Torso":{"Weight":1,"CFrame":[-0.10038633644580841,-0.04287391155958176,-0.19758057594299317,0.9326053261756897,0.36072519421577456,-0.011163759976625443,-0.36078721284866335,0.9311071038246155,-0.05359237641096115,-0.008937462233006955,0.054008278995752338,0.9985004663467407],"EasingStyle":"Linear","EasingDirection":"In"},"HumanoidRootPart":{"Weight":0,"CFrame":[0,0,0,1,0,0,0,1,0,0,0,1],"EasingStyle":"Linear","EasingDirection":"In"},"Right Leg":{"Weight":1,"CFrame":[0.7246955633163452,0.04021328687667847,-0.05948662757873535,0.8910625576972961,0.44915705919265749,0.06531090289354325,-0.4537988305091858,0.8843610286712647,0.10941717773675919,-0.008612889796495438,-0.12713560461997987,0.9918479323387146],"EasingStyle":"Linear","EasingDirection":"In"}}},{"Time":0.23333333432674409,"poses":{"Left Leg":{"Weight":1,"CFrame":[-0.15542742609977723,0.2726327180862427,0.1666123867034912,0.744357168674469,-0.24031247198581696,0.623042643070221,0.07958284020423889,0.9582777619361877,0.2745365798473358,-0.6630225777626038,-0.15476979315280915,0.7324257493019104],"EasingStyle":"Linear","EasingDirection":"In"},"Right Arm":{"Weight":1,"CFrame":[-0.3465268313884735,-0.8344302773475647,0.07360172271728516,0.6688511967658997,-0.6510428190231323,0.35886093974113467,-0.07752840965986252,0.41901087760925295,0.9046652317047119,-0.7393425703048706,-0.6329085230827332,0.22978167235851289],"EasingStyle":"Linear","EasingDirection":"In"},"Left Arm":{"Weight":1,"CFrame":[0.2467786818742752,-0.7619835138320923,0.13001656532287599,0.8852835297584534,0.4471724033355713,-0.12771017849445344,-0.060763366520404819,0.38348448276519778,0.921546220779419,0.4610649049282074,-0.8080695867538452,0.36666417121887209],"EasingStyle":"Linear","EasingDirection":"In"},"Head":{"Weight":1,"CFrame":[7.82310962677002e-8,-1.862645149230957e-8,1.1920928955078126e-7,0.9175845980644226,-0.39675095677375796,0.025043636560440065,0.39715126156806948,0.917652428150177,-0.013594290241599083,-0.017587808892130853,0.022420024499297143,0.9995939135551453],"EasingStyle":"Linear","EasingDirection":"In"},"Torso":{"Weight":1,"CFrame":[-0.10658209770917893,-0.02852785587310791,-0.1968989372253418,0.9277655482292175,0.37313321232795718,-0.00476475153118372,-0.3730577528476715,0.9271225929260254,-0.0356597863137722,-0.008888340555131436,0.034861449152231219,0.9993526339530945],"EasingStyle":"Linear","EasingDirection":"In"},"HumanoidRootPart":{"Weight":0,"CFrame":[0,0,0,1,0,0,0,1,0,0,0,1],"EasingStyle":"Linear","EasingDirection":"In"},"Right Leg":{"Weight":1,"CFrame":[0.7349913120269775,0.022135674953460695,-0.06925815343856812,0.8805073499679565,0.46686261892318728,0.08213441073894501,-0.47338950634002688,0.8750349879264832,0.10107525438070297,-0.024682164192199708,-0.1278790980577469,0.9914826154708862],"EasingStyle":"Linear","EasingDirection":"In"}}},{"Time":0.25,"poses":{"Left Leg":{"Weight":1,"CFrame":[-0.1532275378704071,0.2692953944206238,0.16508972644805909,0.7325629591941834,-0.26858222484588625,0.6254718899726868,0.09535306692123413,0.9502965807914734,0.2963852286338806,-0.673987627029419,-0.15748010575771333,0.7217622399330139],"EasingStyle":"Linear","EasingDirection":"In"},"Right Arm":{"Weight":1,"CFrame":[-0.36301088333129885,-0.857498049736023,0.0500720739364624,0.6706047058105469,-0.6471975445747376,0.3625252842903137,-0.08536916971206665,0.41812270879745486,0.9043701887130737,-0.7368863224983215,-0.6374235153198242,0.2251444011926651],"EasingStyle":"Linear","EasingDirection":"In"},"Left Arm":{"Weight":1,"CFrame":[0.27706095576286318,-0.7560737729072571,0.1253526210784912,0.8972746729850769,0.41701599955558779,-0.14489948749542237,-0.026962511241436006,0.37936997413635256,0.9248520731925964,0.44064861536026,-0.8259394764900208,0.3516429364681244],"EasingStyle":"Linear","EasingDirection":"In"},"Head":{"Weight":1,"CFrame":[7.916241884231568e-8,-5.587935447692871e-9,-1.1920928955078126e-7,0.9128401875495911,-0.40770095586776736,0.022421589121222497,0.40823838114738467,0.9123648405075073,-0.03052600659430027,-0.008011190220713616,0.03701872006058693,0.9992824792861939],"EasingStyle":"Linear","EasingDirection":"In"},"Torso":{"Weight":1,"CFrame":[-0.10920737683773041,-0.013723451644182206,-0.1965017318725586,0.9235596060752869,0.38344472646713259,0.002798859030008316,-0.38334548473358157,0.9234457015991211,-0.017154283821582795,-0.009162313304841519,0.014770072884857655,0.9998489618301392],"EasingStyle":"Linear","EasingDirection":"In"},"HumanoidRootPart":{"Weight":0,"CFrame":[0,0,0,1,0,0,0,1,0,0,0,1],"EasingStyle":"Linear","EasingDirection":"In"},"Right Leg":{"Weight":1,"CFrame":[0.7430914640426636,0.0031741857528686525,-0.07747113704681397,0.8690190315246582,0.4853016436100006,0.09637521207332611,-0.49330997467041018,0.8648408055305481,0.09325074404478073,-0.03809438645839691,-0.1285795271396637,0.9909672737121582],"EasingStyle":"Linear","EasingDirection":"In"}}},{"Time":0.2666666805744171,"poses":{"Left Leg":{"Weight":1,"CFrame":[-0.1529942899942398,0.2661018371582031,0.16411042213439942,0.7218499779701233,-0.29563388228416445,0.6257262229919434,0.11135735362768173,0.9420005083084106,0.316598504781723,-0.6830316185951233,-0.1588573306798935,0.7129039764404297],"EasingStyle":"Linear","EasingDirection":"In"},"Right Arm":{"Weight":1,"CFrame":[-0.37658488750457766,-0.8748325109481812,0.023844361305236818,0.6732581257820129,-0.642254114151001,0.36637839674949648,-0.09284701943397522,0.4181479811668396,0.9036213755607605,-0.7335549592971802,-0.6423876285552979,0.2218901664018631],"EasingStyle":"Linear","EasingDirection":"In"},"Left Arm":{"Weight":1,"CFrame":[0.3062061071395874,-0.7494855523109436,0.12015414237976074,0.9087236523628235,0.3830929696559906,-0.16571418941020966,0.009441954083740712,0.3780484199523926,0.9257376790046692,0.4172914922237396,-0.8428043723106384,0.3399243950843811],"EasingStyle":"Linear","EasingDirection":"In"},"Head":{"Weight":1,"CFrame":[1.0617077350616455e-7,-3.259629011154175e-9,-5.960464477539063e-8,0.9087804555892944,-0.41682204604148867,0.01942872628569603,0.417266845703125,0.9074929356575012,-0.04842504858970642,0.002553197555243969,0.05211469903588295,0.998637855052948],"EasingStyle":"Linear","EasingDirection":"In"},"Torso":{"Weight":1,"CFrame":[-0.10819080471992493,0.0009552191477268934,-0.19642996788024903,0.9199936389923096,0.39177843928337099,0.011016538366675377,-0.39181405305862429,0.9200436472892761,0.0011940582189708949,-0.009667889215052128,-0.005414959974586964,0.9999386072158814],"EasingStyle":"Linear","EasingDirection":"In"},"HumanoidRootPart":{"Weight":0,"CFrame":[0,0,0,1,0,0,0,1,0,0,0,1],"EasingStyle":"Linear","EasingDirection":"In"},"Right Leg":{"Weight":1,"CFrame":[0.7490383982658386,-0.015450000762939453,-0.08418411016464234,0.8572695255279541,0.5033974051475525,0.10807374864816666,-0.5125576853752136,0.8542724847793579,0.08662117272615433,-0.04871948063373566,-0.12965171039104463,0.9903619885444641],"EasingStyle":"Linear","EasingDirection":"In"}}},{"Time":0.28333333134651186,"poses":{"Left Leg":{"Weight":1,"CFrame":[-0.15458056330680848,0.26301074028015139,0.16407310962677003,0.7122547030448914,-0.3206077814102173,0.6244227886199951,0.12742383778095246,0.9338687062263489,0.3341442942619324,-0.6902582049369812,-0.15842938423156739,0.7060055136680603],"EasingStyle":"Linear","EasingDirection":"In"},"Right Arm":{"Weight":1,"CFrame":[-0.38746821880340578,-0.8872535228729248,-0.0032822489738464357,0.6760895848274231,-0.6369040608406067,0.37048080563545229,-0.10005155950784683,0.4187975227832794,0.9025509357452393,-0.7299948930740356,-0.6472726464271545,0.21942155063152314],"EasingStyle":"Linear","EasingDirection":"In"},"Left Arm":{"Weight":1,"CFrame":[0.3333199620246887,-0.7426717281341553,0.11477720737457276,0.9185314774513245,0.3476394712924957,-0.18827340006828309,0.046402137726545337,0.3781317472457886,0.924588143825531,0.39261531829833987,-0.8579995036125183,0.3311946988105774],"EasingStyle":"Linear","EasingDirection":"In"},"Head":{"Weight":1,"CFrame":[8.381903171539307e-8,1.1175870895385743e-8,-4.76837158203125e-7,0.9053961038589478,-0.42425498366355898,0.016296427696943284,0.42435604333877566,0.9030653834342957,-0.06629398465156555,0.013408812694251538,0.06693780422210694,0.9976670742034912],"EasingStyle":"Linear","EasingDirection":"In"},"Torso":{"Weight":1,"CFrame":[-0.10346895456314087,0.014930900186300278,-0.1966702938079834,0.9170594215393066,0.39827993512153628,0.019367733970284463,-0.39861688017845156,0.9169276356697083,0.018663661554455758,-0.010325449518859387,-0.024835992604494096,0.9996381998062134],"EasingStyle":"Linear","EasingDirection":"In"},"HumanoidRootPart":{"Weight":0,"CFrame":[0,0,0,1,0,0,0,1,0,0,0,1],"EasingStyle":"Linear","EasingDirection":"In"},"Right Leg":{"Weight":1,"CFrame":[0.7529761791229248,-0.03250539302825928,-0.0894620418548584,0.8459942936897278,0.5201217532157898,0.11733242869377136,-0.5301982760429382,0.8439093232154846,0.08189617842435837,-0.05642182007431984,-0.13149310648441316,0.9897100925445557],"EasingStyle":"Linear","EasingDirection":"In"}}},{"Time":0.30000001192092898,"poses":{"Left Leg":{"Weight":1,"CFrame":[-0.1571364402770996,0.2601589560508728,0.1644902229309082,0.7038987278938294,-0.3427294194698334,0.6221439242362976,0.14235816895961762,0.9261875748634338,0.34915709495544436,-0.6958884596824646,-0.15720398724079133,0.7007326483726502],"EasingStyle":"Linear","EasingDirection":"In"},"Right Arm":{"Weight":1,"CFrame":[-0.39588043093681338,-0.8955790400505066,-0.029509782791137697,0.6783899664878845,-0.6318562030792236,0.374892920255661,-0.10706812888383866,0.41979506611824038,0.9012815952301025,-0.7268586158752441,-0.6515595316886902,0.21713310480117799],"EasingStyle":"Linear","EasingDirection":"In"},"Left Arm":{"Weight":1,"CFrame":[0.35750865936279299,-0.736082911491394,0.10957860946655274,0.9260697960853577,0.3130514323711395,-0.2106977254152298,0.08179526031017304,0.37855264544487,0.9219584465026856,0.3683805465698242,-0.8710319399833679,0.3249600827693939],"EasingStyle":"Linear","EasingDirection":"In"},"Head":{"Weight":1,"CFrame":[7.636845111846924e-8,-1.862645149230957e-8,2.384185791015625e-7,0.9026733636856079,-0.43012261390686037,0.013242876157164574,0.4296650290489197,0.899153470993042,-0.08313275128602982,0.02384989708662033,0.08073171973228455,0.9964504837989807],"EasingStyle":"Linear","EasingDirection":"In"},"Torso":{"Weight":1,"CFrame":[-0.0970413014292717,0.02763228863477707,-0.197157621383667,0.9147375226020813,0.4031231999397278,0.027330122888088228,-0.4038971960544586,0.9141520857810974,0.03454039990901947,-0.01105984952300787,-0.042633961886167529,0.9990295171737671],"EasingStyle":"Linear","EasingDirection":"In"},"HumanoidRootPart":{"Weight":0,"CFrame":[0,0,0,1,0,0,0,1,0,0,0,1],"EasingStyle":"Linear","EasingDirection":"In"},"Right Leg":{"Weight":1,"CFrame":[0.755357027053833,-0.04775106906890869,-0.09344452619552612,0.8355893492698669,0.5350598096847534,0.12450414150953293,-0.5458526611328125,0.834208071231842,0.07837037742137909,-0.06192944943904877,-0.1334463655948639,0.9891192317008972],"EasingStyle":"Linear","EasingDirection":"In"}}},{"Time":0.3166666626930237,"poses":{"Left Leg":{"Weight":1,"CFrame":[-0.15978287160396577,0.2577415704727173,0.16478586196899415,0.6970117688179016,-0.3612546920776367,0.6194107532501221,0.15490584075450898,0.9192824959754944,0.36183401942253115,-0.7001277208328247,-0.15625222027301789,0.6967111825942993],"EasingStyle":"Linear","EasingDirection":"In"},"Right Arm":{"Weight":1,"CFrame":[-0.40204113721847536,-0.9006298184394836,-0.053039610385894778,0.6794607639312744,-0.6278368830680847,0.37967604398727419,-0.11397441476583481,0.4208746552467346,0.8999301195144653,-0.7248054146766663,-0.6547406911849976,0.21441060304641725],"EasingStyle":"Linear","EasingDirection":"In"},"Left Arm":{"Weight":1,