{"Sequence":[{"Time":0,"poses":{"Left Leg":{"Weight":1,"CFrame":[-0.40869420766830447,-0.08274805545806885,0.23162519931793214,0.7829301953315735,-0.46423763036727908,0.4141300320625305,0.51466965675354,0.8573049902915955,-0.011970040388405323,-0.3494788706302643,0.22251184284687043,0.9101390242576599],"EasingStyle":"Linear","EasingDirection":"In"},"Right Arm":{"Weight":1,"CFrame":[0.534769594669342,-0.2683314085006714,-0.07458305358886719,-0.14461947977542878,-0.5574091076850891,0.8175453543663025,0.9849828481674194,-0.15984585881233216,0.06525405496358872,0.0943080484867096,0.8147050738334656,0.5721551775932312],"EasingStyle":"Linear","EasingDirection":"In"},"Left Arm":{"Weight":1,"CFrame":[-1.3436071872711182,-0.4678260385990143,0.3265066146850586,-0.6945099830627441,-0.10924466699361801,0.7111409306526184,0.7106940746307373,-0.25818538665771487,0.6544114351272583,0.11211524903774262,0.9598988890647888,0.25695183873176577],"EasingStyle":"Linear","EasingDirection":"In"},"Head":{"Weight":1,"CFrame":[9.685754776000977e-8,0,1.1920928955078126e-7,0.9292619228363037,-0.2782149612903595,0.24304063618183137,0.2896891236305237,0.9570447206497192,-0.012067523784935475,-0.22924339771270753,0.08162013441324234,0.9699410200119019],"EasingStyle":"Linear","EasingDirection":"In"},"Torso":{"Weight":1,"CFrame":[0.37272724509239199,0.035344161093235019,-0.2113509178161621,0.9666524529457092,0.2422938495874405,-0.0829262062907219,-0.23932619392871858,0.9699335694313049,0.04418022558093071,0.09113751351833344,-0.022860508412122728,0.9955759048461914],"EasingStyle":"Linear","EasingDirection":"In"},"HumanoidRootPart":{"Weight":0,"CFrame":[0,0,0,1,0,0,0,1,0,0,0,1],"EasingStyle":"Linear","EasingDirection":"In"},"Right Leg":{"Weight":1,"CFrame":[0.12311391532421112,0.35551685094833376,0.05977606773376465,0.8203386068344116,0.07722550630569458,-0.5666398406028748,0.1773417443037033,0.9076420068740845,0.38044172525405886,0.543686032295227,-0.4125799834728241,0.730878472328186],"EasingStyle":"Linear","EasingDirection":"In"}}},{"Time":0.01666666753590107,"poses":{"Left Leg":{"Weight":1,"CFrame":[-0.4135691225528717,-0.08038747310638428,0.23028194904327393,0.7851561307907105,-0.4644148051738739,0.40969347953796389,0.5134291052818298,0.8580576777458191,-0.011294675059616566,-0.34629523754119875,0.21921661496162415,0.9121533036231995],"EasingStyle":"Linear","EasingDirection":"In"},"Right Arm":{"Weight":1,"CFrame":[0.5436006188392639,-0.2802911400794983,-0.06817841529846192,-0.15663385391235352,-0.5715649127960205,0.8054685592651367,0.9818603992462158,-0.1783384531736374,0.06438559293746948,0.10684551298618317,0.8009425401687622,0.5891305804252625],"EasingStyle":"Linear","EasingDirection":"In"},"Left Arm":{"Weight":1,"CFrame":[-1.3266955614089966,-0.4745230972766876,0.3139835596084595,-0.6953486204147339,-0.09679635614156723,0.7121241092681885,0.7049329280853272,-0.2846948504447937,0.6496294736862183,0.13985629379749299,0.9537186622619629,0.2661970257759094],"EasingStyle":"Linear","EasingDirection":"In"},"Head":{"Weight":1,"CFrame":[3.166496753692627e-8,7.450580596923828e-9,-1.7881393432617188e-7,0.929888129234314,-0.2764829397201538,0.24262160062789918,0.28810423612594607,0.9575099349021912,-0.013063536025583744,-0.22870080173015595,0.0820479467511177,0.9700330495834351],"EasingStyle":"Linear","EasingDirection":"In"},"Torso":{"Weight":1,"CFrame":[0.3697226643562317,0.034195296466350558,-0.21249842643737794,0.9669604301452637,0.24098235368728639,-0.08315640687942505,-0.2381363958120346,0.9702906608581543,0.04274414852261543,0.0909864753484726,-0.02152933180332184,0.9956193566322327],"EasingStyle":"Linear","EasingDirection":"In"},"HumanoidRootPart":{"Weight":0,"CFrame":[0,0,0,1,0,0,0,1,0,0,0,1],"EasingStyle":"Linear","EasingDirection":"In"},"Right Leg":{"Weight":1,"CFrame":[0.1261652261018753,0.3574305772781372,0.0596010684967041,0.8222193717956543,0.07822142541408539,-0.5637701749801636,0.17476621270179749,0.9079653024673462,0.38086190819740298,0.5416752696037293,-0.41168004274368288,0.7328761219978333],"EasingStyle":"Linear","EasingDirection":"In"}}},{"Time":0.03333333507180214,"poses":{"Left Leg":{"Weight":1,"CFrame":[-0.4279100298881531,-0.07306337356567383,0.22651958465576173,0.7911905646324158,-0.4651390314102173,0.3970682919025421,0.5100803971290588,0.8600811958312988,-0.008848639205098153,-0.33739516139030459,0.20953765511512757,0.9177464246749878],"EasingStyle":"Linear","EasingDirection":"In"},"Right Arm":{"Weight":1,"CFrame":[0.5497636795043945,-0.31197184324264529,-0.05075645446777344,-0.19332775473594666,-0.6080989837646484,0.7699611186981201,0.971792995929718,-0.22671516239643098,0.0649503543972969,0.1350656896829605,0.7607994675636292,0.6347765922546387],"EasingStyle":"Linear","EasingDirection":"In"},"Left Arm":{"Weight":1,"CFrame":[-1.2800440788269044,-0.49253883957862856,0.30207157135009768,-0.6948333978652954,-0.061300620436668399,0.7165535092353821,0.6869589686393738,-0.3514257073402405,0.6360718011856079,0.212823748588562,0.9342067241668701,0.2862931787967682],"EasingStyle":"Linear","EasingDirection":"In"},"Head":{"Weight":1,"CFrame":[5.774199962615967e-8,-1.4901161193847657e-8,3.5762786865234377e-7,0.9317542910575867,-0.2714167535305023,0.24117812514305116,0.2834382951259613,0.9588579535484314,-0.015941472724080087,-0.22692884504795075,0.08321265876293183,0.970349907875061],"EasingStyle":"Linear","EasingDirection":"In"},"Torso":{"Weight":1,"CFrame":[0.3611437678337097,0.030926361680030824,-0.2162179946899414,0.9679562449455261,0.23679505288600923,-0.08359911292791367,-0.2342977672815323,0.9713959693908691,0.03865797817707062,0.09036186337471008,-0.01783214882016182,0.9957493543624878],"EasingStyle":"Linear","EasingDirection":"In"},"HumanoidRootPart":{"Weight":0,"CFrame":[0,0,0,1,0,0,0,1,0,0,0,1],"EasingStyle":"Linear","EasingDirection":"In"},"Right Leg":{"Weight":1,"CFrame":[0.13549795746803285,0.3632233738899231,0.05941510200500488,0.827290415763855,0.08192510157823563,-0.5557686686515808,0.16661539673805238,0.9090137481689453,0.3820122480392456,0.5364977717399597,-0.40863466262817385,0.7383683919906616],"EasingStyle":"Linear","EasingDirection":"In"}}},{"Time":0.05000000074505806,"poses":{"Left Leg":{"Weight":1,"CFrame":[-0.45068058371543887,-0.060562968254089358,0.22056162357330323,0.7997887134552002,-0.4665904939174652,0.377665638923645,0.5052960515022278,0.8629370331764221,-0.003950314596295357,-0.32405850291252139,0.19399234652519227,0.9259335994720459],"EasingStyle":"Linear","EasingDirection":"In"},"Right Arm":{"Weight":1,"CFrame":[0.5539847612380981,-0.35707706212997439,-0.025005102157592775,-0.2556043565273285,-0.6559693813323975,0.7101906538009644,0.9529222249984741,-0.2948814630508423,0.07059765607118607,0.16311222314834596,0.6948015093803406,0.7004607319831848],"EasingStyle":"Linear","EasingDirection":"In"},"Left Arm":{"Weight":1,"CFrame":[-1.209777593612671,-0.5187615752220154,0.2910780906677246,-0.691126823425293,-0.008719755336642266,0.7226809859275818,0.648952841758728,-0.4476250410079956,0.6152169704437256,0.3181256353855133,0.8941788077354431,0.3150242567062378],"EasingStyle":"Linear","EasingDirection":"In"},"Head":{"Weight":1,"CFrame":[1.2479722499847413e-7,1.862645149230957e-8,-5.960464477539063e-8,0.9348149299621582,-0.2632075846195221,0.23841731250286103,0.2758132517337799,0.9609920382499695,-0.02052679844200611,-0.22371433675289155,0.08494741469621659,0.9709458351135254],"EasingStyle":"Linear","EasingDirection":"In"},"Torso":{"Weight":1,"CFrame":[0.3475445508956909,0.025880634784698488,-0.22294235229492188,0.969611644744873,0.22977465391159059,-0.08400539308786392,-0.22781437635421754,0.9731670022010803,0.032350823283195499,0.08918467909097672,-0.012230101972818375,0.9959400296211243],"EasingStyle":"Linear","EasingDirection":"In"},"HumanoidRootPart":{"Weight":0,"CFrame":[0,0,0,1,0,0,0,1,0,0,0,1],"EasingStyle":"Linear","EasingDirection":"In"},"Right Leg":{"Weight":1,"CFrame":[0.15181493759155274,0.3729398846626282,0.059384703636169437,0.8350703120231628,0.08914681524038315,-0.5428723692893982,0.15234898030757905,0.9107189178466797,0.38390207290649416,0.5286278128623962,-0.4032913148403168,0.7469329237937927],"EasingStyle":"Linear","EasingDirection":"In"}}},{"Time":0.06666667014360428,"poses":{"Left Leg":{"Weight":1,"CFrame":[-0.48062312602996828,-0.04256331920623779,0.21234345436096192,0.8097286224365234,-0.468799352645874,0.3529401421546936,0.49967432022094729,0.866203248500824,0.004178841598331928,-0.3076769709587097,0.17297141253948213,0.935636579990387],"EasingStyle":"Linear","EasingDirection":"In"},"Right Arm":{"Weight":1,"CFrame":[0.5569900274276733,-0.4093087315559387,0.006387591361999512,-0.34199970960617068,-0.7026503682136536,0.6239540576934815,0.9235767126083374,-0.3738116919994354,0.08526910841464997,0.1733270138502121,0.6054314374923706,0.7767950296401978],"EasingStyle":"Linear","EasingDirection":"In"},"Left Arm":{"Weight":1,"CFrame":[-1.122021198272705,-0.5500788688659668,0.2813103199005127,-0.6826977133750916,0.05444032698869705,0.7286701202392578,0.5835486650466919,-0.5595489144325256,0.5885371565818787,0.4397667944431305,0.8270074129104614,0.35023412108421328],"EasingStyle":"Linear","EasingDirection":"In"},"Head":{"Weight":1,"CFrame":[7.729977369308472e-8,1.862645149230957e-9,-1.7881393432617188e-7,0.9389907717704773,-0.2520425617694855,0.2340317666530609,0.26533567905426028,0.9637882709503174,-0.02662917785346508,-0.218845397233963,0.0871015265583992,0.9718642234802246],"EasingStyle":"Linear","EasingDirection":"In"},"Torso":{"Weight":1,"CFrame":[0.32949069142341616,0.019403856247663499,-0.2331099510192871,0.9718759655952454,0.21995991468429566,-0.08411164581775665,-0.21867989003658296,0.9754951596260071,0.024254843592643739,0.08738560229539871,-0.005179171916097403,0.9961611032485962],"EasingStyle":"Linear","EasingDirection":"In"},"HumanoidRootPart":{"Weight":0,"CFrame":[0,0,0,1,0,0,0,1,0,0,0,1],"EasingStyle":"Linear","EasingDirection":"In"},"Right Leg":{"Weight":1,"CFrame":[0.17590945959091187,0.3863728642463684,0.05940830707550049,0.8451131582260132,0.10063538700342179,-0.5250296592712402,0.13143400847911836,0.9128609895706177,0.38653579354286196,0.518178403377533,-0.3956732749938965,0.758243978023529],"EasingStyle":"Linear","EasingDirection":"In"}}},{"Time":0.0833333358168602,"poses":{"Left Leg":{"Weight":1,"CFrame":[-0.5162608027458191,-0.01868736743927002,0.20164692401885987,0.8199127912521362,-0.4716700315475464,0.32445406913757326,0.4937148690223694,0.8694704174995422,0.01633504591882229,-0.2898079752922058,0.14679452776908875,0.9457603693008423],"EasingStyle":"Linear","EasingDirection":"In"},"Right Arm":{"Weight":1,"CFrame":[0.5595054626464844,-0.46236908435821535,0.04073333740234375,-0.4465464949607849,-0.7362197637557983,0.5085043907165527,0.8825005292892456,-0.45614558458328249,0.11455965042114258,0.14761099219322205,0.4999116361141205,0.8534045815467835],"EasingStyle":"Linear","EasingDirection":"In"},"Left Arm":{"Weight":1,"CFrame":[-1.0229008197784424,-0.5833774209022522,0.2730756998062134,-0.6703910231590271,0.12110891938209534,0.7320577502250671,0.4884202778339386,-0.6706872582435608,0.5582331418991089,0.5585888028144836,0.73178631067276,0.39047056436538699],"EasingStyle":"Linear","EasingDirection":"In"},"Head":{"Weight":1,"CFrame":[1.2060627341270448e-7,4.6566128730773929e-9,3.5762786865234377e-7,0.9441704750061035,-0.23810413479804994,0.22770270705223084,0.2520969808101654,0.9671030640602112,-0.03404116630554199,-0.2121066451072693,0.08954381942749024,0.9731354713439941],"EasingStyle":"Linear","EasingDirection":"In"},"Torso":{"Weight":1,"CFrame":[0.3075543940067291,0.011848077178001404,-0.24715518951416017,0.9746758341789246,0.20738938450813294,-0.08364620804786682,-0.20687979459762574,0.9782542586326599,0.014810114167630673,0.08489872515201569,0.002869649790227413,0.9963854551315308],"EasingStyle":"Linear","EasingDirection":"In"},"HumanoidRootPart":{"Weight":0,"CFrame":[0,0,0,1,0,0,0,1,0,0,0,1],"EasingStyle":"Linear","EasingDirection":"In"},"Right Leg":{"Weight":1,"CFrame":[0.20846544206142426,0.4030064344406128,0.05911409854888916,0.856865644454956,0.11701739579439163,-0.5020838975906372,0.10344646871089935,0.9150657653808594,0.38981202244758608,0.5050545334815979,-0.38595542311668398,0.7719833850860596],"EasingStyle":"Linear","EasingDirection":"In"}}},{"Time":0.10000000149011612,"poses":{"Left Leg":{"Weight":1,"CFrame":[-0.5559192299842835,0.011453747749328614,0.188215970993042,0.8294547200202942,-0.4750012159347534,0.29390227794647219,0.48777103424072268,0.8723375797271729,0.033267904072999957,-0.2721843123435974,0.11576281487941742,0.9552563428878784],"EasingStyle":"Linear","EasingDirection":"In"},"Right Arm":{"Weight":1,"CFrame":[0.5622570514678955,-0.5099630355834961,0.07534492015838623,-0.5574464201927185,-0.7477498054504395,0.36072680354118349,0.827306866645813,-0.5366420149803162,0.16606833040714265,0.06940360367298126,0.3910059332847595,0.9177676439285278],"EasingStyle":"Linear","EasingDirection":"In"},"Left Arm":{"Weight":1,"CFrame":[-0.9185401201248169,-0.615546464920044,0.2666817903518677,-0.6586115956306458,0.18485403060913087,0.7294243574142456,0.36927512288093569,-0.765205979347229,0.5273478627204895,0.6556422114372253,0.616675615310669,0.4357113540172577],"EasingStyle":"Linear","EasingDirection":"In"},"Head":{"Weight":1,"CFrame":[9.813811630010605e-8,0,1.1920928955078126e-7,0.9502108693122864,-0.22157052159309388,0.21910229325294496,0.23617437481880189,0.970779299736023,-0.04253431782126427,-0.2032756358385086,0.09216292947530747,0.9747743606567383],"EasingStyle":"Linear","EasingDirection":"In"},"Torso":{"Weight":1,"CFrame":[0.28230905532836916,0.003575274720788002,-0.2655057907104492,0.9779146909713745,0.19210338592529298,-0.08233580738306046,-0.19239363074302674,0.9813076853752136,0.00446911109611392,0.08165529370307923,0.011470477096736431,0.9965946078300476],"EasingStyle":"Linear","EasingDirection":"In"},"HumanoidRootPart":{"Weight":0,"CFrame":[0,0,0,1,0,0,0,1,0,0,0,1],"EasingStyle":"Linear","EasingDirection":"In"},"Right Leg":{"Weight":1,"CFrame":[0.2498498260974884,0.4220147132873535,0.05790293216705322,0.8695427179336548,0.13873156905174256,-0.4739714562892914,0.06817597895860672,0.9168234467506409,0.3934294581413269,0.48912933468818667,-0.3744173049926758,0.7877590656280518],"EasingStyle":"Linear","EasingDirection":"In"}}},{"Time":0.11666666716337204,"poses":{"Left Leg":{"Weight":1,"CFrame":[-0.597374677658081,0.048019349575042728,0.17174983024597169,0.8378793001174927,-0.4782681167125702,0.26309290528297427,0.4817425608634949,0.8745476007461548,0.055593010038137439,-0.256675660610199,0.08016286045312882,0.9631674289703369],"EasingStyle":"Linear","EasingDirection":"In"},"Right Arm":{"Weight":1,"CFrame":[0.5659707188606262,-0.5457922220230103,0.10753369331359863,-0.6559709310531616,-0.7336083650588989,0.17754146456718446,0.7511873841285706,-0.6115834712982178,0.2483610063791275,-0.07361828535795212,0.29628437757492068,0.952258288860321],"EasingStyle":"Linear","EasingDirection":"In"},"Left Arm":{"Weight":1,"CFrame":[-0.8150651454925537,-0.6434734463691711,0.26243603229522707,-0.6548616886138916,0.24139614403247834,0.7161592245101929,0.23907352983951569,-0.8327822685241699,0.4993171989917755,0.7169379591941834,0.49819839000701907,0.48764562606811526],"EasingStyle":"Linear","EasingDirection":"In"},"Head":{"Weight":1,"CFrame":[9.592622518539429e-8,-1.862645149230957e-9,-5.960464477539063e-8,0.9569355249404907,-0.2026161104440689,0.20789682865142823,0.21763353049755097,0.9746519327163696,-0.05185785889625549,-0.1921198070049286,0.0948699489235878,0.9767751693725586],"EasingStyle":"Linear","EasingDirection":"In"},"Torso":{"Weight":1,"CFrame":[0.25432389974594118,-0.00503952894359827,-0.2881460189819336,0.9814718961715698,0.1741463541984558,-0.07991249114274979,-0.17519885301589967,0.9845129251480103,-0.0062993974424898628,0.0775778591632843,0.020183255895972253,0.9967820048332214],"EasingStyle":"Linear","EasingDirection":"In"},"HumanoidRootPart":{"Weight":0,"CFrame":[0,0,0,1,0,0,0,1,0,0,0,1],"EasingStyle":"Linear","EasingDirection":"In"},"Right Leg":{"Weight":1,"CFrame":[0.29948362708091738,0.44190263748168948,0.05508089065551758,0.8820952773094177,0.1657179892063141,-0.4409596025943756,0.025936881080269815,0.9175733923912048,0.3967195153236389,0.4703564941883087,-0.36138156056404116,0.805088996887207],"EasingStyle":"Linear","EasingDirection":"In"}}},{"Time":0.13333334028720857,"poses":{"Left Leg":{"Weight":1,"CFrame":[-0.6369493007659912,0.09010881185531616,0.15186941623687745,0.8455078601837158,-0.48002395033836367,0.23386628925800324,0.47440800070762637,0.8763296008110046,0.08356697112321854,-0.2450581192970276,0.04029152914881706,0.9686707854270935],"EasingStyle":"Linear","EasingDirection":"In"},"Right Arm":{"Weight":1,"CFrame":[0.5715643167495728,-0.5684413909912109,0.13520050048828126,-0.717103898525238,-0.6955710649490356,-0.0440795011818409,0.6421191692352295,-0.6839413642883301,0.34627610445022585,-0.27100735902786257,0.22001154720783235,0.9370964765548706],"EasingStyle":"Linear","EasingDirection":"In"},"Left Arm":{"Weight":1,"CFrame":[-0.7184591889381409,-0.6647239327430725,0.2602956295013428,-0.6564842462539673,0.29198330640792849,0.6955386996269226,0.1149384081363678,-0.8725654482841492,0.47478288412094118,0.7455317974090576,0.3916315734386444,0.5392653346061707],"EasingStyle":"Linear","EasingDirection":"In"},"Head":{"Weight":1,"CFrame":[5.960464477539063e-8,-3.725290298461914e-9,-1.7881393432617188e-7,0.9641323685646057,-0.18141184747219087,0.19374853372573853,0.19653108716011048,0.9785521626472473,-0.06173478439450264,-0.1783936470746994,0.0975981131196022,0.9791069030761719],"EasingStyle":"Linear","EasingDirection":"In"},"Torso":{"Weight":1,"CFrame":[0.2241583615541458,-0.013605676591396332,-0.3133115768432617,0.985201895236969,0.1535671055316925,-0.07612042129039765,-0.1552744060754776,0.9877249598503113,-0.01700708456337452,0.07257431000471115,0.02857496403157711,0.9969536066055298],"EasingStyle":"Linear","EasingDirection":"In"},"HumanoidRootPart":{"Weight":0,"CFrame":[0,0,0,1,0,0,0,1,0,0,0,1],"EasingStyle":"Linear","EasingDirection":"In"},"Right Leg":{"Weight":1,"CFrame":[0.354601114988327,0.45953720808029177,0.05030667781829834,0.8933990597724915,0.1967281997203827,-0.40390121936798098,-0.021841520443558694,0.9169847369194031,0.3983239233493805,0.44873273372650149,-0.34704044461250307,0.8235300779342651],"EasingStyle":"Linear","EasingDirection":"In"}}},{"Time":0.15000000596046449,"poses":{"Left Leg":{"Weight":1,"CFrame":[-0.671149730682373,0.13619250059127809,0.12876677513122559,0.8529072999954224,-0.4788304269313812,0.2080155313014984,0.46431511640548708,0.8779013752937317,0.11704972386360169,-0.2386641651391983,-0.0032478009816259147,0.9710967540740967],"EasingStyle":"Linear","EasingDirection":"In"},"Right Arm":{"Weight":1,"CFrame":[0.5807227492332459,-0.5821790099143982,0.15859949588775636,-0.7221940159797669,-0.6341065168380737,-0.27630552649497988,0.5011499524116516,-0.7550176978111267,0.422843873500824,-0.4767437279224396,0.16690461337566377,0.86305171251297],"EasingStyle":"Linear","EasingDirection":"In"},"Left Arm":{"Weight":1,"CFrame":[-0.6341387629508972,-0.6795798540115356,0.25881803035736086,-0.6561976075172424,0.3404619097709656,0.673416793346405,0.005417658947408199,-0.8902799487113953,0.4553815722465515,0.7545696496963501,0.3024686276912689,0.5823550820350647],"EasingStyle":"Linear","EasingDirection":"In"},"Head":{"Weight":1,"CFrame":[8.940696716308594e-8,1.862645149230957e-9,2.384185791015625e-7,0.9715492129325867,-0.1581256091594696,0.1763189285993576,0.17291845381259919,0.9823112487792969,-0.07185981422662735,-0.16183719038963319,0.10030414909124375,0.9817065596580505],"EasingStyle":"Linear","EasingDirection":"In"},"Torso":{"Weight":1,"CFrame":[0.19235652685165406,-0.021714843809604646,-0.33879566192626955,0.9889333844184876,0.13041849434375764,-0.07072308659553528,-0.1326054334640503,0.9907971620559692,-0.02714354731142521,0.0665322095155716,0.036221425980329517,0.997126579284668],"EasingStyle":"Linear","EasingDirection":"In"},"HumanoidRootPart":{"Weight":0,"CFrame":[0,0,0,1,0,0,0,1,0,0,0,1],"EasingStyle":"Linear","EasingDirection":"In"},"Right Leg":{"Weight":1,"CFrame":[0.4117148816585541,0.47185736894607546,0.04419863224029541,0.9023070931434631,0.23023578524589539,-0.3644629716873169,-0.07335907965898514,0.9151115417480469,0.3964710831642151,0.4248062074184418,-0.3310020864009857,0.8426015973091126],"EasingStyle":"Linear","EasingDirection":"In"}}},{"Time":0.1666666716337204,"poses":{"Left Leg":{"Weight":1,"CFrame":[-0.697202205657959,0.18435418605804444,0.10326004028320313,0.8606459498405457,-0.4735490083694458,0.1871892809867859,0.45004260540008547,0.8793728351593018,0.15545108914375306,-0.23822292685508729,-0.04954519122838974,0.9699459671974182],"EasingStyle":"Linear","EasingDirection":"In"},"Right Arm":{"Weight":1,"CFrame":[0.5953225493431091,-0.5892338156700134,0.1785743236541748,-0.6802910566329956,-0.5584030151367188,-0.4747527837753296,0.34544339776039126,-0.8155573606491089,0.4642575979232788,-0.6464309692382813,0.15182995796203614,0.7477129697799683],"EasingStyle":"Linear","EasingDirection":"In"},"Left Arm":{"Weight":1,"CFrame":[-0.5673789381980896,-0.6890020370483398,0.2562100887298584,-0.6550590395927429,0.3890615403652191,0.6477103233337402,-0.08952026814222336,-0.8911640644073486,0.4447614550590515,0.7502557635307312,0.2333618551492691,0.6185939908027649],"EasingStyle":"Linear","EasingDirection":"In"},"Head":{"Weight":1,"CFrame":[6.938353180885315e-8,-7.450580596923828e-9,-4.172325134277344e-7,0.9788881540298462,-0.13292306661605836,0.1552719622850418,0.14684702455997468,0.9857631325721741,-0.08189599961042404,-0.14217552542686463,0.10296821594238281,0.9844712615013123],"EasingStyle":"Linear","EasingDirection":"In"},"Torso":{"Weight":1,"CFrame":[0.1594410538673401,-0.02893960475921631,-0.3623840808868408,0.9924678802490234,0.10475661605596543,-0.06351068615913391,-0.10718894004821778,0.9935803413391113,-0.03617449477314949,0.059313446283340457,0.04270967096090317,0.9973253011703491],"EasingStyle":"Linear","EasingDirection":"In"},"HumanoidRootPart":{"Weight":0,"CFrame":[0,0,0,1,0,0,0,1,0,0,0,1],"EasingStyle":"Linear","EasingDirection":"In"},"Right Leg":{"Weight":1,"CFrame":[0.4670533537864685,0.4764553904533386,0.038535118103027347,0.9077929854393005,0.2647528648376465,-0.32529643177986147,-0.12662474811077119,0.912400484085083,0.3892190754413605,0.39984750747680666,-0.3121398985385895,0.8617950677871704],"EasingStyle":"Linear","EasingDirection":"In"}}},{"Time":0.18333333730697633,"poses":{"Left Leg":{"Weight":1,"CFrame":[-0.710510790348053,0.23294633626937867,0.07939469814300537,0.8685721158981323,-0.4629891514778137,0.1767016500234604,0.42952388525009158,0.8811842799186707,0.1975439488887787,-0.2471674531698227,-0.09568359702825546,0.9642369747161865],"EasingStyle":"Linear","EasingDirection":"In"},"Right Arm":{"Weight":1,"CFrame":[0.6172403693199158,-0.5918325781822205,0.19596803188323975,-0.6257950663566589,-0.4822743833065033,-0.6130187511444092,0.1950436681509018,-0.857722282409668,0.475678950548172,-0.7552075982093811,0.1781119853258133,0.6308229565620422],"EasingStyle":"Linear","EasingDirection":"In"},"Left Arm":{"Weight":1,"CFrame":[-0.5234547853469849,-0.6939508318901062,0.25067925453186037,-0.6531538963317871,0.4404432475566864,0.6159543991088867,-0.1727197766304016,-0.8786486387252808,0.44513416290283205,0.7372637987136841,0.18435370922088624,0.6499660015106201],"EasingStyle":"Linear","EasingDirection":"In"},"Head":{"Weight":1,"CFrame":[5.681067705154419e-8,1.1175870895385743e-8,1.1920928955078126e-7,0.9857982397079468,-0.1059684306383133,0.13027845323085786,0.11837396025657654,0.9887468814849854,-0.0914723202586174,-0.11911924928426743,0.10559482872486115,0.9872488975524902],"EasingStyle":"Linear","EasingDirection":"In"},"Torso":{"Weight":1,"CFrame":[0.1259072721004486,-0.034832559525966647,-0.3818633556365967,0.9955788254737854,0.07663886994123459,-0.05430765822529793,-0.07904024422168732,0.9959201216697693,-0.04354069381952286,0.05074917897582054,0.04764068126678467,0.997574508190155],"EasingStyle":"Linear","EasingDirection":"In"},"HumanoidRootPart":{"Weight":0,"CFrame":[0,0,0,1,0,0,0,1,0,0,0,1],"EasingStyle":"Linear","EasingDirection":"In"},"Right Leg":{"Weight":1,"CFrame":[0.5166041851043701,0.47157245874404909,0.036209940910339358,0.909140408039093,0.29888367652893069,-0.2900554835796356,-0.17948158085346223,0.9095985889434815,0.3747222423553467,0.37583252787590029,-0.28861555457115176,0.8805969953536987],"EasingStyle":"Linear","EasingDirection":"In"}}},{"Time":0.20000000298023225,"poses":{"Left Leg":{"Weight":1,"CFrame":[-0.7089482545852661,0.27999699115753176,0.05953693389892578,0.8768284916877747,-0.44641029834747317,0.17857670783996583,0.4008128345012665,0.8838045597076416,0.24132660031318665,-0.2655576467514038,-0.14002621173858643,0.95387202501297],"EasingStyle":"Linear","EasingDirection":"In"},"Right Arm":{"Weight":1,"CFrame":[0.6483527421951294,-0.5922043323516846,0.2116234302520752,-0.5990827679634094,-0.4134070873260498,-0.6857072114944458,0.06219662353396416,-0.8778381943702698,0.4749017655849457,-0.7982677817344666,0.24185670912265778,0.5516102910041809],"EasingStyle":"Linear","EasingDirection":"In"},"Left Arm":{"Weight":1,"CFrame":[-0.507641077041626,-0.695387601852417,0.2404332160949707,-0.6496190428733826,0.4973604679107666,0.5750022530555725,-0.2484721690416336,-0.8536837100982666,0.45769622921943667,0.718510091304779,0.15445613861083985,0.678149402141571],"EasingStyle":"Linear","EasingDirection":"In"},"Head":{"Weight":1,"CFrame":[8.521601557731629e-8,3.026798367500305e-9,-5.960464477539063e-8,0.9918667674064636,-0.07742562144994736,0.10102241486310959,0.08756987750530243,0.9911081194877625,-0.10018061101436615,-0.09236760437488556,0.10821235179901123,0.9898273944854736],"EasingStyle":"Linear","EasingDirection":"In"},"Torso":{"Weight":1,"CFrame":[0.09221655130386353,-0.0389263778924942,-0.39502668380737307,0.9980107545852661,0.0461219884455204,-0.042980726808309558,-0.04820092394948006,0.9976517558097839,-0.04865797609090805,0.040635596960783008,0.05063289403915405,0.997890293598175],"EasingStyle":"Linear","EasingDirection":"In"},"HumanoidRootPart":{"Weight":0,"CFrame":[0,0,0,1,0,0,0,1,0,0,0,1],"EasingStyle":"Linear","EasingDirection":"In"},"Right Leg":{"Weight":1,"CFrame":[0.5561890602111816,0.4558908939361572,0.040904998779296878,0.9060445427894592,0.33134594559669497,-0.26323601603507998,-0.22975915670394898,0.9075408577919006,0.35153982043266299,0.35537877678871157,-0.25802987813949587,0.898402214050293],"EasingStyle":"Linear","EasingDirection":"In"}}},{"Time":0.21666666865348817,"poses":{"Left Leg":{"Weight":1,"CFrame":[-0.6940091848373413,0.32247018814086916,0.04228222370147705,0.8859317302703857,-0.42351651191711428,0.1890997588634491,0.3633141815662384,0.8871074318885803,0.2846807539463043,-0.2883189022541046,-0.183505117893219,0.9397862553596497],"EasingStyle":"Linear","EasingDirection":"In"},"Right Arm":{"Weight":1,"CFrame":[0.6897333264350891,-0.5903127193450928,0.226340651512146,-0.5934087634086609,-0.3536244332790375,-0.723059892654419,-0.06053309142589569,-0.8761707544326782,0.47818487882614138,-0.8026218414306641,0.3275279998779297,0.4985214173793793],"EasingStyle":"Linear","EasingDirection":"In"},"Left Arm":{"Weight":1,"CFrame":[-0.513828694820404,-0.6859557628631592,0.22141051292419434,-0.6555106043815613,0.5621553063392639,0.5042689442634583,-0.3259161114692688,-0.8129438757896423,0.48259812593460085,0.6812374591827393,0.15199890732765199,0.7161088585853577],"EasingStyle":"Linear","EasingDirection":"In"},"Head":{"Weight":1,"CFrame":[9.604264050722122e-8,5.587935447692871e-9,-2.384185791015625e-7,0.9966094493865967,-0.04746021330356598,0.0672096535563469,0.05452864617109299,0.9927006363868713,-0.1075734868645668,-0.06161360815167427,0.11087360233068466,0.9919227957725525],"EasingStyle":"Linear","EasingDirection":"In"},"Torso":{"Weight":1,"CFrame":[0.05878987908363342,-0.04073470085859299,-0.39968347549438479,0.9994783997535706,0.013260167092084885,-0.029447216540575029,-0.014748620800673962,0.9985939264297485,-0.050918374210596088,0.02873062528669834,0.051326118409633639,0.9982686042785645],"EasingStyle":"Linear","EasingDirection":"In"},"HumanoidRootPart":{"Weight":0,"CFrame":[0,0,0,1,0,0,0,1,0,0,0,1],"EasingStyle":"Linear","EasingDirection":"In"},"Right Leg":{"Weight":1,"CFrame":[0.5813952088356018,0.42817407846450808,0.05643939971923828,0.8985105156898499,0.36088690161705019,-0.24987876415252686,-0.27553990483283999,0.9068434238433838,0.3189244270324707,0.3416966199874878,-0.21770544350147248,0.9142471551895142],"EasingStyle":"Linear","EasingDirection":"In"}}},{"Time":0.23333333432674409,"poses":{"Left Leg":{"Weight":1,"CFrame":[-0.6681649088859558,0.35580092668533327,0.03107297420501709,0.8957213163375855,-0.39512699842453005,0.20385794341564179,0.31932899355888369,0.890749990940094,0.3234088718891144,-0.3093740940093994,-0.22458647191524507,0.9240393042564392],"EasingStyle":"Linear","EasingDirection":"In"},"Right Arm":{"Weight":1,"CFrame":[0.7392444610595703,-0.5848357677459717,0.24074792861938477,-0.5795196294784546,-0.30513235926628115,-0.755679190158844,-0.18313081562519074,-0.8547887206077576,0.485591858625412,-0.7941159009933472,0.4197980761528015,0.4394877851009369],"EasingStyle":"Linear","EasingDirection":"In"},"Left Arm":{"Weight":1,"CFrame":[-0.5307376384735107,-0.6595971584320068,0.19259774684906007,-0.6736574769020081,0.6309464573860169,0.384827584028244,-0.41309359669685366,-0.7532406449317932,0.5118420124053955,0.6128126382827759,0.18583625555038453,0.7680661082267761],"EasingStyle":"Linear","EasingDirection":"In"},"Head":{"Weight":1,"CFrame":[8.509960025548935e-8,9.691575542092324e-9,-2.384185791015625e-7,0.9994508028030396,-0.016322821378707887,0.02883797325193882,0.01949082687497139,0.9933773279190064,-0.11323267221450806,-0.026798713952302934,0.11373255401849747,0.9931498765945435],"EasingStyle":"Linear","EasingDirection":"In"},"Torso":{"Weight":1,"CFrame":[0.02604113519191742,-0.039205506443977359,-0.3936014175415039,0.9996698498725891,-0.021733945235610009,-0.013706047087907792,0.021038269624114038,0.998576819896698,-0.049006883054971698,0.014751654118299485,0.04870235174894333,0.9987043738365173],"EasingStyle":"Linear","EasingDirection":"In"},"HumanoidRootPart":{"Weight":0,"CFrame":[0,0,0,1,0,0,0,1,0,0,0,1],"EasingStyle":"Linear","EasingDirection":"In"},"Right Leg":{"Weight":1,"CFrame":[0.5907785296440125,0.38596242666244509,0.08050334453582764,0.8885800242424011,0.3863125741481781,-0.24736231565475465,-0.31681159138679507,0.9067980647087097,0.2781144380569458,0.33174681663513186,-0.16875965893268586,0.9281509518623352],"EasingStyle":"Linear","EasingDirection":"In"}}},{"Time":0.25,"poses":{"Left Leg":{"Weight":1,"CFrame":[-0.6349145770072937,0.3792914152145386,0.029091835021972657,0.9055195450782776,-0.3628978729248047,0.21986229717731477,0.272240549325943,0.8943631052970886,0.3549644351005554,-0.325452595949173,-0.2615717649459839,0.9086588025093079],"EasingStyle":"Linear","EasingDirection":"In"},"Right Arm":{"Weight":1,"CFrame":[0.793944776058197,-0.5760688781738281,0.25543010234832766,-0.5594412684440613,-0.2676539123058319,-0.7844658493995667,-0.303149551153183,-0.8147863745689392,0.494189977645874,-0.7714440226554871,0.5142806172370911,0.37468597292900088],"EasingStyle":"Linear","EasingDirection":"In"},"Left Arm":{"Weight":1,"CFrame":[-0.5558874011039734,-0.6192144751548767,0.15677285194396974,-0.687917947769165,0.6928357481956482,0.21621176600456239,-0.5116990804672241,-0.6742439866065979,0.5325027108192444,0.5147163271903992,0.25568267703056338,0.8183479309082031],"EasingStyle":"Linear","EasingDirection":"In"},"Head":{"Weight":1,"CFrame":[8.614733815193176e-8,-9.516952559351921e-9,-1.7881393432617188e-7,0.9997959733009338,0.015416102483868599,-0.013050219975411892,-0.016837894916534425,0.9929937720298767,-0.11696089059114456,0.011155707761645317,0.11715681105852127,0.993050754070282],"EasingStyle":"Linear","EasingDirection":"In"},"Torso":{"Weight":1,"CFrame":[-0.0057992395013570789,-0.034009866416454318,-0.378115177154541,0.9983064532279968,-0.05805493891239166,0.0037234711926430465,0.05816088244318962,0.9974016547203064,-0.04251233488321304,-0.0012457451084628702,0.042656898498535159,0.9990890026092529],"EasingStyle":"Linear","EasingDirection":"In"},"HumanoidRootPart":{"Weight":0,"CFrame":[0,0,0,1,0,0,0,1,0,0,0,1],"EasingStyle":"Linear","EasingDirection":"In"},"Right Leg":{"Weight":1,"CFrame":[0.586383044719696,0.3308646082878113,0.10589277744293213,0.8788347840309143,0.4066285490989685,-0.2496047466993332,-0.3534620702266693,0.9062570929527283,0.23186777532100678,0.3204902410507202,-0.11554768681526184,0.9401780962944031],"EasingStyle":"Linear","EasingDirection":"In"}}},{"Time":0.2666666805744171,"poses":{"Left Leg":{"Weight":1,"CFrame":[-0.5965223908424377,0.3954172134399414,0.034061312675476077,0.9149148464202881,-0.32762399315834048,0.23578263819217683,0.22333544492721559,0.8974485397338867,0.38040417432785036,-0.3362322747707367,-0.29537883400917055,0.8942590355873108],"EasingStyle":"Linear","EasingDirection":"In"},"Right Arm":{"Weight":1,"CFrame":[0.8508936166763306,-0.5643081665039063,0.27097225189208987,-0.5351406931877136,-0.24076806008815766,-0.8097254037857056,-0.417488694190979,-0.7579091191291809,0.501275360584259,-0.7343893051147461,0.6063039898872376,0.30507007241249087],"EasingStyle":"Linear","EasingDirection":"In"},"Left Arm":{"Weight":1,"CFrame":[-0.5867974758148193,-0.5677117705345154,0.11671304702758789,-0.6803626418113709,0.732859194278717,0.004921836778521538,-0.6194266080856323,-0.5786189436912537,0.5305758714675903,0.39168521761894228,0.3579350709915161,0.8476231694221497],"EasingStyle":"Linear","EasingDirection":"In"},"Head":{"Weight":1,"CFrame":[7.962808012962341e-8,-8.96397978067398e-9,-1.1920928955078126e-7,0.997258186340332,0.04706870764493942,-0.057101622223854068,-0.05359353870153427,0.991480827331543,-0.11871589720249176,0.05102736875414848,0.12145065516233444,0.991284966468811],"EasingStyle":"Linear","EasingDirection":"In"},"Torso":{"Weight":1,"CFrame":[-0.03659325838088989,-0.025783158838748933,-0.35640883445739748,0.9952563047409058,-0.09473652392625809,0.022133702412247659,0.09542080014944077,0.9949151277542114,-0.03222895786166191,-0.018967896699905397,0.03418808802962303,0.9992353916168213],"EasingStyle":"Linear","EasingDirection":"In"},"HumanoidRootPart":{"Weight":0,"CFrame":[0,0,0,1,0,0,0,1,0,0,0,1],"EasingStyle":"Linear","EasingDirection":"In"},"Right Leg":{"Weight":1,"CFrame":[0.5688181519508362,0.2679368853569031,0.1289362907409668,0.8700779676437378,0.4209466576576233,-0.25645342469215395,-0.3840692341327667,0.9050757884979248,0.18256093561649323,0.3089582026004791,-0.06034638360142708,0.9491592049598694],"EasingStyle":"Linear","EasingDirection":"In"}}},{"Time":0.28333333134651186,"poses":{"Left Leg":{"Weight":1,"CFrame":[-0.5549420118331909,0.4065017104148865,0.04337906837463379,0.9235361814498901,-0.2902308702468872,0.250692754983902,0.17374496161937715,0.8993794322013855,0.4011599123477936,-0.34189701080322268,-0.32692912220954897,0.8810356855392456],"EasingStyle":"Linear","EasingDirection":"In"},"Right Arm":{"Weight":1,"CFrame":[0.9071497917175293,-0.5498499274253845,0.28795909881591799,-0.5085805058479309,-0.2237526774406433,-0.8314328789710999,-0.52276611328125,-0.6870425343513489,0.5046663880348206,-0.6841501593589783,0.6913084387779236,0.23244602978229524],"EasingStyle":"Linear","EasingDirection":"In"},"Left Arm":{"Weight":1,"CFrame":[-0.6209869980812073,-0.5079928040504456,0.07519567012786865,-0.6357101798057556,0.7367218732833862,-0.23046372830867768,-0.7285547852516174,-0.4739589989185333,0.49454110860824587,0.25510886311531069,0.482290118932724,0.838042676448822],"EasingStyle":"Linear","EasingDirection":"In"},"Head":{"Weight":1,"CFrame":[6.100162863731384e-8,-7.916241884231568e-9,-3.5762786865234377e-7,0.9917380213737488,0.07790999859571457,-0.10191012173891068,-0.0898728221654892,0.9888649582862854,-0.11861247569322586,0.09153424948453903,0.12679149210453034,0.9876970052719116],"EasingStyle":"Linear","EasingDirection":"In"},"Torso":{"Weight":1,"CFrame":[-0.06614746153354645,-0.015230841934680939,-0.33164405822753909,0.9905673861503601,-0.130784273147583,0.04088636487722397,0.13164232671260835,0.9911144375801086,-0.019038567319512368,-0.03803312033414841,0.024241359904408456,0.9989824295043945],"EasingStyle":"Linear","EasingDirection":"In"},"HumanoidRootPart":{"Weight":0,"CFrame":[0,0,0,1,0,0,0,1,0,0,0,1],"EasingStyle":"Linear","EasingDirection":"In"},"Right Leg":{"Weight":1,"CFrame":[0.5395184755325317,0.20233792066574098,0.14692306518554688,0.862862229347229,0.4289204478263855,-0.2673872709274292,-0.4079636335372925,0.9033268690109253,0.13253800570964814,0.29838645458221438,-0.005277856253087521,0.9544305801391602],"EasingStyle":"Linear","EasingDirection":"In"}}},{"Time":0.30000001192092898,"poses":{"Left Leg":{"Weight":1,"CFrame":[-0.5124192833900452,0.41472238302230837,0.05457770824432373,0.9310159683227539,-0.25204575061798098,0.2639739513397217,0.12478933483362198,0.8994966149330139,0.4187283515930176,-0.34298238158226015,-0.3569016456604004,0.868898332118988],"EasingStyle":"Linear","EasingDirection":"In"},"Right Arm":{"Weight":1,"CFrame":[0.9597724676132202,-0.5329881906509399,0.3069758415222168,-0.48165106773376467,-0.2154642939567566,-0.8494630455970764,-0.6158588528633118,-0.6063864231109619,0.5030044317245483,-0.6234822869300842,0.7654218673706055,0.15937095880508424],"EasingStyle":"Linear","EasingDirection":"In"},"Left Arm":{"Weight":1,"CFrame":[-0.6559755802154541,-0.4429602026939392,0.03499877452850342,-0.548042893409729,0.6980385780334473,-0.4608592689037323,-0.8274621367454529,-0.3718869090080261,0.4207213819026947,0.12229224294424057,0.6119168996810913,0.7814104557037354],"EasingStyle":"Linear","EasingDirection":"In"},"Head":{"Weight":1,"CFrame":[1.6961712390184403e-7,-1.3504177331924439e-8,-5.960464477539063e-8,0.9834501147270203,0.1072048768401146,-0.14605797827243806,-0.12477010488510132,0.9852707982063294,-0.11693529039621353,0.13137060403823853,0.13322368264198304,0.9823406934738159],"EasingStyle":"Linear","EasingDirection":"In"},"Torso":{"Weight":1,"CFrame":[-0.09419259428977967,-0.003124014474451542,-0.30693936347961428,0.9844690561294556,-0.16519038379192353,0.05943795293569565,0.16571100056171418,0.9861666560173035,-0.003905033227056265,-0.05797065049409866,0.013693906366825104,0.9982243776321411],"EasingStyle":"Linear","EasingDirection":"In"},"HumanoidRootPart":{"Weight":0,"CFrame":[0,0,0,1,0,0,0,1,0,0,0,1],"EasingStyle":"Linear","EasingDirection":"In"},"Right Leg":{"Weight":1,"CFrame":[0.5012528896331787,0.13876307010650636,0.1585097312927246,0.8573225140571594,0.4309992790222168,-0.2814919054508209,-0.42547309398651125,0.9010800719261169,0.08382894843816757,0.289777010679245,0.04789869859814644,0.9558948874473572],"EasingStyle":"Linear","EasingDirection":"In"}}},{"Time":0.3166666626930237,"poses":{"Left Leg":{"Weight":1,"CFrame":[-0.471439003944397,0.4218631386756897,0.06566107273101807,0.9370877742767334,-0.21471165120601655,0.27525508403778078,0.0780034139752388,0.8973340392112732,0.43440428376197817,-0.340267539024353,-0.3856041729450226,0.8576290607452393],"EasingStyle":"Linear","EasingDirection":"In"},"Right Arm":{"Weight":1,"CFrame":[1.0058205127716065,-0.5140206813812256,0.3286076784133911,-0.4560241401195526,-0.2143046110868454,-0.8637798428535461,-0.6944681406021118,-0.5212777853012085,0.49596717953681948,-0.5565572381019592,0.8260405659675598,0.08888748288154602],"EasingStyle":"Linear","EasingDirection":"In"},"Left Arm":{"Weight":1,"CFrame":[-0.689282238483429,-0.37551841139793398,-0.001100778579711914,-0.4245685636997223,0.6232075691223145,-0.6567754149436951,-0.9053334593772888,-0.2837109863758087,0.3160371482372284,0.0106223430484