{"Sequence":[{"Time":0,"poses":{"Left Leg":{"Weight":1,"CFrame":[0.052444979548454288,0.2783392071723938,0.0015271008014678956,0.8708518743515015,-0.2622748911380768,0.41572698950767519,0.2154352366924286,0.9638490676879883,0.15678852796554566,-0.4418196678161621,-0.04697732999920845,0.8958730101585388],"EasingStyle":"Linear","EasingDirection":"In"},"Right Arm":{"Weight":1,"CFrame":[0.42044514417648318,-0.21955767273902894,-0.04111272096633911,0.7393133640289307,-0.6722658276557922,-0.038397129625082019,0.6681061387062073,0.7252393960952759,0.16631919145584107,-0.08396343886852265,-0.14861539006233216,0.9853240847587586],"EasingStyle":"Linear","EasingDirection":"In"},"Head":{"Weight":1,"CFrame":[1.1455267667770386e-7,-2.2351741790771486e-8,-1.7881393432617188e-7,0.9846259951591492,-0.17287786304950715,-0.0249969232827425,0.16520218551158906,0.9681278467178345,-0.18824635446071626,0.05674383416771889,0.18122269213199616,0.9818036556243897],"EasingStyle":"Linear","EasingDirection":"In"},"Right Leg":{"Weight":1,"CFrame":[0.2946239113807678,0.013717055320739746,0.027438968420028688,0.786969006061554,-0.6140604615211487,-0.0600799135863781,0.6163216829299927,0.777837872505188,0.12294617295265198,-0.028763819485902787,-0.1337832510471344,0.9905930757522583],"EasingStyle":"Linear","EasingDirection":"In"},"Torso":{"Weight":1,"CFrame":[-0.05830107256770134,-0.009416233748197556,-0.22123479843139649,0.756295382976532,0.6509978175163269,0.06495455652475357,-0.6491706967353821,0.7590624690055847,-0.049006614834070209,-0.0812077671289444,-0.0051031047478318218,0.9966841340065002],"EasingStyle":"Linear","EasingDirection":"In"},"HumanoidRootPart":{"Weight":0,"CFrame":[0,0,0,1,0,0,0,1,0,0,0,1],"EasingStyle":"Linear","EasingDirection":"In"},"Left Arm":{"Weight":1,"CFrame":[-0.39800143241882326,-0.3452516794204712,-0.26721709966659548,0.6513387560844421,0.6098912358283997,-0.45143187046051028,-0.6035036444664002,0.7770088315010071,0.17899832129478455,0.4599360227584839,0.15585222840309144,0.8741675615310669],"EasingStyle":"Linear","EasingDirection":"In"}}},{"Time":0.01666666753590107,"poses":{"Left Leg":{"Weight":1,"CFrame":[0.04975375533103943,0.27171391248703005,0.011190295219421387,0.8754016757011414,-0.2431945502758026,0.41776588559150698,0.21060912311077119,0.9697737693786621,0.12321764975786209,-0.4351043105125427,-0.01987960748374462,0.9001606106758118],"EasingStyle":"Linear","EasingDirection":"In"},"Right Arm":{"Weight":1,"CFrame":[0.4893914461135864,-0.2528921365737915,-0.008318066596984864,0.7344721555709839,-0.6774562001228333,-0.04004554823040962,0.6735185384750366,0.720425546169281,0.16540855169296266,-0.08320720493793488,-0.14845940470695496,0.9854117631912231],"EasingStyle":"Linear","EasingDirection":"In"},"Head":{"Weight":1,"CFrame":[1.5273690223693848e-7,-2.9802322387695315e-8,1.4901161193847657e-7,0.9812283515930176,-0.18041843175888062,-0.06811846047639847,0.1599723845720291,0.9587468504905701,-0.23497499525547028,0.10770218819379807,0.21966704726219178,0.9696115851402283],"EasingStyle":"Linear","EasingDirection":"In"},"Right Leg":{"Weight":1,"CFrame":[0.28241854906082156,0.0591314435005188,0.026982486248016359,0.7530919313430786,-0.6541789174079895,-0.07001729309558869,0.6555674076080322,0.7371598482131958,0.16378909349441529,-0.05553324148058891,-0.16924934089183808,0.9840074777603149],"EasingStyle":"Linear","EasingDirection":"In"},"Torso":{"Weight":1,"CFrame":[-0.12521980702877046,-0.0154324471950531,-0.24976158142089845,0.7595161199569702,0.6502355933189392,0.018136847764253618,-0.6487654447555542,0.7592378258705139,-0.05158798396587372,-0.04731452092528343,0.02741534821689129,0.9985037446022034],"EasingStyle":"Linear","EasingDirection":"In"},"HumanoidRootPart":{"Weight":0,"CFrame":[0,0,0,1,0,0,0,1,0,0,0,1],"EasingStyle":"Linear","EasingDirection":"In"},"Left Arm":{"Weight":1,"CFrame":[-0.4641624689102173,-0.38675400614738467,-0.2966125011444092,0.6478477716445923,0.6214252710342407,-0.4405946135520935,-0.6156319975852966,0.7677521705627441,0.17763453722000123,0.44865405559539797,0.15616397559642793,0.8799558877944946],"EasingStyle":"Linear","EasingDirection":"In"}}},{"Time":0.03333333507180214,"poses":{"Left Leg":{"Weight":1,"CFrame":[0.05008590966463089,0.25808531045913699,0.02333003282546997,0.881654679775238,-0.20724409818649293,0.42395153641700747,0.19762085378170014,0.9779793620109558,0.06710004061460495,-0.42852193117141726,0.02462257258594036,0.9031957983970642],"EasingStyle":"Linear","EasingDirection":"In"},"Right Arm":{"Weight":1,"CFrame":[0.5212214589118958,-0.2717967927455902,-0.0010202527046203614,0.7207821011543274,-0.6917068362236023,-0.044884152710437778,0.6883689761161804,0.7066949009895325,0.16349494457244874,-0.08137121051549912,-0.14874105155467988,0.9855226278305054],"EasingStyle":"Linear","EasingDirection":"In"},"Head":{"Weight":1,"CFrame":[1.5273690223693848e-7,0,-2.384185791015625e-7,0.976544976234436,-0.19043779373168946,-0.10046570003032685,0.15701709687709809,0.9491400718688965,-0.27290797233581545,0.14732801914215089,0.2507321238517761,0.956779956817627],"EasingStyle":"Linear","EasingDirection":"In"},"Right Leg":{"Weight":1,"CFrame":[0.2661762237548828,0.10493248701095581,0.023814260959625245,0.717134952545166,-0.6918477416038513,-0.08404765278100968,0.6916431188583374,0.6916641592979431,0.207919642329216,-0.08571596443653107,-0.2072373628616333,0.9745283126831055],"EasingStyle":"Linear","EasingDirection":"In"},"Torso":{"Weight":1,"CFrame":[-0.15281550586223603,-0.01629193127155304,-0.2782883048057556,0.7612116932868958,0.6477368474006653,-0.03152405470609665,-0.6484106779098511,0.7593806982040405,-0.053894124925136569,-0.010970447212457657,0.061465371400117877,0.9980489015579224],"EasingStyle":"Linear","EasingDirection":"In"},"HumanoidRootPart":{"Weight":0,"CFrame":[0,0,0,1,0,0,0,1,0,0,0,1],"EasingStyle":"Linear","EasingDirection":"In"},"Left Arm":{"Weight":1,"CFrame":[-0.5032394528388977,-0.4057242274284363,-0.30081185698509219,0.626824140548706,0.6494436860084534,-0.4304814636707306,-0.6450016498565674,0.74245685338974,0.18091672658920289,0.437109112739563,0.1642582267522812,0.884282112121582],"EasingStyle":"Linear","EasingDirection":"In"}}},{"Time":0.05000000074505806,"poses":{"Left Leg":{"Weight":1,"CFrame":[0.06848783791065216,0.2368519902229309,0.018796831369400026,0.8816970586776733,-0.18962080776691438,0.43203479051589968,0.18576686084270478,0.9812403917312622,0.05155479535460472,-0.43370604515075686,0.03480210527777672,0.9003821611404419],"EasingStyle":"Linear","EasingDirection":"In"},"Right Arm":{"Weight":1,"CFrame":[0.5001111626625061,-0.250907301902771,-0.004661381244659424,0.6992893815040588,-0.7129241228103638,-0.05228498578071594,0.7104966044425964,0.6851304173469544,0.160594642162323,-0.07866977900266648,-0.1494504064321518,0.9856346249580383],"EasingStyle":"Linear","EasingDirection":"In"},"Head":{"Weight":1,"CFrame":[1.1548399925231934e-7,0,-4.76837158203125e-7,0.9775547385215759,-0.18795306980609895,-0.09518606215715409,0.15677547454833985,0.950772225856781,-0.2673080563545227,0.14074163138866425,0.24638542532920838,0.9588983654975891],"EasingStyle":"Linear","EasingDirection":"In"},"Right Leg":{"Weight":1,"CFrame":[0.2397649884223938,0.13384443521499635,0.015066444873809815,0.7171260714530945,-0.6921047568321228,-0.08198337256908417,0.6915341019630432,0.6919920444488525,0.20718970894813538,-0.08666512370109558,-0.20527546107769013,0.9748595356941223],"EasingStyle":"Linear","EasingDirection":"In"},"Torso":{"Weight":1,"CFrame":[-0.13519659638404847,-0.015153810381889344,-0.26017284393310549,0.7613193392753601,0.6473535299301148,-0.03641802445054054,-0.6483408808708191,0.7594811320304871,-0.0533146969974041,-0.006854658480733633,0.06420080363750458,0.9979134798049927],"EasingStyle":"Linear","EasingDirection":"In"},"HumanoidRootPart":{"Weight":0,"CFrame":[0,0,0,1,0,0,0,1,0,0,0,1],"EasingStyle":"Linear","EasingDirection":"In"},"Left Arm":{"Weight":1,"CFrame":[-0.4861212968826294,-0.4141189455986023,-0.29115211963653567,0.5893868207931519,0.6896066665649414,-0.42079204320907595,-0.6871262788772583,0.7018508911132813,0.18778350949287415,0.4248301684856415,0.17846021056175233,0.8875085711479187],"EasingStyle":"Linear","EasingDirection":"In"}}},{"Time":0.06666667014360428,"poses":{"Left Leg":{"Weight":1,"CFrame":[0.10466203838586807,0.1953052282333374,0.005898386240005493,0.8829372525215149,-0.1563037782907486,0.4427086412906647,0.16136963665485383,0.9865388870239258,0.026474574580788614,-0.44088730216026308,0.04806433990597725,0.8962746262550354],"EasingStyle":"Linear","EasingDirection":"In"},"Right Arm":{"Weight":1,"CFrame":[0.44931653141975405,-0.21211397647857667,-0.013134002685546875,0.6709917783737183,-0.7389013171195984,-0.061602238565683368,0.7376285195350647,0.6567718982696533,0.1567002236843109,-0.07532740384340286,-0.1505841314792633,0.9857231974601746],"EasingStyle":"Linear","EasingDirection":"In"},"Head":{"Weight":1,"CFrame":[1.2665987014770509e-7,2.9802322387695315e-8,3.5762786865234377e-7,0.9789857268333435,-0.18388336896896363,-0.08816947788000107,0.1559661626815796,0.9536855220794678,-0.25721287727355959,0.13138310611248017,0.2380562722682953,0.9623240828514099],"EasingStyle":"Linear","EasingDirection":"In"},"Right Leg":{"Weight":1,"CFrame":[0.19010812044143678,0.19402927160263062,-0.0030359625816345217,0.7269558906555176,-0.6828010082244873,-0.07292299717664719,0.6819246411323547,0.7053534388542175,0.19353418052196504,-0.08070879429578781,-0.19041882455348969,0.9783796668052673],"EasingStyle":"Linear","EasingDirection":"In"},"Torso":{"Weight":1,"CFrame":[-0.09468851983547211,-0.01265006884932518,-0.2203197181224823,0.7613916397094727,0.6470533013343811,-0.04005993902683258,-0.6482815742492676,0.7595706582069397,-0.05275823175907135,-0.0037090303376317026,0.06613979488611222,0.9978034496307373],"EasingStyle":"Linear","EasingDirection":"In"},"HumanoidRootPart":{"Weight":0,"CFrame":[0,0,0,1,0,0,0,1,0,0,0,1],"EasingStyle":"Linear","EasingDirection":"In"},"Left Arm":{"Weight":1,"CFrame":[-0.445043683052063,-0.41754797101020815,-0.268322616815567,0.53657066822052,0.736924409866333,-0.4111378490924835,-0.7368834018707275,0.6465978622436523,0.19726653397083283,0.4112113416194916,0.19711332023143769,0.8899728059768677],"EasingStyle":"Linear","EasingDirection":"In"}}},{"Time":0.0833333358168602,"poses":{"Left Leg":{"Weight":1,"CFrame":[0.14334461092948914,0.15244096517562867,-0.010319650173187256,0.8827199935913086,-0.12134898453950882,0.4539600908756256,0.13562920689582826,0.990759015083313,0.0011122692376375199,-0.4499000608921051,0.06058845669031143,0.8910213112831116],"EasingStyle":"Linear","EasingDirection":"In"},"Right Arm":{"Weight":1,"CFrame":[0.38764527440071108,-0.19122591614723206,-0.02276444435119629,0.6370302438735962,-0.7674518823623657,-0.07218150049448013,0.7675086855888367,0.6227964162826538,0.1518390029668808,-0.07157478481531143,-0.15212580561637879,0.9857660531997681],"EasingStyle":"Linear","EasingDirection":"In"},"Head":{"Weight":1,"CFrame":[1.4528632164001466e-7,5.960464477539063e-8,-2.086162567138672e-7,0.9806896448135376,-0.1785973310470581,-0.07969214022159577,0.15459966659545899,0.9575254321098328,-0.2434007078409195,0.11977796256542206,0.22638019919395448,0.9666463732719421],"EasingStyle":"Linear","EasingDirection":"In"},"Right Leg":{"Weight":1,"CFrame":[0.16952604055404664,0.26059168577194216,-0.019626319408416749,0.7543401718139648,-0.653645396232605,-0.0609811395406723,0.6532877087593079,0.738267183303833,0.1678590029478073,-0.06469991058111191,-0.16646085679531098,0.983923077583313],"EasingStyle":"Linear","EasingDirection":"In"},"Torso":{"Weight":1,"CFrame":[-0.049814172089099887,-0.01014627143740654,-0.18046614527702332,0.7614413499832153,0.6468282341957092,-0.0426655039191246,-0.6482323408126831,0.7596482634544373,-0.05224256590008736,-0.0013811880489811302,0.0674368143081665,0.9977225661277771],"EasingStyle":"Linear","EasingDirection":"In"},"HumanoidRootPart":{"Weight":0,"CFrame":[0,0,0,1,0,0,0,1,0,0,0,1],"EasingStyle":"Linear","EasingDirection":"In"},"Left Arm":{"Weight":1,"CFrame":[-0.39542609453201296,-0.420032262802124,-0.24154914915561677,0.4701094627380371,0.7861572504043579,-0.4011906087398529,-0.788892388343811,0.5781075358390808,0.20842376351356507,0.3957851529121399,0.21851420402526856,0.8919672966003418],"EasingStyle":"Linear","EasingDirection":"In"}}},{"Time":0.10000000149011612,"poses":{"Left Leg":{"Weight":1,"CFrame":[0.16432490944862367,0.12975579500198365,-0.019305050373077394,0.8794999122619629,-0.10159607231616974,0.4649280309677124,0.12297773361206055,0.9922836422920227,-0.015801941975951196,-0.45973506569862368,0.07107358425855637,0.8852074146270752],"EasingStyle":"Linear","EasingDirection":"In"},"Right Arm":{"Weight":1,"CFrame":[0.330579549074173,-0.19147679209709168,-0.030671775341033937,0.5988109707832336,-0.7965387105941773,-0.08337610960006714,0.798028826713562,0.5846368670463562,0.14611543715000153,-0.06764186173677445,-0.15403196215629579,0.9857478141784668],"EasingStyle":"Linear","EasingDirection":"In"},"Head":{"Weight":1,"CFrame":[1.341104507446289e-7,-7.450580596923828e-9,-2.682209014892578e-7,0.9825246930122376,-0.17245376110076905,-0.07003552466630936,0.15268316864967347,0.9619330763816834,-0.22665531933307649,0.10645703226327896,0.21200118958950044,0.9714537262916565],"EasingStyle":"Linear","EasingDirection":"In"},"Right Leg":{"Weight":1,"CFrame":[0.1771712303161621,0.3222898244857788,-0.03211614489555359,0.7880819439888,-0.6134927868843079,-0.05053277686238289,0.6138988733291626,0.7772440314292908,0.13791215419769288,-0.04533182457089424,-0.1397080421447754,0.9891545176506043],"EasingStyle":"Linear","EasingDirection":"In"},"Torso":{"Weight":1,"CFrame":[-0.019096430391073228,-0.00900818407535553,-0.16235113143920899,0.7614761590957642,0.6466670632362366,-0.044450126588344577,-0.6481928825378418,0.7597132325172424,-0.0517856702208519,0.00028126605320721865,0.06824580579996109,0.9976685047149658],"EasingStyle":"Linear","EasingDirection":"In"},"HumanoidRootPart":{"Weight":0,"CFrame":[0,0,0,1,0,0,0,1,0,0,0,1],"EasingStyle":"Linear","EasingDirection":"In"},"Left Arm":{"Weight":1,"CFrame":[-0.34994643926620486,-0.42486268281936648,-0.2183358371257782,0.39294081926345827,0.8323922753334045,-0.3907950222492218,-0.8380844593048096,0.4990687072277069,0.22032876312732697,0.3784334659576416,0.2409430295228958,0.893719494342804],"EasingStyle":"Linear","EasingDirection":"In"}}},{"Time":0.11666666716337204,"poses":{"Left Leg":{"Weight":1,"CFrame":[0.16975905001163484,0.1268889307975769,-0.020684540271759034,0.8743041753768921,-0.09668022394180298,0.47565239667892458,0.12232837826013565,0.9922190308570862,-0.023177023977041246,-0.4697105884552002,0.07844952493906021,0.8793279528617859],"EasingStyle":"Linear","EasingDirection":"In"},"Right Arm":{"Weight":1,"CFrame":[0.2802999019622803,-0.19215407967567445,-0.03661394119262695,0.5580555200576782,-0.824397087097168,-0.09456945955753327,0.8273512125015259,0.5440256595611572,0.13973623514175416,-0.06374985724687576,-0.15622279047966004,0.9856624007225037],"EasingStyle":"Linear","EasingDirection":"In"},"Head":{"Weight":1,"CFrame":[1.4528632164001466e-7,7.450580596923828e-9,1.1920928955078126e-7,0.9843633770942688,-0.16579709947109223,-0.05949816480278969,0.1502416729927063,0.9665700197219849,-0.20777367055416108,0.09195741266012192,0.1955857276916504,0.9763657450675964],"EasingStyle":"Linear","EasingDirection":"In"},"Right Leg":{"Weight":1,"CFrame":[0.18544363975524903,0.38554441928863528,-0.04227927327156067,0.8168997168540955,-0.575262725353241,-0.041804395616054538,0.5760608911514282,0.810118556022644,0.10891182720661164,-0.02878633327782154,-0.11305185407400131,0.9931719899177551],"EasingStyle":"Linear","EasingDirection":"In"},"Torso":{"Weight":1,"CFrame":[-0.0057852985337376598,-0.009077094495296479,-0.16320422291755677,0.7615007758140564,0.6465559601783752,-0.045628953725099567,-0.6481624245643616,0.7597650289535523,-0.051405586302280429,0.001430702512152493,0.06872037053108216,0.9976349472999573],"EasingStyle":"Linear","EasingDirection":"In"},"HumanoidRootPart":{"Weight":0,"CFrame":[0,0,0,1,0,0,0,1,0,0,0,1],"EasingStyle":"Linear","EasingDirection":"In"},"Left Arm":{"Weight":1,"CFrame":[-0.3103240132331848,-0.4324275553226471,-0.19929435849189759,0.3093186616897583,0.8717199563980103,-0.38003453612327578,-0.8803826570510864,0.41358333826065066,0.23211060464382173,0.3595113456249237,0.26277974247932436,0.8953761458396912],"EasingStyle":"Linear","EasingDirection":"In"}}},{"Time":0.13333334028720857,"poses":{"Left Leg":{"Weight":1,"CFrame":[0.17308130860328675,0.12773585319519044,-0.02111750841140747,0.8687605857849121,-0.09523836523294449,0.4859883785247803,0.12366992980241776,0.9919646382331848,-0.02668059431016445,-0.47954225540161135,0.08328118920326233,0.8735579252243042],"EasingStyle":"Linear","EasingDirection":"In"},"Right Arm":{"Weight":1,"CFrame":[0.23566347360610963,-0.1931435763835907,-0.04087179899215698,0.5167861580848694,-0.8496265411376953,-0.10519921779632569,0.8540022969245911,0.5029779076576233,0.13301610946655274,-0.06010105460882187,-0.15858124196529389,0.9855149984359741],"EasingStyle":"Linear","EasingDirection":"In"},"Head":{"Weight":1,"CFrame":[1.5273690223693848e-7,7.450580596923828e-9,-2.384185791015625e-7,0.9860990047454834,-0.1589527577161789,-0.048402633517980579,0.14733445644378663,0.9711388349533081,-0.18756835162639619,0.07682017982006073,0.1778295934200287,0.9810582399368286],"EasingStyle":"Linear","EasingDirection":"In"},"Right Leg":{"Weight":1,"CFrame":[0.188157856464386,0.4290958344936371,-0.04595154523849487,0.8372163772583008,-0.5458424687385559,-0.033537786453962329,0.5466027855873108,0.8333063721656799,0.0826185867190361,-0.01714952476322651,-0.0875013992190361,0.9960167407989502],"EasingStyle":"Linear","EasingDirection":"In"},"Torso":{"Weight":1,"CFrame":[0.0008782828226685524,-0.009254813194274903,-0.16637563705444337,0.7615177631378174,0.6464798450469971,-0.046416986733675,-0.6481402516365051,0.7598032355308533,-0.051120415329933169,0.0022194618359208109,0.0690138190984726,0.997613251209259],"EasingStyle":"Linear","EasingDirection":"In"},"HumanoidRootPart":{"Weight":0,"CFrame":[0,0,0,1,0,0,0,1,0,0,0,1],"EasingStyle":"Linear","EasingDirection":"In"},"Left Arm":{"Weight":1,"CFrame":[-0.2755398750305176,-0.44238239526748659,-0.18331167101860047,0.22450649738311768,0.9018081426620483,-0.3692410886287689,-0.9132890105247498,0.3268691301345825,0.24302241206169129,0.3398529291152954,0.28266358375549319,0.8969956040382385],"EasingStyle":"Linear","EasingDirection":"In"}}},{"Time":0.15000000596046449,"poses":{"Left Leg":{"Weight":1,"CFrame":[0.17334319651126862,0.13242536783218385,-0.019894301891326906,0.8632301092147827,-0.09662061929702759,0.4954777657985687,0.12698791921138764,0.9915120601654053,-0.027890874072909356,-0.48857733607292178,0.0869959220290184,0.8681727051734924],"EasingStyle":"Linear","EasingDirection":"In"},"Right Arm":{"Weight":1,"CFrame":[0.19552570581436158,-0.19433118402957917,-0.04372608661651611,0.4772557020187378,-0.8712369203567505,-0.1147742047905922,0.8769221901893616,0.4637228548526764,0.126367449760437,-0.056872621178627017,-0.16095754504203797,0.9853213429450989],"EasingStyle":"Linear","EasingDirection":"In"},"Head":{"Weight":1,"CFrame":[1.6205012798309327e-7,2.9802322387695315e-8,1.1920928955078126e-7,0.9876498579978943,-0.15222157537937165,-0.037098467350006106,0.14406538009643556,0.9753978252410889,-0.16686582565307618,0.06158633530139923,0.1594604253768921,0.9852814078330994],"EasingStyle":"Linear","EasingDirection":"In"},"Right Leg":{"Weight":1,"CFrame":[0.1871965527534485,0.46021291613578799,-0.04592496156692505,0.8512551784515381,-0.5241019129753113,-0.026110883802175523,0.524669885635376,0.8491877913475037,0.060013942420482638,-0.00928021501749754,-0.06478675454854965,0.9978559613227844],"EasingStyle":"Linear","EasingDirection":"In"},"Torso":{"Weight":1,"CFrame":[0.003384948708117008,-0.009497815743088723,-0.17278432846069337,0.7615285515785217,0.6464229226112366,-0.04702918231487274,-0.6481253504753113,0.7598274946212769,-0.050948336720466617,0.00279990304261446,0.06927941739559174,0.997593343257904],"EasingStyle":"Linear","EasingDirection":"In"},"HumanoidRootPart":{"Weight":0,"CFrame":[0,0,0,1,0,0,0,1,0,0,0,1],"EasingStyle":"Linear","EasingDirection":"In"},"Left Arm":{"Weight":1,"CFrame":[-0.24457275867462159,-0.4543878436088562,-0.16927778720855714,0.1441938877105713,0.9221526980400086,-0.35894662141799929,-0.9361521601676941,0.2446683794260025,0.25250059366226199,0.3206668496131897,0.2996194660663605,0.8985548615455627],"EasingStyle":"Linear","EasingDirection":"In"}}},{"Time":0.1666666716337204,"poses":{"Left Leg":{"Weight":1,"CFrame":[0.16953283548355103,0.14096832275390626,-0.016256332397460939,0.8580761551856995,-0.10020837187767029,0.5036503672599793,0.13237954676151277,0.9907920360565186,-0.028404729440808297,-0.49616628885269167,0.09104638546705246,0.8634405136108398],"EasingStyle":"Linear","EasingDirection":"In"},"Right Arm":{"Weight":1,"CFrame":[0.15874341130256654,-0.1955997347831726,-0.04545700550079346,0.44185635447502139,-0.8886301517486572,-0.12287946790456772,0.8954461216926575,0.428613543510437,0.1202772706747055,-0.05421414598822594,-0.16317732632160188,0.9851061105728149],"EasingStyle":"Linear","EasingDirection":"In"},"Head":{"Weight":1,"CFrame":[1.555308699607849e-7,4.470348358154297e-8,7.450580596923828e-7,0.9889619946479797,-0.14587725698947907,-0.025960877537727357,0.14058712124824525,0.979169487953186,-0.14650043845176698,0.0467911921441555,0.1412336230278015,0.9888699054718018],"EasingStyle":"Linear","EasingDirection":"In"},"Right Leg":{"Weight":1,"CFrame":[0.18340247869491578,0.48429667949676516,-0.04425233602523804,0.860276460647583,-0.5094429850578308,-0.019807958975434305,0.5098088383674622,0.8592591881752014,0.04205384850502014,-0.004403824917972088,-0.04627619683742523,0.9989189505577087],"EasingStyle":"Linear","EasingDirection":"In"},"Torso":{"Weight":1,"CFrame":[0.0042253658175468449,-0.009762576781213284,-0.18334868550300599,0.7615337371826172,0.6463689804077148,-0.047680437564849856,-0.6481167078018189,0.7598375678062439,-0.050907526165246966,0.0033243410289287569,0.06967028975486756,0.9975645542144775],"EasingStyle":"Linear","EasingDirection":"In"},"HumanoidRootPart":{"Weight":0,"CFrame":[0,0,0,1,0,0,0,1,0,0,0,1],"EasingStyle":"Linear","EasingDirection":"In"},"Left Arm":{"Weight":1,"CFrame":[-0.21640288829803468,-0.46810099482536318,-0.156080961227417,0.07388462871313095,0.9339054226875305,-0.34980228543281557,-0.9500055313110352,0.1726117730140686,0.26018214225769045,0.30336540937423708,0.3130907416343689,0.899968683719635],"EasingStyle":"Linear","EasingDirection":"In"}}},{"Time":0.18333333730697633,"poses":{"Left Leg":{"Weight":1,"CFrame":[0.1609031856060028,0.15334832668304444,-0.009592056274414063,0.8536825180053711,-0.10525906831026077,0.5100458264350891,0.13986122608184815,0.9897213578224182,-0.02984035201370716,-0.5016622543334961,0.09680980443954468,0.8596294522285461],"EasingStyle":"Linear","EasingDirection":"In"},"Right Arm":{"Weight":1,"CFrame":[0.12417265772819519,-0.19683632254600526,-0.04634636640548706,0.4130287170410156,-0.9015117883682251,-0.12916584312915803,0.9092178344726563,0.40004265308380129,0.11527692526578903,-0.052251629531383517,-0.16505250334739686,0.9848996996879578],"EasingStyle":"Linear","EasingDirection":"In"},"Head":{"Weight":1,"CFrame":[1.494772732257843e-7,0,0,0.990008533000946,-0.14016549289226533,-0.01538652554154396,0.1371014267206192,0.9823421239852905,-0.1273072510957718,0.03295890986919403,0.12392576038837433,0.9917439818382263],"EasingStyle":"Linear","EasingDirection":"In"},"Right Leg":{"Weight":1,"CFrame":[0.17610985040664674,0.5050162672996521,-0.042236655950546268,0.8647080659866333,-0.5020599961280823,-0.014692798256874085,0.5022702217102051,0.864204466342926,0.029583482071757318,-0.002155034802854061,-0.03296076878905296,0.9994543194770813],"EasingStyle":"Linear","EasingDirection":"In"},"Torso":{"Weight":1,"CFrame":[0.00589018315076828,-0.01000557467341423,-0.19898700714111329,0.761533796787262,0.6463015675544739,-0.04858561232686043,-0.6481131911277771,0.7598332762718201,-0.051016196608543399,0.003945121541619301,0.07033953815698624,0.9975153207778931],"EasingStyle":"Linear","EasingDirection":"In"},"HumanoidRootPart":{"Weight":0,"CFrame":[0,0,0,1,0,0,0,1,0,0,0,1],"EasingStyle":"Linear","EasingDirection":"In"},"Left Arm":{"Weight":1,"CFrame":[-0.19001102447509767,-0.4831802248954773,-0.14260900020599366,0.018508272245526315,0.9393376111984253,-0.34249427914619448,-0.9570302963256836,0.11579485237598419,0.2658657133579254,0.2893967926502228,0.3228566348552704,0.9011176824569702],"EasingStyle":"Linear","EasingDirection":"In"}}},{"Time":0.20000000298023225,"poses":{"Left Leg":{"Weight":1,"CFrame":[0.14707224071025849,0.16954779624938966,0.0004800558090209961,0.8504626154899597,-0.1108626127243042,0.5142205953598023,0.1492825299501419,0.9882152080535889,-0.03384361416101456,-0.5044086575508118,0.10554687678813935,0.8569899797439575],"EasingStyle":"Linear","EasingDirection":"In"},"Right Arm":{"Weight":1,"CFrame":[0.09066987037658692,-0.19792678952217103,-0.046673715114593509,0.3931937515735626,-0.9097387790679932,-0.1333194077014923,0.9180347323417664,0.38037922978401186,0.11190983653068543,-0.051096804440021518,-0.16639423370361329,0.9847345352172852],"EasingStyle":"Linear","EasingDirection":"In"},"Head":{"Weight":1,"CFrame":[1.671724021434784e-7,-1.4901161193847657e-8,-2.980232238769531e-7,0.9907872676849365,-0.13530394434928895,-0.005787608213722706,0.13385187089443208,0.9848645329475403,-0.11011569947004318,0.02059909887611866,0.10832653194665909,0.9939019083976746],"EasingStyle":"Linear","EasingDirection":"In"},"Right Leg":{"Weight":1,"CFrame":[0.16499817371368409,0.525641679763794,-0.04106071591377258,0.8648397922515869,-0.5019280314445496,-0.010980437509715557,0.5020428895950317,0.8645259141921997,0.023402608931064607,-0.0022533151786774399,-0.025752119719982148,0.9996657967567444],"EasingStyle":"Linear","EasingDirection":"In"},"Torso":{"Weight":1,"CFrame":[0.010870009660720826,-0.01018329057842493,-0.22061818838119508,0.7615283727645874,0.6462032794952393,-0.04995943233370781,-0.6481137275695801,0.7598142623901367,-0.051292479038238528,0.004814531188458204,0.07144007086753845,0.9974332451820374],"EasingStyle":"Linear","EasingDirection":"In"},"HumanoidRootPart":{"Weight":0,"CFrame":[0,0,0,1,0,0,0,1,0,0,0,1],"EasingStyle":"Linear","EasingDirection":"In"},"Left Arm":{"Weight":1,"CFrame":[-0.1643761396408081,-0.4992828965187073,-0.12775152921676637,-0.01762505993247032,0.9410955905914307,-0.337680846452713,-0.9598008394241333,0.07869817316532135,0.2694232165813446,0.28012797236442568,0.32885512709617617,0.9018773436546326],"EasingStyle":"Linear","EasingDirection":"In"}}},{"Time":0.21666666865348817,"poses":{"Left Leg":{"Weight":1,"CFrame":[0.12853583693504334,0.18962633609771729,0.013799190521240235,0.8488986492156982,-0.11569049209356308,0.5157391428947449,0.15998506546020509,0.9862210750579834,-0.04210404306650162,-0.5037617087364197,0.11825262755155564,0.8557104468345642],"EasingStyle":"Linear","EasingDirection":"In"},"Right Arm":{"Weight":1,"CFrame":[0.05709052085876465,-0.19875431060791017,-0.04672074317932129,0.3847104012966156,-0.9131092429161072,-0.13501659035682679,0.9216348528862,0.37193378806114199,0.11069973558187485,-0.05086379498243332,-0.167023167014122,0.9846400618553162],"EasingStyle":"Linear","EasingDirection":"In"},"Head":{"Weight":1,"CFrame":[1.7206184566020966e-7,-4.0978193283081057e-8,2.384185791015625e-7,0.9913147687911987,-0.1314883679151535,0.0024153466802090408,0.1311139464378357,0.9867329001426697,-0.09574604779481888,0.010206205770373345,0.09523112326860428,0.9954028725624085],"EasingStyle":"Linear","EasingDirection":"In"},"Right Leg":{"Weight":1,"CFrame":[0.14871299266815186,0.548132061958313,-0.041589438915252689,0.8604068756103516,-0.5095314383506775,-0.008825180120766163,0.509585440158844,0.8600780963897705,0.024254322052001954,-0.004767910111695528,-0.025365741923451425,0.9996668696403503],"EasingStyle":"Linear","EasingDirection":"In"},"Torso":{"Weight":1,"CFrame":[0.021655544638633729,-0.010252200998365879,-0.24916082620620728,0.7615160942077637,0.6460553407669067,-0.05201638489961624,-0.6481174230575562,0.7597797513008118,-0.05175450071692467,0.006084725726395845,0.07312460988759995,0.9973042607307434],"EasingStyle":"Linear","EasingDirection":"In"},"HumanoidRootPart":{"Weight":0,"CFrame":[0,0,0,1,0,0,0,1,0,0,0,1],"EasingStyle":"Linear","EasingDirection":"In"},"Left Arm":{"Weight":1,"CFrame":[-0.13847976922988892,-0.5160690546035767,-0.11039568483829498,-0.03055116906762123,0.9413813948631287,-0.3359580338001251,-0.9604443907737732,0.0654284730553627,0.27067628502845766,0.2767908573150635,0.3309383690357208,0.902145504951477],"EasingStyle":"Linear","EasingDirection":"In"}}},{"Time":0.23333333432674409,"poses":{"Left Leg":{"Weight":1,"CFrame":[0.10776064544916153,0.21463137865066529,0.0293654203414917,0.8499569892883301,-0.1132863387465477,0.5145283341407776,0.16558527946472169,0.9845609068870544,-0.05675696209073067,-0.5001546144485474,0.13343927264213563,0.8555929064750671],"EasingStyle":"Linear","EasingDirection":"In"},"Right Arm":{"Weight":1,"CFrame":[0.022771716117858888,-0.19933034479618073,-0.04337000846862793,0.38354650139808657,-0.9130601286888123,-0.13861185312271119,0.921803891658783,0.3693467378616333,0.11773082613945008,-0.056299593299627307,-0.17292818427085877,0.9833240509033203],"EasingStyle":"Linear","EasingDirection":"In"},"Head":{"Weight":1,"CFrame":[1.5855766832828523e-7,-2.2351741790771486e-8,0,0.9917793869972229,-0.1277437061071396,0.007428887765854597,0.12792165577411652,0.9883999228477478,-0.08186349272727967,0.003114829072728753,0.08214082568883896,0.9966158866882324],"EasingStyle":"Linear","EasingDirection":"In"},"Right Leg":{"Weight":1,"CFrame":[0.13366222381591798,0.5605611801147461,-0.043710410594940189,0.8516470193862915,-0.5240123867988586,-0.010418504476547242,0.5240696668624878,0.8511398434638977,0.030196137726306917,-0.006955585442483425,-0.031176434829831125,0.9994896650314331],"EasingStyle":"Linear","EasingDirection":"In"},"Torso":{"Weight":1,"CFrame":[0.03982847183942795,-0.010135764256119728,-0.284787654876709,0.7623886466026306,0.6446877121925354,-0.0560472272336483,-0.6470842957496643,0.760384738445282,-0.05565034970641136,0.006740365643054247,0.07869447767734528,0.9968760013580322],"EasingStyle":"Linear","EasingDirection":"In"},"HumanoidRootPart":{"Weight":0,"CFrame":[0,0,0,1,0,0,0,1,0,0,0,1],"EasingStyle":"Linear","EasingDirection":"In"},"Left Arm":{"Weight":1,"CFrame":[-0.11171072721481323,-0.533121645450592,-0.08991740643978119,-0.02984631434082985,0.9450991153717041,-0.32541805505752566,-0.957265317440033,0.06666919589042664,0.2814219892024994,0.2876671254634857,0.31991076469421389,0.9027207493782044],"EasingStyle":"Linear","EasingDirection":"In"}}},{"Time":0.25,"poses":{"Left Leg":{"Weight":1,"CFrame":[0.08921125531196594,0.24371325969696046,0.04471993446350098,0.8548446893692017,-0.09918741881847382,0.5093156099319458,0.16046875715255738,0.9839772582054138,-0.07770764082670212,-0.49344736337661745,0.14815720915794373,0.8570642471313477],"EasingStyle":"Linear","EasingDirection":"In"},"Right Arm":{"Weight":1,"CFrame":[-0.011030703783035279,-0.20015940070152284,-0.03472900390625,0.384739488363266,-0.9118492007255554,-0.14320127665996552,0.9200588464736939,0.3664313852787018,0.13863535225391389,-0.07394105941057205,-0.18509207665920258,0.9799355268478394],"EasingStyle":"Linear","EasingDirection":"In"},"Head":{"Weight":1,"CFrame":[1.7834827303886414e-7,1.1175870895385743e-8,1.1920928955078126e-7,0.9925464391708374,-0.12161186337471008,0.007878545671701432,0.12186601758003235,0.9902349710464478,-0.06770103424787522,0.00043164752423763275,0.06815654039382935,0.9976745247840881],"EasingStyle":"Linear","EasingDirection":"In"},"Right Leg":{"Weight":1,"CFrame":[0.126390278339386,0.5558746457099915,-0.046908289194107059,0.8419973254203796,-0.5391177535057068,-0.019814476370811464,0.5394677519798279,0.8411432504653931,0.038112252950668338,-0.003879981115460396,-0.04277968406677246,0.9990770220756531],"EasingStyle":"Linear","EasingDirection":"In"},"Torso":{"Weight":1,"CFrame":[0.06333474069833756,-0.00983547791838646,-0.3246883749961853,0.7659218907356262,0.6398732662200928,-0.0626569464802742,-0.6429018974304199,0.7632071375846863,-0.06474583595991135,0.006391097325831652,0.08987252414226532,0.9959327578544617],"EasingStyle":"Linear","EasingDirection":"In"},"HumanoidRootPart":{"Weight":0,"CFrame":[0,0,0,1,0,0,0,1,0,0,0,1],"EasingStyle":"Linear","EasingDirection":"In"},"Left Arm":{"Weight":1,"CFrame":[-0.08510148525238037,-0.5497228503227234,-0.06763577461242676,-0.023057371377944948,0.9541429877281189,-0.29846179485321047,-0.9485238790512085,0.07344519346952439,0.3080717623233795,0.31586524844169619,0.2902015149593353,0.9033340215682983],"EasingStyle":"Linear","EasingDirection":"In"}}},{"Time":0.2666666805744171,"poses":{"Left Leg":{"Weight":1,"CFrame":[0.07519758492708206,0.27344757318496706,0.05807441473007202,0.8639925718307495,-0.07555656135082245,0.4978032410144806,0.14551562070846559,0.9839574098587036,-0.10321349650621414,-0.4820186495780945,0.1616138219833374,0.8611265420913696],"EasingStyle":"Linear","EasingDirection":"In"},"Right Arm":{"Weight":1,"CFrame":[-0.042580246925354007,-0.20187334716320039,-0.02291339635848999,0.3890026807785034,-0.9104698300361633,-0.14043350517749787,0.915057361125946,0.36425092816352847,0.17317992448806764,-0.10652205348014832,-0.1958722621202469,0.9748267531394959],"EasingStyle":"Linear","EasingDirection":"In"},"Head":{"Weight":1,"CFrame":[1.280568540096283e-7,-2.0489096641540528e-8,2.384185791015625e-7,0.9938762187957764,-0.11033452302217484,0.006033297628164291,0.11049581319093704,0.9919236898422241,-0.062274493277072909,0.0008864496485330164,0.06255978345870972,0.9980407953262329],"EasingStyle":"Linear","EasingDirection":"In"},"Right Leg":{"Weight":1,"CFrame":[0.12422460317611695,0.5419313311576843,-0.05092340707778931,0.8354091644287109,-0.5482057332992554,-0.03952253982424736,0.549579918384552,0.834129273891449,0.04680005460977554,0.007310826331377029,-0.06081788241863251,0.9981220960617065],"EasingStyle":"Linear","EasingDirection":"In"},"Torso":{"Weight":1,"CFrame":[0.08921138942241669,-0.009424847550690174,-0.3653078079223633,0.77336186170578,0.6299781203269959,-0.07098621129989624,-0.6339346170425415,0.7695553302764893,-0.0768858939409256,0.006191406399011612,0.10446123033761978,0.9945096969604492],"EasingStyle":"Linear","EasingDirection":"In"},"HumanoidRootPart":{"Weight":0,"CFrame":[0,0,0,1,0,0,0,1,0,0,0,1],"EasingStyle":"Linear","EasingDirection":"In"},"Left Arm":{"Weight":1,"CFrame":[-0.06009548902511597,-0.5650801062583923,-0.045356810092926028,-0.0030541641172021629,0.9649426937103272,-0.2624427378177643,-0.9351626634597778,0.0902034118771553,0.3425408601760864,0.354205459356308,0.24647293984889985,0.9021028876304627],"EasingStyle":"Linear","EasingDirection":"In"}}},{"Time":0.28333333134651186,"poses":{"Left Leg":{"Weight":1,"CFrame":[0.0652603954076767,0.29975223541259768,0.06882369518280029,0.8773086667060852,-0.04566724970936775,0.4777488112449646,0.12266182154417038,0.9837360978126526,-0.131214901804924,-0.4639866054058075,0.17371751368045808,0.8686419129371643],"EasingStyle":"Linear","EasingDirection":"In"},"Right Arm":{"Weight":1,"CFrame":[-0.07014140486717224,-0.2051035612821579,-0.010040044784545899,0.3962629437446594,-0.910022497177124,-0.1217980906367302,0.9046602845191956,0.3643498122692108,0.22099542617797852,-0.1567337065935135,-0.19775818288326264,0.9676395058631897],"EasingStyle":"Linear","EasingDirection":"In"},"Head":{"Weight":1,"CFrame":[1.4621764421463014e-7,-1.1175870895385743e-8,-1.1920928955078126e-7,0.9957459568977356,-0.09205491840839386,0.003991118632256985,0.09211220592260361,0.9934070110321045,-0.06824801117181778,0.0023177636321634056,0.06832532584667206,0.9976603984832764],"EasingStyle":"Linear","EasingDirection":"In"},"Right Leg":{"Weight":1,"CFrame":[0.1232912540435791,0.5255305767059326,-0.05545344948768616,0.8351707458496094,-0.5453012585639954,-0.07166901975870133,0.5491935014724731,0.8338630199432373,0.055307161062955859,0.029602982103824617,-0.08555100858211518,0.9958938956260681],"EasingStyle":"Linear","EasingDirection":"In"},"Torso":{"Weight":1,"CFrame":[0.11449545621871948,-0.008977475576102734,-0.4030904769897461,0.7857967615127564,0.6132684350013733,-0.08015819638967514,-0.6184410452842712,0.7806563377380371,-0.090035580098629,0.007360043004155159,0.12032277137041092,0.9927075505256653],"EasingStyle":"Linear","EasingDirection":"In"},"HumanoidRootPart":{"Weight":0,"CFrame":[0,0,0,1,0,0,0,1,0,0,0,1],"EasingStyle":"Linear","EasingDirection":"In"},"Left Arm":{"Weight":1,"CFrame":[-0.03813505172729492,-0.5784040093421936,-0.02488499879837036,0.036644093692302707,0.9735794067382813,-0.22538946568965913,-0.9180325865745544,0.12190080434083939,0.3773013651371002,0.3948080241680145,0.19308896362781526,0.8982445597648621],"EasingStyle":"Linear","EasingDirection":"In"}}},{"Time":0.30000001192092898,"poses":{"Left Leg":{"Weight":1,"CFrame":[0.055526137351989749,0.31849509477615359,0.07739955186843872,0.894385039806366,-0.014155661687254906,0.44707387685775759,0.0951429158449173,0.9826473593711853,-0.15922287106513978,-0.43706199526786806,0.18494251370429994,0.8802119493484497],"EasingStyle":"Linear","EasingDirection":"In"},"Right Arm":{"Weight":1,"CFrame":[-0.09197771549224854,-0.21047766506671906,0.001774907112121582,0.40476396679878237,-0.9110400080680847,-0.07856398820877075,0.885744035243988,0.36927250027656557,0.28123897314071658,-0.2272084504365921,-0.1834227442741394,0.9564164280891419],"EasingStyle":"Linear","EasingDirection":"In"},"Head":{"Weight":1,"CFrame":[1.2415694072842599e-7,1.1175870895385743e-8,0,0.9978185296058655,-0.0659952387213707,0.0016757064731791616,0.06592070311307907,0.9946801662445068,-0.07915715128183365,0.00355719611980021,0.07909491658210755,0.9968607425689697],"EasingStyle":"Linear","EasingDirection":"In"},"Right Leg":{"Weight":1,"CFrame":[0.12034815549850464,0.5125983953475952,-0.06087043881416321,0.8435382843017578,-0.5238137245178223,-0.1185852438211441,0.5328962206840515,0.8437972664833069,0.06346379965543747,0.06681874394416809,-0.11672776937484741,0.9909136891365051],"EasingStyle":"Linear","EasingDirection":"In"},"Torso":{"Weight":1,"CFrame":[0.1362239420413971,-0.00856687594205141,-0.43447959423065188,0.8040788769721985,0.587770938873291,-0.08934468775987625,-0.5944182276725769,0.7976240515708923,-0.10228793323040009,0.011141589842736721,0.13535568118095399,0.9907343983650208],"EasingStyle":"Linear","EasingDirection":"In"},"HumanoidRootPart":{"Weight":0,"CFrame":[0,0,0,1,0,0,0,1,0,0,0,1],"EasingStyle":"Linear","EasingDirection":"In"},"Left Arm":{"Weight":1,"CFrame":[-0.02066284418106079,-0.5889016389846802,-0.008027136325836182,0.10123421996831894,0.9754488468170166,-0.19557900726795197,-0.8974288702011108,0.17438630759716035,0.4052295386791229,0.4293868839740753,0.13449518382549287,0.8930497765541077],"EasingStyle":"Linear","EasingDirection":"In"}}},{"Time":0.3166666626930237,"poses":{"Left Leg":{"Weight":1,"CFrame":[0.04062540829181671,0.3264073133468628,0.08384376764297486,0.9147387742996216,0.013923253864049912,0.40380582213401797,0.06649143248796463,0.9805932641029358,-0.1844334602355957,-0.39853718876838686,0.19555804133415223,0.8960609436035156],"EasingStyle":"Linear","EasingDirection":"In"},"Right Arm":{"Weight":1,"CFrame":[-0.10635250806808472,-0.21862778067588807,0.010415971279144287,0.40986010432243349,-0.9121462106704712,-0.0020182279404252769,0.8541381359100342,0.3830166757106781,0.35177573561668398,-0.320097953081131,-0.14590242505073548,0.936082124710083],"EasingStyle":"Linear","EasingDirection":"In"},"Head":{"Weight":1,"C