{"Sequence":[{"Time":0,"poses":{"Left Leg":{"Weight":1,"CFrame":[-0.5795556306838989,-0.341031551361084,-0.013142943382263184,0.2469666451215744,-0.968309223651886,-0.03721218183636665,0.9689380526542664,0.24625135958194734,0.02278636023402214,-0.01290072314441204,-0.041683826595544818,0.999047577381134],"EasingStyle":"Linear","EasingDirection":"In"},"Right Arm":{"Weight":1,"CFrame":[0.25637996196746828,-0.9208420515060425,-0.03761255741119385,-0.22548659145832063,-0.5499709844589233,0.8041691780090332,0.9581456780433655,-0.2746298015117645,0.08084189146757126,0.17638815939426423,0.7887397408485413,0.5888774991035461],"EasingStyle":"Linear","EasingDirection":"In"},"Head":{"Weight":1,"CFrame":[6.798654794692993e-8,-2.0489096641540528e-8,1.1920928955078126e-7,0.9558002352714539,-0.27090394496917727,-0.11426782608032227,0.2636059522628784,0.9617066979408264,-0.07504776865243912,0.1302228718996048,0.041608989238739017,0.9906113743782044],"EasingStyle":"Linear","EasingDirection":"In"},"Right Leg":{"Weight":1,"CFrame":[0.005210991948843002,-0.04225921630859375,0.022895216941833497,0.9550279378890991,0.04886312782764435,-0.29246199131011965,-0.08118993788957596,0.9917266964912415,-0.0994308814406395,0.2851838767528534,0.11870420724153519,0.951093852519989],"EasingStyle":"Linear","EasingDirection":"In"},"Torso":{"Weight":1,"CFrame":[-0.10238052904605866,0.01385500654578209,-0.03238534927368164,0.9612129330635071,0.2744086682796478,0.027742376551032068,-0.2749353051185608,0.9613067507743836,0.017318783327937127,-0.02191651053726673,-0.024274395778775216,0.9994650483131409],"EasingStyle":"Linear","EasingDirection":"In"},"HumanoidRootPart":{"Weight":1,"CFrame":[0,0,0,1,0,0,0,1,0,0,0,1],"EasingStyle":"Linear","EasingDirection":"In"},"Left Arm":{"Weight":1,"CFrame":[-0.05431818217039108,0.6254699230194092,0.013385891914367676,-0.9398183822631836,0.05183286964893341,-0.33771994709968569,-0.04178505763411522,-0.9984428882598877,-0.03695907071232796,-0.3391098082065582,-0.02062317728996277,0.940520703792572],"EasingStyle":"Linear","EasingDirection":"In"}}},{"Time":0.05263157933950424,"poses":{"Left Leg":{"Weight":1,"CFrame":[-0.5934041142463684,-0.3451864719390869,-0.011435449123382569,0.24771428108215333,-0.9680231213569641,-0.03960965573787689,0.9686320424079895,0.24662266671657563,0.030484115704894067,-0.019740721210837365,-0.045918531715869907,0.9987501502037048],"EasingStyle":"Linear","EasingDirection":"In"},"Right Arm":{"Weight":1,"CFrame":[0.2565357983112335,-0.9206554889678955,-0.04220849275588989,-0.2508414387702942,-0.5467823147773743,0.7988166809082031,0.9479233622550964,-0.30604949593544009,0.08817541599273682,0.19626471400260926,0.7793348431587219,0.595077395439148],"EasingStyle":"Linear","EasingDirection":"In"},"Head":{"Weight":1,"CFrame":[7.450580596923828e-8,-9.313225746154785e-9,-5.960464477539063e-8,0.9588291049003601,-0.2612723708152771,-0.11128143966197968,0.2542566955089569,0.9643470644950867,-0.07340487092733383,0.12649257481098176,0.042088668793439868,0.9910743236541748],"EasingStyle":"Linear","EasingDirection":"In"},"Right Leg":{"Weight":1,"CFrame":[0.015554875135421753,-0.040532827377319339,0.02490246295928955,0.9569016695022583,0.05436740443110466,-0.28527790307998659,-0.08528531342744827,0.9916147589683533,-0.09709153324365616,0.2776072025299072,0.11723703891038895,0.9535144567489624],"EasingStyle":"Linear","EasingDirection":"In"},"Torso":{"Weight":1,"CFrame":[-0.10332655906677246,0.014003600925207138,-0.0326228141784668,0.9636175632476807,0.2659822702407837,0.026355789974331857,-0.2664787769317627,0.9636818170547485,0.017504524439573289,-0.02074270322918892,-0.02389092557132244,0.9994993805885315],"EasingStyle":"Linear","EasingDirection":"In"},"HumanoidRootPart":{"Weight":1,"CFrame":[0,0,0,1,0,0,0,1,0,0,0,1],"EasingStyle":"Linear","EasingDirection":"In"},"Left Arm":{"Weight":1,"CFrame":[-0.05453232675790787,0.6225566864013672,0.012853384017944336,-0.9397230744361877,0.05195876210927963,-0.3379656672477722,-0.042166609317064288,-0.9984526038169861,-0.03625654801726341,-0.33932653069496157,-0.019820304587483407,0.9404598474502564],"EasingStyle":"Linear","EasingDirection":"In"}}},{"Time":0.10526315867900849,"poses":{"Left Leg":{"Weight":1,"CFrame":[-0.6503830552101135,-0.32887959480285647,-0.007268369197845459,0.2843981683254242,-0.9576213955879211,-0.045595962554216388,0.9578462839126587,0.2818075120449066,0.055813804268836978,-0.040599241852760318,-0.05954726040363312,0.997399628162384],"EasingStyle":"Linear","EasingDirection":"In"},"Right Arm":{"Weight":1,"CFrame":[0.25692546367645266,-0.9193493127822876,-0.05369853973388672,-0.318278431892395,-0.5346441268920898,0.7828503251075745,0.9149138927459717,-0.3894905745983124,0.10596976429224014,0.24825678765773774,0.7499684691429138,0.6131198406219482],"EasingStyle":"Linear","EasingDirection":"In"},"Head":{"Weight":1,"CFrame":[7.543712854385376e-8,-9.313225746154785e-9,-4.172325134277344e-7,0.9667910933494568,-0.234121173620224,-0.10248135030269623,0.22787006199359895,0.971234917640686,-0.06912359595298767,0.11571674793958664,0.043475642800331119,0.9923303723335266],"EasingStyle":"Linear","EasingDirection":"In"},"Right Leg":{"Weight":1,"CFrame":[0.048313774168491366,-0.03516495227813721,0.030892372131347657,0.9614882469177246,0.0722661241889,-0.26517537236213686,-0.09938722103834152,0.9909421801567078,-0.09031019359827042,0.25624725222587588,0.11318718641996384,0.9599615335464478],"EasingStyle":"Linear","EasingDirection":"In"},"Torso":{"Weight":1,"CFrame":[-0.10521519184112549,0.014396782964468003,-0.034407854080200198,0.9701748490333557,0.24135389924049378,0.02256646193563938,-0.24177046120166779,0.9701666831970215,0.01799599826335907,-0.017549825832247735,-0.022915169596672059,0.99958336353302],"EasingStyle":"Linear","EasingDirection":"In"},"HumanoidRootPart":{"Weight":1,"CFrame":[0,0,0,1,0,0,0,1,0,0,0,1],"EasingStyle":"Linear","EasingDirection":"In"},"Left Arm":{"Weight":1,"CFrame":[-0.05603151023387909,0.6021639108657837,0.009126067161560059,-0.9390532374382019,0.052834462374448779,-0.3396874666213989,-0.04484223201870918,-0.9985023736953735,-0.03134099766612053,-0.34083467721939089,-0.01419864036142826,0.9400160908699036],"EasingStyle":"Linear","EasingDirection":"In"}}},{"Time":0.15789473056793214,"poses":{"Left Leg":{"Weight":1,"CFrame":[-0.7472682595252991,-0.21151161193847657,-0.010983884334564209,0.44958505034446719,-0.8918840885162354,-0.04915532097220421,0.8912360072135925,0.44421589374542239,0.09149020910263062,-0.05976313352584839,-0.08494163304567337,0.994592010974884],"EasingStyle":"Linear","EasingDirection":"In"},"Right Arm":{"Weight":1,"CFrame":[0.2574319839477539,-0.9158031940460205,-0.06863576173782349,-0.41344204545021059,-0.5073261260986328,0.7560992240905762,0.8529243469238281,-0.5064601302146912,0.1265631467103958,0.3187253177165985,0.6972218751907349,0.6421026587486267],"EasingStyle":"Linear","EasingDirection":"In"},"Head":{"Weight":1,"CFrame":[7.031485438346863e-8,-1.1175870895385743e-8,1.1920928955078126e-7,0.977446973323822,-0.19195258617401124,-0.08804325014352799,0.18681600689888,0.9803498983383179,-0.06335489451885224,0.09847433120012284,0.045478153973817828,0.9940999150276184],"EasingStyle":"Linear","EasingDirection":"In"},"Right Leg":{"Weight":1,"CFrame":[0.10362095385789871,-0.026064276695251466,0.03864431381225586,0.9670170545578003,0.10296571999788284,-0.23297220468521119,-0.12447023391723633,0.9890308380126953,-0.07953113317489624,0.22222769260406495,0.10590598732233048,0.9692258834838867],"EasingStyle":"Linear","EasingDirection":"In"},"Torso":{"Weight":1,"CFrame":[-0.10663009434938431,0.014905605465173722,-0.03935694694519043,0.979367733001709,0.20137672126293183,0.0169204231351614,-0.20167939364910127,0.9792744517326355,0.018632031977176667,-0.012817678973078728,-0.02166011370718479,0.9996832013130188],"EasingStyle":"Linear","EasingDirection":"In"},"HumanoidRootPart":{"Weight":1,"CFrame":[0,0,0,1,0,0,0,1,0,0,0,1],"EasingStyle":"Linear","EasingDirection":"In"},"Left Arm":{"Weight":1,"CFrame":[-0.06010085344314575,0.5468144416809082,-0.0009908676147460938,-0.9372090697288513,0.05515938624739647,-0.3443787097930908,-0.052145443856716159,-0.9984769821166992,-0.018015746027231218,-0.34484806656837466,0.001073158928193152,0.9386579990386963],"EasingStyle":"Linear","EasingDirection":"In"}}},{"Time":0.21052631735801698,"poses":{"Left Leg":{"Weight":1,"CFrame":[-0.7384121417999268,-0.03182649612426758,-0.019594967365264894,0.7064758539199829,-0.7067636847496033,-0.03710802644491196,0.7064446210861206,0.701047956943512,0.09730250388383866,-0.042755428701639178,-0.09495662152767182,0.9945628643035889],"EasingStyle":"Linear","EasingDirection":"In"},"Right Arm":{"Weight":1,"CFrame":[0.2579385042190552,-0.9088977575302124,-0.08357292413711548,-0.520314633846283,-0.4601036012172699,0.7194284796714783,0.7584740519523621,-0.6361028552055359,0.14174041152000428,0.39241528511047366,0.6194174289703369,0.6799502968788147],"EasingStyle":"Linear","EasingDirection":"In"},"Head":{"Weight":1,"CFrame":[7.031485438346863e-8,-2.0489096641540528e-8,2.384185791015625e-7,0.9881860017776489,-0.13727036118507386,-0.06815716624259949,0.13347747921943665,0.989387571811676,-0.05741128325462341,0.0753147229552269,0.047635577619075778,0.9960214495658875],"EasingStyle":"Linear","EasingDirection":"In"},"Right Leg":{"Weight":1,"CFrame":[0.1904386281967163,-0.006273627281188965,0.04678046703338623,0.9700306057929993,0.15101146697998048,-0.1903577297925949,-0.16436193883419038,0.9847908616065979,-0.05632203072309494,0.17895735800266267,0.08592159301042557,0.9800978899002075],"EasingStyle":"Linear","EasingDirection":"In"},"Torso":{"Weight":1,"CFrame":[-0.08988136053085327,0.01536773145198822,-0.052403926849365237,0.9890518188476563,0.14723126590251923,0.009973856620490551,-0.14740093052387238,0.9888902902603149,0.019209682941436769,-0.0070347837172448639,-0.020469525828957559,0.9997657537460327],"EasingStyle":"Linear","EasingDirection":"In"},"HumanoidRootPart":{"Weight":1,"CFrame":[0,0,0,1,0,0,0,1,0,0,0,1],"EasingStyle":"Linear","EasingDirection":"In"},"Left Arm":{"Weight":1,"CFrame":[-0.11379784345626831,0.1418042778968811,-0.032961130142211917,-0.9060731530189514,0.08944915980100632,-0.41355812549591067,-0.11093727499246597,-0.9934276938438416,0.028184644877910615,-0.4083189368247986,0.07141625881195069,0.9100414514541626],"EasingStyle":"Linear","EasingDirection":"In"}}},{"Time":0.2631579041481018,"poses":{"Left Leg":{"Weight":1,"CFrame":[-0.558464527130127,0.0504421591758728,-0.0038393139839172365,0.8992207646369934,-0.43748077750205996,-0.0035455909091979267,0.43682950735092165,0.8973763585090637,0.06241568922996521,-0.024123970419168474,-0.057674340903759,0.998043954372406],"EasingStyle":"Linear","EasingDirection":"In"},"Right Arm":{"Weight":1,"CFrame":[0.2583281397819519,-0.8975130319595337,-0.09506303071975708,-0.6233754754066467,-0.393697589635849,0.6755778193473816,0.6356557607650757,-0.7583028674125671,0.14463214576244355,0.455351322889328,0.5195950865745544,0.7229635119438171],"EasingStyle":"Linear","EasingDirection":"In"},"Head":{"Weight":1,"CFrame":[7.566995918750763e-8,-3.725290298461914e-9,-1.1920928955078126e-7,0.9964192509651184,-0.07272350788116455,-0.04312807694077492,0.07042231410741806,0.9961256980895996,-0.05267130210995674,0.046791426837444308,0.04944551736116409,0.9976802468299866],"EasingStyle":"Linear","EasingDirection":"In"},"Right Leg":{"Weight":1,"CFrame":[0.28066709637641909,0.021582365036010743,0.044800519943237308,0.9694215655326843,0.20219634473323823,-0.13906270265579225,-0.20661529898643495,0.9782575368881226,-0.01795758306980133,0.13240818679332734,0.046140871942043307,0.9901208281517029],"EasingStyle":"Linear","EasingDirection":"In"},"Torso":{"Weight":1,"CFrame":[-0.049915436655282977,0.015632793307304384,-0.06923794746398926,0.9966515302658081,0.08173266053199768,0.002342538209632039,-0.08176289498806,0.9964603185653687,0.019541004672646524,-0.0007371078245341778,-0.01966710574924946,0.9998064041137695],"EasingStyle":"Linear","EasingDirection":"In"},"HumanoidRootPart":{"Weight":1,"CFrame":[0,0,0,1,0,0,0,1,0,0,0,1],"EasingStyle":"Linear","EasingDirection":"In"},"Left Arm":{"Weight":1,"CFrame":[-0.2077249437570572,-0.5279565453529358,-0.07727319002151489,-0.8266322612762451,0.16280105710029603,-0.5386789441108704,-0.2525831162929535,-0.9627368450164795,0.09664150327444077,-0.5028727650642395,0.21594807505607606,0.8369500637054443],"EasingStyle":"Linear","EasingDirection":"In"}}},{"Time":0.31578946113586428,"poses":{"Left Leg":{"Weight":1,"CFrame":[-0.3717959225177765,0.03704732656478882,0.01871514320373535,0.9658375978469849,-0.2542991638183594,0.049897048622369769,0.25388896465301516,0.9671247005462647,0.014498974196612835,-0.051943790167570117,-0.0013353575486689807,0.9986491203308106],"EasingStyle":"Linear","EasingDirection":"In"},"Right Arm":{"Weight":1,"CFrame":[0.25848400592803957,-0.8805296421051025,-0.09965896606445313,-0.7110967040061951,-0.31493738293647768,0.6286142468452454,0.4961428642272949,-0.8582629561424255,0.13125140964984895,0.49818044900894167,0.40521499514579775,0.7665618658065796],"EasingStyle":"Linear","EasingDirection":"In"},"Head":{"Weight":1,"CFrame":[7.727066986262798e-8,-1.2099917512387038e-8,2.384185791015625e-7,0.9999091029167175,-0.0011526193702593446,-0.013432687148451805,0.0004731007502414286,0.9987249374389648,-0.05048079043626785,0.013473744504153729,0.05046984925866127,0.9986346960067749],"EasingStyle":"Linear","EasingDirection":"In"},"Right Leg":{"Weight":1,"CFrame":[0.34018653631210329,0.04144895076751709,0.02918100357055664,0.967079758644104,0.24060635268688203,-0.0828571692109108,-0.23947861790657044,0.9706187844276428,0.02343899942934513,0.08606237173080445,-0.002824898809194565,0.9962858557701111],"EasingStyle":"Linear","EasingDirection":"In"},"Torso":{"Weight":1,"CFrame":[-0.004269249737262726,0.015627510845661165,-0.07759594917297363,0.9999513626098633,0.00829741545021534,-0.005336649715900421,-0.00819170381873846,0.9997756481170654,0.019534388557076455,0.005497537087649107,-0.019489722326397897,0.9997949600219727],"EasingStyle":"Linear","EasingDirection":"In"},"HumanoidRootPart":{"Weight":1,"CFrame":[0,0,0,1,0,0,0,1,0,0,0,1],"EasingStyle":"Linear","EasingDirection":"In"},"Left Arm":{"Weight":1,"CFrame":[-0.25848403573036196,-0.8805299401283264,-0.09965896606445313,-0.734638512134552,0.2581384479999542,-0.6274319291114807,-0.4418369233608246,-0.8838295936584473,0.15370596945285798,-0.5148654580116272,0.3901408314704895,0.7633503079414368],"EasingStyle":"Linear","EasingDirection":"In"}}},{"Time":0.3684210479259491,"poses":{"Left Leg":{"Weight":1,"CFrame":[-0.30360540747642519,0.020380079746246339,0.03990066051483154,0.9701008200645447,-0.21249188482761384,0.11726786941289902,0.2164279669523239,0.9760558605194092,-0.0217711441218853,-0.10983378440141678,0.04650023952126503,0.9928616881370544],"EasingStyle":"Linear","EasingDirection":"In"},"Right Arm":{"Weight":1,"CFrame":[0.23988528549671174,-0.730621874332428,-0.08942872285842896,-0.7856456637382507,-0.23622101545333863,0.5718047022819519,0.3551730513572693,-0.9289718866348267,0.10422718524932862,0.5065699219703674,0.28497523069381716,0.8137420415878296],"EasingStyle":"Linear","EasingDirection":"In"},"Head":{"Weight":1,"CFrame":[7.35744833946228e-8,-1.1292286217212677e-8,-2.980232238769531e-7,0.9970904588699341,0.07364664226770401,0.019665930420160295,-0.07254082709550858,0.9960082769393921,-0.052013471722602847,-0.023418046534061433,0.05043555051088333,0.9984527230262756],"EasingStyle":"Linear","EasingDirection":"In"},"Right Leg":{"Weight":1,"CFrame":[0.43937206268310549,0.026462972164154054,0.011898636817932129,0.9158530831336975,0.40058454871177676,-0.027298394590616227,-0.39844101667404177,0.9151365160942078,0.06139971688389778,0.04957761988043785,-0.045356348156929019,0.9977399110794067],"EasingStyle":"Linear","EasingDirection":"In"},"Torso":{"Weight":1,"CFrame":[0.03274478763341904,0.015387356281280518,-0.07352685928344727,0.9975568652153015,-0.06873839348554611,-0.012465234845876694,0.0689702257514,0.9974333047866821,0.019234195351600648,0.01111111231148243,-0.020046932622790338,0.9997373223304749],"EasingStyle":"Linear","EasingDirection":"In"},"HumanoidRootPart":{"Weight":1,"CFrame":[0,0,0,1,0,0,0,1,0,0,0,1],"EasingStyle":"Linear","EasingDirection":"In"},"Left Arm":{"Weight":1,"CFrame":[-0.25954216718673708,-0.8736810684204102,-0.09371894598007202,-0.6358909606933594,0.3706088066101074,-0.6769726872444153,-0.6352118849754334,-0.7495225071907044,0.18633805215358735,-0.4383477568626404,0.5485116839408875,0.7120295763015747],"EasingStyle":"Linear","EasingDirection":"In"}}},{"Time":0.42105263471603396,"poses":{"Left Leg":{"Weight":1,"CFrame":[-0.2212744802236557,0.0009612441062927246,0.051050543785095218,0.9685484170913696,-0.16706815361976624,0.184397354722023,0.17930057644844056,0.9824366569519043,-0.05166778713464737,-0.17252671718597413,0.08310528844594956,0.981492817401886],"EasingStyle":"Linear","EasingDirection":"In"},"Right Arm":{"Weight":1,"CFrame":[0.19524654746055604,-0.39962607622146609,-0.06482535600662232,-0.8485808372497559,-0.16426372528076173,0.5029196739196777,0.227946937084198,-0.9713408946990967,0.06735745817422867,0.47744205594062807,0.17179721593856812,0.8617045879364014],"EasingStyle":"Linear","EasingDirection":"In"},"Head":{"Weight":1,"CFrame":[7.310882210731507e-8,-4.656612873077393e-10,-3.5762786865234377e-7,0.9881171584129334,0.14450086653232575,0.0523839145898819,-0.14150451123714448,0.9882947206497192,-0.0570099800825119,-0.06000873073935509,0.04891997203230858,0.9969984889030457],"EasingStyle":"Linear","EasingDirection":"In"},"Right Leg":{"Weight":1,"CFrame":[0.527573823928833,-0.0631251335144043,0.0004591941833496094,0.7655595541000366,0.6432477235794067,0.012294088490307331,-0.6424626111984253,0.7633340358734131,0.06755074858665467,0.03406742960214615,-0.05961263179779053,0.9976401329040527],"EasingStyle":"Linear","EasingDirection":"In"},"Torso":{"Weight":1,"CFrame":[0.05972966551780701,0.014962490648031235,-0.06369781494140625,0.9897031188011169,-0.1419249325990677,-0.018576759845018388,0.142268568277359,0.9896513819694519,0.018703101202845575,0.015730081126093866,-0.0211534071713686,0.9996525049209595],"EasingStyle":"Linear","EasingDirection":"In"},"HumanoidRootPart":{"Weight":1,"CFrame":[0,0,0,1,0,0,0,1,0,0,0,1],"EasingStyle":"Linear","EasingDirection":"In"},"Left Arm":{"Weight":1,"CFrame":[-0.26008275151252749,-0.8560171723365784,-0.07943296432495117,-0.5056055784225464,0.46566659212112429,-0.7263041734695435,-0.7961586117744446,-0.576169490814209,0.1848253607749939,-0.33240726590156557,0.671701967716217,0.6620588302612305],"EasingStyle":"Linear","EasingDirection":"In"}}},{"Time":0.4736842215061188,"poses":{"Left Leg":{"Weight":1,"CFrame":[-0.13962075114250184,-0.017297029495239259,0.04901111125946045,0.9637401700019836,-0.12257140874862671,0.237025648355484,0.14373883605003358,0.9868358969688416,-0.0741230919957161,-0.224820077419281,0.10550523549318314,0.9686715602874756],"EasingStyle":"Linear","EasingDirection":"In"},"Right Arm":{"Weight":1,"CFrame":[0.14130407571792603,-0.005166202783584595,-0.034980595111846927,-0.8945071697235107,-0.10550880432128906,0.43442463874816897,0.12961071729660035,-0.9912204146385193,0.026138786226511,0.4278528690338135,0.07968749105930329,0.9003288149833679],"EasingStyle":"Linear","EasingDirection":"In"},"Head":{"Weight":1,"CFrame":[5.448237061500549e-8,-4.6566128730773929e-9,0,0.9757582545280457,0.20351099967956544,0.08049345016479492,-0.19871164858341218,0.9779796004295349,-0.0637945905327797,-0.09170383960008621,0.04625311121344566,0.9947115778923035],"EasingStyle":"Linear","EasingDirection":"In"},"Right Leg":{"Weight":1,"CFrame":[0.5860284566879273,-0.18017125129699708,-0.0072280168533325199,0.5595337748527527,0.8281888365745544,0.032017890363931659,-0.828481137752533,0.5578117370605469,0.049650561064481738,0.023260127753019334,-0.05430750548839569,0.9982534050941467],"EasingStyle":"Linear","EasingDirection":"In"},"Torso":{"Weight":1,"CFrame":[0.07851911336183548,0.014470037072896958,-0.05176138877868652,0.9788637161254883,-0.20318986475467683,-0.02323540486395359,0.20362311601638795,0.9788822531700134,0.01808752864599228,0.019069524481892587,-0.022436488419771196,0.999566376209259],"EasingStyle":"Linear","EasingDirection":"In"},"HumanoidRootPart":{"Weight":1,"CFrame":[0,0,0,1,0,0,0,1,0,0,0,1],"EasingStyle":"Linear","EasingDirection":"In"},"Left Arm":{"Weight":1,"CFrame":[-0.26028260588645937,-0.8318637013435364,-0.062103092670440677,-0.3698194921016693,0.5261344313621521,-0.765778124332428,-0.9026021957397461,-0.3988991975784302,0.1618293672800064,-0.22032430768013,0.7510406374931336,0.622410774230957],"EasingStyle":"Linear","EasingDirection":"In"}}},{"Time":0.5263158082962036,"poses":{"Left Leg":{"Weight":1,"CFrame":[-0.07140009105205536,-0.0308835506439209,0.03886103630065918,0.9589512348175049,-0.0851641520857811,0.27048030495643618,0.11284846812486649,0.9896647930145264,-0.0884806290268898,-0.26014941930770876,0.11537183821201325,0.9586510062217712],"EasingStyle":"Linear","EasingDirection":"In"},"Right Arm":{"Weight":1,"CFrame":[0.09479419142007828,0.3351316452026367,-0.009025514125823975,-0.9221481084823608,-0.07098725438117981,0.38026800751686098,0.07318107783794403,-0.9972806572914124,-0.00870519783347845,0.37985190749168398,0.019800854846835138,0.9248354434967041],"EasingStyle":"Linear","EasingDirection":"In"},"Head":{"Weight":1,"CFrame":[6.239861249923706e-8,-1.30385160446167e-8,1.1920928955078126e-7,0.9647820591926575,0.24324454367160798,0.10013874620199204,-0.2370484173297882,0.9689803719520569,-0.0698944702744484,-0.11403392255306244,0.043695200234651569,0.992515504360199],"EasingStyle":"Linear","EasingDirection":"In"},"Right Leg":{"Weight":1,"CFrame":[0.6022254228591919,-0.27735936641693118,-0.011968851089477539,0.3790350556373596,0.9246275424957275,0.03736784681677818,-0.9252476692199707,0.377981573343277,0.032355111092329028,0.015792138874530793,-0.04683828726410866,0.9987776875495911],"EasingStyle":"Linear","EasingDirection":"In"},"Torso":{"Weight":1,"CFrame":[0.09093230962753296,0.014100633561611176,-0.04136824607849121,0.9691905975341797,-0.2449333816766739,-0.026023557409644128,0.2454231232404709,0.969255805015564,0.017625771462917329,0.020906347781419755,-0.023469513282179834,0.9995059370994568],"EasingStyle":"Linear","EasingDirection":"In"},"HumanoidRootPart":{"Weight":1,"CFrame":[0,0,0,1,0,0,0,1,0,0,0,1],"EasingStyle":"Linear","EasingDirection":"In"},"Left Arm":{"Weight":1,"CFrame":[-0.2603183388710022,-0.8055479526519775,-0.04703068733215332,-0.2621910274028778,0.5525313019752502,-0.7911796569824219,-0.9561797380447388,-0.2594411075115204,0.13568654656410218,-0.13029342889785767,0.7920855283737183,0.596342146396637],"EasingStyle":"Linear","EasingDirection":"In"}}},{"Time":0.5789473652839661,"poses":{"Left Leg":{"Weight":1,"CFrame":[-0.028313271701335908,-0.03846919536590576,0.0291292667388916,0.9561391472816467,-0.061451688408851626,0.28639400005340578,0.0924093946814537,0.9910967946052551,-0.09585294127464295,-0.2779539227485657,0.11811427026987076,0.9533051252365112],"EasingStyle":"Linear","EasingDirection":"In"},"Right Arm":{"Weight":1,"CFrame":[0.06827150285243988,0.5321862697601318,0.006101012229919434,-0.9347968697547913,-0.05771544948220253,0.3504624366760254,0.050978146493434909,-0.9982950687408447,-0.02842734381556511,0.3515055179595947,-0.008707898668944836,0.9361453652381897],"EasingStyle":"Linear","EasingDirection":"In"},"Head":{"Weight":1,"CFrame":[7.636845111846924e-8,-1.862645149230957e-9,1.1920928955078126e-7,0.958571195602417,0.26271510124206545,0.11010034382343292,-0.2557552754878998,0.9639489650726318,-0.07342720776796341,-0.12542155385017396,0.042226456105709079,0.9912045001983643],"EasingStyle":"Linear","EasingDirection":"In"},"Right Leg":{"Weight":1,"CFrame":[0.5909711718559265,-0.32435011863708498,-0.013064861297607422,0.28470736742019656,0.9578894376754761,0.03727751225233078,-0.9585223197937012,0.2839253842830658,0.02492912858724594,0.013295380398631096,-0.04282890260219574,0.998993992805481],"EasingStyle":"Linear","EasingDirection":"In"},"Torso":{"Weight":1,"CFrame":[0.09826939553022385,0.013924870640039444,-0.03530454635620117,0.9636746048927307,-0.26568731665611269,-0.02723149210214615,0.2662026882171631,0.9637598991394043,0.01740606501698494,0.021620051935315133,-0.02402287721633911,0.9994776248931885],"EasingStyle":"Linear","EasingDirection":"In"},"HumanoidRootPart":{"Weight":1,"CFrame":[0,0,0,1,0,0,0,1,0,0,0,1],"EasingStyle":"Linear","EasingDirection":"In"},"Left Arm":{"Weight":1,"CFrame":[-0.260335236787796,-0.7813947200775147,-0.03824508190155029,-0.20361793041229249,0.5587419271469116,-0.8039572834968567,-0.97581547498703,-0.1825188249349594,0.12029578536748886,-0.07952307909727097,0.8090083003044128,0.5823929309844971],"EasingStyle":"Linear","EasingDirection":"In"}}},{"Time":0.6315789222717285,"poses":{"Left Leg":{"Weight":1,"CFrame":[-0.009117014706134797,-0.04162156581878662,0.02402639389038086,0.9551470875740051,-0.05079241469502449,0.2917431890964508,0.08292645961046219,0.9916409254074097,-0.09885124117136002,-0.28428372740745547,0.11861072480678559,0.9513750076293945],"EasingStyle":"Linear","EasingDirection":"In"},"Right Arm":{"Weight":1,"CFrame":[0.057564035058021548,0.6110875606536865,0.01222991943359375,-0.9391899108886719,-0.052577950060367587,0.3393494486808777,0.042928095906972888,-0.998433530330658,-0.03588580712676048,0.3407047390937805,-0.01913599483668804,0.9399756193161011],"EasingStyle":"Linear","EasingDirection":"In"},"Head":{"Weight":1,"CFrame":[8.475035429000855e-8,-7.450580596923828e-9,-1.7881393432617188e-7,0.9561534523963928,0.2698742747306824,0.1137479916214943,-0.26262131333351138,0.9619935750961304,-0.07482339441776276,-0.12961775064468385,0.04167000576853752,0.9906880855560303],"EasingStyle":"Linear","EasingDirection":"In"},"Right Leg":{"Weight":1,"CFrame":[0.5814172625541687,-0.33966362476348879,-0.01329350471496582,0.25113436579704287,0.967240035533905,0.037123650312423709,-0.9678710103034973,0.25043192505836489,0.022571595385670663,0.012535246089100838,-0.04159952327609062,0.999055802822113],"EasingStyle":"Linear","EasingDirection":"In"},"Torso":{"Weight":1,"CFrame":[0.10159727185964585,0.013861209154129029,-0.032846927642822269,0.9615265130996704,-0.2733142375946045,-0.02767765149474144,0.2738393545150757,0.9616193771362305,0.017326492816209794,0.021879788488149644,-0.024239113554358484,0.9994667172431946],"EasingStyle":"Linear","EasingDirection":"In"},"HumanoidRootPart":{"Weight":1,"CFrame":[0,0,0,1,0,0,0,1,0,0,0,1],"EasingStyle":"Linear","EasingDirection":"In"},"Left Arm":{"Weight":1,"CFrame":[-0.26035356521606448,-0.7637311220169067,-0.03468519449234009,-0.18193376064300538,0.5590883493423462,-0.8089007139205933,-0.9814923405647278,-0.15325972437858582,0.1148236021399498,-0.05977533012628555,0.8148200511932373,0.5766239166259766],"EasingStyle":"Linear","EasingDirection":"In"}}},{"Time":0.6842105388641357,"poses":{"Left Leg":{"Weight":1,"CFrame":[-0.005216196179389954,-0.04225897789001465,0.022896766662597657,0.955039381980896,-0.04863620921969414,0.2924625277519226,0.08095433562994003,0.9917459487915039,-0.09943097829818726,-0.2852126359939575,0.11863663792610169,0.9510936737060547],"EasingStyle":"Linear","EasingDirection":"In"},"Right Arm":{"Weight":1,"CFrame":[0.0543181449174881,0.6254699230194092,0.013385772705078125,-0.9398184418678284,-0.05183292180299759,0.33771970868110659,0.04178507253527641,-0.9984428286552429,-0.036958809942007068,0.3391095697879791,-0.020622966811060907,0.9405208230018616],"EasingStyle":"Linear","EasingDirection":"In"},"Head":{"Weight":1,"CFrame":[7.636845111846924e-8,1.862645149230957e-9,-1.1920928955078126e-7,0.9558002352714539,0.27090394496917727,0.1142679825425148,-0.26360592246055605,0.9617067575454712,-0.07504789531230927,-0.13022306561470033,0.04160907864570618,0.9906112551689148],"EasingStyle":"Linear","EasingDirection":"In"},"Right Leg":{"Weight":1,"CFrame":[0.5795558094978333,-0.3410317897796631,-0.013143301010131836,0.2467329353094101,0.9683687686920166,0.037212666124105456,-0.9689975380897522,0.24601757526397706,0.022786108776926996,0.012910442426800728,-0.041681114584207538,0.9990476369857788],"EasingStyle":"Linear","EasingDirection":"In"},"Torso":{"Weight":1,"CFrame":[0.10238054394721985,0.01385500654578209,-0.03238534927368164,0.9612129926681519,-0.2744086980819702,-0.027742549777030946,0.27493536472320559,0.9613067507743836,0.017318736761808397,0.021916691213846208,-0.024274399504065515,0.9994650483131409],"EasingStyle":"Linear","EasingDirection":"In"},"HumanoidRootPart":{"Weight":1,"CFrame":[0,0,0,1,0,0,0,1,0,0,0,1],"EasingStyle":"Linear","EasingDirection":"In"},"Left Arm":{"Weight":1,"CFrame":[-0.2603621482849121,-0.7568817138671875,-0.03401714563369751,-0.17877797782421113,0.5587185025215149,-0.8098593950271606,-0.9822638630867004,-0.14865213632583619,0.11428222060203552,-0.056535713374614719,0.8159266114234924,0.5753845572471619],"EasingStyle":"Linear","EasingDirection":"In"}}},{"Time":0.7368420958518982,"poses":{"Left Leg":{"Weight":1,"CFrame":[-0.015089575201272965,-0.04053390026092529,0.024944663047790529,0.9566090106964111,-0.054222267121076587,0.28628501296043398,0.08525357395410538,0.9916206002235413,-0.09705878049135208,-0.2786233425140381,0.11725405603647232,0.9532159566879273],"EasingStyle":"Linear","EasingDirection":"In"},"Right Arm":{"Weight":1,"CFrame":[0.051756851375103,0.6215475797653198,0.013392806053161621,-0.9309940338134766,-0.05308331176638603,0.36115431785583498,0.04241852089762688,-0.9983997344970703,-0.03739910200238228,0.36256152391433718,-0.019498776644468309,0.931755781173706],"EasingStyle":"Linear","EasingDirection":"In"},"Head":{"Weight":1,"CFrame":[1.0151416063308716e-7,-1.30385160446167e-8,3.5762786865234377e-7,0.9585495591163635,0.26210087537765505,0.11174017190933228,-0.2550566494464874,0.9641277194023132,-0.07351212203502655,-0.1269993782043457,0.04196493700146675,0.9910146594047546],"EasingStyle":"Linear","EasingDirection":"In"},"Right Leg":{"Weight":1,"CFrame":[0.587595522403717,-0.3471531867980957,-0.013452470302581787,0.24622929096221925,0.9683303236961365,0.041321806609630588,-0.9690699577331543,0.24524076282978059,0.027574565261602403,0.016567539423704149,-0.046833448112010959,0.9987652897834778],"EasingStyle":"Linear","EasingDirection":"In"},"Torso":{"Weight":1,"CFrame":[0.10333684086799622,0.014008119702339173,-0.032622575759887698,0.9636961817741394,-0.2656985819339752,-0.02634309232234955,0.2661948800086975,0.9637601971626282,0.017510125413537027,0.020736008882522584,-0.02388683520257473,0.9994996190071106],"EasingStyle":"Linear","EasingDirection":"In"},"HumanoidRootPart":{"Weight":1,"CFrame":[0,0,0,1,0,0,0,1,0,0,0,1],"EasingStyle":"Linear","EasingDirection":"In"},"Left Arm":{"Weight":1,"CFrame":[-0.2603534460067749,-0.7660405039787293,-0.038879573345184329,-0.20715659856796266,0.5580859184265137,-0.8035089373588562,-0.9748929738998413,-0.18632696568965913,0.1219266727566719,-0.08166980743408203,0.8085929155349731,0.582672655582428],"EasingStyle":"Linear","EasingDirection":"In"}}},{"Time":0.7894737124443054,"poses":{"Left Leg":{"Weight":1,"CFrame":[-0.04684368893504143,-0.03519117832183838,0.031096339225769044,0.9606530070304871,-0.072190061211586,0.2682061195373535,0.09966300427913666,0.9909194707870483,-0.09025540947914124,-0.25925514101982119,0.1134343296289444,0.9591243267059326],"EasingStyle":"Linear","EasingDirection":"In"},"Right Arm":{"Weight":1,"CFrame":[0.04940927028656006,0.5940858125686646,0.013395428657531739,-0.9078989028930664,-0.060670156031847,0.41477569937705996,0.04914578050374985,-0.9980526566505432,-0.038412317633628848,0.41629844903945925,-0.014490004628896714,0.9091125726699829],"EasingStyle":"Linear","EasingDirection":"In"},"Head":{"Weight":1,"CFrame":[9.685754776000977e-8,-1.30385160446167e-8,-3.5762786865234377e-7,0.9659804105758667,0.2367989867925644,0.10396260023117066,-0.23045873641967774,0.9706016182899475,-0.06943699717521668,-0.11734888702630997,0.04311568662524223,0.9921544194221497],"EasingStyle":"Linear","EasingDirection":"In"},"Right Leg":{"Weight":1,"CFrame":[0.6006549596786499,-0.34382879734039309,-0.011975347995758057,0.2715013325214386,0.961137056350708,0.05002577230334282,-0.9620048999786377,0.26945286989212038,0.0440671481192112,0.028875038027763368,-0.06008931249380112,0.9977753162384033],"EasingStyle":"Linear","EasingDirection":"In"},"Torso":{"Weight":1,"CFrame":[0.10523595660924912,0.014404650777578354,-0.034407615661621097,0.9703172445297241,-0.2407829463481903,-0.022540682926774026,0.2411990612745285,0.9703087210655212,0.018005795776844026,0.01753593049943447,-0.022908125072717668,0.9995837807655335],"EasingStyle":"Linear","EasingDirection":"In"},"HumanoidRootPart":{"Weight":1,"CFrame":[0,0,0,1,0,0,0,1,0,0,0,1],"EasingStyle":"Linear","EasingDirection":"In"},"Left Arm":{"Weight":1,"CFrame":[-0.26029255986213686,-0.7889391779899597,-0.05103546380996704,-0.28293102979660036,0.5512703657150269,-0.7848893404006958,-0.9475653171539307,-0.2874031364917755,0.13971246778964997,-0.1485602855682373,0.7832626700401306,0.6036797761917114],"EasingStyle":"Linear","EasingDirection":"In"}}},{"Time":0.8421052694320679,"poses":{"Left Leg":{"Weight":1,"CFrame":[-0.10115605592727661,-0.026157140731811525,0.039129018783569339,0.9659517407417297,-0.1026172935962677,0.23750166594982148,0.12462829053401947,0.9890086054801941,-0.07955963164567948,-0.22672702372074128,0.1064501702785492,0.9681236147880554],"EasingStyle":"Linear","EasingDirection":"In"},"Right Arm":{"Weight":1,"CFrame":[0.04838103801012039,0.519550085067749,0.01339578628540039,-0.876730740070343,-0.08008157461881638,0.4742681384086609,0.0692504346370697,-0.9967852830886841,-0.040293801575899127,0.47597023844718935,-0.0024835148360580208,0.879457950592041],"EasingStyle":"Linear","EasingDirection":"In"},"Head":{"Weight":1,"CFrame":[9.73232090473175e-8,-1.862645149230957e-9,0,0.9763048887252808,0.1965324729681015,0.09057494252920151,-0.19124959409236909,0.979465663433075,-0.06380215287208557,-0.10125423967838288,0.044967927038669589,0.9938437938690186],"EasingStyle":"Linear","EasingDirection":"In"},"Right Leg":{"Weight":1,"CFrame":[0.6099594831466675,-0.2553812265396118,-0.010867059230804444,0.4340384006500244,0.899109959602356,0.0566728413105011,-0.8999261260032654,0.42979758977890017,0.0735316127538681,0.04175521805882454,-0.08291694521903992,0.9956813454627991],"EasingStyle":"Linear","EasingDirection":"In"},"Torso":{"Weight":1,"CFrame":[0.10663008689880371,0.014905605465173722,-0.03935694694519043,0.979367733001709,-0.20137670636177064,-0.01692059636116028,0.20167939364910127,0.9792744517326355,0.01863199844956398,0.01281785499304533,-0.02166011556982994,0.9996832013130188],"EasingStyle":"Linear","EasingDirection":"In"},"HumanoidRootPart":{"Weight":1,"CFrame":[0,0,0,1,0,0,0,1,0,0,0,1],"EasingStyle":"Linear","EasingDirection":"In"},"Left Arm":{"Weight":1,"CFrame":[-0.26012736558914187,-0.8187057971954346,-0.06683802604675293,-0.3903883099555969,0.5276108980178833,-0.7544692754745483,-0.8883247971534729,-0.4311194121837616,0.15816201269626618,-0.24181823432445527,0.7319581508636475,0.6369936466217041],"EasingStyle":"Linear","EasingDirection":"In"}}},{"Time":0.8947368264198303,"poses":{"Left Leg":{"Weight":1,"CFrame":[-0.1879574954509735,-0.006486296653747559,0.0475461483001709,0.9693432450294495,-0.15014410018920899,0.1945006102323532,0.16393116116523744,0.98483806848526,-0.05675038322806358,-0.1830308884382248,0.08689532428979874,0.9792593717575073],"EasingStyle":"Linear","EasingDirection":"In"},"Right Arm":{"Weight":1,"CFrame":[0.10285215824842453,0.11615604162216187,-0.015914738178253175,-0.8369579315185547,-0.15893423557281495,0.5236805081367493,0.17678944766521455,-0.9841165542602539,-0.016124989837408067,0.5179256200790405,0.07908525317907334,0.8517621159553528],"EasingStyle":"Linear","EasingDirection":"In"},"Head":{"Weight":1,"CFrame":[1.0570511221885681e-7,-1.30385160446167e-8,1.1920928955078126e-7,0.9871913194656372,0.14277337491512299,0.07119857519865036,-0.13881215453147889,0.9886300563812256,-0.05780906230211258,-0.07864264398813248,0.04718536511063576,0.9957855939865112],"EasingStyle":"Linear","EasingDirection":"In"},"Right Leg":{"Weight":1,"CFrame":[0.5668795704841614,-0.11918997764587403,-0.012748122215270996,0.6772162318229675,0.7341768741607666,0.048606183379888538,-0.7350910305976868,0.6722337603569031,0.08799494802951813,0.03192915767431259,-0.09532162547111511,0.9949343204498291],"EasingStyle":"Linear","EasingDirection":"In"},"Torso":{"Weight":1,"CFrame":[0.090190589427948,0.015356015413999558,-0.05240440368652344,0.9887905120849609,-0.1489705741405487,-0.010052905417978764,0.14914146065711976,0.9886296391487122,0.019195009022951127,0.007079108152538538,-0.020479150116443635,0.9997652173042297],"EasingStyle":"Linear","EasingDirection":"In"},"HumanoidRootPart":{"Weight":1,"CFrame":[0,0,0,1,0,0,0,1,0,0,0,1],"EasingStyle":"Linear","EasingDirection":"In"},"Left Arm":{"Weight":1,"CFrame":[-0.2598056197166443,-0.8484729528427124,-0.0826408863067627,-0.5102964043617249,0.47857117652893069,-0.7145398259162903,-0.7888007164001465,-0.5914755463600159,0.1671832650899887,-0.34262368083000185,0.6489425301551819,0.6793251037597656],"EasingStyle":"Linear","EasingDirection":"In"}}},{"Time":0.9473684430122376,"poses":{"Left Leg":{"Weight":1,"CFrame":[-0.2791728675365448,0.021411538124084474,0.04545259475708008,0.9693142175674439,-0.20108264684677125,0.1414065659046173,0.20569534599781037,0.9784384369850159,-0.018644211813807489,-0.13460858166217805,0.04715874791145325,0.989776074886322],"EasingStyle":"Linear","EasingDirection":"In"},"Right Arm":{"Weight":1,"CFrame":[0.2040129005908966,-0.5277543067932129,-0.07034844160079956,-0.7649667859077454,-0.2965593636035919,0.5717328786849976,0.38514015078544619,-0.9221158623695374,0.03700557351112366,0.5162296295166016,0.24850526452064515,0.8196048140525818],"EasingStyle":"Linear","EasingDirection":"In"},"Head":{"Weight":1,"CFrame":[9.96515154838562e-8,-1.0710209608078003e-8,-2.384185791015625e-7,0.9959856271743774,0.07706879824399948,0.045530837029218677,-0.07463901489973068,0.9958090782165527,-0.05285250023007393,-0.049413301050662997,0.04924195259809494,0.9975638389587402],"EasingStyle":"Linear","EasingDirection":"In"},"Right Leg":{"Weight":1,"CFrame":[0.5160942077636719,-0.022501468658447267,-0.005390822887420654,0.8452792763710022,0.5340476632118225,0.01721194200217724,-0.5337443351745606,0.8424214124679565,0.07377801835536957,0.02490132302045822,-0.07154979556798935,0.9971261620521545],"EasingStyle":"Linear","EasingDirection":"In"},"Torso":{"Weight":1,"CFrame":[0.05056514963507652,0.015626344829797746,-0.06923794746398926,0.9964324831962586,-0.08435818552970886,-0.0024613868445158006,0.08439025282859802,0.9962413311004639,0.019532930105924608,0.0008043725392781198,-0.019670963287353517,0.9998061656951904],"EasingStyle":"Linear","EasingDirection":"In"},"HumanoidRootPart":{"Weight":1,"CFrame":[0,0,0,1,0,0,0,1,0,0,0,1],"EasingStyle":"Linear","EasingDirection":"In"},"Left Arm":{"Weight":1,"CFrame":[-0.25927528738975527,-0.8713711500167847,-0.09479671716690064,-0.6223338842391968,0.4042287766933441,-0.6702982187271118,-0.6525784134864807,-0.7408251762390137,0.1591212898492813,-0.4322523772716522,0.5364486575126648,0.7248315215110779],"EasingStyle":"Linear","EasingDirection":"In"}}},{"Time":1,"poses":{"Left Leg":{"Weight":1,"CFrame":[-0.3401874303817749,0.041449010372161868,0.02918112277984619,0.9671375751495361,-0.2403736114501953,0.08285781741142273,0.2392449527978897,0.9706763029098511,0.02343877963721752,-0.08606218546628952,-0.0028452477417886259,0.9962857961654663],"EasingStyle":"Linear","EasingDirection":"In"},"Right Arm":{"Weight":1,"CFrame":[0.25848403573036196,-0.8805297613143921,-0.09965890645980835,-0.6520806550979614,-0.4267224073410034,0.626656889