{"Sequence":[{"Time":0,"poses":{"Left Leg":{"Weight":1,"CFrame":[-0.8336911201477051,0.01399385929107666,-0.5521576404571533,0.8202754855155945,-0.2302059531211853,-0.523596465587616,0.3788929581642151,0.904464066028595,0.19592127203941346,0.42847201228141787,-0.3590964674949646,0.8291330337524414],"EasingStyle":"Linear","EasingDirection":"In"},"Right Arm":{"Weight":1,"CFrame":[-0.20952293276786805,-0.1679127812385559,0.05814003944396973,0.9395528435707092,-0.22720083594322205,0.2561655342578888,0.23221030831336976,0.9726042747497559,0.01094073336571455,-0.25163334608078005,0.049204856157302859,0.9665710926055908],"EasingStyle":"Linear","EasingDirection":"In"},"Head":{"Weight":1,"CFrame":[-2.990418579429388e-8,-4.470348358154297e-7,0,1,-0.0001390613615512848,0.00006109496462158859,0.00013901293277740479,1.000000238418579,-0.00007730722427368164,-0.00006107409717515111,0.0000773407518863678,1],"EasingStyle":"Linear","EasingDirection":"In"},"Left Arm":{"Weight":1,"CFrame":[0.15870332717895509,-0.16052043437957765,0.03688621520996094,0.9707843065261841,0.14544394612312318,-0.19085164368152619,-0.143036350607872,0.9893652200698853,0.026406921446323396,0.19266259670257569,0.0016632878687232733,0.9812635779380798],"EasingStyle":"Linear","EasingDirection":"In"},"Torso":{"Weight":1,"CFrame":[0.008586883544921875,0.0841684341430664,0.023754596710205079,0.9992026686668396,-0.022475466132164,0.03299819678068161,0.023045524954795839,0.9995899796485901,-0.016998790204524995,-0.03260260075330734,0.017745710909366609,0.9993108510971069],"EasingStyle":"Linear","EasingDirection":"In"},"HumanoidRootPart":{"Weight":0,"CFrame":[0,0,0,1,0,0,0,1,0,0,0,1],"EasingStyle":"Linear","EasingDirection":"In"},"Right Leg":{"Weight":1,"CFrame":[1.3689649105072022,-0.19491291046142579,-0.843948245048523,0.6540878415107727,0.4909267723560333,0.5754650831222534,-0.7540991902351379,0.3636787235736847,0.5468748211860657,0.05919100344181061,-0.7916620373725891,0.6080853343009949],"EasingStyle":"Linear","EasingDirection":"In"}}},{"Time":0.03333333507180214,"poses":{"Left Leg":{"Weight":1,"CFrame":[-0.8017578125,0.028665900230407716,-0.5108356475830078,0.8340129256248474,-0.19575540721416474,-0.5158514380455017,0.3377697765827179,0.9204219579696655,0.19681338965892793,0.4362734258174896,-0.3383834660053253,0.8337637782096863],"EasingStyle":"Linear","EasingDirection":"In"},"Right Arm":{"Weight":1,"CFrame":[-0.23985639214515687,-0.16098403930664063,0.03971898555755615,0.9609029293060303,-0.21207866072654725,0.17801250517368318,0.21834510564804078,0.9757381081581116,-0.016151953488588334,-0.17026817798614503,0.05438864231109619,0.9838958978652954],"EasingStyle":"Linear","EasingDirection":"In"},"Head":{"Weight":1,"CFrame":[-8.763163350522518e-8,-3.1944364309310915e-7,0,1.0000003576278687,-0.00015663355588912964,0.00006883981404826045,0.00015664100646972656,1.0000001192092896,-0.00008709914982318878,-0.00006880739238113165,0.00008712336421012878,1],"EasingStyle":"Linear","EasingDirection":"In"},"Left Arm":{"Weight":1,"CFrame":[0.1732337921857834,-0.15355274081230164,0.019381403923034669,0.9871764779090881,0.1022270917892456,-0.12260784953832627,-0.10413763672113419,0.9945198893547058,-0.009260356426239014,0.12098932266235352,0.02190970815718174,0.992412269115448],"EasingStyle":"Linear","EasingDirection":"In"},"Torso":{"Weight":1,"CFrame":[0.00043487548828125,0.10283374786376953,0.04039597511291504,0.9987224340438843,-0.03729535639286041,0.034100234508514407,0.037927642464637759,0.999116837978363,-0.01808655820786953,-0.03339557349681854,0.01935679465532303,0.9992547631263733],"EasingStyle":"Linear","EasingDirection":"In"},"HumanoidRootPart":{"Weight":0,"CFrame":[0,0,0,1,0,0,0,1,0,0,0,1],"EasingStyle":"Linear","EasingDirection":"In"},"Right Leg":{"Weight":1,"CFrame":[1.3834161758422852,-0.11867618560791016,-0.719231903553009,0.6824727058410645,0.5487496256828308,0.48280948400497439,-0.7267295122146606,0.4388943314552307,0.5284278988838196,0.07807224243879318,-0.7115097045898438,0.6983259916305542],"EasingStyle":"Linear","EasingDirection":"In"}}},{"Time":0.06666667014360428,"poses":{"Left Leg":{"Weight":1,"CFrame":[-0.6995809078216553,0.04441022872924805,-0.36178433895111086,0.8877577185630798,-0.1281108856201172,-0.4421243667602539,0.22191008925437928,0.9606199264526367,0.1672297716140747,0.4032895267009735,-0.246571347117424,0.8812267780303955],"EasingStyle":"Linear","EasingDirection":"In"},"Right Arm":{"Weight":1,"CFrame":[-0.2932397723197937,-0.14411377906799317,-0.004414081573486328,0.9807844161987305,-0.194675475358963,0.012809071689844132,0.19503551721572877,0.9800036549568176,-0.03942854329943657,-0.004877097904682159,0.04116912558674812,0.9991406798362732],"EasingStyle":"Linear","EasingDirection":"In"},"Head":{"Weight":1,"CFrame":[-0.000002194225089624524,-3.80445271730423e-7,0,1.000000238418579,-0.0002009570598602295,0.00008831179002299905,0.0002010539174079895,1.0000001192092896,-0.00011177267879247665,-0.00008831499144434929,0.00011179503053426743,1.000000238418579],"EasingStyle":"Linear","EasingDirection":"In"},"Left Arm":{"Weight":1,"CFrame":[0.20061416923999787,-0.13445746898651124,-0.005224823951721191,0.9998565316200256,0.011102663353085518,-0.012808997184038163,-0.011600002646446228,0.9991552829742432,-0.03942857310175896,0.012360505759716034,0.03957148641347885,0.9991406798362732],"EasingStyle":"Linear","EasingDirection":"In"},"Torso":{"Weight":1,"CFrame":[-0.0276947021484375,0.1533498764038086,0.07640218734741211,0.9981400370597839,-0.05644792318344116,0.023029569536447526,0.056735560297966,0.9983168244361877,-0.012031014077365399,-0.02231169119477272,0.01331523060798645,0.9996625185012817],"EasingStyle":"Linear","EasingDirection":"In"},"HumanoidRootPart":{"Weight":0,"CFrame":[0,0,0,1,0,0,0,1,0,0,0,1],"EasingStyle":"Linear","EasingDirection":"In"},"Right Leg":{"Weight":1,"CFrame":[1.339977502822876,-0.003095865249633789,-0.37541085481643679,0.7215234041213989,0.6484231948852539,0.2427998036146164,-0.6770675778388977,0.5873876214027405,0.44334569573402407,0.14485809206962586,-0.4842761158943176,0.8628401756286621],"EasingStyle":"Linear","EasingDirection":"In"}}},{"Time":0.10000000149011612,"poses":{"Left Leg":{"Weight":1,"CFrame":[-0.4899873733520508,0.011266946792602539,-0.1292262077331543,0.9707954525947571,-0.036826539784669879,-0.23706556856632234,0.05465373396873474,0.9961137175559998,0.06907089799642563,0.23360055685043336,-0.08001027256250382,0.9690351486206055],"EasingStyle":"Linear","EasingDirection":"In"},"Right Arm":{"Weight":1,"CFrame":[-0.3261471688747406,-0.13270708918571473,-0.04671090841293335,0.9714754223823547,-0.19226863980293275,-0.1388108879327774,0.19345413148403169,0.9810965657234192,-0.005030257161706686,0.1371539682149887,-0.021966731175780298,0.9903061985969544],"EasingStyle":"Linear","EasingDirection":"In"},"Head":{"Weight":1,"CFrame":[0.0000040240811358671639,-0.0000012905147741548718,0,1,-0.00025948137044906616,0.00011402215022826567,0.00025945156812667847,1,-0.00014428481517825276,-0.0001139820451498963,0.00014430757437366992,1.0000001192092896],"EasingStyle":"Linear","EasingDirection":"In"},"Left Arm":{"Weight":1,"CFrame":[0.22751957178115846,-0.11087870597839356,-0.001643061637878418,0.9963086843490601,-0.08489847183227539,0.012697398662567139,0.08481241017580033,0.9963712692260742,0.007171388249844313,-0.013260237872600556,-0.006068011280149221,0.9998936653137207],"EasingStyle":"Linear","EasingDirection":"In"},"Torso":{"Weight":1,"CFrame":[-0.06322479248046875,0.21543407440185548,0.1100006103515625,0.9975591897964478,-0.06982387602329254,0.0005558216944336891,0.06982369720935822,0.9975593090057373,0.00029006972908973694,-0.0005747170653194189,-0.0002505555748939514,0.9999998807907105],"EasingStyle":"Linear","EasingDirection":"In"},"HumanoidRootPart":{"Weight":0,"CFrame":[0,0,0,1,0,0,0,1,0,0,0,1],"EasingStyle":"Linear","EasingDirection":"In"},"Right Leg":{"Weight":1,"CFrame":[1.092274785041809,0.010926902294158936,0.09448719024658203,0.7145074009895325,0.6903882026672363,-0.11333014070987702,-0.636286199092865,0.7085874676704407,0.30503085255622866,0.29089391231536868,-0.14583641290664674,0.9455752372741699],"EasingStyle":"Linear","EasingDirection":"In"}}},{"Time":0.13333334028720857,"poses":{"Left Leg":{"Weight":1,"CFrame":[-0.19341298937797547,-0.0999906063079834,0.03225207328796387,0.9937078952789307,0.06526972353458405,0.09102175384759903,-0.05552271008491516,0.9928379058837891,-0.1057836040854454,-0.09727422893047333,0.10006420314311981,0.990214467048645],"EasingStyle":"Linear","EasingDirection":"In"},"Right Arm":{"Weight":1,"CFrame":[-0.3222139775753021,-0.1304362416267395,-0.07174760103225708,0.9521980285644531,-0.16203443706035615,-0.25896742939949038,0.18686847388744355,0.9795804619789124,0.07417929172515869,0.24165980517864228,-0.11902616918087006,0.9630333185195923],"EasingStyle":"Linear","EasingDirection":"In"},"Head":{"Weight":1,"CFrame":[0.000002303975634276867,-0.0000018035061657428742,0,0.9999998211860657,-0.0003193467855453491,0.00014035054482519627,0.00031939148902893066,1.0000001192092896,-0.00017759110778570175,-0.00014028907753527164,0.00017762649804353714,1],"EasingStyle":"Linear","EasingDirection":"In"},"Left Arm":{"Weight":1,"CFrame":[0.2478419691324234,-0.08859783411026001,0.021497488021850587,0.9872621893882752,-0.15587405860424043,-0.03189076855778694,0.15813949704170228,0.983394980430603,0.0890309140086174,0.017483629286289216,-0.09293998777866364,0.995518147945404],"EasingStyle":"Linear","EasingDirection":"In"},"Torso":{"Weight":1,"CFrame":[-0.09063339233398438,0.2709770202636719,0.11275124549865723,0.9968194365501404,-0.0753742903470993,-0.02587679587304592,0.07575765997171402,0.9970256686210632,0.014167360961437226,0.02473197504878044,-0.01608267053961754,0.9995647668838501],"EasingStyle":"Linear","EasingDirection":"In"},"HumanoidRootPart":{"Weight":0,"CFrame":[0,0,0,1,0,0,0,1,0,0,0,1],"EasingStyle":"Linear","EasingDirection":"In"},"Right Leg":{"Weight":1,"CFrame":[0.6256598234176636,-0.06507647037506104,0.43055105209350588,0.6079110503196716,0.6288329362869263,-0.48478204011917117,-0.6144106388092041,0.7592857480049133,0.2144402265548706,0.5029351115226746,0.16749468445777894,0.847939670085907],"EasingStyle":"Linear","EasingDirection":"In"}}},{"Time":0.1666666716337204,"poses":{"Left Leg":{"Weight":1,"CFrame":[-0.2926527261734009,-0.12329769134521485,0.13306379318237306,0.9651408791542053,-0.012121159583330155,0.26145052909851076,0.07259730994701386,0.9721293449401856,-0.2229226529598236,-0.2514617145061493,0.23413237929344178,0.9391216039657593],"EasingStyle":"Linear","EasingDirection":"In"},"Right Arm":{"Weight":1,"CFrame":[-0.2766978442668915,-0.13214996457099915,-0.06964409351348877,0.9318276047706604,-0.07102863490581513,-0.35588300228118899,0.14187997579574586,0.9739099740982056,0.17711524665355683,0.334017813205719,-0.2155335694551468,0.9175934195518494],"EasingStyle":"Linear","EasingDirection":"In"},"Head":{"Weight":1,"CFrame":[-7.759081199765205e-7,2.859160304069519e-7,0,1.0000001192092896,-0.0003680214285850525,0.00016176910139620304,0.00036806613206863403,1.0000001192092896,-0.0002046581357717514,-0.00016165187116712332,0.00020470283925533295,1.000000238418579],"EasingStyle":"Linear","EasingDirection":"In"},"Left Arm":{"Weight":1,"CFrame":[0.25628378987312319,-0.07478716969490051,0.04620671272277832,0.9792090058326721,-0.1810126006603241,-0.09156742691993714,0.19383960962295533,0.9680131077766419,0.15930260717868806,0.059802714735269549,-0.17373983561992646,0.9829742908477783],"EasingStyle":"Linear","EasingDirection":"In"},"Torso":{"Weight":1,"CFrame":[-0.10673904418945313,0.32581138610839846,0.028271198272705079,0.996151864528656,-0.07208084315061569,-0.04985932633280754,0.07342887669801712,0.9969679713249207,0.025752589106559755,0.047851890325546268,-0.02931460738182068,0.9984242916107178],"EasingStyle":"Linear","EasingDirection":"In"},"HumanoidRootPart":{"Weight":0,"CFrame":[0,0,0,1,0,0,0,1,0,0,0,1],"EasingStyle":"Linear","EasingDirection":"In"},"Right Leg":{"Weight":1,"CFrame":[0.2490914762020111,-0.12940311431884767,0.5354197025299072,0.425820529460907,0.562572717666626,-0.7086531519889832,-0.6347181797027588,0.7438989281654358,0.20915892720222474,0.6448333859443665,0.36073097586631777,0.6738422513008118],"EasingStyle":"Linear","EasingDirection":"In"}}},{"Time":0.20000000298023225,"poses":{"Left Leg":{"Weight":1,"CFrame":[-0.5957579016685486,-0.04536795616149902,0.2464369535446167,0.9557865262031555,-0.15121692419052125,0.2522028684616089,0.22029529511928559,0.9363161325454712,-0.2734638750553131,-0.19478921592235566,0.3169321119785309,0.9282304644584656],"EasingStyle":"Linear","EasingDirection":"In"},"Right Arm":{"Weight":1,"CFrame":[-0.21203690767288209,-0.13572412729263307,-0.042177021503448489,0.8979116082191467,0.051820747554302219,-0.43711549043655398,0.0838056430220604,0.9547558426856995,0.2853392958641052,0.43212494254112246,-0.2928420603275299,0.8529431223869324],"EasingStyle":"Linear","EasingDirection":"In"},"Head":{"Weight":1,"CFrame":[-0.0000024063047021627428,4.954636096954346e-7,0,1.0000001192092896,-0.00039283931255340576,0.00017265928909182549,0.00039286166429519653,1.000000238418579,-0.00021842867136001587,-0.00017256056889891624,0.00021852552890777588,1.0000003576278687],"EasingStyle":"Linear","EasingDirection":"In"},"Left Arm":{"Weight":1,"CFrame":[0.2514025568962097,-0.07216751575469971,0.06889033317565918,0.9739558100700378,-0.1700163334608078,-0.15001660585403443,0.19976460933685304,0.9564082026481628,0.21302135288715363,0.10725992918014527,-0.23744124174118043,0.965462327003479],"EasingStyle":"Linear","EasingDirection":"In"},"Torso":{"Weight":1,"CFrame":[-0.1155242919921875,0.38799285888671877,-0.15181970596313477,0.995646595954895,-0.061695098876953128,-0.06986945867538452,0.06415193527936936,0.9973784685134888,0.03348113223910332,0.0676206573843956,-0.037817616015672687,0.9969942569732666],"EasingStyle":"Linear","EasingDirection":"In"},"HumanoidRootPart":{"Weight":0,"CFrame":[0,0,0,1,0,0,0,1,0,0,0,1],"EasingStyle":"Linear","EasingDirection":"In"},"Right Leg":{"Weight":1,"CFrame":[0.12280634045600891,-0.19099807739257813,0.6457710266113281,0.251432865858078,0.5569303631782532,-0.7915873527526856,-0.7186540961265564,0.6552594304084778,0.23274831473827363,0.6483196020126343,0.5103569626808167,0.5649939179420471],"EasingStyle":"Linear","EasingDirection":"In"}}},{"Time":0.23333333432674409,"poses":{"Left Leg":{"Weight":1,"CFrame":[-0.6594482064247131,-0.00925135612487793,0.28792834281921389,0.9557104706764221,-0.1583881974220276,0.24805507063865663,0.233285054564476,0.9215436577796936,-0.31037968397140505,-0.17943300306797028,0.354500412940979,0.9176783561706543],"EasingStyle":"Linear","EasingDirection":"In"},"Right Arm":{"Weight":1,"CFrame":[-0.15184324979782105,-0.13771963119506837,-0.0004665851593017578,0.8443555235862732,0.17088192701339723,-0.5078031420707703,0.043126385658979419,0.9230242967605591,0.3823176920413971,0.5340456366539002,-0.34471166133880618,0.7719907164573669],"EasingStyle":"Linear","EasingDirection":"In"},"Head":{"Weight":1,"CFrame":[-0.0000036381534300744535,8.940696716308594e-8,0,1.000000238418579,-0.0003810860216617584,0.0001674935920163989,0.00038112327456474304,1.0000003576278687,-0.00021189451217651367,-0.0001674053492024541,0.00021198764443397522,1.0000001192092896],"EasingStyle":"Linear","EasingDirection":"In"},"Left Arm":{"Weight":1,"CFrame":[0.2321375608444214,-0.07969963550567627,0.0886460542678833,0.9691419005393982,-0.137108713388443,-0.20485611259937287,0.1879083216190338,0.9487898945808411,0.25394630432128909,0.15954707562923432,-0.28460416197776797,0.9452754855155945],"EasingStyle":"Linear","EasingDirection":"In"},"Torso":{"Weight":1,"CFrame":[-0.12339401245117188,0.4447641372680664,-0.24118971824645997,0.9952265620231628,-0.046612489968538287,-0.08574160933494568,0.04986605793237686,0.9980997443199158,0.036203138530254367,0.08389115333557129,-0.04030590504407883,0.9956595301628113],"EasingStyle":"Linear","EasingDirection":"In"},"HumanoidRootPart":{"Weight":0,"CFrame":[0,0,0,1,0,0,0,1,0,0,0,1],"EasingStyle":"Linear","EasingDirection":"In"},"Right Leg":{"Weight":1,"CFrame":[0.10635977983474732,-0.20800375938415528,0.7093476057052612,0.1998242288827896,0.5488851070404053,-0.811662495136261,-0.7524935007095337,0.6165129542350769,0.23165832459926606,0.6275540590286255,0.5644797086715698,0.5362265706062317],"EasingStyle":"Linear","EasingDirection":"In"}}},{"Time":0.2666666805744171,"poses":{"Left Leg":{"Weight":1,"CFrame":[-0.6110865473747253,0.017088353633880616,0.22975587844848634,0.9687755703926086,-0.1171482503414154,0.21851865947246552,0.17277444899082185,0.9510855674743652,-0.2560960054397583,-0.177828848361969,0.28585395216941836,0.9416286945343018],"EasingStyle":"Linear","EasingDirection":"In"},"Right Arm":{"Weight":1,"CFrame":[-0.10303929448127747,-0.13546735048294068,0.04623734951019287,0.7716842293739319,0.2803328037261963,-0.5708913207054138,0.013606561347842217,0.8901377320289612,0.45548897981643679,0.6358604431152344,-0.35926157236099245,0.6830908060073853],"EasingStyle":"Linear","EasingDirection":"In"},"Head":{"Weight":1,"CFrame":[-0.0000016749836504459382,3.203749656677246e-7,0,1.0000001192092896,-0.00032014399766921997,0.00014067906886339188,0.0003201514482498169,1,-0.00017802417278289795,-0.00014062738046050072,0.00017807632684707642,1],"EasingStyle":"Linear","EasingDirection":"In"},"Left Arm":{"Weight":1,"CFrame":[0.20262542366981507,-0.0935869812965393,0.10437273979187012,0.9630006551742554,-0.08464623242616654,-0.25586071610450747,0.15873420238494874,0.9453906416893005,0.2846759259700775,0.21779164671897889,-0.31475695967674258,0.9238479733467102],"EasingStyle":"Linear","EasingDirection":"In"},"Torso":{"Weight":1,"CFrame":[-0.13586807250976563,0.48744869232177737,-0.1458721160888672,0.9948129057884216,-0.02919868193566799,-0.0974414274096489,0.032515816390514377,0.9989384412765503,0.03262953460216522,0.09638524800539017,-0.03562866151332855,0.9947062730789185],"EasingStyle":"Linear","EasingDirection":"In"},"HumanoidRootPart":{"Weight":0,"CFrame":[0,0,0,1,0,0,0,1,0,0,0,1],"EasingStyle":"Linear","EasingDirection":"In"},"Right Leg":{"Weight":1,"CFrame":[0.07121855020523071,-0.15246081352233888,0.6270619630813599,0.28340059518814089,0.5017475485801697,-0.8172721862792969,-0.6792922019958496,0.7065852880477905,0.19823966920375825,0.6769390106201172,0.49898582696914675,0.5410798192024231],"EasingStyle":"Linear","EasingDirection":"In"}}},{"Time":0.30000001192092898,"poses":{"Left Leg":{"Weight":1,"CFrame":[-0.6426752805709839,0.10108184814453125,0.09440052509307862,0.9862644076347351,-0.123161680996418,0.11006508767604828,0.13365992903709413,0.9865867495536804,-0.09371226280927658,-0.09704704582691193,0.1071363314986229,0.9894968867301941],"EasingStyle":"Linear","EasingDirection":"In"},"Right Arm":{"Weight":1,"CFrame":[-0.06870150566101074,-0.13112977147102357,0.09034764766693115,0.6817097067832947,0.37633994221687319,-0.6274080276489258,-0.017989404499530793,0.8659191727638245,0.4998604953289032,0.7314020395278931,-0.3294728994369507,0.597075343132019],"EasingStyle":"Linear","EasingDirection":"In"},"Head":{"Weight":1,"CFrame":[-0.000005207257345318794,-4.507601261138916e-7,0,1.0000001192092896,-0.00019733048975467682,0.00008670846000313759,0.00019734352827072144,1.000000238418579,-0.00010972470045089722,-0.00008670773240737617,0.00010976940393447876,1],"EasingStyle":"Linear","EasingDirection":"In"},"Left Arm":{"Weight":1,"CFrame":[0.16918642818927766,-0.10948875546455383,0.11570286750793457,0.9525580406188965,-0.011622970923781395,-0.30413568019866946,0.109449103474617,0.9455045461654663,0.3066626787185669,0.2839972674846649,-0.3254014253616333,0.9019200801849365],"EasingStyle":"Linear","EasingDirection":"In"},"Torso":{"Weight":1,"CFrame":[-0.14551544189453126,0.5239772796630859,0.024128198623657228,0.9944008588790894,-0.011764627881348133,-0.10501774400472641,0.014083433896303177,0.9996726512908936,0.021365925669670106,0.10473199188709259,-0.022725291550159456,0.9942408204078674],"EasingStyle":"Linear","EasingDirection":"In"},"HumanoidRootPart":{"Weight":0,"CFrame":[0,0,0,1,0,0,0,1,0,0,0,1],"EasingStyle":"Linear","EasingDirection":"In"},"Right Leg":{"Weight":1,"CFrame":[-0.05012501776218414,-0.09039592742919922,0.4046056270599365,0.40920397639274599,0.3991939127445221,-0.8204856514930725,-0.511732816696167,0.844890832901001,0.15584930777549745,0.7554351091384888,0.3560955822467804,0.5500133037567139],"EasingStyle":"Linear","EasingDirection":"In"}}},{"Time":0.3333333432674408,"poses":{"Left Leg":{"Weight":1,"CFrame":[-0.8049777746200562,0.20978474617004395,-0.12827998399734498,0.9789342284202576,-0.19295908510684968,-0.06674733757972717,0.20018018782138825,0.9714045524597168,0.1276756078004837,0.04020248353481293,-0.13834746181964875,0.9895675182342529],"EasingStyle":"Linear","EasingDirection":"In"},"Right Arm":{"Weight":1,"CFrame":[-0.0493505597114563,-0.12822461128234864,0.12708258628845216,0.5838693976402283,0.4498479664325714,-0.6758211255073547,-0.053415026515722278,0.8519301414489746,0.5209242105484009,0.8100886940956116,-0.2680526077747345,0.5214441418647766],"EasingStyle":"Linear","EasingDirection":"In"},"Head":{"Weight":1,"CFrame":[0.000003803784920819453,9.398208931088448e-7,0,1,2.0954757928848268e-9,2.1824689611094074e-8,1.862645149230957e-9,1.0000003576278687,2.7706846594810487e-8,2.1824689611094074e-8,2.764863893389702e-8,0.9999998807907105],"EasingStyle":"Linear","EasingDirection":"In"},"Left Arm":{"Weight":1,"CFrame":[0.1388193666934967,-0.12444847822189331,0.12380599975585938,0.9325644969940186,0.08176584541797638,-0.35162267088890078,0.0378529317677021,0.9464954733848572,0.3204895257949829,0.3590141534805298,-0.3121868968009949,0.8795727491378784],"EasingStyle":"Linear","EasingDirection":"In"},"Torso":{"Weight":1,"CFrame":[-0.14380264282226563,0.5637321472167969,0.13950395584106446,0.9940874576568604,0.00345746916718781,-0.10852710902690888,-0.003374092746526003,0.9999940395355225,0.0009518787264823914,0.10852975398302078,-0.0005800426006317139,0.9940930008888245],"EasingStyle":"Linear","EasingDirection":"In"},"HumanoidRootPart":{"Weight":0,"CFrame":[0,0,0,1,0,0,0,1,0,0,0,1],"EasingStyle":"Linear","EasingDirection":"In"},"Right Leg":{"Weight":1,"CFrame":[-0.19068878889083863,-0.05545401573181152,0.16428935527801515,0.5061176419258118,0.26670581102371218,-0.8201913237571716,-0.31914135813713076,0.9413965940475464,0.10918530821800232,0.8012452721595764,0.20649638772010804,0.56157386302948],"EasingStyle":"Linear","EasingDirection":"In"}}},{"Time":0.36666667461395266,"poses":{"Left Leg":{"Weight":1,"CFrame":[-0.9948431253433228,0.2363748550415039,-0.4467111825942993,0.9246284365653992,-0.27879589796066286,-0.2594912648200989,0.3588336408138275,0.8660520911216736,0.34812700748443606,0.12767665088176728,-0.4150022566318512,0.9008173942565918],"EasingStyle":"Linear","EasingDirection":"In"},"Right Arm":{"Weight":1,"CFrame":[-0.04232066869735718,-0.12865692377090455,0.152815580368042,0.4902336001396179,0.4973352551460266,-0.7157716155052185,-0.0916951596736908,0.8460959196090698,0.5250851511955261,0.8667543530464172,-0.19178171455860139,0.4603876769542694],"EasingStyle":"Linear","EasingDirection":"In"},"Head":{"Weight":1,"CFrame":[-3.0710361897945406e-7,0.0000013140961527824402,0,1,0.0002764817327260971,-0.00012145610526204109,-0.00027646496891975403,1.0000001192092896,0.00015377439558506012,0.00012150203110650182,-0.00015373900532722473,1.000000238418579],"EasingStyle":"Linear","EasingDirection":"In"},"Left Arm":{"Weight":1,"CFrame":[0.11719967424869538,-0.13809865713119508,0.1314539909362793,0.8962035179138184,0.19040527939796449,-0.40070638060569765,-0.05468809977173805,0.9437423944473267,0.3261287212371826,0.4402601420879364,-0.27036377787590029,0.856197714805603],"EasingStyle":"Linear","EasingDirection":"In"},"Torso":{"Weight":1,"CFrame":[-0.13121795654296876,0.6078109741210938,0.17255711555480958,0.994053304195404,0.014976313337683678,-0.10785975307226181,-0.018185529857873918,0.9994189143180847,-0.02883167564868927,0.10736527293920517,0.030621707439422609,0.9937480688095093],"EasingStyle":"Linear","EasingDirection":"In"},"HumanoidRootPart":{"Weight":0,"CFrame":[0,0,0,1,0,0,0,1,0,0,0,1],"EasingStyle":"Linear","EasingDirection":"In"},"Right Leg":{"Weight":1,"CFrame":[-0.10725613683462143,-0.04658937454223633,0.10726630687713623,0.7117406129837036,0.21194590628147126,-0.6697049140930176,-0.21837656199932099,0.9729147553443909,0.07582086324691773,0.6676356196403503,0.09228333085775376,0.7387466430664063],"EasingStyle":"Linear","EasingDirection":"In"}}},{"Time":0.4000000059604645,"poses":{"Left Leg":{"Weight":1,"CFrame":[-1.1332719326019288,0.12692105770111085,-0.7489845752716065,0.8377420902252197,-0.35093334317207339,-0.4183710217475891,0.5348526239395142,0.6817947030067444,0.4990883767604828,0.110096275806427,-0.641873836517334,0.7588654160499573],"EasingStyle":"Linear","EasingDirection":"In"},"Right Arm":{"Weight":1,"CFrame":[-0.043029725551605228,-0.1327885389328003,0.16576433181762696,0.4105137586593628,0.5213949680328369,-0.7480815649032593,-0.1324533075094223,0.8457909226417542,0.5168116092681885,0.9021834135055542,-0.11307237297296524,0.4162691831588745],"EasingStyle":"Linear","EasingDirection":"In"},"Head":{"Weight":1,"CFrame":[0.0000030673108994960787,-2.905726432800293e-7,0,0.9999998211860657,0.0006045587360858917,-0.00026553403586149216,-0.000604456290602684,0.9999999403953552,0.00033627450466156006,0.00026568304747343063,-0.0003361254930496216,1],"EasingStyle":"Linear","EasingDirection":"In"},"Left Arm":{"Weight":1,"CFrame":[0.10450905561447144,-0.1518600881099701,0.14069032669067384,0.8399118185043335,0.2976686358451843,-0.45380836725234988,-0.15627072751522065,0.9334003329277039,0.323022723197937,0.519738495349884,-0.2003936469554901,0.8304904699325562],"EasingStyle":"Linear","EasingDirection":"In"},"Torso":{"Weight":1,"CFrame":[-0.1099090576171875,0.6580877304077148,0.13176202774047852,0.9944479465484619,0.023972373455762864,-0.10246295481920243,-0.03055228292942047,0.9975370764732361,-0.06313827633857727,0.10069698840379715,0.0659181997179985,0.9927310943603516],"EasingStyle":"Linear","EasingDirection":"In"},"HumanoidRootPart":{"Weight":0,"CFrame":[0,0,0,1,0,0,0,1,0,0,0,1],"EasingStyle":"Linear","EasingDirection":"In"},"Right Leg":{"Weight":1,"CFrame":[0.39852118492126467,-0.02911508083343506,0.09945416450500488,0.9333833456039429,0.30553194880485537,-0.18827159702777863,-0.29194068908691409,0.9515236616134644,0.09681658446788788,0.2087254673242569,-0.03540261089801788,0.9773333072662354],"EasingStyle":"Linear","EasingDirection":"In"}}},{"Time":0.4333333373069763,"poses":{"Left Leg":{"Weight":1,"CFrame":[-1.2187455892562867,-0.00385284423828125,-0.8813627362251282,0.7643202543258667,-0.4192902445793152,-0.489909291267395,0.6440262198448181,0.5344540476799011,0.5473477840423584,0.03233645111322403,-0.7338630557060242,0.6785277128219605],"EasingStyle":"Linear","EasingDirection":"In"},"Right Arm":{"Weight":1,"CFrame":[-0.04679584503173828,-0.13992607593536378,0.16638445854187013,0.3509272634983063,0.5271904468536377,-0.7738999724388123,-0.17565971612930299,0.8488508462905884,0.4985944330692291,0.9197794795036316,-0.03902731090784073,0.39049088954925539],"EasingStyle":"Linear","EasingDirection":"In"},"Head":{"Weight":1,"CFrame":[-0.0000015569385141134263,-6.258487701416016e-7,0,0.9999997019767761,0.0009485892951488495,-0.00041650282219052315,-0.0009483732283115387,0.9999998211860657,0.0005276799201965332,0.00041697360575199127,-0.0005272999405860901,1.0000001192092896],"EasingStyle":"Linear","EasingDirection":"In"},"Left Arm":{"Weight":1,"CFrame":[0.09912663698196411,-0.16695690155029298,0.15253162384033204,0.7669048309326172,0.3872138261795044,-0.511784553527832,-0.2550058960914612,0.915673017501831,0.3106696307659149,0.5889226198196411,-0.10774601250886917,0.8009753227233887],"EasingStyle":"Linear","EasingDirection":"In"},"Torso":{"Weight":1,"CFrame":[-0.08086395263671875,0.713648796081543,0.06877374649047852,0.9952669739723206,0.0323215126991272,-0.09164726734161377,-0.04112304002046585,0.9945474863052368,-0.09583619236946106,0.08804996311664581,0.09915139526128769,0.9911692142486572],"EasingStyle":"Linear","EasingDirection":"In"},"HumanoidRootPart":{"Weight":0,"CFrame":[0,0,0,1,0,0,0,1,0,0,0,1],"EasingStyle":"Linear","EasingDirection":"In"},"Right Leg":{"Weight":1,"CFrame":[0.8058781623840332,-0.02508091926574707,-0.24970996379852296,0.8770955204963684,0.3331846594810486,0.34596553444862368,-0.40029993653297427,0.9051342606544495,0.14315016567707063,-0.2654498517513275,-0.2640465497970581,0.9272628426551819],"EasingStyle":"Linear","EasingDirection":"In"}}},{"Time":0.46666666865348818,"poses":{"Left Leg":{"Weight":1,"CFrame":[-1.2745230197906495,0.021360456943511964,-0.7554930448532105,0.758585512638092,-0.5056861639022827,-0.41088953614234927,0.6505773663520813,0.5529735684394836,0.5205473899841309,-0.03602246940135956,-0.6621950268745422,0.7484654784202576],"EasingStyle":"Linear","EasingDirection":"In"},"Right Arm":{"Weight":1,"CFrame":[-0.05002939701080322,-0.14881229400634767,0.15643930435180665,0.3151853084564209,0.5197513103485107,-0.7940511703491211,-0.22109085321426392,0.8538892269134522,0.4711604416370392,0.9229180216789246,0.027054686099290849,0.38404563069343569],"EasingStyle":"Linear","EasingDirection":"In"},"Head":{"Weight":1,"CFrame":[0.0000047262292355299,6.668269634246826e-7,0,0.9999992251396179,0.0012729763984680176,-0.0005587688647210598,-0.0012725815176963807,0.9999991059303284,0.0007082000374794006,0.0005596731789410114,-0.0007074624300003052,0.9999997615814209],"EasingStyle":"Linear","EasingDirection":"In"},"Left Arm":{"Weight":1,"CFrame":[0.09845471382141113,-0.18426954746246339,0.16672468185424806,0.6852360963821411,0.45292821526527407,-0.570357620716095,-0.3472265601158142,0.8915462493896484,0.2908249795436859,0.6402230858802795,-0.0012405570596456528,0.7681884169578552],"EasingStyle":"Linear","EasingDirection":"In"},"Torso":{"Weight":1,"CFrame":[-0.044780731201171878,0.7725706100463867,0.04646444320678711,0.9963279366493225,0.0418095663189888,-0.07471837848424912,-0.05066479742527008,0.9913771152496338,-0.12084978818893433,0.06902141869068146,0.12419161200523377,0.9898548126220703],"EasingStyle":"Linear","EasingDirection":"In"},"HumanoidRootPart":{"Weight":0,"CFrame":[0,0,0,1,0,0,0,1,0,0,0,1],"EasingStyle":"Linear","EasingDirection":"In"},"Right Leg":{"Weight":1,"CFrame":[0.8786442875862122,-0.010206937789916993,-0.4622306823730469,0.7942478060722351,0.2598366141319275,0.5492321848869324,-0.4135326147079468,0.8934487104415894,0.17532984912395478,-0.4451535642147064,-0.3663807511329651,0.8170702457427979],"EasingStyle":"Linear","EasingDirection":"In"}}},{"Time":0.5,"poses":{"Left Leg":{"Weight":1,"CFrame":[-1.2012431621551514,0.12412971258163452,-0.38963037729263308,0.8117186427116394,-0.5531582832336426,-0.1874263435602188,0.5758187770843506,0.7042714953422546,0.4152527153491974,-0.09770149737596512,-0.4449920058250427,0.8901891708374023],"EasingStyle":"Linear","EasingDirection":"In"},"Right Arm":{"Weight":1,"CFrame":[-0.05058419704437256,-0.15800106525421143,0.13816487789154054,0.305886447429657,0.5028119683265686,-0.8084640502929688,-0.2678568661212921,0.8603163361549377,0.43371570110321047,0.913611888885498,0.0838848277926445,0.3978405296802521],"EasingStyle":"Linear","EasingDirection":"In"},"Head":{"Weight":1,"CFrame":[-0.000001130625605583191,1.7136335372924806e-7,0,0.999998927116394,0.0015420801937580109,-0.0006767548620700836,-0.00154147669672966,0.9999986886978149,0.0008579641580581665,0.0006780792027711868,-0.0008569061756134033,0.9999997615814209],"EasingStyle":"Linear","EasingDirection":"In"},"Left Arm":{"Weight":1,"CFrame":[0.10059088468551636,-0.20376595854759217,0.18197131156921388,0.6044265627861023,0.49476608633995058,-0.6244001984596252,-0.4313690960407257,0.8621887564659119,0.2656160593032837,0.6697684526443481,0.10880149900913239,0.7345563769340515],"EasingStyle":"Linear","EasingDirection":"In"},"Torso":{"Weight":1,"CFrame":[-0.003170013427734375,0.8336086273193359,0.10195183753967285,0.9972367882728577,0.05352238565683365,-0.05152053385972977,-0.05999542400240898,0.9892140626907349,-0.13362736999988557,0.04381278529763222,0.1363491266965866,0.9896916747093201],"EasingStyle":"Linear","EasingDirection":"In"},"HumanoidRootPart":{"Weight":0,"CFrame":[0,0,0,1,0,0,0,1,0,0,0,1],"EasingStyle":"Linear","EasingDirection":"In"},"Right Leg":{"Weight":1,"CFrame":[0.7398808002471924,0.045137763023376468,-0.316642165184021,0.8760223388671875,0.13198120892047883,0.4638599753379822,-0.23973137140274049,0.9537459015846252,0.1813778579235077,-0.41846612095832827,-0.27009299397468569,0.8671427369117737],"EasingStyle":"Linear","EasingDirection":"In"}}},{"Time":0.5333333611488342,"poses":{"Left Leg":{"Weight":1,"CFrame":[-0.9040075540542603,0.14642655849456788,0.05187523365020752,0.8511562347412109,-0.5037358403205872,0.1475909799337387,0.45842304825782778,0.8503202199935913,0.2584652900695801,-0.25569790601730349,-0.15233533084392548,0.954679548740387],"EasingStyle":"Linear","EasingDirection":"In"},"Right Arm":{"Weight":1,"CFrame":[-0.04761338233947754,-0.1660776138305664,0.11362016201019287,0.3254368305206299,0.4785374104976654,-0.8155320882797241,-0.3140139877796173,0.8682296276092529,0.38415229320526125,0.8919007778167725,0.13107122480869294,0.4328213334083557],"EasingStyle":"Linear","EasingDirection":"In"},"Head":{"Weight":1,"CFrame":[-2.3795291781425477e-7,1.9371509552001954e-7,0,0.9999986290931702,0.0017202198505401612,-0.0007548341527581215,-0.0017194747924804688,0.9999980926513672,0.000957101583480835,0.000756499357521534,-0.0009558647871017456,0.9999995231628418],"EasingStyle":"Linear","EasingDirection":"In"},"Left Arm":{"Weight":1,"CFrame":[0.10489535331726074,-0.2246951460838318,0.19670641422271729,0.533225417137146,0.5169516801834106,-0.6696504354476929,-0.5061850547790527,0.829204261302948,0.23706082999706269,0.6778260469436646,0.21256022155284882,0.7038260102272034],"EasingStyle":"Linear","EasingDirection":"In"},"Torso":{"Weight":1,"CFrame":[0.039173126220703128,0.8986072540283203,0.16807937622070313,0.9974908828735352,0.06653754413127899,-0.024188116192817689,-0.06921088695526123,0.9883854389190674,-0.13529238104820252,0.014905170537531376,0.1366269290447235,0.9905105829238892],"EasingStyle":"Linear","EasingDirection":"In"},"HumanoidRootPart":{"Weight":0,"CFrame":[0,0,0,1,0,0,0,1,0,0,0,1],"EasingStyle":"Linear","EasingDirection":"In"},"Right Leg":{"Weight":1,"CFrame":[0.35269060730934145,0.01259768009185791,-0.058526039123535159,0.9715853333473206,-0.09465493261814118,0.2169385403394699,0.07132277637720108,0.991034209728241,0.11298401653766632,-0.22568801045417787,-0.09430110454559326,0.969624936580658],"EasingStyle":"Linear","EasingDirection":"In"}}},{"Time":0.5666666626930237,"poses":{"Left Leg":{"Weight":1,"CFrame":[-0.4934776723384857,0.08698475360870362,0.3532998561859131,0.7708315253257752,-0.39643752574920657,0.49865466356277468,0.3930991590023041,0.9119743704795837,0.11737100034952164,-0.5012905597686768,0.10554754734039307,0.8588176965713501],"EasingStyle":"Linear","EasingDirection":"In"},"Right Arm":{"Weight":1,"CFrame":[-0.041791319847106937,-0.17162945866584779,0.08475780487060547,0.37448444962501528,0.4483965337276459,-0.8116046190261841,-0.3556126356124878,0.8778191804885864,0.32089468836784365,0.8563302755355835,0.16844679415225984,0.4881848990917206],"EasingStyle":"Linear","EasingDirection":"In"},"Head":{"Weight":1,"CFrame":[-0.000004188157618045807,-8.270144462585449e-7,0,0.9999983906745911,0.0017718151211738587,-0.0007774513214826584,-0.0017710253596305848,0.9999980330467224,0.000985845923423767,0.0007791956886649132,-0.0009844303131103516,0.9999992847442627],"EasingStyle":"Linear","EasingDirection":"In"},"Left Arm":{"Weight":1,"CFrame":[0.11177456378936768,-0.24597883224487306,0.20948898792266847,0.47809237241744997,0.526797890663147,-0.702788770198822,-0.5708513855934143,0.7944813370704651,0.2071908712387085,0.6675002574920654,0.3021315634250641,0.6805588006973267],"EasingStyle":"Linear","EasingDirection":"In"},"Torso":{"Weight":1,"CFrame":[0.07660293579101563,0.9702539443969727,0.1515200138092041,0.9968299865722656,0.07943329215049744,0.004525081254541874,-0.07819923758506775,0.9886509776115418,-0.1282738298177719,-0.014662938192486763,0.1275133341550827,0.9917284846305847],"EasingStyle":"Linear","EasingDirection":"In"},"HumanoidRootPart":{"Weight":0,"CFrame":[0,0,0,1,0,0,0,1,0,0,0,1],"EasingStyle":"Linear","EasingDirection":"In"},"Right Leg":{"Weight":1,"CFrame":[0.14976653456687928,-0.07054424285888672,0.025875091552734376,0.9740617275238037,-0.1890215426683426,-0.12439759820699692,0.18369148671627046,0.9815481901168823,-0.05311335250735283,0.13214170932769776,0.02888495847582817,0.9908100366592407],"EasingStyle":"Linear","EasingDirection":"In"}}},{"Time":0.6000000238418579,"poses":{"Left Leg":{"Weight":1,"CFrame":[-0.21471244096755982,0.029642045497894288,0.5472049713134766,0.590165376663208,-0.3308716118335724,0.7363621592521668,0.45809149742126467,0.8883286118507385,0.0320126935839653,-0.6647235155105591,0.31842827796936037,0.6758299469947815],"EasingStyle":"Linear","EasingDirection":"In"},"Right Arm":{"Weight":1,"CFrame":[-0.03620690107345581,-0.17319414019584657,0.05427515506744385,0.4459850788116455,0.4160635471343994,-0.7924575209617615,-0.3856412172317505,0.8883143067359924,0.24935714900493623,0.8076995611190796,0.19439461827278138,0.5566259026527405],"EasingStyle":"Linear","EasingDirection":"In"},"Head":{"Weight":1,"CFrame":[0.000002087559551000595,0.0000013634562492370606,0,0.9999983906745911,0.0016611367464065552,-0.0007289675995707512,-0.0016605406999588013,0.9999983906745911,0.0009242445230484009,0.0007304958999156952,-0.0009230747818946838,0.9999992847442627],"EasingStyle":"Linear","EasingDirection":"In"},"Left Arm":{"Weight":1,"CFrame":[0.12217354774475098,-0.2664688229560852,0.21920788288116456,0.44269245862960818,0.5329999327659607,-0.7210652828216553,-0.624987006187439,0.7600456476211548,0.17810770869255067,0.642973780632019,0.3718092441558838,0.6695840358734131],"EasingStyle":"Linear","EasingDirection":"In"},"Torso":{"Weight":1,"CFrame":[0.1051483154296875,1.0462255477905274,0.008278846740722657,0.9953519701957703,0.09091100841760636,0.031775303184986117,-0.08671600371599198,0.9895843267440796,-0.11490600556135178,-0.04189056158065796,0.11161647737026215,0.9928680658340454],"EasingStyle":"Linear","EasingDirection":"In"},"HumanoidRootPart":{"Weight":0,"CFrame":[0,0,0,1,0,0,0,1,0,0,0,1],"EasingStyle":"Linear","EasingDirection":"In"},"Right Leg":{"Weight":1,"CFrame":[0.3318687677383423,-0.06592607498168946,0.2362957000732422,0.9057993292808533,-0.07057223469018936,-0.41778892278671267,-0.04673318564891815,0.9633752107620239,-0.26405414938926699,0.4211224913597107,0.25870481133461,0.8693262934684753],"EasingStyle":"Linear","EasingDirection":"In"}}},{"Time":0.6333333253860474,"poses":{"Left Leg":{"Weight":1,"CFrame":[-0.019666284322738649,-0.024176716804504396,0.6335737705230713,0.45253053307533266,-0.2761271595954895,0.8479210734367371,0.5242878198623657,0.8515374660491943,-0.0025043413043022157,-0.7213452458381653,0.4456881880760193,0.5301169157028198],"EasingStyle":"Linear","EasingDirection":"In"},"Right Arm":{"Weight":1,"CFrame":[-0.03419995307922363,-0.1704845428466797,0.025560617446899415,0.530285120010376,0.38522690534591677,-0.755247175693512,-0.39779576659202578,0.8997212648391724,0.1796122044324875,0.7487033009529114,0.20518846809864045,0.6303503513336182],"EasingStyle":"Linear","EasingDirection":"In"},"Head":{"Weight":1,"CFrame":[-6.728805601596832e-7,-5.401670932769775e-7,0,0.9999991059303284,0.0013527125120162964,-0.0005937470123171806,-0.0013522729277610779,0.9999989867210388,0.000752575695514679,0.0005947621539235115,-0.0007517561316490173,0.9999995827674866],"EasingStyle":"Linear","Easin