{"Sequence":[{"Time":0,"poses":{"Left Leg":{"Weight":1,"CFrame":[-0.7281003594398499,0.21934396028518678,-0.04487568140029907,0.9282953143119812,-0.36903852224349978,-0.04558844119310379,0.3712807893753052,0.9266416430473328,0.059042029082775119,0.020455338060855867,-0.07173451781272888,0.9972140789031982],"EasingStyle":"Linear","EasingDirection":"In"},"Right Arm":{"Weight":1,"CFrame":[0.005721960216760635,-0.20403775572776795,0.002614140510559082,0.9967532753944397,0.010929914191365242,0.07977121323347092,-0.011069215834140778,0.999937891960144,0.0013051567366346717,-0.07975200563669205,-0.0021839793771505357,0.9968124032020569],"EasingStyle":"Linear","EasingDirection":"In"},"Left Arm":{"Weight":1,"CFrame":[-0.0057219695299863819,-0.20403817296028138,-0.0026140809059143068,0.9987549185752869,0.013592902570962906,-0.04799816384911537,-0.010598999448120594,0.998014509677887,0.062086619436740878,0.048746783286333087,-0.06150068715214729,0.9969159364700317],"EasingStyle":"Linear","EasingDirection":"In"},"Head":{"Weight":1,"CFrame":[9.383074939250946e-8,-1.3969838619232178e-9,1.1920928955078126e-7,0.9945612549781799,0.04117560759186745,-0.09566953778266907,-0.03607068955898285,0.9978626370429993,0.05449056625366211,0.09770873934030533,-0.05074334144592285,0.993920624256134],"EasingStyle":"Linear","EasingDirection":"In"},"Torso":{"Weight":1,"CFrame":[0.03735552728176117,-0.022903338074684144,-0.28992176055908205,0.9976280927658081,-0.047802072018384936,0.049529530107975009,0.049259252846241,0.998375654220581,-0.028629185631871225,-0.04808054119348526,0.03100106678903103,0.9983622431755066],"EasingStyle":"Linear","EasingDirection":"In"},"HumanoidRootPart":{"Weight":1,"CFrame":[0,0,0,1,0,0,0,1,0,0,0,1],"EasingStyle":"Linear","EasingDirection":"In"},"Right Leg":{"Weight":1,"CFrame":[0.6400654315948486,0.10967034101486206,0.0371776819229126,0.9268712401390076,0.3725464344024658,-0.0460301898419857,-0.374774307012558,0.9253534078598023,-0.05714470520615578,0.02130519226193428,0.07021667808294296,0.9973043203353882],"EasingStyle":"Linear","EasingDirection":"In"}}},{"Time":0.03333333507180214,"poses":{"Left Leg":{"Weight":1,"CFrame":[-0.7078909277915955,0.20968598127365113,-0.04661685228347778,0.9350189566612244,-0.35105574131011965,-0.04999498277902603,0.35367628931999209,0.9334312081336975,0.0601610504090786,0.025546973571181299,-0.07393375039100647,0.9969359636306763],"EasingStyle":"Linear","EasingDirection":"In"},"Right Arm":{"Weight":1,"CFrame":[0.005470979958772659,-0.19765278697013856,0.003989815711975098,0.9966235756874085,0.010873875580728054,0.08138292282819748,-0.009128809906542302,0.999721109867096,-0.021783117204904558,-0.08159708231687546,0.020966583862900735,0.9964448809623718],"EasingStyle":"Linear","EasingDirection":"In"},"Left Arm":{"Weight":1,"CFrame":[-0.005074438638985157,-0.19787532091140748,-0.004422426223754883,0.9986898303031921,0.013013745658099652,-0.04949135333299637,-0.010566476732492447,0.9987236857414246,0.049391113221645358,0.05007092282176018,-0.04880359768867493,0.9975526332855225],"EasingStyle":"Linear","EasingDirection":"In"},"Head":{"Weight":1,"CFrame":[1.1129304766654968e-7,1.3504177331924439e-8,-1.7881393432617188e-7,0.9931266903877258,0.05323351174592972,-0.10423789918422699,-0.046857040375471118,0.9969321489334106,0.06269527971744538,0.10725560784339905,-0.0573800727725029,0.9925743937492371],"EasingStyle":"Linear","EasingDirection":"In"},"Torso":{"Weight":1,"CFrame":[0.0398297980427742,-0.025266051292419435,-0.26710057258605959,0.9973264336585999,-0.052101533859968188,0.05123879015445709,0.05376214534044266,0.9980542063713074,-0.03158257529139519,-0.04949358105659485,0.0342528410255909,0.9981870055198669],"EasingStyle":"Linear","EasingDirection":"In"},"HumanoidRootPart":{"Weight":1,"CFrame":[0,0,0,1,0,0,0,1,0,0,0,1],"EasingStyle":"Linear","EasingDirection":"In"},"Right Leg":{"Weight":1,"CFrame":[0.6107702851295471,0.09754955768585205,0.03809642791748047,0.9337472915649414,0.3543551564216614,-0.05048144608736038,-0.3569524586200714,0.9323139190673828,-0.058102115988731387,0.026475820690393449,0.07227214425802231,0.9970335364341736],"EasingStyle":"Linear","EasingDirection":"In"}}},{"Time":0.06666667014360428,"poses":{"Left Leg":{"Weight":1,"CFrame":[-0.6837818622589111,0.20233458280563355,-0.04707741737365723,0.9434142708778381,-0.3273778557777405,-0.052851952612400058,0.3302863538265228,0.9418801665306091,0.061422161757946017,0.029671916738152505,-0.07540278881788254,0.9967116117477417],"EasingStyle":"Linear","EasingDirection":"In"},"Right Arm":{"Weight":1,"CFrame":[0.004816986620426178,-0.18097838759422303,0.007554054260253906,0.9965577721595764,0.00966397300362587,0.08233687281608582,-0.005576830357313156,0.9987474679946899,-0.04972446337342262,-0.08271430432796478,0.04909411817789078,0.9953632950782776],"EasingStyle":"Linear","EasingDirection":"In"},"Left Arm":{"Weight":1,"CFrame":[-0.004378035664558411,-0.18215158581733704,-0.005521237850189209,0.9986550807952881,0.01153317466378212,-0.05054754763841629,-0.010580958798527718,0.9997623562812805,0.019064048305153848,0.05075538530945778,-0.01850363053381443,0.9985396862030029],"EasingStyle":"Linear","EasingDirection":"In"},"Head":{"Weight":1,"CFrame":[9.592622518539429e-8,2.7939677238464357e-9,1.1920928955078126e-7,0.9914973378181458,0.06623848527669907,-0.11200673133134842,-0.05857810005545616,0.9958005547523499,0.07035554945468903,0.11619661003351212,-0.06319618970155716,0.9912137389183044],"EasingStyle":"Linear","EasingDirection":"In"},"Torso":{"Weight":1,"CFrame":[0.04177001863718033,-0.031097382307052614,-0.2435598373413086,0.9970908164978027,-0.054949283599853519,0.05282484367489815,0.05703754723072052,0.9976150989532471,-0.03887173905968666,-0.05056288465857506,0.04177165776491165,0.9978469610214233],"EasingStyle":"Linear","EasingDirection":"In"},"HumanoidRootPart":{"Weight":1,"CFrame":[0,0,0,1,0,0,0,1,0,0,0,1],"EasingStyle":"Linear","EasingDirection":"In"},"Right Leg":{"Weight":1,"CFrame":[0.5788660645484924,0.08830785751342774,0.03784632682800293,0.9426574110984802,0.32946524024009707,-0.05338223651051521,-0.3323443531990051,0.9412954449653626,-0.05924701690673828,0.030728669837117196,0.07359090447425842,0.9968149662017822],"EasingStyle":"Linear","EasingDirection":"In"}}},{"Time":0.10000000149011612,"poses":{"Left Leg":{"Weight":1,"CFrame":[-0.6575266718864441,0.19565969705581666,-0.04656022787094116,0.9518976211547852,-0.30153733491897585,-0.05446191877126694,0.30465933680534365,0.9503760933876038,0.0629914402961731,0.03276499733328819,-0.07655374705791474,0.9965269565582275],"EasingStyle":"Linear","EasingDirection":"In"},"Right Arm":{"Weight":1,"CFrame":[0.003908354789018631,-0.1577376127243042,0.012462377548217774,0.9965307712554932,0.007966970093548298,0.08284403383731842,-0.0015901066362857819,0.9970486164093018,-0.07675610482692719,-0.08321105688810349,0.07635802775621414,0.9936022162437439],"EasingStyle":"Linear","EasingDirection":"In"},"Left Arm":{"Weight":1,"CFrame":[-0.0037434869445860388,-0.16101539134979249,-0.006087183952331543,0.9986423254013062,0.00972975417971611,-0.05117485672235489,-0.010620607994496823,0.9997962713241577,-0.017166325822472574,0.05099738761782646,0.017686491832137109,0.9985422492027283],"EasingStyle":"Linear","EasingDirection":"In"},"Head":{"Weight":1,"CFrame":[1.0989606380462647e-7,1.1641532182693482e-8,-5.960464477539063e-8,0.9896867871284485,0.07986634969711304,-0.1189178079366684,-0.07091712206602097,0.994452953338623,0.07768034934997559,0.12446220219135285,-0.06844591349363327,0.9898608326911926],"EasingStyle":"Linear","EasingDirection":"In"},"Torso":{"Weight":1,"CFrame":[0.043450064957141879,-0.03809366375207901,-0.2202622890472412,0.9969079494476318,-0.05661391094326973,0.054493967443704608,0.059228185564279559,0.9971081614494324,-0.0476171039044857,-0.0516405887901783,0.050697434693574908,0.9973781704902649],"EasingStyle":"Linear","EasingDirection":"In"},"HumanoidRootPart":{"Weight":1,"CFrame":[0,0,0,1,0,0,0,1,0,0,0,1],"EasingStyle":"Linear","EasingDirection":"In"},"Right Leg":{"Weight":1,"CFrame":[0.5453245043754578,0.07982999086380005,0.036664366722106937,0.95194411277771,0.3012870252132416,-0.055033061653375629,-0.30437690019607546,0.9506138563156128,-0.060730498284101489,0.034017954021692279,0.07456279546022415,0.9966359734535217],"EasingStyle":"Linear","EasingDirection":"In"}}},{"Time":0.13333334028720857,"poses":{"Left Leg":{"Weight":1,"CFrame":[-0.6310809254646301,0.18838751316070558,-0.04538613557815552,0.9591830372810364,-0.27736005187034609,-0.05512970685958862,0.28064170479774477,0.9576075077056885,0.0650235116481781,0.03475765138864517,-0.07784115523099899,0.9963597059249878],"EasingStyle":"Linear","EasingDirection":"In"},"Right Arm":{"Weight":1,"CFrame":[0.00289347767829895,-0.13165122270584107,0.017870783805847169,0.9965233206748962,0.006451785564422607,0.08306412398815155,0.001653638668358326,0.9952691793441773,-0.09714263677597046,-0.08329793065786362,0.09694226086139679,0.9917982220649719],"EasingStyle":"Linear","EasingDirection":"In"},"Left Arm":{"Weight":1,"CFrame":[-0.003281559329479933,-0.13861402869224549,-0.0062972307205200199,0.998642086982727,0.008207420818507672,-0.051446206867694858,-0.010655748657882214,0.9988144636154175,-0.047499291598796847,0.0509953498840332,0.04798295348882675,0.9975455403327942],"EasingStyle":"Linear","EasingDirection":"In"},"Head":{"Weight":1,"CFrame":[8.940696716308594e-8,-1.4901161193847657e-8,2.384185791015625e-7,0.987724244594574,0.09379646182060242,-0.12491238117218018,-0.08355320990085602,0.9928826093673706,0.08487033098936081,0.13198386132717133,-0.07339164614677429,0.9885312914848328],"EasingStyle":"Linear","EasingDirection":"In"},"Torso":{"Weight":1,"CFrame":[0.045131951570510867,-0.04395149648189545,-0.19810819625854493,0.9967564940452576,-0.05736963078379631,0.05643752962350845,0.06047461926937103,0.9966566562652588,-0.054939381778240207,-0.053096987307071689,0.05817422643303871,0.9968934059143066],"EasingStyle":"Linear","EasingDirection":"In"},"HumanoidRootPart":{"Weight":1,"CFrame":[0,0,0,1,0,0,0,1,0,0,0,1],"EasingStyle":"Linear","EasingDirection":"In"},"Right Leg":{"Weight":1,"CFrame":[0.5112118124961853,0.07041841745376587,0.03479182720184326,0.9602652788162231,0.27346697449684145,-0.05573586747050285,-0.276717871427536,0.9589044451713562,-0.06268595159053803,0.03630288317799568,0.07561822235584259,0.996475875377655],"EasingStyle":"Linear","EasingDirection":"In"}}},{"Time":0.1666666716337204,"poses":{"Left Leg":{"Weight":1,"CFrame":[-0.6066837906837463,0.17964529991149903,-0.04388707876205444,0.9643023610115051,-0.2589927613735199,-0.05516994744539261,0.2624027729034424,0.9625820517539978,0.06767957657575607,0.03557702526450157,-0.07974029332399368,0.9961806535720825],"EasingStyle":"Linear","EasingDirection":"In"},"Right Arm":{"Weight":1,"CFrame":[0.0019207186996936799,-0.10644292831420899,0.022935152053833009,0.9965233206748962,0.005794971715658903,0.08311343193054199,0.002991094719618559,0.994446873664856,-0.10519854724407196,-0.08326152712106705,0.10508131980895996,0.9909719824790955],"EasingStyle":"Linear","EasingDirection":"In"},"Left Arm":{"Weight":1,"CFrame":[-0.0031029311940073969,-0.11909553408622742,-0.0063280463218688969,0.9986442923545837,0.007568334229290485,-0.051502011716365817,-0.010669139213860035,0.9981292486190796,-0.060202814638614658,0.050950005650520328,0.06067054718732834,0.996856689453125],"EasingStyle":"Linear","EasingDirection":"In"},"Head":{"Weight":1,"CFrame":[1.234002411365509e-7,2.7939677238464357e-9,-2.384185791015625e-7,0.9856554269790649,0.1077112928032875,-0.12993019819259644,-0.09616252034902573,0.9910938739776611,0.09211800247430802,0.13869516551494599,-0.07830218225717545,0.9872348308563232],"EasingStyle":"Linear","EasingDirection":"In"},"Torso":{"Weight":1,"CFrame":[0.04707778990268707,-0.04636982083320618,-0.17793679237365724,0.9966096878051758,-0.057499226182699206,0.05884716287255287,0.06091303005814552,0.9964588284492493,-0.05796228349208832,-0.05530598387122154,0.06135034188628197,0.9965828657150269],"EasingStyle":"Linear","EasingDirection":"In"},"HumanoidRootPart":{"Weight":1,"CFrame":[0,0,0,1,0,0,0,1,0,0,0,1],"EasingStyle":"Linear","EasingDirection":"In"},"Right Leg":{"Weight":1,"CFrame":[0.4778108596801758,0.05886399745941162,0.03247058391571045,0.9666514992713928,0.24994225800037385,-0.055802907794713977,-0.2533279359340668,0.9651773571968079,-0.0652504712343216,0.0375509150326252,0.07721082866191864,0.9963074326515198],"EasingStyle":"Linear","EasingDirection":"In"}}},{"Time":0.20000000298023225,"poses":{"Left Leg":{"Weight":1,"CFrame":[-0.5859312415122986,0.16987663507461549,-0.04231292009353638,0.9671351909637451,-0.24829509854316712,-0.054764747619628909,0.2518121302127838,0.9651651382446289,0.07104263454675675,0.035217445343732837,-0.08249827474355698,0.9959688186645508],"EasingStyle":"Linear","EasingDirection":"In"},"Right Arm":{"Weight":1,"CFrame":[0.001103229820728302,-0.08511698246002197,0.027109861373901368,0.9965291023254395,0.0059006549417972569,0.08303648978471756,0.0026875175535678865,0.9946845173835754,-0.1029355451464653,-0.08320249617099762,0.10280132293701172,0.9912161231040955],"EasingStyle":"Linear","EasingDirection":"In"},"Left Arm":{"Weight":1,"CFrame":[-0.003178894519805908,-0.10549792647361756,-0.0034563541412353517,0.9986477494239807,0.007757543586194515,-0.05140656232833862,-0.010663025081157685,0.9983462691307068,-0.05649008974432945,0.05088331922888756,0.0569617934525013,0.9970789551734924],"EasingStyle":"Linear","EasingDirection":"In"},"Head":{"Weight":1,"CFrame":[9.12696123123169e-8,2.3283064365386964e-8,1.1920928955078126e-7,0.9835423231124878,0.12129616737365723,-0.13391010463237763,-0.10841982811689377,0.9891021847724915,0.09961018711328507,0.14453309774398805,-0.08345231413841248,0.9859746694564819],"EasingStyle":"Linear","EasingDirection":"In"},"Torso":{"Weight":1,"CFrame":[0.04947066307067871,-0.0446915477514267,-0.16041970252990724,0.996447741985321,-0.057165950536727908,0.06183825433254242,0.06064127758145332,0.9965950846672058,-0.055864449590444568,-0.058434151113033298,0.059415947645902637,0.9965216517448425],"EasingStyle":"Linear","EasingDirection":"In"},"HumanoidRootPart":{"Weight":1,"CFrame":[0,0,0,1,0,0,0,1,0,0,0,1],"EasingStyle":"Linear","EasingDirection":"In"},"Right Leg":{"Weight":1,"CFrame":[0.44627267122268679,0.04547637701034546,0.029906749725341798,0.9710121750831604,0.23251751065254212,-0.05541715398430824,-0.23602372407913209,0.9693306684494019,-0.06849062442779541,0.03779233247041702,0.07958494871854782,0.9961114525794983],"EasingStyle":"Linear","EasingDirection":"In"}}},{"Time":0.23333333432674409,"poses":{"Left Leg":{"Weight":1,"CFrame":[-0.5681350231170654,0.16031908988952638,-0.04072856903076172,0.9686402082443237,-0.2425176054239273,-0.05405134707689285,0.24611417949199677,0.9663588404655457,0.07468947023153305,0.03411945328116417,-0.08564997464418411,0.9957410097122192],"EasingStyle":"Linear","EasingDirection":"In"},"Right Arm":{"Weight":1,"CFrame":[0.00041298195719718933,-0.06781423091888428,0.03104400634765625,0.9965426921844482,0.006153380498290062,0.08285397291183472,0.0019641544204205276,0.9952300190925598,-0.09753678739070893,-0.0830589309334755,0.09736229479312897,0.9917771816253662],"EasingStyle":"Linear","EasingDirection":"In"},"Left Arm":{"Weight":1,"CFrame":[-0.003360025119036436,-0.09641921520233154,0.0039931535720825199,0.9986559152603149,0.008207331411540509,-0.051175929605960849,-0.01064947247505188,0.9988082051277161,-0.047633279114961627,0.05072396621108055,0.04811413586139679,0.9975531101226807],"EasingStyle":"Linear","EasingDirection":"In"},"Head":{"Weight":1,"CFrame":[8.242204785346985e-8,-1.1175870895385743e-8,2.384185791015625e-7,0.9814625382423401,0.13423839211463929,-0.13679006695747376,-0.1199999675154686,0.9869334101676941,0.10752891004085541,0.14943720400333405,-0.0891207829117775,0.9847466945648193],"EasingStyle":"Linear","EasingDirection":"In"},"Torso":{"Weight":1,"CFrame":[0.05204504728317261,-0.04078871011734009,-0.1453540325164795,0.9962804913520813,-0.05650588124990463,0.0650562271475792,0.059870533645153049,0.9969031810760498,-0.05098589137196541,-0.06197375804185867,0.05469119921326637,0.9965782165527344],"EasingStyle":"Linear","EasingDirection":"In"},"HumanoidRootPart":{"Weight":1,"CFrame":[0,0,0,1,0,0,0,1,0,0,0,1],"EasingStyle":"Linear","EasingDirection":"In"},"Right Leg":{"Weight":1,"CFrame":[0.4165285527706146,0.03206777572631836,0.02726006507873535,0.9741957187652588,0.21897226572036744,-0.054716695100069049,-0.2225791960954666,0.9722527265548706,-0.07199371606111527,0.037433888763189319,0.08231477439403534,0.9959030747413635],"EasingStyle":"Linear","EasingDirection":"In"}}},{"Time":0.2666666805744171,"poses":{"Left Leg":{"Weight":1,"CFrame":[-0.5521951913833618,0.15140783786773683,-0.03917539119720459,0.9695623517036438,-0.23897823691368104,-0.05327675864100456,0.24262842535972596,0.96697598695755,0.07803209871053696,0.03286933898925781,-0.08858346194028855,0.9955263137817383],"EasingStyle":"Linear","EasingDirection":"In"},"Right Arm":{"Weight":1,"CFrame":[-0.00021337717771530151,-0.05395752191543579,0.03568542003631592,0.9965587258338928,0.006456321105360985,0.08263799548149109,0.001101827248930931,0.9958422183990479,-0.09108904004096985,-0.08288249373435974,0.09086667001247406,0.9924080967903137],"EasingStyle":"Linear","EasingDirection":"In"},"Left Arm":{"Weight":1,"CFrame":[-0.0035762095358222725,-0.08934792876243592,0.014271855354309082,0.9986658096313477,0.008741450496017933,-0.05089552700519562,-0.010635140351951123,0.9992565512657166,-0.03705732524394989,0.05053374171257019,0.03754907846450806,0.9980162978172302],"EasingStyle":"Linear","EasingDirection":"In"},"Head":{"Weight":1,"CFrame":[1.0849907994270325e-7,-3.725290298461914e-8,-3.5762786865234377e-7,0.9795066118240356,0.14622651040554048,-0.13850858807563783,-0.13057951629161836,0.9846221804618836,0.11605296283960343,0.15334859490394593,-0.09558825939893723,0.9835380911827087],"EasingStyle":"Linear","EasingDirection":"In"},"Torso":{"Weight":1,"CFrame":[0.0543937087059021,-0.03615418076515198,-0.13224506378173829,0.9961264729499817,-0.05576125532388687,0.06799204647541046,0.05890829116106033,0.997239887714386,-0.045192744582891467,-0.06528438627719879,0.04902298003435135,0.9966617822647095],"EasingStyle":"Linear","EasingDirection":"In"},"HumanoidRootPart":{"Weight":1,"CFrame":[0,0,0,1,0,0,0,1,0,0,0,1],"EasingStyle":"Linear","EasingDirection":"In"},"Right Leg":{"Weight":1,"CFrame":[0.38827887177467348,0.019846856594085695,0.024690866470336915,0.976770281791687,0.2073872983455658,-0.0539480559527874,-0.21107381582260133,0.9745739698410034,-0.07518984377384186,0.03698302060365677,0.08483020216226578,0.9957088232040405],"EasingStyle":"Linear","EasingDirection":"In"}}},{"Time":0.30000001192092898,"poses":{"Left Leg":{"Weight":1,"CFrame":[-0.5368660688400269,0.14344686269760133,-0.03768116235733032,0.9706030488014221,-0.23485301434993745,-0.052667777985334399,0.2385398894548416,0.9677925109863281,0.08047646284103394,0.0320713073015213,-0.0906740203499794,0.9953641295433044],"EasingStyle":"Linear","EasingDirection":"In"},"Right Arm":{"Weight":1,"CFrame":[-0.0008391812443733215,-0.04296943545341492,0.041982173919677737,0.996571958065033,0.006711210589855909,0.08245854824781418,0.00038022088119760156,0.9963223338127136,-0.08568403869867325,-0.08273035287857056,0.08542152494192124,0.9929043054580689],"EasingStyle":"Linear","EasingDirection":"In"},"Left Arm":{"Weight":1,"CFrame":[-0.003757292404770851,-0.08177092671394348,0.025631189346313478,0.9986739754676819,0.009186670184135437,-0.05065624415874481,-0.01062468346208334,0.9995461106300354,-0.02819308452308178,0.050374239683151248,0.02869388647377491,0.9983181357383728],"EasingStyle":"Linear","EasingDirection":"In"},"Head":{"Weight":1,"CFrame":[9.73232090473175e-8,7.450580596923828e-9,2.384185791015625e-7,0.9777752161026001,0.15694892406463624,-0.1390063613653183,-0.1398383527994156,0.9822067618370056,0.12535980343818665,0.1562080681324005,-0.10313528031110764,0.9823248982429504],"EasingStyle":"Linear","EasingDirection":"In"},"Torso":{"Weight":1,"CFrame":[0.056106194853782657,-0.032279931008815768,-0.12056732177734375,0.9960115551948547,-0.05515770986676216,0.07013265788555145,0.05808110162615776,0.9974961280822754,-0.040349919348955157,-0.06773144751787186,0.044262368232011798,0.9967212677001953],"EasingStyle":"Linear","EasingDirection":"In"},"HumanoidRootPart":{"Weight":1,"CFrame":[0,0,0,1,0,0,0,1,0,0,0,1],"EasingStyle":"Linear","EasingDirection":"In"},"Right Leg":{"Weight":1,"CFrame":[0.36126580834388735,0.009783565998077393,0.022344470024108888,0.9791943430900574,0.19578973948955537,-0.0533367320895195,-0.199536994099617,0.976820170879364,-0.07750820368528366,0.03692512959241867,0.08653821796178818,0.9955640435218811],"EasingStyle":"Linear","EasingDirection":"In"}}},{"Time":0.3333333432674408,"poses":{"Left Leg":{"Weight":1,"CFrame":[-0.5207517147064209,0.13663530349731446,-0.036257922649383548,0.97243732213974,-0.2271917462348938,-0.05243604630231857,0.2309105396270752,0.9695621132850647,0.0814233347773552,0.032341256737709048,-0.09128710627555847,0.9952993392944336],"EasingStyle":"Linear","EasingDirection":"In"},"Right Arm":{"Weight":1,"CFrame":[-0.0015276148915290833,-0.03427469730377197,0.05088210105895996,0.9965773820877075,0.006818377412855625,0.0823836550116539,0.00007787811773596331,0.9965148568153381,-0.08341658115386963,-0.08266530185937882,0.08313730359077454,0.993103563785553],"EasingStyle":"Linear","EasingDirection":"In"},"Left Arm":{"Weight":1,"CFrame":[-0.003833252936601639,-0.07117840647697449,0.036322712898254397,0.9986774325370789,0.009372728876769543,-0.050554703921079639,-0.010620723478496075,0.9996441006660461,-0.02447536773979664,0.050307296216487887,0.02497987262904644,0.998421311378479],"EasingStyle":"Linear","EasingDirection":"In"},"Head":{"Weight":1,"CFrame":[4.98257577419281e-8,4.6566128730773929e-9,2.384185791015625e-7,0.9763741493225098,0.16609184443950654,-0.13822825253009797,-0.14746063947677613,0.9797247648239136,0.1356273889541626,0.15795226395130158,-0.11203987151384354,0.9810699820518494],"EasingStyle":"Linear","EasingDirection":"In"},"Torso":{"Weight":1,"CFrame":[0.05676904320716858,-0.030657142400741578,-0.10976409912109375,0.9959666132926941,-0.05490919202566147,0.07096122205257416,0.05772940069437027,0.9975965023040772,-0.03832143917679787,-0.06868646293878555,0.042263418436050418,0.9967427849769592],"EasingStyle":"Linear","EasingDirection":"In"},"HumanoidRootPart":{"Weight":1,"CFrame":[0,0,0,1,0,0,0,1,0,0,0,1],"EasingStyle":"Linear","EasingDirection":"In"},"Right Leg":{"Weight":1,"CFrame":[0.3352297842502594,0.0026353001594543459,0.020341992378234865,0.9818360805511475,0.18215127289295197,-0.05309410020709038,-0.18594324588775636,0.9794296026229858,-0.0783761739730835,0.03772566094994545,0.08682502806186676,0.9955090284347534],"EasingStyle":"Linear","EasingDirection":"In"}}},{"Time":0.36666667461395266,"poses":{"Left Leg":{"Weight":1,"CFrame":[-0.5033809542655945,0.13282334804534913,-0.035613298416137698,0.9759405255317688,-0.21132875978946687,-0.0536685585975647,0.2152017056941986,0.9731796383857727,0.08129952102899552,0.03504817560315132,-0.09089307487010956,0.9952437877655029],"EasingStyle":"Linear","EasingDirection":"In"},"Right Arm":{"Weight":1,"CFrame":[-0.002313237637281418,-0.027380555868148805,0.0627981424331665,0.9965680837631226,0.006945174187421799,0.08248548209667206,0.0002541634894441813,0.9962126612663269,-0.08694968372583389,-0.08277697116136551,0.08667214214801789,0.9927919507026672],"EasingStyle":"Linear","EasingDirection":"In"},"Left Arm":{"Weight":1,"CFrame":[-0.0037621152587234976,-0.05601730942726135,0.0449368953704834,0.9986777305603027,0.009258711710572243,-0.05056797340512276,-0.010622283443808556,0.9995853304862976,-0.026764560490846635,0.050299178808927539,0.027266206219792367,0.9983619451522827],"EasingStyle":"Linear","EasingDirection":"In"},"Head":{"Weight":1,"CFrame":[7.683411240577698e-8,9.313225746154786e-10,1.1920928955078126e-7,0.9753668904304504,0.17340940237045289,-0.13634011149406434,-0.15322193503379823,0.9772289991378784,0.14678792655467988,0.15868990123271943,-0.12228179723024368,0.9797269105911255],"EasingStyle":"Linear","EasingDirection":"In"},"Torso":{"Weight":1,"CFrame":[0.05667167901992798,-0.03396446257829666,-0.09959888458251953,0.9959056377410889,-0.05615832284092903,0.07083950936794281,0.059259071946144107,0.9973394274711609,-0.04245557636022568,-0.06826680153608322,0.04647963121533394,0.9965838193893433],"EasingStyle":"Linear","EasingDirection":"In"},"HumanoidRootPart":{"Weight":1,"CFrame":[0,0,0,1,0,0,0,1,0,0,0,1],"EasingStyle":"Linear","EasingDirection":"In"},"Right Leg":{"Weight":1,"CFrame":[0.3088287115097046,-0.001147627830505371,0.019046783447265626,0.9851922392845154,0.16261695325374604,-0.054331786930561069,-0.1665543019771576,0.9829290509223938,-0.07816804945468903,0.04069289565086365,0.08605969697237015,0.9954586625099182],"EasingStyle":"Linear","EasingDirection":"In"}}},{"Time":0.4000000059604645,"poses":{"Left Leg":{"Weight":1,"CFrame":[-0.48613131046295168,0.13228076696395875,-0.035697340965270999,0.980453610420227,-0.18860721588134767,-0.05601945519447327,0.192743182182312,0.9779019951820374,0.08098011463880539,0.039508070796728137,-0.09019459784030914,0.9951402544975281],"EasingStyle":"Linear","EasingDirection":"In"},"Right Arm":{"Weight":1,"CFrame":[-0.0031151995062828066,-0.022135257720947267,0.07600343227386475,0.9965463280677795,0.007136214524507523,0.08273258805274964,0.000789002631790936,0.9954419732093811,-0.09536620229482651,-0.08303606510162354,0.09510204195976258,0.9919983148574829],"EasingStyle":"Linear","EasingDirection":"In"},"Left Arm":{"Weight":1,"CFrame":[-0.0035925093106925489,-0.03857424855232239,0.05141878128051758,0.9986777305603027,0.008986429311335087,-0.05061766877770424,-0.01062626950442791,0.9994242191314697,-0.03222262114286423,0.050298936665058139,0.03271779417991638,0.9981982707977295],"EasingStyle":"Linear","EasingDirection":"In"},"Head":{"Weight":1,"CFrame":[8.102506399154663e-8,-1.30385160446167e-8,-1.1920928955078126e-7,0.9747216105461121,0.17891466617584229,-0.1338188201189041,-0.15728437900543214,0.9748719930648804,0.15775375068187715,0.15868069231510163,-0.13271835446357728,0.9783692359924316],"EasingStyle":"Linear","EasingDirection":"In"},"Torso":{"Weight":1,"CFrame":[0.05642056465148926,-0.041865602135658267,-0.09067487716674805,0.9957882761955261,-0.05858369544148445,0.07052561640739441,0.06234264001250267,0.9966818690299988,-0.05233200639486313,-0.06722581386566162,0.056508347392082217,0.9961363077163696],"EasingStyle":"Linear","EasingDirection":"In"},"HumanoidRootPart":{"Weight":1,"CFrame":[0,0,0,1,0,0,0,1,0,0,0,1],"EasingStyle":"Linear","EasingDirection":"In"},"Right Leg":{"Weight":1,"CFrame":[0.2829211950302124,-0.0025177001953125,0.01825416088104248,0.988830029964447,0.13783688843250276,-0.056712906807661059,-0.14201292395591737,0.986808717250824,-0.07772362977266312,0.04525166377425194,0.08490942418575287,0.9953606724739075],"EasingStyle":"Linear","EasingDirection":"In"}}},{"Time":0.4333333373069763,"poses":{"Left Leg":{"Weight":1,"CFrame":[-0.470431923866272,0.13309043645858766,-0.035508036613464358,0.9845818281173706,-0.1651953011751175,-0.05752673000097275,0.16950546205043794,0.9822355508804321,0.08050686120986939,0.04320540651679039,-0.08901672810316086,0.9950926303863525],"EasingStyle":"Linear","EasingDirection":"In"},"Right Arm":{"Weight":1,"CFrame":[-0.0038237906992435457,-0.018471956253051759,0.08823609352111817,0.9965208172798157,0.007106967270374298,0.08304072171449661,0.001690487377345562,0.9944292902946472,-0.10539302229881287,-0.08332718163728714,0.10516661405563355,0.9909573793411255],"EasingStyle":"Linear","EasingDirection":"In"},"Left Arm":{"Weight":1,"CFrame":[-0.0033900365233421327,-0.022095292806625367,0.056052565574645999,0.998675525188446,0.008660444989800454,-0.050718680024147037,-0.010632087476551533,0.9991929531097412,-0.03873566910624504,0.050342265516519549,0.039223454892635348,0.9979615807533264],"EasingStyle":"Linear","EasingDirection":"In"},"Head":{"Weight":1,"CFrame":[5.960464477539063e-8,-2.0489096641540528e-8,-3.5762786865234377e-7,0.9743918776512146,0.18269088864326478,-0.13108979165554048,-0.1599128693342209,0.9728700518608093,0.16718818247318269,0.15807703137397767,-0.14194384217262269,0.9771713018417358],"EasingStyle":"Linear","EasingDirection":"In"},"Torso":{"Weight":1,"CFrame":[0.0560571551322937,-0.051330119371414188,-0.0836646556854248,0.9957252144813538,-0.06017687916755676,0.07007134705781937,0.06469907611608505,0.9958399534225464,-0.06416267156600952,-0.06591873615980149,0.06842193752527237,0.9954763650894165],"EasingStyle":"Linear","EasingDirection":"In"},"HumanoidRootPart":{"Weight":1,"CFrame":[0,0,0,1,0,0,0,1,0,0,0,1],"EasingStyle":"Linear","EasingDirection":"In"},"Right Leg":{"Weight":1,"CFrame":[0.26089105010032656,-0.00258636474609375,0.017420411109924318,0.9919103980064392,0.11278650164604187,-0.05824871361255646,-0.11711286008358002,0.9901180267333984,-0.07714284211397171,0.048972491174936298,0.08334045857191086,0.9953170418739319],"EasingStyle":"Linear","EasingDirection":"In"}}},{"Time":0.46666666865348818,"poses":{"Left Leg":{"Weight":1,"CFrame":[-0.45811203122138979,0.13384604454040528,-0.03424447774887085,0.9874510169029236,-0.14756619930267335,-0.056256990879774097,0.1517769694328308,0.9851834774017334,0.07985831052064896,0.043639034032821658,-0.08739469945430756,0.9952174425125122],"EasingStyle":"Linear","EasingDirection":"In"},"Right Arm":{"Weight":1,"CFrame":[-0.004329383373260498,-0.016322702169418336,0.09723448753356934,0.9965003132820129,0.006570172030478716,0.08333157747983933,0.0029633748345077039,0.9935030341148377,-0.11376731842756272,-0.08353766798973084,0.11361602693796158,0.9900065064430237],"EasingStyle":"Linear","EasingDirection":"In"},"Left Arm":{"Weight":1,"CFrame":[-0.003220371901988983,-0.009827196598052979,0.059122323989868167,0.9986691474914551,0.008385145105421543,-0.050888240337371829,-0.010639423504471779,0.99896639585495,-0.044192008674144748,0.050465069711208346,0.04467453807592392,0.9977261424064636],"EasingStyle":"Linear","EasingDirection":"In"},"Head":{"Weight":1,"CFrame":[7.636845111846924e-8,-3.725290298461914e-9,1.1920928955078126e-7,0.9743216633796692,0.18483665585517884,-0.12858013808727265,-0.16136451065540315,0.9714759588241577,0.17377039790153504,0.1570315957069397,-0.14855997264385224,0.9763560891151428],"EasingStyle":"Linear","EasingDirection":"In"},"Torso":{"Weight":1,"CFrame":[0.05557848513126373,-0.05933175981044769,-0.07912683486938477,0.9958403706550598,-0.0589548721909523,0.06947300583124161,0.06409001350402832,0.9951845407485962,-0.07416471093893051,-0.06476608663797379,0.07830873876810074,0.994823157787323],"EasingStyle":"Linear","EasingDirection":"In"},"HumanoidRootPart":{"Weight":1,"CFrame":[0,0,0,1,0,0,0,1,0,0,0,1],"EasingStyle":"Linear","EasingDirection":"In"},"Right Leg":{"Weight":1,"CFrame":[0.24662506580352784,-0.0019447803497314454,0.016255497932434083,0.9940499067306519,0.09283805638551712,-0.056973036378622058,-0.09706071019172669,0.9923367500305176,-0.07646694034337998,0.049437448382377627,0.0815417692065239,0.9954430460929871],"EasingStyle":"Linear","EasingDirection":"In"}}},{"Time":0.5,"poses":{"Left Leg":{"Weight":1,"CFrame":[-0.45125359296798708,0.13348901271820069,-0.03122478723526001,0.9885380268096924,-0.14232207834720612,-0.05036913976073265,0.14600008726119996,0.9861250519752502,0.07900230586528778,0.038426462560892108,-0.0854506567120552,0.9956011772155762],"EasingStyle":"Linear","EasingDirection":"In"},"Right Arm":{"Weight":1,"CFrame":[-0.004522308707237244,-0.015621751546859742,0.10073649883270264,0.9964917898178101,0.005235225427895784,0.08352717012166977,0.004609839059412479,0.9930930137634277,-0.11723914742469788,-0.08356401324272156,0.11721276491880417,0.9895849227905273],"EasingStyle":"Linear","EasingDirection":"In"},"Left Arm":{"Weight":1,"CFrame":[-0.0031492523849010469,-0.00501665472984314,0.060912489891052249,0.9986570477485657,0.008265642449259758,-0.051145680248737338,-0.010647806338965893,0.9988624453544617,-0.04648195579648018,0.05070328339934349,0.04696403816342354,0.9976089000701904],"EasingStyle":"Linear","EasingDirection":"In"},"Head":{"Weight":1,"CFrame":[1.1082738637924194e-7,2.2817403078079225e-8,-2.384185791015625e-7,0.9744482636451721,0.1854606419801712,-0.1267087608575821,-0.16188600659370423,0.9709541201591492,0.1761852651834488,0.1557038277387619,-0.15117104351520539,0.9761678576469421],"EasingStyle":"Linear","EasingDirection":"In"},"Torso":{"Weight":1,"CFrame":[0.05496715009212494,-0.06284838914871216,-0.07750463485717774,0.9962264895439148,-0.05302868410944939,0.0687088668346405,0.05839218571782112,0.9951977729797363,-0.07856050878763199,-0.06421295553445816,0.0822761058807373,0.9945388436317444],"EasingStyle":"Linear","EasingDirection":"In"},"HumanoidRootPart":{"Weight":1,"CFrame":[0,0,0,1,0,0,0,1,0,0,0,1],"EasingStyle":"Linear","EasingDirection":"In"},"Right Leg":{"Weight":1,"CFrame":[0.24422487616539002,-0.0008274316787719727,0.014545083045959473,0.9951944947242737,0.08357875049114227,-0.05101475492119789,-0.08730068057775498,0.9933009743690491,-0.07570832222700119,0.044345468282699588,0.07979810982942581,0.9958241581916809],"EasingStyle":"Linear","EasingDirection":"In"}}},{"Time":0.5333333611488342,"poses":{"Left Leg":{"Weight":1,"CFrame":[-0.4585350751876831,0.13608843088150025,-0.02915889024734497,0.9876390099525452,-0.15029768645763398,-0.044496919959783557,0.15343216061592103,0.985051155090332,0.0783126950263977,0.03206147998571396,-0.08417195826768875,0.9959353804588318],"EasingStyle":"Linear","EasingDirection":"In"},"Right Arm":{"Weight":1,"CFrame":[-0.0021507926285266878,-0.02504757046699524,0.08444058895111084,0.9975823760032654,-0.0017793311271816493,0.06947155296802521,0.009727139957249165,0.9934064149856567,-0.11423325538635254,-0.06881026178598404,0.11463276296854019,0.9910219311714172],"EasingStyle":"Linear","EasingDirection":"In"},"Left Arm":{"Weight":1,"CFrame":[-0.003814227879047394,-0.006415367126464844,0.06173741817474365,0.9985570311546326,0.009674658998847008,-0.052824966609478,-0.01173973549157381,0.9991732835769653,-0.03892483562231064,0.052404697984457019,0.03948882222175598,0.997844934463501],"EasingStyle":"Linear","EasingDirection":"In"},"Head":{"Weight":1,"CFrame":[4.0512531995773318e-8,2.0489096641540528e-8,-5.960464477539063e-8,0.9753036499023438,0.1817813515663147,-0.12545278668403626,-0.15870127081871034,0.9718080163002014,0.17436526715755464,0.15361233055591584,-0.15014953911304475,0.9766567945480347],"EasingStyle":"Linear","EasingDirection":"In"},"Torso":{"Weight":1,"CFrame":[0.05436711013317108,-0.06323389708995819,-0.08258056640625,0.9965734481811523,-0.04709625244140625,0.06799615919589997,0.052420724183321,0.9955134987831116,-0.07877114415168762,-0.06398127973079682,0.0820656269788742,0.9945710897445679],"EasingStyle":"Linear","EasingDirection":"In"},"HumanoidRootPart":{"Weight":1,"CFrame":[0,0,0,1,0,0,0,1,0,0,0,1],"EasingStyle":"Linear","EasingDirection":"In"},"Right Leg":{"Weight":1,"CFrame":[0.26402080059051516,0.003621995449066162,0.01414477825164795,0.9947081208229065,0.09232942014932633,-0.0450674407184124,-0.09553347527980805,0.9925929307937622,-0.07505129277706146,0.037804245948791507,0.07895953953266144,0.9961607456207275],"EasingStyle":"Linear","EasingDirection":"In"}}},{"Time":0.5666666626930237,"poses":{"Left Leg":{"Weight":1,"CFrame":[-0.47922593355178835,0.1433839201927185,-0.029839754104614259,0.985532820224762,-0.16394519805908204,-0.04297711327672005,0.1668824851512909,0.9829487800598145,0.0772140845656395,0.02958539128303528,-0.0832691490650177,0.996087908744812],"EasingStyle":"Linear","EasingDirection":"In"},"Right Arm":{"Weight":1,"CFrame":[0.003504343330860138,-0.05057382583618164,0.04558110237121582,0.9990301728248596,-0.03239501267671585,0.029822897166013719,0.035297393798828128,0.9940983057022095,-0.102580726146698,-0.026323800906538965,0.10353374481201172,0.9942775964736939],"EasingStyle":"Linear","EasingDirection":"In"},"Left Arm":{"Weight":1,"CFrame":[-0.005399983376264572,-0.011511266231536866,0.06203639507293701,0.9982185363769531,0.01887587085366249,-0.05659923702478409,-0.02001078985631466,0.9996085166931152,-0.019553862512111665,0.056207966059446338,0.020651493221521379,0.9982055425643921],"EasingStyle":"Linear","EasingDirection":"In"},"Head":{"Weight":1,"CFrame":[7.543712854385376e-8,1.3969838619232178e-8,1.1920928955078126e-7,0.9776018857955933,0.17102335393428803,-0.12266048043966294,-0.1492408812046051,0.9742607474327087,0.1689472645521164,0.14839722216129304,-0.14685721695423127,0.9779627919197083],"EasingStyle":"Linear","EasingDirection":"In"},"Torso":{"Weight":1,"CFrame":[0.05322845280170441,-0.06379523873329163,-0.09468197822570801,0.9967297911643982,-0.04554425925016403,0.06674931198358536,0.050771232694387439,0.9955946803092957,-0.07882597297430039,-0.06286519020795822,0.0819571390748024,0.994651198387146],"EasingStyle":"Linear","EasingDirection":"In"},"HumanoidRootPart":{"Weight":1,"CFrame":[0,0,0,1,0,0,0,1,0,0,0,1],"EasingStyle":"Linear","EasingDirection":"In"},"Right Leg":{"Weight":1,"CFrame":[0.3017025887966156,0.012815892696380616,0.015970587730407716,0.9924602508544922,0.11458639800548554,-0.043505650013685229,-0.11757571250200272,0.9903148412704468,-0.07384158670902252,0.03462310880422592,0.07839998602867127,0.9963206648826599],"EasingStyle":"Linear","EasingDirection":"In"}}},{"Time":0.6000000238418579,"poses":{"Left Leg":{"Weight":1,"CFrame":[-0.5020728707313538,0.15097373723983766,-0.031487107276916507,0.98313307762146,-0.1775645762681961,-0.04381983354687691,0.180451437830925,0.9807702302932739,0.07434552162885666,0.029776031151413919,-0.08099889010190964,0.9962694048881531],"EasingStyle":"Linear","EasingDirection":"In"},"Right Arm":{"Weight":1,"CFrame":[0.01025407388806343,-0.08806979656219483,-0.000799715518951416,0.9938449263572693,-0.10592029988765717,-0.03245328739285469,0.10304252058267594,0.9914335608482361,-0.08026112616062164,0.040676549077034,0.07642294466495514,0.9962454438209534],"EasingStyle":"Linear","EasingDirection":"In"},"Left Arm":{"Weight":1,"CFrame":[-0.007292661815881729,-0.021654129028320314,0.0622786283493042,0.9971877336502075,0.043318670243024829,-0.061158161610364917,-0.04298852011561394,0.9990531206130981,0.006703507620841265,0.06139061972498894,-0.0040556155145168308,0.9981056451797485],"EasingStyle":"Linear","EasingDirection":"In"},"Head":{"Weight":1,"CFrame":[1.1688098311424256e-7,-2.7939677238464357e-9,1.1920928955078126e-7,0.9814087748527527,0.15330389142036439,-0.11547616124153137,-0.13398240506649018,0.9780276417732239,0.15972061455249787,0.13742466270923615,-0.1412794291973114,0.9803850054740906],"EasingStyle":"Linear","EasingDirection":"In"},"Torso":{"Weight":1,"CFrame":[0.050534263253211978,-0.06442758440971375,-0.10904836654663086,0.99688720703125,-0.04632774367928505,0.06379371136426926,0.05131179839372635,0.9955655932426453,-0.07884439080953598,-0.05985814332962036,0.08187234401702881,0.9948436617851257],"EasingStyle":"Linear","EasingDirection":"In"},"HumanoidRootPart":{"Weight":1,"CFrame":[0,0,0,1,0,0,0,1,0,0,0,1],"EasingStyle":"Linear","EasingDirection":"In"},"Right Leg":{"Weight":1,"CFrame":[0.3419562578201294,0.024493873119354249,0.018698573112487794,0.9891770482063294,0.13987970352172852,-0.044301073998212817,-0.14277547597885133,0.9872161746025086,-0.07084833085536957,0.033824555575847629,0.07640659064054489,0.9965028762817383],"EasingStyle":"Linear","EasingDirection":"In"}}},{"Time":0.6333333253860474,"poses":{"Left Leg":{"Weight":1,"CFrame":[-0.5179334282875061,0.15458035469055177,-0.03240472078323364,0.9813961982727051,-0.18659928441047669,-0.045191649347543719,0.18939021229743958,0.9795194268226624,0.06835921108722687,0.031510286033153537,-