{"Sequence":[{"Time":0,"poses":{"Left Leg":{"Weight":1,"CFrame":[-0.6828398704528809,0.49480360746383669,-0.21485725045204163,0.932338297367096,0.12353122234344483,-0.33983132243156435,-0.03443914279341698,0.9658970236778259,0.2566259205341339,0.3599434196949005,-0.2275587022304535,0.9047970771789551],"EasingStyle":"Constant","EasingDirection":"In"},"Right Arm":{"Weight":1,"CFrame":[-0.12451976537704468,-0.4622545540332794,-0.17032504081726075,-0.20739026367664338,-0.9357689619064331,-0.2851766347885132,0.9508803486824036,-0.2613145411014557,0.16595570743083955,-0.2298169881105423,-0.2367512732744217,0.943998396396637],"EasingStyle":"Constant","EasingDirection":"In"},"Head":{"Weight":1,"CFrame":[1.1920928955078126e-7,-1.4901161193847657e-8,-1.4901161193847657e-7,0.9592288732528687,0.22864091396331788,0.16614234447479249,-0.2753196954727173,0.8887566924095154,0.3664841055870056,-0.06386688351631165,-0.3972843885421753,0.9154704213142395],"EasingStyle":"Constant","EasingDirection":"In"},"Left Arm":{"Weight":1,"CFrame":[0.7786350846290588,-0.4563875198364258,0.35148167610168459,0.3335629105567932,0.752631425857544,-0.5676987171173096,-0.6802860498428345,0.6090583205223084,0.40774840116500857,0.6526458859443665,0.2501876652240753,0.7151638865470886],"EasingStyle":"Constant","EasingDirection":"In"},"Torso":{"Weight":1,"CFrame":[-5.587935447692871e-8,-0.12453430891036987,-0.27962586283683779,0.9640321135520935,-0.23751728236675263,0.1192793920636177,0.26010414958000185,0.9353798031806946,-0.23960480093955995,-0.05466126650571823,0.2620117962360382,0.9635154008865356],"EasingStyle":"Constant","EasingDirection":"In"},"HumanoidRootPart":{"Weight":0,"CFrame":[0,0,0,1,0,0,0,1,0,0,0,1],"EasingStyle":"Linear","EasingDirection":"In"},"Right Leg":{"Weight":1,"CFrame":[0.2305237054824829,0.23397302627563477,0.019365012645721437,0.9808496832847595,-0.07693645358085633,-0.17892640829086305,0.06149200350046158,0.9940122365951538,-0.09032400697469711,0.1848042607307434,0.07759172469377518,0.9797075390815735],"EasingStyle":"Constant","EasingDirection":"In"}}},{"Time":0.0416666679084301,"poses":{"Left Leg":{"Weight":1,"CFrame":[-0.6306909322738648,0.28057193756103518,-0.1804586946964264,0.9282962679862976,0.13300646841526032,-0.34723955392837527,-0.08712757378816605,0.9856442809104919,0.14461739361286164,0.3614896833896637,-0.10399366170167923,0.9265584349632263],"EasingStyle":"Constant","EasingDirection":"In"},"Right Arm":{"Weight":1,"CFrame":[-0.00852152705192566,-0.35729843378067019,-0.11054518818855286,-0.5308184027671814,-0.8391844630241394,-0.11832654476165772,0.8458743095397949,-0.5332252979278565,-0.012941326946020127,-0.052234530448913577,-0.10695888102054596,0.9928904175758362],"EasingStyle":"Constant","EasingDirection":"In"},"Head":{"Weight":1,"CFrame":[1.341104507446289e-7,-7.450580596923828e-9,-1.4901161193847657e-7,0.968932032585144,0.21334145963191987,0.1251242458820343,-0.23540186882019044,0.9506877064704895,0.20193776488304139,-0.07587240636348725,-0.2251184731721878,0.9713727831840515],"EasingStyle":"Constant","EasingDirection":"In"},"Left Arm":{"Weight":1,"CFrame":[0.6912684440612793,-0.4067017436027527,0.41330528259277346,0.39650964736938479,0.6373755931854248,-0.6607059836387634,-0.6246494650840759,0.7147239446640015,0.3146151602268219,0.6727504134178162,0.2879617214202881,0.6815313100814819],"EasingStyle":"Constant","EasingDirection":"In"},"Torso":{"Weight":1,"CFrame":[-0.01609043963253498,-0.07803038507699967,-0.15765050053596497,0.9766830801963806,-0.21310484409332276,0.02601013146340847,0.21466536819934846,0.9677016735076904,-0.13218264281749726,0.0029987150337547065,0.1346840262413025,0.9908840656280518],"EasingStyle":"Constant","EasingDirection":"In"},"HumanoidRootPart":{"Weight":0,"CFrame":[0,0,0,1,0,0,0,1,0,0,0,1],"EasingStyle":"Linear","EasingDirection":"In"},"Right Leg":{"Weight":1,"CFrame":[0.14167651534080506,0.167039692401886,0.03817668557167053,0.9884834289550781,0.007140062283724546,-0.1511605978012085,-0.007545336149632931,0.9999693036079407,-0.002107480773702264,0.15114088356494904,0.0032237591221928598,0.9885069727897644],"EasingStyle":"Constant","EasingDirection":"In"}}},{"Time":0.0833333358168602,"poses":{"Left Leg":{"Weight":1,"CFrame":[-0.6306909322738648,0.28057193756103518,-0.1804586946964264,0.9282962679862976,0.13300646841526032,-0.34723955392837527,-0.08712757378816605,0.9856442809104919,0.14461739361286164,0.3614896833896637,-0.10399366170167923,0.9265584349632263],"EasingStyle":"Constant","EasingDirection":"In"},"Right Arm":{"Weight":1,"CFrame":[-0.00852152705192566,-0.35729843378067019,-0.11054518818855286,-0.5308184027671814,-0.8391844630241394,-0.11832654476165772,0.8458743095397949,-0.5332252979278565,-0.012941326946020127,-0.052234530448913577,-0.10695888102054596,0.9928904175758362],"EasingStyle":"Constant","EasingDirection":"In"},"Head":{"Weight":1,"CFrame":[1.341104507446289e-7,-7.450580596923828e-9,-1.4901161193847657e-7,0.968932032585144,0.21334145963191987,0.1251242458820343,-0.23540186882019044,0.9506877064704895,0.20193776488304139,-0.07587240636348725,-0.2251184731721878,0.9713727831840515],"EasingStyle":"Constant","EasingDirection":"In"},"Left Arm":{"Weight":1,"CFrame":[0.6912684440612793,-0.4067017436027527,0.41330528259277346,0.39650964736938479,0.6373755931854248,-0.6607059836387634,-0.6246494650840759,0.7147239446640015,0.3146151602268219,0.6727504134178162,0.2879617214202881,0.6815313100814819],"EasingStyle":"Constant","EasingDirection":"In"},"Torso":{"Weight":1,"CFrame":[-0.01609043963253498,-0.07803038507699967,-0.15765050053596497,0.9766830801963806,-0.21310484409332276,0.02601013146340847,0.21466536819934846,0.9677016735076904,-0.13218264281749726,0.0029987150337547065,0.1346840262413025,0.9908840656280518],"EasingStyle":"Constant","EasingDirection":"In"},"HumanoidRootPart":{"Weight":0,"CFrame":[0,0,0,1,0,0,0,1,0,0,0,1],"EasingStyle":"Linear","EasingDirection":"In"},"Right Leg":{"Weight":1,"CFrame":[0.14167651534080506,0.167039692401886,0.03817668557167053,0.9884834289550781,0.007140062283724546,-0.1511605978012085,-0.007545336149632931,0.9999693036079407,-0.002107480773702264,0.15114088356494904,0.0032237591221928598,0.9885069727897644],"EasingStyle":"Constant","EasingDirection":"In"}}},{"Time":0.125,"poses":{"Left Leg":{"Weight":1,"CFrame":[-0.6306909322738648,0.28057193756103518,-0.1804586946964264,0.9282962679862976,0.13300646841526032,-0.34723955392837527,-0.08712757378816605,0.9856442809104919,0.14461739361286164,0.3614896833896637,-0.10399366170167923,0.9265584349632263],"EasingStyle":"Constant","EasingDirection":"In"},"Right Arm":{"Weight":1,"CFrame":[-0.00852152705192566,-0.35729843378067019,-0.11054518818855286,-0.5308184027671814,-0.8391844630241394,-0.11832654476165772,0.8458743095397949,-0.5332252979278565,-0.012941326946020127,-0.052234530448913577,-0.10695888102054596,0.9928904175758362],"EasingStyle":"Constant","EasingDirection":"In"},"Head":{"Weight":1,"CFrame":[1.341104507446289e-7,-7.450580596923828e-9,-1.4901161193847657e-7,0.968932032585144,0.21334145963191987,0.1251242458820343,-0.23540186882019044,0.9506877064704895,0.20193776488304139,-0.07587240636348725,-0.2251184731721878,0.9713727831840515],"EasingStyle":"Constant","EasingDirection":"In"},"Left Arm":{"Weight":1,"CFrame":[0.6912684440612793,-0.4067017436027527,0.41330528259277346,0.39650964736938479,0.6373755931854248,-0.6607059836387634,-0.6246494650840759,0.7147239446640015,0.3146151602268219,0.6727504134178162,0.2879617214202881,0.6815313100814819],"EasingStyle":"Constant","EasingDirection":"In"},"Torso":{"Weight":1,"CFrame":[-0.01609043963253498,-0.07803038507699967,-0.15765050053596497,0.9766830801963806,-0.21310484409332276,0.02601013146340847,0.21466536819934846,0.9677016735076904,-0.13218264281749726,0.0029987150337547065,0.1346840262413025,0.9908840656280518],"EasingStyle":"Constant","EasingDirection":"In"},"HumanoidRootPart":{"Weight":0,"CFrame":[0,0,0,1,0,0,0,1,0,0,0,1],"EasingStyle":"Linear","EasingDirection":"In"},"Right Leg":{"Weight":1,"CFrame":[0.14167651534080506,0.167039692401886,0.03817668557167053,0.9884834289550781,0.007140062283724546,-0.1511605978012085,-0.007545336149632931,0.9999693036079407,-0.002107480773702264,0.15114088356494904,0.0032237591221928598,0.9885069727897644],"EasingStyle":"Constant","EasingDirection":"In"}}},{"Time":0.1666666716337204,"poses":{"Left Leg":{"Weight":1,"CFrame":[-0.6655243635177612,0.3297397494316101,-0.1966966688632965,0.9578928351402283,-0.08351188153028488,-0.27471277117729189,0.13273246586322785,0.9771928787231445,0.16575950384140016,0.25460442900657656,-0.19524314999580384,0.9471307396888733],"EasingStyle":"Constant","EasingDirection":"In"},"Right Arm":{"Weight":1,"CFrame":[0.05149921774864197,-0.3361068367958069,-0.04535722732543945,-0.7209210991859436,-0.6539474129676819,0.22940252721309663,0.6287471055984497,-0.7564063668251038,-0.18035109341144563,0.29146161675453188,0.01421726867556572,0.9564768671989441],"EasingStyle":"Constant","EasingDirection":"In"},"Head":{"Weight":1,"CFrame":[1.555308699607849e-7,-1.4901161193847657e-8,1.1920928955078126e-7,0.9919610619544983,0.12599942088127137,0.011722325347363949,-0.12629170715808869,0.9798886179924011,0.15449512004852296,0.007979725487530232,-0.1547335535287857,0.9879239797592163],"EasingStyle":"Constant","EasingDirection":"In"},"Left Arm":{"Weight":1,"CFrame":[0.6985819339752197,-0.43006014823913576,0.341838002204895,0.4269865155220032,0.6424624919891357,-0.6363368034362793,-0.5284689664840698,0.7483213543891907,0.400918573141098,0.7337595224380493,0.16509735584259034,0.659044623374939],"EasingStyle":"Constant","EasingDirection":"In"},"Torso":{"Weight":1,"CFrame":[0.002011294476687908,-0.04039853811264038,-0.10149288177490235,0.9933936595916748,-0.11448542028665543,0.007878788746893406,0.11475319415330887,0.9915205240249634,-0.06098185479640961,-0.0008304478833451867,0.06148310378193855,0.9981077909469605],"EasingStyle":"Constant","EasingDirection":"In"},"HumanoidRootPart":{"Weight":0,"CFrame":[0,0,0,1,0,0,0,1,0,0,0,1],"EasingStyle":"Linear","EasingDirection":"In"},"Right Leg":{"Weight":1,"CFrame":[0.1526956707239151,0.11418241262435913,0.037779778242111209,0.9976953268051148,0.04546501487493515,-0.05036783590912819,-0.04475102573633194,0.9988822937011719,0.015214340761303902,0.05100327730178833,-0.012925267219543457,0.9986148476600647],"EasingStyle":"Constant","EasingDirection":"In"}}},{"Time":0.2083333283662796,"poses":{"Left Leg":{"Weight":1,"CFrame":[-0.6655243635177612,0.3297397494316101,-0.1966966688632965,0.9578928351402283,-0.08351188153028488,-0.27471277117729189,0.13273246586322785,0.9771928787231445,0.16575950384140016,0.25460442900657656,-0.19524314999580384,0.9471307396888733],"EasingStyle":"Constant","EasingDirection":"In"},"Right Arm":{"Weight":1,"CFrame":[0.05149921774864197,-0.3361068367958069,-0.04535722732543945,-0.7209210991859436,-0.6539474129676819,0.22940252721309663,0.6287471055984497,-0.7564063668251038,-0.18035109341144563,0.29146161675453188,0.01421726867556572,0.9564768671989441],"EasingStyle":"Constant","EasingDirection":"In"},"Head":{"Weight":1,"CFrame":[1.555308699607849e-7,-1.4901161193847657e-8,1.1920928955078126e-7,0.9919610619544983,0.12599942088127137,0.011722325347363949,-0.12629170715808869,0.9798886179924011,0.15449512004852296,0.007979725487530232,-0.1547335535287857,0.9879239797592163],"EasingStyle":"Constant","EasingDirection":"In"},"Left Arm":{"Weight":1,"CFrame":[0.6985819339752197,-0.43006014823913576,0.341838002204895,0.4269865155220032,0.6424624919891357,-0.6363368034362793,-0.5284689664840698,0.7483213543891907,0.400918573141098,0.7337595224380493,0.16509735584259034,0.659044623374939],"EasingStyle":"Constant","EasingDirection":"In"},"Torso":{"Weight":1,"CFrame":[0.002011294476687908,-0.04039853811264038,-0.10149288177490235,0.9933936595916748,-0.11448542028665543,0.007878788746893406,0.11475319415330887,0.9915205240249634,-0.06098185479640961,-0.0008304478833451867,0.06148310378193855,0.9981077909469605],"EasingStyle":"Constant","EasingDirection":"In"},"HumanoidRootPart":{"Weight":0,"CFrame":[0,0,0,1,0,0,0,1,0,0,0,1],"EasingStyle":"Linear","EasingDirection":"In"},"Right Leg":{"Weight":1,"CFrame":[0.1526956707239151,0.11418241262435913,0.037779778242111209,0.9976953268051148,0.04546501487493515,-0.05036783590912819,-0.04475102573633194,0.9988822937011719,0.015214340761303902,0.05100327730178833,-0.012925267219543457,0.9986148476600647],"EasingStyle":"Constant","EasingDirection":"In"}}},{"Time":0.25,"poses":{"Left Leg":{"Weight":1,"CFrame":[-0.6655243635177612,0.3297397494316101,-0.1966966688632965,0.9578928351402283,-0.08351188153028488,-0.27471277117729189,0.13273246586322785,0.9771928787231445,0.16575950384140016,0.25460442900657656,-0.19524314999580384,0.9471307396888733],"EasingStyle":"Constant","EasingDirection":"In"},"Right Arm":{"Weight":1,"CFrame":[0.05149921774864197,-0.3361068367958069,-0.04535722732543945,-0.7209210991859436,-0.6539474129676819,0.22940252721309663,0.6287471055984497,-0.7564063668251038,-0.18035109341144563,0.29146161675453188,0.01421726867556572,0.9564768671989441],"EasingStyle":"Constant","EasingDirection":"In"},"Head":{"Weight":1,"CFrame":[1.555308699607849e-7,-1.4901161193847657e-8,1.1920928955078126e-7,0.9919610619544983,0.12599942088127137,0.011722325347363949,-0.12629170715808869,0.9798886179924011,0.15449512004852296,0.007979725487530232,-0.1547335535287857,0.9879239797592163],"EasingStyle":"Constant","EasingDirection":"In"},"Left Arm":{"Weight":1,"CFrame":[0.6985819339752197,-0.43006014823913576,0.341838002204895,0.4269865155220032,0.6424624919891357,-0.6363368034362793,-0.5284689664840698,0.7483213543891907,0.400918573141098,0.7337595224380493,0.16509735584259034,0.659044623374939],"EasingStyle":"Constant","EasingDirection":"In"},"Torso":{"Weight":1,"CFrame":[0.002011294476687908,-0.04039853811264038,-0.10149288177490235,0.9933936595916748,-0.11448542028665543,0.007878788746893406,0.11475319415330887,0.9915205240249634,-0.06098185479640961,-0.0008304478833451867,0.06148310378193855,0.9981077909469605],"EasingStyle":"Constant","EasingDirection":"In"},"HumanoidRootPart":{"Weight":0,"CFrame":[0,0,0,1,0,0,0,1,0,0,0,1],"EasingStyle":"Linear","EasingDirection":"In"},"Right Leg":{"Weight":1,"CFrame":[0.1526956707239151,0.11418241262435913,0.037779778242111209,0.9976953268051148,0.04546501487493515,-0.05036783590912819,-0.04475102573633194,0.9988822937011719,0.015214340761303902,0.05100327730178833,-0.012925267219543457,0.9986148476600647],"EasingStyle":"Constant","EasingDirection":"In"}}},{"Time":0.2916666567325592,"poses":{"Left Leg":{"Weight":1,"CFrame":[-0.6458832025527954,0.3108271360397339,-0.1878296136856079,0.939149022102356,-0.26055213809013369,-0.22385632991790772,0.30841341614723208,0.9265236258506775,0.2154882401227951,0.1512622833251953,-0.2714158594608307,0.9505015015602112],"EasingStyle":"Constant","EasingDirection":"In"},"Right Arm":{"Weight":1,"CFrame":[-0.20599567890167237,-0.49374932050704958,-0.016650915145874025,-0.6781678199768066,-0.7110236287117004,0.18583258986473084,0.6480858325958252,-0.6978424191474915,-0.3049602210521698,0.34651583433151247,-0.08637876063585282,0.9340586066246033],"EasingStyle":"Constant","EasingDirection":"In"},"Head":{"Weight":1,"CFrame":[1.4156103134155274e-7,4.470348358154297e-8,-5.960464477539063e-8,0.9963536262512207,0.01219068095088005,-0.084444060921669,0.0061850761994719509,0.9768152832984924,0.21399463713169099,0.08509498834609986,-0.21373659372329713,0.9731780290603638],"EasingStyle":"Constant","EasingDirection":"In"},"Left Arm":{"Weight":1,"CFrame":[0.3291708827018738,-0.4743294417858124,0.2815474271774292,0.21981628239154817,0.8031073212623596,-0.5538045167922974,-0.648267388343811,0.5444703698158264,0.5322606563568115,0.7289925813674927,0.24201372265815736,0.6403117179870606],"EasingStyle":"Constant","EasingDirection":"In"},"Torso":{"Weight":1,"CFrame":[0.022124256938695909,-0.01498281117528677,-0.12616394460201264,0.9990965127944946,-0.039561111479997638,0.01552781742066145,0.040720246732234958,0.995697021484375,-0.0832422748208046,-0.012167844921350479,0.08379935473203659,0.9964083433151245],"EasingStyle":"Constant","EasingDirection":"In"},"HumanoidRootPart":{"Weight":0,"CFrame":[0,0,0,1,0,0,0,1,0,0,0,1],"EasingStyle":"Linear","EasingDirection":"In"},"Right Leg":{"Weight":1,"CFrame":[0.20258484780788423,0.14155346155166627,0.03357720375061035,0.9996364712715149,-0.012774016708135605,0.02374308556318283,0.012480505742132664,0.9998443722724915,0.012467779219150544,-0.023898672312498094,-0.012166918255388737,0.9996403455734253],"EasingStyle":"Constant","EasingDirection":"In"}}},{"Time":0.3333333432674408,"poses":{"Left Leg":{"Weight":1,"CFrame":[-0.6458832025527954,0.3108271360397339,-0.1878296136856079,0.939149022102356,-0.26055213809013369,-0.22385632991790772,0.30841341614723208,0.9265236258506775,0.2154882401227951,0.1512622833251953,-0.2714158594608307,0.9505015015602112],"EasingStyle":"Constant","EasingDirection":"In"},"Right Arm":{"Weight":1,"CFrame":[-0.20599567890167237,-0.49374932050704958,-0.016650915145874025,-0.6781678199768066,-0.7110236287117004,0.18583258986473084,0.6480858325958252,-0.6978424191474915,-0.3049602210521698,0.34651583433151247,-0.08637876063585282,0.9340586066246033],"EasingStyle":"Constant","EasingDirection":"In"},"Head":{"Weight":1,"CFrame":[1.4156103134155274e-7,4.470348358154297e-8,-5.960464477539063e-8,0.9963536262512207,0.01219068095088005,-0.084444060921669,0.0061850761994719509,0.9768152832984924,0.21399463713169099,0.08509498834609986,-0.21373659372329713,0.9731780290603638],"EasingStyle":"Constant","EasingDirection":"In"},"Left Arm":{"Weight":1,"CFrame":[0.3291708827018738,-0.4743294417858124,0.2815474271774292,0.21981628239154817,0.8031073212623596,-0.5538045167922974,-0.648267388343811,0.5444703698158264,0.5322606563568115,0.7289925813674927,0.24201372265815736,0.6403117179870606],"EasingStyle":"Constant","EasingDirection":"In"},"Torso":{"Weight":1,"CFrame":[0.022124256938695909,-0.01498281117528677,-0.12616394460201264,0.9990965127944946,-0.039561111479997638,0.01552781742066145,0.040720246732234958,0.995697021484375,-0.0832422748208046,-0.012167844921350479,0.08379935473203659,0.9964083433151245],"EasingStyle":"Constant","EasingDirection":"In"},"HumanoidRootPart":{"Weight":0,"CFrame":[0,0,0,1,0,0,0,1,0,0,0,1],"EasingStyle":"Linear","EasingDirection":"In"},"Right Leg":{"Weight":1,"CFrame":[0.20258484780788423,0.14155346155166627,0.03357720375061035,0.9996364712715149,-0.012774016708135605,0.02374308556318283,0.012480505742132664,0.9998443722724915,0.012467779219150544,-0.023898672312498094,-0.012166918255388737,0.9996403455734253],"EasingStyle":"Constant","EasingDirection":"In"}}},{"Time":0.375,"poses":{"Left Leg":{"Weight":1,"CFrame":[-0.25980010628700259,0.1636577844619751,0.04868817329406738,0.9517127871513367,-0.026772556826472284,0.3058202266693115,0.07548554986715317,0.9860133528709412,-0.14859221875667573,-0.29756465554237368,0.16450214385986329,0.9404224157333374],"EasingStyle":"Constant","EasingDirection":"In"},"Right Arm":{"Weight":1,"CFrame":[-0.3126445710659027,0.0503619909286499,0.34886589646339419,0.6339876055717468,0.04090992733836174,0.7722603678703308,0.32827308773994448,0.8899304866790772,-0.31663942337036135,-0.700211763381958,0.4542577862739563,0.5507752895355225],"EasingStyle":"Constant","EasingDirection":"In"},"Head":{"Weight":1,"CFrame":[1.7136335372924806e-7,5.21540641784668e-8,2.384185791015625e-7,0.9283472895622253,-0.2915765047073364,-0.23055244982242585,0.3432483971118927,0.9104821681976318,0.23065707087516786,0.14265978336334229,-0.2932666540145874,0.9453268647193909],"EasingStyle":"Constant","EasingDirection":"In"},"Left Arm":{"Weight":1,"CFrame":[-0.05739110708236694,-0.6140039563179016,0.018240392208099366,-0.541222095489502,0.8355282545089722,0.09471641480922699,-0.8122649192810059,-0.4903428852558136,-0.31589475274086,-0.21749550104141236,-0.24790406227111817,0.9440547227859497],"EasingStyle":"Constant","EasingDirection":"In"},"Torso":{"Weight":1,"CFrame":[0.08302278816699982,-0.1281554400920868,-0.27962589263916018,0.9583351016044617,0.24904268980026246,-0.139898419380188,-0.27278023958206179,0.943229079246521,-0.18949884176254273,0.08476294577121735,0.21976493299007417,0.9718635082244873],"EasingStyle":"Constant","EasingDirection":"In"},"HumanoidRootPart":{"Weight":0,"CFrame":[0,0,0,1,0,0,0,1,0,0,0,1],"EasingStyle":"Linear","EasingDirection":"In"},"Right Leg":{"Weight":1,"CFrame":[0.9617440104484558,0.5758916139602661,-0.27791091799736025,0.902600884437561,0.0860624834895134,0.42178764939308169,-0.23143087327480317,0.9231814742088318,0.30688056349754336,-0.36297571659088137,-0.3746054172515869,0.8531819581985474],"EasingStyle":"Constant","EasingDirection":"In"}}},{"Time":0.4166666567325592,"poses":{"Left Leg":{"Weight":1,"CFrame":[-0.25980010628700259,0.1636577844619751,0.04868817329406738,0.9517127871513367,-0.026772556826472284,0.3058202266693115,0.07548554986715317,0.9860133528709412,-0.14859221875667573,-0.29756465554237368,0.16450214385986329,0.9404224157333374],"EasingStyle":"Constant","EasingDirection":"In"},"Right Arm":{"Weight":1,"CFrame":[-0.3126445710659027,0.0503619909286499,0.34886589646339419,0.6339876055717468,0.04090992733836174,0.7722603678703308,0.32827308773994448,0.8899304866790772,-0.31663942337036135,-0.700211763381958,0.4542577862739563,0.5507752895355225],"EasingStyle":"Constant","EasingDirection":"In"},"Head":{"Weight":1,"CFrame":[1.7136335372924806e-7,5.21540641784668e-8,2.384185791015625e-7,0.9283472895622253,-0.2915765047073364,-0.23055244982242585,0.3432483971118927,0.9104821681976318,0.23065707087516786,0.14265978336334229,-0.2932666540145874,0.9453268647193909],"EasingStyle":"Constant","EasingDirection":"In"},"Left Arm":{"Weight":1,"CFrame":[-0.05739110708236694,-0.6140039563179016,0.018240392208099366,-0.541222095489502,0.8355282545089722,0.09471641480922699,-0.8122649192810059,-0.4903428852558136,-0.31589475274086,-0.21749550104141236,-0.24790406227111817,0.9440547227859497],"EasingStyle":"Constant","EasingDirection":"In"},"Torso":{"Weight":1,"CFrame":[0.08302278816699982,-0.1281554400920868,-0.27962589263916018,0.9583351016044617,0.24904268980026246,-0.139898419380188,-0.27278023958206179,0.943229079246521,-0.18949884176254273,0.08476294577121735,0.21976493299007417,0.9718635082244873],"EasingStyle":"Constant","EasingDirection":"In"},"HumanoidRootPart":{"Weight":0,"CFrame":[0,0,0,1,0,0,0,1,0,0,0,1],"EasingStyle":"Linear","EasingDirection":"In"},"Right Leg":{"Weight":1,"CFrame":[0.9617440104484558,0.5758916139602661,-0.27791091799736025,0.902600884437561,0.0860624834895134,0.42178764939308169,-0.23143087327480317,0.9231814742088318,0.30688056349754336,-0.36297571659088137,-0.3746054172515869,0.8531819581985474],"EasingStyle":"Constant","EasingDirection":"In"}}},{"Time":0.4583333432674408,"poses":{"Left Leg":{"Weight":1,"CFrame":[-0.25980010628700259,0.1636577844619751,0.04868817329406738,0.9517127871513367,-0.026772556826472284,0.3058202266693115,0.07548554986715317,0.9860133528709412,-0.14859221875667573,-0.29756465554237368,0.16450214385986329,0.9404224157333374],"EasingStyle":"Constant","EasingDirection":"In"},"Right Arm":{"Weight":1,"CFrame":[-0.3126445710659027,0.0503619909286499,0.34886589646339419,0.6339876055717468,0.04090992733836174,0.7722603678703308,0.32827308773994448,0.8899304866790772,-0.31663942337036135,-0.700211763381958,0.4542577862739563,0.5507752895355225],"EasingStyle":"Constant","EasingDirection":"In"},"Head":{"Weight":1,"CFrame":[1.7136335372924806e-7,5.21540641784668e-8,2.384185791015625e-7,0.9283472895622253,-0.2915765047073364,-0.23055244982242585,0.3432483971118927,0.9104821681976318,0.23065707087516786,0.14265978336334229,-0.2932666540145874,0.9453268647193909],"EasingStyle":"Constant","EasingDirection":"In"},"Left Arm":{"Weight":1,"CFrame":[-0.05739110708236694,-0.6140039563179016,0.018240392208099366,-0.541222095489502,0.8355282545089722,0.09471641480922699,-0.8122649192810059,-0.4903428852558136,-0.31589475274086,-0.21749550104141236,-0.24790406227111817,0.9440547227859497],"EasingStyle":"Constant","EasingDirection":"In"},"Torso":{"Weight":1,"CFrame":[0.08302278816699982,-0.1281554400920868,-0.27962589263916018,0.9583351016044617,0.24904268980026246,-0.139898419380188,-0.27278023958206179,0.943229079246521,-0.18949884176254273,0.08476294577121735,0.21976493299007417,0.9718635082244873],"EasingStyle":"Constant","EasingDirection":"In"},"HumanoidRootPart":{"Weight":0,"CFrame":[0,0,0,1,0,0,0,1,0,0,0,1],"EasingStyle":"Linear","EasingDirection":"In"},"Right Leg":{"Weight":1,"CFrame":[0.9617440104484558,0.5758916139602661,-0.27791091799736025,0.902600884437561,0.0860624834895134,0.42178764939308169,-0.23143087327480317,0.9231814742088318,0.30688056349754336,-0.36297571659088137,-0.3746054172515869,0.8531819581985474],"EasingStyle":"Constant","EasingDirection":"In"}}},{"Time":0.5,"poses":{"Left Leg":{"Weight":1,"CFrame":[-0.18727193772792817,0.05230224132537842,-0.0002776980400085449,0.9520582556724548,-0.07938824594020844,0.2954362630844116,0.11650755256414414,0.9870555996894836,-0.11021436005830765,-0.28286227583885195,0.139351025223732,0.9489837884902954],"EasingStyle":"Constant","EasingDirection":"In"},"Right Arm":{"Weight":1,"CFrame":[-0.3160737156867981,0.09033584594726563,0.3530515432357788,0.7689269185066223,0.09619596600532532,0.632058322429657,0.19498664140701295,0.9062312245368958,-0.3751334846019745,-0.6088773012161255,0.4116932451725006,0.6780686974525452],"EasingStyle":"Constant","EasingDirection":"In"},"Head":{"Weight":1,"CFrame":[1.1920928955078126e-7,-7.450580596923828e-9,-3.8743019104003908e-7,0.9566395878791809,-0.276632696390152,-0.09118703752756119,0.2879394590854645,0.9453871846199036,0.15275460481643678,0.04395013675093651,-0.17238742113113404,0.9840482473373413],"EasingStyle":"Constant","EasingDirection":"In"},"Left Arm":{"Weight":1,"CFrame":[-0.21488696336746217,-0.4689905047416687,-0.028057575225830079,-0.8956200480461121,0.44243308901786806,0.0460178442299366,-0.4420294463634491,-0.8736568689346314,-0.20330655574798585,-0.049745719879865649,-0.2024267166852951,0.9780331254005432],"EasingStyle":"Constant","EasingDirection":"In"},"Torso":{"Weight":1,"CFrame":[0.10313592851161957,-0.07991856336593628,-0.15765047073364259,0.9651049971580505,0.23755329847335816,-0.11018538475036621,-0.2487894594669342,0.9630911350250244,-0.10275835543870926,0.08170799165964127,0.12658554315567017,0.9885848164558411],"EasingStyle":"Constant","EasingDirection":"In"},"HumanoidRootPart":{"Weight":0,"CFrame":[0,0,0,1,0,0,0,1,0,0,0,1],"EasingStyle":"Linear","EasingDirection":"In"},"Right Leg":{"Weight":1,"CFrame":[0.8920327425003052,0.589250922203064,-0.26572853326797488,0.931786298751831,-0.02725815400481224,0.36198246479034426,-0.11580885201692581,0.9227487444877625,0.3675909638404846,-0.344038724899292,-0.3844369649887085,0.8566478490829468],"EasingStyle":"Constant","EasingDirection":"In"}}},{"Time":0.5416666865348816,"poses":{"Left Leg":{"Weight":1,"CFrame":[-0.18727193772792817,0.05230224132537842,-0.0002776980400085449,0.9520582556724548,-0.07938824594020844,0.2954362630844116,0.11650755256414414,0.9870555996894836,-0.11021436005830765,-0.28286227583885195,0.139351025223732,0.9489837884902954],"EasingStyle":"Constant","EasingDirection":"In"},"Right Arm":{"Weight":1,"CFrame":[-0.3160737156867981,0.09033584594726563,0.3530515432357788,0.7689269185066223,0.09619596600532532,0.632058322429657,0.19498664140701295,0.9062312245368958,-0.3751334846019745,-0.6088773012161255,0.4116932451725006,0.6780686974525452],"EasingStyle":"Constant","EasingDirection":"In"},"Head":{"Weight":1,"CFrame":[1.1920928955078126e-7,-7.450580596923828e-9,-3.8743019104003908e-7,0.9566395878791809,-0.276632696390152,-0.09118703752756119,0.2879394590854645,0.9453871846199036,0.15275460481643678,0.04395013675093651,-0.17238742113113404,0.9840482473373413],"EasingStyle":"Constant","EasingDirection":"In"},"Left Arm":{"Weight":1,"CFrame":[-0.21488696336746217,-0.4689905047416687,-0.028057575225830079,-0.8956200480461121,0.44243308901786806,0.0460178442299366,-0.4420294463634491,-0.8736568689346314,-0.20330655574798585,-0.049745719879865649,-0.2024267166852951,0.9780331254005432],"EasingStyle":"Constant","EasingDirection":"In"},"Torso":{"Weight":1,"CFrame":[0.10313592851161957,-0.07991856336593628,-0.15765047073364259,0.9651049971580505,0.23755329847335816,-0.11018538475036621,-0.2487894594669342,0.9630911350250244,-0.10275835543870926,0.08170799165964127,0.12658554315567017,0.9885848164558411],"EasingStyle":"Constant","EasingDirection":"In"},"HumanoidRootPart":{"Weight":0,"CFrame":[0,0,0,1,0,0,0,1,0,0,0,1],"EasingStyle":"Linear","EasingDirection":"In"},"Right Leg":{"Weight":1,"CFrame":[0.8920327425003052,0.589250922203064,-0.26572853326797488,0.931786298751831,-0.02725815400481224,0.36198246479034426,-0.11580885201692581,0.9227487444877625,0.3675909638404846,-0.344038724899292,-0.3844369649887085,0.8566478490829468],"EasingStyle":"Constant","EasingDirection":"In"}}},{"Time":0.5833333134651184,"poses":{"Left Leg":{"Weight":1,"CFrame":[-0.18727193772792817,0.05230224132537842,-0.0002776980400085449,0.9520582556724548,-0.07938824594020844,0.2954362630844116,0.11650755256414414,0.9870555996894836,-0.11021436005830765,-0.28286227583885195,0.139351025223732,0.9489837884902954],"EasingStyle":"Constant","EasingDirection":"In"},"Right Arm":{"Weight":1,"CFrame":[-0.3160737156867981,0.09033584594726563,0.3530515432357788,0.7689269185066223,0.09619596600532532,0.632058322429657,0.19498664140701295,0.9062312245368958,-0.3751334846019745,-0.6088773012161255,0.4116932451725006,0.6780686974525452],"EasingStyle":"Constant","EasingDirection":"In"},"Head":{"Weight":1,"CFrame":[1.1920928955078126e-7,-7.450580596923828e-9,-3.8743019104003908e-7,0.9566395878791809,-0.276632696390152,-0.09118703752756119,0.2879394590854645,0.9453871846199036,0.15275460481643678,0.04395013675093651,-0.17238742113113404,0.9840482473373413],"EasingStyle":"Constant","EasingDirection":"In"},"Left Arm":{"Weight":1,"CFrame":[-0.21488696336746217,-0.4689905047416687,-0.028057575225830079,-0.8956200480461121,0.44243308901786806,0.0460178442299366,-0.4420294463634491,-0.8736568689346314,-0.20330655574798585,-0.049745719879865649,-0.2024267166852951,0.9780331254005432],"EasingStyle":"Constant","EasingDirection":"In"},"Torso":{"Weight":1,"CFrame":[0.10313592851161957,-0.07991856336593628,-0.15765047073364259,0.9651049971580505,0.23755329847335816,-0.11018538475036621,-0.2487894594669342,0.9630911350250244,-0.10275835543870926,0.08170799165964127,0.12658554315567017,0.9885848164558411],"EasingStyle":"Constant","EasingDirection":"In"},"HumanoidRootPart":{"Weight":0,"CFrame":[0,0,0,1,0,0,0,1,0,0,0,1],"EasingStyle":"Linear","EasingDirection":"In"},"Right Leg":{"Weight":1,"CFrame":[0.8920327425003052,0.589250922203064,-0.26572853326797488,0.931786298751831,-0.02725815400481224,0.36198246479034426,-0.11580885201692581,0.9227487444877625,0.3675909638404846,-0.344038724899292,-0.3844369649887085,0.8566478490829468],"EasingStyle":"Constant","EasingDirection":"In"}}},{"Time":0.625,"poses":{"Left Leg":{"Weight":1,"CFrame":[-0.18598993122577668,0.045272767543792728,0.0013031363487243653,0.9520725607872009,-0.14685629308223725,0.26831161975860598,0.16012142598628999,0.986696720123291,-0.02811892144382,-0.26061275601387026,0.06973370909690857,0.962921679019928],"EasingStyle":"Constant","EasingDirection":"In"},"Right Arm":{"Weight":1,"CFrame":[-0.23321864008903504,0.10752075910568237,0.28782039880752566,0.7578033804893494,0.15185917913913728,0.6345650553703308,0.04251105338335037,0.958981454372406,-0.2802630364894867,-0.6510966420173645,0.23936036229133607,0.7202637195587158],"EasingStyle":"Constant","EasingDirection":"In"},"Head":{"Weight":1,"CFrame":[1.7508864402770997e-7,1.4901161193847657e-8,0,0.9678616523742676,-0.24313198029994965,-0.06427006423473358,0.24963313341140748,0.9597796201705933,0.12847712635993958,0.030448202043771745,-0.1403920203447342,0.9896277189254761],"EasingStyle":"Constant","EasingDirection":"In"},"Left Arm":{"Weight":1,"CFrame":[-0.13941556215286256,-0.42674535512924197,-0.03457176685333252,-0.8892672657966614,0.44632190465927126,-0.10000281035900116,-0.3965321481227875,-0.8612658977508545,-0.31777870655059817,-0.22796054184436799,-0.24293579161167146,0.9428765177726746],"EasingStyle":"Constant","EasingDirection":"In"},"Torso":{"Weight":1,"CFrame":[0.09307938069105149,-0.04112037643790245,-0.10149288177490235,0.9759927988052368,0.2111184298992157,-0.053544674068689349,-0.21357634663581849,0.9758775234222412,-0.04525655880570412,0.04269855469465256,0.05560595169663429,0.9975394010543823],"EasingStyle":"Constant","EasingDirection":"In"},"HumanoidRootPart":{"Weight":0,"CFrame":[0,0,0,1,0,0,0,1,0,0,0,1],"EasingStyle":"Linear","EasingDirection":"In"},"Right Leg":{"Weight":1,"CFrame":[0.7158538699150086,0.3405057191848755,-0.0674927830696106,0.9486132264137268,0.07263593375682831,0.30798858404159548,-0.14148524403572083,0.9679497480392456,0.20749756693840028,-0.2830457091331482,-0.24041080474853517,0.9284868240356445],"EasingStyle":"Constant","EasingDirection":"In"}}},{"Time":0.6666666865348816,"poses":{"Left Leg":{"Weight":1,"CFrame":[-0.18598993122577668,0.045272767543792728,0.0013031363487243653,0.9520725607872009,-0.14685629308223725,0.26831161975860598,0.16012142598628999,0.986696720123291,-0.02811892144382,-0.26061275601387026,0.06973370909690857,0.962921679019928],"EasingStyle":"Constant","EasingDirection":"In"},"Right Arm":{"Weight":1,"CFrame":[-0.23321864008903504,0.10752075910568237,0.28782039880752566,0.7578033804893494,0.15185917913913728,0.6345650553703308,0.04251105338335037,0.958981454372406,-0.2802630364894867,-0.6510966420173645,0.23936036229133607,0.7202637195587158],"EasingStyle":"Constant","EasingDirection":"In"},"Head":{"Weight":1,"CFrame":[1.7508864402770997e-7,1.4901161193847657e-8,0,0.9678616523742676,-0.24313198029994965,-0.06427006423473358,0.24963313341140748,0.9597796201705933,0.12847712635993958,0.030448202043771745,-0.1403920203447342,0.9896277189254761],"EasingStyle":"Constant","EasingDirection":"In"},"Left Arm":{"Weight":1,"CFrame":[-0.13941556215286256,-0.42674535512924197,-0.03457176685333252,-0.8892672657966614,0.44632190465927126,-0.10000281035900116,-0.3965321481227875,-0.8612658977508545,-0.31777870655059817,-0.22796054184436799,-0.24293579161167146,0.9428765177726746],"EasingStyle":"Constant","EasingDirection":"In"},"Torso":{"Weight":1,"CFrame":[0.09307938069105149,-0.04112037643790245,-0.10149288177490235,0.9759927988052368,0.2111184298992157,-0.053544674068689349,-0.21357634663581849,0.9758775234222412,-0.04525655880570412,0.04269855469465256,0.05560595169663429,0.9975394010543823],"EasingStyle":"Constant","EasingDirection":"In"},"HumanoidRootPart":{"Weight":0,"CFrame":[0,0,0,1,0,0,0,1,0,0,0,1],"EasingStyle":"Linear","EasingDirection":"In"},"Right Leg":{"Weight":1,"CFrame":[0.7158538699150086,0.3405057191848755,-0.0674927830696106,0.9486132264137268,0.07263593375682831,0.30798858404159548,-0.14148524403572083,0.9679497480392456,0.20749756693840028,-0.2830457091331482,-0.24041080474853517,0.9284868240356445],"EasingStyle":"Constant","EasingDirection":"In"}}},{"Time":0.7083333134651184,"poses":{"Left Leg":{"Weight":1,"CFrame":[-0.18598993122577668,0.045272767543792728,0.0013031363487243653,0.9520725607872009,-0.14685629308223725,0.26831161975860598,0.16012142598628999,0.986696720123291,-0.02811892144382,-0.26061275601387026,0.06973370909690857,0.962921679019928],"EasingStyle":"Constant","EasingDirection":"In"},"Right Arm":{"Weight":1,"CFrame":[-0.23321864008903504,0.10752075910568237,0.28782039880752566,0.7578033804893494,0.15185917913913728,0.6345650553703308,0.04251105338335037,0.958981454372406,-0.2802630364894867,-0.6510966420173645,0.23936036229133607,0.7202637195587158],"EasingStyle":"Constant","EasingDirection":"In"},"Head":{"Weight":1,"CFrame":[1.7508864402770997e-7,1.4901161193847657e-8,0,0.9678616523742676,-0.24313198029994965,-0.06427006423473358,0.24963313341140748,0.9597796201705933,0.12847712635993958,0.030448202043771745,-0.1403920203447342,0.9896277189254761],"EasingStyle":"Constant","EasingDirection":"In"},"Left Arm":{"Weight":1,"CFrame":[-0.13941556215286256,-0.42674535512924197,-0.03457176685333252,-0.8892672657966614,0.44632190465927126,-0.10000281035900116,-0.3965321481227875,-0.8612658977508545,-0.31777870655059817,-0.22796054184436799,-0.24293579161167146,0.9428765177726746],"EasingStyle":"Constant","EasingDirection":"In"},"Torso":{"Weight":1,"CFrame":[0.09307938069105149,-0.04112037643790245,-0.10149288177490235,0.9759927988052368,0.2111184298992157,-0.053544674068689349,-0.21357634663581849,0.9758775234222412,-0.04525655880570412,0.04269855469465256,0.05560595169663429,0.9975394010543823],"EasingStyle":"Constant","EasingDirection":"In"},"HumanoidRootPart":{"Weight":0,"CFrame":[0,0,0,1,0,0,0,1,0,0,0,1],"EasingStyle":"Linear","EasingDirection":"In"},"Right Leg":{"Weight":1,"CFrame":[0.7158538699150086,0.3405057191848755,-0.0674927830696106,0.9486132264137268,0.07263593375682831,0.30798858404159548,-0.14148524403572083,0.9679497480392456,0.20749756693840028,-0.2830457091331482,-0.24041080474853517,0.9284868240356445],"EasingStyle":"Constant","EasingDirection":"In"}}},{"Time":0.75,"poses":{"Left Leg":{"Weight":1,"CFrame":[-0.2726977467536926,0.08823037147521973,0.020620226860046388,0.9808754920959473,-0.15803682804107667,0.11361178755760193,0.16022653877735139,0.987026035785675,-0.01034923642873764,-0.1105022057890892,0.028354929760098459,0.9934713244438171],"EasingStyle":"Constant","EasingDirection":"In"},"Right Arm":{"Weight":1,"CFrame":[-0.10681694746017456,-0.3400900661945343,0.2899678647518158,0.4493976831436157,-0.6873794198036194,0.5705710649490356,0.6720104217529297,0.6809463500976563,0.29105693101882937,-0.5885947346687317,0.2526293992996216,0.7679417729377747],"EasingStyle":"Constant","EasingDirection":"In"},"Head":{"Weight":1,"CFrame":[1.2479722499847413e-7,7.450580596923828e-9,2.384185791015625e-7,0.995231568813324,-0.08768895268440247,0.04271693527698517,0.08291313797235489,0.9912168383598328,0.10302720963954926,-0.0513761080801487,-0.09899412840604782,0.993760883808136],"EasingStyle":"Constant","EasingDirection":"In"},"Left Arm":{"Weight":1,"CFrame":[0.17930161952972413,-0.4705294370651245,0.026007264852523805,-0.5872517228126526,0.7442368268966675,-0.3181932270526886,-0.5890058875083923,-0.6625761985778809,-0.46267157793045046,-0.5551643967628479,-0.08428702503442764,0.8274587988853455],"EasingStyle":"Constant","EasingDirection":"In"},"Torso":{"Weight":1,"CFrame":[0.06689063459634781,-0.014737585559487343,-0.12671136856079102,0.9980859160423279,0.05482416972517967,-0.028615692630410196,-0.05521921068429947,0.9983869791030884,-0.013201633468270302,0.02784576825797558,0.014756499789655209,0.9995033144950867],"EasingStyle":"Constant","EasingDirection":"In"},"HumanoidRootPart":{"Weight":0,"CFrame":[0,0,0,1,0,0,0,1,0,0,0,1],"EasingStyle":"Linear","EasingDirection":"In"},"Right Leg":{"Weight":1,"CFrame":[0.49612855911254885,0.16513431072235108,-0.02054789662361145,0.9292555451393127,0.3031681180000305,0.21112364530563355,-0.3258795738220215,0.9418603181838989,0.08186383545398712,-0.17403048276901246,-0.14487327635288239,0.9740251898765564],"EasingStyle":"Constant","EasingDirection":"In"}}},{"Time":0.7916666865348816,"poses":{"Left Leg":{"Weight":1,"CFrame":[-0.2726977467536926,0.08823037147521973,0.020620226860046388,0.9808754920959473,-0.15803682804107667,0.11361178755760193,0.16022653877735139,0.987026035785675,-0.01034923642873764,-0.1105022057890892,0.028354929760098459,0.9934713244438171],"EasingStyle":"Constant","EasingDirection":"In"},"Right Arm":{"Weight":1,"CFrame":[-0.10681694746017456,-0.3400900661945343,0.2899678647518158,0.4493976831436157,-0.6873794198036194,0.5705710649490356,0.6720104217529297,0.6809463500976563