{"Sequence":[{"Time":0,"poses":{"Left Leg":{"Weight":1,"CFrame":[-0.07055738568305969,0.2813788652420044,0.18817472457885743,0.915704071521759,0.15921400487422944,0.3689674735069275,-0.24748460948467256,0.9468165636062622,0.20564472675323487,-0.3166029751300812,-0.27962347865104678,0.9064067602157593],"EasingStyle":"Linear","EasingDirection":"Out"},"Right Arm":{"Weight":1,"CFrame":[0.5563289523124695,-0.5065972805023193,-0.3159295916557312,-0.10000425577163696,-0.385425865650177,0.917303740978241,0.9198041558265686,0.31574785709381106,0.23294542729854585,-0.37941989302635195,0.8670352697372437,0.32294008135795596],"EasingStyle":"Linear","EasingDirection":"Out"},"Left Arm":{"Weight":1,"CFrame":[0.928820788860321,-0.11343061923980713,-0.4452340006828308,0.9359886646270752,0.17093397676944734,-0.30774474143981936,-0.14095419645309449,0.9830405712127686,0.11731646209955216,0.32257893681526186,-0.06642895936965943,0.9442086815834045],"EasingStyle":"Linear","EasingDirection":"Out"},"Head":{"Weight":1,"CFrame":[1.862645149230957e-7,2.2351741790771486e-8,3.5762786865234377e-7,0.9469356536865234,0.31928694248199465,0.0369957759976387,-0.2997230291366577,0.9187114238739014,-0.2571679353713989,-0.11609882116317749,0.23243308067321778,0.9656583070755005],"EasingStyle":"Linear","EasingDirection":"Out"},"Torso":{"Weight":1,"CFrame":[0.10526767373085022,-6.979497868542239e-8,-0.15790128707885743,0.9426912069320679,-0.3208155035972595,0.09170974045991898,0.3291924297809601,0.9390897154808044,-0.09870562702417374,-0.05445738509297371,0.12323907017707825,0.9908816814422607],"EasingStyle":"Linear","EasingDirection":"Out"},"HumanoidRootPart":{"Weight":1,"CFrame":[0,0,0,1,0,0,0,1,0,0,0,1],"EasingStyle":"Linear","EasingDirection":"In"},"Right Leg":{"Weight":1,"CFrame":[0.010336905717849732,0.14414054155349732,0.1407691240310669,0.9514365792274475,0.04085869342088699,-0.30512136220932009,-0.007836752571165562,0.9940463900566101,0.10867560654878617,0.3077451288700104,-0.10100679099559784,0.9460922479629517],"EasingStyle":"Linear","EasingDirection":"Out"}}},{"Time":0.01666666753590107,"poses":{"Left Leg":{"Weight":1,"CFrame":[-0.08284105360507965,0.3034013509750366,0.19134938716888429,0.9187496900558472,0.1464744508266449,0.36666634678840639,-0.23123440146446229,0.9523359537124634,0.19896455109119416,-0.3200463652610779,-0.26758450269699099,0.9088283181190491],"EasingStyle":"Linear","EasingDirection":"Out"},"Right Arm":{"Weight":1,"CFrame":[0.5544576644897461,-0.5022191405296326,-0.3005635142326355,-0.09891893714666367,-0.38802018761634829,0.9163271188735962,0.9192057847976685,0.3170797824859619,0.23349766433238984,-0.38115057349205019,0.8653905391693115,0.32530519366264346],"EasingStyle":"Linear","EasingDirection":"Out"},"Left Arm":{"Weight":1,"CFrame":[0.9261986613273621,-0.11272931098937988,-0.4444969892501831,0.9363008737564087,0.1684594452381134,-0.308159202337265,-0.13707253336906434,0.9831462502479553,0.12097367644309998,0.32334470748901369,-0.07102759927511215,0.9436118006706238],"EasingStyle":"Linear","EasingDirection":"Out"},"Head":{"Weight":1,"CFrame":[1.6763806343078614e-7,-4.470348358154297e-8,0,0.9472511410713196,0.31810393929481509,0.039053160697221759,-0.2979644238948822,0.9189832806587219,-0.25823795795440676,-0.11803573369979859,0.23297975957393647,0.9652916789054871],"EasingStyle":"Linear","EasingDirection":"Out"},"Torso":{"Weight":1,"CFrame":[0.12181360274553299,-4.920523011264777e-8,-0.17809200286865235,0.9431328773498535,-0.3203018307685852,0.08892179280519486,0.3282693922519684,0.9395464062690735,-0.09742537885904312,-0.05234062671661377,0.12107539176940918,0.9912624359130859],"EasingStyle":"Linear","EasingDirection":"Out"},"HumanoidRootPart":{"Weight":1,"CFrame":[0,0,0,1,0,0,0,1,0,0,0,1],"EasingStyle":"Linear","EasingDirection":"In"},"Right Leg":{"Weight":1,"CFrame":[0.02626773715019226,0.16780537366867066,0.14261043071746827,0.952138364315033,0.054298799484968188,-0.300805926322937,-0.017834341153502466,0.9922875165939331,0.12266793102025986,0.305146723985672,-0.11143212765455246,0.9457634091377258],"EasingStyle":"Linear","EasingDirection":"Out"}}},{"Time":0.03333333507180214,"poses":{"Left Leg":{"Weight":1,"CFrame":[-0.09932060539722443,0.3339589238166809,0.1927124261856079,0.922834038734436,0.1260412186384201,0.36399298906326296,-0.20867452025413514,0.9578619599342346,0.19737139344215394,-0.3237781524658203,-0.2580970823764801,0.9102492332458496],"EasingStyle":"Linear","EasingDirection":"Out"},"Right Arm":{"Weight":1,"CFrame":[0.5476861000061035,-0.5015936493873596,-0.26134705543518069,-0.09522610902786255,-0.39549243450164797,0.9135193824768066,0.9174041748046875,0.32134321331977847,0.23475109040737153,-0.38639557361602785,0.8604210019111633,0.3322261869907379],"EasingStyle":"Linear","EasingDirection":"Out"},"Left Arm":{"Weight":1,"CFrame":[0.9171929359436035,-0.11202746629714966,-0.4393375515937805,0.9372713565826416,0.1642971634864807,-0.3074553906917572,-0.129447340965271,0.9829422235488892,0.13064441084861756,0.32367536425590517,-0.08264997601509094,0.9425514340400696],"EasingStyle":"Linear","EasingDirection":"Out"},"Head":{"Weight":1,"CFrame":[1.5459954738616944e-7,1.4901161193847657e-8,-2.384185791015625e-7,0.9485215544700623,0.31426310539245608,0.039314623922109607,-0.29372262954711916,0.9192965626716614,-0.26195576786994936,-0.11846482008695603,0.23692300915718079,0.9642787575721741],"EasingStyle":"Linear","EasingDirection":"Out"},"Torso":{"Weight":1,"CFrame":[0.1373927742242813,-3.0157110586515049e-8,-0.20488405227661134,0.9440027475357056,-0.318566232919693,0.08587408065795899,0.32592958211898806,0.9408407211303711,-0.09267472475767136,-0.05127079784870148,0.11547409743070603,0.9919863939285278],"EasingStyle":"Linear","EasingDirection":"Out"},"HumanoidRootPart":{"Weight":1,"CFrame":[0,0,0,1,0,0,0,1,0,0,0,1],"EasingStyle":"Linear","EasingDirection":"In"},"Right Leg":{"Weight":1,"CFrame":[0.05028951168060303,0.19618552923202516,0.1448756456375122,0.9527900218963623,0.07538244873285294,-0.2941235303878784,-0.03601193055510521,0.9899091720581055,0.1370510309934616,0.30148687958717348,-0.11998891085386276,0.9458902478218079],"EasingStyle":"Linear","EasingDirection":"Out"}}},{"Time":0.05000000074505806,"poses":{"Left Leg":{"Weight":1,"CFrame":[-0.11572425067424774,0.36003613471984866,0.192438006401062,0.9274429082870483,0.09965955466032028,0.3604407012462616,-0.17977310717105866,0.9639767408370972,0.19603708386421204,-0.3279196619987488,-0.24661073088645936,0.9119495153427124],"EasingStyle":"Linear","EasingDirection":"Out"},"Right Arm":{"Weight":1,"CFrame":[0.5350403785705566,-0.5032297372817993,-0.20820772647857667,-0.08822447061538696,-0.4073307514190674,0.9090093374252319,0.9143542647361755,0.32893019914627077,0.236138254404068,-0.3951869308948517,0.85198974609375,0.3434249758720398],"EasingStyle":"Linear","EasingDirection":"Out"},"Left Arm":{"Weight":1,"CFrame":[0.900093674659729,-0.11170843243598938,-0.4253331422805786,0.9375948309898377,0.1634351909160614,-0.30692803859710696,-0.12377441674470902,0.9817114472389221,0.14464619755744935,0.3249550759792328,-0.09762968122959137,0.9406766891479492],"EasingStyle":"Linear","EasingDirection":"Out"},"Head":{"Weight":1,"CFrame":[1.6205012798309327e-7,0,2.384185791015625e-7,0.9513293504714966,0.3056453764438629,0.039413344115018848,-0.2846701443195343,0.9205406904220581,-0.2675215005874634,-0.11804832518100739,0.2432812601327896,0.9627454876899719],"EasingStyle":"Linear","EasingDirection":"Out"},"Torso":{"Weight":1,"CFrame":[0.16018737852573396,-7.27393256738651e-9,-0.2279195785522461,0.9452561736106873,-0.31591007113456728,0.08180198073387146,0.3224128186702728,0.9428132176399231,-0.0845765694975853,-0.05040540173649788,0.10632053762674332,0.9930534958839417],"EasingStyle":"Linear","EasingDirection":"Out"},"HumanoidRootPart":{"Weight":1,"CFrame":[0,0,0,1,0,0,0,1,0,0,0,1],"EasingStyle":"Linear","EasingDirection":"In"},"Right Leg":{"Weight":1,"CFrame":[0.0719902515411377,0.21990960836410523,0.1440417766571045,0.9531981945037842,0.09981174021959305,-0.28539586067199709,-0.056482598185539249,0.9861053228378296,0.15622439980506898,0.2970234155654907,-0.1327928900718689,0.9455914497375488],"EasingStyle":"Linear","EasingDirection":"Out"}}},{"Time":0.06666667014360428,"poses":{"Left Leg":{"Weight":1,"CFrame":[-0.13085290789604188,0.3738390803337097,0.19136977195739747,0.9320314526557922,0.06731870025396347,0.356069415807724,-0.14323243498802186,0.9710171818733215,0.1913377046585083,-0.3328690528869629,-0.22933340072631837,0.9146608114242554],"EasingStyle":"Linear","EasingDirection":"Out"},"Right Arm":{"Weight":1,"CFrame":[0.5185943841934204,-0.5091513991355896,-0.14949434995651246,-0.07715762406587601,-0.4229498505592346,0.9028621315956116,0.9099487662315369,0.3402286469936371,0.23714493215084077,-0.4074799120426178,0.8398559093475342,0.3586115837097168],"EasingStyle":"Linear","EasingDirection":"Out"},"Left Arm":{"Weight":1,"CFrame":[0.8732684254646301,-0.11372849345207215,-0.3826572299003601,0.9354745745658875,0.16691747307777406,-0.3114898204803467,-0.12128541618585587,0.979530930519104,0.1606518179178238,0.3319295048713684,-0.11250652372837067,0.936570942401886],"EasingStyle":"Linear","EasingDirection":"Out"},"Head":{"Weight":1,"CFrame":[1.9744038581848145e-7,-7.450580596923828e-9,-3.5762786865234377e-7,0.9561366438865662,0.2900645136833191,0.04080769792199135,-0.2684376835823059,0.9234315752983093,-0.27425408363342287,-0.11723444610834122,0.251270055770874,0.9607910513877869],"EasingStyle":"Linear","EasingDirection":"Out"},"Torso":{"Weight":1,"CFrame":[0.19584903120994569,2.317182179467636e-8,-0.24137115478515626,0.9469470977783203,-0.3122656047344208,0.07603511214256287,0.3176327645778656,0.9453771114349365,-0.07329060137271881,-0.0489957295358181,0.0935535728931427,0.9944079518318176],"EasingStyle":"Linear","EasingDirection":"Out"},"HumanoidRootPart":{"Weight":1,"CFrame":[0,0,0,1,0,0,0,1,0,0,0,1],"EasingStyle":"Linear","EasingDirection":"In"},"Right Leg":{"Weight":1,"CFrame":[0.0848148912191391,0.23401570320129395,0.13814949989318849,0.9535369873046875,0.12470928579568863,-0.27425315976142886,-0.07548440992832184,0.9801630973815918,0.18325506150722505,0.2916664481163025,-0.15403863787651063,0.9440353512763977],"EasingStyle":"Linear","EasingDirection":"Out"}}},{"Time":0.0833333358168602,"poses":{"Left Leg":{"Weight":1,"CFrame":[-0.1437980830669403,0.37608712911605837,0.18793749809265138,0.9354982376098633,0.030635535717010499,0.3520006239414215,-0.10152436047792435,0.9775294065475464,0.18474037945270539,-0.3384314477443695,-0.20856094360351563,0.9175873398780823],"EasingStyle":"Linear","EasingDirection":"Out"},"Right Arm":{"Weight":1,"CFrame":[0.5002362132072449,-0.5202525854110718,-0.09245264530181885,-0.06122329458594322,-0.4416700303554535,0.8950861692428589,0.9039979577064514,0.35562676191329958,0.23731279373168946,-0.42313048243522646,0.8236851096153259,0.3774961531162262],"EasingStyle":"Linear","EasingDirection":"Out"},"Left Arm":{"Weight":1,"CFrame":[0.8353959321975708,-0.11912083625793457,-0.3063695430755615,0.9308295249938965,0.17156527936458589,-0.3226790726184845,-0.11971187591552735,0.9773827791213989,0.17433299124240876,0.3452904522418976,-0.12364576756954193,0.9303151369094849],"EasingStyle":"Linear","EasingDirection":"Out"},"Head":{"Weight":1,"CFrame":[1.2665987014770509e-7,3.3527612686157229e-8,-1.7881393432617188e-7,0.9625830054283142,0.2674614191055298,0.04356929659843445,-0.2450304627418518,0.9277242422103882,-0.2815808653831482,-0.1157323494553566,0.2603691816329956,0.958547830581665],"EasingStyle":"Linear","EasingDirection":"Out"},"Torso":{"Weight":1,"CFrame":[0.23990723490715028,5.8311272255195948e-8,-0.24695348739624024,0.9491497278213501,-0.3072461783885956,0.0686628669500351,0.3113238513469696,0.9484354257583618,-0.05956257879734039,-0.046821922063827518,0.07791018486022949,0.9958602786064148],"EasingStyle":"Linear","EasingDirection":"Out"},"HumanoidRootPart":{"Weight":1,"CFrame":[0,0,0,1,0,0,0,1,0,0,0,1],"EasingStyle":"Linear","EasingDirection":"In"},"Right Leg":{"Weight":1,"CFrame":[0.09128765761852265,0.2411355972290039,0.12872767448425294,0.9540143609046936,0.14927755296230317,-0.25994765758514407,-0.0934213250875473,0.9720569849014282,0.215354785323143,0.28483158349990847,-0.1811669021844864,0.9413020610809326],"EasingStyle":"Linear","EasingDirection":"Out"}}},{"Time":0.10000000149011612,"poses":{"Left Leg":{"Weight":1,"CFrame":[-0.1520158052444458,0.3677838444709778,0.1794224977493286,0.9370489716529846,-0.00697040930390358,0.3491283357143402,-0.05940680205821991,0.9820443391799927,0.17905251681804658,-0.34410765767097475,-0.18852156400680543,0.9198095202445984],"EasingStyle":"Linear","EasingDirection":"Out"},"Right Arm":{"Weight":1,"CFrame":[0.4780605137348175,-0.5349404811859131,-0.04149371385574341,-0.039588093757629397,-0.4626885950565338,0.8856365084648132,0.8962037563323975,0.37551140785217287,0.23624123632907868,-0.441872775554657,0.803063154220581,0.39979755878448489],"EasingStyle":"Linear","EasingDirection":"Out"},"Left Arm":{"Weight":1,"CFrame":[0.7852326035499573,-0.12688517570495606,-0.21437668800354005,0.9250447154045105,0.17586050927639008,-0.3366977274417877,-0.11969181895256043,0.976168692111969,0.18102072179317475,0.3605082035064697,-0.12715232372283936,0.9240487813949585],"EasingStyle":"Linear","EasingDirection":"Out"},"Head":{"Weight":1,"CFrame":[1.3131648302078248e-7,7.450580596923828e-9,-2.384185791015625e-7,0.9699025750160217,0.2388700395822525,0.04722430184483528,-0.21565395593643189,0.9327526092529297,-0.28890466690063479,-0.11305930465459824,0.27002525329589846,0.9561924338340759],"EasingStyle":"Linear","EasingDirection":"Out"},"Torso":{"Weight":1,"CFrame":[0.2853609025478363,9.362639730170486e-8,-0.24562454223632813,0.9518398642539978,-0.3006560802459717,0.06005651503801346,0.30344733595848086,0.9518148899078369,-0.04436371102929115,-0.0438244603574276,0.06045113876461983,0.9972086548805237],"EasingStyle":"Linear","EasingDirection":"Out"},"HumanoidRootPart":{"Weight":1,"CFrame":[0,0,0,1,0,0,0,1,0,0,0,1],"EasingStyle":"Linear","EasingDirection":"In"},"Right Leg":{"Weight":1,"CFrame":[0.09790338575839997,0.24702376127243043,0.1181873083114624,0.9545000791549683,0.17415453493595124,-0.24207381904125215,-0.11253196001052857,0.9620888829231262,0.24843809008598329,0.2761632204055786,-0.20989316701889039,0.9379119277000427],"EasingStyle":"Linear","EasingDirection":"Out"}}},{"Time":0.11666666716337204,"poses":{"Left Leg":{"Weight":1,"CFrame":[-0.15231439471244813,0.3498040437698364,0.1639096736907959,0.936604380607605,-0.041782595217227939,0.3478885293006897,-0.021572448313236238,0.9841049313545227,0.17627286911010743,-0.34972402453422549,-0.17260274291038514,0.920815646648407],"EasingStyle":"Linear","EasingDirection":"Out"},"Right Arm":{"Weight":1,"CFrame":[0.4491692781448364,-0.5504668354988098,0.001201033592224121,-0.011414868757128716,-0.4850454032421112,0.8744143843650818,0.8861332535743713,0.40025338530540469,0.23359200358390809,-0.4632899761199951,0.7775141000747681,0.42524605989456179],"EasingStyle":"Linear","EasingDirection":"Out"},"Left Arm":{"Weight":1,"CFrame":[0.7221955060958862,-0.13621270656585694,-0.12177735567092896,0.9192580580711365,0.17946399748325349,-0.35036739706993105,-0.1213916465640068,0.9758932590484619,0.18137383460998536,0.3744712471961975,-0.12419766932725907,0.9188831448554993],"EasingStyle":"Linear","EasingDirection":"Out"},"Head":{"Weight":1,"CFrame":[1.2665987014770509e-7,-5.587935447692871e-9,-1.1920928955078126e-7,0.9773320555686951,0.20540501177310944,0.05129164829850197,-0.18159791827201844,0.9378802180290222,-0.29563990235328677,-0.10883133858442307,0.2796238958835602,0.9539214968681336],"EasingStyle":"Linear","EasingDirection":"Out"},"Torso":{"Weight":1,"CFrame":[0.3264598846435547,1.2541441662961007e-7,-0.2370586395263672,0.9549705982208252,-0.2923544645309448,0.050596922636032107,0.293998658657074,0.9553749561309815,-0.028696300461888315,-0.03994954004883766,0.042279548943042758,0.9983068108558655],"EasingStyle":"Linear","EasingDirection":"Out"},"HumanoidRootPart":{"Weight":1,"CFrame":[0,0,0,1,0,0,0,1,0,0,0,1],"EasingStyle":"Linear","EasingDirection":"In"},"Right Leg":{"Weight":1,"CFrame":[0.10260973125696182,0.24886071681976319,0.1072777509689331,0.9553347826004028,0.1958366185426712,-0.22132211923599244,-0.13055211305618287,0.9515390396118164,0.27844128012657168,0.26512566208839419,-0.23711058497428895,0.9346052408218384],"EasingStyle":"Linear","EasingDirection":"Out"}}},{"Time":0.13333334028720857,"poses":{"Left Leg":{"Weight":1,"CFrame":[-0.1432730257511139,0.3240995407104492,0.14251410961151124,0.9346519112586975,-0.07151970267295838,0.3482968807220459,0.009956101886928082,0.9844416975975037,0.1754292994737625,-0.3554246127605438,-0.16049766540527345,0.9208223819732666],"EasingStyle":"Linear","EasingDirection":"Out"},"Right Arm":{"Weight":1,"CFrame":[0.39481380581855776,-0.5619428753852844,0.0395357608795166,0.024098550900816919,-0.5075854659080505,0.8612642884254456,0.8731895089149475,0.43018093705177309,0.22909460961818696,-0.4867846667766571,0.7465261816978455,0.45358508825302126],"EasingStyle":"Linear","EasingDirection":"Out"},"Left Arm":{"Weight":1,"CFrame":[0.6483433246612549,-0.14705243706703187,-0.03243821859359741,0.9127219319343567,0.18431726098060609,-0.36464470624923708,-0.12582634389400483,0.9758914113044739,0.17833572626113892,0.3887239992618561,-0.11688905209302902,0.9139094948768616],"EasingStyle":"Linear","EasingDirection":"Out"},"Head":{"Weight":1,"CFrame":[1.955777406692505e-7,9.313225746154785e-9,-1.7881393432617188e-7,0.9841725826263428,0.16836996376514436,0.055279672145843509,-0.14433467388153077,0.9425721764564514,-0.30120617151260378,-0.10281913727521897,0.2884600758552551,0.9519553780555725],"EasingStyle":"Linear","EasingDirection":"Out"},"Torso":{"Weight":1,"CFrame":[0.36245736479759219,1.5323307422931976e-7,-0.22182941436767579,0.958447277545929,-0.28235629200935366,0.04066566750407219,0.28309547901153567,0.9589950442314148,-0.013618594966828823,-0.035152874886989596,0.024564970284700395,0.9990800023078919],"EasingStyle":"Linear","EasingDirection":"Out"},"HumanoidRootPart":{"Weight":1,"CFrame":[0,0,0,1,0,0,0,1,0,0,0,1],"EasingStyle":"Linear","EasingDirection":"In"},"Right Leg":{"Weight":1,"CFrame":[0.10899388790130615,0.2493491768836975,0.09753704071044922,0.9564273357391357,0.2140757143497467,-0.1985405683517456,-0.14803381264209748,0.9416700005531311,0.30223098397254946,0.2516600489616394,-0.25967127084732058,0.9323293566703796],"EasingStyle":"Linear","EasingDirection":"Out"}}},{"Time":0.15000000596046449,"poses":{"Left Leg":{"Weight":1,"CFrame":[-0.12512850761413575,0.29408085346221926,0.11685585975646973,0.9317846298217773,-0.09483858197927475,0.35040420293807986,0.034321483224630359,0.9839616417884827,0.17504729330539704,-0.3613855242729187,-0.1510799676179886,0.9200952649116516],"EasingStyle":"Linear","EasingDirection":"Out"},"Right Arm":{"Weight":1,"CFrame":[0.31965693831443789,-0.5680679082870483,0.07773005962371826,0.06840478628873825,-0.5280146598815918,0.8464757800102234,0.8560943007469177,0.4667314887046814,0.22195574641227723,-0.5122727155685425,0.7094802260398865,0.4839570224285126],"EasingStyle":"Linear","EasingDirection":"Out"},"Left Arm":{"Weight":1,"CFrame":[0.566395103931427,-0.15954551100730897,0.0525822639465332,0.9039785265922546,0.1920360028743744,-0.3820275068283081,-0.13519245386123658,0.9760023355484009,0.17071157693862916,0.4056425392627716,-0.10267236083745957,0.9082469344139099],"EasingStyle":"Linear","EasingDirection":"Out"},"Head":{"Weight":1,"CFrame":[1.5274054021574558e-7,1.0113581083714962e-8,1.1920928955078126e-7,0.98988276720047,0.12916217744350434,0.05872996896505356,-0.10540018230676651,0.9464832544326782,-0.30505770444869997,-0.09498884528875351,0.29578128457069399,0.9505212306976318],"EasingStyle":"Linear","EasingDirection":"Out"},"Torso":{"Weight":1,"CFrame":[0.39385735988616946,1.7745526292856085e-7,-0.2022409439086914,0.9621638059616089,-0.2707454264163971,0.030622094869613649,0.2708786427974701,0.9626134634017944,-0.0002098230761475861,-0.029420433565974237,0.008496755734086037,0.9995310306549072],"EasingStyle":"Linear","EasingDirection":"Out"},"HumanoidRootPart":{"Weight":1,"CFrame":[0,0,0,1,0,0,0,1,0,0,0,1],"EasingStyle":"Linear","EasingDirection":"In"},"Right Leg":{"Weight":1,"CFrame":[0.12012657523155213,0.2510741949081421,0.08964598178863526,0.9575495719909668,0.22889697551727296,-0.17522825300693513,-0.16498957574367524,0.9336304068565369,0.3179822862148285,0.2363836020231247,-0.2755729854106903,0.9317629933357239],"EasingStyle":"Linear","EasingDirection":"Out"}}},{"Time":0.1666666716337204,"poses":{"Left Leg":{"Weight":1,"CFrame":[-0.09951357543468476,0.2627093195915222,0.08899569511413574,0.9284957051277161,-0.11098484694957733,0.35437002778053286,0.05127929151058197,0.9834707975387573,0.17365390062332154,-0.3677854835987091,-0.14306505024433137,0.9188395738601685],"EasingStyle":"Linear","EasingDirection":"Out"},"Right Arm":{"Weight":1,"CFrame":[0.23570285737514497,-0.5689487457275391,0.11518359184265137,0.12031111121177674,-0.5449733138084412,0.8297766447067261,0.8343526124954224,0.5084360837936401,0.21295157074928285,-0.5379413962364197,0.6667059063911438,0.5158705115318298],"EasingStyle":"Linear","EasingDirection":"Out"},"Left Arm":{"Weight":1,"CFrame":[0.47906965017318728,-0.17383348941802979,0.13222575187683106,0.8912448883056641,0.204011470079422,-0.4050455093383789,-0.15181826055049897,0.9757908582687378,0.15742740035057069,0.4273567497730255,-0.07881303876638413,0.9006412625312805],"EasingStyle":"Linear","EasingDirection":"Out"},"Head":{"Weight":1,"CFrame":[1.4901161193847657e-7,-1.5832483768463136e-8,1.1920928955078126e-7,0.9941276907920837,0.08922033756971359,0.061236124485731128,-0.06632420420646668,0.9494988918304443,-0.3066805899143219,-0.08550577610731125,0.30081820487976076,0.9498406052589417],"EasingStyle":"Linear","EasingDirection":"Out"},"Torso":{"Weight":1,"CFrame":[0.421163946390152,1.9845407450702624e-7,-0.18059682846069337,0.9660165905952454,-0.25764262676239016,0.020790329203009607,0.25747445225715639,0.9662286639213562,0.010442755185067654,-0.022778712213039399,-0.0047348965890705589,0.999729335308075],"EasingStyle":"Linear","EasingDirection":"Out"},"HumanoidRootPart":{"Weight":1,"CFrame":[0,0,0,1,0,0,0,1,0,0,0,1],"EasingStyle":"Linear","EasingDirection":"In"},"Right Leg":{"Weight":1,"CFrame":[0.13580942153930665,0.2547290325164795,0.08322727680206299,0.958794891834259,0.2394406944513321,-0.1529068797826767,-0.17973098158836366,0.9280405044555664,0.3262476623058319,0.22002074122428895,-0.2853225767612457,0.9328354597091675],"EasingStyle":"Linear","EasingDirection":"Out"}}},{"Time":0.18333333730697633,"poses":{"Left Leg":{"Weight":1,"CFrame":[-0.06984355300664902,0.23234623670578004,0.06168007850646973,0.9250498414039612,-0.11998113989830017,0.3603988587856293,0.061427246779203418,0.9835668206214905,0.16977354884147645,-0.3748459219932556,-0.1349106878042221,0.9172183871269226],"EasingStyle":"Linear","EasingDirection":"Out"},"Right Arm":{"Weight":1,"CFrame":[0.14905840158462525,-0.5612708330154419,0.15009021759033204,0.1764206737279892,-0.5589101910591126,0.8102438449859619,0.8089935779571533,0.5512452125549316,0.20410321652889253,-0.5607184171676636,0.6194740533828735,0.5494058132171631],"EasingStyle":"Linear","EasingDirection":"Out"},"Left Arm":{"Weight":1,"CFrame":[0.3890867531299591,-0.190056711435318,0.20543384552001954,0.8722085356712341,0.2212003916501999,-0.4362598955631256,-0.17824113368988038,0.9743102788925171,0.13765737414360047,0.45550239086151125,-0.04230646416544914,0.8892287611961365],"EasingStyle":"Linear","EasingDirection":"Out"},"Head":{"Weight":1,"CFrame":[1.5133991837501527e-7,3.725290298461914e-9,-5.960464477539063e-8,0.9967949986457825,0.049836236983537677,0.06257815659046173,-0.02840411104261875,0.9517607688903809,-0.30552348494529726,-0.07478559017181397,0.3027668595314026,0.9501259922981262],"EasingStyle":"Linear","EasingDirection":"Out"},"Torso":{"Weight":1,"CFrame":[0.4448810815811157,2.1660224547304097e-7,-0.15920066833496095,0.9699083566665649,-0.24320095777511598,0.011450485326349736,0.242989182472229,0.969875693321228,0.017245791852474214,-0.015299741178750992,-0.013944493606686592,0.9997857213020325],"EasingStyle":"Linear","EasingDirection":"Out"},"HumanoidRootPart":{"Weight":1,"CFrame":[0,0,0,1,0,0,0,1,0,0,0,1],"EasingStyle":"Linear","EasingDirection":"In"},"Right Leg":{"Weight":1,"CFrame":[0.15582798421382905,0.26077038049697878,0.07806146144866944,0.9603995084762573,0.244858518242836,-0.13295497000217439,-0.19058474898338319,0.9253992438316345,0.3275876045227051,0.20324906706809998,-0.28927579522132876,0.9354193210601807],"EasingStyle":"Linear","EasingDirection":"Out"}}},{"Time":0.20000000298023225,"poses":{"Left Leg":{"Weight":1,"CFrame":[-0.041183002293109897,0.2047436237335205,0.03844428062438965,0.9214451313018799,-0.1225760281085968,0.36866503953933718,0.06619779020547867,0.9845834970474243,0.16190499067306519,-0.3828272223472595,-0.12478173524141312,0.9153539538383484],"EasingStyle":"Linear","EasingDirection":"Out"},"Right Arm":{"Weight":1,"CFrame":[0.06467697024345398,-0.5462554097175598,0.18108391761779786,0.23360958695411683,-0.5704864263534546,0.7873829007148743,0.7815283536911011,0.591945469379425,0.19701269268989564,-0.5784807801246643,0.5693380236625671,0.5841354131698608],"EasingStyle":"Linear","EasingDirection":"Out"},"Left Arm":{"Weight":1,"CFrame":[0.2991650104522705,-0.20835551619529725,0.2711479663848877,0.8437539339065552,0.24377386271953584,-0.47817733883857729,-0.21723836660385133,0.969778835773468,0.1110696941614151,0.49080216884613039,0.010162955150008202,0.8712117671966553],"EasingStyle":"Linear","EasingDirection":"Out"},"Head":{"Weight":1,"CFrame":[1.3737007975578309e-7,3.725290298461914e-9,-2.384185791015625e-7,0.9979385137557983,0.011628656648099423,0.06311536580324173,0.00791463628411293,0.9536405801773071,-0.30084383487701418,-0.06368780881166458,0.30072322487831118,0.9515826106071472],"EasingStyle":"Linear","EasingDirection":"Out"},"Torso":{"Weight":1,"CFrame":[0.4655129015445709,2.3227289602800739e-7,-0.14035654067993165,0.9737511277198792,-0.22759778797626496,0.0028324108570814134,0.22750449180603028,0.9735897183418274,0.01909974031150341,-0.007104664109647274,-0.017954006791114808,0.9998135566711426],"EasingStyle":"Linear","EasingDirection":"Out"},"HumanoidRootPart":{"Weight":1,"CFrame":[0,0,0,1,0,0,0,1,0,0,0,1],"EasingStyle":"Linear","EasingDirection":"In"},"Right Leg":{"Weight":1,"CFrame":[0.17989738285541535,0.26950836181640627,0.07413935661315918,0.9626797437667847,0.24425803124904633,-0.11655749380588532,-0.19592322409152986,0.9260724782943726,0.32249629497528078,0.18671301007270814,-0.287624329328537,0.9393670558929443],"EasingStyle":"Linear","EasingDirection":"Out"}}},{"Time":0.21666666865348817,"poses":{"Left Leg":{"Weight":1,"CFrame":[-0.018030911684036256,0.18111878633499146,0.02230966091156006,0.9175302982330322,-0.11984886974096298,0.37917590141296389,0.06726571172475815,0.9865387082099915,0.14905279874801637,-0.3919355273246765,-0.11125490069389343,0.9132408499717712],"EasingStyle":"Linear","EasingDirection":"Out"},"Right Arm":{"Weight":1,"CFrame":[-0.017101630568504335,-0.5259793996810913,0.20855844020843507,0.29036465287208559,-0.5791023969650269,0.7617931365966797,0.752353847026825,0.6300919055938721,0.19221843779087068,-0.5913138389587402,0.5173244476318359,0.6186463236808777],"EasingStyle":"Linear","EasingDirection":"Out"},"Left Arm":{"Weight":1,"CFrame":[0.2119201123714447,-0.22832998633384705,0.3285115957260132,0.8023431301116943,0.26973584294319155,-0.5324360132217407,-0.27025851607322695,0.959553062915802,0.07885612547397614,0.5321708917617798,0.08062572032213211,0.8427891731262207],"EasingStyle":"Linear","EasingDirection":"Out"},"Head":{"Weight":1,"CFrame":[1.0826624929904938e-7,2.7939677238464357e-9,1.1920928955078126e-7,0.9976793527603149,-0.02504544146358967,0.06331370025873184,0.042529262602329257,0.9554020762443543,-0.29222947359085085,-0.053171008825302127,0.29424408078193667,0.9542500972747803],"EasingStyle":"Linear","EasingDirection":"Out"},"Torso":{"Weight":1,"CFrame":[0.4835413098335266,2.458245376146806e-7,-0.1260671615600586,0.9774754643440247,-0.2109910398721695,-0.004947586450725794,0.21104304492473603,0.9773560166358948,0.015363192185759545,0.0015940568409860135,-0.016061296686530114,0.9998697638511658],"EasingStyle":"Linear","EasingDirection":"Out"},"HumanoidRootPart":{"Weight":1,"CFrame":[0,0,0,1,0,0,0,1,0,0,0,1],"EasingStyle":"Linear","EasingDirection":"In"},"Right Leg":{"Weight":1,"CFrame":[0.2074289619922638,0.28100544214248659,0.07132470607757569,0.9659937620162964,0.23685812950134278,-0.10370286554098129,-0.19471387565135957,0.9302623271942139,0.31096380949020388,0.17012518644332887,-0.28019672632217409,0.9447471499443054],"EasingStyle":"Linear","EasingDirection":"Out"}}},{"Time":0.23333333432674409,"poses":{"Left Leg":{"Weight":1,"CFrame":[-0.0011717379093170167,0.16197216510772706,0.013168931007385254,0.91314697265625,-0.11323339492082596,0.3915875554084778,0.06603408604860306,0.9890461564064026,0.13201197981834413,-0.4022463858127594,-0.09468822181224823,0.9106217622756958],"EasingStyle":"Linear","EasingDirection":"Out"},"Right Arm":{"Weight":1,"CFrame":[-0.09709103405475617,-0.4985285699367523,0.23334777355194093,0.34563276171684267,-0.5839543342590332,0.7345305681228638,0.7214731574058533,0.6658939719200134,0.1898992955684662,-0.6000120043754578,0.4643087387084961,0.6514622569084168],"EasingStyle":"Linear","EasingDirection":"Out"},"Left Arm":{"Weight":1,"CFrame":[0.12955227494239808,-0.24758780002593995,0.37747621536254885,0.7464557886123657,0.29256343841552737,-0.59767085313797,-0.3327348232269287,0.9419216513633728,0.04551004245877266,0.5762736797332764,0.16489462554454804,0.8004488945007324],"EasingStyle":"Linear","EasingDirection":"Out"},"Head":{"Weight":1,"CFrame":[9.208451956510544e-8,1.4901161193847657e-8,3.5762786865234377e-7,0.9961714148521423,-0.06002205237746239,0.06356026232242584,0.07555762678384781,0.9568368196487427,-0.28063198924064639,-0.04397270083427429,0.28435999155044558,0.9577085971832275],"EasingStyle":"Linear","EasingDirection":"Out"},"Torso":{"Weight":1,"CFrame":[0.4993599057197571,2.575580708708003e-7,-0.11712932586669922,0.9810470938682556,-0.19339752197265626,-0.012000784277915955,0.19348810613155366,0.9810783267021179,0.006901185493916273,0.010439037345349789,-0.009092397056519986,0.9999041557312012],"EasingStyle":"Linear","EasingDirection":"Out"},"HumanoidRootPart":{"Weight":1,"CFrame":[0,0,0,1,0,0,0,1,0,0,0,1],"EasingStyle":"Linear","EasingDirection":"In"},"Right Leg":{"Weight":1,"CFrame":[0.23730981349945069,0.294550359249115,0.06893575191497803,0.9703525304794312,0.22304077446460725,-0.09310643374919892,-0.1876106709241867,0.9379512071609497,0.2916330099105835,0.15237534046173097,-0.26551902294158938,0.9519881010055542],"EasingStyle":"Linear","EasingDirection":"Out"}}},{"Time":0.25,"poses":{"Left Leg":{"Weight":1,"CFrame":[0.01021973229944706,0.14782512187957765,0.010020256042480469,0.9081692695617676,-0.10389778017997742,0.4055042266845703,0.06347691267728806,0.9916871190071106,0.11192560195922852,-0.41376227140426638,-0.07590723782777786,0.9072149395942688],"EasingStyle":"Linear","EasingDirection":"Out"},"Right Arm":{"Weight":1,"CFrame":[-0.1761048585176468,-0.4626079201698303,0.25628530979156496,0.39846327900886538,-0.584446370601654,0.7068589329719544,0.6888274550437927,0.6995540261268616,0.1901077926158905,-0.6055936813354492,0.41115280985832217,0.6813292503356934],"EasingStyle":"Linear","EasingDirection":"Out"},"Left Arm":{"Weight":1,"CFrame":[0.05415813624858856,-0.26340827345848086,0.41819465160369875,0.6759738922119141,0.3052140772342682,-0.6707486510276794,-0.39827263355255129,0.9171284437179565,0.015950223430991174,0.6200308203697205,0.256358802318573,0.741513192653656],"EasingStyle":"Linear","EasingDirection":"Out"},"Head":{"Weight":1,"CFrame":[8.201459422707558e-8,-6.51925802230835e-9,1.1920928955078126e-7,0.9935750365257263,-0.09316614270210266,0.0642552375793457,0.10708069801330567,0.9576659202575684,-0.26722583174705508,-0.03663865476846695,0.2723894417285919,0.9614892601966858],"EasingStyle":"Linear","EasingDirection":"Out"},"Torso":{"Weight":1,"CFrame":[0.5133402347564697,2.6776015715768155e-7,-0.11403989791870117,0.9844356775283814,-0.17477303743362428,-0.018459441140294076,0.17470724880695344,0.9846070408821106,-0.005131390877068043,0.01907212659716606,0.001826526247896254,0.9998164176940918],"EasingStyle":"Linear","EasingDirection":"Out"},"HumanoidRootPart":{"Weight":1,"CFrame":[0,0,0,1,0,0,0,1,0,0,0,1],"EasingStyle":"Linear","EasingDirection":"In"},"Right Leg":{"Weight":1,"CFrame":[0.26664093136787417,0.30887746810913088,0.06621944904327393,0.9756146669387817,0.20284584164619447,-0.08384261280298233,-0.1747134029865265,0.9489126205444336,0.262754887342453,0.1328580379486084,-0.24169906973838807,0.9612129330635071],"EasingStyle":"Linear","EasingDirection":"Out"}}},{"Time":0.2666666805744171,"poses":{"Left Leg":{"Weight":1,"CFrame":[0.018090251833200456,0.1365833878517151,0.011339426040649414,0.9025495648384094,-0.09259731322526932,0.4205116629600525,0.06004708632826805,0.9941273331642151,0.09002851694822312,-0.4263785481452942,-0.05600469559431076,0.9028093814849854],"EasingStyle":"Linear","EasingDirection":"Out"},"Right Arm":{"Weight":1,"CFrame":[-0.2544383704662323,-0.41819778084754946,0.2778661251068115,0.4480333626270294,-0.5801726579666138,0.6801954507827759,0.6542726159095764,0.7312744855880737,0.19278216361999513,-0.6092565059661865,0.35866039991378786,0.7072264552116394],"EasingStyle":"Linear","EasingDirection":"Out"},"Left Arm":{"Weight":1,"CFrame":[-0.012165538966655732,-0.2728305757045746,0.45081961154937746,0.5928592085838318,0.3030684292316437,-0.7461014986038208,-0.4610918164253235,0.8873324990272522,-0.005951003637164831,0.6602365374565125,0.3475493788719177,0.6658056378364563],"EasingStyle":"Linear","EasingDirection":"Out"},"Head":{"Weight":1,"CFrame":[1.7113052308559419e-7,3.725290298461914e-9,0,0.990062415599823,-0.1243504136800766,0.06567603349685669,0.13706597685813905,0.9577358961105347,-0.25289300084114077,-0.03145294263958931,0.25938180088996889,0.9652625322341919],"EasingStyle":"Linear","EasingDirection":"Out"},"Torso":{"Weight":1,"CFrame":[0.5257799029350281,2.766691693523171e-7,-0.11440658569335938,0.9875921607017517,-0.15513037145137788,-0.02441851980984211,0.1546764224767685,0.9877725839614868,-0.019506124779582025,0.027145937085151674,0.01548712607473135,0.9995114803314209],"EasingStyle":"Linear","EasingDirection":"Out"},"HumanoidRootPart":{"Weight":1,"CFrame":[0,0,0,1,0,0,0,1,0,0,0,1],"EasingStyle":"Linear","EasingDirection":"In"},"Right Leg":{"Weight":1,"CFrame":[0.2877735495567322,0.31703054904937746,0.0634312629699707,0.9817971587181091,0.174600750207901,-0.07475884258747101,-0.15403564274311067,0.9622436165809631,0.22441072762012483,0.11111848801374436,-0.20881029963493348,0.9716228246688843],"EasingStyle":"Linear","EasingDirection":"Out"}}},{"Time":0.28333333134651186,"poses":{"Left Leg":{"Weight":1,"CFrame":[0.023036258295178415,0.12746036052703858,0.01613330841064453,0.8963308334350586,-0.08098606765270233,0.4359268844127655,0.05697033926844597,0.9960637092590332,0.06790822744369507,-0.4397105872631073,-0.03603331372141838,0.8974164128303528],"EasingStyle":"Linear","EasingDirection":"Out"},"Right Arm":{"Weight":1,"CFrame":[-0.33031362295150759,-0.3670696020126343,0.2972303628921509,0.49364402890205386,-0.5708817839622498,0.6560561060905457,0.617554783821106,0.7612615823745728,0.19775471091270448,-0.6123248338699341,0.30753013491630556,0.7283429503440857],"EasingStyle":"Linear","EasingDirection":"Out"},"Left Arm":{"Weight":1,"CFrame":[-0.06732223927974701,-0.27204984426498415,0.4755042791366577,0.5049630999565125,0.2885225713253021,-0.813490629196167,-0.5180840492248535,0.8551339507102966,-0.018301233649253846,0.6903631091117859,0.4306979179382324,0.5812900066375732],"EasingStyle":"Linear","EasingDirection":"Out"},"Head":{"Weight":1,"CFrame":[2.0349398255348206e-7,-2.7939677238464357e-8,1.1920928955078126e-7,0.985844612121582,-0.15348011255264283,0.06748552620410919,0.16531813144683839,0.956906795501709,-0.2387453019618988,-0.027934715151786805,0.24652233719825746,0.9687344431877136],"EasingStyle":"Linear","EasingDirection":"Out"},"Torso":{"Weight":1,"CFrame":[0.5366799235343933,2.843302127075731e-7,-0.1169734001159668,0.9904236793518066,-0.13478560745716096,-0.02989646978676319,0.13373596966266633,0.9904090762138367,-0.0347071997821331,0.03428776562213898,0.030376598238945009,0.9989502429962158],"EasingStyle":"Linear","EasingDirection":"Out"},"HumanoidRootPart":{"Weight":1,"CFrame":[0,0,0,1,0,0,0,1,0,0,0,1],"EasingStyle":"Linear","EasingDirection":"In"},"Right Leg":{"Weight":1,"CFrame":[0.29629257321357729,0.31389129161834719,0.06026768684387207,0.9881301522254944,0.13980476558208466,-0.0636664479970932,-0.12575483322143556,0.9741907119750977,0.18745172023773194,0.08822988718748093,-0.17722032964229585,0.9802083373069763],"EasingStyle":"Linear","EasingDirection":"Out"}}},{"Time":0.30000001192092898,"poses":{"Left Leg":{"Weight":1,"CFrame":[0.023930981755256654,0.12312179803848267,0.02463996410369873,0.8895752429962158,-0.07175011187791825,0.4511184096336365,0.05650554597377777,0.997286319732666,0.047192640602588657,-0.4532802104949951,-0.016490736976265909,0.8912155032157898],"EasingStyle":"Linear","EasingDirection":"Out"},"Right Arm":{"Weight":1,"CFrame":[-0.4014345705509186,-0.3113531470298767,0.31317949295043948,0.5346839427947998,-0.5564277768135071,0.6360040903091431,0.578286349773407,0.7897223830223084,0.2047519087791443,-0.61619633436203,0.2583150267601013,0.7440264821052551],"EasingStyle":"Linear","EasingDirection":"Out"},"Left Arm":{"Weight":1,"CFrame":[-0.10921519994735718,-0.25532329082489016,0.4924020767211914,0.42331480979919436,0.26864129304885867,-0.865237832069397,-0.5667511820793152,0.8236067295074463,-0.021565619856119157,0.7068222165107727,0.49950361251831057,0.5008975863456726],"EasingStyle":"Linear","EasingDirection":"Out"},"Head":{"Weight":1,"CFrame":[1.3085082173347474e-7,7.450580596923828e-9,-2.384185791015625e-7,0.9811482429504395,-0.18043015897274018,0.06923232972621918,0.1915951520204544,0.9550285935401917,-0.22630000114440919,-0.02528754062950611,0.23529838025569917,0.9715941548347473],"EasingStyle":"Linear","EasingDirection":"Out"},"Torso":{"Weight":1,"CFrame":[0.5459674596786499,2.907402745222498e-7,-0.12394142150878906,0.9928569197654724,-0.11411246657371521,-0.03483505919575691,0.11234115809202194,0.99245285987854,-0.04916137456893921,0.04018208011984825,0.04489680007100105,0.9981831908226013],"EasingStyle":"Linear","EasingDirection":"Out"},"HumanoidRootPart":{"Weight":1,"CFrame":[0,0,0,1,0,0,0,1,0,0,0,1],"EasingStyle":"Linear","EasingDirection":"In"},"Right Leg":{"Weight":1,"CFrame":[0.29568320512771609,0.3038531541824341,0.05492091178894043,0.9933878779411316,0.10362906008958817,-0.049412112683057788,-0.09409318119287491,0.9814959168434143,0.1667698621749878,0.06577999144792557,-0.16101785004138947,0.9847569465637207],"EasingStyle":"Linear","EasingDirection":"Out"}}},{"Time":0.3166666626930237,"poses":{"Left Leg":{"Weight":1,"CFrame":[0.017771169543266298,0.1281300187110901,0.0384521484375,0.8823328614234924,-0.06845364719629288,0.4656209349632263,0.061941999942064288,0.9976497888565064,0.029292814433574678,-0.46653178334236147,0.002995470305904746,0.8844993114471436],"EasingStyle":"Linear","EasingDirection":"Out"},"Right Arm":{"Weight":1,"CFrame":[-0.4660469591617584,-0.2536185383796692,0.3248239755630493,0.5708630084991455,-0.5369275808334351,0.6211473941802979,0.5361025929450989,0.8167570233345032,0.213312029838562,-0.621859610080719,0.21122677624225617,0.7541046738624573],"EasingStyle":"Linear","EasingDirection":"Out"},"Left Arm":{"