{"Sequence":[{"Time":0,"poses":{"Left Leg":{"Weight":1,"CFrame":[-0.5636743903160095,0.1861257553100586,0.08659934997558594,0.9996594786643982,0.015329526737332344,-0.021119840443134309,-0.021605895832180978,0.9400538802146912,-0.34034085273742678,0.014636466279625893,0.3406812846660614,0.9400649666786194],"EasingStyle":"Linear","EasingDirection":"In"},"Right Leg":{"Weight":1,"CFrame":[0.18653590977191926,-0.25635480880737307,-0.029278993606567384,0.9771703481674194,0.14432767033576966,-0.15590892732143403,-0.20437529683113099,0.8390432596206665,-0.5042194128036499,0.0580415204167366,0.5245722532272339,0.8493852019309998],"EasingStyle":"Linear","EasingDirection":"In"},"Left Arm":{"Weight":1,"CFrame":[-0.0270254947245121,-0.7207627296447754,-0.18783652782440186,-0.2892187833786011,0.885272741317749,-0.3642042279243469,-0.9570784568786621,-0.25994551181793215,0.12817667424678803,0.01879803277552128,0.3856430947780609,0.9224566221237183],"EasingStyle":"Linear","EasingDirection":"In"},"Head":{"Weight":1,"CFrame":[9.895302355289459e-8,7.450580596923828e-9,0,0.9975642561912537,-0.05948156863451004,-0.03643482178449631,0.060238126665353778,0.9979830980300903,0.020030608400702478,0.03516988456249237,-0.022176584228873254,0.9991353154182434],"EasingStyle":"Linear","EasingDirection":"In"},"Torso":{"Weight":1,"CFrame":[0.026182174682617189,-0.017581943422555925,-0.26000261306762698,0.9976640939712524,0.0599600188434124,0.03272763267159462,-0.05925929173827171,0.9980006814002991,-0.021977420896291734,-0.03397996723651886,0.019986668601632119,0.9992226362228394],"EasingStyle":"Linear","EasingDirection":"In"},"HumanoidRootPart":{"Weight":1,"CFrame":[0,0,0,1,0,0,0,1,0,0,0,1],"EasingStyle":"Linear","EasingDirection":"In"},"Right Arm":{"Weight":1,"CFrame":[0.0028895121067762377,-0.0940311849117279,0.013789892196655274,0.9622718095779419,0.041630323976278308,0.2688864767551422,-0.03499380126595497,0.998954176902771,-0.0294293574988842,-0.2698303759098053,0.018909649923443795,0.9627221822738648],"EasingStyle":"Linear","EasingDirection":"In"}}},{"Time":0.03333333507180214,"poses":{"Left Leg":{"Weight":1,"CFrame":[-0.625550389289856,0.2810048460960388,0.06648814678192139,0.9976513981819153,-0.06421937048435211,-0.023825189098715783,0.05691201984882355,0.9707172513008118,-0.23338620364665986,0.038115400820970538,0.23148205876350404,0.9720922708511353],"EasingStyle":"Linear","EasingDirection":"In"},"Right Leg":{"Weight":1,"CFrame":[0.36622709035873415,-0.17815113067626954,0.024673938751220704,0.9636189937591553,0.23474977910518647,-0.12779287993907929,-0.2668653428554535,0.8716433644294739,-0.41112154722213747,0.014879142865538597,0.43026793003082278,0.9025785326957703],"EasingStyle":"Linear","EasingDirection":"In"},"Left Arm":{"Weight":1,"CFrame":[-0.026516426354646684,-0.6891791820526123,-0.16720443964004517,-0.47288137674331667,0.8121628761291504,-0.34172317385673525,-0.8781428933143616,-0.46628138422966006,0.10699034482240677,-0.0724455788731575,0.35067543387413027,0.9336907863616943],"EasingStyle":"Linear","EasingDirection":"In"},"Head":{"Weight":1,"CFrame":[9.243376553058624e-8,3.259629011154175e-9,3.5762786865234377e-7,0.998805582523346,-0.03883589059114456,-0.029653498902916909,0.03944908827543259,0.9990137815475464,0.020381398499011995,0.02883272059261799,-0.021526863798499109,0.9993525147438049],"EasingStyle":"Linear","EasingDirection":"In"},"Torso":{"Weight":1,"CFrame":[0.048220500349998477,-0.017854060977697374,-0.23864173889160157,0.9975981116294861,0.06165263056755066,0.031577691435813907,-0.060964275151491168,0.9978904128074646,-0.02231757529079914,-0.032887011766433719,0.020338857546448709,0.999252200126648],"EasingStyle":"Linear","EasingDirection":"In"},"HumanoidRootPart":{"Weight":1,"CFrame":[0,0,0,1,0,0,0,1,0,0,0,1],"EasingStyle":"Linear","EasingDirection":"In"},"Right Arm":{"Weight":1,"CFrame":[-0.010991040617227555,-0.0941379964351654,0.008566737174987793,0.9730616211891174,0.042203761637210849,0.2266491800546646,-0.03736519441008568,0.9989737868309021,-0.025597847998142244,-0.2274969071149826,0.016439473256468774,0.9736400842666626],"EasingStyle":"Linear","EasingDirection":"In"}}},{"Time":0.06666667014360428,"poses":{"Left Leg":{"Weight":1,"CFrame":[-0.7060461640357971,0.39528560638427737,-0.017982006072998048,0.9806345105171204,-0.1940385401248932,-0.026555322110652925,0.19406738877296449,0.9809870719909668,-0.001509734895080328,0.026343345642089845,-0.003673028666526079,0.9996462464332581],"EasingStyle":"Linear","EasingDirection":"In"},"Right Leg":{"Weight":1,"CFrame":[0.5483366847038269,0.0017128586769104004,0.043251991271972659,0.950040340423584,0.30700725317001345,-0.05630311742424965,-0.3119792342185974,0.9284546971321106,-0.2015962302684784,-0.009616583585739136,0.2090899646282196,0.9778491258621216],"EasingStyle":"Linear","EasingDirection":"In"},"Left Arm":{"Weight":1,"CFrame":[-0.025570999830961229,-0.5931261777877808,-0.12888777256011964,-0.6375977993011475,0.7106724381446838,-0.29734450578689577,-0.7527024745941162,-0.6568875908851624,0.04402170330286026,-0.164036825299263,0.251880019903183,0.9537549614906311],"EasingStyle":"Linear","EasingDirection":"In"},"Head":{"Weight":1,"CFrame":[8.032657206058502e-8,9.313225746154786e-10,1.1920928955078126e-7,0.99985271692276,-0.00044437567703425884,-0.017162935808300973,0.0007848649402149022,0.9998029470443726,0.01983734406530857,0.01715073734521866,-0.019847890362143518,0.9996559023857117],"EasingStyle":"Linear","EasingDirection":"In"},"Torso":{"Weight":1,"CFrame":[0.09922635555267334,-0.018241725862026216,-0.1997082233428955,0.9974832534790039,0.0640072152018547,0.030499592423439027,-0.06332597881555557,0.9977324604988098,-0.02280215360224247,-0.031889934092760089,0.0208133514970541,0.9992746710777283],"EasingStyle":"Linear","EasingDirection":"In"},"HumanoidRootPart":{"Weight":1,"CFrame":[0,0,0,1,0,0,0,1,0,0,0,1],"EasingStyle":"Linear","EasingDirection":"In"},"Right Arm":{"Weight":1,"CFrame":[-0.03412710502743721,-0.09445413947105408,-0.007840514183044434,0.9895505309104919,0.04765516147017479,0.1360834389925003,-0.04769975319504738,0.9988574981689453,-0.0029343445785343649,-0.13606780767440797,-0.0035875672474503519,0.9906930327415466],"EasingStyle":"Linear","EasingDirection":"In"}}},{"Time":0.10000000149011612,"poses":{"Left Leg":{"Weight":1,"CFrame":[-0.7225648760795593,0.41900330781936648,-0.0703091025352478,0.966942310333252,-0.2544948160648346,-0.015971310436725618,0.25390830636024477,0.9551522135734558,0.15236441791057588,-0.023520953953266145,-0.15138278901576997,0.9881953597068787],"EasingStyle":"Linear","EasingDirection":"In"},"Right Leg":{"Weight":1,"CFrame":[0.6633766889572144,0.14533311128616334,0.012169599533081055,0.9363307356834412,0.35099002718925478,-0.009531758725643158,-0.35109344124794009,0.935586154460907,-0.03757721185684204,-0.004271414130926132,0.03853122889995575,0.9992483854293823],"EasingStyle":"Linear","EasingDirection":"In"},"Left Arm":{"Weight":1,"CFrame":[-0.025061916559934617,-0.4306471347808838,-0.10825556516647339,-0.7898768782615662,0.5499659180641174,-0.27135220170021059,-0.5725128054618836,-0.8198816776275635,0.00481910677626729,-0.21982629597187043,0.15915904939174653,0.9624680876731873],"EasingStyle":"Linear","EasingDirection":"In"},"Head":{"Weight":1,"CFrame":[5.3783878684043887e-8,3.725290298461914e-9,-1.1920928955078126e-7,0.9997406005859375,0.020222743973135949,-0.010485583916306496,-0.020043641328811647,0.9996560215950012,0.01691512018442154,0.010824047960340977,-0.016700563952326776,0.9998019337654114],"EasingStyle":"Linear","EasingDirection":"In"},"Torso":{"Weight":1,"CFrame":[0.18055659532546998,-0.01857108622789383,-0.17881274223327638,0.997265636920929,0.06764909625053406,0.02974694035947323,-0.06697152554988861,0.9974848031997681,-0.023213855922222139,-0.03124251775443554,0.021158182993531228,0.9992878437042236],"EasingStyle":"Linear","EasingDirection":"In"},"HumanoidRootPart":{"Weight":1,"CFrame":[0,0,0,1,0,0,0,1,0,0,0,1],"EasingStyle":"Linear","EasingDirection":"In"},"Right Arm":{"Weight":1,"CFrame":[-0.050205644220113757,-0.09497109055519104,-0.03653687238693237,0.9976195096969605,0.06894777715206146,0.0013033709255978466,-0.06890486925840378,0.9958882331848145,0.05881170928478241,0.002756892004981637,-0.05876157432794571,0.9982682466506958],"EasingStyle":"Linear","EasingDirection":"In"}}},{"Time":0.13333334028720857,"poses":{"Left Leg":{"Weight":1,"CFrame":[-0.7062593698501587,0.4167986512184143,-0.05188262462615967,0.9667956829071045,-0.2552991211414337,0.01134536787867546,0.2504199147224426,0.9553012847900391,0.1571282595396042,-0.05095299705862999,-0.14906980097293855,0.9875130653381348],"EasingStyle":"Linear","EasingDirection":"In"},"Right Leg":{"Weight":1,"CFrame":[0.7718682289123535,0.3260129690170288,0.06714415550231934,0.893449068069458,0.43799278140068056,-0.09955496340990067,-0.4362541735172272,0.8989439606666565,0.039777468889951709,0.10691666603088379,0.007892114110291005,0.9942367672920227],"EasingStyle":"Linear","EasingDirection":"In"},"Left Arm":{"Weight":1,"CFrame":[-0.10966497659683228,-0.21498343348503114,-0.1231842041015625,-0.9075302481651306,0.3275109827518463,-0.2629171907901764,-0.3433164656162262,-0.9390963315963745,0.01523504313081503,-0.24191495776176454,0.10408993810415268,0.9646981954574585],"EasingStyle":"Linear","EasingDirection":"In"},"Head":{"Weight":1,"CFrame":[5.122274160385132e-8,-1.862645149230957e-9,-4.172325134277344e-7,0.9998664855957031,-0.0057273562997579578,-0.01530534215271473,0.0058685485273599628,0.9999405741691589,0.009196664206683636,0.015251761302351952,-0.009285257197916508,0.9998406171798706],"EasingStyle":"Linear","EasingDirection":"In"},"Torso":{"Weight":1,"CFrame":[0.2860994040966034,-0.018765293061733247,-0.22887277603149415,0.9969213604927063,0.0727192834019661,0.029320646077394487,-0.07204429060220719,0.9971255660057068,-0.02345661260187626,-0.03094211407005787,0.02127201296389103,0.9992948174476624],"EasingStyle":"Linear","EasingDirection":"In"},"HumanoidRootPart":{"Weight":1,"CFrame":[0,0,0,1,0,0,0,1,0,0,0,1],"EasingStyle":"Linear","EasingDirection":"In"},"Right Arm":{"Weight":1,"CFrame":[-0.05521044880151749,-0.09565487504005432,-0.07565164566040039,0.9789418578147888,0.13040563464164735,-0.1570587307214737,-0.10307944566011429,0.9798505902290344,0.1710771769285202,0.17620350420475007,-0.15128514170646668,0.9726588726043701],"EasingStyle":"Linear","EasingDirection":"In"}}},{"Time":0.1666666716337204,"poses":{"Left Leg":{"Weight":1,"CFrame":[-0.6897925734519959,0.3953937888145447,-0.01571202278137207,0.9669838547706604,-0.25216612219810488,0.03680327162146568,0.24671979248523713,0.962527334690094,0.11256295442581177,-0.06380876153707504,-0.09976650029420853,0.9929628372192383],"EasingStyle":"Linear","EasingDirection":"In"},"Right Leg":{"Weight":1,"CFrame":[0.7369182705879211,0.6159953474998474,0.1433960199356079,0.8462711572647095,0.46329465508461,-0.263027161359787,-0.4455054700374603,0.8861557245254517,0.1274876445531845,0.2921473979949951,0.00929087121039629,0.9563281536102295],"EasingStyle":"Linear","EasingDirection":"In"},"Left Arm":{"Weight":1,"CFrame":[-0.2667848765850067,-0.0201570987701416,-0.15090864896774293,-0.9623736143112183,0.12299951910972595,-0.2422976791858673,-0.13540221750736237,-0.9901669025421143,0.03515278548002243,-0.2355913668870926,0.06663770973682404,0.9695649743080139],"EasingStyle":"Linear","EasingDirection":"In"},"Head":{"Weight":1,"CFrame":[7.59027898311615e-8,3.725290298461914e-9,-1.1920928955078126e-7,0.9982589483261108,-0.053950075060129169,-0.02384139597415924,0.0539427287876606,0.9985435605049133,-0.0009514226112514734,0.023857997730374337,-0.0003363036084920168,0.9997153878211975],"EasingStyle":"Linear","EasingDirection":"In"},"Torso":{"Weight":1,"CFrame":[0.3798649311065674,-0.01912902295589447,-0.3218352794647217,0.9965992569923401,0.07742287963628769,0.028206717222929,-0.07675883173942566,0.9967629313468933,-0.02391126938164234,-0.02996668964624405,0.02166483923792839,0.9993160963058472],"EasingStyle":"Linear","EasingDirection":"In"},"HumanoidRootPart":{"Weight":1,"CFrame":[0,0,0,1,0,0,0,1,0,0,0,1],"EasingStyle":"Linear","EasingDirection":"In"},"Right Arm":{"Weight":1,"CFrame":[-0.05705433338880539,-0.09636545181274414,-0.11140692234039307,0.9356101155281067,0.2135944366455078,-0.28108933568000796,-0.12998361885547639,0.9486942291259766,0.2882419526576996,0.3282347619533539,-0.2331451028585434,0.9153716564178467],"EasingStyle":"Linear","EasingDirection":"In"}}},{"Time":0.20000000298023225,"poses":{"Left Leg":{"Weight":1,"CFrame":[-0.6807883381843567,0.37879443168640139,0.0036548376083374025,0.9676857590675354,-0.24773524701595307,0.04702773690223694,0.2435193955898285,0.9665343165397644,0.08068264275789261,-0.06544191390275955,-0.0666232779622078,0.9956298470497131],"EasingStyle":"Linear","EasingDirection":"In"},"Right Leg":{"Weight":1,"CFrame":[0.647767186164856,0.7935096621513367,0.14487099647521974,0.8311339616775513,0.4347507655620575,-0.34671062231063845,-0.40331751108169558,0.9005376100540161,0.16237914562225343,0.3828204274177551,0.004875600337982178,0.9238098859786987],"EasingStyle":"Linear","EasingDirection":"In"},"Left Arm":{"Weight":1,"CFrame":[-0.35138803720474245,0.06461101770401001,-0.16583693027496339,-0.9799224138259888,0.036108650267124179,-0.19608226418495179,-0.045907098799943927,-0.9979018568992615,0.045656781643629077,-0.19402216374874116,0.05374162271618843,0.9795240163803101],"EasingStyle":"Linear","EasingDirection":"In"},"Head":{"Weight":1,"CFrame":[7.194466888904572e-8,7.450580596923828e-9,2.384185791015625e-7,0.9964036345481873,-0.07988694310188294,-0.028247524052858354,0.07974440604448319,0.9967964291572571,-0.006139042787253857,0.02864745818078518,0.0038643802981823684,0.9995821714401245],"EasingStyle":"Linear","EasingDirection":"In"},"Torso":{"Weight":1,"CFrame":[0.41839247941970827,-0.020058877766132356,-0.3718583583831787,0.9965194463729858,0.07948103547096253,0.025135578587651254,-0.07885269075632096,0.9965710043907166,-0.02507360652089119,-0.027042262256145479,0.023004328832030298,0.9993695616722107],"EasingStyle":"Linear","EasingDirection":"In"},"HumanoidRootPart":{"Weight":1,"CFrame":[0,0,0,1,0,0,0,1,0,0,0,1],"EasingStyle":"Linear","EasingDirection":"In"},"Right Arm":{"Weight":1,"CFrame":[-0.057317737489938739,-0.09694045782089234,-0.1270485520362854,0.9078035354614258,0.258396714925766,-0.3303392231464386,-0.13875362277030946,0.9283432960510254,0.34485673904418948,0.39577803015708926,-0.2672264873981476,0.8786067366600037],"EasingStyle":"Linear","EasingDirection":"In"}}},{"Time":0.23333333432674409,"poses":{"Left Leg":{"Weight":1,"CFrame":[-0.6635096073150635,0.3348659873008728,0.0017421245574951172,0.9672192931175232,-0.2506130635738373,0.040988657623529437,0.2466990202665329,0.9655853509902954,0.0823686346411705,-0.06022074446082115,-0.06955664604902268,0.9957587122917175],"EasingStyle":"Linear","EasingDirection":"In"},"Right Leg":{"Weight":1,"CFrame":[0.6887339949607849,0.653892993927002,0.19298100471496583,0.8353206515312195,0.44834640622138979,-0.3181586265563965,-0.44045379757881167,0.8921051025390625,0.10074213892221451,0.32899829745292666,0.0559820681810379,0.9426696300506592],"EasingStyle":"Linear","EasingDirection":"In"},"Left Arm":{"Weight":1,"CFrame":[-0.3357134461402893,-0.054709821939468387,-0.14408397674560548,-0.9731356501579285,0.18853893876075746,-0.1321369707584381,-0.19951725006103517,-0.9769933223724365,0.07534622400999069,-0.11489126086235047,0.0996856540441513,0.9883637428283691],"EasingStyle":"Linear","EasingDirection":"In"},"Head":{"Weight":1,"CFrame":[9.266659617424011e-8,-1.1175870895385743e-8,1.1920928955078126e-7,0.996643602848053,-0.07868356257677078,-0.02259233593940735,0.07862075418233872,0.9968979358673096,-0.0036560758017003538,0.02280992642045021,0.0018675763858482242,0.9997380971908569],"EasingStyle":"Linear","EasingDirection":"In"},"Torso":{"Weight":1,"CFrame":[0.39258572459220889,-0.024813100695610048,-0.3306875228881836,0.9969164133071899,0.0767771303653717,0.016214808449149133,-0.07624875009059906,0.9966064095497131,-0.031016388908028604,-0.0185411274433136,0.029684390872716905,0.9993874430656433],"EasingStyle":"Linear","EasingDirection":"In"},"HumanoidRootPart":{"Weight":1,"CFrame":[0,0,0,1,0,0,0,1,0,0,0,1],"EasingStyle":"Linear","EasingDirection":"In"},"Right Arm":{"Weight":1,"CFrame":[-0.049187034368515018,-0.09779447317123413,-0.12252926826477051,0.9168381690979004,0.24029625952243806,-0.3188503682613373,-0.12601450085639954,0.9319455623626709,0.33999669551849368,0.37885114550590517,-0.27154219150543215,0.8847240805625916],"EasingStyle":"Linear","EasingDirection":"In"}}},{"Time":0.2666666805744171,"poses":{"Left Leg":{"Weight":1,"CFrame":[-0.6310586929321289,0.26955586671829226,-0.01294177770614624,0.9670590758323669,-0.2539452314376831,0.017567003145813943,0.2510901689529419,0.9629757404327393,0.09814032912254334,-0.041838932782411578,-0.09049659222364426,0.9950175285339356],"EasingStyle":"Linear","EasingDirection":"In"},"Right Leg":{"Weight":1,"CFrame":[0.7078787684440613,0.41127896308898928,0.19869863986968995,0.862541139125824,0.4358052909374237,-0.25709250569343569,-0.4469250440597534,0.8944151997566223,0.01672430895268917,0.23723605275154115,0.10047557950019837,0.9662421941757202],"EasingStyle":"Linear","EasingDirection":"In"},"Left Arm":{"Weight":1,"CFrame":[-0.29057854413986208,-0.2763063907623291,-0.0902828574180603,-0.7578981518745422,0.64603590965271,-0.09070760756731034,-0.6500210762023926,-0.7360346913337708,0.18901260197162629,0.05534498021006584,0.2022140920162201,0.9777762293815613],"EasingStyle":"Linear","EasingDirection":"In"},"Head":{"Weight":1,"CFrame":[8.335337042808533e-8,2.421438694000244e-8,2.384185791015625e-7,0.9971296191215515,-0.0749647319316864,-0.010621631518006325,0.0749795213341713,0.9971846342086792,0.0010015938896685839,0.010516642592847348,-0.00179511948954314,0.9999430775642395],"EasingStyle":"Linear","EasingDirection":"In"},"Torso":{"Weight":1,"CFrame":[0.3372039496898651,-0.03224819898605347,-0.25441980361938479,0.9974205493927002,0.0716787651181221,0.0037912556435912849,-0.07146857678890228,0.9966279864311218,-0.040310248732566836,-0.006667859386652708,0.039935316890478137,0.999180018901825],"EasingStyle":"Linear","EasingDirection":"In"},"HumanoidRootPart":{"Weight":1,"CFrame":[0,0,0,1,0,0,0,1,0,0,0,1],"EasingStyle":"Linear","EasingDirection":"In"},"Right Arm":{"Weight":1,"CFrame":[-0.02784331515431404,-0.10166826844215393,-0.11123073101043701,0.944490909576416,0.16919583082199098,-0.2816200256347656,-0.07555881887674332,0.9460815191268921,0.31499311327934267,0.3197309672832489,-0.27622926235198977,0.9063495397567749],"EasingStyle":"Linear","EasingDirection":"In"}}},{"Time":0.30000001192092898,"poses":{"Left Leg":{"Weight":1,"CFrame":[-0.6524364948272705,0.2632274031639099,-0.05141419172286987,0.9624342918395996,-0.26963719725608828,-0.03187798336148262,0.2714645266532898,0.9533364772796631,0.1321238875389099,-0.005235106684267521,-0.1358143538236618,0.9907204508781433],"EasingStyle":"Linear","EasingDirection":"In"},"Right Leg":{"Weight":1,"CFrame":[0.6427815556526184,0.22114700078964234,0.16924726963043214,0.8987160325050354,0.38168981671333315,-0.21592216193675996,-0.4024975895881653,0.9134110808372498,-0.06062988564372063,0.17408396303653718,0.14139720797538758,0.9745264053344727],"EasingStyle":"Linear","EasingDirection":"In"},"Left Arm":{"Weight":1,"CFrame":[-0.21881699562072755,-0.3956274688243866,-0.021620631217956544,0.07644540071487427,0.9749045372009277,-0.2090868502855301,-0.9296976327896118,0.14547228813171388,0.33837878704071047,0.3603034019470215,0.168519988656044,0.9174870848655701],"EasingStyle":"Linear","EasingDirection":"In"},"Head":{"Weight":1,"CFrame":[8.12578946352005e-8,1.30385160446167e-8,2.384185791015625e-7,0.9976513385772705,-0.06849770992994309,0.00016083847731351852,0.06849667429924011,0.9976447224617004,0.003648908343166113,-0.00041040239739231765,-0.003629324957728386,0.9999933242797852],"EasingStyle":"Linear","EasingDirection":"In"},"Torso":{"Weight":1,"CFrame":[0.27450528740882876,-0.03608289361000061,-0.21342825889587403,0.9976184368133545,0.06885220855474472,-0.004126749467104673,-0.06896842271089554,0.9965987205505371,-0.04510360583662987,0.0010072306031361223,0.04528080299496651,0.9989737868309021],"EasingStyle":"Linear","EasingDirection":"In"},"HumanoidRootPart":{"Weight":1,"CFrame":[0,0,0,1,0,0,0,1,0,0,0,1],"EasingStyle":"Linear","EasingDirection":"In"},"Right Arm":{"Weight":1,"CFrame":[0.0021409294568002226,-0.11188074946403504,-0.09654253721237183,0.9741017818450928,0.03031640127301216,-0.22406849265098573,0.03285115212202072,0.9614806175231934,0.27290260791778567,0.22371092438697816,-0.27319595217704775,0.9355840086936951],"EasingStyle":"Linear","EasingDirection":"In"}}},{"Time":0.3333333432674408,"poses":{"Left Leg":{"Weight":1,"CFrame":[-0.7792333960533142,0.3957366347312927,-0.1544666290283203,0.9504388570785523,-0.29026108980178835,-0.11142119020223618,0.3072074055671692,0.9318941235542297,0.19286520779132844,0.047851480543613437,-0.21753601729869843,0.9748786091804504],"EasingStyle":"Linear","EasingDirection":"In"},"Right Leg":{"Weight":1,"CFrame":[0.5617278814315796,0.09936761856079102,0.1440739631652832,0.9227617383003235,0.32974544167518618,-0.19944584369659425,-0.3589167594909668,0.923812210559845,-0.1332283616065979,0.14031916856765748,0.19452251493930818,0.9708097577095032],"EasingStyle":"Linear","EasingDirection":"In"},"Left Arm":{"Weight":1,"CFrame":[-0.12560544908046723,-0.29969024658203127,0.045232415199279788,0.7920467853546143,0.45424506068229678,-0.40782785415649416,-0.3643077611923218,0.8877793550491333,0.2812962830066681,0.48983854055404665,-0.0742250457406044,0.8686477541923523],"EasingStyle":"Linear","EasingDirection":"In"},"Head":{"Weight":1,"CFrame":[9.220093488693237e-8,-7.450580596923828e-9,1.1920928955078126e-7,0.9982104897499085,-0.05961422249674797,0.004679518286138773,0.059646639972925189,0.99819415807724,-0.007119848858565092,-0.004246623255312443,0.00738621735945344,0.9999637603759766],"EasingStyle":"Linear","EasingDirection":"In"},"Torso":{"Weight":1,"CFrame":[0.21906670928001405,-0.03527146577835083,-0.21340060234069825,0.9967845678329468,0.07988717406988144,-0.006224885582923889,-0.08008462935686112,0.9958125352859497,-0.04408933222293854,0.002676646923646331,0.044446080923080447,0.9990081787109375],"EasingStyle":"Linear","EasingDirection":"In"},"HumanoidRootPart":{"Weight":1,"CFrame":[0,0,0,1,0,0,0,1,0,0,0,1],"EasingStyle":"Linear","EasingDirection":"In"},"Right Arm":{"Weight":1,"CFrame":[0.036193132400512698,-0.13175198435783387,-0.08185440301895142,0.9698190093040466,-0.19329580664634705,-0.1486193835735321,0.2229575365781784,0.9497609734535217,0.21964535117149354,0.09869632869958878,-0.2461521476507187,0.9641930460929871],"EasingStyle":"Linear","EasingDirection":"In"}}},{"Time":0.36666667461395266,"poses":{"Left Leg":{"Weight":1,"CFrame":[-0.8520702123641968,0.6009525656700134,-0.35122281312942507,0.9433788657188416,-0.24857211112976075,-0.21965530514717103,0.3064118027687073,0.9066606163978577,0.2899627387523651,0.12707608938217164,-0.3408496081829071,0.9314898252487183],"EasingStyle":"Linear","EasingDirection":"In"},"Right Leg":{"Weight":1,"CFrame":[0.48783379793167117,0.014720559120178223,0.12090098857879639,0.9385495185852051,0.286322683095932,-0.19272802770137788,-0.32280439138412478,0.9258317947387695,-0.19655250012874604,0.12215631455183029,0.24668768048286439,0.9613652229309082],"EasingStyle":"Linear","EasingDirection":"In"},"Left Arm":{"Weight":1,"CFrame":[-0.025493741035461427,-0.12152162194252014,0.09567368030548096,0.8818138837814331,-0.03955170884728432,-0.469936341047287,0.1416189968585968,0.9726942181587219,0.18387547135353089,0.44983169436454775,-0.2286958545446396,0.8633363842964172],"EasingStyle":"Linear","EasingDirection":"In"},"Head":{"Weight":1,"CFrame":[6.426125764846802e-8,1.862645149230957e-9,-5.960464477539063e-8,0.9986572265625,-0.05139865353703499,0.006486206315457821,0.05158726125955582,0.9981107711791992,-0.033371537923812869,-0.0047587002627551559,0.03366133198142052,0.999422013759613],"EasingStyle":"Linear","EasingDirection":"In"},"Torso":{"Weight":1,"CFrame":[0.1712218075990677,-0.03261706978082657,-0.21329402923583985,0.9933103919029236,0.1152399554848671,-0.007364319637417793,-0.11544550210237503,0.9924767017364502,-0.04077133908867836,0.0026104284916073086,0.04134877026081085,0.9991414546966553],"EasingStyle":"Linear","EasingDirection":"In"},"HumanoidRootPart":{"Weight":1,"CFrame":[0,0,0,1,0,0,0,1,0,0,0,1],"EasingStyle":"Linear","EasingDirection":"In"},"Right Arm":{"Weight":1,"CFrame":[0.06974069774150849,-0.16460224986076356,-0.07055586576461792,0.8630976676940918,-0.5017262101173401,-0.05773326754570007,0.5038760900497437,0.847722053527832,0.16576005518436433,-0.034224461764097217,-0.17215757071971894,0.984474778175354],"EasingStyle":"Linear","EasingDirection":"In"}}},{"Time":0.4000000059604645,"poses":{"Left Leg":{"Weight":1,"CFrame":[-0.8740171194076538,0.6676907539367676,-0.5343488454818726,0.9178979396820068,-0.2244977355003357,-0.32720690965652468,0.34198999404907229,0.8657673597335815,0.3653625249862671,0.201261967420578,-0.44726696610450747,0.8714619874954224],"EasingStyle":"Linear","EasingDirection":"In"},"Right Leg":{"Weight":1,"CFrame":[0.42664599418640139,-0.044031381607055667,0.11714589595794678,0.9391582608222961,0.2645430564880371,-0.21908600628376008,-0.3156121075153351,0.9163095951080322,-0.24650730192661286,0.13553884625434876,0.3006553649902344,0.9440527558326721],"EasingStyle":"Linear","EasingDirection":"In"},"Left Arm":{"Weight":1,"CFrame":[0.06462505459785462,-0.025584310293197633,0.11561763286590576,0.8580333590507507,-0.17954714596271516,-0.4811879098415375,0.30244308710098269,0.933866024017334,0.19084683060646058,0.41509896516799929,-0.3092849552631378,0.8555909395217896],"EasingStyle":"Linear","EasingDirection":"In"},"Head":{"Weight":1,"CFrame":[6.705522537231445e-8,-9.313225746154785e-9,1.1920928955078126e-7,0.9988036751747131,-0.04758547991514206,0.011260384693741799,0.04822104796767235,0.9967028498649597,-0.06525573134422302,-0.00811802875250578,0.06572064012289047,0.997805118560791],"EasingStyle":"Linear","EasingDirection":"In"},"Torso":{"Weight":1,"CFrame":[0.13194048404693604,-0.0275154709815979,-0.21311092376708985,0.9840182065963745,0.17785565555095673,-0.008703641593456269,-0.17805175483226777,0.9834198355674744,-0.03439432382583618,0.0024421089328825475,0.035394337028265,0.9993704557418823],"EasingStyle":"Linear","EasingDirection":"In"},"HumanoidRootPart":{"Weight":1,"CFrame":[0,0,0,1,0,0,0,1,0,0,0,1],"EasingStyle":"Linear","EasingDirection":"In"},"Right Arm":{"Weight":1,"CFrame":[0.0982111468911171,-0.21375149488449098,-0.06603646278381348,0.5617570877075195,-0.8263624310493469,0.03942228481173515,0.8175731301307678,0.5618067979812622,0.1262834370136261,-0.126503586769104,-0.038710080087184909,0.9912105798721314],"EasingStyle":"Linear","EasingDirection":"In"}}},{"Time":0.4333333373069763,"poses":{"Left Leg":{"Weight":1,"CFrame":[-0.9284549355506897,0.5844703316688538,-0.5802597999572754,0.8748587965965271,-0.28368958830833437,-0.3926096558570862,0.42701464891433718,0.8343204855918884,0.34866568446159365,0.22864949703216554,-0.472683310508728,0.8510523438453674],"EasingStyle":"Linear","EasingDirection":"In"},"Right Leg":{"Weight":1,"CFrame":[0.35117337107658389,-0.09308671951293946,0.12891149520874024,0.9173497557640076,0.27017319202423098,-0.2923625111579895,-0.3488798141479492,0.8993282914161682,-0.26361268758773806,0.1917087435722351,0.3438244163990021,0.9192565679550171],"EasingStyle":"Linear","EasingDirection":"In"},"Left Arm":{"Weight":1,"CFrame":[0.1319502592086792,-0.04591327905654907,0.1082543134689331,0.9383987188339233,-0.15587709844112397,-0.308399498462677,0.25540003180503847,0.9140322804450989,0.3151440918445587,0.23276332020759583,-0.374496191740036,0.8975377082824707],"EasingStyle":"Linear","EasingDirection":"In"},"Head":{"Weight":1,"CFrame":[7.916241884231568e-8,-3.725290298461914e-9,-5.364418029785156e-7,0.9946351647377014,-0.100343719124794,0.02514336071908474,0.10227317363023758,0.9903648495674133,-0.09336899220943451,-0.015532108023762703,0.09543955326080322,0.9953141212463379],"EasingStyle":"Linear","EasingDirection":"In"},"Torso":{"Weight":1,"CFrame":[0.10174790024757385,-0.019959408789873124,-0.19746851921081544,0.9639694094657898,0.2657964527606964,-0.010743307881057263,-0.26598745584487917,0.963653564453125,-0.024949243292212487,0.003721409011632204,0.026907887309789659,0.9996309876441956],"EasingStyle":"Linear","EasingDirection":"In"},"HumanoidRootPart":{"Weight":1,"CFrame":[0,0,0,1,0,0,0,1,0,0,0,1],"EasingStyle":"Linear","EasingDirection":"In"},"Right Arm":{"Weight":1,"CFrame":[0.1188998892903328,-0.35276541113853457,-0.07074779272079468,0.07146420329809189,-0.9898391962051392,0.12292811274528504,0.9900602698326111,0.08536189049482346,0.11177738010883331,-0.12113500386476517,0.11371809989213944,0.9861007332801819],"EasingStyle":"Linear","EasingDirection":"In"}}},{"Time":0.46666666865348818,"poses":{"Left Leg":{"Weight":1,"CFrame":[-0.9614722728729248,0.5264056921005249,-0.5413434505462647,0.849998414516449,-0.3361484110355377,-0.4055945873260498,0.46488454937934878,0.8407830595970154,0.27742800116539,0.24776017665863038,-0.4243679344654083,0.8709344863891602],"EasingStyle":"Linear","EasingDirection":"In"},"Right Leg":{"Weight":1,"CFrame":[0.3248176872730255,-0.12152576446533203,0.14201676845550538,0.8850773572921753,0.31470543146133425,-0.3429265320301056,-0.41031476855278017,0.8753712177276611,-0.2556702792644501,0.21972718834877015,0.3669957220554352,0.9038994312286377],"EasingStyle":"Linear","EasingDirection":"In"},"Left Arm":{"Weight":1,"CFrame":[0.18005134165287019,-0.08366525173187256,0.0843421220779419,0.9853665828704834,-0.15235601365566255,0.07642318308353424,0.10423979163169861,0.8933887481689453,0.43702462315559389,-0.13485898077487946,-0.42266330122947695,0.8961969614028931],"EasingStyle":"Linear","EasingDirection":"In"},"Head":{"Weight":1,"CFrame":[8.568167686462403e-8,-1.862645149230957e-9,1.1920928955078126e-7,0.9773239493370056,-0.20707185566425324,0.04426399990916252,0.2108050435781479,0.9711935520172119,-0.1111055240035057,-0.019982080906629564,0.11791717261075974,0.9928224086761475],"EasingStyle":"Linear","EasingDirection":"In"},"Torso":{"Weight":1,"CFrame":[0.07823728024959564,-0.012597065418958664,-0.16867542266845704,0.9332894086837769,0.35889720916748049,-0.012792784720659256,-0.3590700924396515,0.9331777691841126,-0.015746301040053369,0.00628663832321763,0.01928936317563057,0.9997941851615906],"EasingStyle":"Linear","EasingDirection":"In"},"HumanoidRootPart":{"Weight":1,"CFrame":[0,0,0,1,0,0,0,1,0,0,0,1],"EasingStyle":"Linear","EasingDirection":"In"},"Right Arm":{"Weight":1,"CFrame":[0.13657400012016297,-0.5497451424598694,-0.0813436508178711,-0.3779566287994385,-0.9080339670181274,0.18061909079551698,0.9249878525733948,-0.3620738387107849,0.11532549560070038,-0.03932204842567444,0.21065841615200044,0.9767685532569885],"EasingStyle":"Linear","EasingDirection":"In"}}},{"Time":0.5,"poses":{"Left Leg":{"Weight":1,"CFrame":[-0.9503109455108643,0.5490886569023132,-0.42135924100875857,0.86902916431427,-0.33195316791534426,-0.36687254905700686,0.4055922329425812,0.9026362299919128,0.14402414858341218,0.2833431661128998,-0.27396178245544436,0.9190548062324524],"EasingStyle":"Linear","EasingDirection":"In"},"Right Leg":{"Weight":1,"CFrame":[0.43860992789268496,-0.13548684120178224,0.16706836223602296,0.8545705676078796,0.4073443114757538,-0.3221489489078522,-0.49678415060043337,0.8219906687736511,-0.27845466136932375,0.15137647092342378,0.39799758791923525,0.9048110246658325],"EasingStyle":"Linear","EasingDirection":"In"},"Left Arm":{"Weight":1,"CFrame":[0.21659043431282044,-0.10399377346038819,0.04114735126495361,0.9241539239883423,-0.1721038818359375,0.34105706214904787,-0.006869683973491192,0.8851403594017029,0.46527335047721865,-0.3819587826728821,-0.43232718110084536,0.8168235421180725],"EasingStyle":"Linear","EasingDirection":"In"},"Head":{"Weight":1,"CFrame":[8.568167686462403e-8,-1.862645149230957e-9,2.384185791015625e-7,0.9553214907646179,-0.29026737809181216,0.05572924017906189,0.2949422001838684,0.9484683871269226,-0.11583095788955689,-0.019235480576753618,0.12709271907806397,0.9917043447494507],"EasingStyle":"Linear","EasingDirection":"In"},"Torso":{"Weight":1,"CFrame":[0.05745597183704376,-0.008860794827342034,-0.153214693069458,0.9008868932723999,0.43379878997802737,-0.014879869297146798,-0.433968722820282,0.9008598923683167,-0.01107595581561327,0.00859993975609541,0.01643558032810688,0.999828040599823],"EasingStyle":"Linear","EasingDirection":"In"},"HumanoidRootPart":{"Weight":1,"CFrame":[0,0,0,1,0,0,0,1,0,0,0,1],"EasingStyle":"Linear","EasingDirection":"In"},"Right Arm":{"Weight":1,"CFrame":[0.15786871314048768,-0.6498211622238159,-0.0925176739692688,-0.6546227931976318,-0.7230451703071594,0.22062386572360993,0.7538929581642151,-0.6459606289863586,0.11991796642541886,0.05580825358629227,0.24482779204845429,0.9679590463638306],"EasingStyle":"Linear","EasingDirection":"In"}}},{"Time":0.5333333611488342,"poses":{"Left Leg":{"Weight":1,"CFrame":[-0.8454670906066895,0.4747260808944702,-0.2010263204574585,0.934518039226532,-0.20708924531936646,-0.28946539759635928,0.19704373180866242,0.9783187508583069,-0.06376691162586212,0.29639503359794619,0.0025540159549564125,0.9550620913505554],"EasingStyle":"Linear","EasingDirection":"In"},"Right Leg":{"Weight":1,"CFrame":[0.5925813913345337,-0.1614304780960083,0.24637198448181153,0.7844042181968689,0.5148887634277344,-0.3458317220211029,-0.6176337599754334,0.699569582939148,-0.35934796929359438,0.05690910667181015,0.49547144770622256,0.8667580485343933],"EasingStyle":"Linear","EasingDirection":"In"},"Left Arm":{"Weight":1,"CFrame":[0.24715213477611543,-0.09213736653327942,-0.019170522689819337,0.8817247152328491,-0.24465182423591615,0.4033695161342621,0.041635021567344668,0.8920415043830872,0.4500315189361572,-0.4699234664440155,-0.3800097703933716,0.7967212796211243],"EasingStyle":"Linear","EasingDirection":"In"},"Head":{"Weight":1,"CFrame":[9.592622518539429e-8,1.257285475730896e-8,1.1920928955078126e-7,0.9434990286827087,-0.32719001173973086,0.05250098183751106,0.33096128702163699,0.9383359551429749,-0.09995163232088089,-0.016560377553105356,0.1116800457239151,0.9936062693595886],"EasingStyle":"Linear","EasingDirection":"In"},"Torso":{"Weight":1,"CFrame":[0.03298383578658104,-0.02064940705895424,-0.17020845413208009,0.8794427514076233,0.4755556881427765,-0.020674509927630426,-0.47596830129623415,0.8790836930274963,-0.02581171505153179,0.005899717099964619,0.03254033625125885,0.9994530081748962],"EasingStyle":"Linear","EasingDirection":"In"},"HumanoidRootPart":{"Weight":1,"CFrame":[0,0,0,1,0,0,0,1,0,0,0,1],"EasingStyle":"Linear","EasingDirection":"In"},"Right Arm":{"Weight":1,"CFrame":[0.1870846152305603,-0.579882800579071,-0.10001391172409058,-0.8065159320831299,-0.5379985570907593,0.24513202905654908,0.5729672312736511,-0.8134844303131104,0.09975758194923401,0.14574164152145387,0.22090856730937959,0.9643437266349793],"EasingStyle":"Linear","EasingDirection":"In"}}},{"Time":0.5666666626930237,"poses":{"Left Leg":{"Weight":1,"CFrame":[-0.6076581478118897,0.21108293533325196,-0.06727468967437744,0.9744740724563599,0.02910640835762024,-0.2226056456565857,-0.07916564494371414,0.9724162817001343,-0.21940726041793824,0.21007923781871797,0.23142939805984498,0.9498984813690186],"EasingStyle":"Linear","EasingDirection":"In"},"Right Leg":{"Weight":1,"CFrame":[0.5981364846229553,-0.2538578510284424,0.37707722187042239,0.6781118512153626,0.5642565488815308,-0.47093403339385989,-0.7349187135696411,0.5138933062553406,-0.4425024092197418,-0.007675014436244965,0.6461642384529114,0.7631598114967346],"EasingStyle":"Linear","EasingDirection":"In"},"Left Arm":{"Weight":1,"CFrame":[0.269010990858078,-0.07011941075325012,-0.0748833417892456,0.8408787846565247,-0.35078567266464236,0.4121556282043457,0.16188612580299378,0.8896783590316773,0.42692551016807558,-0.5164452791213989,-0.2922704517841339,0.8048989176750183],"EasingStyle":"Linear","EasingDirection":"In"},"Head":{"Weight":1,"CFrame":[9.685754776000977e-8,-1.210719347000122e-8,1.1920928955078126e-7,0.9369685053825378,-0.3469725549221039,0.041232235729694369,0.34907957911491396,0.9346924424171448,-0.06703358143568039,-0.015280643478035927,0.07720168679952622,0.9968984723091126],"EasingStyle":"Linear","EasingDirection":"In"},"Torso":{"Weight":1,"CFrame":[0.0037286505103111269,-0.04335545003414154,-0.20877504348754884,0.8702470064163208,0.4917364716529846,-0.02941795624792576,-0.49261441826820376,0.8685585856437683,-0.05419427901506424,-0.0010980884544551373,0.06165410950779915,0.9980970621109009],"EasingStyle":"Linear","EasingDirection":"In"},"HumanoidRootPart":{"Weight":1,"CFrame":[0,0,0,1,0,0,0,1,0,0,0,1],"EasingStyle":"Linear","EasingDirection":"In"},"Right Arm":{"Weight":1,"CFrame":[0.21918463706970216,-0.4496305584907532,-0.10377955436706543,-0.8830190896987915,-0.3920029103755951,0.2580913305282593,0.41926518082618716,-0.9059839844703674,0.05839328095316887,0.21093621850013734,0.15977104008197785,0.9643542766571045],"EasingStyle":"Linear","EasingDirection":"In"}}},{"Time":0.6000000238418579,"poses":{"Left Leg":{"Weight":1,"CFrame":[-0.396895170211792,0.03800731897354126,-0.035797119140625,0.9636207818984985,0.1953505277633667,-0.18240982294082642,-0.2408580780029297,0.9305399656295776,-0.2758311927318573,0.11585596203804016,0.30973154306411745,0.9437392354011536],"EasingStyle":"Linear","EasingDirection":"In"},"Right Leg":{"Weight":1,"CFrame":[0.5556338429450989,-0.3535975217819214,0.4255920648574829,0.6097980737686157,0.5732939839363098,-0.5472477674484253,-0.7896912693977356,0.38083767890930178,-0.48098915815353396,-0.06733562797307968,0.7254630923271179,0.6849592924118042],"EasingStyle":"Linear","EasingDirection":"In"},"Left Arm":{"Weight":1,"CFrame":[0.277364581823349,-0.058263540267944339,-0.09937012195587158,0.8187048435211182,-0.4042755365371704,0.40777888894081118,0.2290339171886444,0.8811244368553162,0.4137188792228699,-0.5265604257583618,-0.24531865119934083,0.813973605632782],"EasingStyle":"Linear","EasingDirection":"In"},"Head":{"Weight":1,"CFrame":[8.940696716308594e-8,0,-2.980232238769531e-7,0.9345274567604065,-0.3547014594078064,0.02907516248524189,0.3555774986743927,0.9340117573738098,-0.03444761410355568,-0.0149379288777709,0.04253072291612625,0.9989835023880005],"EasingStyle":"Linear","EasingDirection":"In"},"Torso":{"Weight":1,"CFrame":[-0.025872834026813508,-0.05591486394405365,-0.24904417991638184,0.8685279488563538,0.49447280168533327,-0.033998042345047,-0.4956136643886566,0.8657262921333313,-0.06989353895187378,-0.005127448122948408,0.07755438983440399,0.9969749450683594],"EasingStyle":"Linear","EasingDirection":"In"},"HumanoidRootPart":{"Weight":1,"CFrame":[0,0,0,1,0,0,0,1,0,0,0,1],"EasingStyle":"Linear","EasingDirection":"In"},"Right Arm":{"Weight":1,"CFrame":[0.246797114610672,-0.37840765714645388,-0.10481297969818115,-0.905255913734436,-0.3333640694618225,0.2634012699127197,0.35430070757865908,-0.9344773888587952,0.034972138702869418,0.23448409140110017,0.12498190253973007,0.9640522599220276],"EasingStyle":"Linear","EasingDirection":"In"}}},{"Time":0.6333333253860474,"poses":{"Left Leg":{"Weight":1,"CFrame":[-0.4570823907852173,0.08375471830368042,-0.030035078525543214,0.9741458892822266,0.14715661108493806,-0.1714199185371399,-0.19069929420948029,0.9424408078193665,-0.2746618390083313,0.12113480269908905,0.3002503514289856,0.9461374878883362],"EasingStyle":"Linear","EasingDirection":"In"},"Right Leg":{"Weight":1,"CFrame":[0.531688928604126,-0.3711937665939331,0.39611613750457766,0.6150935888290405,0.5646145939826965,-0.5503364205360413,-0.7870646119117737,0.3982725143432617,-0.47107166051864626