{"Sequence":[{"Time":0,"poses":{"Left Leg":{"Weight":1,"CFrame":[-0.6738281846046448,0.4460552930831909,0.1314864158630371,0.9152475595474243,-0.34187790751457217,0.21317002177238465,0.3363996148109436,0.9396342635154724,0.06263162195682526,-0.22171427309513093,0.014386860653758049,0.975005567073822],"EasingStyle":"Linear","EasingDirection":"In"},"Head":{"Weight":1,"CFrame":[8.742278367890322e-8,-2.9802322387695315e-8,1.1920928955078126e-7,1,-7.044402394740246e-8,8.715235111367292e-8,6.337636904163446e-8,0.9969066381454468,0.07859499007463455,-9.241929177505881e-8,-0.07859498262405396,0.9969066381454468],"EasingStyle":"Linear","EasingDirection":"In"},"Right Arm":{"Weight":1,"CFrame":[0.25561293959617617,-0.9853220582008362,0.16235315799713136,-0.2801274061203003,-0.9548694491386414,-0.0987575501203537,0.46080461144447329,-0.22400319576263429,0.8587675094604492,-0.8421328663825989,0.19505620002746583,0.502757728099823],"EasingStyle":"Linear","EasingDirection":"In"},"Left Arm":{"Weight":1,"CFrame":[-0.2885552644729614,-0.9621732234954834,0.25017333030700686,-0.2730754613876343,0.9562095999717712,0.10532324761152268,-0.5435926914215088,-0.2437085211277008,0.8031894564628601,0.7936855554580689,0.162078395485878,0.5863392353057861],"EasingStyle":"Linear","EasingDirection":"In"},"handle":{"Weight":1,"CFrame":[4.470348358154297e-7,2.384185791015625e-7,2.9802322387695315e-8,1,-2.0489094865183689e-8,-1.5553088417163964e-7,2.831219205745583e-7,1,-5.2154067731180478e-8,1.08033368917404e-7,1.3038514623531229e-7,1],"EasingStyle":"Linear","EasingDirection":"In"},"Torso":{"Weight":1,"CFrame":[0,-0.11200615763664246,-0.5129475593566895,1,0,-8.742277657347586e-8,-1.2239863345087088e-8,0.9901503920555115,-0.14000771939754487,8.656169825371762e-8,0.14000771939754487,0.9901503920555115],"EasingStyle":"Linear","EasingDirection":"In"},"HumanoidRootPart":{"Weight":0,"CFrame":[0,0,0,1,0,0,0,1,0,0,0,1],"EasingStyle":"Linear","EasingDirection":"In"},"Right Leg":{"Weight":1,"CFrame":[0.7365344762802124,0.43118828535079958,0.07273411750793457,0.9288755059242249,0.3510236144065857,-0.1182059571146965,-0.3482770621776581,0.9363664984703064,0.043828465044498447,0.12606899440288545,0.00045718057663179934,0.992021381855011],"EasingStyle":"Linear","EasingDirection":"In"}}},{"Time":0.03333333507180214,"poses":{"Left Leg":{"Weight":1,"CFrame":[-0.5882833003997803,0.31885457038879397,0.12454533576965332,0.9319688081741333,-0.29158511757850649,0.21543507277965547,0.28631067276000979,0.9564979672431946,0.05601656064391136,-0.2223968207836151,0.009475651197135449,0.9749101996421814],"EasingStyle":"Linear","EasingDirection":"In"},"Head":{"Weight":1,"CFrame":[8.742276236262114e-8,1.4901161193847657e-8,-1.1920928955078126e-7,1,-6.974265431836102e-8,8.720481048385409e-8,6.341451808111742e-8,0.9975066781044006,0.07057225704193115,-9.190927841018493e-8,-0.07057225704193115,0.9975066781044006],"EasingStyle":"Linear","EasingDirection":"In"},"Right Arm":{"Weight":1,"CFrame":[0.26129069924354555,-0.947811484336853,0.1558976173400879,-0.3104264736175537,-0.9489467144012451,-0.05599597096443176,0.5049195289611816,-0.21450932323932649,0.8360872864723206,-0.8054139614105225,0.23127005994319917,0.5457311272621155],"EasingStyle":"Linear","EasingDirection":"In"},"Left Arm":{"Weight":1,"CFrame":[-0.2891635596752167,-0.9635867476463318,0.25017333030700686,-0.2772871255874634,0.954288899898529,0.11155523359775543,-0.5414563417434692,-0.25112414360046389,0.802347719669342,0.7936856746673584,0.16207841038703919,0.5863391160964966],"EasingStyle":"Linear","EasingDirection":"In"},"handle":{"Weight":1,"CFrame":[-2.980232238769531e-7,3.5762786865234377e-7,5.960464477539063e-8,0.9998232126235962,0.00047237795661203563,-0.01879820041358471,-0.010894786566495896,0.8293426632881165,-0.5586339831352234,0.015326294116675854,0.5587400794029236,0.8292012810707092],"EasingStyle":"Linear","EasingDirection":"In"},"Torso":{"Weight":1,"CFrame":[0,-0.10685360431671143,-0.34137749671936037,1,0,-8.742277657347586e-8,-1.1676797306847675e-8,0.9910398125648499,-0.1335669904947281,8.663945294529185e-8,0.1335669904947281,0.9910398125648499],"EasingStyle":"Linear","EasingDirection":"In"},"HumanoidRootPart":{"Weight":0,"CFrame":[0,0,0,1,0,0,0,1,0,0,0,1],"EasingStyle":"Linear","EasingDirection":"In"},"Right Leg":{"Weight":1,"CFrame":[0.6623950004577637,0.3049108386039734,0.0725630521774292,0.940011739730835,0.3189485967159271,-0.12103606760501862,-0.3163922429084778,0.9477719068527222,0.0403030589222908,0.1275692731142044,0.00040952570270746946,0.9918295741081238],"EasingStyle":"Linear","EasingDirection":"In"}}},{"Time":0.06666667014360428,"poses":{"Left Leg":{"Weight":1,"CFrame":[-0.20270341634750367,0.0910993218421936,0.056101202964782718,0.9710966348648071,-0.07913511246442795,0.22518637776374818,0.06964581459760666,0.9963285326957703,0.04978850111365318,-0.22829967737197877,-0.03266619145870209,0.9730427265167236],"EasingStyle":"Linear","EasingDirection":"In"},"Head":{"Weight":1,"CFrame":[8.742279788975793e-8,1.4901161193847657e-8,2.384185791015625e-7,1,-6.78906957318759e-8,8.731608858170148e-8,6.349544179329314e-8,0.9987796545028687,0.04938843473792076,-9.056255834138938e-8,-0.04938843473792076,0.9987796545028687],"EasingStyle":"Linear","EasingDirection":"In"},"Right Arm":{"Weight":1,"CFrame":[0.27593329548835757,-0.8506682515144348,0.13878726959228517,-0.36991241574287417,-0.9284746050834656,0.033163949847221377,0.6117702126502991,-0.2165592759847641,0.760814905166626,-0.699215292930603,0.3017234206199646,0.6481209993362427],"EasingStyle":"Linear","EasingDirection":"In"},"Left Arm":{"Weight":1,"CFrame":[-0.28978094458580019,-0.9646340012550354,0.25017333030700686,-0.28702548146247866,0.9495955109596252,0.1260347068309784,-0.5363577008247376,-0.2683262825012207,0.8002009391784668,0.7936855554580689,0.1620783656835556,0.5863392949104309],"EasingStyle":"Linear","EasingDirection":"In"},"handle":{"Weight":1,"CFrame":[1.7881393432617188e-7,1.1920928955078126e-7,-8.940696716308594e-8,0.9988209009170532,-0.024175181984901429,-0.04210011661052704,-0.034745581448078158,0.24966812133789063,-0.9677079319953919,0.03390590846538544,0.9680296182632446,0.2485336810350418],"EasingStyle":"Linear","EasingDirection":"In"},"Torso":{"Weight":1,"CFrame":[0,-0.0932430624961853,0.020992755889892579,1,0,-8.742277657347586e-8,-1.0189460830645203e-8,0.9931843876838684,-0.11655384302139282,8.682693675154951e-8,0.11655384302139282,0.9931843876838684],"EasingStyle":"Linear","EasingDirection":"In"},"HumanoidRootPart":{"Weight":0,"CFrame":[0,0,0,1,0,0,0,1,0,0,0,1],"EasingStyle":"Linear","EasingDirection":"In"},"Right Leg":{"Weight":1,"CFrame":[0.33325278759002688,0.09060078859329224,0.04532492160797119,0.9773895740509033,0.16602878272533418,-0.13093528151512147,-0.16247977316379548,0.9860023260116577,0.03741424158215523,0.13531436026096345,-0.015293940901756287,0.9906846880912781],"EasingStyle":"Linear","EasingDirection":"In"}}},{"Time":0.10000000149011612,"poses":{"Left Leg":{"Weight":1,"CFrame":[0.11687411367893219,0.02785170078277588,-0.014628767967224121,0.9682542681694031,0.06055070459842682,0.2425227165222168,-0.07603691518306732,0.9955867528915405,0.05500339716672897,-0.238121896982193,-0.0716979131102562,0.9685852527618408],"EasingStyle":"Linear","EasingDirection":"In"},"Head":{"Weight":1,"CFrame":[8.742279788975793e-8,0,1.1920928955078126e-7,1,-6.526722984290245e-8,8.740637014170716e-8,6.35610746257953e-8,0.9998121857643127,0.01937938667833805,-8.865477241215558e-8,-0.01937938667833805,0.9998121857643127],"EasingStyle":"Linear","EasingDirection":"In"},"Right Arm":{"Weight":1,"CFrame":[0.29595470428466799,-0.7169739603996277,0.11440682411193848,-0.40064629912376406,-0.909162700176239,0.11360346525907517,0.746307909488678,-0.2518966495990753,0.616094708442688,-0.5315138697624207,0.33161911368370058,0.7794367074966431],"EasingStyle":"Linear","EasingDirection":"In"},"Left Arm":{"Weight":1,"CFrame":[-0.29025980830192568,-0.965285062789917,0.25017333030700686,-0.2979832589626312,0.9438828825950623,0.14244666695594788,-0.5303479433059692,-0.28777721524238589,0.7974430322647095,0.7936857342720032,0.16207832098007203,0.5863391160964966],"EasingStyle":"Linear","EasingDirection":"In"},"handle":{"Weight":1,"CFrame":[1.4901161193847657e-7,0,-1.1920928955078126e-7,0.9979318380355835,-0.05663347989320755,-0.030408406630158426,-0.04705245420336723,-0.32126370072364809,-0.9458200931549072,0.043796222656965259,0.9452947974205017,-0.32326415181159975],"EasingStyle":"Linear","EasingDirection":"In"},"Torso":{"Weight":1,"CFrame":[0,-0.07394483685493469,0.34559130668640139,1,0,-8.742277657347586e-8,-8.080579760871842e-9,0.9957190752029419,-0.09243106096982956,8.704852660912366e-8,0.09243106096982956,0.9957190752029419],"EasingStyle":"Linear","EasingDirection":"In"},"HumanoidRootPart":{"Weight":0,"CFrame":[0,0,0,1,0,0,0,1,0,0,0,1],"EasingStyle":"Linear","EasingDirection":"In"},"Right Leg":{"Weight":1,"CFrame":[-0.06928333640098572,0.021109580993652345,-0.005253493785858154,0.9890753030776978,0.0029628199990838768,-0.14738111197948457,0.003291962668299675,0.9991046786308289,0.04217780753970146,0.14737418293952943,-0.04220225289463997,0.9881800413131714],"EasingStyle":"Linear","EasingDirection":"In"}}},{"Time":0.13333334028720857,"poses":{"Left Leg":{"Weight":1,"CFrame":[0.12711414694786073,0.03744149208068848,-0.017858564853668214,0.9648103713989258,0.0037933215498924257,0.26291921734809878,-0.024263320490717889,0.9969143271446228,0.07465356588363648,-0.2618247866630554,-0.07840584218502045,0.9619253277778626],"EasingStyle":"Linear","EasingDirection":"In"},"Head":{"Weight":1,"CFrame":[8.742278367890322e-8,0,3.5762786865234377e-7,1,-6.225648974123033e-8,8.7412864502312e-8,6.356582105127018e-8,0.9998865723609924,-0.015059374272823334,-8.646540550216742e-8,0.015059374272823334,0.9998865723609924],"EasingStyle":"Linear","EasingDirection":"In"},"Right Arm":{"Weight":1,"CFrame":[0.3177691102027893,-0.5698118209838867,0.08614099025726319,-0.3741392493247986,-0.9214080572128296,0.10500994324684143,0.8683589696884155,-0.3083292543888092,0.38844022154808047,-0.32553428411483767,0.23651699721813203,0.9154709577560425],"EasingStyle":"Linear","EasingDirection":"In"},"Left Arm":{"Weight":1,"CFrame":[-0.29045218229293826,-0.9655086994171143,0.25017333030700686,-0.3060011863708496,0.9394047856330872,0.15453746914863587,-0.5257627964019775,-0.3020747900009155,0.7951883673667908,0.7936855554580689,0.16207851469516755,0.5863392353057861],"EasingStyle":"Linear","EasingDirection":"In"},"handle":{"Weight":1,"CFrame":[5.960464477539063e-8,3.5762786865234377e-7,-2.086162567138672e-7,0.9970170259475708,-0.07715341448783875,0.0020960981491953136,-0.06332910060882569,-0.8332901000976563,-0.5491965413093567,0.04411923885345459,0.5474258065223694,-0.8356906175613403],"EasingStyle":"Linear","EasingDirection":"In"},"Torso":{"Weight":1,"CFrame":[0,-0.051761969923973086,0.5324287414550781,1,0,-8.742277657347586e-8,-5.656469070913772e-9,0.9979045987129211,-0.06470246613025665,8.723959155076955e-8,0.06470246613025665,0.9979045987129211],"EasingStyle":"Linear","EasingDirection":"In"},"HumanoidRootPart":{"Weight":0,"CFrame":[0,0,0,1,0,0,0,1,0,0,0,1],"EasingStyle":"Linear","EasingDirection":"In"},"Right Leg":{"Weight":1,"CFrame":[-0.07919706404209137,0.027794361114501954,-0.007074892520904541,0.9823084473609924,0.08447578549385071,-0.16713453829288484,-0.07604075968265534,0.9955167174339294,0.05625186115503311,0.17113721370697022,-0.04254767671227455,0.9843280911445618],"EasingStyle":"Linear","EasingDirection":"In"}}},{"Time":0.1666666716337204,"poses":{"Left Leg":{"Weight":1,"CFrame":[-0.3801225423812866,0.1126970648765564,0.12245380878448487,0.8890213966369629,-0.362771213054657,0.2793528735637665,0.3452782928943634,0.9318748712539673,0.1113201156258583,-0.3007056415081024,-0.002511467318981886,0.9537137150764465],"EasingStyle":"Linear","EasingDirection":"In"},"Head":{"Weight":1,"CFrame":[8.742277657347586e-8,-7.450580596923828e-9,-4.76837158203125e-7,1,-5.924731993900423e-8,8.731569778319681e-8,6.349515047077148e-8,0.9987751245498657,-0.04948029667139053,-8.427715414427439e-8,0.04948029667139053,0.9987751245498657],"EasingStyle":"Linear","EasingDirection":"In"},"Right Arm":{"Weight":1,"CFrame":[0.33779051899909975,-0.432264506816864,0.05737447738647461,-0.26136675477027895,-0.9644491672515869,-0.03905540332198143,0.9616467952728272,-0.26366838812828066,0.07559378445148468,-0.08320404589176178,-0.017799854278564454,0.9963735342025757],"EasingStyle":"Linear","EasingDirection":"In"},"Left Arm":{"Weight":1,"CFrame":[-0.28991442918777468,-0.9646082520484924,0.25017333030700686,-0.30943572521209719,0.9374076128005981,0.15973876416683198,-0.5237485766410828,-0.30821672081947329,0.7941598892211914,0.7936856746673584,0.16207848489284516,0.5863391160964966],"EasingStyle":"Linear","EasingDirection":"In"},"handle":{"Weight":1,"CFrame":[0,4.76837158203125e-7,-4.172325134277344e-7,0.9993007183074951,-0.029696281999349595,0.02271862141788006,-0.03732876852154732,-0.8271628022193909,0.5607209801673889,0.002140477066859603,-0.5611771941184998,-0.8276931047439575],"EasingStyle":"Linear","EasingDirection":"In"},"Torso":{"Weight":1,"CFrame":[0,-0.02953902631998062,0.6458265781402588,1,0,-8.742277657347586e-8,-3.2279801054357905e-9,0.9993180632591248,-0.036923788487911227,8.736316203794559e-8,0.036923788487911227,0.9993180632591248],"EasingStyle":"Linear","EasingDirection":"In"},"HumanoidRootPart":{"Weight":0,"CFrame":[0,0,0,1,0,0,0,1,0,0,0,1],"EasingStyle":"Linear","EasingDirection":"In"},"Right Leg":{"Weight":1,"CFrame":[0.2638571560382843,0.0145643949508667,0.05957138538360596,0.9107688665390015,0.36846643686294558,-0.18636645376682282,-0.36017605662345889,0.9296334981918335,0.0778125673532486,0.20192387700080872,-0.003744614776223898,0.9793940782546997],"EasingStyle":"Linear","EasingDirection":"In"}}},{"Time":0.20000000298023225,"poses":{"Left Leg":{"Weight":1,"CFrame":[-0.7409937977790833,0.2828747034072876,0.19732224941253663,0.727323055267334,-0.6261360049247742,0.28098925948143008,0.601038932800293,0.778775155544281,0.1796143800020218,-0.33129051327705386,0.038247812539339069,0.942753255367279],"EasingStyle":"Linear","EasingDirection":"In"},"Head":{"Weight":1,"CFrame":[8.742277657347586e-8,0,0,1,-5.662775848236379e-8,8.714645360896611e-8,6.337208446893783e-8,0.9968392848968506,-0.07944464683532715,-8.237223880769307e-8,0.07944464683532715,0.9968392848968506],"EasingStyle":"Linear","EasingDirection":"In"},"Right Arm":{"Weight":1,"CFrame":[0.35243308544158938,-0.3274136483669281,0.031491994857788089,-0.10020424425601959,-0.9672245383262634,-0.23331481218338014,0.9826018214225769,-0.059345245361328128,-0.17598803341388703,0.1563737541437149,-0.2468903809785843,0.9563432335853577],"EasingStyle":"Linear","EasingDirection":"In"},"Left Arm":{"Weight":1,"CFrame":[-0.288622111082077,-0.9625478982925415,0.25017333030700686,-0.31613779067993166,0.9333711862564087,0.1699264496564865,-0.519730806350708,-0.3202323615550995,0.7920424938201904,0.7936855554580689,0.16207849979400636,0.5863392353057861],"EasingStyle":"Linear","EasingDirection":"In"},"handle":{"Weight":1,"CFrame":[2.682209014892578e-7,2.384185791015625e-7,5.662441253662109e-7,0.9999582767486572,0.006029665004462004,-0.006857888773083687,0.006480022799223661,0.06061270460486412,0.9981403350830078,0.006433926057070494,-0.9981431365013123,0.060571298003196719],"EasingStyle":"Linear","EasingDirection":"In"},"Torso":{"Weight":1,"CFrame":[0,-0.010140527039766312,0.7039585113525391,1,0,-8.742277657347586e-8,-1.1081414674762869e-9,0.9999196529388428,-0.012675660662353039,8.741574930581919e-8,0.012675660662353039,0.9999196529388428],"EasingStyle":"Linear","EasingDirection":"In"},"HumanoidRootPart":{"Weight":0,"CFrame":[0,0,0,1,0,0,0,1,0,0,0,1],"EasingStyle":"Linear","EasingDirection":"In"},"Right Leg":{"Weight":1,"CFrame":[0.6123132109642029,0.034039974212646487,0.13678109645843507,0.7548149824142456,0.624119222164154,-0.20181557536125184,-0.6163418292999268,0.7801256775856018,0.10736206918954849,0.22444835305213929,0.04334884509444237,0.97352135181427],"EasingStyle":"Linear","EasingDirection":"In"}}},{"Time":0.23333333432674409,"poses":{"Left Leg":{"Weight":1,"CFrame":[-0.9112967848777771,0.5325769782066345,0.12466108798980713,0.6139745712280273,-0.7471891045570374,0.2544477880001068,0.6872060894966126,0.6645906567573547,0.2933717370033264,-0.3883078992366791,-0.005264654755592346,0.9215146899223328],"EasingStyle":"Linear","EasingDirection":"In"},"Head":{"Weight":1,"CFrame":[8.742281210061265e-8,9.313225746154786e-10,0,1,-5.4779999203447008e-8,8.697944764435306e-8,6.325063850454171e-8,0.9949288964271545,-0.10058048367500305,-8.102857407266129e-8,0.10058048367500305,0.9949288964271545],"EasingStyle":"Linear","EasingDirection":"In"},"Right Arm":{"Weight":1,"CFrame":[0.35811078548431399,-0.27834266424179079,0.011878132820129395,0.06649668514728546,-0.9379750490188599,-0.34026607871055605,0.9583766460418701,0.15493795275688172,-0.2398093193769455,0.2776552140712738,-0.3101564943790436,0.9092361927032471],"EasingStyle":"Linear","EasingDirection":"In"},"Left Arm":{"Weight":1,"CFrame":[-0.2870567739009857,-0.9602909088134766,0.25017333030700686,-0.335977166891098,0.9203051924705505,0.20039352774620057,-0.5071314573287964,-0.356046199798584,0.7848877906799316,0.7936857342720032,0.16207849979400636,0.5863391757011414],"EasingStyle":"Linear","EasingDirection":"In"},"handle":{"Weight":1,"CFrame":[-5.960464477539063e-8,2.384185791015625e-7,-1.7881393432617188e-7,0.9999783039093018,0.0026753698475658895,-0.006019579712301493,0.003194081597030163,0.6023051738739014,0.7982593178749085,0.005760861560702324,-0.7982614636421204,0.6022838354110718],"EasingStyle":"Linear","EasingDirection":"In"},"Torso":{"Weight":1,"CFrame":[0,0.003577549010515213,0.7252545356750488,1,0,-8.742277657347586e-8,3.909491341769211e-10,0.9999899864196777,0.004471936728805304,8.742190260591087e-8,-0.004471936728805304,0.9999899864196777],"EasingStyle":"Linear","EasingDirection":"In"},"HumanoidRootPart":{"Weight":0,"CFrame":[0,0,0,1,0,0,0,1,0,0,0,1],"EasingStyle":"Linear","EasingDirection":"In"},"Right Leg":{"Weight":1,"CFrame":[0.7965410351753235,0.07659810781478882,0.18063580989837647,0.6174746751785278,0.7574473023414612,-0.2121288776397705,-0.7474536895751953,0.6490195393562317,0.1417267769575119,0.24502642452716828,0.07104373723268509,0.9669099450111389],"EasingStyle":"Linear","EasingDirection":"In"}}},{"Time":0.2666666805744171,"poses":{"Left Leg":{"Weight":1,"CFrame":[-0.936683177947998,0.7147595882415772,-0.013912558555603028,0.6064230799674988,-0.762350857257843,0.2259916365146637,0.66177898645401,0.6414555907249451,0.3880505859851837,-0.44079434871673586,-0.08576629310846329,0.8935012817382813],"EasingStyle":"Linear","EasingDirection":"In"},"Head":{"Weight":1,"CFrame":[8.742275525719379e-8,-1.862645149230957e-9,0,1,-5.4080530276223729e-8,8.690589936577453e-8,6.319715595282105e-8,0.9940875768661499,-0.10858151316642761,-8.051992494984006e-8,0.10858151316642761,0.9940875768661499],"EasingStyle":"Linear","EasingDirection":"In"},"Right Arm":{"Weight":1,"CFrame":[0.3563176989555359,-0.2653878331184387,-0.002734065055847168,0.2202998846769333,-0.9011452794075012,-0.37336981296539309,0.9320814609527588,0.3073210120201111,-0.19177600741386414,0.28756237030029299,-0.3057629466056824,0.9076436161994934],"EasingStyle":"Linear","EasingDirection":"In"},"Left Arm":{"Weight":1,"CFrame":[-0.28562623262405398,-0.9586149454116821,0.25017333030700686,-0.38078469038009646,0.8840380907058716,0.2710711658000946,-0.4744115471839905,-0.4384143650531769,0.7633652687072754,0.7936854958534241,0.16207849979400636,0.5863393545150757],"EasingStyle":"Linear","EasingDirection":"In"},"handle":{"Weight":1,"CFrame":[2.9802322387695315e-8,0,3.5762786865234377e-7,0.9999972581863403,0.0003040581941604614,-0.002321526873856783,0.0007224527653306723,0.9031415581703186,0.429342120885849,0.0022271715570241215,-0.42934274673461916,0.9031389355659485],"EasingStyle":"Linear","EasingDirection":"In"},"Torso":{"Weight":1,"CFrame":[0,0.008778879418969155,0.7282485961914063,1,0,-8.742277657347586e-8,9.593427163778757e-10,0.9999397993087769,0.01097360160201788,8.741751145180388e-8,-0.01097360160201788,0.9999397993087769],"EasingStyle":"Linear","EasingDirection":"In"},"HumanoidRootPart":{"Weight":0,"CFrame":[0,0,0,1,0,0,0,1,0,0,0,1],"EasingStyle":"Linear","EasingDirection":"In"},"Right Leg":{"Weight":1,"CFrame":[0.8523141741752625,0.10748076438903809,0.19984900951385499,0.5586764812469482,0.7988253831863403,-0.22306649386882783,-0.7864071130752564,0.5956626534461975,0.1635533571243286,0.26352301239967348,0.08404763787984848,0.9609847068786621],"EasingStyle":"Linear","EasingDirection":"In"}}},{"Time":0.30000001192092898,"poses":{"Left Leg":{"Weight":1,"CFrame":[-0.9159436225891113,0.6605950593948364,0.04899013042449951,0.610930860042572,-0.7496742606163025,0.25446441769599917,0.6568418145179749,0.6594100594520569,0.3657006323337555,-0.4419528543949127,-0.056274812668561938,0.8952714204788208],"EasingStyle":"Linear","EasingDirection":"In"},"Head":{"Weight":1,"CFrame":[8.742281210061265e-8,0,0,1,-5.4780002756160687e-8,8.697944764435306e-8,6.325063850454171e-8,0.9949288964271545,-0.10058047622442246,-8.102857407266129e-8,0.10058047622442246,0.9949288964271545],"EasingStyle":"Linear","EasingDirection":"In"},"Right Arm":{"Weight":1,"CFrame":[0.35113516449928286,-0.25346848368644717,-0.015923142433166505,0.33340534567832949,-0.8431054353713989,-0.42191702127456667,0.902162492275238,0.41525721549987795,-0.11689451336860657,0.2737584114074707,-0.34166452288627627,0.8990671038627625],"EasingStyle":"Linear","EasingDirection":"In"},"Left Arm":{"Weight":1,"CFrame":[-0.28444409370422366,-0.9575607776641846,0.25017333030700686,-0.4409836530685425,0.817236065864563,0.37102389335632326,-0.4190424978733063,-0.5530422925949097,0.7201024293899536,0.7936855554580689,0.1620786339044571,0.5863392949104309],"EasingStyle":"Linear","EasingDirection":"In"},"handle":{"Weight":1,"CFrame":[2.682209014892578e-7,0,-5.960464477539063e-8,1,-1.154840063577467e-7,-1.1175874448099421e-7,4.0233126696875845e-7,1,-1.3411049337719306e-7,7.450578465295621e-8,2.1606685152164574e-7,1],"EasingStyle":"Linear","EasingDirection":"In"},"Torso":{"Weight":1,"CFrame":[0,0.0035775424912571909,0.7250075340270996,1,0,-8.742277657347586e-8,3.909483847763795e-10,0.9999899864196777,0.004471928346902132,8.742190260591087e-8,-0.004471928346902132,0.9999899864196777],"EasingStyle":"Linear","EasingDirection":"In"},"HumanoidRootPart":{"Weight":0,"CFrame":[0,0,0,1,0,0,0,1,0,0,0,1],"EasingStyle":"Linear","EasingDirection":"In"},"Right Leg":{"Weight":1,"CFrame":[0.8097840547561646,0.11390173435211182,0.20727801322937013,0.597248911857605,0.7649548053741455,-0.24111811816692353,-0.7543690800666809,0.6378679871559143,0.1550859808921814,0.27243536710739138,0.08926708251237869,0.9580242037773132],"EasingStyle":"Linear","EasingDirection":"In"}}},{"Time":0.3333333432674408,"poses":{"Left Leg":{"Weight":1,"CFrame":[-0.8457530736923218,0.5455291271209717,0.15191853046417237,0.6532835960388184,-0.6955486536026001,0.2990529537200928,0.6293734908103943,0.7184597849845886,0.29614925384521487,-0.42084380984306338,-0.005253382958471775,0.9071179032325745],"EasingStyle":"Linear","EasingDirection":"In"},"Head":{"Weight":1,"CFrame":[8.742277657347586e-8,1.862645149230957e-9,2.384185791015625e-7,1,-5.662776203507747e-8,8.714645360896611e-8,6.337208446893783e-8,0.9968392848968506,-0.07944461703300476,-8.237223880769307e-8,0.07944461703300476,0.9968392848968506],"EasingStyle":"Linear","EasingDirection":"In"},"Right Arm":{"Weight":1,"CFrame":[0.3428577482700348,-0.2425420880317688,-0.027771472930908204,0.4069187343120575,-0.7819269299507141,-0.47223642468452456,0.8800023198127747,0.474206805229187,-0.02690517157316208,0.24497556686401368,-0.40462103486061098,0.8810611963272095],"EasingStyle":"Linear","EasingDirection":"In"},"Left Arm":{"Weight":1,"CFrame":[-0.2835503816604614,-0.956985354423523,0.25017333030700686,-0.4957274794578552,0.7309712171554565,0.46897265315055849,-0.35258692502975466,-0.6628813743591309,0.6605080962181091,0.7936855554580689,0.1620783656835556,0.5863392949104309],"EasingStyle":"Linear","EasingDirection":"In"},"handle":{"Weight":1,"CFrame":[-2.9802322387695315e-8,2.384185791015625e-7,-2.384185791015625e-7,0.9999675154685974,0.00026425186661072075,-0.00805301871150732,-0.003416260937228799,0.9190623164176941,-0.39409735798835757,0.007297184783965349,0.3941121995449066,0.919033408164978],"EasingStyle":"Linear","EasingDirection":"In"},"Torso":{"Weight":1,"CFrame":[0,-0.010140551254153252,0.7019836902618408,1,0,-8.742277657347586e-8,-1.108143909966941e-9,0.9999196529388428,-0.012675688602030278,8.741574930581919e-8,0.012675688602030278,0.9999196529388428],"EasingStyle":"Linear","EasingDirection":"In"},"HumanoidRootPart":{"Weight":0,"CFrame":[0,0,0,1,0,0,0,1,0,0,0,1],"EasingStyle":"Linear","EasingDirection":"In"},"Right Leg":{"Weight":1,"CFrame":[0.7138896584510803,0.11701011657714844,0.199670672416687,0.6915173530578613,0.6743760108947754,-0.258883535861969,-0.6677067279815674,0.7334866523742676,0.1271420568227768,0.2756292223930359,0.08493728935718537,0.957504153251648],"EasingStyle":"Linear","EasingDirection":"In"}}},{"Time":0.36666667461395266,"poses":{"Left Leg":{"Weight":1,"CFrame":[-0.7366772890090942,0.4250417947769165,0.19883513450622559,0.7353580594062805,-0.5959742665290833,0.32258832454681399,0.552861213684082,0.802875280380249,0.22301505506038667,-0.3919094502925873,0.014350652694702149,0.919891893863678],"EasingStyle":"Linear","EasingDirection":"In"},"Head":{"Weight":1,"CFrame":[8.742274815176643e-8,-2.2351741790771486e-8,-4.76837158203125e-7,1,-5.924732349171791e-8,8.731569067776945e-8,6.349515047077148e-8,0.9987751245498657,-0.04948027804493904,-8.427716124970175e-8,0.04948027804493904,0.9987751245498657],"EasingStyle":"Linear","EasingDirection":"In"},"Right Arm":{"Weight":1,"CFrame":[0.33178019523620608,-0.23256540298461915,-0.03836160898208618,0.438079297542572,-0.7368645668029785,-0.5148952007293701,0.8755202889442444,0.47962528467178347,0.05851371958851814,0.20384003221988679,-0.4764348566532135,0.8552538156509399],"EasingStyle":"Linear","EasingDirection":"In"},"Left Arm":{"Weight":1,"CFrame":[-0.28298476338386538,-0.9567460417747498,0.25017333030700686,-0.5318710207939148,0.6526994109153748,0.5395337343215942,-0.29525649547576907,-0.740077018737793,0.6042430400848389,0.7936856150627136,0.16207848489284516,0.5863392949104309],"EasingStyle":"Linear","EasingDirection":"In"},"handle":{"Weight":1,"CFrame":[-2.384185791015625e-7,-1.1920928955078126e-7,-1.1920928955078126e-7,0.999632716178894,-0.006013701669871807,-0.02642461098730564,-0.01533031091094017,0.6785671710968018,-0.7343783974647522,0.022347457706928254,0.7345137596130371,0.6782256960868836],"EasingStyle":"Linear","EasingDirection":"In"},"Torso":{"Weight":1,"CFrame":[0,-0.029539041221141816,0.6391618251800537,1,0,-8.742277657347586e-8,-3.227981659748025e-9,0.9993180632591248,-0.03692380711436272,8.736316203794559e-8,0.03692380711436272,0.9993180632591248],"EasingStyle":"Linear","EasingDirection":"In"},"HumanoidRootPart":{"Weight":0,"CFrame":[0,0,0,1,0,0,0,1,0,0,0,1],"EasingStyle":"Linear","EasingDirection":"In"},"Right Leg":{"Weight":1,"CFrame":[0.5820589661598206,0.10968083143234253,0.16726315021514893,0.8022358417510986,0.5373242497444153,-0.2601926624774933,-0.5333131551742554,0.8408811688423157,0.09217368811368942,0.2683183252811432,0.0648190900683403,0.961147129535675],"EasingStyle":"Linear","EasingDirection":"In"}}},{"Time":0.4000000059604645,"poses":{"Left Leg":{"Weight":1,"CFrame":[-0.6097795963287354,0.3231777548789978,0.18285906314849854,0.8280032277107239,-0.4641736149787903,0.31456881761550906,0.4335423409938812,0.8857437372207642,0.16582821309566499,-0.3556005358695984,-0.0009273554314859211,0.9346376061439514],"EasingStyle":"Linear","EasingDirection":"In"},"Head":{"Weight":1,"CFrame":[8.742278367890322e-8,0,1.1920928955078126e-7,1,-6.225648974123033e-8,8.7412864502312e-8,6.356582105127018e-8,0.9998865723609924,-0.01505938172340393,-8.646540550216742e-8,0.01505938172340393,0.9998865723609924],"EasingStyle":"Linear","EasingDirection":"In"},"Right Arm":{"Weight":1,"CFrame":[0.31819745898246767,-0.22349455952644349,-0.04777580499649048,0.4420579671859741,-0.7263573408126831,-0.5262981057167053,0.8872179388999939,0.44042620062828066,0.1373649388551712,0.13201935589313508,-0.5276644229888916,0.8391311764717102],"EasingStyle":"Linear","EasingDirection":"In"},"Left Arm":{"Weight":1,"CFrame":[-0.28278738260269167,-0.9566977024078369,0.25017333030700686,-0.5446234345436096,0.6187214255332947,0.5661880970001221,-0.2710138261318207,-0.7687095403671265,0.5793420672416687,0.7936856150627136,0.16207849979400636,0.5863393545150757],"EasingStyle":"Linear","EasingDirection":"In"},"handle":{"Weight":1,"CFrame":[-1.1920928955078126e-7,4.76837158203125e-7,-5.960464477539063e-8,0.9988209009170532,-0.024175230413675309,-0.04210006073117256,-0.034745652228593829,0.2496684491634369,-0.9677078127861023,0.03390577435493469,0.9680295586585999,0.24853406846523286],"EasingStyle":"Linear","EasingDirection":"In"},"Torso":{"Weight":1,"CFrame":[0,-0.051761969923973086,0.5166306495666504,1,0,-8.742277657347586e-8,-5.656468626824562e-9,0.9979045987129211,-0.06470245867967606,8.723959155076955e-8,0.06470245867967606,0.9979045987129211],"EasingStyle":"Linear","EasingDirection":"In"},"HumanoidRootPart":{"Weight":0,"CFrame":[0,0,0,1,0,0,0,1,0,0,0,1],"EasingStyle":"Linear","EasingDirection":"In"},"Right Leg":{"Weight":1,"CFrame":[0.4418357014656067,0.09648841619491577,0.11848938465118408,0.8954649567604065,0.3758608102798462,-0.2384766936302185,-0.37235012650489809,0.9260590076446533,0.06140121817588806,0.24392183125019074,0.033814143389463428,0.9692052006721497],"EasingStyle":"Linear","EasingDirection":"In"}}},{"Time":0.4333333373069763,"poses":{"Left Leg":{"Weight":1,"CFrame":[-0.5016918182373047,0.25572168827056887,0.14571654796600343,0.8972945809364319,-0.33478569984436037,0.2877168357372284,0.31281113624572756,0.9421167969703674,0.12068600952625275,-0.31146684288978579,-0.018289802595973016,0.9500809907913208],"EasingStyle":"Linear","EasingDirection":"In"},"Head":{"Weight":1,"CFrame":[8.742274104633907e-8,-1.4901161193847657e-8,-4.172325134277344e-7,1,-6.526723694832981e-8,8.740637014170716e-8,6.35610746257953e-8,0.9998121857643127,0.019379394128918649,-8.865477951758294e-8,-0.019379394128918649,0.9998121857643127],"EasingStyle":"Linear","EasingDirection":"In"},"Right Arm":{"Weight":1,"CFrame":[0.30240392684936526,-0.21528714895248414,-0.05609661340713501,0.4297211468219757,-0.7537031173706055,-0.4972637891769409,0.9027349948883057,0.37093624472618105,0.2178894579410553,0.02022908627986908,-0.5425291657447815,0.8397933840751648],"EasingStyle":"Linear","EasingDirection":"In"},"Left Arm":{"Weight":1,"CFrame":[-0.2834218144416809,-0.9572435617446899,0.25017333030700686,-0.5149946212768555,0.6920511722564697,0.5058118104934692,-0.3237956166267395,-0.703417181968689,0.6327406764030457,0.7936856746673584,0.1620783656835556,0.5863392353057861],"EasingStyle":"Linear","EasingDirection":"In"},"handle":{"Weight":1,"CFrame":[2.980232238769531e-7,0,-5.960464477539063e-8,0.9979700446128845,-0.055941592901945117,-0.030436120927333833,-0.04610920697450638,-0.30503278970718386,-0.9512248635292053,0.04392913728952408,0.9506974220275879,-0.3069932758808136],"EasingStyle":"Linear","EasingDirection":"In"},"Torso":{"Weight":1,"CFrame":[0,-0.07394485175609589,0.31473565101623537,1,0,-8.742277657347586e-8,-8.080580649050262e-9,0.9957190752029419,-0.09243106842041016,8.704852660912366e-8,0.09243106842041016,0.9957190752029419],"EasingStyle":"Linear","EasingDirection":"In"},"HumanoidRootPart":{"Weight":0,"CFrame":[0,0,0,1,0,0,0,1,0,0,0,1],"EasingStyle":"Linear","EasingDirection":"In"},"Right Leg":{"Weight":1,"CFrame":[0.37226468324661257,0.09907078742980957,0.08346927165985108,0.9466438293457031,0.2513517141342163,-0.201711967587471,-0.24809002876281739,0.9678382873535156,0.04171765595674515,0.20571042597293855,0.010550900362432003,0.9785560369491577],"EasingStyle":"Linear","EasingDirection":"In"}}},{"Time":0.46666666865348818,"poses":{"Left Leg":{"Weight":1,"CFrame":[-0.5324919819831848,0.2821936011314392,0.13372290134429933,0.9198513031005859,-0.2986556887626648,0.25431931018829348,0.28521111607551577,0.9543144106864929,0.0890989899635315,-0.26931050419807436,-0.009423128329217434,0.9630073308944702],"EasingStyle":"Linear","EasingDirection":"In"},"Head":{"Weight":1,"CFrame":[8.742274104633907e-8,1.4901161193847657e-8,-5.960464477539063e-8,1,-6.78906957318759e-8,8.731608858170148e-8,6.349544179329314e-8,0.9987796545028687,0.04938843473792076,-9.056255834138938e-8,-0.04938843473792076,0.9987796545028687],"EasingStyle":"Linear","EasingDirection":"In"},"Right Arm":{"Weight":1,"CFrame":[0.28469476103782656,-0.20789986848831178,-0.06340634822845459,0.38691478967666628,-0.81009441614151,-0.4405041038990021,0.9147350788116455,0.27687159180641177,0.2942819595336914,-0.11643316596746445,-0.5168066620826721,0.8481475114822388],"EasingStyle":"Linear","EasingDirection":"In"},"Left Arm":{"Weight":1,"CFrame":[-0.284960001707077,-0.9586095213890076,0.25017333030700686,-0.4309670329093933,0.8300654292106628,0.35391923785209658,-0.4293372929096222,-0.533593475818634,0.7286614775657654,0.7936856150627136,0.16207833588123322,0.5863391757011414],"EasingStyle":"Linear","EasingDirection":"In"},"handle":{"Weight":1,"CFrame":[1.1920928955078126e-7,4.76837158203125e-7,1.1920928955078126e-7,0.9970170259475708,-0.07715345174074173,0.0020960269030183555,-0.06332921981811524,-0.8332901000976563,-0.5491965413093567,0.04411923512816429,0.5474257469177246,-0.8356906175613403],"EasingStyle":"Linear","EasingDirection":"In"},"Torso":{"Weight":1,"CFrame":[0,-0.0932430624961853,-0.010091543197631836,1,0,-8.742277657347586e-8,-1.0189460830645203e-8,0.9931843876838684,-0.11655384302139282,8.682693675154951e-8,0.11655384302139282,0.9931843876838684],"EasingStyle":"Linear","EasingDirection":"In"},"HumanoidRootPart":{"Weight":0,"CFrame":[0,0,0,1,0,0,0,1,0,0,0,1],"EasingStyle":"Linear","EasingDirection":"In"},"Right Leg":{"Weight":1,"CFrame":[0.5205252170562744,0.1867852807044983,0.08541655540466309,0.9486551880836487,0.2719903886318207,-0.16147597134113313,-0.26978302001953127,0.9622527360916138,0.03587194159626961,0.16513754427433015,0.009533325210213662,0.9862244725227356],"EasingStyle":"Linear","EasingDirection":"In"}}},{"Time":0.5,"poses":{"Left Leg":{"Weight":1,"CFrame":[-0.6325597763061523,0.38295501470565798,0.1337583065032959,0.9178305864334106,-0.32670289278030398,0.22550439834594727,0.31920942664146426,0.945095419883728,0.06999960541725159,-0.23599222302436829,0.007735345046967268,0.9717241525650024],"EasingStyle":"Linear","EasingDirection":"In"},"Head":{"Weight":1,"CFrame":[8.742277657347586e-8,1.4901161193847657e-8,-1.1920928955078126e-7,1,-6.974266142378838e-8,8.720481048385409e-8,6.341452518654478e-8,0.9975066781044006,0.0705723762512207,-9.190928551561228e-8,-0.0705723762512207,0.9975066781044006],"EasingStyle":"Linear","EasingDirection":"In"},"Right Arm":{"Weight":1,"CFrame":[0.2653643786907196,-0.20128965377807618,-0.06978744268417359,0.29941093921661379,-0.880986213684082,-0.36635541915893557,0.9179515838623047,0.16125494241714478,0.3624385893344879,-0.260226845741272,-0.4448147118091583,0.8569842576980591],"EasingStyle":"Linear","EasingDirection":"In"},"Left Arm":{"Weight":1,"CFrame":[-0.28685376048088076,-0.9603886604309082,0.25017333030700686,-0.3257445991039276,0.9272570013999939,0.1846209466457367,-0.5137641429901123,-0.337527871131897,0.7887467741966248,0.7936856150627136,0.1620783656835556,0.5863391757011414],"EasingStyle":"Linear","EasingDirection":"In"},"handle":{"Weight":1,"CFrame":[-4.172325134277344e-7,0,-2.980232238769531e-7,0.9993228316307068,-0.03006659634411335,0.02121065743267536,-0.036626145243644717,-0.8680503964424133,0.49512308835983279,0.003525092266499996,-0.4955647885799408,-0.8685638904571533],"EasingStyle":"Linear","EasingDirection":"In"},"Torso":{"Weight":1,"CFrame":[0,-0.10685357451438904,-0.35349130630493166,1,0,-8.742277657347586e-8,-1.1676795530490836e-8,0.9910398125648499,-0.1335669755935669,8.663945294529185e-8,0.1335669755935669,0.9910398125648499],"EasingStyle":"Linear","EasingDirection":"In"},"HumanoidRootPart":{"Weight":0,"CFrame":[0,0,0,1,0,0,0,1,0,0,0,1],"EasingStyle":"Linear","EasingDirection":"In"},"Right Leg":{"Weight":1,"CFrame":[0.6844585537910461,0.34200066328048708,0.08097434043884278,0.934525728225708,0.33119910955429079,-0.13026413321495057,-0.32885226607322695,0.9435437917709351,0.03976549580693245,0.13608025014400483,0.005675745662301779,0.9906815886497498],"EasingStyle":"Linear","EasingDirection":"In"}}},{"Time":0.5333333611488342,"poses":{"Left Leg":{"Weight":1,"CFrame":[-0.6738281846046448,0.4460552930831909,0.1314864158630371,0.9152475595474243,-0.34187790751457217,0.21317002177238465,0.3363996148109436,0.9396342635154724,0.06263162195682526,-0.22171427309513093,0.014386860653758049,0.975005567073822],"EasingStyle":"Linear","EasingDirection":"In"},"Head":{"Weight":1,"CFrame":[8.742278367890322e-8,-2.9802322387695315e-8,1.1920928955078126e-7,1,-7.044402394740246e-8,8.715235111367292e-8,6.337636904163446e-8,0.9969066381454468,0.07859499007463455,-9.241929177505881e-8,-0.07859498262405396,0.9969066381454468],"EasingStyle":"Linear","EasingDirection":"In"},"Right Arm":{"Weight":1,"CFrame":[0.2447076439857483,-0.19541260600090028,-0.07532238960266113,0.16185428202152253,-0.9427211880683899,-0.29168465733528139,0.9030417203903198,0.022314557805657388,0.4289727807044983,-0.39789295196533205,-0.3328344523906708,0.8549283146858215],"EasingStyle":"Linear","EasingDirection":"In"},"Left Arm":{"Weight":1,"CFrame":[-0.2885552644729614,-0.9621732234954834,0.25017333030700686,-0.2730754613876343,0.9562095999717712,0.10532324761152268,-0.5435926914215088,-0.2437085211277008,0.8031894564628601,0.7936855554580689,0.162078395485878,0.5863392353057861],"EasingStyle":"Linear","EasingDirection":"In"},"handle":{"Weight":1,"CFrame":[1.1920928955078126e-7,1.1920928955078126e-7,-5.960464477539063e-8,0.9999582767486572,0.006029864307492971,-0.0068579684011638168,0.006479976233094931,0.0606127567589283,0.9981403350830078,0.006434006150811911,-0.9981431365013123,0.06057125702500343],"EasingStyle":"Linear","EasingDirection":"In"},"Torso":{"Weight":1,"CFrame":[0,-0.11200615763664246,-0.5129475593566895,1,0,-8.742277657347586e-8,-1.2239863345087088e-8,0.9901503920555115,-0.14000771939754487,8.656169825371762e-8,0.14000771939754487,0.9901503920555115],"EasingStyle":"Linear","EasingDirection":"In"},"HumanoidRootPart":{"Weight":0,"CFrame":[0,0,0,1,0,0,0,1,0,0,0,1],"EasingStyle":"Linear","EasingDirection":"In"},"Right Leg":{"Weight":1,"CFrame":[0.7365344762802124,0.43118828535079958,0.07273411750793457,0.9288755059242249,0.3510236144065857,-0.1182059571146965,-0.3482770621776581,0.9363664984703064,0.043828465044498447,0.12606899440288545,0.00045718057663179934,0.992021381855011],"EasingStyle":"Linear","EasingDirection":"In"}}},{"Time":0.5666666626930237,"poses":{"Left Leg":{"Weight":1,"CFrame":[-0.5882834196090698,0.31885457038879397,0.12454545497894287,0.9319688081741333,-0.2915852665901184,0.21543508768081666,0.28631076216697695,0.9564979076385498,0.05601658672094345,-0.22239680588245393,0.009475710801780224,0.9749101996421814],"EasingStyle":"Linear","EasingDirection":"In"},"Head":{"Weight":1,"CFrame":[8.742276236262114e-8,1.4901161193847657e-8,-1.1920928955078126e-7,1,-6.974265431836102e-8,8.720481048385409e-8,6.341451808111742e-8,0.9975066781044006,0.07057225704193115,-9.190927841018493e-8,-0.07057225704193115,0.9975066781044006],"EasingStyle":"Linear","EasingDirection":"In"},"Right Arm":{"Weight":1,"CFrame":[0.2230193316936493,-0.19022658467292787,-0.08009350299835205,-0.01032195985317