{"Sequence":[{"Time":0,"poses":{"Left Leg":{"Weight":1,"CFrame":[-0.20509204268455506,0.30311375856399538,0.028461575508117677,0.9438887238502502,-0.24777992069721223,0.21835583448410035,0.16982372105121613,0.931187093257904,0.3225686550140381,-0.2832561433315277,-0.26738688349723818,0.9210158586502075],"EasingStyle":"Linear","EasingDirection":"In"},"Right Arm":{"Weight":1,"CFrame":[-0.039485130459070209,-0.1595458984375,0.2105642557144165,0.7618128657341003,0.05819455906748772,-0.6451780200004578,0.12786142528057099,0.9628555178642273,0.23782499134540559,0.6350532174110413,-0.26367145776748659,0.7260748147964478],"EasingStyle":"Linear","EasingDirection":"In"},"Left Arm":{"Weight":1,"CFrame":[-0.1836204081773758,-0.21530532836914063,0.1835101842880249,-0.8532912731170654,0.4954047203063965,-0.16269055008888246,-0.519973874092102,-0.831761360168457,0.1944226175546646,-0.03900184854865074,0.25049394369125368,0.9673322439193726],"EasingStyle":"Linear","EasingDirection":"In"},"Head":{"Weight":1,"CFrame":[1.019798219203949e-7,-7.450580596923828e-9,2.384185791015625e-7,0.9579149484634399,0.154633566737175,-0.2418416291475296,-0.1597706824541092,0.9871527552604675,-0.0016529510030522943,0.23847907781600953,0.040222592651844028,0.9703143239021301],"EasingStyle":"Linear","EasingDirection":"In"},"Torso":{"Weight":1,"CFrame":[-7.99762744918553e-9,-5.211916544233062e-15,-0.14421319961547852,0.9783163070678711,-0.15867336094379426,0.13311651349067689,0.15463358163833619,0.9871527552604675,0.0402226597070694,-0.13778860867023469,-0.01876620203256607,0.9902838468551636],"EasingStyle":"Linear","EasingDirection":"In"},"HumanoidRootPart":{"Weight":0,"CFrame":[0,0,0,1,0,0,0,1,0,0,0,1],"EasingStyle":"Linear","EasingDirection":"In"},"Right Leg":{"Weight":1,"CFrame":[0.5850136280059815,0.03427910804748535,0.0001671314239501953,0.966452419757843,0.06294339150190354,0.24901381134986878,-0.06060146540403366,0.9980161190032959,-0.01706765405833721,-0.2495940923690796,0.0014044434064999223,0.9683495163917542],"EasingStyle":"Linear","EasingDirection":"In"}}},{"Time":0.03333333507180214,"poses":{"Left Leg":{"Weight":1,"CFrame":[-0.16358768939971925,0.27147698402404787,0.04028487205505371,0.9291502237319946,-0.2582515776157379,0.26454877853393557,0.16700506210327149,0.931594729423523,0.3228631019592285,-0.3298320174217224,-0.2558072805404663,0.9087207317352295],"EasingStyle":"Linear","EasingDirection":"In"},"Right Arm":{"Weight":1,"CFrame":[-0.037814367562532428,-0.15825828909873963,0.19013690948486329,0.7344045639038086,0.14622923731803895,-0.6627722978591919,0.032821156084537509,0.9677205681800842,0.24987925589084626,0.6779179573059082,-0.2052653729915619,0.7058988809585571],"EasingStyle":"Linear","EasingDirection":"In"},"Left Arm":{"Weight":1,"CFrame":[-0.18430432677268983,-0.2004387080669403,0.22542011737823487,-0.8846036791801453,0.44312843680381777,-0.14530520141124726,-0.4660379886627197,-0.8512943983078003,0.24105271697044373,-0.01688018999993801,0.28095388412475588,0.9595727920532227],"EasingStyle":"Linear","EasingDirection":"In"},"Head":{"Weight":1,"CFrame":[1.8486753106117249e-7,0,-4.172325134277344e-7,0.9650562405586243,0.10601400583982468,-0.23964042961597444,-0.11124237626791,0.9937581419944763,-0.008357815444469452,0.23725859820842744,0.034723926335573199,0.970825731754303],"EasingStyle":"Linear","EasingDirection":"In"},"Torso":{"Weight":1,"CFrame":[-1.2808680338594059e-8,-8.347196293000646e-15,-0.1123509407043457,0.9848892092704773,-0.10974911600351334,0.13397158682346345,0.10601399838924408,0.9937581419944763,0.034724000841379169,-0.13694629073143006,-0.01999642886221409,0.9903766512870789],"EasingStyle":"Linear","EasingDirection":"In"},"HumanoidRootPart":{"Weight":0,"CFrame":[0,0,0,1,0,0,0,1,0,0,0,1],"EasingStyle":"Linear","EasingDirection":"In"},"Right Leg":{"Weight":1,"CFrame":[0.5769051909446716,0.004634201526641846,0.0021619796752929689,0.9553298950195313,0.027505723759531976,0.2942587733268738,-0.02140924334526062,0.9994845986366272,-0.023919953033328058,-0.29476508498191836,0.016551563516259195,0.9554263949394226],"EasingStyle":"Linear","EasingDirection":"In"}}},{"Time":0.06666667014360428,"poses":{"Left Leg":{"Weight":1,"CFrame":[-0.13272947072982789,0.25232499837875368,0.04636251926422119,0.9199706315994263,-0.25657641887664797,0.2963486611843109,0.15820251405239106,0.9347392320632935,0.31817373633384707,-0.35864460468292239,-0.24582737684249879,0.9005237221717835],"EasingStyle":"Linear","EasingDirection":"In"},"Right Arm":{"Weight":1,"CFrame":[-0.03638182580471039,-0.15733498334884644,0.1683204174041748,0.7100911736488342,0.2084028720855713,-0.6725613474845886,-0.031992893666028979,0.9637570977210999,0.2648560106754303,0.7033824920654297,-0.16655467450618745,0.6910228133201599],"EasingStyle":"Linear","EasingDirection":"In"},"Left Arm":{"Weight":1,"CFrame":[-0.18623004853725434,-0.1815694272518158,0.2706022262573242,-0.9111473560333252,0.4022599756717682,-0.08942847698926926,-0.410653680562973,-0.8683074712753296,0.2782188355922699,0.03426486626267433,0.2902224659919739,0.9563455581665039],"EasingStyle":"Linear","EasingDirection":"In"},"Head":{"Weight":1,"CFrame":[2.4028122425079348e-7,-1.862645149230957e-9,-5.960464477539063e-8,0.9698957800865173,0.07437398284673691,-0.23188522458076478,-0.07839053869247437,0.9968894720077515,-0.008142063394188881,0.2305583655834198,0.026074562221765519,0.972709059715271],"EasingStyle":"Linear","EasingDirection":"In"},"Torso":{"Weight":1,"CFrame":[-1.5726861590792397e-8,-1.02489241729899e-14,-0.09302473068237305,0.9881165027618408,-0.07719600945711136,0.13291577994823457,0.07437398284673691,0.9968894720077515,0.02607463300228119,-0.1345151960849762,-0.015879297628998758,0.9907842874526978],"EasingStyle":"Linear","EasingDirection":"In"},"HumanoidRootPart":{"Weight":0,"CFrame":[0,0,0,1,0,0,0,1,0,0,0,1],"EasingStyle":"Linear","EasingDirection":"In"},"Right Leg":{"Weight":1,"CFrame":[0.5723690390586853,-0.010497808456420899,0.01062631607055664,0.946252703666687,-0.0022110065910965206,0.3234206438064575,0.011097457259893418,0.9996097683906555,-0.025634873658418657,-0.323237806558609,0.02784622646868229,0.9459080100059509],"EasingStyle":"Linear","EasingDirection":"In"}}},{"Time":0.10000000149011612,"poses":{"Left Leg":{"Weight":1,"CFrame":[-0.11223475635051727,0.24015051126480103,0.05120527744293213,0.9159566164016724,-0.2455856055021286,0.31735020875930788,0.14621512591838838,0.9407402276992798,0.3059885799884796,-0.37369048595428469,-0.23387086391448975,0.8975855708122253],"EasingStyle":"Linear","EasingDirection":"In"},"Right Arm":{"Weight":1,"CFrame":[-0.035169217735528949,-0.15671661496162415,0.14557898044586183,0.6913005709648132,0.2513161897659302,-0.677453875541687,-0.07456313818693161,0.9573714137077332,0.27907049655914309,0.7187098264694214,-0.14240843057632447,0.6805702447891235],"EasingStyle":"Linear","EasingDirection":"In"},"Left Arm":{"Weight":1,"CFrame":[-0.18920831382274629,-0.15970781445503236,0.3177374601364136,-0.930058479309082,0.36729681491851809,-0.00917786918580532,-0.35225802659988406,-0.8843210339546204,0.30641573667526247,0.10442931950092316,0.2882174849510193,0.9518535733222961],"EasingStyle":"Linear","EasingDirection":"In"},"Head":{"Weight":1,"CFrame":[1.125154085457325e-7,-2.3283064365386964e-9,-5.960464477539063e-8,0.9743175506591797,0.05626210942864418,-0.21803633868694306,-0.058029837906360629,0.9983133673667908,-0.001707390882074833,0.21757256984710694,0.014316154643893242,0.975939154624939],"EasingStyle":"Linear","EasingDirection":"In"},"Torso":{"Weight":1,"CFrame":[-1.722538556236941e-8,-1.122548793963717e-14,-0.08310079574584961,0.990041971206665,-0.05763772502541542,0.12843185663223267,0.05626210942864418,0.9983133673667908,0.014316225424408913,-0.1290404051542282,-0.00694781681522727,0.9916149973869324],"EasingStyle":"Linear","EasingDirection":"In"},"HumanoidRootPart":{"Weight":0,"CFrame":[0,0,0,1,0,0,0,1,0,0,0,1],"EasingStyle":"Linear","EasingDirection":"In"},"Right Leg":{"Weight":1,"CFrame":[0.5718573927879334,-0.0109710693359375,0.022632479667663575,0.9399662613868713,-0.028053998947143556,0.3401124179363251,0.03722025454044342,0.9990977048873901,-0.020455289632081987,-0.33923161029815676,0.03188634663820267,0.9401623010635376],"EasingStyle":"Linear","EasingDirection":"In"}}},{"Time":0.13333334028720857,"poses":{"Left Leg":{"Weight":1,"CFrame":[-0.09864818304777146,0.22974389791488648,0.05760478973388672,0.9161122441291809,-0.22648297250270844,0.3308229446411133,0.13226322829723359,0.9496883153915405,0.2838989198207855,-0.37847691774368288,-0.21632757782936097,0.8999764323234558],"EasingStyle":"Linear","EasingDirection":"In"},"Right Arm":{"Weight":1,"CFrame":[-0.03415818512439728,-0.1563415229320526,0.12237715721130371,0.6774222254753113,0.2803565561771393,-0.6800730228424072,-0.1028796061873436,0.9515445828437805,0.28979068994522097,0.7283645868301392,-0.1263449788093567,0.6734403967857361],"EasingStyle":"Linear","EasingDirection":"In"},"Left Arm":{"Weight":1,"CFrame":[-0.1930498480796814,-0.13586148619651795,0.3655083179473877,-0.9395886659622192,0.33259180188179018,0.08096791058778763,-0.2901071012020111,-0.8992619514465332,0.3273618519306183,0.18168920278549195,0.2840960919857025,0.9414235949516296],"EasingStyle":"Linear","EasingDirection":"In"},"Head":{"Weight":1,"CFrame":[1.5501973393838853e-7,-2.0954757928848268e-9,2.384185791015625e-7,0.9791753888130188,0.04801665246486664,-0.19725622236728669,-0.04696203023195267,0.9988464117050171,0.01002346258610487,0.19750994443893434,-0.000551174278371036,0.9803007245063782],"EasingStyle":"Linear","EasingDirection":"In"},"Torso":{"Weight":1,"CFrame":[-1.777747371534133e-8,-1.1585272807279959e-14,-0.07944440841674805,0.9917470812797546,-0.04760969430208206,0.1190420389175415,0.04801664873957634,0.9988464117050171,-0.0005511040217243135,-0.11887846887111664,0.006262555252760649,0.9928890466690064],"EasingStyle":"Linear","EasingDirection":"In"},"HumanoidRootPart":{"Weight":0,"CFrame":[0,0,0,1,0,0,0,1,0,0,0,1],"EasingStyle":"Linear","EasingDirection":"In"},"Right Leg":{"Weight":1,"CFrame":[0.5743860006332398,0.0030368566513061525,0.0360790491104126,0.9361858367919922,-0.05217238515615463,0.34761208295822146,0.05799436196684837,0.9982966780662537,-0.006357615813612938,-0.34668830037117007,0.026111453771591188,0.9376168847084045],"EasingStyle":"Linear","EasingDirection":"In"}}},{"Time":0.1666666716337204,"poses":{"Left Leg":{"Weight":1,"CFrame":[-0.08730049431324005,0.21557611227035523,0.06719040870666504,0.9191030263900757,-0.19974522292613984,0.33963432908058169,0.1167457178235054,0.9613267183303833,0.24944210052490235,-0.37632444500923159,-0.18961213529109956,0.9068776965141296],"EasingStyle":"Linear","EasingDirection":"In"},"Right Arm":{"Weight":1,"CFrame":[-0.03333043307065964,-0.15614914894104005,0.09917986392974854,0.6662248373031616,0.2999770939350128,-0.6827577948570252,-0.12458661198616028,0.947434663772583,0.29469603300094607,0.7352704405784607,-0.11127136647701264,0.6685776710510254],"EasingStyle":"Linear","EasingDirection":"In"},"Left Arm":{"Weight":1,"CFrame":[-0.1975654661655426,-0.11104166507720947,0.41259586811065676,-0.9412970542907715,0.2936999499797821,0.16643382608890534,-0.223654106259346,-0.9118630886077881,0.34421586990356448,0.252860963344574,0.28678566217422488,0.9240212440490723],"EasingStyle":"Linear","EasingDirection":"In"},"Head":{"Weight":1,"CFrame":[1.708976924419403e-7,-7.450580596923828e-9,-5.960464477539063e-8,0.9846256971359253,0.04584706574678421,-0.1685534417629242,-0.04204441234469414,0.9987757802009583,0.02606246806681156,0.16954198479652406,-0.018575040623545648,0.9853479266166687],"EasingStyle":"Linear","EasingDirection":"In"},"Torso":{"Weight":1,"CFrame":[-1.78563439590107e-8,-1.1636672460585245e-14,-0.07892179489135742,0.993695855140686,-0.043693773448467258,0.10324423015117645,0.04584706947207451,0.9987757802009583,-0.018574973568320276,-0.10230623185634613,0.023191317915916444,0.9944825768470764],"EasingStyle":"Linear","EasingDirection":"In"},"HumanoidRootPart":{"Weight":0,"CFrame":[0,0,0,1,0,0,0,1,0,0,0,1],"EasingStyle":"Linear","EasingDirection":"In"},"Right Leg":{"Weight":1,"CFrame":[0.5788257718086243,0.03096669912338257,0.04859292507171631,0.9340418577194214,-0.07649242877960205,0.34887632727622988,0.07452983409166336,0.9970365166664124,0.019066262990236284,-0.3493008315563202,0.008193016983568669,0.936974823474884],"EasingStyle":"Linear","EasingDirection":"In"}}},{"Time":0.20000000298023225,"poses":{"Left Leg":{"Weight":1,"CFrame":[-0.07308408617973328,0.18855750560760499,0.08205044269561768,0.9232109785079956,-0.16614994406700135,0.3465193510055542,0.10211925208568573,0.975353479385376,0.1955946683883667,-0.37047693133354189,-0.1451888382434845,0.9174241423606873],"EasingStyle":"Linear","EasingDirection":"In"},"Right Arm":{"Weight":1,"CFrame":[-0.0326676145195961,-0.15607833862304688,0.07645177841186524,0.6546199917793274,0.31403255462646487,-0.6876453757286072,-0.1471034437417984,0.9451624751091003,0.291596382856369,0.7415074110031128,-0.08972980082035065,0.664917528629303],"EasingStyle":"Linear","EasingDirection":"In"},"Left Arm":{"Weight":1,"CFrame":[-0.20256584882736207,-0.0862562358379364,0.4576822519302368,-0.9402955770492554,0.24738994240760804,0.23375722765922547,-0.1520625203847885,-0.9197884202003479,0.3617543578147888,0.30450162291526797,0.30461037158966067,0.9024917483329773],"EasingStyle":"Linear","EasingDirection":"In"},"Head":{"Weight":1,"CFrame":[1.2456439435482026e-7,1.4901161193847657e-8,-4.172325134277344e-7,0.9907559156417847,0.04545098543167114,-0.12781596183776856,-0.03997321054339409,0.9981823563575745,0.04510132223367691,0.12963354587554933,-0.039575181901454929,0.9907718896865845],"EasingStyle":"Linear","EasingDirection":"In"},"Torso":{"Weight":1,"CFrame":[-1.7772180171959918e-8,-1.1581822842085792e-14,-0.07947921752929688,0.9961851239204407,-0.04233464226126671,0.07630825787782669,0.04545098543167114,0.9981823563575745,-0.039575111120939258,-0.07449416071176529,0.042892422527074817,0.9962985515594482],"EasingStyle":"Linear","EasingDirection":"In"},"HumanoidRootPart":{"Weight":0,"CFrame":[0,0,0,1,0,0,0,1,0,0,0,1],"EasingStyle":"Linear","EasingDirection":"In"},"Right Leg":{"Weight":1,"CFrame":[0.5852469205856323,0.07683402299880982,0.055126309394836429,0.93243807554245,-0.10177977383136749,0.3466990292072296,0.0849745124578476,0.9943654537200928,0.0633772537112236,-0.35119596123695376,-0.02963477186858654,0.9358328580856323],"EasingStyle":"Linear","EasingDirection":"In"}}},{"Time":0.23333333432674409,"poses":{"Left Leg":{"Weight":1,"CFrame":[-0.05702419951558113,0.1486397385597229,0.09943580627441406,0.9272898435592651,-0.12945307791233064,0.35124829411506655,0.0905517041683197,0.9880062341690064,0.12507617473602296,-0.36322706937789919,-0.08417575806379318,0.927890419960022],"EasingStyle":"Linear","EasingDirection":"In"},"Right Arm":{"Weight":1,"CFrame":[-0.032151397317647937,-0.15606772899627686,0.0546574592590332,0.6398688554763794,0.3253049850463867,-0.6962359547615051,-0.1761115938425064,0.9439477324485779,0.27919068932533266,0.7480324506759644,-0.05603025108575821,0.6612927317619324],"EasingStyle":"Linear","EasingDirection":"In"},"Left Arm":{"Weight":1,"CFrame":[-0.20786190032958985,-0.06251457333564758,0.4994492530822754,-0.9399040937423706,0.1936134696006775,0.2812366187572479,-0.07417763769626618,-0.9197978377342224,0.3853174149990082,0.33328354358673098,0.34130004048347475,0.8788836598396301],"EasingStyle":"Linear","EasingDirection":"In"},"Head":{"Weight":1,"CFrame":[1.3690441846847535e-7,-1.664739102125168e-8,1.1920928955078126e-7,0.9960648417472839,0.04467403143644333,-0.07654440402984619,-0.039716336876153949,0.9970873594284058,0.0651107206940651,0.07923021167516709,-0.06181444972753525,0.9949379563331604],"EasingStyle":"Linear","EasingDirection":"In"},"Torso":{"Weight":1,"CFrame":[-1.7183015899036037e-8,-1.119787466555668e-14,-0.08338117599487305,0.9983425736427307,-0.042311787605285647,0.03901103138923645,0.044674042612314227,0.9970873594284058,-0.06181437522172928,-0.036281928420066836,0.06345470249652863,0.9973250031471252],"EasingStyle":"Linear","EasingDirection":"In"},"HumanoidRootPart":{"Weight":0,"CFrame":[0,0,0,1,0,0,0,1,0,0,0,1],"EasingStyle":"Linear","EasingDirection":"In"},"Right Leg":{"Weight":1,"CFrame":[0.5917187929153442,0.1394980549812317,0.05100131034851074,0.9311859607696533,-0.12680593132972718,0.34177911281585696,0.08842377364635468,0.9881201982498169,0.1256968379020691,-0.353657990694046,-0.08682570606470108,0.9313363432884216],"EasingStyle":"Linear","EasingDirection":"In"}}},{"Time":0.2666666805744171,"poses":{"Left Leg":{"Weight":1,"CFrame":[-0.04378355294466019,0.10558658838272095,0.11468029022216797,0.9308030605316162,-0.09503304213285446,0.35295096039772036,0.08252974599599838,0.995316207408905,0.050344012677669528,-0.35608211159706118,-0.017731407657265664,0.9342864155769348],"EasingStyle":"Linear","EasingDirection":"In"},"Right Arm":{"Weight":1,"CFrame":[-0.031763508915901187,-0.15605822205543519,0.034261465072631839,0.6224156022071838,0.3339596688747406,-0.7078628540039063,-0.21055984497070313,0.9425047636032105,0.2595175802707672,0.7538324594497681,-0.012480252422392369,0.6569481492042542],"EasingStyle":"Linear","EasingDirection":"In"},"Left Arm":{"Weight":1,"CFrame":[-0.21326421201229096,-0.040827006101608279,0.5365781784057617,-0.9382216930389404,0.13816624879837037,0.31725403666496279,0.0056700678542256359,-0.9105656743049622,0.41332560777664187,0.34598830342292788,0.38958990573883059,0.8535290360450745],"EasingStyle":"Linear","EasingDirection":"In"},"Head":{"Weight":1,"CFrame":[1.525040715932846e-7,-1.6298145055770875e-8,-3.5762786865234377e-7,0.998816967010498,0.04317838326096535,-0.02236771211028099,-0.04115871340036392,0.9956148862838745,0.08400564640760422,0.02589685469865799,-0.08298563957214356,0.9962142109870911],"EasingStyle":"Linear","EasingDirection":"In"},"Torso":{"Weight":1,"CFrame":[-1.5583857759793319e-8,-1.0155732761100035e-14,-0.09397220611572266,0.9990526437759399,-0.043479930609464648,-0.0018290209118276835,0.04317839443683624,0.9956148862838745,-0.08298557251691818,0.005429207347333431,0.08282797038555145,0.9965490698814392],"EasingStyle":"Linear","EasingDirection":"In"},"HumanoidRootPart":{"Weight":0,"CFrame":[0,0,0,1,0,0,0,1,0,0,0,1],"EasingStyle":"Linear","EasingDirection":"In"},"Right Leg":{"Weight":1,"CFrame":[0.594304084777832,0.20996761322021485,0.03540456295013428,0.9303773641586304,-0.1504552960395813,0.334306925535202,0.08769535273313523,0.9767671227455139,0.19553899765014649,-0.3559599220752716,-0.15260787308216096,0.9219563007354736],"EasingStyle":"Linear","EasingDirection":"In"}}},{"Time":0.30000001192092898,"poses":{"Left Leg":{"Weight":1,"CFrame":[-0.038742054253816608,0.07231062650680542,0.1271136999130249,0.9333674311637878,-0.06916926801204682,0.352194219827652,0.08003615587949753,0.9966575503349304,-0.01636897400021553,-0.34988486766815188,0.043466538190841678,0.9357838034629822],"EasingStyle":"Linear","EasingDirection":"In"},"Right Arm":{"Weight":1,"CFrame":[-0.03148554638028145,-0.15598714351654054,0.015728473663330079,0.6036664843559265,0.3397360146045685,-0.7212254405021668,-0.24758920073509217,0.9398153424263,0.23547126352787019,0.7578168511390686,0.03642147779464722,0.6514500379562378],"EasingStyle":"Linear","EasingDirection":"In"},"Left Arm":{"Weight":1,"CFrame":[-0.21858373284339906,-0.022201508283615114,0.5677509307861328,-0.934953510761261,0.08652463555335999,0.3440573811531067,0.0798817053437233,-0.8935561776161194,0.44178760051727297,0.34566009044647219,0.440534770488739,0.828521728515625],"EasingStyle":"Linear","EasingDirection":"In"},"Head":{"Weight":1,"CFrame":[1.5925616025924683e-7,3.958120942115784e-9,-2.384185791015625e-7,0.9987921714782715,0.04110468178987503,0.026917370036244394,-0.04359789192676544,0.9940576553344727,0.09974240511655808,-0.02265753783285618,-0.10079549252986908,0.9946491122245789],"EasingStyle":"Linear","EasingDirection":"In"},"Torso":{"Weight":1,"CFrame":[-1.2469710597429185e-8,-8.126295182554408e-15,-0.11459589004516602,0.9982004165649414,-0.04526432976126671,-0.039333418011665347,0.04110470041632652,0.9940577149391174,-0.10079542547464371,0.04366212338209152,0.09899724274873734,0.9941293597221375],"EasingStyle":"Linear","EasingDirection":"In"},"HumanoidRootPart":{"Weight":0,"CFrame":[0,0,0,1,0,0,0,1,0,0,0,1],"EasingStyle":"Linear","EasingDirection":"In"},"Right Leg":{"Weight":1,"CFrame":[0.5915243029594421,0.28063762187957766,0.010068893432617188,0.9299615621566773,-0.1708587110042572,0.3255438506603241,0.08499670028686524,0.9613810777664185,0.26176711916923525,-0.35769686102867129,-0.21576319634914399,0.908569872379303],"EasingStyle":"Linear","EasingDirection":"In"}}},{"Time":0.3333333432674408,"poses":{"Left Leg":{"Weight":1,"CFrame":[-0.04691749066114426,0.06361818313598633,0.13972234725952149,0.9347096681594849,-0.058165669441223147,0.350620299577713,0.08578798919916153,0.9942713379859924,-0.06375665217638016,-0.3449033200740814,0.08967295289039612,0.9343449473381043],"EasingStyle":"Linear","EasingDirection":"In"},"Right Arm":{"Weight":1,"CFrame":[-0.03129923343658447,-0.1557944416999817,-0.0004768967628479004,0.5851298570632935,0.342716783285141,-0.7349613904953003,-0.28423547744750979,0.935488224029541,0.20993325114250184,0.7594953775405884,0.086063914000988,0.6447943449020386],"EasingStyle":"Linear","EasingDirection":"In"},"Left Arm":{"Weight":1,"CFrame":[-0.22363102436065675,-0.007648080587387085,0.5916494131088257,-0.9308217763900757,0.04385366290807724,0.3628329634666443,0.140984907746315,-0.8728477358818054,0.4671831429004669,0.3371855914592743,0.4860181510448456,0.8062829375267029],"EasingStyle":"Linear","EasingDirection":"In"},"Head":{"Weight":1,"CFrame":[1.6577541828155518e-7,-8.381903171539307e-9,-1.1920928955078126e-7,0.9972134828567505,0.03899304196238518,0.06359861046075821,-0.045863714069128039,0.9928261637687683,0.1104205846786499,-0.058836739510297778,-0.11302976310253144,0.9918480515480042],"EasingStyle":"Linear","EasingDirection":"In"},"Torso":{"Weight":1,"CFrame":[-7.335572149713698e-9,-4.780465912988981e-15,-0.14859771728515626,0.9966763854026794,-0.04674011468887329,-0.06672005355358124,0.03899306058883667,0.9928261637687683,-0.11302969604730606,0.07152443379163742,0.11005240678787232,0.991348922252655],"EasingStyle":"Linear","EasingDirection":"In"},"HumanoidRootPart":{"Weight":0,"CFrame":[0,0,0,1,0,0,0,1,0,0,0,1],"EasingStyle":"Linear","EasingDirection":"In"},"Right Leg":{"Weight":1,"CFrame":[0.5840737819671631,0.34695273637771609,-0.02033311128616333,0.9297927021980286,-0.18570269644260407,0.3178050220012665,0.08196131139993668,0.946180522441864,0.3130890429019928,-0.3588424026966095,-0.265060156583786,0.8949722051620483],"EasingStyle":"Linear","EasingDirection":"In"}}},{"Time":0.36666667461395266,"poses":{"Left Leg":{"Weight":1,"CFrame":[-0.07602238655090332,0.10737621784210205,0.15790903568267823,0.9340907335281372,-0.0701761394739151,0.35007116198539736,0.10472259670495987,0.9912195801734924,-0.0807277038693428,-0.3413321375846863,0.11206736415624619,0.9332380294799805],"EasingStyle":"Linear","EasingDirection":"In"},"Right Arm":{"Weight":1,"CFrame":[-0.03118618205189705,-0.1554194688796997,-0.013889789581298828,0.5683233141899109,0.34338417649269106,-0.7477272152900696,-0.3175360858440399,0.9298871159553528,0.1856898069381714,0.7590648531913757,0.13189847767353059,0.6375133991241455],"EasingStyle":"Linear","EasingDirection":"In"},"Left Arm":{"Weight":1,"CFrame":[-0.2282170057296753,0.0018237829208374024,0.6069551706314087,-0.9273174405097961,0.015055968426167965,0.3739727735519409,0.18227380514144898,-0.8545259833335877,0.4863758981227875,0.3268924057483673,0.5191903710365295,0.7896726131439209],"EasingStyle":"Linear","EasingDirection":"In"},"Head":{"Weight":1,"CFrame":[1.7834827303886414e-7,-1.909211277961731e-8,-4.76837158203125e-7,0.9960741996765137,0.037546608597040179,0.08016516268253327,-0.04660290852189064,0.9923562407493591,0.11426837742328644,-0.07526199519634247,-0.11755569279193878,0.990210235118866],"EasingStyle":"Linear","EasingDirection":"In"},"Torso":{"Weight":1,"CFrame":[2.3285426919983367e-9,1.5174712775882223e-15,-0.2126002311706543,0.9959026575088501,-0.046844128519296649,-0.07735294848680496,0.03754663094878197,0.9923562407493591,-0.11755561828613281,0.08226846903562546,0.11416961997747421,0.9900490641593933],"EasingStyle":"Linear","EasingDirection":"In"},"HumanoidRootPart":{"Weight":0,"CFrame":[0,0,0,1,0,0,0,1,0,0,0,1],"EasingStyle":"Linear","EasingDirection":"In"},"Right Leg":{"Weight":1,"CFrame":[0.5703248381614685,0.42028820514678957,-0.052764952182769778,0.9296035170555115,-0.19354268908500672,0.3136535882949829,0.08031392842531204,0.9369469881057739,0.3401177227497101,-0.35970398783683779,-0.29098382592201235,0.8865333199501038],"EasingStyle":"Linear","EasingDirection":"In"}}},{"Time":0.4000000059604645,"poses":{"Left Leg":{"Weight":1,"CFrame":[-0.10216854512691498,0.1919116973876953,0.1692866086959839,0.9320360422134399,-0.088583804666996,0.351371169090271,0.11894355714321137,0.9907225966453552,-0.0657358318567276,-0.3422882556915283,0.1030614823102951,0.9339256286621094],"EasingStyle":"Linear","EasingDirection":"In"},"Right Arm":{"Weight":1,"CFrame":[-0.031128183007240297,-0.1548006534576416,-0.024045705795288087,0.5546970963478088,0.3425713777542114,-0.7582585215568543,-0.34463363885879519,0.92405766248703,0.16536372900009156,0.7573234438896179,0.16959460079669953,0.6306337118148804],"EasingStyle":"Linear","EasingDirection":"In"},"Left Arm":{"Weight":1,"CFrame":[-0.23215240240097047,0.005206108093261719,0.612350344657898,-0.9259987473487854,0.004963574931025505,0.37749403715133669,0.19777798652648927,-0.8453415036201477,0.4962678551673889,0.32157450914382937,0.5342032313346863,0.78180330991745],"EasingStyle":"Linear","EasingDirection":"In"},"Head":{"Weight":1,"CFrame":[1.4156103134155274e-7,3.213062882423401e-8,2.384185791015625e-7,0.9965826869010925,0.0368683747947216,0.07391628623008728,-0.045169536024332049,0.9924557209014893,0.11397980898618698,-0.06915640830993653,-0.1169290840625763,0.9907295107841492],"EasingStyle":"Linear","EasingDirection":"In"},"Torso":{"Weight":1,"CFrame":[1.3663123965557134e-8,8.904020505932573e-15,-0.28766584396362307,0.9965826869010925,-0.04516955465078354,-0.0691564604640007,0.03686836361885071,0.9924557209014893,-0.1169290840625763,0.07391636073589325,0.11397981643676758,0.9907295107841492],"EasingStyle":"Linear","EasingDirection":"In"},"HumanoidRootPart":{"Weight":0,"CFrame":[0,0,0,1,0,0,0,1,0,0,0,1],"EasingStyle":"Linear","EasingDirection":"In"},"Right Leg":{"Weight":1,"CFrame":[0.5519234538078308,0.4847472310066223,-0.07488924264907837,0.9285045862197876,-0.19887173175811768,0.31357505917549136,0.08612984418869019,0.9368014931678772,0.3390938639640808,-0.3611937463283539,-0.2878420054912567,0.8869532346725464],"EasingStyle":"Linear","EasingDirection":"In"}}},{"Time":0.4333333373069763,"poses":{"Left Leg":{"Weight":1,"CFrame":[-0.1100308820605278,0.2612534761428833,0.16185200214385987,0.9301766157150269,-0.09722073376178742,0.3540051281452179,0.11513853073120117,0.9929007291793823,-0.02985437586903572,-0.3485894799232483,0.06852947175502777,0.9347668886184692],"EasingStyle":"Linear","EasingDirection":"In"},"Right Arm":{"Weight":1,"CFrame":[-0.031106803566217424,-0.15387776494026185,-0.03047996759414673,0.5455964803695679,0.34132593870162966,-0.7653895020484924,-0.3628174364566803,0.9194769263267517,0.15141229331493379,0.7554389238357544,0.19508665800094605,0.6255024075508118],"EasingStyle":"Linear","EasingDirection":"In"},"Left Arm":{"Weight":1,"CFrame":[-0.23527559638023377,-0.010758697986602784,0.6002095937728882,-0.9264736175537109,0.007081838324666023,0.37629297375679018,0.19662120938301087,-0.8434242010116577,0.4999755918979645,0.32091543078422549,0.537201464176178,0.7800179719924927],"EasingStyle":"Linear","EasingDirection":"In"},"Head":{"Weight":1,"CFrame":[1.6670674085617066e-7,2.7939677238464357e-8,1.1920928955078126e-7,0.9980857968330383,0.034603431820869449,0.05125764012336731,-0.04014496132731438,0.9929690957069397,0.11135853826999664,-0.04704387113451958,-0.11320312321186066,0.9924575090408325],"EasingStyle":"Linear","EasingDirection":"In"},"Torso":{"Weight":1,"CFrame":[1.9118930438821736e-8,1.2459475183350388e-14,-0.32379817962646487,0.9979664087295532,-0.04224615544080734,-0.047731611877679828,0.03651195019483566,0.9926707148551941,-0.11520295590162277,0.052248649299144748,0.11322589963674545,0.9921945333480835],"EasingStyle":"Linear","EasingDirection":"In"},"HumanoidRootPart":{"Weight":0,"CFrame":[0,0,0,1,0,0,0,1,0,0,0,1],"EasingStyle":"Linear","EasingDirection":"In"},"Right Leg":{"Weight":1,"CFrame":[0.5462122559547424,0.5005165338516235,-0.0749008059501648,0.9268739223480225,-0.20081986486911775,0.31713733077049258,0.09721611440181732,0.9444563388824463,0.3139287829399109,-0.3625655472278595,-0.2601414918899536,0.8949148654937744],"EasingStyle":"Linear","EasingDirection":"In"}}},{"Time":0.46666666865348818,"poses":{"Left Leg":{"Weight":1,"CFrame":[-0.1077127680182457,0.27493125200271609,0.14175260066986085,0.9286928772926331,-0.098448745906353,0.3575434982776642,0.09863543510437012,0.9949650764465332,0.017763009294867517,-0.35749199986457827,0.01877007819712162,0.9337275624275208],"EasingStyle":"Linear","EasingDirection":"In"},"Right Arm":{"Weight":1,"CFrame":[-0.031103726476430894,-0.15259018540382386,-0.03272801637649536,0.5422860980033875,0.34070611000061037,-0.7680137753486633,-0.3694648742675781,0.917668342590332,0.14622069895267487,0.7546002268791199,0.20446069538593293,0.6235177516937256],"EasingStyle":"Linear","EasingDirection":"In"},"Left Arm":{"Weight":1,"CFrame":[-0.2375355064868927,-0.045880794525146487,0.5734999179840088,-0.9276318550109863,0.011180098168551922,0.3733285367488861,0.19229774177074433,-0.84259432554245,0.5030472278594971,0.3201884925365448,0.538432776927948,0.7794673442840576],"EasingStyle":"Linear","EasingDirection":"In"},"Head":{"Weight":1,"CFrame":[1.4854595065116883e-7,-4.901085048913956e-8,-1.7881393432617188e-7,0.9994133114814758,0.028827713802456857,0.018493546172976495,-0.030609680339694024,0.9940342903137207,0.1046844869852066,-0.015365404076874257,-0.10518915951251984,0.9943335056304932],"EasingStyle":"Linear","EasingDirection":"In"},"Torso":{"Weight":1,"CFrame":[1.4245324919670566e-8,9.283433668062086e-15,-0.2915215492248535,0.9990959763526917,-0.038512296974658969,-0.018000870943069459,0.03625005483627319,0.9929904937744141,-0.11249792575836182,0.022207247093319894,0.11174368113279343,0.9934889078140259],"EasingStyle":"Linear","EasingDirection":"In"},"HumanoidRootPart":{"Weight":0,"CFrame":[0,0,0,1,0,0,0,1,0,0,0,1],"EasingStyle":"Linear","EasingDirection":"In"},"Right Leg":{"Weight":1,"CFrame":[0.5666056275367737,0.44175511598587038,-0.053787171840667728,0.9257397651672363,-0.1940145045518875,0.32459864020347597,0.10669954121112824,0.9574929475784302,0.2679971158504486,-0.36279621720314028,-0.2134610414505005,0.9070905447006226],"EasingStyle":"Linear","EasingDirection":"In"}}},{"Time":0.5,"poses":{"Left Leg":{"Weight":1,"CFrame":[-0.09689407050609589,0.251459002494812,0.11991071701049805,0.9275050163269043,-0.09479227662086487,0.3615921437740326,0.07491306960582733,0.9948249459266663,0.06863950937986374,-0.3662274181842804,-0.03657551109790802,0.9298062920570374],"EasingStyle":"Linear","EasingDirection":"In"},"Right Arm":{"Weight":1,"CFrame":[-0.03132183104753494,-0.14924651384353639,-0.03269493579864502,0.5499522686004639,0.3368470370769501,-0.7642555832862854,-0.35890713334083559,0.9215775728225708,0.14792031049728394,0.7541473507881165,0.19294768571853639,0.6277204751968384],"EasingStyle":"Linear","EasingDirection":"In"},"Left Arm":{"Weight":1,"CFrame":[-0.23890861868858338,-0.08100321888923645,0.546790599822998,-0.9293713569641113,0.01668289303779602,0.36876899003982546,0.18552041053771974,-0.8425468802452087,0.5056647658348084,0.319141149520874,0.5383645296096802,0.7799440026283264],"EasingStyle":"Linear","EasingDirection":"In"},"Head":{"Weight":1,"CFrame":[1.5087425708770753e-7,2.0081643015146257e-8,1.1920928955078126e-7,0.9996269345283508,0.0196551401168108,-0.018964393064379693,-0.017779946327209474,0.9953724145889282,0.09443319588899613,0.020732730627059938,-0.09406078606843949,0.9953505396842957],"EasingStyle":"Linear","EasingDirection":"In"},"Torso":{"Weight":1,"CFrame":[3.4206966148531139e-9,2.2292077580567117e-15,-0.2198333740234375,0.999294102191925,-0.03442106023430824,0.015049612149596215,0.03585874289274216,0.9934013485908508,-0.1089397668838501,-0.011200482957065106,0.10940251499414444,0.9939343929290772],"EasingStyle":"Linear","EasingDirection":"In"},"HumanoidRootPart":{"Weight":0,"CFrame":[0,0,0,1,0,0,0,1,0,0,0,1],"EasingStyle":"Linear","EasingDirection":"In"},"Right Leg":{"Weight":1,"CFrame":[0.5914414525032044,0.3370002508163452,-0.028652727603912355,0.9243113994598389,-0.18634434044361115,0.33305293321609499,0.11838193237781525,0.9696393013000488,0.21397510170936585,-0.3628142774105072,-0.15835216641426087,0.918308436870575],"EasingStyle":"Linear","EasingDirection":"In"}}},{"Time":0.5333333611488342,"poses":{"Left Leg":{"Weight":1,"CFrame":[-0.07626140117645264,0.2209591269493103,0.10058104991912842,0.9265766143798828,-0.08765971660614014,0.3657478988170624,0.048148609697818759,0.9921046495437622,0.11580179631710053,-0.3730113208293915,-0.0896889716386795,0.9234817028045654],"EasingStyle":"Linear","EasingDirection":"In"},"Right Arm":{"Weight":1,"CFrame":[-0.031913671642541888,-0.14274704456329347,-0.03246355056762695,0.5710694193840027,0.32494470477104189,-0.753850519657135,-0.32914093136787417,0.9319081902503967,0.15235958993434907,0.7520279288291931,0.16111516952514649,0.6391368508338928],"EasingStyle":"Linear","EasingDirection":"In"},"Left Arm":{"Weight":1,"CFrame":[-0.23937158286571504,-0.09696796536445618,0.5346498489379883,-0.9315890073776245,0.023019954562187196,0.36278364062309267,0.17699788510799409,-0.842974841594696,0.5080012679100037,0.3175116181373596,0.5374602675437927,0.7812315225601196],"EasingStyle":"Linear","EasingDirection":"In"},"Head":{"Weight":1,"CFrame":[1.3737007975578309e-7,-2.8638169169425966e-8,1.1920928955078126e-7,0.9984241127967835,0.007412791717797518,-0.05562707781791687,-0.002878680592402816,0.996697723865509,0.08115049451589585,0.056044939905405048,-0.08086246252059937,0.9951483607292175],"EasingStyle":"Linear","EasingDirection":"In"},"Torso":{"Weight":1,"CFrame":[-7.660704071099645e-9,-4.992349510678749e-15,-0.14644479751586915,0.9984602928161621,-0.030421627685427667,0.04638509079813957,0.035144634544849399,0.993886411190033,-0.10466465353965759,-0.04291744530200958,0.10613367706537247,0.9934252500534058],"EasingStyle":"Linear","EasingDirection":"In"},"HumanoidRootPart":{"Weight":0,"CFrame":[0,0,0,1,0,0,0,1,0,0,0,1],"EasingStyle":"Linear","EasingDirection":"In"},"Right Leg":{"Weight":1,"CFrame":[0.5949695706367493,0.226249098777771,-0.008034169673919678,0.9215288162231445,-0.18747049570083619,0.34005796909332278,0.13820649683475495,0.9767409563064575,0.1639392077922821,-0.3628823459148407,-0.10407651215791702,0.9260045886039734],"EasingStyle":"Linear","EasingDirection":"In"}}},{"Time":0.5666666626930237,"poses":{"Left Leg":{"Weight":1,"CFrame":[-0.05846897512674332,0.20597714185714723,0.08587646484375,0.925499677658081,-0.08436334133148194,0.36923328042030337,0.028209833428263665,0.9875237345695496,0.15492278337478639,-0.3776963949203491,-0.13296495378017426,0.9163327217102051],"EasingStyle":"Linear","EasingDirection":"In"},"Right Arm":{"Weight":1,"CFrame":[-0.03278602659702301,-0.133917897939682,-0.031834959983825687,0.6024150252342224,0.3040417432785034,-0.7380073070526123,-0.2828443646430969,0.9459254145622253,0.15882106125354768,0.7463880777359009,0.11306499689817429,0.6558362245559692],"EasingStyle":"Linear","EasingDirection":"In"},"Left Arm":{"Weight":1,"CFrame":[-0.2383301556110382,-0.08456048369407654,0.5349295139312744,-0.9341912865638733,0.029619405046105386,0.3555409014225006,0.16744005680084229,-0.8435814380645752,0.5102295875549316,0.31504034996032717,0.5361837148666382,0.7831069231033325],"EasingStyle":"Linear","EasingDirection":"In"},"Head":{"Weight":1,"CFrame":[1.150183379650116e-7,1.0477378964424134e-9,1.1920928955078126e-7,0.9961894750595093,-0.007207139395177364,-0.08691681176424027,0.01294050831347704,0.9977632761001587,0.0655820369720459,0.08624974638223648,-0.06645689904689789,0.9940545558929443],"EasingStyle":"Linear","EasingDirection":"In"},"Torso":{"Weight":1,"CFrame":[-1.4838470008271543e-8,-9.669974612442744e-15,-0.0989084243774414,0.9970507621765137,-0.026891129091382028,0.07187940180301666,0.03402145206928253,0.9944165349006653,-0.09989135712385178,-0.06879187375307083,0.10204219073057175,0.9923986196517944],"EasingStyle":"Linear","EasingDirection":"In"},"HumanoidRootPart":{"Weight":0,"CFrame":[0,0,0,1,0,0,0,1,0,0,0,1],"EasingStyle":"Linear","EasingDirection":"In"},"Right Leg":{"Weight":1,"CFrame":[0.5835921168327332,0.14460855722427369,0.0005896091461181641,0.9185394644737244,-0.19260959327220918,0.3452344536781311,0.1578684151172638,0.979342520236969,0.12635593116283418,-0.3624400794506073,-0.06156127154827118,0.9299716949462891],"EasingStyle":"Linear","EasingDirection":"In"}}},{"Time":0.6000000238418579,"poses":{"Left Leg":{"Weight":1,"CFrame":[-0.049190130084753039,0.20460259914398194,0.07532858848571778,0.9243127107620239,-0.08650615066289902,0.3717023730278015,0.01733325980603695,0.9824818968772888,0.18555009365081788,-0.38124215602874758,-0.16506348550319673,0.9096199870109558],"EasingStyle":"Linear","EasingDirection":"In"},"Right Arm":{"Weight":1,"CFrame":[-0.03384528309106827,-0.12358555197715759,-0.030610978603363038,0.6403216123580933,0.2730671465396881,-0.7179293632507324,-0.22274476289749146,0.9605233073234558,0.1666725128889084,0.7351006865501404,0.05319100245833397,0.6758681535720825],"EasingStyle":"Linear","EasingDirection":"In"},"Left Arm":{"Weight":1,"CFrame":[-0.23572663962841035,-0.05354151129722595,0.536095142364502,-0.937100887298584,0.03590281307697296,0.3472073972225189,0.15755978226661683,-0.8440892100334168,0.5125312805175781,0.3114752769470215,0.5349993705749512,0.785339891910553],"EasingStyle":"Linear","EasingDirection":"In"},"Head":{"Weight":1,"CFrame":[1.885928213596344e-7,2.7474015951156617e-8,1.1920928955078126e-7,0.9934496283531189,-0.023120872676372529,-0.11190742254257202,0.028752218931913377,0.9983862042427063,0.048971883952617648,0.11059455573558808,-0.05186869949102402,0.9925112128257752],"EasingStyle":"Linear","EasingDirection":"In"},"Torso":{"Weight":1,"CFrame":[-1.8524350053894524e-8,-1.2071999114595961e-14,-0.07449817657470703,0.9955596923828125,-0.023993996903300287,0.09102284908294678,0.0326780341565609,0.9949266314506531,-0.09514829516410828,-0.08827807009220123,0.09770026057958603,0.9912928938865662],"EasingStyle":"Linear","EasingDirection":"In"},"HumanoidRootPart":{"Weight":0,"CFrame":[0,0,0,1,0,0,0,1,0,0,0,1],"EasingStyle":"Linear","EasingDirection":"In"},"Right Leg":{"Weight":1,"CFrame":[0.57303786277771,0.09407639503479004,-0.0015349984169006348,0.916542649269104,-0.19507570564746858,0.3491346836090088,0.17026105523109437,0.9802368879318237,0.10073163360357285,-0.3618849515914917,-0.03288079425692558,0.9316427111625671],"EasingStyle":"Linear","EasingDirection":"In"}}},{"Time":0.6333333253860474,"poses":{"Left Leg":{"Weight":1,"CFrame":[-0.04728303849697113,0.2107505202293396,0.06804168224334717,0.9231857657432556,-0.09200430661439896,0.3731798529624939,0.013476414605975151,0.9780787825584412,0.2077985554933548,-0.3841177523136139,-0.1868075430393219,0.904188334941864],"EasingStyle":"Linear","EasingDirection":"In"},"Right Arm":{"Weight":1,"CFrame":[-0.034997936338186267,-0.11257660388946533,-0.028593242168426515,0.6808555126190186,0.23138083517551423,-0.6949090957641602,-0.1518738567829132,0.9727671146392822,0.1750955581665039,0.716