{"Sequence":[{"Time":0,"poses":{"Left Leg":{"Weight":1,"CFrame":[-0.44735264778137209,0.036519765853881839,-0.026939988136291505,0.9508354663848877,-0.30390340089797976,-0.05962089076638222,0.30655068159103396,0.9509413838386536,0.04167940095067024,0.04402950778603554,-0.0579070970416069,0.9973506331443787],"EasingStyle":"Linear","EasingDirection":"In"},"Right Arm":{"Weight":1,"CFrame":[0.6178775429725647,-0.8003522753715515,-0.021220088005065919,-0.6357679963111877,-0.4178665578365326,0.6489889621734619,0.7696271538734436,-0.40737029910087588,0.49165377020835879,0.058933235704898837,0.8120572566986084,0.5805944204330444],"EasingStyle":"Linear","EasingDirection":"In"},"Head":{"Weight":1,"CFrame":[9.313225746154785e-8,-1.4901161193847657e-8,-1.7881393432617188e-7,0.9477647542953491,0.27147459983825686,-0.1674618422985077,-0.28995710611343386,0.9520429372787476,-0.09766826778650284,0.1329163908958435,0.14112329483032227,0.9810287952423096],"EasingStyle":"Linear","EasingDirection":"In"},"Right Leg":{"Weight":1,"CFrame":[-0.2460213303565979,0.03513211011886597,-0.06611162424087525,0.8620768189430237,0.08469086140394211,-0.4996509850025177,-0.05682709813117981,0.9958738684654236,0.0707535669207573,0.5035816431045532,-0.03260139375925064,0.8633324503898621],"EasingStyle":"Linear","EasingDirection":"In"},"Torso":{"Weight":1,"CFrame":[0.29501545429229739,0.07024143636226654,-0.058854103088378909,0.9305667281150818,-0.361225426197052,0.05968059226870537,0.35557422041893008,0.9305148124694824,0.08780176192522049,-0.08724989742040634,-0.060484517365694049,0.9943485856056213],"EasingStyle":"Linear","EasingDirection":"In"},"HumanoidRootPart":{"Weight":1,"CFrame":[0,0,0,1,0,0,0,1,0,0,0,1],"EasingStyle":"Linear","EasingDirection":"In"},"Left Arm":{"Weight":1,"CFrame":[0.7711992859840393,-0.13238167762756349,0.41468703746795657,0.5848150849342346,0.32750818133354189,-0.7421117424964905,-0.4997721016407013,0.8660790324211121,-0.011624159291386605,0.6389204263687134,0.37768468260765078,0.6701753735542297],"EasingStyle":"Linear","EasingDirection":"In"}}},{"Time":0.03333333507180214,"poses":{"Left Leg":{"Weight":1,"CFrame":[-0.4586048424243927,0.06363111734390259,-0.004126310348510742,0.9551931023597717,-0.2959383428096771,-0.0051529197953641418,0.29576265811920168,0.9536649584770203,0.05520455539226532,-0.011422987096011639,-0.05425504967570305,0.9984618425369263],"EasingStyle":"Linear","EasingDirection":"In"},"Right Arm":{"Weight":1,"CFrame":[0.5859048962593079,-0.7971965074539185,0.0059986114501953129,-0.6772854328155518,-0.40386292338371279,0.6149627566337586,0.7293031215667725,-0.47870174050331118,0.48883703351020815,0.09696066379547119,0.7795763611793518,0.6187561750411987],"EasingStyle":"Linear","EasingDirection":"In"},"Head":{"Weight":1,"CFrame":[9.499490261077881e-8,2.9802322387695315e-8,0,0.9460416436195374,0.2801598906517029,-0.1628367304801941,-0.2978752851486206,0.9497021436691284,-0.09662424772977829,0.12757617235183717,0.1399155855178833,0.9819104075431824],"EasingStyle":"Linear","EasingDirection":"In"},"Right Leg":{"Weight":1,"CFrame":[-0.2272004932165146,0.027166306972503663,-0.048844754695892337,0.8080489635467529,0.10709848254919052,-0.5792984962463379,-0.08964446932077408,0.994238555431366,0.058768197894096377,0.582254946231842,0.004443291574716568,0.8129941821098328],"EasingStyle":"Linear","EasingDirection":"In"},"Torso":{"Weight":1,"CFrame":[0.2619094252586365,0.06258811056613922,-0.05861973762512207,0.926683783531189,-0.371364027261734,0.0578458271920681,0.3666350841522217,0.9270695447921753,0.07823511958122254,-0.08268082141876221,-0.05129089578986168,0.9952552914619446],"EasingStyle":"Linear","EasingDirection":"In"},"HumanoidRootPart":{"Weight":1,"CFrame":[0,0,0,1,0,0,0,1,0,0,0,1],"EasingStyle":"Linear","EasingDirection":"In"},"Left Arm":{"Weight":1,"CFrame":[0.7510098814964294,-0.1401553750038147,0.4123634099960327,0.5952544808387756,0.3083483874797821,-0.7420199513435364,-0.4893803894519806,0.8715400099754334,-0.030414298176765443,0.6373217701911926,0.3812341094017029,0.6696875691413879],"EasingStyle":"Linear","EasingDirection":"In"}}},{"Time":0.06666667014360428,"poses":{"Left Leg":{"Weight":1,"CFrame":[-0.4971393346786499,0.12197577953338623,0.021767377853393556,0.962236225605011,-0.2676565647125244,0.049613092094659808,0.2642054855823517,0.9621670246124268,0.0665590837597847,-0.06555113196372986,-0.0509374737739563,0.9965483546257019],"EasingStyle":"Linear","EasingDirection":"In"},"Right Arm":{"Weight":1,"CFrame":[0.5128012299537659,-0.7857299447059631,0.05654776096343994,-0.6966234445571899,-0.4370560348033905,0.5689444541931152,0.708077609539032,-0.5465168356895447,0.44715258479118349,0.11550706624984741,0.7143537998199463,0.6901859641075134],"EasingStyle":"Linear","EasingDirection":"In"},"Head":{"Weight":1,"CFrame":[1.1920928955078126e-7,0,1.1920928955078126e-7,0.9471225738525391,0.28415268659591677,-0.14905069768428803,-0.2995133697986603,0.9495509266853333,-0.09297747164964676,0.11511142551898956,0.13270370662212373,0.9844487309455872],"EasingStyle":"Linear","EasingDirection":"In"},"Right Leg":{"Weight":1,"CFrame":[-0.1210031807422638,0.033372581005096439,0.041974663734436038,0.7660118937492371,0.15674488246440888,-0.6234235167503357,-0.16201476752758027,0.9855843782424927,0.04873108118772507,0.6220748424530029,0.06367514282464981,0.7803643345832825],"EasingStyle":"Linear","EasingDirection":"In"},"Torso":{"Weight":1,"CFrame":[0.21261505782604218,0.04156713932752609,-0.06053328514099121,0.9259614944458008,-0.3736627399921417,0.05451153963804245,0.371081680059433,0.9271454215049744,0.05195888876914978,-0.06995522230863571,-0.027883701026439668,0.9971603751182556],"EasingStyle":"Linear","EasingDirection":"In"},"HumanoidRootPart":{"Weight":1,"CFrame":[0,0,0,1,0,0,0,1,0,0,0,1],"EasingStyle":"Linear","EasingDirection":"In"},"Left Arm":{"Weight":1,"CFrame":[0.737476110458374,-0.16064918041229249,0.4065539836883545,0.6084570288658142,0.29481929540634158,-0.7367915511131287,-0.4817272424697876,0.8750226497650147,-0.04768891632556915,0.6306496858596802,0.3839491009712219,0.674436092376709],"EasingStyle":"Linear","EasingDirection":"In"}}},{"Time":0.10000000149011612,"poses":{"Left Leg":{"Weight":1,"CFrame":[-0.5223328471183777,0.2090768814086914,0.034923553466796878,0.9758545756340027,-0.2022184282541275,0.08255747705698013,0.1948474943637848,0.9767566919326782,0.08933622390031815,-0.09870414435863495,-0.07109297811985016,0.9925740957260132],"EasingStyle":"Linear","EasingDirection":"In"},"Right Arm":{"Weight":1,"CFrame":[0.43278753757476809,-0.7629541754722595,0.08376646041870117,-0.6865240931510925,-0.48816126585006716,0.5388723015785217,0.7122732996940613,-0.6004488468170166,0.36349421739578249,0.146121546626091,0.633371889591217,0.7599267363548279],"EasingStyle":"Linear","EasingDirection":"In"},"Head":{"Weight":1,"CFrame":[9.778887033462525e-8,1.6763806343078614e-8,3.5762786865234377e-7,0.9496300220489502,0.28621503710746767,-0.12760783731937409,-0.2977324426174164,0.9510819315910339,-0.08245363086462021,0.09776603430509567,0.11629344522953034,0.9883914589881897],"EasingStyle":"Linear","EasingDirection":"In"},"Right Leg":{"Weight":1,"CFrame":[-0.01726500503718853,0.07049751281738281,0.12636005878448487,0.7531815767288208,0.18993732333183289,-0.6297946572303772,-0.20252418518066407,0.9778578877449036,0.05270649492740631,0.6258606314659119,0.08785104006528855,0.7749714851379395],"EasingStyle":"Linear","EasingDirection":"In"},"Torso":{"Weight":1,"CFrame":[0.15810012817382813,0.011137180030345917,-0.06868433952331543,0.9307687878608704,-0.3621257245540619,0.050342679023742679,0.361896276473999,0.9321144223213196,0.013921450823545456,-0.051966454833745959,0.0052611748687922958,0.9986349940299988],"EasingStyle":"Linear","EasingDirection":"In"},"HumanoidRootPart":{"Weight":1,"CFrame":[0,0,0,1,0,0,0,1,0,0,0,1],"EasingStyle":"Linear","EasingDirection":"In"},"Left Arm":{"Weight":1,"CFrame":[0.7292672991752625,-0.1896233856678009,0.39900171756744387,0.6223011612892151,0.28585085272789,-0.7287184596061707,-0.47647812962532046,0.8769329786300659,-0.06290615350008011,0.621055543422699,0.3863648772239685,0.6819181442260742],"EasingStyle":"Linear","EasingDirection":"In"}}},{"Time":0.13333334028720857,"poses":{"Left Leg":{"Weight":1,"CFrame":[-0.5518125891685486,0.32316136360168459,-0.04664641618728638,0.9959469437599182,-0.08993875980377197,0.0009157313033938408,0.08792877942323685,0.9757315516471863,0.2005406618118286,-0.018929895013570787,-0.19964732229709626,0.9796849489212036],"EasingStyle":"Linear","EasingDirection":"In"},"Right Arm":{"Weight":1,"CFrame":[0.3693661093711853,-0.7274441719055176,0.0640634298324585,-0.629612386226654,-0.5553085803985596,0.5433421730995178,0.7527086138725281,-0.6092040538787842,0.24960047006607057,0.1924010068178177,0.566129744052887,0.8015477657318115],"EasingStyle":"Linear","EasingDirection":"In"},"Head":{"Weight":1,"CFrame":[8.568167686462403e-8,7.450580596923828e-9,-1.1920928955078126e-7,0.9564719796180725,0.2742984890937805,-0.09960833191871643,-0.2810702621936798,0.9577065706253052,-0.06162506714463234,0.07849189639091492,0.08693958818912506,0.993116557598114],"EasingStyle":"Linear","EasingDirection":"In"},"Right Leg":{"Weight":1,"CFrame":[0.07490009069442749,0.12394559383392334,0.17512011528015138,0.772338330745697,0.20155338943004609,-0.6023867130279541,-0.20455195009708405,0.9767255783081055,0.06454167515039444,0.6013751029968262,0.0733712762594223,0.7955907583236694],"EasingStyle":"Linear","EasingDirection":"In"},"Torso":{"Weight":1,"CFrame":[0.10681207478046417,-0.023173928260803224,-0.09063911437988281,0.9414494633674622,-0.3341531455516815,0.044884614646434787,0.3355761468410492,0.941567599773407,-0.02896743454039097,-0.03258234262466431,0.04233358055353165,0.9985721111297607],"EasingStyle":"Linear","EasingDirection":"In"},"HumanoidRootPart":{"Weight":1,"CFrame":[0,0,0,1,0,0,0,1,0,0,0,1],"EasingStyle":"Linear","EasingDirection":"In"},"Left Arm":{"Weight":1,"CFrame":[0.7250520586967468,-0.22283804416656495,0.39144933223724368,0.6346920728683472,0.28030312061309817,-0.720136284828186,-0.4733889400959015,0.8776010274887085,-0.07562736421823502,0.6107937097549439,0.3889046311378479,0.6896986961364746],"EasingStyle":"Linear","EasingDirection":"In"}}},{"Time":0.1666666716337204,"poses":{"Left Leg":{"Weight":1,"CFrame":[-0.5680913925170898,0.3738834857940674,-0.2556121349334717,0.9705750346183777,0.0672590583562851,-0.23121535778045655,0.03998856619000435,0.9018466472625732,0.43020185828208926,0.23745571076869965,-0.42678913474082949,0.8726201057434082],"EasingStyle":"Linear","EasingDirection":"In"},"Right Arm":{"Weight":1,"CFrame":[0.3031618595123291,-0.6840622425079346,0.020716547966003419,-0.44140082597732546,-0.6930283904075623,0.5699799656867981,0.8763197660446167,-0.46952569484710696,0.10774705559015274,0.19294841587543488,0.5470442175865173,0.8145633339881897],"EasingStyle":"Linear","EasingDirection":"In"},"Head":{"Weight":1,"CFrame":[9.336508810520172e-8,3.166496753692627e-8,2.384185791015625e-7,0.968122661113739,0.24121113121509553,-0.0674959197640419,-0.2435874491930008,0.9694332480430603,-0.029400812461972238,0.058340977877378467,0.04490474611520767,0.997286319732666],"EasingStyle":"Linear","EasingDirection":"In"},"Right Leg":{"Weight":1,"CFrame":[0.2455928772687912,0.16884422302246095,0.14875948429107667,0.8849701881408691,0.2076331526041031,-0.4167928397655487,-0.18556509912014008,0.9781928658485413,0.09329742193222046,0.42707544565200808,-0.0052232928574085239,0.9042009711265564],"EasingStyle":"Linear","EasingDirection":"In"},"Torso":{"Weight":1,"CFrame":[0.06053303927183151,-0.055267512798309329,-0.1229238510131836,0.954460620880127,-0.2959742844104767,0.03747463971376419,0.2979482412338257,0.9520788788795471,-0.06908440589904785,-0.015231603756546975,0.07710384577512741,0.9969066977500916],"EasingStyle":"Linear","EasingDirection":"In"},"HumanoidRootPart":{"Weight":1,"CFrame":[0,0,0,1,0,0,0,1,0,0,0,1],"EasingStyle":"Linear","EasingDirection":"In"},"Left Arm":{"Weight":1,"CFrame":[0.7234987020492554,-0.25605231523513796,0.3856397867202759,0.6436335444450378,0.2769946753978729,-0.713449239730835,-0.47228774428367617,0.8772912621498108,-0.08546549081802368,0.6022292971611023,0.3919616639614105,0.6954753398895264],"EasingStyle":"Linear","EasingDirection":"In"}}},{"Time":0.20000000298023225,"poses":{"Left Leg":{"Weight":1,"CFrame":[-0.49976393580436709,0.31573963165283205,-0.36821603775024416,0.8671054244041443,0.22849507629871369,-0.4426264464855194,0.0981447696685791,0.7927992343902588,0.6015289425849915,0.4883602261543274,-0.5650305151939392,0.6650148630142212],"EasingStyle":"Linear","EasingDirection":"In"},"Right Arm":{"Weight":1,"CFrame":[0.20408125221729279,-0.6392467617988586,-0.022630155086517335,-0.04001490771770477,-0.8701607584953308,0.4911407232284546,0.9990563988685608,-0.04315071552991867,0.004945605993270874,0.016889631748199464,0.4908749759197235,0.8710662126541138],"EasingStyle":"Linear","EasingDirection":"In"},"Head":{"Weight":1,"CFrame":[7.729977369308472e-8,-6.51925802230835e-9,0,0.9797778129577637,0.19676737487316132,-0.03630737587809563,-0.1968306005001068,0.9804357886314392,0.0018600844778120518,0.03596304729580879,0.005323931574821472,0.9993389844894409],"EasingStyle":"Linear","EasingDirection":"In"},"Right Leg":{"Weight":1,"CFrame":[0.4649878740310669,0.19600749015808106,0.0108184814453125,0.9792437553405762,0.19093364477157594,-0.068015456199646,-0.1804226040840149,0.974040150642395,0.13672442734241486,0.09235510230064392,-0.12161502987146378,0.9882714748382568],"EasingStyle":"Linear","EasingDirection":"In"},"Torso":{"Weight":1,"CFrame":[0.019266434013843538,-0.07928824424743653,-0.15232396125793458,0.9671002626419067,-0.2529313862323761,0.027257408946752549,0.2543932795524597,0.9620089530944824,-0.09911032766103745,-0.0011537561658769847,0.10278371721506119,0.9947030544281006],"EasingStyle":"Linear","EasingDirection":"In"},"HumanoidRootPart":{"Weight":1,"CFrame":[0,0,0,1,0,0,0,1,0,0,0,1],"EasingStyle":"Linear","EasingDirection":"In"},"Left Arm":{"Weight":1,"CFrame":[0.7232769727706909,-0.2850268483161926,0.3833160400390625,0.6472123861312866,0.274711549282074,-0.7110906839370728,-0.4730389714241028,0.8762207627296448,-0.09204014390707016,0.5977878570556641,0.39594295620918276,0.6970500349998474],"EasingStyle":"Linear","EasingDirection":"In"}}},{"Time":0.23333333432674409,"poses":{"Left Leg":{"Weight":1,"CFrame":[-0.4193812906742096,0.2745437026023865,-0.33202022314071658,0.7798341512680054,0.30317771434783938,-0.5476696491241455,0.15193864703178407,0.7570563554763794,0.6354371905326843,0.6072671413421631,-0.5787477493286133,0.544313907623291],"EasingStyle":"Linear","EasingDirection":"In"},"Right Arm":{"Weight":1,"CFrame":[0.04203030467033386,-0.5994334816932678,-0.04233330488204956,0.3355143964290619,-0.911057710647583,0.23959141969680787,0.9309507012367249,0.35956457257270815,0.06359401345252991,-0.14408639073371888,0.20171105861663819,0.9687888026237488],"EasingStyle":"Linear","EasingDirection":"In"},"Head":{"Weight":1,"CFrame":[8.149072527885437e-8,-4.9301888793706897e-8,-1.7881393432617188e-7,0.9882587790489197,0.15247203409671784,-0.009848817251622677,-0.15231676399707795,0.9882185459136963,0.014958789572119713,0.012013576924800873,-0.013283017091453076,0.9998396635055542],"EasingStyle":"Linear","EasingDirection":"In"},"Right Leg":{"Weight":1,"CFrame":[0.562235951423645,0.2122117280960083,-0.1016772985458374,0.9785735011100769,0.15431739389896394,0.13630934059619904,-0.17546050250530244,0.9714157581329346,0.15989112854003907,-0.10773886740207672,-0.1803821623325348,0.9776781797409058],"EasingStyle":"Linear","EasingDirection":"In"},"Torso":{"Weight":1,"CFrame":[-0.016575507819652559,-0.0895794928073883,-0.16515469551086427,0.9784801602363586,-0.20587289333343507,0.013888610526919365,0.20611964166164399,0.9720989465713501,-0.11197443306446076,0.0095513965934515,0.11242746561765671,0.993614137172699],"EasingStyle":"Linear","EasingDirection":"In"},"HumanoidRootPart":{"Weight":1,"CFrame":[0,0,0,1,0,0,0,1,0,0,0,1],"EasingStyle":"Linear","EasingDirection":"In"},"Left Arm":{"Weight":1,"CFrame":[0.7275702357292175,-0.30552107095718386,0.3841155767440796,0.6406417489051819,0.2760460674762726,-0.7165032625198364,-0.4797170162200928,0.8725043535232544,-0.09277757257223129,0.5995412468910217,0.4031559228897095,0.6913866400718689],"EasingStyle":"Linear","EasingDirection":"In"}}},{"Time":0.2666666805744171,"poses":{"Left Leg":{"Weight":1,"CFrame":[-0.3950892984867096,0.24712097644805909,-0.28075265884399416,0.7689936757087708,0.27281033992767336,-0.5781205296516419,0.16484123468399049,0.7891543507575989,0.5916611552238464,0.617637574672699,-0.5502817630767822,0.5618842244148254],"EasingStyle":"Linear","EasingDirection":"In"},"Right Arm":{"Weight":1,"CFrame":[-0.19018936157226563,-0.5687713623046875,-0.03862428665161133,0.507110595703125,-0.8584704995155335,-0.076597198843956,0.8552889227867127,0.49026986956596377,0.16767989099025727,-0.1063949465751648,-0.15054509043693543,0.9828612804412842],"EasingStyle":"Linear","EasingDirection":"In"},"Head":{"Weight":1,"CFrame":[9.313225746154785e-8,1.862645149230957e-8,1.1920928955078126e-7,0.9930017590522766,0.1175498217344284,0.011385355144739151,-0.11764629185199738,0.9930216073989868,0.008210008032619954,-0.010340822860598565,-0.009491986595094204,0.9999014735221863],"EasingStyle":"Linear","EasingDirection":"In"},"Right Leg":{"Weight":1,"CFrame":[0.5795959830284119,0.22537970542907716,-0.12478035688400269,0.9760050177574158,0.13684135675430299,0.16937720775604249,-0.16502749919891358,0.9723227024078369,0.16539204120635987,-0.14205674827098847,-0.1893753558397293,0.9715744853019714],"EasingStyle":"Linear","EasingDirection":"In"},"Torso":{"Weight":1,"CFrame":[-0.04576357454061508,-0.08697222173213959,-0.16461443901062013,0.9880827069282532,-0.15391702950000764,-0.0014576405519619585,0.15284831821918488,0.9822517037391663,-0.10871533304452896,0.01816491223871708,0.10719694197177887,0.9940718412399292],"EasingStyle":"Linear","EasingDirection":"In"},"HumanoidRootPart":{"Weight":1,"CFrame":[0,0,0,1,0,0,0,1,0,0,0,1],"EasingStyle":"Linear","EasingDirection":"In"},"Left Arm":{"Weight":1,"CFrame":[0.7387599349021912,-0.31329455971717837,0.3860764503479004,0.6230220198631287,0.2808918356895447,-0.7300297617912293,-0.49241676926612856,0.8659974336624146,-0.08703065663576126,0.6077576279640198,0.4137008488178253,0.6778512597084045],"EasingStyle":"Linear","EasingDirection":"In"}}},{"Time":0.30000001192092898,"poses":{"Left Leg":{"Weight":1,"CFrame":[-0.4873139560222626,0.2154805064201355,-0.30901437997817995,0.8293743133544922,0.12820005416870118,-0.5437857508659363,0.21016688644886018,0.830234706401825,0.5162753462791443,0.5176562666893005,-0.5424714684486389,0.6616318821907044],"EasingStyle":"Linear","EasingDirection":"In"},"Right Arm":{"Weight":1,"CFrame":[-0.4081932008266449,-0.5422604084014893,-0.028533935546875,0.5712361335754395,-0.7452611327171326,-0.34391143918037417,0.8206511735916138,0.5110005736351013,0.2557539939880371,-0.01486465148627758,-0.4283272624015808,0.9035013914108276],"EasingStyle":"Linear","EasingDirection":"In"},"Head":{"Weight":1,"CFrame":[8.568167686462403e-8,-1.7695128917694093e-8,-4.172325134277344e-7,0.9958005547523499,0.08676452934741974,0.029211919754743577,-0.08662111312150955,0.9962224960327148,-0.006141608580946922,-0.029634438455104829,0.003585447557270527,0.9995543956756592],"EasingStyle":"Linear","EasingDirection":"In"},"Right Leg":{"Weight":1,"CFrame":[0.5814940333366394,0.23222744464874268,-0.12829017639160157,0.9766846299171448,0.12745939195156098,0.17274659872055055,-0.1565258651971817,0.9735076427459717,0.16668136417865754,-0.1469249427318573,-0.18983443081378938,0.9707605838775635],"EasingStyle":"Linear","EasingDirection":"In"},"Torso":{"Weight":1,"CFrame":[-0.06801500171422959,-0.07603602111339569,-0.16238903999328614,0.9952294826507568,-0.09610383212566376,-0.016801705583930017,0.09409239143133164,0.9910162687301636,-0.0950450599193573,0.02578495442867279,0.09301074594259262,0.9953311681747437],"EasingStyle":"Linear","EasingDirection":"In"},"HumanoidRootPart":{"Weight":1,"CFrame":[0,0,0,1,0,0,0,1,0,0,0,1],"EasingStyle":"Linear","EasingDirection":"In"},"Left Arm":{"Weight":1,"CFrame":[0.7543104290962219,-0.306032657623291,0.3885413408279419,0.5982620716094971,0.28402578830718996,-0.7492742538452148,-0.5049936771392822,0.859650194644928,-0.07734930515289307,0.6221445202827454,0.42465388774871828,0.6577273011207581],"EasingStyle":"Linear","EasingDirection":"In"}}},{"Time":0.3333333432674408,"poses":{"Left Leg":{"Weight":1,"CFrame":[-0.6463952660560608,0.20784693956375123,-0.3411291241645813,0.8836185932159424,-0.08673861622810364,-0.460102915763855,0.2953133285045624,0.8658168911933899,0.4039197266101837,0.3633294403553009,-0.4927855432033539,0.790666937828064],"EasingStyle":"Linear","EasingDirection":"In"},"Right Arm":{"Weight":1,"CFrame":[-0.5047011375427246,-0.51261305809021,-0.013615608215332032,0.5812824368476868,-0.6452217698097229,-0.4957816004753113,0.8134831190109253,0.47492942214012148,0.33568933606147768,0.018867097795009614,-0.5984404683113098,0.8009452819824219],"EasingStyle":"Linear","EasingDirection":"In"},"Head":{"Weight":1,"CFrame":[1.0128132998943329e-7,6.28642737865448e-9,-2.384185791015625e-7,0.997701108455658,0.05080943927168846,0.044844236224889758,-0.04973014071583748,0.9984531998634338,-0.024864427745342256,-0.04603820666670799,0.022577155381441118,0.9986845850944519],"EasingStyle":"Linear","EasingDirection":"In"},"Right Leg":{"Weight":1,"CFrame":[0.5744407176971436,0.22874027490615846,-0.11721950769424439,0.9788534641265869,0.13116760551929475,0.15697474777698518,-0.15641924738883973,0.9744581580162048,0.16113512217998506,-0.13182950019836427,-0.18228155374526978,0.9743688106536865],"EasingStyle":"Linear","EasingDirection":"In"},"Torso":{"Weight":1,"CFrame":[-0.08377645909786225,-0.05674552917480469,-0.15773868560791017,0.9990181922912598,-0.03205723315477371,-0.03057851642370224,0.02982247807085514,0.9970352649688721,-0.07093191891908646,0.03276173770427704,0.06995034962892533,0.9970123767852783],"EasingStyle":"Linear","EasingDirection":"In"},"HumanoidRootPart":{"Weight":1,"CFrame":[0,0,0,1,0,0,0,1,0,0,0,1],"EasingStyle":"Linear","EasingDirection":"In"},"Left Arm":{"Weight":1,"CFrame":[0.7716862559318543,-0.2868870496749878,0.39085352420806887,0.570550262928009,0.2805083692073822,-0.7718726992607117,-0.511441707611084,0.8567254543304443,-0.06670094281435013,0.642572820186615,0.43282419443130495,0.6322685480117798],"EasingStyle":"Linear","EasingDirection":"In"}}},{"Time":0.36666667461395266,"poses":{"Left Leg":{"Weight":1,"CFrame":[-0.7151573896408081,0.1901116967201233,-0.24233567714691163,0.9118281602859497,-0.2649863660335541,-0.3136105537414551,0.34946340322494509,0.9018505811691284,0.25404906272888186,0.2155102640390396,-0.34124454855918887,0.9149357676506043],"EasingStyle":"Linear","EasingDirection":"In"},"Right Arm":{"Weight":1,"CFrame":[-0.4876437783241272,-0.47615960240364077,0.004750847816467285,0.5216518640518189,-0.6264607310295105,-0.5791599750518799,0.8526073694229126,0.3583960235118866,0.38028040528297427,-0.030662162229418756,-0.6921700835227966,0.721082866191864],"EasingStyle":"Linear","EasingDirection":"In"},"Head":{"Weight":1,"CFrame":[7.543712854385376e-8,3.259629011154175e-9,0,0.9982218742370606,0.0027044531889259817,0.05954721197485924,-0.0000585982998018153,0.9990143775939941,-0.04438987746834755,-0.05960856378078461,0.04430745542049408,0.9972380995750427],"EasingStyle":"Linear","EasingDirection":"In"},"Right Leg":{"Weight":1,"CFrame":[0.5633097887039185,0.21334856748580934,-0.09851843118667603,0.979856550693512,0.14893487095832826,0.1330399215221405,-0.16824880242347718,0.9745403528213501,0.14820042252540589,-0.1075805127620697,-0.16759899258613587,0.9799678921699524],"EasingStyle":"Linear","EasingDirection":"In"},"Torso":{"Weight":1,"CFrame":[-0.0933351144194603,-0.03000257909297943,-0.1501479148864746,0.9984546303749085,0.03748857229948044,-0.041023701429367068,-0.039032451808452609,0.9985339045524597,-0.03750323876738548,0.03955761343240738,0.03904653713107109,0.9984540939331055],"EasingStyle":"Linear","EasingDirection":"In"},"HumanoidRootPart":{"Weight":1,"CFrame":[0,0,0,1,0,0,0,1,0,0,0,1],"EasingStyle":"Linear","EasingDirection":"In"},"Left Arm":{"Weight":1,"CFrame":[0.7885891199111939,-0.2598189115524292,0.3927187919616699,0.5424427390098572,0.2709391415119171,-0.7952030897140503,-0.5087582468986511,0.8591950535774231,-0.05430413410067558,0.6685214042663574,0.43402305245399477,0.6039065718650818],"EasingStyle":"Linear","EasingDirection":"In"}}},{"Time":0.4000000059604645,"poses":{"Left Leg":{"Weight":1,"CFrame":[-0.6303021311759949,0.11232614517211914,-0.07175171375274658,0.9278360605239868,-0.355914831161499,-0.11155777424573899,0.36748889088630679,0.9234812259674072,0.11015623062849045,0.06381523609161377,-0.14320318400859834,0.9876337647438049],"EasingStyle":"Linear","EasingDirection":"In"},"Right Arm":{"Weight":1,"CFrame":[-0.4448443651199341,-0.4437076449394226,0.025888681411743165,0.375979483127594,-0.6492180824279785,-0.6611770987510681,0.917888343334198,0.16316813230514527,0.36174196004867556,-0.1269664764404297,-0.7428944706916809,0.6572577357292175],"EasingStyle":"Linear","EasingDirection":"In"},"Head":{"Weight":1,"CFrame":[8.053029887378216e-8,6.00994098931551e-9,-1.1920928955078126e-7,0.9957683086395264,-0.054184384644031528,0.07422755658626557,0.058780722320079806,0.9963930249214172,-0.06120406463742256,-0.07064351439476013,0.06530821323394776,0.9953615069389343],"EasingStyle":"Linear","EasingDirection":"In"},"Right Leg":{"Weight":1,"CFrame":[0.5450958609580994,0.18829560279846192,-0.07829737663269043,0.9795774817466736,0.1681627482175827,0.110223688185215,-0.18188835680484773,0.974781334400177,0.12929865717887879,-0.08570070564746857,-0.1467064917087555,0.9854605793952942],"EasingStyle":"Linear","EasingDirection":"In"},"Torso":{"Weight":1,"CFrame":[-0.09687955677509308,-0.0000466134661110118,-0.13744235038757325,0.9927120804786682,0.11109203100204468,-0.04670387879014015,-0.11121609807014466,0.9937962293624878,-0.00005827914719702676,0.046407658606767657,0.005252077244222164,0.9989088773727417],"EasingStyle":"Linear","EasingDirection":"In"},"HumanoidRootPart":{"Weight":1,"CFrame":[0,0,0,1,0,0,0,1,0,0,0,1],"EasingStyle":"Linear","EasingDirection":"In"},"Left Arm":{"Weight":1,"CFrame":[0.8036705851554871,-0.22878995537757874,0.3952963352203369,0.5145113468170166,0.26024776697158816,-0.8170369267463684,-0.4996349513530731,0.8653579354286194,-0.03899511322379112,0.6968809962272644,0.42828360199928286,0.5752652883529663],"EasingStyle":"Linear","EasingDirection":"In"}}},{"Time":0.4333333373069763,"poses":{"Left Leg":{"Weight":1,"CFrame":[-0.40434494614601138,0.021790504455566407,0.050615787506103519,0.9281287789344788,-0.3546369671821594,0.1131797730922699,0.3542032837867737,0.9348449110984802,0.02460034005343914,-0.11452974379062653,0.017256377264857293,0.9932700395584106],"EasingStyle":"Linear","EasingDirection":"In"},"Right Arm":{"Weight":1,"CFrame":[-0.3888622522354126,-0.429684579372406,0.04929542541503906,0.2216074913740158,-0.6500730514526367,-0.7268391251564026,0.9479126930236816,-0.03128351643681526,0.31699055433273318,-0.22880515456199647,-0.7592275142669678,0.6092799305915833],"EasingStyle":"Linear","EasingDirection":"In"},"Head":{"Weight":1,"CFrame":[9.313225746154785e-8,1.4901161193847657e-8,1.1920928955078126e-7,0.9895078539848328,-0.11370071768760681,0.08914290368556977,0.12025260925292969,0.9901341795921326,-0.07192867249250412,-0.08008509129285813,0.08189366012811661,0.9934183359146118],"EasingStyle":"Linear","EasingDirection":"In"},"Right Leg":{"Weight":1,"CFrame":[0.5136936902999878,0.1577305793762207,-0.054982542991638187,0.9804306030273438,0.17850996553897859,0.08300569653511048,-0.18661358952522279,0.9770119190216065,0.10306897014379502,-0.06269863992929459,-0.11654195934534073,0.9912047982215881],"EasingStyle":"Linear","EasingDirection":"In"},"Torso":{"Weight":1,"CFrame":[-0.09319384396076203,0.027861669659614564,-0.12026643753051758,0.9812613725662231,0.18677020072937013,-0.0473606213927269,-0.18524417281150819,0.9820752143859863,0.034827087074518207,0.05301634594798088,-0.025401195511221887,0.9982706308364868],"EasingStyle":"Linear","EasingDirection":"In"},"HumanoidRootPart":{"Weight":1,"CFrame":[0,0,0,1,0,0,0,1,0,0,0,1],"EasingStyle":"Linear","EasingDirection":"In"},"Left Arm":{"Weight":1,"CFrame":[0.8158189654350281,-0.19776064157485963,0.40010833740234377,0.4883900284767151,0.2500472068786621,-0.8360334038734436,-0.48701608180999758,0.8730801939964294,-0.02337545156478882,0.7240791320800781,0.41857796907424929,0.5481805801391602],"EasingStyle":"Linear","EasingDirection":"In"}}},{"Time":0.46666666865348818,"poses":{"Left Leg":{"Weight":1,"CFrame":[-0.15878348052501679,-0.01280200481414795,0.08397746086120606,0.8893275856971741,-0.3204798698425293,0.3261735141277313,0.3343009948730469,0.9423560500144959,0.014418711885809899,-0.31199246644973757,0.09621719270944596,0.9451999664306641],"EasingStyle":"Linear","EasingDirection":"In"},"Right Arm":{"Weight":1,"CFrame":[-0.33085161447525027,-0.4393666684627533,0.07389748096466065,0.13665327429771424,-0.6572631597518921,-0.7411686778068543,0.9312576055526733,-0.16986988484859467,0.3223404884338379,-0.3377648890018463,-0.7342678904533386,0.5888680815696716],"EasingStyle":"Linear","EasingDirection":"In"},"Head":{"Weight":1,"CFrame":[9.872019290924072e-8,-1.862645149230957e-8,5.960464477539063e-7,0.979993999004364,-0.16971880197525025,0.103958360850811,0.17773683369159699,0.9813376665115356,-0.07339052855968476,-0.08956248313188553,0.09039948135614395,0.9918702244758606],"EasingStyle":"Linear","EasingDirection":"In"},"Right Leg":{"Weight":1,"CFrame":[0.46402114629745486,0.12471675872802735,-0.02506434917449951,0.9840639233589172,0.17340092360973359,0.03937447816133499,-0.17570823431015016,0.9822508692741394,0.06565064936876297,-0.027291635051369668,-0.07152289152145386,0.997065544128418],"EasingStyle":"Linear","EasingDirection":"In"},"Torso":{"Weight":1,"CFrame":[-0.08127091079950333,0.04835374653339386,-0.10204648971557617,0.9647501111030579,0.25946205854415896,-0.044007666409015658,-0.25666677951812746,0.9646082520484924,0.060442205518484119,0.058132611215114596,-0.04701632261276245,0.997201144695282],"EasingStyle":"Linear","EasingDirection":"In"},"HumanoidRootPart":{"Weight":1,"CFrame":[0,0,0,1,0,0,0,1,0,0,0,1],"EasingStyle":"Linear","EasingDirection":"In"},"Left Arm":{"Weight":1,"CFrame":[0.8239231109619141,-0.1706923544406891,0.40867674350738528,0.46592310070991518,0.2416023313999176,-0.8512016534805298,-0.4741518497467041,0.8803902268409729,-0.00964995939284563,0.747058093547821,0.40809500217437746,0.5247502326965332],"EasingStyle":"Linear","EasingDirection":"In"}}},{"Time":0.5,"poses":{"Left Leg":{"Weight":1,"CFrame":[0.006808958947658539,-0.008376598358154297,0.07404506206512451,0.8136816620826721,-0.29781869053840639,0.49922555685043337,0.32288020849227908,0.9456807971000671,0.03789793327450752,-0.4833947420120239,0.1303531974554062,0.8656429052352905],"EasingStyle":"Linear","EasingDirection":"In"},"Right Arm":{"Weight":1,"CFrame":[-0.2763479948043823,-0.4661456346511841,0.09633588790893555,0.1027127206325531,-0.7054226398468018,-0.7013052701950073,0.8784593343734741,-0.2664231061935425,0.3966459333896637,-0.4666469693183899,-0.6568088531494141,0.5923200249671936],"EasingStyle":"Linear","EasingDirection":"In"},"Head":{"Weight":1,"CFrame":[1.0058283805847168e-7,1.4901161193847657e-8,2.384185791015625e-7,0.969200611114502,-0.21616384387016297,0.11799725890159607,0.22515468299388886,0.9718812108039856,-0.06893809139728546,-0.09977737814188004,0.09338247030973435,0.9906181693077087],"EasingStyle":"Linear","EasingDirection":"In"},"Right Leg":{"Weight":1,"CFrame":[0.4018206000328064,0.09370297193527222,0.011717796325683594,0.9865865707397461,0.1598672717809677,-0.033004507422447208,-0.1592485010623932,0.9870234131813049,0.020612919703125955,0.035871606320142749,-0.015080535784363747,0.9992426633834839],"EasingStyle":"Linear","EasingDirection":"In"},"Torso":{"Weight":1,"CFrame":[-0.062013573944568637,0.05648963153362274,-0.08567309379577637,0.9485386610031128,0.31410691142082217,-0.040140002965927127,-0.3108891248703003,0.947829008102417,0.0704851970076561,0.0601857453584671,-0.054378848522901538,0.9967048764228821],"EasingStyle":"Linear","EasingDirection":"In"},"HumanoidRootPart":{"Weight":1,"CFrame":[0,0,0,1,0,0,0,1,0,0,0,1],"EasingStyle":"Linear","EasingDirection":"In"},"Left Arm":{"Weight":1,"CFrame":[0.826871395111084,-0.15154728293418885,0.42252349853515627,0.4490785300731659,0.23588283360004426,-0.8617933988571167,-0.46452635526657107,0.8855593204498291,0.00032414679299108684,0.7632455825805664,0.4001801908016205,0.5072593688964844],"EasingStyle":"Linear","EasingDirection":"In"}}},{"Time":0.5333333611488342,"poses":{"Left Leg":{"Weight":1,"CFrame":[0.11590529978275299,-0.0024232864379882814,0.0447005033493042,0.7437617778778076,-0.2621164619922638,0.6149091720581055,0.29847750067710879,0.9533383846282959,0.04535556212067604,-0.5981051325798035,0.14980284869670869,0.7872925400733948],"EasingStyle":"Linear","EasingDirection":"In"},"Right Arm":{"Weight":1,"CFrame":[-0.22948184609413148,-0.5066176652908325,0.11268103122711182,0.08264757692813873,-0.7653958797454834,-0.6382308006286621,0.8079056143760681,-0.32350292801856997,0.49257925152778628,-0.5834876894950867,-0.5563408732414246,0.5916308760643005],"EasingStyle":"Linear","EasingDirection":"In"},"Head":{"Weight":1,"CFrame":[9.313225746154785e-8,3.166496753692627e-8,0,0.9602851271629334,-0.24761337041854859,0.12860870361328126,0.2571735382080078,0.9642617702484131,-0.0637272298336029,-0.10823274403810501,0.09427105635404587,0.9896457195281982],"EasingStyle":"Linear","EasingDirection":"In"},"Right Leg":{"Weight":1,"CFrame":[0.35181474685668948,0.08647578954696655,0.04560589790344238,0.9824455380439758,0.14417609572410584,-0.1183813214302063,-0.14536114037036897,0.9893776774406433,-0.0013914721785113216,0.1169232577085495,0.01857510395348072,0.9929673075675964],"EasingStyle":"Linear","EasingDirection":"In"},"Torso":{"Weight":1,"CFrame":[-0.035542942583560947,0.05129504203796387,-0.07344460487365723,0.9413667917251587,0.33516359329223635,-0.038651369512081149,-0.3324132561683655,0.9409831762313843,0.06365744024515152,0.057705942541360858,-0.04707677662372589,0.9972230792045593],"EasingStyle":"Linear","EasingDirection":"In"},"HumanoidRootPart":{"Weight":1,"CFrame":[0,0,0,1,0,0,0,1,0,0,0,1],"EasingStyle":"Linear","EasingDirection":"In"},"Left Arm":{"Weight":1,"CFrame":[0.8128849267959595,-0.14428502321243287,0.4431709051132202,0.4398505985736847,0.23371478915214539,-0.8671269416809082,-0.46173882484436037,0.8870026469230652,0.004854450933635235,0.7702783942222595,0.39825090765953066,0.4980637729167938],"EasingStyle":"Linear","EasingDirection":"In"}}},{"Time":0.5666666626930237,"poses":{"Left Leg":{"Weight":1,"CFrame":[0.15649740397930146,-0.0063474178314208988,0.035680294036865237,0.7005601525306702,-0.228241965174675,0.6761073470115662,0.2839154005050659,0.9583998918533325,0.029355119913816453,-0.6546813249588013,0.1713922917842865,0.7362182140350342],"EasingStyle":"Linear","EasingDirection":"In"},"Right Arm":{"Weight":1,"CFrame":[-0.19438377022743226,-0.5573808550834656,0.11900293827056885,0.053322531282901767,-0.8035669922828674,-0.5928211808204651,0.7479623556137085,-0.36118602752685549,0.5568634867668152,-0.6615957617759705,-0.47310125827789309,0.5817785263061523],"EasingStyle":"Linear","EasingDirection":"In"},"Head":{"Weight":1,"CFrame":[9.12696123123169e-8,2.421438694000244e-8,1.1920928955078126e-7,0.9566476941108704,-0.25945374369621279,0.13232173025608064,0.2687377631664276,0.9614877700805664,-0.05763067305088043,-0.11227323859930039,0.09069208055734635,0.9895300269126892],"EasingStyle":"Linear","EasingDirection":"In"},"Right Leg":{"Weight":1,"CFrame":[0.3306952714920044,0.1184893250465393,0.07299375534057617,0.9730100035667419,0.12630414962768556,-0.19312943518161775,-0.1258750706911087,0.9919395446777344,0.01454162783920765,0.19340936839580537,0.010160963051021099,0.981065571308136],"EasingStyle":"Linear","EasingDirection":"In"},"Torso":{"Weight":1,"CFrame":[0.0014765635132789612,0.03702601045370102,-0.0681617259979248,0.9448818564414978,0.325174480676651,-0.03820853680372238,-0.32343724370002749,0.9451623558998108,0.045348215848207477,0.050859350711107257,-0.030490636825561525,0.9982402920722961],"EasingStyle":"Linear","EasingDirection":"In"},"HumanoidRootPart":{"Weight":1,"CFrame":[0,0,0,1,0,0,0,1,0,0,0,1],"EasingStyle":"Linear","EasingDirection":"In"},"Left Arm":{"Weight":1,"CFrame":[0.7869104743003845,-0.15298712253570558,0.46845436096191409,0.4333474040031433,0.24973778426647187,-0.8659336566925049,-0.47924676537513735,0.8775800466537476,0.013262530788779259,0.7632383108139038,0.4092486798763275,0.49998292326927187],"EasingStyle":"Linear","EasingDirection":"In"}}},{"Time":0.6000000238418579,"poses":{"Left Leg":{"Weight":1,"CFrame":[0.11555548012256623,-0.01064157485961914,0.0829998254776001,0.6834702491760254,-0.22765186429023744,0.6935726404190064,0.30762621760368349,0.9514632821083069,0.009154037572443486,-0.6619927883148193,0.2071046233177185,0.7203285694122315],"EasingStyle":"Linear","EasingDirection":"In"},"Right Arm":{"Weight":1,"CFrame":[-0.1737109124660492,-0.6128053665161133,0.11316466331481934,0.009134828113019467,-0.8047521710395813,-0.5935405492782593,0.7192623019218445,-0.4070664346218109,0.5629909038543701,-0.694678544998169,-0.4320542514324188,0.5751094818115234],"EasingStyle":"Linear","EasingDirection":"In"},"Head":{"Weight":1,"CFrame":[9.592622518539429e-8,1.6763806343078614e-8,5.960464477539063e-7,0.9573957920074463,-0.2605831027030945,0.12445823848247528,0.2672577202320099,0.962792694568634,-0.04004492983222008,-0.109392449259758,0.0716012716293335,0.9914165139198303],"EasingStyle":"Linear","EasingDirection":"In"},"Right Leg":{"Weight":1,"CFrame":[0.3474305272102356,0.19613975286483766,0.08524692058563233,0.9661047458648682,0.10922418534755707,-0.23390530049800874,-0.09531359374523163,0.9929826855659485,0.07000638544559479,0.23991042375564576,-0.04533923789858818,0.9697358012199402],"EasingStyle":"Linear","EasingDirection":"In"},"Torso":{"Weight":1,"CFrame":[0.051550790667533877,0.01713395118713379,-0.0768592357635498,0.9538785815238953,0.297979474067688,-0.036385904997587207,-0.2974245250225067,0.9545370936393738,0.019941013306379319,0.04067370295524597,-0.008199241943657399,0.9991389513015747],"EasingStyle":"Linear","EasingDirection":"In"},"HumanoidRootPart":{"Weight":1,"CFrame":[0,0,0,1,0,0,0,1,0,0,0,1],"EasingStyle":"Linear","EasingDirection":"In"},"Left Arm":{"Weight":1,"CFrame":[0.7729241251945496,-0.17104223370552064,0.4814598560333252,0.4352142810821533,0.29463282227516177,-0.8507527112960815,-0.5199335217475891,0.8536912798881531,0.029671281576156617,0.7350223064422607,0.42942142486572268,0.5247281193733215],"EasingStyle":"Linear","EasingDirection":"In"}}},{"Time":0.6333333253860474,"poses":{"Left Leg":{"Weight":1,"CFrame":[0.01789860799908638,0.0007132291793823242,0.1546471118927002,0.6988033056259155,-0.2598435580730438,0.6664498448371887,0.3466908931732178,0.9379768967628479,0.0021885160822421314,-0.6256831884384155,0.22952266037464143,0.7455466985702515],"EasingStyle":"Linear","EasingDirection":"In"},"Right Arm":{"Weight":1,"CFrame":[-0.16422832012176515,-0.658354640007019,0.10232222080230713,-0.038403965532779697,-0.7964299917221069,-0.6035100221633911,0.708695650100708,-0.4474898874759674,0.5454387068748474,-0.704468309879303,-0.4067578613758087,0.5816118717193604],"EasingStyle":"Linear","EasingDirection":"In"},"Head":{"Weight":1,"CFrame":[7.427297532558441e-8,2.0489096641540528e-8,2.384185791015625e-7,0.9598601460456848,-0.26008477807044985,0.10499752312898636,0