{"Sequence":[{"Time":0,"poses":{"Left Leg":{"Weight":1,"CFrame":[-0.6105330586433411,0.03282284736633301,-0.17422926425933839,0.4244734048843384,-0.901603102684021,0.08327260613441467,0.4128992557525635,0.2745979130268097,0.8683951497077942,-0.805814266204834,-0.33422744274139407,0.4888307452201843],"EasingStyle":"Linear","EasingDirection":"In"},"Right Arm":{"Weight":1,"CFrame":[0.00006563654460478574,-0.04718053340911865,0.0025442838668823244,0.9977145791053772,-0.0013891051057726145,0.06755578517913819,-0.0022536616306751968,0.9985483288764954,0.05381746590137482,-0.0675325021147728,-0.05384675785899162,0.9962629675865173],"EasingStyle":"Linear","EasingDirection":"In"},"Left Arm":{"Weight":1,"CFrame":[-0.004621204920113087,-0.11391478776931763,0.14480364322662354,0.849624752998352,0.4885033667087555,-0.1987522691488266,-0.4415879547595978,0.8649888038635254,0.23831601440906526,0.2883366346359253,-0.11471261084079743,0.9506329298019409],"EasingStyle":"Linear","EasingDirection":"In"},"Head":{"Weight":1,"CFrame":[8.715687727089971e-8,-1.3879798643756658e-8,0,1,-6.36791881447607e-8,8.748475011088886e-8,6.360642146319151e-8,1,-5.641481948259752e-9,-8.754477676120587e-8,-5.153765858523229e-9,1],"EasingStyle":"Linear","EasingDirection":"In"},"Torso":{"Weight":1,"CFrame":[-0.005957618355751038,-0.03257071226835251,-0.15102767944335938,0.9999722838401794,-0.00016182004765141755,-0.007447110954672098,-0.00014151519280858338,0.9991709589958191,-0.04071339592337608,0.007447524461895227,0.04071332514286041,0.999143123626709],"EasingStyle":"Linear","EasingDirection":"In"},"HumanoidRootPart":{"Weight":1,"CFrame":[0,0,0,1,0,0,0,1,0,0,0,1],"EasingStyle":"Linear","EasingDirection":"In"},"Right Leg":{"Weight":1,"CFrame":[0.5188837051391602,0.1175960898399353,-0.00740891695022583,0.9656718969345093,0.2597176134586334,0.004960152320563793,-0.25966981053352358,0.9646244645118713,0.04551142081618309,0.007035492919385433,-0.04523709788918495,0.9989515542984009],"EasingStyle":"Linear","EasingDirection":"In"}}},{"Time":0.03448275849223137,"poses":{"Left Leg":{"Weight":1,"CFrame":[-0.6197302937507629,0.04152226448059082,-0.12473005056381226,0.4531667232513428,-0.8867193460464478,0.09148046374320984,0.4708110988140106,0.3252204954624176,0.8201027512550354,-0.7569523453712463,-0.32857319712638857,0.5648565292358398],"EasingStyle":"Linear","EasingDirection":"In"},"Right Arm":{"Weight":1,"CFrame":[0.0006699544610455632,-0.05482664704322815,0.01523900032043457,0.9965118765830994,-0.0027047437615692617,0.08340835571289063,-0.0032318774610757829,0.997473955154419,0.07095927000045777,-0.08338959515094757,-0.07098139822483063,0.9939858913421631],"EasingStyle":"Linear","EasingDirection":"In"},"Left Arm":{"Weight":1,"CFrame":[-0.004600046668201685,-0.11332106590270996,0.140769362449646,0.8381581902503967,0.5030528903007507,-0.21078169345855714,-0.4606420397758484,0.8598083853721619,0.2203143686056137,0.2920616567134857,-0.0875633955001831,0.9523826241493225],"EasingStyle":"Linear","EasingDirection":"In"},"Head":{"Weight":1,"CFrame":[8.427650755038485e-8,-4.8739821068011228e-9,-4.76837158203125e-7,1,-9.646463183798915e-8,-0.00008070046169450507,9.636279685310001e-8,1,-1.4030774764250964e-8,0.00008069999603321776,8.553342034645084e-9,1],"EasingStyle":"Linear","EasingDirection":"In"},"Torso":{"Weight":1,"CFrame":[-0.021276108920574189,-0.03255125880241394,-0.14736628532409669,0.9999027848243713,-0.0004292862431611866,-0.013944769278168679,-0.0001388189848512411,0.9991708397865295,-0.040713176131248477,0.013950686901807785,0.04071114957332611,0.9990735650062561],"EasingStyle":"Linear","EasingDirection":"In"},"HumanoidRootPart":{"Weight":1,"CFrame":[0,0,0,1,0,0,0,1,0,0,0,1],"EasingStyle":"Linear","EasingDirection":"In"},"Right Leg":{"Weight":1,"CFrame":[0.5124524235725403,0.11791908740997315,-0.0010941028594970704,0.9657041430473328,0.25954118371009829,-0.0073487707413733009,-0.25895148515701296,0.9648056626319885,0.04576248675584793,0.01896744966506958,-0.042290084064006808,0.9989253282546997],"EasingStyle":"Linear","EasingDirection":"In"}}},{"Time":0.06896551698446274,"poses":{"Left Leg":{"Weight":1,"CFrame":[-0.6181021928787231,0.07745218276977539,-0.03325933218002319,0.5401423573493958,-0.8339859247207642,0.1127559021115303,0.5570052266120911,0.45471256971359255,0.6949689388275147,-0.6308656930923462,-0.31257641315460207,0.7101439833641052],"EasingStyle":"Linear","EasingDirection":"In"},"Right Arm":{"Weight":1,"CFrame":[0.0020000431686639787,-0.07167229056358338,0.04316747188568115,0.9929752945899963,-0.00736918393522501,0.11809246242046356,-0.005538149271160364,0.9940701127052307,0.10859968513250351,-0.11819248646497727,-0.10849090665578842,0.9870462417602539],"EasingStyle":"Linear","EasingDirection":"In"},"Left Arm":{"Weight":1,"CFrame":[-0.004589246120303869,-0.11301866173744202,0.13088619709014893,0.8258724212646484,0.5094832181930542,-0.2415820211172104,-0.4781862795352936,0.8598824739456177,0.17871740460395814,0.29878556728363039,-0.0320766381919384,0.9537811279296875],"EasingStyle":"Linear","EasingDirection":"In"},"Head":{"Weight":1,"CFrame":[1.0168241715291515e-7,1.3755197869613767e-8,-2.384185791015625e-7,0.9999999403953552,-3.2511886161046279e-7,-0.00031659603700973094,3.2535172067582609e-7,1,5.3454641602002087e-8,0.0003165964735671878,-5.0364171499950319e-8,0.9999999403953552],"EasingStyle":"Linear","EasingDirection":"In"},"Torso":{"Weight":1,"CFrame":[-0.03261910006403923,-0.03253236413002014,-0.13725733757019044,0.9997926354408264,-0.0006901455926708877,-0.0203536543995142,-0.00013911792484577745,0.9991708397865295,-0.040713198482990268,0.020364876836538316,0.04070758819580078,0.9989635348320007],"EasingStyle":"Linear","EasingDirection":"In"},"HumanoidRootPart":{"Weight":1,"CFrame":[0,0,0,1,0,0,0,1,0,0,0,1],"EasingStyle":"Linear","EasingDirection":"In"},"Right Leg":{"Weight":1,"CFrame":[0.48414313793182375,0.11564874649047852,0.015581727027893067,0.9666531682014465,0.25272443890571597,-0.041376207023859027,-0.250762939453125,0.9668927788734436,0.0472899004817009,0.05195772647857666,-0.03533734753727913,0.9980239272117615],"EasingStyle":"Linear","EasingDirection":"In"}}},{"Time":0.1034482792019844,"poses":{"Left Leg":{"Weight":1,"CFrame":[-0.5492366552352905,0.1408795714378357,0.040636539459228519,0.6753471493721008,-0.7235541939735413,0.1427430659532547,0.5548368692398071,0.6259803771972656,0.5480003356933594,-0.4858624041080475,-0.2908913493156433,0.824208676815033],"EasingStyle":"Linear","EasingDirection":"In"},"Right Arm":{"Weight":1,"CFrame":[0.0033316269982606174,-0.08857941627502442,0.07109606266021729,0.9882180690765381,-0.015355092473328114,0.15228068828582765,-0.0071478611789643768,0.9892387986183167,0.14613524079322816,-0.15288589894771577,-0.14550195634365083,0.9774738550186157],"EasingStyle":"Linear","EasingDirection":"In"},"Left Arm":{"Weight":1,"CFrame":[-0.004585261922329664,-0.11290594935417175,0.11848294734954834,0.8159641027450562,0.5094892382621765,-0.2731729745864868,-0.4913552403450012,0.8601765036582947,0.13662542402744294,0.3045860826969147,0.02274343930184841,0.9522132873535156],"EasingStyle":"Linear","EasingDirection":"In"},"Head":{"Weight":1,"CFrame":[7.471862772945315e-8,-6.548361852765083e-9,1.1920928955078126e-7,0.9999998211860657,-9.473734507992049e-7,-0.0006979191675782204,9.474753142058034e-7,1,1.4598846576063807e-7,0.0006979163154028356,-1.4800026804095979e-7,0.9999998211860657],"EasingStyle":"Linear","EasingDirection":"In"},"Torso":{"Weight":1,"CFrame":[-0.03966233879327774,-0.03251391649246216,-0.1221005916595459,0.9996808767318726,-0.0008880040841177106,-0.02524576522409916,-0.00014061595720704645,0.9991708397865295,-0.040713321417570117,0.025260986760258676,0.04070387780666351,0.9988518953323364],"EasingStyle":"Linear","EasingDirection":"In"},"HumanoidRootPart":{"Weight":1,"CFrame":[0,0,0,1,0,0,0,1,0,0,0,1],"EasingStyle":"Linear","EasingDirection":"In"},"Right Leg":{"Weight":1,"CFrame":[0.4381728172302246,0.11011630296707154,0.036043405532836917,0.9669707417488098,0.23914217948913575,-0.08819610625505448,-0.235643669962883,0.9706383943557739,0.0483027808368206,0.09715781360864639,-0.025924555957317354,0.9949312806129456],"EasingStyle":"Linear","EasingDirection":"In"}}},{"Time":0.13793103396892548,"poses":{"Left Leg":{"Weight":1,"CFrame":[-0.4243691861629486,0.18325066566467286,0.06430685520172119,0.7971101999282837,-0.5763663649559021,0.18004781007766725,0.4557879865169525,0.7698889970779419,0.44668591022491457,-0.39607152342796328,-0.2739942669868469,0.8763871788978577],"EasingStyle":"Linear","EasingDirection":"In"},"Right Arm":{"Weight":1,"CFrame":[0.003940384369343519,-0.09641146659851074,0.08379077911376953,0.9856187105178833,-0.02415965311229229,0.1672484129667282,-0.003561115823686123,0.9865375757217407,0.16349568963050843,-0.16894683241844178,-0.16174004971981049,0.9722639918327332],"EasingStyle":"Linear","EasingDirection":"In"},"Left Arm":{"Weight":1,"CFrame":[-0.004584545735269785,-0.11288326978683472,0.1068887710571289,0.8118855953216553,0.5080611705780029,-0.28760361671447756,-0.49659067392349245,0.8600096106529236,0.11739330738782883,0.3069848418235779,0.04751128703355789,0.9505277276039124],"EasingStyle":"Linear","EasingDirection":"In"},"Head":{"Weight":1,"CFrame":[8.956885722000152e-8,-1.9514118321239949e-8,2.384185791015625e-7,0.9999992847442627,-0.0000021582964109256865,-0.0012149622198194266,0.0000021588639356195928,1,5.258953024167568e-7,0.001214959193021059,-5.337333277566358e-7,0.9999992847442627],"EasingStyle":"Linear","EasingDirection":"In"},"Torso":{"Weight":1,"CFrame":[-0.04208201915025711,-0.032495781779289249,-0.10327744483947754,0.9996297359466553,-0.0009664842509664595,-0.027193648740649225,-0.0001415151491528377,0.9991708397865295,-0.04071338474750519,0.027210451662540437,0.04070216044783592,0.9988007545471191],"EasingStyle":"Linear","EasingDirection":"In"},"HumanoidRootPart":{"Weight":1,"CFrame":[0,0,0,1,0,0,0,1,0,0,0,1],"EasingStyle":"Linear","EasingDirection":"In"},"Right Leg":{"Weight":1,"CFrame":[0.37867972254753115,0.1004379391670227,0.05376267433166504,0.9659181237220764,0.21856151521205903,-0.13868306577205659,-0.21402093768119813,0.9756960272789002,0.04703512042760849,0.14559262990951539,-0.01575101725757122,0.9892192482948303],"EasingStyle":"Linear","EasingDirection":"In"}}},{"Time":0.17241379618644715,"poses":{"Left Leg":{"Weight":1,"CFrame":[-0.3203873336315155,0.17823636531829835,0.06015026569366455,0.8650173544883728,-0.4497823417186737,0.22235332429409028,0.3520987331867218,0.8598833084106445,0.36963117122650149,-0.3574514389038086,-0.24144703149795533,0.9021817445755005],"EasingStyle":"Linear","EasingDirection":"In"},"Right Arm":{"Weight":1,"CFrame":[0.0039457231760025028,-0.09663578867912293,0.08101499080657959,0.9900149703025818,-0.0323469340801239,0.13720056414604188,0.010871348902583123,0.9879369735717773,0.1544746458530426,-0.14054229855537415,-0.15144070982933045,0.978424072265625],"EasingStyle":"Linear","EasingDirection":"In"},"Left Arm":{"Weight":1,"CFrame":[-0.004584135487675667,-0.11286571621894837,0.09778273105621338,0.8332820534706116,0.4776378273963928,-0.2783941924571991,-0.4643712639808655,0.8779624700546265,0.11636696010828018,0.3000009059906006,0.032311663031578067,0.9533916115760803],"EasingStyle":"Linear","EasingDirection":"In"},"Head":{"Weight":1,"CFrame":[1.0559051588643342e-7,-2.198066795244813e-8,1.1920928955078126e-7,0.9999982714653015,-0.0000041545422391209289,-0.001858029398135841,0.000004156390787102282,1,0.0000010642634151736275,0.001858029281720519,-0.0000010730071835496347,0.9999983310699463],"EasingStyle":"Linear","EasingDirection":"In"},"Torso":{"Weight":1,"CFrame":[-0.03866543620824814,-0.032477907836437228,-0.0840144157409668,0.9996563196182251,-0.0009261015802621841,-0.02620270475745201,-0.00014151411596685648,0.9991709589958191,-0.04071332514286041,0.026218684390187265,0.04070303961634636,0.998827338218689],"EasingStyle":"Linear","EasingDirection":"In"},"HumanoidRootPart":{"Weight":1,"CFrame":[0,0,0,1,0,0,0,1,0,0,0,1],"EasingStyle":"Linear","EasingDirection":"In"},"Right Leg":{"Weight":1,"CFrame":[0.31434884667396548,0.088717520236969,0.06424224376678467,0.9635813236236572,0.19368325173854829,-0.1843850463628769,-0.18863219022750855,0.9810289144515991,0.04472392424941063,0.18954935669898988,-0.008314235135912896,0.9818360805511475],"EasingStyle":"Linear","EasingDirection":"In"}}},{"Time":0.2068965584039688,"poses":{"Left Leg":{"Weight":1,"CFrame":[-0.2617790997028351,0.15124142169952393,0.06912052631378174,0.8954680562019348,-0.3607941269874573,0.2607003152370453,0.2888764441013336,0.9166263937950134,0.27630865573883059,-0.3386553227901459,-0.17211535573005677,0.9250345826148987],"EasingStyle":"Linear","EasingDirection":"In"},"Right Arm":{"Weight":1,"CFrame":[0.003949994686990976,-0.09681546688079834,0.07348120212554932,0.997217059135437,-0.041201066225767139,0.06213381886482239,0.03285796940326691,0.9909982681274414,0.1297801434993744,-0.06692159920930863,-0.1273774802684784,0.9895941615104675],"EasingStyle":"Linear","EasingDirection":"In"},"Left Arm":{"Weight":1,"CFrame":[-0.004583493806421757,-0.11283904314041138,0.0904914140701294,0.8811779618263245,0.39848896861076357,-0.25442489981651308,-0.3816851079463959,0.9171651601791382,0.11456259340047836,0.27900150418281557,-0.0038398727774620058,0.9602829813957214],"EasingStyle":"Linear","EasingDirection":"In"},"Head":{"Weight":1,"CFrame":[9.923587640514597e-8,-7.847120286896825e-9,0,0.9999966025352478,-0.000007132503924367484,-0.0026174355298280718,0.0000071369868237525228,1,0.0000017725051293382422,0.0026174327358603479,-0.0000017983199995796895,0.9999966025352478],"EasingStyle":"Linear","EasingDirection":"In"},"Torso":{"Weight":1,"CFrame":[-0.02898525819182396,-0.03246033191680908,-0.07481575012207031,0.9997243881225586,-0.0008146208128891885,-0.023467056453227998,-0.0001415121805621311,0.9991708397865295,-0.04071318730711937,0.023480769246816636,0.04070528596639633,0.9988952875137329],"EasingStyle":"Linear","EasingDirection":"In"},"HumanoidRootPart":{"Weight":1,"CFrame":[0,0,0,1,0,0,0,1,0,0,0,1],"EasingStyle":"Linear","EasingDirection":"In"},"Right Leg":{"Weight":1,"CFrame":[0.2724824845790863,0.08283394575119019,0.06990742683410645,0.9595305919647217,0.1786055862903595,-0.2177179604768753,-0.1731245517730713,0.9839097261428833,0.0441555380821228,0.22210130095481873,-0.004676306154578924,0.975012481212616],"EasingStyle":"Linear","EasingDirection":"In"}}},{"Time":0.24137930572032929,"poses":{"Left Leg":{"Weight":1,"CFrame":[-0.2579925060272217,0.1201600432395935,0.08616399765014649,0.9052196145057678,-0.3152341842651367,0.2849648594856262,0.27123475074768069,0.9448405504226685,0.1835978478193283,-0.32712268829345705,-0.08890402317047119,0.940790593624115],"EasingStyle":"Linear","EasingDirection":"In"},"Right Arm":{"Weight":1,"CFrame":[0.00395330972969532,-0.09695523977279663,0.0623784065246582,0.9980291128158569,-0.05103849619626999,-0.03651074692606926,0.05433332920074463,0.9939153790473938,0.09581302851438523,0.03139841556549072,-0.09760794043540955,0.9947295188903809],"EasingStyle":"Linear","EasingDirection":"In"},"Left Arm":{"Weight":1,"CFrame":[-0.004582684952765703,-0.11280524730682373,0.08481276035308838,0.9308776259422302,0.2906116545200348,-0.22138608992099763,-0.2712767422199249,0.95573490858078,0.11392852663993836,0.24469532072544099,-0.04599672555923462,0.9685084819793701],"EasingStyle":"Linear","EasingDirection":"In"},"Head":{"Weight":1,"CFrame":[8.927054295782e-8,-1.9959770725108684e-8,-2.384185791015625e-7,0.9999939799308777,-0.000011286771950835828,-0.0034834693651646377,0.00001129708925873274,1,0.000002925884928117739,0.0034834733232855798,-0.0000029680663828912658,0.9999939799308777],"EasingStyle":"Linear","EasingDirection":"In"},"Torso":{"Weight":1,"CFrame":[-0.013895820826292038,-0.03244315832853317,-0.08319091796875,0.9998127222061157,-0.0006465416518040001,-0.019342441111803056,-0.0001415113074472174,0.9991709589958191,-0.04071309417486191,0.01935272477567196,0.040708206593990329,0.9989837408065796],"EasingStyle":"Linear","EasingDirection":"In"},"HumanoidRootPart":{"Weight":1,"CFrame":[0,0,0,1,0,0,0,1,0,0,0,1],"EasingStyle":"Linear","EasingDirection":"In"},"Right Leg":{"Weight":1,"CFrame":[0.2770492136478424,0.08785241842269898,0.07636570930480957,0.9549946784973145,0.18548759818077088,-0.2314728945493698,-0.1796964406967163,0.9826438426971436,0.04604898765683174,0.23599693179130555,-0.0023817208129912616,0.9717509150505066],"EasingStyle":"Linear","EasingDirection":"In"}}},{"Time":0.27586206793785097,"poses":{"Left Leg":{"Weight":1,"CFrame":[-0.32251104712486269,0.09628564119338989,0.09289765357971192,0.9167770147323608,-0.3109755516052246,0.2506276071071625,0.29236289858818056,0.9500351548194885,0.1093495786190033,-0.27211010456085207,-0.026974979788064958,0.9618879556655884],"EasingStyle":"Linear","EasingDirection":"In"},"Right Arm":{"Weight":1,"CFrame":[0.003955777268856764,-0.09706035256385803,0.04889655113220215,0.9889209866523743,-0.06014099344611168,-0.135714590549469,0.06896018236875534,0.9957379102706909,0.06124192103743553,0.13145294785499574,-0.06992243975400925,0.988853394985199],"EasingStyle":"Linear","EasingDirection":"In"},"Left Arm":{"Weight":1,"CFrame":[-0.004581764806061983,-0.11276721954345703,0.08054566383361817,0.9658973813056946,0.18067853152751923,-0.18546606600284577,-0.1614292562007904,0.9802508354187012,0.11423175781965256,0.202442467212677,-0.08039653301239014,0.975988507270813],"EasingStyle":"Linear","EasingDirection":"In"},"Head":{"Weight":1,"CFrame":[8.698316378286109e-8,5.386482371250168e-10,-1.1920928955078126e-7,0.9999901056289673,-0.000016814694390632213,-0.004446452017873526,0.000016833917470648886,1,0.000004292564881325234,0.004446452017873526,-0.0000043724035094783179,0.9999901056289673],"EasingStyle":"Linear","EasingDirection":"In"},"Torso":{"Weight":1,"CFrame":[0.005748540163040161,-0.032426416873931888,-0.10762286186218262,0.9998993277549744,-0.00043636190821416676,-0.014184574596583844,-0.00014151247160043567,0.9991709589958191,-0.040713120251894,0.014190579764544964,0.04071103036403656,0.9990701675415039],"EasingStyle":"Linear","EasingDirection":"In"},"HumanoidRootPart":{"Weight":1,"CFrame":[0,0,0,1,0,0,0,1,0,0,0,1],"EasingStyle":"Linear","EasingDirection":"In"},"Right Leg":{"Weight":1,"CFrame":[0.33039557933807375,0.10316616296768189,0.0785287618637085,0.9541594386100769,0.2115650475025177,-0.21170759201049806,-0.205266073346138,0.9773470759391785,0.05156134068965912,0.21782039105892182,-0.005741416476666927,0.9759719967842102],"EasingStyle":"Linear","EasingDirection":"In"}}},{"Time":0.3103448152542114,"poses":{"Left Leg":{"Weight":1,"CFrame":[-0.4512774646282196,0.09414249658584595,0.06863248348236084,0.926010012626648,-0.3464677929878235,0.14988547563552857,0.3388011157512665,0.9378796815872192,0.07480278611183167,-0.1664913147687912,-0.018486779183149339,0.9858696460723877],"EasingStyle":"Linear","EasingDirection":"In"},"Right Arm":{"Weight":1,"CFrame":[0.003957605920732021,-0.09713596105575562,0.0342252254486084,0.9749151468276978,-0.06424398720264435,-0.2131039798259735,0.07363930344581604,0.9966190457344055,0.03643854334950447,0.21004250645637513,-0.05121736228466034,0.9763498306274414],"EasingStyle":"Linear","EasingDirection":"In"},"Left Arm":{"Weight":1,"CFrame":[-0.004580860957503319,-0.11272802948951721,0.07748794555664063,0.9832512736320496,0.09967388957738877,-0.15258494019508363,-0.08301951736211777,0.9902467727661133,0.11188935488462448,0.16224908828735352,-0.09734783321619034,0.9819362163543701],"EasingStyle":"Linear","EasingDirection":"In"},"Head":{"Weight":1,"CFrame":[8.86557245394215e-8,-1.4155830285744742e-8,-1.1920928955078126e-7,0.9999849796295166,-0.0000239110340771731,-0.00549667701125145,0.000023944860004121439,1,0.000006094796844990924,0.005496679805219173,-0.000006230396138562355,0.9999849796295166],"EasingStyle":"Linear","EasingDirection":"In"},"Torso":{"Weight":1,"CFrame":[0.029093444347381593,-0.032410211861133578,-0.14687204360961915,0.9999651312828064,-0.00019858141604345292,-0.008349267765879631,-0.0001415151491528377,0.9991708397865295,-0.04071339592337608,0.008350429125130177,0.04071315750479698,0.9991359710693359],"EasingStyle":"Linear","EasingDirection":"In"},"HumanoidRootPart":{"Weight":1,"CFrame":[0,0,0,1,0,0,0,1,0,0,0,1],"EasingStyle":"Linear","EasingDirection":"In"},"Right Leg":{"Weight":1,"CFrame":[0.4231930077075958,0.12761437892913819,0.06647515296936035,0.9553152918815613,0.25076186656951907,-0.15649676322937013,-0.24402663111686707,0.967836856842041,0.0611787848174572,0.1668047159910202,-0.02025567553937435,0.9857819080352783],"EasingStyle":"Linear","EasingDirection":"In"}}},{"Time":0.3448275923728943,"poses":{"Left Leg":{"Weight":1,"CFrame":[-0.5908320546150208,0.10750943422317505,0.01595151424407959,0.9172977805137634,-0.3965214192867279,0.03654911741614342,0.39368999004364016,0.9168534874916077,0.06624194979667664,-0.05977659672498703,-0.04637454077601433,0.9971339702606201],"EasingStyle":"Linear","EasingDirection":"In"},"Right Arm":{"Weight":1,"CFrame":[0.003958785906434059,-0.09718659520149231,0.01955389976501465,0.9649714827537537,-0.0550856813788414,-0.25650665163993838,0.06371032446622849,0.9976444244384766,0.02542860433459282,0.25450167059898379,-0.040880098938941959,0.9662079811096191],"EasingStyle":"Linear","EasingDirection":"In"},"Left Arm":{"Weight":1,"CFrame":[-0.004579938016831875,-0.11269047856330872,0.07543826103210449,0.9904114603996277,0.053435057401657107,-0.12739652395248414,-0.04044949635863304,0.9939181208610535,0.10242319107055664,0.13209469616413117,-0.09628806263208389,0.9865493774414063],"EasingStyle":"Linear","EasingDirection":"In"},"Head":{"Weight":1,"CFrame":[8.93342075869441e-8,2.2776021069148557e-9,-4.76837158203125e-7,0.9999780654907227,-0.0000327710913552437,-0.006624454166740179,0.000032827359973452988,1,0.000008377756785193924,0.006624453701078892,-0.000008594346581958235,0.9999780654907227],"EasingStyle":"Linear","EasingDirection":"In"},"Torso":{"Weight":1,"CFrame":[0.055307213217020038,-0.03239448368549347,-0.1966841220855713,0.9999976754188538,0.00005345817771740258,-0.002163926837965846,-0.00014151593495626003,0.9991708397865295,-0.040713824331760409,0.002159956144168973,0.04071403667330742,0.9991685152053833],"EasingStyle":"Linear","EasingDirection":"In"},"HumanoidRootPart":{"Weight":1,"CFrame":[0,0,0,1,0,0,0,1,0,0,0,1],"EasingStyle":"Linear","EasingDirection":"In"},"Right Leg":{"Weight":1,"CFrame":[0.5320154428482056,0.1579088568687439,0.034131407737731937,0.9526134729385376,0.2934279143810272,-0.08017254620790482,-0.2878539264202118,0.9547945857048035,0.0742122083902359,0.09832429885864258,-0.0476175919175148,0.9940146207809448],"EasingStyle":"Linear","EasingDirection":"In"}}},{"Time":0.37931033968925478,"poses":{"Left Leg":{"Weight":1,"CFrame":[-0.6932769417762756,0.11917656660079956,-0.041147053241729739,0.900394082069397,-0.4319855570793152,-0.05176035687327385,0.43448352813720705,0.8989868760108948,0.05519717559218407,0.022687461227178575,-0.07218820601701737,0.9971330165863037],"EasingStyle":"Linear","EasingDirection":"In"},"Right Arm":{"Weight":1,"CFrame":[0.003959521185606718,-0.09721651673316956,0.006071925163269043,0.9606437087059021,-0.031134679913520814,-0.27603331208229067,0.03900045156478882,0.9989733099937439,0.023050585761666299,0.2750322222709656,-0.03290882706642151,0.9608716368675232],"EasingStyle":"Linear","EasingDirection":"In"},"Left Arm":{"Weight":1,"CFrame":[-0.004579115658998489,-0.11265546083450318,0.07419514656066895,0.9936269521713257,0.024706995114684106,-0.10997746139764786,-0.015153647400438786,0.9961045384407044,0.08686884492635727,0.1116952896118164,-0.0846487283706665,0.9901307225227356],"EasingStyle":"Linear","EasingDirection":"In"},"Head":{"Weight":1,"CFrame":[9.90839907899499e-8,-1.7622369341552259e-8,2.384185791015625e-7,0.999969482421875,-0.00004359024387667887,-0.007820078171789647,0.00004367875590105541,1,0.000011131879546155688,0.007820078171789647,-0.000011476047802716494,0.9999694228172302],"EasingStyle":"Linear","EasingDirection":"In"},"Torso":{"Weight":1,"CFrame":[0.08364890515804291,-0.03237909823656082,-0.24075794219970704,0.9999914169311523,0.0003110375255346298,0.00415746821090579,-0.00014151264622341841,0.9991708397865295,-0.04071426019072533,-0.004166685044765472,0.040713317692279819,0.9991621971130371],"EasingStyle":"Linear","EasingDirection":"In"},"HumanoidRootPart":{"Weight":1,"CFrame":[0,0,0,1,0,0,0,1,0,0,0,1],"EasingStyle":"Linear","EasingDirection":"In"},"Right Leg":{"Weight":1,"CFrame":[0.6169900298118591,0.18416500091552735,-0.007028698921203613,0.9458923935890198,0.324266254901886,-0.01179348025470972,-0.32203584909439089,0.9425984621047974,0.08832422643899918,0.039757147431373599,-0.07974734157323837,0.9960219860076904],"EasingStyle":"Linear","EasingDirection":"In"}}},{"Time":0.4137931168079376,"poses":{"Left Leg":{"Weight":1,"CFrame":[-0.7355966567993164,0.12271296977996826,-0.06891828775405884,0.8903720378875732,-0.44638681411743166,-0.08931155502796173,0.4512461721897125,0.8913314342498779,0.04364902898669243,0.0601218044757843,-0.07916537672281265,0.9950469136238098],"EasingStyle":"Linear","EasingDirection":"In"},"Right Arm":{"Weight":1,"CFrame":[0.00395988067612052,-0.09723255038261414,-0.0050307512283325199,0.9588733315467835,0.0028702886775135996,-0.2838199734687805,0.0045985025353729729,0.9996606111526489,0.02564512938261032,0.2837972044944763,-0.025895582512021066,0.9585345983505249],"EasingStyle":"Linear","EasingDirection":"In"},"Left Arm":{"Weight":1,"CFrame":[-0.0045784651301801209,-0.11262807250022888,0.07355666160583496,0.9950383901596069,0.009420894086360932,-0.09904523938894272,-0.002660076366737485,0.9976701736450195,0.06817086786031723,0.09945669770240784,-0.06756925582885742,0.992745041847229],"EasingStyle":"Linear","EasingDirection":"In"},"Head":{"Weight":1,"CFrame":[7.788912625983358e-8,5.806214176118374e-9,1.1920928955078126e-7,0.9999589323997498,-0.00005656334542436525,-0.009073852561414242,0.00005669705933541991,1,0.00001448449165764032,0.009073850698769093,-0.000015000168787082658,0.9999589323997498],"EasingStyle":"Linear","EasingDirection":"In"},"Torso":{"Weight":1,"CFrame":[0.11340020596981049,-0.03236399590969086,-0.25977659225463869,0.9999454617500305,0.0005665893550030887,0.010429205372929573,-0.0001415059668943286,0.9991708993911743,-0.04071464017033577,-0.010443625040352345,0.0407109409570694,0.9991164803504944],"EasingStyle":"Linear","EasingDirection":"In"},"HumanoidRootPart":{"Weight":1,"CFrame":[0,0,0,1,0,0,0,1,0,0,0,1],"EasingStyle":"Linear","EasingDirection":"In"},"Right Leg":{"Weight":1,"CFrame":[0.6461148858070374,0.19606149196624757,-0.027312755584716798,0.9425528049468994,0.333692729473114,0.015601291321218014,-0.33352410793304446,0.937384307384491,0.10036192834377289,0.018865717574954034,-0.09979981929063797,0.9948287606239319],"EasingStyle":"Linear","EasingDirection":"In"}}},{"Time":0.4482758641242981,"poses":{"Left Leg":{"Weight":1,"CFrame":[-0.700954258441925,0.1180620789527893,-0.02391338348388672,0.8957592248916626,-0.44360363483428957,-0.028830770403146745,0.4444267749786377,0.8951073288917542,0.035607218742370608,0.010011100210249424,-0.044708676636219028,0.9989498853683472],"EasingStyle":"Linear","EasingDirection":"In"},"Right Arm":{"Weight":1,"CFrame":[0.0039600166492164139,-0.09723794460296631,-0.01256471872329712,0.9556287527084351,0.041877325624227527,-0.2915821373462677,-0.03469488024711609,0.9989547729492188,0.029761917889118196,0.29252365231513979,-0.018324922770261766,0.9560827016830444],"EasingStyle":"Linear","EasingDirection":"In"},"Left Arm":{"Weight":1,"CFrame":[-0.004578016698360443,-0.11260944604873657,0.07332158088684082,0.995620608329773,0.0032469334546476604,-0.09343037009239197,0.0014104282017797232,0.9987613558769226,0.0497385673224926,0.09347610175609589,-0.049652691930532458,0.9943827390670776],"EasingStyle":"Linear","EasingDirection":"In"},"Head":{"Weight":1,"CFrame":[8.26521500130184e-8,7.62520357966423e-9,1.1920928955078126e-7,0.9999461770057678,-0.00007188513700384647,-0.010376079007983208,0.00007207986345747486,1,0.000018385626390227118,0.010376077145338059,-0.000019131755834678189,0.9999461770057678],"EasingStyle":"Linear","EasingDirection":"In"},"Torso":{"Weight":1,"CFrame":[0.14384286105632783,-0.03234916925430298,-0.24971365928649903,0.9998642206192017,0.000812549376860261,0.01646563783288002,-0.00014149739581625909,0.9991707801818848,-0.040714945644140246,-0.016485068947076799,0.04070708155632019,0.999035120010376],"EasingStyle":"Linear","EasingDirection":"In"},"HumanoidRootPart":{"Weight":1,"CFrame":[0,0,0,1,0,0,0,1,0,0,0,1],"EasingStyle":"Linear","EasingDirection":"In"},"Right Leg":{"Weight":1,"CFrame":[0.5970175266265869,0.1940329670906067,0.009231925010681153,0.9456530809402466,0.32212066650390627,-0.0444815568625927,-0.31607913970947268,0.9426853656768799,0.10695040971040726,0.07638311386108399,-0.0870782881975174,0.9932689070701599],"EasingStyle":"Linear","EasingDirection":"In"}}},{"Time":0.48275861144065859,"poses":{"Left Leg":{"Weight":1,"CFrame":[-0.5981374979019165,0.10806894302368164,0.06967508792877197,0.897879421710968,-0.42489349842071535,0.11523066461086273,0.4243246912956238,0.904991090297699,0.03065548464655876,-0.11730806529521942,0.02137032151222229,0.9928656816482544],"EasingStyle":"Linear","EasingDirection":"In"},"Right Arm":{"Weight":1,"CFrame":[0.003960049711167812,-0.09723952412605286,-0.015340268611907959,0.9469610452651978,0.08048801124095917,-0.311105340719223,-0.07397149503231049,0.9967238903045654,0.03270938619971275,0.31271877884864809,-0.00796172022819519,0.9498124718666077],"EasingStyle":"Linear","EasingDirection":"In"},"Left Arm":{"Weight":1,"CFrame":[-0.004577859304845333,-0.11260312795639038,0.0732879638671875,0.9957687854766846,0.001809096080251038,-0.09187723696231842,0.0014369579730555416,0.9993774890899658,0.035251159220933917,0.09188380092382431,-0.03523403778672218,0.9951462745666504],"EasingStyle":"Linear","EasingDirection":"In"},"Head":{"Weight":1,"CFrame":[9.114683052757755e-8,9.415089152753353e-9,0,0.9999314546585083,-0.00008975062519311905,-0.011717068031430245,0.00009002557635540143,1,0.000022938766051083804,0.01171706523746252,-0.000023988775865291246,0.9999313950538635],"EasingStyle":"Linear","EasingDirection":"In"},"Torso":{"Weight":1,"CFrame":[0.1742587387561798,-0.032334595918655398,-0.2228081226348877,0.9997557401657105,0.0010413600830361248,0.0220812875777483,-0.0001414884754922241,0.9991707801818848,-0.04071515053510666,-0.022105377167463304,0.04070207104086876,0.9989268779754639],"EasingStyle":"Linear","EasingDirection":"In"},"HumanoidRootPart":{"Weight":1,"CFrame":[0,0,0,1,0,0,0,1,0,0,0,1],"EasingStyle":"Linear","EasingDirection":"In"},"Right Leg":{"Weight":1,"CFrame":[0.48368558287620547,0.18396663665771485,0.07557129859924317,0.9406591057777405,0.2923199236392975,-0.1723642349243164,-0.27698683738708498,0.9548195004463196,0.10769433528184891,0.196057990193367,-0.053561072796583179,0.9791285395622253],"EasingStyle":"Linear","EasingDirection":"In"}}},{"Time":0.517241358757019,"poses":{"Left Leg":{"Weight":1,"CFrame":[-0.46021565794944765,0.09158843755722046,0.14517724514007569,0.8816539645195007,-0.3880298137664795,0.268550306558609,0.39619317650794985,0.9178145527839661,0.025448312982916833,-0.25635409355163576,0.0839611068367958,0.9629295468330383],"EasingStyle":"Linear","EasingDirection":"In"},"Right Arm":{"Weight":1,"CFrame":[0.003960045054554939,-0.0972394049167633,-0.015340268611907959,0.9297351241111755,0.11370238661766052,-0.35023486614227297,-0.10897213220596314,0.9934884905815125,0.033253926783800128,0.35173532366752627,0.007248484995216131,0.9360714554786682],"EasingStyle":"Linear","EasingDirection":"In"},"Left Arm":{"Weight":1,"CFrame":[-0.004577857907861471,-0.1126030683517456,0.07328784465789795,0.9957610368728638,0.0014800569042563439,-0.09196644276380539,0.0009247276466339827,0.9996589422225952,0.02609960362315178,0.091973677277565,-0.026074163615703584,0.9954200983047485],"EasingStyle":"Linear","EasingDirection":"In"},"Head":{"Weight":1,"CFrame":[6.626214599236846e-8,2.852175384759903e-9,0,0.9999144077301025,-0.000110354128992185,-0.013087108731269837,0.00011073188215959817,1,0.00002814722574839834,0.013087103143334389,-0.000029592883947771044,0.9999144077301025],"EasingStyle":"Linear","EasingDirection":"In"},"Torso":{"Weight":1,"CFrame":[0.20404888689517976,-0.03232021629810333,-0.18505382537841798,0.9996322989463806,0.001245472696609795,0.027090881019830705,-0.0001414816069882363,0.9991707801818848,-0.04071519896388054,-0.027119126170873643,0.040696389973163608,0.9988035559654236],"EasingStyle":"Linear","EasingDirection":"In"},"HumanoidRootPart":{"Weight":1,"CFrame":[0,0,0,1,0,0,0,1,0,0,0,1],"EasingStyle":"Linear","EasingDirection":"In"},"Right Leg":{"Weight":1,"CFrame":[0.43551105260849,0.18579089641571046,0.1375671625137329,0.8891184329986572,0.34857746958732607,-0.2965840995311737,-0.32143357396125796,0.9368926882743836,0.13752317428588868,0.3258049786090851,-0.026942377910017968,0.9450531005859375],"EasingStyle":"Linear","EasingDirection":"In"}}},{"Time":0.5517241358757019,"poses":{"Left Leg":{"Weight":1,"CFrame":[-0.334867388010025,0.07162332534790039,0.17593669891357423,0.8585034608840942,-0.3458256721496582,0.378650963306427,0.3666086494922638,0.9301941990852356,0.018355149775743486,-0.35856661200523379,0.1230587363243103,0.9253576397895813],"EasingStyle":"Linear","EasingDirection":"In"},"Right Arm":{"Weight":1,"CFrame":[0.003960059955716133,-0.09723946452140808,-0.01534038782119751,0.9055607914924622,0.13958463072776795,-0.40059441328048708,-0.13809484243392945,0.9898775219917297,0.03274711221456528,0.4011104106903076,0.0256654042750597,0.9156700968742371],"EasingStyle":"Linear","EasingDirection":"In"},"Left Arm":{"Weight":1,"CFrame":[-0.004577857907861471,-0.1126028299331665,0.07328784465789795,0.9957435727119446,0.0014442820101976395,-0.09215587377548218,0.00045221601612865925,0.9997886419296265,0.020554248243570329,0.09216605126857758,-0.02050856687128544,0.9955325126647949],"EasingStyle":"Linear","EasingDirection":"In"},"Head":{"Weight":1,"CFrame":[9.382802090840414e-8,5.9371814131736759e-9,-1.7881393432617188e-7,0.9998952150344849,-0.00013389020750764757,-0.014476516284048558,0.0001343973563052714,1,0.000034085805964423346,0.014476506970822811,-0.00003602733704610728,0.9998952150344849],"EasingStyle":"Linear","EasingDirection":"In"},"Torso":{"Weight":1,"CFrame":[0.23309078812599183,-0.03230602294206619,-0.1461033821105957,0.9995087385177612,0.0014173499075695873,0.03130941465497017,-0.00014147885667625815,0.9991707801818848,-0.040715090930461887,-0.031341154128313068,0.04069065675139427,0.9986802339553833],"EasingStyle":"Linear","EasingDirection":"In"},"HumanoidRootPart":{"Weight":1,"CFrame":[0,0,0,1,0,0,0,1,0,0,0,1],"EasingStyle":"Linear","EasingDirection":"In"},"Right Leg":{"Weight":1,"CFrame":[0.48595988750457766,0.19849646091461183,0.1957252025604248,0.7745221257209778,0.5150033831596375,-0.36726975440979006,-0.4568600654602051,0.8570239543914795,0.23830440640449525,0.4374864995479584,-0.016781184822320939,0.8990684151649475],"EasingStyle":"Linear","EasingDirection":"In"}}},{"Time":0.5862069129943848,"poses":{"Left Leg":{"Weight":1,"CFrame":[-0.2653743028640747,0.05249214172363281,0.17213034629821778,0.8517012000083923,-0.3158731460571289,0.4181258976459503,0.34419119358062746,0.9388641715049744,0.00816482212394476,-0.39514243602752688,0.13696129620075227,0.9083524942398071],"EasingStyle":"Linear","EasingDirection":"In"},"Right Arm":{"Weight":1,"CFrame":[0.003960049245506525,-0.09723895788192749,-0.015340328216552735,0.8790569305419922,0.15750451385974885,-0.4499458372592926,-0.16028065979480744,0.986545979976654,0.03220274671912193,0.44896432757377627,0.04380949214100838,0.8924750685691834],"EasingStyle":"Linear","EasingDirection":"In"},"Left Arm":{"Weight":1,"CFrame":[-0.004577859304845333,-0.11260241270065308,0.07328784465789795,0.995722770690918,0.0015751051250845194,-0.09237797558307648,0.00006177020259201527,0.9998431205749512,0.017713123932480813,0.09239136427640915,-0.017643161118030549,0.9955664873123169],"EasingStyle":"Linear","EasingDirection":"In"},"Head":{"Weight":1,"CFrame":[6.227492121979594e-8,1.2951204553246498e-8,3.5762786865234377e-7,0.9998740553855896,-0.00016055168816819787,-0.015875566750764848,0.00016122021770570427,1,0.00004080779763171449,0.0158755574375391,-0.000043365751480450857,0.9998739957809448],"EasingStyle":"Linear","EasingDirection":"In"},"Torso":{"Weight":1,"CFrame":[0.26138103008270266,-0.03229197859764099,-0.11652398109436035,0.9994018077850342,0.001549459877423942,0.034552015364170077,-0.0001414827274857089,0.9991707801818848,-0.040714770555496219,-0.03458644822239876,0.04068551957607269,0.9985733032226563],"EasingStyle":"Linear","EasingDirection":"In"},"HumanoidRootPart":{"Weight":1,"CFrame":[0,0,0,1,0,0,0,1,0,0,0,1],"EasingStyle":"Linear","EasingDirection":"In"},"Right Leg":{"Weight":1,"CFrame":[0.5480533838272095,0.1822962760925293,0.22035109996795655,0.6293748617172241,0.6883964538574219,-0.36055177450180056,-0.570201575756073,0.7243198752403259,0.38759657740592959,0.5279749035835266,-0.03835641220211983,0.848393440246582],"EasingStyle":"Linear","EasingDirection":"In"}}},{"Time":0.6206896305084229,"poses":{"Left Leg":{"Weight":1,"CFrame":[-0.25649982690811159,0.037586510181427,0.15940141677856446,0.862687349319458,-0.3058018684387207,0.40280988812446597,0.3363945782184601,0.9417049288749695,-0.005531770642846823,-0.3776363730430603,0.14027516543865205,0.9152670502662659],"EasingStyle":"Linear","EasingDirection":"In"},"Right Arm":{"Weight":1,"CFrame":[0.003960052505135536,-0.09723913669586182,-0.015340328216552735,0.8571317195892334,0.16767634451389314,-0.48704203963279726,-0.17441879212856294,0.9841558337211609,0.03186503425240517,0.48466822504997256,0.05763671547174454,0.8727970719337463],"EasingStyle":"Linear","EasingDirection":"In"},"Left Arm":{"Weight":1,"CFrame":[-0.004577861167490482,-0.11260294914245606,0.07328784465789795,0.9957053065299988,0.0017463302938267589,-0.09256285429000855,-0.00020369607955217361,0.9998610019683838,0.016671758145093919,0.09257908165454865,-0.016581404954195024,0.9955673217773438],"EasingStyle":"Linear","EasingDirection":"In"},"Head":{"Weight":1,"CFrame":[9.090763342101127e-8,-1.4202669262886048e-8,-5.960464477539063e-8,0.9998507499694824,-0.00019053541473113,-0.01727459579706192,0.00019139854703098536,1,0.00004829699173569679,0.017274586483836175,-0.00005159456122783013,0.9998508095741272],"EasingStyle":"Linear","EasingDirection":"In"},"Torso":{"Weight":1,"CFrame":[0.28891634941101076,-0.03227808326482773,-0.10357928276062012,0.9993274211883545,0.001634275889955461,0.0366339236497879,-0.00014149467460811138,0.9991708397865295,-0.04071421921253204,-0.03667008504271507,0.04068164899945259,0.9984990358352661],"EasingStyle":"Linear","EasingDirection":"In"},"HumanoidRootPart":{"Weight":1,"CFrame":[0,0,0,1,0,0,0,1,0,0,0,1],"EasingStyle":"Linear","EasingDirection":"In"},"Right Leg":{"Weight":1,"CFrame":[0.6119863986968994,0.11455917358398438,0.18825018405914308,0.5302904844284058,0.8100715279579163,-0.25015246868133547,-0.6401957273483276,0.5760385394096375,0.5082607865333557,0.5558249354362488,-0.10937925428152085,0.8240720629692078],"EasingStyle":"Linear","EasingDirection":"In"}}},{"Time":0.6551724076271057,"poses":{"Left Leg":{"Weight":1,"CFrame":[-0.28741177916526797,0.02482515573501587,0.1421440839767456,0.8843892216682434,-0.3084177076816559,0.35033437609672549,0.3373563587665558,0.9410927295684815,-0.023134147748351098,-0.32256215810775759,0.1386471539735794,0.9363389611244202],"EasingStyle":"Linear","EasingDirection":"In"},"Right Arm":{"Weight":1,"CFrame":[0.003960052505135536,-0.09723913669586182,-0.015340328216552735,0.8480255007743836,0.17089402675628663,-0.5016455054283142,-0.17938676476478578,0.9832673072814941,0.03