{"Sequence":[{"Time":0,"poses":{"Left Leg":{"Weight":1,"CFrame":[-0.3381487727165222,0.111427903175354,0.08708560466766358,0.9358107447624207,-0.2649410665035248,0.23251770436763764,0.25029972195625307,0.9638897776603699,0.09092110395431519,-0.24821020662784577,-0.026885828003287317,0.9683330655097961],"EasingStyle":"Linear","EasingDirection":"In"},"Right Arm":{"Weight":1,"CFrame":[-7.434829996100234e-8,-0.5533561110496521,-0.20289719104766847,-0.7244015336036682,-0.5498320460319519,-0.41584497690200808,0.6891898512840271,-0.5635057091712952,-0.45549821853637698,0.016116494312882425,-0.6165599226951599,0.7871431112289429],"EasingStyle":"Linear","EasingDirection":"In"},"Head":{"Weight":1,"CFrame":[8.742276236262114e-8,0,0,1,-6.357302595461079e-8,8.742277657347586e-8,6.357302595461079e-8,1,0,-8.742277657347586e-8,-2.0850114102149814e-15,1],"EasingStyle":"Linear","EasingDirection":"In"},"Right Leg":{"Weight":1,"CFrame":[0.320494681596756,0.11525309085845947,0.09486997127532959,0.9296669960021973,0.26244813203811648,-0.2585349380970001,-0.2456434816122055,0.9646053314208984,0.09589512646198273,0.27455171942710879,-0.025643179193139077,0.961230456829071],"EasingStyle":"Linear","EasingDirection":"In"},"Torso":{"Weight":1,"CFrame":[0,0,-0.1284322738647461,1,0,-8.742277657347586e-8,0,1,0,8.742277657347586e-8,0,1],"EasingStyle":"Linear","EasingDirection":"In"},"HumanoidRootPart":{"Weight":0,"CFrame":[0,0,0,1,0,0,0,1,0,0,0,1],"EasingStyle":"Linear","EasingDirection":"In"},"Left Arm":{"Weight":1,"CFrame":[0.3010018765926361,-0.5397818684577942,-0.030432701110839845,-0.6183318495750427,0.6826196312904358,-0.38948196172714236,-0.31927940249443056,-0.6710200905799866,-0.6691732406616211,-0.7181409001350403,-0.28941765427589419,0.632859468460083],"EasingStyle":"Linear","EasingDirection":"In"}}},{"Time":0.01666666753590107,"poses":{"Left Leg":{"Weight":1,"CFrame":[-0.3470322787761688,0.11193108558654785,0.08156061172485352,0.9426171779632568,-0.2543242573738098,0.2163148820400238,0.24163495004177094,0.9667531251907349,0.08367221057415009,-0.23040300607681275,-0.02660161256790161,0.9727317094802856],"EasingStyle":"Linear","EasingDirection":"In"},"Right Arm":{"Weight":1,"CFrame":[-0.006445356644690037,-0.5483062267303467,-0.19813382625579835,-0.6850877404212952,-0.6171614527702332,-0.38699695467948916,0.7189034819602966,-0.487028568983078,-0.4959646165370941,0.11761157959699631,-0.6179927587509155,0.7773367762565613],"EasingStyle":"Linear","EasingDirection":"In"},"Head":{"Weight":1,"CFrame":[8.751521818339825e-8,-1.3096723705530167e-10,-5.960464477539063e-8,0.9993119239807129,0.03697565943002701,0.002928963163867593,-0.03696467727422714,0.9993097186088562,-0.003718696301802993,-0.00306444289162755,0.003607869381085038,0.999988853931427],"EasingStyle":"Linear","EasingDirection":"In"},"Right Leg":{"Weight":1,"CFrame":[0.3043198883533478,0.11450344324111939,0.10743105411529541,0.9134272933006287,0.2822059988975525,-0.29327496886253359,-0.26249775290489199,0.9591600298881531,0.10538951307535172,0.3110392391681671,-0.019281698390841485,0.9502015113830566],"EasingStyle":"Linear","EasingDirection":"In"},"Torso":{"Weight":1,"CFrame":[-0.0011867964640259743,0.0028380220755934717,-0.12992215156555177,0.9992251396179199,-0.0392010398209095,-0.003528374480083585,0.03921354189515114,0.9992245435714722,0.003547523869201541,0.0033865717705339195,-0.0036831351462751629,0.9999874830245972],"EasingStyle":"Linear","EasingDirection":"In"},"HumanoidRootPart":{"Weight":0,"CFrame":[0,0,0,1,0,0,0,1,0,0,0,1],"EasingStyle":"Linear","EasingDirection":"In"},"Left Arm":{"Weight":1,"CFrame":[0.3065513074398041,-0.5392473340034485,-0.03650343418121338,-0.6712604761123657,0.60810786485672,-0.42380931973457339,-0.24627672135829926,-0.7222661972045898,-0.6462811231613159,-0.6991117596626282,-0.3294486105442047,0.6345915794372559],"EasingStyle":"Linear","EasingDirection":"In"}}},{"Time":0.03333333507180214,"poses":{"Left Leg":{"Weight":1,"CFrame":[-0.3588392436504364,0.10533004999160767,0.07627832889556885,0.9474524259567261,-0.2516777813434601,0.19746434688568116,0.24246446788311006,0.9676365852355957,0.06993208080530167,-0.2086741030216217,-0.018379203975200654,0.9778125882148743],"EasingStyle":"Linear","EasingDirection":"In"},"Right Arm":{"Weight":1,"CFrame":[-0.011894449591636658,-0.5340509414672852,-0.1849185824394226,-0.6402119398117065,-0.6752520203590393,-0.3662834167480469,0.7376187443733215,-0.4071592688560486,-0.538646399974823,0.21458622813224793,-0.6150252223014832,0.7587467432022095],"EasingStyle":"Linear","EasingDirection":"In"},"Head":{"Weight":1,"CFrame":[8.69622454047203e-8,-2.3283064365386964e-9,1.1920928955078126e-7,0.9972715377807617,0.07305257767438889,0.010631171986460686,-0.07290098071098328,0.9972408413887024,-0.014010246843099594,-0.011625323444604874,0.013196997344493866,0.9998453855514526],"EasingStyle":"Linear","EasingDirection":"In"},"Right Leg":{"Weight":1,"CFrame":[0.3005989193916321,0.11916255950927735,0.11969971656799317,0.8932528495788574,0.3143272399902344,-0.3213995397090912,-0.2886936366558075,0.9491113424301148,0.12587186694145204,0.34460893273353579,-0.019649464637041093,0.9385406970977783],"EasingStyle":"Linear","EasingDirection":"In"},"Torso":{"Weight":1,"CFrame":[-0.004617176949977875,0.0103371050208807,-0.13483357429504395,0.996837317943573,-0.07833714783191681,-0.013366498984396458,0.07850980013608933,0.996829628944397,0.012921375222504139,0.012311898171901703,-0.013929910026490689,0.9998271465301514],"EasingStyle":"Linear","EasingDirection":"In"},"HumanoidRootPart":{"Weight":0,"CFrame":[0,0,0,1,0,0,0,1,0,0,0,1],"EasingStyle":"Linear","EasingDirection":"In"},"Left Arm":{"Weight":1,"CFrame":[0.31177428364753725,-0.5376871228218079,-0.042872726917266849,-0.7128915190696716,0.5406917929649353,-0.44658491015434267,-0.1844356805086136,-0.7589583396911621,-0.6244724988937378,-0.6765865087509155,-0.3628150224685669,0.6407777667045593],"EasingStyle":"Linear","EasingDirection":"In"}}},{"Time":0.05000000074505806,"poses":{"Left Leg":{"Weight":1,"CFrame":[-0.3748612403869629,0.09406644105911255,0.07151412963867188,0.9499013423919678,-0.2572934031486511,0.17744748294353486,0.2521221339702606,0.9663243293762207,0.05149538815021515,-0.18472129106521607,-0.0041770837269723419,0.9827820658683777],"EasingStyle":"Linear","EasingDirection":"In"},"Right Arm":{"Weight":1,"CFrame":[-0.016464971005916597,-0.5119320750236511,-0.16486310958862306,-0.5895276069641113,-0.7256376147270203,-0.3548344373703003,0.7473381757736206,-0.32330331206321719,-0.580483078956604,0.30650103092193606,-0.6073920130729675,0.7328929305076599],"EasingStyle":"Linear","EasingDirection":"In"},"Head":{"Weight":1,"CFrame":[8.149072527885437e-8,5.122274160385132e-9,-5.960464477539063e-8,0.9939520955085754,0.10767361521720886,0.02157961018383503,-0.10701916366815567,0.9938198328018189,-0.0294826477766037,-0.024620745331048967,0.02699490450322628,0.9993323683738709],"EasingStyle":"Linear","EasingDirection":"In"},"Right Leg":{"Weight":1,"CFrame":[0.3081430494785309,0.12761014699935914,0.1320188045501709,0.8694831728935242,0.3561364710330963,-0.3422950506210327,-0.32173052430152895,0.9341170787811279,0.15464426577091218,0.3748181462287903,-0.024333901703357698,0.92677903175354],"EasingStyle":"Linear","EasingDirection":"In"},"Torso":{"Weight":1,"CFrame":[-0.010004594922065735,0.02104511857032776,-0.14389514923095704,0.9928176999092102,-0.11624733358621597,-0.02827993407845497,0.1169927716255188,0.992784321308136,0.0263063982129097,0.02501782588660717,-0.02942599728703499,0.9992539286613464],"EasingStyle":"Linear","EasingDirection":"In"},"HumanoidRootPart":{"Weight":0,"CFrame":[0,0,0,1,0,0,0,1,0,0,0,1],"EasingStyle":"Linear","EasingDirection":"In"},"Left Arm":{"Weight":1,"CFrame":[0.3166809678077698,-0.535165011882782,-0.0495108962059021,-0.7461811304092407,0.4819014370441437,-0.45933079719543459,-0.13418200612068177,-0.7846564054489136,-0.6052349209785461,-0.6520804166793823,-0.38998106122016909,0.6501584053039551],"EasingStyle":"Linear","EasingDirection":"In"}}},{"Time":0.06666667014360428,"poses":{"Left Leg":{"Weight":1,"CFrame":[-0.39615076780319216,0.08040153980255127,0.06744575500488281,0.9495592713356018,-0.27101197838783266,0.1577645093202591,0.26969924569129946,0.9624744653701782,0.030086981132626535,-0.15999825298786164,0.013979561626911164,0.9870184063911438],"EasingStyle":"Linear","EasingDirection":"In"},"Right Arm":{"Weight":1,"CFrame":[-0.020274437963962556,-0.4832901954650879,-0.13957971334457398,-0.5322004556655884,-0.7692511081695557,-0.35357505083084109,0.7498464584350586,-0.2343999296426773,-0.6186978816986084,0.3930560052394867,-0.5943983197212219,0.7015680074691773],"EasingStyle":"Linear","EasingDirection":"In"},"Head":{"Weight":1,"CFrame":[1.0244548320770264e-7,-2.7939677238464357e-9,3.5762786865234377e-7,0.9895172715187073,0.14026176929473878,0.03438452631235123,-0.13852278888225556,0.9891656637191773,-0.04860924184322357,-0.04083000496029854,0.0433366522192955,0.9982259273529053],"EasingStyle":"Linear","EasingDirection":"In"},"Right Leg":{"Weight":1,"CFrame":[0.32587113976478579,0.1380995512008667,0.14419209957122804,0.8425726890563965,0.4047013223171234,-0.355370432138443,-0.3593244254589081,0.9139094352722168,0.18882682919502259,0.40119487047195437,-0.03140711411833763,0.9154541492462158],"EasingStyle":"Linear","EasingDirection":"In"},"Torso":{"Weight":1,"CFrame":[-0.0169246643781662,0.033615842461586,-0.157822847366333,0.9873062372207642,-0.15175756812095643,-0.04686186462640762,0.1537383794784546,0.9872178435325623,0.0420197956264019,0.03988603875041008,-0.04869088530540466,0.9980171918869019],"EasingStyle":"Linear","EasingDirection":"In"},"HumanoidRootPart":{"Weight":0,"CFrame":[0,0,0,1,0,0,0,1,0,0,0,1],"EasingStyle":"Linear","EasingDirection":"In"},"Left Arm":{"Weight":1,"CFrame":[0.32128098607063296,-0.5317448973655701,-0.056388258934020999,-0.7734683752059937,0.43224355578422549,-0.46358615159988406,-0.09514549374580383,-0.8022900223731995,-0.5893030762672424,-0.6266530156135559,-0.41169920563697817,0.661672055721283],"EasingStyle":"Linear","EasingDirection":"In"}}},{"Time":0.0833333358168602,"poses":{"Left Leg":{"Weight":1,"CFrame":[-0.42345768213272097,0.0664224624633789,0.06427836418151856,0.9460979104042053,-0.2921411991119385,0.13982947170734406,0.29403018951416018,0.9557673335075378,0.007420683279633522,-0.13581238687038423,0.03409341722726822,0.9901478290557861],"EasingStyle":"Linear","EasingDirection":"In"},"Right Arm":{"Weight":1,"CFrame":[-0.023440510034561158,-0.4494677484035492,-0.11067992448806763,-0.4668615460395813,-0.806263267993927,-0.363290399312973,0.7465203404426575,-0.13908857107162476,-0.6506625413894653,0.47407573461532595,-0.574972927570343,0.6668271422386169],"EasingStyle":"Linear","EasingDirection":"In"},"Head":{"Weight":1,"CFrame":[1.1175870895385742e-7,-2.9802322387695315e-8,-5.960464477539063e-8,0.9842513799667358,0.17019012570381165,0.04779881611466408,-0.166680708527565,0.9835416674613953,-0.06973787397146225,-0.05888080969452858,0.06067245453596115,0.9964195489883423],"EasingStyle":"Linear","EasingDirection":"In"},"Right Leg":{"Weight":1,"CFrame":[0.35299739241600039,0.14898115396499635,0.1557307243347168,0.813225507736206,0.45705118775367739,-0.36023402214050295,-0.39954283833503725,0.8885679244995117,0.22541645169258119,0.42311933636665347,-0.03938551992177963,0.905217707157135],"EasingStyle":"Linear","EasingDirection":"In"},"Torso":{"Weight":1,"CFrame":[-0.024815380573272706,0.046824827790260318,-0.17722678184509278,0.9806463718414307,-0.18377141654491425,-0.06753344088792801,0.18776874244213105,0.9804677367210388,0.058531031012535098,0.05545802041888237,-0.07007890939712525,0.9959986805915833],"EasingStyle":"Linear","EasingDirection":"In"},"HumanoidRootPart":{"Weight":0,"CFrame":[0,0,0,1,0,0,0,1,0,0,0,1],"EasingStyle":"Linear","EasingDirection":"In"},"Left Arm":{"Weight":1,"CFrame":[0.3255842924118042,-0.5274918079376221,-0.06347548961639404,-0.7964702844619751,0.39156374335289,-0.46077436208724978,-0.06650085002183914,-0.8141160011291504,-0.5768818259239197,-0.6010098457336426,-0.42882755398750307,0.6744585633277893],"EasingStyle":"Linear","EasingDirection":"In"}}},{"Time":0.10000000149011612,"poses":{"Left Leg":{"Weight":1,"CFrame":[-0.45707714557647707,0.054145872592926028,0.06235182285308838,0.9393537640571594,-0.31939923763275149,0.12489441782236099,0.3236454725265503,0.9460629820823669,-0.014778707176446915,-0.11343778669834137,0.054303936660289767,0.9920600056648254],"EasingStyle":"Linear","EasingDirection":"In"},"Right Arm":{"Weight":1,"CFrame":[-0.02608077973127365,-0.41180533170700076,-0.07977575063705445,-0.39165282249450686,-0.8358816504478455,-0.38459062576293948,0.7381187081336975,-0.0358675979077816,-0.6737168431282044,0.5493530631065369,-0.547736644744873,0.6310275793075562],"EasingStyle":"Linear","EasingDirection":"In"},"Head":{"Weight":1,"CFrame":[7.450580596923828e-8,1.6763806343078614e-8,-2.384185791015625e-7,0.9785668849945068,0.19677461683750153,0.06071925908327103,-0.19088122248649598,0.9773751497268677,-0.09111715108156204,-0.07727504521608353,0.07757405936717987,0.9939873814582825],"EasingStyle":"Linear","EasingDirection":"In"},"Right Leg":{"Weight":1,"CFrame":[0.38904857635498049,0.15888255834579469,0.16597843170166017,0.7824580073356628,0.510333776473999,-0.35681766271591189,-0.44084906578063967,0.8586791753768921,0.2613855302333832,0.43978574872016909,-0.04722052067518234,0.8968605399131775],"EasingStyle":"Linear","EasingDirection":"In"},"Torso":{"Weight":1,"CFrame":[-0.03299950063228607,0.059581220149993899,-0.20255684852600099,0.9733909368515015,-0.2113412320613861,-0.08857174962759018,0.2180529534816742,0.9730910658836365,0.07447650283575058,0.07044842839241028,-0.09180808812379837,0.9932816028594971],"EasingStyle":"Linear","EasingDirection":"In"},"HumanoidRootPart":{"Weight":0,"CFrame":[0,0,0,1,0,0,0,1,0,0,0,1],"EasingStyle":"Linear","EasingDirection":"In"},"Left Arm":{"Weight":1,"CFrame":[0.329600989818573,-0.5224690437316895,-0.07074302434921265,-0.8163636326789856,0.3593052625656128,-0.45216166973114016,-0.047185588628053668,-0.821789562702179,-0.5678339600563049,-0.5756076574325562,-0.4422234892845154,0.6878331303596497],"EasingStyle":"Linear","EasingDirection":"In"}}},{"Time":0.11666666716337204,"poses":{"Left Leg":{"Weight":1,"CFrame":[-0.4951014518737793,0.045154690742492679,0.062026381492614749,0.9297652840614319,-0.3500542640686035,0.11401158571243286,0.3558732569217682,0.9338860511779785,-0.034802231937646869,-0.09429123997688294,0.07293161749839783,0.9928697347640991],"EasingStyle":"Linear","EasingDirection":"In"},"Right Arm":{"Weight":1,"CFrame":[-0.02831273525953293,-0.371644526720047,-0.048479437828063968,-0.30431419610977175,-0.8560850024223328,-0.4177455008029938,0.7245253324508667,0.07669678330421448,-0.6849676966667175,0.6184303760528565,-0.5111125111579895,0.5969154238700867],"EasingStyle":"Linear","EasingDirection":"In"},"Head":{"Weight":1,"CFrame":[1.0803341865539551e-7,-7.450580596923828e-9,1.1920928955078126e-7,0.9729883074760437,0.2192811667919159,0.07217758148908615,-0.210658997297287,0.9712448120117188,-0.11093421280384064,-0.09442788362503052,0.09273282438516617,0.9912033677101135],"EasingStyle":"Linear","EasingDirection":"In"},"Right Leg":{"Weight":1,"CFrame":[0.4324758052825928,0.16649025678634644,0.17371106147766114,0.7521468997001648,0.5612166523933411,-0.34541431069374087,-0.48135823011398318,0.8258651494979858,0.2936682403087616,0.45007723569869997,-0.054613713175058368,0.891318142414093],"EasingStyle":"Linear","EasingDirection":"In"},"Torso":{"Weight":1,"CFrame":[-0.040722161531448367,0.07092678546905518,-0.23296570777893067,0.9662736058235169,-0.23370361328125,-0.1081569492816925,0.24352121353149415,0.9658350348472595,0.08865846693515778,0.0837419405579567,-0.11200685799121857,0.9901726841926575],"EasingStyle":"Linear","EasingDirection":"In"},"HumanoidRootPart":{"Weight":0,"CFrame":[0,0,0,1,0,0,0,1,0,0,0,1],"EasingStyle":"Linear","EasingDirection":"In"},"Left Arm":{"Weight":1,"CFrame":[0.33334067463874819,-0.5167404413223267,-0.07816141843795777,-0.833896279335022,0.33468055725097659,-0.4388689696788788,-0.03602471202611923,-0.8264760375022888,-0.5618181824684143,-0.5507442355155945,-0.452688068151474,0.7012520432472229],"EasingStyle":"Linear","EasingDirection":"In"}}},{"Time":0.13333334028720857,"poses":{"Left Leg":{"Weight":1,"CFrame":[-0.5295518636703491,0.039208412170410159,0.06324982643127442,0.9194340705871582,-0.37811043858528139,0.10804416239261627,0.3849630355834961,0.9215213060379028,-0.0510098822414875,-0.08027766644954682,0.08849319070577622,0.992836594581604],"EasingStyle":"Linear","EasingDirection":"In"},"Right Arm":{"Weight":1,"CFrame":[-0.030254080891609193,-0.3303271532058716,-0.018402516841888429,-0.20239117741584779,-0.8633008599281311,-0.46233049035072329,0.7044326663017273,0.19962023198604585,-0.6811214089393616,0.680303156375885,-0.46353358030319216,0.567736029624939],"EasingStyle":"Linear","EasingDirection":"In"},"Head":{"Weight":1,"CFrame":[9.685754776000977e-8,3.725290298461914e-9,2.384185791015625e-7,0.9681153893470764,0.2369404137134552,0.08131392300128937,-0.2256866842508316,0.9658397436141968,-0.12735441327095033,-0.10871163010597229,0.10494229942560196,0.9885185956954956],"EasingStyle":"Linear","EasingDirection":"In"},"Right Leg":{"Weight":1,"CFrame":[0.4773297905921936,0.16965603828430177,0.1763904094696045,0.7266687154769898,0.6043678522109985,-0.3266373872756958,-0.5172737836837769,0.7942357659339905,0.318774938583374,0.4520845115184784,-0.06268290430307388,0.8897699117660523],"EasingStyle":"Linear","EasingDirection":"In"},"Torso":{"Weight":1,"CFrame":[-0.04719364643096924,0.08001452684402466,-0.26297521591186526,0.9601475596427918,-0.2502698600292206,-0.1244254782795906,0.26308199763298037,0.9595750570297241,0.10001814365386963,0.09436406195163727,-0.128766268491745,0.9871751070022583],"EasingStyle":"Linear","EasingDirection":"In"},"HumanoidRootPart":{"Weight":0,"CFrame":[0,0,0,1,0,0,0,1,0,0,0,1],"EasingStyle":"Linear","EasingDirection":"In"},"Left Arm":{"Weight":1,"CFrame":[0.33681344985961916,-0.5103711485862732,-0.08570092916488648,-0.8495016098022461,0.31677085161209109,-0.42190438508987429,-0.03178984299302101,-0.8289685845375061,-0.5583909153938294,-0.5266274809837341,-0.46094173192977908,0.7142802476882935],"EasingStyle":"Linear","EasingDirection":"In"}}},{"Time":0.15000000596046449,"poses":{"Left Leg":{"Weight":1,"CFrame":[-0.5527952313423157,0.035874783992767337,0.06615090370178223,0.910988450050354,-0.39811211824417117,0.10773535072803498,0.4057992398738861,0.9118757843971252,-0.06172157824039459,-0.07366913557052612,0.0999465137720108,0.9922618865966797],"EasingStyle":"Linear","EasingDirection":"In"},"Right Arm":{"Weight":1,"CFrame":[-0.03202228248119354,-0.28919458389282229,0.008842825889587403,-0.08369210362434387,-0.8521092534065247,-0.5166288614273071,0.6750048398971558,0.3329095244407654,-0.6584374308586121,0.7330512404441834,-0.40383297204971316,0.5473161339759827],"EasingStyle":"Linear","EasingDirection":"In"},"Head":{"Weight":1,"CFrame":[1.0803341865539551e-7,-2.60770320892334e-8,-5.960464477539063e-8,0.9645676016807556,0.248964324593544,0.08732911199331284,-0.23572933673858643,0.961891233921051,-0.13855303823947907,-0.1184958815574646,0.11305771768093109,0.9864972233772278],"EasingStyle":"Linear","EasingDirection":"In"},"Right Leg":{"Weight":1,"CFrame":[0.517848014831543,0.16685938835144044,0.17204034328460694,0.7112699747085571,0.6350780129432678,-0.3012823164463043,-0.5455313920974731,0.7690285444259644,0.3331524133682251,0.44327250123023989,-0.07260244339704514,0.893441915512085],"EasingStyle":"Linear","EasingDirection":"In"},"Torso":{"Weight":1,"CFrame":[-0.051626771688461307,0.08606041967868805,-0.2858896255493164,0.9558979868888855,-0.26056522130966189,-0.13551701605319978,0.2756325900554657,0.9552246928215027,0.10757552832365036,0.10141874104738236,-0.14018411934375764,0.9849177002906799],"EasingStyle":"Linear","EasingDirection":"In"},"HumanoidRootPart":{"Weight":0,"CFrame":[0,0,0,1,0,0,0,1,0,0,0,1],"EasingStyle":"Linear","EasingDirection":"In"},"Left Arm":{"Weight":1,"CFrame":[0.3400290608406067,-0.5034250617027283,-0.09333229064941406,-0.863400399684906,0.3045843243598938,-0.4022042155265808,-0.03322257846593857,-0.829796314239502,-0.5570766925811768,-0.5034244656562805,-0.46761801838874819,0.7265654802322388],"EasingStyle":"Linear","EasingDirection":"In"}}},{"Time":0.1666666716337204,"poses":{"Left Leg":{"Weight":1,"CFrame":[-0.5583698749542236,0.034795284271240237,0.07075011730194092,0.9069738388061523,-0.4055200219154358,0.11380664259195328,0.4141150116920471,0.9078819155693054,-0.06526175886392594,-0.07685807347297669,0.10631976276636124,0.991357147693634],"EasingStyle":"Linear","EasingDirection":"In"},"Right Arm":{"Weight":1,"CFrame":[-0.03373505175113678,-0.24958741664886475,0.03164470195770264,0.05282754451036453,-0.8151999711990356,-0.5767653584480286,0.6316404342651367,0.4746309220790863,-0.6129892468452454,0.7734594941139221,-0.3319256007671356,0.5399869680404663],"EasingStyle":"Linear","EasingDirection":"In"},"Head":{"Weight":1,"CFrame":[8.568167686462403e-8,1.862645149230957e-8,-5.960464477539063e-8,0.9629136919975281,0.2545631229877472,0.08941393345594406,-0.24056078493595124,0.9600822925567627,-0.1427324414253235,-0.12217912822961807,0.11592954397201538,0.985714316368103],"EasingStyle":"Linear","EasingDirection":"In"},"Right Leg":{"Weight":1,"CFrame":[0.5487261414527893,0.15754938125610352,0.15941011905670167,0.7111695408821106,0.6491029262542725,-0.2700061500072479,-0.5633350610733032,0.7559282779693604,0.33350566029548647,0.42058491706848147,-0.08507516980171204,0.9032555818557739],"EasingStyle":"Linear","EasingDirection":"In"},"Torso":{"Weight":1,"CFrame":[-0.053264737129211429,0.08826781809329987,-0.29500365257263186,0.9543322324752808,-0.2641197443008423,-0.13960926234722138,0.2800634503364563,0.9536197781562805,0.11033476144075394,0.10399256646633148,-0.14439545571804048,0.9840404987335205],"EasingStyle":"Linear","EasingDirection":"In"},"HumanoidRootPart":{"Weight":0,"CFrame":[0,0,0,1,0,0,0,1,0,0,0,1],"EasingStyle":"Linear","EasingDirection":"In"},"Left Arm":{"Weight":1,"CFrame":[0.34299734234809878,-0.49596527218818667,-0.10102611780166626,-0.8756887912750244,0.297084778547287,-0.3806702494621277,-0.039037395268678668,-0.8293143510818481,-0.557417094707489,-0.48129546642303469,-0.47326356172561648,0.737818717956543],"EasingStyle":"Linear","EasingDirection":"In"}}},{"Time":0.18333333730697633,"poses":{"Left Leg":{"Weight":1,"CFrame":[-0.5411498546600342,0.03136253356933594,0.07392668724060059,0.9091188311576843,-0.39804723858833315,0.12272504717111588,0.4074726402759552,0.9109894037246704,-0.06375300884246826,-0.08642452210187912,0.1079661175608635,0.9903908967971802],"EasingStyle":"Linear","EasingDirection":"In"},"Right Arm":{"Weight":1,"CFrame":[-0.035486429929733279,-0.21261784434318543,0.05000185966491699,0.21531687676906587,-0.7426543235778809,-0.6341161131858826,0.5886615514755249,0.616815447807312,-0.522509753704071,0.7791767120361328,-0.2607745826244354,0.5699828267097473],"EasingStyle":"Linear","EasingDirection":"In"},"Head":{"Weight":1,"CFrame":[0,4.842877388000488e-8,-1.1920928955078126e-7,0.9624728560447693,0.2564857006072998,0.0886637419462204,-0.2426367998123169,0.9596454501152039,-0.14215515553951264,-0.12154652923345566,0.11530736833810806,0.9858655333518982],"EasingStyle":"Linear","EasingDirection":"In"},"Right Leg":{"Weight":1,"CFrame":[0.5618880987167358,0.14179778099060059,0.14021849632263184,0.7251458764076233,0.6469076871871948,-0.23595327138900758,-0.5693812966346741,0.7560110092163086,0.32288119196891787,0.3872576653957367,-0.09978856891393662,0.9165554642677307],"EasingStyle":"Linear","EasingDirection":"In"},"Torso":{"Weight":1,"CFrame":[-0.05336958169937134,0.08789774775505066,-0.2851138114929199,0.9544249773025513,-0.26421260833740237,-0.13879747688770295,0.27998873591423037,0.9536951184272766,0.10987218469381333,0.10334087163209915,-0.14372648298740388,0.9842069745063782],"EasingStyle":"Linear","EasingDirection":"In"},"HumanoidRootPart":{"Weight":0,"CFrame":[0,0,0,1,0,0,0,1,0,0,0,1],"EasingStyle":"Linear","EasingDirection":"In"},"Left Arm":{"Weight":1,"CFrame":[0.34572839736938479,-0.4880567789077759,-0.10875242948532105,-0.886085569858551,0.2972409129142761,-0.3556688725948334,-0.04937770217657089,-0.823482871055603,-0.565188467502594,-0.46088436245918276,-0.4832431972026825,0.7443532347679138],"EasingStyle":"Linear","EasingDirection":"In"}}},{"Time":0.20000000298023225,"poses":{"Left Leg":{"Weight":1,"CFrame":[-0.5045444369316101,0.023559927940368654,0.07321178913116455,0.9163492918014526,-0.3785238564014435,0.13047485053539277,0.38842955231666567,0.9194936752319336,-0.06044689565896988,-0.09709025174379349,0.10607075691223145,0.9896072745323181],"EasingStyle":"Linear","EasingDirection":"In"},"Right Arm":{"Weight":1,"CFrame":[-0.037276193499565127,-0.17847448587417603,0.06521403789520264,0.4010934829711914,-0.6310304999351502,-0.6640214323997498,0.5457858443260193,0.746796190738678,-0.380018025636673,0.7356914281845093,-0.20999068021774293,0.6439425349235535],"EasingStyle":"Linear","EasingDirection":"In"},"Head":{"Weight":1,"CFrame":[1.0803341865539551e-7,-5.21540641784668e-8,1.1920928955078126e-7,0.9622324109077454,0.2580203413963318,0.08680061995983124,-0.24460826814174653,0.9594164490699768,-0.14031009376049043,-0.11948082596063614,0.11377876996994019,0.9862955212593079],"EasingStyle":"Linear","EasingDirection":"In"},"Right Leg":{"Weight":1,"CFrame":[0.5563654899597168,0.12220960855484009,0.11853361129760742,0.746577262878418,0.6337287425994873,-0.20250990986824037,-0.5659676194190979,0.7649778723716736,0.3073917329311371,0.34971851110458376,-0.11487764865159989,0.9297850131988525],"EasingStyle":"Linear","EasingDirection":"In"},"Torso":{"Weight":1,"CFrame":[-0.05365130305290222,0.0868130475282669,-0.26003527641296389,0.954693615436554,-0.26448193192481997,-0.136416494846344,0.2797718942165375,0.9539139866828919,0.10851630568504334,0.10142900794744492,-0.14176532626152039,0.9846901893615723],"EasingStyle":"Linear","EasingDirection":"In"},"HumanoidRootPart":{"Weight":0,"CFrame":[0,0,0,1,0,0,0,1,0,0,0,1],"EasingStyle":"Linear","EasingDirection":"In"},"Left Arm":{"Weight":1,"CFrame":[0.34823209047317507,-0.47976386547088625,-0.1164819598197937,-0.8944283127784729,0.3065573275089264,-0.3256080746650696,-0.06479936838150025,-0.809240460395813,-0.5838929414749146,-0.44249188899993899,-0.5011512041091919,0.7436723709106445],"EasingStyle":"Linear","EasingDirection":"In"}}},{"Time":0.21666666865348817,"poses":{"Left Leg":{"Weight":1,"CFrame":[-0.4542430639266968,0.01472020149230957,0.06936609745025635,0.9267560839653015,-0.34974345564842226,0.13712286949157716,0.359706848859787,0.9314161539077759,-0.05545317009091377,-0.1083240658044815,0.10071562975645066,0.9890006184577942],"EasingStyle":"Linear","EasingDirection":"In"},"Right Arm":{"Weight":1,"CFrame":[-0.03908085823059082,-0.14711669087409974,0.0776221752166748,0.5864702463150024,-0.49119076132774355,-0.6440374255180359,0.48122650384902956,0.8508881330490112,-0.21073834598064423,0.6515164971351624,-0.18633611500263215,0.7353946566581726],"EasingStyle":"Linear","EasingDirection":"In"},"Head":{"Weight":1,"CFrame":[1.2665987014770509e-7,-2.9802322387695315e-8,0,0.9621731638908386,0.2592003047466278,0.08389288187026978,-0.24647901952266694,0.9593780636787415,-0.1372653990983963,-0.11606421321630478,0.11139523237943649,0.986975371837616],"EasingStyle":"Linear","EasingDirection":"In"},"Right Leg":{"Weight":1,"CFrame":[0.5368889570236206,0.10232031345367432,0.09645998477935791,0.7723031640052795,0.6119754314422607,-0.17039331793785096,-0.5546632409095764,0.7803704738616943,0.2887398302555084,0.30967164039611819,-0.1284838765859604,0.9421228170394898],"EasingStyle":"Linear","EasingDirection":"In"},"Torso":{"Weight":1,"CFrame":[-0.054059743881225589,0.08505129814147949,-0.22665953636169434,0.9551199078559876,-0.2649100124835968,-0.13254694640636445,0.27942612767219546,0.9542633295059204,0.10631412267684937,0.09832099825143814,-0.1385798305273056,0.9854586124420166],"EasingStyle":"Linear","EasingDirection":"In"},"HumanoidRootPart":{"Weight":0,"CFrame":[0,0,0,1,0,0,0,1,0,0,0,1],"EasingStyle":"Linear","EasingDirection":"In"},"Left Arm":{"Weight":1,"CFrame":[0.3505179286003113,-0.47114989161491396,-0.12418520450592041,-0.900897204875946,0.3217410147190094,-0.2913193702697754,-0.08439935743808747,-0.7882406711578369,-0.609551727771759,-0.4257475733757019,-0.5245563387870789,0.7372786402702332],"EasingStyle":"Linear","EasingDirection":"In"}}},{"Time":0.23333333432674409,"poses":{"Left Leg":{"Weight":1,"CFrame":[-0.3973081111907959,0.007719993591308594,0.06354010105133057,0.9381890892982483,-0.3153199553489685,0.14273975789546967,0.32487472891807558,0.9444933533668518,-0.048874229192733768,-0.11940573900938034,0.09222579747438431,0.9885528683662415],"EasingStyle":"Linear","EasingDirection":"In"},"Right Arm":{"Weight":1,"CFrame":[-0.040876924991607669,-0.11850342154502869,0.08756744861602783,0.7447750568389893,-0.34464120864868166,-0.5714302659034729,0.3886735439300537,0.9201058149337769,-0.04835604131221771,0.542441725730896,-0.18608547747135163,0.8192247748374939],"EasingStyle":"Linear","EasingDirection":"In"},"Head":{"Weight":1,"CFrame":[1.1920928955078126e-7,4.842877388000488e-8,-2.384185791015625e-7,0.962272047996521,0.26006051898002627,0.08000698685646057,-0.2482486069202423,0.959510326385498,-0.1330891102552414,-0.1113787516951561,0.10820630192756653,0.9878695011138916],"EasingStyle":"Linear","EasingDirection":"In"},"Right Leg":{"Weight":1,"CFrame":[0.5093998312950134,0.08467715978622437,0.07583320140838623,0.7989447712898254,0.5847927927970886,-0.14037321507930757,-0.5378018617630005,0.7991864681243897,0.26845866441726687,0.269177109003067,-0.13899071514606477,0.9530085325241089],"EasingStyle":"Linear","EasingDirection":"In"},"Torso":{"Weight":1,"CFrame":[-0.05454406142234802,0.08264946937561035,-0.19188380241394044,0.9556810259819031,-0.26547423005104067,-0.1272684931755066,0.2789672911167145,0.9547272324562073,0.10331183671951294,0.09408006072044373,-0.1342369168996811,0.9864732027053833],"EasingStyle":"Linear","EasingDirection":"In"},"HumanoidRootPart":{"Weight":0,"CFrame":[0,0,0,1,0,0,0,1,0,0,0,1],"EasingStyle":"Linear","EasingDirection":"In"},"Left Arm":{"Weight":1,"CFrame":[0.3525964319705963,-0.46228012442588808,-0.13183265924453736,-0.9057018160820007,0.33961716294288638,-0.2537015378475189,-0.1070745438337326,-0.7623412013053894,-0.6382562518119812,-0.41016989946365359,-0.5509048104286194,0.7268181443214417],"EasingStyle":"Linear","EasingDirection":"In"}}},{"Time":0.25,"poses":{"Left Leg":{"Weight":1,"CFrame":[-0.3450455367565155,0.004916965961456299,0.05762004852294922,0.948194146156311,-0.28142669796943667,0.14740069210529328,0.29011762142181399,0.9561221599578857,-0.04077020287513733,-0.1294592022895813,0.0814216136932373,0.9882362484931946],"EasingStyle":"Linear","EasingDirection":"In"},"Right Arm":{"Weight":1,"CFrame":[-0.04264046251773834,-0.09259328246116638,0.09539008140563965,0.8586685657501221,-0.21415375173091889,-0.46564629673957827,0.278976708650589,0.9574337601661682,0.07411277294158936,0.4299539625644684,-0.19354282319545747,0.8818621635437012],"EasingStyle":"Linear","EasingDirection":"In"},"Head":{"Weight":1,"CFrame":[1.2665987014770509e-7,-2.2351741790771486e-8,0,0.9625028371810913,0.2606378197669983,0.07520806044340134,-0.24991340935230256,0.9597905874252319,-0.12784934043884278,-0.10550636053085327,0.10425984114408493,0.9889379739761353],"EasingStyle":"Linear","EasingDirection":"In"},"Right Leg":{"Weight":1,"CFrame":[0.48264601826667788,0.07053506374359131,0.05829167366027832,0.822730541229248,0.5570394396781921,-0.1132320836186409,-0.5195446610450745,0.8177226781845093,0.2477964460849762,0.2306249439716339,-0.1450406312942505,0.9621723294258118],"EasingStyle":"Linear","EasingDirection":"In"},"Torso":{"Weight":1,"CFrame":[-0.05505293607711792,0.0796440839767456,-0.1626112461090088,0.9563504457473755,-0.2661484479904175,-0.12066011130809784,0.2784132957458496,0.9552878141403198,0.09955506771802902,0.08876872062683106,-0.12880291044712068,0.987689197063446],"EasingStyle":"Linear","EasingDirection":"In"},"HumanoidRootPart":{"Weight":0,"CFrame":[0,0,0,1,0,0,0,1,0,0,0,1],"EasingStyle":"Linear","EasingDirection":"In"},"Left Arm":{"Weight":1,"CFrame":[0.3544768989086151,-0.45321759581565859,-0.1393948793411255,-0.9091668725013733,0.35730665922164919,-0.21388696134090424,-0.13162289559841157,-0.7338501214981079,-0.6664378643035889,-0.39508381485939028,-0.5777508020401001,0.7142219543457031],"EasingStyle":"Linear","EasingDirection":"In"}}},{"Time":0.2666666805744171,"poses":{"Left Leg":{"Weight":1,"CFrame":[-0.3049294650554657,0.006590127944946289,0.052933692932128909,0.9557346105575562,-0.25241950154304507,0.15118160843849183,0.2598441243171692,0.9651456475257874,-0.031223710626363756,-0.13803081214427949,0.069125235080719,0.9880127310752869],"EasingStyle":"Linear","EasingDirection":"In"},"Right Arm":{"Weight":1,"CFrame":[-0.04434816539287567,-0.06934553384780884,0.10143101215362549,0.9295610189437866,-0.10869788378477097,-0.35227975249290469,0.1703948676586151,0.9740335941314697,0.14907735586166383,0.32692793011665347,-0.19860324263572694,0.9239453673362732],"EasingStyle":"Linear","EasingDirection":"In"},"Head":{"Weight":1,"CFrame":[7.078051567077637e-8,-7.450580596923828e-9,0,0.9628375768661499,0.2609700560569763,0.06956037878990174,-0.25146764516830447,0.9601947665214539,-0.1216145008802414,-0.09852926433086395,0.09960279613733292,0.9901370406150818],"EasingStyle":"Linear","EasingDirection":"In"},"Right Leg":{"Weight":1,"CFrame":[0.46150875091552737,0.0595095157623291,0.04437732696533203,0.8421560525894165,0.5317195653915405,-0.08970708400011063,-0.5024718642234802,0.8341806530952454,0.22729919850826264,0.19569134712219239,-0.14634612202644349,0.969684362411499],"EasingStyle":"Linear","EasingDirection":"In"},"Torso":{"Weight":1,"CFrame":[-0.05553466081619263,0.07607132196426392,-0.1411142349243164,0.9570990204811096,-0.26690366864204409,-0.11280045658349991,0.2777833938598633,0.9559259414672852,0.0950891450047493,0.08244925737380982,-0.12234381586313248,0.989057183265686],"EasingStyle":"Linear","EasingDirection":"In"},"HumanoidRootPart":{"Weight":0,"CFrame":[0,0,0,1,0,0,0,1,0,0,0,1],"EasingStyle":"Linear","EasingDirection":"In"},"Left Arm":{"Weight":1,"CFrame":[0.35616961121559145,-0.4440265893936157,-0.14684218168258668,-0.9117749333381653,0.3723527491092682,-0.17326226830482484,-0.15682989358901978,-0.7055858969688416,-0.6910521388053894,-0.37956663966178896,-0.6029112935066223,0.7017316222190857],"EasingStyle":"Linear","EasingDirection":"In"}}},{"Time":0.28333333134651186,"poses":{"Left Leg":{"Weight":1,"CFrame":[-0.27433478832244875,0.01122969388961792,0.04919922351837158,0.9615902304649353,-0.22711379826068879,0.1541549116373062,0.23290687799453736,0.9722855091094971,-0.020378900691866876,-0.1452542394399643,0.05549987778067589,0.9878365397453308],"EasingStyle":"Linear","EasingDirection":"In"},"Right Arm":{"Weight":1,"CFrame":[-0.04597638547420502,-0.04871910810470581,0.10603141784667969,0.969334602355957,-0.025728611275553705,-0.24439431726932527,0.07432738691568375,0.9786197543144226,0.19177795946598054,0.23423489928245545,-0.20406223833560944,0.9505223035812378],"EasingStyle":"Linear","EasingDirection":"In"},"Head":{"Weight":1,"CFrame":[6.705522537231445e-8,7.450580596923828e-9,2.384185791015625e-7,0.9632465839385986,0.2610955536365509,0.06312762200832367,-0.2529038190841675,0.9606977701187134,-0.1144532859325409,-0.09052981436252594,0.09428152441978455,0.9914209246635437],"EasingStyle":"Linear","EasingDirection":"In"},"Right Leg":{"Weight":1,"CFrame":[0.44313478469848635,0.050667762756347659,0.03365063667297363,0.858668863773346,0.5076638460159302,-0.07046475261449814,-0.4852662980556488,0.8495146632194519,0.20698194205760957,0.16493818163871766,-0.14353476464748383,0.9758039712905884],"EasingStyle":"Linear","EasingDirection":"In"},"Torso":{"Weight":1,"CFrame":[-0.055937498807907107,0.07196743786334992,-0.12460827827453613,0.9578956365585327,-0.2677091062068939,-0.10376808047294617,0.2770980894565582,0.9566212296485901,0.0899592712521553,0.07518383115530014,-0.11492554098367691,0.9905248880386353],"EasingStyle":"Linear","EasingDirection":"In"},"HumanoidRootPart":{"Weight":0,"CFrame":[0,0,0,1,0,0,0,1,0,0,0,1],"EasingStyle":"Linear","EasingDirection":"In"},"Left Arm":{"Weight":1,"CFrame":[0.35768428444862368,-0.43477165699005129,-0.1541452407836914,-0.9141656160354614,0.3827682137489319,-0.1333780437707901,-0.18151670694351197,-0.6807916164398193,-0.7096298933029175,-0.36242642998695376,-0.6245089173316956,0.6918351054191589],"EasingStyle":"Linear","EasingDirection":"In"}}},{"Time":0.30000001192092898,"poses":{"Left Leg":{"Weight":1,"CFrame":[-0.25386643409729006,0.01843339204788208,0.04660177230834961,0.9659587740898132,-0.20606951415538789,0.156393900513649,0.20991940796375276,0.9776832461357117,-0.008330432698130608,-0.15118707716464997,0.04087695851922035,0.9876596331596375],"EasingStyle":"Linear","EasingDirection":"In"},"Right Arm":{"Weight":1,"CFrame":[-0.04750131070613861,-0.030672460794448854,0.10953164100646973,0.9881297945976257,0.03669256716966629,-0.14917519688606263,-0.004405861720442772,0.9774259328842163,0.2112322449684143,0.15355834364891053,-0.20806771516799928,0.9659853577613831],"EasingStyle":"Linear","EasingDirection":"In"},"Head":{"Weight":1,"CFrame":[4.842877388000488e-8,-4.842877388000488e-8,4.76837158203125e-7,0.9637003540992737,0.26105305552482607,0.055973462760448459,-0.25421378016471865,0.9612736701965332,-0.10643480718135834,-0.08159094303846359,0.08834201842546463,0.9927429556846619],"EasingStyle":"Linear","EasingDirection":"In"},"Right Leg":{"Weight":1,"CFrame":[0.4272928237915039,0.043535828590393069,0.025972843170166017,0.8726650476455689,0.48508113622665408,-0.05614291504025459,-0.4680543541908264,0.8636807799339294,0.18703125417232514,0.13921493291854859,-0.13693776726722718,0.9807484149932861],"EasingStyle":"Linear","EasingDirection":"In"},"Torso":{"Weight":1,"CFrame":[-0.0562099814414978,0.06736864149570465,-0.1124119758605957,0.9587081670761108,-0.2685329020023346,-0.09364180266857147,0.2763783931732178,0.9573524594306946,0.08421076834201813,0.06703484058380127,-0.1066141352057457,0.9920381903648377],"EasingStyle":"Linear","EasingDirection":"In"},"HumanoidRootPart":{"Weight":0,"CFrame":[0,0,0,1,0,0,0,1,0,0,0,1],"EasingStyle":"Linear","EasingDirection":"In"},"Left Arm":{"Weight":1,"CFrame":[0.3590307831764221,-0.42551639676094057,-0.16127419471740724,-0.917097806930542,0.3869815468788147,-0.0957968682050705,-0.2045210748910904,-0.662966787815094,-0.7201709151268005,-0.3422030508518219,-0.6408747434616089,0.6871512532234192],"EasingStyle":"Linear","EasingDirection":"In"}}},{"Time":0.3166666626930237,"poses":{"Left Leg":{"Weight":1,"CFrame":[-0.243244931101799,0.027975142002105714,0.04514145851135254,0.9691230058670044,-0.18933027982711793,0.15797041356563569,0.19097620248794557,0.9815828204154968,0.004835378844290972,-0.1559765487909317,0.025482509285211564,0.987432062625885],"EasingStyle":"Linear","EasingDirection":"In"},"Right Arm":{"Weight":1,"CFrame":[-0.04889965057373047,-0.015166163444519043,0.11227262020111084,0.9942395687103272,0.08171550184488297,-0.06935665756464005,-0.06499272584915161,0.9742023348808289,0.2161151021718979,0.08522738516330719,-0.2103625237941742,0.9739013910293579],"EasingStyle":"Linear","EasingDirection":"In"},"Head":{"Weight":1,"CFrame":[6.705522537231445e-8,-5.21540641784668e-8,-1.1920928955078126e-7,0.9641687870025635,0.2608812153339386,0.048161789774894717,-0.2553896903991699,0.9618964791297913,-0.09762892872095108,-0.07179620862007141,0.08183073252439499,0.9940568804740906],"EasingStyle":"Linear","EasingDire