{"Sequence":[{"Time":0,"poses":{"Left Leg":{"Weight":1,"CFrame":[-0.0017859935760498047,0.03995794057846069,0.00042107701301574707,0.9722877144813538,-0.044649846851825717,0.22948423027992249,0.04587411880493164,0.998947262763977,0,-0.22924263775348664,0.010527387261390686,0.9733123779296875],"EasingStyle":"Constant","EasingDirection":"In"},"Right Arm":{"Weight":1,"CFrame":[0.000026404857635498048,-0.09000223875045777,8.046627044677734e-7,0.816190242767334,0,-0.5777832865715027,0.05941317602992058,0.9946990013122559,0.08392845094203949,0.5747204422950745,-0.10282951593399048,0.8118636012077332],"EasingStyle":"Constant","EasingDirection":"In"},"Head":{"Weight":1,"CFrame":[0,-0.06599996984004975,-0.0674092173576355,1,0,0,0,0.9719616770744324,-0.23513925075531007,0,0.23513925075531007,0.9719616770744324],"EasingStyle":"Constant","EasingDirection":"In"},"Left Arm":{"Weight":1,"CFrame":[0.00006243586540222168,-0.1300128996372223,-0.00006595253944396973,0.6282833814620972,0.1253778338432312,0.7678152918815613,-0.23263491690158845,0.9720495939254761,0.03163154795765877,-0.7423887252807617,-0.19849425554275514,0.6398898363113403],"EasingStyle":"Constant","EasingDirection":"In"},"Torso":{"Weight":1,"CFrame":[0,0,-0.03999999910593033,1,0,0,0,1,0,0,0,1],"EasingStyle":"Constant","EasingDirection":"In"},"HumanoidRootPart":{"Weight":0,"CFrame":[0,0,0,1,0,0,0,1,0,0,0,1],"EasingStyle":"Linear","EasingDirection":"In"},"Right Leg":{"Weight":1,"CFrame":[0.001980505883693695,0.03994780778884888,0.0004948973655700684,0.9688472151756287,0.049510687589645389,-0.24265973269939423,-0.05103607848286629,0.9986968040466309,0,0.2423435002565384,0.012384400703012944,0.9701114892959595],"EasingStyle":"Constant","EasingDirection":"In"}}},{"Time":0.23333333432674409,"poses":{"Left Leg":{"Weight":1,"CFrame":[-0.0017859935760498047,0.03995794057846069,0.00042107701301574707,0.9722877144813538,-0.044649846851825717,0.22948423027992249,0.04587411880493164,0.998947262763977,0,-0.22924263775348664,0.010527387261390686,0.9733123779296875],"EasingStyle":"Constant","EasingDirection":"In"},"Right Arm":{"Weight":1,"CFrame":[0.000026404857635498048,-0.09000223875045777,8.046627044677734e-7,0.816190242767334,0,-0.5777832865715027,0.05941317602992058,0.9946990013122559,0.08392845094203949,0.5747204422950745,-0.10282951593399048,0.8118636012077332],"EasingStyle":"Constant","EasingDirection":"In"},"Head":{"Weight":1,"CFrame":[0,-0.06599996984004975,-0.0674092173576355,1,0,0,0,0.9719616770744324,-0.23513925075531007,0,0.23513925075531007,0.9719616770744324],"EasingStyle":"Constant","EasingDirection":"In"},"Left Arm":{"Weight":1,"CFrame":[0.00006243586540222168,-0.1300128996372223,-0.00006595253944396973,0.6282833814620972,0.1253778338432312,0.7678152918815613,-0.23263491690158845,0.9720495939254761,0.03163154795765877,-0.7423887252807617,-0.19849425554275514,0.6398898363113403],"EasingStyle":"Constant","EasingDirection":"In"},"Torso":{"Weight":1,"CFrame":[0,0,-0.03999999910593033,1,0,0,0,1,0,0,0,1],"EasingStyle":"Constant","EasingDirection":"In"},"HumanoidRootPart":{"Weight":0,"CFrame":[0,0,0,1,0,0,0,1,0,0,0,1],"EasingStyle":"Linear","EasingDirection":"In"},"Right Leg":{"Weight":1,"CFrame":[0.001980505883693695,0.03994780778884888,0.0004948973655700684,0.9688472151756287,0.049510687589645389,-0.24265973269939423,-0.05103607848286629,0.9986968040466309,0,0.2423435002565384,0.012384400703012944,0.9701114892959595],"EasingStyle":"Constant","EasingDirection":"In"}}},{"Time":0.25,"poses":{"Left Leg":{"Weight":1,"CFrame":[6.705522537231445e-8,0,8.940696716308594e-8,0.9717018604278565,-0.05596794933080673,0.22948423027992249,0.05750255286693573,0.9983453750610352,0,-0.22910451889038087,0.013195930048823357,0.9733123779296875],"EasingStyle":"Constant","EasingDirection":"In"},"Right Arm":{"Weight":1,"CFrame":[0.00007298588752746582,-0.09000006318092346,-0.000041484832763671878,0.8159047961235046,0.00003281375393271446,-0.57818603515625,0.017157094553112985,0.99955815076828,0.02426789328455925,0.5779315233230591,-0.029720298945903779,0.8155438899993897],"EasingStyle":"Constant","EasingDirection":"In"},"Head":{"Weight":1,"CFrame":[0,-0.06599995493888855,-0.06740927696228028,1,0,0,0,0.9664154648780823,-0.25698453187942507,0,0.25698453187942507,0.9664154648780823],"EasingStyle":"Constant","EasingDirection":"In"},"Left Arm":{"Weight":1,"CFrame":[0.000042825937271118167,-0.1299980878829956,-0.00004112720489501953,0.6277364492416382,0.12527190148830415,0.7682797312736511,-0.15165264904499055,0.9877354502677918,-0.03714480251073837,-0.763510525226593,-0.09319457411766052,0.6390355229377747],"EasingStyle":"Constant","EasingDirection":"In"},"Torso":{"Weight":1,"CFrame":[0,0.00027465863968245685,-8.637636028652196e-7,1,0,0,0,0.999977171421051,0.006752640940248966,0,-0.006752640940248966,0.999977171421051],"EasingStyle":"Constant","EasingDirection":"In"},"HumanoidRootPart":{"Weight":0,"CFrame":[0,0,0,1,0,0,0,1,0,0,0,1],"EasingStyle":"Linear","EasingDirection":"In"},"Right Leg":{"Weight":1,"CFrame":[-5.21540641784668e-8,5.960464477539063e-8,0,0.9683068990707398,0.05914345011115074,-0.24265973269939423,-0.06096562370657921,0.9981398582458496,0,0.2422083616256714,0.014793900772929192,0.9701114892959595],"EasingStyle":"Constant","EasingDirection":"In"}}},{"Time":0.36666667461395266,"poses":{"Left Leg":{"Weight":1,"CFrame":[6.705522537231445e-8,0,8.940696716308594e-8,0.9717018604278565,-0.05596794933080673,0.22948423027992249,0.05750255286693573,0.9983453750610352,0,-0.22910451889038087,0.013195930048823357,0.9733123779296875],"EasingStyle":"Constant","EasingDirection":"In"},"Right Arm":{"Weight":1,"CFrame":[0.00007298588752746582,-0.09000006318092346,-0.000041484832763671878,0.8159047961235046,0.00003281375393271446,-0.57818603515625,0.017157094553112985,0.99955815076828,0.02426789328455925,0.5779315233230591,-0.029720298945903779,0.8155438899993897],"EasingStyle":"Constant","EasingDirection":"In"},"Head":{"Weight":1,"CFrame":[0,-0.06599995493888855,-0.06740927696228028,1,0,0,0,0.9664154648780823,-0.25698453187942507,0,0.25698453187942507,0.9664154648780823],"EasingStyle":"Constant","EasingDirection":"In"},"Left Arm":{"Weight":1,"CFrame":[0.000042825937271118167,-0.1299980878829956,-0.00004112720489501953,0.6277364492416382,0.12527190148830415,0.7682797312736511,-0.15165264904499055,0.9877354502677918,-0.03714480251073837,-0.763510525226593,-0.09319457411766052,0.6390355229377747],"EasingStyle":"Constant","EasingDirection":"In"},"Torso":{"Weight":1,"CFrame":[0,0.00027465863968245685,-8.637636028652196e-7,1,0,0,0,0.999977171421051,0.006752640940248966,0,-0.006752640940248966,0.999977171421051],"EasingStyle":"Constant","EasingDirection":"In"},"HumanoidRootPart":{"Weight":0,"CFrame":[0,0,0,1,0,0,0,1,0,0,0,1],"EasingStyle":"Linear","EasingDirection":"In"},"Right Leg":{"Weight":1,"CFrame":[-5.21540641784668e-8,5.960464477539063e-8,0,0.9683068990707398,0.05914345011115074,-0.24265973269939423,-0.06096562370657921,0.9981398582458496,0,0.2422083616256714,0.014793900772929192,0.9701114892959595],"EasingStyle":"Constant","EasingDirection":"In"}}},{"Time":0.38333332538604739,"poses":{"Left Leg":{"Weight":1,"CFrame":[0.030293278396129609,-0.03977346420288086,0.00028946995735168457,0.9723832607269287,-0.04250835254788399,0.22948402166366578,0.04367390275001526,0.9990454912185669,-2.3283064365386965e-10,-0.2292652726173401,0.010022475384175778,0.9733123779296875],"EasingStyle":"Constant","EasingDirection":"In"},"Right Arm":{"Weight":1,"CFrame":[0.0000807642936706543,-0.08999782800674439,-0.00003516674041748047,0.8155801892280579,0.000026168767362833024,-0.5786436796188355,-0.030908655375242235,0.9985741376876831,-0.043519604951143268,0.5778177976608276,0.05337880924344063,0.814418375492096],"EasingStyle":"Constant","EasingDirection":"In"},"Head":{"Weight":1,"CFrame":[0,-0.06599995493888855,-0.06740927696228028,1,0,0,0,0.9664154648780823,-0.25698453187942507,0,0.25698453187942507,0.9664154648780823],"EasingStyle":"Constant","EasingDirection":"In"},"Left Arm":{"Weight":1,"CFrame":[0.00006526708602905273,-0.1299939751625061,-0.00006201863288879395,0.6274495124816895,0.1252472698688507,0.7685180902481079,-0.1091606616973877,0.9913803935050964,-0.07244447618722916,-0.7709675431251526,-0.03843678534030914,0.6357134580612183],"EasingStyle":"Constant","EasingDirection":"In"},"Torso":{"Weight":1,"CFrame":[0,0.0006057991413399577,0.039997976273298267,1,0,0,0,0.999977171421051,0.006752640940248966,0,-0.006752640940248966,0.999977171421051],"EasingStyle":"Constant","EasingDirection":"In"},"HumanoidRootPart":{"Weight":0,"CFrame":[0,0,0,1,0,0,0,1,0,0,0,1],"EasingStyle":"Linear","EasingDirection":"In"},"Right Leg":{"Weight":1,"CFrame":[-0.020198002457618715,-0.039852261543273929,-0.00001946091651916504,0.9687838554382324,0.05073259770870209,-0.24265968799591065,-0.052295632660388949,0.998631477355957,-3.4924596548080446e-10,0.24232769012451173,0.012690046802163124,0.9701114892959595],"EasingStyle":"Constant","EasingDirection":"In"}}},{"Time":0.4833333194255829,"poses":{"Left Leg":{"Weight":1,"CFrame":[0.030293278396129609,-0.03977346420288086,0.00028946995735168457,0.9723832607269287,-0.04250835254788399,0.22948402166366578,0.04367390275001526,0.9990454912185669,-2.3283064365386965e-10,-0.2292652726173401,0.010022475384175778,0.9733123779296875],"EasingStyle":"Constant","EasingDirection":"In"},"Right Arm":{"Weight":1,"CFrame":[0.0000807642936706543,-0.08999782800674439,-0.00003516674041748047,0.8155801892280579,0.000026168767362833024,-0.5786436796188355,-0.030908655375242235,0.9985741376876831,-0.043519604951143268,0.5778177976608276,0.05337880924344063,0.814418375492096],"EasingStyle":"Constant","EasingDirection":"In"},"Head":{"Weight":1,"CFrame":[0,-0.06599995493888855,-0.06740927696228028,1,0,0,0,0.9664154648780823,-0.25698453187942507,0,0.25698453187942507,0.9664154648780823],"EasingStyle":"Constant","EasingDirection":"In"},"Left Arm":{"Weight":1,"CFrame":[0.00006526708602905273,-0.1299939751625061,-0.00006201863288879395,0.6274495124816895,0.1252472698688507,0.7685180902481079,-0.1091606616973877,0.9913803935050964,-0.07244447618722916,-0.7709675431251526,-0.03843678534030914,0.6357134580612183],"EasingStyle":"Constant","EasingDirection":"In"},"Torso":{"Weight":1,"CFrame":[0,0.0006057991413399577,0.039997976273298267,1,0,0,0,0.999977171421051,0.006752640940248966,0,-0.006752640940248966,0.999977171421051],"EasingStyle":"Constant","EasingDirection":"In"},"HumanoidRootPart":{"Weight":0,"CFrame":[0,0,0,1,0,0,0,1,0,0,0,1],"EasingStyle":"Linear","EasingDirection":"In"},"Right Leg":{"Weight":1,"CFrame":[-0.020198002457618715,-0.039852261543273929,-0.00001946091651916504,0.9687838554382324,0.05073259770870209,-0.24265968799591065,-0.052295632660388949,0.998631477355957,-3.4924596548080446e-10,0.24232769012451173,0.012690046802163124,0.9701114892959595],"EasingStyle":"Constant","EasingDirection":"In"}}},{"Time":0.5,"poses":{"Left Leg":{"Weight":1,"CFrame":[0.03056524693965912,-0.069760262966156,0.02021929621696472,0.9723831415176392,-0.039849139750003818,0.22996066510677339,0.04367389529943466,0.9989784359931946,-0.011564310640096665,-0.2292652726173401,0.021288245916366578,0.9731311798095703],"EasingStyle":"Constant","EasingDirection":"In"},"Right Arm":{"Weight":1,"CFrame":[-0.010830089449882508,-0.1748240888118744,0.06482696533203125,-0.3218681216239929,-0.7728460431098938,-0.5469087362289429,0.9452124834060669,-0.2955682873725891,-0.138606458902359,-0.054527509957551959,-0.5615584254264832,0.8256384134292603],"EasingStyle":"Constant","EasingDirection":"In"},"Head":{"Weight":1,"CFrame":[0,-0.06633461266756058,-0.01741167902946472,1,0,0,0,0.9949334263801575,-0.10053586959838867,0,0.10053586959838867,0.9949334263801575],"EasingStyle":"Constant","EasingDirection":"In"},"Left Arm":{"Weight":1,"CFrame":[-0.10996545851230622,-0.13074974715709687,0.2000293731689453,-0.3792303204536438,0.625150203704834,0.6821811199188232,-0.9253017902374268,-0.2567206621170044,-0.27912428975105288,0.0006355121731758118,-0.7370762228965759,0.6758092045783997],"EasingStyle":"Constant","EasingDirection":"In"},"Torso":{"Weight":1,"CFrame":[0,0.0007408496458083391,0.05999739468097687,1,0,0,0,0.999977171421051,0.006752640940248966,0,-0.006752640940248966,0.999977171421051],"EasingStyle":"Constant","EasingDirection":"In"},"HumanoidRootPart":{"Weight":0,"CFrame":[0,0,0,1,0,0,0,1,0,0,0,1],"EasingStyle":"Linear","EasingDirection":"In"},"Right Leg":{"Weight":1,"CFrame":[-0.020387593656778337,-0.07984906435012818,0.029999524354934694,0.9687556624412537,0.050730109214782718,-0.2427714318037033,-0.05642841383814812,0.9982689619064331,-0.016571395099163057,0.2415107637643814,0.029752865433692933,0.9699419140815735],"EasingStyle":"Constant","EasingDirection":"In"}}},{"Time":0.6166666746139526,"poses":{"Left Leg":{"Weight":1,"CFrame":[0.03056524693965912,-0.069760262966156,0.02021929621696472,0.9723831415176392,-0.039849139750003818,0.22996066510677339,0.04367389529943466,0.9989784359931946,-0.011564310640096665,-0.2292652726173401,0.021288245916366578,0.9731311798095703],"EasingStyle":"Constant","EasingDirection":"In"},"Right Arm":{"Weight":1,"CFrame":[-0.010830089449882508,-0.1748240888118744,0.06482696533203125,-0.3218681216239929,-0.7728460431098938,-0.5469087362289429,0.9452124834060669,-0.2955682873725891,-0.138606458902359,-0.054527509957551959,-0.5615584254264832,0.8256384134292603],"EasingStyle":"Constant","EasingDirection":"In"},"Head":{"Weight":1,"CFrame":[0,-0.06633461266756058,-0.01741167902946472,1,0,0,0,0.9949334263801575,-0.10053586959838867,0,0.10053586959838867,0.9949334263801575],"EasingStyle":"Constant","EasingDirection":"In"},"Left Arm":{"Weight":1,"CFrame":[-0.10996545851230622,-0.13074974715709687,0.2000293731689453,-0.3792303204536438,0.625150203704834,0.6821811199188232,-0.9253017902374268,-0.2567206621170044,-0.27912428975105288,0.0006355121731758118,-0.7370762228965759,0.6758092045783997],"EasingStyle":"Constant","EasingDirection":"In"},"Torso":{"Weight":1,"CFrame":[0,0.0007408496458083391,0.05999739468097687,1,0,0,0,0.999977171421051,0.006752640940248966,0,-0.006752640940248966,0.999977171421051],"EasingStyle":"Constant","EasingDirection":"In"},"HumanoidRootPart":{"Weight":0,"CFrame":[0,0,0,1,0,0,0,1,0,0,0,1],"EasingStyle":"Linear","EasingDirection":"In"},"Right Leg":{"Weight":1,"CFrame":[-0.020387593656778337,-0.07984906435012818,0.029999524354934694,0.9687556624412537,0.050730109214782718,-0.2427714318037033,-0.05642841383814812,0.9982689619064331,-0.016571395099163057,0.2415107637643814,0.029752865433692933,0.9699419140815735],"EasingStyle":"Constant","EasingDirection":"In"}}},{"Time":0.6333333253860474,"poses":{"Left Leg":{"Weight":1,"CFrame":[-0.01679448038339615,-0.10313177108764649,0.031014472246170045,0.9711225628852844,-0.06354539096355438,0.22996066510677339,0.06801744550466538,0.9976166486740112,-0.011564310640096665,-0.22867809236049653,0.026871735230088235,0.9731311798095703],"EasingStyle":"Constant","EasingDirection":"In"},"Right Arm":{"Weight":1,"CFrame":[0.8388495445251465,-0.22059662640094758,-0.05504840612411499,-0.6272516846656799,-0.2296455204486847,-0.7441885471343994,0.39824411273002627,-0.9157407879829407,-0.05308239534497261,-0.6692950129508972,-0.3296653926372528,0.6658563017845154],"EasingStyle":"Constant","EasingDirection":"In"},"Head":{"Weight":1,"CFrame":[-0.00001401454210281372,-0.06644019484519959,0.002574712038040161,0.9920655488967896,-0.0006224291282705963,-0.1257203221321106,-0.00084895477630198,0.9999316334724426,-0.01164970826357603,0.12571901082992555,0.011664004996418953,0.9919971227645874],"EasingStyle":"Constant","EasingDirection":"In"},"Left Arm":{"Weight":1,"CFrame":[-0.8100124597549439,-0.13546621799468995,0.02992880344390869,-0.7154682874679565,0.12385696172714234,0.6875780820846558,-0.31168144941329958,-0.9373807907104492,-0.15546920895576478,0.6252665519714356,-0.325539231300354,0.7092709541320801],"EasingStyle":"Constant","EasingDirection":"In"},"Torso":{"Weight":1,"CFrame":[0,0.0009434293024241924,0.0899965837597847,1,0,0,0,0.999977171421051,0.006752640940248966,0,-0.006752640940248966,0.999977171421051],"EasingStyle":"Constant","EasingDirection":"In"},"HumanoidRootPart":{"Weight":0,"CFrame":[0,0,0,1,0,0,0,1,0,0,0,1],"EasingStyle":"Linear","EasingDirection":"In"},"Right Leg":{"Weight":1,"CFrame":[0.04574710130691528,-0.11606335639953613,0.04593437910079956,0.9665423631668091,0.08280692994594574,-0.2427714318037033,-0.08948017656803131,0.9958506226539612,-0.016571395099163057,0.24039210379123689,0.03774021938443184,0.9699419140815735],"EasingStyle":"Constant","EasingDirection":"In"}}},{"Time":0.7333333492279053,"poses":{"Left Leg":{"Weight":1,"CFrame":[-0.01679448038339615,-0.10313177108764649,0.031014472246170045,0.9711225628852844,-0.06354539096355438,0.22996066510677339,0.06801744550466538,0.9976166486740112,-0.011564310640096665,-0.22867809236049653,0.026871735230088235,0.9731311798095703],"EasingStyle":"Constant","EasingDirection":"In"},"Right Arm":{"Weight":1,"CFrame":[0.8388495445251465,-0.22059662640094758,-0.05504840612411499,-0.6272516846656799,-0.2296455204486847,-0.7441885471343994,0.39824411273002627,-0.9157407879829407,-0.05308239534497261,-0.6692950129508972,-0.3296653926372528,0.6658563017845154],"EasingStyle":"Constant","EasingDirection":"In"},"Head":{"Weight":1,"CFrame":[-0.00001401454210281372,-0.06644019484519959,0.002574712038040161,0.9920655488967896,-0.0006224291282705963,-0.1257203221321106,-0.00084895477630198,0.9999316334724426,-0.01164970826357603,0.12571901082992555,0.011664004996418953,0.9919971227645874],"EasingStyle":"Constant","EasingDirection":"In"},"Left Arm":{"Weight":1,"CFrame":[-0.8100124597549439,-0.13546621799468995,0.02992880344390869,-0.7154682874679565,0.12385696172714234,0.6875780820846558,-0.31168144941329958,-0.9373807907104492,-0.15546920895576478,0.6252665519714356,-0.325539231300354,0.7092709541320801],"EasingStyle":"Constant","EasingDirection":"In"},"Torso":{"Weight":1,"CFrame":[0,0.0009434293024241924,0.0899965837597847,1,0,0,0,0.999977171421051,0.006752640940248966,0,-0.006752640940248966,0.999977171421051],"EasingStyle":"Constant","EasingDirection":"In"},"HumanoidRootPart":{"Weight":0,"CFrame":[0,0,0,1,0,0,0,1,0,0,0,1],"EasingStyle":"Linear","EasingDirection":"In"},"Right Leg":{"Weight":1,"CFrame":[0.04574710130691528,-0.11606335639953613,0.04593437910079956,0.9665423631668091,0.08280692994594574,-0.2427714318037033,-0.08948017656803131,0.9958506226539612,-0.016571395099163057,0.24039210379123689,0.03774021938443184,0.9699419140815735],"EasingStyle":"Constant","EasingDirection":"In"}}},{"Time":0.75,"poses":{"Left Leg":{"Weight":1,"CFrame":[-0.017059549689292909,-0.0731055736541748,0.04098325967788696,0.9711129069328308,-0.0635441243648529,0.2300005406141281,0.0694064274430275,0.9974345564842224,-0.017479753121733667,-0.22830024361610413,0.032938383519649509,0.9730334281921387],"EasingStyle":"Constant","EasingDirection":"In"},"Right Arm":{"Weight":1,"CFrame":[0.7577361464500427,-0.4200495481491089,-0.6450011730194092,-0.9972051382064819,-0.06767485290765763,-0.031578876078128818,0.05366057902574539,-0.9434127807617188,0.32724228501319888,-0.051938701421022418,0.3246332108974457,0.9444119334220886],"EasingStyle":"Constant","EasingDirection":"In"},"Head":{"Weight":1,"CFrame":[-0.00000657886266708374,-0.06624963879585266,-0.01742914319038391,0.9920655488967896,-0.0006224291282705963,-0.1257203221321106,-0.012269812636077404,0.9947344064712524,-0.10174653679132462,0.12512166798114777,0.10248178988695145,0.9868339896202087],"EasingStyle":"Constant","EasingDirection":"In"},"Left Arm":{"Weight":1,"CFrame":[-0.7381367683410645,-0.4050825536251068,-0.7700507640838623,-0.9963934421539307,0.07695198804140091,-0.03568286448717117,-0.08329863846302033,-0.967076301574707,0.24045677483081819,-0.016004588454961778,0.24256232380867005,0.9700032472610474],"EasingStyle":"Constant","EasingDirection":"In"},"Torso":{"Weight":1,"CFrame":[0,0.0009544725762680173,0.059996284544467929,1,0,0,0,0.999977171421051,0.006752640940248966,0,-0.006752640940248966,0.999977171421051],"EasingStyle":"Constant","EasingDirection":"In"},"HumanoidRootPart":{"Weight":0,"CFrame":[0,0,0,1,0,0,0,1,0,0,0,1],"EasingStyle":"Linear","EasingDirection":"In"},"Right Leg":{"Weight":1,"CFrame":[0.04593636840581894,-0.08604574203491211,0.055938005447387698,0.9665331840515137,0.08280541002750397,-0.242807537317276,-0.09080814570188523,0.9956264495849609,-0.021934466436505319,0.23992972075939179,0.04324935004115105,0.9698264002799988],"EasingStyle":"Constant","EasingDirection":"In"}}},{"Time":0.8666666746139526,"poses":{"Left Leg":{"Weight":1,"CFrame":[-0.017059549689292909,-0.0731055736541748,0.04098325967788696,0.9711129069328308,-0.0635441243648529,0.2300005406141281,0.0694064274430275,0.9974345564842224,-0.017479753121733667,-0.22830024361610413,0.032938383519649509,0.9730334281921387],"EasingStyle":"Constant","EasingDirection":"In"},"Right Arm":{"Weight":1,"CFrame":[0.7577361464500427,-0.4200495481491089,-0.6450011730194092,-0.9972051382064819,-0.06767485290765763,-0.031578876078128818,0.05366057902574539,-0.9434127807617188,0.32724228501319888,-0.051938701421022418,0.3246332108974457,0.9444119334220886],"EasingStyle":"Constant","EasingDirection":"In"},"Head":{"Weight":1,"CFrame":[-0.00000657886266708374,-0.06624963879585266,-0.01742914319038391,0.9920655488967896,-0.0006224291282705963,-0.1257203221321106,-0.012269812636077404,0.9947344064712524,-0.10174653679132462,0.12512166798114777,0.10248178988695145,0.9868339896202087],"EasingStyle":"Constant","EasingDirection":"In"},"Left Arm":{"Weight":1,"CFrame":[-0.7381367683410645,-0.4050825536251068,-0.7700507640838623,-0.9963934421539307,0.07695198804140091,-0.03568286448717117,-0.08329863846302033,-0.967076301574707,0.24045677483081819,-0.016004588454961778,0.24256232380867005,0.9700032472610474],"EasingStyle":"Constant","EasingDirection":"In"},"Torso":{"Weight":1,"CFrame":[0,0.0009544725762680173,0.059996284544467929,1,0,0,0,0.999977171421051,0.006752640940248966,0,-0.006752640940248966,0.999977171421051],"EasingStyle":"Constant","EasingDirection":"In"},"HumanoidRootPart":{"Weight":0,"CFrame":[0,0,0,1,0,0,0,1,0,0,0,1],"EasingStyle":"Linear","EasingDirection":"In"},"Right Leg":{"Weight":1,"CFrame":[0.04593636840581894,-0.08604574203491211,0.055938005447387698,0.9665331840515137,0.08280541002750397,-0.242807537317276,-0.09080814570188523,0.9956264495849609,-0.021934466436505319,0.23992972075939179,0.04324935004115105,0.9698264002799988],"EasingStyle":"Constant","EasingDirection":"In"}}},{"Time":0.8833333253860474,"poses":{"Left Leg":{"Weight":1,"CFrame":[-0.017066404223442079,-0.08309340476989746,0.051013946533203128,0.9711127877235413,-0.06354410946369171,0.2300005406141281,0.0694064125418663,0.9974344372749329,-0.017479753121733667,-0.22830024361610413,0.032938383519649509,0.9730334281921387],"EasingStyle":"Constant","EasingDirection":"In"},"Right Arm":{"Weight":1,"CFrame":[0.7570047378540039,-0.5300540924072266,-0.24501550197601319,-0.9833707809448242,-0.11961429566144943,-0.1366320550441742,0.046442318707704547,-0.8930462598800659,0.4475555419921875,-0.1755535900592804,0.4337679147720337,0.8837557435035706],"EasingStyle":"Constant","EasingDirection":"In"},"Head":{"Weight":1,"CFrame":[-0.000006236135959625244,-0.06625036895275116,-0.017430901527404786,0.9960827827453613,0.008028838783502579,-0.08806046098470688,-0.011017377488315106,0.9993775486946106,-0.03350397199392319,0.08773668110370636,0.034342922270298007,0.9955511093139648],"EasingStyle":"Constant","EasingDirection":"In"},"Left Arm":{"Weight":1,"CFrame":[-0.7374626994132996,-0.5150725245475769,-0.3200938403606415,-0.9852061867713928,0.12963032722473145,0.11206795275211334,-0.056655947118997577,-0.8636391758918762,0.5009103417396545,0.1617194563150406,0.48715150356292727,0.8582122325897217],"EasingStyle":"Constant","EasingDirection":"In"},"Torso":{"Weight":1,"CFrame":[0,0.000960960634984076,0.06999623030424118,1,0,0,0,0.999977171421051,0.006752640940248966,0,-0.006752640940248966,0.999977171421051],"EasingStyle":"Constant","EasingDirection":"In"},"HumanoidRootPart":{"Weight":0,"CFrame":[0,0,0,1,0,0,0,1,0,0,0,1],"EasingStyle":"Linear","EasingDirection":"In"},"Right Leg":{"Weight":1,"CFrame":[0.04584462195634842,-0.09602606296539307,0.06588444113731384,0.9665331840515137,0.08280539512634278,-0.2428075075149536,-0.09080814570188523,0.9956263303756714,-0.02193446271121502,0.23992972075939179,0.04324935004115105,0.9698264002799988],"EasingStyle":"Constant","EasingDirection":"In"}}},{"Time":0.949999988079071,"poses":{"Left Leg":{"Weight":1,"CFrame":[-0.017066404223442079,-0.08309340476989746,0.051013946533203128,0.9711127877235413,-0.06354410946369171,0.2300005406141281,0.0694064125418663,0.9974344372749329,-0.017479753121733667,-0.22830024361610413,0.032938383519649509,0.9730334281921387],"EasingStyle":"Constant","EasingDirection":"In"},"Right Arm":{"Weight":1,"CFrame":[0.7570047378540039,-0.5300540924072266,-0.24501550197601319,-0.9833707809448242,-0.11961429566144943,-0.1366320550441742,0.046442318707704547,-0.8930462598800659,0.4475555419921875,-0.1755535900592804,0.4337679147720337,0.8837557435035706],"EasingStyle":"Constant","EasingDirection":"In"},"Head":{"Weight":1,"CFrame":[-0.000006236135959625244,-0.06625036895275116,-0.017430901527404786,0.9960827827453613,0.008028838783502579,-0.08806046098470688,-0.011017377488315106,0.9993775486946106,-0.03350397199392319,0.08773668110370636,0.034342922270298007,0.9955511093139648],"EasingStyle":"Constant","EasingDirection":"In"},"Left Arm":{"Weight":1,"CFrame":[-0.7374626994132996,-0.5150725245475769,-0.3200938403606415,-0.9852061867713928,0.12963032722473145,0.11206795275211334,-0.056655947118997577,-0.8636391758918762,0.5009103417396545,0.1617194563150406,0.48715150356292727,0.8582122325897217],"EasingStyle":"Constant","EasingDirection":"In"},"Torso":{"Weight":1,"CFrame":[0,0.000960960634984076,0.06999623030424118,1,0,0,0,0.999977171421051,0.006752640940248966,0,-0.006752640940248966,0.999977171421051],"EasingStyle":"Constant","EasingDirection":"In"},"HumanoidRootPart":{"Weight":0,"CFrame":[0,0,0,1,0,0,0,1,0,0,0,1],"EasingStyle":"Linear","EasingDirection":"In"},"Right Leg":{"Weight":1,"CFrame":[0.04584462195634842,-0.09602606296539307,0.06588444113731384,0.9665331840515137,0.08280539512634278,-0.2428075075149536,-0.09080814570188523,0.9956263303756714,-0.02193446271121502,0.23992972075939179,0.04324935004115105,0.9698264002799988],"EasingStyle":"Constant","EasingDirection":"In"}}},{"Time":0.9666666388511658,"poses":{"Left Leg":{"Weight":1,"CFrame":[-0.01679448038339615,-0.10313177108764649,0.031014472246170045,0.9711225628852844,-0.06354539096355438,0.22996066510677339,0.06801744550466538,0.9976166486740112,-0.011564310640096665,-0.22867809236049653,0.026871735230088235,0.9731311798095703],"EasingStyle":"Constant","EasingDirection":"In"},"Right Arm":{"Weight":1,"CFrame":[0.8388495445251465,-0.22059662640094758,-0.05504840612411499,-0.6272516846656799,-0.2296455204486847,-0.7441885471343994,0.39824411273002627,-0.9157407879829407,-0.05308239534497261,-0.6692950129508972,-0.3296653926372528,0.6658563017845154],"EasingStyle":"Constant","EasingDirection":"In"},"Head":{"Weight":1,"CFrame":[-0.00001401454210281372,-0.06644019484519959,0.002574712038040161,0.9920655488967896,-0.0006224291282705963,-0.1257203221321106,-0.00084895477630198,0.9999316334724426,-0.01164970826357603,0.12571901082992555,0.011664004996418953,0.9919971227645874],"EasingStyle":"Constant","EasingDirection":"In"},"Left Arm":{"Weight":1,"CFrame":[-0.8100124597549439,-0.13546621799468995,0.02992880344390869,-0.7154682874679565,0.12385696172714234,0.6875780820846558,-0.31168144941329958,-0.9373807907104492,-0.15546920895576478,0.6252665519714356,-0.325539231300354,0.7092709541320801],"EasingStyle":"Constant","EasingDirection":"In"},"Torso":{"Weight":1,"CFrame":[0,0.0009434293024241924,0.0899965837597847,1,0,0,0,0.999977171421051,0.006752640940248966,0,-0.006752640940248966,0.999977171421051],"EasingStyle":"Constant","EasingDirection":"In"},"HumanoidRootPart":{"Weight":0,"CFrame":[0,0,0,1,0,0,0,1,0,0,0,1],"EasingStyle":"Linear","EasingDirection":"In"},"Right Leg":{"Weight":1,"CFrame":[0.04574710130691528,-0.11606335639953613,0.04593437910079956,0.9665423631668091,0.08280692994594574,-0.2427714318037033,-0.08948017656803131,0.9958506226539612,-0.016571395099163057,0.24039210379123689,0.03774021938443184,0.9699419140815735],"EasingStyle":"Constant","EasingDirection":"In"}}},{"Time":1.0666667222976685,"poses":{"Left Leg":{"Weight":1,"CFrame":[-0.01679448038339615,-0.10313177108764649,0.031014472246170045,0.9711225628852844,-0.06354539096355438,0.22996066510677339,0.06801744550466538,0.9976166486740112,-0.011564310640096665,-0.22867809236049653,0.026871735230088235,0.9731311798095703],"EasingStyle":"Constant","EasingDirection":"In"},"Right Arm":{"Weight":1,"CFrame":[0.8388495445251465,-0.22059662640094758,-0.05504840612411499,-0.6272516846656799,-0.2296455204486847,-0.7441885471343994,0.39824411273002627,-0.9157407879829407,-0.05308239534497261,-0.6692950129508972,-0.3296653926372528,0.6658563017845154],"EasingStyle":"Constant","EasingDirection":"In"},"Head":{"Weight":1,"CFrame":[-0.00001401454210281372,-0.06644019484519959,0.002574712038040161,0.9920655488967896,-0.0006224291282705963,-0.1257203221321106,-0.00084895477630198,0.9999316334724426,-0.01164970826357603,0.12571901082992555,0.011664004996418953,0.9919971227645874],"EasingStyle":"Constant","EasingDirection":"In"},"Left Arm":{"Weight":1,"CFrame":[-0.8100124597549439,-0.13546621799468995,0.02992880344390869,-0.7154682874679565,0.12385696172714234,0.6875780820846558,-0.31168144941329958,-0.9373807907104492,-0.15546920895576478,0.6252665519714356,-0.325539231300354,0.7092709541320801],"EasingStyle":"Constant","EasingDirection":"In"},"Torso":{"Weight":1,"CFrame":[0,0.0009434293024241924,0.0899965837597847,1,0,0,0,0.999977171421051,0.006752640940248966,0,-0.006752640940248966,0.999977171421051],"EasingStyle":"Constant","EasingDirection":"In"},"HumanoidRootPart":{"Weight":0,"CFrame":[0,0,0,1,0,0,0,1,0,0,0,1],"EasingStyle":"Linear","EasingDirection":"In"},"Right Leg":{"Weight":1,"CFrame":[0.04574710130691528,-0.11606335639953613,0.04593437910079956,0.9665423631668091,0.08280692994594574,-0.2427714318037033,-0.08948017656803131,0.9958506226539612,-0.016571395099163057,0.24039210379123689,0.03774021938443184,0.9699419140815735],"EasingStyle":"Constant","EasingDirection":"In"}}},{"Time":1.0833333730697632,"poses":{"Left Leg":{"Weight":1,"CFrame":[-0.016955137252807618,-0.09312820434570313,0.031045764684677125,0.9711224436759949,-0.06354537606239319,0.229960635304451,0.06801743060350418,0.9976165294647217,-0.011564308777451516,-0.22867809236049653,0.026871735230088235,0.9731311798095703],"EasingStyle":"Constant","EasingDirection":"In"},"Right Arm":{"Weight":1,"CFrame":[0.8392550349235535,-0.17065314948558808,-0.16500306129455567,-0.6268859505653381,-0.22943945229053498,-0.7445600628852844,0.45240411162376406,-0.8852333426475525,-0.10811488330364227,-0.6343052983283997,-0.4046185314655304,0.6587414145469666],"EasingStyle":"Constant","EasingDirection":"In"},"Head":{"Weight":1,"CFrame":[-0.000007569789886474609,-0.06637069582939148,0.0025672614574432375,0.9971809983253479,0.0018329853191971779,-0.0750117227435112,-0.005938300862908363,0.9984934329986572,-0.05454260855913162,0.07479872554540634,0.05483429878950119,0.9956894516944885],"EasingStyle":"Constant","EasingDirection":"In"},"Left Arm":{"Weight":1,"CFrame":[-0.8105235695838928,-0.06544408202171326,-0.0801171362400055,-0.715175986289978,0.12368647009134293,0.6879125237464905,-0.3549339473247528,-0.9121381044387817,-0.2049989402294159,0.6021156907081604,-0.39077451825141909,0.6962409019470215],"EasingStyle":"Constant","EasingDirection":"In"},"Torso":{"Weight":1,"CFrame":[0,0.0009369350736960769,0.07999588549137116,1,0,0,0,0.999977171421051,0.006752640940248966,0,-0.006752640940248966,0.999977171421051],"EasingStyle":"Constant","EasingDirection":"In"},"HumanoidRootPart":{"Weight":0,"CFrame":[0,0,0,1,0,0,0,1,0,0,0,1],"EasingStyle":"Linear","EasingDirection":"In"},"Right Leg":{"Weight":1,"CFrame":[0.04583483189344406,-0.10605466365814209,0.045970022678375247,0.9665422439575195,0.08280692994594574,-0.24277137219905854,-0.08948016166687012,0.9958505034446716,-0.016571391373872758,0.24039210379123689,0.03774021938443184,0.9699419140815735],"EasingStyle":"Constant","EasingDirection":"In"}}},{"Time":1.149999976158142,"poses":{"Left Leg":{"Weight":1,"CFrame":[-0.016955137252807618,-0.09312820434570313,0.031045764684677125,0.9711224436759949,-0.06354537606239319,0.229960635304451,0.06801743060350418,0.9976165294647217,-0.011564308777451516,-0.22867809236049653,0.026871735230088235,0.9731311798095703],"EasingStyle":"Constant","EasingDirection":"In"},"Right Arm":{"Weight":1,"CFrame":[0.8392550349235535,-0.17065314948558808,-0.16500306129455567,-0.6268859505653381,-0.22943945229053498,-0.7445600628852844,0.45240411162376406,-0.8852333426475525,-0.10811488330364227,-0.6343052983283997,-0.4046185314655304,0.6587414145469666],"EasingStyle":"Constant","EasingDirection":"In"},"Head":{"Weight":1,"CFrame":[-0.000007569789886474609,-0.06637069582939148,0.0025672614574432375,0.9971809983253479,0.0018329853191971779,-0.0750117227435112,-0.005938300862908363,0.9984934329986572,-0.05454260855913162,0.07479872554540634,0.05483429878950119,0.9956894516944885],"EasingStyle":"Constant","EasingDirection":"In"},"Left Arm":{"Weight":1,"CFrame":[-0.8105235695838928,-0.06544408202171326,-0.0801171362400055,-0.715175986289978,0.12368647009134293,0.6879125237464905,-0.3549339473247528,-0.9121381044387817,-0.2049989402294159,0.6021156907081604,-0.39077451825141909,0.6962409019470215],"EasingStyle":"Constant","EasingDirection":"In"},"Torso":{"Weight":1,"CFrame":[0,0.0009369350736960769,0.07999588549137116,1,0,0,0,0.999977171421051,0.006752640940248966,0,-0.006752640940248966,0.999977171421051],"EasingStyle":"Constant","EasingDirection":"In"},"HumanoidRootPart":{"Weight":0,"CFrame":[0,0,0,1,0,0,0,1,0,0,0,1],"EasingStyle":"Linear","EasingDirection":"In"},"Right Leg":{"Weight":1,"CFrame":[0.04583483189344406,-0.10605466365814209,0.045970022678375247,0.9665422439575195,0.08280692994594574,-0.24277137219905854,-0.08948016166687012,0.9958505034446716,-0.016571391373872758,0.24039210379123689,0.03774021938443184,0.9699419140815735],"EasingStyle":"Constant","EasingDirection":"In"}}},{"Time":1.1666666269302369,"poses":{"Left Leg":{"Weight":1,"CFrame":[-0.017059549689292909,-0.0731055736541748,0.04098325967788696,0.9711129069328308,-0.0635441243648529,0.2300005406141281,0.0694064274430275,0.9974345564842224,-0.017479753121733667,-0.22830024361610413,0.032938383519649509,0.9730334281921387],"EasingStyle":"Constant","EasingDirection":"In"},"Right Arm":{"Weight":1,"CFrame":[0.7577361464500427,-0.4200495481491089,-0.6450011730194092,-0.9972051382064819,-0.06767485290765763,-0.031578876078128818,0.05366057902574539,-0.9434127807617188,0.32724228501319888,-0.051938701421022418,0.3246332108974457,0.9444119334220886],"EasingStyle":"Constant","EasingDirection":"In"},"Head":{"Weight":1,"CFrame":[-0.00000657886266708374,-0.06624963879585266,-0.01742914319038391,0.9920655488967896,-0.0006224291282705963,-0.1257203221321106,-0.012269812636077404,0.9947344064712524,-0.10174653679132462,0.12512166798114777,0.10248178988695145,0.9868339896202087],"EasingStyle":"Constant","EasingDirection":"In"},"Left Arm":{"Weight":1,"CFrame":[-0.7381367683410645,-0.4050825536251068,-0.7700507640838623,-0.9963934421539307,0.07695198804140091,-0.03568286448717117,-0.08329863846302033,-0.967076301574707,0.24045677483081819,-0.016004588454961778,0.24256232380867005,0.9700032472610474],"EasingStyle":"Constant","EasingDirection":"In"},"Torso":{"Weight":1,"CFrame":[0,0.0009544725762680173,0.059996284544467929,1,0,0,0,0.999977171421051,0.006752640940248966,0,-0.006752640940248966,0.999977171421051],"EasingStyle":"Constant","EasingDirection":"In"},"HumanoidRootPart":{"Weight":0,"CFrame":[0,0,0,1,0,0,0,1,0,0,0,1],"EasingStyle":"Linear","EasingDirection":"In"},"Right Leg":{"Weight":1,"CFrame":[0.04593636840581894,-0.08604574203491211,0.055938005447387698,0.9665331840515137,0.08280541002750397,-0.242807537317276,-0.09080814570188523,0.9956264495849609,-0.021934466436505319,0.23992972075939179,0.04324935004115105,0.9698264002799988],"EasingStyle":"Constant","EasingDirection":"In"}}},{"Time":1.2833333015441895,"poses":{"Left Leg":{"Weight":1,"CFrame":[-0.017059549689292909,-0.0731055736541748,0.04098325967788696,0.9711129069328308,-0.0635441243648529,0.2300005406141281,0.0694064274430275,0.9974345564842224,-0.017479753121733667,-0.22830024361610413,0.032938383519649509,0.9730334281921387],"EasingStyle":"Constant","EasingDirection":"In"},"Right Arm":{"Weight":1,"CFrame":[0.7577361464500427,-0.4200495481491089,-0.6450011730194092,-0.9972051382064819,-0.06767485290765763,-0.031578876078128818,0.05366057902574539,-0.9434127807617188,0.32724228501319888,-0.051938701421022418,0.3246332108974457,0.9444119334220886],"EasingStyle":"Constant","EasingDirection":"In"},"Head":{"Weight":1,"CFrame":[-0.00000657886266708374,-0.06624963879585266,-0.01742914319038391,0.9920655488967896,-0.0006224291282705963,-0.1257203221321106,-0.012269812636077404,0.9947344064712524,-0.10174653679132462,0.12512166798114777,0.10248178988695145,0.9868339896202087],"EasingStyle":"Constant","EasingDirection":"In"},"Left Arm":{"Weight":1,"CFrame":[-0.7381367683410645,-0.4050825536251068,-0.7700507640838623,-0.9963934421539307,0.07695198804140091,-0.03568286448717117,-0.08329863846302033,-0.967076301574707,0.24045677483081819,-0.016004588454961778,0.24256232380867005,0.9700032472610474],"EasingStyle":"Constant","EasingDirection":"In"},"Torso":{"Weight":1,"CFrame":[0,0.0009544725762680173,0.059996284544467929,1,0,0,0,0.999977171421051,0.006752640940248966,0,-0.006752640940248966,0.999977171421051],"EasingStyle":"Constant","EasingDirection":"In"},"HumanoidRootPart":{"Weight":0,"CFrame":[0,0,0,1,0,0,0,1,0,0,0,1],"EasingStyle":"Linear","EasingDirection":"In"},"Right Leg":{"Weight":1,"CFrame":[0.04593636840581894,-0.08604574203491211,0.055938005447387698,0.9665331840515137,0.08280541002750397,-0.242807537317276,-0.09080814570188523,0.9956264495849609,-0.021934466436505319,0.23992972075939179,0.04324935004115105,0.9698264002799988],"EasingStyle":"Constant","EasingDirection":"In"}}},{"Time":1.2999999523162842,"poses":{"Left Leg":{"Weight":1,"CFrame":[-0.017297975718975068,-0.043039917945861819,0.04036352038383484,0.9711791276931763,-0.06354741752147675,0.22971831262111665,0.05954637750983238,0.9979276657104492,0.024315010756254197,-0.23078808188438416,-0.00993528962135315,0.9729529619216919],"EasingStyle":"Constant","EasingDirection":"In"},"Right Arm":{"Weight":1,"CFrame":[0.7554971575737,-0.7549484968185425,-0.37090712785720827,-0.93051677942276,-0.14180223643779756,-0.3376755714416504,-0.008316420018672943,-0.9135812520980835,0.40656158328056338,-0.3661474287509918,0.3811211585998535,0.8489286303520203],"EasingStyle":"Constant","EasingDirection":"In"},"Head":{"Weight":1,"CFrame":[-0.00006780773401260376,-0.06625072658061981,-0.017441540956497194,0.9856725335121155,-0.004791854880750179,-0.1686021387577057,-0.012560723349452019,0.994735062122345,-0.10170324146747589,0.16820186376571656,0.10236382484436035,0.9804226756095886],"EasingStyle":"Constant","EasingDirection":"In"},"Left Arm":{"Weight":1,"CFrame":[-0.7389288544654846,-0.3151276111602783,0.3384987711906433,-0.6243931651115418,0.2266325205564499,0.7475075721740723,0.3377240300178528,-0.7845785021781921,0.5199740529060364,0.7043223977088928,0.5771198272705078,0.4133487045764923],"EasingStyle":"Constant","EasingDirection":"In"},"Torso":{"Weight":1,"CFrame":[-0.030047567561268808,0.0008767587132751942,0.03999590128660202,0.9998384118080139,-0.00012137917656218633,0.0