{"Sequence":[{"Time":0,"poses":{"Left Leg":{"Weight":1,"CFrame":[-0.23873519897460938,0.1341267228126526,0.16805946826934815,0.9031696319580078,-0.09934535622596741,0.41763052344322207,0.13117201626300813,0.9901907444000244,-0.04812802001833916,-0.4087526500225067,0.09824918955564499,0.9073414206504822],"EasingStyle":"Constant","EasingDirection":"In"},"Right Arm":{"Weight":1,"CFrame":[0.060314759612083438,-0.2730986773967743,0.11671257019042969,-0.8707874417304993,-0.12941424548625947,-0.47432196140289309,0.10164403170347214,-0.991280198097229,0.08385732769966126,-0.48103830218315127,0.02480980195105076,0.8763484954833984],"EasingStyle":"Constant","EasingDirection":"In"},"Head":{"Weight":1,"CFrame":[8.195638656616211e-8,-2.3166649043560029e-8,-1.1920928955078126e-7,0.9947066903114319,0.09892857819795609,-0.027781136333942415,-0.0979285016655922,0.9945669174194336,0.035310011357069018,0.031123362481594087,-0.03240254521369934,0.9989902973175049],"EasingStyle":"Constant","EasingDirection":"In"},"Right Leg":{"Weight":1,"CFrame":[0.5795701742172241,0.11575651168823242,-0.12184303998947144,0.9589892625808716,0.16743400692939759,0.22870402038097382,-0.1706344187259674,0.985317051410675,-0.0058548329398036,-0.22632619738578797,-0.033410072326660159,0.9734784364700317],"EasingStyle":"Constant","EasingDirection":"In"},"Torso":{"Weight":1,"CFrame":[-0.019411563873291017,-0.03907503932714462,-0.15120387077331544,0.9947067499160767,-0.09792855381965637,0.031123362481594087,0.09937258064746857,0.9938507676124573,-0.04884381964802742,-0.026148777455091478,0.05167808383703232,0.9983214139938355],"EasingStyle":"Constant","EasingDirection":"In"},"HumanoidRootPart":{"Weight":0,"CFrame":[0,0,0,1,0,0,0,1,0,0,0,1],"EasingStyle":"Linear","EasingDirection":"In"},"Left Arm":{"Weight":1,"CFrame":[-0.5425232648849487,-0.3224358558654785,-0.8305701017379761,-0.2524598240852356,0.29281046986579897,-0.9222398400306702,-0.8927737474441528,-0.43802106380462649,0.10532227903604508,-0.3731210231781006,0.8499410152435303,0.37199604511260989],"EasingStyle":"Constant","EasingDirection":"In"}}},{"Time":0.0416666679084301,"poses":{"Left Leg":{"Weight":1,"CFrame":[-0.33079826831817629,0.23440766334533692,0.2142190933227539,0.8940287232398987,-0.14479519426822663,0.42396584153175356,0.1722611039876938,0.9846824407577515,-0.026957713067531587,-0.41356831789016726,0.0971338227391243,0.9052770137786865],"EasingStyle":"Constant","EasingDirection":"In"},"Right Arm":{"Weight":1,"CFrame":[0.05647815018892288,-0.12600496411323548,0.12288713455200196,-0.8722118735313416,-0.12384688854217529,-0.47318968176841738,0.11267337948083878,-0.9922695159912109,0.052017971873283389,-0.4759739935398102,-0.007945247925817967,0.8794234395027161],"EasingStyle":"Constant","EasingDirection":"In"},"Head":{"Weight":1,"CFrame":[9.825453162193299e-8,-1.0652001947164536e-8,-2.384185791015625e-7,0.993523895740509,0.10633917897939682,-0.040028564631938937,-0.10452936589717865,0.9935086965560913,0.04487989470362663,0.044541213661432269,-0.040405090898275378,0.9981901049613953],"EasingStyle":"Constant","EasingDirection":"In"},"Right Leg":{"Weight":1,"CFrame":[0.6920692324638367,0.16783887147903443,-0.14939427375793458,0.9447192549705505,0.2236928790807724,0.23972325026988984,-0.22158721089363099,0.9744734764099121,-0.03606315702199936,-0.24167093634605409,-0.019050033763051034,0.9701712727546692],"EasingStyle":"Constant","EasingDirection":"In"},"Torso":{"Weight":1,"CFrame":[-0.04175753891468048,-0.045465677976608279,-0.24031281471252442,0.993523895740509,-0.10452942550182343,0.04454122111201286,0.10698379576206207,0.992635190486908,-0.056832119822502139,-0.03827255219221115,0.061229247599840167,0.9973897933959961],"EasingStyle":"Constant","EasingDirection":"In"},"HumanoidRootPart":{"Weight":0,"CFrame":[0,0,0,1,0,0,0,1,0,0,0,1],"EasingStyle":"Linear","EasingDirection":"In"},"Left Arm":{"Weight":1,"CFrame":[-0.5429196357727051,-0.30119985342025759,-0.830003023147583,-0.2585397958755493,0.24475978314876557,-0.9344784617424011,-0.8656725287437439,-0.4879927635192871,0.11168783903121948,-0.4286819100379944,0.8378279805183411,0.3380472958087921],"EasingStyle":"Constant","EasingDirection":"In"}}},{"Time":0.0833333358168602,"poses":{"Left Leg":{"Weight":1,"CFrame":[-0.33079826831817629,0.23440766334533692,0.2142190933227539,0.8940287232398987,-0.14479519426822663,0.42396584153175356,0.1722611039876938,0.9846824407577515,-0.026957713067531587,-0.41356831789016726,0.0971338227391243,0.9052770137786865],"EasingStyle":"Constant","EasingDirection":"In"},"Right Arm":{"Weight":1,"CFrame":[0.05647815018892288,-0.12600496411323548,0.12288713455200196,-0.8722118735313416,-0.12384688854217529,-0.47318968176841738,0.11267337948083878,-0.9922695159912109,0.052017971873283389,-0.4759739935398102,-0.007945247925817967,0.8794234395027161],"EasingStyle":"Constant","EasingDirection":"In"},"Head":{"Weight":1,"CFrame":[9.825453162193299e-8,-1.0652001947164536e-8,-2.384185791015625e-7,0.993523895740509,0.10633917897939682,-0.040028564631938937,-0.10452936589717865,0.9935086965560913,0.04487989470362663,0.044541213661432269,-0.040405090898275378,0.9981901049613953],"EasingStyle":"Constant","EasingDirection":"In"},"Right Leg":{"Weight":1,"CFrame":[0.6920692324638367,0.16783887147903443,-0.14939427375793458,0.9447192549705505,0.2236928790807724,0.23972325026988984,-0.22158721089363099,0.9744734764099121,-0.03606315702199936,-0.24167093634605409,-0.019050033763051034,0.9701712727546692],"EasingStyle":"Constant","EasingDirection":"In"},"Torso":{"Weight":1,"CFrame":[-0.04175753891468048,-0.045465677976608279,-0.24031281471252442,0.993523895740509,-0.10452942550182343,0.04454122111201286,0.10698379576206207,0.992635190486908,-0.056832119822502139,-0.03827255219221115,0.061229247599840167,0.9973897933959961],"EasingStyle":"Constant","EasingDirection":"In"},"HumanoidRootPart":{"Weight":0,"CFrame":[0,0,0,1,0,0,0,1,0,0,0,1],"EasingStyle":"Linear","EasingDirection":"In"},"Left Arm":{"Weight":1,"CFrame":[-0.5429196357727051,-0.30119985342025759,-0.830003023147583,-0.2585397958755493,0.24475978314876557,-0.9344784617424011,-0.8656725287437439,-0.4879927635192871,0.11168783903121948,-0.4286819100379944,0.8378279805183411,0.3380472958087921],"EasingStyle":"Constant","EasingDirection":"In"}}},{"Time":0.125,"poses":{"Left Leg":{"Weight":1,"CFrame":[-0.3504891097545624,0.2959566116333008,0.2161928415298462,0.8861052393913269,-0.16447284817695619,0.4333198666572571,0.17188142240047456,0.9848644137382507,0.022335555404424669,-0.4304350018501282,0.05468803644180298,0.9009634256362915],"EasingStyle":"Constant","EasingDirection":"In"},"Right Arm":{"Weight":1,"CFrame":[0.114180788397789,-0.1541496217250824,0.14788532257080079,-0.8703497648239136,-0.11166736483573914,-0.4796057939529419,0.13423271477222444,-0.9908660054206848,-0.012889809906482697,-0.47378572821617129,-0.07559750229120255,0.8773893713951111],"EasingStyle":"Constant","EasingDirection":"In"},"Head":{"Weight":1,"CFrame":[9.220093488693237e-8,-8.352799341082573e-9,-5.960464477539063e-8,0.9927561283111572,0.10215094685554505,-0.0632506012916565,-0.09979943186044693,0.9942315816879273,0.03929143771529198,0.06689941883087158,-0.032694440335035327,0.997223973274231],"EasingStyle":"Constant","EasingDirection":"In"},"Right Leg":{"Weight":1,"CFrame":[0.7042669653892517,0.15381908416748048,-0.15001612901687623,0.9405220746994019,0.23052918910980225,0.2495487779378891,-0.2154591679573059,0.9726743102073669,-0.08649923652410507,-0.2626701891422272,0.027586886659264566,0.9644913077354431],"EasingStyle":"Constant","EasingDirection":"In"},"Torso":{"Weight":1,"CFrame":[-0.0628981739282608,-0.03928525745868683,-0.2624082565307617,0.9927561283111572,-0.09979947656393051,0.06689940392971039,0.10317841917276383,0.9934499263763428,-0.049106597900390628,-0.061560407280921939,0.055653445422649387,0.9965505599975586],"EasingStyle":"Constant","EasingDirection":"In"},"HumanoidRootPart":{"Weight":0,"CFrame":[0,0,0,1,0,0,0,1,0,0,0,1],"EasingStyle":"Linear","EasingDirection":"In"},"Left Arm":{"Weight":1,"CFrame":[-0.5478419661521912,-0.3308877944946289,-0.8235594630241394,-0.2568393647670746,0.2224390208721161,-0.9405075907707214,-0.868263840675354,-0.4804927706718445,0.12346957623958588,-0.4244426190853119,0.848320484161377,0.3165452182292938],"EasingStyle":"Constant","EasingDirection":"In"}}},{"Time":0.1666666716337204,"poses":{"Left Leg":{"Weight":1,"CFrame":[-0.3504891097545624,0.2959566116333008,0.2161928415298462,0.8861052393913269,-0.16447284817695619,0.4333198666572571,0.17188142240047456,0.9848644137382507,0.022335555404424669,-0.4304350018501282,0.05468803644180298,0.9009634256362915],"EasingStyle":"Constant","EasingDirection":"In"},"Right Arm":{"Weight":1,"CFrame":[0.114180788397789,-0.1541496217250824,0.14788532257080079,-0.8703497648239136,-0.11166736483573914,-0.4796057939529419,0.13423271477222444,-0.9908660054206848,-0.012889809906482697,-0.47378572821617129,-0.07559750229120255,0.8773893713951111],"EasingStyle":"Constant","EasingDirection":"In"},"Head":{"Weight":1,"CFrame":[9.220093488693237e-8,-8.352799341082573e-9,-5.960464477539063e-8,0.9927561283111572,0.10215094685554505,-0.0632506012916565,-0.09979943186044693,0.9942315816879273,0.03929143771529198,0.06689941883087158,-0.032694440335035327,0.997223973274231],"EasingStyle":"Constant","EasingDirection":"In"},"Right Leg":{"Weight":1,"CFrame":[0.7042669653892517,0.15381908416748048,-0.15001612901687623,0.9405220746994019,0.23052918910980225,0.2495487779378891,-0.2154591679573059,0.9726743102073669,-0.08649923652410507,-0.2626701891422272,0.027586886659264566,0.9644913077354431],"EasingStyle":"Constant","EasingDirection":"In"},"Torso":{"Weight":1,"CFrame":[-0.0628981739282608,-0.03928525745868683,-0.2624082565307617,0.9927561283111572,-0.09979947656393051,0.06689940392971039,0.10317841917276383,0.9934499263763428,-0.049106597900390628,-0.061560407280921939,0.055653445422649387,0.9965505599975586],"EasingStyle":"Constant","EasingDirection":"In"},"HumanoidRootPart":{"Weight":0,"CFrame":[0,0,0,1,0,0,0,1,0,0,0,1],"EasingStyle":"Linear","EasingDirection":"In"},"Left Arm":{"Weight":1,"CFrame":[-0.5478419661521912,-0.3308877944946289,-0.8235594630241394,-0.2568393647670746,0.2224390208721161,-0.9405075907707214,-0.868263840675354,-0.4804927706718445,0.12346957623958588,-0.4244426190853119,0.848320484161377,0.3165452182292938],"EasingStyle":"Constant","EasingDirection":"In"}}},{"Time":0.2083333283662796,"poses":{"Left Leg":{"Weight":1,"CFrame":[-0.2256813943386078,0.2280818223953247,0.15975642204284669,0.8936586976051331,-0.06961877644062042,0.4433140754699707,0.05754194036126137,0.9975149631500244,0.04065509885549545,-0.44504299759864809,-0.010822635143995285,0.8954439759254456],"EasingStyle":"Constant","EasingDirection":"In"},"Right Arm":{"Weight":1,"CFrame":[0.326409250497818,-0.34553027153015139,0.1173332929611206,-0.7061648368835449,-0.34761783480644228,-0.616841197013855,0.4230981171131134,-0.9057095646858215,0.026042168959975244,-0.5677316784858704,-0.24259436130523683,0.7866567969322205],"EasingStyle":"Constant","EasingDirection":"In"},"Head":{"Weight":1,"CFrame":[8.381903171539307e-8,-6.28642737865448e-9,-5.960464477539063e-8,0.9886185526847839,0.12438394129276276,-0.08462917804718018,-0.12035772949457169,0.9914125800132752,0.05113969370722771,0.09026338160037995,-0.040371883660554889,0.9950993061065674],"EasingStyle":"Constant","EasingDirection":"In"},"Right Leg":{"Weight":1,"CFrame":[0.517005443572998,0.05107468366622925,-0.11657959222793579,0.9578477144241333,0.1025402769446373,0.26835301518440249,-0.0750894844532013,0.9910179972648621,-0.11065655201673508,-0.2772894501686096,0.08584166318178177,0.9569439888000488],"EasingStyle":"Constant","EasingDirection":"In"},"Torso":{"Weight":1,"CFrame":[-0.06316310167312622,-0.045398399233818057,-0.14432430267333985,0.9886184930801392,-0.12035777419805527,0.09026338905096054,0.12576031684875489,0.9904362559318543,-0.05674802511930466,-0.08257006108760834,0.06745368987321854,0.9942999482154846],"EasingStyle":"Constant","EasingDirection":"In"},"HumanoidRootPart":{"Weight":0,"CFrame":[0,0,0,1,0,0,0,1,0,0,0,1],"EasingStyle":"Linear","EasingDirection":"In"},"Left Arm":{"Weight":1,"CFrame":[-0.5500182509422302,-0.3962906301021576,-0.8215703368186951,-0.2684732675552368,0.23060089349746705,-0.9352782368659973,-0.8825896382331848,-0.4478958249092102,0.14291635155677796,-0.38595056533813479,0.8638359904289246,0.32377392053604128],"EasingStyle":"Constant","EasingDirection":"In"}}},{"Time":0.25,"poses":{"Left Leg":{"Weight":1,"CFrame":[-0.2256813943386078,0.2280818223953247,0.15975642204284669,0.8936586976051331,-0.06961877644062042,0.4433140754699707,0.05754194036126137,0.9975149631500244,0.04065509885549545,-0.44504299759864809,-0.010822635143995285,0.8954439759254456],"EasingStyle":"Constant","EasingDirection":"In"},"Right Arm":{"Weight":1,"CFrame":[0.326409250497818,-0.34553027153015139,0.1173332929611206,-0.7061648368835449,-0.34761783480644228,-0.616841197013855,0.4230981171131134,-0.9057095646858215,0.026042168959975244,-0.5677316784858704,-0.24259436130523683,0.7866567969322205],"EasingStyle":"Constant","EasingDirection":"In"},"Head":{"Weight":1,"CFrame":[8.381903171539307e-8,-6.28642737865448e-9,-5.960464477539063e-8,0.9886185526847839,0.12438394129276276,-0.08462917804718018,-0.12035772949457169,0.9914125800132752,0.05113969370722771,0.09026338160037995,-0.040371883660554889,0.9950993061065674],"EasingStyle":"Constant","EasingDirection":"In"},"Right Leg":{"Weight":1,"CFrame":[0.517005443572998,0.05107468366622925,-0.11657959222793579,0.9578477144241333,0.1025402769446373,0.26835301518440249,-0.0750894844532013,0.9910179972648621,-0.11065655201673508,-0.2772894501686096,0.08584166318178177,0.9569439888000488],"EasingStyle":"Constant","EasingDirection":"In"},"Torso":{"Weight":1,"CFrame":[-0.06316310167312622,-0.045398399233818057,-0.14432430267333985,0.9886184930801392,-0.12035777419805527,0.09026338905096054,0.12576031684875489,0.9904362559318543,-0.05674802511930466,-0.08257006108760834,0.06745368987321854,0.9942999482154846],"EasingStyle":"Constant","EasingDirection":"In"},"HumanoidRootPart":{"Weight":0,"CFrame":[0,0,0,1,0,0,0,1,0,0,0,1],"EasingStyle":"Linear","EasingDirection":"In"},"Left Arm":{"Weight":1,"CFrame":[-0.5500182509422302,-0.3962906301021576,-0.8215703368186951,-0.2684732675552368,0.23060089349746705,-0.9352782368659973,-0.8825896382331848,-0.4478958249092102,0.14291635155677796,-0.38595056533813479,0.8638359904289246,0.32377392053604128],"EasingStyle":"Constant","EasingDirection":"In"}}},{"Time":0.2916666567325592,"poses":{"Left Leg":{"Weight":1,"CFrame":[-0.33080148696899416,0.13610148429870606,0.06771218776702881,0.9722474217414856,-0.13373853266239167,0.19196093082427979,0.12590576708316804,0.9906523823738098,0.05249416455626488,-0.19718706607818604,-0.02686832658946514,0.9799976348876953],"EasingStyle":"Constant","EasingDirection":"In"},"Right Arm":{"Weight":1,"CFrame":[0.4707702398300171,-0.6767263412475586,-0.12955844402313233,-0.7561801075935364,-0.6543446183204651,-0.004979244899004698,0.6288139820098877,-0.7287395000457764,0.2711676359176636,-0.18106570839881898,0.2019204944372177,0.9625193476676941],"EasingStyle":"Constant","EasingDirection":"In"},"Head":{"Weight":1,"CFrame":[1.0091753210872412e-7,-2.2904714569449426e-8,-2.980232238769531e-7,0.9998044371604919,0.0020410458091646435,-0.019669421017169954,-0.0017094002105295659,0.9998563528060913,0.016863055527210237,0.01970101334154606,-0.016826139762997628,0.999664306640625],"EasingStyle":"Constant","EasingDirection":"In"},"Right Leg":{"Weight":1,"CFrame":[0.3688632845878601,0.045818209648132327,0.027023792266845704,0.991539716720581,0.1172465831041336,-0.05569731071591377,-0.12163905799388886,0.9890638589859009,-0.08340687304735184,0.04530907794833183,0.08947616815567017,0.9949578642845154],"EasingStyle":"Constant","EasingDirection":"In"},"Torso":{"Weight":1,"CFrame":[-0.10039931535720825,-0.026624485850334169,-0.10948729515075684,0.9998044371604919,-0.0017094638897106052,0.019701017066836358,0.0023646363988518717,0.9994433522224426,-0.0332806259393692,-0.019633155316114427,0.03332070633769035,0.9992519617080689],"EasingStyle":"Constant","EasingDirection":"In"},"HumanoidRootPart":{"Weight":0,"CFrame":[0,0,0,1,0,0,0,1,0,0,0,1],"EasingStyle":"Linear","EasingDirection":"In"},"Left Arm":{"Weight":1,"CFrame":[-0.4794570803642273,-0.4336499571800232,-0.21863418817520142,-0.676853597164154,0.6375933289527893,-0.36789101362228396,-0.7360330820083618,-0.5937719345092773,0.32510092854499819,-0.01116111222654581,0.4908256530761719,0.8711863160133362],"EasingStyle":"Constant","EasingDirection":"In"}}},{"Time":0.3333333432674408,"poses":{"Left Leg":{"Weight":1,"CFrame":[-0.33080148696899416,0.13610148429870606,0.06771218776702881,0.9722474217414856,-0.13373853266239167,0.19196093082427979,0.12590576708316804,0.9906523823738098,0.05249416455626488,-0.19718706607818604,-0.02686832658946514,0.9799976348876953],"EasingStyle":"Constant","EasingDirection":"In"},"Right Arm":{"Weight":1,"CFrame":[0.4707702398300171,-0.6767263412475586,-0.12955844402313233,-0.7561801075935364,-0.6543446183204651,-0.004979244899004698,0.6288139820098877,-0.7287395000457764,0.2711676359176636,-0.18106570839881898,0.2019204944372177,0.9625193476676941],"EasingStyle":"Constant","EasingDirection":"In"},"Head":{"Weight":1,"CFrame":[1.0091753210872412e-7,-2.2904714569449426e-8,-2.980232238769531e-7,0.9998044371604919,0.0020410458091646435,-0.019669421017169954,-0.0017094002105295659,0.9998563528060913,0.016863055527210237,0.01970101334154606,-0.016826139762997628,0.999664306640625],"EasingStyle":"Constant","EasingDirection":"In"},"Right Leg":{"Weight":1,"CFrame":[0.3688632845878601,0.045818209648132327,0.027023792266845704,0.991539716720581,0.1172465831041336,-0.05569731071591377,-0.12163905799388886,0.9890638589859009,-0.08340687304735184,0.04530907794833183,0.08947616815567017,0.9949578642845154],"EasingStyle":"Constant","EasingDirection":"In"},"Torso":{"Weight":1,"CFrame":[-0.10039931535720825,-0.026624485850334169,-0.10948729515075684,0.9998044371604919,-0.0017094638897106052,0.019701017066836358,0.0023646363988518717,0.9994433522224426,-0.0332806259393692,-0.019633155316114427,0.03332070633769035,0.9992519617080689],"EasingStyle":"Constant","EasingDirection":"In"},"HumanoidRootPart":{"Weight":0,"CFrame":[0,0,0,1,0,0,0,1,0,0,0,1],"EasingStyle":"Linear","EasingDirection":"In"},"Left Arm":{"Weight":1,"CFrame":[-0.4794570803642273,-0.4336499571800232,-0.21863418817520142,-0.676853597164154,0.6375933289527893,-0.36789101362228396,-0.7360330820083618,-0.5937719345092773,0.32510092854499819,-0.01116111222654581,0.4908256530761719,0.8711863160133362],"EasingStyle":"Constant","EasingDirection":"In"}}},{"Time":0.375,"poses":{"Left Leg":{"Weight":1,"CFrame":[-0.6876638531684876,0.19172459840774537,-0.10363924503326416,0.9523018598556519,-0.2652221620082855,-0.1509254276752472,0.2716747224330902,0.9621024131774902,0.023492097854614259,0.13897500932216645,-0.06337413936853409,0.9882660508155823],"EasingStyle":"Constant","EasingDirection":"In"},"Right Arm":{"Weight":1,"CFrame":[0.5077832937240601,-0.2318776547908783,-1.1752251386642457,-0.2774451673030853,-0.09336274117231369,0.9561943411827087,0.8042638897895813,-0.566987931728363,0.17800100147724152,0.525532066822052,0.818418025970459,0.2323962152004242],"EasingStyle":"Constant","EasingDirection":"In"},"Head":{"Weight":1,"CFrame":[1.0384246706962586e-7,-1.3969838619232178e-8,0,0.9979957938194275,-0.049168191850185397,0.03983635455369949,0.0486290268599987,0.9987132549285889,0.014393091201782227,-0.04049277305603027,-0.012427040375769139,0.9991025328636169],"EasingStyle":"Constant","EasingDirection":"In"},"Right Leg":{"Weight":1,"CFrame":[0.418687641620636,0.18785470724105836,0.21475017070770265,0.902266800403595,0.23033510148525239,-0.3645004332065582,-0.27007508277893069,0.960884153842926,-0.06132892891764641,0.3361164331436157,0.15377752482891084,0.9291815757751465],"EasingStyle":"Constant","EasingDirection":"In"},"Torso":{"Weight":1,"CFrame":[-0.12962324917316438,-0.023098304867744447,-0.2636857032775879,0.9979957938194275,0.04862896725535393,-0.04049277305603027,-0.049817267805337909,0.9983410239219666,-0.028872882947325708,0.039021532982587817,0.030832257121801378,0.9987626075744629],"EasingStyle":"Constant","EasingDirection":"In"},"HumanoidRootPart":{"Weight":0,"CFrame":[0,0,0,1,0,0,0,1,0,0,0,1],"EasingStyle":"Linear","EasingDirection":"In"},"Left Arm":{"Weight":1,"CFrame":[-0.02943335473537445,-0.13965588808059693,0.18335175514221192,-0.5594450235366821,0.23725751042366029,0.7941852807998657,-0.36136239767074587,-0.9321188926696777,0.02391109988093376,0.745948076248169,-0.27361175417900088,0.6072050929069519],"EasingStyle":"Constant","EasingDirection":"In"}}},{"Time":0.4166666567325592,"poses":{"Left Leg":{"Weight":1,"CFrame":[-0.8053067326545715,0.26139330863952639,-0.1419495940208435,0.928907573223114,-0.3165995180606842,-0.1920817792415619,0.31828638911247256,0.9477192759513855,-0.02284892462193966,0.18927353620529176,-0.03991246595978737,0.9811128973960877],"EasingStyle":"Constant","EasingDirection":"In"},"Right Arm":{"Weight":1,"CFrame":[0.49842026829719546,-0.2942579686641693,-1.2324762344360352,-0.2921052575111389,-0.11867105215787888,0.948995053768158,0.6795775294303894,-0.7239453792572022,0.11864855885505676,0.6729404926300049,0.6795735955238342,0.2921144366264343],"EasingStyle":"Constant","EasingDirection":"In"},"Head":{"Weight":1,"CFrame":[6.332993507385254e-8,-3.91155481338501e-8,1.1920928955078126e-7,0.9934585094451904,-0.09092018008232117,0.06909357011318207,0.0885535180568695,0.9953994154930115,0.03658294677734375,-0.07210181653499603,-0.030225161463022233,0.9969393014907837],"EasingStyle":"Constant","EasingDirection":"In"},"Right Leg":{"Weight":1,"CFrame":[0.4799032211303711,0.3459627628326416,0.2608863115310669,0.8876972198486328,0.24463199079036714,-0.3900624215602875,-0.28063201904296877,0.9590962529182434,-0.037149578332901,0.3650195300579071,0.1424415111541748,0.9200387597084045],"EasingStyle":"Constant","EasingDirection":"In"},"Torso":{"Weight":1,"CFrame":[-0.11535295844078064,-0.03730637580156326,-0.39232492446899416,0.9934585094451904,0.08855345100164414,-0.07210182398557663,-0.09204523265361786,0.9946622848510742,-0.046632979065179828,0.0675874575972557,0.052964553236961368,0.9963065385818481],"EasingStyle":"Constant","EasingDirection":"In"},"HumanoidRootPart":{"Weight":0,"CFrame":[0,0,0,1,0,0,0,1,0,0,0,1],"EasingStyle":"Linear","EasingDirection":"In"},"Left Arm":{"Weight":1,"CFrame":[-0.01907806098461151,-0.038775891065597537,0.2035350799560547,-0.55756676197052,0.23931795358657838,0.7948874831199646,-0.34197285771369936,-0.9387369155883789,0.0427531898021698,0.7564218044281006,-0.24799217283725739,0.605248749256134],"EasingStyle":"Constant","EasingDirection":"In"}}},{"Time":0.4583333432674408,"poses":{"Left Leg":{"Weight":1,"CFrame":[-0.8053067326545715,0.26139330863952639,-0.1419495940208435,0.928907573223114,-0.3165995180606842,-0.1920817792415619,0.31828638911247256,0.9477192759513855,-0.02284892462193966,0.18927353620529176,-0.03991246595978737,0.9811128973960877],"EasingStyle":"Constant","EasingDirection":"In"},"Right Arm":{"Weight":1,"CFrame":[0.49842026829719546,-0.2942579686641693,-1.2324762344360352,-0.2921052575111389,-0.11867105215787888,0.948995053768158,0.6795775294303894,-0.7239453792572022,0.11864855885505676,0.6729404926300049,0.6795735955238342,0.2921144366264343],"EasingStyle":"Constant","EasingDirection":"In"},"Head":{"Weight":1,"CFrame":[6.332993507385254e-8,-3.91155481338501e-8,1.1920928955078126e-7,0.9934585094451904,-0.09092018008232117,0.06909357011318207,0.0885535180568695,0.9953994154930115,0.03658294677734375,-0.07210181653499603,-0.030225161463022233,0.9969393014907837],"EasingStyle":"Constant","EasingDirection":"In"},"Right Leg":{"Weight":1,"CFrame":[0.4799032211303711,0.3459627628326416,0.2608863115310669,0.8876972198486328,0.24463199079036714,-0.3900624215602875,-0.28063201904296877,0.9590962529182434,-0.037149578332901,0.3650195300579071,0.1424415111541748,0.9200387597084045],"EasingStyle":"Constant","EasingDirection":"In"},"Torso":{"Weight":1,"CFrame":[-0.11535295844078064,-0.03730637580156326,-0.39232492446899416,0.9934585094451904,0.08855345100164414,-0.07210182398557663,-0.09204523265361786,0.9946622848510742,-0.046632979065179828,0.0675874575972557,0.052964553236961368,0.9963065385818481],"EasingStyle":"Constant","EasingDirection":"In"},"HumanoidRootPart":{"Weight":0,"CFrame":[0,0,0,1,0,0,0,1,0,0,0,1],"EasingStyle":"Linear","EasingDirection":"In"},"Left Arm":{"Weight":1,"CFrame":[-0.01907806098461151,-0.038775891065597537,0.2035350799560547,-0.55756676197052,0.23931795358657838,0.7948874831199646,-0.34197285771369936,-0.9387369155883789,0.0427531898021698,0.7564218044281006,-0.24799217283725739,0.605248749256134],"EasingStyle":"Constant","EasingDirection":"In"}}},{"Time":0.5,"poses":{"Left Leg":{"Weight":1,"CFrame":[-0.6192453503608704,0.17498278617858888,0.022984981536865236,0.9686057567596436,-0.24808113276958466,0.016084695234894754,0.24859942495822907,0.9662672877311707,-0.06727420538663864,0.0011472956975921989,0.0691608339548111,0.9976048469543457],"EasingStyle":"Constant","EasingDirection":"In"},"Right Arm":{"Weight":1,"CFrame":[0.5006950497627258,-0.3686371445655823,-1.2573062181472779,-0.28805825114250185,-0.11990875005722046,0.9500759840011597,0.6580056548118591,-0.7455998659133911,0.10540217161178589,0.6957377791404724,0.6555171608924866,0.2936766743659973],"EasingStyle":"Constant","EasingDirection":"In"},"Head":{"Weight":1,"CFrame":[1.1827796697616577e-7,-2.421438694000244e-8,1.1920928955078126e-7,0.990936815738678,-0.110702745616436,0.0760875940322876,0.1062779426574707,0.9925281405448914,0.05994223803281784,-0.08215484023094177,-0.05131253972649574,0.9952978491783142],"EasingStyle":"Constant","EasingDirection":"In"},"Right Leg":{"Weight":1,"CFrame":[0.5367084741592407,0.3199124336242676,0.12859594821929933,0.9559144377708435,0.1966773122549057,-0.2180495411157608,-0.1990509182214737,0.9799246191978455,0.01125139556825161,0.2158850133419037,0.0326475165784359,0.9758728742599487],"EasingStyle":"Constant","EasingDirection":"In"},"Torso":{"Weight":1,"CFrame":[-0.10975196957588196,-0.05415236949920654,-0.29569101333618166,0.9909367561340332,0.10627787560224533,-0.08215483278036118,-0.11194024980068207,0.9914067983627319,-0.06769047677516937,0.07425485551357269,0.07627341151237488,0.9943181276321411],"EasingStyle":"Constant","EasingDirection":"In"},"HumanoidRootPart":{"Weight":0,"CFrame":[0,0,0,1,0,0,0,1,0,0,0,1],"EasingStyle":"Linear","EasingDirection":"In"},"Left Arm":{"Weight":1,"CFrame":[0.057512640953063968,-0.18700507283210755,0.2066946029663086,-0.5531851649284363,0.2438107579946518,0.7965816855430603,-0.307346373796463,-0.9484879970550537,0.07686877995729447,0.774289608001709,-0.20230384171009065,0.5996238589286804],"EasingStyle":"Constant","EasingDirection":"In"}}},{"Time":0.5416666865348816,"poses":{"Left Leg":{"Weight":1,"CFrame":[-0.6192453503608704,0.17498278617858888,0.022984981536865236,0.9686057567596436,-0.24808113276958466,0.016084695234894754,0.24859942495822907,0.9662672877311707,-0.06727420538663864,0.0011472956975921989,0.0691608339548111,0.9976048469543457],"EasingStyle":"Constant","EasingDirection":"In"},"Right Arm":{"Weight":1,"CFrame":[0.5006950497627258,-0.3686371445655823,-1.2573062181472779,-0.28805825114250185,-0.11990875005722046,0.9500759840011597,0.6580056548118591,-0.7455998659133911,0.10540217161178589,0.6957377791404724,0.6555171608924866,0.2936766743659973],"EasingStyle":"Constant","EasingDirection":"In"},"Head":{"Weight":1,"CFrame":[1.1827796697616577e-7,-2.421438694000244e-8,1.1920928955078126e-7,0.990936815738678,-0.110702745616436,0.0760875940322876,0.1062779426574707,0.9925281405448914,0.05994223803281784,-0.08215484023094177,-0.05131253972649574,0.9952978491783142],"EasingStyle":"Constant","EasingDirection":"In"},"Right Leg":{"Weight":1,"CFrame":[0.5367084741592407,0.3199124336242676,0.12859594821929933,0.9559144377708435,0.1966773122549057,-0.2180495411157608,-0.1990509182214737,0.9799246191978455,0.01125139556825161,0.2158850133419037,0.0326475165784359,0.9758728742599487],"EasingStyle":"Constant","EasingDirection":"In"},"Torso":{"Weight":1,"CFrame":[-0.10975196957588196,-0.05415236949920654,-0.29569101333618166,0.9909367561340332,0.10627787560224533,-0.08215483278036118,-0.11194024980068207,0.9914067983627319,-0.06769047677516937,0.07425485551357269,0.07627341151237488,0.9943181276321411],"EasingStyle":"Constant","EasingDirection":"In"},"HumanoidRootPart":{"Weight":0,"CFrame":[0,0,0,1,0,0,0,1,0,0,0,1],"EasingStyle":"Linear","EasingDirection":"In"},"Left Arm":{"Weight":1,"CFrame":[0.057512640953063968,-0.18700507283210755,0.2066946029663086,-0.5531851649284363,0.2438107579946518,0.7965816855430603,-0.307346373796463,-0.9484879970550537,0.07686877995729447,0.774289608001709,-0.20230384171009065,0.5996238589286804],"EasingStyle":"Constant","EasingDirection":"In"}}},{"Time":0.5833333134651184,"poses":{"Left Leg":{"Weight":1,"CFrame":[-0.6192453503608704,0.17498278617858888,0.022984981536865236,0.9686057567596436,-0.24808113276958466,0.016084695234894754,0.24859942495822907,0.9662672877311707,-0.06727420538663864,0.0011472956975921989,0.0691608339548111,0.9976048469543457],"EasingStyle":"Constant","EasingDirection":"In"},"Right Arm":{"Weight":1,"CFrame":[0.5006950497627258,-0.3686371445655823,-1.2573062181472779,-0.28805825114250185,-0.11990875005722046,0.9500759840011597,0.6580056548118591,-0.7455998659133911,0.10540217161178589,0.6957377791404724,0.6555171608924866,0.2936766743659973],"EasingStyle":"Constant","EasingDirection":"In"},"Head":{"Weight":1,"CFrame":[1.1827796697616577e-7,-2.421438694000244e-8,1.1920928955078126e-7,0.990936815738678,-0.110702745616436,0.0760875940322876,0.1062779426574707,0.9925281405448914,0.05994223803281784,-0.08215484023094177,-0.05131253972649574,0.9952978491783142],"EasingStyle":"Constant","EasingDirection":"In"},"Right Leg":{"Weight":1,"CFrame":[0.5367084741592407,0.3199124336242676,0.12859594821929933,0.9559144377708435,0.1966773122549057,-0.2180495411157608,-0.1990509182214737,0.9799246191978455,0.01125139556825161,0.2158850133419037,0.0326475165784359,0.9758728742599487],"EasingStyle":"Constant","EasingDirection":"In"},"Torso":{"Weight":1,"CFrame":[-0.10975196957588196,-0.05415236949920654,-0.29569101333618166,0.9909367561340332,0.10627787560224533,-0.08215483278036118,-0.11194024980068207,0.9914067983627319,-0.06769047677516937,0.07425485551357269,0.07627341151237488,0.9943181276321411],"EasingStyle":"Constant","EasingDirection":"In"},"HumanoidRootPart":{"Weight":0,"CFrame":[0,0,0,1,0,0,0,1,0,0,0,1],"EasingStyle":"Linear","EasingDirection":"In"},"Left Arm":{"Weight":1,"CFrame":[0.057512640953063968,-0.18700507283210755,0.2066946029663086,-0.5531851649284363,0.2438107579946518,0.7965816855430603,-0.307346373796463,-0.9484879970550537,0.07686877995729447,0.774289608001709,-0.20230384171009065,0.5996238589286804],"EasingStyle":"Constant","EasingDirection":"In"}}},{"Time":0.625,"poses":{"Left Leg":{"Weight":1,"CFrame":[-0.4456786513328552,0.16466772556304933,0.08492600917816162,0.9645874500274658,-0.19666552543640138,0.1757660210132599,0.19699986279010774,0.9802775382995606,0.015720609575510026,-0.17539121210575105,0.01946200802922249,0.9843064546585083],"EasingStyle":"Constant","EasingDirection":"In"},"Right Arm":{"Weight":1,"CFrame":[0.5237950682640076,-0.49140289425849917,-0.9860537052154541,-0.4439283013343811,-0.0845099613070488,0.8920683264732361,0.7080206274986267,-0.6432677507400513,0.2913990616798401,0.549212634563446,0.7609630227088928,0.3453994691371918],"EasingStyle":"Constant","EasingDirection":"In"},"Head":{"Weight":1,"CFrame":[9.685754776000977e-8,6.05359673500061e-9,-1.1920928955078126e-7,0.9981899857521057,-0.060118742287158969,0.0016308978665620089,0.06001201644539833,0.9974592328071594,0.03838922828435898,-0.0039346665143966679,-0.03822186589241028,0.9992615580558777],"EasingStyle":"Constant","EasingDirection":"In"},"Right Leg":{"Weight":1,"CFrame":[0.49061134457588198,0.14327168464660645,0.045995235443115237,0.9846817255020142,0.157984659075737,-0.07377509027719498,-0.16204483807086945,0.9853748083114624,-0.05270659178495407,0.06436934322118759,0.06385408341884613,0.9958811402320862],"EasingStyle":"Constant","EasingDirection":"In"},"Torso":{"Weight":1,"CFrame":[-0.08443520963191986,-0.04373345524072647,-0.18462204933166505,0.9981899261474609,0.06001194566488266,-0.003934663720428944,-0.06013737991452217,0.9966920614242554,-0.054666828364133838,0.0006409857305698097,0.054804492741823199,0.9984968900680542],"EasingStyle":"Constant","EasingDirection":"In"},"HumanoidRootPart":{"Weight":0,"CFrame":[0,0,0,1,0,0,0,1,0,0,0,1],"EasingStyle":"Linear","EasingDirection":"In"},"Left Arm":{"Weight":1,"CFrame":[0.0648311972618103,-0.24320462346076966,0.18441271781921388,-0.5620008111000061,0.23795977234840394,0.7921680808067322,-0.40788134932518008,-0.9129094481468201,-0.015140542760491372,0.7195748686790466,-0.3316195011138916,0.610115110874176],"EasingStyle":"Constant","EasingDirection":"In"}}},{"Time":0.6666666865348816,"poses":{"Left Leg":{"Weight":1,"CFrame":[-0.4456786513328552,0.16466772556304933,0.08492600917816162,0.9645874500274658,-0.19666552543640138,0.1757660210132599,0.19699986279010774,0.9802775382995606,0.015720609575510026,-0.17539121210575105,0.01946200802922249,0.9843064546585083],"EasingStyle":"Constant","EasingDirection":"In"},"Right Arm":{"Weight":1,"CFrame":[0.5237950682640076,-0.49140289425849917,-0.9860537052154541,-0.4439283013343811,-0.0845099613070488,0.8920683264732361,0.7080206274986267,-0.6432677507400513,0.2913990616798401,0.549212634563446,0.7609630227088928,0.3453994691371918],"EasingStyle":"Constant","EasingDirection":"In"},"Head":{"Weight":1,"CFrame":[9.685754776000977e-8,6.05359673500061e-9,-1.1920928955078126e-7,0.9981899857521057,-0.060118742287158969,0.0016308978665620089,0.06001201644539833,0.9974592328071594,0.03838922828435898,-0.0039346665143966679,-0.03822186589241028,0.9992615580558777],"EasingStyle":"Constant","EasingDirection":"In"},"Right Leg":{"Weight":1,"CFrame":[0.49061134457588198,0.14327168464660645,0.045995235443115237,0.9846817255020142,0.157984659075737,-0.07377509027719498,-0.16204483807086945,0.9853748083114624,-0.05270659178495407,0.06436934322118759,0.06385408341884613,0.9958811402320862],"EasingStyle":"Constant","EasingDirection":"In"},"Torso":{"Weight":1,"CFrame":[-0.08443520963191986,-0.04373345524072647,-0.18462204933166505,0.9981899261474609,0.06001194566488266,-0.003934663720428944,-0.06013737991452217,0.9966920614242554,-0.054666828364133838,0.0006409857305698097,0.054804492741823199,0.9984968900680542],"EasingStyle":"Constant","EasingDirection":"In"},"HumanoidRootPart":{"Weight":0,"CFrame":[0,0,0,1,0,0,0,1,0,0,0,1],"EasingStyle":"Linear","EasingDirection":"In"},"Left Arm":{"Weight":1,"CFrame":[0.0648311972618103,-0.24320462346076966,0.18441271781921388,-0.5620008111000061,0.23795977234840394,0.7921680808067322,-0.40788134932518008,-0.9129094481468201,-0.015140542760491372,0.7195748686790466,-0.3316195011138916,0.610115110874176],"EasingStyle":"Constant","EasingDirection":"In"}}},{"Time":0.7083333134651184,"poses":{"Left Leg":{"Weight":1,"CFrame":[-0.45538589358329775,0.34843146800994875,0.19961798191070558,0.9164881706237793,-0.19002169370651246,0.3520529568195343,0.1970830261707306,0.9802557229995728,0.016036074608564378,-0.3481491506099701,0.05468679219484329,0.935842752456665],"EasingStyle":"Constant","EasingDirection":"In"},"Right Arm":{"Weight":1,"CFrame":[0.12779076397418977,-0.3453134298324585,0.11057305335998535,-0.7496210336685181,-0.2314787060022354,-0.6200692653656006,0.2902621328830719,-0.9569262862205505,0.006324298679828644,-0.5948245525360107,-0.17524197697639466,0.7845216393470764],"EasingStyle":"Constant","EasingDirection":"In"},"Head":{"Weight":1,"CFrame":[7.543712854385376e-8,-1.5366822481155397e-8,-5.960464477539063e-8,0.9907890558242798,0.12713623046875,-0.04662198945879936,-0.12502197921276093,0.991097629070282,0.04577253386378288,0.05202629417181015,-0.03952214494347572,0.9978634119033814],"EasingStyle":"Constant","EasingDirection":"In"},"Right Leg":{"Weight":1,"CFrame":[0.7469504475593567,0.20470178127288819,-0.08474481105804444,0.9462767243385315,0.28904756903648379,0.14495444297790528,-0.27898913621902468,0.9564417600631714,-0.08593238145112992,-0.16347892582416535,0.04087509587407112,0.9856997132301331],"EasingStyle":"Constant","EasingDirection":"In"},"Torso":{"Weight":1,"CFrame":[-0.07680876553058624,-0.044755108654499057,-0.3343510627746582,0.9907890558242798,-0.1250220388174057,0.05202629044651985,0.1278865784406662,0.9902097582817078,-0.055943913757801059,-0.044522725045681,0.06208207085728645,0.9970775246620178],"EasingStyle":"Constant","EasingDirection":"In"},"HumanoidRootPart":{"Weight":0,"CFrame":[0,0,0,1,0,0,0,1,0,0,0,1],"EasingStyle":"Linear","EasingDirection":"In"},"Left Arm":{"Weight":1,"CFrame":[-0.6062251925468445,-0.584114670753479,-0.507603108882904,-0.595587432384491,0.2781967222690582,-0.7535797357559204,-0.6965600252151489,-0.6461120843887329,0.31199911236763,-0.4000997245311737,0.7107361555099487,0.578596830368042],"EasingStyle":"Constant","EasingDirection":"In"}}},{"Time":0.75,"poses":{"Left Leg":{"Weight":1,"CFrame":[-0.45538589358329775,0.34843146800994875,0.19961798191070558,0.9164881706237793,-0.19002169370651246,0.3520529568195343,0.1970830261707306,0.9802557229995728,0.016036074608564378,-0.3481491506099701,0.05468679219484329,0.935842752456665],"EasingStyle":"Constant","EasingDirection":"In"},"Right Arm":{"Weight":1,"CFrame":[0.12779076397418977,-0.3453134298324585,0.11057305335998535,-0.7496210336685181,-0.2314787060022354,-0.6200692653656006,0.2902621328830719,-0.9569262862205505,0.006324298679828644,-0.5948245525360107,-0.17524197697639466,0.7845216393470764],"EasingStyle":"Constant","EasingDirection":"In"},"Head":{"Weight":1,"CFrame":[7.543712854385376e-8,-1.5366822481155397e-8,-5.960464477539063e-8,0.9907890558242798,0.12713623046875,-0.04662198945879936,-0.12502197921276093,0.991097629070282,0.04577253386378288,0.05202629417181015,-0.03952214494347572,0.9978634119033814],"EasingStyle":"Constant","EasingDirection":"In"},"Right Leg":{"Weight":1,"CFrame":[0.7469504475593567,0.20470178127288819,-0.08474481105804444,0.9462767243385315,0.28904756903648379,0.14495444297790528,-0.27898913621902468,0.9564417600631714,-0.08593238145112992,-0.16347892582416535,0.04087509587407112,0.9856997132301331],"EasingStyle":"Constant","EasingDirection":"In"},"Torso":{"Weight":1,"CFrame":[-0.07680876553058624,-0.044755108654499057,-0.3343510627746582,0.9907890558242798,-0.1250220388174057,0.05202629044651985,0.1278865784406662,0.9902097582817078,-0.055943913757801059,-0.044522725045681,0.06208207085728645,0.9970775246620178],"EasingStyle":"Constant","EasingDirection":"In"},"HumanoidRootPart":{"Weight":0,"CFrame":[0,0,0,1,0,0,0,1,0,0,0,1],"EasingStyle":"Linear","EasingDirection":"In"},"Left Arm":{"Weight":1,"CFrame":[-0.6062251925468445,-0.584114670753479,-0.507603108882904,-0.595587432384491,0.2781967222690582,-0.7535797357559204,-0.6965600252151489,-0.6461120843887329,0.31199911236763,-0.4000997245311737,0.7107361555099487,0.578596830368042],"EasingStyle":"Constant","EasingDirection":"In"}}},{"Time":0.7916666865348816,"poses":{"Left Leg":{"Weight":1,"CFrame":[-0.4365012049674988,0.5399736166000366,0.2436516284942627,0.8971327543258667,-0.15284976363182069,0.4144752025604248,0.1644778698682785,0.9863505363464356,0.007732694037258625,-0.409999817609787,0.061234746128320697,0.9100277423858643],"EasingStyle":"Constant","EasingDirection":"In"},"Right Arm":{"Weight":1,"CFrame":[0.18835993111133576,-0.28388452529907229,0.17966055870056153,-0.6403552889823914,-0.13908001