{"Sequence":[{"Time":0,"poses":{"Left Leg":{"Weight":1,"CFrame":[-0.08361802995204926,0.07677477598190308,0.01600635051727295,0.9778594374656677,-0.08178585767745972,0.19261880218982697,0.05866619572043419,0.9906934499740601,0.1228196769952774,-0.20087110996246339,-0.10880020260810852,0.9735571146011353],"EasingStyle":"Linear","EasingDirection":"In"},"Right Arm":{"Weight":1,"CFrame":[0.3164694309234619,-0.10754215717315674,0.45961952209472659,-0.1994674801826477,-0.2528408467769623,0.9467229843139648,0.274734228849411,-0.9418185353279114,-0.1936463862657547,0.9406028985977173,0.22147099673748017,0.2573261857032776],"EasingStyle":"Linear","EasingDirection":"In"},"Head":{"Weight":1,"CFrame":[8.887943181434821e-8,0,0.016662120819091798,0.9995900392532349,-0.02851986326277256,-0.0025377976708114149,0.02844402566552162,0.9992546439170837,-0.026098191738128663,0.003280216595157981,0.02601531706750393,0.9996562004089356],"EasingStyle":"Linear","EasingDirection":"In"},"Right Leg":{"Weight":1,"CFrame":[0.06668989360332489,0.06771337985992432,0.029436469078063966,0.9583496451377869,0.09329957515001297,-0.2699279189109802,-0.06942944973707199,0.9928903579711914,0.09668713808059693,0.2770298421382904,-0.07391920685768128,0.9580138325691223],"EasingStyle":"Linear","EasingDirection":"In"},"Torso":{"Weight":1,"CFrame":[0,0,-0.035384178161621097,1,2.384185791015625e-7,-8.742277657347586e-8,-2.384185791015625e-7,1,2.084321417176148e-14,8.742277657347586e-8,0,1],"EasingStyle":"Linear","EasingDirection":"In"},"HumanoidRootPart":{"Weight":1,"CFrame":[0,0,0,1,0,0,0,1,0,0,0,1],"EasingStyle":"Linear","EasingDirection":"In"},"Left Arm":{"Weight":1,"CFrame":[-0.10670319199562073,0.5004309415817261,0.2123328447341919,-0.301433801651001,0.563148021697998,-0.7694168090820313,-0.5078954696655273,-0.7777727246284485,-0.3702859580516815,-0.8069571852684021,0.27916640043258669,0.5204672813415527],"EasingStyle":"Linear","EasingDirection":"In"}}},{"Time":0.03333333507180214,"poses":{"Left Leg":{"Weight":1,"CFrame":[0.02502366527915001,0.07683408260345459,-0.0007717013359069824,0.9666029810905457,-0.0691520944237709,0.24677269160747529,0.033960454165935519,0.9889781475067139,0.14411485195159913,-0.2540186643600464,-0.13092133402824403,0.958297610282898],"EasingStyle":"Linear","EasingDirection":"In"},"Right Arm":{"Weight":1,"CFrame":[0.3286050260066986,-0.2283344566822052,0.5528522729873657,0.012505131773650647,-0.1833551526069641,0.9829672574996948,0.2864878475666046,-0.941175103187561,-0.17920410633087159,0.9580022096633911,0.28384923934936526,0.04075949266552925],"EasingStyle":"Linear","EasingDirection":"In"},"Head":{"Weight":1,"CFrame":[8.766073733568192e-8,3.725290298461914e-9,0.016661763191223146,0.9916359186172485,-0.12530650198459626,0.030927803367376329,0.12594842910766602,0.991840124130249,-0.01975352317094803,-0.02820020355284214,0.023483648896217347,0.9993264675140381],"EasingStyle":"Linear","EasingDirection":"In"},"Right Leg":{"Weight":1,"CFrame":[0.2695251405239105,0.11772507429122925,0.019665837287902833,0.9868776798248291,0.11156553030014038,-0.11672860383987427,-0.0958072766661644,0.9864933490753174,0.13286054134368897,0.12997467815876008,-0.11993375420570374,0.9842370748519898],"EasingStyle":"Linear","EasingDirection":"In"},"Torso":{"Weight":1,"CFrame":[-0.05136363208293915,-0.00702258013188839,-0.04579806327819824,0.9950046539306641,0.09717711806297302,-0.02285562828183174,-0.0973932147026062,0.9952093958854675,-0.008537462912499905,0.02191648818552494,0.010720798745751381,0.9997023344039917],"EasingStyle":"Linear","EasingDirection":"In"},"HumanoidRootPart":{"Weight":1,"CFrame":[0,0,0,1,0,0,0,1,0,0,0,1],"EasingStyle":"Linear","EasingDirection":"In"},"Left Arm":{"Weight":1,"CFrame":[-0.10647445917129517,0.48660051822662356,0.20486438274383546,-0.5852771997451782,0.6068881154060364,-0.5377152562141419,-0.5263106822967529,-0.7888188362121582,-0.3174300193786621,-0.6168044209480286,0.0972205400466919,0.7810893654823303],"EasingStyle":"Linear","EasingDirection":"In"}}},{"Time":0.06666667014360428,"poses":{"Left Leg":{"Weight":1,"CFrame":[0.15363770723342896,0.09392982721328736,-0.037435829639434817,0.9663410186767578,-0.034422848373651507,0.25495120882987978,-0.015162110328674317,0.9816649556159973,0.1900106817483902,-0.25681740045547488,-0.18748065829277039,0.9481011629104614],"EasingStyle":"Linear","EasingDirection":"In"},"Right Arm":{"Weight":1,"CFrame":[0.3359221816062927,-0.3356247842311859,0.6330037117004395,0.16937674582004548,-0.11562960594892502,0.9787448048591614,0.32596585154533389,-0.9306300282478333,-0.1663551777601242,0.9300848841667175,0.347214013338089,-0.11993581801652909],"EasingStyle":"Linear","EasingDirection":"In"},"Head":{"Weight":1,"CFrame":[7.916241884231568e-8,-2.2351741790771486e-8,0.016661763191223146,0.9714416265487671,-0.22772076725959779,0.06666645407676697,0.22840426862239839,0.9735625982284546,-0.002713864203542471,-0.0642859935760498,0.017863262444734575,0.997771680355072],"EasingStyle":"Linear","EasingDirection":"In"},"Right Leg":{"Weight":1,"CFrame":[0.5008381009101868,0.21432048082351685,-0.10526245832443237,0.9874303340911865,0.09173811227083206,0.12870703637599946,-0.1205441877245903,0.9637941122055054,0.23784486949443818,-0.10222755372524262,-0.2503700852394104,0.9627379775047302],"EasingStyle":"Linear","EasingDirection":"In"},"Torso":{"Weight":1,"CFrame":[-0.10913874208927155,-0.022581923753023149,-0.07351040840148926,0.9784244894981384,0.20011192560195924,-0.05138861760497093,-0.20168492197990418,0.9790657162666321,-0.027453212067484857,0.04481911286711693,0.037225205451250079,0.9983013272285461],"EasingStyle":"Linear","EasingDirection":"In"},"HumanoidRootPart":{"Weight":1,"CFrame":[0,0,0,1,0,0,0,1,0,0,0,1],"EasingStyle":"Linear","EasingDirection":"In"},"Left Arm":{"Weight":1,"CFrame":[-0.10840766131877899,0.45598363876342776,0.195226788520813,-0.7730789184570313,0.6113430857658386,-0.1691410094499588,-0.5334176421165466,-0.7708682417869568,-0.3481779396533966,-0.3432416319847107,-0.17894627153873444,0.9220430850982666],"EasingStyle":"Linear","EasingDirection":"In"}}},{"Time":0.10000000149011612,"poses":{"Left Leg":{"Weight":1,"CFrame":[0.14454220235347749,0.11647564172744751,-0.03973042964935303,0.9693612456321716,-0.06600037217140198,0.23660674691200257,0.009062583558261395,0.9721807837486267,0.2340564876794815,-0.24547241628170014,-0.22474098205566407,0.9429924488067627],"EasingStyle":"Linear","EasingDirection":"In"},"Right Arm":{"Weight":1,"CFrame":[0.3429069221019745,-0.42156898975372317,0.6958820819854736,0.29053860902786257,-0.05403206869959831,0.9553365111351013,0.37488967180252077,-0.912158727645874,-0.16560204327106477,0.8803665041923523,0.40625959634780886,-0.24476130306720735],"EasingStyle":"Linear","EasingDirection":"In"},"Head":{"Weight":1,"CFrame":[7.82310962677002e-8,7.450580596923828e-9,0.0166623592376709,0.943709135055542,-0.31581491231918337,0.09835657477378845,0.31547895073890688,0.9487350583076477,0.019361596554517747,-0.09942901134490967,0.012757666409015656,0.9949628710746765],"EasingStyle":"Linear","EasingDirection":"In"},"Right Leg":{"Weight":1,"CFrame":[0.6116123199462891,0.28526967763900759,-0.308025062084198,0.9298343658447266,-0.0026637024711817505,0.3679690361022949,-0.1456342488527298,0.9156625866889954,0.37463685870170596,-0.33793333172798159,-0.4019390344619751,0.8510264754295349],"EasingStyle":"Linear","EasingDirection":"In"},"Torso":{"Weight":1,"CFrame":[-0.16734635829925538,-0.03959028422832489,-0.1127772331237793,0.9541224837303162,0.2883615493774414,-0.08060973137617111,-0.29269152879714968,0.9549948573112488,-0.04813055694103241,0.06310287117958069,0.06951622664928436,0.9955831170082092],"EasingStyle":"Linear","EasingDirection":"In"},"HumanoidRootPart":{"Weight":1,"CFrame":[0,0,0,1,0,0,0,1,0,0,0,1],"EasingStyle":"Linear","EasingDirection":"In"},"Left Arm":{"Weight":1,"CFrame":[-0.11363188922405243,0.4204309582710266,0.18711698055267335,-0.8236596584320068,0.5212711691856384,0.22329582273960114,-0.5651472210884094,-0.722012460231781,-0.39913228154182436,-0.046833764761686328,-0.45494428277015688,0.8892875909805298],"EasingStyle":"Linear","EasingDirection":"In"}}},{"Time":0.13333334028720857,"poses":{"Left Leg":{"Weight":1,"CFrame":[0.13021744787693025,0.12706530094146729,-0.038308143615722659,0.9743523597717285,-0.0868779793381691,0.2075807899236679,0.03205674886703491,0.9666473269462586,0.2540974020957947,-0.22273291647434236,-0.24092605710029603,0.944640040397644],"EasingStyle":"Linear","EasingDirection":"In"},"Right Arm":{"Weight":1,"CFrame":[0.3540937304496765,-0.4784470796585083,0.7372397184371948,0.39491117000579836,-0.0041238125413656239,0.9187101125717163,0.4162205457687378,-0.8906760215759277,-0.18291199207305909,0.8190272450447083,0.4546200633049011,-0.35002148151397707],"EasingStyle":"Linear","EasingDirection":"In"},"Head":{"Weight":1,"CFrame":[1.2479722499847413e-7,-2.2351741790771486e-8,0.016662120819091798,0.9200295209884644,-0.3728175461292267,0.12063514441251755,0.3709524869918823,0.9278570413589478,0.0384141281247139,-0.1262536346912384,0.009407782927155495,0.9919533729553223],"EasingStyle":"Linear","EasingDirection":"In"},"Right Leg":{"Weight":1,"CFrame":[0.6028264760971069,0.29661262035369875,-0.4470869302749634,0.8425513505935669,-0.12331557273864746,0.5243096947669983,-0.17165865004062653,0.8611998558044434,0.4784015417098999,-0.5105297565460205,-0.4930800795555115,0.7044368386268616],"EasingStyle":"Linear","EasingDirection":"In"},"Torso":{"Weight":1,"CFrame":[-0.21842066943645478,-0.05293361842632294,-0.15686511993408204,0.9328408241271973,0.3450726568698883,-0.10360056161880493,-0.3524993062019348,0.9335968494415283,-0.06435227394104004,0.0745149552822113,0.09654954075813294,0.9925349950790405],"EasingStyle":"Linear","EasingDirection":"In"},"HumanoidRootPart":{"Weight":1,"CFrame":[0,0,0,1,0,0,0,1,0,0,0,1],"EasingStyle":"Linear","EasingDirection":"In"},"Left Arm":{"Weight":1,"CFrame":[-0.12015384435653687,0.3907346725463867,0.18354558944702149,-0.763353168964386,0.37560123205184939,0.5255621075630188,-0.6145115494728088,-0.6730663776397705,-0.4115303158760071,0.19916678965091706,-0.6371070742607117,0.7445987462997437],"EasingStyle":"Linear","EasingDirection":"In"}}},{"Time":0.1666666716337204,"poses":{"Left Leg":{"Weight":1,"CFrame":[0.006674826145172119,0.1251038908958435,-0.014047324657440186,0.9742927551269531,-0.14555701613426209,0.1719502955675125,0.09836816787719727,0.9615102410316467,0.25655749440193179,-0.2026756852865219,-0.23304767906665803,0.9511106610298157],"EasingStyle":"Linear","EasingDirection":"In"},"Right Arm":{"Weight":1,"CFrame":[0.3740159273147583,-0.49863940477371218,0.7527904510498047,0.49903416633605959,0.02701525203883648,0.8661612272262573,0.43262535333633425,-0.8738141059875488,-0.22200067341327668,0.7508664131164551,0.4855091869831085,-0.44775062799453738],"EasingStyle":"Linear","EasingDirection":"In"},"Head":{"Weight":1,"CFrame":[9.685754776000977e-8,-3.725290298461914e-8,0.016661763191223146,0.9133943915367127,-0.38607552647590639,0.129060298204422,0.38342732191085818,0.9224354028701782,0.045788366347551349,-0.13672755658626557,0.007662385702133179,0.9905791282653809],"EasingStyle":"Linear","EasingDirection":"In"},"Right Leg":{"Weight":1,"CFrame":[0.5825564861297607,0.28549736738204958,-0.4976876974105835,0.7841164469718933,-0.1805175244808197,0.5937802195549011,-0.2009400725364685,0.8313801288604736,0.5181025266647339,-0.5871835350990295,-0.5255669951438904,0.6156255602836609],"EasingStyle":"Linear","EasingDirection":"In"},"Torso":{"Weight":1,"CFrame":[-0.2541828155517578,-0.058764681220054629,-0.19829034805297852,0.9268918037414551,0.3580096662044525,-0.11269732564687729,-0.36693114042282107,0.9275007843971252,-0.07144119590520859,0.07895022630691529,0.10757041722536087,0.9910577535629273],"EasingStyle":"Linear","EasingDirection":"In"},"HumanoidRootPart":{"Weight":1,"CFrame":[0,0,0,1,0,0,0,1,0,0,0,1],"EasingStyle":"Linear","EasingDirection":"In"},"Left Arm":{"Weight":1,"CFrame":[-0.12504705786705018,0.3775603175163269,0.18490886688232423,-0.6566469669342041,0.2562773525714874,0.7093213796615601,-0.652275025844574,-0.6651192307472229,-0.36352962255477908,0.37861886620521548,-0.7013832330703735,0.603911817073822],"EasingStyle":"Linear","EasingDirection":"In"}}},{"Time":0.20000000298023225,"poses":{"Left Leg":{"Weight":1,"CFrame":[-0.20822174847126008,0.12786567211151124,0.014166951179504395,0.95912104845047,-0.2460634708404541,0.1397840529680252,0.20498451590538026,0.9446082711219788,0.2563138008117676,-0.19511063396930695,-0.2171824723482132,0.9564328193664551],"EasingStyle":"Linear","EasingDirection":"In"},"Right Arm":{"Weight":1,"CFrame":[0.4045087695121765,-0.4890744686126709,0.7504719495773315,0.6138028502464294,0.011961047537624836,0.789368748664856,0.3909081816673279,-0.8733074069023132,-0.2907319962978363,0.6858840584754944,0.48702287673950198,-0.5407142043113709],"EasingStyle":"Linear","EasingDirection":"In"},"Head":{"Weight":1,"CFrame":[1.5273690223693848e-7,2.9802322387695315e-8,0.016661763191223146,0.9189028143882752,-0.3737640082836151,0.12616701424121858,0.3714776337146759,0.9274877309799194,0.04208386316895485,-0.13274778425693513,0.008197227492928505,0.9911160469055176],"EasingStyle":"Linear","EasingDirection":"In"},"Right Leg":{"Weight":1,"CFrame":[0.6078343987464905,0.2789188027381897,-0.5330733060836792,0.7752872705459595,-0.1595844328403473,0.6111158728599548,-0.23650424182415009,0.8238137364387512,0.515166699886322,-0.5856582522392273,-0.5439335107803345,0.6009499430656433],"EasingStyle":"Linear","EasingDirection":"In"},"Torso":{"Weight":1,"CFrame":[-0.2736623287200928,-0.056618332862854007,-0.23071742057800294,0.9319575428962708,0.3457951545715332,-0.10899971425533295,-0.3541090786457062,0.9326676726341248,-0.06883183866739273,0.07785879820585251,0.1027461364865303,0.9916558265686035],"EasingStyle":"Linear","EasingDirection":"In"},"HumanoidRootPart":{"Weight":1,"CFrame":[0,0,0,1,0,0,0,1,0,0,0,1],"EasingStyle":"Linear","EasingDirection":"In"},"Left Arm":{"Weight":1,"CFrame":[-0.12328271567821503,0.3934728503227234,0.21204018592834474,-0.5165461897850037,0.1916661113500595,0.8345323204994202,-0.6904929280281067,-0.6695968508720398,-0.27360501885414126,0.5063592791557312,-0.7175682783126831,0.47822195291519167],"EasingStyle":"Linear","EasingDirection":"In"}}},{"Time":0.23333333432674409,"poses":{"Left Leg":{"Weight":1,"CFrame":[-0.33182504773139956,0.13588297367095948,0.025601983070373536,0.9463565349578857,-0.2961548864841461,0.12923496961593629,0.2582589089870453,0.933618426322937,0.24831241369247437,-0.19419512152671815,-0.20161594450473786,0.9600204229354858],"EasingStyle":"Linear","EasingDirection":"In"},"Right Arm":{"Weight":1,"CFrame":[0.43982458114624026,-0.4606330692768097,0.7355350255966187,0.7169761061668396,-0.05458768084645271,0.6949573159217835,0.2918371856212616,-0.8818562626838684,-0.3703518509864807,0.6330690383911133,0.4683479070663452,-0.6163391470909119],"EasingStyle":"Linear","EasingDirection":"In"},"Head":{"Weight":1,"CFrame":[8.195638656616211e-8,-1.4901161193847657e-8,0.01666247844696045,0.9315006732940674,-0.3442419469356537,0.11749077588319779,0.34283801913261416,0.9388286471366882,0.0326022207736969,-0.12152677774429321,0.009911294095218182,0.9925386905670166],"EasingStyle":"Linear","EasingDirection":"In"},"Right Leg":{"Weight":1,"CFrame":[0.6522396206855774,0.27519387006759646,-0.5519517660140991,0.7935618162155151,-0.1001066118478775,0.6001986861228943,-0.2708415389060974,0.8251668810844421,0.4957261085510254,-0.5448894500732422,-0.5559480786323547,0.6277078986167908],"EasingStyle":"Linear","EasingDirection":"In"},"Torso":{"Weight":1,"CFrame":[-0.2800067663192749,-0.05068312585353851,-0.25005483627319338,0.9434409141540527,0.31653544306755068,-0.0986136794090271,-0.32326436042785647,0.9443005919456482,-0.06161630526185036,0.07361721247434616,0.09000962972640991,0.9932163953781128],"EasingStyle":"Linear","EasingDirection":"In"},"HumanoidRootPart":{"Weight":1,"CFrame":[0,0,0,1,0,0,0,1,0,0,0,1],"EasingStyle":"Linear","EasingDirection":"In"},"Left Arm":{"Weight":1,"CFrame":[-0.11617622524499893,0.4235607981681824,0.2591376304626465,-0.3425160348415375,0.16792693734169007,0.9243826270103455,-0.7283352613449097,-0.6689702868461609,-0.1483457088470459,0.5934731960296631,-0.7240713238716126,0.3514402508735657],"EasingStyle":"Linear","EasingDirection":"In"}}},{"Time":0.2666666805744171,"poses":{"Left Leg":{"Weight":1,"CFrame":[-0.3930712640285492,0.1531890630722046,0.05086958408355713,0.9321576356887817,-0.31872862577438357,0.17173904180526734,0.2758694291114807,0.9324734807014465,0.23321546614170075,-0.23447458446025849,-0.1700160801410675,0.9571396708488464],"EasingStyle":"Linear","EasingDirection":"In"},"Right Arm":{"Weight":1,"CFrame":[0.47321635484695437,-0.41172757744789126,0.6994117498397827,0.7802252173423767,-0.14257825911045075,0.6090322732925415,0.1773827224969864,-0.8832670450210571,-0.4340214729309082,0.5998201370239258,0.4466663897037506,-0.6638563275337219],"EasingStyle":"Linear","EasingDirection":"In"},"Head":{"Weight":1,"CFrame":[5.774199962615967e-8,-7.450580596923828e-9,0.016662120819091798,0.9497740864753723,-0.2955397963523865,0.10288543999195099,0.29519039392471316,0.9552504420280457,0.01895601861178875,-0.10388363152742386,0.012366890907287598,0.9945126175880432],"EasingStyle":"Linear","EasingDirection":"In"},"Right Leg":{"Weight":1,"CFrame":[0.677768349647522,0.25908684730529787,-0.5259401798248291,0.8155211210250855,-0.0335054025053978,0.5777567028999329,-0.2968504726886749,0.8327685594558716,0.46730753779411318,-0.4967949092388153,-0.5526065230369568,0.669194221496582],"EasingStyle":"Linear","EasingDirection":"In"},"Torso":{"Weight":1,"CFrame":[-0.2719888389110565,-0.04219701886177063,-0.2553248405456543,0.9598821997642517,0.2680458426475525,-0.08232655376195908,-0.2726838290691376,0.9607350826263428,-0.05129960924386978,0.06534337252378464,0.07169069349765778,0.9952842593193054],"EasingStyle":"Linear","EasingDirection":"In"},"HumanoidRootPart":{"Weight":1,"CFrame":[0,0,0,1,0,0,0,1,0,0,0,1],"EasingStyle":"Linear","EasingDirection":"In"},"Left Arm":{"Weight":1,"CFrame":[-0.10985774546861649,0.43818163871765139,0.28570473194122317,-0.22521072626113892,0.22659677267074586,0.9475938081741333,-0.711622416973114,-0.7025613188743591,-0.0011257901787757874,0.66548752784729,-0.6745826005935669,0.3194758892059326],"EasingStyle":"Linear","EasingDirection":"In"}}},{"Time":0.30000001192092898,"poses":{"Left Leg":{"Weight":1,"CFrame":[-0.37635761499404909,0.1635168194770813,0.0839996337890625,0.9218546748161316,-0.30161765217781069,0.24333275854587556,0.25541502237319949,0.9450976848602295,0.20384687185287476,-0.29145705699920657,-0.12576636672019959,0.9482803344726563],"EasingStyle":"Linear","EasingDirection":"In"},"Right Arm":{"Weight":1,"CFrame":[0.497988224029541,-0.3411194682121277,0.6332828998565674,0.7923357486724854,-0.21836894750595094,0.569665789604187,0.09922528266906738,-0.8751895427703857,-0.4734950065612793,0.6019620895385742,0.4316924810409546,-0.6717763543128967],"EasingStyle":"Linear","EasingDirection":"In"},"Head":{"Weight":1,"CFrame":[1.257285475730896e-7,7.450580596923828e-9,0.016662240028381349,0.970057487487793,-0.22856338322162629,0.08214262872934342,0.22906775772571565,0.9734047055244446,0.0033568795770406725,-0.08072522282600403,0.015559878200292588,0.996614933013916],"EasingStyle":"Linear","EasingDirection":"In"},"Right Leg":{"Weight":1,"CFrame":[0.7421965599060059,0.28782278299331667,-0.38165122270584109,0.9130611419677734,0.12396984547376633,0.3885241150856018,-0.27868786454200747,0.885204017162323,0.3724876046180725,-0.29774582386016848,-0.4483809769153595,0.8427942395210266],"EasingStyle":"Linear","EasingDirection":"In"},"Torso":{"Weight":1,"CFrame":[-0.24494926631450654,-0.032050587236881259,-0.22958898544311524,0.9776741862297058,0.20107010006904603,-0.061026107519865039,-0.20362548530101777,0.9782732129096985,-0.03896442800760269,0.051865629851818088,0.05052097886800766,0.9973753690719605],"EasingStyle":"Linear","EasingDirection":"In"},"HumanoidRootPart":{"Weight":1,"CFrame":[0,0,0,1,0,0,0,1,0,0,0,1],"EasingStyle":"Linear","EasingDirection":"In"},"Left Arm":{"Weight":1,"CFrame":[-0.11290378123521805,0.40332525968551638,0.19343173503875733,-0.271480530500412,0.39836594462394717,0.8761296272277832,-0.6574145555496216,-0.7416102290153503,0.13349273800849915,0.7029256820678711,-0.5397396683692932,0.463224321603775],"EasingStyle":"Linear","EasingDirection":"In"}}},{"Time":0.3333333432674408,"poses":{"Left Leg":{"Weight":1,"CFrame":[-0.28546974062919619,0.1494618058204651,0.10431861877441406,0.913099467754364,-0.2491184026002884,0.32278403639793398,0.20561817288398744,0.9649502038955689,0.16307179629802705,-0.35209473967552187,-0.08253054320812226,0.9323186278343201],"EasingStyle":"Linear","EasingDirection":"In"},"Right Arm":{"Weight":1,"CFrame":[0.5065883994102478,-0.24803733825683595,0.5274970531463623,0.7289479374885559,-0.2718418836593628,0.6282809972763062,0.09296604245901108,-0.8699633479118347,-0.48427367210388186,0.6782273054122925,0.411419153213501,-0.6088860034942627],"EasingStyle":"Linear","EasingDirection":"In"},"Head":{"Weight":1,"CFrame":[7.310882210731507e-8,-3.725290298461914e-9,0.016662001609802247,0.9865727424621582,-0.15333829820156098,0.05622739717364311,0.1541995406150818,0.9879752993583679,-0.011284605599939824,-0.05382096767425537,0.01980341039597988,0.9983543157577515],"EasingStyle":"Linear","EasingDirection":"In"},"Right Leg":{"Weight":1,"CFrame":[0.6285713911056519,0.2605016827583313,0.0010515451431274415,0.9641239047050476,0.257770299911499,-0.06340103596448899,-0.24501705169677735,0.9560434818267822,0.16108305752277375,0.10213665664196015,-0.1397697776556015,0.9849023818969727],"EasingStyle":"Linear","EasingDirection":"In"},"Torso":{"Weight":1,"CFrame":[-0.19876278936862946,-0.02091314271092415,-0.1709737777709961,0.9914100766181946,0.12560299038887025,-0.03646846488118172,-0.1265663504600525,0.991632342338562,-0.025424448773264886,0.032969921827316287,0.029821740463376046,0.9990113377571106],"EasingStyle":"Linear","EasingDirection":"In"},"HumanoidRootPart":{"Weight":1,"CFrame":[0,0,0,1,0,0,0,1,0,0,0,1],"EasingStyle":"Linear","EasingDirection":"In"},"Left Arm":{"Weight":1,"CFrame":[-0.12122233957052231,0.31346607208251955,0.022081375122070314,-0.4645710587501526,0.6180478930473328,0.6341848969459534,-0.6357713937759399,-0.731303334236145,0.24696214497089387,0.6164159774780273,-0.2884652018547058,0.732679545879364],"EasingStyle":"Linear","EasingDirection":"In"}}},{"Time":0.36666667461395266,"poses":{"Left Leg":{"Weight":1,"CFrame":[-0.15646712481975556,0.11522215604782105,0.09306097030639649,0.9045127034187317,-0.17992018163204194,0.3866335153579712,0.1426217257976532,0.9820615649223328,0.12334548681974411,-0.40189027786254885,-0.05642523616552353,0.9139477610588074],"EasingStyle":"Linear","EasingDirection":"In"},"Right Arm":{"Weight":1,"CFrame":[0.4810951352119446,-0.13270336389541627,0.37932920455932619,0.5237078070640564,-0.32615727186203005,0.7869889736175537,0.1444886028766632,-0.8764147162437439,-0.45936959981918337,0.8395553827285767,0.35428643226623537,-0.4118591248989105],"EasingStyle":"Linear","EasingDirection":"In"},"Head":{"Weight":1,"CFrame":[7.916241884231568e-8,-9.313225746154786e-10,0.016662120819091798,0.9961434006690979,-0.08254065364599228,0.029754996299743654,0.08322402089834213,0.9962766766548157,-0.022506901994347574,-0.027786457911133767,0.0248964112251997,0.9993038773536682],"EasingStyle":"Linear","EasingDirection":"In"},"Right Leg":{"Weight":1,"CFrame":[0.26211971044540408,0.11441981792449951,0.16306614875793458,0.8842918276786804,0.20614434778690339,-0.41896599531173708,-0.2105015367269516,0.976916491985321,0.03637784719467163,0.4167938530445099,0.05602431297302246,0.90727299451828],"EasingStyle":"Linear","EasingDirection":"In"},"Torso":{"Weight":1,"CFrame":[-0.14105068147182465,-0.009966699406504631,-0.10193943977355957,0.9984297156333923,0.054433997720479968,-0.013232923112809658,-0.05459488183259964,0.9984350800514221,-0.012116685509681702,0.012552653439342976,0.012820105999708176,0.9998391270637512],"EasingStyle":"Linear","EasingDirection":"In"},"HumanoidRootPart":{"Weight":1,"CFrame":[0,0,0,1,0,0,0,1,0,0,0,1],"EasingStyle":"Linear","EasingDirection":"In"},"Left Arm":{"Weight":1,"CFrame":[-0.12415794283151627,0.18167775869369508,-0.06236922740936279,-0.6757035851478577,0.7217705845832825,0.14990608394145966,-0.6683624982833862,-0.6856186985969544,0.2884765863418579,0.3109923303127289,0.09473281353712082,0.9456793069839478],"EasingStyle":"Linear","EasingDirection":"In"}}},{"Time":0.4000000059604645,"poses":{"Left Leg":{"Weight":1,"CFrame":[-0.024318154901266099,0.07712763547897339,0.052193284034729007,0.9015445113182068,-0.10913266986608505,0.4186974763870239,0.07698056101799011,0.9926870465278626,0.09298637509346008,-0.4257834851741791,-0.051599759608507159,0.9033527374267578],"EasingStyle":"Linear","EasingDirection":"In"},"Right Arm":{"Weight":1,"CFrame":[0.41005411744117739,0.00048363208770751953,0.21739792823791505,0.1123327910900116,-0.37363988161087038,0.9207468628883362,0.2105332762002945,-0.8966252207756043,-0.3895365595817566,0.9711112976074219,0.23760561645030976,-0.022056832909584047],"EasingStyle":"Linear","EasingDirection":"In"},"Head":{"Weight":1,"CFrame":[8.560391506762244e-8,-5.966285243630409e-10,0.016661643981933595,0.9995326399803162,-0.029404453933238984,0.008369232527911663,0.029637396335601808,0.9991334676742554,-0.029222534969449045,-0.007502682972699404,0.029456883668899537,0.9995378851890564],"EasingStyle":"Linear","EasingDirection":"In"},"Right Leg":{"Weight":1,"CFrame":[-0.04382048547267914,0.04506200551986694,0.060587525367736819,0.8336706757545471,0.10569411516189575,-0.5420534610748291,-0.10360144823789597,0.994020938873291,0.034484900534152988,0.5424573421478272,0.027408435940742494,0.8396362662315369],"EasingStyle":"Linear","EasingDirection":"In"},"Torso":{"Weight":1,"CFrame":[-0.0796147808432579,-0.0013905882369726897,-0.04454469680786133,0.9999920129776001,0.0010524768149480224,0.0038817040622234346,-0.0010459211189299822,0.9999980330467224,-0.001690561417490244,-0.003883476136252284,0.0016864878125488759,0.9999910593032837],"EasingStyle":"Linear","EasingDirection":"In"},"HumanoidRootPart":{"Weight":1,"CFrame":[0,0,0,1,0,0,0,1,0,0,0,1],"EasingStyle":"Linear","EasingDirection":"In"},"Left Arm":{"Weight":1,"CFrame":[-0.12467563152313233,0.023351430892944337,0.04621994495391846,-0.6885912418365479,0.6072387099266052,-0.3963627815246582,-0.7133258581161499,-0.6655259728431702,0.21963922679424287,-0.13041624426841737,0.4339774250984192,0.891434371471405],"EasingStyle":"Linear","EasingDirection":"In"}}},{"Time":0.4333333373069763,"poses":{"Left Leg":{"Weight":1,"CFrame":[0.038432251662015918,0.052410006523132327,0.02626931667327881,0.9045265913009644,-0.0713144987821579,0.42041170597076418,0.04747524484992027,0.9966286420822144,0.06691406667232514,-0.4237663149833679,-0.04056636244058609,0.9048627614974976],"EasingStyle":"Linear","EasingDirection":"In"},"Right Arm":{"Weight":1,"CFrame":[0.29518699645996096,0.14663386344909669,0.07996785640716553,-0.4023853540420532,-0.3808361291885376,0.8324963450431824,0.23162871599197389,-0.9221284985542297,-0.3098820745944977,0.8856829404830933,0.06813786923885346,0.4592635929584503],"EasingStyle":"Linear","EasingDirection":"In"},"Head":{"Weight":1,"CFrame":[8.69622454047203e-8,-5.238689482212067e-10,0.016662240028381349,0.9999966621398926,-0.000026233614335069434,-0.002588333562016487,-0.00005507729292730801,0.9995061159133911,-0.03142798691987991,0.002587835770100355,0.031428080052137378,0.9995026588439941],"EasingStyle":"Linear","EasingDirection":"In"},"Right Leg":{"Weight":1,"CFrame":[-0.18521738052368165,0.03672349452972412,-0.025458812713623048,0.8167727589607239,0.05410316586494446,-0.5744171142578125,-0.027174513787031175,0.9980961680412293,0.055368807166814807,0.57631915807724,-0.0296142790466547,0.8166880011558533],"EasingStyle":"Linear","EasingDirection":"In"},"Torso":{"Weight":1,"CFrame":[-0.021880928426980974,0.0020977426320314409,-0.020569801330566407,0.9995484352111816,-0.028141669929027559,0.01053376030176878,0.028116285800933839,0.999601423740387,0.00255025876685977,-0.010601329617202282,-0.002252937061712146,0.9999412894248962],"EasingStyle":"Linear","EasingDirection":"In"},"HumanoidRootPart":{"Weight":1,"CFrame":[0,0,0,1,0,0,0,1,0,0,0,1],"EasingStyle":"Linear","EasingDirection":"In"},"Left Arm":{"Weight":1,"CFrame":[-0.12690895795822144,-0.1292186975479126,0.22998368740081788,-0.5162953734397888,0.45144256949424746,-0.7277629375457764,-0.7250603437423706,-0.6826581954956055,0.09091483056545258,-0.45577043294906618,0.574610710144043,0.6797761917114258],"EasingStyle":"Linear","EasingDirection":"In"}}},{"Time":0.46666666865348818,"poses":{"Left Leg":{"Weight":1,"CFrame":[-0.004283426329493523,0.0430944561958313,0.028606772422790529,0.9366016387939453,-0.05574534833431244,0.3459334075450897,0.042387351393699649,0.9980387091636658,0.046066541224718097,-0.34782296419143679,-0.028482746332883836,0.9371274709701538],"EasingStyle":"Linear","EasingDirection":"In"},"Right Arm":{"Weight":1,"CFrame":[0.14320917427539826,0.29966115951538088,-0.0036293864250183107,-0.8021984100341797,-0.35027167201042178,0.4835158586502075,0.19083081185817719,-0.9177715182304382,-0.3482513725757599,0.565739631652832,-0.18709716200828553,0.8030774593353272],"EasingStyle":"Linear","EasingDirection":"In"},"Head":{"Weight":1,"CFrame":[8.539063856005669e-8,9.313225746154786e-10,0.01666247844696045,0.9996233582496643,0.027438076213002206,-0.000664662744384259,-0.027445979416370393,0.9993523359298706,-0.02327522449195385,0.000025550998543621973,0.023284679278731347,0.9997289180755615],"EasingStyle":"Linear","EasingDirection":"In"},"Right Leg":{"Weight":1,"CFrame":[-0.19631317257881165,0.061889588832855228,-0.04217720031738281,0.8474198579788208,0.037826307117938998,-0.5295741558074951,0.02410721220076084,0.9936886429786682,0.10955311357975006,0.5303757786750794,-0.10560411959886551,0.8411595821380615],"EasingStyle":"Linear","EasingDirection":"In"},"Torso":{"Weight":1,"CFrame":[0.0267653651535511,-0.005668658763170242,-0.02267313003540039,0.9985018372535706,-0.05453172326087952,0.004516416694968939,0.05456205829977989,0.9984866976737976,-0.006891490891575813,-0.004133776295930147,0.007127591408789158,0.9999661445617676],"EasingStyle":"Linear","EasingDirection":"In"},"HumanoidRootPart":{"Weight":1,"CFrame":[0,0,0,1,0,0,0,1,0,0,0,1],"EasingStyle":"Linear","EasingDirection":"In"},"Left Arm":{"Weight":1,"CFrame":[-0.12246114760637284,-0.24503254890441895,0.35436439514160159,-0.32640761137008669,0.3890625238418579,-0.8614456057548523,-0.7157934904098511,-0.6969527006149292,-0.04355187341570854,-0.6173311471939087,0.6024013757705689,0.5059789419174194],"EasingStyle":"Linear","EasingDirection":"In"}}},{"Time":0.5,"poses":{"Left Leg":{"Weight":1,"CFrame":[-0.17506647109985352,0.08463895320892334,0.02692437171936035,0.984544575214386,-0.055294737219810489,0.16617654263973237,0.04162544012069702,0.9955413937568665,0.08464523404836655,-0.1701161116361618,-0.07641984522342682,0.9824564456939697],"EasingStyle":"Linear","EasingDirection":"In"},"Right Arm":{"Weight":1,"CFrame":[-0.011905774474143982,0.4423554539680481,-0.03451305627822876,-0.9579436182975769,-0.2751707136631012,0.08139585703611374,0.20091700553894044,-0.8456922173500061,-0.4944057762622833,0.20488183200359345,-0.45725908875465395,0.8654118180274963],"EasingStyle":"Linear","EasingDirection":"In"},"Head":{"Weight":1,"CFrame":[9.080395102500916e-8,0,0.016662001609802247,0.9970834255218506,0.07359310239553452,-0.020216399803757669,-0.07364476472139359,0.9972829222679138,-0.001823621685616672,0.020027222111821176,0.0033071835059672596,0.9997940063476563],"EasingStyle":"Linear","EasingDirection":"In"},"Right Leg":{"Weight":1,"CFrame":[-0.22093021869659425,0.08792281150817871,-0.06418991088867188,0.9195393323898315,-0.011635727249085904,-0.3928258419036865,0.09020543843507767,0.9791236519813538,0.1821536272764206,0.3825056254863739,-0.2029324620962143,0.9013922214508057],"EasingStyle":"Linear","EasingDirection":"In"},"Torso":{"Weight":1,"CFrame":[0.09295648336410523,-0.024319373071193696,-0.03805422782897949,0.9948456883430481,-0.09916698187589646,0.0211652684956789,0.09976862370967865,0.9945713877677918,-0.02956548146903515,-0.018118450418114663,0.03152472525835037,0.9993387460708618],"EasingStyle":"Linear","EasingDirection":"In"},"HumanoidRootPart":{"Weight":1,"CFrame":[0,0,0,1,0,0,0,1,0,0,0,1],"EasingStyle":"Linear","EasingDirection":"In"},"Left Arm":{"Weight":1,"CFrame":[-0.10966875404119492,-0.32142966985702517,0.4201631546020508,-0.16599272191524507,0.3935902714729309,-0.9041754603385925,-0.6968390345573425,-0.695585310459137,-0.17486119270324708,-0.6977548599243164,0.6010388731956482,0.38973090052604678],"EasingStyle":"Linear","EasingDirection":"In"}}},{"Time":0.5333333611488342,"poses":{"Left Leg":{"Weight":1,"CFrame":[-0.40665876865386965,0.18568873405456544,-0.06264758110046387,0.995971143245697,-0.049218177795410159,-0.07496123015880585,0.06380370259284973,0.9763237237930298,0.2066907286643982,0.06301342695951462,-0.2106407880783081,0.9755305647850037],"EasingStyle":"Linear","EasingDirection":"In"},"Right Arm":{"Weight":1,"CFrame":[-0.13724616169929505,0.55531907081604,-0.009973287582397461,-0.9609566330909729,-0.18948183953762055,-0.20164112746715547,0.2744489908218384,-0.7454577088356018,-0.6074292659759522,-0.035218093544244769,-0.639053463935852,0.7683557271957398],"EasingStyle":"Linear","EasingDirection":"In"},"Head":{"Weight":1,"CFrame":[1.0523945093154907e-7,1.4901161193847657e-8,0.016662240028381349,0.9888456463813782,0.13550575077533723,-0.061826325953006747,-0.13395805656909944,0.9905757904052734,0.028546584770083429,0.0651119202375412,-0.01994607225060463,0.9976786971092224],"EasingStyle":"Linear","EasingDirection":"In"},"Right Leg":{"Weight":1,"CFrame":[-0.13038864731788636,0.1194269061088562,-0.03629279136657715,0.9782529473304749,-0.005454901605844498,-0.20734402537345887,0.05705821514129639,0.9681630730628967,0.24373100697994233,0.19941332936286927,-0.25026124715805056,0.9474195837974548],"EasingStyle":"Linear","EasingDirection":"In"},"Torso":{"Weight":1,"CFrame":[0.17652371525764466,-0.046332307159900668,-0.07809925079345703,0.9854926466941834,-0.15763752162456513,0.06288779526948929,0.16120317578315736,0.9853125810623169,-0.056326985359191897,-0.05308489501476288,0.06564752757549286,0.9964299201965332],"EasingStyle":"Linear","EasingDirection":"In"},"HumanoidRootPart":{"Weight":1,"CFrame":[0,0,0,1,0,0,0,1,0,0,0,1],"EasingStyle":"Linear","EasingDirection":"In"},"Left Arm":{"Weight":1,"CFrame":[-0.09120459109544754,-0.3630954623222351,0.4598151445388794,-0.01300107128918171,0.4368225038051605,-0.8994539380073547,-0.6550237536430359,-0.6833697557449341,-0.3224123418331146,-0.7554965019226074,0.5849717855453491,0.2950134873390198],"EasingStyle":"Linear","EasingDirection":"In"}}},{"Time":0.5666666626930237,"poses":{"Left Leg":{"Weight":1,"CFrame":[-0.5476658940315247,0.2843918800354004,-0.24624603986740113,0.9543284773826599,0.016947371885180475,-0.2982785105705261,0.10550220310688019,0.9149492383003235,0.38953447341918948,0.27951130270957949,-0.40321284532546999,0.8713741898536682],"EasingStyle":"Linear","EasingDirection":"In"},"Right Arm":{"Weight":1,"CFrame":[-0.22663870453834535,0.6345294713973999,0.05337333679199219,-0.9252306818962097,-0.11718902736902237,-0.36085304617881777,0.34333086013793948,-0.6633830070495606,-0.6648658514022827,-0.16146883368492127,-0.7390465140342712,0.6540173292160034],"EasingStyle":"Linear","EasingDirection":"In"},"Head":{"Weight":1,"CFrame":[5.21540641784668e-8,-7.450580596923828e-9,0.0166623592376709,0.9727494716644287,0.20446215569972993,-0.10933346301317215,-0.1986367404460907,0.9781184792518616,0.061868924647569659,0.11959093064069748,-0.03846537321805954,0.9920778274536133],"EasingStyle":"Linear","EasingDirection":"In"},"Right Leg":{"Weight":1,"CFrame":[-0.04590940475463867,0.13605940341949464,-0.025048375129699708,0.9992767572402954,0.01156570203602314,-0.036224815994501117,-0.001200284925289452,0.9617427587509155,0.2739516496658325,0.03800750523805618,-0.2737100422382355,0.9610610604286194],"EasingStyle":"Linear","EasingDirection":"In"},"Torso":{"Weight":1,"CFrame":[0.2624052166938782,-0.06499530375003815,-0.13753652572631837,0.9687181711196899,-0.22043685615062715,0.1139855831861496,0.23001986742019654,0.9699728488922119,-0.07901592552661896,-0.09314488619565964,0.1027630940079689,0.9903352856636047],"EasingStyle":"Linear","EasingDirection":"In"},"HumanoidRootPart":{"Weight":1,"CFrame":[0,0,0,1,0,0,0,1,0,0,0,1],"EasingStyle":"Linear","EasingDirection":"In"},"Left Arm":{"Weight":1,"CFrame":[-0.06981678307056427,-0.37494879961013796,0.5053701400756836,0.1531715989112854,0.49436044692993166,-0.8556557297706604,-0.5616487860679627,-0.6688748002052307,-0.48698753118515017,-0.8130738735198975,0.5551705956459045,0.1752040684223175],"EasingStyle":"Linear","EasingDirection":"In"}}},{"Time":0.6000000238418579,"poses":{"Left Leg":{"Weight":1,"CFrame":[-0.5463578701019287,0.3261075019836426,-0.3933059573173523,0.890219509601593,0.14189870655536652,-0.432867169380188,0.1436772644519806,0.8142790198326111,0.562411367893219,0.4322800934314728,-0.5628628134727478,0.7044994235038757],"EasingStyle":"Linear","EasingDirection":"In"},"Right Arm":{"Weight":1,"CFrame":[-0.2804540991783142,0.6811796426773071,0.11815309524536133,-0.896296501159668,-0.07614782452583313,-0.4368686079978943,0.3887448012828827,-0.6089433431625366,-0.6914228796958923,-0.21337780356407166,-0.789550244808197,0.5753957033157349],"EasingStyle":"Linear","EasingDirection":"In"},"Head":{"Weight":1,"CFrame":[1.3783574104309083e-7,5.960464477539063e-8,0.01666259765625,0.9511946439743042,0.2708406448364258,-0.1478991061449051,-0.25981906056404116,0.961480438709259,0.08971940726041794,0.16650168597698213,-0.04691356047987938,0.9849245548248291],"EasingStyle":"Linear","EasingDirection":"In"},"Right Leg":{"Weight":1,"CFrame":[0.008908525109291077,0.1404845118522644,-0.02422243356704712,0.996535062789917,0.03830358386039734,0.07383005321025849,-0.05755838006734848,0.9583605527877808,0.2796999216079712,-0.06004229560494423,-0.2829803228378296,0.9572445750236511],"EasingStyle":"Linear","EasingDirection":"In"},"Torso":{"Weight":1,"CFrame":[0.33458346128463747,-0.07580462098121643,-0.20274877548217774,0.9470168948173523,-0.27986058592796328,0.15759840607643128,0.2962699830532074,0.9506478905677795,-0.09215697646141052,-0.12402947247028351,0.13396590948104859,0.9831936955451965],"EasingStyle":"Linear","EasingDirection":"In"},"HumanoidRootPart":{"Weight":1,"CFrame":[0,0,0,1,0,0,0,1,0,0,0,1],"EasingStyle":"Linear","EasingDirection":"In"},"Left Arm":{"Weight":1,"CFrame":[-0.04832431674003601,-0.3620920181274414,0.5791175365447998,0.3288745880126953,0.5460558533668518,-0.7704964876174927,-0.39371150732040408,-0.6623170375823975,-0.6374379992485046,-0.8583896160125732,0.512990415096283,-0.0028308331966400148],"EasingStyle":"Linear","EasingDirection":"In"}}},{"Time":0.6333333253860474,"poses":{"Left Leg":{"Weight":1,"CFrame":[-0.5433657765388489,0.3421652913093567,-0.476767897605896,0.8474758267402649,0.21592102944850923,-0.484935998916626,0.1721942126750946,0.7523158192634583,0.6359010338783264,0.5021293759346008,-0.6224138736724854,0.6003891229629517],"EasingStyle":"Linear","EasingDirection":"In"},"Right Arm":{"Weight":1,"CFrame":[-0.2984721064567566,0.6964975595474243,0.14777159690856934,-0.8863126635551453,-0.06432884931564331,-0.4585975706577301,0.4048117995262146,-0.5885589122772217,-0.69980388879776,-0.22489409148693086,-0.8058909177780151,0.5476886034011841],"EasingStyle":"Linear","EasingDirection":"In"},"Head":{"Weight":1,"CFrame":[-3.3527612686157229e-8,7.450580596923828e-8,0.0166620016098022