{"Sequence":[{"Time":0,"poses":{"Left Leg":{"Weight":1,"CFrame":[-0.5475535988807678,0.17940771579742433,0.10207116603851319,0.9848166108131409,0.08053611218929291,0.15378601849079133,-0.08959168195724487,0.9945737719535828,0.05288030579686165,-0.148692786693573,-0.06585530936717987,0.9866881370544434],"EasingStyle":"Linear","EasingDirection":"Out"},"Right Arm":{"Weight":1,"CFrame":[-0.09705349802970886,-0.17126953601837159,-0.5201042890548706,0.5634077787399292,-0.3653629422187805,-0.7410002946853638,0.6628441214561462,0.7352767586708069,0.1414419561624527,0.4931626319885254,-0.5708572268486023,0.6564394235610962],"EasingStyle":"Linear","EasingDirection":"Out"},"Left Arm":{"Weight":1,"CFrame":[-0.26478105783462527,-0.6757729649543762,0.16393864154815675,-0.5051547884941101,0.6148891448974609,-0.6055822968482971,-0.48117271065711977,0.38184669613838198,0.7890918850898743,0.7164435982704163,0.6900032162666321,0.10297619551420212],"EasingStyle":"Linear","EasingDirection":"Out"},"Head":{"Weight":1,"CFrame":[7.380731403827667e-8,-6.362097337841988e-8,1.1920928955078126e-7,0.9910940527915955,-0.1298339068889618,0.029593011364340783,0.12659870088100434,0.9875879287719727,0.09296667575836182,-0.04129592329263687,-0.08839227259159088,0.9952293634414673],"EasingStyle":"Linear","EasingDirection":"Out"},"Torso":{"Weight":1,"CFrame":[-0.0013620576355606318,1.5824511051177979,-0.10544943809509278,0.9959233403205872,0.09018731117248535,-0.001702659297734499,-0.09003331512212753,0.9927099347114563,-0.08013121038675308,-0.005536571145057678,0.07995783537626267,0.9967828989028931],"EasingStyle":"Linear","EasingDirection":"Out"},"HumanoidRootPart":{"Weight":0,"CFrame":[0,0,0,1,0,0,0,1,0,0,0,1],"EasingStyle":"Linear","EasingDirection":"In"},"Right Leg":{"Weight":1,"CFrame":[0.11858000606298447,0.060923755168914798,0.02397441864013672,0.9534193873405457,0.2691195607185364,-0.13625723123550416,-0.25427451729774477,0.9600359201431274,0.11694229394197464,0.16228336095809937,-0.07684832066297531,0.9837471842765808],"EasingStyle":"Linear","EasingDirection":"Out"}}},{"Time":0.01666666753590107,"poses":{"Left Leg":{"Weight":1,"CFrame":[-0.5506673455238342,0.18507510423660279,0.10186874866485596,0.9848039746284485,0.08042168617248535,0.15392692387104035,-0.0895710438489914,0.9945453405380249,0.05344666168093681,-0.14878904819488526,-0.06642190366983414,0.986635684967041],"EasingStyle":"Linear","EasingDirection":"Out"},"Right Arm":{"Weight":1,"CFrame":[-0.08046099543571472,-0.1772596836090088,-0.512864351272583,0.5636641383171082,-0.38069188594818118,-0.7330459356307983,0.669065535068512,0.7308555841445923,0.13491295278072358,0.48439040780067446,-0.5665013790130615,0.6666648983955383],"EasingStyle":"Linear","EasingDirection":"Out"},"Left Arm":{"Weight":1,"CFrame":[-0.2655498683452606,-0.680399477481842,0.1464245319366455,-0.517774760723114,0.5955815315246582,-0.6141595244407654,-0.48537519574165347,0.3866555690765381,0.7841609716415405,0.7044999599456787,0.7041165828704834,0.08887993544340134],"EasingStyle":"Linear","EasingDirection":"Out"},"Head":{"Weight":1,"CFrame":[7.450580596923828e-8,1.3926182873547078e-7,1.1920928955078126e-7,0.9913325309753418,-0.12812024354934693,0.02906949631869793,0.1246037557721138,0.9870485663414002,0.10103956609964371,-0.04163823276758194,-0.0965416356921196,0.9944576025009155],"EasingStyle":"Linear","EasingDirection":"Out"},"Torso":{"Weight":1,"CFrame":[-0.002260815817862749,1.579140543937683,-0.10747623443603516,0.9958076477050781,0.09143615514039993,-0.002571376971900463,-0.09132753312587738,0.9922577142715454,-0.08416568487882614,-0.005144317168742418,0.08404766768217087,0.9964484572410584],"EasingStyle":"Linear","EasingDirection":"Out"},"HumanoidRootPart":{"Weight":0,"CFrame":[0,0,0,1,0,0,0,1,0,0,0,1],"EasingStyle":"Linear","EasingDirection":"In"},"Right Leg":{"Weight":1,"CFrame":[0.12453965842723847,0.06246680021286011,0.02469480037689209,0.9537861943244934,0.2678314447402954,-0.1362285017967224,-0.2529836595058441,0.9603798389434815,0.11691823601722717,0.1621454805135727,-0.07705144584178925,0.9837539792060852],"EasingStyle":"Linear","EasingDirection":"Out"}}},{"Time":0.03333333507180214,"poses":{"Left Leg":{"Weight":1,"CFrame":[-0.562171220779419,0.203172504901886,0.10141348838806153,0.9850807785987854,0.07671476155519486,0.15404775738716126,-0.08617496490478516,0.9947221279144287,0.0556931234896183,-0.14896225929260255,-0.0681372806429863,0.9864925742149353],"EasingStyle":"Linear","EasingDirection":"Out"},"Right Arm":{"Weight":1,"CFrame":[-0.03865094110369682,-0.19463786482810975,-0.492952823638916,0.5617238283157349,-0.4251042902469635,-0.7097552418708801,0.6891723275184631,0.7150648236274719,0.11714925616979599,0.4577203094959259,-0.5549492239952087,0.6946391463279724],"EasingStyle":"Linear","EasingDirection":"Out"},"Left Arm":{"Weight":1,"CFrame":[-0.27093103528022768,-0.6927716732025147,0.10148751735687256,-0.5513033270835877,0.5417460203170776,-0.6344887018203735,-0.496726930141449,0.397885262966156,0.7713297605514526,0.670318603515625,0.7404043078422546,0.04974428191781044],"EasingStyle":"Linear","EasingDirection":"Out"},"Head":{"Weight":1,"CFrame":[1.0244548320770264e-7,-3.725290298461914e-8,-5.960464477539063e-8,0.9919860363006592,-0.123368039727211,0.02727639302611351,0.11920176446437836,0.9853867888450623,0.12167108058929444,-0.041888125240802768,-0.11744463443756104,0.9921956062316895],"EasingStyle":"Linear","EasingDirection":"Out"},"Torso":{"Weight":1,"CFrame":[-0.004753126762807369,1.5699822902679444,-0.11488604545593262,0.9954832196235657,0.09480840712785721,-0.004957709927111864,-0.09484892338514328,0.9909319877624512,-0.09517093002796173,-0.004110249225050211,0.09521128982305527,0.9954485893249512],"EasingStyle":"Linear","EasingDirection":"Out"},"HumanoidRootPart":{"Weight":0,"CFrame":[0,0,0,1,0,0,0,1,0,0,0,1],"EasingStyle":"Linear","EasingDirection":"In"},"Right Leg":{"Weight":1,"CFrame":[0.14631688594818116,0.06712180376052857,0.02740788459777832,0.9538002014160156,0.26774582266807558,-0.13629849255084992,-0.25288355350494387,0.9603999853134155,0.116969533264637,0.16221921145915986,-0.07709791511297226,0.9837381839752197],"EasingStyle":"Linear","EasingDirection":"Out"}}},{"Time":0.05000000074505806,"poses":{"Left Leg":{"Weight":1,"CFrame":[-0.5839447379112244,0.2348814606666565,0.10058271884918213,0.9859958291053772,0.06505673378705979,0.1535572111606598,-0.07509942352771759,0.9953374266624451,0.060526713728904727,-0.14890359342098237,-0.07121112942695618,0.9862843155860901],"EasingStyle":"Linear","EasingDirection":"Out"},"Right Arm":{"Weight":1,"CFrame":[0.016438573598861696,-0.2225169539451599,-0.46308237314224245,0.5516742467880249,-0.4959283769130707,-0.6706045269966126,0.7250571846961975,0.6825560331344605,0.09170284122228623,0.41224703192710879,-0.5368168354034424,0.736125111579895],"EasingStyle":"Linear","EasingDirection":"Out"},"Left Arm":{"Weight":1,"CFrame":[-0.28553730249404909,-0.7106292247772217,0.040535807609558108,-0.5987735986709595,0.4574889540672302,-0.6573995351791382,-0.5136411190032959,0.4104423522949219,0.7534651160240173,0.614526629447937,0.7888224720954895,-0.010777090676128865],"EasingStyle":"Linear","EasingDirection":"Out"},"Head":{"Weight":1,"CFrame":[9.033828973770142e-8,-4.621688276529312e-8,-1.7881393432617188e-7,0.9929466843605042,-0.11612650752067566,0.023906974121928216,0.11130451411008835,0.9824840426445007,0.14945387840270997,-0.04084377363324165,-0.14573875069618226,0.9884796142578125],"EasingStyle":"Linear","EasingDirection":"Out"},"Torso":{"Weight":1,"CFrame":[-0.00854601338505745,1.556146502494812,-0.12972187995910645,0.9949779510498047,0.09972870349884033,-0.008548137731850148,-0.10005884617567063,0.9887157678604126,-0.11148682981729508,-0.0026667567435652019,0.1117822527885437,0.9937291741371155],"EasingStyle":"Linear","EasingDirection":"Out"},"HumanoidRootPart":{"Weight":0,"CFrame":[0,0,0,1,0,0,0,1,0,0,0,1],"EasingStyle":"Linear","EasingDirection":"In"},"Right Leg":{"Weight":1,"CFrame":[0.18610431253910066,0.07593309879302979,0.03234457969665527,0.9523950815200806,0.27248963713645937,-0.13672250509262086,-0.2575782239437103,0.9591154456138611,0.11726465076208115,0.16308611631393434,-0.07646558433771134,0.9836442470550537],"EasingStyle":"Linear","EasingDirection":"Out"}}},{"Time":0.06666667014360428,"poses":{"Left Leg":{"Weight":1,"CFrame":[-0.6159703135490418,0.2802981734275818,0.09868967533111572,0.9875305891036987,0.04209953546524048,0.15169364213943482,-0.05305814743041992,0.996209442615509,0.06893212348222733,-0.14821664988994599,-0.07612117379903794,0.9860209822654724],"EasingStyle":"Linear","EasingDirection":"Out"},"Right Arm":{"Weight":1,"CFrame":[0.07287462800741196,-0.2600085139274597,-0.42596572637557986,0.5248907208442688,-0.5892103314399719,-0.6142644882202148,0.7772372364997864,0.6259739995002747,0.06370909512042999,0.3469754457473755,-0.5108696222305298,0.7865241765975952],"EasingStyle":"Linear","EasingDirection":"Out"},"Left Arm":{"Weight":1,"CFrame":[-0.313980370759964,-0.7317112684249878,-0.02502220869064331,-0.6526399254798889,0.34808349609375,-0.6729776859283447,-0.5337798595428467,0.41913896799087527,0.7344396114349365,0.5377175211906433,0.8385465741157532,-0.0877470076084137],"EasingStyle":"Linear","EasingDirection":"Out"},"Head":{"Weight":1,"CFrame":[5.3551048040390017e-8,2.698507159948349e-7,-1.7881393432617188e-7,0.9940907955169678,-0.1069427877664566,0.01862076297402382,0.10192253440618515,0.9785742163658142,0.17889754474163056,-0.03735360503196716,-0.1759425401687622,0.9836914539337158],"EasingStyle":"Linear","EasingDirection":"Out"},"Torso":{"Weight":1,"CFrame":[-0.013344284147024155,1.5388071537017823,-0.15402507781982423,0.9943211078643799,0.10562124848365784,-0.013026381842792035,-0.10641636699438095,0.9855946898460388,-0.1314483880996704,-0.0010450094705447555,0.13208813965320588,0.9912374019622803],"EasingStyle":"Linear","EasingDirection":"Out"},"HumanoidRootPart":{"Weight":0,"CFrame":[0,0,0,1,0,0,0,1,0,0,0,1],"EasingStyle":"Linear","EasingDirection":"In"},"Right Leg":{"Weight":1,"CFrame":[0.24190041422843934,0.09079337120056153,0.03912532329559326,0.949055016040802,0.28338882327079775,-0.1377873569726944,-0.2683563530445099,0.95606929063797,0.11796745657920838,0.1651649922132492,-0.07498150318861008,0.9834115505218506],"EasingStyle":"Linear","EasingDirection":"Out"}}},{"Time":0.0833333358168602,"poses":{"Left Leg":{"Weight":1,"CFrame":[-0.6569473147392273,0.3379046320915222,0.0944972038269043,0.9890468716621399,0.005249282345175743,0.14750833809375764,-0.017502643167972566,0.9964873194694519,0.08189426362514496,-0.14656034111976624,-0.08357904851436615,0.9856645464897156],"EasingStyle":"Linear","EasingDirection":"Out"},"Right Arm":{"Weight":1,"CFrame":[0.11871129274368286,-0.30622658133506777,-0.3843153715133667,0.4700816571712494,-0.6980273127555847,-0.5401675701141357,0.8429704308509827,0.5364421010017395,0.0403832346200943,0.2615799903869629,-0.4743287265300751,0.8405879735946655],"EasingStyle":"Linear","EasingDirection":"Out"},"Left Arm":{"Weight":1,"CFrame":[-0.3608742356300354,-0.7537587285041809,-0.08377808332443237,-0.7057220935821533,0.22373844683170319,-0.6722331643104553,-0.552847146987915,0.41947340965270998,0.7200013995170593,0.4430759847164154,0.879763126373291,-0.17233853042125703],"EasingStyle":"Linear","EasingDirection":"Out"},"Head":{"Weight":1,"CFrame":[1.0151416063308716e-7,-2.430751919746399e-7,-2.980232238769531e-7,0.9952803254127502,-0.09641825407743454,0.010982489213347435,0.09215144068002701,0.9745259881019592,0.20446819067001344,-0.0304171834141016,-0.2024911344051361,0.9788116216659546],"EasingStyle":"Linear","EasingDirection":"Out"},"Torso":{"Weight":1,"CFrame":[-0.018832795321941377,1.5191304683685303,-0.1897742748260498,0.9935523271560669,0.11192797124385834,-0.018051205202937127,-0.11337289959192276,0.9816387295722961,-0.1534014642238617,0.0005498449900187552,0.1544589102268219,0.9879990816116333],"EasingStyle":"Linear","EasingDirection":"Out"},"HumanoidRootPart":{"Weight":0,"CFrame":[0,0,0,1,0,0,0,1,0,0,0,1],"EasingStyle":"Linear","EasingDirection":"In"},"Right Leg":{"Weight":1,"CFrame":[0.3098931312561035,0.11356151103973389,0.047224998474121097,0.9433625340461731,0.30086129903793337,-0.1398199200630188,-0.2855890095233917,0.9509020447731018,0.11926532536745072,0.16883738338947297,-0.07257946580648422,0.9829680323600769],"EasingStyle":"Linear","EasingDirection":"Out"}}},{"Time":0.10000000149011612,"poses":{"Left Leg":{"Weight":1,"CFrame":[-0.7048166990280151,0.40313827991485598,0.08646094799041748,0.9890567660331726,-0.047023095190525058,0.13984094560146333,0.033144719898700717,0.9944384694099426,0.09996775537729263,-0.14376407861709596,-0.09423881024122238,0.9851146936416626],"EasingStyle":"Linear","EasingDirection":"Out"},"Right Arm":{"Weight":1,"CFrame":[0.1321311891078949,-0.360090047121048,-0.34051936864852908,0.3761398494243622,-0.8098239898681641,-0.45022639632225039,0.9128981828689575,0.40704452991485598,0.030524495989084245,0.15854263305664063,-0.4224924147129059,0.8923925757408142],"EasingStyle":"Linear","EasingDirection":"Out"},"Left Arm":{"Weight":1,"CFrame":[-0.43391990661621096,-0.7743481993675232,-0.12666845321655274,-0.7516552805900574,0.09982872009277344,-0.6519573926925659,-0.566261887550354,0.409146785736084,0.7155043482780457,0.3381742238998413,0.9069912433624268,-0.2510082721710205],"EasingStyle":"Linear","EasingDirection":"Out"},"Head":{"Weight":1,"CFrame":[9.639188647270203e-8,-1.364387571811676e-7,3.5762786865234377e-7,0.9963712692260742,-0.08510500937700272,-0.0011788529809564353,0.08323955535888672,0.9714545011520386,0.22214266657829286,-0.017760248854756357,-0.22143471240997315,0.9750134348869324],"EasingStyle":"Linear","EasingDirection":"Out"},"Torso":{"Weight":1,"CFrame":[-0.024666782468557359,1.4982588291168213,-0.2372894287109375,0.9927269816398621,0.11812223494052887,-0.023244353011250497,-0.12037167698144913,0.9770533442497253,-0.17571979761123658,0.0019545562099665405,0.17723974585533143,0.9841657876968384],"EasingStyle":"Linear","EasingDirection":"Out"},"HumanoidRootPart":{"Weight":0,"CFrame":[0,0,0,1,0,0,0,1,0,0,0,1],"EasingStyle":"Linear","EasingDirection":"In"},"Right Leg":{"Weight":1,"CFrame":[0.38357675075531008,0.14486348628997804,0.055968523025512698,0.935285747051239,0.32365140318870547,-0.14314427971839906,-0.3079794943332672,0.9436324238777161,0.12127019464969635,0.17432492971420289,-0.06933683156967163,0.9822440147399902],"EasingStyle":"Linear","EasingDirection":"Out"}}},{"Time":0.11666666716337204,"poses":{"Left Leg":{"Weight":1,"CFrame":[-0.7567991018295288,0.4657191038131714,0.07347595691680908,0.9853503108024597,-0.11346785724163056,0.12731771171092988,0.0979522243142128,0.9876669645309448,0.122144415974617,-0.1396069973707199,-0.107883982360363,0.9843124151229858],"EasingStyle":"Linear","EasingDirection":"Out"},"Right Arm":{"Weight":1,"CFrame":[0.10638914257287979,-0.4191197156906128,-0.29566723108291628,0.2416064590215683,-0.9052368402481079,-0.3495319187641144,0.9692112803459168,0.2427486628293991,0.04126293584704399,0.047495584934949878,-0.3487396836280823,0.9360153675079346],"EasingStyle":"Linear","EasingDirection":"Out"},"Left Arm":{"Weight":1,"CFrame":[-0.5207095146179199,-0.7904144525527954,-0.15400975942611695,-0.7810032367706299,-0.009439163841307164,-0.6244555711746216,-0.5783143043518066,0.38840195536613467,0.7174235582351685,0.23576799035072328,0.9214417338371277,-0.3088020384311676],"EasingStyle":"Linear","EasingDirection":"Out"},"Head":{"Weight":1,"CFrame":[1.2200325727462769e-7,-1.6810372471809388e-7,0,0.9971132874488831,-0.07395672798156738,-0.017191536724567415,0.0759257823228836,0.9692437052726746,0.23409807682037354,-0.0006503388867713511,-0.23472759127616883,0.9720609784126282],"EasingStyle":"Linear","EasingDirection":"Out"},"Torso":{"Weight":1,"CFrame":[-0.030469626188278199,1.477301836013794,-0.2905440330505371,0.9919171929359436,0.12371611595153809,-0.028187772259116174,-0.12684990465641023,0.9721991419792175,-0.1968195140361786,0.003054383909329772,0.19880428910255433,0.9800344705581665],"EasingStyle":"Linear","EasingDirection":"Out"},"HumanoidRootPart":{"Weight":0,"CFrame":[0,0,0,1,0,0,0,1,0,0,0,1],"EasingStyle":"Linear","EasingDirection":"In"},"Right Leg":{"Weight":1,"CFrame":[0.4503738284111023,0.1814669966697693,0.06419122219085694,0.9264957904815674,0.34602802991867068,-0.14788572490215302,-0.3298216164112091,0.935919463634491,0.12358178198337555,0.18117192387580872,-0.06572207063436508,0.9812529683113098],"EasingStyle":"Linear","EasingDirection":"Out"}}},{"Time":0.13333334028720857,"poses":{"Left Leg":{"Weight":1,"CFrame":[-0.8113444447517395,0.514020562171936,0.0555119514465332,0.975298285484314,-0.19247959554195405,0.10837340354919434,0.17586635053157807,0.9734839797019959,0.1462874412536621,-0.13365718722343446,-0.12361471354961395,0.9832879304885864],"EasingStyle":"Linear","EasingDirection":"Out"},"Right Arm":{"Weight":1,"CFrame":[0.05195910483598709,-0.47902217507362368,-0.2505233883857727,0.07585464417934418,-0.9660292267799377,-0.24704983830451966,0.9954124093055725,0.058874793350696567,0.07541780918836594,-0.058310821652412418,-0.2516373097896576,0.9660634398460388],"EasingStyle":"Linear","EasingDirection":"Out"},"Left Arm":{"Weight":1,"CFrame":[-0.5956905484199524,-0.7987281084060669,-0.1684631109237671,-0.7859287261962891,-0.08837166428565979,-0.6119692921638489,-0.5988543033599854,0.35516008734703066,0.71779865026474,0.15391409397125245,0.9306190013885498,-0.3320523202419281],"EasingStyle":"Linear","EasingDirection":"Out"},"Head":{"Weight":1,"CFrame":[1.5832483768463136e-8,1.8812716007232667e-7,0,0.9973760843276978,-0.06427230685949326,-0.03331706300377846,0.07047990709543228,0.9671995043754578,0.24404452741146089,0.016538938507437707,-0.24575234949588777,0.9691915512084961],"EasingStyle":"Linear","EasingDirection":"Out"},"Torso":{"Weight":1,"CFrame":[-0.035836875438690189,1.457329273223877,-0.3418443202972412,0.9912102222442627,0.12826025485992433,-0.03242858499288559,-0.13224226236343385,0.9675823450088501,-0.21516597270965577,0.003780086524784565,0.21756315231323243,0.976038932800293],"EasingStyle":"Linear","EasingDirection":"Out"},"HumanoidRootPart":{"Weight":0,"CFrame":[0,0,0,1,0,0,0,1,0,0,0,1],"EasingStyle":"Linear","EasingDirection":"In"},"Right Leg":{"Weight":1,"CFrame":[0.5028988718986511,0.21790194511413575,0.07158291339874268,0.9183517694473267,0.36456653475761416,-0.15401701629161836,-0.34777557849884035,0.9291244149208069,0.12561844289302827,0.1888972818851471,-0.06179863587021828,0.9800503849983215],"EasingStyle":"Linear","EasingDirection":"Out"}}},{"Time":0.15000000596046449,"poses":{"Left Leg":{"Weight":1,"CFrame":[-0.8665065765380859,0.5369076132774353,0.033678293228149417,0.9559968709945679,-0.2817978262901306,0.08160863071680069,0.265354186296463,0.94919753074646,0.16914819180965424,-0.12512832880020142,-0.14004991948604585,0.9822061657905579],"EasingStyle":"Linear","EasingDirection":"Out"},"Right Arm":{"Weight":1,"CFrame":[-0.020894065499305726,-0.5346667170524597,-0.20585310459136964,-0.10327143967151642,-0.9828002452850342,-0.15309692919254304,0.9837709069252014,-0.12363048642873764,0.13003970682621003,-0.14673054218292237,-0.13718298077583314,0.9796177744865418],"EasingStyle":"Linear","EasingDirection":"Out"},"Left Arm":{"Weight":1,"CFrame":[-0.6333078742027283,-0.7960602641105652,-0.17268943786621095,-0.7571368217468262,-0.1151604950428009,-0.6430255174636841,-0.643130362033844,0.30404624342918398,0.7028080821037293,0.11457376927137375,0.9456711411476135,-0.30426788330078127],"EasingStyle":"Linear","EasingDirection":"Out"},"Head":{"Weight":1,"CFrame":[7.35744833946228e-8,-9.033828973770142e-8,-4.76837158203125e-7,0.9973035454750061,-0.057300321757793429,-0.04585057497024536,0.06716322153806687,0.9644505977630615,0.25558578968048098,0.029575468972325326,-0.25797608494758608,0.9656985402107239],"EasingStyle":"Linear","EasingDirection":"Out"},"Torso":{"Weight":1,"CFrame":[-0.04034478962421417,1.439377784729004,-0.38341379165649416,0.9907026886940002,0.13133421540260316,-0.035489823669195178,-0.1359831988811493,0.9638181924819946,-0.2292662262916565,0.004095238167792559,0.23196068406105042,0.9727165102958679],"EasingStyle":"Linear","EasingDirection":"Out"},"HumanoidRootPart":{"Weight":0,"CFrame":[0,0,0,1,0,0,0,1,0,0,0,1],"EasingStyle":"Linear","EasingDirection":"In"},"Right Leg":{"Weight":1,"CFrame":[0.537929892539978,0.24785470962524415,0.07836997509002686,0.9117394685745239,0.37774142622947695,-0.16137726604938508,-0.3604450523853302,0.9241318106651306,0.12672685086727143,0.19700390100479127,-0.05737433582544327,0.9787224531173706],"EasingStyle":"Linear","EasingDirection":"Out"}}},{"Time":0.1666666716337204,"poses":{"Left Leg":{"Weight":1,"CFrame":[-0.9175765514373779,0.5252755880355835,0.010037660598754883,0.9248332977294922,-0.3775130808353424,0.04655388742685318,0.3632385730743408,0.9128535389900208,0.18642988801002503,-0.11287666112184525,-0.15550638735294343,0.9813646674156189],"EasingStyle":"Linear","EasingDirection":"Out"},"Right Arm":{"Weight":1,"CFrame":[-0.10211215168237686,-0.581732988357544,-0.16242074966430665,-0.27571001648902895,-0.9582827091217041,-0.0753542110323906,0.9378312826156616,-0.28536298871040347,0.19758640229701997,-0.2108469158411026,-0.016193069517612459,0.9773849844932556],"EasingStyle":"Linear","EasingDirection":"Out"},"Left Arm":{"Weight":1,"CFrame":[-0.6104510426521301,-0.7833435535430908,-0.167314350605011,-0.6704024076461792,-0.041085708886384967,-0.74085932970047,-0.7279648780822754,0.22968550026416779,0.645996630191803,0.1436234712600708,0.9723973274230957,-0.18389081954956056],"EasingStyle":"Linear","EasingDirection":"Out"},"Head":{"Weight":1,"CFrame":[6.51925802230835e-8,0,2.384185791015625e-7,0.9972150325775147,-0.05426995828747749,-0.05115608498454094,0.06620796024799347,0.9599454402923584,0.2722521424293518,0.03433193266391754,-0.27488091588020327,0.9608651399612427],"EasingStyle":"Linear","EasingDirection":"Out"},"Torso":{"Weight":1,"CFrame":[-0.04356241971254349,1.4244714975357056,-0.4074363708496094,0.9904928803443909,0.13252666592597962,-0.03688550367951393,-0.13750658929347993,0.9615705013275147,-0.23764286935329438,0.003974000923335552,0.24045558273792268,0.9706519842147827],"EasingStyle":"Linear","EasingDirection":"Out"},"HumanoidRootPart":{"Weight":0,"CFrame":[0,0,0,1,0,0,0,1,0,0,0,1],"EasingStyle":"Linear","EasingDirection":"In"},"Right Leg":{"Weight":1,"CFrame":[0.5535657405853272,0.26477718353271487,0.08479845523834229,0.907401442527771,0.38447871804237368,-0.16970194876194,-0.3669133484363556,0.9216534495353699,0.1262122094631195,0.2049323320388794,-0.052259303629398349,0.9773800373077393],"EasingStyle":"Linear","EasingDirection":"Out"}}},{"Time":0.18333333730697633,"poses":{"Left Leg":{"Weight":1,"CFrame":[-0.9611491560935974,0.4838668704032898,-0.013693571090698243,0.8794128894805908,-0.4760233759880066,0.0058927456848323349,0.4657672941684723,0.8628938794136047,0.1961505264043808,-0.09845708310604096,-0.16975262761116029,0.980556070804596],"EasingStyle":"Linear","EasingDirection":"Out"},"Right Arm":{"Weight":1,"CFrame":[-0.18183580040931703,-0.6178416013717651,-0.12099117040634155,-0.4260826110839844,-0.9045339226722717,-0.016492335125803949,0.8693497180938721,-0.41441798210144045,0.2692374885082245,-0.2503691613674164,0.10037969052791596,0.9629325866699219],"EasingStyle":"Linear","EasingDirection":"Out"},"Left Arm":{"Weight":1,"CFrame":[-0.5211976170539856,-0.7633029222488403,-0.1522386074066162,-0.4813845157623291,0.1862025260925293,-0.8565030694007874,-0.8470180630683899,0.15252377092838288,0.509212076663971,0.225453719496727,0.9706003665924072,0.08429424464702606],"EasingStyle":"Linear","EasingDirection":"Out"},"Head":{"Weight":1,"CFrame":[1.0058283805847168e-7,1.7695128917694093e-8,1.1920928955078126e-7,0.9972014427185059,-0.05618477612733841,-0.04932084679603577,0.06783675402402878,0.9572924375534058,0.2810504734516144,0.031423717737197879,-0.2836097180843353,0.9584248065948486],"EasingStyle":"Linear","EasingDirection":"Out"},"Torso":{"Weight":1,"CFrame":[-0.044570110738277438,1.4111125469207764,-0.41722679138183596,0.990630030632019,0.1318732649087906,-0.03551875427365303,-0.13655494153499604,0.9606262445449829,-0.24197110533714295,0.0022107274271547796,0.24455411732196809,0.9696331024169922],"EasingStyle":"Linear","EasingDirection":"Out"},"HumanoidRootPart":{"Weight":0,"CFrame":[0,0,0,1,0,0,0,1,0,0,0,1],"EasingStyle":"Linear","EasingDirection":"In"},"Right Leg":{"Weight":1,"CFrame":[0.5566498041152954,0.2685645818710327,0.0925297737121582,0.9045000076293945,0.38721489906311037,-0.1787298321723938,-0.3700840175151825,0.9209177494049072,0.12226337939500809,0.21193771064281465,-0.04444217309355736,0.9762721657752991],"EasingStyle":"Linear","EasingDirection":"Out"}}},{"Time":0.20000000298023225,"poses":{"Left Leg":{"Weight":1,"CFrame":[-0.9907382130622864,0.4235152006149292,-0.036396026611328128,0.8213602900505066,-0.5692527890205383,-0.03631344437599182,0.5642055869102478,0.8014146089553833,0.19851088523864747,-0.08390077948570252,-0.18353720009326936,0.9794257283210754],"EasingStyle":"Linear","EasingDirection":"Out"},"Right Arm":{"Weight":1,"CFrame":[-0.2504006326198578,-0.642500638961792,-0.08232903480529785,-0.5467308759689331,-0.8369216918945313,0.025446653366088868,0.792622447013855,-0.5075178742408752,0.33789822459220889,-0.2698797285556793,0.20490886270999909,0.9408385753631592],"EasingStyle":"Linear","EasingDirection":"Out"},"Left Arm":{"Weight":1,"CFrame":[-0.37260231375694277,-0.7353931665420532,-0.12903642654418946,-0.1574350744485855,0.5420421957969666,-0.825472354888916,-0.9507444500923157,0.1428237110376358,0.2751116156578064,0.267019122838974,0.8281253576278687,0.49285799264907839],"EasingStyle":"Linear","EasingDirection":"Out"},"Head":{"Weight":1,"CFrame":[1.2153759598731995e-7,-6.332993507385254e-8,3.5762786865234377e-7,0.997073233127594,-0.06316734105348587,-0.04306740686297417,0.072455033659935,0.9605076313018799,0.26865482330322268,0.024396363645792009,-0.27098897099494936,0.9622732400894165],"EasingStyle":"Linear","EasingDirection":"Out"},"Torso":{"Weight":1,"CFrame":[-0.04291653633117676,1.396864652633667,-0.419677734375,0.9911016821861267,0.12947598099708558,-0.030878139659762384,-0.1330907791852951,0.9603195786476135,-0.24509817361831666,-0.0020814435556530954,0.24702680110931397,0.9690064191818237],"EasingStyle":"Linear","EasingDirection":"Out"},"HumanoidRootPart":{"Weight":0,"CFrame":[0,0,0,1,0,0,0,1,0,0,0,1],"EasingStyle":"Linear","EasingDirection":"In"},"Right Leg":{"Weight":1,"CFrame":[0.5540721416473389,0.26305538415908816,0.10276675224304199,0.9022850394248962,0.38775190711021426,-0.18849487602710725,-0.3721352815628052,0.9211941957473755,0.11365088820457459,0.21770872175693513,-0.032399922609329227,0.9754758477210999],"EasingStyle":"Linear","EasingDirection":"Out"}}},{"Time":0.21666666865348817,"poses":{"Left Leg":{"Weight":1,"CFrame":[-0.9984187483787537,0.3531975746154785,-0.05664622783660889,0.7580577731132507,-0.6476361155509949,-0.07691549509763718,0.6485363245010376,0.7360918521881104,0.19382794201374055,-0.06891316920518875,-0.19681528210639954,0.9780157208442688],"EasingStyle":"Linear","EasingDirection":"Out"},"Right Arm":{"Weight":1,"CFrame":[-0.2983325123786926,-0.6564054489135742,-0.04719942808151245,-0.6364613771438599,-0.7693356871604919,0.05513311177492142,0.7202502489089966,-0.5672345161437988,0.3993552029132843,-0.27596476674079897,0.29388368129730227,0.915136992931366],"EasingStyle":"Linear","EasingDirection":"Out"},"Left Arm":{"Weight":1,"CFrame":[-0.1839648187160492,-0.6990702152252197,-0.09928244352340698,0.19919703900814057,0.8337175846099854,-0.5150102376937866,-0.9661562442779541,0.25498026609420779,0.03907890245318413,0.16389818489551545,0.4897959232330322,0.8562927842140198],"EasingStyle":"Linear","EasingDirection":"Out"},"Head":{"Weight":1,"CFrame":[9.12696123123169e-8,-1.9604340195655824e-7,-1.1920928955078126e-7,0.9966492652893066,-0.07504910230636597,-0.03252504765987396,0.08064735680818558,0.967992901802063,0.2376672327518463,0.013647301122546196,-0.2394939512014389,0.9708019495010376],"EasingStyle":"Linear","EasingDirection":"Out"},"Torso":{"Weight":1,"CFrame":[-0.03888079524040222,1.3813755512237549,-0.4125075340270996,0.9918819069862366,0.12499729543924332,-0.023365207016468049,-0.12688037753105164,0.9606039524078369,-0.24726785719394685,-0.00846310518682003,0.2482251077890396,0.9686654210090637],"EasingStyle":"Linear","EasingDirection":"Out"},"HumanoidRootPart":{"Weight":0,"CFrame":[0,0,0,1,0,0,0,1,0,0,0,1],"EasingStyle":"Linear","EasingDirection":"In"},"Right Leg":{"Weight":1,"CFrame":[0.5435636639595032,0.24789220094680787,0.11456191539764404,0.9016666412353516,0.3838258981704712,-0.19918550550937653,-0.3707882761955261,0.9232515096664429,0.10061197727918625,0.22251592576503755,-0.01686284877359867,0.9747832417488098],"EasingStyle":"Linear","EasingDirection":"Out"}}},{"Time":0.23333333432674409,"poses":{"Left Leg":{"Weight":1,"CFrame":[-0.9844506978988648,0.28592538833618166,-0.0738644003868103,0.6988828182220459,-0.7061671614646912,-0.11353729665279389,0.7132171988487244,0.6761544346809387,0.18476025760173798,-0.053702887147665027,-0.21010255813598634,0.9762033224105835],"EasingStyle":"Linear","EasingDirection":"Out"},"Right Arm":{"Weight":1,"CFrame":[-0.31634384393692019,-0.6607507467269898,-0.01636660099029541,-0.6973651051521301,-0.7124374508857727,0.07819706946611405,0.6618043780326843,-0.5982091426849365,0.45184168219566347,-0.27513065934181216,0.3668496608734131,0.8886643648147583],"EasingStyle":"Linear","EasingDirection":"Out"},"Left Arm":{"Weight":1,"CFrame":[0.013380087912082672,-0.6537894606590271,-0.06455045938491821,0.4194919764995575,0.9038655757904053,-0.08398477733135224,-0.9072707891464233,0.4144341051578522,-0.07144293934106827,-0.029768677428364755,0.10616657882928848,0.9939026236534119],"EasingStyle":"Linear","EasingDirection":"Out"},"Head":{"Weight":1,"CFrame":[7.450580596923828e-8,-1.555308699607849e-7,0,0.9956517815589905,-0.09147707372903824,-0.017592651769518853,0.09315309673547745,0.9772566556930542,0.1905042827129364,-0.00023422902449965477,-0.19131474196910859,0.9815286993980408],"EasingStyle":"Linear","EasingDirection":"Out"},"Torso":{"Weight":1,"CFrame":[-0.03275340422987938,1.364311933517456,-0.3937981128692627,0.9929124116897583,0.11809121817350388,-0.013395825400948525,-0.11769897490739823,0.9614028930664063,-0.24869947135448457,-0.01649044267833233,0.24851346015930177,0.9684880375862122],"EasingStyle":"Linear","EasingDirection":"Out"},"HumanoidRootPart":{"Weight":0,"CFrame":[0,0,0,1,0,0,0,1,0,0,0,1],"EasingStyle":"Linear","EasingDirection":"In"},"Right Leg":{"Weight":1,"CFrame":[0.5226590633392334,0.22300350666046143,0.1265873908996582,0.903454601764679,0.3731341063976288,-0.21104639768600465,-0.36367422342300417,0.9277764558792114,0.08349814265966416,0.2269599586725235,0.0013153302716091276,0.973903238773346],"EasingStyle":"Linear","EasingDirection":"Out"}}},{"Time":0.25,"poses":{"Left Leg":{"Weight":1,"CFrame":[-0.9571549892425537,0.23265141248703004,-0.0885496735572815,0.6518898010253906,-0.7442197203636169,-0.1455223709344864,0.7573139071464539,0.6290790438652039,0.17531436681747437,-0.0389273501932621,-0.22449176013469697,0.9736981391906738],"EasingStyle":"Linear","EasingDirection":"Out"},"Right Arm":{"Weight":1,"CFrame":[-0.3161325454711914,-0.655878484249115,0.009041190147399903,-0.7348732352256775,-0.6710721254348755,0.09810006618499756,0.6215975284576416,-0.6086005568504334,0.49317529797554018,-0.27125242352485659,0.42340007424354555,0.8643810153007507],"EasingStyle":"Linear","EasingDirection":"Out"},"Left Arm":{"Weight":1,"CFrame":[0.18380066752433778,-0.5990055799484253,-0.026415467262268068,0.4942876994609833,0.8311606645584106,0.25465965270996096,-0.8484653234481812,0.5250264406204224,-0.06673746556043625,-0.18917261064052583,-0.1830824762582779,0.964725136756897],"EasingStyle":"Linear","EasingDirection":"Out"},"Head":{"Weight":1,"CFrame":[7.450580596923828e-8,1.2991949915885926e-7,3.5762786865234377e-7,0.9937151074409485,-0.11192206293344498,0.001919186906889081,0.11072728037834168,0.9853335022926331,0.129835844039917,-0.01642252877354622,-0.12880732119083405,0.991533637046814],"EasingStyle":"Linear","EasingDirection":"Out"},"Torso":{"Weight":1,"CFrame":[-0.02484152838587761,1.3453553915023804,-0.3621244430541992,0.9941044449806213,0.1084175556898117,-0.0014066491276025773,-0.10533533245325089,0.9626045823097229,-0.24959352612495423,-0.025706276297569276,0.2482702136039734,0.9683496952056885],"EasingStyle":"Linear","EasingDirection":"Out"},"HumanoidRootPart":{"Weight":0,"CFrame":[0,0,0,1,0,0,0,1,0,0,0,1],"EasingStyle":"Linear","EasingDirection":"In"},"Right Leg":{"Weight":1,"CFrame":[0.4883773922920227,0.1886892318725586,0.1370079517364502,0.9082609415054321,0.35315242409706118,-0.22437775135040284,-0.34815242886543276,0.9353291988372803,0.06284299492835999,0.23206020891666413,0.021039804443717004,0.9724738597869873],"EasingStyle":"Linear","EasingDirection":"Out"}}},{"Time":0.2666666805744171,"poses":{"Left Leg":{"Weight":1,"CFrame":[-0.931957483291626,0.19268763065338136,-0.10264945030212403,0.6141734719276428,-0.7695337533950806,-0.1749536693096161,0.7887433767318726,0.5912687182426453,0.1681818664073944,-0.02597704529762268,-0.24128633737564088,0.9701062440872192],"EasingStyle":"Linear","EasingDirection":"Out"},"Right Arm":{"Weight":1,"CFrame":[-0.3108447194099426,-0.6424013376235962,0.026444196701049806,-0.7518969774246216,-0.64913010597229,0.1152443066239357,0.6014127731323242,-0.6037244200706482,0.5232776403427124,-0.27009937167167666,0.46276018023490908,0.8443335890769959],"EasingStyle":"Linear","EasingDirection":"Out"},"Left Arm":{"Weight":1,"CFrame":[0.2986512780189514,-0.5341753363609314,0.013548851013183594,0.49878451228141787,0.7323427796363831,0.4635601341724396,-0.8228505253791809,0.5681276321411133,-0.012164636515080929,-0.2722700834274292,-0.3753732740879059,0.8859819173812866],"EasingStyle":"Linear","EasingDirection":"Out"},"Head":{"Weight":1,"CFrame":[1.1455267667770386e-7,-1.1204974725842476e-8,0,0.9905011057853699,-0.13518168032169343,0.025169238448143007,0.13322219252586366,0.9887651205062866,0.06778933107852936,-0.034050337970256808,-0.06379234045743942,0.9973821043968201],"EasingStyle":"Linear","EasingDirection":"Out"},"Torso":{"Weight":1,"CFrame":[-0.015381768345832825,1.3288755416870118,-0.3201322555541992,0.9953398704528809,0.09564730525016785,0.012253867462277413,-0.08977590501308441,0.9655373096466065,-0.2442907989025116,-0.03519732505083084,0.24205227196216584,0.9696245789527893],"EasingStyle":"Linear","EasingDirection":"Out"},"HumanoidRootPart":{"Weight":0,"CFrame":[0,0,0,1,0,0,0,1,0,0,0,1],"EasingStyle":"Linear","EasingDirection":"In"},"Right Leg":{"Weight":1,"CFrame":[0.44359657168388369,0.14533931016921998,0.1446763277053833,0.9125552177429199,0.3314723074436188,-0.23951826989650727,-0.331363707780838,0.9425699710845947,0.04195152223110199,0.2396685630083084,0.041084542870521548,0.9699850678443909],"EasingStyle":"Linear","EasingDirection":"Out"}}},{"Time":0.28333333134651186,"poses":{"Left Leg":{"Weight":1,"CFrame":[-0.9258343577384949,0.15852683782577516,-0.11919921636581421,0.5773336887359619,-0.7906204462051392,-0.2039731740951538,0.816331684589386,0.5537127256393433,0.16433142125606538,-0.016981253400444986,-0.2613838315010071,0.9650855660438538],"EasingStyle":"Linear","EasingDirection":"Out"},"Right Arm":{"Weight":1,"CFrame":[-0.2934954762458801,-0.6220235824584961,0.03289914131164551,-0.7455207705497742,-0.65362548828125,0.1302786022424698,0.60477614402771,-0.5813025236129761,0.5443649888038635,-0.28007954359054568,0.4846247434616089,0.8286701440811157],"EasingStyle":"Linear","EasingDirection":"Out"},"Left Arm":{"Weight":1,"CFrame":[0.34258851408958437,-0.4587537944316864,0.05376791954040527,0.48069027066230776,0.6566354036331177,0.5811771154403687,-0.8288348317146301,0.5566191673278809,0.056638333946466449,-0.2863035500049591,-0.5089254379272461,0.8118036985397339],"EasingStyle":"Linear","EasingDirection":"Out"},"Head":{"Weight":1,"CFrame":[1.1175870895385742e-7,-1.5890691429376603e-7,-1.7881393432617188e-7,0.9861809015274048,-0.15812987089157105,0.049418866634368899,0.15765485167503358,0.9874034523963928,0.013391352258622647,-0.050913941115140918,-0.005415201187133789,0.9986883401870728],"EasingStyle":"Linear","EasingDirection":"Out"},"Torso":{"Weight":1,"CFrame":[-0.005372427403926849,1.3181623220443726,-0.27184104919433596,0.9964563250541687,0.07989931106567383,0.02628513053059578,-0.07182271033525467,0.9708952903747559,-0.22848165035247804,-0.04377563297748566,0.22578410804271699,0.9731932878494263],"EasingStyle":"Linear","EasingDirection":"Out"},"HumanoidRootPart":{"Weight":0,"CFrame":[0,0,0,1,0,0,0,1,0,0,0,1],"EasingStyle":"Linear","EasingDirection":"In"},"Right Leg":{"Weight":1,"CFrame":[0.392416387796402,0.0963544249534607,0.1487123966217041,0.9136213660240173,0.31537318229675295,-0.25658488273620608,-0.32000771164894106,0.9470944404602051,0.02463974617421627,0.2507808804512024,0.05959771201014519,0.9662075638771057],"EasingStyle":"Linear","EasingDirection":"Out"}}},{"Time":0.30000001192092898,"poses":{"Left Leg":{"Weight":1,"CFrame":[-0.949799656867981,0.12686675786972047,-0.14190644025802613,0.5403869152069092,-0.8083447217941284,-0.23358267545700074,0.8413153886795044,0.5147778391838074,0.16490055620670319,-0.013053355738520623,-0.28562673926353457,0.9582520127296448],"EasingStyle":"Linear","EasingDirection":"Out"},"Right Arm":{"Weight":1,"CFrame":[-0.2588447630405426,-0.5962756872177124,0.030439376831054689,-0.7083020806312561,-0.6903225183486939,0.1475232094526291,0.6361485719680786,-0.5336260199546814,0.5572775602340698,-0.30597904324531557,0.48856741189956667,0.8171160817146301],"EasingStyle":"Linear","EasingDirection":"Out"},"Left Arm":{"Weight":1,"CFrame":[0.3184257745742798,-0.37279391288757326,0.09220993518829346,0.46130767464637759,0.6085271239280701,0.6456702351570129,-0.8516502976417542,0.5077491402626038,0.12993262708187104,-0.24877102673053742,-0.6098242402076721,0.7524808645248413],"EasingStyle":"Linear","EasingDirection":"Out"},"Head":{"Weight":1,"CFrame":[7.450580596923828e-8,2.4260953068733217e-7,-1.1920928955078126e-7,0.9814966917037964,-0.1774928718805313,0.07183656096458435,0.18035301566123963,0.9829627275466919,-0.03545558080077171,-0.06431953608989716,0.04775538295507431,0.9967860579490662],"EasingStyle":"Linear","EasingDirection":"Out"},"Torso":{"Weight":1,"CFrame":[0.0037736445665359499,1.3112540245056153,-0.21836328506469727,0.9973461031913757,0.061562832444906238,0.03886841610074043,-0.05236998200416565,0.9774811863899231,-0.204420804977417,-0.05057787150144577,0.2018427550792694,0.9781111478805542],"EasingStyle":"Linear","EasingDirection":"Out"},"HumanoidRootPart":{"Weight":0,"CFrame":[0,0,0,1,0,0,0,1,0,0,0,1],"EasingStyle":"Linear","EasingDirection":"In"},"Right Leg":{"Weight":1,"CFrame":[0.3328357934951782,0.046605050563812259,0.14730310440063477,0.9129086136817932,0.3012792766094208,-0.2753700315952301,-0.3100458085536957,0.9506430625915527,0.012221932411193848,0.2654607892036438,0.07421978563070297,0.9612606167793274],"EasingStyle":"Linear","EasingDirection":"Out"}}},{"Time":0.3166666626930237,"poses":{"Left Leg":{"Weight":1,"CFrame":[-1.007195234298706,0.10088533163070679,-0.17515385150909425,0.5078116655349731,-0.8198204040527344,-0.26461657881736758,0.861361026763916,0.4783584177494049,0.17096871137619019,-0.013582104817032814,-0.3147502839565277,0.949077308177948],"EasingStyle":"Linear","EasingDirection":"Out"},"Right Arm":{"Weight":1,"CFrame":[-0.20997309684753419,-0.5659907460212708,0.023632287979125978,-0.631080150604248,-0.7565056085586548,0.17157259583473206,0.6938207149505615,-0.45155808329582217,0.5609884262084961,-0.3469159007072449,0.4730692505836487,0.8098486661911011],"EasingStyle":"Linear","EasingDirecti