{"Sequence":[{"Time":0,"poses":{"Left Leg":{"Weight":1,"CFrame":[-0.20440709590911866,0.05619579553604126,0.16839599609375,0.9420166611671448,-0.11686299741268158,0.3145594596862793,0.07876983284950257,0.988215982913971,0.13124193251132966,-0.3261899948120117,-0.09885430335998535,0.9401212334632874],"EasingStyle":"Linear","EasingDirection":"Out"},"Right Arm":{"Weight":1,"CFrame":[0.08869697153568268,-0.1166357696056366,0.08804810047149658,-0.3917069733142853,-0.36959603428840639,0.8425939679145813,0.9101055860519409,-0.29018455743789675,0.29580509662628176,0.13517943024635316,0.8827183246612549,0.4500386416912079],"EasingStyle":"Linear","EasingDirection":"Out"},"Left Arm":{"Weight":1,"CFrame":[-0.3602575361728668,-0.009896904230117798,0.06286704540252686,-0.6424820423126221,0.5717291235923767,-0.5102378726005554,-0.7652556300163269,-0.4439316391944885,0.4661637544631958,0.040008723735809329,0.6899641156196594,0.7227368950843811],"EasingStyle":"Linear","EasingDirection":"Out"},"Head":{"Weight":1,"CFrame":[8.614733815193176e-8,-5.638139555230737e-8,-1.1920928955078126e-7,0.9982177019119263,0.05878273770213127,-0.010294143110513687,-0.05851248279213905,0.997977614402771,0.024837763980031015,0.01173335500061512,-0.024191154167056085,0.9996384978294373],"EasingStyle":"Linear","EasingDirection":"Out"},"Torso":{"Weight":1,"CFrame":[0.0239800326526165,0.7614843845367432,-2.5540783405303957,0.9996360540390015,0.019529692828655244,-0.018609579652547838,0.01734292507171631,0.06313645839691162,0.9978541731834412,0.02066272310912609,-0.9978138208389282,0.06277478486299515],"EasingStyle":"Linear","EasingDirection":"Out"},"HumanoidRootPart":{"Weight":0,"CFrame":[0,0,0,1,0,0,0,1,0,0,0,1],"EasingStyle":"Linear","EasingDirection":"In"},"Right Leg":{"Weight":1,"CFrame":[0.41431188583374026,0.017564892768859865,0.14362609386444093,0.9844799637794495,0.1249086782336235,-0.12327630072832108,-0.11261307448148728,0.9883753061294556,0.10213959962129593,0.1346013993024826,-0.08667189627885819,0.9871020317077637],"EasingStyle":"Linear","EasingDirection":"Out"}}},{"Time":0.013749999925494194,"poses":{"Left Leg":{"Weight":1,"CFrame":[-0.19854368269443513,0.06017780303955078,0.16720950603485108,0.9405378103256226,-0.11904741078615189,0.3181452751159668,0.0777655690908432,0.9871652126312256,0.13948965072631837,-0.33066779375076296,-0.10645453631877899,0.9377239346504211],"EasingStyle":"Linear","EasingDirection":"Out"},"Right Arm":{"Weight":1,"CFrame":[0.09501758962869644,-0.14851942658424378,0.08792126178741455,-0.41152265667915347,-0.33548033237457278,0.8474090695381165,0.9052076935768127,-0.2586471438407898,0.33719542622566225,0.10605750977993012,0.9058446884155273,0.4101184904575348],"EasingStyle":"Linear","EasingDirection":"Out"},"Left Arm":{"Weight":1,"CFrame":[-0.3536611497402191,0.004109561443328857,0.06285202503204346,-0.6331852674484253,0.5853585600852966,-0.5063909888267517,-0.7719460725784302,-0.42995813488960268,0.46822577714920046,0.05635310336947441,0.6873800754547119,0.7241082787513733],"EasingStyle":"Linear","EasingDirection":"Out"},"Head":{"Weight":1,"CFrame":[8.940696716308594e-8,9.837094694375992e-9,-1.1920928955078126e-7,0.9982696175575256,0.057271867990493777,-0.013329963199794293,-0.05696656182408333,0.9981279373168945,0.022257238626480104,0.014579728245735169,-0.021459363400936128,0.9996634125709534],"EasingStyle":"Linear","EasingDirection":"Out"},"Torso":{"Weight":1,"CFrame":[0.029644358903169633,0.761746883392334,-2.5548152923583986,0.99964839220047,0.023723166435956956,-0.011845114640891552,0.01041894406080246,0.059363946318626407,0.9981820583343506,0.02438320778310299,-0.9979544878005981,0.05909590423107147],"EasingStyle":"Linear","EasingDirection":"Out"},"HumanoidRootPart":{"Weight":0,"CFrame":[0,0,0,1,0,0,0,1,0,0,0,1],"EasingStyle":"Linear","EasingDirection":"In"},"Right Leg":{"Weight":1,"CFrame":[0.41551005840301516,0.013156414031982422,0.14425063133239747,0.9845555424690247,0.1281721442937851,-0.11925695836544037,-0.11727343499660492,0.9886091351509094,0.09433393180370331,0.12998950481414796,-0.078891322016716,0.9883718490600586],"EasingStyle":"Linear","EasingDirection":"Out"}}},{"Time":0.027916666120290757,"poses":{"Left Leg":{"Weight":1,"CFrame":[-0.1946292221546173,0.06438225507736206,0.16631007194519044,0.9393370151519775,-0.12487231940031052,0.31945717334747317,0.08064422756433487,0.9856699109077454,0.14816002547740937,-0.33338043093681338,-0.11340980231761933,0.9359464049339294],"EasingStyle":"Linear","EasingDirection":"Out"},"Right Arm":{"Weight":1,"CFrame":[0.11217311024665833,-0.17404970526695252,0.08746182918548584,-0.43457162380218508,-0.30290281772613528,0.8481729626655579,0.896258533000946,-0.2381962090730667,0.3741432726383209,0.08870253711938858,0.9227743148803711,0.37499257922172549],"EasingStyle":"Linear","EasingDirection":"Out"},"Left Arm":{"Weight":1,"CFrame":[-0.34940972924232485,0.03669506311416626,0.06274652481079102,-0.6169772744178772,0.6196846961975098,-0.4851078987121582,-0.781212329864502,-0.40776103734970095,0.4726927578449249,0.0951123833656311,0.6706130504608154,0.7356846332550049],"EasingStyle":"Linear","EasingDirection":"Out"},"Head":{"Weight":1,"CFrame":[8.707866072654724e-8,2.3283064365386964e-8,-1.1920928955078126e-7,0.9984275698661804,0.05307827144861221,-0.01802944578230381,-0.05281474441289902,0.9984948039054871,0.014790894463658333,0.018787384033203126,-0.01381541695445776,0.9997280240058899],"EasingStyle":"Linear","EasingDirection":"Out"},"Torso":{"Weight":1,"CFrame":[0.034932684153318408,0.7619426250457764,-2.55094051361084,0.9996411204338074,0.02620302513241768,-0.005569182336330414,0.0040951743721961979,0.0559743270277977,0.9984238147735596,0.026473460718989373,-0.9980883002281189,0.0558469332754612],"EasingStyle":"Linear","EasingDirection":"Out"},"HumanoidRootPart":{"Weight":0,"CFrame":[0,0,0,1,0,0,0,1,0,0,0,1],"EasingStyle":"Linear","EasingDirection":"In"},"Right Leg":{"Weight":1,"CFrame":[0.41427886486053469,0.009497344493865967,0.14470720291137696,0.9841243028640747,0.13342435657978059,-0.11703548580408097,-0.12356752902269364,0.9884436130523682,0.08780862390995026,0.12739884853363038,-0.07195283472537995,0.9892382621765137],"EasingStyle":"Linear","EasingDirection":"Out"}}},{"Time":0.0416666679084301,"poses":{"Left Leg":{"Weight":1,"CFrame":[-0.1922965794801712,0.0686953067779541,0.1656280755996704,0.9383261203765869,-0.13324148952960969,0.31904667615890505,0.08631043136119843,0.9838161468505859,0.15702345967292787,-0.33480536937713625,-0.11980212479829788,0.9346404671669006],"EasingStyle":"Linear","EasingDirection":"Out"},"Right Arm":{"Weight":1,"CFrame":[0.13745521008968354,-0.19393301010131837,0.08655130863189697,-0.4597221314907074,-0.2714903652667999,0.8455463647842407,0.8843287825584412,-0.22717197239398957,0.40786707401275637,0.08135248720645905,0.9352464079856873,0.3445225954055786],"EasingStyle":"Linear","EasingDirection":"Out"},"Left Arm":{"Weight":1,"CFrame":[-0.34662431478500368,0.08313626050949097,0.06245994567871094,-0.5926222205162048,0.6687905788421631,-0.448907732963562,-0.7912378311157227,-0.37901216745376589,0.47988808155059817,0.15080314874649049,0.639585018157959,0.7537833452224731],"EasingStyle":"Linear","EasingDirection":"Out"},"Head":{"Weight":1,"CFrame":[9.033828973770142e-8,-1.2258533388376237e-7,-1.7881393432617188e-7,0.998619794845581,0.04677441343665123,-0.02388838678598404,-0.04671531543135643,0.9989036321640015,0.0030273636803030969,0.024003801867365838,-0.001907235011458397,0.9997100234031677],"EasingStyle":"Linear","EasingDirection":"Out"},"Torso":{"Weight":1,"CFrame":[0.039872314780950549,0.7620849609375,-2.5426645278930666,0.9996272325515747,0.027300380170345308,0.00024515530094504356,-0.0016925936797633768,0.05300866812467575,0.9985926151275635,0.027248958125710489,-0.9982208013534546,0.05303511768579483],"EasingStyle":"Linear","EasingDirection":"Out"},"HumanoidRootPart":{"Weight":0,"CFrame":[0,0,0,1,0,0,0,1,0,0,0,1],"EasingStyle":"Linear","EasingDirection":"In"},"Right Leg":{"Weight":1,"CFrame":[0.4109638035297394,0.006529450416564941,0.1450411081314087,0.983260989189148,0.1403122842311859,-0.11623390763998032,-0.13122530281543733,0.9879148006439209,0.0824882984161377,0.1264033317565918,-0.06585469096899033,0.9897905588150024],"EasingStyle":"Linear","EasingDirection":"Out"}}},{"Time":0.055416665971279147,"poses":{"Left Leg":{"Weight":1,"CFrame":[-0.19117243587970735,0.07300782203674317,0.16509020328521729,0.9374150037765503,-0.14304006099700929,0.3174785375595093,0.09362571686506272,0.9816955327987671,0.16585561633110047,-0.3353913426399231,-0.12575136125087739,0.9336483478546143],"EasingStyle":"Linear","EasingDirection":"Out"},"Right Arm":{"Weight":1,"CFrame":[0.16815444827079774,-0.2088746726512909,0.08507168292999268,-0.48603320121765139,-0.24090375006198884,0.8400816321372986,0.8700466752052307,-0.22401674091815949,0.43913009762763979,0.08240431547164917,0.9443420171737671,0.31847700476646426],"EasingStyle":"Linear","EasingDirection":"Out"},"Left Arm":{"Weight":1,"CFrame":[-0.34442463517189028,0.13870984315872193,0.06190192699432373,-0.558997392654419,0.7259736657142639,-0.40060484409332278,-0.800205409526825,-0.3457488715648651,0.4900297224521637,0.21723993122577668,0.5944913625717163,0.7742006182670593],"EasingStyle":"Linear","EasingDirection":"Out"},"Head":{"Weight":1,"CFrame":[8.568167686462403e-8,3.725290298461914e-9,-1.7881393432617188e-7,0.9987794756889343,0.03893420845270157,-0.03039257600903511,-0.03932713717222214,0.999148964881897,-0.012438573874533177,0.02988242916762829,0.013618646189570427,0.9994606375694275],"EasingStyle":"Linear","EasingDirection":"Out"},"Torso":{"Weight":1,"CFrame":[0.044502608478069308,0.7621848583221436,-2.5301780700683595,0.9996098875999451,0.02735392563045025,0.005639870651066303,-0.007017164956778288,0.050519250333309177,0.9986984133720398,0.027033399790525438,-0.9983484148979187,0.05069148913025856],"EasingStyle":"Linear","EasingDirection":"Out"},"HumanoidRootPart":{"Weight":0,"CFrame":[0,0,0,1,0,0,0,1,0,0,0,1],"EasingStyle":"Linear","EasingDirection":"In"},"Right Leg":{"Weight":1,"CFrame":[0.4059111773967743,0.00418323278427124,0.1452927589416504,0.9820343255996704,0.1484699696302414,-0.11646976321935654,-0.13994701206684113,0.987060546875,0.07827052474021912,0.12658359110355378,-0.06056481972336769,0.9901053309440613],"EasingStyle":"Linear","EasingDirection":"Out"}}},{"Time":0.06958333402872086,"poses":{"Left Leg":{"Weight":1,"CFrame":[-0.19088460505008698,0.07721883058547974,0.16462242603302003,0.9365466237068176,-0.1531478315591812,0.3153192102909088,0.1014261469244957,0.9794285893440247,0.17444872856140138,-0.335548996925354,-0.13139775395393372,0.9328137040138245],"EasingStyle":"Linear","EasingDirection":"Out"},"Right Arm":{"Weight":1,"CFrame":[0.20156262814998628,-0.219580739736557,0.08290457725524903,-0.5126745104789734,-0.21090182662010194,0.8322771787643433,0.8538140654563904,-0.2272610068321228,0.46835243701934817,0.09036779403686524,0.9507222771644592,0.29658177495002749],"EasingStyle":"Linear","EasingDirection":"Out"},"Left Arm":{"Weight":1,"CFrame":[-0.34193161129951479,0.19869285821914674,0.0609818696975708,-0.516165554523468,0.7844773530960083,-0.3437564969062805,-0.8066706657409668,-0.3103823661804199,0.5029367804527283,0.28784647583961489,0.5368967056274414,0.7930233478546143],"EasingStyle":"Linear","EasingDirection":"Out"},"Head":{"Weight":1,"CFrame":[8.381903171539307e-8,6.658956408500672e-8,-5.960464477539063e-8,0.9988591074943543,0.030146757140755655,-0.03703508526086807,-0.03130113333463669,0.999029278755188,-0.030995486304163934,0.03606473281979561,0.03211936354637146,0.998833179473877],"EasingStyle":"Linear","EasingDirection":"Out"},"Torso":{"Weight":1,"CFrame":[0.04887266084551811,0.7622509002685547,-2.5136561393737795,0.9995864629745483,0.026703989133238794,0.010669120587408543,-0.01195764634758234,0.048567209392786029,0.9987483620643616,0.026152394711971284,-0.9984628558158875,0.04886643961071968],"EasingStyle":"Linear","EasingDirection":"Out"},"HumanoidRootPart":{"Weight":0,"CFrame":[0,0,0,1,0,0,0,1,0,0,0,1],"EasingStyle":"Linear","EasingDirection":"In"},"Right Leg":{"Weight":1,"CFrame":[0.3994697630405426,0.0023795366287231447,0.14549696445465089,0.980516254901886,0.15752467513084413,-0.11736171692609787,-0.14941179752349854,0.9859235882759094,0.07503858208656311,0.12753014266490937,-0.056041330099105838,0.9902501702308655],"EasingStyle":"Linear","EasingDirection":"Out"}}},{"Time":0.0833333358168602,"poses":{"Left Leg":{"Weight":1,"CFrame":[-0.19106101989746095,0.08123517036437988,0.16415560245513917,0.9357121586799622,-0.1624540090560913,0.3131316006183624,0.10854136198759079,0.9771748185157776,0.1826147884130478,-0.3356509208679199,-0.1368871033191681,0.9319873452186585],"EasingStyle":"Linear","EasingDirection":"Out"},"Right Arm":{"Weight":1,"CFrame":[0.23497100174427033,-0.22675716876983643,0.07993161678314209,-0.5388836860656738,-0.18138225376605988,0.822620689868927,0.8359591960906982,-0.23549237847328187,0.49569711089134219,0.10381034761667252,0.9548004269599915,0.2785310447216034],"EasingStyle":"Linear","EasingDirection":"Out"},"Left Arm":{"Weight":1,"CFrame":[-0.33826538920402529,0.25836181640625,0.05960953235626221,-0.46597370505332949,0.8384267687797546,-0.2826818823814392,-0.8098785281181336,-0.2755016088485718,0.5178760290145874,0.35632187128067019,0.4702546298503876,0.8074004054069519],"EasingStyle":"Linear","EasingDirection":"Out"},"Head":{"Weight":1,"CFrame":[9.406358003616333e-8,6.82193785905838e-8,2.384185791015625e-7,0.9988394975662231,0.02102537266910076,-0.04333106428384781,-0.023271873593330385,0.9983753561973572,-0.052010420709848407,0.042167119681835178,0.05295846611261368,0.9977060556411743],"EasingStyle":"Linear","EasingDirection":"Out"},"Torso":{"Weight":1,"CFrame":[0.05303945764899254,0.7622895240783691,-2.4932639598846437,0.9995514154434204,0.02568919025361538,0.015396923758089543,-0.016598040238022805,0.04721680283546448,0.9987467527389526,0.02493000216782093,-0.9985542893409729,0.04762201011180878],"EasingStyle":"Linear","EasingDirection":"Out"},"HumanoidRootPart":{"Weight":0,"CFrame":[0,0,0,1,0,0,0,1,0,0,0,1],"EasingStyle":"Linear","EasingDirection":"In"},"Right Leg":{"Weight":1,"CFrame":[0.3919835686683655,0.0010325908660888672,0.14568734169006349,0.9787876009941101,0.16710571944713593,-0.11853449791669846,-0.15929128229618073,0.9845543503761292,0.0726572796702385,0.12884521484375,-0.052234597504138949,0.9902880787849426],"EasingStyle":"Linear","EasingDirection":"Out"}}},{"Time":0.09708333015441895,"poses":{"Left Leg":{"Weight":1,"CFrame":[-0.19133062660694123,0.0849730372428894,0.16362321376800538,0.9349488019943237,-0.16986247897148133,0.3114761412143707,0.11380451172590256,0.9751306772232056,0.19018054008483888,-0.3360346257686615,-0.14236170053482057,0.931028425693512],"EasingStyle":"Linear","EasingDirection":"Out"},"Right Arm":{"Weight":1,"CFrame":[0.26567012071609499,-0.2311103343963623,0.0760340690612793,-0.5639470815658569,-0.15241031348705293,0.8116247653961182,0.8168525695800781,-0.24732375144958497,0.5211361050605774,0.12130767107009888,0.956870973110199,0.26397424936294558],"EasingStyle":"Linear","EasingDirection":"Out"},"Left Arm":{"Weight":1,"CFrame":[-0.3325459361076355,0.3129929304122925,0.057694077491760257,-0.4120415449142456,0.8836854100227356,-0.22208508849143983,-0.8099159598350525,-0.24354344606399537,0.5335941314697266,0.41744205355644228,0.3997333347797394,0.8160609602928162],"EasingStyle":"Linear","EasingDirection":"Out"},"Head":{"Weight":1,"CFrame":[7.450580596923828e-8,6.949994713068009e-8,2.384185791015625e-7,0.9987324476242065,0.012211984023451805,-0.048829659819602969,-0.01585020311176777,0.9970703721046448,-0.07482972741127014,0.04777278006076813,0.07550887018442154,0.9960001111030579],"EasingStyle":"Linear","EasingDirection":"Out"},"Torso":{"Weight":1,"CFrame":[0.0570664145052433,0.7623052597045898,-2.4691598415374758,0.9994982481002808,0.024645710363984109,0.01989533007144928,-0.021026771515607835,0.04653294384479523,0.998695433139801,0.02368777059018612,-0.9986127018928528,0.047027818858623508],"EasingStyle":"Linear","EasingDirection":"Out"},"HumanoidRootPart":{"Weight":0,"CFrame":[0,0,0,1,0,0,0,1,0,0,0,1],"EasingStyle":"Linear","EasingDirection":"In"},"Right Leg":{"Weight":1,"CFrame":[0.38379335403442385,0.00005269050598144531,0.14589452743530274,0.9769425988197327,0.17684608697891236,-0.11961816251277924,-0.16925321519374848,0.9830127954483032,0.070987269282341,0.13014014065265656,-0.04910479858517647,0.9902788996696472],"EasingStyle":"Linear","EasingDirection":"Out"}}},{"Time":0.11124999821186066,"poses":{"Left Leg":{"Weight":1,"CFrame":[-0.1913246214389801,0.08835482597351074,0.16296136379241944,0.9343205094337463,-0.17429257929325105,0.310913622379303,0.1160527765750885,0.9735133647918701,0.19698607921600343,-0.33701181411743166,-0.147965669631958,0.9298006296157837],"EasingStyle":"Linear","EasingDirection":"Out"},"Right Arm":{"Weight":1,"CFrame":[0.29095229506492617,-0.2333458960056305,0.07109439373016358,-0.5872031450271606,-0.12423685938119888,0.7998484373092651,0.7969912886619568,-0.2613743543624878,0.5445075631141663,0.14141207933425904,0.9572088122367859,0.25249549746513369],"EasingStyle":"Linear","EasingDirection":"Out"},"Left Arm":{"Weight":1,"CFrame":[-0.3238943815231323,0.35786277055740359,0.055145263671875,-0.359231173992157,0.9182750582695007,-0.1665049046278,-0.8076428174972534,-0.21649740636348725,0.5484906435012817,0.4676174223423004,0.33151134848594668,0.8194108605384827],"EasingStyle":"Linear","EasingDirection":"Out"},"Head":{"Weight":1,"CFrame":[8.475035429000855e-8,-6.658956408500672e-8,1.1920928955078126e-7,0.9985784292221069,0.004377721808850765,-0.05312248691916466,-0.009617550298571587,0.9950622320175171,-0.09878621250391007,0.05242772772908211,0.0991566926240921,0.9936897158622742],"EasingStyle":"Linear","EasingDirection":"Out"},"Torso":{"Weight":1,"CFrame":[0.06102224811911583,0.7622997760772705,-2.4414994716644289,0.999420166015625,0.023908955976366998,0.024243036285042764,-0.025337256491184236,0.04657800868153572,0.998593270778656,0.02274613082408905,-0.9986284971237183,0.047156788408756259],"EasingStyle":"Linear","EasingDirection":"Out"},"HumanoidRootPart":{"Weight":0,"CFrame":[0,0,0,1,0,0,0,1,0,0,0,1],"EasingStyle":"Linear","EasingDirection":"In"},"Right Leg":{"Weight":1,"CFrame":[0.37523922324180605,-0.0006531476974487305,0.14615046977996827,0.9750898480415344,0.18638773262500764,-0.12024712562561035,-0.17897042632102967,0.9813695549964905,0.0698816105723381,0.13103200495243073,-0.0466201975941658,0.990281343460083],"EasingStyle":"Linear","EasingDirection":"Out"}}},{"Time":0.125,"poses":{"Left Leg":{"Weight":1,"CFrame":[-0.19066426157951356,0.09130102396011353,0.16210508346557618,0.9338817000389099,-0.1746700555086136,0.31201818585395815,0.11411920189857483,0.9725334048271179,0.20286822319030763,-0.3388831913471222,-0.15384770929813386,0.9281644225120544],"EasingStyle":"Linear","EasingDirection":"Out"},"Right Arm":{"Weight":1,"CFrame":[0.30810773372650149,-0.2341696321964264,0.06499361991882324,-0.6080554127693176,-0.0973040983080864,0.7879089117050171,0.7770569324493408,-0.2762623429298401,0.5655631422996521,0.16263803839683534,0.956143856048584,0.24359360337257386],"EasingStyle":"Linear","EasingDirection":"Out"},"Left Arm":{"Weight":1,"CFrame":[-0.31143033504486086,0.3882485628128052,0.05187249183654785,-0.3129007816314697,0.9421876668930054,-0.11989763379096985,-0.8044416308403015,-0.19578596949577332,0.5608400702476502,0.5049423575401306,0.2719379663467407,0.8191965222358704],"EasingStyle":"Linear","EasingDirection":"Out"},"Head":{"Weight":1,"CFrame":[8.288770914077759e-8,1.0035000741481781e-7,-1.1920928955078126e-7,0.9984377026557922,-0.0017797366017475725,-0.05584770441055298,-0.005122715141624212,0.992367684841156,-0.12320766597986222,0.05564073100686073,0.12330126017332077,0.9908081889152527],"EasingStyle":"Linear","EasingDirection":"Out"},"Torso":{"Weight":1,"CFrame":[0.06498029828071594,0.7622730731964111,-2.41043758392334,0.9993093013763428,0.02381771244108677,0.028524473309516908,-0.029629511758685113,0.04740932583808899,0.9984359741210938,0.022428132593631746,-0.9985915422439575,0.04808228462934494],"EasingStyle":"Linear","EasingDirection":"Out"},"HumanoidRootPart":{"Weight":0,"CFrame":[0,0,0,1,0,0,0,1,0,0,0,1],"EasingStyle":"Linear","EasingDirection":"In"},"Right Leg":{"Weight":1,"CFrame":[0.3666606545448303,-0.0011790990829467774,0.14648520946502686,0.9733517169952393,0.19537928700447083,-0.12005531787872315,-0.18812082707881928,0.979705810546875,0.06918897479772568,0.13113707304000855,-0.044760361313819888,0.9903532862663269],"EasingStyle":"Linear","EasingDirection":"Out"}}},{"Time":0.13875000178813935,"poses":{"Left Leg":{"Weight":1,"CFrame":[-0.18895870447158814,0.09372603893280029,0.16098010540008546,0.9336261749267578,-0.16991016268730164,0.3153928518295288,0.10681089758872986,0.9723542928695679,0.20765016973018647,-0.34195560216903689,-0.1601802259683609,0.9259636998176575],"EasingStyle":"Linear","EasingDirection":"Out"},"Right Arm":{"Weight":1,"CFrame":[0.3144281804561615,-0.234287291765213,0.05761361122131348,-0.62599116563797,-0.07223480194807053,0.7764774560928345,0.7579412460327148,-0.2906109392642975,0.5840122103691101,0.18346694111824037,0.9541108012199402,0.2366696149110794],"EasingStyle":"Linear","EasingDirection":"Out"},"Left Arm":{"Weight":1,"CFrame":[-0.29427459836006167,0.39942675828933718,0.047785282135009769,-0.2782961130142212,0.9566762447357178,-0.08556750416755676,-0.8018903732299805,-0.18238043785095216,0.5689545273780823,0.5286994576454163,0.2269536405801773,0.8179052472114563],"EasingStyle":"Linear","EasingDirection":"Out"},"Head":{"Weight":1,"CFrame":[6.984919309616089e-8,-2.7474015951156617e-8,-5.960464477539063e-8,0.9983764886856079,-0.005540482699871063,-0.05668889731168747,-0.002882411703467369,0.9890682697296143,-0.14743006229400636,0.05688601732254028,0.1473541110754013,0.9874466061592102],"EasingStyle":"Linear","EasingDirection":"Out"},"Torso":{"Weight":1,"CFrame":[0.0690181776881218,0.762221097946167,-2.376131296157837,0.9991552233695984,0.024720845744013788,0.03282947093248367,-0.03401283174753189,0.049076057970523837,0.9982157349586487,0.0230655949562788,-0.9984890818595886,0.049875423312187198],"EasingStyle":"Linear","EasingDirection":"Out"},"HumanoidRootPart":{"Weight":0,"CFrame":[0,0,0,1,0,0,0,1,0,0,0,1],"EasingStyle":"Linear","EasingDirection":"In"},"Right Leg":{"Weight":1,"CFrame":[0.3584018349647522,-0.0016202926635742188,0.1469278335571289,0.9718620777130127,0.20347492396831513,-0.11866796761751175,-0.19638772308826447,0.9781124591827393,0.06875991821289063,0.1300615817308426,-0.04352021589875221,0.9905503392219544],"EasingStyle":"Linear","EasingDirection":"Out"}}},{"Time":0.15291666984558106,"poses":{"Left Leg":{"Weight":1,"CFrame":[-0.18557976186275483,0.09509080648422241,0.15952050685882569,0.9336576461791992,-0.15661115944385529,0.32211238145828249,0.09075311571359635,0.9734306335449219,0.21023014187812806,-0.3464783728122711,-0.16705022752285005,0.9230638742446899],"EasingStyle":"Linear","EasingDirection":"Out"},"Right Arm":{"Weight":1,"CFrame":[0.31271255016326907,-0.23207926750183106,0.04897725582122803,-0.6391558647155762,-0.04939359799027443,0.7674893736839294,0.7410799860954285,-0.306364506483078,0.5974457263946533,0.20562158524990083,0.9506319165229797,0.2324191927909851],"EasingStyle":"Linear","EasingDirection":"Out"},"Left Arm":{"Weight":1,"CFrame":[-0.26887160539627077,0.3934551477432251,0.042017459869384769,-0.25437885522842409,0.9650882482528687,-0.062417879700660709,-0.8006238341331482,-0.1739465445280075,0.5733622908592224,0.5424876809120178,0.1958245187997818,0.8169208765029907],"EasingStyle":"Linear","EasingDirection":"Out"},"Head":{"Weight":1,"CFrame":[7.450580596923828e-8,-1.1292286217212677e-7,1.1920928955078126e-7,0.9983739256858826,-0.007688271813094616,-0.05648399889469147,-0.0020835716277360918,0.9852795004844666,-0.17093832790851594,0.05696675926446915,0.1707780510187149,0.9836613535881043],"EasingStyle":"Linear","EasingDirection":"Out"},"Torso":{"Weight":1,"CFrame":[0.07303139567375183,0.7621045112609863,-2.3394529819488527,0.9989496469497681,0.027001481503248216,0.03702018782496452,-0.03840113803744316,0.05255753919482231,0.9978792667388916,0.024998530745506288,-0.998252809047699,0.0535392202436924],"EasingStyle":"Linear","EasingDirection":"Out"},"HumanoidRootPart":{"Weight":0,"CFrame":[0,0,0,1,0,0,0,1,0,0,0,1],"EasingStyle":"Linear","EasingDirection":"In"},"Right Leg":{"Weight":1,"CFrame":[0.35050904750823977,-0.0022614002227783205,0.14748823642730714,0.9719840884208679,0.2042686641216278,-0.11628074944019318,-0.1973903477191925,0.9779636859893799,0.06800061464309693,0.1276087909936905,-0.04314282163977623,0.9908857941627502],"EasingStyle":"Linear","EasingDirection":"Out"}}},{"Time":0.1666666716337204,"poses":{"Left Leg":{"Weight":1,"CFrame":[-0.18019096553325654,0.09491240978240967,0.15771090984344483,0.9336464405059815,-0.13283368945121766,0.33265531063079836,0.06411774456501007,0.9756733775138855,0.20964333415031434,-0.35241061449050906,-0.1744036078453064,0.9194509983062744],"EasingStyle":"Linear","EasingDirection":"Out"},"Right Arm":{"Weight":1,"CFrame":[0.3082880973815918,-0.22589370608329774,0.03967154026031494,-0.6468080282211304,-0.029056044295430185,0.7620992064476013,0.7270081043243408,-0.32541579008102419,0.6046187281608582,0.23043133318424226,0.9451245069503784,0.2316053807735443],"EasingStyle":"Linear","EasingDirection":"Out"},"Left Arm":{"Weight":1,"CFrame":[-0.2347419410943985,0.37771129608154299,0.03403627872467041,-0.23630379140377046,0.970586895942688,-0.04606042429804802,-0.8002974987030029,-0.1675226092338562,0.5757259726524353,0.5510756969451904,0.17290811240673066,0.8163443207740784],"EasingStyle":"Linear","EasingDirection":"Out"},"Head":{"Weight":1,"CFrame":[9.499490261077881e-8,-1.57160684466362e-7,1.1920928955078126e-7,0.9983705282211304,-0.009516851976513863,-0.05626518651843071,-0.0015596727607771755,0.9810759425163269,-0.19361701607704163,0.05704304575920105,0.19338925182819367,0.9794624447822571],"EasingStyle":"Linear","EasingDirection":"Out"},"Torso":{"Weight":1,"CFrame":[0.07682715356349945,0.761883020401001,-2.3015799522399904,0.9986920952796936,0.030748315155506135,0.040848419070243838,-0.0425984188914299,0.05859246104955673,0.9973726868629456,0.02827412448823452,-0.9978083372116089,0.059825655072927478],"EasingStyle":"Linear","EasingDirection":"Out"},"HumanoidRootPart":{"Weight":0,"CFrame":[0,0,0,1,0,0,0,1,0,0,0,1],"EasingStyle":"Linear","EasingDirection":"In"},"Right Leg":{"Weight":1,"CFrame":[0.3428281843662262,-0.0032793283462524416,0.14815223217010499,0.974675714969635,0.19276230037212373,-0.11335735768079758,-0.18613068759441377,0.980269730091095,0.06653329730033875,0.12394591420888901,-0.04374918341636658,0.9913240671157837],"EasingStyle":"Linear","EasingDirection":"Out"}}},{"Time":0.18041667342185975,"poses":{"Left Leg":{"Weight":1,"CFrame":[-0.17290379106998444,0.09322047233581543,0.15553784370422364,0.9326421618461609,-0.10025481134653092,0.34659403562545779,0.0285950880497694,0.9781368374824524,0.20598706603050233,-0.35966771841049197,-0.1822013258934021,0.9151185154914856],"EasingStyle":"Linear","EasingDirection":"Out"},"Right Arm":{"Weight":1,"CFrame":[0.3022381663322449,-0.2163865566253662,0.03042471408843994,-0.6502314209938049,-0.01182086393237114,0.7596441507339478,0.7153574228286743,-0.346256285905838,0.6069353222846985,0.2558571994304657,0.9380654692649841,0.2336028516292572],"EasingStyle":"Linear","EasingDirection":"Out"},"Left Arm":{"Weight":1,"CFrame":[-0.19561895728111268,0.35545265674591067,0.024251818656921388,-0.22316250205039979,0.9741684794425964,-0.0345572829246521,-0.800911545753479,-0.16303440928459168,0.576160192489624,0.5556430816650391,0.15625466406345368,0.8166059255599976],"EasingStyle":"Linear","EasingDirection":"Out"},"Head":{"Weight":1,"CFrame":[7.82310962677002e-8,9.080395102500916e-8,1.1920928955078126e-7,0.9983674883842468,-0.011057649739086628,-0.05603685602545738,-0.0012753861956298352,0.9765211343765259,-0.21541768312454225,0.05710318312048912,0.2151375263929367,0.9749128818511963],"EasingStyle":"Linear","EasingDirection":"Out"},"Torso":{"Weight":1,"CFrame":[0.08035117387771607,0.7615447044372559,-2.263134479522705,0.9983774423599243,0.03585193306207657,0.04423906281590462,-0.04656388238072395,0.06683819741010666,0.9966766834259033,0.03277592733502388,-0.9971194863319397,0.06839915364980698],"EasingStyle":"Linear","EasingDirection":"Out"},"HumanoidRootPart":{"Weight":0,"CFrame":[0,0,0,1,0,0,0,1,0,0,0,1],"EasingStyle":"Linear","EasingDirection":"In"},"Right Leg":{"Weight":1,"CFrame":[0.33538952469825747,-0.004614472389221191,0.14891278743743897,0.9791792035102844,0.17064903676509858,-0.10994064062833786,-0.16429783403873444,0.984298825263977,0.06451364606618881,0.11922376602888107,-0.04510747641324997,0.9918422698974609],"EasingStyle":"Linear","EasingDirection":"Out"}}},{"Time":0.19458332657814027,"poses":{"Left Leg":{"Weight":1,"CFrame":[-0.16396355628967286,0.09014087915420532,0.1529937982559204,0.9296726584434509,-0.06136271730065346,0.36323997378349306,-0.013299361802637577,0.9797960519790649,0.1995566040277481,-0.36814647912979128,-0.19035324454307557,0.9100735783576965],"EasingStyle":"Linear","EasingDirection":"Out"},"Right Arm":{"Weight":1,"CFrame":[0.29564645886421206,-0.2042144238948822,0.0219651460647583,-0.6507707238197327,0.0017757621826604009,0.7592721581459045,0.7057656645774841,-0.3673390746116638,0.605769693851471,0.27998611330986025,0.9300854206085205,0.23780016601085664],"EasingStyle":"Linear","EasingDirection":"Out"},"Left Arm":{"Weight":1,"CFrame":[-0.15523658692836762,0.3299366235733032,0.01307368278503418,-0.21392150223255158,0.9765043258666992,-0.026016658172011377,-0.8024010062217712,-0.16046664118766786,0.5748070478439331,0.5571267604827881,0.1438392996788025,0.817875325679779],"EasingStyle":"Linear","EasingDirection":"Out"},"Head":{"Weight":1,"CFrame":[5.960464477539063e-8,-7.636845111846924e-8,2.384185791015625e-7,0.998365581035614,-0.01234186440706253,-0.05580153316259384,-0.0011951508931815625,0.9716809391975403,-0.23629379272460938,0.057137589901685718,0.2359742671251297,0.9700780510902405],"EasingStyle":"Linear","EasingDirection":"Out"},"Torso":{"Weight":1,"CFrame":[0.08354970812797547,0.7610735893249512,-2.2247440814971926,0.9979990124702454,0.042165111750364307,0.04711778089404106,-0.050262775272130969,0.07693056017160416,0.9957687258720398,0.03836190328001976,-0.9961444735527039,0.07889596372842789],"EasingStyle":"Linear","EasingDirection":"Out"},"HumanoidRootPart":{"Weight":0,"CFrame":[0,0,0,1,0,0,0,1,0,0,0,1],"EasingStyle":"Linear","EasingDirection":"In"},"Right Leg":{"Weight":1,"CFrame":[0.3282061219215393,-0.006214022636413574,0.14976263046264649,0.9845030307769775,0.1396239995956421,-0.10610757023096085,-0.13358385860919953,0.989091157913208,0.06208072602748871,0.11361812800168991,-0.04694445803761482,0.9924148321151733],"EasingStyle":"Linear","EasingDirection":"Out"}}},{"Time":0.2083333283662796,"poses":{"Left Leg":{"Weight":1,"CFrame":[-0.153741717338562,0.08592754602432251,0.15009760856628419,0.9241055250167847,-0.019267987459897996,0.38165128231048586,-0.05841374397277832,0.9798682332038879,0.19090862572193147,-0.37764641642570498,-0.19871340692043305,0.9043761491775513],"EasingStyle":"Linear","EasingDirection":"Out"},"Right Arm":{"Weight":1,"CFrame":[0.2895967960357666,-0.1900329887866974,0.01502084732055664,-0.6498077511787415,0.011302636936306954,0.760014533996582,0.6979477405548096,-0.387123703956604,0.6024982929229736,0.3010295033454895,0.9219585061073303,0.24366720020771027],"EasingStyle":"Linear","EasingDirection":"Out"},"Left Arm":{"Weight":1,"CFrame":[-0.1173287034034729,0.30442047119140627,0.0009114742279052734,-0.2074872851371765,0.9780611991882324,-0.01858198456466198,-0.8046573400497437,-0.15983735024929048,0.5718205571174622,0.5563052892684937,0.1335974484682083,0.8201682567596436],"EasingStyle":"Linear","EasingDirection":"Out"},"Head":{"Weight":1,"CFrame":[7.82310962677002e-8,-1.0244548320770264e-8,1.1920928955078126e-7,0.9983654022216797,-0.013400526717305184,-0.05555986985564232,-0.0012833098880946637,0.9666228890419006,-0.25620031356811526,0.05713866651058197,0.2558527886867523,0.9650256633758545],"EasingStyle":"Linear","EasingDirection":"Out"},"Torso":{"Weight":1,"CFrame":[0.08637556433677674,0.7604584693908691,-2.1870357990264894,0.9975504875183106,0.04950655996799469,0.04941834509372711,-0.05366518720984459,0.08848804980516434,0.9946305155754089,0.044867802411317828,-0.9948462247848511,0.09092807024717331],"EasingStyle":"Linear","EasingDirection":"Out"},"HumanoidRootPart":{"Weight":0,"CFrame":[0,0,0,1,0,0,0,1,0,0,0,1],"EasingStyle":"Linear","EasingDirection":"In"},"Right Leg":{"Weight":1,"CFrame":[0.3212791085243225,-0.008034586906433106,0.15069305896759034,0.9895965456962586,0.10150111466646195,-0.10196153074502945,-0.0957990363240242,0.9936293363571167,0.05935710668563843,0.10733680427074433,-0.04897177964448929,0.9930158853530884],"EasingStyle":"Linear","EasingDirection":"Out"}}},{"Time":0.22208333015441895,"poses":{"Left Leg":{"Weight":1,"CFrame":[-0.1426973044872284,0.0809624195098877,0.14691197872161866,0.915920615196228,0.022757068276405336,0.4007137715816498,-0.10342694818973541,0.9780554175376892,0.18086031079292298,-0.38780447840690615,-0.20709824562072755,0.8981748223304749],"EasingStyle":"Linear","EasingDirection":"Out"},"Right Arm":{"Weight":1,"CFrame":[0.2851722538471222,-0.17449933290481568,0.010320425033569336,-0.6487252116203308,0.016438361257314683,0.7608451247215271,0.6917178630828857,-0.40411069989204409,0.5985156893730164,0.3173043727874756,0.9145623445510864,0.2507860064506531],"EasingStyle":"Linear","EasingDirection":"Out"},"Left Arm":{"Weight":1,"CFrame":[-0.08562895655632019,0.2821616530418396,-0.011824309825897217,-0.20274539291858674,0.9791761040687561,-0.010413416661322117,-0.8075449466705322,-0.16117426753044129,0.5673571228981018,0.5538641214370728,0.12343820184469223,0.8234059810638428],"EasingStyle":"Linear","EasingDirection":"Out"},"Head":{"Weight":1,"CFrame":[8.940696716308594e-8,-5.681067705154419e-8,0,0.9983673095703125,-0.014264470897614956,-0.055310774594545367,-0.0015041138976812363,0.9614157676696777,-0.2750953435897827,0.05710073933005333,0.2747294008731842,0.9598246216773987],"EasingStyle":"Linear","EasingDirection":"Out"},"Torso":{"Weight":1,"CFrame":[0.08879385143518448,0.7596960067749023,-2.1506285667419435,0.9970278143882752,0.05766630545258522,0.05108988657593727,-0.05674527958035469,0.10112261772155762,0.9932543635368347,0.05211096256971359,-0.9932013154029846,0.10409434884786606],"EasingStyle":"Linear","EasingDirection":"Out"},"HumanoidRootPart":{"Weight":0,"CFrame":[0,0,0,1,0,0,0,1,0,0,0,1],"EasingStyle":"Linear","EasingDirection":"In"},"Right Leg":{"Weight":1,"CFrame":[0.3145989179611206,-0.01004171371459961,0.15169668197631837,0.9935153722763062,0.05827794224023819,-0.09762614220380783,-0.0529354102909565,0.997001051902771,0.056451257318258288,0.10062328726053238,-0.050917353481054309,0.9936208724975586],"EasingStyle":"Linear","EasingDirection":"Out"}}},{"Time":0.23624999821186067,"poses":{"Left Leg":{"Weight":1,"CFrame":[-0.13131195306777955,0.07572376728057862,0.1435476541519165,0.9057508111000061,0.06180534139275551,0.4192797541618347,-0.14538797736167909,0.9745880961418152,0.17041252553462983,-0.398092657327652,-0.2153095006942749,0.8917196989059448],"EasingStyle":"Linear","EasingDirection":"Out"},"Right Arm":{"Weight":1,"CFrame":[0.28345662355422976,-0.15826916694641114,0.008591651916503907,-0.6488688588142395,0.01694534346461296,0.7607114911079407,0.6869621872901917,-0.41684868931770327,0.5952480435371399,0.3271883726119995,0.9088179469108582,0.2588392496109009],"EasingStyle":"Linear","EasingDirection":"Out"},"Left Arm":{"Weight":1,"CFrame":[-0.06387092918157578,0.26641756296157839,-0.02472442388534546,-0.19858065247535706,0.9800844788551331,0.0003317743830848485,-0.8109174966812134,-0.16449494659900666,0.5615641474723816,0.5504348278045654,0.11124665290117264,0.8274331092834473],"EasingStyle":"Linear","EasingDirection":"Out"},"Head":{"Weight":1,"CFrame":[8.568167686462403e-8,-2.8870999813079835e-8,-1.1920928955078126e-7,0.9983713626861572,-0.014964238740503788,-0.05505145713686943,-0.001821843907237053,0.956129789352417,-0.29293763637542727,0.057019926607608798,0.2925608456134796,0.9545453786849976],"EasingStyle":"Linear","EasingDirection":"Out"},"Torso":{"Weight":1,"CFrame":[0.09078709781169892,0.7587943077087402,-2.116124391555786,0.9964309334754944,0.06641235947608948,0.052103396505117419,-0.05948112532496452,0.11444650590419769,0.9916471242904663,0.05989457294344902,-0.9912070631980896,0.11798832565546036],"EasingStyle":"Linear","EasingDirection":"Out"},"HumanoidRootPart":{"Weight":0,"CFrame":[0,0,0,1,0,0,0,1,0,0,0,1],"EasingStyle":"Linear","EasingDirection":"In"},"Right Leg":{"Weight":1,"CFrame":[0.30815061926841738,-0.01220846176147461,0.15276837348937989,0.9955699443817139,0.012145628221333027,-0.09323630481958389,-0.007176138460636139,0.9985446333885193,0.05345214158296585,0.09374991059303284,-0.05254631116986275,0.9942081570625305],"EasingStyle":"Linear","EasingDirection":"Out"}}},{"Time":0.25,"poses":{"Left Leg":{"Weight":1,"CFrame":[-0.12000694870948792,0.07071137428283692,0.14015698432922364,0.8946865200996399,0.09570449590682984,0.4363217055797577,-0.18209418654441834,0.9700757265090942,0.16060762107372285,-0.4078943133354187,-0.22314511239528657,0.8853409290313721],"EasingStyle":"Linear","EasingDirection":"Out"},"Right Arm":{"Weight":1,"CFrame":[0.28636664152145388,-0.14193561673164369,0.010227322578430176,-0.6498751640319824,0.015244772657752037,0.7598879337310791,0.6834693551063538,-0.42561832070350649,0.5930588841438294,0.3324633538722992,0.9047743678092957,0.2661794126033783],"EasingStyle":"Linear","EasingDirection":"Out"},"Left Arm":{"Weight":1,"CFrame":[-0.05578844994306564,0.2604459524154663,-0.03737884759902954,-0.19388355314731599,0.9809018969535828,0.015511002391576767,-0.8146328330039978,-0.16978856921195985,0.5545676946640015,0.5466100573539734,0.09488566219806671,0.8319939970970154],"EasingStyle":"Linear","EasingDirection":"Out"},"Head":{"Weight":1,"CFrame":[8.940696716308594e-8,7.078051567077637e-8,1.1920928955078126e-7,0.998377799987793,-0.015530222095549107,-0.05477761849761009,-0.0022008889354765417,0.9508354663848877,-0.30968862771987917,0.056894030421972278,0.30930688977241518,0.9492588639259338],"EasingStyle":"Linear","EasingDirection":"Out"},"Torso":{"Weight":1,"CFrame":[0.09235963225364685,0.7577762603759766,-2.0841054916381838,0.9957651495933533,0.07549842447042465,0.052457090467214587,-0.061855390667915347,0.12807773053646089,0.9898332953453064,0.06801226735115051,-0.988886296749115,0.13220533728599549],"EasingStyle":"Linear","EasingDirection":"Out"},"HumanoidRootPart":{"Weight":0,"CFrame":[0,0,0,1,0,0,0,1,0,0,0,1],"EasingStyle":"Linear","EasingDirection":"In"},"Right Leg":{"Weight":1,"CFrame":[0.30192244052886965,-0.014514684677124024,0.15390348434448243,0.9954380989074707,-0.03456635773181915,-0.08892746269702912,0.03916022554039955,0.9979588389396668,0.050443753600120547,0.08700235188007355,-0.05369606986641884,0.9947599172592163],"EasingStyle":"Linear","EasingDirection":"Out"}}},{"Time":0.26374998688697817,"poses":{"Left Leg":{"Weight":1,"CFrame":[-0.10908636450767517,0.06637680530548096,0.13690519332885743,0.883966863155365,0.12311695516109467,0.45104849338531496,-0.21219469606876374,0.9652736783027649,0.1523815542459488,-0.4166245758533478,-0.23041029274463654,0.8793947696685791],"EasingStyle":"Linear","EasingDirection":"Out"},"Right Arm":{"Weight":1,"CFrame":[0.294345885515213,-0.12583988904953004,0.014755487442016602,-0.6505165100097656,0.013373940251767636,0.7593742609024048,0.6808027625083923,-0.4329250156879425,0.5908330678939819,0.