{"Sequence":[{"Time":0,"poses":{"Left Leg":{"Weight":1,"CFrame":[-0.5543094873428345,0.1606811285018921,0.0997389554977417,0.9927670955657959,-0.05567813292145729,0.10636463761329651,0.06467211246490479,0.9944430589675903,-0.08306926488876343,-0.10114847868680954,0.08934727311134339,0.9908511638641357],"EasingStyle":"Linear","EasingDirection":"In"},"Right Arm":{"Weight":1,"CFrame":[0.5351459980010986,-0.5616269707679749,-0.06855791807174683,0.04807010293006897,-0.68045973777771,0.7312071919441223,0.9949923753738403,0.09684731066226959,0.024714237079024316,-0.08763247728347779,0.7263574600219727,0.6817075610160828],"EasingStyle":"Linear","EasingDirection":"In"},"Left Arm":{"Weight":1,"CFrame":[-1.051395297050476,-0.43755602836608889,-0.6070728898048401,-0.8937478065490723,0.4479829668998718,-0.02293497510254383,-0.19520486891269685,-0.34239116311073305,0.919055700302124,0.4038686752319336,0.8258810639381409,0.3934597671031952],"EasingStyle":"Linear","EasingDirection":"In"},"Head":{"Weight":1,"CFrame":[1.019798219203949e-7,4.493631422519684e-8,-2.980232238769531e-7,1,-7.706694304943085e-8,9.348150342702866e-8,6.426126475389538e-8,0.9892818927764893,0.14601849019527436,-9.732322325817222e-8,-0.14601846039295197,0.9892818331718445],"EasingStyle":"Linear","EasingDirection":"In"},"Torso":{"Weight":1,"CFrame":[-0.03897903859615326,-0.038195669651031497,-0.1826188564300537,0.9985986351966858,0.020656723529100419,-0.04872388020157814,-0.029995011165738107,0.9794360399246216,-0.19951282441616059,0.04360064119100571,0.2006947100162506,0.9786831140518189],"EasingStyle":"Linear","EasingDirection":"In"},"HumanoidRootPart":{"Weight":0,"CFrame":[0,0,0,1,0,0,0,1,0,0,0,1],"EasingStyle":"Linear","EasingDirection":"In"},"Right Leg":{"Weight":1,"CFrame":[0.5632901787757874,0.27714210748672488,0.04034221172332764,0.9948598742485046,0.0440208725631237,-0.09119231253862381,-0.041109319776296619,0.9985907077789307,0.03356452286243439,0.0925413966178894,-0.029643159359693528,0.9952675104141235],"EasingStyle":"Linear","EasingDirection":"In"}}},{"Time":0.03333333507180214,"poses":{"Left Leg":{"Weight":1,"CFrame":[-0.558688223361969,0.12964099645614625,0.07222867012023926,0.9937587380409241,-0.06720978766679764,0.08903063088655472,0.07196830958127976,0.9960837364196777,-0.0513593889772892,-0.08523014932870865,0.05744628608226776,0.9947038292884827],"EasingStyle":"Linear","EasingDirection":"In"},"Right Arm":{"Weight":1,"CFrame":[0.5384260416030884,-0.5709750056266785,-0.07835930585861206,0.1024218499660492,-0.7304048538208008,0.6752914190292358,0.9884791970252991,0.15078337490558625,0.013166015967726708,-0.11143916845321655,0.6661630272865295,0.7374334931373596],"EasingStyle":"Linear","EasingDirection":"In"},"Left Arm":{"Weight":1,"CFrame":[-1.0506336688995362,-0.44045746326446535,-0.6772726774215698,-0.8972676992416382,0.4403039515018463,-0.03229481726884842,-0.20556387305259705,-0.3519272804260254,0.9131761789321899,0.390709787607193,0.8260021805763245,0.40628355741500857],"EasingStyle":"Linear","EasingDirection":"In"},"Head":{"Weight":1,"CFrame":[8.35862010717392e-8,-1.1354131856933236e-8,-1.1920928955078126e-7,0.9999440908432007,0.008869266137480736,-0.0057587274350225929,-0.00801050290465355,0.9908073544502258,0.13504305481910706,0.006903523579239845,-0.13498938083648683,0.990822970867157],"EasingStyle":"Linear","EasingDirection":"In"},"Torso":{"Weight":1,"CFrame":[-0.02337823063135147,-0.014377892017364502,-0.13054347038269044,0.9996259808540344,-0.0009083445183932781,-0.027332887053489686,-0.0038467564154416324,0.9848415851593018,-0.17341351509094239,0.027076082304120065,0.17345379292964936,0.9844697117805481],"EasingStyle":"Linear","EasingDirection":"In"},"HumanoidRootPart":{"Weight":0,"CFrame":[0,0,0,1,0,0,0,1,0,0,0,1],"EasingStyle":"Linear","EasingDirection":"In"},"Right Leg":{"Weight":1,"CFrame":[0.5578334927558899,0.1899678111076355,0.06658637523651123,0.9911743402481079,0.07372923195362091,-0.11016970872879029,-0.07329517602920532,0.9972782731056213,0.007990784011781216,0.1104590967297554,0.00015464634634554386,0.9938806891441345],"EasingStyle":"Linear","EasingDirection":"In"}}},{"Time":0.06666667014360428,"poses":{"Left Leg":{"Weight":1,"CFrame":[-0.5628641247749329,0.11655378341674805,0.04923427104949951,0.9945395588874817,-0.07497518509626389,0.07259306311607361,0.07673457264900208,0.9968141913414002,-0.021754944697022439,-0.07073075324296951,0.0272065419703722,0.9971243739128113],"EasingStyle":"Linear","EasingDirection":"In"},"Right Arm":{"Weight":1,"CFrame":[0.5429901480674744,-0.5950840711593628,-0.09271544218063355,0.16027940809726716,-0.8265230059623718,0.5396019220352173,0.9782733917236328,0.20584096014499665,0.024712780490517618,-0.1314978450536728,0.5239171981811523,0.841557502746582],"EasingStyle":"Linear","EasingDirection":"In"},"Left Arm":{"Weight":1,"CFrame":[-1.048729658126831,-0.44771119952201846,-0.7247769832611084,-0.8986310362815857,0.437132328748703,-0.03711517155170441,-0.21592968702316285,-0.3670741021633148,0.9047822952270508,0.3818856179714203,0.8210797309875488,0.42425402998924258],"EasingStyle":"Linear","EasingDirection":"In"},"Head":{"Weight":1,"CFrame":[8.754432201385498e-8,3.026798367500305e-9,0,0.9997525811195374,0.021018709987401964,-0.00728152971714735,-0.02010141871869564,0.9938490986824036,0.10890330374240875,0.00952574610710144,-0.1087300106883049,0.994025707244873],"EasingStyle":"Linear","EasingDirection":"In"},"Torso":{"Weight":1,"CFrame":[-0.012448946014046669,0.011175543069839478,-0.0980386734008789,0.9997408390045166,-0.021140022203326227,-0.008446013554930687,0.019623899832367898,0.9883475303649902,-0.15094392001628877,0.011538554914295674,0.15073905885219575,0.9885062575340271],"EasingStyle":"Linear","EasingDirection":"In"},"HumanoidRootPart":{"Weight":0,"CFrame":[0,0,0,1,0,0,0,1,0,0,0,1],"EasingStyle":"Linear","EasingDirection":"In"},"Right Leg":{"Weight":1,"CFrame":[0.5464838147163391,0.12502199411392213,0.08702874183654785,0.9872744083404541,0.09480665624141693,-0.12767499685287476,-0.09768988937139511,0.9950801730155945,-0.01649816520512104,0.12548278272151948,0.028760796412825586,0.9916788339614868],"EasingStyle":"Linear","EasingDirection":"In"}}},{"Time":0.10000000149011612,"poses":{"Left Leg":{"Weight":1,"CFrame":[-0.5681143403053284,0.11737895011901856,0.029217839241027833,0.9952548146247864,-0.07853557169437409,0.05744544044137001,0.07834085822105408,0.9969106912612915,0.005637118127197027,-0.05771072953939438,-0.0011100162519142032,0.9983327388763428],"EasingStyle":"Linear","EasingDirection":"In"},"Right Arm":{"Weight":1,"CFrame":[0.5481864213943481,-0.6280492544174194,-0.11046969890594483,0.21494704484939576,-0.9082577228546143,0.3589787781238556,0.9666466116905212,0.2502685487270355,0.05440564081072807,-0.13925544917583466,0.33531108498573305,0.9317587018013],"EasingStyle":"Linear","EasingDirection":"In"},"Left Arm":{"Weight":1,"CFrame":[-1.0462545156478882,-0.45714178681373598,-0.7540148496627808,-0.8986007571220398,0.43706274032592776,-0.038637034595012668,-0.22547557950019837,-0.38444140553474429,0.8951902985572815,0.3764006793498993,0.8131303191184998,0.4440062642097473],"EasingStyle":"Linear","EasingDirection":"In"},"Head":{"Weight":1,"CFrame":[8.521601557731629e-8,4.7140929382294419e-8,2.384185791015625e-7,0.9993372559547424,0.035450562834739688,-0.008264387026429177,-0.03470374271273613,0.996379017829895,0.07761743664741516,0.010986045002937317,-0.0772792175412178,0.9969489574432373],"EasingStyle":"Linear","EasingDirection":"In"},"Torso":{"Weight":1,"CFrame":[-0.005539692938327789,0.03563085198402405,-0.08052611351013184,0.9991775751113892,-0.03973448649048805,0.008084042929112912,0.04045800864696503,0.9902459979057312,-0.13332651555538178,-0.002707530278712511,0.1335439383983612,0.9910392165184021],"EasingStyle":"Linear","EasingDirection":"In"},"HumanoidRootPart":{"Weight":0,"CFrame":[0,0,0,1,0,0,0,1,0,0,0,1],"EasingStyle":"Linear","EasingDirection":"In"},"Right Leg":{"Weight":1,"CFrame":[0.534553050994873,0.07848554849624634,0.1036529541015625,0.9836634397506714,0.10879949480295181,-0.14341865479946137,-0.11560516804456711,0.9924902319908142,-0.03998173773288727,0.13799166679382325,0.05590847507119179,0.988854169845581],"EasingStyle":"Linear","EasingDirection":"In"}}},{"Time":0.13333334028720857,"poses":{"Left Leg":{"Weight":1,"CFrame":[-0.5731097459793091,0.12818431854248048,0.011142849922180176,0.996103048324585,-0.07645289599895477,0.04397329315543175,0.07514277845621109,0.9966996312141419,0.030714040622115136,-0.04617636278271675,-0.02729003317654133,0.9985604882240295],"EasingStyle":"Linear","EasingDirection":"In"},"Right Arm":{"Weight":1,"CFrame":[0.5533632636070252,-0.6639665961265564,-0.13046586513519288,0.25470685958862307,-0.9466321468353272,0.1975143551826477,0.9573401212692261,0.2756669223308563,0.08664686977863312,-0.13647092878818513,0.1670188307762146,0.9764631986618042],"EasingStyle":"Linear","EasingDirection":"In"},"Left Arm":{"Weight":1,"CFrame":[-1.0437793731689454,-0.46657222509384158,-0.7694154381752014,-0.8978342413902283,0.4386833906173706,-0.03808499872684479,-0.2333885282278061,-0.40074998140335085,0.8859623670578003,0.37339451909065249,0.8043359518051148,0.4621906876564026],"EasingStyle":"Linear","EasingDirection":"In"},"Head":{"Weight":1,"CFrame":[8.870847523212433e-8,-5.774199962615967e-8,0,0.9986241459846497,0.051020197570323947,-0.012114348821341992,-0.05033397302031517,0.9974067807197571,0.05144080892205238,0.014707454480230809,-0.05076025426387787,0.998602569103241],"EasingStyle":"Linear","EasingDirection":"In"},"Torso":{"Weight":1,"CFrame":[-0.0019510835409164429,0.05622148513793945,-0.07342839241027832,0.9981533885002136,-0.05643678456544876,0.022464461624622346,0.058761466294527057,0.9908260107040405,-0.12169986963272095,-0.015390024520456791,0.12279517948627472,0.9923126697540283],"EasingStyle":"Linear","EasingDirection":"In"},"HumanoidRootPart":{"Weight":0,"CFrame":[0,0,0,1,0,0,0,1,0,0,0,1],"EasingStyle":"Linear","EasingDirection":"In"},"Right Leg":{"Weight":1,"CFrame":[0.5236172676086426,0.046441733837127689,0.11769413948059082,0.9807910919189453,0.11561997979879379,-0.1571013480424881,-0.12671832740306855,0.989965558052063,-0.06253507733345032,0.14829467236995698,0.0812414139509201,0.9856005907058716],"EasingStyle":"Linear","EasingDirection":"In"}}},{"Time":0.1666666716337204,"poses":{"Left Leg":{"Weight":1,"CFrame":[-0.5753138661384583,0.1450655460357666,-0.005400955677032471,0.9972232580184937,-0.0669851303100586,0.03253796324133873,0.06519299745559693,0.9964467883110046,0.05332586541771889,-0.035994432866573337,-0.05105659365653992,0.9980469346046448],"EasingStyle":"Linear","EasingDirection":"In"},"Right Arm":{"Weight":1,"CFrame":[0.5578680634498596,-0.6969319581985474,-0.15154755115509034,0.2696492373943329,-0.9543192386627197,0.12870146334171296,0.953697919845581,0.283151239156723,0.10141836106777191,-0.13322751224040986,0.09539484977722168,0.9864837527275086],"EasingStyle":"Linear","EasingDirection":"In"},"Left Arm":{"Weight":1,"CFrame":[-1.0418756008148194,-0.47382622957229617,-0.7754077911376953,-0.8969396352767944,0.44062328338623049,-0.03674928471446037,-0.23881158232688905,-0.41282203793525698,0.8789466023445129,0.37211334705352785,0.7971380949020386,0.47550228238105776],"EasingStyle":"Linear","EasingDirection":"In"},"Head":{"Weight":1,"CFrame":[9.546056389808655e-8,-1.1175870895385743e-8,1.1920928955078126e-7,0.9975464344024658,0.06650999933481217,-0.021852903068065645,-0.06558073312044144,0.9970129728317261,0.04079568386077881,0.02450094372034073,-0.03926245868206024,0.9989284873008728],"EasingStyle":"Linear","EasingDirection":"In"},"Torso":{"Weight":1,"CFrame":[-0.0009581148624420166,0.07023632526397705,-0.07222509384155274,0.9968615174293518,-0.07104004919528961,0.03493444249033928,0.07467763870954514,0.9903045296669006,-0.11713307350873947,-0.02627459168434143,0.11937427520751953,0.9925016164779663],"EasingStyle":"Linear","EasingDirection":"In"},"HumanoidRootPart":{"Weight":0,"CFrame":[0,0,0,1,0,0,0,1,0,0,0,1],"EasingStyle":"Linear","EasingDirection":"In"},"Right Leg":{"Weight":1,"CFrame":[0.5129244327545166,0.02512913942337036,0.1296095848083496,0.9790706038475037,0.11425326019525528,-0.16842474043369294,-0.12977035343647004,0.9879652857780457,-0.08416838943958283,0.15678133070468903,0.1042633056640625,0.9821144342422485],"EasingStyle":"Linear","EasingDirection":"In"}}},{"Time":0.20000000298023225,"poses":{"Left Leg":{"Weight":1,"CFrame":[-0.5722425580024719,0.16571688652038575,-0.020275115966796876,0.9985700249671936,-0.04800525680184364,0.023525290191173555,0.04616960138082504,0.9962494373321533,0.07318069040775299,-0.026950174942612649,-0.07198992371559143,0.9970412254333496],"EasingStyle":"Linear","EasingDirection":"In"},"Right Arm":{"Weight":1,"CFrame":[0.5610491037368774,-0.7210410237312317,-0.17255854606628419,0.25561270117759707,-0.9493851065635681,0.1825653314590454,0.9582855701446533,0.27378514409065249,0.08203922212123871,-0.1278705596923828,0.15397942066192628,0.979764997959137],"EasingStyle":"Linear","EasingDirection":"In"},"Left Arm":{"Weight":1,"CFrame":[-1.0411137342453004,-0.47672852873802187,-0.7764210104942322,-0.8965098261833191,0.4415590465068817,-0.03599535673856735,-0.24083007872104646,-0.41754037141799929,0.876162588596344,0.37184813618659975,0.7941572070121765,0.4806697368621826],"EasingStyle":"Linear","EasingDirection":"In"},"Head":{"Weight":1,"CFrame":[7.916241884231568e-8,-2.2351741790771486e-8,-3.5762786865234377e-7,0.9959051609039307,0.0809638723731041,-0.04022207483649254,-0.07907034456729889,0.99577796459198,0.04662792384624481,0.043827421963214877,-0.04325660690665245,0.9981021881103516],"EasingStyle":"Linear","EasingDirection":"In"},"Torso":{"Weight":1,"CFrame":[-0.0018172860145568848,0.07441392540931702,-0.0739750862121582,0.9954703450202942,-0.08333742618560791,0.04575629159808159,0.08834712952375412,0.9886662364006043,-0.12138324230909348,-0.03512192890048027,0.12487585097551346,0.9915505647659302],"EasingStyle":"Linear","EasingDirection":"In"},"HumanoidRootPart":{"Weight":0,"CFrame":[0,0,0,1,0,0,0,1,0,0,0,1],"EasingStyle":"Linear","EasingDirection":"In"},"Right Leg":{"Weight":1,"CFrame":[0.501103937625885,0.012586414813995362,0.13945555686950684,0.9788215160369873,0.10286924242973328,-0.1769925206899643,-0.12269130349159241,0.9868814945220947,-0.10493697226047516,0.16387590765953065,0.12443000078201294,0.9786019921302795],"EasingStyle":"Linear","EasingDirection":"In"}}},{"Time":0.23333333432674409,"poses":{"Left Leg":{"Weight":1,"CFrame":[-0.5670584440231323,0.19293880462646485,-0.033545076847076419,0.9995642900466919,-0.023929836228489877,0.017278136685490609,0.02227550931274891,0.9956651329994202,0.09030357748270035,-0.019364221021533014,-0.08987931907176972,0.9957643747329712],"EasingStyle":"Linear","EasingDirection":"In"},"Right Arm":{"Weight":1,"CFrame":[0.5622543096542358,-0.7303892374038696,-0.19234228134155274,0.22131705284118653,-0.9220255017280579,0.3176283538341522,0.9689322113990784,0.2447773963212967,0.03541772812604904,-0.11040431261062622,0.2999216616153717,0.9475535750389099],"EasingStyle":"Linear","EasingDirection":"In"},"Left Arm":{"Weight":1,"CFrame":[-1.0438742637634278,-0.4747176766395569,-0.7547305822372437,-0.894537627696991,0.4458157420158386,-0.03241654857993126,-0.2319505214691162,-0.4009720981121063,0.8862395286560059,0.3821013271808624,0.800293505191803,0.4620916545391083],"EasingStyle":"Linear","EasingDirection":"In"},"Head":{"Weight":1,"CFrame":[7.869675755500794e-8,1.3969838619232178e-9,2.384185791015625e-7,0.9935170412063599,0.09378994256258011,-0.06424424052238465,-0.08998522907495499,0.9941485524177551,0.05976051092147827,0.0694732517004013,-0.053592048585414889,0.9961432218551636],"EasingStyle":"Linear","EasingDirection":"In"},"Torso":{"Weight":1,"CFrame":[-0.003899291157722473,0.06746882200241089,-0.08255243301391602,0.9941267967224121,-0.09317426383495331,0.055049628019332889,0.09981613606214524,0.9859771728515625,-0.13373751938343049,-0.04181678220629692,0.1384468823671341,0.9894866347312927],"EasingStyle":"Linear","EasingDirection":"In"},"HumanoidRootPart":{"Weight":0,"CFrame":[0,0,0,1,0,0,0,1,0,0,0,1],"EasingStyle":"Linear","EasingDirection":"In"},"Right Leg":{"Weight":1,"CFrame":[0.4923604428768158,0.01130366325378418,0.14861547946929933,0.9794125556945801,0.08622115105390549,-0.1825293004512787,-0.11002499610185623,0.9860915541648865,-0.12457112222909928,0.1692499965429306,0.14208927750587464,0.9752769470214844],"EasingStyle":"Linear","EasingDirection":"In"}}},{"Time":0.2666666805744171,"poses":{"Left Leg":{"Weight":1,"CFrame":[-0.5636069774627686,0.2311955690383911,-0.04585474729537964,0.9999033808708191,-0.00064464210299775,0.013885172083973885,-0.0008147437474690378,0.9944885969161987,0.10484186559915543,-0.013876252807676793,-0.10484308004379273,0.9943919777870178],"EasingStyle":"Linear","EasingDirection":"In"},"Right Arm":{"Weight":1,"CFrame":[0.5619564652442932,-0.7146091461181641,-0.20974266529083253,0.18016664683818818,-0.8542864322662354,0.48758062720298769,0.9804217219352722,0.1960039734840393,-0.01886005699634552,-0.07945585250854492,0.48143237829208376,0.8728742599487305],"EasingStyle":"Linear","EasingDirection":"In"},"Left Arm":{"Weight":1,"CFrame":[-1.0504568815231324,-0.46947869658470156,-0.7007675170898438,-0.8898726105690002,0.45558488368988039,-0.023858005180954934,-0.209275484085083,-0.3611808717250824,0.9087091088294983,0.40537700057029726,0.8136281967163086,0.41674762964248659],"EasingStyle":"Linear","EasingDirection":"In"},"Head":{"Weight":1,"CFrame":[1.043081283569336e-7,6.51925802230835e-9,2.384185791015625e-7,0.9906260967254639,0.10431067645549774,-0.08819962292909622,-0.09778658300638199,0.9923532009124756,0.07531879842281342,0.09538174420595169,-0.06598802655935288,0.9932512044906616],"EasingStyle":"Linear","EasingDirection":"In"},"Torso":{"Weight":1,"CFrame":[-0.006713345646858215,0.05193960666656494,-0.10377240180969238,0.9929534792900086,-0.10052115470170975,0.06276081502437592,0.10903149843215943,0.9824241995811462,-0.15150834619998933,-0.046427953988313678,0.15728363394737245,0.9864615201950073],"EasingStyle":"Linear","EasingDirection":"In"},"HumanoidRootPart":{"Weight":0,"CFrame":[0,0,0,1,0,0,0,1,0,0,0,1],"EasingStyle":"Linear","EasingDirection":"In"},"Right Leg":{"Weight":1,"CFrame":[0.4914007782936096,0.02510833740234375,0.15909361839294434,0.9801963567733765,0.07064587622880936,-0.18499776721000672,-0.09791625291109085,0.9849123954772949,-0.14268848299980164,0.17212627828121186,0.15797698497772218,0.9723249673843384],"EasingStyle":"Linear","EasingDirection":"In"}}},{"Time":0.30000001192092898,"poses":{"Left Leg":{"Weight":1,"CFrame":[-0.5626610517501831,0.2855294346809387,-0.05819106101989746,0.999740481376648,0.01852782815694809,0.01325692143291235,-0.019952064380049707,0.9929429292678833,0.1169026792049408,-0.010997469536960125,-0.11713682860136032,0.9930548667907715],"EasingStyle":"Linear","EasingDirection":"In"},"Right Arm":{"Weight":1,"CFrame":[0.561225950717926,-0.6798929572105408,-0.22360306978225709,0.14524981379508973,-0.7531610131263733,0.6416004300117493,0.9885578155517578,0.13714717328548432,-0.06280242651700974,-0.04069327190518379,0.6433809995651245,0.7644637227058411],"EasingStyle":"Linear","EasingDirection":"In"},"Left Arm":{"Weight":1,"CFrame":[-1.0583137273788453,-0.46219807863235476,-0.6311943531036377,-0.8845301270484924,0.4662919342517853,-0.01335166022181511,-0.17930030822753907,-0.31342095136642458,0.9325335025787354,0.43064817786216738,0.8272479176521301,0.3608365058898926],"EasingStyle":"Linear","EasingDirection":"In"},"Head":{"Weight":1,"CFrame":[6.146728992462158e-8,8.381903171539307e-9,2.384185791015625e-7,0.9880326390266419,0.1115356832742691,-0.1065421774983406,-0.10232789814472199,0.990822970867157,0.08831074088811875,0.11541424691677094,-0.07635165750980377,0.9903786778450012],"EasingStyle":"Linear","EasingDirection":"In"},"Torso":{"Weight":1,"CFrame":[-0.009839162230491639,0.032083332538604739,-0.14339566230773927,0.9920481443405151,-0.10542356967926026,0.06874818354845047,0.11587774008512497,0.9782571792602539,-0.17200350761413575,-0.049120184034109119,0.17860214412212373,0.9826945066452026],"EasingStyle":"Linear","EasingDirection":"In"},"HumanoidRootPart":{"Weight":0,"CFrame":[0,0,0,1,0,0,0,1,0,0,0,1],"EasingStyle":"Linear","EasingDirection":"In"},"Right Leg":{"Weight":1,"CFrame":[0.4996684491634369,0.05854606628417969,0.1726306676864624,0.981009840965271,0.0599360316991806,-0.18446487188339234,-0.08997954428195954,0.9831571578979492,-0.1590775102376938,0.17182351648807527,0.1726546436548233,0.9698799252510071],"EasingStyle":"Linear","EasingDirection":"In"}}},{"Time":0.3333333432674408,"poses":{"Left Leg":{"Weight":1,"CFrame":[-0.5654736757278442,0.46980202198028567,-0.08850955963134766,0.9997180104255676,0.01541054341942072,0.0180662851780653,-0.017685217782855035,0.990906298160553,0.13338620960712434,-0.015846479684114457,-0.13366812467575074,0.9908994436264038],"EasingStyle":"Linear","EasingDirection":"In"},"Right Arm":{"Weight":1,"CFrame":[0.5603073835372925,-0.6451772451400757,-0.23276734352111817,0.12379124015569687,-0.6568858623504639,0.743758499622345,0.992283046245575,0.08728813380002976,-0.08806309849023819,-0.007073806133121252,0.7489203810691834,0.6626222133636475],"EasingStyle":"Linear","EasingDirection":"In"},"Left Arm":{"Weight":1,"CFrame":[-1.0648963451385499,-0.4540630877017975,-0.5626735091209412,-0.8810458183288574,0.47302117943763735,-0.0030297308694571258,-0.15030284225940705,-0.27386853098869326,0.9499500393867493,0.44851675629615786,0.8374049067497253,0.312387079000473],"EasingStyle":"Linear","EasingDirection":"In"},"Head":{"Weight":1,"CFrame":[9.499490261077881e-8,7.543712854385376e-8,0,0.9869085550308228,0.11422769725322724,-0.11385739594697952,-0.10379072278738022,0.9901717901229858,0.09374089539051056,0.12344617396593094,-0.08069632947444916,0.9890647530555725],"EasingStyle":"Linear","EasingDirection":"In"},"Torso":{"Weight":1,"CFrame":[-0.01289762556552887,0.010757029056549073,-0.3160395622253418,0.9914821982383728,-0.10798371583223343,0.07281860709190369,0.12020990997552872,0.9738970398902893,-0.1925463229417801,-0.050125960260629657,0.19965976476669312,0.9785823225975037],"EasingStyle":"Linear","EasingDirection":"In"},"HumanoidRootPart":{"Weight":0,"CFrame":[0,0,0,1,0,0,0,1,0,0,0,1],"EasingStyle":"Linear","EasingDirection":"In"},"Right Leg":{"Weight":1,"CFrame":[0.5410717725753784,0.21181023120880128,0.21466052532196046,0.9804359674453735,0.08401650935411453,-0.17800705134868623,-0.11648527532815933,0.9766289591789246,-0.18062959611415864,0.15867099165916444,0.19783098995685578,0.9673088788986206],"EasingStyle":"Linear","EasingDirection":"In"}}},{"Time":0.36666667461395266,"poses":{"Left Leg":{"Weight":1,"CFrame":[-0.5049906969070435,0.6242737770080566,-0.11866331100463867,0.9987118244171143,0.04392028972506523,0.025410477072000505,-0.04720252752304077,0.987909197807312,0.1476730853319168,-0.018617425113916398,-0.14868229627609254,0.9887097477912903],"EasingStyle":"Linear","EasingDirection":"In"},"Right Arm":{"Weight":1,"CFrame":[0.5594452023506165,-0.6293969750404358,-0.23607909679412843,0.11652405560016632,-0.6149597764015198,0.7799018025398254,0.9931629300117493,0.06658482551574707,-0.09588439017534256,0.0070354873314499859,0.7857422828674316,0.618513822555542],"EasingStyle":"Linear","EasingDirection":"In"},"Left Arm":{"Weight":1,"CFrame":[-1.0676571130752564,-0.4462602734565735,-0.511867344379425,-0.8823999166488648,0.4704644978046417,0.005789790768176317,-0.1318819522857666,-0.25913169980049136,0.9567956924438477,0.45163869857788088,0.8435128331184387,0.29070350527763369],"EasingStyle":"Linear","EasingDirection":"In"},"Head":{"Weight":1,"CFrame":[7.264316082000733e-8,-1.909211277961731e-8,2.384185791015625e-7,0.987442135810852,0.110514335334301,-0.1128922626376152,-0.10018052160739899,0.9905710220336914,0.09345032274723053,0.12215539067983628,-0.08096717298030853,0.9892029166221619],"EasingStyle":"Linear","EasingDirection":"In"},"Torso":{"Weight":1,"CFrame":[-0.01552264392375946,-0.0092087984085083,-0.46472668647766116,0.9912989139556885,-0.10833775252103806,0.07476259768009186,0.12188168615102768,0.9699676632881165,-0.21049362421035767,-0.0497129000723362,0.21777428686618806,0.9747322797775269],"EasingStyle":"Linear","EasingDirection":"In"},"HumanoidRootPart":{"Weight":0,"CFrame":[0,0,0,1,0,0,0,1,0,0,0,1],"EasingStyle":"Linear","EasingDirection":"In"},"Right Leg":{"Weight":1,"CFrame":[0.5203661322593689,0.3479834198951721,0.24509012699127198,0.9828208684921265,0.07429341971874237,-0.16894841194152833,-0.10793106257915497,0.9739161133766174,-0.19959545135498048,0.14971297979354859,0.21440131962299348,0.9652036428451538],"EasingStyle":"Linear","EasingDirection":"In"}}},{"Time":0.4000000059604645,"poses":{"Left Leg":{"Weight":1,"CFrame":[-0.5199544429779053,0.5670958757400513,-0.10312533378601074,0.9984124898910523,0.04844016209244728,0.028740836307406427,-0.052039992064237598,0.9885427951812744,0.14168614149093629,-0.021548284217715265,-0.14295685291290284,0.9894943237304688],"EasingStyle":"Linear","EasingDirection":"In"},"Right Arm":{"Weight":1,"CFrame":[0.5588093400001526,-0.629957914352417,-0.23016327619552613,0.1099608913064003,-0.6608256101608276,0.7424407005310059,0.993935763835907,0.07353268563747406,-0.0817599818110466,-0.0005645231576636434,0.7469286918640137,0.6649038791656494],"EasingStyle":"Linear","EasingDirection":"In"},"Left Arm":{"Weight":1,"CFrame":[-1.0662450790405274,-0.4397750496864319,-0.48332953453063967,-0.8953492045402527,0.44519269466400149,0.012380965054035187,-0.12080555409193039,-0.2695275843143463,0.9553852677345276,0.42866748571395876,0.8539077043533325,0.29510292410850527],"EasingStyle":"Linear","EasingDirection":"In"},"Head":{"Weight":1,"CFrame":[8.940696716308594e-8,-4.470348358154297e-8,1.1920928955078126e-7,0.9888443350791931,0.10040885210037232,-0.11002221703529358,-0.09038998931646347,0.9915960431098938,0.09255758672952652,0.11839120835065842,-0.08158013224601746,0.9896101355552673],"EasingStyle":"Linear","EasingDirection":"In"},"Torso":{"Weight":1,"CFrame":[-0.017050236463546754,-0.025070786476135255,-0.4042322635650635,0.9917673468589783,-0.10397607833147049,0.07474309206008911,0.11826624721288681,0.9675459861755371,-0.2233111560344696,-0.049098361283540729,0.2303122878074646,0.9718773365020752],"EasingStyle":"Linear","EasingDirection":"In"},"HumanoidRootPart":{"Weight":0,"CFrame":[0,0,0,1,0,0,0,1,0,0,0,1],"EasingStyle":"Linear","EasingDirection":"In"},"Right Leg":{"Weight":1,"CFrame":[0.525092363357544,0.2985169291496277,0.23046672344207765,0.98452228307724,0.058934979140758517,-0.16505323350429536,-0.09134256839752197,0.9762910008430481,-0.19624601304531098,0.14957427978515626,0.2082849144935608,0.9665634632110596],"EasingStyle":"Linear","EasingDirection":"In"}}},{"Time":0.4333333373069763,"poses":{"Left Leg":{"Weight":1,"CFrame":[-0.5385305881500244,0.4417499899864197,-0.07259184122085571,0.9981266260147095,0.05062949284911156,0.034348681569099429,-0.05464940518140793,0.9902036786079407,0.12849166989326478,-0.027506781741976739,-0.13012808561325074,0.9911155700683594],"EasingStyle":"Linear","EasingDirection":"In"},"Right Arm":{"Weight":1,"CFrame":[0.5582698583602905,-0.6314805150032044,-0.21399521827697755,0.09576160460710526,-0.7664974331855774,0.6350680589675903,0.9951673150062561,0.08764331787824631,-0.04427962750196457,-0.021719209849834443,0.636239230632782,0.7711859941482544],"EasingStyle":"Linear","EasingDirection":"In"},"Left Arm":{"Weight":1,"CFrame":[-1.0628782510757447,-0.434781014919281,-0.4675006866455078,-0.9175904989242554,0.397180438041687,0.016591763123869897,-0.10808403789997101,-0.2894323766231537,0.9510766267776489,0.382551372051239,0.8709056377410889,0.30850934982299807],"EasingStyle":"Linear","EasingDirection":"In"},"Head":{"Weight":1,"CFrame":[1.1734664440155029e-7,3.864988684654236e-8,-5.960464477539063e-8,0.9907640814781189,0.08545956760644913,-0.10527689009904862,-0.07597272843122482,0.992944061756134,0.09105060249567032,0.11231520771980286,-0.08221147954463959,0.9902659058570862],"EasingStyle":"Linear","EasingDirection":"In"},"Torso":{"Weight":1,"CFrame":[-0.016748815774917604,-0.03409147262573242,-0.2794840335845947,0.9929304718971252,-0.09364810585975647,0.07293181866407395,0.10803469270467758,0.9675376415252686,-0.22847194969654084,-0.049168314784765246,0.23473592102527619,0.9708148837089539],"EasingStyle":"Linear","EasingDirection":"In"},"HumanoidRootPart":{"Weight":0,"CFrame":[0,0,0,1,0,0,0,1,0,0,0,1],"EasingStyle":"Linear","EasingDirection":"In"},"Right Leg":{"Weight":1,"CFrame":[0.5217530727386475,0.19295495748519898,0.19704055786132813,0.9865695238113403,0.03427061066031456,-0.15970607101917268,-0.06383289396762848,0.9808816909790039,-0.18383821845054627,0.1503525674343109,0.1915636509656906,0.969895601272583],"EasingStyle":"Linear","EasingDirection":"In"}}},{"Time":0.46666666865348818,"poses":{"Left Leg":{"Weight":1,"CFrame":[-0.5329830646514893,0.3402552604675293,-0.046918272972106937,0.9976739287376404,0.052049651741981509,0.04401832073926926,-0.05684758722782135,0.9916343688964844,0.11588618904352188,-0.037618301808834079,-0.11811892688274384,0.9922866225242615],"EasingStyle":"Linear","EasingDirection":"In"},"Right Arm":{"Weight":1,"CFrame":[0.5576225519180298,-0.6337239742279053,-0.18994402885437013,0.08223941922187805,-0.87873774766922,0.4701666235923767,0.9952245950698853,0.09730145335197449,0.0077751800417900089,-0.05258023366332054,0.46728190779685976,0.8825434446334839],"EasingStyle":"Linear","EasingDirection":"In"},"Left Arm":{"Weight":1,"CFrame":[-1.0588594675064088,-0.4312491714954376,-0.459875226020813,-0.9396061301231384,0.341774046421051,0.01818685792386532,-0.09514205157756806,-0.31186968088150027,0.9453493356704712,0.328767865896225,0.8865256905555725,0.32555168867111208],"EasingStyle":"Linear","EasingDirection":"In"},"Head":{"Weight":1,"CFrame":[1.0617077350616455e-7,-7.916241884231568e-8,-2.384185791015625e-7,0.9928461313247681,0.06722347438335419,-0.09867911785840988,-0.05848440155386925,0.9943193197250366,0.08893051743507385,0.10409676283597946,-0.08252312242984772,0.9911376237869263],"EasingStyle":"Linear","EasingDirection":"In"},"Torso":{"Weight":1,"CFrame":[-0.014812126755714417,-0.03444546461105347,-0.1842355728149414,0.9944378733634949,-0.07927633076906204,0.06934426724910736,0.09298975020647049,0.97000652551651,-0.22458916902542115,-0.0494597852230072,0.22978827357292176,0.9719830751419067],"EasingStyle":"Linear","EasingDirection":"In"},"HumanoidRootPart":{"Weight":0,"CFrame":[0,0,0,1,0,0,0,1,0,0,0,1],"EasingStyle":"Linear","EasingDirection":"In"},"Right Leg":{"Weight":1,"CFrame":[0.5032752156257629,0.11247479915618897,0.16583192348480225,0.9885017275810242,0.010934748686850071,-0.15081354975700379,-0.03686933219432831,0.9847089648246765,-0.17026135325431825,0.14664575457572938,0.17386400699615479,0.9737896919250488],"EasingStyle":"Linear","EasingDirection":"In"}}},{"Time":0.5,"poses":{"Left Leg":{"Weight":1,"CFrame":[-0.5319157838821411,0.29136401414871218,-0.02801722288131714,0.9978052973747253,0.03436003625392914,0.056603871285915378,-0.04014572128653526,0.9937174916267395,0.10446961224079132,-0.052658725529909137,-0.10651276260614395,0.9929159879684448],"EasingStyle":"Linear","EasingDirection":"In"},"Right Arm":{"Weight":1,"CFrame":[0.5566624999046326,-0.6364478468894959,-0.16037845611572267,0.07514964044094086,-0.9553832411766052,0.2856491208076477,0.9935022592544556,0.09628966450691223,0.06067616492509842,-0.08547405153512955,0.2792332172393799,0.9564115405082703],"EasingStyle":"Linear","EasingDirection":"In"},"Left Arm":{"Weight":1,"CFrame":[-1.0554922819137574,-0.42915093898773196,-0.4559469223022461,-0.9550813436508179,0.29579880833625796,0.017962021753191949,-0.08472049981355667,-0.3306247591972351,0.93995201587677,0.2839754521846771,0.8962088823318481,0.34083372354507449],"EasingStyle":"Linear","EasingDirection":"In"},"Head":{"Weight":1,"CFrame":[7.82310962677002e-8,1.4668330550193787e-7,1.1920928955078126e-7,0.9947963356971741,0.04727606847882271,-0.09025071561336518,-0.03948930650949478,0.9954952597618103,0.08619637787342072,0.09391916543245316,-0.08218391984701157,0.9921819567680359],"EasingStyle":"Linear","EasingDirection":"In"},"Torso":{"Weight":1,"CFrame":[-0.011711761355400086,-0.026645004749298097,-0.14544272422790528,0.9959699511528015,-0.06260193139314652,0.06422477960586548,0.07497702538967133,0.9741278886795044,-0.21319785714149476,-0.04921655356884003,0.21715405583381654,0.9748958349227905],"EasingStyle":"Linear","EasingDirection":"In"},"HumanoidRootPart":{"Weight":0,"CFrame":[0,0,0,1,0,0,0,1,0,0,0,1],"EasingStyle":"Linear","EasingDirection":"In"},"Right Leg":{"Weight":1,"CFrame":[0.5007224082946777,0.08216571807861328,0.14626693725585938,0.9902001023292542,0.010388108901679516,-0.1392689049243927,-0.03237743303179741,0.9871357083320618,-0.1565721035003662,0.13585089147090913,0.1595468670129776,0.9777982234954834],"EasingStyle":"Linear","EasingDirection":"In"}}},{"Time":0.5333333611488342,"poses":{"Left Leg":{"Weight":1,"CFrame":[-0.5371300578117371,0.2553568482398987,-0.010142087936401368,0.9975634813308716,0.005120337940752506,0.0695764571428299,-0.011523582972586155,0.9956974387168884,0.09194455295801163,-0.06880634278059006,-0.09252224117517472,0.9933304190635681],"EasingStyle":"Linear","EasingDirection":"In"},"Right Arm":{"Weight":1,"CFrame":[0.5551859736442566,-0.6394122242927551,-0.1276676058769226,0.07424447685480118,-0.9876663684844971,0.13785095512866975,0.9910613298416138,0.08844012022018433,0.0998789444565773,-0.1108386367559433,0.12920325994491578,0.9854041337966919],"EasingStyle":"Linear","EasingDirection":"In"},"Left Arm":{"Weight":1,"CFrame":[-1.054080605506897,-0.42845770716667178,-0.45121002197265627,-0.960765540599823,0.27679261565208437,0.01776101067662239,-0.08070921152830124,-0.3402627110481262,0.9368603825569153,0.26535940170288088,0.8986696600914002,0.349252313375473],"EasingStyle":"Linear","EasingDirection":"In"},"Head":{"Weight":1,"CFrame":[9.313225746154785e-8,-1.30385160446167e-8,1.1920928955078126e-7,0.9964219331741333,0.027212798595428468,-0.08001746982336045,-0.020559212192893029,0.9963515996932983,0.08283022791147232,0.08197958022356034,-0.0808887630701065,0.9933460354804993],"EasingStyle":"Linear","EasingDirection":"In"},"Torso":{"Weight":1,"CFrame":[-0.007936239242553711,-0.012407004833221436,-0.12352252006530762,0.9972979426383972,-0.04534756764769554,0.05779639631509781,0.05587690323591232,0.979002058506012,-0.19604264199733735,-0.047692734748125079,0.19874240458011628,0.978890597820282],"EasingStyle":"Linear","EasingDirection":"In"},"HumanoidRootPart":{"Weight":0,"CFrame":[0,0,0,1,0,0,0,1,0,0,0,1],"EasingStyle":"Linear","EasingDirection":"In"},"Right Leg":{"Weight":1,"CFrame":[0.5077109336853027,0.067435622215271,0.13036572933197022,0.9915686249732971,0.02279089204967022,-0.12756268680095673,-0.040820129215717319,0.9892300367355347,-0.14056192338466645,0.1229853704571724,0.14458389580249787,0.9818198084831238],"EasingStyle":"Linear","EasingDirection":"In"}}},{"Time":0.5666666626930237,"poses":{"Left Leg":{"Weight":1,"CFrame":[-0.5480415225028992,0.2263087034225464,0.0069234371185302738,0.9961768388748169,-0.03177816420793533,0.08137441426515579,0.0254123043268919,0.9966213703155518,0.07810315489768982,-0.08358152210712433,-0.0757366344332695,0.9936186671257019],"EasingStyle":"Linear","EasingDirection":"In"},"Right Arm":{"Weight":1,"CFrame":[0.5529881715774536,-0.6423766016960144,-0.09418070316314697,0.07494933158159256,-0.9940754175186157,0.07871897518634796,0.9898475408554077,0.08372583985328675,0.11485553532838822,-0.12076591700315476,0.0693114623427391,0.9902583360671997],"EasingStyle":"Linear","EasingDirection":"In"},"Left Arm":{"Weight":1,"CFrame":[-1.05580472946167,-0.4374241530895233,-0.4419292211532593,-0.9576952457427979,0.2871744632720947,0.01872512511909008,-0.08400725573301316,-0.34120145440101626,0.9362288117408752,0.275250107049942,0.8950488567352295,0.35089176893234255],"EasingStyle":"Linear","EasingDirection":"In"},"Head":{"Weight":1,"CFrame":[7.59027898311615e-8,4.4121406972408297e-8,-2.384185791015625e-7,0.9976469278335571,0.008644149638712407,-0.0680137500166893,-0.00326661323197186,0.9968864321708679,0.07878272980451584,0.06848299503326416,-0.07837517559528351,0.994568943977356],"EasingStyle":"Linear","EasingDirection":"In"},"Torso":{"Weight":1,"CFrame":[-0.004058048129081726,0.00594252347946167,-0.11309003829956055,0.9983118772506714,-0.029251255095005037,0.05017726495862007,0.03761856630444527,0.9838684797286987,-0.17489339411258698,-0.044251974672079089,0.17648574709892274,0.983307957649231],"EasingStyle":"Linear","EasingDirection":"In"},"HumanoidRootPart":{"Weight":0,"CFrame":[0,0,0,1,0,0,0,1,0,0,0,1],"EasingStyle":"Linear","EasingDirection":"In"},"Right Leg":{"Weight":1,"CFrame":[0.5223900079727173,0.06342977285385132,0.11724555492401123,0.9920763373374939,0.04545527324080467,-0.11712542921304703,-0.059826407581567767,0.9906929731369019,-0.12226296216249466,0.11047789454460144,0.12830138206481934,0.9855625033378601],"EasingStyle":"Linear","EasingDirection":"In"}}},{"Time":0.6000000238418579,"poses":{"Left Leg":{"Weight":1,"CFrame":[-0.561823844909668,0.19875985383987428,0.02273404598236084,0.9933916330337524,-0.07073711603879929,0.0903840884566307,0.06521715223789215,0.9959034323692322,0.0626341700553894,-0.09444441646337509,-0.05632564052939415,0.9939354658126831],"EasingStyle":"Linear","EasingDirection":"In"},"Right Arm":{"Weight":1,"CFrame":[0.549864649772644,-0.6451011300086975,-0.062286317348480228,0.06619122624397278,-0.9904401302337647,0.12102533876895905,0.9912324547767639,0.07917037606239319,0.10578402131795883,-0.11435437202453613,0.11296219378709793,0.9869967699050903],"EasingStyle":"Linear","EasingDirection":"In"},"Left Arm":{"Weight":1,"CFrame":[-1.060115933418274,-0.46064817905426028,-0.4274536371231079,-0.9496874809265137,0.31253618001937868,0.02036658488214016,-0.0913676768541336,-0.3386594355106354,0.93646240234375,0.2995757758617401,0.8874857425689697,0.3501761257648468],"EasingStyle":"Linear","EasingDirection":"In"},"Head":{"Weight":1,"CFrame":[7.35744833946228e-8,7.421476766467095e-8,1.1920928955078126e-7,0.9985021948814392,-0.0068113734014332298,-0.054286397993564609,0.010823475196957589,0.9972025752067566,0.07395859807729721,0.05363078415393829,-0.07443538308143616,0.9957826733589172],"EasingStyle":"Linear","EasingDirection":"In"},"Torso":{"Weight":1,"CFrame":[-0.0007666721940040588,0.026774227619171144,-0.10868668556213379,0.9990158081054688,-0.01607581600546837,0.041339270770549777,0.022174043580889703,0.9881964325904846,-0.15157879889011384,-0.038414567708969119,0.15234628319740296,0.9875803589820862],"EasingStyle":"Linear","EasingDirection":"In"},"HumanoidRootPart":{"Weight":0,"CFrame":[0,0,0,1,0,0,0,1,0,0,0,1],"EasingStyle":"Linear","EasingDirection":"In"},"Right Leg":{"Weight":1,"CFrame":[0.5405527949333191,0.06519216299057007,0.10615217685699463,0.9912406206130981,0.07396025210618973,-0.10941619426012039,-0.0851864367723465,0.9911550879478455,-0.10175919532775879,0.10092232376337052,0.11018861830234528,0.9887735843658447],"EasingStyle":"Linear","EasingDirection":"In"}}},{"Time":0.6333333253860474,"poses":{"Left Leg":{"Weight":1,"CFrame":[-0.5755600929260254,0.1695460081100464,0.03642439842224121,0.9896813035011292,-0.10684798657894135,0.09546951204538346,0.10291124135255814,0.9936601519584656,0.04526323452591896,-0.09970059990882874,-0.03497128561139107,0.9944027662277222],"EasingStyle":"Linear","EasingDirection":"In"},"Right Arm":{"Weight":1,"CFrame":[0.5456110239028931,-0.6473442912101746,-0.034353673458099368,0.044657208025455478,-0.9719905257225037,0.23073822259902955,0.9943980574607849,0.06539914757013321,0.08303859829902649,-0.09580282121896744,0.22573727369308473,0.9694660902023315],"EasingStyle":"Linear","EasingDir