{"Sequence":[{"Time":0,"poses":{"Left Leg":{"Weight":1,"CFrame":[-0.2864350974559784,0.37726831436157229,0.21139729022979737,0.8813413977622986,0.2316264510154724,0.4118087887763977,-0.2230050265789032,0.9723275303840637,-0.0696273073554039,-0.41654065251350405,-0.03047003224492073,0.9086064696311951],"EasingStyle":"Linear","EasingDirection":"In"},"Right Arm":{"Weight":1,"CFrame":[0.023029157891869546,0.032241880893707278,0.5147284269332886,0.9388970732688904,0.047747280448675159,-0.34087061882019045,0.3424185812473297,-0.028994813561439515,0.9390999674797058,0.03495592251420021,-0.9984385967254639,-0.04357273131608963],"EasingStyle":"Linear","EasingDirection":"In"},"Left Arm":{"Weight":1,"CFrame":[1.4062970876693726e-7,2.384185791015625e-7,0,0.9998905658721924,0.0010992754250764847,-0.014758487232029438,-0.003535381518304348,0.9861072897911072,-0.16607199609279633,0.01437087170779705,0.16610607504844666,0.9860032796859741],"EasingStyle":"Linear","EasingDirection":"In"},"Head":{"Weight":1,"CFrame":[7.450580596923828e-8,1.043081283569336e-7,1.1920928955078126e-7,0.9087746739387512,-0.2040598839521408,-0.3639892041683197,-0.05370339751243591,0.8078278303146362,-0.5869669318199158,0.41381704807281496,0.5529680848121643,0.7231748104095459],"EasingStyle":"Linear","EasingDirection":"In"},"Torso":{"Weight":1,"CFrame":[-0.09851789474487305,-0.2987220287322998,-0.46281957626342776,0.9875781536102295,-0.01717187650501728,-0.15618763864040376,-0.05961938947439194,0.8787276148796082,-0.4735856354236603,0.14537875354290009,0.47701460123062136,0.866788387298584],"EasingStyle":"Linear","EasingDirection":"In"},"HumanoidRootPart":{"Weight":1,"CFrame":[0,0,0,1,0,0,0,1,0,0,0,1],"EasingStyle":"Linear","EasingDirection":"In"},"Right Leg":{"Weight":1,"CFrame":[0.322037011384964,0.7595183849334717,0.03524363040924072,0.861058235168457,-0.17745307087898255,-0.47653892636299136,0.33471402525901797,0.9032773375511169,0.2684336006641388,0.3828124701976776,-0.3906412124633789,0.8371703028678894],"EasingStyle":"Linear","EasingDirection":"In"}}},{"Time":0.03333333507180214,"poses":{"Left Leg":{"Weight":1,"CFrame":[-0.26817795634269717,0.348688006401062,0.19902265071868897,0.8808784484863281,0.23417308926582337,0.4113592505455017,-0.2274167686700821,0.9715524911880493,-0.06608434021472931,-0.4151322841644287,-0.03533794358372688,0.9090745449066162],"EasingStyle":"Linear","EasingDirection":"In"},"Right Arm":{"Weight":1,"CFrame":[0.03383159637451172,0.0029740333557128908,0.5162332057952881,0.937553882598877,0.05648363009095192,-0.34322381019592287,0.3456571400165558,-0.0409138984978199,0.937468409538269,0.03890880569815636,-0.9975649118423462,-0.05788297578692436],"EasingStyle":"Linear","EasingDirection":"In"},"Left Arm":{"Weight":1,"CFrame":[-5.811452865600586e-7,-0.002426743507385254,0.00028336048126220703,0.9998928308486939,0.001068439451046288,-0.014605136588215828,-0.0034646131098270418,0.9862807989120483,-0.16504035890102387,0.014228412881493569,0.16507337987422944,0.9861787557601929],"EasingStyle":"Linear","EasingDirection":"In"},"Head":{"Weight":1,"CFrame":[7.450580596923828e-8,4.842877388000488e-8,-1.7881393432617188e-7,0.9089694619178772,-0.1919173151254654,-0.3700574040412903,-0.052801817655563357,0.8275635242462158,-0.5588834881782532,0.4135053753852844,0.5275476574897766,0.7420961856842041],"EasingStyle":"Linear","EasingDirection":"In"},"Torso":{"Weight":1,"CFrame":[-0.09855920076370239,-0.29188644886016848,-0.439239501953125,0.9875929355621338,-0.015659937635064126,-0.1562531292438507,-0.05918891727924347,0.884511411190033,-0.46274876594543459,0.1454542726278305,0.46625590324401858,0.8726102113723755],"EasingStyle":"Linear","EasingDirection":"In"},"HumanoidRootPart":{"Weight":1,"CFrame":[0,0,0,1,0,0,0,1,0,0,0,1],"EasingStyle":"Linear","EasingDirection":"In"},"Right Leg":{"Weight":1,"CFrame":[0.31711387634277346,0.7319568395614624,0.035645365715026858,0.8636415600776672,-0.17587174475193025,-0.47243282198905947,0.3327544331550598,0.9028774499893189,0.27218806743621828,0.3786790668964386,-0.392277330160141,0.8382845520973206],"EasingStyle":"Linear","EasingDirection":"In"}}},{"Time":0.06666667014360428,"poses":{"Left Leg":{"Weight":1,"CFrame":[-0.21219170093536378,0.2784368395805359,0.164595365524292,0.8782455325126648,0.24534262716770173,0.4104774296283722,-0.24394716322422028,0.9681290984153748,-0.05670943111181259,-0.4113083481788635,-0.050330016762018207,0.9101057052612305],"EasingStyle":"Linear","EasingDirection":"In"},"Right Arm":{"Weight":1,"CFrame":[0.05959140509366989,-0.0668175220489502,0.5198220014572144,0.9341651797294617,0.07748226821422577,-0.34832778573036196,0.353577196598053,-0.06926107406616211,0.9328375458717346,0.04815268516540527,-0.9945850372314453,-0.09209732711315155],"EasingStyle":"Linear","EasingDirection":"In"},"Left Arm":{"Weight":1,"CFrame":[-0.0000026496127247810365,-0.008928835391998291,0.0022667646408081056,0.99989914894104,0.0010174004128202797,-0.014166190288960934,-0.0032403715886175634,0.9874656796455383,-0.1578005701303482,0.013828065246343613,0.15783065557479859,0.9873694181442261],"EasingStyle":"Linear","EasingDirection":"In"},"Head":{"Weight":1,"CFrame":[9.685754776000977e-8,-1.0780058801174164e-7,3.5762786865234377e-7,0.9102953672409058,-0.16065563261508943,-0.38151296973228457,-0.0495988205075264,0.8726513981819153,-0.4858183264732361,0.41097724437713625,0.46116089820861819,0.7864022850990295],"EasingStyle":"Linear","EasingDirection":"In"},"Torso":{"Weight":1,"CFrame":[-0.0980871319770813,-0.2754298448562622,-0.38280391693115237,0.9877640008926392,-0.01185672264546156,-0.15550470352172852,-0.05796733871102333,0.8977576494216919,-0.43665894865989687,0.1447828710079193,0.4403301775455475,0.8860853910446167],"EasingStyle":"Linear","EasingDirection":"In"},"HumanoidRootPart":{"Weight":1,"CFrame":[0,0,0,1,0,0,0,1,0,0,0,1],"EasingStyle":"Linear","EasingDirection":"In"},"Right Leg":{"Weight":1,"CFrame":[0.29761144518852236,0.6628324389457703,0.0351712703704834,0.8692397475242615,-0.1751936376094818,-0.4623088538646698,0.3305903375148773,0.9012697339057922,0.2800411880016327,0.36760371923446658,-0.3962577283382416,0.841336727142334],"EasingStyle":"Linear","EasingDirection":"In"}}},{"Time":0.10000000149011612,"poses":{"Left Leg":{"Weight":1,"CFrame":[-0.11092425137758255,0.18606704473495484,0.10944747924804688,0.8700774312019348,0.27393606305122378,0.4097857177257538,-0.2813693583011627,0.9586174488067627,-0.04340492561459541,-0.4047178328037262,-0.07753559201955795,0.9111485481262207],"EasingStyle":"Linear","EasingDirection":"In"},"Right Arm":{"Weight":1,"CFrame":[0.09033668041229248,-0.1501179337501526,0.5241051912307739,0.9297823309898377,0.10280564427375794,-0.3534630835056305,0.3633793592453003,-0.10288722068071366,0.925942599773407,0.058825232088565829,-0.9893660545349121,-0.13302022218704225],"EasingStyle":"Linear","EasingDirection":"In"},"Left Arm":{"Weight":1,"CFrame":[-0.000005390029400587082,-0.01834326982498169,0.007650494575500488,0.9999088644981384,0.0010005340445786715,-0.013470565900206566,-0.00285049295052886,0.9904261827468872,-0.13801449537277223,0.013203484006226063,0.13804039359092713,0.9903386235237122],"EasingStyle":"Linear","EasingDirection":"In"},"Head":{"Weight":1,"CFrame":[1.0803341865539551e-7,1.3387762010097504e-8,1.1920928955078126e-7,0.9138941764831543,-0.11906212568283081,-0.3881003260612488,-0.04381848871707916,0.9215059280395508,-0.3858845829963684,0.4035809636116028,0.3696634769439697,0.8369417190551758],"EasingStyle":"Linear","EasingDirection":"In"},"Torso":{"Weight":1,"CFrame":[-0.09621921181678772,-0.25552964210510256,-0.31482505798339846,0.988272488117218,-0.006933021359145641,-0.1525433510541916,-0.056128330528736117,0.9125437140464783,-0.40510955452919009,0.14201107621192933,0.40892067551612856,0.9014526009559631],"EasingStyle":"Linear","EasingDirection":"In"},"HumanoidRootPart":{"Weight":1,"CFrame":[0,0,0,1,0,0,0,1,0,0,0,1],"EasingStyle":"Linear","EasingDirection":"In"},"Right Leg":{"Weight":1,"CFrame":[0.2563115954399109,0.5724030137062073,0.030945539474487306,0.8745055198669434,-0.18199269473552705,-0.44957607984542849,0.3343289792537689,0.8977188467979431,0.2869235873222351,0.3513748347759247,-0.4012226164340973,0.845905601978302],"EasingStyle":"Linear","EasingDirection":"In"}}},{"Time":0.13333334028720857,"poses":{"Left Leg":{"Weight":1,"CFrame":[0.044683411717414859,0.08294796943664551,0.032610416412353519,0.849612832069397,0.3318529725074768,0.40991681814193728,-0.35185307264328005,0.9356307983398438,-0.028183450922369958,-0.3928835690021515,-0.12028560787439347,0.911687433719635],"EasingStyle":"Linear","EasingDirection":"In"},"Right Arm":{"Weight":1,"CFrame":[0.11609603464603424,-0.2199093997478485,0.5276939868927002,0.9258326292037964,0.12419306486845017,-0.35694587230682375,0.37186798453330996,-0.13081829249858857,0.9190215468406677,0.06744100153446198,-0.9835968613624573,-0.1672993302345276],"EasingStyle":"Linear","EasingDirection":"In"},"Left Arm":{"Weight":1,"CFrame":[-0.00000841368455439806,-0.029504448175430299,0.018134474754333497,0.9999209046363831,0.0010571916354820133,-0.012539532035589219,-0.0022929769475013019,0.9950892329216003,-0.09895530343055725,0.012373342178761959,0.09897629171609879,0.9950129389762878],"EasingStyle":"Linear","EasingDirection":"In"},"Head":{"Weight":1,"CFrame":[1.2665987014770509e-7,4.534376785159111e-8,-1.1920928955078126e-7,0.92071133852005,-0.0785704180598259,-0.3822530210018158,-0.03577844426035881,0.9584013223648071,-0.28317272663116457,0.38860082626342776,0.27439671754837038,0.8795998096466065],"EasingStyle":"Linear","EasingDirection":"In"},"Torso":{"Weight":1,"CFrame":[-0.09216025471687317,-0.23871707916259767,-0.25594592094421389,0.9892663359642029,-0.0021237703040242197,-0.14610837399959565,-0.05391170084476471,0.9240481853485107,-0.37845543026924136,0.13581492006778718,0.3822701573371887,0.9140152335166931],"EasingStyle":"Linear","EasingDirection":"In"},"HumanoidRootPart":{"Weight":1,"CFrame":[0,0,0,1,0,0,0,1,0,0,0,1],"EasingStyle":"Linear","EasingDirection":"In"},"Right Leg":{"Weight":1,"CFrame":[0.1974322646856308,0.48308539390563967,0.022888541221618654,0.8767064809799194,-0.19930382072925569,-0.4377943277359009,0.3467550575733185,0.8926371932029724,0.28802695870399477,0.3333866596221924,-0.40432265400886538,0.8516905307769775],"EasingStyle":"Linear","EasingDirection":"In"}}},{"Time":0.1666666716337204,"poses":{"Left Leg":{"Weight":1,"CFrame":[0.21926866471767426,-0.009469270706176758,-0.04900568723678589,0.8138750791549683,0.4099682569503784,0.4117441773414612,-0.44451311230659487,0.8956757187843323,-0.013165129348635674,-0.37418651580810549,-0.17231087386608125,0.9112043976783752],"EasingStyle":"Linear","EasingDirection":"In"},"Right Arm":{"Weight":1,"CFrame":[0.12689846754074098,-0.2491769790649414,0.5291988849639893,0.9241024851799011,0.13319747149944306,-0.35818055272102358,0.37549862265586855,-0.14245057106018067,0.9158102869987488,0.07096041738986969,-0.9807987809181213,-0.1816544383764267],"EasingStyle":"Linear","EasingDirection":"In"},"Left Arm":{"Weight":1,"CFrame":[-0.000012023956514894963,-0.04124811291694641,0.03541874885559082,0.9999345541000366,0.0012051045196130872,-0.011380880139768124,-0.0015825184527784587,0.9994469285011292,-0.03321708366274834,0.011334555223584175,0.0332329161465168,0.9993833899497986],"EasingStyle":"Linear","EasingDirection":"In"},"Head":{"Weight":1,"CFrame":[6.891787052154541e-8,-1.0497751645743847e-7,0,0.9311892986297607,-0.05183259770274162,-0.3608323633670807,-0.02559804730117321,0.9780987501144409,-0.2065613716840744,0.363636314868927,0.2015843689441681,0.9094682335853577],"EasingStyle":"Linear","EasingDirection":"In"},"Torso":{"Weight":1,"CFrame":[-0.08521455526351929,-0.23181134462356568,-0.22612667083740235,0.9908313751220703,0.0014427616260945798,-0.13509690761566163,-0.05146067589521408,0.928595781326294,-0.36750733852386477,0.12492019683122635,0.37108996510505679,0.9201560616493225],"EasingStyle":"Linear","EasingDirection":"In"},"HumanoidRootPart":{"Weight":1,"CFrame":[0,0,0,1,0,0,0,1,0,0,0,1],"EasingStyle":"Linear","EasingDirection":"In"},"Right Leg":{"Weight":1,"CFrame":[0.15093588829040528,0.42435210943222048,0.01803910732269287,0.8755039572715759,-0.21957719326019288,-0.43044012784957888,0.3603515326976776,0.8901610374450684,0.27885496616363528,0.321930855512619,-0.39924848079681399,0.8584645390510559],"EasingStyle":"Linear","EasingDirection":"In"}}},{"Time":0.20000000298023225,"poses":{"Left Leg":{"Weight":1,"CFrame":[0.22095337510108949,-0.00010025501251220703,-0.04998356103897095,0.8054238557815552,0.42343994975090029,0.41471797227859499,-0.46756717562675478,0.8839403390884399,0.005531713366508484,-0.36424359679222109,-0.19836404919624329,0.9099332690238953],"EasingStyle":"Linear","EasingDirection":"In"},"Right Arm":{"Weight":1,"CFrame":[0.12553225457668305,-0.24863457679748536,0.5209134817123413,0.9252035021781921,0.12189873307943344,-0.3593598008155823,0.37344348430633547,-0.12436047196388245,0.9192792177200317,0.06736870855093003,-0.9847208261489868,-0.1605810970067978],"EasingStyle":"Linear","EasingDirection":"In"},"Left Arm":{"Weight":1,"CFrame":[-0.000015157507732510567,-0.05240905284881592,0.061203598976135257,0.9999490976333618,0.001433295663446188,-0.00998477078974247,-0.0007590692257508636,0.9977383613586426,0.06721381098031998,0.010058518499135971,-0.0672028660774231,0.9976885914802551],"EasingStyle":"Linear","EasingDirection":"In"},"Head":{"Weight":1,"CFrame":[7.264316082000733e-8,-4.5547494664788249e-8,-2.384185791015625e-7,0.9488938450813294,-0.04002503305673599,-0.3130471110343933,-0.01630096323788166,0.9843853712081909,-0.17527054250240327,0.3151741921901703,0.1714160442352295,0.9334247708320618],"EasingStyle":"Linear","EasingDirection":"In"},"Torso":{"Weight":1,"CFrame":[-0.07061323523521424,-0.23951947689056397,-0.2214796543121338,0.9937117099761963,0.0021423553116619589,-0.11194838583469391,-0.0447709821164608,0.9240143895149231,-0.3797275125980377,0.10262840986251831,0.38235169649124148,0.9182998538017273],"EasingStyle":"Linear","EasingDirection":"In"},"HumanoidRootPart":{"Weight":1,"CFrame":[0,0,0,1,0,0,0,1,0,0,0,1],"EasingStyle":"Linear","EasingDirection":"In"},"Right Leg":{"Weight":1,"CFrame":[0.11588916182518006,0.3830695152282715,0.02181088924407959,0.8676364421844482,-0.2516877353191376,-0.428789347410202,0.38058334589004519,0.8911452889442444,0.24701499938964845,0.3199429512023926,-0.37750938534736636,0.8689782619476318],"EasingStyle":"Linear","EasingDirection":"In"}}},{"Time":0.23333333432674409,"poses":{"Left Leg":{"Weight":1,"CFrame":[0.1585918664932251,0.05310779809951782,-0.02309638261795044,0.8057735562324524,0.41971996426582339,0.41780900955200198,-0.4732523262500763,0.8804754614830017,0.028197556734085084,-0.3560355305671692,-0.22044992446899415,0.9080972671508789],"EasingStyle":"Linear","EasingDirection":"In"},"Right Arm":{"Weight":1,"CFrame":[0.12187065184116364,-0.24718058109283448,0.49870800971984866,0.9279542565345764,0.09134875982999802,-0.3613260090351105,0.36823922395706179,-0.07527399063110352,0.9266787767410278,0.05745236575603485,-0.9929699301719666,-0.10348905622959137],"EasingStyle":"Linear","EasingDirection":"In"},"Left Arm":{"Weight":1,"CFrame":[-0.000017694837879389526,-0.061822980642318729,0.09718859195709229,0.9999639987945557,0.0016881520859897137,-0.008326220326125622,0.0000943607883527875,0.9777913093566895,0.20958101749420167,0.008495143614709378,-0.209574356675148,0.9777558445930481],"EasingStyle":"Linear","EasingDirection":"In"},"Head":{"Weight":1,"CFrame":[9.872019290924072e-8,-5.201582098379731e-8,2.384185791015625e-7,0.9701157808303833,-0.032552603632211688,-0.2404489666223526,-0.009077410213649273,0.9853972792625427,-0.1700293868780136,0.24247263371944428,0.16713081300258637,0.9556539058685303],"EasingStyle":"Linear","EasingDirection":"In"},"Torso":{"Weight":1,"CFrame":[-0.04960298538208008,-0.25575584173202517,-0.22327327728271485,0.9969027638435364,0.0008783770608715713,-0.07863927632570267,-0.03278971090912819,0.9135208129882813,-0.40546831488609316,0.07148246467113495,0.4067910313606262,0.9107202291488648],"EasingStyle":"Linear","EasingDirection":"In"},"HumanoidRootPart":{"Weight":1,"CFrame":[0,0,0,1,0,0,0,1,0,0,0,1],"EasingStyle":"Linear","EasingDirection":"In"},"Right Leg":{"Weight":1,"CFrame":[0.06506553292274475,0.32681524753570559,0.024613618850708009,0.8503486514091492,-0.30414238572120669,-0.42942360043525698,0.4169952869415283,0.887223482131958,0.19735579192638398,0.3209705650806427,-0.346888929605484,0.8812752962112427],"EasingStyle":"Linear","EasingDirection":"In"}}},{"Time":0.2666666805744171,"poses":{"Left Leg":{"Weight":1,"CFrame":[0.11870703846216202,0.09729689359664917,-0.007631361484527588,0.8008109927177429,0.42624330520629885,0.4207354784011841,-0.48855748772621157,0.8712518215179443,0.04724333435297012,-0.3464294970035553,-0.24338650703430177,0.9059523344039917],"EasingStyle":"Linear","EasingDirection":"In"},"Right Arm":{"Weight":1,"CFrame":[0.11656918376684189,-0.24507486820220948,0.4665600061416626,0.931388258934021,0.046680908650159839,-0.36102214455604555,0.3615472614765167,-0.0030530174262821676,0.9323487281799316,0.042420610785484317,-0.9989051818847656,-0.01972091570496559],"EasingStyle":"Linear","EasingDirection":"In"},"Left Arm":{"Weight":1,"CFrame":[-0.000019453087588772179,-0.06832560896873474,0.145074725151062,0.9999779462814331,0.0018546456703916193,-0.006384874228388071,0.0008246090728789568,0.9183012247085571,0.39588144421577456,0.006597526371479034,-0.3958781957626343,0.9182794690132141],"EasingStyle":"Linear","EasingDirection":"In"},"Head":{"Weight":1,"CFrame":[8.66129994392395e-8,9.02346073416993e-8,3.5762786865234377e-7,0.9865582585334778,-0.02489395998418331,-0.1615029275417328,-0.0017000457737594843,0.9867110252380371,-0.16247594356536866,0.16340138018131257,0.160566508769989,0.973405659198761],"EasingStyle":"Linear","EasingDirection":"In"},"Torso":{"Weight":1,"CFrame":[-0.030679091811180116,-0.2715188264846802,-0.22811508178710938,0.9988164305686951,-0.00027167057851329446,-0.04863786697387695,-0.020715948194265367,0.9023727774620056,-0.4304583668708801,0.04400642588734627,0.43095654249191286,0.9012990593910217],"EasingStyle":"Linear","EasingDirection":"In"},"HumanoidRootPart":{"Weight":1,"CFrame":[0,0,0,1,0,0,0,1,0,0,0,1],"EasingStyle":"Linear","EasingDirection":"In"},"Right Leg":{"Weight":1,"CFrame":[0.014839131385087967,0.2707393765449524,0.0220944881439209,0.8298783898353577,-0.35579273104667666,-0.4297832250595093,0.4547731280326843,0.8776077032089233,0.1516113132238388,0.32323887944221499,-0.3212727904319763,0.8901126980781555],"EasingStyle":"Linear","EasingDirection":"In"}}},{"Time":0.30000001192092898,"poses":{"Left Leg":{"Weight":1,"CFrame":[0.1081957072019577,0.11324107646942139,-0.004250764846801758,0.7965514659881592,0.4328220784664154,0.42210298776626589,-0.49914437532424929,0.8647575974464417,0.0552189014852047,-0.34111687541007998,-0.25467512011528017,0.9048645496368408],"EasingStyle":"Linear","EasingDirection":"In"},"Right Arm":{"Weight":1,"CFrame":[0.11028430610895157,-0.24257934093475343,0.42844629287719729,0.9345574378967285,-0.006344578228890896,-0.35575613379478457,0.3550187051296234,0.08337680995464325,0.9311337471008301,0.02375408075749874,-0.9964978694915772,0.08017288893461228],"EasingStyle":"Linear","EasingDirection":"In"},"Left Arm":{"Weight":1,"CFrame":[-0.00002026534639298916,-0.07075214385986328,0.20656120777130128,0.9999896883964539,0.0017482979455962778,-0.004196911584585905,0.0011942741693928838,0.78968745470047,0.6135079860687256,0.004386904649436474,-0.6135069727897644,0.7896773815155029],"EasingStyle":"Linear","EasingDirection":"In"},"Head":{"Weight":1,"CFrame":[7.729977369308472e-8,7.441849447786808e-8,1.1920928955078126e-7,0.9952725172042847,-0.016299383714795114,-0.09574460238218308,0.004294146317988634,0.9922380447387695,-0.12427879869937897,0.09702712297439575,0.12328013777732849,0.9876171946525574],"EasingStyle":"Linear","EasingDirection":"In"},"Torso":{"Weight":1,"CFrame":[-0.022458083927631379,-0.2785360813140869,-0.23097658157348634,0.9993657469749451,-0.0006747050792910159,-0.035604510456323627,-0.015126684680581093,0.8970927596092224,-0.44158342480659487,0.03223848715424538,0.4418419897556305,0.8965134620666504],"EasingStyle":"Linear","EasingDirection":"In"},"HumanoidRootPart":{"Weight":1,"CFrame":[0,0,0,1,0,0,0,1,0,0,0,1],"EasingStyle":"Linear","EasingDirection":"In"},"Right Leg":{"Weight":1,"CFrame":[-0.009131916798651219,0.24374175071716309,0.018997550010681154,0.8191989064216614,-0.3797949254512787,-0.4297313392162323,0.4729287624359131,0.871222972869873,0.13156315684318543,0.3244249224662781,-0.3110086917877197,0.8933209180831909],"EasingStyle":"Linear","EasingDirection":"In"}}},{"Time":0.3333333432674408,"poses":{"Left Leg":{"Weight":1,"CFrame":[-0.03907515108585358,0.21343189477920533,0.06084549427032471,0.8563538789749146,0.2668094038963318,0.44212082028388979,-0.33261460065841677,0.9399113059043884,0.07703465223312378,-0.39500078558921816,-0.21302492916584016,0.8936414122581482],"EasingStyle":"Linear","EasingDirection":"In"},"Right Arm":{"Weight":1,"CFrame":[0.10367158055305481,-0.2399541139602661,0.3883441686630249,0.9367756843566895,-0.06135929375886917,-0.3445093035697937,0.34991392493247988,0.17386944591999055,0.9205049872398377,0.003417918924242258,-0.9828552603721619,0.1843472123146057],"EasingStyle":"Linear","EasingDirection":"In"},"Left Arm":{"Weight":1,"CFrame":[0.008484888821840287,-0.058988749980926517,0.32945919036865237,0.9999971389770508,0.0013678482500836254,-0.0019921481143683197,0.0011484294664114714,0.4563769996166229,0.8897857069969177,0.002126353792846203,-0.8897855281829834,0.45637428760528567],"EasingStyle":"Linear","EasingDirection":"In"},"Head":{"Weight":1,"CFrame":[9.12696123123169e-8,3.4226104617118838e-8,-4.172325134277344e-7,0.9983536601066589,-0.00778312049806118,-0.05682864040136337,0.005528631154447794,0.9991955757141113,-0.03972156345844269,0.05709207430481911,0.039342015981674197,0.9975935220718384],"EasingStyle":"Linear","EasingDirection":"In"},"Torso":{"Weight":1,"CFrame":[-0.032087162137031558,-0.23911279439926148,-0.2325601577758789,0.9983694553375244,0.025897134095430375,-0.050870198756456378,-0.04329261556267738,0.9243494868278503,-0.37908288836479189,0.03720468282699585,0.3806670904159546,0.9239634275436401],"EasingStyle":"Linear","EasingDirection":"In"},"HumanoidRootPart":{"Weight":1,"CFrame":[0,0,0,1,0,0,0,1,0,0,0,1],"EasingStyle":"Linear","EasingDirection":"In"},"Right Leg":{"Weight":1,"CFrame":[0.11905194073915482,0.3298497796058655,0.04218649864196777,0.876323938369751,-0.2657473087310791,-0.4017895460128784,0.3609684407711029,0.9145692586898804,0.18238665163516999,0.3189956843852997,-0.30486324429512026,0.89738529920578],"EasingStyle":"Linear","EasingDirection":"In"}}},{"Time":0.36666667461395266,"poses":{"Left Leg":{"Weight":1,"CFrame":[-0.17936751246452332,0.281194269657135,0.1281346082687378,0.8817822933197022,0.10007058829069138,0.460918664932251,-0.1656438559293747,0.9806891679763794,0.10397467017173767,-0.44161325693130495,-0.16803154349327088,0.8813304305076599],"EasingStyle":"Linear","EasingDirection":"In"},"Right Arm":{"Weight":1,"CFrame":[0.0973864421248436,-0.23745784163475038,0.35023069381713869,0.9377956986427307,-0.11206971108913422,-0.32860299944877627,0.346807062625885,0.25806719064712527,0.9017350077629089,-0.016255656257271768,-0.9596049785614014,0.28088101744651797],"EasingStyle":"Linear","EasingDirection":"In"},"Left Arm":{"Weight":1,"CFrame":[0.02428022027015686,-0.037141382694244388,0.48556578159332278,0.9999998211860657,0.0005135962273925543,-0.000450372404884547,0.0004711824585683644,-0.04092325642704964,0.9991622567176819,0.0004948722780682147,-0.9991621375083923,-0.040923528373241428],"EasingStyle":"Linear","EasingDirection":"In"},"Head":{"Weight":1,"CFrame":[8.568167686462403e-8,1.3317912817001344e-7,-1.7881393432617188e-7,0.9993932247161865,-0.002530765952542424,-0.03473973646759987,0.002994980663061142,0.9999068975448608,0.013316737487912178,0.03470277786254883,-0.013412714004516602,0.9993077516555786],"EasingStyle":"Linear","EasingDirection":"In"},"Torso":{"Weight":1,"CFrame":[-0.04054395854473114,-0.19831961393356324,-0.25838470458984377,0.9965010285377502,0.05342591926455498,-0.06427736580371857,-0.07103238254785538,0.9466258883476257,-0.31441038846969607,0.04404895007610321,0.3178759813308716,0.9471086263656616],"EasingStyle":"Linear","EasingDirection":"In"},"HumanoidRootPart":{"Weight":1,"CFrame":[0,0,0,1,0,0,0,1,0,0,0,1],"EasingStyle":"Linear","EasingDirection":"In"},"Right Leg":{"Weight":1,"CFrame":[0.2767793834209442,0.41771888732910159,0.059658169746398929,0.9189042448997498,-0.13390538096427918,-0.3710584342479706,0.23229937255382539,0.9439176917076111,0.2346407026052475,0.31882917881011965,-0.3018091320991516,0.898476243019104],"EasingStyle":"Linear","EasingDirection":"In"}}},{"Time":0.4000000059604645,"poses":{"Left Leg":{"Weight":1,"CFrame":[-0.22354748845100404,0.3664116859436035,0.1408137083053589,0.8770619630813599,0.16199159622192384,0.4522399604320526,-0.22521783411502839,0.9702117443084717,0.08925342559814453,-0.42431026697158816,-0.18013323843479157,0.8874192237854004],"EasingStyle":"Linear","EasingDirection":"In"},"Right Arm":{"Weight":1,"CFrame":[0.09208543598651886,-0.23535239696502686,0.31808269023895266,0.9378358125686646,-0.15309056639671327,-0.3114924132823944,0.3455183506011963,0.3267785906791687,0.8796776533126831,-0.032881420105695727,-0.9326195120811462,0.35936036705970766],"EasingStyle":"Linear","EasingDirection":"In"},"Left Arm":{"Weight":1,"CFrame":[0.03278521075844765,-0.025377273559570314,0.5625611543655396,1,-9.68574909165909e-8,-1.126900315284729e-7,2.119923010468483e-7,-0.27371612191200259,0.9618105292320252,-1.5832483768463136e-8,-0.9618105292320252,-0.2737163007259369],"EasingStyle":"Linear","EasingDirection":"In"},"Head":{"Weight":1,"CFrame":[9.313225746154785e-8,5.820766091346741e-9,2.384185791015625e-7,0.9998425841331482,-0.002741029718890786,-0.017530588433146478,-0.0010837037116289139,0.9767180681228638,-0.21452464163303376,0.017710456624627115,0.21450991928577424,0.9765612483024597],"EasingStyle":"Linear","EasingDirection":"In"},"Torso":{"Weight":1,"CFrame":[-0.030687831342220308,-0.163821280002594,-0.30916929244995119,0.9980773329734802,0.03840101137757301,-0.04865172505378723,-0.053483590483665469,0.9302816390991211,-0.3629266619682312,0.03132305666804314,0.36483097076416018,0.930546760559082],"EasingStyle":"Linear","EasingDirection":"In"},"HumanoidRootPart":{"Weight":1,"CFrame":[0,0,0,1,0,0,0,1,0,0,0,1],"EasingStyle":"Linear","EasingDirection":"In"},"Right Leg":{"Weight":1,"CFrame":[0.2780001163482666,0.46565574407577517,0.07533383369445801,0.9009042978286743,-0.19406215846538545,-0.38821589946746828,0.28362902998924258,0.9402920603752136,0.18816256523132325,0.3285212218761444,-0.27962595224380495,0.902154803276062],"EasingStyle":"Linear","EasingDirection":"In"}}},{"Time":0.4333333373069763,"poses":{"Left Leg":{"Weight":1,"CFrame":[-0.16614754498004914,0.4311075806617737,0.10691630840301514,0.8333067297935486,0.34783947467803957,0.4296601712703705,-0.409875750541687,0.9102962613105774,0.057988282293081287,-0.37094736099243166,-0.2244294136762619,0.9011268615722656],"EasingStyle":"Linear","EasingDirection":"In"},"Right Arm":{"Weight":1,"CFrame":[0.0884237140417099,-0.2338985800743103,0.29587721824645998,0.9374365210533142,-0.18026548624038697,-0.2978547513484955,0.34532904624938967,0.372624009847641,0.8613356351852417,-0.044281359761953357,-0.9103053212165833,0.41156241297721865],"EasingStyle":"Linear","EasingDirection":"In"},"Left Arm":{"Weight":1,"CFrame":[-0.007584230974316597,-0.09650516510009766,0.5432968139648438,1,-8.288765940278609e-8,-1.4086255362144585e-7,2.4368634399252189e-7,-0.18838083744049073,0.9820960760116577,7.916240996053148e-9,-0.9820960760116577,-0.18838100135326386],"EasingStyle":"Linear","EasingDirection":"In"},"Head":{"Weight":1,"CFrame":[8.66129994392395e-8,-1.4115357771515847e-8,1.1920928955078126e-7,0.9999879002571106,-0.0016731673385947943,-0.004628556780517101,-0.001476324163377285,0.7951606512069702,-0.6063970327377319,0.004695047624409199,0.6063965559005737,0.7951486110687256],"EasingStyle":"Linear","EasingDirection":"In"},"Torso":{"Weight":1,"CFrame":[-0.01112363487482071,-0.09767162799835205,-0.3626689910888672,0.9997648000717163,0.01262351032346487,-0.017635192722082139,-0.01920783519744873,0.89295893907547,-0.44972819089889529,0.010070353746414185,0.4499610960483551,0.8929914832115173],"EasingStyle":"Linear","EasingDirection":"In"},"HumanoidRootPart":{"Weight":1,"CFrame":[0,0,0,1,0,0,0,1,0,0,0,1],"EasingStyle":"Linear","EasingDirection":"In"},"Right Leg":{"Weight":1,"CFrame":[0.17747242748737336,0.4614521265029907,0.08303618431091309,0.8378532528877258,-0.36163994669914248,-0.4089239239692688,0.4327724874019623,0.8966120481491089,0.09378048777580261,0.3327312767505646,-0.2555452585220337,0.9077369570732117],"EasingStyle":"Linear","EasingDirection":"In"}}},{"Time":0.46666666865348818,"poses":{"Left Leg":{"Weight":1,"CFrame":[-0.11101324111223221,0.4317118525505066,0.08146989345550537,0.7871134281158447,0.4562981426715851,0.4150235056877136,-0.5176716446876526,0.8545345067977905,0.042271699756383899,-0.3353634476661682,-0.24811847507953645,0.9088281989097595],"EasingStyle":"Linear","EasingDirection":"In"},"Right Arm":{"Weight":1,"CFrame":[0.08705766499042511,-0.23335623741149903,0.287591814994812,0.9372005462646484,-0.19013474881649018,-0.2924107313156128,0.3454020917415619,0.38934358954429629,0.8538787364959717,-0.04850386455655098,-0.9012549519538879,0.43056610226631167],"EasingStyle":"Linear","EasingDirection":"In"},"Left Arm":{"Weight":1,"CFrame":[-0.04795412719249725,-0.1676338016986847,0.508955717086792,1,-1.0058281674218961e-7,-1.192093463942001e-7,2.384185791015625e-7,-0.03298455476760864,0.9994559288024902,1.4427313566045541e-8,-0.9994559288024902,-0.03298457711935043],"EasingStyle":"Linear","EasingDirection":"In"},"Head":{"Weight":1,"CFrame":[8.742277657347586e-8,-2.086162567138672e-7,-2.384185791015625e-7,1,6.733633028943587e-8,5.575446238026416e-8,0,0.6377567052841187,-0.7702378630638123,-8.742277657347586e-8,0.7702378630638123,0.6377567052841187],"EasingStyle":"Linear","EasingDirection":"In"},"Torso":{"Weight":1,"CFrame":[0,-0.06069004535675049,-0.38925719261169436,1,0,-8.742277657347586e-8,-4.321373126003891e-8,0.8692871332168579,-0.4943074584007263,7.599549434189612e-8,0.4943074584007263,0.8692871332168579],"EasingStyle":"Linear","EasingDirection":"In"},"HumanoidRootPart":{"Weight":1,"CFrame":[0,0,0,1,0,0,0,1,0,0,0,1],"EasingStyle":"Linear","EasingDirection":"In"},"Right Leg":{"Weight":1,"CFrame":[0.11101324111223221,0.4317120909690857,0.08146989345550537,0.7871134281158447,-0.4562981426715851,-0.41502344608306887,0.5176717638969421,0.8545344471931458,0.04227186739444733,0.3353632986545563,-0.24811865389347077,0.9088281393051148],"EasingStyle":"Linear","EasingDirection":"In"}}},{"Time":0.5,"poses":{"Left Leg":{"Weight":1,"CFrame":[-0.05705989897251129,0.34938913583755495,0.060927391052246097,0.7693431973457336,0.4865676760673523,0.41396015882492068,-0.5495693683624268,0.8344636559486389,0.04054601117968559,-0.3257063031196594,-0.2586936354637146,0.9093916416168213],"EasingStyle":"Linear","EasingDirection":"In"},"Right Arm":{"Weight":1,"CFrame":[0.08705751597881317,-0.2333562970161438,0.287591814994812,0.9372005462646484,-0.19013474881649018,-0.2924107313156128,0.3454020917415619,0.38934358954429629,0.8538787364959717,-0.04850386455655098,-0.9012549519538879,0.43056610226631167],"EasingStyle":"Linear","EasingDirection":"In"},"Left Arm":{"Weight":1,"CFrame":[-0.04440201818943024,-0.1626390516757965,0.4870537519454956,1,-9.872015738210394e-8,-8.940700979565008e-8,2.384185791015625e-7,0.0634319856762886,0.9979862570762634,2.649194996706683e-8,-0.9979861378669739,0.06343204528093338],"EasingStyle":"Linear","EasingDirection":"In"},"Head":{"Weight":1,"CFrame":[8.742277657347586e-8,-5.960464477539063e-8,-1.1920928955078126e-7,1,6.447205436188597e-8,5.9043166800165639e-8,0,0.6753751039505005,-0.7374743819236755,-8.742277657347586e-8,0.7374743819236755,0.6753751039505005],"EasingStyle":"Linear","EasingDirection":"In"},"Torso":{"Weight":1,"CFrame":[0,-0.07694292068481446,-0.350299596786499,1,0,-8.742277657347586e-8,-4.321373126003891e-8,0.8692871332168579,-0.4943074584007263,7.599549434189612e-8,0.4943074584007263,0.8692871332168579],"EasingStyle":"Linear","EasingDirection":"In"},"HumanoidRootPart":{"Weight":1,"CFrame":[0,0,0,1,0,0,0,1,0,0,0,1],"EasingStyle":"Linear","EasingDirection":"In"},"Right Leg":{"Weight":1,"CFrame":[0.05706001818180084,0.3493891954421997,0.06092727184295654,0.7693431973457336,-0.4865676760673523,-0.4139600992202759,0.5495694279670715,0.8344635963439941,0.04054619371891022,0.3257061839103699,-0.2586938142776489,0.9093915224075317],"EasingStyle":"Linear","EasingDirection":"In"}}},{"Time":0.5333333611488342,"poses":{"Left Leg":{"Weight":1,"CFrame":[0.036316633224487308,0.22284263372421266,0.023963570594787599,0.7415304780006409,0.5274588465690613,0.4146319627761841,-0.5944843292236328,0.8030285835266113,0.04163610190153122,-0.3110000193119049,-0.2773667275905609,0.9090361595153809],"EasingStyle":"Linear","EasingDirection":"In"},"Right Arm":{"Weight":1,"CFrame":[0.08705750107765198,-0.23335638642311097,0.287591814994812,0.9372005462646484,-0.19013474881649018,-0.2924107313156128,0.3454020917415619,0.38934358954429629,0.8538787364959717,-0.04850386455655098,-0.9012549519538879,0.43056610226631167],"EasingStyle":"Linear","EasingDirection":"In"},"Left Arm":{"Weight":1,"CFrame":[-0.03552141785621643,-0.1501527726650238,0.474454402923584,1,-9.313224325069314e-8,-8.940700979565008e-8,2.384185791015625e-7,0.10109861195087433,0.9948763847351074,3.0881729173870556e-8,-0.994876503944397,0.10109866410493851],"EasingStyle":"Linear","EasingDirection":"In"},"Head":{"Weight":1,"CFrame":[8.742277657347586e-8,-5.960464477539063e-8,-1.1920928955078126e-7,1,5.652725931781788e-8,6.668891217032069e-8,0,0.7628322839736939,-0.6465964317321777,-8.742277657347586e-8,0.6465964317321777,0.7628322839736939],"EasingStyle":"Linear","EasingDirection":"In"},"Torso":{"Weight":1,"CFrame":[0,-0.12001276016235352,-0.29981541633605959,1,0,-8.742277657347586e-8,-4.321373126003891e-8,0.8692871332168579,-0.4943074584007263,7.599549434189612e-8,0.4943074584007263,0.8692871332168579],"EasingStyle":"Linear","EasingDirection":"In"},"HumanoidRootPart":{"Weight":1,"CFrame":[0,0,0,1,0,0,0,1,0,0,0,1],"EasingStyle":"Linear","EasingDirection":"In"},"Right Leg":{"Weight":1,"CFrame":[-0.036316633224487308,0.22284281253814698,0.0239638090133667,0.7415304780006409,-0.5274588465690613,-0.4146319627761841,0.5944843888282776,0.8030285835266113,0.041636258363723758,0.31099987030029299,-0.27736684679985049,0.9090362191200256],"EasingStyle":"Linear","EasingDirection":"In"}}},{"Time":0.5666666626930237,"poses":{"Left Leg":{"Weight":1,"CFrame":[0.05413104593753815,0.19701266288757325,0.01650238037109375,0.7490306496620178,0.5133171081542969,0.41887757182121279,-0.5829660892486572,0.8110448718070984,0.04854944348335266,-0.314807265996933,-0.28055647015571597,0.9067438840866089],"EasingStyle":"Linear","EasingDirection":"In"},"Right Arm":{"Weight":1,"CFrame":[0.0870576798915863,-0.23335620760917664,0.287591814994812,0.9372005462646484,-0.19013474881649018,-0.2924107313156128,0.3454020917415619,0.38934358954429629,0.8538787364959717,-0.04850386455655098,-0.9012549519538879,0.43056610226631167],"EasingStyle":"Linear","EasingDirection":"In"},"Left Arm":{"Weight":1,"CFrame":[-0.023977130651474,-0.13392028212547303,0.4603581428527832,1,-9.313222193441107e-8,-8.940699558479537e-8,2.384185791015625e-7,0.11318112909793854,0.9935744404792786,3.234390888451344e-8,-0.9935744404792786,0.1131812036037445],"EasingStyle":"Linear","EasingDirection":"In"},"Head":{"Weight":1,"CFrame":[8.742277657347586e-8,-2.384185791015625e-7,0,1,4.473682224670483e-8,7.510897859219767e-8,0,0.8591465950012207,-0.5117295980453491,-8.742277657347586e-8,0.5117295980453491,0.8591465950012207],"EasingStyle":"Linear","EasingDirection":"In"},"Torso":{"Weight":1,"CFrame":[0,-0.18014740943908692,-0.2820456027984619,1,0,-8.742277657347586e-8,-4.321373126003891e-8,0.8692871332168579,-0.4943074584007263,7.599549434189612e-8,0.4943074584007263,0.8692871332168579],"EasingStyle":"Linear","EasingDirection":"In"},"HumanoidRootPart":{"Weight":1,"CFrame":[0,0,0,1,0,0,0,1,0,0,0,1],"EasingStyle":"Linear","EasingDirection":"In"},"Right Leg":{"Weight":1,"CFrame":[-0.054131075739860538,0.1970127820968628,0.01650261878967285,0.7490307092666626,-0.5133170485496521,-0.41887760162353518,0.582966148853302,0.8110446929931641,0.0485495887696743,0.3148071765899658,-0.2805565893650055,0.9067438840866089],"EasingStyle":"Linear","EasingDirection":"In"}}},{"Time":0.6000000238418579,"poses":{"Left Leg":{"Weight":1,"CFrame":[0.04794326424598694,0.19914740324020387,0.018709182739257814,0.7658596634864807,0.4835672080516815,0.42381805181503298,-0.5552567839622498,0.8297474384307861,0.05665169283747673,-0.3242669701576233,-0.27871501445770266,0.9039739370346069],"EasingStyle":"Linear","EasingDirection":"In"},"Right Arm":{"Weight":1,"CFrame":[0.08705750107765198,-0.2333563268184662,0.287591814994812,0.9372005462646484,-0.19013474881649018,-0.2924107313156128,0.3454020917415619,0.38934358954429629,0.8538787364959717,-0.04850386455655098,-0.9012549519538879,0.43056610226631167],"EasingStyle":"Linear","EasingDirection":"In"},"Left Arm":{"Weight":1,"CFrame":[-0.012432515621185303,-0.1176881194114685,0.43396544456481936,1,-8.940693874137651e-8,-8.940700979565008e-8,2.384185791015625e-7,0.1320440024137497,0.9912439584732056,3.462490383299155e-8,-0.991243839263916,0.13204410672187806],"EasingStyle":"Linear","EasingDirection":"In"},"Head":{"Weight":1,"CFrame":[8.742276236262114e-8,-5.960464477539063e-8,-1.1920928955078126e-7,1,3.171765428078288e-8,8.146614760562443e-8,0,0.9318641424179077,-0.3628076910972595,-8.742277657347586e-8,0.3628076910972595,0.9318641424179077],"EasingStyle":"Linear","EasingDirection":"In"},"Torso":{"Weight":1,"CFrame":[0,-0.2427196502685547,-0.2729203701019287,1,0,-8.742277657347586e-8,-4.321373126003891e-8,0.8692871332168579,-0.4943074584007263,7.599549434189612e-8,0.4943074584007263,0.8692871332168579],"EasingStyle":"Linear","EasingDirection":"In"},"HumanoidRootPart":{"Weight":1,"CFrame":[0,0,0,1,0,0,0,1,0,0,0,1],"EasingStyle":"Linear","EasingDirection":"In"},"Right Leg":{"Weight":1,"CFrame":[-0.04794326424598694,0.19914758205413819,0.018709540367126466,0.7658596038818359,-0.4835672080516815,-0.4238179922103882,0.5552568435668945,0.8297473788261414,0.056651871651411059,0.32426685094833376,-0.27871519327163699,0.9039739370346069],"EasingStyle":"Linear","EasingDirection":"In"}}},{"Time":0.6333333253860474,"poses":{"Left Leg":{"Weight":1,"CFrame":[0.03447950631380081,0.20924681425094605,0.023981094360351564,0.7810519933700562,0.4548121690750122,0.4279061257839203,-0.5279099941253662,0.8469304442405701,0.06340374052524567,-0.3335699141025543,-0.2754175364971161,0.9015964865684509],"EasingStyle":"Linear","EasingDirection":"In"},"Right Arm":{"Weight":1,"CFrame":[0.08705765008926392,-0.23335635662078858,0.287591814994812,0.9372005462646484,-0.19013474881649018,-0.2924107313156128,0.3454020917415619,0.38934358954429629,0.8538787364959717,-0.04850386455655098,-0.9012549519538879,0.43056610226631167],"EasingStyle":"Linear","EasingDirection":"In"},"Left Arm":{"Weight":1,"CFrame":[-0.0035522878170013429,-0.10520148277282715,0.38447701930999758,1,-8.940693874137651e-8,-2.980233304583635e-8,2.384185791015625e-7,0.1898013800382614,0.9818225502967835,4.0963563208151757e-8,-0.9818224906921387,0.18980151414871217],"EasingStyle":"Linear","EasingDirection":"In"},"Head":{"Weight":1,"CFrame":[8.742276236262114e-8,-1.7881393432617188e-7,-1.1920928955078126e-7,1,2