{"Sequence":[{"Time":0,"poses":{"Left Leg":{"Weight":1,"CFrame":[-0.07408049702644348,-0.15830326080322267,0.08677804470062256,0.9955816268920898,-0.06752819567918778,0.06524835526943207,0.08034498244524002,0.9722514748573303,-0.21970844268798829,-0.048601336777210239,0.22398006916046143,0.9733812212944031],"EasingStyle":"Linear","EasingDirection":"In"},"Right Arm":{"Weight":1,"CFrame":[-0.1445339024066925,-0.052334338426589969,0.22244572639465333,-0.14967451989650727,-0.7968763113021851,-0.5853081941604614,0.5515737533569336,-0.5585980415344238,0.6194633841514587,-0.8205876350402832,-0.23012281954288484,0.5231438875198364],"EasingStyle":"Linear","EasingDirection":"In"},"Head":{"Weight":1,"CFrame":[8.533575623914658e-8,2.2730091586709024e-8,0.016661643981933595,0.9980227947235107,-0.009219330735504628,-0.0621732696890831,0.0033453823998570444,0.9955735206604004,-0.09392714500427246,0.06276402622461319,0.0935334712266922,0.9936358332633972],"EasingStyle":"Linear","EasingDirection":"In"},"Right Leg":{"Weight":1,"CFrame":[0.20116329193115235,0.004165709018707275,0.15953755378723145,0.8892284631729126,0.3407934308052063,-0.3051760792732239,-0.3219924867153168,0.9401377439498901,0.11163327097892761,0.3249514400959015,-0.001003171200864017,0.9457302093505859],"EasingStyle":"Linear","EasingDirection":"In"},"Torso":{"Weight":1,"CFrame":[-0.03598332405090332,0.0808323472738266,-0.026168107986450197,0.9990333914756775,0.004319989122450352,-0.043745629489421847,-2.2875681793266268e-7,0.9951598644256592,0.0982692763209343,0.04395841807126999,-0.09817427396774292,0.9941979050636292],"EasingStyle":"Linear","EasingDirection":"In"},"HumanoidRootPart":{"Weight":1,"CFrame":[0,0,0,1,0,0,0,1,0,0,0,1],"EasingStyle":"Linear","EasingDirection":"In"},"Left Arm":{"Weight":1,"CFrame":[0.12398504465818405,-0.13673067092895509,0.16650843620300294,-0.33170634508132937,0.727079451084137,0.6011041402816773,-0.6777315735816956,-0.626899003982544,0.3842886686325073,0.6562398672103882,-0.2799164652824402,0.7007111310958862],"EasingStyle":"Linear","EasingDirection":"In"}}},{"Time":0.01666666753590107,"poses":{"Left Leg":{"Weight":1,"CFrame":[-0.05728192254900932,-0.16145288944244386,0.09703409671783447,0.996154248714447,-0.058589838445186618,0.06514636427164078,0.0718589574098587,0.9717385768890381,-0.2248566895723343,-0.05013096705079079,0.22867333889007569,0.9722116589546204],"EasingStyle":"Linear","EasingDirection":"In"},"Right Arm":{"Weight":1,"CFrame":[-0.14167432487010957,0.0025582313537597658,0.22225356101989747,-0.14498989284038545,-0.7753726840019226,-0.6146341562271118,0.5244231820106506,-0.5869876742362976,0.616786777973175,-0.8390222787857056,-0.23290058970451356,0.4917307198047638],"EasingStyle":"Linear","EasingDirection":"In"},"Head":{"Weight":1,"CFrame":[8.581264410167933e-8,3.8708094507455829e-8,0.016662120819091798,0.9979709386825562,-0.008521433919668198,-0.06309930980205536,0.002566263545304537,0.995581865310669,-0.09386301785707474,0.06362037360668183,0.09351072460412979,0.9935835003852844],"EasingStyle":"Linear","EasingDirection":"In"},"Right Leg":{"Weight":1,"CFrame":[0.20220515131950379,0.002885758876800537,0.15858912467956544,0.8886327743530273,0.3417756259441376,-0.30581215023994448,-0.32303500175476076,0.9397815465927124,0.11162051558494568,0.3255458176136017,-0.00040163041558116674,0.9455262422561646],"EasingStyle":"Linear","EasingDirection":"In"},"Torso":{"Weight":1,"CFrame":[-0.03526634722948074,0.08082012832164765,-0.026164770126342775,0.9990743398666382,0.003537027630954981,-0.04287399724125862,0.0006932882824912667,0.9951611161231995,0.09825439751148224,0.04301406443119049,-0.09819316864013672,0.9942373633384705],"EasingStyle":"Linear","EasingDirection":"In"},"HumanoidRootPart":{"Weight":1,"CFrame":[0,0,0,1,0,0,0,1,0,0,0,1],"EasingStyle":"Linear","EasingDirection":"In"},"Left Arm":{"Weight":1,"CFrame":[0.12183628231287003,-0.09397822618484497,0.16799795627593995,-0.3463265299797058,0.7111718654632568,0.6117944717407227,-0.6710425019264221,-0.6435312032699585,0.36819779872894289,0.6555606722831726,-0.283023476600647,0.70009845495224],"EasingStyle":"Linear","EasingDirection":"In"}}},{"Time":0.03333333507180214,"poses":{"Left Leg":{"Weight":1,"CFrame":[-0.23153375089168549,-0.12515711784362794,0.14268922805786134,0.9783791899681091,-0.16530749201774598,0.12428838014602661,0.18535490334033967,0.9674370288848877,-0.17236393690109254,-0.09174816310405731,0.19167469441890717,0.9771608114242554],"EasingStyle":"Linear","EasingDirection":"In"},"Right Arm":{"Weight":1,"CFrame":[-0.13618463277816773,0.054049789905548099,0.22170937061309815,-0.14769363403320313,-0.7561318278312683,-0.6375352740287781,0.5034540891647339,-0.6123175024986267,0.6095911264419556,-0.8513053059577942,-0.23093700408935548,0.471112996339798],"EasingStyle":"Linear","EasingDirection":"In"},"Head":{"Weight":1,"CFrame":[8.763163350522518e-8,1.3096723705530167e-10,0.016662001609802247,0.9977999329566956,-0.008212664164602757,-0.06578604131937027,0.002008806448429823,0.9955872297286987,-0.0938197448849678,0.0662662461400032,0.09348124265670777,0.9934133291244507],"EasingStyle":"Linear","EasingDirection":"In"},"Right Leg":{"Weight":1,"CFrame":[0.20174843072891236,0.00020110607147216797,0.15699362754821778,0.8884512186050415,0.34184473752975466,-0.30626240372657778,-0.3237658441066742,0.9397549629211426,0.1097104400396347,0.32531559467315676,0.0016848822124302388,0.9456040263175964],"EasingStyle":"Linear","EasingDirection":"In"},"Torso":{"Weight":1,"CFrame":[-0.033055879175662997,0.08081598579883576,-0.026274442672729493,0.9991877675056458,0.0029743011109530927,-0.040186673402786258,0.0009892095113173128,0.9951613545417786,0.09824937582015991,0.040284447371959689,-0.09820932894945145,0.9943500757217407],"EasingStyle":"Linear","EasingDirection":"In"},"HumanoidRootPart":{"Weight":1,"CFrame":[0,0,0,1,0,0,0,1,0,0,0,1],"EasingStyle":"Linear","EasingDirection":"In"},"Left Arm":{"Weight":1,"CFrame":[0.11757782846689224,-0.05334597826004028,0.16902542114257813,-0.3633023500442505,0.6962434649467468,0.6190770268440247,-0.6614223122596741,-0.6607192158699036,0.35492369532585146,0.6561493873596191,-0.2805268168449402,0.7005517482757568],"EasingStyle":"Linear","EasingDirection":"In"}}},{"Time":0.05000000074505806,"poses":{"Left Leg":{"Weight":1,"CFrame":[-0.3583295941352844,-0.043512582778930667,0.225072979927063,0.9357900023460388,-0.26400431990623476,0.23366396129131318,0.2855777144432068,0.9562651515007019,-0.0632648840546608,-0.2067425549030304,0.12593185901641847,0.970257043838501],"EasingStyle":"Linear","EasingDirection":"In"},"Right Arm":{"Weight":1,"CFrame":[-0.12984821200370789,0.0970645546913147,0.2207930088043213,-0.15466482937335969,-0.7382503151893616,-0.6565556526184082,0.49120914936065676,-0.6340539455413818,0.5972346067428589,-0.8572003245353699,-0.23013503849506379,0.46070119738578799],"EasingStyle":"Linear","EasingDirection":"In"},"Head":{"Weight":1,"CFrame":[9.96515154838562e-8,-1.206353772431612e-8,0.016662120819091798,0.9974990487098694,-0.008193104527890683,-0.07020289450883866,0.0015767645090818406,0.9955909848213196,-0.09378819912672043,0.0706617459654808,0.09344302862882614,0.9931139945983887],"EasingStyle":"Linear","EasingDirection":"In"},"Right Leg":{"Weight":1,"CFrame":[0.20023663341999055,-0.0037813186645507814,0.15494704246520997,0.8885491490364075,0.34126749634742739,-0.3066217601299286,-0.3244612514972687,0.9399508833885193,0.10591194778680802,0.32435372471809389,0.005378849804401398,0.9459205865859985],"EasingStyle":"Linear","EasingDirection":"In"},"Torso":{"Weight":1,"CFrame":[-0.029363475739955903,0.08081784844398499,-0.026683568954467775,0.9993594288825989,0.0025328118354082109,-0.03569776192307472,0.0009874399984255434,0.9951611161231995,0.09825161844491959,0.035773877054452899,-0.09822392463684082,0.9945211410522461],"EasingStyle":"Linear","EasingDirection":"In"},"HumanoidRootPart":{"Weight":1,"CFrame":[0,0,0,1,0,0,0,1,0,0,0,1],"EasingStyle":"Linear","EasingDirection":"In"},"Left Arm":{"Weight":1,"CFrame":[0.11265016347169876,-0.019057869911193849,0.16959285736083985,-0.38018181920051577,0.6824963688850403,0.6242278218269348,-0.6527669429779053,-0.6761292815208435,0.34167924523353579,0.6552534699440002,-0.27757516503334048,0.7025631666183472],"EasingStyle":"Linear","EasingDirection":"In"}}},{"Time":0.06666667014360428,"poses":{"Left Leg":{"Weight":1,"CFrame":[-0.4362775385379791,0.016383886337280275,0.2842411994934082,0.8971675038337708,-0.3329704701900482,0.29020893573760989,0.3465959131717682,0.9380025863647461,0.00472958805039525,-0.2737916111946106,0.09634200483560562,0.9569516181945801],"EasingStyle":"Linear","EasingDirection":"In"},"Right Arm":{"Weight":1,"CFrame":[-0.12445284426212311,0.12652766704559327,0.21948933601379395,-0.1627129763364792,-0.7208621501922607,-0.6737077832221985,0.49045059084892275,-0.6515682935714722,0.578720211982727,-0.8561440706253052,-0.2362551987171173,0.4595659375190735],"EasingStyle":"Linear","EasingDirection":"In"},"Head":{"Weight":1,"CFrame":[7.661583367735148e-8,-3.7834979593753818e-9,0.016661882400512697,0.9970483779907227,-0.008363015949726105,-0.07631893455982208,0.001174022676423192,0.9955942630767822,-0.09375923126935959,0.07676681876182556,0.09339291602373123,0.9926654100418091],"EasingStyle":"Linear","EasingDirection":"In"},"Right Leg":{"Weight":1,"CFrame":[0.19768798351287843,-0.008968472480773926,0.15250301361083985,0.8888680338859558,0.34010982513427737,-0.30698373913764956,-0.3251807391643524,0.940324604511261,0.10023611783981323,0.32275569438934328,0.010728465393185616,0.9464215636253357],"EasingStyle":"Linear","EasingDirection":"In"},"Torso":{"Weight":1,"CFrame":[-0.024200372397899629,0.08082282543182373,-0.027585744857788087,0.9995648860931397,0.002113607246428728,-0.02942088432610035,0.0007877915049903095,0.995160698890686,0.09825766831636429,0.029486186802387239,-0.09823808819055557,0.9947260022163391],"EasingStyle":"Linear","EasingDirection":"In"},"HumanoidRootPart":{"Weight":1,"CFrame":[0,0,0,1,0,0,0,1,0,0,0,1],"EasingStyle":"Linear","EasingDirection":"In"},"Left Arm":{"Weight":1,"CFrame":[0.10849827527999878,0.004657864570617676,0.1696995496749878,-0.39471927285194399,0.6702587604522705,0.6284503936767578,-0.6490855813026428,-0.6875213980674744,0.3255796432495117,0.6502957940101624,-0.27940553426742556,0.7064333558082581],"EasingStyle":"Linear","EasingDirection":"In"}}},{"Time":0.0833333358168602,"poses":{"Left Leg":{"Weight":1,"CFrame":[-0.5118457078933716,0.01824164390563965,0.3076978921890259,0.8713074326515198,-0.4001545011997223,0.2840768098831177,0.41375675797462466,0.910291850566864,0.013193734921514988,-0.2638723850250244,0.10604292154312134,0.9587107300758362],"EasingStyle":"Linear","EasingDirection":"In"},"Right Arm":{"Weight":1,"CFrame":[-0.12178964167833328,0.13738447427749635,0.21779465675354005,-0.16865287721157075,-0.7031676769256592,-0.690732479095459,0.5038745999336243,-0.6637913584709168,0.5527129173278809,-0.8471521139144898,-0.25482600927352908,0.4662587344646454],"EasingStyle":"Linear","EasingDirection":"In"},"Head":{"Weight":1,"CFrame":[1.0025541996583343e-7,-2.852175384759903e-8,0.016661882400512697,0.9964198470115662,-0.00862228311598301,-0.0841023400425911,0.0007045783568173647,0.9955981373786926,-0.09372280538082123,0.08454021066427231,0.0933280810713768,0.9920397996902466],"EasingStyle":"Linear","EasingDirection":"In"},"Right Leg":{"Weight":1,"CFrame":[0.19422265887260438,-0.015262126922607422,0.14973926544189454,0.8893297910690308,0.33848461508750918,-0.3074420690536499,-0.3260304033756256,0.9408036470413208,0.0926971286535263,0.3206191658973694,0.017797084525227548,0.9470410346984863],"EasingStyle":"Linear","EasingDirection":"In"},"Torso":{"Weight":1,"CFrame":[-0.017577629536390306,0.08082804083824158,-0.02918267250061035,0.9997703433036804,0.00161773432046175,-0.021369509398937227,0.0004900617059320211,0.9951602816581726,0.09826401621103287,0.021425053477287294,-0.09825191646814347,0.9949309229850769],"EasingStyle":"Linear","EasingDirection":"In"},"HumanoidRootPart":{"Weight":1,"CFrame":[0,0,0,1,0,0,0,1,0,0,0,1],"EasingStyle":"Linear","EasingDirection":"In"},"Left Arm":{"Weight":1,"CFrame":[0.10656996071338654,0.013575315475463868,0.16934800148010255,-0.4048515558242798,0.6599353551864624,0.6329143047332764,-0.6543182134628296,-0.6925920844078064,0.3036181330680847,0.6387198567390442,-0.29120710492134097,0.7122046947479248],"EasingStyle":"Linear","EasingDirection":"In"}}},{"Time":0.10000000149011612,"poses":{"Left Leg":{"Weight":1,"CFrame":[-0.5620083212852478,-0.008657336235046387,0.31566381454467776,0.8433597683906555,-0.46514132618904116,0.26905006170272829,0.47958579659461977,0.8773903250694275,0.013555249199271202,-0.24236707389354707,0.11760063469409943,0.9630308151245117],"EasingStyle":"Linear","EasingDirection":"In"},"Right Arm":{"Weight":1,"CFrame":[-0.1254519671201706,0.10414516925811768,0.2157905101776123,-0.1771438717842102,-0.6854367256164551,-0.706255316734314,0.5329816341400147,-0.6700806617736816,0.5166453719139099,-0.8273758292198181,-0.2849006652832031,0.48402586579322817],"EasingStyle":"Linear","EasingDirection":"In"},"Head":{"Weight":1,"CFrame":[8.928691386245191e-8,3.223431122023612e-8,0.016661882400512697,0.9955779314041138,-0.008870980702340603,-0.09352010488510132,0.00007256492972373962,0.995603621006012,-0.09366735070943833,0.09393985569477081,0.0932464525103569,0.9912015795707703],"EasingStyle":"Linear","EasingDirection":"In"},"Right Leg":{"Weight":1,"CFrame":[0.1899787336587906,-0.022573351860046388,0.14673364162445069,0.889853835105896,0.3365129232406616,-0.30808958411216738,-0.3271237313747406,0.9413017630577087,0.08331333845853806,0.3180413544178009,0.02664666250348091,0.9477024078369141],"EasingStyle":"Linear","EasingDirection":"In"},"Torso":{"Weight":1,"CFrame":[-0.009506728500127793,0.08083140850067139,-0.031682729721069339,0.9999327659606934,0.0009462453308515251,-0.011557579971849919,0.00019408932712394744,0.9951599836349487,0.09826812148094177,0.011594625189900399,-0.09826375544071198,0.9950928688049316],"EasingStyle":"Linear","EasingDirection":"In"},"HumanoidRootPart":{"Weight":1,"CFrame":[0,0,0,1,0,0,0,1,0,0,0,1],"EasingStyle":"Linear","EasingDirection":"In"},"Left Arm":{"Weight":1,"CFrame":[0.10745081305503845,0.002884089946746826,0.16859197616577149,-0.4104599356651306,0.6550683975219727,0.6343564987182617,-0.6735641956329346,-0.686734139919281,0.2733268141746521,0.6146820187568665,-0.31509020924568179,0.7231073975563049],"EasingStyle":"Linear","EasingDirection":"In"}}},{"Time":0.11666666716337204,"poses":{"Left Leg":{"Weight":1,"CFrame":[-0.5907213091850281,-0.057276368141174319,0.31044745445251467,0.815295934677124,-0.5236811637878418,0.2470843493938446,0.5396876931190491,0.8418582081794739,0.003480863757431507,-0.20983287692070008,0.13051044940948487,0.968987762928009],"EasingStyle":"Linear","EasingDirection":"In"},"Right Arm":{"Weight":1,"CFrame":[-0.13526587188243867,0.018928706645965577,0.21340787410736085,-0.19347240030765534,-0.6710504293441773,-0.7157232761383057,0.5723267197608948,-0.6697158217430115,0.4732048809528351,-0.7968754768371582,-0.3180754780769348,0.5136316418647766],"EasingStyle":"Linear","EasingDirection":"In"},"Head":{"Weight":1,"CFrame":[8.887944602520293e-8,-1.4901161193847657e-8,0.016662001609802247,0.9944802522659302,-0.00900892075151205,-0.10453753918409348,-0.0008175806724466383,0.9956116080284119,-0.09357882291078568,0.10492181777954102,0.09314778447151184,0.9901085495948792],"EasingStyle":"Linear","EasingDirection":"In"},"Right Leg":{"Weight":1,"CFrame":[0.18549606204032899,-0.030833959579467775,0.14368760585784913,0.8902879357337952,0.3345068097114563,-0.3090187609195709,-0.3287765681743622,0.941650927066803,0.07210832834243775,0.31510862708091738,0.03740089014172554,0.948318362236023],"EasingStyle":"Linear","EasingDirection":"In"},"Torso":{"Weight":1,"CFrame":[0,0.08083236217498779,-0.03530287742614746,1,2.384185791015625e-7,-8.742277657347586e-8,-2.2867362758915989e-7,0.9951598644256592,0.0982692614197731,1.1042885716960882e-7,-0.0982692614197731,0.9951598644256592],"EasingStyle":"Linear","EasingDirection":"In"},"HumanoidRootPart":{"Weight":1,"CFrame":[0,0,0,1,0,0,0,1,0,0,0,1],"EasingStyle":"Linear","EasingDirection":"In"},"Left Arm":{"Weight":1,"CFrame":[0.1103014275431633,-0.0254802405834198,0.16766393184661866,-0.41409632563591006,0.657347559928894,0.6296175718307495,-0.7029827237129211,-0.6703650951385498,0.23754161596298219,0.5782210826873779,-0.3442453145980835,0.7396998405456543],"EasingStyle":"Linear","EasingDirection":"In"}}},{"Time":0.13333334028720857,"poses":{"Left Leg":{"Weight":1,"CFrame":[-0.5993282794952393,-0.1141136884689331,0.2934063673019409,0.7929927706718445,-0.5682106018066406,0.21977077424526215,0.5855333805084229,0.8104629516601563,-0.017337046563625337,-0.1682649850845337,0.14243124425411225,0.975397527217865],"EasingStyle":"Linear","EasingDirection":"In"},"Right Arm":{"Weight":1,"CFrame":[-0.14737477898597718,-0.09692499041557312,0.21044433116912843,-0.21474578976631165,-0.6639660596847534,-0.716263473033905,0.6144444346427918,-0.6619012355804443,0.4293540418148041,-0.7591721415519714,-0.34790223836898806,0.5501108169555664],"EasingStyle":"Linear","EasingDirection":"In"},"Head":{"Weight":1,"CFrame":[8.996474321065762e-8,-1.4328179531730712e-8,0.0166623592376709,0.9930856823921204,-0.00894482247531414,-0.1170508936047554,-0.001815678784623742,0.9958032965660095,-0.09150230139493942,0.11737819015979767,0.0910821408033371,0.9889016151428223],"EasingStyle":"Linear","EasingDirection":"In"},"Right Leg":{"Weight":1,"CFrame":[0.18585772812366486,-0.04056739807128906,0.14234435558319093,0.8905996680259705,0.33217155933380129,-0.31063538789749148,-0.33140915632247927,0.9417695999145508,0.05690351873636246,0.31144875288009646,0.05226912721991539,0.9488243460655212],"EasingStyle":"Linear","EasingDirection":"In"},"Torso":{"Weight":1,"CFrame":[0.008267495781183243,0.08100639283657074,-0.041322946548461917,0.9999117851257324,-0.00127796467859298,0.013222700916230679,-0.0000015476048247364816,0.99535071849823,0.09631702303886414,-0.013284312561154366,-0.09630852937698364,0.9952629804611206],"EasingStyle":"Linear","EasingDirection":"In"},"HumanoidRootPart":{"Weight":1,"CFrame":[0,0,0,1,0,0,0,1,0,0,0,1],"EasingStyle":"Linear","EasingDirection":"In"},"Left Arm":{"Weight":1,"CFrame":[0.11442910879850388,-0.06563550233840943,0.16682875156402589,-0.4176956117153168,0.6642802953720093,0.6198886632919312,-0.7335439920425415,-0.6491342782974243,0.20134085416793824,0.5361376404762268,-0.37061652541160586,0.758419394493103],"EasingStyle":"Linear","EasingDirection":"In"}}},{"Time":0.15000000596046449,"poses":{"Left Leg":{"Weight":1,"CFrame":[-0.5892160534858704,-0.1678328514099121,0.2667815685272217,0.7809714078903198,-0.5954826474189758,0.18837295472621919,0.6127496957778931,0.7889078259468079,-0.046499643474817279,-0.12091917544603348,0.15174034237861634,0.9809961915016174],"EasingStyle":"Linear","EasingDirection":"In"},"Right Arm":{"Weight":1,"CFrame":[-0.15790964663028718,-0.22212642431259156,0.2067035436630249,-0.23722444474697114,-0.6678583025932312,-0.7054712772369385,0.6531305909156799,-0.6472238898277283,0.39309239387512209,-0.719127893447876,-0.3675138056278229,0.5897360444068909],"EasingStyle":"Linear","EasingDirection":"In"},"Head":{"Weight":1,"CFrame":[8.6791260400787e-8,1.1590600479394198e-8,0.01666247844696045,0.991386353969574,-0.00862361490726471,-0.13068623840808869,-0.0026590151246637108,0.9962989091873169,-0.08591511845588684,0.1309434175491333,0.08552271127700806,0.9876941442489624],"EasingStyle":"Linear","EasingDirection":"In"},"Right Leg":{"Weight":1,"CFrame":[0.19540587067604066,-0.05218029022216797,0.14412403106689454,0.8907836675643921,0.32938823103904726,-0.3130621910095215,-0.33535900712013247,0.9413924217224121,0.0362589955329895,0.30665767192840578,0.0726892352104187,0.9490402340888977],"EasingStyle":"Linear","EasingDirection":"In"},"Torso":{"Weight":1,"CFrame":[0.012973673641681672,0.081490159034729,-0.05058002471923828,0.9996103644371033,-0.0027821382973343136,0.02777380309998989,0.00024659375776536763,0.9958617687225342,0.09088157117366791,-0.027911709621548654,-0.09083932638168335,0.9954743385314941],"EasingStyle":"Linear","EasingDirection":"In"},"HumanoidRootPart":{"Weight":1,"CFrame":[0,0,0,1,0,0,0,1,0,0,0,1],"EasingStyle":"Linear","EasingDirection":"In"},"Left Arm":{"Weight":1,"CFrame":[0.11914048343896866,-0.11174389719963074,0.1663132905960083,-0.42347025871276858,0.6733129620552063,0.6060714721679688,-0.757722020149231,-0.6299383640289307,0.1703972965478897,0.49651825428009035,-0.3870755434036255,0.7769441604614258],"EasingStyle":"Linear","EasingDirection":"In"}}},{"Time":0.1666666716337204,"poses":{"Left Leg":{"Weight":1,"CFrame":[-0.5631611347198486,-0.2125401496887207,0.23450958728790284,0.7796106934547424,-0.6069576144218445,0.15430428087711335,0.6222326159477234,0.778624951839447,-0.08105400949716568,-0.07094886898994446,0.1592036783695221,0.9846931099891663],"EasingStyle":"Linear","EasingDirection":"In"},"Right Arm":{"Weight":1,"CFrame":[-0.1629721224308014,-0.33541586995124819,0.2019895315170288,-0.25685590505599978,-0.6855584383010864,-0.6812007427215576,0.6837294697761536,-0.6270526647567749,0.37325459718704226,-0.6830366849899292,-0.36988455057144167,0.6297988295555115],"EasingStyle":"Linear","EasingDirection":"In"},"Head":{"Weight":1,"CFrame":[7.57718225941062e-8,-3.507011570036411e-8,0.0166623592376709,0.9893993735313416,-0.008006466552615166,-0.14499960839748383,-0.0032826364040374758,0.9969909191131592,-0.0774492397904396,0.14518345892429353,0.07710418105125427,0.9863958954811096],"EasingStyle":"Linear","EasingDirection":"In"},"Right Leg":{"Weight":1,"CFrame":[0.21236588060855866,-0.0651402473449707,0.14836418628692628,0.8909689784049988,0.32612845301628115,-0.3159342408180237,-0.3401791453361511,0.94029301404953,0.011291303671896458,0.3007532060146332,0.09741397202014923,0.9487138390541077],"EasingStyle":"Linear","EasingDirection":"In"},"Torso":{"Weight":1,"CFrame":[0.014632582664489746,0.08222506940364838,-0.06263375282287598,0.9990548491477966,-0.004371571354568005,0.04324943572282791,0.0007852583075873554,0.9965830445289612,0.0825934186577797,-0.04346271604299545,-0.08248137682676316,0.9956445097923279],"EasingStyle":"Linear","EasingDirection":"In"},"HumanoidRootPart":{"Weight":1,"CFrame":[0,0,0,1,0,0,0,1,0,0,0,1],"EasingStyle":"Linear","EasingDirection":"In"},"Left Arm":{"Weight":1,"CFrame":[0.12373926490545273,-0.1580010950565338,0.1663053035736084,-0.4342019557952881,0.6817516088485718,0.5887981057167053,-0.7694988250732422,-0.6205315589904785,0.1510373055934906,0.4683377146720886,-0.3874988257884979,0.7940431237220764],"EasingStyle":"Linear","EasingDirection":"In"}}},{"Time":0.18333333730697633,"poses":{"Left Leg":{"Weight":1,"CFrame":[-0.5247121453285217,-0.24500298500061036,0.20137953758239747,0.7876346707344055,-0.6044988036155701,0.11921770870685578,0.6157552599906921,0.7791232466697693,-0.11752665042877197,-0.021840590983629228,0.16597703099250794,0.9858878254890442],"EasingStyle":"Linear","EasingDirection":"In"},"Right Arm":{"Weight":1,"CFrame":[-0.16380910575389863,-0.4199349880218506,0.1959705352783203,-0.2708021402359009,-0.712661862373352,-0.647131621837616,0.7084712386131287,-0.6026707291603088,0.36722803115844729,-0.6517167091369629,-0.3590281009674072,0.6681050658226013],"EasingStyle":"Linear","EasingDirection":"In"},"Head":{"Weight":1,"CFrame":[8.317874744534493e-8,9.10949893295765e-9,0.016662120819091798,0.9871653318405151,-0.007070905528962612,-0.15954521298408509,-0.003639486152678728,0.9977638721466065,-0.06673850864171982,0.15966030955314637,0.0664626881480217,0.9849321246147156],"EasingStyle":"Linear","EasingDirection":"In"},"Right Leg":{"Weight":1,"CFrame":[0.23467512428760529,-0.07869458198547363,0.15434753894805909,0.8913396596908569,0.32221880555152895,-0.31888675689697268,-0.345257431268692,0.9383561015129089,-0.016888612881302835,0.2937875986099243,0.12515147030353547,0.9476423263549805],"EasingStyle":"Linear","EasingDirection":"In"},"Torso":{"Weight":1,"CFrame":[0.013753622770309449,0.08315302431583405,-0.07703256607055664,0.9982262849807739,-0.005921594798564911,0.05924015864729881,0.001638833899050951,0.997397243976593,0.07208379358053208,-0.059512827545404437,-0.07185885310173035,0.9956377744674683],"EasingStyle":"Linear","EasingDirection":"In"},"HumanoidRootPart":{"Weight":1,"CFrame":[0,0,0,1,0,0,0,1,0,0,0,1],"EasingStyle":"Linear","EasingDirection":"In"},"Left Arm":{"Weight":1,"CFrame":[0.12776871025562287,-0.199285089969635,0.16685354709625245,-0.4472295641899109,0.6908913254737854,0.5680270195007324,-0.769891083240509,-0.6206127405166626,0.14868661761283875,0.45525115728378298,-0.37082207202911379,0.8094674944877625],"EasingStyle":"Linear","EasingDirection":"In"}}},{"Time":0.20000000298023225,"poses":{"Left Leg":{"Weight":1,"CFrame":[-0.4786144196987152,-0.2648952007293701,0.17196357250213624,0.8023891448974609,-0.5907124876976013,0.08503197878599167,0.596355676651001,0.7881056070327759,-0.15247748792171479,0.023056140169501306,0.17305560410022736,0.9846422076225281],"EasingStyle":"Linear","EasingDirection":"In"},"Right Arm":{"Weight":1,"CFrame":[-0.16437166929244996,-0.47667795419692995,0.1891336441040039,-0.2799731194972992,-0.7422870993614197,-0.60878986120224,0.7307099103927612,-0.5760671496391296,0.36634641885757449,-0.6226379871368408,-0.34228166937828066,0.7036798000335693],"EasingStyle":"Linear","EasingDirection":"In"},"Head":{"Weight":1,"CFrame":[6.155460141599178e-8,6.693881005048752e-9,0.016662120819091798,0.9847502112388611,-0.005819690879434347,-0.1738765388727188,-0.003708167467266321,0.9985111951828003,-0.054421741515398028,0.17393438518047334,0.05423658713698387,0.9832625985145569],"EasingStyle":"Linear","EasingDirection":"In"},"Right Leg":{"Weight":1,"CFrame":[0.25982314348220827,-0.09205901622772217,0.16125905513763429,0.8921325206756592,0.31729573011398318,-0.3215942680835724,-0.3497713804244995,0.9356475472450256,-0.04715684428811073,0.28593626618385317,0.1545545756816864,0.9457026124000549],"EasingStyle":"Linear","EasingDirection":"In"},"Torso":{"Weight":1,"CFrame":[0.010840997099876404,0.08421856164932251,-0.09329700469970703,0.9971317052841187,-0.0073312390595674519,0.07533024996519089,0.0028072241693735124,0.998195230960846,0.059987008571624759,-0.07563406974077225,-0.05960347130894661,0.9953527450561523],"EasingStyle":"Linear","EasingDirection":"In"},"HumanoidRootPart":{"Weight":1,"CFrame":[0,0,0,1,0,0,0,1,0,0,0,1],"EasingStyle":"Linear","EasingDirection":"In"},"Left Arm":{"Weight":1,"CFrame":[0.1312200278043747,-0.2340715527534485,0.16797256469726563,-0.4581151008605957,0.7030641436576843,0.5439037680625916,-0.7643200755119324,-0.623954713344574,0.16277436912059785,0.4538120925426483,-0.3411473333835602,0.8232090473175049],"EasingStyle":"Linear","EasingDirection":"In"}}},{"Time":0.21666666865348817,"poses":{"Left Leg":{"Weight":1,"CFrame":[-0.43217402696609499,-0.2744547128677368,0.14948225021362306,0.8201152086257935,-0.569659948348999,0.0538405179977417,0.568929135799408,0.8017673492431641,-0.1829996258020401,0.0610799677670002,0.18071216344833375,0.9816375970840454],"EasingStyle":"Linear","EasingDirection":"In"},"Right Arm":{"Weight":1,"CFrame":[-0.1647893339395523,-0.5111683011054993,0.18249988555908204,-0.2864733040332794,-0.7726360559463501,-0.5665390491485596,0.7486146688461304,-0.5495429039001465,0.37091606855392458,-0.5979205965995789,-0.31786203384399416,0.7358361482620239],"EasingStyle":"Linear","EasingDirection":"In"},"Head":{"Weight":1,"CFrame":[1.2113014236092568e-7,-2.9278453439474107e-8,0.016662240028381349,0.9822457432746887,-0.0042852917686104778,-0.18754974007606507,-0.0034966873936355116,0.9991471767425537,-0.04114242270588875,0.1875661313533783,0.041067853569984439,0.981393039226532],"EasingStyle":"Linear","EasingDirection":"In"},"Right Leg":{"Weight":1,"CFrame":[0.28594276309013369,-0.10456359386444092,0.1685497760772705,0.8934285640716553,0.31134384870529177,-0.32380595803260805,-0.35327014327049258,0.9322330355644226,-0.07836981117725373,0.2774626314640045,0.1844087690114975,0.942872166633606],"EasingStyle":"Linear","EasingDirection":"In"},"Torso":{"Weight":1,"CFrame":[0.006394684314727783,0.08536886423826218,-0.11090826988220215,0.9958053231239319,-0.008528558537364006,0.09109886735677719,0.004260718356817961,0.9988886117935181,0.04694058373570442,-0.0913979634642601,-0.046355538070201877,0.9947349429130554],"EasingStyle":"Linear","EasingDirection":"In"},"HumanoidRootPart":{"Weight":1,"CFrame":[0,0,0,1,0,0,0,1,0,0,0,1],"EasingStyle":"Linear","EasingDirection":"In"},"Left Arm":{"Weight":1,"CFrame":[0.1340630054473877,-0.2619364857673645,0.16978883743286134,-0.4675304889678955,0.7169203162193298,0.5171464085578919,-0.7535085678100586,-0.6291072368621826,0.19091615080833436,0.46221208572387698,-0.30041515827178957,0.8343324661254883],"EasingStyle":"Linear","EasingDirection":"In"}}},{"Time":0.23333333432674409,"poses":{"Left Leg":{"Weight":1,"CFrame":[-0.3965432345867157,-0.277762770652771,0.13497304916381837,0.8363134860992432,-0.5475472211837769,0.027781853452324868,0.5406985282897949,0.8153499364852905,-0.20700162649154664,0.09069117158651352,0.1881399154663086,0.9779460430145264],"EasingStyle":"Linear","EasingDirection":"In"},"Right Arm":{"Weight":1,"CFrame":[-0.1651945263147354,-0.5289317965507507,0.17708158493041993,-0.2927972674369812,-0.8019807934761047,-0.5206693410873413,0.7605252265930176,-0.5253762006759644,0.38155102729797366,-0.579543948173523,-0.28426507115364077,0.7637553811073303],"EasingStyle":"Linear","EasingDirection":"In"},"Head":{"Weight":1,"CFrame":[9.051291272044182e-8,1.1641532182693482e-8,0.01666247844696045,0.9797669053077698,-0.0025322989095002414,-0.20012621581554414,-0.0030433458741754295,0.9996158480644226,-0.027547823265194894,0.20011912286281587,0.027599520981311799,0.9793828129768372],"EasingStyle":"Linear","EasingDirection":"In"},"Right Leg":{"Weight":1,"CFrame":[0.3117111623287201,-0.11567854881286621,0.17589545249938966,0.8951693177223206,0.3046446144580841,-0.3253668248653412,-0.3556377589702606,0.9282031655311585,-0.10936540365219116,0.26868897676467898,0.21361318230628968,0.9392421245574951],"EasingStyle":"Linear","EasingDirection":"In"},"Torso":{"Weight":1,"CFrame":[0.0009122788906097412,0.08655252307653427,-0.1293022632598877,0.9943080544471741,-0.009473353624343872,0.10612218827009201,0.005937648471444845,0.9994182586669922,0.033583857119083408,-0.10637862235307694,-0.03276257961988449,0.9937857985496521],"EasingStyle":"Linear","EasingDirection":"In"},"HumanoidRootPart":{"Weight":1,"CFrame":[0,0,0,1,0,0,0,1,0,0,0,1],"EasingStyle":"Linear","EasingDirection":"In"},"Left Arm":{"Weight":1,"CFrame":[0.13627229630947114,-0.2824521064758301,0.17242836952209474,-0.47615858912467959,0.7312461137771606,0.48841771483421328,-0.7378137111663818,-0.634416401386261,0.23053638637065888,0.4784390330314636,-0.25058966875076296,0.8416062593460083],"EasingStyle":"Linear","EasingDirection":"In"}}},{"Time":0.25,"poses":{"Left Leg":{"Weight":1,"CFrame":[-0.386661559343338,-0.2792820930480957,0.12744569778442384,0.8462904095649719,-0.5326463580131531,0.008970868773758412,0.5209216475486755,0.8239021897315979,-0.2232169508934021,0.11150453984737396,0.1935795098543167,0.9747275114059448],"EasingStyle":"Linear","EasingDirection":"In"},"Right Arm":{"Weight":1,"CFrame":[-0.16572067141532899,-0.5354889631271362,0.17388832569122315,-0.3018036484718323,-0.8286296725273132,-0.4714738726615906,0.7648254632949829,-0.5056797862052918,0.39916160702705386,-0.5691719651222229,-0.24012674391269685,0.7863730192184448],"EasingStyle":"Linear","EasingDirection":"In"},"Head":{"Weight":1,"CFrame":[1.0110670700669289e-7,2.561137080192566e-9,0.016662120819091798,0.9774481058120728,-0.0006568785174749792,-0.21117495000362397,-0.0024146789219230415,0.9998950958251953,-0.014286373741924763,0.21116220951080323,0.014474119059741497,0.9773439168930054],"EasingStyle":"Linear","EasingDirection":"In"},"Right Leg":{"Weight":1,"CFrame":[0.3357960283756256,-0.12503015995025636,0.18298494815826417,0.8972543478012085,0.2975028455257416,-0.3262309432029724,-0.35682496428489687,0.9237765669822693,-0.13897065818309785,0.2600204050540924,0.2410993129014969,0.9350190162658691],"EasingStyle":"Linear","EasingDirection":"In"},"Torso":{"Weight":1,"CFrame":[-0.005108773708343506,0.0877176821231842,-0.14786720275878907,0.9927248954772949,-0.010157197713851929,0.11997636407613754,0.007744915317744017,0.9997587203979492,0.020555537194013597,-0.12015621364116669,-0.01947678253054619,0.9925639033317566],"EasingStyle":"Linear","EasingDirection":"In"},"HumanoidRootPart":{"Weight":1,"CFrame":[0,0,0,1,0,0,0,1,0,0,0,1],"EasingStyle":"Linear","EasingDirection":"In"},"Left Arm":{"Weight":1,"CFrame":[0.1378282904624939,-0.295190691947937,0.17601656913757325,-0.48460403084754946,0.7450045943260193,0.45839613676071169,-0.7174563407897949,-0.6383161544799805,0.278942734003067,0.5004152059555054,-0.19370239973068238,0.8438388705253601],"EasingStyle":"Linear","EasingDirection":"In"}}},{"Time":0.2666666805744171,"poses":{"Left Leg":{"Weight":1,"CFrame":[-0.4143443703651428,-0.2806507349014282,0.12583613395690919,0.8469300866127014,-0.5317041277885437,-0.0004801272298209369,0.5172289609909058,0.8240818381309509,-0.2310049682855606,0.12322188913822174,0.19539673626422883,0.9729525446891785],"EasingStyle":"Linear","EasingDirection":"In"},"Right Arm":{"Weight":1,"CFrame":[-0.16649742424488069,-0.5363494157791138,0.17393219470977784,-0.31666240096092226,-0.8507950901985169,-0.41937193274497988,0.7597207427024841,-0.4922122061252594,0.4249134063720703,-0.5679342746734619,-0.18405140936374665,0.8022317290306091],"EasingStyle":"Linear","EasingDirection":"In"},"Head":{"Weight":1,"CFrame":[5.098991096019745e-8,-1.1059455573558808e-8,0.016661882400512697,0.9754374027252197,0.0012167810928076506,-0.220273956656456,-0.0017001607920974494,0.9999966025352478,-0.002005269518122077,0.22027069330215455,0.0023306352086365225,0.9754360914230347],"EasingStyle":"Linear","EasingDirection":"In"},"Right Leg":{"Weight":1,"CFrame":[0.3575870096683502,-0.1323338747024536,0.18976855278015138,0.8994355797767639,0.2905834913253784,-0.3264611065387726,-0.3572094440460205,0.9191527366638184,-0.16601139307022096,0.2518274486064911,0.26593148708343508,0.9305177927017212],"EasingStyle":"Linear","EasingDirection":"In"},"Torso":{"Weight":1,"CFrame":[-0.01116904616355896,0.08880992978811264,-0.16594839096069337,0.991161048412323,-0.010600541718304158,0.13223981857299806,0.009561312384903431,0.9999183416366577,0.008491192013025284,-0.13231901824474336,-0.0071517531760036949,0.9911813735961914],"EasingStyle":"Linear","EasingDirection":"In"},"HumanoidRootPart":{"Weight":1,"CFrame":[0,0,0,1,0,0,0,1,0,0,0,1],"EasingStyle":"Linear","EasingDirection":"In"},"Left Arm":{"Weight":1,"CFrame":[0.13871784508228303,-0.29973363876342776,0.1806737184524536,-0.4933408498764038,0.7573641538619995,0.4278014302253723,-0.6926895976066589,-0.6395435333251953,0.3334147036075592,0.5261141061782837,-0.13184671103954316,0.8401312828063965],"EasingStyle":"Linear","EasingDirection":"In"}}},{"Time":0.28333333134651186,"poses":{"Left Leg":{"Weight":1,"CFrame":[-0.4613342881202698,-0.2784773111343384,0.12880074977874757,0.8418870568275452,-0.5396363139152527,-0.004351811949163675,0.5241981744766235,0.8196651339530945,-0.23100906610488892,0.1282278448343277,0.1922023743391037,0.9729419350624085],"EasingStyle":"Linear","EasingDirection":"In"},"Right Arm":{"Weight":1,"CFrame":[-0.16776670515537263,-0.5312049984931946,0.1761770248413086,-0.33712872862815859,-0.8684568405151367,-0.36349305510520937,0.7458662390708923,-0.48197486996650698,0.4597649872303009,-0.5744805335998535,-0.11611726135015488,0.8102400898933411],"EasingStyle":"Linear","EasingDirection":"In"},"Head":{"Weight":1,"CFrame":[6.402842700481415e-9,-6.05359673500061e-9,0.01666247844696045,0.973888099193573,0.0029419686179608108,-0.22700944542884828,-0.0010041786590591074,0.9999621510505676,0.00865102931857109,0.22702623903751374,-0.008197130635380745,0.9738541841506958],"EasingStyle":"Linear","EasingDirection":"In"},"Right Leg":{"Weight":1,"CFrame":[0.38119134306907656,-0.135187029838562,0.1966797113418579,0.9061908721923828,0.2822948098182678,-0.3148457109928131,-0.35168710350990298,0.9165406823158264,-0.1904454082250595,0.23480719327926637,0.28330689668655398,0.9298402070999146],"EasingStyle":"Linear","EasingDirection":"In"},"Torso":{"Weight":1,"CFrame":[-0.016765713691711427,0.08977080881595612,-0.18285417556762696,0.9897360801696777,-0.010846983641386032,0.14249514043331147,0.01124359481036663,0.9999348521232605,-0.0019784187898039819,-0.14246439933776856,0.0035602697171270849,0.9897935390472412],"EasingStyle":"Linear","EasingDirection":"In"},"HumanoidRootPart":{"Weight":1,"CFrame":[0,0,0,1,0,0,0,1,0,0,0,1],"EasingStyle":"Linear","EasingDirection":"In"},"Left Arm":{"Weight":1,"CFrame":[0.12275780737400055,-0.28705644607543948,0.18877077102661134,-0.5046274065971375,0.7665603756904602,0.3971603810787201,-0.6627370715141296,-0.6387727856636047,0.3908310532569885,0.5532907843589783,-0.06598880887031555,0.8303702473640442],"EasingStyle":"Linear","EasingDirection":"In"}}},{"Time":0.30000001192092898,"poses":{"Left Leg":{"Weight":1,"CFrame":[-0.5030510425567627,-0.2725381851196289,0.1341557502746582,0.8361980319023132,-0.5483761429786682,-0.007521440740674734,0.5327157974243164,0.8154247999191284,-0.22648657858371736,0.13033299148082734,0.18538092076778413,0.9739852547645569],"EasingStyle":"Linear","EasingDirection":"In"},"Right Arm":{"Weight":1,"CFrame":[-0.16948917508125306,-0.5181555151939392,0.17904460430145265,-0.3621448576450348,-0.8815662860870361,-0.30280664563179018,0.7261943221092224,-0.4704987108707428,0.5012712478637695,-0.5843740105628967,-0.0383637398481369,0.8105772137641907],"EasingStyle":"Linear","EasingDirection":"In"},"Head":{"Weight":1,"CFrame":[3.306195139884949e-8,1.2456439435482025e-8,0.016661882400512697,0.9729505181312561,0.0043589286506175999,-0.23097296059131623,-0.00043378828559070826,0.9998547434806824,0.01704155094921589,0.23101359605789185,-0.01648026704788208,0.9728109240531921],"EasingStyle":"Linear","EasingDirection":"In"},"Right Leg":{"Weight":1,"CFrame":[0.40962934494018557,-0.130409836769104,0.20292961597442628,0.9202103614807129,0.27130618691444399,-0.2821447551250458,-0.3353826105594635,0.9181590676307678,-0.21095667779445649,0.20181992650032044,0.28875091671943667,0.9358908534049988],"EasingStyle":"Linear","EasingDirection":"In"},"Torso":{"Weight":1,"CFrame":[-0.021392643451690675,0.09053772687911987,-0.19787120819091798,0.9885753393173218,-0.010954613797366619,0.15032891929149629,0.012635024264454842,0.9998679757118225,-0.01022762805223465,-0.15019701421260835,0.012010193429887295,0.9885831475257874],"EasingStyle":"Linear","EasingDirection":"In"},"HumanoidRootPart":{"Weight":1,"CFrame":[0,0,0,1,0,0,0,1,0,0,0,1],"EasingStyle":"Linear","EasingDirection":"In"},"Left Arm":{"Weight":1,"CFrame":[0.07874592393636704,-0.25382736325263979,0.20182490348815919,-0.5205568075180054,0.7716385722160339,0.3655058443546295,-0.6274394989013672,-0.6360454559326172,0.4491836428642273,0.5790858268737793,0.0044926987029612068,0.8152543306350708],"EasingStyle":"Linear","EasingDirection":"In"}}},{"Time":0.3166666626930237,"poses":{"Left Leg":{"Weight":1,"CFrame":[-0.5945716500282288,-0.268790602684021,0.1398465633392334,0.8088243007659912,-0.5879662036895752,-0.009951312094926834,0.5715717673301697,0.7900243997573853,-0.22173669934272767,0.13823546469211579,0.17365826666355134,0.9750558137893677],"EasingStyle":"Linear","EasingDirection":"In"},"Right Arm":{"Weight":1,"CFrame":[-0.17136336863040925,-0.5003222823143005,0.1827411651611328,-0.3934898376464844,-0.8880541324615479,-0.23775097727775575,0.702189028263092,-0.4572465717792511,0.5457621216773987,-0.5933771133422852,0.0478055886924266