{"Sequence":[{"Time":0,"poses":{"Left Leg":{"Weight":1,"CFrame":[-0.45776259899139407,0.1993359923362732,0.13778769969940186,0.95653235912323,-0.16989296674728394,0.2370280921459198,0.1869746744632721,0.9810200929641724,-0.051382146775722507,-0.223799929022789,0.09346695989370346,0.9701430797576904],"EasingStyle":"Linear","EasingDirection":"In"},"Right Arm":{"Weight":1,"CFrame":[-0.32767751812934878,-0.4334561228752136,-0.029053211212158204,-0.6631972193717957,-0.7452746629714966,0.06881295889616013,0.7271948456764221,-0.6633913516998291,-0.17635107040405274,0.1770799309015274,-0.06691516190767288,0.9819191098213196],"EasingStyle":"Linear","EasingDirection":"In"},"Left Arm":{"Weight":1,"CFrame":[0.3167339861392975,-0.48015284538269045,-0.09579235315322876,-0.7050837874412537,0.7090964913368225,0.006261680740863085,-0.7027764320373535,-0.6975662112236023,-0.13966713845729829,-0.09466955810785294,-0.1028776466846466,0.9901787638664246],"EasingStyle":"Linear","EasingDirection":"In"},"Head":{"Weight":1,"CFrame":[8.381903171539307e-8,8.847564458847046e-9,-1.7881393432617188e-7,0.9997432827949524,-0.02169138751924038,0.0065568480640649799,0.020646994933485986,0.991179347038269,0.13090993463993073,-0.009338628500699997,-0.1307409405708313,0.9913726449012756],"EasingStyle":"Linear","EasingDirection":"In"},"Torso":{"Weight":1,"CFrame":[-0.005532803013920784,-0.15712237358093263,-0.22955322265625,0.9995765686035156,0.028181161731481553,-0.007259866688400507,-0.029045652598142625,0.9815382361412048,-0.18904824554920197,0.0017982380231842399,0.18917907774448396,0.9819409847259522],"EasingStyle":"Linear","EasingDirection":"In"},"HumanoidRootPart":{"Weight":1,"CFrame":[0,0,0,1,0,0,0,1,0,0,0,1],"EasingStyle":"Linear","EasingDirection":"In"},"Right Leg":{"Weight":1,"CFrame":[0.32269755005836489,0.21424907445907594,0.18042361736297608,0.9195775389671326,0.10280409455299378,-0.37922099232673647,-0.12405857443809509,0.9917597770690918,-0.031972117722034457,0.3728092908859253,0.07644645869731903,0.9247536063194275],"EasingStyle":"Linear","EasingDirection":"In"}}},{"Time":0.03333333507180214,"poses":{"Left Leg":{"Weight":1,"CFrame":[-0.4501917362213135,0.1635686159133911,0.1564570665359497,0.934356689453125,-0.2294197976589203,0.27266108989715578,0.25163063406944277,0.9665822982788086,-0.04899754747748375,-0.2523083984851837,0.11439110338687897,0.9608616828918457],"EasingStyle":"Linear","EasingDirection":"In"},"Right Arm":{"Weight":1,"CFrame":[-0.2990882992744446,-0.39578360319137576,-0.024914681911468507,-0.5076006650924683,-0.8603752851486206,0.04578233137726784,0.8444836735725403,-0.5073547959327698,-0.17157629132270814,0.17084787786006928,-0.04842986911535263,0.9841064810752869],"EasingStyle":"Linear","EasingDirection":"In"},"Left Arm":{"Weight":1,"CFrame":[0.2937450110912323,-0.4395274817943573,-0.13028252124786378,-0.5606229305267334,0.8269609808921814,0.04286515712738037,-0.8182312846183777,-0.5452619194984436,-0.18217329680919648,-0.12727749347686768,-0.13720422983169557,0.9823316931724548],"EasingStyle":"Linear","EasingDirection":"In"},"Head":{"Weight":1,"CFrame":[8.754432201385498e-8,4.202593117952347e-8,2.384185791015625e-7,0.9995559453964233,-0.029106613248586656,0.00639699911698699,0.028243042528629304,0.9937120079994202,0.10834643244743347,-0.009510370902717114,-0.10811762511730194,0.9940927028656006],"EasingStyle":"Linear","EasingDirection":"In"},"Torso":{"Weight":1,"CFrame":[-0.009535472840070725,-0.1346529722213745,-0.17435646057128907,0.9982404708862305,0.05801383778452873,-0.012263203039765358,-0.05923229455947876,0.9851816892623901,-0.16096147894859315,0.0027434893418103458,0.16140460968017579,0.986884593963623],"EasingStyle":"Linear","EasingDirection":"In"},"HumanoidRootPart":{"Weight":1,"CFrame":[0,0,0,1,0,0,0,1,0,0,0,1],"EasingStyle":"Linear","EasingDirection":"In"},"Right Leg":{"Weight":1,"CFrame":[0.2951858639717102,0.17663192749023438,0.1463841199874878,0.9307348728179932,0.10033339262008667,-0.35166141390800478,-0.10986972600221634,0.993919849395752,-0.007211668416857719,0.34879979491233828,0.04534906521439552,0.9360995292663574],"EasingStyle":"Linear","EasingDirection":"In"}}},{"Time":0.06666667014360428,"poses":{"Left Leg":{"Weight":1,"CFrame":[-0.3853963613510132,0.07799500226974487,0.1466275453567505,0.9100223183631897,-0.2890265882015228,0.2971918284893036,0.312118262052536,0.9494932889938355,-0.03232162073254585,-0.27283987402915957,0.12217231094837189,0.9542706608772278],"EasingStyle":"Linear","EasingDirection":"In"},"Right Arm":{"Weight":1,"CFrame":[-0.23091375827789308,-0.30439692735671999,-0.01463538408279419,0.007691430859267712,-0.9999324083328247,-0.008719108067452908,0.9909567832946777,0.00879000872373581,-0.13389310240745545,0.13396066427230836,-0.007610582280904055,0.990957498550415],"EasingStyle":"Linear","EasingDirection":"In"},"Left Arm":{"Weight":1,"CFrame":[0.23892486095428468,-0.3412245213985443,-0.15120279788970948,-0.07914741337299347,0.9892529845237732,0.12294024229049683,-0.979852020740509,-0.05451691150665283,-0.1921403557062149,-0.18337313830852509,-0.1356707662343979,0.9736363291740418],"EasingStyle":"Linear","EasingDirection":"In"},"Head":{"Weight":1,"CFrame":[8.102506399154663e-8,4.132743924856186e-8,-2.980232238769531e-7,0.9994224309921265,-0.033242616802453998,0.007049948442727327,0.03281251713633537,0.9979899525642395,0.05421754717826843,-0.008838108740746975,-0.05395491048693657,0.9985042810440064],"EasingStyle":"Linear","EasingDirection":"In"},"Torso":{"Weight":1,"CFrame":[-0.010079383850097657,-0.0809265673160553,-0.03780531883239746,0.9970252513885498,0.07598105818033219,-0.012943093664944172,-0.07686302065849304,0.9926192760467529,-0.09380348771810532,0.005720274522900581,0.09451929479837418,0.9955065846443176],"EasingStyle":"Linear","EasingDirection":"In"},"HumanoidRootPart":{"Weight":1,"CFrame":[0,0,0,1,0,0,0,1,0,0,0,1],"EasingStyle":"Linear","EasingDirection":"In"},"Right Leg":{"Weight":1,"CFrame":[0.12436524033546448,0.076846182346344,0.07201218605041504,0.9399772882461548,0.0724840983748436,-0.3334498703479767,-0.06526627391576767,0.9973282217979431,0.032813653349876407,0.33493751287460329,-0.009081096388399601,0.9421966671943665],"EasingStyle":"Linear","EasingDirection":"In"}}},{"Time":0.10000000149011612,"poses":{"Left Leg":{"Weight":1,"CFrame":[-0.24772347509860993,-0.00016200542449951172,0.10861945152282715,0.8940333724021912,-0.3194817006587982,0.3140634000301361,0.33925285935401919,0.9406535625457764,-0.008857292123138905,-0.29259517788887026,0.11446560174226761,0.9493606686592102],"EasingStyle":"Linear","EasingDirection":"In"},"Right Arm":{"Weight":1,"CFrame":[-0.14954423904418946,-0.19173511862754823,-0.0014190673828125,0.6617172360420227,-0.7489116191864014,-0.03552060201764107,0.7474828362464905,0.6626569032669067,-0.04642554372549057,0.05830659717321396,0.004169447813183069,0.9982900619506836],"EasingStyle":"Linear","EasingDirection":"In"},"Left Arm":{"Weight":1,"CFrame":[0.17349448800086976,-0.22059744596481324,-0.16194558143615724,0.5573568940162659,0.8048663139343262,0.2038223147392273,-0.8003128170967102,0.5861561298370361,-0.12617617845535279,-0.2210267186164856,-0.09279649704694748,0.9708430171012878],"EasingStyle":"Linear","EasingDirection":"In"},"Head":{"Weight":1,"CFrame":[8.335337042808533e-8,-5.3551048040390018e-9,1.1920928955078126e-7,0.9993505477905273,-0.035121094435453418,0.008068600669503212,0.035206183791160586,0.9993232488632202,-0.0106585044413805,-0.007688802666962147,0.01093564834445715,0.9999106526374817],"EasingStyle":"Linear","EasingDirection":"In"},"Torso":{"Weight":1,"CFrame":[-0.00841829739511013,-0.016392018646001817,0.13762855529785157,0.9960607290267944,0.08800636231899262,-0.010866730473935604,-0.0881461650133133,0.9960209727287293,-0.013135294429957867,0.009667503647506237,0.014041409827768803,0.9998546838760376],"EasingStyle":"Linear","EasingDirection":"In"},"HumanoidRootPart":{"Weight":1,"CFrame":[0,0,0,1,0,0,0,1,0,0,0,1],"EasingStyle":"Linear","EasingDirection":"In"},"Right Leg":{"Weight":1,"CFrame":[-0.1536782830953598,0.03700071573257446,-0.02562272548675537,0.9487517476081848,0.011893365532159806,-0.3157983422279358,0.012090997770428658,0.9971938133239746,0.07388071715831757,0.31579092144966128,-0.07391278445720673,0.9459456205368042],"EasingStyle":"Linear","EasingDirection":"In"}}},{"Time":0.13333334028720857,"poses":{"Left Leg":{"Weight":1,"CFrame":[-0.013104848563671112,-0.020223140716552736,0.03429150581359863,0.9022632241249085,-0.27914711833000185,0.32863038778305056,0.2912302017211914,0.9565653800964356,0.012950967997312546,-0.31797173619270327,0.0840219184756279,0.9443697929382324],"EasingStyle":"Linear","EasingDirection":"In"},"Right Arm":{"Weight":1,"CFrame":[-0.08136973530054093,-0.09024274349212647,0.011530160903930664,0.9542068243026733,-0.29905688762664797,-0.007380938157439232,0.29914385080337527,0.9537723660469055,0.028830572962760927,-0.001582286087796092,-0.029718320816755296,0.9995570778846741],"EasingStyle":"Linear","EasingDirection":"In"},"Left Arm":{"Weight":1,"CFrame":[0.1186743974685669,-0.1130053699016571,-0.16590338945388795,0.8864197134971619,0.40483006834983828,0.22443875670433045,-0.40910401940345766,0.9120175242424011,-0.029292011633515359,-0.21655043959617616,-0.06585386395454407,0.9740478992462158],"EasingStyle":"Linear","EasingDirection":"In"},"Head":{"Weight":1,"CFrame":[8.009374141693115e-8,5.820766091346741e-10,-1.7881393432617188e-7,0.99931800365448,-0.03583388775587082,0.008910862728953362,0.03633804991841316,0.9972267150878906,-0.06495076417922974,-0.006558711640536785,0.06523026525974274,0.9978487491607666],"EasingStyle":"Linear","EasingDirection":"In"},"Torso":{"Weight":1,"CFrame":[-0.006036004051566124,0.03763370215892792,0.3146839141845703,0.9949458241462708,0.10010309517383576,-0.007888865657150746,-0.09953099489212036,0.9935464859008789,0.054396871477365497,0.01328324992209673,-0.05333675071597099,0.9984882473945618],"EasingStyle":"Linear","EasingDirection":"In"},"HumanoidRootPart":{"Weight":1,"CFrame":[0,0,0,1,0,0,0,1,0,0,0,1],"EasingStyle":"Linear","EasingDirection":"In"},"Right Leg":{"Weight":1,"CFrame":[-0.1432657241821289,0.05183333158493042,-0.023755550384521486,0.9500929713249207,0.10125818848609925,-0.2950765788555145,-0.07331036776304245,0.9918389320373535,0.10431254655122757,0.30323106050491335,-0.07747446745634079,0.9497624635696411],"EasingStyle":"Linear","EasingDirection":"In"}}},{"Time":0.1666666716337204,"poses":{"Left Leg":{"Weight":1,"CFrame":[0.1701844036579132,0.011439025402069092,-0.0299718976020813,0.9116777181625366,-0.2176339477300644,0.34853896498680117,0.22311793267726899,0.974474310874939,0.024866800755262376,-0.34505414962768557,0.055094778537750247,0.9369644522666931],"EasingStyle":"Linear","EasingDirection":"In"},"Right Arm":{"Weight":1,"CFrame":[-0.05278041213750839,-0.03236016631126404,0.021008849143981935,0.9936962127685547,-0.10947491228580475,0.024149393662810327,0.10763467848300934,0.9918928742408752,0.06755203008651734,-0.03134888783097267,-0.06452694535255432,0.9974234700202942],"EasingStyle":"Linear","EasingDirection":"In"},"Left Arm":{"Weight":1,"CFrame":[0.09568534791469574,-0.0538027286529541,-0.1664687991142273,0.9497981071472168,0.2204522341489792,0.22200115025043488,-0.23578208684921266,0.97077476978302,0.04475606977939606,-0.20564661920070649,-0.09485320746898651,0.9740186929702759],"EasingStyle":"Linear","EasingDirection":"In"},"Head":{"Weight":1,"CFrame":[9.12696123123169e-8,-1.3853423297405243e-8,2.384185791015625e-7,0.9992900490760803,-0.03655439615249634,0.009128388948738575,0.03721466287970543,0.9954582452774048,-0.08762399107217789,-0.005883888341486454,0.08790150284767151,0.9961118102073669],"EasingStyle":"Linear","EasingDirection":"In"},"Torso":{"Weight":1,"CFrame":[-0.004316713660955429,0.06015394628047943,0.4613816738128662,0.9929235577583313,0.11861642450094223,-0.005739752668887377,-0.11774307489395142,0.9896072745323181,0.08254718035459519,0.015471553429961205,-0.08128722757101059,0.9965706467628479],"EasingStyle":"Linear","EasingDirection":"In"},"HumanoidRootPart":{"Weight":1,"CFrame":[0,0,0,1,0,0,0,1,0,0,0,1],"EasingStyle":"Linear","EasingDirection":"In"},"Right Leg":{"Weight":1,"CFrame":[-0.13129523396492005,0.05695277452468872,-0.02089822292327881,0.9532074928283691,0.1336163729429245,-0.27118661999702456,-0.10578260570764542,0.9877349734306336,0.11484658718109131,0.2832059860229492,-0.08078580349683762,0.9556506872177124],"EasingStyle":"Linear","EasingDirection":"In"}}},{"Time":0.20000000298023225,"poses":{"Left Leg":{"Weight":1,"CFrame":[0.18483251333236695,0.012670040130615235,-0.0355687141418457,0.9002541303634644,-0.21647867560386659,0.377729594707489,0.22285929322242738,0.9744676351547241,0.027325011789798738,-0.37400057911872866,0.05958109349012375,0.9255127310752869],"EasingStyle":"Linear","EasingDirection":"In"},"Right Arm":{"Weight":1,"CFrame":[-0.05499197542667389,-0.012886792421340943,0.02531266212463379,0.9886412620544434,-0.14628852903842927,0.0344696119427681,0.14289703965187074,0.9859914779663086,0.08603043854236603,-0.0465720072388649,-0.08012765645980835,0.9956960678100586],"EasingStyle":"Linear","EasingDirection":"In"},"Left Arm":{"Weight":1,"CFrame":[0.0988931730389595,-0.04025685787200928,-0.16200077533721925,0.929201602935791,0.3047558665275574,0.20906512439250947,-0.33174264430999758,0.9371212720870972,0.10839994996786118,-0.16288381814956666,-0.17008130252361298,0.9718751907348633],"EasingStyle":"Linear","EasingDirection":"In"},"Head":{"Weight":1,"CFrame":[8.381903171539307e-8,1.257285475730896e-8,0,0.999230146408081,-0.038258615881204608,0.008695626631379128,0.03884090483188629,0.9959176778793335,-0.08148294687271118,-0.005542703438550234,0.08175795525312424,0.9966368079185486],"EasingStyle":"Linear","EasingDirection":"In"},"Torso":{"Weight":1,"CFrame":[-0.003840821795165539,0.05427393317222595,0.5529201030731201,0.9891807436943054,0.14661188423633576,-0.005144888535141945,-0.14581599831581117,0.9864498376846314,0.07519716769456864,0.016099972650408746,-0.07363338023424149,0.9971554279327393],"EasingStyle":"Linear","EasingDirection":"In"},"HumanoidRootPart":{"Weight":1,"CFrame":[0,0,0,1,0,0,0,1,0,0,0,1],"EasingStyle":"Linear","EasingDirection":"In"},"Right Leg":{"Weight":1,"CFrame":[-0.11678750813007355,0.05547595024108887,-0.016985058784484865,0.9630703926086426,0.11762414872646332,-0.24219833314418794,-0.09273140132427216,0.9893981218338013,0.11176904290914536,0.2527773678302765,-0.08518211543560028,0.963767409324646],"EasingStyle":"Linear","EasingDirection":"In"}}},{"Time":0.23333333432674409,"poses":{"Left Leg":{"Weight":1,"CFrame":[0.14597894251346589,0.00014007091522216797,-0.017560958862304689,0.882983386516571,-0.23592494428157807,0.4058077931404114,0.24707189202308656,0.9686601161956787,0.025555679574608804,-0.3991190791130066,0.07769845426082611,0.9136011600494385],"EasingStyle":"Linear","EasingDirection":"In"},"Right Arm":{"Weight":1,"CFrame":[-0.06379406154155731,-0.0028868019580841066,0.02874171733856201,0.9684101939201355,-0.2472483068704605,0.032402440905570987,0.24290403723716737,0.9647124409675598,0.10162404179573059,-0.05638544261455536,-0.0905432403087616,0.9942951202392578],"EasingStyle":"Linear","EasingDirection":"In"},"Left Arm":{"Weight":1,"CFrame":[0.10595045983791352,-0.038322001695632938,-0.1475902795791626,0.8500498533248901,0.49434351921081545,0.1817687749862671,-0.5224785208702087,0.8350459337234497,0.17237909138202668,-0.06657081097364426,-0.241501122713089,0.9681144952774048],"EasingStyle":"Linear","EasingDirection":"In"},"Head":{"Weight":1,"CFrame":[9.592622518539429e-8,3.94647940993309e-8,2.384185791015625e-7,0.9991078972816467,-0.041508179157972339,0.007790648378431797,0.041946325451135638,0.9967523813247681,-0.06874020397663117,-0.004912063479423523,0.06900566816329956,0.9976041913032532],"EasingStyle":"Linear","EasingDirection":"In"},"Torso":{"Weight":1,"CFrame":[-0.004520891234278679,0.039564818143844607,0.5960097312927246,0.9848164916038513,0.1734951138496399,-0.005994974169880152,-0.1728825867176056,0.9833027720451355,0.05681076645851135,0.01575126312673092,-0.05491176247596741,0.9983669519424439],"EasingStyle":"Linear","EasingDirection":"In"},"HumanoidRootPart":{"Weight":1,"CFrame":[0,0,0,1,0,0,0,1,0,0,0,1],"EasingStyle":"Linear","EasingDirection":"In"},"Right Leg":{"Weight":1,"CFrame":[-0.10334844887256623,0.05341517925262451,-0.013702154159545899,0.9724250435829163,0.08963759243488312,-0.21530130505561829,-0.06765100359916687,0.9919098615646362,0.10741645097732544,0.22318802773952485,-0.08988914638757706,0.9706220626831055],"EasingStyle":"Linear","EasingDirection":"In"}}},{"Time":0.2666666805744171,"poses":{"Left Leg":{"Weight":1,"CFrame":[0.037755511701107028,-0.01923501491546631,0.033991217613220218,0.8632673621177673,-0.2798527777194977,0.4200618267059326,0.30020371079444888,0.9536972641944885,0.018422666937112809,-0.40576744079589846,0.110200434923172,0.9073085188865662],"EasingStyle":"Linear","EasingDirection":"In"},"Right Arm":{"Weight":1,"CFrame":[-0.08243773877620697,0.0007970333099365234,0.03709518909454346,0.9160977005958557,-0.4001542329788208,0.025326726958155633,0.39323607087135317,0.9090020656585693,0.1381329894065857,-0.07829659432172775,-0.1165839433670044,0.9900898337364197],"EasingStyle":"Linear","EasingDirection":"In"},"Left Arm":{"Weight":1,"CFrame":[0.11300767958164215,-0.036386728286743167,-0.12172847986221314,0.7229692339897156,0.6707456111907959,0.1655774712562561,-0.6898618340492249,0.687856137752533,0.22570954263210298,0.03750019147992134,-0.2774066627025604,0.9600204825401306],"EasingStyle":"Linear","EasingDirection":"In"},"Head":{"Weight":1,"CFrame":[9.033828973770142e-8,-1.3969838619232178e-8,1.1920928955078126e-7,0.9988810420036316,-0.046867650002241138,0.0063416496850550179,0.04715660586953163,0.9972100853919983,-0.05786582827568054,-0.0036119231954216959,0.0581001341342926,0.9983043074607849],"EasingStyle":"Linear","EasingDirection":"In"},"Torso":{"Weight":1,"CFrame":[-0.006638163700699806,0.020289704203605653,0.6071035861968994,0.9826139211654663,0.18545958399772645,-0.008641566149890423,-0.1850893795490265,0.9821769595146179,0.03271685913205147,0.014555202797055245,-0.0305485799908638,0.999427318572998],"EasingStyle":"Linear","EasingDirection":"In"},"HumanoidRootPart":{"Weight":1,"CFrame":[0,0,0,1,0,0,0,1,0,0,0,1],"EasingStyle":"Linear","EasingDirection":"In"},"Right Leg":{"Weight":1,"CFrame":[0.12656542658805848,0.05478793382644653,0.034493446350097659,0.9601727724075317,0.19013866782188416,-0.2047332227230072,-0.17237874865531922,0.9797866940498352,0.10150773823261261,0.21989551186561585,-0.06217335909605026,0.973540186882019],"EasingStyle":"Linear","EasingDirection":"In"}}},{"Time":0.30000001192092898,"poses":{"Left Leg":{"Weight":1,"CFrame":[0.07960029691457749,-0.015854597091674806,0.016157984733581544,0.8728038668632507,-0.22992749512195588,0.4305192530155182,0.2510682940483093,0.9679366946220398,0.007948183454573155,-0.41854289174079897,0.10115256160497666,0.9025464057922363],"EasingStyle":"Linear","EasingDirection":"In"},"Right Arm":{"Weight":1,"CFrame":[-0.11417435854673386,0.0013235807418823243,0.056172847747802737,0.8087075352668762,-0.5881181955337524,0.010446922853589058,0.5717663168907166,0.7901447415351868,0.22080431878566743,-0.13811363279819489,-0.17259302735328675,0.9752621650695801],"EasingStyle":"Linear","EasingDirection":"In"},"Left Arm":{"Weight":1,"CFrame":[0.11621550470590592,-0.02284073829650879,-0.08290660381317139,0.629504919052124,0.7585941553115845,0.16810345649719239,-0.7716255784034729,0.5849524140357971,0.24984927475452424,0.09120165556669235,-0.2869943082332611,0.9535809755325317],"EasingStyle":"Linear","EasingDirection":"In"},"Head":{"Weight":1,"CFrame":[9.010545909404755e-8,-1.3969838619232178e-9,0,0.9984914064407349,-0.05474303290247917,0.004262958653271198,0.05489064380526543,0.9971429705619812,-0.051894206553697589,-0.0014099334366619588,0.0520499050617218,0.9986435770988464],"EasingStyle":"Linear","EasingDirection":"In"},"Torso":{"Weight":1,"CFrame":[-0.008968733251094818,-0.00040982477366924286,0.5537595748901367,0.9810550808906555,0.19329416751861573,-0.012974818237125874,-0.19320818781852723,0.9811283946037293,0.007593370042741299,0.014197717420756817,-0.004942672792822123,0.9998869895935059],"EasingStyle":"Linear","EasingDirection":"In"},"HumanoidRootPart":{"Weight":1,"CFrame":[0,0,0,1,0,0,0,1,0,0,0,1],"EasingStyle":"Linear","EasingDirection":"In"},"Right Leg":{"Weight":1,"CFrame":[0.03617944195866585,0.04063916206359863,0.017037510871887208,0.9725856184959412,0.10717372596263886,-0.20637592673301698,-0.09344319254159928,0.9927810430526733,0.07519552856683731,0.2129451334476471,-0.05384973809123039,0.9755792021751404],"EasingStyle":"Linear","EasingDirection":"In"}}},{"Time":0.3333333432674408,"poses":{"Left Leg":{"Weight":1,"CFrame":[0.12566359341144563,-0.01213693618774414,-0.0032785534858703615,0.8738656640052795,-0.18168127536773683,0.45094427466392519,0.2028895765542984,0.9792007803916931,0.0013397963484749199,-0.44180846214294436,0.0903211459517479,0.8925511837005615],"EasingStyle":"Linear","EasingDirection":"In"},"Right Arm":{"Weight":1,"CFrame":[-0.158439040184021,-0.14368024468421937,0.12187111377716065,0.5909462571144104,-0.8049086332321167,0.053894780576229098,0.6939082741737366,0.5412509441375732,0.4749091863632202,-0.41142919659614565,-0.24324797093868257,0.8783829212188721],"EasingStyle":"Linear","EasingDirection":"In"},"Left Arm":{"Weight":1,"CFrame":[0.08755570650100708,0.040463149547576907,-0.031094670295715333,0.5841019153594971,0.8009374737739563,0.13162124156951905,-0.8101029396057129,0.5651460886001587,0.1560230255126953,0.0505794920027256,-0.197760209441185,0.9789446592330933],"EasingStyle":"Linear","EasingDirection":"In"},"Head":{"Weight":1,"CFrame":[8.66129994392395e-8,-1.1175870895385743e-8,-5.960464477539063e-8,0.9978976845741272,-0.06479102373123169,0.0015850348863750697,0.0647924393415451,0.9967465996742249,-0.04793890193104744,0.001526131760329008,0.047940805554389957,0.998849093914032],"EasingStyle":"Linear","EasingDirection":"In"},"Torso":{"Weight":1,"CFrame":[-0.010802451521158219,-0.021242115646600724,0.41507673263549807,0.9767686724662781,0.21345219016075135,-0.019001761451363565,-0.21376816928386689,0.9767448902130127,-0.016510426998138429,0.015035685151815415,0.020188840106129648,0.999683141708374],"EasingStyle":"Linear","EasingDirection":"In"},"HumanoidRootPart":{"Weight":1,"CFrame":[0,0,0,1,0,0,0,1,0,0,0,1],"EasingStyle":"Linear","EasingDirection":"In"},"Right Leg":{"Weight":1,"CFrame":[-0.09497898817062378,0.017194092273712159,-0.009384870529174805,0.9800502061843872,-0.007201634347438812,-0.19861988723278047,0.01428420189768076,0.9993112683296204,0.034249305725097659,0.19823656976222993,-0.036403220146894458,0.9794779419898987],"EasingStyle":"Linear","EasingDirection":"In"}}},{"Time":0.36666667461395266,"poses":{"Left Leg":{"Weight":1,"CFrame":[0.020484156906604768,-0.011374831199645996,0.05742835998535156,0.8488209843635559,-0.2308696061372757,0.4756072759628296,0.25901129841804507,0.9658518433570862,0.00658413115888834,-0.4608861804008484,0.11759895086288452,0.8796331882476807],"EasingStyle":"Linear","EasingDirection":"In"},"Right Arm":{"Weight":1,"CFrame":[-0.1994035542011261,-0.41297298669815066,0.23576092720031739,0.2620318531990051,-0.964267373085022,0.03908677026629448,0.5468692183494568,0.1817348748445511,0.8172554969787598,-0.7951561808586121,-0.19277170300483704,0.5749484896659851],"EasingStyle":"Linear","EasingDirection":"In"},"Left Arm":{"Weight":1,"CFrame":[0.015906162559986116,0.16292238235473634,0.027818799018859865,0.5426327586174011,0.8399697542190552,0.0007507788250222802,-0.8354986310005188,0.539836049079895,-0.1025630533695221,-0.08655516058206558,0.05502674728631973,0.9947262406349182],"EasingStyle":"Linear","EasingDirection":"In"},"Head":{"Weight":1,"CFrame":[9.872019290924072e-8,1.30385160446167e-8,3.5762786865234377e-7,0.9970711469650269,-0.0764646828174591,-0.0015400778502225876,0.07631512731313706,0.996039867401123,-0.045615483075380328,0.005021961871534586,0.04536435753107071,0.9989579319953919],"EasingStyle":"Linear","EasingDirection":"In"},"Torso":{"Weight":1,"CFrame":[-0.012388646602630616,-0.0408361479640007,0.22506117820739747,0.9702356457710266,0.24073636531829835,-0.026246048510074617,-0.24161934852600099,0.9696128964424133,-0.038355011492967609,0.01621505804359913,0.04355495795607567,0.9989194273948669],"EasingStyle":"Linear","EasingDirection":"In"},"HumanoidRootPart":{"Weight":1,"CFrame":[0,0,0,1,0,0,0,1,0,0,0,1],"EasingStyle":"Linear","EasingDirection":"In"},"Right Leg":{"Weight":1,"CFrame":[-0.08379059284925461,0.005795419216156006,-0.007085204124450684,0.9832596182823181,-0.046198613941669467,-0.1762562245130539,0.04892394691705704,0.9987403154373169,0.01114607136696577,0.17551930248737336,-0.019582636654376985,0.9842812418937683],"EasingStyle":"Linear","EasingDirection":"In"}}},{"Time":0.4000000059604645,"poses":{"Left Leg":{"Weight":1,"CFrame":[-0.1333554983139038,0.019611597061157228,0.15433835983276368,0.8034184575080872,-0.32258251309394839,0.5004591941833496,0.35499680042266848,0.9343082904815674,0.032331328839063647,-0.47801271080970766,0.15168584883213044,0.8651562333106995],"EasingStyle":"Linear","EasingDirection":"In"},"Right Arm":{"Weight":1,"CFrame":[-0.2174237072467804,-0.5579774975776672,0.35215330123901369,0.06047055125236511,-0.9911338090896606,-0.11830971390008927,0.25662118196487429,-0.09910573065280914,0.961417555809021,-0.9646185040473938,-0.08849837630987168,0.24835297465324403],"EasingStyle":"Linear","EasingDirection":"In"},"Left Arm":{"Weight":1,"CFrame":[-0.07723817229270935,0.31302398443222048,0.08646583557128906,0.5340244174003601,0.8243696689605713,-0.18770329654216767,-0.7989295125007629,0.41939276456832888,-0.43107008934020998,-0.2766396999359131,0.38016366958618166,0.8825792074203491],"EasingStyle":"Linear","EasingDirection":"In"},"Head":{"Weight":1,"CFrame":[1.0058283805847168e-7,1.7695128917694093e-8,-5.960464477539063e-8,0.9959999322891235,-0.08921705186367035,-0.004957124590873718,0.08890978991985321,0.9950436353683472,-0.044534988701343539,0.008905844762921334,0.04391610994935036,0.9989955425262451],"EasingStyle":"Linear","EasingDirection":"In"},"Torso":{"Weight":1,"CFrame":[-0.01371641457080841,-0.05791637301445007,0.017806529998779298,0.9622421264648438,0.2700749337673187,-0.03390604257583618,-0.27164915204048159,0.9607175588607788,-0.05682019889354706,0.017228418961167337,0.06388533860445023,0.9978085160255432],"EasingStyle":"Linear","EasingDirection":"In"},"HumanoidRootPart":{"Weight":1,"CFrame":[0,0,0,1,0,0,0,1,0,0,0,1],"EasingStyle":"Linear","EasingDirection":"In"},"Right Leg":{"Weight":1,"CFrame":[0.3098580539226532,0.08457779884338379,0.049526095390319827,0.9798104166984558,0.13686822354793549,-0.14573514461517335,-0.13556499779224397,0.9905885457992554,0.018884411081671716,0.14694833755493165,0.0012534259585663677,0.9891433715820313],"EasingStyle":"Linear","EasingDirection":"In"}}},{"Time":0.4333333373069763,"poses":{"Left Leg":{"Weight":1,"CFrame":[-0.24878735840320588,0.07639068365097046,0.23598158359527589,0.7502619624137878,-0.4035799503326416,0.5236698389053345,0.43181392550468447,0.8989129066467285,0.07411088049411774,-0.5006433129310608,0.17052534222602845,0.8486917018890381],"EasingStyle":"Linear","EasingDirection":"In"},"Right Arm":{"Weight":1,"CFrame":[-0.16976293921470643,-0.5169057250022888,0.43398046493530276,0.033494915813207629,-0.9678758382797241,-0.24918773770332337,0.07355564087629318,-0.24626432359218598,0.9664075374603272,-0.9967284798622131,-0.05069905146956444,0.06294418126344681],"EasingStyle":"Linear","EasingDirection":"In"},"Left Arm":{"Weight":1,"CFrame":[-0.17038258910179139,0.45925623178482058,0.13747870922088624,0.5640676617622376,0.747188150882721,-0.35147926211357119,-0.7020095586776733,0.20982635021209718,-0.6805553436279297,-0.4347532391548157,0.6306210160255432,0.6428894400596619],"EasingStyle":"Linear","EasingDirection":"In"},"Head":{"Weight":1,"CFrame":[8.195638656616211e-8,1.6763806343078614e-8,3.5762786865234377e-7,0.9946964979171753,-0.10250058025121689,-0.008514182642102242,0.10202844440937042,0.9937945008277893,-0.04430178180336952,0.0130023043602705,0.043198149651288989,0.9989820122718811],"EasingStyle":"Linear","EasingDirection":"In"},"Torso":{"Weight":1,"CFrame":[-0.014563120901584626,-0.0713462382555008,-0.17253327369689942,0.9541096091270447,0.2966492176055908,-0.04091548174619675,-0.29892292618751528,0.9516353607177734,-0.07095959037542343,0.017886510118842126,0.07993379980325699,0.9966397881507874],"EasingStyle":"Linear","EasingDirection":"In"},"HumanoidRootPart":{"Weight":1,"CFrame":[0,0,0,1,0,0,0,1,0,0,0,1],"EasingStyle":"Linear","EasingDirection":"In"},"Right Leg":{"Weight":1,"CFrame":[0.5163681507110596,0.20611035823822022,0.05569148063659668,0.9691999554634094,0.21629516780376435,-0.11776207387447357,-0.21218620240688325,0.9761208891868591,0.046530723571777347,0.12501457333564759,-0.02011007070541382,0.9919511675834656],"EasingStyle":"Linear","EasingDirection":"In"}}},{"Time":0.46666666865348818,"poses":{"Left Leg":{"Weight":1,"CFrame":[-0.3159118890762329,0.1327260136604309,0.2877461910247803,0.7037857174873352,-0.4594728648662567,0.5418213605880737,0.4784926474094391,0.8703258633613586,0.11652321368455887,-0.5251005291938782,0.17725017666816712,0.8323772549629211],"EasingStyle":"Linear","EasingDirection":"In"},"Right Arm":{"Weight":1,"CFrame":[-0.05312429368495941,-0.42319464683532717,0.47865307331085207,0.049948833882808688,-0.9563954472541809,-0.2877723276615143,-0.027169642969965936,-0.28932657837867739,0.9568448662757874,-0.9983821511268616,-0.039974767714738849,-0.04043643921613693],"EasingStyle":"Linear","EasingDirection":"In"},"Left Arm":{"Weight":1,"CFrame":[-0.2420320063829422,0.5701037645339966,0.17348933219909669,0.599413275718689,0.6652243137359619,-0.44517454504966738,-0.6080408096313477,0.01671537198126316,-0.793729841709137,-0.5205671191215515,0.7464564442634583,0.4145030081272125],"EasingStyle":"Linear","EasingDirection":"In"},"Head":{"Weight":1,"CFrame":[8.568167686462403e-8,1.6763806343078614e-8,-2.980232238769531e-7,0.9932031035423279,-0.11576700955629349,-0.012067470699548722,0.1151270866394043,0.9923529624938965,-0.04451284930109978,0.017128292471170427,0.042821016162633899,0.9989359378814697],"EasingStyle":"Linear","EasingDirection":"In"},"Torso":{"Weight":1,"CFrame":[-0.01458071917295456,-0.08012193441390991,-0.3117799758911133,0.9476657509803772,0.3159254789352417,-0.0460512600839138,-0.3187437653541565,0.9444594383239746,-0.0799926295876503,0.018221838399767877,0.09048483520746231,0.9957311153411865],"EasingStyle":"Linear","EasingDirection":"In"},"HumanoidRootPart":{"Weight":1,"CFrame":[0,0,0,1,0,0,0,1,0,0,0,1],"EasingStyle":"Linear","EasingDirection":"In"},"Right Leg":{"Weight":1,"CFrame":[0.6253414154052734,0.32979685068130495,0.038016557693481448,0.9633438587188721,0.24933497607707978,-0.09899798780679703,-0.24127252399921418,0.9665843844413757,0.0866166427731514,0.11728654056787491,-0.059556130319833758,0.991310715675354],"EasingStyle":"Linear","EasingDirection":"In"}}},{"Time":0.5,"poses":{"Left Leg":{"Weight":1,"CFrame":[-0.3377676010131836,0.1579270362854004,0.3064413070678711,0.6828610301017761,-0.4805432856082916,0.5502537488937378,0.49464982748031618,0.8584157228469849,0.13580772280693055,-0.5376080274581909,0.17944519221782685,0.8238792419433594],"EasingStyle":"Linear","EasingDirection":"In"},"Right Arm":{"Weight":1,"CFrame":[0.09297634661197663,-0.3210962116718292,0.492203950881958,0.0796349048614502,-0.9583339691162109,-0.2743253707885742,-0.07073698192834854,-0.2799384295940399,0.9574084281921387,-0.9943110942840576,-0.05683828517794609,-0.09008251130580902],"EasingStyle":"Linear","EasingDirection":"In"},"Left Arm":{"Weight":1,"CFrame":[-0.27069199085235598,0.6140562295913696,0.18713033199310304,0.6031546592712402,0.6342776417732239,-0.48362845182418826,-0.5728723406791687,-0.07741215825080872,-0.8159806728363037,-0.5549970865249634,0.7692198753356934,0.3166685998439789],"EasingStyle":"Linear","EasingDirection":"In"},"Head":{"Weight":1,"CFrame":[9.313225746154785e-8,1.862645149230957e-8,-4.76837158203125e-7,0.9915927648544312,-0.1284683644771576,-0.015483761206269265,0.1276676058769226,0.9908066987991333,-0.044758036732673648,0.02109140157699585,0.04240495339035988,0.9988778829574585],"EasingStyle":"Linear","EasingDirection":"In"},"Torso":{"Weight":1,"CFrame":[-0.013400942087173462,-0.08330102264881134,-0.36577916145324709,0.9449962377548218,0.3235306143760681,-0.04806508868932724,-0.32656747102737429,0.9415035247802734,-0.08321558684110642,0.018330661579966546,0.09433490037918091,0.9953717589378357],"EasingStyle":"Linear","EasingDirection":"In"},"HumanoidRootPart":{"Weight":1,"CFrame":[0,0,0,1,0,0,0,1,0,0,0,1],"EasingStyle":"Linear","EasingDirection":"In"},"Right Leg":{"Weight":1,"CFrame":[0.6393903493881226,0.39621490240097048,0.03538644313812256,0.9616035223007202,0.24819627404212953,-0.11712073534727097,-0.2345856875181198,0.9648342132568359,0.11859443783760071,0.14243683218955995,-0.0865660309791565,0.9860112071037293],"EasingStyle":"Linear","EasingDirection":"In"}}},{"Time":0.5333333611488342,"poses":{"Left Leg":{"Weight":1,"CFrame":[-0.3740793466567993,0.1798255443572998,0.32326650619506838,0.6690895557403565,-0.5028424859046936,0.5472373366355896,0.5159294009208679,0.8442747592926025,0.14497213065624238,-0.5349168181419373,0.18533653020858766,0.8243266940116882],"EasingStyle":"Linear","EasingDirection":"In"},"Right Arm":{"Weight":1,"CFrame":[0.23431067168712617,-0.24631670117378236,0.4461085796356201,0.16588987410068513,-0.9595760107040405,-0.2273641973733902,0.07031191885471344,-0.2184627801179886,0.9733090400695801,-0.9836344718933106,-0.1774485856294632,0.031228896230459214],"EasingStyle":"Linear","EasingDirection":"In"},"Left Arm":{"Weight":1,"CFrame":[-0.26092544198036196,0.5268535614013672,0.1699618101119995,0.5519657731056213,0.6561748385429382,-0.5145567059516907,-0.6090257167816162,-0.1042674258351326,-0.786267101764679,-0.5695801377296448,0.7473706603050232,0.3420751988887787],"EasingStyle":"Linear","EasingDirection":"In"},"Head":{"Weight":1,"CFrame":[9.499490261077881e-8,-9.313225746154785e-9,-2.980232238769531e-7,0.9899678230285645,-0.14005813002586366,-0.01864086091518402,0.1391192227602005,0.9892698526382446,-0.04462014138698578,0.024690255522727968,0.04157919064164162,0.9988301992416382],"EasingStyle":"Linear","EasingDirection":"In"},"Torso":{"Weight":1,"CFrame":[-0.0009873434901237488,-0.08391726016998291,-0.3304402828216553,0.9471123218536377,0.3190808594226837,-0.034141555428504947,-0.3208647072315216,0.9432534575462341,-0.0855497270822525,0.004906858783215284,0.09198002517223358,0.99574875831604],"EasingStyle":"Linear","EasingDirection":"In"},"HumanoidRootPart":{"Weight":1,"CFrame":[0,0,0,1,0,0,0,1,0,0,0,1],"EasingStyle":"Linear","EasingDirection":"In"},"Right Leg":{"Weight":1,"CFrame":[0.6018433570861816,0.4012818932533264,0.07508838176727295,0.9530574679374695,0.24416591227054597,-0.17906542122364045,-0.2263806015253067,0.9673303365707398,0.11412249505519867,0.20108023285865785,-0.06822843849658966,0.9771958589553833],"EasingStyle":"Linear","EasingDirection":"In"}}},{"Time":0.5666666626930237,"poses":{"Left Leg":{"Weight":1,"CFrame":[-0.435663640499115,0.22551149129867555,0.34014010429382326,0.6506955623626709,-0.5383899807929993,0.5354731678962708,0.5422301888465881,0.8231205940246582,0.16869765520095826,-0.5315840840339661,0.18057894706726075,0.8275323510169983],"EasingStyle":"Linear","EasingDirection":"In"},"Right Arm":{"Weight":1,"CFrame":[0.3577998876571655,-0.20038017630577088,0.33618903160095217,0.3458261489868164,-0.9187706708908081,-0.1904332935810089,0.4245797395706177,-0.027759596705436708,0.9049649238586426,-0.83674156665802,-0.39381468296051028,0.38049137592315676],"EasingStyle":"Linear","EasingDirection":"In"},"Left Arm":{"Weight":1,"CFrame":[-0.23763598501682282,0.3189084529876709,0.12902164459228517,0.4557085931301117,0.6959923505783081,-0.5549094080924988,-0.6828148365020752,-0.1266021728515625,-0.7195385694503784,-0.571045994758606,0.7068002820014954,0.41754019260406496],"EasingStyle":"Linear","EasingDirection":"In"},"Head":{"Weight":1,"CFrame":[8.940696716308594e-8,5.21540641784668e-8,-2.384185791015625e-7,0.9884549975395203,-0.149992436170578,-0.021425476297736169,0.148958221077919,0.9878785014152527,-0.04367649927735329,0.02771691419184208,0.03998073935508728,0.9988160133361816],"EasingStyle":"Linear","EasingDirection":"In"},"Torso":{"Weight":1,"CFrame":[0.027382364496588708,-0.08456534147262573,-0.2531893253326416,0.9520294070243836,0.3060067892074585,-0.00018076394917443395,-0.30478593707084658,0.9481779932975769,-0.08980021625757218,-0.027308082208037378,0.08554752916097641,0.9959598779678345],"EasingStyle":"Linear","EasingDirection":"In"},"HumanoidRootPart":{"Weight":1,"CFrame":[0,0,0,1,0,0,0,1,0,0,0,1],"EasingStyle":"Linear","EasingDirection":"In"},"Right Leg":{"Weight":1,"CFrame":[0.5467405915260315,0.37480098009109499,0.13475477695465089,0.9342041611671448,0.24497996270656587,-0.25932127237319949,-0.23124922811985017,0.9693742394447327,0.08268985897302628,0.27163681387901308,-0.01728138141334057,0.9622448086738586],"EasingStyle":"Linear","EasingDirection":"In"}}},{"Time":0.6000000238418579,"poses":{"Left Leg":{"Weight":1,"CFrame":[-0.4632580876350403,0.2603037357330322,0.3261955976486206,0.6573042273521423,-0.5482034087181091,0.5171307921409607,0.5306352376937866,0.8239190578460693,0.19895650446414948,-0.5351426005363464,0.1436329036951065,0.8324614763259888],"EasingStyle":"Linear","EasingDirection":"In"},"Right Arm":{"Weight":1,"CFrame":[0.45565295219421389,-0.1762630045413971,0.20499491691589356,0.526949942111969,-0.8168184757232666,-0.23480075597763062,0.7059210538864136,0.2668006718158722,0.6561195254325867,-0.47328558564186098,-0.5114930272102356,0.7172000408172607],"EasingStyle":"Linear","EasingDirection":"In"},"Left Arm":{"Weight":1,"CFrame":[-0.2098391056060791,0.07071661949157715,0.08015775680541992,0.33982953429222109,0.738881528377533,-0.5818678140640259,-0.7632973194122315,-0.14476506412029267,-0.629619300365448,-0.5494481921195984,0.6581013202667236,0.5147907733917236],"EasingStyle":"Linear","EasingDirection":"In"},"Head":{"Weight":1,"CFrame":[9.313225746154785e-8,3.725290298461914e-9,0,0.9871971607208252,-0.15773023664951325,-0.023728780448436738,0.15666592121124268,0.9867793917655945,-0.04150073975324631,0.02996097505092621,0.03725190460681915,0.9988567233085632],"EasingStyle":"Linear","EasingDirection":"In"},"Torso":{"Weight":1,"CFrame":[0.06391119956970215,-0.08354935050010681,-0.17696595191955567,0.9574500918388367,0.2855631709098816,0.0417499840259552,-0.2809160351753235,0.9553155303001404,-0.09197065234184265,-0.0661478191614151,0.0763290748000145,0.9948861002922058],"EasingStyle":"Linear","EasingDirection":"In"},"HumanoidRootPart":{"Weight":1,"CFrame":[0,0,0,1,0,0,0,1,0,0,0,1],"EasingStyle":"Linear","EasingDirection":"In"},"Right Leg":{"Weight":1,"CFrame":[0.4528277814388275,0.3060479164123535,0.18013036251068116,0.9134228229522705,0.22386714816093446,-0.33991512656211855,-0.22029709815979005,0.9741708636283875,0.049601998180150989,0.3422396779060364,0.029574640095233918,0.9391471743583679],"EasingStyle":"Linear","EasingDirection":"In"}}},{"Time":0.6333333253860474,"poses":{"Left Leg":{"Weight":1,"CFrame":[-0.4302483797073364,0.3049372434616089,0.24373722076416017,0.7072350382804871,-0.5210551023483276,0.47782859206199648,0.425197958946228,0.8534650802612305,0.3013370931148529,-0.5648233890533447,-0.009944338351488114,0.8251519799232483],"EasingStyle":"Linear","EasingDirection":"In"},"Right Arm":{"Weight":1,"CFrame":[0.5200783014297485,-0.16694360971450807,0.09507536888122559,0.6246665120124817,-0.7136494517326355,-0.31701162457466128,0.7710058093070984,0.49925729632377627,0.3953380882740