{"Sequence":[{"Time":0,"poses":{"Left Leg":{"Weight":1,"CFrame":[-0.19342361390590669,0.25690901279449465,0.09202361106872559,0.8818249106407166,-0.15223652124404908,0.4463281035423279,0.11274063587188721,0.9870710372924805,0.11393123865127564,-0.45790210366249087,-0.05014811083674431,0.8875871300697327],"EasingStyle":"Linear","EasingDirection":"In"},"Head":{"Weight":1,"CFrame":[5.587935447692871e-8,-1.30385160446167e-8,-1.1920928955078126e-7,0.9504315257072449,-0.27670586109161379,0.14182303845882417,0.2842406928539276,0.9580938220024109,-0.03554530069231987,-0.1260441690683365,0.0740952342748642,0.9892536401748657],"EasingStyle":"Linear","EasingDirection":"In"},"Right Arm":{"Weight":1,"CFrame":[-4.470348358154297e-8,-0.504025936126709,0.17158329486846925,-0.554341733455658,-0.3184159994125366,-0.7689709663391113,0.7573583722114563,-0.5761122107505798,-0.3074134290218353,-0.34512829780578616,-0.7527987957000732,0.560518205165863],"EasingStyle":"Linear","EasingDirection":"In"},"Left Arm":{"Weight":1,"CFrame":[-0.5793682336807251,0.007812142372131348,0.08355486392974854,-0.8474633693695068,0.43087875843048098,-0.31007951498031618,-0.4124256372451782,-0.9021719694137573,-0.1264549195766449,-0.3342318534851074,0.020718708634376527,0.942263126373291],"EasingStyle":"Linear","EasingDirection":"In"},"handle":{"Weight":1,"CFrame":[-0.3015657067298889,0.47327911853790285,-0.3638426661491394,-0.9706018567085266,0.23469945788383485,0.0533689521253109,-0.23520366847515107,-0.8777884840965271,-0.41733258962631228,-0.05110092833638191,-0.41761648654937746,0.9071853756904602],"EasingStyle":"Linear","EasingDirection":"In"},"Torso":{"Weight":1,"CFrame":[-0.09777072072029114,-0.1269105076789856,-0.31647586822509768,0.9825722575187683,0.14005587995052339,-0.12221350520849228,-0.1586381494998932,0.974509060382843,-0.1586381494998932,0.09687995910644531,0.17526116967201234,0.9797437191009522],"EasingStyle":"Linear","EasingDirection":"In"},"HumanoidRootPart":{"Weight":0,"CFrame":[0,0,0,1,0,0,0,1,0,0,0,1],"EasingStyle":"Linear","EasingDirection":"In"},"Right Leg":{"Weight":1,"CFrame":[0.263004332780838,0.5006875395774841,0.039104580879211429,0.9737269282341003,-0.014502772130072117,-0.2272564172744751,0.06871001422405243,0.9701688289642334,0.23248937726020814,0.21710540354251862,-0.24199610948562623,0.9456760287284851],"EasingStyle":"Linear","EasingDirection":"In"}}},{"Time":0.03333333507180214,"poses":{"Left Leg":{"Weight":1,"CFrame":[-0.24510490894317628,0.27589118480682375,0.047624826431274417,0.8843528032302856,-0.21302750706672669,0.415378600358963,0.1413203924894333,0.9702243804931641,0.19670577347278596,-0.44491422176361086,-0.11525578796863556,0.8881258368492127],"EasingStyle":"Linear","EasingDirection":"In"},"Head":{"Weight":1,"CFrame":[7.82310962677002e-8,4.0978193283081057e-8,1.1920928955078126e-7,0.9637591242790222,-0.22626695036888123,0.14132080972194673,0.23457175493240357,0.9710590839385986,-0.04494807869195938,-0.12706057727336884,0.07646900415420532,0.9889429211616516],"EasingStyle":"Linear","EasingDirection":"In"},"Right Arm":{"Weight":1,"CFrame":[-0.0028531737625598909,-0.5245182514190674,0.17110192775726319,-0.5701504945755005,-0.3488898277282715,-0.7437769174575806,0.727776050567627,-0.6345189213752747,-0.2602454721927643,-0.3811436593532562,-0.6896822452545166,0.6156851053237915],"EasingStyle":"Linear","EasingDirection":"In"},"Left Arm":{"Weight":1,"CFrame":[-0.5983151197433472,-0.13719135522842408,-0.07384514808654785,-0.8204554319381714,0.42874428629875185,-0.3781946003437042,-0.5079056620597839,-0.850304126739502,0.13789430260658265,-0.2624590992927551,0.30522334575653078,0.9153982996940613],"EasingStyle":"Linear","EasingDirection":"In"},"handle":{"Weight":1,"CFrame":[-0.30192330479621889,0.4503631591796875,-0.3819018304347992,-0.981735348701477,0.1809210181236267,0.05884934589266777,-0.18776504695415498,-0.8715384602546692,-0.4529512822628021,-0.030658865347504617,-0.4557283818721771,0.889590859413147],"EasingStyle":"Linear","EasingDirection":"In"},"Torso":{"Weight":1,"CFrame":[-0.0584886372089386,-0.08807842433452606,-0.28754186630249026,0.9905932545661926,0.11567112058401108,-0.07311089336872101,-0.12328911572694779,0.9862444996833801,-0.11009801179170609,0.059370048344135287,0.11807612329721451,0.9912281632423401],"EasingStyle":"Linear","EasingDirection":"In"},"HumanoidRootPart":{"Weight":0,"CFrame":[0,0,0,1,0,0,0,1,0,0,0,1],"EasingStyle":"Linear","EasingDirection":"In"},"Right Leg":{"Weight":1,"CFrame":[0.31761234998703005,0.4182356595993042,0.10695517063140869,0.967192530632019,0.08558449149131775,-0.23919421434402467,-0.040015313774347308,0.9811146855354309,0.18924245238304139,0.25087323784828188,-0.17346253991127015,0.9523515105247498],"EasingStyle":"Linear","EasingDirection":"In"}}},{"Time":0.06666667014360428,"poses":{"Left Leg":{"Weight":1,"CFrame":[-0.2946372330188751,0.25434374809265139,0.0027027130126953127,0.8852810263633728,-0.280416876077652,0.3710038661956787,0.18093714118003846,0.9425889849662781,0.2806914150714874,-0.4284147620201111,-0.18136242032051087,0.8851940035820007],"EasingStyle":"Linear","EasingDirection":"In"},"Head":{"Weight":1,"CFrame":[9.173527359962464e-8,5.122274160385132e-9,-5.960464477539063e-8,0.9862214922904968,-0.0915384590625763,0.13779635727405549,0.10174097865819931,0.9924219846725464,-0.06890132278203964,-0.13044501841068269,0.08197148144245148,0.9880611300468445],"EasingStyle":"Linear","EasingDirection":"In"},"Right Arm":{"Weight":1,"CFrame":[-0.0091300830245018,-0.5397502779960632,0.17004311084747315,-0.607641875743866,-0.4105629622936249,-0.6798599362373352,0.6560425162315369,-0.7419442534446716,-0.13829921185970307,-0.44763776659965517,-0.5300534963607788,0.7201831340789795],"EasingStyle":"Linear","EasingDirection":"In"},"Left Arm":{"Weight":1,"CFrame":[-0.6127067804336548,-0.4064837694168091,-0.4252622127532959,-0.7737152576446533,0.4156374931335449,-0.47813209891319277,-0.6233910322189331,-0.6339830756187439,0.45765605568885805,-0.11290867626667023,0.6521586179733276,0.7496269941329956],"EasingStyle":"Linear","EasingDirection":"In"},"handle":{"Weight":1,"CFrame":[-0.3040841519832611,0.43024373054504397,-0.39891883730888369,-0.9962149262428284,0.05972551554441452,0.06315595656633377,-0.08418668061494827,-0.8438407182693481,-0.5299484133720398,0.021642200648784639,-0.5332595109939575,0.8456748723983765],"EasingStyle":"Linear","EasingDirection":"In"},"Torso":{"Weight":1,"CFrame":[-0.01848921924829483,-0.03528526425361633,-0.23215079307556153,0.996082603931427,0.08535387367010117,-0.023111611604690553,-0.08630947768688202,0.995291531085968,-0.04410656914114952,0.019238125532865526,0.04592853784561157,0.9987594485282898],"EasingStyle":"Linear","EasingDirection":"In"},"HumanoidRootPart":{"Weight":0,"CFrame":[0,0,0,1,0,0,0,1,0,0,0,1],"EasingStyle":"Linear","EasingDirection":"In"},"Right Leg":{"Weight":1,"CFrame":[0.3635561466217041,0.28391897678375246,0.1749894618988037,0.9458804726600647,0.19982464611530305,-0.255695641040802,-0.16544941067695619,0.9747828841209412,0.14974911510944367,0.27917128801345827,-0.09934014081954956,0.9550889730453491],"EasingStyle":"Linear","EasingDirection":"In"}}},{"Time":0.10000000149011612,"poses":{"Left Leg":{"Weight":1,"CFrame":[-0.32829156517982485,0.207750141620636,-0.03560054302215576,0.8839161992073059,-0.34216561913490298,0.31877070665359499,0.2232065051794052,0.9076835513114929,0.3553721606731415,-0.41093912720680239,-0.24296756088733674,0.8786898851394653],"EasingStyle":"Linear","EasingDirection":"In"},"Head":{"Weight":1,"CFrame":[8.335337042808533e-8,5.122274160385132e-9,-2.980232238769531e-7,0.9868947863578796,0.09847056865692139,0.12783676385879517,-0.08593948930501938,0.9912588596343994,-0.10010123252868653,-0.13657636940479279,0.08780316263437271,0.986730694770813],"EasingStyle":"Linear","EasingDirection":"In"},"Right Arm":{"Weight":1,"CFrame":[-0.015406958758831025,-0.5492417216300964,0.16898417472839356,-0.6504924893379211,-0.45691919326782229,-0.6066995859146118,0.574981153011322,-0.8181665539741516,-0.0003047924838028848,-0.49624204635620119,-0.349039226770401,0.7949311137199402],"EasingStyle":"Linear","EasingDirection":"In"},"Left Arm":{"Weight":1,"CFrame":[-0.6184200048446655,-0.551487922668457,-0.8150874972343445,-0.7522963881492615,0.3954543471336365,-0.5269401669502258,-0.6584933400154114,-0.4767010509967804,0.5823595523834229,-0.0208963081240654,0.7850936055183411,0.6190245151519775],"EasingStyle":"Linear","EasingDirection":"In"},"handle":{"Weight":1,"CFrame":[-0.3096800148487091,0.41595029830932619,-0.4144115746021271,-0.9964525103569031,-0.062259554862976077,0.056622132658958438,0.015567098744213581,-0.7975711226463318,-0.6030238270759583,0.08270430564880371,-0.6000034213066101,0.7957111597061157],"EasingStyle":"Linear","EasingDirection":"In"},"Torso":{"Weight":1,"CFrame":[0.017620213329792024,0.0225515179336071,-0.1674942970275879,0.9983991384506226,0.05209698528051376,0.022025182843208314,-0.05270909145474434,0.9982119798660278,0.02818940207362175,-0.020517216995358468,-0.029305201023817064,0.9993599057197571],"EasingStyle":"Linear","EasingDirection":"In"},"HumanoidRootPart":{"Weight":0,"CFrame":[0,0,0,1,0,0,0,1,0,0,0,1],"EasingStyle":"Linear","EasingDirection":"In"},"Right Leg":{"Weight":1,"CFrame":[0.37367841601371767,0.1270504593849182,0.2253251075744629,0.9123393893241882,0.302974134683609,-0.27539709210395815,-0.28055861592292788,0.952501118183136,0.11844173818826676,0.2982008457183838,-0.030794065445661546,0.9540063142776489],"EasingStyle":"Linear","EasingDirection":"In"}}},{"Time":0.13333334028720857,"poses":{"Left Leg":{"Weight":1,"CFrame":[-0.33915698528289797,0.15550470352172852,-0.06364643573760987,0.8816688060760498,-0.38845521211624148,0.2678854763507843,0.25925156474113467,0.873124361038208,0.41284695267677309,-0.3942698836326599,-0.29454439878463747,0.8705140948295593],"EasingStyle":"Linear","EasingDirection":"In"},"Head":{"Weight":1,"CFrame":[6.984919309616089e-8,3.562308847904205e-8,1.1920928955078126e-7,0.9464290738105774,0.30324456095695498,0.11097146570682526,-0.28867194056510928,0.948550283908844,-0.13008035719394685,-0.14470823109149934,0.09107749909162522,0.9852737784385681],"EasingStyle":"Linear","EasingDirection":"In"},"Right Arm":{"Weight":1,"CFrame":[-0.01826009340584278,-0.5525117516517639,0.16850292682647706,-0.6711077094078064,-0.4721267521381378,-0.5715861320495606,0.5363485813140869,-0.8414657711982727,0.06531104445457459,-0.5118052363395691,-0.26273873448371889,0.8179386854171753],"EasingStyle":"Linear","EasingDirection":"In"},"Left Arm":{"Weight":1,"CFrame":[-0.6113590598106384,-0.4107923209667206,-1.117422342300415,-0.7502697706222534,0.3742574453353882,-0.5450015068054199,-0.6582777500152588,-0.49939829111099245,0.5632689595222473,-0.06136514991521835,0.7813659310340881,0.6210486888885498],"EasingStyle":"Linear","EasingDirection":"In"},"handle":{"Weight":1,"CFrame":[-0.32034212350845339,0.41051197052001955,-0.42789730429649355,-0.9918760061264038,-0.11690792441368103,0.0501449815928936,0.0587865449488163,-0.7708349227905273,-0.6343164443969727,0.11281022429466248,-0.6262156963348389,0.7714455127716065],"EasingStyle":"Linear","EasingDirection":"In"},"Torso":{"Weight":1,"CFrame":[0.04613375663757324,0.0756167471408844,-0.10772514343261719,0.9981188774108887,0.02081483229994774,0.05766711011528969,-0.026214519515633584,0.995177686214447,0.0945209488272667,-0.055421579629182819,-0.09585486352443695,0.9938512444496155],"EasingStyle":"Linear","EasingDirection":"In"},"HumanoidRootPart":{"Weight":0,"CFrame":[0,0,0,1,0,0,0,1,0,0,0,1],"EasingStyle":"Linear","EasingDirection":"In"},"Right Leg":{"Weight":1,"CFrame":[0.3437478840351105,-0.013538241386413575,0.24930918216705323,0.877696692943573,0.3779522776603699,-0.29461929202079775,-0.3657981753349304,0.9255613088607788,0.09761153906583786,0.3095807433128357,0.022097818553447725,0.9506163597106934],"EasingStyle":"Linear","EasingDirection":"In"}}},{"Time":0.1666666716337204,"poses":{"Left Leg":{"Weight":1,"CFrame":[-0.3324342966079712,0.11573028564453125,-0.0802571177482605,0.8805043697357178,-0.4148014485836029,0.22945955395698548,0.28256380558013918,0.8479227423667908,0.448536217212677,-0.38061752915382388,-0.3301011025905609,0.8638076186180115],"EasingStyle":"Linear","EasingDirection":"In"},"Head":{"Weight":1,"CFrame":[1.1175870895385742e-7,8.556526154279709e-9,-2.980232238769531e-7,0.8723613023757935,0.4801994562149048,0.09162003546953201,-0.4643702507019043,0.8725504875183106,-0.15170983970165254,-0.15279407799243928,0.08980017155408859,0.9841696619987488],"EasingStyle":"Linear","EasingDirection":"In"},"Right Arm":{"Weight":1,"CFrame":[-0.017295459285378457,-0.5275595188140869,0.16981935501098634,-0.6705692410469055,-0.4717598557472229,-0.5725203156471252,0.5369471311569214,-0.841167688369751,0.06422296166419983,-0.5118834376335144,-0.2643473446369171,0.8173713088035584],"EasingStyle":"Linear","EasingDirection":"In"},"Left Arm":{"Weight":1,"CFrame":[-0.5982457399368286,-0.14950153231620789,-1.3252103328704835,-0.7395531535148621,0.3150004744529724,-0.5948410630226135,-0.6514297127723694,-0.5573862195014954,0.5147426724433899,-0.16941198706626893,0.7681766152381897,0.6174172759056091],"EasingStyle":"Linear","EasingDirection":"In"},"handle":{"Weight":1,"CFrame":[-0.33705610036849978,0.42070043087005618,-0.43899834156036379,-0.9952143430709839,-0.07533484697341919,0.062233611941337588,0.020756414160132409,-0.785330593585968,-0.6187283396720886,0.09548584371805191,-0.6144758462905884,0.7831361293792725],"EasingStyle":"Linear","EasingDirection":"In"},"Torso":{"Weight":1,"CFrame":[0.06454721093177796,0.11413988471031189,-0.06425929069519043,0.9967367649078369,-0.0024285558611154558,0.08068393915891648,-0.009137782268226147,0.9897274374961853,0.14267486333847047,-0.08020160347223282,-0.14294655621051789,0.9864755272865295],"EasingStyle":"Linear","EasingDirection":"In"},"HumanoidRootPart":{"Weight":0,"CFrame":[0,0,0,1,0,0,0,1,0,0,0,1],"EasingStyle":"Linear","EasingDirection":"In"},"Right Leg":{"Weight":1,"CFrame":[0.2966461479663849,-0.10680806636810303,0.2511659860610962,0.8533958196640015,0.41987344622612,-0.30890408158302309,-0.41415444016456606,0.9060090780258179,0.0873137041926384,0.31653061509132388,0.05342083424329758,0.9470768570899963],"EasingStyle":"Linear","EasingDirection":"In"}}},{"Time":0.20000000298023225,"poses":{"Left Leg":{"Weight":1,"CFrame":[-0.32272276282310488,0.10169976949691773,-0.08499413728713989,0.8812538981437683,-0.42115700244903567,0.21451875567436219,0.28934425115585329,0.8396037817001343,0.4597233235836029,-0.3737265169620514,-0.3430631458759308,0.8617634177207947],"EasingStyle":"Linear","EasingDirection":"In"},"Head":{"Weight":1,"CFrame":[7.351627573370934e-8,-1.3504177331924439e-8,4.76837158203125e-7,0.7953359484672546,0.6012272834777832,0.07724330574274063,-0.5850768685340881,0.7947257161140442,-0.1615428924560547,-0.158511221408844,0.08328758180141449,0.9838380813598633],"EasingStyle":"Linear","EasingDirection":"In"},"Right Arm":{"Weight":1,"CFrame":[-0.014883888885378838,-0.46517810225486758,0.17329895496368409,-0.6690306663513184,-0.4707159698009491,-0.5751732587814331,0.5387077927589417,-0.8402771353721619,0.06105968356132507,-0.5120466947555542,-0.2689996361732483,0.8157495856285095],"EasingStyle":"Linear","EasingDirection":"In"},"Left Arm":{"Weight":1,"CFrame":[-0.5911847949028015,-0.008805930614471436,-1.4611053466796876,-0.7086033821105957,0.2238221913576126,-0.6691672205924988,-0.6263912916183472,-0.6361211538314819,0.4505375623703003,-0.3248310685157776,0.7384128570556641,0.590957760810852],"EasingStyle":"Linear","EasingDirection":"In"},"handle":{"Weight":1,"CFrame":[-0.35822856426239016,0.4461733102798462,-0.447754442691803,-0.9965894222259522,0.002778589492663741,0.08247315883636475,-0.050910960882902148,-0.8072544932365418,-0.5880032777786255,0.0649430900812149,-0.590196967124939,0.8046429753303528],"EasingStyle":"Linear","EasingDirection":"In"},"Torso":{"Weight":1,"CFrame":[0.07109628617763519,0.12893429398536683,-0.047359466552734378,0.9959774613380432,-0.011443953029811383,0.08887027949094773,-0.0030409772880375387,0.9869223237037659,0.1611679047346115,-0.08955245465040207,-0.1607898622751236,0.9829176068305969],"EasingStyle":"Linear","EasingDirection":"In"},"HumanoidRootPart":{"Weight":0,"CFrame":[0,0,0,1,0,0,0,1,0,0,0,1],"EasingStyle":"Linear","EasingDirection":"In"},"Right Leg":{"Weight":1,"CFrame":[0.27005285024642947,-0.1369873285293579,0.2433924674987793,0.8455771803855896,0.4315215051174164,-0.3143059015274048,-0.42708706855773928,0.9000434875488281,0.08670873939990998,0.32030582427978518,0.06091703847050667,0.9453535676002502],"EasingStyle":"Linear","EasingDirection":"In"}}},{"Time":0.23333333432674409,"poses":{"Left Leg":{"Weight":1,"CFrame":[-0.31434139609336855,0.10941815376281738,-0.08240377902984619,0.88645339012146,-0.40782877802848818,0.21880614757537843,0.278616338968277,0.8477450609207153,0.4513327479362488,-0.36955833435058596,-0.3391224443912506,0.8651142120361328],"EasingStyle":"Linear","EasingDirection":"In"},"Head":{"Weight":1,"CFrame":[8.597271516919136e-8,-4.0046870708465579e-8,1.1920928955078126e-7,0.7446994185447693,0.6634974479675293,0.07206936925649643,-0.6474650502204895,0.744426429271698,-0.16315121948719026,-0.16190074384212495,0.07483622431755066,0.983965277671814],"EasingStyle":"Linear","EasingDirection":"In"},"Right Arm":{"Weight":1,"CFrame":[-0.011748808436095715,-0.3840830326080322,0.17823684215545655,-0.6666070818901062,-0.4690704345703125,-0.5793166756629944,0.5415788888931274,-0.8387841582298279,0.055977243930101398,-0.5121790170669556,-0.2764309048652649,0.8131781816482544],"EasingStyle":"Linear","EasingDirection":"In"},"Left Arm":{"Weight":1,"CFrame":[-0.5960487127304077,-0.05195966362953186,-1.545849323272705,-0.6479657888412476,0.1106717437505722,-0.7535861730575562,-0.5717592239379883,-0.7243460416793823,0.3852456510066986,-0.5032212734222412,0.6804958581924439,0.5326290130615234],"EasingStyle":"Linear","EasingDirection":"In"},"handle":{"Weight":1,"CFrame":[-0.3816206455230713,0.4792865514755249,-0.45431220531463625,-0.9947276711463928,0.045074887573719028,0.0921149030327797,-0.08982902765274048,-0.8162984848022461,-0.5706024169921875,0.049473416060209277,-0.5758689045906067,0.8160439133644104],"EasingStyle":"Linear","EasingDirection":"In"},"Torso":{"Weight":1,"CFrame":[0.06871281564235687,0.12183919548988342,-0.049924373626708987,0.996247410774231,-0.010667335242033005,0.08589094132184982,-0.0025478051975369455,0.9883311986923218,0.15229900181293488,-0.08651331812143326,-0.1519463211297989,0.9845952391624451],"EasingStyle":"Linear","EasingDirection":"In"},"HumanoidRootPart":{"Weight":0,"CFrame":[0,0,0,1,0,0,0,1,0,0,0,1],"EasingStyle":"Linear","EasingDirection":"In"},"Right Leg":{"Weight":1,"CFrame":[0.26766303181648257,-0.12107384204864502,0.2345740795135498,0.8511512875556946,0.4198766052722931,-0.3150317668914795,-0.4131035804748535,0.9060754776000977,0.09150287508964539,0.3238625228404999,0.052257928997278216,0.9446598291397095],"EasingStyle":"Linear","EasingDirection":"In"}}},{"Time":0.2666666805744171,"poses":{"Left Leg":{"Weight":1,"CFrame":[-0.3012341260910034,0.12558788061141969,-0.07763659954071045,0.8970755338668823,-0.37751591205596926,0.2296457588672638,0.253618985414505,0.8654672503471375,0.4320230782032013,-0.3618464469909668,-0.32931476831436159,0.8721346855163574],"EasingStyle":"Linear","EasingDirection":"In"},"Head":{"Weight":1,"CFrame":[1.385051291435957e-7,2.6775524020195008e-8,-1.1920928955078126e-7,0.7214341163635254,0.6886500120162964,0.07275912165641785,-0.6728270649909973,0.7219325304031372,-0.16160790622234345,-0.16381847858428956,0.06763517111539841,0.9841691851615906],"EasingStyle":"Linear","EasingDirection":"In"},"Right Arm":{"Weight":1,"CFrame":[-0.008613820187747479,-0.3029879331588745,0.1839282512664795,-0.6634153127670288,-0.46688786149024966,-0.584718644618988,0.54550701379776,-0.836664617061615,0.04913629591464996,-0.5121545195579529,-0.2863703966140747,0.8097466826438904],"EasingStyle":"Linear","EasingDirection":"In"},"Left Arm":{"Weight":1,"CFrame":[-0.6116833686828613,-0.16053840517997743,-1.592536449432373,-0.563279926776886,0.004012815188616514,-0.8262563347816467,-0.4955775737762451,-0.8017966747283936,0.333953857421875,-0.6611494421958923,0.5975834727287293,0.4536246061325073],"EasingStyle":"Linear","EasingDirection":"In"},"handle":{"Weight":1,"CFrame":[-0.4049927592277527,0.5123999118804932,-0.4588165283203125,-0.9963110089302063,0.0034834197722375395,0.08574488759040833,-0.05468522757291794,-0.7958004474639893,-0.6030845642089844,0.06613501161336899,-0.6055489182472229,0.7930554151535034],"EasingStyle":"Linear","EasingDirection":"In"},"Torso":{"Weight":1,"CFrame":[0.06231333315372467,0.10279712080955506,-0.057154178619384769,0.9969236850738525,-0.008722205646336079,0.07789157330989838,-0.0013630911707878113,0.9917090535163879,0.12849640846252442,-0.07836654782295227,-0.12820729613304139,0.9886463284492493],"EasingStyle":"Linear","EasingDirection":"In"},"HumanoidRootPart":{"Weight":0,"CFrame":[0,0,0,1,0,0,0,1,0,0,0,1],"EasingStyle":"Linear","EasingDirection":"In"},"Right Leg":{"Weight":1,"CFrame":[0.26726391911506655,-0.08657705783843994,0.22485971450805665,0.8632686734199524,0.3925311863422394,-0.31731104850769045,-0.38207849860191347,0.9189866185188294,0.09736377745866776,0.3298230469226837,0.037186600267887118,0.9433101415634155],"EasingStyle":"Linear","EasingDirection":"In"}}},{"Time":0.30000001192092898,"poses":{"Left Leg":{"Weight":1,"CFrame":[-0.282918781042099,0.14670658111572267,-0.07053267955780029,0.9104496836662293,-0.3338240683078766,0.2442188709974289,0.2173866182565689,0.8885114789009094,0.40409213304519656,-0.3518869876861572,-0.31481558084487917,0.8815138339996338],"EasingStyle":"Linear","EasingDirection":"In"},"Head":{"Weight":1,"CFrame":[5.6104795476130678e-8,-4.5925844460725787e-8,0,0.7162526249885559,0.6937491297721863,0.07546049356460571,-0.6784784197807312,0.7175915837287903,-0.15725542604923249,-0.16324563324451447,0.06143629178404808,0.9846706986427307],"EasingStyle":"Linear","EasingDirection":"In"},"Right Arm":{"Weight":1,"CFrame":[-0.006202182732522488,-0.24060723185539246,0.18966829776763917,-0.6595742106437683,-0.46422868967056277,-0.5911459922790527,0.5504363179206848,-0.8338845372200012,0.04069993272423744,-0.5118415355682373,-0.29854363203048708,0.8055370450019836],"EasingStyle":"Linear","EasingDirection":"In"},"Left Arm":{"Weight":1,"CFrame":[-0.6396539807319641,-0.3032185435295105,-1.6123484373092652,-0.4791198670864105,-0.0718531608581543,-0.8748034834861755,-0.4279972016811371,-0.8510083556175232,0.3043079972267151,-0.7663305997848511,0.5202133059501648,0.37698206305503847],"EasingStyle":"Linear","EasingDirection":"In"},"handle":{"Weight":1,"CFrame":[-0.4261057376861572,0.5378719568252564,-0.4614124596118927,-0.9948994517326355,-0.07307387888431549,0.06953584402799607,0.008988830260932446,-0.7508347630500794,-0.6604288220405579,0.10047024488449097,-0.6564353704452515,0.7476620674133301],"EasingStyle":"Linear","EasingDirection":"In"},"Torso":{"Weight":1,"CFrame":[0.05297139286994934,0.07508373260498047,-0.06852555274963379,0.9977858662605286,-0.00624637259170413,0.0662141665816307,0.000004301793069316773,0.9955859184265137,0.09385466575622559,-0.06650814414024353,-0.0936465710401535,0.9933816194534302],"EasingStyle":"Linear","EasingDirection":"In"},"HumanoidRootPart":{"Weight":0,"CFrame":[0,0,0,1,0,0,0,1,0,0,0,1],"EasingStyle":"Linear","EasingDirection":"In"},"Right Leg":{"Weight":1,"CFrame":[0.2649313509464264,-0.03873860836029053,0.21316814422607423,0.8790267705917358,0.352509081363678,-0.3210127651691437,-0.33727243542671206,0.9356551766395569,0.10390710085630417,0.3369854986667633,0.016931580379605295,0.9413576126098633],"EasingStyle":"Linear","EasingDirection":"In"}}},{"Time":0.3333333432674408,"poses":{"Left Leg":{"Weight":1,"CFrame":[-0.2596244215965271,0.16917651891708375,-0.06103038787841797,0.9239166378974915,-0.28087273240089419,0.25978565216064455,0.1733945608139038,0.912672758102417,0.37008482217788699,-0.3410460650920868,-0.29688212275505068,0.8919353485107422],"EasingStyle":"Linear","EasingDirection":"In"},"Head":{"Weight":1,"CFrame":[1.0473740985617042e-7,-7.130438461899757e-9,0,0.7529357075691223,0.6534292697906494,0.07821770757436753,-0.6393338441848755,0.7544636130332947,-0.14844860136508943,-0.15601307153701783,0.06176501885056496,0.9858220219612122],"EasingStyle":"Linear","EasingDirection":"In"},"Right Arm":{"Weight":1,"CFrame":[-0.00523759238421917,-0.21565493941307069,0.19475221633911134,-0.6552040576934815,-0.4611547589302063,-0.5983678102493286,0.5563073754310608,-0.8304042816162109,0.030833927914500238,-0.5111063718795776,-0.31267398595809939,0.8006280064582825],"EasingStyle":"Linear","EasingDirection":"In"},"Left Arm":{"Weight":1,"CFrame":[-0.6815247535705566,-0.44867607951164248,-1.6164677143096924,-0.4301118552684784,-0.10450368374586106,-0.8967066407203674,-0.4047143757343292,-0.8655535578727722,0.29499733448028567,-0.8069758415222168,0.4897918403148651,0.3299906253814697],"EasingStyle":"Linear","EasingDirection":"In"},"handle":{"Weight":1,"CFrame":[-0.44272100925445559,0.5480607748031616,-0.4622457027435303,-0.9918038249015808,-0.11357861012220383,0.058524586260318759,0.04212656244635582,-0.7231159806251526,-0.6894405484199524,0.12062573432922363,-0.6813245415687561,0.7219740748405457],"EasingStyle":"Linear","EasingDirection":"In"},"Torso":{"Weight":1,"CFrame":[0.04179311543703079,0.042058952152729037,-0.08340311050415039,0.9986271262168884,-0.0038385684601962568,0.05224131420254707,0.0010882331989705563,0.9986164569854736,0.052573688328266147,-0.05237084627151489,-0.05244465917348862,0.9972496628761292],"EasingStyle":"Linear","EasingDirection":"In"},"HumanoidRootPart":{"Weight":0,"CFrame":[0,0,0,1,0,0,0,1,0,0,0,1],"EasingStyle":"Linear","EasingDirection":"In"},"Right Leg":{"Weight":1,"CFrame":[0.2575492560863495,0.016639232635498048,0.1987590789794922,0.8954225182533264,0.30331453680992129,-0.3259121775627136,-0.2824734151363373,0.9528642296791077,0.11071858555078507,0.3441326916217804,-0.007078459952026606,0.9388943910598755],"EasingStyle":"Linear","EasingDirection":"In"}}},{"Time":0.36666667461395266,"poses":{"Left Leg":{"Weight":1,"CFrame":[-0.23287609219551087,0.18979233503341676,-0.04934960603713989,0.9353394508361816,-0.22367744147777558,0.2740592062473297,0.12589743733406068,0.9344797730445862,0.3330126106739044,-0.3305903375148773,-0.27697646617889407,0.9022162556648254],"EasingStyle":"Linear","EasingDirection":"In"},"Head":{"Weight":1,"CFrame":[8.940332918427885e-8,4.802132025361061e-10,0,0.8360919952392578,0.5429055094718933,0.0787636786699295,-0.5307308435440064,0.8368293046951294,-0.13431885838508607,-0.13883423805236817,0.07050062716007233,0.9878029823303223],"EasingStyle":"Linear","EasingDirection":"In"},"Right Arm":{"Weight":1,"CFrame":[-0.005622732453048229,-0.2157174050807953,0.1988745927810669,-0.650428831577301,-0.4577319920063019,-0.6061549186706543,0.5630549788475037,-0.8261844515800476,0.01970439963042736,-0.5098150968551636,-0.32848235964775088,0.7951024770736694],"EasingStyle":"Linear","EasingDirection":"In"},"Left Arm":{"Weight":1,"CFrame":[-0.7369109988212586,-0.5708926916122437,-1.5302071571350098,-0.48226356506347659,-0.12571318447589875,-0.8669590353965759,-0.44360482692718508,-0.8183383941650391,0.36542728543281557,-0.7554048895835877,0.5608194470405579,0.3388878107070923],"EasingStyle":"Linear","EasingDirection":"In"},"handle":{"Weight":1,"CFrame":[-0.4554527997970581,0.5476716756820679,-0.4621119797229767,-0.9927387237548828,-0.10432729125022888,0.05987966060638428,0.03544449433684349,-0.7293922901153565,-0.6831766963005066,0.11494991928339005,-0.6760937571525574,0.7277939319610596],"EasingStyle":"Linear","EasingDirection":"In"},"Torso":{"Weight":1,"CFrame":[0.029941655695438386,0.007206199690699577,-0.10070610046386719,0.9992974996566773,-0.001931075705215335,0.03742698207497597,0.0015949825756251813,0.9999581575393677,0.009007749147713185,-0.03744281083345413,-0.00894172489643097,0.9992587566375732],"EasingStyle":"Linear","EasingDirection":"In"},"HumanoidRootPart":{"Weight":0,"CFrame":[0,0,0,1,0,0,0,1,0,0,0,1],"EasingStyle":"Linear","EasingDirection":"In"},"Right Leg":{"Weight":1,"CFrame":[0.24399229884147645,0.07330477237701416,0.18165409564971925,0.9098412990570068,0.2494099736213684,-0.3316374719142914,-0.2225077897310257,0.9678341746330261,0.1174195259809494,0.35025572776794436,-0.03304128721356392,0.9360711574554443],"EasingStyle":"Linear","EasingDirection":"In"}}},{"Time":0.4000000059604645,"poses":{"Left Leg":{"Weight":1,"CFrame":[-0.20543359220027924,0.2062860131263733,-0.03603750467300415,0.9435398578643799,-0.16805516183376313,0.28546446561813357,0.07986786961555481,0.9517452716827393,0.29631417989730837,-0.3214866816997528,-0.2567847967147827,0.9114317893981934],"EasingStyle":"Linear","EasingDirection":"In"},"Head":{"Weight":1,"CFrame":[8.236384019255638e-8,-9.924406185746193e-9,-4.172325134277344e-7,0.9215053915977478,0.3815021216869354,0.07269106060266495,-0.3719513714313507,0.9208009839057922,-0.1173783615231514,-0.11171407997608185,0.08112725615501404,0.990423321723938],"EasingStyle":"Linear","EasingDirection":"In"},"Right Arm":{"Weight":1,"CFrame":[-0.00669223815202713,-0.21615862846374513,0.20224976539611817,-0.6453741788864136,-0.45403602719306948,-0.6142828464508057,0.5706087350845337,-0.8211879730224609,0.007476734928786755,-0.5078364610671997,-0.3456900119781494,0.7890505194664002],"EasingStyle":"Linear","EasingDirection":"In"},"Left Arm":{"Weight":1,"CFrame":[-0.7976288795471191,-0.6650695204734802,-1.3081570863723755,-0.6502533555030823,-0.13410437107086183,-0.7477877140045166,-0.4884721040725708,-0.6800676584243774,0.5467202067375183,-0.5818639397621155,0.7207801342010498,0.3767101466655731],"EasingStyle":"Linear","EasingDirection":"In"},"handle":{"Weight":1,"CFrame":[-0.4664895534515381,0.5465414524078369,-0.4617239534854889,-0.9946374297142029,-0.08218005299568176,0.0627916231751442,0.019292401149868966,-0.7439051270484924,-0.6680065989494324,0.10160799324512482,-0.6632130742073059,0.7415014505386353],"EasingStyle":"Linear","EasingDirection":"In"},"Torso":{"Weight":1,"CFrame":[0.018624991178512574,-0.025921225547790529,-0.11872243881225586,0.9997286796569824,-0.0007184265414252877,0.023281147703528405,0.0014727930538356305,0.9994738698005676,-0.03240153193473816,-0.023245619609951974,0.03242702782154083,0.9992037415504456],"EasingStyle":"Linear","EasingDirection":"In"},"HumanoidRootPart":{"Weight":0,"CFrame":[0,0,0,1,0,0,0,1,0,0,0,1],"EasingStyle":"Linear","EasingDirection":"In"},"Right Leg":{"Weight":1,"CFrame":[0.22545522451400758,0.12522166967391969,0.16273510456085206,0.9205963015556336,0.1961967647075653,-0.3376525640487671,-0.16321896016597749,0.9788001775741577,0.12373277544975281,0.35477039217948916,-0.05879662185907364,0.9331028461456299],"EasingStyle":"Linear","EasingDirection":"In"}}},{"Time":0.4333333373069763,"poses":{"Left Leg":{"Weight":1,"CFrame":[-0.18081283569335938,0.217617928981781,-0.021877050399780275,0.9484571218490601,-0.12023710459470749,0.29321011900901797,0.040670812129974368,0.9637603163719177,0.26365119218826296,-0.31428492069244387,-0.23813670873641969,0.9189754724502564],"EasingStyle":"Linear","EasingDirection":"In"},"Head":{"Weight":1,"CFrame":[9.193172445520759e-8,-2.1565938368439676e-8,-3.5762786865234377e-7,0.9768540859222412,0.20606309175491334,0.05739416927099228,-0.19960471987724305,0.9745789170265198,-0.10175429284572602,-0.07690294831991196,0.08794290572404862,0.9931525588035584],"EasingStyle":"Linear","EasingDirection":"In"},"Right Arm":{"Weight":1,"CFrame":[-0.008317150175571442,-0.21735507249832154,0.20495235919952393,-0.6401676535606384,-0.4501532316207886,-0.6225331425666809,0.5788916349411011,-0.815384566783905,-0.005686002317816019,-0.5050444006919861,-0.36401933431625368,0.7825728058815002],"EasingStyle":"Linear","EasingDirection":"In"},"Left Arm":{"Weight":1,"CFrame":[-0.853545069694519,-0.7317121028900147,-1.005414366722107,-0.8491458296775818,-0.05727435275912285,-0.5250438451766968,-0.4416087567806244,-0.4683045744895935,0.7652924060821533,-0.2897120416164398,0.8817088603973389,0.3723660111427307],"EasingStyle":"Linear","EasingDirection":"In"},"handle":{"Weight":1,"CFrame":[-0.47595250606536868,0.5447214841842651,-0.4610999524593353,-0.9962900280952454,-0.055618252605199817,0.06567176431417465,-0.0003642813244368881,-0.7603679299354553,-0.6494921445846558,0.08605857938528061,-0.6471067667007446,0.7575269937515259],"EasingStyle":"Linear","EasingDirection":"In"},"Torso":{"Weight":1,"CFrame":[0.009063564240932465,-0.05379548668861389,-0.13510680198669434,0.9999358057975769,-0.00015194693696685135,0.011329368688166142,0.0009134978172369301,0.9977360963821411,-0.06724437326192856,-0.011293502524495125,0.06725040823221207,0.9976722002029419],"EasingStyle":"Linear","EasingDirection":"In"},"HumanoidRootPart":{"Weight":0,"CFrame":[0,0,0,1,0,0,0,1,0,0,0,1],"EasingStyle":"Linear","EasingDirection":"In"},"Right Leg":{"Weight":1,"CFrame":[0.20502662658691407,0.16728270053863526,0.14355885982513429,0.927237868309021,0.14963828027248383,-0.3432759940624237,-0.11106151342391968,0.9853364825248718,0.12952743470668794,0.3576245605945587,-0.08197800070047379,0.9302603006362915],"EasingStyle":"Linear","EasingDirection":"In"}}},{"Time":0.46666666865348818,"poses":{"Left Leg":{"Weight":1,"CFrame":[-0.16270536184310914,0.22380101680755616,-0.00771564245223999,0.9509134292602539,-0.08645568042993546,0.29713478684425356,0.013703469187021256,0.9710034132003784,0.2386726588010788,-0.3091535270214081,-0.22288523614406587,0.9245249032974243],"EasingStyle":"Linear","EasingDirection":"In"},"Head":{"Weight":1,"CFrame":[8.767528925091028e-8,6.217053538648543e-9,-1.1920928955078126e-7,0.99737948179245,0.06445155292749405,0.0328650064766407,-0.061228975653648379,0.993958592414856,-0.09108946472406388,-0.03853731229901314,0.08883848041296005,0.9953002333641052],"EasingStyle":"Linear","EasingDirection":"In"},"Right Arm":{"Weight":1,"CFrame":[-0.01036863774061203,-0.21968448162078858,0.20705723762512208,-0.6349374651908875,-0.44618353247642519,-0.6306939125061035,0.5878207683563232,-0.8087530732154846,-0.01962454617023468,-0.5013193488121033,-0.3831954598426819,0.7757835388183594],"EasingStyle":"Linear","EasingDirection":"In"},"Left Arm":{"Weight":1,"CFrame":[-0.8945260643959045,-0.771327018737793,-0.6770763397216797,-0.9618195295333862,0.11801015585660935,-0.24693484604358674,-0.27079910039901736,-0.2796838581562042,0.9211106896400452,0.03963679447770119,0.9528118968009949,0.30096229910850527],"EasingStyle":"Linear","EasingDirection":"In"},"handle":{"Weight":1,"CFrame":[-0.4839629530906677,0.5422654151916504,-0.46025678515434267,-0.9971581697463989,-0.03328542038798332,0.06758438795804978,-0.01713063195347786,-0.7734203934669495,-0.6336617469787598,0.073362797498703,-0.633018970489502,0.7706524133682251],"EasingStyle":"Linear","EasingDirection":"In"},"Torso":{"Weight":1,"CFrame":[0.0024614757858216764,-0.07298122346401215,-0.14705514907836915,0.9999952912330627,-0.00000425850021201768,0.0030767570715397598,0.0002849239972420037,0.9958301186561585,-0.09122652560472489,-0.003063538810238242,0.0912269726395607,0.9958254098892212],"EasingStyle":"Linear","EasingDirection":"In"},"HumanoidRootPart":{"Weight":0,"CFrame":[0,0,0,1,0,0,0,1,0,0,0,1],"EasingStyle":"Linear","EasingDirection":"In"},"Right Leg":{"Weight":1,"CFrame":[0.18676960468292237,0.19555175304412843,0.1260063648223877,0.9304249882698059,0.11576875299215317,-0.34771665930747988,-0.07257525622844696,0.9882091879844666,0.13481655716896058,0.359224408864975,-0.10020105540752411,0.9278564453125],"EasingStyle":"Linear","EasingDirection":"In"}}},{"Time":0.5,"poses":{"Left Leg":{"Weight":1,"CFrame":[-0.1545572578907013,0.2252911925315857,0.005683541297912598,0.9519926309585571,-0.07273644208908081,0.2973541021347046,0.0042073386721313,0.9743785858154297,0.2248748391866684,-0.3060920536518097,-0.21282808482646943,0.9279072284698486],"EasingStyle":"Linear","EasingDirection":"In"},"Head":{"Weight":1,"CFrame":[8.742279078433057e-8,0,0,1,-5.604291430927333e-8,8.709786669669484e-8,6.333675628411584e-8,0.9962835311889648,-0.0861344039440155,-8.194695055863122e-8,0.0861344039440155,0.9962835311889648],"EasingStyle":"Linear","EasingDirection":"In"},"Right Arm":{"Weight":1,"CFrame":[-0.012717679142951966,-0.2235250473022461,0.20863890647888184,-0.6298113465309143,-0.4422417879104614,-0.6385607719421387,0.5973067879676819,-0.8012838363647461,-0.03418535739183426,-0.4965502917766571,-0.40294715762138369,0.7688117623329163],"EasingStyle":"Linear","EasingDirection":"In"},"Left Arm":{"Weight":1,"CFrame":[-0.910438060760498,-0.7844189405441284,-0.3782404661178589,-0.9492952823638916,0.31422656774520876,0.010005361400544644,-0.06286121904850006,-0.22089731693267823,0.9732691645622253,0.30803728103637698,0.9232908487319946,0.2294493466615677],"EasingStyle":"Linear","EasingDirection":"In"},"handle":{"Weight":1,"CFrame":[-0.49064165353775027,0.5392272472381592,-0.45921385288238528,-0.9973818063735962,-0.023889224976301194,0.06825562566518784,-0.024253662675619127,-0.7786885499954224,-0.6269415020942688,0.06812727451324463,-0.6269557476043701,0.7760705947875977],"EasingStyle":"Linear","EasingDirection":"In"},"Torso":{"Weight":1,"CFrame":[0,-0.08012157678604126,-0.15164494514465333,1,0,-8.742277657347586e-8,-8.755566049956088e-9,0.9949721693992615,-0.10015200078487396,8.69832277317073e-8,0.10015200078487396,0.9949721693992615],"EasingStyle":"Linear","EasingDirection":"In"},"HumanoidRootPart":{"Weight":0,"CFrame":[0,0,0,1,0,0,0,1,0,0,0,1],"EasingStyle":"Linear","EasingDirection":"In"},"Right Leg":{"Weight":1,"CFrame":[0.1746382862329483,0.20689189434051515,0.1119004487991333,0.9313176274299622,0.10034289211034775,-0.35011249780654909,-0.054011642932891849,0.9887203574180603,0.139695405960083,0.3601807951927185,-0.11119069904088974,0.9262323975563049],"EasingStyle":"Linear","EasingDirection":"In"}}},{"Time":0.5333333611488342,"poses":{"Left Leg":{"Weight":1,"CFrame":[-0.15087617933750153,0.21568399667739869,0.015949130058288575,0.954245924949646,-0.07057943195104599,0.29057395458221438,0.0046120514161884789,0.9751032590866089,0.22170323133468629,-0.29898738861083987,-0.21021923422813416,0.9308138489723206],"EasingStyle":"Linear","EasingDirection":"In"},"Head":{"Weight":1,"CFrame":[8.672941476106644e-8,-1.688749762251973e-8,1.1920928955078126e-7,0.999214231967926,-0.009859860874712468,-0.03838855400681496,0.006604940164834261,0.996442973613739,-0.08401042222976685,0.039080340415239337,0.08369085192680359,0.995725154876709],"EasingStyle":"Linear","EasingDirection":"In"},"Right Arm":{"Weight":1,"CFrame":[-0.015235433354973793,-0.22925454378128053,0.20977210998535157,-0.6249152421951294,-0.4384579658508301,-0.6459378004074097,0.6072552800178528,-0.792980432510376,-0.04922217130661011,-0.4906342923641205,-0.4230089783668518,0.7618014812469482],"EasingStyle":"Linear","EasingDirection":"In"},"Left Arm":{"Weight":1,"CFrame":[-0.9104092121124268,-0.6683605313301086,-0.15217989683151246,-0.866737961769104,0.44549891352653506,0.22426772117614747,0.09315770119428635,-0.2971360683441162,0.9502798914909363,0.48998671770095827,0.8445358872413635,0.21603739261627198],"EasingStyle":"Linear","EasingDirection":"In"},"handle":{"Weight":1,"CFrame":[-0.4961095452308655,0.5356581211090088,-0.45798882842063906,-0.9962290525436401,-0.02948184870183468,0.08159925043582916,-0.029890084639191629,-0.7663008570671082,-0.6417860984802246,0.08145079016685486,-0.641805112361908,0.7625300884246826],"EasingStyle":"Linear","EasingDirection":"In"},"Torso":{"Weight":1,"CFrame":[0.002524519804865122,-0.07628248631954193,-0.14007854461669923,0.9999861121177673,-0.004330226220190525,0.0030024137813597919,0.004596802871674299,0.9954329133033752,-0.09535310417413712,-0.0025758007541298868,