{"Sequence":[{"Time":0,"poses":{"Left Leg":{"Weight":1,"CFrame":[-0.8879067301750183,1.0372123718261719,-0.06883823871612549,0.9502408504486084,-0.04259220138192177,0.30859094858169558,-0.0372743085026741,0.9679463505744934,0.2483757883310318,-0.30927836894989016,-0.24751926958560944,0.9181944727897644],"EasingStyle":"Linear","EasingDirection":"In"},"Right Arm":{"Weight":1,"CFrame":[-0.04077840596437454,-0.13918742537498475,0.03729546070098877,0.637511670589447,-0.09974836558103562,-0.7639562487602234,-0.10945747792720795,0.9697989821434021,-0.21796581149101258,0.7626256942749023,0.22257651388645173,0.6073398590087891],"EasingStyle":"Linear","EasingDirection":"In"},"Head":{"Weight":1,"CFrame":[-0.01555461436510086,0.015554707497358323,0.01555478572845459,0.9715760946273804,0.19537709653377534,-0.1336699277162552,-0.21564003825187684,0.963403582572937,-0.1592261642217636,0.09766893088817597,0.183524951338768,0.9781510233879089],"EasingStyle":"Linear","EasingDirection":"In"},"Right Leg":{"Weight":1,"CFrame":[-0.191998690366745,-0.01672053337097168,0.10894739627838135,0.9242439866065979,0.08761536329984665,-0.37161368131637576,-0.07405620813369751,0.9959678649902344,0.050633516162633899,0.3745516240596771,-0.01927749440073967,0.9270057082176209],"EasingStyle":"Linear","EasingDirection":"In"},"Torso":{"Weight":1,"CFrame":[0.03402364253997803,-0.2490588277578354,0.0010035037994384766,0.9961399435997009,-0.07678990811109543,0.04252948239445686,0.07756932079792023,0.9968423247337341,-0.01698741875588894,-0.041090723127126697,0.02022082544863224,0.9989508986473084],"EasingStyle":"Linear","EasingDirection":"In"},"HumanoidRootPart":{"Weight":1,"CFrame":[0,0,0,1,0,0,0,1,0,0,0,1],"EasingStyle":"Linear","EasingDirection":"In"},"Left Arm":{"Weight":1,"CFrame":[-0.16083967685699464,-1.0359704494476319,0.30416226387023928,-0.5060088038444519,0.8538722395896912,-0.12189029157161713,-0.521300196647644,-0.1901693195104599,0.8319145441055298,0.6871690154075623,0.4844975471496582,0.5413510799407959],"EasingStyle":"Linear","EasingDirection":"In"}}},{"Time":0.03333333507180214,"poses":{"Left Leg":{"Weight":1,"CFrame":[-0.8845152258872986,1.0290230512619019,-0.061802566051483157,0.9513787031173706,-0.0329647995531559,0.3062547445297241,-0.040773678570985797,0.9720299243927002,0.2312909960746765,-0.30531325936317446,-0.23253241181373597,0.9234243631362915],"EasingStyle":"Linear","EasingDirection":"In"},"Right Arm":{"Weight":1,"CFrame":[-0.03941700607538223,-0.14941957592964173,0.04076242446899414,0.6371310949325562,-0.09849295020103455,-0.7644365429878235,-0.10158361494541168,0.9724191427230835,-0.20995678007602693,0.7640319466590881,0.21142420172691346,0.6095531582832336],"EasingStyle":"Linear","EasingDirection":"In"},"Head":{"Weight":1,"CFrame":[-0.015554636716842652,0.015554731711745263,0.015554308891296387,0.9731101393699646,0.19646286964416505,-0.12024608254432678,-0.21478791534900666,0.9625184535980225,-0.16560359299182893,0.08320412784814835,0.18697799742221833,0.9788341522216797],"EasingStyle":"Linear","EasingDirection":"In"},"Right Leg":{"Weight":1,"CFrame":[-0.19535109400749207,0.0037881135940551759,0.10505664348602295,0.922806978225708,0.0796128660440445,-0.3769471049308777,-0.05833511799573898,0.9960090517997742,0.06755087524652481,0.3808206617832184,-0.040347225964069369,0.9237682819366455],"EasingStyle":"Linear","EasingDirection":"In"},"Torso":{"Weight":1,"CFrame":[0.020425397902727128,-0.2568434476852417,0.000396728515625,0.996383786201477,-0.08104117214679718,0.025531664490699769,0.08171878010034561,0.9962972402572632,-0.026718195527791978,-0.023271851241588594,0.02870798669755459,0.9993169903755188],"EasingStyle":"Linear","EasingDirection":"In"},"HumanoidRootPart":{"Weight":1,"CFrame":[0,0,0,1,0,0,0,1,0,0,0,1],"EasingStyle":"Linear","EasingDirection":"In"},"Left Arm":{"Weight":1,"CFrame":[-0.16763684153556825,-1.0374094247817994,0.3010455369949341,-0.5223404169082642,0.8471081256866455,-0.09781810641288758,-0.5041488409042358,-0.21425962448120118,0.8366163969039917,0.687745988368988,0.48631349205970766,0.5389848947525024],"EasingStyle":"Linear","EasingDirection":"In"}}},{"Time":0.06666667014360428,"poses":{"Left Leg":{"Weight":1,"CFrame":[-0.8845289945602417,1.0375617742538453,-0.05770295858383179,0.9538613557815552,-0.013133437372744084,0.29996010661125185,-0.05222535878419876,0.976556122303009,0.20883195102214814,-0.2956705391407013,-0.21486228704452516,0.9308131337165833],"EasingStyle":"Linear","EasingDirection":"In"},"Right Arm":{"Weight":1,"CFrame":[-0.03572157025337219,-0.17684108018875123,0.050173282623291019,0.6361459493637085,-0.09503524005413056,-0.7656936049461365,-0.08003637939691544,0.9789038300514221,-0.18799328804016114,0.7674064040184021,0.1808745563030243,0.6151193380355835],"EasingStyle":"Linear","EasingDirection":"In"},"Head":{"Weight":1,"CFrame":[-0.015554634854197503,0.015554690733551979,0.015554547309875489,0.976081907749176,0.19938069581985475,-0.0866687148809433,-0.21225228905677796,0.9602212309837341,-0.18145029246807099,0.04704345017671585,0.19550597667694093,0.9795735478401184],"EasingStyle":"Linear","EasingDirection":"In"},"Right Leg":{"Weight":1,"CFrame":[-0.2099214494228363,0.027119934558868409,0.10240483283996582,0.9192987680435181,0.05514858663082123,-0.38967734575271609,-0.026983683928847314,0.9966356754302979,0.07738970965147019,0.3926342725753784,-0.060629379004240039,0.917694091796875],"EasingStyle":"Linear","EasingDirection":"In"},"Torso":{"Weight":1,"CFrame":[0.006862835958600044,-0.2757681906223297,-0.006398439407348633,0.9956731796264648,-0.09252756834030152,0.008578457869589329,0.09284377843141556,0.9944056868553162,-0.050374120473861697,-0.0038694720715284349,0.05095262452960014,0.998693585395813],"EasingStyle":"Linear","EasingDirection":"In"},"HumanoidRootPart":{"Weight":1,"CFrame":[0,0,0,1,0,0,0,1,0,0,0,1],"EasingStyle":"Linear","EasingDirection":"In"},"Left Arm":{"Weight":1,"CFrame":[-0.1851663887500763,-1.0411200523376465,0.29300785064697268,-0.5503632426261902,0.8329290747642517,-0.057702623307704929,-0.4790368974208832,-0.25841066241264346,0.8388966917991638,0.6838304400444031,0.48933959007263186,0.541223406791687],"EasingStyle":"Linear","EasingDirection":"In"}}},{"Time":0.10000000149011612,"poses":{"Left Leg":{"Weight":1,"CFrame":[-0.8887361288070679,1.0634700059890748,-0.0565914511680603,0.9571317434310913,0.011047924868762493,0.28944215178489687,-0.06703560799360275,0.9805915951728821,0.18424537777900697,-0.28178906440734866,-0.19575005769729615,0.9392960071563721],"EasingStyle":"Linear","EasingDirection":"In"},"Right Arm":{"Weight":1,"CFrame":[-0.03027581423521042,-0.21653971076011659,0.0640413761138916,0.6348263025283814,-0.0898129791021347,-0.7674172520637512,-0.04786543548107147,0.9867422580718994,-0.15507683157920838,0.7711708545684815,0.13517962396144868,0.6221109628677368],"EasingStyle":"Linear","EasingDirection":"In"},"Head":{"Weight":1,"CFrame":[-0.015554625540971756,0.015554677695035935,0.01555478572845459,0.978106677532196,0.20359739661216737,-0.04307478666305542,-0.20810407400131226,0.957062840461731,-0.20180083811283112,0.0001391491387039423,0.2063467800617218,0.9784789681434631],"EasingStyle":"Linear","EasingDirection":"In"},"Right Leg":{"Weight":1,"CFrame":[-0.22485679388046266,0.05913203954696655,0.10285961627960205,0.9126670360565186,0.027349010109901429,-0.40778782963752749,0.007217844016849995,0.9965243935585022,0.08298786729574204,0.40864017605781557,-0.07868366688489914,0.9092976450920105],"EasingStyle":"Linear","EasingDirection":"In"},"Torso":{"Weight":1,"CFrame":[-0.006314441561698914,-0.3007601201534271,-0.02513861656188965,0.9939243793487549,-0.10978169739246369,-0.007893138565123082,0.10877852141857147,0.9907101392745972,-0.08161402493715286,0.01677953638136387,0.08025957643985748,0.9966327548027039],"EasingStyle":"Linear","EasingDirection":"In"},"HumanoidRootPart":{"Weight":1,"CFrame":[0,0,0,1,0,0,0,1,0,0,0,1],"EasingStyle":"Linear","EasingDirection":"In"},"Left Arm":{"Weight":1,"CFrame":[-0.20913532376289369,-1.046193242073059,0.28201723098754885,-0.5836503505706787,0.8119572997093201,-0.008813915774226189,-0.4482954740524292,-0.3131551742553711,0.8372366428375244,0.6770402193069458,0.49260470271110537,0.5467697381973267],"EasingStyle":"Linear","EasingDirection":"In"}}},{"Time":0.13333334028720857,"poses":{"Left Leg":{"Weight":1,"CFrame":[-0.8955221176147461,1.1072156429290772,-0.0593222975730896,0.9608542323112488,0.03468975052237511,0.2748740017414093,-0.08160698413848877,0.9835519194602966,0.1611400842666626,-0.2647629380226135,-0.1772637516260147,0.9478809237480164],"EasingStyle":"Linear","EasingDirection":"In"},"Right Arm":{"Weight":1,"CFrame":[-0.02366296947002411,-0.26360639929771426,0.08088159561157227,0.6334472298622131,-0.08328692615032196,-0.769290566444397,-0.008259229362010956,0.9934060573577881,-0.11435158550739289,0.7737418413162231,0.07878947257995606,0.6285823583602905],"EasingStyle":"Linear","EasingDirection":"In"},"Head":{"Weight":1,"CFrame":[-0.015554651618003846,0.015554703772068024,0.015554547309875489,0.9780706167221069,0.2082735300064087,0.0003145686350762844,-0.20301738381385804,0.9537222385406494,-0.22180594503879548,-0.046496327966451648,0.2168780267238617,0.9750908017158508],"EasingStyle":"Linear","EasingDirection":"In"},"Right Leg":{"Weight":1,"CFrame":[-0.23148636519908906,0.10696357488632202,0.10767149925231934,0.9031572341918945,0.008477119728922844,-0.429226279258728,0.03221745416522026,0.9956474304199219,0.08745429664850235,0.42809945344924929,-0.09281355142593384,0.8989531397819519],"EasingStyle":"Linear","EasingDirection":"In"},"Torso":{"Weight":1,"CFrame":[-0.018801361322402955,-0.3265209197998047,-0.06114840507507324,0.9910950660705566,-0.13106589019298554,-0.023501794785261155,0.12759721279144288,0.9852741360664368,-0.11381503194570542,0.03807297721505165,0.10980275273323059,0.9932239651679993],"EasingStyle":"Linear","EasingDirection":"In"},"HumanoidRootPart":{"Weight":1,"CFrame":[0,0,0,1,0,0,0,1,0,0,0,1],"EasingStyle":"Linear","EasingDirection":"In"},"Left Arm":{"Weight":1,"CFrame":[-0.2352508157491684,-1.0517213344573975,0.27004241943359377,-0.6163763999938965,0.7863674163818359,0.041309013962745669,-0.4152982831001282,-0.36919671297073367,0.8313971757888794,0.6690347790718079,0.49529799818992617,0.5541410446166992],"EasingStyle":"Linear","EasingDirection":"In"}}},{"Time":0.1666666716337204,"poses":{"Left Leg":{"Weight":1,"CFrame":[-0.9015750885009766,1.1685597896575928,-0.06782788038253784,0.9648891091346741,0.053945161402225497,0.2570582628250122,-0.09334812313318253,0.9852181673049927,0.14363603293895722,-0.2455100417137146,-0.16258873045444489,0.955661952495575],"EasingStyle":"Linear","EasingDirection":"In"},"Right Arm":{"Weight":1,"CFrame":[-0.016466740518808366,-0.31312787532806399,0.09920763969421387,0.6322394013404846,-0.07598541676998139,-0.7710379958152771,0.035311296582221988,0.9969710111618042,-0.06929638981819153,0.7739680409431458,0.016585582867264749,0.6330074667930603],"EasingStyle":"Linear","EasingDirection":"In"},"Head":{"Weight":1,"CFrame":[-0.015554636716842652,0.015554774552583695,0.015554666519165039,0.9766601920127869,0.2121686339378357,0.033458396792411807,-0.1984861046075821,0.9510377645492554,-0.2369188815355301,-0.0820869728922844,0.22474828362464906,0.9709531664848328],"EasingStyle":"Linear","EasingDirection":"In"},"Right Leg":{"Weight":1,"CFrame":[-0.22551481425762177,0.1779937744140625,0.11605823040008545,0.8919386267662048,0.008382509462535382,-0.4520786702632904,0.038583192974328998,0.994770348072052,0.09456896036863327,0.450507253408432,-0.1017923653125763,0.886950671672821],"EasingStyle":"Linear","EasingDirection":"In"},"Torso":{"Weight":1,"CFrame":[-0.03052525967359543,-0.34740346670150759,-0.11905717849731446,0.9872875213623047,-0.15429669618606568,-0.038156669586896899,0.14760935306549073,0.9790988564491272,-0.139918252825737,0.05894806608557701,0.13250724971294404,0.9894276857376099],"EasingStyle":"Linear","EasingDirection":"In"},"HumanoidRootPart":{"Weight":1,"CFrame":[0,0,0,1,0,0,0,1,0,0,0,1],"EasingStyle":"Linear","EasingDirection":"In"},"Left Arm":{"Weight":1,"CFrame":[-0.2592197060585022,-1.0567944049835206,0.2590519189834595,-0.6438080072402954,0.7604189515113831,0.0852896198630333,-0.38469624519348147,-0.41800811886787417,0.8229691982269287,0.6614530682563782,0.4970235228538513,0.5616471767425537],"EasingStyle":"Linear","EasingDirection":"In"}}},{"Time":0.20000000298023225,"poses":{"Left Leg":{"Weight":1,"CFrame":[-0.893511950969696,1.30539870262146,-0.10665398836135864,0.9689670205116272,0.06693029403686524,0.23795661330223084,-0.10480692982673645,0.9830744862556458,0.15026690065860749,-0.22387169301509858,-0.17054316401481629,0.9595814943313599],"EasingStyle":"Linear","EasingDirection":"In"},"Right Arm":{"Weight":1,"CFrame":[-0.00927051156759262,-0.3601943850517273,0.11753344535827637,0.6313517689704895,-0.06851404905319214,-0.7724640965461731,0.07912527769804001,0.9965824484825134,-0.0237216055393219,0.7714493870735169,-0.046144720166921619,0.6346153020858765],"EasingStyle":"Linear","EasingDirection":"In"},"Head":{"Weight":1,"CFrame":[-0.01555461436510086,0.015554778277873993,0.015554547309875489,0.9757640957832336,0.21379636228084565,0.04664276912808418,-0.19652718305587769,0.949937641620636,-0.24288998544216157,-0.09623672813177109,0.2278367280960083,0.9689319133758545],"EasingStyle":"Linear","EasingDirection":"In"},"Right Leg":{"Weight":1,"CFrame":[-0.19376051425933839,0.33570384979248049,0.12137889862060547,0.8783462047576904,0.04644882306456566,-0.4757630228996277,0.009090651758015156,0.9934649467468262,0.11377519369125366,0.47793862223625185,-0.10425906628370285,0.8721839785575867],"EasingStyle":"Linear","EasingDirection":"In"},"Torso":{"Weight":1,"CFrame":[-0.041750967502593997,-0.3573870062828064,-0.2597925662994385,0.9828209280967712,-0.17702925205230714,-0.05218878760933876,0.16735632717609406,0.9740466475486755,-0.15239761769771577,0.07781315594911576,0.1410454362630844,0.9869403839111328],"EasingStyle":"Linear","EasingDirection":"In"},"HumanoidRootPart":{"Weight":1,"CFrame":[0,0,0,1,0,0,0,1,0,0,0,1],"EasingStyle":"Linear","EasingDirection":"In"},"Left Arm":{"Weight":1,"CFrame":[-0.27674931287765505,-1.0605056285858155,0.25101423263549807,-0.6624029278755188,0.740064799785614,0.11630357056856156,-0.36207056045532229,-0.45217597484588625,0.8151330947875977,0.6558409333229065,0.4978364408016205,0.5674782395362854],"EasingStyle":"Linear","EasingDirection":"In"}}},{"Time":0.23333333432674409,"poses":{"Left Leg":{"Weight":1,"CFrame":[-0.8671928644180298,1.3957455158233643,-0.14434117078781129,0.9718387722969055,0.08677570521831513,0.2190876007080078,-0.12319943308830261,0.9796462655067444,0.1584775596857071,-0.20087632536888123,-0.18100605905056,0.9627489447593689],"EasingStyle":"Linear","EasingDirection":"In"},"Right Arm":{"Weight":1,"CFrame":[-0.0026576723903417589,-0.399893581867218,0.13437342643737794,0.6308276653289795,-0.061535321176052096,-0.7734791040420532,0.11937609314918518,0.9926789402961731,0.01838560402393341,0.7666850686073303,-0.10393298417329788,0.6335551142692566],"EasingStyle":"Linear","EasingDirection":"In"},"Head":{"Weight":1,"CFrame":[-0.015554636716842652,0.015554692596197129,0.015554428100585938,0.9761644601821899,0.21317028999328614,0.04076005890965462,-0.19739918410778047,0.9501170516014099,-0.24147732555866242,-0.09020260721445084,0.22767557203769685,0.9695500731468201],"EasingStyle":"Linear","EasingDirection":"In"},"Right Leg":{"Weight":1,"CFrame":[-0.19210317730903626,0.45743411779403689,0.10431504249572754,0.8651114702224731,0.07443448901176453,-0.49602583050727847,-0.00633141677826643,0.9904691576957703,0.13758903741836549,0.5015396475791931,-0.11588937044143677,0.8573375344276428],"EasingStyle":"Linear","EasingDirection":"In"},"Torso":{"Weight":1,"CFrame":[-0.05229027569293976,-0.35739344358444216,-0.3654341697692871,0.9782829284667969,-0.19669833779335023,-0.06536293774843216,0.18502001464366914,0.9708450436592102,-0.1524057388305664,0.09343524277210236,0.13700246810913087,0.9861542582511902],"EasingStyle":"Linear","EasingDirection":"In"},"HumanoidRootPart":{"Weight":1,"CFrame":[0,0,0,1,0,0,0,1,0,0,0,1],"EasingStyle":"Linear","EasingDirection":"In"},"Left Arm":{"Weight":1,"CFrame":[-0.2835465371608734,-1.0619442462921143,0.24789738655090333,-0.6692786812782288,0.7318971157073975,0.1280340701341629,-0.35328006744384768,-0.4650554358959198,0.8117368817329407,0.6536508202552795,0.49804621934890749,0.5698163509368897],"EasingStyle":"Linear","EasingDirection":"In"}}},{"Time":0.2666666805744171,"poses":{"Left Leg":{"Weight":1,"CFrame":[-0.892859697341919,1.348018765449524,-0.12039339542388916,0.9758543968200684,0.08170929551124573,0.20256337523460389,-0.110463947057724,0.9846732020378113,0.1349688470363617,-0.1884305626153946,-0.15408584475517274,0.9699234962463379],"EasingStyle":"Linear","EasingDirection":"In"},"Right Arm":{"Weight":1,"CFrame":[0.0027880221605300905,-0.42731451988220217,0.14824199676513673,0.630609929561615,-0.05573185533285141,-0.7740962505340576,0.15236476063728333,0.9868984818458557,0.05306949093937874,0.7609967589378357,-0.15141116082668305,0.6308395862579346],"EasingStyle":"Linear","EasingDirection":"In"},"Head":{"Weight":1,"CFrame":[-0.015554606914520264,0.015554726123809815,0.01555478572845459,0.9770713448524475,0.21145758032798768,0.024846915155649186,-0.1997130811214447,0.9506871700286865,-0.2372947335243225,-0.07379938662052155,0.2268916219472885,0.9711199402809143],"EasingStyle":"Linear","EasingDirection":"In"},"Right Leg":{"Weight":1,"CFrame":[-0.1901644766330719,0.44192010164260867,0.10771989822387696,0.8564992547035217,0.09245595335960388,-0.5078001618385315,-0.01709391549229622,0.9883674383163452,0.15112152695655824,0.5158652067184448,-0.12075521051883698,0.8481163382530212],"EasingStyle":"Linear","EasingDirection":"In"},"Torso":{"Weight":1,"CFrame":[-0.061360910534858707,-0.3520411252975464,-0.3368828296661377,0.9745184183120728,-0.21078608930110932,-0.07670122385025025,0.19818277657032014,0.9692732691764832,-0.14571528136730195,0.1050591990351677,0.12680137157440186,0.9863488078117371],"EasingStyle":"Linear","EasingDirection":"In"},"HumanoidRootPart":{"Weight":1,"CFrame":[0,0,0,1,0,0,0,1,0,0,0,1],"EasingStyle":"Linear","EasingDirection":"In"},"Left Arm":{"Weight":1,"CFrame":[-0.2772641181945801,-1.0584332942962647,0.25011277198791506,-0.6569084525108337,0.7464075684547424,0.10652192682027817,-0.37196311354637148,-0.44371989369392397,0.8153257966041565,0.6558312177658081,0.495972216129303,0.5691194534301758],"EasingStyle":"Linear","EasingDirection":"In"}}},{"Time":0.30000001192092898,"poses":{"Left Leg":{"Weight":1,"CFrame":[-0.9265797734260559,1.2558749914169312,-0.08795511722564697,0.9789029359817505,0.06702940165996552,0.19301851093769074,-0.08949046581983566,0.9898837208747864,0.11009911447763443,-0.18368607759475709,-0.1250496804714203,0.9749985933303833],"EasingStyle":"Linear","EasingDirection":"In"},"Right Arm":{"Weight":1,"CFrame":[0.006483322009444237,-0.43754637241363528,0.15765249729156495,0.6305739283561707,-0.0517759770154953,-0.7744001746177673,0.174604132771492,0.9816591739654541,0.07654225826263428,0.7562341094017029,-0.18347901105880738,0.6280490756034851],"EasingStyle":"Linear","EasingDirection":"In"},"Head":{"Weight":1,"CFrame":[-0.015554636716842652,0.015554720535874367,0.01555478572845459,0.9779300689697266,0.208927184343338,0.0014912057667970658,-0.2029702067375183,0.9516916275024414,-0.23040446639060975,-0.04955693334341049,0.2250167727470398,0.9730938076972961],"EasingStyle":"Linear","EasingDirection":"In"},"Right Leg":{"Weight":1,"CFrame":[-0.18612679839134217,0.3818081021308899,0.11707091331481934,0.8526715040206909,0.10759477317333222,-0.5112481713294983,-0.027746722102165223,0.9865089058876038,0.16133922338485719,0.521710216999054,-0.12338393926620484,0.8441534638404846],"EasingStyle":"Linear","EasingDirection":"In"},"Torso":{"Weight":1,"CFrame":[-0.06831319630146027,-0.34202712774276736,-0.2663850784301758,0.9725016355514526,-0.21667678654193879,-0.0853915810585022,0.20437656342983247,0.9697878956794739,-0.1331978142261505,0.11167260259389878,0.1120830625295639,0.9874039888381958],"EasingStyle":"Linear","EasingDirection":"In"},"HumanoidRootPart":{"Weight":1,"CFrame":[0,0,0,1,0,0,0,1,0,0,0,1],"EasingStyle":"Linear","EasingDirection":"In"},"Left Arm":{"Weight":1,"CFrame":[-0.2610623836517334,-1.0493791103363038,0.2558259963989258,-0.6223549842834473,0.781115710735321,0.0503239668905735,-0.41869595646858218,-0.3865387737751007,0.8217551708221436,0.6613380908966065,0.49035295844078066,0.5676141977310181],"EasingStyle":"Linear","EasingDirection":"In"}}},{"Time":0.3333333432674408,"poses":{"Left Leg":{"Weight":1,"CFrame":[-0.9396929144859314,1.1458615064620972,-0.059831440448760989,0.9781305193901062,0.0497274287045002,0.20195990800857545,-0.07058113068342209,0.9927393794059753,0.09740129113197327,-0.1956501007080078,-0.10952579975128174,0.9745385050773621],"EasingStyle":"Linear","EasingDirection":"In"},"Right Arm":{"Weight":1,"CFrame":[0.007844891399145127,-0.4273146688938141,0.16111958026885987,0.6305833458900452,-0.050316352397203448,-0.7744889259338379,0.18275924026966096,0.9794619083404541,0.08516819030046463,0.7542969584465027,-0.19525061547756196,0.6268280148506165],"EasingStyle":"Linear","EasingDirection":"In"},"Head":{"Weight":1,"CFrame":[-0.01555459201335907,0.015554741024971009,0.01555490493774414,0.9782124757766724,0.20588341355323792,-0.026691574603319169,-0.20663757622241975,0.9531606435775757,-0.22087500989437104,-0.020033137872815133,0.2215781807899475,0.9749369025230408],"EasingStyle":"Linear","EasingDirection":"In"},"Right Leg":{"Weight":1,"CFrame":[-0.18628478050231934,0.30114316940307619,0.11575663089752197,0.8600596785545349,0.10972768813371659,-0.49825409054756167,-0.026492875069379808,0.984886109828949,0.1711653769016266,0.5095051527023315,-0.13401228189468385,0.8499677777290344],"EasingStyle":"Linear","EasingDirection":"In"},"Torso":{"Weight":1,"CFrame":[-0.07271401584148407,-0.32794708013534548,-0.17739510536193849,0.9747689366340637,-0.2038727104663849,-0.09089260548353195,0.19300898909568788,0.9743638634681702,-0.1155976951122284,0.11212967336177826,0.09513796865940094,0.9891287684440613],"EasingStyle":"Linear","EasingDirection":"In"},"HumanoidRootPart":{"Weight":1,"CFrame":[0,0,0,1,0,0,0,1,0,0,0,1],"EasingStyle":"Linear","EasingDirection":"In"},"Left Arm":{"Weight":1,"CFrame":[-0.23890887200832368,-1.0369994640350342,0.2636375427246094,-0.5692564249038696,0.8216995596885681,-0.027514386922121049,-0.4785671532154083,-0.3039579689502716,0.8237615823745728,0.6685213446617127,0.4820990264415741,0.5662684440612793],"EasingStyle":"Linear","EasingDirection":"In"}}},{"Time":0.36666667461395266,"poses":{"Left Leg":{"Weight":1,"CFrame":[-0.9218739867210388,1.0492243766784669,-0.04097181558609009,0.9725015163421631,0.03367133066058159,0.23044997453689576,-0.05921395495533943,0.9927252531051636,0.10483505576848984,-0.22524358332157136,-0.11559818685054779,0.9674204587936401],"EasingStyle":"Linear","EasingDirection":"In"},"Right Arm":{"Weight":1,"CFrame":[0.00575556606054306,-0.399893194437027,0.15194737911224366,0.6307445168495178,-0.04975612834095955,-0.7743936777114868,0.1729322224855423,0.9818588495254517,0.07776722311973572,0.7564759850502014,-0.1829688549041748,0.6279065608978272],"EasingStyle":"Linear","EasingDirection":"In"},"Head":{"Weight":1,"CFrame":[-0.015554644167423249,0.015554763376712799,0.01555490493774414,0.9775863289833069,0.20266424119472505,-0.057029254734516147,-0.21018441021442414,0.9551022052764893,-0.20881207287311555,0.012150023132562638,0.2161184549331665,0.9762915968894959],"EasingStyle":"Linear","EasingDirection":"In"},"Right Leg":{"Weight":1,"CFrame":[-0.19149133563041688,0.21738898754119874,0.10277211666107178,0.878620982170105,0.0971413105726242,-0.46753478050231936,-0.015567287802696228,0.9843962788581848,0.17527633905410767,0.4772661328315735,-0.14672334492206574,0.8664233684539795],"EasingStyle":"Linear","EasingDirection":"In"},"Torso":{"Weight":1,"CFrame":[-0.0716889500617981,-0.3106883466243744,-0.09311628341674805,0.9812746047973633,-0.1711750030517578,-0.0883132740855217,0.1628669947385788,0.9821577072143555,-0.09402431547641754,0.10283217579126358,0.07788035273551941,0.9916452169418335],"EasingStyle":"Linear","EasingDirection":"In"},"HumanoidRootPart":{"Weight":1,"CFrame":[0,0,0,1,0,0,0,1,0,0,0,1],"EasingStyle":"Linear","EasingDirection":"In"},"Left Arm":{"Weight":1,"CFrame":[-0.21477153897285462,-1.023510217666626,0.2721489667892456,-0.504509687423706,0.8560682535171509,-0.11232604831457138,-0.5374135375022888,-0.20953257381916047,0.8168739080429077,0.6757638454437256,0.47248631715774538,0.5657737851142883],"EasingStyle":"Linear","EasingDirection":"In"}}},{"Time":0.4000000059604645,"poses":{"Left Leg":{"Weight":1,"CFrame":[-0.8898407220840454,0.9886295795440674,-0.03297692537307739,0.964021623134613,0.01776660420000553,0.2652294635772705,-0.053960204124450687,0.9900699853897095,0.12980693578720094,-0.2602895200252533,-0.13944847881793977,0.9554075002670288],"EasingStyle":"Linear","EasingDirection":"In"},"Right Arm":{"Weight":1,"CFrame":[0.0002475455403327942,-0.36019420623779299,0.12901687622070313,0.6311413049697876,-0.048292357474565509,-0.7741631269454956,0.14691276848316194,0.9874373078346252,0.05817491188645363,0.7616280317306519,-0.15045101940631867,0.630307137966156],"EasingStyle":"Linear","EasingDirection":"In"},"Head":{"Weight":1,"CFrame":[-0.01555464044213295,0.015554659068584443,0.01555478572845459,0.9760206937789917,0.1996239870786667,-0.08679893612861633,-0.21312107145786286,0.9574960470199585,-0.1943729966878891,0.044308122247457507,0.20821069180965424,0.9770798683166504],"EasingStyle":"Linear","EasingDirection":"In"},"Right Leg":{"Weight":1,"CFrame":[-0.1970556676387787,0.14510422945022584,0.08889079093933106,0.899339497089386,0.08095768094062805,-0.4296908676624298,-0.008376984857022763,0.9857197403907776,0.16818571090698243,0.43717077374458315,-0.14765655994415284,0.8871750235557556],"EasingStyle":"Linear","EasingDirection":"In"},"Torso":{"Weight":1,"CFrame":[-0.0636601597070694,-0.2924821376800537,-0.032258033752441409,0.9885158538818359,-0.13130713999271394,-0.07479854673147202,0.1260402500629425,0.9894619584083557,-0.07126656919717789,0.08336812257766724,0.06102050840854645,0.994648814201355],"EasingStyle":"Linear","EasingDirection":"In"},"HumanoidRootPart":{"Weight":1,"CFrame":[0,0,0,1,0,0,0,1,0,0,0,1],"EasingStyle":"Linear","EasingDirection":"In"},"Left Arm":{"Weight":1,"CFrame":[-0.19261813163757325,-1.0111308097839356,0.2799607515335083,-0.4397667646408081,0.8780333399772644,-0.18884561955928803,-0.5846413373947144,-0.12025680392980576,0.8023296594619751,0.6817622184753418,0.46324488520622256,0.5662193298339844],"EasingStyle":"Linear","EasingDirection":"In"}}},{"Time":0.4333333373069763,"poses":{"Left Leg":{"Weight":1,"CFrame":[-0.8627209663391113,0.9606996774673462,-0.033439040184020999,0.9559528827667236,0.0017027697758749128,0.2935154139995575,-0.05163159966468811,0.98536616563797,0.1624429076910019,-0.28894370794296267,-0.17044246196746827,0.9420514702796936],"EasingStyle":"Linear","EasingDirection":"In"},"Right Arm":{"Weight":1,"CFrame":[-0.007539823651313782,-0.31312787532806399,0.09920763969421387,0.6316331624984741,-0.046251095831394199,-0.773886501789093,0.1099260151386261,0.9934765696525574,0.03034476563334465,0.7674345970153809,-0.10423704981803894,0.6325969696044922],"EasingStyle":"Linear","EasingDirection":"In"},"Head":{"Weight":1,"CFrame":[-0.015554612502455712,0.015554714947938919,0.015554547309875489,0.9738192558288574,0.1971016824245453,-0.11325682699680329,-0.21503785252571107,0.9602908492088318,-0.17776493728160859,0.07372170686721802,0.1974654197692871,0.9775339365005493],"EasingStyle":"Linear","EasingDirection":"In"},"Right Leg":{"Weight":1,"CFrame":[-0.20069527626037599,0.0865851640701294,0.08125543594360352,0.9152966737747192,0.07050018757581711,-0.3965621888637543,-0.01110934466123581,0.9886066913604736,0.15011173486709596,0.40262699127197268,-0.1329912692308426,0.9056516289710999],"EasingStyle":"Linear","EasingDirection":"In"},"Torso":{"Weight":1,"CFrame":[-0.05029858648777008,-0.275903582572937,0.0053942203521728519,0.9938125610351563,-0.09757765382528305,-0.05306023359298706,0.09491729736328125,0.9942012429237366,-0.050543371587991717,0.05768445134162903,0.045194294303655627,0.9973114728927612],"EasingStyle":"Linear","EasingDirection":"In"},"HumanoidRootPart":{"Weight":1,"CFrame":[0,0,0,1,0,0,0,1,0,0,0,1],"EasingStyle":"Linear","EasingDirection":"In"},"Left Arm":{"Weight":1,"CFrame":[-0.1764163225889206,-1.0020768642425538,0.28567373752593996,-0.3898400664329529,0.8881603479385376,-0.2433021515607834,-0.6146818399429321,-0.054236963391304019,0.7869083285331726,0.68570476770401,0.4563218355178833,0.5670796632766724],"EasingStyle":"Linear","EasingDirection":"In"}}},{"Time":0.46666666865348818,"poses":{"Left Leg":{"Weight":1,"CFrame":[-0.8518399000167847,0.9566729664802551,-0.04134833812713623,0.9523901343345642,-0.009773115627467633,0.3047255575656891,-0.051742974668741229,0.9798056483268738,0.19314171373844148,-0.30045953392982485,-0.19971364736557008,0.9326514005661011],"EasingStyle":"Linear","EasingDirection":"In"},"Right Arm":{"Weight":1,"CFrame":[-0.016466781497001649,-0.26360565423965456,0.06939804553985596,0.6321002840995789,-0.04396983981132507,-0.7736380696296692,0.06736894696950913,0.9977267384529114,-0.001662402180954814,0.7719526290893555,-0.05106833204627037,0.6336256265640259],"EasingStyle":"Linear","EasingDirection":"In"},"Head":{"Weight":1,"CFrame":[-0.01555461622774601,0.01555476151406765,0.015555143356323243,0.9715760946273804,0.19537712633609773,-0.1336699277162552,-0.2156400829553604,0.9634035229682922,-0.1592262089252472,0.09766894578933716,0.1835249960422516,0.9781510233879089],"EasingStyle":"Linear","EasingDirection":"In"},"Right Leg":{"Weight":1,"CFrame":[-0.20439505577087403,0.03879421949386597,0.08447682857513428,0.9223378896713257,0.07121559232473374,-0.3797648251056671,-0.026501193642616273,0.9922129511833191,0.12170159816741944,0.38547465205192568,-0.10218586027622223,0.9170427918434143],"EasingStyle":"Linear","EasingDirection":"In"},"Torso":{"Weight":1,"CFrame":[-0.03385497257113457,-0.2627331614494324,0.02509927749633789,0.9962426424026489,-0.08244074881076813,-0.02653477154672146,0.08152029663324356,0.9960888624191284,-0.03408030420541763,0.029240595176815988,0.031789131462574008,0.9990667700767517],"EasingStyle":"Linear","EasingDirection":"In"},"HumanoidRootPart":{"Weight":1,"CFrame":[0,0,0,1,0,0,0,1,0,0,0,1],"EasingStyle":"Linear","EasingDirection":"In"},"Left Arm":{"Weight":1,"CFrame":[-0.17013397812843324,-0.9985653162002564,0.2878890037536621,-0.37000781297683718,0.8907383680343628,-0.26396867632865908,-0.6252617239952087,-0.028611192479729654,0.7798905968666077,0.6871260404586792,0.45361506938934328,0.5675308704376221],"EasingStyle":"Linear","EasingDirection":"In"}}},{"Time":0.5,"poses":{"Left Leg":{"Weight":1,"CFrame":[-0.8566849231719971,0.968602180480957,-0.05462616682052612,0.953811764717102,-0.014382254332304,0.30006060004234316,-0.05386839061975479,0.974474310874939,0.21794070303440095,-0.2955358624458313,-0.22403815388679505,0.9286902546882629],"EasingStyle":"Linear","EasingDirection":"In"},"Right Arm":{"Weight":1,"CFrame":[-0.025393731892108918,-0.2165398895740509,0.04646754264831543,0.6324687004089356,-0.04179913178086281,-0.7734573483467102,0.024779152125120164,0.9991236925125122,-0.033732421696186069,0.7741895914077759,0.002169085666537285,0.6329501867294312],"EasingStyle":"Linear","EasingDirection":"In"},"Head":{"Weight":1,"CFrame":[-0.01440243050456047,0.014402530156075955,0.014402627944946289,0.9724111557006836,0.18195563554763795,-0.14597539603710175,-0.20235787332057954,0.9692802429199219,-0.13981148600578309,0.11605161428451538,0.16549356281757356,0.979358971118927],"EasingStyle":"Linear","EasingDirection":"In"},"Right Leg":{"Weight":1,"CFrame":[-0.2103314846754074,-0.0014801025390625,0.09605860710144043,0.9216603636741638,0.07894384115934372,-0.3798816204071045,-0.0494905486702919,0.995004415512085,0.08670073002576828,0.3848283886909485,-0.06110815331339836,0.9209631681442261],"EasingStyle":"Linear","EasingDirection":"In"},"Torso":{"Weight":1,"CFrame":[-0.016759460791945459,-0.2537877559661865,0.032427072525024417,0.996315598487854,-0.08575549721717835,0.0011170784709975124,0.08575855195522309,0.9960528016090393,-0.022898580878973008,0.0008510100888088346,0.02291001006960869,0.9997372627258301],"EasingStyle":"Linear","EasingDirection":"In"},"HumanoidRootPart":{"Weight":1,"CFrame":[0,0,0,1,0,0,0,1,0,0,0,1],"EasingStyle":"Linear","EasingDirection":"In"},"Left Arm":{"Weight":1,"CFrame":[-0.17330951988697053,-1.0003403425216675,0.28676939010620119,-0.37068989872932436,0.8906437158584595,-0.2633301615715027,-0.6249741315841675,-0.02947387844324112,0.7800889611244202,0.6870198845863342,0.45374563336372378,0.5675548911094666],"EasingStyle":"Linear","EasingDirection":"In"}}},{"Time":0.5333333611488342,"poses":{"Left Leg":{"Weight":1,"CFrame":[-0.8683003783226013,0.9892436861991882,-0.07014220952987671,0.9572387337684631,-0.013224689289927483,0.2889966666698456,-0.05822393670678139,0.9697075486183167,0.23722855746746064,-0.28337958455085757,-0.24391083419322968,0.9274716377258301],"EasingStyle":"Linear","EasingDirection":"In"},"Right Arm":{"Weight":1,"CFrame":[-0.03318103402853012,-0.1768404245376587,0.03729546070098877,0.6327178478240967,-0.04009266942739487,-0.7733439207077026,-0.012350012548267842,0.9980093836784363,-0.061844486743211749,0.7742839455604553,0.048680901527404788,0.6309630870819092],"EasingStyle":"Linear","EasingDirection":"In"},"Head":{"Weight":1,"CFrame":[-0.011521914973855019,0.011522002518177033,0.01152193546295166,0.9768370985984802,0.15063044428825379,-0.15198619663715363,-0.16973109543323518,0.9779524207115173,-0.12165706604719162,0.13031001389026643,0.1446359008550644,0.9808669090270996],"EasingStyle":"Linear","EasingDirection":"In"},"Right Leg":{"Weight":1,"CFrame":[-0.22034874558448792,-0.03631186485290527,0.10882377624511719,0.917779266834259,0.08325079828500748,-0.38826626539230349,-0.06898276507854462,0.9963352680206299,0.05057043954730034,0.3910534679889679,-0.019628874957561494,0.9201586842536926],"EasingStyle":"Linear","EasingDirection":"In"},"Torso":{"Weight":1,"CFrame":[-0.000993385910987854,-0.24972739815711976,0.033217668533325198,0.9948738217353821,-0.09750939160585404,0.026795608922839166,0.09800437837839127,0.9950264692306519,-0.01782311126589775,-0.024924416095018388,0.020357836037874223,0.9994820356369019],"EasingStyle":"Linear","EasingDirection":"In"},"HumanoidRootPart":{"Weight":1,"CFrame":[0,0,0,1,0,0,0,1,0,0,0,1],"EasingStyle":"Linear","EasingDirection":"In"},"Left Arm":{"Weight":1,"CFrame":[-0.18192891776561738,-1.005157232284546,0.28373003005981448,-0.3749651610851288,0.8900569677352905,-0.2592294216156006,-0.6228333115577698,-0.03475251793861389,0.7815824747085571,0.6866439580917358,0.4545228183269501,0.5673879981040955],"EasingStyle":"Linear","EasingDirection":"In"}}},{"Time":0.5666666626930237,"poses":{"Left Leg":{"Weight":1,"CFrame":[-0.8804816007614136,1.017944097518921,-0.08647310733795166,0.9612514972686768,-0.0017277039587497712,0.2756674587726593,-0.06944766640663147,0.9662113189697266,0.24821923673152924,-0.26678189635276797,-0.25774556398391726,0.9286521077156067],"EasingStyle":"Linear","EasingDirection":"In"},"Right Arm":{"Weight":1,"CFrame":[-0.03868919610977173,-0.1494198739528656,0.03973186016082764,0.632867157459259,-0.039198748767375949,-0.7732675075531006,-0.0387355238199234,0.9958640336990356,-0.08218520134687424,0.7732908129692078,0.08196525275707245,0.6287313103675842],"EasingStyle":"Linear","EasingDirection":"In"},"Head":{"Weight":1,"CFrame":[-0.007777240127325058,0.0077773756347596649,0.007776975631713867,0.9817594885826111,0.11080800741910935,-0.15449942648410798,-0.1280011236667633,0.9860763549804688,-0.10615656524896622,0.14058524370193482,0.1239963173866272,0.9822733402252197],"EasingStyle":"Linear","EasingDirection":"In"},"Right Leg":{"Weight":1,"CFrame":[-0.24212385714054109,-0.06677365303039551,0.11802089214324951,0.9129290580749512,0.06981010735034943,-0.4021032154560089,-0.07000339776277542,0.9974452257156372,0.014234313741326332,0.40206965804100039,0.015153605490922928,0.9154837727546692],"EasingStyle":"Linear","EasingDirection":"In"},"Torso":{"Weight":1,"CFrame":[0.012311771512031556,-0.25565043091773989,0.031499385833740237,0.9922547340393066,-0.11437582224607468,0.04846341535449028,0.11568982154130936,0.9929649829864502,-0.025226907804608346,-0.04523712024092674,0.030638238415122033,0.9985064268112183],"EasingStyle":"Linear","EasingDirection":"In"},"HumanoidRootPart":{"Weight":1,"CFrame":[0,0,0,1,0,0,0,1,0,0,0,1],"EasingStyle":"Linear","EasingDirection":"In"},"Left Arm":{"Weight":1,"CFrame":[-0.19463112950325013,-1.0122560262680054,0.2792510986328125,-0.3861217498779297,0.8883886933326721,-0.24834583699703217,-0.6168135404586792,-0.04847075045108795,0.7856155037879944,0.6858943700790405,0.4565262794494629,0.566685676574707],"EasingStyle":"Linear","EasingDirection":"In"}}},{"Time":0.6000000238418579,"poses":{"Left Leg":{"Weight":1,"CFrame":[-0.8911897540092468,1.057403802871704,-0.10290020704269409,0.9647659659385681,0.018931938335299493,0.2624276876449585,-0.08705054223537445,0.9642038941383362,0.25046566128730776,-0.24829205870628358,-0.2644851505756378,0.9318791031837463],"EasingStyle":"Linear","EasingDirection":"In"},"Right Arm":{"Weight":1,"CFrame":[-0.04077838361263275,-0.1391875445842743,0.04646766185760498,0.6329441070556641,-0.0394597128033638,-0.7731913924217224,-0.04929123818874359,0.994620144367218,-0.09111084043979645,0.7726268172264099,0.0957796573638916,0.6275938153266907],"EasingStyle":"Linear","EasingDirection":"In"},"Head":{"Weight":1,"CFrame":[-0.0040326304733753208,0.0040326667949557308,0.00403285026550293,0.9853201508522034,0.07119736820459366,-0.15516221523284913,-0.0864809900522232,0.991801381111145,-0.09408091008663178,0.14719177782535554,0.1061183512210846,0.983398973941803],"EasingStyle":"Linear","EasingDirection":"In"},"Right Leg":{"Weight":1,"CFrame":[-0.26951640844345095,-0.08641791343688965,0.1238785982131958,0.9074041247367859,0.039658814668655398,-0.4183838963508606,-0.052425939589738849,0.9984428882598877,-0.019060075283050538,0.41697654128074648,0.03922929987311363,0.9080702662467957],"EasingStyle":"Linear","EasingDirection":"In"},"Torso":{"Weight":1,"CFrame":[0.02221478521823883,-0.2722703814506531,0.023625850677490236,0.9889692068099976,-0.1334276795387268,0.0643208920955658,0.13650083541870118,0.9895712733268738,-0.046001873910427096,-0.05751219764351845,0.054274287074804309,0.9968684315681458],"EasingStyle":"Linear","EasingDirection":"In"},"HumanoidRootPart":{"Weight":1,"CFrame":[0,0,0,1,0,0,0,1,0,0,0,1],"EasingStyle":"Linear","EasingDirection":"In"},"Left Arm":{"Weight":1,"CFrame":[-0.21005527675151826,-1.0208749771118165,0.27381205558776858,-0.40724924206733706,0.8846023678779602,-0.22721529006958009,-0.6045292615890503,-0.07460282742977143,0.7930818796157837,0.6846112012863159,0.4603402018547058,0.5651499629020691],"EasingStyle":"Linear","EasingDirection":"In"}}},{"Time":0.6333333253860474,"poses":{"Left Leg":{"Weight":1,"CFrame":[-0.8995015025138855,1.1056667566299439,-0.11835438013076782,0.9674121737480164,0.04300514608621597,0.24952824413776399,-0.10602383315563202,0.9637192487716675,0.2449575662612915,-0.22994081676006318,-0.26343080401420596,0.9368732571601868],"EasingStyle":"Linear","EasingDirection":"In"},"Right Arm":{"Weight":1,"CFrame":[-0.03941699117422104,-0.14941877126693726,0.056642889976501468,0.6329359412193298,-0.04030853137373924,-0.773154079914093,-0.04343496635556221,0.9952220916748047,-0.08744385838508606,0.7729848027229309,0.08892835676670075,0.6281610131263733],"EasingStyle":"Linear"