{"Sequence":[{"Time":0,"poses":{"Left Leg":{"Weight":1,"CFrame":[-0.6217818260192871,0.08713501691818237,0.3092261552810669,0.898587167263031,-0.43360498547554018,0.06728918105363846,0.4280569553375244,0.899946391582489,0.08284813910722733,-0.09648006409406662,-0.04564264416694641,0.9942878484725952],"EasingStyle":"Linear","EasingDirection":"Out"},"Right Arm":{"Weight":1,"CFrame":[0.4991453289985657,0.0676315426826477,-0.27414584159851076,0.029975149780511857,0.9611748456954956,0.2743072211742401,-0.18226240575313569,-0.26457369327545168,0.9469853043556213,0.9827929139137268,-0.07838184386491776,0.1672554761171341],"EasingStyle":"Linear","EasingDirection":"Out"},"Left Arm":{"Weight":1,"CFrame":[0.3534696102142334,-0.1455763578414917,-0.11768102645874024,0.43393179774284365,-0.15046662092208863,0.8882921934127808,0.17067940533161164,0.9818301796913147,0.08293380588293076,-0.8846308588981628,0.11562556028366089,0.4517289102077484],"EasingStyle":"Linear","EasingDirection":"Out"},"Right Leg":{"Weight":1,"CFrame":[0.14411517977714539,0.2869762182235718,0.3296060562133789,0.7078882455825806,0.3368048369884491,-0.6208515763282776,-0.3139621913433075,0.9374210834503174,0.1505638211965561,0.6327099800109863,0.08834155648946762,0.7693333625793457],"EasingStyle":"Linear","EasingDirection":"Out"},"Torso":{"Weight":1,"CFrame":[-0.06841059774160385,0.008640870451927185,-0.27988386154174807,0.9589793086051941,-0.2752685844898224,-0.06771915405988693,0.27865514159202578,0.9592468738555908,0.04686981439590454,0.052057597786188129,-0.06381747871637345,0.9966028928756714],"EasingStyle":"Linear","EasingDirection":"Out"},"HumanoidRootPart":{"Weight":0,"CFrame":[0,0,0,1,0,0,0,1,0,0,0,1],"EasingStyle":"Linear","EasingDirection":"In"},"Head":{"Weight":1,"CFrame":[3.213062882423401e-7,1.4528632164001466e-7,2.384185791015625e-7,0.9616453647613525,0.19144509732723237,0.19643555581569673,-0.13256491720676423,0.9513325691223145,-0.27819573879241946,-0.24013473093509675,0.24148517847061158,0.9402234554290772],"EasingStyle":"Linear","EasingDirection":"Out"}}},{"Time":0.01666666753590107,"poses":{"Left Leg":{"Weight":1,"CFrame":[-0.656416118144989,0.10968518257141113,0.336961030960083,0.9004075527191162,-0.42676201462745669,0.08450057357549668,0.4220452606678009,0.9039930701255798,0.06836923211812973,-0.10556541383266449,-0.02589711733162403,0.9940751194953919],"EasingStyle":"Linear","EasingDirection":"Out"},"Right Arm":{"Weight":1,"CFrame":[0.496478796005249,0.045371294021606448,-0.2749977111816406,0.025037160143256189,0.9607418775558472,0.27631160616874697,-0.18554183840751649,-0.26713019609451296,0.9456298351287842,0.982317328453064,-0.07494337111711502,0.17156948149204255],"EasingStyle":"Linear","EasingDirection":"Out"},"Left Arm":{"Weight":1,"CFrame":[0.3549998998641968,-0.15566694736480714,-0.11608940362930298,0.43264156579971316,-0.15002401173114777,0.8889960646629334,0.1719338446855545,0.9816903471946716,0.08199292421340943,-0.8850197792053223,0.117374949157238,0.4505142569541931],"EasingStyle":"Linear","EasingDirection":"Out"},"Right Leg":{"Weight":1,"CFrame":[0.15167859196662904,0.3253549337387085,0.34819138050079348,0.6982887387275696,0.3146185576915741,-0.6429681181907654,-0.2974606156349182,0.9445420503616333,0.13913139700889588,0.6510837078094482,0.0941038504242897,0.753149688243866],"EasingStyle":"Linear","EasingDirection":"Out"},"Torso":{"Weight":1,"CFrame":[-0.06287550926208496,4.028747468964866e-8,-0.31662559509277346,0.9582585096359253,-0.2775614559650421,-0.06855859607458115,0.2799229919910431,0.9596297740936279,0.02745629847049713,0.05817006900906563,-0.045501358807086948,0.9972692131996155],"EasingStyle":"Linear","EasingDirection":"Out"},"HumanoidRootPart":{"Weight":0,"CFrame":[0,0,0,1,0,0,0,1,0,0,0,1],"EasingStyle":"Linear","EasingDirection":"In"},"Head":{"Weight":1,"CFrame":[1.3783574104309083e-7,-3.725290298461914e-9,-1.1920928955078126e-7,0.9585152864456177,0.20193853974342347,0.20116974413394929,-0.14683827757835389,0.9547234773635864,-0.2587306797504425,-0.244309201836586,0.218457892537117,0.9447693824768066],"EasingStyle":"Linear","EasingDirection":"Out"}}},{"Time":0.03333333507180214,"poses":{"Left Leg":{"Weight":1,"CFrame":[-0.6606990098953247,0.12738627195358277,0.37191998958587649,0.8925488591194153,-0.4348387122154236,0.11946476250886917,0.43033140897750857,0.9004972577095032,0.06260671466588974,-0.13480153679847718,-0.0044701281003654,0.9908625483512878],"EasingStyle":"Linear","EasingDirection":"Out"},"Right Arm":{"Weight":1,"CFrame":[0.499392569065094,0.024555087089538575,-0.2746255397796631,0.020072458311915399,0.9598219394683838,0.2798910439014435,-0.18737539649009705,-0.2713756263256073,0.9440580606460571,0.982083261013031,-0.07139415293931961,0.17439988255500794],"EasingStyle":"Linear","EasingDirection":"Out"},"Left Arm":{"Weight":1,"CFrame":[0.35627490282058718,-0.16323909163475038,-0.11650681495666504,0.4327270984649658,-0.14954833686351777,0.889034628868103,0.17078818380832673,0.9818865060806274,0.08203825354576111,-0.885199785232544,0.1163364127278328,0.4504300057888031],"EasingStyle":"Linear","EasingDirection":"Out"},"Right Leg":{"Weight":1,"CFrame":[0.14882072806358338,0.3550455570220947,0.3651045560836792,0.6748945116996765,0.31544941663742068,-0.6670900583267212,-0.3002626895904541,0.9431921243667603,0.14223526418209077,0.6740621328353882,0.10430851578712464,0.73127281665802],"EasingStyle":"Linear","EasingDirection":"Out"},"Torso":{"Weight":1,"CFrame":[-0.058181192725896838,-0.004076446406543255,-0.3463616371154785,0.9584643244743347,-0.2766639292240143,-0.06930520385503769,0.2788049578666687,0.9600672125816345,0.023211246356368066,0.060115937143564227,-0.0415697880089283,0.9973254203796387],"EasingStyle":"Linear","EasingDirection":"Out"},"HumanoidRootPart":{"Weight":0,"CFrame":[0,0,0,1,0,0,0,1,0,0,0,1],"EasingStyle":"Linear","EasingDirection":"In"},"Head":{"Weight":1,"CFrame":[1.7276033759117127e-7,5.587935447692871e-9,-1.1920928955078126e-7,0.9570403099060059,0.20839381217956544,0.20160812139511109,-0.15345124900341035,0.9539762735366821,-0.25764691829681399,-0.24602137506008149,0.21564151346683503,0.9449720978736877],"EasingStyle":"Linear","EasingDirection":"Out"}}},{"Time":0.05000000074505806,"poses":{"Left Leg":{"Weight":1,"CFrame":[-0.6462183594703674,0.14574140310287476,0.4083516597747803,0.8822011351585388,-0.43988072872161868,0.16800637543201447,0.4356318712234497,0.8978902101516724,0.06338859349489212,-0.178734689950943,0.017267407849431039,0.9837457537651062],"EasingStyle":"Linear","EasingDirection":"Out"},"Right Arm":{"Weight":1,"CFrame":[0.5078098773956299,0.004763543605804443,-0.27349382638931277,0.014130045659840107,0.9582318067550659,0.28564348816871645,-0.1872536987066269,-0.27808189392089846,0.9421286582946777,0.9822099804878235,-0.06680003553628922,0.17550326883792878],"EasingStyle":"Linear","EasingDirection":"Out"},"Left Arm":{"Weight":1,"CFrame":[0.35733988881111147,-0.16907578706741334,-0.1177065372467041,0.43304455280303957,-0.14828364551067353,0.8890918493270874,0.16763627529144288,0.9824161529541016,0.08219872415065766,-0.8856469392776489,0.11344832926988602,0.45028772950172427],"EasingStyle":"Linear","EasingDirection":"Out"},"Right Leg":{"Weight":1,"CFrame":[0.13606183230876923,0.3793891668319702,0.38023245334625246,0.6470159292221069,0.3138345777988434,-0.6948942542076111,-0.3017556965351105,0.9423513412475586,0.144628643989563,0.7002241611480713,0.11611131578683853,0.704417884349823],"EasingStyle":"Linear","EasingDirection":"Out"},"Torso":{"Weight":1,"CFrame":[-0.054262831807136539,-0.00739571126177907,-0.3705439567565918,0.9591801166534424,-0.2740860879421234,-0.06964428722858429,0.27610084414482119,0.9608996510505676,0.020981406792998315,0.06117045879364014,-0.03935379534959793,0.9973512291908264],"EasingStyle":"Linear","EasingDirection":"Out"},"HumanoidRootPart":{"Weight":0,"CFrame":[0,0,0,1,0,0,0,1,0,0,0,1],"EasingStyle":"Linear","EasingDirection":"In"},"Head":{"Weight":1,"CFrame":[1.5227124094963075e-7,1.30385160446167e-8,-2.384185791015625e-7,0.9564628601074219,0.212122842669487,0.2004561722278595,-0.1568918526172638,0.9528555870056152,-0.2597135603427887,-0.24609696865081788,0.21695643663406373,0.9446513652801514],"EasingStyle":"Linear","EasingDirection":"Out"}}},{"Time":0.06666667014360428,"poses":{"Left Leg":{"Weight":1,"CFrame":[-0.6211414337158203,0.16667771339416505,0.4370253086090088,0.8687449097633362,-0.44266584515571597,0.22210197150707246,0.4383056163787842,0.895989179611206,0.07135479152202606,-0.23058727383613587,0.03535948693752289,0.9724089503288269],"EasingStyle":"Linear","EasingDirection":"Out"},"Right Arm":{"Weight":1,"CFrame":[0.5212445259094238,-0.014598757028579712,-0.2715797424316406,0.0075169834308326248,0.9557865262031555,0.29396551847457888,-0.1847417652606964,-0.28758591413497927,0.9397684335708618,0.9827583432197571,-0.06137174367904663,0.1744120717048645],"EasingStyle":"Linear","EasingDirection":"Out"},"Left Arm":{"Weight":1,"CFrame":[0.35823267698287966,-0.17343288660049439,-0.11960846185684204,0.433535635471344,-0.14645437896251679,0.8891557455062866,0.16288836300373078,0.9831874966621399,0.08252126723527909,-0.8862923979759216,0.10905721783638,0.4501025080680847],"EasingStyle":"Linear","EasingDirection":"Out"},"Right Leg":{"Weight":1,"CFrame":[0.1217484399676323,0.4002673029899597,0.3933882713317871,0.6182160973548889,0.3119080066680908,-0.7214722037315369,-0.303373783826828,0.9414556622505188,0.14705626666545869,0.7251021862030029,0.12796320021152497,0.6766479015350342],"EasingStyle":"Linear","EasingDirection":"Out"},"Torso":{"Weight":1,"CFrame":[-0.0510297529399395,-0.010047389194369316,-0.3916511535644531,0.960202693939209,-0.2704488933086395,-0.06977205723524094,0.272399365901947,0.9619771242141724,0.019964275881648065,0.061719805002212527,-0.038175616413354877,0.9973631501197815],"EasingStyle":"Linear","EasingDirection":"Out"},"HumanoidRootPart":{"Weight":0,"CFrame":[0,0,0,1,0,0,0,1,0,0,0,1],"EasingStyle":"Linear","EasingDirection":"In"},"Head":{"Weight":1,"CFrame":[1.1944212019443513e-7,1.862645149230957e-9,1.1920928955078126e-7,0.9566729068756104,0.21359241008758546,0.1978767365217209,-0.15881076455116273,0.9523953199386597,-0.2602352201938629,-0.24404114484786988,0.21753503382205964,0.9450515508651733],"EasingStyle":"Linear","EasingDirection":"Out"}}},{"Time":0.0833333358168602,"poses":{"Left Leg":{"Weight":1,"CFrame":[-0.5934383869171143,0.19224482774734498,0.450020432472229,0.8531834483146668,-0.4440566599369049,0.2736635208129883,0.437992125749588,0.8948119282722473,0.08645495772361756,-0.2832682430744171,0.04610057920217514,0.9579320549964905],"EasingStyle":"Linear","EasingDirection":"Out"},"Right Arm":{"Weight":1,"CFrame":[0.5392110347747803,-0.03412890434265137,-0.268860399723053,0.000562526285648346,0.9522671699523926,0.30526524782180788,-0.17938528954982758,-0.3002174496650696,0.9368513226509094,0.983778715133667,-0.055287133902311328,0.1706537902355194],"EasingStyle":"Linear","EasingDirection":"Out"},"Left Arm":{"Weight":1,"CFrame":[0.3589911162853241,-0.17656821012496949,-0.12213295698165894,0.4341396391391754,-0.14428530633449555,0.8892157077789307,0.1569546014070511,0.9841074347496033,0.08305299282073975,-0.8870670795440674,0.10350993275642395,0.449886292219162],"EasingStyle":"Linear","EasingDirection":"Out"},"Right Leg":{"Weight":1,"CFrame":[0.11298904567956925,0.41995060443878176,0.4042402505874634,0.5928819179534912,0.311559796333313,-0.7425776720046997,-0.3059227168560028,0.9401342868804932,0.15019571781158448,0.7449176907539368,0.1381230503320694,0.6527017951011658],"EasingStyle":"Linear","EasingDirection":"Out"},"Torso":{"Weight":1,"CFrame":[-0.048391327261924747,-0.012121124193072319,-0.41216230392456057,0.9613319635391235,-0.2663736939430237,-0.06989965587854386,0.2682912349700928,0.9631409049034119,0.019478440284729005,0.062134675681591037,-0.03747871145606041,0.9973638653755188],"EasingStyle":"Linear","EasingDirection":"Out"},"HumanoidRootPart":{"Weight":0,"CFrame":[0,0,0,1,0,0,0,1,0,0,0,1],"EasingStyle":"Linear","EasingDirection":"In"},"Head":{"Weight":1,"CFrame":[1.5762634575366975e-7,-5.122274160385132e-9,-2.980232238769531e-7,0.9575700759887695,0.21328109502792359,0.19383157789707185,-0.16003654897212983,0.952842116355896,-0.25783756375312807,-0.23968273401260377,0.21587738394737245,0.9465458989143372],"EasingStyle":"Linear","EasingDirection":"Out"}}},{"Time":0.10000000149011612,"poses":{"Left Leg":{"Weight":1,"CFrame":[-0.5735487937927246,0.22240251302719117,0.44338321685791018,0.8378658890724182,-0.4461057186126709,0.31459593772888186,0.43562954664230349,0.8937296271324158,0.10711733251810074,-0.3289492726325989,0.04729731008410454,0.9431623816490173],"EasingStyle":"Linear","EasingDirection":"Out"},"Right Arm":{"Weight":1,"CFrame":[0.561223030090332,-0.054422348737716678,-0.2653126120567322,-0.006364434026181698,0.9474104046821594,0.3199579119682312,-0.17070989310741425,-0.31629690527915957,0.9331743717193604,0.9853007793426514,-0.0486808605492115,0.16374537348747254],"EasingStyle":"Linear","EasingDirection":"Out"},"Left Arm":{"Weight":1,"CFrame":[0.35965314507484438,-0.178737610578537,-0.1252005696296692,0.4348004460334778,-0.14200174808502198,0.8892604112625122,0.15024666488170625,0.9850870966911316,0.08384134620428086,-0.8879045844078064,0.0971541553735733,0.4496516287326813],"EasingStyle":"Linear","EasingDirection":"Out"},"Right Leg":{"Weight":1,"CFrame":[0.11638845503330231,0.44078361988067629,0.41283082962036135,0.575873076915741,0.314564049243927,-0.7545989155769348,-0.30998316407203677,0.9381051063537598,0.15449687838554383,0.7564923167228699,0.14494237303733827,0.6377391219139099],"EasingStyle":"Linear","EasingDirection":"Out"},"Torso":{"Weight":1,"CFrame":[-0.0462568923830986,-0.013706552796065808,-0.4345564842224121,0.9623753428459168,-0.2624891996383667,-0.07023642957210541,0.26436954736709597,0.964238166809082,0.018802471458911897,0.0627892017364502,-0.03666340932250023,0.9973531365394592],"EasingStyle":"Linear","EasingDirection":"Out"},"HumanoidRootPart":{"Weight":0,"CFrame":[0,0,0,1,0,0,0,1,0,0,0,1],"EasingStyle":"Linear","EasingDirection":"In"},"Head":{"Weight":1,"CFrame":[1.6402918845415116e-7,1.909211277961731e-8,-2.384185791015625e-7,0.9584245681762695,0.21053647994995118,0.192605122923851,-0.1584770679473877,0.9540579319000244,-0.25428029894828799,-0.23729167878627778,0.21318498253822328,0.9477577805519104],"EasingStyle":"Linear","EasingDirection":"Out"}}},{"Time":0.11666666716337204,"poses":{"Left Leg":{"Weight":1,"CFrame":[-0.570122480392456,0.251764178276062,0.43122148513793948,0.8250983953475952,-0.4506525993347168,0.3407709300518036,0.43528488278388979,0.8915587663650513,0.12509997189044953,-0.36019402742385867,0.045112669467926028,0.9317860007286072],"EasingStyle":"Linear","EasingDirection":"Out"},"Right Arm":{"Weight":1,"CFrame":[0.5864853262901306,-0.07587915658950806,-0.2609264850616455,-0.012864525429904461,0.9409173727035523,0.3383917808532715,-0.1584169715642929,-0.3360634744167328,0.928420901298523,0.9872884750366211,-0.041663289070129397,0.1533806025981903],"EasingStyle":"Linear","EasingDirection":"Out"},"Left Arm":{"Weight":1,"CFrame":[0.3602564334869385,-0.18019768595695496,-0.12873125076293946,0.4354662001132965,-0.13983067870140077,0.8892787098884583,0.1431785374879837,0.9860457181930542,0.08493409305810929,-0.8887457847595215,0.09033969044685364,0.4494103193283081],"EasingStyle":"Linear","EasingDirection":"Out"},"Right Leg":{"Weight":1,"CFrame":[0.1377096176147461,0.4632647633552551,0.42023181915283205,0.5716372728347778,0.3220544755458832,-0.7546600103378296,-0.31649547815322878,0.935117781162262,0.1593277007341385,0.7570082545280457,0.14776884019374848,0.6364769339561462],"EasingStyle":"Linear","EasingDirection":"Out"},"Torso":{"Weight":1,"CFrame":[-0.0445358008146286,-0.01489331852644682,-0.4602384567260742,0.9632089138031006,-0.2593141496181488,-0.07060268521308899,0.2610861361026764,0.9651660323143005,0.01698659174144268,0.06373845785856247,-0.03479502350091934,0.9973598718643189],"EasingStyle":"Linear","EasingDirection":"Out"},"HumanoidRootPart":{"Weight":0,"CFrame":[0,0,0,1,0,0,0,1,0,0,0,1],"EasingStyle":"Linear","EasingDirection":"In"},"Head":{"Weight":1,"CFrame":[1.282314769923687e-7,2.3515895009040834e-8,2.384185791015625e-7,0.9581003189086914,0.20781801640987397,0.19711782038211823,-0.15609638392925263,0.9558386206626892,-0.2490108609199524,-0.24016179144382478,0.20780803263187409,0.9482289552688599],"EasingStyle":"Linear","EasingDirection":"Out"}}},{"Time":0.13333334028720857,"poses":{"Left Leg":{"Weight":1,"CFrame":[-0.5839450359344482,0.27636951208114626,0.41756927967071535,0.8173206448554993,-0.4574447274208069,0.35033026337623598,0.43805402517318728,0.888304591178894,0.1379258930683136,-0.37429356575012209,0.04073389992117882,0.926415205001831],"EasingStyle":"Linear","EasingDirection":"Out"},"Right Arm":{"Weight":1,"CFrame":[0.6129643321037293,-0.09811732172966004,-0.25574207305908205,-0.01858273334801197,0.9325242042541504,0.3606289327144623,-0.14298883080482484,-0.35946229100227358,0.9221394062042236,0.9895498156547546,-0.034430138766765597,0.1400202214717865],"EasingStyle":"Linear","EasingDirection":"Out"},"Left Arm":{"Weight":1,"CFrame":[0.3608388900756836,-0.18120670318603517,-0.13264548778533936,0.43608877062797549,-0.13800048828125,0.8892595171928406,0.1361667513847351,0.9869129657745361,0.08637938648462296,-0.8895421028137207,0.08341851830482483,0.4491727650165558],"EasingStyle":"Linear","EasingDirection":"Out"},"Right Leg":{"Weight":1,"CFrame":[0.18194463849067689,0.48287761211395266,0.4272172451019287,0.5839996337890625,0.335411012172699,-0.7392184734344482,-0.3271048665046692,0.9306728839874268,0.16386058926582337,0.7429312467575073,0.146107479929924,0.6532272100448608],"EasingStyle":"Linear","EasingDirection":"Out"},"Torso":{"Weight":1,"CFrame":[-0.04313741251826286,-0.015771061182022096,-0.4863162040710449,0.9638668894767761,-0.25682583451271059,-0.07071854174137116,0.2583935856819153,0.9659405946731567,0.013836836442351342,0.06475626677274704,-0.03161008656024933,0.9974003434181213],"EasingStyle":"Linear","EasingDirection":"Out"},"HumanoidRootPart":{"Weight":0,"CFrame":[0,0,0,1,0,0,0,1,0,0,0,1],"EasingStyle":"Linear","EasingDirection":"In"},"Head":{"Weight":1,"CFrame":[1.5489058569073678e-7,2.6775524020195009e-9,-4.76837158203125e-7,0.9564011096954346,0.20806710422039033,0.20495110750198365,-0.1567467600107193,0.9578058123588562,-0.2409117966890335,-0.2464291751384735,0.1982828974723816,0.9486603736877441],"EasingStyle":"Linear","EasingDirection":"Out"}}},{"Time":0.15000000596046449,"poses":{"Left Leg":{"Weight":1,"CFrame":[-0.623695433139801,0.29497331380844118,0.37639570236206057,0.8238165974617004,-0.4665921628475189,0.3218975365161896,0.4424867033958435,0.8842589855194092,0.1493033617734909,-0.35430461168289187,0.019436853006482126,0.9349280595779419],"EasingStyle":"Linear","EasingDirection":"Out"},"Right Arm":{"Weight":1,"CFrame":[0.6383175849914551,-0.12055501341819763,-0.2498123049736023,-0.0231644194573164,0.9219568371772766,0.38659927248954775,-0.12514451146125794,-0.3863353729248047,0.9138291478157044,0.9918680787086487,-0.027212390676140786,0.12432719022035599],"EasingStyle":"Linear","EasingDirection":"Out"},"Left Arm":{"Weight":1,"CFrame":[0.3614383339881897,-0.1820196807384491,-0.13686352968215943,0.43662622570991518,-0.1367410123348236,0.8891903162002564,0.12963058054447175,0.9876295924186707,0.0882256031036377,-0.8902547359466553,0.07674461603164673,0.44895079731941225],"EasingStyle":"Linear","EasingDirection":"Out"},"Right Leg":{"Weight":1,"CFrame":[0.26742446422576907,0.48939448595046999,0.4376891851425171,0.6315546631813049,0.35934269428253176,-0.6870309114456177,-0.34860655665397646,0.9230998158454895,0.16235806047916413,0.6925403475761414,0.1369655281305313,0.708257257938385],"EasingStyle":"Linear","EasingDirection":"Out"},"Torso":{"Weight":1,"CFrame":[-0.041971076279878619,-0.016429416835308076,-0.508824348449707,0.9643983244895935,-0.2548328936100006,-0.07068242132663727,0.2561507225036621,0.9665840864181519,0.010100179351866246,0.06574665009975434,-0.027845950797200204,0.9974477291107178],"EasingStyle":"Linear","EasingDirection":"Out"},"HumanoidRootPart":{"Weight":0,"CFrame":[0,0,0,1,0,0,0,1,0,0,0,1],"EasingStyle":"Linear","EasingDirection":"In"},"Head":{"Weight":1,"CFrame":[1.5133991837501527e-7,-1.862645149230957e-9,-3.5762786865234377e-7,0.9538720846176148,0.2097584754228592,0.21477766335010529,-0.15946397185325623,0.9601555466651917,-0.22950492799282075,-0.254360556602478,0.1846691071987152,0.949314534664154],"EasingStyle":"Linear","EasingDirection":"Out"}}},{"Time":0.1666666716337204,"poses":{"Left Leg":{"Weight":1,"CFrame":[-0.6936889886856079,0.30440354347229006,0.2933773994445801,0.8458591103553772,-0.4765034019947052,0.23972253501415254,0.450234055519104,0.8787927031517029,0.1581537127494812,-0.28602728247642519,-0.025844523683190347,0.9578729271888733],"EasingStyle":"Linear","EasingDirection":"Out"},"Right Arm":{"Weight":1,"CFrame":[0.6602022051811218,-0.14261317253112794,-0.24319016933441163,-0.02625674568116665,0.9089205265045166,0.4161418080329895,-0.10567011684179306,-0.41647663712501528,0.9029844999313355,0.9940545558929443,-0.020264357328414918,0.10698100924491883],"EasingStyle":"Linear","EasingDirection":"Out"},"Left Arm":{"Weight":1,"CFrame":[0.36209267377853396,-0.18289396166801454,-0.1413055658340454,0.43703946471214297,-0.13628298044204713,0.8890576362609863,0.12399068474769592,0.9881458282470703,0.09052126109600067,-0.8908551335334778,0.07067350298166275,0.44875654578208926],"EasingStyle":"Linear","EasingDirection":"Out"},"Right Leg":{"Weight":1,"CFrame":[0.40615174174308779,0.490067720413208,0.40030455589294436,0.7140932679176331,0.3948734998703003,-0.5780535340309143,-0.37066978216171267,0.9137564897537231,0.16629153490066529,0.5938642621040344,0.09551934897899628,0.7988749742507935],"EasingStyle":"Linear","EasingDirection":"Out"},"Torso":{"Weight":1,"CFrame":[-0.04094614088535309,-0.016958028078079225,-0.5263805389404297,0.964849591255188,-0.25317180156707766,-0.07049358636140824,0.2541961371898651,0.9671351909637451,0.0058116908185184,0.06670547276735306,-0.02352660521864891,0.9974952936172485],"EasingStyle":"Linear","EasingDirection":"Out"},"HumanoidRootPart":{"Weight":0,"CFrame":[0,0,0,1,0,0,0,1,0,0,0,1],"EasingStyle":"Linear","EasingDirection":"In"},"Head":{"Weight":1,"CFrame":[1.287553459405899e-7,-3.725290298461914e-9,-2.980232238769531e-7,0.9510727524757385,0.21135631203651429,0.22536447644233704,-0.16342414915561677,0.9631527662277222,-0.21361027657985688,-0.2622082233428955,0.16632889211177827,0.9505690336227417],"EasingStyle":"Linear","EasingDirection":"Out"}}},{"Time":0.18333333730697633,"poses":{"Left Leg":{"Weight":1,"CFrame":[-0.7831713557243347,0.301219642162323,0.1790018081665039,0.8679237961769104,-0.48403677344322207,0.11142945289611817,0.4651767313480377,0.8707715272903442,0.1592724770307541,-0.1741233468055725,-0.08640198409557343,0.980925977230072],"EasingStyle":"Linear","EasingDirection":"Out"},"Right Arm":{"Weight":1,"CFrame":[0.6762749552726746,-0.16371196508407594,-0.23592883348464967,-0.027531394734978677,0.893114447593689,0.4489862024784088,-0.0854310393333435,-0.4496152997016907,0.8891274333000183,0.9959636330604553,-0.013878341764211655,0.08867838233709336],"EasingStyle":"Linear","EasingDirection":"Out"},"Left Arm":{"Weight":1,"CFrame":[0.36283954977989199,-0.18408659100532533,-0.14589202404022218,0.43729057908058169,-0.1368575394153595,0.8888458609580994,0.11966907232999802,0.9884187579154968,0.0933147519826889,-0.8913227319717407,0.06556171923875809,0.4486038088798523],"EasingStyle":"Linear","EasingDirection":"Out"},"Right Leg":{"Weight":1,"CFrame":[0.5802948474884033,0.48162317276000979,0.30615758895874026,0.7977652549743652,0.4347941279411316,-0.4177614152431488,-0.39826908707618716,0.9001625776290894,0.1763211190700531,0.4527166187763214,0.02571859024465084,0.8912835121154785],"EasingStyle":"Linear","EasingDirection":"Out"},"Torso":{"Weight":1,"CFrame":[-0.039971958845853809,-0.017446527257561685,-0.5404329299926758,0.965265154838562,-0.2516775131225586,-0.0701541006565094,0.25237104296684267,0.9676299691200256,0.0010587784927338362,0.06761674582958222,-0.018726864829659463,0.9975355863571167],"EasingStyle":"Linear","EasingDirection":"Out"},"HumanoidRootPart":{"Weight":0,"CFrame":[0,0,0,1,0,0,0,1,0,0,0,1],"EasingStyle":"Linear","EasingDirection":"In"},"Head":{"Weight":1,"CFrame":[1.6111880540847779e-7,-3.725290298461914e-9,1.1920928955078126e-7,0.9485071897506714,0.21155357360839845,0.2357523888349533,-0.16790276765823365,0.9669002890586853,-0.19212615489959718,-0.26859405636787417,0.14264962077140809,0.9526323080062866],"EasingStyle":"Linear","EasingDirection":"Out"}}},{"Time":0.20000000298023225,"poses":{"Left Leg":{"Weight":1,"CFrame":[-0.8784314393997192,0.2817169427871704,0.06021702289581299,0.8719757795333862,-0.48759958148002627,-0.04364337772130966,0.48852258920669558,0.860913097858429,0.14203684031963349,-0.031683966517448428,-0.14517349004745484,0.988898754119873],"EasingStyle":"Linear","EasingDirection":"Out"},"Right Arm":{"Weight":1,"CFrame":[0.6841935515403748,-0.18327128887176515,-0.2280811071395874,-0.02671918086707592,0.8742490410804749,0.48474180698394778,-0.06537424027919769,-0.48540517687797549,0.8718417882919312,0.9975030422210693,-0.008394766598939896,0.07012295722961426],"EasingStyle":"Linear","EasingDirection":"Out"},"Left Arm":{"Weight":1,"CFrame":[0.3637081980705261,-0.18579337000846864,-0.15055716037750245,0.4374099671840668,-0.13812805712223054,0.8885905146598816,0.11648432165384293,0.9885108470916748,0.09632071852684021,-0.8916860222816467,0.061375219374895099,0.448474258184433],"EasingStyle":"Linear","EasingDirection":"Out"},"Right Leg":{"Weight":1,"CFrame":[0.7602065205574036,0.4533724784851074,0.18745779991149903,0.851561963558197,0.4708114564418793,-0.23060527443885804,-0.43907666206359866,0.8808467388153076,0.1769765019416809,0.28645050525665285,-0.04945303127169609,0.9568179249763489],"EasingStyle":"Linear","EasingDirection":"Out"},"Torso":{"Weight":1,"CFrame":[-0.0389578752219677,-0.01798456721007824,-0.5510892868041992,0.9656884670257568,-0.2501838803291321,-0.06966926902532578,0.25052037835121157,0.9681030511856079,-0.004006183706223965,0.06844931840896607,-0.013584845699369908,0.9975621104240418],"EasingStyle":"Linear","EasingDirection":"Out"},"HumanoidRootPart":{"Weight":0,"CFrame":[0,0,0,1,0,0,0,1,0,0,0,1],"EasingStyle":"Linear","EasingDirection":"In"},"Head":{"Weight":1,"CFrame":[1.4016404747962952e-7,1.862645149230957e-9,2.384185791015625e-7,0.946301281452179,0.21021081507205964,0.2456120252609253,-0.17250515520572663,0.9708688259124756,-0.1662997454404831,-0.27341508865356448,0.11500035226345062,0.9549969434738159],"EasingStyle":"Linear","EasingDirection":"Out"}}},{"Time":0.21666666865348817,"poses":{"Left Leg":{"Weight":1,"CFrame":[-0.967997670173645,0.2487812042236328,-0.03393566608428955,0.8499965667724609,-0.48966819047927859,-0.1942443698644638,0.513953685760498,0.8517500162124634,0.10185068100690842,0.11557464301586151,-0.18640530109405518,0.9756513833999634],"EasingStyle":"Linear","EasingDirection":"Out"},"Right Arm":{"Weight":1,"CFrame":[0.6822072863578796,-0.2008400857448578,-0.21971344947814942,-0.023827508091926576,0.852228045463562,0.522627592086792,-0.04643075168132782,-0.5231552720069885,0.8509716391563416,0.998637318611145,-0.003989546559751034,0.0520348958671093],"EasingStyle":"Linear","EasingDirection":"Out"},"Left Arm":{"Weight":1,"CFrame":[0.36469176411628725,-0.18796956539154054,-0.15529030561447144,0.4374544024467468,-0.1395368129014969,0.8883485794067383,0.11389487981796265,0.9885292053222656,0.09918675571680069,-0.8919986486434937,0.0577886588871479,0.4483289420604706],"EasingStyle":"Linear","EasingDirection":"Out"},"Right Leg":{"Weight":1,"CFrame":[0.9166942238807678,0.40940701961517336,0.07521653175354004,0.865450382232666,0.4980531930923462,-0.05420973524451256,-0.48478981852531435,0.8598376512527466,0.1601811647415161,0.12639029324054719,-0.11234848946332932,0.9855979681015015],"EasingStyle":"Linear","EasingDirection":"Out"},"Torso":{"Weight":1,"CFrame":[-0.037813253700733188,-0.018661776557564737,-0.558260440826416,0.9661621451377869,-0.24852313101291657,-0.06904332339763642,0.24849259853363038,0.9685903787612915,-0.009167634882032872,0.0691530779004097,-0.008299333043396473,0.9975715279579163],"EasingStyle":"Linear","EasingDirection":"Out"},"HumanoidRootPart":{"Weight":0,"CFrame":[0,0,0,1,0,0,0,1,0,0,0,1],"EasingStyle":"Linear","EasingDirection":"In"},"Head":{"Weight":1,"CFrame":[1.6298145055770875e-7,0,3.5762786865234377e-7,0.9447099566459656,0.20871923863887788,0.2529018521308899,-0.17609958350658418,0.9735385179519653,-0.14564228057861329,-0.27660810947418215,0.09305381029844284,0.9564669132232666],"EasingStyle":"Linear","EasingDirection":"Out"}}},{"Time":0.23333333432674409,"poses":{"Left Leg":{"Weight":1,"CFrame":[-1.040783166885376,0.21271157264709474,-0.08676367998123169,0.8136884570121765,-0.4931546747684479,-0.30774909257888796,0.5314403176307678,0.8456149101257324,0.050066422671079639,0.23554670810699464,-0.20428873598575593,0.9501493573188782],"EasingStyle":"Linear","EasingDirection":"Out"},"Right Arm":{"Weight":1,"CFrame":[0.6717586517333984,-0.2164803445339203,-0.21094751358032227,-0.019728899002075197,0.827713668346405,0.5608037114143372,-0.029176799580454828,-0.5611506700515747,0.8271993398666382,0.999379575252533,-0.00004271044963388704,0.035220932215452197],"EasingStyle":"Linear","EasingDirection":"Out"},"Left Arm":{"Weight":1,"CFrame":[0.3657747209072113,-0.19051042199134828,-0.16009521484375,0.43741896748542788,-0.14101307094097138,0.8881328701972961,0.11181189119815827,0.9884932041168213,0.10187871009111405,-0.8922795057296753,0.054740145802497867,0.448152631521225],"EasingStyle":"Linear","EasingDirection":"Out"},"Right Leg":{"Weight":1,"CFrame":[1.0313050746917725,0.3649106025695801,-0.012731850147247315,0.8531011939048767,0.5159921050071716,0.07726860046386719,-0.5217177867889404,0.8421229124069214,0.13652704656124116,0.005377224646508694,-0.1567838042974472,0.9876183271408081],"EasingStyle":"Linear","EasingDirection":"Out"},"Torso":{"Weight":1,"CFrame":[-0.0364474356174469,-0.019567808136343957,-0.5616378784179688,0.9667287468910217,-0.24652616679668427,-0.06826718896627426,0.2461380958557129,0.9691311717033386,-0.014171076007187367,0.06965340673923493,-0.0031035710126161577,0.9975664019584656],"EasingStyle":"Linear","EasingDirection":"Out"},"HumanoidRootPart":{"Weight":0,"CFrame":[0,0,0,1,0,0,0,1,0,0,0,1],"EasingStyle":"Linear","EasingDirection":"In"},"Head":{"Weight":1,"CFrame":[1.7136335372924806e-7,-4.6566128730773929e-9,-3.5762786865234377e-7,0.9437538981437683,0.20739974081516267,0.2575148642063141,-0.17826324701309205,0.9750866889953613,-0.13201594352722169,-0.2784793972969055,0.07868513464927674,0.9572135806083679],"EasingStyle":"Linear","EasingDirection":"Out"}}},{"Time":0.25,"poses":{"Left Leg":{"Weight":1,"CFrame":[-1.0828007459640504,0.1880803108215332,-0.1041039228439331,0.7884142398834229,-0.4965475797653198,-0.36310267448425295,0.5376801490783691,0.8430218696594238,0.014635602943599224,0.29883620142936709,-0.20677199959754945,0.9316341876983643],"EasingStyle":"Linear","EasingDirection":"Out"},"Right Arm":{"Weight":1,"CFrame":[0.6552948951721191,-0.23037907481193543,-0.201918363571167,-0.015584677457809449,0.8017573952674866,0.5974464416503906,-0.013957447372376919,-0.5976351499557495,0.8016466498374939,0.9997811317443848,0.004154585767537355,0.020504526793956758],"EasingStyle":"Linear","EasingDirection":"Out"},"Left Arm":{"Weight":1,"CFrame":[0.36694157123565676,-0.19330918788909913,-0.16497540473937989,0.4372949004173279,-0.14251160621643067,0.8879547119140625,0.110171839594841,0.9884165525436401,0.10437831282615662,-0.8925442695617676,0.05218349024653435,0.44793033599853518],"EasingStyle":"Linear","EasingDirection":"Out"},"Right Leg":{"Weight":1,"CFrame":[1.0959326028823853,0.33469343185424807,-0.0611305832862854,0.8385199308395386,0.5266603231430054,0.1396900862455368,-0.5425238013267517,0.8307742476463318,0.1244269534945488,-0.05052012577652931,-0.18011967837810517,0.9823464751243591],"EasingStyle":"Linear","EasingDirection":"Out"},"Torso":{"Weight":1,"CFrame":[-0.03476976975798607,-0.020792286843061448,-0.5606179237365723,0.9674320816993713,-0.24402306973934174,-0.06728959083557129,0.24330706894397736,0.9697678089141846,-0.018764203414320947,0.06983418017625809,0.0017810596618801356,0.9975570440292358],"EasingStyle":"Linear","EasingDirection":"Out"},"HumanoidRootPart":{"Weight":0,"CFrame":[0,0,0,1,0,0,0,1,0,0,0,1],"EasingStyle":"Linear","EasingDirection":"In"},"Head":{"Weight":1,"CFrame":[1.2665987014770509e-7,6.05359673500061e-9,-5.960464477539063e-8,0.9432893991470337,0.205245241522789,0.26092037558555605,-0.1792764663696289,0.9764560461044312,-0.11997295171022415,-0.27940115332603457,0.06639233976602555,0.9578763246536255],"EasingStyle":"Linear","EasingDirection":"Out"}}},{"Time":0.2666666805744171,"poses":{"Left Leg":{"Weight":1,"CFrame":[-1.0946699380874634,0.17712777853012086,-0.10614824295043946,0.7824704647064209,-0.49657106399536135,-0.37570908665657046,0.5374546647071838,0.8432791233062744,0.004776070360094309,0.31445592641830447,-0.20566371083259583,0.9267253279685974],"EasingStyle":"Linear","EasingDirection":"Out"},"Right Arm":{"Weight":1,"CFrame":[0.6352627873420715,-0.24272704124450684,-0.19276130199432374,-0.012615988962352276,0.7756104469299316,0.6310858726501465,-0.0009502336615696549,-0.6311450004577637,0.7756641507148743,0.9999199509620667,0.009186135604977608,0.008699689991772175],"EasingStyle":"Linear","EasingDirection":"Out"},"Left Arm":{"Weight":1,"CFrame":[0.36817672848701479,-0.1962611973285675,-0.16993433237075807,0.4370725154876709,-0.14400260150432588,0.8878236413002014,0.10892659425735474,0.9883092045783997,0.10667692869901657,-0.8928060531616211,0.050082042813301089,0.4476484954357147],"EasingStyle":"Linear","EasingDirection":"Out"},"Right Leg":{"Weight":1,"CFrame":[1.123531460762024,0.31774139404296877,-0.07327616214752197,0.8330027461051941,0.5310845971107483,0.1550993025302887,-0.5495801568031311,0.8265877962112427,0.12130185216665268,-0.06378164142370224,-0.18628422915935517,0.9804233908653259],"EasingStyle":"Linear","EasingDirection":"Out"},"Torso":{"Weight":1,"CFrame":[-0.03268962353467941,-0.02242484875023365,-0.5540928840637207,0.968322217464447,-0.24084244668483735,-0.06593170017004013,0.23984745144844056,0.9705444574356079,-0.022730544209480287,0.06946413218975067,0.00619693985208869,0.9975652098655701],"EasingStyle":"Linear","EasingDirection":"Out"},"HumanoidRootPart":{"Weight":0,"CFrame":[0,0,0,1,0,0,0,1,0,0,0,1],"EasingStyle":"Linear","EasingDirection":"In"},"Head":{"Weight":1,"CFrame":[1.3969838619232179e-7,-1.1641532182693482e-10,-1.1920928955078126e-7,0.9433984756469727,0.20214977860450746,0.2629348933696747,-0.17879119515419007,0.9776983857154846,-0.11017999053001404,-0.279343843460083,0.056933190673589709,0.9585017561912537],"EasingStyle":"Linear","EasingDirection":"Out"}}},{"Time":0.28333333134651186,"poses":{"Left Leg":{"Weight":1,"CFrame":[-1.0879679918289185,0.16842830181121827,-0.09776443243026734,0.7860301733016968,-0.4919666051864624,-0.3743329346179962,0.5315201282501221,0.8470408916473389,0.0028715862426906826,0.31566256284713747,-0.20122264325618745,0.9272899031639099],"EasingStyle":"Linear","EasingDirection":"Out"},"Right Arm":{"Weight":1,"CFrame":[0.6141096353530884,-0.25371307134628298,-0.18361079692840577,-0.01207299530506134,0.7506530284881592,0.6605863571166992,0.00981195829808712,-0.6605137586593628,0.7507498264312744,0.999879002571106,0.015545416623353958,0.0006089657545089722],"EasingStyle":"Linear","EasingDirection":"Out"},"Left Arm":{"Weight":1,"CFrame":[0.3694649040699005,-0.19926071166992188,-0.17497533559799195,0.43673938512802126,-0.14546605944633485,0.8877490162849426,0.1080375537276268,0.9881784319877625,0.10877195745706558,-0.89307701587677,0.0484052449464798,0.4472922384738922],"EasingStyle":"Linear","EasingDirection":"Out"},"Right Leg":{"Weight":1,"CFrame":[1.1265838146209717,0.30520111322402956,-0.06914514303207398,0.8350843191146851,0.526824414730072,0.15839934349060059,-0.5457066893577576,0.8297069072723389,0.11743299663066864,-0.06955856084823609,-0.18450605869293214,0.9803668260574341],"EasingStyle":"Linear","EasingDirection":"Out"},"Torso":{"Weight":1,"CFrame":[-0.03014131635427475,-0.02459001913666725,-0.5379824638366699,0.9694150686264038,-0.23693187534809113,-0.06401323527097702,0.23571783304214478,0.9714735746383667,-0.02600417099893093,0.06834838539361954,0.01011977531015873,0.9976102113723755],"EasingStyle":"Linear","EasingDirection":"Out"},"HumanoidRootPart":{"Weight":0,"CFrame":[0,0,0,1,0,0,0,1,0,0,0,1],"EasingStyle":"Linear","EasingDirection":"In"},"Head":{"Weight":1,"CFrame":[1.30385160446167e-7,9.313225746154786e-10,0,0.9441173076629639,0.19812913239002229,0.26341474056243899,-0.17662256956100465,0.9788525700569153,-0.10320888459682465,-0.27829286456108096,0.05091630294919014,0.9591457843780518],"EasingStyle":"Linear","EasingDirection":"Out"}}},{"Time":0.30000001192092898,"poses":{"Left Leg":{"Weight":1,"CFrame":[-1.073135256767273,0.15586304664611817,-0.07575631141662598,0.7934094071388245,-0.4854273200035095,-0.3672355115413666,0.5215070843696594,0.8532460927963257,-0.0011445004492998124,0.31389787793159487,-0.190607950091362,0.9301272630691528],"EasingStyle":"Linear","EasingDirection":"Out"},"Right Arm":{"Weight":1,"CFrame":[0.5942822694778442,-0.2635268270969391,-0.17460256814956666,-0.015226873569190503,0.7283235788345337,0.6850641965866089,0.018391072750091554,-0.6848236918449402,0.7284767031669617,0.9997149109840393,0.02369152195751667,-0.00296686589717865],"EasingStyle":"Linear","EasingDirection":"Out"},"Left Arm":{"Weight":1,"CFrame":[0.3707902431488037,-0.20220234990119935,-0.1801019310951233,0.4362837076187134,-0.14688865840435029,0.887738823890686,0.10747303813695908,0.9880297780036926,0.11066504567861557,-0.8933678269386292,0.0471266508102417,0.4468478262424469],"EasingStyle":"Linear","EasingDirection":"Out"},"Right Leg":{"Weight":1,"CFrame":[1.107650637626648,0.29675060510635378,-0.048127949237823489,0.8440223336219788,0.5158882737159729,0.14657960832118989,-0.5325132608413696,0.8385974168777466,0.11482147127389908,-0.06368624418973923,-0.17496748268604279,0.9825122952461243],"EasingStyle":"Linear","EasingDirection":"Out"},"Torso":{"Weight":1,"CFrame":[-0.027159133926033975,-0.027551734820008279,-0.5137743949890137,0.9705445170402527,-0.2328406423330307,-0.06187594309449196,0.2314446121454239,0.972417414188385,-0.028944626450538636,0.06690873205661774,0.013771196827292443,0.9976640343666077],"EasingStyle":"Linear","EasingDirection":"Out"},"HumanoidRootPart":{"Weight":0,"CFrame":[0,0,0,1,0,0,0,1,0,0,0,1],"EasingStyle":"Linear","EasingDirection":"In"},"Head":{"Weight":1,"CFrame":[1.6111880540847779e-7,1.862645149230957e-9,-5.960464477539063e-8,0.9451926946640015,0.19381804764270783,0.26276475191116335,-0.1732543408870697,0.9798357486724854,-0.09952273219823837,-0.27675560116767886,0.04854302108287811,0.9597134590148926],"EasingStyle":"Linear","EasingDirection":"Out"}}},{"Time":0.3166666626930237,"poses":{"Left Leg":{"Weight":1,"CFrame":[-1.0537784099578858,0.14081627130508424,-0.03994405269622803,0.8027636408805847,-0.47762566804885867,-0.35699355602264407,0.5079542398452759,0.8613241910934448,-0.010149350389838219,0.31233471632003786,-0.17318888008594514,0.9340516924858093],"EasingStyle":"Linear","EasingDirection":"Out"},"Right Arm":{"Weight":1,"CFrame":[0.577735960483551,-0.2735437750816345,-0.165821373462677,-0.02065468765795231,0.7090713381767273,0.7048341631889343,0.025903353467583658,-0.7043683528900147,0.7093617916107178,0.9994510412216187,0.03290925920009613,-0.003818742698058486],"EasingStyle":"Linear","EasingDirection":"Out"},"Lef