{"Sequence":[{"Time":0,"poses":{"Left Leg":{"Weight":1,"CFrame":[-0.3883568048477173,0.42071986198425295,0.20278966426849366,0.9486742615699768,0.0038482798263430597,0.3162316381931305,-0.006410831119865179,0.9999545812606812,0.0070632630959153179,-0.31619012355804446,-0.008727990090847016,0.9486557245254517],"EasingStyle":"Constant","EasingDirection":"In"},"Right Arm":{"Weight":1,"CFrame":[0.272260457277298,-0.12135934829711914,0.24482405185699464,-0.044169604778289798,-0.9495071172714233,-0.3106207251548767,0.6693834066390991,-0.25893595814704897,0.6963320374488831,-0.7416030168533325,-0.17716772854328156,0.6470213532447815],"EasingStyle":"Constant","EasingDirection":"In"},"Head":{"Weight":1,"CFrame":[8.707866072654724e-8,-3.824061423074454e-8,4.76837158203125e-7,0.9999998807907105,-0.00007962113159010187,-0.0005556090036407113,0.000026262132450938226,0.9954406023025513,-0.0953836515545845,0.0005606697523035109,0.09538362175226212,0.9954404234886169],"EasingStyle":"Constant","EasingDirection":"In"},"Right Leg":{"Weight":1,"CFrame":[0.33781352639198305,0.06846868991851807,0.10890614986419678,0.920516848564148,0.29695624113082888,-0.25390100479125979,-0.2818682789802551,0.9547626972198486,0.09475474059581757,0.2705532908439636,-0.01565670408308506,0.962577760219574],"EasingStyle":"Constant","EasingDirection":"In"},"Torso":{"Weight":1,"CFrame":[0.0013900939375162125,0.26095765829086306,-0.11748266220092774,0.9999250173568726,-0.012217293493449688,0.0008516670786775649,0.011999695561826229,0.9912691116333008,0.1313071995973587,-0.002448449609801173,-0.1312871277332306,0.9913413524627686],"EasingStyle":"Constant","EasingDirection":"In"},"HumanoidRootPart":{"Weight":0,"CFrame":[0,0,0,1,0,0,0,1,0,0,0,1],"EasingStyle":"Linear","EasingDirection":"In"},"Left Arm":{"Weight":1,"CFrame":[-0.2584701478481293,-0.11948055028915405,0.21665441989898683,-0.08737818896770477,0.9752051830291748,0.2033223658800125,-0.6030590534210205,-0.21423710882663728,0.7683894038200378,0.7928965091705322,-0.055474936962127689,0.6068259477615356],"EasingStyle":"Constant","EasingDirection":"In"}}},{"Time":0.03333333507180214,"poses":{"Left Leg":{"Weight":1,"CFrame":[-0.3883568048477173,0.42071986198425295,0.20278966426849366,0.9486742615699768,0.0038482798263430597,0.3162316381931305,-0.006410831119865179,0.9999545812606812,0.0070632630959153179,-0.31619012355804446,-0.008727990090847016,0.9486557245254517],"EasingStyle":"Constant","EasingDirection":"In"},"Right Arm":{"Weight":1,"CFrame":[0.272260457277298,-0.12135934829711914,0.24482405185699464,-0.044169604778289798,-0.9495071172714233,-0.3106207251548767,0.6693834066390991,-0.25893595814704897,0.6963320374488831,-0.7416030168533325,-0.17716772854328156,0.6470213532447815],"EasingStyle":"Constant","EasingDirection":"In"},"Head":{"Weight":1,"CFrame":[8.707866072654724e-8,-3.824061423074454e-8,4.76837158203125e-7,0.9999998807907105,-0.00007962113159010187,-0.0005556090036407113,0.000026262132450938226,0.9954406023025513,-0.0953836515545845,0.0005606697523035109,0.09538362175226212,0.9954404234886169],"EasingStyle":"Constant","EasingDirection":"In"},"Right Leg":{"Weight":1,"CFrame":[0.33781352639198305,0.06846868991851807,0.10890614986419678,0.920516848564148,0.29695624113082888,-0.25390100479125979,-0.2818682789802551,0.9547626972198486,0.09475474059581757,0.2705532908439636,-0.01565670408308506,0.962577760219574],"EasingStyle":"Constant","EasingDirection":"In"},"Torso":{"Weight":1,"CFrame":[0.0013900939375162125,0.26095765829086306,-0.11748266220092774,0.9999250173568726,-0.012217293493449688,0.0008516670786775649,0.011999695561826229,0.9912691116333008,0.1313071995973587,-0.002448449609801173,-0.1312871277332306,0.9913413524627686],"EasingStyle":"Constant","EasingDirection":"In"},"HumanoidRootPart":{"Weight":0,"CFrame":[0,0,0,1,0,0,0,1,0,0,0,1],"EasingStyle":"Linear","EasingDirection":"In"},"Left Arm":{"Weight":1,"CFrame":[-0.2584701478481293,-0.11948055028915405,0.21665441989898683,-0.08737818896770477,0.9752051830291748,0.2033223658800125,-0.6030590534210205,-0.21423710882663728,0.7683894038200378,0.7928965091705322,-0.055474936962127689,0.6068259477615356],"EasingStyle":"Constant","EasingDirection":"In"}}},{"Time":0.06666667014360428,"poses":{"Left Leg":{"Weight":1,"CFrame":[-0.3883568048477173,0.42071986198425295,0.20278966426849366,0.9486742615699768,0.0038482798263430597,0.3162316381931305,-0.006410831119865179,0.9999545812606812,0.0070632630959153179,-0.31619012355804446,-0.008727990090847016,0.9486557245254517],"EasingStyle":"Constant","EasingDirection":"In"},"Right Arm":{"Weight":1,"CFrame":[0.272260457277298,-0.12135934829711914,0.24482405185699464,-0.044169604778289798,-0.9495071172714233,-0.3106207251548767,0.6693834066390991,-0.25893595814704897,0.6963320374488831,-0.7416030168533325,-0.17716772854328156,0.6470213532447815],"EasingStyle":"Constant","EasingDirection":"In"},"Head":{"Weight":1,"CFrame":[8.707866072654724e-8,-3.824061423074454e-8,4.76837158203125e-7,0.9999998807907105,-0.00007962113159010187,-0.0005556090036407113,0.000026262132450938226,0.9954406023025513,-0.0953836515545845,0.0005606697523035109,0.09538362175226212,0.9954404234886169],"EasingStyle":"Constant","EasingDirection":"In"},"Right Leg":{"Weight":1,"CFrame":[0.33781352639198305,0.06846868991851807,0.10890614986419678,0.920516848564148,0.29695624113082888,-0.25390100479125979,-0.2818682789802551,0.9547626972198486,0.09475474059581757,0.2705532908439636,-0.01565670408308506,0.962577760219574],"EasingStyle":"Constant","EasingDirection":"In"},"Torso":{"Weight":1,"CFrame":[0.0013900939375162125,0.26095765829086306,-0.11748266220092774,0.9999250173568726,-0.012217293493449688,0.0008516670786775649,0.011999695561826229,0.9912691116333008,0.1313071995973587,-0.002448449609801173,-0.1312871277332306,0.9913413524627686],"EasingStyle":"Constant","EasingDirection":"In"},"HumanoidRootPart":{"Weight":0,"CFrame":[0,0,0,1,0,0,0,1,0,0,0,1],"EasingStyle":"Linear","EasingDirection":"In"},"Left Arm":{"Weight":1,"CFrame":[-0.2584701478481293,-0.11948055028915405,0.21665441989898683,-0.08737818896770477,0.9752051830291748,0.2033223658800125,-0.6030590534210205,-0.21423710882663728,0.7683894038200378,0.7928965091705322,-0.055474936962127689,0.6068259477615356],"EasingStyle":"Constant","EasingDirection":"In"}}},{"Time":0.10000000149011612,"poses":{"Left Leg":{"Weight":1,"CFrame":[-0.3883568048477173,0.42071986198425295,0.20278966426849366,0.9486742615699768,0.0038482798263430597,0.3162316381931305,-0.006410831119865179,0.9999545812606812,0.0070632630959153179,-0.31619012355804446,-0.008727990090847016,0.9486557245254517],"EasingStyle":"Constant","EasingDirection":"In"},"Right Arm":{"Weight":1,"CFrame":[0.272260457277298,-0.12135934829711914,0.24482405185699464,-0.044169604778289798,-0.9495071172714233,-0.3106207251548767,0.6693834066390991,-0.25893595814704897,0.6963320374488831,-0.7416030168533325,-0.17716772854328156,0.6470213532447815],"EasingStyle":"Constant","EasingDirection":"In"},"Head":{"Weight":1,"CFrame":[8.707866072654724e-8,-3.824061423074454e-8,4.76837158203125e-7,0.9999998807907105,-0.00007962113159010187,-0.0005556090036407113,0.000026262132450938226,0.9954406023025513,-0.0953836515545845,0.0005606697523035109,0.09538362175226212,0.9954404234886169],"EasingStyle":"Constant","EasingDirection":"In"},"Right Leg":{"Weight":1,"CFrame":[0.33781352639198305,0.06846868991851807,0.10890614986419678,0.920516848564148,0.29695624113082888,-0.25390100479125979,-0.2818682789802551,0.9547626972198486,0.09475474059581757,0.2705532908439636,-0.01565670408308506,0.962577760219574],"EasingStyle":"Constant","EasingDirection":"In"},"Torso":{"Weight":1,"CFrame":[0.0013900939375162125,0.26095765829086306,-0.11748266220092774,0.9999250173568726,-0.012217293493449688,0.0008516670786775649,0.011999695561826229,0.9912691116333008,0.1313071995973587,-0.002448449609801173,-0.1312871277332306,0.9913413524627686],"EasingStyle":"Constant","EasingDirection":"In"},"HumanoidRootPart":{"Weight":0,"CFrame":[0,0,0,1,0,0,0,1,0,0,0,1],"EasingStyle":"Linear","EasingDirection":"In"},"Left Arm":{"Weight":1,"CFrame":[-0.2584701478481293,-0.11948055028915405,0.21665441989898683,-0.08737818896770477,0.9752051830291748,0.2033223658800125,-0.6030590534210205,-0.21423710882663728,0.7683894038200378,0.7928965091705322,-0.055474936962127689,0.6068259477615356],"EasingStyle":"Constant","EasingDirection":"In"}}},{"Time":0.13333334028720857,"poses":{"Left Leg":{"Weight":1,"CFrame":[-0.5793943405151367,0.6194860339164734,0.08879482746124268,0.9446911215782166,-0.208848237991333,0.25286582112312319,0.15276667475700379,0.9624907970428467,0.22421836853027345,-0.29020851850509646,-0.17318765819072724,0.941161572933197],"EasingStyle":"Constant","EasingDirection":"In"},"Right Arm":{"Weight":1,"CFrame":[0.24529772996902467,0.11086726188659668,0.37051141262054446,0.23000288009643556,-0.22475729882717133,-0.9468806385993958,0.9640111923217773,0.1859336644411087,0.19002963602542878,0.13334634900093079,-0.9565107226371765,0.2594338655471802],"EasingStyle":"Constant","EasingDirection":"In"},"Head":{"Weight":1,"CFrame":[1.1175870895385742e-7,4.470348358154297e-8,-2.980232238769531e-7,0.9076128602027893,0.4197581112384796,0.006482441909611225,-0.4190540015697479,0.9049492478370667,0.07389646768569946,0.02515234425663948,-0.06978585571050644,0.9972449541091919],"EasingStyle":"Constant","EasingDirection":"In"},"Right Leg":{"Weight":1,"CFrame":[0.09211816638708115,0.567943811416626,0.4263162612915039,0.6764225363731384,-0.1286860555410385,-0.7251843214035034,0.16654400527477265,0.985839307308197,-0.019594475626945497,0.7174369096755981,-0.10752101987600327,0.6882758736610413],"EasingStyle":"Constant","EasingDirection":"In"},"Torso":{"Weight":1,"CFrame":[0.10085266828536987,0.5771666765213013,-0.44123315811157229,0.890027642250061,-0.42611899971961977,0.16209083795547486,0.4231632947921753,0.904436469078064,0.054108135402202609,-0.16965734958648683,0.020433152094483377,0.9852912425994873],"EasingStyle":"Constant","EasingDirection":"In"},"HumanoidRootPart":{"Weight":0,"CFrame":[0,0,0,1,0,0,0,1,0,0,0,1],"EasingStyle":"Linear","EasingDirection":"In"},"Left Arm":{"Weight":1,"CFrame":[-0.21550698578357697,0.1896926760673523,0.3785889148712158,0.07623142004013062,0.026829350739717485,0.9967291355133057,-0.9626224040985107,0.26254263520240786,0.06655590981245041,-0.25989830493927,-0.9645473957061768,0.045840684324502948],"EasingStyle":"Constant","EasingDirection":"In"}}},{"Time":0.1666666716337204,"poses":{"Left Leg":{"Weight":1,"CFrame":[-0.5793943405151367,0.6194860339164734,0.08879482746124268,0.9446911215782166,-0.208848237991333,0.25286582112312319,0.15276667475700379,0.9624907970428467,0.22421836853027345,-0.29020851850509646,-0.17318765819072724,0.941161572933197],"EasingStyle":"Constant","EasingDirection":"In"},"Right Arm":{"Weight":1,"CFrame":[0.24529772996902467,0.11086726188659668,0.37051141262054446,0.23000288009643556,-0.22475729882717133,-0.9468806385993958,0.9640111923217773,0.1859336644411087,0.19002963602542878,0.13334634900093079,-0.9565107226371765,0.2594338655471802],"EasingStyle":"Constant","EasingDirection":"In"},"Head":{"Weight":1,"CFrame":[1.1175870895385742e-7,4.470348358154297e-8,-2.980232238769531e-7,0.9076128602027893,0.4197581112384796,0.006482441909611225,-0.4190540015697479,0.9049492478370667,0.07389646768569946,0.02515234425663948,-0.06978585571050644,0.9972449541091919],"EasingStyle":"Constant","EasingDirection":"In"},"Right Leg":{"Weight":1,"CFrame":[0.09211816638708115,0.567943811416626,0.4263162612915039,0.6764225363731384,-0.1286860555410385,-0.7251843214035034,0.16654400527477265,0.985839307308197,-0.019594475626945497,0.7174369096755981,-0.10752101987600327,0.6882758736610413],"EasingStyle":"Constant","EasingDirection":"In"},"Torso":{"Weight":1,"CFrame":[0.10085266828536987,0.5771666765213013,-0.44123315811157229,0.890027642250061,-0.42611899971961977,0.16209083795547486,0.4231632947921753,0.904436469078064,0.054108135402202609,-0.16965734958648683,0.020433152094483377,0.9852912425994873],"EasingStyle":"Constant","EasingDirection":"In"},"HumanoidRootPart":{"Weight":0,"CFrame":[0,0,0,1,0,0,0,1,0,0,0,1],"EasingStyle":"Linear","EasingDirection":"In"},"Left Arm":{"Weight":1,"CFrame":[-0.21550698578357697,0.1896926760673523,0.3785889148712158,0.07623142004013062,0.026829350739717485,0.9967291355133057,-0.9626224040985107,0.26254263520240786,0.06655590981245041,-0.25989830493927,-0.9645473957061768,0.045840684324502948],"EasingStyle":"Constant","EasingDirection":"In"}}},{"Time":0.20000000298023225,"poses":{"Left Leg":{"Weight":1,"CFrame":[-0.5793943405151367,0.6194860339164734,0.08879482746124268,0.9446911215782166,-0.208848237991333,0.25286582112312319,0.15276667475700379,0.9624907970428467,0.22421836853027345,-0.29020851850509646,-0.17318765819072724,0.941161572933197],"EasingStyle":"Constant","EasingDirection":"In"},"Right Arm":{"Weight":1,"CFrame":[0.24529772996902467,0.11086726188659668,0.37051141262054446,0.23000288009643556,-0.22475729882717133,-0.9468806385993958,0.9640111923217773,0.1859336644411087,0.19002963602542878,0.13334634900093079,-0.9565107226371765,0.2594338655471802],"EasingStyle":"Constant","EasingDirection":"In"},"Head":{"Weight":1,"CFrame":[1.1175870895385742e-7,4.470348358154297e-8,-2.980232238769531e-7,0.9076128602027893,0.4197581112384796,0.006482441909611225,-0.4190540015697479,0.9049492478370667,0.07389646768569946,0.02515234425663948,-0.06978585571050644,0.9972449541091919],"EasingStyle":"Constant","EasingDirection":"In"},"Right Leg":{"Weight":1,"CFrame":[0.09211816638708115,0.567943811416626,0.4263162612915039,0.6764225363731384,-0.1286860555410385,-0.7251843214035034,0.16654400527477265,0.985839307308197,-0.019594475626945497,0.7174369096755981,-0.10752101987600327,0.6882758736610413],"EasingStyle":"Constant","EasingDirection":"In"},"Torso":{"Weight":1,"CFrame":[0.10085266828536987,0.5771666765213013,-0.44123315811157229,0.890027642250061,-0.42611899971961977,0.16209083795547486,0.4231632947921753,0.904436469078064,0.054108135402202609,-0.16965734958648683,0.020433152094483377,0.9852912425994873],"EasingStyle":"Constant","EasingDirection":"In"},"HumanoidRootPart":{"Weight":0,"CFrame":[0,0,0,1,0,0,0,1,0,0,0,1],"EasingStyle":"Linear","EasingDirection":"In"},"Left Arm":{"Weight":1,"CFrame":[-0.21550698578357697,0.1896926760673523,0.3785889148712158,0.07623142004013062,0.026829350739717485,0.9967291355133057,-0.9626224040985107,0.26254263520240786,0.06655590981245041,-0.25989830493927,-0.9645473957061768,0.045840684324502948],"EasingStyle":"Constant","EasingDirection":"In"}}},{"Time":0.23333333432674409,"poses":{"Left Leg":{"Weight":1,"CFrame":[-0.5605638027191162,0.5968353748321533,0.09622037410736084,0.9495355486869812,-0.18454666435718537,0.25362327694892886,0.13182945549488069,0.9685168266296387,0.21117813885211945,-0.284610778093338,-0.16708610951900483,0.9439698457717896],"EasingStyle":"Constant","EasingDirection":"In"},"Right Arm":{"Weight":1,"CFrame":[0.24529771506786347,0.11086726188659668,0.3705112934112549,0.21430838108062745,-0.22150078415870667,-0.951319694519043,0.9621310830116272,0.21583540737628938,0.16648980975151063,0.1684507578611374,-0.9509745240211487,0.25936827063560488],"EasingStyle":"Constant","EasingDirection":"In"},"Head":{"Weight":1,"CFrame":[1.1920928955078126e-7,0,-1.7881393432617188e-7,0.908932089805603,0.4169357120990753,0.0026921704411506654,-0.41611650586128237,0.9067016243934631,0.06884224712848664,0.026261789724230768,-0.06369318813085556,0.9976239204406738],"EasingStyle":"Constant","EasingDirection":"In"},"Right Leg":{"Weight":1,"CFrame":[0.08684869855642319,0.519018292427063,0.4252406358718872,0.6747332215309143,-0.13183167576789857,-0.7261924743652344,0.16479797661304475,0.9859879016876221,-0.025874368846416475,0.7194281220436096,-0.10221675783395767,0.6870045065879822],"EasingStyle":"Constant","EasingDirection":"In"},"Torso":{"Weight":1,"CFrame":[0.10169139504432678,0.5645625591278076,-0.41399192810058596,0.8898522853851318,-0.42608505487442019,0.16313926875591279,0.42582446336746218,0.9039925932884216,0.038352929055690768,-0.16381828486919404,0.03534024581313133,0.9858573079109192],"EasingStyle":"Constant","EasingDirection":"In"},"HumanoidRootPart":{"Weight":0,"CFrame":[0,0,0,1,0,0,0,1,0,0,0,1],"EasingStyle":"Linear","EasingDirection":"In"},"Left Arm":{"Weight":1,"CFrame":[-0.2162233293056488,0.18751931190490724,0.38530659675598147,0.045891184359788898,0.04792993515729904,0.9977959990501404,-0.9490289688110352,0.31389158964157107,0.028570223599672319,-0.3118303716182709,-0.9482482671737671,0.05989174172282219],"EasingStyle":"Constant","EasingDirection":"In"}}},{"Time":0.2666666805744171,"poses":{"Left Leg":{"Weight":1,"CFrame":[-0.5605638027191162,0.5968353748321533,0.09622037410736084,0.9495355486869812,-0.18454666435718537,0.25362327694892886,0.13182945549488069,0.9685168266296387,0.21117813885211945,-0.284610778093338,-0.16708610951900483,0.9439698457717896],"EasingStyle":"Constant","EasingDirection":"In"},"Right Arm":{"Weight":1,"CFrame":[0.24529771506786347,0.11086726188659668,0.3705112934112549,0.21430838108062745,-0.22150078415870667,-0.951319694519043,0.9621310830116272,0.21583540737628938,0.16648980975151063,0.1684507578611374,-0.9509745240211487,0.25936827063560488],"EasingStyle":"Constant","EasingDirection":"In"},"Head":{"Weight":1,"CFrame":[1.1920928955078126e-7,0,-1.7881393432617188e-7,0.908932089805603,0.4169357120990753,0.0026921704411506654,-0.41611650586128237,0.9067016243934631,0.06884224712848664,0.026261789724230768,-0.06369318813085556,0.9976239204406738],"EasingStyle":"Constant","EasingDirection":"In"},"Right Leg":{"Weight":1,"CFrame":[0.08684869855642319,0.519018292427063,0.4252406358718872,0.6747332215309143,-0.13183167576789857,-0.7261924743652344,0.16479797661304475,0.9859879016876221,-0.025874368846416475,0.7194281220436096,-0.10221675783395767,0.6870045065879822],"EasingStyle":"Constant","EasingDirection":"In"},"Torso":{"Weight":1,"CFrame":[0.10169139504432678,0.5645625591278076,-0.41399192810058596,0.8898522853851318,-0.42608505487442019,0.16313926875591279,0.42582446336746218,0.9039925932884216,0.038352929055690768,-0.16381828486919404,0.03534024581313133,0.9858573079109192],"EasingStyle":"Constant","EasingDirection":"In"},"HumanoidRootPart":{"Weight":0,"CFrame":[0,0,0,1,0,0,0,1,0,0,0,1],"EasingStyle":"Linear","EasingDirection":"In"},"Left Arm":{"Weight":1,"CFrame":[-0.2162233293056488,0.18751931190490724,0.38530659675598147,0.045891184359788898,0.04792993515729904,0.9977959990501404,-0.9490289688110352,0.31389158964157107,0.028570223599672319,-0.3118303716182709,-0.9482482671737671,0.05989174172282219],"EasingStyle":"Constant","EasingDirection":"In"}}},{"Time":0.30000001192092898,"poses":{"Left Leg":{"Weight":1,"CFrame":[-0.5546835660934448,0.5818638801574707,0.09934985637664795,0.9503918886184692,-0.1800866574048996,0.25362181663513186,0.12812072038650514,0.9696192741394043,0.20838339626789094,-0.2834436595439911,-0.16555170714855195,0.9445911049842835],"EasingStyle":"Constant","EasingDirection":"In"},"Right Arm":{"Weight":1,"CFrame":[0.24529780447483064,0.110867440700531,0.37051141262054446,0.20938043296337129,-0.22733767330646516,-0.9510401487350464,0.9616995453834534,0.22382943332195283,0.1582227647304535,0.1769007295370102,-0.9477436542510986,0.26549601554870608],"EasingStyle":"Constant","EasingDirection":"In"},"Head":{"Weight":1,"CFrame":[1.2665987014770509e-7,2.9802322387695315e-8,-1.1920928955078126e-7,0.9095460176467896,0.4155508875846863,-0.0066026346758008,-0.41475048661231997,0.9085823893547058,0.049599528312683108,0.026610160246491433,-0.04237459599971771,0.9987474679946899],"EasingStyle":"Constant","EasingDirection":"In"},"Right Leg":{"Weight":1,"CFrame":[0.14487507939338685,0.5144346952438355,0.4543355703353882,0.6910178661346436,-0.03458145260810852,-0.7220099568367004,0.061375729739665988,0.9980548620223999,0.010938327759504319,0.7202273607254028,-0.05187254399061203,0.6917962431907654],"EasingStyle":"Constant","EasingDirection":"In"},"Torso":{"Weight":1,"CFrame":[0.10085266828536987,0.5634981989860535,-0.3992612361907959,0.8900277614593506,-0.426118940114975,0.16209086775779725,0.4260403513908386,0.9039463400840759,0.037022482603788379,-0.16229742765426637,0.03610619530081749,0.9860811829566956],"EasingStyle":"Constant","EasingDirection":"In"},"HumanoidRootPart":{"Weight":0,"CFrame":[0,0,0,1,0,0,0,1,0,0,0,1],"EasingStyle":"Linear","EasingDirection":"In"},"Left Arm":{"Weight":1,"CFrame":[-0.21661245822906495,0.17963016033172608,0.3857661485671997,0.034603301435709,0.0661216452717781,0.9972113966941834,-0.9440320134162903,0.3296738266944885,0.010898414999246598,-0.32803401350975039,-0.9417765736579895,0.07382883131504059],"EasingStyle":"Constant","EasingDirection":"In"}}},{"Time":0.3333333432674408,"poses":{"Left Leg":{"Weight":1,"CFrame":[-0.08553703129291535,0.20040225982666017,0.06093180179595947,0.9678148031234741,0.013165242038667202,0.2513188123703003,-0.06743190437555313,0.975680947303772,0.20856566727161408,-0.24246124923229218,-0.2187998741865158,0.9451662302017212],"EasingStyle":"Constant","EasingDirection":"In"},"Right Arm":{"Weight":1,"CFrame":[0.13955949246883393,-0.3008872866630554,0.2679779529571533,-0.2589815557003021,-0.31603726744651797,-0.9127151966094971,0.8995751738548279,-0.4230019152164459,-0.10878413170576096,-0.3517005145549774,-0.8492289185523987,0.39384913444519045],"EasingStyle":"Constant","EasingDirection":"In"},"Head":{"Weight":1,"CFrame":[1.9371509552001954e-7,-5.960464477539063e-8,-4.76837158203125e-7,0.9026255011558533,0.4206688106060028,-0.09113243967294693,-0.42410725355148318,0.905358076095581,-0.021443068981170656,0.0734870582818985,0.05800499767065048,0.9956079721450806],"EasingStyle":"Constant","EasingDirection":"In"},"Right Leg":{"Weight":1,"CFrame":[0.1260783076286316,0.3783726692199707,0.4309358596801758,0.6886534690856934,0.0024813495110720398,-0.7250863313674927,0.02795610949397087,0.9991597533226013,0.029970725998282434,0.7245514392852783,-0.04091010242700577,0.6880056262016296],"EasingStyle":"Constant","EasingDirection":"In"},"Torso":{"Weight":1,"CFrame":[0.08504354953765869,0.4276658892631531,-0.029058218002319337,0.8951513171195984,-0.42711973190307619,0.12756511569023133,0.42604029178619387,0.9039463400840759,0.03702247887849808,-0.1311250478029251,0.021207155659794809,0.9911389946937561],"EasingStyle":"Constant","EasingDirection":"In"},"HumanoidRootPart":{"Weight":0,"CFrame":[0,0,0,1,0,0,0,1,0,0,0,1],"EasingStyle":"Linear","EasingDirection":"In"},"Left Arm":{"Weight":1,"CFrame":[-0.07696034759283066,-0.3991600275039673,0.21591711044311524,-0.14961884915828706,0.07167425006628037,0.9861425161361694,-0.8630959987640381,-0.496044397354126,-0.09489678591489792,0.4823687672615051,-0.8653339147567749,0.13607944548130036],"EasingStyle":"Constant","EasingDirection":"In"}}},{"Time":0.36666667461395266,"poses":{"Left Leg":{"Weight":1,"CFrame":[-0.08553703129291535,0.20040225982666017,0.06093180179595947,0.9678148031234741,0.013165242038667202,0.2513188123703003,-0.06743190437555313,0.975680947303772,0.20856566727161408,-0.24246124923229218,-0.2187998741865158,0.9451662302017212],"EasingStyle":"Constant","EasingDirection":"In"},"Right Arm":{"Weight":1,"CFrame":[0.13955949246883393,-0.3008872866630554,0.2679779529571533,-0.2589815557003021,-0.31603726744651797,-0.9127151966094971,0.8995751738548279,-0.4230019152164459,-0.10878413170576096,-0.3517005145549774,-0.8492289185523987,0.39384913444519045],"EasingStyle":"Constant","EasingDirection":"In"},"Head":{"Weight":1,"CFrame":[1.9371509552001954e-7,-5.960464477539063e-8,-4.76837158203125e-7,0.9026255011558533,0.4206688106060028,-0.09113243967294693,-0.42410725355148318,0.905358076095581,-0.021443068981170656,0.0734870582818985,0.05800499767065048,0.9956079721450806],"EasingStyle":"Constant","EasingDirection":"In"},"Right Leg":{"Weight":1,"CFrame":[0.1260783076286316,0.3783726692199707,0.4309358596801758,0.6886534690856934,0.0024813495110720398,-0.7250863313674927,0.02795610949397087,0.9991597533226013,0.029970725998282434,0.7245514392852783,-0.04091010242700577,0.6880056262016296],"EasingStyle":"Constant","EasingDirection":"In"},"Torso":{"Weight":1,"CFrame":[0.08504354953765869,0.4276658892631531,-0.029058218002319337,0.8951513171195984,-0.42711973190307619,0.12756511569023133,0.42604029178619387,0.9039463400840759,0.03702247887849808,-0.1311250478029251,0.021207155659794809,0.9911389946937561],"EasingStyle":"Constant","EasingDirection":"In"},"HumanoidRootPart":{"Weight":0,"CFrame":[0,0,0,1,0,0,0,1,0,0,0,1],"EasingStyle":"Linear","EasingDirection":"In"},"Left Arm":{"Weight":1,"CFrame":[-0.07696034759283066,-0.3991600275039673,0.21591711044311524,-0.14961884915828706,0.07167425006628037,0.9861425161361694,-0.8630959987640381,-0.496044397354126,-0.09489678591489792,0.4823687672615051,-0.8653339147567749,0.13607944548130036],"EasingStyle":"Constant","EasingDirection":"In"}}},{"Time":0.4000000059604645,"poses":{"Left Leg":{"Weight":1,"CFrame":[-0.08553703129291535,0.20040225982666017,0.06093180179595947,0.9678148031234741,0.013165242038667202,0.2513188123703003,-0.06743190437555313,0.975680947303772,0.20856566727161408,-0.24246124923229218,-0.2187998741865158,0.9451662302017212],"EasingStyle":"Constant","EasingDirection":"In"},"Right Arm":{"Weight":1,"CFrame":[0.13955949246883393,-0.3008872866630554,0.2679779529571533,-0.2589815557003021,-0.31603726744651797,-0.9127151966094971,0.8995751738548279,-0.4230019152164459,-0.10878413170576096,-0.3517005145549774,-0.8492289185523987,0.39384913444519045],"EasingStyle":"Constant","EasingDirection":"In"},"Head":{"Weight":1,"CFrame":[1.9371509552001954e-7,-5.960464477539063e-8,-4.76837158203125e-7,0.9026255011558533,0.4206688106060028,-0.09113243967294693,-0.42410725355148318,0.905358076095581,-0.021443068981170656,0.0734870582818985,0.05800499767065048,0.9956079721450806],"EasingStyle":"Constant","EasingDirection":"In"},"Right Leg":{"Weight":1,"CFrame":[0.1260783076286316,0.3783726692199707,0.4309358596801758,0.6886534690856934,0.0024813495110720398,-0.7250863313674927,0.02795610949397087,0.9991597533226013,0.029970725998282434,0.7245514392852783,-0.04091010242700577,0.6880056262016296],"EasingStyle":"Constant","EasingDirection":"In"},"Torso":{"Weight":1,"CFrame":[0.08504354953765869,0.4276658892631531,-0.029058218002319337,0.8951513171195984,-0.42711973190307619,0.12756511569023133,0.42604029178619387,0.9039463400840759,0.03702247887849808,-0.1311250478029251,0.021207155659794809,0.9911389946937561],"EasingStyle":"Constant","EasingDirection":"In"},"HumanoidRootPart":{"Weight":0,"CFrame":[0,0,0,1,0,0,0,1,0,0,0,1],"EasingStyle":"Linear","EasingDirection":"In"},"Left Arm":{"Weight":1,"CFrame":[-0.07696034759283066,-0.3991600275039673,0.21591711044311524,-0.14961884915828706,0.07167425006628037,0.9861425161361694,-0.8630959987640381,-0.496044397354126,-0.09489678591489792,0.4823687672615051,-0.8653339147567749,0.13607944548130036],"EasingStyle":"Constant","EasingDirection":"In"}}},{"Time":0.4333333373069763,"poses":{"Left Leg":{"Weight":1,"CFrame":[-0.02657979726791382,0.2008289098739624,0.06629431247711182,0.9252481460571289,-0.12585285305976869,0.35787835717201235,0.03265705332159996,0.9662895798683167,0.25537827610969546,-0.3779541552066803,-0.22460108995437623,0.898167610168457],"EasingStyle":"Constant","EasingDirection":"In"},"Right Arm":{"Weight":1,"CFrame":[0.4616643786430359,-0.15413779020309449,0.2664055824279785,-0.26108357310295107,-0.9294827580451965,-0.26057079434394839,0.5727630257606506,-0.3664442002773285,0.7332538366317749,-0.7770315408706665,0.042195167392492297,0.6280459761619568],"EasingStyle":"Constant","EasingDirection":"In"},"Head":{"Weight":1,"CFrame":[1.1920928955078126e-7,0,-5.960464477539063e-8,0.954482913017273,0.28577467799186709,-0.08541267365217209,-0.2855532169342041,0.9582445025444031,0.015060247853398323,0.08615005761384964,0.010015120729804039,0.9962319135665894],"EasingStyle":"Constant","EasingDirection":"In"},"Right Leg":{"Weight":1,"CFrame":[0.3545472025871277,0.4205228090286255,0.4481416940689087,0.8136821985244751,0.12142089009284973,-0.5684875845909119,-0.09678211063146591,0.9925896525382996,0.0734778642654419,0.5731967091560364,-0.004768282640725374,0.8194040656089783],"EasingStyle":"Constant","EasingDirection":"In"},"Torso":{"Weight":1,"CFrame":[0.10263428092002869,0.3964907228946686,-0.015949010848999025,0.9404646754264832,-0.31595295667648318,0.12529994547367097,0.309141606092453,0.9483596086502075,0.07103192061185837,-0.14127217233181,-0.028067583218216897,0.9895728230476379],"EasingStyle":"Constant","EasingDirection":"In"},"HumanoidRootPart":{"Weight":0,"CFrame":[0,0,0,1,0,0,0,1,0,0,0,1],"EasingStyle":"Linear","EasingDirection":"In"},"Left Arm":{"Weight":1,"CFrame":[0.009992465376853943,-0.5616084933280945,0.2730522155761719,-0.06455238163471222,0.8985388875007629,0.43412089347839358,-0.6640465259552002,-0.36340734362602236,0.6534349322319031,0.7448994517326355,-0.2460957020521164,0.6201305389404297],"EasingStyle":"Constant","EasingDirection":"In"}}},{"Time":0.46666666865348818,"poses":{"Left Leg":{"Weight":1,"CFrame":[-0.02657979726791382,0.2008289098739624,0.06629431247711182,0.9252481460571289,-0.12585285305976869,0.35787835717201235,0.03265705332159996,0.9662895798683167,0.25537827610969546,-0.3779541552066803,-0.22460108995437623,0.898167610168457],"EasingStyle":"Constant","EasingDirection":"In"},"Right Arm":{"Weight":1,"CFrame":[0.4616643786430359,-0.15413779020309449,0.2664055824279785,-0.26108357310295107,-0.9294827580451965,-0.26057079434394839,0.5727630257606506,-0.3664442002773285,0.7332538366317749,-0.7770315408706665,0.042195167392492297,0.6280459761619568],"EasingStyle":"Constant","EasingDirection":"In"},"Head":{"Weight":1,"CFrame":[1.1920928955078126e-7,0,-5.960464477539063e-8,0.954482913017273,0.28577467799186709,-0.08541267365217209,-0.2855532169342041,0.9582445025444031,0.015060247853398323,0.08615005761384964,0.010015120729804039,0.9962319135665894],"EasingStyle":"Constant","EasingDirection":"In"},"Right Leg":{"Weight":1,"CFrame":[0.3545472025871277,0.4205228090286255,0.4481416940689087,0.8136821985244751,0.12142089009284973,-0.5684875845909119,-0.09678211063146591,0.9925896525382996,0.0734778642654419,0.5731967091560364,-0.004768282640725374,0.8194040656089783],"EasingStyle":"Constant","EasingDirection":"In"},"Torso":{"Weight":1,"CFrame":[0.10263428092002869,0.3964907228946686,-0.015949010848999025,0.9404646754264832,-0.31595295667648318,0.12529994547367097,0.309141606092453,0.9483596086502075,0.07103192061185837,-0.14127217233181,-0.028067583218216897,0.9895728230476379],"EasingStyle":"Constant","EasingDirection":"In"},"HumanoidRootPart":{"Weight":0,"CFrame":[0,0,0,1,0,0,0,1,0,0,0,1],"EasingStyle":"Linear","EasingDirection":"In"},"Left Arm":{"Weight":1,"CFrame":[0.009992465376853943,-0.5616084933280945,0.2730522155761719,-0.06455238163471222,0.8985388875007629,0.43412089347839358,-0.6640465259552002,-0.36340734362602236,0.6534349322319031,0.7448994517326355,-0.2460957020521164,0.6201305389404297],"EasingStyle":"Constant","EasingDirection":"In"}}},{"Time":0.5,"poses":{"Left Leg":{"Weight":1,"CFrame":[-0.3353579342365265,0.21557921171188355,0.3596290349960327,0.7239495515823364,-0.40765705704689028,0.5565185546875,0.45133447647094729,0.8899979591369629,0.06481453776359558,-0.5217224359512329,0.20425355434417725,0.8283032774925232],"EasingStyle":"Constant","EasingDirection":"In"},"Right Arm":{"Weight":1,"CFrame":[0.12848524749279023,-0.4680836498737335,0.1588435173034668,-0.0918855145573616,-0.8943512439727783,0.43782755732536318,0.800807774066925,0.19495728611946107,0.5663025975227356,-0.5918309688568115,0.4026505649089813,0.6982897520065308],"EasingStyle":"Constant","EasingDirection":"In"},"Head":{"Weight":1,"CFrame":[5.681067705154419e-8,-1.1548399925231934e-7,1.1920928955078126e-7,0.9982086420059204,0.04353798180818558,0.041037898510694507,-0.0512310154736042,0.9762726426124573,0.21039798855781556,-0.030903879553079606,-0.21212351322174073,0.9767540693283081],"EasingStyle":"Constant","EasingDirection":"In"},"Right Leg":{"Weight":1,"CFrame":[0.3708096444606781,0.5922397375106812,0.17824876308441163,0.9170829057693481,0.02179195173084736,-0.39810067415237429,-0.004567932337522507,0.9990139603614807,0.04416303336620331,0.39867061376571658,-0.038682691752910617,0.9162781834602356],"EasingStyle":"Constant","EasingDirection":"In"},"Torso":{"Weight":1,"CFrame":[-0.11033089458942414,0.21862566471099854,-0.463604211807251,0.9783651232719421,0.1824721395969391,-0.09749777615070343,-0.19578534364700318,0.9689048528671265,-0.15129946172237397,0.06685815006494522,0.167114719748497,0.9836679697036743],"EasingStyle":"Constant","EasingDirection":"In"},"HumanoidRootPart":{"Weight":0,"CFrame":[0,0,0,1,0,0,0,1,0,0,0,1],"EasingStyle":"Linear","EasingDirection":"In"},"Left Arm":{"Weight":1,"CFrame":[-0.34331417083740237,-0.5770716667175293,0.31675124168395998,-0.25756582617759707,0.8587146997451782,-0.44302254915237429,-0.6494303345680237,0.18564796447753907,0.7374110817909241,0.7154719829559326,0.4776441156864166,0.5098587274551392],"EasingStyle":"Constant","EasingDirection":"In"}}},{"Time":0.5333333611488342,"poses":{"Left Leg":{"Weight":1,"CFrame":[-0.3353579342365265,0.21557921171188355,0.3596290349960327,0.7239495515823364,-0.40765705704689028,0.5565185546875,0.45133447647094729,0.8899979591369629,0.06481453776359558,-0.5217224359512329,0.20425355434417725,0.8283032774925232],"EasingStyle":"Constant","EasingDirection":"In"},"Right Arm":{"Weight":1,"CFrame":[0.12848524749279023,-0.4680836498737335,0.1588435173034668,-0.0918855145573616,-0.8943512439727783,0.43782755732536318,0.800807774066925,0.19495728611946107,0.5663025975227356,-0.5918309688568115,0.4026505649089813,0.6982897520065308],"EasingStyle":"Constant","EasingDirection":"In"},"Head":{"Weight":1,"CFrame":[5.681067705154419e-8,-1.1548399925231934e-7,1.1920928955078126e-7,0.9982086420059204,0.04353798180818558,0.041037898510694507,-0.0512310154736042,0.9762726426124573,0.21039798855781556,-0.030903879553079606,-0.21212351322174073,0.9767540693283081],"EasingStyle":"Constant","EasingDirection":"In"},"Right Leg":{"Weight":1,"CFrame":[0.3708096444606781,0.5922397375106812,0.17824876308441163,0.9170829057693481,0.02179195173084736,-0.39810067415237429,-0.004567932337522507,0.9990139603614807,0.04416303336620331,0.39867061376571658,-0.038682691752910617,0.9162781834602356],"EasingStyle":"Constant","EasingDirection":"In"},"Torso":{"Weight":1,"CFrame":[-0.11033089458942414,0.21862566471099854,-0.463604211807251,0.9783651232719421,0.1824721395969391,-0.09749777615070343,-0.19578534364700318,0.9689048528671265,-0.15129946172237397,0.06685815006494522,0.167114719748497,0.9836679697036743],"EasingStyle":"Constant","EasingDirection":"In"},"HumanoidRootPart":{"Weight":0,"CFrame":[0,0,0,1,0,0,0,1,0,0,0,1],"EasingStyle":"Linear","EasingDirection":"In"},"Left Arm":{"Weight":1,"CFrame":[-0.34331417083740237,-0.5770716667175293,0.31675124168395998,-0.25756582617759707,0.8587146997451782,-0.44302254915237429,-0.6494303345680237,0.18564796447753907,0.7374110817909241,0.7154719829559326,0.4776441156864166,0.5098587274551392],"EasingStyle":"Constant","EasingDirection":"In"}}},{"Time":0.5666666626930237,"poses":{"Left Leg":{"Weight":1,"CFrame":[-0.3353579342365265,0.21557921171188355,0.3596290349960327,0.7239495515823364,-0.40765705704689028,0.5565185546875,0.45133447647094729,0.8899979591369629,0.06481453776359558,-0.5217224359512329,0.20425355434417725,0.8283032774925232],"EasingStyle":"Constant","EasingDirection":"In"},"Right Arm":{"Weight":1,"CFrame":[0.12848524749279023,-0.4680836498737335,0.1588435173034668,-0.0918855145573616,-0.8943512439727783,0.43782755732536318,0.800807774066925,0.19495728611946107,0.5663025975227356,-0.5918309688568115,0.4026505649089813,0.6982897520065308],"EasingStyle":"Constant","EasingDirection":"In"},"Head":{"Weight":1,"CFrame":[5.681067705154419e-8,-1.1548399925231934e-7,1.1920928955078126e-7,0.9982086420059204,0.04353798180818558,0.041037898510694507,-0.0512310154736042,0.9762726426124573,0.21039798855781556,-0.030903879553079606,-0.21212351322174073,0.9767540693283081],"EasingStyle":"Constant","EasingDirection":"In"},"Right Leg":{"Weight":1,"CFrame":[0.3708096444606781,0.5922397375106812,0.17824876308441163,0.9170829057693481,0.02179195173084736,-0.39810067415237429,-0.004567932337522507,0.9990139603614807,0.04416303336620331,0.39867061376571658,-0.038682691752910617,0.9162781834602356],"EasingStyle":"Constant","EasingDirection":"In"},"Torso":{"Weight":1,"CFrame":[-0.11033089458942414,0.21862566471099854,-0.463604211807251,0.9783651232719421,0.1824721395969391,-0.09749777615070343,-0.19578534364700318,0.9689048528671265,-0.15129946172237397,0.06685815006494522,0.167114719748497,0.9836679697036743],"EasingStyle":"Constant","EasingDirection":"In"},"HumanoidRootPart":{"Weight":0,"CFrame":[0,0,0,1,0,0,0,1,0,0,0,1],"EasingStyle":"Linear","EasingDirection":"In"},"Left Arm":{"Weight":1,"CFrame":[-0.34331417083740237,-0.5770716667175293,0.31675124168395998,-0.25756582617759707,0.8587146997451782,-0.44302254915237429,-0.6494303345680237,0.18564796447753907,0.7374110817909241,0.7154719829559326,0.4776441156864166,0.5098587274551392],"EasingStyle":"Constant","EasingDirection":"In"}}},{"Time":0.6000000238418579,"poses":{"Left Leg":{"Weight":1,"CFrame":[-0.13415537774562837,0.11836814880371094,0.11057901382446289,0.946707546710968,-0.0949084609746933,0.30779409408569338,0.08689956367015839,0.9954274892807007,0.03965640813112259,-0.31015047430992129,-0.010795827023684979,0.9506262540817261],"EasingStyle":"Constant","EasingDirection":"In"},"Right Arm":{"Weight":1,"CFrame":[0.1277686208486557,-0.46840718388557436,0.12316441535949707,-0.0926429033279419,-0.8919841647148132,0.44247210025787356,0.8605582118034363,0.15180468559265138,0.4862045645713806,-0.5008561015129089,0.4258163571357727,0.7535406351089478],"EasingStyle":"Constant","EasingDirection":"In"},"Head":{"Weight":1,"CFrame":[6.472691893577576e-8,-3.189779818058014e-8,0,0.999007523059845,0.04291354492306709,-0.01193333137780428,-0.04291858896613121,0.9990785717964172,-0.00016729417257010937,0.011915154755115509,0.0006792951026000083,0.9999287724494934],"EasingStyle":"Constant","EasingDirection":"In"},"Right Leg":{"Weight":1,"CFrame":[0.33678603172302248,0.14189666509628297,0.08011770248413086,0.978931188583374,0.010224569588899613,-0.20393434166908265,-0.006172928027808666,0.9997709393501282,0.020493878051638604,0.20409727096557618,-0.01880323700606823,0.9787700176239014],"EasingStyle":"Constant","EasingDirection":"In"},"Torso":{"Weight":1,"CFrame":[-0.058794211596250537,0.28585684299468996,-0.10905909538269043,0.9997572302818298,0.020077571272850038,-0.009073813445866108,-0.020456552505493165,0.9988305568695068,-0.043806757777929309,0.008183669298887253,0.04398173838853836,0.9989988207817078],"EasingStyle":"Constant","EasingDirection":"In"},"HumanoidRootPart":{"Weight":0,"CFrame":[0,0,0,1,0,0,0,1,0,0,0,1],"EasingStyle":"Linear","EasingDirection":"In"},"Left Arm":{"Weight":1,"CFrame":[-0.3346470892429352,-0.3719111680984497,0.3005911111831665,-0.25571033358573916,0.859404981136322,-0.4427587389945984,-0.6195675134658814,0.20588913559913636,0.7574601173400879,0.7421242594718933,0.4680092930793762,0.479811429977417],"EasingStyle":"Constant","EasingDirection":"In"}}},{"Time":0.6333333253860474,"poses":{"Left Leg":{"Weight":1,"CFrame":[-0.13415537774562837,0.11836814880371094,0.11057901382446289,0.946707546710968,-0.0949084609746933,0.30779409408569338,0.08689956367015839,0.9954274892807007,0.03965640813112259,-0.31015047430992129,-0.010795827023684979,0.9506262540817261],"EasingStyle":"Constant","EasingDirection":"In"},"Right Arm":{"Weight":1,"CFrame":[0.1277686208486557,-0.46840718388557436,0.12316441535949707,-0.0926429033279419,-0.8919841647148132,0.44247210025787356,0.860558211