{"Sequence":[{"Time":0,"poses":{"Left Leg":{"Weight":1,"CFrame":[-0.098159059882164,-0.0692148208618164,-0.011470615863800049,0.9890899658203125,0.058158427476882938,0.1353464275598526,-0.05747588351368904,0.9983069896697998,-0.008948378264904023,-0.13563767075538636,0.0010715874377638102,0.9907580018043518],"EasingStyle":"Constant","EasingDirection":"In"},"Right Arm":{"Weight":1,"CFrame":[0.007606685161590576,0.04690682888031006,0.09777730703353882,0.7105143070220947,-0.5042480230331421,0.4908182621002197,0.3657100796699524,0.8605095148086548,0.35465139150619509,-0.6011866927146912,-0.07248702645301819,0.7958135604858398],"EasingStyle":"Constant","EasingDirection":"In"},"Head":{"Weight":1,"CFrame":[-0.0000015497207641601563,-4.76837158203125e-7,-0.0000014901161193847657,0.998433530330658,0.04652104154229164,-0.031084103509783746,-0.053387075662612918,0.9583660960197449,-0.2805072069168091,0.016740407794713975,0.2817273736000061,0.959348738193512],"EasingStyle":"Constant","EasingDirection":"In"},"Right Leg":{"Weight":1,"CFrame":[0.30269473791122439,0.31127631664276125,0.10319188237190247,0.9618099927902222,0.07434090971946717,-0.2634293735027313,-0.06958794593811035,0.9972012042999268,0.027341216802597047,0.26472464203834536,-0.007965533062815667,0.9642912149429321],"EasingStyle":"Constant","EasingDirection":"In"},"Torso":{"Weight":1,"CFrame":[-3.5366974771022799e-7,4.4889748096466067e-7,0.35349634289741518,0.9985383749008179,-0.05404214560985565,0.0007211341289803386,0.05400802195072174,0.9972237348556519,-0.051263824105262759,0.00205126591026783,0.05122784525156021,0.9986849427223206],"EasingStyle":"Constant","EasingDirection":"In"},"HumanoidRootPart":{"Weight":0,"CFrame":[0,0,0,1,0,0,0,1,0,0,0,1],"EasingStyle":"Linear","EasingDirection":"In"},"Left Arm":{"Weight":1,"CFrame":[-0.02873307466506958,0.03432370722293854,0.11119547486305237,0.6231367588043213,0.4949614405632019,-0.6055683493614197,-0.3922762870788574,0.8676310777664185,0.3055045008659363,0.6766242980957031,0.047178857028484347,0.7348149418830872],"EasingStyle":"Constant","EasingDirection":"In"}}},{"Time":0.03333333507180214,"poses":{"Left Leg":{"Weight":1,"CFrame":[-0.3718429207801819,0.06679511070251465,-0.06989997625350952,0.9626752138137817,-0.1648159921169281,0.21469199657440186,0.1604417860507965,0.9863225221633911,0.03776773810386658,-0.21798022091388703,-0.0019125249236822129,0.9759514331817627],"EasingStyle":"Constant","EasingDirection":"In"},"Right Arm":{"Weight":1,"CFrame":[-0.00786900520324707,-0.14615565538406373,0.10075676441192627,0.27041465044021609,-0.8067143559455872,0.5254419445991516,0.47234266996383669,0.5867401957511902,0.6577444076538086,-0.8389101028442383,0.07032502442598343,0.5397090911865234],"EasingStyle":"Constant","EasingDirection":"In"},"Head":{"Weight":1,"CFrame":[-0.000002982094883918762,-0.0000034049153327941896,0.000009298324584960938,0.996513843536377,0.07372093945741654,-0.039063211530447009,-0.08104012161493302,0.9665824174880981,-0.24321644008159638,0.019827285781502725,0.24553407728672028,0.9691861867904663],"EasingStyle":"Constant","EasingDirection":"In"},"Right Leg":{"Weight":1,"CFrame":[0.21057066321372987,0.30694055557250979,0.14031842350959779,0.9837737679481506,0.0633503645658493,-0.1678578108549118,-0.05886951833963394,0.9977673292160034,0.031542446464300159,0.16948126256465913,-0.021148893982172014,0.9853066205978394],"EasingStyle":"Constant","EasingDirection":"In"},"Torso":{"Weight":1,"CFrame":[0.0009440041612833738,-0.004472100175917149,0.34496426582336428,0.9899742007255554,-0.14039228856563569,-0.015529259108006955,0.14083805680274964,0.9894892573356628,0.03280099108815193,0.010761003941297531,-0.034659236669540408,0.9993413090705872],"EasingStyle":"Constant","EasingDirection":"In"},"HumanoidRootPart":{"Weight":0,"CFrame":[0,0,0,1,0,0,0,1,0,0,0,1],"EasingStyle":"Linear","EasingDirection":"In"},"Left Arm":{"Weight":1,"CFrame":[-0.013271808624267578,-0.15872859954833985,0.10822924971580506,-0.0011023655533790589,0.7593674659729004,-0.6506624221801758,-0.6021298766136169,0.5189803838729858,0.6067110300064087,0.7983996868133545,0.3924500346183777,0.4566642940044403],"EasingStyle":"Constant","EasingDirection":"In"}}},{"Time":0.0833333358168602,"poses":{"Left Leg":{"Weight":1,"CFrame":[-0.31278976798057558,0.15078479051589967,-0.03429388999938965,0.933862030506134,-0.20262411236763,0.29469549655914309,0.1450364738702774,0.9677839279174805,0.20581340789794923,-0.3269041180610657,-0.14945963025093079,0.9331641793251038],"EasingStyle":"Constant","EasingDirection":"In"},"Right Arm":{"Weight":1,"CFrame":[0.14009451866149903,-0.2186468243598938,0.0717567652463913,-0.06859099864959717,-0.9030715823173523,0.42397862672805788,0.6265408396720886,0.2917245030403137,0.7227343916893005,-0.7763656377792358,0.3152104318141937,0.5457947254180908],"EasingStyle":"Constant","EasingDirection":"In"},"Head":{"Weight":1,"CFrame":[-0.0000015050172805786133,-0.000002555549144744873,0.000013589859008789063,0.9819716215133667,0.17717088758945466,-0.06587677448987961,-0.18784219026565553,0.9535334706306458,-0.23556435108184815,0.02108091488480568,0.24369242787361146,0.9696249961853027],"EasingStyle":"Constant","EasingDirection":"In"},"Right Leg":{"Weight":1,"CFrame":[0.12538264691829682,0.15679991245269776,0.11979129910469055,0.9595491886138916,0.28041717410087588,0.025136157870292665,-0.28133824467658999,0.9584192037582398,0.04776860773563385,-0.010695770382881165,-0.05290807783603668,0.9985420107841492],"EasingStyle":"Constant","EasingDirection":"In"},"Torso":{"Weight":1,"CFrame":[-0.07328923046588898,7.515773177146912e-7,0.20942246913909913,0.9829065203666687,-0.18232648074626923,-0.025525527074933053,0.18410448729991914,0.9735763072967529,0.1351105272769928,0.0002168472856283188,-0.13750040531158448,0.9905018210411072],"EasingStyle":"Constant","EasingDirection":"In"},"HumanoidRootPart":{"Weight":0,"CFrame":[0,0,0,1,0,0,0,1,0,0,0,1],"EasingStyle":"Linear","EasingDirection":"In"},"Left Arm":{"Weight":1,"CFrame":[-0.13117235898971559,-0.14175748825073243,0.06603190302848816,-0.13454478979110719,0.7217526435852051,-0.6789473295211792,-0.7873432636260986,0.3381565809249878,0.5155029296875,0.6016560792922974,0.6039198637008667,0.522765576839447],"EasingStyle":"Constant","EasingDirection":"In"}}},{"Time":0.13333334028720857,"poses":{"Left Leg":{"Weight":1,"CFrame":[-0.32259082794189455,0.0884256362915039,-0.05377650260925293,0.8790441155433655,-0.20724128186702729,0.42933982610702517,0.10793249309062958,0.9637018442153931,0.2441919893026352,-0.4643619656562805,-0.16831575334072114,0.8695042133331299],"EasingStyle":"Constant","EasingDirection":"In"},"Right Arm":{"Weight":1,"CFrame":[0.09671837091445923,-0.4829469919204712,0.0869496762752533,-0.30404558777809145,-0.8702106475830078,0.3876739740371704,0.5066769123077393,0.19689717888832093,0.8393518328666687,-0.8067435622215271,0.45162132382392886,0.3810445964336395],"EasingStyle":"Constant","EasingDirection":"In"},"Head":{"Weight":1,"CFrame":[-0.000005330890417098999,-0.0000032633543014526369,0.000021517276763916017,0.975932776927948,0.20862509310245515,-0.06345846503973007,-0.21744541823863984,0.95292729139328,-0.2113036811351776,0.016388528048992158,0.22001758217811585,0.9753603339195252],"EasingStyle":"Constant","EasingDirection":"In"},"Right Leg":{"Weight":1,"CFrame":[0.0703100860118866,0.13968080282211305,0.09623405337333679,0.9218848347663879,0.3374602198600769,0.19039198756217957,-0.37044772505760195,0.9116719961166382,0.17782872915267945,-0.11356478929519654,-0.23446781933307649,0.965467631816864],"EasingStyle":"Constant","EasingDirection":"In"},"Torso":{"Weight":1,"CFrame":[-0.13674727082252503,-0.010081330314278603,0.14061057567596436,0.9700565934181213,-0.2287498265504837,-0.0816296935081482,0.23860913515090943,0.9603071212768555,0.14448559284210206,0.045338522642850879,-0.15963681042194367,0.9861342310905457],"EasingStyle":"Constant","EasingDirection":"In"},"HumanoidRootPart":{"Weight":0,"CFrame":[0,0,0,1,0,0,0,1,0,0,0,1],"EasingStyle":"Linear","EasingDirection":"In"},"Left Arm":{"Weight":1,"CFrame":[-0.17308801412582398,-0.084504634141922,0.09934596717357636,-0.009150069206953049,0.6777589321136475,-0.7352269291877747,-0.9235163927078247,0.2762184143066406,0.2661224603652954,0.3834500014781952,0.6814273595809937,0.6233935356140137],"EasingStyle":"Constant","EasingDirection":"In"}}},{"Time":0.1666666716337204,"poses":{"Left Leg":{"Weight":1,"CFrame":[-0.1650075763463974,-0.004250049591064453,0.029212549328804017,0.8365828394889832,-0.22141069173812867,0.501105785369873,0.05995187163352966,0.9461988210678101,0.317984402179718,-0.544550359249115,-0.2359779328107834,0.8048473000526428],"EasingStyle":"Constant","EasingDirection":"In"},"Right Arm":{"Weight":1,"CFrame":[0.2540537118911743,-0.5775802135467529,-0.3355414867401123,-0.23366984724998475,-0.7158612012863159,0.6579862236976624,0.5241581201553345,0.47722816467285159,0.7053467035293579,-0.8189367055892944,0.5096986889839172,0.2637048363685608],"EasingStyle":"Constant","EasingDirection":"In"},"Head":{"Weight":1,"CFrame":[-0.000008653849363327027,-0.000006891787052154541,0.00003272294998168945,0.9474072456359863,0.31247785687446597,-0.0690862163901329,-0.3200204372406006,0.9242720007896423,-0.20811507105827332,-0.0011761290952563286,0.21927937865257264,0.9756643176078796],"EasingStyle":"Constant","EasingDirection":"In"},"Right Leg":{"Weight":1,"CFrame":[-0.07340973615646362,-0.08585679531097412,0.13450086116790772,0.8717561960220337,0.45302945375442507,0.18656322360038758,-0.48439210653305056,0.8540957570075989,0.18943366408348084,-0.07352367043495178,-0.25550955533981326,0.9640067219734192],"EasingStyle":"Constant","EasingDirection":"In"},"Torso":{"Weight":1,"CFrame":[-0.24238918721675874,-0.01007826253771782,0.07148779183626175,0.9257986545562744,-0.3561585545539856,-0.12667939066886903,0.3750718832015991,0.9072192311286926,0.190459206700325,0.047092292457818988,-0.22384080290794373,0.9734874963760376],"EasingStyle":"Constant","EasingDirection":"In"},"HumanoidRootPart":{"Weight":0,"CFrame":[0,0,0,1,0,0,0,1,0,0,0,1],"EasingStyle":"Linear","EasingDirection":"In"},"Left Arm":{"Weight":1,"CFrame":[-0.08525842428207398,-0.11413311958312988,-0.1216903030872345,0.02838258445262909,0.4754504859447479,-0.8792849183082581,-0.9835559129714966,0.1702403724193573,0.06030473858118057,0.17836147546768189,0.8631136417388916,0.47246336936950686],"EasingStyle":"Constant","EasingDirection":"In"}}},{"Time":0.20000000298023225,"poses":{"Left Leg":{"Weight":1,"CFrame":[-0.21204638481140138,-0.18591558933258058,-0.014616690576076508,0.6649860739707947,-0.004198998212814331,0.7468441128730774,-0.2969622015953064,0.9160506129264832,0.2695639729499817,-0.6852788925170898,-0.4010407626628876,0.6079139113426209],"EasingStyle":"Constant","EasingDirection":"In"},"Right Arm":{"Weight":1,"CFrame":[0.6386972665786743,-0.7157368063926697,-0.9383147954940796,-0.15739449858665467,-0.6930403113365173,0.7035055160522461,0.5732139348983765,0.515975832939148,0.6365470886230469,-0.8041468858718872,0.5034475326538086,0.31604909896850588],"EasingStyle":"Constant","EasingDirection":"In"},"Head":{"Weight":1,"CFrame":[-0.000009268522262573243,-0.0000024959444999694826,0.000003039836883544922,0.9414220452308655,0.3292858898639679,-0.0727679431438446,-0.33676692843437197,0.929293155670166,-0.15166530013084413,0.017681213095784189,0.16728708148002625,0.9857499599456787],"EasingStyle":"Constant","EasingDirection":"In"},"Right Leg":{"Weight":1,"CFrame":[0.8223109245300293,-0.13098669052124024,0.22288832068443299,0.8121398091316223,0.5603131055831909,0.16272151470184327,-0.5814793109893799,0.8002434372901917,0.14660347998142243,-0.04807305335998535,-0.2136816680431366,0.9757198691368103],"EasingStyle":"Constant","EasingDirection":"In"},"Torso":{"Weight":1,"CFrame":[-0.44820183515548708,0.04663798213005066,-0.05383746325969696,0.9236865639686585,-0.3657310903072357,-0.11421000957489014,0.372315376996994,0.9271478652954102,0.04216739907860756,0.09046761691570282,-0.08147158473730087,0.9925613403320313],"EasingStyle":"Constant","EasingDirection":"In"},"HumanoidRootPart":{"Weight":0,"CFrame":[0,0,0,1,0,0,0,1,0,0,0,1],"EasingStyle":"Linear","EasingDirection":"In"},"Left Arm":{"Weight":1,"CFrame":[-0.31368565559387209,-0.22228044271469117,-0.4812157154083252,-0.26013612747192385,0.48257744312286379,-0.8363293409347534,-0.9598304033279419,-0.03492916002869606,0.2783951461315155,0.10513594001531601,0.8751528263092041,0.47228023409843447],"EasingStyle":"Constant","EasingDirection":"In"}}},{"Time":0.25,"poses":{"Left Leg":{"Weight":1,"CFrame":[-0.014233291149139405,-0.01766026020050049,0.018747568130493165,0.6929041147232056,-0.15754838287830354,0.7036068439483643,0.0027755163609981539,0.9764115214347839,0.2159002721309662,-0.7210243940353394,-0.14764529466629029,0.6769967079162598],"EasingStyle":"Constant","EasingDirection":"In"},"Right Arm":{"Weight":1,"CFrame":[0.5562242269515991,-0.6045580506324768,-0.5387657284736633,-0.40219590067863467,-0.7168402075767517,0.5695415139198303,0.6112720966339111,0.2528681755065918,0.7499333620071411,-0.6816027164459229,0.649762749671936,0.33648255467414858],"EasingStyle":"Constant","EasingDirection":"In"},"Head":{"Weight":1,"CFrame":[-0.000006411224603652954,-3.725290298461914e-8,0.0000045299530029296879,0.9842737317085266,0.1682920902967453,-0.053684964776039126,-0.17463210225105287,0.9727992415428162,-0.15220315754413606,0.02660978212952614,0.159184992313385,0.9868904948234558],"EasingStyle":"Constant","EasingDirection":"In"},"Right Leg":{"Weight":1,"CFrame":[0.5930915474891663,0.08542639017105103,0.05686182528734207,0.8884801864624023,0.38284024596214297,0.253054141998291,-0.4369199275970459,0.8743369579315186,0.21127215027809144,-0.14037111401557923,-0.2982754707336426,0.9441015124320984],"EasingStyle":"Constant","EasingDirection":"In"},"Torso":{"Weight":1,"CFrame":[-0.32357072830200198,0.046631090342998508,0.06781590729951859,0.9765627980232239,-0.19962669909000398,-0.08046185225248337,0.20602436363697053,0.9751826524734497,0.08107298612594605,0.062280651181936267,-0.09574995189905167,0.9934551119804382],"EasingStyle":"Constant","EasingDirection":"In"},"HumanoidRootPart":{"Weight":0,"CFrame":[0,0,0,1,0,0,0,1,0,0,0,1],"EasingStyle":"Linear","EasingDirection":"In"},"Left Arm":{"Weight":1,"CFrame":[-0.3443868160247803,-0.2346721589565277,-0.3307874798774719,-0.5810479521751404,0.5307645797729492,-0.6169865131378174,-0.7339392900466919,-0.014088157564401627,0.6790691018104553,0.3517335057258606,0.8474020957946777,0.39773476123809817],"EasingStyle":"Constant","EasingDirection":"In"}}},{"Time":0.30000001192092898,"poses":{"Left Leg":{"Weight":1,"CFrame":[-0.07418301701545716,0.21517223119735719,-0.01450425386428833,0.7860556244850159,-0.1840273141860962,0.5901276469230652,0.06369749456644058,0.9736899733543396,0.21879300475120545,-0.6148651838302612,-0.1343938410282135,0.7770965099334717],"EasingStyle":"Constant","EasingDirection":"In"},"Right Arm":{"Weight":1,"CFrame":[0.5322909355163574,-0.7862585783004761,-0.39513692259788515,-0.6971784830093384,-0.6853364706039429,0.2103736847639084,0.5850579142570496,-0.3743255138397217,0.7194326519966126,-0.41430526971817019,0.6246486902236939,0.6619336009025574],"EasingStyle":"Constant","EasingDirection":"In"},"Head":{"Weight":1,"CFrame":[-0.000004719942808151245,1.043081283569336e-7,0.000005066394805908203,0.990941047668457,0.12480077147483826,-0.04958164319396019,-0.13106414675712586,0.9792428612709045,-0.1546185314655304,0.02925550937652588,0.1597166657447815,0.9867296814918518],"EasingStyle":"Constant","EasingDirection":"In"},"Right Leg":{"Weight":1,"CFrame":[0.392765074968338,0.16435402631759644,0.018177717924118043,0.9400051832199097,0.2579413056373596,0.22328630089759828,-0.30286741256713869,0.9322080612182617,0.19813993573188783,-0.1570407748222351,-0.2538785934448242,0.9544021487236023],"EasingStyle":"Constant","EasingDirection":"In"},"Torso":{"Weight":1,"CFrame":[-0.20412792265415193,0.0466298945248127,0.1182267889380455,0.9955025911331177,-0.09434808790683747,-0.00852707028388977,0.09473263472318649,0.9914402961730957,0.08984452486038208,-0.000022602274839300663,-0.090248242020607,0.9959192872047424],"EasingStyle":"Constant","EasingDirection":"In"},"HumanoidRootPart":{"Weight":0,"CFrame":[0,0,0,1,0,0,0,1,0,0,0,1],"EasingStyle":"Linear","EasingDirection":"In"},"Left Arm":{"Weight":1,"CFrame":[-0.3206539750099182,-0.34920328855514529,-0.32948294281959536,-0.7033824324607849,0.4953267574310303,-0.5098084211349487,-0.6963311433792114,-0.3361324667930603,0.6341434717178345,0.14274506270885468,0.8010408282279968,0.5813410878181458],"EasingStyle":"Constant","EasingDirection":"In"}}},{"Time":0.36666667461395266,"poses":{"Left Leg":{"Weight":1,"CFrame":[-0.31310343742370608,0.3719894289970398,-0.048418402671813968,0.9183930158615112,-0.2259175181388855,0.32483145594596865,0.17690548300743104,0.9687927961349487,0.17362387478351594,-0.3539191484451294,-0.10199049115180969,0.9296985864639282],"EasingStyle":"Constant","EasingDirection":"In"},"Right Arm":{"Weight":1,"CFrame":[0.6068081855773926,-0.817741870880127,-0.26960912346839907,-0.7891994714736939,-0.6041502952575684,0.1103014349937439,0.5331326723098755,-0.5848107933998108,0.6113641858100891,-0.30485036969184878,0.5412935018539429,0.7836245894432068],"EasingStyle":"Constant","EasingDirection":"In"},"Head":{"Weight":1,"CFrame":[-0.000006703659892082214,0.000002086162567138672,0.000005424022674560547,0.9952738881111145,0.0916762426495552,-0.03201841935515404,-0.09558062255382538,0.9830775260925293,-0.15627148747444154,0.01714988984167576,0.15859350562095643,0.9871954917907715],"EasingStyle":"Constant","EasingDirection":"In"},"Right Leg":{"Weight":1,"CFrame":[0.28733038902282717,0.22784727811813355,0.16821451485157014,0.9772458076477051,0.20917658507823945,0.035151343792676929,-0.21209955215454102,0.9652982354164124,0.1523592323064804,-0.002061598002910614,-0.15634801983833314,0.9876999258995056],"EasingStyle":"Constant","EasingDirection":"In"},"Torso":{"Weight":1,"CFrame":[-0.13594338297843934,0.0792437270283699,0.08163679391145706,0.997227668762207,-0.0743614137172699,-0.0027147666551172735,0.07428084313869477,0.9926657676696777,0.09537738561630249,-0.004397557582706213,-0.09531461447477341,0.995437502861023],"EasingStyle":"Constant","EasingDirection":"In"},"HumanoidRootPart":{"Weight":0,"CFrame":[0,0,0,1,0,0,0,1,0,0,0,1],"EasingStyle":"Linear","EasingDirection":"In"},"Left Arm":{"Weight":1,"CFrame":[-0.39021968841552737,-0.527950644493103,-0.40348201990127566,-0.7980213165283203,0.5274884104728699,-0.2914064824581146,-0.6024762392044067,-0.7092326283454895,0.36607587337493899,-0.013574101030826569,0.46770188212394717,0.8837820887565613],"EasingStyle":"Constant","EasingDirection":"In"}}},{"Time":0.4166666567325592,"poses":{"Left Leg":{"Weight":1,"CFrame":[-0.2587965726852417,0.269870400428772,-0.007382810115814209,0.9841121435165405,-0.15959498286247254,-0.0777970626950264,0.16858628392219544,0.9774070978164673,0.12749287486076356,0.0556921511888504,-0.13858284056186677,0.9887837767601013],"EasingStyle":"Constant","EasingDirection":"In"},"Right Arm":{"Weight":1,"CFrame":[0.6170175075531006,-0.7919608950614929,-0.25283271074295046,-0.8526919484138489,-0.5143448114395142,-0.09145563840866089,0.37583082914352419,-0.7255613207817078,0.5764649510383606,-0.36285877227783205,0.45717543363571169,0.8119879961013794],"EasingStyle":"Constant","EasingDirection":"In"},"Head":{"Weight":1,"CFrame":[-0.000004692003130912781,0.0000037997961044311525,0.000009447336196899414,0.9993988275527954,-0.029402058571577073,-0.018371358513832094,0.026179682463407518,0.9873961806297302,-0.1560749113559723,0.02272835560142994,0.15550047159194947,0.9875752329826355],"EasingStyle":"Constant","EasingDirection":"In"},"Right Leg":{"Weight":1,"CFrame":[0.392830491065979,0.25181835889816286,0.2131715714931488,0.9617404937744141,0.19582629203796388,-0.19159075617790223,-0.1796513944864273,0.9787759780883789,0.09860628098249436,0.2068341225385666,-0.06041409820318222,0.9765090942382813],"EasingStyle":"Constant","EasingDirection":"In"},"Torso":{"Weight":1,"CFrame":[-0.04917898774147034,0.079241544008255,0.06491794437170029,0.9992572665214539,0.025747153908014299,0.028671763837337495,-0.027794111520051957,0.9969117641448975,0.0734444260597229,-0.026692256331443788,-0.074186772108078,0.9968871474266052],"EasingStyle":"Constant","EasingDirection":"In"},"HumanoidRootPart":{"Weight":0,"CFrame":[0,0,0,1,0,0,0,1,0,0,0,1],"EasingStyle":"Linear","EasingDirection":"In"},"Left Arm":{"Weight":1,"CFrame":[-0.3773886561393738,-0.5989223718643189,-0.49551403522491457,-0.8120908737182617,0.5505805611610413,-0.19329431653022767,-0.5834591388702393,-0.7712516784667969,0.2544477581977844,-0.008983885869383812,0.3194141685962677,0.9475725293159485],"EasingStyle":"Constant","EasingDirection":"In"}}},{"Time":0.4833333194255829,"poses":{"Left Leg":{"Weight":1,"CFrame":[-0.37811151146888735,0.007829546928405762,0.0827798843383789,0.9500097632408142,-0.24093888700008393,-0.19856970012187959,0.27588334679603579,0.9455736875534058,0.17256611585617066,0.14618425071239472,-0.21872153878211976,0.964775025844574],"EasingStyle":"Constant","EasingDirection":"In"},"Right Arm":{"Weight":1,"CFrame":[0.6370975971221924,-0.6756601929664612,-0.1601531207561493,-0.8488466143608093,-0.5164275765419006,-0.11294792592525482,0.3252345323562622,-0.6786147952079773,0.6585624814033508,-0.4167481064796448,0.5222827792167664,0.7440012097358704],"EasingStyle":"Constant","EasingDirection":"In"},"Head":{"Weight":1,"CFrame":[0.000007620546966791153,0.000007264316082000732,0.000017940998077392579,0.9917120933532715,-0.12826301157474519,-0.0074028633534908299,0.12562838196754456,0.9801819324493408,-0.15315446257591248,0.026899725198745729,0.1509557068347931,0.9881761074066162],"EasingStyle":"Constant","EasingDirection":"In"},"Right Leg":{"Weight":1,"CFrame":[0.5116713643074036,0.29232656955718996,0.2801036834716797,0.8537668585777283,0.16739994287490846,-0.493010550737381,-0.11304906010627747,0.9839155077934265,0.13831323385238648,0.5082341432571411,-0.06235283613204956,0.8589586615562439],"EasingStyle":"Constant","EasingDirection":"In"},"Torso":{"Weight":1,"CFrame":[0.08984915912151337,0.07924159616231919,0.043211426585912707,0.9878177642822266,0.1476258784532547,0.04921874776482582,-0.15076257288455964,0.9862527251243591,0.06764645874500275,-0.038555778563022616,-0.07424270361661911,0.996494710445404],"EasingStyle":"Constant","EasingDirection":"In"},"HumanoidRootPart":{"Weight":0,"CFrame":[0,0,0,1,0,0,0,1,0,0,0,1],"EasingStyle":"Linear","EasingDirection":"In"},"Left Arm":{"Weight":1,"CFrame":[-0.332621693611145,-0.8544943928718567,-0.426084965467453,-0.7831486463546753,0.6155582666397095,-0.08810470998287201,-0.4492158889770508,-0.4620726406574249,0.7646530866622925,0.4299793243408203,0.6384140253067017,0.6383904218673706],"EasingStyle":"Constant","EasingDirection":"In"}}},{"Time":0.550000011920929,"poses":{"Left Leg":{"Weight":1,"CFrame":[-0.3152408003807068,0.017153024673461915,-0.02110561728477478,0.927378237247467,-0.28732985258102419,-0.23960651457309724,0.34983667731285097,0.89299076795578,0.2831641435623169,0.13260477781295777,-0.34642329812049868,0.9286586046218872],"EasingStyle":"Constant","EasingDirection":"In"},"Right Arm":{"Weight":1,"CFrame":[0.7008916139602661,-0.3798030614852905,0.10474932193756104,-0.8203802108764648,-0.4216196537017822,-0.3862757086753845,-0.26083260774612429,-0.3252253830432892,0.9089517593383789,-0.5088584423065186,0.8464385867118836,0.15683485567569734],"EasingStyle":"Constant","EasingDirection":"In"},"Head":{"Weight":1,"CFrame":[0.000005370704457163811,0.000008478760719299317,0.000023037195205688478,0.9802131056785584,-0.1979241520166397,0.0024886243045330049,0.19571244716644288,0.9672282338142395,-0.16174551844596864,0.029605682939291,0.1590329110622406,0.9868311882019043],"EasingStyle":"Constant","EasingDirection":"In"},"Right Leg":{"Weight":1,"CFrame":[0.6554719805717468,0.20034587383270265,0.28604573011398318,0.8085924983024597,0.1622181385755539,-0.5655646324157715,-0.03370539844036102,0.9724339842796326,0.2307296097278595,0.5874025821685791,-0.16750364005565644,0.7917703986167908],"EasingStyle":"Constant","EasingDirection":"In"},"Torso":{"Weight":1,"CFrame":[0.32027214765548708,0.07923775911331177,-0.014834396541118622,0.960862398147583,0.25911176204681399,0.09800112992525101,-0.2669348120689392,0.9606022238731384,0.07738946378231049,-0.07408758997917175,-0.10052052140235901,0.9921727776527405],"EasingStyle":"Constant","EasingDirection":"In"},"HumanoidRootPart":{"Weight":0,"CFrame":[0,0,0,1,0,0,0,1,0,0,0,1],"EasingStyle":"Linear","EasingDirection":"In"},"Left Arm":{"Weight":1,"CFrame":[-0.34832119941711428,-0.707617998123169,-0.5336198210716248,-0.640242874622345,0.6301511526107788,-0.4393143653869629,-0.42279911041259768,0.18840521574020387,0.8864225745201111,0.6413502097129822,0.7532657384872437,0.14580248296260835],"EasingStyle":"Constant","EasingDirection":"In"}}},{"Time":0.5833333134651184,"poses":{"Left Leg":{"Weight":1,"CFrame":[-0.7412105798721314,-0.009930610656738282,0.17538471519947053,0.8544652462005615,-0.49555087089538576,-0.15594440698623658,0.51839280128479,0.832974374294281,0.19344963133335114,0.03403356671333313,-0.2461363673210144,0.9686375260353088],"EasingStyle":"Constant","EasingDirection":"In"},"Right Arm":{"Weight":1,"CFrame":[0.31366652250289919,-0.2222861647605896,-0.48124322295188906,-0.27483099699020388,-0.679760754108429,0.6799930334091187,0.9130892753601074,0.0370439775288105,0.4060722887516022,-0.3012230098247528,0.7324938178062439,0.610503077507019],"EasingStyle":"Constant","EasingDirection":"In"},"Head":{"Weight":1,"CFrame":[0.000015895813703536988,0.000009879469871520996,0.000002950429916381836,0.9475552439689636,-0.3143894672393799,0.057429179549217227,0.3193078935146332,0.9388781189918518,-0.12864981591701508,-0.01347243133932352,0.14024066925048829,0.9900261759757996],"EasingStyle":"Constant","EasingDirection":"In"},"Right Leg":{"Weight":1,"CFrame":[0.31044211983680727,-0.06792700290679932,0.21388062834739686,0.6615012288093567,-0.007455915212631226,-0.7499070167541504,0.3361441493034363,0.8968241214752197,0.2875998020172119,0.6703903675079346,-0.4423244595527649,0.5957565307617188],"EasingStyle":"Constant","EasingDirection":"In"},"Torso":{"Weight":1,"CFrame":[0.448197603225708,0.04662810266017914,-0.05383998528122902,0.9236865639686585,0.3657310903072357,0.11421000957489014,-0.372315376996994,0.9271478652954102,0.04216739907860756,-0.09046761691570282,-0.08147158473730087,0.9925613403320313],"EasingStyle":"Constant","EasingDirection":"In"},"HumanoidRootPart":{"Weight":0,"CFrame":[0,0,0,1,0,0,0,1,0,0,0,1],"EasingStyle":"Linear","EasingDirection":"In"},"Left Arm":{"Weight":1,"CFrame":[-0.6387107372283936,-0.715721070766449,-0.938327431678772,-0.15739449858665467,0.6930403113365173,-0.7035055160522461,-0.5732139348983765,0.515975832939148,0.6365470886230469,0.8041468858718872,0.5034475326538086,0.31604909896850588],"EasingStyle":"Constant","EasingDirection":"In"}}},{"Time":0.6333333253860474,"poses":{"Left Leg":{"Weight":1,"CFrame":[-0.5881763100624085,-0.01590585708618164,-0.09869593381881714,0.899013102054596,-0.3561665415763855,-0.2547958791255951,0.3985840678215027,0.9065085649490356,0.13918685913085938,0.18140095472335816,-0.22668837010860444,0.9569253921508789],"EasingStyle":"Constant","EasingDirection":"In"},"Right Arm":{"Weight":1,"CFrame":[0.3960639238357544,0.1714077889919281,-0.28239205479621889,-0.24121665954589845,-0.562503457069397,0.7908232808113098,0.9678032398223877,-0.19980305433273316,0.15307962894439698,0.07190082967281342,0.8022842407226563,0.5925905704498291],"EasingStyle":"Constant","EasingDirection":"In"},"Head":{"Weight":1,"CFrame":[0.000001911073923110962,0.000003166496753692627,0.000003039836883544922,0.9607917666435242,-0.27205872535705569,0.05350518226623535,0.2768363356590271,0.9520534873008728,-0.13021570444107057,-0.01551306713372469,0.13992279767990113,0.9900412559509277],"EasingStyle":"Constant","EasingDirection":"In"},"Right Leg":{"Weight":1,"CFrame":[0.12065213918685913,0.040197789669036868,0.16202622652053834,0.4868820011615753,0.09313361346721649,-0.8684883713722229,0.3725607991218567,0.8771741390228272,0.30292579531669619,0.7900280356407166,-0.47105374932289126,0.39238232374191286],"EasingStyle":"Constant","EasingDirection":"In"},"Torso":{"Weight":1,"CFrame":[0.5264815092086792,0.04663267731666565,0.0037541305646300318,0.9644201397895813,0.2537148892879486,0.07431328296661377,-0.2588867247104645,0.9632984399795532,0.07094896584749222,-0.05358506366610527,-0.08766330778598786,0.9947078824043274],"EasingStyle":"Constant","EasingDirection":"In"},"HumanoidRootPart":{"Weight":0,"CFrame":[0,0,0,1,0,0,0,1,0,0,0,1],"EasingStyle":"Linear","EasingDirection":"In"},"Left Arm":{"Weight":1,"CFrame":[-0.5259031653404236,-0.560269296169281,-0.47617021203041079,-0.7177450060844421,0.5330026149749756,-0.4480474889278412,-0.3397400975227356,0.29359930753707888,0.8935157656669617,0.6077959537506104,0.7935354113578796,-0.02964773029088974],"EasingStyle":"Constant","EasingDirection":"In"}}},{"Time":0.699999988079071,"poses":{"Left Leg":{"Weight":1,"CFrame":[-0.6412075161933899,0.062126338481903079,-0.05205869674682617,0.9380334615707398,-0.3188048303127289,-0.13585573434829713,0.3330210745334625,0.9377187490463257,0.09889605641365051,0.09586596488952637,-0.1380106508731842,0.9857802987098694],"EasingStyle":"Constant","EasingDirection":"In"},"Right Arm":{"Weight":1,"CFrame":[0.426708459854126,0.16328710317611695,-0.10878229141235352,-0.1279224306344986,-0.47485437989234927,0.8707175850868225,0.7161526083946228,-0.6515819430351257,-0.2501322627067566,0.686120331287384,0.591569185256958,0.4234201908111572],"EasingStyle":"Constant","EasingDirection":"In"},"Head":{"Weight":1,"CFrame":[0.000006146728992462158,0.000006061047315597534,0.0000011324882507324219,0.9730246663093567,-0.22576645016670228,0.047451965510845187,0.23000670969486237,0.9652923941612244,-0.12372595816850662,-0.017871426418423654,0.13130325078964234,0.9911811947822571],"EasingStyle":"Constant","EasingDirection":"In"},"Right Leg":{"Weight":1,"CFrame":[-0.0005107223987579346,0.2280665636062622,-0.015510745346546173,0.6592545509338379,0.0412856787443161,-0.7507854700088501,0.2668185234069824,0.9206682443618774,0.28491726517677309,0.7029874324798584,-0.3881565034389496,0.5959389209747315],"EasingStyle":"Constant","EasingDirection":"In"},"Torso":{"Weight":1,"CFrame":[0.4145371913909912,0.04663407802581787,0.0477314256131649,0.9837359189987183,0.17369678616523744,0.04574940353631973,-0.17622897028923036,0.9825918078422546,0.058793749660253528,-0.03474070876836777,-0.06589986383914948,0.9972212314605713],"EasingStyle":"Constant","EasingDirection":"In"},"HumanoidRootPart":{"Weight":0,"CFrame":[0,0,0,1,0,0,0,1,0,0,0,1],"EasingStyle":"Linear","EasingDirection":"In"},"Left Arm":{"Weight":1,"CFrame":[-0.4650498032569885,-0.4874247908592224,-0.10679477453231812,-0.8996963500976563,0.4362761974334717,-0.014335528016090393,0.06012145057320595,0.15637299418449403,0.9858633875846863,0.4323526918888092,0.8861159682273865,-0.16691964864730836],"EasingStyle":"Constant","EasingDirection":"In"}}},{"Time":0.7666666507720947,"poses":{"Left Leg":{"Weight":1,"CFrame":[-0.6534912586212158,0.24314016103744508,0.042006492614746097,0.9397658705711365,-0.3360137343406677,0.06272764503955841,0.3285982608795166,0.9386197328567505,0.10495783388614655,-0.09414465725421906,-0.07802361249923706,0.9924963712692261],"EasingStyle":"Constant","EasingDirection":"In"},"Right Arm":{"Weight":1,"CFrame":[0.435080885887146,-0.04892262816429138,0.03202509880065918,-0.4810953140258789,-0.7415604591369629,0.467579185962677,0.6118694543838501,-0.6659937500953674,-0.42668673396110537,0.6278207302093506,0.08082003146409989,0.774148166179657],"EasingStyle":"Constant","EasingDirection":"In"},"Head":{"Weight":1,"CFrame":[0.000005865469574928284,0.00000683218240737915,-0.0000049173831939697269,0.9836735725402832,-0.17502883076667787,0.04181673750281334,0.17887839674949647,0.9764083027839661,-0.12094862014055252,-0.019660228863358499,0.12645494937896729,0.9917771220207214],"EasingStyle":"Constant","EasingDirection":"In"},"Right Leg":{"Weight":1,"CFrame":[0.018712371587753297,0.37609362602233889,0.2010745406150818,0.8971810340881348,0.03687065467238426,-0.440121054649353,0.04895178601145744,0.9820683002471924,0.18205931782722474,0.43894162774086,-0.18488489091396333,0.8792881965637207],"EasingStyle":"Constant","EasingDirection":"In"},"Torso":{"Weight":1,"CFrame":[0.30164074897766116,0.04663499444723129,0.02089286968111992,0.989517331123352,0.13663193583488465,0.04676446318626404,-0.1390480399131775,0.988864541053772,0.05303187295794487,-0.03899787366390228,-0.058978430926799777,0.9974971413612366],"EasingStyle":"Constant","EasingDirection":"In"},"HumanoidRootPart":{"Weight":0,"CFrame":[0,0,0,1,0,0,0,1,0,0,0,1],"EasingStyle":"Linear","EasingDirection":"In"},"Left Arm":{"Weight":1,"CFrame":[-0.43592125177383425,-0.2841700315475464,0.17773473262786866,-0.9028386473655701,0.42997169494628909,0.0019231811165809632,0.1507752537727356,0.3123968541622162,0.9379080533981323,0.40267395973205569,0.8470691442489624,-0.34687426686286929],"EasingStyle":"Constant","EasingDirection":"In"}}},{"Time":0.8333333134651184,"poses":{"Left Leg":{"Weight":1,"CFrame":[-0.3563743829727173,0.30010145902633669,0.06181173026561737,0.984317421913147,-0.14820663630962373,-0.0956764742732048,0.16328023374080659,0.9707323908805847,0.17612062394618989,0.06677407026290894,-0.18898063898086549,0.9797079563140869],"EasingStyle":"Constant","EasingDirection":"In"},"Right Arm":{"Weight":1,"CFrame":[0.2938450872898102,-0.28915464878082278,0.059764325618743899,-0.6775540113449097,-0.7307905554771423,-0.08283566683530808,0.5737875699996948,-0.4547808766365051,-0.6811316609382629,0.4600929915904999,-0.5090334415435791,0.7274600267410278],"EasingStyle":"Constant","EasingDirection":"In"},"Head":{"Weight":1,"CFrame":[0.000006528804078698158,0.000003993511199951172,0.000006377696990966797,0.9996939301490784,0.024564940482378007,0.0029021347872912885,-0.023870201781392099,0.9888264536857605,-0.14713668823242188,-0.006483473815023899,0.1470227986574173,0.989112377166748],"EasingStyle":"Constant","EasingDirection":"In"},"Right Leg":{"Weight":1,"CFrame":[0.06927713006734848,0.15001338720321656,0.17768895626068116,0.9130771160125732,0.15453894436359406,-0.3773694336414337,-0.14701293408870698,0.9879269599914551,0.0488620363175869,0.3803645968437195,0.010863359086215496,0.9247727990150452],"EasingStyle":"Constant","EasingDirection":"In"},"Torso":{"Weight":1,"CFrame":[0.23011736571788789,0.07924433797597885,-0.002892223186790943,0.99540114402771,-0.022252054885029794,0.09317394345998764,0.016947107389569284,0.9982104301452637,0.05734576657414436,-0.09428323060274124,-0.055503010749816897,0.9939970374107361],"EasingStyle":"Constant","EasingDirection":"In"},"HumanoidRootPart":{"Weight":0,"CFrame":[0,0,0,1,0,0,0,1,0,0,0,1],"EasingStyle":"Linear","EasingDirection":"In"},"Left Arm":{"Weight":1,"CFrame":[-0.7011150121688843,-0.19952629506587983,0.5441564321517944,-0.9023070335388184,0.3960139751434326,0.17031198740005494,0.33519500494003298,0.3961000442504883,0.8548363447189331,0.27106979489326479,0.8284127712249756,-0.4901485741138458],"EasingStyle":"Constant","EasingDirection":"In"}}},{"Time":0.8999999761581421,"poses":{"Left Leg":{"Weight":1,"CFrame":[-0.4701925218105316,0.26312190294265749,0.02385401725769043,0.9818633198738098,-0.16831021010875703,-0.0872708410024643,0.1818273365497589,0.9663369059562683,0.18202190101146699,0.05369696021080017,-0.1945887953042984,0.9794140458106995],"EasingStyle":"Constant","EasingDirection":"In"},"Right Arm":{"Weight":1,"CFrame":[0.2938430607318878,-0.2891562581062317,0.05975526571273804,-0.7541893720626831,-0.5495270490646362,-0.35946428775787356,0.6466383337974548,-0.5262746214866638,-0.552169144153595,0.1142546534538269,-0.6488832235336304,0.7522599697113037],"EasingStyle":"Constant","EasingDirection":"In"},"Head":{"Weight":1,"CFrame":[0.000015858560800552369,0.000003859400749206543,0.000013828277587890625,0.9943073391914368,0.1064300537109375,-0.005016932263970375,-0.10614430159330368,0.9853541851043701,-0.1334429383277893,-0.009257743135094643,0.13321641087532044,0.9910447597503662],"EasingStyle":"Constant","EasingDirection":"In"},"Right Leg":{"Weight":1,"CFrame":[-0.03722904250025749,0.03712356090545654,0.1969136893749237,0.9481078386306763,0.13233530521392823,-0.2891002297401428,-0.13686493039131165,0.9905792474746704,0.00458628311753273,0.2869836390018463,0.03521934151649475,0.9572878479957581],"EasingStyle":"Constant","EasingDirection":"In"},"Torso":{"Weight":1,"CFrame":[0.16565722227096559,0.07924503087997437,-0.0757676362991333,0.9903916120529175,-0.12731097638607026,0.054003309458494189,0.12449150532484055,0.9908192157745361,0.05271679908037186,-0.06021888554096222,-0.04548732191324234,0.9971482753753662],"EasingStyle":"Constant","EasingDirection":"In"},"HumanoidRootPart":{"Weight":0,"CFrame":[0,0,0,1,0,0,0,1,0,0,0,1],"EasingStyle":"Linear","EasingDirection":"In"},"Left Arm":{"Weight":1,"CFrame":[-0.7010793685913086,-0.1995372474193573,0.5441708564758301,-0.8959635496139526,0.43255722522735598,0.10071475803852081,0.22302086651325227,0.24208593368530274,0.9442754983901978,0.38407158851623537,0.868497908115387,-0.3133692443370819],"EasingStyle":"Constant","EasingDirection":"In"}}},{"Time":0.949999988079071,"poses":{"Left Leg":{"Weight":1,"CFrame":[-0.47515398263931277,0.10778331756591797,-0.03792265057563782,0.9830671548843384,-0.18318207561969758,-0.0048389434814453129,0.18169088661670686,0.9709516763687134,0.1556975394487381,-0.02382253110408783,-0.15394026041030885,0.9877930283546448],"EasingStyle":"Constant","EasingDirection":"In"},"Right Arm":{"Weight":1,"CFrame":[0.2938426733016968,-0.2891673743724823,0.05975830554962158,-0.7910457849502564,-0.4716842472553253,-0.3895604610443115,0.5585392117500305,-0.8166360855102539,-0.145381897687912,-0.24955597519874574,-0.33258843421936037,0.9094539880752564],"EasingStyle":"Constant","EasingDirection":"In"},"Head":{"Weight":1,"CFrame":[0.000014155171811580658,0.000006504356861114502,0.00002962350845336914,0.9917142391204834,0.128264918923378,-0.007102951407432556,-0.12805424630641938,0.982676088809967,-0.13396334648132325,-0.01020125299692154,0.13376368582248689,0.9909631013870239],"EasingStyle":"Constant","EasingDirection":"In"},"Right Leg":{"Weight":1,"CFrame":[-0.09100055694580078,-0.04485201835632324,0.11771091818809509,0.9653856754302979,0.14873778820037843,-0.21426093578338624,-0.14521151781082154,0.9888767600059509,0.03219553083181381,0.21666640043258668,0.00003199651837348938,0.9762457013130188],"EasingStyle":"Constant","EasingDirection":"In"},"Torso":{"Weight":1,"CFrame":[0.1689469963312149,0.0792459174990654,-0.10795582085847855,0.9847124814987183,-0.172661691904068,0.02300448529422283,0.1706104278564453,0.9826695919036865,0.07247460633516312,-0.03511933237314224,-0.06744184345006943,0.997105062007904],"EasingStyle":"Constant","EasingDirection":"In"},"HumanoidRootPart":{"Weight":0,"CFrame":[0,0,0,1,0,0,0,1,0,0,0,1],"EasingStyle":"Linear","EasingDirection":"In"},"Left Arm":{"Weight":1,"CFrame":[-0.6753726601600647,-0.2632276117801666,0.4235825538635254,-0.7790862917900086,0.5694106817245483,0.2622898817062378,0.16115547716617585,-0.22241970896720887,0.9615399837493897,0.6058492660522461,0.7913918495178223,0.08152060210704804],"EasingStyle":"Constant","EasingDirection":"In"}}},{"Time":1,"poses":{"Left Leg":{"Weight":1,"CFrame":[-0.4838154911994934,0.04047936201095581,-0.06051185727119446,0.9751816391944885,-0.1954796463251114,-0.10396433621644974,0.20490598678588868,0.9746968746185303,0.08933007717132569,0.08387158066034317,-0.10841592401266098,0.9905613660812378],"EasingStyle":"Constant","EasingDirection":"In"},"Ri