{"Sequence":[{"Time":0,"poses":{"Left Leg":{"Weight":1,"CFrame":[-0.7952179312705994,0.06402724981307984,-0.3894312381744385,0.7799022197723389,-0.3434368073940277,-0.523262619972229,0.3181881904602051,0.9374755024909973,-0.14105333387851716,0.5389886498451233,-0.056488193571567538,0.8404167890548706],"EasingStyle":"Linear","EasingDirection":"In"},"Right Arm":{"Weight":1,"CFrame":[0.029120266437530519,-0.11823609471321106,-0.02077341079711914,0.8989456295967102,0.4200926721096039,-0.12417369335889816,-0.3924015462398529,0.8982241749763489,0.19802610576152802,0.1947251558303833,-0.12928882241249085,0.9722996354103088],"EasingStyle":"Linear","EasingDirection":"In"},"Left Arm":{"Weight":1,"CFrame":[-0.48879531025886538,-0.05059009790420532,0.33273744583129885,0.22508582472801209,0.9112529754638672,0.34489762783050539,-0.941023051738739,0.11153945326805115,0.3194287419319153,0.2526107132434845,-0.3964555263519287,0.8826159834861755],"EasingStyle":"Linear","EasingDirection":"In"},"Head":{"Weight":1,"CFrame":[9.313225746154785e-8,-1.4901161193847657e-8,0,0.7710630893707275,0.6367550492286682,-0.00220594578422606,-0.6366313695907593,0.7708345651626587,-0.022683503106236459,-0.012743405066430569,0.01889478787779808,0.9997403025627136],"EasingStyle":"Linear","EasingDirection":"In"},"Torso":{"Weight":1,"CFrame":[0.029576867818832399,0.05641379952430725,-0.2520937919616699,0.7408756613731384,-0.6708705425262451,0.03218775615096092,0.6662084460258484,0.7401210069656372,0.0915817990899086,-0.08526237308979035,-0.04640696942806244,0.9952772259712219],"EasingStyle":"Linear","EasingDirection":"In"},"HumanoidRootPart":{"Weight":1,"CFrame":[0,0,0,1,0,0,0,1,0,0,0,1],"EasingStyle":"Linear","EasingDirection":"In"},"Right Leg":{"Weight":1,"CFrame":[0.06640411913394928,0.05154979228973389,0.022311091423034669,0.7301007509231567,-0.6781244874000549,-0.08426306396722794,0.6619824767112732,0.7324720621109009,-0.15894627571105958,0.16950567066669465,0.060266073793172839,0.9836848378181458],"EasingStyle":"Linear","EasingDirection":"In"}}},{"Time":0.03333333507180214,"poses":{"Left Leg":{"Weight":1,"CFrame":[-0.8560370802879334,0.11456137895584107,-0.41125398874282839,0.7759286761283875,-0.3683943450450897,-0.5120745897293091,0.35964134335517886,0.9252525568008423,-0.12068912386894226,0.5182594060897827,-0.09051710367202759,0.8504197597503662],"EasingStyle":"Linear","EasingDirection":"In"},"Right Arm":{"Weight":1,"CFrame":[0.03134743124246597,-0.09826678037643433,-0.027980029582977296,0.9522648453712463,0.2745397090911865,-0.13349023461341859,-0.25410959124565127,0.9551942348480225,0.15176446735858918,0.1691744178533554,-0.11059883236885071,0.9793609976768494],"EasingStyle":"Linear","EasingDirection":"In"},"Left Arm":{"Weight":1,"CFrame":[-0.43033191561698916,-0.05538854002952576,0.2752385139465332,0.24618203938007356,0.9076502919197083,0.33994928002357485,-0.9446757435798645,0.14626412093639375,0.29358941316604617,0.2167540192604065,-0.3934183120727539,0.893442690372467],"EasingStyle":"Linear","EasingDirection":"In"},"Head":{"Weight":1,"CFrame":[7.450580596923828e-8,-1.1175870895385743e-8,3.5762786865234377e-7,0.7923601865768433,0.6099041104316711,0.0135031808167696,-0.6076369881629944,0.7909963130950928,-0.0714297667145729,-0.05424629524350166,0.04839307442307472,0.99735426902771],"EasingStyle":"Linear","EasingDirection":"In"},"Torso":{"Weight":1,"CFrame":[0.01502615213394165,0.043545857071876529,-0.3092331886291504,0.73421311378479,-0.6774499416351318,0.04464039206504822,0.6736462712287903,0.7351132035255432,0.0762195736169815,-0.08445066958665848,-0.02588959038257599,0.996091365814209],"EasingStyle":"Linear","EasingDirection":"In"},"HumanoidRootPart":{"Weight":1,"CFrame":[0,0,0,1,0,0,0,1,0,0,0,1],"EasingStyle":"Linear","EasingDirection":"In"},"Right Leg":{"Weight":1,"CFrame":[0.1663929671049118,0.22084009647369386,0.05890154838562012,0.7805439829826355,-0.6198920011520386,-0.08053044229745865,0.6031259298324585,0.7806868553161621,-0.16360655426979066,0.16428741812705995,0.07913212478160858,0.9832333922386169],"EasingStyle":"Linear","EasingDirection":"In"}}},{"Time":0.06666667014360428,"poses":{"Left Leg":{"Weight":1,"CFrame":[-0.9123183488845825,0.16680818796157838,-0.40608298778533938,0.7827885746955872,-0.40636664628982546,-0.47128376364707949,0.4235554039478302,0.9027682542800903,-0.0749029666185379,0.4558980166912079,-0.14098156988620759,0.8787952661514282],"EasingStyle":"Linear","EasingDirection":"In"},"Right Arm":{"Weight":1,"CFrame":[0.038782358169555667,-0.059130728244781497,-0.03507840633392334,0.9845811724662781,-0.12119832634925842,-0.12613825500011445,0.13147178292274476,0.9883592128753662,0.07655944675207138,0.11539102345705033,-0.09196265786886215,0.9890539646148682],"EasingStyle":"Linear","EasingDirection":"In"},"Left Arm":{"Weight":1,"CFrame":[-0.29362326860427859,-0.06683117151260376,0.14307570457458497,0.3017851412296295,0.8929287791252136,0.33407193422317507,-0.9445090293884277,0.23234215378761292,0.23220676183700562,0.12972503900527955,-0.385610431432724,0.9134966135025024],"EasingStyle":"Linear","EasingDirection":"In"},"Head":{"Weight":1,"CFrame":[1.341104507446289e-7,9.313225746154785e-9,-2.980232238769531e-7,0.8407694101333618,0.5407654643058777,0.026064397767186166,-0.5350082516670227,0.8372623920440674,-0.11295179277658463,-0.08290313929319382,0.081021748483181,0.9932586550712586],"EasingStyle":"Linear","EasingDirection":"In"},"Torso":{"Weight":1,"CFrame":[-0.0054811835289001469,0.022887378931045533,-0.3669776916503906,0.7268604040145874,-0.6832760572433472,0.06933887302875519,0.6812151670455933,0.7301138639450073,0.053663186728954318,-0.08729203790426254,0.008229045197367669,0.9961487650871277],"EasingStyle":"Linear","EasingDirection":"In"},"HumanoidRootPart":{"Weight":1,"CFrame":[0,0,0,1,0,0,0,1,0,0,0,1],"EasingStyle":"Linear","EasingDirection":"In"},"Right Leg":{"Weight":1,"CFrame":[0.23756109178066255,0.412223756313324,0.09096264839172363,0.8282136917114258,-0.5568599104881287,-0.06300246715545654,0.5420193076133728,0.8245186805725098,-0.16243110597133637,0.14239804446697236,0.10037919133901596,0.9847065806388855],"EasingStyle":"Linear","EasingDirection":"In"}}},{"Time":0.10000000149011612,"poses":{"Left Leg":{"Weight":1,"CFrame":[-0.9138778448104858,0.1472088098526001,-0.34973716735839846,0.7963668704032898,-0.4529631733894348,-0.40077969431877139,0.48419737815856936,0.8745630979537964,-0.026314066722989084,0.36242634057998659,-0.17310084402561189,0.9157964587211609],"EasingStyle":"Linear","EasingDirection":"In"},"Right Arm":{"Weight":1,"CFrame":[0.05255545675754547,-0.0019156038761138917,-0.041210293769836429,0.8087928891181946,-0.5826441049575806,-0.07987277954816818,0.5848882794380188,0.8110921382904053,0.005951939150691032,0.06131630390882492,-0.051530566066503528,0.9967873692512512],"EasingStyle":"Linear","EasingDirection":"In"},"Left Arm":{"Weight":1,"CFrame":[-0.13108232617378236,-0.08048829436302185,-0.013518333435058594,0.3758871853351593,0.8651745915412903,0.33193644881248476,-0.9265484809875488,0.3452075719833374,0.14946486055850984,0.01472613774240017,-0.3637372851371765,0.9313852190971375],"EasingStyle":"Linear","EasingDirection":"In"},"Head":{"Weight":1,"CFrame":[1.043081283569336e-7,1.1175870895385743e-8,1.1920928955078126e-7,0.8950126767158508,0.4459474980831146,0.009117495268583298,-0.4408770799636841,0.8875679969787598,-0.13360565900802613,-0.06767348200082779,0.11555907130241394,0.9909926652908325],"EasingStyle":"Linear","EasingDirection":"In"},"Torso":{"Weight":1,"CFrame":[-0.008669793605804444,0.011243283748626709,-0.35900211334228518,0.7293921113014221,-0.6778711676597595,0.09207529574632645,0.6769332885742188,0.7346136569976807,0.04587192460894585,-0.09873504191637039,0.02887020818889141,0.9946948885917664],"EasingStyle":"Linear","EasingDirection":"In"},"HumanoidRootPart":{"Weight":1,"CFrame":[0,0,0,1,0,0,0,1,0,0,0,1],"EasingStyle":"Linear","EasingDirection":"In"},"Right Leg":{"Weight":1,"CFrame":[0.3050820827484131,0.5548912286758423,0.0961538553237915,0.8869790434837341,-0.460727334022522,-0.031601086258888248,0.4520941376686096,0.8802457451820374,-0.1441468596458435,0.09422913193702698,0.11356852203607559,0.9890515804290772],"EasingStyle":"Linear","EasingDirection":"In"}}},{"Time":0.13333334028720857,"poses":{"Left Leg":{"Weight":1,"CFrame":[-0.8978042006492615,0.11866158246994019,-0.28269845247268679,0.803367018699646,-0.49876075983047488,-0.32532942295074465,0.5334529876708984,0.845569908618927,0.02096758596599102,0.26463088393211367,-0.1903926432132721,0.9453682899475098],"EasingStyle":"Linear","EasingDirection":"In"},"Right Arm":{"Weight":1,"CFrame":[0.07379700243473053,0.07228875160217285,-0.045518457889556888,0.5229449272155762,-0.8520402312278748,-0.023580539971590043,0.8516742587089539,0.5234350562095642,-0.025824664160609247,0.03434646874666214,-0.0065781474113464359,0.9993883371353149],"EasingStyle":"Linear","EasingDirection":"In"},"Left Arm":{"Weight":1,"CFrame":[0.00487837940454483,-0.09193125367164612,-0.144311785697937,0.45177969336509707,0.8267660140991211,0.33519139885902407,-0.8862956166267395,0.45883917808532717,0.0628231018781662,-0.10185898095369339,-0.32546088099479678,0.9400531649589539],"EasingStyle":"Linear","EasingDirection":"In"},"Head":{"Weight":1,"CFrame":[1.0058283805847168e-7,-3.3527612686157229e-8,0,0.9384784698486328,0.3448687493801117,-0.017990093678236009,-0.3438189625740051,0.9282020926475525,-0.14223024249076844,-0.03235230967402458,0.1396653652191162,0.9896701574325562],"EasingStyle":"Linear","EasingDirection":"In"},"Torso":{"Weight":1,"CFrame":[0.0005794167518615723,0.0058113932609558109,-0.34380650520324709,0.73544842004776,-0.6681162118911743,0.11285538226366043,0.6676478385925293,0.7429592609405518,0.04751729592680931,-0.11559401452541352,0.04040113091468811,0.9924746751785278],"EasingStyle":"Linear","EasingDirection":"In"},"HumanoidRootPart":{"Weight":1,"CFrame":[0,0,0,1,0,0,0,1,0,0,0,1],"EasingStyle":"Linear","EasingDirection":"In"},"Right Leg":{"Weight":1,"CFrame":[0.37320736050605776,0.6838283538818359,0.0882796049118042,0.9393905401229858,-0.34284889698028567,0.00009767261508386582,0.3402715027332306,0.9322936534881592,-0.12265351414680481,0.04196061193943024,0.11525273323059082,0.9924495816230774],"EasingStyle":"Linear","EasingDirection":"In"}}},{"Time":0.1666666716337204,"poses":{"Left Leg":{"Weight":1,"CFrame":[-0.8826034069061279,0.11782234907150269,-0.23307806253433228,0.8112311363220215,-0.5199376940727234,-0.26752370595932009,0.5528184175491333,0.8310526609420776,0.061183370649814609,0.19051465392112733,-0.19752588868141175,0.9616069197654724],"EasingStyle":"Linear","EasingDirection":"In"},"Right Arm":{"Weight":1,"CFrame":[0.10363711416721344,0.16239500045776368,-0.04714512825012207,0.38746652007102969,-0.9218836426734924,0.00044007314136251807,0.9214420914649963,0.38726621866226199,-0.03113708272576332,0.028534293174743654,0.012470105662941933,0.9995149970054627],"EasingStyle":"Linear","EasingDirection":"In"},"Left Arm":{"Weight":1,"CFrame":[0.061845824122428897,-0.09672978520393372,-0.19907212257385255,0.5156948566436768,0.7862855792045593,0.34031447768211367,-0.834292471408844,0.5512422323226929,-0.00938368495553732,-0.1949739158153534,-0.2790828049182892,0.940264880657196],"EasingStyle":"Linear","EasingDirection":"In"},"Head":{"Weight":1,"CFrame":[1.043081283569336e-7,-3.725290298461914e-8,-5.960464477539063e-8,0.9647281169891357,0.26158297061920168,-0.029562540352344514,-0.2630650997161865,0.9537708759307861,-0.14531990885734559,-0.00981731154024601,0.14797109365463258,0.9889430403709412],"EasingStyle":"Linear","EasingDirection":"In"},"Torso":{"Weight":1,"CFrame":[0.014076828956604004,0.0038762688636779787,-0.33689379692077639,0.7389739155769348,-0.6604418754577637,0.13316962122917176,0.6601567268371582,0.7492780089378357,0.05268452316522598,-0.13457612693309785,0.04898032173514366,0.989691972732544],"EasingStyle":"Linear","EasingDirection":"In"},"HumanoidRootPart":{"Weight":1,"CFrame":[0,0,0,1,0,0,0,1,0,0,0,1],"EasingStyle":"Linear","EasingDirection":"In"},"Right Leg":{"Weight":1,"CFrame":[0.4154347777366638,0.7999195456504822,0.07755208015441895,0.9718918800354004,-0.23456917703151704,0.020089421421289445,0.23537826538085938,0.9663912057876587,-0.10336872935295105,0.004832854960113764,0.10519178211688996,0.9944401979446411],"EasingStyle":"Linear","EasingDirection":"In"}}},{"Time":0.20000000298023225,"poses":{"Left Leg":{"Weight":1,"CFrame":[-0.882347047328949,0.1422531008720398,-0.21812224388122559,0.8202115297317505,-0.5177180171012878,-0.24335406720638276,0.5509031414985657,0.8294647336006165,0.09216295182704926,0.15413914620876313,-0.20965760946273805,0.9655489921569824],"EasingStyle":"Linear","EasingDirection":"In"},"Right Arm":{"Weight":1,"CFrame":[0.14065836369991303,0.26223164796829226,-0.04373478889465332,0.39387276768684389,-0.9185629487037659,-0.03326096013188362,0.9189423322677612,0.39431601762771609,-0.007745232433080673,0.02022978663444519,-0.027514327317476274,0.9994167685508728],"EasingStyle":"Linear","EasingDirection":"In"},"Left Arm":{"Weight":1,"CFrame":[0.061845794320106509,-0.09672975540161133,-0.19907212257385255,0.5606105923652649,0.7543811798095703,0.34150367975234988,-0.789324939250946,0.6115022897720337,-0.05505628138780594,-0.25036364793777468,-0.23869234323501588,0.9382665753364563],"EasingStyle":"Linear","EasingDirection":"In"},"Head":{"Weight":1,"CFrame":[2.60770320892334e-8,-5.587935447692871e-8,1.1920928955078126e-7,0.9774465560913086,0.20975296199321748,-0.024534236639738084,-0.21107061207294465,0.9665235280990601,-0.14588195085525514,-0.006886253133416176,0.1477702558040619,0.9889978170394898],"EasingStyle":"Linear","EasingDirection":"In"},"Torso":{"Weight":1,"CFrame":[0.025315552949905397,0.00295218825340271,-0.3399925231933594,0.738241970539093,-0.6567609906196594,0.1538308709859848,0.6570430397987366,0.7517474889755249,0.05630629509687424,-0.15262171626091004,0.059505823999643329,0.9864916801452637],"EasingStyle":"Linear","EasingDirection":"In"},"HumanoidRootPart":{"Weight":1,"CFrame":[0,0,0,1,0,0,0,1,0,0,0,1],"EasingStyle":"Linear","EasingDirection":"In"},"Right Leg":{"Weight":1,"CFrame":[0.408881813287735,0.9144902229309082,0.06004953384399414,0.9861440658569336,-0.16337312757968903,0.02879800647497177,0.1651356816291809,0.9833002090454102,-0.07649140805006027,-0.01582041010260582,0.0801871046423912,0.9966542720794678],"EasingStyle":"Linear","EasingDirection":"In"}}},{"Time":0.23333333432674409,"poses":{"Left Leg":{"Weight":1,"CFrame":[-0.8890372514724731,0.16816282272338868,-0.22321194410324098,0.8258790969848633,-0.5101574063301086,-0.2401316612958908,0.5464428663253784,0.8291696906089783,0.11780481785535813,0.1390107423067093,-0.22851069271564485,0.9635657072067261],"EasingStyle":"Linear","EasingDirection":"In"},"Right Arm":{"Weight":1,"CFrame":[0.17325237393379212,0.3452960252761841,-0.037401676177978519,0.4220823049545288,-0.9002857208251953,-0.10645199567079544,0.9063710570335388,0.4214579164981842,0.02940916270017624,0.01838834583759308,-0.10889815539121628,0.9938828945159912],"EasingStyle":"Linear","EasingDirection":"In"},"Left Arm":{"Weight":1,"CFrame":[0.06184591352939606,-0.09672996401786804,-0.19907212257385255,0.5871946215629578,0.7346476316452026,0.3398459553718567,-0.7607720494270325,0.6442825198173523,-0.07826905697584152,-0.2764570415019989,-0.2125864028930664,0.9372186660766602],"EasingStyle":"Linear","EasingDirection":"In"},"Head":{"Weight":1,"CFrame":[7.82310962677002e-8,-1.4901161193847657e-8,-1.1920928955078126e-7,0.9832515120506287,0.18120042979717256,-0.019570237025618554,-0.18211694061756135,0.9726628065109253,-0.14408574998378755,-0.007073169574141502,0.14523659646511079,0.9893717765808106],"EasingStyle":"Linear","EasingDirection":"In"},"Torso":{"Weight":1,"CFrame":[0.034810930490493777,0.0015395283699035645,-0.34636878967285159,0.7359976172447205,-0.6544256806373596,0.17330479621887208,0.6559070348739624,0.7527024745941162,0.056789349764585498,-0.16761136054992677,0.07187500596046448,0.9832295775413513],"EasingStyle":"Linear","EasingDirection":"In"},"HumanoidRootPart":{"Weight":1,"CFrame":[0,0,0,1,0,0,0,1,0,0,0,1],"EasingStyle":"Linear","EasingDirection":"In"},"Right Leg":{"Weight":1,"CFrame":[0.38434118032455447,1.0211883783340455,0.013249397277832032,0.9940902590751648,-0.10333974659442902,0.033247627317905429,0.10419327020645142,0.9942415952682495,-0.025052016600966455,-0.030467314645648004,0.02836812287569046,0.9991331100463867],"EasingStyle":"Linear","EasingDirection":"In"}}},{"Time":0.2666666805744171,"poses":{"Left Leg":{"Weight":1,"CFrame":[-0.8988661170005798,0.19372206926345826,-0.23127079010009767,0.8300611972808838,-0.5035292506217957,-0.23970159888267518,0.5421333312988281,0.829347550868988,0.13518120348453523,0.13072815537452699,-0.24215887486934663,0.9613891839981079],"EasingStyle":"Linear","EasingDirection":"In"},"Right Arm":{"Weight":1,"CFrame":[0.18726293742656709,0.3800029754638672,-0.033991336822509769,0.48106706142425539,-0.8580504059791565,-0.1797889769077301,0.8747391104698181,0.48344993591308596,0.03328220173716545,0.058361105620861056,-0.17327949404716493,0.983142077922821],"EasingStyle":"Linear","EasingDirection":"In"},"Left Arm":{"Weight":1,"CFrame":[0.061845868825912479,-0.09672993421554566,-0.199072003364563,0.595616340637207,0.7277403473854065,0.3400517702102661,-0.7510279417037964,0.6546929478645325,-0.08563998341560364,-0.284953236579895,-0.20437999069690705,0.9364991188049316],"EasingStyle":"Linear","EasingDirection":"In"},"Head":{"Weight":1,"CFrame":[7.82310962677002e-8,-1.4901161193847657e-8,-5.960464477539063e-8,0.9857250452041626,0.16770072281360627,-0.014920983463525772,-0.16814379394054414,0.9760420322418213,-0.13809312880039216,-0.008594832383096218,0.13863074779510499,0.9903068542480469],"EasingStyle":"Linear","EasingDirection":"In"},"Torso":{"Weight":1,"CFrame":[0.04485654830932617,-0.001401945948600769,-0.35884714126586916,0.7332351803779602,-0.6530362963676453,0.1894988864660263,0.6563568115234375,0.7525389194488525,0.05367512255907059,-0.17765706777572633,0.08502237498760224,0.9804128408432007],"EasingStyle":"Linear","EasingDirection":"In"},"HumanoidRootPart":{"Weight":1,"CFrame":[0,0,0,1,0,0,0,1,0,0,0,1],"EasingStyle":"Linear","EasingDirection":"In"},"Right Leg":{"Weight":1,"CFrame":[0.4260618984699249,1.0869556665420533,-0.0706096887588501,0.9994648694992065,0.012280168943107129,0.030319448560476304,-0.013900834135711193,0.9984532594680786,0.053831346333026889,-0.02961154840886593,-0.05422401800751686,0.998089611530304],"EasingStyle":"Linear","EasingDirection":"In"}}},{"Time":0.30000001192092898,"poses":{"Left Leg":{"Weight":1,"CFrame":[-0.9200859069824219,0.22173506021499635,-0.26132673025131228,0.8289928436279297,-0.49436676502227785,-0.26148083806037905,0.539707362651825,0.8297297358512878,0.14235378801822663,0.14658336341381074,-0.2591334283351898,0.9546535015106201],"EasingStyle":"Linear","EasingDirection":"In"},"Right Arm":{"Weight":1,"CFrame":[0.18455387651920319,0.35587191581726076,-0.03934371471405029,0.5715256333351135,-0.7818502187728882,-0.24913564324378968,0.8078141808509827,0.589427649974823,0.003381401300430298,0.14420363306999207,-0.20318785309791566,0.9684627056121826],"EasingStyle":"Linear","EasingDirection":"In"},"Left Arm":{"Weight":1,"CFrame":[0.06184589862823486,-0.09672942757606507,-0.19907212257385255,0.592208206653595,0.7279024124145508,0.3456118702888489,-0.7527172565460205,0.652816891670227,-0.08512938022613526,-0.28758713603019717,-0.209733784198761,0.9345081448554993],"EasingStyle":"Linear","EasingDirection":"In"},"Head":{"Weight":1,"CFrame":[1.1175870895385742e-7,3.725290298461914e-9,3.5762786865234377e-7,0.9869543313980103,0.16063819825649262,-0.010805201716721058,-0.1607113778591156,0.9789310693740845,-0.12595966458320619,-0.009656410664319992,0.12605294585227967,0.9919766187667847],"EasingStyle":"Linear","EasingDirection":"In"},"Torso":{"Weight":1,"CFrame":[0.060723304748535159,-0.00496402382850647,-0.3824186325073242,0.7178647518157959,-0.6663423776626587,0.20163854956626893,0.6720296144485474,0.7388865947723389,0.04922253265976906,-0.18178705871105195,0.10017193853855133,0.9782224893569946],"EasingStyle":"Linear","EasingDirection":"In"},"HumanoidRootPart":{"Weight":1,"CFrame":[0,0,0,1,0,0,0,1,0,0,0,1],"EasingStyle":"Linear","EasingDirection":"In"},"Right Leg":{"Weight":1,"CFrame":[0.6384238004684448,1.0306369066238404,-0.15300047397613526,0.9622954726219177,0.27199849486351015,-0.0020638001151382925,-0.26846033334732058,0.950944185256958,0.15373416244983674,0.043777886778116229,-0.1473836451768875,0.9881101250648499],"EasingStyle":"Linear","EasingDirection":"In"}}},{"Time":0.3333333432674408,"poses":{"Left Leg":{"Weight":1,"CFrame":[-0.9504193067550659,0.2535303235054016,-0.3243333101272583,0.8200471997261047,-0.47786611318588259,-0.31490734219551089,0.5383872389793396,0.830758810043335,0.14134769141674043,0.19406679272651673,-0.28545382618904116,0.9385383129119873],"EasingStyle":"Linear","EasingDirection":"In"},"Right Arm":{"Weight":1,"CFrame":[0.17756761610507966,0.29363715648651125,-0.05314737558364868,0.6720824241638184,-0.6639025211334229,-0.327930748462677,0.6961166858673096,0.7174631357192993,-0.02585243433713913,0.25244179368019106,-0.21090316772460938,0.9443480372428894],"EasingStyle":"Linear","EasingDirection":"In"},"Left Arm":{"Weight":1,"CFrame":[0.061845868825912479,-0.09672996401786804,-0.19907212257385255,0.5832878351211548,0.7306036353111267,0.354955792427063,-0.7590749263763428,0.6458262801170349,-0.08193649351596832,-0.2891029715538025,-0.22164563834667207,0.9312856197357178],"EasingStyle":"Linear","EasingDirection":"In"},"Head":{"Weight":1,"CFrame":[1.3224780559539796e-7,-5.029141902923584e-8,-5.960464477539063e-8,0.9884613156318665,0.15128587186336518,-0.00754028744995594,-0.15123118460178376,0.982839822769165,-0.10561764985322952,-0.008567554876208306,0.10553929209709168,0.9943783283233643],"EasingStyle":"Linear","EasingDirection":"In"},"Torso":{"Weight":1,"CFrame":[0.08622509241104126,-0.0073566734790802,-0.41598033905029299,0.6822922229766846,-0.7000560760498047,0.21071027219295503,0.7083776593208313,0.7043179273605347,0.0462317131459713,-0.18077179789543153,0.1177188977599144,0.9764547944068909],"EasingStyle":"Linear","EasingDirection":"In"},"HumanoidRootPart":{"Weight":1,"CFrame":[0,0,0,1,0,0,0,1,0,0,0,1],"EasingStyle":"Linear","EasingDirection":"In"},"Right Leg":{"Weight":1,"CFrame":[0.9472529888153076,0.706548810005188,-0.10415804386138916,0.7675591111183167,0.6367910504341126,-0.07314498722553253,-0.6000188589096069,0.7539557218551636,0.2674475908279419,0.22545641660690309,-0.16139350831508637,0.9607921838760376],"EasingStyle":"Linear","EasingDirection":"In"}}},{"Time":0.36666667461395266,"poses":{"Left Leg":{"Weight":1,"CFrame":[-0.9780040383338928,0.28192126750946047,-0.40643930435180666,0.8010674715042114,-0.45765891671180727,-0.38579699397087099,0.5389356017112732,0.8319128751754761,0.13217154145240785,0.2604600191116333,-0.31379809975624087,0.9130669832229614],"EasingStyle":"Linear","EasingDirection":"In"},"Right Arm":{"Weight":1,"CFrame":[0.16801492869853974,0.20854145288467408,-0.072021484375,0.7549310922622681,-0.5133184790611267,-0.4081461429595947,0.5424447655677795,0.8385260701179504,-0.051262401044368747,0.36855506896972659,-0.18269716203212739,0.9114762544631958],"EasingStyle":"Linear","EasingDirection":"In"},"Left Arm":{"Weight":1,"CFrame":[0.06184577941894531,-0.09672987461090088,-0.19907206296920777,0.5676473379135132,0.7372642755508423,0.36635756492614748,-0.7708128094673157,0.6322623491287231,-0.07805106788873673,-0.28917840123176577,-0.23808781802654267,0.9271948933601379],"EasingStyle":"Linear","EasingDirection":"In"},"Head":{"Weight":1,"CFrame":[8.195638656616211e-8,-6.51925802230835e-8,-3.5762786865234377e-7,0.9910274744033814,0.13296155631542207,-0.013629640452563763,-0.13358905911445619,0.98863285779953,-0.06898638606071472,0.00430215522646904,0.07018817216157913,0.9975245594978333],"EasingStyle":"Linear","EasingDirection":"In"},"Torso":{"Weight":1,"CFrame":[0.12137848138809204,-0.00862458348274231,-0.4531517028808594,0.6345788836479187,-0.7417250871658325,0.21714888513088227,0.7526044249534607,0.6569576263427734,0.04464680328965187,-0.1757732331752777,0.1350952833890915,0.975117027759552],"EasingStyle":"Linear","EasingDirection":"In"},"HumanoidRootPart":{"Weight":1,"CFrame":[0,0,0,1,0,0,0,1,0,0,0,1],"EasingStyle":"Linear","EasingDirection":"In"},"Right Leg":{"Weight":1,"CFrame":[0.9764305353164673,0.2750329375267029,0.11034131050109863,0.4761832058429718,0.8639031052589417,-0.1640758514404297,-0.7753825783729553,0.5005204081535339,0.38504713773727419,0.4147668182849884,-0.056131426244974139,0.9081947803497315],"EasingStyle":"Linear","EasingDirection":"In"}}},{"Time":0.4000000059604645,"poses":{"Left Leg":{"Weight":1,"CFrame":[-0.9969916343688965,0.2979555130004883,-0.4917498230934143,0.770831823348999,-0.4403594136238098,-0.460328072309494,0.5430408120155335,0.8320116400718689,0.11341675370931626,0.33305415511131289,-0.3374020457267761,0.8804742097854614],"EasingStyle":"Linear","EasingDirection":"In"},"Right Arm":{"Weight":1,"CFrame":[0.1576066017150879,0.1158258318901062,-0.09258586168289185,0.8020368814468384,-0.3550049960613251,-0.48032107949256899,0.3653925955295563,0.9277791976928711,-0.0755913183093071,0.47246724367141726,-0.11487875878810883,0.8738293647766113],"EasingStyle":"Linear","EasingDirection":"In"},"Left Arm":{"Weight":1,"CFrame":[0.06184571981430054,-0.09672999382019043,-0.19907212257385255,0.5438917875289917,0.7491333484649658,0.37812814116477969,-0.7884063720703125,0.6105060577392578,-0.07548423856496811,-0.2873973846435547,-0.2570635974407196,0.9226707220077515],"EasingStyle":"Linear","EasingDirection":"In"},"Head":{"Weight":1,"CFrame":[1.3597309589385987e-7,-7.264316082000733e-8,-5.960464477539063e-8,0.9934117197990418,0.10928307473659516,-0.03450190648436546,-0.10989688336849213,0.9938074350357056,-0.016417236998677255,0.032494138926267627,0.020100699737668039,0.9992698431015015],"EasingStyle":"Linear","EasingDirection":"In"},"Torso":{"Weight":1,"CFrame":[0.16611555218696595,-0.009064063429832459,-0.48755526542663576,0.584747850894928,-0.7804508805274963,0.22128358483314515,0.793472170829773,0.6070069670677185,0.04409746825695038,-0.16873659193515778,0.14979645609855653,0.9742119908332825],"EasingStyle":"Linear","EasingDirection":"In"},"HumanoidRootPart":{"Weight":1,"CFrame":[0,0,0,1,0,0,0,1,0,0,0,1],"EasingStyle":"Linear","EasingDirection":"In"},"Right Leg":{"Weight":1,"CFrame":[0.7199148535728455,0.06283652782440186,0.28538596630096438,0.28957465291023257,0.9228719472885132,-0.25387778878211977,-0.7792255282402039,0.3813309669494629,0.4973873496055603,0.5558363795280457,0.05379717797040939,0.829549252986908],"EasingStyle":"Linear","EasingDirection":"In"}}},{"Time":0.4333333373069763,"poses":{"Left Leg":{"Weight":1,"CFrame":[-1.00785493850708,0.2915242314338684,-0.5640605688095093,0.7309725880622864,-0.43457654118537905,-0.5261391401290894,0.552327036857605,0.8295696377754211,0.08215378224849701,0.40076687932014468,-0.3506530225276947,0.8464210033416748],"EasingStyle":"Linear","EasingDirection":"In"},"Right Arm":{"Weight":1,"CFrame":[0.14805392920970918,0.03073018789291382,-0.11146003007888794,0.8139910101890564,-0.22213348746299745,-0.5367263555526733,0.19448892772197724,0.9748840928077698,-0.10851381719112396,0.5473505258560181,-0.016058003529906274,0.8367494344711304],"EasingStyle":"Linear","EasingDirection":"In"},"Left Arm":{"Weight":1,"CFrame":[0.061845943331718448,-0.09672969579696655,-0.19907212257385255,0.5103000402450562,0.7672210931777954,0.3885430693626404,-0.8119927048683167,0.5786715149879456,-0.07620552182197571,-0.2833053171634674,-0.2766065299510956,0.91827392578125],"EasingStyle":"Linear","EasingDirection":"In"},"Head":{"Weight":1,"CFrame":[3.166496753692627e-8,5.21540641784668e-8,1.1920928955078126e-7,0.9940699338912964,0.0868997573852539,-0.0653713271021843,-0.08430974185466767,0.9955796003341675,0.04139186069369316,0.06867926567792893,-0.03563495725393295,0.9970021843910217],"EasingStyle":"Linear","EasingDirection":"In"},"Torso":{"Weight":1,"CFrame":[0.22038355469703675,-0.009068191051483155,-0.5128359794616699,0.5450650453567505,-0.8080648183822632,0.22346247732639314,0.8225274085998535,0.5670138597488403,0.044092290103435519,-0.16233570873737336,0.15977083146572114,0.9737148284912109],"EasingStyle":"Linear","EasingDirection":"In"},"HumanoidRootPart":{"Weight":1,"CFrame":[0,0,0,1,0,0,0,1,0,0,0,1],"EasingStyle":"Linear","EasingDirection":"In"},"Right Leg":{"Weight":1,"CFrame":[0.39813345670700076,0.0626833438873291,0.3056999444961548,0.23453572392463685,0.9160102605819702,-0.32545074820518496,-0.7023903727531433,0.391131192445755,0.5946966409683228,0.6720422506332398,0.08911588042974472,0.7351310849189758],"EasingStyle":"Linear","EasingDirection":"In"}}},{"Time":0.46666666865348818,"poses":{"Left Leg":{"Weight":1,"CFrame":[-1.0130085945129395,0.25296980142593386,-0.6083073616027832,0.6867215633392334,-0.44801855087280276,-0.57244473695755,0.5663240551948547,0.8234426975250244,0.03491915762424469,0.45573094487190249,-0.34816884994506838,0.8191994428634644],"EasingStyle":"Linear","EasingDirection":"In"},"Right Arm":{"Weight":1,"CFrame":[0.14106762409210206,-0.031503915786743167,-0.12526345252990724,0.8076347708702087,-0.1438552737236023,-0.5718668103218079,0.059081368148326877,0.9846474528312683,-0.16425266861915589,0.586715817451477,0.09886947274208069,0.8037346601486206],"EasingStyle":"Linear","EasingDirection":"In"},"Left Arm":{"Weight":1,"CFrame":[0.06184577941894531,-0.09672990441322327,-0.19907212257385255,0.4646752178668976,0.7921492457389832,0.3956977128982544,-0.8412083983421326,0.5344471335411072,-0.08206557482481003,-0.27648764848709109,-0.29473042488098147,0.9147068858146668],"EasingStyle":"Linear","EasingDirection":"In"},"Head":{"Weight":1,"CFrame":[9.313225746154785e-8,-2.7939677238464357e-8,1.1920928955078126e-7,0.9923746585845947,0.07168979942798615,-0.1002655103802681,-0.06228242069482803,0.9936220645904541,0.09400152415037155,0.10636501014232636,-0.08703996986150742,0.9905102252960205],"EasingStyle":"Linear","EasingDirection":"In"},"Torso":{"Weight":1,"CFrame":[0.2841768264770508,-0.009003520011901856,-0.5226657390594482,0.5289016366004944,-0.8185632228851318,0.22409239411354066,0.8335487842559815,0.5506771802902222,0.04417312145233154,-0.15956108272075654,0.1634286791086197,0.9735662937164307],"EasingStyle":"Linear","EasingDirection":"In"},"HumanoidRootPart":{"Weight":1,"CFrame":[0,0,0,1,0,0,0,1,0,0,0,1],"EasingStyle":"Linear","EasingDirection":"In"},"Right Leg":{"Weight":1,"CFrame":[0.12332439422607422,0.1654900312423706,0.1765216588973999,0.279720664024353,0.8852423429489136,-0.37162116169929507,-0.5796591639518738,0.4642806351184845,0.6696557402610779,0.7653441429138184,0.028097007423639299,0.643007755279541],"EasingStyle":"Linear","EasingDirection":"In"}}},{"Time":0.5,"poses":{"Left Leg":{"Weight":1,"CFrame":[-1.0073354244232178,0.15478724241256715,-0.5899394750595093,0.6488131284713745,-0.4975540339946747,-0.5757443308830261,0.5841551423072815,0.8105455636978149,-0.042176149785518649,0.4876519441604614,-0.30895957350730898,0.8165412545204163],"EasingStyle":"Linear","EasingDirection":"In"},"Right Arm":{"Weight":1,"CFrame":[0.13835866749286652,-0.05563539266586304,-0.13061583042144776,0.8040843605995178,-0.13983750343322755,-0.5778353810310364,-0.017193729057908059,0.9660675525665283,-0.2577165961265564,0.5942665338516235,0.21716105937957765,0.7743954658508301],"EasingStyle":"Linear","EasingDirection":"In"},"Left Arm":{"Weight":1,"CFrame":[0.06184583902359009,-0.09672960638999939,-0.199072003364563,0.40421321988105776,0.8238708972930908,0.3973015546798706,-0.8749226331710815,0.47491753101348879,-0.09467718005180359,-0.26668721437454226,-0.3093383312225342,0.9127912521362305],"EasingStyle":"Linear","EasingDirection":"In"},"Head":{"Weight":1,"CFrame":[7.450580596923828e-8,5.587935447692871e-9,2.384185791015625e-7,0.9888379573822022,0.06819489598274231,-0.13247330486774445,-0.05059973523020744,0.9899682402610779,0.13191919028759004,0.1401405930519104,-0.12374355643987656,0.9823687076568604],"EasingStyle":"Linear","EasingDirection":"In"},"Torso":{"Weight":1,"CFrame":[0.3475889265537262,-0.007950171828269959,-0.5004668235778809,0.5627928972244263,-0.7986440658569336,0.21314756572246552,0.8108255863189697,0.5835175514221191,0.04548981040716171,-0.16070552170276643,0.14722412824630738,0.9759604334831238],"EasingStyle":"Linear","EasingDirection":"In"},"HumanoidRootPart":{"Weight":1,"CFrame":[0,0,0,1,0,0,0,1,0,0,0,1],"EasingStyle":"Linear","EasingDirection":"In"},"Right Leg":{"Weight":1,"CFrame":[-0.054515540599823,0.28421688079833987,-0.02550506591796875,0.40493401885032656,0.8310055136680603,-0.38139015436172488,-0.431285560131073,0.5413933992385864,0.7217243909835815,0.8062390089035034,-0.12776266038417817,0.5776291489601135],"EasingStyle":"Linear","EasingDirection":"In"}}},{"Time":0.5333333611488342,"poses":{"Left Leg":{"Weight":1,"CFrame":[-0.9734553694725037,0.05123031139373779,-0.5039545893669128,0.6521561145782471,-0.5470751523971558,-0.5247868299484253,0.563479483127594,0.8129109740257263,-0.14719653129577638,0.5071325302124023,-0.19971144199371339,0.8384103775024414],"EasingStyle":"Linear","EasingDirection":"In"},"Right Arm":{"Weight":1,"CFrame":[0.13835862278938294,-0.055635303258895877,-0.13061583042144776,0.8521157503128052,-0.28759267926216128,-0.4372517168521881,0.08128227293491364,0.8980678915977478,-0.4322817623615265,0.5170028805732727,0.3328132629394531,0.7886338829994202],"EasingStyle":"Linear","EasingDirection":"In"},"Left Arm":{"Weight":1,"CFrame":[0.059984128922224048,-0.09834933280944824,-0.23459142446517945,0.31985220313072207,0.9190557599067688,0.23028472065925599,-0.9269978404045105,0.35380712151527407,-0.12448158860206604,-0.19588182866573335,-0.17365773022174836,0.9651287198066711],"EasingStyle":"Linear","EasingDirection":"In"},"Head":{"Weight":1,"CFrame":[3.725290298461914e-8,3.166496753692627e-8,4.76837158203125e-7,0.9779660701751709,0.14350669085979463,-0.15161944925785066,-0.11941134929656983,0.9802586436271668,0.15758761763572694,0.1712411493062973,-0.13601024448871613,0.9757959246635437],"EasingStyle":"Linear","EasingDirection":"In"},"Torso":{"Weight":1,"CFrame":[0.39976823329925539,-0.0051791369915008549,-0.4479844570159912,0.6480327844619751,-0.7382495999336243,0.187192901968956,0.7444464564323425,0.6658852100372315,0.048953622579574588,-0.16078895330429078,0.10763155668973923,0.981102705001831],"EasingStyle":"Linear","EasingDirection":"In"},"HumanoidRootPart":{"Weight":1,"CFrame":[0,0,0,1,0,0,0,1,0,0,0,1],"EasingStyle":"Linear","EasingDirection":"In"},"Right Leg":{"Weight":1,"CFrame":[-0.05296925827860832,0.381320595741272,-0.019816040992736818,0.32732418179512026,0.8021619319915772,-0.4993947446346283,-0.2138221114873886,0.5776795744895935,0.7877603769302368,0.9204016327857971,-0.15107154846191407,0.3606085479259491],"EasingStyle":"Linear","EasingDirection":"In"}}},{"Time":0.5666666626930237,"poses":{"Left Leg":{"Weight":1,"CFrame":[-0.9135479927062988,-0.006795406341552734,-0.3819466829299927,0.7147894501686096,-0.5488070249557495,-0.4334593415260315,0.4919360876083374,0.8351163268089294,-0.24612903594970704,0.49706631898880007,-0.037303902208805087,0.8669103384017944],"EasingStyle":"Linear","EasingDirection":"In"},"Right Arm":{"Weight":1,"CFrame":[0.13835863769054414,-0.05563557147979736,-0.13061583042144776,0.837456226348877,-0.5464652180671692,-0.006547234952449799,0.43584102392196658,0.6750569343566895,-0.5952653288841248,0.3297116458415985,0.4956551194190979,0.8035025000572205],"EasingStyle":"Linear","EasingDirection":"In"},"Left Arm":{"Weight":1,"CFrame":[0.055544525384902957,-0.10221219062805176,-0.31958115100860598,0.14952662587165833,0.9597741365432739,-0.23764552175998689,-0.9864403009414673,0.12835729122161866,-0.10227413475513458,-0.06765647977590561,0.24971576035022736,0.9659526944160461],"EasingStyle":"Linear","EasingDirection":"In"},"Head":{"Weight":1,"CFrame":[1.1175870895385742e-7,-5.587935447692871e-8,-2.980232238769531e-7,0.9480194449424744,0.2777668237686157,-0.15525712072849275,-0.2499447464942932,0.9519575834274292,0.17693088948726655,0.19694368541240693,-0.12892819941043855,0.9719005823135376],"EasingStyle":"Linear","EasingDirection":"In"},"Torso":{"Weight":1,"CFrame":[0.439063161611557,-0.0012732148170471192,-0.3861355781555176,0.7569687962532044,-0.6344985961914063,0.15623681247234345,0.6349061131477356,0.7707114219665527,0.053836025297641757,-0.15457236766815186,0.05844353511929512,0.9862513542175293],"EasingStyle":"Linear","EasingDirection":"In"},"HumanoidRootPart":{"Weight":1,"CFrame":[0,0,0,1,0,0,0,1,0,0,0,1],"EasingStyle":"Linear","EasingDirection":"In"},"Right Leg":{"Weight":1,"CFrame":[-0.09872902929782868,0.6163181066513062,0.01705312728881836,0.0785965770483017,0.6750538945198059,-0.7335700988769531,0.059794723987579349,0.7313292026519775,0.6793983578681946,0.9951116442680359,-0.09726212918758393,0.01711549423635006],"EasingStyle":"Linear","EasingDirection":"In"}}},{"Time":0.6000000238418579,"poses":{"Left Leg":{"Weight":1,"CFrame":[-0.8410553932189941,-0.027341127395629884,-0.2562108039855957,0.8032490611076355,-0.4987945854663849,-0.325568825006485,0.40715914964675906,0.8587413430213928,-0.31110256910324099,0.4347556531429291,0.11733449995517731,0.8928718566894531],"EasingStyle":"Linear","EasingDirection":"In"},"Right Arm":{"Weight":1,"CFrame":[0.13835859298706056,-0.05563560128211975,-0.13061589002609254,0.5339590907096863,-0.6480525135993958,0.5430614948272705,0.8315149545669556,0.2861066460609436,-0.47615766525268557,0.15320168435573579,0.7058122158050537,0.691634476184845],"EasingStyle":"Linear","EasingDirection":"In"},"Left Arm":{"Weight":1,"CFrame":[0.050245847553014758,-0.10682231187820435,-0.421688973903656,-0.10406797379255295,0.6713435053825378,-0.7338037490844727,-0.9943292140960693,-0.08647037297487259,0.061905600130558017,-0.021892324090003969,0.7360847592353821,0.6765351891517639],"EasingStyle":"Linear","EasingDirection":"In"},"Head":{"Weight":1,"CFrame":[1.0617077350616455e-7,-1.862645149230957e-8,-2.980232238769531e-7,0.9249244332313538,0.3477317690849304,-0.1536150723695755,-0.3189122676849365,0.9296902418136597,0.1843123733997345,0.20690570771694184,-0.12148524820804596,0.9707891345024109],"EasingStyle":"Linear","EasingDirection":"In"},"Torso":{"Weight":1,"CFrame":[0.4628111720085144,0.0011925548315048218,-0.3347625732421875,0.8628368377685547,-0.48873868584632876,0.12902358174324037,0.48560193181037905,0.8723251223564148,0.05691824108362198,-0.14036865532398225,0.01354293618351221,0.990006685256958],"EasingStyle":"Linear","EasingDirection":"In"},"HumanoidRootPart":{"Weight":1,"CFrame":[0,0,0,1,0,0,0,1,0,0,0,1],"EasingStyle":"Linear","EasingDirection":"In"},"Right Leg":{"Weight":1,"CFrame":[-0.2711973190307617,0.8103885650634766,-0.019667506217956544,-0.0885140672326088,0.4064142405986786,-0.9093914031982422,0.13608701527118684,0.9093481302261353,0.393149197101593,0.9867348670959473,-0.08895713090896607,-0.13579775393009187],"EasingStyle":"Linear","EasingDirection":"In"}}},{"Time":0.6333333253860474,"poses":{"Left Leg":{"Weight":1,"CFrame":[-0.7918901443481445,-0.007092118263244629,-0.14972299337387086,0.8738889694213867,-0.4320130944252014,-0.2228967249393463,0.3488788604736328,0.8766555786132813,-0.331298291683197,0.3385288417339325,0.21175400912761689,0.9168197512626648],"EasingStyle":"Linear","EasingDirection":"In"},"Right Arm":{"Weight":1,"CFrame":[0.13835859298706056,-0.0556354820728302,-0.1306159496307373,0.14678438007831574,-0.5351128578186035,0.8319306373596191,0.9839251041412354,-0.007497233338654041,-0.17842444777488709,0.10171446204185486,0.8447473049163818,0.5254104733467102],"EasingStyle":"Linear","EasingDirection":"In"},"Left Arm":{"Weight":1,"CFrame":[0.04580632597208023,-0.