{"Sequence":[{"Time":0,"poses":{"Left Leg":{"Weight":1,"CFrame":[-0.6469545364379883,0.12800735235214234,0.047240495681762698,0.9521373510360718,-0.2986944913864136,0.0649326965212822,0.3023391366004944,0.9515439867973328,-0.05617054924368858,-0.045008525252342227,0.07311379909515381,0.9963075518608093],"EasingStyle":"Linear","EasingDirection":"In"},"Right Arm":{"Weight":1,"CFrame":[0.7010393738746643,-1.1430608034133912,0.5447636842727661,-0.9305595755577087,-0.30064108967781069,0.20898306369781495,0.28956136107444765,-0.25495827198028567,0.9225783348083496,-0.22408300638198853,0.9190273284912109,0.3243076205253601],"EasingStyle":"Linear","EasingDirection":"In"},"Left Arm":{"Weight":1,"CFrame":[-0.7010385990142822,-1.1430608034133912,0.5447636842727661,-0.9305593967437744,0.30064159631729128,-0.20898288488388062,-0.2895614504814148,-0.25495848059654238,0.9225782155990601,0.22408348321914674,0.9190271496772766,0.324307918548584],"EasingStyle":"Linear","EasingDirection":"In"},"Head":{"Weight":1,"CFrame":[-4.0978193283081057e-8,4.0745362639427189e-9,0.016661643981933595,0.9768261909484863,-0.004921956453472376,0.2139778435230255,0.018286004662513734,0.9979994297027588,-0.06052094325423241,-0.21325185894966126,0.06303121149539948,0.9749619364738464],"EasingStyle":"Linear","EasingDirection":"In"},"Torso":{"Weight":1,"CFrame":[0.1820143461227417,-0.04282434284687042,-0.40468931198120119,0.9766659736633301,0.00885653868317604,-0.21458129584789277,-0.020492425188422204,0.9984335899353027,-0.052062276750802997,0.21378406882286073,0.05524474382400513,0.9753175973892212],"EasingStyle":"Linear","EasingDirection":"In"},"HumanoidRootPart":{"Weight":0,"CFrame":[0,0,0,1,0,0,0,1,0,0,0,1],"EasingStyle":"Linear","EasingDirection":"In"},"Right Leg":{"Weight":1,"CFrame":[0.786708652973175,0.4679964780807495,0.05965280532836914,0.8962079882621765,0.39978286623954775,-0.1923147737979889,-0.35038718581199648,0.9037549495697022,0.24587774276733399,0.2721031904220581,-0.152973011136055,0.9500312209129334],"EasingStyle":"Linear","EasingDirection":"In"}}},{"Time":0.03333333507180214,"poses":{"Left Leg":{"Weight":1,"CFrame":[-0.6625894904136658,0.09331542253494263,0.03904426097869873,0.949998676776886,-0.3054713308811188,0.06472914665937424,0.30805832147598269,0.9507434368133545,-0.03445270285010338,-0.051016535609960559,0.0526704303920269,0.9973079562187195],"EasingStyle":"Linear","EasingDirection":"In"},"Right Arm":{"Weight":1,"CFrame":[0.6997836828231812,-1.1412792205810547,0.47432374954223635,-0.9252644777297974,-0.3170590102672577,0.20822902023792268,0.3246886730194092,-0.3781745135784149,0.8669264912605286,-0.19611996412277223,0.8697457909584045,0.45285680890083315],"EasingStyle":"Linear","EasingDirection":"In"},"Left Arm":{"Weight":1,"CFrame":[-0.6996589303016663,-1.1387434005737305,0.4748406410217285,-0.9253715872764587,0.31670549511909487,-0.20829081535339356,-0.32437169551849368,-0.3772754967212677,0.8674367070198059,0.19613902270793916,0.8702648282051086,0.4518500566482544],"EasingStyle":"Linear","EasingDirection":"In"},"Head":{"Weight":1,"CFrame":[1.026783138513565e-7,2.473825588822365e-10,0.016662001609802247,0.9796716570854187,-0.007340359501540661,0.2004733681678772,0.017900025472044946,0.9985427260398865,-0.05091208964586258,-0.19980749487876893,0.053465601056814197,0.9783754348754883],"EasingStyle":"Linear","EasingDirection":"In"},"Torso":{"Weight":1,"CFrame":[0.1783585548400879,-0.04304402321577072,-0.3545870780944824,0.9795446395874023,0.008458109572529793,-0.2010493129491806,-0.019361762329936029,0.9984421730041504,-0.05232933908700943,0.20029349625110627,0.05515158921480179,0.9781824350357056],"EasingStyle":"Linear","EasingDirection":"In"},"HumanoidRootPart":{"Weight":0,"CFrame":[0,0,0,1,0,0,0,1,0,0,0,1],"EasingStyle":"Linear","EasingDirection":"In"},"Right Leg":{"Weight":1,"CFrame":[0.7623250484466553,0.41157066822052,0.07322359085083008,0.90229731798172,0.38581904768943789,-0.19236236810684205,-0.3432031273841858,0.9128680229187012,0.22109666466712953,0.26090481877326968,-0.13347558677196504,0.9560925364494324],"EasingStyle":"Linear","EasingDirection":"In"}}},{"Time":0.06666667014360428,"poses":{"Left Leg":{"Weight":1,"CFrame":[-0.5671467185020447,-0.03408634662628174,0.011867761611938477,0.9663673043251038,-0.24907761812210084,0.06399013847112656,0.24839076399803163,0.9684813022613525,0.018600741401314737,-0.06660633534193039,-0.002080592792481184,0.9977771639823914],"EasingStyle":"Linear","EasingDirection":"In"},"Right Arm":{"Weight":1,"CFrame":[0.6964659690856934,-1.1287260055541993,0.31308114528656008,-0.9133092164993286,-0.3589861989021301,0.19234135746955872,0.38948869705200198,-0.6318840980529785,0.6700904965400696,-0.11901575326919556,0.6869144439697266,0.7169265747070313],"EasingStyle":"Linear","EasingDirection":"In"},"Left Arm":{"Weight":1,"CFrame":[-0.6961259245872498,-1.122012734413147,0.3144400119781494,-0.9135266542434692,0.3582840859889984,-0.19261789321899415,-0.3890145719051361,-0.6310745477676392,0.67112797498703,0.11889825761318207,0.6880243420600891,0.7158811092376709],"EasingStyle":"Linear","EasingDirection":"In"},"Head":{"Weight":1,"CFrame":[1.1864904081448913e-7,-9.759105523698964e-9,0.016662001609802247,0.9864018559455872,-0.012146145105361939,0.16390223801136018,0.016812875866889955,0.9994909763336182,-0.027115019038319589,-0.163489431142807,0.029502004384994508,0.9861039519309998],"EasingStyle":"Linear","EasingDirection":"In"},"Torso":{"Weight":1,"CFrame":[0.16714438796043397,-0.04356398433446884,-0.14603734016418458,0.9863478541374207,0.00734386732801795,-0.16451126337051392,-0.016267431899905206,0.998464047908783,-0.052961479872465137,0.16386963427066804,0.05491461604833603,0.9849523901939392],"EasingStyle":"Linear","EasingDirection":"In"},"HumanoidRootPart":{"Weight":0,"CFrame":[0,0,0,1,0,0,0,1,0,0,0,1],"EasingStyle":"Linear","EasingDirection":"In"},"Right Leg":{"Weight":1,"CFrame":[0.5999329686164856,0.21578145027160645,0.08888125419616699,0.9359022974967957,0.2950596809387207,-0.19242320954799653,-0.26809820532798769,0.9509657621383667,0.15423238277435304,0.22849564254283906,-0.09275821596384049,0.9691159725189209],"EasingStyle":"Linear","EasingDirection":"In"}}},{"Time":0.10000000149011612,"poses":{"Left Leg":{"Weight":1,"CFrame":[-0.5425712466239929,-0.11832070350646973,-0.014545559883117676,0.9717316031455994,-0.22929394245147706,0.0562325157225132,0.22333763539791108,0.9700109362602234,0.09591217339038849,-0.07653827220201493,-0.08064203709363938,0.993800163269043],"EasingStyle":"Linear","EasingDirection":"In"},"Right Arm":{"Weight":1,"CFrame":[0.6920672655105591,-1.0944006443023682,0.13900327682495118,-0.9021862745285034,-0.40466973185539248,0.14933979511260987,0.43041518330574038,-0.821822464466095,0.37329721450805666,-0.02833126112818718,0.40106159448623659,0.9156128764152527],"EasingStyle":"Linear","EasingDirection":"In"},"Left Arm":{"Weight":1,"CFrame":[-0.6916746497154236,-1.0868806838989258,0.14047694206237794,-0.9023630023002625,0.40420567989349368,-0.1495286077260971,-0.4300781786441803,-0.8221511840820313,0.3729614019393921,0.027817972004413606,0.40085551142692568,0.9157188534736633],"EasingStyle":"Linear","EasingDirection":"In"},"Head":{"Weight":1,"CFrame":[8.346978574991226e-8,-1.6749254427850248e-8,0.016661763191223146,0.9937822818756104,-0.015402073971927166,0.11027082055807114,0.01512827631086111,0.9998801350593567,0.0033202446065843107,-0.11030878126621247,-0.0016312847146764398,0.9938961267471314],"EasingStyle":"Linear","EasingDirection":"In"},"Torso":{"Weight":1,"CFrame":[0.1480104923248291,-0.04414048045873642,0.22635579109191895,0.99379962682724,0.005632488988339901,-0.11104334890842438,-0.011655100621283055,0.9984912276268005,-0.05366232991218567,0.11057354509830475,0.05462383106350899,0.9923657178878784],"EasingStyle":"Linear","EasingDirection":"In"},"HumanoidRootPart":{"Weight":0,"CFrame":[0,0,0,1,0,0,0,1,0,0,0,1],"EasingStyle":"Linear","EasingDirection":"In"},"Right Leg":{"Weight":1,"CFrame":[0.43785133957862856,0.031116724014282228,0.07065260410308838,0.9656083583831787,0.1994365155696869,-0.1668100506067276,-0.19021697342395783,0.9792649745941162,0.0696970596909523,0.1772514134645462,-0.03556999936699867,0.9835227131843567],"EasingStyle":"Linear","EasingDirection":"In"}}},{"Time":0.13333334028720857,"poses":{"Left Leg":{"Weight":1,"CFrame":[-0.7967341542243958,-0.016398906707763673,-0.053267717361450198,0.9315330386161804,-0.36139050126075747,0.040536653250455859,0.3473305404186249,0.9171918630599976,0.1952448934316635,-0.10773959010839462,-0.16779734194278718,0.979916512966156],"EasingStyle":"Linear","EasingDirection":"In"},"Right Arm":{"Weight":1,"CFrame":[0.6872107982635498,-1.0322757959365845,0.034252047538757327,-0.8937029838562012,-0.43795016407966616,0.0974409282207489,0.4484799802303314,-0.8781611919403076,0.166429802775383,0.012680892832577229,0.19243890047073365,0.9812270402908325],"EasingStyle":"Linear","EasingDirection":"In"},"Left Arm":{"Weight":1,"CFrame":[-0.6872102618217468,-1.0322760343551636,0.03425240516662598,-0.893703043460846,0.4379501938819885,-0.09744057804346085,-0.44847995042800906,-0.8781611919403076,0.16642963886260987,-0.01268063485622406,0.19243864715099336,0.9812270402908325],"EasingStyle":"Linear","EasingDirection":"In"},"Head":{"Weight":1,"CFrame":[1.1315569281578064e-7,7.130438461899757e-9,0.01666271686553955,0.9988276362419128,-0.014474264346063137,0.046194545924663547,0.012964804656803608,0.9993774890899658,0.032810017466545108,-0.046640682965517047,-0.03217269480228424,0.9983935952186585],"EasingStyle":"Linear","EasingDirection":"In"},"Torso":{"Weight":1,"CFrame":[0.12029112875461579,-0.04455706477165222,0.5111854076385498,0.9988846182823181,0.0034515580628067257,-0.04709164425730705,-0.006004021503031254,0.9985137581825256,-0.054168786853551868,0.046834688633680347,0.054391104727983478,0.9974207282066345],"EasingStyle":"Linear","EasingDirection":"In"},"HumanoidRootPart":{"Weight":0,"CFrame":[0,0,0,1,0,0,0,1,0,0,0,1],"EasingStyle":"Linear","EasingDirection":"In"},"Right Leg":{"Weight":1,"CFrame":[0.6541820764541626,0.0034291744232177736,0.0750499963760376,0.9468272924423218,0.30229589343070986,-0.11016088724136353,-0.3061012327671051,0.951808750629425,-0.019035719335079194,0.09909775108098984,0.05174388736486435,0.9937314987182617],"EasingStyle":"Linear","EasingDirection":"In"}}},{"Time":0.1666666716337204,"poses":{"Left Leg":{"Weight":1,"CFrame":[-0.9294527173042297,0.115348219871521,-0.10793334245681763,0.902718186378479,-0.4295644462108612,0.02396596409380436,0.4079292416572571,0.8722949624061585,0.269620418548584,-0.13672475516796113,-0.23361481726169587,0.9626684784889221],"EasingStyle":"Linear","EasingDirection":"In"},"Right Arm":{"Weight":1,"CFrame":[0.6823075413703919,-0.9546124339103699,0.05331110954284668,-0.8818933963775635,-0.46826064586639407,0.054736874997615817,0.4700291156768799,-0.8642871379852295,0.17911048233509065,-0.0365619882941246,0.18368415534496308,0.982305109500885],"EasingStyle":"Linear","EasingDirection":"In"},"Left Arm":{"Weight":1,"CFrame":[-0.683013916015625,-0.9679698348045349,0.05077099800109863,-0.8816789388656616,0.4686024785041809,-0.055264927446842197,-0.47036102414131167,-0.8635503053665161,0.1817728877067566,0.03745512291789055,0.1862596720457077,0.9817863702774048],"EasingStyle":"Linear","EasingDirection":"In"},"Head":{"Weight":1,"CFrame":[1.0457733878865838e-7,-4.081812221556902e-9,0.016661524772644044,0.9997316598892212,-0.009338212199509144,-0.021202905103564264,0.010466653853654862,0.9984996914863586,0.05374809354543686,0.020669180899858476,-0.0539555661380291,0.9983294010162354],"EasingStyle":"Linear","EasingDirection":"In"},"Torso":{"Weight":1,"CFrame":[0.08292938768863678,-0.044663481414318088,0.6529927253723145,0.9997910261154175,0.0009459073771722615,0.020422007888555528,0.00016439984028693289,0.9985247254371643,-0.05429815873503685,-0.02044324204325676,0.05429016798734665,0.9983159303665161],"EasingStyle":"Linear","EasingDirection":"In"},"HumanoidRootPart":{"Weight":0,"CFrame":[0,0,0,1,0,0,0,1,0,0,0,1],"EasingStyle":"Linear","EasingDirection":"In"},"Right Leg":{"Weight":1,"CFrame":[0.8066854476928711,0.009263277053833008,0.056592464447021487,0.9265456199645996,0.37221595644950869,-0.05448565259575844,-0.3757745325565338,0.922525942325592,-0.0879744291305542,0.017518967390060426,0.10198666900396347,0.9946314692497253],"EasingStyle":"Linear","EasingDirection":"In"}}},{"Time":0.20000000298023225,"poses":{"Left Leg":{"Weight":1,"CFrame":[-0.9765637516975403,0.21319764852523805,-0.12855976819992066,0.8916392922401428,-0.45255014300346377,0.013336684554815293,0.43020597100257876,0.8560591340065002,0.2865057587623596,-0.1410752534866333,-0.24972231686115266,0.9579856991767883],"EasingStyle":"Linear","EasingDirection":"In"},"Right Arm":{"Weight":1,"CFrame":[0.6805189847946167,-0.928355872631073,0.14417588710784913,-0.8666039109230042,-0.4962998926639557,0.05180830880999565,0.48686251044273379,-0.8182038068771362,0.3057899475097656,-0.1093737781047821,0.29022231698036196,0.9506884813308716],"EasingStyle":"Linear","EasingDirection":"In"},"Left Arm":{"Weight":1,"CFrame":[-0.680518388748169,-0.9283566474914551,0.14417624473571778,-0.8666039109230042,0.4963001012802124,-0.051807813346385959,-0.4868624806404114,-0.8182038068771362,0.3057897686958313,0.10937415063381195,0.2902219295501709,0.9506885409355164],"EasingStyle":"Linear","EasingDirection":"In"},"Head":{"Weight":1,"CFrame":[1.0273652151226998e-7,-1.6589183360338212e-9,0.016662001609802247,0.996390163898468,-0.002805716823786497,-0.08484546095132828,0.007793141063302755,0.998256504535675,0.0585084930062294,0.08453335613012314,-0.0589585043489933,0.9946748614311218],"EasingStyle":"Linear","EasingDirection":"In"},"Torso":{"Weight":1,"CFrame":[0.034668996930122378,-0.044421009719371799,0.6668615341186523,0.9964360594749451,-0.001728756120428443,0.08433359861373902,0.006302962079644203,0.9985208511352539,-0.05400337651371956,-0.08411549776792526,0.054342467337846759,0.9949731230735779],"EasingStyle":"Linear","EasingDirection":"In"},"HumanoidRootPart":{"Weight":0,"CFrame":[0,0,0,1,0,0,0,1,0,0,0,1],"EasingStyle":"Linear","EasingDirection":"In"},"Right Leg":{"Weight":1,"CFrame":[0.8598845601081848,0.023318469524383546,0.04149758815765381,0.9171892404556274,0.3971278667449951,-0.03245685622096062,-0.39828765392303469,0.9114243984222412,-0.10330785810947418,-0.01144440472126007,0.10767999291419983,0.9941197037696838],"EasingStyle":"Linear","EasingDirection":"In"}}},{"Time":0.23333333432674409,"poses":{"Left Leg":{"Weight":1,"CFrame":[-0.7975160479545593,0.12045502662658692,-0.024660348892211915,0.9301801919937134,-0.36270466446876528,0.05665891245007515,0.34153568744659426,0.9116177558898926,0.22870588302612306,-0.13460400700569154,-0.19338661432266236,0.9718454480171204],"EasingStyle":"Linear","EasingDirection":"In"},"Right Arm":{"Weight":1,"CFrame":[0.6847761273384094,-1.0031251907348633,0.24247825145721436,-0.8582888245582581,-0.502403199672699,0.10455416142940521,0.49597078561782839,-0.7598258852958679,0.4203304946422577,-0.13173240423202516,0.4126206636428833,0.9013272523880005],"EasingStyle":"Linear","EasingDirection":"In"},"Left Arm":{"Weight":1,"CFrame":[-0.6815122961997986,-0.9427998661994934,0.2542010545730591,-0.8582194447517395,0.5029171705245972,-0.10263453423976898,-0.4961974620819092,-0.7617358565330505,0.4165894091129303,0.13132953643798829,0.40845200419425967,0.9032825827598572],"EasingStyle":"Linear","EasingDirection":"In"},"Head":{"Weight":1,"CFrame":[7.520429790019989e-8,-1.4028046280145645e-8,0.016661882400512697,0.9904200434684753,0.0008040145039558411,-0.13808536529541017,0.00509877223521471,0.9990882277488709,0.04238872975111008,0.13799352943897248,-0.04268667846918106,0.9895129203796387],"EasingStyle":"Linear","EasingDirection":"In"},"Torso":{"Weight":1,"CFrame":[-0.025613218545913698,-0.04391469061374664,0.5503811836242676,0.9904724359512329,-0.004418618977069855,0.13764077425003053,0.011873476207256318,0.9985032677650452,-0.053387828171253207,-0.13719888031482697,0.054513443261384967,0.989042341709137],"EasingStyle":"Linear","EasingDirection":"In"},"HumanoidRootPart":{"Weight":0,"CFrame":[0,0,0,1,0,0,0,1,0,0,0,1],"EasingStyle":"Linear","EasingDirection":"In"},"Right Leg":{"Weight":1,"CFrame":[0.5958274602890015,-0.09723496437072754,0.01856815814971924,0.9657332897186279,0.2558977007865906,-0.04330895096063614,-0.2583860754966736,0.9636667370796204,-0.06769825518131256,0.024411646649241449,0.07656887918710709,0.9967654347419739],"EasingStyle":"Linear","EasingDirection":"In"}}},{"Time":0.2666666805744171,"poses":{"Left Leg":{"Weight":1,"CFrame":[-0.6788034439086914,0.1467723846435547,0.058699727058410647,0.9356691241264343,-0.3220052719116211,0.14434659481048585,0.2928140163421631,0.9367634654045105,0.19166156649589539,-0.19693467020988465,-0.1370650976896286,0.9707883596420288],"EasingStyle":"Linear","EasingDirection":"In"},"Right Arm":{"Weight":1,"CFrame":[0.6916623711585999,-1.1049309968948365,0.3402266502380371,-0.8640900254249573,-0.4717836081981659,0.1754102259874344,0.4826623201370239,-0.6777976155281067,0.5546417236328125,-0.1427781879901886,0.5639243125915527,0.8133904337882996],"EasingStyle":"Linear","EasingDirection":"In"},"Left Arm":{"Weight":1,"CFrame":[-0.6858260631561279,-0.9967778921127319,0.36149656772613528,-0.864089846611023,0.47178396582603457,-0.17540998756885529,-0.48266249895095827,-0.6777976751327515,0.554641604423523,0.14277854561805726,0.5639239549636841,0.8133905529975891],"EasingStyle":"Linear","EasingDirection":"In"},"Head":{"Weight":1,"CFrame":[5.320180207490921e-8,-1.3969838619232178e-8,0.016662120819091798,0.9846695065498352,-0.0003239172510802746,-0.1744307428598404,0.002519388450309634,0.9999203681945801,0.012365132570266724,0.17441284656524659,-0.012615012004971505,0.9845918416976929],"EasingStyle":"Linear","EasingDirection":"In"},"Torso":{"Weight":1,"CFrame":[-0.09868234395980835,-0.043327271938323978,0.21245193481445313,0.9847604036331177,-0.006983037572354078,0.17377670109272004,0.016375426203012468,0.9984775185585022,-0.05267370119690895,-0.17314432561397553,0.05471663922071457,0.9833753705024719],"EasingStyle":"Linear","EasingDirection":"In"},"HumanoidRootPart":{"Weight":0,"CFrame":[0,0,0,1,0,0,0,1,0,0,0,1],"EasingStyle":"Linear","EasingDirection":"In"},"Right Leg":{"Weight":1,"CFrame":[0.4561556279659271,-0.100128173828125,0.013793110847473145,0.9807149767875671,0.18678241968154908,-0.05753691494464874,-0.1887231320142746,0.9815618395805359,-0.030329804867506028,0.0508110374212265,0.04060341790318489,0.997882604598999],"EasingStyle":"Linear","EasingDirection":"In"}}},{"Time":0.30000001192092898,"poses":{"Left Leg":{"Weight":1,"CFrame":[-0.7954705953598023,0.35382598638534548,0.08794474601745606,0.8952383995056152,-0.40234681963920596,0.1914820522069931,0.3643161654472351,0.9083511829376221,0.20535796880722047,-0.25655803084373476,-0.11408430337905884,0.9597722887992859],"EasingStyle":"Linear","EasingDirection":"In"},"Right Arm":{"Weight":1,"CFrame":[0.6969404816627502,-1.1507375240325928,0.43782782554626467,-0.8882733583450317,-0.40433844923973086,0.21790124475955964,0.4211151599884033,-0.527503490447998,0.7378360629081726,-0.1833917647600174,0.7471616268157959,0.6388404369354248],"EasingStyle":"Linear","EasingDirection":"In"},"Left Arm":{"Weight":1,"CFrame":[-0.6924110054969788,-1.0638196468353272,0.4551435708999634,-0.8903230428695679,0.39964964985847475,-0.2181858867406845,-0.4167339503765106,-0.5221397280693054,0.7441121339797974,0.18346062302589417,0.7534257769584656,0.6314208507537842],"EasingStyle":"Linear","EasingDirection":"In"},"Head":{"Weight":1,"CFrame":[7.264316082000733e-8,7.112248567864299e-9,0.016662120819091798,0.9822685718536377,-0.0042264703661203388,-0.1874314844608307,0.0001787365326890722,0.9997665286064148,-0.021608205512166024,0.1874789446592331,0.021191684529185296,0.9820400476455689],"EasingStyle":"Linear","EasingDirection":"In"},"Torso":{"Weight":1,"CFrame":[-0.1850164532661438,-0.04288402944803238,-0.3242151737213135,0.9824065566062927,-0.00929640606045723,0.18652324378490449,0.019346758723258973,0.9984527230262756,-0.05213485285639763,-0.18574996292591096,0.054826248437166217,0.9810662865638733],"EasingStyle":"Linear","EasingDirection":"In"},"HumanoidRootPart":{"Weight":0,"CFrame":[0,0,0,1,0,0,0,1,0,0,0,1],"EasingStyle":"Linear","EasingDirection":"In"},"Right Leg":{"Weight":1,"CFrame":[0.7021744847297669,0.0678025484085083,0.03817892074584961,0.942948579788208,0.3264184296131134,-0.06556681543588638,-0.3281278610229492,0.9444811940193176,-0.016954518854618074,0.05639239400625229,0.03750158101320267,0.9977041482925415],"EasingStyle":"Linear","EasingDirection":"In"}}},{"Time":0.3333333432674408,"poses":{"Left Leg":{"Weight":1,"CFrame":[-0.8567559719085693,0.5165154933929443,0.05362224578857422,0.878024160861969,-0.4388517141342163,0.19100457429885865,0.3886535167694092,0.8866544961929321,0.2505837380886078,-0.27932417392730715,-0.1457839459180832,0.9490653872489929],"EasingStyle":"Linear","EasingDirection":"In"},"Right Arm":{"Weight":1,"CFrame":[0.699963390827179,-1.1526381969451905,0.5106133222579956,-0.9156514406204224,-0.33629757165908816,0.22019615769386292,0.34013831615448,-0.3562876582145691,0.8702672719955444,-0.21421556174755097,0.8717585802078247,0.44062304496765139],"EasingStyle":"Linear","EasingDirection":"In"},"Left Arm":{"Weight":1,"CFrame":[-0.698165237903595,-1.1169416904449463,0.5177431106567383,-0.9171262979507446,0.33275455236434939,-0.2194395661354065,-0.33646202087402346,-0.3511097729206085,0.8737937211990356,0.21371152997016908,0.8752122521400452,0.4339710772037506],"EasingStyle":"Linear","EasingDirection":"In"},"Head":{"Weight":1,"CFrame":[4.284083843231201e-8,4.423782229423523e-9,0.016661763191223146,0.9845293164253235,-0.006696089170873165,-0.1750922054052353,-0.0017742147902026773,0.998837411403656,-0.04817473143339157,0.17521125078201295,0.04773999750614166,0.9833727478981018],"EasingStyle":"Linear","EasingDirection":"In"},"Torso":{"Weight":1,"CFrame":[-0.2800569534301758,-0.04273592680692673,-0.5031239986419678,0.9846813082695007,-0.011220118962228299,0.174003005027771,0.02055780217051506,0.9984378218650818,-0.05195479840040207,-0.1731482446193695,0.054736025631427768,0.9833737015724182],"EasingStyle":"Linear","EasingDirection":"In"},"HumanoidRootPart":{"Weight":0,"CFrame":[0,0,0,1,0,0,0,1,0,0,0,1],"EasingStyle":"Linear","EasingDirection":"In"},"Right Leg":{"Weight":1,"CFrame":[0.8247113227844238,0.19826984405517579,0.05894887447357178,0.9154581427574158,0.39687636494636538,-0.06652430444955826,-0.39989161491394045,0.9156824350357056,-0.040154941380023959,0.04497864097356796,0.063362717628479,0.9969765543937683],"EasingStyle":"Linear","EasingDirection":"In"}}},{"Time":0.36666667461395266,"poses":{"Left Leg":{"Weight":1,"CFrame":[-0.8574085831642151,0.6628984212875366,0.02530956268310547,0.900731086730957,-0.39250195026397707,0.18608033657073975,0.3480556607246399,0.9084564447402954,0.2314392477273941,-0.2598862051963806,-0.14369814097881318,0.9548874497413635],"EasingStyle":"Linear","EasingDirection":"In"},"Right Arm":{"Weight":1,"CFrame":[0.7010394930839539,-1.1430604457855225,0.5447636842727661,-0.9305596351623535,-0.3006410300731659,0.20898303389549256,0.2895612120628357,-0.25495821237564089,0.9225783348083496,-0.22408299148082734,0.9190273284912109,0.32430753111839297],"EasingStyle":"Linear","EasingDirection":"In"},"Left Arm":{"Weight":1,"CFrame":[-0.7010385990142822,-1.1430606842041016,0.5447639226913452,-0.9305593967437744,0.30064162611961367,-0.20898288488388062,-0.2895614206790924,-0.25495851039886477,0.9225781559944153,0.22408342361450196,0.9190270900726318,0.32430794835090639],"EasingStyle":"Linear","EasingDirection":"In"},"Head":{"Weight":1,"CFrame":[1.19674950838089e-7,-9.313225746154785e-9,0.016662120819091798,0.9936683177947998,0.015004008077085019,-0.11134709417819977,-0.015378800220787526,0.9998785853385925,-0.0025077341124415399,0.11129588633775711,0.004204210825264454,0.9937785267829895],"EasingStyle":"Linear","EasingDirection":"In"},"Torso":{"Weight":1,"CFrame":[-0.41448017954826357,-0.09018145501613617,-0.6498451232910156,0.9935653805732727,-0.02486865036189556,0.11049602180719376,0.03705422952771187,0.9932810068130493,-0.1096351370215416,-0.10702712088823319,0.1130240261554718,0.9878110885620117],"EasingStyle":"Linear","EasingDirection":"In"},"HumanoidRootPart":{"Weight":0,"CFrame":[0,0,0,1,0,0,0,1,0,0,0,1],"EasingStyle":"Linear","EasingDirection":"In"},"Right Leg":{"Weight":1,"CFrame":[0.8963441252708435,0.4021883010864258,0.08098673820495606,0.9110788106918335,0.40347594022750857,-0.0845145583152771,-0.40623337030410769,0.9135980010032654,-0.017699522897601129,0.07007106393575669,0.05045826733112335,0.9962651133537293],"EasingStyle":"Linear","EasingDirection":"In"}}},{"Time":0.4000000059604645,"poses":{"Left Leg":{"Weight":1,"CFrame":[-0.8299895524978638,0.6945542097091675,0.04986572265625,0.9194789528846741,-0.34506478905677798,0.18838480114936829,0.3147049844264984,0.9332243204116821,0.17335887253284455,-0.23562535643577577,-0.10011421144008637,0.9666736721992493],"EasingStyle":"Linear","EasingDirection":"In"},"Right Arm":{"Weight":1,"CFrame":[0.7010393142700195,-1.1430599689483643,0.544763445854187,-0.9305595755577087,-0.30064111948013308,0.20898300409317017,0.28956136107444765,-0.25495827198028567,0.9225783348083496,-0.22408302128314973,0.9190273880958557,0.32430770993232729],"EasingStyle":"Linear","EasingDirection":"In"},"Left Arm":{"Weight":1,"CFrame":[-0.7010385990142822,-1.1430602073669434,0.5447639226913452,-0.9305593371391296,0.30064159631729128,-0.2089828997850418,-0.2895614504814148,-0.25495851039886477,0.9225781559944153,0.22408343851566316,0.9190270900726318,0.3243080675601959],"EasingStyle":"Linear","EasingDirection":"In"},"Head":{"Weight":1,"CFrame":[1.2293457984924317e-7,-2.0489096641540528e-8,0.0166623592376709,0.9980757832527161,0.06126350536942482,-0.009567636996507645,-0.061086639761924747,0.9979737997055054,0.01780083030462265,0.010638820007443428,-0.017182158306241037,0.9997957944869995],"EasingStyle":"Linear","EasingDirection":"In"},"Torso":{"Weight":1,"CFrame":[-0.5554604530334473,-0.12731683254241944,-0.7430832386016846,0.9988893866539002,-0.040342286229133609,0.024341775104403497,0.04363333433866501,0.9869847297668457,-0.1547812521457672,-0.017780732363462449,0.15567147731781007,0.9876488447189331],"EasingStyle":"Linear","EasingDirection":"In"},"HumanoidRootPart":{"Weight":0,"CFrame":[0,0,0,1,0,0,0,1,0,0,0,1],"EasingStyle":"Linear","EasingDirection":"In"},"Right Leg":{"Weight":1,"CFrame":[0.9210177659988403,0.5813431739807129,0.07311975955963135,0.9114751219749451,0.399253249168396,-0.09904563426971436,-0.398383229970932,0.9167516827583313,0.029276086017489435,0.10248889774084091,0.012773658148944378,0.9946521520614624],"EasingStyle":"Linear","EasingDirection":"In"}}},{"Time":0.4333333373069763,"poses":{"Left Leg":{"Weight":1,"CFrame":[-0.8144360184669495,0.6277671456336975,0.10168766975402832,0.9234590530395508,-0.3315889239311218,0.193060502409935,0.31648072600364687,0.9427293539047241,0.10536369681358338,-0.21694128215312959,-0.03619913011789322,0.9755133390426636],"EasingStyle":"Linear","EasingDirection":"In"},"Right Arm":{"Weight":1,"CFrame":[0.7003668546676636,-1.126392126083374,0.5207657814025879,-0.9261505603790283,-0.32258841395378115,0.19540198147296906,0.2987141013145447,-0.31111183762550356,0.902208149433136,-0.23024995625019074,0.8939498066902161,0.38449785113334658],"EasingStyle":"Linear","EasingDirection":"In"},"Left Arm":{"Weight":1,"CFrame":[-0.6606255769729614,-1.0741828680038453,0.4838418960571289,-0.9216810464859009,0.2910904884338379,-0.25645726919174197,-0.34220489859580996,-0.2986094653606415,0.8909144401550293,0.1827561855316162,0.90889972448349,0.37483498454093935],"EasingStyle":"Linear","EasingDirection":"In"},"Head":{"Weight":1,"CFrame":[1.7136335372924806e-7,-2.60770320892334e-8,0.016662120819091798,0.9894103407859802,0.12382509559392929,0.07572710514068604,-0.12316841632127762,0.9922966957092285,-0.013298870995640755,-0.07679049670696259,0.0038308228831738235,0.9970399141311646],"EasingStyle":"Linear","EasingDirection":"In"},"Torso":{"Weight":1,"CFrame":[-0.6673855781555176,-0.1344422996044159,-0.7644579410552979,0.9979499578475952,-0.04468618705868721,-0.04581495001912117,0.03664180636405945,0.9858719706535339,-0.16344380378723145,0.052471354603767398,0.1614300012588501,0.9854882955551148],"EasingStyle":"Linear","EasingDirection":"In"},"HumanoidRootPart":{"Weight":0,"CFrame":[0,0,0,1,0,0,0,1,0,0,0,1],"EasingStyle":"Linear","EasingDirection":"In"},"Right Leg":{"Weight":1,"CFrame":[0.9270772337913513,0.6603314876556397,0.04691517353057861,0.9110162854194641,0.4002543091773987,-0.09922634065151215,-0.39529865980148318,0.916160523891449,0.06624908745288849,0.11742380261421204,-0.02112996019423008,0.9928571581840515],"EasingStyle":"Linear","EasingDirection":"In"}}},{"Time":0.46666666865348818,"poses":{"Left Leg":{"Weight":1,"CFrame":[-0.8366225957870483,0.5672882795333862,0.13732147216796876,0.9169485569000244,-0.3549968898296356,0.18216119706630708,0.35377708077430727,0.9344624280929565,0.040271807461977008,-0.1845192015171051,0.027517253533005716,0.9824436902999878],"EasingStyle":"Linear","EasingDirection":"In"},"Right Arm":{"Weight":1,"CFrame":[0.6989426016807556,-1.088388442993164,0.47936904430389407,-0.9187272787094116,-0.3610265552997589,0.16000021994113923,0.3086831271648407,-0.40387478470802309,0.8611619472503662,-0.24628226459026338,0.8405622839927673,0.4824935495853424],"EasingStyle":"Linear","EasingDirection":"In"},"Left Arm":{"Weight":1,"CFrame":[-0.587056577205658,-0.9496291875839233,0.373898983001709,-0.8945626020431519,0.26725345849990847,-0.35823652148246767,-0.4380466639995575,-0.36514201760292055,0.8214540481567383,0.08872925490140915,0.8917661905288696,0.44371163845062258],"EasingStyle":"Linear","EasingDirection":"In"},"Head":{"Weight":1,"CFrame":[1.2293457984924317e-7,-7.450580596923828e-9,0.016662001609802247,0.9747716784477234,0.19162866473197938,0.11444946378469467,-0.18442091345787049,0.9803046584129334,-0.07065246999263764,-0.12573440372943879,0.047763217240571979,0.9909135103225708],"EasingStyle":"Linear","EasingDirection":"In"},"Torso":{"Weight":1,"CFrame":[-0.7417099475860596,-0.125074565410614,-0.7382872104644775,0.9953036904335022,-0.03476031869649887,-0.09034547209739685,0.02070833183825016,0.9881550073623657,-0.1520553082227707,0.09456082433462143,0.14947029948234559,0.9842341542243958],"EasingStyle":"Linear","EasingDirection":"In"},"HumanoidRootPart":{"Weight":0,"CFrame":[0,0,0,1,0,0,0,1,0,0,0,1],"EasingStyle":"Linear","EasingDirection":"In"},"Right Leg":{"Weight":1,"CFrame":[0.9380770325660706,0.6580058932304382,0.021056294441223146,0.910176694393158,0.40522998571395876,-0.08583211153745651,-0.39832091331481936,0.9131031632423401,0.08708157390356064,0.11366167664527893,-0.04507092759013176,0.9924967288970947],"EasingStyle":"Linear","EasingDirection":"In"}}},{"Time":0.5,"poses":{"Left Leg":{"Weight":1,"CFrame":[-0.9006897807121277,0.587049663066864,0.155501127243042,0.9020544290542603,-0.4049261510372162,0.14944130182266236,0.41312822699546816,0.9102647304534912,-0.02726292423903942,-0.12499172985553742,0.08633102476596832,0.9883946776390076],"EasingStyle":"Linear","EasingDirection":"In"},"Right Arm":{"Weight":1,"CFrame":[0.6966539621353149,-1.033224105834961,0.42602312564849856,-0.9056447148323059,-0.41185933351516726,0.10089455544948578,0.32490450143814089,-0.5210961103439331,0.7892376184463501,-0.2724791467189789,0.747549831867218,0.6057427525520325],"EasingStyle":"Linear","EasingDirection":"In"},"Left Arm":{"Weight":1,"CFrame":[-0.5023118257522583,-0.8007525205612183,0.24228346347808839,-0.8280802369117737,0.23751458525657655,-0.5078092813491821,-0.5574384331703186,-0.4450615346431732,0.7008443474769592,-0.05954553559422493,0.8634275197982788,0.500946044921875],"EasingStyle":"Linear","EasingDirection":"In"},"Head":{"Weight":1,"CFrame":[5.3318217396736148e-8,3.073364496231079e-8,0.016662240028381349,0.963471531867981,0.2502575218677521,0.09536173939704895,-0.2374449521303177,0.9629278779029846,-0.1280231475830078,-0.12386521697044373,0.10070334374904633,0.9871759414672852],"EasingStyle":"Linear","EasingDirection":"In"},"Torso":{"Weight":1,"CFrame":[-0.7778552770614624,-0.11421462893486023,-0.6825408935546875,0.9939267039299011,-0.012718192301690579,-0.1093067079782486,-0.0025983641389757396,0.9903096556663513,-0.13885268568992616,0.110013447701931,0.13829341530799867,0.9842621684074402],"EasingStyle":"Linear","EasingDirection":"In"},"HumanoidRootPart":{"Weight":0,"CFrame":[0,0,0,1,0,0,0,1,0,0,0,1],"EasingStyle":"Linear","EasingDirection":"In"},"Right Leg":{"Weight":1,"CFrame":[0.9440456628799439,0.6134231090545654,-0.0014987587928771973,0.914419412612915,0.40003329515457156,-0.06172928586602211,-0.3938409984111786,0.9145227670669556,0.09239831566810608,0.09341531246900559,-0.06017930060625076,0.9938069581985474],"EasingStyle":"Linear","EasingDirection":"In"}}},{"Time":0.5333333611488342,"poses":{"Left Leg":{"Weight":1,"CFrame":[-0.9333529472351074,0.6323226690292358,0.19995439052581788,0.888144850730896,-0.4402473270893097,0.1318368762731552,0.454394668340683,0.8841502666473389,-0.1086454838514328,-0.06873277574777603,0.1563989222049713,0.9852995276451111],"EasingStyle":"Linear","EasingDirection":"In"},"Right Arm":{"Weight":1,"CFrame":[0.6933890581130981,-0.9647841453552246,0.36634016036987307,-0.8826581835746765,-0.4696888327598572,0.017524369060993196,0.35469114780426028,-0.6411593556404114,0.6805212497711182,-0.3083972632884979,0.60688316822052,0.7325188517570496],"EasingStyle":"Linear","EasingDirection":"In"},"Left Arm":{"Weight":1,"CFrame":[-0.42846933007240298,-0.6583245396614075,0.11609351634979248,-0.6987147927284241,0.209855854511261,-0.6839284300804138,-0.6708781123161316,-0.5241970419883728,0.5245381593704224,-0.2484358549118042,0.8253350853919983,0.5070520043373108],"EasingStyle":"Linear","EasingDirection":"In"},"Head":{"Weight":1,"CFrame":[8.149072527885437e-8,-1.6763806343078614e-8,0.016661763191223146,0.9557728171348572,0.291435569524765,0.03954374045133591,-0.2803882956504822,0.9435037970542908,-0.17658731341362,-0.08877348899841309,0.15768972039222718,0.9834904074668884],"EasingStyle":"Linear","EasingDirection":"In"},"Torso":{"Weight":1,"CFrame":[-0.7826572060585022,-0.105937659740448,-0.5868148803710938,0.9935776591300964,0.017638083547353746,-0.11176902800798416,-0.03208283707499504,0.9911527633666992,-0.1287902146577835,0.10850856453180313,0.1315489560365677,0.9853531122207642],"EasingStyle":"Linear","EasingDirection":"In"},"HumanoidRootPart":{"Weight":0,"CFrame":[0,0,0,1,0,0,0,1,0,0,0,1],"EasingStyle":"Linear","EasingDirection":"In"},"Right Leg":{"Weight":1,"CFrame":[0.9288331866264343,0.5403810739517212,-0.024802088737487794,0.9263355731964111,0.37535813450813296,-0.03176209330558777,-0.37112781405448916,0.9238324761390686,0.0937967300415039,0.06455028057098389,-0.07509947568178177,0.9950846433639526],"EasingStyle":"Linear","EasingDirection":"In"}}},{"Time":0.5666666626930237,"poses":{"Left Leg":{"Weight":1,"CFrame":[-0.9244149923324585,0.6340963840484619,0.260805606842041,0.8772360682487488,-0.45503678917884829,0.15296560525894166,0.47643840312957766,0.8643012046813965,-0.161213681101799,-0.0588502511382103,0.21430116891860963,0.9749931693077087],"EasingStyle":"Linear","EasingDirection":"In"},"Right Arm":{"Weight":1,"CFrame":[0.689037561416626,-0.8868483901023865,0.30629420280456545,-0.8443085551261902,-0.528666079044342,-0.08749473839998245,0.40560704469680788,-0.7372092604637146,0.5403755307197571,-0.35018008947372439,0.420754998922348,0.8368625044822693],"EasingStyle":"Linear","EasingDirection":"In"},"Left Arm":{"Weight":1,"CFrame":[-0.3879256844520569,-0.5540637373924255,0.023657560348510743,-0.4980775713920593,0.18579082190990449,-0.8469951152801514,-0.7484431862831116,-0.5853744745254517,0.31172049045562746,-0.43789446353912356,0.7891885042190552,0.43061554431915285],"EasingStyle":"Linear","EasingDirection":"In"},"Head":{"Weight":1,"CFrame":[1.5087425708770753e-7,-4.0978193283081057e-8,0.016661882400512697,0.9501701593399048,0.31064116954803469,-0.026055889204144479,-0.3088550269603729,0.9267768263816834,-0.21376045048236848,-0.04225478693842888,0.2111562043428421,0.9765385985374451],"EasingStyle":"Linear","EasingDirection":"In"},"Torso":{"Weight":1,"CFrame":[-0.762895941734314,-0.1008252203464508,-0.4439091682434082,0.9929844737052918,0.05285128206014633,-0.10577653348445893,-0.06576438248157501,0.9902779459953308,-0.12257494777441025,0.09826993197202683,0.12867134809494019,0.986806333065033],"EasingStyle":"Linear","EasingDirection":"In"},"HumanoidRootPart":{"Weight":0,"CFrame":[0,0,0,1,0,0,0,1,0,0,0,1],"EasingStyle":"Linear","EasingDirection":"In"},"Right Leg":{"Weight":1,"CFrame":[0.8672963976860046,0.4383138418197632,-0.048690855503082278,0.948185920715332,0.31770801544189455,0.0022810250520706178,-0.3163812756538391,0.9435203671455383,0.09834803640842438,0.029093805700540544,-0.09397391974925995,0.9951494932174683],"EasingStyle":"Linear","EasingDirection":"In"}}},{"Time":0.6000000238418579,"poses":{"Left Leg":{"Weight":1,"CFrame":[-0.9068731069564819,0.6154956221580505,0.2629026174545288,0.8564516305923462,-0.47060608863830569,0.21218039095401765,0.4960840344429016,0.8639938831329346,-0.08611185103654862,-0.1427978277206421,0.17900995910167695,0.9734290838241577],"EasingStyle":"Linear","EasingDirection":"In"},"Right Arm":{"Weight":1,"CFrame":[0.6834863424301148,-0.8033984899520874,0.252338171005249,-0.7856186628341675,-0.5833786725997925,-0.20608942210674287,0.4811539649963379,-0.7854706645011902,0.38926443457603457,-0.3889657258987427,0.20665264129638673,0.8977752923965454],"EasingStyle":"Linear","EasingDirection":"In"},"Left Arm":{"Weight":1,"CFrame":[-0.396308958530426,-0.5123694539070129,-0.01264047622680664,-0.24786141514778138,0.15846829116344453,-0.9557471871376038,-0.7802479863166809,-0.6174287796020508,0.09997480362653732,-0.5742628574371338,0.770499587059021,0.2766810655593872],"EasingStyle":"Linear","EasingDirection":"In"},"Head":{"Weight":1,"CFrame":[1.043081283569336e-7,-1.4901161193847657e-8,0.016662001609802247,0.9490870237350464,0.30388355255126955,-0.08299801498651505,-0.3149968683719635,0.9182676672935486,-0.23992007970809937,0.0033066575415432455,0.25384899973869326,0.967238187789917],"EasingStyle":"Linear","EasingDirection":"In"},"Torso":{"Weight":1,"CFrame":[-0.7202038764953613,-0.09765219688415528,-0.28169989585876467,0.9918979406356812,0.09037594497203827,-0.08927911520004273,-0.10068900883197785,0.9878096580505371,-0.11871746182441712,0.07746156305074692,0.12674500048160554,0.9889062643051148],"EasingStyle":"Linear","EasingDirection":"In"},"HumanoidRootPart":{"Weight":0,"CFrame":[0,0,0,1,0,0,0,1,0,0,0,1],"EasingStyle":"Linear","EasingDirection":"In"},"Right Leg":{"Weight":1,"CFrame":[0.718557596206665,0.3010183572769165,-0.0639503002166748,0.9773375391960144,0.20699094235897065,0.044341497123241428,-0.21041446924209596,0.972845196723938,0.09642630070447922,-0.023177947849035264,-0.10357112437486649,0.9943519830703735],"EasingStyle":"Linear","EasingDirection":"In"}}},{"Time":0.6333333253860474,"poses":{"Left Leg":{"Weight":1,"CFrame":[-0.8468437790870667,0.6018574833869934,0.25031578540802,0.8234657645225525,-0.47772836685180666,0.3060714304447174,0.4805717468261719,0.874051570892334,0.07130621373653412,-0.3015873432159424,0.08837106823921204,0.9493343830108643],"EasingStyle":"Linear","EasingDirection":"In"},"Right Arm":{"Weight":1,"CFrame":[0.6763688325881958,-0.7187850475311279,0.21129345893859864,-0.7018449902534485,-0.6344823837280273,-0.3237989544868469,0.5783581137657166,-0.7729263305664063,0.260934442281723,-0.4158310294151306,-0.004136353265494108,0.909432590007782],"EasingStyle":"Linear","EasingDirection":"In"},"Left Arm":{"Weight":1,"CFrame":[-0.44072264