{"Sequence":[{"Time":0,"poses":{"Left Leg":{"Weight":1,"CFrame":[-0.38676953315734866,0.6308135390281677,0.0854339599609375,0.8571792244911194,-0.18206821382045747,0.481762170791626,0.11186102032661438,0.9789139032363892,0.17092297971248628,-0.5027234554290772,-0.09262115508317948,0.8594710826873779],"EasingStyle":"Linear","EasingDirection":"In"},"Right Leg":{"Weight":1,"CFrame":[0.2493520975112915,0.5278452634811401,0.17420542240142823,0.701819121837616,0.2437613606452942,-0.6693505644798279,-0.20295599102973939,0.9691097736358643,0.140125572681427,0.6828314661979675,0.03750582039356232,0.7296127080917358],"EasingStyle":"Linear","EasingDirection":"In"},"Head":{"Weight":1,"CFrame":[9.499490261077881e-8,-2.7474015951156617e-8,-1.7881393432617188e-7,0.9931168556213379,0.09244003891944885,-0.071928471326828,-0.08324476331472397,0.9890637993812561,0.12174996733665467,0.08239641040563584,-0.11492426693439484,0.9899511337280273],"EasingStyle":"Linear","EasingDirection":"In"},"Left Arm":{"Weight":1,"CFrame":[-0.020013539120554925,-0.15572121739387513,-0.004099607467651367,-0.04379771277308464,0.9496878981590271,-0.3101203143596649,-0.9857025146484375,-0.09163284301757813,-0.14140008389949799,-0.16270315647125245,0.29949337244033816,0.9401230812072754],"EasingStyle":"Linear","EasingDirection":"In"},"Torso":{"Weight":1,"CFrame":[0.03614318370819092,-0.044642239809036258,-0.5335538387298584,0.9945062398910523,-0.09442558884620667,0.04517890512943268,0.09955228120088577,0.9865801334381104,-0.1294180005788803,-0.03235224261879921,0.13320466876029969,0.9905603528022766],"EasingStyle":"Linear","EasingDirection":"In"},"HumanoidRootPart":{"Weight":0,"CFrame":[0,0,0,1,0,0,0,1,0,0,0,1],"EasingStyle":"Linear","EasingDirection":"In"},"Right Arm":{"Weight":1,"CFrame":[0.05588843673467636,-0.49831974506378176,0.09395110607147217,-0.3048578202724457,-0.6025325655937195,0.737574577331543,0.8235052824020386,-0.5558045506477356,-0.1136675551533699,0.4784356951713562,0.5727441310882568,0.6656301021575928],"EasingStyle":"Linear","EasingDirection":"In"}}},{"Time":0.03333333507180214,"poses":{"Left Leg":{"Weight":1,"CFrame":[-0.35338181257247927,0.582062840461731,0.11217427253723145,0.8560085296630859,-0.15246152877807618,0.4939683973789215,0.09195174276828766,0.9851893782615662,0.1447298526763916,-0.5087182521820068,-0.07846873253583908,0.857349693775177],"EasingStyle":"Linear","EasingDirection":"In"},"Right Leg":{"Weight":1,"CFrame":[0.2447291910648346,0.48907172679901125,0.17401552200317384,0.7414746284484863,0.19448402523994447,-0.6421769857406616,-0.16613717377185822,0.9804842472076416,0.10511445254087448,0.6500875353813171,0.02874973602592945,0.7593153119087219],"EasingStyle":"Linear","EasingDirection":"In"},"Head":{"Weight":1,"CFrame":[1.0337680578231812e-7,3.4458935260772708e-8,-5.960464477539063e-8,0.995262086391449,0.06574489176273346,-0.07163090258836746,-0.056500256061553958,0.9906459450721741,0.12421107292175293,0.07912711054086685,-0.11957540363073349,0.9896669387817383],"EasingStyle":"Linear","EasingDirection":"In"},"Left Arm":{"Weight":1,"CFrame":[-0.15648528933525086,-0.05028313398361206,-0.03585970401763916,-0.13753361999988557,0.9423332214355469,-0.30511096119880679,-0.9807518124580383,-0.17266272008419038,-0.09117802232503891,-0.1386013925075531,0.28669798374176028,0.9479418992996216],"EasingStyle":"Linear","EasingDirection":"In"},"Torso":{"Weight":1,"CFrame":[0.03175331652164459,-0.04587608575820923,-0.4848945140838623,0.9968656301498413,-0.0673193484544754,0.04155686870217323,0.0727633684873581,0.9863672852516174,-0.14759767055511475,-0.03105415403842926,0.1501588672399521,0.9881740212440491],"EasingStyle":"Linear","EasingDirection":"In"},"HumanoidRootPart":{"Weight":0,"CFrame":[0,0,0,1,0,0,0,1,0,0,0,1],"EasingStyle":"Linear","EasingDirection":"In"},"Right Arm":{"Weight":1,"CFrame":[0.13887977600097657,-0.408282995223999,0.07023906707763672,-0.3677044212818146,-0.5207216739654541,0.7704819440841675,0.7930871248245239,-0.6082363724708557,-0.032577354460954669,0.48559892177581789,0.5990804433822632,0.6366288661956787],"EasingStyle":"Linear","EasingDirection":"In"}}},{"Time":0.06666667014360428,"poses":{"Left Leg":{"Weight":1,"CFrame":[-0.32233762741088869,0.5310350656509399,0.13582026958465577,0.8788602352142334,-0.07448533177375794,0.47122883796691897,0.031202256679534913,0.9945963025093079,0.09901844710111618,-0.47605788707733157,-0.07231997698545456,0.8764352202415466],"EasingStyle":"Linear","EasingDirection":"In"},"Right Leg":{"Weight":1,"CFrame":[0.24010759592056275,0.4419882297515869,0.1867297887802124,0.8003367185592651,0.1034858226776123,-0.5905520915985107,-0.09736263006925583,0.9943497776985169,0.042296335101127627,0.5915924310684204,0.023646315559744836,0.8058903813362122],"EasingStyle":"Linear","EasingDirection":"In"},"Head":{"Weight":1,"CFrame":[8.754432201385498e-8,-2.0489096641540528e-8,-5.960464477539063e-8,0.9967046976089478,0.04572135582566261,-0.06700194627046585,-0.036547400057315829,0.990540623664856,0.13226334750652314,0.07241541147232056,-0.1293787807226181,0.9889475107192993],"EasingStyle":"Linear","EasingDirection":"In"},"Left Arm":{"Weight":1,"CFrame":[-0.4586758613586426,0.04131096601486206,-0.07615256309509278,-0.33382105827331545,0.9025466442108154,-0.27197983860969546,-0.9402700662612915,-0.3392532467842102,0.02827472984790802,-0.06675076484680176,0.265173077583313,0.9618874788284302],"EasingStyle":"Linear","EasingDirection":"In"},"Torso":{"Weight":1,"CFrame":[0.025003954768180848,-0.046684980392456058,-0.4271366596221924,0.9982223510742188,-0.045568712055683139,0.0384136326611042,0.052111588418483737,0.9801051020622253,-0.19151587784290315,-0.02892226353287697,0.1931772381067276,0.9807375073432922],"EasingStyle":"Linear","EasingDirection":"In"},"HumanoidRootPart":{"Weight":0,"CFrame":[0,0,0,1,0,0,0,1,0,0,0,1],"EasingStyle":"Linear","EasingDirection":"In"},"Right Arm":{"Weight":1,"CFrame":[0.2606697082519531,-0.3144645094871521,0.0437161922454834,-0.45213377475738528,-0.3746650815010071,0.8094450235366821,0.7588755488395691,-0.6384592056274414,0.12836569547653199,0.4687034785747528,0.6723064184188843,0.5729930400848389],"EasingStyle":"Linear","EasingDirection":"In"}}},{"Time":0.10000000149011612,"poses":{"Left Leg":{"Weight":1,"CFrame":[-0.3205701410770416,0.4982506036758423,0.13943064212799073,0.9170302748680115,0.023016273975372316,0.39815282821655276,-0.054569363594055179,0.9961851835250855,0.06809768825769425,-0.39506661891937258,-0.08417455852031708,0.9147879481315613],"EasingStyle":"Linear","EasingDirection":"In"},"Right Leg":{"Weight":1,"CFrame":[0.2695455253124237,0.41277241706848147,0.19025075435638429,0.8739541172981262,-0.0009659741772338748,-0.4860074520111084,-0.003106142859905958,0.9999665021896362,-0.007573075592517853,0.4859985411167145,0.008128088898956776,0.8739218711853027],"EasingStyle":"Linear","EasingDirection":"In"},"Head":{"Weight":1,"CFrame":[9.778887033462525e-8,-1.2351665645837785e-7,-4.76837158203125e-7,0.997845470905304,0.030472619459033014,-0.05810146778821945,-0.021843329071998597,0.9893719553947449,0.14375685155391694,0.06186460703611374,-0.1421779841184616,0.9879059791564941],"EasingStyle":"Linear","EasingDirection":"In"},"Left Arm":{"Weight":1,"CFrame":[-0.7657480239868164,0.1234094500541687,-0.11075693368911743,-0.5173444151878357,0.8332288861274719,-0.19515202939510346,-0.8546754121780396,-0.49149635434150698,0.1672164797782898,0.04341310262680054,0.2533000409603119,0.966413140296936],"EasingStyle":"Linear","EasingDirection":"In"},"Torso":{"Weight":1,"CFrame":[0.015216127038002015,-0.04474830627441406,-0.3816087245941162,0.9990090727806091,-0.02818397991359234,0.03444676846265793,0.0358567014336586,0.9681566953659058,-0.24776379764080048,-0.02636689879000187,0.24875342845916749,0.9682078957557678],"EasingStyle":"Linear","EasingDirection":"In"},"HumanoidRootPart":{"Weight":0,"CFrame":[0,0,0,1,0,0,0,1,0,0,0,1],"EasingStyle":"Linear","EasingDirection":"In"},"Right Arm":{"Weight":1,"CFrame":[0.38837486505508425,-0.23053067922592164,0.014548659324645996,-0.5350154042243958,-0.20877255499362946,0.8186407089233398,0.7160718441009522,-0.6262674331665039,0.3082696497440338,0.4483298063278198,0.7511345744132996,0.4845587909221649],"EasingStyle":"Linear","EasingDirection":"In"}}},{"Time":0.13333334028720857,"poses":{"Left Leg":{"Weight":1,"CFrame":[-0.36213764548301699,0.5047770738601685,0.10820138454437256,0.9573323130607605,0.1138385534286499,0.26562291383743288,-0.14094187319278718,0.9863405823707581,0.08525082468986511,-0.25228986144065859,-0.1190507709980011,0.9603003263473511],"EasingStyle":"Linear","EasingDirection":"In"},"Right Leg":{"Weight":1,"CFrame":[0.3509819507598877,0.43150192499160769,0.1571410894393921,0.9476750493049622,-0.09568290412425995,-0.3045598864555359,0.10057692229747772,0.9949291944503784,0.00038270282675512135,0.3029789626598358,-0.03099437616765499,0.9524931311607361],"EasingStyle":"Linear","EasingDirection":"In"},"Head":{"Weight":1,"CFrame":[8.521601557731629e-8,5.320180207490921e-8,0,0.9988284707069397,0.018058722838759424,-0.04489486664533615,-0.010821784846484661,0.9876187443733215,0.15649951994419099,0.04716518893837929,-0.15583038330078126,0.9866571426391602],"EasingStyle":"Linear","EasingDirection":"In"},"Left Arm":{"Weight":1,"CFrame":[-0.9168639183044434,0.20036166906356812,-0.1254521608352661,-0.5926290154457092,0.7991546988487244,-0.10071003437042237,-0.786713719367981,-0.5474539995193481,0.2852643132209778,0.17283622920513154,0.24828578531742097,0.9531431198120117],"EasingStyle":"Linear","EasingDirection":"In"},"Torso":{"Weight":1,"CFrame":[0.0021838247776031496,-0.037866294384002689,-0.36287641525268557,0.9994807243347168,-0.014156989753246308,0.02894512005150318,0.02227178029716015,0.952703595161438,-0.3030839264392853,-0.023285362869501115,0.3035712242126465,0.9525241851806641],"EasingStyle":"Linear","EasingDirection":"In"},"HumanoidRootPart":{"Weight":0,"CFrame":[0,0,0,1,0,0,0,1,0,0,0,1],"EasingStyle":"Linear","EasingDirection":"In"},"Right Arm":{"Weight":1,"CFrame":[0.48911210894584658,-0.17014795541763307,-0.01709800958633423,-0.5947731137275696,-0.07797365635633469,0.8001030683517456,0.6757941842079163,-0.5875202417373657,0.44510915875434878,0.4353700876235962,0.805444061756134,0.40213543176651],"EasingStyle":"Linear","EasingDirection":"In"}}},{"Time":0.1666666716337204,"poses":{"Left Leg":{"Weight":1,"CFrame":[-0.41846799850463869,0.536104679107666,0.04546022415161133,0.9763977527618408,0.18629992008209229,0.10926937311887741,-0.20128244161605836,0.9683485627174377,0.14760251343250276,-0.07831253111362457,-0.1661127507686615,0.9829922318458557],"EasingStyle":"Linear","EasingDirection":"In"},"Right Leg":{"Weight":1,"CFrame":[0.4420194923877716,0.4854912757873535,0.07471787929534912,0.9805527329444885,-0.17760683596134187,-0.08349927514791489,0.1838049590587616,0.9802096486091614,0.07351688295602799,0.0687897577881813,-0.087434783577919,0.9937922954559326],"EasingStyle":"Linear","EasingDirection":"In"},"Head":{"Weight":1,"CFrame":[8.917413651943207e-8,9.695577318780124e-8,2.384185791015625e-7,0.9996052980422974,0.0065610408782958988,-0.0273167472332716,-0.001870581996627152,0.985732913017273,0.16830669343471528,0.02803128771483898,-0.1681891679763794,0.9853560924530029],"EasingStyle":"Linear","EasingDirection":"In"},"Left Arm":{"Weight":1,"CFrame":[-0.9318869113922119,0.27427780628204348,-0.12299484014511109,-0.5609822869300842,0.8274973630905151,-0.02338644675910473,-0.7715277075767517,-0.512381374835968,0.3771079480648041,0.3000730872154236,0.22959408164024354,0.9258739948272705],"EasingStyle":"Linear","EasingDirection":"In"},"Torso":{"Weight":1,"CFrame":[-0.0140623077750206,-0.02446770668029785,-0.3626105785369873,0.9997661709785461,-0.0023852360900491478,0.021493280306458474,0.009656203910708428,0.9385513663291931,-0.34500446915626528,-0.019349630922079088,0.3451313376426697,0.9383549094200134],"EasingStyle":"Linear","EasingDirection":"In"},"HumanoidRootPart":{"Weight":0,"CFrame":[0,0,0,1,0,0,0,1,0,0,0,1],"EasingStyle":"Linear","EasingDirection":"In"},"Right Arm":{"Weight":1,"CFrame":[0.5299985408782959,-0.14698296785354615,-0.05105775594711304,-0.6172502636909485,-0.026479186490178109,0.7863211631774902,0.6581408977508545,-0.5650140643119812,0.49760395288467409,0.4311063885688782,0.8246562480926514,0.3661820590496063],"EasingStyle":"Linear","EasingDirection":"In"}}},{"Time":0.20000000298023225,"poses":{"Left Leg":{"Weight":1,"CFrame":[-0.462676465511322,0.5594351887702942,-0.016975760459899904,0.9743047952651978,0.22485953569412232,-0.012976340018212796,-0.21702413260936738,0.9526458382606506,0.2129940390586853,0.060255564749240878,-0.20470495522022248,0.9769673347473145],"EasingStyle":"Linear","EasingDirection":"In"},"Right Leg":{"Weight":1,"CFrame":[0.5013834834098816,0.5325157642364502,-0.021193206310272218,0.967524528503418,-0.23395588994026185,0.09571292251348496,0.21674636006355287,0.9626742601394653,0.16210879385471345,-0.13006660342216493,-0.13609884679317475,0.9821200370788574],"EasingStyle":"Linear","EasingDirection":"In"},"Head":{"Weight":1,"CFrame":[8.812639862298966e-8,1.728767529129982e-8,-1.7881393432617188e-7,0.9999688267707825,-0.005861842073500156,-0.005294956732541323,0.006706742104142904,0.9841808080673218,0.17704010009765626,0.0041734143160283569,-0.17707011103630067,0.9841893911361694],"EasingStyle":"Linear","EasingDirection":"In"},"Left Arm":{"Weight":1,"CFrame":[-0.9395692348480225,0.3383154273033142,-0.11587852239608765,-0.48380565643310549,0.8744580745697022,0.035428646951913837,-0.7724280953407288,-0.44568753242492678,0.4524571895599365,0.4114449918270111,0.19153518974781037,0.8910821080207825],"EasingStyle":"Linear","EasingDirection":"In"},"Torso":{"Weight":1,"CFrame":[-0.03339369595050812,-0.0036666393280029299,-0.3658881187438965,0.9998945593833923,0.008465725928544999,0.011798301711678505,-0.003622255753725767,0.9322059154510498,-0.36191028356552126,-0.014062279835343361,0.36182940006256106,0.9321382641792297],"EasingStyle":"Linear","EasingDirection":"In"},"HumanoidRootPart":{"Weight":0,"CFrame":[0,0,0,1,0,0,0,1,0,0,0,1],"EasingStyle":"Linear","EasingDirection":"In"},"Right Arm":{"Weight":1,"CFrame":[0.529960572719574,-0.15691587328910829,-0.08674871921539307,-0.6002920866012573,-0.029283933341503145,0.7992445230484009,0.6686053276062012,-0.5667579174041748,0.48140662908554079,0.4388808012008667,0.8233637809753418,0.35979968309402468],"EasingStyle":"Linear","EasingDirection":"In"}}},{"Time":0.23333333432674409,"poses":{"Left Leg":{"Weight":1,"CFrame":[-0.49607986211776736,0.5505680441856384,-0.03680455684661865,0.9778361320495606,0.20092225074768067,-0.0588785745203495,-0.18221545219421388,0.9551714658737183,0.23333463072776795,0.10312125086784363,-0.21743448078632356,0.9706122875213623],"EasingStyle":"Linear","EasingDirection":"In"},"Right Leg":{"Weight":1,"CFrame":[0.5398276448249817,0.5441732406616211,-0.07469826936721802,0.956904947757721,-0.2287285029888153,0.17893056571483613,0.19188041985034944,0.9604821801185608,0.2016330361366272,-0.217978835105896,-0.15861038863658906,0.962978720664978],"EasingStyle":"Linear","EasingDirection":"In"},"Head":{"Weight":1,"CFrame":[8.42846930027008e-8,8.486676961183548e-8,2.384185791015625e-7,0.9995549917221069,-0.020919429138302804,0.02126368321478367,0.01673862896859646,0.9834064245223999,0.1806422621011734,-0.024689773097634317,-0.18020595610141755,0.9833189845085144],"EasingStyle":"Linear","EasingDirection":"In"},"Left Arm":{"Weight":1,"CFrame":[-0.9424075484275818,0.38339710235595705,-0.10448479652404785,-0.38728252053260805,0.9185468554496765,0.07927083224058151,-0.7743090987205505,-0.3707267940044403,0.5128421187400818,0.5004574060440064,0.13723458349704743,0.8548152446746826],"EasingStyle":"Linear","EasingDirection":"In"},"Torso":{"Weight":1,"CFrame":[-0.05557307228446007,0.027117013931274415,-0.36095428466796877,0.9997970461845398,0.02014322020113468,-0.00029691524105146527,-0.019043652340769769,0.9402079582214356,-0.34006810188293459,-0.006570904515683651,0.34000474214553835,0.9404007792472839],"EasingStyle":"Linear","EasingDirection":"In"},"HumanoidRootPart":{"Weight":0,"CFrame":[0,0,0,1,0,0,0,1,0,0,0,1],"EasingStyle":"Linear","EasingDirection":"In"},"Right Arm":{"Weight":1,"CFrame":[0.5296933650970459,-0.1817469596862793,-0.12192344665527344,-0.55662602186203,-0.036507315933704379,0.8299606442451477,0.6932809352874756,-0.5708716511726379,0.4398488700389862,0.45774340629577639,0.8202272653579712,0.3430718183517456],"EasingStyle":"Linear","EasingDirection":"In"}}},{"Time":0.2666666805744171,"poses":{"Left Leg":{"Weight":1,"CFrame":[-0.5329399108886719,0.519119381904602,-0.03802895545959473,0.9936433434486389,0.10569644719362259,-0.038745343685150149,-0.09441345930099487,0.9698811769485474,0.22453638911247254,0.06131106615066528,-0.21945102512836457,0.9736951589584351],"EasingStyle":"Linear","EasingDirection":"In"},"Right Leg":{"Weight":1,"CFrame":[0.5890427827835083,0.5368549227714539,-0.11214959621429444,0.9719712138175964,-0.1466507464647293,0.18375419080257417,0.10800880938768387,0.9727758765220642,0.2050393521785736,-0.20882076025009156,-0.1794452667236328,0.9613497257232666],"EasingStyle":"Linear","EasingDirection":"In"},"Head":{"Weight":1,"CFrame":[9.220093488693237e-8,-9.406358003616333e-8,-1.7881393432617188e-7,0.9978675246238709,-0.03930184245109558,0.052113160490989688,0.0298249963670969,0.984723687171936,0.17155100405216218,-0.05805933102965355,-0.16963094472885133,0.9837959408760071],"EasingStyle":"Linear","EasingDirection":"In"},"Left Arm":{"Weight":1,"CFrame":[-0.9428986310958862,0.4004415273666382,-0.08919650316238404,-0.30286145210266116,0.9458710551261902,0.11663100123405457,-0.7692325115203857,-0.3148617744445801,0.5560067296028137,0.5626333355903626,0.07867657393217087,0.8229542970657349],"EasingStyle":"Linear","EasingDirection":"In"},"Torso":{"Weight":1,"CFrame":[-0.07985790073871613,0.05695372819900513,-0.3578214645385742,0.9993048310279846,0.03437395393848419,-0.014430192299187184,-0.037054046988487247,0.9583755135536194,-0.2830961346626282,0.004098411183804274,0.28343403339385989,0.9589830040931702],"EasingStyle":"Linear","EasingDirection":"In"},"HumanoidRootPart":{"Weight":0,"CFrame":[0,0,0,1,0,0,0,1,0,0,0,1],"EasingStyle":"Linear","EasingDirection":"In"},"Right Arm":{"Weight":1,"CFrame":[0.5289685726165772,-0.21402767300605775,-0.15391826629638673,-0.49739357829093935,-0.04630880802869797,0.8662881255149841,0.7220211029052734,-0.5756673216819763,0.38378721475601199,0.4809211492538452,0.8163716197013855,0.31976911425590517],"EasingStyle":"Linear","EasingDirection":"In"}}},{"Time":0.30000001192092898,"poses":{"Left Leg":{"Weight":1,"CFrame":[-0.5532016158103943,0.48272329568862917,-0.017919301986694337,0.9976069927215576,-0.03681008890271187,0.058525655418634418,0.023926371708512307,0.9779905080795288,0.20727308094501496,-0.064867302775383,-0.2053767889738083,0.976530909538269],"EasingStyle":"Linear","EasingDirection":"In"},"Right Leg":{"Weight":1,"CFrame":[0.6306963562965393,0.524966835975647,-0.11379295587539673,0.9959900379180908,-0.007384694181382656,0.08915863931179047,-0.009547073394060135,0.9821235537528992,0.18799524009227754,-0.08895303308963776,-0.1880926638841629,0.9781147837638855],"EasingStyle":"Linear","EasingDirection":"In"},"Head":{"Weight":1,"CFrame":[9.406358003616333e-8,9.546056389808655e-8,3.5762786865234377e-7,0.9946512579917908,-0.05862103030085564,0.08504363149404526,0.04553695395588875,0.9878839254379273,0.14836369454860688,-0.09271048754453659,-0.14369751513004304,0.9852694272994995],"EasingStyle":"Linear","EasingDirection":"In"},"Left Arm":{"Weight":1,"CFrame":[-0.9431074261665344,0.3694196343421936,-0.07057112455368042,-0.24136357009410859,0.9538745284080505,0.178513303399086,-0.7760289311408997,-0.30016958713531496,0.5546868443489075,0.5826857686042786,-0.004650390241295099,0.8126841187477112],"EasingStyle":"Linear","EasingDirection":"In"},"Torso":{"Weight":1,"CFrame":[-0.10388592630624771,0.0788385272026062,-0.37444210052490237,0.9983032941818237,0.050684597343206409,-0.028663842007517816,-0.05552644655108452,0.9768592119216919,-0.2065499871969223,0.017531635239720346,0.20779111981391908,0.9780160784721375],"EasingStyle":"Linear","EasingDirection":"In"},"HumanoidRootPart":{"Weight":0,"CFrame":[0,0,0,1,0,0,0,1,0,0,0,1],"EasingStyle":"Linear","EasingDirection":"In"},"Right Arm":{"Weight":1,"CFrame":[0.5275566577911377,-0.24630826711654664,-0.18006956577301026,-0.4357758164405823,-0.05650797486305237,0.89827960729599,0.746778666973114,-0.5798036456108093,0.3258056938648224,0.5024152398109436,0.8127943277359009,0.29486334323883059],"EasingStyle":"Linear","EasingDirection":"In"}}},{"Time":0.3333333432674408,"poses":{"Left Leg":{"Weight":1,"CFrame":[-0.5013729929924011,0.5008478164672852,0.07729363441467285,0.9339461922645569,-0.19203700125217439,0.3014402985572815,0.13958461582660676,0.972391664981842,0.18700426816940309,-0.3290298283100128,-0.13257543742656709,0.9349669218063355],"EasingStyle":"Linear","EasingDirection":"In"},"Right Leg":{"Weight":1,"CFrame":[0.6008359789848328,0.5632582902908325,-0.015049874782562256,0.974162220954895,0.14982298016548158,-0.16899995505809785,-0.12327787280082703,0.9797227382659912,0.15794286131858827,0.1892365962266922,-0.133028045296669,0.9728787541389465],"EasingStyle":"Linear","EasingDirection":"In"},"Head":{"Weight":1,"CFrame":[7.497146725654602e-8,-1.0244548320770264e-8,-4.76837158203125e-7,0.9902058839797974,-0.07622940093278885,0.1169675886631012,0.06232665106654167,0.9910280704498291,0.11823158711194992,-0.12493091821670532,-0.10978342592716217,0.9860729575157166],"EasingStyle":"Linear","EasingDirection":"In"},"Left Arm":{"Weight":1,"CFrame":[-0.9433726668357849,0.30117088556289675,-0.04986923933029175,-0.19542807340621949,0.9435408115386963,0.26746705174446108,-0.8042094111442566,-0.3102702498435974,0.5069316625595093,0.5612977147102356,-0.11603087186813355,0.8194398880004883],"EasingStyle":"Linear","EasingDirection":"In"},"Torso":{"Weight":1,"CFrame":[-0.12530633807182313,0.09031835198402405,-0.460033655166626,0.9968792200088501,0.0673462525010109,-0.04118680581450462,-0.07212064415216446,0.9891156554222107,-0.12825298309326173,0.03210115805268288,0.13082315027713777,0.990885853767395],"EasingStyle":"Linear","EasingDirection":"In"},"HumanoidRootPart":{"Weight":0,"CFrame":[0,0,0,1,0,0,0,1,0,0,0,1],"EasingStyle":"Linear","EasingDirection":"In"},"Right Arm":{"Weight":1,"CFrame":[0.5252293348312378,-0.27114030718803408,-0.19771379232406617,-0.3870483338832855,-0.06457547098398209,0.9197953939437866,0.7630037069320679,-0.5825185775756836,0.280174195766449,0.517705500125885,0.8102481961250305,0.2747340500354767],"EasingStyle":"Linear","EasingDirection":"In"}}},{"Time":0.36666667461395266,"poses":{"Left Leg":{"Weight":1,"CFrame":[-0.3673601746559143,0.5241793394088745,0.15854251384735108,0.7989433407783508,-0.2733920216560364,0.5356734991073608,0.19987040758132935,0.9607765674591065,0.19225041568279267,-0.5672224760055542,-0.046531956642866138,0.822249174118042],"EasingStyle":"Linear","EasingDirection":"In"},"Right Leg":{"Weight":1,"CFrame":[0.4920720160007477,0.6038028597831726,0.06862878799438477,0.8801111578941345,0.2351815402507782,-0.4124244451522827,-0.183559387922287,0.9696937203407288,0.16124513745307923,0.437847375869751,-0.0662093386054039,0.8966081142425537],"EasingStyle":"Linear","EasingDirection":"In"},"Head":{"Weight":1,"CFrame":[6.193295121192932e-8,-9.313225746154785e-9,1.1920928955078126e-7,0.9853987693786621,-0.09017568826675415,0.14442148804664613,0.0779476910829544,0.9930475354194641,0.08820840716362,-0.15137164294719697,-0.07566313445568085,0.985576868057251],"EasingStyle":"Linear","EasingDirection":"In"},"Left Arm":{"Weight":1,"CFrame":[-0.9436006546020508,0.2329224944114685,-0.0285264253616333,-0.17023280262947083,0.9220988154411316,0.34749749302864077,-0.8339431285858154,-0.3226706385612488,0.4476858675479889,0.5249377489089966,-0.21358241140842439,0.8239070773124695],"EasingStyle":"Linear","EasingDirection":"In"},"Torso":{"Weight":1,"CFrame":[-0.14248530566692353,0.08789992332458496,-0.5288643836975098,0.9953261017799377,0.08195339888334274,-0.051084257662296298,-0.08530616760253906,0.9940773248672485,-0.0673288032412529,0.045263879001140597,0.07137192040681839,0.9964222311973572],"EasingStyle":"Linear","EasingDirection":"In"},"HumanoidRootPart":{"Weight":0,"CFrame":[0,0,0,1,0,0,0,1,0,0,0,1],"EasingStyle":"Linear","EasingDirection":"In"},"Right Arm":{"Weight":1,"CFrame":[0.5217573642730713,-0.2810724973678589,-0.2041870355606079,-0.36729007959365847,-0.06784748286008835,0.9276285171508789,0.7687927484512329,-0.5834882855415344,0.2617230713367462,0.523503303527832,0.8092824816703796,0.26647013425827029],"EasingStyle":"Linear","EasingDirection":"In"}}},{"Time":0.4000000059604645,"poses":{"Left Leg":{"Weight":1,"CFrame":[-0.2721189260482788,0.47311437129974368,0.17544305324554444,0.7267225384712219,-0.2896600663661957,0.6228734850883484,0.21241649985313416,0.957065999507904,0.1972406506538391,-0.6532638072967529,-0.011030623689293862,0.7570500373840332],"EasingStyle":"Linear","EasingDirection":"In"},"Right Leg":{"Weight":1,"CFrame":[0.42653965950012209,0.5661725997924805,0.08716988563537598,0.8278778195381165,0.25915876030921938,-0.49744853377342226,-0.19674351811408997,0.9646841287612915,0.1751473844051361,0.5252717137336731,-0.04713093861937523,0.8496283888816834],"EasingStyle":"Linear","EasingDirection":"In"},"Head":{"Weight":1,"CFrame":[9.476207196712494e-8,-5.587935447692871e-9,-2.384185791015625e-7,0.9815096855163574,-0.0992095097899437,0.16369564831256867,0.08958005905151367,0.9938424229621887,0.06521205604076386,-0.16915732622146607,-0.049342405050992969,0.9843531250953674],"EasingStyle":"Linear","EasingDirection":"In"},"Left Arm":{"Weight":1,"CFrame":[-0.9436971545219421,0.2018999457359314,-0.007978975772857666,-0.16331423819065095,0.909660816192627,0.38189733028411868,-0.8472193479537964,-0.32765835523605349,0.4181620478630066,0.5055173635482788,-0.2552590072154999,0.82419353723526],"EasingStyle":"Linear","EasingDirection":"In"},"Torso":{"Weight":1,"CFrame":[-0.15442883968353272,0.06832922995090485,-0.49396419525146487,0.9940714836120606,0.09181395918130875,-0.0582411028444767,-0.09436115622520447,0.9946261048316956,-0.042602021247148517,0.054016657173633578,0.047845155000686648,0.9973931312561035],"EasingStyle":"Linear","EasingDirection":"In"},"HumanoidRootPart":{"Weight":0,"CFrame":[0,0,0,1,0,0,0,1,0,0,0,1],"EasingStyle":"Linear","EasingDirection":"In"},"Right Arm":{"Weight":1,"CFrame":[0.5163191556930542,-0.2789115309715271,-0.2009357213973999,-0.37943610548973086,-0.06430644541978836,0.9229804277420044,0.7671180367469788,-0.5795824527740479,0.2749803364276886,0.5172601938247681,0.8123723864555359,0.26924511790275576],"EasingStyle":"Linear","EasingDirection":"In"}}},{"Time":0.4333333373069763,"poses":{"Left Leg":{"Weight":1,"CFrame":[-0.22477513551712037,0.40421342849731448,0.18360412120819093,0.737187922000885,-0.25095561146736147,0.627355694770813,0.18843862414360047,0.9679903388023377,0.1657877117395401,-0.6488797068595886,-0.003998633939772844,0.7608805894851685],"EasingStyle":"Linear","EasingDirection":"In"},"Right Leg":{"Weight":1,"CFrame":[0.39631131291389468,0.503077507019043,0.10709965229034424,0.8408507108688355,0.22521337866783143,-0.49218782782554629,-0.1731497347354889,0.9734635949134827,0.14962579309940339,0.5128247737884522,-0.040590800344944,0.8575332164764404],"EasingStyle":"Linear","EasingDirection":"In"},"Head":{"Weight":1,"CFrame":[7.566995918750763e-8,0,-4.172325134277344e-7,0.9799262285232544,-0.1024668738245964,0.17101217806339265,0.09415476024150849,0.9939785599708557,0.056049514561891559,-0.17572563886642457,-0.038822777569293979,0.9836733937263489],"EasingStyle":"Linear","EasingDirection":"In"},"Left Arm":{"Weight":1,"CFrame":[-0.937790036201477,0.26239073276519778,0.010096192359924317,-0.1830921322107315,0.9353880882263184,0.3025331497192383,-0.8272746801376343,-0.31285157799720766,0.466626912355423,0.5311251282691956,-0.16484230756759644,0.831103503704071],"EasingStyle":"Linear","EasingDirection":"In"},"Torso":{"Weight":1,"CFrame":[-0.1600281298160553,0.033742159605026248,-0.42333126068115237,0.9935703873634338,0.09446833282709122,-0.062398843467235568,-0.09856237471103668,0.9929291605949402,-0.06615980714559555,0.055707622319459918,0.07188460230827332,0.9958560466766357],"EasingStyle":"Linear","EasingDirection":"In"},"HumanoidRootPart":{"Weight":0,"CFrame":[0,0,0,1,0,0,0,1,0,0,0,1],"EasingStyle":"Linear","EasingDirection":"In"},"Right Arm":{"Weight":1,"CFrame":[0.5086872577667236,-0.26623594760894778,-0.1913570761680603,-0.41056084632873537,-0.05546129122376442,0.9101449251174927,0.7619153261184692,-0.5692081451416016,0.30900976061820986,0.5009239912033081,0.820320725440979,0.27595144510269167],"EasingStyle":"Linear","EasingDirection":"In"}}},{"Time":0.46666666865348818,"poses":{"Left Leg":{"Weight":1,"CFrame":[-0.18466341495513917,0.35627490282058718,0.2039095163345337,0.7744977474212647,-0.15540958940982819,0.6131892204284668,0.12119787931442261,0.9878495931625366,0.09728443622589112,-0.6208577156066895,-0.0010292941005900503,0.7839226722717285],"EasingStyle":"Linear","EasingDirection":"In"},"Right Leg":{"Weight":1,"CFrame":[0.35792049765586855,0.4521465301513672,0.1468801498413086,0.8746843338012695,0.13111840188503266,-0.4666209816932678,-0.10522434115409851,0.9911231398582459,0.08125746250152588,0.47313329577445986,-0.021974807605147363,0.8807168006896973],"EasingStyle":"Linear","EasingDirection":"In"},"Head":{"Weight":1,"CFrame":[6.798654794692993e-8,-1.3783574104309083e-7,-5.960464477539063e-8,0.9813257455825806,-0.10103406012058258,0.16368228197097779,0.09068796783685684,0.9934504628181458,0.0695120170712471,-0.16963331401348115,-0.05336993932723999,0.984061062335968],"EasingStyle":"Linear","EasingDirection":"In"},"Left Arm":{"Weight":1,"CFrame":[-0.9242207407951355,0.39986324310302737,0.023056507110595704,-0.23422829806804658,0.9598488211631775,0.15436097979545594,-0.7860969305038452,-0.2804127037525177,0.5508360862731934,0.5720041394233704,0.00767862843349576,0.8202148079872131],"EasingStyle":"Linear","EasingDirection":"In"},"Torso":{"Weight":1,"CFrame":[-0.15824326872825623,0.0017367005348205567,-0.36412930488586428,0.9939239025115967,0.09036151319742203,-0.06284987181425095,-0.09771018475294113,0.9872266054153442,-0.12584273517131806,0.05067572742700577,0.13121917843818665,0.9900573492050171],"EasingStyle":"Linear","EasingDirection":"In"},"HumanoidRootPart":{"Weight":0,"CFrame":[0,0,0,1,0,0,0,1,0,0,0,1],"EasingStyle":"Linear","EasingDirection":"In"},"Right Arm":{"Weight":1,"CFrame":[0.499523401260376,-0.23375928401947022,-0.17571502923965455,-0.4525488615036011,-0.04406430944800377,0.8906502723693848,0.7527496218681336,-0.554350733757019,0.35505399107933047,0.4780874252319336,0.8311159014701843,0.28404009342193606],"EasingStyle":"Linear","EasingDirection":"In"}}},{"Time":0.5,"poses":{"Left Leg":{"Weight":1,"CFrame":[-0.19577129185199738,0.35003703832626345,0.23038780689239503,0.8325774669647217,-0.04406442493200302,0.5521531105041504,0.03322843462228775,0.9990087151527405,0.029621286317706109,-0.5529110431671143,-0.006314815487712622,0.8332163691520691],"EasingStyle":"Linear","EasingDirection":"In"},"Right Leg":{"Weight":1,"CFrame":[0.35812896490097048,0.43713635206222536,0.17847716808319093,0.9217848181724548,0.016001371666789056,-0.38737136125564577,-0.011022070422768593,0.999825656414032,0.015072500333189965,0.3875451385974884,-0.009624016471207142,0.9218005537986755],"EasingStyle":"Linear","EasingDirection":"In"},"Head":{"Weight":1,"CFrame":[1.0617077350616455e-7,2.7939677238464357e-8,3.5762786865234377e-7,0.9849399328231812,-0.09589648246765137,0.14386528730392457,0.08128931373357773,0.9912291169166565,0.10419663786888123,-0.15259553492069245,-0.09093272686004639,0.9840964674949646],"EasingStyle":"Linear","EasingDirection":"In"},"Left Arm":{"Weight":1,"CFrame":[-0.9092177152633667,0.5483156442642212,0.028017282485961915,-0.28773584961891177,0.9540804624557495,0.08329744637012482,-0.754989504814148,-0.2794830799102783,0.5931949019432068,0.5892358422279358,0.10779467225074768,0.8007379770278931],"EasingStyle":"Linear","EasingDirection":"In"},"Torso":{"Weight":1,"CFrame":[-0.1495799422264099,-0.020746827125549318,-0.34293127059936526,0.994882345199585,0.08170460909605026,-0.059442825615406039,-0.09219253808259964,0.9748004078865051,-0.20313724875450135,0.04134764149785042,0.20757785439491273,0.977344274520874],"EasingStyle":"Linear","EasingDirection":"In"},"HumanoidRootPart":{"Weight":0,"CFrame":[0,0,0,1,0,0,0,1,0,0,0,1],"EasingStyle":"Linear","EasingDirection":"In"},"Right Arm":{"Weight":1,"CFrame":[0.4894888401031494,-0.17219561338424684,-0.15427350997924806,-0.49736329913139346,-0.03261673450469971,0.8669289946556091,0.7400950789451599,-0.5373407602310181,0.40438133478164675,0.4526466727256775,0.8427342772483826,0.291392982006073],"EasingStyle":"Linear","EasingDirection":"In"}}},{"Time":0.5333333611488342,"poses":{"Left Leg":{"Weight":1,"CFrame":[-0.27154436707496645,0.39001697301864626,0.2252054214477539,0.9100763201713562,0.058634042739868167,0.4102720320224762,-0.06975849717855454,0.9974895119667053,0.012183955870568753,-0.4085277020931244,-0.03970827907323837,0.9118818044662476],"EasingStyle":"Linear","EasingDirection":"In"},"Right Leg":{"Weight":1,"CFrame":[0.4093024730682373,0.4637753963470459,0.15887069702148438,0.9694739580154419,-0.09587328135967255,-0.2256736159324646,0.10013726353645325,0.9949454069137573,0.0074967918917536739,0.2238142192363739,-0.029866307973861696,0.9741741418838501],"EasingStyle":"Linear","EasingDirection":"In"},"Head":{"Weight":1,"CFrame":[9.313225746154785e-8,1.1175870895385743e-8,0,0.9896264672279358,-0.08576953411102295,0.11525184661149979,0.06780936568975449,0.9861128330230713,0.15160265564918519,-0.1266542226076126,-0.1422148197889328,0.9816993474960327],"EasingStyle":"Linear","EasingDirection":"In"},"Left Arm":{"Weight":1,"CFrame":[-0.8979007005691528,0.6539747714996338,0.026987791061401368,-0.3221426010131836,0.9114145636558533,0.2560226321220398,-0.7463626861572266,-0.41087794303894045,0.5235667824745178,0.5823803544044495,-0.022422652691602708,0.8126070499420166],"EasingStyle":"Linear","EasingDirection":"In"},"Torso":{"Weight":1,"CFrame":[-0.1341756135225296,-0.03070235252380371,-0.34624195098876955,0.9962424039840698,0.06969793885946274,-0.05141321197152138,-0.08135610818862915,0.9566842317581177,-0.2795289158821106,0.029703622683882715,0.2826613187789917,0.9587597846984863],"EasingStyle":"Linear","EasingDirection":"In"},"HumanoidRootPart":{"Weight":0,"CFrame":[0,0,0,1,0,0,0,1,0,0,0,1],"EasingStyle":"Linear","EasingDirection":"In"},"Right Arm":{"Weight":1,"CFrame":[0.4792454242706299,-0.08100304007530213,-0.12729567289352418,-0.5374581813812256,-0.023046528920531274,0.842975378036499,0.7260826230049133,-0.5210425853729248,0.44868558645248415,0.42888543009757998,0.8532195091247559,0.29677218198776247],"EasingStyle":"Linear","EasingDirection":"In"}}},{"Time":0.5666666626930237,"poses":{"Left Leg":{"Weight":1,"CFrame":[-0.37403494119644167,0.4654729962348938,0.1539154052734375,0.9671427011489868,0.14485616981983186,0.20892977714538575,-0.16327537596225739,0.9838241338729858,0.07369732111692429,-0.19487464427947999,-0.10538884997367859,0.9751497507095337],"EasingStyle":"Linear","EasingDirection":"In"},"Right Leg":{"Weight":1,"CFrame":[0.47160592675209048,0.5182331800460815,0.07269012928009033,0.9809548258781433,-0.1928841471672058,-0.02287784405052662,0.19410806894302369,0.9777604341506958,0.07941360771656037,0.007051482796669006,-0.08234197646379471,0.9965791702270508],"EasingStyle":"Linear","EasingDirection":"In"},"Head":{"Weight":1,"CFrame":[1.1362135410308838e-7,-4.6566128730773929e-9,1.1920928955078126e-7,0.9942107200622559,-0.06975779682397843,0.08172464370727539,0.05191253125667572,0.977786123752594,0.20307472348213197,-0.0940752848982811,-0.1976565420627594,0.975746750831604],"EasingStyle":"Linear","EasingDirection":"In"},"Left Arm":{"Weight":1,"CFrame":[-0.8909531831741333,0.7119734287261963,0.01978170871734619,-0.35413187742233279,0.838180661201477,0.414781391620636,-0.7369071245193481,-0.5231813192367554,0.42807644605636599,0.5758111476898193,-0.15405990183353425,0.8029364943504334],"EasingStyle":"Linear","EasingDirection":"In"},"Torso":{"Weight":1,"CFrame":[-0.11256911605596543,-0.02597343921661377,-0.35918712615966799,0.997722864151001,0.055380407720804217,-0.038498349487781528,-0.0651487410068512,0.9390450119972229,-0.33756503462791445,0.01745719462633133,0.33930447697639468,0.9405146241188049],"EasingStyle":"Linear","EasingDirection":"In"},"HumanoidRootPart":{"Weight":0,"CFrame":[0,0,0,1,0,0,0,1,0,0,0,1],"EasingStyle":"Linear","EasingDirection":"In"},"Right Arm":{"Weight":1,"CFrame":[0.469455361366272,0.005380511283874512,-0.09504514932632446,-0.5660586357116699,-0.016635922715067865,0.8241971135139465,0.7144203186035156,-0.5087475776672363,0.48039519786834719,0.411316454410553,0.8607549667358398,0.2998659312725067],"EasingStyle":"Linear","EasingDirection":"In"}}},{"Time":0.6000000238418579,"poses":{"Left Leg":{"Weight":1,"CFrame":[-0.4497242271900177,0.5309829711914063,0.03866088390350342,0.9788162112236023,0.2023533135652542,0.031175948679447175,-0.20467035472393037,0.96307373046875,0.17492596805095673,0.00537206931039691,-0.1776011735200882,0.9840878844261169],"EasingStyle":"Linear","EasingDirection":"In"},"Right Leg":{"Weight":1,"CFrame":[0.5106638669967651,0.5557643175125122,-0.03434687852859497,0.9597246050834656,-0.2493939995765686,0.1293497532606125,0.22563566267490388,0.9585461020469666,0.17400535941123963,-0.16738350689411164,-0.13781140744686128,0.9762124419212341],"EasingStyle":"Linear","EasingDirection":"In"},"Head":{"Weight":1,"CFrame":[8.568167686462403e-8,3.585591912269592e-8,-1.1920928955078126e-7,0.9977415204048157,-0.047866787761449817,0.04712318256497383,0.03461530804634094,0.9676300883293152,0.2499876320362091,-0.05756392329931259,-0.24779188632965089,0.9671016335487366],"EasingStyle":"Linear","EasingDirection":"In"},"Left Arm":{"Weight":1,"CFrame":[-0.8877249956130981,0.7296708822250366,-0.018531739711761476,-0.4110703766345978,0.8593799471855164,0.3041170537471771,-0.7194575071334839,-0.5107108354568481,0.4706968367099762,0.559823215007782,-0.025309890508651735,0.8282253742218018],"EasingStyle":"Linear","EasingDirection":"In"},"Torso":{"Weight":1,"CFrame":[-0.08581560105085373,-0.0056171417236328129,-0.3675088882446289,0.999012291431427,0.039115916937589648,-0.02108084410429001,-0.04409293457865715,0.9314027428627014,-0.3613097071647644,0.005501796957105398,0.36188235878944399,0.9322075247764587],"EasingStyle":"Linear","EasingDirection":"In"},"HumanoidRootPart":{"Weight":0,"CFrame":[0,0,0,1,0,0,0,1,0,0,0,1],"EasingStyle":"Linear","EasingDirection":"In"},"Right Arm":{"Weight":1,"CFrame":[0.46077942848205569,0.04377108812332153,-0.057785987854003909,-0.5769697427749634,-0.014286462217569352,0.8166404962539673,0.7095841765403748,-0.5039017200469971,0.4925174415111542,0.4044702649116516,0.8636428117752075,0.3008734881877899],"EasingStyle":"Linear","EasingDirection":"In"}}},{"Time":0.6333333253860474,"poses":{"Left Leg":{"Weight":1,"CFrame":[-0.494951069355011,0.5650327205657959,-0.06340181827545166,0.9788184762001038,0.1985609084367752,-0.04987877234816551,-0.18059459328651429,0.9521705508232117,0.24648910760879517,0.09643620252609253,-0.23226025700569154,0.9678611755371094],"EasingStyle":"Linear","EasingDirection":"In"},"Right Leg":{"Weight":1,"CFrame":[0.5409809947013855,0.5611379146575928,-0.10694658756256104,0.9597442150115967,-0.22463646531105042,0.1686108261346817,0.18610002100467683,0.9582010507583618,0.21729576587677003,-0.21037557721138,-0.17716987431049348,0.9614327549934387],"EasingStyle":"Linear","EasingDirection":"In"},"Head":{"Weight":1,"CFrame":[8.940696716308594e-8,1.1641532182693482e-10,1.1920