{"Sequence":[{"Time":0,"poses":{"Left Leg":{"Weight":1,"CFrame":[-0.13372763991355897,0.10003358125686646,0.06316888332366944,0.8415022492408752,0.016171252354979516,0.5400115847587586,-0.033885467797517779,0.9991637468338013,0.02288263477385044,-0.5391899943351746,-0.03755427524447441,0.8413465619087219],"EasingStyle":"Linear","EasingDirection":"In"},"Right Arm":{"Weight":1,"CFrame":[0.23349982500076295,-0.324219286441803,0.09873092174530029,0.07308587431907654,-0.25483056902885439,0.9642198085784912,0.7791602611541748,0.6180874705314636,0.10429374873638153,-0.6225494742393494,0.7436593770980835,0.24372735619544984],"EasingStyle":"Linear","EasingDirection":"In"},"Head":{"Weight":1,"CFrame":[1.7881393432617188e-7,-1.043081283569336e-7,0.016661882400512697,0.8693512082099915,-0.4840071499347687,0.0998280793428421,0.41162317991256716,0.8209573030471802,0.39572155475616457,-0.2734866440296173,-0.30292943120002749,0.9129288196563721],"EasingStyle":"Linear","EasingDirection":"In"},"Right Leg":{"Weight":1,"CFrame":[0.7941353917121887,0.660922110080719,-0.02740490436553955,0.9618675112724304,-0.2597513794898987,-0.08567430824041367,0.27343836426734927,0.920657753944397,0.278605192899704,0.006508687976747751,-0.2914080321788788,0.9565767645835877],"EasingStyle":"Linear","EasingDirection":"In"},"Torso":{"Weight":1,"CFrame":[-0.4328303635120392,-0.03386068344116211,-0.24093985557556153,0.9483458399772644,0.22834235429763795,-0.2202274054288864,-0.2663569152355194,0.9502015709877014,-0.1617744117975235,0.17232050001621247,0.21207718551158906,0.9619401693344116],"EasingStyle":"Linear","EasingDirection":"In"},"HumanoidRootPart":{"Weight":1,"CFrame":[0,0,0,1,0,0,0,1,0,0,0,1],"EasingStyle":"Linear","EasingDirection":"In"},"Left Arm":{"Weight":1,"CFrame":[-0.13012218475341798,-0.25376880168914797,0.11656296253204346,0.16866138577461244,0.29990702867507937,-0.9389404654502869,-0.7225701808929443,0.6855226159095764,0.08916788548231125,0.6704070568084717,0.6634112596511841,0.3323250114917755],"EasingStyle":"Linear","EasingDirection":"In"}}},{"Time":0.03333333507180214,"poses":{"Left Leg":{"Weight":1,"CFrame":[-0.13851729035377503,0.1098031997680664,0.07101917266845703,0.8450707197189331,0.005704078823328018,0.5346241593360901,-0.030661985278129579,0.9988145232200623,0.03781003877520561,-0.5337746143341065,-0.04834480956196785,0.8442438244819641],"EasingStyle":"Linear","EasingDirection":"In"},"Right Arm":{"Weight":1,"CFrame":[0.2336617410182953,-0.32600724697113039,0.09883534908294678,0.07296765595674515,-0.25510290265083315,0.9641567468643189,0.7790101766586304,0.6182219982147217,0.10461756587028504,-0.6227511763572693,0.7434542775154114,0.24383801221847535],"EasingStyle":"Linear","EasingDirection":"In"},"Head":{"Weight":1,"CFrame":[3.725290298461914e-9,-2.9802322387695315e-8,0.016662240028381349,0.8652685284614563,-0.4912758767604828,0.09979205578565598,0.4196317493915558,0.8187028169631958,0.3919629752635956,-0.274262011051178,-0.2972772717475891,0.9145526885986328],"EasingStyle":"Linear","EasingDirection":"In"},"Right Leg":{"Weight":1,"CFrame":[0.7394466400146484,0.6547327041625977,0.0019837617874145509,0.9550725221633911,-0.27916955947875979,-0.09950312227010727,0.2960719168186188,0.9138336777687073,0.27793794870376589,0.013337522745132447,-0.29491108655929568,0.9554316401481628],"EasingStyle":"Linear","EasingDirection":"In"},"Torso":{"Weight":1,"CFrame":[-0.4533281922340393,-0.038368403911590579,-0.24881339073181153,0.9492650032043457,0.22780367732048036,-0.2167985588312149,-0.264363557100296,0.9514240622520447,-0.15781061351299287,0.17031754553318025,0.2071177065372467,0.9633764624595642],"EasingStyle":"Linear","EasingDirection":"In"},"HumanoidRootPart":{"Weight":1,"CFrame":[0,0,0,1,0,0,0,1,0,0,0,1],"EasingStyle":"Linear","EasingDirection":"In"},"Left Arm":{"Weight":1,"CFrame":[-0.13008429110050202,-0.2523643970489502,0.11638522148132324,0.16728346049785615,0.3016231656074524,-0.9386371970176697,-0.7240482568740845,0.68376225233078,0.09068157523870468,0.6691564321517944,0.664449155330658,0.3327716886997223],"EasingStyle":"Linear","EasingDirection":"In"}}},{"Time":0.06666667014360428,"poses":{"Left Leg":{"Weight":1,"CFrame":[-0.15349017083644868,0.13375812768936158,0.09125828742980957,0.8572068214416504,-0.01744168810546398,0.5146768689155579,-0.024704962968826295,0.9968827366828919,0.0749296173453331,-0.5143793821334839,-0.0769452303647995,0.8541038036346436],"EasingStyle":"Linear","EasingDirection":"In"},"Right Arm":{"Weight":1,"CFrame":[0.23401285707950593,-0.33019787073135378,0.09911346435546875,0.07259954512119293,-0.2558612525463104,0.9639837145805359,0.7786098122596741,0.6185688972473145,0.10554222762584686,-0.6232945919036865,0.7429048418998718,0.24412371218204499],"EasingStyle":"Linear","EasingDirection":"In"},"Head":{"Weight":1,"CFrame":[1.4901161193847657e-8,2.9802322387695315e-8,0.016662001609802247,0.8611240386962891,-0.4974474310874939,0.10493600368499756,0.4266985356807709,0.8193975687026978,0.3827741742134094,-0.276394248008728,-0.2848398983478546,0.9178630113601685],"EasingStyle":"Linear","EasingDirection":"In"},"Right Leg":{"Weight":1,"CFrame":[0.6864157915115356,0.6548742651939392,0.04678821563720703,0.9516836404800415,-0.27474209666252139,-0.13716769218444825,0.3022540807723999,0.9169628620147705,0.26042571663856509,0.05422784015536308,-0.28930237889289858,0.9557005167007446],"EasingStyle":"Linear","EasingDirection":"In"},"Torso":{"Weight":1,"CFrame":[-0.5089726448059082,-0.04892292618751526,-0.2698397636413574,0.9528949856758118,0.22064732015132905,-0.20810119807720185,-0.25353655219078066,0.9560524225234985,-0.1472516655921936,0.16646496951580048,0.19307661056518556,0.9669595956802368],"EasingStyle":"Linear","EasingDirection":"In"},"HumanoidRootPart":{"Weight":1,"CFrame":[0,0,0,1,0,0,0,1,0,0,0,1],"EasingStyle":"Linear","EasingDirection":"In"},"Left Arm":{"Weight":1,"CFrame":[-0.1300412267446518,-0.2484322190284729,0.11601078510284424,0.16304847598075868,0.3066897988319397,-0.9377402067184448,-0.728173017501831,0.6787258982658386,0.09536851197481156,0.6657170653343201,0.6672874093055725,0.3339885175228119],"EasingStyle":"Linear","EasingDirection":"In"}}},{"Time":0.10000000149011612,"poses":{"Left Leg":{"Weight":1,"CFrame":[-0.2124600112438202,0.16980904340744019,0.12865662574768067,0.8743921518325806,-0.06244511902332306,0.48118510842323305,0.002876951126381755,0.9923341274261475,0.12355079501867295,-0.48521146178245547,-0.10664748400449753,0.8678687810897827],"EasingStyle":"Linear","EasingDirection":"In"},"Right Arm":{"Weight":1,"CFrame":[0.23435144126415254,-0.335030198097229,0.09951329231262207,0.07196306437253952,-0.2570188343524933,0.9637234210968018,0.7780337333679199,0.6190436482429504,0.10699775069952011,-0.6240872740745544,0.742109477519989,0.24451756477355958],"EasingStyle":"Linear","EasingDirection":"In"},"Head":{"Weight":1,"CFrame":[1.043081283569336e-7,-5.960464477539063e-8,0.016661643981933595,0.863381028175354,-0.4914318323135376,0.11431513726711273,0.421205073595047,0.8267497420310974,0.37292277812957766,-0.27777621150016787,-0.2738243341445923,0.9207935929298401],"EasingStyle":"Linear","EasingDirection":"In"},"Right Leg":{"Weight":1,"CFrame":[0.6986457109451294,0.6498779058456421,0.10691094398498535,0.9560975432395935,-0.22382038831710816,-0.1891612857580185,0.264925092458725,0.9360816478729248,0.23144321143627168,0.12526875734329225,-0.27139586210250857,0.9542809128761292],"EasingStyle":"Linear","EasingDirection":"In"},"Torso":{"Weight":1,"CFrame":[-0.5697579979896545,-0.06044328212738037,-0.2993898391723633,0.9586562514305115,0.20829449594020844,-0.1938856989145279,-0.23577652871608735,0.9628921747207642,-0.13133279979228974,0.15933510661125184,0.17161671817302705,0.9721934199333191],"EasingStyle":"Linear","EasingDirection":"In"},"HumanoidRootPart":{"Weight":1,"CFrame":[0,0,0,1,0,0,0,1,0,0,0,1],"EasingStyle":"Linear","EasingDirection":"In"},"Left Arm":{"Weight":1,"CFrame":[-0.13010019063949586,-0.24239420890808106,0.11567878723144531,0.15577375888824464,0.31496462225914,-0.9362329244613648,-0.7344484329223633,0.670734167098999,0.10344596207141876,0.6605451107025147,0.6715006828308106,0.33580783009529116],"EasingStyle":"Linear","EasingDirection":"In"}}},{"Time":0.13333334028720857,"poses":{"Left Leg":{"Weight":1,"CFrame":[-0.3153338134288788,0.21035218238830567,0.16850745677947999,0.891686737537384,-0.12314938753843308,0.43557900190353396,0.048731930553913119,0.9828044176101685,0.1781034618616104,-0.4500221610069275,-0.1375858187675476,0.8823549151420593],"EasingStyle":"Linear","EasingDirection":"In"},"Right Arm":{"Weight":1,"CFrame":[0.23447510600090028,-0.3387436270713806,0.09998250007629395,0.07103876769542694,-0.2584894299507141,0.9633985757827759,0.7773563265800476,0.6195604801177979,0.10891377925872803,-0.6250366568565369,0.7411667704582214,0.24495114386081696],"EasingStyle":"Linear","EasingDirection":"In"},"Head":{"Weight":1,"CFrame":[-3.725290298461914e-9,0,0.016661763191223146,0.8677689433097839,-0.4812498390674591,0.12399908155202866,0.4123123586177826,0.8364748358726502,0.36098289489746096,-0.27744507789611819,-0.26212337613105776,0.9242919683456421],"EasingStyle":"Linear","EasingDirection":"In"},"Right Leg":{"Weight":1,"CFrame":[0.806851863861084,0.6601942181587219,0.1848604679107666,0.9631620645523071,-0.11204811185598374,-0.24446694552898408,0.1626359075307846,0.9666774868965149,0.1976972222328186,0.21416911482810975,-0.23017354309558869,0.9492900967597961],"EasingStyle":"Linear","EasingDirection":"In"},"Torso":{"Weight":1,"CFrame":[-0.6230505704879761,-0.06808534264564514,-0.33212852478027346,0.9653290510177612,0.1936180293560028,-0.1750769168138504,-0.2148420512676239,0.9702544212341309,-0.11157697439193726,0.14826583862304688,0.14532238245010377,0.9782119989395142],"EasingStyle":"Linear","EasingDirection":"In"},"HumanoidRootPart":{"Weight":1,"CFrame":[0,0,0,1,0,0,0,1,0,0,0,1],"EasingStyle":"Linear","EasingDirection":"In"},"Left Arm":{"Weight":1,"CFrame":[-0.1303691416978836,-0.23467576503753663,0.11562693119049072,0.14524176716804505,0.32628652453422549,-0.9340460896492004,-0.7423442602157593,0.6600513458251953,0.11514025926589966,0.6540870070457459,0.6766605973243713,0.3380837142467499],"EasingStyle":"Linear","EasingDirection":"In"}}},{"Time":0.1666666716337204,"poses":{"Left Leg":{"Weight":1,"CFrame":[-0.4288031756877899,0.2454829216003418,0.1932295560836792,0.9110020399093628,-0.17396949231624604,0.3739114999771118,0.09108783304691315,0.9691573977470398,0.2289913296699524,-0.4022166132926941,-0.17455290257930757,0.8987509608268738],"EasingStyle":"Linear","EasingDirection":"In"},"Right Arm":{"Weight":1,"CFrame":[0.23438945412635804,-0.3404458165168762,0.10047614574432373,0.06980723142623902,-0.2601873278617859,0.9630315899848938,0.7766516208648682,0.6200340390205383,0.1112205758690834,-0.626050591468811,0.7401759624481201,0.24535758793354035],"EasingStyle":"Linear","EasingDirection":"In"},"Head":{"Weight":1,"CFrame":[2.421438694000244e-8,-2.2351741790771486e-8,0.016661882400512697,0.8713750839233398,-0.4721153676509857,0.13346408307552339,0.4058630168437958,0.8464975357055664,0.34455373883247378,-0.27564606070518496,-0.2460673302412033,0.9292309880256653],"EasingStyle":"Linear","EasingDirection":"In"},"Right Leg":{"Weight":1,"CFrame":[0.8085769414901733,0.6493058204650879,0.26698875427246096,0.9532448053359985,-0.044956497848033908,-0.2988366186618805,0.09321516752243042,0.9843956232070923,0.14925192296504975,0.2874636948108673,-0.1701297163963318,0.9425607323646545],"EasingStyle":"Linear","EasingDirection":"In"},"Torso":{"Weight":1,"CFrame":[-0.6709049940109253,-0.0704028457403183,-0.36298441886901858,0.9728498458862305,0.17202208936214448,-0.15482817590236665,-0.18721643090248109,0.9782338738441467,-0.08949022740125656,0.13606388866901399,0.11604691296815872,0.9838799834251404],"EasingStyle":"Linear","EasingDirection":"In"},"HumanoidRootPart":{"Weight":1,"CFrame":[0,0,0,1,0,0,0,1,0,0,0,1],"EasingStyle":"Linear","EasingDirection":"In"},"Left Arm":{"Weight":1,"CFrame":[-0.13314959406852723,-0.22553208470344544,0.11580038070678711,0.13120269775390626,0.3404875099658966,-0.9310501217842102,-0.7512995600700378,0.64689040184021,0.13069695234298707,0.6467878818511963,0.6823498606681824,0.3406817317008972],"EasingStyle":"Linear","EasingDirection":"In"}}},{"Time":0.20000000298023225,"poses":{"Left Leg":{"Weight":1,"CFrame":[-0.5062091946601868,0.27668726444244387,0.18997681140899659,0.9350779056549072,-0.19372953474521638,0.2968132793903351,0.1094188466668129,0.954285740852356,0.27814820408821108,-0.33713024854660036,-0.22761327028274537,0.913529098033905],"EasingStyle":"Linear","EasingDirection":"In"},"Right Arm":{"Weight":1,"CFrame":[0.23424480855464936,-0.3405606746673584,0.10097610950469971,0.06824744492769242,-0.26202431321144106,0.9626451134681702,0.7759941220283508,0.6203802227973938,0.11384791135787964,-0.6270369291305542,0.7392371892929077,0.24566860496997834],"EasingStyle":"Linear","EasingDirection":"In"},"Head":{"Weight":1,"CFrame":[4.6566128730773929e-8,-1.4901161193847657e-8,0.016661882400512697,0.8762601017951965,-0.4641886353492737,0.12921716272830964,0.40233534574508669,0.8524397611618042,0.33387523889541628,-0.2651309669017792,-0.24057304859161378,0.9337185025215149],"EasingStyle":"Linear","EasingDirection":"In"},"Right Leg":{"Weight":1,"CFrame":[0.8153154850006104,0.6149924993515015,0.32926344871520998,0.9362505674362183,0.029152628034353257,-0.3501213490962982,0.010172526352107525,0.993884265422821,0.109957255423069,0.35118573904037478,-0.10650923103094101,0.9302281737327576],"EasingStyle":"Linear","EasingDirection":"In"},"Torso":{"Weight":1,"CFrame":[-0.7196981906890869,-0.06757541745901108,-0.38705015182495119,0.9806084036827087,0.14533591270446778,-0.13147111237049104,-0.15464641153812409,0.9859225749969482,-0.06357000768184662,0.12038133293390274,0.08266882598400116,0.9892796277999878],"EasingStyle":"Linear","EasingDirection":"In"},"HumanoidRootPart":{"Weight":1,"CFrame":[0,0,0,1,0,0,0,1,0,0,0,1],"EasingStyle":"Linear","EasingDirection":"In"},"Left Arm":{"Weight":1,"CFrame":[-0.13911762833595277,-0.2145301103591919,0.11597716808319092,0.11337700486183167,0.35740023851394656,-0.9270442724227905,-0.7607221603393555,0.6314144730567932,0.15039102733135224,0.6390990614891052,0.6881721615791321,0.3434699475765228],"EasingStyle":"Linear","EasingDirection":"In"}}},{"Time":0.23333333432674409,"poses":{"Left Leg":{"Weight":1,"CFrame":[-0.4427381157875061,0.31759804487228396,0.1474066972732544,0.9698564410209656,-0.12895195186138154,0.2067602127790451,0.059178344905376437,0.94774329662323,0.313497394323349,-0.23638175427913667,-0.2918117642402649,0.9268060922622681],"EasingStyle":"Linear","EasingDirection":"In"},"Right Arm":{"Weight":1,"CFrame":[0.2340577244758606,-0.3393056392669678,0.10147237777709961,0.06633856892585755,-0.2639147937297821,0.9622620344161987,0.7754590511322022,0.6205146908760071,0.11672507971525192,-0.6279033422470093,0.7384514212608337,0.24581903219223023],"EasingStyle":"Linear","EasingDirection":"In"},"Head":{"Weight":1,"CFrame":[5.122274160385132e-8,3.725290298461914e-9,0.016662001609802247,0.8870948553085327,-0.44789931178092959,0.1115744411945343,0.3941477835178375,0.8608259558677673,0.3219102919101715,-0.24022959172725678,-0.24158817529678346,0.9401727914810181],"EasingStyle":"Linear","EasingDirection":"In"},"Right Leg":{"Weight":1,"CFrame":[0.9031721353530884,0.5545659065246582,0.34944725036621096,0.9072226285934448,0.14588041603565217,-0.3945452570915222,-0.11168965697288513,0.9878114461898804,0.10841590911149979,0.40555211901664736,-0.05429081246256828,0.9124582409858704],"EasingStyle":"Linear","EasingDirection":"In"},"Torso":{"Weight":1,"CFrame":[-0.7664068937301636,-0.058710694313049319,-0.40073728561401369,0.9878721833229065,0.11605972796678543,-0.10314422100782395,-0.11998356133699417,0.9922382831573486,-0.0326680988073349,0.09855218231678009,0.04464751482009888,0.9941298365592957],"EasingStyle":"Linear","EasingDirection":"In"},"HumanoidRootPart":{"Weight":1,"CFrame":[0,0,0,1,0,0,0,1,0,0,0,1],"EasingStyle":"Linear","EasingDirection":"In"},"Left Arm":{"Weight":1,"CFrame":[-0.14649882912635804,-0.19819548726081849,0.11567389965057373,0.09174100309610367,0.37754571437835696,-0.9214352965354919,-0.7698144316673279,0.6138455867767334,0.17486977577209474,0.6316401958465576,0.6932913661003113,0.3469548225402832],"EasingStyle":"Linear","EasingDirection":"In"}}},{"Time":0.2666666805744171,"poses":{"Left Leg":{"Weight":1,"CFrame":[-0.5536489486694336,0.3894643187522888,0.14767813682556153,0.9847498536109924,-0.13819919526576997,0.10568197071552277,0.09795038402080536,0.9424389600753784,0.31971022486686709,-0.14378248155117036,-0.304483026266098,0.9416032433509827],"EasingStyle":"Linear","EasingDirection":"In"},"Right Arm":{"Weight":1,"CFrame":[0.2338445484638214,-0.3368973433971405,0.10195469856262207,0.06405805796384812,-0.2657698690891266,0.9619060158729553,0.7751216888427734,0.6203538179397583,0.11978143453598023,-0.6285563111305237,0.7379211783409119,0.24574249982833863],"EasingStyle":"Linear","EasingDirection":"In"},"Head":{"Weight":1,"CFrame":[2.7008354663848878e-8,-1.862645149230957e-9,0.0166623592376709,0.9033204317092896,-0.41897591948509219,0.09203977882862091,0.37612468004226687,0.876766562461853,0.2996846139431,-0.20625802874565125,-0.23609285056591035,0.9495882391929627],"EasingStyle":"Linear","EasingDirection":"In"},"Right Leg":{"Weight":1,"CFrame":[0.9299890995025635,0.4778207540512085,0.32879114151000979,0.8752187490463257,0.2258721888065338,-0.427754670381546,-0.19424296915531159,0.9739679098129273,0.11685962229967118,0.44301456212997439,-0.019189486280083658,0.8963090777397156],"EasingStyle":"Linear","EasingDirection":"In"},"Torso":{"Weight":1,"CFrame":[-0.809831440448761,-0.0467829555273056,-0.403989315032959,0.9938782453536987,0.0836351290345192,-0.07218904793262482,-0.08387839794158936,0.9964759349822998,-0.00033957359846681356,0.07190625369548798,0.006392596755176783,0.9973909258842468],"EasingStyle":"Linear","EasingDirection":"In"},"HumanoidRootPart":{"Weight":1,"CFrame":[0,0,0,1,0,0,0,1,0,0,0,1],"EasingStyle":"Linear","EasingDirection":"In"},"Left Arm":{"Weight":1,"CFrame":[-0.15579074621200562,-0.1805969476699829,0.11465418338775635,0.06787226349115372,0.40242820978164675,-0.9129321575164795,-0.7782604694366455,0.5939025282859802,0.20393715798854829,0.6242627501487732,0.6966572403907776,0.3535033166408539],"EasingStyle":"Linear","EasingDirection":"In"}}},{"Time":0.30000001192092898,"poses":{"Left Leg":{"Weight":1,"CFrame":[-0.7507673501968384,0.4607168436050415,0.14960384368896485,0.9845741391181946,-0.17495450377464295,-0.0021895691752433779,0.16789039969444276,0.941149115562439,0.29334500432014468,-0.04926134645938873,-0.2891874611377716,0.9560042023658752],"EasingStyle":"Linear","EasingDirection":"In"},"Right Arm":{"Weight":1,"CFrame":[0.23356649279594422,-0.3336193561553955,0.10243535041809082,0.06023896113038063,-0.2692372798919678,0.9611881375312805,0.7762113809585571,0.6180623173713684,0.12447839975357056,-0.6275883316993713,0.7385867834091187,0.24621641635894776],"EasingStyle":"Linear","EasingDirection":"In"},"Head":{"Weight":1,"CFrame":[1.3469252735376359e-7,8.381903171539307e-9,0.016662120819091798,0.9215798377990723,-0.3814743459224701,0.07188933342695236,0.3490239977836609,0.8953304290771484,0.2767052948474884,-0.16992071270942689,-0.22991500794887544,0.958262026309967],"EasingStyle":"Linear","EasingDirection":"In"},"Right Leg":{"Weight":1,"CFrame":[0.9025249481201172,0.3957445025444031,0.28197813034057619,0.8517717123031616,0.269266813993454,-0.449422150850296,-0.23911678791046143,0.9630635976791382,0.12382160127162934,0.46616315841674807,0.00199651881121099,0.8846966028213501],"EasingStyle":"Linear","EasingDirection":"In"},"Torso":{"Weight":1,"CFrame":[-0.848347544670105,-0.035622239112854007,-0.38753223419189455,0.9980282187461853,0.04714461788535118,-0.04143785312771797,-0.04597167298197746,0.9985269904136658,0.028817811980843545,0.04273541644215584,-0.02685602381825447,0.998725414276123],"EasingStyle":"Linear","EasingDirection":"In"},"HumanoidRootPart":{"Weight":1,"CFrame":[0,0,0,1,0,0,0,1,0,0,0,1],"EasingStyle":"Linear","EasingDirection":"In"},"Left Arm":{"Weight":1,"CFrame":[-0.16807404160499574,-0.1724512279033661,0.11327147483825684,0.04391098767518997,0.43332260847091677,-0.9001685976982117,-0.7862445116043091,0.57088303565979,0.23645757138729096,0.6163532137870789,0.697369396686554,0.3657653331756592],"EasingStyle":"Linear","EasingDirection":"In"}}},{"Time":0.3333333432674408,"poses":{"Left Leg":{"Weight":1,"CFrame":[-0.9339707493782044,0.5156409740447998,0.1340881586074829,0.9748260974884033,-0.2006065845489502,-0.09731895476579666,0.21898683905601502,0.9435095191001892,0.2486657053232193,0.04193735495209694,-0.263717383146286,0.9636878967285156],"EasingStyle":"Linear","EasingDirection":"In"},"Right Arm":{"Weight":1,"CFrame":[0.233202263712883,-0.32973259687423708,0.10291624069213867,0.05404132232069969,-0.2754226624965668,0.9598031044006348,0.7794800996780396,0.6123954057693481,0.13184306025505067,-0.6240915656089783,0.7410224676132202,0.24778106808662415],"EasingStyle":"Linear","EasingDirection":"In"},"Head":{"Weight":1,"CFrame":[6.025948096066713e-8,-2.0954757928848268e-8,0.01666259765625,0.9387966990470886,-0.3403545022010803,0.053099375218153,0.31599023938179018,0.9122573137283325,0.2606470584869385,-0.13715268671512605,-0.22791573405265809,0.963972806930542],"EasingStyle":"Linear","EasingDirection":"In"},"Right Leg":{"Weight":1,"CFrame":[0.8402243256568909,0.30991220474243166,0.22708046436309815,0.8401001691818237,0.28498372435569765,-0.46153658628463747,-0.2599179744720459,0.958317220211029,0.11862049996852875,0.47610345482826235,0.020308511331677438,0.8791548609733582],"EasingStyle":"Linear","EasingDirection":"In"},"Torso":{"Weight":1,"CFrame":[-0.889089047908783,-0.027479752898216249,-0.35010433197021487,0.999885618686676,0.007472252938896418,-0.013148476369678975,-0.0067773545160889629,0.9986176490783691,0.052123431116342548,0.013519779779016972,-0.0520283579826355,0.9985541105270386],"EasingStyle":"Linear","EasingDirection":"In"},"HumanoidRootPart":{"Weight":1,"CFrame":[0,0,0,1,0,0,0,1,0,0,0,1],"EasingStyle":"Linear","EasingDirection":"In"},"Left Arm":{"Weight":1,"CFrame":[-0.18443430960178376,-0.1844840943813324,0.11186647415161133,0.02203381061553955,0.4713748097419739,-0.8816577792167664,-0.7941105365753174,0.5440075993537903,0.2710056006908417,0.6073737740516663,0.6941625475883484,0.3863102197647095],"EasingStyle":"Linear","EasingDirection":"In"}}},{"Time":0.36666667461395266,"poses":{"Left Leg":{"Weight":1,"CFrame":[-1.0628496408462525,0.5265576839447022,0.10413849353790283,0.9639379978179932,-0.21535636484622956,-0.15635016560554505,0.2448970079421997,0.9477550983428955,0.2044159322977066,0.10415935516357422,-0.23533394932746888,0.9663171768188477],"EasingStyle":"Linear","EasingDirection":"In"},"Right Arm":{"Weight":1,"CFrame":[0.23279492557048798,-0.32542115449905398,0.10336971282958985,0.04592854157090187,-0.28341278433799746,0.9578976631164551,0.784268319606781,0.604153037071228,0.1411469280719757,-0.6187195181846619,0.7447659373283386,0.2500194311141968],"EasingStyle":"Linear","EasingDirection":"In"},"Head":{"Weight":1,"CFrame":[1.2700911611318589e-7,4.284083843231201e-8,0.016662001609802247,0.9535455107688904,-0.29942283034324648,0.033120304346084598,0.2816126346588135,0.9250307679176331,0.25497546792030337,-0.10698281228542328,-0.2338036298751831,0.9663801193237305],"EasingStyle":"Linear","EasingDirection":"In"},"Right Leg":{"Weight":1,"CFrame":[0.7605366706848145,0.23247957229614259,0.17401611804962159,0.8395531177520752,0.280057817697525,-0.4655301868915558,-0.26321467757225039,0.9592868089675903,0.10240599513053894,0.47525647282600405,0.03655910864472389,0.879087507724762],"EasingStyle":"Linear","EasingDirection":"In"},"Torso":{"Weight":1,"CFrame":[-0.9272751212120056,-0.02354016900062561,-0.30400562286376955,0.9993646740913391,-0.03370986506342888,0.011570340022444725,0.032845042645931247,0.9971314668655396,0.06819122284650803,-0.013835866004228592,-0.06776786595582962,0.9976052045822144],"EasingStyle":"Linear","EasingDirection":"In"},"HumanoidRootPart":{"Weight":1,"CFrame":[0,0,0,1,0,0,0,1,0,0,0,1],"EasingStyle":"Linear","EasingDirection":"In"},"Left Arm":{"Weight":1,"CFrame":[-0.20568335056304933,-0.21909472346305848,0.11050021648406983,0.002762906951829791,0.5188028216362,-0.8548896908760071,-0.8006152510643005,0.5133776664733887,0.30896344780921938,0.5991724133491516,0.6835839748382568,0.41677960753440859],"EasingStyle":"Linear","EasingDirection":"In"}}},{"Time":0.4000000059604645,"poses":{"Left Leg":{"Weight":1,"CFrame":[-1.1030117273330689,0.4895402789115906,0.06660008430480957,0.9625239372253418,-0.21964967250823975,-0.15906554460525514,0.24670784175395966,0.9527449011802673,0.17723573744297028,0.1126190721988678,-0.20983630418777467,0.9712289571762085],"EasingStyle":"Linear","EasingDirection":"In"},"Right Arm":{"Weight":1,"CFrame":[0.23238685727119447,-0.3208681344985962,0.10377025604248047,0.0363699309527874,-0.2923056483268738,0.9556331038475037,0.7899260520935059,0.5941486358642578,0.1516726166009903,-0.6121227145195007,0.7493630647659302,0.25250887870788576],"EasingStyle":"Linear","EasingDirection":"In"},"Head":{"Weight":1,"CFrame":[-8.614733815193177e-9,-2.60770320892334e-8,0.01666247844696045,0.9648035168647766,-0.2625575363636017,0.014760462567210198,0.25020503997802737,0.9337927103042603,0.2557900846004486,-0.0809427946805954,-0.24309402704238892,0.9666197299957275],"EasingStyle":"Linear","EasingDirection":"In"},"Right Leg":{"Weight":1,"CFrame":[0.6709762811660767,0.17461514472961427,0.12241673469543457,0.8509301543235779,0.25446683168411257,-0.4595263600349426,-0.24779362976551057,0.9658286571502686,0.07598321884870529,0.4631589651107788,0.04921121522784233,0.8849080204963684],"EasingStyle":"Linear","EasingDirection":"In"},"Torso":{"Weight":1,"CFrame":[-0.9602489471435547,-0.024775952100753785,-0.2621150016784668,0.9968063235282898,-0.07236780226230622,0.033767588436603549,0.06964265555143357,0.9946810603141785,0.07589107006788254,-0.039080046117305759,-0.07329702377319336,0.9965442419052124],"EasingStyle":"Linear","EasingDirection":"In"},"HumanoidRootPart":{"Weight":1,"CFrame":[0,0,0,1,0,0,0,1,0,0,0,1],"EasingStyle":"Linear","EasingDirection":"In"},"Left Arm":{"Weight":1,"CFrame":[-0.2317914515733719,-0.2691524028778076,0.10849654674530029,-0.017585959285497667,0.5734323263168335,-0.8190643191337586,-0.8038365840911865,0.47904956340789797,0.35264480113983157,0.5945902466773987,0.664595365524292,0.4525212049484253],"EasingStyle":"Linear","EasingDirection":"In"}}},{"Time":0.4333333373069763,"poses":{"Left Leg":{"Weight":1,"CFrame":[-1.0408121347427369,0.3938812017440796,0.026062726974487306,0.9741860628128052,-0.2188476026058197,-0.055382125079631808,0.2253863662481308,0.9567593336105347,0.18388181924819947,0.01274523138999939,-0.1916174441576004,0.9813869595527649],"EasingStyle":"Linear","EasingDirection":"In"},"Right Arm":{"Weight":1,"CFrame":[0.2320193648338318,-0.3162556290626526,0.10409116744995117,0.025849850848317148,-0.30123525857925417,0.9531995058059692,0.795844554901123,0.5832239389419556,0.16273102164268495,-0.6049489974975586,0.7543918490409851,0.2548125982284546],"EasingStyle":"Linear","EasingDirection":"In"},"Head":{"Weight":1,"CFrame":[1.73225998878479e-7,-4.470348358154297e-8,0.016662120819091798,0.9722477793693543,-0.23394405841827393,0.0021321906242519619,0.22493188083171845,0.9372231960296631,0.26649290323257449,-0.06434280425310135,-0.2586175501346588,0.9638345241546631],"EasingStyle":"Linear","EasingDirection":"In"},"Right Leg":{"Weight":1,"CFrame":[0.6332883834838867,0.12903016805648805,0.10756874084472656,0.8663200736045837,0.2345331311225891,-0.4410030245780945,-0.2425752431154251,0.9693485498428345,0.038994256407022479,0.43663114309310915,0.07319486141204834,0.8966582417488098],"EasingStyle":"Linear","EasingDirection":"In"},"Torso":{"Weight":1,"CFrame":[-0.9809622764587402,-0.035200268030166629,-0.2345132827758789,0.9929320812225342,-0.10533037036657334,0.05469369515776634,0.10139139741659165,0.9923529624938965,0.07039450854063034,-0.06169012933969498,-0.06435149908065796,0.9960187077522278],"EasingStyle":"Linear","EasingDirection":"In"},"HumanoidRootPart":{"Weight":1,"CFrame":[0,0,0,1,0,0,0,1,0,0,0,1],"EasingStyle":"Linear","EasingDirection":"In"},"Left Arm":{"Weight":1,"CFrame":[-0.2625378966331482,-0.3311071991920471,0.10504746437072754,-0.041852980852127078,0.6313040852546692,-0.7744054198265076,-0.8027732968330383,0.440187007188797,0.4022316038608551,0.5948135852813721,0.6385065913200378,0.4883708357810974],"EasingStyle":"Linear","EasingDirection":"In"}}},{"Time":0.46666666865348818,"poses":{"Left Leg":{"Weight":1,"CFrame":[-0.9445354342460632,0.28671765327453616,-0.01357722282409668,0.9803463220596314,-0.19627630710601808,0.019918791949748994,0.18954280018806458,0.9650696516036987,0.1808704286813736,-0.05472360923886299,-0.17354020476341248,0.9833052754402161],"EasingStyle":"Linear","EasingDirection":"In"},"Right Arm":{"Weight":1,"CFrame":[0.2317315638065338,-0.31176576018333437,0.10430920124053955,0.014869019389152527,-0.3093852400779724,0.9508206248283386,0.8014752268791199,0.5722550749778748,0.17367109656333924,-0.5978431701660156,0.7594766616821289,0.2564733028411865],"EasingStyle":"Linear","EasingDirection":"In"},"Head":{"Weight":1,"CFrame":[1.5999830793589354e-7,3.841705620288849e-9,0.016661524772644044,0.9782745242118836,-0.20719662308692933,-0.006959238089621067,0.20039185881614686,0.9364781379699707,0.28783997893333437,-0.053122349083423617,-0.28298109769821169,0.957653284072876],"EasingStyle":"Linear","EasingDirection":"In"},"Right Leg":{"Weight":1,"CFrame":[0.6896116137504578,0.08566433191299439,0.13873279094696046,0.8796521425247192,0.24509881436824799,-0.4076010584831238,-0.26751935482025149,0.9635502696037293,0.002063601976260543,0.393250048160553,0.10722588747739792,0.9131577610969544],"EasingStyle":"Linear","EasingDirection":"In"},"Torso":{"Weight":1,"CFrame":[-0.9831099510192871,-0.054319754242897037,-0.22017621994018556,0.9878367781639099,-0.1366274207830429,0.07423947006464005,0.1329561471939087,0.9897384643554688,0.05234988033771515,-0.08063008636236191,-0.041842538863420489,0.9958654642105103],"EasingStyle":"Linear","EasingDirection":"In"},"HumanoidRootPart":{"Weight":1,"CFrame":[0,0,0,1,0,0,0,1,0,0,0,1],"EasingStyle":"Linear","EasingDirection":"In"},"Left Arm":{"Weight":1,"CFrame":[-0.29753223061561587,-0.40143144130706789,0.09912705421447754,-0.06800974905490875,0.6944106817245483,-0.716357946395874,-0.7956711053848267,0.39542680978775027,0.45885181427001955,0.601898729801178,0.6011916995048523,0.5256295204162598],"EasingStyle":"Linear","EasingDirection":"In"}}},{"Time":0.5,"poses":{"Left Leg":{"Weight":1,"CFrame":[-1.1862069368362427,0.21910065412521363,-0.06103932857513428,0.9536488056182861,-0.2913137674331665,-0.07543429732322693,0.29950931668281557,0.9431266188621521,0.14424455165863038,0.02912362851202488,-0.1601518988609314,0.986662745475769],"EasingStyle":"Linear","EasingDirection":"In"},"Right Arm":{"Weight":1,"CFrame":[0.23152141273021699,-0.3075445592403412,0.1044626235961914,0.003921815659850836,-0.3160988688468933,0.948718249797821,0.8063794374465942,0.5620666146278381,0.18393883109092713,-0.5913856625556946,0.7643052935600281,0.2570999264717102],"EasingStyle":"Linear","EasingDirection":"In"},"Head":{"Weight":1,"CFrame":[1.955777406692505e-7,3.725290298461914e-9,0.016661882400512697,0.9844182729721069,-0.17487238347530366,-0.018452534452080728,0.1717940866947174,0.9340507388114929,0.31310707330703738,-0.03751811385154724,-0.31139835715293887,0.9495385885238648],"EasingStyle":"Linear","EasingDirection":"In"},"Right Leg":{"Weight":1,"CFrame":[0.7317905426025391,0.08120638132095337,0.14761865139007569,0.9023352861404419,0.23751240968704225,-0.35969269275665285,-0.26291075348854067,0.9645547866821289,-0.022630080580711366,0.34156841039657595,0.11498695611953736,0.9327964186668396],"EasingStyle":"Linear","EasingDirection":"In"},"Torso":{"Weight":1,"CFrame":[-0.9710230231285095,-0.07743525505065918,-0.22065496444702149,0.981148898601532,-0.17020004987716676,0.09153684973716736,0.1683601438999176,0.9853414297103882,0.02751700021326542,-0.09487846493721008,-0.011587114073336125,0.9954214096069336],"EasingStyle":"Linear","EasingDirection":"In"},"HumanoidRootPart":{"Weight":1,"CFrame":[0,0,0,1,0,0,0,1,0,0,0,1],"EasingStyle":"Linear","EasingDirection":"In"},"Left Arm":{"Weight":1,"CFrame":[-0.3363783359527588,-0.47564125061035159,0.09007453918457031,-0.09250893443822861,0.7635225057601929,-0.6391211152076721,-0.7816258668899536,0.34195947647094729,0.5216557383537293,0.616849422454834,0.5478112697601318,0.5651543736457825],"EasingStyle":"Linear","EasingDirection":"In"}}},{"Time":0.5333333611488342,"poses":{"Left Leg":{"Weight":1,"CFrame":[-1.1900650262832642,0.2566779851913452,-0.12532907724380494,0.9427645802497864,-0.24567995965480805,-0.22546958923339845,0.2724025845527649,0.9574038982391357,0.09578496217727661,0.19233296811580659,-0.15172116458415986,0.9695301055908203],"EasingStyle":"Linear","EasingDirection":"In"},"Right Arm":{"Weight":1,"CFrame":[0.23135948181152345,-0.30360257625579836,0.1045989990234375,-0.006413714028894901,-0.32129573822021487,0.9469572901725769,0.8104180693626404,0.553096354007721,0.19315043091773988,-0.5858168601989746,0.7686699032783508,0.2568363845348358],"EasingStyle":"Linear","EasingDirection":"In"},"Head":{"Weight":1,"CFrame":[7.636845111846924e-8,2.2351741790771486e-8,0.016662001609802247,0.9903090596199036,-0.13682681322097779,-0.02380143292248249,0.13672706484794618,0.9304507374763489,0.33995187282562258,-0.0243685282766819,-0.33991169929504397,0.9401416182518005],"EasingStyle":"Linear","EasingDirection":"In"},"Right Leg":{"Weight":1,"CFrame":[0.730706512928009,0.11725866794586182,0.1543675661087036,0.9287791848182678,0.2043527066707611,-0.30920735001564028,-0.22703731060028077,0.9731113314628601,-0.03883973881602287,0.2929561734199524,0.10627511143684387,0.9502012729644775],"EasingStyle":"Linear","EasingDirection":"In"},"Torso":{"Weight":1,"CFrame":[-0.9404542446136475,-0.10203903913497925,-0.23692774772644044,0.972852349281311,-0.2051461935043335,0.1071140244603157,0.20643964409828187,0.978458821773529,-0.0010099840583279729,-0.10459946095943451,0.0230951476842165,0.994246244430542],"EasingStyle":"Linear","EasingDirection":"In"},"HumanoidRootPart":{"Weight":1,"CFrame":[0,0,0,1,0,0,0,1,0,0,0,1],"EasingStyle":"Linear","EasingDirection":"In"},"Left Arm":{"Weight":1,"CFrame":[-0.37866175174713137,-0.5452821254730225,0.079010009765625,-0.11313911527395249,0.8325775265693665,-0.5422310829162598,-0.7638543844223023,0.276111900806427,0.5833426713943481,0.6353943347930908,0.4801843464374542,0.6047287583351135],"EasingStyle":"Linear","EasingDirection":"In"}}},{"Time":0.5666666626930237,"poses":{"Left Leg":{"Weight":1,"CFrame":[-1.0567294359207154,0.32774102687835696,-0.06297898292541504,0.9463745951652527,-0.15345187485218049,-0.2843020260334015,0.1716231256723404,0.9843506813049316,0.03999016433954239,0.2737163007259369,-0.08663852512836456,0.9579004645347595],"EasingStyle":"Linear","EasingDirection":"In"},"Right Arm":{"Weight":1,"CFrame":[0.23124265670776368,-0.29991763830184939,0.10470807552337647,-0.015494074672460556,-0.32506754994392397,0.9455639719963074,0.8135520219802856,0.5456763505935669,0.2009243220090866,-0.5812857747077942,0.7723783850669861,0.2560044825077057],"EasingStyle":"Linear","EasingDirection":"In"},"Head":{"Weight":1,"CFrame":[3.3527612686157229e-8,-1.4901161193847657e-8,0.016662240028381349,0.9950829148292542,-0.09788742661476135,-0.015104357153177262,0.09661634266376496,0.9257504343986511,0.36558353900909426,-0.02180316485464573,-0.36524537205696108,0.9306560754776001],"EasingStyle":"Linear","EasingDirection":"In"},"Right Leg":{"Weight":1,"CFrame":[0.7340354323387146,0.158314049243927,0.186248779296875,0.9468663334846497,0.17838400602340699,-0.26762527227401736,-0.19790250062942506,0.9790655970573425,-0.04759467765688896,0.25353264808654787,0.0980294942855835,0.9623468518257141],"EasingStyle":"Linear","EasingDirection":"In"},"Torso":{"Weight":1,"CFrame":[-0.892195463180542,-0.12686167657375337,-0.2669548988342285,0.9634400010108948,-0.2390119731426239,0.1210646852850914,0.24440641701221467,0.9691564440727234,-0.03164375200867653,-0.1097673624753952,0.06007583439350128,0.9921402335166931],"EasingStyle":"Linear","EasingDirection":"In"},"HumanoidRootPart":{"Weight":1,"CFrame":[0,0,0,1,0,0,0,1,0,0,0,1],"EasingStyle":"Linear","EasingDirection":"In"},"Left Arm":{"Weight":1,"CFrame":[-0.4235174059867859,-0.602340817451477,0.06725668907165528,-0.12956690788269044,0.8942177295684815,-0.4284708499908447,-0.7462904453277588,0.1965775191783905,0.6359307765960693,0.6528881788253784,0.4021592140197754,0.6418761014938355],"EasingStyle":"Linear","EasingDirection":"In"}}},{"Time":0.6000000238418579,"poses":{"Left Leg":{"Weight":1,"CFrame":[-0.9135555624961853,0.4170846939086914,0.05853104591369629,0.970164954662323,-0.08335892111063004,-0.22766485810279847,0.08466435968875885,0.9964014291763306,-0.0040435390546917919,0.22718267142772675,-0.015352197922766209,0.9737311601638794],"EasingStyle":"Linear","EasingDirection":"In"},"Right Arm":{"Weight":1,"CFrame":[0.23116740584373475,-0.2964673340320587,0.10477828979492188,-0.02267075516283512,-0.32751044631004336,0.9445756673812866,0.815752387046814,0.5401445627212524,0.20686186850070954,-0.5779567956924439,0.7752295136451721,0.2549217939376831],"EasingStyle":"Linear","EasingDirection":"In"},"Head":{"Weight":1,"CFrame":[1.0803341865539551e-7,2.9802322387695315e-8,0.016662120819091798,0.9980359673500061,-0.06264296174049378,-0.0004641301929950714,0.05792351812124252,0.9199735522270203,0.3876771330833435,-0.023858139291405679,-0.38694262504577639,0.9217951893806458],"EasingStyle":"Linear","EasingDirection":"In"},"Right Leg":{"Weight":1,"CFrame":[0.7174994945526123,0.22238075733184815,0.22108101844787599,0.9602646231651306,0.14847858250141145,-0.23631736636161805,-0.16278959810733796,0.9857609272003174,-0.04213247448205948,0.22669672966003419,0.07892826199531555,0.9707620739936829],"EasingStyle":"Linear","EasingDirection":"In"},"Torso":{"Weight":1,"CFrame":[-0.8285312652587891,-0.15018123388290406,-0.3035469055175781,0.9537443518638611,-0.2698501944541931,0.13248665630817414,0.2797188460826874,0.9580618739128113,-0.062248311936855319,-0.11013270914554596,0.09642797708511353,0.9892281889915466],"EasingStyle":"Linear","EasingDirection":"In"},"HumanoidRootPart":{"Weight":1,"CFrame":[0,0,0,1,0,0,0,1,0,0,0,1],"EasingStyle":"Linear","EasingDirection":"In"},"Left Arm":{"Weight":1,"CFrame":[-0.4683386981487274,-0.6447713971138,0.05511665344238281,-0.143096461892128,0.942574143409729,-0.3017905056476593,-0.7292689681053162,0.10572877526283264,0.6760090589523315,0.6690965294837952,0.3168209493160248,0.672260582447052],"EasingStyle":"Linear","EasingDirection":"In"}}},{"Time":0.6333333253860474,"poses":{"Left Leg":{"Weight":1,"CFrame":[-0.9073941111564636,0.5043860077857971,0.1538093090057373,0.9895808100700378,-0.09684983640909195,-0.10653698444366455,0.09417203813791275,0.9951070547103882,-0.02989649400115013,0.10891110450029373,0.019552234560251237,0.9938592314720154],"EasingStyle":"Linear","EasingDirection":"In"},"Right Arm":{"Weight":1,"CFrame":[0.23113057017326356,-0.2932271659374237,0.1047983169555664,-0.027293357998132707,-0.32871875166893008,0.9440334439277649,0.8169901967048645,0.5368382930755615,0.21055106818675996,-0.5760054588317871,0.7770127058029175,0.25390782952308657],"EasingStyle":"Linear","EasingDirection":"In"},"Head":{"Weight":1,"CFrame":[2.3096799850463868e-7,-1.4901161193847657e-8,0.016662120819091798,0.9994028806686401,-0.029574479907751085,0.017869876697659494,0.019835548475384713,0.9144867658615112,0.404129356145