{"Sequence":[{"Time":0,"poses":{"Left Leg":{"Weight":1,"CFrame":[-0.6759903430938721,0.8186936974525452,0.31990766525268557,0.8384807109832764,-0.3607337474822998,0.4084375500679016,0.38293758034706118,0.9233081340789795,0.029337584972381593,-0.38769686222076418,0.1318071186542511,0.9123146533966065],"EasingStyle":"Linear","EasingDirection":"In"},"Right Arm":{"Weight":1,"CFrame":[0.3194395899772644,-0.35649654269218447,-0.29849886894226076,-0.16426756978034974,-0.03428724408149719,0.9858196973800659,0.24192431569099427,-0.970272958278656,0.006565615069121122,0.9562891125679016,0.23957228660583497,0.16767928004264832],"EasingStyle":"Linear","EasingDirection":"In"},"Left Arm":{"Weight":1,"CFrame":[-0.2973737120628357,-0.21908831596374513,-0.16701394319534303,-0.005268953274935484,0.07898392528295517,-0.99686199426651,-0.3808533847332001,-0.9219030737876892,-0.071031354367733,-0.9246204495429993,0.37928396463394167,0.03493865951895714],"EasingStyle":"Linear","EasingDirection":"In"},"Right Leg":{"Weight":1,"CFrame":[0.6604427695274353,0.8673939108848572,0.284601092338562,0.8123154044151306,0.377073734998703,-0.44492581486701968,-0.37033000588417055,0.9228350520133972,0.10597740858793259,0.4505544900894165,0.07868225127458573,0.8892748951911926],"EasingStyle":"Linear","EasingDirection":"In"},"Torso":{"Weight":1,"CFrame":[-0.020085331052541734,-0.23166528344154359,-1.004209041595459,0.9997879266738892,-0.0024469608906656505,-0.020452704280614854,-0.0024474519304931165,0.9717738628387451,-0.2359016090631485,0.020452646538615228,0.2359015792608261,0.9715617895126343],"EasingStyle":"Linear","EasingDirection":"In"},"HumanoidRootPart":{"Weight":0,"CFrame":[0,0,0,1,0,0,0,1,0,0,0,1],"EasingStyle":"Linear","EasingDirection":"In"},"Head":{"Weight":1,"CFrame":[9.39471647143364e-8,4.186586011201143e-8,0.016662240028381349,0.9999393224716187,0.0105676194652915,-0.0031213972251862289,-0.010647167451679707,0.9995879530906677,-0.02665783278644085,0.0028384290635585787,0.026689456775784494,0.9996398091316223],"EasingStyle":"Linear","EasingDirection":"In"}}},{"Time":0.034583333879709247,"poses":{"Left Leg":{"Weight":1,"CFrame":[-0.6759903430938721,0.8186936974525452,0.31990766525268557,0.8384807109832764,-0.3607337474822998,0.4084375500679016,0.38293758034706118,0.9233081340789795,0.029337584972381593,-0.38769686222076418,0.1318071186542511,0.9123146533966065],"EasingStyle":"Linear","EasingDirection":"In"},"Right Arm":{"Weight":1,"CFrame":[0.3194395899772644,-0.35649654269218447,-0.29849886894226076,-0.16426756978034974,-0.03428724408149719,0.9858196973800659,0.24192431569099427,-0.970272958278656,0.006565615069121122,0.9562891125679016,0.23957228660583497,0.16767928004264832],"EasingStyle":"Linear","EasingDirection":"In"},"Left Arm":{"Weight":1,"CFrame":[-0.2973737120628357,-0.21908831596374513,-0.16701394319534303,-0.005268953274935484,0.07898392528295517,-0.99686199426651,-0.3808533847332001,-0.9219030737876892,-0.071031354367733,-0.9246204495429993,0.37928396463394167,0.03493865951895714],"EasingStyle":"Linear","EasingDirection":"In"},"Right Leg":{"Weight":1,"CFrame":[0.6604427695274353,0.8673939108848572,0.284601092338562,0.8123154044151306,0.377073734998703,-0.44492581486701968,-0.37033000588417055,0.9228350520133972,0.10597740858793259,0.4505544900894165,0.07868225127458573,0.8892748951911926],"EasingStyle":"Linear","EasingDirection":"In"},"Torso":{"Weight":1,"CFrame":[-0.020085331052541734,-0.23166528344154359,-1.004209041595459,0.9997879266738892,-0.0024469608906656505,-0.020452704280614854,-0.0024474519304931165,0.9717738628387451,-0.2359016090631485,0.020452646538615228,0.2359015792608261,0.9715617895126343],"EasingStyle":"Linear","EasingDirection":"In"},"HumanoidRootPart":{"Weight":0,"CFrame":[0,0,0,1,0,0,0,1,0,0,0,1],"EasingStyle":"Linear","EasingDirection":"In"},"Head":{"Weight":1,"CFrame":[9.39471647143364e-8,4.186586011201143e-8,0.016662240028381349,0.9999393224716187,0.0105676194652915,-0.0031213972251862289,-0.010647167451679707,0.9995879530906677,-0.02665783278644085,0.0028384290635585787,0.026689456775784494,0.9996398091316223],"EasingStyle":"Linear","EasingDirection":"In"}}},{"Time":0.06916666775941849,"poses":{"Left Leg":{"Weight":1,"CFrame":[-0.6717341542243958,0.8245095014572144,0.3173104524612427,0.8404241800308228,-0.3559367060661316,0.4086516201496124,0.37732523679733279,0.9255884885787964,0.030191032215952874,-0.3889893889427185,0.12882131338119508,0.9121910333633423],"EasingStyle":"Linear","EasingDirection":"In"},"Right Arm":{"Weight":1,"CFrame":[0.3193439841270447,-0.36473947763442995,-0.29969215393066409,-0.15546472370624543,-0.035408586263656619,0.9872066974639893,0.2411177009344101,-0.9704907536506653,0.0031620552763342859,0.9579629302024841,0.23852455615997315,0.15941470861434937],"EasingStyle":"Linear","EasingDirection":"In"},"Left Arm":{"Weight":1,"CFrame":[-0.29802119731903078,-0.21851307153701783,-0.16811567544937135,0.0022497859317809345,0.10126364976167679,-0.9948571920394898,-0.38452935218811037,-0.9182797074317932,-0.09433844685554505,-0.9231101274490356,0.3827638328075409,0.03687283396720886],"EasingStyle":"Linear","EasingDirection":"In"},"Right Leg":{"Weight":1,"CFrame":[0.6573477387428284,0.8644901514053345,0.2878950834274292,0.8146341443061829,0.3724728226661682,-0.4445618689060211,-0.3679245710372925,0.9244276285171509,0.10032401233911514,0.4483332931995392,0.08183778077363968,0.8901123404502869],"EasingStyle":"Linear","EasingDirection":"In"},"Torso":{"Weight":1,"CFrame":[-0.016942564398050309,-0.22502270340919496,-1.0016419887542725,0.9998490810394287,-0.00205551297403872,-0.01725159026682377,-0.002056003548204899,0.9719998240470886,-0.23497264087200166,0.017251532524824144,0.23497264087200166,0.9718489050865173],"EasingStyle":"Linear","EasingDirection":"In"},"HumanoidRootPart":{"Weight":0,"CFrame":[0,0,0,1,0,0,0,1,0,0,0,1],"EasingStyle":"Linear","EasingDirection":"In"},"Head":{"Weight":1,"CFrame":[9.022187441587448e-8,-5.231413524597883e-8,0.016662001609802247,0.9999290108680725,0.010107368230819703,-0.006313926540315151,-0.010278080590069294,0.9995656609535217,-0.02762247994542122,0.006031989119946957,0.027685433626174928,0.9995985627174377],"EasingStyle":"Linear","EasingDirection":"In"}}},{"Time":0.1379166692495346,"poses":{"Left Leg":{"Weight":1,"CFrame":[-0.6717341542243958,0.8245095014572144,0.3173104524612427,0.8404241800308228,-0.3559367060661316,0.4086516201496124,0.37732523679733279,0.9255884885787964,0.030191032215952874,-0.3889893889427185,0.12882131338119508,0.9121910333633423],"EasingStyle":"Linear","EasingDirection":"In"},"Right Arm":{"Weight":1,"CFrame":[0.3193439841270447,-0.36473947763442995,-0.29969215393066409,-0.15546472370624543,-0.035408586263656619,0.9872066974639893,0.2411177009344101,-0.9704907536506653,0.0031620552763342859,0.9579629302024841,0.23852455615997315,0.15941470861434937],"EasingStyle":"Linear","EasingDirection":"In"},"Left Arm":{"Weight":1,"CFrame":[-0.29802119731903078,-0.21851307153701783,-0.16811567544937135,0.0022497859317809345,0.10126364976167679,-0.9948571920394898,-0.38452935218811037,-0.9182797074317932,-0.09433844685554505,-0.9231101274490356,0.3827638328075409,0.03687283396720886],"EasingStyle":"Linear","EasingDirection":"In"},"Right Leg":{"Weight":1,"CFrame":[0.6573477387428284,0.8644901514053345,0.2878950834274292,0.8146341443061829,0.3724728226661682,-0.4445618689060211,-0.3679245710372925,0.9244276285171509,0.10032401233911514,0.4483332931995392,0.08183778077363968,0.8901123404502869],"EasingStyle":"Linear","EasingDirection":"In"},"Torso":{"Weight":1,"CFrame":[-0.016942564398050309,-0.22502270340919496,-1.0016419887542725,0.9998490810394287,-0.00205551297403872,-0.01725159026682377,-0.002056003548204899,0.9719998240470886,-0.23497264087200166,0.017251532524824144,0.23497264087200166,0.9718489050865173],"EasingStyle":"Linear","EasingDirection":"In"},"HumanoidRootPart":{"Weight":0,"CFrame":[0,0,0,1,0,0,0,1,0,0,0,1],"EasingStyle":"Linear","EasingDirection":"In"},"Head":{"Weight":1,"CFrame":[9.022187441587448e-8,-5.231413524597883e-8,0.016662001609802247,0.9999290108680725,0.010107368230819703,-0.006313926540315151,-0.010278080590069294,0.9995656609535217,-0.02762247994542122,0.006031989119946957,0.027685433626174928,0.9995985627174377],"EasingStyle":"Linear","EasingDirection":"In"}}},{"Time":0.17249999940395356,"poses":{"Left Leg":{"Weight":1,"CFrame":[-0.66324782371521,0.8283637166023254,0.3110233545303345,0.8451633453369141,-0.34392285346984866,0.40916478633880618,0.3627365827560425,0.9312882423400879,0.03353061154484749,-0.3925822973251343,0.12008021771907807,0.9118443131446838],"EasingStyle":"Linear","EasingDirection":"In"},"Right Arm":{"Weight":1,"CFrame":[0.31832364201545718,-0.3735952079296112,-0.3004714250564575,-0.14601463079452516,-0.053464196622371677,0.9878367185592651,0.24063490331172944,-0.9704676866531372,-0.016955329105257989,0.959570050239563,0.23523224890232087,0.15456785261631013],"EasingStyle":"Linear","EasingDirection":"In"},"Left Arm":{"Weight":1,"CFrame":[-0.2960982918739319,-0.21485906839370728,-0.16852682828903199,0.0276988223195076,0.17595873773097993,-0.9840078353881836,-0.3957308232784271,-0.9020320773124695,-0.17243926227092744,-0.9179487228393555,0.3941785395145416,0.04464702680706978],"EasingStyle":"Linear","EasingDirection":"In"},"Right Leg":{"Weight":1,"CFrame":[0.6520813703536987,0.8390759229660034,0.3024141788482666,0.8206917643547058,0.3607754409313202,-0.44306424260139468,-0.3638916015625,0.9278688430786133,0.08149942755699158,0.4405086040496826,0.09434143453836441,0.892777681350708],"EasingStyle":"Linear","EasingDirection":"In"},"Torso":{"Weight":1,"CFrame":[-0.006350236013531685,-0.19923263788223267,-0.9807801246643066,0.9999788403511047,-0.0007457818719558418,-0.006465479731559753,-0.0007462722132913768,0.9737221002578735,-0.22773875296115876,0.006465422920882702,0.22773878276348115,0.9737008213996887],"EasingStyle":"Linear","EasingDirection":"In"},"HumanoidRootPart":{"Weight":0,"CFrame":[0,0,0,1,0,0,0,1,0,0,0,1],"EasingStyle":"Linear","EasingDirection":"In"},"Head":{"Weight":1,"CFrame":[9.013456292450428e-8,4.1652128857094797e-8,0.016662001609802247,0.9998178482055664,0.008546908386051655,-0.01706685870885849,-0.009141631424427033,0.9993426203727722,-0.03508361801505089,0.016755729913711549,0.035233274102211,0.9992386698722839],"EasingStyle":"Linear","EasingDirection":"In"}}},{"Time":0.24124999344348908,"poses":{"Left Leg":{"Weight":1,"CFrame":[-0.66324782371521,0.8283637166023254,0.3110233545303345,0.8451633453369141,-0.34392285346984866,0.40916478633880618,0.3627365827560425,0.9312882423400879,0.03353061154484749,-0.3925822973251343,0.12008021771907807,0.9118443131446838],"EasingStyle":"Linear","EasingDirection":"In"},"Right Arm":{"Weight":1,"CFrame":[0.31832364201545718,-0.3735952079296112,-0.3004714250564575,-0.14601463079452516,-0.053464196622371677,0.9878367185592651,0.24063490331172944,-0.9704676866531372,-0.016955329105257989,0.959570050239563,0.23523224890232087,0.15456785261631013],"EasingStyle":"Linear","EasingDirection":"In"},"Left Arm":{"Weight":1,"CFrame":[-0.2960982918739319,-0.21485906839370728,-0.16852682828903199,0.0276988223195076,0.17595873773097993,-0.9840078353881836,-0.3957308232784271,-0.9020320773124695,-0.17243926227092744,-0.9179487228393555,0.3941785395145416,0.04464702680706978],"EasingStyle":"Linear","EasingDirection":"In"},"Right Leg":{"Weight":1,"CFrame":[0.6520813703536987,0.8390759229660034,0.3024141788482666,0.8206917643547058,0.3607754409313202,-0.44306424260139468,-0.3638916015625,0.9278688430786133,0.08149942755699158,0.4405086040496826,0.09434143453836441,0.892777681350708],"EasingStyle":"Linear","EasingDirection":"In"},"Torso":{"Weight":1,"CFrame":[-0.006350236013531685,-0.19923263788223267,-0.9807801246643066,0.9999788403511047,-0.0007457818719558418,-0.006465479731559753,-0.0007462722132913768,0.9737221002578735,-0.22773875296115876,0.006465422920882702,0.22773878276348115,0.9737008213996887],"EasingStyle":"Linear","EasingDirection":"In"},"HumanoidRootPart":{"Weight":0,"CFrame":[0,0,0,1,0,0,0,1,0,0,0,1],"EasingStyle":"Linear","EasingDirection":"In"},"Head":{"Weight":1,"CFrame":[9.013456292450428e-8,4.1652128857094797e-8,0.016662001609802247,0.9998178482055664,0.008546908386051655,-0.01706685870885849,-0.009141631424427033,0.9993426203727722,-0.03508361801505089,0.016755729913711549,0.035233274102211,0.9992386698722839],"EasingStyle":"Linear","EasingDirection":"In"}}},{"Time":0.2758333384990692,"poses":{"Left Leg":{"Weight":1,"CFrame":[-0.6961936950683594,0.6848949790000916,0.32294762134552,0.8344589471817017,-0.3707984685897827,0.40766018629074099,0.3883184492588043,0.920547366142273,0.042441658675670627,-0.39100775122642519,0.12288615852594376,0.9121469855308533],"EasingStyle":"Linear","EasingDirection":"In"},"Right Arm":{"Weight":1,"CFrame":[0.31151992082595827,-0.3758835792541504,-0.3012860417366028,-0.11716412752866745,-0.17739631235599519,0.9771403074264526,0.23868176341056825,-0.9601077437400818,-0.1456848382949829,0.9640039801597595,0.2161564826965332,0.1548314392566681],"EasingStyle":"Linear","EasingDirection":"In"},"Left Arm":{"Weight":1,"CFrame":[-0.29606565833091738,-0.19657230377197267,-0.16847622394561768,0.04338973015546799,0.22007723152637483,-0.9745169878005981,-0.40142765641212466,-0.8893901705741882,-0.21872593462467194,-0.9148623943328857,0.400688499212265,0.04975459352135658],"EasingStyle":"Linear","EasingDirection":"In"},"Right Leg":{"Weight":1,"CFrame":[0.6779577732086182,0.6798983812332153,0.33050644397735598,0.8122157454490662,0.383297324180603,-0.4397599995136261,-0.3922980725765228,0.9168125987052918,0.07454319298267365,0.43174979090690615,0.11197179555892945,0.8950165510177612],"EasingStyle":"Linear","EasingDirection":"In"},"Torso":{"Weight":1,"CFrame":[0,-0.14945891499519349,-0.8453371524810791,1,2.3841860752327195e-7,-8.742278367890322e-8,-2.503345797322254e-7,0.9833541512489319,-0.18169976770877839,4.2646945530577798e-8,0.18169976770877839,0.9833541512489319],"EasingStyle":"Linear","EasingDirection":"In"},"HumanoidRootPart":{"Weight":0,"CFrame":[0,0,0,1,0,0,0,1,0,0,0,1],"EasingStyle":"Linear","EasingDirection":"In"},"Head":{"Weight":1,"CFrame":[8.887943181434821e-8,8.940696716308594e-8,0.016662240028381349,0.9996951222419739,0.007573412265628576,-0.023500775918364526,-0.009478408843278885,0.9965837001800537,-0.08204320818185806,0.02279908023774624,0.08224094659090042,0.9963516592979431],"EasingStyle":"Linear","EasingDirection":"In"}}},{"Time":0.3449999988079071,"poses":{"Left Leg":{"Weight":1,"CFrame":[-0.6961936950683594,0.6848949790000916,0.32294762134552,0.8344589471817017,-0.3707984685897827,0.40766018629074099,0.3883184492588043,0.920547366142273,0.042441658675670627,-0.39100775122642519,0.12288615852594376,0.9121469855308533],"EasingStyle":"Linear","EasingDirection":"In"},"Right Arm":{"Weight":1,"CFrame":[0.31151992082595827,-0.3758835792541504,-0.3012860417366028,-0.11716412752866745,-0.17739631235599519,0.9771403074264526,0.23868176341056825,-0.9601077437400818,-0.1456848382949829,0.9640039801597595,0.2161564826965332,0.1548314392566681],"EasingStyle":"Linear","EasingDirection":"In"},"Left Arm":{"Weight":1,"CFrame":[-0.29606565833091738,-0.19657230377197267,-0.16847622394561768,0.04338973015546799,0.22007723152637483,-0.9745169878005981,-0.40142765641212466,-0.8893901705741882,-0.21872593462467194,-0.9148623943328857,0.400688499212265,0.04975459352135658],"EasingStyle":"Linear","EasingDirection":"In"},"Right Leg":{"Weight":1,"CFrame":[0.6779577732086182,0.6798983812332153,0.33050644397735598,0.8122157454490662,0.383297324180603,-0.4397599995136261,-0.3922980725765228,0.9168125987052918,0.07454319298267365,0.43174979090690615,0.11197179555892945,0.8950165510177612],"EasingStyle":"Linear","EasingDirection":"In"},"Torso":{"Weight":1,"CFrame":[0,-0.14945891499519349,-0.8453371524810791,1,2.3841860752327195e-7,-8.742278367890322e-8,-2.503345797322254e-7,0.9833541512489319,-0.18169976770877839,4.2646945530577798e-8,0.18169976770877839,0.9833541512489319],"EasingStyle":"Linear","EasingDirection":"In"},"HumanoidRootPart":{"Weight":0,"CFrame":[0,0,0,1,0,0,0,1,0,0,0,1],"EasingStyle":"Linear","EasingDirection":"In"},"Head":{"Weight":1,"CFrame":[8.887943181434821e-8,8.940696716308594e-8,0.016662240028381349,0.9996951222419739,0.007573412265628576,-0.023500775918364526,-0.009478408843278885,0.9965837001800537,-0.08204320818185806,0.02279908023774624,0.08224094659090042,0.9963516592979431],"EasingStyle":"Linear","EasingDirection":"In"}}},{"Time":0.3791666626930237,"poses":{"Left Leg":{"Weight":1,"CFrame":[-0.37348759174346926,0.12284660339355469,0.3296334743499756,0.7202767729759216,-0.42551761865615847,0.5478467345237732,0.46351099014282229,0.8828015327453613,0.07628295570611954,-0.5160996317863464,0.198988139629364,0.8330935835838318],"EasingStyle":"Linear","EasingDirection":"In"},"Right Arm":{"Weight":1,"CFrame":[0.010419925674796105,-0.0010237693786621094,-0.007166445255279541,0.5226059556007385,0.17041142284870149,-0.8353700041770935,0.17659349739551545,0.9369354844093323,0.3016067147254944,0.8340849876403809,-0.30514243245124819,0.4595545828342438],"EasingStyle":"Linear","EasingDirection":"In"},"Left Arm":{"Weight":1,"CFrame":[-0.5206835865974426,0.5827933549880981,0.3502424955368042,-0.12077482789754868,0.094596728682518,0.9881623387336731,0.12216571718454361,-0.9864658117294312,0.10936587303876877,0.9851340055465698,0.13392817974090577,0.10758370161056519],"EasingStyle":"Linear","EasingDirection":"In"},"Right Leg":{"Weight":1,"CFrame":[0.45177018642425539,0.12907058000564576,0.04695689678192139,0.8197555541992188,0.5605980157852173,-0.11717821657657623,-0.47560834884643557,0.780345618724823,0.4060264527797699,0.31905725598335268,-0.2771115303039551,0.9063177704811096],"EasingStyle":"Linear","EasingDirection":"In"},"Torso":{"Weight":1,"CFrame":[-0.15574471652507783,-0.008750908076763153,-0.3394889831542969,0.9663885831832886,0.2563762366771698,-0.019088616594672204,-0.2563956677913666,0.9665707945823669,0.0014650581870228053,0.018826108425855638,0.003478422062471509,0.9998167157173157],"EasingStyle":"Linear","EasingDirection":"In"},"HumanoidRootPart":{"Weight":0,"CFrame":[0,0,0,1,0,0,0,1,0,0,0,1],"EasingStyle":"Linear","EasingDirection":"In"},"Head":{"Weight":1,"CFrame":[7.08969309926033e-8,3.259629011154175e-9,0.016661763191223146,0.9445599913597107,-0.3282075524330139,0.00928944069892168,0.3282877504825592,0.9435346722602844,-0.04437879100441933,0.005800576414912939,0.04496800899505615,0.9989716410636902],"EasingStyle":"Linear","EasingDirection":"In"}}},{"Time":0.44833332300186159,"poses":{"Left Leg":{"Weight":1,"CFrame":[-0.37348759174346926,0.12284660339355469,0.3296334743499756,0.7202767729759216,-0.42551761865615847,0.5478467345237732,0.46351099014282229,0.8828015327453613,0.07628295570611954,-0.5160996317863464,0.198988139629364,0.8330935835838318],"EasingStyle":"Linear","EasingDirection":"In"},"Right Arm":{"Weight":1,"CFrame":[0.010419925674796105,-0.0010237693786621094,-0.007166445255279541,0.5226059556007385,0.17041142284870149,-0.8353700041770935,0.17659349739551545,0.9369354844093323,0.3016067147254944,0.8340849876403809,-0.30514243245124819,0.4595545828342438],"EasingStyle":"Linear","EasingDirection":"In"},"Left Arm":{"Weight":1,"CFrame":[-0.5206835865974426,0.5827933549880981,0.3502424955368042,-0.12077482789754868,0.094596728682518,0.9881623387336731,0.12216571718454361,-0.9864658117294312,0.10936587303876877,0.9851340055465698,0.13392817974090577,0.10758370161056519],"EasingStyle":"Linear","EasingDirection":"In"},"Right Leg":{"Weight":1,"CFrame":[0.45177018642425539,0.12907058000564576,0.04695689678192139,0.8197555541992188,0.5605980157852173,-0.11717821657657623,-0.47560834884643557,0.780345618724823,0.4060264527797699,0.31905725598335268,-0.2771115303039551,0.9063177704811096],"EasingStyle":"Linear","EasingDirection":"In"},"Torso":{"Weight":1,"CFrame":[-0.15574471652507783,-0.008750908076763153,-0.3394889831542969,0.9663885831832886,0.2563762366771698,-0.019088616594672204,-0.2563956677913666,0.9665707945823669,0.0014650581870228053,0.018826108425855638,0.003478422062471509,0.9998167157173157],"EasingStyle":"Linear","EasingDirection":"In"},"HumanoidRootPart":{"Weight":0,"CFrame":[0,0,0,1,0,0,0,1,0,0,0,1],"EasingStyle":"Linear","EasingDirection":"In"},"Head":{"Weight":1,"CFrame":[7.08969309926033e-8,3.259629011154175e-9,0.016661763191223146,0.9445599913597107,-0.3282075524330139,0.00928944069892168,0.3282877504825592,0.9435346722602844,-0.04437879100441933,0.005800576414912939,0.04496800899505615,0.9989716410636902],"EasingStyle":"Linear","EasingDirection":"In"}}},{"Time":0.4829166531562805,"poses":{"Left Leg":{"Weight":1,"CFrame":[0.348457396030426,0.06686818599700928,-0.152382493019104,0.7029972076416016,-0.2580117881298065,0.6627402901649475,0.2391970306634903,0.963361918926239,0.12132025510072708,-0.6697608828544617,0.07323772460222244,0.7389565110206604],"EasingStyle":"Linear","EasingDirection":"In"},"Right Arm":{"Weight":1,"CFrame":[0.010655432939529419,-0.0013252794742584229,-0.00765228271484375,0.5245286822319031,0.1780143678188324,-0.8325746655464172,0.18596932291984559,0.9303282499313355,0.3160772919654846,0.8308339715003967,-0.3206250071525574,0.45487862825393679],"EasingStyle":"Linear","EasingDirection":"In"},"Left Arm":{"Weight":1,"CFrame":[-0.35336005687713625,0.5371230840682983,0.2686183452606201,0.24335113167762757,0.00484831677749753,0.9699261784553528,-0.17283855378627778,-0.9837660789489746,0.04828212782740593,0.9544145464897156,-0.1793900430202484,-0.238562673330307],"EasingStyle":"Linear","EasingDirection":"In"},"Right Leg":{"Weight":1,"CFrame":[0.03995718061923981,0.17783206701278687,-0.03865689039230347,0.948884129524231,0.28640130162239077,0.13263949751853944,-0.3149949610233307,0.885843813419342,0.34067416191101076,-0.019928205758333207,-0.3650411069393158,0.9307780861854553],"EasingStyle":"Linear","EasingDirection":"In"},"Torso":{"Weight":1,"CFrame":[-0.3543407618999481,0.09781083464622498,-0.017885923385620118,0.8682290315628052,0.4954930245876312,-0.025788838043808938,-0.4873453676700592,0.8614010810852051,0.14311769604682923,0.09312835335731507,-0.11169087141752243,0.9893696308135986],"EasingStyle":"Linear","EasingDirection":"In"},"HumanoidRootPart":{"Weight":0,"CFrame":[0,0,0,1,0,0,0,1,0,0,0,1],"EasingStyle":"Linear","EasingDirection":"In"},"Head":{"Weight":1,"CFrame":[7.450580596923828e-8,1.043081283569336e-7,0.016661763191223146,0.7774062752723694,-0.6280202865600586,-0.035072702914476398,0.6288008689880371,0.7773513793945313,0.018285073339939119,0.015780385583639146,-0.0362686850130558,0.9992175102233887],"EasingStyle":"Linear","EasingDirection":"In"}}},{"Time":0.5516666769981384,"poses":{"Left Leg":{"Weight":1,"CFrame":[0.348457396030426,0.06686818599700928,-0.152382493019104,0.7029972076416016,-0.2580117881298065,0.6627402901649475,0.2391970306634903,0.963361918926239,0.12132025510072708,-0.6697608828544617,0.07323772460222244,0.7389565110206604],"EasingStyle":"Linear","EasingDirection":"In"},"Right Arm":{"Weight":1,"CFrame":[0.010655432939529419,-0.0013252794742584229,-0.00765228271484375,0.5245286822319031,0.1780143678188324,-0.8325746655464172,0.18596932291984559,0.9303282499313355,0.3160772919654846,0.8308339715003967,-0.3206250071525574,0.45487862825393679],"EasingStyle":"Linear","EasingDirection":"In"},"Left Arm":{"Weight":1,"CFrame":[-0.35336005687713625,0.5371230840682983,0.2686183452606201,0.24335113167762757,0.00484831677749753,0.9699261784553528,-0.17283855378627778,-0.9837660789489746,0.04828212782740593,0.9544145464897156,-0.1793900430202484,-0.238562673330307],"EasingStyle":"Linear","EasingDirection":"In"},"Right Leg":{"Weight":1,"CFrame":[0.03995718061923981,0.17783206701278687,-0.03865689039230347,0.948884129524231,0.28640130162239077,0.13263949751853944,-0.3149949610233307,0.885843813419342,0.34067416191101076,-0.019928205758333207,-0.3650411069393158,0.9307780861854553],"EasingStyle":"Linear","EasingDirection":"In"},"Torso":{"Weight":1,"CFrame":[-0.3543407618999481,0.09781083464622498,-0.017885923385620118,0.8682290315628052,0.4954930245876312,-0.025788838043808938,-0.4873453676700592,0.8614010810852051,0.14311769604682923,0.09312835335731507,-0.11169087141752243,0.9893696308135986],"EasingStyle":"Linear","EasingDirection":"In"},"HumanoidRootPart":{"Weight":0,"CFrame":[0,0,0,1,0,0,0,1,0,0,0,1],"EasingStyle":"Linear","EasingDirection":"In"},"Head":{"Weight":1,"CFrame":[7.450580596923828e-8,1.043081283569336e-7,0.016661763191223146,0.7774062752723694,-0.6280202865600586,-0.035072702914476398,0.6288008689880371,0.7773513793945313,0.018285073339939119,0.015780385583639146,-0.0362686850130558,0.9992175102233887],"EasingStyle":"Linear","EasingDirection":"In"}}},{"Time":0.5862500071525574,"poses":{"Left Leg":{"Weight":1,"CFrame":[0.34632059931755068,0.06312841176986695,-0.14954650402069093,0.7035601735115051,-0.267295241355896,0.6584500074386597,0.2589755654335022,0.9592863321304321,0.1127006784081459,-0.6617664694786072,0.09123074263334274,0.7441385984420776],"EasingStyle":"Linear","EasingDirection":"In"},"Right Arm":{"Weight":1,"CFrame":[0.010621368885040284,-0.001391768455505371,-0.007825493812561036,0.5256978273391724,0.17707829177379609,-0.8320366740226746,0.19072937965393067,0.9286571145057678,0.3181482255458832,0.8290139436721802,-0.3259437382221222,0.4544190764427185],"EasingStyle":"Linear","EasingDirection":"In"},"Left Arm":{"Weight":1,"CFrame":[-0.35336020588874819,0.537123441696167,0.2686183452606201,0.24335111677646638,0.004847962874919176,0.969926118850708,-0.17283855378627778,-0.9837661981582642,0.04828198626637459,0.9544145464897156,-0.17938995361328126,-0.23856261372566224],"EasingStyle":"Linear","EasingDirection":"In"},"Right Leg":{"Weight":1,"CFrame":[0.04095529019832611,0.18941301107406617,-0.043418049812316897,0.9446390271186829,0.29933756589889529,0.13436588644981385,-0.328003466129303,0.8720245957374573,0.3632999658584595,-0.008420973084867,-0.38725972175598147,0.9219321608543396],"EasingStyle":"Linear","EasingDirection":"In"},"Torso":{"Weight":1,"CFrame":[-0.45483091473579409,0.14346539974212647,-0.025235414505004884,0.8620825409889221,0.5024035573005676,-0.06636522710323334,-0.48618602752685549,0.8568899035453796,0.17135588824748994,0.14295752346515656,-0.11545705795288086,0.9829714298248291],"EasingStyle":"Linear","EasingDirection":"In"},"HumanoidRootPart":{"Weight":0,"CFrame":[0,0,0,1,0,0,0,1,0,0,0,1],"EasingStyle":"Linear","EasingDirection":"In"},"Head":{"Weight":1,"CFrame":[2.9802322387695315e-8,2.9802322387695315e-8,0.0166623592376709,0.7721382975578308,-0.6354134678840637,-0.007222340442240238,0.6354283094406128,0.7721598744392395,-0.0003075860731769353,0.005772164091467857,-0.004351770505309105,0.9999739527702332],"EasingStyle":"Linear","EasingDirection":"In"}}},{"Time":0.6549999713897705,"poses":{"Left Leg":{"Weight":1,"CFrame":[0.34632059931755068,0.06312841176986695,-0.14954650402069093,0.7035601735115051,-0.267295241355896,0.6584500074386597,0.2589755654335022,0.9592863321304321,0.1127006784081459,-0.6617664694786072,0.09123074263334274,0.7441385984420776],"EasingStyle":"Linear","EasingDirection":"In"},"Right Arm":{"Weight":1,"CFrame":[0.010621368885040284,-0.001391768455505371,-0.007825493812561036,0.5256978273391724,0.17707829177379609,-0.8320366740226746,0.19072937965393067,0.9286571145057678,0.3181482255458832,0.8290139436721802,-0.3259437382221222,0.4544190764427185],"EasingStyle":"Linear","EasingDirection":"In"},"Left Arm":{"Weight":1,"CFrame":[-0.35336020588874819,0.537123441696167,0.2686183452606201,0.24335111677646638,0.004847962874919176,0.969926118850708,-0.17283855378627778,-0.9837661981582642,0.04828198626637459,0.9544145464897156,-0.17938995361328126,-0.23856261372566224],"EasingStyle":"Linear","EasingDirection":"In"},"Right Leg":{"Weight":1,"CFrame":[0.04095529019832611,0.18941301107406617,-0.043418049812316897,0.9446390271186829,0.29933756589889529,0.13436588644981385,-0.328003466129303,0.8720245957374573,0.3632999658584595,-0.008420973084867,-0.38725972175598147,0.9219321608543396],"EasingStyle":"Linear","EasingDirection":"In"},"Torso":{"Weight":1,"CFrame":[-0.45483091473579409,0.14346539974212647,-0.025235414505004884,0.8620825409889221,0.5024035573005676,-0.06636522710323334,-0.48618602752685549,0.8568899035453796,0.17135588824748994,0.14295752346515656,-0.11545705795288086,0.9829714298248291],"EasingStyle":"Linear","EasingDirection":"In"},"HumanoidRootPart":{"Weight":0,"CFrame":[0,0,0,1,0,0,0,1,0,0,0,1],"EasingStyle":"Linear","EasingDirection":"In"},"Head":{"Weight":1,"CFrame":[2.9802322387695315e-8,2.9802322387695315e-8,0.0166623592376709,0.7721382975578308,-0.6354134678840637,-0.007222340442240238,0.6354283094406128,0.7721598744392395,-0.0003075860731769353,0.005772164091467857,-0.004351770505309105,0.9999739527702332],"EasingStyle":"Linear","EasingDirection":"In"}}},{"Time":0.6895833611488342,"poses":{"Left Leg":{"Weight":1,"CFrame":[0.34789350628852847,0.0519140362739563,-0.1492009162902832,0.7059895396232605,-0.2531767785549164,0.6614230871200562,0.2603726387023926,0.9613000750541687,0.09004589915275574,-0.6586235761642456,0.108644999563694,0.7445879578590393],"EasingStyle":"Linear","EasingDirection":"In"},"Right Arm":{"Weight":1,"CFrame":[0.0102616548538208,-0.0014487504959106446,-0.008222103118896485,0.5293775200843811,0.166222482919693,-0.8319433331489563,0.20498549938201905,0.9265034794807434,0.31555071473121645,0.8232499957084656,-0.3375818133354187,0.4563969671726227],"EasingStyle":"Linear","EasingDirection":"In"},"Left Arm":{"Weight":1,"CFrame":[-0.3533603250980377,0.5371230840682983,0.2686183452606201,0.24335117638111115,0.004848103038966656,0.969926118850708,-0.17283855378627778,-0.9837661385536194,0.048281967639923099,0.9544145464897156,-0.17939002811908723,-0.23856262862682343],"EasingStyle":"Linear","EasingDirection":"In"},"Right Leg":{"Weight":1,"CFrame":[0.04130837321281433,0.20015740394592286,-0.04809451103210449,0.9482041001319885,0.2873925566673279,0.1353316605091095,-0.31759658455848696,0.8663145303726196,0.3855276107788086,-0.0064418804831802849,-0.408539742231369,0.912717878818512],"EasingStyle":"Linear","EasingDirection":"In"},"Torso":{"Weight":1,"CFrame":[-0.49204498529434206,0.184057354927063,-0.03914999961853027,0.8574354648590088,0.5059704780578613,-0.09379922598600388,-0.48478561639785769,0.8553739190101624,0.18253345787525178,0.1725899577140808,-0.11103814095258713,0.9787151217460632],"EasingStyle":"Linear","EasingDirection":"In"},"HumanoidRootPart":{"Weight":0,"CFrame":[0,0,0,1,0,0,0,1,0,0,0,1],"EasingStyle":"Linear","EasingDirection":"In"},"Head":{"Weight":1,"CFrame":[0,-5.960464477539063e-8,0.016662120819091798,0.7702047228813171,-0.637779951095581,0.004637703765183687,0.6377942562103272,0.7701601386070252,-0.008494635112583638,0.0018458818085491658,0.009500550106167794,0.9999532103538513],"EasingStyle":"Linear","EasingDirection":"In"}}},{"Time":0.7587500214576721,"poses":{"Left Leg":{"Weight":1,"CFrame":[0.34789350628852847,0.0519140362739563,-0.1492009162902832,0.7059895396232605,-0.2531767785549164,0.6614230871200562,0.2603726387023926,0.9613000750541687,0.09004589915275574,-0.6586235761642456,0.108644999563694,0.7445879578590393],"EasingStyle":"Linear","EasingDirection":"In"},"Right Arm":{"Weight":1,"CFrame":[0.0102616548538208,-0.0014487504959106446,-0.008222103118896485,0.5293775200843811,0.166222482919693,-0.8319433331489563,0.20498549938201905,0.9265034794807434,0.31555071473121645,0.8232499957084656,-0.3375818133354187,0.4563969671726227],"EasingStyle":"Linear","EasingDirection":"In"},"Left Arm":{"Weight":1,"CFrame":[-0.3533603250980377,0.5371230840682983,0.2686183452606201,0.24335117638111115,0.004848103038966656,0.969926118850708,-0.17283855378627778,-0.9837661385536194,0.048281967639923099,0.9544145464897156,-0.17939002811908723,-0.23856262862682343],"EasingStyle":"Linear","EasingDirection":"In"},"Right Leg":{"Weight":1,"CFrame":[0.04130837321281433,0.20015740394592286,-0.04809451103210449,0.9482041001319885,0.2873925566673279,0.1353316605091095,-0.31759658455848696,0.8663145303726196,0.3855276107788086,-0.0064418804831802849,-0.408539742231369,0.912717878818512],"EasingStyle":"Linear","EasingDirection":"In"},"Torso":{"Weight":1,"CFrame":[-0.49204498529434206,0.184057354927063,-0.03914999961853027,0.8574354648590088,0.5059704780578613,-0.09379922598600388,-0.48478561639785769,0.8553739190101624,0.18253345787525178,0.1725899577140808,-0.11103814095258713,0.9787151217460632],"EasingStyle":"Linear","EasingDirection":"In"},"HumanoidRootPart":{"Weight":0,"CFrame":[0,0,0,1,0,0,0,1,0,0,0,1],"EasingStyle":"Linear","EasingDirection":"In"},"Head":{"Weight":1,"CFrame":[0,-5.960464477539063e-8,0.016662120819091798,0.7702047228813171,-0.637779951095581,0.004637703765183687,0.6377942562103272,0.7701601386070252,-0.008494635112583638,0.0018458818085491658,0.009500550106167794,0.9999532103538513],"EasingStyle":"Linear","EasingDirection":"In"}}},{"Time":0.7929166555404663,"poses":{"Left Leg":{"Weight":1,"CFrame":[-0.1561979353427887,-0.021982908248901368,0.2774568796157837,0.6284810900688171,-0.4465925395488739,0.6368411183357239,0.5302888751029968,0.8449859023094177,0.06922883540391922,-0.5690388083457947,0.29420074820518496,0.7678807377815247],"EasingStyle":"Linear","EasingDirection":"In"},"Right Arm":{"Weight":1,"CFrame":[0.0400816947221756,-0.03410312533378601,-0.04712897539138794,0.526135265827179,-0.17668913304805757,-0.8318430185317993,0.3627893328666687,0.9313338994979858,0.031640175729990008,0.7691331505775452,-0.31843069195747378,0.5541084408760071],"EasingStyle":"Linear","EasingDirection":"In"},"Left Arm":{"Weight":1,"CFrame":[-0.33114755153656008,0.23440062999725343,0.24366378784179688,-0.04957318678498268,0.2683221101760864,0.9620529413223267,-0.41466352343559267,-0.8818266987800598,0.2245796024799347,0.9086235165596008,-0.3877951204776764,0.15497832000255586],"EasingStyle":"Linear","EasingDirection":"In"},"Right Leg":{"Weight":1,"CFrame":[0.6006121039390564,0.09650176763534546,-0.042436957359313968,0.8353496193885803,0.5465129017829895,0.05928511172533035,-0.5262693166732788,0.7638884782791138,0.373517245054245,0.15884490311145783,-0.3432173430919647,0.9257268905639648],"EasingStyle":"Linear","EasingDirection":"In"},"Torso":{"Weight":1,"CFrame":[-0.4477425813674927,0.13527953624725343,-0.20574712753295899,0.888779878616333,0.44688931107521059,-0.10178573429584503,-0.433357298374176,0.8916717171669006,0.13085566461086274,0.14923740923404694,-0.07219228893518448,0.9861626029014587],"EasingStyle":"Linear","EasingDirection":"In"},"HumanoidRootPart":{"Weight":0,"CFrame":[0,0,0,1,0,0,0,1,0,0,0,1],"EasingStyle":"Linear","EasingDirection":"In"},"Head":{"Weight":1,"CFrame":[1.043081283569336e-7,-5.960464477539063e-8,0.016662120819091798,0.8222391605377197,-0.5687111020088196,0.022147653624415399,0.5688889026641846,0.8224115967750549,-0.0021670276764780285,-0.016982102766633035,0.014381375163793564,0.999752402305603],"EasingStyle":"Linear","EasingDirection":"In"}}},{"Time":0.8620833158493042,"poses":{"Left Leg":{"Weight":1,"CFrame":[-0.1561979353427887,-0.021982908248901368,0.2774568796157837,0.6284810900688171,-0.4465925395488739,0.6368411183357239,0.5302888751029968,0.8449859023094177,0.06922883540391922,-0.5690388083457947,0.29420074820518496,0.7678807377815247],"EasingStyle":"Linear","EasingDirection":"In"},"Right Arm":{"Weight":1,"CFrame":[0.0400816947221756,-0.03410312533378601,-0.04712897539138794,0.526135265827179,-0.17668913304805757,-0.8318430185317993,0.3627893328666687,0.9313338994979858,0.031640175729990008,0.7691331505775452,-0.31843069195747378,0.5541084408760071],"EasingStyle":"Linear","EasingDirection":"In"},"Left Arm":{"Weight":1,"CFrame":[-0.33114755153656008,0.23440062999725343,0.24366378784179688,-0.04957318678498268,0.2683221101760864,0.9620529413223267,-0.41466352343559267,-0.8818266987800598,0.2245796024799347,0.9086235165596008,-0.3877951204776764,0.15497832000255586],"EasingStyle":"Linear","EasingDirection":"In"},"Right Leg":{"Weight":1,"CFrame":[0.6006121039390564,0.09650176763534546,-0.042436957359313968,0.8353496193885803,0.5465129017829895,0.05928511172533035,-0.5262693166732788,0.7638884782791138,0.373517245054245,0.15884490311145783,-0.3432173430919647,0.9257268905639648],"EasingStyle":"Linear","EasingDirection":"In"},"Torso":{"Weight":1,"CFrame":[-0.4477425813674927,0.13527953624725343,-0.20574712753295899,0.888779878616333,0.44688931107521059,-0.10178573429584503,-0.433357298374176,0.8916717171669006,0.13085566461086274,0.14923740923404694,-0.07219228893518448,0.9861626029014587],"EasingStyle":"Linear","EasingDirection":"In"},"HumanoidRootPart":{"Weight":0,"CFrame":[0,0,0,1,0,0,0,1,0,0,0,1],"EasingStyle":"Linear","EasingDirection":"In"},"Head":{"Weight":1,"CFrame":[1.043081283569336e-7,-5.960464477539063e-8,0.016662120819091798,0.8222391605377197,-0.5687111020088196,0.022147653624415399,0.5688889026641846,0.8224115967750549,-0.0021670276764780285,-0.016982102766633035,0.014381375163793564,0.999752402305603],"EasingStyle":"Linear","EasingDirection":"In"}}},{"Time":0.8966666460037231,"poses":{"Left Leg":{"Weight":1,"CFrame":[-0.6759003400802612,0.809542179107666,0.3406771421432495,0.8291280269622803,-0.3720339238643646,0.417297899723053,0.4019720256328583,0.9154844880104065,0.01750549115240574,-0.3885424733161926,0.1532277762889862,0.9086011052131653],"EasingStyle":"Linear","EasingDirection":"In"},"Right Arm":{"Weight":1,"CFrame":[0.30595913529396059,-0.339680016040802,-0.2869454622268677,-0.16993865370750428,-0.10461164265871048,0.9798864722251892,0.26676949858665469,-0.9621058106422424,-0.05644834414124489,0.9486595988273621,0.2518109977245331,0.19140617549419404],"EasingStyle":"Linear","EasingDirection":"In"},"Left Arm":{"Weight":1,"CFrame":[-0.295495867729187,-0.23900103569030763,-0.13432693481445313,0.0326048880815506,0.1378803253173828,-0.989912211894989,-0.4237152934074402,-0.8951236009597778,-0.13863347470760346,-0.9052083492279053,0.42396101355552676,0.029236532747745515],"EasingStyle":"Linear","EasingDirection":"In"},"Right Leg":{"Weight":1,"CFrame":[0.6977692246437073,0.8313795924186707,0.272442102432251,0.808637261390686,0.4027228057384491,-0.4288589656352997,-0.3883989751338959,0.9129754900932312,0.12498776614665985,0.4418731927871704,0.06549859046936035,0.894683301448822],"EasingStyle":"Linear","EasingDirection":"In"},"Torso":{"Weight":1,"CFrame":[-0.0452740378677845,-0.2185312807559967,-0.9727966785430908,0.9993648529052734,0.014144695363938809,-0.03270765393972397,-0.021093908697366716,0.9745791554450989,-0.22304831445217133,0.028721250593662263,0.22359657287597657,0.974258542060852],"EasingStyle":"Linear","EasingDirection":"In"},"HumanoidRootPart":{"Weight":0,"CFrame":[0,0,0,1,0,0,0,1,0,0,0,1],"EasingStyle":"Linear","EasingDirection":"In"},"Head":{"Weight":1,"CFrame":[8.475035429000855e-8,-1.862645149230957e-9,0.016661763191223146,0.9998950362205505,-0.011866144835948944,0.008324514143168927,0.012067895382642746,0.9996242523193359,-0.024616146460175515,-0.00802928302437067,0.024713968858122827,0.9996623992919922],"EasingStyle":"Linear","EasingDirection":"In"}}},{"Time":0.965416669845581,"poses":{"Left Leg":{"Weight":1,"CFrame":[-0.6759003400802612,0.809542179107666,0.3406771421432495,0.8291280269622803,-0.3720339238643646,0.417297899723053,0.4019720256328583,0.9154844880104065,0.01750549115240574,-0.3885424733161926,0.1532277762889862,0.9086011052131653],"EasingStyle":"Linear","EasingDirection":"In"},"Right Arm":{"Weight":1,"CFrame":[0.30595913529396059,-0.339680016040802,-0.2869454622268677,-0.16993865370750428,-0.10461164265871048,0.9798864722251892,0.26676949858665469,-0.9621058106422424,-0.05644834414124489,0.9486595988273621,0.2518109977245331,0.19140617549419404],"EasingStyle":"Linear","EasingDirection":"In"},"Left Arm":{"Weight":1,"CFrame":[-0.295495867729187,-0.23900103569030763,-0.13432693481445313,0.0326048880815506,0.137880325