{"Sequence":[{"Time":0,"poses":{"Left Leg":{"Weight":1,"CFrame":[-0.23460425436496736,-0.11962437629699707,-0.07494556903839112,0.7325104475021362,0.4994424879550934,-0.4625858962535858,-0.6470491290092468,0.7219746708869934,-0.24511204659938813,0.2115558534860611,0.47886303067207339,0.8520178198814392],"EasingStyle":"Linear","EasingDirection":"In"},"Right Arm":{"Weight":1,"CFrame":[0.04841811954975128,-0.17000475525856019,0.18892669677734376,0.2740098237991333,-0.7120404243469238,-0.6464650630950928,0.8741928935050964,0.46459856629371645,-0.14119164645671845,0.40088075399398806,-0.5264472961425781,0.7497652769088745],"EasingStyle":"Linear","EasingDirection":"In"},"Left Arm":{"Weight":1,"CFrame":[0.666100025177002,0.1924411654472351,0.22778618335723878,0.23714396357536317,-0.24010685086250306,-0.9413349032402039,0.35801276564598086,0.9223767518997192,-0.1450796127319336,0.9031000733375549,-0.30260512232780459,0.3046974241733551],"EasingStyle":"Linear","EasingDirection":"In"},"Head":{"Weight":1,"CFrame":[1.1920928955078126e-7,-7.450580596923828e-9,2.384185791015625e-7,0.9213401079177856,-0.3629068434238434,0.1393960863351822,0.3693883717060089,0.9289925694465637,-0.022917121648788453,-0.12118113785982132,0.07260574400424957,0.9899715781211853],"EasingStyle":"Linear","EasingDirection":"In"},"Torso":{"Weight":1,"CFrame":[0.2338007688522339,0.02976515144109726,-0.2601959705352783,0.9482849836349487,0.2528917193412781,0.19183726608753205,-0.26451948285102847,0.9636623859405518,0.03720642253756523,-0.1754571795463562,-0.08602698147296906,0.9807212352752686],"EasingStyle":"Linear","EasingDirection":"In"},"HumanoidRootPart":{"Weight":0,"CFrame":[0,0,0,1,0,0,0,1,0,0,0,1],"EasingStyle":"Linear","EasingDirection":"In"},"Right Leg":{"Weight":1,"CFrame":[0.05803696811199188,-0.27657604217529299,-0.02043628692626953,0.8587453365325928,0.38896438479423525,-0.33356133103370669,-0.5011152029037476,0.773396909236908,-0.3882535398006439,0.10695865750312805,0.5005635619163513,0.8590669631958008],"EasingStyle":"Linear","EasingDirection":"In"}}},{"Time":0.03333333507180214,"poses":{"Left Leg":{"Weight":1,"CFrame":[-0.260829359292984,-0.08028972148895264,-0.08102262020111084,0.7239264845848084,0.45891088247299197,-0.5151031613349915,-0.6095679998397827,0.7751346826553345,-0.16611167788505555,0.3230438530445099,0.4342430830001831,0.840877890586853],"EasingStyle":"Linear","EasingDirection":"In"},"Right Arm":{"Weight":1,"CFrame":[0.07784456014633179,-0.15530598163604737,0.15540051460266114,0.2581588923931122,-0.7241250276565552,-0.6395286917686462,0.9065377712249756,0.41041016578674319,-0.09875629842281342,0.3339809477329254,-0.5542620420455933,0.7623977661132813],"EasingStyle":"Linear","EasingDirection":"In"},"Left Arm":{"Weight":1,"CFrame":[0.6600704789161682,0.17767220735549928,0.22286725044250489,0.256424218416214,-0.21355517208576203,-0.9426774382591248,0.3018416464328766,0.9442042708396912,-0.13179516792297364,0.9182257056236267,-0.2507438361644745,0.306576669216156],"EasingStyle":"Linear","EasingDirection":"In"},"Head":{"Weight":1,"CFrame":[1.3597309589385987e-7,1.4901161193847657e-8,0,0.9208846092224121,-0.36604464054107668,0.1341007500886917,0.3719184100627899,0.9280318021774292,-0.020826736465096475,-0.11682620644569397,0.06905355304479599,0.9907488226890564],"EasingStyle":"Linear","EasingDirection":"In"},"Torso":{"Weight":1,"CFrame":[0.2320389747619629,0.029718846082687379,-0.2922704219818115,0.9481384754180908,0.2538212239742279,0.19133318960666657,-0.2654087245464325,0.9634201526641846,0.03714853152632713,-0.17490515112876893,-0.08600345253944397,0.9808219075202942],"EasingStyle":"Linear","EasingDirection":"In"},"HumanoidRootPart":{"Weight":0,"CFrame":[0,0,0,1,0,0,0,1,0,0,0,1],"EasingStyle":"Linear","EasingDirection":"In"},"Right Leg":{"Weight":1,"CFrame":[0.08464968204498291,-0.29646921157836916,0.01892387866973877,0.7945689558982849,0.4310045540332794,-0.42766258120536806,-0.585048496723175,0.731882631778717,-0.3493795394897461,0.16241468489170075,0.5278095602989197,0.8336897492408752],"EasingStyle":"Linear","EasingDirection":"In"}}},{"Time":0.06666667014360428,"poses":{"Left Leg":{"Weight":1,"CFrame":[-0.2791512608528137,-0.044269442558288577,-0.0875253677368164,0.7438513040542603,0.37743109464645388,-0.5515714287757874,-0.5045676231384277,0.8583360314369202,-0.09311698377132416,0.4382883310317993,0.34757018089294436,0.8289138078689575],"EasingStyle":"Linear","EasingDirection":"In"},"Right Arm":{"Weight":1,"CFrame":[0.13249370455741883,-0.10705658793449402,0.12082171440124512,0.18567243218421937,-0.7648108601570129,-0.6169198751449585,0.9681498408317566,0.24971003830432893,-0.018190672621130945,0.1679634153842926,-0.59389328956604,0.7868157625198364],"EasingStyle":"Linear","EasingDirection":"In"},"Left Arm":{"Weight":1,"CFrame":[0.6530262231826782,0.14047789573669434,0.20986151695251466,0.28801774978637698,-0.1862594187259674,-0.9393365383148193,0.23296798765659333,0.965061366558075,-0.11992811411619187,0.9288550615310669,-0.18429388105869294,0.3213472068309784],"EasingStyle":"Linear","EasingDirection":"In"},"Head":{"Weight":1,"CFrame":[2.0489096641540528e-8,1.4901161193847657e-8,0,0.92156583070755,-0.3691406846046448,0.12021467834711075,0.3736301362514496,0.9274328351020813,-0.016400320455431939,-0.1054370254278183,0.06002981960773468,0.9926124215126038],"EasingStyle":"Linear","EasingDirection":"In"},"Torso":{"Weight":1,"CFrame":[0.22372296452522279,0.029541775584220887,-0.27387237548828127,0.947837769985199,0.25644341111183169,0.18931551277637483,-0.26785406470298769,0.962751567363739,0.03692719712853432,-0.17279404401779176,-0.08570991456508637,0.9812217950820923],"EasingStyle":"Linear","EasingDirection":"In"},"HumanoidRootPart":{"Weight":0,"CFrame":[0,0,0,1,0,0,0,1,0,0,0,1],"EasingStyle":"Linear","EasingDirection":"In"},"Right Leg":{"Weight":1,"CFrame":[-0.04330936074256897,-0.2597048282623291,0.012259244918823243,0.7374666333198547,0.39324992895126345,-0.5490878820419312,-0.6062241792678833,0.7438084483146668,-0.2814985513687134,0.2977169156074524,0.5404660105705261,0.7869315147399902],"EasingStyle":"Linear","EasingDirection":"In"}}},{"Time":0.10000000149011612,"poses":{"Left Leg":{"Weight":1,"CFrame":[-0.28770560026168826,-0.026743650436401368,-0.09191876649856568,0.7639610767364502,0.3050682246685028,-0.5685920715332031,-0.40662524104118349,0.9118071794509888,-0.057127803564071658,0.5010185241699219,0.2748473584651947,0.8206336498260498],"EasingStyle":"Linear","EasingDirection":"In"},"Right Arm":{"Weight":1,"CFrame":[0.16192013025283814,-0.019026577472686769,0.09031152725219727,0.007324676029384136,-0.819877564907074,-0.5724918842315674,0.999455451965332,-0.01241777278482914,0.03057122603058815,-0.03217380866408348,-0.572404146194458,0.8193402886390686],"EasingStyle":"Linear","EasingDirection":"In"},"Left Arm":{"Weight":1,"CFrame":[0.645096480846405,0.09152615070343018,0.19139552116394044,0.3266623318195343,-0.15635360777378083,-0.9321187138557434,0.16108176112174989,0.981002926826477,-0.1081022247672081,0.9313133358955383,-0.11483439803123474,0.34564241766929629],"EasingStyle":"Linear","EasingDirection":"In"},"Head":{"Weight":1,"CFrame":[1.73225998878479e-7,-2.60770320892334e-8,0,0.9218586683273315,-0.3741476535797119,0.10094614326953888,0.3771323263645172,0.926086962223053,-0.011585033498704434,-0.08915029466152191,0.04874979704618454,0.9948245286941528],"EasingStyle":"Linear","EasingDirection":"In"},"Torso":{"Weight":1,"CFrame":[0.2112150490283966,0.028539828956127168,-0.2309708595275879,0.9458669424057007,0.2666545808315277,0.18501681089401246,-0.2776247262954712,0.9600270986557007,0.03567476570606232,-0.16810831427574159,-0.08510881662368775,0.9820876121520996],"EasingStyle":"Linear","EasingDirection":"In"},"HumanoidRootPart":{"Weight":0,"CFrame":[0,0,0,1,0,0,0,1,0,0,0,1],"EasingStyle":"Linear","EasingDirection":"In"},"Right Leg":{"Weight":1,"CFrame":[-0.25932174921035769,-0.1495659351348877,-0.08810734748840332,0.6921956539154053,0.30083006620407107,-0.6560232639312744,-0.5476675033569336,0.8109418749809265,-0.20599482953548432,0.470027357339859,0.5018712878227234,0.7260851263999939],"EasingStyle":"Linear","EasingDirection":"In"}}},{"Time":0.13333334028720857,"poses":{"Left Leg":{"Weight":1,"CFrame":[-0.5262285470962524,0.101107656955719,-0.252156138420105,0.8169503808021545,0.08549610525369644,-0.5703355669975281,-0.1280677318572998,0.9911524057388306,-0.03486592695116997,0.5623084902763367,0.10152528434991837,0.820671558380127],"EasingStyle":"Linear","EasingDirection":"In"},"Right Arm":{"Weight":1,"CFrame":[0.15302477777004243,0.1094408631324768,0.06788241863250733,-0.3028163015842438,-0.8196341395378113,-0.48631489276885989,0.9355727434158325,-0.35292118787765505,0.012254555709660054,-0.18167512118816377,-0.45127221941947939,0.8736977577209473],"EasingStyle":"Linear","EasingDirection":"In"},"Left Arm":{"Weight":1,"CFrame":[0.6364113092422485,0.0414852499961853,0.1700955629348755,0.36739951372146609,-0.12340405583381653,-0.9218401312828064,0.09674906730651856,0.9908522367477417,-0.094083271920681,0.9250175356864929,-0.05462101474404335,0.3759778141975403],"EasingStyle":"Linear","EasingDirection":"In"},"Head":{"Weight":1,"CFrame":[3.166496753692627e-8,3.725290298461914e-9,0,0.9202658534049988,-0.3831252455711365,0.07953489571809769,0.38495001196861269,0.9228989481925964,-0.008430096320807934,-0.07017292082309723,0.0383748933672905,0.9967964291572571],"EasingStyle":"Linear","EasingDirection":"In"},"Torso":{"Weight":1,"CFrame":[0.19819670915603639,0.025478988885879518,-0.18040752410888673,0.9396719932556152,0.2924073040485382,0.17752325534820558,-0.30245673656463625,0.952630877494812,0.0318487249314785,-0.15980131924152375,-0.08362044394016266,0.9836012125015259],"EasingStyle":"Linear","EasingDirection":"In"},"HumanoidRootPart":{"Weight":0,"CFrame":[0,0,0,1,0,0,0,1,0,0,0,1],"EasingStyle":"Linear","EasingDirection":"In"},"Right Leg":{"Weight":1,"CFrame":[-0.3577359616756439,-0.07565498352050781,-0.15894120931625367,0.64244544506073,0.2591937780380249,-0.7211674451828003,-0.5073903799057007,0.8491157293319702,-0.1468246430158615,0.574298620223999,0.4602401852607727,0.6770230531692505],"EasingStyle":"Linear","EasingDirection":"In"}}},{"Time":0.1666666716337204,"poses":{"Left Leg":{"Weight":1,"CFrame":[-0.5154803991317749,0.0856059193611145,-0.2380077838897705,0.8329367637634277,0.056047018617391589,-0.5505223870277405,-0.08538171648979187,0.9959608316421509,-0.027786245569586755,0.5467414855957031,0.07014870643615723,0.8343577980995178],"EasingStyle":"Linear","EasingDirection":"In"},"Right Arm":{"Weight":1,"CFrame":[0.13181275129318238,0.2567140460014343,0.05310869216918945,-0.642501711845398,-0.6801133751869202,-0.353040486574173,0.7317230701446533,-0.6813339591026306,-0.019116366282105447,-0.22753718495368958,-0.27061015367507937,0.9354128241539002],"EasingStyle":"Linear","EasingDirection":"In"},"Left Arm":{"Weight":1,"CFrame":[0.6271000504493713,0.0010224580764770508,0.1485886573791504,0.4061058759689331,-0.08854755014181137,-0.9095259308815002,0.05045771971344948,0.9959487915039063,-0.0744318962097168,0.9124320149421692,-0.015665387734770776,0.40892842411994936],"EasingStyle":"Linear","EasingDirection":"In"},"Head":{"Weight":1,"CFrame":[1.94646418094635e-7,1.862645149230957e-8,-1.7881393432617188e-7,0.9153496026992798,-0.3982694447040558,0.059301070868968967,0.39944952726364138,0.9167103171348572,-0.009077132679522038,-0.05074676498770714,0.031996533274650577,0.9981989860534668],"EasingStyle":"Linear","EasingDirection":"In"},"Torso":{"Weight":1,"CFrame":[0.18571269512176515,0.017614837735891343,-0.13477253913879395,0.924859881401062,0.342495322227478,0.16532140970230103,-0.35064858198165896,0.936248242855072,0.022018544375896455,-0.14724060893058778,-0.078333780169487,0.9859939217567444],"EasingStyle":"Linear","EasingDirection":"In"},"HumanoidRootPart":{"Weight":0,"CFrame":[0,0,0,1,0,0,0,1,0,0,0,1],"EasingStyle":"Linear","EasingDirection":"In"},"Right Leg":{"Weight":1,"CFrame":[-0.366637647151947,-0.061686158180236819,-0.1656472086906433,0.6151059865951538,0.2754509449005127,-0.7387634515762329,-0.5210958123207092,0.8451986312866211,-0.11873683333396912,0.5916957259178162,0.4580022692680359,0.6634231209754944],"EasingStyle":"Linear","EasingDirection":"In"}}},{"Time":0.20000000298023225,"poses":{"Left Leg":{"Weight":1,"CFrame":[-0.42902153730392458,0.05187857151031494,-0.17041409015655518,0.8553048372268677,0.10678496956825257,-0.5070015788078308,-0.1401398628950119,0.9897370338439941,-0.027955055236816407,0.4988130033016205,0.09496114403009415,0.8614916801452637],"EasingStyle":"Linear","EasingDirection":"In"},"Right Arm":{"Weight":1,"CFrame":[0.1064952164888382,0.3955898880958557,0.04445600509643555,-0.872840404510498,-0.4421091377735138,-0.2066139131784439,0.45574095845222475,-0.8898608088493347,-0.021167950704693795,-0.17449907958507539,-0.11263883858919144,0.9781935214996338],"EasingStyle":"Linear","EasingDirection":"In"},"Left Arm":{"Weight":1,"CFrame":[0.617511510848999,-0.02373388409614563,0.1292933225631714,0.44007712602615359,-0.058000922203063968,-0.8960849046707153,0.025241997092962266,0.9983165264129639,-0.052221592515707019,0.8976051807403565,0.0003625303797889501,0.440800279378891],"EasingStyle":"Linear","EasingDirection":"In"},"Head":{"Weight":1,"CFrame":[8.847564458847046e-9,-1.7229467630386354e-8,3.5762786865234377e-7,0.8944640159606934,-0.44499942660331728,0.043701693415641788,0.4460011124610901,0.8948857188224793,-0.016205836087465287,-0.03189646452665329,0.033986542373895648,0.9989132285118103],"EasingStyle":"Linear","EasingDirection":"In"},"Torso":{"Weight":1,"CFrame":[0.17238056659698487,0.0037729619070887567,-0.10329031944274903,0.8961167335510254,0.41871899366378786,0.1471365988254547,-0.4239571988582611,0.9056699872016907,0.004716210067272186,-0.13128241896629334,-0.06660587340593338,0.9891050457954407],"EasingStyle":"Linear","EasingDirection":"In"},"HumanoidRootPart":{"Weight":0,"CFrame":[0,0,0,1,0,0,0,1,0,0,0,1],"EasingStyle":"Linear","EasingDirection":"In"},"Right Leg":{"Weight":1,"CFrame":[-0.3523421883583069,-0.06202256679534912,-0.1506744623184204,0.627918004989624,0.31804245710372927,-0.710329532623291,-0.5525504946708679,0.8249274492263794,-0.11909183859825134,0.5480940341949463,0.4672727584838867,0.6937212347984314],"EasingStyle":"Linear","EasingDirection":"In"}}},{"Time":0.23333333432674409,"poses":{"Left Leg":{"Weight":1,"CFrame":[-0.3518046736717224,0.029168009757995607,-0.11712467670440674,0.8770930767059326,0.15346159040927888,-0.4551454484462738,-0.18702924251556397,0.981916069984436,-0.029343625530600549,0.4424114525318146,0.11086252331733704,0.8899334669113159],"EasingStyle":"Linear","EasingDirection":"In"},"Right Arm":{"Weight":1,"CFrame":[0.08528311550617218,0.4988645315170288,0.04038965702056885,-0.9670715928077698,-0.23484136164188386,-0.09809345752000809,0.23614619672298432,-0.9717159867286682,-0.0017459371592849494,-0.09490888565778732,-0.024852974340319635,0.9951756596565247],"EasingStyle":"Linear","EasingDirection":"In"},"Left Arm":{"Weight":1,"CFrame":[0.6088722348213196,-0.036447107791900638,0.1137998104095459,0.4678303599357605,-0.03634091466665268,-0.8830708861351013,0.014235010370612145,0.9993345141410828,-0.03358423709869385,0.8837037086486816,0.0031412008684128525,0.46803632378578188],"EasingStyle":"Linear","EasingDirection":"In"},"Head":{"Weight":1,"CFrame":[1.2665987014770509e-7,1.30385160446167e-8,2.384185791015625e-7,0.8529469966888428,-0.5209324955940247,0.03332848101854324,0.5218193531036377,0.8525843024253845,-0.028367426246404649,-0.013637859374284745,0.04158736765384674,0.9990418553352356],"EasingStyle":"Linear","EasingDirection":"In"},"Torso":{"Weight":1,"CFrame":[0.16031962633132935,-0.0112869031727314,-0.08535528182983399,0.8571080565452576,0.49945068359375,0.126153826713562,-0.5018719434738159,0.8648268580436707,-0.01410861685872078,-0.11614774912595749,-0.05122045427560806,0.991910457611084],"EasingStyle":"Linear","EasingDirection":"In"},"HumanoidRootPart":{"Weight":0,"CFrame":[0,0,0,1,0,0,0,1,0,0,0,1],"EasingStyle":"Linear","EasingDirection":"In"},"Right Leg":{"Weight":1,"CFrame":[-0.32746607065200808,-0.07015025615692139,-0.12869799137115479,0.6473749279975891,0.3799194395542145,-0.6607321500778198,-0.6003342866897583,0.7882835865020752,-0.13493692874908448,0.4695790410041809,0.48401492834091189,0.7383936047554016],"EasingStyle":"Linear","EasingDirection":"In"}}},{"Time":0.2666666805744171,"poses":{"Left Leg":{"Weight":1,"CFrame":[-0.29363107681274416,0.014028668403625489,-0.08377540111541748,0.8888925909996033,0.19179555773735047,-0.41603413224220278,-0.22464410960674287,0.9739485383033752,-0.030972080305218698,0.3992554545402527,0.12099048495292664,0.9088214039802551],"EasingStyle":"Linear","EasingDirection":"In"},"Right Arm":{"Weight":1,"CFrame":[0.07638789713382721,0.5393342971801758,0.0393751859664917,-0.9865646362304688,-0.15302349627017976,-0.057220134884119037,0.15272672474384309,-0.9882223010063171,0.009549669921398163,-0.05800753831863403,0.0006822438444942236,0.9983159303665161],"EasingStyle":"Linear","EasingDirection":"In"},"Left Arm":{"Weight":1,"CFrame":[0.6026284098625183,-0.041131049394607547,0.10348999500274658,0.4876527190208435,-0.02276034653186798,-0.8727409839630127,0.012647696770727635,0.9997394680976868,-0.019005417823791505,0.8729461431503296,-0.001770099624991417,0.48781347274780276],"EasingStyle":"Linear","EasingDirection":"In"},"Head":{"Weight":1,"CFrame":[1.0244548320770264e-7,0,-1.1920928955078126e-7,0.8078013062477112,-0.588858962059021,0.02650076150894165,0.5894494652748108,0.8067836165428162,-0.040615446865558627,0.002536399057134986,0.04843008145689964,0.9988234043121338],"EasingStyle":"Linear","EasingDirection":"In"},"Torso":{"Weight":1,"CFrame":[0.15593332052230836,-0.022716667503118516,-0.07747650146484375,0.8205761313438416,0.5611718893051148,0.10835612565279007,-0.56171053647995,0.8268464803695679,-0.028395816683769227,-0.1055288314819336,-0.03756384178996086,0.9937065243721008],"EasingStyle":"Linear","EasingDirection":"In"},"HumanoidRootPart":{"Weight":0,"CFrame":[0,0,0,1,0,0,0,1,0,0,0,1],"EasingStyle":"Linear","EasingDirection":"In"},"Right Leg":{"Weight":1,"CFrame":[-0.2781871557235718,-0.10747313499450684,-0.09599411487579346,0.6434398293495178,0.4522162973880768,-0.6176452040672302,-0.6636924743652344,0.7316101789474487,-0.15575294196605683,0.38144153356552126,0.510144054889679,0.7708796858787537],"EasingStyle":"Linear","EasingDirection":"In"}}},{"Time":0.30000001192092898,"poses":{"Left Leg":{"Weight":1,"CFrame":[-0.2095363587141037,-0.014515161514282227,-0.046234071254730228,0.8763960003852844,0.2506009638309479,-0.41125333309173586,-0.28847479820251467,0.9569655060768127,-0.031614750623703,0.38563260436058047,0.14634330570697785,0.9109727740287781],"EasingStyle":"Linear","EasingDirection":"In"},"Right Arm":{"Weight":1,"CFrame":[0.11903457343578339,0.5004767179489136,0.04765033721923828,-0.9680802226066589,-0.22953733801841737,-0.10066480934619904,0.2347559779882431,-0.9710882306098938,-0.04332883283495903,-0.08780895173549652,-0.06557757407426834,0.9939764738082886],"EasingStyle":"Linear","EasingDirection":"In"},"Left Arm":{"Weight":1,"CFrame":[0.6002257466316223,-0.04180029034614563,0.09974610805511475,0.4975021183490753,-0.015988992527127267,-0.867315411567688,0.015789804980158807,0.99983149766922,-0.009374848566949368,0.8673191070556641,-0.009030730463564396,0.49767059087753298],"EasingStyle":"Linear","EasingDirection":"In"},"Head":{"Weight":1,"CFrame":[8.568167686462403e-8,-7.450580596923828e-9,-1.7881393432617188e-7,0.7860724925994873,-0.6178135871887207,0.019910162314772607,0.6179796457290649,0.7847471833229065,-0.04767785966396332,0.013831587508320809,0.049782320857048038,0.998664379119873],"EasingStyle":"Linear","EasingDirection":"In"},"Torso":{"Weight":1,"CFrame":[0.16651895642280579,-0.027191251516342164,-0.07573819160461426,0.8043698072433472,0.5855081081390381,0.10084385424852371,-0.5853792428970337,0.8100469708442688,-0.03398902341723442,-0.10158909112215042,-0.03169214725494385,0.9943215250968933],"EasingStyle":"Linear","EasingDirection":"In"},"HumanoidRootPart":{"Weight":0,"CFrame":[0,0,0,1,0,0,0,1,0,0,0,1],"EasingStyle":"Linear","EasingDirection":"In"},"Right Leg":{"Weight":1,"CFrame":[-0.29582422971725466,-0.08287489414215088,-0.1054883599281311,0.6765807271003723,0.4301924407482147,-0.5976395010948181,-0.6265144348144531,0.7627649903297424,-0.16021664440631867,0.38693463802337649,0.4828292429447174,0.7855938076972961],"EasingStyle":"Linear","EasingDirection":"In"}}},{"Time":0.3333333432674408,"poses":{"Left Leg":{"Weight":1,"CFrame":[-0.22236484289169312,-0.02491462230682373,-0.05283844470977783,0.8545335531234741,0.28059741854667666,-0.43707841634750368,-0.33583536744117739,0.9404370188713074,-0.05284728482365608,0.39621588587760928,0.19194620847702027,0.8978695273399353],"EasingStyle":"Linear","EasingDirection":"In"},"Right Arm":{"Weight":1,"CFrame":[0.22568969428539277,0.40106427669525149,0.06833803653717041,-0.879043698310852,-0.4146222472190857,-0.2353098839521408,0.4563593864440918,-0.8745983839035034,-0.1637493073940277,-0.1379074603319168,-0.251328706741333,0.9580268859863281],"EasingStyle":"Linear","EasingDirection":"In"},"Left Arm":{"Weight":1,"CFrame":[0.6002257466316223,-0.04180002212524414,0.09974610805511475,0.5001876354217529,-0.02264304645359516,-0.8656209707260132,0.028283817693591119,0.9995518922805786,-0.009803177788853646,0.8654550909996033,-0.019579635933041574,0.5006040334701538],"EasingStyle":"Linear","EasingDirection":"In"},"Head":{"Weight":1,"CFrame":[1.601874828338623e-7,1.1175870895385743e-8,-1.7881393432617188e-7,0.7865430116653442,-0.6174356937408447,0.01111170370131731,0.6172499060630798,0.7855046987533569,-0.04455320164561272,0.018780449405312539,0.041901711374521258,0.9989452362060547],"EasingStyle":"Linear","EasingDirection":"In"},"Torso":{"Weight":1,"CFrame":[0.19403430819511414,-0.02752017229795456,-0.09073305130004883,0.8109917640686035,0.5755867958068848,0.1048445999622345,-0.5754728317260742,0.8170971274375916,-0.034400176256895068,-0.1054685041308403,-0.032436955720186236,0.993893563747406],"EasingStyle":"Linear","EasingDirection":"In"},"HumanoidRootPart":{"Weight":0,"CFrame":[0,0,0,1,0,0,0,1,0,0,0,1],"EasingStyle":"Linear","EasingDirection":"In"},"Right Leg":{"Weight":1,"CFrame":[-0.3010377883911133,-0.07875180244445801,-0.10859942436218262,0.677216112613678,0.41422680020332339,-0.6081072688102722,-0.6115027070045471,0.7764912843704224,-0.15207184851169587,0.40919777750968935,0.47484463453292849,0.7791532874107361],"EasingStyle":"Linear","EasingDirection":"In"}}},{"Time":0.36666667461395266,"poses":{"Left Leg":{"Weight":1,"CFrame":[-0.23816347122192384,-0.04781651496887207,-0.06295031309127808,0.8180497288703919,0.3329971134662628,-0.4689430892467499,-0.4235387444496155,0.9004005789756775,-0.09946810454130173,0.3891139030456543,0.27998533844947817,0.8776094913482666],"EasingStyle":"Linear","EasingDirection":"In"},"Right Arm":{"Weight":1,"CFrame":[0.3644264340400696,0.26683688163757326,0.09523212909698487,-0.6642761826515198,-0.5958908200263977,-0.45127734541893008,0.7368851900100708,-0.6233661770820618,-0.26156216859817507,-0.1254485845565796,-0.5062892436981201,0.853190541267395],"EasingStyle":"Linear","EasingDirection":"In"},"Left Arm":{"Weight":1,"CFrame":[0.6002257466316223,-0.04179978370666504,0.0997462272644043,0.5003089308738709,-0.04427312687039375,-0.8647143244743347,0.05439473316073418,0.9983263611793518,-0.019642287865281106,0.8641366958618164,-0.037208687514066699,0.5018797516822815],"EasingStyle":"Linear","EasingDirection":"In"},"Head":{"Weight":1,"CFrame":[1.4528632164001466e-7,1.4901161193847657e-8,2.384185791015625e-7,0.7892544269561768,-0.6140652894973755,0.0011620670557022095,0.6137699484825134,0.7888132333755493,-0.03256230428814888,0.019078729674220086,0.026413172483444215,0.9994690418243408],"EasingStyle":"Linear","EasingDirection":"In"},"Torso":{"Weight":1,"CFrame":[0.2363240122795105,-0.028842858970165254,-0.13083600997924806,0.8244320154190064,0.5531687140464783,0.11965062469244003,-0.5531957745552063,0.8322707414627075,-0.03605354577302933,-0.11952541023492813,-0.03646652027964592,0.992161214351654],"EasingStyle":"Linear","EasingDirection":"In"},"HumanoidRootPart":{"Weight":0,"CFrame":[0,0,0,1,0,0,0,1,0,0,0,1],"EasingStyle":"Linear","EasingDirection":"In"},"Right Leg":{"Weight":1,"CFrame":[-0.3125764727592468,-0.07480382919311524,-0.1169588565826416,0.6643771529197693,0.40040794014930727,-0.6310914754867554,-0.6076604127883911,0.7809979915618897,-0.144191175699234,0.4351459741592407,0.4792865812778473,0.7621892690658569],"EasingStyle":"Linear","EasingDirection":"In"}}},{"Time":0.4000000059604645,"poses":{"Left Leg":{"Weight":1,"CFrame":[-0.2516079545021057,-0.07146799564361572,-0.07384663820266724,0.7823721766471863,0.37656083703041079,-0.4960803687572479,-0.5033359527587891,0.8514018654823303,-0.14753933250904084,0.36680617928504946,0.3651256561279297,0.8556497693061829],"EasingStyle":"Linear","EasingDirection":"In"},"Right Arm":{"Weight":1,"CFrame":[0.5033174753189087,0.12353354692459107,0.12212610244750977,-0.3620458245277405,-0.6508485674858093,-0.6673220992088318,0.9321175217628479,-0.2596340477466583,-0.2524818181991577,-0.008932188153266907,-0.7134327292442322,0.7006669044494629],"EasingStyle":"Linear","EasingDirection":"In"},"Left Arm":{"Weight":1,"CFrame":[0.6002258062362671,-0.04180017113685608,0.0997462272644043,0.4983184039592743,-0.07172064483165741,-0.8640225529670715,0.08881153911352158,0.9955529570579529,-0.031417425721883777,0.8624334335327148,-0.06107928231358528,0.5024718642234802],"EasingStyle":"Linear","EasingDirection":"In"},"Head":{"Weight":1,"CFrame":[1.1175870895385742e-7,3.725290298461914e-9,-2.384185791015625e-7,0.7961515784263611,-0.6050353646278381,-0.008655707351863385,0.6048726439476013,0.7961642742156982,-0.0158583652228117,0.016486214473843576,0.007390066049993038,0.999836802482605],"EasingStyle":"Linear","EasingDirection":"In"},"Torso":{"Weight":1,"CFrame":[0.29448747634887698,-0.0315166637301445,-0.18909406661987306,0.8350454568862915,0.52950119972229,0.14942437410354615,-0.5300601124763489,0.8470445275306702,-0.03939581662416458,-0.1474291980266571,-0.04630661383271217,0.9879881143569946],"EasingStyle":"Linear","EasingDirection":"In"},"HumanoidRootPart":{"Weight":0,"CFrame":[0,0,0,1,0,0,0,1,0,0,0,1],"EasingStyle":"Linear","EasingDirection":"In"},"Right Leg":{"Weight":1,"CFrame":[-0.32481908798217776,-0.0741645097732544,-0.12715649604797364,0.6411251425743103,0.3993263840675354,-0.6553602814674377,-0.6243066191673279,0.7680217027664185,-0.14277242124080659,0.4463181495666504,0.500680685043335,0.7417001724243164],"EasingStyle":"Linear","EasingDirection":"In"}}},{"Time":0.4333333373069763,"poses":{"Left Leg":{"Weight":1,"CFrame":[-0.25291305780410769,-0.1167832612991333,-0.08476901054382324,0.7434659004211426,0.4451355040073395,-0.49911195039749148,-0.6119129061698914,0.7539167404174805,-0.23910698294639588,0.2698538303375244,0.4831809401512146,0.8328956961631775],"EasingStyle":"Linear","EasingDirection":"In"},"Right Arm":{"Weight":1,"CFrame":[0.6104358434677124,-0.0031038224697113039,0.1428138017654419,-0.09904195368289948,-0.5962571501731873,-0.7966604828834534,0.9849573373794556,0.05518027022480965,-0.16375066339969636,0.14159734547138215,-0.8008949160575867,0.5818228125572205],"EasingStyle":"Linear","EasingDirection":"In"},"Left Arm":{"Weight":1,"CFrame":[0.6002258062362671,-0.041799724102020267,0.0997462272644043,0.49528107047080996,-0.09587074816226959,-0.8634266257286072,0.12623417377471925,0.991285502910614,-0.03765692189335823,0.859512448310852,-0.090343177318573,0.5030670762062073],"EasingStyle":"Linear","EasingDirection":"In"},"Head":{"Weight":1,"CFrame":[1.7881393432617188e-7,0,2.384185791015625e-7,0.808944821357727,-0.5876399874687195,-0.016962064430117608,0.5877439379692078,0.8090457320213318,0.0014591161161661149,0.012865673750638962,-0.0111496951431036,0.999855101108551],"EasingStyle":"Linear","EasingDirection":"In"},"Torso":{"Weight":1,"CFrame":[0.3654264807701111,-0.033658429980278018,-0.25689077377319338,0.8365671038627625,0.5121793746948242,0.1944941282272339,-0.5145553350448608,0.8564243912696838,-0.04207301512360573,-0.18811847269535066,-0.0648810863494873,0.9800009727478027],"EasingStyle":"Linear","EasingDirection":"In"},"HumanoidRootPart":{"Weight":0,"CFrame":[0,0,0,1,0,0,0,1,0,0,0,1],"EasingStyle":"Linear","EasingDirection":"In"},"Right Leg":{"Weight":1,"CFrame":[-0.3337077498435974,-0.07673609256744385,-0.13562309741973878,0.6140400171279907,0.41255825757980349,-0.6728674173355103,-0.6579405665397644,0.7384544610977173,-0.14764632284641267,0.4359692633152008,0.5333674550056458,0.7248793244361877],"EasingStyle":"Linear","EasingDirection":"In"}}},{"Time":0.46666666865348818,"poses":{"Left Leg":{"Weight":1,"CFrame":[-0.25196048617362978,-0.14952540397644044,-0.09481072425842285,0.7260685563087463,0.47477489709854128,-0.497406542301178,-0.6586974263191223,0.6878297328948975,-0.30497226119041445,0.19733773171901704,0.5490711331367493,0.8121444582939148],"EasingStyle":"Linear","EasingDirection":"In"},"Right Arm":{"Weight":1,"CFrame":[0.6538544297218323,-0.08733683824539185,0.15108907222747804,0.054824359714984897,-0.5527103543281555,-0.8315681219100952,0.9706549048423767,0.22479522228240968,-0.0854182317852974,0.23414401710033418,-0.8024826049804688,0.5488152503967285],"EasingStyle":"Linear","EasingDirection":"In"},"Left Arm":{"Weight":1,"CFrame":[0.6002257466316223,-0.04179993271827698,0.09974610805511475,0.49315792322158816,-0.10779976099729538,-0.8632349967956543,0.16151301562786103,0.9863864779472351,-0.030908111482858659,0.8548151850700378,-0.12418112903833389,0.5038553476333618],"EasingStyle":"Linear","EasingDirection":"In"},"Head":{"Weight":1,"CFrame":[7.078051567077637e-8,-1.862645149230957e-8,0,0.828896701335907,-0.5589525699615479,-0.02241353690624237,0.5593118071556091,0.8288165926933289,0.015283742919564247,0.01003380585461855,-0.025204777717590333,0.999631941318512],"EasingStyle":"Linear","EasingDirection":"In"},"Torso":{"Weight":1,"CFrame":[0.42751559615135195,-0.03314231336116791,-0.3152892589569092,0.8363573551177979,0.49397793412208559,0.23768125474452973,-0.4993602931499481,0.865403413772583,-0.041427869349718097,-0.2261546403169632,-0.0840400755405426,0.9704593420028687],"EasingStyle":"Linear","EasingDirection":"In"},"HumanoidRootPart":{"Weight":0,"CFrame":[0,0,0,1,0,0,0,1,0,0,0,1],"EasingStyle":"Linear","EasingDirection":"In"},"Right Leg":{"Weight":1,"CFrame":[-0.3422611951828003,-0.07743704319000244,-0.1437969207763672,0.5856209993362427,0.425866037607193,-0.6897001266479492,-0.6902021169662476,0.7081554532051086,-0.14878563582897187,0.42505207657814028,0.5631643533706665,0.7086442112922669],"EasingStyle":"Linear","EasingDirection":"In"}}},{"Time":0.5,"poses":{"Left Leg":{"Weight":1,"CFrame":[-0.2698243260383606,-0.12665176391601563,-0.09853482246398926,0.7197762131690979,0.44455498456954958,-0.5331915616989136,-0.6391490697860718,0.7241420149803162,-0.2590501606464386,0.2709442377090454,0.5272469520568848,0.8053569793701172],"EasingStyle":"Linear","EasingDirection":"In"},"Right Arm":{"Weight":1,"CFrame":[0.654506266117096,-0.11575555801391602,0.15091967582702638,0.1134716123342514,-0.5709016919136047,-0.8131392002105713,0.9575873613357544,0.281019926071167,-0.06367390602827072,0.2648598253726959,-0.7714266180992127,0.5785760879516602],"EasingStyle":"Linear","EasingDirection":"In"},"Left Arm":{"Weight":1,"CFrame":[0.6002259850502014,-0.041799724102020267,0.09974610805511475,0.494621604681015,-0.09875538945198059,-0.8634795546531677,0.189607635140419,0.9818530678749085,-0.0036820336245000364,0.8481736183166504,-0.16190113127231599,0.5043705105781555],"EasingStyle":"Linear","EasingDirection":"In"},"Head":{"Weight":1,"CFrame":[1.30385160446167e-7,5.960464477539063e-8,2.384185791015625e-7,0.8565179109573364,-0.5155611634254456,-0.023957010358572007,0.5160301923751831,0.8563035726547241,0.021381130442023279,0.009491159580647946,-0.030675843358039857,0.9994844198226929],"EasingStyle":"Linear","EasingDirection":"In"},"Torso":{"Weight":1,"CFrame":[0.45454972982406618,-0.02994794398546219,-0.34035372734069826,0.8469050526618958,0.4652397036552429,0.2574957013130188,-0.47237056493759158,0.8806047439575195,-0.03743494674563408,-0.24416813254356385,-0.08992951363325119,0.9655541181564331],"EasingStyle":"Linear","EasingDirection":"In"},"HumanoidRootPart":{"Weight":0,"CFrame":[0,0,0,1,0,0,0,1,0,0,0,1],"EasingStyle":"Linear","EasingDirection":"In"},"Right Leg":{"Weight":1,"CFrame":[-0.35500478744506838,-0.07201790809631348,-0.1553192138671875,0.5542232394218445,0.42631861567497256,-0.7149049639701843,-0.7094118595123291,0.6911945939064026,-0.13778534531593324,0.43539801239967348,0.5835258364677429,0.685511589050293],"EasingStyle":"Linear","EasingDirection":"In"}}},{"Time":0.5333333611488342,"poses":{"Left Leg":{"Weight":1,"CFrame":[-0.2894664406776428,-0.08755779266357422,-0.10180032253265381,0.7294249534606934,0.37462878227233889,-0.5723570585250855,-0.5575552582740784,0.8103561401367188,-0.18015313148498536,0.39632242918014529,0.45052871108055117,0.799970269203186],"EasingStyle":"Linear","EasingDirection":"In"},"Right Arm":{"Weight":1,"CFrame":[0.6547462940216065,-0.12427273392677307,0.15046119689941407,0.13110747933387757,-0.6038078665733337,-0.7862740159034729,0.9510505795478821,0.3004894256591797,-0.07217331975698471,0.2798457443714142,-0.7383238673210144,0.6136483550071716],"EasingStyle":"Linear","EasingDirection":"In"},"Left Arm":{"Weight":1,"CFrame":[0.6001855134963989,-0.08078521490097046,0.09692597389221192,0.5301202535629273,0.03384179621934891,-0.8472469449043274,0.14265432953834535,0.9814011454582214,0.12845857441425324,0.8358364105224609,-0.188961923122406,0.5154328942298889],"EasingStyle":"Linear","EasingDirection":"In"},"Head":{"Weight":1,"CFrame":[2.0675361156463624e-7,2.9802322387695315e-8,2.384185791015625e-7,0.892634928226471,-0.4502291977405548,-0.022287627682089807,0.4506620168685913,0.892442524433136,0.02122146263718605,0.010335909202694893,-0.02898717299103737,0.99952632188797],"EasingStyle":"Linear","EasingDirection":"In"},"Torso":{"Weight":1,"CFrame":[0.4354272484779358,-0.023496896028518678,-0.3163185119628906,0.8727412223815918,0.4166836142539978,0.2543575167655945,-0.4236844778060913,0.9053336381912231,-0.029371144250035287,-0.24251686036586762,-0.0821339413523674,0.9666642546653748],"EasingStyle":"Linear","EasingDirection":"In"},"HumanoidRootPart":{"Weight":0,"CFrame":[0,0,0,1,0,0,0,1,0,0,0,1],"EasingStyle":"Linear","EasingDirection":"In"},"Right Leg":{"Weight":1,"CFrame":[-0.37501654028892519,-0.05981767177581787,-0.17472493648529054,0.509125292301178,0.414077490568161,-0.7545404434204102,-0.7225280404090881,0.6820018291473389,-0.11325528472661972,0.4677014946937561,0.6028376817703247,0.6464071273803711],"EasingStyle":"Linear","EasingDirection":"In"}}},{"Time":0.5666666626930237,"poses":{"Left Leg":{"Weight":1,"CFrame":[-0.29347196221351626,-0.06097698211669922,-0.09977936744689942,0.7574265599250794,0.29964619874954226,-0.5801010727882385,-0.446885347366333,0.8856731653213501,-0.1260024607181549,0.47602373361587527,0.354676216840744,0.8047398328781128],"EasingStyle":"Linear","EasingDirection":"In"},"Right Arm":{"Weight":1,"CFrame":[0.6547806859016419,-0.16113218665122987,0.14978814125061036,0.15205051004886628,-0.6102326512336731,-0.7774938941001892,0.9429929256439209,0.3251913785934448,-0.07081705331802368,0.2960490882396698,-0.7224034070968628,0.6248906254768372],"EasingStyle":"Linear","EasingDirection":"In"},"Left Arm":{"Weight":1,"CFrame":[0.6000809073448181,-0.18000951409339906,0.08987545967102051,0.5789340138435364,0.3537364602088928,-0.7346468567848206,-0.039553310722112659,0.9121162295341492,0.40801915526390078,0.8144146203994751,-0.2071583867073059,0.5420464873313904],"EasingStyle":"Linear","EasingDirection":"In"},"Head":{"Weight":1,"CFrame":[1.601874828338623e-7,3.166496753692627e-8,0,0.9307621717453003,-0.3651813268661499,-0.01801665872335434,0.36549243330955508,0.930622398853302,0.018902840092778207,0.009863721206784249,-0.0241790059953928,0.99965900182724],"EasingStyle":"Linear","EasingDirection":"In"},"Torso":{"Weight":1,"CFrame":[0.38389140367507937,-0.014413554221391678,-0.2557086944580078,0.9046943187713623,0.3506174683570862,0.24206559360027314,-0.35711097717285159,0.9338881969451904,-0.018016966059803964,-0.2323792576789856,-0.0701444149017334,0.9700927138328552],"EasingStyle":"Linear","EasingDirection":"In"},"HumanoidRootPart":{"Weight":0,"CFrame":[0,0,0,1,0,0,0,1,0,0,0,1],"EasingStyle":"Linear","EasingDirection":"In"},"Right Leg":{"Weight":1,"CFrame":[-0.39879491925239565,-0.043301939964294437,-0.2014915943145752,0.4483986496925354,0.39550259709358218,-0.8015711903572083,-0.7360456585884094,0.6721779704093933,-0.08008496463298798,0.5071247816085815,0.6259029507637024,0.5925116539001465],"EasingStyle":"Linear","EasingDirection":"In"}}},{"Time":0.6000000238418579,"poses":{"Left Leg":{"Weight":1,"CFrame":[-0.27637800574302676,-0.046929359436035159,-0.08595556020736695,0.800207257270813,0.24899572134017945,-0.5455909371376038,-0.3554443120956421,0.9296451807022095,-0.09705319255590439,0.4830402135848999,0.2715897858142853,0.8324128985404968],"EasingStyle":"Linear","EasingDirection":"In"},"Right Arm":{"Weight":1,"CFrame":[0.542392373085022,-0.2588224411010742,0.1487981081008911,0.2610413730144501,-0.4853247404098511,-0.834456205368042,0.9082313179969788,0.4163592755794525,0.04196324199438095,0.3270677328109741,-0.7688333988189697,0.5494741797447205],"EasingStyle":"Linear","EasingDirection":"In"},"Left Arm":{"Weight":1,"CFrame":[0.5999366044998169,-0.31287452578544619,0.08070933818817139,0.5328749418258667,0.7281838059425354,-0.4310368299484253,-0.3115653991699219,0.6424378752708435,0.7001432180404663,0.786747395992279,-0.2387925386428833,0.5692158937454224],"EasingStyle":"Linear","EasingDirection":"In"},"Head":{"Weight":1,"CFrame":[1.6298145055770875e-9,-3.91155481338501e-8,1.1920928955078126e-7,0.9620130658149719,-0.27280130982398989,-0.010504882782697678,0.27292999625205996,0.9619346261024475,0.013824617490172387,0.006333615630865097,-0.01616656966507435,0.9998493194580078],"EasingStyle":"Linear","EasingDirection":"In"},"Torso":{"Weight":1,"CFrame":[0.3115388751029968,-0.005099941045045853,-0.1761484146118164,0.9357790946960449,0.27563950419425967,0.21986478567123414,-0.28116923570632937,0.9596370458602905,-0.00637495843693614,-0.21274760365486146,-0.055853646248579028,0.975509524345398],"EasingStyle":"Linear","EasingDirection":"In"},"HumanoidRootPart":{"Weight":0,"CFrame":[0,0,0,1,0,0,0,1,0,0,0,1],"EasingStyle":"Linear","EasingDirection":"In"},"Right Leg":{"Weight":1,"CFrame":[-0.4213402271270752,-0.02376878261566162,-0.23180800676345826,0.3832763135433197,0.3704444468021393,-0.8460911512374878,-0.7396769523620606,0.6717135906219482,-0.0409744568169117,0.5531522631645203,0.6415386199951172,0.5314611792564392],"EasingStyle":"Linear","EasingDirection":"In"}}},{"Time":0.6333333253860474,"poses":{"Left Leg":{"Weight":1,"CFrame":[-0.35645774006843569,0.014615774154663086,-0.12033897638320923,0.8761742115020752,0.13435105979442597,-0.46289169788360598,-0.18078766763210298,0.9818561673164368,-0.057223062962293628,0.4468050003051758,0.13382242619991303,0.8845658898353577],"EasingStyle":"Linear","EasingDirection":"In"},"Right Arm":{"Weight":1,"CFrame":[0.2949840724468231,-0.3868139982223511,0.14667963981628419,0.44635507464408877,-0.17108023166656495,-0.878350019454956,0.7944056391716003,0.5275968313217163,0.3009341359138489,0.4119308292865753,-0.8320896625518799,0.3714025616645813],"EasingStyle":"Linear","EasingDirection":"In"},"Left Arm":{"Weight":1,"CFrame":[0.5997776985168457,-0.45278337597846987,0.07154381275177002,0.3624616265296936,0.9317885041236877,-0.01979684643447399,-0.5294880867004395,0.22335590422153474,0.81