{"Sequence":[{"Time":0,"poses":{"Left Leg":{"Weight":1,"CFrame":[-0.23964107036590577,0.19413697719573975,0.10637772083282471,0.9309810400009155,0.15037678182125092,0.3326576054096222,-0.1423044502735138,0.9886266589164734,-0.04864990711212158,-0.33618998527526858,-0.002046514768153429,0.9417919516563416],"EasingStyle":"Linear","EasingDirection":"Out"},"Right Arm":{"Weight":1,"CFrame":[0.19156581163406373,-0.2898592948913574,0.22515666484832765,-0.011800870299339295,-0.5850669741630554,0.8108990788459778,0.08779276907444,0.8072175979614258,0.5836884379386902,-0.9960688352584839,0.07807914912700653,0.04183879867196083],"EasingStyle":"Linear","EasingDirection":"Out"},"Left Arm":{"Weight":1,"CFrame":[-0.39693039655685427,-0.2239753007888794,0.019691824913024904,0.04695536568760872,0.2433415651321411,-0.9688034653663635,-0.9480043649673462,0.31648433208465578,0.033546339720487598,0.31477436423301699,0.9168546795845032,0.24554944038391114],"EasingStyle":"Linear","EasingDirection":"Out"},"Right Leg":{"Weight":1,"CFrame":[0.19273044168949128,0.1989327073097229,0.08686316013336182,0.9933252334594727,-0.05254097282886505,-0.10268599539995194,0.05379185453057289,0.9985074400901794,0.009448777884244919,0.10203630477190018,-0.014909380115568638,0.9946689605712891],"EasingStyle":"Linear","EasingDirection":"Out"},"Torso":{"Weight":1,"CFrame":[0,0,-0.1670360565185547,1,-6.562759153894149e-7,-2.2823226686341514e-7,6.246006023502559e-7,0.9929518103599548,-0.11851856857538223,3.044045229216863e-7,0.11851856857538223,0.9929518103599548],"EasingStyle":"Linear","EasingDirection":"Out"},"HumanoidRootPart":{"Weight":0,"CFrame":[0,0,0,1,0,0,0,1,0,0,0,1],"EasingStyle":"Linear","EasingDirection":"In"},"Head":{"Weight":1,"CFrame":[1.509957741063772e-7,0,0,1,6.246006591936748e-7,2.408314969670755e-7,-6.487413770628336e-7,0.9929518103599548,0.11851856857538223,-1.6510730915797468e-7,-0.11851856857538223,0.9929518103599548],"EasingStyle":"Linear","EasingDirection":"Out"}}},{"Time":0.017083333805203439,"poses":{"Left Leg":{"Weight":1,"CFrame":[-0.25803378224372866,0.1880614161491394,0.10642886161804199,0.942136287689209,0.16183774173259736,0.2935776114463806,-0.15433679521083833,0.9868172407150269,-0.04870268702507019,-0.29758933186531069,0.0005747408140450716,0.9546937942504883],"EasingStyle":"Linear","EasingDirection":"Out"},"Right Arm":{"Weight":1,"CFrame":[0.21742872893810273,-0.2825278341770172,0.2178727388381958,-0.04855873063206673,-0.6035668849945068,0.7958323955535889,0.11168211698532105,0.788494884967804,0.6048163771629334,-0.9925568699836731,0.1182493045926094,0.029119281098246576],"EasingStyle":"Linear","EasingDirection":"Out"},"Left Arm":{"Weight":1,"CFrame":[-0.39692845940589907,-0.22395887970924378,0.021651744842529298,0.08143062144517899,0.2357151210308075,-0.9684045910835266,-0.9367777109146118,0.34986668825149538,0.006388368550688028,0.3403182923793793,0.9066596031188965,0.24930261075496674],"EasingStyle":"Linear","EasingDirection":"Out"},"Right Leg":{"Weight":1,"CFrame":[0.1735038310289383,0.18757331371307374,0.09174489974975586,0.9890580177307129,-0.03803880885243416,-0.14253878593444825,0.03896702826023102,0.9992335438728333,0.003725239774212241,0.14228785037994386,-0.009238788858056069,0.9897822141647339],"EasingStyle":"Linear","EasingDirection":"Out"},"Torso":{"Weight":1,"CFrame":[-8.247749150314121e-10,-5.374914800042351e-16,-0.1615738868713379,0.9991691708564758,-0.04027863219380379,0.006209211423993111,0.04072848707437515,0.9923100471496582,-0.11688419431447983,-0.0014535265509039164,0.11703997105360031,0.9931261539459229],"EasingStyle":"Linear","EasingDirection":"Out"},"HumanoidRootPart":{"Weight":0,"CFrame":[0,0,0,1,0,0,0,1,0,0,0,1],"EasingStyle":"Linear","EasingDirection":"In"},"Head":{"Weight":1,"CFrame":[1.5087425708770753e-7,-4.778848960995674e-8,0,0.9991691708564758,0.04072878882288933,-0.0014450907474383712,-0.04027862101793289,0.9922856092453003,0.117247074842453,0.006209273356944323,-0.11709146946668625,0.9931017160415649],"EasingStyle":"Linear","EasingDirection":"Out"}}},{"Time":0.03375000134110451,"poses":{"Left Leg":{"Weight":1,"CFrame":[-0.2761596143245697,0.1836996078491211,0.1055746078491211,0.9514943361282349,0.1670711636543274,0.25835204124450686,-0.16075778007507325,0.9859431982040405,-0.04552920535206795,-0.2623271048069,0.001788682653568685,0.9649773836135864],"EasingStyle":"Linear","EasingDirection":"Out"},"Right Arm":{"Weight":1,"CFrame":[0.26218241453170779,-0.2614113390445709,0.19810223579406739,-0.14843662083148957,-0.6475486159324646,0.747427225112915,0.17132532596588136,0.7275325655937195,0.664337158203125,-0.9739682674407959,0.22666515409946443,0.002948934445157647],"EasingStyle":"Linear","EasingDirection":"Out"},"Left Arm":{"Weight":1,"CFrame":[-0.3969148099422455,-0.22384554147720338,0.026486873626708986,0.1420043408870697,0.25489315390586855,-0.9564853310585022,-0.9177781939506531,0.395900696516037,-0.030754389241337777,0.3708341717720032,0.8822086453437805,0.29015499353408816],"EasingStyle":"Linear","EasingDirection":"Out"},"Right Leg":{"Weight":1,"CFrame":[0.1563662588596344,0.17533040046691895,0.09551072120666504,0.9837803840637207,-0.020883874967694284,-0.17815716564655305,0.020938808098435403,0.9997795224189758,-0.0015722207026556135,0.1781507134437561,-0.0021836739033460619,0.9840008020401001],"EasingStyle":"Linear","EasingDirection":"Out"},"Torso":{"Weight":1,"CFrame":[-1.6129018121091577e-9,-1.051100019027688e-15,-0.15635442733764649,0.9969947338104248,-0.07645450532436371,0.012496189214289189,0.07737558335065842,0.9906712770462036,-0.11217597872018814,-0.0038032568991184236,0.11280576139688492,0.9936097860336304],"EasingStyle":"Linear","EasingDirection":"Out"},"HumanoidRootPart":{"Weight":0,"CFrame":[0,0,0,1,0,0,0,1,0,0,0,1],"EasingStyle":"Linear","EasingDirection":"In"},"Head":{"Weight":1,"CFrame":[1.4994293451309205e-7,-4.598405212163925e-9,-2.980232238769531e-7,0.9969947338104248,0.07737872749567032,-0.003739108331501484,-0.07645449042320252,0.9905773401260376,0.1136278510093689,0.012496252544224263,-0.11300049722194672,0.9935163259506226],"EasingStyle":"Linear","EasingDirection":"Out"}}},{"Time":0.050833333283662799,"poses":{"Left Leg":{"Weight":1,"CFrame":[-0.29385459423065188,0.18092888593673707,0.10399138927459717,0.9595448970794678,0.16671222448349,0.22689326107501985,-0.1619059294462204,0.9860045909881592,-0.03976771980524063,-0.2303476184606552,0.0014235443668439985,0.9731073975563049],"EasingStyle":"Linear","EasingDirection":"Out"},"Right Arm":{"Weight":1,"CFrame":[0.3207363784313202,-0.2278287410736084,0.16896677017211915,-0.2962781488895416,-0.6929529309272766,0.6572938561439514,0.24300682544708253,0.6108531951904297,0.7535291910171509,-0.9236703515052795,0.3829812705516815,-0.012590019963681698],"EasingStyle":"Linear","EasingDirection":"Out"},"Left Arm":{"Weight":1,"CFrame":[-0.3968780040740967,-0.22353702783584596,0.03387558460235596,0.228683739900589,0.2963140606880188,-0.9273088574409485,-0.8879342079162598,0.4539947211742401,-0.07390319555997849,0.39909476041793826,0.8402897119522095,0.3669285774230957],"EasingStyle":"Linear","EasingDirection":"Out"},"Right Leg":{"Weight":1,"CFrame":[0.1410246193408966,0.16225320100784303,0.09829819202423096,0.9777439832687378,-0.001486137043684721,-0.2097964584827423,0.00016471234266646206,0.9999800324440002,-0.006315939594060183,0.20980164408683778,0.0061408160254359249,0.9777246713638306],"EasingStyle":"Linear","EasingDirection":"Out"},"Torso":{"Weight":1,"CFrame":[-2.3652066971635578e-9,-1.5413645947226084e-15,-0.15137195587158204,0.9938934445381165,-0.10875169187784195,0.018678301945328714,0.11011693626642227,0.9883896708488464,-0.10469086468219757,-0.007076131645590067,0.10610836744308472,0.9943293929100037],"EasingStyle":"Linear","EasingDirection":"Out"},"HumanoidRootPart":{"Weight":0,"CFrame":[0,0,0,1,0,0,0,1,0,0,0,1],"EasingStyle":"Linear","EasingDirection":"In"},"Head":{"Weight":1,"CFrame":[1.6298145055770875e-7,8.614733815193177e-9,-1.1920928955078126e-7,0.9938934445381165,0.11012987047433853,-0.0068718125112354759,-0.10875169187784195,0.9881910085678101,0.107942596077919,0.018678369000554086,-0.1065361350774765,0.9941333532333374],"EasingStyle":"Linear","EasingDirection":"Out"}}},{"Time":0.06791666895151138,"poses":{"Left Leg":{"Weight":1,"CFrame":[-0.3109637498855591,0.17952561378479005,0.1018286943435669,0.9666142463684082,0.16138842701911927,0.19902442395687104,-0.15819422900676728,0.9868907928466797,-0.03195563703775406,-0.20157261192798615,-0.0005957462708465755,0.9794734120368958],"EasingStyle":"Linear","EasingDirection":"Out"},"Right Arm":{"Weight":1,"CFrame":[0.38799986243247988,-0.18309852480888368,0.13358783721923829,-0.46470415592193606,-0.7140491008758545,0.5236257910728455,0.2962551712989807,0.4318961799144745,0.8518794775009155,-0.8344357013702393,0.5509987473487854,0.01083682756870985],"EasingStyle":"Linear","EasingDirection":"Out"},"Left Arm":{"Weight":1,"CFrame":[-0.39680635929107668,-0.22293627262115479,0.043496131896972659,0.34030258655548098,0.3539946973323822,-0.8711382746696472,-0.8441344499588013,0.5231741666793823,-0.11715725064277649,0.41428399085998537,0.7752267718315125,0.47685664892196658],"EasingStyle":"Linear","EasingDirection":"Out"},"Right Leg":{"Weight":1,"CFrame":[0.1270725131034851,0.14840364456176759,0.10017597675323487,0.9711333513259888,0.019711440429091455,-0.23772147297859193,-0.022844575345516206,0.9996845722198486,-0.01043205987662077,0.23744085431098939,0.015561571344733239,0.9712773561477661],"EasingStyle":"Linear","EasingDirection":"Out"},"Torso":{"Weight":1,"CFrame":[-3.0825297869796488e-9,-2.0088301139718769e-15,-0.1466212272644043,0.9902077913284302,-0.13741274178028108,0.0246221125125885,0.13914689421653748,0.9857305288314819,-0.09472823143005371,-0.011253900825977326,0.09722672402858734,0.9951986074447632],"EasingStyle":"Linear","EasingDirection":"Out"},"HumanoidRootPart":{"Weight":0,"CFrame":[0,0,0,1,0,0,0,1,0,0,0,1],"EasingStyle":"Linear","EasingDirection":"In"},"Head":{"Weight":1,"CFrame":[1.5273690223693848e-7,3.632158041000366e-8,2.384185791015625e-7,0.9902077913284302,0.13918305933475495,-0.01079756673425436,-0.13741272687911988,0.9854063987731934,0.10045897215604782,0.024622179567813875,-0.09799154102802277,0.9948825836181641],"EasingStyle":"Linear","EasingDirection":"Out"}}},{"Time":0.0845833346247673,"poses":{"Left Leg":{"Weight":1,"CFrame":[-0.3274884521961212,0.1792241334915161,0.09924197196960449,0.9729084372520447,0.15163730084896089,0.17451466619968415,-0.15001244843006135,0.9884271025657654,-0.02254284918308258,-0.17591331899166108,-0.004247242584824562,0.9843965172767639],"EasingStyle":"Linear","EasingDirection":"Out"},"Right Arm":{"Weight":1,"CFrame":[0.4588819742202759,-0.1285402774810791,0.09508752822875977,-0.6112314462661743,-0.7036089897155762,0.3623952865600586,0.30919361114501955,0.2092149555683136,0.9277006387710571,-0.7285570502281189,0.6790902018547058,0.0896727442741394],"EasingStyle":"Linear","EasingDirection":"Out"},"Left Arm":{"Weight":1,"CFrame":[-0.39668819308280947,-0.22194653749465943,0.05502665042877197,0.4715075194835663,0.4190824329853058,-0.7759191989898682,-0.7847702503204346,0.6007548570632935,-0.15241175889968873,0.4022640287876129,0.6807815432548523,0.6121438145637512],"EasingStyle":"Linear","EasingDirection":"Out"},"Right Leg":{"Weight":1,"CFrame":[0.11413146555423737,0.13387101888656617,0.10117232799530029,0.9640870094299316,0.042295921593904498,-0.26219701766967776,-0.04759474843740463,0.9987701773643494,-0.013888644054532051,0.2612871527671814,0.025869064033031465,0.9649144411087036],"EasingStyle":"Linear","EasingDirection":"Out"},"Torso":{"Weight":1,"CFrame":[-3.76570064020143e-9,-2.4540416424770514e-15,-0.14209699630737306,0.986214280128479,-0.16268758475780488,0.030234357342123987,0.16467025876045228,0.9828850626945496,-0.0825870931148529,-0.01628100499510765,0.08642727136611939,0.9961251020431519],"EasingStyle":"Linear","EasingDirection":"Out"},"HumanoidRootPart":{"Weight":0,"CFrame":[0,0,0,1,0,0,0,1,0,0,0,1],"EasingStyle":"Linear","EasingDirection":"In"},"Head":{"Weight":1,"CFrame":[1.434236764907837e-7,1.4901161193847657e-8,2.384185791015625e-7,0.986214280128479,0.1647510528564453,-0.015442170202732087,-0.16268756985664369,0.9824321269989014,0.09143216162919998,0.030234426259994508,-0.08765944093465805,0.9956915974617004],"EasingStyle":"Linear","EasingDirection":"Out"}}},{"Time":0.10166666656732559,"poses":{"Left Leg":{"Weight":1,"CFrame":[-0.3434041142463684,0.1797148585319519,0.0963585376739502,0.9785280823707581,0.13799366354942323,0.15310311317443849,-0.13780297338962556,0.9903880953788757,-0.011908270418643952,-0.15327470004558564,-0.009445492178201676,0.9881384968757629],"EasingStyle":"Linear","EasingDirection":"Out"},"Right Arm":{"Weight":1,"CFrame":[0.5282917618751526,-0.06547155976295471,0.0565871000289917,-0.7030925750732422,-0.6822465062141419,0.20050059258937837,0.2915736138820648,-0.01942732371389866,0.956351101398468,-0.6485720276832581,0.7308641076087952,0.21258436143398286],"EasingStyle":"Linear","EasingDirection":"Out"},"Left Arm":{"Weight":1,"CFrame":[-0.396511971950531,-0.2204701006412506,0.06814539432525635,0.609670102596283,0.4793550372123718,-0.6312853097915649,-0.712040901184082,0.6811337471008301,-0.17045404016971589,0.34828174114227297,0.553421676158905,0.7565872669219971],"EasingStyle":"Linear","EasingDirection":"Out"},"Right Leg":{"Weight":1,"CFrame":[0.10186535120010376,0.11877775192260742,0.10129499435424805,0.95671147108078,0.06588557362556458,-0.28348225355148318,-0.07361438870429993,0.9971472024917603,-0.016685768961906434,0.28157418966293337,0.036831848323345187,0.958832323551178],"EasingStyle":"Linear","EasingDirection":"Out"},"Torso":{"Weight":1,"CFrame":[-4.415552368186582e-9,-2.8775388461046516e-15,-0.13779306411743165,0.9821316599845886,-0.18482540547847749,0.03545385226607323,0.18689633905887605,0.9799839854240418,-0.06856473535299301,-0.022071700543165208,0.07396579533815384,0.9970164895057678],"EasingStyle":"Linear","EasingDirection":"Out"},"HumanoidRootPart":{"Weight":0,"CFrame":[0,0,0,1,0,0,0,1,0,0,0,1],"EasingStyle":"Linear","EasingDirection":"In"},"Head":{"Weight":1,"CFrame":[1.5273690223693848e-7,-1.3969838619232178e-8,0,0.9821316599845886,0.18705229461193086,-0.0207088403403759,-0.1848253756761551,0.9794188141822815,0.0811072587966919,0.0354539193212986,-0.07583048194646836,0.9964902400970459],"EasingStyle":"Linear","EasingDirection":"Out"}}},{"Time":0.11874999850988388,"poses":{"Left Leg":{"Weight":1,"CFrame":[-0.3586459755897522,0.1806684136390686,0.09329068660736084,0.9834964871406555,0.12099650502204895,0.13451597094535829,-0.12205561250448227,0.992523193359375,-0.0003759954415727407,-0.13355568051338197,-0.01604863442480564,0.9909113645553589],"EasingStyle":"Linear","EasingDirection":"Out"},"Right Arm":{"Weight":1,"CFrame":[0.5911390781402588,0.004788875579833984,0.02120840549468994,-0.7477147579193115,-0.6623039841651917,0.047708235681056979,0.26716485619544985,-0.23428595066070558,0.9347369074821472,-0.6079025864601135,0.7116625308990479,0.35212329030036929],"EasingStyle":"Linear","EasingDirection":"Out"},"Left Arm":{"Weight":1,"CFrame":[-0.39626598358154299,-0.21840953826904298,0.08253049850463867,0.7341392636299133,0.5213066935539246,-0.43506208062171938,-0.6339894533157349,0.7556793093681336,-0.16433493793010713,0.24309852719306947,0.39646950364112856,0.8852767944335938],"EasingStyle":"Linear","EasingDirection":"Out"},"Right Leg":{"Weight":1,"CFrame":[0.08986213058233261,0.10329562425613404,0.10050833225250244,0.9490982294082642,0.09006565064191818,-0.30182892084121706,-0.10039334744215012,0.994769275188446,-0.018847117200493814,0.2985526919364929,0.048189375549554828,0.9531757831573486],"EasingStyle":"Linear","EasingDirection":"Out"},"Torso":{"Weight":1,"CFrame":[-5.032916305935942e-9,-3.2798650964903409e-15,-0.13370466232299806,0.9781287312507629,-0.2040700912475586,0.04024435952305794,0.20603646337985993,0.9771103262901306,-0.05295659601688385,-0.02851632423698902,0.06009017303586006,0.9977855682373047],"EasingStyle":"Linear","EasingDirection":"Out"},"HumanoidRootPart":{"Weight":0,"CFrame":[0,0,0,1,0,0,0,1,0,0,0,1],"EasingStyle":"Linear","EasingDirection":"In"},"Head":{"Weight":1,"CFrame":[1.4621764421463014e-7,-4.6566128730773929e-9,-5.960464477539063e-8,0.9781287312507629,0.20630764961242677,-0.02648337557911873,-0.2040700763463974,0.9764702916145325,0.06972210854291916,0.040244441479444507,-0.06279272586107254,0.9972148537635803],"EasingStyle":"Linear","EasingDirection":"Out"}}},{"Time":0.1354166716337204,"poses":{"Left Leg":{"Weight":1,"CFrame":[-0.3732493817806244,0.1817726492881775,0.09015977382659912,0.987794041633606,0.10112064331769943,0.11848031729459763,-0.10322818160057068,0.9945880174636841,0.011772329919040203,-0.11664866656064987,-0.02385914884507656,0.9928866028785706],"EasingStyle":"Linear","EasingDirection":"Out"},"Right Arm":{"Weight":1,"CFrame":[0.6423326730728149,0.08092188835144043,-0.007927298545837403,-0.7598361372947693,-0.642955482006073,-0.09621471911668778,0.2501511573791504,-0.42575231194496157,0.8695743083953857,-0.6000611782073975,0.6366657018661499,0.4843379557132721],"EasingStyle":"Linear","EasingDirection":"Out"},"Left Arm":{"Weight":1,"CFrame":[-0.3959387540817261,-0.21566733717918397,0.09786033630371094,0.8208321332931519,0.535405158996582,-0.19893676042556764,-0.5639923810958862,0.8148080110549927,-0.1341663897037506,0.09026184678077698,0.22232688963413239,0.9707850217819214],"EasingStyle":"Linear","EasingDirection":"Out"},"Right Leg":{"Weight":1,"CFrame":[0.07787884026765824,0.08762192726135254,0.09881436824798584,0.9413268566131592,0.11450476199388504,-0.31747809052467348,-0.1275079846382141,0.9916274547576904,-0.020412864163517953,0.31248265504837038,0.05969617888331413,0.9480458498001099],"EasingStyle":"Linear","EasingDirection":"Out"},"Torso":{"Weight":1,"CFrame":[-5.618634446591386e-9,-3.661566306368625e-15,-0.12982559204101563,0.974331796169281,-0.2206568866968155,0.044588249176740649,0.22230219841003419,0.9743108749389648,-0.03605644777417183,-0.03548670932650566,0.045043010264635089,0.9983545541763306],"EasingStyle":"Linear","EasingDirection":"Out"},"HumanoidRootPart":{"Weight":0,"CFrame":[0,0,0,1,0,0,0,1,0,0,0,1],"EasingStyle":"Linear","EasingDirection":"In"},"Head":{"Weight":1,"CFrame":[1.4528632164001466e-7,4.6566128730773929e-9,-2.980232238769531e-7,0.974331796169281,0.22273819148540498,-0.0326385498046875,-0.22065690159797669,0.9736545085906982,0.057509906589984897,0.044588327407836917,-0.04883180931210518,0.9978112578392029],"EasingStyle":"Linear","EasingDirection":"Out"}}},{"Time":0.1525000035762787,"poses":{"Left Leg":{"Weight":1,"CFrame":[-0.38717490434646609,0.1827269196510315,0.08707535266876221,0.9913684725761414,0.07886733114719391,0.10473063588142395,-0.08182916045188904,0.9963504672050476,0.024284664541482927,-0.10243313759565354,-0.03264507278800011,0.9942041039466858],"EasingStyle":"Linear","EasingDirection":"Out"},"Right Arm":{"Weight":1,"CFrame":[0.6767821311950684,0.16160941123962403,-0.02769780158996582,-0.7524183988571167,-0.6170701384544373,-0.23041470348834992,0.24514755606651307,-0.587020754814148,0.7715628147125244,-0.6113666892051697,0.5240525603294373,0.5929585695266724],"EasingStyle":"Linear","EasingDirection":"Out"},"Left Arm":{"Weight":1,"CFrame":[-0.39551842212677,-0.2121467888355255,0.11381304264068604,0.851502001285553,0.5217077732086182,0.0525856651365757,-0.5162805914878845,0.8516969680786133,-0.0898146852850914,-0.09164414554834366,0.04932841658592224,0.9945693016052246],"EasingStyle":"Linear","EasingDirection":"Out"},"Right Leg":{"Weight":1,"CFrame":[0.0656474307179451,0.07199496030807495,0.09620189666748047,0.9334781765937805,0.13885557651519776,-0.33066239953041079,-0.15452100336551667,0.9877570271492004,-0.021431107074022294,0.32363829016685488,0.07109978049993515,0.9435057640075684],"EasingStyle":"Linear","EasingDirection":"Out"},"Torso":{"Weight":1,"CFrame":[-6.173527467012718e-9,-4.023181188693957e-15,-0.12615060806274415,0.9708309769630432,-0.23481221497058869,0.048481158912181857,0.2359064221382141,0.9716061353683472,-0.018156902864575387,-0.04284112900495529,0.029064301401376725,0.998659074306488],"EasingStyle":"Linear","EasingDirection":"Out"},"HumanoidRootPart":{"Weight":0,"CFrame":[0,0,0,1,0,0,0,1,0,0,0,1],"EasingStyle":"Linear","EasingDirection":"In"},"Head":{"Weight":1,"CFrame":[1.3969838619232179e-7,1.4901161193847657e-8,-1.7881393432617188e-7,0.9708309769630432,0.23656553030014039,-0.03903796151280403,-0.23481222987174989,0.9710123538970947,0.04470178112387657,0.04848124086856842,-0.0342312790453434,0.9982373118400574],"EasingStyle":"Linear","EasingDirection":"Out"}}},{"Time":0.16958333551883698,"poses":{"Left Leg":{"Weight":1,"CFrame":[-0.40035727620124819,0.18326598405838014,0.08414626121520996,0.9941586256027222,0.054741885513067248,0.09301594644784928,-0.058387160301208499,0.9976107478141785,0.036929283291101459,-0.09077206999063492,-0.04214450344443321,0.9949795007705689],"EasingStyle":"Linear","EasingDirection":"Out"},"Right Arm":{"Weight":1,"CFrame":[0.6893966197967529,0.24553298950195313,-0.034981608390808108,-0.7375956177711487,-0.5768526196479797,-0.35098952054977419,0.24825173616409303,-0.7150561213493347,0.6535027027130127,-0.6279520392417908,0.3948870897293091,0.6706269979476929],"EasingStyle":"Linear","EasingDirection":"Out"},"Left Arm":{"Weight":1,"CFrame":[-0.3949936330318451,-0.20774886012077332,0.13006675243377686,0.8210303783416748,0.49088937044143679,0.2914389669895172,-0.4998778700828552,0.8647473454475403,-0.04831339418888092,-0.27573758363723757,-0.1060170829296112,0.9553685784339905],"EasingStyle":"Linear","EasingDirection":"Out"},"Right Leg":{"Weight":1,"CFrame":[0.053055696189403537,0.05666208267211914,0.09271538257598877,0.9256291389465332,0.16284096240997315,-0.3416042625904083,-0.18107569217681886,0.983224093914032,-0.02195465750992298,0.3322984278202057,0.08217810839414597,0.939587414264679],"EasingStyle":"Linear","EasingDirection":"Out"},"Torso":{"Weight":1,"CFrame":[-6.698433807628135e-9,-4.365253750376712e-15,-0.12267446517944336,0.9676862955093384,-0.24675244092941285,0.051927171647548679,0.2470630705356598,0.9689992666244507,0.00045037161908112466,-0.050428520888090137,0.012393468990921975,0.9986507892608643],"EasingStyle":"Linear","EasingDirection":"Out"},"HumanoidRootPart":{"Weight":0,"CFrame":[0,0,0,1,0,0,0,1,0,0,0,1],"EasingStyle":"Linear","EasingDirection":"In"},"Head":{"Weight":1,"CFrame":[1.40302290674299e-7,-4.2782630771398548e-9,3.5762786865234377e-7,0.9676862955093384,0.24801085889339448,-0.045539308339357379,-0.24675244092941285,0.9685655236244202,0.031528688967227939,0.05192725360393524,-0.019272949546575547,0.9984648823738098],"EasingStyle":"Linear","EasingDirection":"Out"}}},{"Time":0.1862500011920929,"poses":{"Left Leg":{"Weight":1,"CFrame":[-0.4127067029476166,0.18316948413848878,0.08147931098937988,0.9961113929748535,0.029256852343678476,0.08310316503047943,-0.03344723954796791,0.9982145428657532,0.04948747530579567,-0.08150692284107208,-0.0520746223628521,0.995311439037323],"EasingStyle":"Linear","EasingDirection":"Out"},"Right Arm":{"Weight":1,"CFrame":[0.6766605377197266,0.33124518394470217,-0.028639912605285646,-0.7249481081962586,-0.5191720724105835,-0.4526704251766205,0.2516145408153534,-0.811369001865387,0.5276081562042236,-0.6412022709846497,0.26859012246131899,0.7188317775726318],"EasingStyle":"Linear","EasingDirection":"Out"},"Left Arm":{"Weight":1,"CFrame":[-0.39435261487960818,-0.20237848162651063,0.1462996006011963,0.737202525138855,0.4579062759876251,0.4968443810939789,-0.5145952105522156,0.857029139995575,-0.026322511956095697,-0.437863290309906,-0.23626874387264253,0.8674403429031372],"EasingStyle":"Linear","EasingDirection":"Out"},"Right Leg":{"Weight":1,"CFrame":[0.040050774812698367,0.041872620582580569,0.08842718601226807,0.9178586602210999,0.1862052083015442,-0.35051822662353518,-0.2068462073802948,0.9781253337860107,-0.022034626454114915,0.33874785900115969,0.09272804111242295,0.9362966418266296],"EasingStyle":"Linear","EasingDirection":"Out"},"Torso":{"Weight":1,"CFrame":[-7.194186579795314e-9,-4.688327363052552e-15,-0.11939096450805664,0.9649325609207153,-0.256685346364975,0.054934918880462649,0.2559891939163208,0.966483473777771,0.019474441185593606,-0.05809248983860016,-0.00472877686843276,0.9983000159263611],"EasingStyle":"Linear","EasingDirection":"Out"},"HumanoidRootPart":{"Weight":0,"CFrame":[0,0,0,1,0,0,0,1,0,0,0,1],"EasingStyle":"Linear","EasingDirection":"In"},"Head":{"Weight":1,"CFrame":[1.2759119272232056e-7,-4.6566128730773929e-9,-1.1920928955078126e-7,0.9649325609207153,0.25729653239250185,-0.0519973449409008,-0.2566853165626526,0.96632319688797,0.018223218619823457,0.05493500083684921,-0.004237219225615263,0.9984809160232544],"EasingStyle":"Linear","EasingDirection":"Out"}}},{"Time":0.20333333313465119,"poses":{"Left Leg":{"Weight":1,"CFrame":[-0.4241129159927368,0.18227875232696534,0.0791773796081543,0.9971957802772522,0.00293186423368752,0.07477960735559464,-0.007564928848296404,0.9980630874633789,0.0617484487593174,-0.0744536817073822,-0.06214100494980812,0.9952864646911621],"EasingStyle":"Linear","EasingDirection":"Out"},"Right Arm":{"Weight":1,"CFrame":[0.64188551902771,0.4167889356613159,-0.01123034954071045,-0.7157895565032959,-0.4506370723247528,-0.5334523320198059,0.25339949131011965,-0.8794589638710022,0.4029151499271393,-0.6507180333137512,0.15322594344615937,0.7436988353729248],"EasingStyle":"Linear","EasingDirection":"Out"},"Left Arm":{"Weight":1,"CFrame":[-0.3935837149620056,-0.19593673944473267,0.16219007968902589,0.616122841835022,0.4297634959220886,0.6600726842880249,-0.5498006343841553,0.834746241569519,-0.030297666788101198,-0.5640140175819397,-0.34424129128456118,0.7505905032157898],"EasingStyle":"Linear","EasingDirection":"Out"},"Right Leg":{"Weight":1,"CFrame":[0.02676660194993019,0.027841687202453615,0.0834885835647583,0.9102345705032349,0.20877566933631898,-0.3576110303401947,-0.2316054254770279,0.9725673198699951,-0.021718692034482957,0.3432665467262268,0.10259377211332321,0.9336180090904236],"EasingStyle":"Linear","EasingDirection":"Out"},"Torso":{"Weight":1,"CFrame":[-7.661618894871936e-9,-4.992944974840669e-15,-0.11629533767700196,0.9625837206840515,-0.264810711145401,0.05751412734389305,0.26290571689605715,0.9640480875968933,0.03862537443637848,-0.065674789249897,-0.02205936424434185,0.9975972175598145],"EasingStyle":"Linear","EasingDirection":"Out"},"HumanoidRootPart":{"Weight":0,"CFrame":[0,0,0,1,0,0,0,1,0,0,0,1],"EasingStyle":"Linear","EasingDirection":"In"},"Head":{"Weight":1,"CFrame":[1.601874828338623e-7,-1.862645149230957e-9,-5.960464477539063e-8,0.9625837206840515,0.2646462619304657,-0.058266397565603259,-0.264810711145401,0.9642873406410217,0.005020560696721077,0.057514213025569919,0.010596858337521553,0.9982884526252747],"EasingStyle":"Linear","EasingDirection":"Out"}}},{"Time":0.22041666507720948,"poses":{"Left Leg":{"Weight":1,"CFrame":[-0.43445754051208498,0.1804976463317871,0.07733523845672608,0.9974134564399719,-0.023710571229457856,0.06785442680120468,0.018703030422329904,0.9971194863319397,0.07350485026836395,-0.06940168887376785,-0.07204562425613404,0.9949838519096375],"EasingStyle":"Linear","EasingDirection":"Out"},"Right Arm":{"Weight":1,"CFrame":[0.5902207493782044,0.5000792741775513,0.014824390411376953,-0.7094072103500366,-0.3784613311290741,-0.594565749168396,0.2540626525878906,-0.9241983294487,0.2851484715938568,-0.6574142575263977,0.05122942104935646,0.7517858147621155],"EasingStyle":"Linear","EasingDirection":"Out"},"Left Arm":{"Weight":1,"CFrame":[-0.3926754593849182,-0.18832695484161378,0.17741632461547852,0.47435301542282107,0.4082069396972656,0.7799719572067261,-0.5935505032539368,0.8026249408721924,-0.05908496305346489,-0.6501438021659851,-0.4349256157875061,0.6230189800262451],"EasingStyle":"Linear","EasingDirection":"Out"},"Right Leg":{"Weight":1,"CFrame":[0.013533875346183777,0.014712095260620118,0.07813596725463867,0.902804434299469,0.23046772181987763,-0.36308223009109499,-0.25523126125335696,0.9666509032249451,-0.021047737449407579,0.34612295031547549,0.11167191714048386,0.9315193295478821],"EasingStyle":"Linear","EasingDirection":"Out"},"Torso":{"Weight":1,"CFrame":[-8.101563864215678e-9,-5.279649533860252e-15,-0.11338186264038086,0.9606371521949768,-0.2713215947151184,0.059672802686691287,0.2680383324623108,0.9616839289665222,0.05761456489562988,-0.07301845401525498,-0.039352092891931537,0.996553897857666],"EasingStyle":"Linear","EasingDirection":"Out"},"HumanoidRootPart":{"Weight":0,"CFrame":[0,0,0,1,0,0,0,1,0,0,0,1],"EasingStyle":"Linear","EasingDirection":"In"},"Head":{"Weight":1,"CFrame":[1.7415732145309449e-7,1.4901161193847657e-8,2.384185791015625e-7,0.9606371521949768,0.27028557658195498,-0.06420248001813889,-0.2713215947151184,0.9624568223953247,-0.007840645499527455,0.05967291072010994,0.024951541796326639,0.9979060888290405],"EasingStyle":"Linear","EasingDirection":"Out"}}},{"Time":0.2370833307504654,"poses":{"Left Leg":{"Weight":1,"CFrame":[-0.4436415731906891,0.17779231071472169,0.07603573799133301,0.9968051910400391,-0.05015764385461807,0.06215813383460045,0.04481511190533638,0.9954108595848084,0.08455100655555725,-0.06611372530460358,-0.0814952626824379,0.9944785237312317],"EasingStyle":"Linear","EasingDirection":"Out"},"Right Arm":{"Weight":1,"CFrame":[0.5268154144287109,0.5790297985076904,0.04710114002227783,-0.7051729559898377,-0.3077436685562134,-0.6387683749198914,0.2543507218360901,-0.9507308006286621,0.177247554063797,-0.6618435382843018,-0.037481021136045459,0.7487044334411621],"EasingStyle":"Linear","EasingDirection":"Out"},"Left Arm":{"Weight":1,"CFrame":[-0.3916161358356476,-0.17945116758346559,0.19165635108947755,0.32576537132263186,0.3928876221179962,0.8599513173103333,-0.6368215084075928,0.7634705901145935,-0.10756861418485642,-0.6988099217414856,-0.5125933885574341,0.4989115297794342],"EasingStyle":"Linear","EasingDirection":"Out"},"Right Leg":{"Weight":1,"CFrame":[0.0007462352514266968,0.0025730133056640627,0.07263565063476563,0.8956042528152466,0.25121957063674929,-0.36712631583213808,-0.27763649821281435,0.9604768753051758,-0.02005261927843094,0.3475787341594696,0.1198868677020073,0.9299549460411072],"EasingStyle":"Linear","EasingDirection":"Out"},"Torso":{"Weight":1,"CFrame":[-8.514854599184219e-9,-5.54898271768107e-15,-0.11064481735229492,0.9590767621994019,-0.2764055132865906,0.061415016651153567,0.2716183066368103,0.9593871831893921,0.07615561038255692,-0.07997061312198639,-0.05635763332247734,0.9952027797698975],"EasingStyle":"Linear","EasingDirection":"Out"},"HumanoidRootPart":{"Weight":0,"CFrame":[0,0,0,1,0,0,0,1,0,0,0,1],"EasingStyle":"Linear","EasingDirection":"In"},"Head":{"Weight":1,"CFrame":[1.6763806343078614e-7,-1.30385160446167e-8,2.384185791015625e-7,0.9590767025947571,0.2744423449039459,-0.06966517865657807,-0.27640554308891299,0.9608305096626282,-0.02011829800903797,0.06141511723399162,0.03855084255337715,0.9973675608634949],"EasingStyle":"Linear","EasingDirection":"Out"}}},{"Time":0.2541666626930237,"poses":{"Left Leg":{"Weight":1,"CFrame":[-0.4515116214752197,0.17419791221618653,0.075339674949646,0.9954560995101929,-0.07586854696273804,0.057542137801647189,0.0702105239033699,0.9930287003517151,0.09468106925487519,-0.06432431191205979,-0.09021078795194626,0.9938432574272156],"EasingStyle":"Linear","EasingDirection":"Out"},"Right Arm":{"Weight":1,"CFrame":[0.4568188786506653,0.6515557765960693,0.08317720890045166,-0.7026147842407227,-0.2417074292898178,-0.6692606210708618,0.2551453709602356,-0.9635758399963379,0.08013992011547089,-0.6642539501190186,-0.11445126682519913,0.7386932969093323],"EasingStyle":"Linear","EasingDirection":"Out"},"Left Arm":{"Weight":1,"CFrame":[-0.39039403200149538,-0.16921252012252809,0.2045881748199463,0.18081922829151154,0.38252660632133486,0.9060782194137573,-0.674180269241333,0.7189728617668152,-0.1689937710762024,-0.7160903215408325,-0.580302894115448,0.3878961205482483],"EasingStyle":"Linear","EasingDirection":"Out"},"Right Leg":{"Weight":1,"CFrame":[-0.0110921710729599,-0.008563756942749024,0.06729614734649658,0.8886505365371704,0.27101603150367739,-0.369933158159256,-0.29879316687583926,0.9541336297988892,-0.01875254511833191,0.3478834629058838,0.1271979957818985,0.9288690686225891],"EasingStyle":"Linear","EasingDirection":"Out"},"Torso":{"Weight":1,"CFrame":[-8.902322434778398e-9,-5.801489168488208e-15,-0.1080784797668457,0.9578757882118225,-0.28024595975875857,0.06273902207612992,0.27388259768486025,0.9571619033813477,0.09396474063396454,-0.08638463914394379,-0.0728234276175499,0.9935967326164246],"EasingStyle":"Linear","EasingDirection":"Out"},"HumanoidRootPart":{"Weight":0,"CFrame":[0,0,0,1,0,0,0,1,0,0,0,1],"EasingStyle":"Linear","EasingDirection":"In"},"Head":{"Weight":1,"CFrame":[1.434236764907837e-7,1.30385160446167e-8,1.1920928955078126e-7,0.9578757882118225,0.27734628319740298,-0.07451876997947693,-0.28024598956108096,0.9594090580940247,-0.03156650438904762,0.06273912638425827,0.05112038552761078,0.9967198967933655],"EasingStyle":"Linear","EasingDirection":"Out"}}},{"Time":0.27125000953674319,"poses":{"Left Leg":{"Weight":1,"CFrame":[-0.4579978883266449,0.16980022192001344,0.07529234886169434,0.9934931397438049,-0.1003430038690567,0.05387631431221962,0.09437958896160126,0.9901219010353088,0.1036878153681755,-0.06374842673540116,-0.09792830049991608,0.9931496381759644],"EasingStyle":"Linear","EasingDirection":"Out"},"Right Arm":{"Weight":1,"CFrame":[0.3853805959224701,0.7155718803405762,0.12062954902648926,-0.7014179229736328,-0.18218620121479035,-0.6890726089477539,0.2573702037334442,-0.9662910103797913,-0.0065002599731087688,-0.6646604537963867,-0.18190613389015199,0.7246631383895874],"EasingStyle":"Linear","EasingDirection":"Out"},"Left Arm":{"Weight":1,"CFrame":[-0.38899773359298708,-0.15751370787620545,0.2158907651901245,0.046656347811222079,0.3756908178329468,0.9255698919296265,-0.7034066319465637,0.6702534556388855,-0.23659983277320863,-0.7092547416687012,-0.6400130987167358,0.2955349385738373],"EasingStyle":"Linear","EasingDirection":"Out"},"Right Leg":{"Weight":1,"CFrame":[-0.02154490351676941,-0.018703699111938478,0.06238853931427002,0.8819642663002014,0.2898024022579193,-0.37169015407562258,-0.3186377286911011,0.9477214217185974,-0.017151644453406335,0.3472881615161896,0.1335616260766983,0.9281983971595764],"EasingStyle":"Linear","EasingDirection":"Out"},"Torso":{"Weight":1,"CFrame":[-9.264802258712735e-9,-6.037710987367908e-15,-0.10567808151245117,0.956999659538269,-0.28302326798439028,0.06363596767187119,0.27507317066192629,0.9550217390060425,0.11076179146766663,-0.0921218991279602,-0.0884944424033165,0.9918075799942017],"EasingStyle":"Linear","EasingDirection":"Out"},"HumanoidRootPart":{"Weight":0,"CFrame":[0,0,0,1,0,0,0,1,0,0,0,1],"EasingStyle":"Linear","EasingDirection":"In"},"Head":{"Weight":1,"CFrame":[1.8440186977386475e-7,-1.6763806343078614e-8,-1.1920928955078126e-7,0.9569995999336243,0.2792285978794098,-0.07863306254148483,-0.28302323818206789,0.9581957459449768,-0.0419362410902977,0.06363608688116074,0.062387943267822269,0.9960211515426636],"EasingStyle":"Linear","EasingDirection":"Out"}}},{"Time":0.28833332657814028,"poses":{"Left Leg":{"Weight":1,"CFrame":[-0.46304959058761599,0.1647295355796814,0.07591509819030762,0.991081953048706,-0.12308908998966217,0.05104595795273781,0.11683252453804016,0.9868883490562439,0.11136221885681153,-0.06408394873142243,-0.10440526157617569,0.992467999458313],"EasingStyle":"Linear","EasingDirection":"Out"},"Right Arm":{"Weight":1,"CFrame":[0.317649781703949,0.7689921855926514,0.15703535079956056,-0.7013941407203674,-0.13010621070861817,-0.7007986307144165,0.26195284724235537,-0.9614460468292236,-0.08367893844842911,-0.6628928780555725,-0.24226811528205872,0.7084342241287231],"EasingStyle":"Linear","EasingDirection":"Out"},"Left Arm":{"Weight":1,"CFrame":[-0.3874153792858124,-0.14425760507583619,0.2252415418624878,-0.07236070185899735,0.3712063729763031,0.925726592540741,-0.724685549736023,0.6181437373161316,-0.30451497435569765,-0.6852698922157288,-0.6928955316543579,0.22427858412265778],"EasingStyle":"Linear","EasingDirection":"Out"},"Right Leg":{"Weight":1,"CFrame":[-0.03038918972015381,-0.027797460556030275,0.05807960033416748,0.8756019473075867,0.30741316080093386,-0.3725833594799042,-0.33699169754981997,0.9413843154907227,-0.015235972590744496,0.3460603952407837,0.13889816403388978,0.9278736710548401],"EasingStyle":"Linear","EasingDirection":"Out"},"Torso":{"Weight":1,"CFrame":[-9.603123629631228e-9,-6.258189004856992e-15,-0.10343742370605469,0.9564076066017151,-0.28491583466529848,0.06408928334712982,0.2754363715648651,0.9529903531074524,0.12627056241035462,-0.09705294668674469,-0.10311359912157059,0.989923357963562],"EasingStyle":"Linear","EasingDirection":"Out"},"HumanoidRootPart":{"Weight":0,"CFrame":[0,0,0,1,0,0,0,1,0,0,0,1],"EasingStyle":"Linear","EasingDirection":"In"},"Head":{"Weight":1,"CFrame":[1.2665987014770509e-7,-1.30385160446167e-8,2.384185791015625e-7,0.9564076066017151,0.2803204357624054,-0.08188382536172867,-0.28491583466529848,0.9571961164474487,-0.05097551271319389,0.06408940255641937,0.07208336144685745,0.9953374266624451],"EasingStyle":"Linear","EasingDirection":"Out"}}},{"Time":0.3050000071525574,"poses":{"Left Leg":{"Weight":1,"CFrame":[-0.4666839838027954,0.1591402292251587,0.07721138000488281,0.9884177446365356,-0.1436471939086914,0.04894715175032616,0.13712312281131745,0.9835613369941711,0.11749209463596344,-0.06501994282007218,-0.10941947251558304,0.9918668270111084],"EasingStyle":"Linear","EasingDirection":"Out"},"Right Arm":{"Weight":1,"CFrame":[0.25877565145492556,0.8097320795059204,0.1899714469909668,-0.7024421691894531,-0.08587022125720978,-0.7065419554710388,0.26982036232948305,-0.9507246613502502,-0.1527075320482254,-0.6586136817932129,-0.2979075312614441,0.6909984946250916],"EasingStyle":"Linear","EasingDirection":"Out"},"Left Arm":{"Weight":1,"CFrame":[-0.3856356143951416,-0.12934601306915284,0.23231923580169679,-0.17392368614673615,0.36832547187805178,0.9132835268974304,-0.7397676110267639,0.5632794499397278,-0.368049293756485,-0.6499956846237183,-0.7396300435066223,0.17450769245624543],"EasingStyle":"Linear","EasingDirection":"Out"},"Right Leg":{"Weight":1,"CFrame":[-0.037561893463134769,-0.035730957984924319,0.054448604583740237,0.869657576084137,0.3236004114151001,-0.3727981150150299,-0.3535912334918976,0.9353101253509522,-0.012973516248166561,0.3444836139678955,0.14310061931610108,0.9278217554092407],"EasingStyle":"Linear","EasingDirection":"Out"},"Torso":{"Weight":1,"CFrame":[-9.918123211605235e-9,-6.463468710173493e-15,-0.10135126113891602,0.9560546875,-0.28610122203826907,0.0640740841627121,0.2752212584018707,0.9511003494262695,0.140219047665596,-0.10105772316455841,-0.11642252653837204,0.9880450963973999],"EasingStyle":"Linear","EasingDirection":"Out"},"HumanoidRootPart":{"Weight":0,"CFrame":[0,0,0,1,0,0,0,1,0,0,0,1],"EasingStyle":"Linear","EasingDirection":"In"},"Head":{"Weight":1,"CFrame":[1.564621925354004e-7,7.450580596923828e-9,1.1920928955078126e-7,0.9560546875,0.2808520495891571,-0.08415208011865616,-0.28610125184059145,0.9564162492752075,-0.05843006819486618,0.06407421082258225,0.0799383595585823,0.9947383403778076],"EasingStyle":"Linear","EasingDirection":"Out"}}},{"Time":0.32208332419395449,"poses":{"Left Leg":{"Weight":1,"CFrame":[-0.4688989520072937,0.15320289134979249,0.0791616439819336,0.985722005367279,-0.1615472286939621,0.047482702881097797,0.15480494499206544,0.9804005026817322,0.1218615174293518,-0.06623853743076325,-0.11277102679014206,0.9914106726646423],"EasingStyle":"Linear","EasingDirection":"Out"},"Right Arm":{"Weight":1,"CFrame":[0.2139076292514801,0.8357048034667969,0.21701514720916749,-0.7045072913169861,-0.04963377118110657,-0.7079590559005737,0.28191184997558596,-0.9350444078445435,-