{"Sequence":[{"Time":0,"poses":{"Left Leg":{"Weight":1,"CFrame":[-0.5722237229347229,0.2189168930053711,0.2595916986465454,0.9963623881340027,-0.06546224653720856,0.05455905199050903,0.06818997859954834,0.9964321255683899,-0.049730196595191959,-0.051108941435813907,0.053269658237695697,0.9972713589668274],"EasingStyle":"Linear","EasingDirection":"Out"},"Right Arm":{"Weight":1,"CFrame":[-0.0194258913397789,-0.13895216584205628,0.01627528667449951,0.9602687954902649,-0.17994913458824159,0.2133122831583023,0.09833364933729172,0.933501124382019,0.34482768177986147,-0.2611786425113678,-0.31015145778656008,0.914107084274292],"EasingStyle":"Linear","EasingDirection":"Out"},"Left Arm":{"Weight":1,"CFrame":[-0.0018969979137182236,-0.14496248960494996,-0.017847061157226564,0.9934050440788269,0.11356981098651886,-0.01575636863708496,-0.1090606302022934,0.9783585667610169,0.1758415699005127,0.035385675728321078,-0.17296350002288819,0.9842923879623413],"EasingStyle":"Linear","EasingDirection":"Out"},"Right Leg":{"Weight":1,"CFrame":[0.4136382043361664,0.2971525192260742,0.03133070468902588,0.9927853345870972,0.09006280452013016,-0.07915768772363663,-0.08047061413526535,0.9898681640625,0.11698521673679352,0.0888916626572609,-0.10977131128311157,0.9899740219116211],"EasingStyle":"Linear","EasingDirection":"Out"},"Torso":{"Weight":1,"CFrame":[-0.04766600951552391,-5.28515187170342e-9,-0.2314009666442871,0.9997013807296753,0.019951120018959047,-0.014111584983766079,-0.02065410651266575,0.9984561800956726,-0.05156201124191284,0.013061079196631909,0.05183807760477066,0.9985700845718384],"EasingStyle":"Linear","EasingDirection":"Out"},"HumanoidRootPart":{"Weight":0,"CFrame":[0,0,0,1,0,0,0,1,0,0,0,1],"EasingStyle":"Linear","EasingDirection":"In"},"Head":{"Weight":1,"CFrame":[1.5099067240953446e-7,-5.704350769519806e-9,-2.980232238769531e-7,0.9997013807296753,-0.020654108375310899,0.013061015866696835,0.019951121881604196,0.9984561800956726,0.05183807387948036,-0.014111521653831005,-0.05156201869249344,0.9985700845718384],"EasingStyle":"Linear","EasingDirection":"Out"}}},{"Time":0.01666666753590107,"poses":{"Left Leg":{"Weight":1,"CFrame":[-0.5725710988044739,0.2314821481704712,0.257129430770874,0.99696284532547,-0.0590505376458168,0.05077540501952171,0.0612480603158474,0.9972015023231506,-0.04287014529109001,-0.048101816326379779,0.045849837362766269,0.9977895617485046],"EasingStyle":"Linear","EasingDirection":"Out"},"Right Arm":{"Weight":1,"CFrame":[-0.019407305866479875,-0.13966083526611329,0.017256855964660646,0.9646709561347961,-0.1726168692111969,0.19903096556663514,0.09210573136806488,0.9287533164024353,0.35907357931137087,-0.24683286249637605,-0.3280559182167053,0.9118403792381287],"EasingStyle":"Linear","EasingDirection":"Out"},"Left Arm":{"Weight":1,"CFrame":[-0.0019005117937922478,-0.14725136756896974,-0.01708883047103882,0.9925606846809387,0.1163114681839943,-0.035985324531793597,-0.10821838676929474,0.9782488942146301,0.1769685447216034,0.05578608065843582,-0.17175772786140443,0.9835584163665772],"EasingStyle":"Linear","EasingDirection":"Out"},"Right Leg":{"Weight":1,"CFrame":[0.411032110452652,0.2941858172416687,0.0332949161529541,0.9927673935890198,0.08662035316228867,-0.08312530815601349,-0.0772743746638298,0.9909532070159912,0.10972881317138672,0.09187806397676468,-0.10251172631978989,0.990479588508606],"EasingStyle":"Linear","EasingDirection":"Out"},"Torso":{"Weight":1,"CFrame":[-0.04509423300623894,-5.406944225683219e-9,-0.23342180252075196,0.999832808971405,0.016339007765054704,-0.008205809630453587,-0.016765769571065904,0.99834805727005,-0.054955217987298968,0.007294339593499899,0.055083613842725757,0.9984551072120667],"EasingStyle":"Linear","EasingDirection":"Out"},"HumanoidRootPart":{"Weight":0,"CFrame":[0,0,0,1,0,0,0,1,0,0,0,1],"EasingStyle":"Linear","EasingDirection":"In"},"Head":{"Weight":1,"CFrame":[1.4924444258213044e-7,-6.984919309616089e-10,3.5762786865234377e-7,0.999832808971405,-0.0167657732963562,0.007294277660548687,0.016339007765054704,0.99834805727005,0.05508360639214516,-0.008205744437873364,-0.05495522916316986,0.9984551072120667],"EasingStyle":"Linear","EasingDirection":"Out"}}},{"Time":0.03333333507180214,"poses":{"Left Leg":{"Weight":1,"CFrame":[-0.5906736254692078,0.24521416425704957,0.25457239151000979,0.9969139099121094,-0.06199835240840912,0.04815452918410301,0.06383059918880463,0.9972562789916992,-0.037491388618946078,-0.045698005706071857,0.040449418127536777,0.998136043548584],"EasingStyle":"Linear","EasingDirection":"Out"},"Right Arm":{"Weight":1,"CFrame":[-0.019356872886419297,-0.14081531763076783,0.01885402202606201,0.9674314856529236,-0.16818097233772279,0.189186230301857,0.08827174454927445,0.9246057868003845,0.37055668234825137,-0.23724326491355897,-0.3417884409427643,0.9093384146690369],"EasingStyle":"Linear","EasingDirection":"Out"},"Left Arm":{"Weight":1,"CFrame":[-0.0019101081416010857,-0.15078991651535035,-0.015956223011016847,0.9914419651031494,0.1186218410730362,-0.05451340973377228,-0.10724536329507828,0.9781659245491028,0.1780165582895279,0.07443980127573013,-0.1706467717885971,0.982516348361969],"EasingStyle":"Linear","EasingDirection":"Out"},"Right Leg":{"Weight":1,"CFrame":[0.4089091718196869,0.29246455430984499,0.034647345542907718,0.992828905582428,0.08286114782094956,-0.08616741746664047,-0.07368617504835129,0.9917705655097961,0.10469725728034973,0.0941336527466774,-0.09759709984064102,0.9907642006874085],"EasingStyle":"Linear","EasingDirection":"Out"},"Torso":{"Weight":1,"CFrame":[-0.04221595078706741,-5.243434131330105e-9,-0.23493194580078126,0.9998996257781982,0.013650876469910145,-0.0037904458586126568,-0.013848651200532914,0.9982043504714966,-0.058277614414691928,0.002988099120557308,0.05832425877451897,0.9982932209968567],"EasingStyle":"Linear","EasingDirection":"Out"},"HumanoidRootPart":{"Weight":0,"CFrame":[0,0,0,1,0,0,0,1,0,0,0,1],"EasingStyle":"Linear","EasingDirection":"In"},"Head":{"Weight":1,"CFrame":[1.544831320643425e-7,-1.1757947504520417e-8,-1.1920928955078126e-7,0.9998996257781982,-0.013848653063178063,0.0029880355577915909,0.013650878332555294,0.9982043504714966,0.058324262499809268,-0.0037903825286775829,-0.058277614414691928,0.9982932209968567],"EasingStyle":"Linear","EasingDirection":"Out"}}},{"Time":0.05000000074505806,"poses":{"Left Leg":{"Weight":1,"CFrame":[-0.6402178406715393,0.2866503596305847,0.252211332321167,0.9955307841300964,-0.08193881809711456,0.046951908618211749,0.08355815708637238,0.995935320854187,-0.03362904489040375,-0.04400555044412613,0.0374019630253315,0.9983308911323547],"EasingStyle":"Linear","EasingDirection":"Out"},"Right Arm":{"Weight":1,"CFrame":[-0.01925870031118393,-0.14239096641540528,0.02103555202484131,0.9689911007881165,-0.16598199307918549,0.1830471158027649,0.08621414005756378,0.9213464260101318,0.37906187772750857,-0.23156726360321046,-0.3515263497829437,0.9070864319801331],"EasingStyle":"Linear","EasingDirection":"Out"},"Left Arm":{"Weight":1,"CFrame":[-0.0019287904724478722,-0.1553504467010498,-0.014497756958007813,0.9901336431503296,0.12057556957006455,-0.0713927298784256,-0.10620380192995072,0.978100597858429,0.17899714410305024,0.09141197055578232,-0.1696489304304123,0.9812558889389038],"EasingStyle":"Linear","EasingDirection":"Out"},"Right Leg":{"Weight":1,"CFrame":[0.4073241353034973,0.29214203357696535,0.035350680351257327,0.992981493473053,0.07879140973091126,-0.08820268511772156,-0.06966833025217056,0.9923290610313416,0.10212448239326477,0.09557264298200607,-0.09526278078556061,0.9908536076545715],"EasingStyle":"Linear","EasingDirection":"Out"},"Torso":{"Weight":1,"CFrame":[-0.039008595049381259,-4.7819401771675988e-9,-0.23587751388549806,0.9999277591705322,0.011974386870861054,-0.001028501777909696,-0.012014981359243393,0.9980332851409912,-0.061524149030447009,0.00028976507019251585,0.06153206154704094,0.9981050491333008],"EasingStyle":"Linear","EasingDirection":"Out"},"HumanoidRootPart":{"Weight":0,"CFrame":[0,0,0,1,0,0,0,1,0,0,0,1],"EasingStyle":"Linear","EasingDirection":"In"},"Head":{"Weight":1,"CFrame":[1.493026502430439e-7,5.093170329928398e-9,0,0.9999277591705322,-0.012014983221888543,0.00028970150742679834,0.011974389664828778,0.9980332851409912,0.06153206154704094,-0.0010284380987286568,-0.061524152755737308,0.9981050491333008],"EasingStyle":"Linear","EasingDirection":"Out"}}},{"Time":0.06666667014360428,"poses":{"Left Leg":{"Weight":1,"CFrame":[-0.7097082138061523,0.33765220642089846,0.24926269054412843,0.9924938082695007,-0.11285737156867981,0.047108978033065799,0.11439705640077591,0.9929396510124207,-0.031370703130960467,-0.043235961347818378,0.03652435541152954,0.9983970522880554],"EasingStyle":"Linear","EasingDirection":"Out"},"Right Arm":{"Weight":1,"CFrame":[-0.019096825271844865,-0.14436611533164979,0.023769617080688478,0.9696978330612183,-0.165289506316185,0.179904043674469,0.08536825329065323,0.9192120432853699,0.3843975365161896,-0.22890686988830567,-0.3573914170265198,0.9054684042930603],"EasingStyle":"Linear","EasingDirection":"Out"},"Left Arm":{"Weight":1,"CFrame":[-0.001959524117410183,-0.16070470213890077,-0.012761473655700684,0.9887076616287231,0.12224669009447098,-0.08667723834514618,-0.10515476018190384,0.9780438542366028,0.17992399632930757,0.10676927119493485,-0.1687777042388916,0.9798542857170105],"EasingStyle":"Linear","EasingDirection":"Out"},"Right Leg":{"Weight":1,"CFrame":[0.4062919616699219,0.2933604121208191,0.035347700119018558,0.9932358264923096,0.07439228147268295,-0.0891539677977562,-0.0651683360338211,0.992621898651123,0.10224899649620056,0.0961027517914772,-0.09574735164642334,0.9907556176185608],"EasingStyle":"Linear","EasingDirection":"Out"},"Torso":{"Weight":1,"CFrame":[-0.035449568182229999,-4.009883980415907e-9,-0.2362046241760254,0.9999350309371948,0.011396024376153946,-0.00008341915236087516,-0.011377552524209023,0.9978408217430115,-0.06468591094017029,-0.0006539230234920979,0.06468265503644943,0.9979056715965271],"EasingStyle":"Linear","EasingDirection":"Out"},"HumanoidRootPart":{"Weight":0,"CFrame":[0,0,0,1,0,0,0,1,0,0,0,1],"EasingStyle":"Linear","EasingDirection":"In"},"Head":{"Weight":1,"CFrame":[1.5605473890900613e-7,7.275957614183426e-9,1.1920928955078126e-7,0.9999350309371948,-0.011377554386854172,-0.000653986819088459,0.01139602717012167,0.9978408217430115,0.06468266248703003,-0.00008335577149409801,-0.06468590348958969,0.9979056715965271],"EasingStyle":"Linear","EasingDirection":"Out"}}},{"Time":0.0833333358168602,"poses":{"Left Leg":{"Weight":1,"CFrame":[-0.788386881351471,0.3911912441253662,0.2450711727142334,0.9874145984649658,-0.15007692575454713,0.04989266395568848,0.15162335336208344,0.9880190491676331,-0.028786715120077134,-0.0449746809899807,0.03598930686712265,0.9983396530151367],"EasingStyle":"Linear","EasingDirection":"Out"},"Right Arm":{"Weight":1,"CFrame":[-0.018855314701795579,-0.1467183530330658,0.027024507522583009,0.9698475003242493,-0.16532088816165925,0.17906667292118073,0.0852125734090805,0.9183968901634216,0.3863754868507385,-0.22833020985126496,-0.3594665229320526,0.904792308807373],"EasingStyle":"Linear","EasingDirection":"Out"},"Left Arm":{"Weight":1,"CFrame":[-0.002005424350500107,-0.16662755608558656,-0.010796070098876953,0.9872241616249085,0.12370872497558594,-0.10042186826467514,-0.10415863990783692,0.9779865741729736,0.1808127462863922,0.12057935446500778,-0.16804289817810059,0.9783773422241211],"EasingStyle":"Linear","EasingDirection":"Out"},"Right Leg":{"Weight":1,"CFrame":[0.4061531126499176,0.29496657848358157,0.03478074073791504,0.9937614798545837,0.06897233426570893,-0.08764065057039261,-0.059767160564661029,0.9928179383277893,0.10363584756851196,0.09415922313928604,-0.09775125980377197,0.9907465577125549],"EasingStyle":"Linear","EasingDirection":"Out"},"Torso":{"Weight":1,"CFrame":[-0.031528834253549579,-2.9227216202798447e-9,-0.23570489883422852,0.999910831451416,0.013353484682738781,-0.00017716179718263447,-0.013334795832633973,0.9976124167442322,-0.0677613914012909,-0.0007281118305400014,0.06775771081447602,0.9977015256881714],"EasingStyle":"Linear","EasingDirection":"Out"},"HumanoidRootPart":{"Weight":0,"CFrame":[0,0,0,1,0,0,0,1,0,0,0,1],"EasingStyle":"Linear","EasingDirection":"In"},"Head":{"Weight":1,"CFrame":[1.5302794054150582e-7,3.183959051966667e-8,-1.7881393432617188e-7,0.999910831451416,-0.013334796763956547,-0.0007281754515133798,0.013353489339351654,0.9976124167442322,0.06775771826505661,-0.00017709839448798448,-0.0677613914012909,0.9977015256881714],"EasingStyle":"Linear","EasingDirection":"Out"}}},{"Time":0.10000000149011612,"poses":{"Left Leg":{"Weight":1,"CFrame":[-0.8270245790481567,0.4164639115333557,0.24175167083740235,0.9841133952140808,-0.16943013668060304,0.05304970592260361,0.17097994685173036,0.9849274158477783,-0.026150619611144067,-0.04781940579414368,0.03480561077594757,0.9982494115829468],"EasingStyle":"Linear","EasingDirection":"In"},"Right Arm":{"Weight":1,"CFrame":[-0.01868680864572525,-0.148070827126503,0.028896808624267579,0.969506025314331,-0.1655459702014923,0.18070045113563538,0.08513716608285904,0.9189428091049194,0.38509196043014529,-0.22980380058288575,-0.3579646348953247,0.9050146341323853],"EasingStyle":"Linear","EasingDirection":"In"},"Left Arm":{"Weight":1,"CFrame":[-0.002037455327808857,-0.16975903511047364,-0.00972282886505127,0.986497700214386,0.12437251210212708,-0.1065540611743927,-0.10371817648410797,0.9779528379440308,0.18124788999557496,0.12674710154533387,-0.1677490472793579,0.9776479005813599],"EasingStyle":"Linear","EasingDirection":"In"},"Right Leg":{"Weight":1,"CFrame":[0.4066149890422821,0.29536765813827517,0.034315407276153567,0.9942197203636169,0.06544913351535797,-0.08510937541723252,-0.056447360664606097,0.9929549694061279,0.1041831374168396,0.09132847934961319,-0.09877672791481018,0.9909098148345947],"EasingStyle":"Linear","EasingDirection":"In"},"Torso":{"Weight":1,"CFrame":[-0.02940765768289566,-2.2357422579943888e-9,-0.23498749732971192,0.9998693466186523,0.016162283718585969,-0.00030172980041243136,-0.016144368797540666,0.9974681735038757,-0.0692574605345726,-0.000818392843939364,0.06925328820943833,0.9975987672805786],"EasingStyle":"Linear","EasingDirection":"In"},"HumanoidRootPart":{"Weight":0,"CFrame":[0,0,0,1,0,0,0,1,0,0,0,1],"EasingStyle":"Linear","EasingDirection":"In"},"Head":{"Weight":1,"CFrame":[1.5218392945826054e-7,1.8044374883174897e-8,-2.384185791015625e-7,0.9998693466186523,-0.016144368797540666,-0.0008184564067050815,0.016162287443876268,0.9974681735038757,0.06925328820943833,-0.0003016663249582052,-0.0692574605345726,0.9975987672805786],"EasingStyle":"Linear","EasingDirection":"In"}}},{"Time":0.11666666716337204,"poses":{"Left Leg":{"Weight":1,"CFrame":[-0.8656622767448425,0.4417365789413452,0.2384321689605713,0.9804238677024841,-0.18872159719467164,0.05615391209721565,0.19026294350624085,0.981453001499176,-0.023452963680028917,-0.05068632960319519,0.033677853643894199,0.998146653175354],"EasingStyle":"Linear","EasingDirection":"Out"},"Right Arm":{"Weight":1,"CFrame":[-0.018518302589654924,-0.14942330121994019,0.03076910972595215,0.969162106513977,-0.1657683402299881,0.1823340654373169,0.08506383746862412,0.9194868206977844,0.3838074207305908,-0.23127688467502595,-0.3564615249633789,0.9052326679229736],"EasingStyle":"Linear","EasingDirection":"Out"},"Left Arm":{"Weight":1,"CFrame":[-0.002069486305117607,-0.17289051413536073,-0.008649587631225586,0.9857328534126282,0.12503445148468018,-0.1126817837357521,-0.10327500104904175,0.9779195189476013,0.18168029189109803,0.13291001319885255,-0.16745103895664216,0.9768802523612976],"EasingStyle":"Linear","EasingDirection":"Out"},"Right Leg":{"Weight":1,"CFrame":[0.4070768654346466,0.29576873779296877,0.03385007381439209,0.9946588277816773,0.06192249804735184,-0.08257942646741867,-0.05312850698828697,0.9930796027183533,0.10473880916833878,0.08849363029003144,-0.09979207068681717,0.9910653233528137],"EasingStyle":"Linear","EasingDirection":"Out"},"Torso":{"Weight":1,"CFrame":[-0.027286479249596597,-1.5487628957089328e-9,-0.2342700958251953,0.9998199343681336,0.018970763310790063,-0.00043050976819358766,-0.018953675404191018,0.9973137974739075,-0.07075301557779312,-0.0009128855890594423,0.07074843347072602,0.9974937438964844],"EasingStyle":"Linear","EasingDirection":"Out"},"HumanoidRootPart":{"Weight":0,"CFrame":[0,0,0,1,0,0,0,1,0,0,0,1],"EasingStyle":"Linear","EasingDirection":"In"},"Head":{"Weight":1,"CFrame":[1.5133991837501527e-7,4.249159246683121e-9,-2.980232238769531e-7,0.9998199343681336,-0.018953675404191018,-0.000912949035409838,0.01897076703608036,0.9973137974739075,0.07074844092130661,-0.00043044605990871787,-0.07075300812721253,0.9974937438964844],"EasingStyle":"Linear","EasingDirection":"Out"}}},{"Time":0.13333334028720857,"poses":{"Left Leg":{"Weight":1,"CFrame":[-0.9315277934074402,0.4839659333229065,0.22846436500549317,0.9725676774978638,-0.22328265011310578,0.0652456134557724,0.22468802332878114,0.9743157625198364,-0.014967740513384343,-0.06022779271006584,0.029217053204774858,0.9977569580078125],"EasingStyle":"Linear","EasingDirection":"Out"},"Right Arm":{"Weight":1,"CFrame":[-0.018069826066493989,-0.1524592936038971,0.03497135639190674,0.9672054052352905,-0.16697193682193757,0.191400408744812,0.08486301451921463,0.9226897358894348,0.3760875463485718,-0.2393992841243744,-0.3475111126899719,0.9066002368927002],"EasingStyle":"Linear","EasingDirection":"Out"},"Left Arm":{"Weight":1,"CFrame":[-0.002154676243662834,-0.17926672101020814,-0.006370425224304199,0.9842734336853027,0.12629593908786775,-0.1235119178891182,-0.10256293416023255,0.9778335094451904,0.18254448473453523,0.14382870495319367,-0.16700594127178193,0.9754087924957275],"EasingStyle":"Linear","EasingDirection":"Out"},"Right Leg":{"Weight":1,"CFrame":[0.4088762104511261,0.29583340883255007,0.03258407115936279,0.9958040714263916,0.053370799869298938,-0.07433556020259857,-0.04535500332713127,0.9933704137802124,0.10563228279352188,0.07948042452335358,-0.10181760042905808,0.9916229248046875],"EasingStyle":"Linear","EasingDirection":"Out"},"Torso":{"Weight":1,"CFrame":[-0.022775107994675638,7.565059689795817e-11,-0.23199987411499024,0.9996113777160645,0.027864180505275728,-0.0008525972370989621,-0.027851281687617303,0.9968950152397156,-0.07365239411592484,-0.0012023139279335738,0.07364752143621445,0.9972836375236511],"EasingStyle":"Linear","EasingDirection":"Out"},"HumanoidRootPart":{"Weight":0,"CFrame":[0,0,0,1,0,0,0,1,0,0,0,1],"EasingStyle":"Linear","EasingDirection":"In"},"Head":{"Weight":1,"CFrame":[1.5133991837501527e-7,1.7345882952213289e-8,-1.7881393432617188e-7,0.9996113777160645,-0.027851281687617303,-0.0012023774906992913,0.027864182367920877,0.9968950152397156,0.07364752888679505,-0.0008525335579179227,-0.07365239411592484,0.9972836375236511],"EasingStyle":"Linear","EasingDirection":"Out"}}},{"Time":0.15000000596046449,"poses":{"Left Leg":{"Weight":1,"CFrame":[-0.9756379127502441,0.5139108896255493,0.214644193649292,0.9657025337219238,-0.24807576835155488,0.07666189223527909,0.24906378984451295,0.9684808850288391,-0.003455663099884987,-0.07338830083608628,0.022430844604969026,0.9970511794090271],"EasingStyle":"Linear","EasingDirection":"Out"},"Right Arm":{"Weight":1,"CFrame":[-0.017493929713964464,-0.15580326318740846,0.03960013389587402,0.963965117931366,-0.16903041303157807,0.20542623102664948,0.08509960025548935,0.9275492429733276,0.363882452249527,-0.25205010175704958,-0.3332882821559906,0.9085095524787903],"EasingStyle":"Linear","EasingDirection":"Out"},"Left Arm":{"Weight":1,"CFrame":[-0.002264101058244705,-0.18552938103675843,-0.00400698184967041,0.9828770160675049,0.12756450474262238,-0.1329665184020996,-0.1020810529589653,0.9777194261550903,0.1834235042333603,0.15340226888656617,-0.16670940816402436,0.9739998579025269],"EasingStyle":"Linear","EasingDirection":"Out"},"Right Leg":{"Weight":1,"CFrame":[0.41145360469818118,0.2952163815498352,0.031020760536193849,0.9970483183860779,0.0434933602809906,-0.0632692202925682,-0.03659399226307869,0.9936507940292358,0.10639049857854843,0.06749481707811356,-0.10376119613647461,0.9923094511032105],"EasingStyle":"Linear","EasingDirection":"Out"},"Torso":{"Weight":1,"CFrame":[-0.01804734580218792,1.9141879192829949e-9,-0.22899150848388673,0.9992125630378723,0.03964978829026222,-0.001449350151233375,-0.039644505828619,0.9962850213050842,-0.07644937187433243,-0.0015872354852035642,0.07644663751125336,0.9970723986625671],"EasingStyle":"Linear","EasingDirection":"Out"},"HumanoidRootPart":{"Weight":0,"CFrame":[0,0,0,1,0,0,0,1,0,0,0,1],"EasingStyle":"Linear","EasingDirection":"In"},"Head":{"Weight":1,"CFrame":[1.5203841030597688e-7,3.055902197957039e-8,2.384185791015625e-7,0.9992125630378723,-0.0396445095539093,-0.0015872993972152472,0.03964979574084282,0.9962850213050842,0.07644664496183396,-0.0014492870541289449,-0.07644937932491303,0.9970723986625671],"EasingStyle":"Linear","EasingDirection":"Out"}}},{"Time":0.1666666716337204,"poses":{"Left Leg":{"Weight":1,"CFrame":[-0.988088846206665,0.5277738571166992,0.19737136363983155,0.9620112180709839,-0.25767603516578677,0.0902082771062851,0.25784024596214297,0.9661355018615723,0.01002958882600069,-0.08973781019449234,0.013610749505460263,0.995872437953949],"EasingStyle":"Linear","EasingDirection":"Out"},"Right Arm":{"Weight":1,"CFrame":[-0.01677476242184639,-0.15943259000778199,0.044623494148254397,0.9593924880027771,-0.17199555039405824,0.2235700488090515,0.08630108088254929,0.9335640668869019,0.3478652536869049,-0.26854822039604189,-0.31444498896598818,0.910497784614563],"EasingStyle":"Linear","EasingDirection":"Out"},"Left Arm":{"Weight":1,"CFrame":[-0.002400781959295273,-0.1914520561695099,-0.0016074776649475098,0.9815666079521179,0.1289108842611313,-0.1410992294549942,-0.10188758373260498,0.9775679707527161,0.18433606624603272,0.16169700026512147,-0.16656188666820527,0.9726824760437012],"EasingStyle":"Linear","EasingDirection":"Out"},"Right Leg":{"Weight":1,"CFrame":[0.4146782159805298,0.29397541284561159,0.029192686080932618,0.9982345700263977,0.03245623782277107,-0.04974270612001419,-0.026978518813848497,0.993883490562439,0.10708744078874588,0.05291410908102989,-0.10555639863014221,0.9930045008659363],"EasingStyle":"Linear","EasingDirection":"Out"},"Torso":{"Weight":1,"CFrame":[-0.013155798427760601,3.930415104491658e-9,-0.2253437042236328,0.9985416531562805,0.05394144728779793,-0.002223462797701359,-0.053948115557432178,0.9954032897949219,-0.0791323333978653,-0.002055269666016102,0.07913688570261002,0.9968616366386414],"EasingStyle":"Linear","EasingDirection":"Out"},"HumanoidRootPart":{"Weight":0,"CFrame":[0,0,0,1,0,0,0,1,0,0,0,1],"EasingStyle":"Linear","EasingDirection":"In"},"Head":{"Weight":1,"CFrame":[1.51805579662323e-7,3.958120942115784e-9,-5.960464477539063e-8,0.9985416531562805,-0.053948115557432178,-0.0020553339272737505,0.05394144356250763,0.9954032897949219,0.07913688570261002,-0.002223400166258216,-0.07913234829902649,0.9968616366386414],"EasingStyle":"Linear","EasingDirection":"Out"}}},{"Time":0.18333333730697633,"poses":{"Left Leg":{"Weight":1,"CFrame":[-0.9531065821647644,0.5244368314743042,0.17781102657318116,0.9639707803726196,-0.24392372369766236,0.1061200499534607,0.24284391105175019,0.9697883725166321,0.023181863129138948,-0.10856860131025315,0.0034239639062434437,0.994083046913147],"EasingStyle":"Linear","EasingDirection":"Out"},"Right Arm":{"Weight":1,"CFrame":[-0.01589636132121086,-0.16332384943962098,0.050009965896606448,0.9534335732460022,-0.17591111361980439,0.2449890375137329,0.08899998664855957,0.9402158856391907,0.32874470949172976,-0.2881724536418915,-0.2916322350502014,0.9120895266532898],"EasingStyle":"Linear","EasingDirection":"Out"},"Left Arm":{"Weight":1,"CFrame":[-0.0025677382946014406,-0.19680657982826234,0.0007796287536621094,0.9803579449653626,0.13040491938591004,-0.14796248078346253,-0.10204062610864639,0.9773696660995483,0.1853003054857254,0.16877812147140504,-0.16656243801116944,0.9714787006378174],"EasingStyle":"Linear","EasingDirection":"Out"},"Right Leg":{"Weight":1,"CFrame":[0.41845518350601199,0.29216885566711428,0.027138352394104005,0.9992084503173828,0.020449940115213395,-0.034121498465538028,-0.016663113608956338,0.9940338134765625,0.10779198259115219,0.03612225875258446,-0.10713806003332138,0.9935877323150635],"EasingStyle":"Linear","EasingDirection":"Out"},"Torso":{"Weight":1,"CFrame":[-0.008153083734214306,6.087981230251671e-9,-0.22115516662597657,0.9975173473358154,0.07034937292337418,-0.003174389712512493,-0.0703732818365097,0.9941703081130981,-0.08168864995241165,-0.002590862335637212,0.08170924335718155,0.9966528415679932],"EasingStyle":"Linear","EasingDirection":"Out"},"HumanoidRootPart":{"Weight":0,"CFrame":[0,0,0,1,0,0,0,1,0,0,0,1],"EasingStyle":"Linear","EasingDirection":"In"},"Head":{"Weight":1,"CFrame":[1.51805579662323e-7,-1.1932570487260819e-8,1.1920928955078126e-7,0.9975173473358154,-0.07037327438592911,-0.0025909242685884239,0.07034938037395477,0.9941703081130981,0.08170922100543976,-0.003174325916916132,-0.08168865740299225,0.9966528415679932],"EasingStyle":"Linear","EasingDirection":"Out"}}},{"Time":0.20000000298023225,"poses":{"Left Leg":{"Weight":1,"CFrame":[-0.8748329877853394,0.5049574375152588,0.15803170204162599,0.9699499607086182,-0.20898571610450746,0.12458764016628266,0.20636270940303803,0.9778934717178345,0.033745862543582919,-0.12888585031032563,-0.007021559868007898,0.9916346073150635],"EasingStyle":"Linear","EasingDirection":"Out"},"Right Arm":{"Weight":1,"CFrame":[-0.01484283059835434,-0.1674545705318451,0.05572807788848877,0.946054995059967,-0.18084394931793214,0.26884081959724429,0.09370329231023789,0.9469941854476929,0.30728116631507876,-0.31016063690185549,-0.2655135989189148,0.9128542542457581],"EasingStyle":"Linear","EasingDirection":"Out"},"Left Arm":{"Weight":1,"CFrame":[-0.0027679428458213808,-0.20136666297912599,0.003106236457824707,0.9792599678039551,0.13211585581302644,-0.15360766649246217,-0.1025979071855545,0.9771147966384888,0.18633395433425904,0.1747099757194519,-0.1667095124721527,0.9704042077064514],"EasingStyle":"Linear","EasingDirection":"Out"},"Right Leg":{"Weight":1,"CFrame":[0.4226207435131073,0.2898605465888977,0.02488863468170166,0.9998300075531006,0.007638898212462664,-0.016779327765107156,-0.005772865377366543,0.9940720200538635,0.10856998711824417,0.01750921458005905,-0.1084546446800232,0.9939472079277039],"EasingStyle":"Linear","EasingDirection":"Out"},"Torso":{"Weight":1,"CFrame":[-0.0030918149277567865,8.35049718261871e-9,-0.2165241241455078,0.9960687160491943,0.08847958594560623,-0.004298381973057985,-0.08852700889110565,0.9925166368484497,-0.0841052308678627,-0.0031753794755786659,0.0841551199555397,0.9964476227760315],"EasingStyle":"Linear","EasingDirection":"Out"},"HumanoidRootPart":{"Weight":0,"CFrame":[0,0,0,1,0,0,0,1,0,0,0,1],"EasingStyle":"Linear","EasingDirection":"In"},"Head":{"Weight":1,"CFrame":[1.5273690223693848e-7,1.1757947504520417e-8,1.1920928955078126e-7,0.9960687160491943,-0.08852700144052506,-0.0031754435040056707,0.08847960084676743,0.9925166368484497,0.08415510505437851,-0.004298320971429348,-0.0841052383184433,0.9964476227760315],"EasingStyle":"Linear","EasingDirection":"Out"}}},{"Time":0.21666666865348817,"poses":{"Left Leg":{"Weight":1,"CFrame":[-0.7689763307571411,0.46928709745407107,0.13975071907043458,0.9762383699417114,-0.16080071032047273,0.14526444673538209,0.15652106702327729,0.9868438839912415,0.04050028696656227,-0.1498657763004303,-0.01680098846554756,0.988563597202301],"EasingStyle":"Linear","EasingDirection":"Out"},"Right Arm":{"Weight":1,"CFrame":[-0.013598181307315827,-0.1718025803565979,0.06174600124359131,0.9372616410255432,-0.18690882623195649,0.2942884564399719,0.10086605697870255,0.9534167647361755,0.28429290652275088,-0.33371639251708987,-0.23677314817905427,0.9124537706375122],"EasingStyle":"Linear","EasingDirection":"Out"},"Left Arm":{"Weight":1,"CFrame":[-0.0030044913291931154,-0.2049049735069275,0.005323886871337891,0.9782755374908447,0.13411223888397218,-0.15808531641960145,-0.10361716151237488,0.9767929315567017,0.18745411932468415,0.1795564442873001,-0.167001411318779,0.969468891620636],"EasingStyle":"Linear","EasingDirection":"Out"},"Right Leg":{"Weight":1,"CFrame":[0.42701804637908938,0.28711599111557009,0.022483468055725099,0.9999813437461853,-0.005801409482955933,0.0019031104166060687,0.005558190867304802,0.9939737915992737,0.10947723686695099,-0.002526779193431139,-0.1094646155834198,0.993987500667572],"EasingStyle":"Linear","EasingDirection":"Out"},"Torso":{"Weight":1,"CFrame":[0.001975393621250987,1.068163868467309e-8,-0.2115483283996582,0.9941423535346985,0.1079338788986206,-0.005588564556092024,-0.10801209509372711,0.9903907775878906,-0.08636870980262757,-0.0037872481625527145,0.08646642416715622,0.9962475895881653],"EasingStyle":"Linear","EasingDirection":"Out"},"HumanoidRootPart":{"Weight":0,"CFrame":[0,0,0,1,0,0,0,1,0,0,0,1],"EasingStyle":"Linear","EasingDirection":"In"},"Head":{"Weight":1,"CFrame":[1.5157274901866914e-7,1.1874362826347351e-8,1.1920928955078126e-7,0.9941423535346985,-0.10801208019256592,-0.0037873100955039264,0.1079338937997818,0.9903907775878906,0.08646642416715622,-0.005588500760495663,-0.08636870235204697,0.9962475895881653],"EasingStyle":"Linear","EasingDirection":"Out"}}},{"Time":0.23333333432674409,"poses":{"Left Leg":{"Weight":1,"CFrame":[-0.6508339643478394,0.41964608430862429,0.12395977973937988,0.9800623059272766,-0.10703863948583603,0.1673935204744339,0.10118421167135239,0.9939317107200623,0.04314526543021202,-0.17099595069885255,-0.025347478687763215,0.9849456548690796],"EasingStyle":"Linear","EasingDirection":"Out"},"Right Arm":{"Weight":1,"CFrame":[-0.01214655488729477,-0.17634445428848267,0.06803238391876221,0.9271065592765808,-0.19428697228431703,0.3205089569091797,0.11087068170309067,0.9590456485748291,0.26065146923065188,-0.3580239713191986,-0.2061166614294052,0.9106782078742981],"EasingStyle":"Linear","EasingDirection":"Out"},"Left Arm":{"Weight":1,"CFrame":[-0.003280326724052429,-0.20719462633132935,0.007384181022644043,0.9774015545845032,0.13646180927753449,-0.16144458949565888,-0.10515587776899338,0.9763930439949036,0.188676655292511,0.18338054418563844,-0.16743601858615876,0.968677818775177],"EasingStyle":"Linear","EasingDirection":"Out"},"Right Leg":{"Weight":1,"CFrame":[0.4315999150276184,0.28400856256484988,0.019969940185546876,0.9995750784873962,-0.019635716453194619,0.021541859954595567,0.017138080671429635,0.9937219023704529,0.11055807769298554,-0.0235774964094162,-0.11014192551374436,0.9936361908912659],"EasingStyle":"Linear","EasingDirection":"Out"},"Torso":{"Weight":1,"CFrame":[0.006995928008109331,1.3044956226337945e-8,-0.20632696151733399,0.9917089939117432,0.12831130623817445,-0.007035125978291035,-0.1284286081790924,0.9877650737762451,-0.08846639841794968,-0.0044021885842084888,0.08863643556833267,0.9960542917251587],"EasingStyle":"Linear","EasingDirection":"Out"},"HumanoidRootPart":{"Weight":0,"CFrame":[0,0,0,1,0,0,0,1,0,0,0,1],"EasingStyle":"Linear","EasingDirection":"In"},"Head":{"Weight":1,"CFrame":[1.5030309441499413e-7,-1.1007159628206864e-8,-2.384185791015625e-7,0.9917089939117432,-0.1284286081790924,-0.004402251914143562,0.12831133604049684,0.9877650737762451,0.08863643556833267,-0.007035064045339823,-0.08846639841794968,0.9960542917251587],"EasingStyle":"Linear","EasingDirection":"Out"}}},{"Time":0.25,"poses":{"Left Leg":{"Weight":1,"CFrame":[-0.5347272753715515,0.3617544174194336,0.11110365390777588,0.9802365899085999,-0.05487433448433876,0.19006575644016267,0.04767482727766037,0.9979689717292786,0.042250003665685657,-0.1919981688261032,-0.03235365450382233,0.9808618426322937],"EasingStyle":"Linear","EasingDirection":"Out"},"Right Arm":{"Weight":1,"CFrame":[-0.010472029447555542,-0.1810574233531952,0.07455575466156006,0.9156926274299622,-0.20323705673217774,0.34670111536979678,0.12401293218135834,0.9634965062141419,0.23726622760295869,-0.3822666108608246,-0.17426754534244538,0.907470703125],"EasingStyle":"Linear","EasingDirection":"Out"},"Left Arm":{"Weight":1,"CFrame":[-0.003598526120185852,-0.20800817012786866,0.009238958358764649,0.9766297936439514,0.13923151791095735,-0.16373398900032044,-0.10727129131555557,0.9759029746055603,0.19001629948616029,0.18624477088451386,-0.1680116355419159,0.9680315256118774],"EasingStyle":"Linear","EasingDirection":"Out"},"Right Leg":{"Weight":1,"CFrame":[0.4362263083457947,0.28061991930007937,0.01739025115966797,0.9985608458518982,-0.03366919606924057,0.04174507409334183,0.028816215693950654,0.9933074116706848,0.11184843629598618,-0.04523153975605965,-0.11048450320959091,0.9928480386734009],"EasingStyle":"Linear","EasingDirection":"Out"},"Torso":{"Weight":1,"CFrame":[0.011917176656425,1.540413308021016e-8,-0.200958251953125,0.9887679219245911,0.14920982718467713,-0.008625556714832783,-0.14937549829483033,0.9846406579017639,-0.09038650989532471,-0.0049934787675738338,0.0906597152352333,0.9958693981170654],"EasingStyle":"Linear","EasingDirection":"Out"},"HumanoidRootPart":{"Weight":0,"CFrame":[0,0,0,1,0,0,0,1,0,0,0,1],"EasingStyle":"Linear","EasingDirection":"In"},"Head":{"Weight":1,"CFrame":[1.541338860988617e-7,1.3795215636491776e-8,-1.7881393432617188e-7,0.9887679219245911,-0.14937549829483033,-0.004993544891476631,0.14920984208583833,0.9846406579017639,0.0906597226858139,-0.008625496178865433,-0.09038650989532471,0.9958693981170654],"EasingStyle":"Linear","EasingDirection":"Out"}}},{"Time":0.2666666805744171,"poses":{"Left Leg":{"Weight":1,"CFrame":[-0.43391939997673037,0.3046160936355591,0.10148465633392334,0.9771079421043396,-0.010999930091202259,0.21245954930782319,0.0027582477778196337,0.9992334842681885,0.03904927894473076,-0.21272625029087068,-0.03756934031844139,0.9763892889022827],"EasingStyle":"Linear","EasingDirection":"Out"},"Right Arm":{"Weight":1,"CFrame":[-0.008558690547943116,-0.18591803312301637,0.0812842845916748,0.9031657576560974,-0.2141001969575882,0.3720923662185669,0.1404968947172165,0.9664412140846252,0.21506284177303315,-0.40565040707588198,-0.14195960760116578,0.9029369950294495],"EasingStyle":"Linear","EasingDirection":"Out"},"Left Arm":{"Weight":1,"CFrame":[-0.006054922938346863,-0.20405703783035279,0.010851502418518067,0.97590571641922,0.14302578568458558,-0.1647777408361435,-0.11004097759723664,0.9747416973114014,0.19434401392936707,0.1884119063615799,-0.171529158949852,0.9669946432113648],"EasingStyle":"Linear","EasingDirection":"Out"},"Right Leg":{"Weight":1,"CFrame":[0.4408031105995178,0.27703994512557986,0.014792561531066895,0.9969290494918823,-0.04768184572458267,0.062119774520397189,0.04041679948568344,0.992730438709259,0.11337024718523026,-0.06707387417554856,-0.1105113998055458,0.9916089773178101],"EasingStyle":"Linear","EasingDirection":"Out"},"Torso":{"Weight":1,"CFrame":[0.01668652519583702,1.7722781464613037e-8,-0.1955399513244629,0.9853502511978149,0.1702287644147873,-0.010344980284571648,-0.17045307159423829,0.981050431728363,-0.09211856126785279,-0.005532285664230585,0.09253238141536713,0.9956942796707153],"EasingStyle":"Linear","EasingDirection":"Out"},"HumanoidRootPart":{"Weight":0,"CFrame":[0,0,0,1,0,0,0,1,0,0,0,1],"EasingStyle":"Linear","EasingDirection":"In"},"Head":{"Weight":1,"CFrame":[1.4388933777809144e-7,7.799826562404633e-9,-2.384185791015625e-7,0.9853502511978149,-0.1704530566930771,-0.005532344337552786,0.1702287644147873,0.981050431728363,0.09253237396478653,-0.010344913229346276,-0.09211856871843338,0.9956942796707153],"EasingStyle":"Linear","EasingDirection":"Out"}}},{"Time":0.28333333134651186,"poses":{"Left Leg":{"Weight":1,"CFrame":[-0.36096256971359255,0.25949275493621828,0.09567809104919434,0.9720759391784668,0.018175747245550157,0.23396164178848267,-0.027158496901392938,0.9990101456642151,0.03522946685552597,-0.23308975994586945,-0.0405997671186924,0.9716073274612427],"EasingStyle":"Linear","EasingDirection":"Out"},"Right Arm":{"Weight":1,"CFrame":[-0.0063905417919158939,-0.1909046769142151,0.08818638324737549,0.8897004723548889,-0.22729764878749848,0.39594048261642458,0.1604379415512085,0.9676007032394409,0.1949576884508133,-0.42742568254470827,-0.10993006825447083,0.8973419666290283],"EasingStyle":"Linear","EasingDirection":"Out"},"Left Arm":{"Weight":1,"CFrame":[-0.012422129511833191,-0.19346827268600465,0.012231588363647461,0.9750086665153503,0.14932633936405183,-0.16449829936027528,-0.11455272883176804,0.9723160266876221,0.20366455614566804,0.19035685062408448,-0.17973098158836366,0.9651222825050354],"EasingStyle":"Linear","EasingDirection":"Out"},"Right Leg":{"Weight":1,"CFrame":[0.44524693489074709,0.2733725905418396,0.012223362922668457,0.9947136044502258,-0.06144803762435913,0.08227358013391495,0.051757633686065677,0.9920006990432739,0.11513382196426392,-0.08869019895792008,-0.11026688665151596,0.9899370074272156],"EasingStyle":"Linear","EasingDirection":"Out"},"Torso":{"Weight":1,"CFrame":[0.021251356229186059,1.9964478070733095e-8,-0.1901707649230957,0.9815200567245483,0.19097162783145905,-0.01217658817768097,-0.19126571714878083,0.9770600199699402,-0.09365419298410416,-0.005988034885376692,0.09425243735313416,0.9955303072929382],"EasingStyle":"Linear","EasingDirection":"Out"},"HumanoidRootPart":{"Weight":0,"CFrame":[0,0,0,1,0,0,0,1,0,0,0,1],"EasingStyle":"Linear","EasingDirection":"In"},"Head":{"Weight":1,"CFrame":[1.5087425708770753e-7,3.748573362827301e-8,0,0.9815200567245483,-0.19125454127788545,-0.006335081532597542,0.19097162783145905,0.9768874645233154,0.09602484107017517,-0.012176526710391045,-0.09546011686325073,0.9953587651252747],"EasingStyle":"Linear","EasingDirection":"Out"}}},{"Time":0.30000001192092898,"poses":{"Left Leg":{"Weight":1,"CFrame":[-0.3276810646057129,0.24790692329406739,0.0941462516784668,0.9668111205101013,0.026085367426276208,0.254157155752182,-0.0356527715921402,0.9988155961036682,0.03310950845479965,-0.2529924511909485,-0.04107203707098961,0.9665960073471069],"EasingStyle":"Linear","EasingDirection":"Out"},"Right Arm":{"Weight":1,"CFrame":[-0.003951698541641235,-0.19599339365959168,0.0952308177947998,0.8754796981811523,-0.24332329630851746,0.41752737760543826,0.18387430906295777,0.9667295813560486,0.1778317540884018,-0.4469066560268402,-0.07891552150249481,0.8910930156707764],"EasingStyle":"Linear","EasingDirection":"Out"},"Left Arm":{"Weight":1,"CFrame":[-0.02221834659576416,-0.1781374216079712,0.013401269912719727,0.9736392498016357,0.1594974845647812,-0.16305573284626008,-0.12237419933080673,0.9685414433479309,0.21668411791324616,0.19248676300048829,-0.19101832807064057,0.9625283479690552],"EasingStyle":"Linear","EasingDirection":"Out"},"Right Leg":{"Weight":1,"CFrame":[0.4494888484477997,0.26973217725753786,0.00972890853881836,0.9919916987419128,-0.07473643124103546,0.10181792080402374,0.06264923512935639,0.9911378026008606,0.11713624000549317,-0.10966988652944565,-0.10981935262680054,0.987882673740387],"EasingStyle":"Linear","EasingDirection":"Out"},"Torso":{"Weight":1,"CFrame":[0.02555905468761921,2.2092903506631957e-8,-0.18494939804077149,0.9773738980293274,0.21104837954044343,-0.014102097600698471,-0.211424320936203,0.9727678298950195,-0.09498699754476547,-0.006328785791993141,0.09581933915615082,0.9953786134719849],"EasingStyle":"Linear","EasingDirection":"Out"},"HumanoidRootPart":{"Weight":0,"CFrame":[0,0,0,1,0,0,0,1,0,0,0,1],"EasingStyle":"Linear","EasingDirection":"In"},"Head":{"Weight":1,"CFrame":[1.434236764907837e-7,2.7706846594810487e-8,3.5762786865234377e-7,0.9773738980293274,-0.2113756686449051,-0.007786338683217764,0.2110484093427658,0.972084105014801,0.10252369195222855,-0.014102036133408547,-0.10184727609157562,0.9947000741958618],"EasingStyle":"Linear","EasingDirection":"Out"}}},{"Time":0.3166666626930237,"poses":{"Left Leg":{"Weight":1,"CFrame":[-0.3185880780220032,0.24150153994560243,0.09582352638244629,0.9616498947143555,0.021748576313257219,0.27341631054878237,-0.031505879014730456,0.9990119338035584,0.0313461087