{"Sequence":[{"Time":0,"poses":{"Left Leg":{"Weight":1,"CFrame":[-0.5959344506263733,0.10389143228530884,0.0009081363677978516,0.9560626149177551,-0.2929941713809967,0.009935621172189713,0.2929101288318634,0.9560967683792114,0.009095053188502789,-0.012164240702986718,-0.005785198416560888,0.9999092817306519],"EasingStyle":"Linear","EasingDirection":"In"},"Right Arm":{"Weight":1,"CFrame":[-0.00936487689614296,-0.44070303440093996,0.08678114414215088,-0.21687011420726777,-0.5747869610786438,0.789042055606842,0.8114170432090759,0.3432440459728241,0.47306010127067568,-0.5427428483963013,0.742834746837616,0.3919525146484375],"EasingStyle":"Linear","EasingDirection":"In"},"Left Arm":{"Weight":1,"CFrame":[0.026205943897366525,-0.012590646743774414,0.016848444938659669,0.49529871344566347,0.703825831413269,-0.5092236399650574,-0.8492662310600281,0.5156600475311279,-0.11332089453935623,0.1828281283378601,0.4885939061641693,0.8531410098075867],"EasingStyle":"Linear","EasingDirection":"In"},"Head":{"Weight":1,"CFrame":[8.887914049182655e-8,-1.7030709065224415e-9,0.016661882400512697,0.9126573204994202,0.405124694108963,0.054136522114276889,-0.405572772026062,0.9140580892562866,-0.0029313266277313234,-0.05067153647542,-0.019280962646007539,0.9985292553901672],"EasingStyle":"Linear","EasingDirection":"In"},"Torso":{"Weight":1,"CFrame":[-0.00012127301306463778,-0.00773509219288826,-0.1520376205444336,1,-5.685961355084146e-7,-0.00015684850222896785,-9.996983862947673e-7,0.999950110912323,-0.009998604655265808,0.00015684633399359882,0.009998605586588383,0.9999499917030335],"EasingStyle":"Linear","EasingDirection":"In"},"HumanoidRootPart":{"Weight":1,"CFrame":[0,0,0,1,0,0,0,1,0,0,0,1],"EasingStyle":"Linear","EasingDirection":"In"},"Right Leg":{"Weight":1,"CFrame":[0.5234072208404541,0.13564801216125489,0.027405977249145509,0.9548900127410889,0.28625190258026125,-0.07902546972036362,-0.2775915861129761,0.9549563527107239,0.10488730669021607,0.10549013316631317,-0.07821901142597199,0.991339385509491],"EasingStyle":"Linear","EasingDirection":"In"}}},{"Time":0.03448275849223137,"poses":{"Left Leg":{"Weight":1,"CFrame":[-0.5959344506263733,0.10389143228530884,0.0009081363677978516,0.9560626149177551,-0.2929941713809967,0.009935621172189713,0.2929101288318634,0.9560967683792114,0.009095053188502789,-0.012164240702986718,-0.005785198416560888,0.9999092817306519],"EasingStyle":"Linear","EasingDirection":"In"},"Right Arm":{"Weight":1,"CFrame":[-0.00936487689614296,-0.44070303440093996,0.08678114414215088,-0.21687011420726777,-0.5747869610786438,0.789042055606842,0.8114170432090759,0.3432440459728241,0.47306010127067568,-0.5427428483963013,0.742834746837616,0.3919525146484375],"EasingStyle":"Linear","EasingDirection":"In"},"Left Arm":{"Weight":1,"CFrame":[0.026205943897366525,-0.012590646743774414,0.016848444938659669,0.49529871344566347,0.703825831413269,-0.5092236399650574,-0.8492662310600281,0.5156600475311279,-0.11332089453935623,0.1828281283378601,0.4885939061641693,0.8531410098075867],"EasingStyle":"Linear","EasingDirection":"In"},"Head":{"Weight":1,"CFrame":[8.887914049182655e-8,-1.7030709065224415e-9,0.016661882400512697,0.927207350730896,0.3710060715675354,0.0513916090130806,-0.37141430377960207,0.928465723991394,-0.0017191313672810794,-0.048353161662817,-0.017493601888418199,0.998677134513855],"EasingStyle":"Linear","EasingDirection":"In"},"Torso":{"Weight":1,"CFrame":[-0.00012127301306463778,-0.00773509219288826,-0.1520376205444336,1,-5.685961355084146e-7,-0.00015684850222896785,-9.996983862947673e-7,0.999950110912323,-0.009998604655265808,0.00015684633399359882,0.009998605586588383,0.9999499917030335],"EasingStyle":"Linear","EasingDirection":"In"},"HumanoidRootPart":{"Weight":1,"CFrame":[0,0,0,1,0,0,0,1,0,0,0,1],"EasingStyle":"Linear","EasingDirection":"In"},"Right Leg":{"Weight":1,"CFrame":[0.5234072208404541,0.13564801216125489,0.027405977249145509,0.9548900127410889,0.28625190258026125,-0.07902546972036362,-0.2775915861129761,0.9549563527107239,0.10488730669021607,0.10549013316631317,-0.07821901142597199,0.991339385509491],"EasingStyle":"Linear","EasingDirection":"In"}}},{"Time":0.06896551698446274,"poses":{"Left Leg":{"Weight":1,"CFrame":[-0.5959344506263733,0.10389143228530884,0.0009081363677978516,0.9560626149177551,-0.2929941713809967,0.009935621172189713,0.2929101288318634,0.9560967683792114,0.009095053188502789,-0.012164240702986718,-0.005785198416560888,0.9999092817306519],"EasingStyle":"Linear","EasingDirection":"In"},"Right Arm":{"Weight":1,"CFrame":[-0.00936487689614296,-0.44070303440093996,0.08678114414215088,-0.21687011420726777,-0.5747869610786438,0.789042055606842,0.8114170432090759,0.3432440459728241,0.47306010127067568,-0.5427428483963013,0.742834746837616,0.3919525146484375],"EasingStyle":"Linear","EasingDirection":"In"},"Left Arm":{"Weight":1,"CFrame":[0.026205943897366525,-0.012590646743774414,0.016848444938659669,0.49529871344566347,0.703825831413269,-0.5092236399650574,-0.8492662310600281,0.5156600475311279,-0.11332089453935623,0.1828281283378601,0.4885939061641693,0.8531410098075867],"EasingStyle":"Linear","EasingDirection":"In"},"Head":{"Weight":1,"CFrame":[8.887914049182655e-8,-1.7030709065224415e-9,0.016661882400512697,0.9404873251914978,0.3363357186317444,0.0486002191901207,-0.3367055356502533,0.941609799861908,-0.0006086059147492051,-0.04596719890832901,-0.015791576355695726,0.9988182187080383],"EasingStyle":"Linear","EasingDirection":"In"},"Torso":{"Weight":1,"CFrame":[-0.00012127301306463778,-0.00773509219288826,-0.1520376205444336,1,-5.685961355084146e-7,-0.00015684850222896785,-9.996983862947673e-7,0.999950110912323,-0.009998604655265808,0.00015684633399359882,0.009998605586588383,0.9999499917030335],"EasingStyle":"Linear","EasingDirection":"In"},"HumanoidRootPart":{"Weight":1,"CFrame":[0,0,0,1,0,0,0,1,0,0,0,1],"EasingStyle":"Linear","EasingDirection":"In"},"Right Leg":{"Weight":1,"CFrame":[0.5234072208404541,0.13564801216125489,0.027405977249145509,0.9548900127410889,0.28625190258026125,-0.07902546972036362,-0.2775915861129761,0.9549563527107239,0.10488730669021607,0.10549013316631317,-0.07821901142597199,0.991339385509491],"EasingStyle":"Linear","EasingDirection":"In"}}},{"Time":0.1034482792019844,"poses":{"Left Leg":{"Weight":1,"CFrame":[-0.4142630100250244,0.03846937417984009,0.03934288024902344,0.9560943245887756,-0.27574053406715395,0.09925113618373871,0.2762257754802704,0.9610498547554016,0.009092806838452816,-0.09789257496595383,0.01872214674949646,0.995020866394043],"EasingStyle":"Linear","EasingDirection":"In"},"Right Arm":{"Weight":1,"CFrame":[-0.3242639899253845,-0.22811487317085267,0.05967116355895996,0.5543841123580933,-0.4354534149169922,0.7092522978782654,0.31478002667427065,0.8986018896102905,0.3056601881980896,-0.77043616771698,0.05380517244338989,0.6352425813674927],"EasingStyle":"Linear","EasingDirection":"In"},"Left Arm":{"Weight":1,"CFrame":[0.025269219651818277,-0.04241377115249634,0.024074196815490724,-0.08019362390041352,0.6300044059753418,-0.7724401950836182,-0.880778431892395,-0.40760937333106997,-0.241006001830101,-0.4666886031627655,0.6610212922096252,0.5875816941261292],"EasingStyle":"Linear","EasingDirection":"In"},"Head":{"Weight":1,"CFrame":[8.891220204532147e-8,-3.055902197957039e-10,0.016662240028381349,0.9430819153785706,0.32969969511032107,0.04352854937314987,-0.3297801613807678,0.9440416693687439,-0.0055283899419009689,-0.042915426194667819,-0.009141117334365845,0.9990368485450745],"EasingStyle":"Linear","EasingDirection":"In"},"Torso":{"Weight":1,"CFrame":[0.0016245311126112939,-0.004618359729647636,-0.07570528984069824,0.9995473027229309,-0.030027156695723535,0.001938649802468717,0.030037203803658487,0.9995343089103699,-0.0053771669045090679,-0.0017762862844392658,0.005432963836938143,0.9999836683273315],"EasingStyle":"Linear","EasingDirection":"In"},"HumanoidRootPart":{"Weight":1,"CFrame":[0,0,0,1,0,0,0,1,0,0,0,1],"EasingStyle":"Linear","EasingDirection":"In"},"Right Leg":{"Weight":1,"CFrame":[0.7695136666297913,0.20065617561340333,-0.031167685985565187,0.9153364896774292,0.40261030197143557,0.00799730233848095,-0.40058934688568118,0.9083570241928101,0.12006597220897675,0.0410754568874836,-0.1131044253706932,0.9927337169647217],"EasingStyle":"Linear","EasingDirection":"In"}}},{"Time":0.13793103396892548,"poses":{"Left Leg":{"Weight":1,"CFrame":[0.06079470366239548,0.010142803192138672,-0.0071822404861450199,0.981438934803009,-0.1793724000453949,0.06784708797931671,0.1790769100189209,0.9837794899940491,0.010461476631462574,-0.06862309575080872,0.001882548094727099,0.9976409673690796],"EasingStyle":"Linear","EasingDirection":"In"},"Right Arm":{"Weight":1,"CFrame":[-0.6197521090507507,-0.03785642981529236,0.037000417709350589,0.8514875769615173,0.26030293107032778,0.4552047848701477,-0.4447987675666809,0.8182826042175293,0.36409810185432436,-0.27771034836769106,-0.5124996900558472,0.8125399351119995],"EasingStyle":"Linear","EasingDirection":"In"},"Left Arm":{"Weight":1,"CFrame":[0.008016212843358517,-0.06275367736816406,0.008825898170471192,-0.31606870889663699,0.07873676717281342,-0.9454635381698608,-0.17193931341171266,-0.9848020076751709,-0.024533282965421678,-0.9330260157585144,0.15480805933475495,0.32480302453041079],"EasingStyle":"Linear","EasingDirection":"In"},"Head":{"Weight":1,"CFrame":[8.828646969050169e-8,2.9103830456733706e-10,0.016662120819091798,0.9456104040145874,0.32303857803344729,0.03830350935459137,-0.32288432121276858,0.9463822245597839,-0.010315528139472008,-0.039582110941410068,-0.0026131116319447757,0.9992129802703857],"EasingStyle":"Linear","EasingDirection":"In"},"Torso":{"Weight":1,"CFrame":[0.0032553868368268015,-0.0014514820650219918,0.0006067752838134766,0.9981886148452759,-0.06003585830330849,0.0038944038096815349,0.06003899499773979,0.9981958866119385,-0.0006947650690563023,-0.003845667000859976,0.0009273227187804878,0.9999921917915344],"EasingStyle":"Linear","EasingDirection":"In"},"HumanoidRootPart":{"Weight":1,"CFrame":[0,0,0,1,0,0,0,1,0,0,0,1],"EasingStyle":"Linear","EasingDirection":"In"},"Right Leg":{"Weight":1,"CFrame":[0.6239554286003113,0.5090024471282959,-0.013370096683502198,0.999183177947998,-0.025941530242562295,-0.030983662232756616,0.027709010988473893,0.997929036617279,0.05805082246661186,0.029413623735308648,-0.058861956000328067,0.9978327751159668],"EasingStyle":"Linear","EasingDirection":"In"}}},{"Time":0.17241379618644715,"poses":{"Left Leg":{"Weight":1,"CFrame":[0.059222836047410968,0.012561559677124024,-0.007056891918182373,0.9585780501365662,-0.2769903838634491,0.0663655549287796,0.27695512771606448,0.9608317613601685,0.009915460832417012,-0.06651266664266586,0.008875515311956406,0.9977461695671082],"EasingStyle":"Linear","EasingDirection":"In"},"Right Arm":{"Weight":1,"CFrame":[-0.6207042336463928,-0.03720963001251221,0.037520527839660647,0.8659804463386536,0.22963640093803407,0.44423526525497439,-0.4082821011543274,0.8376173973083496,0.36290881037712099,-0.28876209259033205,-0.4956453740596771,0.8191168308258057],"EasingStyle":"Linear","EasingDirection":"In"},"Left Arm":{"Weight":1,"CFrame":[0.008749348111450673,-0.06263944506645203,0.00796365737915039,-0.3158224821090698,0.10124734044075012,-0.9434008002281189,-0.15499667823314668,-0.9864393472671509,-0.05397767201066017,-0.9360727071762085,0.12917651236057282,0.32723268866539],"EasingStyle":"Linear","EasingDirection":"In"},"Head":{"Weight":1,"CFrame":[8.969800546765328e-8,-2.3283064365386965e-10,0.016661643981933595,0.9570470452308655,0.2877563536167145,0.0354602225124836,-0.28760695457458498,0.9577028751373291,-0.009351929649710656,-0.03665147349238396,-0.0012483348837122322,0.9993274211883545],"EasingStyle":"Linear","EasingDirection":"In"},"Torso":{"Weight":1,"CFrame":[0.003189082257449627,-0.001439653686247766,-0.01641845703125,0.9981886148452759,-0.06003585830330849,0.0038944038096815349,0.06003899499773979,0.9981958866119385,-0.0006947650690563023,-0.003845667000859976,0.0009273227187804878,0.9999921917915344],"EasingStyle":"Linear","EasingDirection":"In"},"HumanoidRootPart":{"Weight":1,"CFrame":[0,0,0,1,0,0,0,1,0,0,0,1],"EasingStyle":"Linear","EasingDirection":"In"},"Right Leg":{"Weight":1,"CFrame":[0.10898195207118988,0.14729708433151246,-0.008385658264160157,0.8190953135490418,-0.5727208852767944,-0.03276926279067993,0.5736036896705627,0.8168979287147522,0.06047011911869049,-0.0078633027151227,-0.06832738220691681,0.9976319670677185],"EasingStyle":"Linear","EasingDirection":"In"}}},{"Time":0.2068965584039688,"poses":{"Left Leg":{"Weight":1,"CFrame":[-0.3295794427394867,-0.07975900173187256,0.022214770317077638,0.8684132099151611,-0.4904424250125885,0.07297124713659287,0.49104058742523196,0.8710704445838928,0.010740960016846657,-0.0688309520483017,0.026504257693886758,0.9972763061523438],"EasingStyle":"Linear","EasingDirection":"In"},"Right Arm":{"Weight":1,"CFrame":[-0.6228000521659851,-0.03607839345932007,0.03855323791503906,0.8870223760604858,0.1641167551279068,0.43157511949539187,-0.33564454317092898,0.871055543422699,0.35861530900001528,-0.3170711100101471,-0.4629557132720947,0.8277307152748108],"EasingStyle":"Linear","EasingDirection":"In"},"Left Arm":{"Weight":1,"CFrame":[0.00959155522286892,-0.062394529581069949,0.008031249046325684,-0.3160938322544098,0.1272583305835724,-0.9401543140411377,-0.1663583219051361,-0.9830440282821655,-0.07713164389133454,-0.934028685092926,0.13202156126499177,0.33190464973449709],"EasingStyle":"Linear","EasingDirection":"In"},"Head":{"Weight":1,"CFrame":[8.827191777527332e-8,7.275957614183426e-10,0.016662120819091798,0.9589500427246094,0.2813693881034851,0.03530042991042137,-0.2812254726886749,0.9595987796783447,-0.009079824201762677,-0.03642904385924339,-0.0012203024234622717,0.999335527420044],"EasingStyle":"Linear","EasingDirection":"In"},"Torso":{"Weight":1,"CFrame":[0.003260640427470207,-0.0014392812736332417,-0.04515576362609863,0.998565673828125,-0.05338384211063385,0.004117456264793873,0.05338723585009575,0.9985737204551697,-0.0007185834692791104,-0.004073222167789936,0.0009373723296448588,0.9999913573265076],"EasingStyle":"Linear","EasingDirection":"In"},"HumanoidRootPart":{"Weight":1,"CFrame":[0,0,0,1,0,0,0,1,0,0,0,1],"EasingStyle":"Linear","EasingDirection":"In"},"Right Leg":{"Weight":1,"CFrame":[0.20391331613063813,0.24545180797576905,-0.012919306755065918,0.8551597595214844,-0.5177149176597595,-0.025948625057935716,0.5182744264602661,0.853005051612854,0.06143322214484215,-0.009670493192970753,-0.06598374992609024,0.9977738261222839],"EasingStyle":"Linear","EasingDirection":"In"}}},{"Time":0.24137930572032929,"poses":{"Left Leg":{"Weight":1,"CFrame":[-0.6682471036911011,-0.1294701099395752,0.05239284038543701,0.735284149646759,-0.6730758547782898,0.07953724265098572,0.6744524836540222,0.7382189631462097,0.0121101513504982,-0.06686702370643616,0.04473969712853432,0.9967584013938904],"EasingStyle":"Linear","EasingDirection":"In"},"Right Arm":{"Weight":1,"CFrame":[-0.6249374747276306,-0.03474479913711548,0.04024767875671387,0.9032988548278809,0.0971589908003807,0.41786518692970278,-0.2528887093067169,0.9073919653892517,0.33568891882896426,-0.3465523421764374,-0.4089009761810303,0.8442166447639465],"EasingStyle":"Linear","EasingDirection":"In"},"Left Arm":{"Weight":1,"CFrame":[0.011252367869019509,-0.061753660440444949,0.009052038192749024,-0.3158004581928253,0.17888759076595307,-0.9318097829818726,-0.21553760766983033,-0.969917356967926,-0.11315521597862244,-0.9240204095840454,0.1651054471731186,0.3448573052883148],"EasingStyle":"Linear","EasingDirection":"In"},"Head":{"Weight":1,"CFrame":[9.018549462780357e-8,-2.9103830456733706e-10,0.016661882400512697,0.9608106017112732,0.2749696671962738,0.03513883426785469,-0.27483120560646059,0.9614521861076355,-0.008808719925582409,-0.03620642423629761,-0.0011937220115214587,0.9993436336517334],"EasingStyle":"Linear","EasingDirection":"In"},"Torso":{"Weight":1,"CFrame":[0.003332073800265789,-0.0014401315711438656,-0.07389307022094727,0.9988982677459717,-0.04672916978597641,0.004340356215834618,0.0467328280210495,0.9989071488380432,-0.0007438887841999531,-0.004300851374864578,0.0009459060966037214,0.9999904036521912],"EasingStyle":"Linear","EasingDirection":"In"},"HumanoidRootPart":{"Weight":1,"CFrame":[0,0,0,1,0,0,0,1,0,0,0,1],"EasingStyle":"Linear","EasingDirection":"In"},"Right Leg":{"Weight":1,"CFrame":[0.40996071696281435,0.3653619885444641,-0.0933578610420227,0.9430144429206848,-0.3191043734550476,0.0943191796541214,0.30251914262771609,0.9402261972427368,0.15638716518878938,-0.13858512043952943,-0.11894203722476959,0.9831821322441101],"EasingStyle":"Linear","EasingDirection":"In"}}},{"Time":0.27586206793785097,"poses":{"Left Leg":{"Weight":1,"CFrame":[-0.851841926574707,-0.15036451816558839,0.0734487771987915,0.6272734999656677,-0.7740263938903809,0.0860891044139862,0.7760958075523377,0.630467414855957,0.013637889176607132,-0.06483250111341477,0.05825874209403992,0.9961941242218018],"EasingStyle":"Linear","EasingDirection":"In"},"Right Arm":{"Weight":1,"CFrame":[-0.6264386773109436,-0.04231962561607361,0.04431116580963135,0.9184960126876831,0.060709137469530109,0.3907424211502075,-0.18399281799793244,0.9402737021446228,0.2864122986793518,-0.35001692175865176,-0.33496248722076418,0.8748076558113098],"EasingStyle":"Linear","EasingDirection":"In"},"Left Arm":{"Weight":1,"CFrame":[-0.1201271340250969,-0.26943355798721316,0.014492392539978028,-0.5263738632202148,0.33273664116859438,-0.7824429273605347,-0.5344725251197815,-0.8451858758926392,0.0001383687340421602,-0.6612637639045715,0.41826698184013369,0.6227222681045532],"EasingStyle":"Linear","EasingDirection":"In"},"Head":{"Weight":1,"CFrame":[8.74497345648706e-8,-5.820766091346741e-11,0.016662120819091798,0.9626284241676331,0.26855769753456118,0.03497539088129997,-0.2684244215488434,0.9632629752159119,-0.008538750931620598,-0.03598365560173988,-0.0011686255456879736,0.9993517398834229],"EasingStyle":"Linear","EasingDirection":"In"},"Torso":{"Weight":1,"CFrame":[0.0034757396206259729,-0.0013090462889522315,-0.08785653114318848,0.9991864562034607,-0.040072280913591388,0.00456308713182807,0.04007619991898537,0.9991964101791382,-0.0007706792093813419,-0.004528536926954985,0.0009529233211651444,0.99998939037323],"EasingStyle":"Linear","EasingDirection":"In"},"HumanoidRootPart":{"Weight":1,"CFrame":[0,0,0,1,0,0,0,1,0,0,0,1],"EasingStyle":"Linear","EasingDirection":"In"},"Right Leg":{"Weight":1,"CFrame":[0.6160501837730408,0.25025367736816409,-0.15822488069534303,0.9563162922859192,-0.06159663200378418,0.285770982503891,0.007430465891957283,0.9823554158210754,0.18687637150287629,-0.2922395169734955,-0.17658956348896027,0.9399000406265259],"EasingStyle":"Linear","EasingDirection":"In"}}},{"Time":0.3103448152542114,"poses":{"Left Leg":{"Weight":1,"CFrame":[-0.9617317318916321,-0.1651829481124878,0.02011585235595703,0.5479855537414551,-0.8363881707191467,0.012912089005112648,0.8342159390449524,0.5475690960884094,0.0652068629860878,-0.06160854548215866,-0.02496091090142727,0.9977883100509644],"EasingStyle":"Linear","EasingDirection":"In"},"Right Arm":{"Weight":1,"CFrame":[-0.6273626089096069,-0.05776473879814148,0.049992918968200687,0.9375662207603455,0.04999241232872009,0.3441953659057617,-0.13418787717819215,0.9649904370307922,0.22535964846611024,-0.3208790719509125,-0.2574766278266907,0.9114508628845215],"EasingStyle":"Linear","EasingDirection":"In"},"Left Arm":{"Weight":1,"CFrame":[-0.244740292429924,-0.4699237644672394,0.006040215492248535,-0.5402685403823853,0.7273455262184143,-0.42317667603492739,-0.8412186503410339,-0.4796615540981293,0.24955154955387116,-0.021471397951245309,0.49080878496170046,0.8710026741027832],"EasingStyle":"Linear","EasingDirection":"In"},"Head":{"Weight":1,"CFrame":[8.928327588364482e-8,4.94765117764473e-10,0.0166623592376709,0.9644036293029785,0.26213371753692629,0.03481019288301468,-0.2620057463645935,0.9650309085845947,-0.008269757963716984,-0.03576071560382843,-0.0011449853191152216,0.9993597865104675],"EasingStyle":"Linear","EasingDirection":"In"},"Torso":{"Weight":1,"CFrame":[0.0036192499101161958,-0.0011791808065026999,-0.10182023048400879,0.999430239200592,-0.033413611352443698,0.004785632248967886,0.033417802304029468,0.9994412660598755,-0.0007989528239704669,-0.004756262060254812,0.0009584229555912316,0.9999882578849793],"EasingStyle":"Linear","EasingDirection":"In"},"HumanoidRootPart":{"Weight":1,"CFrame":[0,0,0,1,0,0,0,1,0,0,0,1],"EasingStyle":"Linear","EasingDirection":"In"},"Right Leg":{"Weight":1,"CFrame":[0.7080889940261841,0.1210981011390686,-0.16698092222213746,0.9214641451835632,0.06470921635627747,0.3830359876155853,-0.13284596800804139,0.9790707230567932,0.1541835367679596,-0.365042120218277,-0.1929594725370407,0.9107749462127686],"EasingStyle":"Linear","EasingDirection":"In"}}},{"Time":0.3448275923728943,"poses":{"Left Leg":{"Weight":1,"CFrame":[-0.9949521422386169,-0.21188032627105714,-0.1052669882774353,0.48429399728775027,-0.8625505566596985,-0.14651288092136384,0.8716484904289246,0.4612419307231903,0.1657852977514267,-0.0754203349351883,-0.20799656212329865,0.9752175211906433],"EasingStyle":"Linear","EasingDirection":"In"},"Right Arm":{"Weight":1,"CFrame":[-0.6275312304496765,-0.06594112515449524,0.053645968437194827,0.955504834651947,0.049274053424596789,0.29083091020584109,-0.1034073457121849,0.97933429479599,0.17381370067596436,-0.27625617384910586,-0.19615411758422852,0.9408540725708008],"EasingStyle":"Linear","EasingDirection":"In"},"Left Arm":{"Weight":1,"CFrame":[-0.08550732582807541,-0.35703784227371218,-0.05772596597671509,0.09884720295667649,0.9756767749786377,-0.19566354155540467,-0.9705423712730408,0.13794076442718507,0.1975346952676773,0.2197199910879135,0.17037375271320344,0.9605706334114075],"EasingStyle":"Linear","EasingDirection":"In"},"Head":{"Weight":1,"CFrame":[9.066206985153258e-8,-2.473825588822365e-10,0.016661524772644044,0.9661357998847961,0.25569820404052737,0.03464318811893463,-0.2555755078792572,0.9667560458183289,-0.008002026006579399,-0.03553760424256325,-0.00112286233343184,0.9993677735328674],"EasingStyle":"Linear","EasingDirection":"In"},"Torso":{"Weight":1,"CFrame":[0.0037626000121235849,-0.0010505341924726964,-0.11578369140625,0.9996296167373657,-0.026753589510917665,0.005007980391383171,0.026758069172501565,0.9996415972709656,-0.0008287082309834659,-0.004984014667570591,0.0009624050580896437,0.9999871253967285],"EasingStyle":"Linear","EasingDirection":"In"},"HumanoidRootPart":{"Weight":1,"CFrame":[0,0,0,1,0,0,0,1,0,0,0,1],"EasingStyle":"Linear","EasingDirection":"In"},"Right Leg":{"Weight":1,"CFrame":[0.723876953125,0.13348150253295899,-0.18074077367782594,0.9185709357261658,0.06864317506551743,0.3892499804496765,-0.13930685818195344,0.9778356552124023,0.15630435943603517,-0.3698931038379669,-0.19780181348323823,0.9077739715576172],"EasingStyle":"Linear","EasingDirection":"In"}}},{"Time":0.37931033968925478,"poses":{"Left Leg":{"Weight":1,"CFrame":[-0.929718554019928,-0.2634761333465576,-0.18712842464447022,0.4544844925403595,-0.8432411551475525,-0.28703343868255618,0.8867952227592468,0.39798057079315188,0.2349589765071869,-0.08389337360858917,-0.36132511496543887,0.9286582469940186],"EasingStyle":"Linear","EasingDirection":"In"},"Right Arm":{"Weight":1,"CFrame":[-0.6264211535453796,-0.04836183786392212,0.051097869873046878,0.9680362343788147,0.04883765056729317,0.24600978195667268,-0.08756529539823532,0.9849473237991333,0.1490340381860733,-0.2350282073020935,-0.16581234335899354,0.9577411413192749],"EasingStyle":"Linear","EasingDirection":"In"},"Left Arm":{"Weight":1,"CFrame":[0.1779899299144745,-0.16056275367736817,-0.14886534214019776,0.8963266611099243,0.43697768449783327,0.07516040652990341,-0.443071573972702,0.8891798257827759,0.1142231896519661,-0.016918128356337549,-0.13568291068077088,0.9906079769134522],"EasingStyle":"Linear","EasingDirection":"In"},"Head":{"Weight":1,"CFrame":[8.997449185699225e-8,1.1641532182693482e-10,0.0166623592376709,0.9678249359130859,0.24925167858600617,0.03447439894080162,-0.24913406372070313,0.9684382081031799,-0.007735393475741148,-0.03531436249613762,-0.0011022579856216908,0.9993757009506226],"EasingStyle":"Linear","EasingDirection":"In"},"Torso":{"Weight":1,"CFrame":[0.003905773162841797,-0.0009231044678017497,-0.12974762916564942,0.999784529209137,-0.020092688500881196,0.0052301157265901569,0.020097455009818078,0.9997976422309876,-0.0008599429856985807,-0.005211778916418552,0.000964869512245059,0.9999860525131226],"EasingStyle":"Linear","EasingDirection":"In"},"HumanoidRootPart":{"Weight":1,"CFrame":[0,0,0,1,0,0,0,1,0,0,0,1],"EasingStyle":"Linear","EasingDirection":"In"},"Right Leg":{"Weight":1,"CFrame":[0.7386554479598999,0.14588141441345216,-0.1944178342819214,0.9156597852706909,0.07206489145755768,0.39544135332107546,-0.145304337143898,0.9766117334365845,0.15848076343536378,-0.37477171421051028,-0.2025737762451172,0.9047154784202576],"EasingStyle":"Linear","EasingDirection":"In"}}},{"Time":0.4137931168079376,"poses":{"Left Leg":{"Weight":1,"CFrame":[-0.860531210899353,-0.26769495010375979,-0.21033495664596559,0.4661676287651062,-0.8130226731300354,-0.34882938861846926,0.8824886679649353,0.3994944095611572,0.2482294738292694,-0.06246081367135048,-0.42355453968048098,0.9037147164344788],"EasingStyle":"Linear","EasingDirection":"In"},"Right Arm":{"Weight":1,"CFrame":[-0.6254549622535706,-0.031041622161865236,0.04784560203552246,0.9726489186286926,0.048544976860284808,0.22715066373348237,-0.08281400799751282,0.9861271381378174,0.14385801553726197,-0.21701586246490479,-0.15873467922210694,0.9631757140159607],"EasingStyle":"Linear","EasingDirection":"In"},"Left Arm":{"Weight":1,"CFrame":[0.3138427138328552,-0.06518164277076721,-0.19046735763549806,0.977208137512207,-0.03739204630255699,0.20896467566490174,0.008747055195271969,0.9906212091445923,0.13635647296905518,-0.21210354566574098,-0.13142099976539613,0.9683701395988464],"EasingStyle":"Linear","EasingDirection":"In"},"Head":{"Weight":1,"CFrame":[8.838833309710026e-8,7.275957614183426e-11,0.0166623592376709,0.9678249359130859,0.24925167858600617,0.03447439894080162,-0.24913406372070313,0.9684382081031799,-0.007735393475741148,-0.03531436249613762,-0.0011022579856216908,0.9993757009506226],"EasingStyle":"Linear","EasingDirection":"In"},"Torso":{"Weight":1,"CFrame":[0.003913156688213348,-0.0015086932107806206,-0.11261725425720215,0.999784529209137,-0.020092688500881196,0.0052301157265901569,0.020097455009818078,0.9997976422309876,-0.0008599429856985807,-0.005211778916418552,0.000964869512245059,0.9999860525131226],"EasingStyle":"Linear","EasingDirection":"In"},"HumanoidRootPart":{"Weight":1,"CFrame":[0,0,0,1,0,0,0,1,0,0,0,1],"EasingStyle":"Linear","EasingDirection":"In"},"Right Leg":{"Weight":1,"CFrame":[0.7197228670120239,0.1316949725151062,-0.18305933475494386,0.9164168834686279,0.06247027590870857,0.395319402217865,-0.13427697122097016,0.9784835577011108,0.15665185451507569,-0.3770274221897125,-0.19664068520069123,0.9050871729850769],"EasingStyle":"Linear","EasingDirection":"In"}}},{"Time":0.4482758641242981,"poses":{"Left Leg":{"Weight":1,"CFrame":[-0.860531210899353,-0.26769495010375979,-0.21033495664596559,0.4661676287651062,-0.8130226731300354,-0.34882938861846926,0.8824886679649353,0.3994944095611572,0.2482294738292694,-0.06246081367135048,-0.42355453968048098,0.9037147164344788],"EasingStyle":"Linear","EasingDirection":"In"},"Right Arm":{"Weight":1,"CFrame":[-0.6254549622535706,-0.031041622161865236,0.04784560203552246,0.9726489186286926,0.048544976860284808,0.22715066373348237,-0.08281400799751282,0.9861271381378174,0.14385801553726197,-0.21701586246490479,-0.15873467922210694,0.9631757140159607],"EasingStyle":"Linear","EasingDirection":"In"},"Left Arm":{"Weight":1,"CFrame":[0.3138427138328552,-0.06518164277076721,-0.19046735763549806,0.977208137512207,-0.03739204630255699,0.20896467566490174,0.008747055195271969,0.9906212091445923,0.13635647296905518,-0.21210354566574098,-0.13142099976539613,0.9683701395988464],"EasingStyle":"Linear","EasingDirection":"In"},"Head":{"Weight":1,"CFrame":[8.838833309710026e-8,7.275957614183426e-11,0.0166623592376709,0.9678249359130859,0.24925167858600617,0.03447439894080162,-0.24913406372070313,0.9684382081031799,-0.007735393475741148,-0.03531436249613762,-0.0011022579856216908,0.9993757009506226],"EasingStyle":"Linear","EasingDirection":"In"},"Torso":{"Weight":1,"CFrame":[0.003913156688213348,-0.0015086932107806206,-0.11261725425720215,0.999784529209137,-0.020092688500881196,0.0052301157265901569,0.020097455009818078,0.9997976422309876,-0.0008599429856985807,-0.005211778916418552,0.000964869512245059,0.9999860525131226],"EasingStyle":"Linear","EasingDirection":"In"},"HumanoidRootPart":{"Weight":1,"CFrame":[0,0,0,1,0,0,0,1,0,0,0,1],"EasingStyle":"Linear","EasingDirection":"In"},"Right Leg":{"Weight":1,"CFrame":[0.7197228670120239,0.1316949725151062,-0.18305933475494386,0.9164168834686279,0.06247027590870857,0.395319402217865,-0.13427697122097016,0.9784835577011108,0.15665185451507569,-0.3770274221897125,-0.19664068520069123,0.9050871729850769],"EasingStyle":"Linear","EasingDirection":"In"}}},{"Time":0.48275861144065859,"poses":{"Left Leg":{"Weight":1,"CFrame":[-0.8827758431434631,-0.22207391262054444,-0.12891370058059693,0.5049797892570496,-0.8339212536811829,-0.22264516353607179,0.857975959777832,0.45682603120803835,0.2349192500114441,-0.09419407695531845,-0.3096536695957184,0.9461724162101746],"EasingStyle":"Linear","EasingDirection":"In"},"Right Arm":{"Weight":1,"CFrame":[-0.2914823293685913,0.0020311474800109865,0.06900441646575928,0.8670942187309265,-0.10734578967094422,0.4864407479763031,0.07919500023126602,0.9937919974327087,0.07813858240842819,-0.4918087422847748,-0.02922995388507843,0.8702124953269959],"EasingStyle":"Linear","EasingDirection":"In"},"Left Arm":{"Weight":1,"CFrame":[0.3875846862792969,-0.13327020406723023,-0.002443373203277588,0.952439546585083,-0.20813438296318055,0.2225734442472458,0.05758656933903694,0.8401766419410706,0.5392466187477112,-0.2992367744445801,-0.5007826089859009,0.8122033476829529],"EasingStyle":"Linear","EasingDirection":"In"},"Head":{"Weight":1,"CFrame":[9.022187441587448e-8,2.2118911147117616e-9,0.0166623592376709,0.9872794151306152,0.15406590700149537,0.03928188607096672,-0.1544824093580246,0.9879649877548218,0.007780215237289667,-0.037610478699207309,-0.013749596662819386,0.9991979598999023],"EasingStyle":"Linear","EasingDirection":"In"},"Torso":{"Weight":1,"CFrame":[-0.013053152710199356,-0.011681120842695237,-0.07346439361572266,0.9970269203186035,0.07705437391996384,0.00008470754255540669,-0.07704714685678482,0.9969473481178284,-0.01264040358364582,-0.0010584474075585604,0.012596295215189457,0.999920129776001],"EasingStyle":"Linear","EasingDirection":"In"},"HumanoidRootPart":{"Weight":1,"CFrame":[0,0,0,1,0,0,0,1,0,0,0,1],"EasingStyle":"Linear","EasingDirection":"In"},"Right Leg":{"Weight":1,"CFrame":[0.6295784711837769,0.08007079362869263,-0.19722604751586915,0.8816890716552734,0.005019553937017918,0.47180426120758059,-0.08997076749801636,0.9833844900131226,0.15767140686511994,-0.463173508644104,-0.1814657747745514,0.8674908876419067],"EasingStyle":"Linear","EasingDirection":"In"}}},{"Time":0.517241358757019,"poses":{"Left Leg":{"Weight":1,"CFrame":[-1.0895590782165528,0.0711137056350708,-0.12228590250015259,0.688981831073761,-0.7169504761695862,-0.10623690485954285,0.72459876537323,0.6846365928649902,0.07892607152462006,0.016147512942552568,-0.13135772943496705,0.9912035465240479],"EasingStyle":"Linear","EasingDirection":"In"},"Right Arm":{"Weight":1,"CFrame":[-0.1697063446044922,-0.005904972553253174,-0.011758208274841309,0.2669418156147003,-0.508121132850647,0.8188743591308594,0.7463472485542297,0.6465559005737305,0.15789639949798585,-0.6096785664558411,0.5690153241157532,0.5518274903297424],"EasingStyle":"Linear","EasingDirection":"In"},"Left Arm":{"Weight":1,"CFrame":[0.4583388864994049,-0.20873460173606873,0.19089269638061524,0.861260175704956,-0.4823475480079651,0.1599120795726776,0.09161774814128876,0.45691806077957156,0.884777843952179,-0.4998372495174408,-0.7473732829093933,0.437717080116272],"EasingStyle":"Linear","EasingDirection":"In"},"Head":{"Weight":1,"CFrame":[8.381903171539307e-8,5.122274160385132e-9,0.01666271686553955,0.997444748878479,0.05738168954849243,0.04255983978509903,-0.058424778282642367,0.9980108737945557,0.023685675114393235,-0.04111610725522041,-0.0261116661131382,0.9988131523132324],"EasingStyle":"Linear","EasingDirection":"In"},"Torso":{"Weight":1,"CFrame":[-0.030939826741814615,-0.02139541506767273,-0.034441471099853519,0.9848310351371765,0.17340607941150666,-0.006179604213684797,-0.17350521683692933,0.9845438599586487,-0.023863907903432847,0.0019459447357803584,0.02457411214709282,0.9996961355209351],"EasingStyle":"Linear","EasingDirection":"In"},"HumanoidRootPart":{"Weight":1,"CFrame":[0,0,0,1,0,0,0,1,0,0,0,1],"EasingStyle":"Linear","EasingDirection":"In"},"Right Leg":{"Weight":1,"CFrame":[0.40458840131759646,0.015149056911468506,-0.09722131490707398,0.8831157684326172,-0.0276261568069458,0.4683411121368408,-0.04097558185458183,0.9899082779884338,0.135656476020813,-0.46736228466033938,-0.13899092376232148,0.873071551322937],"EasingStyle":"Linear","EasingDirection":"In"}}},{"Time":0.5517241358757019,"poses":{"Left Leg":{"Weight":1,"CFrame":[-0.8017604351043701,0.5314154624938965,-0.14631885290145875,0.9553651809692383,-0.0028080374468117954,-0.295414000749588,-0.04062584787607193,0.9892061352729797,-0.14078620076179505,0.2926206588745117,0.14650361239910127,0.9449390769004822],"EasingStyle":"Linear","EasingDirection":"In"},"Right Arm":{"Weight":1,"CFrame":[0.1090225800871849,-0.028075307607650758,-0.08472990989685059,-0.5865093469619751,-0.45520761609077456,0.6699200868606567,0.7427549362182617,-0.6321277618408203,0.22074779868125916,0.3229890465736389,0.6270569562911987,0.7088565230369568],"EasingStyle":"Linear","EasingDirection":"In"},"Left Arm":{"Weight":1,"CFrame":[0.4525907635688782,-0.2132956087589264,0.19392788410186768,0.7378910183906555,-0.6569168567657471,0.15484559535980225,0.09536810219287873,0.3286108374595642,0.939638078212738,-0.6681481599807739,-0.6785831451416016,0.3051280379295349],"EasingStyle":"Linear","EasingDirection":"In"},"Head":{"Weight":1,"CFrame":[8.987262845039368e-8,5.122274160385132e-9,0.016662001609802247,0.9971383213996887,0.06236937642097473,0.04272281005978584,-0.06341259181499481,0.9977104067802429,0.02351398393511772,-0.04115845635533333,-0.026155758649110795,0.9988102912902832],"EasingStyle":"Linear","EasingDirection":"In"},"Torso":{"Weight":1,"CFrame":[-0.01812891662120819,-0.0209616981446743,-0.04301047325134277,0.9856854677200317,0.16847991943359376,-0.006231048610061407,-0.16858184337615968,0.9853980541229248,-0.023897070437669755,0.0021138871088624,0.024605438113212587,0.9996950030326843],"EasingStyle":"Linear","EasingDirection":"In"},"HumanoidRootPart":{"Weight":1,"CFrame":[0,0,0,1,0,0,0,1,0,0,0,1],"EasingStyle":"Linear","EasingDirection":"In"},"Right Leg":{"Weight":1,"CFrame":[0.03152691200375557,0.02275407314300537,0.014303088188171387,0.9925267696380615,0.018710391595959665,0.12058468908071518,-0.029902955517172815,0.9953386783599854,0.09168878942728043,-0.11830703169107437,-0.09460938721895218,0.9884597063064575],"EasingStyle":"Linear","EasingDirection":"In"}}},{"Time":0.5862069129943848,"poses":{"Left Leg":{"Weight":1,"CFrame":[-0.3066971004009247,0.06842392683029175,-0.09027642011642456,0.6820897459983826,0.5816783308982849,-0.44317466020584109,-0.6766701936721802,0.7318259477615356,-0.08092189580202103,0.2772561311721802,0.35507911443710329,0.8927754163742065],"EasingStyle":"Linear","EasingDirection":"In"},"Right Arm":{"Weight":1,"CFrame":[0.31823334097862246,-0.021519958972930909,-0.11077165603637696,-0.764406144618988,-0.23192130029201508,0.6015776991844177,0.3171512484550476,-0.9476268291473389,0.037663575261831287,0.5613362193107605,0.21958130598068238,0.7979259490966797],"EasingStyle":"Linear","EasingDirection":"In"},"Left Arm":{"Weight":1,"CFrame":[0.4497780203819275,-0.21487167477607728,0.1965569257736206,0.6511979103088379,-0.7383531332015991,0.17543117702007295,0.06419095396995545,0.28392258286476138,0.956696093082428,-0.7561883330345154,-0.6117373704910278,0.2322855442762375],"EasingStyle":"Linear","EasingDirection":"In"},"Head":{"Weight":1,"CFrame":[8.89413058757782e-8,1.1641532182693482e-10,0.016662120819091798,0.9968069791793823,0.06735555827617645,0.04288490116596222,-0.06839880347251892,0.9973849654197693,0.023341353982686998,-0.041200604289770129,-0.026200059801340104,0.9988073706626892],"EasingStyle":"Linear","EasingDirection":"In"},"Torso":{"Weight":1,"CFrame":[-0.005317864939570427,-0.02052818238735199,-0.05157899856567383,0.98651522397995,0.1635495275259018,-0.006282325368374586,-0.16365422308444978,0.9862275719642639,-0.023930486291646959,0.0022819829173386099,0.0246359184384346,0.9996938705444336],"EasingStyle":"Linear","EasingDirection":"In"},"HumanoidRootPart":{"Weight":1,"CFrame":[0,0,0,1,0,0,0,1,0,0,0,1],"EasingStyle":"Linear","EasingDirection":"In"},"Right Leg":{"Weight":1,"CFrame":[-0.0990658700466156,0.047955095767974856,-0.015830516815185548,0.9849181175231934,0.0954093188047409,-0.14433783292770387,-0.08265271782875061,0.9923279881477356,0.0919453352689743,0.15200288593769074,-0.07862875610589981,0.9852475523948669],"EasingStyle":"Linear","EasingDirection":"In"}}},{"Time":0.6206896305084229,"poses":{"Left Leg":{"Weight":1,"CFrame":[-0.33635497093200686,0.09787195920944214,-0.10637831687927246,0.6781413555145264,0.5672999024391174,-0.46722060441970827,-0.6707459092140198,0.7375766038894653,-0.07797914743423462,0.3003734052181244,0.36626723408699038,0.8806953430175781],"EasingStyle":"Linear","EasingDirection":"In"},"Right Arm":{"Weight":1,"CFrame":[0.31667205691337588,-0.020730823278427125,-0.10907101631164551,-0.7473548650741577,-0.27883797883987429,0.6030838489532471,0.38518550992012026,-0.9214115142822266,0.051312536001205447,0.5413806438446045,0.2706477642059326,0.7960256934165955],"EasingStyle":"Linear","EasingDirection":"In"},"Left Arm":{"Weight":1,"CFrame":[0.4489237070083618,-0.21496716141700746,0.19758868217468263,0.6190870404243469,-0.7609089612960815,0.19429075717926026,0.0449834018945694,0.281355082988739,0.9585487842559815,-0.7840330600738525,-0.5846852660179138,0.20841170847415925],"EasingStyle":"Linear","EasingDirection":"In"},"Head":{"Weight":1,"CFrame":[8.66129994392395e-8,2.9103830456733705e-9,0.016662240028381349,0.9945968389511108,0.09464836865663529,0.04264860972762108,-0.09555632621049881,0.9952276349067688,0.01977376826107502,-0.04057350009679794,-0.023742225021123887,0.9988945126533508],"EasingStyle":"Linear","EasingDirection":"In"},"Torso":{"Weight":1,"CFrame":[-0.004293400794267654,-0.01827317476272583,-0.07168865203857422,0.9906266331672669,0.1365027129650116,-0.005104404408484697,-0.13658206164836884,0.9903914332389832,-0.021683063358068467,0.0020955612417310478,0.022176986560225488,0.9997518658638],"EasingStyle":"Linear","EasingDirection":"In"},"HumanoidRootPart":{"Weight":1,"CFrame":[0,0,0,1,0,0,0,1,0,0,0,1],"EasingStyle":"Linear","EasingDirection":"In"},"Right Leg":{"Weight":1,"CFrame":[0.06458338350057602,0.03412383794784546,0.005077838897705078,0.976429283618927,0.18466661870479585,-0.1117321252822876,-0.1755029708147049,0.9806257486343384,0.08701688051223755,0.12563657760620118,-0.0653565526008606,0.9899212718009949],"EasingStyle":"Linear","EasingDirection":"In"}}},{"Time":0.6551724076271057,"poses":{"Left Leg":{"Weight":1,"CFrame":[-0.36142098903656008,0.1236264705657959,-0.12212133407592774,0.671660304069519,0.5548241138458252,-0.4909609258174896,-0.6669987440109253,0.7412983179092407,-0.07476458698511124,0.322467178106308,0.3776867091655731,0.8679674863815308],"EasingStyle":"Linear","EasingDirection":"In"},"Right Arm":{"Weight":1,"CFrame":[0.31895822286605837,-0.099079430103302,-0.11381566524505615,-0.7