{"Sequence":[{"Time":0,"poses":{"Left Leg":{"Weight":1,"CFrame":[-0.04386526346206665,-0.06567898392677307,-0.004345834255218506,0.40919002890586855,-0.9102264642715454,-0.06365147978067398,0.9026542901992798,0.4140051007270813,-0.11753758043050766,0.13333798944950105,-0.009360195137560368,0.9910265207290649],"EasingStyle":"Constant","EasingDirection":"In"},"Right Arm":{"Weight":1,"CFrame":[-0.029153048992156984,0.659163773059845,0.3361658751964569,0.25103816390037539,-0.5851513147354126,0.7710887789726257,0.893665611743927,0.44619569182395937,0.04765678942203522,-0.37194305658340456,0.6771318316459656,0.6349416971206665],"EasingStyle":"Constant","EasingDirection":"In"},"Head":{"Weight":1,"CFrame":[9.868707451232695e-8,0,1.7881393432617188e-7,1,-5.091052912575833e-8,8.655987926431408e-9,2.169879209645842e-8,0.6639026403427124,0.7478191256523132,-6.137054242572049e-8,-0.7478190660476685,0.6639026403427124],"EasingStyle":"Constant","EasingDirection":"In"},"Left Arm":{"Weight":1,"CFrame":[0.029153108596801759,0.6591637134552002,0.3361661732196808,0.2510381042957306,0.5851514339447022,-0.771088719367981,-0.8936656713485718,0.4461955428123474,0.047656942158937457,0.371942937374115,0.6771317720413208,0.6349418759346008],"EasingStyle":"Constant","EasingDirection":"In"},"Torso":{"Weight":1,"CFrame":[0.06517759710550308,0.162565678358078,-0.6015111207962036,0.9281784296035767,0.35750189423561098,0.10333074629306793,-0.3721355199813843,0.8916792273521423,0.2577272057533264,8.771030479692854e-8,-0.2776698172092438,0.9606766700744629],"EasingStyle":"Constant","EasingDirection":"In"},"HumanoidRootPart":{"Weight":0,"CFrame":[0,0,0,1,0,0,0,1,0,0,0,1],"EasingStyle":"Linear","EasingDirection":"In"},"Right Leg":{"Weight":1,"CFrame":[0.5956013202667236,0.3428998589515686,0.14552617073059083,0.9710254073143005,0.05770876258611679,-0.23190374672412873,-0.052042435854673389,0.99817955493927,0.030484769493341447,0.23324079811573029,-0.01753261312842369,0.9722610116004944],"EasingStyle":"Constant","EasingDirection":"In"}}},{"Time":0.03333333507180214,"poses":{"Left Leg":{"Weight":1,"CFrame":[-0.04386556148529053,-0.06567788124084473,-0.004345983266830444,0.409199595451355,-0.910222053527832,-0.06365252286195755,0.9026498794555664,0.4140147864818573,-0.1175365298986435,0.13333745300769807,-0.009359990246593953,0.9910265803337097],"EasingStyle":"Constant","EasingDirection":"In"},"Right Arm":{"Weight":1,"CFrame":[-0.029069721698760988,0.6588273048400879,0.3360818922519684,0.25095778703689577,-0.5852465629577637,0.7710425853729248,0.8937180042266846,0.44608548283576968,0.047707393765449527,-0.3718716502189636,0.6771219372749329,0.6349940896034241],"EasingStyle":"Constant","EasingDirection":"In"},"Head":{"Weight":1,"CFrame":[8.320154876173547e-8,-8.940696716308594e-8,8.940696716308594e-8,1,-5.9084491965677446e-8,5.453490548035234e-9,5.150111803686741e-8,0.6639214754104614,0.7478022575378418,-6.136983188298473e-8,-0.7478022575378418,0.6639214754104614],"EasingStyle":"Constant","EasingDirection":"In"},"Left Arm":{"Weight":1,"CFrame":[0.029069900512695314,0.6588271260261536,0.3360821604728699,0.25095754861831667,0.585246741771698,-0.7710424661636353,-0.8937180638313294,0.4460851550102234,0.04770755022764206,0.3718714118003845,0.6771219968795776,0.6349942088127136],"EasingStyle":"Constant","EasingDirection":"In"},"Torso":{"Weight":1,"CFrame":[0.0651761144399643,0.16256190836429597,-0.6015024185180664,0.9281784296035767,0.35750260949134829,0.10332832485437393,-0.3721355199813843,0.8916810154914856,0.2577211558818817,8.771046822175777e-8,-0.27766335010528567,0.9606784582138062],"EasingStyle":"Constant","EasingDirection":"In"},"HumanoidRootPart":{"Weight":0,"CFrame":[0,0,0,1,0,0,0,1,0,0,0,1],"EasingStyle":"Linear","EasingDirection":"In"},"Right Leg":{"Weight":1,"CFrame":[0.5955938100814819,0.3428976535797119,0.14552876353263856,0.9710257649421692,0.05770180746912956,-0.23190389573574067,-0.05203577131032944,0.9981799125671387,0.030481360852718355,0.23324061930179597,-0.017530890181660653,0.9722610712051392],"EasingStyle":"Constant","EasingDirection":"In"}}},{"Time":0.06666667014360428,"poses":{"Left Leg":{"Weight":1,"CFrame":[-0.043895602226257327,-0.0656212568283081,-0.004342854022979736,0.40996548533439639,-0.9098722338676453,-0.06372588127851486,0.902309238910675,0.4147832691669464,-0.11744305491447449,0.1332906037569046,-0.009352775290608406,0.9910328984260559],"EasingStyle":"Constant","EasingDirection":"In"},"Right Arm":{"Weight":1,"CFrame":[-0.0269048810005188,0.6500744819641113,0.33389848470687868,0.24886196851730348,-0.5877219438552856,0.7698380947113037,0.8950743079185486,0.4432145953178406,0.049019262194633487,-0.37001320719718935,0.6768631935119629,0.6363540887832642],"EasingStyle":"Constant","EasingDirection":"In"},"Head":{"Weight":1,"CFrame":[7.766691112465196e-8,1.4901161193847657e-7,-2.086162567138672e-7,1,-5.081107445903399e-8,3.8666339463588886e-8,5.1501071851589589e-8,0.6654213070869446,0.7464680075645447,-6.876340563621852e-8,-0.7464679479598999,0.6654212474822998],"EasingStyle":"Constant","EasingDirection":"In"},"Left Arm":{"Weight":1,"CFrame":[0.02690500020980835,0.6500742435455322,0.333898663520813,0.2488616704940796,0.58772212266922,-0.7698380351066589,-0.8950744867324829,0.4432142972946167,0.049019478261470798,0.37001314759254458,0.6768631339073181,0.6363541483879089],"EasingStyle":"Constant","EasingDirection":"In"},"Torso":{"Weight":1,"CFrame":[0.06505440920591355,0.1622583270072937,-0.6008138060569763,0.9281784296035767,0.35755831003189089,0.1031353771686554,-0.3721355199813843,0.891819953918457,0.2572399377822876,8.772376247634384e-8,-0.2771448791027069,0.9608281254768372],"EasingStyle":"Constant","EasingDirection":"In"},"HumanoidRootPart":{"Weight":0,"CFrame":[0,0,0,1,0,0,0,1,0,0,0,1],"EasingStyle":"Linear","EasingDirection":"In"},"Right Leg":{"Weight":1,"CFrame":[0.595069944858551,0.34275954961776736,0.14547085762023927,0.9710515141487122,0.057189613580703738,-0.23192331194877625,-0.05154323950409889,0.9982098340988159,0.03033798560500145,0.23324306309223176,-0.0175057053565979,0.9722609519958496],"EasingStyle":"Constant","EasingDirection":"In"}}},{"Time":0.10000000149011612,"poses":{"Left Leg":{"Weight":1,"CFrame":[-0.044103264808654788,-0.06523051857948303,-0.004320919513702393,0.4151668846607208,-0.9074756503105164,-0.06422261148691178,0.8999747037887573,0.4200015664100647,-0.11680751293897629,0.13297341763973237,-0.00930408202111721,0.9910759329795837],"EasingStyle":"Constant","EasingDirection":"In"},"Right Arm":{"Weight":1,"CFrame":[-0.018744826316833497,0.6170824766159058,0.3256690800189972,0.2408900260925293,-0.5969777703285217,0.7652382850646973,0.9001068472862244,0.43232017755508425,0.053916022181510928,-0.36301469802856448,0.6758083701133728,0.6414854526519775],"EasingStyle":"Constant","EasingDirection":"In"},"Head":{"Weight":1,"CFrame":[2.578448388135257e-8,1.4901161193847657e-7,-1.4901161193847657e-7,1,-5.836847805085199e-8,6.918367212449539e-9,2.1700275354419319e-8,0.6755687594413757,0.737296998500824,-6.837658617087073e-8,-0.7372969388961792,0.6755687594413757],"EasingStyle":"Constant","EasingDirection":"In"},"Left Arm":{"Weight":1,"CFrame":[0.018744826316833497,0.6170822381973267,0.3256690204143524,0.24088996648788453,0.5969780087471008,-0.7652381062507629,-0.9001069664955139,0.4323200583457947,0.053916145116090778,0.3630146086215973,0.6758081912994385,0.6414855718612671],"EasingStyle":"Constant","EasingDirection":"In"},"Torso":{"Weight":1,"CFrame":[0.06422621011734009,0.16019262373447419,-0.5961382985115051,0.9281784296035767,0.3579344153404236,0.10182236135005951,-0.3721355199813843,0.8927580714225769,0.25396502017974856,8.781351823472505e-8,-0.2736165523529053,0.9618388414382935],"EasingStyle":"Constant","EasingDirection":"In"},"HumanoidRootPart":{"Weight":0,"CFrame":[0,0,0,1,0,0,0,1,0,0,0,1],"EasingStyle":"Linear","EasingDirection":"In"},"Right Leg":{"Weight":1,"CFrame":[0.5914881229400635,0.3418044447898865,0.14508524537086488,0.9712204337120056,0.05369003489613533,-0.23205246031284333,-0.04817880317568779,0.998407244682312,0.02935709059238434,0.23325872421264649,-0.017332255840301515,0.9722601771354675],"EasingStyle":"Constant","EasingDirection":"In"}}},{"Time":0.13333334028720857,"poses":{"Left Leg":{"Weight":1,"CFrame":[-0.044763028621673587,-0.06395769119262696,-0.004250288009643555,0.4320670962333679,-0.8994367122650147,-0.06581572443246842,0.8921359777450562,0.4369554817676544,-0.11473194509744644,0.13195279240608216,-0.009144723415374756,0.991213858127594],"EasingStyle":"Constant","EasingDirection":"In"},"Right Arm":{"Weight":1,"CFrame":[-0.0005927085876464844,0.5436935424804688,0.3073625862598419,0.22276026010513307,-0.6171311140060425,0.7546701431274414,0.9108399748802185,0.4076847732067108,0.06452610343694687,-0.34748873114585879,0.6730098724365234,0.6529237627983093],"EasingStyle":"Constant","EasingDirection":"In"},"Head":{"Weight":1,"CFrame":[1.0112024284580912e-7,1.4901161193847657e-7,-1.4901161193847657e-7,1,-5.615912357370689e-8,1.103006752600777e-8,5.153082582864954e-8,0.7080329656600952,0.7061794400215149,-5.967547878071855e-8,-0.7061794400215149,0.7080329656600952],"EasingStyle":"Constant","EasingDirection":"In"},"Left Arm":{"Weight":1,"CFrame":[0.0005927681922912598,0.5436934232711792,0.30736279487609866,0.22276020050048829,0.6171314120292664,-0.7546699047088623,-0.9108400940895081,0.40768465399742129,0.0645262748003006,0.3474886119365692,0.6730097532272339,0.6529239416122437],"EasingStyle":"Constant","EasingDirection":"In"},"Torso":{"Weight":1,"CFrame":[0.06151510030031204,0.15343059599399568,-0.5809298157691956,0.9281784296035767,0.3591293394565582,0.0975242406129837,-0.3721355199813843,0.895738422870636,0.24324464797973634,8.809862350744879e-8,-0.26206666231155398,0.9650498032569885],"EasingStyle":"Constant","EasingDirection":"In"},"HumanoidRootPart":{"Weight":0,"CFrame":[0,0,0,1,0,0,0,1,0,0,0,1],"EasingStyle":"Linear","EasingDirection":"In"},"Right Leg":{"Weight":1,"CFrame":[0.5795742869377136,0.338520348072052,0.14373424649238587,0.9716981649398804,0.042090192437171939,-0.2324458211660385,-0.0370146743953228,0.9989724159240723,0.026156866922974588,0.23330803215503694,-0.016812793910503389,0.9722575545310974],"EasingStyle":"Constant","EasingDirection":"In"}}},{"Time":0.1666666716337204,"poses":{"Left Leg":{"Weight":1,"CFrame":[-0.04620516300201416,-0.060987263917922977,-0.004094749689102173,0.47112858295440676,-0.8793315887451172,-0.06938088685274124,0.8724845051765442,0.4761292636394501,-0.1098717600107193,0.12964791059494019,-0.008769992738962174,0.9915213584899902],"EasingStyle":"Constant","EasingDirection":"In"},"Right Arm":{"Weight":1,"CFrame":[0.03154844045639038,0.41374698281288149,0.27494844794273379,0.18938003480434419,-0.6512463092803955,0.7348560690879822,0.9282261729240418,0.36279764771461489,0.08230594545602799,-0.32020559906959536,0.6665254831314087,0.6732104420661926],"EasingStyle":"Constant","EasingDirection":"In"},"Head":{"Weight":1,"CFrame":[6.993569456881232e-8,8.940696716308594e-8,-8.940696716308594e-8,1,-7.981033434134588e-8,-9.568176473351287e-9,2.1935957050800427e-8,0.7794433236122131,0.6264728903770447,-4.9396248869015838e-8,-0.6264728307723999,0.7794433236122131],"EasingStyle":"Constant","EasingDirection":"In"},"Left Arm":{"Weight":1,"CFrame":[-0.03154855966567993,0.41374659538269045,0.27494844794273379,0.18937964737415315,0.6512464880943298,-0.7348560690879822,-0.928226113319397,0.3627973198890686,0.0823061466217041,0.32020553946495058,0.6665254235267639,0.6732104420661926],"EasingStyle":"Constant","EasingDirection":"In"},"Torso":{"Weight":1,"CFrame":[0.05512383580207825,0.13748952746391297,-0.5456448197364807,0.9281784296035767,0.3617285490036011,0.08739171177148819,-0.3721355199813843,0.9022213816642761,0.21797215938568116,8.871847967384383e-8,-0.234838604927063,0.9720343947410584],"EasingStyle":"Constant","EasingDirection":"In"},"HumanoidRootPart":{"Weight":0,"CFrame":[0,0,0,1,0,0,0,1,0,0,0,1],"EasingStyle":"Linear","EasingDirection":"In"},"Right Leg":{"Weight":1,"CFrame":[0.5502002239227295,0.3297036290168762,0.14002925157546998,0.9723322987556458,0.01378279086202383,-0.23319537937641145,-0.009699264541268349,0.9997791051864624,0.018648575991392137,0.2334006279706955,-0.015870772302150728,0.9722511172294617],"EasingStyle":"Constant","EasingDirection":"In"}}},{"Time":0.20000000298023225,"poses":{"Left Leg":{"Weight":1,"CFrame":[-0.04861319065093994,-0.05527481436729431,-0.0038195252418518068,0.5445578694343567,-0.8353042602539063,-0.07565412670373917,0.8292814493179321,0.5497292876243591,-0.10044924169778824,0.12549494206905366,-0.00803817342966795,0.9920617938041687],"EasingStyle":"Constant","EasingDirection":"In"},"Right Arm":{"Weight":1,"CFrame":[0.08167517185211182,0.2110842764377594,0.22439560294151307,0.13437162339687348,-0.7000647187232971,0.7013227343559265,0.9509990811347961,0.28999224305152895,0.10726289451122284,-0.278469055891037,0.6525442600250244,0.7047276496887207],"EasingStyle":"Constant","EasingDirection":"In"},"Head":{"Weight":1,"CFrame":[8.016193930870941e-8,2.9802322387695315e-8,1.7881393432617188e-7,1,-5.384680079600912e-8,2.6669667363421469e-8,5.2702901598422616e-8,0.8942826986312866,0.4475024342536926,-4.453140434179659e-8,-0.4475024342536926,0.8942827582359314],"EasingStyle":"Constant","EasingDirection":"In"},"Left Arm":{"Weight":1,"CFrame":[-0.08167511224746704,0.2110840529203415,0.22439596056938172,0.13437116146087647,0.7000648975372315,-0.7013226747512817,-0.9509992599487305,0.2899917662143707,0.10726311802864075,0.27846893668174746,0.6525441408157349,0.7047277688980103],"EasingStyle":"Constant","EasingDirection":"In"},"Torso":{"Weight":1,"CFrame":[0.04257011041045189,0.1061781719326973,-0.4784872531890869,0.9281784296035767,0.36596453189849856,0.06748940795660019,-0.37213554978370669,0.9127867221832275,0.16833195090293885,8.972737219892224e-8,-0.181357279419899,0.983417272567749],"EasingStyle":"Constant","EasingDirection":"In"},"HumanoidRootPart":{"Weight":0,"CFrame":[0,0,0,1,0,0,0,1,0,0,0,1],"EasingStyle":"Linear","EasingDirection":"In"},"Right Leg":{"Weight":1,"CFrame":[0.4869484305381775,0.30762779712677,0.13049417734146119,0.9711617231369019,-0.04588795080780983,-0.23396459221839906,0.048175960779190066,0.9988306164741516,0.004071883391588926,0.23350407183170319,-0.015226033516228199,0.9722365736961365],"EasingStyle":"Constant","EasingDirection":"In"}}},{"Time":0.23333333432674409,"poses":{"Left Leg":{"Weight":1,"CFrame":[-0.05160742998123169,-0.04567974805831909,-0.003419637680053711,0.6616448163986206,-0.745036244392395,-0.08454388380050659,0.7402756214141846,0.6669896841049194,-0.08435867726802826,0.11924022436141968,-0.006770352832973003,0.992842435836792],"EasingStyle":"Constant","EasingDirection":"In"},"Right Arm":{"Weight":1,"CFrame":[0.15378427505493165,-0.0804540291428566,0.15167377889156342,0.05010267719626427,-0.7598485946655273,0.6481664776802063,0.9739706516265869,0.1808222085237503,0.13669142127037049,-0.22106772661209107,0.6244465708732605,0.7491300702095032],"EasingStyle":"Constant","EasingDirection":"In"},"Head":{"Weight":1,"CFrame":[9.589244598373625e-8,1.862645149230957e-8,-2.9802322387695315e-8,1,-1.611834044012994e-8,5.0689152431004916e-8,2.6025919197536497e-8,0.9956619739532471,0.0930444598197937,-4.851188961652042e-8,-0.09304443746805191,0.9956619739532471],"EasingStyle":"Constant","EasingDirection":"In"},"Left Arm":{"Weight":1,"CFrame":[-0.15378403663635255,-0.08045422285795212,0.15167385339736939,0.05010238289833069,0.7598487734794617,-0.6481662392616272,-0.9739707708358765,0.18082189559936524,0.1366916298866272,0.2210676372051239,0.624446451663971,0.749130129814148],"EasingStyle":"Constant","EasingDirection":"In"},"Torso":{"Weight":1,"CFrame":[0.020651264116168023,0.05150827392935753,-0.3671455979347229,0.9281784296035767,0.37069255113601687,0.032739873975515369,-0.37213554978370669,0.9245792627334595,0.08165984600782395,9.084865837394318e-8,-0.08797857165336609,0.9961224794387817],"EasingStyle":"Constant","EasingDirection":"In"},"HumanoidRootPart":{"Weight":0,"CFrame":[0,0,0,1,0,0,0,1,0,0,0,1],"EasingStyle":"Linear","EasingDirection":"In"},"Right Leg":{"Weight":1,"CFrame":[0.35062986612319949,0.24750304222106934,0.10436612367630005,0.9579179883003235,-0.16737161576747895,-0.2331952452659607,0.16715961694717408,0.9857100248336792,-0.020816804841160775,0.23334690928459168,-0.019040077924728395,0.9722071886062622],"EasingStyle":"Constant","EasingDirection":"In"}}},{"Time":0.2666666805744171,"poses":{"Left Leg":{"Weight":1,"CFrame":[-0.9943926334381104,0.2507283091545105,-0.24094772338867188,0.9297916293144226,-0.28067007660865786,-0.23814193904399873,0.2995579242706299,0.9529464840888977,0.04645442217588425,0.21389837563037873,-0.11453033983707428,0.9701187610626221],"EasingStyle":"Constant","EasingDirection":"In"},"Right Arm":{"Weight":1,"CFrame":[-0.03888577222824097,0.24596475064754487,2.9802322387695315e-8,0.5830768942832947,-0.7148952484130859,0.3859356641769409,0.5781472325325012,0.6988726854324341,0.42109695076942446,-0.570760190486908,-0.02240440435707569,0.8208112716674805],"EasingStyle":"Constant","EasingDirection":"In"},"Head":{"Weight":1,"CFrame":[8.623251801509469e-8,-2.9802322387695315e-8,1.7881393432617188e-7,1,4.806554443348432e-8,9.152597613137914e-8,2.7728919604896875e-8,0.8752550482749939,-0.4836617112159729,-9.134602407812054e-8,0.4836616814136505,0.8752551078796387],"EasingStyle":"Constant","EasingDirection":"In"},"Left Arm":{"Weight":1,"CFrame":[0.03888595104217529,0.24596461653709413,1.1920928955078126e-7,0.47855332493782046,0.43826743960380556,-0.7608602643013,-0.2970162034034729,0.8962433338165283,0.3294377028942108,0.8262978196144104,0.06833424419164658,0.5590729117393494],"EasingStyle":"Constant","EasingDirection":"In"},"Torso":{"Weight":1,"CFrame":[-0.03665458410978317,-0.09142366796731949,-0.30228710174560549,0.9281784296035767,0.36757034063339236,-0.058111242949962619,-0.37213554978370669,0.9167919158935547,-0.14494052529335023,8.19330097101556e-8,0.15615591406822205,0.9877324104309082],"EasingStyle":"Constant","EasingDirection":"In"},"HumanoidRootPart":{"Weight":0,"CFrame":[0,0,0,1,0,0,0,1,0,0,0,1],"EasingStyle":"Linear","EasingDirection":"In"},"Right Leg":{"Weight":1,"CFrame":[1.415696382522583,0.5310159921646118,-0.06439143419265747,0.8040140867233276,0.5931059718132019,0.042265988886356357,-0.5939229130744934,0.8044703602790833,0.009132382459938527,-0.02858525887131691,-0.032445259392261508,0.9990646839141846],"EasingStyle":"Constant","EasingDirection":"In"}}},{"Time":0.30000001192092898,"poses":{"Left Leg":{"Weight":1,"CFrame":[-0.994360089302063,0.2505916953086853,-0.2408578097820282,0.929780125617981,-0.2807675898075104,-0.23807187378406526,0.2996402978897095,0.9529227614402771,0.04641273617744446,0.21383309364318849,-0.11448966711759567,0.9701380133628845],"EasingStyle":"Constant","EasingDirection":"In"},"Right Arm":{"Weight":1,"CFrame":[-0.0388941764831543,0.24582746624946595,-0.0000033974647521972658,0.5831981897354126,-0.7147802114486694,0.3859652280807495,0.5780332684516907,0.6989884972572327,0.4210612177848816,-0.5707516074180603,-0.02246152237057686,0.8208156824111939],"EasingStyle":"Constant","EasingDirection":"In"},"Head":{"Weight":1,"CFrame":[9.369021825023083e-8,-1.4901161193847657e-8,-8.940696716308594e-8,1,4.804612174780232e-8,9.154108937536876e-8,2.7729125662290245e-8,0.8753606081008911,-0.4834705591201782,-9.13529021318027e-8,0.48347052931785586,0.8753606677055359],"EasingStyle":"Constant","EasingDirection":"In"},"Left Arm":{"Weight":1,"CFrame":[0.0388941764831543,0.24582740664482118,-0.0000032782554626464845,0.478674978017807,0.43819424510002139,-0.7608259916305542,-0.2969375550746918,0.8962857723236084,0.3293928802013397,0.8262556791305542,0.06824560463428498,0.5591460466384888],"EasingStyle":"Constant","EasingDirection":"In"},"Torso":{"Weight":1,"CFrame":[-0.03663227707147598,-0.09136805683374405,-0.30224040150642397,0.9281784296035767,0.3675759434700012,-0.05807587876915932,-0.37213554978370669,0.9168058633804321,-0.14485232532024384,8.193888589858034e-8,0.15606088936328889,0.9877474308013916],"EasingStyle":"Constant","EasingDirection":"In"},"HumanoidRootPart":{"Weight":0,"CFrame":[0,0,0,1,0,0,0,1,0,0,0,1],"EasingStyle":"Linear","EasingDirection":"In"},"Right Leg":{"Weight":1,"CFrame":[1.4158064126968384,0.5308271646499634,-0.06438577175140381,0.8039203882217407,0.5932329893112183,0.04226764664053917,-0.5940493941307068,0.8043769001960754,0.009121888317167759,-0.02858757972717285,-0.03244241699576378,0.9990647435188294],"EasingStyle":"Constant","EasingDirection":"In"}}},{"Time":0.3333333432674408,"poses":{"Left Leg":{"Weight":1,"CFrame":[-0.9933698177337647,0.24635809659957887,-0.2379922866821289,0.9294145703315735,-0.2838021218776703,-0.2358916997909546,0.3021968603134155,0.9521788358688355,0.04508671537041664,0.21181537210941316,-0.11318991333246231,0.9707328677177429],"EasingStyle":"Constant","EasingDirection":"In"},"Right Arm":{"Weight":1,"CFrame":[-0.03915339708328247,0.24158644676208497,-0.00010797381401062012,0.5869526863098145,-0.7112030982971191,0.38688087463378909,0.5744888782501221,0.7025688886642456,0.4199514389038086,-0.5704814195632935,-0.024232935160398485,0.8209530711174011],"EasingStyle":"Constant","EasingDirection":"In"},"Head":{"Weight":1,"CFrame":[7.090751807936613e-8,1.4901161193847657e-8,0,1,1.5379685081029494e-8,8.904505222062653e-8,-2.066274040757321e-9,0.8786181211471558,-0.4775252342224121,-9.156704550150607e-8,0.4775252342224121,0.878618061542511],"EasingStyle":"Constant","EasingDirection":"In"},"Left Arm":{"Weight":1,"CFrame":[0.039153456687927249,0.24158641695976258,-0.00010783970355987549,0.48243963718414309,0.43591779470443728,-0.75975501537323,-0.29449331760406496,0.8975998163223267,0.32800620794296267,0.8249397277832031,0.06549949198961258,0.5614127516746521],"EasingStyle":"Constant","EasingDirection":"In"},"Torso":{"Weight":1,"CFrame":[-0.03594039008021355,-0.08964236080646515,-0.30078986287117007,0.9281784296035767,0.36774757504463198,-0.0569789856672287,-0.37213554978370669,0.917233943939209,-0.1421164572238922,8.21206214141057e-8,0.15311332046985627,0.9882086515426636],"EasingStyle":"Constant","EasingDirection":"In"},"HumanoidRootPart":{"Weight":0,"CFrame":[0,0,0,1,0,0,0,1,0,0,0,1],"EasingStyle":"Linear","EasingDirection":"In"},"Right Leg":{"Weight":1,"CFrame":[1.4191670417785645,0.525017261505127,-0.06434240937232971,0.8010203242301941,0.5971388220787048,0.04232961684465408,-0.5979523062705994,0.801482617855072,0.008875308558344841,-0.028626563027501107,-0.03242034092545509,0.9990642666816711],"EasingStyle":"Constant","EasingDirection":"In"}}},{"Time":0.36666667461395266,"poses":{"Left Leg":{"Weight":1,"CFrame":[-0.9857240915298462,0.21771973371505738,-0.21864202618598939,0.9266548156738281,-0.3042137324810028,-0.22082722187042237,0.3195463716983795,0.9468676447868347,0.03649439290165901,0.19799214601516725,-0.10438217967748642,0.9746299982070923],"EasingStyle":"Constant","EasingDirection":"In"},"Right Arm":{"Weight":1,"CFrame":[-0.040917396545410159,0.2127196043729782,-0.0008195638656616211,0.6121277809143066,-0.6861942410469055,0.39298486709594729,0.5497580766677856,0.72651207447052,0.4122450351715088,-0.5683885812759399,-0.03630008175969124,0.8219592571258545],"EasingStyle":"Constant","EasingDirection":"In"},"Head":{"Weight":1,"CFrame":[7.917847710814385e-8,0,-1.7881393432617188e-7,1,7.503960119947806e-8,8.324176548057949e-8,2.7810546754380995e-8,0.8998640179634094,-0.4361705482006073,-9.680048407290087e-8,0.4361705780029297,0.8998640775680542],"EasingStyle":"Constant","EasingDirection":"In"},"Left Arm":{"Weight":1,"CFrame":[0.040917277336120608,0.21271944046020509,-0.000819474458694458,0.5078406929969788,0.4200119376182556,-0.7521222829818726,-0.27756571769714358,0.9063051342964172,0.3186975419521332,0.8155091404914856,0.04691561684012413,0.5768396854400635],"EasingStyle":"Constant","EasingDirection":"In"},"Torso":{"Weight":1,"CFrame":[-0.03121640719473362,-0.0778598040342331,-0.291062593460083,0.9281784296035767,0.3688300848007202,-0.04948972165584564,-0.37213554978370669,0.9199339747428894,-0.12343676388263703,8.333982037811438e-8,0.13298821449279786,0.9911175966262817],"EasingStyle":"Constant","EasingDirection":"In"},"HumanoidRootPart":{"Weight":0,"CFrame":[0,0,0,1,0,0,0,1,0,0,0,1],"EasingStyle":"Linear","EasingDirection":"In"},"Right Leg":{"Weight":1,"CFrame":[1.4394792318344117,0.48629310727119448,-0.06401515007019043,0.7815142869949341,0.6224237680435181,0.042710866779088977,-0.6232171654701233,0.7820157408714294,0.007210263051092625,-0.02891262248158455,-0.03225318342447281,0.9990615248680115],"EasingStyle":"Constant","EasingDirection":"In"}}},{"Time":0.4000000059604645,"poses":{"Left Leg":{"Weight":1,"CFrame":[-0.9435214996337891,0.1156277060508728,-0.1496136486530304,0.9124475121498108,-0.3757076561450958,-0.1621209979057312,0.382464200258255,0.9238991737365723,0.011487127281725407,0.14546765387058259,-0.07248678803443909,0.9867041110992432],"EasingStyle":"Constant","EasingDirection":"In"},"Right Arm":{"Weight":1,"CFrame":[-0.04744678735733032,0.10587197542190552,-0.003453850746154785,0.6985984444618225,-0.5840203762054443,0.41337698698043826,0.4494643807411194,0.8077122569084168,0.38155272603034975,-0.5567244291305542,-0.08075403422117233,0.8267629742622376],"EasingStyle":"Constant","EasingDirection":"In"},"Head":{"Weight":1,"CFrame":[8.837566412012166e-8,-2.9802322387695315e-8,-1.4901161193847657e-7,1,2.8547447072924116e-8,1.2001190441424115e-7,2.8590550371632163e-8,0.9625831842422485,-0.2709864675998688,-1.1036733127411935e-7,0.2709864377975464,0.9625832438468933],"EasingStyle":"Constant","EasingDirection":"In"},"Left Arm":{"Weight":1,"CFrame":[0.04744681715965271,0.10587206482887268,-0.0034537017345428468,0.5978049039840698,0.35510748624801638,-0.7186987400054932,-0.2107764482498169,0.9346164464950562,0.2864704132080078,0.773435652256012,-0.019768740981817247,0.6335667371749878],"EasingStyle":"Constant","EasingDirection":"In"},"Torso":{"Weight":1,"CFrame":[-0.01354776881635189,-0.033790770918130878,-0.25729918479919436,0.9281784296035767,0.3715152144432068,-0.021478334441781045,-0.37213554978370669,0.9266312122344971,-0.053570907562971118,8.756833835832367e-8,0.057716209441423419,0.9983330368995667],"EasingStyle":"Constant","EasingDirection":"In"},"HumanoidRootPart":{"Weight":0,"CFrame":[0,0,0,1,0,0,0,1,0,0,0,1],"EasingStyle":"Linear","EasingDirection":"In"},"Right Leg":{"Weight":1,"CFrame":[1.4790931940078736,0.35948485136032107,-0.06252804398536682,0.714939296245575,0.697826623916626,0.04358749836683273,-0.6985353827476502,0.7155740261077881,0.0014644887996837497,-0.03016809932887554,-0.031494539231061938,0.9990485906600952],"EasingStyle":"Constant","EasingDirection":"In"}}},{"Time":0.4333333373069763,"poses":{"Left Leg":{"Weight":1,"CFrame":[-0.7232553958892822,-0.09759801626205445,0.004937916994094849,0.8480844497680664,-0.5298190116882324,0.006671247538179159,0.5298237800598145,0.848107099533081,0.0012047176714986563,-0.006296180188655853,0.002512916224077344,0.9999770522117615],"EasingStyle":"Constant","EasingDirection":"In"},"Right Arm":{"Weight":1,"CFrame":[-0.0650116503238678,-0.1815633475780487,-0.010540425777435303,0.8591119647026062,-0.25072258710861208,0.4461669325828552,0.12782247364521027,0.9492696523666382,0.2873125672340393,-0.49556857347488406,-0.18980367481708527,0.847576916217804],"EasingStyle":"Constant","EasingDirection":"In"},"Head":{"Weight":1,"CFrame":[8.691136343941253e-8,2.2351741790771486e-8,-1.7881393432617188e-7,1,-3.4932682524413397e-8,1.2014108108360234e-7,3.496101896871551e-8,0.9755062460899353,0.21997186541557313,-1.2792659731530876e-7,-0.2199718952178955,0.9755063056945801],"EasingStyle":"Constant","EasingDirection":"In"},"Left Arm":{"Weight":1,"CFrame":[0.06501179933547974,-0.18156355619430543,-0.01054045557975769,0.7935069799423218,0.14138905704021455,-0.5919086337089539,-0.007626824080944061,0.9748703241348267,0.2226424366235733,0.6085134148597717,-0.17215408384799958,0.7746447920799255],"EasingStyle":"Constant","EasingDirection":"In"},"Torso":{"Weight":1,"CFrame":[0.03442545235157013,0.08586376905441284,-0.18448305130004884,0.9281784296035767,0.36811167001724245,0.0545770637691021,-0.3721355199813843,0.9181420803070068,0.1361260712146759,9.644985965451269e-8,-0.14665934443473817,0.9891870617866516],"EasingStyle":"Constant","EasingDirection":"In"},"HumanoidRootPart":{"Weight":0,"CFrame":[0,0,0,1,0,0,0,1,0,0,0,1],"EasingStyle":"Linear","EasingDirection":"In"},"Right Leg":{"Weight":1,"CFrame":[1.3886189460754395,0.19357436895370484,-0.05530712008476257,0.6035134196281433,0.7961981296539307,0.04289525747299194,-0.7966147661209106,0.6043959259986877,-0.010518391616642475,-0.034300535917282107,-0.02782297693192959,0.9990242123603821],"EasingStyle":"Constant","EasingDirection":"In"}}},{"Time":0.46666666865348818,"poses":{"Left Leg":{"Weight":1,"CFrame":[-0.02512592077255249,-0.020548999309539796,-0.0004735887050628662,0.521648645401001,-0.8526569604873657,-0.02930406667292118,0.8520880937576294,0.5224072337150574,-0.03219645097851753,0.04276129603385925,-0.008174513466656208,0.9990518689155579],"EasingStyle":"Constant","EasingDirection":"In"},"Right Arm":{"Weight":1,"CFrame":[-0.044503867626190189,0.3327232301235199,0.23153156042099,0.5318141579627991,-0.5056473016738892,0.6793338060379028,0.6658431887626648,0.7453382015228272,0.033523138612508777,-0.523284375667572,0.4345018267631531,0.733063280582428],"EasingStyle":"Constant","EasingDirection":"In"},"Head":{"Weight":1,"CFrame":[8.776898852147497e-8,5.960464477539063e-8,-4.172325134277344e-7,1,-7.966266935000022e-8,4.058896863057271e-8,-4.930814867520894e-9,0.6908474564552307,0.7230005860328674,-8.787068850324431e-8,-0.7230005264282227,0.6908474564552307],"EasingStyle":"Constant","EasingDirection":"In"},"Left Arm":{"Weight":1,"CFrame":[0.044503986835479739,0.33272287249565127,0.23153159022331239,0.5318138599395752,0.505647599697113,-0.6793338656425476,-0.6658434867858887,0.7453379034996033,0.033523209393024448,0.523284375667572,0.4345019459724426,0.733063280582428],"EasingStyle":"Constant","EasingDirection":"In"},"Torso":{"Weight":1,"CFrame":[0.06744412332773209,0.16821882128715516,-0.5103850364685059,0.9281784296035767,0.35644370317459109,0.10692397505044937,-0.3721355199813843,0.889039933681488,0.2666894495487213,9.04279673363817e-8,-0.28732559084892275,0.9578329920768738],"EasingStyle":"Constant","EasingDirection":"In"},"HumanoidRootPart":{"Weight":0,"CFrame":[0,0,0,1,0,0,0,1,0,0,0,1],"EasingStyle":"Linear","EasingDirection":"In"},"Right Leg":{"Weight":1,"CFrame":[0.8547930717468262,0.4209514856338501,0.13302531838417054,0.9441145658493042,0.28076988458633425,-0.1726727932691574,-0.2748192250728607,0.9597476124763489,0.0579582117497921,0.18199527263641358,-0.007265289314091206,0.9832726716995239],"EasingStyle":"Constant","EasingDirection":"In"}}},{"Time":0.5,"poses":{"Left Leg":{"Weight":1,"CFrame":[-0.04386526346206665,-0.06567898392677307,-0.004345834255218506,0.40919002890586855,-0.9102264642715454,-0.06365147978067398,0.9026542901992798,0.4140051007270813,-0.11753758043050766,0.13333798944950105,-0.009360195137560368,0.9910265207290649],"EasingStyle":"Constant","EasingDirection":"In"},"Right Arm":{"Weight":1,"CFrame":[-0.029153048992156984,0.659163773059845,0.3361658751964569,0.25103816390037539,-0.5851513147354126,0.7710887789726257,0.893665611743927,0.44619569182395937,0.04765678942203522,-0.37194305658340456,0.6771318316459656,0.6349416971206665],"EasingStyle":"Constant","EasingDirection":"In"},"Head":{"Weight":1,"CFrame":[9.868707451232695e-8,0,1.7881393432617188e-7,1,-5.091052912575833e-8,8.655987926431408e-9,2.169879209645842e-8,0.6639026403427124,0.7478191256523132,-6.137054242572049e-8,-0.7478190660476685,0.6639026403427124],"EasingStyle":"Constant","EasingDirection":"In"},"Left Arm":{"Weight":1,"CFrame":[0.029153108596801759,0.6591637134552002,0.3361661732196808,0.2510381042957306,0.5851514339447022,-0.771088719367981,-0.8936656713485718,0.4461955428123474,0.047656942158937457,0.371942937374115,0.6771317720413208,0.6349418759346008],"EasingStyle":"Constant","EasingDirection":"In"},"Torso":{"Weight":1,"CFrame":[0.06517759710550308,0.162565678358078,-0.6015111207962036,0.9281784296035767,0.35750189423561098,0.10333074629306793,-0.3721355199813843,0.8916792273521423,0.2577272057533264,8.771030479692854e-8,-0.2776698172092438,0.9606766700744629],"EasingStyle":"Constant","EasingDirection":"In"},"HumanoidRootPart":{"Weight":0,"CFrame":[0,0,0,1,0,0,0,1,0,0,0,1],"EasingStyle":"Linear","EasingDirection":"In"},"Right Leg":{"Weight":1,"CFrame":[0.5956013202667236,0.3428998589515686,0.14552617073059083,0.9710254073143005,0.05770876258611679,-0.23190374672412873,-0.052042435854673389,0.99817955493927,0.030484769493341447,0.23324079811573029,-0.01753261312842369,0.9722610116004944],"EasingStyle":"Constant","EasingDirection":"In"}}},{"Time":0.5333333611488342,"poses":{"Left Leg":{"Weight":1,"CFrame":[-0.043871402740478519,-0.06566751003265381,-0.004345357418060303,0.4093431830406189,-0.9101565480232239,-0.06366626173257828,0.9025861620903015,0.41415879130363467,-0.11751895397901535,0.13332851231098176,-0.009358647279441357,0.9910277128219605],"EasingStyle":"Constant","EasingDirection":"In"},"Right Arm":{"Weight":1,"CFrame":[-0.02848684787750244,0.6564706563949585,0.33549395203590395,0.25039443373680117,-0.5859137773513794,0.7707189321517944,0.8940839767456055,0.445313423871994,0.0480610653758049,-0.37137123942375185,0.6770532131195068,0.6353601813316345],"EasingStyle":"Constant","EasingDirection":"In"},"Head":{"Weight":1,"CFrame":[5.965434723975705e-8,-2.9802322387695315e-8,-1.4901161193847657e-7,1,-5.906764499741257e-8,5.488818732857226e-9,2.1698779661960544e-8,0.664202868938446,0.7475523352622986,-5.3908568276028748e-8,-0.7475523352622986,0.664202868938446],"EasingStyle":"Constant","EasingDirection":"In"},"Left Arm":{"Weight":1,"CFrame":[0.028486967086791993,0.6564702987670898,0.33549413084983828,0.2503941059112549,0.5859140157699585,-0.7707189321517944,-0.894084095954895,0.44531306624412539,0.048061273992061618,0.37137117981910708,0.6770532131195068,0.6353601813316345],"EasingStyle":"Constant","EasingDirection":"In"},"Torso":{"Weight":1,"CFrame":[0.06515330076217652,0.16250501573085786,-0.6013732552528381,0.9281784296035767,0.35751304030418398,0.10329215228557587,-0.3721355199813843,0.8917070627212524,0.25763094425201418,8.771296222676028e-8,-0.27756616473197939,0.9607065320014954],"EasingStyle":"Constant","EasingDirection":"In"},"HumanoidRootPart":{"Weight":0,"CFrame":[0,0,0,1,0,0,0,1,0,0,0,1],"EasingStyle":"Linear","EasingDirection":"In"},"Right Leg":{"Weight":1,"CFrame":[0.5954967737197876,0.34287214279174807,0.1455150544643402,0.971030592918396,0.05760636180639267,-0.23190782964229585,-0.05194387957453728,0.9981855750083923,0.030455928295850755,0.23324136435985566,-0.017527425661683084,0.9722608923912048],"EasingStyle":"Constant","EasingDirection":"In"}}},{"Time":0.5666666626930237,"poses":{"Left Leg":{"Weight":1,"CFrame":[-0.04396277666091919,-0.0654953122138977,-0.004335373640060425,0.4116399884223938,-0.9091046452522278,-0.06388604640960694,0.9015616178512573,0.4164632558822632,-0.11723855137825012,0.1331884264945984,-0.009337248280644417,0.9910467863082886],"EasingStyle":"Constant","EasingDirection":"In"},"Right Arm":{"Weight":1,"CFrame":[-0.023823857307434083,0.6376186013221741,0.3307916522026062,0.2458655685186386,-0.5912303328514099,0.7681124806404114,0.8969892263412476,0.4391150176525116,0.05087708681821823,-0.36736980080604555,0.6764796376228333,0.6382905840873718],"EasingStyle":"Constant","EasingDirection":"In"},"Head":{"Weight":1,"CFrame":[6.932025797823371e-8,5.960464477539063e-8,-5.960464477539063e-8,1,-6.549540643163709e-8,9.312874915679004e-9,2.169887380887303e-8,0.6686955094337463,0.7435363531112671,-6.118821005429709e-8,-0.7435364127159119,0.6686955690383911],"EasingStyle":"Constant","EasingDirection":"In"},"Left Arm":{"Weight":1,"CFrame":[0.02382415533065796,0.637618362903595,0.3307918608188629,0.24586524069309236,0.5912305116653442,-0.7681124210357666,-0.8969892859458923,0.4391147196292877,0.05087726190686226,0.3673696517944336,0.6764796376228333,0.6382906436920166],"EasingStyle":"Constant","EasingDirection":"In"},"Torso":{"Weight":1,"CFrame":[0.0647881031036377,0.16159412264823914,-0.5993092656135559,0.9281784296035767,0.3576798439025879,0.1027131900191307,-0.3721355199813843,0.8921231031417847,0.25618690252304079,8.77527597253902e-8,-0.2760103642940521,0.9611547589302063],"EasingStyle":"Constant","EasingDirection":"In"},"HumanoidRootPart":{"Weight":0,"CFrame":[0,0,0,1,0,0,0,1,0,0,0,1],"EasingStyle":"Linear","EasingDirection":"In"},"Right Leg":{"Weight":1,"CFrame":[0.5939210057258606,0.342454731464386,0.14534807205200196,0.9711068868637085,0.056066811084747317,-0.2319653034210205,-0.05046373978257179,0.9982745051383972,0.030022703111171724,0.23324839770793916,-0.017449447885155679,0.9722607135772705],"EasingStyle":"Constant","EasingDirection":"In"}}},{"Time":0.6000000238418579,"poses":{"Left Leg":{"Weight":1,"CFrame":[-0.04435521364212036,-0.06474941968917847,-0.00429418683052063,0.42156699299812319,-0.9044770002365112,-0.0648295134305954,0.8970521688461304,0.4264224171638489,-0.11602337658405304,0.13258516788482667,-0.009243852458894253,0.9911285042762756],"EasingStyle":"Constant","EasingDirection":"In"},"Right Arm":{"Weight":1,"CFrame":[-0.011167287826538086,0.5864475965499878,0.318027526140213,0.23338812589645387,-0.6054648160934448,0.7608826160430908,0.9046654105186462,0.42210283875465395,0.05839305371046066,-0.356525719165802,0.6747159361839294,0.6462569236755371],"EasingStyle":"Constant","EasingDirection":"In"},"Head":{"Weight":1,"CFrame":[4.421986332658889e-8,-2.9802322387695315e-8,-2.086162567138672e-7,1,-5.756351839636409e-8,8.482395230657858e-9,2.1706744846028415e-8,0.6879574656486511,0.7257510423660278,-6.045116407449314e-8,-0.7257510423660278,0.6879574060440064],"EasingStyle":"Constant","EasingDirection":"In"},"Left Arm":{"Weight":1,"CFrame":[0.011167466640472412,0.5864471793174744,0.31802764534950259,0.2333878129720688,0.6054650545120239,-0.760882556438446,-0.904665470123291,0.42210251092910769,0.0583932138979435,0.35652562975883486,0.6747158169746399,0.6462569832801819],"EasingStyle":"Constant","EasingDirection":"In"},"Torso":{"Weight":1,"CFrame":[0.06320318579673767,0.15764106810092927,-0.5903820991516113,0.9281784296035767,0.3583918511867523,0.10020051151514054,-0.3721355199813843,0.8938989639282227,0.2499198019504547,8.792266470436516e-8,-0.2692583203315735,0.9630680084228516],"EasingStyle":"Constant","EasingDirection":"In"},"HumanoidRootPart":{"Weight":0,"CFrame":[0,0,0,1,0,0,0,1,0,0,0,1],"EasingStyle":"Linear","EasingDirection":"In"},"Right Leg":{"Weight":1,"CFrame":[0.5870261788368225,0.34059351682662966,0.1445925533771515,0.9714144468307495,0.04933904856443405,-0.2322060912847519,-0.04399331286549568,0.9986352920532227,0.028146963566541673,0.23327764868736268,-0.01712687313556671,0.9722593426704407],"EasingStyle":"Constant","EasingDirection":"In"}}},{"Time":0.6333333253860474,"poses":{"Left Leg":{"Weight":1,"CFrame":[-0.0453677773475647,-0.06274470686912537,-0.004185855388641357,0.44807520508766177,-0.8914594054222107,-0.06729643791913986,0.8843459486961365,0.4530114233493805,-0.1127512976527214,0.1309993863105774,-0.008992258459329605,0.9913416504859924],"EasingStyle":"Constant","EasingDirection":"In"},"Right Arm":{"Weight":1,"CFrame":[0.013479530811309815,0.4867997467517853,0.29317060112953188,0.2083410620689392,-0.632322371006012,0.7461650967597961,0.9187113046646118,0.3882233202457428,0.0724732056260109,-0.3355051875114441,0.6704110503196716,0.6618044972419739],"EasingStyle":"Constant","EasingDirection":"In"},"Head":{"Weight":1,"CFrame":[1.2086154299595365e-7,-1.4901161193847657e-7,8.940696716308594e-8,1,-9.851948590267057e-8,1.4860878749800577e-8,5.159133209