{"Sequence":[{"Time":0,"poses":{"Left Leg":{"Weight":1,"CFrame":[0.008013850077986718,-0.00033295154571533203,-0.0040953755378723148,0.9998590350151062,0.01678844913840294,-1.8761869569061674e-7,-0.016788475215435029,0.999859094619751,3.033148132658425e-8,1.4933436887076824e-7,-5.999312602256168e-9,1],"EasingStyle":"Linear","EasingDirection":"In"},"Right Arm":{"Weight":1,"CFrame":[2.480917373759439e-7,0.0027892887592315675,-0.00016102194786071777,1,5.031846050940203e-9,2.73625545332834e-7,-5.031886463058299e-9,1,1.006837209160949e-7,-2.7362557375454346e-7,-1.6028839411319496e-7,1],"EasingStyle":"Linear","EasingDirection":"In"},"Head":{"Weight":1,"CFrame":[8.390634320676327e-8,-3.4924596548080446e-9,0.016662240028381349,0.9999547004699707,-0.009493880905210972,-0.0007596269133500755,0.009496975690126419,0.9999462962150574,0.0041713714599609379,0.0007199739338830113,-0.004178404342383146,0.9999910593032837],"EasingStyle":"Linear","EasingDirection":"In"},"Left Arm":{"Weight":1,"CFrame":[1.8914296617822402e-7,0.0027891695499420168,-0.000160902738571167,1,3.790201485998068e-9,1.9267488937657618e-7,5.7622262517043057e-8,1,-1.1722509896117117e-7,-2.1066220767806954e-7,5.7620454185780548e-8,1],"EasingStyle":"Linear","EasingDirection":"In"},"Torso":{"Weight":1,"CFrame":[0,0,0,1,2.384185791015625e-7,-8.742277657347586e-8,-2.384185791015625e-7,1,2.084321417176148e-14,8.742277657347586e-8,0,1],"EasingStyle":"Linear","EasingDirection":"In"},"HumanoidRootPart":{"Weight":0,"CFrame":[0,0,0,1,0,0,0,1,0,0,0,1],"EasingStyle":"Linear","EasingDirection":"In"},"Right Leg":{"Weight":1,"CFrame":[-0.008005436509847641,-0.0003319382667541504,-0.004095196723937988,0.9998592734336853,-0.01677151583135128,7.655042963961023e-7,0.016771458089351655,0.9998594522476196,1.4557386407432205e-7,-7.062941449476057e-7,-1.7281891473430734e-7,1],"EasingStyle":"Linear","EasingDirection":"In"}}},{"Time":0.03333333507180214,"poses":{"Left Leg":{"Weight":1,"CFrame":[-0.6290664672851563,0.12750566005706788,0.09501087665557862,0.9299668073654175,-0.3600933849811554,0.07412460446357727,0.3581719696521759,0.9328729510307312,0.03822316974401474,-0.08291278779506684,-0.00899695698171854,0.996516227722168],"EasingStyle":"Linear","EasingDirection":"In"},"Right Arm":{"Weight":1,"CFrame":[-0.020283151417970659,0.060224905610084537,0.24617069959640504,0.9996280670166016,-0.026850879192352296,-0.00478954566642642,0.02490796521306038,0.8271502256393433,0.5614287853240967,-0.011113173328340054,-0.5613391399383545,0.8275113105773926],"EasingStyle":"Linear","EasingDirection":"In"},"Head":{"Weight":1,"CFrame":[8.405186235904694e-8,-6.05359673500061e-9,0.016662180423736573,0.991197407245636,-0.13235850632190705,-0.0029910642188042404,0.132316455245018,0.9911413788795471,-0.011452012695372105,0.004480328876525164,0.010955429635941983,0.9999300241470337],"EasingStyle":"Linear","EasingDirection":"In"},"Left Arm":{"Weight":1,"CFrame":[-0.06414948403835297,0.08596585690975189,0.23292577266693116,0.995134711265564,0.08959559351205826,0.040985047817230228,-0.0969814732670784,0.8174288272857666,0.5678068995475769,0.017370618879795076,-0.569019079208374,0.8221408724784851],"EasingStyle":"Linear","EasingDirection":"In"},"Torso":{"Weight":1,"CFrame":[0.002974833594635129,0.012476969510316849,-0.019428493455052377,0.9924113154411316,0.12290962040424347,0.0036164680495858194,-0.1229507252573967,0.9922968745231628,0.015168476849794388,-0.0017242584144696594,-0.01549801416695118,0.9998784065246582],"EasingStyle":"Linear","EasingDirection":"In"},"HumanoidRootPart":{"Weight":0,"CFrame":[0,0,0,1,0,0,0,1,0,0,0,1],"EasingStyle":"Linear","EasingDirection":"In"},"Right Leg":{"Weight":1,"CFrame":[0.11685173213481903,0.016693174839019777,-0.016705304384231569,0.9945147633552551,0.06669942289590836,-0.08056993782520294,-0.06612209975719452,0.9977633357048035,0.00981596577912569,0.0810445100069046,-0.0044347066432237629,0.9967007040977478],"EasingStyle":"Linear","EasingDirection":"In"}}},{"Time":0.06666667014360428,"poses":{"Left Leg":{"Weight":1,"CFrame":[-0.9226889610290527,0.35946059226989748,0.29956167936325076,0.761430561542511,-0.6190259456634522,0.19243274629116059,0.5983226895332336,0.7853488326072693,0.15886157751083375,-0.24946631491184236,-0.005825100466609001,0.9683660268783569],"EasingStyle":"Linear","EasingDirection":"In"},"Right Arm":{"Weight":1,"CFrame":[-0.05683605745434761,0.14050477743148805,0.7318353652954102,0.9969518184661865,-0.05084832012653351,-0.059173665940761569,0.033108584582805637,-0.41103726625442507,0.9110172986984253,-0.07064630091190338,-0.9101994037628174,-0.4081007242202759],"EasingStyle":"Linear","EasingDirection":"In"},"Head":{"Weight":1,"CFrame":[7.881317287683487e-8,-1.1175870895385743e-8,0.01666206121444702,0.9347137212753296,-0.3553932011127472,-0.0024579952005296947,0.355001300573349,0.9339664578437805,-0.04099841043353081,0.016866229474544526,0.037449173629283908,0.9991562366485596],"EasingStyle":"Linear","EasingDirection":"In"},"Left Arm":{"Weight":1,"CFrame":[-0.1888805478811264,0.2127712368965149,0.6963971853256226,0.9602824449539185,0.11091198027133942,0.256039559841156,-0.17120423913002015,-0.4903777837753296,0.8545286059379578,0.22033359110355378,-0.8644236922264099,-0.4519123435020447],"EasingStyle":"Linear","EasingDirection":"In"},"Torso":{"Weight":1,"CFrame":[0.0129561061039567,0.03436256945133209,-0.05604409798979759,0.9380471110343933,0.3461495637893677,0.01575087383389473,-0.34650757908821108,0.9371165037155151,0.04177519306540489,-0.00029993787757121027,-0.04464489594101906,0.9990028738975525],"EasingStyle":"Linear","EasingDirection":"In"},"HumanoidRootPart":{"Weight":0,"CFrame":[0,0,0,1,0,0,0,1,0,0,0,1],"EasingStyle":"Linear","EasingDirection":"In"},"Right Leg":{"Weight":1,"CFrame":[0.14426392316818238,0.049313366413116458,-0.018290460109710695,0.9654034972190857,0.11462925374507904,-0.2342142015695572,-0.1116921678185463,0.9934076070785523,0.02581235207617283,0.23562918603420258,0.0012404880253598095,0.9718422889709473],"EasingStyle":"Linear","EasingDirection":"In"}}},{"Time":0.10000000149011612,"poses":{"Left Leg":{"Weight":1,"CFrame":[-1.0128560066223145,0.47164395451545718,0.34713876247406008,0.6516194939613342,-0.7274592518806458,0.2149304300546646,0.6772963404655457,0.685563325881958,0.2669692039489746,-0.3415576219558716,-0.02839074470102787,0.9394319653511047],"EasingStyle":"Linear","EasingDirection":"In"},"Right Arm":{"Weight":1,"CFrame":[-0.0757276639342308,0.19449257850646974,1.011131763458252,0.9959580302238464,-0.038604818284511569,-0.0811011865735054,0.009560116566717625,-0.8522343635559082,0.5230727791786194,-0.08931029587984085,-0.521733820438385,-0.8484205603599548],"EasingStyle":"Linear","EasingDirection":"In"},"Head":{"Weight":1,"CFrame":[9.586801752448082e-8,1.30385160446167e-8,0.016662240028381349,0.8839202523231506,-0.46763697266578677,-0.0008424861589446664,0.4668370187282562,0.8825110793113709,-0.056898776441812518,0.027351487427949907,0.049900706857442859,0.9983795881271362],"EasingStyle":"Linear","EasingDirection":"In"},"Left Arm":{"Weight":1,"CFrame":[-0.25873008370399477,0.2941061854362488,0.9639796018600464,0.9493014216423035,0.03100847452878952,0.3128342628479004,-0.10796978324651718,-0.9024311900138855,0.41708600521087649,0.29524463415145876,-0.4297168552875519,-0.8533311486244202],"EasingStyle":"Linear","EasingDirection":"In"},"Torso":{"Weight":1,"CFrame":[0.021483702585101129,0.044683363288640979,-0.07604789733886719,0.8883205056190491,0.4584808647632599,0.026118023321032525,-0.45922091603279116,0.8866596221923828,0.05432235822081566,0.0017479669768363238,-0.06024960055947304,0.9981818199157715],"EasingStyle":"Linear","EasingDirection":"In"},"HumanoidRootPart":{"Weight":0,"CFrame":[0,0,0,1,0,0,0,1,0,0,0,1],"EasingStyle":"Linear","EasingDirection":"In"},"Right Leg":{"Weight":1,"CFrame":[0.1313111037015915,0.06707578897476196,-0.015212416648864746,0.9405242204666138,0.12518948316574098,-0.31581956148147585,-0.12161178141832352,0.9920905828475952,0.031095486134290696,0.31721431016921999,0.009161294437944889,0.9483096599578857],"EasingStyle":"Linear","EasingDirection":"In"}}},{"Time":0.13333334028720857,"poses":{"Left Leg":{"Weight":1,"CFrame":[-1.016236662864685,0.43533024191856387,0.32077425718307497,0.6794921159744263,-0.7113729119300842,0.17955246567726136,0.6706693768501282,0.7014721632003784,0.24112074077129365,-0.2974778711795807,-0.04341932013630867,0.9537408947944641],"EasingStyle":"Linear","EasingDirection":"In"},"Right Arm":{"Weight":1,"CFrame":[-0.07588866353034973,0.19491970539093018,1.0101186037063599,0.9959239363670349,-0.04314830154180527,-0.07920771837234497,0.007661429233849049,-0.8345147967338562,0.5509322881698608,-0.08987180888652802,-0.5492935180664063,-0.8307826519012451],"EasingStyle":"Linear","EasingDirection":"In"},"Head":{"Weight":1,"CFrame":[8.800998330116272e-8,-4.284083843231201e-8,0.016662806272506715,0.890799343585968,-0.4543885886669159,-0.0027466812171041967,0.4535045325756073,0.8894124031066895,-0.05726471170783043,0.02846335805952549,0.04976572468876839,0.9983553290367127],"EasingStyle":"Linear","EasingDirection":"In"},"Left Arm":{"Weight":1,"CFrame":[-0.2581431269645691,0.2943231463432312,0.9632317423820496,0.9505162835121155,0.047734249383211139,0.3069857954978943,-0.0980638787150383,-0.8915108442306519,0.44225773215293887,0.2947920560836792,-0.45047736167907717,-0.8427145481109619],"EasingStyle":"Linear","EasingDirection":"In"},"Torso":{"Weight":1,"CFrame":[0.022399311885237695,0.044580936431884769,-0.061242591589689258,0.8950748443603516,0.4450836777687073,0.027231154963374139,-0.44591590762138369,0.8934324979782105,0.054197847843170169,-0.00020662300812546164,-0.0606539286673069,0.9981589317321777],"EasingStyle":"Linear","EasingDirection":"In"},"HumanoidRootPart":{"Weight":0,"CFrame":[0,0,0,1,0,0,0,1,0,0,0,1],"EasingStyle":"Linear","EasingDirection":"In"},"Right Leg":{"Weight":1,"CFrame":[0.08117455989122391,0.05612248182296753,-0.026834458112716676,0.937931478023529,0.10730160027742386,-0.32980453968048098,-0.10291367024183274,0.9942136406898499,0.030790317803621293,0.33120009303092959,0.0050621647387743,0.9435470700263977],"EasingStyle":"Linear","EasingDirection":"In"}}},{"Time":0.1666666716337204,"poses":{"Left Leg":{"Weight":1,"CFrame":[-1.0019065141677857,0.40618062019348147,0.3136642575263977,0.7029919624328613,-0.6917999386787415,0.16497007012367249,0.657666027545929,0.7206367254257202,0.21944917738437653,-0.2706984877586365,-0.04577571526169777,0.9615753293037415],"EasingStyle":"Linear","EasingDirection":"In"},"Right Arm":{"Weight":1,"CFrame":[-0.07596556842327118,0.195378839969635,1.0091160535812379,0.9959317445755005,-0.04525219649076462,-0.07792404294013977,0.008158166892826558,-0.81592857837677,0.5780952572822571,-0.08974054455757141,-0.5763790607452393,-0.812239944934845],"EasingStyle":"Linear","EasingDirection":"In"},"Head":{"Weight":1,"CFrame":[6.426125764846802e-8,-1.1175870895385743e-8,0.016662269830703737,0.8974965810775757,-0.4410088360309601,-0.0033650891855359079,0.4401143193244934,0.8961132764816284,-0.057276539504528049,0.02827491983771324,0.04992452636361122,0.9983527064323425],"EasingStyle":"Linear","EasingDirection":"In"},"Left Arm":{"Weight":1,"CFrame":[-0.25756126642227175,0.2945680022239685,0.9624900221824646,0.9518569707870483,0.06406853348016739,0.2997725009918213,-0.08790174126625061,-0.8798003792762756,0.4671452045440674,0.29366937279701235,-0.4710058867931366,-0.83181232213974],"EasingStyle":"Linear","EasingDirection":"In"},"Torso":{"Weight":1,"CFrame":[0.022243093699216844,0.04471006616950035,-0.04642057791352272,0.9016452431678772,0.4316304624080658,0.027041228488087655,-0.4324758052825928,0.9000058174133301,0.05435480177402496,-0.0008760743658058345,-0.060703426599502566,0.9981554746627808],"EasingStyle":"Linear","EasingDirection":"In"},"HumanoidRootPart":{"Weight":0,"CFrame":[0,0,0,1,0,0,0,1,0,0,0,1],"EasingStyle":"Linear","EasingDirection":"In"},"Right Leg":{"Weight":1,"CFrame":[0.025991268455982209,0.04634290933609009,-0.04190966486930847,0.9351242184638977,0.08635801821947098,-0.34363481402397158,-0.08033747225999832,0.9962620735168457,0.03174799308180809,0.34509196877479555,-0.0020815941970795395,0.9385665655136108],"EasingStyle":"Linear","EasingDirection":"In"}}},{"Time":0.20000000298023225,"poses":{"Left Leg":{"Weight":1,"CFrame":[-0.9998496770858765,0.40464287996292117,0.3179609477519989,0.700994610786438,-0.692940890789032,0.16864056885242463,0.6585456728935242,0.7197071313858032,0.21986131370067597,-0.2737227976322174,-0.04306408017873764,0.9608441591262817],"EasingStyle":"Linear","EasingDirection":"In"},"Right Arm":{"Weight":1,"CFrame":[-0.07593746483325958,0.19530069828033448,1.0092800855636597,0.995943009853363,-0.0444517508149147,-0.07824168354272843,0.008507461287081242,-0.8190685510635376,0.5736324787139893,-0.08958423137664795,-0.5719709396362305,-0.8153674006462097],"EasingStyle":"Linear","EasingDirection":"In"},"Head":{"Weight":1,"CFrame":[3.7834979593753818e-8,2.0489096641540528e-8,0.016662269830703737,0.896353006362915,-0.4433288276195526,-0.003274779999628663,0.4424353837966919,0.8949695825576782,-0.05727611854672432,0.028322914615273477,0.04989081993699074,0.9983530640602112],"EasingStyle":"Linear","EasingDirection":"In"},"Left Arm":{"Weight":1,"CFrame":[-0.25782620906829836,0.2945747971534729,0.9624645709991455,0.9521746635437012,0.056163109838962558,0.30034828186035159,-0.09497568756341934,-0.879871129989624,0.465625137090683,0.2904187738895416,-0.47188204526901247,-0.8324567079544067],"EasingStyle":"Linear","EasingDirection":"In"},"Torso":{"Weight":1,"CFrame":[0.022282849997282029,0.044682711362838748,-0.04642033949494362,0.9005236625671387,0.43396228551864626,0.0270895566791296,-0.4348062574863434,0.8988842368125916,0.05432156100869179,-0.0007768691284582019,-0.060696568340063098,0.998155951499939],"EasingStyle":"Linear","EasingDirection":"In"},"HumanoidRootPart":{"Weight":0,"CFrame":[0,0,0,1,0,0,0,1,0,0,0,1],"EasingStyle":"Linear","EasingDirection":"In"},"Right Leg":{"Weight":1,"CFrame":[0.027166195213794709,0.046342670917510989,-0.042163848876953128,0.9360575675964356,0.08567182719707489,-0.3412573039531708,-0.07968626916408539,0.9963207244873047,0.03154722601175308,0.34270432591438296,-0.0023365356028079988,0.9394404292106628],"EasingStyle":"Linear","EasingDirection":"In"}}},{"Time":0.23333333432674409,"poses":{"Left Leg":{"Weight":1,"CFrame":[-0.9920284748077393,0.4035052955150604,0.3313731551170349,0.6964265704154968,-0.6944130063056946,0.18105442821979524,0.6591055393218994,0.7187331914901733,0.22136478126049043,-0.28384843468666079,-0.03483034297823906,0.9582364559173584],"EasingStyle":"Linear","EasingDirection":"In"},"Right Arm":{"Weight":1,"CFrame":[-0.07588495314121247,0.19515758752822877,1.0095853805541993,0.995959460735321,-0.042971644550561908,-0.07885584235191345,0.00916963443160057,-0.8248352408409119,0.5652990341186523,-0.0893348902463913,-0.5637379288673401,-0.8211082816123962],"EasingStyle":"Linear","EasingDirection":"In"},"Head":{"Weight":1,"CFrame":[9.860377758741379e-8,-1.30385160446167e-8,0.016662031412124635,0.8942152857780457,-0.4476272463798523,-0.0029972363263368608,0.44674167037010195,0.8928295373916626,-0.057249415665864947,0.02830241061747074,0.049854304641485217,0.9983554482460022],"EasingStyle":"Linear","EasingDirection":"In"},"Left Arm":{"Weight":1,"CFrame":[-0.25832122564315798,0.29457348585128786,0.9624724984169006,0.9519590139389038,0.04172950237989426,0.3033687472343445,-0.10836082696914673,-0.8806698322296143,0.46117115020751955,0.28641214966773989,-0.4718892276287079,-0.8338397145271301],"EasingStyle":"Linear","EasingDirection":"In"},"Torso":{"Weight":1,"CFrame":[0.022266240790486337,0.04465256258845329,-0.046417951583862308,0.8984265923500061,0.4382886588573456,0.027069369331002237,-0.4391235113143921,0.8967851996421814,0.05428491532802582,-0.0004829506215173751,-0.0606578066945076,0.9981585144996643],"EasingStyle":"Linear","EasingDirection":"In"},"HumanoidRootPart":{"Weight":0,"CFrame":[0,0,0,1,0,0,0,1,0,0,0,1],"EasingStyle":"Linear","EasingDirection":"In"},"Right Leg":{"Weight":1,"CFrame":[0.029492802917957307,0.04643893241882324,-0.04259812831878662,0.9377715587615967,0.0844428762793541,-0.3368290960788727,-0.07848837226629257,0.9964240789413452,0.031282320618629459,0.3382662534713745,-0.0028985433746129276,0.9410460591316223],"EasingStyle":"Linear","EasingDirection":"In"}}},{"Time":0.2666666805744171,"poses":{"Left Leg":{"Weight":1,"CFrame":[-0.9757360219955444,0.40800681710243227,0.35451799631118777,0.6912087202072144,-0.6931748390197754,0.20430110394954682,0.6562195420265198,0.7204643487930298,0.22429221868515016,-0.3026653826236725,-0.02096634730696678,0.9528663158416748],"EasingStyle":"Linear","EasingDirection":"In"},"Right Arm":{"Weight":1,"CFrame":[-0.07585722208023071,0.19508135318756104,1.0097503662109376,0.9959580898284912,-0.04220491647720337,-0.07928729802370072,0.009560132399201393,-0.8279058337211609,0.5607856512069702,-0.08931025862693787,-0.5592769980430603,-0.8241559267044067],"EasingStyle":"Linear","EasingDirection":"In"},"Head":{"Weight":1,"CFrame":[8.870847523212433e-8,3.725290298461914e-8,0.016661792993545533,0.8930603265762329,-0.44993001222610476,-0.002522943541407585,0.4490669369697571,0.8916680216789246,-0.05715903639793396,0.027967199683189393,0.049913495779037479,0.9983618855476379],"EasingStyle":"Linear","EasingDirection":"In"},"Left Arm":{"Weight":1,"CFrame":[-0.25861263275146487,0.2945241332054138,0.9626309871673584,0.9516378045082092,0.0332687608897686,0.30541563034057619,-0.11497287452220917,-0.8833160996437073,0.45446038246154787,0.28489789366722109,-0.4675959348678589,-0.8367719054222107],"EasingStyle":"Linear","EasingDirection":"In"},"Torso":{"Weight":1,"CFrame":[0.021990057080984117,0.04469861835241318,-0.04641295224428177,0.8972932696342468,0.44062483310699465,0.02673361636698246,-0.44143515825271609,0.8956462144851685,0.05434092506766319,1.0149953766358522e-7,-0.06056089326739311,0.9981645941734314],"EasingStyle":"Linear","EasingDirection":"In"},"HumanoidRootPart":{"Weight":0,"CFrame":[0,0,0,1,0,0,0,1,0,0,0,1],"EasingStyle":"Linear","EasingDirection":"In"},"Right Leg":{"Weight":1,"CFrame":[0.031192630529403688,0.04677695035934448,-0.0427016019821167,0.938678503036499,0.0839267298579216,-0.3344232738018036,-0.07788822799921036,0.9964658617973328,0.03145156800746918,0.3358810842037201,-0.0034752904903143646,0.9418980479240418],"EasingStyle":"Linear","EasingDirection":"In"}}},{"Time":0.30000001192092898,"poses":{"Left Leg":{"Weight":1,"CFrame":[-0.4842313528060913,0.13185405731201173,0.12740913033485413,0.8917077779769898,-0.3752490282058716,0.25307196378707888,0.35525408387184145,0.9267247915267944,0.12237516045570374,-0.2804493010044098,-0.019218014553189279,0.9596764445304871],"EasingStyle":"Linear","EasingDirection":"In"},"Right Arm":{"Weight":1,"CFrame":[-0.3961140811443329,-0.06242555379867554,0.40495187044143679,0.47800472378730776,-0.18176041543483735,0.8593454360961914,0.40967774391174319,0.9115556478500366,-0.035076871514320376,-0.7769656777381897,0.3688215911388397,0.5101911425590515],"EasingStyle":"Linear","EasingDirection":"In"},"Head":{"Weight":1,"CFrame":[6.082700565457344e-8,-7.450580596923828e-9,0.016661733388900758,0.9999547004699707,-0.00949387438595295,-0.0007596109062433243,0.009426108561456204,0.9979195594787598,-0.06377974897623062,0.0013635383220389486,0.06376969069242478,0.9979637265205383],"EasingStyle":"Linear","EasingDirection":"In"},"Left Arm":{"Weight":1,"CFrame":[-0.06136021018028259,0.7147537469863892,0.31983721256256106,-0.25218749046325686,0.054510749876499179,0.9661418795585632,-0.05739587917923927,-0.997497022151947,0.04129822552204132,0.965974748134613,-0.0450376458466053,0.2546849548816681],"EasingStyle":"Linear","EasingDirection":"In"},"Torso":{"Weight":1,"CFrame":[0.7144131064414978,0.05588647350668907,-0.2173585742712021,1,2.384185791015625e-7,-8.742277657347586e-8,-2.3192797016236e-7,0.9976892471313477,0.06794209033250809,1.0341941703018165e-7,-0.06794209033250809,0.9976892471313477],"EasingStyle":"Linear","EasingDirection":"In"},"HumanoidRootPart":{"Weight":0,"CFrame":[0,0,0,1,0,0,0,1,0,0,0,1],"EasingStyle":"Linear","EasingDirection":"In"},"Right Leg":{"Weight":1,"CFrame":[0.0025233328342437746,0.2325032353401184,-0.062025345861911777,0.9973652958869934,0.03921246528625488,0.06103108078241348,-0.06316738575696945,0.8831226825714111,0.46487024426460268,-0.03566914424300194,-0.4675006866455078,0.8832727670669556],"EasingStyle":"Linear","EasingDirection":"In"}}},{"Time":0.3333333432674408,"poses":{"Left Leg":{"Weight":1,"CFrame":[-0.5758517980575562,0.19503062963485719,0.13430577516555787,0.8767116665840149,-0.41265586018562319,0.24716757237911225,0.38113412261009219,0.909419059753418,0.16641473770141602,-0.2934509813785553,-0.051693692803382876,0.9545755386352539],"EasingStyle":"Linear","EasingDirection":"In"},"Right Arm":{"Weight":1,"CFrame":[-0.3962800204753876,-0.06273654103279114,0.40573474764823916,0.47475066781044009,-0.18664565682411195,0.8601019978523254,0.43215811252593996,0.9007688760757446,-0.04306786134839058,-0.7667146921157837,0.3921465277671814,0.5083010196685791],"EasingStyle":"Linear","EasingDirection":"In"},"Head":{"Weight":1,"CFrame":[5.820766091346741e-10,1.30385160446167e-8,0.016662001609802247,0.9999589323997498,-0.008754957467317582,-0.0023711842950433494,0.008608785457909108,0.9983998537063599,-0.05588938295841217,0.0028566899709403517,0.055866654962301257,0.9984341859817505],"EasingStyle":"Linear","EasingDirection":"In"},"Left Arm":{"Weight":1,"CFrame":[-0.06138944625854492,0.7148280739784241,0.3191258907318115,-0.25945383310317995,0.05330458655953407,0.9642834067344666,-0.07684246450662613,-0.9964494109153748,0.034407369792461398,0.9626936912536621,-0.0651707723736763,0.2626287043094635],"EasingStyle":"Linear","EasingDirection":"In"},"Torso":{"Weight":1,"CFrame":[0.6475833654403687,0.04718561843037605,-0.29166150093078616,0.9999984502792358,-0.0008276024600490928,0.001567667699418962,0.0007319622673094273,0.9981947541236877,0.060055628418922427,-0.001614539884030819,-0.06005438417196274,0.9981938004493713],"EasingStyle":"Linear","EasingDirection":"In"},"HumanoidRootPart":{"Weight":0,"CFrame":[0,0,0,1,0,0,0,1,0,0,0,1],"EasingStyle":"Linear","EasingDirection":"In"},"Right Leg":{"Weight":1,"CFrame":[0.4391610622406006,0.23100650310516358,-0.08832433819770813,0.9634575247764587,0.2621380090713501,0.055074140429496768,-0.258199542760849,0.8541417121887207,0.4514143764972687,0.07129184156656265,-0.4491387605667114,0.8906132578849793],"EasingStyle":"Linear","EasingDirection":"In"}}},{"Time":0.36666667461395266,"poses":{"Left Leg":{"Weight":1,"CFrame":[-0.5926914811134338,0.26979124546051028,0.10482844710350037,0.8835775852203369,-0.4038510322570801,0.23705483973026277,0.34397757053375246,0.9032251834869385,0.2566390335559845,-0.31775784492492678,-0.14521893858909608,0.9369853138923645],"EasingStyle":"Linear","EasingDirection":"In"},"Right Arm":{"Weight":1,"CFrame":[-0.3963734805583954,-0.06291180849075318,0.40614521503448489,0.4732874035835266,-0.1894351840019226,0.8602984547615051,0.4440891444683075,0.8947334885597229,-0.04729489982128143,-0.7607784867286682,0.4044332802295685,0.5075922012329102],"EasingStyle":"Linear","EasingDirection":"In"},"Head":{"Weight":1,"CFrame":[8.218921720981598e-8,-1.30385160446167e-8,0.01666194200515747,0.9999436736106873,-0.008410709910094738,-0.006476764567196369,0.008154958486557007,0.9992234110832214,-0.038551900535821918,0.006795980501919985,0.03849690407514572,0.9992356300354004],"EasingStyle":"Linear","EasingDirection":"In"},"Left Arm":{"Weight":1,"CFrame":[-0.061419665813446048,0.7150384187698364,0.3175819516181946,-0.2620614767074585,0.05227535590529442,0.9636344313621521,-0.12105295807123184,-0.9924256801605225,0.020916983485221864,0.9574288129806519,-0.11116923391819,0.2664045989513397],"EasingStyle":"Linear","EasingDirection":"In"},"Torso":{"Weight":1,"CFrame":[0.5010963678359985,0.028061959892511369,-0.32930904626846316,0.9999830722808838,-0.0013024014187976719,0.00567107368260622,0.0010589183075353504,0.9990862011909485,0.04272753372788429,-0.005721539258956909,-0.04272079840302467,0.9990707635879517],"EasingStyle":"Linear","EasingDirection":"In"},"HumanoidRootPart":{"Weight":0,"CFrame":[0,0,0,1,0,0,0,1,0,0,0,1],"EasingStyle":"Linear","EasingDirection":"In"},"Right Leg":{"Weight":1,"CFrame":[0.6192517280578613,0.23950940370559693,-0.09008947014808655,0.9372518658638,0.3463234603404999,0.040236491709947589,-0.33418160676956179,0.8594434261322022,0.38688454031944277,0.09940628707408905,-0.3760545253753662,0.9212499856948853],"EasingStyle":"Linear","EasingDirection":"In"}}},{"Time":0.4000000059604645,"poses":{"Left Leg":{"Weight":1,"CFrame":[-0.562649130821228,0.31971269845962527,0.0646633505821228,0.899609386920929,-0.3719516098499298,0.2288120537996292,0.2832304537296295,0.895775556564331,0.34258830547332766,-0.3323906362056732,-0.24338911473751069,0.9111960530281067],"EasingStyle":"Linear","EasingDirection":"In"},"Right Arm":{"Weight":1,"CFrame":[-0.396415650844574,-0.06298553943634033,0.4063069522380829,0.47294318675994875,-0.19072651863098145,0.8602024912834168,0.4489078223705292,0.8922345638275147,-0.04898276925086975,-0.7581600546836853,0.4093177318572998,0.507594883441925],"EasingStyle":"Linear","EasingDirection":"In"},"Head":{"Weight":1,"CFrame":[1.0011717677116394e-7,1.862645149230957e-9,0.016662120819091798,0.9998929500579834,-0.008260782808065415,-0.012082826346158982,0.008003330789506436,0.9997432231903076,-0.02120310440659523,0.012254868634045124,0.021104121580719949,0.9997022151947022],"EasingStyle":"Linear","EasingDirection":"In"},"Left Arm":{"Weight":1,"CFrame":[-0.06128343939781189,0.7153261303901672,0.3159332275390625,-0.26185137033462527,0.0563640259206295,0.9634609222412109,-0.16999883949756623,-0.9853779077529907,0.011443843133747578,0.950018048286438,-0.16079068183898927,0.26760444045066836],"EasingStyle":"Linear","EasingDirection":"In"},"Torso":{"Weight":1,"CFrame":[0.35585954785346987,0.008930131793022156,-0.34299802780151369,0.9999351501464844,-0.0014721337938681245,0.011294478550553322,0.0011849738657474518,0.9996769428253174,0.025389503687620164,-0.011328207328915596,-0.02537447214126587,0.9996138215065002],"EasingStyle":"Linear","EasingDirection":"In"},"HumanoidRootPart":{"Weight":0,"CFrame":[0,0,0,1,0,0,0,1,0,0,0,1],"EasingStyle":"Linear","EasingDirection":"In"},"Right Leg":{"Weight":1,"CFrame":[0.7046192288398743,0.2401045560836792,-0.07641160488128662,0.9241302609443665,0.38115304708480837,0.026559213176369668,-0.37046104669570925,0.8768566846847534,0.3064001798629761,0.09349680691957474,-0.2929929196834564,0.9515321850776672],"EasingStyle":"Linear","EasingDirection":"In"}}},{"Time":0.4333333373069763,"poses":{"Left Leg":{"Weight":1,"CFrame":[-0.5383292436599731,0.3378071188926697,0.04404264688491821,0.9083429574966431,-0.3521410822868347,0.22563207149505616,0.24968600273132325,0.8894050121307373,0.38290444016456606,-0.335514634847641,-0.29147130250930788,0.8958094120025635],"EasingStyle":"Linear","EasingDirection":"In"},"Right Arm":{"Weight":1,"CFrame":[-0.39642566442489626,-0.06299880146980286,0.40633532404899599,0.4729936718940735,-0.191043883562088,0.8601042032241821,0.449815571308136,0.8917603492736816,-0.049290116876363757,-0.7575902342796326,0.4102022051811218,0.5077313780784607],"EasingStyle":"Linear","EasingDirection":"In"},"Head":{"Weight":1,"CFrame":[6.51925802230835e-8,2.3283064365386964e-9,0.016662150621414186,0.9998006820678711,-0.008222202770411969,-0.01819469965994358,0.007980551570653916,0.9998795986175537,-0.013311831280589104,0.018301980569958688,0.013163992203772068,0.9997459053993225],"EasingStyle":"Linear","EasingDirection":"In"},"Left Arm":{"Weight":1,"CFrame":[-0.06081223487854004,0.7155147194862366,0.31488174200057986,-0.2602907121181488,0.07052045315504074,0.9629515409469605,-0.20414598286151887,-0.978801429271698,0.016499677672982217,0.9437019228935242,-0.19228795170783997,0.2691693902015686],"EasingStyle":"Linear","EasingDirection":"In"},"Torso":{"Weight":1,"CFrame":[0.29277610778808596,0.00023286091163754463,-0.34495115280151369,0.9998472929000855,-0.001502172788605094,0.01741664856672287,0.0011972046922892333,0.9998460412025452,0.017507381737232209,-0.017440268769860269,-0.017483854666352273,0.9996950030326843],"EasingStyle":"Linear","EasingDirection":"In"},"HumanoidRootPart":{"Weight":0,"CFrame":[0,0,0,1,0,0,0,1,0,0,0,1],"EasingStyle":"Linear","EasingDirection":"In"},"Right Leg":{"Weight":1,"CFrame":[0.7263336181640625,0.23446571826934815,-0.0659751296043396,0.9214513897895813,0.3879294693470001,0.020928464829921724,-0.37949487566947939,0.887272834777832,0.2621653378009796,0.08313249796628952,-0.2495148777961731,0.9647960066795349],"EasingStyle":"Linear","EasingDirection":"In"}}},{"Time":0.46666666865348818,"poses":{"Left Leg":{"Weight":1,"CFrame":[-0.5410159826278687,0.33678483963012698,0.04772663116455078,0.9056153297424316,-0.35719674825668337,0.2286291867494583,0.25464221835136416,0.8890789151191711,0.38038960099220278,-0.3391432762145996,-0.2862679958343506,0.8961208462715149],"EasingStyle":"Linear","EasingDirection":"In"},"Right Arm":{"Weight":1,"CFrame":[-0.39642274379730227,-0.06299576163291931,0.4063284993171692,0.4729595184326172,-0.1909520924091339,0.8601435422897339,0.4495924711227417,0.8918769359588623,-0.04921654239296913,-0.7577440142631531,0.4099913239479065,0.507672131061554],"EasingStyle":"Linear","EasingDirection":"In"},"Head":{"Weight":1,"CFrame":[8.475035429000855e-8,6.51925802230835e-9,0.016662150621414186,0.9996582269668579,-0.010829920880496502,-0.023795809596776964,0.01047851238399744,0.9998350143432617,-0.014843708835542202,0.02395264245569706,0.014589286409318447,0.9996066689491272],"EasingStyle":"Linear","EasingDirection":"In"},"Left Arm":{"Weight":1,"CFrame":[-0.0595526397228241,0.7153059840202332,0.31535112857818606,-0.2600010335445404,0.10799366235733032,0.9595503807067871,-0.19956764578819276,-0.9782810807228088,0.056026753038167956,0.9447603821754456,-0.17692811787128449,0.27590611577033999],"EasingStyle":"Linear","EasingDirection":"In"},"Torso":{"Weight":1,"CFrame":[0.3135823905467987,0.0015827231109142304,-0.33985140919685366,0.9997337460517883,0.0009972278494387866,0.023053640499711038,-0.0014351182617247105,0.999818742275238,0.018985681235790254,-0.02303052693605423,-0.01901371031999588,0.9995540380477905],"EasingStyle":"Linear","EasingDirection":"In"},"HumanoidRootPart":{"Weight":0,"CFrame":[0,0,0,1,0,0,0,1,0,0,0,1],"EasingStyle":"Linear","EasingDirection":"In"},"Right Leg":{"Weight":1,"CFrame":[0.7128269672393799,0.22936081886291505,-0.06698751449584961,0.9246519207954407,0.38003450632095339,0.02434103935956955,-0.372603178024292,0.8896661996841431,0.26393377780914309,0.07864860445261002,-0.2531164288520813,0.9642336964607239],"EasingStyle":"Linear","EasingDirection":"In"}}},{"Time":0.5,"poses":{"Left Leg":{"Weight":1,"CFrame":[-0.5423184037208557,0.3265678882598877,0.058120086789131168,0.9005318284034729,-0.3663182854652405,0.23420767486095429,0.2670826315879822,0.8911197781562805,0.3668411374092102,-0.34308773279190066,-0.2677992880344391,0.9003190398216248],"EasingStyle":"Linear","EasingDirection":"In"},"Right Arm":{"Weight":1,"CFrame":[-0.39641207456588747,-0.06297963857650757,0.40629446506500246,0.47295084595680239,-0.19061358273029328,0.8602232336997986,0.448532372713089,0.8924304246902466,-0.048852916806936267,-0.7583774924278259,0.40894296765327456,0.5075719952583313],"EasingStyle":"Linear","EasingDirection":"In"},"Head":{"Weight":1,"CFrame":[5.3085386753082278e-8,9.313225746154786e-10,0.01666194200515747,0.999488890171051,-0.01567935384809971,-0.027862539514899255,0.01513635367155075,0.9996934533119202,-0.01959422416985035,0.028161222115159036,0.019162463024258615,0.9994196891784668],"EasingStyle":"Linear","EasingDirection":"In"},"Left Arm":{"Weight":1,"CFrame":[-0.0579359233379364,0.7149569392204285,0.3167925477027893,-0.2650830149650574,0.15547002851963044,0.951609194278717,-0.1697324514389038,-0.9790284633636475,0.11266882717609406,0.9491690993309021,-0.1316523402929306,0.2859121561050415],"EasingStyle":"Linear","EasingDirection":"In"},"Torso":{"Weight":1,"CFrame":[0.35119524598121645,0.0056623127311468128,-0.32888275384902956,0.9996134638786316,0.005659810267388821,0.027218762785196306,-0.006302861031144857,0.9997016787528992,0.023597804829478265,-0.027077078819274904,-0.0237602349370718,0.9993510246276856],"EasingStyle":"Linear","EasingDirection":"In"},"HumanoidRootPart":{"Weight":0,"CFrame":[0,0,0,1,0,0,0,1,0,0,0,1],"EasingStyle":"Linear","EasingDirection":"In"},"Right Leg":{"Weight":1,"CFrame":[0.6867027282714844,0.22260290384292603,-0.07082316279411316,0.9299787878990173,0.36625784635543826,0.031537219882011417,-0.3602859675884247,0.8910394906997681,0.2761209011077881,0.07303059101104737,-0.2681489884853363,0.9606053829193115],"EasingStyle":"Linear","EasingDirection":"In"}}},{"Time":0.5333333611488342,"poses":{"Left Leg":{"Weight":1,"CFrame":[-0.5431380271911621,0.3127194046974182,0.06711024045944214,0.8958463072776794,-0.37617677450180056,0.23653855919837953,0.28143036365509035,0.8922489285469055,0.3531132638454437,-0.34388425946235659,-0.2497660219669342,0.9051854610443115],"EasingStyle":"Linear","EasingDirection":"In"},"Right Arm":{"Weight":1,"CFrame":[-0.39638984203338625,-0.0629417896270752,0.4062116742134094,0.47310590744018557,-0.18993332982063294,0.8602885007858276,0.44604918360710146,0.8937212228775024,-0.047985099256038669,-0.7597439289093018,0.40643295645713808,0.5075443387031555],"EasingStyle":"Linear","EasingDirection":"In"},"Head":{"Weight":1,"CFrame":[8.381903171539307e-8,7.450580596923828e-9,0.016662240028381349,0.9993988871574402,-0.0183731559664011,-0.029399633407592775,0.017558204010128976,0.9994609951972961,-0.02774072252213955,0.029893482103943826,0.027207838371396066,0.9991828203201294],"EasingStyle":"Linear","EasingDirection":"In"},"Left Arm":{"Weight":1,"CFrame":[-0.05711972713470459,0.7148205637931824,0.31761711835861208,-0.2762627899646759,0.17887213826179505,0.9442901015281677,-0.1521124243736267,-0.978281557559967,0.1408088654279709,0.9489682912826538,-0.10473794490098953,0.29747143387794497],"EasingStyle":"Linear","EasingDirection":"In"},"Torso":{"Weight":1,"CFrame":[0.383278489112854,0.012556588277220726,-0.31881406903266909,0.9995504021644592,0.008089974522590638,0.02887474186718464,-0.00900376308709383,0.9994581937789917,0.03165820240974426,-0.02860298380255699,-0.0319039449095726,0.9990816712379456],"EasingStyle":"Linear","EasingDirection":"In"},"HumanoidRootPart":{"Weight":0,"CFrame":[0,0,0,1,0,0,0,1,0,0,0,1],"EasingStyle":"Linear","EasingDirection":"In"},"Right Leg":{"Weight":1,"CFrame":[0.662137508392334,0.21472817659378053,-0.0730610191822052,0.9330109357833862,0.3578740358352661,0.03763902187347412,-0.35299932956695559,0.8899239301681519,0.2888372540473938,0.06987155973911286,-0.28277483582496645,0.9566380977630615],"EasingStyle":"Linear","EasingDirection":"In"}}},{"Time":0.5666666626930237,"poses":{"Left Leg":{"Weight":1,"CFrame":[-0.5473170280456543,0.3006255626678467,0.07100483775138855,0.8920819759368897,-0.3870604336261749,0.23318196833133698,0.29594317078590395,0.890410840511322,0.34581246972084048,-0.3414780795574188,-0.23948439955711366,0.908867359161377],"EasingStyle":"Linear","EasingDirection":"In"},"Right Arm":{"Weight":1,"CFrame":[-0.39635276794433596,-0.06287410855293274,0.40605849027633669,0.4735608398914337,-0.18881523609161378,0.8602843880653381,0.44154971837997439,0.8960363268852234,-0.04639795050024986,-0.7620853185653687,0.40183037519454958,0.5076989531517029],"EasingStyle":"Linear","EasingDirection":"In"},"Head":{"Weight":1,"CFrame":[1.2293457984924317e-7,1.862645149230957e-8,0.016662180423736573,0.9994338750839233,-0.017190512269735338,-0.028922200202941896,0.01605824939906597,0.9991126656532288,-0.038936078548431399,0.02956586889922619,0.038449592888355258,0.9988230466842651],"EasingStyle":"Linear","EasingDirection":"In"},"Left Arm":{"Weight":1,"CFrame":[-0.057496100664138797,0.7147776484489441,0.31787651777267458,-0.2931177020072937,0.16700053215026856,0.941378116607666,-0.1409521847963333,-0.9814156889915466,0.1302148699760437,0.9456292390823364,-0.0945209488272667,0.3112092912197113],"EasingStyle":"Linear","EasingDirection":"In"},"Torso":{"Weight":1,"CFrame":[0.3997465968132019,0.02196529321372509,-0.31460148096084597,0.9995737075805664,0.006601871456950903,0.028440693393349649,-0.00781888235360384,0.9990490078926086,0.042894747108221057,-0.028130454942584039,-0.04309883341193199,0.9986748099327087],"EasingStyle":"Linear","EasingDirection":"In"},"HumanoidRootPart":{"Weight":0,"CFrame":[0,0,0,1,0,0,0,1,0,0,0,1],"EasingStyle":"Linear","EasingDirection":"In"},"Right Leg":{"Weight":1,"CFrame":[0.6504001617431641,0.2065826654434204,-0.07276922464370728,0.9312499761581421,0.36211076378822329,0.04060972109436989,-0.357275128364563,0.8854992985725403,0.2970618009567261,0.0716094896197319,-0.2911476492881775,0.9539943337440491],"EasingStyle":"Linear","EasingDirection":"In"}}},{"Time":0.6000000238418579,"poses":{"Left Leg":{"Weight":1,"CFrame":[-0.5517973899841309,0.28898900747299197,0.07276852428913117,0.8890893459320068,-0.3971290588378906,0.22761501371860505,0.3094978630542755,0.8879317045211792,0.3402770459651947,-0.33724045753479006,-0.23209036886692048,0.9123612642288208],"EasingStyle":"Linear","EasingDirection":"In"},"Right Arm":{"Weight":1,"CFrame":[-0.39629727602005007,-0.06276902556419373,0.4058128595352173,0.47444695234298708,-0.18715716898441316,0.8601583242416382,0.4344240725040436,0.8996393084526062,-0.043872348964214328,-0.7656212449073792,0.3944886028766632,0.5081366896629334],"EasingStyle":"Linear","EasingDirection":"In"},"Head":{"Weight":1,"CFrame":[6.426125764846802e-8,3.5390257835388186e-8,0.016662120819091798,0.9995641708374023,-0.01434716023504734,-0.025800112634897233,0.013025318272411824,0.9986292719841003,-0.05069555342197418,0.02649201825261116,0.05033748596906662,0.9983808994293213],"EasingStyle":"Linear","EasingDirection":"In"},"Left Arm":{"Weight":1,"CFrame":[-0.05842605233192444,0.7147094011306763,0.31842923164367678,-0.31216269731521609,0.13864554464817048,0.9398573040962219,-0.11596469581127167,-0.987456738948822,0.10715088993310929,0.9429244995117188,-0.0755416750907898,0.32432514429092409],"EasingStyle":"Linear","EasingDirection":"In"},"Torso":{"Weight":1,"CFrame":[0.40576568245887759,0.032098010182380679,-0.31362441182136538,0.9996746182441711,0.003582541598007083,0.02525448240339756,-0.004961444064974785,0.9984878301620483,0.05475092679262161,-0.025020143017172815,-0.05485842004418373,0.998180627822876],"EasingStyle":"Linear","EasingDirection":"In"},"HumanoidRootPart":{"Weight":0,"CFrame":[0,0,0,1,0,0,0,1,0,0,0,1],"EasingStyle":"Linear","EasingDirection":"In"},"Right Leg":{"Weight":1,"CFrame":[0.6475918292999268,0.20021158456802369,-0.07218354940414429,0.9269887208938599,0.3727162182331085,0.042124345898628238,-0.36721375584602358,0.8788920640945435,0.3044712543487549,0.07645871490240097,-0.29771021008491518,0.9515895843505859],"EasingStyle":"Linear","EasingDirection":"In"}}},{"Time":0.6333333253860474,"poses":{"Left Leg":{"Weight":1,"CFrame":[-0.5486328601837158,0.27453696727752688,0.07443970441818237,0.8885842561721802,-0.40095436573028567,0.222831130027771,0.31801706552505495,0.8885509967803955,0.33066943287849429,-0.3305802345275879,-0.22296348214149476,0.9170626997947693],"EasingStyle":"Linear","EasingDirection":"In"},"Right Arm":{"Weight":1,"CFrame":[-0.39621907472610476,-0.06262087821960449,0.40545234084129336,0.47588932514190676,-0.18484815955162049,0.8598608374595642,0.42403072118759158,0.9047560095787048,-0.04018000513315201,-0.7705371379852295,0.38372862339019778,0.5089450478553772],"EasingStyle":"Linear","EasingDirection":"In"},"Head":{"Weight":1,"CFrame":[8.568167686462403e-8,-3.166496753692627e-8,0.016662538051605226,0.99978607