{"Sequence":[{"Time":0,"poses":{"Left Leg":{"Weight":1,"CFrame":[-1.119572401046753,0.10070598125457764,-0.022900164127349855,0.8346049785614014,-0.524447500705719,-0.1684906780719757,0.5467235445976257,0.8260173201560974,0.13707274198532105,0.06728873401880264,-0.2065194994211197,0.9761260151863098],"EasingStyle":"Linear","EasingDirection":"In"},"Right Arm":{"Weight":1,"CFrame":[0.3815816640853882,-0.16476303339004517,0.22916913032531739,-0.33876755833625796,-0.303125262260437,-0.8907029032707214,0.17793402075767518,-0.950237512588501,0.2557111978530884,-0.9238917231559753,-0.07185989618301392,0.37584590911865237],"EasingStyle":"Linear","EasingDirection":"In"},"Left Arm":{"Weight":1,"CFrame":[-0.3815816044807434,-0.14024627208709718,0.3087351322174072,-0.3387669622898102,0.3031250536441803,0.8907032012939453,0.0732651948928833,-0.9353066682815552,0.346170037984848,0.9380133748054504,0.18252843618392945,0.29464223980903628],"EasingStyle":"Linear","EasingDirection":"In"},"Head":{"Weight":1,"CFrame":[7.450580596923828e-8,0,-1.7881393432617188e-7,0.9628210663795471,-0.012610851787030697,-0.26984551548957827,-0.02070126309990883,0.9925280809402466,-0.1202475056052208,0.26934564113616946,0.12136296182870865,0.9553659558296204],"EasingStyle":"Linear","EasingDirection":"In"},"Torso":{"Weight":1,"CFrame":[0.06519214808940888,0,-0.3280296325683594,0.9946447610855103,0,0.10335377603769303,0,1,0,-0.10335377603769303,0,0.9946447610855103],"EasingStyle":"Linear","EasingDirection":"In"},"HumanoidRootPart":{"Weight":1,"CFrame":[0,0,0,1,0,0,0,1,0,0,0,1],"EasingStyle":"Linear","EasingDirection":"In"},"Right Leg":{"Weight":1,"CFrame":[0.9982554316520691,-0.00692594051361084,-0.042292773723602298,0.864098310470581,0.4459563195705414,0.23336073756217957,-0.4255830943584442,0.8948984146118164,-0.1342986673116684,-0.2687254548072815,0.016732867807149888,0.9630715250968933],"EasingStyle":"Linear","EasingDirection":"In"}}},{"Time":0.016949152573943139,"poses":{"Left Leg":{"Weight":1,"CFrame":[-1.1190851926803589,0.1006317138671875,-0.02299201488494873,0.8347597718238831,-0.52419513463974,-0.16850939393043519,0.546474814414978,0.826188862323761,0.13703085482120515,0.06738963723182678,-0.20647403597831727,0.9761286973953247],"EasingStyle":"Linear","EasingDirection":"In"},"Right Arm":{"Weight":1,"CFrame":[0.3815237283706665,-0.16532814502716065,0.2291926145553589,-0.33873793482780459,-0.3033095598220825,-0.8906514048576355,0.17795135080814362,-0.9501824975013733,0.2559031844139099,-0.9238993525505066,-0.07180867344141007,0.3758372366428375],"EasingStyle":"Linear","EasingDirection":"In"},"Left Arm":{"Weight":1,"CFrame":[-0.3815816044807434,-0.14083483815193177,0.30865752696990969,-0.33875125646591189,0.3036605715751648,0.8905268311500549,0.07288727164268494,-0.9351731538772583,0.3466103971004486,0.9380486011505127,0.182322695851326,0.29465794563293459],"EasingStyle":"Linear","EasingDirection":"In"},"Head":{"Weight":1,"CFrame":[1.043081283569336e-7,0,0,0.9629238247871399,-0.012564502656459809,-0.2694805860519409,-0.02070126309990883,0.9925280809402466,-0.120247483253479,0.26897791028022768,0.12136776745319367,0.9554688930511475],"EasingStyle":"Linear","EasingDirection":"In"},"Torso":{"Weight":1,"CFrame":[0.06512868404388428,0,-0.32770586013793948,0.994655191898346,0,0.10325315594673157,0,1,0,-0.10325315594673157,0,0.994655191898346],"EasingStyle":"Linear","EasingDirection":"In"},"HumanoidRootPart":{"Weight":1,"CFrame":[0,0,0,1,0,0,0,1,0,0,0,1],"EasingStyle":"Linear","EasingDirection":"In"},"Right Leg":{"Weight":1,"CFrame":[0.9978644847869873,-0.006906986236572266,-0.042346954345703128,0.8642061352729797,0.44576823711395266,0.23332016170024873,-0.42545285820961,0.8949945569038391,-0.13407069444656373,-0.2685847580432892,0.016598058864474298,0.9631130695343018],"EasingStyle":"Linear","EasingDirection":"In"}}},{"Time":0.033898305147886279,"poses":{"Left Leg":{"Weight":1,"CFrame":[-1.1180938482284547,0.10048472881317139,-0.023158490657806398,0.835074782371521,-0.5236859917640686,-0.1685325652360916,0.5459701418876648,0.8265354037284851,0.13695217669010163,0.06757820397615433,-0.2063789814710617,0.976135790348053],"EasingStyle":"Linear","EasingDirection":"In"},"Right Arm":{"Weight":1,"CFrame":[0.38145676255226138,-0.16645735502243043,0.2292271852493286,-0.3386787176132202,-0.30367806553840639,-0.8905484080314636,0.17798593640327454,-0.9500725269317627,0.25628724694252016,-0.92391437292099,-0.07170624285936356,0.37581950426101687],"EasingStyle":"Linear","EasingDirection":"In"},"Left Arm":{"Weight":1,"CFrame":[-0.3815816044807434,-0.14201205968856812,0.30850183963775637,-0.33871912956237795,0.3047313392162323,0.8901731967926025,0.07213132083415985,-0.934904932975769,0.3474908769130707,0.938118577003479,0.1819111853837967,0.2946896255016327],"EasingStyle":"Linear","EasingDirection":"In"},"Head":{"Weight":1,"CFrame":[5.960464477539063e-8,0,0,0.9631290435791016,-0.012471785768866539,-0.2687506079673767,-0.02070126309990883,0.9925280809402466,-0.12024746835231781,0.2682422399520874,0.12137731164693833,0.9556744694709778],"EasingStyle":"Linear","EasingDirection":"In"},"Torso":{"Weight":1,"CFrame":[0.06500175595283508,0,-0.3270580768585205,0.9946759939193726,0,0.10305188596248627,0,1,0,-0.10305188596248627,0,0.9946759939193726],"EasingStyle":"Linear","EasingDirection":"In"},"HumanoidRootPart":{"Weight":1,"CFrame":[0,0,0,1,0,0,0,1,0,0,0,1],"EasingStyle":"Linear","EasingDirection":"In"},"Right Leg":{"Weight":1,"CFrame":[0.9970964789390564,-0.006867051124572754,-0.042472004890441897,0.8644163012504578,0.44539597630500796,0.23325319588184358,-0.4251940846443176,0.8951849341392517,-0.13361884653568269,-0.26831796765327456,0.016324477270245553,0.9631921052932739],"EasingStyle":"Linear","EasingDirection":"In"}}},{"Time":0.050847455859184268,"poses":{"Left Leg":{"Weight":1,"CFrame":[-1.1160850524902344,0.10019409656524658,-0.02346402406692505,0.8357126116752625,-0.5226593613624573,-0.16855740547180177,0.5449488759040833,0.8272340297698975,0.13680191338062287,0.06793561577796936,-0.20618227124214173,0.9761525392532349],"EasingStyle":"Linear","EasingDirection":"In"},"Right Arm":{"Weight":1,"CFrame":[0.3813794255256653,-0.1687164604663849,0.22927796840667725,-0.3385600447654724,-0.30441519618034365,-0.8903419375419617,0.17805509269237519,-0.9498520493507385,0.25705525279045107,-0.9239445328712463,-0.0715014636516571,0.3757844567298889],"EasingStyle":"Linear","EasingDirection":"In"},"Left Arm":{"Weight":1,"CFrame":[-0.3815816044807434,-0.1443673074245453,0.3081907033920288,-0.3386525809764862,0.30687248706817629,0.8894625902175903,0.07061897218227387,-0.9343642592430115,0.3492512106895447,0.93825763463974,0.18108783662319184,0.2947540879249573],"EasingStyle":"Linear","EasingDirection":"In"},"Head":{"Weight":1,"CFrame":[7.450580596923828e-8,0,-5.960464477539063e-8,0.9635378122329712,-0.012286310084164143,-0.26729005575180056,-0.02070126123726368,0.9925280809402466,-0.12024746835231781,0.26677027344703677,0.12139621376991272,0.9560840129852295],"EasingStyle":"Linear","EasingDirection":"In"},"Torso":{"Weight":1,"CFrame":[0.06474785506725311,0,-0.3257620334625244,0.9947175979614258,0,0.10264938324689865,0,1,0,-0.10264938324689865,0,0.9947175979614258],"EasingStyle":"Linear","EasingDirection":"In"},"HumanoidRootPart":{"Weight":1,"CFrame":[0,0,0,1,0,0,0,1,0,0,0,1],"EasingStyle":"Linear","EasingDirection":"In"},"Right Leg":{"Weight":1,"CFrame":[0.9955790638923645,-0.006784200668334961,-0.042745351791381839,0.8648281693458557,0.4446549415588379,0.23314005136489869,-0.42467841506004336,0.8955631256103516,-0.13272184133529664,-0.2678069472312927,0.015772109851241113,0.9633435606956482],"EasingStyle":"Linear","EasingDirection":"In"}}},{"Time":0.06779661029577255,"poses":{"Left Leg":{"Weight":1,"CFrame":[-1.1120185852050782,0.09961944818496704,-0.02403736114501953,0.8369997143745422,-0.5205895304679871,-0.1685764640569687,0.542883574962616,0.8286385536193848,0.13651242852210999,0.06862201541662216,-0.20577819645404817,0.9761897921562195],"EasingStyle":"Linear","EasingDirection":"In"},"Right Arm":{"Weight":1,"CFrame":[0.3812900483608246,-0.1732339859008789,0.22935259342193604,-0.3383224606513977,-0.30588895082473757,-0.8899269104003906,0.1781931072473526,-0.9494093060493469,0.2585908770561218,-0.9240049719810486,-0.0710919052362442,0.37571388483047488],"EasingStyle":"Linear","EasingDirection":"In"},"Left Arm":{"Weight":1,"CFrame":[-0.3815816044807434,-0.1490764021873474,0.30756843090057375,-0.33850932121276858,0.31115269660949709,0.8880290389060974,0.06759277731180191,-0.9332659840583801,0.35276880860328677,0.9385321736335754,0.17943988740444184,0.29488763213157656],"EasingStyle":"Linear","EasingDirection":"In"},"Head":{"Weight":1,"CFrame":[8.940696716308594e-8,0,-1.1920928955078126e-7,0.9643486738204956,-0.011915196664631367,-0.26436647772789,-0.02070126309990883,0.9925280809402466,-0.1202475056052208,0.263823926448822,0.12143322825431824,0.9568965435028076],"EasingStyle":"Linear","EasingDirection":"In"},"Torso":{"Weight":1,"CFrame":[0.06424002349376679,0,-0.32317113876342776,0.994800329208374,0,0.10184428095817566,0,1,0,-0.10184428095817566,0,0.994800329208374],"EasingStyle":"Linear","EasingDirection":"In"},"HumanoidRootPart":{"Weight":1,"CFrame":[0,0,0,1,0,0,0,1,0,0,0,1],"EasingStyle":"Linear","EasingDirection":"In"},"Right Leg":{"Weight":1,"CFrame":[0.9925638437271118,-0.0066117048263549809,-0.04332399368286133,0.8656401634216309,0.4431750774383545,0.23294420540332795,-0.42364391684532168,0.8963152170181274,-0.13093885779380799,-0.26682019233703616,0.014660466462373734,0.9636347889900208],"EasingStyle":"Linear","EasingDirection":"In"}}},{"Time":0.08474576473236084,"poses":{"Left Leg":{"Weight":1,"CFrame":[-1.103766679763794,0.09848237037658692,-0.025111794471740724,0.8395915031433106,-0.5164018869400024,-0.16856804490089417,0.5386948585510254,0.8314611911773682,0.1359417885541916,0.0699571892619133,-0.2049422264099121,0.976270854473114],"EasingStyle":"Linear","EasingDirection":"In"},"Right Arm":{"Weight":1,"CFrame":[0.3811868131160736,-0.18226966261863709,0.2294621467590332,-0.33784693479537966,-0.3088345229625702,-0.8890898823738098,0.17846794426441194,-0.9485162496566773,0.26166045665740969,-0.9241258502006531,-0.07027307897806168,0.37557023763656618],"EasingStyle":"Linear","EasingDirection":"In"},"Left Arm":{"Weight":1,"CFrame":[-0.3815816044807434,-0.15849608182907105,0.3063241243362427,-0.33818113803863528,0.31970512866973879,0.8851114511489868,0.06153456121683121,-0.9310013055801392,0.3597915768623352,0.9390671253204346,0.17613965272903443,0.29517409205436709],"EasingStyle":"Linear","EasingDirection":"In"},"Head":{"Weight":1,"CFrame":[1.1920928955078126e-7,0,-1.1920928955078126e-7,0.9659441709518433,-0.011172313243150711,-0.2585093677043915,-0.020701264962553979,0.9925280809402466,-0.1202474907040596,0.2579212188720703,0.1215038076043129,0.9584954380989075],"EasingStyle":"Linear","EasingDirection":"In"},"Torso":{"Weight":1,"CFrame":[0.0632241815328598,0,-0.3179905414581299,0.9949638843536377,0,0.10023380815982819,0,1,0,-0.10023380815982819,0,0.9949638843536377],"EasingStyle":"Linear","EasingDirection":"In"},"HumanoidRootPart":{"Weight":1,"CFrame":[0,0,0,1,0,0,0,1,0,0,0,1],"EasingStyle":"Linear","EasingDirection":"In"},"Right Leg":{"Weight":1,"CFrame":[0.9863737225532532,-0.006286025047302246,-0.044494032859802249,0.8672845959663391,0.4401313066482544,0.2325979769229889,-0.4214770793914795,0.8978472352027893,-0.12738777697086335,-0.2649047374725342,0.01244683563709259,0.9641942381858826],"EasingStyle":"Linear","EasingDirection":"In"}}},{"Time":0.10169491171836853,"poses":{"Left Leg":{"Weight":1,"CFrame":[-1.0868977308273316,0.09623688459396362,-0.027142822742462159,0.8448033332824707,-0.5078579187393189,-0.1684861034154892,0.5301313400268555,0.8371307849884033,0.13480712473392487,0.07258199155330658,-0.20320531725883485,0.9764422178268433],"EasingStyle":"Linear","EasingDirection":"In"},"Right Arm":{"Weight":1,"CFrame":[0.38106751441955569,-0.20034149289131165,0.22962331771850587,-0.33689314126968386,-0.3147185146808624,-0.8873867988586426,0.17901313304901124,-0.9467002749443054,0.2677927017211914,-0.9243686199188232,-0.06863651424646378,0.3752756416797638],"EasingStyle":"Linear","EasingDirection":"In"},"Left Arm":{"Weight":1,"CFrame":[-0.3815816044807434,-0.17733442783355714,0.30383527278900149,-0.33735746145248415,0.3367731273174286,0.8790755867958069,0.04939781501889229,-0.926199734210968,0.37378329038619997,0.9400796890258789,0.16952309012413026,0.29582488536834719],"EasingStyle":"Linear","EasingDirection":"In"},"Head":{"Weight":1,"CFrame":[8.940696716308594e-8,0,-2.980232238769531e-7,0.9690291285514832,-0.009684068150818348,-0.2467564046382904,-0.02070125937461853,0.9925280809402466,-0.12024746835231781,0.24607715010643006,0.12163147330284119,0.9615882039070129],"EasingStyle":"Linear","EasingDirection":"In"},"Torso":{"Weight":1,"CFrame":[0.06119193136692047,0,-0.307633638381958,0.995283305644989,0,0.09701191633939743,0,1,0,-0.09701191633939743,0,0.995283305644989],"EasingStyle":"Linear","EasingDirection":"In"},"HumanoidRootPart":{"Weight":1,"CFrame":[0,0,0,1,0,0,0,1,0,0,0,1],"EasingStyle":"Linear","EasingDirection":"In"},"Right Leg":{"Weight":1,"CFrame":[0.9741645455360413,-0.005529642105102539,-0.04692482948303223,0.8704898357391357,0.43409326672554018,0.23197081685066224,-0.41716036200523379,0.9008327126502991,-0.12032447755336762,-0.2611989676952362,0.007972213439643383,0.965252161026001],"EasingStyle":"Linear","EasingDirection":"In"}}},{"Time":0.11864406615495682,"poses":{"Left Leg":{"Weight":1,"CFrame":[-1.05167555809021,0.09180939197540283,-0.030891120433807374,0.8553062081336975,-0.49005067348480227,-0.16823051869869233,0.5122451782226563,0.8485573530197144,0.132497638463974,0.07782264053821564,-0.19950129091739655,0.976802408695221],"EasingStyle":"Linear","EasingDirection":"In"},"Right Arm":{"Weight":1,"CFrame":[0.3809296786785126,-0.23648378252983094,0.2298603057861328,-0.3349747657775879,-0.3264562487602234,-0.8838655352592468,0.18008483946323396,-0.9429493546485901,0.28002870082855227,-0.9248574376106262,-0.06536836177110672,0.37465420365333559],"EasingStyle":"Linear","EasingDirection":"In"},"Left Arm":{"Weight":1,"CFrame":[-0.3815816044807434,-0.21501091122627259,0.29885756969451907,-0.335039347410202,0.37072569131851199,0.866205096244812,0.02506628818809986,-0.9155064821243286,0.4015215039253235,0.9418706297874451,0.15623798966407777,0.2974379062652588],"EasingStyle":"Linear","EasingDirection":"In"},"Head":{"Weight":1,"CFrame":[7.450580596923828e-8,0,1.1920928955078126e-7,0.9747715592384338,-0.00669881934300065,-0.2231045961380005,-0.02070126123726368,0.9925280809402466,-0.12024746835231781,0.22224310040473939,0.12183235585689545,0.9673494696617127],"EasingStyle":"Linear","EasingDirection":"In"},"Torso":{"Weight":1,"CFrame":[0.05712507665157318,0,-0.2869400978088379,0.9958906173706055,0,0.09056441485881806,0,1,0,-0.09056441485881806,0,0.9958906173706055],"EasingStyle":"Linear","EasingDirection":"In"},"HumanoidRootPart":{"Weight":1,"CFrame":[0,0,0,1,0,0,0,1,0,0,0,1],"EasingStyle":"Linear","EasingDirection":"In"},"Right Leg":{"Weight":1,"CFrame":[0.9486913084983826,-0.0039550065994262699,-0.05163651704788208,0.8769807815551758,0.42146146297454836,0.23081369698047639,-0.40783819556236269,0.9068459272384644,-0.10629560798406601,-0.2541119158267975,-0.0009154002764262259,0.9671744108200073],"EasingStyle":"Linear","EasingDirection":"In"}}},{"Time":0.1355932205915451,"poses":{"Left Leg":{"Weight":1,"CFrame":[-0.9755353331565857,0.08331209421157837,-0.03747546672821045,0.8763603568077087,-0.4515557587146759,-0.16760152578353883,0.4734690487384796,0.8715125918388367,0.1276424080133438,0.08842922002077103,-0.19121485948562623,0.9775567650794983],"EasingStyle":"Linear","EasingDirection":"In"},"Right Arm":{"Weight":1,"CFrame":[0.3807704448699951,-0.308769553899765,0.23020851612091065,-0.3310966193675995,-0.34980037808418276,-0.8763645887374878,0.18215295672416688,-0.9349736571311951,0.3043755292892456,-0.9258484840393066,-0.05885481834411621,0.3732838034629822],"EasingStyle":"Linear","EasingDirection":"In"},"Left Arm":{"Weight":1,"CFrame":[-0.3815816342830658,-0.2903638184070587,0.2889021635055542,-0.3276924788951874,0.4376145005226135,0.8373239040374756,-0.023636670783162118,-0.8897790312767029,0.45577895641326907,0.9444887042045593,0.12956373393535615,0.3019176125526428],"EasingStyle":"Linear","EasingDirection":"In"},"Head":{"Weight":1,"CFrame":[8.940696716308594e-8,0,0,0.9845168590545654,-0.0007025739178061485,-0.17528903484344483,-0.02070126309990883,0.9925280809402466,-0.12024746835231781,0.1740637868642807,0.1220143586397171,0.9771460294723511],"EasingStyle":"Linear","EasingDirection":"In"},"Torso":{"Weight":1,"CFrame":[0.04898284375667572,0,-0.24563145637512208,0.9969803094863892,0,0.07765597105026245,0,1,0,-0.07765597105026245,0,0.9969803094863892],"EasingStyle":"Linear","EasingDirection":"In"},"HumanoidRootPart":{"Weight":1,"CFrame":[0,0,0,1,0,0,0,1,0,0,0,1],"EasingStyle":"Linear","EasingDirection":"In"},"Right Leg":{"Weight":1,"CFrame":[0.8932661414146423,-0.0004820823669433594,-0.06016582250595093,0.8902669548988342,0.393887996673584,0.22864221036434174,-0.3864090144634247,0.9189743399620056,-0.07857562601566315,-0.24106629192829133,-0.018396245315670968,0.9703342914581299],"EasingStyle":"Linear","EasingDirection":"In"}}},{"Time":0.1525423675775528,"poses":{"Left Leg":{"Weight":1,"CFrame":[-0.7912091016769409,0.06736540794372559,-0.04585742950439453,0.918672502040863,-0.35834014415740969,-0.16623248159885407,0.37920087575912478,0.9178916215896606,0.11696894466876984,0.11066870391368866,-0.17049162089824677,0.9791246652603149],"EasingStyle":"Linear","EasingDirection":"In"},"Right Arm":{"Weight":1,"CFrame":[0.3805864751338959,-0.45334041118621828,0.2307201623916626,-0.3231884241104126,-0.39588138461112978,-0.8595507740974426,0.18598027527332307,-0.9171517491340637,0.35248252749443056,-0.9278796911239624,-0.045941345393657687,0.37003880739212038],"EasingStyle":"Linear","EasingDirection":"In"},"Left Arm":{"Weight":1,"CFrame":[-0.3815816342830658,-0.4410703778266907,0.2689911127090454,-0.302191823720932,0.5650851726531982,0.767697274684906,-0.11962981522083283,-0.8214638829231262,0.5575711727142334,0.9457107186317444,0.07665391266345978,0.3158407211303711],"EasingStyle":"Linear","EasingDirection":"In"},"Head":{"Weight":1,"CFrame":[7.450580596923828e-8,0,0,0.9968729615211487,0.011316942051053048,-0.07820659875869751,-0.020701264962553979,0.9925280809402466,-0.1202474907040596,0.07626141607761383,0.12149044126272202,0.9896586537361145],"EasingStyle":"Linear","EasingDirection":"In"},"Torso":{"Weight":1,"CFrame":[0.032671697437763217,0,-0.1633315086364746,0.9986576437950134,0,0.05179671198129654,0,1,0,-0.05179671198129654,0,0.9986576437950134],"EasingStyle":"Linear","EasingDirection":"In"},"HumanoidRootPart":{"Weight":1,"CFrame":[0,0,0,1,0,0,0,1,0,0,0,1],"EasingStyle":"Linear","EasingDirection":"In"},"Right Leg":{"Weight":1,"CFrame":[0.7579321265220642,0.007970571517944336,-0.07200998067855835,0.9182267189025879,0.3262574076652527,0.2245347648859024,-0.3293880522251129,0.9438775181770325,-0.024469202384352685,-0.21991658210754395,-0.05149077996611595,0.9741588234901428],"EasingStyle":"Linear","EasingDirection":"In"}}},{"Time":0.16949152946472169,"poses":{"Left Leg":{"Weight":1,"CFrame":[-0.08104292303323746,0.04736059904098511,-0.009927093982696534,0.9865379929542542,0.001466507208533585,-0.1635258048772812,0.013822205364704132,0.9956337809562683,0.0923171266913414,0.16294720768928529,-0.09333465248346329,0.9822101593017578],"EasingStyle":"Linear","EasingDirection":"In"},"Right Arm":{"Weight":1,"CFrame":[0.38037392497062685,-0.7424830198287964,0.23147249221801759,-0.3068731427192688,-0.4849776029586792,-0.8189173936843872,0.1923474371433258,-0.8742805123329163,0.4456859529018402,-0.9321113228797913,-0.02074768953025341,0.3615775406360626],"EasingStyle":"Linear","EasingDirection":"In"},"Left Arm":{"Weight":1,"CFrame":[-0.3815816044807434,-0.7424832582473755,0.22916924953460694,-0.2116348147392273,0.7789660096168518,0.5902736783027649,-0.2939032316207886,-0.6267228722572327,0.7216917276382446,0.932111382484436,-0.020748348906636239,0.36157703399658205],"EasingStyle":"Linear","EasingDirection":"In"},"Head":{"Weight":1,"CFrame":[8.742279078433057e-8,0,0,0.9925413131713867,0.034854624420404437,0.11682018637657166,-0.020701264962553979,0.9925280809402466,-0.120247483253479,-0.1201384961605072,0.11693226546049118,0.9858466386795044],"EasingStyle":"Linear","EasingDirection":"In"},"Torso":{"Weight":1,"CFrame":[0,0,0,1,0,-8.742277657347586e-8,0,1,0,8.742277657347586e-8,0,1],"EasingStyle":"Linear","EasingDirection":"In"},"HumanoidRootPart":{"Weight":1,"CFrame":[0,0,0,1,0,0,0,1,0,0,0,1],"EasingStyle":"Linear","EasingDirection":"In"},"Right Leg":{"Weight":1,"CFrame":[0.10845459997653961,0.04000812768936157,-0.014269053936004639,0.976198136806488,-0.0014501239638775588,0.2168760448694229,-0.015836641192436219,0.9968316555023193,0.07794883102178574,-0.21630191802978517,-0.07952810823917389,0.9730821847915649],"EasingStyle":"Linear","EasingDirection":"In"}}},{"Time":0.18644067645072938,"poses":{"Left Leg":{"Weight":1,"CFrame":[-0.0817074179649353,0.0470653772354126,-0.009658634662628174,0.9863227009773254,0.0014661495806649328,-0.16481930017471314,0.013861878775060177,0.9956800937652588,0.09181031584739685,0.16424189507961274,-0.09283926337957382,0.9820415377616882],"EasingStyle":"Linear","EasingDirection":"In"},"Right Arm":{"Weight":1,"CFrame":[0.3801283538341522,-0.7424514889717102,0.23257791996002198,-0.30687451362609866,-0.4849681854248047,-0.8189225792884827,0.1923334300518036,-0.874285876750946,0.44568151235580447,-0.9321137070655823,-0.020738033577799798,0.3615715503692627],"EasingStyle":"Linear","EasingDirection":"In"},"Left Arm":{"Weight":1,"CFrame":[-0.3815816044807434,-0.742466151714325,0.2291710376739502,-0.2116369903087616,0.7789550423622131,0.5902872681617737,-0.29389962553977969,-0.6267362833023071,0.721681535243988,0.9321120977401733,-0.020750774070620538,0.3615753948688507],"EasingStyle":"Linear","EasingDirection":"In"},"Head":{"Weight":1,"CFrame":[8.74229044711683e-8,0,0,0.9925408363342285,0.03485393896698952,0.1168249100446701,-0.020700007677078248,0.9925280809402466,-0.12024758756160736,-0.12014312297105789,0.11693235486745835,0.9858461022377014],"EasingStyle":"Linear","EasingDirection":"In"},"Torso":{"Weight":1,"CFrame":[-0.0000019921758394048085,0,-0.000010013580322265625,1,0,-0.0000032457637644256467,0,1,0,0.0000032457637644256467,0,1],"EasingStyle":"Linear","EasingDirection":"In"},"HumanoidRootPart":{"Weight":1,"CFrame":[0,0,0,1,0,0,0,1,0,0,0,1],"EasingStyle":"Linear","EasingDirection":"In"},"Right Leg":{"Weight":1,"CFrame":[0.10781864076852799,0.04006469249725342,-0.013796627521514893,0.9764722585678101,-0.0014505559811368585,0.21563853323459626,-0.015772877261042596,0.996818482875824,0.07812944054603577,-0.21506580710411073,-0.07969247549772263,0.9733426570892334],"EasingStyle":"Linear","EasingDirection":"In"}}},{"Time":0.20338982343673707,"poses":{"Left Leg":{"Weight":1,"CFrame":[-0.08274980634450913,0.04590791463851929,-0.007308304309844971,0.9859815239906311,0.0014655902050435544,-0.16684837639331819,0.013756240718066693,0.995843231678009,0.09003929793834686,0.16628678143024445,-0.09107226878404618,0.9818627834320068],"EasingStyle":"Linear","EasingDirection":"In"},"Right Arm":{"Weight":1,"CFrame":[0.37984463572502139,-0.7414718866348267,0.23420262336730958,-0.30690997838974,-0.48468083143234255,-0.8190793991088867,0.19189894199371339,-0.8744522333145142,0.44554245471954348,-0.9321915507316589,-0.02043924108147621,0.36138761043548586],"EasingStyle":"Linear","EasingDirection":"In"},"Left Arm":{"Weight":1,"CFrame":[-0.3815816044807434,-0.7419308423995972,0.22922658920288087,-0.21170589327812196,0.7786158919334412,0.590709924697876,-0.29378724098205569,-0.6271552443504334,0.7213634848594666,0.932131826877594,-0.02082640305161476,0.3615196943283081],"EasingStyle":"Linear","EasingDirection":"In"},"Head":{"Weight":1,"CFrame":[8.742790669202805e-8,0,0,0.992524266242981,0.03483263775706291,0.11697140336036682,-0.02066095732152462,0.9925285577774048,-0.12025061994791031,-0.12028609961271286,0.11693491786718369,0.9858283400535584],"EasingStyle":"Linear","EasingDirection":"In"},"Torso":{"Weight":1,"CFrame":[-0.00006374969962053001,0,-0.0003170967102050781,1,0,-0.00010115445184055716,0,1,0,0.00010115445184055716,0,1],"EasingStyle":"Linear","EasingDirection":"In"},"HumanoidRootPart":{"Weight":1,"CFrame":[0,0,0,1,0,0,0,1,0,0,0,1],"EasingStyle":"Linear","EasingDirection":"In"},"Right Leg":{"Weight":1,"CFrame":[0.10694753378629685,0.03953278064727783,-0.011166810989379883,0.9768449664115906,-0.0014511144254356623,0.21394333243370057,-0.015510492026805878,0.996865451335907,0.07758092135190964,-0.21338529884815217,-0.07910293340682984,0.9737604856491089],"EasingStyle":"Linear","EasingDirection":"In"}}},{"Time":0.22033898532390595,"poses":{"Left Leg":{"Weight":1,"CFrame":[-0.08438725769519806,0.04285842180252075,-0.0007572174072265625,0.9854367971420288,0.0014646442141383887,-0.1700356900691986,0.013257533311843872,0.9962573051452637,0.08541516214609146,0.1695244163274765,-0.08642549812793732,0.9817292094230652],"EasingStyle":"Linear","EasingDirection":"In"},"Right Arm":{"Weight":1,"CFrame":[0.3795168399810791,-0.7348043918609619,0.23659050464630128,-0.3071475327014923,-0.48272383213043215,-0.820145308971405,0.18894000351428986,-0.8755793571472168,0.4445926547050476,-0.9327175617218018,-0.01840294897556305,0.36013758182525637],"EasingStyle":"Linear","EasingDirection":"In"},"Left Arm":{"Weight":1,"CFrame":[-0.3815816044807434,-0.7382868528366089,0.22960519790649415,-0.21217170357704163,0.7763010859489441,0.5935826301574707,-0.29302123188972475,-0.6300010681152344,0.7191917896270752,0.9322670102119446,-0.021340182051062585,0.36114126443862917],"EasingStyle":"Linear","EasingDirection":"In"},"Head":{"Weight":1,"CFrame":[8.731149137020111e-8,0,0,0.9924113750457764,0.03468768671154976,0.1179685965180397,-0.020395170897245408,0.9925315380096436,-0.12027125805616379,-0.12125949561595917,0.1169525608420372,0.9857069849967957],"EasingStyle":"Linear","EasingDirection":"In"},"Torso":{"Weight":1,"CFrame":[-0.0004841034533455968,0,-0.0024077892303466799,0.9999997019767761,0,-0.0007675716769881547,0,1,0,0.0007675716769881547,0,0.9999997019767761],"EasingStyle":"Linear","EasingDirection":"In"},"HumanoidRootPart":{"Weight":1,"CFrame":[0,0,0,1,0,0,0,1,0,0,0,1],"EasingStyle":"Linear","EasingDirection":"In"},"Right Leg":{"Weight":1,"CFrame":[0.10575796663761139,0.03803056478500366,-0.004279434680938721,0.9773491621017456,-0.0014518072130158544,0.2116285264492035,-0.014971181750297547,0.9969969391822815,0.07597993314266205,-0.21110332012176515,-0.07742728292942047,0.974392294883728],"EasingStyle":"Linear","EasingDirection":"In"}}},{"Time":0.23728813230991364,"poses":{"Left Leg":{"Weight":1,"CFrame":[-0.0869092270731926,0.036434948444366458,0.012119054794311524,0.9845771789550781,0.0014629981014877558,-0.17494484782218934,0.011927715502679348,0.9970769882202148,0.07546651363372803,0.1745438575744629,-0.0763893723487854,0.9816818237304688],"EasingStyle":"Linear","EasingDirection":"In"},"Right Arm":{"Weight":1,"CFrame":[0.37913814187049868,-0.7101248502731323,0.24009990692138673,-0.3079686462879181,-0.47545483708381655,-0.8240741491317749,0.17796145379543305,-0.8796735405921936,0.4410262107849121,-0.9346042275428772,-0.01083130482584238,0.35552459955215456],"EasingStyle":"Linear","EasingDirection":"In"},"Left Arm":{"Weight":1,"CFrame":[-0.3815816044807434,-0.7248007655143738,0.23100662231445313,-0.2138739824295044,0.7676281332969666,0.6041566729545593,-0.2901674807071686,-0.6404743194580078,0.7110521793365479,0.9327704906463623,-0.023231206461787225,0.3597216010093689],"EasingStyle":"Linear","EasingDirection":"In"},"Head":{"Weight":1,"CFrame":[8.847564458847046e-8,0,-1.1920928955078126e-7,0.9919843077659607,0.034151267260313037,0.12165894359350205,-0.01941109634935856,0.9925423264503479,-0.12034531682729721,-0.12486157566308975,0.11701911687850952,0.9852492809295654],"EasingStyle":"Linear","EasingDirection":"In"},"Torso":{"Weight":1,"CFrame":[-0.002040068618953228,0,-0.010148763656616211,0.9999947547912598,0,-0.0032343550119549038,0,1,0,0.0032343550119549038,0,0.9999947547912598],"EasingStyle":"Linear","EasingDirection":"In"},"HumanoidRootPart":{"Weight":1,"CFrame":[0,0,0,1,0,0,0,1,0,0,0,1],"EasingStyle":"Linear","EasingDirection":"In"},"Right Leg":{"Weight":1,"CFrame":[0.18385112285614015,0.03490227460861206,-0.008055388927459717,0.9772714376449585,0.039041612297296527,0.20836612582206727,-0.05555707961320877,0.9957091808319092,0.07400516420602799,-0.20458273589611054,-0.08389932662248612,0.9752470850944519],"EasingStyle":"Linear","EasingDirection":"In"}}},{"Time":0.2542372941970825,"poses":{"Left Leg":{"Weight":1,"CFrame":[-0.19795991480350495,0.024101734161376954,0.01348865032196045,0.981804370880127,-0.052981000393629077,-0.1823546141386032,0.06422162801027298,0.9963465332984924,0.05629506707191467,0.1787058413028717,-0.06698183715343476,0.9816199541091919],"EasingStyle":"Linear","EasingDirection":"In"},"Right Arm":{"Weight":1,"CFrame":[0.3787005543708801,-0.6437339186668396,0.24525821208953858,-0.30972376465797427,-0.45571187138557436,-0.8345046043395996,0.14823773503303529,-0.8900734186172485,0.4310392737388611,-0.9392001032829285,0.00979787390679121,0.3432304859161377],"EasingStyle":"Linear","EasingDirection":"In"},"Left Arm":{"Weight":1,"CFrame":[-0.3815816044807434,-0.688520073890686,0.23477661609649659,-0.2182675451040268,0.7434936761856079,0.6321207284927368,-0.2823520302772522,-0.6681467890739441,0.6883728504180908,0.934150218963623,-0.028231335803866388,0.3557616174221039],"EasingStyle":"Linear","EasingDirection":"In"},"Head":{"Weight":1,"CFrame":[8.754432201385498e-8,0,-1.1920928955078126e-7,0.9907656908035278,0.0327090322971344,0.13158069550991059,-0.016761811450123788,0.9925686120986939,-0.1205262839794159,-0.13454516232013703,0.11720778048038483,0.983951210975647],"EasingStyle":"Linear","EasingDirection":"In"},"Torso":{"Weight":1,"CFrame":[-0.006226193159818649,0,-0.03099203109741211,0.9999513030052185,0,-0.009870922192931176,0,1,0,0.009870922192931176,0,0.9999513030052185],"EasingStyle":"Linear","EasingDirection":"In"},"HumanoidRootPart":{"Weight":1,"CFrame":[0,0,0,1,0,0,0,1,0,0,0,1],"EasingStyle":"Linear","EasingDirection":"In"},"Right Leg":{"Weight":1,"CFrame":[0.38732951879501345,0.03395724296569824,-0.029159128665924073,0.968471109867096,0.1435806304216385,0.20358894765377046,-0.16141396760940553,0.984123945236206,0.07379475235939026,-0.18976131081581117,-0.10433022677898407,0.9762714505195618],"EasingStyle":"Linear","EasingDirection":"In"}}},{"Time":0.2711864411830902,"poses":{"Left Leg":{"Weight":1,"CFrame":[-0.49533534049987795,0.011362671852111817,-0.013947725296020508,0.9603005051612854,-0.20106974244117738,-0.19337521493434907,0.20910120010375977,0.9776499271392822,0.02184516191482544,0.1846608966588974,-0.061412911862134936,0.9808816909790039],"EasingStyle":"Linear","EasingDirection":"In"},"Right Arm":{"Weight":1,"CFrame":[0.37819504737854006,-0.4967631697654724,0.25283944606781008,-0.3112119436264038,-0.4111628532409668,-0.8567920327186585,0.08165362477302551,-0.9097978472709656,0.40694060921669009,-0.9468262791633606,0.05668448656797409,0.31671273708343508],"EasingStyle":"Linear","EasingDirection":"In"},"Left Arm":{"Weight":1,"CFrame":[-0.3815816044807434,-0.6082056760787964,0.24312210083007813,-0.22697770595550538,0.6860568523406982,0.691236138343811,-0.26439204812049868,-0.7265128493309021,0.6342519521713257,0.9373248815536499,-0.038796402513980868,0.34629032015800478],"EasingStyle":"Linear","EasingDirection":"In"},"Head":{"Weight":1,"CFrame":[8.568167686462403e-8,0,0,0.9877063035964966,0.029521601274609567,0.15350861847400666,-0.010888520628213883,0.9926132559776306,-0.12083274126052857,-0.15594185888767243,0.1176757961511612,0.980731725692749],"EasingStyle":"Linear","EasingDirection":"In"},"Torso":{"Weight":1,"CFrame":[-0.015493743121623993,0,-0.07723164558410645,0.999698281288147,0,-0.024563442915678026,0,1,0,0.024563442915678026,0,0.999698281288147],"EasingStyle":"Linear","EasingDirection":"In"},"HumanoidRootPart":{"Weight":1,"CFrame":[0,0,0,1,0,0,0,1,0,0,0,1],"EasingStyle":"Linear","EasingDirection":"In"},"Right Leg":{"Weight":1,"CFrame":[0.59498131275177,0.039864420890808108,-0.038189709186553958,0.9478894472122192,0.25086721777915957,0.1963956505060196,-0.2703811824321747,0.9594749808311462,0.07938385009765625,-0.1685219556093216,-0.12834875285625459,0.9773059487342835],"EasingStyle":"Linear","EasingDirection":"In"}}},{"Time":0.2881355881690979,"poses":{"Left Leg":{"Weight":1,"CFrame":[-0.743217945098877,-0.0009652376174926758,-0.0282667875289917,0.9230073690414429,-0.32267478108406069,-0.2096146047115326,0.3222571313381195,0.9459242820739746,-0.037116970866918567,0.21025627851486207,-0.033290594816207889,0.9770793318748474],"EasingStyle":"Linear","EasingDirection":"In"},"Right Arm":{"Weight":1,"CFrame":[0.377610981464386,-0.2113851010799408,0.26398158073425295,-0.3044885993003845,-0.32247763872146609,-0.8962671756744385,-0.04899024963378906,-0.9343998432159424,0.3528411090373993,-0.9512553811073303,0.1513444483280182,0.2687159776687622],"EasingStyle":"Linear","EasingDirection":"In"},"Left Arm":{"Weight":1,"CFrame":[-0.3815816044807434,-0.4522554576396942,0.2593270540237427,-0.2395218014717102,0.5603994131088257,0.7928315997123718,-0.22748667001724244,-0.826263427734375,0.5153041481971741,0.9438639283180237,-0.056932173669338229,0.3253917396068573],"EasingStyle":"Linear","EasingDirection":"In"},"Head":{"Weight":1,"CFrame":[8.940696716308594e-8,0,1.1920928955078126e-7,0.9803473353385925,0.02336081862449646,0.19589152932167054,0.0005352959269657731,0.9926455616950989,-0.1210557147860527,-0.19727882742881776,0.11878150701522827,0.9731249213218689],"EasingStyle":"Linear","EasingDirection":"In"},"Torso":{"Weight":1,"CFrame":[-0.0334818959236145,0,-0.1674060821533203,0.9985902905464172,0,-0.05308137834072113,0,1,0,0.05308137834072113,0,0.9985902905464172],"EasingStyle":"Linear","EasingDirection":"In"},"HumanoidRootPart":{"Weight":1,"CFrame":[0,0,0,1,0,0,0,1,0,0,0,1],"EasingStyle":"Linear","EasingDirection":"In"},"Right Leg":{"Weight":1,"CFrame":[0.8397004008293152,0.058446526527404788,-0.037774503231048587,0.9070662260055542,0.3779628574848175,0.1854047179222107,-0.39967572689056399,0.9114871025085449,0.09721474349498749,-0.13225050270557404,-0.16228199005126954,0.9778416752815247],"EasingStyle":"Linear","EasingDirection":"In"}}},{"Time":0.3050847351551056,"poses":{"Left Leg":{"Weight":1,"CFrame":[-0.9982553720474243,-0.00692594051361084,-0.04229271411895752,0.8640981912612915,-0.4459562301635742,-0.23336072266101838,0.42558303475379946,0.8948983550071716,-0.13429884612560273,0.26872554421424868,0.016733083873987199,0.9630714058876038],"EasingStyle":"Linear","EasingDirection":"In"},"Right Arm":{"Weight":1,"CFrame":[0.3769361674785614,0.29297924041748049,0.28035759925842287,-0.26230376958847048,-0.16600362956523896,-0.9505996704101563,-0.2735251486301422,-0.9319004416465759,0.2382134050130844,-0.9254083633422852,0.32249715924263,0.19903455674648286],"EasingStyle":"Linear","EasingDirection":"In"},"Left Arm":{"Weight":1,"CFrame":[-0.3815816044807434,-0.1766369640827179,0.28796637058258059,-0.24638943374156953,0.30608052015304568,0.9195689558982849,-0.1595814824104309,-0.9486822485923767,0.2730124592781067,0.9559425115585327,-0.0794789120554924,0.28259018063545229],"EasingStyle":"Linear","EasingDirection":"In"},"Head":{"Weight":1,"CFrame":[1.043081283569336e-7,0,-1.7881393432617188e-7,0.9628210067749023,0.012610873207449913,0.2698456943035126,0.02070126309990883,0.9925280809402466,-0.1202475056052208,-0.26934581995010378,0.12136295437812805,0.9553658962249756],"EasingStyle":"Linear","EasingDirection":"In"},"Torso":{"Weight":1,"CFrame":[-0.06519214808940888,0,-0.3280296325683594,0.9946446418762207,0,-0.10335393995046616,0,1,0,0.10335393995046616,0,0.9946446418762207],"EasingStyle":"Linear","EasingDirection":"In"},"HumanoidRootPart":{"Weight":1,"CFrame":[0,0,0,1,0,0,0,1,0,0,0,1],"EasingStyle":"Linear","EasingDirection":"In"},"Right Leg":{"Weight":1,"CFrame":[1.119572401046753,0.10070651769638062,-0.02290022373199463,0.8346049785614014,0.5244474411010742,0.1684907078742981,-0.5467235445976257,0.8260172009468079,0.13707301020622254,-0.0672885999083519,-0.20651967823505402,0.9761260151863098],"EasingStyle":"Linear","EasingDirection":"In"}}},{"Time":0.32203391194343569,"poses":{"Left Leg":{"Weight":1,"CFrame":[-1.0307836532592774,-0.01499629020690918,-0.05145108699798584,0.8549504280090332,-0.4616492986679077,-0.23651602864265443,0.42794978618621828,0.8854299783706665,-0.18130850791931153,0.29311931133270266,0.05379275977611542,0.9545613527297974],"EasingStyle":"Linear","EasingDirection":"In"},"Right Arm":{"Weight":1,"CFrame":[0.3761565089225769,0.29297924041748049,0.2803577184677124,-0.26230376958847048,-0.16600362956523896,-0.9505996704101563,-0.2735251486301422,-0.9319004416465759,0.2382134199142456,-0.9254083633422852,0.32249715924263,0.19903455674648286],"EasingStyle":"Linear","EasingDirection":"In"},"Left Arm":{"Weight":1,"CFrame":[-0.3815816044807434,-0.17663699388504029,0.2879667282104492,-0.24638940393924714,0.30608049035072329,0.9195689558982849,-0.15958146750926972,-0.9486821889877319,0.2730124890804291,0.9559424519538879,-0.0794789120554924,0.28259018063545229],"EasingStyle":"Linear","EasingDirection":"In"},"Head":{"Weight":1,"CFrame":[8.940696716308594e-8,0,0,0.9628210067749023,0.012610874138772488,0.2698456645011902,0.02070126309990883,0.9925280809402466,-0.1202474907040596,-0.26934581995010378,0.12136295437812805,0.9553658366203308],"EasingStyle":"Linear","EasingDirection":"In"},"Torso":{"Weight":1,"CFrame":[-0.03396382927894592,0,-0.36695003509521487,0.9924941658973694,0,-0.12229286879301071,0,1,0,0.12229286879301071,0,0.9924941658973694],"EasingStyle":"Linear","EasingDirection":"In"},"HumanoidRootPart":{"Weight":1,"CFrame":[0,0,0,1,0,0,0,1,0,0,0,1],"EasingStyle":"Linear","EasingDirection":"In"},"Right Leg":{"Weight":1,"CFrame":[1.1724038124084473,0.12700867652893067,-0.036513447761535647,0.8172575831413269,0.5524541139602661,0.16396565735340119,-0.5757113695144653,0.7952699661254883,0.19000539183616639,-0.025427699089050294,-0.24968016147613526,0.9679943919181824],"EasingStyle":"Linear","EasingDirection":"In"}}},{"Time":0.33898305892944338,"poses":{"Left Leg":{"Weight":1,"CFrame":[-1.0460526943206788,-0.01898801326751709,-0.056024372577667239,0.850507915019989,-0.4689960181713104,-0.23807427287101746,0.42784613370895388,0.880186915397644,-0.20547163486480714,0.3059151768684387,0.07289602607488632,0.9492639303207398],"EasingStyle":"Linear","EasingDirection":"In"},"Right Arm":{"Weight":1,"CFrame":[0.3752557635307312,0.29297935962677,0.2803577184677124,-0.26230379939079287,-0.16600364446640016,-0.9505996704101563,-0.2735251784324646,-0.9319004416465759,0.2382134050130844,-0.9254083633422852,0.32249715924263,0.19903455674648286],"EasingStyle":"Linear","EasingDirection":"In"},"Left Arm":{"Weight":1,"CFrame":[-0.3815816044807434,-0.1766369342803955,0.28796637058258059,-0.24638943374156953,0.30608049035072329,0.9195689558982849,-0.1595814824104309,-0.9486821889877319,0.2730124592781067,0.9559424519538879,-0.07947889715433121,0.2825901508331299],"EasingStyle":"Linear","EasingDirection":"In"},"Head":{"Weight":1,"CFrame":[1.043081283569336e-7,0,-1.1920928955078126e-7,0.9628210663795471,0.012610872276127339,0.2698456943035126,0.020701264962553979,0.9925280809402466,-0.1202475056052208,-0.26934584975242617,0.12136293947696686,0.9553658962249756],"EasingStyle":"Linear","EasingDirection":"In"},"Torso":{"Weight":1,"CFrame":[-0.01787051558494568,0,-0.3870830535888672,0.9912457