{"Sequence":[{"Time":0,"poses":{"Left Leg":{"Weight":1,"CFrame":[-0.06026758998632431,0.7805819511413574,0.10450732707977295,0.6304391622543335,0.12082883715629578,0.7667768001556397,-0.35476669669151308,0.923458456993103,0.1461682766675949,-0.6904252171516419,-0.36417707800865176,0.6250504851341248],"EasingStyle":"Constant","EasingDirection":"In"},"Right Arm":{"Weight":1,"CFrame":[-0.07024584710597992,0.24522888660430909,0.4520852565765381,0.6561633944511414,0.1391565501689911,-0.7416772246360779,0.7454686760902405,-0.2721254527568817,0.608460545539856,-0.11715800315141678,-0.9521466493606567,-0.28229543566703799],"EasingStyle":"Constant","EasingDirection":"In"},"Head":{"Weight":1,"CFrame":[9.220093488693237e-8,-7.450580596923828e-9,-1.1920928955078126e-7,0.9761513471603394,0.139803946018219,-0.1660829782485962,-0.13438406586647035,0.9899745583534241,0.04349122941493988,0.17049816250801087,-0.02013511396944523,0.9851522445678711],"EasingStyle":"Constant","EasingDirection":"In"},"Right Leg":{"Weight":1,"CFrame":[0.6016436219215393,0.18532752990722657,-0.23241961002349854,0.9013970494270325,0.28891700506210329,0.32250654697418215,-0.4135874807834625,0.7949901223182678,0.44377487897872927,-0.12817524373531342,-0.5334020256996155,0.8360942006111145],"EasingStyle":"Constant","EasingDirection":"In"},"Torso":{"Weight":1,"CFrame":[0.41897401213645937,0.09344172477722168,-0.586005687713623,0.9725215435028076,-0.14028550684452058,0.18580056726932527,0.14556486904621125,0.9892348647117615,-0.015014376491308213,-0.18169407546520234,0.041647836565971377,0.982472836971283],"EasingStyle":"Constant","EasingDirection":"In"},"HumanoidRootPart":{"Weight":0,"CFrame":[0,0,0,1,0,0,0,1,0,0,0,1],"EasingStyle":"Linear","EasingDirection":"In"},"Left Arm":{"Weight":1,"CFrame":[-0.6188272833824158,-0.34082287549972536,-0.016722261905670167,-0.7228018045425415,0.165364608168602,-0.6709786057472229,-0.6904428005218506,-0.1319311112165451,0.7112545967102051,0.029093412682414056,0.9773682951927185,0.20953473448753358],"EasingStyle":"Constant","EasingDirection":"In"}}},{"Time":0.03333333507180214,"poses":{"Left Leg":{"Weight":1,"CFrame":[-0.06026758998632431,0.7805819511413574,0.10450732707977295,0.6304391622543335,0.12082883715629578,0.7667768001556397,-0.35476669669151308,0.923458456993103,0.1461682766675949,-0.6904252171516419,-0.36417707800865176,0.6250504851341248],"EasingStyle":"Constant","EasingDirection":"In"},"Right Arm":{"Weight":1,"CFrame":[-0.07024584710597992,0.24522888660430909,0.4520852565765381,0.6561633944511414,0.1391565501689911,-0.7416772246360779,0.7454686760902405,-0.2721254527568817,0.608460545539856,-0.11715800315141678,-0.9521466493606567,-0.28229543566703799],"EasingStyle":"Constant","EasingDirection":"In"},"Head":{"Weight":1,"CFrame":[9.220093488693237e-8,-7.450580596923828e-9,-1.1920928955078126e-7,0.9761513471603394,0.139803946018219,-0.1660829782485962,-0.13438406586647035,0.9899745583534241,0.04349122941493988,0.17049816250801087,-0.02013511396944523,0.9851522445678711],"EasingStyle":"Constant","EasingDirection":"In"},"Right Leg":{"Weight":1,"CFrame":[0.6016436219215393,0.18532752990722657,-0.23241961002349854,0.9013970494270325,0.28891700506210329,0.32250654697418215,-0.4135874807834625,0.7949901223182678,0.44377487897872927,-0.12817524373531342,-0.5334020256996155,0.8360942006111145],"EasingStyle":"Constant","EasingDirection":"In"},"Torso":{"Weight":1,"CFrame":[0.41897401213645937,0.09344172477722168,-0.586005687713623,0.9725215435028076,-0.14028550684452058,0.18580056726932527,0.14556486904621125,0.9892348647117615,-0.015014376491308213,-0.18169407546520234,0.041647836565971377,0.982472836971283],"EasingStyle":"Constant","EasingDirection":"In"},"HumanoidRootPart":{"Weight":0,"CFrame":[0,0,0,1,0,0,0,1,0,0,0,1],"EasingStyle":"Linear","EasingDirection":"In"},"Left Arm":{"Weight":1,"CFrame":[-0.6188272833824158,-0.34082287549972536,-0.016722261905670167,-0.7228018045425415,0.165364608168602,-0.6709786057472229,-0.6904428005218506,-0.1319311112165451,0.7112545967102051,0.029093412682414056,0.9773682951927185,0.20953473448753358],"EasingStyle":"Constant","EasingDirection":"In"}}},{"Time":0.06666667014360428,"poses":{"Left Leg":{"Weight":1,"CFrame":[-0.06026758998632431,0.7805819511413574,0.10450732707977295,0.6304391622543335,0.12082883715629578,0.7667768001556397,-0.35476669669151308,0.923458456993103,0.1461682766675949,-0.6904252171516419,-0.36417707800865176,0.6250504851341248],"EasingStyle":"Constant","EasingDirection":"In"},"Right Arm":{"Weight":1,"CFrame":[-0.07024584710597992,0.24522888660430909,0.4520852565765381,0.6561633944511414,0.1391565501689911,-0.7416772246360779,0.7454686760902405,-0.2721254527568817,0.608460545539856,-0.11715800315141678,-0.9521466493606567,-0.28229543566703799],"EasingStyle":"Constant","EasingDirection":"In"},"Head":{"Weight":1,"CFrame":[9.220093488693237e-8,-7.450580596923828e-9,-1.1920928955078126e-7,0.9761513471603394,0.139803946018219,-0.1660829782485962,-0.13438406586647035,0.9899745583534241,0.04349122941493988,0.17049816250801087,-0.02013511396944523,0.9851522445678711],"EasingStyle":"Constant","EasingDirection":"In"},"Right Leg":{"Weight":1,"CFrame":[0.6016436219215393,0.18532752990722657,-0.23241961002349854,0.9013970494270325,0.28891700506210329,0.32250654697418215,-0.4135874807834625,0.7949901223182678,0.44377487897872927,-0.12817524373531342,-0.5334020256996155,0.8360942006111145],"EasingStyle":"Constant","EasingDirection":"In"},"Torso":{"Weight":1,"CFrame":[0.41897401213645937,0.09344172477722168,-0.586005687713623,0.9725215435028076,-0.14028550684452058,0.18580056726932527,0.14556486904621125,0.9892348647117615,-0.015014376491308213,-0.18169407546520234,0.041647836565971377,0.982472836971283],"EasingStyle":"Constant","EasingDirection":"In"},"HumanoidRootPart":{"Weight":0,"CFrame":[0,0,0,1,0,0,0,1,0,0,0,1],"EasingStyle":"Linear","EasingDirection":"In"},"Left Arm":{"Weight":1,"CFrame":[-0.6188272833824158,-0.34082287549972536,-0.016722261905670167,-0.7228018045425415,0.165364608168602,-0.6709786057472229,-0.6904428005218506,-0.1319311112165451,0.7112545967102051,0.029093412682414056,0.9773682951927185,0.20953473448753358],"EasingStyle":"Constant","EasingDirection":"In"}}},{"Time":0.10000000149011612,"poses":{"Left Leg":{"Weight":1,"CFrame":[-0.0004927963018417358,0.7506933212280273,0.12347722053527832,0.5840568542480469,0.15448004007339478,0.7968773245811462,-0.3669264316558838,0.9259411096572876,0.08943212777376175,-0.7240460515022278,-0.3446287512779236,0.5974851250648499],"EasingStyle":"Constant","EasingDirection":"In"},"Right Arm":{"Weight":1,"CFrame":[-0.07030180841684342,0.2554358243942261,0.4485023021697998,0.651692271232605,0.13851621747016908,-0.7457281947135925,0.7528286576271057,-0.2379593551158905,0.6136974096298218,-0.09244600683450699,-0.9613473415374756,-0.2593551278114319],"EasingStyle":"Constant","EasingDirection":"In"},"Head":{"Weight":1,"CFrame":[1.0989606380462647e-7,2.2351741790771486e-8,0,0.9721929430961609,0.13879500329494477,-0.18861863017082215,-0.1321190744638443,0.9900912642478943,0.04758019745349884,0.1933535635471344,-0.021337002515792848,0.9808971285820007],"EasingStyle":"Constant","EasingDirection":"In"},"Right Leg":{"Weight":1,"CFrame":[0.5998064875602722,0.14233261346817017,-0.28144997358322146,0.8583887815475464,0.2519286572933197,0.44687893986701968,-0.4450618624687195,0.798939049243927,0.4044952094554901,-0.2551250457763672,-0.5461029410362244,0.7979241609573364],"EasingStyle":"Constant","EasingDirection":"In"},"Torso":{"Weight":1,"CFrame":[0.4344438910484314,0.09092753380537033,-0.568882942199707,0.9701594710350037,-0.1452944427728653,0.19411379098892213,0.15163956582546235,0.9882690906524658,-0.018157122656702997,-0.18919849395751954,0.04705062508583069,0.9808110594749451],"EasingStyle":"Constant","EasingDirection":"In"},"HumanoidRootPart":{"Weight":0,"CFrame":[0,0,0,1,0,0,0,1,0,0,0,1],"EasingStyle":"Linear","EasingDirection":"In"},"Left Arm":{"Weight":1,"CFrame":[-0.6210196018218994,-0.27881571650505068,0.00917196273803711,-0.7290996313095093,0.16615843772888184,-0.6639316082000732,-0.6807109117507935,-0.07536350935697556,0.7286652326583862,0.07103772461414337,0.9832149744033814,0.16805332899093629],"EasingStyle":"Constant","EasingDirection":"In"}}},{"Time":0.13333334028720857,"poses":{"Left Leg":{"Weight":1,"CFrame":[-0.0004927963018417358,0.7506933212280273,0.12347722053527832,0.5840568542480469,0.15448004007339478,0.7968773245811462,-0.3669264316558838,0.9259411096572876,0.08943212777376175,-0.7240460515022278,-0.3446287512779236,0.5974851250648499],"EasingStyle":"Constant","EasingDirection":"In"},"Right Arm":{"Weight":1,"CFrame":[-0.07030180841684342,0.2554358243942261,0.4485023021697998,0.651692271232605,0.13851621747016908,-0.7457281947135925,0.7528286576271057,-0.2379593551158905,0.6136974096298218,-0.09244600683450699,-0.9613473415374756,-0.2593551278114319],"EasingStyle":"Constant","EasingDirection":"In"},"Head":{"Weight":1,"CFrame":[1.0989606380462647e-7,2.2351741790771486e-8,0,0.9721929430961609,0.13879500329494477,-0.18861863017082215,-0.1321190744638443,0.9900912642478943,0.04758019745349884,0.1933535635471344,-0.021337002515792848,0.9808971285820007],"EasingStyle":"Constant","EasingDirection":"In"},"Right Leg":{"Weight":1,"CFrame":[0.5998064875602722,0.14233261346817017,-0.28144997358322146,0.8583887815475464,0.2519286572933197,0.44687893986701968,-0.4450618624687195,0.798939049243927,0.4044952094554901,-0.2551250457763672,-0.5461029410362244,0.7979241609573364],"EasingStyle":"Constant","EasingDirection":"In"},"Torso":{"Weight":1,"CFrame":[0.4344438910484314,0.09092753380537033,-0.568882942199707,0.9701594710350037,-0.1452944427728653,0.19411379098892213,0.15163956582546235,0.9882690906524658,-0.018157122656702997,-0.18919849395751954,0.04705062508583069,0.9808110594749451],"EasingStyle":"Constant","EasingDirection":"In"},"HumanoidRootPart":{"Weight":0,"CFrame":[0,0,0,1,0,0,0,1,0,0,0,1],"EasingStyle":"Linear","EasingDirection":"In"},"Left Arm":{"Weight":1,"CFrame":[-0.6210196018218994,-0.27881571650505068,0.00917196273803711,-0.7290996313095093,0.16615843772888184,-0.6639316082000732,-0.6807109117507935,-0.07536350935697556,0.7286652326583862,0.07103772461414337,0.9832149744033814,0.16805332899093629],"EasingStyle":"Constant","EasingDirection":"In"}}},{"Time":0.1666666716337204,"poses":{"Left Leg":{"Weight":1,"CFrame":[-0.0004927963018417358,0.7506933212280273,0.12347722053527832,0.5840568542480469,0.15448004007339478,0.7968773245811462,-0.3669264316558838,0.9259411096572876,0.08943212777376175,-0.7240460515022278,-0.3446287512779236,0.5974851250648499],"EasingStyle":"Constant","EasingDirection":"In"},"Right Arm":{"Weight":1,"CFrame":[-0.07030180841684342,0.2554358243942261,0.4485023021697998,0.651692271232605,0.13851621747016908,-0.7457281947135925,0.7528286576271057,-0.2379593551158905,0.6136974096298218,-0.09244600683450699,-0.9613473415374756,-0.2593551278114319],"EasingStyle":"Constant","EasingDirection":"In"},"Head":{"Weight":1,"CFrame":[1.0989606380462647e-7,2.2351741790771486e-8,0,0.9721929430961609,0.13879500329494477,-0.18861863017082215,-0.1321190744638443,0.9900912642478943,0.04758019745349884,0.1933535635471344,-0.021337002515792848,0.9808971285820007],"EasingStyle":"Constant","EasingDirection":"In"},"Right Leg":{"Weight":1,"CFrame":[0.5998064875602722,0.14233261346817017,-0.28144997358322146,0.8583887815475464,0.2519286572933197,0.44687893986701968,-0.4450618624687195,0.798939049243927,0.4044952094554901,-0.2551250457763672,-0.5461029410362244,0.7979241609573364],"EasingStyle":"Constant","EasingDirection":"In"},"Torso":{"Weight":1,"CFrame":[0.4344438910484314,0.09092753380537033,-0.568882942199707,0.9701594710350037,-0.1452944427728653,0.19411379098892213,0.15163956582546235,0.9882690906524658,-0.018157122656702997,-0.18919849395751954,0.04705062508583069,0.9808110594749451],"EasingStyle":"Constant","EasingDirection":"In"},"HumanoidRootPart":{"Weight":0,"CFrame":[0,0,0,1,0,0,0,1,0,0,0,1],"EasingStyle":"Linear","EasingDirection":"In"},"Left Arm":{"Weight":1,"CFrame":[-0.6210196018218994,-0.27881571650505068,0.00917196273803711,-0.7290996313095093,0.16615843772888184,-0.6639316082000732,-0.6807109117507935,-0.07536350935697556,0.7286652326583862,0.07103772461414337,0.9832149744033814,0.16805332899093629],"EasingStyle":"Constant","EasingDirection":"In"}}},{"Time":0.20000000298023225,"poses":{"Left Leg":{"Weight":1,"CFrame":[-0.10075639933347702,0.7211743593215942,0.05850362777709961,0.6719557642936707,0.1123170405626297,0.7320249080657959,-0.4029949903488159,0.8847349286079407,0.234177827835083,-0.6213457584381104,-0.45235931873321535,0.6397659778594971],"EasingStyle":"Constant","EasingDirection":"In"},"Right Arm":{"Weight":1,"CFrame":[-0.30382630228996279,-0.13883981108665467,0.36658644676208498,0.600782036781311,-0.24934393167495728,-0.7595317959785461,0.7392392754554749,-0.18835623562335969,0.6465657949447632,-0.30427980422973635,-0.9499208927154541,0.07116390019655228],"EasingStyle":"Constant","EasingDirection":"In"},"Head":{"Weight":1,"CFrame":[9.12696123123169e-8,-2.421438694000244e-8,-1.7881393432617188e-7,0.9907711744308472,0.06604356318712235,-0.1183665469288826,-0.058826521039009097,0.9962488412857056,0.06346540153026581,0.12211401015520096,-0.05591661110520363,0.990939736366272],"EasingStyle":"Constant","EasingDirection":"In"},"Right Leg":{"Weight":1,"CFrame":[0.6456435322761536,0.36005592346191409,-0.1808103322982788,0.9541136026382446,0.29098761081695559,0.070664182305336,-0.2869582772254944,0.8210694789886475,0.4934571385383606,0.08556977659463883,-0.4910917580127716,0.8668947815895081],"EasingStyle":"Constant","EasingDirection":"In"},"Torso":{"Weight":1,"CFrame":[0.23239962756633759,0.040384650230407718,-0.5800232887268066,0.988381564617157,-0.08335533738136292,0.12709760665893556,0.09413906931877136,0.992231011390686,-0.08133573830127716,-0.11933039873838425,0.09235557913780213,0.9885498881340027],"EasingStyle":"Constant","EasingDirection":"In"},"HumanoidRootPart":{"Weight":0,"CFrame":[0,0,0,1,0,0,0,1,0,0,0,1],"EasingStyle":"Linear","EasingDirection":"In"},"Left Arm":{"Weight":1,"CFrame":[-0.48721742630004885,-0.5786543488502502,0.139703631401062,-0.5369647145271301,0.7879133224487305,-0.30143246054649355,-0.7219511866569519,-0.24434912204742433,0.6473639607429504,0.43641191720962527,0.5652310848236084,0.7000417113304138],"EasingStyle":"Constant","EasingDirection":"In"}}},{"Time":0.23333333432674409,"poses":{"Left Leg":{"Weight":1,"CFrame":[-0.10075639933347702,0.7211743593215942,0.05850362777709961,0.6719557642936707,0.1123170405626297,0.7320249080657959,-0.4029949903488159,0.8847349286079407,0.234177827835083,-0.6213457584381104,-0.45235931873321535,0.6397659778594971],"EasingStyle":"Constant","EasingDirection":"In"},"Right Arm":{"Weight":1,"CFrame":[-0.30382630228996279,-0.13883981108665467,0.36658644676208498,0.600782036781311,-0.24934393167495728,-0.7595317959785461,0.7392392754554749,-0.18835623562335969,0.6465657949447632,-0.30427980422973635,-0.9499208927154541,0.07116390019655228],"EasingStyle":"Constant","EasingDirection":"In"},"Head":{"Weight":1,"CFrame":[9.12696123123169e-8,-2.421438694000244e-8,-1.7881393432617188e-7,0.9907711744308472,0.06604356318712235,-0.1183665469288826,-0.058826521039009097,0.9962488412857056,0.06346540153026581,0.12211401015520096,-0.05591661110520363,0.990939736366272],"EasingStyle":"Constant","EasingDirection":"In"},"Right Leg":{"Weight":1,"CFrame":[0.6456435322761536,0.36005592346191409,-0.1808103322982788,0.9541136026382446,0.29098761081695559,0.070664182305336,-0.2869582772254944,0.8210694789886475,0.4934571385383606,0.08556977659463883,-0.4910917580127716,0.8668947815895081],"EasingStyle":"Constant","EasingDirection":"In"},"Torso":{"Weight":1,"CFrame":[0.23239962756633759,0.040384650230407718,-0.5800232887268066,0.988381564617157,-0.08335533738136292,0.12709760665893556,0.09413906931877136,0.992231011390686,-0.08133573830127716,-0.11933039873838425,0.09235557913780213,0.9885498881340027],"EasingStyle":"Constant","EasingDirection":"In"},"HumanoidRootPart":{"Weight":0,"CFrame":[0,0,0,1,0,0,0,1,0,0,0,1],"EasingStyle":"Linear","EasingDirection":"In"},"Left Arm":{"Weight":1,"CFrame":[-0.48721742630004885,-0.5786543488502502,0.139703631401062,-0.5369647145271301,0.7879133224487305,-0.30143246054649355,-0.7219511866569519,-0.24434912204742433,0.6473639607429504,0.43641191720962527,0.5652310848236084,0.7000417113304138],"EasingStyle":"Constant","EasingDirection":"In"}}},{"Time":0.2666666805744171,"poses":{"Left Leg":{"Weight":1,"CFrame":[-0.15528875589370728,0.45469939708709719,0.06622540950775147,0.7943583726882935,-0.0302325077354908,0.606696605682373,-0.25836026668548586,0.8871065974235535,0.38248130679130556,-0.5497679114341736,-0.4605734348297119,0.6968696713447571],"EasingStyle":"Constant","EasingDirection":"In"},"Right Arm":{"Weight":1,"CFrame":[0.5396099090576172,-0.5579553842544556,0.18091213703155518,-0.6478660106658936,-0.7461748719215393,0.1532740592956543,0.4992678165435791,-0.26397016644477847,0.8252584934234619,-0.5753272175788879,0.6111815571784973,0.5435581207275391],"EasingStyle":"Constant","EasingDirection":"In"},"Head":{"Weight":1,"CFrame":[1.7962884157896043e-7,7.450580596923828e-9,2.384185791015625e-7,0.988198459148407,-0.10550957173109055,0.1110471561551094,0.09964160621166229,0.9933812022209168,0.05714283138513565,-0.11634129285812378,-0.04540354013442993,0.9921709895133972],"EasingStyle":"Constant","EasingDirection":"In"},"Right Leg":{"Weight":1,"CFrame":[0.29325634241104128,0.7482030391693115,0.009482383728027344,0.8034353852272034,0.17172585427761079,-0.5700893402099609,0.0929069072008133,0.909613311290741,0.40493452548980715,0.5880985260009766,-0.3783039450645447,0.7148609757423401],"EasingStyle":"Constant","EasingDirection":"In"},"Torso":{"Weight":1,"CFrame":[-0.14155106246471406,0.0525134801864624,-0.5752298831939697,0.9930950999259949,0.06847788393497467,-0.09525185823440552,-0.0749555453658104,0.994988739490509,-0.0661747083067894,0.09024300426244736,0.07285742461681366,0.9932513236999512],"EasingStyle":"Constant","EasingDirection":"In"},"HumanoidRootPart":{"Weight":0,"CFrame":[0,0,0,1,0,0,0,1,0,0,0,1],"EasingStyle":"Linear","EasingDirection":"In"},"Left Arm":{"Weight":1,"CFrame":[-0.32359379529953005,-0.3435192406177521,0.25654494762420657,0.1745743602514267,0.9845026731491089,0.01668648235499859,-0.711766242980957,0.11446579545736313,0.693027138710022,0.6803768873214722,-0.1328616589307785,0.720718502998352],"EasingStyle":"Constant","EasingDirection":"In"}}},{"Time":0.30000001192092898,"poses":{"Left Leg":{"Weight":1,"CFrame":[-0.4638383984565735,0.14899033308029176,-0.16414248943328858,0.8925313949584961,-0.3051450848579407,-0.332075834274292,0.4315774738788605,0.7915999889373779,0.43256279826164248,0.1308767944574356,-0.5293922424316406,0.8382214307785034],"EasingStyle":"Constant","EasingDirection":"In"},"Right Arm":{"Weight":1,"CFrame":[0.6197449564933777,-0.2902351915836334,-0.009196162223815918,-0.728305995464325,-0.15780073404312135,0.6668352484703064,0.6837112903594971,-0.10211668908596039,0.7225726842880249,-0.045927491039037707,0.9821767210960388,0.18226227164268495],"EasingStyle":"Constant","EasingDirection":"In"},"Head":{"Weight":1,"CFrame":[1.0617077350616455e-7,7.450580596923828e-9,7.152557373046875e-7,0.9369109869003296,-0.2953939437866211,0.1869232952594757,0.29264310002326968,0.9552638530731201,0.042791128158569339,-0.191201314330101,0.014610330574214459,0.9814420938491821],"EasingStyle":"Constant","EasingDirection":"In"},"Right Leg":{"Weight":1,"CFrame":[0.2596183121204376,0.77985680103302,0.13257145881652833,0.6771976947784424,-0.09581652283668518,-0.7295358777046204,0.2609977126121521,0.9582946300506592,0.11641186475753784,0.6879561543464661,-0.269241064786911,0.6739628314971924],"EasingStyle":"Constant","EasingDirection":"In"},"Torso":{"Weight":1,"CFrame":[-0.24544435739517213,0.09545516967773438,-0.5645275115966797,0.9505702257156372,0.25374647974967959,-0.1789664626121521,-0.2600860297679901,0.9655045866966248,-0.012497526593506337,0.16962172091007234,0.058426447212696078,0.983775794506073],"EasingStyle":"Constant","EasingDirection":"In"},"HumanoidRootPart":{"Weight":0,"CFrame":[0,0,0,1,0,0,0,1,0,0,0,1],"EasingStyle":"Linear","EasingDirection":"In"},"Left Arm":{"Weight":1,"CFrame":[0.07137250900268555,0.24673503637313844,0.4573676586151123,0.6529726982116699,-0.1464013308286667,0.7430970668792725,-0.7501861453056336,-0.2599424123764038,0.6079893112182617,0.10415194183588028,-0.954461395740509,-0.2795634865760803],"EasingStyle":"Constant","EasingDirection":"In"}}},{"Time":0.3333333432674408,"poses":{"Left Leg":{"Weight":1,"CFrame":[-0.4638383984565735,0.14899033308029176,-0.16414248943328858,0.8925313949584961,-0.3051450848579407,-0.332075834274292,0.4315774738788605,0.7915999889373779,0.43256279826164248,0.1308767944574356,-0.5293922424316406,0.8382214307785034],"EasingStyle":"Constant","EasingDirection":"In"},"Right Arm":{"Weight":1,"CFrame":[0.6197449564933777,-0.2902351915836334,-0.009196162223815918,-0.728305995464325,-0.15780073404312135,0.6668352484703064,0.6837112903594971,-0.10211668908596039,0.7225726842880249,-0.045927491039037707,0.9821767210960388,0.18226227164268495],"EasingStyle":"Constant","EasingDirection":"In"},"Head":{"Weight":1,"CFrame":[1.0617077350616455e-7,7.450580596923828e-9,7.152557373046875e-7,0.9369109869003296,-0.2953939437866211,0.1869232952594757,0.29264310002326968,0.9552638530731201,0.042791128158569339,-0.191201314330101,0.014610330574214459,0.9814420938491821],"EasingStyle":"Constant","EasingDirection":"In"},"Right Leg":{"Weight":1,"CFrame":[0.2596183121204376,0.77985680103302,0.13257145881652833,0.6771976947784424,-0.09581652283668518,-0.7295358777046204,0.2609977126121521,0.9582946300506592,0.11641186475753784,0.6879561543464661,-0.269241064786911,0.6739628314971924],"EasingStyle":"Constant","EasingDirection":"In"},"Torso":{"Weight":1,"CFrame":[-0.24544435739517213,0.09545516967773438,-0.5645275115966797,0.9505702257156372,0.25374647974967959,-0.1789664626121521,-0.2600860297679901,0.9655045866966248,-0.012497526593506337,0.16962172091007234,0.058426447212696078,0.983775794506073],"EasingStyle":"Constant","EasingDirection":"In"},"HumanoidRootPart":{"Weight":0,"CFrame":[0,0,0,1,0,0,0,1,0,0,0,1],"EasingStyle":"Linear","EasingDirection":"In"},"Left Arm":{"Weight":1,"CFrame":[0.07137250900268555,0.24673503637313844,0.4573676586151123,0.6529726982116699,-0.1464013308286667,0.7430970668792725,-0.7501861453056336,-0.2599424123764038,0.6079893112182617,0.10415194183588028,-0.954461395740509,-0.2795634865760803],"EasingStyle":"Constant","EasingDirection":"In"}}},{"Time":0.36666667461395266,"poses":{"Left Leg":{"Weight":1,"CFrame":[-0.4638383984565735,0.14899033308029176,-0.16414248943328858,0.8925313949584961,-0.3051450848579407,-0.332075834274292,0.4315774738788605,0.7915999889373779,0.43256279826164248,0.1308767944574356,-0.5293922424316406,0.8382214307785034],"EasingStyle":"Constant","EasingDirection":"In"},"Right Arm":{"Weight":1,"CFrame":[0.6197449564933777,-0.2902351915836334,-0.009196162223815918,-0.728305995464325,-0.15780073404312135,0.6668352484703064,0.6837112903594971,-0.10211668908596039,0.7225726842880249,-0.045927491039037707,0.9821767210960388,0.18226227164268495],"EasingStyle":"Constant","EasingDirection":"In"},"Head":{"Weight":1,"CFrame":[1.0617077350616455e-7,7.450580596923828e-9,7.152557373046875e-7,0.9369109869003296,-0.2953939437866211,0.1869232952594757,0.29264310002326968,0.9552638530731201,0.042791128158569339,-0.191201314330101,0.014610330574214459,0.9814420938491821],"EasingStyle":"Constant","EasingDirection":"In"},"Right Leg":{"Weight":1,"CFrame":[0.2596183121204376,0.77985680103302,0.13257145881652833,0.6771976947784424,-0.09581652283668518,-0.7295358777046204,0.2609977126121521,0.9582946300506592,0.11641186475753784,0.6879561543464661,-0.269241064786911,0.6739628314971924],"EasingStyle":"Constant","EasingDirection":"In"},"Torso":{"Weight":1,"CFrame":[-0.24544435739517213,0.09545516967773438,-0.5645275115966797,0.9505702257156372,0.25374647974967959,-0.1789664626121521,-0.2600860297679901,0.9655045866966248,-0.012497526593506337,0.16962172091007234,0.058426447212696078,0.983775794506073],"EasingStyle":"Constant","EasingDirection":"In"},"HumanoidRootPart":{"Weight":0,"CFrame":[0,0,0,1,0,0,0,1,0,0,0,1],"EasingStyle":"Linear","EasingDirection":"In"},"Left Arm":{"Weight":1,"CFrame":[0.07137250900268555,0.24673503637313844,0.4573676586151123,0.6529726982116699,-0.1464013308286667,0.7430970668792725,-0.7501861453056336,-0.2599424123764038,0.6079893112182617,0.10415194183588028,-0.954461395740509,-0.2795634865760803],"EasingStyle":"Constant","EasingDirection":"In"}}},{"Time":0.4000000059604645,"poses":{"Left Leg":{"Weight":1,"CFrame":[-0.4326997995376587,0.13957571983337403,-0.16436541080474854,0.8825944662094116,-0.2767151892185211,-0.38007354736328127,0.42862197756767275,0.8057642579078674,0.4086896479129791,0.19315895438194276,-0.5236150622367859,0.8297691345214844],"EasingStyle":"Constant","EasingDirection":"In"},"Right Arm":{"Weight":1,"CFrame":[0.6220691204071045,-0.2687683403491974,0.015722274780273439,-0.7300532460212708,-0.16477257013320924,0.6632286310195923,0.679370641708374,-0.069882333278656,0.7304601073265076,-0.07401173561811447,0.9838529229164124,0.16295941174030305],"EasingStyle":"Constant","EasingDirection":"In"},"Head":{"Weight":1,"CFrame":[1.471489667892456e-7,5.21540641784668e-8,1.1920928955078126e-7,0.9308567047119141,-0.3095279037952423,0.19416075944900514,0.3066501021385193,0.9507349133491516,0.04548635333776474,-0.19867467880249024,0.017198137938976289,0.9799146056175232],"EasingStyle":"Constant","EasingDirection":"In"},"Right Leg":{"Weight":1,"CFrame":[0.25919076800346377,0.7919036149978638,0.12387526035308838,0.6664985418319702,-0.10203170776367188,-0.7384912371635437,0.2641288936138153,0.9586526155471802,0.10593026131391525,0.697148323059082,-0.26565930247306826,0.665890097618103],"EasingStyle":"Constant","EasingDirection":"In"},"Torso":{"Weight":1,"CFrame":[-0.27387863397598269,0.09307791292667389,-0.5660147666931152,0.9457784295082092,0.2617311477661133,-0.19235384464263917,-0.2696009874343872,0.962847888469696,-0.015469100326299668,0.18115875124931336,0.06648913025856018,0.9812037348747253],"EasingStyle":"Constant","EasingDirection":"In"},"HumanoidRootPart":{"Weight":0,"CFrame":[0,0,0,1,0,0,0,1,0,0,0,1],"EasingStyle":"Linear","EasingDirection":"In"},"Left Arm":{"Weight":1,"CFrame":[0.07185059785842896,0.2473737597465515,0.45960938930511477,0.6510491967201233,-0.13998860120773316,0.7460150122642517,-0.7537972927093506,-0.23451493680477143,0.6138343214988709,0.08902178704738617,-0.9619802832603455,-0.2582036554813385],"EasingStyle":"Constant","EasingDirection":"In"}}},{"Time":0.4333333373069763,"poses":{"Left Leg":{"Weight":1,"CFrame":[-0.4326997995376587,0.13957571983337403,-0.16436541080474854,0.8825944662094116,-0.2767151892185211,-0.38007354736328127,0.42862197756767275,0.8057642579078674,0.4086896479129791,0.19315895438194276,-0.5236150622367859,0.8297691345214844],"EasingStyle":"Constant","EasingDirection":"In"},"Right Arm":{"Weight":1,"CFrame":[0.6220691204071045,-0.2687683403491974,0.015722274780273439,-0.7300532460212708,-0.16477257013320924,0.6632286310195923,0.679370641708374,-0.069882333278656,0.7304601073265076,-0.07401173561811447,0.9838529229164124,0.16295941174030305],"EasingStyle":"Constant","EasingDirection":"In"},"Head":{"Weight":1,"CFrame":[1.471489667892456e-7,5.21540641784668e-8,1.1920928955078126e-7,0.9308567047119141,-0.3095279037952423,0.19416075944900514,0.3066501021385193,0.9507349133491516,0.04548635333776474,-0.19867467880249024,0.017198137938976289,0.9799146056175232],"EasingStyle":"Constant","EasingDirection":"In"},"Right Leg":{"Weight":1,"CFrame":[0.25919076800346377,0.7919036149978638,0.12387526035308838,0.6664985418319702,-0.10203170776367188,-0.7384912371635437,0.2641288936138153,0.9586526155471802,0.10593026131391525,0.697148323059082,-0.26565930247306826,0.665890097618103],"EasingStyle":"Constant","EasingDirection":"In"},"Torso":{"Weight":1,"CFrame":[-0.27387863397598269,0.09307791292667389,-0.5660147666931152,0.9457784295082092,0.2617311477661133,-0.19235384464263917,-0.2696009874343872,0.962847888469696,-0.015469100326299668,0.18115875124931336,0.06648913025856018,0.9812037348747253],"EasingStyle":"Constant","EasingDirection":"In"},"HumanoidRootPart":{"Weight":0,"CFrame":[0,0,0,1,0,0,0,1,0,0,0,1],"EasingStyle":"Linear","EasingDirection":"In"},"Left Arm":{"Weight":1,"CFrame":[0.07185059785842896,0.2473737597465515,0.45960938930511477,0.6510491967201233,-0.13998860120773316,0.7460150122642517,-0.7537972927093506,-0.23451493680477143,0.6138343214988709,0.08902178704738617,-0.9619802832603455,-0.2582036554813385],"EasingStyle":"Constant","EasingDirection":"In"}}},{"Time":0.46666666865348818,"poses":{"Left Leg":{"Weight":1,"CFrame":[-0.4326997995376587,0.13957571983337403,-0.16436541080474854,0.8825944662094116,-0.2767151892185211,-0.38007354736328127,0.42862197756767275,0.8057642579078674,0.4086896479129791,0.19315895438194276,-0.5236150622367859,0.8297691345214844],"EasingStyle":"Constant","EasingDirection":"In"},"Right Arm":{"Weight":1,"CFrame":[0.6220691204071045,-0.2687683403491974,0.015722274780273439,-0.7300532460212708,-0.16477257013320924,0.6632286310195923,0.679370641708374,-0.069882333278656,0.7304601073265076,-0.07401173561811447,0.9838529229164124,0.16295941174030305],"EasingStyle":"Constant","EasingDirection":"In"},"Head":{"Weight":1,"CFrame":[1.471489667892456e-7,5.21540641784668e-8,1.1920928955078126e-7,0.9308567047119141,-0.3095279037952423,0.19416075944900514,0.3066501021385193,0.9507349133491516,0.04548635333776474,-0.19867467880249024,0.017198137938976289,0.9799146056175232],"EasingStyle":"Constant","EasingDirection":"In"},"Right Leg":{"Weight":1,"CFrame":[0.25919076800346377,0.7919036149978638,0.12387526035308838,0.6664985418319702,-0.10203170776367188,-0.7384912371635437,0.2641288936138153,0.9586526155471802,0.10593026131391525,0.697148323059082,-0.26565930247306826,0.665890097618103],"EasingStyle":"Constant","EasingDirection":"In"},"Torso":{"Weight":1,"CFrame":[-0.27387863397598269,0.09307791292667389,-0.5660147666931152,0.9457784295082092,0.2617311477661133,-0.19235384464263917,-0.2696009874343872,0.962847888469696,-0.015469100326299668,0.18115875124931336,0.06648913025856018,0.9812037348747253],"EasingStyle":"Constant","EasingDirection":"In"},"HumanoidRootPart":{"Weight":0,"CFrame":[0,0,0,1,0,0,0,1,0,0,0,1],"EasingStyle":"Linear","EasingDirection":"In"},"Left Arm":{"Weight":1,"CFrame":[0.07185059785842896,0.2473737597465515,0.45960938930511477,0.6510491967201233,-0.13998860120773316,0.7460150122642517,-0.7537972927093506,-0.23451493680477143,0.6138343214988709,0.08902178704738617,-0.9619802832603455,-0.2582036554813385],"EasingStyle":"Constant","EasingDirection":"In"}}},{"Time":0.5,"poses":{"Left Leg":{"Weight":1,"CFrame":[-0.4263635277748108,0.13867580890655518,-0.16311752796173097,0.8817897439002991,-0.2709667682647705,-0.3860360383987427,0.42565158009529116,0.809741199016571,0.403905987739563,0.20314422249794007,-0.5204771161079407,0.8293589353561401],"EasingStyle":"Constant","EasingDirection":"In"},"Right Arm":{"Weight":1,"CFrame":[0.6224400997161865,-0.26664286851882937,0.01970672607421875,-0.7301645278930664,-0.16618658602237702,0.6627532839775086,0.6787712574005127,-0.06528088450431824,0.7314425110816956,-0.07829070836305618,0.9839311242103577,0.16046836972236634],"EasingStyle":"Constant","EasingDirection":"In"},"Head":{"Weight":1,"CFrame":[6.332993507385254e-8,2.2351741790771486e-8,1.1920928955078126e-7,0.9303163886070252,-0.3109208047389984,0.1945248693227768,0.30803465843200686,0.9502765536308289,0.04570674151182175,-0.19906359910964967,0.017398670315742494,0.9798321723937988],"EasingStyle":"Constant","EasingDirection":"In"},"Right Leg":{"Weight":1,"CFrame":[0.25747498869895937,0.7942646145820618,0.12028789520263672,0.6651245951652527,-0.10396749526262284,-0.739459216594696,0.2674218416213989,0.9577446579933167,0.10588087886571884,0.6972050666809082,-0.26817160844802859,0.6648227572441101],"EasingStyle":"Constant","EasingDirection":"In"},"Torso":{"Weight":1,"CFrame":[-0.2781473696231842,0.09279719740152359,-0.5659158229827881,0.944940984249115,0.26233696937561037,-0.19561652839183808,-0.27051085233688357,0.9625869393348694,-0.01581999473273754,0.18414774537086488,0.06786535680294037,0.9805528521537781],"EasingStyle":"Constant","EasingDirection":"In"},"HumanoidRootPart":{"Weight":0,"CFrame":[0,0,0,1,0,0,0,1,0,0,0,1],"EasingStyle":"Linear","EasingDirection":"In"},"Left Arm":{"Weight":1,"CFrame":[0.07189792394638062,0.24743729829788209,0.45983123779296877,0.6508307456970215,-0.1386837214231491,0.7464491128921509,-0.7542397975921631,-0.23056472837924958,0.6147864460945129,0.08684391528367996,-0.9631233811378479,-0.2546592354774475],"EasingStyle":"Constant","EasingDirection":"In"}}},{"Time":0.5333333611488342,"poses":{"Left Leg":{"Weight":1,"CFrame":[-0.4263635277748108,0.13867580890655518,-0.16311752796173097,0.8817897439002991,-0.2709667682647705,-0.3860360383987427,0.42565158009529116,0.809741199016571,0.403905987739563,0.20314422249794007,-0.5204771161079407,0.8293589353561401],"EasingStyle":"Constant","EasingDirection":"In"},"Right Arm":{"Weight":1,"CFrame":[0.6224400997161865,-0.26664286851882937,0.01970672607421875,-0.7301645278930664,-0.16618658602237702,0.6627532839775086,0.6787712574005127,-0.06528088450431824,0.7314425110816956,-0.07829070836305618,0.9839311242103577,0.16046836972236634],"EasingStyle":"Constant","EasingDirection":"In"},"Head":{"Weight":1,"CFrame":[6.332993507385254e-8,2.2351741790771486e-8,1.1920928955078126e-7,0.9303163886070252,-0.3109208047389984,0.1945248693227768,0.30803465843200686,0.9502765536308289,0.04570674151182175,-0.19906359910964967,0.017398670315742494,0.9798321723937988],"EasingStyle":"Constant","EasingDirection":"In"},"Right Leg":{"Weight":1,"CFrame":[0.25747498869895937,0.7942646145820618,0.12028789520263672,0.6651245951652527,-0.10396749526262284,-0.739459216594696,0.2674218416213989,0.9577446579933167,0.10588087886571884,0.6972050666809082,-0.26817160844802859,0.6648227572441101],"EasingStyle":"Constant","EasingDirection":"In"},"Torso":{"Weight":1,"CFrame":[-0.2781473696231842,0.09279719740152359,-0.5659158229827881,0.944940984249115,0.26233696937561037,-0.19561652839183808,-0.27051085233688357,0.9625869393348694,-0.01581999473273754,0.18414774537086488,0.06786535680294037,0.9805528521537781],"EasingStyle":"Constant","EasingDirection":"In"},"HumanoidRootPart":{"Weight":0,"CFrame":[0,0,0,1,0,0,0,1,0,0,0,1],"EasingStyle":"Linear","EasingDirection":"In"},"Left Arm":{"Weight":1,"CFrame":[0.07189792394638062,0.24743729829788209,0.45983123779296877,0.6508307456970215,-0.1386837214231491,0.7464491128921509,-0.7542397975921631,-0.23056472837924958,0.6147864460945129,0.08684391528367996,-0.9631233811378479,-0.2546592354774475],"EasingStyle":"Constant","EasingDirection":"In"}}},{"Time":0.5666666626930237,"poses":{"Left Leg":{"Weight":1,"CFrame":[-0.6456432938575745,0.3600563406944275,-0.18081015348434449,0.9541837573051453,-0.2907578945159912,-0.07066348940134049,0.2867601811885834,0.821138858795166,0.4934568405151367,-0.08545193076133728,-0.49111178517341616,0.8668950796127319],"EasingStyle":"Constant","EasingDirection":"In"},"Right Arm":{"Weight":1,"CFrame":[0.4872174561023712,-0.5786540508270264,0.139703631401062,-0.5369648337364197,-0.7879133820533752,0.30143246054649355,0.7219510674476624,-0.24434888362884522,0.6473641395568848,-0.43641212582588198,0.5652310848236084,0.7000415921211243],"EasingStyle":"Constant","EasingDirection":"In"},"Head":{"Weight":1,"CFrame":[1.0640360414981842e-7,-4.190951585769653e-8,-5.960464477539063e-8,0.9907712340354919,-0.06604369729757309,0.11836672574281693,0.05882665887475014,0.9962487816810608,0.06346540153026581,-0.12211419641971588,-0.05591657757759094,0.990939736366272],"EasingStyle":"Constant","EasingDirection":"In"},"Right Leg":{"Weight":1,"CFrame":[0.10075700283050537,0.7211747765541077,0.05850374698638916,0.6719833016395569,-0.11215504258871079,-0.7320244312286377,0.4027818441390991,0.8848317861557007,0.23417843878269196,0.6214542388916016,-0.45221006870269778,0.6397661566734314],"EasingStyle":"Constant","EasingDirection":"In"},"Torso":{"Weight":1,"CFrame":[0.008554995059967041,0.040384650230407718,-0.5800232887268066,0.988381564617157,0.08335533738136292,-0.12709777057170869,-0.09413908421993256,0.992231011390686,-0.08133571594953537,0.11933057755231857,0.09235557913780213,0.9885497689247131],"EasingStyle":"Constant","EasingDirection":"In"},"HumanoidRootPart":{"Weight":0,"CFrame":[0,0,0,1,0,0,0,1,0,0,0,1],"EasingStyle":"Linear","EasingDirection":"In"},"Left Arm":{"Weight":1,"CFrame":[0.3038262724876404,-0.13883966207504273,0.3665865659713745,0.600782036781311,0.24934394657611848,0.7595317959785461,-0.7392394542694092,-0.18835607171058656,0.6465656757354736,0.3042795956134796,-0.9499208331108093,0.07116393744945526],"EasingStyle":"Constant","EasingDirection":"In"}}},{"Time":0.6000000238418579,"poses":{"Left Leg":{"Weight":1,"CFrame":[-0.6456432938575745,0.3600563406944275,-0.18081015348434449,0.9541837573051453,-0.2907578945159912,-0.07066348940134049,0.2867601811885834,0.821138858795166,0.4934568405151367,-0.08545193076133728,-0.49111178517341616,0.8668950796127319],"EasingStyle":"Constant","EasingDirection":"In"},"Right Arm":{"Weight":1,"CFrame":[0.4872174561023712,-0.5786540508270264,0.139703631401062,-0.5369648337364197,-0.7879133820533752,0.30143246054649355,0.7219510674476624,-0.24434888362884522,0.6473641395568848,-0.43641212582588198,0.5652310848236084,0.7000415921211243],"EasingStyle":"Constant","EasingDirection":"In"},"Head":{"Weight":1,"CFrame":[1.0640360414981842e-7,-4.190951585769653e-8,-5.960464477539063e-8,0.9907712340354919,-0.06604369729757309,0.11836672574281693,0.05882665887475014,0.9962487816810608,0.06346540153026581,-0.12211419641971588,-0.05591657757759094,0.990939736366272],"EasingStyle":"Constant","EasingDirection":"In"},"Right Leg":{"Weight":1,"CFrame":[0.10075700283050537,0.7211747765541077,0.05850374698638916,0.6719833016395569,-0.11215504258871079,-0.7320244312286377,0.4027818441390991,0.8848317861557007,0.23417843878269196,0.6214542388916016,-0.45221006870269778,0.6397661566734314],"EasingStyle":"Constant","EasingDirection":"In"},"Torso":{"Weight":1,"CFrame":[0.008554995059967041,0.040384650230407718,-0.5800232887268066,0.988381564617157,0.08335533738136292,-0.12709777057170869,-0.09413908421993256,0.992231011390686,-0.08133571594953537,0.11933057755231857,0.09235557913780213,0.9885497689247131],"EasingStyle":"Constant","EasingDirection":"In"},"HumanoidRootPart":{"Weight":0,"CFrame":[0,0,0,1,0,0,0,1,0,0,0,1],"EasingStyle":"Linear","EasingDirection":"In"},"Left Arm":{"Weight":1,"CFrame":[0.3038262724876404,-0.13883966207504273,0.3665865659713745,0.600782036781311,0.24934394657611848,0.7595317959785461,-0.7392394542694092,-0.18835607171058656,0.6465656757354736,0.3042795956134796,-0.9499208331108093,0.07116393744945526],"EasingStyle":"Constant","EasingDirection":"In"}}},{"Time":0.6333333253860474,"poses":{"Left Leg":{"Weight":1,"CFrame":[-0.2932559549808502,0.7482032775878906,0.009482502937316895,0.8034766316413879,-0.17153169214725495,0.5700896978378296,-0.0931268185377121,0.909591019153595,0.4049343168735504,-0.588007390499115,-0.3784458339214325,0.7148608565330505],"EasingStyle":"Constant","EasingDirection":"In"},"Right Arm":{"Weight":1,"CFrame":[0.32359376549720766,-0.34351885318756106,0.25654494762420657,0.17457428574562074,-0.9845026731491089,-0.016686435788869859,0.7117660641670227,0.11446580290794373,0.6930272579193115,-0.6803770661354065,-0.13286170363426209,0.720718264579773],"EasingStyle":"Constant","EasingDirection":"In"},"Head":{"Weight":1,"CFrame":[-