{"Sequence":[{"Time":0,"poses":{"Left Leg":{"Weight":1,"CFrame":[-0.436147004365921,0.12321656942367554,-0.03506416082382202,0.9785085916519165,-0.07730231434106827,-0.19116830825805665,0.10156441479921341,0.9874978065490723,0.12055253982543946,0.17945925891399384,-0.13737761974334718,0.9741262197494507],"EasingStyle":"Linear","EasingDirection":"In"},"Right Arm":{"Weight":1,"CFrame":[0.3669692277908325,-0.45184701681137087,-0.10026991367340088,0.2748532295227051,-0.31060394644737246,0.9099345207214356,0.4827217757701874,0.8630423545837402,0.14878734946250916,-0.831525981426239,0.39835044741630556,0.3871452212333679],"EasingStyle":"Linear","EasingDirection":"In"},"Head":{"Weight":1,"CFrame":[8.794057748673367e-8,7.2177499532699589e-9,1.1920928955078126e-7,0.9980671405792236,-0.06152518466114998,0.008759119547903538,0.061831433326005939,0.9689565300941467,-0.23937466740608216,0.006240369286388159,0.23945364356040955,0.9708877801895142],"EasingStyle":"Linear","EasingDirection":"In"},"Right Leg":{"Weight":1,"CFrame":[0.35242903232574465,0.09339332580566406,0.042500853538513187,0.9820612072944641,0.17695842683315278,0.06512795388698578,-0.1842053383588791,0.9741497039794922,0.1307702213525772,-0.040303442627191547,-0.14042124152183534,0.9892712831497192],"EasingStyle":"Linear","EasingDirection":"In"},"Torso":{"Weight":1,"CFrame":[0.006333434954285622,-0.049938008189201358,-0.0769195556640625,0.9920533299446106,-0.12556879222393037,0.00791670847684145,0.12581810355186463,0.9900875091552734,-0.06242254376411438,8.800722639534797e-8,0.06292255222797394,0.9980185031890869],"EasingStyle":"Linear","EasingDirection":"In"},"HumanoidRootPart":{"Weight":1,"CFrame":[0,0,0,1,0,0,0,1,0,0,0,1],"EasingStyle":"Linear","EasingDirection":"In"},"Left Arm":{"Weight":1,"CFrame":[-0.23387354612350465,-0.24764227867126466,0.3300715684890747,0.3118201494216919,0.34493836760520937,-0.885316789150238,-0.3505842983722687,0.9077947735786438,0.2302158623933792,0.8830962777137756,0.2385922521352768,0.4039987027645111],"EasingStyle":"Linear","EasingDirection":"In"}}},{"Time":0.016949152573943139,"poses":{"Left Leg":{"Weight":1,"CFrame":[-0.43716374039649966,0.12754225730895997,-0.031321823596954349,0.9790359735488892,-0.07801391929388046,-0.18815551698207856,0.10353728383779526,0.9861099720001221,0.12987348437309266,0.17541003227233888,-0.14663195610046388,0.9735145568847656],"EasingStyle":"Linear","EasingDirection":"In"},"Right Arm":{"Weight":1,"CFrame":[0.3665265440940857,-0.4511661231517792,-0.10033082962036133,0.24833309650421143,-0.3351609706878662,0.9088442325592041,0.5416921973228455,0.8258703947067261,0.15654964745044709,-0.8030568957328796,0.45343726873397829,0.38664495944976809],"EasingStyle":"Linear","EasingDirection":"In"},"Head":{"Weight":1,"CFrame":[8.38481355458498e-8,2.2060703486204148e-8,0,0.9965983629226685,-0.08206263184547425,0.007582833059132099,0.08149116486310959,0.9675621390342712,-0.23912912607192994,0.012286704033613205,0.23893359303474427,0.9709582328796387],"EasingStyle":"Linear","EasingDirection":"In"},"Right Leg":{"Weight":1,"CFrame":[0.36196279525756838,0.09373164176940918,0.025520682334899904,0.9813746809959412,0.18083059787750245,0.06483817845582962,-0.18794263899326325,0.9736446738243103,0.12920396029949189,-0.039765264838933948,-0.13898338377475739,0.989496111869812],"EasingStyle":"Linear","EasingDirection":"In"},"Torso":{"Weight":1,"CFrame":[-0.013252710923552513,-0.0499446839094162,-0.07878923416137696,0.9922021627426148,-0.12438646703958512,0.007941896095871926,0.12463971227407456,0.9902403950691223,-0.06236119568347931,-0.00010749673674581572,0.0628647729754448,0.9980221390724182],"EasingStyle":"Linear","EasingDirection":"In"},"HumanoidRootPart":{"Weight":1,"CFrame":[0,0,0,1,0,0,0,1,0,0,0,1],"EasingStyle":"Linear","EasingDirection":"In"},"Left Arm":{"Weight":1,"CFrame":[-0.22587564587593079,-0.2323676347732544,0.3496694564819336,0.33917123079299929,0.2676553428173065,-0.9018445611000061,-0.2748020589351654,0.9450448155403137,0.17712727189064027,0.8996925354003906,0.18775227665901185,0.3940843641757965],"EasingStyle":"Linear","EasingDirection":"In"}}},{"Time":0.033898305147886279,"poses":{"Left Leg":{"Weight":1,"CFrame":[-0.4480123817920685,0.13240677118301392,-0.022110581398010255,0.9790881276130676,-0.08604949712753296,-0.18434202671051026,0.11175192892551422,0.984673023223877,0.13390547037124635,0.169994056224823,-0.15170583128929139,0.97369784116745],"EasingStyle":"Linear","EasingDirection":"In"},"Right Arm":{"Weight":1,"CFrame":[0.3652992248535156,-0.4492807984352112,-0.10051095485687256,0.22484473884105683,-0.3619259297847748,0.9046847820281982,0.5869235396385193,0.7914328575134277,0.1707482784986496,-0.7777953743934631,0.49258875846862795,0.3903723359107971],"EasingStyle":"Linear","EasingDirection":"In"},"Head":{"Weight":1,"CFrame":[9.19681042432785e-8,-7.683411240577698e-9,3.5762786865234377e-7,0.9947258830070496,-0.10235943645238877,0.006553725339472294,0.10095334053039551,0.9657599329948425,-0.2389899343252182,0.018133554607629777,0.23839110136032105,0.9709999561309815],"EasingStyle":"Linear","EasingDirection":"In"},"Right Leg":{"Weight":1,"CFrame":[0.37757349014282229,0.09632003307342529,0.010240912437438965,0.98011314868927,0.18817605078220368,0.06299276649951935,-0.19493715465068818,0.9723941087722778,0.12825514376163484,-0.03711916133761406,-0.13798417150974275,0.9897387027740479],"EasingStyle":"Linear","EasingDirection":"In"},"Torso":{"Weight":1,"CFrame":[-0.030203927308321,-0.05006884038448334,-0.08394789695739746,0.9926072359085083,-0.12110573053359986,0.008015635423362255,0.12137006223201752,0.9906492233276367,-0.06231747567653656,-0.00039367913268506527,0.0628296285867691,0.9980242848396301],"EasingStyle":"Linear","EasingDirection":"In"},"HumanoidRootPart":{"Weight":1,"CFrame":[0,0,0,1,0,0,0,1,0,0,0,1],"EasingStyle":"Linear","EasingDirection":"In"},"Left Arm":{"Weight":1,"CFrame":[-0.2173149436712265,-0.2163224220275879,0.3649322986602783,0.34657996892929079,0.2069697380065918,-0.9149021506309509,-0.21860578656196595,0.9663191437721252,0.13578982651233674,0.9121918678283691,0.15294085443019868,0.380151629447937],"EasingStyle":"Linear","EasingDirection":"In"}}},{"Time":0.050847455859184268,"poses":{"Left Leg":{"Weight":1,"CFrame":[-0.46611177921295168,0.13764840364456178,-0.008330762386322022,0.9786409139633179,-0.09974823147058487,-0.17975632846355439,0.12476812303066254,0.9831334352493286,0.1337219923734665,0.16338588297367097,-0.15329360961914063,0.9745800495147705],"EasingStyle":"Linear","EasingDirection":"In"},"Right Arm":{"Weight":1,"CFrame":[0.36343878507614138,-0.44642680883407595,-0.10080611705780029,0.20357158780097962,-0.38936877250671389,0.8983043432235718,0.6227893233299255,0.7594544291496277,0.1880493462085724,-0.7554416060447693,0.5211727023124695,0.3970980644226074],"EasingStyle":"Linear","EasingDirection":"In"},"Head":{"Weight":1,"CFrame":[8.242204785346985e-8,-1.3969838619232178e-9,1.1920928955078126e-7,0.9924703240394592,-0.12235137075185776,0.005735643673688173,0.12016940861940384,0.9635695815086365,-0.2389412820339203,0.02370811067521572,0.23783132433891297,0.9710171818733215],"EasingStyle":"Linear","EasingDirection":"In"},"Right Leg":{"Weight":1,"CFrame":[0.3972434997558594,0.10077142715454102,-0.0031302571296691896,0.9784037470817566,0.19783799350261689,0.05988595634698868,-0.20407119393348695,0.9706048369407654,0.1275981217622757,-0.03288181126117706,-0.13706345856189729,0.9900163412094116],"EasingStyle":"Linear","EasingDirection":"In"},"Torso":{"Weight":1,"CFrame":[-0.04498559609055519,-0.050297826528549197,-0.09179067611694336,0.9932148456573486,-0.11601069569587708,0.008114523254334927,0.11629126220941544,0.9912599325180054,-0.06229078024625778,-0.0008172056986950338,0.06281177699565888,0.9980250597000122],"EasingStyle":"Linear","EasingDirection":"In"},"HumanoidRootPart":{"Weight":1,"CFrame":[0,0,0,1,0,0,0,1,0,0,0,1],"EasingStyle":"Linear","EasingDirection":"In"},"Left Arm":{"Weight":1,"CFrame":[-0.20770594477653504,-0.1991143822669983,0.3764021396636963,0.34452688694000246,0.1625695824623108,-0.9245930910110474,-0.18156135082244874,0.9778353571891785,0.10427659749984741,0.9210519790649414,0.13194425404071809,0.3664068579673767],"EasingStyle":"Linear","EasingDirection":"In"}}},{"Time":0.06779661029577255,"poses":{"Left Leg":{"Weight":1,"CFrame":[-0.48872071504592898,0.1430743932723999,0.009165048599243164,0.9776548147201538,-0.11734035611152649,-0.17442046105861665,0.14104343950748444,0.9813845157623291,0.1303500533103943,0.1558782309293747,-0.15203818678855897,0.9760053157806397],"EasingStyle":"Linear","EasingDirection":"In"},"Right Arm":{"Weight":1,"CFrame":[0.36109650135040285,-0.44283950328826907,-0.10121214389801026,0.18350212275981904,-0.4159323275089264,0.8906891942024231,0.6534264087677002,0.7285374402999878,0.20559023320674897,-0.7344120144844055,0.5442734956741333,0.40546926856040957],"EasingStyle":"Linear","EasingDirection":"In"},"Head":{"Weight":1,"CFrame":[8.847564458847046e-8,2.514570951461792e-8,8.344650268554688e-7,0.9898566603660584,-0.1419752687215805,0.005191861651837826,0.1390918791294098,0.9610148072242737,-0.2389644980430603,0.028937602415680887,0.2372628152370453,0.9710144400596619],"EasingStyle":"Linear","EasingDirection":"In"},"Right Leg":{"Weight":1,"CFrame":[0.4193486273288727,0.10673987865447998,-0.014415502548217774,0.9763482809066773,0.2088773250579834,0.05580659955739975,-0.214443176984787,0.9684560298919678,0.1269138753414154,-0.02753678895533085,-0.1358794867992401,0.9903426170349121],"EasingStyle":"Linear","EasingDirection":"In"},"Torso":{"Weight":1,"CFrame":[-0.05806318670511246,-0.05061894655227661,-0.10180115699768067,0.9939656257629395,-0.10938415676355362,0.008215070702135563,0.109684057533741,0.9920133948326111,-0.062280453741550449,-0.001336966292001307,0.06280568987131119,0.9980248808860779],"EasingStyle":"Linear","EasingDirection":"In"},"HumanoidRootPart":{"Weight":1,"CFrame":[0,0,0,1,0,0,0,1,0,0,0,1],"EasingStyle":"Linear","EasingDirection":"In"},"Left Arm":{"Weight":1,"CFrame":[-0.19656334817409516,-0.18053320050239564,0.3846205472946167,0.3401437997817993,0.13390778005123139,-0.9307904839515686,-0.16297079622745515,0.9832261800765991,0.08189608156681061,0.9261440634727478,0.1238352432847023,0.35626131296157839],"EasingStyle":"Linear","EasingDirection":"In"}}},{"Time":0.08474576473236084,"poses":{"Left Leg":{"Weight":1,"CFrame":[-0.5134986042976379,0.14854758977890016,0.02940189838409424,0.9761204123497009,-0.1372835487127304,-0.16835162043571473,0.15925951302051545,0.9793151021003723,0.12481395900249481,0.1477343589067459,-0.1486450731754303,0.9777930378913879],"EasingStyle":"Linear","EasingDirection":"In"},"Right Arm":{"Weight":1,"CFrame":[0.3584238886833191,-0.43875613808631899,-0.10172498226165772,0.163389191031456,-0.4400753378868103,0.8829709887504578,0.6826410293579102,0.6965795755386353,0.22085802257061006,-0.7122536897659302,0.566666305065155,0.4142270088195801],"EasingStyle":"Linear","EasingDirection":"In"},"Head":{"Weight":1,"CFrame":[8.335337042808533e-8,-1.0244548320770264e-8,0,0.986914336681366,-0.16116869449615479,0.0049850004725158218,0.15767429769039155,0.9581226706504822,-0.2390393614768982,0.03374942019581795,0.23669736087322236,0.9709970951080322],"EasingStyle":"Linear","EasingDirection":"In"},"Right Leg":{"Weight":1,"CFrame":[0.44269728660583498,0.11389613151550293,-0.023489773273468019,0.9740284085273743,0.22059692442417146,0.05104604735970497,-0.22539854049682618,0.9660995602607727,0.12588602304458619,-0.02154543809592724,-0.1341223120689392,0.9907306432723999],"EasingStyle":"Linear","EasingDirection":"In"},"Torso":{"Weight":1,"CFrame":[-0.06990218162536621,-0.051019296050071719,-0.1135256290435791,0.9948000907897949,-0.10150877386331558,0.008293714374303818,0.10182907432317734,0.992850124835968,-0.06228550150990486,-0.0019118902273476124,0.06280616670846939,0.9980239272117615],"EasingStyle":"Linear","EasingDirection":"In"},"HumanoidRootPart":{"Weight":1,"CFrame":[0,0,0,1,0,0,0,1,0,0,0,1],"EasingStyle":"Linear","EasingDirection":"In"},"Left Arm":{"Weight":1,"CFrame":[-0.1834016889333725,-0.16032597422599793,0.39012956619262698,0.33625221252441409,0.12046943604946137,-0.9340351223945618,-0.1621474027633667,0.9843798279762268,0.06858977675437927,0.9277083277702332,0.1283879429101944,0.350533664226532],"EasingStyle":"Linear","EasingDirection":"In"}}},{"Time":0.10169491171836853,"poses":{"Left Leg":{"Weight":1,"CFrame":[-0.5386682152748108,0.15402883291244508,0.05122542381286621,0.9740736484527588,-0.15836119651794434,-0.1615625023841858,0.17840948700904847,0.9768351316452026,0.11816627532243729,0.13910694420337678,-0.1439269632101059,0.9797624349594116],"EasingStyle":"Linear","EasingDirection":"In"},"Right Arm":{"Weight":1,"CFrame":[0.3555721044540405,-0.4344116449356079,-0.1023404598236084,0.14179234206676484,-0.46020597219467165,0.8764162063598633,0.713824450969696,0.6609319448471069,0.23156791925430299,-0.6858204007148743,0.5927727818489075,0.422221302986145],"EasingStyle":"Linear","EasingDirection":"In"},"Head":{"Weight":1,"CFrame":[8.475035429000855e-8,3.306195139884949e-8,-2.384185791015625e-7,0.9836767315864563,-0.1798705905675888,0.0051771230064332489,0.1758716106414795,0.9549239873886108,-0.23914305865764619,0.03807104006409645,0.23614995181560517,0.970970630645752],"EasingStyle":"Linear","EasingDirection":"In"},"Right Leg":{"Weight":1,"CFrame":[0.4664604663848877,0.12191861867904663,-0.03028160333633423,0.9715111255645752,0.23250603675842286,0.04590310528874397,-0.23649582266807557,0.9636621475219727,0.12419822067022324,-0.015358186326920987,-0.13151589035987855,0.9911950826644898],"EasingStyle":"Linear","EasingDirection":"In"},"Torso":{"Weight":1,"CFrame":[-0.08096816390752793,-0.051485538482666019,-0.12656235694885255,0.995662271976471,-0.09266793727874756,0.008326838724315167,0.09300767630338669,0.9937140941619873,-0.06230451166629791,-0.0025008670054376127,0.06280870735645294,0.9980224370956421],"EasingStyle":"Linear","EasingDirection":"In"},"HumanoidRootPart":{"Weight":1,"CFrame":[0,0,0,1,0,0,0,1,0,0,0,1],"EasingStyle":"Linear","EasingDirection":"In"},"Left Arm":{"Weight":1,"CFrame":[-0.16773557662963868,-0.13813424110412599,0.3934711217880249,0.33365169167518618,0.12064148485660553,-0.9349450469017029,-0.1772313117980957,0.9821197986602783,0.06348040699958801,0.9258865118026733,0.14452123641967774,0.3490673899650574],"EasingStyle":"Linear","EasingDirection":"In"}}},{"Time":0.11864406615495682,"poses":{"Left Leg":{"Weight":1,"CFrame":[-0.5136514902114868,0.1600223183631897,0.1334749460220337,0.9821341633796692,-0.18283246457576753,-0.04455069079995155,0.18649812042713166,0.9772758483886719,0.10074985027313233,0.025117916986346246,-0.10725846886634827,0.9939139485359192],"EasingStyle":"Linear","EasingDirection":"In"},"Right Arm":{"Weight":1,"CFrame":[0.35269293189048769,-0.4300414025783539,-0.1030544638633728,0.11721451580524445,-0.4745059907436371,0.8724132776260376,0.7497740983963013,0.6183383464813232,0.23557724058628083,-0.6512293815612793,0.6264997124671936,0.42825037240982058],"EasingStyle":"Linear","EasingDirection":"In"},"Head":{"Weight":1,"CFrame":[8.195638656616211e-8,1.3969838619232178e-9,0,0.9801805019378662,-0.1980210691690445,0.005829668138176203,0.1936403512954712,0.9514527320861816,-0.2392512559890747,0.041830141097307208,0.23563821613788606,0.9709402918815613],"EasingStyle":"Linear","EasingDirection":"In"},"Right Leg":{"Weight":1,"CFrame":[0.48891860246658327,0.13058000802993775,-0.03355151414871216,0.9689444899559021,0.24430140852928163,0.038253311067819598,-0.2471761405467987,0.96132892370224,0.1214529424905777,-0.007102815434336662,-0.12713651359081269,0.9918597936630249],"EasingStyle":"Linear","EasingDirection":"In"},"Torso":{"Weight":1,"CFrame":[-0.09172670543193817,-0.0520038902759552,-0.1405467987060547,0.9965028762817383,-0.08314619958400727,0.008290800265967846,0.0835023820400238,0.9945560097694397,-0.06233547627925873,-0.003062707604840398,0.0628097802400589,0.9980208277702332],"EasingStyle":"Linear","EasingDirection":"In"},"HumanoidRootPart":{"Weight":1,"CFrame":[0,0,0,1,0,0,0,1,0,0,0,1],"EasingStyle":"Linear","EasingDirection":"In"},"Left Arm":{"Weight":1,"CFrame":[-0.14907976984977723,-0.11342093348503113,0.3951871395111084,0.3328899145126343,0.13149398565292359,-0.9337524771690369,-0.20491349697113038,0.9766538143157959,0.0644821748137474,0.920431911945343,0.16987301409244538,0.35206303000450137],"EasingStyle":"Linear","EasingDirection":"In"}}},{"Time":0.1355932205915451,"poses":{"Left Leg":{"Weight":1,"CFrame":[-0.4173394441604614,0.16364896297454835,0.2642005681991577,0.9626845121383667,-0.19855937361717225,0.18388265371322633,0.18838106095790864,0.9794943332672119,0.07143830507993698,-0.19429680705070496,-0.03413253277540207,0.9803488254547119],"EasingStyle":"Linear","EasingDirection":"In"},"Right Arm":{"Weight":1,"CFrame":[0.3499373495578766,-0.4258817434310913,-0.10386288166046143,0.0883677676320076,-0.48065686225891116,0.8724449276924133,0.7923328280448914,0.5647201538085938,0.23086820542812348,-0.6036554574966431,0.6708653569221497,0.43074309825897219],"EasingStyle":"Linear","EasingDirection":"In"},"Head":{"Weight":1,"CFrame":[8.940696716308594e-8,1.4435499906539917e-8,-1.1920928955078126e-7,0.9764652252197266,-0.21556153893470765,0.00700349360704422,0.21093828976154328,0.9477460980415344,-0.23933754861354829,0.04495445266366005,0.23518206179141999,0.9709112048149109],"EasingStyle":"Linear","EasingDirection":"In"},"Right Leg":{"Weight":1,"CFrame":[0.5036973357200623,0.14001649618148805,-0.0268021821975708,0.9665852785110474,0.2558371126651764,0.016138367354869844,-0.25594091415405276,0.9596087336540222,0.11681391298770905,0.014398890547454358,-0.11704105138778687,0.9930227398872376],"EasingStyle":"Linear","EasingDirection":"In"},"Torso":{"Weight":1,"CFrame":[-0.10264337062835694,-0.05256018042564392,-0.15514326095581056,0.9972817301750183,-0.07322963327169419,0.008161959238350392,0.07359721511602402,0.995335578918457,-0.062375836074352267,-0.0035561283584684135,0.06280698627233505,0.9980193376541138],"EasingStyle":"Linear","EasingDirection":"In"},"HumanoidRootPart":{"Weight":1,"CFrame":[0,0,0,1,0,0,0,1,0,0,0,1],"EasingStyle":"Linear","EasingDirection":"In"},"Left Arm":{"Weight":1,"CFrame":[-0.12694868445396424,-0.08531633019447327,0.3958193063735962,0.33419665694236758,0.15041610598564149,-0.930423378944397,-0.24202467501163484,0.9677762389183044,0.06952230632305145,0.9108988046646118,0.20195135474205018,0.35983192920684817],"EasingStyle":"Linear","EasingDirection":"In"}}},{"Time":0.1525423675775528,"poses":{"Left Leg":{"Weight":1,"CFrame":[-0.3319089114665985,0.1666228175163269,0.3532226085662842,0.9139975309371948,-0.20299625396728517,0.35128486156463625,0.19815859198570252,0.9788894653320313,0.05008574575185776,-0.3540363013744354,0.02383188158273697,0.9349280595779419],"EasingStyle":"Linear","EasingDirection":"In"},"Right Arm":{"Weight":1,"CFrame":[0.34745702147483828,-0.42216819524765017,-0.10476166009902954,0.05462905392050743,-0.47552430629730227,0.8780047297477722,0.8417537212371826,0.494911789894104,0.2156689167022705,-0.5370905995368958,0.727281928062439,0.42731091380119326],"EasingStyle":"Linear","EasingDirection":"In"},"Head":{"Weight":1,"CFrame":[9.73232090473175e-8,-2.2351741790771486e-8,4.76837158203125e-7,0.9725724458694458,-0.23243513703346253,0.008759139105677605,0.2277250736951828,0.9438437223434448,-0.23937471210956574,0.04737184941768646,0.2348039597272873,0.9708878397941589],"EasingStyle":"Linear","EasingDirection":"In"},"Right Leg":{"Weight":1,"CFrame":[0.5023479461669922,0.15019267797470094,-0.0016224384307861329,0.963175356388092,0.2665640413761139,-0.035169582813978198,-0.2614462375640869,0.959053099155426,0.10891764611005783,0.06276308745145798,-0.0957118347287178,0.9934284687042236],"EasingStyle":"Linear","EasingDirection":"In"},"Torso":{"Weight":1,"CFrame":[-0.114183709025383,-0.05313977599143982,-0.17003870010375977,0.9979692101478577,-0.06320570409297943,0.007916707545518875,0.06357762962579727,0.9960227608680725,-0.062422532588243487,-0.003939761780202389,0.06279908120632172,0.9980185031890869],"EasingStyle":"Linear","EasingDirection":"In"},"HumanoidRootPart":{"Weight":1,"CFrame":[0,0,0,1,0,0,0,1,0,0,0,1],"EasingStyle":"Linear","EasingDirection":"In"},"Left Arm":{"Weight":1,"CFrame":[-0.10085709393024445,-0.05223268270492554,0.39590978622436526,0.3378071188926697,0.17462700605392457,-0.9248740077018738,-0.2850416600704193,0.9554739594459534,0.07629402726888657,0.8970159292221069,0.2378549575805664,0.3725419044494629],"EasingStyle":"Linear","EasingDirection":"In"}}},{"Time":0.16949152946472169,"poses":{"Left Leg":{"Weight":1,"CFrame":[-0.29397448897361758,0.1730867624282837,0.40117931365966799,0.8780707716941834,-0.20938792824745179,0.43028876185417178,0.21200717985630036,0.976344645023346,0.042477112263441089,-0.4290043115615845,0.053926415741443637,0.9016914367675781],"EasingStyle":"Linear","EasingDirection":"In"},"Right Arm":{"Weight":1,"CFrame":[0.34536856412887576,-0.41908499598503115,-0.10574668645858765,0.02104022726416588,-0.46187546849250796,0.8866952657699585,0.8987960815429688,0.3971603512763977,0.18555155396461488,-0.43786174058914187,0.7930540442466736,0.42348816990852358],"EasingStyle":"Linear","EasingDirection":"In"},"Head":{"Weight":1,"CFrame":[8.754432201385498e-8,-3.725290298461914e-9,1.1920928955078126e-7,0.9685616493225098,-0.2485068291425705,0.0115193547680974,0.24390089511871339,0.9394522905349731,-0.24071115255355836,0.04899648204445839,0.23595324158668519,0.9705284237861633],"EasingStyle":"Linear","EasingDirection":"In"},"Right Leg":{"Weight":1,"CFrame":[0.47682085633277895,0.16044646501541139,0.045229554176330569,0.9535143375396729,0.27443161606788638,-0.12448978424072266,-0.26360419392585757,0.9597696661949158,0.09672189503908158,0.1460251361131668,-0.05940971523523331,0.987495481967926],"EasingStyle":"Linear","EasingDirection":"In"},"Torso":{"Weight":1,"CFrame":[-0.12661704421043397,-0.05372689664363861,-0.18493390083312989,0.9985487461090088,-0.05331754311919212,0.007593975402414799,0.05368867516517639,0.9966017007827759,-0.06247101351618767,-0.0042373682372272018,0.06278806179761887,0.9980179071426392],"EasingStyle":"Linear","EasingDirection":"In"},"HumanoidRootPart":{"Weight":1,"CFrame":[0,0,0,1,0,0,0,1,0,0,0,1],"EasingStyle":"Linear","EasingDirection":"In"},"Left Arm":{"Weight":1,"CFrame":[-0.07064267992973328,-0.01252850890159607,0.3954920768737793,0.34220966696739199,0.20131005346775056,-0.9178054332733154,-0.33045661449432375,0.9401644468307495,0.08300130069255829,0.879597008228302,0.27489107847213747,0.38825756311416628],"EasingStyle":"Linear","EasingDirection":"In"}}},{"Time":0.18644067645072938,"poses":{"Left Leg":{"Weight":1,"CFrame":[-0.27082517743110659,0.181490957736969,0.43607795238494875,0.8490760326385498,-0.21641230583190919,0.48190832138061526,0.225163996219635,0.9734809398651123,0.04044722765684128,-0.4778819680213928,0.07416562736034394,0.8752877116203308],"EasingStyle":"Linear","EasingDirection":"In"},"Right Arm":{"Weight":1,"CFrame":[0.34365028142929079,-0.4166030287742615,-0.10681390762329102,-0.00673306081444025,-0.444979190826416,0.8955157995223999,0.9524509310722351,0.26994872093200686,0.14129775762557984,-0.3046177923679352,0.8538860082626343,0.42200303077697756],"EasingStyle":"Linear","EasingDirection":"In"},"Head":{"Weight":1,"CFrame":[9.546056389808655e-8,-4.0512531995773318e-8,0,0.9645213484764099,-0.2635479271411896,0.015525064431130886,0.2592502236366272,0.9344013929367065,-0.24430203437805177,0.04987866431474686,0.2396594136953354,0.9695749282836914],"EasingStyle":"Linear","EasingDirection":"In"},"Right Leg":{"Weight":1,"CFrame":[0.4309779405593872,0.16923367977142335,0.10206365585327149,0.9317578077316284,0.2767936587333679,-0.23497381806373597,-0.2650200128555298,0.9608395099639893,0.08094438910484314,0.24817706644535066,-0.013147881254553795,0.9686254858970642],"EasingStyle":"Linear","EasingDirection":"In"},"Torso":{"Weight":1,"CFrame":[-0.13961392641067506,-0.054307177662849429,-0.1995401382446289,0.9990211129188538,-0.04363821819424629,0.007250064983963966,0.0440068356692791,0.9970731139183044,-0.06251859664916992,-0.004500645212829113,0.06277644634246826,0.9980174899101257],"EasingStyle":"Linear","EasingDirection":"In"},"HumanoidRootPart":{"Weight":1,"CFrame":[0,0,0,1,0,0,0,1,0,0,0,1],"EasingStyle":"Linear","EasingDirection":"In"},"Left Arm":{"Weight":1,"CFrame":[-0.03743622824549675,0.030524611473083497,0.3940693140029907,0.346124529838562,0.228171706199646,-0.9100196361541748,-0.37477347254753115,0.9228497743606567,0.08884415030479431,0.8600830435752869,0.3103000521659851,0.40493354201316836],"EasingStyle":"Linear","EasingDirection":"In"}}},{"Time":0.20338982343673707,"poses":{"Left Leg":{"Weight":1,"CFrame":[-0.2587881088256836,0.1912652850151062,0.4618043899536133,0.8273011445999146,-0.22447969019412995,0.5149579048156738,0.23695755004882813,0.9705935716629028,0.04241757467389107,-0.5093368291854858,0.08693110942840576,0.8561654090881348],"EasingStyle":"Linear","EasingDirection":"In"},"Right Arm":{"Weight":1,"CFrame":[0.3422459065914154,-0.4146423935890198,-0.1079588532447815,-0.027372360229492189,-0.4261772036552429,0.9042256474494934,0.9875074625015259,0.1288916915655136,0.09064227342605591,-0.15517674386501313,0.895410418510437,0.417324960231781],"EasingStyle":"Linear","EasingDirection":"In"},"Head":{"Weight":1,"CFrame":[8.335337042808533e-8,4.656612873077393e-10,1.1920928955078126e-7,0.960545539855957,-0.27736330032348635,0.020542340353131295,0.27356791496276858,0.9289203882217407,-0.24953468143939973,0.05012957751750946,0.24530915915966035,0.9681479334831238],"EasingStyle":"Linear","EasingDirection":"In"},"Right Leg":{"Weight":1,"CFrame":[0.37659770250320437,0.17549443244934083,0.15542244911193849,0.8989617824554443,0.27340802550315859,-0.3422216475009918,-0.26820939779281618,0.9612699151039124,0.06343522667884827,0.346311092376709,0.03476118668913841,0.9374755620956421],"EasingStyle":"Linear","EasingDirection":"In"},"Torso":{"Weight":1,"CFrame":[-0.15274173021316529,-0.05486808717250824,-0.21357369422912599,0.9993912577629089,-0.03420104458928108,0.006887468043714762,0.034565519541502,0.9974421858787537,-0.06256470829248429,-0.004730072803795338,0.06276468932628632,0.9980171322822571],"EasingStyle":"Linear","EasingDirection":"In"},"HumanoidRootPart":{"Weight":1,"CFrame":[0,0,0,1,0,0,0,1,0,0,0,1],"EasingStyle":"Linear","EasingDirection":"In"},"Left Arm":{"Weight":1,"CFrame":[-0.0026914626359939577,0.07221484184265137,0.3913869857788086,0.3505572974681854,0.2531416416168213,-0.9016812443733215,-0.4144512712955475,0.9053044319152832,0.09302762150764466,0.8398451209068298,0.34109142422676089,0.4222759008407593],"EasingStyle":"Linear","EasingDirection":"In"}}},{"Time":0.22033898532390595,"poses":{"Left Leg":{"Weight":1,"CFrame":[-0.254489541053772,0.2017054557800293,0.48071324825286868,0.8115853667259216,-0.233385369181633,0.5355934500694275,0.2472263127565384,0.9678122997283936,0.04710257425904274,-0.5293470025062561,0.09418506920337677,0.8431613445281982],"EasingStyle":"Linear","EasingDirection":"In"},"Right Arm":{"Weight":1,"CFrame":[0.34109917283058169,-0.41312217712402346,-0.10917782783508301,-0.04039739817380905,-0.4084632396697998,0.9118804335594177,0.999069333076477,-0.0027067388873547317,0.043047480285167697,-0.01511501893401146,0.9127707481384277,0.4081924259662628],"EasingStyle":"Linear","EasingDirection":"In"},"Head":{"Weight":1,"CFrame":[1.0081566870212555e-7,6.05359673500061e-9,0,0.9567363262176514,-0.28976431488990786,0.02631048671901226,0.2866570055484772,0.9232494235038757,-0.25580906867980959,0.04983319342136383,0.25228390097618105,0.9663692712783814],"EasingStyle":"Linear","EasingDirection":"In"},"Right Leg":{"Weight":1,"CFrame":[0.3281904458999634,0.17944777011871339,0.19703590869903565,0.8638244271278381,0.2671654224395752,-0.427118182182312,-0.2739676535129547,0.9606007933616638,0.04677699878811836,0.42278727889060976,0.07660943269729614,0.9029850959777832],"EasingStyle":"Linear","EasingDirection":"In"},"Torso":{"Weight":1,"CFrame":[-0.16556790471076966,-0.05539698898792267,-0.22675108909606934,0.999665379524231,-0.025039207190275193,0.006508691236376762,0.025397995486855508,0.9977149367332459,-0.06260885298252106,-0.004926142282783985,0.06275320053100586,0.9980170130729675],"EasingStyle":"Linear","EasingDirection":"In"},"HumanoidRootPart":{"Weight":1,"CFrame":[0,0,0,1,0,0,0,1,0,0,0,1],"EasingStyle":"Linear","EasingDirection":"In"},"Left Arm":{"Weight":1,"CFrame":[0.03213764727115631,0.10782879590988159,0.3871901035308838,0.3568493723869324,0.27427947521209719,-0.8929890990257263,-0.4463154673576355,0.8898237347602844,0.09495408833026886,0.8206467628479004,0.3646704852581024,0.4399482309818268],"EasingStyle":"Linear","EasingDirection":"In"}}},{"Time":0.23728813230991364,"poses":{"Left Leg":{"Weight":1,"CFrame":[-0.25479739904403689,0.21207785606384278,0.49446558952331545,0.8002462387084961,-0.24260036647319795,0.5484076142311096,0.25600993633270266,0.9651979804039002,0.05340242385864258,-0.5422775745391846,0.0976627916097641,0.8345041871070862],"EasingStyle":"Linear","EasingDirection":"In"},"Right Arm":{"Weight":1,"CFrame":[0.3401535749435425,-0.4119623303413391,-0.11046630144119263,-0.04683070629835129,-0.39552244544029238,0.9172616600990295,0.9950653314590454,-0.09888527542352677,0.008163665421307087,0.08747483044862747,0.9131175875663757,0.39820149540901186],"EasingStyle":"Linear","EasingDirection":"In"},"Head":{"Weight":1,"CFrame":[1.1082738637924194e-7,2.444721758365631e-8,1.1920928955078126e-7,0.9532028436660767,-0.3005746603012085,0.032545141875743869,0.2983263432979584,0.917646050453186,-0.26253974437713625,0.04904787614941597,0.25996270775794985,0.9643722772598267],"EasingStyle":"Linear","EasingDirection":"In"},"Right Leg":{"Weight":1,"CFrame":[0.29853662848472597,0.18215340375900269,0.22430527210235597,0.8375362157821655,0.26247072219848635,-0.4792099595069885,-0.28154316544532778,0.9589747786521912,0.03318006545305252,0.46825918555259707,0.10712873935699463,0.8770729899406433],"EasingStyle":"Linear","EasingDirection":"In"},"Torso":{"Weight":1,"CFrame":[-0.1776597797870636,-0.05588139593601227,-0.2387847900390625,0.9998503923416138,-0.01618569903075695,0.006116240285336971,0.016537347808480264,0.997898519039154,-0.06265056878328324,-0.005089344456791878,0.06274233758449555,0.9980167746543884],"EasingStyle":"Linear","EasingDirection":"In"},"HumanoidRootPart":{"Weight":1,"CFrame":[0,0,0,1,0,0,0,1,0,0,0,1],"EasingStyle":"Linear","EasingDirection":"In"},"Left Arm":{"Weight":1,"CFrame":[0.06559722870588303,0.1326528787612915,0.38122451305389407,0.36654987931251528,0.28973817825317385,-0.8841341137886047,-0.4675027132034302,0.8789560198783875,0.09422095865011215,0.8044143319129944,0.3787984848022461,0.4576345980167389],"EasingStyle":"Linear","EasingDirection":"In"}}},{"Time":0.2542372941970825,"poses":{"Left Leg":{"Weight":1,"CFrame":[-0.2566215395927429,0.2216755747795105,0.504489541053772,0.7913932204246521,-0.25138455629348757,0.557227611541748,0.2633761763572693,0.9628068804740906,0.060299474745988849,-0.55166095495224,0.09903988987207413,0.8281674981117249],"EasingStyle":"Linear","EasingDirection":"In"},"Right Arm":{"Weight":1,"CFrame":[0.3393530547618866,-0.4110822379589081,-0.1118207573890686,-0.04860559105873108,-0.3906210958957672,0.9192675352096558,0.9907199740409851,-0.1358148753643036,-0.005327797029167414,0.12693141400814057,0.9104776978492737,0.39359739422798159],"EasingStyle":"Linear","EasingDirection":"In"},"Head":{"Weight":1,"CFrame":[8.405186235904694e-8,1.7462298274040223e-8,-1.1920928955078126e-7,0.9500585794448853,-0.30963245034217837,0.038942743092775348,0.308387815952301,0.9123874306678772,-0.26915833353996279,0.047809287905693057,0.2677256166934967,0.9623083472251892],"EasingStyle":"Linear","EasingDirection":"In"},"Right Leg":{"Weight":1,"CFrame":[0.29772526025772097,0.18487173318862916,0.23636674880981446,0.8294581770896912,0.26345935463905337,-0.4925324618816376,-0.2895646095275879,0.9568529725074768,0.024181438609957696,0.4776521623134613,0.12256239354610443,0.8699580430984497],"EasingStyle":"Linear","EasingDirection":"In"},"Torso":{"Weight":1,"CFrame":[-0.18858474493026734,-0.056308865547180179,-0.24937939643859864,0.999954342842102,-0.00767337204888463,0.005712646991014481,0.008016522042453289,0.998000979423523,-0.06268955767154694,-0.005220187362283468,0.06273249536752701,0.9980167150497437],"EasingStyle":"Linear","EasingDirection":"In"},"HumanoidRootPart":{"Weight":1,"CFrame":[0,0,0,1,0,0,0,1,0,0,0,1],"EasingStyle":"Linear","EasingDirection":"In"},"Left Arm":{"Weight":1,"CFrame":[0.09623344987630844,0.14197510480880738,0.37323498725891116,0.3812457025051117,0.29763227701187136,-0.8752524852752686,-0.47525355219841006,0.8751726150512695,0.09059236198663712,0.7929601669311523,0.38142892718315127,0.4751065969467163],"EasingStyle":"Linear","EasingDirection":"In"}}},{"Time":0.2711864411830902,"poses":{"Left Leg":{"Weight":1,"CFrame":[-0.2719539403915405,0.2301347851753235,0.5069745779037476,0.793056309223175,-0.2630026340484619,0.5494462847709656,0.2705565392971039,0.9602201581001282,0.06911280006170273,-0.5457662343978882,0.09384600818157196,0.832665741443634],"EasingStyle":"Linear","EasingDirection":"In"},"Right Arm":{"Weight":1,"CFrame":[0.33864107728004458,-0.41040128469467165,-0.1132364273071289,-0.053405240178108218,-0.3905753791332245,0.9190206527709961,0.9918107986450195,-0.12767142057418824,0.0033759186044335367,0.11601416766643524,0.9116748571395874,0.3941951096057892],"EasingStyle":"Linear","EasingDirection":"In"},"Head":{"Weight":1,"CFrame":[6.837763066869229e-8,1.9041181076318027e-8,0,0.9474180936813355,-0.31679192185401919,0.04518629238009453,0.3166552186012268,0.9077679514884949,-0.27511271834373476,0.046134840697050098,0.27495524287223818,0.9603495001792908],"EasingStyle":"Linear","EasingDirection":"In"},"Right Leg":{"Weight":1,"CFrame":[0.33502063155174258,0.18871212005615235,0.22922110557556153,0.8455792665481567,0.2730749845504761,-0.4587218165397644,-0.2968713939189911,0.9546847343444824,0.0210852213203907,0.4436925947666168,0.11835210025310517,0.8883297443389893],"EasingStyle":"Linear","EasingDirection":"In"},"Torso":{"Weight":1,"CFrame":[-0.1979101300239563,-0.05666707456111908,-0.2582263946533203,0.9999858736991882,0.00046513299457728863,0.005300438497215509,-0.0001317460701102391,0.9980307817459106,-0.06272555887699127,-0.005319176707416773,0.06272396445274353,0.9980168342590332],"EasingStyle":"Linear","EasingDirection":"In"},"HumanoidRootPart":{"Weight":1,"CFrame":[0,0,0,1,0,0,0,1,0,0,0,1],"EasingStyle":"Linear","EasingDirection":"In"},"Left Arm":{"Weight":1,"CFrame":[0.12259241938591004,0.1413404941558838,0.3633890151977539,0.400757372379303,0.2976295053958893,-0.8664931654930115,-0.47008535265922549,0.8785797953605652,0.08436425775289536,0.7863925695419312,0.37351614236831667,0.4920085668563843],"EasingStyle":"Linear","EasingDirection":"In"}}},{"Time":0.2881355881690979,"poses":{"Left Leg":{"Weight":1,"CFrame":[-0.309445858001709,0.2365577220916748,0.4980555772781372,0.8102137446403503,-0.2795546054840088,0.5151726603507996,0.27899396419525149,0.956913948059082,0.08048751950263977,-0.5154765844345093,0.07851795852184296,0.8532989025115967],"EasingStyle":"Linear","EasingDirection":"In"},"Right Arm":{"Weight":1,"CFrame":[0.3379615247249603,-0.4098386764526367,-0.11470949649810791,-0.06515530496835709,-0.3909115195274353,0.9181193709373474,0.9941861033439636,-0.10447145253419876,0.026072176173329355,0.08572539687156677,0.9144801497459412,0.3954455256462097],"EasingStyle":"Linear","EasingDirection":"In"},"Head":{"Weight":1,"CFrame":[9.371433407068253e-8,-5.9371814131736759e-9,2.384185791015625e-7,0.9453948736190796,-0.32192036509513857,0.05095122382044792,0.32293984293937685,0.9040939807891846,-0.27986428141593935,0.04402933269739151,0.2810364365577698,0.9586865901947022],"EasingStyle":"Linear","EasingDirection":"In"},"Right Leg":{"Weight":1,"CFrame":[0.4044887125492096,0.19373446702957154,0.1993774175643921,0.8786218166351318,0.288590669631958,-0.3804458975791931,-0.30273404717445376,0.9527830481529236,0.02359231747686863,0.3692910373210907,0.0944451317191124,0.9245022535324097],"EasingStyle":"Linear","EasingDirection":"In"},"Torso":{"Weight":1,"CFrame":[-0.2052033692598343,-0.05694364011287689,-0.2649984359741211,0.9999545812606812,0.008197407238185406,0.004882144276052713,-0.007874957285821438,0.9979977011680603,-0.06275835633277893,-0.005386825185269117,0.06271705031394959,0.9980168342590332],"EasingStyle":"Linear","EasingDirection":"In"},"HumanoidRootPart":{"Weight":1,"CFrame":[0,0,0,1,0,0,0,1,0,0,0,1],"EasingStyle":"Linear","EasingDirection":"In"},"Left Arm":{"Weight":1,"CFrame":[0.14322026073932649,0.13933491706848145,0.3535395860671997,0.4214102625846863,0.2915295958518982,-0.8587339520454407,-0.455836683511734,0.8866980075836182,0.07732821255922318,0.7839810848236084,0.35885554552078249,0.5065534710884094],"EasingStyle":"Linear","EasingDirection":"In"}}},{"Time":0.3050847351551056,"poses":{"Left Leg":{"Weight":1,"CFrame":[-0.36028820276260378,0.23962819576263429,0.47872304916381838,0.8356337547302246,-0.2978874444961548,0.4614968001842499,0.2887442409992218,0.9529487490653992,0.09228011965751648,-0.4672718942165375,0.056142136454582217,0.8823292851448059],"EasingStyle":"Linear","EasingDirection":"In"},"Right Arm":{"Weight":1,"CFrame":[0.33725786209106448,-0.40931418538093569,-0.11623579263687134,-0.07984595745801926,-0.3924032151699066,0.9163210988044739,0.996014416217804,-0.06806488335132599,0.05764220654964447,0.03975037485361099,0.9172714352607727,0.3962739408016205],"EasingStyle":"Linear","EasingDirection":"In"},"Head":{"Weight":1,"CFrame":[1.1129304766654968e-7,-2.6775524020195008e-8,-5.960464477539063e-8,0.9440962672233582,-0.3248940408229828,0.05591264367103577,0.32704856991767886,0.901674211025238,-0.2828831672668457,0.04149208962917328,0.2853550910949707,0.9575234055519104],"EasingStyle":"Linear","EasingDirection":"In"},"Right Leg":{"Weight":1,"CFrame":[0.49074456095695498,0.1991148591041565,0.14522171020507813,0.9143517017364502,0.30386239290237429,-0.2676353454589844,-0.30712392926216128,0.9511753916740418,0.03066556714475155,0.26388630270957949,0.05415807664394379,0.9630321860313416],"EasingStyle":"Linear","EasingDirection":"In"},"Torso":{"Weight":1,"CFrame":[-0.21003179252147675,-0.057126402854919437,-0.2693450450897217,0.9998700618743897,0.015491229481995106,0.004460303578525782,-0.015180794522166253,0.9979114532470703,-0.06278789043426514,-0.005423649679869413,0.06271201372146607,0.9980169534683228],"EasingStyle":"Linear","EasingDirection":"In"},"HumanoidRootPart":{"Weight":1,"CFrame":[0,0,0,1,0,0,0,1,0,0,0,1],"EasingStyle":"Linear","EasingDirection":"In"},"Left Arm":{"Weight":1,"CFrame":[0.15666313469409944,0.1358049511909485,0.3459615707397461,0.43948349356651308,0.280608594417572,-0.8532955646514893,-0.43461424112319949,0.8977825045585632,0.07139340788125992,0.7861074209213257,0.33947810530662539,0.5165169835090637],"EasingStyle":"Linear","EasingDirection":"In"}}},{"Time":0.32203391194343569,"poses":{"Left Leg":{"Weight":1,"CFrame":[-0.4132749140262604,0.23855310678482057,0.4521282911300659,0.8615484833717346,-0.3143552541732788,0.39864155650138857,0.29896363615989687,0.9487910270690918,0.10206097364425659,-0.41031089425086977,0.0312487855553627,0.9114102721214294],"EasingStyle":"Linear","EasingDirection":"In"},"Right Arm":{"Weight":1,"CFrame":[0.33647385239601138,-0.4087466597557068,-0.11781126260757446,-0.09344042092561722,-0.3956454396247864,0.9136375784873962,0.9954583048820496,-0.02033912017941475,0.09300068020820618,-0.018212640658020974,0.9181780815124512,0.39574891328811648],"EasingStyle":"Linear","EasingDirection":"In"},"Head":{"Weight":1,"CFrame":[9.476207196712494e-8,1.3969838619232178e-9,4.76837158203125e-7,0.9436206817626953,-0.3255912661552429,