{"Sequence":[{"Time":0,"poses":{"Left Leg":{"Weight":1,"CFrame":[-0.4060957431793213,0.1914372444152832,0.11665618419647217,0.8978144526481628,0.4275485873222351,0.10550595819950104,-0.4199577569961548,0.9033581614494324,-0.08705975860357285,-0.13253189623355866,0.033855490386486056,0.9906003475189209],"EasingStyle":"Linear","EasingDirection":"In"},"Right Arm":{"Weight":1,"CFrame":[0.22580493986606599,-0.08989676833152771,0.21480154991149903,0.2792862355709076,-0.9598137736320496,0.027508242055773736,0.5296834707260132,0.13010552525520326,-0.8381575345993042,0.800896167755127,0.2486564815044403,0.5447341203689575],"EasingStyle":"Linear","EasingDirection":"In"},"Left Arm":{"Weight":1,"CFrame":[-0.0022030919790267946,-0.5573393702507019,0.16500627994537354,-0.1692238301038742,0.9398027658462524,-0.29687389731407168,-0.8820260167121887,-0.010006633587181569,0.4710945188999176,0.4397650957107544,0.34157082438468935,0.8306237459182739],"EasingStyle":"Linear","EasingDirection":"In"},"Head":{"Weight":1,"CFrame":[1.0058283805847168e-7,1.4901161193847657e-8,0,0.8720505833625794,0.4735206663608551,0.12371717393398285,-0.48451629281044009,0.87096107006073,0.08167523145675659,-0.06907792389392853,-0.1311679184436798,0.9889505505561829],"EasingStyle":"Linear","EasingDirection":"In"},"Torso":{"Weight":1,"CFrame":[-0.05210656672716141,-0.4368906319141388,-0.35131311416625979,0.9163984060287476,-0.39793601632118227,-0.04313831031322479,0.39142993092536929,0.913467526435852,-0.11117424070835114,0.08364567905664444,0.08499427139759064,0.9928642511367798],"EasingStyle":"Linear","EasingDirection":"In"},"HumanoidRootPart":{"Weight":0,"CFrame":[0,0,0,1,0,0,0,1,0,0,0,1],"EasingStyle":"Linear","EasingDirection":"In"},"Right Leg":{"Weight":1,"CFrame":[0.32556068897247317,-0.04866683483123779,0.09090638160705567,0.6815055012702942,0.7231060266494751,-0.11255167424678803,-0.6786694526672363,0.6820344924926758,0.27246421575546267,0.27378472685813906,-0.10930054634809494,0.9555602669715881],"EasingStyle":"Linear","EasingDirection":"In"}}},{"Time":0.01666666753590107,"poses":{"Left Leg":{"Weight":1,"CFrame":[-0.4684044420719147,0.2641143798828125,0.13111937046051026,0.9052303433418274,0.4135233759880066,0.0977570116519928,-0.40274542570114138,0.9083237648010254,-0.1128895953297615,-0.13547754287719727,0.06281986087560654,0.9887868762016296],"EasingStyle":"Linear","EasingDirection":"In"},"Right Arm":{"Weight":1,"CFrame":[0.23136745393276215,-0.10904726386070252,0.20398271083831788,0.44443148374557497,-0.8598260879516602,0.2513557970523834,0.5985043048858643,0.07622681558132172,-0.797484815120697,0.6665382981300354,0.5048649311065674,0.5484872460365295],"EasingStyle":"Linear","EasingDirection":"In"},"Left Arm":{"Weight":1,"CFrame":[-0.07315345108509064,-0.5605571866035461,0.1598430871963501,-0.1893119066953659,0.9608210325241089,-0.2024451196193695,-0.8719366192817688,-0.06968653947114945,0.4846341907978058,0.4515390992164612,0.2682662606239319,0.850967526435852],"EasingStyle":"Linear","EasingDirection":"In"},"Head":{"Weight":1,"CFrame":[7.078051567077637e-8,1.862645149230957e-8,-5.960464477539063e-8,0.8806266188621521,0.4590867757797241,0.11720128357410431,-0.4693528413772583,0.8790843486785889,0.08317839354276657,-0.06484370678663254,-0.1282578706741333,0.989618718624115],"EasingStyle":"Linear","EasingDirection":"In"},"Torso":{"Weight":1,"CFrame":[-0.04227173328399658,-0.4463118612766266,-0.4146573543548584,0.9021627306938171,-0.4296850860118866,-0.0383809395134449,0.42241835594177248,0.8979412913322449,-0.12354806065559387,0.08755059540271759,0.09524764120578766,0.9915961027145386],"EasingStyle":"Linear","EasingDirection":"In"},"HumanoidRootPart":{"Weight":0,"CFrame":[0,0,0,1,0,0,0,1,0,0,0,1],"EasingStyle":"Linear","EasingDirection":"In"},"Right Leg":{"Weight":1,"CFrame":[0.37115347385406496,-0.06805622577667237,0.1152486801147461,0.6266992688179016,0.7665942907333374,-0.139932781457901,-0.7167597413063049,0.6375282406806946,0.2825123369693756,0.3057835102081299,-0.07675231248140335,0.9490024447441101],"EasingStyle":"Linear","EasingDirection":"In"}}},{"Time":0.03333333507180214,"poses":{"Left Leg":{"Weight":1,"CFrame":[-0.5205603837966919,0.3254774808883667,0.14674460887908936,0.9133644700050354,0.3981053829193115,0.08530788868665695,-0.38506102561950686,0.912718653678894,-0.13664796948432923,-0.13226236402988435,0.09196067601442337,0.9869396686553955],"EasingStyle":"Linear","EasingDirection":"In"},"Right Arm":{"Weight":1,"CFrame":[0.2464660108089447,-0.132773756980896,0.19281303882598878,0.544471025466919,-0.714139997959137,0.43994927406311037,0.6799208521842957,0.06862027943134308,-0.7300678491592407,0.49118122458457949,0.6966313719749451,0.5229202508926392],"EasingStyle":"Linear","EasingDirection":"In"},"Left Arm":{"Weight":1,"CFrame":[-0.13201652467250825,-0.5617432594299316,0.15262162685394288,-0.19314326345920564,0.9785316586494446,-0.07191266119480133,-0.8660659193992615,-0.13558168709278108,0.4811939597129822,0.4611133635044098,0.15522052347660066,0.8736594915390015],"EasingStyle":"Linear","EasingDirection":"In"},"Head":{"Weight":1,"CFrame":[8.614733815193176e-8,-4.0978193283081057e-8,1.1920928955078126e-7,0.8846108913421631,0.45321452617645266,0.10981864482164383,-0.46259719133377077,0.8825865983963013,0.08393332362174988,-0.05888467654585838,-0.1250501424074173,0.9904014468193054],"EasingStyle":"Linear","EasingDirection":"In"},"Torso":{"Weight":1,"CFrame":[-0.031835272908210757,-0.45243170857429507,-0.46901464462280276,0.8900939226150513,-0.45457324385643008,-0.03310626372694969,0.4469783306121826,0.884808361530304,-0.1316225528717041,0.08912479132413864,0.10235863924026489,0.9907469153404236],"EasingStyle":"Linear","EasingDirection":"In"},"HumanoidRootPart":{"Weight":0,"CFrame":[0,0,0,1,0,0,0,1,0,0,0,1],"EasingStyle":"Linear","EasingDirection":"In"},"Right Leg":{"Weight":1,"CFrame":[0.39921966195106509,-0.0836186408996582,0.13920128345489503,0.5794467926025391,0.7985092401504517,-0.1631699949502945,-0.7453877329826355,0.6001847386360169,0.29012995958328249,0.3296036124229431,-0.0464899055659771,0.9429740905761719],"EasingStyle":"Linear","EasingDirection":"In"}}},{"Time":0.05000000074505806,"poses":{"Left Leg":{"Weight":1,"CFrame":[-0.5542415976524353,0.3718254566192627,0.1541532278060913,0.9189507365226746,0.3883454501628876,0.06868266314268112,-0.3756614029407501,0.9149816036224365,-0.1472657173871994,-0.1200333908200264,0.10952847450971604,0.9867094159126282],"EasingStyle":"Linear","EasingDirection":"In"},"Right Arm":{"Weight":1,"CFrame":[0.27586829662323,-0.17296770215034486,0.18078148365020753,0.5670784115791321,-0.5718237161636353,0.5928236246109009,0.7617868781089783,0.0904206782579422,-0.641486406326294,0.3132137358188629,0.8153783082962036,0.4868833124637604],"EasingStyle":"Linear","EasingDirection":"In"},"Left Arm":{"Weight":1,"CFrame":[-0.16194133460521699,-0.5619128942489624,0.14334607124328614,-0.1784854233264923,0.978070855140686,0.10733290761709213,-0.8692818284034729,-0.207850381731987,0.448494553565979,0.46096858382225039,-0.01325282733887434,0.8873174786567688],"EasingStyle":"Linear","EasingDirection":"In"},"Head":{"Weight":1,"CFrame":[8.195638656616211e-8,9.313225746154785e-9,-1.1920928955078126e-7,0.8864350914955139,0.45113030076026919,0.10350961238145828,-0.45973658561706545,0.8840746283531189,0.08399028331041336,-0.05361966788768768,-0.1220390573143959,0.991075873374939],"EasingStyle":"Linear","EasingDirection":"In"},"Torso":{"Weight":1,"CFrame":[-0.02129717916250229,-0.45399516820907595,-0.5098772048950195,0.8809500932693481,-0.4723842144012451,-0.027930160984396936,0.4650064706802368,0.8751123547554016,-0.13396792113780976,0.08772636204957962,0.1050313413143158,0.9905920028686523],"EasingStyle":"Linear","EasingDirection":"In"},"HumanoidRootPart":{"Weight":0,"CFrame":[0,0,0,1,0,0,0,1,0,0,0,1],"EasingStyle":"Linear","EasingDirection":"In"},"Right Leg":{"Weight":1,"CFrame":[0.41226863861083987,-0.0956803560256958,0.15756773948669434,0.5424255728721619,0.8204053640365601,-0.18085812032222749,-0.7654322385787964,0.5713523030281067,0.2960910499095917,0.34624844789505007,-0.022172749042510988,0.93788081407547],"EasingStyle":"Linear","EasingDirection":"In"}}},{"Time":0.06666667014360428,"poses":{"Left Leg":{"Weight":1,"CFrame":[-0.5782123804092407,0.408255934715271,0.15205788612365724,0.9234038591384888,0.3807011544704437,0.04890720173716545,-0.3707381784915924,0.917633056640625,-0.14318791031837464,-0.09939078986644745,0.11408847570419312,0.9884863495826721],"EasingStyle":"Linear","EasingDirection":"In"},"Right Arm":{"Weight":1,"CFrame":[0.3261077105998993,-0.23798266053199769,0.15458106994628907,0.5139670372009277,-0.4728867709636688,0.7156926393508911,0.8409858345985413,0.11334890127182007,-0.5290510058403015,0.16905833780765534,0.873802125453949,0.4559485614299774],"EasingStyle":"Linear","EasingDirection":"In"},"Left Arm":{"Weight":1,"CFrame":[-0.16456238925457,-0.5616440773010254,0.13213229179382325,-0.15141016244888307,0.9304286241531372,0.333732545375824,-0.8853749632835388,-0.2777819335460663,0.3727578818798065,0.4395294189453125,-0.23903925716876985,0.8658372759819031],"EasingStyle":"Linear","EasingDirection":"In"},"Head":{"Weight":1,"CFrame":[1.043081283569336e-7,3.725290298461914e-8,1.1920928955078126e-7,0.888037383556366,0.44885966181755068,0.09957209974527359,-0.45696285367012026,0.8855665922164917,0.08340691775083542,-0.05073973163962364,-0.11956921219825745,0.9915284514427185],"EasingStyle":"Linear","EasingDirection":"In"},"Torso":{"Weight":1,"CFrame":[-0.009653065353631974,-0.4513043761253357,-0.5355274677276611,0.8749902844429016,-0.4836592972278595,-0.021579865366220475,0.47711992263793948,0.8690082430839539,-0.13107725977897645,0.08214981853961945,0.10439514368772507,0.9911372661590576],"EasingStyle":"Linear","EasingDirection":"In"},"HumanoidRootPart":{"Weight":0,"CFrame":[0,0,0,1,0,0,0,1,0,0,0,1],"EasingStyle":"Linear","EasingDirection":"In"},"Right Leg":{"Weight":1,"CFrame":[0.41323840618133547,-0.1040334701538086,0.16772794723510743,0.519782304763794,0.8325074315071106,-0.19172289967536927,-0.7778229713439941,0.5539900660514832,0.2967936396598816,0.35329553484916689,-0.00514159444719553,0.9354976415634155],"EasingStyle":"Linear","EasingDirection":"In"}}},{"Time":0.0833333358168602,"poses":{"Left Leg":{"Weight":1,"CFrame":[-0.5961577892303467,0.43793636560440066,0.14094555377960206,0.926349937915802,0.37574777007102969,0.02625572308897972,-0.36972928047180178,0.9203974008560181,-0.12715713679790498,-0.07194477319717407,0.10808444768190384,0.9915350079536438],"EasingStyle":"Linear","EasingDirection":"In"},"Right Arm":{"Weight":1,"CFrame":[0.3973886966705322,-0.32186514139175417,0.10463440418243408,0.3975919485092163,-0.4239496886730194,0.8137488961219788,0.9152979850769043,0.12098319828510285,-0.38417795300483706,0.06442226469516754,0.8975687623023987,0.4361421763896942],"EasingStyle":"Linear","EasingDirection":"In"},"Left Arm":{"Weight":1,"CFrame":[-0.15706303715705872,-0.5597638487815857,0.11953914165496826,-0.1313624382019043,0.8221680521965027,0.5538804531097412,-0.9095230102539063,-0.32221323251724245,0.2625769078731537,0.3943498134613037,-0.4692743122577667,0.7901074886322022],"EasingStyle":"Linear","EasingDirection":"In"},"Head":{"Weight":1,"CFrame":[1.0337680578231812e-7,-2.3748725652694703e-8,0,0.8898345232009888,0.4459075331687927,0.0967521145939827,-0.45363539457321169,0.8873645067214966,0.08245745301246643,-0.049085989594459537,-0.11726367473602295,0.9918869733810425],"EasingStyle":"Linear","EasingDirection":"In"},"Torso":{"Weight":1,"CFrame":[0.003664925694465637,-0.4462587237358093,-0.5483517646789551,0.8712106347084045,-0.49072936177253725,-0.013295475393533707,0.4854491651058197,0.865232527256012,-0.12534673511981965,0.073014996945858,0.10274912416934967,0.9920238852500916],"EasingStyle":"Linear","EasingDirection":"In"},"HumanoidRootPart":{"Weight":0,"CFrame":[0,0,0,1,0,0,0,1,0,0,0,1],"EasingStyle":"Linear","EasingDirection":"In"},"Right Leg":{"Weight":1,"CFrame":[0.40569448471069338,-0.1086275577545166,0.17038142681121827,0.5112866759300232,0.83641117811203,-0.19748985767364503,-0.7840455770492554,0.548071026802063,0.291360080242157,0.3519352674484253,0.0058725448325276379,0.9360058903694153],"EasingStyle":"Linear","EasingDirection":"In"}}},{"Time":0.10000000149011612,"poses":{"Left Leg":{"Weight":1,"CFrame":[-0.611276388168335,0.4613601565361023,0.1215214729309082,0.9277663230895996,0.3731609880924225,-0.0006996302981860936,-0.37126272916793826,0.9228546619415283,-0.10248544812202454,-0.037597957998514178,0.09534235298633576,0.9947342872619629],"EasingStyle":"Linear","EasingDirection":"In"},"Right Arm":{"Weight":1,"CFrame":[0.48498770594596865,-0.41484132409095766,0.036028265953063968,0.22757035493850709,-0.417992502450943,0.8794851303100586,0.9737206101417542,0.10597305744886399,-0.20158854126930238,-0.00893917866051197,0.9022483229637146,0.43112415075302126],"EasingStyle":"Linear","EasingDirection":"In"},"Left Arm":{"Weight":1,"CFrame":[-0.1441163867712021,-0.5546606779098511,0.10623836517333985,-0.13233976066112519,0.6871691942214966,0.7143421173095703,-0.9329184293746948,-0.3298402726650238,0.14445990324020387,0.3348870575428009,-0.6473051309585571,0.6847237944602966],"EasingStyle":"Linear","EasingDirection":"In"},"Head":{"Weight":1,"CFrame":[5.029141902923584e-8,-5.820766091346741e-8,1.1920928955078126e-7,0.8918474912643433,0.44264110922813418,0.09314998239278794,-0.4499105215072632,0.8893501162528992,0.08146724849939347,-0.04678219184279442,-0.11456552147865296,0.9923135638237],"EasingStyle":"Linear","EasingDirection":"In"},"Torso":{"Weight":1,"CFrame":[0.017553333193063737,-0.4400555193424225,-0.5514626502990723,0.8683221340179443,-0.4959811568260193,-0.004398072604089975,0.49205300211906435,0.8624938726425171,-0.11827168613672257,0.062453825026750568,0.10053384304046631,0.9929715394973755],"EasingStyle":"Linear","EasingDirection":"In"},"HumanoidRootPart":{"Weight":0,"CFrame":[0,0,0,1,0,0,0,1,0,0,0,1],"EasingStyle":"Linear","EasingDirection":"In"},"Right Leg":{"Weight":1,"CFrame":[0.39239808917045596,-0.11091768741607666,0.16878914833068849,0.5117060542106628,0.8352952599525452,-0.20109358429908753,-0.7860406637191773,0.5496405959129334,0.28290510177612307,0.3468385338783264,0.013303453102707863,0.9378305077552795],"EasingStyle":"Linear","EasingDirection":"In"}}},{"Time":0.11666666716337204,"poses":{"Left Leg":{"Weight":1,"CFrame":[-0.6218620538711548,0.4699481725692749,0.09444963932037354,0.926392674446106,0.37514999508857729,-0.03254224359989166,-0.376546710729599,0.9235912561416626,-0.0720539391040802,0.0030245576053857805,0.07900393009185791,0.9968697428703308],"EasingStyle":"Linear","EasingDirection":"In"},"Right Arm":{"Weight":1,"CFrame":[0.5841803550720215,-0.5070879459381104,-0.04614901542663574,0.01220764871686697,-0.4424804747104645,0.896695077419281,0.998066782951355,0.060044482350349429,0.01604156382381916,-0.06093961000442505,0.8947657346725464,0.44235795736312868],"EasingStyle":"Linear","EasingDirection":"In"},"Left Arm":{"Weight":1,"CFrame":[-0.12932513654232026,-0.544722855091095,0.09290051460266113,-0.15674945712089539,0.5834509134292603,0.7968779802322388,-0.9491984248161316,-0.311908483505249,0.04165876284241676,0.27285879850387576,-0.7498654127120972,0.602702260017395],"EasingStyle":"Linear","EasingDirection":"In"},"Head":{"Weight":1,"CFrame":[1.043081283569336e-7,2.9802322387695315e-8,1.1920928955078126e-7,0.8940752744674683,0.4394148290157318,0.08685596287250519,-0.44594863057136538,0.8914088010787964,0.08074767887592316,-0.04194244369864464,-0.11092781275510788,0.9929430484771729],"EasingStyle":"Linear","EasingDirection":"In"},"Torso":{"Weight":1,"CFrame":[0.03109711781144142,-0.43352335691452029,-0.5404362678527832,0.865397036075592,-0.5010706186294556,0.004026791080832481,0.4983709752559662,0.859843373298645,-0.11088649928569794,0.052099552005529407,0.09796768426895142,0.9938248991966248],"EasingStyle":"Linear","EasingDirection":"In"},"HumanoidRootPart":{"Weight":0,"CFrame":[0,0,0,1,0,0,0,1,0,0,0,1],"EasingStyle":"Linear","EasingDirection":"In"},"Right Leg":{"Weight":1,"CFrame":[0.36935073137283327,-0.1098179817199707,0.16289687156677247,0.5229792594909668,0.827488899230957,-0.20433977246284486,-0.7815045118331909,0.5612199306488037,0.27254894375801089,0.34021079540252688,0.01715497486293316,0.940192699432373],"EasingStyle":"Linear","EasingDirection":"In"}}},{"Time":0.13333334028720857,"poses":{"Left Leg":{"Weight":1,"CFrame":[-0.6258807182312012,0.4603729248046875,0.0629420280456543,0.9220598936080933,0.3812788128852844,-0.06657367944717407,-0.3841555714607239,0.9225178360939026,-0.03722089156508446,0.0472237803041935,0.05989449843764305,0.9970870614051819],"EasingStyle":"Linear","EasingDirection":"In"},"Right Arm":{"Weight":1,"CFrame":[0.6902432441711426,-0.5890172123908997,-0.1368080973625183,-0.23159269988536836,-0.47911524772644045,0.8466483950614929,0.9674445390701294,-0.02212623506784439,0.25211411714553835,-0.1020585224032402,0.8774730563163757,0.46864160895347597],"EasingStyle":"Linear","EasingDirection":"In"},"Left Arm":{"Weight":1,"CFrame":[-0.11568773537874222,-0.5085415840148926,0.08021783828735352,-0.216663658618927,0.5545243620872498,0.8034672141075134,-0.9598336815834045,-0.27127930521965029,-0.07160227000713349,0.1782587468624115,-0.7867084741592407,0.591027557849884],"EasingStyle":"Linear","EasingDirection":"In"},"Head":{"Weight":1,"CFrame":[9.685754776000977e-8,1.6763806343078614e-8,2.384185791015625e-7,0.8964641094207764,0.4365594685077667,0.07594657689332962,-0.4419105052947998,0.8934313654899597,0.08059483766555786,-0.032668620347976688,-0.10581197589635849,0.9938493967056274],"EasingStyle":"Linear","EasingDirection":"In"},"Torso":{"Weight":1,"CFrame":[0.044156916439533237,-0.42603737115859988,-0.513512134552002,0.8630226850509644,-0.5050259232521057,0.011863147839903832,0.5034542679786682,0.85793137550354,-0.10240879654884339,0.04154132306575775,0.09435366094112396,0.994671642780304],"EasingStyle":"Linear","EasingDirection":"In"},"HumanoidRootPart":{"Weight":0,"CFrame":[0,0,0,1,0,0,0,1,0,0,0,1],"EasingStyle":"Linear","EasingDirection":"In"},"Right Leg":{"Weight":1,"CFrame":[0.33440104126930239,-0.10421407222747803,0.15114057064056397,0.5470417141914368,0.8113963007926941,-0.20586742460727693,-0.7688648104667664,0.5842722058296204,0.259755402803421,0.3310472369194031,0.016187191009521486,0.9434753656387329],"EasingStyle":"Linear","EasingDirection":"In"}}},{"Time":0.15000000596046449,"poses":{"Left Leg":{"Weight":1,"CFrame":[-0.6577850580215454,0.4664657711982727,0.02838587760925293,0.9345395565032959,0.34175440669059756,-0.09919557720422745,-0.3434981107711792,0.9391531944274902,-0.0005326457321643829,0.09297773987054825,0.03457126393914223,0.995067834854126],"EasingStyle":"Linear","EasingDirection":"In"},"Right Arm":{"Weight":1,"CFrame":[0.7984926104545593,-0.6854293346405029,-0.23112809658050538,-0.47378110885620119,-0.5062382817268372,0.7205930352210999,0.8691476583480835,-0.13702210783958436,0.4751918315887451,-0.14182299375534059,0.8514386415481567,0.5049142241477966],"EasingStyle":"Linear","EasingDirection":"In"},"Left Arm":{"Weight":1,"CFrame":[-0.10422298312187195,-0.43982845544815066,0.06896603107452393,-0.3039413094520569,0.6011890769004822,0.7390475869178772,-0.9525209665298462,-0.20641176402568818,-0.22382588684558869,0.017986401915550233,-0.7719882726669312,0.6353822946548462],"EasingStyle":"Linear","EasingDirection":"In"},"Head":{"Weight":1,"CFrame":[5.21540641784668e-8,2.9802322387695315e-8,0,0.8988381624221802,0.43436136841773989,0.05848194658756256,-0.43794894218444826,0.8953169584274292,0.08129142224788666,-0.01705002784729004,-0.09867992997169495,0.9949731230735779],"EasingStyle":"Linear","EasingDirection":"In"},"Torso":{"Weight":1,"CFrame":[0.05681256949901581,-0.4166204333305359,-0.47778940200805666,0.8621657490730286,-0.5062596797943115,0.019269047304987909,0.5057460069656372,0.8578038811683655,-0.09161581844091416,0.029852332547307016,0.0887332633137703,0.9956079721450806],"EasingStyle":"Linear","EasingDirection":"In"},"HumanoidRootPart":{"Weight":0,"CFrame":[0,0,0,1,0,0,0,1,0,0,0,1],"EasingStyle":"Linear","EasingDirection":"In"},"Right Leg":{"Weight":1,"CFrame":[0.29216039180755618,-0.095450758934021,0.13487863540649415,0.5785207748413086,0.7897883653640747,-0.20383356511592866,-0.7508150339126587,0.613278329372406,0.24528825283050538,0.3187326192855835,0.011136923916637898,0.9477792978286743],"EasingStyle":"Linear","EasingDirection":"In"}}},{"Time":0.1666666716337204,"poses":{"Left Leg":{"Weight":1,"CFrame":[-0.7278329730033875,0.4868348240852356,-0.010295987129211426,0.963443398475647,0.2352692037820816,-0.1281609833240509,-0.2332606166601181,0.971930205821991,0.03067866899073124,0.13178116083145142,0.0003377143875695765,0.9912787675857544],"EasingStyle":"Linear","EasingDirection":"In"},"Right Arm":{"Weight":1,"CFrame":[0.9044095873832703,-0.7842041254043579,-0.32536548376083376,-0.678555965423584,-0.5066593289375305,0.5318441390991211,0.7106109857559204,-0.2694515883922577,0.6499444842338562,-0.18599410355091096,0.8189579844474793,0.5428756475448608],"EasingStyle":"Linear","EasingDirection":"In"},"Left Arm":{"Weight":1,"CFrame":[-0.0954238548874855,-0.35965007543563845,0.05994236469268799,-0.3731285631656647,0.7054286003112793,0.6026155948638916,-0.9058843851089478,-0.13673283159732819,-0.40084609389305117,-0.20037096738815309,-0.6954672336578369,0.6900557279586792],"EasingStyle":"Linear","EasingDirection":"In"},"Head":{"Weight":1,"CFrame":[8.940696716308594e-8,1.4901161193847657e-8,-1.7881393432617188e-7,0.9009127616882324,0.4326953887939453,0.03362780436873436,-0.4339633285999298,0.8971179723739624,0.08279616385698319,0.0056574055925011639,-0.08918533474206925,0.9959989786148071],"EasingStyle":"Linear","EasingDirection":"In"},"Torso":{"Weight":1,"CFrame":[0.06917157024145127,-0.4045715928077698,-0.4393424987792969,0.8629946708679199,-0.504520833492279,0.026437094435095788,0.5049455165863037,0.8596531748771668,-0.07762997597455979,0.01643921062350273,0.08034354448318482,0.9966316819190979],"EasingStyle":"Linear","EasingDirection":"In"},"HumanoidRootPart":{"Weight":0,"CFrame":[0,0,0,1,0,0,0,1,0,0,0,1],"EasingStyle":"Linear","EasingDirection":"In"},"Right Leg":{"Weight":1,"CFrame":[0.24616360664367677,-0.08491885662078858,0.1161644458770752,0.6124064326286316,0.7653493285179138,-0.19798709452152253,-0.7302218079566956,0.6436014771461487,0.22924460470676423,0.3028770387172699,0.004183520097285509,0.953020453453064],"EasingStyle":"Linear","EasingDirection":"In"}}},{"Time":0.18333333730697633,"poses":{"Left Leg":{"Weight":1,"CFrame":[-0.7932532429695129,0.4799191355705261,-0.042773425579071048,0.9825394153594971,0.10676658898591995,-0.1523720920085907,-0.10015318542718888,0.9936916828155518,0.05045967921614647,0.15679821372032166,-0.03431807458400726,0.9870342016220093],"EasingStyle":"Linear","EasingDirection":"In"},"Right Arm":{"Weight":1,"CFrame":[1.0035157203674317,-0.8270197510719299,-0.4160454273223877,-0.8212308883666992,-0.47605910897254946,0.31455951929092409,0.5201437473297119,-0.397940456867218,0.7557075023651123,-0.23458540439605714,0.7842264771461487,0.5744200944900513],"EasingStyle":"Linear","EasingDirection":"In"},"Left Arm":{"Weight":1,"CFrame":[-0.0897829681634903,-0.2890697121620178,0.053943753242492679,-0.3731955587863922,0.8323226571083069,0.4098341166973114,-0.8141739964485169,-0.08202898502349854,-0.5747972726821899,-0.4447985291481018,-0.5481881499290466,0.708268404006958],"EasingStyle":"Linear","EasingDirection":"In"},"Head":{"Weight":1,"CFrame":[9.033828973770142e-8,-1.1175870895385743e-8,-5.960464477539063e-8,0.9026506543159485,0.43034377694129946,0.005095671862363815,-0.42921966314315798,0.8992999792098999,0.08384562283754349,0.03149990364909172,-0.07787046581506729,0.9964657425880432],"EasingStyle":"Linear","EasingDirection":"In"},"Torso":{"Weight":1,"CFrame":[0.08113978803157807,-0.39036381244659426,-0.3999595642089844,0.8650451302528381,-0.5005871653556824,0.033307865262031558,0.5016908049583435,0.8628906607627869,-0.061041153967380527,0.0018153743585571647,0.06951360404491425,0.9975793361663818],"EasingStyle":"Linear","EasingDirection":"In"},"HumanoidRootPart":{"Weight":0,"CFrame":[0,0,0,1,0,0,0,1,0,0,0,1],"EasingStyle":"Linear","EasingDirection":"In"},"Right Leg":{"Weight":1,"CFrame":[0.1956791877746582,-0.07153213024139404,0.09612131118774414,0.6477810144424439,0.7378866672515869,-0.1894810050725937,-0.706917405128479,0.6749175190925598,0.21155141294002534,0.28398507833480837,-0.0030915471725165846,0.9588237404823303],"EasingStyle":"Linear","EasingDirection":"In"}}},{"Time":0.20000000298023225,"poses":{"Left Leg":{"Weight":1,"CFrame":[-0.8161518573760986,0.4408121705055237,-0.0584874153137207,0.9856107234954834,-0.001977799693122506,-0.16901949048042298,0.012243815697729588,0.9981401562690735,0.05971834436058998,0.16858692467212678,-0.060928426682949069,0.9838019013404846],"EasingStyle":"Linear","EasingDirection":"In"},"Right Arm":{"Weight":1,"CFrame":[1.0925198793411255,-0.8127365112304688,-0.5000956058502197,-0.9000167846679688,-0.4223829507827759,0.10752926021814347,0.33195504546165469,-0.504406750202179,0.7971071004867554,-0.28244590759277346,0.753104567527771,0.5941866040229797],"EasingStyle":"Linear","EasingDirection":"In"},"Left Arm":{"Weight":1,"CFrame":[-0.08779315650463104,-0.249162495136261,0.05176687240600586,-0.27384573221206667,0.9387509822845459,0.20917712152004243,-0.6983163356781006,-0.04452100768685341,-0.7144033312797546,-0.6613340973854065,-0.3417082130908966,0.6677371263504028],"EasingStyle":"Linear","EasingDirection":"In"},"Head":{"Weight":1,"CFrame":[1.0803341865539551e-7,2.9802322387695315e-8,-3.5762786865234377e-7,0.9044526815414429,0.4259950518608093,-0.02221517078578472,-0.4229675531387329,0.9023468494415283,0.0828772634267807,0.05535109341144562,-0.06556227058172226,0.996312141418457],"EasingStyle":"Linear","EasingDirection":"In"},"Torso":{"Weight":1,"CFrame":[0.09253238141536713,-0.3747873306274414,-0.3603208065032959,0.8683215975761414,-0.49440956115722659,0.03970856964588165,0.49582424759864809,0.8673657774925232,-0.042835794389247897,-0.013263423927128315,0.056883715093135837,0.9982926845550537],"EasingStyle":"Linear","EasingDirection":"In"},"HumanoidRootPart":{"Weight":0,"CFrame":[0,0,0,1,0,0,0,1,0,0,0,1],"EasingStyle":"Linear","EasingDirection":"In"},"Right Leg":{"Weight":1,"CFrame":[0.1389123499393463,-0.05279231071472168,0.07509541511535645,0.6855080127716065,0.7058300971984863,-0.1785571128129959,-0.6791294813156128,0.7082993388175964,0.19260095059871674,0.2624155282974243,-0.01076614297926426,0.9648949503898621],"EasingStyle":"Linear","EasingDirection":"In"}}},{"Time":0.21666666865348817,"poses":{"Left Leg":{"Weight":1,"CFrame":[-0.7791993021965027,0.39226657152175906,-0.05443120002746582,0.9826131463050842,-0.06101195514202118,-0.17535392940044404,0.07318921387195587,0.995273232460022,0.06383168697357178,0.17063048481941224,-0.07555586099624634,0.9824339747428894],"EasingStyle":"Linear","EasingDirection":"In"},"Right Arm":{"Weight":1,"CFrame":[1.1728758811950684,-0.7793518900871277,-0.5760533809661865,-0.9323682188987732,-0.35603252053260805,-0.06269310414791107,0.1685357242822647,-0.5815046429634094,0.7958945631980896,-0.31982067227363589,0.7315006256103516,0.602180540561676],"EasingStyle":"Linear","EasingDirection":"In"},"Left Arm":{"Weight":1,"CFrame":[-0.08888114243745804,-0.24277201294898988,0.05180096626281738,0.044384103268384936,0.9960865378379822,0.07643042504787445,-0.6398339867591858,0.08709869533777237,-0.7635616064071655,-0.7672304511070252,-0.015012909658253193,0.6411957740783691],"EasingStyle":"Linear","EasingDirection":"In"},"Head":{"Weight":1,"CFrame":[8.940696716308594e-8,1.4901161193847657e-8,-2.384185791015625e-7,0.9071841835975647,0.4184893071651459,-0.043400030583143237,-0.41450291872024538,0.9066685438156128,0.07835550606250763,0.07214038819074631,-0.05309343710541725,0.9959803223609924],"EasingStyle":"Linear","EasingDirection":"In"},"Torso":{"Weight":1,"CFrame":[0.10316556692123413,-0.3586346507072449,-0.32105445861816409,0.8728250861167908,-0.4859105944633484,0.04546770825982094,0.48722773790359499,0.8729450106620789,-0.024003278464078904,-0.028027361258864404,0.043103791773319247,0.9986773729324341],"EasingStyle":"Linear","EasingDirection":"In"},"HumanoidRootPart":{"Weight":0,"CFrame":[0,0,0,1,0,0,0,1,0,0,0,1],"EasingStyle":"Linear","EasingDirection":"In"},"Right Leg":{"Weight":1,"CFrame":[0.07132136821746826,-0.024594664573669435,0.05291032791137695,0.7274572849273682,0.6659127473831177,-0.16542714834213258,-0.6433854103088379,0.7457802891731262,0.17282050848007203,0.23845575749874116,-0.01928616873919964,0.97096186876297],"EasingStyle":"Linear","EasingDirection":"In"}}},{"Time":0.23333333432674409,"poses":{"Left Leg":{"Weight":1,"CFrame":[-0.7027446031570435,0.3543326258659363,-0.03703582286834717,0.9836061000823975,-0.06212962418794632,-0.16928958892822267,0.07471586018800736,0.9948137402534485,0.06901537626981735,0.16412363946437837,-0.08053257316350937,0.9831469655036926],"EasingStyle":"Linear","EasingDirection":"In"},"Right Arm":{"Weight":1,"CFrame":[1.2472119331359864,-0.7344134449958801,-0.6428581476211548,-0.940467119216919,-0.28545865416526797,-0.18448574841022492,0.038714487105607989,-0.6292264461517334,0.7762572169303894,-0.337672621011734,0.7229021191596985,0.6028181910514832],"EasingStyle":"Linear","EasingDirection":"In"},"Left Arm":{"Weight":1,"CFrame":[-0.09649699926376343,-0.25652074813842776,0.05203902721405029,0.44847267866134646,0.8930196166038513,-0.037259139120578769,-0.6230714917182922,0.28247374296188357,-0.7293768525123596,-0.6408230662345886,0.35032057762145998,0.683096706867218],"EasingStyle":"Linear","EasingDirection":"In"},"Head":{"Weight":1,"CFrame":[7.450580596923828e-8,0,1.1920928955078126e-7,0.9119420647621155,0.4068087637424469,-0.053555771708488467,-0.40305233001708987,0.9125840663909912,0.06884130090475083,0.07687940448522568,-0.04119349643588066,0.9961890578269959],"EasingStyle":"Linear","EasingDirection":"In"},"Torso":{"Weight":1,"CFrame":[0.11284731328487396,-0.34269776940345766,-0.2827305793762207,0.8785489797592163,-0.4749855101108551,0.05040346458554268,0.4758283197879791,0.8795207738876343,-0.005532178562134504,-0.04170319810509682,0.028843684121966363,0.9987136125564575],"EasingStyle":"Linear","EasingDirection":"In"},"HumanoidRootPart":{"Weight":0,"CFrame":[0,0,0,1,0,0,0,1,0,0,0,1],"EasingStyle":"Linear","EasingDirection":"In"},"Right Leg":{"Weight":1,"CFrame":[-0.02862173691391945,0.028016746044158937,0.025647640228271486,0.7820887565612793,0.604778528213501,-0.15026646852493287,-0.5860289335250855,0.7957766056060791,0.1526753157377243,0.2119133025407791,-0.03134511783719063,0.9767856597900391],"EasingStyle":"Linear","EasingDirection":"In"}}},{"Time":0.25,"poses":{"Left Leg":{"Weight":1,"CFrame":[-0.6212501525878906,0.32332319021224978,-0.01707535982131958,0.9872100353240967,-0.03710618615150452,-0.155046746134758,0.04938367381691933,0.9958766102790833,0.07609906047582627,0.1515836864709854,-0.08278251439332962,0.984971821308136],"EasingStyle":"Linear","EasingDirection":"In"},"Right Arm":{"Weight":1,"CFrame":[1.318151831626892,-0.6854686141014099,-0.6994490027427673,-0.9429218173027039,-0.21469208598136903,-0.2545696794986725,-0.056899867951869968,-0.6493328809738159,0.7583727836608887,-0.3281170725822449,0.7295711636543274,0.6000542044639587],"EasingStyle":"Linear","EasingDirection":"In"},"Left Arm":{"Weight":1,"CFrame":[-0.11716873943805695,-0.2871558666229248,0.05268537998199463,0.6508400440216065,0.7205830216407776,-0.23909726738929749,-0.6614921689033508,0.38365280628204348,-0.6443901658058167,-0.372606098651886,0.577555775642395,0.726356565952301],"EasingStyle":"Linear","EasingDirection":"In"},"Head":{"Weight":1,"CFrame":[7.450580596923828e-8,-5.587935447692871e-8,1.1920928955078126e-7,0.918995201587677,0.39055168628692629,-0.05401083454489708,-0.3878147304058075,0.9201148748397827,0.05466508865356445,0.07104571163654328,-0.029290754348039628,0.9970428943634033],"EasingStyle":"Linear","EasingDirection":"In"},"Torso":{"Weight":1,"CFrame":[0.12143316864967346,-0.32763487100601199,-0.24605488777160645,0.8854345083236694,-0.4615691304206848,0.054402463138103488,0.4616536498069763,0.8869823217391968,0.01175615657120943,-0.05368030443787575,0.014705791138112545,0.9984498620033264],"EasingStyle":"Linear","EasingDirection":"In"},"HumanoidRootPart":{"Weight":0,"CFrame":[0,0,0,1,0,0,0,1,0,0,0,1],"EasingStyle":"Linear","EasingDirection":"In"},"Right Leg":{"Weight":1,"CFrame":[-0.1047801524400711,0.07500225305557251,0.008850336074829102,0.8221920132637024,0.5521115660667419,-0.13846668601036073,-0.5364609360694885,0.8329337239265442,0.1357615441083908,0.19028913974761964,-0.03734010085463524,0.9810177087783814],"EasingStyle":"Linear","EasingDirection":"In"}}},{"Time":0.2666666805744171,"poses":{"Left Leg":{"Weight":1,"CFrame":[-0.5384129285812378,0.2938956022262573,0.0016579627990722657,0.9903227686882019,-0.012944428250193596,-0.13817860186100007,0.024567212909460069,0.9962680339813232,0.08274344354867935,0.1365918070077896,-0.08533740788698197,0.986944854259491],"EasingStyle":"Linear","EasingDirection":"In"},"Right Arm":{"Weight":1,"CFrame":[1.37649405002594,-0.6392808556556702,-0.7468002438545227,-0.9456871151924133,-0.1487288624048233,-0.28905990719795229,-0.12612538039684297,-0.651677668094635,0.7479361891746521,-0.2996135652065277,0.7437714338302612,0.5975247025489807],"EasingStyle":"Linear","EasingDirection":"In"},"Left Arm":{"Weight":1,"CFrame":[-0.15970675647258759,-0.3431142270565033,0.05456876754760742,0.6275861263275147,0.5707942843437195,-0.5294616222381592,-0.7768353819847107,0.41403359174728396,-0.47445011138916018,-0.05159850791096687,0.7090628147125244,0.7032549381256104],"EasingStyle":"Linear","EasingDirection":"In"},"Head":{"Weight":1,"CFrame":[1.341104507446289e-7,1.30385160446167e-8,-1.1920928955078126e-7,0.9272855520248413,0.3711366653442383,-0.048981137573719028,-0.36958441138267519,0.9284204244613648,0.03798507899045944,0.059572745114564899,-0.017120342701673509,0.9980771541595459],"EasingStyle":"Linear","EasingDirection":"In"},"Torso":{"Weight":1,"CFrame":[0.1290183961391449,-0.3135838508605957,-0.21248435974121095,0.8932516574859619,-0.4458404779434204,0.05768642574548721,0.4449806809425354,0.8951119780540466,0.027690712362527849,-0.06398145109415055,0.0009345742291770875,0.9979506731033325],"EasingStyle":"Linear","EasingDirection":"In"},"HumanoidRootPart":{"Weight":0,"CFrame":[0,0,0,1,0,0,0,1,0,0,0,1],"EasingStyle":"Linear","EasingDirection":"In"},"Right Leg":{"Weight":1,"CFrame":[-0.10512762516736984,0.07634502649307251,0.011548399925231934,0.8284025192260742,0.5436937808990479,-0.1347087174654007,-0.5302819609642029,0.8386991620063782,0.124034583568573,0.1804169863462448,-0.03131699189543724,0.9830915331840515],"EasingStyle":"Linear","EasingDirection":"In"}}},{"Time":0.28333333134651186,"poses":{"Left Leg":{"Weight":1,"CFrame":[-0.4609447717666626,0.26812124252319338,0.017290830612182618,0.9928691983222961,0.006878602784126997,-0.11901003867387772,0.003804730251431465,0.9959967136383057,0.08930908888578415,0.11914791166782379,-0.08912505209445954,0.9888682961463928],"EasingStyle":"Linear","EasingDirection":"In"},"Right Arm":{"Weight":1,"CFrame":[1.4155529737472535,-0.5994866490364075,-0.7833525538444519,-0.9468013048171997,-0.09336237609386444,-0.30797842144966128,-0.17729634046554566,-0.647343099117279,0.7412914633750916,-0.26857638359069826,0.75645911693573,0.5963523983955383],"EasingStyle":"Linear","EasingDirection":"In"},"Left Arm":{"Weight":1,"CFrame":[-0.22550582885742188,-0.4303721785545349,0.05710399150848389,0.42456763982772829,0.4281417727470398,-0.797770082950592,-0.8566786646842957,0.47510379552841189,-0.20094291865825654,0.2929915487766266,0.7687463760375977,0.5684934258460999],"EasingStyle":"Linear","EasingDirection":"In"},"Head":{"Weight":1,"CFrame":[6.705522537231445e-8,-3.725290298461914e-8,2.384185791015625e-7,0.9358409643173218,0.35037535429000857,-0.037931766360998157,-0.3498353660106659,0.9365921020507813,0.020260432735085489,0.04262535274028778,-0.005690677557140589,0.9990749359130859],"EasingStyle":"Linear","EasingDirection":"In"},"Torso":{"Weight":1,"CFrame":[0.1357455849647522,-0.30055177211761477,-0.18367648124694825,0.9017239212989807,-0.4280516505241394,0.06054519861936569,0.42613792419433596,0.9036704301834106,0.04226388782262802,-0.0728040337562561,-0.01230975054204464,0.9972702860832214],"EasingStyle":"Linear","EasingDirection":"In"},"HumanoidRootPart":{"Weight":0,"CFrame":[0,0,0,1,0,0,0,1,0,0,0,1],"EasingStyle":"Linear","EasingDirection":"In"},"Right Leg":{"Weight":1,"CFrame":[-0.11007004231214524,0.08122849464416504,0.013622283935546875,0.834219217300415,0.5338302254676819,-0.13821549713611604,-0.5217444896697998,0.8452435731887817,0.11552505940198899,0.1784966140985489,-0.024260086938738824,0.9836414456367493],"EasingStyle":"Linear","EasingDirection":"In"}}},{"Time":0.30000001192092898,"poses":{"Left Leg":{"Weight":1,"CFrame":[-0.40994516015052798,0.24844950437545777,0.02719700336456299,0.9951427578926086,0.010490044951438904,-0.09788201749324799,-0.001038454589433968,0.995369553565979,0.09611661732196808,0.09843704104423523,-0.0955481082201004,0.9905456900596619],"EasingStyle":"Linear","EasingDirection":"In"},"Right Arm":{"Weight":1,"CFrame":[1.4400514364242554,-0.5687570571899414,-0.805758535861969,-0.9478827714920044,-0.04927625134587288,-0.31478574872016909,-0.21243955194950105,-0.6385717391967773,0.7396590709686279,-0.23746083676815034,0.767983078956604,0.5948229432106018],"EasingStyle":"Linear","EasingDirection":"In"},"Left Arm":{"Weight":1,"CFrame":[-0.3099696636199951,-0.5419864058494568,0.058374762535095218,0.07884439080953598,0.3492402136325836,-0.9337102770805359,-0.8211356997489929,0.553843080997467,0.13781826198101045,0.5652607679367065,0.7558366656303406,0.33044105768203738],"EasingStyle":"Linear","EasingDirection":"In"},"Head":{"Weight":1,"CFrame":[1.1920928955078126e-7,-1.4901161193847657e-8,-1.1920928955078126e-7,0.9437305927276611,0.3300835192203522,-0.020432574674487115,-0.33009421825408938,0.9439433813095093,0.0029424040112644436,0.020258435979485513,0.003967846743762493,0.999786913394928],"EasingStyle":"Linear","EasingDirection":"In"},"Torso":{"Weight":1,"CFrame":[0.1417415738105774,-0.28854745626449587,-0.16129326820373536,0.9105780124664307,-0.40846946835517886,0.0632488876581192,0.4054490625858307,0.9124333262443543,0.05546610429883003,-0.0803666040301323,-0.024862011894583703,0.9964552521705627],"EasingStyle":"Linear","EasingDirection":"In"},"HumanoidRootPart":{"Weight":0,"CFrame":[0,0,0,1,0,0,0,1,0,0,0,1],"EasingStyle":"Linear","EasingDirection":"In"},"Right Leg":{"Weight":1,"CFrame":[-0.11924637854099274,0.08832681179046631,0.015127301216125489,0.8395501375198364,0.5226361155509949,-0.1483476758003235,-0.511520504951477,0.8524237871170044,0.10826142877340317,0.18303650617599488,-0.015008027665317059,0.9829915761947632],"EasingStyle":"Linear","EasingDirection":"In"}}},{"Time":0.3166666626930237,"poses":{"Left Leg":{"Weight":1,"CFrame":[-0.4147671163082123,0.23601430654525758,0.030353665351867677,0.9969952702522278,-0.018803132697939874,-0.0751456767320633,0.02654961682856083,0.9942796230316162,0.10345618426799774,0.07277049869298935,-0.10514042526483536,0.991791307926178],"EasingStyle":"Linear","EasingDirection":"In"},"Right Arm":{"Weight":1,"CFrame":[1.4533110857009888,-0.5491617321968079,-0.8142707347869873,-0.9498666524887085,-0.0165763758122921,-0.31221556663513186,-0.23340651392936707,-0.6268213391304016,0.7433817386627197,-0.20802593231201173,0.7789866328239441,0.5915277004241943],"EasingStyle":"Linear","EasingDirection":"In"},"Left Arm":{"Weight":1,"CFrame":[-0.40617358684539797,-0.668448805809021,0.05799245834350586,-0.2866203188896179,0.36634117364883425,-0.8852360844612122,-0.6463