{"Sequence":[{"Time":0,"poses":{"Left Leg":{"Weight":1,"CFrame":[0.042432256042957309,0.004145145416259766,0.004489779472351074,0.9708654284477234,-0.013405476696789265,0.23924994468688966,0.013478681445121766,0.9999082684516907,0.0013301742728799582,-0.23924587666988374,0.0019333736272528768,0.9709571003913879],"EasingStyle":"Linear","EasingDirection":"In"},"Right Arm":{"Weight":1,"CFrame":[0,2.980232238769531e-7,0,0.9783400893211365,-0.1266164928674698,0.16376475989818574,0.09624303132295609,0.9786362051963806,0.18168216943740846,-0.18327012658119203,-0.16198576986789704,0.9696249961853027],"EasingStyle":"Linear","EasingDirection":"In"},"Left Arm":{"Weight":1,"CFrame":[1.4901161193847657e-8,1.1920928955078126e-7,1.1920928955078126e-7,0.987682580947876,-0.01891043223440647,0.1553240418434143,-0.003318406641483307,0.9899152517318726,0.141621932387352,-0.1564358025789261,-0.14039307832717896,0.977659285068512],"EasingStyle":"Linear","EasingDirection":"In"},"Right Leg":{"Weight":1,"CFrame":[0.20539458096027375,0.04583871364593506,0.021649599075317384,0.9950827956199646,0.00826946273446083,0.098701111972332,-0.014115269295871258,0.9981772899627686,0.05867622792720795,-0.09803591668605805,-0.059780947864055637,0.9933857321739197],"EasingStyle":"Linear","EasingDirection":"In"},"Torso":{"Weight":1,"CFrame":[-0.014014802873134613,-0.031034141778945924,-0.00962209701538086,0.9858615398406982,0.16664358973503114,-0.01751859113574028,-0.16721385717391969,0.9851571917533875,-0.03879265859723091,0.010794018395245076,0.0411735400557518,0.9990937113761902],"EasingStyle":"Linear","EasingDirection":"In"},"HumanoidRootPart":{"Weight":0,"CFrame":[0,0,0,1,0,0,0,1,0,0,0,1],"EasingStyle":"Linear","EasingDirection":"In"},"Head":{"Weight":1,"CFrame":[8.009374141693115e-8,1.862645149230957e-8,3.5762786865234377e-7,0.9831317663192749,-0.18271926045417787,0.008101783692836762,0.18268774449825288,0.9831607937812805,0.004479909315705299,-0.008783921599388123,-0.0029242432210594417,0.9999571442604065],"EasingStyle":"Linear","EasingDirection":"In"}}},{"Time":0.01666666753590107,"poses":{"Left Leg":{"Weight":1,"CFrame":[-0.1198936253786087,0.020427048206329347,0.04303848743438721,0.9632666110992432,-0.10603051632642746,0.24672837555408479,0.10822662711143494,0.9941152334213257,0.004683003295212984,-0.245773047208786,0.02219162881374359,0.9690733551979065],"EasingStyle":"Linear","EasingDirection":"In"},"Right Arm":{"Weight":1,"CFrame":[-0.004292741417884827,-0.057741641998291019,0.000888824462890625,0.9700559973716736,-0.14450998604297639,0.1952131986618042,0.10880760848522186,0.9771376252174377,0.18265514075756074,-0.21714571118354798,-0.15594516694545747,0.9636020660400391],"EasingStyle":"Linear","EasingDirection":"In"},"Left Arm":{"Weight":1,"CFrame":[0.03449450433254242,-0.015262395143508911,0.0022314786911010744,0.987614631652832,-0.014224381186068058,0.1562528908252716,-0.007645974867045879,0.9903354048728943,0.13848207890987397,-0.15671265125274659,-0.13796177506446839,0.977961003780365],"EasingStyle":"Linear","EasingDirection":"In"},"Right Leg":{"Weight":1,"CFrame":[0.29982492327690127,0.063479483127594,0.020865321159362794,0.9941709637641907,0.07716204971075058,0.07530016452074051,-0.08159977942705155,0.9949906468391419,0.057749856263399127,-0.07046681642532349,-0.06355774402618408,0.9954872131347656],"EasingStyle":"Linear","EasingDirection":"In"},"Torso":{"Weight":1,"CFrame":[-0.013823725283145905,-0.03095245361328125,-0.0339815616607666,0.9857991933822632,0.1670437455177307,-0.01721285469830036,-0.16760008037090302,0.9850955605506897,-0.03869055211544037,0.010493292473256588,0.04102598875761032,0.9991029500961304],"EasingStyle":"Linear","EasingDirection":"In"},"HumanoidRootPart":{"Weight":0,"CFrame":[0,0,0,1,0,0,0,1,0,0,0,1],"EasingStyle":"Linear","EasingDirection":"In"},"Head":{"Weight":1,"CFrame":[8.475035429000855e-8,3.725290298461914e-9,1.1920928955078126e-7,0.9830114841461182,-0.18346276879310609,0.0054656583815813068,0.1831902712583542,0.9825294017791748,0.03282200172543526,-0.011391785927116871,-0.03126314654946327,0.9994462728500366],"EasingStyle":"Linear","EasingDirection":"In"}}},{"Time":0.03333333507180214,"poses":{"Left Leg":{"Weight":1,"CFrame":[-0.20975805819034577,0.03539705276489258,0.0667412281036377,0.9562155604362488,-0.1458149254322052,0.2537514865398407,0.14833205938339234,0.9888939261436462,0.009292714297771454,-0.2522883713245392,0.028753705322742463,0.9672248363494873],"EasingStyle":"Linear","EasingDirection":"In"},"Right Arm":{"Weight":1,"CFrame":[-0.016160957515239717,-0.11993864178657532,0.0033457279205322267,0.9561067819595337,-0.1901634931564331,0.22292965650558473,0.15031912922859193,0.9713802933692932,0.18391424417495728,-0.25152328610420229,-0.14233121275901795,0.9573285579681397],"EasingStyle":"Linear","EasingDirection":"In"},"Left Arm":{"Weight":1,"CFrame":[0.06563324481248856,-0.029069483280181886,0.0042504072189331059,0.9873993992805481,-0.009683849290013314,0.15795132517814637,-0.01198496762663126,0.9906830191612244,0.1356596201658249,-0.15779343247413636,-0.13584333658218385,0.9780837893486023],"EasingStyle":"Linear","EasingDirection":"In"},"Right Leg":{"Weight":1,"CFrame":[0.3462361991405487,0.07396793365478516,0.02980637550354004,0.9904341101646423,0.12876136600971223,0.049605969339609149,-0.1316603124141693,0.9894511699676514,0.06043122708797455,-0.0413014218211174,-0.06638428568840027,0.996938943862915],"EasingStyle":"Linear","EasingDirection":"In"},"Torso":{"Weight":1,"CFrame":[-0.013286873698234558,-0.030713416635990144,-0.054276466369628909,0.9856278300285339,0.16813887655735017,-0.016344433650374414,-0.16865596175193788,0.9849269986152649,-0.038391754031181338,0.009642927907407284,0.04059656709432602,0.9991291165351868],"EasingStyle":"Linear","EasingDirection":"In"},"HumanoidRootPart":{"Weight":0,"CFrame":[0,0,0,1,0,0,0,1,0,0,0,1],"EasingStyle":"Linear","EasingDirection":"In"},"Head":{"Weight":1,"CFrame":[9.12696123123169e-8,-1.862645149230957e-9,0,0.9827172756195068,-0.1850867122411728,0.0031019845046103,0.18461883068084718,0.9811811447143555,0.0565640963613987,-0.01351286843419075,-0.05501382052898407,0.9983941316604614],"EasingStyle":"Linear","EasingDirection":"In"}}},{"Time":0.05000000074505806,"poses":{"Left Leg":{"Weight":1,"CFrame":[-0.2769175171852112,0.051959455013275149,0.0867927074432373,0.951478123664856,-0.1640826165676117,0.2603195905685425,0.16598474979400636,0.9860169887542725,0.014817759394645691,-0.2591108977794647,0.029110334813594819,0.9654088020324707],"EasingStyle":"Linear","EasingDirection":"In"},"Right Arm":{"Weight":1,"CFrame":[-0.03408948332071304,-0.18478500843048097,0.0070574283599853519,0.9336581230163574,-0.25924941897392275,0.24712792038917542,0.21664555370807649,0.9582254886627197,0.1867314875125885,-0.285214364528656,-0.12080429494380951,0.95082026720047],"EasingStyle":"Linear","EasingDirection":"In"},"Left Arm":{"Weight":1,"CFrame":[0.09359534829854965,-0.041496872901916507,0.006067633628845215,0.9870424270629883,-0.005280943121761084,0.16037267446517945,-0.01632845774292946,0.9909642934799194,0.1331283450126648,-0.15962664783000947,-0.134022057056427,0.9780375361442566],"EasingStyle":"Linear","EasingDirection":"In"},"Right Leg":{"Weight":1,"CFrame":[0.3698618412017822,0.07864254713058472,0.04391658306121826,0.984210193157196,0.17555676400661469,0.02258593589067459,-0.17669667303562165,0.9819839000701904,0.06697685271501541,-0.010420730337500573,-0.0699102059006691,0.9974988698959351],"EasingStyle":"Linear","EasingDirection":"In"},"Torso":{"Weight":1,"CFrame":[-0.012460581958293915,-0.030330054461956025,-0.07087826728820801,0.9853662848472595,0.16978992521762849,-0.014988750219345093,-0.17024695873260499,0.9846718311309815,-0.037912555038928989,0.008321832865476609,0.039909541606903079,0.9991686344146729],"EasingStyle":"Linear","EasingDirection":"In"},"HumanoidRootPart":{"Weight":0,"CFrame":[0,0,0,1,0,0,0,1,0,0,0,1],"EasingStyle":"Linear","EasingDirection":"In"},"Head":{"Weight":1,"CFrame":[9.033828973770142e-8,8.381903171539307e-9,-1.1920928955078126e-7,0.9822797775268555,-0.18741846084594727,0.000846853363327682,0.18681055307388307,0.9794378876686096,0.07617933303117752,-0.01510685496032238,-0.07467121630907059,0.9970937967300415],"EasingStyle":"Linear","EasingDirection":"In"}}},{"Time":0.06666667014360428,"poses":{"Left Leg":{"Weight":1,"CFrame":[-0.3295077979564667,0.070218026638031,0.10445201396942139,0.9491624236106873,-0.16767780482769013,0.2664109468460083,0.16821135580539704,0.985527515411377,0.020986955612897874,-0.26607444882392886,0.024893304333090783,0.9636310338973999],"EasingStyle":"Linear","EasingDirection":"In"},"Right Arm":{"Weight":1,"CFrame":[-0.056563302874565127,-0.25047361850738528,0.011710047721862793,0.8988829255104065,-0.3468756377696991,0.2677437961101532,0.30304017663002016,0.933447003364563,0.19194631278514863,-0.31650617718696597,-0.09140028804540634,0.9441767930984497],"EasingStyle":"Linear","EasingDirection":"In"},"Left Arm":{"Weight":1,"CFrame":[0.11856010556221008,-0.05262061953544617,0.007693767547607422,0.9865480065345764,-0.0010081288637593389,0.16346850991249085,-0.020670544356107713,0.9911851286888123,0.13086174428462983,-0.1621595174074173,-0.1324804574251175,0.9778308868408203],"EasingStyle":"Linear","EasingDirection":"In"},"Right Leg":{"Weight":1,"CFrame":[0.3775786757469177,0.07844191789627075,0.06095409393310547,0.9756592512130737,0.21923992037773133,-0.004783153999596834,-0.21822422742843629,0.9728271961212158,0.07736574858427048,0.021614860743284227,-0.07443882524967194,0.9969912767410278],"EasingStyle":"Linear","EasingDirection":"In"},"Torso":{"Weight":1,"CFrame":[-0.01140107586979866,-0.029815584421157838,-0.08415770530700684,0.9850331544876099,0.17185726761817933,-0.013221077620983124,-0.1722383052110672,0.9843500256538391,-0.0372694656252861,0.006609140895307064,0.038988836109638217,0.9992178082466126],"EasingStyle":"Linear","EasingDirection":"In"},"HumanoidRootPart":{"Weight":0,"CFrame":[0,0,0,1,0,0,0,1,0,0,0,1],"EasingStyle":"Linear","EasingDirection":"In"},"Head":{"Weight":1,"CFrame":[8.568167686462403e-8,8.847564458847046e-9,0,0.9817298650741577,-0.19027453660964967,-0.0014490013709291816,0.18959611654281617,0.9775277972221375,0.09215599298477173,-0.016118500381708146,-0.09074702858924866,0.9957435131072998],"EasingStyle":"Linear","EasingDirection":"In"}}},{"Time":0.0833333358168602,"poses":{"Left Leg":{"Weight":1,"CFrame":[-0.3703916072845459,0.08936041593551636,0.11979210376739502,0.9488487243652344,-0.16033802926540376,0.27198851108551028,0.15886549651622773,0.9869149923324585,0.027577148750424386,-0.27285122871398928,0.01704307831823826,0.961905300617218],"EasingStyle":"Linear","EasingDirection":"In"},"Right Arm":{"Weight":1,"CFrame":[-0.08206724375486374,-0.3151990473270416,0.016990065574645997,0.848046064376831,-0.4471084177494049,0.2844502627849579,0.4036228656768799,0.8928000926971436,0.19999158382415772,-0.34337514638900759,-0.05479149520397186,0.9375987648963928],"EasingStyle":"Linear","EasingDirection":"In"},"Left Arm":{"Weight":1,"CFrame":[0.14070677757263184,-0.06251677870750427,0.009139418601989746,0.9859197735786438,0.0031416933052241804,0.1671895533800125,-0.025006234645843507,0.9913508296012878,0.1288338303565979,-0.16533878445625306,-0.1312006711959839,0.9774709939956665],"EasingStyle":"Linear","EasingDirection":"In"},"Right Leg":{"Weight":1,"CFrame":[0.37249964475631716,0.07457011938095093,0.07919192314147949,0.9652811884880066,0.25930139422416689,-0.031542327255010608,-0.25556865334510805,0.9624794721603394,0.09120279550552368,0.05400789529085159,-0.07997512072324753,0.995332658290863],"EasingStyle":"Linear","EasingDirection":"In"},"Torso":{"Weight":1,"CFrame":[-0.010164625942707062,-0.02918313443660736,-0.09448671340942383,0.984647274017334,0.1742015779018402,-0.011116744950413704,-0.17449572682380677,0.9839819669723511,-0.036478906869888309,0.004583993460983038,0.03785867989063263,0.9992725849151611],"EasingStyle":"Linear","EasingDirection":"In"},"HumanoidRootPart":{"Weight":0,"CFrame":[0,0,0,1,0,0,0,1,0,0,0,1],"EasingStyle":"Linear","EasingDirection":"In"},"Head":{"Weight":1,"CFrame":[8.568167686462403e-8,1.1175870895385743e-8,-2.980232238769531e-7,0.9810994863510132,-0.19346415996551515,-0.003924787975847721,0.19280073046684266,0.9756051301956177,0.10498815774917603,-0.01648239977657795,-0.10376052558422089,0.994465708732605],"EasingStyle":"Linear","EasingDirection":"In"}}},{"Time":0.10000000149011612,"poses":{"Left Leg":{"Weight":1,"CFrame":[-0.40111756324768069,0.10815364122390747,0.13267052173614503,0.949862539768219,-0.14501379430294038,0.277005672454834,0.1410217583179474,0.9894089698791504,0.03439166396856308,-0.2790592312812805,0.0063964989967644218,0.960252583026886],"EasingStyle":"Linear","EasingDirection":"In"},"Right Arm":{"Weight":1,"CFrame":[-0.10908633470535279,-0.3771543502807617,0.022583842277526857,0.7786148190498352,-0.5528966784477234,0.2967560589313507,0.5112529397010803,0.833156406879425,0.21088135242462159,-0.3638398349285126,-0.01247798465192318,0.9313779473304749],"EasingStyle":"Linear","EasingDirection":"In"},"Left Arm":{"Weight":1,"CFrame":[0.1602146029472351,-0.07126140594482422,0.010415196418762207,0.9851604700088501,0.007175409700721502,0.1714855581521988,-0.029331205412745477,0.9914665818214417,0.1270182877779007,-0.16911083459854127,-0.13016338646411897,0.9769641757011414],"EasingStyle":"Linear","EasingDirection":"In"},"Right Leg":{"Weight":1,"CFrame":[0.35675373673439028,0.06844496726989746,0.09713268280029297,0.9539052248001099,0.29468655586242678,-0.05678514391183853,-0.2875887453556061,0.9516805410385132,0.10768885165452957,0.08577583730220795,-0.08639419823884964,0.9925616383552551],"EasingStyle":"Linear","EasingDirection":"In"},"Torso":{"Weight":1,"CFrame":[-0.008807621896266938,-0.028445370495319368,-0.10223627090454102,0.984228789806366,0.1766836792230606,-0.00875123031437397,-0.1768849939107895,0.9835890531539917,-0.035556696355342868,0.002325326669961214,0.03654388710856438,0.9993293285369873],"EasingStyle":"Linear","EasingDirection":"In"},"HumanoidRootPart":{"Weight":0,"CFrame":[0,0,0,1,0,0,0,1,0,0,0,1],"EasingStyle":"Linear","EasingDirection":"In"},"Head":{"Weight":1,"CFrame":[8.66129994392395e-8,1.4668330550193787e-8,-3.5762786865234377e-7,0.9804222583770752,-0.19679217040538789,-0.006713703740388155,0.19624511897563935,0.9737677574157715,0.11517038196325302,-0.01612703874707222,-0.11423313617706299,0.9933230876922607],"EasingStyle":"Linear","EasingDirection":"In"}}},{"Time":0.11666666716337204,"poses":{"Left Leg":{"Weight":1,"CFrame":[-0.4230232536792755,0.1253049373626709,0.1430121660232544,0.9514747262001038,-0.12451492249965668,0.2814105153083801,0.11764500290155411,0.9921987652778626,0.04124666750431061,-0.2843509912490845,-0.006138630677014589,0.9587005972862244],"EasingStyle":"Linear","EasingDirection":"In"},"Right Arm":{"Weight":1,"CFrame":[-0.13610532879829408,-0.4345338046550751,0.028177499771118165,0.6902221441268921,-0.6565672159194946,0.3041594624519348,0.6179871559143066,0.7535362839698792,0.22422051429748536,-0.3764110505580902,0.033204615116119388,0.9258575439453125],"EasingStyle":"Linear","EasingDirection":"In"},"Left Arm":{"Weight":1,"CFrame":[0.17726276814937592,-0.07893103361129761,0.011531710624694825,0.9842728972434998,0.011099816299974919,0.17630544304847718,-0.03364172950387001,0.9915370345115662,0.1253892481327057,-0.17342160642147065,-0.12934854626655579,0.976316511631012],"EasingStyle":"Linear","EasingDirection":"In"},"Right Leg":{"Weight":1,"CFrame":[0.33252161741256716,0.06149399280548096,0.11346995830535889,0.9425519704818726,0.32441502809524538,-0.07969105243682862,-0.31335556507110598,0.9412861466407776,0.12565307319164277,0.11577583849430084,-0.09346296638250351,0.9888683557510376],"EasingStyle":"Linear","EasingDirection":"In"},"Torso":{"Weight":1,"CFrame":[-0.007386644370853901,-0.027614228427410127,-0.10777735710144043,0.9837995767593384,0.17916461825370789,-0.00620025722309947,-0.1792718470096588,0.9831938147544861,-0.03451777249574661,-0.00008830821752781048,0.03507009893655777,0.999384880065918],"EasingStyle":"Linear","EasingDirection":"In"},"HumanoidRootPart":{"Weight":0,"CFrame":[0,0,0,1,0,0,0,1,0,0,0,1],"EasingStyle":"Linear","EasingDirection":"In"},"Head":{"Weight":1,"CFrame":[8.469214662909508e-8,-1.5832483768463136e-8,-5.960464477539063e-8,0.9797331094741821,-0.20006020367145539,-0.009946299716830254,0.1997465193271637,0.9720720648765564,0.1231960654258728,-0.014978109858930111,-0.1226859986782074,0.9923325181007385],"EasingStyle":"Linear","EasingDirection":"In"}}},{"Time":0.13333334028720857,"poses":{"Left Leg":{"Weight":1,"CFrame":[-0.4376361668109894,0.1397702693939209,0.15090501308441163,0.9530675411224365,-0.10174478590488434,0.2851494252681732,0.09183210134506226,0.9946190118789673,0.04795760661363602,-0.2884945273399353,-0.01952090673148632,0.957282543182373],"EasingStyle":"Linear","EasingDirection":"In"},"Right Arm":{"Weight":1,"CFrame":[-0.16160932183265687,-0.4855313301086426,0.03345751762390137,0.5851640105247498,-0.7508350610733032,0.30631640553474429,0.716093897819519,0.6557081937789917,0.23928306996822358,-0.38051632046699526,0.0793313980102539,0.9213652014732361],"EasingStyle":"Linear","EasingDirection":"In"},"Left Arm":{"Weight":1,"CFrame":[0.19203056395053864,-0.0856010913848877,0.012499570846557618,0.9832597374916077,0.014921673573553563,0.1815975159406662,-0.03793454170227051,0.9915667176246643,0.12392088770866394,-0.17821696400642396,-0.1287352740764618,0.975533664226532],"EasingStyle":"Linear","EasingDirection":"In"},"Right Leg":{"Weight":1,"CFrame":[0.3025924265384674,0.05489647388458252,0.1271686553955078,0.9322237372398377,0.3479185700416565,-0.09955669939517975,-0.33252882957458498,0.9320902824401856,0.14363928139209748,0.14277063310146333,-0.10079854726791382,0.9846096634864807],"EasingStyle":"Linear","EasingDirection":"In"},"Torso":{"Weight":1,"CFrame":[-0.005958562716841698,-0.026700861752033235,-0.1114797592163086,0.9833834767341614,0.18150606751441956,-0.0035398995969444515,-0.18152226507663728,0.9828202724456787,-0.033376067876815799,-0.0025788729544728996,0.03346404433250427,0.999436616897583],"EasingStyle":"Linear","EasingDirection":"In"},"HumanoidRootPart":{"Weight":0,"CFrame":[0,0,0,1,0,0,0,1,0,0,0,1],"EasingStyle":"Linear","EasingDirection":"In"},"Head":{"Weight":1,"CFrame":[9.033828973770142e-8,-2.3050233721733094e-8,-1.7881393432617188e-7,0.9790681600570679,-0.20306754112243653,-0.013752797618508339,0.20311963558197022,0.9705449938774109,0.12955611944198609,-0.012960938736796379,-0.1296377182006836,0.9914767146110535],"EasingStyle":"Linear","EasingDirection":"In"}}},{"Time":0.15000000596046449,"poses":{"Left Leg":{"Weight":1,"CFrame":[-0.4467891752719879,0.15097671747207642,0.15661108493804933,0.9542508125305176,-0.0797688290476799,0.2881705164909363,0.06687545776367188,0.996281087398529,0.05432955548167229,-0.2914326786994934,-0.032572489231824878,0.9560366272926331],"EasingStyle":"Linear","EasingDirection":"In"},"Right Arm":{"Weight":1,"CFrame":[-0.18408314883708955,-0.5283397436141968,0.03811025619506836,0.4681871831417084,-0.8299974799156189,0.3031582832336426,0.7992965579032898,0.5440707802772522,0.2551703453063965,-0.3767303228378296,0.12284588068723679,0.9181411266326904],"EasingStyle":"Linear","EasingDirection":"In"},"Left Arm":{"Weight":1,"CFrame":[0.20469729602336884,-0.0913476049900055,0.013329625129699707,0.9821239113807678,0.018647778779268266,0.1873096376657486,-0.042206719517707828,0.9915598034858704,0.1225878894329071,-0.18344271183013917,-0.12830226123332978,0.9746216535568237],"EasingStyle":"Linear","EasingDirection":"In"},"Right Leg":{"Weight":1,"CFrame":[0.2707040309906006,0.04933643341064453,0.13760292530059815,0.9236785769462586,0.3652481436729431,-0.11580822616815567,-0.34556901454925539,0.9246489405632019,0.1600201576948166,0.16552917659282685,-0.10778748244047165,0.9802969098091126],"EasingStyle":"Linear","EasingDirection":"In"},"Torso":{"Weight":1,"CFrame":[-0.004580547567456961,-0.025715529918670656,-0.11371374130249024,0.9830062389373779,0.1835702806711197,-0.0008466156432405114,-0.1835022270679474,0.9824935793876648,-0.032144397497177127,-0.005068959668278694,0.03175349906086922,0.9994828701019287],"EasingStyle":"Linear","EasingDirection":"In"},"HumanoidRootPart":{"Weight":0,"CFrame":[0,0,0,1,0,0,0,1,0,0,0,1],"EasingStyle":"Linear","EasingDirection":"In"},"Head":{"Weight":1,"CFrame":[8.614733815193176e-8,7.916241884231568e-9,0,0.978463351726532,-0.20561084151268006,-0.018264543265104295,0.20617802441120149,0.9691933989524841,0.13473981618881226,-0.010002095252275467,-0.13560371100902558,0.9907126426696777],"EasingStyle":"Linear","EasingDirection":"In"}}},{"Time":0.1666666716337204,"poses":{"Left Leg":{"Weight":1,"CFrame":[-0.45259544253349306,0.15890145301818849,0.16052210330963136,0.9548998475074768,-0.061802998185157779,0.29042500257492068,0.046240027993917468,0.9971175193786621,0.06015397980809212,-0.2933056056499481,-0.04401172697544098,0.9550051093101502],"EasingStyle":"Linear","EasingDirection":"In"},"Right Arm":{"Weight":1,"CFrame":[-0.20201170444488526,-0.561153769493103,0.041821837425231937,0.34560006856918337,-0.8908358216285706,0.2949103116989136,0.8637605309486389,0.42481571435928347,0.27101561427116396,-0.36671292781829836,0.16106876730918885,0.9162851572036743],"EasingStyle":"Linear","EasingDirection":"In"},"Left Arm":{"Weight":1,"CFrame":[0.21544209122657777,-0.09624773263931275,0.01403200626373291,0.980868935585022,0.022285157814621927,0.19338959455490113,-0.04645555838942528,0.9915202856063843,0.12136471271514893,-0.18904510140419007,-0.12802697718143464,0.9735866785049439],"EasingStyle":"Linear","EasingDirection":"In"},"Right Leg":{"Weight":1,"CFrame":[0.24175424873828889,0.04484635591506958,0.14468598365783692,0.9172529578208923,0.3771819770336151,-0.12798736989498139,-0.3538101017475128,0.9191574454307556,0.1731126606464386,0.18293562531471253,-0.11350492388010025,0.9765506982803345],"EasingStyle":"Linear","EasingDirection":"In"},"Torso":{"Weight":1,"CFrame":[-0.0033101201988756658,-0.024667583405971528,-0.11484813690185547,0.9826954007148743,0.18522007763385774,0.0018026992911472917,-0.18507768213748933,0.9822400212287903,-0.030834464356303216,-0.007481845561414957,0.02996724843978882,0.999522864818573],"EasingStyle":"Linear","EasingDirection":"In"},"HumanoidRootPart":{"Weight":0,"CFrame":[0,0,0,1,0,0,0,1,0,0,0,1],"EasingStyle":"Linear","EasingDirection":"In"},"Head":{"Weight":1,"CFrame":[8.824281394481659e-8,-7.974449545145035e-9,-5.960464477539063e-8,0.9779534935951233,-0.20748329162597657,-0.023614512756466867,0.20873573422431947,0.9680096507072449,0.1392359882593155,-0.0060300640761852268,-0.14109551906585694,0.9899775981903076],"EasingStyle":"Linear","EasingDirection":"In"}}},{"Time":0.18333333730697633,"poses":{"Left Leg":{"Weight":1,"CFrame":[-0.4572896659374237,0.1639484167098999,0.16308379173278809,0.9550901055335999,-0.05112886801362038,0.29187098145484927,0.03346217796206474,0.9973105788230896,0.06520675867795944,-0.2944199740886688,-0.05251167342066765,0.954232394695282],"EasingStyle":"Linear","EasingDirection":"In"},"Right Arm":{"Weight":1,"CFrame":[-0.21387983858585359,-0.5821664929389954,0.044278860092163089,0.22406744956970216,-0.9328802824020386,0.2820073366165161,0.9084398150444031,0.30470502376556399,0.28616780042648318,-0.35288935899734499,0.19206571578979493,0.9157400727272034],"EasingStyle":"Linear","EasingDirection":"In"},"Left Arm":{"Weight":1,"CFrame":[0.22444429993629456,-0.10037636756896973,0.01461780071258545,0.9794990420341492,0.02584104798734188,0.19978447258472444,-0.05067858472466469,0.9914520382881165,0.12022710591554642,-0.19496998190879823,-0.12788720428943635,0.9724358916282654],"EasingStyle":"Linear","EasingDirection":"In"},"Right Leg":{"Weight":1,"CFrame":[0.22171466052532197,0.040836453437805179,0.14887583255767823,0.9128175377845764,0.38515937328338625,-0.13570642471313477,-0.3593176305294037,0.9154411554336548,0.18126894533634187,0.19404877722263337,-0.11670377850532532,0.974025309085846],"EasingStyle":"Linear","EasingDirection":"In"},"Torso":{"Weight":1,"CFrame":[-0.002205168828368187,-0.023565664887428285,-0.1152505874633789,0.9824797511100769,0.18631893396377564,0.004330693278461695,-0.18611449003219605,0.9820864200592041,-0.029457062482833864,-0.009741522371768952,0.028134962543845178,0.9995566606521606],"EasingStyle":"Linear","EasingDirection":"In"},"HumanoidRootPart":{"Weight":0,"CFrame":[0,0,0,1,0,0,0,1,0,0,0,1],"EasingStyle":"Linear","EasingDirection":"In"},"Head":{"Weight":1,"CFrame":[8.591450750827789e-8,5.791662260890007e-9,1.1920928955078126e-7,0.9775698781013489,-0.20847287774085999,-0.02993650920689106,0.2106090635061264,0.9669756293296814,0.14353366196155549,-0.0009750044555403292,-0.14661912620067597,0.989192545413971],"EasingStyle":"Linear","EasingDirection":"In"}}},{"Time":0.20000000298023225,"poses":{"Left Leg":{"Weight":1,"CFrame":[-0.4629475474357605,0.1666058897972107,0.16469216346740724,0.9549166560173035,-0.05093546584248543,0.2924717366695404,0.03197383135557175,0.9970865845680237,0.06925350427627564,-0.295147180557251,-0.05677983909845352,0.9537631869316101],"EasingStyle":"Linear","EasingDirection":"In"},"Right Arm":{"Weight":1,"CFrame":[-0.2181726098060608,-0.5895718336105347,0.04516756534576416,0.10954871773719788,-0.9580208659172058,0.2649434804916382,0.9347403645515442,0.18993745744228364,0.30030688643455508,-0.33802297711372378,0.214755117893219,0.9163082242012024],"EasingStyle":"Linear","EasingDirection":"In"},"Left Arm":{"Weight":1,"CFrame":[0.23188306391239167,-0.10380959510803223,0.015097260475158692,0.9780193567276001,0.029322968795895578,0.2064419686794281,-0.054873328655958179,0.9913586974143982,0.11915038526058197,-0.20116424560546876,-0.12785963714122773,0.9711770415306091],"EasingStyle":"Linear","EasingDirection":"In"},"Right Leg":{"Weight":1,"CFrame":[0.21686476469039918,0.036434948444366458,0.15086054801940919,0.909987211227417,0.3907954692840576,-0.13857172429561616,-0.3642919957637787,0.9131402373313904,0.182937890291214,0.1980268657207489,-0.11599060148000717,0.9733096361160278],"EasingStyle":"Linear","EasingDirection":"In"},"Torso":{"Weight":1,"CFrame":[-0.0013238471001386643,-0.022416502237319948,-0.11528921127319336,0.9823885560035706,0.18673065304756165,0.006659680977463722,-0.1864781379699707,0.9820594191551209,-0.02802061103284359,-0.01177250873297453,0.026285242289304735,0.9995851516723633],"EasingStyle":"Linear","EasingDirection":"In"},"HumanoidRootPart":{"Weight":0,"CFrame":[0,0,0,1,0,0,0,1,0,0,0,1],"EasingStyle":"Linear","EasingDirection":"In"},"Head":{"Weight":1,"CFrame":[8.381903171539307e-8,-1.3969838619232178e-9,2.384185791015625e-7,0.9773382544517517,-0.20836016535758973,-0.03736347705125809,0.21161901950836183,0.9660624861717224,0.14812396466732026,0.005232315510511398,-0.15267403423786164,0.9882627725601196],"EasingStyle":"Linear","EasingDirection":"In"}}},{"Time":0.21666666865348817,"poses":{"Left Leg":{"Weight":1,"CFrame":[-0.46879738569259646,0.16778677701950074,0.16566145420074464,0.9545937776565552,-0.0563914030790329,0.2925247848033905,0.03665272891521454,0.9966925978660584,0.07252858579158783,-0.2956473231315613,-0.05851351097226143,0.9535034894943237],"EasingStyle":"Linear","EasingDirection":"In"},"Right Arm":{"Weight":1,"CFrame":[-0.18946558237075807,-0.5875463485717773,0.0431441068649292,0.008259065449237824,-0.9725058078765869,0.23273222148418427,0.9505347609519959,0.07990556955337525,0.30016466975212099,-0.31050845980644228,0.21874096989631654,0.9250604510307312],"EasingStyle":"Linear","EasingDirection":"In"},"Left Arm":{"Weight":1,"CFrame":[0.23793776333332063,-0.10662484169006348,0.015481352806091309,0.9764360189437866,0.03273886442184448,0.2133093923330307,-0.0590374693274498,0.991243839263916,0.11811079829931259,-0.20757485926151277,-0.1279209852218628,0.9698190093040466],"EasingStyle":"Linear","EasingDirection":"In"},"Right Leg":{"Weight":1,"CFrame":[0.22100020945072175,0.0317268967628479,0.15183711051940919,0.9079114198684692,0.3954589068889618,-0.13895703852176667,-0.3693144619464874,0.9115004539489746,0.18103531002998353,0.19825151562690736,-0.11304519325494766,0.9736103415489197],"EasingStyle":"Linear","EasingDirection":"In"},"Torso":{"Weight":1,"CFrame":[-0.000728188082575798,-0.021221306174993516,-0.11509013175964356,0.9823882579803467,0.18664810061454774,0.008707128465175629,-0.18636256456375123,0.9821228981018066,-0.026526615023612977,-0.013502612709999085,0.02443675324320793,0.999610185623169],"EasingStyle":"Linear","EasingDirection":"In"},"HumanoidRootPart":{"Weight":0,"CFrame":[0,0,0,1,0,0,0,1,0,0,0,1],"EasingStyle":"Linear","EasingDirection":"In"},"Head":{"Weight":1,"CFrame":[8.66129994392395e-8,1.0710209608078003e-8,-2.980232238769531e-7,0.9779312014579773,-0.20367814600467683,-0.046538595110177997,0.20847681164741517,0.9659253358840942,0.15338075160980225,0.013712503015995026,-0.15969803929328919,0.9870706796646118],"EasingStyle":"Linear","EasingDirection":"In"}}},{"Time":0.23333333432674409,"poses":{"Left Leg":{"Weight":1,"CFrame":[-0.47307825088500979,0.1682502031326294,0.16618776321411134,0.9543695449829102,-0.06077168509364128,0.29237908124923708,0.0403478629887104,0.9963375329971314,0.07538947463035584,-0.29588985443115237,-0.060152530670166019,0.9533262252807617],"EasingStyle":"Linear","EasingDirection":"In"},"Right Arm":{"Weight":1,"CFrame":[-0.11279028654098511,-0.5733616352081299,0.03769099712371826,-0.08766186982393265,-0.9795210957527161,0.18125639855861665,0.9603462219238281,-0.03475546836853027,0.2766354978084564,-0.2646706998348236,0.19831915199756623,0.9437260627746582],"EasingStyle":"Linear","EasingDirection":"In"},"Left Arm":{"Weight":1,"CFrame":[0.2427874654531479,-0.10889655351638794,0.015780210494995118,0.974756121635437,0.03609708324074745,0.22033488750457765,-0.06316863000392914,0.9911109209060669,0.11708465963602066,-0.21414989233016969,-0.12804733216762544,0.9683716893196106],"EasingStyle":"Linear","EasingDirection":"In"},"Right Leg":{"Weight":1,"CFrame":[0.22431254386901856,0.027310311794281007,0.15269994735717774,0.9059377908706665,0.3997666835784912,-0.13951097428798676,-0.373894065618515,0.909940242767334,0.1794767826795578,0.1986956000328064,-0.11043249815702439,0.9738196730613709],"EasingStyle":"Linear","EasingDirection":"In"},"Torso":{"Weight":1,"CFrame":[-0.00046463310718536377,-0.019983630627393724,-0.11456441879272461,0.9824211001396179,0.18638767302036286,0.010409987531602383,-0.18608412146568299,0.9822162389755249,-0.024979526177048684,-0.014880734495818615,0.02260328084230423,0.9996337890625],"EasingStyle":"Linear","EasingDirection":"In"},"HumanoidRootPart":{"Weight":0,"CFrame":[0,0,0,1,0,0,0,1,0,0,0,1],"EasingStyle":"Linear","EasingDirection":"In"},"Head":{"Weight":1,"CFrame":[8.381903171539307e-8,-8.265487849712372e-9,0,0.9796437621116638,-0.19232842326164246,-0.057513702660799029,0.1991821676492691,0.9669416546821594,0.15921765565872193,0.02499031275510788,-0.1674322783946991,0.9855667948722839],"EasingStyle":"Linear","EasingDirection":"In"}}},{"Time":0.25,"poses":{"Left Leg":{"Weight":1,"CFrame":[-0.47603440284729006,0.16808807849884034,0.16636598110198975,0.9542310833930969,-0.06425060331821442,0.29208704829216006,0.043229226022958758,0.9960259199142456,0.07786910980939865,-0.295929491519928,-0.06167839467525482,0.9532164335250855],"EasingStyle":"Linear","EasingDirection":"In"},"Right Arm":{"Weight":1,"CFrame":[-0.0023154467344284059,-0.5348609685897827,0.029733777046203615,-0.1932247132062912,-0.9737891554832459,0.11999551951885224,0.9582278728485107,-0.16100890934467317,0.23637989163398744,-0.21086382865905763,0.1606573611497879,0.96422278881073],"EasingStyle":"Linear","EasingDirection":"In"},"Left Arm":{"Weight":1,"CFrame":[0.2466115802526474,-0.1107015609741211,0.01600515842437744,0.9729883670806885,0.03940640762448311,0.22746606171131135,-0.06726440042257309,0.9909632205963135,0.11604893952608109,-0.22083747386932374,-0.12821480631828309,0.9668463468551636],"EasingStyle":"Linear","EasingDirection":"In"},"Right Leg":{"Weight":1,"CFrame":[0.2268121987581253,0.023231804370880128,0.15344631671905518,0.9040994644165039,0.40367391705513,-0.14018362760543824,-0.3779991865158081,0.9084888696670532,0.17822623252868653,0.199300616979599,-0.10814500600099564,0.9739527702331543],"EasingStyle":"Linear","EasingDirection":"In"},"Torso":{"Weight":1,"CFrame":[-0.0005097314715385437,-0.018714532256126405,-0.11375784873962403,0.9824790954589844,0.18599937856197358,0.011792588979005814,-0.18569032847881318,0.982329785823822,-0.02339315041899681,-0.015935322269797326,0.02079351246356964,0.9996567964553833],"EasingStyle":"Linear","EasingDirection":"In"},"HumanoidRootPart":{"Weight":0,"CFrame":[0,0,0,1,0,0,0,1,0,0,0,1],"EasingStyle":"Linear","EasingDirection":"In"},"Head":{"Weight":1,"CFrame":[8.847564458847046e-8,-3.4924596548080446e-9,-1.1920928955078126e-7,0.9819051623344421,-0.17614227533340455,-0.06954258680343628,0.18547582626342774,0.9686248898506165,0.16542232036590577,0.03822280839085579,-0.17532753944396974,0.9837679266929627],"EasingStyle":"Linear","EasingDirection":"In"}}},{"Time":0.2666666805744171,"poses":{"Left Leg":{"Weight":1,"CFrame":[-0.4778940677642822,0.16741091012954713,0.1662764549255371,0.9541600942611694,-0.06699478626251221,0.2917022705078125,0.045449838042259219,0.9957560300827026,0.08002681285142899,-0.295825719833374,-0.06310053169727326,0.953155517578125],"EasingStyle":"Linear","EasingDirection":"In"},"Right Arm":{"Weight":1,"CFrame":[0.12779036164283753,-0.45988598465919497,0.020198345184326173,-0.3202527165412903,-0.9455307722091675,0.058393895626068118,0.9338266253471375,-0.3047153949737549,0.1873934417963028,-0.15939275920391084,0.11454290896654129,0.9805477261543274],"EasingStyle":"Linear","EasingDirection":"In"},"Left Arm":{"Weight":1,"CFrame":[0.24958917498588563,-0.11211571097373963,0.016165852546691896,0.9711422324180603,0.04267619922757149,0.23465177416801454,-0.07132241874933243,0.9908039569854736,0.11498108506202698,-0.22758695483207704,-0.12839899957180024,0.9652553796768189],"EasingStyle":"Linear","EasingDirection":"In"},"Right Leg":{"Weight":1,"CFrame":[0.22847718000411988,0.019525647163391115,0.15406537055969239,0.9024363160133362,0.4071227014064789,-0.1409248560667038,-0.3815893530845642,0.9071835279464722,0.17722181975841523,0.1999957263469696,-0.10615605115890503,0.9740290641784668],"EasingStyle":"Linear","EasingDirection":"In"},"Torso":{"Weight":1,"CFrame":[-0.0008231736719608307,-0.01742667704820633,-0.1127166748046875,0.9825533032417297,0.18553335964679719,0.012900316156446934,-0.1852286010980606,0.9824540019035339,-0.02178332395851612,-0.016715500503778459,0.019013769924640657,0.9996795058250427],"EasingStyle":"Linear","EasingDirection":"In"},"HumanoidRootPart":{"Weight":0,"CFrame":[0,0,0,1,0,0,0,1,0,0,0,1],"EasingStyle":"Linear","EasingDirection":"In"},"Head":{"Weight":1,"CFrame":[9.173527359962464e-8,7.2177499532699589e-9,0,0.9841992259025574,-0.15698395669460298,-0.08190174400806427,0.16909398138523103,0.970521867275238,0.171739861369133,0.05252702534198761,-0.18287532031536103,0.9817318916320801],"EasingStyle":"Linear","EasingDirection":"In"}}},{"Time":0.28333333134651186,"poses":{"Left Leg":{"Weight":1,"CFrame":[-0.4788663685321808,0.16632497310638429,0.16599345207214356,0.9541352987289429,-0.06916091591119766,0.2912774384021759,0.047151338309049609,0.9955226182937622,0.08192358165979386,-0.2956392168998718,-0.0644320398569107,0.9531243443489075],"EasingStyle":"Linear","EasingDirection":"In"},"Right Arm":{"Weight":1,"CFrame":[0.26355499029159548,-0.3259180784225464,0.010033369064331055,-0.4676573872566223,-0.8836895227432251,-0.019734589383006097,0.8721133470535278,-0.4649364650249481,0.15248729288578034,-0.14392681419849397,0.054100897163152698,0.9881083965301514],"EasingStyle":"Linear","EasingDirection":"In"},"Left Arm":{"Weight":1,"CFrame":[0.2518996596336365,-0.11321541666984558,0.016273975372314454,0.969228982925415,0.0459161214530468,0.2418406754732132,-0.07534018158912659,0.9906361103057861,0.11385903507471085,-0.23434822261333466,-0.1285759061574936,0.9636125564575195],"EasingStyle":"Linear","EasingDirection":"In"},"Right Leg":{"Weight":1,"CFrame":[0.22927890717983247,0.016226887702941896,0.15454626083374024,0.9009920954704285,0.4100475013256073,-0.14168381690979005,-0.3846162259578705,0.9060644507408142,0.1764017641544342,0.20070776343345643,-0.1044427827000618,0.9740678071975708],"EasingStyle":"Linear","EasingDirection":"In"},"Torso":{"Weight":1,"CFrame":[-0.0013644099235534669,-0.016132701188325883,-0.11148643493652344,0.9826344847679138,0.18503950536251069,0.0137788699939847,-0.18474633991718293,0.9825793504714966,-0.020165864378213884,-0.017270313575863839,0.017270078882575036,0.9997016787528992],"EasingStyle":"Linear","EasingDirection":"In"},"HumanoidRootPart":{"Weight":0,"CFrame":[0,0,0,1,0,0,0,1,0,0,0,1],"EasingStyle":"Linear","EasingDirection":"In"},"Head":{"Weight":1,"CFrame":[9.220093488693237e-8,3.026798367500305e-9,-5.960464477539063e-8,0.9861428141593933,-0.13676640391349793,-0.09390077739953995,0.15177926421165467,0.9722813367843628,0.17785412073135377,0.0669734925031662,-0.18964174389839173,0.9795665144920349],"EasingStyle":"Linear","EasingDirection":"In"}}},{"Time":0.30000001192092898,"poses":{"Left Leg":{"Weight":1,"CFrame":[-0.4791525602340698,0.16493457555770875,0.16558432579040528,0.9541332125663757,-0.07089895009994507,0.2908661365509033,0.048467203974723819,0.9953181743621826,0.08362206816673279,-0.2954331040382385,-0.0656890869140625,0.9531024098396301],"EasingStyle":"Linear","EasingDirection":"In"},"Right Arm":{"Weight":1,"CFrame":[0.39179277420043948,-0.14702856540679933,0.00027823448181152344,-0.6058323383331299,-0.7859380841255188,-0.1235663965344429,0.7750060558319092,-0.6180973052978516,0.13161002099514008,-0.17981335520744325,-0.016031157225370408,0.9835700988769531],"EasingStyle":"Linear","EasingDirection":"In"},"Left Arm":{"Weight":1,"CFrame":[0.2537221610546112,-0.11407673358917237,0.016339421272277833,0.9672606587409973,0.04913654178380966,0.24898268282413484,-0.07931522279977799,0.9904627799987793,0.1126609593629837,-0.24107235670089723,-0.1287207156419754,0.9619330167770386],"EasingStyle":"Linear","EasingDirection":"In"},"Right Leg":{"Weight":1,"CFrame":[0.22919081151485444,0.013371765613555909,0.1548759937286377,0.8998087048530579,0.41238754987716677,-0.14241065084934236,-0.3870362937450409,0.9051693081855774,0.1757025271654129,0.20136326551437379,-0.10298065841197968,0.974088191986084],"EasingStyle":"Linear","EasingDirection":"In"},"Torso":{"Weight":1,"CFrame":[-0.0020926930010318758,-0.014845196157693863,-0.11011385917663574,0.9827132821083069,0.18456748127937318,0.014474190771579743,-0.1842910200357437,0.982696533203125,-0.01855647750198841,-0.01764865778386593,0.015568233095109463,0.9997230172157288],"EasingStyle":"Linear","EasingDirection":"In"},"HumanoidRootPart":{"Weight":0,"CFrame":[0,0,0,1,0,0,0,1,0,0,0,1],"EasingStyle":"Linear","EasingDirection":"In"},"Head":{"Weight":1,"CFrame":[8.754432201385498e-8,-6.51925802230835e-9,-5.960464477539063e-7,0.9875243306159973,-0.11744748800992966,-0.1048896461725235,0.13528002798557282,0.9736887216567993,0.18338359892368318,0.08059191703796387,-0.19528521597385407,0.9774295687675476],"EasingStyle":"Linear","EasingDirection":"In"}}},{"Time":0.3166666626930237,"poses":{"Left Leg":{"Weight":1,"CFrame":[-0.47894808650016787,0.1633419394493103,0.1651136875152588,0.9541288018226624,-0.07235782593488693,0.29052111506462099,0.0495292991399765,0.9951332211494446,0.08518608659505844,-0.2952711880207062,-0.06688915938138962,0.9530691504478455],"EasingStyle":"Linear","EasingDirection":"In"},"Right Arm":{"Weight":1,"CFrame":[0.49951475858688357,0.03405582904815674,-0.008004844188690186,-0.707208514213562,-0.669185221195221,-0.2281387895345688,0.6644908785820007,-0.7393354773521423,0.10878794640302658,-0.24147041141986848,-0