{"Sequence":[{"Time":0,"poses":{"Left Leg":{"Weight":1,"CFrame":[0.03753512352705002,-0.01733839511871338,-0.0006567239761352539,0.9956392049789429,-0.04055127128958702,0.08401279896497727,0.04006450995802879,0.9991691708564758,0.007472050841897726,-0.08424603193998337,-0.004073489923030138,0.9964366555213928],"EasingStyle":"Linear","EasingDirection":"In"},"Right Arm":{"Weight":1,"CFrame":[-0.27160629630088808,-0.07258188724517822,-0.018494009971618654,0.9988002181053162,-0.0489397756755352,-0.001746787573210895,0.04896527901291847,0.99750155210495,0.050921738147735599,-0.0007496892940253019,-0.050946194678545,0.9987010955810547],"EasingStyle":"Linear","EasingDirection":"In"},"Left Arm":{"Weight":1,"CFrame":[-0.7512556910514832,0.06999915838241577,-0.09079384803771973,-0.9879778623580933,-0.15071825683116914,-0.034406743943691257,0.14787940680980683,-0.9862403273582459,0.07390353083610535,-0.04507195204496384,0.06792692840099335,0.9966716766357422],"EasingStyle":"Linear","EasingDirection":"In"},"Head":{"Weight":1,"CFrame":[0.07736749202013016,-0.0015485314652323723,0.0027632713317871095,0.9993205666542053,0.0072624338790774349,0.03613379970192909,-0.006508760619908571,0.9997597336769104,-0.020931968465447427,-0.036277126520872119,0.020682550966739656,0.9991277456283569],"EasingStyle":"Linear","EasingDirection":"In"},"Torso":{"Weight":1,"CFrame":[0.09128934890031815,0.03254169225692749,0.04065418243408203,0.9991628527641296,-0.019998662173748018,0.0356876440346241,0.018542520701885225,0.9990002512931824,0.04067712649703026,-0.03646545112133026,-0.039981331676244739,0.9985347986221314],"EasingStyle":"Linear","EasingDirection":"In"},"HumanoidRootPart":{"Weight":0,"CFrame":[0,0,0,1,0,0,0,1,0,0,0,1],"EasingStyle":"Linear","EasingDirection":"In"},"Right Leg":{"Weight":1,"CFrame":[0.2880688011646271,-0.48630642890930178,-0.02195131778717041,-0.38735702633857729,0.9218130111694336,0.014676496386528016,-0.9212333559989929,-0.3863966464996338,-0.04501838982105255,-0.03582753986120224,-0.03095869906246662,0.9988783597946167],"EasingStyle":"Linear","EasingDirection":"In"}}},{"Time":0.01666666753590107,"poses":{"Left Leg":{"Weight":1,"CFrame":[0.03803981840610504,-0.018004655838012697,-0.0006514191627502441,0.9957528710365295,-0.03698800504207611,0.08430968970060349,0.03660174459218979,0.9993111491203308,0.0061227199621498589,-0.08447811752557755,-0.003010818036273122,0.9964208006858826],"EasingStyle":"Linear","EasingDirection":"In"},"Right Arm":{"Weight":1,"CFrame":[-0.2688080668449402,-0.07619404792785645,-0.012297451496124268,0.9980077743530273,-0.06261236220598221,-0.007757898885756731,0.06293360888957977,0.9966457486152649,0.052312225103378299,0.004456464666873217,-0.0526963509619236,0.9986006617546082],"EasingStyle":"Linear","EasingDirection":"In"},"Left Arm":{"Weight":1,"CFrame":[-0.7552661299705505,0.07521343231201172,-0.09924346208572388,-0.9895765781402588,-0.13885967433452607,-0.03816031292080879,0.13703429698944093,-0.9894556403160095,0.046895239502191547,-0.04426981136202812,0.04117705672979355,0.9981706142425537],"EasingStyle":"Linear","EasingDirection":"In"},"Head":{"Weight":1,"CFrame":[0.07576823234558106,-0.0016605856362730265,0.0027664899826049806,0.999374508857727,0.00732079055160284,0.034597672522068027,-0.006747111212462187,0.9998382925987244,-0.01666921004652977,-0.034714117646217349,0.016425346955657007,0.999262273311615],"EasingStyle":"Linear","EasingDirection":"In"},"Torso":{"Weight":1,"CFrame":[0.08991067111492157,0.030103541910648347,0.04835653305053711,0.9992186427116394,-0.01934751495718956,0.034463897347450259,0.01804790459573269,0.9991287589073181,0.03762943297624588,-0.035161908715963367,-0.03697802871465683,0.9986972808837891],"EasingStyle":"Linear","EasingDirection":"In"},"HumanoidRootPart":{"Weight":0,"CFrame":[0,0,0,1,0,0,0,1,0,0,0,1],"EasingStyle":"Linear","EasingDirection":"In"},"Right Leg":{"Weight":1,"CFrame":[0.2955445647239685,-0.4542795419692993,-0.018065333366394044,-0.3276088833808899,0.9446645975112915,0.016771672293543817,-0.9443970918655396,-0.32688596844673159,-0.035491228103637698,-0.02804482728242874,-0.02746637910604477,0.9992292523384094],"EasingStyle":"Linear","EasingDirection":"In"}}},{"Time":0.03333333507180214,"poses":{"Left Leg":{"Weight":1,"CFrame":[0.03867314010858536,-0.01989459991455078,-0.0006441473960876465,0.9959834218025208,-0.027696236968040468,0.0851464495062828,0.02760305628180504,0.9996163845062256,0.0022713346406817438,-0.0851767286658287,0.00008809776772977784,0.9963658452033997],"EasingStyle":"Linear","EasingDirection":"In"},"Right Arm":{"Weight":1,"CFrame":[-0.24922098219394685,-0.08697590231895447,-0.009627103805541993,0.9941625595092773,-0.10732675343751908,-0.011035997420549393,0.10776209086179733,0.9927828907966614,0.052625641226768497,0.00530818710103631,-0.05350777506828308,0.9985533356666565],"EasingStyle":"Linear","EasingDirection":"In"},"Left Arm":{"Weight":1,"CFrame":[-0.7627451419830322,0.07797789573669434,-0.10560375452041626,-0.9933786988258362,-0.10708385705947876,-0.04161564260721207,0.10678968578577042,-0.9942387342453003,0.009232884272933007,-0.04236460104584694,0.004727553576231003,0.9990910291671753],"EasingStyle":"Linear","EasingDirection":"In"},"Head":{"Weight":1,"CFrame":[0.0713162049651146,-0.0017912338953465224,0.0027757883071899416,0.9995085000991821,0.007299628108739853,0.030486395582556726,-0.007143347058445215,0.9999607801437378,-0.005231921561062336,-0.030523378401994706,0.005011581815779209,0.9995214939117432],"EasingStyle":"Linear","EasingDirection":"In"},"Torso":{"Weight":1,"CFrame":[0.08612512797117233,0.023429274559020997,0.055719852447509769,0.999360978603363,-0.017551777884364129,0.031137779355049135,0.01664053089916706,0.9994325041770935,0.029286593198776246,-0.031634144484996799,-0.028749730437994005,0.9990859627723694],"EasingStyle":"Linear","EasingDirection":"In"},"HumanoidRootPart":{"Weight":0,"CFrame":[0,0,0,1,0,0,0,1,0,0,0,1],"EasingStyle":"Linear","EasingDirection":"In"},"Right Leg":{"Weight":1,"CFrame":[0.31553027033805849,-0.37066590785980227,-0.008649289608001709,-0.16070623695850373,0.9868046641349793,0.019748972728848459,-0.9869776964187622,-0.16052870452404023,-0.01027639489620924,-0.006970442831516266,-0.021143339574337007,0.9997521638870239],"EasingStyle":"Linear","EasingDirection":"In"}}},{"Time":0.05000000074505806,"poses":{"Left Leg":{"Weight":1,"CFrame":[0.039460547268390658,-0.022684454917907716,-0.0006555318832397461,0.99615478515625,-0.01397682074457407,0.08648829907178879,0.014326225034892559,0.9998915195465088,-0.003420806024223566,-0.08643115311861038,0.004646713845431805,0.9962469935417175],"EasingStyle":"Linear","EasingDirection":"In"},"Right Arm":{"Weight":1,"CFrame":[-0.19605594873428346,-0.10484686493873596,-0.009054481983184815,0.9822057485580444,-0.1873263418674469,-0.013439478352665902,0.18777678906917573,0.9808282852172852,0.05211351439356804,0.003419548040255904,-0.053709931671619418,0.9985507130622864],"EasingStyle":"Linear","EasingDirection":"In"},"Left Arm":{"Weight":1,"CFrame":[-0.7853986620903015,0.08031535148620606,-0.11170810461044312,-0.9971855282783508,-0.05884942784905434,-0.04645197466015816,0.060912445187568668,-0.9971585869789124,-0.044322025030851367,-0.04371168836951256,-0.0470268689095974,0.9979367852210999],"EasingStyle":"Linear","EasingDirection":"In"},"Head":{"Weight":1,"CFrame":[0.06453020125627518,-0.0019356193952262402,0.0027894973754882814,0.9996722936630249,0.00728482473641634,0.024541303515434266,-0.007565048057585955,0.9999070167541504,0.011344990693032742,-0.02445637248456478,-0.011526928283274174,0.9996344447135925],"EasingStyle":"Linear","EasingDirection":"In"},"Torso":{"Weight":1,"CFrame":[0.0804518312215805,0.01348058134317398,0.06191062927246094,0.9995457530021668,-0.01486046053469181,0.026218798011541368,0.014421549625694752,0.999754011631012,0.016850728541612626,-0.02646275795996189,-0.0164649598300457,0.9995142221450806],"EasingStyle":"Linear","EasingDirection":"In"},"HumanoidRootPart":{"Weight":0,"CFrame":[0,0,0,1,0,0,0,1,0,0,0,1],"EasingStyle":"Linear","EasingDirection":"In"},"Right Leg":{"Weight":1,"CFrame":[0.34049728512763979,-0.251727819442749,0.0028759241104125978,0.09522159397602081,0.9953974485397339,0.010806276462972165,-0.9949962496757507,0.09484214335680008,0.031423043459653857,0.03025359846651554,-0.013744351454079152,0.999447762966156],"EasingStyle":"Linear","EasingDirection":"In"}}},{"Time":0.06666667014360428,"poses":{"Left Leg":{"Weight":1,"CFrame":[0.04042923077940941,-0.026050209999084474,-0.0007036924362182617,0.996089518070221,0.0028692418709397318,0.08830340206623078,-0.0019675951916724445,0.9999450445175171,-0.010296433232724667,-0.08832811564207077,0.010082426480948925,0.996040403842926],"EasingStyle":"Linear","EasingDirection":"In"},"Right Arm":{"Weight":1,"CFrame":[-0.09379808604717255,-0.1323840320110321,-0.009524345397949219,0.9519439935684204,-0.3061753213405609,-0.0077006579376757149,0.3061564564704895,0.9505923390388489,0.05140501633286476,-0.008418782614171505,-0.05129234120249748,0.9986482262611389],"EasingStyle":"Linear","EasingDirection":"In"},"Left Arm":{"Weight":1,"CFrame":[-0.8375497460365295,0.08492827415466309,-0.1201632022857666,-0.9981305599212647,0.018148275092244149,-0.058361295610666278,-0.01150224544107914,-0.9936122298240662,-0.11226034164428711,-0.06002585589885712,-0.11137925088405609,0.9919635057449341],"EasingStyle":"Linear","EasingDirection":"In"},"Head":{"Weight":1,"CFrame":[0.055928755551576617,-0.0020889907609671356,0.002807140350341797,0.9998196959495544,0.007350700907409191,0.0175066739320755,-0.007891349494457245,0.9994877576828003,0.031016208231449128,-0.017269713804125787,-0.03114875964820385,0.9993655681610107],"EasingStyle":"Linear","EasingDirection":"In"},"Torso":{"Weight":1,"CFrame":[0.07340958714485169,0.0012229734566062689,0.06608843803405762,0.9997292160987854,-0.011522392742335797,0.020216025412082673,0.011493826285004616,0.9999327659606934,0.0015287162968888879,-0.02023228071630001,-0.001295942929573357,0.9997944831848145],"EasingStyle":"Linear","EasingDirection":"In"},"HumanoidRootPart":{"Weight":0,"CFrame":[0,0,0,1,0,0,0,1,0,0,0,1],"EasingStyle":"Linear","EasingDirection":"In"},"Right Leg":{"Weight":1,"CFrame":[0.36836734414100649,-0.13215458393096925,0.013573288917541504,0.375302791595459,0.9268302321434021,-0.011555211618542672,-0.9254966378211975,0.375390887260437,0.05037502571940422,0.05102686211466789,-0.008211573585867882,0.9986635446548462],"EasingStyle":"Linear","EasingDirection":"In"}}},{"Time":0.0833333358168602,"poses":{"Left Leg":{"Weight":1,"CFrame":[0.04161664843559265,-0.029674649238586427,-0.000803530216217041,0.9956560730934143,0.021541886031627656,0.09058105945587158,-0.020017363131046296,0.9996428489685059,-0.017705775797367097,-0.09093016386032105,0.015815699473023416,0.9957316517829895],"EasingStyle":"Linear","EasingDirection":"In"},"Right Arm":{"Weight":1,"CFrame":[0.027165032923221589,-0.18279588222503663,-0.012813687324523926,0.8810423016548157,-0.4704989790916443,0.04893966019153595,0.4676862061023712,0.8819189071655273,0.05906568095088005,-0.0709511861205101,-0.029151031747460367,0.9970537424087524],"EasingStyle":"Linear","EasingDirection":"In"},"Left Arm":{"Weight":1,"CFrame":[-0.9075421094894409,0.09723573923110962,-0.13667035102844239,-0.9752364158630371,0.19970954954624177,-0.09502651542425156,-0.18161296844482423,-0.9683458209037781,-0.17124003171920777,-0.1262168288230896,-0.1497415006160736,0.980635941028595],"EasingStyle":"Linear","EasingDirection":"In"},"Head":{"Weight":1,"CFrame":[0.04603061452507973,-0.002246557269245386,0.0028270483016967775,0.9999203085899353,0.00752973509952426,0.010130397975444794,-0.008044063113629818,0.9986289143562317,0.051726579666137698,-0.00972701609134674,-0.051803942769765857,0.9986099004745483],"EasingStyle":"Linear","EasingDirection":"In"},"Torso":{"Weight":1,"CFrame":[0.06552423536777497,-0.012374676764011383,0.06743836402893067,0.9998766779899597,-0.00776955159381032,0.013647327199578286,0.007980460301041603,0.999848484992981,-0.015468345955014229,-0.013525077141821385,0.015575350262224675,0.9997872114181519],"EasingStyle":"Linear","EasingDirection":"In"},"HumanoidRootPart":{"Weight":0,"CFrame":[0,0,0,1,0,0,0,1,0,0,0,1],"EasingStyle":"Linear","EasingDirection":"In"},"Right Leg":{"Weight":1,"CFrame":[0.4094521999359131,-0.02887415885925293,0.021951794624328615,0.6076783537864685,0.793845534324646,-0.0231618694961071,-0.7928286194801331,0.608086347579956,0.04066550359129906,0.046366628259420398,-0.006348230876028538,0.9989043474197388],"EasingStyle":"Linear","EasingDirection":"In"}}},{"Time":0.10000000149011612,"poses":{"Left Leg":{"Weight":1,"CFrame":[0.043076545000076297,-0.03324246406555176,-0.000963747501373291,0.994799792766571,0.04074778035283089,0.09334354102611542,-0.03857089951634407,0.9989428520202637,-0.025008685886859895,-0.0942639708518982,0.021278290078043939,0.9953198432922363],"EasingStyle":"Linear","EasingDirection":"In"},"Right Arm":{"Weight":1,"CFrame":[0.1147686243057251,-0.27194881439208987,-0.021741867065429689,0.7130220532417297,-0.6714861392974854,0.20175690948963166,0.6650531888008118,0.7388456463813782,0.1086803525686264,-0.22204458713531495,0.056687526404857638,0.9733872413635254],"EasingStyle":"Linear","EasingDirection":"In"},"Left Arm":{"Weight":1,"CFrame":[-0.9681130647659302,0.12333548069000244,-0.1677040457725525,-0.8083481192588806,0.562080442905426,-0.1750396490097046,-0.5234065055847168,-0.8222870230674744,-0.2233598381280899,-0.26947906613349917,-0.08893569558858872,0.9588907957077026],"EasingStyle":"Linear","EasingDirection":"In"},"Head":{"Weight":1,"CFrame":[0.03535446524620056,-0.002403498161584139,0.0028493404388427736,0.9999645948410034,0.007797472178936005,0.0031609043944627048,-0.008003346621990204,0.9974141716957092,0.07142100483179093,-0.0025958274491131307,-0.07144377380609513,0.9974412322044373],"EasingStyle":"Linear","EasingDirection":"In"},"Torso":{"Weight":1,"CFrame":[0.05733264982700348,-0.026343464851379396,0.06518197059631348,0.9999679327011108,-0.003805857850238681,0.007044386118650436,0.004035859368741512,0.9994495511054993,-0.03292934224009514,-0.006915184203535318,0.03295671567320824,0.9994328618049622],"EasingStyle":"Linear","EasingDirection":"In"},"HumanoidRootPart":{"Weight":0,"CFrame":[0,0,0,1,0,0,0,1,0,0,0,1],"EasingStyle":"Linear","EasingDirection":"In"},"Right Leg":{"Weight":1,"CFrame":[0.4601404368877411,0.0691949725151062,0.0284574031829834,0.7912368774414063,0.6109402775764465,-0.02638673037290573,-0.6103479862213135,0.7916566133499146,0.027479130774736406,0.037677403539419177,-0.0056374226696789269,0.9992740750312805],"EasingStyle":"Linear","EasingDirection":"In"}}},{"Time":0.11666666716337204,"poses":{"Left Leg":{"Weight":1,"CFrame":[0.04488048329949379,-0.036444783210754397,-0.0011845231056213379,0.993556022644043,0.05920454487204552,0.09665005654096604,-0.05639275535941124,0.9979093670845032,-0.03157200291752815,-0.09831724315881729,0.025918196886777879,0.9948175549507141],"EasingStyle":"Linear","EasingDirection":"In"},"Right Arm":{"Weight":1,"CFrame":[0.14817914366722108,-0.39210161566734316,-0.05133289098739624,0.3307887017726898,-0.8335305452346802,0.44249942898750307,0.8463926315307617,0.46942034363746645,0.25152355432510378,-0.4173707664012909,0.29132696986198428,0.8607730269432068],"EasingStyle":"Linear","EasingDirection":"In"},"Left Arm":{"Weight":1,"CFrame":[-0.993181049823761,0.15000265836715699,-0.2155809998512268,-0.19095595180988313,0.9291293621063232,-0.3166300356388092,-0.9281567931175232,-0.27588990330696108,-0.2498193383216858,-0.31946951150894167,0.24617765843868257,0.9150605201721191],"EasingStyle":"Linear","EasingDirection":"In"},"Head":{"Weight":1,"CFrame":[0.024418994784355165,-0.002555080922320485,0.0028715133666992189,0.9999638795852661,0.00807285774499178,-0.002656985307112336,-0.0078075663186609749,0.9960848093032837,0.08805728703737259,0.003357456298545003,-0.08803336322307587,0.9961118698120117],"EasingStyle":"Linear","EasingDirection":"In"},"Torso":{"Weight":1,"CFrame":[0.04938385635614395,-0.039719752967357638,0.058580636978149417,0.9999995231628418,0.0001982089743250981,0.000954073911998421,-0.00015059509314596653,0.9987666606903076,-0.04964969679713249,-0.0009627382387407124,0.04964952915906906,0.9987662434577942],"EasingStyle":"Linear","EasingDirection":"In"},"HumanoidRootPart":{"Weight":0,"CFrame":[0,0,0,1,0,0,0,1,0,0,0,1],"EasingStyle":"Linear","EasingDirection":"In"},"Right Leg":{"Weight":1,"CFrame":[0.5137508511543274,0.16550606489181519,0.0345078706741333,0.9240192174911499,0.3812263011932373,-0.029239607974886895,-0.3809501826763153,0.9244784712791443,0.01471682172268629,0.03264188393950462,-0.002459816401824355,0.9994640946388245],"EasingStyle":"Linear","EasingDirection":"In"}}},{"Time":0.13333334028720857,"poses":{"Left Leg":{"Weight":1,"CFrame":[0.047543641179800037,-0.038164615631103519,-0.001500546932220459,0.9919482469558716,0.07578562945127487,0.10146503895521164,-0.07236965000629425,0.9966935515403748,-0.03694001957774162,-0.10392911732196808,0.02929960936307907,0.9941530227661133],"EasingStyle":"Linear","EasingDirection":"In"},"Right Arm":{"Weight":1,"CFrame":[0.20592288672924043,-0.46511310338974,-0.08871722221374512,-0.11817533522844315,-0.8590893745422363,0.49799618124961855,0.9492204189300537,0.04952637106180191,0.3106890320777893,-0.29157358407974245,0.5094237327575684,0.8096123337745667],"EasingStyle":"Linear","EasingDirection":"In"},"Left Arm":{"Weight":1,"CFrame":[-0.8986750841140747,0.023957669734954835,-0.2766479253768921,0.37142109870910647,0.8532063961029053,-0.366176575422287,-0.9219435453414917,0.29225727915763857,-0.25417670607566836,-0.10984744131565094,0.4320005774497986,0.895158588886261],"EasingStyle":"Linear","EasingDirection":"In"},"Head":{"Weight":1,"CFrame":[0.01374285202473402,-0.0026965413708239795,0.0028923749923706056,0.9999528527259827,0.0068627698346972469,-0.006873240228742361,-0.0061399382539093498,0.994951605796814,0.1001676619052887,0.007525969296693802,-0.10012072324752808,0.9949468374252319],"EasingStyle":"Linear","EasingDirection":"In"},"Torso":{"Weight":1,"CFrame":[0.04214963689446449,-0.05168648064136505,0.04788088798522949,0.9999828338623047,0.0041105966083705429,-0.004173310473561287,-0.004371673800051212,0.9979011416435242,-0.0646081194281578,0.0038989733438938858,0.06462525576353073,0.997901976108551],"EasingStyle":"Linear","EasingDirection":"In"},"HumanoidRootPart":{"Weight":0,"CFrame":[0,0,0,1,0,0,0,1,0,0,0,1],"EasingStyle":"Linear","EasingDirection":"In"},"Right Leg":{"Weight":1,"CFrame":[0.5663079023361206,0.2602238655090332,0.04118931293487549,0.9909443855285645,0.12966904044151307,-0.03485845401883125,-0.12977908551692964,0.9915425181388855,-0.0009016962721943855,0.034446775913238528,0.005417383275926113,0.9993918538093567],"EasingStyle":"Linear","EasingDirection":"In"}}},{"Time":0.15000000596046449,"poses":{"Left Leg":{"Weight":1,"CFrame":[0.051244065165519717,-0.0378953218460083,-0.0019299983978271485,0.9900417327880859,0.09007920324802399,0.10818101465702057,-0.08606448769569397,0.9954359531402588,-0.04123349115252495,-0.11140157282352448,0.03151232749223709,0.9932757019996643],"EasingStyle":"Linear","EasingDirection":"In"},"Right Arm":{"Weight":1,"CFrame":[0.2954990565776825,-0.4853585362434387,-0.1297982931137085,-0.4635631740093231,-0.7298831343650818,0.5023741722106934,0.8859311938285828,-0.37198421359062197,0.27704453468322756,-0.015334845520555973,0.5734965801239014,0.8190644383430481],"EasingStyle":"Linear","EasingDirection":"In"},"Left Arm":{"Weight":1,"CFrame":[-0.7809231281280518,-0.08007615804672241,-0.31643396615982058,0.5669727325439453,0.7446517944335938,-0.35218697786331179,-0.8235636949539185,0.5211904644966126,-0.22383780777454377,0.01687527634203434,0.4169582724571228,0.9087689518928528],"EasingStyle":"Linear","EasingDirection":"In"},"Head":{"Weight":1,"CFrame":[0.0038447254337370397,-0.002822947921231389,0.002912759780883789,0.9999456405639648,0.0032360036857426168,-0.00991450622677803,-0.0021410402841866018,0.9940915703773499,0.10852374881505966,0.01020711101591587,-0.10849662125110626,0.9940444231033325],"EasingStyle":"Linear","EasingDirection":"In"},"Torso":{"Weight":1,"CFrame":[0.035754937678575519,-0.06197193264961243,0.03218340873718262,0.9999346733093262,0.007839496247470379,-0.008321006782352925,-0.008460796438157559,0.9969591498374939,-0.07746491581201554,0.007688417565077543,0.07753025740385056,0.9969603419303894],"EasingStyle":"Linear","EasingDirection":"In"},"HumanoidRootPart":{"Weight":0,"CFrame":[0,0,0,1,0,0,0,1,0,0,0,1],"EasingStyle":"Linear","EasingDirection":"In"},"Right Leg":{"Weight":1,"CFrame":[0.6172137260437012,0.35602396726608279,0.047847867012023929,0.9943731427192688,-0.09720786660909653,-0.042102739214897159,0.09641233086585999,0.9951296448707581,-0.020534120500087739,0.043893828988075259,0.016359340399503709,0.9989022612571716],"EasingStyle":"Linear","EasingDirection":"In"}}},{"Time":0.1666666716337204,"poses":{"Left Leg":{"Weight":1,"CFrame":[0.0555562786757946,-0.036217331886291507,-0.0024451613426208498,0.9880059957504273,0.10190420597791672,0.11601591110229492,-0.09730749577283859,0.9942530393600464,-0.04463353380560875,-0.11989755183458328,0.032808996737003329,0.9922440052032471],"EasingStyle":"Linear","EasingDirection":"In"},"Right Arm":{"Weight":1,"CFrame":[0.39956435561180117,-0.3871126174926758,-0.1783258318901062,-0.7171977162361145,-0.5732690691947937,0.3962196707725525,0.6882469058036804,-0.6718577742576599,0.27372145652770998,0.10928728431463242,0.46900925040245058,0.8764054775238037],"EasingStyle":"Linear","EasingDirection":"In"},"Left Arm":{"Weight":1,"CFrame":[-0.6931309103965759,-0.13733774423599244,-0.32531023025512698,0.6449834704399109,0.686559796333313,-0.33560711145401,-0.7589648365974426,0.6267905831336975,-0.17636854946613313,0.08926782757043839,0.36846864223480227,0.9253442287445068],"EasingStyle":"Linear","EasingDirection":"In"},"Head":{"Weight":1,"CFrame":[-0.0047567253932356838,-0.0029295796994119884,0.0029304027557373049,0.9999218583106995,-0.0020579183474183084,-0.012331574223935604,0.0034560924395918848,0.9934221506118774,0.11445755511522293,0.012014915235340596,-0.11449123173952103,0.9933515787124634],"EasingStyle":"Linear","EasingDirection":"In"},"Torso":{"Weight":1,"CFrame":[0.030239298939704896,-0.07043102383613587,0.0090484619140625,0.999869167804718,0.011294704861938954,-0.011579010635614396,-0.012271001003682614,0.996041476726532,-0.08803875744342804,0.010538802482187748,0.08816932141780853,0.9960497617721558],"EasingStyle":"Linear","EasingDirection":"In"},"HumanoidRootPart":{"Weight":0,"CFrame":[0,0,0,1,0,0,0,1,0,0,0,1],"EasingStyle":"Linear","EasingDirection":"In"},"Right Leg":{"Weight":1,"CFrame":[0.6654492616653442,0.4577624201774597,0.05335712432861328,0.9613971710205078,-0.27031514048576357,-0.051431406289339069,0.26827889680862429,0.9623726606369019,-0.04318920895457268,0.061170924454927447,0.02772398665547371,0.9977421760559082],"EasingStyle":"Linear","EasingDirection":"In"}}},{"Time":0.18333333730697633,"poses":{"Left Leg":{"Weight":1,"CFrame":[-0.08293646574020386,-0.012925863265991211,0.015897274017333986,0.9919127821922302,0.026207176968455316,0.12418597936630249,-0.020470542833209039,0.9986734390258789,-0.04724714905023575,-0.12525948882102967,0.04432288929820061,0.991133451461792],"EasingStyle":"Linear","EasingDirection":"In"},"Right Arm":{"Weight":1,"CFrame":[0.5036622285842896,-0.16361266374588014,-0.22952836751937867,-0.8750726580619812,-0.38881030678749087,0.2882262170314789,0.4584696590900421,-0.8567419648170471,0.23621788620948792,0.15509150922298432,0.3388507068157196,0.9279691576957703],"EasingStyle":"Linear","EasingDirection":"In"},"Left Arm":{"Weight":1,"CFrame":[-0.6326629519462586,-0.1681918203830719,-0.3228645920753479,0.6873580813407898,0.6504862308502197,-0.3231200873851776,-0.7137094140052795,0.6874417066574097,-0.134323388338089,0.13475069403648377,0.32294195890426638,0.9367767572402954],"EasingStyle":"Linear","EasingDirection":"In"},"Head":{"Weight":1,"CFrame":[-0.011542746797204018,-0.0030117500573396684,0.002944469451904297,0.9998584389686585,-0.00824988353997469,-0.014662480913102627,0.009941150434315205,0.9928088784217835,0.1192965880036354,0.01357286050915718,-0.11942547559738159,0.9927504062652588],"EasingStyle":"Linear","EasingDirection":"In"},"Torso":{"Weight":1,"CFrame":[0.025644224137067796,-0.07690674066543579,-0.02281498908996582,0.9997981190681458,0.014379210770130158,-0.014034854248166085,-0.01566322334110737,0.9952452182769775,-0.09613343328237534,0.012585798278450966,0.09633385390043259,0.9952694773674011],"EasingStyle":"Linear","EasingDirection":"In"},"HumanoidRootPart":{"Weight":0,"CFrame":[0,0,0,1,0,0,0,1,0,0,0,1],"EasingStyle":"Linear","EasingDirection":"In"},"Right Leg":{"Weight":1,"CFrame":[0.7102205157279968,0.5506618022918701,0.05681502819061279,0.918013870716095,-0.39151325821876528,-0.06299187988042832,0.38742050528526308,0.9193812012672424,-0.06814338266849518,0.08459264785051346,0.03815218806266785,0.9956849217414856],"EasingStyle":"Linear","EasingDirection":"In"}}},{"Time":0.20000000298023225,"poses":{"Left Leg":{"Weight":1,"CFrame":[-0.20722918212413789,0.01959139108657837,0.03510940074920654,0.990225076675415,-0.0452830009162426,0.13192309439182282,0.052151843905448917,0.9974321722984314,-0.04908422380685806,-0.12936168909072877,0.05548446998000145,0.9900439381599426],"EasingStyle":"Linear","EasingDirection":"In"},"Right Arm":{"Weight":1,"CFrame":[0.594058096408844,0.0782855749130249,-0.2765042185783386,-0.9559561014175415,-0.21928416192531587,0.1950959414243698,0.2527173161506653,-0.9529922604560852,0.1671518236398697,0.1492711901664734,0.2090938687324524,0.9664356112480164],"EasingStyle":"Linear","EasingDirection":"In"},"Left Arm":{"Weight":1,"CFrame":[-0.5968832969665527,-0.1850993037223816,-0.31579476594924929,0.7142406702041626,0.6267904043197632,-0.31143873929977419,-0.6813480257987976,0.7244514226913452,-0.10457048565149307,0.1600784957408905,0.2868865728378296,0.9444950819015503],"EasingStyle":"Linear","EasingDirection":"In"},"Head":{"Weight":1,"CFrame":[-0.015994735062122346,-0.003064507618546486,0.0029534101486206056,0.999741792678833,-0.01455756463110447,-0.017448021098971368,0.01661667972803116,0.9920978546142578,0.1243613064289093,0.015499751083552838,-0.12461912631988526,0.9920836091041565],"EasingStyle":"Linear","EasingDirection":"In"},"Torso":{"Weight":1,"CFrame":[0.022012129426002504,-0.08122631907463074,-0.06007885932922363,0.9997312426567078,0.016989517956972123,-0.015774939209222795,-0.01850544475018978,0.9946600794792175,-0.10153290629386902,0.013965706340968609,0.10179753601551056,0.9947071075439453],"EasingStyle":"Linear","EasingDirection":"In"},"HumanoidRootPart":{"Weight":0,"CFrame":[0,0,0,1,0,0,0,1,0,0,0,1],"EasingStyle":"Linear","EasingDirection":"In"},"Right Leg":{"Weight":1,"CFrame":[0.7511242628097534,0.6188812851905823,0.05825471878051758,0.8776145577430725,-0.4733087122440338,-0.07597100734710694,0.46620607376098635,0.8796138763427734,-0.0945054292678833,0.11155543476343155,0.0475212000310421,0.9926213622093201],"EasingStyle":"Linear","EasingDirection":"In"}}},{"Time":0.21666666865348817,"poses":{"Left Leg":{"Weight":1,"CFrame":[-0.29048869013786318,0.04869401454925537,0.0499880313873291,0.9857399463653565,-0.09563050419092179,0.13846147060394288,0.10341258347034455,0.9933744668960571,-0.050129786133766177,-0.13275016844272614,0.06373360753059387,0.989098310470581],"EasingStyle":"Linear","EasingDirection":"In"},"Right Arm":{"Weight":1,"CFrame":[0.65943843126297,0.25366145372390749,-0.32321542501449587,-0.9870271682739258,-0.09419697523117066,0.13001680374145509,0.10504602640867233,-0.9913035035133362,0.07926338911056519,0.12141972035169602,0.09189275652170181,0.9883384704589844],"EasingStyle":"Linear","EasingDirection":"In"},"Left Arm":{"Weight":1,"CFrame":[-0.5797737240791321,-0.19687128067016602,-0.30693578720092776,0.7360110282897949,0.6081727743148804,-0.2973446249961853,-0.6553886532783508,0.7501541972160339,-0.0879448726773262,0.16956861317157746,0.2596046030521393,0.9507112503051758],"EasingStyle":"Linear","EasingDirection":"In"},"Head":{"Weight":1,"CFrame":[-0.017594004049897195,-0.003083225339651108,0.0029565095901489259,0.9995777606964111,-0.02016581781208515,-0.020918771624565126,0.02272515557706356,0.9912055134773254,0.13036558032035829,0.01810588128864765,-0.13078591227531434,0.9912452697753906],"EasingStyle":"Linear","EasingDirection":"In"},"Torso":{"Weight":1,"CFrame":[0.01938505470752716,-0.0831960141658783,-0.09827160835266113,0.9996765851974487,0.01901599019765854,-0.0168861523270607,-0.020671559497714044,0.9943629503250122,-0.10399502515792847,0.014813394285738469,0.10431045293807984,0.9944344758987427],"EasingStyle":"Linear","EasingDirection":"In"},"HumanoidRootPart":{"Weight":0,"CFrame":[0,0,0,1,0,0,0,1,0,0,0,1],"EasingStyle":"Linear","EasingDirection":"In"},"Right Leg":{"Weight":1,"CFrame":[0.7879101634025574,0.6680507659912109,0.05811357498168945,0.847167432308197,-0.5238171815872192,-0.08901083469390869,0.5130013823509216,0.8500074744224548,-0.11965306848287583,0.13833625614643098,0.05570342391729355,0.988817572593689],"EasingStyle":"Linear","EasingDirection":"In"}}},{"Time":0.23333333432674409,"poses":{"Left Leg":{"Weight":1,"CFrame":[-0.3518134355545044,0.07294750213623047,0.06169605255126953,0.9803767204284668,-0.13565868139266969,0.14303216338157655,0.14410200715065003,0.9882797002792358,-0.050376955419778827,-0.1345217078924179,0.06999964267015457,0.9884350895881653],"EasingStyle":"Linear","EasingDirection":"In"},"Right Arm":{"Weight":1,"CFrame":[0.6981741189956665,0.36533957719802859,-0.36916184425354006,-0.9958948493003845,-0.021806424483656884,0.0878518745303154,0.02159142680466175,-0.9997611045837402,-0.003395826555788517,0.0879049077630043,-0.0014850867446511984,0.9961277842521668],"EasingStyle":"Linear","EasingDirection":"In"},"Left Arm":{"Weight":1,"CFrame":[-0.5734700560569763,-0.20458939671516419,-0.2976633906364441,0.754812479019165,0.5939095616340637,-0.27844151854515078,-0.6343297958374023,0.7689785957336426,-0.07935729622840882,0.1669844686985016,0.23652352392673493,0.9571691155433655],"EasingStyle":"Linear","EasingDirection":"In"},"Head":{"Weight":1,"CFrame":[-0.017568716779351236,-0.0030801843386143448,0.002953648567199707,0.9994188547134399,-0.024181829765439035,-0.024023709818720819,0.027223438024520875,0.9903858304023743,0.13562749326229096,0.020513027906417848,-0.13620267808437348,0.9904686212539673],"EasingStyle":"Linear","EasingDirection":"In"},"Torso":{"Weight":1,"CFrame":[0.017802927643060685,-0.08259636163711548,-0.13293838500976563,0.9996406435966492,0.020343437790870668,-0.017458001151680948,-0.02204013243317604,0.9944117069244385,-0.10324545949697495,0.01526007242500782,0.1035931259393692,0.9945026636123657],"EasingStyle":"Linear","EasingDirection":"In"},"HumanoidRootPart":{"Weight":0,"CFrame":[0,0,0,1,0,0,0,1,0,0,0,1],"EasingStyle":"Linear","EasingDirection":"In"},"Right Leg":{"Weight":1,"CFrame":[0.8205228447914124,0.7043657302856445,0.05710327625274658,0.8307726979255676,-0.5474929809570313,-0.10034029930830002,0.5330583453178406,0.8344689011573792,-0.13967981934547425,0.16020461916923524,0.06255491077899933,0.9850996732711792],"EasingStyle":"Linear","EasingDirection":"In"}}},{"Time":0.25,"poses":{"Left Leg":{"Weight":1,"CFrame":[-0.39540109038352969,0.08947610855102539,0.06959223747253418,0.9751776456832886,-0.16746333241462708,0.14486035704612733,0.1762259304523468,0.983086884021759,-0.04984521120786667,-0.13406315445899964,0.07413609325885773,0.9881957769393921],"EasingStyle":"Linear","EasingDirection":"In"},"Right Arm":{"Weight":1,"CFrame":[0.7110574841499329,0.4380791187286377,-0.4007260799407959,-0.9983270168304443,0.0008695979486219585,0.05781390890479088,-0.0044035278260707859,-0.9981265068054199,-0.06102481856942177,0.05765252187848091,-0.061177369207143787,0.996460497379303],"EasingStyle":"Linear","EasingDirection":"In"},"Left Arm":{"Weight":1,"CFrame":[-0.5725694894790649,-0.20736023783683778,-0.29097723960876467,0.7704485058784485,0.5835090279579163,-0.2567611038684845,-0.6181091666221619,0.7823294997215271,-0.07682236284017563,0.15604527294635774,0.217894047498703,0.9634168744087219],"EasingStyle":"Linear","EasingDirection":"In"},"Head":{"Weight":1,"CFrame":[-0.0174943208694458,-0.0030712811276316644,0.0029450654983520509,0.9993473291397095,-0.02571629360318184,-0.02536916546523571,0.02897666022181511,0.9900245070457459,0.13788357377052308,0.0215702336281538,-0.1385287046432495,0.9901235103607178],"EasingStyle":"Linear","EasingDirection":"In"},"Torso":{"Weight":1,"CFrame":[0.01730155199766159,-0.07917588949203491,-0.15964412689208985,0.9996278882026672,0.02085171267390251,-0.01758512482047081,-0.022492805495858194,0.9948362112045288,-0.09896986931562424,0.015430626459419728,0.09932858496904373,0.9949350357055664],"EasingStyle":"Linear","EasingDirection":"In"},"HumanoidRootPart":{"Weight":0,"CFrame":[0,0,0,1,0,0,0,1,0,0,0,1],"EasingStyle":"Linear","EasingDirection":"In"},"Right Leg":{"Weight":1,"CFrame":[0.8489038944244385,0.734085202217102,0.056128859519958499,0.8312154412269592,-0.5453235507011414,-0.10818038135766983,0.5285364389419556,0.8354729413986206,-0.1504470556974411,0.17242419719696046,0.06787662953138352,0.982681393623352],"EasingStyle":"Linear","EasingDirection":"In"}}},{"Time":0.2666666805744171,"poses":{"Left Leg":{"Weight":1,"CFrame":[-0.41835591197013857,0.08007997274398804,0.07198715209960938,0.9714743494987488,-0.18908247351646424,0.1431272178888321,0.19761784374713899,0.979110836982727,-0.047845155000686648,-0.13109080493450166,0.07476484030485153,0.988547146320343],"EasingStyle":"Linear","EasingDirection":"In"},"Right Arm":{"Weight":1,"CFrame":[0.7112172842025757,0.4926270842552185,-0.41514986753463747,-0.9994451403617859,0.0003127033414784819,0.03330578655004501,-0.0035622804425656797,-0.9952241778373718,-0.09755077958106995,0.03311619162559509,-0.09761547297239304,0.9946730732917786],"EasingStyle":"Linear","EasingDirection":"In"},"Left Arm":{"Weight":1,"CFrame":[-0.5727912187576294,-0.20474424958229066,-0.29535895586013796,0.7826946377754211,0.5764769315719605,-0.2346561849117279,-0.6063451766967773,0.7913249731063843,-0.07842347770929337,0.14047999680042268,0.20366425812244416,0.9689098000526428],"EasingStyle":"Linear","EasingDirection":"In"},"Head":{"Weight":1,"CFrame":[-0.017372967675328256,-0.0030566942878067495,0.002930760383605957,0.9995460510253906,-0.02423168532550335,-0.017903659492731096,0.026383953168988229,0.9909207224845886,0.13183340430259705,0.01454655546694994,-0.13224591314792634,0.9911102056503296],"EasingStyle":"Linear","EasingDirection":"In"},"Torso":{"Weight":1,"CFrame":[0.018358323723077775,-0.07168184220790863,-0.15728044509887696,0.9996833205223084,0.018918504938483239,-0.016591938212513925,-0.020331595093011857,0.9957700967788696,-0.08960229903459549,0.01482661347836256,0.08991126716136933,0.9958394169807434],"EasingStyle":"Linear","EasingDirection":"In"},"HumanoidRootPart":{"Weight":0,"CFrame":[0,0,0,1,0,0,0,1,0,0,0,1],"EasingStyle":"Linear","EasingDirection":"In"},"Right Leg":{"Weight":1,"CFrame":[0.8762433528900147,0.7630496025085449,0.056558847427368167,0.863470196723938,-0.4934172034263611,-0.10468413680791855,0.4785271883010864,0.8669589757919312,-0.13926157355308534,0.15947099030017854,0.07015396654605866,0.9847067594528198],"EasingStyle":"Linear","EasingDirection":"In"}}},{"Time":0.28333333134651186,"poses":{"Left Leg":{"Weight":1,"CFrame":[-0.40683695673942568,0.03667372465133667,0.0666954517364502,0.9716320037841797,-0.1919376403093338,0.13817070424556733,0.1995970755815506,0.9789001941680908,-0.04376552626490593,-0.12685512006282807,0.0701024979352951,0.9894409775733948],"EasingStyle":"Linear","EasingDirection":"In"},"Right Arm":{"Weight":1,"CFrame":[0.7112923860549927,0.5336775779724121,-0.42130833864212038,-0.9999154210090637,-0.0007219274993985891,0.012985406443476677,-0.0009042925084941089,-0.9921830892562866,-0.12478721886873245,0.012973958626389504,-0.12478841096162796,0.9920985698699951],"EasingStyle":"Linear","EasingDirection":"In"},"Left Arm":{"Weight":1,"CFrame":[-0.5732789039611816,-0.19868862628936768,-0.30962735414505007,0.7914422154426575,0.5723012089729309,-0.2146872878074646,-0.598535418510437,0.796860933303833,-0.08226732164621353,0.12399419397115708,0.19360770285129548,0.973211944103241],"EasingStyle":"Linear","EasingDirection":"In"},"Head":{"Weight":1,"CFrame":[-0.017206810414791108,-0.003036625450477004,0.0029119253158569338,0.9998050928115845,-0.019691362977027894,-0.001424648449756205,0.019723782315850259,0.9930669665336609,0.11588368564844132,-0.0008671361138112843,-0.11588919162750244,0.9932617545127869],"EasingStyle":"Linear","EasingDirection":"In"},"Torso":{"Weight":1,"CFrame":[0.021160311996936799,-0.06026722490787506,-0.1127471923828125,0.9998090863227844,0.013590430840849877,-0.014039204455912114,-0.014610775746405125,0.9970512986183167,-0.07533402740955353,0.012973985634744168,0.07552476972341538,0.9970595240592957],"EasingStyle":"Linear","EasingDirection":"In"},"HumanoidRootPart":{"Weight":0,"CFrame":[0,0,0,1,0,0,0,1,0,0,0,1],"EasingStyle":"Linear","EasingDirection":"In"},"Right Leg":{"Weight":1,"CFrame":[0.9028642773628235,0.7864468693733215,0.057534217834472659,0.9213812351226807,-0.37840786576271059,-0.08867940306663513,0.3685316741466522,0.9230936169624329,-0.10992071032524109,0.12345433235168457,0.06859767436981201,0.9899764657020569],"EasingStyle":"Linear","EasingDirection":"In"}}},{"Time":0.30000001192092898,"poses":{"Left Leg":{"Weight":1,"CFrame":[-0.3312801718711853,-0.02787911891937256,0.05109834671020508,0.9786809682846069,-0.15826232731342317,0.13090665638446809,0.1644519418478012,0.9856590628623962,-0.037838298827409747,-0.12304099649190903,0.05855949595570564,0.9906723499298096],"EasingStyle":"Linear","EasingDirection":"In"},"Right Arm":{"Weight":1,"CFrame":[0.7113193273544312,0.5619093179702759,-0.4203187823295593,-0.9999884963035584,-0.0023063463158905508,-0.00420256657525897,0.00287113175727427,-0.9901767373085022,-0.13979172706604005,-0.0038389095570892097,-0.1398022323846817,0.9901720285415649],"EasingStyle":"Linear","EasingDirection":"In"},"Left Arm":{"Weight":1,"CFrame":[-0.5737665295600891,-0.19188302755355836,-0.32563823461532595,0.7967542409896851,0.5704272985458374,-0.19948819279670716,-0.594167947769165,0.7996816635131836,-0.0864497497677803,0.11021377146244049,0.18740861117839814,0.9760793447494507],"EasingStyle":"Linear","EasingDirection":"In"},"Head":{"Weight":1,"CFrame":[-0.016998039558529855,-0.0030113626271486284,0.002887725830078125,0.9998125433921814,-0.012054474093019963,0.015149668790400029,0.010588650591671467,0.995575487613678,0.0933666080236435,-0.016208123415708543,-0.09318868815898895,0.9955165386199951],"EasingStyle":"Linear","EasingDirection":"In"},"Torso":{"Weight":1,"CFrame":[0.02530287578701973,-0.04676058888435364,-0.03347921371459961,0.9999296069145203,0.005747632123529911,-0.010382390581071377,-0.006344994530081749,0.9982701539993286,-0.05845073238015175,0.0100284768268466,0.05851249396800995,0.9982362985610962],"EasingStyle":"Linear","EasingDirection":"In"},"HumanoidRootPart":{"Weight":0,"CFrame":[0,0,0,1,0,0,0,1,0,0,0,1],"EasingStyle":"Linear","EasingDirection":"In"},"Right Leg":{"Weight":1,"CFrame":[0.9239824414253235,0.7932814359664917,0.05715227127075195,0.9726470708847046,-0.22172841429710389,-0.06923993676900864,0.21599148213863374,0.9729759693145752,-0.08164221048355103,0.08547123521566391,0.06445379555225373,0.9942536950111389],"EasingStyle":"Linear","EasingDirection":"In"}}},{"Time":0.3166666626930237,"poses":{"Left Leg":{"Weight":1,"CFrame":[0.01905575580894947,-0.10671699047088623,0.0017895698547363282,0.99183589220047,0.03656713664531708,0.12216562032699585,-0.033064838498830798,0.9989854693412781,-0.03057459555566311,-0.1231597512960434,0.02628559246659279,0