{"Sequence":[{"Time":0,"poses":{"Left Leg":{"Weight":1,"CFrame":[-0.1805092990398407,0.0958627462387085,0.023320436477661134,0.9785454869270325,-0.1463645100593567,0.1450037956237793,0.12458083778619766,0.98089998960495,0.14938172698020936,-0.16409848630428315,-0.1281120479106903,0.978089451789856],"EasingStyle":"Linear","EasingDirection":"In"},"Right Arm":{"Weight":1,"CFrame":[-4.779533924192947e-8,-0.3132091164588928,0.17705416679382325,-0.40297165513038638,-0.8974501490592957,-0.17943552136421204,0.7345861196517944,-0.43410593271255495,0.5214741230010986,-0.5458910465240479,0.07832828164100647,0.8341867923736572],"EasingStyle":"Linear","EasingDirection":"In"},"Left Arm":{"Weight":1,"CFrame":[0,-5.960464477539063e-8,-5.960464477539063e-8,-0.6445923447608948,0.7419613003730774,0.18437467515468598,-0.7251364588737488,-0.6697471737861633,0.16004960238933564,0.24223503470420838,-0.030530167743563653,0.9697371125221252],"EasingStyle":"Linear","EasingDirection":"In"},"Right Leg":{"Weight":1,"CFrame":[0.2488536834716797,0.09192246198654175,0.04235351085662842,0.9667519927024841,0.19338959455490113,-0.16730517148971559,-0.1756463199853897,0.9776928424835205,0.1151742935180664,0.1858467012643814,-0.08195843547582627,0.979154646396637],"EasingStyle":"Linear","EasingDirection":"In"},"Torso":{"Weight":1,"CFrame":[-1.0684216022491456,0,-0.1967029571533203,0.9344323873519898,0,-0.3561406433582306,0,1,0,0.3561406433582306,0,0.9344323873519898],"EasingStyle":"Linear","EasingDirection":"In"},"HumanoidRootPart":{"Weight":0,"CFrame":[0,0,0,1,0,0,0,1,0,0,0,1],"EasingStyle":"Linear","EasingDirection":"In"},"Head":{"Weight":1,"CFrame":[-5.684341886080802e-14,0,0,0.9750051498413086,-0.17783328890800477,0.133192777633667,0.14196240901947022,0.9597726464271545,0.24224600195884705,-0.1709141582250595,-0.21728278696537019,0.9610289335250855],"EasingStyle":"Linear","EasingDirection":"In"}}},{"Time":0.03333333507180214,"poses":{"Left Leg":{"Weight":1,"CFrame":[-0.18050943315029145,0.0958629846572876,0.023320674896240236,0.9785454869270325,-0.14636465907096864,0.1450040191411972,0.12458094209432602,0.9808999300003052,0.14938168227672578,-0.16409866511821748,-0.1281120926141739,0.978089451789856],"EasingStyle":"Linear","EasingDirection":"In"},"Right Arm":{"Weight":1,"CFrame":[-4.717326973491254e-8,-0.25056272745132449,0.16282248497009278,-0.4325605034828186,-0.8765406012535095,-0.21111157536506654,0.7065858840942383,-0.4750136435031891,0.5244982838630676,-0.5600247979164124,0.07770873606204987,0.8248233199119568],"EasingStyle":"Linear","EasingDirection":"In"},"Left Arm":{"Weight":1,"CFrame":[3.338405385466814e-10,0.03686702251434326,0.007637500762939453,-0.6398642063140869,0.7251405715942383,0.25445032119750979,-0.7065907716751099,-0.6853299736976624,0.17621688544750215,0.30216437578201296,-0.06703747808933258,0.9508957266807556],"EasingStyle":"Linear","EasingDirection":"In"},"Right Leg":{"Weight":1,"CFrame":[0.2488546073436737,0.09192276000976563,0.04235339164733887,0.9667518734931946,0.1933901309967041,-0.16730530560016633,-0.1756468117237091,0.977692723274231,0.1151743158698082,0.18584680557250977,-0.0819583460688591,0.979154646396637],"EasingStyle":"Linear","EasingDirection":"In"},"Torso":{"Weight":1,"CFrame":[-0.9019796848297119,0,-0.13880586624145509,0.9537314176559448,0,-0.30065998435020449,0,1,0,0.30065998435020449,0,0.9537314176559448],"EasingStyle":"Linear","EasingDirection":"In"},"HumanoidRootPart":{"Weight":0,"CFrame":[0,0,0,1,0,0,0,1,0,0,0,1],"EasingStyle":"Linear","EasingDirection":"In"},"Head":{"Weight":1,"CFrame":[1.1920928955078126e-7,0,0,0.9749152064323425,-0.17879219353199006,0.13256600499153138,0.14202550053596497,0.95829838514328,0.24797780811786652,-0.17137426137924195,-0.22292959690093995,0.9596526622772217],"EasingStyle":"Linear","EasingDirection":"In"}}},{"Time":0.06666667014360428,"poses":{"Left Leg":{"Weight":1,"CFrame":[-0.18051016330718995,0.09586280584335327,0.023320674896240236,0.9785454869270325,-0.14636483788490296,0.14500388503074647,0.12458109855651856,0.9808999300003052,0.14938178658485413,-0.16409854590892793,-0.12811212241649629,0.978089451789856],"EasingStyle":"Linear","EasingDirection":"In"},"Right Arm":{"Weight":1,"CFrame":[-4.561809774372705e-8,-0.09394612908363342,0.127244234085083,-0.5004966855049133,-0.814917266368866,-0.29225513339042666,0.6297675371170044,-0.5743449330329895,0.5229920148849487,-0.594050407409668,0.0777028352022171,0.8006661534309387],"EasingStyle":"Linear","EasingDirection":"In"},"Left Arm":{"Weight":1,"CFrame":[1.2413764460816879e-9,0.1290348768234253,0.028399348258972169,-0.609539270401001,0.6672236919403076,0.4281057119369507,-0.6518058180809021,-0.7291836142539978,0.20842374861240388,0.4512328505516052,-0.1519993543624878,0.8793662786483765],"EasingStyle":"Linear","EasingDirection":"In"},"Right Leg":{"Weight":1,"CFrame":[0.2488543540239334,0.09192246198654175,0.042353153228759769,0.9667518734931946,0.19338995218276978,-0.1673053652048111,-0.17564663290977479,0.9776927828788757,0.11517415940761566,0.18584680557250977,-0.08195827156305313,0.979154646396637],"EasingStyle":"Linear","EasingDirection":"In"},"Torso":{"Weight":1,"CFrame":[-0.48981547355651858,0,-0.040256500244140628,0.9865810871124268,0,-0.1632719188928604,0,1,0,0.1632719188928604,0,0.9865810871124268],"EasingStyle":"Linear","EasingDirection":"In"},"HumanoidRootPart":{"Weight":0,"CFrame":[0,0,0,1,0,0,0,1,0,0,0,1],"EasingStyle":"Linear","EasingDirection":"In"},"Head":{"Weight":1,"CFrame":[1.49011640360186e-7,0,-2.384185791015625e-7,0.9746997356414795,-0.18118035793304444,0.1308974325656891,0.1421533226966858,0.9544008374214172,0.2625099718570709,-0.17249026894569398,-0.2372608482837677,0.9560096263885498],"EasingStyle":"Linear","EasingDirection":"In"}}},{"Time":0.10000000149011612,"poses":{"Left Leg":{"Weight":1,"CFrame":[-0.18051084876060487,0.09586292505264282,0.023320794105529786,0.9785453677177429,-0.1463654637336731,0.14500389993190766,0.1245817318558693,0.9808998107910156,0.14938174188137055,-0.16409866511821748,-0.1281120330095291,0.978089451789856],"EasingStyle":"Linear","EasingDirection":"In"},"Right Arm":{"Weight":1,"CFrame":[-4.359637273410044e-8,0.10965573787689209,0.08099257946014404,-0.5733996033668518,-0.7157112956047058,-0.3987106382846832,0.5176841020584106,-0.6937145590782166,0.5007628202438355,-0.6349929571151733,0.08073078840970993,0.7682879567146301],"EasingStyle":"Linear","EasingDirection":"In"},"Left Arm":{"Weight":1,"CFrame":[2.5816291326918874e-9,0.24885356426239015,0.05906081199645996,-0.5293396711349487,0.5599843263626099,0.6373514533042908,-0.5652706027030945,-0.7929853796958923,0.2272517830133438,0.6326678991317749,-0.2399827092885971,0.7363013625144959],"EasingStyle":"Linear","EasingDirection":"In"},"Right Leg":{"Weight":1,"CFrame":[0.24885475635528565,0.0919225811958313,0.042353272438049319,0.9667518734931946,0.1933901458978653,-0.16730526089668275,-0.1756468266248703,0.977692723274231,0.11517425626516342,0.18584682047367097,-0.08195836842060089,0.979154646396637],"EasingStyle":"Linear","EasingDirection":"In"},"Torso":{"Weight":1,"CFrame":[0.018094729632139207,0,-0.00005459785461425781,0.9999818205833435,0,0.006031488999724388,0,1,0,-0.006031488999724388,0,0.9999818205833435],"EasingStyle":"Linear","EasingDirection":"In"},"HumanoidRootPart":{"Weight":0,"CFrame":[0,0,0,1,0,0,0,1,0,0,0,1],"EasingStyle":"Linear","EasingDirection":"In"},"Head":{"Weight":1,"CFrame":[8.754432201385498e-8,0,1.1920928955078126e-7,0.9744406342506409,-0.18426015973091126,0.12850536406040193,0.1422552913427353,0.9488582015037537,0.28183600306510928,-0.17386451363563538,-0.25635188817977908,0.9508180022239685],"EasingStyle":"Linear","EasingDirection":"In"}}},{"Time":0.13333334028720857,"poses":{"Left Leg":{"Weight":1,"CFrame":[-0.1805097460746765,0.0958629846572876,0.023320794105529786,0.9785454869270325,-0.14636479318141938,0.14500387012958527,0.12458106875419617,0.9808999300003052,0.1493818163871765,-0.16409851610660554,-0.12811215221881867,0.978089451789856],"EasingStyle":"Linear","EasingDirection":"In"},"Right Arm":{"Weight":1,"CFrame":[-4.1574647724473837e-8,0.3132573366165161,0.03474092483520508,-0.625899076461792,-0.5966254472732544,-0.5022830963134766,0.39749759435653689,-0.7981423735618591,0.4527300298213959,-0.6710036993026733,0.08370684087276459,0.7367137670516968],"EasingStyle":"Linear","EasingDirection":"In"},"Left Arm":{"Weight":1,"CFrame":[4.21362056357566e-9,0.3686716556549072,0.09639644622802735,-0.40891557931900027,0.4207351803779602,0.8097962141036987,-0.46428489685058596,-0.8598645925521851,0.2123027741909027,0.7856383323669434,-0.2891623079776764,0.546953022480011],"EasingStyle":"Linear","EasingDirection":"In"},"Right Leg":{"Weight":1,"CFrame":[0.2488546073436737,0.0919225811958313,0.042353272438049319,0.9667518734931946,0.19339005649089814,-0.16730529069900514,-0.17564673721790315,0.9776927828788757,0.11517414450645447,0.18584676086902619,-0.08195822685956955,0.979154646396637],"EasingStyle":"Linear","EasingDirection":"In"},"Torso":{"Weight":1,"CFrame":[0.464504599571228,0,-0.0361788272857666,0.9879403710365295,0,0.1548347771167755,0,1,0,-0.1548347771167755,0,0.9879403710365295],"EasingStyle":"Linear","EasingDirection":"In"},"HumanoidRootPart":{"Weight":0,"CFrame":[0,0,0,1,0,0,0,1,0,0,0,1],"EasingStyle":"Linear","EasingDirection":"In"},"Head":{"Weight":1,"CFrame":[1.1920928955078126e-7,0,0,0.9742193818092346,-0.18731147050857545,0.12574194371700288,0.1422601044178009,0.9426345229148865,0.30199703574180605,-0.17509624361991883,-0.2763232886791229,0.9449797868728638],"EasingStyle":"Linear","EasingDirection":"In"}}},{"Time":0.1666666716337204,"poses":{"Left Leg":{"Weight":1,"CFrame":[-0.1805102676153183,0.09586310386657715,0.023320794105529786,0.9785454273223877,-0.1463649570941925,0.14500392973423005,0.1245812401175499,0.9808998703956604,0.14938172698020936,-0.16409865021705628,-0.1281120330095291,0.978089451789856],"EasingStyle":"Linear","EasingDirection":"In"},"Right Arm":{"Weight":1,"CFrame":[-4.001947218057467e-8,0.46987420320510867,-0.0008373260498046875,-0.6512205600738525,-0.4905933737754822,-0.5789903402328491,0.307060182094574,-0.8680428266525269,0.39014846086502077,-0.6939926743507385,0.0762876570224762,0.7159290313720703],"EasingStyle":"Linear","EasingDirection":"In"},"Left Arm":{"Weight":1,"CFrame":[5.996371399419331e-9,0.46083998680114748,0.13718140125274659,-0.2989520728588104,0.2882801592350006,0.9096825122833252,-0.37086254358291628,-0.913440465927124,0.16759327054023744,0.8792545795440674,-0.28726476430892947,0.3799871802330017],"EasingStyle":"Linear","EasingDirection":"In"},"Right Leg":{"Weight":1,"CFrame":[0.24885398149490357,0.09192276000976563,0.04235339164733887,0.9667519330978394,0.19338977336883546,-0.1673053503036499,-0.17564649879932404,0.9776927828788757,0.11517419666051865,0.18584682047367097,-0.0819583460688591,0.979154646396637],"EasingStyle":"Linear","EasingDirection":"In"},"Torso":{"Weight":1,"CFrame":[0.7967379093170166,0,-0.10773277282714844,0.964089035987854,0,0.2655792236328125,0,1,0,-0.2655792236328125,0,0.964089035987854],"EasingStyle":"Linear","EasingDirection":"In"},"HumanoidRootPart":{"Weight":0,"CFrame":[0,0,0,1,0,0,0,1,0,0,0,1],"EasingStyle":"Linear","EasingDirection":"In"},"Head":{"Weight":1,"CFrame":[1.1920928955078126e-7,0,1.1920928955078126e-7,0.974115788936615,-0.1896502673625946,0.12300906330347061,0.14212283492088319,0.9369916319847107,0.3191360831260681,-0.175782710313797,-0.293393075466156,0.939691960811615],"EasingStyle":"Linear","EasingDirection":"In"}}},{"Time":0.20000000298023225,"poses":{"Left Leg":{"Weight":1,"CFrame":[-0.42633429169654848,0.046134889125823978,0.060363054275512698,0.9455604553222656,-0.29116496443748476,0.1453906148672104,0.26914116740226748,0.9507644772529602,0.15365520119667054,-0.1829712986946106,-0.10615968704223633,0.9773697853088379],"EasingStyle":"Linear","EasingDirection":"In"},"Right Arm":{"Weight":1,"CFrame":[-3.9397402673557738e-8,0.5325210094451904,-0.015068531036376953,-0.657444179058075,-0.4349620044231415,-0.6152845621109009,0.2837221920490265,-0.89936763048172,0.3326253890991211,-0.6980464458465576,0.04411260411143303,0.7146924138069153],"EasingStyle":"Linear","EasingDirection":"In"},"Left Arm":{"Weight":1,"CFrame":[7.78890374419916e-9,0.49770694971084597,0.17818927764892579,-0.26100999116897585,0.19552463293075562,0.9453274011611939,-0.29616570472717287,-0.9482656717300415,0.11435956507921219,0.9187816381454468,-0.2501245439052582,0.30541449785232546],"EasingStyle":"Linear","EasingDirection":"In"},"Right Leg":{"Weight":1,"CFrame":[0.4496239423751831,0.04678279161453247,0.06029820442199707,0.9344771504402161,0.31251659989356997,-0.1705455332994461,-0.29321086406707766,0.947273313999176,0.1292312741279602,0.20194019377231599,-0.07075794786214829,0.9768385291099548],"EasingStyle":"Linear","EasingDirection":"In"},"Torso":{"Weight":1,"CFrame":[1.0018547773361207,0,-0.17222929000854493,0.9425902366638184,0,0.33395150303840639,0,1,0,-0.33395150303840639,0,0.9425902366638184],"EasingStyle":"Linear","EasingDirection":"In"},"HumanoidRootPart":{"Weight":0,"CFrame":[0,0,0,1,0,0,0,1,0,0,0,1],"EasingStyle":"Linear","EasingDirection":"In"},"Head":{"Weight":1,"CFrame":[5.960464477539063e-8,0,0,0.97420734167099,-0.190632164478302,0.1207452118396759,0.1418159157037735,0.9334425926208496,0.32950443029403689,-0.1755228340625763,-0.30388203263282778,0.9364013075828552],"EasingStyle":"Linear","EasingDirection":"In"}}},{"Time":0.23333333432674409,"poses":{"Left Leg":{"Weight":1,"CFrame":[-0.4202241897583008,0.03851425647735596,0.06117260456085205,0.9467259645462036,-0.2874692678451538,0.14515987038612367,0.267311155796051,0.9528504610061646,0.14359904825687409,-0.17959599196910859,-0.09714613109827042,0.9789320230484009],"EasingStyle":"Linear","EasingDirection":"In"},"Right Arm":{"Weight":1,"CFrame":[-3.978948370786384e-8,0.5280628204345703,-0.0059899091720581059,-0.6574192047119141,-0.4218539297580719,-0.6243711113929749,0.31427422165870669,-0.9065961837768555,0.2816292941570282,-0.6848589181900024,-0.011075354181230069,0.7285915017127991],"EasingStyle":"Linear","EasingDirection":"In"},"Left Arm":{"Weight":1,"CFrame":[9.465111361350864e-9,0.4949478507041931,0.2165299654006958,-0.27426087856292727,0.15121254324913026,0.9496924877166748,-0.22579485177993775,-0.9700777530670166,0.0892513245344162,0.9347714185714722,-0.18995754420757295,0.3001973032951355],"EasingStyle":"Linear","EasingDirection":"In"},"Right Leg":{"Weight":1,"CFrame":[0.45471176505088808,0.05458223819732666,0.05958116054534912,0.9333230257034302,0.31567543745040896,-0.1710471510887146,-0.2942817807197571,0.9455204010009766,0.13924607634544373,0.2056850790977478,-0.07962547987699509,0.9753734469413757],"EasingStyle":"Linear","EasingDirection":"In"},"Torso":{"Weight":1,"CFrame":[1.0662014484405518,-0.000005155793587618973,-0.1958789825439453,0.9368500113487244,-0.00004911694850306958,0.34973135590553286,0.000054833621106809008,1,-0.000006444748578360304,-0.34973135590553286,0.000025214802008122207,0.9368500113487244],"EasingStyle":"Linear","EasingDirection":"In"},"HumanoidRootPart":{"Weight":0,"CFrame":[0,0,0,1,0,0,0,1,0,0,0,1],"EasingStyle":"Linear","EasingDirection":"In"},"Head":{"Weight":1,"CFrame":[-5.837809879949418e-8,3.637978807091713e-12,0,0.9763631820678711,-0.18704324960708619,0.10830410569906235,0.14156343042850495,0.9320629239082336,0.3334944248199463,-0.16332410275936128,-0.3102797269821167,0.9365103840827942],"EasingStyle":"Linear","EasingDirection":"In"}}},{"Time":0.2666666805744171,"poses":{"Left Leg":{"Weight":1,"CFrame":[-0.40424811840057375,0.019476652145385743,0.06265902519226074,0.9496981501579285,-0.27780139446258547,0.14456763863563538,0.26211145520210268,0.957733154296875,0.11851093918085098,-0.17137980461120606,-0.07465679943561554,0.9823722839355469],"EasingStyle":"Linear","EasingDirection":"In"},"Right Arm":{"Weight":1,"CFrame":[-4.077446646988392e-8,0.5169177055358887,0.01670682430267334,-0.6578191518783569,-0.41794553399086,-0.6265743374824524,0.3569839298725128,-0.9055442810058594,0.2292422652244568,-0.663201630115509,-0.07287716120481491,0.7448843121528626],"EasingStyle":"Linear","EasingDirection":"In"},"Left Arm":{"Weight":1,"CFrame":[1.0946678230538965e-8,0.48805010318756106,0.2506446838378906,-0.283151239156723,0.14332495629787446,0.9483054876327515,-0.15021423995494843,-0.9831950068473816,0.10374626517295838,0.9472386240959168,-0.11307308077812195,0.2999224364757538],"EasingStyle":"Linear","EasingDirection":"In"},"Right Leg":{"Weight":1,"CFrame":[0.46689102053642275,0.07410180568695069,0.057292819023132327,0.9304762482643127,0.3232787549495697,-0.17235077917575837,-0.29642805457115176,0.9408093690872192,0.16434171795845033,0.21527746319770814,-0.10182639956474304,0.971229612827301],"EasingStyle":"Linear","EasingDirection":"In"},"Torso":{"Weight":1,"CFrame":[0.8769928812980652,-0.000022116731997812168,-0.13130521774291993,0.9622971415519714,-0.00020028455764986575,0.27200034260749819,0.00021594605641439557,1,-0.00002764593591564335,-0.27200034260749819,0.00008534100925317034,0.9622971415519714],"EasingStyle":"Linear","EasingDirection":"In"},"HumanoidRootPart":{"Weight":0,"CFrame":[0,0,0,1,0,0,0,1,0,0,0,1],"EasingStyle":"Linear","EasingDirection":"In"},"Head":{"Weight":1,"CFrame":[-2.564720880116056e-8,3.2741809263825419e-11,-1.1920928955078126e-7,0.9808099269866943,-0.17778430879116059,0.08002925664186478,0.14157263934612275,0.9316607713699341,0.33461228013038638,-0.13404889404773713,-0.3168610632419586,0.9389514923095703],"EasingStyle":"Linear","EasingDirection":"In"}}},{"Time":0.30000001192092898,"poses":{"Left Leg":{"Weight":1,"CFrame":[-0.3818409740924835,-0.005194902420043945,0.06343412399291992,0.9536830186843872,-0.2642359733581543,0.14376389980316163,0.253953218460083,0.9633820652961731,0.08603926748037338,-0.16123425960540772,-0.04554485157132149,0.9858646988868713],"EasingStyle":"Linear","EasingDirection":"In"},"Right Arm":{"Weight":1,"CFrame":[-4.204775905236602e-8,0.502429723739624,0.04621267318725586,-0.6581040620803833,-0.4204745590686798,-0.6245800256729126,0.4028949439525604,-0.8974419832229614,0.17964833974838258,-0.6360619068145752,-0.1334129422903061,0.7600172758102417],"EasingStyle":"Linear","EasingDirection":"In"},"Left Arm":{"Weight":1,"CFrame":[1.2216332834213972e-8,0.4790830612182617,0.2793092727661133,-0.29148703813552859,0.1592789739370346,0.9432207942008972,-0.0779399648308754,-0.9867159128189087,0.1425379365682602,0.9533942937850952,-0.03196663036942482,0.30002906918525698],"EasingStyle":"Linear","EasingDirection":"In"},"Right Leg":{"Weight":1,"CFrame":[0.4816236197948456,0.09947621822357178,0.05326414108276367,0.9268597960472107,0.33256909251213076,-0.17415137588977815,-0.29809612035751345,0.9339740872383118,0.1970561444759369,0.2281876653432846,-0.13072964549064637,0.9648005962371826],"EasingStyle":"Linear","EasingDirection":"In"},"Torso":{"Weight":1,"CFrame":[0.424812912940979,-0.00005418356158770621,-0.031152725219726564,0.9948838353157044,-0.00046867397031746805,0.10102444887161255,0.0004779615846928209,0.9999998807907105,-0.00006772949564037845,-0.10102441906929016,0.00011566879402380437,0.9948839545249939],"EasingStyle":"Linear","EasingDirection":"In"},"HumanoidRootPart":{"Weight":0,"CFrame":[0,0,0,1,0,0,0,1,0,0,0,1],"EasingStyle":"Linear","EasingDirection":"In"},"Head":{"Weight":1,"CFrame":[5.3488971474280336e-8,0,-5.960464477539063e-8,0.9852311611175537,-0.16551536321640016,0.04386661946773529,0.14169779419898988,0.9319278597831726,0.3338145315647125,-0.09613195061683655,-0.32266873121261599,0.9416175484657288],"EasingStyle":"Linear","EasingDirection":"In"}}},{"Time":0.3333333432674408,"poses":{"Left Leg":{"Weight":1,"CFrame":[-0.35734421014785769,-0.029698729515075685,0.06287121772766113,0.9578072428703308,-0.2493767887353897,0.14288626611232758,0.24407730996608735,0.9682637453079224,0.05377351492643356,-0.1517615020275116,-0.016629302874207498,0.9882772564888],"EasingStyle":"Linear","EasingDirection":"In"},"Right Arm":{"Weight":1,"CFrame":[-4.336470738053322e-8,0.4879416227340698,0.07571828365325928,-0.6579498052597046,-0.4263668954372406,-0.6207362413406372,0.44390034675598147,-0.8854373693466187,0.13767048716545106,-0.6083211302757263,-0.18496480584144593,0.7718376517295837],"EasingStyle":"Linear","EasingDirection":"In"},"Left Arm":{"Weight":1,"CFrame":[1.3023964129388333e-8,0.4701155424118042,0.30129992961883547,-0.3008905053138733,0.18585452437400819,0.9353731870651245,-0.01751042902469635,-0.9817372560501099,0.18943418562412263,0.9534979462623596,0.040620170533657077,0.29864978790283205],"EasingStyle":"Linear","EasingDirection":"In"},"Right Leg":{"Weight":1,"CFrame":[0.4951718747615814,0.1247791051864624,0.04807257652282715,0.9233289957046509,0.3412480652332306,-0.17610575258731843,-0.29852044582366946,0.9263201355934143,0.229818657040596,0.24155549705028535,-0.15962709486484528,0.9571677446365356],"EasingStyle":"Linear","EasingDirection":"In"},"Torso":{"Weight":1,"CFrame":[-0.1261518895626068,-0.00010388036025688052,-0.004660367965698242,0.9947271347045898,-0.0008442883263342083,-0.10255371034145355,0.0008353762095794082,0.9999996423721314,-0.00012985053763259202,0.10255378484725952,0.00004349491064203903,0.9947274327278137],"EasingStyle":"Linear","EasingDirection":"In"},"HumanoidRootPart":{"Weight":0,"CFrame":[0,0,0,1,0,0,0,1,0,0,0,1],"EasingStyle":"Linear","EasingDirection":"In"},"Head":{"Weight":1,"CFrame":[8.786891214640491e-8,0,-5.960464477539063e-8,0.9881829023361206,-0.15307506918907166,0.00791084859520197,0.14179746806621552,0.9325401782989502,0.3320576548576355,-0.058206938207149509,-0.32701191306114199,0.9432259202003479],"EasingStyle":"Linear","EasingDirection":"In"}}},{"Time":0.36666667461395266,"poses":{"Left Leg":{"Weight":1,"CFrame":[-0.3369061052799225,-0.048365235328674319,0.06147623062133789,0.9610978364944458,-0.23687921464443208,0.142053484916687,0.2351454645395279,0.9715240001678467,0.02911597676575184,-0.1449054330587387,0.005419943947345018,0.9894306659698486],"EasingStyle":"Linear","EasingDirection":"In"},"Right Arm":{"Weight":1,"CFrame":[-4.4543412514030936e-8,0.47679686546325686,0.09841489791870117,-0.6575311422348023,-0.4323224127292633,-0.6170494556427002,0.4730122685432434,-0.8743438124656677,0.10854574292898178,-0.5864402651786804,-0.2204999327659607,0.7794021964073181],"EasingStyle":"Linear","EasingDirection":"In"},"Left Arm":{"Weight":1,"CFrame":[1.3751559890806675e-8,0.4632185101509094,0.31539201736450198,-0.31063973903656008,0.21024785935878755,0.9269837141036987,0.023271020501852037,-0.9732560515403748,0.22854122519493104,0.950242817401886,0.09256592392921448,0.297439306974411],"EasingStyle":"Linear","EasingDirection":"In"},"Right Leg":{"Weight":1,"CFrame":[0.5047687292098999,0.14413851499557496,0.04335498809814453,0.920638918876648,0.347568541765213,-0.17782004177570344,-0.2980200946331024,0.9198644161224365,0.2550165355205536,0.2522061765193939,-0.18178431689739228,0.9504454731941223],"EasingStyle":"Linear","EasingDirection":"In"},"Torso":{"Weight":1,"CFrame":[-0.5806711912155151,-0.0001704591850284487,-0.05992555618286133,0.9635562896728516,-0.0012934983242303134,-0.2675025463104248,0.0012832663487643004,0.9999991655349731,-0.00021307413408067077,0.2675025761127472,-0.0001379680761601776,0.9635571241378784],"EasingStyle":"Linear","EasingDirection":"In"},"HumanoidRootPart":{"Weight":0,"CFrame":[0,0,0,1,0,0,0,1,0,0,0,1],"EasingStyle":"Linear","EasingDirection":"In"},"Head":{"Weight":1,"CFrame":[1.3367355222726474e-7,7.275957614183426e-11,0,0.9894660115242004,-0.14342598617076875,-0.019646385684609414,0.14182254672050477,0.9331597089767456,0.33030179142951968,-0.029040655121207238,-0.3296087086200714,0.9436708688735962],"EasingStyle":"Linear","EasingDirection":"In"}}},{"Time":0.4000000059604645,"poses":{"Left Leg":{"Weight":1,"CFrame":[-0.32845786213874819,-0.0557246208190918,0.06057870388031006,0.9625234007835388,-0.23143690824508668,0.14137084782123567,0.23106428980827332,0.9727475047111511,0.019274402409791948,-0.14197894930839539,0.014113702811300755,0.9897690415382385],"EasingStyle":"Linear","EasingDirection":"In"},"Right Arm":{"Weight":1,"CFrame":[-4.47325874119997e-8,0.47233879566192629,0.10749351978302002,-0.6574442982673645,-0.43496212363243105,-0.6152845621109009,0.4839935302734375,-0.8696120381355286,0.09759622812271118,-0.5775095224380493,-0.23362979292869569,0.7822402715682983],"EasingStyle":"Linear","EasingDirection":"In"},"Left Arm":{"Weight":1,"CFrame":[1.4028046280145645e-8,0.4604586958885193,0.32036149501800539,-0.318610817193985,0.22061508893966676,0.9218547344207764,0.03769053891301155,-0.9688202142715454,0.24488124251365663,0.9471359848976135,0.11276709288358689,0.30036142468452456],"EasingStyle":"Linear","EasingDirection":"In"},"Right Leg":{"Weight":1,"CFrame":[0.5082361698150635,0.15183192491531373,0.04146850109100342,0.9194701910018921,0.3501134514808655,-0.1788719892501831,-0.29765191674232485,0.9171307682991028,0.26509326696395876,0.25686171650886538,-0.19050386548042298,0.9474863409996033],"EasingStyle":"Linear","EasingDirection":"In"},"Torso":{"Weight":1,"CFrame":[-0.76548832654953,-0.00024770054733380675,-0.10308361053466797,0.9426828622817993,-0.0018173371208831668,-0.33368510007858279,0.001818232238292694,0.9999982714653015,-0.00030962584423832595,0.33368510007858279,-0.00031483807833865285,0.942684531211853],"EasingStyle":"Linear","EasingDirection":"In"},"HumanoidRootPart":{"Weight":0,"CFrame":[0,0,0,1,0,0,0,1,0,0,0,1],"EasingStyle":"Linear","EasingDirection":"In"},"Head":{"Weight":1,"CFrame":[3.277558562331251e-7,-1.4551915228366853e-10,-2.384185791015625e-7,0.9897403717041016,-0.1395537406206131,-0.03063858486711979,0.14181596040725709,0.9334425926208496,0.3295045495033264,-0.017384236678481103,-0.3304688632488251,0.9436567425727844],"EasingStyle":"Linear","EasingDirection":"In"}}},{"Time":0.4333333373069763,"poses":{"Left Leg":{"Weight":1,"CFrame":[-0.34135279059410097,-0.04480600357055664,0.061356425285339358,0.9608351588249207,-0.23858027160167695,0.14097975194454194,0.23622708022594453,0.9711220860481262,0.033446185290813449,-0.14488819241523744,0.0011669691884890199,0.9894473552703857],"EasingStyle":"Linear","EasingDirection":"In"},"Right Arm":{"Weight":1,"CFrame":[-4.47325874119997e-8,0.47237831354141238,0.10741245746612549,-0.6612821817398071,-0.4255329966545105,-0.6177601218223572,0.46569928526878359,-0.8784956932067871,0.10662741959095001,-0.5880731344223023,-0.21717971563339234,0.7791039943695068],"EasingStyle":"Linear","EasingDirection":"In"},"Left Arm":{"Weight":1,"CFrame":[1.3940734788775444e-8,0.46048372983932497,0.3202674388885498,-0.3232032358646393,0.22014087438583375,0.9203682541847229,0.020020801573991777,-0.9707579612731934,0.23922419548034669,0.9461177587509155,0.09574460983276367,0.309344619512558],"EasingStyle":"Linear","EasingDirection":"In"},"Right Leg":{"Weight":1,"CFrame":[0.5023787617683411,0.14059162139892579,0.04492950439453125,0.920737087726593,0.3468298017978668,-0.1787518411874771,-0.29829785227775576,0.9210106730461121,0.2505149245262146,0.25151848793029787,-0.17733712494373322,0.9514673352241516],"EasingStyle":"Linear","EasingDirection":"In"},"Torso":{"Weight":1,"CFrame":[-0.6165280342102051,-0.0003203412052243948,-0.06700921058654785,0.9609778523445129,-0.0024552287068217994,-0.27661439776420596,0.002439657924696803,0.9999969601631165,-0.0004004267102573067,0.27661454677581789,-0.0002900433319155127,0.9609808921813965],"EasingStyle":"Linear","EasingDirection":"In"},"HumanoidRootPart":{"Weight":0,"CFrame":[0,0,0,1,0,0,0,1,0,0,0,1],"EasingStyle":"Linear","EasingDirection":"In"},"Head":{"Weight":1,"CFrame":[1.6382296053052415e-7,2.9103830456733706e-11,-6.556510925292969e-7,0.9895702004432678,-0.14220179617404939,-0.023010974749922754,0.1417994201183319,0.9334545135498047,0.32947778701782229,-0.025372665375471116,-0.3293043375015259,0.9438828825950623],"EasingStyle":"Linear","EasingDirection":"In"}}},{"Time":0.46666666865348818,"poses":{"Left Leg":{"Weight":1,"CFrame":[-0.3716756999492645,-0.01652348041534424,0.06237471103668213,0.9563573598861694,-0.2559894919395447,0.14088979363441468,0.24824507534503938,0.9661398530006409,0.07034298777580261,-0.1541263610124588,-0.03229779750108719,0.9875231385231018],"EasingStyle":"Linear","EasingDirection":"In"},"Right Arm":{"Weight":1,"CFrame":[-4.428147803992033e-8,0.47249680757522585,0.10717236995697022,-0.6697486042976379,-0.4011267125606537,-0.6249274611473084,0.41756266355514529,-0.8993362784385681,0.12975242733955384,-0.6140669584274292,-0.17404484748840333,0.7698246240615845],"EasingStyle":"Linear","EasingDirection":"In"},"Left Arm":{"Weight":1,"CFrame":[1.4217221178114415e-8,0.46055692434310915,0.31998884677886965,-0.3248538672924042,0.2196948081254959,0.9198935627937317,-0.02428329735994339,-0.9742626547813416,0.2241041660308838,0.9454523921012878,0.050463054329156879,0.32182785868644717],"EasingStyle":"Linear","EasingDirection":"In"},"Right Leg":{"Weight":1,"CFrame":[0.48683124780654909,0.11146831512451172,0.05222928524017334,0.9244147539138794,0.3375192880630493,-0.17758968472480775,-0.2987733781337738,0.9302858710289002,0.21284419298171998,0.23704823851585389,-0.14369730651378632,0.9608117938041687],"EasingStyle":"Linear","EasingDirection":"In"},"Torso":{"Weight":1,"CFrame":[-0.2510625123977661,-0.0003732130862772465,-0.011913537979125977,0.9910013675689697,-0.003180064493790269,-0.1338140070438385,0.003145931288599968,0.9999949336051941,-0.00046651664888486266,0.13381481170654298,0.00004134901973884553,0.9910063743591309],"EasingStyle":"Linear","EasingDirection":"In"},"HumanoidRootPart":{"Weight":0,"CFrame":[0,0,0,1,0,0,0,1,0,0,0,1],"EasingStyle":"Linear","EasingDirection":"In"},"Head":{"Weight":1,"CFrame":[1.745886493154103e-7,-2.9103830456733706e-10,2.384185791015625e-7,0.9888328909873962,-0.14899112284183503,-0.0033345790579915048,0.14176195859909059,0.9334812164306641,0.32941827178001406,-0.04596762731671333,-0.3262123167514801,0.9441782236099243],"EasingStyle":"Linear","EasingDirection":"In"}}},{"Time":0.5,"poses":{"Left Leg":{"Weight":1,"CFrame":[-0.4082098603248596,0.022547125816345216,0.06092476844787598,0.9504571557044983,-0.27703219652175906,0.14101195335388184,0.26112309098243716,0.9576467871665955,0.1213560625910759,-0.16865918040275575,-0.07852227985858917,0.9825417995452881],"EasingStyle":"Linear","EasingDirection":"In"},"Right Arm":{"Weight":1,"CFrame":[-4.511093720793724e-8,0.472690224647522,0.10677862167358399,-0.6789325475692749,-0.3672507703304291,-0.6357493996620178,0.3492000699043274,-0.9232190847396851,0.16039295494556428,-0.6458404660224915,-0.11310791224241257,0.7550475597381592],"EasingStyle":"Linear","EasingDirection":"In"},"Left Arm":{"Weight":1,"CFrame":[1.414446160197258e-8,0.46067655086517336,0.31953179836273196,-0.3244016766548157,0.21922525763511659,0.9201651215553284,-0.08457514643669129,-0.9755992889404297,0.20261558890342713,0.9421308636665344,-0.01209423691034317,0.3350270390510559],"EasingStyle":"Linear","EasingDirection":"In"},"Right Leg":{"Weight":1,"CFrame":[0.463281512260437,0.07140177488327027,0.05945169925689697,0.9297885894775391,0.3233258128166199,-0.1759360432624817,-0.2967718541622162,0.941220223903656,0.1613413542509079,0.21776047348976136,-0.09780050814151764,0.9710898399353027],"EasingStyle":"Linear","EasingDirection":"In"},"Torso":{"Weight":1,"CFrame":[0.19606441259384156,-0.0003985416842624545,-0.0066182613372802738,0.9989315867424011,-0.0039041151758283378,0.04604825749993324,0.003931224346160889,0.9999921321868897,-0.0004981774254702032,-0.046045947819948199,0.0006786711746826768,0.9989390969276428],"EasingStyle":"Linear","EasingDirection":"In"},"HumanoidRootPart":{"Weight":0,"CFrame":[0,0,0,1,0,0,0,1,0,0,0,1],"EasingStyle":"Linear","EasingDirection":"In"},"Head":{"Weight":1,"CFrame":[1.032294676406309e-7,0,-5.960464477539063e-8,0.9871296286582947,-0.15817634761333466,0.0235664714127779,0.14172130823135377,0.933509111404419,0.3293565809726715,-0.0740959420800209,-0.32177776098251345,0.9439114928245544],"EasingStyle":"Linear","EasingDirection":"In"}}},{"Time":0.5333333611488342,"poses":{"Left Leg":{"Weight":1,"CFrame":[-0.44283196330070498,0.06533491611480713,0.055625081062316897,0.9444079399108887,-0.2968970537185669,0.141229510307312,0.2708962559700012,0.9461114406585693,0.17744947969913484,-0.18630313873291017,-0.12932616472244264,0.9739434719085693],"EasingStyle":"Linear","EasingDirection":"In"},"Right Arm":{"Weight":1,"CFrame":[-4.4819898903369906e-8,0.47295689582824709,0.10623538494110108,-0.6857933402061462,-0.329960435628891,-0.6487014293670654,0.27194756269454958,-0.9429380297660828,0.19212599098682404,-0.6750792860984802,-0.04465417191386223,0.736392617225647],"EasingStyle":"Linear","EasingDirection":"In"},"Left Arm":{"Weight":1,"CFrame":[1.4784745872020722e-8,0.4608418941497803,0.31890177726745608,-0.32267847657203677,0.21863754093647004,0.9209105372428894,-0.14984379708766938,-0.9724854826927185,0.17837829887866975,0.9345723390579224,-0.08043388277292252,0.34656164050102236],"EasingStyle":"Linear","EasingDirection":"In"},"Right Leg":{"Weight":1,"CFrame":[0.4341135323047638,0.027741312980651857,0.06377506256103516,0.9360051155090332,0.30580171942710879,-0.17429766058921815,-0.2910197675228119,0.9508839249610901,0.10548584908246994,0.1979946494102478,-0.048011284321546558,0.9790266156196594],"EasingStyle":"Linear","EasingDirection":"In"},"Torso":{"Weight":1,"CFrame":[0.5749186277389526,-0.0003957737935706973,-0.05572080612182617,0.9785704612731934,-0.0045828549191355709,0.20586110651493073,0.004787232726812363,0.9999884366989136,-0.0004947177367284894,-0.20585645735263825,0.0014696212019771338,0.9785810708999634],"EasingStyle":"Linear","EasingDirection":"In"},"HumanoidRootPart":{"Weight":0,"CFrame":[0,0,0,1,0,0,0,1,0,0,0,1],"EasingStyle":"Linear","EasingDirection":"In"},"Head":{"Weight":1,"CFrame":[5.0896687753265726e-8,0,1.1920928955078126e-7,0.9843608140945435,-0.16805146634578706,0.052843984216451648,0.14169326424598695,0.933524489402771,0.3293251097202301,-0.10467470437288284,-0.31668707728385928,0.9427366852760315],"EasingStyle":"Linear","EasingDirection":"In"}}},{"Time":0.5666666626930237,"poses":{"Left Leg":{"Weight":1,"CFrame":[-0.4707038998603821,0.10448336601257324,0.047363877296447757,0.9392697215080261,-0.31270503997802737,0.14137841761112214,0.2762461304664612,0.9333661794662476,0.22916296124458314,-0.2036183476448059,-0.1761905550956726,0.9630661606788635],"EasingStyle":"Linear","EasingDirection":"In"},"Right Arm":{"Weight":1,"CFrame":[-4.479079507291317e-8,0.47329479455947878,0.10554802417755127,-0.6891635656356812,-0.29571765661239626,-0.6615167856216431,0.199192613363266,-0.9550772905349731,0.21943041682243348,-0.6966891884803772,0.01945413276553154,0.7171093821525574],"EasingStyle":"Linear","EasingDirection":"In"},"Left Arm":{"Weight":1,"CFrame":[1.234002411365509e-8,0.46105074882507326,0.3181043863296509,-0.320502907037735,0.21794532239437104,0.921833872795105,-0.2090572565793991,-0.965449333190918,0.1555723398923874,0.9238901138305664,-0.14285466074943543,0.3549923896789551],"EasingStyle":"Linear","EasingDirection":"In"},"Right Leg":{"Weight":1,"CFrame":[0.4035658836364746,-0.012019753456115723,0.06451022624969483,0.9419887065887451,0.2875749170780182,-0.17308348417282105,-0.28233787417411806,0.9577544331550598,0.05469697713851929,0.18150100111961366,-0.0026558858808130028,0.9833871722221375],"EasingStyle":"Linear","EasingDirection":"In"},"Torso":{"Weight":1,"CFrame":[0.7479968667030335,-0.0003742206608876586,-0.09591484069824219,0.9560153484344482,-0.005317313130944967,0.29326850175857546,0.00570535846054554,0.9999836087226868,-0.0004677764663938433,-0.29326120018959048,0.002120403340086341,0.956030011177063],"EasingStyle":"Linear","EasingDirection":"In"},"HumanoidRootPart":{"Weight":0,"CFrame":[0,0,0,1,0,0,0,1,0,0,0,1],"EasingStyle":"Linear","EasingDirection":"In"},"Head":{"Weight":1,"CFrame":[1.432927092537284e-7,-4.656612873077393e-10,2.384185791015625e-7,0.9809813499450684,-0.1770014464855194,0.07966231554746628,0.14169073104858399,0.9335137009620667,0.3293568193912506,-0.13266253471374513,-0.31180548667907717,0.9408389925956726],"EasingStyle":"Linear","EasingDirection":"In"}}},{"Time":0.6000000238418579,"poses":{"Left Leg":{"Weight":1,"CFrame":[-0.48913875222206118,0.13289225101470948,0.03918349742889404,0.9358542561531067,-0.3228401839733124,0.14124798774719239,0.27801889181137087,0.9227304458618164,0.2669718563556671,-0.21652312576770783,-0.21057718992233277,0.9532968997955322],"EasingStyle":"Linear","EasingDirection":"In"},"Right Arm":{"Weight":1,"CFrame":[-4.5460183173418048e-8,0.47370046377182009,0.1047213077545166,-0.6898526549339294,-0.27085208892822268,-0.6713734865188599,0.1452663242816925,-0.9603031873703003,0.2381502240896225,-0.709225594997406,0.0667605772614479,0.7018134593963623],"EasingStyle":"Linear","EasingDirection":"In"},"Left Arm":{"Weight":1,"CFrame":[1.4202669262886048e-8,0.46130192279815676,0.31714510917663576,-0.318655788898468,0.21732081472873689,0.9226213097572327,-0.25175270438194277,-0.9578071236610413,0.13865825533866883,0.913826584815979,-0.18808825314044953,0.35992199182510378],"EasingStyle":"Linear","EasingDirection":"In"},"Right Leg":{"Weight":1,"CFrame":[0.3784530758857727,-0.04074704647064209,0.06314873695373535,0.9464702606201172,0.27277249097824099,-0.17259535193443299,-0.27385661005973818,0.9616026282310486,0.01797056756913662,0.1708701103925705,0.030257713049650193,0.9848288893699646],"EasingStyle":"Linear","EasingDirection":"In"},"Torso":{"Weight":1,"CFrame":[0.6685806512832642,-0.00035500474041327834,-0.07805323600769043,0.9573073387145996,-0.0062658535316586498,0.2890041470527649,0.00667911022901535,0.9999775886535645,-0.00044375655124895275,-0.2889949381351471,0.002355101751163602,0.9573277235031128],"EasingStyle":"Linear","EasingDirection":"In"},"HumanoidRootPart":{"Weight":0,"CFrame":[0,0,0,1,0,0,0,1,0,0,0,1],"EasingStyle":"Linear","EasingDirection":"In"},"Head":{"Weight":1,"CFrame":[-6.000027497066185e-8,1.1641532182693482e-10,-1.1920928955078126e-7,0.9779935479164124,-0.18351756036281587,0.09924664348363877,0.14172528684139253,0.933462917804718,0.32948586344718935,-0.15310947597026826,-0.30816930532455447,0.9389297962188721],"EasingStyle":"Linear","EasingDirection":"In"}}},{"Time":0.6333333253860474,"poses":{"Left Leg":{"Weight":1,"CFrame":[-0.49615588784217837,0.14393478631973267,0.035215020179748538,0.9348171949386597,-0.326110303401947,0.1406017243862152,0.27802610397338869,0.9183788895606995,0.28157001733779909,-0.22094860672950746,-0.22412556409835816,0.9491835832595825],"EasingStyle":"Linear","EasingDirection":"In"},"Right Arm":{"Weight":1,"CFrame":[-4.493631422519684e-8,0.47417300939559939,0.103759765625,-0.6897185444831848,-0.26128095388412478,-0.6752929091453552,0.12425991147756577,-0.9615005254745483,0.24510453641414643,-0.7133356928825378,0.08514125645160675,0.6956315040588379],"EasingStyle":"Linear","EasingDirection":"In"},"Left Arm":{"Weight":1,"CFrame":[1.4668330550193787e-8,0.4615945816040039,0.31603002548217776,-0.31787723302841189,0.21704745292663575,0.9229542016983032,-0.2681378424167633,-0.9542855620384216,0.13206548988819123,0.9094262719154358,-0.20549820363521577,0.36154431104660036],"EasingStyle":"Linear","EasingDirection":"In"},"Right Leg":{"Weight":1,"CFrame":[0.367681086063385,-0.05182325839996338,0.062395334243774417,0.9480953812599182,0.2667585015296936,-0.17307491600513459,-0.2701890170574188,0.9627995491027832,0.003871554508805275,0.16766929626464845,0.04309236258268356,0.9849010705947876],"EasingStyle":"Linear","EasingDirection":"In"},"Torso":{"Weight":1,"CFrame":[0.42840301990509035,-0.00037246569991111755,-0.03401350975036621,0.9757643342018127,-0.007416542619466782,0.21869835257530213,0.007704876363277435,0.9999701976776123,-0.0004655828815884888,-0.21868836879730225,0.002139342948794365,0.975792407989502],"EasingStyle":"Linear","EasingDirection":"In"},"HumanoidRootPart":{"Weigh