{"Sequence":[{"Time":0,"poses":{"Left Leg":{"Weight":1,"CFrame":[-0.7571860551834106,0.09537208080291748,-0.01808410882949829,0.9197735786437988,-0.39235827326774599,-0.008459378033876419,0.39228200912475588,0.9185380935668945,0.04901525378227234,-0.011461326852440834,-0.04840146377682686,0.9987621903419495],"EasingStyle":"Linear","EasingDirection":"In"},"Right Arm":{"Weight":1,"CFrame":[0.2884163558483124,-0.22821542620658875,0.3634517192840576,-0.6640814542770386,-0.009076617658138276,-0.7476052045822144,-0.1033484935760498,-0.9892128705978394,0.10381212830543518,-0.7404829263687134,0.14620356261730195,0.6559798121452332],"EasingStyle":"Linear","EasingDirection":"In"},"Left Arm":{"Weight":1,"CFrame":[-0.17646300792694093,-0.21436643600463868,0.22679543495178224,-0.30653807520866396,0.4435102641582489,0.8422190546989441,-0.8096688389778137,-0.5867134928703308,0.014270899817347527,0.5004705190658569,-0.6775440573692322,0.5389465689659119],"EasingStyle":"Linear","EasingDirection":"In"},"Head":{"Weight":1,"CFrame":[9.96515154838562e-8,-9.313225746154786e-10,0.016661882400512697,0.991253674030304,-0.12391911447048187,0.04538885876536369,0.12339062988758087,0.992255449295044,0.01427886076271534,-0.04680684208869934,-0.00855338852852583,0.9988673329353333],"EasingStyle":"Linear","EasingDirection":"In"},"Torso":{"Weight":1,"CFrame":[0.03357522189617157,-0.02568729966878891,-0.21446561813354493,0.9905962944030762,0.13058660924434663,0.04081788659095764,-0.12936687469482423,0.9911049604415894,-0.031228473410010339,-0.04453283175826073,0.025654327124357225,0.99867844581604],"EasingStyle":"Linear","EasingDirection":"In"},"HumanoidRootPart":{"Weight":0,"CFrame":[0,0,0,1,0,0,0,1,0,0,0,1],"EasingStyle":"Linear","EasingDirection":"In"},"Right Leg":{"Weight":1,"CFrame":[0.8962112665176392,0.19625484943389893,-0.11501514911651612,0.9221922755241394,0.36367499828338625,0.13153673708438874,-0.3651809096336365,0.930840790271759,-0.013354011811316014,-0.12729622423648835,-0.035719797015190127,0.9912213683128357],"EasingStyle":"Linear","EasingDirection":"In"}}},{"Time":0.03333333507180214,"poses":{"Left Leg":{"Weight":1,"CFrame":[-0.6695806980133057,0.03845912218093872,0.01046609878540039,0.9219933748245239,-0.38649025559425356,0.023526551201939584,0.3853338360786438,0.9218082427978516,0.04227709025144577,-0.038026683032512668,-0.02991364151239395,0.9988288879394531],"EasingStyle":"Linear","EasingDirection":"In"},"Right Arm":{"Weight":1,"CFrame":[0.2896578013896942,-0.15521615743637086,0.3666766881942749,-0.6443963646888733,0.044163357466459277,-0.7634152770042419,-0.1430380791425705,-0.9876714944839478,0.06360159069299698,-0.7511946558952332,0.15018203854560853,0.6427689790725708],"EasingStyle":"Linear","EasingDirection":"In"},"Left Arm":{"Weight":1,"CFrame":[-0.17948095500469209,-0.15347042679786683,0.22871720790863038,-0.3257513642311096,0.44037798047065737,0.8366320133209229,-0.7909314036369324,-0.6117435693740845,0.014046150259673596,0.5179899334907532,-0.6571430563926697,0.5475851893424988],"EasingStyle":"Linear","EasingDirection":"In"},"Head":{"Weight":1,"CFrame":[8.405186235904694e-8,1.1641532182693482e-9,0.016661882400512697,0.9859256744384766,-0.15781170129776,0.055190764367580417,0.15812435746192933,0.9874182939529419,-0.0013180000241845847,-0.0542883463203907,0.010026433505117894,0.9984749555587769],"EasingStyle":"Linear","EasingDirection":"In"},"Torso":{"Weight":1,"CFrame":[0.0020121634006500246,-0.006940161809325218,-0.16094398498535157,0.9862340092658997,0.16286437213420869,0.02859395369887352,-0.16268706321716309,0.9866416454315186,-0.008437260054051876,-0.02958611212670803,0.0036692467983812095,0.9995555281639099],"EasingStyle":"Linear","EasingDirection":"In"},"HumanoidRootPart":{"Weight":0,"CFrame":[0,0,0,1,0,0,0,1,0,0,0,1],"EasingStyle":"Linear","EasingDirection":"In"},"Right Leg":{"Weight":1,"CFrame":[0.8898705840110779,0.2207016944885254,-0.08306604623794556,0.9218013286590576,0.37918388843536379,0.08063358813524246,-0.38287681341171267,0.9230920076370239,0.03614701330661774,-0.060725804418325427,-0.06419311463832855,0.9960881471633911],"EasingStyle":"Linear","EasingDirection":"In"}}},{"Time":0.06666667014360428,"poses":{"Left Leg":{"Weight":1,"CFrame":[-0.6066832542419434,0.00797802209854126,0.027138590812683107,0.923829972743988,-0.3808842599391937,0.038280587643384936,0.37912946939468386,0.9241986870765686,0.04601740464568138,-0.05290623754262924,-0.02799895778298378,0.9982069134712219],"EasingStyle":"Linear","EasingDirection":"In"},"Right Arm":{"Weight":1,"CFrame":[0.2905193567276001,-0.09115520119667053,0.3685046434402466,-0.6303866505622864,0.07988310605287552,-0.7721602320671082,-0.15515035390853883,-0.9875871539115906,0.024493934586644174,-0.7606188654899597,0.13524149358272553,0.6349555850028992],"EasingStyle":"Linear","EasingDirection":"In"},"Left Arm":{"Weight":1,"CFrame":[-0.187784343957901,-0.07113361358642578,0.23304283618927003,-0.3780542314052582,0.42836329340934756,0.8207190632820129,-0.7351495027542114,-0.6777368783950806,0.015098130330443383,0.5626990795135498,-0.5976433753967285,0.5711324214935303],"EasingStyle":"Linear","EasingDirection":"In"},"Head":{"Weight":1,"CFrame":[7.82310962677002e-8,4.656612873077393e-10,0.016662120819091798,0.9828478693962097,-0.1761711835861206,0.05453237518668175,0.1771675944328308,0.984081506729126,-0.01397178415209055,-0.05120290815830231,0.023393522948026658,0.9984142184257507],"EasingStyle":"Linear","EasingDirection":"In"},"Torso":{"Weight":1,"CFrame":[-0.04599164426326752,0.006884844973683357,-0.12871861457824708,0.9837157130241394,0.1787962168455124,0.018311643972992898,-0.17897076904773713,0.983818769454956,0.00837003905326128,-0.016518808901309968,-0.01151098683476448,0.9997972846031189],"EasingStyle":"Linear","EasingDirection":"In"},"HumanoidRootPart":{"Weight":0,"CFrame":[0,0,0,1,0,0,0,1,0,0,0,1],"EasingStyle":"Linear","EasingDirection":"In"},"Right Leg":{"Weight":1,"CFrame":[0.8916490077972412,0.26392704248428347,-0.06081819534301758,0.9187911748886108,0.39290010929107668,0.03810860216617584,-0.3947388827800751,0.9139974117279053,0.0937548577785492,0.0020051831379532816,-0.10118412226438523,0.9948657155036926],"EasingStyle":"Linear","EasingDirection":"In"}}},{"Time":0.10000000149011612,"poses":{"Left Leg":{"Weight":1,"CFrame":[-0.5687835216522217,-0.003911614418029785,0.03894805908203125,0.9247266054153442,-0.37846970558166506,0.04051365703344345,0.3758721351623535,0.9247555136680603,0.059559307992458346,-0.06000665947794914,-0.039848100394010547,0.9974023103713989],"EasingStyle":"Linear","EasingDirection":"In"},"Right Arm":{"Weight":1,"CFrame":[0.29120171070098879,-0.03572782874107361,0.3698033094406128,-0.6207079887390137,0.10542619973421097,-0.7769214510917664,-0.1484011709690094,-0.9888039231300354,-0.015615539625287056,-0.7698692679405212,0.10560338199138642,0.629403829574585],"EasingStyle":"Linear","EasingDirection":"In"},"Left Arm":{"Weight":1,"CFrame":[-0.20033226907253266,0.026276707649230958,0.24027788639068604,-0.4542918801307678,0.4009495973587036,0.7955238223075867,-0.6402838826179504,-0.7678413391113281,0.02135712094604969,0.6193992495536804,-0.4996589720249176,0.6055457592010498],"EasingStyle":"Linear","EasingDirection":"In"},"Head":{"Weight":1,"CFrame":[9.639188647270203e-8,9.313225746154785e-9,0.0166623592376709,0.982008159160614,-0.18375477194786073,0.043521858751773837,0.1849212795495987,0.982448935508728,-0.02445863001048565,-0.03826369345188141,0.032066747546195987,0.998753011226654],"EasingStyle":"Linear","EasingDirection":"In"},"Torso":{"Weight":1,"CFrame":[-0.10567614436149597,0.016290519386529924,-0.11231827735900879,0.9830231666564941,0.18314270675182343,0.011146550066769123,-0.18333518505096436,0.982850968837738,0.01980467699468136,-0.007328316569328308,-0.02151200920343399,0.9997417330741882],"EasingStyle":"Linear","EasingDirection":"In"},"HumanoidRootPart":{"Weight":0,"CFrame":[0,0,0,1,0,0,0,1,0,0,0,1],"EasingStyle":"Linear","EasingDirection":"In"},"Right Leg":{"Weight":1,"CFrame":[0.8920611143112183,0.3073447346687317,-0.05071443319320679,0.9162956476211548,0.4003966152667999,0.009213555604219437,-0.3971186578273773,0.9053289890289307,0.15058591961860658,0.051952820271253589,-0.14164015650749207,0.9885540008544922],"EasingStyle":"Linear","EasingDirection":"In"}}},{"Time":0.13333334028720857,"poses":{"Left Leg":{"Weight":1,"CFrame":[-0.5578343868255615,-0.0006971359252929688,0.04335784912109375,0.9261268377304077,-0.37643203139305117,0.024249231442809106,0.37339383363723757,0.9239794611930847,0.08269765973091126,-0.053535912185907367,-0.06753402948379517,0.9962795972824097],"EasingStyle":"Linear","EasingDirection":"In"},"Right Arm":{"Weight":1,"CFrame":[0.29188022017478945,0.011426091194152832,0.37144505977630618,-0.6128236055374146,0.12754052877426148,-0.7798594236373901,-0.1307062953710556,-0.989655613899231,-0.05914038419723511,-0.7793350219726563,0.06568983197212219,0.6231546401977539],"EasingStyle":"Linear","EasingDirection":"In"},"Left Arm":{"Weight":1,"CFrame":[-0.21607840061187745,0.13252735137939454,0.25083625316619875,-0.5423022508621216,0.3519236445426941,0.7629272937774658,-0.5069729089736939,-0.8611727952957153,0.036877214908599856,0.669990062713623,-0.3667849004268646,0.645431637763977],"EasingStyle":"Linear","EasingDirection":"In"},"Head":{"Weight":1,"CFrame":[9.499490261077881e-8,7.450580596923828e-9,0.016661763191223146,0.9844139218330383,-0.17446507513523103,0.022163236513733865,0.1751389056444168,0.9839785695075989,-0.03335407003760338,-0.015989018604159356,0.036715880036354068,0.9991978406906128],"EasingStyle":"Linear","EasingDirection":"In"},"Torso":{"Weight":1,"CFrame":[-0.17210370302200318,0.02194463461637497,-0.1063690185546875,0.985435426235199,0.1698378324508667,0.00849003903567791,-0.17000672221183778,0.9850817322731018,0.026678483933210374,-0.0038323677144944669,-0.02773328870534897,0.999608039855957],"EasingStyle":"Linear","EasingDirection":"In"},"HumanoidRootPart":{"Weight":0,"CFrame":[0,0,0,1,0,0,0,1,0,0,0,1],"EasingStyle":"Linear","EasingDirection":"In"},"Right Leg":{"Weight":1,"CFrame":[0.8823188543319702,0.32777631282806399,-0.04070502519607544,0.9141824841499329,0.4051224887371063,-0.012089847587049008,-0.3950788378715515,0.8973827958106995,0.19651153683662415,0.09046056866645813,-0.1748710423707962,0.9804269671440125],"EasingStyle":"Linear","EasingDirection":"In"}}},{"Time":0.1666666716337204,"poses":{"Left Leg":{"Weight":1,"CFrame":[-0.5673529505729675,0.013984382152557373,0.0400158166885376,0.928529679775238,-0.37115558981895449,-0.008727753534913063,0.3696392774581909,0.922032356262207,0.11499159783124924,-0.03463254123926163,-0.10999922454357147,0.9933280944824219],"EasingStyle":"Linear","EasingDirection":"In"},"Right Arm":{"Weight":1,"CFrame":[0.2906735837459564,0.050242602825164798,0.3733149766921997,-0.6107956767082214,0.09020943194627762,-0.7866326570510864,-0.0473393015563488,-0.9958719611167908,-0.07744716107845307,-0.790371835231781,-0.010065708309412003,0.6125447154045105],"EasingStyle":"Linear","EasingDirection":"In"},"Left Arm":{"Weight":1,"CFrame":[-0.23381654918193818,0.24140793085098267,0.2648756504058838,-0.6274766325950623,0.28019124269485476,0.7264750003814697,-0.34470421075820925,-0.9365619421005249,0.0634884163737297,0.6981776356697083,-0.21058164536952973,0.6842538118362427],"EasingStyle":"Linear","EasingDirection":"In"},"Head":{"Weight":1,"CFrame":[8.800998330116272e-8,-2.9802322387695315e-8,0.016662120819091798,0.9887198209762573,-0.14950232207775117,-0.009062621742486954,0.14903117716312409,0.9880250096321106,-0.03995433449745178,0.014927300624549389,0.03815297409892082,0.9991604089736939],"EasingStyle":"Linear","EasingDirection":"In"},"Torso":{"Weight":1,"CFrame":[-0.23988625407218934,0.024656474590301515,-0.1056058406829834,0.9900557398796082,0.14019808173179627,0.011581136845052243,-0.14048820734024049,0.9896284937858582,0.02997530810534954,-0.007258543279021978,-0.03130423650145531,0.9994835257530212],"EasingStyle":"Linear","EasingDirection":"In"},"HumanoidRootPart":{"Weight":0,"CFrame":[0,0,0,1,0,0,0,1,0,0,0,1],"EasingStyle":"Linear","EasingDirection":"In"},"Right Leg":{"Weight":1,"CFrame":[0.8491999506950378,0.2796447277069092,-0.04907047748565674,0.9191098809242249,0.393791139125824,0.012867125682532788,-0.3868897259235382,0.8958621621131897,0.2185114473104477,0.0745207741856575,-0.20581427216529847,0.9757495522499085],"EasingStyle":"Linear","EasingDirection":"In"}}},{"Time":0.20000000298023225,"poses":{"Left Leg":{"Weight":1,"CFrame":[-0.6005455255508423,0.036793649196624759,0.035030245780944827,0.9265720844268799,-0.37379536032676699,-0.04172678291797638,0.3756208121776581,0.913939356803894,0.15370064973831178,-0.019316859543323518,-0.15808822214603425,0.9872360229492188],"EasingStyle":"Linear","EasingDirection":"In"},"Right Arm":{"Weight":1,"CFrame":[0.2863890528678894,0.08146828413009644,0.3756519556045532,-0.6025101542472839,-0.040760837495326999,-0.7970696687698364,0.13224999606609345,-0.9899874925613403,-0.049342118203639987,-0.787077784538269,-0.13514167070388795,0.601868212223053],"EasingStyle":"Linear","EasingDirection":"In"},"Left Arm":{"Weight":1,"CFrame":[-0.2520827054977417,0.34649336338043215,0.28229451179504397,-0.696783721446991,0.19266104698181153,0.6909226775169373,-0.1727367639541626,-0.979974091053009,0.09906011819839478,0.696171224117279,-0.05032440274953842,0.7161096334457398],"EasingStyle":"Linear","EasingDirection":"In"},"Head":{"Weight":1,"CFrame":[7.171183824539185e-8,-1.862645149230957e-9,0.016662120819091798,0.9910922646522522,-0.12457166612148285,-0.047096606343984607,0.12254991382360459,0.9915028810501099,-0.043630193918943408,0.05213151127099991,0.03746982291340828,0.997937023639679],"EasingStyle":"Linear","EasingDirection":"In"},"Torso":{"Weight":1,"CFrame":[-0.30267202854156496,0.025452539324760438,-0.1168210506439209,0.9937021732330322,0.11024879664182663,0.020029760897159578,-0.11083423346281052,0.9933570623397827,0.030943093821406366,-0.016485266387462617,-0.03296820446848869,0.9993204474449158],"EasingStyle":"Linear","EasingDirection":"In"},"HumanoidRootPart":{"Weight":0,"CFrame":[0,0,0,1,0,0,0,1,0,0,0,1],"EasingStyle":"Linear","EasingDirection":"In"},"Right Leg":{"Weight":1,"CFrame":[0.7829544544219971,0.18524855375289918,-0.08120012283325196,0.9309864044189453,0.3521040081977844,0.096369169652462,-0.36482781171798708,0.9066929221153259,0.21168051660060883,-0.012843598611652851,-0.23222987353801728,0.9725761413574219],"EasingStyle":"Linear","EasingDirection":"In"}}},{"Time":0.23333333432674409,"poses":{"Left Leg":{"Weight":1,"CFrame":[-0.6554479598999023,0.0636184811592102,0.03508567810058594,0.9164505004882813,-0.39590051770210268,-0.05814896896481514,0.39935803413391116,0.8958044648170471,0.19505757093429566,-0.025133298709988595,-0.20198291540145875,0.9790664911270142],"EasingStyle":"Linear","EasingDirection":"In"},"Right Arm":{"Weight":1,"CFrame":[0.28049665689468386,0.10668480396270752,0.3801867961883545,-0.5610060691833496,-0.21700803935527802,-0.7988614439964294,0.35172998905181887,-0.9360732436180115,0.00727646891027689,-0.7493718266487122,-0.2769014239311218,0.6014710664749146],"EasingStyle":"Linear","EasingDirection":"In"},"Left Arm":{"Weight":1,"CFrame":[-0.26919829845428469,0.44095057249069216,0.3029205799102783,-0.7436326742172241,0.102653868496418,0.6606608033180237,-0.014265910722315312,-0.9903539419174194,0.1378244012594223,0.6684361696243286,0.09306570142507553,0.7379239797592163],"EasingStyle":"Linear","EasingDirection":"In"},"Head":{"Weight":1,"CFrame":[5.21540641784668e-8,5.587935447692871e-9,0.016662120819091798,0.989378809928894,-0.11572042107582092,-0.08796773105859757,0.11201420426368714,0.9926424026489258,-0.045977018773555759,0.09264098107814789,0.03563503921031952,0.9950616955757141],"EasingStyle":"Linear","EasingDirection":"In"},"Torso":{"Weight":1,"CFrame":[-0.3540302813053131,0.025213204324245454,-0.14540433883666993,0.9947957396507263,0.09645118564367295,0.03284192457795143,-0.09746036678552628,0.9947672486305237,0.030652130022644998,-0.029713638126850129,-0.03369339182972908,0.9989904165267944],"EasingStyle":"Linear","EasingDirection":"In"},"HumanoidRootPart":{"Weight":0,"CFrame":[0,0,0,1,0,0,0,1,0,0,0,1],"EasingStyle":"Linear","EasingDirection":"In"},"Right Leg":{"Weight":1,"CFrame":[0.7090843319892883,0.10943752527236939,-0.11063683032989502,0.9352931380271912,0.29627516865730288,0.19351400434970857,-0.331249475479126,0.9253881573677063,0.18420255184173585,-0.12450087070465088,-0.23638485372066499,0.9636502265930176],"EasingStyle":"Linear","EasingDirection":"In"}}},{"Time":0.2666666805744171,"poses":{"Left Leg":{"Weight":1,"CFrame":[-0.7122145295143127,0.0947914719581604,0.04716336727142334,0.9025408625602722,-0.42781439423561098,-0.048936907202005389,0.42666396498680117,0.8731490969657898,0.23572994768619538,-0.05811947584152222,-0.23363551497459413,0.9705857038497925],"EasingStyle":"Linear","EasingDirection":"In"},"Right Arm":{"Weight":1,"CFrame":[0.2747648060321808,0.12630003690719605,0.3889005184173584,-0.48735225200653078,-0.38209524750709536,-0.7851693630218506,0.5463075637817383,-0.834884762763977,0.06719740480184555,-0.6812017560005188,-0.3961952328681946,0.6156245470046997],"EasingStyle":"Linear","EasingDirection":"In"},"Left Arm":{"Weight":1,"CFrame":[-0.28342700004577639,0.5175554752349854,0.32673633098602297,-0.7693579196929932,0.02494865283370018,0.6383306980133057,0.11147552728652954,-0.9786621928215027,0.17260806262493134,0.6290163993835449,0.20395563542842866,0.750160276889801],"EasingStyle":"Linear","EasingDirection":"In"},"Head":{"Weight":1,"CFrame":[2.9336661100387574e-8,0,0.016662001609802247,0.9831736087799072,-0.13000378012657166,-0.1283302903175354,0.12560781836509705,0.9911986589431763,-0.041808534413576129,0.13263607025146485,0.02498577907681465,0.9908498525619507],"EasingStyle":"Linear","EasingDirection":"In"},"Torso":{"Weight":1,"CFrame":[-0.3895692825317383,0.017647098749876024,-0.18387198448181153,0.9931225180625916,0.10663677006959915,0.04833539202809334,-0.1077691987156868,0.9939444065093994,0.02145388536155224,-0.045754920691251758,-0.026515401899814607,0.9986007213592529],"EasingStyle":"Linear","EasingDirection":"In"},"HumanoidRootPart":{"Weight":0,"CFrame":[0,0,0,1,0,0,0,1,0,0,0,1],"EasingStyle":"Linear","EasingDirection":"In"},"Right Leg":{"Weight":1,"CFrame":[0.7035573124885559,0.09113854169845581,-0.1303827166557312,0.930283784866333,0.267892062664032,0.2506110668182373,-0.31039658188819888,0.938930869102478,0.14853571355342866,-0.19551485776901246,-0.21596916019916535,0.9566249251365662],"EasingStyle":"Linear","EasingDirection":"In"}}},{"Time":0.30000001192092898,"poses":{"Left Leg":{"Weight":1,"CFrame":[-0.761458158493042,0.13315147161483766,0.06724369525909424,0.8893284201622009,-0.4566837549209595,-0.023129558190703393,0.4449296295642853,0.8525508642196655,0.27421629428863528,-0.10551103204488754,-0.25415942072868349,0.9613898396492004],"EasingStyle":"Linear","EasingDirection":"In"},"Right Arm":{"Weight":1,"CFrame":[0.27048569917678835,0.13925504684448243,0.4033522605895996,-0.4167872965335846,-0.4961404502391815,-0.7616645097732544,0.673677384853363,-0.731147289276123,0.1076216846704483,-0.6102844476699829,-0.4682609438896179,0.6389716267585754],"EasingStyle":"Linear","EasingDirection":"In"},"Left Arm":{"Weight":1,"CFrame":[-0.2931065261363983,0.568901538848877,0.35395336151123049,-0.7803030610084534,-0.02824229560792446,0.6247636079788208,0.19253726303577424,-0.9613086581230164,0.1970151662826538,0.5950264930725098,0.27402186393737795,0.7555497288703919],"EasingStyle":"Linear","EasingDirection":"In"},"Head":{"Weight":1,"CFrame":[6.12417352385819e-8,4.94765117764473e-10,0.016662240028381349,0.9737309813499451,-0.15640567243099214,-0.16548489034175874,0.15377236902713777,0.9876897931098938,-0.028688224032521249,0.16793464124202729,0.0024876785464584829,0.9857949614524841],"EasingStyle":"Linear","EasingDirection":"In"},"Torso":{"Weight":1,"CFrame":[-0.41113775968551638,0.00019705144222825766,-0.22501540184020997,0.9893196821212769,0.1307615041732788,0.06440461426973343,-0.13104887306690217,0.9913758635520935,0.00023957023222465068,-0.06381785869598389,-0.008677163161337376,0.9979238510131836],"EasingStyle":"Linear","EasingDirection":"In"},"HumanoidRootPart":{"Weight":0,"CFrame":[0,0,0,1,0,0,0,1,0,0,0,1],"EasingStyle":"Linear","EasingDirection":"In"},"Right Leg":{"Weight":1,"CFrame":[0.7526382207870483,0.1190485954284668,-0.14732086658477784,0.9267061352729797,0.26167577505111697,0.26970645785331728,-0.30082762241363528,0.946704626083374,0.11512192338705063,-0.2252076417207718,-0.18781934678554536,0.9560362696647644],"EasingStyle":"Linear","EasingDirection":"In"}}},{"Time":0.3333333432674408,"poses":{"Left Leg":{"Weight":1,"CFrame":[-0.7982979416847229,0.17277377843856812,0.08896160125732422,0.8773525953292847,-0.4797835350036621,0.0077591873705387119,0.454380065202713,0.835879385471344,0.30796799063682558,-0.15424375236034394,-0.26667097210884097,0.951365053653717],"EasingStyle":"Linear","EasingDirection":"In"},"Right Arm":{"Weight":1,"CFrame":[0.26817363500595095,0.14400291442871095,0.4244654178619385,-0.39583829045295718,-0.5438004732131958,-0.7399952411651611,0.7215963006019592,-0.6825913190841675,0.1156197190284729,-0.5679884552955627,-0.4882112145423889,0.6626002788543701],"EasingStyle":"Linear","EasingDirection":"In"},"Left Arm":{"Weight":1,"CFrame":[-0.296671986579895,0.5876225233078003,0.384904146194458,-0.7830595970153809,-0.04775957018136978,0.6201102137565613,0.22133371233940125,-0.9531741738319397,0.20608355104923249,0.581230640411377,0.2986268401145935,0.7569628953933716],"EasingStyle":"Linear","EasingDirection":"In"},"Head":{"Weight":1,"CFrame":[1.1455267667770386e-7,-7.450580596923828e-9,0.016662120819091798,0.9630711674690247,-0.18422625958919526,-0.19635339081287385,0.1853289008140564,0.9825918078422546,-0.012907042168080807,0.1953129917383194,-0.023959601297974588,0.9804482460021973],"EasingStyle":"Linear","EasingDirection":"In"},"Torso":{"Weight":1,"CFrame":[-0.42157086730003359,-0.020736422389745714,-0.2621324062347412,0.9841663837432861,0.15840034186840058,0.07953536510467529,-0.15686705708503724,0.9872979521751404,-0.025209607556462289,-0.0825183168053627,0.012333969585597515,0.9965132474899292],"EasingStyle":"Linear","EasingDirection":"In"},"HumanoidRootPart":{"Weight":0,"CFrame":[0,0,0,1,0,0,0,1,0,0,0,1],"EasingStyle":"Linear","EasingDirection":"In"},"Right Leg":{"Weight":1,"CFrame":[0.783519446849823,0.1530071496963501,-0.16525119543075562,0.9254492521286011,0.24101129174232484,0.29233068227767947,-0.27765753865242007,0.9564089775085449,0.09048833698034287,-0.25777891278266909,-0.1649102121591568,0.9520266056060791],"EasingStyle":"Linear","EasingDirection":"In"}}},{"Time":0.36666667461395266,"poses":{"Left Leg":{"Weight":1,"CFrame":[-0.8224977850914002,0.205919086933136,0.10396111011505127,0.868584930896759,-0.49452969431877139,0.031631384044885638,0.45722267031669619,0.8243995904922485,0.3336356282234192,-0.19106967747211457,-0.2753283679485321,0.9421712756156921],"EasingStyle":"Linear","EasingDirection":"In"},"Right Arm":{"Weight":1,"CFrame":[0.26413238048553469,0.062144339084625247,0.4560091495513916,-0.5468470454216003,-0.4384111762046814,-0.713269829750061,0.5546460747718811,-0.8278741836547852,0.08361881226301193,-0.6271571516990662,-0.3498857021331787,0.6958836913108826],"EasingStyle":"Linear","EasingDirection":"In"},"Left Arm":{"Weight":1,"CFrame":[-0.27879971265792849,0.5334429740905762,0.4168543815612793,-0.7624356746673584,0.09510914236307144,0.6400359272956848,0.08053973317146301,-0.9674975275993347,0.23971207439899445,0.6420320868492127,0.23431335389614106,0.7299945950508118],"EasingStyle":"Linear","EasingDirection":"In"},"Head":{"Weight":1,"CFrame":[1.7508864402770997e-7,0,0.016662240028381349,0.9548284411430359,-0.20335261523723603,-0.21668043732643128,0.20849040150642396,0.9780240654945374,0.0008711661794222891,0.21174144744873048,-0.046007558703422549,0.976242184638977],"EasingStyle":"Linear","EasingDirection":"In"},"Torso":{"Weight":1,"CFrame":[-0.42378562688827517,-0.03840631991624832,-0.28922486305236819,0.9795263409614563,0.17900602519512177,0.09211430698633194,-0.17532366514205934,0.9834030270576477,-0.046691205352544788,-0.09894348680973053,0.029585450887680055,0.9946531653404236],"EasingStyle":"Linear","EasingDirection":"In"},"HumanoidRootPart":{"Weight":0,"CFrame":[0,0,0,1,0,0,0,1,0,0,0,1],"EasingStyle":"Linear","EasingDirection":"In"},"Right Leg":{"Weight":1,"CFrame":[0.797770082950592,0.17977362871170045,-0.1765913963317871,0.925200343132019,0.22000925242900849,0.3091928958892822,-0.2539384365081787,0.9644142389297485,0.073623426258564,-0.2819921672344208,-0.1466323882341385,0.9481452107429504],"EasingStyle":"Linear","EasingDirection":"In"}}},{"Time":0.4000000059604645,"poses":{"Left Leg":{"Weight":1,"CFrame":[-0.8324204087257385,0.2205885648727417,0.10752856731414795,0.8658897876739502,-0.49869078397750857,0.039274249225854877,0.456855833530426,0.8203409314155579,0.3439818024635315,-0.2037588357925415,-0.2799076735973358,0.9381545782089233],"EasingStyle":"Linear","EasingDirection":"In"},"Right Arm":{"Weight":1,"CFrame":[0.26055458188056948,-0.08655872941017151,0.4909096956253052,-0.730230987071991,-0.14835664629936219,-0.6668980121612549,0.1314765363931656,-0.988408088684082,0.07591675221920014,-0.6704301834106445,-0.03224469721317291,0.7412716746330261],"EasingStyle":"Linear","EasingDirection":"In"},"Left Arm":{"Weight":1,"CFrame":[-0.24482566118240357,0.41154712438583376,0.44030189514160159,-0.6370348334312439,0.38271859288215639,0.6691135168075562,-0.20809146761894227,-0.9211930632591248,0.32878783345222475,0.7422159314155579,0.07021242380142212,0.6664726138114929],"EasingStyle":"Linear","EasingDirection":"In"},"Head":{"Weight":1,"CFrame":[-1.862645149230957e-8,1.4901161193847657e-8,0.01666247844696045,0.9521574974060059,-0.20835120975971223,-0.22357524931430818,0.21539533138275147,0.9764994978904724,0.0073153418488800529,0.21679696440696717,-0.05512242391705513,0.9746592044830322],"EasingStyle":"Linear","EasingDirection":"In"},"Torso":{"Weight":1,"CFrame":[-0.4231222867965698,-0.04577665776014328,-0.2997627258300781,0.9778605103492737,0.18511250615119935,0.09758169949054718,-0.1803477704524994,0.9820272922515869,-0.055651452392339709,-0.10612966865301132,0.03682071715593338,0.9936703443527222],"EasingStyle":"Linear","EasingDirection":"In"},"HumanoidRootPart":{"Weight":0,"CFrame":[0,0,0,1,0,0,0,1,0,0,0,1],"EasingStyle":"Linear","EasingDirection":"In"},"Right Leg":{"Weight":1,"CFrame":[0.8013154864311218,0.1897420883178711,-0.17879140377044679,0.9255564212799072,0.21170061826705934,0.3138919770717621,-0.24397063255310059,0.967473566532135,0.06688214093446732,-0.2895231246948242,-0.1384836733341217,0.9471001029014587],"EasingStyle":"Linear","EasingDirection":"In"}}},{"Time":0.4333333373069763,"poses":{"Left Leg":{"Weight":1,"CFrame":[-0.8083804845809937,0.20589995384216309,0.10732519626617432,0.8746917247772217,-0.4835682809352875,0.03280465304851532,0.44624045491218569,0.8298906087875366,0.3348894715309143,-0.18916626274585725,-0.27828630805015566,0.94168621301651],"EasingStyle":"Linear","EasingDirection":"In"},"Right Arm":{"Weight":1,"CFrame":[0.2597767412662506,-0.1637054681777954,0.5101509094238281,-0.7628845572471619,0.039622947573661807,-0.6453192830085754,-0.17543330788612367,-0.9733595252037048,0.14762932062149049,-0.6222782731056213,0.22583463788032533,0.7495121955871582],"EasingStyle":"Linear","EasingDirection":"In"},"Left Arm":{"Weight":1,"CFrame":[-0.22473658621311189,0.2790408730506897,0.4472459554672241,-0.43092432618141177,0.5912968516349793,0.6816683411598206,-0.41351935267448428,-0.8008163571357727,0.4332381784915924,0.8020635843276978,-0.0951903909444809,0.5896040797233582],"EasingStyle":"Linear","EasingDirection":"In"},"Head":{"Weight":1,"CFrame":[1.9371509552001954e-7,2.60770320892334e-8,0.016662240028381349,0.9542856216430664,-0.20295538008213044,-0.2194267064332962,0.20910795032978059,0.9778801202774048,0.004934608470648527,0.21357150375843049,-0.05059288814663887,0.9756165146827698],"EasingStyle":"Linear","EasingDirection":"In"},"Torso":{"Weight":1,"CFrame":[-0.4251946806907654,-0.042131274938583377,-0.2750420570373535,0.9793120622634888,0.17912644147872926,0.0941363126039505,-0.17492304742336274,0.9832489490509033,-0.05121969059109688,-0.1017342358827591,0.03369344770908356,0.9942408800125122],"EasingStyle":"Linear","EasingDirection":"In"},"HumanoidRootPart":{"Weight":0,"CFrame":[0,0,0,1,0,0,0,1,0,0,0,1],"EasingStyle":"Linear","EasingDirection":"In"},"Right Leg":{"Weight":1,"CFrame":[0.7797868251800537,0.17055952548980714,-0.1665898561477661,0.9284019470214844,0.20675532519817353,0.3087426424026489,-0.2382739931344986,0.9688354134559631,0.0677008330821991,-0.2851232886314392,-0.13641898334026338,0.9487331509590149],"EasingStyle":"Linear","EasingDirection":"In"}}},{"Time":0.46666666865348818,"poses":{"Left Leg":{"Weight":1,"CFrame":[-0.7621724605560303,0.17377972602844239,0.09750103950500488,0.8967247009277344,-0.44256502389907839,0.0045905690640211109,0.4204562306404114,0.8550752401351929,0.3034186363220215,-0.13820774853229524,-0.27015286684036257,0.9528462886810303],"EasingStyle":"Linear","EasingDirection":"In"},"Right Arm":{"Weight":1,"CFrame":[0.26012110710144045,-0.16298091411590577,0.5143129825592041,-0.7465299367904663,0.046850282698869708,-0.6637004017829895,-0.2624252736568451,-0.9373841285705566,0.22900646924972535,-0.6114131808280945,0.34513193368911745,0.7120799422264099],"EasingStyle":"Linear","EasingDirection":"In"},"Left Arm":{"Weight":1,"CFrame":[-0.2223571538925171,0.1793004274368286,0.44522786140441897,-0.27142223715782168,0.6811382174491882,0.679985761642456,-0.4579707682132721,-0.7128000259399414,0.5312051773071289,0.8465180397033691,-0.16723276674747468,0.5054111480712891],"EasingStyle":"Linear","EasingDirection":"In"},"Head":{"Weight":1,"CFrame":[1.564621925354004e-7,-5.587935447692871e-9,0.016661643981933595,0.9633315801620483,-0.17702707648277284,-0.20162764191627503,0.181060791015625,0.983470618724823,0.0015903501771390439,0.1980133205652237,-0.03803884610533714,0.9794609546661377],"EasingStyle":"Linear","EasingDirection":"In"},"Torso":{"Weight":1,"CFrame":[-0.4332387149333954,-0.032185330986976626,-0.22839641571044923,0.9853770136833191,0.15155071020126344,0.07787535339593888,-0.14887431263923646,0.988081693649292,-0.039128243923187259,-0.08287712931632996,0.02696242928504944,0.9961949586868286],"EasingStyle":"Linear","EasingDirection":"In"},"HumanoidRootPart":{"Weight":0,"CFrame":[0,0,0,1,0,0,0,1,0,0,0,1],"EasingStyle":"Linear","EasingDirection":"In"},"Right Leg":{"Weight":1,"CFrame":[0.7402050495147705,0.13828587532043458,-0.13618862628936768,0.935731053352356,0.20984219014644624,0.2835025489330292,-0.24133941531181336,0.967074453830719,0.08076035231351853,-0.2572210729122162,-0.1439903825521469,0.9555647969245911],"EasingStyle":"Linear","EasingDirection":"In"}}},{"Time":0.5,"poses":{"Left Leg":{"Weight":1,"CFrame":[-0.7336432933807373,0.1363392472267151,0.08086991310119629,0.9160361289978027,-0.39906400442123415,-0.04032113775610924,0.39646369218826296,0.8856366872787476,0.2417934089899063,-0.06078119948506355,-0.2374774068593979,0.9694896340370178],"EasingStyle":"Linear","EasingDirection":"In"},"Right Arm":{"Weight":1,"CFrame":[0.2600250840187073,-0.1624690592288971,0.5163378715515137,-0.7197045087814331,0.03884921595454216,-0.6931928396224976,-0.30281421542167666,-0.91602623462677,0.26305803656578066,-0.6247631311416626,0.3992325961589813,0.671032190322876],"EasingStyle":"Linear","EasingDirection":"In"},"Left Arm":{"Weight":1,"CFrame":[-0.22186800837516786,0.12033140659332276,0.44509315490722659,-0.17774878442287446,0.7268903851509094,0.6633520126342773,-0.4315151870250702,-0.663395345211029,0.6113110780715942,0.8844207525253296,-0.17758654057979585,0.4315817654132843],"EasingStyle":"Linear","EasingDirection":"In"},"Head":{"Weight":1,"CFrame":[1.0849907994270325e-7,5.587935447692871e-9,0.016661882400512697,0.977164626121521,-0.13420604169368745,-0.16473618149757386,0.13582834601402284,0.9907313585281372,-0.0014294758439064026,0.16340117156505586,-0.020979028195142747,0.9863366484642029],"EasingStyle":"Linear","EasingDirection":"In"},"Torso":{"Weight":1,"CFrame":[-0.43950337171554568,-0.018986161798238756,-0.20196771621704102,0.9933798909187317,0.1068384125828743,0.04221279174089432,-0.10593555122613907,0.9941050410270691,-0.023081786930561067,-0.0444299690425396,0.018457146361470224,0.9988420009613037],"EasingStyle":"Linear","EasingDirection":"In"},"HumanoidRootPart":{"Weight":0,"CFrame":[0,0,0,1,0,0,0,1,0,0,0,1],"EasingStyle":"Linear","EasingDirection":"In"},"Right Leg":{"Weight":1,"CFrame":[0.7290961742401123,0.13213378190994264,-0.11216175556182862,0.9398394823074341,0.2411627471446991,0.24195516109466554,-0.2770494222640991,0.9524485468864441,0.12682831287384034,-0.1998635083436966,-0.18623171746730805,0.9619626998901367],"EasingStyle":"Linear","EasingDirection":"In"}}},{"Time":0.5333333611488342,"poses":{"Left Leg":{"Weight":1,"CFrame":[-0.7376262545585632,0.10215067863464356,0.05920267105102539,0.9245480298995972,-0.3698553144931793,-0.0917496383190155,0.3802831470966339,0.9109283685684204,0.1599820852279663,0.024407092481851579,-0.1828020215034485,0.982846736907959],"EasingStyle":"Linear","EasingDirection":"In"},"Right Arm":{"Weight":1,"CFrame":[0.25988784432411196,-0.16232293844223023,0.5168901681900024,-0.7032861709594727,0.03176099434494972,-0.7101969718933106,-0.31348955631256106,-0.9104805588722229,0.26972121000289919,-0.6380540132522583,0.4123304486274719,0.6502851247787476],"EasingStyle":"Linear","EasingDirection":"In"},"Left Arm":{"Weight":1,"CFrame":[-0.22191448509693147,0.10094040632247925,0.4453859329223633,-0.1482466608285904,0.742051362991333,0.6537448763847351,-0.4074329435825348,-0.6481694579124451,0.6433311104774475,0.9011222720146179,-0.17098559439182282,0.3984251916408539],"EasingStyle":"Linear","EasingDirection":"In"},"Head":{"Weight":1,"CFrame":[1.344596967101097e-7,-9.313225746154786e-10,0.016662240028381349,0.9897867441177368,-0.08347580581903458,-0.115559421479702,0.08346711844205857,0.9964983463287354,-0.004922779742628336,0.1155657172203064,-0.0047729238867759708,0.9932883977890015],"EasingStyle":"Linear","EasingDirection":"In"},"Torso":{"Weight":1,"CFrame":[-0.4392182230949402,-0.006791098043322563,-0.20816254615783692,0.9984563589096069,0.055153775960206988,-0.0065537686459720139,-0.055207107216119769,0.9984408020973206,-0.008256048895418644,0.006088198162615299,0.008605118840932846,0.9999444484710693],"EasingStyle":"Linear","EasingDirection":"In"},"HumanoidRootPart":{"Weight":0,"CFrame":[0,0,0,1,0,0,0,1,0,0,0,1],"EasingStyle":"Linear","EasingDirection":"In"},"Right Leg":{"Weight":1,"CFrame":[0.7554914355278015,0.15275681018829347,-0.10085093975067139,0.9341429471969605,0.29937922954559328,0.1942908614873886,-0.3367535173892975,0.9196719527244568,0.2019914984703064,-0.11821175366640091,-0.25411713123321535,0.9599221348762512],"EasingStyle":"Linear","EasingDirection":"In"}}},{"Time":0.5666666626930237,"poses":{"Left Leg":{"Weight":1,"CFrame":[-0.7404428720474243,0.07026195526123047,0.03842639923095703,0.9284348487854004,-0.34432417154312136,-0.13946209847927094,0.3568120300769806,0.931017279624939,0.07675912231206894,0.10341157019138336,-0.12102765589952469,0.987247884273529],"EasingStyle":"Linear","EasingDirection":"In"},"Right Arm":{"Weight":1,"CFrame":[0.25951772928237917,-0.16253885626792909,0.5163701772689819,-0.7060151696205139,0.02097679115831852,-0.7078859210014343,-0.29491889476776125,-0.9174745082855225,0.2669520676136017,-0.6438676118850708,0.3972410559654236,0.6539373993873596],"EasingStyle":"Linear","EasingDirection":"In"},"Left Arm":{"Weight":1,"CFrame":[-0.2228313684463501,0.10051047801971436,0.44446098804473879,-0.1566402167081833,0.718483030796051,0.6776766180992127,-0.43021976947784426,-0.667265772819519,0.6080030202865601,0.8890302777290344,-0.19631223380565644,0.4136263132095337],"EasingStyle":"Linear","EasingDirection":"In"},"Head":{"Weight":1,"CFrame":[3.5719494917429986e-8,2.3283064365386965e-10,0.016661882400512697,0.9973291158676148,-0.03475227952003479,-0.06424125283956528,0.03428088128566742,0.9993767142295837,-0.00842619314789772,0.06449403613805771,0.006201424635946751,0.9978988170623779],"EasingStyle":"Linear","EasingDirection":"In"},"Torso":{"Weight":1,"CFrame":[-0.43968552350997927,0.0010414139833301306,-0.22269487380981446,0.9982884526252747,0.006702238693833351,-0.05809662491083145,-0.006639895960688591,0.999977171421051,0.0012660652864724398,0.0581037811934948,-0.0008781428332440555,0.9983101487159729],"EasingStyle":"Linear","EasingDirection":"In"},"HumanoidRootPart":{"Weight":0,"CFrame":[0,0,0,1,0,0,0,1,0,0,0,1],"EasingStyle":"Linear","EasingDirection":"In"},"Right Leg":{"Weight":1,"CFrame":[0.7825921773910523,0.1769002079963684,-0.09271413087844849,0.9218255281448364,0.35721370577812197,0.15045279264450074,-0.38640692830085757,0.8774169087409973,0.28430473804473879,-0.030452201142907144,-0.3202154040336609,0.9468551874160767],"EasingStyle":"Linear","EasingDirection":"In"}}},{"Time":0.6000000238418579,"poses":{"Left Leg":{"Weight":1,"CFrame":[-0.7338341474533081,0.04834747314453125,0.02351224422454834,0.930996835231781,-0.3208814859390259,-0.17401142418384553,0.3289077579975128,0.9441781640052795,0.018635552376508714,0.1583179533481598,-0.07458334416151047,0.9845672845840454],"EasingStyle":"Linear","EasingDirection":"In"},"Right Arm":{"Weight":1,"CFrame":[0.2569074332714081,-0.16334065794944764,0.5143570899963379,-0.7156871557235718,-0.05587642639875412,-0.6961822509765625,-0.19814816117286683,-0.9395922422409058,0.27911263704299929,-0.6697232127189636,0.33770444989204409,0.6613821983337402],"EasingStyle":"Linear","EasingDirection":"In"},"Left Arm":{"Weight":1,"CFrame":[-0.22481712698936463,0.0989643931388855,0.44482481479644778,-0.2323324829339981,0.664165198802948,0.7105675339698792,-0.42747798562049868,-0.7259435653686523,0.5387657880783081,0.8736613988876343,-0.17857912182807923,0.4525761902332306],"EasingStyle":"Linear","EasingDirection":"In"},"Head":{"Weight":1,"CFrame":[9.259383659809828e-8,-1.280568540096283e-9,0.016662001609802247,0.9996541738510132,0.0013802910689264536,-0.026260117068886758,-0.0016283566365018488,0.9999542236328125,-0.009428382851183415,0.02624591998755932,0.009467833675444126,0.9996106624603272],"EasingStyle":"Linear","EasingDirection":"In"},"Torso":{"Weight":1,"CFrame":[-0.4434830844402313,0.0028449292294681074,-0.2322378158569336,0.9949308037757874,-0.028817450627684594,-0.09634452313184738,0.029286595061421396,0.999565064907074,0.0034586265683174135,0.09620295464992523,-0.00626269681379199,0.9953420162200928],"EasingStyle":"Linear","EasingDirection":"In"},"HumanoidRootPart":{"Weight":0,"CFrame":[0,0,0,1,0,0,0,1,0,0,0,1],"EasingStyle":"Linear","EasingDirection":"In"},"Right Leg":{"Weight":1,"CFrame":[0.795261561870575,0.1936659812927246,-0.08441215753555298,0.9107853174209595,0.39551404118537905,0.11848535388708115,-0.4112928807735443,0.8439818024635315,0.3442860543727875,0.036170538514852527,-0.36230289936065676,0.9313583374023438],"EasingStyle":"Linear","EasingDirection":"In"}}},{"Time":0.6333333253860474,"poses":{"Left Leg":{"Weight":1,"CFrame":[-0.7171749472618103,0.04095429182052612,0.0176239013671875,0.9356310963630676,-0.29655614495277407,-0.19143909215927125,0.3017571270465851,0.9533825516700745,-0.0020793878939002754,0.18313127756118775,-0.05582251027226448,0.9815022945404053],"EasingStyle":"Linear","EasingDirection":"In"},"Right Arm":{"Weight":1,"CFrame":[0.2505170702934265,-0.1649642288684845,0.5052603483200073,-0.6863687634468079,-0.24889107048511506,-0.6833382844924927,0.01736164093017578,-0.9449546337127686,0.3267405331134796,-0.7270463705062866,0.21240060031414033,0.652908444404602],"EasingStyle":"Linear","EasingDirection":"In"},"Left