{"Sequence":[{"Time":0,"poses":{"Left Leg":{"Weight":1,"CFrame":[-0.33349406719207766,0.5090341567993164,-0.1049908995628357,0.9635505676269531,0.17543122172355653,0.20197591185569764,-0.24676138162612916,0.8744402527809143,0.41768792271614077,-0.10334036499261856,-0.45230332016944888,0.8858569860458374],"EasingStyle":"Constant","EasingDirection":"In"},"Right Arm":{"Weight":1,"CFrame":[-0.02938203513622284,-0.0862356424331665,-0.020785987377166749,0.9319185018539429,-0.19816747307777406,-0.30373939871788027,0.2373797744512558,0.9664856791496277,0.09775681048631668,0.2741875648498535,-0.16320307552814485,0.9477267861366272],"EasingStyle":"Constant","EasingDirection":"In"},"Left Arm":{"Weight":1,"CFrame":[-0.03816963732242584,-0.16606885194778443,0.014760971069335938,0.9427297711372376,0.312055379152298,-0.11782294511795044,-0.26800060272216799,0.9189173579216003,0.28942468762397768,0.19858604669570924,-0.24127274751663209,0.949921727180481],"EasingStyle":"Constant","EasingDirection":"In"},"Right Leg":{"Weight":1,"CFrame":[0.45878827571868899,0.1924932599067688,0.14174258708953858,0.9848612546920776,-0.0720527321100235,-0.1576601266860962,0.032684169709682468,0.9703922867774963,-0.2393125742673874,0.17023538053035737,0.23053665459156037,0.9580568075180054],"EasingStyle":"Constant","EasingDirection":"In"},"Torso":{"Weight":1,"CFrame":[-0.31844907999038699,-0.2991843819618225,-0.3332405090332031,0.9922381043434143,-0.06092101335525513,0.10840810835361481,0.09662280231714249,0.9264822602272034,-0.3637235462665558,-0.07827978581190109,0.37137505412101748,0.9251772165298462],"EasingStyle":"Constant","EasingDirection":"In"},"HumanoidRootPart":{"Weight":0,"CFrame":[0,0,0,1,0,0,0,1,0,0,0,1],"EasingStyle":"Linear","EasingDirection":"In"},"Head":{"Weight":1,"CFrame":[1.341104507446289e-7,-2.1513551473617555e-7,0.016662001609802247,0.9901377558708191,0.07966417074203491,-0.11524354666471482,-0.08067414164543152,0.9967320561408997,-0.00411955825984478,0.11453868448734284,0.013376063667237759,0.9933288097381592],"EasingStyle":"Constant","EasingDirection":"In"}}},{"Time":0.03999999910593033,"poses":{"Left Leg":{"Weight":1,"CFrame":[-0.33349406719207766,0.5090341567993164,-0.1049908995628357,0.9635505676269531,0.17543122172355653,0.20197591185569764,-0.24676138162612916,0.8744402527809143,0.41768792271614077,-0.10334036499261856,-0.45230332016944888,0.8858569860458374],"EasingStyle":"Constant","EasingDirection":"In"},"Right Arm":{"Weight":1,"CFrame":[-0.02938203513622284,-0.0862356424331665,-0.020785987377166749,0.9319185018539429,-0.19816747307777406,-0.30373939871788027,0.2373797744512558,0.9664856791496277,0.09775681048631668,0.2741875648498535,-0.16320307552814485,0.9477267861366272],"EasingStyle":"Constant","EasingDirection":"In"},"Left Arm":{"Weight":1,"CFrame":[-0.03816963732242584,-0.16606885194778443,0.014760971069335938,0.9427297711372376,0.312055379152298,-0.11782294511795044,-0.26800060272216799,0.9189173579216003,0.28942468762397768,0.19858604669570924,-0.24127274751663209,0.949921727180481],"EasingStyle":"Constant","EasingDirection":"In"},"Right Leg":{"Weight":1,"CFrame":[0.45878827571868899,0.1924932599067688,0.14174258708953858,0.9848612546920776,-0.0720527321100235,-0.1576601266860962,0.032684169709682468,0.9703922867774963,-0.2393125742673874,0.17023538053035737,0.23053665459156037,0.9580568075180054],"EasingStyle":"Constant","EasingDirection":"In"},"Torso":{"Weight":1,"CFrame":[-0.31844907999038699,-0.2991843819618225,-0.3332405090332031,0.9922381043434143,-0.06092101335525513,0.10840810835361481,0.09662280231714249,0.9264822602272034,-0.3637235462665558,-0.07827978581190109,0.37137505412101748,0.9251772165298462],"EasingStyle":"Constant","EasingDirection":"In"},"HumanoidRootPart":{"Weight":0,"CFrame":[0,0,0,1,0,0,0,1,0,0,0,1],"EasingStyle":"Linear","EasingDirection":"In"},"Head":{"Weight":1,"CFrame":[1.341104507446289e-7,-2.1513551473617555e-7,0.016662001609802247,0.9901377558708191,0.07966417074203491,-0.11524354666471482,-0.08067414164543152,0.9967320561408997,-0.00411955825984478,0.11453868448734284,0.013376063667237759,0.9933288097381592],"EasingStyle":"Constant","EasingDirection":"In"}}},{"Time":0.07999999821186066,"poses":{"Left Leg":{"Weight":1,"CFrame":[-0.6035013794898987,0.660389244556427,0.007925868034362793,0.9571126699447632,-0.13033361732959748,0.25874412059783938,0.05656704306602478,0.959976077079773,0.27431008219718935,-0.28414005041122439,-0.247909277677536,0.9261778593063355],"EasingStyle":"Constant","EasingDirection":"In"},"Right Arm":{"Weight":1,"CFrame":[0.0780956819653511,-0.27659738063812258,-0.005339622497558594,0.8851627707481384,-0.023932907730340959,-0.46466559171676638,0.11603426933288574,0.9784770607948303,0.1706417202949524,0.45058074593544009,-0.20496279001235963,0.8688885569572449],"EasingStyle":"Constant","EasingDirection":"In"},"Left Arm":{"Weight":1,"CFrame":[-0.09303832054138184,-0.35907986760139468,0.025631308555603029,0.9548195004463196,0.2211712747812271,-0.19850200414657594,-0.16551601886749268,0.9505160450935364,0.2629137635231018,0.24682828783988954,-0.2181800901889801,0.9441787004470825],"EasingStyle":"Constant","EasingDirection":"In"},"Right Leg":{"Weight":1,"CFrame":[0.699209988117218,0.5443145036697388,0.08832967281341553,0.9871203303337097,0.11333978176116944,-0.11290526390075684,-0.11603902280330658,0.9930886626243591,-0.017607681453227998,0.11012935638427735,0.03048231266438961,0.9934497475624085],"EasingStyle":"Constant","EasingDirection":"In"},"Torso":{"Weight":1,"CFrame":[-0.1731833517551422,-0.3201242685317993,-0.5510053634643555,0.9991468787193298,0.035460926592350009,0.02116813324391842,-0.026214642450213434,0.9406340718269348,-0.33840855956077578,-0.03191174939274788,0.3375649154186249,0.9407612681388855],"EasingStyle":"Constant","EasingDirection":"In"},"HumanoidRootPart":{"Weight":0,"CFrame":[0,0,0,1,0,0,0,1,0,0,0,1],"EasingStyle":"Linear","EasingDirection":"In"},"Head":{"Weight":1,"CFrame":[5.774199962615967e-8,1.5599653124809266e-7,0.01666247844696045,0.9971016049385071,0.02865920215845108,-0.07047750800848007,-0.03772004693746567,0.9906911253929138,-0.1307992935180664,0.06607282161712647,0.13307854533195496,0.9889006614685059],"EasingStyle":"Constant","EasingDirection":"In"}}},{"Time":0.11999999731779099,"poses":{"Left Leg":{"Weight":1,"CFrame":[-0.6547212600708008,0.4985826015472412,0.08525478839874268,0.9712650775909424,-0.15262074768543244,0.18262295424938203,0.13919125497341157,0.9866710305213928,0.0842980146408081,-0.1930544376373291,-0.05645620822906494,0.9795625805854797],"EasingStyle":"Constant","EasingDirection":"In"},"Right Arm":{"Weight":1,"CFrame":[0.11397412419319153,-0.3229635953903198,0.019263744354248048,0.8042357563972473,-0.015628889203071595,-0.5941050052642822,0.15069177746772767,0.9723483920097351,0.17841090261936189,0.5748885869979858,-0.23301130533218385,0.7843524813652039],"EasingStyle":"Constant","EasingDirection":"In"},"Left Arm":{"Weight":1,"CFrame":[-0.11461319029331207,-0.4600509703159332,0.034108877182006839,0.9259253740310669,0.2984220087528229,-0.2315312922000885,-0.24671246111392976,0.9420030117034912,0.2275158315896988,0.28599876165390017,-0.1535412073135376,0.9458487629890442],"EasingStyle":"Constant","EasingDirection":"In"},"Right Leg":{"Weight":1,"CFrame":[0.6446129083633423,0.6275165677070618,0.01971113681793213,0.9915357232093811,0.04067669063806534,-0.12329752743244171,-0.02851697988808155,0.9946958422660828,0.09882888942956925,0.12666353583335877,-0.09447633475065232,0.9874364733695984],"EasingStyle":"Constant","EasingDirection":"In"},"Torso":{"Weight":1,"CFrame":[0.03319771587848663,-0.3124382495880127,-0.32023072242736819,0.9895708560943604,0.14404632151126862,-0.0004124527331441641,-0.1373092383146286,0.9424153566360474,-0.30495840311050417,-0.04353942722082138,0.3018345832824707,0.9523656964302063],"EasingStyle":"Constant","EasingDirection":"In"},"HumanoidRootPart":{"Weight":0,"CFrame":[0,0,0,1,0,0,0,1,0,0,0,1],"EasingStyle":"Linear","EasingDirection":"In"},"Head":{"Weight":1,"CFrame":[8.195638656616211e-8,3.725290298461914e-8,0.016662240028381349,0.9973057508468628,-0.03952261433005333,-0.06180085986852646,0.02368064783513546,0.9708042144775391,-0.23870180547237397,0.06943065673112869,0.23659510910511018,0.9691244959831238],"EasingStyle":"Constant","EasingDirection":"In"}}},{"Time":0.1599999964237213,"poses":{"Left Leg":{"Weight":1,"CFrame":[-0.6547212600708008,0.4985826015472412,0.08525478839874268,0.9712650775909424,-0.15262074768543244,0.18262295424938203,0.13919125497341157,0.9866710305213928,0.0842980146408081,-0.1930544376373291,-0.05645620822906494,0.9795625805854797],"EasingStyle":"Constant","EasingDirection":"In"},"Right Arm":{"Weight":1,"CFrame":[0.11397412419319153,-0.3229635953903198,0.019263744354248048,0.8042357563972473,-0.015628889203071595,-0.5941050052642822,0.15069177746772767,0.9723483920097351,0.17841090261936189,0.5748885869979858,-0.23301130533218385,0.7843524813652039],"EasingStyle":"Constant","EasingDirection":"In"},"Left Arm":{"Weight":1,"CFrame":[-0.11461319029331207,-0.4600509703159332,0.034108877182006839,0.9259253740310669,0.2984220087528229,-0.2315312922000885,-0.24671246111392976,0.9420030117034912,0.2275158315896988,0.28599876165390017,-0.1535412073135376,0.9458487629890442],"EasingStyle":"Constant","EasingDirection":"In"},"Right Leg":{"Weight":1,"CFrame":[0.6446129083633423,0.6275165677070618,0.01971113681793213,0.9915357232093811,0.04067669063806534,-0.12329752743244171,-0.02851697988808155,0.9946958422660828,0.09882888942956925,0.12666353583335877,-0.09447633475065232,0.9874364733695984],"EasingStyle":"Constant","EasingDirection":"In"},"Torso":{"Weight":1,"CFrame":[0.03319771587848663,-0.3124382495880127,-0.32023072242736819,0.9895708560943604,0.14404632151126862,-0.0004124527331441641,-0.1373092383146286,0.9424153566360474,-0.30495840311050417,-0.04353942722082138,0.3018345832824707,0.9523656964302063],"EasingStyle":"Constant","EasingDirection":"In"},"HumanoidRootPart":{"Weight":0,"CFrame":[0,0,0,1,0,0,0,1,0,0,0,1],"EasingStyle":"Linear","EasingDirection":"In"},"Head":{"Weight":1,"CFrame":[8.195638656616211e-8,3.725290298461914e-8,0.016662240028381349,0.9973057508468628,-0.03952261433005333,-0.06180085986852646,0.02368064783513546,0.9708042144775391,-0.23870180547237397,0.06943065673112869,0.23659510910511018,0.9691244959831238],"EasingStyle":"Constant","EasingDirection":"In"}}},{"Time":0.20000000298023225,"poses":{"Left Leg":{"Weight":1,"CFrame":[-0.47603514790534975,0.15282970666885377,-0.02075260877609253,0.9719046950340271,0.18823112547397614,-0.1413165032863617,-0.2161589413881302,0.9513872861862183,-0.21940287947654725,0.09314820915460587,0.24378551542758943,0.9653456211090088],"EasingStyle":"Constant","EasingDirection":"In"},"Right Arm":{"Weight":1,"CFrame":[0.07652736455202103,-0.3096041679382324,0.03759944438934326,0.6082495450973511,-0.14959311485290528,-0.7795218825340271,0.34753674268722536,0.9331315755844116,0.09210627526044846,0.7136180996894836,-0.32693615555763247,0.619566023349762],"EasingStyle":"Constant","EasingDirection":"In"},"Left Arm":{"Weight":1,"CFrame":[-0.11370965838432312,-0.5051116943359375,0.05017673969268799,0.8508610129356384,0.4867139756679535,-0.1978515088558197,-0.39904460310935976,0.843630850315094,0.3592359721660614,0.34175869822502139,-0.22670835256576539,0.9120330810546875],"EasingStyle":"Constant","EasingDirection":"In"},"Right Leg":{"Weight":1,"CFrame":[0.348000168800354,0.7374246120452881,-0.01629948616027832,0.9261378049850464,-0.27448397874832156,-0.2587032616138458,0.3234809637069702,0.930743396282196,0.1705189198255539,0.19398172199726106,-0.241609588265419,0.9507870078086853],"EasingStyle":"Constant","EasingDirection":"In"},"Torso":{"Weight":1,"CFrame":[0.47044092416763308,-0.19879376888275147,0.16762948036193849,0.9477514624595642,0.31247082352638247,-0.06425891071557999,-0.31857654452323916,0.9165704250335693,-0.2416769117116928,-0.016619155183434488,0.24952101707458497,0.9682267904281616],"EasingStyle":"Constant","EasingDirection":"In"},"HumanoidRootPart":{"Weight":0,"CFrame":[0,0,0,1,0,0,0,1,0,0,0,1],"EasingStyle":"Linear","EasingDirection":"In"},"Head":{"Weight":1,"CFrame":[1.1175870895385742e-7,5.960464477539063e-8,0.016662120819091798,0.9884764552116394,-0.1491306722164154,0.0259691271930933,0.14921946823596955,0.9311086535453796,-0.33282139897346499,0.02545379102230072,0.3328613340854645,0.9426321983337402],"EasingStyle":"Constant","EasingDirection":"In"}}},{"Time":0.23999999463558198,"poses":{"Left Leg":{"Weight":1,"CFrame":[-0.47603514790534975,0.15282970666885377,-0.02075260877609253,0.9719046950340271,0.18823112547397614,-0.1413165032863617,-0.2161589413881302,0.9513872861862183,-0.21940287947654725,0.09314820915460587,0.24378551542758943,0.9653456211090088],"EasingStyle":"Constant","EasingDirection":"In"},"Right Arm":{"Weight":1,"CFrame":[0.07652736455202103,-0.3096041679382324,0.03759944438934326,0.6082495450973511,-0.14959311485290528,-0.7795218825340271,0.34753674268722536,0.9331315755844116,0.09210627526044846,0.7136180996894836,-0.32693615555763247,0.619566023349762],"EasingStyle":"Constant","EasingDirection":"In"},"Left Arm":{"Weight":1,"CFrame":[-0.11370965838432312,-0.5051116943359375,0.05017673969268799,0.8508610129356384,0.4867139756679535,-0.1978515088558197,-0.39904460310935976,0.843630850315094,0.3592359721660614,0.34175869822502139,-0.22670835256576539,0.9120330810546875],"EasingStyle":"Constant","EasingDirection":"In"},"Right Leg":{"Weight":1,"CFrame":[0.348000168800354,0.7374246120452881,-0.01629948616027832,0.9261378049850464,-0.27448397874832156,-0.2587032616138458,0.3234809637069702,0.930743396282196,0.1705189198255539,0.19398172199726106,-0.241609588265419,0.9507870078086853],"EasingStyle":"Constant","EasingDirection":"In"},"Torso":{"Weight":1,"CFrame":[0.47044092416763308,-0.19879376888275147,0.16762948036193849,0.9477514624595642,0.31247082352638247,-0.06425891071557999,-0.31857654452323916,0.9165704250335693,-0.2416769117116928,-0.016619155183434488,0.24952101707458497,0.9682267904281616],"EasingStyle":"Constant","EasingDirection":"In"},"HumanoidRootPart":{"Weight":0,"CFrame":[0,0,0,1,0,0,0,1,0,0,0,1],"EasingStyle":"Linear","EasingDirection":"In"},"Head":{"Weight":1,"CFrame":[1.1175870895385742e-7,5.960464477539063e-8,0.016662120819091798,0.9884764552116394,-0.1491306722164154,0.0259691271930933,0.14921946823596955,0.9311086535453796,-0.33282139897346499,0.02545379102230072,0.3328613340854645,0.9426321983337402],"EasingStyle":"Constant","EasingDirection":"In"}}},{"Time":0.2800000011920929,"poses":{"Left Leg":{"Weight":1,"CFrame":[-0.6700971126556397,0.5363706350326538,0.07402503490447998,0.9417577981948853,0.1907506138086319,-0.27695968747138979,-0.2875843644142151,0.8837167620658875,-0.3692423403263092,0.17432068288326264,0.4273860454559326,0.8871039748191834],"EasingStyle":"Constant","EasingDirection":"In"},"Right Arm":{"Weight":1,"CFrame":[-0.03464825823903084,-0.4462505578994751,-0.04655390977859497,0.3853827714920044,-0.5070400238037109,-0.7709673047065735,0.8487743139266968,0.5225773453712463,0.08059398084878922,0.36202558875083926,-0.6854367256164551,0.6317547559738159],"EasingStyle":"Constant","EasingDirection":"In"},"Left Arm":{"Weight":1,"CFrame":[-0.00022643804550170898,-0.11986541748046875,0.04116690158843994,0.8629289269447327,0.4978846311569214,-0.08639894425868988,-0.34591659903526308,0.7066506147384644,0.617240846157074,0.36836859583854678,-0.502748429775238,0.7820159792900086],"EasingStyle":"Constant","EasingDirection":"In"},"Right Leg":{"Weight":1,"CFrame":[0.0947863981127739,1.1380599737167359,-0.24877291917800904,0.8464437127113342,-0.3661997616291046,-0.3865628242492676,0.4843183755874634,0.8311728835105896,0.2731069326400757,0.22128893435001374,-0.4183891713619232,0.8808982968330383],"EasingStyle":"Constant","EasingDirection":"In"},"Torso":{"Weight":1,"CFrame":[0.7885494232177734,0.05292689800262451,-0.09099173545837403,0.9389486908912659,0.314902663230896,-0.13860644400119782,-0.340964138507843,0.9055566191673279,-0.25240975618362429,0.04603147134184837,0.2842595875263214,0.9576416611671448],"EasingStyle":"Constant","EasingDirection":"In"},"HumanoidRootPart":{"Weight":0,"CFrame":[0,0,0,1,0,0,0,1,0,0,0,1],"EasingStyle":"Linear","EasingDirection":"In"},"Head":{"Weight":1,"CFrame":[8.940696716308594e-8,5.960464477539063e-8,0.016662120819091798,0.9651793837547302,-0.23956891894340516,0.10505010932683945,0.2501825988292694,0.9626815915107727,-0.10321315377950669,-0.07640314102172852,0.1259009689092636,0.9890964031219482],"EasingStyle":"Constant","EasingDirection":"In"}}},{"Time":0.3199999928474426,"poses":{"Left Leg":{"Weight":1,"CFrame":[-0.6700971126556397,0.5363706350326538,0.07402503490447998,0.9417577981948853,0.1907506138086319,-0.27695968747138979,-0.2875843644142151,0.8837167620658875,-0.3692423403263092,0.17432068288326264,0.4273860454559326,0.8871039748191834],"EasingStyle":"Constant","EasingDirection":"In"},"Right Arm":{"Weight":1,"CFrame":[-0.03464825823903084,-0.4462505578994751,-0.04655390977859497,0.3853827714920044,-0.5070400238037109,-0.7709673047065735,0.8487743139266968,0.5225773453712463,0.08059398084878922,0.36202558875083926,-0.6854367256164551,0.6317547559738159],"EasingStyle":"Constant","EasingDirection":"In"},"Left Arm":{"Weight":1,"CFrame":[-0.00022643804550170898,-0.11986541748046875,0.04116690158843994,0.8629289269447327,0.4978846311569214,-0.08639894425868988,-0.34591659903526308,0.7066506147384644,0.617240846157074,0.36836859583854678,-0.502748429775238,0.7820159792900086],"EasingStyle":"Constant","EasingDirection":"In"},"Right Leg":{"Weight":1,"CFrame":[0.0947863981127739,1.1380599737167359,-0.24877291917800904,0.8464437127113342,-0.3661997616291046,-0.3865628242492676,0.4843183755874634,0.8311728835105896,0.2731069326400757,0.22128893435001374,-0.4183891713619232,0.8808982968330383],"EasingStyle":"Constant","EasingDirection":"In"},"Torso":{"Weight":1,"CFrame":[0.7885494232177734,0.05292689800262451,-0.09099173545837403,0.9389486908912659,0.314902663230896,-0.13860644400119782,-0.340964138507843,0.9055566191673279,-0.25240975618362429,0.04603147134184837,0.2842595875263214,0.9576416611671448],"EasingStyle":"Constant","EasingDirection":"In"},"HumanoidRootPart":{"Weight":0,"CFrame":[0,0,0,1,0,0,0,1,0,0,0,1],"EasingStyle":"Linear","EasingDirection":"In"},"Head":{"Weight":1,"CFrame":[8.940696716308594e-8,5.960464477539063e-8,0.016662120819091798,0.9651793837547302,-0.23956891894340516,0.10505010932683945,0.2501825988292694,0.9626815915107727,-0.10321315377950669,-0.07640314102172852,0.1259009689092636,0.9890964031219482],"EasingStyle":"Constant","EasingDirection":"In"}}},{"Time":0.36000001430511477,"poses":{"Left Leg":{"Weight":1,"CFrame":[-0.5722667574882507,0.5081864595413208,0.11296343803405762,0.9667021036148071,0.2367483675479889,-0.0971454605460167,-0.25488927960395815,0.9245693683624268,-0.2832014262676239,0.022770265117287637,0.29853275418281557,0.9541277289390564],"EasingStyle":"Constant","EasingDirection":"In"},"Right Arm":{"Weight":1,"CFrame":[-0.14316877722740174,-0.5829485058784485,-0.15357768535614015,0.4538741111755371,-0.5348024964332581,-0.7127305269241333,0.7842286229133606,0.6195092797279358,0.03455163538455963,0.4230648875236511,-0.5746256709098816,0.7005864977836609],"EasingStyle":"Constant","EasingDirection":"In"},"Left Arm":{"Weight":1,"CFrame":[-0.07158295810222626,-0.33369678258895876,0.05734848976135254,0.9635183811187744,0.0752306878566742,0.25685182213783266,-0.13866165280342103,0.9611581563949585,0.2386375069618225,-0.22892236709594727,-0.2655471861362457,0.9365251064300537],"EasingStyle":"Constant","EasingDirection":"In"},"Right Leg":{"Weight":1,"CFrame":[0.39044809341430666,0.8721981048583984,0.00606381893157959,0.928303062915802,-0.11743979156017304,-0.3527907729148865,0.19575664401054383,0.9610326290130615,0.1951809823513031,0.3161216080188751,-0.2502482831478119,0.9151191711425781],"EasingStyle":"Constant","EasingDirection":"In"},"Torso":{"Weight":1,"CFrame":[0.9597869515419006,0.2543761134147644,-0.6110439300537109,0.9481604695320129,0.24933774769306184,-0.1970340758562088,-0.2993692457675934,0.9088281989097595,-0.2905329763889313,0.10662926733493805,0.3344578444957733,0.9363589882850647],"EasingStyle":"Constant","EasingDirection":"In"},"HumanoidRootPart":{"Weight":0,"CFrame":[0,0,0,1,0,0,0,1,0,0,0,1],"EasingStyle":"Linear","EasingDirection":"In"},"Head":{"Weight":1,"CFrame":[9.96515154838562e-8,3.725290298461914e-9,0.016661763191223146,0.9336347579956055,-0.32224953174591067,0.15646496415138246,0.29187241196632388,0.9375373125076294,0.1892998367547989,-0.20769354701042176,-0.13106918334960938,0.9693732261657715],"EasingStyle":"Constant","EasingDirection":"In"}}},{"Time":0.4000000059604645,"poses":{"Left Leg":{"Weight":1,"CFrame":[-0.5722667574882507,0.5081864595413208,0.11296343803405762,0.9667021036148071,0.2367483675479889,-0.0971454605460167,-0.25488927960395815,0.9245693683624268,-0.2832014262676239,0.022770265117287637,0.29853275418281557,0.9541277289390564],"EasingStyle":"Constant","EasingDirection":"In"},"Right Arm":{"Weight":1,"CFrame":[-0.14316877722740174,-0.5829485058784485,-0.15357768535614015,0.4538741111755371,-0.5348024964332581,-0.7127305269241333,0.7842286229133606,0.6195092797279358,0.03455163538455963,0.4230648875236511,-0.5746256709098816,0.7005864977836609],"EasingStyle":"Constant","EasingDirection":"In"},"Left Arm":{"Weight":1,"CFrame":[-0.07158295810222626,-0.33369678258895876,0.05734848976135254,0.9635183811187744,0.0752306878566742,0.25685182213783266,-0.13866165280342103,0.9611581563949585,0.2386375069618225,-0.22892236709594727,-0.2655471861362457,0.9365251064300537],"EasingStyle":"Constant","EasingDirection":"In"},"Right Leg":{"Weight":1,"CFrame":[0.39044809341430666,0.8721981048583984,0.00606381893157959,0.928303062915802,-0.11743979156017304,-0.3527907729148865,0.19575664401054383,0.9610326290130615,0.1951809823513031,0.3161216080188751,-0.2502482831478119,0.9151191711425781],"EasingStyle":"Constant","EasingDirection":"In"},"Torso":{"Weight":1,"CFrame":[0.9597869515419006,0.2543761134147644,-0.6110439300537109,0.9481604695320129,0.24933774769306184,-0.1970340758562088,-0.2993692457675934,0.9088281989097595,-0.2905329763889313,0.10662926733493805,0.3344578444957733,0.9363589882850647],"EasingStyle":"Constant","EasingDirection":"In"},"HumanoidRootPart":{"Weight":0,"CFrame":[0,0,0,1,0,0,0,1,0,0,0,1],"EasingStyle":"Linear","EasingDirection":"In"},"Head":{"Weight":1,"CFrame":[9.96515154838562e-8,3.725290298461914e-9,0.016661763191223146,0.9336347579956055,-0.32224953174591067,0.15646496415138246,0.29187241196632388,0.9375373125076294,0.1892998367547989,-0.20769354701042176,-0.13106918334960938,0.9693732261657715],"EasingStyle":"Constant","EasingDirection":"In"}}},{"Time":0.4399999976158142,"poses":{"Left Leg":{"Weight":1,"CFrame":[-0.3559572100639343,0.7901589274406433,0.2405015230178833,0.8779454231262207,0.44628414511680605,-0.17332738637924195,-0.478756308555603,0.8168201446533203,-0.3218653202056885,-0.0020660641603171827,0.3655617833137512,0.9307847619056702],"EasingStyle":"Constant","EasingDirection":"In"},"Right Arm":{"Weight":1,"CFrame":[-0.206793874502182,-0.49305033683776858,-0.20576602220535279,0.7619046568870544,-0.0805833637714386,-0.6426568031311035,-0.011685952544212342,0.9903582334518433,-0.13803631067276,0.6475839018821716,0.11268038302659989,0.7536167502403259],"EasingStyle":"Constant","EasingDirection":"In"},"Left Arm":{"Weight":1,"CFrame":[-0.10850460827350617,-0.49832916259765627,0.06595516204833985,0.8960428237915039,-0.06420047581195831,0.43930140137672427,0.050118643790483478,0.9977915287017822,0.043592702597379687,-0.4411299228668213,-0.017043830826878549,0.8972814679145813],"EasingStyle":"Constant","EasingDirection":"In"},"Right Leg":{"Weight":1,"CFrame":[0.04398960620164871,1.1578772068023682,-0.1482272744178772,0.840637743473053,-0.37526917457580569,-0.3905141353607178,0.4658433198928833,0.8687875270843506,0.16792307794094087,0.27625760436058047,-0.3230808973312378,0.9051523208618164],"EasingStyle":"Constant","EasingDirection":"In"},"Torso":{"Weight":1,"CFrame":[0.9723643660545349,0.15066218376159669,-0.9538769721984863,0.943088948726654,0.22548088431358338,-0.24442143738269807,-0.318676620721817,0.8228254914283752,-0.47053536772727969,0.09501946717500687,0.5216479897499085,0.8478529453277588],"EasingStyle":"Constant","EasingDirection":"In"},"HumanoidRootPart":{"Weight":0,"CFrame":[0,0,0,1,0,0,0,1,0,0,0,1],"EasingStyle":"Linear","EasingDirection":"In"},"Head":{"Weight":1,"CFrame":[7.450580596923828e-9,1.1920928955078126e-7,0.0166623592376709,0.9258673787117004,-0.35172808170318606,0.13804760575294496,0.2800711691379547,0.8840783834457398,0.3741198182106018,-0.2536332607269287,-0.3077220916748047,0.9170480966567993],"EasingStyle":"Constant","EasingDirection":"In"}}},{"Time":0.47999998927116396,"poses":{"Left Leg":{"Weight":1,"CFrame":[-0.3559572100639343,0.7901589274406433,0.2405015230178833,0.8779454231262207,0.44628414511680605,-0.17332738637924195,-0.478756308555603,0.8168201446533203,-0.3218653202056885,-0.0020660641603171827,0.3655617833137512,0.9307847619056702],"EasingStyle":"Constant","EasingDirection":"In"},"Right Arm":{"Weight":1,"CFrame":[-0.206793874502182,-0.49305033683776858,-0.20576602220535279,0.7619046568870544,-0.0805833637714386,-0.6426568031311035,-0.011685952544212342,0.9903582334518433,-0.13803631067276,0.6475839018821716,0.11268038302659989,0.7536167502403259],"EasingStyle":"Constant","EasingDirection":"In"},"Left Arm":{"Weight":1,"CFrame":[-0.10850460827350617,-0.49832916259765627,0.06595516204833985,0.8960428237915039,-0.06420047581195831,0.43930140137672427,0.050118643790483478,0.9977915287017822,0.043592702597379687,-0.4411299228668213,-0.017043830826878549,0.8972814679145813],"EasingStyle":"Constant","EasingDirection":"In"},"Right Leg":{"Weight":1,"CFrame":[0.04398960620164871,1.1578772068023682,-0.1482272744178772,0.840637743473053,-0.37526917457580569,-0.3905141353607178,0.4658433198928833,0.8687875270843506,0.16792307794094087,0.27625760436058047,-0.3230808973312378,0.9051523208618164],"EasingStyle":"Constant","EasingDirection":"In"},"Torso":{"Weight":1,"CFrame":[0.9723643660545349,0.15066218376159669,-0.9538769721984863,0.943088948726654,0.22548088431358338,-0.24442143738269807,-0.318676620721817,0.8228254914283752,-0.47053536772727969,0.09501946717500687,0.5216479897499085,0.8478529453277588],"EasingStyle":"Constant","EasingDirection":"In"},"HumanoidRootPart":{"Weight":0,"CFrame":[0,0,0,1,0,0,0,1,0,0,0,1],"EasingStyle":"Linear","EasingDirection":"In"},"Head":{"Weight":1,"CFrame":[7.450580596923828e-9,1.1920928955078126e-7,0.0166623592376709,0.9258673787117004,-0.35172808170318606,0.13804760575294496,0.2800711691379547,0.8840783834457398,0.3741198182106018,-0.2536332607269287,-0.3077220916748047,0.9170480966567993],"EasingStyle":"Constant","EasingDirection":"In"}}},{"Time":0.5199999809265137,"poses":{"Left Leg":{"Weight":1,"CFrame":[-0.4395788311958313,0.5738481879234314,0.08899509906768799,0.871269166469574,0.46043580770492556,-0.16996781527996064,-0.4899196922779083,0.83668053150177,-0.24483568966388703,0.029477640986442567,0.29658833146095278,0.9545504450798035],"EasingStyle":"Constant","EasingDirection":"In"},"Right Arm":{"Weight":1,"CFrame":[-0.15806305408477784,-0.15499910712242127,-0.011999905109405518,0.8159633874893189,0.16926692426204682,-0.5527679920196533,-0.09740953147411347,0.9827594757080078,0.15714718401432038,0.569837749004364,-0.07438159734010697,0.818384051322937],"EasingStyle":"Constant","EasingDirection":"In"},"Left Arm":{"Weight":1,"CFrame":[0.16079507768154145,-0.11741399765014649,-0.0014115571975708008,0.8159630298614502,-0.16926707327365876,0.5527684688568115,0.09740986675024033,0.9827594757080078,0.15714681148529054,-0.5698382258415222,-0.074381023645401,0.8183836936950684],"EasingStyle":"Constant","EasingDirection":"In"},"Right Leg":{"Weight":1,"CFrame":[0.16721093654632569,0.9235081076622009,0.0037959814071655275,0.8503528237342835,-0.3547748923301697,-0.38863199949264529,0.42443805932998659,0.8989895582199097,0.10802795737981796,0.311050683259964,-0.25681212544441225,0.9150382876396179],"EasingStyle":"Constant","EasingDirection":"In"},"Torso":{"Weight":1,"CFrame":[0.8708223104476929,0.12523186206817628,-0.29062795639038088,0.9444979429244995,0.18736949563026429,-0.2698453366756439,-0.3032541573047638,0.8131482005119324,-0.49681681394577029,0.1263359636068344,0.5510741472244263,0.824837327003479],"EasingStyle":"Constant","EasingDirection":"In"},"HumanoidRootPart":{"Weight":0,"CFrame":[0,0,0,1,0,0,0,1,0,0,0,1],"EasingStyle":"Linear","EasingDirection":"In"},"Head":{"Weight":1,"CFrame":[-8.195638656616211e-8,-1.4156103134155274e-7,0.016662001609802247,0.9814692139625549,-0.15165972709655763,0.11712201684713364,0.15704260766506196,0.9868553876876831,-0.03813403844833374,-0.10979911684989929,0.055820390582084659,0.99238520860672],"EasingStyle":"Constant","EasingDirection":"In"}}},{"Time":0.5600000023841858,"poses":{"Left Leg":{"Weight":1,"CFrame":[-0.4395788311958313,0.5738481879234314,0.08899509906768799,0.871269166469574,0.46043580770492556,-0.16996781527996064,-0.4899196922779083,0.83668053150177,-0.24483568966388703,0.029477640986442567,0.29658833146095278,0.9545504450798035],"EasingStyle":"Constant","EasingDirection":"In"},"Right Arm":{"Weight":1,"CFrame":[-0.15806305408477784,-0.15499910712242127,-0.011999905109405518,0.8159633874893189,0.16926692426204682,-0.5527679920196533,-0.09740953147411347,0.9827594757080078,0.15714718401432038,0.569837749004364,-0.07438159734010697,0.818384051322937],"EasingStyle":"Constant","EasingDirection":"In"},"Left Arm":{"Weight":1,"CFrame":[0.16079507768154145,-0.11741399765014649,-0.0014115571975708008,0.8159630298614502,-0.16926707327365876,0.5527684688568115,0.09740986675024033,0.9827594757080078,0.15714681148529054,-0.5698382258415222,-0.074381023645401,0.8183836936950684],"EasingStyle":"Constant","EasingDirection":"In"},"Right Leg":{"Weight":1,"CFrame":[0.16721093654632569,0.9235081076622009,0.0037959814071655275,0.8503528237342835,-0.3547748923301697,-0.38863199949264529,0.42443805932998659,0.8989895582199097,0.10802795737981796,0.311050683259964,-0.25681212544441225,0.9150382876396179],"EasingStyle":"Constant","EasingDirection":"In"},"Torso":{"Weight":1,"CFrame":[0.8708223104476929,0.12523186206817628,-0.29062795639038088,0.9444979429244995,0.18736949563026429,-0.2698453366756439,-0.3032541573047638,0.8131482005119324,-0.49681681394577029,0.1263359636068344,0.5510741472244263,0.824837327003479],"EasingStyle":"Constant","EasingDirection":"In"},"HumanoidRootPart":{"Weight":0,"CFrame":[0,0,0,1,0,0,0,1,0,0,0,1],"EasingStyle":"Linear","EasingDirection":"In"},"Head":{"Weight":1,"CFrame":[-8.195638656616211e-8,-1.4156103134155274e-7,0.016662001609802247,0.9814692139625549,-0.15165972709655763,0.11712201684713364,0.15704260766506196,0.9868553876876831,-0.03813403844833374,-0.10979911684989929,0.055820390582084659,0.99238520860672],"EasingStyle":"Constant","EasingDirection":"In"}}},{"Time":0.6000000238418579,"poses":{"Left Leg":{"Weight":1,"CFrame":[-0.7321519255638123,0.41986382007598879,-0.004752516746520996,0.9798781871795654,0.0388687364757061,-0.1957755982875824,-0.09208519011735916,0.958264946937561,-0.27064499258995058,0.17708519101142884,0.2832270860671997,0.9425620436668396],"EasingStyle":"Constant","EasingDirection":"In"},"Right Arm":{"Weight":1,"CFrame":[-0.03849892318248749,0.06695568561553955,0.16934633255004884,0.8878116011619568,0.005514736752957106,-0.4601740539073944,0.10580573976039887,0.9706963300704956,0.21576334536075593,0.44787922501564028,-0.2402462661266327,0.8612119555473328],"EasingStyle":"Constant","EasingDirection":"In"},"Left Arm":{"Weight":1,"CFrame":[0.03850807249546051,0.0669701099395752,0.16938090324401856,0.8878100514411926,-0.005247169639915228,0.46018025279045107,-0.10553077608346939,0.970969021320343,0.2146681845188141,-0.44794708490371706,-0.23914791643619538,0.8614823818206787],"EasingStyle":"Constant","EasingDirection":"In"},"Right Leg":{"Weight":1,"CFrame":[0.3586087226867676,0.5663020014762878,0.0968165397644043,0.8947137594223023,0.04244966059923172,-0.44461819529533389,0.07854584604501724,0.9650047421455383,0.2501925826072693,0.4396793246269226,-0.25877371430397036,0.8600688576698303],"EasingStyle":"Constant","EasingDirection":"In"},"Torso":{"Weight":1,"CFrame":[0.7260760068893433,0.3727688193321228,0.3816356658935547,0.9549481868743897,0.1403723508119583,-0.2614760994911194,-0.19903424382209779,0.9564703702926636,-0.21342436969280244,0.22013528645038606,0.2558519244194031,0.9413183927536011],"EasingStyle":"Constant","EasingDirection":"In"},"HumanoidRootPart":{"Weight":0,"CFrame":[0,0,0,1,0,0,0,1,0,0,0,1],"EasingStyle":"Linear","EasingDirection":"In"},"Head":{"Weight":1,"CFrame":[7.450580596923828e-9,1.862645149230957e-7,0.0166623592376709,0.9946555495262146,0.10263935476541519,0.011206821538507939,-0.07368412613868714,0.7816776633262634,-0.6193147301673889,-0.07232620567083359,0.6151789426803589,0.7850629091262817],"EasingStyle":"Constant","EasingDirection":"In"}}},{"Time":0.6399999856948853,"poses":{"Left Leg":{"Weight":1,"CFrame":[-0.7321519255638123,0.41986382007598879,-0.004752516746520996,0.9798781871795654,0.0388687364757061,-0.1957755982875824,-0.09208519011735916,0.958264946937561,-0.27064499258995058,0.17708519101142884,0.2832270860671997,0.9425620436668396],"EasingStyle":"Constant","EasingDirection":"In"},"Right Arm":{"Weight":1,"CFrame":[-0.03849892318248749,0.06695568561553955,0.16934633255004884,0.8878116011619568,0.005514736752957106,-0.4601740539073944,0.10580573976039887,0.9706963300704956,0.21576334536075593,0.44787922501564028,-0.2402462661266327,0.8612119555473328],"EasingStyle":"Constant","EasingDirection":"In"},"Left Arm":{"Weight":1,"CFrame":[0.03850807249546051,0.0669701099395752,0.16938090324401856,0.8878100514411926,-0.005247169639915228,0.46018025279045107,-0.10553077608346939,0.970969021320343,0.2146681845188141,-0.44794708490371706,-0.23914791643619538,0.8614823818206787],"EasingStyle":"Constant","EasingDirection":"In"},"Right Leg":{"Weight":1,"CFrame":[0.3586087226867676,0.5663020014762878,0.0968165397644043,0.8947137594223023,0.04244966059923172,-0.44461819529533389,0.07854584604501724,0.9650047421455383,0.2501925826072693,0.4396793246269226,-0.25877371430397036,0.8600688576698303],"EasingStyle":"Constant","EasingDirection":"In"},"Torso":{"Weight":1,"CFrame":[0.7260760068893433,0.3727688193321228,0.3816356658935547,0.9549481868743897,0.1403723508119583,-0.2614760994911194,-0.19903424382209779,0.9564703702926636,-0.21342436969280244,0.22013528645038606,0.2558519244194031,0.9413183927536011],"EasingStyle":"Constant","EasingDirection":"In"},"HumanoidRootPart":{"Weight":0,"CFrame":[0,0,0,1,0,0,0,1,0,0,0,1],"EasingStyle":"Linear","EasingDirection":"In"},"Head":{"Weight":1,"CFrame":[7.450580596923828e-9,1.862645149230957e-7,0.0166623592376709,0.9946555495262146,0.10263935476541519,0.011206821538507939,-0.07368412613868714,0.7816776633262634,-0.6193147301673889,-0.07232620567083359,0.6151789426803589,0.7850629091262817],"EasingStyle":"Constant","EasingDirection":"In"}}},{"Time":0.6800000071525574,"poses":{"Left Leg":{"Weight":1,"CFrame":[-0.606303334236145,0.11180400848388672,-0.05123811960220337,0.9845040440559387,-0.014444327913224697,-0.174766406416893,-0.03690563142299652,0.9572158455848694,-0.2870120704174042,0.17143481969833375,0.28901436924934389,0.9418497085571289],"EasingStyle":"Constant","EasingDirection":"In"},"Right Arm":{"Weight":1,"CFrame":[0.042086802423000339,-0.1362258493900299,0.12790143489837647,0.8792411088943481,-0.40450048446655276,-0.25162380933761599,0.45795711874961855,0.8631725311279297,0.21262291073799134,0.13118866086006165,-0.3021796941757202,0.9441806674003601],"EasingStyle":"Constant","EasingDirection":"In"},"Left Arm":{"Weight":1,"CFrame":[-0.05567839741706848,-0.13672858476638795,0.1274935007095337,0.8776318430900574,0.4191092848777771,0.23261518776416779,-0.46879085898399355,0.8517103791236877,0.23414623737335206,-0.09998790919780731,-0.31454241275787356,0.943962812423706],"EasingStyle":"Constant","EasingDirection":"In"},"Right Leg":{"Weight":1,"CFrame":[0.2085500955581665,0.34394919872283938,0.06012380123138428,0.8960782885551453,0.11385168880224228,-0.42904719710350039,0.039860211312770846,0.9420062899589539,0.333219438791275,0.44210284948349,-0.3156927227973938,0.8395732641220093],"EasingStyle":"Constant","EasingDirection":"In"},"Torso":{"Weight":1,"CFrame":[0.7151792645454407,0.7122969627380371,0.3805503845214844,0.9561097025871277,0.14236633479595185,-0.2560981810092926,-0.1515752524137497,0.988308310508728,-0.016480794176459314,0.25075769424438479,0.054575588554143909,0.9665102958679199],"EasingStyle":"Constant","EasingDirection":"In"},"HumanoidRootPart":{"Weight":0,"CFrame":[0,0,0,1,0,0,0,1,0,0,0,1],"EasingStyle":"Linear","EasingDirection":"In"},"Head":{"Weight":1,"CFrame":[2.9802322387695315e-8,-8.195638656616211e-8,0.016661882400512697,0.9874449968338013,-0.044139157980680469,0.15167158842086793,0.11300953477621079,0.8682644963264465,-0.4830588102340698,-0.1103692576289177,0.4941343665122986,0.8623514175415039],"EasingStyle":"Constant","EasingDirection":"In"}}},{"Time":0.7200000286102295,"poses":{"Left Leg":{"Weight":1,"CFrame":[-0.606303334236145,0.11180400848388672,-0.05123811960220337,0.9845040440559387,-0.014444327913224697,-0.174766406416893,-0.03690563142299652,0.9572158455848694,-0.2870120704174042,0.17143481969833375,0.28901436924934389,0.9418497085571289],"EasingStyle":"Constant","EasingDirection":"In"},"Right Arm":{"Weight":1,"CFrame":[0.042086802423000339,-0.1362258493900299,0.12790143489837647,0.8792411088943481,-0.40450048446655276,-0.25162380933761599,0.45795711874961855,0.8631725311279297,0.21262291073799134,0.13118866086006165,-0.3021796941757202,0.9441806674003601],"EasingStyle":"Constant","EasingDirection":"In"},"Left Arm":{"Weight":1,"CFrame":[-0.05567839741706848,-0.13672858476638795,0.1274935007095337,0.8776318430900574,0.4191092848777771,0.23261518776416779,-0.46879085898399355,0.8517103791236877,0.23414623737335206,-0.09998790919780731,-0.31454241275787356,0.943962812423706],"EasingStyle":"Constant","EasingDirection":"In"},"Right Leg":{"Weight":1,"CFrame":[0.2085500955581665,0.34394919872283938,0.06012380123138428,0.8960782885551453,0.11385168880224228,-0.42904719710350039,0.039860211312770846,0.9420062899589539,0.333219438791275,0.44210284948349,-0.3156927227973938,0.8395732641220093],"EasingStyle":"Constant","EasingDirection":"In"},"Torso":{"Weight":1,"CFrame":[0.7151792645454407,0.7122969627380371,0.3805503845214844,0.9561097025871277,0.14236633479595185,-0.2560981810092926,-0.1515752524137497,0.988308310508728,-0.016480794176459314,0.25075769424438479,0.054575588554143909,0.9665102958679199],"EasingStyle":"Constant","EasingDirection":"In"},"HumanoidRootPart":{"Weight":0,"CFrame":[0,0,0,1,0,0,0,1,0,0,0,1],"EasingStyle":"Linear","EasingDirection":"In"},"Head":{"Weight":1,"CFrame":[2.9802322387695315e-8,-8.195638656616211e-8,0.016661882400512697,0.9874449968338013,-0.044139157980680469,0.15167158842086793,0.11300953477621079,0.8682644963264465,-0.4830588102340698,-0.1103692576289177,0.4941343665122986,0.8623514175415039],"EasingStyle":"Constant","EasingDirection":"In"}}},{"Time":0.7599999904632568,"poses":{"Left Leg":{"Weight":1,"CFrame":[-0.7333554029464722,0.15511643886566163,-0.010769307613372803,0.990921676158905,-0.011187183670699597,-0.13397492468357087,-0.031715888530015948,0.9489526152610779,-0.3138201832771301,0.13064655661582948,0.3152204155921936,0.9399827718734741],"EasingStyle":"Constant","EasingDirection":"In"},"Right Arm":{"Weight":1,"CFrame":[0.04875439032912254,-0.15927523374557496,0.09093844890594483,0.46752163767814639,-0.7106838822364807,-0.5256919264793396,0.846565842628479,0.5311428904533386,0.03483632951974869,0.254459857