{"Sequence":[{"Time":0,"poses":{"Left Leg":{"Weight":1,"CFrame":[-0.19389627873897553,-0.052938222885131839,-0.001841723918914795,0.9937876462936401,-0.11128921061754227,-0.0008943784050643444,0.11114232987165451,0.9928298592567444,-0.044002190232276919,0.005784893874078989,0.04362941533327103,0.9990310072898865],"EasingStyle":"Constant","EasingDirection":"In"},"Right Arm":{"Weight":1,"CFrame":[-7.532869261694941e-8,-0.33819401264190676,-0.2163664698600769,1,7.714210603637639e-9,5.267426672617148e-8,7.477166974467764e-8,1,-5.5879347371501356e-8,-7.449652628110926e-8,-3.7252898543727044e-9,1],"EasingStyle":"Constant","EasingDirection":"In"},"Head":{"Weight":1,"CFrame":[9.313225746154785e-8,-5.418358802269669e-15,-2.9802322387695315e-8,0.9949082136154175,-6.324933110590791e-8,-0.10078491270542145,6.357302595461079e-8,1,0,0.10078491270542145,-6.407213426484759e-9,0.9949082136154175],"EasingStyle":"Constant","EasingDirection":"In"},"Left Arm":{"Weight":1,"CFrame":[-5.63245450280192e-8,-0.33910810947418215,-0.23354336619377137,1,7.406358548678327e-8,-1.0527422489303717e-8,-1.2651109493333479e-8,1,-8.940696716308594e-8,-7.459883377691768e-9,-3.725290742551124e-9,1],"EasingStyle":"Constant","EasingDirection":"In"},"Torso":{"Weight":1,"CFrame":[-0.031626008450984958,0,-0.0006253719329833984,0.9992182850837708,0,-0.03953259810805321,0,1,0,0.03953259810805321,0,0.9992182850837708],"EasingStyle":"Constant","EasingDirection":"In"},"HumanoidRootPart":{"Weight":0,"CFrame":[0,0,0,1,0,0,0,1,0,0,0,1],"EasingStyle":"Linear","EasingDirection":"In"},"Right Leg":{"Weight":1,"CFrame":[0.1118188425898552,0.03809487819671631,-0.0010266304016113282,0.9979628920555115,0.06378976255655289,-0.0009796477388590575,-0.06368342787027359,0.9969807267189026,0.044428225606679919,0.003810821333900094,-0.044275347143411639,0.9990121126174927],"EasingStyle":"Constant","EasingDirection":"In"}}},{"Time":0.03333333507180214,"poses":{"Left Leg":{"Weight":1,"CFrame":[-0.19564998149871827,0.5283287763595581,0.0774315893650055,0.8680269718170166,0.41174450516700747,0.2774808406829834,-0.4276624619960785,0.9039317965507507,-0.0034825499169528486,-0.25225767493247988,-0.11564510315656662,0.9607248902320862],"EasingStyle":"Constant","EasingDirection":"In"},"Right Arm":{"Weight":1,"CFrame":[0.8696191310882568,-0.42119574546813967,-0.3018425703048706,-0.27258679270744326,-0.9401487708091736,0.20449170470237733,0.5323331356048584,0.029672032222151758,0.8460147976875305,-0.8014473915100098,0.3394699692726135,0.49238404631614687],"EasingStyle":"Constant","EasingDirection":"In"},"Head":{"Weight":1,"CFrame":[6.705522537231445e-8,-1.4901161193847657e-7,1.1920928955078126e-7,0.9715240001678467,-0.05390526354312897,-0.23072780668735505,0.19108663499355317,0.7540180683135986,0.6284446120262146,0.1400965303182602,-0.6546380519866943,0.7428472638130188],"EasingStyle":"Constant","EasingDirection":"In"},"Left Arm":{"Weight":1,"CFrame":[0.5670612454414368,0.28203749656677248,0.3079428970813751,0.04106903821229935,-0.9744897484779358,0.22064238786697389,0.04843614622950554,-0.2186272144317627,-0.9746055603027344,0.997981607913971,0.05071321502327919,0.03822164610028267],"EasingStyle":"Constant","EasingDirection":"In"},"Torso":{"Weight":1,"CFrame":[0.25711512565612795,-0.30641770362854006,-0.4127432703971863,0.8116464018821716,-0.4877869188785553,0.32139384746551516,0.5825212597846985,0.716912031173706,-0.3830223083496094,-0.04357783868908882,0.49809741973876955,0.8660253286361694],"EasingStyle":"Constant","EasingDirection":"In"},"HumanoidRootPart":{"Weight":0,"CFrame":[0,0,0,1,0,0,0,1,0,0,0,1],"EasingStyle":"Linear","EasingDirection":"In"},"Right Leg":{"Weight":1,"CFrame":[0.5904237627983093,0.283466100692749,-0.11799651384353638,0.9848147034645081,0.07893791794776917,0.15462498366832734,-0.09876365214586258,0.9872235655784607,0.1250414401292801,-0.1427786946296692,-0.13841401040554048,0.9800284504890442],"EasingStyle":"Constant","EasingDirection":"In"}}},{"Time":0.06666667014360428,"poses":{"Left Leg":{"Weight":1,"CFrame":[-0.19564998149871827,0.5283287763595581,0.0774315893650055,0.8680269718170166,0.41174450516700747,0.2774808406829834,-0.4276624619960785,0.9039317965507507,-0.0034825499169528486,-0.25225767493247988,-0.11564510315656662,0.9607248902320862],"EasingStyle":"Constant","EasingDirection":"In"},"Right Arm":{"Weight":1,"CFrame":[0.8696191310882568,-0.42119574546813967,-0.3018425703048706,-0.27258679270744326,-0.9401487708091736,0.20449170470237733,0.5323331356048584,0.029672032222151758,0.8460147976875305,-0.8014473915100098,0.3394699692726135,0.49238404631614687],"EasingStyle":"Constant","EasingDirection":"In"},"Head":{"Weight":1,"CFrame":[6.705522537231445e-8,-1.4901161193847657e-7,1.1920928955078126e-7,0.9715240001678467,-0.05390526354312897,-0.23072780668735505,0.19108663499355317,0.7540180683135986,0.6284446120262146,0.1400965303182602,-0.6546380519866943,0.7428472638130188],"EasingStyle":"Constant","EasingDirection":"In"},"Left Arm":{"Weight":1,"CFrame":[0.5670612454414368,0.28203749656677248,0.3079428970813751,0.04106903821229935,-0.9744897484779358,0.22064238786697389,0.04843614622950554,-0.2186272144317627,-0.9746055603027344,0.997981607913971,0.05071321502327919,0.03822164610028267],"EasingStyle":"Constant","EasingDirection":"In"},"Torso":{"Weight":1,"CFrame":[0.25711512565612795,-0.30641770362854006,-0.4127432703971863,0.8116464018821716,-0.4877869188785553,0.32139384746551516,0.5825212597846985,0.716912031173706,-0.3830223083496094,-0.04357783868908882,0.49809741973876955,0.8660253286361694],"EasingStyle":"Constant","EasingDirection":"In"},"HumanoidRootPart":{"Weight":0,"CFrame":[0,0,0,1,0,0,0,1,0,0,0,1],"EasingStyle":"Linear","EasingDirection":"In"},"Right Leg":{"Weight":1,"CFrame":[0.5904237627983093,0.283466100692749,-0.11799651384353638,0.9848147034645081,0.07893791794776917,0.15462498366832734,-0.09876365214586258,0.9872235655784607,0.1250414401292801,-0.1427786946296692,-0.13841401040554048,0.9800284504890442],"EasingStyle":"Constant","EasingDirection":"In"}}},{"Time":0.10000000149011612,"poses":{"Left Leg":{"Weight":1,"CFrame":[-0.21030324697494508,0.32267171144485476,0.10382494330406189,0.8918135762214661,0.3628886044025421,0.2701488137245178,-0.3583087921142578,0.9311285018920898,-0.06793034076690674,-0.2761944532394409,-0.03621544688940048,0.960419237613678],"EasingStyle":"Constant","EasingDirection":"In"},"Right Arm":{"Weight":1,"CFrame":[0.8696187138557434,-0.42119547724723818,-0.30184268951416018,-0.29656746983528139,-0.945270836353302,0.13605478405952454,0.5150159001350403,-0.03832780197262764,0.8563232421875,-0.804242730140686,0.32402777671813967,0.4981963336467743],"EasingStyle":"Constant","EasingDirection":"In"},"Head":{"Weight":1,"CFrame":[7.450580596923828e-8,-8.940696716308594e-8,0,0.9931017160415649,-0.0777181088924408,-0.08780025690793991,0.10423813760280609,0.9280642867088318,0.3575347363948822,0.05369735509157181,-0.36422044038772585,0.9297634363174439],"EasingStyle":"Constant","EasingDirection":"In"},"Left Arm":{"Weight":1,"CFrame":[0.4598109722137451,0.49075183272361758,0.276047945022583,-0.24887560307979585,-0.7016493678092957,0.6676445603370667,0.08261894434690476,-0.7022013068199158,-0.7071685791015625,0.9650052189826965,-0.12083688378334046,0.23273032903671266],"EasingStyle":"Constant","EasingDirection":"In"},"Torso":{"Weight":1,"CFrame":[0.16990497708320619,-0.2925778031349182,-0.29677629470825198,0.8313438296318054,-0.5135773420333862,0.21238116919994355,0.5549936294555664,0.7471473813056946,-0.3657223582267761,0.029146691784262658,0.42191120982170107,0.906168520450592],"EasingStyle":"Constant","EasingDirection":"In"},"HumanoidRootPart":{"Weight":0,"CFrame":[0,0,0,1,0,0,0,1,0,0,0,1],"EasingStyle":"Linear","EasingDirection":"In"},"Right Leg":{"Weight":1,"CFrame":[0.5516042709350586,0.24188673496246339,-0.12147840857505799,0.9799875617027283,0.11815239489078522,0.16020120680332185,-0.14895443618297578,0.9691387414932251,0.1964246779680252,-0.13204902410507203,-0.21635647118091584,0.9673432111740112],"EasingStyle":"Constant","EasingDirection":"In"}}},{"Time":0.13333334028720857,"poses":{"Left Leg":{"Weight":1,"CFrame":[-0.21030324697494508,0.32267171144485476,0.10382494330406189,0.8918135762214661,0.3628886044025421,0.2701488137245178,-0.3583087921142578,0.9311285018920898,-0.06793034076690674,-0.2761944532394409,-0.03621544688940048,0.960419237613678],"EasingStyle":"Constant","EasingDirection":"In"},"Right Arm":{"Weight":1,"CFrame":[0.8696187138557434,-0.42119547724723818,-0.30184268951416018,-0.29656746983528139,-0.945270836353302,0.13605478405952454,0.5150159001350403,-0.03832780197262764,0.8563232421875,-0.804242730140686,0.32402777671813967,0.4981963336467743],"EasingStyle":"Constant","EasingDirection":"In"},"Head":{"Weight":1,"CFrame":[7.450580596923828e-8,-8.940696716308594e-8,0,0.9931017160415649,-0.0777181088924408,-0.08780025690793991,0.10423813760280609,0.9280642867088318,0.3575347363948822,0.05369735509157181,-0.36422044038772585,0.9297634363174439],"EasingStyle":"Constant","EasingDirection":"In"},"Left Arm":{"Weight":1,"CFrame":[0.4598109722137451,0.49075183272361758,0.276047945022583,-0.24887560307979585,-0.7016493678092957,0.6676445603370667,0.08261894434690476,-0.7022013068199158,-0.7071685791015625,0.9650052189826965,-0.12083688378334046,0.23273032903671266],"EasingStyle":"Constant","EasingDirection":"In"},"Torso":{"Weight":1,"CFrame":[0.16990497708320619,-0.2925778031349182,-0.29677629470825198,0.8313438296318054,-0.5135773420333862,0.21238116919994355,0.5549936294555664,0.7471473813056946,-0.3657223582267761,0.029146691784262658,0.42191120982170107,0.906168520450592],"EasingStyle":"Constant","EasingDirection":"In"},"HumanoidRootPart":{"Weight":0,"CFrame":[0,0,0,1,0,0,0,1,0,0,0,1],"EasingStyle":"Linear","EasingDirection":"In"},"Right Leg":{"Weight":1,"CFrame":[0.5516042709350586,0.24188673496246339,-0.12147840857505799,0.9799875617027283,0.11815239489078522,0.16020120680332185,-0.14895443618297578,0.9691387414932251,0.1964246779680252,-0.13204902410507203,-0.21635647118091584,0.9673432111740112],"EasingStyle":"Constant","EasingDirection":"In"}}},{"Time":0.1666666716337204,"poses":{"Left Leg":{"Weight":1,"CFrame":[-0.21030324697494508,0.32267171144485476,0.10382494330406189,0.8918135762214661,0.3628886044025421,0.2701488137245178,-0.3583087921142578,0.9311285018920898,-0.06793034076690674,-0.2761944532394409,-0.03621544688940048,0.960419237613678],"EasingStyle":"Constant","EasingDirection":"In"},"Right Arm":{"Weight":1,"CFrame":[0.8696187138557434,-0.42119547724723818,-0.30184268951416018,-0.29656746983528139,-0.945270836353302,0.13605478405952454,0.5150159001350403,-0.03832780197262764,0.8563232421875,-0.804242730140686,0.32402777671813967,0.4981963336467743],"EasingStyle":"Constant","EasingDirection":"In"},"Head":{"Weight":1,"CFrame":[7.450580596923828e-8,-8.940696716308594e-8,0,0.9931017160415649,-0.0777181088924408,-0.08780025690793991,0.10423813760280609,0.9280642867088318,0.3575347363948822,0.05369735509157181,-0.36422044038772585,0.9297634363174439],"EasingStyle":"Constant","EasingDirection":"In"},"Left Arm":{"Weight":1,"CFrame":[0.4598109722137451,0.49075183272361758,0.276047945022583,-0.24887560307979585,-0.7016493678092957,0.6676445603370667,0.08261894434690476,-0.7022013068199158,-0.7071685791015625,0.9650052189826965,-0.12083688378334046,0.23273032903671266],"EasingStyle":"Constant","EasingDirection":"In"},"Torso":{"Weight":1,"CFrame":[0.16990497708320619,-0.2925778031349182,-0.29677629470825198,0.8313438296318054,-0.5135773420333862,0.21238116919994355,0.5549936294555664,0.7471473813056946,-0.3657223582267761,0.029146691784262658,0.42191120982170107,0.906168520450592],"EasingStyle":"Constant","EasingDirection":"In"},"HumanoidRootPart":{"Weight":0,"CFrame":[0,0,0,1,0,0,0,1,0,0,0,1],"EasingStyle":"Linear","EasingDirection":"In"},"Right Leg":{"Weight":1,"CFrame":[0.5516042709350586,0.24188673496246339,-0.12147840857505799,0.9799875617027283,0.11815239489078522,0.16020120680332185,-0.14895443618297578,0.9691387414932251,0.1964246779680252,-0.13204902410507203,-0.21635647118091584,0.9673432111740112],"EasingStyle":"Constant","EasingDirection":"In"}}},{"Time":0.20000000298023225,"poses":{"Left Leg":{"Weight":1,"CFrame":[-0.2294124960899353,0.3207351565361023,0.10560443997383118,0.9073605537414551,0.31944844126701357,0.27322062849998476,-0.31636133790016177,0.9469521641731262,-0.0565427765250206,-0.2767893373966217,-0.035131730139255527,0.9602881669998169],"EasingStyle":"Constant","EasingDirection":"In"},"Right Arm":{"Weight":1,"CFrame":[0.8696188926696777,-0.42119550704956057,-0.3018428385257721,-0.1403675228357315,-0.9490244388580322,0.2822227478027344,0.3669259250164032,0.2148866057395935,0.9050906300544739,-0.9195989966392517,0.23060010373592378,0.3180585503578186],"EasingStyle":"Constant","EasingDirection":"In"},"Head":{"Weight":1,"CFrame":[7.217749953269959e-8,8.940696716308594e-8,4.470348358154297e-7,0.9983566403388977,-0.05683526396751404,0.007332685869187117,0.0531296469271183,0.9659392237663269,0.2532561421394348,-0.021476805210113527,-0.2524503469467163,0.9673714637756348],"EasingStyle":"Constant","EasingDirection":"In"},"Left Arm":{"Weight":1,"CFrame":[0.4084068536758423,0.4706113636493683,0.2676181197166443,-0.1599666327238083,-0.7297347784042358,0.6647540926933289,0.05318551883101463,-0.678819477558136,-0.7323765158653259,0.9856885671615601,-0.0818004235625267,0.14739970862865449],"EasingStyle":"Constant","EasingDirection":"In"},"Torso":{"Weight":1,"CFrame":[0.15464845299720765,-0.2703518867492676,-0.28483009338378909,0.8313438296318054,-0.5210551619529724,0.19331049919128419,0.5549936294555664,0.7601175308227539,-0.337939977645874,0.029146673157811166,0.38823041319847109,0.9211013317108154],"EasingStyle":"Constant","EasingDirection":"In"},"HumanoidRootPart":{"Weight":0,"CFrame":[0,0,0,1,0,0,0,1,0,0,0,1],"EasingStyle":"Linear","EasingDirection":"In"},"Right Leg":{"Weight":1,"CFrame":[0.5620527267456055,0.21965038776397706,-0.12166541814804077,0.9729032516479492,0.1591261476278305,0.16774418950080872,-0.1902535855770111,0.963230311870575,0.18971262872219087,-0.13138794898986817,-0.21648603677749635,0.9674042463302612],"EasingStyle":"Constant","EasingDirection":"In"}}},{"Time":0.23333333432674409,"poses":{"Left Leg":{"Weight":1,"CFrame":[-0.2294124960899353,0.3207351565361023,0.10560443997383118,0.9073605537414551,0.31944844126701357,0.27322062849998476,-0.31636133790016177,0.9469521641731262,-0.0565427765250206,-0.2767893373966217,-0.035131730139255527,0.9602881669998169],"EasingStyle":"Constant","EasingDirection":"In"},"Right Arm":{"Weight":1,"CFrame":[0.8696188926696777,-0.42119550704956057,-0.3018428385257721,-0.1403675228357315,-0.9490244388580322,0.2822227478027344,0.3669259250164032,0.2148866057395935,0.9050906300544739,-0.9195989966392517,0.23060010373592378,0.3180585503578186],"EasingStyle":"Constant","EasingDirection":"In"},"Head":{"Weight":1,"CFrame":[7.217749953269959e-8,8.940696716308594e-8,4.470348358154297e-7,0.9983566403388977,-0.05683526396751404,0.007332685869187117,0.0531296469271183,0.9659392237663269,0.2532561421394348,-0.021476805210113527,-0.2524503469467163,0.9673714637756348],"EasingStyle":"Constant","EasingDirection":"In"},"Left Arm":{"Weight":1,"CFrame":[0.4084068536758423,0.4706113636493683,0.2676181197166443,-0.1599666327238083,-0.7297347784042358,0.6647540926933289,0.05318551883101463,-0.678819477558136,-0.7323765158653259,0.9856885671615601,-0.0818004235625267,0.14739970862865449],"EasingStyle":"Constant","EasingDirection":"In"},"Torso":{"Weight":1,"CFrame":[0.15464845299720765,-0.2703518867492676,-0.28483009338378909,0.8313438296318054,-0.5210551619529724,0.19331049919128419,0.5549936294555664,0.7601175308227539,-0.337939977645874,0.029146673157811166,0.38823041319847109,0.9211013317108154],"EasingStyle":"Constant","EasingDirection":"In"},"HumanoidRootPart":{"Weight":0,"CFrame":[0,0,0,1,0,0,0,1,0,0,0,1],"EasingStyle":"Linear","EasingDirection":"In"},"Right Leg":{"Weight":1,"CFrame":[0.5620527267456055,0.21965038776397706,-0.12166541814804077,0.9729032516479492,0.1591261476278305,0.16774418950080872,-0.1902535855770111,0.963230311870575,0.18971262872219087,-0.13138794898986817,-0.21648603677749635,0.9674042463302612],"EasingStyle":"Constant","EasingDirection":"In"}}},{"Time":0.28333333134651186,"poses":{"Left Leg":{"Weight":1,"CFrame":[-0.34899118542671206,0.5498502850532532,0.08607488870620728,0.9422773718833923,0.30799952149391177,0.1313377469778061,-0.3025018572807312,0.9512306451797485,-0.060438890010118487,-0.14354772865772248,0.017220309004187585,0.9894935488700867],"EasingStyle":"Constant","EasingDirection":"In"},"Right Arm":{"Weight":1,"CFrame":[0.8696184158325195,-0.42119550704956057,-0.30184322595596316,-0.02688055858016014,-0.9903736114501953,0.1357850581407547,0.3098626434803009,0.12088838219642639,0.9430647492408752,-0.950401246547699,0.06742487102746964,0.30363020300865176],"EasingStyle":"Constant","EasingDirection":"In"},"Head":{"Weight":1,"CFrame":[1.6391277313232423e-7,2.682209014892578e-7,2.980232238769531e-7,0.977383553981781,-0.13559836149215699,0.16227909922599793,0.10848548263311386,0.9801995158195496,0.16564956307411195,-0.18152771890163423,-0.1442982256412506,0.9727413654327393],"EasingStyle":"Constant","EasingDirection":"In"},"Left Arm":{"Weight":1,"CFrame":[0.4084068536758423,0.4706113040447235,0.26761844754219057,-0.11621960997581482,-0.7838782668113709,0.6099408864974976,-0.012315260246396065,-0.6129177808761597,-0.7900506854057312,0.9931471943855286,-0.09933090209960938,0.061579398810863498],"EasingStyle":"Constant","EasingDirection":"In"},"Torso":{"Weight":1,"CFrame":[0.16308274865150453,-0.2826467454433441,-0.5159969329833984,0.7479038834571838,-0.6317306756973267,0.20385335385799409,0.6579968929290772,0.6649911999702454,-0.35330840945243838,0.08763507008552551,0.39837560057640078,0.9130262732505798],"EasingStyle":"Constant","EasingDirection":"In"},"HumanoidRootPart":{"Weight":0,"CFrame":[0,0,0,1,0,0,0,1,0,0,0,1],"EasingStyle":"Linear","EasingDirection":"In"},"Right Leg":{"Weight":1,"CFrame":[0.7590169906616211,0.30705463886260989,-0.06365373730659485,0.9082543253898621,0.4180772006511688,0.016897572204470636,-0.41262686252593996,0.8882556557655335,0.20184379816055299,0.06937698274850846,-0.19029799103736878,0.9792719483375549],"EasingStyle":"Constant","EasingDirection":"In"}}},{"Time":0.3166666626930237,"poses":{"Left Leg":{"Weight":1,"CFrame":[-0.34899118542671206,0.5498502850532532,0.08607488870620728,0.9422773718833923,0.30799952149391177,0.1313377469778061,-0.3025018572807312,0.9512306451797485,-0.060438890010118487,-0.14354772865772248,0.017220309004187585,0.9894935488700867],"EasingStyle":"Constant","EasingDirection":"In"},"Right Arm":{"Weight":1,"CFrame":[0.8696184158325195,-0.42119550704956057,-0.30184322595596316,-0.02688055858016014,-0.9903736114501953,0.1357850581407547,0.3098626434803009,0.12088838219642639,0.9430647492408752,-0.950401246547699,0.06742487102746964,0.30363020300865176],"EasingStyle":"Constant","EasingDirection":"In"},"Head":{"Weight":1,"CFrame":[1.6391277313232423e-7,2.682209014892578e-7,2.980232238769531e-7,0.977383553981781,-0.13559836149215699,0.16227909922599793,0.10848548263311386,0.9801995158195496,0.16564956307411195,-0.18152771890163423,-0.1442982256412506,0.9727413654327393],"EasingStyle":"Constant","EasingDirection":"In"},"Left Arm":{"Weight":1,"CFrame":[0.4084068536758423,0.4706113040447235,0.26761844754219057,-0.11621960997581482,-0.7838782668113709,0.6099408864974976,-0.012315260246396065,-0.6129177808761597,-0.7900506854057312,0.9931471943855286,-0.09933090209960938,0.061579398810863498],"EasingStyle":"Constant","EasingDirection":"In"},"Torso":{"Weight":1,"CFrame":[0.16308274865150453,-0.2826467454433441,-0.5159969329833984,0.7479038834571838,-0.6317306756973267,0.20385335385799409,0.6579968929290772,0.6649911999702454,-0.35330840945243838,0.08763507008552551,0.39837560057640078,0.9130262732505798],"EasingStyle":"Constant","EasingDirection":"In"},"HumanoidRootPart":{"Weight":0,"CFrame":[0,0,0,1,0,0,0,1,0,0,0,1],"EasingStyle":"Linear","EasingDirection":"In"},"Right Leg":{"Weight":1,"CFrame":[0.7590169906616211,0.30705463886260989,-0.06365373730659485,0.9082543253898621,0.4180772006511688,0.016897572204470636,-0.41262686252593996,0.8882556557655335,0.20184379816055299,0.06937698274850846,-0.19029799103736878,0.9792719483375549],"EasingStyle":"Constant","EasingDirection":"In"}}},{"Time":0.3499999940395355,"poses":{"Left Leg":{"Weight":1,"CFrame":[-0.34899118542671206,0.5498502850532532,0.08607488870620728,0.9422773718833923,0.30799952149391177,0.1313377469778061,-0.3025018572807312,0.9512306451797485,-0.060438890010118487,-0.14354772865772248,0.017220309004187585,0.9894935488700867],"EasingStyle":"Constant","EasingDirection":"In"},"Right Arm":{"Weight":1,"CFrame":[0.8696184158325195,-0.42119550704956057,-0.30184322595596316,-0.02688055858016014,-0.9903736114501953,0.1357850581407547,0.3098626434803009,0.12088838219642639,0.9430647492408752,-0.950401246547699,0.06742487102746964,0.30363020300865176],"EasingStyle":"Constant","EasingDirection":"In"},"Head":{"Weight":1,"CFrame":[1.6391277313232423e-7,2.682209014892578e-7,2.980232238769531e-7,0.977383553981781,-0.13559836149215699,0.16227909922599793,0.10848548263311386,0.9801995158195496,0.16564956307411195,-0.18152771890163423,-0.1442982256412506,0.9727413654327393],"EasingStyle":"Constant","EasingDirection":"In"},"Left Arm":{"Weight":1,"CFrame":[0.4084068536758423,0.4706113040447235,0.26761844754219057,-0.11621960997581482,-0.7838782668113709,0.6099408864974976,-0.012315260246396065,-0.6129177808761597,-0.7900506854057312,0.9931471943855286,-0.09933090209960938,0.061579398810863498],"EasingStyle":"Constant","EasingDirection":"In"},"Torso":{"Weight":1,"CFrame":[0.16308274865150453,-0.2826467454433441,-0.5159969329833984,0.7479038834571838,-0.6317306756973267,0.20385335385799409,0.6579968929290772,0.6649911999702454,-0.35330840945243838,0.08763507008552551,0.39837560057640078,0.9130262732505798],"EasingStyle":"Constant","EasingDirection":"In"},"HumanoidRootPart":{"Weight":0,"CFrame":[0,0,0,1,0,0,0,1,0,0,0,1],"EasingStyle":"Linear","EasingDirection":"In"},"Right Leg":{"Weight":1,"CFrame":[0.7590169906616211,0.30705463886260989,-0.06365373730659485,0.9082543253898621,0.4180772006511688,0.016897572204470636,-0.41262686252593996,0.8882556557655335,0.20184379816055299,0.06937698274850846,-0.19029799103736878,0.9792719483375549],"EasingStyle":"Constant","EasingDirection":"In"}}},{"Time":0.38333332538604739,"poses":{"Left Leg":{"Weight":1,"CFrame":[-0.34899118542671206,0.5498502850532532,0.08607488870620728,0.9422773718833923,0.30799952149391177,0.1313377469778061,-0.3025018572807312,0.9512306451797485,-0.060438890010118487,-0.14354772865772248,0.017220309004187585,0.9894935488700867],"EasingStyle":"Constant","EasingDirection":"In"},"Right Arm":{"Weight":1,"CFrame":[0.8696184158325195,-0.42119550704956057,-0.30184322595596316,-0.02688055858016014,-0.9903736114501953,0.1357850581407547,0.3098626434803009,0.12088838219642639,0.9430647492408752,-0.950401246547699,0.06742487102746964,0.30363020300865176],"EasingStyle":"Constant","EasingDirection":"In"},"Head":{"Weight":1,"CFrame":[1.6391277313232423e-7,2.682209014892578e-7,2.980232238769531e-7,0.977383553981781,-0.13559836149215699,0.16227909922599793,0.10848548263311386,0.9801995158195496,0.16564956307411195,-0.18152771890163423,-0.1442982256412506,0.9727413654327393],"EasingStyle":"Constant","EasingDirection":"In"},"Left Arm":{"Weight":1,"CFrame":[0.4084068536758423,0.4706113040447235,0.26761844754219057,-0.11621960997581482,-0.7838782668113709,0.6099408864974976,-0.012315260246396065,-0.6129177808761597,-0.7900506854057312,0.9931471943855286,-0.09933090209960938,0.061579398810863498],"EasingStyle":"Constant","EasingDirection":"In"},"Torso":{"Weight":1,"CFrame":[0.16308274865150453,-0.2826467454433441,-0.5159969329833984,0.7479038834571838,-0.6317306756973267,0.20385335385799409,0.6579968929290772,0.6649911999702454,-0.35330840945243838,0.08763507008552551,0.39837560057640078,0.9130262732505798],"EasingStyle":"Constant","EasingDirection":"In"},"HumanoidRootPart":{"Weight":0,"CFrame":[0,0,0,1,0,0,0,1,0,0,0,1],"EasingStyle":"Linear","EasingDirection":"In"},"Right Leg":{"Weight":1,"CFrame":[0.7590169906616211,0.30705463886260989,-0.06365373730659485,0.9082543253898621,0.4180772006511688,0.016897572204470636,-0.41262686252593996,0.8882556557655335,0.20184379816055299,0.06937698274850846,-0.19029799103736878,0.9792719483375549],"EasingStyle":"Constant","EasingDirection":"In"}}},{"Time":0.4166666567325592,"poses":{"Left Leg":{"Weight":1,"CFrame":[-0.2544936537742615,0.24714457988739015,0.044456660747528079,0.8931897282600403,0.4413701593875885,0.0860491469502449,-0.43627217411994936,0.8969238996505737,-0.07206986099481583,-0.1089891865849495,0.02683119662106037,0.9936807751655579],"EasingStyle":"Constant","EasingDirection":"In"},"Right Arm":{"Weight":1,"CFrame":[0.8696186542510986,-0.4211960434913635,-0.3018430769443512,-0.0019820481538772585,-0.9110667109489441,0.4122541546821594,0.34303730726242068,0.38662055134773257,0.8560666441917419,-0.9393196702003479,0.14311526715755464,0.3117634356021881],"EasingStyle":"Constant","EasingDirection":"In"},"Head":{"Weight":1,"CFrame":[2.1420419216156007e-7,1.341104507446289e-7,-1.1920928955078126e-7,0.9843189120292664,-0.1722673773765564,0.03795043006539345,0.16242416203022004,0.9690410494804382,0.18595115840435029,-0.06880880892276764,-0.17687110602855683,0.9818258285522461],"EasingStyle":"Constant","EasingDirection":"In"},"Left Arm":{"Weight":1,"CFrame":[0.22268158197402955,0.5802773237228394,0.29697081446647646,-0.10626674443483353,-0.5156968235969544,0.8501554131507874,-0.13939297199249268,-0.8388274312019348,-0.5262490510940552,0.9845186471939087,-0.17442838847637177,0.01725482940673828],"EasingStyle":"Constant","EasingDirection":"In"},"Torso":{"Weight":1,"CFrame":[0.16308265924453736,-0.28264671564102175,-0.29131457209587099,0.7227769494056702,-0.6603311896324158,0.2038533091545105,0.6833539009094238,0.6389057636260986,-0.35330840945243838,0.10305753350257874,0.3946671187877655,0.9130262732505798],"EasingStyle":"Constant","EasingDirection":"In"},"HumanoidRootPart":{"Weight":0,"CFrame":[0,0,0,1,0,0,0,1,0,0,0,1],"EasingStyle":"Linear","EasingDirection":"In"},"Right Leg":{"Weight":1,"CFrame":[0.5014062523841858,0.20747405290603639,-0.021873533725738527,0.9704795479774475,0.24080491065979005,-0.013505380600690842,-0.23398995399475099,0.9536312222480774,0.1893046647310257,0.05846478417515755,-0.18055617809295655,0.9818255305290222],"EasingStyle":"Constant","EasingDirection":"In"}}},{"Time":0.44999998807907107,"poses":{"Left Leg":{"Weight":1,"CFrame":[-0.1806238889694214,0.14436542987823487,0.030800700187683107,0.8629939556121826,0.4980410039424896,0.08483279496431351,-0.4929865598678589,0.8668695688247681,-0.07417110353708267,-0.11047937721014023,0.02218777686357498,0.9936307668685913],"EasingStyle":"Constant","EasingDirection":"In"},"Right Arm":{"Weight":1,"CFrame":[0.8696185350418091,-0.42119598388671877,-0.3018430769443512,-0.0019820481538772585,-0.9110667109489441,0.4122541546821594,0.34303730726242068,0.38662055134773257,0.8560666441917419,-0.9393196702003479,0.14311526715755464,0.3117634356021881],"EasingStyle":"Constant","EasingDirection":"In"},"Head":{"Weight":1,"CFrame":[2.3469328880310059e-7,2.682209014892578e-7,3.5762786865234377e-7,0.986140251159668,-0.15989795327186585,0.04427282139658928,0.14459683001041413,0.959125280380249,0.24324968457221986,-0.08135829865932465,-0.23347659409046174,0.9689527750015259],"EasingStyle":"Constant","EasingDirection":"In"},"Left Arm":{"Weight":1,"CFrame":[0.22268164157867433,0.5802775621414185,0.29697081446647646,-0.10626674443483353,-0.5156968235969544,0.8501554131507874,-0.13939297199249268,-0.8388274312019348,-0.5262490510940552,0.9845186471939087,-0.17442838847637177,0.01725482940673828],"EasingStyle":"Constant","EasingDirection":"In"},"Torso":{"Weight":1,"CFrame":[0.16308270394802094,-0.28264671564102175,-0.23558303713798524,0.7227769494056702,-0.6603311896324158,0.2038533091545105,0.6833539009094238,0.6389057636260986,-0.35330840945243838,0.10305753350257874,0.3946671187877655,0.9130262732505798],"EasingStyle":"Constant","EasingDirection":"In"},"HumanoidRootPart":{"Weight":0,"CFrame":[0,0,0,1,0,0,0,1,0,0,0,1],"EasingStyle":"Linear","EasingDirection":"In"},"Right Leg":{"Weight":1,"CFrame":[0.4074028730392456,0.18023031949996949,-0.01837068796157837,0.9850096702575684,0.17208372056484223,-0.011963946744799614,-0.1668653041124344,0.9681257009506226,0.1867848038673401,0.043725281953811648,-0.18198850750923158,0.9823279976844788],"EasingStyle":"Constant","EasingDirection":"In"}}},{"Time":0.4833333194255829,"poses":{"Left Leg":{"Weight":1,"CFrame":[-0.1806238889694214,0.14436542987823487,0.030800700187683107,0.8629939556121826,0.4980410039424896,0.08483279496431351,-0.4929865598678589,0.8668695688247681,-0.07417110353708267,-0.11047937721014023,0.02218777686357498,0.9936307668685913],"EasingStyle":"Constant","EasingDirection":"In"},"Right Arm":{"Weight":1,"CFrame":[0.8696185350418091,-0.42119598388671877,-0.3018430769443512,-0.0019820481538772585,-0.9110667109489441,0.4122541546821594,0.34303730726242068,0.38662055134773257,0.8560666441917419,-0.9393196702003479,0.14311526715755464,0.3117634356021881],"EasingStyle":"Constant","EasingDirection":"In"},"Head":{"Weight":1,"CFrame":[2.3469328880310059e-7,2.682209014892578e-7,3.5762786865234377e-7,0.986140251159668,-0.15989795327186585,0.04427282139658928,0.14459683001041413,0.959125280380249,0.24324968457221986,-0.08135829865932465,-0.23347659409046174,0.9689527750015259],"EasingStyle":"Constant","EasingDirection":"In"},"Left Arm":{"Weight":1,"CFrame":[0.22268164157867433,0.5802775621414185,0.29697081446647646,-0.10626674443483353,-0.5156968235969544,0.8501554131507874,-0.13939297199249268,-0.8388274312019348,-0.5262490510940552,0.9845186471939087,-0.17442838847637177,0.01725482940673828],"EasingStyle":"Constant","EasingDirection":"In"},"Torso":{"Weight":1,"CFrame":[0.16308270394802094,-0.28264671564102175,-0.23558303713798524,0.7227769494056702,-0.6603311896324158,0.2038533091545105,0.6833539009094238,0.6389057636260986,-0.35330840945243838,0.10305753350257874,0.3946671187877655,0.9130262732505798],"EasingStyle":"Constant","EasingDirection":"In"},"HumanoidRootPart":{"Weight":0,"CFrame":[0,0,0,1,0,0,0,1,0,0,0,1],"EasingStyle":"Linear","EasingDirection":"In"},"Right Leg":{"Weight":1,"CFrame":[0.4074028730392456,0.18023031949996949,-0.01837068796157837,0.9850096702575684,0.17208372056484223,-0.011963946744799614,-0.1668653041124344,0.9681257009506226,0.1867848038673401,0.043725281953811648,-0.18198850750923158,0.9823279976844788],"EasingStyle":"Constant","EasingDirection":"In"}}},{"Time":0.5166666507720947,"poses":{"Left Leg":{"Weight":1,"CFrame":[-0.1806238889694214,0.14436542987823487,0.030800700187683107,0.8629939556121826,0.4980410039424896,0.08483279496431351,-0.4929865598678589,0.8668695688247681,-0.07417110353708267,-0.11047937721014023,0.02218777686357498,0.9936307668685913],"EasingStyle":"Constant","EasingDirection":"In"},"Right Arm":{"Weight":1,"CFrame":[0.8696185350418091,-0.42119598388671877,-0.3018430769443512,-0.0019820481538772585,-0.9110667109489441,0.4122541546821594,0.34303730726242068,0.38662055134773257,0.8560666441917419,-0.9393196702003479,0.14311526715755464,0.3117634356021881],"EasingStyle":"Constant","EasingDirection":"In"},"Head":{"Weight":1,"CFrame":[2.3469328880310059e-7,2.682209014892578e-7,3.5762786865234377e-7,0.986140251159668,-0.15989795327186585,0.04427282139658928,0.14459683001041413,0.959125280380249,0.24324968457221986,-0.08135829865932465,-0.23347659409046174,0.9689527750015259],"EasingStyle":"Constant","EasingDirection":"In"},"Left Arm":{"Weight":1,"CFrame":[0.22268164157867433,0.5802775621414185,0.29697081446647646,-0.10626674443483353,-0.5156968235969544,0.8501554131507874,-0.13939297199249268,-0.8388274312019348,-0.5262490510940552,0.9845186471939087,-0.17442838847637177,0.01725482940673828],"EasingStyle":"Constant","EasingDirection":"In"},"Torso":{"Weight":1,"CFrame":[0.16308270394802094,-0.28264671564102175,-0.23558303713798524,0.7227769494056702,-0.6603311896324158,0.2038533091545105,0.6833539009094238,0.6389057636260986,-0.35330840945243838,0.10305753350257874,0.3946671187877655,0.9130262732505798],"EasingStyle":"Constant","EasingDirection":"In"},"HumanoidRootPart":{"Weight":0,"CFrame":[0,0,0,1,0,0,0,1,0,0,0,1],"EasingStyle":"Linear","EasingDirection":"In"},"Right Leg":{"Weight":1,"CFrame":[0.4074028730392456,0.18023031949996949,-0.01837068796157837,0.9850096702575684,0.17208372056484223,-0.011963946744799614,-0.1668653041124344,0.9681257009506226,0.1867848038673401,0.043725281953811648,-0.18198850750923158,0.9823279976844788],"EasingStyle":"Constant","EasingDirection":"In"}}},{"Time":0.550000011920929,"poses":{"Left Leg":{"Weight":1,"CFrame":[-0.1806238889694214,0.14436542987823487,0.030800700187683107,0.8629939556121826,0.4980410039424896,0.08483279496431351,-0.4929865598678589,0.8668695688247681,-0.07417110353708267,-0.11047937721014023,0.02218777686357498,0.9936307668685913],"EasingStyle":"Constant","EasingDirection":"In"},"Right Arm":{"Weight":1,"CFrame":[0.8696185350418091,-0.42119598388671877,-0.3018430769443512,-0.0019820481538772585,-0.9110667109489441,0.4122541546821594,0.34303730726242068,0.38662055134773257,0.8560666441917419,-0.9393196702003479,0.14311526715755464,0.3117634356021881],"EasingStyle":"Constant","EasingDirection":"In"},"Head":{"Weight":1,"CFrame":[2.3469328880310059e-7,2.682209014892578e-7,3.5762786865234377e-7,0.986140251159668,-0.15989795327186585,0.04427282139658928,0.14459683001041413,0.959125280380249,0.24324968457221986,-0.08135829865932465,-0.23347659409046174,0.9689527750015259],"EasingStyle":"Constant","EasingDirection":"In"},"Left Arm":{"Weight":1,"CFrame":[0.22268164157867433,0.5802775621414185,0.29697081446647646,-0.10626674443483353,-0.5156968235969544,0.8501554131507874,-0.13939297199249268,-0.8388274312019348,-0.5262490510940552,0.9845186471939087,-0.17442838847637177,0.01725482940673828],"EasingStyle":"Constant","EasingDirection":"In"},"Torso":{"Weight":1,"CFrame":[0.16308270394802094,-0.28264671564102175,-0.23558303713798524,0.7227769494056702,-0.6603311896324158,0.2038533091545105,0.6833539009094238,0.6389057636260986,-0.35330840945243838,0.10305753350257874,0.3946671187877655,0.9130262732505798],"EasingStyle":"Constant","EasingDirection":"In"},"HumanoidRootPart":{"Weight":0,"CFrame":[0,0,0,1,0,0,0,1,0,0,0,1],"EasingStyle":"Linear","EasingDirection":"In"},"Right Leg":{"Weight":1,"CFrame":[0.4074028730392456,0.18023031949996949,-0.01837068796157837,0.9850096702575684,0.17208372056484223,-0.011963946744799614,-0.1668653041124344,0.9681257009506226,0.1867848038673401,0.043725281953811648,-0.18198850750923158,0.9823279976844788],"EasingStyle":"Constant","EasingDirection":"In"}}},{"Time":0.5833333134651184,"poses":{"Left Leg":{"Weight":1,"CFrame":[-0.09038347005844116,0.7020736336708069,0.14521047472953797,0.8407822251319885,0.4232628047466278,0.337540864944458,-0.4147668778896332,0.9043228030204773,-0.1008400097489357,-0.34792765974998476,-0.055216312408447269,0.9358939528465271],"EasingStyle":"Constant","EasingDirection":"In"},"Right Arm":{"Weight":1,"CFrame":[-0.027257978916168214,-0.5707724094390869,0.4074782431125641,0.5162972211837769,0.6267651319503784,-0.5836118459701538,-0.07904883474111557,0.7134311199188232,0.6962522864341736,0.8527534604072571,-0.3133392930030823,0.4178875684738159],"EasingStyle":"Constant","EasingDirection":"In"},"Head":{"Weight":1,"CFrame":[3.725290298461914e-9,5.960464477539063e-8,2.384185791015625e-7,0.9840753674507141,-0.1427774429321289,-0.10587891936302185,0.16977167129516602,0.5784879326820374,0.7978278398513794,-0.05266215279698372,-0.8030979037284851,0.5935152769088745],"EasingStyle":"Constant","EasingDirection":"In"},"Left Arm":{"Weight":1,"CFrame":[-0.8828251361846924,-0.04250222444534302,0.23131099343299867,-0.15223731100559236,0.7654567360877991,0.6252197623252869,-0.011197500862181187,-0.6338885426521301,0.7733433842658997,0.9882805347442627,0.11073079705238342,0.10507260262966156],"EasingStyle":"Constant","EasingDirection":"In"},"Torso":{"Weight":1,"CFrame":[0.24262860417366029,-0.3963034152984619,-0.6674529910087586,0.8639889359474182,-0.40192142128944399,0.30328574776649477,0.5032679438591003,0.7080400586128235,-0.4953792989253998,-0.015634877607226373,0.5806362628936768,0.8140129446983337],"EasingStyle":"Constant","EasingDirection":"In"},"HumanoidRootPart":{"Weight":0,"CFrame":[0,0,0,1,0,0,0,1,0,0,0,1],"EasingStyle":"Linear","EasingDirection":"In"},"Right Leg":{"Weight":1,"CFrame":[0.741826593875885,0.5637108087539673,-0.251772940158844,0.9781061410903931,0.11432278156280518,0.17389287054538728,-0.1550561487674713,0.9576666355133057,0.2425534427165985,-0.13880190253257752,-0.2642061114311218,0.9544260501861572],"EasingStyle":"Constant","EasingDirection":"In"}}},{"Time":0.6166666746139526,"poses":{"Left Leg":{"Weight":1,"CFrame":[-0.09038347005844116,0.7020736336708069,0.14521047472953797,0.8407822251319885,0.4232628047466278,0.337540864944458,-0.4147668778896332,0.9043228030204773,-0.1008400097489357,-0.34792765974998476,-0.055216312408447269,0.9358939528465271],"EasingStyle":"Constant","EasingDirection":"In"},"Right Arm":{"Weight":1,"CFrame":[-0.027257978916168214,-0.5707724094390869,0.4074782431125641,0.5162972211837769,0.6267651319503784,-0.5836118459701538,-0.07904883474111557,0.7134311199188232,0.6962522864341736,0.8527534604072571,-0.3133392930030823,0.4178875684738159],"EasingStyle":"Constant","EasingDirection":"In"},"Head":{"Weight":1,"CFrame":[3.725290298461914e-9,5.960464477539063e-8,2.384185791015625e-7,0.9840753674507141,-0.1427774429321289,-0.10587891936302185,0.16977167129516602,0.5784879326820374,0.7978278398513794,-0.05266215279698372,-0.8030979037284851,0.5935152769088745],"EasingStyle":"Constant","EasingDirection":"In"},"Left Arm":{"Weight":1,"CFrame":[-0.8828251361846924,-0.04250222444534302,0.23131099343299867,-0.15223731100559236,0.7654567360877991,0.6252197623252869,-0.011197500862181187,-0.6338885426521301,0.7733433842658997,0.9882805347442627,0.11073079705238342,0.10507260262966156],"EasingStyle":"Constant","EasingDirection":"In"},"Torso":{"Weight":1,"CFrame":[0.24262860417366029,-0.3963034152984619,-0.6674529910087586,0.8639889359474182,-0.40192142128944399,0.30328574776649477,0.5032679438591003,0.7080400586128235,-0.4953792989253998,-0.015634877607226373,0.5806362628936768,0.8140129446983337],"EasingStyle":"Constant","EasingDirection":"In"},"HumanoidRootPart":{"Weight":0,"CFrame":[0,0,0,1,0,0,0,1,0,0,0,1],"EasingStyle":"Linear","EasingDirection":"In"},"Right Leg":{"Weight":1,"CFrame":[0.741826593875885,0.5637108087539673,-0.251772940158844,0.9781061410903931,0.11432278156280518,0.17389287054538728,-0.1550561487674713,0.9576666355133057,0.2425534427165985,-0.13880190253257752,-0.2642061114311218,0.9544260501861572],"EasingStyle":"Constant","EasingDirection":"In"}}},{"Time":0.6499999761581421,"poses":{"Left Leg":{"Weight":1,"CFrame":[-0.05024462938308716,0.6742390394210815,0.1385616511106491,0.8074121475219727,0.4296092391014099,0.40437793731689455,-0.43343159556388857,0.8969312310218811,-0.08747268468141556,-0.4002783000469208,-0.10464351624250412,0.9103993773460388],"EasingStyle":"Constant","EasingDirection":"In"},"Right Arm":{"Weight":1,"CFrame":[-0.12095832824707031,-0.45232608914375307,0.3844328820705414,0.3055155575275421,0.7798154950141907,-0.546395480632782,-0.17177024483680726,0.6095544099807739,0.7739110589027405,0.936565637588501,-0.14258743822574616,0.32017749547958376],"EasingStyle":"Constant","EasingDirection":"In"},"Head":{"Weight":1,"CFrame":[1.0617077350616455e-7,-1.4901161193847657e-7,-2.9802322387695315e-8,0.9883787