{"Sequence":[{"Time":0,"poses":{"Left Leg":{"Weight":1,"CFrame":[-0.6215451955795288,0.15223151445388795,0.2180182933807373,0.6739655137062073,-0.6551533341407776,0.34138622879981997,0.5903608202934265,0.7554302215576172,0.28425219655036929,-0.4441222846508026,0.009964881464838982,0.8959107995033264],"EasingStyle":"Linear","EasingDirection":"In"},"Right Arm":{"Weight":1,"CFrame":[-0.31405994296073916,-0.5571034550666809,-0.1460006833076477,-0.3891322612762451,-0.5417104959487915,-0.7450676560401917,0.8306803107261658,-0.5559608340263367,-0.029627665877342225,-0.39817866683006289,-0.6304421424865723,0.6663305163383484],"EasingStyle":"Linear","EasingDirection":"In"},"Left Arm":{"Weight":1,"CFrame":[-0.23651595413684846,-0.5227065086364746,0.07077574729919434,-0.03429350629448891,0.6256579756736755,-0.7793433666229248,-0.998911440372467,0.0032141192350536587,0.046535540372133258,0.03162027522921562,0.780090868473053,0.6248666644096375],"EasingStyle":"Linear","EasingDirection":"In"},"Right Leg":{"Weight":1,"CFrame":[0.4943977892398834,0.3709567189216614,0.12482035160064697,0.9767004251480103,0.06581214815378189,-0.20426686108112336,-0.07304222881793976,0.9969342947006226,-0.02805117331445217,0.2017945945262909,0.042317695915699008,0.978513240814209],"EasingStyle":"Linear","EasingDirection":"In"},"Torso":{"Weight":1,"CFrame":[0.027108043432235719,-0.08789040148258209,-0.41399240493774416,0.9898287653923035,0.11907391995191574,0.0778489038348198,-0.11019164323806763,0.9878197908401489,-0.10986299067735672,-0.08998250216245651,0.10016724467277527,0.9908933639526367],"EasingStyle":"Linear","EasingDirection":"In"},"HumanoidRootPart":{"Weight":0,"CFrame":[0,0,0,1,0,0,0,1,0,0,0,1],"EasingStyle":"Linear","EasingDirection":"In"},"Head":{"Weight":1,"CFrame":[6.891787052154541e-8,-5.587935447692871e-9,-1.7881393432617188e-7,0.9947672486305237,-0.0649169459939003,-0.07889167964458466,0.06631001830101013,0.9976838231086731,0.01516575925052166,0.07772442698478699,-0.02031770907342434,0.9967678189277649],"EasingStyle":"Linear","EasingDirection":"In"}}},{"Time":0.032083332538604739,"poses":{"Left Leg":{"Weight":1,"CFrame":[-0.5167421698570252,0.09466707706451416,0.2389214038848877,0.6635875701904297,-0.6386500597000122,0.3895866870880127,0.5817481279373169,0.7679483890533447,0.26800045371055605,-0.4703410565853119,0.048799607902765277,0.8811345100402832],"EasingStyle":"Linear","EasingDirection":"In"},"Right Arm":{"Weight":1,"CFrame":[-0.30922025442123415,-0.5067245960235596,-0.11013102531433106,-0.40732860565185549,-0.5414808392524719,-0.7354467511177063,0.8076874613761902,-0.5894599556922913,-0.01334280427545309,-0.42629146575927737,-0.5994459390640259,0.6774511337280273],"EasingStyle":"Linear","EasingDirection":"In"},"Left Arm":{"Weight":1,"CFrame":[-0.23610620200634004,-0.5047186017036438,0.06945168972015381,0.027777476236224176,0.7785043716430664,-0.627024233341217,-0.9978004693984985,0.05936232954263687,0.029500490054488183,0.06018790975213051,0.6248255968093872,0.7784409523010254],"EasingStyle":"Linear","EasingDirection":"In"},"Right Leg":{"Weight":1,"CFrame":[0.46698057651519778,0.3123016953468323,0.09683561325073242,0.989107072353363,0.02073199488222599,-0.14573059976100923,-0.02463592030107975,0.9993829727172852,-0.02503470703959465,0.1451217085123062,0.028352104127407075,0.9890075325965881],"EasingStyle":"Linear","EasingDirection":"In"},"Torso":{"Weight":1,"CFrame":[0.02333727478981018,-0.07710038125514984,-0.34636616706848147,0.9824650287628174,0.17393183708190919,0.06715783476829529,-0.16712255775928498,0.9812144637107849,-0.0963754951953888,-0.08265900611877442,0.08346197009086609,0.9930768013000488],"EasingStyle":"Linear","EasingDirection":"In"},"HumanoidRootPart":{"Weight":0,"CFrame":[0,0,0,1,0,0,0,1,0,0,0,1],"EasingStyle":"Linear","EasingDirection":"In"},"Head":{"Weight":1,"CFrame":[1.2479722499847413e-7,-2.421438694000244e-8,-1.1920928955078126e-7,0.9925360679626465,-0.11154458671808243,-0.049295201897621158,0.11262673884630203,0.9934412837028503,0.019740285351872445,0.04676996171474457,-0.0251449067145586,0.9985891580581665],"EasingStyle":"Linear","EasingDirection":"In"}}},{"Time":0.06458333134651184,"poses":{"Left Leg":{"Weight":1,"CFrame":[-0.3829699456691742,0.017886579036712648,0.20326673984527589,0.7021597027778626,-0.5914573669433594,0.39642134308815,0.548382580280304,0.8043347597122192,0.22874018549919129,-0.454145610332489,0.0567784458398819,0.8891164660453796],"EasingStyle":"Linear","EasingDirection":"In"},"Right Arm":{"Weight":1,"CFrame":[-0.2985728979110718,-0.395891010761261,-0.031217873096466066,-0.4163690209388733,-0.5662439465522766,-0.7113398909568787,0.7795987725257874,-0.6249269247055054,0.04113421589136124,-0.4678274989128113,-0.5374329090118408,0.7016434073448181],"EasingStyle":"Linear","EasingDirection":"In"},"Left Arm":{"Weight":1,"CFrame":[-0.23589572310447694,-0.4564247727394104,0.06653869152069092,0.08660145848989487,0.9411165714263916,-0.326802521944046,-0.9941059947013855,0.06015922874212265,-0.09018933773040772,-0.0652185007929802,0.33268675208091738,0.940779447555542],"EasingStyle":"Linear","EasingDirection":"In"},"Right Leg":{"Weight":1,"CFrame":[0.35968801379203799,0.20948326587677003,0.09212243556976319,0.9916110634803772,-0.0316593274474144,-0.1253204643726349,0.03110317699611187,0.9994957447052002,-0.006392152979969978,0.125459685921669,0.002440614392980933,0.9920957088470459],"EasingStyle":"Linear","EasingDirection":"In"},"Torso":{"Weight":1,"CFrame":[0.01899407058954239,-0.04998712241649628,-0.23034048080444337,0.9806833267211914,0.18992461264133454,0.046784792095422748,-0.18688735365867616,0.9803922176361084,-0.06248388811945915,-0.05773467570543289,0.05253342166543007,0.9969488382339478],"EasingStyle":"Linear","EasingDirection":"In"},"HumanoidRootPart":{"Weight":0,"CFrame":[0,0,0,1,0,0,0,1,0,0,0,1],"EasingStyle":"Linear","EasingDirection":"In"},"Head":{"Weight":1,"CFrame":[8.754432201385498e-8,4.6566128730773929e-9,2.384185791015625e-7,0.9906343817710877,-0.135776549577713,-0.014429653994739056,0.13608130812644959,0.9904353618621826,0.02279626578092575,0.011196442879736424,-0.024546369910240175,0.9996359944343567],"EasingStyle":"Linear","EasingDirection":"In"}}},{"Time":0.09666666388511658,"poses":{"Left Leg":{"Weight":1,"CFrame":[-0.29950210452079775,-0.03521931171417236,0.16247773170471192,0.7367681264877319,-0.5595522522926331,0.37957072257995608,0.5323910117149353,0.8261504769325256,0.18448635935783387,-0.41681236028671267,0.06615639477968216,0.9065819382667542],"EasingStyle":"Linear","EasingDirection":"In"},"Right Arm":{"Weight":1,"CFrame":[-0.28792545199394228,-0.28505802154541018,0.047695279121398929,-0.4210023283958435,-0.5945144295692444,-0.6850617527961731,0.754051148891449,-0.6491644382476807,0.09996234625577927,-0.5041467547416687,-0.4744872748851776,0.721593976020813],"EasingStyle":"Linear","EasingDirection":"In"},"Left Arm":{"Weight":1,"CFrame":[-0.23581822216510774,-0.38632816076278689,0.06362569332122803,0.0695091187953949,0.9972814321517944,0.02445918321609497,-0.9722169041633606,0.07321514934301377,-0.22233709692955018,-0.22352342307567597,-0.008325295522809029,0.9746630191802979],"EasingStyle":"Linear","EasingDirection":"In"},"Right Leg":{"Weight":1,"CFrame":[0.28414902091026308,0.17044669389724732,0.11723172664642334,0.989991307258606,-0.04184892401099205,-0.1347808688879013,0.04515882954001427,0.998746395111084,0.021593883633613588,0.13370831310749055,-0.027464378625154496,0.9906401038169861],"EasingStyle":"Linear","EasingDirection":"In"},"Torso":{"Weight":1,"CFrame":[0.012105945497751236,-0.021631412208080293,-0.16874933242797852,0.9840153455734253,0.1770939826965332,0.01874740608036518,-0.17656134068965913,0.9839181900024414,-0.02703925222158432,-0.023234402760863305,0.02329697273671627,0.9994585514068604],"EasingStyle":"Linear","EasingDirection":"In"},"HumanoidRootPart":{"Weight":0,"CFrame":[0,0,0,1,0,0,0,1,0,0,0,1],"EasingStyle":"Linear","EasingDirection":"In"},"Head":{"Weight":1,"CFrame":[8.009374141693115e-8,-3.259629011154175e-9,-5.960464477539063e-8,0.9892423152923584,-0.14497391879558564,0.019549919292330743,0.14445039629936219,0.9891713261604309,0.02596420980989933,-0.023102352395653726,-0.022860901430249215,0.9994716644287109],"EasingStyle":"Linear","EasingDirection":"In"}}},{"Time":0.12916666269302369,"poses":{"Left Leg":{"Weight":1,"CFrame":[-0.27926456928253176,-0.0627661943435669,0.13486409187316895,0.7713976502418518,-0.535073459148407,0.3444445729255676,0.5242728590965271,0.8411674499511719,0.1325712949037552,-0.3606710135936737,0.078317791223526,0.9293991327285767],"EasingStyle":"Linear","EasingDirection":"In"},"Right Arm":{"Weight":1,"CFrame":[-0.28308573365211489,-0.23467940092086793,0.08356475830078125,-0.4225592315196991,-0.607709527015686,-0.6724081635475159,0.7426707744598389,-0.6574171781539917,0.12744703888893128,-0.5195034146308899,-0.44552409648895266,0.7291258573532105],"EasingStyle":"Linear","EasingDirection":"In"},"Left Arm":{"Weight":1,"CFrame":[-0.2358071506023407,-0.3029322624206543,0.0623016357421875,0.01278684101998806,0.9684974551200867,0.24869473278522492,-0.9620212912559509,0.07973946630954743,-0.2610682547092438,-0.2726747393608093,-0.2359115183353424,0.9327348470687866],"EasingStyle":"Linear","EasingDirection":"In"},"Right Leg":{"Weight":1,"CFrame":[0.28653615713119509,0.19209498167037965,0.16836678981781007,0.9853051900863648,-0.0026943874545395376,-0.17078179121017457,0.011198769323527813,0.9987431764602661,0.04885318502783775,0.1704355776309967,-0.0500478595495224,0.9840970039367676],"EasingStyle":"Linear","EasingDirection":"In"},"Torso":{"Weight":1,"CFrame":[0.0009769313037395478,-0.007586998865008354,-0.15590214729309083,0.9902476072311401,0.1385524719953537,-0.014591102488338948,-0.1386980414390564,0.9902893304824829,-0.009483736008405686,0.01313541829586029,0.01141500473022461,0.9998485445976257],"EasingStyle":"Linear","EasingDirection":"In"},"HumanoidRootPart":{"Weight":0,"CFrame":[0,0,0,1,0,0,0,1,0,0,0,1],"EasingStyle":"Linear","EasingDirection":"In"},"Head":{"Weight":1,"CFrame":[9.220093488693237e-8,2.561137080192566e-9,0,0.9881133437156677,-0.14659138023853303,0.04629190266132355,0.14524762332439423,0.9889037013053894,0.03118562512099743,-0.050349779427051547,-0.024091145023703576,0.9984410405158997],"EasingStyle":"Linear","EasingDirection":"In"}}},{"Time":0.16124999523162843,"poses":{"Left Leg":{"Weight":1,"CFrame":[-0.384280800819397,-0.07911145687103272,0.13899242877960206,0.7766611576080322,-0.5585035681724548,0.2913265526294708,0.5654211044311523,0.8219611048698425,0.06840285658836365,-0.27766236662864687,0.11159630864858628,0.9541749954223633],"EasingStyle":"Linear","EasingDirection":"In"},"Right Arm":{"Weight":1,"CFrame":[-0.2929319739341736,-0.2526618242263794,0.054598450660705569,-0.4448755085468292,-0.6013343930244446,-0.6636886596679688,0.7720959186553955,-0.6330323815345764,0.05601659417152405,-0.4538211226463318,-0.4875110387802124,0.7459084987640381],"EasingStyle":"Linear","EasingDirection":"In"},"Left Arm":{"Weight":1,"CFrame":[-0.2355819046497345,-0.2143961787223816,0.0649641752243042,-0.06275216490030289,0.9340674877166748,0.3515394926071167,-0.971134603023529,0.024071672931313516,-0.23731444776058198,-0.2301298975944519,-0.3562842607498169,0.9055947661399841],"EasingStyle":"Linear","EasingDirection":"In"},"Right Leg":{"Weight":1,"CFrame":[0.40806707739830019,0.24922841787338258,0.16187059879302979,0.9970853924751282,0.05292879045009613,-0.05494812875986099,-0.04650293290615082,0.9925886988639832,0.11227257549762726,0.0604834109544754,-0.10939012467861176,0.9921570420265198],"EasingStyle":"Linear","EasingDirection":"In"},"Torso":{"Weight":1,"CFrame":[-0.013903573155403138,-0.01443159207701683,-0.16206860542297364,0.9961665272712708,0.07304215431213379,-0.048135772347450259,-0.07398201525211334,0.9970964193344116,-0.018039487302303315,0.04667836055159569,0.021531514823436738,0.9986779093742371],"EasingStyle":"Linear","EasingDirection":"In"},"HumanoidRootPart":{"Weight":0,"CFrame":[0,0,0,1,0,0,0,1,0,0,0,1],"EasingStyle":"Linear","EasingDirection":"In"},"Head":{"Weight":1,"CFrame":[1.0523945093154907e-7,0,3.5762786865234377e-7,0.9883132576942444,-0.13839147984981538,0.06391195952892304,0.13602159917354585,0.9898951053619385,0.040071967989206317,-0.06881175190210343,-0.03091024048626423,0.997150719165802],"EasingStyle":"Linear","EasingDirection":"In"}}},{"Time":0.19374999403953553,"poses":{"Left Leg":{"Weight":1,"CFrame":[-0.6079253554344177,-0.0915755033493042,0.16012609004974366,0.7109754085540772,-0.6620615720748901,0.23704084753990174,0.6822035908699036,0.7311510443687439,-0.004062560386955738,-0.17062300443649293,0.16459858417510987,0.9714912176132202],"EasingStyle":"Linear","EasingDirection":"In"},"Right Arm":{"Weight":1,"CFrame":[-0.31754767894744875,-0.29761749505996706,-0.017817318439483644,-0.5002903342247009,-0.5901030898094177,-0.6336308121681213,0.8213971257209778,-0.5549361109733582,-0.13172900676727296,-0.27389100193977358,-0.5863653421401978,0.7623381614685059],"EasingStyle":"Linear","EasingDirection":"In"},"Left Arm":{"Weight":1,"CFrame":[-0.2340051680803299,-0.1275080144405365,0.07162094116210938,-0.18426640331745149,0.8868096470832825,0.4238094687461853,-0.9677507877349854,-0.0883421003818512,-0.23591110110282899,-0.17176805436611176,-0.4536125361919403,0.8744892477989197],"EasingStyle":"Linear","EasingDirection":"In"},"Right Leg":{"Weight":1,"CFrame":[0.6410009860992432,0.31473398208618166,-0.023237764835357667,0.9548816680908203,0.10920222848653794,0.2761808931827545,-0.16984453797340394,0.9636573195457459,0.2061975747346878,-0.2436264157295227,-0.24380207061767579,0.9387260675430298],"EasingStyle":"Linear","EasingDirection":"In"},"Torso":{"Weight":1,"CFrame":[-0.031117960810661317,-0.03224126249551773,-0.2005627155303955,0.9971330761909485,-0.002361910417675972,-0.07563137263059616,-0.0006900513544678688,0.9991873502731323,-0.04030158370733261,0.07566509395837784,0.04023823142051697,0.9963210821151733],"EasingStyle":"Linear","EasingDirection":"In"},"HumanoidRootPart":{"Weight":0,"CFrame":[0,0,0,1,0,0,0,1,0,0,0,1],"EasingStyle":"Linear","EasingDirection":"In"},"Head":{"Weight":1,"CFrame":[9.471114026382566e-8,1.1961674317717553e-8,3.5762786865234377e-7,0.9903919696807861,-0.11563964933156967,0.0758366659283638,0.11195184290409088,0.9923930764198303,0.051212605088949206,-0.08118199557065964,-0.042230501770973209,0.9958042502403259],"EasingStyle":"Linear","EasingDirection":"In"}}},{"Time":0.22583332657814027,"poses":{"Left Leg":{"Weight":1,"CFrame":[-0.8213568925857544,-0.12047290802001953,0.1732107400894165,0.5750116109848023,-0.7924188375473023,0.20355379581451417,0.816836953163147,0.5701043605804443,-0.08808104693889618,-0.04624984785914421,0.21691790223121644,0.9750936031341553],"EasingStyle":"Linear","EasingDirection":"In"},"Right Arm":{"Weight":1,"CFrame":[-0.3495481014251709,-0.35606104135513308,-0.111957848072052,-0.5659659504890442,-0.5875656008720398,-0.5783159136772156,0.8241555690765381,-0.42127934098243716,-0.3785383105278015,-0.02121651917695999,-0.6908620595932007,0.7226752042770386],"EasingStyle":"Linear","EasingDirection":"In"},"Left Arm":{"Weight":1,"CFrame":[-0.22972549498081208,-0.04871216416358948,0.08027446269989014,-0.3271386921405792,0.8199129104614258,0.4698116183280945,-0.9397244453430176,-0.2299225628376007,-0.253088116645813,-0.09949000179767609,-0.5242884755134583,0.8457088470458984],"EasingStyle":"Linear","EasingDirection":"In"},"Right Leg":{"Weight":1,"CFrame":[0.7897250652313232,0.371576189994812,-0.27214211225509646,0.8427507877349854,0.14050070941448213,0.5196448564529419,-0.3101664185523987,0.9157249927520752,0.25543010234832766,-0.4399634599685669,-0.3764403164386749,0.8153064846992493],"EasingStyle":"Linear","EasingDirection":"In"},"Torso":{"Weight":1,"CFrame":[-0.045046716928482059,-0.050844088196754459,-0.2933540344238281,0.993568480014801,-0.06453517824411392,-0.09304231405258179,0.05875757709145546,0.9962471127510071,-0.06355510652065277,0.09679467231035233,0.05767940729856491,0.9936316609382629],"EasingStyle":"Linear","EasingDirection":"In"},"HumanoidRootPart":{"Weight":0,"CFrame":[0,0,0,1,0,0,0,1,0,0,0,1],"EasingStyle":"Linear","EasingDirection":"In"},"Head":{"Weight":1,"CFrame":[6.658956408500672e-8,1.5832483768463136e-8,-1.7881393432617188e-7,0.993119478225708,-0.08204576373100281,0.08355949819087982,0.07693751156330109,0.9950671792030335,0.06262490153312683,-0.0882854163646698,-0.055765148252248767,0.9945330023765564],"EasingStyle":"Linear","EasingDirection":"In"}}},{"Time":0.257916659116745,"poses":{"Left Leg":{"Weight":1,"CFrame":[-0.9105674028396606,-0.25532734394073489,0.17118370532989503,0.4085800349712372,-0.8876031041145325,0.21265733242034913,0.9067604541778565,0.3681524395942688,-0.20554615557193757,0.10415304452180863,0.2768113315105438,0.9552631378173828],"EasingStyle":"Linear","EasingDirection":"In"},"Right Arm":{"Weight":1,"CFrame":[-0.3815484642982483,-0.4145045280456543,-0.20609867572784425,-0.6167477965354919,-0.5995405316352844,-0.5100719332695007,0.7542705535888672,-0.26476457715034487,-0.6008124351501465,0.2251623421907425,-0.7552819848060608,0.6155087351799011],"EasingStyle":"Linear","EasingDirection":"In"},"Left Arm":{"Weight":1,"CFrame":[-0.22139140963554383,0.015548884868621827,0.0889279842376709,-0.46306928992271426,0.7375510334968567,0.49151334166526797,-0.8859792351722717,-0.3697707951068878,-0.27983981370925906,-0.02464897744357586,-0.565055787563324,0.8246843814849854],"EasingStyle":"Linear","EasingDirection":"In"},"Right Leg":{"Weight":1,"CFrame":[0.8253847360610962,0.40705662965774538,-0.3636753559112549,0.791431188583374,0.14739029109477998,0.5932223796844482,-0.3619595766067505,0.895051121711731,0.2605164647102356,-0.49256667494773867,-0.4209033250808716,0.7617206573486328],"EasingStyle":"Linear","EasingDirection":"In"},"Torso":{"Weight":1,"CFrame":[-0.04978382587432861,-0.059397488832473758,-0.3536670207977295,0.9909854531288147,-0.09029946476221085,-0.09896368533372879,0.08313845098018646,0.9937682747840881,-0.07424688339233399,0.1050514280796051,0.06534989178180695,0.992317259311676],"EasingStyle":"Linear","EasingDirection":"In"},"HumanoidRootPart":{"Weight":0,"CFrame":[0,0,0,1,0,0,0,1,0,0,0,1],"EasingStyle":"Linear","EasingDirection":"In"},"Head":{"Weight":1,"CFrame":[7.729977369308472e-8,-1.7695128917694093e-8,-5.960464477539063e-7,0.9952280521392822,-0.04134659096598625,0.08838333189487457,0.03497444838285446,0.9967573285102844,0.07246815413236618,-0.0910930410027504,-0.06903117150068283,0.9934468865394592],"EasingStyle":"Linear","EasingDirection":"In"}}},{"Time":0.2904166579246521,"poses":{"Left Leg":{"Weight":1,"CFrame":[-0.8678795695304871,-0.45262253284454348,0.12697339057922364,0.31721454858779909,-0.9134765863418579,0.25482437014579775,0.9141175746917725,0.22297148406505586,-0.3386336863040924,0.25251537561416628,0.3403589129447937,0.905754804611206],"EasingStyle":"Linear","EasingDirection":"In"},"Right Arm":{"Weight":1,"CFrame":[-0.4061641991138458,-0.45946016907691958,-0.2785145044326782,-0.6423701643943787,-0.617339015007019,-0.45415109395980837,0.6582590937614441,-0.14094464480876923,-0.7394791841506958,0.39249905943870547,-0.7739683985710144,0.4969077408313751],"EasingStyle":"Linear","EasingDirection":"In"},"Left Arm":{"Weight":1,"CFrame":[-0.20765134692192079,0.058831095695495608,0.09558463096618653,-0.5659983158111572,0.6602661609649658,0.49365416169166567,-0.8236503005027771,-0.4785318970680237,-0.3043147325515747,0.03530052676796913,-0.5788400769233704,0.8146767020225525],"EasingStyle":"Linear","EasingDirection":"In"},"Right Leg":{"Weight":1,"CFrame":[0.7979345321655273,0.37172019481658938,-0.30629563331604006,0.7915703654289246,0.12778976559638978,0.5975669026374817,-0.3306157886981964,0.9119644165039063,0.24292832612991334,-0.5139159560203552,-0.3898598849773407,0.7641332149505615],"EasingStyle":"Linear","EasingDirection":"In"},"Torso":{"Weight":1,"CFrame":[-0.048607662320137027,-0.059341028332710269,-0.29914331436157229,0.9911366105079651,-0.09024015069007874,-0.0974934995174408,0.08318351954221726,0.9937697649002075,-0.07417629659175873,0.10357977449893952,0.06540898978710175,0.9924680590629578],"EasingStyle":"Linear","EasingDirection":"In"},"HumanoidRootPart":{"Weight":0,"CFrame":[0,0,0,1,0,0,0,1,0,0,0,1],"EasingStyle":"Linear","EasingDirection":"In"},"Head":{"Weight":1,"CFrame":[9.592622518539429e-8,9.313225746154785e-9,-2.384185791015625e-7,0.9958145618438721,0.002608806360512972,0.09135978668928147,-0.009852815419435501,0.996831476688385,0.07893000543117523,-0.0908643901348114,-0.07949979603290558,0.9926849603652954],"EasingStyle":"Linear","EasingDirection":"In"}}},{"Time":0.32249999046325686,"poses":{"Left Leg":{"Weight":1,"CFrame":[-0.7750840187072754,-0.5567984580993652,0.08220744132995606,0.3416685163974762,-0.8900468945503235,0.30179309844970705,0.8833051323890686,0.19443979859352113,-0.42657384276390078,0.32099008560180666,0.4123222529888153,0.8526169657707214],"EasingStyle":"Linear","EasingDirection":"In"},"Right Arm":{"Weight":1,"CFrame":[-0.41601040959358218,-0.47744253277778628,-0.3074808716773987,-0.6491790413856506,-0.6260744333267212,-0.4319692850112915,0.6120461225509644,-0.0927601233124733,-0.7853630781173706,0.4516260325908661,-0.7742263078689575,0.44340428709983828],"EasingStyle":"Linear","EasingDirection":"In"},"Left Arm":{"Weight":1,"CFrame":[-0.1871538758277893,0.07469111680984497,0.09824728965759278,-0.6181854009628296,0.618995726108551,0.484449177980423,-0.7834599614143372,-0.535045325756073,-0.31609660387039187,0.06353980302810669,-0.5749529004096985,0.8157156109809876],"EasingStyle":"Linear","EasingDirection":"In"},"Right Leg":{"Weight":1,"CFrame":[0.7627284526824951,0.3382588028907776,-0.24663126468658448,0.7925864458084106,0.1008882224559784,0.6013553738594055,-0.27182161808013918,0.9412619471549988,0.20034721493721009,-0.5458202362060547,-0.3222538232803345,0.773455023765564],"EasingStyle":"Linear","EasingDirection":"In"},"Torso":{"Weight":1,"CFrame":[-0.04044121503829956,-0.05900314450263977,-0.20977210998535157,0.9921176433563232,-0.08991042524576187,-0.08728542923927307,0.08357125520706177,0.9937686920166016,-0.07375394552946091,0.09337277710437775,0.06587804108858109,0.993449330329895],"EasingStyle":"Linear","EasingDirection":"In"},"HumanoidRootPart":{"Weight":0,"CFrame":[0,0,0,1,0,0,0,1,0,0,0,1],"EasingStyle":"Linear","EasingDirection":"In"},"Head":{"Weight":1,"CFrame":[7.264316082000733e-8,-4.6566128730773929e-9,-5.960464477539063e-8,0.9945805668830872,0.04589070752263069,0.09329285472631455,-0.05344628170132637,0.9953472018241882,0.08017167448997498,-0.0891796350479126,-0.08472335338592529,0.9924056529998779],"EasingStyle":"Linear","EasingDirection":"In"}}},{"Time":0.35499998927116396,"poses":{"Left Leg":{"Weight":1,"CFrame":[-0.663552463054657,-0.564333438873291,0.09949076175689697,0.41096031665802,-0.8407518267631531,0.352488249540329,0.8740334510803223,0.25343459844589236,-0.4145316779613495,0.2591854929924011,0.47844260931015017,0.8389967083930969],"EasingStyle":"Linear","EasingDirection":"In"},"Right Arm":{"Weight":1,"CFrame":[-0.39620259404182436,-0.44928616285324099,-0.28422677516937258,-0.6680371761322022,-0.5703943967819214,-0.4778876006603241,0.647179901599884,-0.1283891648054123,-0.7514480948448181,0.3672661781311035,-0.8112745881080627,0.45491665601730349],"EasingStyle":"Linear","EasingDirection":"In"},"Left Arm":{"Weight":1,"CFrame":[-0.12521694600582124,0.04912787675857544,0.09140431880950928,-0.6400585174560547,0.6313163638114929,0.4379093647003174,-0.7663338780403137,-0.5655759572982788,-0.30472317337989809,0.05529418960213661,-0.5306255221366882,0.8458008766174316],"EasingStyle":"Linear","EasingDirection":"In"},"Right Leg":{"Weight":1,"CFrame":[0.7696408033370972,0.3236117959022522,-0.14813685417175294,0.8352540731430054,0.13914798200130464,0.5319666862487793,-0.20651237666606904,0.9760113954544067,0.06895207613706589,-0.5096109509468079,-0.1674501746892929,0.8439532518386841],"EasingStyle":"Linear","EasingDirection":"In"},"Torso":{"Weight":1,"CFrame":[-0.039974041283130649,-0.044381409883499148,-0.16707801818847657,0.9931178092956543,-0.10362402349710465,-0.05458136275410652,0.10060227662324906,0.9933788180351257,-0.05547678470611572,0.059968698769807819,0.04960397258400917,0.9969670176506043],"EasingStyle":"Linear","EasingDirection":"In"},"HumanoidRootPart":{"Weight":0,"CFrame":[0,0,0,1,0,0,0,1,0,0,0,1],"EasingStyle":"Linear","EasingDirection":"In"},"Head":{"Weight":1,"CFrame":[5.960464477539063e-8,2.7939677238464357e-9,-1.7881393432617188e-7,0.99297696352005,0.08613412827253342,0.08110280334949494,-0.09164750576019287,0.9935414791107178,0.06690318137407303,-0.07481635361909867,-0.07386618107557297,0.9944577813148499],"EasingStyle":"Linear","EasingDirection":"In"}}},{"Time":0.3870833218097687,"poses":{"Left Leg":{"Weight":1,"CFrame":[-0.5299837589263916,-0.50783371925354,0.1508774757385254,0.47884681820869448,-0.7807729840278626,0.40137168765068056,0.8729920983314514,0.37522092461586,-0.3115992844104767,0.09268520027399063,0.49960264563560488,0.8612819910049439],"EasingStyle":"Linear","EasingDirection":"In"},"Right Arm":{"Weight":1,"CFrame":[-0.345119446516037,-0.37667256593704226,-0.2242555022239685,-0.6943503022193909,-0.43266141414642336,-0.5750494003295898,0.7029680013656616,-0.23679570853710175,-0.6706443428993225,0.15399260818958283,-0.8699033856391907,0.46856629848480227],"EasingStyle":"Linear","EasingDirection":"In"},"Left Arm":{"Weight":1,"CFrame":[-0.004626922309398651,-0.016797959804534913,0.07375693321228028,-0.659099280834198,0.6681289672851563,0.34524163603782656,-0.751925528049469,-0.5939931869506836,-0.2859721779823303,0.014004815369844437,-0.4480801522731781,0.8938837051391602],"EasingStyle":"Linear","EasingDirection":"In"},"Right Leg":{"Weight":1,"CFrame":[0.7054935097694397,0.18173164129257203,0.08464384078979492,0.9371052384376526,0.20681709051132203,0.28117698431015017,-0.16228678822517396,0.9713525176048279,-0.1736009567975998,-0.3090255856513977,0.11705105006694794,0.9438231587409973],"EasingStyle":"Linear","EasingDirection":"In"},"Torso":{"Weight":1,"CFrame":[-0.059823159128427508,-0.009086482226848603,-0.15900921821594239,0.9903536438941956,-0.13853473961353303,-0.0027986401692032816,0.13849487900733949,0.9902980327606201,-0.011358115822076798,0.004344981629401445,0.010860953480005265,0.9999315738677979],"EasingStyle":"Linear","EasingDirection":"In"},"HumanoidRootPart":{"Weight":0,"CFrame":[0,0,0,1,0,0,0,1,0,0,0,1],"EasingStyle":"Linear","EasingDirection":"In"},"Head":{"Weight":1,"CFrame":[8.754432201385498e-8,2.7939677238464357e-9,0,0.991425096988678,0.12224514782428742,0.04617834463715553,-0.12397255003452301,0.9916106462478638,0.036594778299331668,-0.0413174070417881,-0.042005836963653567,0.9982627034187317],"EasingStyle":"Linear","EasingDirection":"In"}}},{"Time":0.4191666543483734,"poses":{"Left Leg":{"Weight":1,"CFrame":[-0.3735879361629486,-0.41049742698669436,0.16987335681915284,0.5509401559829712,-0.7123736143112183,0.4347284138202667,0.8284091949462891,0.5298790335655212,-0.18156611919403077,-0.10101061314344406,0.46016520261764529,0.8820685744285584],"EasingStyle":"Linear","EasingDirection":"In"},"Right Arm":{"Weight":1,"CFrame":[-0.275270938873291,-0.2773844599723816,-0.14225441217422486,-0.7016569375991821,-0.2734619975090027,-0.65794837474823,0.7052746415138245,-0.39786478877067568,-0.5867632627487183,-0.10131704062223435,-0.8757408857345581,0.47203049063682558],"EasingStyle":"Linear","EasingDirection":"In"},"Left Arm":{"Weight":1,"CFrame":[0.14976486563682557,-0.10694095492362976,0.049626946449279788,-0.6713497638702393,0.6988339424133301,0.24682076275348664,-0.7388322353363037,-0.6047913432121277,-0.29724448919296267,-0.058449532836675647,-0.38191425800323489,0.9223476648330689],"EasingStyle":"Linear","EasingDirection":"In"},"Right Leg":{"Weight":1,"CFrame":[0.3770008087158203,-0.0985945463180542,0.23531043529510499,0.9791911840438843,0.16043594479560853,-0.12427765130996704,-0.1967211663722992,0.9008250832557678,-0.38705942034721377,0.04985421895980835,0.40345317125320437,0.913641095161438],"EasingStyle":"Linear","EasingDirection":"In"},"Torso":{"Weight":1,"CFrame":[-0.08994239568710327,0.034577593207359317,-0.16573810577392579,0.9819031357765198,-0.18239560723304749,0.05097108706831932,0.18029305338859559,0.9826628565788269,0.043221987783908847,-0.05797089636325836,-0.03325007110834122,0.9977644085884094],"EasingStyle":"Linear","EasingDirection":"In"},"HumanoidRootPart":{"Weight":0,"CFrame":[0,0,0,1,0,0,0,1,0,0,0,1],"EasingStyle":"Linear","EasingDirection":"In"},"Head":{"Weight":1,"CFrame":[1.0617077350616455e-7,-1.3969838619232178e-9,3.5762786865234377e-7,0.9884051084518433,0.1518014371395111,-0.003420446999371052,-0.15181203186511994,0.9884045720100403,-0.003083393909037113,0.0029127271845936777,0.003566903993487358,0.99998939037323],"EasingStyle":"Linear","EasingDirection":"In"}}},{"Time":0.4516666531562805,"poses":{"Left Leg":{"Weight":1,"CFrame":[-0.23780536651611329,-0.31565332412719729,0.1495133638381958,0.609483003616333,-0.6535096168518066,0.44883811473846438,0.7562218308448792,0.6492015719413757,-0.08164366334676743,-0.23803158104419709,0.3891817331314087,0.8898756504058838],"EasingStyle":"Linear","EasingDirection":"In"},"Right Arm":{"Weight":1,"CFrame":[-0.1991674154996872,-0.16920524835586549,-0.0529097318649292,-0.7301768660545349,-0.16539083421230317,-0.6629385948181152,0.6246044039726257,-0.5548830628395081,-0.5495216250419617,-0.2769675850868225,-0.8153223991394043,0.5084666609764099],"EasingStyle":"Linear","EasingDirection":"In"},"Left Arm":{"Weight":1,"CFrame":[0.3131069839000702,-0.20515751838684083,0.023335814476013185,-0.6143780946731567,0.7603748440742493,0.21064086258411408,-0.7680375576019287,-0.5151941180229187,-0.38038596510887148,-0.18071502447128297,-0.3954809308052063,0.900520384311676],"EasingStyle":"Linear","EasingDirection":"In"},"Right Leg":{"Weight":1,"CFrame":[-0.059693001210689548,-0.23688697814941407,0.09409463405609131,0.8934134840965271,0.014807993546128273,-0.4489910900592804,-0.24260729551315309,0.8570827841758728,-0.4544786512851715,0.3780926764011383,0.514965832233429,0.769321858882904],"EasingStyle":"Linear","EasingDirection":"In"},"Torso":{"Weight":1,"CFrame":[-0.1185728907585144,0.07215173542499542,-0.2055675983428955,0.9710574150085449,-0.2205096185207367,0.09177716821432114,0.212428018450737,0.9730057716369629,0.09018963575363159,-0.10918739438056946,-0.0680832713842392,0.9916868209838867],"EasingStyle":"Linear","EasingDirection":"In"},"HumanoidRootPart":{"Weight":0,"CFrame":[0,0,0,1,0,0,0,1,0,0,0,1],"EasingStyle":"Linear","EasingDirection":"In"},"Head":{"Weight":1,"CFrame":[1.1175870895385742e-7,2.7939677238464357e-9,-4.172325134277344e-7,0.9831739664077759,0.17301823198795319,-0.05859709531068802,-0.1757384091615677,0.9834104776382446,-0.044942185282707217,0.04984918609261513,0.05448374152183533,0.9972695708274841],"EasingStyle":"Linear","EasingDirection":"In"}}},{"Time":0.48374998569488528,"poses":{"Left Leg":{"Weight":1,"CFrame":[-0.2565629482269287,-0.3063321113586426,0.16685807704925538,0.5907440185546875,-0.6696129441261292,0.4501555263996124,0.7662547826766968,0.6403435468673706,-0.05304418504238129,-0.2527351975440979,0.3762694299221039,0.8913732767105103],"EasingStyle":"Linear","EasingDirection":"In"},"Right Arm":{"Weight":1,"CFrame":[-0.12931892275810243,-0.06991657614707947,0.029091477394104005,-0.809218168258667,-0.12182018905878067,-0.5747396945953369,0.4937312602996826,-0.6712245941162109,-0.5528895258903503,-0.3184264302253723,-0.7311753034591675,0.6033137440681458],"EasingStyle":"Linear","EasingDirection":"In"},"Left Arm":{"Weight":1,"CFrame":[0.4605481028556824,-0.29530036449432375,-0.0007942914962768555,-0.4669017195701599,0.8452507257461548,0.2599112093448639,-0.8141725659370422,-0.2961692214012146,-0.4994064271450043,-0.3451460599899292,-0.4447864592075348,0.8264619708061218],"EasingStyle":"Linear","EasingDirection":"In"},"Right Leg":{"Weight":1,"CFrame":[-0.016184546053409578,-0.27454113960266116,0.08961713314056397,0.8253722786903381,0.07430879026651383,-0.5596773624420166,-0.38321468234062197,0.8017148971557617,-0.45869335532188418,0.41461682319641116,0.5930694341659546,0.6901895999908447],"EasingStyle":"Linear","EasingDirection":"In"},"Torso":{"Weight":1,"CFrame":[-0.13141006231307984,0.08816450834274292,-0.2985494136810303,0.9655219912528992,-0.2369292676448822,0.10785079002380371,0.225239560008049,0.9680505394935608,0.11020562797784805,-0.1305159479379654,-0.08211369067430496,0.9880399703979492],"EasingStyle":"Linear","EasingDirection":"In"},"HumanoidRootPart":{"Weight":0,"CFrame":[0,0,0,1,0,0,0,1,0,0,0,1],"EasingStyle":"Linear","EasingDirection":"In"},"Head":{"Weight":1,"CFrame":[1.1548399925231934e-7,-6.658956408500672e-8,1.1920928955078126e-7,0.97646564245224,0.1857287436723709,-0.10963446646928787,-0.19512739777565003,0.9773222804069519,-0.08225835859775543,0.09187046438455582,0.10171514004468918,0.990562379360199],"EasingStyle":"Linear","EasingDirection":"In"}}},{"Time":0.5162500143051148,"poses":{"Left Leg":{"Weight":1,"CFrame":[-0.31779026985168459,-0.3355116844177246,0.1920604705810547,0.5526325106620789,-0.7024485468864441,0.44851231575012209,0.8037589192390442,0.5915091633796692,-0.06394150853157044,-0.22038352489471436,0.3958319425582886,0.8914865255355835],"EasingStyle":"Linear","EasingDirection":"In"},"Right Arm":{"Weight":1,"CFrame":[-0.07823576033115387,0.0026969313621520998,0.08906245231628418,-0.8872236013412476,-0.10998706519603729,-0.4480370283126831,0.37368229031562807,-0.7408593893051148,-0.5581119656562805,-0.27054736018180849,-0.6625936031341553,0.6984081268310547],"EasingStyle":"Linear","EasingDirection":"In"},"Left Arm":{"Weight":1,"CFrame":[0.5672374367713928,-0.36122605204582217,-0.01844179630279541,-0.3133682310581207,0.8834859728813171,0.3482135832309723,-0.8131940960884094,-0.0602857880294323,-0.5788617730140686,-0.4904240071773529,-0.4645622968673706,0.7373372912406921],"EasingStyle":"Linear","EasingDirection":"In"},"Right Leg":{"Weight":1,"CFrame":[0.1212911382317543,-0.27786171436309817,0.15564143657684327,0.8135582208633423,0.15279361605644227,-0.5610499382019043,-0.45735234022140505,0.7639946937561035,-0.4551275074481964,0.3590986430644989,0.6268702149391174,0.6914346814155579],"EasingStyle":"Linear","EasingDirection":"In"},"Torso":{"Weight":1,"CFrame":[-0.13157600164413453,0.08823570609092713,-0.3586311340332031,0.9654890298843384,-0.23715779185295106,0.10764334350824356,0.22547422349452973,0.9679858088493347,0.11029461771249771,-0.13035444915294648,-0.08221744745969773,0.9880526065826416],"EasingStyle":"Linear","EasingDirection":"In"},"HumanoidRootPart":{"Weight":0,"CFrame":[0,0,0,1,0,0,0,1,0,0,0,1],"EasingStyle":"Linear","EasingDirection":"In"},"Head":{"Weight":1,"CFrame":[1.434236764907837e-7,4.1443854570388797e-8,-5.960464477539063e-8,0.9704303741455078,0.19152343273162843,-0.14691391587257386,-0.208314448595047,0.9719815254211426,-0.10888982564210892,0.1219426766037941,0.1362743079662323,0.9831374883651733],"EasingStyle":"Linear","EasingDirection":"In"}}},{"Time":0.5483333468437195,"poses":{"Left Leg":{"Weight":1,"CFrame":[-0.22116489708423615,-0.2860602140426636,0.15113842487335206,0.6117870807647705,-0.6502853035926819,0.4503837823867798,0.7450398802757263,0.6649991273880005,-0.0518815778195858,-0.26576703786849978,0.3672943711280823,0.8913264274597168],"EasingStyle":"Linear","EasingDirection":"In"},"Right Arm":{"Weight":1,"CFrame":[-0.05842795595526695,0.0308530330657959,0.11231672763824463,-0.9354011416435242,-0.12942716479301454,-0.32904917001724245,0.30602067708969118,-0.7625229358673096,-0.5700087547302246,-0.1771329790353775,-0.6338828206062317,0.7528722286224365],"EasingStyle":"Linear","EasingDirection":"In"},"Left Arm":{"Weight":1,"CFrame":[0.6083227396011353,-0.38678908348083498,-0.02528482675552368,-0.24577052891254426,0.8851773142814636,0.39504164457321169,-0.797738254070282,0.04680684208869934,-0.6011843681335449,-0.5506455302238464,-0.4628933072090149,0.6946361660957336],"EasingStyle":"Linear","EasingDirection":"In"},"Right Leg":{"Weight":1,"CFrame":[0.01248180866241455,-0.26196587085723879,0.06294262409210205,0.8162745833396912,0.09560772031545639,-0.5696971416473389,-0.3938215672969818,0.8136008977890015,-0.4277360737323761,0.4226112961769104,0.573509156703949,0.7017741799354553],"EasingStyle":"Linear","EasingDirection":"In"},"Torso":{"Weight":1,"CFrame":[-0.1332385241985321,0.08808417618274689,-0.2756624221801758,0.9657139182090759,-0.23717644810676576,0.10556519031524658,0.22569134831428529,0.9679567217826843,0.11010520160198212,-0.1282968968153,-0.08250497281551361,0.9882979393005371],"EasingStyle":"Linear","EasingDirection":"In"},"HumanoidRootPart":{"Weight":0,"CFrame":[0,0,0,1,0,0,0,1,0,0,0,1],"EasingStyle":"Linear","EasingDirection":"In"},"Head":{"Weight":1,"CFrame":[3.166496753692627e-8,-4.237517714500427e-8,-2.980232238769531e-7,0.9678605794906616,0.19293668866157533,-0.1613112986087799,-0.21315602958202363,0.9697350263595581,-0.1190733015537262,0.13345558941364289,0.1496308445930481,0.9796939492225647],"EasingStyle":"Linear","EasingDirection":"In"}}},{"Time":0.5808333158493042,"poses":{"Left Leg":{"Weight":1,"CFrame":[-0.043194808065891269,-0.20455992221832276,0.08005344867706299,0.6848915219306946,-0.5465268492698669,0.48190462589263918,0.6436710953712463,0.7637560367584229,-0.048623066395521167,-0.34148380160331728,0.3434895873069763,0.8748735189437866],"EasingStyle":"Linear","EasingDirection":"In"},"Right Arm":{"Weight":1,"CFrame":[-0.08491554111242295,-0.0067983269691467289,0.08122074604034424,-0.9448360204696655,-0.20072363317012788,-0.2588336169719696,0.3209379017353058,-0.7252361178398132,-0.6091235280036926,-0.06545007228851319,-0.6585913896560669,0.7496490478515625],"EasingStyle":"Linear","EasingDirection":"In"},"Left Arm":{"Weight":1,"CFrame":[0.5691832900047302,-0.3444424569606781,-0.016677260398864747,-0.25287315249443056,0.8735314607620239,0.4159301519393921,-0.850304365158081,0.004434328060597181,-0.5262725353240967,-0.4615599811077118,-0.48674753308296206,0.7416463494300842],"EasingStyle":"Linear","EasingDirection":"In"},"Right Leg":{"Weight":1,"CFrame":[-0.20543237030506135,-0.22500288486480714,-0.08123725652694702,0.9062007665634155,-0.08203040808439255,-0.4148145914077759,-0.127402201294899,0.8824487328529358,-0.45282769203186037,0.4031983017921448,0.4632010757923126,0.7892249226570129],"EasingStyle":"Linear","EasingDirection":"In"},"Torso":{"Weight":1,"CFrame":[-0.135094553232193,0.07640403509140015,-0.19437551498413087,0.9741908311843872,-0.20073024928569795,0.10324512422084809,0.19116684794425965,0.9769002199172974,0.09550502151250839,-0.12003092467784882,-0.07330306619405747,0.9900602102279663],"EasingStyle":"Linear","EasingDirection":"In"},"HumanoidRootPart":{"Weight":0,"CFrame":[0,0,0,1,0,0,0,1,0,0,0,1],"EasingStyle":"Linear","EasingDirection":"In"},"Head":{"Weight":1,"CFrame":[7.450580596923828e-9,-5.448237061500549e-8,1.1920928955078126e-7,0.9748513698577881,0.17534786462783814,-0.13754262030124665,-0.1915092021226883,0.9747719764709473,-0.114646777510643,0.11396961659193039,0.13810423016548158,0.9838384985923767],"EasingStyle":"Linear","EasingDirection":"In"}}},{"Time":0.6129166483879089,"poses":{"Left Leg":{"Weight":1,"CFrame":[0.26477086544036868,-0.07381916046142578,-0.08251553773880005,0.764171302318573,-0.3506202697753906,0.541394054889679,0.47176340222358706,0.8762138485908508,-0.09843054413795471,-0.4398652911186218,0.33062779903411868,0.8349873423576355],"EasingStyle":"Linear","EasingDirection":"In"},"Right Arm":{"Weight":1,"CFrame":[-0.15113453567028047,-0.10092762112617493,0.0034803152084350588,-0.9150617122650147,-0.32051485776901247,-0.24481087923049928,0.39834603667259219,-0.6232662796974182,-0.6729483008384705,0.0631074458360672,-0.7133086919784546,0.6980029940605164],"EasingStyle":"Linear","EasingDirect