{"Sequence":[{"Time":0,"poses":{"Left Leg":{"Weight":1,"CFrame":[-0.4079485535621643,0.07667231559753418,-0.22801542282104493,0.9531686305999756,0.19719037413597108,-0.22931574285030366,-0.21376216411590577,0.9756273627281189,-0.04956938698887825,0.21395206451416017,0.0962669625878334,0.9720891714096069],"EasingStyle":"Constant","EasingDirection":"In"},"Right Arm":{"Weight":1,"CFrame":[0.10643032193183899,0.22523611783981324,0.4256540536880493,-0.20413216948509217,-0.06515003740787506,-0.9767730236053467,0.07877453416585922,-0.9956405162811279,0.04994567111134529,-0.9757688045501709,-0.06674941629171372,0.20837444067001344],"EasingStyle":"Constant","EasingDirection":"In"},"Left Arm":{"Weight":1,"CFrame":[-0.1019037663936615,0.37468546628952029,0.4010937213897705,-0.27771618962287905,-0.010605900548398495,0.9606046676635742,0.024164414033293725,-0.9996998310089111,-0.0040513803251087669,0.9603592753410339,0.022087350487709047,0.2778890132904053],"EasingStyle":"Constant","EasingDirection":"In"},"Right Leg":{"Weight":1,"CFrame":[-0.37928617000579836,-0.04887509346008301,0.08652222156524658,0.8099079728126526,0.23928885161876679,-0.535527765750885,-0.32998940348625185,0.9406957030296326,-0.07873163372278214,0.4849291145801544,0.24048376083374024,0.8408397436141968],"EasingStyle":"Constant","EasingDirection":"In"},"Torso":{"Weight":1,"CFrame":[-0.013198349624872208,-0.03180751949548721,-0.11745381355285645,0.9236407279968262,0.3829042315483093,-0.0164980199187994,-0.38325950503349306,0.9227845668792725,-0.03975937142968178,8.894108560753011e-8,0.04304639622569084,0.9990730881690979],"EasingStyle":"Constant","EasingDirection":"In"},"HumanoidRootPart":{"Weight":0,"CFrame":[0,0,0,1,0,0,0,1,0,0,0,1],"EasingStyle":"Linear","EasingDirection":"In"},"Head":{"Weight":1,"CFrame":[8.660424555273494e-8,2.7939677238464357e-9,-5.960464477539063e-7,0.9918628334999085,0.11686859279870987,-0.05049632862210274,-0.12476534396409989,0.971222460269928,-0.202880859375,0.02533276006579399,0.2075302004814148,0.9779006242752075],"EasingStyle":"Constant","EasingDirection":"In"}}},{"Time":0.0416666679084301,"poses":{"Left Leg":{"Weight":1,"CFrame":[-0.4079485535621643,0.07667231559753418,-0.22801542282104493,0.9531686305999756,0.19719037413597108,-0.22931574285030366,-0.21376216411590577,0.9756273627281189,-0.04956938698887825,0.21395206451416017,0.0962669625878334,0.9720891714096069],"EasingStyle":"Constant","EasingDirection":"In"},"Right Arm":{"Weight":1,"CFrame":[0.10643032193183899,0.22523611783981324,0.4256540536880493,-0.20413216948509217,-0.06515003740787506,-0.9767730236053467,0.07877453416585922,-0.9956405162811279,0.04994567111134529,-0.9757688045501709,-0.06674941629171372,0.20837444067001344],"EasingStyle":"Constant","EasingDirection":"In"},"Left Arm":{"Weight":1,"CFrame":[-0.1019037663936615,0.37468546628952029,0.4010937213897705,-0.27771618962287905,-0.010605900548398495,0.9606046676635742,0.024164414033293725,-0.9996998310089111,-0.0040513803251087669,0.9603592753410339,0.022087350487709047,0.2778890132904053],"EasingStyle":"Constant","EasingDirection":"In"},"Right Leg":{"Weight":1,"CFrame":[-0.37928617000579836,-0.04887509346008301,0.08652222156524658,0.8099079728126526,0.23928885161876679,-0.535527765750885,-0.32998940348625185,0.9406957030296326,-0.07873163372278214,0.4849291145801544,0.24048376083374024,0.8408397436141968],"EasingStyle":"Constant","EasingDirection":"In"},"Torso":{"Weight":1,"CFrame":[-0.013198349624872208,-0.03180751949548721,-0.11745381355285645,0.9236407279968262,0.3829042315483093,-0.0164980199187994,-0.38325950503349306,0.9227845668792725,-0.03975937142968178,8.894108560753011e-8,0.04304639622569084,0.9990730881690979],"EasingStyle":"Constant","EasingDirection":"In"},"HumanoidRootPart":{"Weight":0,"CFrame":[0,0,0,1,0,0,0,1,0,0,0,1],"EasingStyle":"Linear","EasingDirection":"In"},"Head":{"Weight":1,"CFrame":[8.660424555273494e-8,2.7939677238464357e-9,-5.960464477539063e-7,0.9918628334999085,0.11686859279870987,-0.05049632862210274,-0.12476534396409989,0.971222460269928,-0.202880859375,0.02533276006579399,0.2075302004814148,0.9779006242752075],"EasingStyle":"Constant","EasingDirection":"In"}}},{"Time":0.0833333358168602,"poses":{"Left Leg":{"Weight":1,"CFrame":[-0.4866924285888672,0.12854433059692384,-0.2453567385673523,0.9640606045722961,0.14058798551559449,-0.22543764114379884,-0.15152062475681306,0.9879405498504639,-0.03186028078198433,0.2182399183511734,0.06487371027469635,0.9737365245819092],"EasingStyle":"Constant","EasingDirection":"In"},"Right Arm":{"Weight":1,"CFrame":[0.1439007967710495,0.15091204643249513,0.4383183717727661,-0.20562684535980225,-0.10626521706581116,-0.9728439450263977,0.11611442267894745,-0.9897143244743347,0.08356532454490662,-0.9717176556587219,-0.09577801078557968,0.21585075557231904],"EasingStyle":"Constant","EasingDirection":"In"},"Left Arm":{"Weight":1,"CFrame":[-0.1313125491142273,0.38466310501098635,0.38268542289733889,-0.273647665977478,0.030516212806105615,0.9613457918167114,0.0414324551820755,-0.9981948137283325,0.04347983002662659,0.9609372615814209,0.051729097962379459,0.2718893587589264],"EasingStyle":"Constant","EasingDirection":"In"},"Right Leg":{"Weight":1,"CFrame":[-0.3448159396648407,-0.06218135356903076,0.10558557510375977,0.8027875423431397,0.2679179906845093,-0.5326839089393616,-0.37044304609298708,0.9241397380828857,-0.09347642213106156,0.46723029017448428,0.27237066626548769,0.8411361575126648],"EasingStyle":"Constant","EasingDirection":"In"},"Torso":{"Weight":1,"CFrame":[-0.05133407562971115,-0.03180751949548721,-0.1404716968536377,0.9236407279968262,0.3829042315483093,-0.0164980199187994,-0.38325950503349306,0.9227845668792725,-0.03975937142968178,8.894108560753011e-8,0.04304639622569084,0.9990730881690979],"EasingStyle":"Constant","EasingDirection":"In"},"HumanoidRootPart":{"Weight":0,"CFrame":[0,0,0,1,0,0,0,1,0,0,0,1],"EasingStyle":"Linear","EasingDirection":"In"},"Head":{"Weight":1,"CFrame":[9.392377364747517e-8,7.450580596923828e-9,-1.1920928955078126e-7,0.9918628334999085,0.11686859279870987,-0.05049632862210274,-0.12476534396409989,0.971222460269928,-0.202880859375,0.02533276006579399,0.2075302004814148,0.9779006242752075],"EasingStyle":"Constant","EasingDirection":"In"}}},{"Time":0.125,"poses":{"Left Leg":{"Weight":1,"CFrame":[-0.4866924285888672,0.12854433059692384,-0.2453567385673523,0.9640606045722961,0.14058798551559449,-0.22543764114379884,-0.15152062475681306,0.9879405498504639,-0.03186028078198433,0.2182399183511734,0.06487371027469635,0.9737365245819092],"EasingStyle":"Constant","EasingDirection":"In"},"Right Arm":{"Weight":1,"CFrame":[0.1439007967710495,0.15091204643249513,0.4383183717727661,-0.20562684535980225,-0.10626521706581116,-0.9728439450263977,0.11611442267894745,-0.9897143244743347,0.08356532454490662,-0.9717176556587219,-0.09577801078557968,0.21585075557231904],"EasingStyle":"Constant","EasingDirection":"In"},"Left Arm":{"Weight":1,"CFrame":[-0.1313125491142273,0.38466310501098635,0.38268542289733889,-0.273647665977478,0.030516212806105615,0.9613457918167114,0.0414324551820755,-0.9981948137283325,0.04347983002662659,0.9609372615814209,0.051729097962379459,0.2718893587589264],"EasingStyle":"Constant","EasingDirection":"In"},"Right Leg":{"Weight":1,"CFrame":[-0.3448159396648407,-0.06218135356903076,0.10558557510375977,0.8027875423431397,0.2679179906845093,-0.5326839089393616,-0.37044304609298708,0.9241397380828857,-0.09347642213106156,0.46723029017448428,0.27237066626548769,0.8411361575126648],"EasingStyle":"Constant","EasingDirection":"In"},"Torso":{"Weight":1,"CFrame":[-0.05133407562971115,-0.03180751949548721,-0.1404716968536377,0.9236407279968262,0.3829042315483093,-0.0164980199187994,-0.38325950503349306,0.9227845668792725,-0.03975937142968178,8.894108560753011e-8,0.04304639622569084,0.9990730881690979],"EasingStyle":"Constant","EasingDirection":"In"},"HumanoidRootPart":{"Weight":0,"CFrame":[0,0,0,1,0,0,0,1,0,0,0,1],"EasingStyle":"Linear","EasingDirection":"In"},"Head":{"Weight":1,"CFrame":[9.392377364747517e-8,7.450580596923828e-9,-1.1920928955078126e-7,0.9918628334999085,0.11686859279870987,-0.05049632862210274,-0.12476534396409989,0.971222460269928,-0.202880859375,0.02533276006579399,0.2075302004814148,0.9779006242752075],"EasingStyle":"Constant","EasingDirection":"In"}}},{"Time":0.1666666716337204,"poses":{"Left Leg":{"Weight":1,"CFrame":[-1.0368034839630128,-0.10227596759796143,-0.486158549785614,0.5351150631904602,-0.6543675661087036,-0.5342797040939331,0.8446948528289795,0.42339473962783816,0.327455997467041,0.011934622190892697,-0.626530110836029,0.7793059349060059],"EasingStyle":"Constant","EasingDirection":"In"},"Right Arm":{"Weight":1,"CFrame":[-0.0010236392263323069,-0.807809591293335,-0.003886997699737549,-0.35569170117378237,-0.9190624356269836,0.169728621840477,0.8465430736541748,-0.23986481130123139,0.47521549463272097,-0.39604073762893679,0.3127126395702362,0.8633438348770142],"EasingStyle":"Constant","EasingDirection":"In"},"Left Arm":{"Weight":1,"CFrame":[0.0010236313100904227,-0.8078098893165588,-0.0038872361183166506,-0.41859617829322817,0.8997762203216553,-0.12320683151483536,-0.816254734992981,-0.3132780194282532,0.4853712320327759,0.39812740683555605,0.3037426173686981,0.865583598613739],"EasingStyle":"Constant","EasingDirection":"In"},"Right Leg":{"Weight":1,"CFrame":[-0.4346717298030853,0.07770001888275147,0.1382579803466797,0.7267616391181946,0.10370360314846039,-0.6790162324905396,-0.16737544536590577,0.9854773283004761,-0.02863623946905136,0.6661854386329651,0.13446225225925446,0.7335644960403442],"EasingStyle":"Constant","EasingDirection":"In"},"Torso":{"Weight":1,"CFrame":[0.5310705900192261,0.3508288860321045,-0.1196439266204834,0.9985643625259399,0.05334331840276718,0.004872392397373915,-0.053348835557699206,0.9985754489898682,0.001008720020763576,-0.004811642225831747,-0.001267208019271493,0.9999877214431763],"EasingStyle":"Constant","EasingDirection":"In"},"HumanoidRootPart":{"Weight":0,"CFrame":[0,0,0,1,0,0,0,1,0,0,0,1],"EasingStyle":"Linear","EasingDirection":"In"},"Head":{"Weight":1,"CFrame":[6.51925802230835e-8,-5.681067705154419e-8,1.1920928955078126e-7,0.997146487236023,-0.001815823488868773,0.07546959072351456,0.024324826896190645,0.9541194438934326,-0.29843658208847048,-0.07146510481834412,0.29942086338996889,0.9514409899711609],"EasingStyle":"Constant","EasingDirection":"In"}}},{"Time":0.2083333283662796,"poses":{"Left Leg":{"Weight":1,"CFrame":[-1.0368034839630128,-0.10227596759796143,-0.486158549785614,0.5351150631904602,-0.6543675661087036,-0.5342797040939331,0.8446948528289795,0.42339473962783816,0.327455997467041,0.011934622190892697,-0.626530110836029,0.7793059349060059],"EasingStyle":"Constant","EasingDirection":"In"},"Right Arm":{"Weight":1,"CFrame":[-0.0010236392263323069,-0.807809591293335,-0.003886997699737549,-0.35569170117378237,-0.9190624356269836,0.169728621840477,0.8465430736541748,-0.23986481130123139,0.47521549463272097,-0.39604073762893679,0.3127126395702362,0.8633438348770142],"EasingStyle":"Constant","EasingDirection":"In"},"Left Arm":{"Weight":1,"CFrame":[0.0010236313100904227,-0.8078098893165588,-0.0038872361183166506,-0.41859617829322817,0.8997762203216553,-0.12320683151483536,-0.816254734992981,-0.3132780194282532,0.4853712320327759,0.39812740683555605,0.3037426173686981,0.865583598613739],"EasingStyle":"Constant","EasingDirection":"In"},"Right Leg":{"Weight":1,"CFrame":[-0.4346717298030853,0.07770001888275147,0.1382579803466797,0.7267616391181946,0.10370360314846039,-0.6790162324905396,-0.16737544536590577,0.9854773283004761,-0.02863623946905136,0.6661854386329651,0.13446225225925446,0.7335644960403442],"EasingStyle":"Constant","EasingDirection":"In"},"Torso":{"Weight":1,"CFrame":[0.5310705900192261,0.3508288860321045,-0.1196439266204834,0.9985643625259399,0.05334331840276718,0.004872392397373915,-0.053348835557699206,0.9985754489898682,0.001008720020763576,-0.004811642225831747,-0.001267208019271493,0.9999877214431763],"EasingStyle":"Constant","EasingDirection":"In"},"HumanoidRootPart":{"Weight":0,"CFrame":[0,0,0,1,0,0,0,1,0,0,0,1],"EasingStyle":"Linear","EasingDirection":"In"},"Head":{"Weight":1,"CFrame":[6.51925802230835e-8,-5.681067705154419e-8,1.1920928955078126e-7,0.997146487236023,-0.001815823488868773,0.07546959072351456,0.024324826896190645,0.9541194438934326,-0.29843658208847048,-0.07146510481834412,0.29942086338996889,0.9514409899711609],"EasingStyle":"Constant","EasingDirection":"In"}}},{"Time":0.25,"poses":{"Left Leg":{"Weight":1,"CFrame":[-0.9103279709815979,-0.27595221996307375,-0.430961549282074,0.3988024890422821,-0.6927251815795898,-0.600906252861023,0.916431725025177,0.324855774641037,0.23371271789073945,0.0333092026412487,-0.6438948512077332,0.7643887400627136],"EasingStyle":"Constant","EasingDirection":"In"},"Right Arm":{"Weight":1,"CFrame":[-0.0010236762464046479,-0.8078098297119141,-0.0038869380950927736,-0.3081246614456177,-0.9457820653915405,0.10274004191160202,0.8440214991569519,-0.22193551063537599,0.4882339537143707,-0.4389612674713135,0.237151637673378,0.8666441440582275],"EasingStyle":"Constant","EasingDirection":"In"},"Left Arm":{"Weight":1,"CFrame":[0.0010236464440822602,-0.8078098297119141,-0.003886997699737549,-0.5382422804832459,0.8328753709793091,-0.12889541685581208,-0.7527071833610535,-0.40625935792922976,0.5180590748786926,0.37911370396614077,0.3758617043495178,0.8455772399902344],"EasingStyle":"Constant","EasingDirection":"In"},"Right Leg":{"Weight":1,"CFrame":[-0.23571306467056275,0.016311287879943849,0.23099446296691895,0.7458435893058777,0.19156140089035035,-0.6379825472831726,-0.23520328104496003,0.9718005657196045,0.01682598702609539,0.6232149004936218,0.13750597834587098,0.7698671221733093],"EasingStyle":"Constant","EasingDirection":"In"},"Torso":{"Weight":1,"CFrame":[0.718251645565033,0.35662034153938296,-0.09095644950866699,0.991363525390625,0.11839384585618973,0.056402537971735,-0.11904124170541763,0.9928550720214844,0.008248072117567063,-0.05502302199602127,-0.014891065657138825,0.9983740448951721],"EasingStyle":"Constant","EasingDirection":"In"},"HumanoidRootPart":{"Weight":0,"CFrame":[0,0,0,1,0,0,0,1,0,0,0,1],"EasingStyle":"Linear","EasingDirection":"In"},"Head":{"Weight":1,"CFrame":[5.21540641784668e-8,-2.9802322387695315e-8,0,0.9928135871887207,0.09625740349292755,0.07110381126403809,-0.08806152641773224,0.9899589419364929,-0.11057386547327042,-0.08103340864181519,0.10351772606372833,0.9913212060928345],"EasingStyle":"Constant","EasingDirection":"In"}}},{"Time":0.2916666567325592,"poses":{"Left Leg":{"Weight":1,"CFrame":[-0.9103279709815979,-0.27595221996307375,-0.430961549282074,0.3988024890422821,-0.6927251815795898,-0.600906252861023,0.916431725025177,0.324855774641037,0.23371271789073945,0.0333092026412487,-0.6438948512077332,0.7643887400627136],"EasingStyle":"Constant","EasingDirection":"In"},"Right Arm":{"Weight":1,"CFrame":[-0.0010236762464046479,-0.8078098297119141,-0.0038869380950927736,-0.3081246614456177,-0.9457820653915405,0.10274004191160202,0.8440214991569519,-0.22193551063537599,0.4882339537143707,-0.4389612674713135,0.237151637673378,0.8666441440582275],"EasingStyle":"Constant","EasingDirection":"In"},"Left Arm":{"Weight":1,"CFrame":[0.0010236464440822602,-0.8078098297119141,-0.003886997699737549,-0.5382422804832459,0.8328753709793091,-0.12889541685581208,-0.7527071833610535,-0.40625935792922976,0.5180590748786926,0.37911370396614077,0.3758617043495178,0.8455772399902344],"EasingStyle":"Constant","EasingDirection":"In"},"Right Leg":{"Weight":1,"CFrame":[-0.23571306467056275,0.016311287879943849,0.23099446296691895,0.7458435893058777,0.19156140089035035,-0.6379825472831726,-0.23520328104496003,0.9718005657196045,0.01682598702609539,0.6232149004936218,0.13750597834587098,0.7698671221733093],"EasingStyle":"Constant","EasingDirection":"In"},"Torso":{"Weight":1,"CFrame":[0.718251645565033,0.35662034153938296,-0.09095644950866699,0.991363525390625,0.11839384585618973,0.056402537971735,-0.11904124170541763,0.9928550720214844,0.008248072117567063,-0.05502302199602127,-0.014891065657138825,0.9983740448951721],"EasingStyle":"Constant","EasingDirection":"In"},"HumanoidRootPart":{"Weight":0,"CFrame":[0,0,0,1,0,0,0,1,0,0,0,1],"EasingStyle":"Linear","EasingDirection":"In"},"Head":{"Weight":1,"CFrame":[5.21540641784668e-8,-2.9802322387695315e-8,0,0.9928135871887207,0.09625740349292755,0.07110381126403809,-0.08806152641773224,0.9899589419364929,-0.11057386547327042,-0.08103340864181519,0.10351772606372833,0.9913212060928345],"EasingStyle":"Constant","EasingDirection":"In"}}},{"Time":0.3333333432674408,"poses":{"Left Leg":{"Weight":1,"CFrame":[0.14076825976371766,0.3043287396430969,-0.1592879295349121,0.7600225210189819,-0.5052744746208191,0.40873414278030398,0.18334072828292848,0.7700721025466919,0.6110442280769348,-0.6234998106956482,-0.38946977257728579,0.6779095530509949],"EasingStyle":"Constant","EasingDirection":"In"},"Right Arm":{"Weight":1,"CFrame":[0.19140444695949555,-0.006988853216171265,0.37367916107177737,0.0321081317961216,-0.45354247093200686,-0.8906561136245728,0.9994832873344421,0.013201967813074589,0.029308615252375604,-0.0015343781560659409,-0.891136884689331,0.45373207330703738],"EasingStyle":"Constant","EasingDirection":"In"},"Left Arm":{"Weight":1,"CFrame":[-0.3612975478172302,-0.1833537220954895,-0.2370167374610901,0.0575718954205513,0.2716802656650543,-0.9606640338897705,-0.9942097067832947,0.10305704921483994,-0.03043721802532673,0.09073404967784882,0.9568538069725037,0.2760402262210846],"EasingStyle":"Constant","EasingDirection":"In"},"Right Leg":{"Weight":1,"CFrame":[0.174000546336174,0.23978668451309205,0.0654900074005127,0.9404928088188171,0.06115768849849701,-0.334264874458313,-0.04908589646220207,0.9978049397468567,0.04445139691233635,0.33624961972236636,-0.025398539379239084,0.9414303302764893],"EasingStyle":"Constant","EasingDirection":"In"},"Torso":{"Weight":1,"CFrame":[0.7766018509864807,0.5750480890274048,-0.25377702713012698,0.8891832232475281,0.4553709626197815,0.04461563006043434,-0.4559282064437866,0.8900126218795776,0.002640434307977557,-0.038506101816892627,-0.022689353674650193,0.9990007281303406],"EasingStyle":"Constant","EasingDirection":"In"},"HumanoidRootPart":{"Weight":0,"CFrame":[0,0,0,1,0,0,0,1,0,0,0,1],"EasingStyle":"Linear","EasingDirection":"In"},"Head":{"Weight":1,"CFrame":[5.960464477539063e-8,2.2351741790771486e-8,-1.1920928955078126e-7,0.8207122087478638,-0.5713409185409546,-0.0009888821514323354,0.5707088112831116,0.8198831677436829,-0.04564036801457405,0.02688698098063469,0.03689322620630264,0.9989575147628784],"EasingStyle":"Constant","EasingDirection":"In"}}},{"Time":0.375,"poses":{"Left Leg":{"Weight":1,"CFrame":[0.14076825976371766,0.3043287396430969,-0.1592879295349121,0.7600225210189819,-0.5052744746208191,0.40873414278030398,0.18334072828292848,0.7700721025466919,0.6110442280769348,-0.6234998106956482,-0.38946977257728579,0.6779095530509949],"EasingStyle":"Constant","EasingDirection":"In"},"Right Arm":{"Weight":1,"CFrame":[0.19140444695949555,-0.006988853216171265,0.37367916107177737,0.0321081317961216,-0.45354247093200686,-0.8906561136245728,0.9994832873344421,0.013201967813074589,0.029308615252375604,-0.0015343781560659409,-0.891136884689331,0.45373207330703738],"EasingStyle":"Constant","EasingDirection":"In"},"Left Arm":{"Weight":1,"CFrame":[-0.3612975478172302,-0.1833537220954895,-0.2370167374610901,0.0575718954205513,0.2716802656650543,-0.9606640338897705,-0.9942097067832947,0.10305704921483994,-0.03043721802532673,0.09073404967784882,0.9568538069725037,0.2760402262210846],"EasingStyle":"Constant","EasingDirection":"In"},"Right Leg":{"Weight":1,"CFrame":[0.174000546336174,0.23978668451309205,0.0654900074005127,0.9404928088188171,0.06115768849849701,-0.334264874458313,-0.04908589646220207,0.9978049397468567,0.04445139691233635,0.33624961972236636,-0.025398539379239084,0.9414303302764893],"EasingStyle":"Constant","EasingDirection":"In"},"Torso":{"Weight":1,"CFrame":[0.7766018509864807,0.5750480890274048,-0.25377702713012698,0.8891832232475281,0.4553709626197815,0.04461563006043434,-0.4559282064437866,0.8900126218795776,0.002640434307977557,-0.038506101816892627,-0.022689353674650193,0.9990007281303406],"EasingStyle":"Constant","EasingDirection":"In"},"HumanoidRootPart":{"Weight":0,"CFrame":[0,0,0,1,0,0,0,1,0,0,0,1],"EasingStyle":"Linear","EasingDirection":"In"},"Head":{"Weight":1,"CFrame":[5.960464477539063e-8,2.2351741790771486e-8,-1.1920928955078126e-7,0.8207122087478638,-0.5713409185409546,-0.0009888821514323354,0.5707088112831116,0.8198831677436829,-0.04564036801457405,0.02688698098063469,0.03689322620630264,0.9989575147628784],"EasingStyle":"Constant","EasingDirection":"In"}}},{"Time":0.4166666567325592,"poses":{"Left Leg":{"Weight":1,"CFrame":[0.11998375505208969,0.26388227939605715,-0.08393710851669312,0.5548434257507324,-0.6110579967498779,0.56458580493927,0.26067933440208437,0.7721428871154785,0.5795184373855591,-0.7900601625442505,-0.1743660867214203,0.587708592414856],"EasingStyle":"Constant","EasingDirection":"In"},"Right Arm":{"Weight":1,"CFrame":[0.19140450656414033,-0.006988555192947388,0.37367916107177737,-0.008726563304662705,-0.4109678566455841,-0.9116081595420837,0.9968529343605042,-0.07540731132030487,0.024452272802591325,-0.07879108190536499,-0.9085258841514587,0.4103325605392456],"EasingStyle":"Constant","EasingDirection":"In"},"Left Arm":{"Weight":1,"CFrame":[-0.3612975478172302,-0.18335354328155518,-0.2370166778564453,0.024581830948591234,0.2766234576702118,-0.9606640338897705,-0.9993939995765686,-0.016892066225409509,-0.030436910688877107,-0.02464710734784603,0.9608299136161804,0.2760404348373413],"EasingStyle":"Constant","EasingDirection":"In"},"Right Leg":{"Weight":1,"CFrame":[0.4493425190448761,0.42459148168563845,0.0846705436706543,0.9994810819625855,-0.021912744268774987,0.023608993738889695,0.020638227462768556,0.9983846545219421,0.052935682237148288,-0.024730702862143518,-0.052421003580093387,0.9983189105987549],"EasingStyle":"Constant","EasingDirection":"In"},"Torso":{"Weight":1,"CFrame":[0.7015953063964844,0.5514271259307861,-0.36501002311706545,0.7927825450897217,0.607520341873169,-0.04914254695177078,-0.6090847849845886,0.7926493883132935,-0.02688577212393284,0.022619148716330529,0.05124654620885849,0.9984299540519714],"EasingStyle":"Constant","EasingDirection":"In"},"HumanoidRootPart":{"Weight":0,"CFrame":[0,0,0,1,0,0,0,1,0,0,0,1],"EasingStyle":"Linear","EasingDirection":"In"},"Head":{"Weight":1,"CFrame":[1.2665987014770509e-7,-1.4901161193847657e-8,-1.7881393432617188e-7,0.7059880495071411,-0.7064328789710999,0.05033298209309578,0.7076464295387268,0.7064979672431946,-0.009864033199846745,-0.02859187312424183,0.042581841349601749,0.9986838102340698],"EasingStyle":"Constant","EasingDirection":"In"}}},{"Time":0.4583333432674408,"poses":{"Left Leg":{"Weight":1,"CFrame":[0.11998375505208969,0.26388227939605715,-0.08393710851669312,0.5548434257507324,-0.6110579967498779,0.56458580493927,0.26067933440208437,0.7721428871154785,0.5795184373855591,-0.7900601625442505,-0.1743660867214203,0.587708592414856],"EasingStyle":"Constant","EasingDirection":"In"},"Right Arm":{"Weight":1,"CFrame":[0.19140450656414033,-0.006988555192947388,0.37367916107177737,-0.008726563304662705,-0.4109678566455841,-0.9116081595420837,0.9968529343605042,-0.07540731132030487,0.024452272802591325,-0.07879108190536499,-0.9085258841514587,0.4103325605392456],"EasingStyle":"Constant","EasingDirection":"In"},"Left Arm":{"Weight":1,"CFrame":[-0.3612975478172302,-0.18335354328155518,-0.2370166778564453,0.024581830948591234,0.2766234576702118,-0.9606640338897705,-0.9993939995765686,-0.016892066225409509,-0.030436910688877107,-0.02464710734784603,0.9608299136161804,0.2760404348373413],"EasingStyle":"Constant","EasingDirection":"In"},"Right Leg":{"Weight":1,"CFrame":[0.4493425190448761,0.42459148168563845,0.0846705436706543,0.9994810819625855,-0.021912744268774987,0.023608993738889695,0.020638227462768556,0.9983846545219421,0.052935682237148288,-0.024730702862143518,-0.052421003580093387,0.9983189105987549],"EasingStyle":"Constant","EasingDirection":"In"},"Torso":{"Weight":1,"CFrame":[0.7015953063964844,0.5514271259307861,-0.36501002311706545,0.7927825450897217,0.607520341873169,-0.04914254695177078,-0.6090847849845886,0.7926493883132935,-0.02688577212393284,0.022619148716330529,0.05124654620885849,0.9984299540519714],"EasingStyle":"Constant","EasingDirection":"In"},"HumanoidRootPart":{"Weight":0,"CFrame":[0,0,0,1,0,0,0,1,0,0,0,1],"EasingStyle":"Linear","EasingDirection":"In"},"Head":{"Weight":1,"CFrame":[1.2665987014770509e-7,-1.4901161193847657e-8,-1.7881393432617188e-7,0.7059880495071411,-0.7064328789710999,0.05033298209309578,0.7076464295387268,0.7064979672431946,-0.009864033199846745,-0.02859187312424183,0.042581841349601749,0.9986838102340698],"EasingStyle":"Constant","EasingDirection":"In"}}},{"Time":0.5,"poses":{"Left Leg":{"Weight":1,"CFrame":[-0.7181462049484253,0.132307767868042,0.22731077671051026,0.38178762793540957,-0.8964049816131592,0.22515882551670075,0.6886458396911621,0.4383763074874878,0.5775750875473023,-0.6164455413818359,-0.0654563382267952,0.7846722602844238],"EasingStyle":"Constant","EasingDirection":"In"},"Right Arm":{"Weight":1,"CFrame":[0.011606745421886444,-0.33707988262176516,-0.0006902813911437988,-0.4516792297363281,-0.7767393589019775,0.4389326870441437,0.8453432321548462,-0.21528267860412599,0.4889255166053772,-0.2852730453014374,0.5918861627578735,0.7538500428199768],"EasingStyle":"Constant","EasingDirection":"In"},"Left Arm":{"Weight":1,"CFrame":[-0.02405695617198944,-0.6986572742462158,-0.000597536563873291,-0.32801783084869387,0.8617026805877686,-0.38713425397872927,-0.9445071816444397,-0.29151278734207156,0.1514151245355606,0.01762024126946926,0.4153178036212921,0.9095057845115662],"EasingStyle":"Constant","EasingDirection":"In"},"Right Leg":{"Weight":1,"CFrame":[0.246757373213768,0.1375676393508911,0.09437334537506104,0.9671832919120789,0.1610366851091385,-0.19652926921844483,-0.16540074348449708,0.9862089157104492,-0.005886945873498917,0.1928708702325821,0.03819984197616577,0.9804803133010864],"EasingStyle":"Constant","EasingDirection":"In"},"Torso":{"Weight":1,"CFrame":[0.635866641998291,0.5458671450614929,-0.1901860237121582,0.9861918091773987,0.1608016937971115,0.03960521146655083,-0.159511998295784,0.9866160750389099,-0.03383585065603256,-0.04451599344611168,0.027051137760281564,0.9986423850059509],"EasingStyle":"Constant","EasingDirection":"In"},"HumanoidRootPart":{"Weight":0,"CFrame":[0,0,0,1,0,0,0,1,0,0,0,1],"EasingStyle":"Linear","EasingDirection":"In"},"Head":{"Weight":1,"CFrame":[1.564621925354004e-7,-3.725290298461914e-8,1.1920928955078126e-7,0.9967103004455566,-0.08077580481767655,0.00663088308647275,0.08075349032878876,0.996727705001831,0.0035676141269505026,-0.0068973638117313389,-0.0030204171780496837,0.9999717473983765],"EasingStyle":"Constant","EasingDirection":"In"}}},{"Time":0.5416666865348816,"poses":{"Left Leg":{"Weight":1,"CFrame":[-0.7181462049484253,0.132307767868042,0.22731077671051026,0.38178762793540957,-0.8964049816131592,0.22515882551670075,0.6886458396911621,0.4383763074874878,0.5775750875473023,-0.6164455413818359,-0.0654563382267952,0.7846722602844238],"EasingStyle":"Constant","EasingDirection":"In"},"Right Arm":{"Weight":1,"CFrame":[0.011606745421886444,-0.33707988262176516,-0.0006902813911437988,-0.4516792297363281,-0.7767393589019775,0.4389326870441437,0.8453432321548462,-0.21528267860412599,0.4889255166053772,-0.2852730453014374,0.5918861627578735,0.7538500428199768],"EasingStyle":"Constant","EasingDirection":"In"},"Left Arm":{"Weight":1,"CFrame":[-0.02405695617198944,-0.6986572742462158,-0.000597536563873291,-0.32801783084869387,0.8617026805877686,-0.38713425397872927,-0.9445071816444397,-0.29151278734207156,0.1514151245355606,0.01762024126946926,0.4153178036212921,0.9095057845115662],"EasingStyle":"Constant","EasingDirection":"In"},"Right Leg":{"Weight":1,"CFrame":[0.246757373213768,0.1375676393508911,0.09437334537506104,0.9671832919120789,0.1610366851091385,-0.19652926921844483,-0.16540074348449708,0.9862089157104492,-0.005886945873498917,0.1928708702325821,0.03819984197616577,0.9804803133010864],"EasingStyle":"Constant","EasingDirection":"In"},"Torso":{"Weight":1,"CFrame":[0.635866641998291,0.5458671450614929,-0.1901860237121582,0.9861918091773987,0.1608016937971115,0.03960521146655083,-0.159511998295784,0.9866160750389099,-0.03383585065603256,-0.04451599344611168,0.027051137760281564,0.9986423850059509],"EasingStyle":"Constant","EasingDirection":"In"},"HumanoidRootPart":{"Weight":0,"CFrame":[0,0,0,1,0,0,0,1,0,0,0,1],"EasingStyle":"Linear","EasingDirection":"In"},"Head":{"Weight":1,"CFrame":[1.564621925354004e-7,-3.725290298461914e-8,1.1920928955078126e-7,0.9967103004455566,-0.08077580481767655,0.00663088308647275,0.08075349032878876,0.996727705001831,0.0035676141269505026,-0.0068973638117313389,-0.0030204171780496837,0.9999717473983765],"EasingStyle":"Constant","EasingDirection":"In"}}},{"Time":0.5833333134651184,"poses":{"Left Leg":{"Weight":1,"CFrame":[-0.7588558793067932,-0.0826711654663086,0.2748713493347168,0.3448161780834198,-0.8992010354995728,0.26933103799819949,0.8606940507888794,0.41737642884254458,0.2915525734424591,-0.37457677721977236,0.1312795877456665,0.9178551435470581],"EasingStyle":"Constant","EasingDirection":"In"},"Right Arm":{"Weight":1,"CFrame":[0.011606767773628235,-0.3370799422264099,-0.000690162181854248,-0.45710086822509768,-0.7872931957244873,0.41379737854003909,0.8328575491905212,-0.21562975645065309,0.5097569227218628,-0.3121011555194855,0.5776445865631104,0.7542676329612732],"EasingStyle":"Constant","EasingDirection":"In"},"Left Arm":{"Weight":1,"CFrame":[-0.02405698597431183,-0.6986572742462158,-0.0005978941917419434,-0.42154449224472048,0.8405545949935913,-0.3402475118637085,-0.9014260768890381,-0.34760865569114687,0.25806862115859988,0.09864775836467743,0.4154951572418213,0.9042301774024963],"EasingStyle":"Constant","EasingDirection":"In"},"Right Leg":{"Weight":1,"CFrame":[0.26062431931495669,0.14603322744369508,0.11115527153015137,0.9591852426528931,0.17739170789718629,-0.2202180027961731,-0.1850573867559433,0.9826206564903259,-0.014510687440633774,0.21381673216819764,0.054671335965394977,0.9753427505493164],"EasingStyle":"Constant","EasingDirection":"In"},"Torso":{"Weight":1,"CFrame":[0.5450597405433655,0.5458671450614929,-0.18957877159118653,0.9871166944503784,0.1598399430513382,0.007202287204563618,-0.1595119833946228,0.9866159558296204,-0.033835846930742267,-0.012514210306107998,0.03225107863545418,0.9994014501571655],"EasingStyle":"Constant","EasingDirection":"In"},"HumanoidRootPart":{"Weight":0,"CFrame":[0,0,0,1,0,0,0,1,0,0,0,1],"EasingStyle":"Linear","EasingDirection":"In"},"Head":{"Weight":1,"CFrame":[7.450580596923828e-9,-7.450580596923828e-9,-5.960464477539063e-8,0.9951699376106262,-0.09713587164878845,-0.01419737283140421,0.09812864661216736,0.9884039163589478,0.11588217318058014,0.0027764232363551857,-0.11671562492847443,0.9931615591049194],"EasingStyle":"Constant","EasingDirection":"In"}}},{"Time":0.625,"poses":{"Left Leg":{"Weight":1,"CFrame":[-0.7588558793067932,-0.0826711654663086,0.2748713493347168,0.3448161780834198,-0.8992010354995728,0.26933103799819949,0.8606940507888794,0.41737642884254458,0.2915525734424591,-0.37457677721977236,0.1312795877456665,0.9178551435470581],"EasingStyle":"Constant","EasingDirection":"In"},"Right Arm":{"Weight":1,"CFrame":[0.011606767773628235,-0.3370799422264099,-0.000690162181854248,-0.45710086822509768,-0.7872931957244873,0.41379737854003909,0.8328575491905212,-0.21562975645065309,0.5097569227218628,-0.3121011555194855,0.5776445865631104,0.7542676329612732],"EasingStyle":"Constant","EasingDirection":"In"},"Left Arm":{"Weight":1,"CFrame":[-0.02405698597431183,-0.6986572742462158,-0.0005978941917419434,-0.42154449224472048,0.8405545949935913,-0.3402475118637085,-0.9014260768890381,-0.34760865569114687,0.25806862115859988,0.09864775836467743,0.4154951572418213,0.9042301774024963],"EasingStyle":"Constant","EasingDirection":"In"},"Right Leg":{"Weight":1,"CFrame":[0.26062431931495669,0.14603322744369508,0.11115527153015137,0.9591852426528931,0.17739170789718629,-0.2202180027961731,-0.1850573867559433,0.9826206564903259,-0.014510687440633774,0.21381673216819764,0.054671335965394977,0.9753427505493164],"EasingStyle":"Constant","EasingDirection":"In"},"Torso":{"Weight":1,"CFrame":[0.5450597405433655,0.5458671450614929,-0.18957877159118653,0.9871166944503784,0.1598399430513382,0.007202287204563618,-0.1595119833946228,0.9866159558296204,-0.033835846930742267,-0.012514210306107998,0.03225107863545418,0.9994014501571655],"EasingStyle":"Constant","EasingDirection":"In"},"HumanoidRootPart":{"Weight":0,"CFrame":[0,0,0,1,0,0,0,1,0,0,0,1],"EasingStyle":"Linear","EasingDirection":"In"},"Head":{"Weight":1,"CFrame":[7.450580596923828e-9,-7.450580596923828e-9,-5.960464477539063e-8,0.9951699376106262,-0.09713587164878845,-0.01419737283140421,0.09812864661216736,0.9884039163589478,0.11588217318058014,0.0027764232363551857,-0.11671562492847443,0.9931615591049194],"EasingStyle":"Constant","EasingDirection":"In"}}},{"Time":0.6666666865348816,"poses":{"Left Leg":{"Weight":1,"CFrame":[0.5790236592292786,-0.17510461807250977,-0.0020563602447509767,0.4414265751838684,-0.39619743824005129,0.8050901889801025,0.6890363097190857,0.7244138121604919,-0.021299604326486589,-0.5747795701026917,0.5641385912895203,0.592769980430603],"EasingStyle":"Constant","EasingDirection":"In"},"Right Arm":{"Weight":1,"CFrame":[0.29742157459259035,-0.3589590787887573,0.16961264610290528,0.13400718569755555,-0.5767041444778442,0.8058873414993286,0.8481160402297974,0.4873811900615692,0.2077474296092987,-0.5125830173492432,0.6556462645530701,0.5544245839118958],"EasingStyle":"Constant","EasingDirection":"In"},"Left Arm":{"Weight":1,"CFrame":[-0.14309611916542054,-0.1027420163154602,0.22810077667236329,-0.8221572041511536,0.4902559518814087,-0.2893208861351013,-0.563588559627533,-0.772566556930542,0.2924193739891052,-0.0801592543721199,0.4034724533557892,0.9114737510681152],"EasingStyle":"Constant","EasingDirection":"In"},"Right Leg":{"Weight":1,"CFrame":[0.5938289761543274,0.28067171573638918,-0.12701231241226197,0.9639438986778259,0.11520866304636002,0.23987311124801637,-0.1319701224565506,0.9897282123565674,0.05497262626886368,-0.23107589781284333,-0.08464660495519638,0.9692465662956238],"EasingStyle":"Constant","EasingDirection":"In"},"Torso":{"Weight":1,"CFrame":[0.18048565089702607,1.133496642112732,-0.25235819816589358,0.8640775084495544,-0.5002079606056213,-0.05623244121670723,0.5005438327789307,0.8656648397445679,-0.008959196507930756,0.05315990746021271,-0.020405355840921403,0.9983775019645691],"EasingStyle":"Constant","EasingDirection":"In"},"HumanoidRootPart":{"Weight":0,"CFrame":[0,0,0,1,0,0,0,1,0,0,0,1],"EasingStyle":"Linear","EasingDirection":"In"},"Head":{"Weight":1,"CFrame":[0,-2.5704503059387209e-7,1.1920928955078126e-7,0.9911952614784241,-0.1305447369813919,0.02213655784726143,0.13165168464183808,0.9538130760192871,-0.2700158953666687,0.014135018922388554,0.2705528140068054,0.9626014232635498],"EasingStyle":"Constant","EasingDirection":"In"}}},{"Time":0.7083333134651184,"poses":{"Left Leg":{"Weight":1,"CFrame":[0.5790236592292786,-0.17510461807250977,-0.0020563602447509767,0.4414265751838684,-0.39619743824005129,0.8050901889801025,0.6890363097190857,0.7244138121604919,-0.021299604326486589,-0.5747795701026917,0.5641385912895203,0.592769980430603],"EasingStyle":"Constant","EasingDirection":"In"},"Right Arm":{"Weight":1,"CFrame":[0.29742157459259035,-0.3589590787887573,0.16961264610290528,0.13400718569755555,-0.5767041444778442,0.8058873414993286,0.8481160402297974,0.4873811900615692,0.2077474296092987,-0.5125830173492432,0.6556462645530701,0.5544245839118958],"EasingStyle":"Constant","EasingDirection":"In"},"Left Arm":{"Weight":1,"CFrame":[-0.14309611916542054,-0.1027420163154602,0.22810077667236329,-0.8221572041511536,0.4902559518814087,-0.2893208861351013,-0.563588559627533,-0.772566556930542,0.2924193739891052,-0.0801592543721199,0.4034724533557892,0.9114737510681152],"EasingStyle":"Constant","EasingDirection":"In"},"Right Leg":{"Weight":1,"CFrame":[0.5938289761543274,0.28067171573638918,-0.12701231241226197,0.9639438986778259,0.11520866304636002,0.23987311124801637,-0.1319701224565506,0.9897282123565674,0.05497262626886368,-0.23107589781284333,-0.08464660495519638,0.9692465662956238],"EasingStyle":"Constant","EasingDirection":"In"},"Torso":{"Weight":1,"CFrame":[0.18048565089702607,1.133496642112732,-0.25235819816589358,0.8640775084495544,-0.5002079606056213,-0.05623244121670723,0.5005438327789307,0.8656648397445679,-0.008959196507930756,0.05315990746021271,-0.020405355840921403,0.9983775019645691],"EasingStyle":"Constant","EasingDirection":"In"},"HumanoidRootPart":{"Weight":0,"CFrame":[0,0,0,1,0,0,0,1,0,0,0,1],"EasingStyle":"Linear","EasingDirection":"In"},"Head":{"Weight":1,"CFrame":[0,-2.5704503059387209e-7,1.1920928955078126e-7,0.9911952614784241,-0.1305447369813919,0.02213655784726143,0.13165168464183808,0.9538130760192871,-0.2700158953666687,0.014135018922388554,0.2705528140068054,0.9626014232635498],"EasingStyle":"Constant","EasingDirection":"In"}}},{"Time":0.75,"poses":{"Left Leg":{"Weight":1,"CFrame":[0.6196302175521851,-0.14048349857330323,-0.06654542684555054,0.3217865824699402,-0.3361690938472748,0.885123610496521,0.656134843826294,0.7531468868255615,0.0475066676735878,-0.6825984120368958,0.5654734373092651,0.4629248082637787],"EasingStyle":"Constant","EasingDirection":"In"},"Right Arm":{"Weight":1,"CFrame":[0.2974213659763336,-0.3589591383934021,0.16961252689361573,0.10072100162506104,-0.5834386944770813,0.8058874607086182,0.8746650815010071,0.43795228004455569,0.20774754881858827,-0.4741481840610504,0.6839569211006165,0.5544244050979614],"EasingStyle":"Constant","EasingDirection":"In"},"Left Arm":{"Weight":1,"CFrame":[-0.14309591054916383,-0.10274195671081543,0.22810065746307374,-0.8221571445465088,0.5316624641418457,-0.20345185697078706,-0.5635886192321777,-0.8105313181877136,0.15939587354660035,-0.0801592543721199,0.2457115203142166,0.9660230278968811],"EasingStyle":"Constant","EasingDirection":"In"},"Right Leg":{"Weight":1,"CFrame":[1.1118773221969605,0.5023705363273621,-0.46896737813949587,0.8711349368095398,0.30187273025512698,0.38729435205459597,-0.3495219051837921,0.9351769685745239,0.05725931376218796,-0.3449036777019501,-0.185248464345932,0.9201763272285461],"EasingStyle":"Constant","EasingDirection":"In"},"Torso":{"Weight":1,"CFrame":[-0.020416617393493654,1.123018503189087,-0.40461182594299319,0.9241359233856201,-0.38118547201156618,-0.02589232102036476,0.38069236278533938,0.9244386553764343,-0.0220568235963583,0.03234359994530678,0.010526495054364205,0.9994213581085205],"EasingStyle":"Constant","EasingDirection":"In"},"HumanoidRootPart":{"Weight":0,"CFrame":[0,0,0,1,0,0,0,1,0,0,0,1],"EasingStyle":"Linear","EasingDirection":"In"},"Head":{"Weight":1,"CFrame":[1.1175870895385742e-7,9.313225746154785e-9,-2.980232238769531e-7,0.9911953210830689,-0.1305447518825531,0.022136574611067773,0.1316516399383545,0.9538130760192871,-0.2700158953666687,0.014135006815195084,0.2705528140068054,0.962601363658905],"EasingStyle":"Constant","EasingDirection":"In"}}},{"Time":0.7916666865348816,"poses":{"Left Leg":{"Weight":1,"CFrame":[0.6196302175521851,-0.14048349857330323,-0.06654542684555054,0.3217865824699402,-0.3361690938472748,0.885123610496521,0.656134843826294,0.7531468868255615,0.0475066676735878,-0.6825984120368958,0.5654734373092651,0.4629248082637787],"EasingStyle":"Constant","EasingDirection":"In"},"Right Arm":{"Weight":1,"CFrame":[0.2974213659763336,-0.3589591383934021,0.16961252689361573,0.10072100162506104,-0.5834386944770813,0.8058874607086182,0.8746650815010071,0.43795228004455569,0.20774754881858827,-0.47414