{"Sequence":[{"Time":0,"poses":{"Left Leg":{"Weight":1,"CFrame":[-0.22186516225337983,-0.006784200668334961,0.10460102558135987,0.7897835373878479,-0.5323874354362488,0.3046402037143707,0.5119547247886658,0.8456936478614807,0.15068012475967408,-0.33785247802734377,0.03695736452937126,0.9404733180999756],"EasingStyle":"Linear","EasingDirection":"In"},"Right Arm":{"Weight":1,"CFrame":[0.05470167100429535,-0.22495552897453309,0.19323885440826417,0.7542479634284973,-0.5063587427139282,0.4179843068122864,0.42337730526924136,0.8616481423377991,0.27984660863876345,-0.5018581748008728,-0.03410879522562027,0.8642772436141968],"EasingStyle":"Linear","EasingDirection":"In"},"Head":{"Weight":1,"CFrame":[6.705522537231445e-8,-1.4901161193847657e-8,-1.7881393432617188e-7,0.7506749033927918,-0.6605993509292603,-0.009791024029254914,0.6546338796615601,0.7417334318161011,0.1458975374698639,-0.08911745995283127,-0.11593106389045716,0.9892512559890747],"EasingStyle":"Linear","EasingDirection":"In"},"Right Leg":{"Weight":1,"CFrame":[0.5840901732444763,-0.03831064701080322,0.1367405652999878,0.9936597943305969,-0.043290622532367709,0.10376068204641342,0.037975750863552096,0.997890055179596,0.05266143009066582,-0.10582154244184494,-0.04838717728853226,0.9932072162628174],"EasingStyle":"Linear","EasingDirection":"In"},"Torso":{"Weight":1,"CFrame":[0.2996986210346222,0.3184913098812103,-0.11207866668701172,0.7807104587554932,0.6054369211196899,0.1547173410654068,-0.623033881187439,0.7732371687889099,0.11803855001926422,-0.04816831275820732,-0.18854807317256928,0.9808819890022278],"EasingStyle":"Linear","EasingDirection":"In"},"HumanoidRootPart":{"Weight":1,"CFrame":[0,0,0,1,0,0,0,1,0,0,0,1],"EasingStyle":"Linear","EasingDirection":"In"},"Left Arm":{"Weight":1,"CFrame":[0.38491958379745486,-0.2634149491786957,0.38197970390319826,0.6675791144371033,-0.4342670142650604,0.6047730445861816,-0.41990169882774355,0.45117253065109255,0.7874805927276611,-0.6148338317871094,-0.7796509265899658,0.11884386092424393],"EasingStyle":"Linear","EasingDirection":"In"}}},{"Time":0.03448275849223137,"poses":{"Left Leg":{"Weight":1,"CFrame":[-0.21550732851028443,-0.00009703636169433594,0.1048886775970459,0.7865145802497864,-0.5345508456230164,0.30927374958992007,0.5097582936286926,0.844636857509613,0.16350887715816499,-0.3486277461051941,0.029052697122097017,0.9368109107017517],"EasingStyle":"Linear","EasingDirection":"In"},"Right Arm":{"Weight":1,"CFrame":[0.06107328087091446,-0.22846591472625733,0.19330978393554688,0.7704050540924072,-0.4453080892562866,0.45626404881477358,0.3640601336956024,0.8947657346725464,0.2585626244544983,-0.5233893990516663,-0.0330904945731163,0.8514508605003357],"EasingStyle":"Linear","EasingDirection":"In"},"Head":{"Weight":1,"CFrame":[7.450580596923828e-8,-7.450580596923828e-9,2.384185791015625e-7,0.7505686283111572,-0.6607589721679688,-0.0066679613664746288,0.655311644077301,0.7430080771446228,0.13603581488132478,-0.08493255823850632,-0.10647384077310562,0.9906814694404602],"EasingStyle":"Linear","EasingDirection":"In"},"Right Leg":{"Weight":1,"CFrame":[0.5939777493476868,-0.03833353519439697,0.13510572910308839,0.9936688542366028,-0.03607812151312828,0.1063988208770752,0.031752392649650577,0.9986099004745483,0.0420738086104393,-0.10776876658201218,-0.03842906653881073,0.9934329986572266],"EasingStyle":"Linear","EasingDirection":"In"},"Torso":{"Weight":1,"CFrame":[0.27995213866233828,0.3143862187862396,-0.11160898208618164,0.7789877653121948,0.6078872084617615,0.15378932654857636,-0.6251013875007629,0.7721279263496399,0.11430990695953369,-0.04925749823451042,-0.1851799339056015,0.981469452381134],"EasingStyle":"Linear","EasingDirection":"In"},"HumanoidRootPart":{"Weight":1,"CFrame":[0,0,0,1,0,0,0,1,0,0,0,1],"EasingStyle":"Linear","EasingDirection":"In"},"Left Arm":{"Weight":1,"CFrame":[0.3668009340763092,-0.2621622085571289,0.3871725797653198,0.6829608678817749,-0.39008036255836489,0.6175772547721863,-0.4371887147426605,0.45902585983276369,0.7734089493751526,-0.5851755738258362,-0.7982058525085449,0.14295801520347596],"EasingStyle":"Linear","EasingDirection":"In"}}},{"Time":0.06896551698446274,"poses":{"Left Leg":{"Weight":1,"CFrame":[-0.20475544035434724,0.011664211750030518,0.10673725605010987,0.7820280194282532,-0.5337345004081726,0.3218068480491638,0.5021890997886658,0.8454290628433228,0.18181265890598298,-0.36910462379455569,0.019425343722105027,0.9291849136352539],"EasingStyle":"Linear","EasingDirection":"In"},"Right Arm":{"Weight":1,"CFrame":[0.0786886066198349,-0.23837405443191529,0.19350624084472657,0.7502355575561523,-0.39505448937416079,0.530168354511261,0.3243845999240875,0.9186534285545349,0.22550053894519807,-0.576125979423523,0.0027998050209134819,0.8173561692237854],"EasingStyle":"Linear","EasingDirection":"In"},"Head":{"Weight":1,"CFrame":[5.960464477539063e-8,-2.9802322387695315e-8,1.1920928955078126e-7,0.7506484985351563,-0.6607013940811157,-0.0008224882185459137,0.6566274762153626,0.7458806037902832,0.11181434988975525,-0.07326239347457886,-0.08447329699993134,0.993728756904602],"EasingStyle":"Linear","EasingDirection":"In"},"Right Leg":{"Weight":1,"CFrame":[0.5944944620132446,-0.03874790668487549,0.13226628303527833,0.992779016494751,-0.04154036194086075,0.11253535002470017,0.038720518350601199,0.9988818168640137,0.027128688991069795,-0.1135363057255745,-0.02257543057203293,0.993277370929718],"EasingStyle":"Linear","EasingDirection":"In"},"Torso":{"Weight":1,"CFrame":[0.2539149820804596,0.3050525486469269,-0.11041712760925293,0.7747464179992676,0.6138956546783447,0.15132839977741242,-0.6300991177558899,0.7694700956344605,0.10436053574085236,-0.052376195788383487,-0.1762048602104187,0.9829590916633606],"EasingStyle":"Linear","EasingDirection":"In"},"HumanoidRootPart":{"Weight":1,"CFrame":[0,0,0,1,0,0,0,1,0,0,0,1],"EasingStyle":"Linear","EasingDirection":"In"},"Left Arm":{"Weight":1,"CFrame":[0.3176218271255493,-0.25876322388648989,0.39321136474609377,0.7076027989387512,-0.28156745433807375,0.6480880379676819,-0.49049943685531618,0.4644787013530731,0.7373395562171936,-0.508634090423584,-0.8396304845809937,0.1905577927827835],"EasingStyle":"Linear","EasingDirection":"In"}}},{"Time":0.1034482792019844,"poses":{"Left Leg":{"Weight":1,"CFrame":[-0.18983758985996247,0.027479231357574464,0.1091386079788208,0.7760043144226074,-0.5309203267097473,0.340501070022583,0.4899922013282776,0.8473830819129944,0.2045716494321823,-0.397146075963974,0.008094381541013718,0.9177197217941284],"EasingStyle":"Linear","EasingDirection":"In"},"Right Arm":{"Weight":1,"CFrame":[0.10529904067516327,-0.2537424564361572,0.19380295276641847,0.6970154047012329,-0.35427090525627139,0.6234273910522461,0.3072921633720398,0.9331219792366028,0.18669486045837403,-0.6478743553161621,0.06144503131508827,0.7592650055885315],"EasingStyle":"Linear","EasingDirection":"In"},"Head":{"Weight":1,"CFrame":[1.043081283569336e-7,0,-7.152557373046875e-7,0.7514567375183106,-0.6597778797149658,0.0024115892592817547,0.6574460864067078,0.7490982413291931,0.081341452896595,-0.05547378212213516,-0.05953913927078247,0.9966834187507629],"EasingStyle":"Linear","EasingDirection":"In"},"Right Leg":{"Weight":1,"CFrame":[0.5857014656066895,-0.04016923904418945,0.12860572338104249,0.9910312294960022,-0.056509289890527728,0.12109503895044327,0.05581914633512497,0.9983996152877808,0.009086000733077526,-0.12141449004411698,-0.002245188457891345,0.9925993084907532],"EasingStyle":"Linear","EasingDirection":"In"},"Torso":{"Weight":1,"CFrame":[0.22308455407619477,0.2919803261756897,-0.1088860034942627,0.7689341902732849,0.6219609975814819,0.14800263941287995,-0.6367560029029846,0.7657814025878906,0.0901152566075325,-0.05728951096534729,-0.1635342687368393,0.9848728179931641],"EasingStyle":"Linear","EasingDirection":"In"},"HumanoidRootPart":{"Weight":1,"CFrame":[0,0,0,1,0,0,0,1,0,0,0,1],"EasingStyle":"Linear","EasingDirection":"In"},"Left Arm":{"Weight":1,"CFrame":[0.24514733254909516,-0.2537549138069153,0.3997676372528076,0.7182614803314209,-0.1347784698009491,0.6825944781303406,-0.5666018128395081,0.4560792148113251,0.686260998249054,-0.40381038188934328,-0.8796741366386414,0.25121864676475527],"EasingStyle":"Linear","EasingDirection":"In"}}},{"Time":0.13793103396892548,"poses":{"Left Leg":{"Weight":1,"CFrame":[-0.17111912369728089,0.046319544315338138,0.11105930805206299,0.7681443095207214,-0.5270740389823914,0.3635208308696747,0.4739133417606354,0.8498049974441528,0.23073279857635499,-0.43053510785102847,-0.0049586426466703419,0.902560293674469],"EasingStyle":"Linear","EasingDirection":"In"},"Right Arm":{"Weight":1,"CFrame":[0.13865572214126588,-0.27363264560699465,0.194175124168396,0.6149389743804932,-0.32132306694984438,0.7201399207115173,0.3129163086414337,0.9376714825630188,0.1511804163455963,-0.7238325476646423,0.13237667083740235,0.677157998085022],"EasingStyle":"Linear","EasingDirection":"In"},"Head":{"Weight":1,"CFrame":[1.043081283569336e-7,0,-1.1920928955078126e-7,0.7533202767372131,-0.65764981508255,-0.0023508595768362285,0.6568242907524109,0.7521855235099793,0.052904464304447177,-0.03302430361509323,-0.041398078203201297,0.9985969066619873],"EasingStyle":"Linear","EasingDirection":"In"},"Right Leg":{"Weight":1,"CFrame":[0.5675877332687378,-0.043469905853271487,0.12456822395324707,0.988327145576477,-0.07793832570314408,0.13090096414089204,0.08003256469964981,0.9967336654663086,-0.0108074601739645,-0.12963107228279115,0.021157605573534967,0.9913366436958313],"EasingStyle":"Linear","EasingDirection":"In"},"Torso":{"Weight":1,"CFrame":[0.18898829817771913,0.2766512632369995,-0.10736870765686035,0.7625172138214111,0.6306205987930298,0.14451749622821809,-0.6438218355178833,0.7616384029388428,0.07348858565092087,-0.06372664868831635,-0.149079829454422,0.9867695569992065],"EasingStyle":"Linear","EasingDirection":"In"},"HumanoidRootPart":{"Weight":1,"CFrame":[0,0,0,1,0,0,0,1,0,0,0,1],"EasingStyle":"Linear","EasingDirection":"In"},"Left Arm":{"Weight":1,"CFrame":[0.15714243054389954,-0.24767199158668519,0.40651369094848635,0.7011061310768127,0.014028476551175118,0.7129189968109131,-0.6483486890792847,0.4287063479423523,0.6291698217391968,-0.29680660367012026,-0.9033350348472595,0.30966413021087649],"EasingStyle":"Linear","EasingDirection":"In"}}},{"Time":0.17241379618644715,"poses":{"Left Leg":{"Weight":1,"CFrame":[-0.14924359321594239,0.06715643405914307,0.11154258251190186,0.7583250403404236,-0.5231709480285645,0.38888978958129885,0.45480746030807497,0.8519980907440186,0.25932496786117556,-0.46700477600097659,-0.019782654941082,0.8840335607528687],"EasingStyle":"Linear","EasingDirection":"In"},"Right Arm":{"Weight":1,"CFrame":[0.17651021480560304,-0.2971090078353882,0.19459712505340577,0.5105141401290894,-0.2966158986091614,0.8070899844169617,0.338001549243927,0.9322865009307861,0.12882886826992036,-0.790651798248291,0.20702874660491944,0.5762021541595459],"EasingStyle":"Linear","EasingDirection":"In"},"Head":{"Weight":1,"CFrame":[1.043081283569336e-7,1.4901161193847657e-8,-2.980232238769531e-7,0.7562373280525208,-0.6539780497550964,-0.02044522576034069,0.654255747795105,0.7554664015769959,0.034928593784570697,-0.0073968651704490189,-0.03979072719812393,0.9991807341575623],"EasingStyle":"Linear","EasingDirection":"In"},"Right Leg":{"Weight":1,"CFrame":[0.5403562188148499,-0.04945957660675049,0.12056589126586914,0.9847093820571899,-0.10281163454055786,0.14063207805156709,0.10823191702365875,0.9936286807060242,-0.031432490795850757,-0.1365043967962265,0.04617276415228844,0.9895629286766052],"EasingStyle":"Linear","EasingDirection":"In"},"Torso":{"Weight":1,"CFrame":[0.15321704745292664,0.26052549481391909,-0.10613656044006348,0.7564822435379028,0.6384885907173157,0.14165782928466798,-0.6501105427742004,0.7577459812164307,0.056367792189121249,-0.07135044783353806,-0.13473446667194367,0.9883096218109131],"EasingStyle":"Linear","EasingDirection":"In"},"HumanoidRootPart":{"Weight":1,"CFrame":[0,0,0,1,0,0,0,1,0,0,0,1],"EasingStyle":"Linear","EasingDirection":"In"},"Left Arm":{"Weight":1,"CFrame":[0.0613725483417511,-0.24105316400527955,0.41312170028686526,0.6601061820983887,0.1240476667881012,0.7408589720726013,-0.7190956473350525,0.38948893547058108,0.5754997730255127,-0.2171669900417328,-0.9126393795013428,0.34630629420280459],"EasingStyle":"Linear","EasingDirection":"In"}}},{"Time":0.2068965584039688,"poses":{"Left Leg":{"Weight":1,"CFrame":[-0.14797192811965943,0.08823227882385254,0.12094306945800781,0.7385281324386597,-0.5320546627044678,0.4141187071800232,0.44676464796066286,0.8461965918540955,0.2904350459575653,-0.5049532651901245,-0.02948080375790596,0.8626431822776794],"EasingStyle":"Linear","EasingDirection":"In"},"Right Arm":{"Weight":1,"CFrame":[0.2166130691766739,-0.3232342004776001,0.19504427909851075,0.38816988468170168,-0.2904752790927887,0.8746132850646973,0.3856147825717926,0.913149893283844,0.13213090598583222,-0.837033748626709,0.2859745919704437,0.4664687216281891],"EasingStyle":"Linear","EasingDirection":"In"},"Head":{"Weight":1,"CFrame":[1.043081283569336e-7,4.470348358154297e-8,-5.960464477539063e-8,0.7738713622093201,-0.6310800313949585,-0.053490497171878818,0.6329856514930725,0.7735078930854797,0.03185810521245003,0.021270299330353738,-0.05851277336478233,0.9980601072311401],"EasingStyle":"Linear","EasingDirection":"In"},"Right Leg":{"Weight":1,"CFrame":[0.5314168930053711,-0.04365682601928711,0.11375963687896729,0.9824408292770386,-0.11325131356716156,0.1482711285352707,0.12202176451683045,0.9911942481994629,-0.05142717808485031,-0.14114122092723847,0.06861649453639984,0.9876087307929993],"EasingStyle":"Linear","EasingDirection":"In"},"Torso":{"Weight":1,"CFrame":[0.11719879508018494,0.2449084371328354,-0.11654090881347656,0.7521856427192688,0.6439064145088196,0.1400047391653061,-0.6541057825088501,0.7553259134292603,0.04035500809550285,-0.07976432889699936,-0.12193237990140915,0.989328145980835],"EasingStyle":"Linear","EasingDirection":"In"},"HumanoidRootPart":{"Weight":1,"CFrame":[0,0,0,1,0,0,0,1,0,0,0,1],"EasingStyle":"Linear","EasingDirection":"In"},"Left Arm":{"Weight":1,"CFrame":[-0.034397467970848086,-0.2344338297843933,0.4192636013031006,0.6143845915794373,0.1762673705816269,0.7690653204917908,-0.7709028720855713,0.34171169996261599,0.5375332832336426,-0.16804900765419007,-0.9231268167495728,0.34582746028900149],"EasingStyle":"Linear","EasingDirection":"In"}}},{"Time":0.24137930572032929,"poses":{"Left Leg":{"Weight":1,"CFrame":[-0.17281553149223329,0.11138969659805298,0.14287519454956056,0.7077224254608154,-0.5550892949104309,0.4370410442352295,0.45196986198425295,0.8311890959739685,0.3238024413585663,-0.5430030822753906,-0.03163290396332741,0.8391347527503967],"EasingStyle":"Linear","EasingDirection":"In"},"Right Arm":{"Weight":1,"CFrame":[0.25671637058258059,-0.3510711193084717,0.19549155235290528,0.2517213821411133,-0.3028523623943329,0.919193685054779,0.4539942741394043,0.8757421970367432,0.16420958936214448,-0.8547079563140869,0.37597349286079409,0.35793620347976687],"EasingStyle":"Linear","EasingDirection":"In"},"Head":{"Weight":1,"CFrame":[1.341104507446289e-7,2.2351741790771486e-8,-2.980232238769531e-7,0.8111900687217712,-0.5772393345832825,-0.09362457692623139,0.5824262499809265,0.8118578791618347,0.04082271829247475,0.05244537442922592,-0.08764436095952988,0.994770348072052],"EasingStyle":"Linear","EasingDirection":"In"},"Right Leg":{"Weight":1,"CFrame":[0.5469963550567627,-0.019519567489624025,0.10459864139556885,0.9828283190727234,-0.10486319661140442,0.15183007717132569,0.11654293537139893,0.9907039999961853,-0.07016618549823761,-0.14306074380874635,0.08665606379508972,0.9859129786491394],"EasingStyle":"Linear","EasingDirection":"In"},"Torso":{"Weight":1,"CFrame":[0.08185118436813355,0.23058265447616578,-0.1428525447845459,0.7509763836860657,0.6454254388809204,0.13950149714946748,-0.6543546915054321,0.7557397484779358,0.02603013813495636,-0.08862629532814026,-0.11083149164915085,0.9898796677589417],"EasingStyle":"Linear","EasingDirection":"In"},"HumanoidRootPart":{"Weight":1,"CFrame":[0,0,0,1,0,0,0,1,0,0,0,1],"EasingStyle":"Linear","EasingDirection":"In"},"Left Arm":{"Weight":1,"CFrame":[-0.12240230292081833,-0.2283516526222229,0.4246116876602173,0.5750283598899841,0.1861525923013687,0.7966741323471069,-0.807641863822937,0.2846077084541321,0.5164426565170288,-0.13060253858566285,-0.9403966665267944,0.31400230526924136],"EasingStyle":"Linear","EasingDirection":"In"}}},{"Time":0.27586206793785097,"poses":{"Left Leg":{"Weight":1,"CFrame":[-0.20215487480163575,0.13868248462677003,0.1659557819366455,0.6760128736495972,-0.5786401629447937,0.45626991987228396,0.45618465542793276,0.8148918151855469,0.35755687952041628,-0.5787073969841003,-0.03356974571943283,0.8148440718650818],"EasingStyle":"Linear","EasingDirection":"In"},"Right Arm":{"Weight":1,"CFrame":[0.2945706844329834,-0.37968209385871889,0.1959136724472046,0.10875703394412995,-0.3205833435058594,0.9409560561180115,0.531426191329956,0.8187039494514465,0.21750903129577638,-0.8400941491127014,0.4763929545879364,0.2594062387943268],"EasingStyle":"Linear","EasingDirection":"In"},"Head":{"Weight":1,"CFrame":[1.6391277313232423e-7,2.2351741790771486e-8,-5.960464477539063e-8,0.8550376892089844,-0.5016694664955139,-0.13129524886608125,0.5118280053138733,0.8571123480796814,0.058228541165590289,0.08332331478595734,-0.1169881671667099,0.9896318316459656],"EasingStyle":"Linear","EasingDirection":"In"},"Right Leg":{"Weight":1,"CFrame":[0.560047447681427,0.009672164916992188,0.0977553129196167,0.9843124747276306,-0.09277999401092529,0.15006951987743379,0.1067170649766922,0.9904195666313171,-0.08763851225376129,-0.14050054550170899,0.10227861255407334,0.9847835898399353],"EasingStyle":"Linear","EasingDirection":"In"},"Torso":{"Weight":1,"CFrame":[0.048058509826660159,0.2181815803050995,-0.17464780807495118,0.7537023425102234,0.6421207785606384,0.1400497406721115,-0.649924635887146,0.7598754167556763,0.013694697991013527,-0.0976267084479332,-0.10134350508451462,0.9900497794151306],"EasingStyle":"Linear","EasingDirection":"In"},"HumanoidRootPart":{"Weight":1,"CFrame":[0,0,0,1,0,0,0,1,0,0,0,1],"EasingStyle":"Linear","EasingDirection":"In"},"Left Arm":{"Weight":1,"CFrame":[-0.19487665593624116,-0.22334271669387818,0.4288376569747925,0.5431221127510071,0.16672265529632569,0.8229349255561829,-0.8335627317428589,0.2248988151550293,0.5045728087425232,-0.10095339268445969,-0.9600125551223755,0.2611214816570282],"EasingStyle":"Linear","EasingDirection":"In"}}},{"Time":0.3103448152542114,"poses":{"Left Leg":{"Weight":1,"CFrame":[-0.2230968177318573,0.16841530799865724,0.18155121803283692,0.651964008808136,-0.5941978096961975,0.47103291749954226,0.4509587287902832,0.8032593727111816,0.38911524415016177,-0.6095731258392334,-0.04127281531691551,0.7916548252105713],"EasingStyle":"Linear","EasingDirection":"In"},"Right Arm":{"Weight":1,"CFrame":[0.32792747020721438,-0.40813034772872927,0.19628584384918214,-0.0312977060675621,-0.33078786730766299,0.9431861042976379,0.6081509590148926,0.7425704598426819,0.28060951828956606,-0.7932043075561523,0.5823817253112793,0.17792825400829316],"EasingStyle":"Linear","EasingDirection":"In"},"Head":{"Weight":1,"CFrame":[6.705522537231445e-8,-7.450580596923828e-9,3.5762786865234377e-7,0.8950304985046387,-0.41725245118141177,-0.1575465202331543,0.43248265981674197,0.8982661366462708,0.07795396447181702,0.10899219661951065,-0.13790729641914369,0.9844299554824829],"EasingStyle":"Linear","EasingDirection":"In"},"Right Leg":{"Weight":1,"CFrame":[0.5554541349411011,0.03218734264373779,0.09537029266357422,0.9861106276512146,-0.08574438840150833,0.1422453671693802,0.10098856687545777,0.9894733428955078,-0.10365334153175354,-0.1318601369857788,0.11657878756523133,0.9843893647193909],"EasingStyle":"Linear","EasingDirection":"In"},"Torso":{"Weight":1,"CFrame":[0.01669168472290039,0.20830124616622926,-0.20149922370910645,0.7607921361923218,0.6333746314048767,0.1415342390537262,-0.6402071118354797,0.7681940197944641,0.0036033745855093004,-0.10644344240427017,-0.09335264563560486,0.989926815032959],"EasingStyle":"Linear","EasingDirection":"In"},"HumanoidRootPart":{"Weight":1,"CFrame":[0,0,0,1,0,0,0,1,0,0,0,1],"EasingStyle":"Linear","EasingDirection":"In"},"Left Arm":{"Weight":1,"CFrame":[-0.24405603110790254,-0.21994313597679139,0.4316136837005615,0.5180522203445435,0.13047583401203156,0.8453389406204224,-0.8518324494361877,0.1682238131761551,0.49606677889823916,-0.07748132199048996,-0.9770756959915161,0.19829249382019044],"EasingStyle":"Linear","EasingDirection":"In"}}},{"Time":0.3448275923728943,"poses":{"Left Leg":{"Weight":1,"CFrame":[-0.2273598462343216,0.19619810581207276,0.18354880809783936,0.6432164907455444,-0.5958541035652161,0.48086419701576235,0.43147528171539309,0.8008775115013123,0.41524019837379458,-0.6325358748435974,-0.059608325362205508,0.7722339630126953],"EasingStyle":"Linear","EasingDirection":"In"},"Right Arm":{"Weight":1,"CFrame":[0.3545379042625427,-0.4354795217514038,0.19658267498016358,-0.15616653859615327,-0.320676326751709,0.9342262148857117,0.6771544814109802,0.6538161635398865,0.3376186490058899,-0.7190784811973572,0.6853401064872742,0.11504316329956055],"EasingStyle":"Linear","EasingDirection":"In"},"Head":{"Weight":1,"CFrame":[1.043081283569336e-7,-7.450580596923828e-9,1.1920928955078126e-7,0.9256581664085388,-0.34033259749412539,-0.16532039642333985,0.35798555612564089,0.9292352795600891,0.09147809445858002,0.12248855084180832,-0.14385975897312165,0.9819883108139038],"EasingStyle":"Linear","EasingDirection":"In"},"Right Leg":{"Weight":1,"CFrame":[0.5237290263175964,0.03730088472366333,0.09737074375152588,0.987777590751648,-0.08938030153512955,0.1276981085538864,0.10458607971668244,0.9875138998031616,-0.11780518293380737,-0.11557413637638092,0.12972068786621095,0.9847919344902039],"EasingStyle":"Linear","EasingDirection":"In"},"Torso":{"Weight":1,"CFrame":[-0.011405587196350098,0.20153109729290009,-0.2129812240600586,0.7724766731262207,0.6185464262962341,0.14380592107772828,-0.6245846748352051,0.7809469103813171,-0.003997317980974913,-0.11477731913328171,-0.08673112839460373,0.9895978569984436],"EasingStyle":"Linear","EasingDirection":"In"},"HumanoidRootPart":{"Weight":1,"CFrame":[0,0,0,1,0,0,0,1,0,0,0,1],"EasingStyle":"Linear","EasingDirection":"In"},"Left Arm":{"Weight":1,"CFrame":[-0.2621747553348541,-0.2186913788318634,0.43261194229125979,0.4982476532459259,0.09062788635492325,0.8622852563858032,-0.8649706840515137,0.12053917348384857,0.48713046312332156,-0.05979155749082565,-0.9885631203651428,0.13844895362854005],"EasingStyle":"Linear","EasingDirection":"In"}}},{"Time":0.37931033968925478,"poses":{"Left Leg":{"Weight":1,"CFrame":[-0.22181671857833863,0.21967089176177979,0.17515909671783448,0.648612916469574,-0.5863269567489624,0.4853060841560364,0.40266770124435427,0.8054244518280029,0.4349142909049988,-0.6458793878555298,-0.08667393773794174,0.7585035562515259],"EasingStyle":"Linear","EasingDirection":"In"},"Right Arm":{"Weight":1,"CFrame":[0.37215325236320498,-0.4590802788734436,0.1967790126800537,-0.2874191701412201,-0.3300264775753021,0.8991512060165405,0.7555826902389526,0.498801589012146,0.42460793256759646,-0.5886298418045044,0.8014233708381653,0.10599716752767563],"EasingStyle":"Linear","EasingDirection":"In"},"Head":{"Weight":1,"CFrame":[8.940696716308594e-8,-7.450580596923828e-8,1.1920928955078126e-7,0.9453663229942322,-0.28272491693496706,-0.16232430934906007,0.3004894256591797,0.9487887620925903,0.09749884903430939,0.12644612789154054,-0.14094887673854829,0.9819088578224182],"EasingStyle":"Linear","EasingDirection":"In"},"Right Leg":{"Weight":1,"CFrame":[0.4709286689758301,0.02869778871536255,0.1019742488861084,0.9893258810043335,-0.10030587762594223,0.10570300370454788,0.11369206011295319,0.985061764717102,-0.12933467328548432,-0.0911509171128273,0.13997167348861695,0.9859511256217957],"EasingStyle":"Linear","EasingDirection":"In"},"Torso":{"Weight":1,"CFrame":[-0.035614013671875,0.19765067100524903,-0.21153521537780763,0.7888336777687073,0.5968500971794128,0.14666809141635896,-0.6023038029670715,0.7982178330421448,-0.008856241591274739,-0.12235893309116364,-0.08135264366865158,0.9891462326049805],"EasingStyle":"Linear","EasingDirection":"In"},"HumanoidRootPart":{"Weight":1,"CFrame":[0,0,0,1,0,0,0,1,0,0,0,1],"EasingStyle":"Linear","EasingDirection":"In"},"Left Arm":{"Weight":1,"CFrame":[-0.2621333599090576,-0.21929550170898438,0.4325758218765259,0.4818820059299469,0.05866418033838272,0.8742702007293701,-0.8749253153800964,0.08677031099796295,0.4764208197593689,-0.047911904752254489,-0.9944996237754822,0.09313996881246567],"EasingStyle":"Linear","EasingDirection":"In"}}},{"Time":0.4137931168079376,"poses":{"Left Leg":{"Weight":1,"CFrame":[-0.21972402930259705,0.24000823497772218,0.16363394260406495,0.6623151898384094,-0.5721773505210877,0.4836856722831726,0.3729937970638275,0.8117020130157471,0.4494612514972687,-0.6497800946235657,-0.11727336794137955,0.7510212063789368],"EasingStyle":"Linear","EasingDirection":"In"},"Right Arm":{"Weight":1,"CFrame":[0.3785248398780823,-0.46943753957748415,0.19685018062591554,-0.39127683639526369,-0.3939407169818878,0.8316929936408997,0.807935893535614,0.28565457463264468,0.5154035687446594,-0.44061535596847536,0.8736202120780945,0.20650888979434968],"EasingStyle":"Linear","EasingDirection":"In"},"Head":{"Weight":1,"CFrame":[5.21540641784668e-8,-2.9802322387695315e-8,0,0.957503616809845,-0.24011018872261048,-0.15979328751564027,0.25791192054748537,0.9607991576194763,0.10171832144260407,0.1291056126356125,-0.13860821723937989,0.9818958640098572],"EasingStyle":"Linear","EasingDirection":"In"},"Right Leg":{"Weight":1,"CFrame":[0.4110841751098633,0.018142879009246827,0.1079944372177124,0.991040825843811,-0.11012865602970123,0.07556308805942536,0.11976853013038635,0.9831795692443848,-0.1378898173570633,-0.059106290340423587,0.1457044631242752,0.9875609278678894],"EasingStyle":"Linear","EasingDirection":"In"},"Torso":{"Weight":1,"CFrame":[-0.05611175298690796,0.19620904326438905,-0.20695090293884278,0.8097419142723084,0.5673273801803589,0.14985887706279756,-0.5724430680274963,0.8198745250701904,-0.010717031545937062,-0.1289455145597458,-0.07710766047239304,0.988649308681488],"EasingStyle":"Linear","EasingDirection":"In"},"HumanoidRootPart":{"Weight":1,"CFrame":[0,0,0,1,0,0,0,1,0,0,0,1],"EasingStyle":"Linear","EasingDirection":"In"},"Left Arm":{"Weight":1,"CFrame":[-0.2618441879749298,-0.22127321362495423,0.43232405185699465,0.46829211711883547,0.03592973202466965,0.8828429579734802,-0.8825990557670593,0.06594108790159226,0.4654790759086609,-0.04149114713072777,-0.9971764087677002,0.06259141117334366],"EasingStyle":"Linear","EasingDirection":"In"}}},{"Time":0.4482758641242981,"poses":{"Left Leg":{"Weight":1,"CFrame":[-0.22215932607650758,0.25693172216415408,0.14957952499389649,0.6843964457511902,-0.5530002117156982,0.4751760959625244,0.34341803193092348,0.8193960189819336,0.4589711129665375,-0.6431684494018555,-0.150934100151062,0.7507019639015198],"EasingStyle":"Linear","EasingDirection":"In"},"Right Arm":{"Weight":1,"CFrame":[0.3774544894695282,-0.4566294252872467,0.18631362915039063,-0.31593891978263857,-0.47802141308784487,0.8195598721504211,0.8555441498756409,0.2298838347196579,0.46389418840408327,-0.4101547598838806,0.8477316498756409,0.3363390266895294],"EasingStyle":"Linear","EasingDirection":"In"},"Head":{"Weight":1,"CFrame":[1.2665987014770509e-7,2.9802322387695315e-8,1.1920928955078126e-7,0.9660078287124634,-0.20514629781246186,-0.15730196237564088,0.2229180932044983,0.9691634774208069,0.10502323508262634,0.1309061497449875,-0.13651873171329499,0.9819502830505371],"EasingStyle":"Linear","EasingDirection":"In"},"Right Leg":{"Weight":1,"CFrame":[0.34537747502326968,0.006930172443389893,0.11500942707061768,0.9923909902572632,-0.11755533516407013,0.0366191491484642,0.12163586914539337,0.9821547269821167,-0.14344608783721925,-0.01910271681845188,0.14680874347686768,0.9889804720878601],"EasingStyle":"Linear","EasingDirection":"In"},"Torso":{"Weight":1,"CFrame":[-0.07333254814147949,0.19745169579982758,-0.19983315467834474,0.8348171710968018,0.5288311243057251,0.15303005278110505,-0.5338907241821289,0.8455021977424622,-0.009323129430413247,-0.1343175768852234,-0.07391822338104248,0.9881776571273804],"EasingStyle":"Linear","EasingDirection":"In"},"HumanoidRootPart":{"Weight":1,"CFrame":[0,0,0,1,0,0,0,1,0,0,0,1],"EasingStyle":"Linear","EasingDirection":"In"},"Left Arm":{"Weight":1,"CFrame":[-0.26105889678001406,-0.2248721420764923,0.43164074420928957,0.45727962255477908,0.020767342299222947,0.8890805244445801,-0.8884339332580566,0.05536086857318878,0.4556539058685303,-0.03975759074091911,-0.9982504844665527,0.043765805661678317],"EasingStyle":"Linear","EasingDirection":"In"}}},{"Time":0.48275861144065859,"poses":{"Left Leg":{"Weight":1,"CFrame":[-0.22983302175998689,0.26973438262939455,0.1333523988723755,0.7142458558082581,-0.5290240049362183,0.4582427740097046,0.3155424892902374,0.827812135219574,0.46385347843170168,-0.6247286200523377,-0.18671034276485444,0.758190929889679],"EasingStyle":"Linear","EasingDirection":"In"},"Right Arm":{"Weight":1,"CFrame":[0.37293896079063418,-0.4328441023826599,0.15729618072509767,-0.15762756764888764,-0.6096391677856445,0.776848554611206,0.9089732766151428,0.2178526371717453,0.3553982973098755,-0.3859032988548279,0.7621550559997559,0.5198060274124146],"EasingStyle":"Linear","EasingDirection":"In"},"Head":{"Weight":1,"CFrame":[5.21540641784668e-8,-7.450580596923828e-9,-2.980232238769531e-7,0.9732882380485535,-0.17003381252288819,-0.15426762402057649,0.18770146369934083,0.9762479066848755,0.1082046777009964,0.13220496475696565,-0.1342705637216568,0.9820862412452698],"EasingStyle":"Linear","EasingDirection":"In"},"Right Leg":{"Weight":1,"CFrame":[0.2760748863220215,-0.0033680200576782228,0.12260663509368897,0.9927876591682434,-0.11929825693368912,-0.011858501471579075,0.11632333695888519,0.9824953675270081,-0.1455053985118866,0.0290095005184412,0.14307652413845063,0.9892864227294922],"EasingStyle":"Linear","EasingDirection":"In"},"Torso":{"Weight":1,"CFrame":[-0.08758223056793213,0.20245952904224397,-0.1908261775970459,0.8633226156234741,0.4799378514289856,0.15599310398101808,-0.48541751503944399,0.8742759823799133,-0.00337382429279387,-0.1380002647638321,-0.07280907779932022,0.987752377986908],"EasingStyle":"Linear","EasingDirection":"In"},"HumanoidRootPart":{"Weight":1,"CFrame":[0,0,0,1,0,0,0,1,0,0,0,1],"EasingStyle":"Linear","EasingDirection":"In"},"Left Arm":{"Weight":1,"CFrame":[-0.25953006744384768,-0.2303411066532135,0.430309534072876,0.44876912236213686,0.01121614407747984,0.893577516078949,-0.8926751613616943,0.05226827785372734,0.44765979051589968,-0.04168480262160301,-0.9985701441764832,0.03346883878111839],"EasingStyle":"Linear","EasingDirection":"In"}}},{"Time":0.517241358757019,"poses":{"Left Leg":{"Weight":1,"CFrame":[-0.24326880276203156,0.27815574407577517,0.11501145362854004,0.7510979771614075,-0.49987146258354189,0.43125444650650027,0.2902480363845825,0.836736798286438,0.46435731649398806,-0.5929654240608215,-0.22360706329345704,0.7735580205917358],"EasingStyle":"Linear","EasingDirection":"In"},"Right Arm":{"Weight":1,"CFrame":[0.3630208373069763,-0.42003631591796877,0.1136857271194458,0.007500016130506992,-0.6928839683532715,0.721010148525238,0.9054669141769409,0.31068408489227297,0.28914564847946169,-0.42435067892074587,0.6506820917129517,0.6297135353088379],"EasingStyle":"Linear","EasingDirection":"In"},"Head":{"Weight":1,"CFrame":[1.2293457984924317e-7,4.470348358154297e-8,2.384185791015625e-7,0.980534017086029,-0.1267113983631134,-0.1499912589788437,0.14418146014213563,0.9831976890563965,0.11195626854896546,0.13328491151332856,-0.1314028948545456,0.9823281764984131],"EasingStyle":"Linear","EasingDirection":"In"},"Right Leg":{"Weight":1,"CFrame":[0.20555421710014344,-0.011059403419494629,0.13068509101867677,0.9911630153656006,-0.11236909031867981,-0.07049139589071274,0.1014067530632019,0.9844503998756409,-0.14343664050102235,0.08551322668790817,0.13502071797847749,0.9871459007263184],"EasingStyle":"Linear","EasingDirection":"In"},"Torso":{"Weight":1,"CFrame":[-0.0995011031627655,0.2118205577135086,-0.18058204650878907,0.8940455317497253,0.41913461685180666,0.158141627907753,-0.42559608817100527,0.9048795104026794,0.007815605960786343,-0.139823317527771,-0.07429195940494538,0.9873855113983154],"EasingStyle":"Linear","EasingDirection":"In"},"HumanoidRootPart":{"Weight":1,"CFrame":[0,0,0,1,0,0,0,1,0,0,0,1],"EasingStyle":"Linear","EasingDirection":"In"},"Left Arm":{"Weight":1,"CFrame":[-0.2570093870162964,-0.2379259169101715,0.4281153678894043,0.44274571537971499,0.005138984881341457,0.8966324925422669,-0.8954623937606812,0.05392618104815483,0.44185876846313479,-0.0460812970995903,-0.9985317587852478,0.02847740426659584],"EasingStyle":"Linear","EasingDirection":"In"}}},{"Time":0.5517241358757019,"poses":{"Left Leg":{"Weight":1,"CFrame":[-0.26785171031951907,0.29009056091308596,0.09511315822601319,0.7947559952735901,-0.46413445472717287,0.39107829332351687,0.26809754967689516,0.8465524315834045,0.45986172556877139,-0.5445058941841126,-0.26063069701194765,0.7972358465194702],"EasingStyle":"Linear","EasingDirection":"In"},"Right Arm":{"Weight":1,"CFrame":[0.34840160608291628,-0.457107812166214,0.06464076042175293,0.15276576578617097,-0.7046334147453308,0.6929318308830261,0.8137988448143005,0.487510621547699,0.31633076071739199,-0.56070876121521,0.5155823826789856,0.647904634475708],"EasingStyle":"Linear","EasingDirection":"In"},"Head":{"Weight":1,"CFrame":[-3.725290298461914e-9,-1.4901161193847657e-8,3.5762786865234377e-7,0.9876923561096191,-0.06931943446397782,-0.14020931720733643,0.08574832230806351,0.9896872043609619,0.11474588513374329,0.1308092176914215,-0.12535637617111207,0.9834504723548889],"EasingStyle":"Linear","EasingDirection":"In"},"Right Leg":{"Weight":1,"CFrame":[0.14200802147388459,-0.00747072696685791,0.14028680324554444,0.9859272837638855,-0.09322647750377655,-0.1387670636177063,0.07507161796092987,0.9885675311088562,-0.13076166808605195,0.1493711769580841,0.11850395798683167,0.9816542863845825],"EasingStyle":"Linear","EasingDirection":"In"},"Torso":{"Weight":1,"CFrame":[-0.11455687880516052,0.2257382571697235,-0.16906356811523438,0.925737202167511,0.3459080457687378,0.15283480286598206,-0.35345494747161868,0.9351320862770081,0.024449145421385766,-0.13446354866027833,-0.07665369659662247,0.9879493713378906],"EasingStyle":"Linear","EasingDirection":"In"},"HumanoidRootPart":{"Weight":1,"CFrame":[0,0,0,1,0,0,0,1,0,0,0,1],"EasingStyle":"Linear","EasingDirection":"In"},"Left Arm":{"Weight":1,"CFrame":[-0.25324904918670657,-0.24787580966949464,0.42484188079833987,0.44273248314857485,0.0035247220657765867,0.8966467976570129,-0.8943747878074646,0.07298822700977326,0.4413236379623413,-0.06388917565345764,-0.9973265528678894,0.0354667529463768],"EasingStyle":"Linear","EasingDirection":"In"}}},{"Time":0.5862069129943848,"poses":{"Left Leg":{"Weight":1,"CFrame":[-0.30312564969062807,0.31072092056274416,0.07113778591156006,0.8428915739059448,-0.41929423809051516,0.3372330367565155,0.24604500830173493,0.8577060699462891,0.45144447684288027,-0.4785349369049072,-0.29754430055618288,0.826118528842926],"EasingStyle":"Linear","EasingDirection":"In"},"Right Arm":{"Weight":1,"CFrame":[0.3404183089733124,-0.49890342354774477,0.04040098190307617,0.24085375666618348,-0.6815464496612549,0.6910022497177124,0.7238629460334778,0.600413978099823,0.3398902416229248,-0.6465384364128113,0.4183269441127777,0.6379582285881043],"EasingStyle":"Linear","EasingDirection":"In"},"Head":{"Weight":1,"CFrame":[1.3277167454361916e-7,1.743319444358349e-8,-5.960464477539063e-8,0.9924830198287964,0.00008648820221424103,-0.12238246202468872,0.014012960717082024,0.9933425188064575,0.11434271186590195,0.12157759070396424,-0.11519813537597656,0.9858744144439697],"EasingStyle":"Linear","EasingDirection":"In"},"Right Leg":{"Weight":1,"CFrame":[0.09242939203977585,0.011797726154327393,0.15174520015716554,0.9758980870246887,-0.060360245406627658,-0.20971302688121797,0.03935609757900238,0.9939100742340088,-0.10292651504278183,0.21464860439300538,0.09219230711460114,0.9723305702209473],"EasingStyle":"Linear","EasingDirection":"In"},"Torso":{"Weight":1,"CFrame":[-0.13622379302978517,0.24304212629795075,-0.15672993659973145,0.9553602337837219,0.2623196244239807,0.13592365384101869,-0.27045878767967226,0.961678683757782,0.04501328617334366,-0.11890700459480286,-0.07976565510034561,0.989696204662323],"EasingStyle":"Linear","EasingDirection":"In"},"HumanoidRootPart":{"Weight":1,"CFrame":[0,0,0,1,0,0,0,1,0,0,0,1],"EasingStyle":"Linear","EasingDirection":"In"},"Left Arm":{"Weight":1,"CFrame":[-0.2480010688304901,-0.2604386806488037,0.42027366161346438,0.44976451992988589,0.009639575146138668,0.8930951356887817,-0.8873526453971863,0.11854191869497299,0.44559305906295779,-0.10157396644353867,-0.9929022789001465,0.06186975911259651],"EasingStyle":"Linear","EasingDirection":"In"}}},{"Time":0.6206896305084229,"poses":{"Left Leg":{"Weight":1,"CFrame":[-0.3398961126804352,0.3356778621673584,0.03971827030181885,0.8912991285324097,-0.3622220456600189,0.2727293074131012,0.21850474178791047,0.8701820373535156,0.4416322112083435,-0.3972930908203125,-0.33403369784355166,0.8547396063804627],"EasingStyle":"Linear","EasingDirection":"In"},"Right Arm":{"Weight":1,"CFrame":[0.3479517996311188,-0.5068634152412415,0.044977784156799319,0.20363163948059083,-0.6895487904548645,0.6950228214263916,0.7574872970581055,0.5607213377952576,0.33437222242355349,-0.6202800869941711,0.4583820104598999,0.6365050077438355],"EasingStyle":"Linear","EasingDirection":"In"},"Head":{"Weight":1,"CFrame":[1.0803341865539551e-7,-5.774199962615967e-8,1.1920928955078126e-7,0.9921234250068665,0.07749225944280625,-0.09841848909854889,-0.06650841981172562,0.9916637539863586,0.11036215722560883,0.10615025460720062,-0.10294725000858307,0.9890066385269165],"EasingStyle":"Linear","EasingDirection":"In"},"Right Leg":{"Weight":1,"CFrame":[0.06021381914615631,0.0426064133644104,0.16149187088012696,0.9634154438972473,-0.015948254615068437,-0.2675377428531647,-0.00045509630581364036,0.9981291890144348,-0.06113843247294426,0.2680123448371887,0.0590234249830246,0.9616058468818665],"EasingStyle":"Linear","EasingDirection":"In"},"Torso":{"Weight":1,"CFrame":[-0.1622849702835083,0.26133298873901369,-0.14501094818115235,0.9790191650390625,0.1712874472141266,0.11037330329418183,-0.1792246401309967,0.9815608859062195,0.06645875424146652,-0.09695456176996231,-0.08484598994255066,0.9916658401489258],"EasingStyle":"Linear","EasingDirection":"In"},"HumanoidRootPart":{"Weight":1,"CFrame":[0,0,0,1,0,0,0,1,0,0,0,1],"EasingStyle":"Linear","EasingDirection":"In"},"Left Arm":{"Weight":1,"CFrame":[-0.24101752042770387,-0.27586108446121218,0.41419434547424319,0.46045130491256716,0.02460404485464096,0.8873439431190491,-0.8747805953025818,0.18240275979042054,0.44887441396713259,-0.1508098840713501,-0.9829160571098328,0.10551074147224426],"EasingStyle":"Linear","EasingDirection":"In"}}},{"Time":0.6551724076271057,"poses":{"Left Leg":{"Weight":1,"CFrame":[-0.36956802010536196,0.3588864207267761,0.0011887550354003907,0.9352962970733643,-0.29111266136169436,0.20118238031864167,0.18176835775375367,0.8830230832099915,0.4327015280723572,-0.3036136329174042,-0.368135541677475,0.8788031935691834],"EasingStyle":"Linear","EasingDirection":"In"},"Right Arm":{"Weight":1,"CFrame":[0.36678528785705569,-0.5121995806694031,0.05705702304840088,0.13769441843032838,-0.6816428899765015,0.7186121344566345,0.8153609037399292,0.48992207646369936,0.3084852397441864,-0.5623406171798706,0.5434514284133911,0.6232444643974304],"EasingStyle":"Linear","EasingDirection":"In"},"Head":{"Weight":1,"CFrame":[5.21540641784668e-8,-6.28642737865448e-9,-2.980232238769531e-7,0.9848630428314209,0.15842507779598237,-0.07033009082078934,-0.15082