{"Sequence":[{"Time":0,"poses":{"Left Leg":{"Weight":1,"CFrame":[-0.35333406925201418,0.20306789875030518,0.07477188110351563,0.9871543049812317,-0.13850240409374238,0.07964572310447693,0.12926141917705537,0.9853361248970032,0.11137408018112183,-0.09390340745449066,-0.09964828938245774,0.9905818104743958],"EasingStyle":"Linear","EasingDirection":"Out"},"Right Arm":{"Weight":1,"CFrame":[0.37312233448028567,-0.45497629046440127,0.3423553705215454,-0.22920747101306916,-0.2979681193828583,0.9266493320465088,0.4674418270587921,-0.8687308430671692,-0.16372208297252656,0.8537927269935608,0.39562833309173586,0.33840230107307436],"EasingStyle":"Linear","EasingDirection":"Out"},"Left Arm":{"Weight":1,"CFrame":[-0.3731224238872528,-0.45497655868530276,0.3423551321029663,-0.22920732200145722,0.2979680597782135,-0.9266493916511536,-0.4674416482448578,-0.868730902671814,-0.16372215747833253,-0.8537929058074951,0.3956282138824463,0.3384020924568176],"EasingStyle":"Linear","EasingDirection":"Out"},"Head":{"Weight":1,"CFrame":[1.5075784176588059e-7,-7.623384590260685e-9,-5.960464477539063e-8,0.9976757168769836,-0.05942755192518234,-0.033340346068143848,0.06164584681391716,0.9956397414207459,0.07000911235809326,0.029034500941634179,-0.07190167903900147,0.9969890117645264],"EasingStyle":"Linear","EasingDirection":"Out"},"Torso":{"Weight":1,"CFrame":[-3.176836571583408e-11,-1.2623968537184283e-9,-0.1672353744506836,0.9998002052307129,-0.01996614597737789,0.0009384933509863913,0.019985312595963479,0.9993504285812378,-0.0299892108887434,-0.00033911483478732407,0.03000197373330593,0.9995498061180115],"EasingStyle":"Linear","EasingDirection":"Out"},"HumanoidRootPart":{"Weight":1,"CFrame":[0,0,0,1,0,0,0,1,0,0,0,1],"EasingStyle":"Linear","EasingDirection":"In"},"Right Leg":{"Weight":1,"CFrame":[0.30796563625335696,0.20443832874298097,0.059112548828125,0.9853764176368713,0.15151113271713258,-0.07795922458171845,-0.13958489894866944,0.9801729321479797,0.14063087105751038,0.0977206751704216,-0.12769241631031037,0.9869880080223084],"EasingStyle":"Linear","EasingDirection":"Out"}}},{"Time":0.01666666753590107,"poses":{"Left Leg":{"Weight":1,"CFrame":[-0.34765028953552248,0.1979541778564453,0.07462573051452637,0.9877505898475647,-0.13390448689460755,0.08011477440595627,0.12464384734630585,0.9859535694122315,0.11117331683635712,-0.09387608617544174,-0.09982570260763169,0.9905665516853333],"EasingStyle":"Linear","EasingDirection":"Out"},"Right Arm":{"Weight":1,"CFrame":[0.373130202293396,-0.46856388449668887,0.33655083179473879,-0.2211204469203949,-0.2890639901161194,0.9314224720001221,0.4766096770763397,-0.8652733564376831,-0.15538732707500459,0.8508518934249878,0.40956562757492068,0.3291003108024597],"EasingStyle":"Linear","EasingDirection":"Out"},"Left Arm":{"Weight":1,"CFrame":[-0.3730829954147339,-0.46859145164489748,0.3356527090072632,-0.22169792652130128,0.29038622975349429,-0.930873692035675,-0.47557157278060915,-0.8655967712402344,-0.1567603498697281,-0.8512824177742004,0.4079436957836151,0.33000051975250246],"EasingStyle":"Linear","EasingDirection":"Out"},"Head":{"Weight":1,"CFrame":[1.5081604942679406e-7,-5.804395186714828e-9,-4.76837158203125e-7,0.9978227019309998,-0.059245966374874118,-0.02897799387574196,0.061017367988824847,0.9960415363311768,0.06463821232318878,0.025033732876181604,-0.06626563519239426,0.9974879622459412],"EasingStyle":"Linear","EasingDirection":"Out"},"Torso":{"Weight":1,"CFrame":[-0.0002752929285634309,-1.602451282778361e-9,-0.1607985496520996,0.999802827835083,-0.01983555592596531,0.0009392962674610317,0.019855236634612085,0.9993129968643189,-0.031293127685785297,-0.0003179346676915884,0.03130560368299484,0.9995098114013672],"EasingStyle":"Linear","EasingDirection":"Out"},"HumanoidRootPart":{"Weight":1,"CFrame":[0,0,0,1,0,0,0,1,0,0,0,1],"EasingStyle":"Linear","EasingDirection":"In"},"Right Leg":{"Weight":1,"CFrame":[0.3027472496032715,0.1992838978767395,0.059107184410095218,0.9860341548919678,0.14700156450271607,-0.07827642560005188,-0.13510745763778687,0.9808714389801025,0.14013274013996125,0.09737884998321533,-0.12759995460510255,0.9870337247848511],"EasingStyle":"Linear","EasingDirection":"Out"}}},{"Time":0.03333333507180214,"poses":{"Left Leg":{"Weight":1,"CFrame":[-0.33438390493392947,0.18515372276306153,0.07438373565673828,0.9891562461853027,-0.12223245948553086,0.08141931891441345,0.11291233450174332,0.9874265193939209,0.11063303053379059,-0.09391849488019943,-0.1002400666475296,0.9905206561088562],"EasingStyle":"Linear","EasingDirection":"Out"},"Right Arm":{"Weight":1,"CFrame":[0.37318530678749087,-0.5016622543334961,0.31999337673187258,-0.20237091183662415,-0.26960664987564089,0.9414659142494202,0.4987742304801941,-0.8557021021842957,-0.13783343136310578,0.8427753448486328,0.4416855573654175,0.3076423704624176],"EasingStyle":"Linear","EasingDirection":"Out"},"Left Arm":{"Weight":1,"CFrame":[-0.37305939197540285,-0.5017342567443848,0.31759798526763918,-0.20383161306381226,0.273209810256958,-0.9401111602783203,-0.4960234761238098,-0.856714129447937,-0.1414273977279663,-0.844045877456665,0.43748974800109866,0.31014391779899599],"EasingStyle":"Linear","EasingDirection":"Out"},"Head":{"Weight":1,"CFrame":[1.5090336091816426e-7,8.171582521754317e-9,3.5762786865234377e-7,0.9982914328575134,-0.05568245053291321,-0.017709648236632348,0.05652296543121338,0.9970898032188416,0.05115795135498047,0.014809513464570046,-0.05207155644893646,0.9985335469245911],"EasingStyle":"Linear","EasingDirection":"Out"},"Torso":{"Weight":1,"CFrame":[-0.001059095491655171,-2.588087077981527e-9,-0.14477920532226563,0.9998112320899963,-0.019408147782087327,0.0009356602095067501,0.01942901499569416,0.999197244644165,-0.03503331542015076,-0.0002549773780629039,0.03504488244652748,0.9993857145309448],"EasingStyle":"Linear","EasingDirection":"Out"},"HumanoidRootPart":{"Weight":1,"CFrame":[0,0,0,1,0,0,0,1,0,0,0,1],"EasingStyle":"Linear","EasingDirection":"In"},"Right Leg":{"Weight":1,"CFrame":[0.29089194536209109,0.18635720014572144,0.05926191806793213,0.9876160025596619,0.13554459810256959,-0.0790083259344101,-0.1237509623169899,0.9825642108917236,0.13875612616539002,0.09643843024969101,-0.12726040184497834,0.9871699213981628],"EasingStyle":"Linear","EasingDirection":"Out"}}},{"Time":0.05000000074505806,"poses":{"Left Leg":{"Weight":1,"CFrame":[-0.31950893998146059,0.16845691204071046,0.07437849044799805,0.9907771944999695,-0.10679585486650467,0.08339805901050568,0.09737742692232132,0.9891685843467712,0.10983249545097351,-0.09422442317008972,-0.10069843381643295,0.9904451370239258],"EasingStyle":"Linear","EasingDirection":"Out"},"Right Arm":{"Weight":1,"CFrame":[0.37333476543426516,-0.5427777171134949,0.29396629333496096,-0.18097104132175446,-0.2508942186832428,0.9509477019309998,0.5257757902145386,-0.8418223857879639,-0.12204478681087494,0.8311493992805481,0.4778987467288971,0.284259557723999],"EasingStyle":"Linear","EasingDirection":"Out"},"Left Arm":{"Weight":1,"CFrame":[-0.37319308519363406,-0.5428591966629028,0.2912716865539551,-0.18250444531440736,0.25504085421562197,-0.9495505094528198,-0.5227198600769043,-0.8431426882743836,-0.12599341571331025,-0.832740068435669,0.4733545482158661,0.2871924340724945],"EasingStyle":"Linear","EasingDirection":"Out"},"Head":{"Weight":1,"CFrame":[1.514563336968422e-7,9.409632184542716e-9,0,0.9990209341049194,-0.04417409747838974,-0.0024223853833973409,0.04423041641712189,0.9984622597694397,0.03341826796531677,0.0009424390736967325,-0.033492691814899448,0.9994385242462158],"EasingStyle":"Linear","EasingDirection":"Out"},"Torso":{"Weight":1,"CFrame":[-0.0022882940247654917,-4.167512557273767e-9,-0.1241140365600586,0.9998260140419006,-0.018630562350153924,0.0009167617536149919,0.018652478232979776,0.9989869594573975,-0.04095218703150749,-0.00015287099813576788,0.04096216335892677,0.9991607069969177],"EasingStyle":"Linear","EasingDirection":"Out"},"HumanoidRootPart":{"Weight":1,"CFrame":[0,0,0,1,0,0,0,1,0,0,0,1],"EasingStyle":"Linear","EasingDirection":"In"},"Right Leg":{"Weight":1,"CFrame":[0.278198778629303,0.1694757342338562,0.05983710289001465,0.989526629447937,0.12027612328529358,-0.0798165425658226,-0.10865720361471176,0.9846380949020386,0.13668012619018556,0.09502977132797241,-0.12657594680786134,0.9873944520950317],"EasingStyle":"Linear","EasingDirection":"Out"}}},{"Time":0.06666667014360428,"poses":{"Left Leg":{"Weight":1,"CFrame":[-0.30747178196907046,0.15209275484085084,0.07470488548278809,0.9922110438346863,-0.09018182754516602,0.08593322336673737,0.08061972260475159,0.9907777905464172,0.1089029386639595,-0.09496180713176727,-0.1011267751455307,0.9903310537338257],"EasingStyle":"Linear","EasingDirection":"Out"},"Right Arm":{"Weight":1,"CFrame":[0.3736259639263153,-0.5804160237312317,0.2597537040710449,-0.16406218707561494,-0.2454231232404709,0.9554324150085449,0.5494406819343567,-0.8271409869194031,-0.11812149733304978,0.8192670941352844,0.5055742263793945,0.2705479562282562],"EasingStyle":"Linear","EasingDirection":"Out"},"Left Arm":{"Weight":1,"CFrame":[-0.3736260235309601,-0.5804163813591003,0.25975358486175539,-0.16406206786632539,0.24542301893234254,-0.9554324746131897,-0.5494405031204224,-0.8271411061286926,-0.11812155693769455,-0.819267213344574,0.505574107170105,0.2705477178096771],"EasingStyle":"Linear","EasingDirection":"Out"},"Head":{"Weight":1,"CFrame":[1.5062687452882529e-7,1.7491402104496957e-8,-2.384185791015625e-7,0.9996996521949768,-0.02028999850153923,0.013745206408202649,0.020081516355276109,0.9996837377548218,0.015139502473175526,-0.014048038050532341,-0.014858931303024292,0.9997909069061279],"EasingStyle":"Linear","EasingDirection":"Out"},"Torso":{"Weight":1,"CFrame":[-0.003899773582816124,-6.288936482690133e-9,-0.10374116897583008,0.9998473525047302,-0.017449552193284036,0.0008692907867953181,0.017471184954047204,0.998656153678894,-0.04879159480333328,-0.00001673114820732735,0.048799335956573489,0.9988086223602295],"EasingStyle":"Linear","EasingDirection":"Out"},"HumanoidRootPart":{"Weight":1,"CFrame":[0,0,0,1,0,0,0,1,0,0,0,1],"EasingStyle":"Linear","EasingDirection":"In"},"Right Leg":{"Weight":1,"CFrame":[0.26862606406211855,0.1529308557510376,0.060758233070373538,0.9913766384124756,0.10345939546823502,-0.08042711764574051,-0.09208347648382187,0.9866706728935242,0.13416996598243714,0.09323621541261673,-0.1256069540977478,0.987689197063446],"EasingStyle":"Linear","EasingDirection":"Out"}}},{"Time":0.0833333358168602,"poses":{"Left Leg":{"Weight":1,"CFrame":[-0.3000510334968567,0.14081650972366334,0.07507491111755371,0.9932990074157715,-0.07375013083219528,0.08898340165615082,0.0639796033501625,0.9920836091041565,0.1080588698387146,-0.09624829143285752,-0.10164161026477814,0.9901541471481323],"EasingStyle":"Linear","EasingDirection":"Out"},"Right Arm":{"Weight":1,"CFrame":[0.3743671178817749,-0.6061930060386658,0.2227318286895752,-0.1542312204837799,-0.2544398605823517,0.9547110199928284,0.5659445524215698,-0.814800500869751,-0.12572535872459413,0.8098886013031006,0.5209227204322815,0.26966652274131777],"EasingStyle":"Linear","EasingDirection":"Out"},"Left Arm":{"Weight":1,"CFrame":[-0.3744284510612488,-0.6060495376586914,0.2275218963623047,-0.15316161513328553,0.2506314218044281,-0.955889880657196,-0.5693436861038208,-0.8130055069923401,-0.12194201350212097,-0.8077061772346497,0.5255529880523682,0.26721659302711489],"EasingStyle":"Linear","EasingDirection":"Out"},"Head":{"Weight":1,"CFrame":[1.5040859580039979e-7,1.8291757442057134e-8,0,0.9994188547134399,0.02012837864458561,0.02751041390001774,-0.020136183127760888,0.9997972249984741,0.000006546469649038045,-0.027504712343215944,-0.0005604935577139258,0.9996215105056763],"EasingStyle":"Linear","EasingDirection":"Out"},"Torso":{"Weight":1,"CFrame":[-0.005830421112477779,-8.90056739422107e-9,-0.08859634399414063,0.9998746514320374,-0.015812167897820474,0.0007773897377774119,0.015830595046281816,0.9981740117073059,-0.05829266086220741,0.00014576298417523503,0.05829766020178795,0.998299241065979],"EasingStyle":"Linear","EasingDirection":"Out"},"HumanoidRootPart":{"Weight":1,"CFrame":[0,0,0,1,0,0,0,1,0,0,0,1],"EasingStyle":"Linear","EasingDirection":"In"},"Right Leg":{"Weight":1,"CFrame":[0.26365530490875246,0.1415088176727295,0.06155967712402344,0.9930046796798706,0.08622964471578598,-0.08066067844629288,-0.07514645159244538,0.9884533882141113,0.13157878816127778,0.09107531607151032,-0.12459696829319,0.9880186915397644],"EasingStyle":"Linear","EasingDirection":"Out"}}},{"Time":0.10000000149011612,"poses":{"Left Leg":{"Weight":1,"CFrame":[-0.29761508107185366,0.13962781429290772,0.07503771781921387,0.9940001964569092,-0.058290738612413409,0.09255135804414749,0.04821961000561714,0.9930294156074524,0.10755209624767304,-0.09817548096179962,-0.10244398564100266,0.989882230758667],"EasingStyle":"Linear","EasingDirection":"Out"},"Right Arm":{"Weight":1,"CFrame":[0.37538576126098635,-0.6241729855537415,0.2046489715576172,-0.1506251096725464,-0.2606619596481323,0.9536076188087463,0.5727524161338806,-0.8092367053031921,-0.13073135912418366,0.8057709336280823,0.5264896154403687,0.27118587493896487],"EasingStyle":"Linear","EasingDirection":"Out"},"Left Arm":{"Weight":1,"CFrame":[-0.3753858208656311,-0.624173641204834,0.20464873313903809,-0.15062496066093446,0.26066187024116518,-0.9536076784133911,-0.5727522373199463,-0.8092368245124817,-0.13073141872882844,-0.8057710528373718,0.5264894366264343,0.27118563652038576],"EasingStyle":"Linear","EasingDirection":"Out"},"Head":{"Weight":1,"CFrame":[1.5029218047857285e-7,-2.208980731666088e-8,0,0.9969966411590576,0.06954973936080933,0.03406693413853645,-0.06925385445356369,0.9975510239601135,-0.009791512973606587,-0.03466450050473213,0.007402820512652397,0.9993715882301331],"EasingStyle":"Linear","EasingDirection":"Out"},"Torso":{"Weight":1,"CFrame":[-0.008017121814191342,-1.1950615608213866e-8,-0.0836176872253418,0.9999064207077026,-0.013665812090039254,0.000622731342446059,0.013676146045327187,0.9975093603134155,-0.06919557601213455,0.0003244333202019334,0.06919761747121811,0.9976029396057129],"EasingStyle":"Linear","EasingDirection":"Out"},"HumanoidRootPart":{"Weight":1,"CFrame":[0,0,0,1,0,0,0,1,0,0,0,1],"EasingStyle":"Linear","EasingDirection":"In"},"Right Leg":{"Weight":1,"CFrame":[0.26370954513549807,0.1402038335800171,0.06166684627532959,0.9943496584892273,0.0693289265036583,-0.08038783818483353,-0.058565836399793628,0.9898776412010193,0.12927620112895966,0.08853670954704285,-0.12383775413036347,0.9883447885513306],"EasingStyle":"Linear","EasingDirection":"Out"}}},{"Time":0.11666666716337204,"poses":{"Left Leg":{"Weight":1,"CFrame":[-0.3010125458240509,0.15203124284744264,0.07443392276763916,0.9943061470985413,-0.04491686448454857,0.09663189947605133,0.034434184432029727,0.9936046004295349,0.10753707587718964,-0.10084415227174759,-0.10359733551740647,0.9894938468933106],"EasingStyle":"Linear","EasingDirection":"Out"},"Right Arm":{"Weight":1,"CFrame":[0.3761845529079437,-0.6401568055152893,0.20764362812042237,-0.15450727939605714,-0.2580074667930603,0.9537083506584168,0.5584594011306763,-0.8191038370132446,-0.13111846148967744,0.8150157332420349,0.5123485922813416,0.27064433693885805],"EasingStyle":"Linear","EasingDirection":"Out"},"Left Arm":{"Weight":1,"CFrame":[-0.3762974739074707,-0.6408586502075195,0.19941484928131104,-0.15614071488380433,0.2639056444168091,-0.9518266320228577,-0.5526736378669739,-0.8220179677009583,-0.1372523456811905,-0.8186402916908264,0.5046188831329346,0.2742040157318115],"EasingStyle":"Linear","EasingDirection":"Out"},"Head":{"Weight":1,"CFrame":[1.501757651567459e-7,-4.751200322061777e-9,2.384185791015625e-7,0.9969196319580078,0.07499755918979645,0.02294725552201271,-0.07458614557981491,0.9970468282699585,-0.018289169296622278,-0.024251125752925874,0.016521282494068147,0.9995693564414978],"EasingStyle":"Linear","EasingDirection":"Out"},"Torso":{"Weight":1,"CFrame":[-0.010396762751042843,-1.5387287888302127e-8,-0.09224271774291992,0.9999398589134216,-0.010958394967019558,0.0003847421321552247,0.010953429155051709,0.9966344237327576,-0.08123965561389923,0.0005068090395070612,0.08123898506164551,0.9966945052146912],"EasingStyle":"Linear","EasingDirection":"Out"},"HumanoidRootPart":{"Weight":1,"CFrame":[0,0,0,1,0,0,0,1,0,0,0,1],"EasingStyle":"Linear","EasingDirection":"In"},"Right Leg":{"Weight":1,"CFrame":[0.26969853043556216,0.15251606702804566,0.06083238124847412,0.9953820705413818,0.05382830649614334,-0.07947979867458344,-0.043405015021562579,0.9908888936042786,0.12749570608139039,0.0856185182929039,-0.12345713376998902,0.9886494874954224],"EasingStyle":"Linear","EasingDirection":"Out"}}},{"Time":0.13333334028720857,"poses":{"Left Leg":{"Weight":1,"CFrame":[-0.3114128112792969,0.17551875114440919,0.07385683059692383,0.994257926940918,-0.034742433577775958,0.10121319442987442,0.023753037676215173,0.9938860535621643,0.10782551020383835,-0.10434050112962723,-0.10480225086212158,0.9890043139457703],"EasingStyle":"Linear","EasingDirection":"Out"},"Right Arm":{"Weight":1,"CFrame":[0.37697258591651919,-0.6544498205184937,0.2147846221923828,-0.16319812834262849,-0.25123730301856997,0.9540682435035706,0.5234930515289307,-0.8417259454727173,-0.13210786879062653,0.8362544178962708,0.4778883457183838,0.2688888907432556],"EasingStyle":"Linear","EasingDirection":"Out"},"Left Arm":{"Weight":1,"CFrame":[-0.3773031234741211,-0.6560377478599548,0.2073434591293335,-0.1659877449274063,0.25969523191452029,-0.9513182640075684,-0.5161094665527344,-0.844904899597168,-0.1405942589044571,-0.8402851223945618,0.4676474332809448,0.2742750644683838],"EasingStyle":"Linear","EasingDirection":"Out"},"Head":{"Weight":1,"CFrame":[1.5133991837501527e-7,-1.9055732991546394e-8,-2.980232238769531e-7,0.9999521374702454,-0.003291927045211196,-0.009216134436428547,0.0030022182036191227,0.9995063543319702,-0.03127431496977806,0.00931453611701727,0.031245142221450807,0.9994683265686035],"EasingStyle":"Linear","EasingDirection":"Out"},"Torso":{"Weight":1,"CFrame":[-0.012906230986118317,-1.9158793662654717e-8,-0.11191749572753906,0.9999708533287048,-0.007638375274837017,0.00004096227348782122,0.0076082926243543629,0.9955276846885681,-0.09416348487138748,0.0006784769357182086,0.09416104853153229,0.9955567717552185],"EasingStyle":"Linear","EasingDirection":"Out"},"HumanoidRootPart":{"Weight":1,"CFrame":[0,0,0,1,0,0,0,1,0,0,0,1],"EasingStyle":"Linear","EasingDirection":"In"},"Right Leg":{"Weight":1,"CFrame":[0.28295814990997317,0.17594826221466065,0.0596463680267334,0.9961308240890503,0.04085443541407585,-0.07780974358320236,-0.030819246545433999,0.9915433526039124,0.12606321275234223,0.08230197429656983,-0.12317739427089691,0.9889659881591797],"EasingStyle":"Linear","EasingDirection":"Out"}}},{"Time":0.15000000596046449,"poses":{"Left Leg":{"Weight":1,"CFrame":[-0.3300211727619171,0.20608192682266236,0.0741264820098877,0.9939210414886475,-0.02877401001751423,0.10626879334449768,0.017214257270097734,0.9939871430397034,0.10813508927822113,-0.10874129831790924,-0.10564839839935303,0.9884400367736816],"EasingStyle":"Linear","EasingDirection":"Out"},"Right Arm":{"Weight":1,"CFrame":[0.37813612818717959,-0.6659818887710571,0.22330820560455323,-0.17228244245052339,-0.24234050512313844,0.9547721743583679,0.48019447922706606,-0.8669583797454834,-0.1334036886692047,0.8600767254829407,0.4354931712150574,0.26573216915130618],"EasingStyle":"Linear","EasingDirection":"Out"},"Left Arm":{"Weight":1,"CFrame":[-0.3786276876926422,-0.6681042909622192,0.22076880931854249,-0.1754075139760971,0.250419944524765,-0.9521145224571228,-0.4742433428764343,-0.868998646736145,-0.14118970930576325,-0.8627429604530335,0.42676830291748049,0.27118876576423647],"EasingStyle":"Linear","EasingDirection":"Out"},"Head":{"Weight":1,"CFrame":[1.517182681709528e-7,-2.1544110495597125e-8,1.1920928955078126e-7,0.9938637614250183,-0.10343152284622193,-0.03920067474246025,0.1015964075922966,0.9937509894371033,-0.04622914269566536,0.0437372624874115,0.041962817311286929,0.9981613755226135],"EasingStyle":"Linear","EasingDirection":"Out"},"Torso":{"Weight":1,"CFrame":[-0.015482412651181221,-2.3213342359440504e-8,-0.13858842849731446,0.9999932050704956,-0.0036547863855957987,-0.0004324525943957269,0.0035869490820914509,0.9941763877868652,-0.10770535469055176,0.0008235741406679153,0.1077030748128891,0.9941827654838562],"EasingStyle":"Linear","EasingDirection":"Out"},"HumanoidRootPart":{"Weight":1,"CFrame":[0,0,0,1,0,0,0,1,0,0,0,1],"EasingStyle":"Linear","EasingDirection":"In"},"Right Leg":{"Weight":1,"CFrame":[0.3052697479724884,0.2065325379371643,0.05887162685394287,0.99666428565979,0.03162949159741402,-0.07523215562105179,-0.022065989673137666,0.9919474124908447,0.12471319735050202,0.07857095450162888,-0.12263710051774979,0.9893364906311035],"EasingStyle":"Linear","EasingDirection":"Out"}}},{"Time":0.1666666716337204,"poses":{"Left Leg":{"Weight":1,"CFrame":[-0.3534124493598938,0.23979324102401734,0.07529985904693604,0.9933879375457764,-0.025646911934018136,0.11190435290336609,0.013461602851748467,0.9940253496170044,0.10831641405820847,-0.11401374638080597,-0.10609379410743714,0.9877980351448059],"EasingStyle":"Linear","EasingDirection":"Out"},"Right Arm":{"Weight":1,"CFrame":[0.3800608813762665,-0.6736855506896973,0.23044931888580323,-0.17767983675003053,-0.23393556475639344,0.9558786749839783,0.4424663782119751,-0.8866057395935059,-0.13473603129386903,0.8790070414543152,0.3990042805671692,0.26104047894477847],"EasingStyle":"Linear","EasingDirection":"Out"},"Left Arm":{"Weight":1,"CFrame":[-0.38049596548080447,-0.675457239151001,0.23202431201934815,-0.17996102571487428,0.23909881711006165,-0.9541727900505066,-0.43955785036087038,-0.8873240351676941,-0.1394452303647995,-0.8800016641616821,0.39431944489479067,0.26478153467178347],"EasingStyle":"Linear","EasingDirection":"Out"},"Head":{"Weight":1,"CFrame":[1.5234400052577258e-7,4.6627974370494488e-8,-2.384185791015625e-7,0.9869223833084106,-0.15391379594802857,-0.04790303483605385,0.1514994353055954,0.9871653318405151,-0.05052223801612854,0.055064279586076739,0.0426042415201664,0.9975734353065491],"EasingStyle":"Linear","EasingDirection":"Out"},"Torso":{"Weight":1,"CFrame":[-0.01806219294667244,-2.749915140043413e-8,-0.16820240020751954,0.9999988675117493,0.001042813528329134,-0.00106009969022125,-0.0011639870936051012,0.9925780296325684,-0.12160362303256989,0.0009254218894056976,0.12160472571849823,0.9925781488418579],"EasingStyle":"Linear","EasingDirection":"Out"},"HumanoidRootPart":{"Weight":1,"CFrame":[0,0,0,1,0,0,0,1,0,0,0,1],"EasingStyle":"Linear","EasingDirection":"In"},"Right Leg":{"Weight":1,"CFrame":[0.33387377858161929,0.24044573307037354,0.058504462242126468,0.9971079230308533,0.025053581222891809,-0.0717502236366272,-0.016054755076766015,0.9922328591346741,0.1233537495136261,0.07428339123725891,-0.1218450665473938,0.9897655248641968],"EasingStyle":"Linear","EasingDirection":"Out"}}},{"Time":0.18333333730697633,"poses":{"Left Leg":{"Weight":1,"CFrame":[-0.3740541636943817,0.27271121740341189,0.07659792900085449,0.9927292466163635,-0.021869372576475145,0.11836522817611695,0.00898017082363367,0.9940721988677979,0.10835019499063492,-0.12003312259912491,-0.10649946331977844,0.9870409965515137],"EasingStyle":"Linear","EasingDirection":"Out"},"Right Arm":{"Weight":1,"CFrame":[0.38313305377960207,-0.6764906048774719,0.2334439754486084,-0.17579200863838197,-0.2290985882282257,0.9573980569839478,0.425418496131897,-0.8947214484214783,-0.13598760962486268,0.8877591490745544,0.38338929414749148,0.2547476589679718],"EasingStyle":"Linear","EasingDirection":"Out"},"Left Arm":{"Weight":1,"CFrame":[-0.38313305377960207,-0.6764913201332092,0.23344385623931886,-0.17579184472560883,0.22909852862358094,-0.9573980569839478,-0.42541831731796267,-0.8947215676307678,-0.13598760962486268,-0.887759268283844,0.3833891451358795,0.2547474801540375],"EasingStyle":"Linear","EasingDirection":"Out"},"Head":{"Weight":1,"CFrame":[1.5116529539227486e-7,8.838833309710026e-8,0,0.9872215986251831,-0.15406100451946259,-0.04072793573141098,0.15290744602680207,0.9877825379371643,-0.030083071440458299,0.044864967465400699,0.023471053689718248,0.9987173080444336],"EasingStyle":"Linear","EasingDirection":"Out"},"Torso":{"Weight":1,"CFrame":[-0.020582467317581178,-3.196441511477133e-8,-0.19670629501342774,0.9999771118164063,0.006504450459033251,-0.0018665671814233065,-0.006697483826428652,0.9907413721084595,-0.13559745252132417,0.0009672983433119953,0.13560685515403748,0.9907622337341309],"EasingStyle":"Linear","EasingDirection":"Out"},"HumanoidRootPart":{"Weight":1,"CFrame":[0,0,0,1,0,0,0,1,0,0,0,1],"EasingStyle":"Linear","EasingDirection":"In"},"Right Leg":{"Weight":1,"CFrame":[0.3607770800590515,0.27387452125549319,0.05777621269226074,0.9975652694702148,0.017350630834698678,-0.06754645705223084,-0.008995581418275833,0.9924787878990173,0.12208573520183563,0.0691566988825798,-0.12118086218833924,0.990218460559845],"EasingStyle":"Linear","EasingDirection":"Out"}}},{"Time":0.20000000298023225,"poses":{"Left Leg":{"Weight":1,"CFrame":[-0.38692978024482729,0.3006981611251831,0.07751357555389404,0.9919367432594299,-0.015054560266435147,0.12583673000335694,0.0013700240524485708,0.994135320186615,0.10813439637422562,-0.1267266720533371,-0.1070900559425354,0.9861400127410889],"EasingStyle":"Linear","EasingDirection":"Out"},"Right Arm":{"Weight":1,"CFrame":[0.3874678909778595,-0.6720613837242127,0.2224370241165161,-0.16083449125289918,-0.2256873995065689,0.9608316421508789,0.4441118538379669,-0.8859313726425171,-0.1337539553642273,0.8814175724983215,0.40520456433296206,0.24271877110004426],"EasingStyle":"Linear","EasingDirection":"Out"},"Left Arm":{"Weight":1,"CFrame":[-0.3866298198699951,-0.6702160239219666,0.22010469436645509,-0.16102248430252076,0.2226123809814453,-0.961517333984375,-0.44060003757476809,-0.8879754543304443,-0.1317998617887497,-0.8831440210342407,0.402421772480011,0.24106693267822267],"EasingStyle":"Linear","EasingDirection":"Out"},"Head":{"Weight":1,"CFrame":[1.5064142644405366e-7,-2.514570951461792e-8,-3.5762786865234377e-7,0.9928405284881592,-0.11696349829435349,-0.024232955649495126,0.1174745112657547,0.9928568601608276,0.02085750736296177,0.02162027917802334,-0.023554962128400804,0.9994887113571167],"EasingStyle":"Linear","EasingDirection":"Out"},"Torso":{"Weight":1,"CFrame":[-0.022980112582445146,-3.6557359806010939e-8,-0.2200465202331543,0.9999141693115234,0.012779930606484414,-0.0028755466919392349,-0.013066149316728115,0.9886863827705383,-0.14942733943462373,0.000933342962525785,0.1494520902633667,0.9887685179710388],"EasingStyle":"Linear","EasingDirection":"Out"},"HumanoidRootPart":{"Weight":1,"CFrame":[0,0,0,1,0,0,0,1,0,0,0,1],"EasingStyle":"Linear","EasingDirection":"In"},"Right Leg":{"Weight":1,"CFrame":[0.38036003708839419,0.3027273416519165,0.05637991428375244,0.998013973236084,0.00577579764649272,-0.06272736936807633,0.001855543116107583,0.9926599860191345,0.12092430144548416,0.06296537816524506,-0.12080053240060806,0.9906778335571289],"EasingStyle":"Linear","EasingDirection":"Out"}}},{"Time":0.21666666865348817,"poses":{"Left Leg":{"Weight":1,"CFrame":[-0.39132899045944216,0.32050204277038576,0.07807314395904541,0.9909555912017822,-0.004635241813957691,0.1341102570295334,-0.009895606897771359,0.9941579103469849,0.10748082399368286,-0.13382500410079957,-0.10783585906028748,0.9851204752922058],"EasingStyle":"Linear","EasingDirection":"Out"},"Right Arm":{"Weight":1,"CFrame":[0.3920974135398865,-0.6603536605834961,0.19822156429290772,-0.13670291006565095,-0.21990391612052918,0.9658957719802856,0.48669368028640749,-0.8641647696495056,-0.12786148488521577,0.8628102540969849,0.4526163339614868,0.22515946626663209],"EasingStyle":"Linear","EasingDirection":"Out"},"Left Arm":{"Weight":1,"CFrame":[-0.39054057002067568,-0.6580922603607178,0.19805574417114259,-0.14021721482276917,0.2182406336069107,-0.9657691717147827,-0.4753294587135315,-0.8704912066459656,-0.1276984065771103,-0.868562638759613,0.4411531090736389,0.2257942259311676],"EasingStyle":"Linear","EasingDirection":"Out"},"Head":{"Weight":1,"CFrame":[1.4971010386943818e-7,5.4249539971351626e-8,-1.1920928955078126e-7,0.9991194009780884,-0.04178265854716301,0.003822356928139925,0.041323017328977588,0.9957062602043152,0.08283417671918869,-0.0072669764049351219,-0.08260327577590943,0.9965560436248779],"EasingStyle":"Linear","EasingDirection":"Out"},"Torso":{"Weight":1,"CFrame":[-0.025192024186253549,-4.122617625057501e-8,-0.23520374298095704,0.9997988343238831,0.019641736522316934,-0.0040644435212016109,-0.020041493698954583,0.9864413142204285,-0.16288615763187409,0.0008099685073830187,0.16293485462665559,0.9866365194320679],"EasingStyle":"Linear","EasingDirection":"Out"},"HumanoidRootPart":{"Weight":1,"CFrame":[0,0,0,1,0,0,0,1,0,0,0,1],"EasingStyle":"Linear","EasingDirection":"In"},"Right Leg":{"Weight":1,"CFrame":[0.3914886713027954,0.3236388564109802,0.054662466049194339,0.9982925653457642,-0.010157579556107521,-0.05752230063080788,0.017001140862703325,0.9926567077636719,0.11976473778486252,0.05588338151574135,-0.12053819000720978,0.991134524345398],"EasingStyle":"Linear","EasingDirection":"Out"}}},{"Time":0.23333333432674409,"poses":{"Left Leg":{"Weight":1,"CFrame":[-0.39046511054039,0.33316487073898318,0.07837855815887451,0.9898568391799927,0.008740311488509179,0.1417994648218155,-0.024014748632907869,0.9940367341041565,0.10636838525533676,-0.14002420008182527,-0.10869473963975907,0.9841639399528503],"EasingStyle":"Linear","EasingDirection":"Out"},"Right Arm":{"Weight":1,"CFrame":[0.3957834541797638,-0.6437414288520813,0.17400634288787843,-0.11444227397441864,-0.2134455144405365,0.9702288508415222,0.5286383032798767,-0.8399710059165955,-0.12243450433015824,0.8410971760749817,0.49888846278190615,0.2089635282754898],"EasingStyle":"Linear","EasingDirection":"Out"},"Left Arm":{"Weight":1,"CFrame":[-0.3942863643169403,-0.6421948075294495,0.17609000205993653,-0.11943797022104263,0.2143002599477768,-0.9694379568099976,-0.5153404474258423,-0.8479731678962708,-0.12395797669887543,-0.848621666431427,0.48478537797927859,0.21171797811985017],"EasingStyle":"Linear","EasingDirection":"Out"},"Head":{"Weight":1,"CFrame":[1.4924444258213044e-7,3.969762474298477e-8,2.384185791015625e-7,0.9973986148834229,0.059817466884851459,0.04022309556603432,-0.06467464566230774,0.989016056060791,0.13290759921073914,-0.03183109685778618,-0.13516323268413545,0.9903119206428528],"EasingStyle":"Linear","EasingDirection":"Out"},"Torso":{"Weight":1,"CFrame":[-0.027155080810189248,-4.591908364659503e-8,-0.24328994750976563,0.9996546506881714,0.025755738839507104,-0.0052170236594974998,-0.026271916925907136,0.9840442538261414,-0.17597338557243348,0.0006014583050273359,0.17604967951774598,0.9843810796737671],"EasingStyle":"Linear","EasingDirection":"Out"},"HumanoidRootPart":{"Weight":1,"CFrame":[0,0,0,1,0,0,0,1,0,0,0,1],"EasingStyle":"Linear","EasingDirection":"In"},"Right Leg":{"Weight":1,"CFrame":[0.3962691128253937,0.33721327781677248,0.05314016342163086,0.998175859451294,-0.02864120528101921,-0.053147587925195697,0.03478434309363365,0.9923422932624817,0.11851952970027924,0.04934604838490486,-0.12015201896429062,0.991528332233429],"EasingStyle":"Linear","EasingDirection":"Out"}}},{"Time":0.25,"poses":{"Left Leg":{"Weight":1,"CFrame":[-0.38734346628189089,0.3408944010734558,0.0783834457397461,0.9887911081314087,0.02464073896408081,0.14725838601589204,-0.04038536176085472,0.9936618804931641,0.10490516573190689,-0.14374011754989625,-0.10967639833688736,0.9835191369056702],"EasingStyle":"Linear","EasingDirection":"Out"},"Right Arm":{"Weight":1,"CFrame":[0.3972873091697693,-0.6245976090431213,0.16299927234649659,-0.10471244156360626,-0.2102314829826355,0.9720277786254883,0.5473892688751221,-0.8282071352005005,-0.12015771120786667,0.8303013443946838,0.5194956064224243,0.20180225372314454],"EasingStyle":"Linear","EasingDirection":"Out"},"Left Arm":{"Weight":1,"CFrame":[-0.3972873091697693,-0.6245980262756348,0.16299903392791749,-0.10471229255199433,0.21023137867450715,-0.9720277786254883,-0.5473890900611877,-0.8282071948051453,-0.12015776336193085,-0.8303014636039734,0.5194954872131348,0.2018020898103714],"EasingStyle":"Linear","EasingDirection":"Out"},"Head":{"Weight":1,"CFrame":[1.5599653124809266e-7,9.010545909404755e-8,0,0.9924344420433044,0.11046356707811356,0.053587693721055987,-0.11804807931184769,0.9784825444221497,0.16922353208065034,-0.033741582185029986,-0.1742691546678543,0.9841197729110718],"EasingStyle":"Linear","EasingDirection":"Out"},"Torso":{"Weight":1,"CFrame":[-0.028806172311306,-5.0584301192202477e-8,-0.24645233154296876,0.9995460510253906,0.029518330469727517,-0.006034323014318943,-0.030126752331852914,0.9815637469291687,-0.18874591588974,0.00035160966217517853,0.1888420432806015,0.9820074439048767],"EasingStyle":"Linear","EasingDirection":"Out"},"HumanoidRootPart":{"Weight":1,"CFrame":[0,0,0,1,0,0,0,1,0,0,0,1],"EasingStyle":"Linear","EasingDirection":"In"},"Right Leg":{"Weight":1,"CFrame":[0.3964551091194153,0.3452036380767822,0.05216550827026367,0.9975481629371643,-0.047804225236177447,-0.051111530512571338,0.053522661328315738,0.991676926612854,0.11709906905889511,0.04508829116821289,-0.11954761296510697,0.9918041229248047],"EasingStyle":"Linear","EasingDirection":"Out"}}},{"Time":0.2666666805744171,"poses":{"Left Leg":{"Weight":1,"CFrame":[-0.38396796584129336,0.345480740070343,0.07803845405578613,0.9878710508346558,0.04277818650007248,0.14926744997501374,-0.05859990790486336,0.9929265379905701,0.10326141119003296,-0.1437942534685135,-0.11075601726770401,0.983390212059021],"EasingStyle":"Linear","EasingDirection":"Out"},"Right Arm":{"Weight":1,"CFrame":[0.3972819745540619,-0.605006754398346,0.16897249221801759,-0.10839556157588959,-0.2100067138671875,0.9716725945472717,0.5432053804397583,-0.8311193585395813,-0.11903151869773865,0.8325732946395874,0.5149153470993042,0.2041662037372589],"EasingStyle":"Linear","EasingDirection":"Out"},"Left Arm":{"Weight":1,"CFrame":[-0.3991055190563202,-0.6070757508277893,0.16536736488342286,-0.10055208206176758,0.20639073848724366,-0.9732893109321594,-0.5622045993804932,-0.8188837170600891,-0.11556605249643326,-0.8208625316619873,0.5355673432350159,0.19837427139282227],"EasingStyle":"Linear","EasingDirection":"Out"},"Head":{"Weight":1,"CFrame":[1.536100171506405e-7,-9.39471647143364e-8,2.384185791015625e-7,0.9986744523048401,0.0485411137342453,0.01712033525109291,-0.05096564441919327,0.9790819883346558,0.19697970151901246,-0.007200600579380989,-0.1975911408662796,0.980258047580719],"EasingStyle":"Linear","EasingDirection":"Out"},"Torso":{"Weight":1,"CFrame":[-0.03008219227194786,-5.51700196638194e-8,-0.24642610549926759,0.9995377659797669,0.02975311130285263,-0.0062424978241324429,-0.030400671064853669,0.9790750741958618,-0.2012157142162323,0.0001250811037607491,0.20131248235702516,0.9795270562171936],"EasingStyle":"Linear","EasingDirection":"Out"},"HumanoidRootPart":{"Weight":1,"CFrame":[0,0,0,1,0,0,0,1,0,0,0,1],"EasingStyle":"Linear","EasingDirection":"In"},"Right Leg":{"Weight":1,"CFrame":[0.39317408204078677,0.3491207957267761,0.05191528797149658,0.9964174032211304,-0.06627513468265534,-0.052535682916641238,0.07197926193475723,0.9907090067863464,0.11538924276828766,0.04440012946724892,-0.11875731498003006,0.9919301271438599],"EasingStyle":"Linear","EasingDirection":"Out"}}},{"Time":0.28333333134651186,"poses":{"Left Leg":{"Weight":1,"CFrame":[-0.3804449439048767,0.34683388471603396,0.07742846012115479,0.9869658350944519,0.06259382516145706,0.14825809001922608,-0.07815604656934738,0.9917528033256531,0.10157787054777146,-0.14067719876766206,-0.11184115707874298,0.98371821641922],"EasingStyle":"Linear","EasingDirection":"Out"},"Right Arm":{"Weight":1,"CFrame":[0.39726734161376955,-0.5859097242355347,0.18472027778625489,-0.11817830055952072,-0.20935162901878358,0.9706728458404541,0.5321152210235596,-0.8386743664741516,-0.11609820276498795,0.8383837342262268,0.5027894377708435,0.2105122208595276],"EasingStyle":"Linear","EasingDirection":"Out"},"Left Arm":{"Weight":1,"CFrame":[-0.39986634254455569,-0.5902064442634583,0.18094348907470704,-0.10581055283546448,0.20329220592975617,-0.9733839631080627,-0.5615561604499817,-0.8200637102127075,-0.11022776365280152,-0.8206453919410706,0.5349465012550354,0.20093147456645966],"EasingStyle":"Linear","EasingDirection":"Out"},"Head":{"Weight":1,"CFrame":[1.5401747077703477e-7,-3.876630216836929e-8,0,0.9964048862457275,-0.07368785887956619,-0.04180149361491203,0.08084440231323242,0.9745402336120606,0.2091304212808609,0.025326866656541826,-0.21175798773765565,0.9769939184188843],"EasingStyle":"Linear","EasingDirection":"Out"},"Torso":{"Weight":1,"CFrame":[-0.030920017510652543,-5.962446181229098e-8,-0.24330806732177735,0.9996195435523987,0.02696326933801174,-0.00580981932580471,-0.027581989765167238,0.9766196608543396,-0.21319779753684998,-0.00007452580757671967,0.2132769525051117,0.9769917726516724],"EasingStyle":"Linear","EasingDirection":"Out"},"HumanoidRootPart":{"Weight":1,"CFrame":[0,0,0,1,0,0,0,1,0,0,0,1],"EasingStyle":"Linear","EasingDirection":"In"},"Right Leg":{"Weight":1,"CFrame":[0.38708174228668215,0.3489788770675659,0.05232572555541992,0.9948515295982361,-0.08385772258043289,-0.05690593272447586,0.08988744020462036,0.9894837141036987,0.11332377046346665,0.046804409474134448,-0.11785545200109482,0.9919271469116211],"EasingStyle":"Linear","EasingDirection":"Out"}}},{"Time":0.30000001192092898,"poses":{"Left Leg":{"Weight":1,"CFrame":[-0.37647753953933718,0.3444051146507263,0.07668006420135498,0.98589688539505,0.0834304690361023,0.14507468044757844,-0.09849604219198227,0.9901040196418762,0.09996304661035538,-0.13529908657073975,-0.11284254491329193,0.984358012676239],"EasingStyle":"Linear","EasingDirection":"Out"},"Right Arm":{"Weight":1,"CFrame":[0.3972468376159668,-0.5679593682289124,0.20698440074920655,-0.13215500116348267,-0.20825433731079102,0.9691053032875061,0.5162809491157532,-0.8490571975708008,-0.11205249279737473,0.8461613655090332,0.48552238941192629,0.21972514688968659],"EasingStyle":"Linear","EasingDirection":"Out"},"Left Arm":{"Weight":1,"CFrame":[-0.39983639121055605,-0.5742680430412293,0.2052675485610962,-0.11800895631313324,0.20099450647830964,-0.9724583029747009,-0.5493208765983582,-0.8290277123451233,-0.1046886146068573,-0.8272366523742676,0.5218374133110046,0.20824302732944489],"EasingStyle":"Linear","EasingDirection":"Out"},"Head":{"Weight":1,"CFrame":[1.5133991837501527e-7,-4.126923158764839e-8,1.1920928955078126e-7,0.9817919731140137,-0.1728501319885254,-0.07878650724887848,0.18571944534778596,0.9605639576911926,0.2069423496723175,0.039909474551677707,-0.21780651807785035,0.975175678730011],"EasingStyle":"Linear","EasingDirection":"Out"},"Torso":{"Weight":1,"CFrame":[-0.0312565416097641,-6.389583262489396e-8,-0.2367844581604004,0.9997450113296509,0.022068100050091745,-0.004791402257978916,-0.022580457851290704,0.974222719669342,-0.224455326795578,-0.0002854101185221225,0.22450627386569978,0.9744725823402405],"EasingStyle":"Linear","EasingDirection":"Out"},"HumanoidRootPart":{"Weight":1,"CFrame":[0,0,0,1,0,0,0,1,0,0,0,1],"EasingStyle":"Linear","EasingDirection":"In"},"Right Leg":{"Weight":1,"CFrame":[0.3787100613117218,0.34440916776657107,0.05324578285217285,0.992905855178833,-0.10065421462059021,-0.06329836696386337,0.10722946375608444,0.9880306720733643,0.11089300364255905,0.051378875970840457,-0.11689376085996628,0.9918145537376404],"EasingStyle":"Linear","EasingDirection":"Out"}}},{"Time":0.3166666626930237,"poses":{"Left Leg":{"Weight":1,"CFrame":[-0.37171342968940737,0.3376697301864624,0.07590782642364502,0.9845240712165833,0.10465407371520996,0.14056995511054994,-0.1190856471657753,0.987986147403717,0.09849850088357926,-0.12857291102409364,-0.11371401697397232,0.9851589202880859],"EasingStyle":"Linear","EasingDirection":"Out"},"Right Arm":{"Weight":1,"CFrame":[0.39722344279289248,-0.5518