{"Sequence":[{"Time":0,"poses":{"Left Leg":{"Weight":1,"CFrame":[-0.5682249069213867,0.16251391172409059,-0.008279979228973389,0.945103645324707,-0.3264126479625702,0.015296836383640767,0.3217555284500122,0.9377480149269104,0.1307753026485443,-0.05703127011656761,-0.1186743825674057,0.9912940859794617],"EasingStyle":"Constant","EasingDirection":"In"},"Right Arm":{"Weight":1,"CFrame":[0.2764497697353363,-0.13913896679878236,0.15012013912200929,0.7792479991912842,-0.6260077357292175,0.02978179231286049,0.5523766279220581,0.7084888219833374,0.43923091888427737,-0.29606205224990847,-0.3258189558982849,0.8978804349899292],"EasingStyle":"Constant","EasingDirection":"In"},"Head":{"Weight":1,"CFrame":[8.102506399154663e-8,-2.60770320892334e-8,-1.1920928955078126e-7,0.9990362524986267,-0.029412388801574708,-0.03258024901151657,0.025811973959207536,0.9940423965454102,-0.1058945283293724,0.035500749945640567,0.10495153069496155,0.9938434958457947],"EasingStyle":"Constant","EasingDirection":"In"},"Left Arm":{"Weight":1,"CFrame":[0.19513776898384095,-0.03965276479721069,0.09682774543762207,0.8187334537506104,-0.4963074326515198,-0.2887116074562073,0.5712667107582092,0.7546533346176148,0.3227270245552063,0.05770539864897728,-0.42915889620780947,0.9013838768005371],"EasingStyle":"Constant","EasingDirection":"In"},"Torso":{"Weight":1,"CFrame":[0.047624945640563968,-0.03331795334815979,-0.1907205581665039,0.9552083015441895,0.28744640946388247,0.07036825269460678,-0.29276710748672488,0.9525769352912903,0.08297416567802429,-0.04318053647875786,-0.09985911101102829,0.9940642714500427],"EasingStyle":"Constant","EasingDirection":"In"},"HumanoidRootPart":{"Weight":0,"CFrame":[0,0,0,1,0,0,0,1,0,0,0,1],"EasingStyle":"Linear","EasingDirection":"In"},"Right Leg":{"Weight":1,"CFrame":[0.333579957485199,0.12870097160339356,0.1072760820388794,0.9289633631706238,0.247151717543602,-0.2755775451660156,-0.23445414006710053,0.9689399003982544,0.07865627110004425,0.28645825386047366,-0.008458515629172326,0.9580554366111755],"EasingStyle":"Constant","EasingDirection":"In"}}},{"Time":0.03333333507180214,"poses":{"Left Leg":{"Weight":1,"CFrame":[-0.5682249069213867,0.16251391172409059,-0.008279979228973389,0.945103645324707,-0.3264126479625702,0.015296836383640767,0.3217555284500122,0.9377480149269104,0.1307753026485443,-0.05703127011656761,-0.1186743825674057,0.9912940859794617],"EasingStyle":"Constant","EasingDirection":"In"},"Right Arm":{"Weight":1,"CFrame":[0.2764497697353363,-0.13913896679878236,0.15012013912200929,0.7792479991912842,-0.6260077357292175,0.02978179231286049,0.5523766279220581,0.7084888219833374,0.43923091888427737,-0.29606205224990847,-0.3258189558982849,0.8978804349899292],"EasingStyle":"Constant","EasingDirection":"In"},"Head":{"Weight":1,"CFrame":[8.102506399154663e-8,-2.60770320892334e-8,-1.1920928955078126e-7,0.9990362524986267,-0.029412388801574708,-0.03258024901151657,0.025811973959207536,0.9940423965454102,-0.1058945283293724,0.035500749945640567,0.10495153069496155,0.9938434958457947],"EasingStyle":"Constant","EasingDirection":"In"},"Left Arm":{"Weight":1,"CFrame":[0.19513776898384095,-0.03965276479721069,0.09682774543762207,0.8187334537506104,-0.4963074326515198,-0.2887116074562073,0.5712667107582092,0.7546533346176148,0.3227270245552063,0.05770539864897728,-0.42915889620780947,0.9013838768005371],"EasingStyle":"Constant","EasingDirection":"In"},"Torso":{"Weight":1,"CFrame":[0.047624945640563968,-0.03331795334815979,-0.1907205581665039,0.9552083015441895,0.28744640946388247,0.07036825269460678,-0.29276710748672488,0.9525769352912903,0.08297416567802429,-0.04318053647875786,-0.09985911101102829,0.9940642714500427],"EasingStyle":"Constant","EasingDirection":"In"},"HumanoidRootPart":{"Weight":0,"CFrame":[0,0,0,1,0,0,0,1,0,0,0,1],"EasingStyle":"Linear","EasingDirection":"In"},"Right Leg":{"Weight":1,"CFrame":[0.333579957485199,0.12870097160339356,0.1072760820388794,0.9289633631706238,0.247151717543602,-0.2755775451660156,-0.23445414006710053,0.9689399003982544,0.07865627110004425,0.28645825386047366,-0.008458515629172326,0.9580554366111755],"EasingStyle":"Constant","EasingDirection":"In"}}},{"Time":0.06666667014360428,"poses":{"Left Leg":{"Weight":1,"CFrame":[-0.5682249069213867,0.16251391172409059,-0.008279979228973389,0.945103645324707,-0.3264126479625702,0.015296836383640767,0.3217555284500122,0.9377480149269104,0.1307753026485443,-0.05703127011656761,-0.1186743825674057,0.9912940859794617],"EasingStyle":"Constant","EasingDirection":"In"},"Right Arm":{"Weight":1,"CFrame":[0.2764497697353363,-0.13913896679878236,0.15012013912200929,0.7792479991912842,-0.6260077357292175,0.02978179231286049,0.5523766279220581,0.7084888219833374,0.43923091888427737,-0.29606205224990847,-0.3258189558982849,0.8978804349899292],"EasingStyle":"Constant","EasingDirection":"In"},"Head":{"Weight":1,"CFrame":[8.102506399154663e-8,-2.60770320892334e-8,-1.1920928955078126e-7,0.9990362524986267,-0.029412388801574708,-0.03258024901151657,0.025811973959207536,0.9940423965454102,-0.1058945283293724,0.035500749945640567,0.10495153069496155,0.9938434958457947],"EasingStyle":"Constant","EasingDirection":"In"},"Left Arm":{"Weight":1,"CFrame":[0.19513776898384095,-0.03965276479721069,0.09682774543762207,0.8187334537506104,-0.4963074326515198,-0.2887116074562073,0.5712667107582092,0.7546533346176148,0.3227270245552063,0.05770539864897728,-0.42915889620780947,0.9013838768005371],"EasingStyle":"Constant","EasingDirection":"In"},"Torso":{"Weight":1,"CFrame":[0.047624945640563968,-0.03331795334815979,-0.1907205581665039,0.9552083015441895,0.28744640946388247,0.07036825269460678,-0.29276710748672488,0.9525769352912903,0.08297416567802429,-0.04318053647875786,-0.09985911101102829,0.9940642714500427],"EasingStyle":"Constant","EasingDirection":"In"},"HumanoidRootPart":{"Weight":0,"CFrame":[0,0,0,1,0,0,0,1,0,0,0,1],"EasingStyle":"Linear","EasingDirection":"In"},"Right Leg":{"Weight":1,"CFrame":[0.333579957485199,0.12870097160339356,0.1072760820388794,0.9289633631706238,0.247151717543602,-0.2755775451660156,-0.23445414006710053,0.9689399003982544,0.07865627110004425,0.28645825386047366,-0.008458515629172326,0.9580554366111755],"EasingStyle":"Constant","EasingDirection":"In"}}},{"Time":0.10000000149011612,"poses":{"Left Leg":{"Weight":1,"CFrame":[-0.5682249069213867,0.16251391172409059,-0.008279979228973389,0.945103645324707,-0.3264126479625702,0.015296836383640767,0.3217555284500122,0.9377480149269104,0.1307753026485443,-0.05703127011656761,-0.1186743825674057,0.9912940859794617],"EasingStyle":"Constant","EasingDirection":"In"},"Right Arm":{"Weight":1,"CFrame":[0.2764497697353363,-0.13913896679878236,0.15012013912200929,0.7792479991912842,-0.6260077357292175,0.02978179231286049,0.5523766279220581,0.7084888219833374,0.43923091888427737,-0.29606205224990847,-0.3258189558982849,0.8978804349899292],"EasingStyle":"Constant","EasingDirection":"In"},"Head":{"Weight":1,"CFrame":[8.102506399154663e-8,-2.60770320892334e-8,-1.1920928955078126e-7,0.9990362524986267,-0.029412388801574708,-0.03258024901151657,0.025811973959207536,0.9940423965454102,-0.1058945283293724,0.035500749945640567,0.10495153069496155,0.9938434958457947],"EasingStyle":"Constant","EasingDirection":"In"},"Left Arm":{"Weight":1,"CFrame":[0.19513776898384095,-0.03965276479721069,0.09682774543762207,0.8187334537506104,-0.4963074326515198,-0.2887116074562073,0.5712667107582092,0.7546533346176148,0.3227270245552063,0.05770539864897728,-0.42915889620780947,0.9013838768005371],"EasingStyle":"Constant","EasingDirection":"In"},"Torso":{"Weight":1,"CFrame":[0.047624945640563968,-0.03331795334815979,-0.1907205581665039,0.9552083015441895,0.28744640946388247,0.07036825269460678,-0.29276710748672488,0.9525769352912903,0.08297416567802429,-0.04318053647875786,-0.09985911101102829,0.9940642714500427],"EasingStyle":"Constant","EasingDirection":"In"},"HumanoidRootPart":{"Weight":0,"CFrame":[0,0,0,1,0,0,0,1,0,0,0,1],"EasingStyle":"Linear","EasingDirection":"In"},"Right Leg":{"Weight":1,"CFrame":[0.333579957485199,0.12870097160339356,0.1072760820388794,0.9289633631706238,0.247151717543602,-0.2755775451660156,-0.23445414006710053,0.9689399003982544,0.07865627110004425,0.28645825386047366,-0.008458515629172326,0.9580554366111755],"EasingStyle":"Constant","EasingDirection":"In"}}},{"Time":0.13333334028720857,"poses":{"Left Leg":{"Weight":1,"CFrame":[-0.5682249069213867,0.16251391172409059,-0.008279979228973389,0.945103645324707,-0.3264126479625702,0.015296836383640767,0.3217555284500122,0.9377480149269104,0.1307753026485443,-0.05703127011656761,-0.1186743825674057,0.9912940859794617],"EasingStyle":"Constant","EasingDirection":"In"},"Right Arm":{"Weight":1,"CFrame":[0.2764497697353363,-0.13913896679878236,0.15012013912200929,0.7792479991912842,-0.6260077357292175,0.02978179231286049,0.5523766279220581,0.7084888219833374,0.43923091888427737,-0.29606205224990847,-0.3258189558982849,0.8978804349899292],"EasingStyle":"Constant","EasingDirection":"In"},"Head":{"Weight":1,"CFrame":[8.102506399154663e-8,-2.60770320892334e-8,-1.1920928955078126e-7,0.9990362524986267,-0.029412388801574708,-0.03258024901151657,0.025811973959207536,0.9940423965454102,-0.1058945283293724,0.035500749945640567,0.10495153069496155,0.9938434958457947],"EasingStyle":"Constant","EasingDirection":"In"},"Left Arm":{"Weight":1,"CFrame":[0.19513776898384095,-0.03965276479721069,0.09682774543762207,0.8187334537506104,-0.4963074326515198,-0.2887116074562073,0.5712667107582092,0.7546533346176148,0.3227270245552063,0.05770539864897728,-0.42915889620780947,0.9013838768005371],"EasingStyle":"Constant","EasingDirection":"In"},"Torso":{"Weight":1,"CFrame":[0.047624945640563968,-0.03331795334815979,-0.1907205581665039,0.9552083015441895,0.28744640946388247,0.07036825269460678,-0.29276710748672488,0.9525769352912903,0.08297416567802429,-0.04318053647875786,-0.09985911101102829,0.9940642714500427],"EasingStyle":"Constant","EasingDirection":"In"},"HumanoidRootPart":{"Weight":0,"CFrame":[0,0,0,1,0,0,0,1,0,0,0,1],"EasingStyle":"Linear","EasingDirection":"In"},"Right Leg":{"Weight":1,"CFrame":[0.333579957485199,0.12870097160339356,0.1072760820388794,0.9289633631706238,0.247151717543602,-0.2755775451660156,-0.23445414006710053,0.9689399003982544,0.07865627110004425,0.28645825386047366,-0.008458515629172326,0.9580554366111755],"EasingStyle":"Constant","EasingDirection":"In"}}},{"Time":0.1666666716337204,"poses":{"Left Leg":{"Weight":1,"CFrame":[-0.5682249069213867,0.16251391172409059,-0.008279979228973389,0.945103645324707,-0.3264126479625702,0.015296836383640767,0.3217555284500122,0.9377480149269104,0.1307753026485443,-0.05703127011656761,-0.1186743825674057,0.9912940859794617],"EasingStyle":"Constant","EasingDirection":"In"},"Right Arm":{"Weight":1,"CFrame":[0.2764497697353363,-0.13913896679878236,0.15012013912200929,0.7792479991912842,-0.6260077357292175,0.02978179231286049,0.5523766279220581,0.7084888219833374,0.43923091888427737,-0.29606205224990847,-0.3258189558982849,0.8978804349899292],"EasingStyle":"Constant","EasingDirection":"In"},"Head":{"Weight":1,"CFrame":[8.102506399154663e-8,-2.60770320892334e-8,-1.1920928955078126e-7,0.9990362524986267,-0.029412388801574708,-0.03258024901151657,0.025811973959207536,0.9940423965454102,-0.1058945283293724,0.035500749945640567,0.10495153069496155,0.9938434958457947],"EasingStyle":"Constant","EasingDirection":"In"},"Left Arm":{"Weight":1,"CFrame":[0.19513776898384095,-0.03965276479721069,0.09682774543762207,0.8187334537506104,-0.4963074326515198,-0.2887116074562073,0.5712667107582092,0.7546533346176148,0.3227270245552063,0.05770539864897728,-0.42915889620780947,0.9013838768005371],"EasingStyle":"Constant","EasingDirection":"In"},"Torso":{"Weight":1,"CFrame":[0.047624945640563968,-0.03331795334815979,-0.1907205581665039,0.9552083015441895,0.28744640946388247,0.07036825269460678,-0.29276710748672488,0.9525769352912903,0.08297416567802429,-0.04318053647875786,-0.09985911101102829,0.9940642714500427],"EasingStyle":"Constant","EasingDirection":"In"},"HumanoidRootPart":{"Weight":0,"CFrame":[0,0,0,1,0,0,0,1,0,0,0,1],"EasingStyle":"Linear","EasingDirection":"In"},"Right Leg":{"Weight":1,"CFrame":[0.333579957485199,0.12870097160339356,0.1072760820388794,0.9289633631706238,0.247151717543602,-0.2755775451660156,-0.23445414006710053,0.9689399003982544,0.07865627110004425,0.28645825386047366,-0.008458515629172326,0.9580554366111755],"EasingStyle":"Constant","EasingDirection":"In"}}},{"Time":0.20000000298023225,"poses":{"Left Leg":{"Weight":1,"CFrame":[-0.22634707391262055,0.08575630187988281,0.019634485244750978,0.9926736950874329,-0.07034846395254135,0.09823475778102875,0.06275516748428345,0.9949480891227722,0.0783596932888031,-0.10325101017951966,-0.07162090390920639,0.9920734763145447],"EasingStyle":"Constant","EasingDirection":"In"},"Right Arm":{"Weight":1,"CFrame":[0.016448676586151124,-0.04712939262390137,0.1151421070098877,0.8861593008041382,-0.1699814349412918,0.43107759952545168,0.06665448844432831,0.9673729538917542,0.2444314807653427,-0.4585617780685425,-0.18787211179733277,0.8685765862464905],"EasingStyle":"Constant","EasingDirection":"In"},"Head":{"Weight":1,"CFrame":[8.475035429000855e-8,-8.149072527885437e-9,0,0.9991686344146729,-0.03620525822043419,-0.018742555752396585,0.03604060783982277,0.9993093609809876,-0.00905256625264883,0.01905735768377781,0.008369547314941883,0.999783456325531],"EasingStyle":"Constant","EasingDirection":"In"},"Left Arm":{"Weight":1,"CFrame":[0.10311055928468704,-0.03971865773200989,0.10103273391723633,0.945357084274292,-0.16125603020191194,-0.28336626291275027,0.20206962525844575,0.9718579053878784,0.12107986211776734,0.2558668553829193,-0.17172345519065858,0.9513376355171204],"EasingStyle":"Constant","EasingDirection":"In"},"Torso":{"Weight":1,"CFrame":[-0.028586387634277345,-0.17282694578170777,-0.05138278007507324,0.9335753917694092,0.3579310178756714,0.0179589856415987,-0.3581857979297638,0.9335488080978394,0.013771484605967999,-0.011836348101496697,-0.019289372488856317,0.9997438788414002],"EasingStyle":"Constant","EasingDirection":"In"},"HumanoidRootPart":{"Weight":0,"CFrame":[0,0,0,1,0,0,0,1,0,0,0,1],"EasingStyle":"Linear","EasingDirection":"In"},"Right Leg":{"Weight":1,"CFrame":[0.14962176978588105,0.07868152856826782,0.016883015632629396,0.9919597506523132,0.03608088567852974,-0.12130117416381836,-0.02473553642630577,0.9952867031097412,0.093768410384655,0.12411286681890488,-0.09001413732767105,0.9881768822669983],"EasingStyle":"Constant","EasingDirection":"In"}}},{"Time":0.23333333432674409,"poses":{"Left Leg":{"Weight":1,"CFrame":[-0.22634707391262055,0.08575630187988281,0.019634485244750978,0.9926736950874329,-0.07034846395254135,0.09823475778102875,0.06275516748428345,0.9949480891227722,0.0783596932888031,-0.10325101017951966,-0.07162090390920639,0.9920734763145447],"EasingStyle":"Constant","EasingDirection":"In"},"Right Arm":{"Weight":1,"CFrame":[0.016448676586151124,-0.04712939262390137,0.1151421070098877,0.8861593008041382,-0.1699814349412918,0.43107759952545168,0.06665448844432831,0.9673729538917542,0.2444314807653427,-0.4585617780685425,-0.18787211179733277,0.8685765862464905],"EasingStyle":"Constant","EasingDirection":"In"},"Head":{"Weight":1,"CFrame":[8.475035429000855e-8,-8.149072527885437e-9,0,0.9991686344146729,-0.03620525822043419,-0.018742555752396585,0.03604060783982277,0.9993093609809876,-0.00905256625264883,0.01905735768377781,0.008369547314941883,0.999783456325531],"EasingStyle":"Constant","EasingDirection":"In"},"Left Arm":{"Weight":1,"CFrame":[0.10311055928468704,-0.03971865773200989,0.10103273391723633,0.945357084274292,-0.16125603020191194,-0.28336626291275027,0.20206962525844575,0.9718579053878784,0.12107986211776734,0.2558668553829193,-0.17172345519065858,0.9513376355171204],"EasingStyle":"Constant","EasingDirection":"In"},"Torso":{"Weight":1,"CFrame":[-0.028586387634277345,-0.17282694578170777,-0.05138278007507324,0.9335753917694092,0.3579310178756714,0.0179589856415987,-0.3581857979297638,0.9335488080978394,0.013771484605967999,-0.011836348101496697,-0.019289372488856317,0.9997438788414002],"EasingStyle":"Constant","EasingDirection":"In"},"HumanoidRootPart":{"Weight":0,"CFrame":[0,0,0,1,0,0,0,1,0,0,0,1],"EasingStyle":"Linear","EasingDirection":"In"},"Right Leg":{"Weight":1,"CFrame":[0.14962176978588105,0.07868152856826782,0.016883015632629396,0.9919597506523132,0.03608088567852974,-0.12130117416381836,-0.02473553642630577,0.9952867031097412,0.093768410384655,0.12411286681890488,-0.09001413732767105,0.9881768822669983],"EasingStyle":"Constant","EasingDirection":"In"}}},{"Time":0.2666666805744171,"poses":{"Left Leg":{"Weight":1,"CFrame":[-0.15881973505020142,0.07037150859832764,0.017825007438659669,0.9935603141784668,-0.009590161964297295,0.11289771646261215,0.002419966971501708,0.9979804754257202,0.06347671896219254,-0.11327850818634033,-0.06279478222131729,0.9915769100189209],"EasingStyle":"Constant","EasingDirection":"In"},"Right Arm":{"Weight":1,"CFrame":[-0.05036144703626633,-0.0397685170173645,0.11234378814697266,0.8831508755683899,-0.016984282061457635,0.46878162026405337,-0.08328346908092499,0.9777905941009522,0.1923261433839798,-0.4616367816925049,-0.20889484882354737,0.862122118473053],"EasingStyle":"Constant","EasingDirection":"In"},"Head":{"Weight":1,"CFrame":[9.406358003616333e-8,2.0489096641540528e-8,2.384185791015625e-7,0.9990222454071045,-0.04223541170358658,-0.01307374332100153,0.042325202375650409,0.9990817308425903,0.006668713875114918,0.01278008334338665,-0.0072155422531068329,0.9998922944068909],"EasingStyle":"Constant","EasingDirection":"In"},"Left Arm":{"Weight":1,"CFrame":[0.05095392465591431,-0.0397665798664093,0.10409402847290039,0.9513476490974426,-0.01575489714741707,-0.3077166676521301,0.055484410375356677,0.9911260008811951,0.12079226970672608,0.30308276414871218,-0.13198894262313844,0.943779468536377],"EasingStyle":"Constant","EasingDirection":"In"},"Torso":{"Weight":1,"CFrame":[-0.04951047524809837,-0.19483943283557893,-0.04041099548339844,0.9290857315063477,0.36986052989959719,-0.0017164420569315553,-0.3698638081550598,0.9290648698806763,-0.0062637412920594219,-0.0007220245897769928,0.006454401649534702,0.9999788999557495],"EasingStyle":"Constant","EasingDirection":"In"},"HumanoidRootPart":{"Weight":0,"CFrame":[0,0,0,1,0,0,0,1,0,0,0,1],"EasingStyle":"Linear","EasingDirection":"In"},"Right Leg":{"Weight":1,"CFrame":[0.1337849497795105,0.08300858736038208,0.01061546802520752,0.9947033524513245,-0.007646556477993727,-0.10250275582075119,0.018149882555007936,0.9946257472038269,0.1019321009516716,0.1011725515127182,-0.10325269401073456,0.9894963502883911],"EasingStyle":"Constant","EasingDirection":"In"}}},{"Time":0.30000001192092898,"poses":{"Left Leg":{"Weight":1,"CFrame":[-0.15881973505020142,0.07037150859832764,0.017825007438659669,0.9935603141784668,-0.009590161964297295,0.11289771646261215,0.002419966971501708,0.9979804754257202,0.06347671896219254,-0.11327850818634033,-0.06279478222131729,0.9915769100189209],"EasingStyle":"Constant","EasingDirection":"In"},"Right Arm":{"Weight":1,"CFrame":[-0.05036144703626633,-0.0397685170173645,0.11234378814697266,0.8831508755683899,-0.016984282061457635,0.46878162026405337,-0.08328346908092499,0.9777905941009522,0.1923261433839798,-0.4616367816925049,-0.20889484882354737,0.862122118473053],"EasingStyle":"Constant","EasingDirection":"In"},"Head":{"Weight":1,"CFrame":[9.406358003616333e-8,2.0489096641540528e-8,2.384185791015625e-7,0.9990222454071045,-0.04223541170358658,-0.01307374332100153,0.042325202375650409,0.9990817308425903,0.006668713875114918,0.01278008334338665,-0.0072155422531068329,0.9998922944068909],"EasingStyle":"Constant","EasingDirection":"In"},"Left Arm":{"Weight":1,"CFrame":[0.05095392465591431,-0.0397665798664093,0.10409402847290039,0.9513476490974426,-0.01575489714741707,-0.3077166676521301,0.055484410375356677,0.9911260008811951,0.12079226970672608,0.30308276414871218,-0.13198894262313844,0.943779468536377],"EasingStyle":"Constant","EasingDirection":"In"},"Torso":{"Weight":1,"CFrame":[-0.04951047524809837,-0.19483943283557893,-0.04041099548339844,0.9290857315063477,0.36986052989959719,-0.0017164420569315553,-0.3698638081550598,0.9290648698806763,-0.0062637412920594219,-0.0007220245897769928,0.006454401649534702,0.9999788999557495],"EasingStyle":"Constant","EasingDirection":"In"},"HumanoidRootPart":{"Weight":0,"CFrame":[0,0,0,1,0,0,0,1,0,0,0,1],"EasingStyle":"Linear","EasingDirection":"In"},"Right Leg":{"Weight":1,"CFrame":[0.1337849497795105,0.08300858736038208,0.01061546802520752,0.9947033524513245,-0.007646556477993727,-0.10250275582075119,0.018149882555007936,0.9946257472038269,0.1019321009516716,0.1011725515127182,-0.10325269401073456,0.9894963502883911],"EasingStyle":"Constant","EasingDirection":"In"}}},{"Time":0.3333333432674408,"poses":{"Left Leg":{"Weight":1,"CFrame":[-0.15881973505020142,0.07037150859832764,0.017825007438659669,0.9935603141784668,-0.009590161964297295,0.11289771646261215,0.002419966971501708,0.9979804754257202,0.06347671896219254,-0.11327850818634033,-0.06279478222131729,0.9915769100189209],"EasingStyle":"Constant","EasingDirection":"In"},"Right Arm":{"Weight":1,"CFrame":[-0.05036144703626633,-0.0397685170173645,0.11234378814697266,0.8831508755683899,-0.016984282061457635,0.46878162026405337,-0.08328346908092499,0.9777905941009522,0.1923261433839798,-0.4616367816925049,-0.20889484882354737,0.862122118473053],"EasingStyle":"Constant","EasingDirection":"In"},"Head":{"Weight":1,"CFrame":[9.406358003616333e-8,2.0489096641540528e-8,2.384185791015625e-7,0.9990222454071045,-0.04223541170358658,-0.01307374332100153,0.042325202375650409,0.9990817308425903,0.006668713875114918,0.01278008334338665,-0.0072155422531068329,0.9998922944068909],"EasingStyle":"Constant","EasingDirection":"In"},"Left Arm":{"Weight":1,"CFrame":[0.05095392465591431,-0.0397665798664093,0.10409402847290039,0.9513476490974426,-0.01575489714741707,-0.3077166676521301,0.055484410375356677,0.9911260008811951,0.12079226970672608,0.30308276414871218,-0.13198894262313844,0.943779468536377],"EasingStyle":"Constant","EasingDirection":"In"},"Torso":{"Weight":1,"CFrame":[-0.04951047524809837,-0.19483943283557893,-0.04041099548339844,0.9290857315063477,0.36986052989959719,-0.0017164420569315553,-0.3698638081550598,0.9290648698806763,-0.0062637412920594219,-0.0007220245897769928,0.006454401649534702,0.9999788999557495],"EasingStyle":"Constant","EasingDirection":"In"},"HumanoidRootPart":{"Weight":0,"CFrame":[0,0,0,1,0,0,0,1,0,0,0,1],"EasingStyle":"Linear","EasingDirection":"In"},"Right Leg":{"Weight":1,"CFrame":[0.1337849497795105,0.08300858736038208,0.01061546802520752,0.9947033524513245,-0.007646556477993727,-0.10250275582075119,0.018149882555007936,0.9946257472038269,0.1019321009516716,0.1011725515127182,-0.10325269401073456,0.9894963502883911],"EasingStyle":"Constant","EasingDirection":"In"}}},{"Time":0.36666667461395266,"poses":{"Left Leg":{"Weight":1,"CFrame":[-0.15881973505020142,0.07037150859832764,0.017825007438659669,0.9935603141784668,-0.009590161964297295,0.11289771646261215,0.002419966971501708,0.9979804754257202,0.06347671896219254,-0.11327850818634033,-0.06279478222131729,0.9915769100189209],"EasingStyle":"Constant","EasingDirection":"In"},"Right Arm":{"Weight":1,"CFrame":[-0.05036144703626633,-0.0397685170173645,0.11234378814697266,0.8831508755683899,-0.016984282061457635,0.46878162026405337,-0.08328346908092499,0.9777905941009522,0.1923261433839798,-0.4616367816925049,-0.20889484882354737,0.862122118473053],"EasingStyle":"Constant","EasingDirection":"In"},"Head":{"Weight":1,"CFrame":[9.406358003616333e-8,2.0489096641540528e-8,2.384185791015625e-7,0.9990222454071045,-0.04223541170358658,-0.01307374332100153,0.042325202375650409,0.9990817308425903,0.006668713875114918,0.01278008334338665,-0.0072155422531068329,0.9998922944068909],"EasingStyle":"Constant","EasingDirection":"In"},"Left Arm":{"Weight":1,"CFrame":[0.05095392465591431,-0.0397665798664093,0.10409402847290039,0.9513476490974426,-0.01575489714741707,-0.3077166676521301,0.055484410375356677,0.9911260008811951,0.12079226970672608,0.30308276414871218,-0.13198894262313844,0.943779468536377],"EasingStyle":"Constant","EasingDirection":"In"},"Torso":{"Weight":1,"CFrame":[-0.04951047524809837,-0.19483943283557893,-0.04041099548339844,0.9290857315063477,0.36986052989959719,-0.0017164420569315553,-0.3698638081550598,0.9290648698806763,-0.0062637412920594219,-0.0007220245897769928,0.006454401649534702,0.9999788999557495],"EasingStyle":"Constant","EasingDirection":"In"},"HumanoidRootPart":{"Weight":0,"CFrame":[0,0,0,1,0,0,0,1,0,0,0,1],"EasingStyle":"Linear","EasingDirection":"In"},"Right Leg":{"Weight":1,"CFrame":[0.1337849497795105,0.08300858736038208,0.01061546802520752,0.9947033524513245,-0.007646556477993727,-0.10250275582075119,0.018149882555007936,0.9946257472038269,0.1019321009516716,0.1011725515127182,-0.10325269401073456,0.9894963502883911],"EasingStyle":"Constant","EasingDirection":"In"}}},{"Time":0.4000000059604645,"poses":{"Left Leg":{"Weight":1,"CFrame":[-0.15881973505020142,0.07037150859832764,0.017825007438659669,0.9935603141784668,-0.009590161964297295,0.11289771646261215,0.002419966971501708,0.9979804754257202,0.06347671896219254,-0.11327850818634033,-0.06279478222131729,0.9915769100189209],"EasingStyle":"Constant","EasingDirection":"In"},"Right Arm":{"Weight":1,"CFrame":[-0.05036144703626633,-0.0397685170173645,0.11234378814697266,0.8831508755683899,-0.016984282061457635,0.46878162026405337,-0.08328346908092499,0.9777905941009522,0.1923261433839798,-0.4616367816925049,-0.20889484882354737,0.862122118473053],"EasingStyle":"Constant","EasingDirection":"In"},"Head":{"Weight":1,"CFrame":[9.406358003616333e-8,2.0489096641540528e-8,2.384185791015625e-7,0.9990222454071045,-0.04223541170358658,-0.01307374332100153,0.042325202375650409,0.9990817308425903,0.006668713875114918,0.01278008334338665,-0.0072155422531068329,0.9998922944068909],"EasingStyle":"Constant","EasingDirection":"In"},"Left Arm":{"Weight":1,"CFrame":[0.05095392465591431,-0.0397665798664093,0.10409402847290039,0.9513476490974426,-0.01575489714741707,-0.3077166676521301,0.055484410375356677,0.9911260008811951,0.12079226970672608,0.30308276414871218,-0.13198894262313844,0.943779468536377],"EasingStyle":"Constant","EasingDirection":"In"},"Torso":{"Weight":1,"CFrame":[-0.04951047524809837,-0.19483943283557893,-0.04041099548339844,0.9290857315063477,0.36986052989959719,-0.0017164420569315553,-0.3698638081550598,0.9290648698806763,-0.0062637412920594219,-0.0007220245897769928,0.006454401649534702,0.9999788999557495],"EasingStyle":"Constant","EasingDirection":"In"},"HumanoidRootPart":{"Weight":0,"CFrame":[0,0,0,1,0,0,0,1,0,0,0,1],"EasingStyle":"Linear","EasingDirection":"In"},"Right Leg":{"Weight":1,"CFrame":[0.1337849497795105,0.08300858736038208,0.01061546802520752,0.9947033524513245,-0.007646556477993727,-0.10250275582075119,0.018149882555007936,0.9946257472038269,0.1019321009516716,0.1011725515127182,-0.10325269401073456,0.9894963502883911],"EasingStyle":"Constant","EasingDirection":"In"}}},{"Time":0.4333333373069763,"poses":{"Left Leg":{"Weight":1,"CFrame":[-0.3757363557815552,0.1969732642173767,0.0591965913772583,0.9902694821357727,0.005765024572610855,0.1390434056520462,-0.004748702980577946,0.9999595284461975,-0.007640098221600056,-0.1390819549560547,0.006905511021614075,0.9902568459510803],"EasingStyle":"Constant","EasingDirection":"In"},"Right Arm":{"Weight":1,"CFrame":[-0.22361116111278535,-0.10397973656654358,0.11483168601989746,0.7728042602539063,0.5710513591766357,0.27690082788467409,-0.6336173415184021,0.7190553545951843,0.2854617238044739,-0.03609374538064003,-0.39605528116226199,0.9175171256065369],"EasingStyle":"Constant","EasingDirection":"In"},"Head":{"Weight":1,"CFrame":[7.450580596923828e-8,-2.2351741790771486e-8,-5.960464477539063e-8,0.9953112006187439,-0.09470116347074509,0.019681692123413087,0.09403420239686966,0.9950408339500427,0.03242572396993637,-0.0226548183709383,-0.030422933399677278,0.9992803335189819],"EasingStyle":"Constant","EasingDirection":"In"},"Left Arm":{"Weight":1,"CFrame":[-0.3414241671562195,-0.19674935936927796,0.2640169858932495,0.5516371726989746,0.7716420888900757,-0.3166465163230896,-0.5865424871444702,0.6287899017333984,0.5104814171791077,0.5930130481719971,-0.0958738923072815,0.7994646430015564],"EasingStyle":"Constant","EasingDirection":"In"},"Torso":{"Weight":1,"CFrame":[-0.12229889631271362,-0.1676626205444336,-0.2046492099761963,0.9175862669944763,0.3841145634651184,-0.10242851823568344,-0.39264094829559328,0.9159989953041077,-0.0823347195982933,0.062198445200920108,0.11576683074235916,0.9913271069526672],"EasingStyle":"Constant","EasingDirection":"In"},"HumanoidRootPart":{"Weight":0,"CFrame":[0,0,0,1,0,0,0,1,0,0,0,1],"EasingStyle":"Linear","EasingDirection":"In"},"Right Leg":{"Weight":1,"CFrame":[0.46332454681396487,0.34250783920288088,-0.0005952715873718262,0.9953852295875549,0.01903275027871132,-0.09405413269996643,-0.004479386378079653,0.9882806539535523,0.1525825709104538,0.09585605561733246,-0.15145716071128846,0.9838051199913025],"EasingStyle":"Constant","EasingDirection":"In"}}},{"Time":0.46666666865348818,"poses":{"Left Leg":{"Weight":1,"CFrame":[-0.3757363557815552,0.1969732642173767,0.0591965913772583,0.9902694821357727,0.005765024572610855,0.1390434056520462,-0.004748702980577946,0.9999595284461975,-0.007640098221600056,-0.1390819549560547,0.006905511021614075,0.9902568459510803],"EasingStyle":"Constant","EasingDirection":"In"},"Right Arm":{"Weight":1,"CFrame":[-0.22361116111278535,-0.10397973656654358,0.11483168601989746,0.7728042602539063,0.5710513591766357,0.27690082788467409,-0.6336173415184021,0.7190553545951843,0.2854617238044739,-0.03609374538064003,-0.39605528116226199,0.9175171256065369],"EasingStyle":"Constant","EasingDirection":"In"},"Head":{"Weight":1,"CFrame":[7.450580596923828e-8,-2.2351741790771486e-8,-5.960464477539063e-8,0.9953112006187439,-0.09470116347074509,0.019681692123413087,0.09403420239686966,0.9950408339500427,0.03242572396993637,-0.0226548183709383,-0.030422933399677278,0.9992803335189819],"EasingStyle":"Constant","EasingDirection":"In"},"Left Arm":{"Weight":1,"CFrame":[-0.3414241671562195,-0.19674935936927796,0.2640169858932495,0.5516371726989746,0.7716420888900757,-0.3166465163230896,-0.5865424871444702,0.6287899017333984,0.5104814171791077,0.5930130481719971,-0.0958738923072815,0.7994646430015564],"EasingStyle":"Constant","EasingDirection":"In"},"Torso":{"Weight":1,"CFrame":[-0.12229889631271362,-0.1676626205444336,-0.2046492099761963,0.9175862669944763,0.3841145634651184,-0.10242851823568344,-0.39264094829559328,0.9159989953041077,-0.0823347195982933,0.062198445200920108,0.11576683074235916,0.9913271069526672],"EasingStyle":"Constant","EasingDirection":"In"},"HumanoidRootPart":{"Weight":0,"CFrame":[0,0,0,1,0,0,0,1,0,0,0,1],"EasingStyle":"Linear","EasingDirection":"In"},"Right Leg":{"Weight":1,"CFrame":[0.46332454681396487,0.34250783920288088,-0.0005952715873718262,0.9953852295875549,0.01903275027871132,-0.09405413269996643,-0.004479386378079653,0.9882806539535523,0.1525825709104538,0.09585605561733246,-0.15145716071128846,0.9838051199913025],"EasingStyle":"Constant","EasingDirection":"In"}}},{"Time":0.5,"poses":{"Left Leg":{"Weight":1,"CFrame":[-0.38410860300064089,0.2056431770324707,0.060985565185546878,0.9902480840682983,0.006143202073872089,0.13917969167232514,-0.004810707177966833,0.9999393820762634,-0.00990806333720684,-0.13923214375972749,0.009141906164586544,0.9902176260948181],"EasingStyle":"Constant","EasingDirection":"In"},"Right Arm":{"Weight":1,"CFrame":[-0.2258186787366867,-0.10774463415145874,0.11497747898101807,0.7652270793914795,0.5864827632904053,0.26545366644859316,-0.6436372995376587,0.7050737142562866,0.29766079783439639,-0.012591540813446045,-0.398634135723114,0.9170236587524414],"EasingStyle":"Constant","EasingDirection":"In"},"Head":{"Weight":1,"CFrame":[8.940696716308594e-8,7.450580596923828e-8,2.384185791015625e-7,0.9950836896896362,-0.09682412445545197,0.020821478217840196,0.0961185172200203,0.9948368072509766,0.03257503733038902,-0.023868028074502946,-0.030413541942834855,0.999252438545227],"EasingStyle":"Constant","EasingDirection":"In"},"Left Arm":{"Weight":1,"CFrame":[-0.3566916584968567,-0.20593604445457459,0.2723238468170166,0.5266203284263611,0.7922693490982056,-0.308188796043396,-0.5980873703956604,0.6029306054115295,0.5279831290245056,0.6041212677955627,-0.093722864985466,0.7913618087768555],"EasingStyle":"Constant","EasingDirection":"In"},"Torso":{"Weight":1,"CFrame":[-0.1240050196647644,-0.164197638630867,-0.2142782211303711,0.9173367619514465,0.38383519649505618,-0.10565894097089768,-0.3928690254688263,0.9157228469848633,-0.0842951089143753,0.0643988698720932,0.11883711814880371,0.9908231496810913],"EasingStyle":"Constant","EasingDirection":"In"},"HumanoidRootPart":{"Weight":0,"CFrame":[0,0,0,1,0,0,0,1,0,0,0,1],"EasingStyle":"Linear","EasingDirection":"In"},"Right Leg":{"Weight":1,"CFrame":[0.4710153341293335,0.3557952046394348,-0.002230405807495117,0.995357096195221,0.01845678687095642,-0.09446480125188828,-0.003662706585600972,0.9879946708679199,0.1544448286294937,0.09618151932954788,-0.15338177978992463,0.9834750890731812],"EasingStyle":"Constant","EasingDirection":"In"}}},{"Time":0.5333333611488342,"poses":{"Left Leg":{"Weight":1,"CFrame":[-0.38410860300064089,0.2056431770324707,0.060985565185546878,0.9902480840682983,0.006143202073872089,0.13917969167232514,-0.004810707177966833,0.9999393820762634,-0.00990806333720684,-0.13923214375972749,0.009141906164586544,0.9902176260948181],"EasingStyle":"Constant","EasingDirection":"In"},"Right Arm":{"Weight":1,"CFrame":[-0.2258186787366867,-0.10774463415145874,0.11497747898101807,0.7652270793914795,0.5864827632904053,0.26545366644859316,-0.6436372995376587,0.7050737142562866,0.29766079783439639,-0.012591540813446045,-0.398634135723114,0.9170236587524414],"EasingStyle":"Constant","EasingDirection":"In"},"Head":{"Weight":1,"CFrame":[8.940696716308594e-8,7.450580596923828e-8,2.384185791015625e-7,0.9950836896896362,-0.09682412445545197,0.020821478217840196,0.0961185172200203,0.9948368072509766,0.03257503733038902,-0.023868028074502946,-0.030413541942834855,0.999252438545227],"EasingStyle":"Constant","EasingDirection":"In"},"Left Arm":{"Weight":1,"CFrame":[-0.3566916584968567,-0.20593604445457459,0.2723238468170166,0.5266203284263611,0.7922693490982056,-0.308188796043396,-0.5980873703956604,0.6029306054115295,0.5279831290245056,0.6041212677955627,-0.093722864985466,0.7913618087768555],"EasingStyle":"Constant","EasingDirection":"In"},"Torso":{"Weight":1,"CFrame":[-0.1240050196647644,-0.164197638630867,-0.2142782211303711,0.9173367619514465,0.38383519649505618,-0.10565894097089768,-0.3928690254688263,0.9157228469848633,-0.0842951089143753,0.0643988698720932,0.11883711814880371,0.9908231496810913],"EasingStyle":"Constant","EasingDirection":"In"},"HumanoidRootPart":{"Weight":0,"CFrame":[0,0,0,1,0,0,0,1,0,0,0,1],"EasingStyle":"Linear","EasingDirection":"In"},"Right Leg":{"Weight":1,"CFrame":[0.4710153341293335,0.3557952046394348,-0.002230405807495117,0.995357096195221,0.01845678687095642,-0.09446480125188828,-0.003662706585600972,0.9879946708679199,0.1544448286294937,0.09618151932954788,-0.15338177978992463,0.9834750890731812],"EasingStyle":"Constant","EasingDirection":"In"}}},{"Time":0.5666666626930237,"poses":{"Left Leg":{"Weight":1,"CFrame":[-0.38410860300064089,0.2056431770324707,0.060985565185546878,0.9902480840682983,0.006143202073872089,0.13917969167232514,-0.004810707177966833,0.9999393820762634,-0.00990806333720684,-0.13923214375972749,0.009141906164586544,0.9902176260948181],"EasingStyle":"Constant","EasingDirection":"In"},"Right Arm":{"Weight":1,"CFrame":[-0.2258186787366867,-0.10774463415145874,0.11497747898101807,0.7652270793914795,0.5864827632904053,0.26545366644859316,-0.6436372995376587,0.7050737142562866,0.29766079783439639,-0.012591540813446045,-0.398634135723114,0.9170236587524414],"EasingStyle":"Constant","EasingDirection":"In"},"Head":{"Weight":1,"CFrame":[8.940696716308594e-8,7.450580596923828e-8,2.384185791015625e-7,0.9950836896896362,-0.09682412445545197,0.020821478217840196,0.0961185172200203,0.9948368072509766,0.03257503733038902,-0.023868028074502946,-0.030413541942834855,0.999252438545227],"EasingStyle":"Constant","EasingDirection":"In"},"Left Arm":{"Weight":1,"CFrame":[-0.3566916584968567,-0.20593604445457459,0.2723238468170166,0.5266203284263611,0.7922693490982056,-0.308188796043396,-0.5980873703956604,0.6029306054115295,0.5279831290245056,0.6041212677955627,-0.093722864985466,0.7913618087768555],"EasingStyle":"Constant","EasingDirection":"In"},"Torso":{"Weight":1,"CFrame":[-0.1240050196647644,-0.164197638630867,-0.2142782211303711,0.9173367619514465,0.38383519649505618,-0.10565894097089768,-0.3928690254688263,0.9157228469848633,-0.0842951089143753,0.0643988698720932,0.11883711814880371,0.9908231496810913],"EasingStyle":"Constant","EasingDirection":"In"},"HumanoidRootPart":{"Weight":0,"CFrame":[0,0,0,1,0,0,0,1,0,0,0,1],"EasingStyle":"Linear","EasingDirection":"In"},"Right Leg":{"Weight":1,"CFrame":[0.4710153341293335,0.3557952046394348,-0.002230405807495117,0.995357096195221,0.01845678687095642,-0.09446480125188828,-0.003662706585600972,0.9879946708679199,0.1544448286294937,0.09618151932954788,-0.15338177978992463,0.9834750890731812],"EasingStyle":"Constant","EasingDirection":"In"}}},{"Time":0.6000000238418579,"poses":{"Left Leg":{"Weight":1,"CFrame":[-0.38410860300064089,0.2056431770324707,0.060985565185546878,0.9902480840682983,0.006143202073872089,0.13917969167232514,-0.004810707177966833,0.9999393820762634,-0.00990806333720684,-0.13923214375972749,0.009141906164586544,0.9902176260948181],"EasingStyle":"Constant","EasingDirection":"In"},"Right Arm":{"Weight":1,"CFrame":[-0.2258186787366867,-0.10774463415145874,0.11497747898101807,0.7652270793914795,0.5864827632904053,0.26545366644859316,-0.6436372995376587,0.7050737142562866,0.29766079783439639,-0.012591540813446045,-0.398634135723114,0.9170236587524414],"EasingStyle":"Constant","EasingDirection":"In"},"Head":{"Weight":1,"CFrame":[8.940696716308594e-8,7.450580596923828e-8,2.384185791015625e-7,0.9950836896896362,-0.09682412445545197,0.020821478217840196,0.0961185172200203,0.9948368072509766,0.03257503733038902,-0.023868028074502946,-0.030413541942834855,0.999252438545227],"EasingStyle":"Constant","EasingDirection":"In"},"Left Arm":{"Weight":1,"CFrame":[-0.3566916584968567,-0.20593604445457459,0.2723238468170166,0.5266203284263611,0.7922693490982056,-0.308188796043396,-0.5980873703956604,0.6029306054115295,0.5279831290245056,0.6041212677955627,-0.093722864985466,0.7913618087768555],"EasingStyle":"Constant","EasingDirection":"In"},"Torso":{"Weight":1,"CFrame":[-0.1240050196647644,-0.164197638630867,-0.2142782211303711,0.9173367619514465,0.38383519649505618,-0.10565894097089768,-0.3928690254688263,0.9157228469848633,-0.0842951089143753,0.0643988698720932,0.11883711814880371,0.9908231496810913],"EasingStyle":"Constant","EasingDirection":"In"},"HumanoidRootPart":{"Weight":0,"CFrame":[0,0,0,1,0,0,0,1,0,0,0,1],"EasingStyle":"Linear","EasingDirection":"In"},"Right Leg":{"Weight":1,"CFrame":[0.4710153341293335,0.3557952046394348,-0.002230405807495117,0.995357096195221,0.01845678687095642,-0.09446480125188828,-0.003662706585600972,0.9879946708679199,0.1544448286294937,0.09618151932954788,-0.15338177978992463,0.9834750890731812],"EasingStyle":"Constant","EasingDirection":"In"}}},{"Time":0.6333333253860474,"poses":{"Left Leg":{"Weight":1,"CFrame":[-0.38410860300064089,0.2056431770324707,0.060985565185546878,0.9902480840682983,0.006143202073872089,0.13917969167232514,-0.004810707177966833,0.9999393820762634,-0.00990806333720684,-0.13923214375972749,0.009141906164586544,0.9902176260948181],"EasingStyle":"Constant","EasingDirection":"In"},"Right Arm":{"Weight":1