{"Sequence":[{"Time":0,"poses":{"Left Leg":{"Weight":1,"CFrame":[0.05916328728199005,-0.09740662574768067,0.06333482265472412,0.6518310308456421,-0.5256389379501343,0.5466444492340088,0.6083431839942932,0.7928135991096497,0.03694674372673035,-0.4528079330921173,0.3084644079208374,0.8365493416786194],"EasingStyle":"Linear","EasingDirection":"In"},"Right Arm":{"Weight":1,"CFrame":[-0.6473610401153565,-0.30052030086517336,0.04245114326477051,0.6234738826751709,-0.5153628587722778,0.5879467725753784,0.538506805896759,0.8282510042190552,0.15495434403419496,-0.566825270652771,0.22000330686569215,0.7939192056655884],"EasingStyle":"Linear","EasingDirection":"In"},"Left Arm":{"Weight":1,"CFrame":[0.40759730339050295,-0.05056580901145935,0.28577721118927,0.7470312118530273,0.08147642016410828,-0.6597772240638733,-0.3992897868156433,0.8484933376312256,-0.34731391072273257,0.5315186977386475,0.5228965878486633,0.6663836240768433],"EasingStyle":"Linear","EasingDirection":"In"},"Head":{"Weight":1,"CFrame":[9.685754776000977e-8,-1.4901161193847657e-8,2.384185791015625e-7,0.8413714170455933,0.3832041919231415,0.3811150789260864,-0.3315409719944,0.9228590726852417,-0.19598893821239472,-0.4268192946910858,0.03854421526193619,0.9035152196884155],"EasingStyle":"Linear","EasingDirection":"In"},"Torso":{"Weight":1,"CFrame":[-0.11839491128921509,0.023741774260997773,-0.04763293266296387,0.8818885684013367,-0.44840189814567568,-0.14563104510307313,0.45692387223243716,0.8890106678009033,0.029677171260118486,0.11616025120019913,-0.09271425008773804,0.9888938069343567],"EasingStyle":"Linear","EasingDirection":"In"},"HumanoidRootPart":{"Weight":1,"CFrame":[0,0,0,1,0,0,0,1,0,0,0,1],"EasingStyle":"Linear","EasingDirection":"In"},"Right Leg":{"Weight":1,"CFrame":[0.4291149079799652,-0.028084397315979005,-0.04811501502990723,0.8860070705413818,0.44584593176841738,0.12732969224452973,-0.45607542991638186,0.887491762638092,0.06598155945539475,-0.08358641713857651,-0.11653213948011399,0.9896634221076965],"EasingStyle":"Linear","EasingDirection":"In"}}},{"Time":0.03333333507180214,"poses":{"Left Leg":{"Weight":1,"CFrame":[0.11540204286575318,-0.062427639961242679,0.023743033409118654,0.6838445663452148,-0.4919835925102234,0.5388031005859375,0.5600647330284119,0.8272507786750794,0.04453658685088158,-0.46763673424720766,0.27130863070487978,0.8412536978721619],"EasingStyle":"Linear","EasingDirection":"In"},"Right Arm":{"Weight":1,"CFrame":[-0.6607333421707153,-0.3290870785713196,0.051630377769470218,0.6116405725479126,-0.5367323160171509,0.581217885017395,0.566182017326355,0.8100932240486145,0.1522720605134964,-0.5525701642036438,0.23593923449516297,0.7993741631507874],"EasingStyle":"Linear","EasingDirection":"In"},"Left Arm":{"Weight":1,"CFrame":[0.4055309593677521,-0.06728687882423401,0.29149889945983889,0.7498499751091003,0.0809248760342598,-0.6566399931907654,-0.3998885452747345,0.8461206555366516,-0.35237622261047366,0.527080774307251,0.5268122553825378,0.666824460029602],"EasingStyle":"Linear","EasingDirection":"In"},"Head":{"Weight":1,"CFrame":[6.705522537231445e-8,-1.862645149230957e-8,-4.76837158203125e-7,0.8590197563171387,0.3822423815727234,0.34055233001708987,-0.33635735511779787,0.9228932857513428,-0.18743449449539185,-0.38593873381614687,0.04646265134215355,0.9213536381721497],"EasingStyle":"Linear","EasingDirection":"In"},"Torso":{"Weight":1,"CFrame":[-0.10294854640960694,0.01754232496023178,0.00036644935607910156,0.8830996155738831,-0.4500947892665863,-0.132476344704628,0.4576842784881592,0.8885341882705689,0.032127730548381808,0.10324923694133759,-0.08900432288646698,0.9906654357910156],"EasingStyle":"Linear","EasingDirection":"In"},"HumanoidRootPart":{"Weight":1,"CFrame":[0,0,0,1,0,0,0,1,0,0,0,1],"EasingStyle":"Linear","EasingDirection":"In"},"Right Leg":{"Weight":1,"CFrame":[0.2596956491470337,-0.014429211616516114,-0.027378737926483156,0.9279065132141113,0.351146399974823,0.1252424567937851,-0.35966363549232485,0.9315880537033081,0.0527806431055069,-0.09814058244228363,-0.09402061253786087,0.9907212853431702],"EasingStyle":"Linear","EasingDirection":"In"}}},{"Time":0.06666667014360428,"poses":{"Left Leg":{"Weight":1,"CFrame":[0.027657613158226014,-0.07795393466949463,0.07462882995605469,0.6757231950759888,-0.5255582928657532,0.5169010758399963,0.5824083685874939,0.8104754090309143,0.0626913383603096,-0.45188355445861819,0.25868552923202517,0.8537464737892151],"EasingStyle":"Linear","EasingDirection":"In"},"Right Arm":{"Weight":1,"CFrame":[-0.6707330346107483,-0.35463792085647585,0.07182466983795166,0.60291987657547,-0.5507506132125855,0.5772013068199158,0.5944857001304627,0.7926352620124817,0.13533766567707063,-0.5320473909378052,0.261540025472641,0.8053089380264282],"EasingStyle":"Linear","EasingDirection":"In"},"Left Arm":{"Weight":1,"CFrame":[0.4003048539161682,-0.0823577344417572,0.30281174182891848,0.7519270181655884,0.07755129039287567,-0.6546690464019775,-0.40179675817489626,0.8412084579467773,-0.36183956265449526,0.5226520895957947,0.5351208448410034,0.6636871695518494],"EasingStyle":"Linear","EasingDirection":"In"},"Head":{"Weight":1,"CFrame":[9.313225746154785e-8,1.4901161193847657e-8,1.1920928955078126e-7,0.8944940567016602,0.3782535791397095,0.2383376508951187,-0.3476419448852539,0.9236685633659363,-0.16118814051151277,-0.28111493587493899,0.061325669288635257,0.9577127695083618],"EasingStyle":"Linear","EasingDirection":"In"},"Torso":{"Weight":1,"CFrame":[-0.05994243919849396,0.012609466910362244,0.04743599891662598,0.8866190314292908,-0.45220431685447695,-0.09704653173685074,0.4572068750858307,0.8886151313781738,0.036402780562639239,0.06977550685405731,-0.07664573937654495,0.9946139454841614],"EasingStyle":"Linear","EasingDirection":"In"},"HumanoidRootPart":{"Weight":1,"CFrame":[0,0,0,1,0,0,0,1,0,0,0,1],"EasingStyle":"Linear","EasingDirection":"In"},"Right Leg":{"Weight":1,"CFrame":[0.06524518132209778,0.010306596755981446,-0.0043659210205078129,0.9656682014465332,0.2293979972600937,0.12190808355808258,-0.23377564549446107,0.9720252752304077,0.022713474929332734,-0.11328715085983277,-0.05043284222483635,0.9922815561294556],"EasingStyle":"Linear","EasingDirection":"In"}}},{"Time":0.10000000149011612,"poses":{"Left Leg":{"Weight":1,"CFrame":[-0.14386749267578126,-0.08479666709899903,0.15933823585510255,0.6574276685714722,-0.583501935005188,0.4767749309539795,0.622819721698761,0.7769325375556946,0.09204074740409851,-0.4241279661655426,0.236434668302536,0.8741934299468994],"EasingStyle":"Linear","EasingDirection":"In"},"Right Arm":{"Weight":1,"CFrame":[-0.6772592067718506,-0.3730170726776123,0.09201931953430176,0.5970444083213806,-0.558155357837677,0.5761948823928833,0.6169224381446838,0.7785825133323669,0.11496079713106156,-0.5127813220024109,0.2868308424949646,0.8091870546340942],"EasingStyle":"Linear","EasingDirection":"In"},"Left Arm":{"Weight":1,"CFrame":[0.3933784067630768,-0.09325361251831055,0.31677091121673586,0.7531810402870178,0.07315139472484589,-0.6537331938743591,-0.40344467759132388,0.8363109230995178,-0.37123650312423708,0.5195678472518921,0.5433533787727356,0.6594060659408569],"EasingStyle":"Linear","EasingDirection":"In"},"Head":{"Weight":1,"CFrame":[1.2665987014770509e-7,1.1175870895385743e-8,-5.960464477539063e-8,0.9224348664283752,0.3713226616382599,0.10598799586296082,-0.3593180179595947,0.9258999228477478,-0.11661873012781143,-0.14143742620944978,0.06948978453874588,0.9875052571296692],"EasingStyle":"Linear","EasingDirection":"In"},"Torso":{"Weight":1,"CFrame":[0.006273776292800903,0.004804894328117371,0.0830392837524414,0.8894607424736023,-0.4548320174217224,-0.04458098113536835,0.45644909143447878,0.8889675736427307,0.03729582205414772,0.02266770973801613,-0.05352212116122246,0.9983094334602356],"EasingStyle":"Linear","EasingDirection":"In"},"HumanoidRootPart":{"Weight":1,"CFrame":[0,0,0,1,0,0,0,1,0,0,0,1],"EasingStyle":"Linear","EasingDirection":"In"},"Right Leg":{"Weight":1,"CFrame":[0.061548590660095218,-0.014307379722595215,-0.003994882106781006,0.9705491662025452,0.21196533739566804,0.1144772320985794,-0.21028752624988557,0.9772754907608032,-0.02667962573468685,-0.1175309345126152,0.001820794539526105,0.9930675625801086],"EasingStyle":"Linear","EasingDirection":"In"}}},{"Time":0.13333334028720857,"poses":{"Left Leg":{"Weight":1,"CFrame":[-0.3603324294090271,-0.03070366382598877,0.2232968807220459,0.6543136835098267,-0.6353769302368164,0.4100852310657501,0.6438139081001282,0.7525099515914917,0.13868115842342378,-0.39670807123184206,0.17327766120433808,0.9014419317245483],"EasingStyle":"Linear","EasingDirection":"In"},"Right Arm":{"Weight":1,"CFrame":[-0.6802108883857727,-0.3800673484802246,0.10119879245758057,0.5937878489494324,-0.5595836639404297,0.5781713724136353,0.6278042793273926,0.7716487050056458,0.10207948088645935,-0.503267228603363,0.30236488580703738,0.8095046877861023],"EasingStyle":"Linear","EasingDirection":"In"},"Left Arm":{"Weight":1,"CFrame":[0.38621148467063906,-0.0974472165107727,0.3304314613342285,0.7535062432289124,0.06948243826627732,-0.6537588238716126,-0.4033326804637909,0.8341360092163086,-0.37621814012527468,0.5191832780838013,0.5471649169921875,0.6565510630607605],"EasingStyle":"Linear","EasingDirection":"In"},"Head":{"Weight":1,"CFrame":[1.1455267667770386e-7,-2.60770320892334e-8,1.1920928955078126e-7,0.9305546879768372,0.36561909317970278,-0.019765257835388185,-0.3661496341228485,0.9289625287055969,-0.05443436652421951,-0.0015410652849823237,0.057891204953193668,0.9983217716217041],"EasingStyle":"Linear","EasingDirection":"In"},"Torso":{"Weight":1,"CFrame":[0.09114022552967072,-0.009948275983333588,0.0966801643371582,0.8889709711074829,-0.4575517773628235,0.01941828615963459,0.4569239020347595,0.8890106678009033,0.02967718057334423,-0.030841905623674394,-0.017509471625089647,0.9993709325790405],"EasingStyle":"Linear","EasingDirection":"In"},"HumanoidRootPart":{"Weight":1,"CFrame":[0,0,0,1,0,0,0,1,0,0,0,1],"EasingStyle":"Linear","EasingDirection":"In"},"Right Leg":{"Weight":1,"CFrame":[0.4927525222301483,-0.07257509231567383,-0.053705036640167239,0.893149733543396,0.43727388978004458,0.10523855686187744,-0.4308529794216156,0.8989816904067993,-0.07872685045003891,-0.12903264164924622,0.02497250959277153,0.9913259148597717],"EasingStyle":"Linear","EasingDirection":"In"}}},{"Time":0.1666666716337204,"poses":{"Left Leg":{"Weight":1,"CFrame":[-0.6167680025100708,0.15297561883926392,0.195351243019104,0.7048172354698181,-0.6462024450302124,0.29266905784606936,0.6024150252342224,0.7630822658538818,0.2340976446866989,-0.3746050298213959,0.011312112212181092,0.9271154999732971],"EasingStyle":"Linear","EasingDirection":"In"},"Right Arm":{"Weight":1,"CFrame":[-0.6812504529953003,-0.37924760580062868,0.10115230083465576,0.589155912399292,-0.5567614436149597,0.5855869054794312,0.6291828751564026,0.7708163857460022,0.09985547512769699,-0.5069757103919983,0.3096107244491577,0.8044357895851135],"EasingStyle":"Linear","EasingDirection":"In"},"Left Arm":{"Weight":1,"CFrame":[0.3799617290496826,-0.09743806719779968,0.3414924144744873,0.7437662482261658,0.05630114674568176,-0.6660646200180054,-0.3985503613948822,0.8373055458068848,-0.37426885962486269,0.5366277694702148,0.5438287854194641,0.645198404788971],"EasingStyle":"Linear","EasingDirection":"In"},"Head":{"Weight":1,"CFrame":[8.195638656616211e-8,-2.3283064365386964e-9,2.384185791015625e-7,0.9212121367454529,0.3746216297149658,-0.10500946640968323,-0.3717130124568939,0.9271690249443054,0.04676736146211624,0.11488158255815506,-0.0040492708794772629,0.9933709502220154],"EasingStyle":"Linear","EasingDirection":"In"},"Torso":{"Weight":1,"CFrame":[0.1919366717338562,-0.043443236500024798,0.0709998607635498,0.8814845681190491,-0.463141530752182,0.09211376309394837,0.4652191698551178,0.885194718837738,-0.0012282151728868485,-0.08096977323293686,0.043935734778642657,0.9957478046417236],"EasingStyle":"Linear","EasingDirection":"In"},"HumanoidRootPart":{"Weight":1,"CFrame":[0,0,0,1,0,0,0,1,0,0,0,1],"EasingStyle":"Linear","EasingDirection":"In"},"Right Leg":{"Weight":1,"CFrame":[0.6559552550315857,-0.04320681095123291,-0.06285452842712403,0.8582593202590942,0.5042222142219544,0.09566029161214829,-0.4971790313720703,0.863101065158844,-0.08871227502822876,-0.12729501724243165,0.028577953577041627,0.9914531707763672],"EasingStyle":"Linear","EasingDirection":"In"}}},{"Time":0.20000000298023225,"poses":{"Left Leg":{"Weight":1,"CFrame":[-0.7959851026535034,0.41240668296813967,-0.016970038414001466,0.8169489502906799,-0.5623576045036316,0.12786084413528443,0.47920286655426028,0.7852842807769775,0.39203742146492007,-0.32087236642837527,-0.25900325179100039,0.9110205173492432],"EasingStyle":"Linear","EasingDirection":"In"},"Right Arm":{"Weight":1,"CFrame":[-0.6821169257164002,-0.3769818842411041,0.10102367401123047,0.5804388523101807,-0.551487922668457,0.5991258025169373,0.6273873448371887,0.7719041109085083,0.10270938277244568,-0.5191107392311096,0.31626737117767336,0.794039785861969],"EasingStyle":"Linear","EasingDirection":"In"},"Left Arm":{"Weight":1,"CFrame":[0.3745807409286499,-0.09737610816955567,0.35022735595703127,0.7173725962638855,0.026858624070882798,-0.6961718201637268,-0.38825517892837527,0.8451158404350281,-0.36747410893440249,0.578476071357727,0.5339080691337586,0.6166909337043762],"EasingStyle":"Linear","EasingDirection":"In"},"Head":{"Weight":1,"CFrame":[1.4156103134155274e-7,-5.960464477539063e-8,-2.980232238769531e-7,0.9026519656181336,0.40330347418785097,-0.1502199023962021,-0.3745037019252777,0.9080566167831421,0.18756410479545594,0.21205338835716248,-0.11304716765880585,0.9706975221633911],"EasingStyle":"Linear","EasingDirection":"In"},"Torso":{"Weight":1,"CFrame":[0.3043147623538971,-0.09743641316890717,0.0026400089263916017,0.8657975792884827,-0.47059836983680727,0.17009344696998597,0.48548224568367007,0.8723437786102295,-0.05764948949217796,-0.1212501972913742,0.1324901282787323,0.9837402105331421],"EasingStyle":"Linear","EasingDirection":"In"},"HumanoidRootPart":{"Weight":1,"CFrame":[0,0,0,1,0,0,0,1,0,0,0,1],"EasingStyle":"Linear","EasingDirection":"In"},"Right Leg":{"Weight":1,"CFrame":[0.763144850730896,0.024255692958831788,-0.05265754461288452,0.8381383419036865,0.5404880046844482,0.07346433401107788,-0.537339985370636,0.8412915468215942,-0.059113483875989917,-0.09375500679016113,0.010069873183965683,0.9955443739891052],"EasingStyle":"Linear","EasingDirection":"In"}}},{"Time":0.23333333432674409,"poses":{"Left Leg":{"Weight":1,"CFrame":[-0.7409868836402893,0.4816814064979553,-0.2155824899673462,0.9427975416183472,-0.33295494318008425,-0.016550639644265176,0.29586532711982729,0.812832772731781,0.5017634034156799,-0.15361182391643525,-0.47795799374580386,0.8648466467857361],"EasingStyle":"Linear","EasingDirection":"In"},"Right Arm":{"Weight":1,"CFrame":[-0.6828263401985169,-0.37355849146842959,0.1008298397064209,0.5691997408866882,-0.5445104837417603,0.6160519123077393,0.623401939868927,0.7743465900421143,0.10843171924352646,-0.5360798835754395,0.3223285973072052,0.7802067399024963],"EasingStyle":"Linear","EasingDirection":"In"},"Left Arm":{"Weight":1,"CFrame":[0.3697182834148407,-0.09720638394355774,0.35755419731140139,0.6779752373695374,-0.011598319746553898,-0.7349932193756104,-0.3740323781967163,0.8553174138069153,-0.3585135340690613,0.632810652256012,0.5179745554924011,0.5755459070205689],"EasingStyle":"Linear","EasingDirection":"In"},"Head":{"Weight":1,"CFrame":[-1.4901161193847657e-8,-1.4901161193847657e-8,2.384185791015625e-7,0.8812986016273499,0.44079434871673586,-0.17033284902572633,-0.3697049021720886,0.8676351308822632,0.33245688676834109,0.2943318784236908,-0.23002088069915772,0.9276094436645508],"EasingStyle":"Linear","EasingDirection":"In"},"Torso":{"Weight":1,"CFrame":[0.42073166370391848,-0.16079789400100709,-0.0958871841430664,0.844427227973938,-0.47567903995513918,0.24631720781326295,0.5144907832145691,0.8482316136360169,-0.12570784986019135,-0.1491374373435974,0.23287907242774964,0.9610022902488709],"EasingStyle":"Linear","EasingDirection":"In"},"HumanoidRootPart":{"Weight":1,"CFrame":[0,0,0,1,0,0,0,1,0,0,0,1],"EasingStyle":"Linear","EasingDirection":"In"},"Right Leg":{"Weight":1,"CFrame":[0.8588432669639587,0.12466663122177124,-0.022883892059326173,0.8143419623374939,0.5795885920524597,0.030403008684515954,-0.579117476940155,0.8149080872535706,-0.023406533524394037,-0.03834173455834389,0.001454062876291573,0.9992636442184448],"EasingStyle":"Linear","EasingDirection":"In"}}},{"Time":0.2666666805744171,"poses":{"Left Leg":{"Weight":1,"CFrame":[-0.4965347349643707,0.3958335518836975,-0.2409076690673828,0.9901021718978882,0.01396673358976841,-0.1396520435810089,0.06550992280244827,0.8340010643005371,0.5478601455688477,0.12412157654762268,-0.5515860915184021,0.8248313069343567],"EasingStyle":"Linear","EasingDirection":"In"},"Right Arm":{"Weight":1,"CFrame":[-0.6833944320678711,-0.3692675232887268,0.10058629512786865,0.5571542978286743,-0.5366250872612,0.633729100227356,0.6182721853256226,0.7775307893753052,0.11482731252908707,-0.5543631911277771,0.32784050703048708,0.7649850249290466],"EasingStyle":"Linear","EasingDirection":"In"},"Left Arm":{"Weight":1,"CFrame":[0.365024209022522,-0.09687605500221253,0.36439013481140139,0.6308573484420776,-0.05196103826165199,-0.7741570472717285,-0.35791337490081789,0.8657698035240173,-0.3497723340988159,0.6884163022041321,0.49773770570755007,0.5275797247886658],"EasingStyle":"Linear","EasingDirection":"In"},"Head":{"Weight":1,"CFrame":[4.470348358154297e-8,-2.9802322387695315e-8,0,0.8595267534255981,0.47650715708732607,-0.18480980396270753,-0.35798195004463198,0.8193802237510681,0.4477332532405853,0.364777535200119,-0.3186801075935364,0.8748601675033569],"EasingStyle":"Linear","EasingDirection":"In"},"Torso":{"Weight":1,"CFrame":[0.5334415435791016,-0.2230299413204193,-0.20828938484191895,0.8206509947776794,-0.4777606129646301,0.3134913444519043,0.5475650429725647,0.814363420009613,-0.19231468439102174,-0.16341553628444673,0.3294800817966461,0.9299131035804749],"EasingStyle":"Linear","EasingDirection":"In"},"HumanoidRootPart":{"Weight":1,"CFrame":[0,0,0,1,0,0,0,1,0,0,0,1],"EasingStyle":"Linear","EasingDirection":"In"},"Right Leg":{"Weight":1,"CFrame":[0.9382554292678833,0.2545338273048401,0.025431036949157716,0.768061101436615,0.6395490169525147,-0.03254637122154236,-0.6392092108726502,0.7687374949455261,0.021311068907380105,0.03864908963441849,0.004435651004314423,0.9992430210113525],"EasingStyle":"Linear","EasingDirection":"In"}}},{"Time":0.30000001192092898,"poses":{"Left Leg":{"Weight":1,"CFrame":[-0.6078683137893677,0.4711017608642578,-0.41698431968688967,0.9678375720977783,0.05305584520101547,-0.2459181398153305,0.11235722154378891,0.7834451794624329,0.611219584941864,0.22509215772151948,-0.6191920638084412,0.7522863745689392],"EasingStyle":"Linear","EasingDirection":"In"},"Right Arm":{"Weight":1,"CFrame":[-0.6838369369506836,-0.364397794008255,0.10031008720397949,0.5462477803230286,-0.5286530256271362,0.6497226357460022,0.61317378282547,0.7808117866516113,0.11979513615369797,-0.5706411600112915,0.332955002784729,0.7506727576255798],"EasingStyle":"Linear","EasingDirection":"In"},"Left Arm":{"Weight":1,"CFrame":[0.3601486086845398,-0.09633231163024903,0.3716529607772827,0.5837246179580689,-0.08791621029376984,-0.8071780204772949,-0.34256109595298769,0.8746469616889954,-0.34299376606941225,0.7361505031585693,0.47672173380851748,0.48043617606163027],"EasingStyle":"Linear","EasingDirection":"In"},"Head":{"Weight":1,"CFrame":[0,0,-5.960464477539063e-8,0.8374550938606262,0.504345715045929,-0.21048662066459657,-0.34386730194091799,0.7856360077857971,0.5143262147903442,0.4247639775276184,-0.3583455979824066,0.831362783908844],"EasingStyle":"Linear","EasingDirection":"In"},"Torso":{"Weight":1,"CFrame":[0.6350807547569275,-0.2753537893295288,-0.314272403717041,0.7979478240013123,-0.47979211807250979,0.36479970812797549,0.5796912312507629,0.7766473293304443,-0.24653008580207826,-0.16503751277923585,0.4081893563270569,0.8978553414344788],"EasingStyle":"Linear","EasingDirection":"In"},"HumanoidRootPart":{"Weight":1,"CFrame":[0,0,0,1,0,0,0,1,0,0,0,1],"EasingStyle":"Linear","EasingDirection":"In"},"Right Leg":{"Weight":1,"CFrame":[0.9662915468215942,0.37075597047805788,0.08202528953552246,0.6888730525970459,0.7147985696792603,-0.12048617005348206,-0.7056562304496765,0.6993012428283691,0.11413630843162537,0.16584064066410066,0.006396271288394928,0.9861318469047546],"EasingStyle":"Linear","EasingDirection":"In"}}},{"Time":0.3333333432674408,"poses":{"Left Leg":{"Weight":1,"CFrame":[-0.6663025617599487,0.5068007707595825,-0.5619385242462158,0.9389832615852356,0.07743653655052185,-0.33513298630714419,0.1627364456653595,0.7583653926849365,0.6311885118484497,0.30303025245666506,-0.6472136974334717,0.6994906067848206],"EasingStyle":"Linear","EasingDirection":"In"},"Right Arm":{"Weight":1,"CFrame":[-0.6841694712638855,-0.3592389225959778,0.10001766681671143,0.5386320948600769,-0.5214248299598694,0.6618092656135559,0.609394371509552,0.7835258841514587,0.12134994566440582,-0.5818195343017578,0.3379397690296173,0.7397856116294861],"EasingStyle":"Linear","EasingDirection":"In"},"Left Arm":{"Weight":1,"CFrame":[0.35474056005477908,-0.09552028775215149,0.3802603483200073,0.546172022819519,-0.11432075500488281,-0.8298354148864746,-0.3310852348804474,0.880520761013031,-0.33921363949775698,0.7694665193557739,0.46001529693603518,0.44306594133377077],"EasingStyle":"Linear","EasingDirection":"In"},"Head":{"Weight":1,"CFrame":[1.4901161193847657e-8,0,1.1920928955078126e-7,0.8184592127799988,0.5229231715202332,-0.23806710541248322,-0.3339308798313141,0.7701054811477661,0.5435326099395752,0.4675624966621399,-0.3653613030910492,0.8049201965332031],"EasingStyle":"Linear","EasingDirection":"In"},"Torso":{"Weight":1,"CFrame":[0.718840479850769,-0.3110918402671814,-0.39102649688720705,0.7793813943862915,-0.4870670437812805,0.3941197991371155,0.6066001057624817,0.7440520524978638,-0.28004077076911929,-0.15684697031974793,0.45733168721199038,0.8753552436828613],"EasingStyle":"Linear","EasingDirection":"In"},"HumanoidRootPart":{"Weight":1,"CFrame":[0,0,0,1,0,0,0,1,0,0,0,1],"EasingStyle":"Linear","EasingDirection":"In"},"Right Leg":{"Weight":1,"CFrame":[0.9501275420188904,0.43351542949676516,0.14197945594787599,0.5705074667930603,0.7895506620407105,-0.2261216640472412,-0.7469494342803955,0.6132771968841553,0.25682225823402407,0.34144940972328188,0.022382346913218499,0.9396337270736694],"EasingStyle":"Linear","EasingDirection":"In"}}},{"Time":0.36666667461395266,"poses":{"Left Leg":{"Weight":1,"CFrame":[-0.6839039325714111,0.5133883357048035,-0.6334050893783569,0.9168268442153931,0.09322056174278259,-0.38825076818466189,0.19072435796260835,0.752018928527832,0.6309451460838318,0.35078901052474978,-0.6525163650512695,0.6716917157173157],"EasingStyle":"Linear","EasingDirection":"In"},"Right Arm":{"Weight":1,"CFrame":[-0.6844077110290527,-0.3540802001953125,0.0997246503829956,0.5365628600120544,-0.5157819390296936,0.6678841710090637,0.6082422733306885,0.7849953770637512,0.11757448315620423,-0.5849288105964661,0.34314924478530886,0.7349197268486023],"EasingStyle":"Linear","EasingDirection":"In"},"Left Arm":{"Weight":1,"CFrame":[0.34845060110092165,-0.0943872332572937,0.3911302089691162,0.5285559892654419,-0.12685279548168183,-0.8393670320510864,-0.32672107219696047,0.8822061419487,-0.3390658497810364,0.7835062146186829,0.45345422625541689,0.42484986782073977],"EasingStyle":"Linear","EasingDirection":"In"},"Head":{"Weight":1,"CFrame":[2.0873267203569413e-7,1.7881393432617188e-7,-1.1920928955078126e-7,0.8091133832931519,0.5316768884658814,-0.250310480594635,-0.3328021466732025,0.7656340003013611,0.5504974126815796,0.48433294892311098,-0.36211097240448,0.796427845954895],"EasingStyle":"Linear","EasingDirection":"In"},"Torso":{"Weight":1,"CFrame":[0.7650970220565796,-0.32575154304504397,-0.41885900497436526,0.7664757966995239,-0.5002695322036743,0.4027969539165497,0.6248171925544739,0.7260046601295471,-0.287264347076416,-0.14872285723686219,0.4718555808067322,0.8690419793128967],"EasingStyle":"Linear","EasingDirection":"In"},"HumanoidRootPart":{"Weight":1,"CFrame":[0,0,0,1,0,0,0,1,0,0,0,1],"EasingStyle":"Linear","EasingDirection":"In"},"Right Leg":{"Weight":1,"CFrame":[0.9214026927947998,0.4323676824569702,0.19451570510864259,0.47770169377326968,0.8285811543464661,-0.2919834554195404,-0.7556204199790955,0.5570583343505859,0.3445635139942169,0.4481508135795593,0.05603000149130821,0.8922004103660584],"EasingStyle":"Linear","EasingDirection":"In"}}},{"Time":0.4000000059604645,"poses":{"Left Leg":{"Weight":1,"CFrame":[-0.6611193418502808,0.5205584168434143,-0.5180962681770325,0.9454694986343384,0.07837499678134918,-0.31614068150520327,0.12908364832401277,0.8009750247001648,0.5846165418624878,0.2990400493144989,-0.59354567527771,0.7471805214881897],"EasingStyle":"Linear","EasingDirection":"In"},"Right Arm":{"Weight":1,"CFrame":[-0.6845672726631165,-0.3492109179496765,0.099448561668396,0.543842077255249,-0.5083181858062744,0.6677188873291016,0.610426664352417,0.7856205105781555,0.10089480131864548,-0.575860321521759,0.35272249579429629,0.7375444173812866],"EasingStyle":"Linear","EasingDirection":"In"},"Left Arm":{"Weight":1,"CFrame":[0.3411599397659302,-0.0884351134300232,0.40474462509155276,0.5279799103736877,-0.13645705580711366,-0.8382223844528198,-0.33254238963127139,0.8749744892120361,-0.3519020974636078,0.7814427614212036,0.46454185247421267,0.41659122705459597],"EasingStyle":"Linear","EasingDirection":"In"},"Head":{"Weight":1,"CFrame":[6.891787052154541e-8,8.940696716308594e-8,-1.1920928955078126e-7,0.8132296800613403,0.5297607779502869,-0.2408551126718521,-0.3471287190914154,0.7737799286842346,0.5298739671707153,0.46707525849342348,-0.3473014533519745,0.8131559491157532],"EasingStyle":"Linear","EasingDirection":"In"},"Torso":{"Weight":1,"CFrame":[0.7375591397285461,-0.3231157064437866,-0.38259172439575198,0.7668121457099915,-0.5208873748779297,0.37506741285324099,0.6283529996871948,0.7284666299819946,-0.2729633152484894,-0.13104093074798585,0.4449862837791443,0.8858981728553772],"EasingStyle":"Linear","EasingDirection":"In"},"HumanoidRootPart":{"Weight":1,"CFrame":[0,0,0,1,0,0,0,1,0,0,0,1],"EasingStyle":"Linear","EasingDirection":"In"},"Right Leg":{"Weight":1,"CFrame":[0.889079749584198,0.3413417935371399,0.19894397258758546,0.6291319727897644,0.7362955212593079,-0.24912194907665254,-0.7244938611984253,0.6715723872184753,0.15523923933506013,0.28160548210144045,0.08282126486301422,0.9559493064880371],"EasingStyle":"Linear","EasingDirection":"In"}}},{"Time":0.4333333373069763,"poses":{"Left Leg":{"Weight":1,"CFrame":[-0.5576595664024353,0.4800640940666199,-0.2564191222190857,0.9918946623802185,0.05046036094427109,-0.11661418527364731,0.008719935081899166,0.8885670304298401,0.45866382122039797,0.1267637461423874,-0.45596301555633547,0.8809248805046082],"EasingStyle":"Linear","EasingDirection":"In"},"Right Arm":{"Weight":1,"CFrame":[-0.6846639513969421,-0.3449196517467499,0.0992053747177124,0.558874785900116,-0.4973299503326416,0.6635676026344299,0.6142593026161194,0.785846471786499,0.07162937521934509,-0.5570857524871826,0.3675706386566162,0.74467933177948],"EasingStyle":"Linear","EasingDirection":"In"},"Left Arm":{"Weight":1,"CFrame":[0.3336773216724396,-0.07531678676605225,0.4198482036590576,0.5325074791908264,-0.15332697331905366,-0.8324221968650818,-0.3460264801979065,0.8580871224403381,-0.37941035628318789,0.7724645733833313,0.49007901549339297,0.40388259291648867],"EasingStyle":"Linear","EasingDirection":"In"},"Head":{"Weight":1,"CFrame":[8.940696716308594e-8,-1.4901161193847657e-7,2.384185791015625e-7,0.8252788782119751,0.5222240686416626,-0.21493452787399293,-0.37823164463043215,0.7937654256820679,0.4763166010379791,0.4193515181541443,-0.31179895997047427,0.8525994420051575],"EasingStyle":"Linear","EasingDirection":"In"},"Torso":{"Weight":1,"CFrame":[0.6706032156944275,-0.3113391399383545,-0.2983884811401367,0.7782172560691834,-0.5456728935241699,0.31083592772483828,0.620564877986908,0.744117021560669,-0.24736450612545014,-0.09631820768117905,0.38539716601371767,0.9177101850509644],"EasingStyle":"Linear","EasingDirection":"In"},"HumanoidRootPart":{"Weight":1,"CFrame":[0,0,0,1,0,0,0,1,0,0,0,1],"EasingStyle":"Linear","EasingDirection":"In"},"Right Leg":{"Weight":1,"CFrame":[0.6488544940948486,0.15193802118301392,0.14729416370391847,0.863542914390564,0.4614240229129791,-0.2034251093864441,-0.47360098361968996,0.8806450963020325,-0.012898755259811879,0.1731935292482376,0.10748085379600525,0.9790055751800537],"EasingStyle":"Linear","EasingDirection":"In"}}},{"Time":0.46666666865348818,"poses":{"Left Leg":{"Weight":1,"CFrame":[-0.3435284495353699,0.35164523124694826,-0.050905823707580569,0.9917498230934143,0.07545030117034912,0.10363180935382843,-0.10504551976919174,0.9416874051094055,0.31967225670814516,-0.07346941530704498,-0.3279210031032562,0.9418440461158752],"EasingStyle":"Linear","EasingDirection":"In"},"Right Arm":{"Weight":1,"CFrame":[-0.6847139596939087,-0.34149643778800967,0.09901130199432373,0.5758869647979736,-0.4860987961292267,0.6573144793510437,0.617764413356781,0.785367488861084,0.039560504257678989,-0.5354637503623962,0.38328298926353457,0.7525774240493774],"EasingStyle":"Linear","EasingDirection":"In"},"Left Arm":{"Weight":1,"CFrame":[0.32704439759254458,-0.058209240436553958,0.4347505569458008,0.5386512875556946,-0.17202851176261903,-0.8247793912887573,-0.3619959056377411,0.8367159366607666,-0.4109325706958771,0.7607981562614441,0.5199160575866699,0.38842448592185976],"EasingStyle":"Linear","EasingDirection":"In"},"Head":{"Weight":1,"CFrame":[-7.450580596923828e-9,8.940696716308594e-8,2.384185791015625e-7,0.8376689553260803,0.5184041857719421,-0.1719534993171692,-0.42039573192596438,0.8129579424858093,0.4029478430747986,0.3486807644367218,-0.2652483880519867,0.8989243507385254],"EasingStyle":"Linear","EasingDirection":"In"},"Torso":{"Weight":1,"CFrame":[0.5879132747650147,-0.3001434803009033,-0.1960582733154297,0.7931141257286072,-0.5603137016296387,0.23878562450408936,0.6063500046730042,0.7633906006813049,-0.2226535975933075,-0.05753082409501076,0.32137733697891238,0.9452020525932312],"EasingStyle":"Linear","EasingDirection":"In"},"HumanoidRootPart":{"Weight":1,"CFrame":[0,0,0,1,0,0,0,1,0,0,0,1],"EasingStyle":"Linear","EasingDirection":"In"},"Right Leg":{"Weight":1,"CFrame":[0.16965246200561524,-0.003339529037475586,0.04224896430969238,0.97364342212677,0.12684962153434754,-0.18954645097255708,-0.1384705752134323,0.9891375303268433,-0.04932418838143349,0.18123069405555726,0.07427076250314713,0.9806321263313294],"EasingStyle":"Linear","EasingDirection":"In"}}},{"Time":0.5,"poses":{"Left Leg":{"Weight":1,"CFrame":[-0.0889553427696228,0.1600908637046814,0.018809795379638673,0.9633365869522095,0.09925080835819245,0.24926269054412843,-0.14488202333450318,0.974393367767334,0.17195037007331849,-0.22581373155117036,-0.2017597258090973,0.9530484080314636],"EasingStyle":"Linear","EasingDirection":"In"},"Right Arm":{"Weight":1,"CFrame":[-0.68473219871521,-0.3392305374145508,0.09888267517089844,0.5895870923995972,-0.47751349210739138,0.6514352560043335,0.6199652552604675,0.7845052480697632,0.01395096443593502,-0.5177161693572998,0.39564192295074465,0.7585760354995728],"EasingStyle":"Linear","EasingDirection":"In"},"Left Arm":{"Weight":1,"CFrame":[0.3223012387752533,-0.040287792682647708,0.4477604627609253,0.5426658987998962,-0.1877843290567398,-0.8186884522438049,-0.37603333592414858,0.8172435164451599,-0.4367058277130127,0.751074492931366,0.5448395013809204,0.3728770613670349],"EasingStyle":"Linear","EasingDirection":"In"},"Head":{"Weight":1,"CFrame":[2.9802322387695315e-8,5.960464477539063e-8,-5.960464477539063e-8,0.8451141715049744,0.5225706100463867,-0.11270355433225632,-0.467013418674469,0.8242936134338379,0.3200604319572449,0.26015496253967287,-0.21785353124141694,0.9406696557998657],"EasingStyle":"Linear","EasingDirection":"In"},"Torso":{"Weight":1,"CFrame":[0.49636557698249819,-0.29091376066207888,-0.09236383438110352,0.8093305826187134,-0.5632333755493164,0.16658981144428254,0.5870875716209412,0.7842766046524048,-0.2005954086780548,-0.017670463770627977,0.2601507902145386,0.9654063582420349],"EasingStyle":"Linear","EasingDirection":"In"},"HumanoidRootPart":{"Weight":1,"CFrame":[0,0,0,1,0,0,0,1,0,0,0,1],"EasingStyle":"Linear","EasingDirection":"In"},"Right Leg":{"Weight":1,"CFrame":[-0.08490318059921265,-0.016577959060668947,-0.007815361022949219,0.9837135672569275,0.006381398998200893,-0.17962977290153504,-0.012116735801100731,0.9994506239891052,-0.030849561095237733,0.17933426797389985,0.03252357617020607,0.9832504987716675],"EasingStyle":"Linear","EasingDirection":"In"}}},{"Time":0.5333333611488342,"poses":{"Left Leg":{"Weight":1,"CFrame":[-0.34772640466690066,0.13381922245025636,0.13701903820037843,0.918320894241333,-0.24070382118225099,0.314242422580719,0.24188923835754395,0.9696416258811951,0.0358467735350132,-0.31333106756210329,0.04309305176138878,0.9486657381057739],"EasingStyle":"Linear","EasingDirection":"In"},"Right Arm":{"Weight":1,"CFrame":[-0.6847347617149353,-0.3384106159210205,0.09883618354797363,0.5951901078224182,-0.47410455346107485,0.6488247513771057,0.6207057237625122,0.7840358018875122,0.0035091941244900228,-0.5103656053543091,0.4006405472755432,0.7609298825263977],"EasingStyle":"Linear","EasingDirection":"In"},"Left Arm":{"Weight":1,"CFrame":[0.3204888701438904,-0.02472740411758423,0.45718812942504885,0.5405381917953491,-0.19648794829845429,-0.818053126335144,-0.3845164179801941,0.8071517944335938,-0.4479433596134186,0.7483085989952087,0.5566853880882263,0.3607434630393982],"EasingStyle":"Linear","EasingDirection":"In"},"Head":{"Weight":1,"CFrame":[7.450580596923828e-8,-4.470348358154297e-8,1.1920928955078126e-7,0.8531601428985596,0.5202996730804443,-0.03749839961528778,-0.5001033544540405,0.8362518548965454,0.22489899396896363,0.14837296307086945,-0.17312179505825044,0.9736603498458862],"EasingStyle":"Linear","EasingDirection":"In"},"Torso":{"Weight":1,"CFrame":[0.39837998151779177,-0.2829505205154419,-0.0012545585632324219,0.8254140615463257,-0.5562446117401123,0.09635113179683685,0.5640720725059509,0.8057896494865418,-0.18034937977790833,0.0226796455681324,0.20321190357208253,0.9788721203804016],"EasingStyle":"Linear","EasingDirection":"In"},"HumanoidRootPart":{"Weight":1,"CFrame":[0,0,0,1,0,0,0,1,0,0,0,1],"EasingStyle":"Linear","EasingDirection":"In"},"Right Leg":{"Weight":1,"CFrame":[-0.0767352432012558,0.0009181499481201172,-0.006273031234741211,0.985480546951294,0.04572316259145737,-0.1635165959596634,-0.04556182771921158,0.9989503026008606,0.004739096388220787,0.1635616421699524,0.002779783681035042,0.9865292906761169],"EasingStyle":"Linear","EasingDirection":"In"}}},{"Time":0.5666666626930237,"poses":{"Left Leg":{"Weight":1,"CFrame":[-0.03553135693073273,-0.07783472537994385,0.04187607765197754,0.910851240158081,-0.21644164621829987,0.35142990946769717,0.2708599269390106,0.955930233001709,-0.11328012496232987,-0.31142398715019228,0.19836966693401338,0.9293357133865356],"EasingStyle":"Linear","EasingDirection":"In"},"Right Arm":{"Weight":1,"CFrame":[-0.6800448894500732,-0.34077367186546328,0.1583707332611084,0.5427597165107727,-0.46084830164909365,0.7021614909172058,0.6238321661949158,0.7809685468673706,0.0303590539842844,-0.5623569488525391,0.42155322432518008,0.7113702893257141],"EasingStyle":"Linear","EasingDirection":"In"},"Left Arm":{"Weight":1,"CFrame":[0.32434356212615969,-0.013991773128509522,0.4623544216156006,0.5213326811790466,-0.1896199733018875,-0.8320195078849793,-0.4050644636154175,0.8031699657440186,-0.4368532598018646,0.7510892152786255,0.5647674798965454,0.3419104516506195],"EasingStyle":"Linear","EasingDirection":"In"},"Head":{"Weight":1,"CFrame":[1.6391277313232423e-7,-7.450580596923828e-8,-1.7881393432617188e-7,0.8716735243797302,0.48734357953071597,0.05178423598408699,-0.48988935351371767,0.8634430170059204,0.12031067907810211,0.013919872231781483,-0.13024017214775086,0.9913848638534546],"EasingStyle":"Linear","EasingDirection":"In"},"Torso":{"Weight":1,"CFrame":[0.2963258624076843,-0.27587658166885378,0.06353521347045899,0.8401798009872437,-0.5414714813232422,0.030109263956546785,0.5386900305747986,0.8268846273422241,-0.1614774465560913,0.06253858655691147,0.1518896371126175,0.9864170551300049],"EasingStyle":"Linear","EasingDirection":"In"},"HumanoidRootPart":{"Weight":1,"CFrame":[0,0,0,1,0,0,0,1,0,0,0,1],"EasingStyle":"Linear","EasingDirection":"In"},"Right Leg":{"Weight":1,"CFrame":[-0.0651242583990097,0.015693187713623048,-0.004928767681121826,0.9868403077125549,0.08003585040569306,-0.1405007690191269,-0.07585404813289643,0.9965087175369263,0.034879349172115329,0.14280180633068086,-0.02376280538737774,0.9894660115242004],"EasingStyle":"Linear","EasingDirection":"In"}}},{"Time":0.6000000238418579,"poses":{"Left Leg":{"Weight":1,"CFrame":[0.19551981985569,-0.11435770988464356,-0.0542452335357666,0.8925504088401794,-0.2088509500026703,0.3996686637401581,0.31617066264152529,0.921782910823822,-0.22439336776733399,-0.3215430974960327,0.32664594054222109,0.8887702822685242],"EasingStyle":"Linear","EasingDirection":"In"},"Right Arm":{"Weight":1,"CFrame":[-0.6472160816192627,-0.3573124408721924,0.2893470525741577,0.39717555046081545,-0.43601569533348086,0.8075531125068665,0.6348131895065308,0.7659888863563538,0.101356640458107,-0.6627699136734009,0.4723889231681824,0.5810206532478333],"EasingStyle":"Linear","EasingDirection":"In"},"Left Arm":{"Weight":1,"CFrame":[0.33282336592674258,-0.0076895058155059818,0.4666285514831543,0.485950231552124,-0.16697609424591065,-0.8578878045082092,-0.44563135504722597,0.7970594167709351,-0.40756458044052126,0.7518412470817566,0.5803577899932861,0.3129214346408844],"EasingStyle":"Linear","EasingDirection":"In"},"Head":{"Weight":1,"CFrame":[2.9802322387695315e-8,-3.795139491558075e-8,-5.960464477539063e-8,0.8873805403709412,0.4385097920894623,0.1423555463552475,-0.4465649127960205,0.8942828178405762,0.02895098179578781,-0.11461082845926285,-0.08926153182983399,0.989392101764679],"EasingStyle":"Linear","EasingDirection":"In"},"Torso":{"Weight":1,"CFrame":[0.19248703122138978,-0.2696286141872406,0.08848452568054199,0.8528042435646057,-0.5213565230369568,-0.0302032008767128,0.5124475359916687,0.8465698957443237,-0.14393410086631776,0.10061010718345642,0.10727005451917649,0.9891263246536255],"EasingStyle":"Linear","EasingDirection":"In"},"HumanoidRootPart":{"Weight":1,"CFrame":[0,0,0,1,0,0,0,1,0,0,0,1],"EasingStyle":"Linear","EasingDirection":"In"},"Right Leg":{"Weight":1,"CFrame":[-0.054222628474235538,-0.0017290115356445313,-0.003351271152496338,0.9919126629829407,0.044412631541490558,-0.11889903247356415,-0.0447189100086689,0.9989995956420898,0.00009260322258342057,0.11878424882888794,0.005225168075412512,0.9929063320159912],"EasingStyle":"Linear","EasingDirection":"In"}}},{"Time":0.6333333253860474,"poses":{"Left Leg":{"Weight":1,"CFrame":[0.21852868795394898,-0.14975547790527345,-0.07589125633239746,0.8505954742431641,-0.27936556935310366,0.44546857476234438,0.43367907404899599,0.851787805557251,-0.29390478134155276,-0.2973380386829376,0.44318458437919619,0.8456818461418152],"EasingStyle":"Linear","EasingDirection":"In"},"Right Arm":{"Weight":1,"CFrame":[-0.5581094026565552,-0.402203232049942,0.4203234910964966,0.18629993498325349,-0.4215983748435974,0.8874385952949524,0.6553918123245239,0.7262457609176636,0.2074335217475891,-0.7319521307945252,0.542975127696991,0.4116116166114807],"EasingStyle":"Linear","EasingDirection":"In"},"Left Arm":{"Weight":1,"CFrame":[0.341303288936615,-0.0047171711921691898,0.4743913412094116,0.4491553008556366,-0.13678617775440217,-0.8829208016395569,-0.4887111783027649,0.7896556258201599,-0.3709520101547241,0.7479444742202759,0.5981083512306213,0.28782889246940615],"EasingStyle":"Linear","EasingDirection