{"Sequence":[{"Time":0,"poses":{"Left Leg":{"Weight":1,"CFrame":[-0.7795575261116028,0.4983111619949341,0.0758211612701416,0.9315797686576843,-0.35460683703422549,0.08008276671171189,0.3573724031448364,0.9336821436882019,-0.022860733792185785,-0.06666532158851624,0.04991592466831207,0.9965261220932007],"EasingStyle":"Constant","EasingDirection":"In"},"Right Leg":{"Weight":1,"CFrame":[0.48586225509643557,0.2882668375968933,0.4388037919998169,0.6578657627105713,0.4943867623806,-0.5681500434875488,-0.5938743948936462,0.8044627904891968,0.012366550043225289,0.46316948533058169,0.32927414774894717,0.8228320479393005],"EasingStyle":"Constant","EasingDirection":"In"},"Left Arm":{"Weight":1,"CFrame":[-0.15310928225517274,-0.1964021623134613,0.013011336326599121,-0.7181385159492493,0.5812584161758423,0.38264304399490359,-0.6359848976135254,-0.3249848484992981,-0.6999344229698181,-0.282489538192749,-0.7460050582885742,0.6030555963516235],"EasingStyle":"Constant","EasingDirection":"In"},"Right Arm":{"Weight":1,"CFrame":[0.0028238967061042787,0.02668130397796631,-0.12289667129516602,0.9132822751998901,0.38078635931015017,0.14462792873382569,-0.2717554569244385,0.8341014981269836,-0.48002469539642336,-0.30342113971710207,0.39909452199935915,0.865250825881958],"EasingStyle":"Constant","EasingDirection":"In"},"Torso":{"Weight":1,"CFrame":[-0.06494256108999253,-0.0394250825047493,-0.6196527481079102,0.9582526087760925,-0.2858324646949768,0.007197709754109383,0.2858324646949768,0.9570115804672241,-0.049281492829322818,0.007197955623269081,0.04928144812583923,0.9987590909004211],"EasingStyle":"Constant","EasingDirection":"In"},"HumanoidRootPart":{"Weight":0,"CFrame":[0,0,0,1,0,0,0,1,0,0,0,1],"EasingStyle":"Linear","EasingDirection":"In"},"Head":{"Weight":1,"CFrame":[8.940696716308594e-8,0,-3.5762786865234377e-7,0.9856594800949097,-0.16871173679828645,-0.003433019621297717,0.1687433421611786,0.9855634570121765,0.013793723657727242,0.00105630187317729,-0.014175201766192913,0.9998990297317505],"EasingStyle":"Constant","EasingDirection":"In"}}},{"Time":0.04333333298563957,"poses":{"Left Leg":{"Weight":1,"CFrame":[-0.2617477476596832,0.3668079376220703,-0.08023178577423096,0.987998366355896,0.056788358837366107,0.14364655315876008,-0.11830431967973709,0.8761316537857056,0.4673303961753845,-0.0993143618106842,-0.47871559858322146,0.8723347783088684],"EasingStyle":"Constant","EasingDirection":"In"},"Right Leg":{"Weight":1,"CFrame":[0.3461824357509613,0.15741825103759767,0.32735109329223635,0.7013208270072937,0.4407815933227539,-0.5602328181266785,-0.48977625370025637,0.8689863681793213,0.0705830380320549,0.5179463624954224,0.22488735616207124,0.8253225684165955],"EasingStyle":"Constant","EasingDirection":"In"},"Left Arm":{"Weight":1,"CFrame":[-0.173105388879776,0.15429836511611939,0.10365736484527588,-0.9124560356140137,0.3846536874771118,0.13951842486858369,-0.3768865466117859,-0.6573284864425659,-0.6525917053222656,-0.1593124121427536,-0.6480438709259033,0.7447541356086731],"EasingStyle":"Linear","EasingDirection":"In"},"Right Arm":{"Weight":1,"CFrame":[-0.02619713544845581,0.09901982545852661,-0.02668529748916626,0.9411552548408508,0.3355727195739746,0.040222153067588809,-0.25114649534225466,0.7740352749824524,-0.5812013745307922,-0.226168692111969,0.5368989109992981,0.8127651810646057],"EasingStyle":"Constant","EasingDirection":"In"},"Torso":{"Weight":1,"CFrame":[-0.03850661218166351,-0.013479679822921753,0.29974985122680666,0.9605759978294373,-0.27740344405174258,-0.018468664959073068,0.27711233496665957,0.9606897830963135,-0.01684962771832943,0.022416802123188974,0.01106745284050703,0.9996874332427979],"EasingStyle":"Constant","EasingDirection":"In"},"HumanoidRootPart":{"Weight":0,"CFrame":[0,0,0,1,0,0,0,1,0,0,0,1],"EasingStyle":"Linear","EasingDirection":"In"},"Head":{"Weight":1,"CFrame":[8.940696716308594e-8,5.587935447692871e-9,0,0.9852905869483948,-0.16883371770381928,0.02641548030078411,0.16895915567874909,0.9856197237968445,-0.0025741327553987505,-0.025601018220186235,0.006999406963586807,0.9996477961540222],"EasingStyle":"Constant","EasingDirection":"In"}}},{"Time":0.08708333224058151,"poses":{"Left Leg":{"Weight":1,"CFrame":[-0.27289190888404848,0.5557922124862671,-0.16830700635910035,0.9537850022315979,0.04547461122274399,0.2970292270183563,-0.22460483014583589,0.7645436525344849,0.6041737794876099,-0.19961722195148469,-0.6429659724235535,0.7394238114356995],"EasingStyle":"Constant","EasingDirection":"In"},"Right Leg":{"Weight":1,"CFrame":[0.4693925678730011,0.257377028465271,0.39744508266448977,0.6516463756561279,0.5139105916023254,-0.5579003095626831,-0.5742824077606201,0.8147644996643066,0.07974009960889816,0.4955367147922516,0.2684299349784851,0.8260682821273804],"EasingStyle":"Constant","EasingDirection":"In"},"Left Arm":{"Weight":1,"CFrame":[-0.17415395379066468,0.1253613382577896,0.10553303360939026,-0.8709465265274048,0.44388699531555178,0.21075361967086793,-0.45702850818634035,-0.5742263793945313,-0.6792566776275635,-0.18049287796020509,-0.6879163980484009,0.7029889822006226],"EasingStyle":"Linear","EasingDirection":"In"},"Right Arm":{"Weight":1,"CFrame":[-0.03205130994319916,0.11309987306594849,-0.007246136665344238,0.9428835511207581,0.3304750323295593,0.04191609472036362,-0.2414253056049347,0.7646076679229736,-0.5975692272186279,-0.22953106462955476,0.553318440914154,0.8007209897041321],"EasingStyle":"Constant","EasingDirection":"In"},"Torso":{"Weight":1,"CFrame":[0.002034176141023636,-0.013479679822921753,0.3537864685058594,0.9605759978294373,-0.27740344405174258,-0.018468664959073068,0.27711233496665957,0.9606897830963135,-0.01684962771832943,0.022416802123188974,0.01106745284050703,0.9996874332427979],"EasingStyle":"Constant","EasingDirection":"In"},"HumanoidRootPart":{"Weight":0,"CFrame":[0,0,0,1,0,0,0,1,0,0,0,1],"EasingStyle":"Linear","EasingDirection":"In"},"Head":{"Weight":1,"CFrame":[8.009374141693115e-8,-5.587935447692871e-9,-1.1920928955078126e-7,0.9852905869483948,-0.16883371770381928,0.02641548030078411,0.16895915567874909,0.9856197237968445,-0.0025741327553987505,-0.025601018220186235,0.006999406963586807,0.9996477961540222],"EasingStyle":"Constant","EasingDirection":"In"}}},{"Time":0.13041666150093079,"poses":{"Left Leg":{"Weight":1,"CFrame":[-0.2701245844364166,0.6367510557174683,-0.1983351707458496,0.9273127913475037,0.029981177300214769,0.37308481335639956,-0.27098432183265688,0.7413618564605713,0.6139627695083618,-0.2581835091114044,-0.6704356074333191,0.6955985426902771],"EasingStyle":"Constant","EasingDirection":"In"},"Right Leg":{"Weight":1,"CFrame":[0.4845654368400574,0.276350736618042,0.40597784519195559,0.6438703536987305,0.5231797695159912,-0.5583134293556213,-0.5849196910858154,0.8069724440574646,0.08163732290267945,0.49325451254844668,0.27400460839271548,0.8256037831306458],"EasingStyle":"Constant","EasingDirection":"In"},"Left Arm":{"Weight":1,"CFrame":[-0.17519253492355348,0.09669990092515946,0.10739083588123322,-0.8222241401672363,0.49366140365600588,0.28327658772468569,-0.53043532371521,-0.48417192697525027,-0.6958560943603516,-0.20636269450187684,-0.722409725189209,0.6599534749984741],"EasingStyle":"Linear","EasingDirection":"In"},"Right Arm":{"Weight":1,"CFrame":[-0.03288762643933296,0.11511117219924927,-0.004469096660614014,0.9427498579025269,0.33050045371055605,0.04463386908173561,-0.2391676902770996,0.763276994228363,-0.6001725792884827,-0.232425257563591,0.5551375150680542,0.7986242771148682],"EasingStyle":"Constant","EasingDirection":"In"},"Torso":{"Weight":1,"CFrame":[0.061707161366939548,-0.013479679822921753,0.35614895820617678,0.9605759978294373,-0.27740344405174258,-0.018468664959073068,0.27711233496665957,0.9606897830963135,-0.01684962771832943,0.022416802123188974,0.01106745284050703,0.9996874332427979],"EasingStyle":"Constant","EasingDirection":"In"},"HumanoidRootPart":{"Weight":0,"CFrame":[0,0,0,1,0,0,0,1,0,0,0,1],"EasingStyle":"Linear","EasingDirection":"In"},"Head":{"Weight":1,"CFrame":[8.568167686462403e-8,0,-2.384185791015625e-7,0.9852905869483948,-0.16883371770381928,0.02641548030078411,0.16895915567874909,0.9856197237968445,-0.0025741327553987505,-0.025601018220186235,0.006999406963586807,0.9996477961540222],"EasingStyle":"Constant","EasingDirection":"In"}}},{"Time":0.17374999821186067,"poses":{"Left Leg":{"Weight":1,"CFrame":[-0.2701247036457062,0.6367515325546265,-0.1983351707458496,0.9273126721382141,0.029981117695569993,0.3730848431587219,-0.2709842920303345,0.7413618564605713,0.6139628291130066,-0.25818365812301638,-0.6704356670379639,0.6955985426902771],"EasingStyle":"Constant","EasingDirection":"In"},"Right Leg":{"Weight":1,"CFrame":[0.48456546664237978,0.27635127305984499,0.40597808361053469,0.6438702940940857,0.5231797695159912,-0.5583134889602661,-0.5849196910858154,0.8069724440574646,0.08163731545209885,0.49325454235076907,0.274004727602005,0.825603723526001],"EasingStyle":"Constant","EasingDirection":"In"},"Left Arm":{"Weight":1,"CFrame":[-0.17623111605644227,0.0680384635925293,0.10924863815307617,-0.7666054368019104,0.5338946580886841,0.35675278306007388,-0.5968828797340393,-0.3876579701900482,-0.7024615406990051,-0.23674248158931733,-0.7514504194259644,0.6158533692359924],"EasingStyle":"Constant","EasingDirection":"In"},"Right Arm":{"Weight":1,"CFrame":[-0.03288762643933296,0.11511123180389404,-0.004469156265258789,0.9427498579025269,0.33050045371055605,0.04463386908173561,-0.2391676902770996,0.763276994228363,-0.6001725792884827,-0.232425257563591,0.5551375150680542,0.7986242771148682],"EasingStyle":"Constant","EasingDirection":"In"},"Torso":{"Weight":1,"CFrame":[0.11570381373167038,-0.013479679822921753,0.3373897075653076,0.9605759978294373,-0.27740344405174258,-0.018468664959073068,0.27711233496665957,0.9606897830963135,-0.01684962771832943,0.022416802123188974,0.01106745284050703,0.9996874332427979],"EasingStyle":"Constant","EasingDirection":"In"},"HumanoidRootPart":{"Weight":0,"CFrame":[0,0,0,1,0,0,0,1,0,0,0,1],"EasingStyle":"Linear","EasingDirection":"In"},"Head":{"Weight":1,"CFrame":[8.940696716308594e-8,-1.862645149230957e-9,3.5762786865234377e-7,0.9852905869483948,-0.16883371770381928,0.02641548030078411,0.16895915567874909,0.9856197237968445,-0.0025741327553987505,-0.025601018220186235,0.006999406963586807,0.9996477961540222],"EasingStyle":"Constant","EasingDirection":"In"}}},{"Time":0.2175000011920929,"poses":{"Left Leg":{"Weight":1,"CFrame":[-0.2701249122619629,0.6367515325546265,-0.1983354091644287,0.9273126721382141,0.02998083271086216,0.3730849325656891,-0.27098414301872256,0.7413617372512817,0.6139630079269409,-0.25818371772766116,-0.6704357862472534,0.6955984234809876],"EasingStyle":"Constant","EasingDirection":"In"},"Right Leg":{"Weight":1,"CFrame":[0.48456522822380068,0.2763504981994629,0.405977725982666,0.6438704133033752,0.5231797099113464,-0.5583134293556213,-0.5849195122718811,0.8069725632667542,0.08163729310035706,0.49325457215309145,0.2740045189857483,0.8256037831306458],"EasingStyle":"Constant","EasingDirection":"In"},"Left Arm":{"Weight":1,"CFrame":[-0.17623116075992585,0.06803786754608154,0.10924875736236572,-0.7666054368019104,0.5338946580886841,0.35675278306007388,-0.5968828797340393,-0.3876579701900482,-0.7024615406990051,-0.23674248158931733,-0.7514504194259644,0.6158533692359924],"EasingStyle":"Constant","EasingDirection":"In"},"Right Arm":{"Weight":1,"CFrame":[-0.03288763388991356,0.11511093378067017,-0.004469156265258789,0.9427498579025269,0.33050045371055605,0.04463386908173561,-0.2391676902770996,0.763276994228363,-0.6001725792884827,-0.232425257563591,0.5551375150680542,0.7986242771148682],"EasingStyle":"Constant","EasingDirection":"In"},"Torso":{"Weight":1,"CFrame":[0.13921570777893067,-0.013479679822921753,0.28107452392578127,0.9605759978294373,-0.27740344405174258,-0.018468664959073068,0.27711233496665957,0.9606897830963135,-0.01684962771832943,0.022416802123188974,0.01106745284050703,0.9996874332427979],"EasingStyle":"Constant","EasingDirection":"In"},"HumanoidRootPart":{"Weight":0,"CFrame":[0,0,0,1,0,0,0,1,0,0,0,1],"EasingStyle":"Linear","EasingDirection":"In"},"Head":{"Weight":1,"CFrame":[8.940696716308594e-8,-9.313225746154785e-9,-7.152557373046875e-7,0.9852905869483948,-0.16883371770381928,0.02641548030078411,0.16895915567874909,0.9856197237968445,-0.0025741327553987505,-0.025601018220186235,0.006999406963586807,0.9996477961540222],"EasingStyle":"Constant","EasingDirection":"In"}}},{"Time":0.26083332300186159,"poses":{"Left Leg":{"Weight":1,"CFrame":[-0.5450858473777771,0.6915221214294434,0.08149361610412598,0.7833762168884277,-0.42515644431114199,0.4533914625644684,0.23380392789840699,0.8774471879005432,0.4188341498374939,-0.5758970379829407,-0.22209994494915009,0.7867745757102966],"EasingStyle":"Constant","EasingDirection":"In"},"Right Leg":{"Weight":1,"CFrame":[0.6911196708679199,0.3921046257019043,0.23935794830322267,0.8280192613601685,0.46885359287261965,-0.3075069189071655,-0.48597586154937746,0.8736568093299866,0.023477859795093538,0.27966317534446719,0.1300007849931717,0.9512562155723572],"EasingStyle":"Constant","EasingDirection":"In"},"Left Arm":{"Weight":1,"CFrame":[-0.1070631667971611,0.04735976457595825,-0.006823837757110596,0.5151504874229431,0.8054167032241821,0.2931283712387085,-0.7304442524909973,0.5914767384529114,-0.3414766490459442,-0.44840967655181887,-0.03820216283202171,0.8930114507675171],"EasingStyle":"Constant","EasingDirection":"In"},"Right Arm":{"Weight":1,"CFrame":[0.045113734900951388,-0.04064491391181946,-0.0022841691970825197,0.6922248005867004,-0.6544162631034851,-0.30424368381500246,0.49734875559806826,0.7380650639533997,-0.45596542954444888,0.5229427814483643,0.16431529819965363,0.8363798260688782],"EasingStyle":"Constant","EasingDirection":"In"},"Torso":{"Weight":1,"CFrame":[0.1332310289144516,-0.025795921683311464,-0.1903214454650879,0.9998462200164795,0.004229562822729349,-0.01701905019581318,-0.004776827525347471,0.9994685649871826,-0.032244905829429629,0.016873624175786973,0.03232124075293541,0.9993351101875305],"EasingStyle":"Constant","EasingDirection":"In"},"HumanoidRootPart":{"Weight":0,"CFrame":[0,0,0,1,0,0,0,1,0,0,0,1],"EasingStyle":"Linear","EasingDirection":"In"},"Head":{"Weight":1,"CFrame":[9.68866515904665e-8,7.741618901491165e-9,2.384185791015625e-7,0.9997391700744629,-0.00028075173031538725,0.022838570177555085,0.00017495476640760899,0.9999892711639404,0.004634247627109289,-0.02283962443470955,-0.004629040602594614,0.9997285008430481],"EasingStyle":"Constant","EasingDirection":"In"}}},{"Time":0.30416667461395266,"poses":{"Left Leg":{"Weight":1,"CFrame":[-0.4858662486076355,0.2882927656173706,0.43880701065063479,0.6579880118370056,-0.494223415851593,0.5681503415107727,0.5936748385429382,0.8046100735664368,0.0123667037114501,-0.4632514715194702,0.3291594088077545,0.8228317499160767],"EasingStyle":"Constant","EasingDirection":"In"},"Right Leg":{"Weight":1,"CFrame":[0.7795585989952087,0.4982888698577881,0.07582032680511475,0.9314924478530884,0.3548359274864197,-0.08008214086294174,-0.35760200023651125,0.9335943460464478,-0.022860461845993997,0.06665262579917908,0.04993182793259621,0.9965261220932007],"EasingStyle":"Constant","EasingDirection":"In"},"Left Arm":{"Weight":1,"CFrame":[-0.0028238967061042787,0.026681363582611085,-0.12289649248123169,0.9132823348045349,-0.380786269903183,-0.14462780952453614,0.27175554633140566,0.8341014385223389,-0.48002496361732485,0.3034211993217468,0.39909476041793826,0.8652507662773132],"EasingStyle":"Constant","EasingDirection":"In"},"Right Arm":{"Weight":1,"CFrame":[0.15310925245285035,-0.19640177488327027,0.01301121711730957,-0.7181386351585388,-0.5812584757804871,-0.38264286518096926,0.6359848380088806,-0.32498517632484438,-0.6999342441558838,0.2824893295764923,-0.7460049986839294,0.6030559539794922],"EasingStyle":"Constant","EasingDirection":"In"},"Torso":{"Weight":1,"CFrame":[0.11157945543527603,-0.0394250825047493,-0.6196527481079102,0.9582526683807373,0.2858324646949768,-0.007197880186140537,-0.2858324944972992,0.9570115804672241,-0.049281440675258639,-0.007197781465947628,0.04928145185112953,0.9987590909004211],"EasingStyle":"Constant","EasingDirection":"In"},"HumanoidRootPart":{"Weight":0,"CFrame":[0,0,0,1,0,0,0,1,0,0,0,1],"EasingStyle":"Linear","EasingDirection":"In"},"Head":{"Weight":1,"CFrame":[8.754432201385498e-8,-7.450580596923828e-9,-1.1920928955078126e-7,0.9856595396995544,0.16871166229248048,0.0034331968054175379,-0.16874326765537263,0.9855635166168213,0.013793723657727242,-0.0010564738186076284,-0.014175237156450749,0.9998990297317505],"EasingStyle":"Constant","EasingDirection":"In"}}},{"Time":0.3479166626930237,"poses":{"Left Leg":{"Weight":1,"CFrame":[-0.3461820185184479,0.15741825103759767,0.32735157012939455,0.7014266848564148,-0.4406123459339142,0.5602332949638367,0.4895666241645813,0.8691045045852661,0.0705830529332161,-0.5180010795593262,0.22476275265216828,0.8253222107887268],"EasingStyle":"Constant","EasingDirection":"In"},"Right Leg":{"Weight":1,"CFrame":[0.2617449462413788,0.36680662631988528,-0.08023154735565186,0.9880120754241943,-0.056551650166511539,-0.1436460018157959,0.11809417605400086,0.8761598467826843,0.467330664396286,0.09942853450775147,-0.4786919951438904,0.8723347187042236],"EasingStyle":"Constant","EasingDirection":"In"},"Left Arm":{"Weight":1,"CFrame":[0.026197131723165513,0.09901964664459229,-0.02668517827987671,0.941155195236206,-0.3355727195739746,-0.04022211581468582,0.2511466145515442,0.7740351557731628,-0.5812015533447266,0.2261686474084854,0.5368990302085877,0.8127651214599609],"EasingStyle":"Constant","EasingDirection":"In"},"Right Arm":{"Weight":1,"CFrame":[0.173105388879776,0.1542985439300537,0.10365724563598633,-0.9124561548233032,-0.38465365767478945,-0.13951846957206727,0.3768865466117859,-0.6573285460472107,-0.6525915265083313,0.1593121886253357,-0.6480437517166138,0.7447542548179627],"EasingStyle":"Linear","EasingDirection":"In"},"Torso":{"Weight":1,"CFrame":[0.03850661218166351,-0.013479679822921753,0.29974985122680666,0.9605759978294373,0.27740344405174258,0.018468497321009637,-0.27711233496665957,0.9606897830963135,-0.01684957928955555,-0.022416627034544946,0.01106745284050703,0.9996874332427979],"EasingStyle":"Constant","EasingDirection":"In"},"HumanoidRootPart":{"Weight":0,"CFrame":[0,0,0,1,0,0,0,1,0,0,0,1],"EasingStyle":"Linear","EasingDirection":"In"},"Head":{"Weight":1,"CFrame":[8.568167686462403e-8,1.862645149230957e-9,0,0.9852905869483948,0.16883359849452973,-0.026415305212140085,-0.16895906627178193,0.9856197237968445,-0.0025741327553987505,0.025600846856832506,0.00699937529861927,0.9996477961540222],"EasingStyle":"Constant","EasingDirection":"In"}}},{"Time":0.39125001430511477,"poses":{"Left Leg":{"Weight":1,"CFrame":[-0.46893560886383059,0.25743699073791506,0.39767003059387209,0.6515252590179443,-0.5136075019836426,0.558320939540863,0.5740504860877991,0.8149240612983704,0.0797797441482544,-0.4959646463394165,0.2685259282588959,0.8257802724838257],"EasingStyle":"Constant","EasingDirection":"In"},"Right Leg":{"Weight":1,"CFrame":[0.2741648852825165,0.5556223392486572,-0.16907304525375367,0.9544022679328919,-0.04506366327404976,-0.295102596282959,0.2231817990541458,0.7642282843589783,0.6050992608070374,0.19825780391693116,-0.6433695554733276,0.7394385933876038],"EasingStyle":"Constant","EasingDirection":"In"},"Left Arm":{"Weight":1,"CFrame":[0.030905254185199739,0.11034345626831055,-0.011051535606384278,0.9426718950271606,-0.33122333884239199,-0.040752653032541278,0.2436193823814392,0.7664673328399658,-0.594287633895874,0.2280774712562561,0.5502899289131165,0.8032195568084717],"EasingStyle":"Constant","EasingDirection":"In"},"Right Arm":{"Weight":1,"CFrame":[0.1741439700126648,0.12563695013523103,0.10551509261131287,-0.871379017829895,-0.44336405396461489,-0.21006420254707337,0.456292062997818,-0.5750567317008972,-0.6790488362312317,0.18026703596115113,-0.6875595450401306,0.7033957839012146],"EasingStyle":"Linear","EasingDirection":"In"},"Torso":{"Weight":1,"CFrame":[-0.02808242291212082,-0.013479679822921753,0.3537864685058594,0.9605759978294373,0.27740344405174258,0.018468497321009637,-0.27711233496665957,0.9606897830963135,-0.01684957928955555,-0.022416627034544946,0.01106745284050703,0.9996874332427979],"EasingStyle":"Constant","EasingDirection":"In"},"HumanoidRootPart":{"Weight":0,"CFrame":[0,0,0,1,0,0,0,1,0,0,0,1],"EasingStyle":"Linear","EasingDirection":"In"},"Head":{"Weight":1,"CFrame":[9.685754776000977e-8,-3.259629011154175e-9,-5.960464477539063e-8,0.9852905869483948,0.16883359849452973,-0.026415305212140085,-0.16895906627178193,0.9856197237968445,-0.0025741327553987505,0.025600846856832506,0.00699937529861927,0.9996477961540222],"EasingStyle":"Constant","EasingDirection":"In"}}},{"Time":0.4345833361148834,"poses":{"Left Leg":{"Weight":1,"CFrame":[-0.4845671057701111,0.27635782957077029,0.4059791564941406,0.6439970135688782,-0.5230233073234558,0.5583139657974243,0.584723711013794,0.80711430311203,0.08163731545209885,-0.4933214783668518,0.27388525009155276,0.8256033658981323],"EasingStyle":"Constant","EasingDirection":"In"},"Right Leg":{"Weight":1,"CFrame":[0.27012479305267336,0.6367510557174683,-0.1983351707458496,0.927320122718811,-0.029757153242826463,-0.37308430671691897,0.2708049714565277,0.7414268255233765,0.6139633655548096,0.25834500789642336,-0.6703736186027527,0.6955983638763428],"EasingStyle":"Constant","EasingDirection":"In"},"Left Arm":{"Weight":1,"CFrame":[0.032639872282743457,0.11451476812362671,-0.0052918195724487309,0.9428883194923401,-0.3302975296974182,-0.043189093470573428,0.24006091058254243,0.7636600136756897,-0.5993282794952393,0.2309384047985077,0.554731547832489,0.7993374466896057],"EasingStyle":"Constant","EasingDirection":"In"},"Right Arm":{"Weight":1,"CFrame":[0.1751825511455536,0.09697535634040833,0.10737293213605881,-0.8227272033691406,-0.49322736263275149,-0.28257322311401369,0.5297613143920898,-0.4850713014602661,-0.6957439184188843,0.20609179139137269,-0.722103476524353,0.660373330116272],"EasingStyle":"Linear","EasingDirection":"In"},"Torso":{"Weight":1,"CFrame":[-0.09329071640968323,-0.013479679822921753,0.35614895820617678,0.9605759978294373,0.27740341424942019,0.018468495458364488,-0.27711230516433718,0.9606897830963135,-0.0168495774269104,-0.022416625171899797,0.01106745284050703,0.9996874332427979],"EasingStyle":"Constant","EasingDirection":"In"},"HumanoidRootPart":{"Weight":0,"CFrame":[0,0,0,1,0,0,0,1,0,0,0,1],"EasingStyle":"Linear","EasingDirection":"In"},"Head":{"Weight":1,"CFrame":[9.499490261077881e-8,5.587935447692871e-9,-1.1920928955078126e-7,0.9852905869483948,0.16883358359336854,-0.026415303349494935,-0.16895900666713715,0.9856197834014893,-0.0025741320569068195,0.025600846856832506,0.00699937529861927,0.9996477365493774],"EasingStyle":"Constant","EasingDirection":"In"}}},{"Time":0.47833332419395449,"poses":{"Left Leg":{"Weight":1,"CFrame":[-0.48456695675849917,0.2763577699661255,0.4059792757034302,0.6439968943595886,-0.5230233669281006,0.5583140850067139,0.5847237706184387,0.80711430311203,0.08163731545209885,-0.4933215081691742,0.2738853693008423,0.8256033062934876],"EasingStyle":"Constant","EasingDirection":"In"},"Right Leg":{"Weight":1,"CFrame":[0.27012479305267336,0.6367507576942444,-0.1983354091644287,0.9273201823234558,-0.02975725755095482,-0.37308427691459658,0.2708050310611725,0.7414268255233765,0.6139634251594544,0.2583448886871338,-0.6703737378120422,0.6955984234809876],"EasingStyle":"Constant","EasingDirection":"In"},"Left Arm":{"Weight":1,"CFrame":[0.032887667417526248,0.11511057615280152,-0.004469037055969238,0.9427499175071716,-0.33050039410591128,-0.04463379085063934,0.23916779458522798,0.7632768750190735,-0.6001726984977722,0.2324252724647522,0.5551376938819885,0.7986242175102234],"EasingStyle":"Constant","EasingDirection":"In"},"Right Arm":{"Weight":1,"CFrame":[0.17623110115528108,0.06803816556930542,0.10924863815307617,-0.7666053175926209,-0.5338948965072632,-0.35675281286239626,0.5968829989433289,-0.38765808939933779,-0.7024613618850708,0.23674234747886659,-0.7514503002166748,0.6158536076545715],"EasingStyle":"Constant","EasingDirection":"In"},"Torso":{"Weight":1,"CFrame":[-0.14286674559116364,-0.013479679822921753,0.3373897075653076,0.9605759978294373,0.27740341424942019,0.018468495458364488,-0.27711230516433718,0.9606897830963135,-0.0168495774269104,-0.022416625171899797,0.01106745284050703,0.9996874332427979],"EasingStyle":"Constant","EasingDirection":"In"},"HumanoidRootPart":{"Weight":0,"CFrame":[0,0,0,1,0,0,0,1,0,0,0,1],"EasingStyle":"Linear","EasingDirection":"In"},"Head":{"Weight":1,"CFrame":[8.009374141693115e-8,-1.862645149230957e-9,-4.172325134277344e-7,0.9852905869483948,0.16883358359336854,-0.026415303349494935,-0.16895900666713715,0.9856197834014893,-0.0025741320569068195,0.025600846856832506,0.00699937529861927,0.9996477365493774],"EasingStyle":"Constant","EasingDirection":"In"}}},{"Time":0.5216666460037231,"poses":{"Left Leg":{"Weight":1,"CFrame":[-0.4845670461654663,0.27635788917541506,0.4059791564941406,0.6439969539642334,-0.5230231881141663,0.5583141446113586,0.584723711013794,0.80711430311203,0.08163732290267945,-0.4933215379714966,0.2738853096961975,0.8256033062934876],"EasingStyle":"Constant","EasingDirection":"In"},"Right Leg":{"Weight":1,"CFrame":[0.27012503147125246,0.6367511749267578,-0.1983354687690735,0.9273200631141663,-0.029757048934698106,-0.37308430671691897,0.27080488204956057,0.7414268255233765,0.6139634251594544,0.2583451271057129,-0.6703737378120422,0.695598304271698],"EasingStyle":"Constant","EasingDirection":"In"},"Left Arm":{"Weight":1,"CFrame":[0.03288765996694565,0.11511075496673584,-0.004469037055969238,0.9427499175071716,-0.33050039410591128,-0.04463379085063934,0.23916779458522798,0.7632768750190735,-0.6001726984977722,0.2324252724647522,0.5551376938819885,0.7986242175102234],"EasingStyle":"Constant","EasingDirection":"In"},"Right Arm":{"Weight":1,"CFrame":[0.17623113095760346,0.06803804636001587,0.10924875736236572,-0.7666053175926209,-0.5338948965072632,-0.35675281286239626,0.5968829989433289,-0.38765808939933779,-0.7024613618850708,0.23674234747886659,-0.7514503002166748,0.6158536076545715],"EasingStyle":"Constant","EasingDirection":"In"},"Torso":{"Weight":1,"CFrame":[-0.16255910694599152,-0.013479679822921753,0.28107452392578127,0.9605759978294373,0.27740341424942019,0.018468495458364488,-0.27711230516433718,0.9606897830963135,-0.0168495774269104,-0.022416625171899797,0.01106745284050703,0.9996874332427979],"EasingStyle":"Constant","EasingDirection":"In"},"HumanoidRootPart":{"Weight":0,"CFrame":[0,0,0,1,0,0,0,1,0,0,0,1],"EasingStyle":"Linear","EasingDirection":"In"},"Head":{"Weight":1,"CFrame":[8.009374141693115e-8,-5.587935447692871e-9,-5.364418029785156e-7,0.9852905869483948,0.16883358359336854,-0.026415303349494935,-0.16895900666713715,0.9856197834014893,-0.0025741320569068195,0.025600846856832506,0.00699937529861927,0.9996477365493774],"EasingStyle":"Constant","EasingDirection":"In"}}},{"Time":0.565416693687439,"poses":{"Left Leg":{"Weight":1,"CFrame":[-0.6707472205162048,0.3835785388946533,0.259655237197876,0.821651041507721,-0.46370500326156618,0.33146220445632937,0.48687776923179629,0.8733435273170471,0.01487398985773325,-0.296377569437027,0.1491602659225464,0.9433512687683106],"EasingStyle":"Constant","EasingDirection":"In"},"Right Leg":{"Weight":1,"CFrame":[0.5455941557884216,0.6983762979507446,0.07521176338195801,0.7827555537223816,0.42584794759750368,-0.4538140296936035,-0.22938670217990876,0.8753026127815247,0.4257079064846039,0.5785115361213684,-0.22912634909152986,0.7828318476676941],"EasingStyle":"Constant","EasingDirection":"In"},"Left Arm":{"Weight":1,"CFrame":[-0.06011081486940384,-0.04064476490020752,0.004271149635314941,0.5148804187774658,0.8185281157493591,0.25477445125579836,-0.6447198390960693,0.5656063556671143,-0.514223575592041,-0.5650085210800171,0.10050547868013382,0.8189408183097839],"EasingStyle":"Constant","EasingDirection":"In"},"Right Arm":{"Weight":1,"CFrame":[0.08952748775482178,0.047360360622406009,-0.006824016571044922,0.519716203212738,-0.8162757158279419,-0.25216856598854067,0.7051230072975159,0.5764915943145752,-0.41286706924438479,0.48238641023635867,0.0367637574672699,0.8751866817474365],"EasingStyle":"Constant","EasingDirection":"In"},"Torso":{"Weight":1,"CFrame":[-0.1156160831451416,-0.025808818638324739,-0.19025015830993653,0.9999355673789978,-0.004335029050707817,0.010501551441848278,0.004671818111091852,0.9994685649871826,-0.03226102143526077,-0.010356118902564049,0.032308001071214679,0.9994242787361145],"EasingStyle":"Constant","EasingDirection":"In"},"HumanoidRootPart":{"Weight":0,"CFrame":[0,0,0,1,0,0,0,1,0,0,0,1],"EasingStyle":"Linear","EasingDirection":"In"},"Head":{"Weight":1,"CFrame":[9.572249837219715e-8,4.132743924856186e-9,3.5762786865234377e-7,0.9998987913131714,0.00012400584819260985,-0.014229522086679936,-0.00005809094727737829,0.9999893307685852,0.0046326047740876678,0.014229944907128811,-0.00463130883872509,0.9998880624771118],"EasingStyle":"Constant","EasingDirection":"In"}}},{"Time":0.6087499856948853,"poses":{"Left Leg":{"Weight":1,"CFrame":[-0.7795575261116028,0.4983111619949341,0.0758211612701416,0.9315797686576843,-0.35460683703422549,0.08008276671171189,0.3573724031448364,0.9336821436882019,-0.022860733792185785,-0.06666532158851624,0.04991592466831207,0.9965261220932007],"EasingStyle":"Constant","EasingDirection":"In"},"Right Leg":{"Weight":1,"CFrame":[0.48586225509643557,0.2882668375968933,0.4388037919998169,0.6578657627105713,0.4943867623806,-0.5681500434875488,-0.5938743948936462,0.8044627904891968,0.012366550043225289,0.46316948533058169,0.32927414774894717,0.8228320479393005],"EasingStyle":"Constant","EasingDirection":"In"},"Left Arm":{"Weight":1,"CFrame":[-0.15310928225517274,-0.1964021623134613,0.013011336326599121,-0.7181385159492493,0.5812584161758423,0.38264304399490359,-0.6359848976135254,-0.3249848484992981,-0.6999344229698181,-0.282489538192749,-0.7460050582885742,0.6030555963516235],"EasingStyle":"Constant","EasingDirection":"In"},"Right Arm":{"Weight":1,"CFrame":[0.0028238967061042787,0.02668130397796631,-0.12289667129516602,0.9132822751998901,0.38078635931015017,0.14462792873382569,-0.2717554569244385,0.8341014981269836,-0.48002469539642336,-0.30342113971710207,0.39909452199935915,0.865250825881958],"EasingStyle":"Constant","EasingDirection":"In"},"Torso":{"Weight":1,"CFrame":[-0.06494256108999253,-0.0394250825047493,-0.6196527481079102,0.9582526087760925,-0.2858324646949768,0.007197709754109383,0.2858324646949768,0.9570115804672241,-0.049281492829322818,0.007197955623269081,0.04928144812583923,0.9987590909004211],"EasingStyle":"Constant","EasingDirection":"In"},"HumanoidRootPart":{"Weight":0,"CFrame":[0,0,0,1,0,0,0,1,0,0,0,1],"EasingStyle":"Linear","EasingDirection":"In"},"Head":{"Weight":1,"CFrame":[8.940696716308594e-8,0,-3.5762786865234377e-7,0.9856594800949097,-0.16871173679828645,-0.003433019621297717,0.1687433421611786,0.9855634570121765,0.013793723657727242,0.00105630187317729,-0.014175201766192913,0.9998990297317505],"EasingStyle":"Constant","EasingDirection":"In"}}}],"Loop":true,"Name":"Jevil_Loop","Priority":"Action"}