{"Sequence":[{"Time":0,"poses":{"Left Leg":{"Weight":1,"CFrame":[-0.35076603293418887,0.36084723472595217,-0.014619529247283936,0.9935727119445801,-0.10961365699768067,-0.028251763433218004,0.11144829541444779,0.9909625053405762,0.07465019077062607,0.019813712686300279,-0.07731902599334717,0.9968096017837524],"EasingStyle":"Linear","EasingDirection":"In"},"Right Arm":{"Weight":1,"CFrame":[0.135880708694458,-0.21499595046043397,-0.0036277174949645998,0.8810668587684631,-0.23246897757053376,-0.41192176938056948,0.2767058312892914,0.9596385359764099,0.05027683079242706,0.38360825181007388,-0.15827840566635133,0.909831166267395],"EasingStyle":"Linear","EasingDirection":"In"},"Head":{"Weight":1,"CFrame":[9.080395102500916e-8,-7.916241884231568e-9,0.016661763191223146,0.994719922542572,0.07624072581529618,-0.06870049238204956,-0.07317332923412323,0.9962525367736816,0.04611412063241005,0.0719587579369545,-0.040843602269887927,0.9965710043907166],"EasingStyle":"Linear","EasingDirection":"In"},"Right Leg":{"Weight":1,"CFrame":[0.07299309968948364,0.17728585004806519,0.05404555797576904,0.996730387210846,0.038705188781023028,-0.0709264725446701,-0.038588497787714007,0.9992506504058838,0.003015914699062705,0.07099010795354843,-0.0002691218687687069,0.9974769949913025],"EasingStyle":"Linear","EasingDirection":"In"},"Torso":{"Weight":1,"CFrame":[0.05082724243402481,-0.029714323580265046,-0.21516656875610352,0.9964691400527954,-0.08385954052209854,-0.0041259233839809898,0.08365699648857117,0.9958395957946777,-0.03612630069255829,0.007138293236494064,0.035653579980134967,0.9993388056755066],"EasingStyle":"Linear","EasingDirection":"In"},"HumanoidRootPart":{"Weight":1,"CFrame":[0,0,0,1,0,0,0,1,0,0,0,1],"EasingStyle":"Linear","EasingDirection":"In"},"Left Arm":{"Weight":1,"CFrame":[-0.19637992978096009,-0.5089927911758423,0.08932876586914063,-0.8180681467056274,0.23060902953147889,-0.5268625020980835,-0.36968478560447695,-0.91261225938797,0.17456325888633729,-0.44056522846221926,0.3375774919986725,0.8318315148353577],"EasingStyle":"Linear","EasingDirection":"In"}}},{"Time":0.01666666753590107,"poses":{"Left Leg":{"Weight":1,"CFrame":[-0.34701818227767947,0.34655487537384035,-0.011441528797149659,0.9936478137969971,-0.1090083196759224,-0.027950311079621316,0.11054585874080658,0.9919893741607666,0.061128169298172,0.021062923595309259,-0.06382966786623001,0.9977384805679321],"EasingStyle":"Linear","EasingDirection":"In"},"Right Arm":{"Weight":1,"CFrame":[0.13151384890079499,-0.23884493112564088,-0.004397988319396973,0.8531123995780945,-0.3353753089904785,-0.3996533155441284,0.3587197959423065,0.9332822561264038,-0.017443958669900895,0.3788396120071411,-0.12848201394081117,0.9165003299713135],"EasingStyle":"Linear","EasingDirection":"In"},"Head":{"Weight":1,"CFrame":[8.055940270423889e-8,1.5366822481155397e-8,0.01666259765625,0.9947332739830017,0.07665960490703583,-0.06803757697343826,-0.0737665444612503,0.9963016510009766,0.04406408593058586,0.07116390019655228,-0.038813091814517978,0.9967092275619507],"EasingStyle":"Linear","EasingDirection":"In"},"Right Leg":{"Weight":1,"CFrame":[0.08276907354593277,0.17423290014266969,0.05822014808654785,0.9968733191490173,0.04190026968717575,-0.06699316203594208,-0.04187840595841408,0.9991211891174316,0.0017322206404060126,0.06700694561004639,0.0010787341743707657,0.9977520108222961],"EasingStyle":"Linear","EasingDirection":"In"},"Torso":{"Weight":1,"CFrame":[0.05066322535276413,-0.029381878674030305,-0.2122664451599121,0.9968088865280151,-0.07968438416719437,-0.004740995820611715,0.0794655904173851,0.9961973428726196,-0.03572191298007965,0.007569444831460714,0.03523116558790207,0.9993505477905273],"EasingStyle":"Linear","EasingDirection":"In"},"HumanoidRootPart":{"Weight":1,"CFrame":[0,0,0,1,0,0,0,1,0,0,0,1],"EasingStyle":"Linear","EasingDirection":"In"},"Left Arm":{"Weight":1,"CFrame":[-0.19581708312034608,-0.4845081865787506,0.08632612228393555,-0.8152583241462708,0.24948713183403016,-0.5225992798805237,-0.38134947419166567,-0.9104317426681519,0.16027069091796876,-0.43580543994903567,0.32995492219924929,0.8373788595199585],"EasingStyle":"Linear","EasingDirection":"In"}}},{"Time":0.03333333507180214,"poses":{"Left Leg":{"Weight":1,"CFrame":[-0.33955711126327517,0.32149815559387209,-0.0062468647956848148,0.9936165809631348,-0.10970824211835861,-0.026272717863321306,0.11085730046033859,0.992713451385498,0.04722990468144417,0.020899735391139985,-0.04984095320105553,0.9985384941101074],"EasingStyle":"Linear","EasingDirection":"In"},"Right Arm":{"Weight":1,"CFrame":[0.12495449930429459,-0.2650778889656067,-0.007608532905578613,0.8109586238861084,-0.4516390264034271,-0.37197908759117129,0.4469921290874481,0.8884468078613281,-0.10421311110258103,0.377550333738327,-0.08175919204950333,0.9223726391792297],"EasingStyle":"Linear","EasingDirection":"In"},"Head":{"Weight":1,"CFrame":[9.452924132347107e-8,2.2817403078079225e-8,0.016661882400512697,0.9947705864906311,0.07793398946523667,-0.06601285189390183,-0.07542158663272858,0.9963597059249878,0.039736416190862659,0.06886931508779526,-0.034549809992313388,0.9970272779464722],"EasingStyle":"Linear","EasingDirection":"In"},"Right Leg":{"Weight":1,"CFrame":[0.10614717751741409,0.16882312297821046,0.05843687057495117,0.9972584247589111,0.048548366874456409,-0.05584497004747391,-0.04841846600174904,0.998820424079895,0.0036782461684197189,0.055957723408937457,-0.0009642676450312138,0.9984327554702759],"EasingStyle":"Linear","EasingDirection":"In"},"Torso":{"Weight":1,"CFrame":[0.049988754093647,-0.02850355952978134,-0.20436835289001466,0.9976806044578552,-0.06776714324951172,-0.006421925965696573,0.06750579923391342,0.9971169829368591,-0.034653883427381518,0.008751806803047657,0.03413999080657959,0.9993787407875061],"EasingStyle":"Linear","EasingDirection":"In"},"HumanoidRootPart":{"Weight":1,"CFrame":[0,0,0,1,0,0,0,1,0,0,0,1],"EasingStyle":"Linear","EasingDirection":"In"},"Left Arm":{"Weight":1,"CFrame":[-0.19427332282066346,-0.44239526987075808,0.0781334638595581,-0.8062779903411865,0.30112436413764956,-0.5091561675071716,-0.4133553206920624,-0.9025207757949829,0.12080446630716324,-0.4231468737125397,0.30786436796188357,0.8521538972854614],"EasingStyle":"Linear","EasingDirection":"In"}}},{"Time":0.05000000074505806,"poses":{"Left Leg":{"Weight":1,"CFrame":[-0.3272738754749298,0.2883625626564026,0.0003590583801269531,0.9936105012893677,-0.11052770912647248,-0.022846348583698274,0.11125298589468003,0.9932313561439514,0.03337876871228218,0.019002404063940049,-0.03570722043514252,0.9991816282272339],"EasingStyle":"Linear","EasingDirection":"In"},"Right Arm":{"Weight":1,"CFrame":[0.11666058003902435,-0.293424516916275,-0.012662649154663086,0.7533208131790161,-0.5720892548561096,-0.3243791460990906,0.5350604057312012,0.8199409246444702,-0.20348785817623139,0.38238492608070376,-0.020270781591534616,0.9237807989120483],"EasingStyle":"Linear","EasingDirection":"In"},"Head":{"Weight":1,"CFrame":[8.987262845039368e-8,-4.307366907596588e-9,0.016662120819091798,0.9948017597198486,0.08006364852190018,-0.06292353570461273,-0.0780690386891365,0.996383547782898,0.03354422375559807,0.06538154929876328,-0.028457416221499444,0.9974544644355774],"EasingStyle":"Linear","EasingDirection":"In"},"Right Leg":{"Weight":1,"CFrame":[0.14089959859848023,0.16156673431396485,0.05485689640045166,0.9975967407226563,0.057721059769392017,-0.03832975775003433,-0.057451412081718448,0.9983153939247131,0.008101357147097588,0.038732871413230899,-0.005879816133528948,0.9992323517799377],"EasingStyle":"Linear","EasingDirection":"In"},"Torso":{"Weight":1,"CFrame":[0.048847414553165439,-0.027261808514595033,-0.19267892837524415,0.998756468296051,-0.04905148595571518,-0.008917640894651413,0.0487312413752079,0.9982619285583496,-0.033144041895866397,0.010527906008064747,0.03266826272010803,0.9994108080863953],"EasingStyle":"Linear","EasingDirection":"In"},"HumanoidRootPart":{"Weight":1,"CFrame":[0,0,0,1,0,0,0,1,0,0,0,1],"EasingStyle":"Linear","EasingDirection":"In"},"Left Arm":{"Weight":1,"CFrame":[-0.19200129806995393,-0.38631394505500796,0.06596338748931885,-0.7893789410591126,0.3771490156650543,-0.48439615964889529,-0.4608907997608185,-0.8853039741516113,0.06178013235330582,-0.4055373966693878,0.2720215320587158,0.8726646900177002],"EasingStyle":"Linear","EasingDirection":"In"}}},{"Time":0.06666667014360428,"poses":{"Left Leg":{"Weight":1,"CFrame":[-0.3093850016593933,0.2500399947166443,0.007948517799377442,0.9937250018119812,-0.11050252616405487,-0.017316419631242753,0.1108393520116806,0.9936395883560181,0.019876111298799516,0.015009880997240544,-0.02167069911956787,0.9996525049209595],"EasingStyle":"Linear","EasingDirection":"In"},"Right Arm":{"Weight":1,"CFrame":[0.10715819895267487,-0.3235234320163727,-0.019016802310943605,0.681624710559845,-0.6859126687049866,-0.2547776699066162,0.6157339215278626,0.725810170173645,-0.3067106306552887,0.3952968716621399,0.052186280488967898,0.9170697331428528],"EasingStyle":"Linear","EasingDirection":"In"},"Head":{"Weight":1,"CFrame":[8.789356797933579e-8,-8.381903171539307e-9,0.016662240028381349,0.9947938919067383,0.08305438607931137,-0.059053387492895129,-0.08164414763450623,0.9963248372077942,0.025907395407557489,0.06098801642656326,-0.02095116302371025,0.9979186654090881],"EasingStyle":"Linear","EasingDirection":"In"},"Right Leg":{"Weight":1,"CFrame":[0.18471859395503999,0.15292328596115113,0.04763495922088623,0.9975376725196838,0.06844402104616165,-0.015299218706786633,-0.06822872161865235,0.9975689649581909,0.014180147089064122,0.016232630237936975,-0.013101409189403057,0.9997824430465698],"EasingStyle":"Linear","EasingDirection":"In"},"Torso":{"Weight":1,"CFrame":[0.047282494604587558,-0.025834888219833375,-0.17840290069580079,0.9996284246444702,-0.02448655292391777,-0.011977399699389935,0.024100108072161676,0.9992160797119141,-0.03140907362103462,0.012737107463181019,0.03110874630510807,0.9994349479675293],"EasingStyle":"Linear","EasingDirection":"In"},"HumanoidRootPart":{"Weight":1,"CFrame":[0,0,0,1,0,0,0,1,0,0,0,1],"EasingStyle":"Linear","EasingDirection":"In"},"Left Arm":{"Weight":1,"CFrame":[-0.18929356336593629,-0.319925993680954,0.051043152809143069,-0.762842059135437,0.46799135208129885,-0.44615715742111208,-0.5185031890869141,-0.8550134897232056,-0.010316657833755017,-0.38629841804504397,0.2234637290239334,0.8948951959609985],"EasingStyle":"Linear","EasingDirection":"In"}}},{"Time":0.0833333358168602,"poses":{"Left Leg":{"Weight":1,"CFrame":[-0.2855338454246521,0.20899808406829835,0.016232728958129884,0.9940020442008972,-0.1089617982506752,-0.009345870465040207,0.10902848839759827,0.9940143823623657,0.0069549791514873508,0.00853206217288971,-0.007932240143418312,0.9999322295188904],"EasingStyle":"Linear","EasingDirection":"In"},"Right Arm":{"Weight":1,"CFrame":[0.09698204696178436,-0.354866087436676,-0.02617877721786499,0.6002743244171143,-0.7826589941978455,-0.16466869413852693,0.6825472712516785,0.6086205244064331,-0.4046112298965454,0.4168933033943176,0.13048338890075684,0.8995410203933716],"EasingStyle":"Linear","EasingDirection":"In"},"Head":{"Weight":1,"CFrame":[8.90286173671484e-8,-1.3445969671010971e-8,0.016662001609802247,0.9947131872177124,0.08691582083702088,-0.05469417944550514,-0.08609236776828766,0.9961379766464233,0.017240367829799653,0.05598136782646179,-0.012440430000424385,0.9983543157577515],"EasingStyle":"Linear","EasingDirection":"In"},"Right Leg":{"Weight":1,"CFrame":[0.2352842539548874,0.1434108018875122,0.036956787109375,0.9967379570007324,0.0797521322965622,0.012369594536721707,-0.08000064641237259,0.9965716004371643,0.021095840260386468,-0.010644687339663506,-0.02201664075255394,0.9997010231018066],"EasingStyle":"Linear","EasingDirection":"In"},"Torso":{"Weight":1,"CFrame":[0.045330047607421878,-0.024405956268310548,-0.16274380683898927,0.9998698234558106,0.004957586992532015,-0.01535927876830101,-0.005411769263446331,0.9995450973510742,-0.029671665281057359,0.01520519144833088,0.029750924557447435,0.9994416832923889],"EasingStyle":"Linear","EasingDirection":"In"},"HumanoidRootPart":{"Weight":1,"CFrame":[0,0,0,1,0,0,0,1,0,0,0,1],"EasingStyle":"Linear","EasingDirection":"In"},"Left Arm":{"Weight":1,"CFrame":[-0.18645621836185456,-0.2469545602798462,0.03463637828826904,-0.7262700796127319,0.5634011626243591,-0.39384132623672488,-0.5802098512649536,-0.8096660375595093,-0.08830372989177704,-0.3686302900314331,0.1643780916929245,0.9149271249771118],"EasingStyle":"Linear","EasingDirection":"In"}}},{"Time":0.10000000149011612,"poses":{"Left Leg":{"Weight":1,"CFrame":[-0.25600364804267886,0.1675911545753479,0.024993181228637697,0.9944080710411072,-0.10559716075658798,0.001386876218020916,0.1056029349565506,0.9943948984146118,-0.005181658081710339,-0.0008319856133311987,0.005299139302223921,0.9999856948852539],"EasingStyle":"Linear","EasingDirection":"In"},"Right Arm":{"Weight":1,"CFrame":[0.08659577369689942,-0.38679274916648867,-0.03367626667022705,0.5158585906028748,-0.8546339273452759,-0.05908292531967163,0.7313255071640015,0.47524815797805788,-0.48918527364730837,0.4461534023284912,0.20914144814014436,0.8701764345169067],"EasingStyle":"Linear","EasingDirection":"In"},"Head":{"Weight":1,"CFrame":[9.755603969097138e-8,2.3283064365386965e-10,0.016662240028381349,0.9945263862609863,0.09165795892477036,-0.05016196519136429,-0.09137348085641861,0.9957850575447083,0.007940293289721012,0.05067836493253708,-0.003313356079161167,0.9987095594406128],"EasingStyle":"Linear","EasingDirection":"In"},"Right Leg":{"Weight":1,"CFrame":[0.29032379388809206,0.13366615772247315,0.02306365966796875,0.9949126839637756,0.09073776751756668,0.043766506016254428,-0.09201458841562271,0.995361328125,0.028093678876757623,-0.041014257818460467,-0.03197796270251274,0.9986467361450195],"EasingStyle":"Linear","EasingDirection":"In"},"Torso":{"Weight":1,"CFrame":[0.04301299527287483,-0.02316979691386223,-0.14690184593200684,0.9990894198417664,0.03828161209821701,-0.01883733458817005,-0.03880353644490242,0.9988497495651245,-0.028168609365820886,0.01773732714354992,0.02887391671538353,0.9994256496429443],"EasingStyle":"Linear","EasingDirection":"In"},"HumanoidRootPart":{"Weight":1,"CFrame":[0,0,0,1,0,0,0,1,0,0,0,1],"EasingStyle":"Linear","EasingDirection":"In"},"Left Arm":{"Weight":1,"CFrame":[-0.1837611049413681,-0.17122375965118409,0.018046975135803224,-0.6813110709190369,0.6537336707115173,-0.3293139636516571,-0.6401315331459045,-0.7503119707107544,-0.16511711478233338,-0.3550308346748352,0.09830807894468308,0.9296712875366211],"EasingStyle":"Linear","EasingDirection":"In"}}},{"Time":0.11666666716337204,"poses":{"Left Leg":{"Weight":1,"CFrame":[-0.2219853699207306,0.1282671093940735,0.03406953811645508,0.9948105812072754,-0.10060480237007141,0.01518756989389658,0.10084982961416245,0.9947675466537476,-0.01633497327566147,-0.013464766554534436,0.017781859263777734,0.9997512102127075],"EasingStyle":"Linear","EasingDirection":"In"},"Right Arm":{"Weight":1,"CFrame":[0.07633186876773834,-0.4185454249382019,-0.041018903255462649,0.43556904792785647,-0.898490846157074,0.05471506342291832,0.761058509349823,0.33512213826179507,-0.5554127097129822,0.48069706559181216,0.2835618555545807,0.8297728896141052],"EasingStyle":"Linear","EasingDirection":"In"},"Head":{"Weight":1,"CFrame":[9.639188647270203e-8,-8.149072527885437e-9,0.016662001609802247,0.9942016005516052,0.09728766232728958,-0.04580869898200035,-0.09746375679969788,0.9952377676963806,-0.0016216731164604426,0.045432787388563159,0.006076974328607321,0.998948872089386],"EasingStyle":"Linear","EasingDirection":"In"},"Right Leg":{"Weight":1,"CFrame":[0.347653329372406,0.12448304891586304,0.006257891654968262,0.9918702244758606,0.10058589279651642,0.0779484361410141,-0.10351841896772385,0.9940280318260193,0.0345304049551487,-0.07400960475206375,-0.04231881722807884,0.9963592886924744],"EasingStyle":"Linear","EasingDirection":"In"},"Torso":{"Weight":1,"CFrame":[0.04033638536930084,-0.02233666181564331,-0.13207387924194337,0.9969769716262817,0.07445751875638962,-0.02220730297267437,-0.07504992187023163,0.9968100190162659,-0.027155552059412004,0.02011452428996563,0.028740115463733674,0.9993845224380493],"EasingStyle":"Linear","EasingDirection":"In"},"HumanoidRootPart":{"Weight":1,"CFrame":[0,0,0,1,0,0,0,1,0,0,0,1],"EasingStyle":"Linear","EasingDirection":"In"},"Left Arm":{"Weight":1,"CFrame":[-0.18139463663101197,-0.0966539978981018,0.0026009082794189455,-0.631598949432373,0.7315170764923096,-0.25683772563934328,-0.6933923959732056,-0.681176483631134,-0.23495891690254212,-0.34682825207710268,0.029689177870750428,0.9374586939811707],"EasingStyle":"Linear","EasingDirection":"In"}}},{"Time":0.13333334028720857,"poses":{"Left Leg":{"Weight":1,"CFrame":[-0.1853528618812561,0.09314996004104614,0.04339098930358887,0.9949902892112732,-0.09459251910448075,0.03234992176294327,0.09545665234327316,0.9950861930847168,-0.026298997923731805,-0.029703296720981599,0.02925524115562439,0.9991306066513062],"EasingStyle":"Linear","EasingDirection":"In"},"Right Arm":{"Weight":1,"CFrame":[0.0663793608546257,-0.4493369162082672,-0.0476648211479187,0.3655948042869568,-0.915276288986206,0.16914428770542146,0.773682177066803,0.19780421257019044,-0.6019049882888794,0.5174517631530762,0.35091719031333926,0.7804490327835083],"EasingStyle":"Linear","EasingDirection":"In"},"Head":{"Weight":1,"CFrame":[9.266659617424011e-8,-2.3283064365386964e-9,0.016661643981933595,0.9937092065811157,0.10380599647760391,-0.04202806577086449,-0.10435619205236435,0.9944779276847839,-0.011110277846455574,0.04064265266060829,0.015426235273480416,0.9990547299385071],"EasingStyle":"Linear","EasingDirection":"In"},"Right Leg":{"Weight":1,"CFrame":[0.40521252155303957,0.11682480573654175,-0.013101160526275635,0.9875332713127136,0.10859218239784241,0.1139552891254425,-0.11376655846834183,0.9927055239677429,0.039911702275276187,-0.10878988355398178,-0.05237842723727226,0.9926838874816895],"EasingStyle":"Linear","EasingDirection":"In"},"Torso":{"Weight":1,"CFrame":[0.037284187972545627,-0.022133924067020417,-0.11945652961730957,0.9933369159698486,0.11243802309036255,-0.025290613994002343,-0.11310968548059464,0.9932180643081665,-0.026908881962299348,0.0220935121178627,0.029590195044875146,0.9993179440498352],"EasingStyle":"Linear","EasingDirection":"In"},"HumanoidRootPart":{"Weight":1,"CFrame":[0,0,0,1,0,0,0,1,0,0,0,1],"EasingStyle":"Linear","EasingDirection":"In"},"Left Arm":{"Weight":1,"CFrame":[-0.17942777276039124,-0.02722907066345215,-0.01038503646850586,-0.5820194482803345,0.7925068140029907,-0.18217132985591889,-0.736807107925415,-0.6087393760681152,-0.29419636726379397,-0.34404751658439639,-0.03700300306081772,0.9382228255271912],"EasingStyle":"Linear","EasingDirection":"In"}}},{"Time":0.15000000596046449,"poses":{"Left Leg":{"Weight":1,"CFrame":[-0.14869293570518495,0.06431019306182862,0.053041815757751468,0.994649350643158,-0.0885833129286766,0.05315864086151123,0.09050299972295761,0.9952859878540039,-0.03485865890979767,-0.049820199608802798,0.03948313370347023,0.9979774951934815],"EasingStyle":"Linear","EasingDirection":"In"},"Right Arm":{"Weight":1,"CFrame":[0.056816913187503818,-0.4784247577190399,-0.053009033203125,0.3101891577243805,-0.9091457724571228,0.2779153287410736,0.7730339765548706,0.07105182111263275,-0.6303732395172119,0.5533546805381775,0.41037267446517947,0.7248398065567017],"EasingStyle":"Linear","EasingDirection":"In"},"Head":{"Weight":1,"CFrame":[8.475035429000855e-8,3.14321368932724e-9,0.016661882400512697,0.9930217266082764,0.11120620369911194,-0.03925732895731926,-0.11205917596817017,0.9934955835342407,-0.020231621339917184,0.0367521271109581,0.02448958344757557,0.9990243911743164],"EasingStyle":"Linear","EasingDirection":"In"},"Right Leg":{"Weight":1,"CFrame":[0.46106913685798647,0.11180049180984497,-0.034606218338012698,0.9819453954696655,0.11417040973901749,0.1508263647556305,-0.12203237414360047,0.991554319858551,0.043911125510931018,-0.14453911781311036,-0.06152404099702835,0.9875845313072205],"EasingStyle":"Linear","EasingDirection":"In"},"Torso":{"Weight":1,"CFrame":[0.03381774574518204,-0.022805534303188325,-0.1102454662322998,0.9881125092506409,0.15117326378822328,-0.027936134487390519,-0.15194004774093629,0.988000750541687,-0.02772519551217556,0.023409618064761163,0.031640227884054187,0.9992251396179199],"EasingStyle":"Linear","EasingDirection":"In"},"HumanoidRootPart":{"Weight":1,"CFrame":[0,0,0,1,0,0,0,1,0,0,0,1],"EasingStyle":"Linear","EasingDirection":"In"},"Left Arm":{"Weight":1,"CFrame":[-0.1778217852115631,0.03305333852767944,-0.01962459087371826,-0.5377461910247803,0.8357189893722534,-0.1113688126206398,-0.769000232219696,-0.5403350591659546,-0.3415793776512146,-0.3456408679485321,-0.09804059565067291,0.9332312941551209],"EasingStyle":"Linear","EasingDirection":"In"}}},{"Time":0.1666666716337204,"poses":{"Left Leg":{"Weight":1,"CFrame":[-0.11530958116054535,0.04398822784423828,0.06339013576507569,0.9934127330780029,-0.08404499292373657,0.07789458334445954,0.08748100697994232,0.9952889680862427,-0.041796524077653888,-0.07401485741138458,0.04833550751209259,0.9960851073265076],"EasingStyle":"Linear","EasingDirection":"In"},"Right Arm":{"Weight":1,"CFrame":[0.04766730219125748,-0.5051407814025879,-0.05639165639877319,0.2715928554534912,-0.8855936527252197,0.3767775297164917,0.7635999917984009,-0.040002111345529559,-0.6444492936134338,0.5857921838760376,0.46273502707481387,0.6653749346733093],"EasingStyle":"Linear","EasingDirection":"In"},"Head":{"Weight":1,"CFrame":[6.792834028601647e-8,2.699380274862051e-9,0.016662240028381349,0.992111086845398,0.11947235465049744,-0.037975579500198367,-0.12059336155653,0.9922860860824585,-0.02873571589589119,0.03424947336316109,0.03308868408203125,0.9988654851913452],"EasingStyle":"Linear","EasingDirection":"In"},"Right Leg":{"Weight":1,"CFrame":[0.5134087204933167,0.11062401533126831,-0.057807743549346927,0.9752678871154785,0.11683537811040878,0.18762271106243134,-0.12761077284812928,0.9907395839691162,0.046376343816518787,-0.18046675622463227,-0.06917206197977066,0.9811457991600037],"EasingStyle":"Linear","EasingDirection":"In"},"Torso":{"Weight":1,"CFrame":[0.02987668663263321,-0.024610280990600587,-0.10564041137695313,0.9813963174819946,0.18963181972503663,-0.030019192025065423,-0.19051456451416017,0.9812284111976624,-0.02991912141442299,0.023782068863511087,0.035081613808870319,0.999101459980011],"EasingStyle":"Linear","EasingDirection":"In"},"HumanoidRootPart":{"Weight":1,"CFrame":[0,0,0,1,0,0,0,1,0,0,0,1],"EasingStyle":"Linear","EasingDirection":"In"},"Left Arm":{"Weight":1,"CFrame":[-0.17646291851997376,0.08021634817123413,-0.02387458086013794,-0.5035197734832764,0.8625426888465881,-0.049880705773830417,-0.7899469137191773,-0.48298704624176028,-0.37776607275009158,-0.34993118047714236,-0.1508098542690277,0.9245564937591553],"EasingStyle":"Linear","EasingDirection":"In"}}},{"Time":0.18333333730697633,"poses":{"Left Leg":{"Weight":1,"CFrame":[-0.08791842311620712,0.033556222915649417,0.07492518424987793,0.9909100532531738,-0.08222304284572602,0.10647417604923248,0.08761191368103028,0.9950473308563232,-0.04695732146501541,-0.10208595544099808,0.055858906358480456,0.9932061433792114],"EasingStyle":"Linear","EasingDirection":"In"},"Right Arm":{"Weight":1,"CFrame":[0.03896082192659378,-0.5289784669876099,-0.05727243423461914,0.24985219538211823,-0.8501673340797424,0.46345391869544985,0.7495883107185364,-0.13315542042255402,-0.6483725309371948,0.6129364967346191,0.5093969106674194,0.604006290435791],"EasingStyle":"Linear","EasingDirection":"In"},"Head":{"Weight":1,"CFrame":[8.987262845039368e-8,1.280568540096283e-9,0.016662240028381349,0.9909485578536987,0.12849925458431245,-0.03884488344192505,-0.12991578876972199,0.9908549785614014,-0.036447521299123767,0.033806100487709048,0.04116421565413475,0.9985803365707398],"EasingStyle":"Linear","EasingDirection":"In"},"Right Leg":{"Weight":1,"CFrame":[0.5607770085334778,0.11427676677703858,-0.08214449882507324,0.967741072177887,0.11643625795841217,0.22342745959758759,-0.13009074330329896,0.9903709292411804,0.0473489835858345,-0.21576286852359773,-0.07488740980625153,0.973569929599762],"EasingStyle":"Linear","EasingDirection":"In"},"Torso":{"Weight":1,"CFrame":[0.02543911337852478,-0.02770550549030304,-0.1064155101776123,0.9734282493591309,0.2268189638853073,-0.03147444874048233,-0.22783541679382325,0.9731169939041138,-0.033681925386190417,0.02298862487077713,0.039957933127880099,0.9989368915557861],"EasingStyle":"Linear","EasingDirection":"In"},"HumanoidRootPart":{"Weight":1,"CFrame":[0,0,0,1,0,0,0,1,0,0,0,1],"EasingStyle":"Linear","EasingDirection":"In"},"Left Arm":{"Weight":1,"CFrame":[-0.1752198338508606,0.11147356033325196,-0.022382676601409913,-0.4824754595756531,0.8759084939956665,-0.001333656720817089,-0.8006827235221863,-0.44165515899658205,-0.404781311750412,-0.3551403880119324,-0.1942296028137207,0.9144126176834106],"EasingStyle":"Linear","EasingDirection":"In"}}},{"Time":0.20000000298023225,"poses":{"Left Leg":{"Weight":1,"CFrame":[-0.06677737832069397,0.03167104721069336,0.08743500709533692,0.9870237112045288,-0.08315645158290863,0.13736514747142793,0.09080978482961655,0.9945915937423706,-0.050410982221364978,-0.132430300116539,0.06223093718290329,0.9892369508743286],"EasingStyle":"Linear","EasingDirection":"In"},"Right Arm":{"Weight":1,"CFrame":[0.030809395015239717,-0.5498030185699463,-0.05572378635406494,0.24160918593406678,-0.8082079887390137,0.5370521545410156,0.734311044216156,-0.20952598750591279,-0.6456671953201294,0.6343597173690796,0.5503624677658081,0.5428526401519775],"EasingStyle":"Linear","EasingDirection":"In"},"Head":{"Weight":1,"CFrame":[8.754432201385498e-8,9.313225746154785e-9,0.016662120819091798,0.9895678162574768,0.13786272704601289,-0.0418279729783535,-0.13965211808681489,0.9892498850822449,-0.043382298201322559,0.03539753705263138,0.048771053552627566,0.9981826543807983],"EasingStyle":"Linear","EasingDirection":"In"},"Right Leg":{"Weight":1,"CFrame":[0.6023494005203247,0.12172794342041016,-0.10656774044036865,0.9596324563026428,0.11358698457479477,0.25730055570602419,-0.12985490262508393,0.9904145002365112,0.04708375781774521,-0.24948610365390778,-0.078594870865345,0.9651837348937988],"EasingStyle":"Linear","EasingDirection":"In"},"Torso":{"Weight":1,"CFrame":[0.02071484923362732,-0.03179890662431717,-0.11162257194519043,0.964584231376648,0.26178014278411868,-0.03237956389784813,-0.26293012499809267,0.9640401601791382,-0.038658257573843,0.021095233038067819,0.045802704989910129,0.9987277388572693],"EasingStyle":"Linear","EasingDirection":"In"},"HumanoidRootPart":{"Weight":1,"CFrame":[0,0,0,1,0,0,0,1,0,0,0,1],"EasingStyle":"Linear","EasingDirection":"In"},"Left Arm":{"Weight":1,"CFrame":[-0.17403146624565125,0.12869149446487428,-0.016233325004577638,-0.47352296113967898,0.8800879716873169,0.03494406118988991,-0.8037994503974915,-0.4155747890472412,-0.42568081617355349,-0.3601146936416626,-0.22965794801712037,0.904198408126831],"EasingStyle":"Linear","EasingDirection":"In"}}},{"Time":0.21666666865348817,"poses":{"Left Leg":{"Weight":1,"CFrame":[-0.05099102109670639,0.03635251522064209,0.10035645961761475,0.9818874001502991,-0.08624086529016495,0.16870051622390748,0.09628177434206009,0.9939813613891602,-0.0522586852312088,-0.16317830979824067,0.06755488365888596,0.984281063079834],"EasingStyle":"Linear","EasingDirection":"In"},"Right Arm":{"Weight":1,"CFrame":[0.02337013930082321,-0.5675718188285828,-0.05197089910507202,0.24295282363891602,-0.7641751170158386,0.5975033640861511,0.7198355793952942,-0.27086448669433596,-0.6391159296035767,0.6502390503883362,0.5853791236877441,0.484273225069046],"EasingStyle":"Linear","EasingDirection":"In"},"Head":{"Weight":1,"CFrame":[9.12696123123169e-8,9.313225746154786e-10,0.016662240028381349,0.9880407452583313,0.14705459773540498,-0.04637515917420387,-0.149307519197464,0.9875476956367493,-0.049566928297281268,0.03850856050848961,0.0558982752263546,0.9976935982704163],"EasingStyle":"Linear","EasingDirection":"In"},"Right Leg":{"Weight":1,"CFrame":[0.6377955675125122,0.13169515132904054,-0.12993472814559937,0.951288104057312,0.1091737225651741,0.288326621055603,-0.12760092318058015,0.9907652735710144,0.04584963619709015,-0.2806582748889923,-0.08040694892406464,0.9564338326454163],"EasingStyle":"Linear","EasingDirection":"In"},"Torso":{"Weight":1,"CFrame":[0.016009606420993806,-0.03648151457309723,-0.11987733840942383,0.9553630948066711,0.293607622385025,-0.032801758497953418,-0.29486769437789919,0.954508364200592,-0.044350940734148028,0.01828777603805065,0.052043430507183078,0.9984774589538574],"EasingStyle":"Linear","EasingDirection":"In"},"HumanoidRootPart":{"Weight":1,"CFrame":[0,0,0,1,0,0,0,1,0,0,0,1],"EasingStyle":"Linear","EasingDirection":"In"},"Left Arm":{"Weight":1,"CFrame":[-0.1729050874710083,0.13490039110183717,-0.006954848766326904,-0.47447749972343447,0.8781734108924866,0.060683880001306537,-0.8013355135917664,-0.4023721516132355,-0.44267165660858157,-0.36432498693466189,-0.2586660087108612,0.89462810754776],"EasingStyle":"Linear","EasingDirection":"In"}}},{"Time":0.23333333432674409,"poses":{"Left Leg":{"Weight":1,"CFrame":[-0.0394611582159996,0.04568624496459961,0.11287295818328858,0.9758650064468384,-0.09068205207586289,0.19865620136260987,0.10300265997648239,0.9932910203933716,-0.05256841704249382,-0.19255633652210236,0.07176180928945542,0.9786584973335266],"EasingStyle":"Linear","EasingDirection":"In"},"Right Arm":{"Weight":1,"CFrame":[0.016821905970573427,-0.5822401642799377,-0.04623311758041382,0.25032299757003786,-0.7217702865600586,0.6452799439430237,0.7073201537132263,-0.31876519322395327,-0.6309413313865662,0.6610875129699707,0.6143585443496704,0.43072834610939028],"EasingStyle":"Linear","EasingDirection":"In"},"Head":{"Weight":1,"CFrame":[7.82310962677002e-8,-1.3969838619232178e-8,0.016661882400512697,0.9864595532417297,0.15556848049163819,-0.05192326754331589,-0.15836572647094727,0.9858489036560059,-0.05497560277581215,0.042636025696992877,0.06245405599474907,0.9971367120742798],"EasingStyle":"Linear","EasingDirection":"In"},"Right Leg":{"Weight":1,"CFrame":[0.6668764352798462,0.14271974563598634,-0.1510806679725647,0.9431641101837158,0.10401690751314163,0.315629780292511,-0.12400910258293152,0.9913107752799988,0.04387350752949715,-0.3083235025405884,-0.08052089065313339,0.9478675723075867],"EasingStyle":"Linear","EasingDirection":"In"},"Torso":{"Weight":1,"CFrame":[0.011671610176563263,-0.04134131968021393,-0.12978839874267579,0.9463615417480469,0.32144492864608767,-0.03275659680366516,-0.322770357131958,0.9451420307159424,-0.05025903135538101,0.014804122038185597,0.05813607573509216,0.998198926448822],"EasingStyle":"Linear","EasingDirection":"In"},"HumanoidRootPart":{"Weight":1,"CFrame":[0,0,0,1,0,0,0,1,0,0,0,1],"EasingStyle":"Linear","EasingDirection":"In"},"Left Arm":{"Weight":1,"CFrame":[-0.17188607156276704,0.13312751054763795,0.003939390182495117,-0.48316317796707156,0.8720893859863281,0.07754720747470856,-0.7946144938468933,-0.3995968699455261,-0.45706695318222048,-0.36761561036109927,-0.2824581563472748,0.8860453367233276],"EasingStyle":"Linear","EasingDirection":"In"}}},{"Time":0.25,"poses":{"Left Leg":{"Weight":1,"CFrame":[-0.0312868133187294,0.057811439037323,0.12391424179077149,0.9695417881011963,-0.0956944078207016,0.22545838356018067,0.10991796106100083,0.9926121234893799,-0.051373712718486789,-0.21887660026550294,0.07459090650081635,0.9728973507881165],"EasingStyle":"Linear","EasingDirection":"In"},"Right Arm":{"Weight":1,"CFrame":[0.011358916759490967,-0.593758761882782,-0.03872781991958618,0.26055458188056948,-0.6841815114021301,0.6811806559562683,0.6973421573638916,-0.35458484292030337,-0.6228832602500916,0.6677014231681824,0.6373111009597778,0.3847198784351349],"EasingStyle":"Linear","EasingDirection":"In"},"Head":{"Weight":1,"CFrame":[8.195638656616211e-8,-2.421438694000244e-8,0.016661882400512697,0.9849404692649841,0.16291190683841706,-0.057897377759218219,-0.16630162298679353,0.9842761158943176,-0.059535034000873569,0.047288019210100177,0.0682668462395668,0.9965457916259766],"EasingStyle":"Linear","EasingDirection":"In"},"Right Leg":{"Weight":1,"CFrame":[0.6894868612289429,0.1532776951789856,-0.16887247562408448,0.9358019828796387,0.09888921678066254,0.3383723795413971,-0.11976649612188339,0.9919414520263672,0.04133118316531181,-0.33155831694602969,-0.07920347899198532,0.9401042461395264],"EasingStyle":"Linear","EasingDirection":"In"},"Torso":{"Weight":1,"CFrame":[0.008086353540420533,-0.04596386104822159,-0.1399540901184082,0.9382396936416626,0.34448298811912539,-0.032214295119047168,-0.34581345319747927,0.9366379380226135,-0.05587871000170708,0.010923866182565689,0.06356775015592575,0.9979178309440613],"EasingStyle":"Linear","EasingDirection":"In"},"HumanoidRootPart":{"Weight":1,"CFrame":[0,0,0,1,0,0,0,1,0,0,0,1],"EasingStyle":"Linear","EasingDirection":"In"},"Left Arm":{"Weight":1,"CFrame":[-0.1710401028394699,0.12639766931533814,0.014947175979614258,-0.4974346458911896,0.8631176948547363,0.08710118383169174,-0.7846066951751709,-0.4047964811325073,-0.46960845589637759,-0.37006914615631106,-0.30194005370140078,0.8785678744316101],"EasingStyle":"Linear","EasingDirection":"In"}}},{"Time":0.2666666805744171,"poses":{"Left Leg":{"Weight":1,"CFrame":[-0.026017114520072938,0.07096028327941895,0.13224315643310548,0.9636779427528381,-0.10063567757606507,0.24738071858882905,0.11609406024217606,0.9920445680618286,-0.04867909476161003,-0.2405138909816742,0.07563038170337677,0.9676948189735413],"EasingStyle":"Linear","EasingDirection":"In"},"Right Arm":{"Weight":1,"CFrame":[0.007186323404312134,-0.6020704507827759,-0.029671967029571534,0.2708505392074585,-0.6542446613311768,0.7061189413070679,0.6901359558105469,-0.3794037103652954,-0.6162510514259338,0.6710830926895142,0.6542299389839172,0.34875598549842837],"EasingStyle":"Linear","EasingDirection":"In"},"Head":{"Weight":1,"CFrame":[8.940696716308594e-8,1.862645149230957e-8,0.01666247844696045,0.9836210012435913,0.1686137318611145,-0.06371261179447174,-0.17259106040000916,0.982968270778656,-0.0631333515048027,0.05198227986693382,0.07309553027153015,0.9959693551063538],"EasingStyle":"Linear","EasingDirection":"In"},"Right Leg":{"Weight":1,"CFrame":[0.7056016325950623,0.16179955005645753,-0.18222975730895997,0.9297940135002136,0.09451170265674591,0.355739951133728,-0.11556191742420197,0.9925599098205566,0.03834323212504387,-0.34946924448013308,-0.07676135003566742,0.9337981343269348],"EasingStyle":"Linear","EasingDirection":"In"},"Torso":{"Weight":1,"CFrame":[0.005667641758918762,-0.04993124306201935,-0.14896297454833985,0.93168044090271,0.3619444966316223,-0.03111070767045021,-0.3632124662399292,0.9297268986701965,-0.06070192530751228,0.00695373397320509,0.06785459816455841,0.9976710081100464],"EasingStyle":"Linear","EasingDirection":"In"},"HumanoidRootPart":{"Weight":1,"CFrame":[0,0,0,1,0,0,0,1,0,0,0,1],"EasingStyle":"Linear","EasingDirection":"In"},"Left Arm":{"Weight":1,"CFrame":[-0.17044208943843842,0.1177331805229187,0.024573922157287599,-0.5151501893997192,0.8522696495056152,0.09086647629737854,-0.7721981406211853,-0.41550084948539736,-0.48069652915000918,-0.37192797660827639,-0.31779801845550539,0.8721663951873779],"EasingStyle":"Linear","EasingDirection":"In"}}},{"Time":0.28333333134651186,"poses":{"Left Leg":{"Weight":1,"CFrame":[-0.02345748245716095,0.08318549394607544,0.13649249076843263,0.9591485857963562,-0.10493427515029907,0.2627219557762146,0.12067604064941406,0.9916954040527344,-0.04447055980563164,-0.2558736801147461,0.07435812801122666,0.9638462066650391],"EasingStyle":"Linear","EasingDirection":"In"},"Right Arm":{"Weight":1,"CFrame":[0.0045182108879089359,-0.607111930847168,-0.01928955316543579,0.2787115275859833,-0.634548008441925,0.7208805680274963,0.6857702732086182,-0.3939991295337677,-0.6119508147239685,0.6723384857177734,0.6649161577224731,0.3253419101238251],"EasingStyle":"Linear","EasingDirection":"In"},"Head":{"Weight":1,"CFrame":[8.102506399154663e-8,1.30385160446167e-8,0.016662120819091798,0.9826539158821106,0.17222392559051515,-0.06877660751342774,-0.1767154037952423,0.9820715188980103,-0.06563054770231247,0.056240372359752658,0.07664605975151062,0.9954710006713867],"EasingStyle":"Linear","EasingDirection":"In"},"Right Leg":{"Weight":1,"CFrame":[0.7151952981948853,0.16669148206710816,-0.1901213526725769,0.9257358908653259,0.09155332297086716,0.3669211268424988,-0.1120762750506401,0.9930840134620667,0.03497430309653282,-0.3611814081668854,-0.0735001191496849,0.9295944571495056],"EasingStyle":"Linear","EasingDirection":"In"},"Torso":{"Weight":1,"CFrame":[0.004844553768634796,-0.0528191477060318,-0.1553962230682373,0.9273433089256287,0.37305793166160586,-0.02936304546892643,-0.37419793009757998,0.9251230955123901,-0.06421277672052384,0.0032093487679958345,0.07053487002849579,0.9975041747093201],"EasingStyle":"Linear","EasingDirection":"In"},"HumanoidRootPart":{"Weight":1,"CFrame":[0,0,0,1,0,0,0,1,0,0,0,1],"EasingStyle":"Linear","EasingDirection":"In"},"Left Arm":{"Weight":1,"CFrame":[-0.17016705870628358,0.11015748977661133,0.03133046627044678,-0.5341393947601318,0.8405510187149048,0.09038225561380387,-0.7583909034729004,-0.42918121814727785,-0.4905576705932617,-0.3735484480857849,-0.3305714726448059,0.8667089343070984],"EasingStyle":"Linear","EasingDirection":"In"}}},{"Time":0.30000001192092898,"poses":{"Left Leg":{"Weight":1,"CFrame":[-0.023836657404899598,0.09267687797546387,0.13534784317016602,0.9568274021148682,-0.10819695889949799,0.2697678804397583,0.12305369973182678,0.9916439652442932,-0.03873089700937271,-0.26332318782806399,0.07025472819805145,0.9621462225914002],"EasingStyle":"Linear","EasingDirection":"In"},"Right Arm":{"Weight":1,"CFrame":[0.00357760488986969,-0.608810305595398,-0.007818400859832764,0.2818298637866974,-0.6274846792221069,0.7258340120315552,0.6842915415763855,-0.39882078766822817,-0.6104809045791626,0.6725452542304993,0.6687338352203369,0.3169827163219452],"EasingStyle":"Linear","EasingDirection":"In"},"Head":{"Weight":1,"CFrame":[8.312417776323855e-8,5.587935447692871e-9,0.016661882400512697,0.982196569442749,0.17330628633499146,-0.07249017059803009,-0.17815907299518586,0.9817268252372742,-0.066872738301754,0.05957607924938202,0.07859702408313751,0.9951247572898865],"EasingStyle":"Linear","EasingDirection":"In"},"Right Leg":{"Weight":1,"CFrame":[0.7181400656700134,0.1663525104522705,-0.1915522813796997,0.9241672158241272,0.09063581377267838,0.37107962369918826,-0.10997238010168076,0.9934437274932861,0.031236521899700166,-0.36581555008888247,-0.06967628002166748,0.9280755519866943],"EasingStyle":"Linear","EasingDirection":"In"},"Torso":{"Weight":1,"CFrame":[0.006044559180736542,-0.054191216826438907,-0.15783405303955079,0.9258134961128235,0.3770231306552887,-0.026890544220805169,-0.37798088788986208,0.9234663844108582,-0.06588083505630493,-0.000006081977517169435,0.07115747034549713,0.9974650740623474],"EasingStyle":"Linear","EasingDirection":"In"},"HumanoidRootPart":{"Weight":1,"CFrame":[0,0,0,1,0,0,0,1,0,0,0,1],"EasingStyle":"Linear","EasingDirection":"In"},"Left Arm":{"Weight":1,"CFrame":[-0.17028462886810304,0.10669690370559693,0.033731937408447269,-0.5521833300590515,0.8291425704956055,0.08727026730775833,-0.7444409728050232,-0.44321420788764956,-0.4993683099746704,-0.37536829710006716,-0.3407106399536133,0.8619833588600159],"EasingStyle":"Linear","EasingDirection":"In"}}},{"Time":0.3166666626930237,"poses":{"Left Leg":{"Weight":1,"CFrame":[-0.031624048948287967,0.09909039735794068,0.130615234375,0.9579958319664002,-0.11156226694583893,0.26419302821159365,0.12454981356859207,0.9916685819625855,-0.032875172793865207,-0.25832435488700869,0.06439945101737976,0.963909387588501],"EasingStyle":"Linear","EasingDirection":"In"},"Right Arm":{"Weight":1,"CFrame":[0.004068225622177124,-0.6079062819480896,0.0044956207275390629,0.28273677825927737,-0.634194