{"Sequence":[{"Time":0,"poses":{"Left Leg":{"Weight":1,"CFrame":[0.11829812824726105,1.1795554161071778,-0.253700852394104,0.8472221493721008,0.28936967253685,0.4455106556415558,-0.4080047607421875,0.8915072083473206,0.19684267044067384,-0.3402157127857208,-0.34853991866111758,0.8733689188957214],"EasingStyle":"Linear","EasingDirection":"In"},"Right Arm":{"Weight":1,"CFrame":[0.06228657066822052,-0.1174432635307312,-0.06329602003097534,0.6823796629905701,-0.5549874901771545,0.47575920820236208,0.7308662533760071,0.5303411483764648,-0.4296197295188904,-0.013881050050258637,0.6408799886703491,0.7675155997276306],"EasingStyle":"Linear","EasingDirection":"In"},"Left Arm":{"Weight":1,"CFrame":[-0.05005757510662079,-0.15121948719024659,0.038646817207336429,0.47440212965011599,0.7312623262405396,-0.4901001751422882,-0.8704333305358887,0.3065035939216614,-0.3852291703224182,-0.13148605823516847,0.6093529462814331,0.7819210290908814],"EasingStyle":"Linear","EasingDirection":"In"},"Head":{"Weight":1,"CFrame":[5.21540641784668e-8,1.862645149230957e-8,-2.384185791015625e-7,0.8319907188415527,0.5547165274620056,0.009015033021569252,-0.5524045825004578,0.8267991542816162,0.10607738047838211,0.05138927698135376,-0.0932353138923645,0.9943169951438904],"EasingStyle":"Linear","EasingDirection":"In"},"Torso":{"Weight":1,"CFrame":[0.015815094113349916,-0.09097811579704285,-0.7996675968170166,0.6828008890151978,-0.7279437780380249,0.062296926975250247,0.729466438293457,0.6744968295097351,-0.11372283846139908,0.04076472669839859,0.12309357523918152,0.9915574789047241],"EasingStyle":"Linear","EasingDirection":"In"},"HumanoidRootPart":{"Weight":0,"CFrame":[0,0,0,1,0,0,0,1,0,0,0,1],"EasingStyle":"Linear","EasingDirection":"In"},"Right Leg":{"Weight":1,"CFrame":[0.8323220014572144,0.18228936195373536,0.30057621002197268,0.6527568101882935,0.6966380476951599,-0.29766398668289187,-0.7437587976455689,0.6639947295188904,-0.07703202962875366,0.1439838707447052,0.2716733515262604,0.9515578746795654],"EasingStyle":"Linear","EasingDirection":"In"}}},{"Time":0.03333333507180214,"poses":{"Left Leg":{"Weight":1,"CFrame":[-0.05356055498123169,1.0822396278381348,-0.1301344633102417,0.8691726326942444,0.23556965589523316,0.43479421734809878,-0.34105318784713747,0.9222342371940613,0.18211764097213746,-0.35808065533638,-0.3065795600414276,0.8819224834442139],"EasingStyle":"Linear","EasingDirection":"In"},"Right Arm":{"Weight":1,"CFrame":[0.11264525353908539,-0.09293729066848755,0.0033860206604003908,0.7401005625724793,-0.5901260375976563,0.3224942088127136,0.664122462272644,0.565922200679779,-0.4885424077510834,0.10579502582550049,0.5757459998130798,0.8107551336288452],"EasingStyle":"Linear","EasingDirection":"In"},"Left Arm":{"Weight":1,"CFrame":[-0.05325856804847717,-0.15714886784553529,0.04601883888244629,0.604160487651825,0.7194754481315613,-0.34255698323249819,-0.7801933884620667,0.4466087222099304,-0.4379943907260895,-0.16213718056678773,0.5318794846534729,0.8311532735824585],"EasingStyle":"Linear","EasingDirection":"In"},"Head":{"Weight":1,"CFrame":[9.406358003616333e-8,-3.725290298461914e-9,0,0.8192776441574097,0.5733963251113892,0.0009273664327338338,-0.5702325105667114,0.8145851492881775,0.10623610019683838,0.060159970074892047,-0.08756566792726517,0.9943405389785767],"EasingStyle":"Linear","EasingDirection":"In"},"Torso":{"Weight":1,"CFrame":[-0.008865542709827423,-0.06857110559940338,-0.7222757339477539,0.6606839299201965,-0.7501167058944702,0.02866724133491516,0.7492857575416565,0.6566764712333679,-0.08571405708789826,0.04547043889760971,0.07810985296964646,0.9959073662757874],"EasingStyle":"Linear","EasingDirection":"In"},"HumanoidRootPart":{"Weight":0,"CFrame":[0,0,0,1,0,0,0,1,0,0,0,1],"EasingStyle":"Linear","EasingDirection":"In"},"Right Leg":{"Weight":1,"CFrame":[0.7823241949081421,0.10126197338104248,0.3154606819152832,0.6177974939346314,0.710959792137146,-0.3359500467777252,-0.764229416847229,0.6434666514396668,-0.043637730181217197,0.18514801561832429,0.28370216488838198,0.9408683776855469],"EasingStyle":"Linear","EasingDirection":"In"}}},{"Time":0.06666667014360428,"poses":{"Left Leg":{"Weight":1,"CFrame":[-0.23609909415245057,0.8173710703849793,0.021596550941467286,0.8944574594497681,0.16402067244052888,0.41598445177078249,-0.2498348504304886,0.9548598527908325,0.16070275008678437,-0.37084832787513735,-0.24766916036605836,0.8950595855712891],"EasingStyle":"Linear","EasingDirection":"In"},"Right Arm":{"Weight":1,"CFrame":[0.23368987441062928,-0.07788291573524475,0.0833432674407959,0.7768492102622986,-0.6191509366035461,-0.11470536142587662,0.4563743472099304,0.6791216135025024,-0.5749056339263916,0.4338522255420685,0.39426642656326296,0.8101396560668945],"EasingStyle":"Linear","EasingDirection":"In"},"Left Arm":{"Weight":1,"CFrame":[-0.06089154630899429,-0.17128854990005494,0.05303609371185303,0.6843665838241577,0.7192254066467285,-0.11982211470603943,-0.6878930926322937,0.5823893547058106,-0.4331579804420471,-0.24175506830215455,0.3788635730743408,0.8933178782463074],"EasingStyle":"Linear","EasingDirection":"In"},"Head":{"Weight":1,"CFrame":[7.264316082000733e-8,0,-1.7881393432617188e-7,0.8092929720878601,0.5870550274848938,-0.02028259076178074,-0.5820274949073792,0.8060672879219055,0.10723589360713959,0.07930248975753784,-0.0749802216887474,0.994026780128479],"EasingStyle":"Linear","EasingDirection":"In"},"Torso":{"Weight":1,"CFrame":[-0.030013736337423326,-0.043731510639190677,-0.5439579486846924,0.640230119228363,-0.7681635022163391,-0.005499457940459251,0.766834020614624,0.6395134329795837,-0.05466456711292267,0.04550829157233238,0.0307807307690382,0.9984897375106812],"EasingStyle":"Linear","EasingDirection":"In"},"HumanoidRootPart":{"Weight":0,"CFrame":[0,0,0,1,0,0,0,1,0,0,0,1],"EasingStyle":"Linear","EasingDirection":"In"},"Right Leg":{"Weight":1,"CFrame":[0.6597856879234314,0.007704317569732666,0.30120813846588137,0.6266857981681824,0.6857370138168335,-0.37017518281936648,-0.7396381497383118,0.6729825139045715,-0.005488560069352388,0.24535776674747468,0.2772352695465088,0.928945779800415],"EasingStyle":"Linear","EasingDirection":"In"}}},{"Time":0.10000000149011612,"poses":{"Left Leg":{"Weight":1,"CFrame":[-0.18407303094863892,0.43560194969177248,0.059233665466308597,0.8948818445205689,0.20237265527248383,0.39778372645378115,-0.28294262290000918,0.9465333819389343,0.15497808158397675,-0.34515219926834109,-0.25123700499534609,0.9042953252792358],"EasingStyle":"Linear","EasingDirection":"In"},"Right Arm":{"Weight":1,"CFrame":[0.3803735673427582,-0.06997784972190857,0.1604365110397339,0.5809721946716309,-0.5192972421646118,-0.6267389059066773,0.18096178770065309,0.8331611752510071,-0.522585391998291,0.7935515642166138,0.1901918202638626,0.5780164003372192],"EasingStyle":"Linear","EasingDirection":"In"},"Left Arm":{"Weight":1,"CFrame":[-0.07000196725130081,-0.18816488981246949,0.05896115303039551,0.7104102373123169,0.6937065720558167,0.11869484186172486,-0.6137381196022034,0.6931800246238709,-0.3779246509075165,-0.3444457948207855,0.1956339180469513,0.9181963205337524],"EasingStyle":"Linear","EasingDirection":"In"},"Head":{"Weight":1,"CFrame":[8.568167686462403e-8,-3.725290298461914e-9,-5.960464477539063e-8,0.8006072640419006,0.5974263548851013,-0.045932866632938388,-0.5904947519302368,0.7996799945831299,0.1087566465139389,0.10170569270849228,-0.05994823947548866,0.9930066466331482],"EasingStyle":"Linear","EasingDirection":"In"},"Torso":{"Weight":1,"CFrame":[-0.04749501496553421,-0.01840759441256523,-0.3332095146179199,0.6233444213867188,-0.7809678912162781,-0.03912721574306488,0.7807970643043518,0.6243609189987183,-0.023009667173027993,0.04239930585026741,-0.016207460314035417,0.9989693760871887],"EasingStyle":"Linear","EasingDirection":"In"},"HumanoidRootPart":{"Weight":0,"CFrame":[0,0,0,1,0,0,0,1,0,0,0,1],"EasingStyle":"Linear","EasingDirection":"In"},"Right Leg":{"Weight":1,"CFrame":[0.46720775961875918,-0.05712544918060303,0.24738597869873048,0.671795129776001,0.6265205144882202,-0.39517515897750857,-0.672883927822113,0.7392153143882752,0.02807207591831684,0.30970728397369387,0.24704831838607789,0.9181768298149109],"EasingStyle":"Linear","EasingDirection":"In"}}},{"Time":0.13333334028720857,"poses":{"Left Leg":{"Weight":1,"CFrame":[0.18727914988994599,0.08283495903015137,-0.04383653402328491,0.8429363965988159,0.37869033217430117,0.3821672201156616,-0.46440389752388,0.8707801699638367,0.16146571934223176,-0.2716381251811981,-0.31358522176742556,0.9098775386810303],"EasingStyle":"Linear","EasingDirection":"In"},"Right Arm":{"Weight":1,"CFrame":[0.5076492428779602,-0.06692180037498474,0.21852779388427735,0.2739540636539459,-0.3499737083911896,-0.8958055973052979,0.009168919175863266,0.9323479533195496,-0.36144620180130007,0.9616990685462952,0.09080616384744644,0.25862938165664675],"EasingStyle":"Linear","EasingDirection":"In"},"Left Arm":{"Weight":1,"CFrame":[-0.07763496041297913,-0.2023041844367981,0.06305694580078125,0.699337899684906,0.648055374622345,0.30158036947250368,-0.571538507938385,0.7603546977043152,-0.30855247378349306,-0.42926710844039919,0.043417543172836307,0.9021334052085877],"EasingStyle":"Linear","EasingDirection":"In"},"Head":{"Weight":1,"CFrame":[8.381903171539307e-8,-9.313225746154786e-10,1.1920928955078126e-7,0.7922264933586121,0.6064975261688232,-0.06736486405134201,-0.5982356071472168,0.7936888933181763,0.11032774299383164,0.1203802227973938,-0.04710450395941734,0.9916097521781921],"EasingStyle":"Linear","EasingDirection":"In"},"Torso":{"Weight":1,"CFrame":[-0.060977503657341,0.005560710094869137,-0.15816521644592286,0.6118691563606262,-0.7877755761146545,-0.0708933174610138,0.7900465130805969,0.6130075454711914,0.006950719282031059,0.03798253834247589,-0.06026194989681244,0.9974597096443176],"EasingStyle":"Linear","EasingDirection":"In"},"HumanoidRootPart":{"Weight":0,"CFrame":[0,0,0,1,0,0,0,1,0,0,0,1],"EasingStyle":"Linear","EasingDirection":"In"},"Right Leg":{"Weight":1,"CFrame":[0.22965596616268159,-0.07022535800933838,0.1570495367050171,0.7314440011978149,0.544806182384491,-0.41009247303009035,-0.575972855091095,0.8155394196510315,0.05613137409090996,0.3650273084640503,0.19514508545398713,0.9103150367736816],"EasingStyle":"Linear","EasingDirection":"In"}}},{"Time":0.1666666716337204,"poses":{"Left Leg":{"Weight":1,"CFrame":[0.18173527717590333,0.08914250135421753,-0.042783260345458987,0.8716878890991211,0.3196888566017151,0.37142860889434817,-0.40375155210494997,0.8980556726455689,0.17458754777908326,-0.27774983644485476,-0.30215057730674746,0.911899209022522],"EasingStyle":"Linear","EasingDirection":"In"},"Right Arm":{"Weight":1,"CFrame":[0.5704700946807861,-0.066414475440979,0.2414778470993042,0.1354799121618271,-0.2655639052391052,-0.9545265436172485,-0.037555910646915439,0.9613402485847473,-0.27279022336006167,0.9900680184364319,0.07280576229095459,0.1202688217163086],"EasingStyle":"Linear","EasingDirection":"In"},"Left Arm":{"Weight":1,"CFrame":[-0.08083593845367432,-0.20823413133621217,0.06458604335784912,0.6875962018966675,0.6225485801696777,0.37369081377983096,-0.5601896047592163,0.782272219657898,-0.2724664807319641,-0.46195152401924136,-0.021990826353430749,0.8866325616836548],"EasingStyle":"Linear","EasingDirection":"In"},"Head":{"Weight":1,"CFrame":[6.705522537231445e-8,1.862645149230957e-8,-1.1920928955078126e-7,0.7836309671401978,0.6165671944618225,-0.07594359666109085,-0.6078095436096191,0.7862255573272705,0.11143194884061814,0.128414124250412,-0.04116230830550194,0.9908660054206848],"EasingStyle":"Linear","EasingDirection":"In"},"Torso":{"Weight":1,"CFrame":[-0.07003170251846314,0.026453405618667604,-0.08661866188049317,0.6074890494346619,-0.788090169429779,-0.09935304522514343,0.7935870885848999,0.6075575947761536,0.03306667506694794,0.03430318459868431,-0.09893292933702469,0.9945026636123657],"EasingStyle":"Linear","EasingDirection":"In"},"HumanoidRootPart":{"Weight":0,"CFrame":[0,0,0,1,0,0,0,1,0,0,0,1],"EasingStyle":"Linear","EasingDirection":"In"},"Right Leg":{"Weight":1,"CFrame":[0.06614662706851959,-0.04806315898895264,0.08617889881134033,0.7603402733802795,0.49985411763191225,-0.41476309299468996,-0.5165812373161316,0.8524594902992249,0.08035410940647125,0.39373400807380679,0.15316219627857209,0.9063746333122253],"EasingStyle":"Linear","EasingDirection":"In"}}},{"Time":0.20000000298023225,"poses":{"Left Leg":{"Weight":1,"CFrame":[0.17834404110908509,0.09627413749694824,-0.04289448261260986,0.8874956965446472,0.28157687187194826,0.36478179693222048,-0.36675727367401125,0.9108763337135315,0.18919169902801515,-0.27899909019470217,-0.3016931712627411,0.9116692543029785],"EasingStyle":"Linear","EasingDirection":"In"},"Right Arm":{"Weight":1,"CFrame":[0.5850323438644409,-0.0673222541809082,0.24039053916931153,0.13893701136112214,-0.2544238865375519,-0.9570606350898743,-0.03851364925503731,0.9643144607543945,-0.2619434595108032,0.9895520210266113,0.07325361669063568,0.1241801455616951],"EasingStyle":"Linear","EasingDirection":"In"},"Left Arm":{"Weight":1,"CFrame":[-0.08083587884902954,-0.20823398232460023,0.06458592414855957,0.6868682503700256,0.6222172379493713,0.37557655572891238,-0.5626092553138733,0.7823520302772522,-0.26720094680786135,-0.4600900709629059,-0.027770986780524255,0.8874379396438599],"EasingStyle":"Linear","EasingDirection":"In"},"Head":{"Weight":1,"CFrame":[8.940696716308594e-8,-2.2351741790771486e-8,1.1920928955078126e-7,0.7734602093696594,0.629436731338501,-0.07462399452924729,-0.6207007765769959,0.7760051488876343,0.11201167851686478,0.1284129023551941,-0.04031744971871376,0.9909009337425232],"EasingStyle":"Linear","EasingDirection":"In"},"Torso":{"Weight":1,"CFrame":[-0.07491087913513184,0.04183720052242279,-0.08960580825805664,0.6072142124176025,-0.7847959399223328,-0.12404178828001023,0.7938851714134216,0.6056042909622192,0.054679546505212787,0.032207973301410678,-0.13167712092399598,0.9907692670822144],"EasingStyle":"Linear","EasingDirection":"In"},"HumanoidRootPart":{"Weight":0,"CFrame":[0,0,0,1,0,0,0,1,0,0,0,1],"EasingStyle":"Linear","EasingDirection":"In"},"Right Leg":{"Weight":1,"CFrame":[0.046038269996643069,-0.044130563735961917,0.07876157760620117,0.7410345077514648,0.5289003252983093,-0.413681298494339,-0.5393436551094055,0.83582603931427,0.1024857833981514,0.3999704122543335,0.14717087149620057,0.9046350121498108],"EasingStyle":"Linear","EasingDirection":"In"}}},{"Time":0.23333333432674409,"poses":{"Left Leg":{"Weight":1,"CFrame":[0.1755141019821167,0.10267812013626099,-0.043192923069000247,0.9003072381019592,0.2457641065120697,0.35923078656196597,-0.3322080373764038,0.9212522506713867,0.2023169994354248,-0.2812199592590332,-0.3014868199825287,0.9110549092292786],"EasingStyle":"Linear","EasingDirection":"In"},"Right Arm":{"Weight":1,"CFrame":[0.5976561903953552,-0.06987646222114563,0.23733103275299073,0.14872756600379945,-0.2444976568222046,-0.9581758379936218,-0.038500186055898669,0.9667860865592957,-0.2526707649230957,0.9881284832954407,0.07446915656328201,0.13437451422214509],"EasingStyle":"Linear","EasingDirection":"In"},"Left Arm":{"Weight":1,"CFrame":[-0.08083590865135193,-0.20823410153388978,0.06458592414855957,0.6850706934928894,0.6234825253486633,0.37675973773002627,-0.5663053393363953,0.7811306715011597,-0.2629317045211792,-0.45823198556900027,-0.0332343652844429,0.888211190700531],"EasingStyle":"Linear","EasingDirection":"In"},"Head":{"Weight":1,"CFrame":[8.195638656616211e-8,-6.705522537231445e-8,1.1920928955078126e-7,0.7608423829078674,0.6449047923088074,-0.0722271054983139,-0.6362616419792175,0.7632371187210083,0.11242926120758057,0.12763255834579469,-0.039585571736097339,0.9910312294960022],"EasingStyle":"Linear","EasingDirection":"In"},"Torso":{"Weight":1,"CFrame":[-0.07635706663131714,0.05091959238052368,-0.09288978576660156,0.6071072220802307,-0.7811645269393921,-0.145612433552742,0.794012725353241,0.6035338640213013,0.07273847609758377,0.03106130287051201,-0.1597781777381897,0.9866641759872437],"EasingStyle":"Linear","EasingDirection":"In"},"HumanoidRootPart":{"Weight":0,"CFrame":[0,0,0,1,0,0,0,1,0,0,0,1],"EasingStyle":"Linear","EasingDirection":"In"},"Right Leg":{"Weight":1,"CFrame":[0.024102449417114259,-0.037584900856018069,0.06981515884399414,0.7242138981819153,0.5531867146492004,-0.41170209646224978,-0.5573618412017822,0.82112717628479,0.12287385761737824,0.4060319662094116,0.14048001170158387,0.9029969573020935],"EasingStyle":"Linear","EasingDirection":"In"}}},{"Time":0.2666666805744171,"poses":{"Left Leg":{"Weight":1,"CFrame":[0.17329654097557069,0.10846161842346192,-0.04368293285369873,0.9105164408683777,0.21217884123325349,0.3548801839351654,-0.3000934422016144,0.9295541644096375,0.21418002247810365,-0.284435898065567,-0.3015116751194,0.9100477695465088],"EasingStyle":"Linear","EasingDirection":"In"},"Right Arm":{"Weight":1,"CFrame":[0.6084796190261841,-0.07382404804229737,0.2326030731201172,0.1638789176940918,-0.23570729792118073,-0.95790696144104,-0.037718091160058978,0.9688277244567871,-0.2448473572731018,0.9857591390609741,0.07625579833984375,0.149880051612854],"EasingStyle":"Linear","EasingDirection":"In"},"Left Arm":{"Weight":1,"CFrame":[-0.08083584904670716,-0.20823386311531068,0.06458604335784912,0.6823656558990479,0.6261334419250488,0.37727177143096926,-0.5710880756378174,0.7787727117538452,-0.2595600187778473,-0.45632824301719668,-0.038340795785188678,0.8889852166175842],"EasingStyle":"Linear","EasingDirection":"In"},"Head":{"Weight":1,"CFrame":[1.043081283569336e-7,1.1920928955078126e-7,1.1920928955078126e-7,0.7460566163063049,0.6623069643974304,-0.06891340017318726,-0.6538152098655701,0.7482161521911621,0.11268655955791474,0.12619519233703614,-0.039013881236314777,0.991237998008728],"EasingStyle":"Linear","EasingDirection":"In"},"Torso":{"Weight":1,"CFrame":[-0.07467317581176758,0.05453011393547058,-0.09621119499206543,0.6072767376899719,-0.777317225933075,-0.1642957627773285,0.7938950657844544,0.6017095446586609,0.08761535584926605,0.030753394588828088,-0.18364036083221436,0.9825122952461243],"EasingStyle":"Linear","EasingDirection":"In"},"HumanoidRootPart":{"Weight":0,"CFrame":[0,0,0,1,0,0,0,1,0,0,0,1],"EasingStyle":"Linear","EasingDirection":"In"},"Right Leg":{"Weight":1,"CFrame":[0.0002340376377105713,-0.028115153312683107,0.05915367603302002,0.7103210091590881,0.5728872418403626,-0.4089551568031311,-0.570782482624054,0.8087982535362244,0.14160802960395814,0.41188764572143557,0.1328372061252594,0.901500403881073],"EasingStyle":"Linear","EasingDirection":"In"}}},{"Time":0.30000001192092898,"poses":{"Left Leg":{"Weight":1,"CFrame":[0.17173433303833009,0.11371952295303345,-0.0443730354309082,0.9184618592262268,0.18069304525852204,0.35182061791419985,-0.2703411281108856,0.9361111521720886,0.22497035562992097,-0.2886926829814911,-0.3017382323741913,0.9086312651634216],"EasingStyle":"Linear","EasingDirection":"In"},"Right Arm":{"Weight":1,"CFrame":[0.6176416277885437,-0.07891198992729187,0.22650957107543946,0.18339385092258454,-0.22796887159347535,-0.9562410116195679,-0.036332275718450549,0.9705027341842651,-0.23833702504634858,0.9823679327964783,0.0784519836306572,0.1697015017271042],"EasingStyle":"Linear","EasingDirection":"In"},"Left Arm":{"Weight":1,"CFrame":[-0.08083570003509522,-0.20823436975479127,0.06458604335784912,0.6789135932922363,0.6299541592597961,0.37713950872421267,-0.5767644047737122,0.7754380106925964,-0.2569797933101654,-0.45433393120765688,-0.04305371269583702,0.8897905349731445],"EasingStyle":"Linear","EasingDirection":"In"},"Head":{"Weight":1,"CFrame":[3.725290298461914e-8,4.470348358154297e-8,-2.980232238769531e-7,0.7294176816940308,0.6809881925582886,-0.06484578549861908,-0.6726940274238586,0.7312738299369812,0.11278868466615677,0.12422776967287064,-0.03864867240190506,0.9915007948875427],"EasingStyle":"Linear","EasingDirection":"In"},"Torso":{"Weight":1,"CFrame":[-0.07016324996948242,0.05350521206855774,-0.09938716888427735,0.6078431010246277,-0.7733111381530762,-0.18032382428646089,0.7934449315071106,0.6004223823547363,0.09969065338373184,0.031178563833236696,-0.20367327332496644,0.9785423278808594],"EasingStyle":"Linear","EasingDirection":"In"},"HumanoidRootPart":{"Weight":0,"CFrame":[0,0,0,1,0,0,0,1,0,0,0,1],"EasingStyle":"Linear","EasingDirection":"In"},"Right Leg":{"Weight":1,"CFrame":[-0.025929778814315797,-0.015249133110046387,0.04644501209259033,0.699867844581604,0.5880042910575867,-0.4055072069168091,-0.5795542597770691,0.7993144989013672,0.15878631174564362,0.41749483346939089,0.1238839402794838,0.9001949429512024],"EasingStyle":"Linear","EasingDirection":"In"}}},{"Time":0.3333333432674408,"poses":{"Left Leg":{"Weight":1,"CFrame":[0.17086488008499146,0.11853408813476563,-0.04527461528778076,0.9244281053543091,0.1511392742395401,0.35012808442115786,-0.24283325672149659,0.9412104487419128,0.2348511517047882,-0.29404890537261965,-0.3021257221698761,0.9067829251289368],"EasingStyle":"Linear","EasingDirection":"In"},"Right Arm":{"Weight":1,"CFrame":[0.625280499458313,-0.08488583564758301,0.2193540334701538,0.20625759661197663,-0.22119978070259095,-0.9531676173210144,-0.034480419009923938,0.971865177154541,-0.23300030827522279,0.9778900742530823,0.08092373609542847,0.19282744824886323],"EasingStyle":"Linear","EasingDirection":"In"},"Left Arm":{"Weight":1,"CFrame":[-0.08083584904670716,-0.20823407173156739,0.06458604335784912,0.6748740673065186,0.6347274780273438,0.3763856589794159,-0.583141028881073,0.7712846994400024,-0.2550811469554901,-0.4522075653076172,-0.047338247299194339,0.8906556963920593],"EasingStyle":"Linear","EasingDirection":"In"},"Head":{"Weight":1,"CFrame":[4.470348358154297e-8,7.450580596923828e-8,-2.384185791015625e-7,0.711289644241333,0.7003173232078552,-0.060188472270965579,-0.6922547817230225,0.7127909660339356,0.11274880170822144,0.1218617632985115,-0.03853125497698784,0.9917989373207092],"EasingStyle":"Linear","EasingDirection":"In"},"Torso":{"Weight":1,"CFrame":[-0.06312888860702515,0.0486815869808197,-0.10229825973510742,0.6089350581169128,-0.769149661064148,-0.19392557442188264,0.792564868927002,0.5999038219451904,0.10934515297412873,0.032233912497758868,-0.22028271853923798,0.9749033451080322],"EasingStyle":"Linear","EasingDirection":"In"},"HumanoidRootPart":{"Weight":0,"CFrame":[0,0,0,1,0,0,0,1,0,0,0,1],"EasingStyle":"Linear","EasingDirection":"In"},"Right Leg":{"Weight":1,"CFrame":[-0.055274009704589847,0.0018640756607055665,0.03105306625366211,0.6935775279998779,0.5982063412666321,-0.4013720750808716,-0.5832499265670776,0.7933258414268494,0.17451007664203645,0.4228118658065796,0.11306396126747132,0.8991366624832153],"EasingStyle":"Linear","EasingDirection":"In"}}},{"Time":0.36666667461395266,"poses":{"Left Leg":{"Weight":1,"CFrame":[0.17071855068206788,0.12297368049621582,-0.04639965295791626,0.9286472201347351,0.12332044541835785,0.3498663902282715,-0.21741794049739839,0.9450985789299011,0.2439635843038559,-0.3005724549293518,-0.30262330174446108,0.904475212097168],"EasingStyle":"Linear","EasingDirection":"In"},"Right Arm":{"Weight":1,"CFrame":[0.6315346956253052,-0.091493159532547,0.2114400863647461,0.23144298791885377,-0.21532073616981507,-0.9487207531929016,-0.03228216618299484,0.9729620218276978,-0.22869795560836793,0.9723128080368042,0.08355728536844254,0.21823418140411378],"EasingStyle":"Linear","EasingDirection":"In"},"Left Arm":{"Weight":1,"CFrame":[-0.0808357298374176,-0.20823436975479127,0.06458616256713867,0.6704074144363403,0.6402392387390137,0.37503042817115786,-0.5900288224220276,0.7664700150489807,-0.2537509799003601,-0.4499109387397766,-0.051162365823984149,0.8916067481040955],"EasingStyle":"Linear","EasingDirection":"In"},"Head":{"Weight":1,"CFrame":[6.705522537231445e-8,1.043081283569336e-7,-1.7881393432617188e-7,0.6920943856239319,0.7197004556655884,-0.055106278508901599,-0.7118911147117615,0.693205714225769,0.11259207129478455,0.11923255026340485,-0.03869462013244629,0.9921121001243591],"EasingStyle":"Linear","EasingDirection":"In"},"Torso":{"Weight":1,"CFrame":[-0.05386686325073242,0.040892064571380618,-0.10487627983093262,0.6106878519058228,-0.7647891640663147,-0.2053241729736328,0.7911490797996521,0.6003372073173523,0.11695493757724762,0.03381785377860069,-0.23386499285697938,0.971680760383606],"EasingStyle":"Linear","EasingDirection":"In"},"HumanoidRootPart":{"Weight":0,"CFrame":[0,0,0,1,0,0,0,1,0,0,0,1],"EasingStyle":"Linear","EasingDirection":"In"},"Right Leg":{"Weight":1,"CFrame":[-0.09007292985916138,0.025142014026641847,0.011512041091918946,0.6928145885467529,0.6023145914077759,-0.3965163230895996,-0.5804926156997681,0.7920563817024231,0.18887844681739808,0.4278275966644287,0.09931701421737671,0.8983873128890991],"EasingStyle":"Linear","EasingDirection":"In"}}},{"Time":0.4000000059604645,"poses":{"Left Leg":{"Weight":1,"CFrame":[0.1713193953037262,0.1270986795425415,-0.04776561260223389,0.9313035607337952,0.09701914340257645,0.35108545422554018,-0.19391809403896333,0.9479851722717285,0.252428263425827,-0.30833348631858828,-0.3031691610813141,0.9016757607460022],"EasingStyle":"Linear","EasingDirection":"In"},"Right Arm":{"Weight":1,"CFrame":[0.6365427374839783,-0.09848067164421082,0.20307087898254395,0.2579236626625061,-0.21025966107845307,-0.9430091977119446,-0.029846662655472757,0.9738331437110901,-0.22529593110084535,0.9657042622566223,0.08625494688749314,0.24489907920360566],"EasingStyle":"Linear","EasingDirection":"In"},"Left Arm":{"Weight":1,"CFrame":[-0.0808359682559967,-0.2082342803478241,0.06458604335784912,0.6656773686408997,0.6462782025337219,0.37309277057647707,-0.5972431898117065,0.7611536383628845,-0.2528747022151947,-0.44740837812423708,-0.05449431389570236,0.8926680684089661],"EasingStyle":"Linear","EasingDirection":"In"},"Head":{"Weight":1,"CFrame":[8.195638656616211e-8,7.450580596923828e-9,-5.364418029785156e-7,0.672313928604126,0.738591730594635,-0.049762479960918429,-0.731045126914978,0.6730145812034607,0.11235857009887696,0.11647795885801316,-0.03916160762310028,0.9924209713935852],"EasingStyle":"Linear","EasingDirection":"In"},"Torso":{"Weight":1,"CFrame":[-0.04266887903213501,0.0309639573097229,-0.10709285736083985,0.6132398843765259,-0.7601482272148132,-0.2147362381219864,0.7890838980674744,0.6018679738044739,0.12288904935121536,0.03582898899912834,-0.24480533599853517,0.9689100384712219],"EasingStyle":"Linear","EasingDirection":"In"},"HumanoidRootPart":{"Weight":0,"CFrame":[0,0,0,1,0,0,0,1,0,0,0,1],"EasingStyle":"Linear","EasingDirection":"In"},"Right Leg":{"Weight":1,"CFrame":[-0.14019009470939637,0.06228041648864746,-0.0182417631149292,0.7025676965713501,0.5946611166000366,-0.39086684584617617,-0.564838171005249,0.8000990152359009,0.20198886096477509,0.43284714221954348,0.07886561006307602,0.8980109691619873],"EasingStyle":"Linear","EasingDirection":"In"}}},{"Time":0.4333333373069763,"poses":{"Left Leg":{"Weight":1,"CFrame":[0.1726859211921692,0.1309598684310913,-0.04938971996307373,0.9325368404388428,0.0720081776380539,0.35382184386253359,-0.17214153707027436,0.950045108795166,0.2603490948677063,-0.31739944219589236,-0.30369243025779726,0.8983476161956787],"EasingStyle":"Linear","EasingDirection":"In"},"Right Arm":{"Weight":1,"CFrame":[0.6404428482055664,-0.1055942177772522,0.1945502758026123,0.28468555212020876,-0.20595261454582215,-0.9362359642982483,-0.02727816067636013,0.9745128154754639,-0.22266755998134614,0.9582328200340271,0.08892900496721268,0.27181151509284975],"EasingStyle":"Linear","EasingDirection":"In"},"Left Arm":{"Weight":1,"CFrame":[-0.08083584904670716,-0.20823389291763307,0.06458604335784912,0.6608495116233826,0.652641236782074,0.3705909848213196,-0.6046071648597717,0.7554970979690552,-0.25233790278434756,-0.44466644525527956,-0.05730452388525009,0.8938612937927246],"EasingStyle":"Linear","EasingDirection":"In"},"Head":{"Weight":1,"CFrame":[7.450580596923828e-8,-2.9802322387695315e-8,2.384185791015625e-7,0.6524871587753296,0.7565028667449951,-0.044317666441202167,-0.7492159605026245,0.6527695655822754,0.1121048554778099,0.11373689025640488,-0.03994345664978027,0.9927077293395996],"EasingStyle":"Linear","EasingDirection":"In"},"Torso":{"Weight":1,"CFrame":[-0.029820501804351808,0.019718170166015626,-0.10895061492919922,0.6167319416999817,-0.7551112771034241,-0.22237083315849305,0.7862475514411926,0.6046125888824463,0.12750859558582307,0.038165025413036349,-0.2534770965576172,0.9665883183479309],"EasingStyle":"Linear","EasingDirection":"In"},"HumanoidRootPart":{"Weight":0,"CFrame":[0,0,0,1,0,0,0,1,0,0,0,1],"EasingStyle":"Linear","EasingDirection":"In"},"Right Leg":{"Weight":1,"CFrame":[-0.18899700045585633,0.10456275939941406,-0.04903841018676758,0.7154057621955872,0.5835203528404236,-0.3843157887458801,-0.5458447933197022,0.810114860534668,0.2139333188533783,0.43617451190948489,0.056727636605501178,0.8980723023414612],"EasingStyle":"Linear","EasingDirection":"In"}}},{"Time":0.46666666865348818,"poses":{"Left Leg":{"Weight":1,"CFrame":[0.17482835054397584,0.13460171222686768,-0.051293253898620608,0.9324464797973633,0.04804997518658638,0.3580988347530365,-0.15188124775886537,0.9514230489730835,0.2678179144859314,-0.3278348743915558,-0.30411431193351748,0.8944488763809204],"EasingStyle":"Linear","EasingDirection":"In"},"Right Arm":{"Weight":1,"CFrame":[0.6433737277984619,-0.11258161067962647,0.18618106842041017,0.31074079871177676,-0.20234385132789613,-0.9287072420120239,-0.024680253118276597,0.9750307202339172,-0.22069469094276429,0.9501743316650391,0.09149957448244095,0.29798778891563418],"EasingStyle":"Linear","EasingDirection":"In"},"Left Arm":{"Weight":1,"CFrame":[-0.08083584904670716,-0.20823383331298829,0.06458604335784912,0.6560940742492676,0.6591310501098633,0.3675417900085449,-0.6119507551193237,0.7496655583381653,-0.25202709436416628,-0.4416523575782776,-0.059564054012298587,0.8952069282531738],"EasingStyle":"Linear","EasingDirection":"In"},"Head":{"Weight":1,"CFrame":[8.940696716308594e-8,1.4901161193847657e-8,0,0.6332029104232788,0.77300626039505,-0.03892841562628746,-0.7659638524055481,0.6330695152282715,0.11190378665924072,0.11114675551652909,-0.041039980947971347,0.992956280708313],"EasingStyle":"Linear","EasingDirection":"In"},"Torso":{"Weight":1,"CFrame":[-0.015601754188537598,0.007969796657562256,-0.1104738712310791,0.6213036179542542,-0.7495343089103699,-0.22842994332313538,0.7825111746788025,0.6086637377738953,0.13116736710071565,0.0407225601375103,-0.2602437138557434,0.9646838307380676],"EasingStyle":"Linear","EasingDirection":"In"},"HumanoidRootPart":{"Weight":0,"CFrame":[0,0,0,1,0,0,0,1,0,0,0,1],"EasingStyle":"Linear","EasingDirection":"In"},"Right Leg":{"Weight":1,"CFrame":[-0.1852397322654724,0.10993808507919312,-0.048757851123809817,0.7059471607208252,0.5997647643089294,-0.3767237961292267,-0.5584384799003601,0.7985057830810547,0.22479990124702454,0.4356432557106018,0.05168023705482483,0.8986347317695618],"EasingStyle":"Linear","EasingDirection":"In"}}},{"Time":0.5,"poses":{"Left Leg":{"Weight":1,"CFrame":[0.17775028944015504,0.13806432485580445,-0.05349856615066528,0.9310956001281738,0.02490612491965294,0.36392396688461306,-0.13292428851127625,0.9522353410720825,0.27491649985313418,-0.33969423174858096,-0.30434781312942507,0.8899328112602234],"EasingStyle":"Linear","EasingDirection":"In"},"Right Arm":{"Weight":1,"CFrame":[0.645473837852478,-0.11918902397155762,0.17826712131500245,0.33513984084129336,-0.19938600063323975,-0.9208293557167053,-0.02215891145169735,0.9754127264022827,-0.2192697674036026,0.9419078826904297,0.09389068931341171,0.3224814236164093],"EasingStyle":"Linear","EasingDirection":"In"},"Left Arm":{"Weight":1,"CFrame":[-0.08083587884902954,-0.20823413133621217,0.06458592414855957,0.6515846848487854,0.6655588150024414,0.36396288871765139,-0.6191129088401794,0.7438283562660217,-0.25183048844337466,-0.43833404779434206,-0.06124536320567131,0.8967231512069702],"EasingStyle":"Linear","EasingDirection":"In"},"Head":{"Weight":1,"CFrame":[1.4901161193847657e-8,0,-1.7881393432617188e-7,0.6150893568992615,0.7877349257469177,-0.033746495842933658,-0.7809088230133057,0.6145506501197815,0.11184348911046982,0.1088419035077095,-0.04244077205657959,0.9931526780128479],"EasingStyle":"Linear","EasingDirection":"In"},"Torso":{"Weight":1,"CFrame":[-0.00028651952743530273,-0.0034711360931396486,-0.11170530319213867,0.6270909905433655,-0.7432480454444885,-0.23310799896717072,0.7777363061904907,0.6140955090522766,0.1342128962278366,0.043397076427936557,-0.26546022295951846,0.9631447196006775],"EasingStyle":"Linear","EasingDirection":"In"},"HumanoidRootPart":{"Weight":0,"CFrame":[0,0,0,1,0,0,0,1,0,0,0,1],"EasingStyle":"Linear","EasingDirection":"In"},"Right Leg":{"Weight":1,"CFrame":[-0.18087080121040345,0.11482399702072144,-0.048202693462371829,0.6983978152275086,0.6138995289802551,-0.36792394518852236,-0.569097101688385,0.7880722880363464,0.2346709668636322,0.43401509523391726,0.04549071937799454,0.8997564911842346],"EasingStyle":"Linear","EasingDirection":"In"}}},{"Time":0.5333333611488342,"poses":{"Left Leg":{"Weight":1,"CFrame":[0.1814473569393158,0.14138507843017579,-0.05603218078613281,0.9285147190093994,0.0023400115314871074,0.3712884485721588,-0.11505302786827088,0.9525737166404724,0.28172001242637637,-0.35302042961120608,-0.30429893732070925,0.8847479224205017],"EasingStyle":"Linear","EasingDirection":"In"},"Right Arm":{"Weight":1,"CFrame":[0.6468817591667175,-0.12516269087791444,0.17111170291900636,0.3569777011871338,-0.19703860580921174,-0.9130951166152954,-0.019824158400297166,0.9756815433502197,-0.21829470992088319,0.9339026212692261,0.09602770209312439,0.34439030289649966],"EasingStyle":"Linear","EasingDirection":"In"},"Left Arm":{"Weight":1,"CFrame":[-0.08083584904670716,-0.20823389291763307,0.06458604335784912,0.6474994421005249,0.6717424392700195,0.35987046360969546,-0.6259393095970154,0.738158643245697,-0.2516384720802307,-0.43467769026756289,-0.06232135742902756,0.8984272480010986],"EasingStyle":"Linear","EasingDirection":"In"},"Head":{"Weight":1,"CFrame":[8.195638656616211e-8,-3.725290298461914e-8,2.384185791015625e-7,0.5988011956214905,0.8003754615783691,-0.028918877243995668,-0.7937242984771729,0.5978729128837586,0.11202575266361237,0.10695245862007141,-0.04412749782204628,0.9932844638824463],"EasingStyle":"Linear","EasingDirection":"In"},"Torso":{"Weight":1,"CFrame":[0.015857934951782228,-0.013798266649246216,-0.11269807815551758,0.6342244744300842,-0.736059844493866,-0.23659107089042664,0.771774411201477,0.6209658980369568,0.13698798418045045,0.04608363285660744,-0.269476056098938,0.9619038105010986],"EasingStyle":"Linear","EasingDirection":"In"},"HumanoidRootPart":{"Weight":0,"CFrame":[0,0,0,1,0,0,0,1,0,0,0,1],"EasingStyle":"Linear","EasingDirection":"In"},"Right Leg":{"Weight":1,"CFrame":[-0.1757933795452118,0.11925911903381348,-0.0473482608795166,0.6928583979606628,0.6260831356048584,-0.35772496461868288,-0.5779873132705689,0.7788316607475281,0.24362283945083619,0.4311356842517853,0.03796431049704552,0.9014881253242493],"EasingStyle":"Linear","EasingDirection":"In"}}},{"Time":0.5666666626930237,"poses":{"Left Leg":{"Weight":1,"CFrame":[0.18590745329856873,0.14459872245788575,-0.058921754360198978,0.92470383644104,-0.019880320876836778,0.38016781210899355,-0.09804973751306534,0.952506422996521,0.2883017361164093,-0.3678438365459442,-0.3038690686225891,0.878836989402771],"EasingStyle":"Linear","EasingDirection":"In"},"Right Arm":{"Weight":1,"CFrame":[0.6477354764938355,-0.13025027513504029,0.16501832008361817,0.37539294362068179,-0.1952674835920334,-0.9060632586479187,-0.01779082417488098,0.9758579730987549,-0.2176801562309265,0.9266950488090515,0.09783526510000229,0.36285626888275149],"EasingStyle":"Linear","EasingDirection":"In"},"Left Arm":{"Weight":1,"CFrame":[-0.08083578944206238,-0.20823392271995545,0.06458604335784912,0.644020140171051,0.6775064468383789,0.355278879404068,-0.6322818398475647,0.7328339219093323,-0.2513446807861328,-0.4306480586528778,-0.06276537477970123,0.900334894657135],"EasingStyle":"Linear","EasingDirection":"In"},"Head":{"Weight":1,"CFrame":[4.470348358154297e-8,6.705522537231445e-8,0,0.5850074291229248,0.8106551766395569,-0.024589084088802339,-0.8041235208511353,0.5837081670761108,0.11256243288516998,0.1056021898984909,-0.04607710242271423,0.9933403730392456],"EasingStyle":"Linear","EasingDirection":"In"},"Torso":{"Weight":1,"CFrame":[0.032572150230407718,-0.022207826375961305,-0.11351323127746582,0.6428258419036865,-0.7277550101280212,-0.23905564844608308,0.7644641995429993,0.6293182969093323,0.13983246684074403,0.04867829754948616,-0.27263742685317995,0.9608846306800842],"EasingStyle":"Linear","EasingDirection":"In"},"HumanoidRootPart":{"Weight":0,"CFrame":[0,0,0,1,0,0,0,1,0,0,0,1],"EasingStyle":"Linear","EasingDirection":"In"},"Right Leg":{"Weight":1,"CFrame":[-0.16990000009536744,0.12327587604522705,-0.04617542028427124,0.6894094944000244,0.6364426016807556,-0.34591221809387209,-0.5852605104446411,0.7707822322845459,0.2517241835594177,0.4268310070037842,0.02890763059258461,0.9038693308830261],"EasingStyle":"Linear","EasingDirection":"In"}}},{"Time":0.6000000238418579,"poses":{"Left Leg":{"Weight":1,"CFrame":[0.19111016392707826,0.1477411985397339,-0.062198758125305179,0.919636607170105,-0.04197947308421135,0.3905203938484192,-0.08169767260551453,0.9520803093910217,0.2947348952293396,-0.38417959213256838,-0.3029535710811615,0.8721383213996887],"EasingStyle":"Linear","EasingDirection":"In"},"Right Arm":{"Weight":1,"CFrame":[0.648173987865448,-0.13419798016548158,0.16029000282287599,0.38955914974212649,-0.194041445851326,-0.9003285765647888,-0.01617957465350628,0.9759612679481506,-0.21734285354614259,0.9208593368530273,0.09923483431339264,0.3770551085472107],"EasingStyle":"Linear","EasingDirection":"In"},"Left Arm":{"Weight":1,"CFrame":[-0.08083575963973999,-0.20823413133621217,0.06458616256713867,0.6413337588310242,0.6826784014701843,0.35020169615745547,-0.6379966139793396,0.7280367612838745,-0.2508445382118225,-0.42620575428009035,-0.06255252659320831,0.9024609923362732],"EasingStyle":"Linear","EasingDirection":"In"},"Head":{"Weight":1,"CFrame":[8.940696716308594e-8,5.960464477539063e-8,-5.960464477539063e-8,0.57437664270401,0.8183243274688721,-0.020900467410683633,-0.8118409514427185,0.5727266073226929,0.11357186734676361,0.10490889847278595,-0.048265162855386737,0.9933099746704102],"EasingStyle":"Linear","EasingDirection":"In"},"Torso":{"Weight":1,"CFrame":[0.04960542917251587,-0.0278967022895813,-0.11421847343444824,0.6530040502548218,-0.7180982828140259,-0.24066710472106934,0.7556300163269043,0.6391792893409729,0.14308501780033112,0.05108029395341873,-0.2752903401851654,0.9600032567977905],"EasingStyle":"Linear","EasingDirection":"In"},"HumanoidRootPart":{"Weight":0,"CFrame":[0,0,0,1,0,0,0,1,0,0,0,1],"EasingStyle":"Linear","EasingDirection":"In"},"Right Leg":{"Weight":1,"CFrame":[-0.1630723476409912,0.1269039511680603,-0.04467320442199707,0.6881099343299866,0.6450704336166382,-0.3322482705116272,-0.5910546779632568,0.7639080882072449,0.25903478264808657,0.42090272903442385,0.01813243329524994,0.9069244861602783],"EasingStyle":"Linear","EasingDirection":"In"}}},{"Time":0.6333333253860474,"poses":{"Left Leg":{"Weight":1,"CFrame":[0.19702553749084474,0.15084904432296754,-0.06589668989181519,0.9132616519927979,-0.06416822224855423,0.4022878110408783,-0.06578802317380905,0.9513224363327026,0.30109378695487978,-0.40202611684799197,-0.3014432489871979,0.8645849227905273],"EasingStyle":"Linear","EasingDirection":"In"},"Right Arm":{"Weight":1,"CFrame":[0.6483358144760132,-0.13675183057785035,0.15723073482513429,0.3986653685569763,-0.19333109259605409,-0.8964871168136597,-0.015116330236196518,0.9760094881057739,-0.21720272302627564,0.9169719219207764,0.10014282166957855,0.3861786425113678],"EasingStyle":"Linear","EasingDirection":"In"},"Left Arm":{"Weight":1,"CFrame":[-0.08083584904670716,-0.20823386311531068,0.06458592414855957,0.6396300792694092,0.6870887875556946,0.3446483314037323,-0.6429417133331299,0.723952651023