{"Sequence":[{"Time":0,"poses":{"Left Leg":{"Weight":1,"CFrame":[-0.7336438298225403,0.11151528358459473,0.03476095199584961,0.8424723744392395,-0.5361584424972534,0.052672576159238818,0.5342377424240112,0.8440428972244263,0.046707380563020709,-0.06950049847364426,-0.011209946125745774,0.9975189566612244],"EasingStyle":"Linear","EasingDirection":"In"},"Right Arm":{"Weight":1,"CFrame":[-0.046805933117866519,-0.3043118715286255,-0.009854495525360108,0.8560186624526978,-0.3112868368625641,0.41271376609802248,0.21565183997154237,0.9406181573867798,0.262167364358902,-0.4698152542114258,-0.13541769981384278,0.8723162412643433],"EasingStyle":"Linear","EasingDirection":"In"},"Left Arm":{"Weight":1,"CFrame":[0.02274070680141449,-0.25014764070510867,0.03411102294921875,0.8620309233665466,0.3286929726600647,-0.38582852482795718,-0.2613195478916168,0.9404640793800354,0.2173462212085724,0.43429800868034365,-0.08653460443019867,0.896602988243103],"EasingStyle":"Linear","EasingDirection":"In"},"Head":{"Weight":1,"CFrame":[8.742274104633907e-8,2.9802322387695315e-8,-2.384185791015625e-7,1,-6.357301884918343e-8,8.742277657347586e-8,6.357302595461079e-8,1,-8.940696716308594e-8,-8.74227694680485e-8,8.94069742685133e-8,1],"EasingStyle":"Linear","EasingDirection":"In"},"Torso":{"Weight":1,"CFrame":[0,0.0799366682767868,-0.35181760787963869,1,0,-8.742277657347586e-8,8.735355550015811e-9,0.9949954152107239,0.09992082417011261,8.698525988393158e-8,-0.09992082417011261,0.9949954152107239],"EasingStyle":"Linear","EasingDirection":"In"},"HumanoidRootPart":{"Weight":0,"CFrame":[0,0,0,1,0,0,0,1,0,0,0,1],"EasingStyle":"Linear","EasingDirection":"In"},"Right Leg":{"Weight":1,"CFrame":[0.7159420251846314,0.114082932472229,0.057775139808654788,0.8403216004371643,0.5354102253913879,-0.08482538908720017,-0.5331243872642517,0.8445845246315002,0.04955216124653816,0.09817299991846085,0.0035827343817800285,0.9951629042625427],"EasingStyle":"Linear","EasingDirection":"In"}}},{"Time":0.01666666753590107,"poses":{"Left Leg":{"Weight":1,"CFrame":[-0.6718735694885254,0.07522475719451904,0.03343641757965088,0.8594177961349487,-0.5084953308105469,0.05323096364736557,0.5066584348678589,0.8609890341758728,0.04466667026281357,-0.06854412704706192,-0.01141741219907999,0.997582733631134],"EasingStyle":"Linear","EasingDirection":"In"},"Right Arm":{"Weight":1,"CFrame":[-0.10405085235834122,-0.3011666536331177,-0.009798407554626465,0.8815792798995972,-0.20176242291927339,0.4267432391643524,0.10553880780935288,0.9654111862182617,0.23841719329357148,-0.4600863754749298,-0.16514572501182557,0.8723803162574768],"EasingStyle":"Linear","EasingDirection":"In"},"Left Arm":{"Weight":1,"CFrame":[0.06731677800416947,-0.24634239077568055,0.03716921806335449,0.8789453506469727,0.20058421790599824,-0.43269047141075137,-0.12996414303779603,0.9736558794975281,0.1873592734336853,0.4588729739189148,-0.10844438523054123,0.8818590641021729],"EasingStyle":"Linear","EasingDirection":"In"},"Head":{"Weight":1,"CFrame":[8.777715265750885e-8,-3.902641765307635e-8,2.384185791015625e-7,0.9998555779457092,-0.01488840114325285,0.00819377601146698,0.014855525456368924,0.999881386756897,0.004058616701513529,-0.008253229781985283,-0.003936307970434427,0.9999582171440125],"EasingStyle":"Linear","EasingDirection":"In"},"Torso":{"Weight":1,"CFrame":[0.0006624099332839251,0.08005160093307495,-0.28682398796081545,0.9999006390571594,0.01407091785222292,0.0008279249886982143,-0.01408313773572445,0.994881272315979,0.10006449371576309,0.0005843124235980213,-0.10006621479988098,0.9949806332588196],"EasingStyle":"Linear","EasingDirection":"In"},"HumanoidRootPart":{"Weight":0,"CFrame":[0,0,0,1,0,0,0,1,0,0,0,1],"EasingStyle":"Linear","EasingDirection":"In"},"Right Leg":{"Weight":1,"CFrame":[0.6584704518318176,0.09629476070404053,0.05329132080078125,0.8614562749862671,0.5006994605064392,-0.08481146395206452,-0.49755188822746279,0.8655974864959717,0.05641978234052658,0.10166200995445252,-0.006405070424079895,0.9947983622550964],"EasingStyle":"Linear","EasingDirection":"In"}}},{"Time":0.03333333507180214,"poses":{"Left Leg":{"Weight":1,"CFrame":[-0.6105528473854065,0.033297836780548099,0.02291882038116455,0.8759145140647888,-0.4808238744735718,0.039776723831892017,0.47937801480293276,0.8766582608222961,0.04082882031798363,-0.05450209975242615,-0.016694504767656328,0.9983741044998169],"EasingStyle":"Linear","EasingDirection":"In"},"Right Arm":{"Weight":1,"CFrame":[-0.16204951703548432,-0.29254424571990969,-0.009405732154846192,0.8965938091278076,-0.10914779454469681,0.4291927218437195,0.013707291334867478,0.9755272269248962,0.21945101022720338,-0.4426417350769043,-0.19087539613246919,0.8761477470397949],"EasingStyle":"Linear","EasingDirection":"In"},"Left Arm":{"Weight":1,"CFrame":[0.11784924566745758,-0.23591074347496034,0.04571390151977539,0.8712821006774902,0.08282876014709473,-0.48374271392822268,-0.007751485798507929,0.9878551959991455,0.15518377721309663,0.49072128534317019,-0.13145914673805238,0.8613425493240356],"EasingStyle":"Linear","EasingDirection":"In"},"Head":{"Weight":1,"CFrame":[8.66129994392395e-8,1.1088559404015541e-8,-5.960464477539063e-8,0.9979952573776245,-0.055483896285295489,0.030446790158748628,0.05528649315237999,0.9984439611434937,0.007288170978426933,-0.030803794041275979,-0.005590260028839111,0.9995098114013672],"EasingStyle":"Linear","EasingDirection":"In"},"Torso":{"Weight":1,"CFrame":[0.001927343662828207,0.08039818704128266,-0.21880149841308595,0.9992586970329285,0.038422711193561557,0.0024090923834592106,-0.038470227271318439,0.9941932559013367,0.10049774497747421,0.0014662921894341708,-0.1005159243941307,0.9949343800544739],"EasingStyle":"Linear","EasingDirection":"In"},"HumanoidRootPart":{"Weight":0,"CFrame":[0,0,0,1,0,0,0,1,0,0,0,1],"EasingStyle":"Linear","EasingDirection":"In"},"Right Leg":{"Weight":1,"CFrame":[0.595994770526886,0.09514397382736206,0.056874871253967288,0.8798857927322388,0.4644668698310852,-0.10035696625709534,-0.458347886800766,0.8852865695953369,0.07864414900541306,0.12537232041358949,-0.023199552670121194,0.9918384552001953],"EasingStyle":"Linear","EasingDirection":"In"}}},{"Time":0.05000000074505806,"poses":{"Left Leg":{"Weight":1,"CFrame":[-0.5436058044433594,-0.010444998741149903,0.008000850677490235,0.8924944996833801,-0.45076829195022585,0.016172805801033975,0.45005515217781069,0.8923269510269165,0.034684423357248309,-0.030066104605793954,-0.0236770361661911,0.9992674589157105],"EasingStyle":"Linear","EasingDirection":"In"},"Right Arm":{"Weight":1,"CFrame":[-0.21949422359466554,-0.27966099977493288,-0.00833982229232788,0.905697226524353,-0.03391529619693756,0.422566294670105,-0.060489073395729068,0.9762561321258545,0.20800238847732545,-0.4195873737335205,-0.21394799649715424,0.8821409940719605],"EasingStyle":"Linear","EasingDirection":"In"},"Left Arm":{"Weight":1,"CFrame":[0.17221999168395997,-0.22032397985458375,0.05880093574523926,0.8437831401824951,-0.021694382652640344,-0.5362457036972046,0.10202591866254807,0.9874456524848938,0.12058951705694199,0.5268973112106323,-0.15646235644817353,0.835403323173523],"EasingStyle":"Linear","EasingDirection":"In"},"Head":{"Weight":1,"CFrame":[8.568167686462403e-8,3.707828000187874e-8,0,0.9912893176078796,-0.115501269698143,0.06328431516885758,0.11500822752714157,0.9932992458343506,0.01139135006815195,-0.06417599320411682,-0.004013892263174057,0.9979305267333984],"EasingStyle":"Linear","EasingDirection":"In"},"Torso":{"Weight":1,"CFrame":[0.003804577514529228,0.08095628023147583,-0.14964079856872559,0.9972860813140869,0.07347004860639572,0.004755635280162096,-0.07357367128133774,0.9921423196792603,0.10119536519050598,0.0027165606152266266,-0.10127062350511551,0.9948552250862122],"EasingStyle":"Linear","EasingDirection":"In"},"HumanoidRootPart":{"Weight":0,"CFrame":[0,0,0,1,0,0,0,1,0,0,0,1],"EasingStyle":"Linear","EasingDirection":"In"},"Right Leg":{"Weight":1,"CFrame":[0.5312338471412659,0.10668396949768067,0.06461226940155029,0.895049512386322,0.4270545542240143,-0.12849411368370057,-0.41491803526878359,0.9030476808547974,0.11112122237682343,0.16349121928215028,-0.04614453390240669,0.9854650497436523],"EasingStyle":"Linear","EasingDirection":"In"}}},{"Time":0.06666667014360428,"poses":{"Left Leg":{"Weight":1,"CFrame":[-0.46137845516204836,-0.051163315773010257,-0.006724834442138672,0.9102542400360107,-0.4138255715370178,-0.013621989637613297,0.41404587030410769,0.9098955988883972,0.025612670928239824,0.001795368967577815,-0.028954170644283296,0.999579131603241],"EasingStyle":"Linear","EasingDirection":"In"},"Right Arm":{"Weight":1,"CFrame":[-0.27507758140563967,-0.26373428106307986,-0.006264209747314453,0.9120578169822693,0.024746330454945566,0.40931421518325808,-0.11873321980237961,0.9713554382324219,0.20584210753440858,-0.3924958109855652,-0.23633919656276704,0.8888705968856812],"EasingStyle":"Linear","EasingDirection":"In"},"Left Arm":{"Weight":1,"CFrame":[0.22831104695796967,-0.201055109500885,0.07548558712005615,0.8014355301856995,-0.11162209510803223,-0.5875725746154785,0.1976480484008789,0.9766632318496704,0.08404894173145294,0.5644788146018982,-0.1834924817085266,0.8047944903373718],"EasingStyle":"Linear","EasingDirection":"In"},"Head":{"Weight":1,"CFrame":[8.475035429000855e-8,1.0011717677116394e-8,0,0.976736307144165,-0.18809138238430024,0.10299405455589295,0.1872350126504898,0.9821500778198242,0.01800805702805519,-0.10454277694225311,0.0016949750715866685,0.9945189356803894],"EasingStyle":"Linear","EasingDirection":"In"},"Torso":{"Weight":1,"CFrame":[0.006311703473329544,0.08168023824691773,-0.08123135566711426,0.9927958846092224,0.11955765634775162,0.00788954272866249,-0.11973629891872406,0.9875417947769165,0.10210031270980835,0.004415622912347317,-0.1023094430565834,0.9947428107261658],"EasingStyle":"Linear","EasingDirection":"In"},"HumanoidRootPart":{"Weight":0,"CFrame":[0,0,0,1,0,0,0,1,0,0,0,1],"EasingStyle":"Linear","EasingDirection":"In"},"Right Leg":{"Weight":1,"CFrame":[0.4656791090965271,0.12784308195114137,0.07331490516662598,0.9064029455184937,0.387957364320755,-0.16710102558135987,-0.36572423577308657,0.9186963438987732,0.14914026856422425,0.21137522161006928,-0.07406831532716751,0.9745944738388062],"EasingStyle":"Linear","EasingDirection":"In"}}},{"Time":0.0833333358168602,"poses":{"Left Leg":{"Weight":1,"CFrame":[-0.3429436683654785,-0.08115339279174805,-0.015725314617156984,0.9322248697280884,-0.35906949639320376,-0.04501015692949295,0.3599552810192108,0.9328769445419312,0.013143746182322503,0.03726936876773834,-0.02845458686351776,0.9989000558853149],"EasingStyle":"Linear","EasingDirection":"In"},"Right Arm":{"Weight":1,"CFrame":[-0.3274920582771301,-0.24598181247711183,-0.002841949462890625,0.917577862739563,0.06832823902368546,0.39164021611213686,-0.1631048619747162,0.9630954265594482,0.21411187946796418,-0.3625570833683014,-0.26034295558929446,0.894859790802002],"EasingStyle":"Linear","EasingDirection":"In"},"Left Arm":{"Weight":1,"CFrame":[0.2840045094490051,-0.17957735061645509,0.09482347965240479,0.7491864562034607,-0.1868276596069336,-0.6354645490646362,0.2786903977394104,0.9592525959014893,0.0465424582362175,0.6008754968643189,-0.21196678280830384,0.7707260251045227],"EasingStyle":"Linear","EasingDirection":"In"},"Head":{"Weight":1,"CFrame":[8.568167686462403e-8,3.888271749019623e-8,1.1920928955078126e-7,0.9529615640640259,-0.26585423946380618,0.14555321633815766,0.2646254301071167,0.963941752910614,0.0281008780002594,-0.1477755457162857,0.011738024652004242,0.9889512658119202],"EasingStyle":"Linear","EasingDirection":"In"},"Torso":{"Weight":1,"CFrame":[0.009490231052041054,0.08250181376934052,-0.015462875366210938,0.9841048717498779,0.17719173431396485,0.011862700805068016,-0.1774633377790451,0.9787091016769409,0.10312727093696594,0.006663166452199221,-0.10359324514865875,0.9945974349975586],"EasingStyle":"Linear","EasingDirection":"In"},"HumanoidRootPart":{"Weight":0,"CFrame":[0,0,0,1,0,0,0,1,0,0,0,1],"EasingStyle":"Linear","EasingDirection":"In"},"Right Leg":{"Weight":1,"CFrame":[0.4009557366371155,0.15567636489868165,0.08032310009002686,0.9134941697120667,0.34632381796836855,-0.21351391077041627,-0.309464693069458,0.9321499466896057,0.18795783817768098,0.26412126421928408,-0.10562338680028916,0.958688497543335],"EasingStyle":"Linear","EasingDirection":"In"}}},{"Time":0.10000000149011612,"poses":{"Left Leg":{"Weight":1,"CFrame":[-0.14486898481845857,-0.08176374435424805,-0.010616898536682129,0.9633557200431824,-0.25841087102890017,-0.0719001367688179,0.2587606906890869,0.9659306406974793,-0.004565679468214512,0.07063028216362,-0.014206538908183575,0.9974013566970825],"EasingStyle":"Linear","EasingDirection":"In"},"Right Arm":{"Weight":1,"CFrame":[-0.37543004751205447,-0.22762098908424378,0.0022630691528320314,0.92319655418396,0.09863462299108505,0.3714556396007538,-0.19573715329170228,0.952434778213501,0.23357002437114716,-0.3307492434978485,-0.2883387804031372,0.8985909819602966],"EasingStyle":"Linear","EasingDirection":"In"},"Left Arm":{"Weight":1,"CFrame":[0.33718228340148928,-0.15736347436904908,0.11586987972259522,0.6917423605918884,-0.24813145399093629,-0.6781764626502991,0.3457278609275818,0.9382883310317993,0.009342283010482788,0.634006917476654,-0.24092701077461244,0.7348397374153137],"EasingStyle":"Linear","EasingDirection":"In"},"Head":{"Weight":1,"CFrame":[8.009374141693115e-8,5.541369318962097e-8,-3.5762786865234377e-7,0.9211591482162476,-0.34138375520706179,0.18687674403190614,0.339781790971756,0.9395856857299805,0.04155769944190979,-0.18977384269237519,0.02521607093513012,0.981503963470459],"EasingStyle":"Linear","EasingDirection":"In"},"Torso":{"Weight":1,"CFrame":[0.013418145477771759,0.08332496881484986,0.0457761287689209,0.9688233733177185,0.24718402326107026,0.016772601753473283,-0.24756675958633424,0.9632560014724731,0.1041562631726265,0.00958945881575346,-0.1050613597035408,0.994419515132904],"EasingStyle":"Linear","EasingDirection":"In"},"HumanoidRootPart":{"Weight":0,"CFrame":[0,0,0,1,0,0,0,1,0,0,0,1],"EasingStyle":"Linear","EasingDirection":"In"},"Right Leg":{"Weight":1,"CFrame":[0.3398820161819458,0.18715691566467286,0.08368837833404541,0.916409432888031,0.30130329728126528,-0.2634580433368683,-0.24607233703136445,0.9432846903800964,0.22285044193267823,0.3156615197658539,-0.13939256966114045,0.93857741355896],"EasingStyle":"Linear","EasingDirection":"In"}}},{"Time":0.11666666716337204,"poses":{"Left Leg":{"Weight":1,"CFrame":[-0.04386037588119507,-0.07135796546936035,-0.0035125017166137697,0.9737127423286438,-0.21020157635211945,-0.08774310350418091,0.20857572555541993,0.9776220917701721,-0.027407560497522355,0.0915406197309494,0.00838605035096407,0.9957660436630249],"EasingStyle":"Linear","EasingDirection":"In"},"Right Arm":{"Weight":1,"CFrame":[-0.41758400201797488,-0.20986804366111756,0.009387969970703125,0.9291859865188599,0.11758338660001755,0.3504105806350708,-0.21868117153644563,0.9392025470733643,0.2647206485271454,-0.29797977209091189,-0.3226029872894287,0.8984071612358093],"EasingStyle":"Linear","EasingDirection":"In"},"Left Arm":{"Weight":1,"CFrame":[0.3857264518737793,-0.13588541746139527,0.13768064975738526,0.6334345936775208,-0.2970239818096161,-0.7145190238952637,0.4000473916530609,0.9161204695701599,-0.02617982216179371,0.6623614430427551,-0.26925820112228396,0.6991260647773743],"EasingStyle":"Linear","EasingDirection":"In"},"Head":{"Weight":1,"CFrame":[7.450580596923828e-8,1.1175870895385743e-8,-1.7881393432617188e-7,0.8852400779724121,-0.40806305408477785,0.22323650121688844,0.4060286581516266,0.9120736122131348,0.057117361575365069,-0.22691559791564942,0.04007784277200699,0.9730894565582275],"EasingStyle":"Linear","EasingDirection":"In"},"Torso":{"Weight":1,"CFrame":[0.018219631165266038,0.0840098112821579,0.10059666633605957,0.9434705376625061,0.33067309856414797,0.022774461656808854,-0.3311867117881775,0.9377034306526184,0.10501231253147125,0.013369048945605755,-0.10661862045526505,0.9942101240158081],"EasingStyle":"Linear","EasingDirection":"In"},"HumanoidRootPart":{"Weight":0,"CFrame":[0,0,0,1,0,0,0,1,0,0,0,1],"EasingStyle":"Linear","EasingDirection":"In"},"Right Leg":{"Weight":1,"CFrame":[0.2869659960269928,0.21948730945587159,0.08254921436309815,0.9165096282958984,0.25215643644332888,-0.3105272352695465,-0.17729884386062623,0.9519488215446472,0.24971701204776765,0.3585738241672516,-0.17381201684474946,0.9171773195266724],"EasingStyle":"Linear","EasingDirection":"In"}}},{"Time":0.13333334028720857,"poses":{"Left Leg":{"Weight":1,"CFrame":[-0.04449357092380524,-0.07544386386871338,-0.0038946866989135744,0.9710872173309326,-0.22203759849071504,-0.08768632262945175,0.2180669903755188,0.9745127558708191,-0.05264686793088913,0.09714093804359436,0.03200322389602661,0.9947559833526611],"EasingStyle":"Linear","EasingDirection":"In"},"Right Arm":{"Weight":1,"CFrame":[-0.4526466727256775,-0.1939418911933899,0.01886880397796631,0.9354013204574585,0.12710286676883698,0.32995325326919558,-0.23389746248722077,0.922244668006897,0.30782562494277956,-0.2651722729206085,-0.36511585116386416,0.8923979997634888],"EasingStyle":"Linear","EasingDirection":"In"},"Left Arm":{"Weight":1,"CFrame":[0.4275190830230713,-0.11661717295646668,0.15931105613708497,0.5781517624855042,-0.33541977405548098,-0.7437971234321594,0.44338473677635195,0.8944075107574463,-0.05869666114449501,0.6849456429481506,-0.2958526909351349,0.665823221206665],"EasingStyle":"Linear","EasingDirection":"In"},"Head":{"Weight":1,"CFrame":[8.568167686462403e-8,2.9802322387695315e-8,-2.980232238769531e-7,0.8511927723884583,-0.4606241285800934,0.251587450504303,0.45798617601394656,0.885987401008606,0.07262920588254929,-0.2563580870628357,0.053402114659547809,0.9651055932044983],"EasingStyle":"Linear","EasingDirection":"In"},"Torso":{"Weight":1,"CFrame":[0.023920521140098573,0.08406448364257813,0.1475069522857666,0.9035084247589111,0.42752605676651,0.029900576919317247,-0.4281885325908661,0.8975592851638794,0.10508064180612564,0.018087169155478479,-0.10774432122707367,0.9940140843391419],"EasingStyle":"Linear","EasingDirection":"In"},"HumanoidRootPart":{"Weight":0,"CFrame":[0,0,0,1,0,0,0,1,0,0,0,1],"EasingStyle":"Linear","EasingDirection":"In"},"Right Leg":{"Weight":1,"CFrame":[0.24649475514888764,0.25049859285354617,0.0774226188659668,0.9163843393325806,0.19807054102420808,-0.34786170721054079,-0.10612082481384278,0.9581170678138733,0.265988826751709,0.38597676157951357,-0.206832617521286,0.8990228772163391],"EasingStyle":"Linear","EasingDirection":"In"}}},{"Time":0.15000000596046449,"poses":{"Left Leg":{"Weight":1,"CFrame":[-0.03619925677776337,-0.07622480392456055,-0.003728210926055908,0.9709213376045227,-0.22915489971637727,-0.06928034126758576,0.22376452386379243,0.9715479016304016,-0.07761525362730026,0.08509516716003418,0.05985580384731293,0.9945733547210693],"EasingStyle":"Linear","EasingDirection":"In"},"Right Arm":{"Weight":1,"CFrame":[-0.4793100655078888,-0.18105855584144593,0.03104257583618164,0.9414744973182678,0.12906457483768464,0.3113970160484314,-0.24331392347812653,0.8995410203933716,0.3628005385398865,-0.2332897037267685,-0.41733479499816897,0.8782981634140015],"EasingStyle":"Linear","EasingDirection":"In"},"Left Arm":{"Weight":1,"CFrame":[0.4604418873786926,-0.10102987289428711,0.17981648445129395,0.5293339490890503,-0.36545073986053469,-0.7656704783439636,0.4776993691921234,0.8742046356201172,-0.0870039165019989,0.701148271560669,-0.3197062015533447,0.6373217701911926],"EasingStyle":"Linear","EasingDirection":"In"},"Head":{"Weight":1,"CFrame":[8.568167686462403e-8,3.725290298461914e-9,-1.1920928955078126e-7,0.8259691596031189,-0.49507826566696169,0.26957839727401736,0.49154210090637209,0.8666433095932007,0.08553206920623779,-0.2759733200073242,0.061862289905548099,0.9591724276542664],"EasingStyle":"Linear","EasingDirection":"In"},"Torso":{"Weight":1,"CFrame":[0.030312255024909974,0.082774817943573,0.18648672103881837,0.8440189361572266,0.5349732041358948,0.037890251725912097,-0.5357937812805176,0.8379852771759033,0.10346858203411102,0.02360144630074501,-0.10763081163167954,0.9939107298851013],"EasingStyle":"Linear","EasingDirection":"In"},"HumanoidRootPart":{"Weight":0,"CFrame":[0,0,0,1,0,0,0,1,0,0,0,1],"EasingStyle":"Linear","EasingDirection":"In"},"Right Leg":{"Weight":1,"CFrame":[0.2193489670753479,0.2780013680458069,0.0691077709197998,0.9187750220298767,0.13796688616275788,-0.3698884844779968,-0.035154543817043307,0.961815357208252,0.2714320123195648,0.3932132124900818,-0.23638169467449189,0.8885421752929688],"EasingStyle":"Linear","EasingDirection":"In"}}},{"Time":0.1666666716337204,"poses":{"Left Leg":{"Weight":1,"CFrame":[-0.018936261534690858,-0.07462990283966065,-0.003430485725402832,0.9725877046585083,-0.23021604120731355,-0.03276775777339935,0.22599531710147859,0.9689854383468628,-0.09996671974658966,0.054765306413173679,0.08982107043266297,0.9944510459899902],"EasingStyle":"Linear","EasingDirection":"In"},"Right Arm":{"Weight":1,"CFrame":[-0.4962671995162964,-0.17243552207946778,0.04624581336975098,0.9469522833824158,0.125214084982872,0.29597774147987368,-0.24890558421611787,0.8683352470397949,0.4289983808994293,-0.20329125225543977,-0.47991177439689639,0.853438675403595],"EasingStyle":"Linear","EasingDirection":"In"},"Left Arm":{"Weight":1,"CFrame":[0.4823772609233856,-0.09059786796569824,0.19825267791748048,0.4900261163711548,-0.38930651545524599,-0.779945433139801,0.504988968372345,0.8560832142829895,-0.11003467440605164,0.7105354070663452,-0.3399440050125122,0.6160986423492432],"EasingStyle":"Linear","EasingDirection":"In"},"Head":{"Weight":1,"CFrame":[1.1175870895385742e-7,7.450580596923828e-9,2.384185791015625e-7,0.8162748217582703,-0.5079083442687988,0.275180846452713,0.5031086802482605,0.8591618537902832,0.09339507669210434,-0.283860981464386,0.06220981478691101,0.9568452835083008],"EasingStyle":"Linear","EasingDirection":"In"},"Torso":{"Weight":1,"CFrame":[0.037005744874477389,0.07967258989810944,0.21785664558410645,0.7607309222221375,0.6474169492721558,0.04625711590051651,-0.6483936905860901,0.7547630071640015,0.09959082305431366,0.02956363558769226,-0.10575464367866516,0.9939526915550232],"EasingStyle":"Linear","EasingDirection":"In"},"HumanoidRootPart":{"Weight":0,"CFrame":[0,0,0,1,0,0,0,1,0,0,0,1],"EasingStyle":"Linear","EasingDirection":"In"},"Right Leg":{"Weight":1,"CFrame":[0.20462286472320558,0.30046403408050539,0.05811488628387451,0.9249355792999268,0.07252290844917298,-0.3731415271759033,0.03293852135539055,0.9626478552818298,0.2687453329563141,0.3786941468715668,-0.26086294651031496,0.8879985213279724],"EasingStyle":"Linear","EasingDirection":"In"}}},{"Time":0.18333333730697633,"poses":{"Left Leg":{"Weight":1,"CFrame":[0.0024543702602386476,-0.07227146625518799,-0.0038460493087768556,0.9746081233024597,-0.22360464930534364,0.011832949705421925,0.2234075963497162,0.9674662351608276,-0.11873544007539749,0.015101849101483822,0.11836409568786621,0.992855429649353],"EasingStyle":"Linear","EasingDirection":"In"},"Right Arm":{"Weight":1,"CFrame":[-0.5022099018096924,-0.16929101943969727,0.06481492519378662,0.9513834714889526,0.11708274483680725,0.28488779067993166,-0.25276097655296328,0.8253421187400818,0.5048980712890625,-0.1760152131319046,-0.5523604154586792,0.8148109316825867],"EasingStyle":"Linear","EasingDirection":"In"},"Left Arm":{"Weight":1,"CFrame":[0.49120718240737917,-0.08679324388504029,0.2136751413345337,0.46297067403793337,-0.4091217517852783,-0.7863062620162964,0.5271441340446472,0.8402599096298218,-0.12681618332862855,0.7125848531723023,-0.3557845652103424,0.6046818494796753],"EasingStyle":"Linear","EasingDirection":"In"},"Head":{"Weight":1,"CFrame":[6.705522537231445e-8,6.705522537231445e-8,-3.5762786865234377e-7,0.821530282497406,-0.5024339556694031,0.26953330636024477,0.4949612319469452,0.86310875415802,0.10028248280286789,-0.28302183747291567,0.0510234460234642,0.9577553272247315],"EasingStyle":"Linear","EasingDirection":"In"},"Torso":{"Weight":1,"CFrame":[0.04332970082759857,0.07475824654102326,0.24190282821655274,0.655058741569519,0.7536342144012451,0.05416208133101463,-0.754754900932312,0.6493169665336609,0.09344787150621414,0.03525714576244354,-0.10209294408559799,0.9941498637199402],"EasingStyle":"Linear","EasingDirection":"In"},"HumanoidRootPart":{"Weight":0,"CFrame":[0,0,0,1,0,0,0,1,0,0,0,1],"EasingStyle":"Linear","EasingDirection":"In"},"Right Leg":{"Weight":1,"CFrame":[0.19889646768569947,0.3172314167022705,0.04796004295349121,0.9289180636405945,0.006467909552156925,-0.37022873759269717,0.0981389582157135,0.9597909450531006,0.26300206780433657,0.3570433557033539,-0.2806413471698761,0.8909324407577515],"EasingStyle":"Linear","EasingDirection":"In"}}},{"Time":0.20000000298023225,"poses":{"Left Leg":{"Weight":1,"CFrame":[0.021897882223129274,-0.0712592601776123,-0.00514751672744751,0.9765095114707947,-0.20909395813941956,0.052046895027160647,0.2143121212720871,0.9675365686416626,-0.1339527666568756,-0.022348610684275628,0.14196041226387025,0.9896200299263],"EasingStyle":"Linear","EasingDirection":"In"},"Right Arm":{"Weight":1,"CFrame":[-0.4988345801830292,-0.16929590702056886,0.09778463840484619,0.9539029598236084,0.1055883839726448,0.280927449464798,-0.2588285803794861,0.7632513642311096,0.5919923186302185,-0.15191073715686799,-0.6374154686927795,0.7553971409797669],"EasingStyle":"Linear","EasingDirection":"In"},"Left Arm":{"Weight":1,"CFrame":[0.492590069770813,-0.09064456820487976,0.22544240951538087,0.4445788264274597,-0.4201461374759674,-0.7910922169685364,0.5496437549591065,0.8253116607666016,-0.12943075597286225,0.7072774767875671,-0.3772768974304199,0.5978468060493469],"EasingStyle":"Linear","EasingDirection":"In"},"Head":{"Weight":1,"CFrame":[7.078051567077637e-8,9.685754776000977e-8,-5.960464477539063e-8,0.8360333442687988,-0.4851463735103607,0.25628358125686648,0.4730831980705261,0.8739749789237976,0.1111757680773735,-0.2779219150543213,0.028296831995248796,0.960186779499054],"EasingStyle":"Linear","EasingDirection":"In"},"Torso":{"Weight":1,"CFrame":[0.048736512660980228,0.06847713887691498,0.25887441635131838,0.5332761406898499,0.8437447547912598,0.060920599848032,-0.8449920415878296,0.5278841853141785,0.0855964943766594,0.04006257653236389,-0.09712399542331696,0.9944656491279602],"EasingStyle":"Linear","EasingDirection":"In"},"HumanoidRootPart":{"Weight":0,"CFrame":[0,0,0,1,0,0,0,1,0,0,0,1],"EasingStyle":"Linear","EasingDirection":"In"},"Right Leg":{"Weight":1,"CFrame":[0.19894163310527802,0.3276060223579407,0.04128372669219971,0.9260748624801636,-0.05906800553202629,-0.3726879954338074,0.16355647146701814,0.9529045224189758,0.2553863227367401,0.34005093574523928,-0.29746246337890627,0.8921219110488892],"EasingStyle":"Linear","EasingDirection":"In"}}},{"Time":0.21666666865348817,"poses":{"Left Leg":{"Weight":1,"CFrame":[0.03508700430393219,-0.0735846757888794,-0.006670594215393066,0.9790750741958618,-0.18756264448165894,0.07894495874643326,0.19744722545146943,0.9694689512252808,-0.145411416888237,-0.04926097393035889,0.15795621275901795,0.9862166047096252],"EasingStyle":"Linear","EasingDirection":"In"},"Right Arm":{"Weight":1,"CFrame":[-0.48901015520095827,-0.1693306267261505,0.1509181261062622,0.9547111988067627,0.09095242619514466,0.28329169750213625,-0.2678998112678528,0.677012026309967,0.6854810118675232,-0.12944567203521729,-0.7303302884101868,0.670717179775238],"EasingStyle":"Linear","EasingDirection":"In"},"Left Arm":{"Weight":1,"CFrame":[0.49362897872924807,-0.10155165195465088,0.23412549495697022,0.42980924248695376,-0.4173111617565155,-0.800696849822998,0.5763380527496338,0.809432327747345,-0.11248922348022461,0.6950528621673584,-0.41312313079833987,0.5884137749671936],"EasingStyle":"Linear","EasingDirection":"In"},"Head":{"Weight":1,"CFrame":[9.685754776000977e-8,-2.2351741790771486e-8,2.384185791015625e-7,0.8575408458709717,-0.4565298557281494,0.23707422614097596,0.4389241635799408,0.8897005319595337,0.12561240792274476,-0.26827090978622439,-0.0036601948086172344,0.9633365869522095],"EasingStyle":"Linear","EasingDirection":"In"},"Torso":{"Weight":1,"CFrame":[0.052898675203323367,0.06136395037174225,0.2690160274505615,0.4043113589286804,0.9122280478477478,0.06612332165241242,-0.9135832190513611,0.39935198426246645,0.07670500874519348,0.04356596991419792,-0.09142186492681503,0.9948588013648987],"EasingStyle":"Linear","EasingDirection":"In"},"HumanoidRootPart":{"Weight":0,"CFrame":[0,0,0,1,0,0,0,1,0,0,0,1],"EasingStyle":"Linear","EasingDirection":"In"},"Right Leg":{"Weight":1,"CFrame":[0.20231272280216218,0.3309398889541626,0.037128329277038577,0.9167335629463196,-0.12433987110853195,-0.379656583070755,0.22970089316368104,0.9415886402130127,0.24626871943473817,0.32685935497283938,-0.3129703104496002,0.8917469382286072],"EasingStyle":"Linear","EasingDirection":"In"}}},{"Time":0.23333333432674409,"poses":{"Left Leg":{"Weight":1,"CFrame":[0.03917914628982544,-0.07692527770996094,-0.007488727569580078,0.9832028150558472,-0.16036227345466615,0.08715600520372391,0.17223450541496278,0.9732080101966858,-0.1523202508687973,-0.06039455533027649,0.16477295756340028,0.9844807386398315],"EasingStyle":"Linear","EasingDirection":"In"},"Right Arm":{"Weight":1,"CFrame":[-0.4731902480125427,-0.16942450404167176,0.21664607524871827,0.954737663269043,0.0738929882645607,0.2881247401237488,-0.27754685282707217,0.5696767568588257,0.7735864520072937,-0.10697545111179352,-0.8185402750968933,0.5644007325172424],"EasingStyle":"Linear","EasingDirection":"In"},"Left Arm":{"Weight":1,"CFrame":[0.4943735599517822,-0.11854106187820435,0.2405991554260254,0.41917192935943606,-0.40221354365348818,-0.8139528036117554,0.6061485409736633,0.7914257645606995,-0.07892565429210663,0.6759281754493713,-0.46029287576675417,0.5755445957183838],"EasingStyle":"Linear","EasingDirection":"In"},"Head":{"Weight":1,"CFrame":[6.705522537231445e-8,2.60770320892334e-8,-1.1920928955078126e-7,0.8834619522094727,-0.4169696271419525,0.2136150300502777,0.39389774203300478,0.9079329371452332,0.14318639039993287,-0.2536524534225464,-0.042357221245765689,0.9663675427436829],"EasingStyle":"Linear","EasingDirection":"In"},"Torso":{"Weight":1,"CFrame":[0.05576355755329132,0.05392137169837952,0.27257347106933596,0.27647680044174197,0.9584893584251404,0.06970442086458206,-0.9599360227584839,0.27199244499206545,0.06740181148052216,0.0456448495388031,-0.0855468213558197,0.9952880144119263],"EasingStyle":"Linear","EasingDirection":"In"},"HumanoidRootPart":{"Weight":0,"CFrame":[0,0,0,1,0,0,0,1,0,0,0,1],"EasingStyle":"Linear","EasingDirection":"In"},"Right Leg":{"Weight":1,"CFrame":[0.20697055757045747,0.32602137327194216,0.03368711471557617,0.9017209410667419,-0.190544992685318,-0.38806188106536868,0.29738226532936098,0.9249096512794495,0.23686684668064118,0.31378841400146487,-0.32899054884910586,0.8906750679016113],"EasingStyle":"Linear","EasingDirection":"In"}}},{"Time":0.25,"poses":{"Left Leg":{"Weight":1,"CFrame":[0.034528329968452457,-0.07746350765228272,-0.007225096225738525,0.9884840250015259,-0.12973624467849732,0.07789647579193115,0.1404818594455719,0.9780833721160889,-0.15368081629276277,-0.05625126138329506,0.16285398602485658,0.9850453734397888],"EasingStyle":"Linear","EasingDirection":"In"},"Right Arm":{"Weight":1,"CFrame":[-0.45182788372039797,-0.16960877180099488,0.28739798069000246,0.9547109603881836,0.05610670521855354,0.29219678044319155,-0.2854711711406708,0.44953808188438418,0.8464169502258301,-0.0838639959692955,-0.8914973735809326,0.44519585371017458],"EasingStyle":"Linear","EasingDirection":"In"},"Left Arm":{"Weight":1,"CFrame":[0.4948727488517761,-0.14064180850982667,0.24573707580566407,0.41319790482521059,-0.37663742899894717,-0.8291029334068298,0.6375927329063416,0.7697128057479858,-0.03190290182828903,0.6501868963241577,-0.5154477953910828,0.5581850409507752],"EasingStyle":"Linear","EasingDirection":"In"},"Head":{"Weight":1,"CFrame":[9.313225746154785e-8,4.190951585769653e-8,3.5762786865234377e-7,0.9110496640205383,-0.36710628867149355,0.18767382204532624,0.3395882248878479,0.9262773394584656,0.16337119042873383,-0.23381264507770539,-0.0851074680685997,0.9685496091842651],"EasingStyle":"Linear","EasingDirection":"In"},"Torso":{"Weight":1,"CFrame":[0.05746319890022278,0.04637433588504791,0.2699134349822998,0.15283465385437013,0.9856379628181458,0.07182899117469788,-0.9871598482131958,0.14884619414806367,0.05796799436211586,0.04644397273659706,-0.07976621389389038,0.9957310557365418],"EasingStyle":"Linear","EasingDirection":"In"},"HumanoidRootPart":{"Weight":0,"CFrame":[0,0,0,1,0,0,0,1,0,0,0,1],"EasingStyle":"Linear","EasingDirection":"In"},"Right Leg":{"Weight":1,"CFrame":[0.20969004929065705,0.3090420365333557,0.02892482280731201,0.8815689086914063,-0.26274943351745608,-0.3921721577644348,0.3697262704372406,0.9008430242538452,0.22756142914295197,0.2934940457344055,-0.3456074893474579,0.891300618648529],"EasingStyle":"Linear","EasingDirection":"In"}}},{"Time":0.2666666805744171,"poses":{"Left Leg":{"Weight":1,"CFrame":[0.0228414423763752,-0.07494866847991944,-0.006157100200653076,0.99372798204422,-0.09761004894971848,0.054561689496040347,0.10476284474134445,0.9832761287689209,-0.148972287774086,-0.039108067750930789,0.15375402569770814,0.9873349666595459],"EasingStyle":"Linear","EasingDirection":"In"},"Right Arm":{"Weight":1,"CFrame":[-0.4253760576248169,-0.16991186141967774,0.3556046485900879,0.9552013874053955,0.04030061513185501,0.29319992661476138,-0.2897207736968994,0.329624205827713,0.8985597491264343,-0.06043338403105736,-0.9432516694068909,0.32653355598449709],"EasingStyle":"Linear","EasingDirection":"In"},"Left Arm":{"Weight":1,"CFrame":[0.49517539143562319,-0.16688090562820435,0.25041425228118899,0.41226786375045779,-0.34271687269210818,-0.8441447615623474,0.6689476370811462,0.7428855895996094,0.025097744539380075,0.618501603603363,-0.575035810470581,0.5355275273323059],"EasingStyle":"Linear","EasingDirection":"In"},"Head":{"Weight":1,"CFrame":[1.019798219203949e-7,-5.774199962615967e-8,2.384185791015625e-7,0.9376316070556641,-0.3080894947052002,0.16102153062820435,0.277869313955307,0.9425581693649292,0.18539875745773316,-0.20889151096343995,-0.1290927231311798,0.9693809151649475],"EasingStyle":"Linear","EasingDirection":"In"},"Torso":{"Weight":1,"CFrame":[0.05813692510128021,0.03883267194032669,0.2594568729400635,0.03439789637923241,0.9967626333236694,0.07267115265130997,-0.9983426928520203,0.03091343864798546,0.04854092374444008,0.04613727703690529,-0.07422041893005371,0.9961740374565125],"EasingStyle":"Linear","EasingDirection":"In"},"HumanoidRootPart":{"Weight":0,"CFrame":[0,0,0,1,0,0,0,1,0,0,0,1],"EasingStyle":"Linear","EasingDirection":"In"},"Right Leg":{"Weight":1,"CFrame":[0.206182599067688,0.2757464051246643,0.02221822738647461,0.8542421460151672,-0.34587717056274416,-0.3881227672100067,0.4497486352920532,0.8661381006240845,0.2180156409740448,0.26076140999794009,-0.3607959747314453,0.8954495191574097],"EasingStyle":"Linear","EasingDirection":"In"}}},{"Time":0.28333333134651186,"poses":{"Left Leg":{"Weight":1,"CFrame":[-0.04799056798219681,-0.07188260555267334,-0.0040430426597595219,0.9950875639915466,-0.09670133888721466,0.021204281598329545,0.0987064316868782,0.9855726361274719,-0.13749025762081147,-0.0076029058545827869,0.13890786468982697,0.9902760982513428],"EasingStyle":"Linear","EasingDirection":"In"},"Right Arm":{"Weight":1,"CFrame":[-0.39428800344467165,-0.17036381363868714,0.4136958122253418,0.9566047787666321,0.029782066121697427,0.289862722158432,-0.28895068168640139,0.2253648191690445,0.9304397702217102,-0.03761452063918114,-0.9738191366195679,0.22419066727161408],"EasingStyle":"Linear","EasingDirection":"In"},"Left Arm":{"Weight":1,"CFrame":[0.49533092975616457,-0.19628682732582093,0.2555043697357178,0.41645219922065737,-0.3029926121234894,-0.8571832180023193,0.698470413684845,0.7101683616638184,0.0883169025182724,0.5819850564002991,-0.6354969143867493,0.5073825716972351],"EasingStyle":"Linear","EasingDirection":"In"},"Head":{"Weight":1,"CFrame":[8.568167686462403e-8,-1.5832483768463136e-8,4.76837158203125e-7,0.9608684182167053,-0.24169579148292542,0.13533315062522889,0.21091441810131074,0.9550746083259583,0.20820091664791108,-0.17957447469234467,-0.17150992155075074,0.9686781167984009],"EasingStyle":"Linear","EasingDirection":"In"},"Torso":{"Weight":1,"CFrame":[0.0579000860452652,0.031366437673568729,0.23854446411132813,-0.07841769605875015,0.9942899346351624,0.0723751112818718,-0.9959100484848023,-0.08139946311712265,0.03920813277363777,0.04487556591629982,-0.06900449097156525,0.9966065287590027],"EasingStyle":"Linear","EasingDirection":"In"},"HumanoidRootPart":{"Weight":0,"CFrame":[0,0,0,1,0,0,0,1,0,0,0,1],"EasingStyle":"Linear","EasingDirection":"In"},"Right Leg":{"Weight":1,"CFrame":[0.18490470945835114,0.21571433544158936,0.013144373893737793,0.8121740221977234,-0.44737765192985537,-0.37446820735931399,0.5435640215873718,0.813406229019165,0.20714381337165833,0.21192333102226258,-0.3717843294143677,0.9038058519363403],"EasingStyle":"Linear","EasingDirection":"In"}}},{"Time":0.30000001192092898,"poses":{"Left Leg":{"Weight":1,"CFrame":[-0.16508330404758454,-0.0584179162979126,-0.006255984306335449,0.9924705028533936,-0.12122766673564911,-0.017498429864645006,0.11831565946340561,0.9858139753341675,-0.11904727667570114,0.03168199583888054,0.11608059704303742,0.9927343726158142],"EasingStyle":"Linear","EasingDirection":"In"},"Right Arm":{"Weight":1,"CFrame":[-0.3590168356895447,-0.17099487781524659,0.4541015625,0.9591360092163086,0.027883024886250497,0.28156808018684389,-0.2824705243110657,0.1519893854856491,0.9471587538719177,-0.016385793685913087,-0.9879887700080872,0.15365464985370637],"EasingStyle":"Linear","EasingDirection":"In"},"Left Arm":{"Weight":1,"CFrame":[0.4953881800174713,-0.22788718342781068,0.26188182830810549,0.425407350063324,-0.26033246517181399,-0.8667500019073486,0.7246491312980652,0.6717104911804199,0.153911754488945,0.5421367287635803,-0.6935647130012512,0.47440022230148318],"EasingStyle":"Linear","EasingDirection":"In"},"Head":{"Weight":1,"CFrame":[6.891787052154541e-8,3.166496753692627e-8,-2.384185791015625e-7,0.9790003895759583,-0.17029057443141938,0.11206833273172379,0.14109750092029572,0.962807834148407,0.23041832447052003,-0.1471383422613144,-0.20976711809635163,0.9666168093681336],"EasingStyle":"Linear","EasingDirection":"In"},"Torso":{"Weight":1,"CFrame":[0.05684438347816467,0.02402171492576599,0.20451807975769044,-0.18551315367221833,0.9800693988800049,0.07105550169944763,-0.9817097783088684,-0.1880006194114685,0.030027229338884355,0.04278723523020744,-0.06418543308973313,0.9970203042030335],"EasingStyle":"Linear","EasingDirection":"In"},"HumanoidRootPart":{"Weight":0,"CFrame":[0,0,0,1,0,0,0,1,0,0,0,1],"EasingStyle":"Linear","EasingDirection":"In"},"Right Leg":{"Weight":1,"CFrame":[0.11028802394866944,0.09606647491455078,-0.0019806623458862306,0.7312349677085877,-0.5847660303115845,-0.3512035310268402,0.6677074432373047,0.7189154624938965,0.1932031661272049,0.13950707018375398,-0.3757781684398651,0.9161487817764282],"EasingStyle":"Linear","EasingDirection":"In"}}},{"Time":0.3166666626930237,"poses":{"Left Leg":{"Weight":1,"CFrame":[-0.2505927085876465,-0.03384041786193848,-0.014477074146270752,0.9902250170707703,-0.1273886114358902,-0.0568026527762413,0.12172013521194458,0.9880988001823425,-0.09404786676168442,0.0681072473526001,0.08621454983949661,0.9939458966255188],"EasingStyle":"Linear","EasingDirection":"In"},"Right Arm":{"Weight":1,"CFrame":[-0.32001569867134097,-0.17183458805084229,0.46925246715545657,0.9628472328186035,0.0374859981238842,0.267432302236557,-0.2700321078300476,0.12335754930973053,0.9549164772033691,0.0028061207849532367,-0.9916540384292603,0.128897026181221],"EasingStyle":"Linear","EasingDirection":"In"},"Left Arm":{"Weight":1,"CFrame":[0.49539637565612795,-0.2607100307941437,0.27042126655578616,0.4383586645126343,-0.21772722899913789,-0.8720301389694214,0.74642384