{"Sequence":[{"Time":0,"poses":{"Left Leg":{"Weight":1,"CFrame":[-0.2963287830352783,0.14938169717788697,0.01258552074432373,0.9818227291107178,0.1875341832637787,0.029243431985378267,-0.1868773102760315,0.9820948839187622,-0.0238009262830019,-0.03318338841199875,0.01790335215628147,0.9992889165878296],"EasingStyle":"Linear","EasingDirection":"In"},"Right Arm":{"Weight":1,"CFrame":[0.7032890319824219,-0.15998846292495728,0.07447850704193115,-0.30049365758895876,-0.947274386882782,-0.11124275624752045,0.8518229126930237,-0.3190074563026428,0.41549015045166018,-0.4290704131126404,0.030092885717749597,0.9027696251869202],"EasingStyle":"Linear","EasingDirection":"In"},"Head":{"Weight":1,"CFrame":[8.195638656616211e-8,-3.5390257835388186e-8,0,0.9967204928398132,0.042991966009140018,-0.06855731457471848,-0.06254258751869202,0.9468613266944885,-0.31550297141075137,0.051350187510252,0.3187560737133026,0.9464448094367981],"EasingStyle":"Linear","EasingDirection":"In"},"Right Leg":{"Weight":1,"CFrame":[-0.016832411289215089,-0.24737024307250977,0.05816662311553955,0.7652564644813538,0.6335195302963257,-0.11417349427938461,-0.6243506669998169,0.773643434047699,0.10799199342727661,0.15674467384815217,-0.01135729718953371,0.9875739216804504],"EasingStyle":"Linear","EasingDirection":"In"},"Torso":{"Weight":1,"CFrame":[0.7247411608695984,-0.038999833166599277,-0.13380765914916993,0.14445459842681886,0.9714910984039307,-0.1879841834306717,-0.9890685081481934,0.1474442332983017,0.0019431131659075618,0.029604898765683175,0.18564853072166444,0.9821701645851135],"EasingStyle":"Linear","EasingDirection":"In"},"HumanoidRootPart":{"Weight":1,"CFrame":[0,0,0,1,0,0,0,1,0,0,0,1],"EasingStyle":"Linear","EasingDirection":"In"},"Left Arm":{"Weight":1,"CFrame":[0.3429884910583496,-0.07618126273155213,0.4358636140823364,0.13436004519462586,-0.6054583787918091,0.7844536900520325,-0.8349361419677734,0.3571845591068268,0.4186895191669464,-0.533693790435791,-0.7112239599227905,-0.45752766728401186],"EasingStyle":"Linear","EasingDirection":"In"}}},{"Time":0.03333333507180214,"poses":{"Left Leg":{"Weight":1,"CFrame":[-0.12060326337814331,0.004476189613342285,0.004271984100341797,0.9413174986839294,0.33726024627685549,0.013300752267241478,-0.336480051279068,0.9407761096954346,-0.04149327799677849,-0.026507113128900529,0.034582894295454028,0.9990503191947937],"EasingStyle":"Linear","EasingDirection":"In"},"Right Arm":{"Weight":1,"CFrame":[0.6853431463241577,-0.17258986830711366,0.07416832447052002,-0.311067134141922,-0.9449458718299866,-0.10156144201755524,0.8587635159492493,-0.3252478241920471,0.3959028422832489,-0.4071393609046936,0.035934966057538989,0.9126589298248291],"EasingStyle":"Linear","EasingDirection":"In"},"Head":{"Weight":1,"CFrame":[8.381903171539307e-8,-1.725275069475174e-7,-4.172325134277344e-7,0.9967178702354431,0.04307391121983528,-0.06854379922151566,-0.06261094659566879,0.9468883872032166,-0.315407931804657,0.051317475736141208,0.3186643719673157,0.946477472782135],"EasingStyle":"Linear","EasingDirection":"In"},"Right Leg":{"Weight":1,"CFrame":[0.0708361268043518,-0.24978578090667725,0.05934786796569824,0.7307838201522827,0.6731372475624085,-0.11331874132156372,-0.6631200909614563,0.7394538521766663,0.11610259115695954,0.16194702684879304,-0.009702036157250405,0.9867517948150635],"EasingStyle":"Linear","EasingDirection":"In"},"Torso":{"Weight":1,"CFrame":[0.7202644348144531,-0.032910436391830447,-0.053494930267333987,0.15448255836963654,0.965293288230896,-0.21058036386966706,-0.9869944453239441,0.1603725254535675,0.01107941847294569,0.04446619376540184,0.2061300426721573,0.9775137901306152],"EasingStyle":"Linear","EasingDirection":"In"},"HumanoidRootPart":{"Weight":1,"CFrame":[0,0,0,1,0,0,0,1,0,0,0,1],"EasingStyle":"Linear","EasingDirection":"In"},"Left Arm":{"Weight":1,"CFrame":[0.3418431580066681,-0.09809184074401856,0.4397231340408325,0.1565714031457901,-0.6200950145721436,0.7687442898750305,-0.8819027543067932,0.262654572725296,0.3914845883846283,-0.4446718394756317,-0.7392529249191284,-0.5057390928268433],"EasingStyle":"Linear","EasingDirection":"In"}}},{"Time":0.06666667014360428,"poses":{"Left Leg":{"Weight":1,"CFrame":[-0.03420506417751312,-0.11990761756896973,0.0001723766326904297,0.8844658136367798,0.46632933616638186,-0.016036927700042726,-0.4664396047592163,0.8827150464057922,-0.05699373409152031,-0.012421819381415844,0.05788923427462578,0.9982457756996155],"EasingStyle":"Linear","EasingDirection":"In"},"Right Arm":{"Weight":1,"CFrame":[0.6364989280700684,-0.2085210680961609,0.07199525833129883,-0.31077033281326296,-0.9458209276199341,-0.09404566138982773,0.8772878646850586,-0.3235066533088684,0.3545551896095276,-0.3657701313495636,0.027679992839694024,0.9302935600280762],"EasingStyle":"Linear","EasingDirection":"In"},"Head":{"Weight":1,"CFrame":[9.685754776000977e-8,-1.3969838619232178e-8,1.1920928955078126e-7,0.9967174530029297,0.04331730306148529,-0.0683961808681488,-0.06275971233844757,0.9470955729484558,-0.3147558271884918,0.0511433482170105,0.3180152177810669,0.9467052817344666],"EasingStyle":"Linear","EasingDirection":"In"},"Right Leg":{"Weight":1,"CFrame":[0.301098108291626,-0.27429842948913576,0.08836102485656738,0.5899021029472351,0.7979910373687744,-0.12339305877685547,-0.7904765605926514,0.6018916368484497,0.11346050351858139,0.16480974853038789,0.030608687549829484,0.9858503937721252],"EasingStyle":"Linear","EasingDirection":"In"},"Torso":{"Weight":1,"CFrame":[0.7257107496261597,-0.03576350212097168,0.03475785255432129,0.1740221232175827,0.9523658752441406,-0.25043076276779177,-0.983063280582428,0.18285582959651948,0.012262407690286637,0.05747102200984955,0.24405531585216523,0.968056857585907],"EasingStyle":"Linear","EasingDirection":"In"},"HumanoidRootPart":{"Weight":1,"CFrame":[0,0,0,1,0,0,0,1,0,0,0,1],"EasingStyle":"Linear","EasingDirection":"In"},"Left Arm":{"Weight":1,"CFrame":[0.3338263928890228,-0.13878172636032105,0.4411451816558838,0.2196040004491806,-0.5500826835632324,0.8057191371917725,-0.9272631406784058,0.13902050256729127,0.3476441502571106,-0.30324456095695498,-0.823457658290863,-0.4795418679714203],"EasingStyle":"Linear","EasingDirection":"In"}}},{"Time":0.10000000149011612,"poses":{"Left Leg":{"Weight":1,"CFrame":[-0.05191300809383392,-0.15284371376037599,0.00009453296661376953,0.8667665719985962,0.4974086284637451,-0.036059536039829257,-0.4986960291862488,0.8650819659233093,-0.0541805662214756,0.004244551062583923,0.06494467705488205,0.9978798627853394],"EasingStyle":"Linear","EasingDirection":"In"},"Right Arm":{"Weight":1,"CFrame":[0.5642472505569458,-0.26497742533683779,0.06609725952148438,-0.2934671938419342,-0.9495828151702881,-0.11031614989042282,0.8983898162841797,-0.31339284777641299,0.3077024221420288,-0.3267610967159271,-0.008806435391306878,0.945065975189209],"EasingStyle":"Linear","EasingDirection":"In"},"Head":{"Weight":1,"CFrame":[1.0803341865539551e-7,1.1175870895385743e-8,-2.384185791015625e-7,0.9967302680015564,0.04371754452586174,-0.06795309484004975,-0.06290446221828461,0.9476692080497742,-0.3129954934120178,0.050713662058115008,0.31624677777290347,0.9473206400871277],"EasingStyle":"Linear","EasingDirection":"In"},"Right Leg":{"Weight":1,"CFrame":[0.4740998446941376,-0.2899709939956665,0.1074056625366211,0.41077920794487,0.9031267762184143,-0.12499010562896729,-0.8994300365447998,0.4238562285900116,0.10663801431655884,0.14928549528121949,0.06861510127782822,0.9864106774330139],"EasingStyle":"Linear","EasingDirection":"In"},"Torso":{"Weight":1,"CFrame":[0.7647192478179932,-0.043318070471286777,0.09207630157470703,0.1844567060470581,0.9446048140525818,-0.2714729309082031,-0.9808000922203064,0.19470235705375672,0.011056791990995407,0.0633007064461708,0.26422110199928286,0.9623825550079346],"EasingStyle":"Linear","EasingDirection":"In"},"HumanoidRootPart":{"Weight":1,"CFrame":[0,0,0,1,0,0,0,1,0,0,0,1],"EasingStyle":"Linear","EasingDirection":"In"},"Left Arm":{"Weight":1,"CFrame":[0.3120661973953247,-0.16069215536117555,0.4413483142852783,0.29321882128715517,-0.3947838842868805,0.8707287311553955,-0.9492095112800598,-0.011497055180370808,0.3144347369670868,-0.11412301659584046,-0.9187021255493164,-0.37810376286506655],"EasingStyle":"Linear","EasingDirection":"In"}}},{"Time":0.13333334028720857,"poses":{"Left Leg":{"Weight":1,"CFrame":[-0.2209784835577011,-0.03417813777923584,-0.004331469535827637,0.9283879995346069,0.36915260553359988,-0.04268728196620941,-0.37017351388931277,0.9287704825401306,-0.01889588125050068,0.03267122805118561,0.03334440290927887,0.9989098310470581],"EasingStyle":"Linear","EasingDirection":"In"},"Right Arm":{"Weight":1,"CFrame":[0.47690027952194216,-0.3352131247520447,0.05452072620391846,-0.25576117634773257,-0.9540699124336243,-0.15600299835205079,0.9189605712890625,-0.29003795981407168,0.26718807220458987,-0.3001629114151001,-0.07502437382936478,0.9509329795837402],"EasingStyle":"Linear","EasingDirection":"In"},"Head":{"Weight":1,"CFrame":[8.195638656616211e-8,-7.82310962677002e-8,-5.960464477539063e-8,0.996766984462738,0.04426818713545799,-0.06705216318368912,-0.06296222656965256,0.9487888216972351,-0.30957329273223879,0.04991410672664642,0.31279417872428896,0.9485085606575012],"EasingStyle":"Linear","EasingDirection":"In"},"Right Leg":{"Weight":1,"CFrame":[0.6487632989883423,-0.28047144412994387,0.1109774112701416,0.27329176664352419,0.9548695087432861,-0.11634336411952973,-0.954374372959137,0.28428491950035097,0.0913875624537468,0.12033790349960327,0.08605965971946717,0.9889957308769226],"EasingStyle":"Linear","EasingDirection":"In"},"Torso":{"Weight":1,"CFrame":[0.8412374258041382,-0.05820262432098389,0.13097715377807618,0.18507659435272218,0.947083592414856,-0.2622584104537964,-0.981194257736206,0.1929720640182495,0.004440402612090111,0.05481397360563278,0.256504625082016,0.9649874567985535],"EasingStyle":"Linear","EasingDirection":"In"},"HumanoidRootPart":{"Weight":1,"CFrame":[0,0,0,1,0,0,0,1,0,0,0,1],"EasingStyle":"Linear","EasingDirection":"In"},"Left Arm":{"Weight":1,"CFrame":[0.23409029841423036,-0.11910513043403626,0.4323824644088745,0.3404133915901184,-0.16934020817279817,0.92490154504776,-0.9353450536727905,-0.16159063577651978,0.31467169523239138,0.09616884589195252,-0.9722203612327576,-0.2133989781141281],"EasingStyle":"Linear","EasingDirection":"In"}}},{"Time":0.1666666716337204,"poses":{"Left Leg":{"Weight":1,"CFrame":[-0.3567253351211548,0.07224535942077637,-0.021152615547180177,0.974734902381897,0.21815498173236848,-0.04796244949102402,-0.21639645099639893,0.975514829158783,0.03928687795996666,0.05535866320133209,-0.027915367856621743,0.998076319694519],"EasingStyle":"Linear","EasingDirection":"In"},"Right Arm":{"Weight":1,"CFrame":[0.3860552906990051,-0.39673686027526858,0.03879737854003906,-0.18341533839702607,-0.9620822668075562,-0.20188269019126893,0.9423545598983765,-0.23054493963718415,0.24252201616764069,-0.2798691689968109,-0.1457628756761551,0.9489080905914307],"EasingStyle":"Linear","EasingDirection":"In"},"Head":{"Weight":1,"CFrame":[1.2665987014770509e-7,3.166496753692627e-8,-1.1920928955078126e-7,0.996837317943573,0.04495866969227791,-0.06552977859973908,-0.06285379827022553,0.9506188035011292,-0.3039301335811615,0.04862954095005989,0.3070876896381378,0.9504380822181702],"EasingStyle":"Linear","EasingDirection":"In"},"Right Leg":{"Weight":1,"CFrame":[0.9066518545150757,-0.11817800998687744,0.10746169090270996,0.2851950228214264,0.9523004293441773,-0.10857126116752625,-0.9528219103813171,0.29396852850914,0.07558410614728928,0.10389538109302521,0.08189290016889572,0.9912110567092896],"EasingStyle":"Linear","EasingDirection":"In"},"Torso":{"Weight":1,"CFrame":[0.9377349019050598,-0.0819648802280426,0.154890775680542,0.18255753815174104,0.9539077877998352,-0.23818667232990266,-0.9825574159622192,0.18572886288166047,-0.009257826954126358,0.03540702164173126,0.23572219908237458,0.9711752533912659],"EasingStyle":"Linear","EasingDirection":"In"},"HumanoidRootPart":{"Weight":1,"CFrame":[0,0,0,1,0,0,0,1,0,0,0,1],"EasingStyle":"Linear","EasingDirection":"In"},"Left Arm":{"Weight":1,"CFrame":[0.09990289807319641,-0.041874051094055179,0.41363537311553957,0.35947248339653017,0.09882199764251709,0.9279082417488098,-0.8796599507331848,-0.2959575057029724,0.37230047583580019,0.31141284108161929,-0.9500754475593567,-0.019458767026662828],"EasingStyle":"Linear","EasingDirection":"In"}}},{"Time":0.20000000298023225,"poses":{"Left Leg":{"Weight":1,"CFrame":[-0.42971599102020266,0.11086493730545044,-0.040293872356414798,0.9957127571105957,0.07646147906780243,-0.05205678939819336,-0.07109414786100388,0.9926304221153259,0.09813550114631653,0.05917669087648392,-0.09401382505893707,0.9938106536865234],"EasingStyle":"Linear","EasingDirection":"In"},"Right Arm":{"Weight":1,"CFrame":[0.3041319251060486,-0.42311787605285647,0.022293806076049806,-0.050701726227998736,-0.9752787947654724,-0.21508298814296723,0.9628146886825562,-0.1049543097615242,0.24894283711910249,-0.26536256074905398,-0.19446337223052979,0.9443340301513672],"EasingStyle":"Linear","EasingDirection":"In"},"Head":{"Weight":1,"CFrame":[1.0058283805847168e-7,1.1175870895385743e-8,4.76837158203125e-7,0.9969495534896851,0.04577081277966499,-0.06322059035301209,-0.06250539422035217,0.9532963037490845,-0.2954985201358795,0.046742748469114307,0.29854872822761538,0.9532491564750671],"EasingStyle":"Linear","EasingDirection":"In"},"Right Leg":{"Weight":1,"CFrame":[1.2260496616363526,0.09471577405929566,0.10630285739898682,0.41767221689224245,0.9030429124832153,-0.10031697154045105,-0.9024373888969421,0.4251393675804138,0.06973876804113388,0.10562585294246674,0.061401840299367908,0.9925085306167603],"EasingStyle":"Linear","EasingDirection":"In"},"Torso":{"Weight":1,"CFrame":[1.04449462890625,-0.10759936273097992,0.16640758514404298,0.17044073343276978,0.9638309478759766,-0.20489023625850678,-0.9852609038352966,0.16976243257522584,-0.02101772092282772,0.014525135047733784,0.20545260608196259,0.9785592555999756],"EasingStyle":"Linear","EasingDirection":"In"},"HumanoidRootPart":{"Weight":1,"CFrame":[0,0,0,1,0,0,0,1,0,0,0,1],"EasingStyle":"Linear","EasingDirection":"In"},"Left Arm":{"Weight":1,"CFrame":[-0.033651113510131839,-0.00028756260871887207,0.39733362197875979,0.36867189407348635,0.3803165555000305,0.8481982946395874,-0.7633776068687439,-0.3967902660369873,0.5097178816795349,0.5304109454154968,-0.8354141116142273,0.14403986930847169],"EasingStyle":"Linear","EasingDirection":"In"}}},{"Time":0.23333333432674409,"poses":{"Left Leg":{"Weight":1,"CFrame":[-0.3822079002857208,0.049859702587127689,-0.036397576332092288,0.9985590577125549,-0.009783283807337284,-0.052763931453228,0.01663309708237648,0.9912443161010742,0.1309889554977417,0.05102037265896797,-0.1316777914762497,0.9899787306785584],"EasingStyle":"Linear","EasingDirection":"In"},"Right Arm":{"Weight":1,"CFrame":[0.24064356088638307,-0.4002745449542999,0.007852673530578614,0.18032263219356538,-0.9664018154144287,-0.18316979706287385,0.95256108045578,0.1251581907272339,0.27742210030555727,-0.24517598748207093,-0.2245059311389923,0.9431255459785461],"EasingStyle":"Linear","EasingDirection":"In"},"Head":{"Weight":1,"CFrame":[1.1827796697616577e-7,1.6577541828155518e-7,1.1920928955078126e-7,0.9971091747283936,0.04667462781071663,-0.05995756387710571,-0.061852388083934787,0.9569168090820313,-0.2836981415748596,0.04413289949297905,0.28658658266067507,0.9570374488830566],"EasingStyle":"Linear","EasingDirection":"In"},"Right Leg":{"Weight":1,"CFrame":[1.387238621711731,0.4118853807449341,0.09171080589294434,0.6769689321517944,0.7295627593994141,-0.0972176343202591,-0.7268021106719971,0.6834708452224731,0.06801795214414597,0.11606885492801666,0.024611925706267358,0.9929362535476685],"EasingStyle":"Linear","EasingDirection":"In"},"Torso":{"Weight":1,"CFrame":[1.1517552137374879,-0.12825310230255128,0.16274046897888184,0.14280489087104798,0.9753787517547607,-0.1680569350719452,-0.9897483587265015,0.14111652970314027,-0.022009456530213357,0.002248056000098586,0.16947712004184724,0.9855315685272217],"EasingStyle":"Linear","EasingDirection":"In"},"HumanoidRootPart":{"Weight":1,"CFrame":[0,0,0,1,0,0,0,1,0,0,0,1],"EasingStyle":"Linear","EasingDirection":"In"},"Left Arm":{"Weight":1,"CFrame":[-0.12197321653366089,-0.015711963176727296,0.3916207551956177,0.3611277639865875,0.639933705329895,0.6782857179641724,-0.5737069249153137,-0.4209587872028351,0.7026054263114929,0.7351511120796204,-0.6428675055503845,0.2151145040988922],"EasingStyle":"Linear","EasingDirection":"In"}}},{"Time":0.2666666805744171,"poses":{"Left Leg":{"Weight":1,"CFrame":[-0.19440510869026185,-0.03955733776092529,-0.012727558612823487,0.9988422989845276,-0.021542588248848916,-0.043011877685785297,0.027115920558571817,0.9906755685806274,0.13351643085479737,0.03973448649048805,-0.13452813029289246,0.9901127815246582],"EasingStyle":"Linear","EasingDirection":"In"},"Right Arm":{"Weight":1,"CFrame":[0.19348222017288209,-0.34580206871032717,-0.0037755966186523439,0.46623000502586367,-0.8753498196601868,-0.1280318945646286,0.8595462441444397,0.4139827489852905,0.29966428875923159,-0.20930808782577516,-0.2497619241476059,0.9454147815704346],"EasingStyle":"Linear","EasingDirection":"In"},"Head":{"Weight":1,"CFrame":[1.2852251529693604e-7,1.601874828338623e-7,2.384185791015625e-7,0.9973941445350647,0.04792866110801697,-0.0539235919713974,-0.06005405634641647,0.9657589793205261,-0.2523946166038513,0.03998025506734848,0.254975289106369,0.966120719909668],"EasingStyle":"Linear","EasingDirection":"In"},"Right Leg":{"Weight":1,"CFrame":[1.096753716468811,0.7215167880058289,0.06298959255218506,0.9452966451644898,0.3083912134170532,-0.10634443163871765,-0.3049900531768799,0.9511805176734924,0.04729611054062843,0.11573848873376847,-0.012274880893528462,0.9932039380073547],"EasingStyle":"Linear","EasingDirection":"In"},"Torso":{"Weight":1,"CFrame":[1.2510075569152833,-0.14602096378803254,0.13572382926940919,0.09521235525608063,0.9866918921470642,-0.13180968165397645,-0.9954549670219421,0.0941091850399971,-0.014588176272809506,-0.0019895355217158796,0.13259954750537873,0.9911677241325378],"EasingStyle":"Linear","EasingDirection":"In"},"HumanoidRootPart":{"Weight":1,"CFrame":[0,0,0,1,0,0,0,1,0,0,0,1],"EasingStyle":"Linear","EasingDirection":"In"},"Left Arm":{"Weight":1,"CFrame":[-0.16945244371891023,-0.05204153060913086,0.3883112668991089,0.31906527280807497,0.8116018772125244,0.4893871545791626,-0.3974221348762512,-0.35420358180999758,0.8465197086334229,0.8603795766830444,-0.4645882844924927,0.2095344513654709],"EasingStyle":"Linear","EasingDirection":"In"}}},{"Time":0.30000001192092898,"poses":{"Left Leg":{"Weight":1,"CFrame":[-0.20802944898605348,-0.0655127763748169,-0.0033573508262634279,0.9887727499008179,-0.14865919947624207,-0.015130174346268177,0.1494012326002121,0.981633722782135,0.11863604933023453,-0.0027840768452733757,-0.11956454068422318,0.9928225874900818],"EasingStyle":"Linear","EasingDirection":"In"},"Right Arm":{"Weight":1,"CFrame":[0.15763361752033235,-0.2807869017124176,-0.012362897396087647,0.7121899724006653,-0.6987128257751465,-0.06771938502788544,0.6814437508583069,0.6649570465087891,0.3057231307029724,-0.1685822308063507,-0.26388004422187807,0.9497091174125671],"EasingStyle":"Linear","EasingDirection":"In"},"Head":{"Weight":1,"CFrame":[9.685754776000977e-8,-5.774199962615967e-8,2.384185791015625e-7,0.9978017210960388,0.04943319037556648,-0.04413754865527153,-0.057151325047016147,0.9790378212928772,-0.19549649953842164,0.03354831412434578,0.19758924841880799,0.9797106981277466],"EasingStyle":"Linear","EasingDirection":"In"},"Right Leg":{"Weight":1,"CFrame":[0.7807672023773193,0.6693973541259766,0.07323789596557617,0.9885439872741699,-0.09784810990095139,-0.11492028832435608,0.09793353825807572,0.9951808452606201,-0.004915593657642603,0.11484748125076294,-0.0063952854834496979,0.993362545967102],"EasingStyle":"Linear","EasingDirection":"In"},"Torso":{"Weight":1,"CFrame":[1.3341032266616822,-0.16766156256198884,0.07655739784240723,0.02345733530819416,0.9947289228439331,-0.09982053935527802,-0.999714195728302,0.022878602147102357,-0.00693869823589921,-0.004618369042873383,0.09995477646589279,0.9949812889099121],"EasingStyle":"Linear","EasingDirection":"In"},"HumanoidRootPart":{"Weight":1,"CFrame":[0,0,0,1,0,0,0,1,0,0,0,1],"EasingStyle":"Linear","EasingDirection":"In"},"Left Arm":{"Weight":1,"CFrame":[-0.19272315502166749,-0.09436166286468506,0.37513697147369387,0.29660025238990786,0.8734767436981201,0.3860918879508972,-0.3535781800746918,-0.2751159369945526,0.89403235912323,0.8871362805366516,-0.4016837775707245,0.22724281251430512],"EasingStyle":"Linear","EasingDirection":"In"}}},{"Time":0.3333333432674408,"poses":{"Left Leg":{"Weight":1,"CFrame":[-0.3253090977668762,-0.03756260871887207,0.0131378173828125,0.9495351314544678,-0.31205472350120547,0.031702641397714618,0.30828574299812319,0.9471152424812317,0.08906622231006623,-0.057819612324237826,-0.07479801774024964,0.995521068572998],"EasingStyle":"Linear","EasingDirection":"In"},"Right Arm":{"Weight":1,"CFrame":[0.12808379530906678,-0.2263147234916687,-0.017682373523712159,0.8734391927719116,-0.4866330623626709,-0.01709294691681862,0.4685911536216736,0.8304760456085205,0.3012174963951111,-0.13238714635372163,-0.2711048424243927,0.9534022808074951],"EasingStyle":"Linear","EasingDirection":"In"},"Head":{"Weight":1,"CFrame":[1.210719347000122e-7,-3.4458935260772708e-8,-1.7881393432617188e-7,0.9982091188430786,0.050714872777462009,-0.03172696381807327,-0.0543796680867672,0.9902864098548889,-0.127967968583107,0.02492891065776348,0.12946411967277528,0.9912707209587097],"EasingStyle":"Linear","EasingDirection":"In"},"Right Leg":{"Weight":1,"CFrame":[0.5091747641563416,0.45884615182876589,0.063362717628479,0.888151228427887,-0.4479140341281891,-0.1027633473277092,0.44470643997192385,0.8940747976303101,-0.053540199995040897,0.11585957556962967,0.0018522453028708697,0.9932639002799988],"EasingStyle":"Linear","EasingDirection":"In"},"Torso":{"Weight":1,"CFrame":[1.3920773267745972,-0.19303986430168153,-0.029154539108276368,-0.07348372042179108,0.9943364262580872,-0.07678090780973435,-0.9972872734069824,-0.07359591126441956,0.0013712855288758875,-0.00428724242374301,0.07667338848114014,0.9970470666885376],"EasingStyle":"Linear","EasingDirection":"In"},"HumanoidRootPart":{"Weight":1,"CFrame":[0,0,0,1,0,0,0,1,0,0,0,1],"EasingStyle":"Linear","EasingDirection":"In"},"Left Arm":{"Weight":1,"CFrame":[-0.20622104406356812,-0.13014554977416993,0.3137458562850952,0.26132357120513918,0.9085896015167236,0.32584500312805178,-0.49466651678085329,-0.16381658613681794,0.8535041213035584,0.8288636803627014,-0.38422539830207827,0.4066397249698639],"EasingStyle":"Linear","EasingDirection":"In"}}},{"Time":0.36666667461395266,"poses":{"Left Leg":{"Weight":1,"CFrame":[-0.44173362851142886,-0.012683987617492676,0.04048299789428711,0.8922685980796814,-0.4436603784561157,0.08380070328712464,0.4406331777572632,0.8961380124092102,0.0527169331908226,-0.09848546981811524,-0.010112307965755463,0.9950871467590332],"EasingStyle":"Linear","EasingDirection":"In"},"Right Arm":{"Weight":1,"CFrame":[0.09981882572174072,-0.20347082614898683,-0.01950591802597046,0.958736002445221,-0.2836095988750458,0.019772810861468316,0.2650608718395233,0.9168470501899719,0.29855379462242129,-0.10280134528875351,-0.2809932827949524,0.9541879892349243],"EasingStyle":"Linear","EasingDirection":"In"},"Head":{"Weight":1,"CFrame":[3.702007234096527e-8,2.2724270820617677e-7,0,0.9985026717185974,0.05170697718858719,-0.017856966704130174,-0.052772969007492068,0.9964534640312195,-0.06554092466831207,0.014404711313545704,0.06638514250516892,0.9976901412010193],"EasingStyle":"Linear","EasingDirection":"In"},"Right Leg":{"Weight":1,"CFrame":[0.3127576410770416,0.22261804342269898,0.017009854316711427,0.6893741488456726,-0.7214347720146179,-0.06553947925567627,0.7209530472755432,0.6920973658561707,-0.0350426509976387,0.07064074277877808,-0.02309345453977585,0.9972345232963562],"EasingStyle":"Linear","EasingDirection":"In"},"Torso":{"Weight":1,"CFrame":[1.4160902500152588,-0.22128024697303773,-0.16370582580566407,-0.18179067969322205,0.9810366034507752,-0.0672273337841034,-0.9833369851112366,-0.18141521513462068,0.011699780821800232,-0.0007181483670137823,0.06823404133319855,0.9976691007614136],"EasingStyle":"Linear","EasingDirection":"In"},"HumanoidRootPart":{"Weight":1,"CFrame":[0,0,0,1,0,0,0,1,0,0,0,1],"EasingStyle":"Linear","EasingDirection":"In"},"Left Arm":{"Weight":1,"CFrame":[-0.2155827134847641,-0.15642395615577699,0.20754098892211915,0.18792039155960084,0.9597229361534119,0.20884864032268525,-0.7208098769187927,-0.00968089047819376,0.6930652260780335,0.667172372341156,-0.2807812988758087,0.6899585723876953],"EasingStyle":"Linear","EasingDirection":"In"}}},{"Time":0.4000000059604645,"poses":{"Left Leg":{"Weight":1,"CFrame":[-0.19758974015712739,-0.06978917121887207,0.026085972785949708,0.9381111860275269,-0.3248891234397888,0.11997739970684052,0.3281751871109009,0.9445815682411194,-0.00817182194441557,-0.11067354679107666,0.047039713710546496,0.9927430748939514],"EasingStyle":"Linear","EasingDirection":"In"},"Right Arm":{"Weight":1,"CFrame":[0.06850571930408478,-0.20562845468521119,0.0002830028533935547,0.9957377910614014,-0.09218338131904602,0.0029184219893068077,0.08682531863451004,0.9475942254066467,0.3074517250061035,-0.031107425689697267,-0.30588799715042117,0.9515592455863953],"EasingStyle":"Linear","EasingDirection":"In"},"Head":{"Weight":1,"CFrame":[1.1175870895385742e-7,1.1175870895385743e-8,2.384185791015625e-7,0.9947312474250794,0.1024368405342102,-0.004072158131748438,-0.10249755531549454,0.9945385456085205,-0.01968216337263584,0.002033740282058716,0.019995875656604768,0.999798059463501],"EasingStyle":"Linear","EasingDirection":"In"},"Right Leg":{"Weight":1,"CFrame":[0.20559579133987428,0.04537087678909302,-0.009462118148803711,0.4753349721431732,-0.8795056939125061,-0.022947557270526887,0.8766037225723267,0.4712212383747101,0.09755342453718186,-0.07498530298471451,-0.06648650020360947,0.9949657917022705],"EasingStyle":"Linear","EasingDirection":"In"},"Torso":{"Weight":1,"CFrame":[1.3931589126586915,-0.24454210698604585,-0.0692448616027832,-0.28775811195373537,0.9545716047286987,-0.07738495618104935,-0.957645833492279,-0.2859160006046295,0.03415491059422493,0.010477706789970398,0.08393573015928269,0.9964160919189453],"EasingStyle":"Linear","EasingDirection":"In"},"HumanoidRootPart":{"Weight":1,"CFrame":[0,0,0,1,0,0,0,1,0,0,0,1],"EasingStyle":"Linear","EasingDirection":"In"},"Left Arm":{"Weight":1,"CFrame":[-0.22424709796905518,-0.17261630296707154,0.10688567161560059,0.1319558173418045,0.9882215857505798,0.07749655097723007,-0.8859782814979553,0.08251815289258957,0.45632609724998476,0.4445563852787018,-0.1288752406835556,0.8864315152168274],"EasingStyle":"Linear","EasingDirection":"In"}}},{"Time":0.4333333373069763,"poses":{"Left Leg":{"Weight":1,"CFrame":[0.08510704338550568,-0.10925447940826416,-0.011532485485076905,0.9795323014259338,-0.149947389960289,0.1342848688364029,0.16245053708553315,0.9828272461891174,-0.08752454817295075,-0.11885484308004379,0.10754776746034622,0.9870699644088745],"EasingStyle":"Linear","EasingDirection":"In"},"Right Arm":{"Weight":1,"CFrame":[0.03253164887428284,-0.21102282404899598,0.04993712902069092,0.9921843409538269,0.09143298864364624,-0.08491399884223938,-0.057390183210372928,0.938632071018219,0.34011203050613406,0.1108003705739975,-0.33258065581321719,0.936543345451355],"EasingStyle":"Linear","EasingDirection":"In"},"Head":{"Weight":1,"CFrame":[8.195638656616211e-8,1.1920928955078126e-7,-3.5762786865234377e-7,0.9735566973686218,0.22816604375839234,0.0113027049228549,-0.22827884554862977,0.9735449552536011,0.009954010136425496,-0.00873253121972084,-0.012270962819457055,0.9998866319656372],"EasingStyle":"Linear","EasingDirection":"In"},"Right Leg":{"Weight":1,"CFrame":[0.2575749158859253,0.11930876970291138,-0.02123969793319702,0.40045037865638735,-0.9163184762001038,-0.000030010945920366795,0.9013387560844421,0.39389801025390627,0.18009145557880402,-0.16500921547412873,-0.07214462757110596,0.9836499094963074],"EasingStyle":"Linear","EasingDirection":"In"},"Torso":{"Weight":1,"CFrame":[1.3279131650924683,-0.25859326124191286,0.018450498580932618,-0.3880993723869324,0.9158685803413391,-0.10277962684631348,-0.9212179183959961,-0.38222721219062807,0.07252608239650727,0.02713918872177601,0.12282975018024445,0.9920566082000732],"EasingStyle":"Linear","EasingDirection":"In"},"HumanoidRootPart":{"Weight":1,"CFrame":[0,0,0,1,0,0,0,1,0,0,0,1],"EasingStyle":"Linear","EasingDirection":"In"},"Left Arm":{"Weight":1,"CFrame":[-0.23565122485160829,-0.17814350128173829,0.06214189529418945,0.08870328217744827,0.9958530068397522,0.020216727629303933,-0.9402265548706055,0.07701396942138672,0.3317274749279022,0.3287947177886963,-0.04843376949429512,0.943158745765686],"EasingStyle":"Linear","EasingDirection":"In"}}},{"Time":0.46666666865348818,"poses":{"Left Leg":{"Weight":1,"CFrame":[0.08467906713485718,-0.16707515716552735,-0.01771724224090576,0.9848775863647461,-0.11811414361000061,0.1267491728067398,0.1391545534133911,0.975115180015564,-0.17258749902248383,-0.10321009159088135,0.18761524558067323,0.9768050909042358],"EasingStyle":"Linear","EasingDirection":"In"},"Right Arm":{"Weight":1,"CFrame":[-0.009034603834152222,-0.21803534030914308,0.11488604545593262,0.9457218050956726,0.2535397708415985,-0.20329271256923676,-0.15667232871055604,0.9037714600563049,0.3983097970485687,0.2847175598144531,-0.34483999013900759,0.8944391012191773],"EasingStyle":"Linear","EasingDirection":"In"},"Head":{"Weight":1,"CFrame":[5.960464477539063e-8,1.341104507446289e-7,-1.7881393432617188e-7,0.9213868379592896,0.38765454292297366,0.027751203626394273,-0.38832494616508486,0.921178936958313,0.025160817429423333,-0.015810102224349977,-0.033959340304136279,0.9992982149124146],"EasingStyle":"Linear","EasingDirection":"In"},"Right Leg":{"Weight":1,"CFrame":[0.4281066358089447,0.6500335931777954,-0.09255355596542359,0.6387059092521668,-0.7694340348243713,-0.005118429660797119,0.7626712918281555,0.6321829557418823,0.13666409254074098,-0.10191816091537476,-0.0911918431520462,0.9906042814254761],"EasingStyle":"Linear","EasingDirection":"In"},"Torso":{"Weight":1,"CFrame":[1.2368154525756837,-0.268368661403656,0.06932592391967774,-0.48018208146095278,0.8669818639755249,-0.1332951933145523,-0.876246988773346,-0.4671415388584137,0.11819520592689514,0.04020536690950394,0.1735547035932541,0.9840033054351807],"EasingStyle":"Linear","EasingDirection":"In"},"HumanoidRootPart":{"Weight":1,"CFrame":[0,0,0,1,0,0,0,1,0,0,0,1],"EasingStyle":"Linear","EasingDirection":"In"},"Left Arm":{"Weight":1,"CFrame":[-0.2518555521965027,-0.17400473356246949,0.0685964822769165,0.022921286523342134,0.999626100063324,0.014911025762557984,-0.9380819797515869,0.016348404809832574,0.3460276424884796,0.3456544578075409,-0.021919341757893564,0.9381058216094971],"EasingStyle":"Linear","EasingDirection":"In"}}},{"Time":0.5,"poses":{"Left Leg":{"Weight":1,"CFrame":[0.0645366907119751,-0.15341758728027345,-0.019745290279388429,0.9903106093406677,-0.09479165822267533,0.1014861986041069,0.11571458727121353,0.9673121571540833,-0.22564901411533357,-0.07677928358316422,0.23520605266094209,0.9689082503318787],"EasingStyle":"Linear","EasingDirection":"In"},"Right Arm":{"Weight":1,"CFrame":[-0.05712500214576721,-0.2250480055809021,0.18056023120880128,0.8707887530326843,0.3800356388092041,-0.3119295835494995,-0.20674550533294679,0.8586649894714356,0.46898895502090456,0.4460754692554474,-0.34390032291412356,0.8262864351272583],"EasingStyle":"Linear","EasingDirection":"In"},"Head":{"Weight":1,"CFrame":[1.6391277313232423e-7,-1.4901161193847657e-7,-7.748603820800781e-7,0.8428220748901367,0.5365573167800903,0.041921693831682208,-0.5378342866897583,0.8425435423851013,0.02923690900206566,-0.019633563235402108,-0.04718843102455139,0.9986931085586548],"EasingStyle":"Linear","EasingDirection":"In"},"Right Leg":{"Weight":1,"CFrame":[0.44121038913726809,0.9014973044395447,-0.057942986488342288,0.763615071773529,-0.6416402459144592,-0.07204097509384155,0.6454252600669861,0.7616404294967651,0.0577077716588974,0.017841694876551629,-0.0905635729432106,0.9957308769226074],"EasingStyle":"Linear","EasingDirection":"In"},"Torso":{"Weight":1,"CFrame":[1.1348216533660889,-0.27913662791252139,0.0916140079498291,-0.5608713626861572,0.8121572136878967,-0.16069872677326203,-0.8266744613647461,-0.538817286491394,0.1621277779340744,0.04508601129055023,0.2237783521413803,0.9735966920852661],"EasingStyle":"Linear","EasingDirection":"In"},"HumanoidRootPart":{"Weight":1,"CFrame":[0,0,0,1,0,0,0,1,0,0,0,1],"EasingStyle":"Linear","EasingDirection":"In"},"Left Arm":{"Weight":1,"CFrame":[-0.2694087326526642,-0.16489997506141663,0.08537018299102783,-0.061543241143226626,0.9980521202087402,-0.010217338800430298,-0.9174607992172241,-0.05253683775663376,0.3943421244621277,0.39303722977638247,0.033642884343862537,0.9189069271087647],"EasingStyle":"Linear","EasingDirection":"In"}}},{"Time":0.5333333611488342,"poses":{"Left Leg":{"Weight":1,"CFrame":[-0.3609895408153534,-0.09802067279815674,0.014807462692260743,0.956453800201416,-0.2849699556827545,0.06315382570028305,0.29187527298927309,0.9320864677429199,-0.21453170478343965,0.0022701050620526077,0.22362273931503297,0.9746732115745544],"EasingStyle":"Linear","EasingDirection":"In"},"Right Arm":{"Weight":1,"CFrame":[-0.11267194151878357,-0.23044151067733766,0.23238956928253175,0.8004136681556702,0.4620790183544159,-0.38186508417129519,-0.21640844643115998,0.8168091177940369,0.5347805023193359,0.5590217113494873,-0.3454069495201111,0.7537829875946045],"EasingStyle":"Linear","EasingDirection":"In"},"Head":{"Weight":1,"CFrame":[2.2351741790771485e-7,-4.470348358154297e-8,-5.960464477539063e-8,0.7666280269622803,0.6400642991065979,0.050980690866708758,-0.6417348384857178,0.7664291262626648,0.027618583291769029,-0.02139541693031788,-0.053889233618974689,0.9983177185058594],"EasingStyle":"Linear","EasingDirection":"In"},"Right Leg":{"Weight":1,"CFrame":[0.43491506576538088,0.9864031076431274,-0.028577744960784913,0.8253592252731323,-0.53126060962677,-0.19116593897342683,0.5465555787086487,0.8367125988006592,0.03448401764035225,0.14163091778755189,-0.13294446468353272,0.9809518456459045],"EasingStyle":"Linear","EasingDirection":"In"},"Torso":{"Weight":1,"CFrame":[1.0368059873580933,-0.2920093536376953,0.09346818923950196,-0.6278051137924194,0.7580116987228394,-0.1768588125705719,-0.7769845128059387,-0.5967420935630798,0.20048438012599946,0.04643039405345917,0.2632816433906555,0.9636010527610779],"EasingStyle":"Linear","EasingDirection":"In"},"HumanoidRootPart":{"Weight":1,"CFrame":[0,0,0,1,0,0,0,1,0,0,0,1],"EasingStyle":"Linear","EasingDirection":"In"},"Left Arm":{"Weight":1,"CFrame":[-0.28348180651664736,-0.15579438209533692,0.10857784748077393,-0.14048443734645844,0.9889293313026428,-0.04778021574020386,-0.8817542791366577,-0.10301901400089264,0.4603223204612732,0.4503038823604584,0.10679832100868225,0.8864652514457703],"EasingStyle":"Linear","EasingDirection":"In"}}},{"Time":0.5666666626930237,"poses":{"Left Leg":{"Weight":1,"CFrame":[-0.44290152192115786,-0.02382683753967285,0.014443516731262207,0.9720699191093445,-0.2341153770685196,0.01643485575914383,0.23405148088932038,0.9618704319000244,-0.1415109485387802,0.01732165925204754,0.14140519499778748,0.9898002743721008],"EasingStyle":"Linear","EasingDirection":"In"},"Right Arm":{"Weight":1,"CFrame":[-0.17660632729530335,-0.2325986921787262,0.2558046579360962,0.7721266150474548,0.4956839382648468,-0.3976407051086426,-0.2038773149251938,0.7858946323394775,0.5837838053703308,0.6018759608268738,-0.3696851134300232,0.7078688740730286],"EasingStyle":"Linear","EasingDirection":"In"},"Head":{"Weight":1,"CFrame":[-4.842877388000488e-8,9.313225746154785e-8,1.1920928955078126e-7,0.7328826189041138,0.6781939268112183,0.05418625846505165,-0.6800070405006409,0.7327280640602112,0.026456430554389955,-0.02176121063530445,-0.05623646825551987,0.9981802701950073],"EasingStyle":"Linear","EasingDirection":"In"},"Right Leg":{"Weight":1,"CFrame":[0.44003358483314516,0.93849778175354,0.00010859966278076172,0.8476048111915588,-0.4451609253883362,-0.2887868881225586,0.4749956727027893,0.8791244029998779,0.0389799103140831,0.2365274578332901,-0.17021214962005616,0.9565996527671814],"EasingStyle":"Linear","EasingDirection":"In"},"Torso":{"Weight":1,"CFrame":[0.957275927066803,-0.30767691135406496,0.08501219749450684,-0.6796862483024597,0.7125410437583923,-0.17410314083099366,-0.7316485643386841,-0.6417257189750671,0.22995322942733766,0.05212460085749626,0.2836783826351166,0.9575017690658569],"EasingStyle":"Linear","EasingDirection":"In"},"HumanoidRootPart":{"Weight":1,"CFrame":[0,0,0,1,0,0,0,1,0,0,0,1],"EasingStyle":"Linear","EasingDirection":"In"},"Left Arm":{"Weight":1,"CFrame":[-0.2892458438873291,-0.15165555477142335,0.13433432579040528,-0.18509958684444428,0.9780867099761963,-0.09531296044588089,-0.8451851606369019,-0.1089586615562439,0.523249626159668,0.5013983845710754,0.1774103194475174,0.8468325138092041],"EasingStyle":"Linear","EasingDirection":"In"}}},{"Time":0.6000000238418579,"poses":{"Left Leg":{"Weight":1,"CFrame":[-0.42694881558418276,0.024731755256652833,-0.00047022104263305664,0.9920583367347717,-0.12068785727024079,-0.035423338413238528,0.11879482865333557,0.9915869235992432,-0.05141253396868706,0.04133017733693123,0.04679608717560768,0.9980490803718567],"EasingStyle":"Linear","EasingDirection":"In"},"Right Arm":{"Weight":1,"CFrame":[-0.2464078962802887,-0.22644326090812684,0.25886642932891848,0.7954225540161133,0.4877065420150757,-0.3597850799560547,-0.1898137480020523,0.7642580270767212,0.6163443326950073,0.5755637288093567,-0.42196205258369448,0.7004815936088562],"EasingStyle":"Linear","EasingDirection":"In"},"Head":{"Weight":1,"CFrame":[7.82310962677002e-8,-2.2351741790771486e-8,-4.76837158203125e-7,0.7414475679397583,0.6688077449798584,0.05433053523302078,-0.6706652641296387,0.7412309646606445,0.02801491692662239,-0.021534882485866548,-0.057209186255931857,0.9981299638748169],"EasingStyle":"Linear","EasingDirection":"In"},"Right Leg":{"Weight":1,"CFrame":[0.49371689558029177,0.869780421257019,-0.02367311716079712,0.9001644849777222,-0.28364527225494387,-0.3305286169052124,0.34581008553504946,0.9268072247505188,0.1464369148015976,0.2648003399372101,-0.24611741304397584,0.9323664307594299],"EasingStyle":"Linear","EasingDirection":"In"},"Torso":{"Weight":1,"CFrame":[0.9076798558235169,-0.3275367021560669,0.07101607322692871,-0.7170395851135254,0.681654691696167,-0.14560632407665254,-0.6935418844223023,-0.6768292188644409,0.24678322672843934,0.06967032700777054,0.2779374122619629,0.9580693244934082],"EasingStyle":"Linear","EasingDirection":"In"},"HumanoidRootPart":{"Weight":1,"CFrame":[0,0,0,1,0,0,0,1,0,0,0,1],"EasingStyle":"Linear","EasingDirection":"In"},"Left Arm":{"Weight":1,"CFrame":[-0.28910672664642336,-0.17184662818908692,0.15914905071258546,-0.1941983699798584,0.969068169593811,-0.1522950828075409,-0.8195219039916992,-0.07494525611400604,0.5681259632110596,0.5391390919685364,0.23513834178447724,0.8087268471717835],"EasingStyle":"Linear","EasingDirection":"In"}}},{"Time":0.6333333253860474,"poses":{"Left Leg":{"Weight":1,"CFrame":[-0.337607741355896,0.02096039056777954,-0.006945312023162842,0.9930535554885864,0.07690326124429703,-0.0890536680817604,-0.07829124480485916,0.9968560338020325,-0.012193799950182438,0.08783598989248276,0.019081270322203637,0.9959521889686585],"EasingStyle":"Linear","EasingDirection":"In"},"Right Arm":{"Weight":1,"CFrame":[-0.3057461977005005,-0.21500974893569947,0.25999438762664797,0.8449946045875549,0.4400155246257782,-0.3039253056049347,-0.16554643213748933,0.7556354999542236,0.6337267160415649,0.5085062980651856,-0.48518186807632449,0.7113507390022278],"EasingStyle":"Li