{"Sequence":[{"Time":0,"poses":{"Left Leg":{"Weight":1,"CFrame":[-0.3974337577819824,0.31788498163223269,0.11800602078437805,0.9672952890396118,-0.014811897650361061,0.25322023034095766,0.013006283901631832,0.9998766779899597,0.0088032316416502,-0.2533193826675415,-0.00522185955196619,0.9673686027526856],"EasingStyle":"Constant","EasingDirection":"In"},"Right Arm":{"Weight":1,"CFrame":[-0.10060310363769531,-0.18849284946918488,0.0518573522567749,0.7730429172515869,0.26805204153060915,-0.5749371647834778,0.016034988686442376,0.8977885842323303,0.44013461470603945,0.634151041507721,-0.34946209192276,0.6897309422492981],"EasingStyle":"Constant","EasingDirection":"In"},"Head":{"Weight":1,"CFrame":[7.031485438346863e-8,1.4901161193847657e-7,0,0.9977825284004211,0.06641215831041336,-0.004412769805639982,-0.05785762891173363,0.832663357257843,-0.5507487058639526,-0.0329020693898201,0.5497828125953674,0.8346594572067261],"EasingStyle":"Constant","EasingDirection":"In"},"Left Arm":{"Weight":1,"CFrame":[-0.03808319568634033,-0.14514875411987306,0.04600214958190918,0.703827440738678,-0.09025920182466507,0.7046135663986206,-0.20570845901966096,0.923500120639801,0.32377690076828005,-0.679934561252594,-0.37282809615135195,0.6314176917076111],"EasingStyle":"Constant","EasingDirection":"In"},"Torso":{"Weight":1,"CFrame":[-0.020413998514413835,-0.28074339032173159,-0.27282190322875979,0.9873412251472473,0.1565445512533188,-0.02551758475601673,-0.15547694265842439,0.9234043955802918,-0.3509291708469391,-0.03137299418449402,0.3504542112350464,0.9360542893409729],"EasingStyle":"Constant","EasingDirection":"In"},"HumanoidRootPart":{"Weight":0,"CFrame":[0,0,0,1,0,0,0,1,0,0,0,1],"EasingStyle":"Linear","EasingDirection":"In"},"Right Leg":{"Weight":1,"CFrame":[0.4760473966598511,0.34430861473083498,-0.01865065097808838,0.9916213154792786,-0.12778010964393617,0.018958620727062227,0.12720860540866853,0.9914581179618836,0.02878735028207302,-0.0224751066416502,-0.02613442949950695,0.9994057416915894],"EasingStyle":"Constant","EasingDirection":"In"}}},{"Time":0.03333333507180214,"poses":{"Left Leg":{"Weight":1,"CFrame":[-0.3974337577819824,0.31788498163223269,0.11800602078437805,0.9672952890396118,-0.014811897650361061,0.25322023034095766,0.013006283901631832,0.9998766779899597,0.0088032316416502,-0.2533193826675415,-0.00522185955196619,0.9673686027526856],"EasingStyle":"Constant","EasingDirection":"In"},"Right Arm":{"Weight":1,"CFrame":[-0.10060310363769531,-0.18849284946918488,0.0518573522567749,0.7730429172515869,0.26805204153060915,-0.5749371647834778,0.016034988686442376,0.8977885842323303,0.44013461470603945,0.634151041507721,-0.34946209192276,0.6897309422492981],"EasingStyle":"Constant","EasingDirection":"In"},"Head":{"Weight":1,"CFrame":[7.031485438346863e-8,1.4901161193847657e-7,0,0.9977825284004211,0.06641215831041336,-0.004412769805639982,-0.05785762891173363,0.832663357257843,-0.5507487058639526,-0.0329020693898201,0.5497828125953674,0.8346594572067261],"EasingStyle":"Constant","EasingDirection":"In"},"Left Arm":{"Weight":1,"CFrame":[-0.03808319568634033,-0.14514875411987306,0.04600214958190918,0.703827440738678,-0.09025920182466507,0.7046135663986206,-0.20570845901966096,0.923500120639801,0.32377690076828005,-0.679934561252594,-0.37282809615135195,0.6314176917076111],"EasingStyle":"Constant","EasingDirection":"In"},"Torso":{"Weight":1,"CFrame":[-0.020413998514413835,-0.28074339032173159,-0.27282190322875979,0.9873412251472473,0.1565445512533188,-0.02551758475601673,-0.15547694265842439,0.9234043955802918,-0.3509291708469391,-0.03137299418449402,0.3504542112350464,0.9360542893409729],"EasingStyle":"Constant","EasingDirection":"In"},"HumanoidRootPart":{"Weight":0,"CFrame":[0,0,0,1,0,0,0,1,0,0,0,1],"EasingStyle":"Linear","EasingDirection":"In"},"Right Leg":{"Weight":1,"CFrame":[0.4760473966598511,0.34430861473083498,-0.01865065097808838,0.9916213154792786,-0.12778010964393617,0.018958620727062227,0.12720860540866853,0.9914581179618836,0.02878735028207302,-0.0224751066416502,-0.02613442949950695,0.9994057416915894],"EasingStyle":"Constant","EasingDirection":"In"}}},{"Time":0.06666667014360428,"poses":{"Left Leg":{"Weight":1,"CFrame":[-0.3974337577819824,0.31788498163223269,0.11800602078437805,0.9672952890396118,-0.014811897650361061,0.25322023034095766,0.013006283901631832,0.9998766779899597,0.0088032316416502,-0.2533193826675415,-0.00522185955196619,0.9673686027526856],"EasingStyle":"Constant","EasingDirection":"In"},"Right Arm":{"Weight":1,"CFrame":[-0.10060310363769531,-0.18849284946918488,0.0518573522567749,0.7730429172515869,0.26805204153060915,-0.5749371647834778,0.016034988686442376,0.8977885842323303,0.44013461470603945,0.634151041507721,-0.34946209192276,0.6897309422492981],"EasingStyle":"Constant","EasingDirection":"In"},"Head":{"Weight":1,"CFrame":[7.031485438346863e-8,1.4901161193847657e-7,0,0.9977825284004211,0.06641215831041336,-0.004412769805639982,-0.05785762891173363,0.832663357257843,-0.5507487058639526,-0.0329020693898201,0.5497828125953674,0.8346594572067261],"EasingStyle":"Constant","EasingDirection":"In"},"Left Arm":{"Weight":1,"CFrame":[-0.03808319568634033,-0.14514875411987306,0.04600214958190918,0.703827440738678,-0.09025920182466507,0.7046135663986206,-0.20570845901966096,0.923500120639801,0.32377690076828005,-0.679934561252594,-0.37282809615135195,0.6314176917076111],"EasingStyle":"Constant","EasingDirection":"In"},"Torso":{"Weight":1,"CFrame":[-0.020413998514413835,-0.28074339032173159,-0.27282190322875979,0.9873412251472473,0.1565445512533188,-0.02551758475601673,-0.15547694265842439,0.9234043955802918,-0.3509291708469391,-0.03137299418449402,0.3504542112350464,0.9360542893409729],"EasingStyle":"Constant","EasingDirection":"In"},"HumanoidRootPart":{"Weight":0,"CFrame":[0,0,0,1,0,0,0,1,0,0,0,1],"EasingStyle":"Linear","EasingDirection":"In"},"Right Leg":{"Weight":1,"CFrame":[0.4760473966598511,0.34430861473083498,-0.01865065097808838,0.9916213154792786,-0.12778010964393617,0.018958620727062227,0.12720860540866853,0.9914581179618836,0.02878735028207302,-0.0224751066416502,-0.02613442949950695,0.9994057416915894],"EasingStyle":"Constant","EasingDirection":"In"}}},{"Time":0.10000000149011612,"poses":{"Left Leg":{"Weight":1,"CFrame":[-0.3974337577819824,0.31788498163223269,0.11800602078437805,0.9672952890396118,-0.014811897650361061,0.25322023034095766,0.013006283901631832,0.9998766779899597,0.0088032316416502,-0.2533193826675415,-0.00522185955196619,0.9673686027526856],"EasingStyle":"Constant","EasingDirection":"In"},"Right Arm":{"Weight":1,"CFrame":[-0.10060310363769531,-0.18849284946918488,0.0518573522567749,0.7730429172515869,0.26805204153060915,-0.5749371647834778,0.016034988686442376,0.8977885842323303,0.44013461470603945,0.634151041507721,-0.34946209192276,0.6897309422492981],"EasingStyle":"Constant","EasingDirection":"In"},"Head":{"Weight":1,"CFrame":[7.031485438346863e-8,1.4901161193847657e-7,0,0.9977825284004211,0.06641215831041336,-0.004412769805639982,-0.05785762891173363,0.832663357257843,-0.5507487058639526,-0.0329020693898201,0.5497828125953674,0.8346594572067261],"EasingStyle":"Constant","EasingDirection":"In"},"Left Arm":{"Weight":1,"CFrame":[-0.03808319568634033,-0.14514875411987306,0.04600214958190918,0.703827440738678,-0.09025920182466507,0.7046135663986206,-0.20570845901966096,0.923500120639801,0.32377690076828005,-0.679934561252594,-0.37282809615135195,0.6314176917076111],"EasingStyle":"Constant","EasingDirection":"In"},"Torso":{"Weight":1,"CFrame":[-0.020413998514413835,-0.28074339032173159,-0.27282190322875979,0.9873412251472473,0.1565445512533188,-0.02551758475601673,-0.15547694265842439,0.9234043955802918,-0.3509291708469391,-0.03137299418449402,0.3504542112350464,0.9360542893409729],"EasingStyle":"Constant","EasingDirection":"In"},"HumanoidRootPart":{"Weight":0,"CFrame":[0,0,0,1,0,0,0,1,0,0,0,1],"EasingStyle":"Linear","EasingDirection":"In"},"Right Leg":{"Weight":1,"CFrame":[0.4760473966598511,0.34430861473083498,-0.01865065097808838,0.9916213154792786,-0.12778010964393617,0.018958620727062227,0.12720860540866853,0.9914581179618836,0.02878735028207302,-0.0224751066416502,-0.02613442949950695,0.9994057416915894],"EasingStyle":"Constant","EasingDirection":"In"}}},{"Time":0.13333334028720857,"poses":{"Left Leg":{"Weight":1,"CFrame":[-0.3974337577819824,0.31788498163223269,0.11800602078437805,0.9672952890396118,-0.014811897650361061,0.25322023034095766,0.013006283901631832,0.9998766779899597,0.0088032316416502,-0.2533193826675415,-0.00522185955196619,0.9673686027526856],"EasingStyle":"Constant","EasingDirection":"In"},"Right Arm":{"Weight":1,"CFrame":[-0.10060310363769531,-0.18849284946918488,0.0518573522567749,0.7730429172515869,0.26805204153060915,-0.5749371647834778,0.016034988686442376,0.8977885842323303,0.44013461470603945,0.634151041507721,-0.34946209192276,0.6897309422492981],"EasingStyle":"Constant","EasingDirection":"In"},"Head":{"Weight":1,"CFrame":[7.031485438346863e-8,1.4901161193847657e-7,0,0.9977825284004211,0.06641215831041336,-0.004412769805639982,-0.05785762891173363,0.832663357257843,-0.5507487058639526,-0.0329020693898201,0.5497828125953674,0.8346594572067261],"EasingStyle":"Constant","EasingDirection":"In"},"Left Arm":{"Weight":1,"CFrame":[-0.03808319568634033,-0.14514875411987306,0.04600214958190918,0.703827440738678,-0.09025920182466507,0.7046135663986206,-0.20570845901966096,0.923500120639801,0.32377690076828005,-0.679934561252594,-0.37282809615135195,0.6314176917076111],"EasingStyle":"Constant","EasingDirection":"In"},"Torso":{"Weight":1,"CFrame":[-0.020413998514413835,-0.28074339032173159,-0.27282190322875979,0.9873412251472473,0.1565445512533188,-0.02551758475601673,-0.15547694265842439,0.9234043955802918,-0.3509291708469391,-0.03137299418449402,0.3504542112350464,0.9360542893409729],"EasingStyle":"Constant","EasingDirection":"In"},"HumanoidRootPart":{"Weight":0,"CFrame":[0,0,0,1,0,0,0,1,0,0,0,1],"EasingStyle":"Linear","EasingDirection":"In"},"Right Leg":{"Weight":1,"CFrame":[0.4760473966598511,0.34430861473083498,-0.01865065097808838,0.9916213154792786,-0.12778010964393617,0.018958620727062227,0.12720860540866853,0.9914581179618836,0.02878735028207302,-0.0224751066416502,-0.02613442949950695,0.9994057416915894],"EasingStyle":"Constant","EasingDirection":"In"}}},{"Time":0.1666666716337204,"poses":{"Left Leg":{"Weight":1,"CFrame":[-0.35313498973846438,0.2178645133972168,0.10467687249183655,0.9680745005607605,-0.042848531156778339,0.24697314202785493,0.042721688747406009,0.9990697503089905,0.005874644033610821,-0.24699509143829347,0.0048640151508152489,0.9690045118331909],"EasingStyle":"Constant","EasingDirection":"In"},"Right Arm":{"Weight":1,"CFrame":[-0.10060319304466248,-0.1884932518005371,0.0518573522567749,0.817965030670166,0.11875010281801224,-0.5628780126571655,0.008156806230545044,0.9759697914123535,0.217753067612648,0.5752100944519043,-0.18270570039749146,0.7973405718803406],"EasingStyle":"Constant","EasingDirection":"In"},"Head":{"Weight":1,"CFrame":[7.636845111846924e-8,-2.9802322387695315e-8,-3.2782554626464846e-7,0.9971741437911987,0.07336214184761048,0.016177525743842126,-0.045619793236255649,0.7624227404594421,-0.6454691886901856,-0.05968710035085678,0.6429070830345154,0.7636150121688843],"EasingStyle":"Constant","EasingDirection":"In"},"Left Arm":{"Weight":1,"CFrame":[-0.03808325529098511,-0.1451493501663208,0.04600203037261963,0.7885247468948364,0.034547626972198489,0.614031970500946,-0.1896037608385086,0.9634439945220947,0.18927763402462007,-0.5850462913513184,-0.2656729221343994,0.7662497758865356],"EasingStyle":"Constant","EasingDirection":"In"},"Torso":{"Weight":1,"CFrame":[-0.026348594576120378,-0.2254100888967514,-0.1979522407054901,0.9874882102012634,0.15421509742736817,-0.032935839146375659,-0.15721426904201508,0.9465165138244629,-0.28176262974739077,-0.012277740053832531,0.2834152281284332,0.9589186906814575],"EasingStyle":"Constant","EasingDirection":"In"},"HumanoidRootPart":{"Weight":0,"CFrame":[0,0,0,1,0,0,0,1,0,0,0,1],"EasingStyle":"Linear","EasingDirection":"In"},"Right Leg":{"Weight":1,"CFrame":[0.4497254192829132,0.27141183614730837,-0.019669920206069948,0.9962278604507446,-0.08511388301849365,0.016902606934309007,0.08424762636423111,0.9953525066375732,0.046644121408462527,-0.020794067531824113,-0.0450441874563694,0.9987685680389404],"EasingStyle":"Constant","EasingDirection":"In"}}},{"Time":0.20000000298023225,"poses":{"Left Leg":{"Weight":1,"CFrame":[-0.35313498973846438,0.2178645133972168,0.10467687249183655,0.9680745005607605,-0.042848531156778339,0.24697314202785493,0.042721688747406009,0.9990697503089905,0.005874644033610821,-0.24699509143829347,0.0048640151508152489,0.9690045118331909],"EasingStyle":"Constant","EasingDirection":"In"},"Right Arm":{"Weight":1,"CFrame":[-0.10060319304466248,-0.1884932518005371,0.0518573522567749,0.817965030670166,0.11875010281801224,-0.5628780126571655,0.008156806230545044,0.9759697914123535,0.217753067612648,0.5752100944519043,-0.18270570039749146,0.7973405718803406],"EasingStyle":"Constant","EasingDirection":"In"},"Head":{"Weight":1,"CFrame":[7.636845111846924e-8,-2.9802322387695315e-8,-3.2782554626464846e-7,0.9971741437911987,0.07336214184761048,0.016177525743842126,-0.045619793236255649,0.7624227404594421,-0.6454691886901856,-0.05968710035085678,0.6429070830345154,0.7636150121688843],"EasingStyle":"Constant","EasingDirection":"In"},"Left Arm":{"Weight":1,"CFrame":[-0.03808325529098511,-0.1451493501663208,0.04600203037261963,0.7885247468948364,0.034547626972198489,0.614031970500946,-0.1896037608385086,0.9634439945220947,0.18927763402462007,-0.5850462913513184,-0.2656729221343994,0.7662497758865356],"EasingStyle":"Constant","EasingDirection":"In"},"Torso":{"Weight":1,"CFrame":[-0.026348594576120378,-0.2254100888967514,-0.1979522407054901,0.9874882102012634,0.15421509742736817,-0.032935839146375659,-0.15721426904201508,0.9465165138244629,-0.28176262974739077,-0.012277740053832531,0.2834152281284332,0.9589186906814575],"EasingStyle":"Constant","EasingDirection":"In"},"HumanoidRootPart":{"Weight":0,"CFrame":[0,0,0,1,0,0,0,1,0,0,0,1],"EasingStyle":"Linear","EasingDirection":"In"},"Right Leg":{"Weight":1,"CFrame":[0.4497254192829132,0.27141183614730837,-0.019669920206069948,0.9962278604507446,-0.08511388301849365,0.016902606934309007,0.08424762636423111,0.9953525066375732,0.046644121408462527,-0.020794067531824113,-0.0450441874563694,0.9987685680389404],"EasingStyle":"Constant","EasingDirection":"In"}}},{"Time":0.23333333432674409,"poses":{"Left Leg":{"Weight":1,"CFrame":[-0.34697893261909487,0.13094794750213624,0.1032174825668335,0.9458569288253784,-0.20195910334587098,0.2541007995605469,0.19833090901374818,0.9793145656585693,0.04009746015071869,-0.2569426894187927,0.012469591572880745,0.9663462042808533],"EasingStyle":"Constant","EasingDirection":"In"},"Right Arm":{"Weight":1,"CFrame":[-0.10060316324234009,-0.18849295377731324,0.05185729265213013,0.8518402576446533,-0.019116949290037156,-0.523452639579773,0.055956628173589709,0.9969363212585449,0.05465170741081238,0.520804226398468,-0.07584520429372788,0.8503002524375916],"EasingStyle":"Constant","EasingDirection":"In"},"Head":{"Weight":1,"CFrame":[8.475035429000855e-8,-2.9802322387695315e-8,-8.940696716308594e-8,0.9997442960739136,0.018844379112124444,0.012501450255513192,-0.011063124984502793,0.8897059559822083,-0.45639997720718386,-0.019723182544112207,0.45614495873451235,0.8896868824958801],"EasingStyle":"Constant","EasingDirection":"In"},"Left Arm":{"Weight":1,"CFrame":[-0.03808325529098511,-0.14514899253845216,0.04600211977958679,0.7945720553398132,0.05850343406200409,0.6043447256088257,-0.13404156267642976,0.9876908659934998,0.08062008023262024,-0.5921892523765564,-0.14506590366363526,0.7926334738731384],"EasingStyle":"Constant","EasingDirection":"In"},"Torso":{"Weight":1,"CFrame":[-0.013256409205496312,-0.1024201512336731,-0.14879654347896577,0.9857056140899658,0.1676599532365799,-0.016570599749684335,-0.16839441657066346,0.9773703813552856,-0.12802518904209138,-0.005269080400466919,0.12898553907871247,0.9916324615478516],"EasingStyle":"Constant","EasingDirection":"In"},"HumanoidRootPart":{"Weight":0,"CFrame":[0,0,0,1,0,0,0,1,0,0,0,1],"EasingStyle":"Linear","EasingDirection":"In"},"Right Leg":{"Weight":1,"CFrame":[0.4778178930282593,0.18452811241149903,-0.02504679560661316,0.9964010119438171,0.07751648873090744,0.034296561032533649,-0.07923363149166107,0.9955033659934998,0.051914364099502566,-0.030118079856038095,-0.05444501340389252,0.9980624318122864],"EasingStyle":"Constant","EasingDirection":"In"}}},{"Time":0.2666666805744171,"poses":{"Left Leg":{"Weight":1,"CFrame":[-0.34697893261909487,0.13094794750213624,0.1032174825668335,0.9458569288253784,-0.20195910334587098,0.2541007995605469,0.19833090901374818,0.9793145656585693,0.04009746015071869,-0.2569426894187927,0.012469591572880745,0.9663462042808533],"EasingStyle":"Constant","EasingDirection":"In"},"Right Arm":{"Weight":1,"CFrame":[-0.10060316324234009,-0.18849295377731324,0.05185729265213013,0.8518402576446533,-0.019116949290037156,-0.523452639579773,0.055956628173589709,0.9969363212585449,0.05465170741081238,0.520804226398468,-0.07584520429372788,0.8503002524375916],"EasingStyle":"Constant","EasingDirection":"In"},"Head":{"Weight":1,"CFrame":[8.475035429000855e-8,-2.9802322387695315e-8,-8.940696716308594e-8,0.9997442960739136,0.018844379112124444,0.012501450255513192,-0.011063124984502793,0.8897059559822083,-0.45639997720718386,-0.019723182544112207,0.45614495873451235,0.8896868824958801],"EasingStyle":"Constant","EasingDirection":"In"},"Left Arm":{"Weight":1,"CFrame":[-0.03808325529098511,-0.14514899253845216,0.04600211977958679,0.7945720553398132,0.05850343406200409,0.6043447256088257,-0.13404156267642976,0.9876908659934998,0.08062008023262024,-0.5921892523765564,-0.14506590366363526,0.7926334738731384],"EasingStyle":"Constant","EasingDirection":"In"},"Torso":{"Weight":1,"CFrame":[-0.013256409205496312,-0.1024201512336731,-0.14879654347896577,0.9857056140899658,0.1676599532365799,-0.016570599749684335,-0.16839441657066346,0.9773703813552856,-0.12802518904209138,-0.005269080400466919,0.12898553907871247,0.9916324615478516],"EasingStyle":"Constant","EasingDirection":"In"},"HumanoidRootPart":{"Weight":0,"CFrame":[0,0,0,1,0,0,0,1,0,0,0,1],"EasingStyle":"Linear","EasingDirection":"In"},"Right Leg":{"Weight":1,"CFrame":[0.4778178930282593,0.18452811241149903,-0.02504679560661316,0.9964010119438171,0.07751648873090744,0.034296561032533649,-0.07923363149166107,0.9955033659934998,0.051914364099502566,-0.030118079856038095,-0.05444501340389252,0.9980624318122864],"EasingStyle":"Constant","EasingDirection":"In"}}},{"Time":0.30000001192092898,"poses":{"Left Leg":{"Weight":1,"CFrame":[-0.34697893261909487,0.13094794750213624,0.1032174825668335,0.9458569288253784,-0.20195910334587098,0.2541007995605469,0.19833090901374818,0.9793145656585693,0.04009746015071869,-0.2569426894187927,0.012469591572880745,0.9663462042808533],"EasingStyle":"Constant","EasingDirection":"In"},"Right Arm":{"Weight":1,"CFrame":[-0.10060316324234009,-0.18849295377731324,0.05185729265213013,0.8518402576446533,-0.019116949290037156,-0.523452639579773,0.055956628173589709,0.9969363212585449,0.05465170741081238,0.520804226398468,-0.07584520429372788,0.8503002524375916],"EasingStyle":"Constant","EasingDirection":"In"},"Head":{"Weight":1,"CFrame":[8.475035429000855e-8,-2.9802322387695315e-8,-8.940696716308594e-8,0.9997442960739136,0.018844379112124444,0.012501450255513192,-0.011063124984502793,0.8897059559822083,-0.45639997720718386,-0.019723182544112207,0.45614495873451235,0.8896868824958801],"EasingStyle":"Constant","EasingDirection":"In"},"Left Arm":{"Weight":1,"CFrame":[-0.03808325529098511,-0.14514899253845216,0.04600211977958679,0.7945720553398132,0.05850343406200409,0.6043447256088257,-0.13404156267642976,0.9876908659934998,0.08062008023262024,-0.5921892523765564,-0.14506590366363526,0.7926334738731384],"EasingStyle":"Constant","EasingDirection":"In"},"Torso":{"Weight":1,"CFrame":[-0.013256409205496312,-0.1024201512336731,-0.14879654347896577,0.9857056140899658,0.1676599532365799,-0.016570599749684335,-0.16839441657066346,0.9773703813552856,-0.12802518904209138,-0.005269080400466919,0.12898553907871247,0.9916324615478516],"EasingStyle":"Constant","EasingDirection":"In"},"HumanoidRootPart":{"Weight":0,"CFrame":[0,0,0,1,0,0,0,1,0,0,0,1],"EasingStyle":"Linear","EasingDirection":"In"},"Right Leg":{"Weight":1,"CFrame":[0.4778178930282593,0.18452811241149903,-0.02504679560661316,0.9964010119438171,0.07751648873090744,0.034296561032533649,-0.07923363149166107,0.9955033659934998,0.051914364099502566,-0.030118079856038095,-0.05444501340389252,0.9980624318122864],"EasingStyle":"Constant","EasingDirection":"In"}}},{"Time":0.3333333432674408,"poses":{"Left Leg":{"Weight":1,"CFrame":[-0.34134387969970705,0.08398932218551636,0.08926898241043091,0.9303351640701294,-0.28708386421203616,0.2281651645898819,0.2797684967517853,0.9578978419303894,0.06450783461332321,-0.23707810044288636,0.003819603007286787,0.9714831113815308],"EasingStyle":"Constant","EasingDirection":"In"},"Right Arm":{"Weight":1,"CFrame":[-0.11267933249473572,-0.2102997601032257,-0.033467382192611697,0.8529676198959351,-0.011206754483282566,-0.5218436121940613,0.021153979003429414,0.9996902942657471,0.013107821345329285,0.5215350389480591,-0.022219592705368997,0.8529404997825623],"EasingStyle":"Constant","EasingDirection":"In"},"Head":{"Weight":1,"CFrame":[8.195638656616211e-8,0,1.1920928955078126e-7,0.996131181716919,-0.038419440388679507,-0.07903573662042618,0.030782179906964303,0.994936466217041,-0.09567596018314362,0.08231135457754135,0.09287291020154953,0.9922698736190796],"EasingStyle":"Constant","EasingDirection":"In"},"Left Arm":{"Weight":1,"CFrame":[-0.04378625750541687,-0.17737752199172975,0.014058500528335572,0.8224655985832214,0.017671575769782068,0.5685403347015381,-0.032746125012636188,0.9993306398391724,0.016309767961502076,-0.5678715109825134,-0.03203190118074417,0.8224937319755554],"EasingStyle":"Constant","EasingDirection":"In"},"Torso":{"Weight":1,"CFrame":[-0.0009507322683930397,-0.02325236238539219,-0.12480951100587845,0.9890877604484558,0.1473228484392166,-0.0011885019484907389,-0.14729487895965577,0.9886654615402222,-0.029065437614917756,-0.0031069726683199407,0.02892332896590233,0.9995768070220947],"EasingStyle":"Constant","EasingDirection":"In"},"HumanoidRootPart":{"Weight":0,"CFrame":[0,0,0,1,0,0,0,1,0,0,0,1],"EasingStyle":"Linear","EasingDirection":"In"},"Right Leg":{"Weight":1,"CFrame":[0.46356523036956789,0.11824345588684082,-0.013530969619750977,0.9827415347099304,0.1840888410806656,0.018177129328250886,-0.18477138876914979,0.9815720319747925,0.04874346777796745,-0.008868975564837456,-0.051260869950056079,0.9986459016799927],"EasingStyle":"Constant","EasingDirection":"In"}}},{"Time":0.36666667461395266,"poses":{"Left Leg":{"Weight":1,"CFrame":[-0.34134387969970705,0.08398932218551636,0.08926898241043091,0.9303351640701294,-0.28708386421203616,0.2281651645898819,0.2797684967517853,0.9578978419303894,0.06450783461332321,-0.23707810044288636,0.003819603007286787,0.9714831113815308],"EasingStyle":"Constant","EasingDirection":"In"},"Right Arm":{"Weight":1,"CFrame":[-0.11267933249473572,-0.2102997601032257,-0.033467382192611697,0.8529676198959351,-0.011206754483282566,-0.5218436121940613,0.021153979003429414,0.9996902942657471,0.013107821345329285,0.5215350389480591,-0.022219592705368997,0.8529404997825623],"EasingStyle":"Constant","EasingDirection":"In"},"Head":{"Weight":1,"CFrame":[8.195638656616211e-8,0,1.1920928955078126e-7,0.996131181716919,-0.038419440388679507,-0.07903573662042618,0.030782179906964303,0.994936466217041,-0.09567596018314362,0.08231135457754135,0.09287291020154953,0.9922698736190796],"EasingStyle":"Constant","EasingDirection":"In"},"Left Arm":{"Weight":1,"CFrame":[-0.04378625750541687,-0.17737752199172975,0.014058500528335572,0.8224655985832214,0.017671575769782068,0.5685403347015381,-0.032746125012636188,0.9993306398391724,0.016309767961502076,-0.5678715109825134,-0.03203190118074417,0.8224937319755554],"EasingStyle":"Constant","EasingDirection":"In"},"Torso":{"Weight":1,"CFrame":[-0.0009507322683930397,-0.02325236238539219,-0.12480951100587845,0.9890877604484558,0.1473228484392166,-0.0011885019484907389,-0.14729487895965577,0.9886654615402222,-0.029065437614917756,-0.0031069726683199407,0.02892332896590233,0.9995768070220947],"EasingStyle":"Constant","EasingDirection":"In"},"HumanoidRootPart":{"Weight":0,"CFrame":[0,0,0,1,0,0,0,1,0,0,0,1],"EasingStyle":"Linear","EasingDirection":"In"},"Right Leg":{"Weight":1,"CFrame":[0.46356523036956789,0.11824345588684082,-0.013530969619750977,0.9827415347099304,0.1840888410806656,0.018177129328250886,-0.18477138876914979,0.9815720319747925,0.04874346777796745,-0.008868975564837456,-0.051260869950056079,0.9986459016799927],"EasingStyle":"Constant","EasingDirection":"In"}}},{"Time":0.4000000059604645,"poses":{"Left Leg":{"Weight":1,"CFrame":[-0.34134387969970705,0.08398932218551636,0.08926898241043091,0.9303351640701294,-0.28708386421203616,0.2281651645898819,0.2797684967517853,0.9578978419303894,0.06450783461332321,-0.23707810044288636,0.003819603007286787,0.9714831113815308],"EasingStyle":"Constant","EasingDirection":"In"},"Right Arm":{"Weight":1,"CFrame":[-0.11267933249473572,-0.2102997601032257,-0.033467382192611697,0.8529676198959351,-0.011206754483282566,-0.5218436121940613,0.021153979003429414,0.9996902942657471,0.013107821345329285,0.5215350389480591,-0.022219592705368997,0.8529404997825623],"EasingStyle":"Constant","EasingDirection":"In"},"Head":{"Weight":1,"CFrame":[8.195638656616211e-8,0,1.1920928955078126e-7,0.996131181716919,-0.038419440388679507,-0.07903573662042618,0.030782179906964303,0.994936466217041,-0.09567596018314362,0.08231135457754135,0.09287291020154953,0.9922698736190796],"EasingStyle":"Constant","EasingDirection":"In"},"Left Arm":{"Weight":1,"CFrame":[-0.04378625750541687,-0.17737752199172975,0.014058500528335572,0.8224655985832214,0.017671575769782068,0.5685403347015381,-0.032746125012636188,0.9993306398391724,0.016309767961502076,-0.5678715109825134,-0.03203190118074417,0.8224937319755554],"EasingStyle":"Constant","EasingDirection":"In"},"Torso":{"Weight":1,"CFrame":[-0.0009507322683930397,-0.02325236238539219,-0.12480951100587845,0.9890877604484558,0.1473228484392166,-0.0011885019484907389,-0.14729487895965577,0.9886654615402222,-0.029065437614917756,-0.0031069726683199407,0.02892332896590233,0.9995768070220947],"EasingStyle":"Constant","EasingDirection":"In"},"HumanoidRootPart":{"Weight":0,"CFrame":[0,0,0,1,0,0,0,1,0,0,0,1],"EasingStyle":"Linear","EasingDirection":"In"},"Right Leg":{"Weight":1,"CFrame":[0.46356523036956789,0.11824345588684082,-0.013530969619750977,0.9827415347099304,0.1840888410806656,0.018177129328250886,-0.18477138876914979,0.9815720319747925,0.04874346777796745,-0.008868975564837456,-0.051260869950056079,0.9986459016799927],"EasingStyle":"Constant","EasingDirection":"In"}}},{"Time":0.4333333373069763,"poses":{"Left Leg":{"Weight":1,"CFrame":[-0.41912657022476199,0.07538896799087525,0.07682156562805176,0.9141513705253601,-0.3667623698711395,0.17266356945037843,0.35772159695625307,0.9302210807800293,0.08199966698884964,-0.19068972766399384,-0.013194587081670761,0.9815616607666016],"EasingStyle":"Constant","EasingDirection":"In"},"Right Arm":{"Weight":1,"CFrame":[-0.11059486865997315,-0.23294305801391602,-0.10916703939437866,0.8191118836402893,0.04010656848549843,-0.5722300410270691,-0.01636980101466179,0.9987808465957642,0.04657020419836044,0.5734001994132996,-0.02877890318632126,0.8187698125839233],"EasingStyle":"Constant","EasingDirection":"In"},"Head":{"Weight":1,"CFrame":[8.940696716308594e-8,7.450580596923828e-9,-1.4901161193847657e-7,0.9960494041442871,0.0507521890103817,-0.07286839187145233,-0.03249615430831909,0.9719853401184082,0.23278427124023438,0.08264131098985672,-0.22949668765068055,0.9697946310043335],"EasingStyle":"Constant","EasingDirection":"In"},"Left Arm":{"Weight":1,"CFrame":[-0.039388179779052737,-0.20955446362495423,0.013149797916412354,0.7466062307357788,-0.13371402025222779,0.6516898274421692,0.09149733930826187,0.9909223318099976,0.09849423915147782,-0.6589441299438477,-0.013908597640693188,0.7520633339881897],"EasingStyle":"Constant","EasingDirection":"In"},"Torso":{"Weight":1,"CFrame":[0.008924202062189579,0.028897739946842195,-0.14720940589904786,0.9953636527061462,0.09553398191928864,0.011155168525874615,-0.09587869793176651,0.9947373867034912,0.03612218797206879,-0.007645566947758198,-0.037024255841970447,0.999285101890564],"EasingStyle":"Constant","EasingDirection":"In"},"HumanoidRootPart":{"Weight":0,"CFrame":[0,0,0,1,0,0,0,1,0,0,0,1],"EasingStyle":"Linear","EasingDirection":"In"},"Right Leg":{"Weight":1,"CFrame":[0.48387742042541506,0.08517563343048096,0.011703044176101685,0.9544857144355774,0.2966875433921814,-0.03055339679121971,-0.2952077090740204,0.9543684720993042,0.045091692358255389,0.04253736510872841,-0.034019771963357928,0.9985154867172241],"EasingStyle":"Constant","EasingDirection":"In"}}},{"Time":0.46666666865348818,"poses":{"Left Leg":{"Weight":1,"CFrame":[-0.41912657022476199,0.07538896799087525,0.07682156562805176,0.9141513705253601,-0.3667623698711395,0.17266356945037843,0.35772159695625307,0.9302210807800293,0.08199966698884964,-0.19068972766399384,-0.013194587081670761,0.9815616607666016],"EasingStyle":"Constant","EasingDirection":"In"},"Right Arm":{"Weight":1,"CFrame":[-0.11059486865997315,-0.23294305801391602,-0.10916703939437866,0.8191118836402893,0.04010656848549843,-0.5722300410270691,-0.01636980101466179,0.9987808465957642,0.04657020419836044,0.5734001994132996,-0.02877890318632126,0.8187698125839233],"EasingStyle":"Constant","EasingDirection":"In"},"Head":{"Weight":1,"CFrame":[8.940696716308594e-8,7.450580596923828e-9,-1.4901161193847657e-7,0.9960494041442871,0.0507521890103817,-0.07286839187145233,-0.03249615430831909,0.9719853401184082,0.23278427124023438,0.08264131098985672,-0.22949668765068055,0.9697946310043335],"EasingStyle":"Constant","EasingDirection":"In"},"Left Arm":{"Weight":1,"CFrame":[-0.039388179779052737,-0.20955446362495423,0.013149797916412354,0.7466062307357788,-0.13371402025222779,0.6516898274421692,0.09149733930826187,0.9909223318099976,0.09849423915147782,-0.6589441299438477,-0.013908597640693188,0.7520633339881897],"EasingStyle":"Constant","EasingDirection":"In"},"Torso":{"Weight":1,"CFrame":[0.008924202062189579,0.028897739946842195,-0.14720940589904786,0.9953636527061462,0.09553398191928864,0.011155168525874615,-0.09587869793176651,0.9947373867034912,0.03612218797206879,-0.007645566947758198,-0.037024255841970447,0.999285101890564],"EasingStyle":"Constant","EasingDirection":"In"},"HumanoidRootPart":{"Weight":0,"CFrame":[0,0,0,1,0,0,0,1,0,0,0,1],"EasingStyle":"Linear","EasingDirection":"In"},"Right Leg":{"Weight":1,"CFrame":[0.48387742042541506,0.08517563343048096,0.011703044176101685,0.9544857144355774,0.2966875433921814,-0.03055339679121971,-0.2952077090740204,0.9543684720993042,0.045091692358255389,0.04253736510872841,-0.034019771963357928,0.9985154867172241],"EasingStyle":"Constant","EasingDirection":"In"}}},{"Time":0.5,"poses":{"Left Leg":{"Weight":1,"CFrame":[-0.41912657022476199,0.07538896799087525,0.07682156562805176,0.9141513705253601,-0.3667623698711395,0.17266356945037843,0.35772159695625307,0.9302210807800293,0.08199966698884964,-0.19068972766399384,-0.013194587081670761,0.9815616607666016],"EasingStyle":"Constant","EasingDirection":"In"},"Right Arm":{"Weight":1,"CFrame":[-0.11059486865997315,-0.23294305801391602,-0.10916703939437866,0.8191118836402893,0.04010656848549843,-0.5722300410270691,-0.01636980101466179,0.9987808465957642,0.04657020419836044,0.5734001994132996,-0.02877890318632126,0.8187698125839233],"EasingStyle":"Constant","EasingDirection":"In"},"Head":{"Weight":1,"CFrame":[8.940696716308594e-8,7.450580596923828e-9,-1.4901161193847657e-7,0.9960494041442871,0.0507521890103817,-0.07286839187145233,-0.03249615430831909,0.9719853401184082,0.23278427124023438,0.08264131098985672,-0.22949668765068055,0.9697946310043335],"EasingStyle":"Constant","EasingDirection":"In"},"Left Arm":{"Weight":1,"CFrame":[-0.039388179779052737,-0.20955446362495423,0.013149797916412354,0.7466062307357788,-0.13371402025222779,0.6516898274421692,0.09149733930826187,0.9909223318099976,0.09849423915147782,-0.6589441299438477,-0.013908597640693188,0.7520633339881897],"EasingStyle":"Constant","EasingDirection":"In"},"Torso":{"Weight":1,"CFrame":[0.008924202062189579,0.028897739946842195,-0.14720940589904786,0.9953636527061462,0.09553398191928864,0.011155168525874615,-0.09587869793176651,0.9947373867034912,0.03612218797206879,-0.007645566947758198,-0.037024255841970447,0.999285101890564],"EasingStyle":"Constant","EasingDirection":"In"},"HumanoidRootPart":{"Weight":0,"CFrame":[0,0,0,1,0,0,0,1,0,0,0,1],"EasingStyle":"Linear","EasingDirection":"In"},"Right Leg":{"Weight":1,"CFrame":[0.48387742042541506,0.08517563343048096,0.011703044176101685,0.9544857144355774,0.2966875433921814,-0.03055339679121971,-0.2952077090740204,0.9543684720993042,0.045091692358255389,0.04253736510872841,-0.034019771963357928,0.9985154867172241],"EasingStyle":"Constant","EasingDirection":"In"}}},{"Time":0.5333333611488342,"poses":{"Left Leg":{"Weight":1,"CFrame":[-0.41912657022476199,0.07538896799087525,0.07682156562805176,0.9141513705253601,-0.3667623698711395,0.17266356945037843,0.35772159695625307,0.9302210807800293,0.08199966698884964,-0.19068972766399384,-0.013194587081670761,0.9815616607666016],"EasingStyle":"Constant","EasingDirection":"In"},"Right Arm":{"Weight":1,"CFrame":[-0.11059486865997315,-0.23294305801391602,-0.10916703939437866,0.8191118836402893,0.04010656848549843,-0.5722300410270691,-0.01636980101466179,0.9987808465957642,0.04657020419836044,0.5734001994132996,-0.02877890318632126,0.8187698125839233],"EasingStyle":"Constant","EasingDirection":"In"},"Head":{"Weight":1,"CFrame":[8.940696716308594e-8,7.450580596923828e-9,-1.4901161193847657e-7,0.9960494041442871,0.0507521890103817,-0.07286839187145233,-0.03249615430831909,0.9719853401184082,0.23278427124023438,0.08264131098985672,-0.22949668765068055,0.9697946310043335],"EasingStyle":"Constant","EasingDirection":"In"},"Left Arm":{"Weight":1,"CFrame":[-0.039388179779052737,-0.20955446362495423,0.013149797916412354,0.7466062307357788,-0.13371402025222779,0.6516898274421692,0.09149733930826187,0.9909223318099976,0.09849423915147782,-0.6589441299438477,-0.013908597640693188,0.7520633339881897],"EasingStyle":"Constant","EasingDirection":"In"},"Torso":{"Weight":1,"CFrame":[0.008924202062189579,0.028897739946842195,-0.14720940589904786,0.9953636527061462,0.09553398191928864,0.011155168525874615,-0.09587869793176651,0.9947373867034912,0.03612218797206879,-0.007645566947758198,-0.037024255841970447,0.999285101890564],"EasingStyle":"Constant","EasingDirection":"In"},"HumanoidRootPart":{"Weight":0,"CFrame":[0,0,0,1,0,0,0,1,0,0,0,1],"EasingStyle":"Linear","EasingDirection":"In"},"Right Leg":{"Weight":1,"CFrame":[0.48387742042541506,0.08517563343048096,0.011703044176101685,0.9544857144355774,0.2966875433921814,-0.03055339679121971,-0.2952077090740204,0.9543684720993042,0.045091692358255389,0.04253736510872841,-0.034019771963357928,0.9985154867172241],"EasingStyle":"Constant","EasingDirection":"In"}}},{"Time":0.5666666626930237,"poses":{"Left Leg":{"Weight":1,"CFrame":[-0.5049185752868652,0.0648353099822998,0.060933858156204227,0.8769236207008362,-0.4654105007648468,0.11999224126338959,0.45306357741355898,0.883786678314209,0.11685223877429962,-0.16043183207511903,-0.04810641333460808,0.9858739376068115],"EasingStyle":"Constant","EasingDirection":"In"},"Right Arm":{"Weight":1,"CFrame":[-0.11059486865997315,-0.23294329643249513,-0.10916697978973389,0.8143402934074402,0.09274031221866608,-0.5729302763938904,-0.08940964937210083,0.9954129457473755,0.03404402360320091,0.5734595060348511,0.023501994088292123,0.8188967704772949],"EasingStyle":"Constant","EasingDirection":"In"},"Head":{"Weight":1,"CFrame":[9.501673048362136e-8,1.1175870895385743e-8,-2.086162567138672e-7,0.9998284578323364,0.01852082833647728,-0.0001968285214388743,-0.0183723084628582,0.9930469393730164,0.11627666652202606,0.0023489976301789285,-0.11625311523675919,0.993216872215271],"EasingStyle":"Constant","EasingDirection":"In"},"Left Arm":{"Weight":1,"CFrame":[-0.03938812017440796,-0.2095545530319214,0.013149887323379517,0.7516641616821289,-0.1390102654695511,0.6447302103042603,0.019519159570336343,0.9817968010902405,0.18892855942249299,-0.6592571139335632,-0.12942636013031007,0.7406949400901794],"EasingStyle":"Constant","EasingDirection":"In"},"Torso":{"Weight":1,"CFrame":[0.029242997989058496,0.09186568111181259,-0.17732763290405274,0.998180091381073,0.04796142876148224,0.03655366972088814,-0.05187109857797623,0.9920297265052795,0.11483213305473328,-0.030754810199141504,-0.11651922762393952,0.992712140083313],"EasingStyle":"Constant","EasingDirection":"In"},"HumanoidRootPart":{"Weight":0,"CFrame":[0,0,0,1,0,0,0,1,0,0,0,1],"EasingStyle":"Linear","EasingDirection":"In"},"Right Leg":{"Weight":1,"CFrame":[0.4866699278354645,0.02790588140487671,0.03646975755691528,0.9101967215538025,0.40766003727912905,-0.07317876070737839,-0.4066406786441803,0.913127601146698,0.02900618314743042,0.07864627987146378,0.0033561198506504299,0.9968969225883484],"EasingStyle":"Constant","EasingDirection":"In"}}},{"Time":0.6000000238418579,"poses":{"Left Leg":{"Weight":1,"CFrame":[-0.5049185752868652,0.0648353099822998,0.060933858156204227,0.8769236207008362,-0.4654105007648468,0.11999224126338959,0.45306357741355898,0.883786678314209,0.11685223877429962,-0.16043183207511903,-0.04810641333460808,0.9858739376068115],"EasingStyle":"Constant","EasingDirection":"In"},"Right Arm":{"Weight":1,"CFrame":[-0.11059486865997315,-0.23294329643249513,-0.10916697978973389,0.8143402934074402,0.09274031221866608,-0.5729302763938904,-0.08940964937210083,0.9954129457473755,0.03404402360320091,0.5734595060348511,0.023501994088292123,0.8188967704772949],"EasingStyle":"Constant","EasingDirection":"In"},"Head":{"Weight":1,"CFrame":[9.501673048362136e-8,1.1175870895385743e-8,-2.086162567138672e-7,0.9998284578323364,0.01852082833647728,-0.0001968285214388743,-0.0183723084628582,0.9930469393730164,0.11627666652202606,0.0023489976301789285,-0.11625311523675919,0.993216872215271],"EasingStyle":"Constant","EasingDirection":"In"},"Left Arm":{"Weight":1,"CFrame":[-0.03938812017440796,-0.2095545530319214,0.013149887323379517,0.7516641616821289,-0.1390102654695511,0.6447302103042603,0.019519159570336343,0.9817968010902405,0.18892855942249299,-0.6592571139335632,-0.12942636013031007,0.7406949400901794],"EasingStyle":"Constant","EasingDirection":"In"},"Torso":{"Weight":1,"CFrame":[0.029242997989058496,0.09186568111181259,-0.17732763290405274,0.998180091381073,0.04796142876148224,0.03655366972088814,-0.05187109857797623,0.9920297265052795,0.11483213305473328,-0.030754810199141504,-0.11651922762393952,0.992712140083313],"EasingStyle":"Constant","EasingDirection":"In"},"HumanoidRootPart":{"Weight":0,"CFrame":[0,0,0,1,0,0,0,1,0,0,0,1],"EasingStyle":"Linear","EasingDirection":"In"},"Right Leg":{"Weight":1,"CFrame":[0.4866699278354645,0.02790588140487671,0.03646975755691528,0.9101967215538025,0.40766003727912905,-0.07317876070737839,-0.4066406786441803,0.913127601146698,0.02900618314743042,0.07864627987146378,0.0033561198506504299,0.9968969225883484],"EasingStyle":"Constant","EasingDirection":"In"}}},{"Time":0.6333333253860474,"poses":{"Left Leg":{"Weight":1,"CFrame":[-0.5049185752868652,0.0648353099822998,0.060933858156204227,0.8769236207008362,-0.4654105007648468,0.11999224126338959,0.45306357741355898,0.883786678314209,0.11685223877429962,-0.16043183207511903,-0.04810641333460808,0.9858739376068115],"EasingStyle":"Constant","EasingDirection":"In"},"Right A