{"Sequence":[{"Time":0,"poses":{"Left Leg":{"Weight":1,"CFrame":[-0.4935036897659302,0.02843177318572998,0.05011463165283203,0.9743956923484802,-0.20960946381092072,0.08134455233812332,0.2174910306930542,0.9704414010047913,-0.10459957271814347,-0.05701514706015587,0.1196131557226181,0.9911821484565735],"EasingStyle":"Constant","EasingDirection":"In"},"Right Arm":{"Weight":1,"CFrame":[0.287942111492157,-0.4544314742088318,0.3485991358757019,-0.4204777181148529,-0.265136182308197,0.8676988482475281,0.17008310556411744,0.9163618087768555,0.3624260723590851,-0.891218364238739,0.2999729812145233,-0.34021463990211489],"EasingStyle":"Constant","EasingDirection":"In"},"Head":{"Weight":1,"CFrame":[8.195638656616211e-8,-1.4901161193847657e-8,3.5762786865234377e-7,0.9986708760261536,0.009233109652996064,0.050706956535577777,-0.0026187642943114044,0.991642415523529,-0.12899011373519898,-0.05147414654493332,0.128685861825943,0.9903485774993897],"EasingStyle":"Constant","EasingDirection":"In"},"Left Arm":{"Weight":1,"CFrame":[0.368313193321228,-0.3531312644481659,-0.3177175223827362,0.5813392996788025,-0.3657815158367157,0.7268071174621582,0.3765304684638977,0.9127941131591797,0.1582142859697342,-0.721297025680542,0.18168877065181733,0.6683708429336548],"EasingStyle":"Constant","EasingDirection":"In"},"Torso":{"Weight":1,"CFrame":[0.09357886016368866,-0.05250435322523117,-0.15202879905700684,0.9592400193214417,-0.27880728244781496,-0.04609876126050949,0.2766810357570648,0.9597851037979126,-0.04754086583852768,0.05749964341521263,0.03284844756126404,0.9978049993515015],"EasingStyle":"Constant","EasingDirection":"In"},"HumanoidRootPart":{"Weight":0,"CFrame":[0,0,0,1,0,0,0,1,0,0,0,1],"EasingStyle":"Linear","EasingDirection":"In"},"Right Leg":{"Weight":1,"CFrame":[0.19530802965164185,0.1957809329032898,0.09174728393554688,0.8789926171302795,0.31107789278030398,-0.3613896071910858,-0.2514333724975586,0.9463380575180054,0.2030407190322876,0.40515825152397158,-0.08760589361190796,0.9100395441055298],"EasingStyle":"Constant","EasingDirection":"In"}}},{"Time":0.03333333507180214,"poses":{"Left Leg":{"Weight":1,"CFrame":[-0.4935036897659302,0.02843177318572998,0.05011463165283203,0.9743956923484802,-0.20960946381092072,0.08134455233812332,0.2174910306930542,0.9704414010047913,-0.10459957271814347,-0.05701514706015587,0.1196131557226181,0.9911821484565735],"EasingStyle":"Constant","EasingDirection":"In"},"Right Arm":{"Weight":1,"CFrame":[0.287942111492157,-0.4544314742088318,0.3485991358757019,-0.4204777181148529,-0.265136182308197,0.8676988482475281,0.17008310556411744,0.9163618087768555,0.3624260723590851,-0.891218364238739,0.2999729812145233,-0.34021463990211489],"EasingStyle":"Constant","EasingDirection":"In"},"Head":{"Weight":1,"CFrame":[8.195638656616211e-8,-1.4901161193847657e-8,3.5762786865234377e-7,0.9986708760261536,0.009233109652996064,0.050706956535577777,-0.0026187642943114044,0.991642415523529,-0.12899011373519898,-0.05147414654493332,0.128685861825943,0.9903485774993897],"EasingStyle":"Constant","EasingDirection":"In"},"Left Arm":{"Weight":1,"CFrame":[0.368313193321228,-0.3531312644481659,-0.3177175223827362,0.5813392996788025,-0.3657815158367157,0.7268071174621582,0.3765304684638977,0.9127941131591797,0.1582142859697342,-0.721297025680542,0.18168877065181733,0.6683708429336548],"EasingStyle":"Constant","EasingDirection":"In"},"Torso":{"Weight":1,"CFrame":[0.09357886016368866,-0.05250435322523117,-0.15202879905700684,0.9592400193214417,-0.27880728244781496,-0.04609876126050949,0.2766810357570648,0.9597851037979126,-0.04754086583852768,0.05749964341521263,0.03284844756126404,0.9978049993515015],"EasingStyle":"Constant","EasingDirection":"In"},"HumanoidRootPart":{"Weight":0,"CFrame":[0,0,0,1,0,0,0,1,0,0,0,1],"EasingStyle":"Linear","EasingDirection":"In"},"Right Leg":{"Weight":1,"CFrame":[0.19530802965164185,0.1957809329032898,0.09174728393554688,0.8789926171302795,0.31107789278030398,-0.3613896071910858,-0.2514333724975586,0.9463380575180054,0.2030407190322876,0.40515825152397158,-0.08760589361190796,0.9100395441055298],"EasingStyle":"Constant","EasingDirection":"In"}}},{"Time":0.06666667014360428,"poses":{"Left Leg":{"Weight":1,"CFrame":[-0.6652525663375855,0.09707486629486084,-0.11527073383331299,0.9611423015594482,-0.16903315484523774,-0.21825052797794343,0.14277642965316773,0.981041669845581,-0.1310424655675888,0.23626329004764558,0.09478940069675446,0.9670546054840088],"EasingStyle":"Constant","EasingDirection":"In"},"Right Arm":{"Weight":1,"CFrame":[0.5980569124221802,-0.8691641092300415,0.010706007480621338,-0.3664149045944214,-0.582210123538971,0.7257904410362244,0.08328398317098618,0.75638747215271,0.6488000750541687,-0.9267167448997498,0.29817673563957217,-0.22866293787956239],"EasingStyle":"Constant","EasingDirection":"In"},"Head":{"Weight":1,"CFrame":[5.587935447692871e-8,-3.725290298461914e-8,-1.4901161193847657e-7,0.9408689141273499,0.3284260928630829,0.08307778835296631,-0.30067911744117739,0.9225544333457947,-0.2418375164270401,-0.15606951713562013,0.2025575488805771,0.9667536616325378],"EasingStyle":"Constant","EasingDirection":"In"},"Left Arm":{"Weight":1,"CFrame":[0.6958355903625488,-0.1425611972808838,-0.26246705651283266,0.5046828389167786,-0.4878542721271515,0.7122454047203064,0.5617837309837341,0.8120300769805908,0.1581331491470337,-0.655510663986206,0.32032066583633425,0.6838862299919128],"EasingStyle":"Constant","EasingDirection":"In"},"Torso":{"Weight":1,"CFrame":[0.1352841854095459,-0.09865422546863556,-0.21443413197994233,0.8151459693908691,-0.5775150656700134,-0.04487084597349167,0.5740850567817688,0.8157692551612854,-0.07033368200063706,0.0772230252623558,0.031572528183460239,0.9965137839317322],"EasingStyle":"Constant","EasingDirection":"In"},"HumanoidRootPart":{"Weight":0,"CFrame":[0,0,0,1,0,0,0,1,0,0,0,1],"EasingStyle":"Linear","EasingDirection":"In"},"Right Leg":{"Weight":1,"CFrame":[-0.008350014686584473,0.19074881076812745,0.24762186408042909,0.7603853344917297,0.3919593095779419,-0.5178629755973816,-0.3601495623588562,0.9180055856704712,0.1660059094429016,0.540468692779541,0.06027969345450401,0.8392019867897034],"EasingStyle":"Constant","EasingDirection":"In"}}},{"Time":0.10000000149011612,"poses":{"Left Leg":{"Weight":1,"CFrame":[-0.6652525663375855,0.09707486629486084,-0.11527073383331299,0.9611423015594482,-0.16903315484523774,-0.21825052797794343,0.14277642965316773,0.981041669845581,-0.1310424655675888,0.23626329004764558,0.09478940069675446,0.9670546054840088],"EasingStyle":"Constant","EasingDirection":"In"},"Right Arm":{"Weight":1,"CFrame":[0.5980569124221802,-0.8691641092300415,0.010706007480621338,-0.3664149045944214,-0.582210123538971,0.7257904410362244,0.08328398317098618,0.75638747215271,0.6488000750541687,-0.9267167448997498,0.29817673563957217,-0.22866293787956239],"EasingStyle":"Constant","EasingDirection":"In"},"Head":{"Weight":1,"CFrame":[5.587935447692871e-8,-3.725290298461914e-8,-1.4901161193847657e-7,0.9408689141273499,0.3284260928630829,0.08307778835296631,-0.30067911744117739,0.9225544333457947,-0.2418375164270401,-0.15606951713562013,0.2025575488805771,0.9667536616325378],"EasingStyle":"Constant","EasingDirection":"In"},"Left Arm":{"Weight":1,"CFrame":[0.6958355903625488,-0.1425611972808838,-0.26246705651283266,0.5046828389167786,-0.4878542721271515,0.7122454047203064,0.5617837309837341,0.8120300769805908,0.1581331491470337,-0.655510663986206,0.32032066583633425,0.6838862299919128],"EasingStyle":"Constant","EasingDirection":"In"},"Torso":{"Weight":1,"CFrame":[0.1352841854095459,-0.09865422546863556,-0.21443413197994233,0.8151459693908691,-0.5775150656700134,-0.04487084597349167,0.5740850567817688,0.8157692551612854,-0.07033368200063706,0.0772230252623558,0.031572528183460239,0.9965137839317322],"EasingStyle":"Constant","EasingDirection":"In"},"HumanoidRootPart":{"Weight":0,"CFrame":[0,0,0,1,0,0,0,1,0,0,0,1],"EasingStyle":"Linear","EasingDirection":"In"},"Right Leg":{"Weight":1,"CFrame":[-0.008350014686584473,0.19074881076812745,0.24762186408042909,0.7603853344917297,0.3919593095779419,-0.5178629755973816,-0.3601495623588562,0.9180055856704712,0.1660059094429016,0.540468692779541,0.06027969345450401,0.8392019867897034],"EasingStyle":"Constant","EasingDirection":"In"}}},{"Time":0.13333334028720857,"poses":{"Left Leg":{"Weight":1,"CFrame":[-0.6652525663375855,0.09707486629486084,-0.11527073383331299,0.9611423015594482,-0.16903315484523774,-0.21825052797794343,0.14277642965316773,0.981041669845581,-0.1310424655675888,0.23626329004764558,0.09478940069675446,0.9670546054840088],"EasingStyle":"Constant","EasingDirection":"In"},"Right Arm":{"Weight":1,"CFrame":[0.5980569124221802,-0.8691641092300415,0.010706007480621338,-0.3664149045944214,-0.582210123538971,0.7257904410362244,0.08328398317098618,0.75638747215271,0.6488000750541687,-0.9267167448997498,0.29817673563957217,-0.22866293787956239],"EasingStyle":"Constant","EasingDirection":"In"},"Head":{"Weight":1,"CFrame":[5.587935447692871e-8,-3.725290298461914e-8,-1.4901161193847657e-7,0.9408689141273499,0.3284260928630829,0.08307778835296631,-0.30067911744117739,0.9225544333457947,-0.2418375164270401,-0.15606951713562013,0.2025575488805771,0.9667536616325378],"EasingStyle":"Constant","EasingDirection":"In"},"Left Arm":{"Weight":1,"CFrame":[0.6958355903625488,-0.1425611972808838,-0.26246705651283266,0.5046828389167786,-0.4878542721271515,0.7122454047203064,0.5617837309837341,0.8120300769805908,0.1581331491470337,-0.655510663986206,0.32032066583633425,0.6838862299919128],"EasingStyle":"Constant","EasingDirection":"In"},"Torso":{"Weight":1,"CFrame":[0.1352841854095459,-0.09865422546863556,-0.21443413197994233,0.8151459693908691,-0.5775150656700134,-0.04487084597349167,0.5740850567817688,0.8157692551612854,-0.07033368200063706,0.0772230252623558,0.031572528183460239,0.9965137839317322],"EasingStyle":"Constant","EasingDirection":"In"},"HumanoidRootPart":{"Weight":0,"CFrame":[0,0,0,1,0,0,0,1,0,0,0,1],"EasingStyle":"Linear","EasingDirection":"In"},"Right Leg":{"Weight":1,"CFrame":[-0.008350014686584473,0.19074881076812745,0.24762186408042909,0.7603853344917297,0.3919593095779419,-0.5178629755973816,-0.3601495623588562,0.9180055856704712,0.1660059094429016,0.540468692779541,0.06027969345450401,0.8392019867897034],"EasingStyle":"Constant","EasingDirection":"In"}}},{"Time":0.1666666716337204,"poses":{"Left Leg":{"Weight":1,"CFrame":[-0.6652525663375855,0.09707486629486084,-0.11527073383331299,0.9611423015594482,-0.16903315484523774,-0.21825052797794343,0.14277642965316773,0.981041669845581,-0.1310424655675888,0.23626329004764558,0.09478940069675446,0.9670546054840088],"EasingStyle":"Constant","EasingDirection":"In"},"Right Arm":{"Weight":1,"CFrame":[0.5980569124221802,-0.8691641092300415,0.010706007480621338,-0.3664149045944214,-0.582210123538971,0.7257904410362244,0.08328398317098618,0.75638747215271,0.6488000750541687,-0.9267167448997498,0.29817673563957217,-0.22866293787956239],"EasingStyle":"Constant","EasingDirection":"In"},"Head":{"Weight":1,"CFrame":[5.587935447692871e-8,-3.725290298461914e-8,-1.4901161193847657e-7,0.9408689141273499,0.3284260928630829,0.08307778835296631,-0.30067911744117739,0.9225544333457947,-0.2418375164270401,-0.15606951713562013,0.2025575488805771,0.9667536616325378],"EasingStyle":"Constant","EasingDirection":"In"},"Left Arm":{"Weight":1,"CFrame":[0.6958355903625488,-0.1425611972808838,-0.26246705651283266,0.5046828389167786,-0.4878542721271515,0.7122454047203064,0.5617837309837341,0.8120300769805908,0.1581331491470337,-0.655510663986206,0.32032066583633425,0.6838862299919128],"EasingStyle":"Constant","EasingDirection":"In"},"Torso":{"Weight":1,"CFrame":[0.1352841854095459,-0.09865422546863556,-0.21443413197994233,0.8151459693908691,-0.5775150656700134,-0.04487084597349167,0.5740850567817688,0.8157692551612854,-0.07033368200063706,0.0772230252623558,0.031572528183460239,0.9965137839317322],"EasingStyle":"Constant","EasingDirection":"In"},"HumanoidRootPart":{"Weight":0,"CFrame":[0,0,0,1,0,0,0,1,0,0,0,1],"EasingStyle":"Linear","EasingDirection":"In"},"Right Leg":{"Weight":1,"CFrame":[-0.008350014686584473,0.19074881076812745,0.24762186408042909,0.7603853344917297,0.3919593095779419,-0.5178629755973816,-0.3601495623588562,0.9180055856704712,0.1660059094429016,0.540468692779541,0.06027969345450401,0.8392019867897034],"EasingStyle":"Constant","EasingDirection":"In"}}},{"Time":0.20000000298023225,"poses":{"Left Leg":{"Weight":1,"CFrame":[-0.690457820892334,0.046904802322387698,-0.1755276918411255,0.9255877137184143,-0.2397274672985077,-0.292947381734848,0.2126610428094864,0.9695440530776978,-0.12148883938789368,0.31314966082572939,0.050150126218795779,0.9483787417411804],"EasingStyle":"Constant","EasingDirection":"In"},"Right Arm":{"Weight":1,"CFrame":[1.0379220247268677,-0.9516691565513611,-0.03338417410850525,-0.5957985520362854,-0.5933229923248291,0.5412874221801758,-0.031521257013082507,0.6907246708869934,0.722430408000946,-0.8025150895118713,0.41336095333099368,-0.4302350580692291],"EasingStyle":"Constant","EasingDirection":"In"},"Head":{"Weight":1,"CFrame":[6.379559636116028e-8,-5.960464477539063e-8,2.384185791015625e-7,0.9669167995452881,0.2549254894256592,0.00921543687582016,-0.23606179654598237,0.9078913331031799,-0.34642186760902407,-0.09667838364839554,0.33278563618659975,0.9380335807800293],"EasingStyle":"Constant","EasingDirection":"In"},"Left Arm":{"Weight":1,"CFrame":[0.7575980424880981,-0.05411946773529053,-0.4933611750602722,0.24937649071216584,-0.7215414047241211,0.6459020972251892,0.5633484125137329,0.6505941152572632,0.5092795491218567,-0.7876864075660706,0.23686544597148896,0.568722128868103],"EasingStyle":"Constant","EasingDirection":"In"},"Torso":{"Weight":1,"CFrame":[0.1639389544725418,-0.04682150110602379,-0.18035151064395905,0.7506084442138672,-0.6582440137863159,-0.0574614517390728,0.6597898006439209,0.7513611316680908,0.011570028029382229,0.03555839881300926,-0.04659704118967056,0.9982807040214539],"EasingStyle":"Constant","EasingDirection":"In"},"HumanoidRootPart":{"Weight":0,"CFrame":[0,0,0,1,0,0,0,1,0,0,0,1],"EasingStyle":"Linear","EasingDirection":"In"},"Right Leg":{"Weight":1,"CFrame":[-0.12635371088981629,0.1327335238456726,0.16535580158233643,0.7337058186531067,0.45314234495162966,-0.5062981247901917,-0.41711920499801638,0.8885922431945801,0.19082818925380708,0.5363649129867554,0.07117479294538498,0.8409796953201294],"EasingStyle":"Constant","EasingDirection":"In"}}},{"Time":0.23333333432674409,"poses":{"Left Leg":{"Weight":1,"CFrame":[-0.690457820892334,0.046904802322387698,-0.1755276918411255,0.9255877137184143,-0.2397274672985077,-0.292947381734848,0.2126610428094864,0.9695440530776978,-0.12148883938789368,0.31314966082572939,0.050150126218795779,0.9483787417411804],"EasingStyle":"Constant","EasingDirection":"In"},"Right Arm":{"Weight":1,"CFrame":[1.0379220247268677,-0.9516691565513611,-0.03338417410850525,-0.5957985520362854,-0.5933229923248291,0.5412874221801758,-0.031521257013082507,0.6907246708869934,0.722430408000946,-0.8025150895118713,0.41336095333099368,-0.4302350580692291],"EasingStyle":"Constant","EasingDirection":"In"},"Head":{"Weight":1,"CFrame":[6.379559636116028e-8,-5.960464477539063e-8,2.384185791015625e-7,0.9669167995452881,0.2549254894256592,0.00921543687582016,-0.23606179654598237,0.9078913331031799,-0.34642186760902407,-0.09667838364839554,0.33278563618659975,0.9380335807800293],"EasingStyle":"Constant","EasingDirection":"In"},"Left Arm":{"Weight":1,"CFrame":[0.7575980424880981,-0.05411946773529053,-0.4933611750602722,0.24937649071216584,-0.7215414047241211,0.6459020972251892,0.5633484125137329,0.6505941152572632,0.5092795491218567,-0.7876864075660706,0.23686544597148896,0.568722128868103],"EasingStyle":"Constant","EasingDirection":"In"},"Torso":{"Weight":1,"CFrame":[0.1639389544725418,-0.04682150110602379,-0.18035151064395905,0.7506084442138672,-0.6582440137863159,-0.0574614517390728,0.6597898006439209,0.7513611316680908,0.011570028029382229,0.03555839881300926,-0.04659704118967056,0.9982807040214539],"EasingStyle":"Constant","EasingDirection":"In"},"HumanoidRootPart":{"Weight":0,"CFrame":[0,0,0,1,0,0,0,1,0,0,0,1],"EasingStyle":"Linear","EasingDirection":"In"},"Right Leg":{"Weight":1,"CFrame":[-0.12635371088981629,0.1327335238456726,0.16535580158233643,0.7337058186531067,0.45314234495162966,-0.5062981247901917,-0.41711920499801638,0.8885922431945801,0.19082818925380708,0.5363649129867554,0.07117479294538498,0.8409796953201294],"EasingStyle":"Constant","EasingDirection":"In"}}},{"Time":0.2666666805744171,"poses":{"Left Leg":{"Weight":1,"CFrame":[-0.690457820892334,0.046904802322387698,-0.1755276918411255,0.9255877137184143,-0.2397274672985077,-0.292947381734848,0.2126610428094864,0.9695440530776978,-0.12148883938789368,0.31314966082572939,0.050150126218795779,0.9483787417411804],"EasingStyle":"Constant","EasingDirection":"In"},"Right Arm":{"Weight":1,"CFrame":[1.0379220247268677,-0.9516691565513611,-0.03338417410850525,-0.5957985520362854,-0.5933229923248291,0.5412874221801758,-0.031521257013082507,0.6907246708869934,0.722430408000946,-0.8025150895118713,0.41336095333099368,-0.4302350580692291],"EasingStyle":"Constant","EasingDirection":"In"},"Head":{"Weight":1,"CFrame":[6.379559636116028e-8,-5.960464477539063e-8,2.384185791015625e-7,0.9669167995452881,0.2549254894256592,0.00921543687582016,-0.23606179654598237,0.9078913331031799,-0.34642186760902407,-0.09667838364839554,0.33278563618659975,0.9380335807800293],"EasingStyle":"Constant","EasingDirection":"In"},"Left Arm":{"Weight":1,"CFrame":[0.7575980424880981,-0.05411946773529053,-0.4933611750602722,0.24937649071216584,-0.7215414047241211,0.6459020972251892,0.5633484125137329,0.6505941152572632,0.5092795491218567,-0.7876864075660706,0.23686544597148896,0.568722128868103],"EasingStyle":"Constant","EasingDirection":"In"},"Torso":{"Weight":1,"CFrame":[0.1639389544725418,-0.04682150110602379,-0.18035151064395905,0.7506084442138672,-0.6582440137863159,-0.0574614517390728,0.6597898006439209,0.7513611316680908,0.011570028029382229,0.03555839881300926,-0.04659704118967056,0.9982807040214539],"EasingStyle":"Constant","EasingDirection":"In"},"HumanoidRootPart":{"Weight":0,"CFrame":[0,0,0,1,0,0,0,1,0,0,0,1],"EasingStyle":"Linear","EasingDirection":"In"},"Right Leg":{"Weight":1,"CFrame":[-0.12635371088981629,0.1327335238456726,0.16535580158233643,0.7337058186531067,0.45314234495162966,-0.5062981247901917,-0.41711920499801638,0.8885922431945801,0.19082818925380708,0.5363649129867554,0.07117479294538498,0.8409796953201294],"EasingStyle":"Constant","EasingDirection":"In"}}},{"Time":0.30000001192092898,"poses":{"Left Leg":{"Weight":1,"CFrame":[-0.5761885643005371,-0.04307889938354492,-0.1910160779953003,0.9039827585220337,-0.2075156271457672,-0.37383484840393069,0.1730986088514328,0.9770918488502502,-0.12380780279636383,0.3909629285335541,0.04720982536673546,0.9191948175430298],"EasingStyle":"Constant","EasingDirection":"In"},"Right Arm":{"Weight":1,"CFrame":[1.1578360795974732,-0.7989632487297058,0.09279930591583252,-0.4896823465824127,-0.8216246962547302,0.29179486632347109,-0.1794721484184265,0.4224824011325836,0.8884246349334717,-0.8532297015190125,0.38267675042152407,-0.35434088110923769],"EasingStyle":"Constant","EasingDirection":"In"},"Head":{"Weight":1,"CFrame":[8.568167686462403e-8,1.4901161193847657e-8,8.344650268554688e-7,0.9659732580184937,0.2553497552871704,0.041135337203741077,-0.23177894949913026,0.9252068400382996,-0.30045104026794436,-0.1147788017988205,0.2806934118270874,0.9529097676277161],"EasingStyle":"Constant","EasingDirection":"In"},"Left Arm":{"Weight":1,"CFrame":[0.7591806054115295,-0.16641013324260713,-0.45010557770729067,0.20690837502479554,-0.8317708373069763,0.5151175856590271,0.6019794344902039,0.523281991481781,0.603155791759491,-0.7712391018867493,0.1852921098470688,0.6089802980422974],"EasingStyle":"Constant","EasingDirection":"In"},"Torso":{"Weight":1,"CFrame":[0.18956692516803742,0.01642186939716339,-0.07596563547849655,0.6668252944946289,-0.7412530779838562,-0.07673293352127075,0.7452015280723572,0.6626724004745483,0.0744309052824974,-0.00432334840297699,-0.10681391507387161,0.994269609451294],"EasingStyle":"Constant","EasingDirection":"In"},"HumanoidRootPart":{"Weight":0,"CFrame":[0,0,0,1,0,0,0,1,0,0,0,1],"EasingStyle":"Linear","EasingDirection":"In"},"Right Leg":{"Weight":1,"CFrame":[-0.27384117245674136,0.01901489496231079,0.11017456650733948,0.7016921043395996,0.48701807856559756,-0.5200399160385132,-0.4583277106285095,0.867379367351532,0.19387845695018769,0.5454941987991333,0.10230566561222077,0.8318471312522888],"EasingStyle":"Constant","EasingDirection":"In"}}},{"Time":0.3333333432674408,"poses":{"Left Leg":{"Weight":1,"CFrame":[-0.5761885643005371,-0.04307889938354492,-0.1910160779953003,0.9039827585220337,-0.2075156271457672,-0.37383484840393069,0.1730986088514328,0.9770918488502502,-0.12380780279636383,0.3909629285335541,0.04720982536673546,0.9191948175430298],"EasingStyle":"Constant","EasingDirection":"In"},"Right Arm":{"Weight":1,"CFrame":[1.1578360795974732,-0.7989632487297058,0.09279930591583252,-0.4896823465824127,-0.8216246962547302,0.29179486632347109,-0.1794721484184265,0.4224824011325836,0.8884246349334717,-0.8532297015190125,0.38267675042152407,-0.35434088110923769],"EasingStyle":"Constant","EasingDirection":"In"},"Head":{"Weight":1,"CFrame":[8.568167686462403e-8,1.4901161193847657e-8,8.344650268554688e-7,0.9659732580184937,0.2553497552871704,0.041135337203741077,-0.23177894949913026,0.9252068400382996,-0.30045104026794436,-0.1147788017988205,0.2806934118270874,0.9529097676277161],"EasingStyle":"Constant","EasingDirection":"In"},"Left Arm":{"Weight":1,"CFrame":[0.7591806054115295,-0.16641013324260713,-0.45010557770729067,0.20690837502479554,-0.8317708373069763,0.5151175856590271,0.6019794344902039,0.523281991481781,0.603155791759491,-0.7712391018867493,0.1852921098470688,0.6089802980422974],"EasingStyle":"Constant","EasingDirection":"In"},"Torso":{"Weight":1,"CFrame":[0.18956692516803742,0.01642186939716339,-0.07596563547849655,0.6668252944946289,-0.7412530779838562,-0.07673293352127075,0.7452015280723572,0.6626724004745483,0.0744309052824974,-0.00432334840297699,-0.10681391507387161,0.994269609451294],"EasingStyle":"Constant","EasingDirection":"In"},"HumanoidRootPart":{"Weight":0,"CFrame":[0,0,0,1,0,0,0,1,0,0,0,1],"EasingStyle":"Linear","EasingDirection":"In"},"Right Leg":{"Weight":1,"CFrame":[-0.27384117245674136,0.01901489496231079,0.11017456650733948,0.7016921043395996,0.48701807856559756,-0.5200399160385132,-0.4583277106285095,0.867379367351532,0.19387845695018769,0.5454941987991333,0.10230566561222077,0.8318471312522888],"EasingStyle":"Constant","EasingDirection":"In"}}},{"Time":0.36666667461395266,"poses":{"Left Leg":{"Weight":1,"CFrame":[-0.5761885643005371,-0.04307889938354492,-0.1910160779953003,0.9039827585220337,-0.2075156271457672,-0.37383484840393069,0.1730986088514328,0.9770918488502502,-0.12380780279636383,0.3909629285335541,0.04720982536673546,0.9191948175430298],"EasingStyle":"Constant","EasingDirection":"In"},"Right Arm":{"Weight":1,"CFrame":[1.1578360795974732,-0.7989632487297058,0.09279930591583252,-0.4896823465824127,-0.8216246962547302,0.29179486632347109,-0.1794721484184265,0.4224824011325836,0.8884246349334717,-0.8532297015190125,0.38267675042152407,-0.35434088110923769],"EasingStyle":"Constant","EasingDirection":"In"},"Head":{"Weight":1,"CFrame":[8.568167686462403e-8,1.4901161193847657e-8,8.344650268554688e-7,0.9659732580184937,0.2553497552871704,0.041135337203741077,-0.23177894949913026,0.9252068400382996,-0.30045104026794436,-0.1147788017988205,0.2806934118270874,0.9529097676277161],"EasingStyle":"Constant","EasingDirection":"In"},"Left Arm":{"Weight":1,"CFrame":[0.7591806054115295,-0.16641013324260713,-0.45010557770729067,0.20690837502479554,-0.8317708373069763,0.5151175856590271,0.6019794344902039,0.523281991481781,0.603155791759491,-0.7712391018867493,0.1852921098470688,0.6089802980422974],"EasingStyle":"Constant","EasingDirection":"In"},"Torso":{"Weight":1,"CFrame":[0.18956692516803742,0.01642186939716339,-0.07596563547849655,0.6668252944946289,-0.7412530779838562,-0.07673293352127075,0.7452015280723572,0.6626724004745483,0.0744309052824974,-0.00432334840297699,-0.10681391507387161,0.994269609451294],"EasingStyle":"Constant","EasingDirection":"In"},"HumanoidRootPart":{"Weight":0,"CFrame":[0,0,0,1,0,0,0,1,0,0,0,1],"EasingStyle":"Linear","EasingDirection":"In"},"Right Leg":{"Weight":1,"CFrame":[-0.27384117245674136,0.01901489496231079,0.11017456650733948,0.7016921043395996,0.48701807856559756,-0.5200399160385132,-0.4583277106285095,0.867379367351532,0.19387845695018769,0.5454941987991333,0.10230566561222077,0.8318471312522888],"EasingStyle":"Constant","EasingDirection":"In"}}},{"Time":0.4000000059604645,"poses":{"Left Leg":{"Weight":1,"CFrame":[-0.5761885643005371,-0.04307889938354492,-0.1910160779953003,0.9039827585220337,-0.2075156271457672,-0.37383484840393069,0.1730986088514328,0.9770918488502502,-0.12380780279636383,0.3909629285335541,0.04720982536673546,0.9191948175430298],"EasingStyle":"Constant","EasingDirection":"In"},"Right Arm":{"Weight":1,"CFrame":[1.1578360795974732,-0.7989632487297058,0.09279930591583252,-0.4896823465824127,-0.8216246962547302,0.29179486632347109,-0.1794721484184265,0.4224824011325836,0.8884246349334717,-0.8532297015190125,0.38267675042152407,-0.35434088110923769],"EasingStyle":"Constant","EasingDirection":"In"},"Head":{"Weight":1,"CFrame":[8.568167686462403e-8,1.4901161193847657e-8,8.344650268554688e-7,0.9659732580184937,0.2553497552871704,0.041135337203741077,-0.23177894949913026,0.9252068400382996,-0.30045104026794436,-0.1147788017988205,0.2806934118270874,0.9529097676277161],"EasingStyle":"Constant","EasingDirection":"In"},"Left Arm":{"Weight":1,"CFrame":[0.7591806054115295,-0.16641013324260713,-0.45010557770729067,0.20690837502479554,-0.8317708373069763,0.5151175856590271,0.6019794344902039,0.523281991481781,0.603155791759491,-0.7712391018867493,0.1852921098470688,0.6089802980422974],"EasingStyle":"Constant","EasingDirection":"In"},"Torso":{"Weight":1,"CFrame":[0.18956692516803742,0.01642186939716339,-0.07596563547849655,0.6668252944946289,-0.7412530779838562,-0.07673293352127075,0.7452015280723572,0.6626724004745483,0.0744309052824974,-0.00432334840297699,-0.10681391507387161,0.994269609451294],"EasingStyle":"Constant","EasingDirection":"In"},"HumanoidRootPart":{"Weight":0,"CFrame":[0,0,0,1,0,0,0,1,0,0,0,1],"EasingStyle":"Linear","EasingDirection":"In"},"Right Leg":{"Weight":1,"CFrame":[-0.27384117245674136,0.01901489496231079,0.11017456650733948,0.7016921043395996,0.48701807856559756,-0.5200399160385132,-0.4583277106285095,0.867379367351532,0.19387845695018769,0.5454941987991333,0.10230566561222077,0.8318471312522888],"EasingStyle":"Constant","EasingDirection":"In"}}},{"Time":0.4333333373069763,"poses":{"Left Leg":{"Weight":1,"CFrame":[-0.5761885643005371,-0.04307889938354492,-0.1910160779953003,0.9039827585220337,-0.2075156271457672,-0.37383484840393069,0.1730986088514328,0.9770918488502502,-0.12380780279636383,0.3909629285335541,0.04720982536673546,0.9191948175430298],"EasingStyle":"Constant","EasingDirection":"In"},"Right Arm":{"Weight":1,"CFrame":[1.1578360795974732,-0.7989632487297058,0.09279930591583252,-0.4896823465824127,-0.8216246962547302,0.29179486632347109,-0.1794721484184265,0.4224824011325836,0.8884246349334717,-0.8532297015190125,0.38267675042152407,-0.35434088110923769],"EasingStyle":"Constant","EasingDirection":"In"},"Head":{"Weight":1,"CFrame":[8.568167686462403e-8,1.4901161193847657e-8,8.344650268554688e-7,0.9659732580184937,0.2553497552871704,0.041135337203741077,-0.23177894949913026,0.9252068400382996,-0.30045104026794436,-0.1147788017988205,0.2806934118270874,0.9529097676277161],"EasingStyle":"Constant","EasingDirection":"In"},"Left Arm":{"Weight":1,"CFrame":[0.7591806054115295,-0.16641013324260713,-0.45010557770729067,0.20690837502479554,-0.8317708373069763,0.5151175856590271,0.6019794344902039,0.523281991481781,0.603155791759491,-0.7712391018867493,0.1852921098470688,0.6089802980422974],"EasingStyle":"Constant","EasingDirection":"In"},"Torso":{"Weight":1,"CFrame":[0.18956692516803742,0.01642186939716339,-0.07596563547849655,0.6668252944946289,-0.7412530779838562,-0.07673293352127075,0.7452015280723572,0.6626724004745483,0.0744309052824974,-0.00432334840297699,-0.10681391507387161,0.994269609451294],"EasingStyle":"Constant","EasingDirection":"In"},"HumanoidRootPart":{"Weight":0,"CFrame":[0,0,0,1,0,0,0,1,0,0,0,1],"EasingStyle":"Linear","EasingDirection":"In"},"Right Leg":{"Weight":1,"CFrame":[-0.27384117245674136,0.01901489496231079,0.11017456650733948,0.7016921043395996,0.48701807856559756,-0.5200399160385132,-0.4583277106285095,0.867379367351532,0.19387845695018769,0.5454941987991333,0.10230566561222077,0.8318471312522888],"EasingStyle":"Constant","EasingDirection":"In"}}},{"Time":0.46666666865348818,"poses":{"Left Leg":{"Weight":1,"CFrame":[-0.5761885643005371,-0.04307889938354492,-0.1910160779953003,0.9039827585220337,-0.2075156271457672,-0.37383484840393069,0.1730986088514328,0.9770918488502502,-0.12380780279636383,0.3909629285335541,0.04720982536673546,0.9191948175430298],"EasingStyle":"Constant","EasingDirection":"In"},"Right Arm":{"Weight":1,"CFrame":[1.1578360795974732,-0.7989632487297058,0.09279930591583252,-0.4896823465824127,-0.8216246962547302,0.29179486632347109,-0.1794721484184265,0.4224824011325836,0.8884246349334717,-0.8532297015190125,0.38267675042152407,-0.35434088110923769],"EasingStyle":"Constant","EasingDirection":"In"},"Head":{"Weight":1,"CFrame":[8.568167686462403e-8,1.4901161193847657e-8,8.344650268554688e-7,0.9659732580184937,0.2553497552871704,0.041135337203741077,-0.23177894949913026,0.9252068400382996,-0.30045104026794436,-0.1147788017988205,0.2806934118270874,0.9529097676277161],"EasingStyle":"Constant","EasingDirection":"In"},"Left Arm":{"Weight":1,"CFrame":[0.7591806054115295,-0.16641013324260713,-0.45010557770729067,0.20690837502479554,-0.8317708373069763,0.5151175856590271,0.6019794344902039,0.523281991481781,0.603155791759491,-0.7712391018867493,0.1852921098470688,0.6089802980422974],"EasingStyle":"Constant","EasingDirection":"In"},"Torso":{"Weight":1,"CFrame":[0.18956692516803742,0.01642186939716339,-0.07596563547849655,0.6668252944946289,-0.7412530779838562,-0.07673293352127075,0.7452015280723572,0.6626724004745483,0.0744309052824974,-0.00432334840297699,-0.10681391507387161,0.994269609451294],"EasingStyle":"Constant","EasingDirection":"In"},"HumanoidRootPart":{"Weight":0,"CFrame":[0,0,0,1,0,0,0,1,0,0,0,1],"EasingStyle":"Linear","EasingDirection":"In"},"Right Leg":{"Weight":1,"CFrame":[-0.27384117245674136,0.01901489496231079,0.11017456650733948,0.7016921043395996,0.48701807856559756,-0.5200399160385132,-0.4583277106285095,0.867379367351532,0.19387845695018769,0.5454941987991333,0.10230566561222077,0.8318471312522888],"EasingStyle":"Constant","EasingDirection":"In"}}},{"Time":0.5,"poses":{"Left Leg":{"Weight":1,"CFrame":[-0.43265098333358767,-0.0740354061126709,-0.10069715976715088,0.9508151412010193,-0.16925141215324403,-0.25943127274513247,0.14536839723587037,0.9833797812461853,-0.10877598077058792,0.273529976606369,0.06571276485919953,0.9596161842346191],"EasingStyle":"Constant","EasingDirection":"In"},"Right Arm":{"Weight":1,"CFrame":[0.861388623714447,-0.5751743316650391,0.019307151436805726,-0.37922435998916628,-0.8462433218955994,0.3742475211620331,0.16316284239292146,0.33696430921554568,0.9272717237472534,-0.9108055830001831,0.41270720958709719,0.0102903563529253],"EasingStyle":"Constant","EasingDirection":"In"},"Head":{"Weight":1,"CFrame":[1.0058283805847168e-7,-1.4901161193847657e-8,1.7881393432617188e-7,0.9588032364845276,0.2747754454612732,0.07207553833723068,-0.26004558801651,0.9511114358901978,-0.16662311553955079,-0.1143357902765274,0.14101584255695344,0.9833828806877136],"EasingStyle":"Constant","EasingDirection":"In"},"Left Arm":{"Weight":1,"CFrame":[0.8211843967437744,-0.40266358852386477,-0.5136500000953674,-0.06744726747274399,-0.8369389772415161,0.5431244969367981,0.5793105363845825,0.4103512465953827,0.704280436038971,-0.812311589717865,0.3621395528316498,0.4571705460548401],"EasingStyle":"Constant","EasingDirection":"In"},"Torso":{"Weight":1,"CFrame":[0.11961117386817932,0.0475216880440712,-0.034356117248535159,0.7346658706665039,-0.6723945736885071,-0.09028629213571549,0.6784196496009827,0.7288229465484619,0.09254103899002075,0.0035786305088549854,-0.12923873960971833,0.9916070699691773],"EasingStyle":"Constant","EasingDirection":"In"},"HumanoidRootPart":{"Weight":0,"CFrame":[0,0,0,1,0,0,0,1,0,0,0,1],"EasingStyle":"Linear","EasingDirection":"In"},"Right Leg":{"Weight":1,"CFrame":[-0.26494118571281435,0.0021786093711853029,0.15557971596717835,0.7322964668273926,0.4533880949020386,-0.5081153512001038,-0.4342740476131439,0.8856539130210877,0.1643870323896408,0.5245454907417297,0.1002812534570694,0.8454559445381165],"EasingStyle":"Constant","EasingDirection":"In"}}},{"Time":0.5333333611488342,"poses":{"Left Leg":{"Weight":1,"CFrame":[-0.43265098333358767,-0.0740354061126709,-0.10069715976715088,0.9508151412010193,-0.16925141215324403,-0.25943127274513247,0.14536839723587037,0.9833797812461853,-0.10877598077058792,0.273529976606369,0.06571276485919953,0.9596161842346191],"EasingStyle":"Constant","EasingDirection":"In"},"Right Arm":{"Weight":1,"CFrame":[0.861388623714447,-0.5751743316650391,0.019307151436805726,-0.37922435998916628,-0.8462433218955994,0.3742475211620331,0.16316284239292146,0.33696430921554568,0.9272717237472534,-0.9108055830001831,0.41270720958709719,0.0102903563529253],"EasingStyle":"Constant","EasingDirection":"In"},"Head":{"Weight":1,"CFrame":[1.0058283805847168e-7,-1.4901161193847657e-8,1.7881393432617188e-7,0.9588032364845276,0.2747754454612732,0.07207553833723068,-0.26004558801651,0.9511114358901978,-0.16662311553955079,-0.1143357902765274,0.14101584255695344,0.9833828806877136],"EasingStyle":"Constant","EasingDirection":"In"},"Left Arm":{"Weight":1,"CFrame":[0.8211843967437744,-0.40266358852386477,-0.5136500000953674,-0.06744726747274399,-0.8369389772415161,0.5431244969367981,0.5793105363845825,0.4103512465953827,0.704280436038971,-0.812311589717865,0.3621395528316498,0.4571705460548401],"EasingStyle":"Constant","EasingDirection":"In"},"Torso":{"Weight":1,"CFrame":[0.11961117386817932,0.0475216880440712,-0.034356117248535159,0.7346658706665039,-0.6723945736885071,-0.09028629213571549,0.6784196496009827,0.7288229465484619,0.09254103899002075,0.0035786305088549854,-0.12923873960971833,0.9916070699691773],"EasingStyle":"Constant","EasingDirection":"In"},"HumanoidRootPart":{"Weight":0,"CFrame":[0,0,0,1,0,0,0,1,0,0,0,1],"EasingStyle":"Linear","EasingDirection":"In"},"Right Leg":{"Weight":1,"CFrame":[-0.26494118571281435,0.0021786093711853029,0.15557971596717835,0.7322964668273926,0.4533880949020386,-0.5081153512001038,-0.4342740476131439,0.8856539130210877,0.1643870323896408,0.5245454907417297,0.1002812534570694,0.8454559445381165],"EasingStyle":"Constant","EasingDirection":"In"}}},{"Time":0.5666666626930237,"poses":{"Left Leg":{"Weight":1,"CFrame":[-0.43265098333358767,-0.0740354061126709,-0.10069715976715088,0.9508151412010193,-0.16925141215324403,-0.25943127274513247,0.14536839723587037,0.9833797812461853,-0.10877598077058792,0.273529976606369,0.06571276485919953,0.9596161842346191],"EasingStyle":"Constant","EasingDirection":"In"},"Right Arm":{"Weight":1,"CFrame":[0.861388623714447,-0.5751743316650391,0.019307151436805726,-0.37922435998916628,-0.8462433218955994,0.3742475211620331,0.16316284239292146,0.33696430921554568,0.9272717237472534,-0.9108055830001831,0.41270720958709719,0.0102903563529253],"EasingStyle":"Constant","EasingDirection":"In"},"Head":{"Weight":1,"CFrame":[1.0058283805847168e-7,-1.4901161193847657e-8,1.7881393432617188e-7,0.9588032364845276,0.2747754454612732,0.07207553833723068,-0.26004558801651,0.9511114358901978,-0.16662311553955079,-0.1143357902765274,0.14101584255695344,0.9833828806877136],"EasingStyle":"Constant","EasingDirection":"In"},"Left Arm":{"Weight":1,"CFrame":[0.8211843967437744,-0.40266358852386477,-0.5136500000953674,-0.06744726747274399,-0.8369389772415161,0.5431244969367981,0.5793105363845825,0.4103512465953827,0.704280436038971,-0.812311589717865,0.3621395528316498,0.4571705460548401],"EasingStyle":"Constant","EasingDirection":"In"},"Torso":{"Weight":1,"CFrame":[0.11961117386817932,0.0475216880440712,-0.034356117248535159,0.7346658706665039,-0.6723945736885071,-0.09028629213571549,0.6784196496009827,0.7288229465484619,0.09254103899002075,0.0035786305088549854,-0.12923873960971833,0.9916070699691773],"EasingStyle":"Constant","EasingDirection":"In"},"HumanoidRootPart":{"Weight":0,"CFrame":[0,0,0,1,0,0,0,1,0,0,0,1],"EasingStyle":"Linear","EasingDirection":"In"},"Right Leg":{"Weight":1,"CFrame":[-0.26494118571281435,0.0021786093711853029,0.15557971596717835,0.7322964668273926,0.4533880949020386,-0.5081153512001038,-0.4342740476131439,0.8856539130210877,0.1643870323896408,0.5245454907417297,0.1002812534570694,0.8454559445381165],"EasingStyle":"Constant","EasingDirection":"In"}}},{"Time":0.6000000238418579,"poses":{"Left Leg":{"Weight":1,"CFrame":[-0.43265098333358767,-0.0740354061126709,-0.10069715976715088,0.9508151412010193,-0.16925141215324403,-0.25943127274513247,0.14536839723587037,0.9833797812461853,-0.10877598077058792,0.273529976606369,0.06571276485919953,0.9596161842346191],"EasingStyle":"Constant","EasingDirection":"In"},"Right Arm":{"Weight":1,"CFrame":[0.861388623714447,-0.5751743316650391,0.019307151436805726,-0.37922435998916628,-0.8462433218955994,0.3742475211620331,0.16316284239292146,0.33696430921554568,0.9272717237472534,-0.9108055830001831,0.41270720958709719,0.0102903563529253],"EasingStyle":"Constant","EasingDirection":"In"},"Head":{"Weight":1,"CFrame":[1.0058283805847168e-7,-1.4901161193847657e-8,1.7881393432617188e-7,0.9588032364845276,0.2747754454612732,0.07207553833723068,-0.26004558801651,0.9511114358901978,-0.16662311553955079,-0.1143357902765274,0.14101584255695344,0.9833828806877136],"EasingStyle":"Constant","EasingDirection":"In"},"Left Arm":{"Weight":1,"CFrame":[0.8211843967437744,-0.40266358852386477,-0.5136500000953674,-0.06744726747274399,-0.8369389772415161,0.5431244969367981,0.5793105363845825,0.4103512465953827,0.704280436038971,-0.812311589717865,0.3621395528316498,0.4571705460548401],"EasingStyle":"Constant","EasingDirection":"In"},"Torso":{"Weight":1,"CFrame":[0.11961117386817932,0.0475216880440712,-0.034356117248535159,0.7346658706665039,-0.6723945736885071,-0.09028629213571549,0.6784196496009827,0.7288229465484619,0.09254103899002075,0.0035786305088549854,-0.12923873960971833,0.9916070699691773],"EasingStyle":"Constant","EasingDirection":"In"},"HumanoidRootPart":{"Weight":0,"CFrame":[0,0,0,1,0,0,0,1,0,0,0,1],"EasingStyle":"Linear","EasingDirection":"In"},"Right Leg":{"Weight":1,"CFrame":[-0.26494118571281435,0.0021786093711853029,0.15557971596717835,0.7322964668273926,0.4533880949020386,-0.5081153512001038,-0.4342740476131439,0.8856539130210877,0.1643870323896408,0.5245454907417297,0.1002812534570694,0.8454559445381165],"EasingStyle":"Constant","EasingDirection":"In"}}},{"Time":0.6333333253860474,"poses":{"Left Leg":{"Weight":1,"CFrame":[-0.4437946081161499,-0.02816760540008545,-0.061274707317352298,0.9769158959388733,-0.15215706825256349,-0.14994536340236665,0.14243283867835999,0.9870606064796448,-0.07364914566278458,0.15921126306056977,0.05059187486767769,0.9859473705291748],"EasingStyle":"Constant","EasingDirection":"In"},"Right Arm":{"Weight":1,"CFrame":[0.5593324899673462,-0.63221675157547,0.0780632495880127,-0.6308727860450745,-0.6913820505142212,0.3521229326725006,0.3446422517299652,0.15689559280872346,0.9255298376083374,-0.6951411962509155,0.7052479386329651,0.1392982006072998],"EasingStyle":"Constant","EasingDirection":"In"},"