{"Sequence":[{"Time":0,"poses":{"Left Leg":{"Weight":1,"CFrame":[-0.2951309382915497,0.19011563062667848,0.14329099655151368,0.9544143676757813,0.14884065091609956,0.25872719287872317,-0.10382327437400818,0.9782168865203857,-0.1797569990158081,-0.27984651923179629,0.1447007954120636,0.949077308177948],"EasingStyle":"Linear","EasingDirection":"In"},"Right Arm":{"Weight":1,"CFrame":[0.05109686776995659,-0.6157960891723633,-0.14685243368148805,-0.5279836654663086,-0.7457569241523743,0.4063003361225128,0.8205291628837586,-0.5713337659835815,0.017597299069166185,0.2190098613500595,0.34267234802246096,0.9135701656341553],"EasingStyle":"Linear","EasingDirection":"In"},"Head":{"Weight":1,"CFrame":[8.009374141693115e-8,-1.3504177331924439e-8,1.1920928955078126e-7,0.9981749057769775,-0.055451493710279468,0.023919932544231416,0.054901234805583957,0.9982250332832336,0.023078473284840585,-0.02515721321105957,-0.021723121404647828,0.9994474649429321],"EasingStyle":"Linear","EasingDirection":"In"},"Right Leg":{"Weight":1,"CFrame":[0.36782053112983706,-0.28452134132385256,0.21702289581298829,0.8531614542007446,0.26740002632141116,-0.44789808988571169,-0.496362566947937,0.6802150011062622,-0.5393811464309692,0.16043660044670106,0.6824989914894104,0.7130604982376099],"EasingStyle":"Linear","EasingDirection":"In"},"Torso":{"Weight":1,"CFrame":[0.019241273403167726,-0.05439062416553497,-0.07212066650390625,0.9987279176712036,0.04046928882598877,0.03008287213742733,-0.037565093487501147,0.9950937032699585,-0.09152829647064209,-0.03363936394453049,0.09028179198503494,0.9953479766845703],"EasingStyle":"Linear","EasingDirection":"In"},"HumanoidRootPart":{"Weight":1,"CFrame":[0,0,0,1,0,0,0,1,0,0,0,1],"EasingStyle":"Linear","EasingDirection":"In"},"Left Arm":{"Weight":1,"CFrame":[-0.04395003616809845,-0.46542060375213625,-0.030222713947296144,-0.4168960154056549,0.6617045998573303,-0.6231730580329895,-0.9073154330253601,-0.34409698843955996,0.24161142110824586,-0.05455659329891205,0.6661413311958313,0.7438275218009949],"EasingStyle":"Linear","EasingDirection":"In"}}},{"Time":0.01666666753590107,"poses":{"Left Leg":{"Weight":1,"CFrame":[-0.2785666584968567,0.16980642080307008,0.15542209148406983,0.9473052620887756,0.1325998157262802,0.2915991246700287,-0.07746057957410813,0.9781095385551453,-0.19313618540763856,-0.31082579493522646,0.16037149727344514,0.9368395805358887],"EasingStyle":"Linear","EasingDirection":"In"},"Right Arm":{"Weight":1,"CFrame":[0.05141805484890938,-0.6072809100151062,-0.14455562829971314,-0.5200758576393127,-0.7583523988723755,0.39296701550483706,0.8275728225708008,-0.5612257122993469,0.01219897996634245,0.21129202842712403,0.33155301213264468,0.9194716811180115],"EasingStyle":"Linear","EasingDirection":"In"},"Head":{"Weight":1,"CFrame":[7.12461769580841e-8,4.656612873077393e-10,2.384185791015625e-7,0.9978199601173401,-0.06166888400912285,0.023504003882408143,0.06148545444011688,0.9980722665786743,0.008449231274425984,-0.02397974580526352,-0.006985655054450035,0.9996880292892456],"EasingStyle":"Linear","EasingDirection":"In"},"Right Leg":{"Weight":1,"CFrame":[0.3735302984714508,-0.3142343759536743,0.23125743865966798,0.8303555250167847,0.29498809576034548,-0.47274911403656008,-0.5393655896186829,0.6385965943336487,-0.54888916015625,0.1399802267551422,0.7107576727867127,0.6893686652183533],"EasingStyle":"Linear","EasingDirection":"In"},"Torso":{"Weight":1,"CFrame":[0.01989614963531494,-0.040761932730674747,-0.08608436584472656,0.9986031651496887,0.042552899569272998,0.03132088854908943,-0.04012318700551987,0.996414065361023,-0.07449240982532501,-0.03437844291329384,0.07313165813684464,0.9967296123504639],"EasingStyle":"Linear","EasingDirection":"In"},"HumanoidRootPart":{"Weight":1,"CFrame":[0,0,0,1,0,0,0,1,0,0,0,1],"EasingStyle":"Linear","EasingDirection":"In"},"Left Arm":{"Weight":1,"CFrame":[-0.04422340914607048,-0.4884878396987915,-0.04183119535446167,-0.4181653559207916,0.6689887046813965,-0.6144852042198181,-0.9071440100669861,-0.3426985442638397,0.24422860145568849,-0.047196973115205768,0.6595544219017029,0.7501735091209412],"EasingStyle":"Linear","EasingDirection":"In"}}},{"Time":0.03333333507180214,"poses":{"Left Leg":{"Weight":1,"CFrame":[-0.24070310592651368,0.12794768810272218,0.17816174030303956,0.926939845085144,0.09758438915014267,0.3622979521751404,-0.018292628228664399,0.9761923551559448,-0.2161341905593872,-0.37476372718811037,0.19371607899665833,0.9066566228866577],"EasingStyle":"Linear","EasingDirection":"In"},"Right Arm":{"Weight":1,"CFrame":[0.05212464928627014,-0.5885475277900696,-0.13924503326416017,-0.4985966384410858,-0.7871451377868652,0.3630484640598297,0.8448271155357361,-0.5350393652915955,0.00020454355399124324,0.19408419728279115,0.3068149983882904,0.9317702054977417],"EasingStyle":"Linear","EasingDirection":"In"},"Head":{"Weight":1,"CFrame":[9.73232090473175e-8,5.820766091346741e-9,-1.1920928955078126e-7,0.9967678189277649,-0.0770554393529892,0.02272786758840084,0.07757630944252014,0.996721088886261,-0.023001912981271745,-0.02088092640042305,0.024690693244338037,0.9994770288467407],"EasingStyle":"Linear","EasingDirection":"In"},"Right Leg":{"Weight":1,"CFrame":[0.38179031014442446,-0.39137744903564455,0.25551092624664309,0.7760919332504273,0.34977081418037417,-0.5247300863265991,-0.6256860494613648,0.5309695601463318,-0.571479082107544,0.07872901111841202,0.7718365788459778,0.6309279799461365],"EasingStyle":"Linear","EasingDirection":"In"},"Torso":{"Weight":1,"CFrame":[0.021428212523460389,-0.010725386440753937,-0.12122440338134766,0.9982790350914002,0.04766911640763283,0.034158676862716678,-0.04640300199389458,0.998239278793335,-0.03694673627614975,-0.03585975244641304,0.03529808670282364,0.9987332820892334],"EasingStyle":"Linear","EasingDirection":"In"},"HumanoidRootPart":{"Weight":1,"CFrame":[0,0,0,1,0,0,0,1,0,0,0,1],"EasingStyle":"Linear","EasingDirection":"In"},"Left Arm":{"Weight":1,"CFrame":[-0.0448710061609745,-0.5392357110977173,-0.06782174110412598,-0.42201048135757449,0.6866801977157593,-0.5919269919395447,-0.906134307384491,-0.34020376205444338,0.25136053562164309,-0.02877148799598217,0.6424420475959778,0.7657939195632935],"EasingStyle":"Linear","EasingDirection":"In"}}},{"Time":0.05000000074505806,"poses":{"Left Leg":{"Weight":1,"CFrame":[-0.20251651108264924,0.09086030721664429,0.19673478603363038,0.9005915522575378,0.06282807141542435,0.43010178208351138,0.042450062930583957,0.9720554351806641,-0.23088160157203675,-0.4325886070728302,0.22618789970874787,0.8727579116821289],"EasingStyle":"Linear","EasingDirection":"In"},"Right Arm":{"Weight":1,"CFrame":[0.0528312511742115,-0.5698143243789673,-0.13329118490219117,-0.4674193561077118,-0.8192321062088013,0.33223217725753786,0.8663171529769898,-0.4993387460708618,-0.01246414054185152,0.17610745131969453,0.2819923162460327,0.9431153535842896],"EasingStyle":"Linear","EasingDirection":"In"},"Head":{"Weight":1,"CFrame":[9.557697921991348e-8,1.862645149230957e-9,-2.980232238769531e-7,0.9950695037841797,-0.09666629135608673,0.022187750786542894,0.09771717339754105,0.9938260316848755,-0.05254783108830452,-0.016971154138445855,0.054456863552331927,0.998371958732605],"EasingStyle":"Linear","EasingDirection":"In"},"Right Leg":{"Weight":1,"CFrame":[0.3883826732635498,-0.49341917037963869,0.2627830505371094,0.7179049849510193,0.3976333737373352,-0.5714020133018494,-0.6959128975868225,0.3889104425907135,-0.6037002205848694,-0.017827212810516359,0.8310454487800598,0.5559189319610596],"EasingStyle":"Linear","EasingDirection":"In"},"Torso":{"Weight":1,"CFrame":[0.023112483322620393,0.01931752823293209,-0.16648483276367188,0.9978379607200623,0.054191797971725467,0.037186700850725177,-0.05425185710191727,0.9985271096229553,0.000606938439887017,-0.03709904104471207,-0.002623072825372219,0.999308168888092],"EasingStyle":"Linear","EasingDirection":"In"},"HumanoidRootPart":{"Weight":1,"CFrame":[0,0,0,1,0,0,0,1,0,0,0,1],"EasingStyle":"Linear","EasingDirection":"In"},"Left Arm":{"Weight":1,"CFrame":[-0.045634008944034579,-0.5899834632873535,-0.09494274854660034,-0.4284825623035431,0.708500325679779,-0.5607406497001648,-0.903537929058075,-0.3392105996608734,0.261831134557724,-0.004701754543930292,0.6188403964042664,0.7855027318000794],"EasingStyle":"Linear","EasingDirection":"In"}}},{"Time":0.06666667014360428,"poses":{"Left Leg":{"Weight":1,"CFrame":[-0.18900218605995179,0.07814180850982666,0.2079930305480957,0.8863246440887451,0.0441080667078495,0.4609588086605072,0.0747162476181984,0.9687876105308533,-0.23636431992053986,-0.4569968283176422,0.2439366579055786,0.8553647398948669],"EasingStyle":"Linear","EasingDirection":"In"},"Right Arm":{"Weight":1,"CFrame":[0.053152427077293399,-0.5612984299659729,-0.1290643811225891,-0.4321017861366272,-0.8440787196159363,0.31752076745033266,0.8866198062896729,-0.46199557185173037,-0.021575309336185457,0.1649044305086136,0.272197425365448,0.9480059146881104],"EasingStyle":"Linear","EasingDirection":"In"},"Head":{"Weight":1,"CFrame":[8.591450750827789e-8,-4.656612873077393e-10,0,0.9930571913719177,-0.11551692336797714,0.02221016399562359,0.116683728992939,0.9912630915641785,-0.06150086969137192,-0.014911721460521222,0.06366544216871262,0.9978599548339844],"EasingStyle":"Linear","EasingDirection":"In"},"Right Leg":{"Weight":1,"CFrame":[0.40817829966545107,-0.5857670307159424,0.2477421760559082,0.6866692304611206,0.42654845118522646,-0.5886778831481934,-0.7159053087234497,0.25602638721466067,-0.6495615243911743,-0.12635239958763123,0.8674716353416443,0.4811737537384033],"EasingStyle":"Linear","EasingDirection":"In"},"Torso":{"Weight":1,"CFrame":[0.023965708911418916,0.03290706127882004,-0.20865488052368165,0.9974064230918884,0.06070321425795555,0.03867264464497566,-0.06141889840364456,0.9979569911956787,0.017593907192349435,-0.03752563148736954,-0.019923506304621698,0.9990970492362976],"EasingStyle":"Linear","EasingDirection":"In"},"HumanoidRootPart":{"Weight":1,"CFrame":[0,0,0,1,0,0,0,1,0,0,0,1],"EasingStyle":"Linear","EasingDirection":"In"},"Left Arm":{"Weight":1,"CFrame":[-0.04625364765524864,-0.6130504012107849,-0.10994207859039307,-0.4381186068058014,0.7285603284835815,-0.5265472531318665,-0.8987030386924744,-0.34222039580345156,0.27425917983055117,0.019619138911366464,0.5933676362037659,0.8046923875808716],"EasingStyle":"Linear","EasingDirection":"In"}}},{"Time":0.0833333358168602,"poses":{"Left Leg":{"Weight":1,"CFrame":[-0.19778065383434297,0.07993948459625244,0.21238958835601808,0.8882297277450562,0.03933056816458702,0.457712858915329,0.08114200085401535,0.9672328233718872,-0.2405756264925003,-0.45217692852020266,0.2508261799812317,0.855933666229248],"EasingStyle":"Linear","EasingDirection":"In"},"Right Arm":{"Weight":1,"CFrame":[0.053082749247550967,-0.5613075494766235,-0.12674415111541749,-0.39902186393737795,-0.8572408556938171,0.32545310258865359,0.9020572900772095,-0.4306786060333252,-0.028436144813895227,0.1645422875881195,0.2822306752204895,0.9451305866241455],"EasingStyle":"Linear","EasingDirection":"In"},"Head":{"Weight":1,"CFrame":[1.0128132998943329e-7,1.3969838619232178e-9,-3.5762786865234377e-7,0.9912903308868408,-0.1294078528881073,0.02443624660372734,0.13058580458164216,0.9899029731750488,-0.05513322353363037,-0.017054835334420205,0.057844072580337527,0.9981799125671387],"EasingStyle":"Linear","EasingDirection":"In"},"Right Leg":{"Weight":1,"CFrame":[0.4431047737598419,-0.6417144536972046,0.23234081268310548,0.6822744011878967,0.44500845670700076,-0.5800595879554749,-0.6993731260299683,0.16609108448028565,-0.695191502571106,-0.2130233347415924,0.8799893856048584,0.42454662919044497],"EasingStyle":"Linear","EasingDirection":"In"},"Torso":{"Weight":1,"CFrame":[0.025443464517593385,0.0328684076666832,-0.23691678047180177,0.9971591830253601,0.06576302647590637,0.036725811660289767,-0.06644069403409958,0.997636079788208,0.017545660957694055,-0.03548514097929001,-0.019935905933380128,0.9991713166236877],"EasingStyle":"Linear","EasingDirection":"In"},"HumanoidRootPart":{"Weight":1,"CFrame":[0,0,0,1,0,0,0,1,0,0,0,1],"EasingStyle":"Linear","EasingDirection":"In"},"Left Arm":{"Weight":1,"CFrame":[-0.04655275493860245,-0.6070809364318848,-0.11257970333099365,-0.44998127222061159,0.7434346675872803,-0.4947946071624756,-0.8921399116516113,-0.3493805229663849,0.28639110922813418,0.04004150629043579,0.570296585559845,0.8204623460769653],"EasingStyle":"Linear","EasingDirection":"In"}}},{"Time":0.10000000149011612,"poses":{"Left Leg":{"Weight":1,"CFrame":[-0.20949797332286836,0.07650285959243775,0.21066105365753175,0.8951463103294373,0.036513492465019229,0.44427448511123659,0.08325977623462677,0.9654064774513245,-0.2470996230840683,-0.4379279315471649,0.25818052887916567,0.8611398935317993],"EasingStyle":"Linear","EasingDirection":"In"},"Right Arm":{"Weight":1,"CFrame":[0.052890073508024219,-0.5613698363304138,-0.1248893141746521,-0.3702712059020996,-0.8619813919067383,0.3462477922439575,0.9128676056861877,-0.40665191411972048,-0.03615280240774155,0.17196530103683473,0.3026919662952423,0.9374462366104126],"EasingStyle":"Linear","EasingDirection":"In"},"Head":{"Weight":1,"CFrame":[7.939524948596955e-8,-4.656612873077393e-10,-1.7881393432617188e-7,0.9902721047401428,-0.13593032956123353,0.029735812917351724,0.137345090508461,0.9891428351402283,-0.052276670932769778,-0.02230698987841606,0.055852197110652927,0.9981898069381714],"EasingStyle":"Linear","EasingDirection":"In"},"Right Leg":{"Weight":1,"CFrame":[0.4660758972167969,-0.6582236289978027,0.232993483543396,0.6827887296676636,0.4557686448097229,-0.5710294842720032,-0.6863020062446594,0.13204489648342133,-0.7152299284934998,-0.25057780742645266,0.880249559879303,0.4029535949230194],"EasingStyle":"Linear","EasingDirection":"In"},"Torso":{"Weight":1,"CFrame":[0.029228679835796357,0.03287834674119949,-0.25240087509155276,0.9971165060997009,0.06901318579912186,0.03155769407749176,-0.06958997249603272,0.997421145439148,0.017558202147483827,-0.030264558270573617,-0.019703669473528863,0.9993478059768677],"EasingStyle":"Linear","EasingDirection":"In"},"HumanoidRootPart":{"Weight":1,"CFrame":[0,0,0,1,0,0,0,1,0,0,0,1],"EasingStyle":"Linear","EasingDirection":"In"},"Left Arm":{"Weight":1,"CFrame":[-0.046680573374032977,-0.593948245048523,-0.11295640468597412,-0.46089616417884829,0.7537588477134705,-0.46842533349990847,-0.8857370018959045,-0.3578859865665436,0.29561421275138857,0.05517900735139847,0.5511490106582642,0.8325803279876709],"EasingStyle":"Linear","EasingDirection":"In"}}},{"Time":0.11666666716337204,"poses":{"Left Leg":{"Weight":1,"CFrame":[-0.22357995808124543,0.0698961615562439,0.20380651950836183,0.9057369828224182,0.03543054684996605,0.42235663533210757,0.08110106736421585,0.9635989665985107,-0.25475406646728518,-0.4160085916519165,0.264993816614151,0.8698938488960266],"EasingStyle":"Linear","EasingDirection":"In"},"Right Arm":{"Weight":1,"CFrame":[0.05259902402758598,-0.5615384578704834,-0.1234402060508728,-0.34596487879753115,-0.860876202583313,0.3730961084365845,0.9201874136924744,-0.38897112011909487,-0.044234033674001697,0.18320368230342866,0.3280148208141327,0.9267377257347107],"EasingStyle":"Linear","EasingDirection":"In"},"Head":{"Weight":1,"CFrame":[9.289942681789398e-8,9.778887033462525e-9,-3.5762786865234377e-7,0.9905976057052612,-0.1313289850950241,0.03832879662513733,0.1336464285850525,0.9888328909873962,-0.06594063341617584,-0.02924085222184658,0.07044312357902527,0.9970871806144714],"EasingStyle":"Linear","EasingDirection":"In"},"Right Leg":{"Weight":1,"CFrame":[0.46021538972854617,-0.6157859563827515,0.2645481824874878,0.6828968524932861,0.4529586136341095,-0.5731320381164551,-0.7010716795921326,0.18587203323841096,-0.6884403824806213,-0.20530585944652558,0.8719403743743897,0.44448795914649966],"EasingStyle":"Linear","EasingDirection":"In"},"Torso":{"Weight":1,"CFrame":[0.0344679020345211,0.03282599151134491,-0.25888538360595705,0.9971961379051209,0.0707680881023407,0.024325158447027208,-0.07120276987552643,0.9973085522651672,0.017492910847067834,-0.023021748289465905,-0.019175885245203973,0.9995510578155518],"EasingStyle":"Linear","EasingDirection":"In"},"HumanoidRootPart":{"Weight":1,"CFrame":[0,0,0,1,0,0,0,1,0,0,0,1],"EasingStyle":"Linear","EasingDirection":"In"},"Left Arm":{"Weight":1,"CFrame":[-0.046867839992046359,-0.5808154940605164,-0.11333316564559937,-0.46866559982299807,0.7603299021720886,-0.44972342252731326,-0.8810752034187317,-0.36561715602874758,0.300051212310791,0.06371135264635086,0.5368638038635254,0.8412598371505737],"EasingStyle":"Linear","EasingDirection":"In"}}},{"Time":0.13333334028720857,"poses":{"Left Leg":{"Weight":1,"CFrame":[-0.2391861528158188,0.062147676944732669,0.1928771734237671,0.9185527563095093,0.03599421679973602,0.3936561942100525,0.07470262795686722,0.9620960354804993,-0.26228007674217226,-0.3881756067276001,0.2703253924846649,0.8810471296310425],"EasingStyle":"Linear","EasingDirection":"In"},"Right Arm":{"Weight":1,"CFrame":[0.052234187722206119,-0.5618671178817749,-0.12233668565750122,-0.3263516426086426,-0.8567370176315308,0.39937010407447817,0.924976110458374,-0.3764815628528595,-0.051777370274066928,0.19471511244773866,0.35251012444496157,0.9153265357017517],"EasingStyle":"Linear","EasingDirection":"In"},"Head":{"Weight":1,"CFrame":[9.592622518539429e-8,4.6566128730773929e-9,1.1920928955078126e-7,0.9918236136436462,-0.11795426905155182,0.048710811883211139,0.12221542745828629,0.987800657749176,-0.09650500118732453,-0.036733392626047137,0.10166913270950318,0.9941398501396179],"EasingStyle":"Linear","EasingDirection":"In"},"Right Leg":{"Weight":1,"CFrame":[0.4515380263328552,-0.5463029146194458,0.29478538036346438,0.6902218461036682,0.44640424847602847,-0.5694885849952698,-0.7117601633071899,0.27707093954086306,-0.6454681754112244,-0.13035105168819428,0.8508555293083191,0.5089731216430664],"EasingStyle":"Linear","EasingDirection":"In"},"Torso":{"Weight":1,"CFrame":[0.04030816629528999,0.032591406255960467,-0.26013898849487307,0.9973207712173462,0.07133965194225311,0.016185684129595758,-0.07161615043878555,0.9972840547561646,0.017199886962771417,-0.01491468958556652,-0.018312962725758554,0.9997210502624512],"EasingStyle":"Linear","EasingDirection":"In"},"HumanoidRootPart":{"Weight":1,"CFrame":[0,0,0,1,0,0,0,1,0,0,0,1],"EasingStyle":"Linear","EasingDirection":"In"},"Left Arm":{"Weight":1,"CFrame":[-0.047345466911792758,-0.5748459100723267,-0.11597055196762085,-0.47106611728668215,0.7639903426170349,-0.44092580676078799,-0.8797537088394165,-0.3704914152622223,0.29794231057167055,0.06426586210727692,0.5282564163208008,0.8466492891311646],"EasingStyle":"Linear","EasingDirection":"In"}}},{"Time":0.15000000596046449,"poses":{"Left Leg":{"Weight":1,"CFrame":[-0.24649149179458619,0.04995912313461304,0.17295300960540772,0.9323217868804932,0.04647926986217499,0.3586302697658539,0.05506519600749016,0.9618953466415405,-0.2678154706954956,-0.357412725687027,0.2694382071495056,0.89423668384552],"EasingStyle":"Linear","EasingDirection":"In"},"Right Arm":{"Weight":1,"CFrame":[0.05182014778256416,-0.5624091029167175,-0.12151926755905152,-0.31178268790245058,-0.852308452129364,0.4199548065662384,0.9280508160591126,-0.3679483234882355,-0.0577569343149662,0.20374837517738343,0.371731698513031,0.9057053327560425],"EasingStyle":"Linear","EasingDirection":"In"},"Head":{"Weight":1,"CFrame":[8.265487849712372e-8,-5.587935447692871e-9,0,0.9931217432022095,-0.10201353579759598,0.05746841058135033,0.1084977462887764,0.9863155484199524,-0.12413674592971802,-0.04401836544275284,0.12951809167861939,0.990599513053894],"EasingStyle":"Linear","EasingDirection":"In"},"Right Leg":{"Weight":1,"CFrame":[0.4657485783100128,-0.49676477909088137,0.3067530393600464,0.7062937021255493,0.44608020782470705,-0.5496923327445984,-0.7013724446296692,0.3355848491191864,-0.62885582447052,-0.09605171531438828,0.8296958208084106,0.5498898029327393],"EasingStyle":"Linear","EasingDirection":"In"},"Torso":{"Weight":1,"CFrame":[0.045759573578834537,0.029894376173615457,-0.24657678604125977,0.9975246787071228,0.06985744088888169,0.00803134124726057,-0.06996381282806397,0.9974536895751953,0.013828867115080357,-0.007044842001050711,-0.014356538653373719,0.9998721480369568],"EasingStyle":"Linear","EasingDirection":"In"},"HumanoidRootPart":{"Weight":1,"CFrame":[0,0,0,1,0,0,0,1,0,0,0,1],"EasingStyle":"Linear","EasingDirection":"In"},"Left Arm":{"Weight":1,"CFrame":[-0.048247747123241428,-0.5794597864151001,-0.12456077337265015,-0.46401524543762209,0.7692476511001587,-0.4392584562301636,-0.8836755156517029,-0.3674290180206299,0.29002347588539126,0.0617036409676075,0.5227371454238892,0.850257933139801],"EasingStyle":"Linear","EasingDirection":"In"}}},{"Time":0.1666666716337204,"poses":{"Left Leg":{"Weight":1,"CFrame":[-0.23991967737674714,0.032889604568481448,0.14269089698791505,0.9460128545761108,0.0724862813949585,0.3159199357032776,0.016222631558775903,0.962863028049469,-0.26950252056121828,-0.3237228989601135,0.26007789373397829,0.9097049832344055],"EasingStyle":"Linear","EasingDirection":"In"},"Right Arm":{"Weight":1,"CFrame":[0.05138152092695236,-0.5632169246673584,-0.12092775106430054,-0.30202746391296389,-0.8483442068099976,0.4348467290401459,0.9299626350402832,-0.36250758171081545,-0.061302073299884799,0.2096405029296875,0.3858761191368103,0.8984155654907227],"EasingStyle":"Linear","EasingDirection":"In"},"Head":{"Weight":1,"CFrame":[8.579809218645096e-8,-5.122274160385132e-9,4.76837158203125e-7,0.9938199520111084,-0.09150126576423645,0.06284549087285996,0.09904380142688751,0.9865787625312805,-0.12981833517551423,-0.050123486667871478,0.13524049520492555,0.9895442128181458],"EasingStyle":"Linear","EasingDirection":"In"},"Right Leg":{"Weight":1,"CFrame":[0.48782995343208315,-0.44642889499664309,0.31084299087524416,0.7298583388328552,0.44384336471557619,-0.5199134349822998,-0.6799571514129639,0.39295676350593569,-0.6190666556358337,-0.0704650953412056,0.8053497076034546,0.5885971784591675],"EasingStyle":"Linear","EasingDirection":"In"},"Torso":{"Weight":1,"CFrame":[0.049658045172691348,0.023080065846443178,-0.21253252029418946,0.9977895021438599,0.06645390391349793,0.0001595149515196681,-0.06645381450653076,0.9977753758430481,0.0053113107569515709,0.00019379722652956843,-0.005310170818120241,0.9999858736991882],"EasingStyle":"Linear","EasingDirection":"In"},"HumanoidRootPart":{"Weight":1,"CFrame":[0,0,0,1,0,0,0,1,0,0,0,1],"EasingStyle":"Linear","EasingDirection":"In"},"Left Arm":{"Weight":1,"CFrame":[-0.04932313784956932,-0.5902959704399109,-0.13758093118667603,-0.44796910881996157,0.7783656120300293,-0.4398530423641205,-0.8919219970703125,-0.3551604449748993,0.27988648414611819,0.06163564696907997,0.5176949501037598,0.8533422946929932],"EasingStyle":"Linear","EasingDirection":"In"}}},{"Time":0.18333333730697633,"poses":{"Left Leg":{"Weight":1,"CFrame":[-0.2263619750738144,0.0168454647064209,0.10876941680908203,0.9581921696662903,0.10916954278945923,0.26448047161102297,-0.03637855127453804,0.9633312821388245,-0.2658374309539795,-0.28380367159843447,0.2451019436120987,0.9270278811454773],"EasingStyle":"Linear","EasingDirection":"In"},"Right Arm":{"Weight":1,"CFrame":[0.05094289034605026,-0.5643455982208252,-0.12050241231918335,-0.2966170907020569,-0.8448677659034729,0.4452155530452728,0.9311413764953613,-0.3594053387641907,-0.06167261302471161,0.21211808919906617,0.3962654173374176,0.893297016620636],"EasingStyle":"Linear","EasingDirection":"In"},"Head":{"Weight":1,"CFrame":[8.795177564024925e-8,-6.984919309616089e-10,-1.1920928955078126e-7,0.9940631985664368,-0.08769514411687851,0.06440563499927521,0.09481184929609299,0.9885554313659668,-0.11734121292829514,-0.05337829515337944,0.12275098264217377,0.9910010695457459],"EasingStyle":"Linear","EasingDirection":"In"},"Right Leg":{"Weight":1,"CFrame":[0.502589225769043,-0.37409889698028567,0.3026726245880127,0.7641511559486389,0.4307860732078552,-0.4801004230976105,-0.6446568369865418,0.48447176814079287,-0.5913585424423218,-0.02215391770005226,0.7613872289657593,0.6479188203811646],"EasingStyle":"Linear","EasingDirection":"In"},"Torso":{"Weight":1,"CFrame":[0.050886109471321109,0.012986317276954651,-0.16765117645263673,0.9979900121688843,0.06296496093273163,-0.007168395444750786,-0.06301716715097428,0.9979857206344605,-0.007305465172976255,0.006693968083709478,0.007742512971162796,0.9999476075172424],"EasingStyle":"Linear","EasingDirection":"In"},"HumanoidRootPart":{"Weight":1,"CFrame":[0,0,0,1,0,0,0,1,0,0,0,1],"EasingStyle":"Linear","EasingDirection":"In"},"Left Arm":{"Weight":1,"CFrame":[-0.05022360011935234,-0.602848470211029,-0.14947080612182618,-0.42741909623146059,0.7887510061264038,-0.44179731607437136,-0.9017939567565918,-0.33744314312934878,0.27000027894973757,0.063881516456604,0.513813316822052,0.8555204272270203],"EasingStyle":"Linear","EasingDirection":"In"}}},{"Time":0.20000000298023225,"poses":{"Left Leg":{"Weight":1,"CFrame":[-0.21879808604717256,0.009303748607635498,0.07843554019927979,0.9678837060928345,0.14795014262199403,0.20325300097465516,-0.09360393136739731,0.9624435305595398,-0.2548348307609558,-0.23332242667675019,0.22762520611286164,0.9453821778297424],"EasingStyle":"Linear","EasingDirection":"In"},"Right Arm":{"Weight":1,"CFrame":[0.050528883934020999,-0.5658469200134277,-0.12018322944641113,-0.2950175404548645,-0.8417428135871887,0.45214346051216128,0.9319463968276978,-0.35789477825164797,-0.05820035934448242,0.21080957353115083,0.404203325510025,0.8900443911552429],"EasingStyle":"Linear","EasingDirection":"In"},"Head":{"Weight":1,"CFrame":[9.231735020875931e-8,-9.778887033462525e-9,1.1920928955078126e-7,0.9942768812179565,-0.0863783061504364,0.06286843121051789,0.09245721250772476,0.9905551671981812,-0.10125268250703812,-0.05352861434221268,0.10648582875728607,0.9928723573684692],"EasingStyle":"Linear","EasingDirection":"In"},"Right Leg":{"Weight":1,"CFrame":[0.5031575560569763,-0.28174328804016116,0.2703632116317749,0.8129025101661682,0.3997591733932495,-0.42353498935699465,-0.5807430148124695,0.6112025380134583,-0.5377445220947266,0.04389731585979462,0.6830989122390747,0.7290054559707642],"EasingStyle":"Linear","EasingDirection":"In"},"Torso":{"Weight":1,"CFrame":[0.04829131439328194,0.00047848373651504517,-0.12157988548278809,0.9980276823043823,0.06125592440366745,-0.013734729960560799,-0.061560098081827167,0.9978397488594055,-0.022939767688512803,0.012299864552915097,0.02374003268778324,0.9996424913406372],"EasingStyle":"Linear","EasingDirection":"In"},"HumanoidRootPart":{"Weight":1,"CFrame":[0,0,0,1,0,0,0,1,0,0,0,1],"EasingStyle":"Linear","EasingDirection":"In"},"Left Arm":{"Weight":1,"CFrame":[-0.05060109868645668,-0.6126095056533814,-0.15466958284378053,-0.4070073962211609,0.7980428338050842,-0.44437894225120547,-0.9108633399009705,-0.3181892931461334,0.26283764839172366,0.06835907697677612,0.5117452144622803,0.8564133048057556],"EasingStyle":"Linear","EasingDirection":"In"}}},{"Time":0.21666666865348817,"poses":{"Left Leg":{"Weight":1,"CFrame":[-0.23991210758686067,0.024039387702941896,0.06009066104888916,0.9754432439804077,0.17093171179294587,0.13889917731285096,-0.13538263738155366,0.9627557992935181,-0.23403622210025788,-0.17373023927211762,0.2094845324754715,0.9622547030448914],"EasingStyle":"Linear","EasingDirection":"In"},"Right Arm":{"Weight":1,"CFrame":[0.05016404017806053,-0.5677745938301086,-0.1199105978012085,-0.316162109375,-0.8305218815803528,0.45855751633644106,0.9247708916664124,-0.377680242061615,-0.046437546610832217,0.21175554394721986,0.4093787968158722,0.8874505758285523],"EasingStyle":"Linear","EasingDirection":"In"},"Head":{"Weight":1,"CFrame":[9.685754776000977e-8,5.820766091346741e-9,4.76837158203125e-7,0.9938439130783081,-0.093259796500206,0.059808164834976199,0.09799496084451676,0.9918155074119568,-0.08184850215911865,-0.051685478538274768,0.08720548450946808,0.9948487281799316],"EasingStyle":"Linear","EasingDirection":"In"},"Right Leg":{"Weight":1,"CFrame":[0.48123371601104739,-0.18171358108520509,0.2043548822402954,0.8767032027244568,0.34153223037719729,-0.3387436270713806,-0.4702070355415344,0.7570030689239502,-0.4537090063095093,0.10147382318973541,0.5570477843284607,0.8242577910423279],"EasingStyle":"Linear","EasingDirection":"In"},"Torso":{"Weight":1,"CFrame":[0.03880169615149498,-0.013259805738925934,-0.08462810516357422,0.9975470900535584,0.06721559911966324,-0.01954059489071369,-0.06795648485422135,0.9968817234039307,-0.040112052112817767,0.01678350567817688,0.04134157672524452,0.9990041255950928],"EasingStyle":"Linear","EasingDirection":"In"},"HumanoidRootPart":{"Weight":1,"CFrame":[0,0,0,1,0,0,0,1,0,0,0,1],"EasingStyle":"Linear","EasingDirection":"In"},"Left Arm":{"Weight":1,"CFrame":[-0.04897775873541832,-0.6178995966911316,-0.13768750429153443,-0.3942842483520508,0.8096805810928345,-0.43469226360321047,-0.914074182510376,-0.29667675495147707,0.27649828791618349,0.09491226822137833,0.5063599348068237,0.8570830225944519],"EasingStyle":"Linear","EasingDirection":"In"}}},{"Time":0.23333333432674409,"poses":{"Left Leg":{"Weight":1,"CFrame":[-0.3083474636077881,0.0725640058517456,0.055121541023254397,0.9835929870605469,0.16054989397525788,0.08227114379405976,-0.1402418166399002,0.9673517942428589,-0.21109920740127564,-0.11347712576389313,0.19609782099723817,0.9739961624145508],"EasingStyle":"Linear","EasingDirection":"In"},"Right Arm":{"Weight":1,"CFrame":[0.049872979521751407,-0.5701816082000732,-0.11962443590164185,-0.3618808686733246,-0.8081048130989075,0.4647676348686218,0.9063088893890381,-0.4217154383659363,-0.02757173217833042,0.21828049421310426,0.41124528646469118,0.8850032687187195],"EasingStyle":"Linear","EasingDirection":"In"},"Head":{"Weight":1,"CFrame":[8.638016879558563e-8,1.618172973394394e-8,7.152557373046875e-7,0.992578387260437,-0.10781433433294296,0.056250907480716708,0.1112104132771492,0.9919103384017944,-0.06120655685663223,-0.049196913838386539,0.06700800359249115,0.9965388178825378],"EasingStyle":"Linear","EasingDirection":"In"},"Right Leg":{"Weight":1,"CFrame":[0.4249699115753174,-0.10641467571258545,0.11793720722198487,0.9400267601013184,0.2518741190433502,-0.2300199419260025,-0.3219868242740631,0.8778012990951538,-0.35466811060905459,0.11258011311292649,0.4074608087539673,0.9062568545341492],"EasingStyle":"Linear","EasingDirection":"In"},"Torso":{"Weight":1,"CFrame":[0.027990028262138368,-0.025984957814216615,-0.06978869438171387,0.9964416027069092,0.08053747564554215,-0.024861570447683336,-0.0818243995308876,0.9950712323188782,-0.056017808616161349,0.020227503031492235,0.05785275250673294,0.9981201887130737],"EasingStyle":"Linear","EasingDirection":"In"},"HumanoidRootPart":{"Weight":1,"CFrame":[0,0,0,1,0,0,0,1,0,0,0,1],"EasingStyle":"Linear","EasingDirection":"In"},"Left Arm":{"Weight":1,"CFrame":[-0.04539618641138077,-0.6206159591674805,-0.1003270149230957,-0.38686954975128176,0.8256403207778931,-0.4106702208518982,-0.9103476405143738,-0.2709815502166748,0.31278786063194277,0.14696620404720307,0.4948606491088867,0.8564541339874268],"EasingStyle":"Linear","EasingDirection":"In"}}},{"Time":0.25,"poses":{"Left Leg":{"Weight":1,"CFrame":[-0.3960180878639221,0.1421593427658081,0.0554194450378418,0.9908195734024048,0.12887030839920045,0.04085416719317436,-0.11849051713943482,0.9733142256736755,-0.19651837646961213,-0.06508935987949372,0.18987347185611726,0.9796487092971802],"EasingStyle":"Linear","EasingDirection":"In"},"Right Arm":{"Weight":1,"CFrame":[0.049680326133966449,-0.5731223821640015,-0.11926501989364624,-0.40656009316444399,-0.7842260003089905,0.46872028708457949,0.8853216767311096,-0.46487414836883547,-0.009878012351691723,0.22564256191253663,0.4109521210193634,0.883291482925415],"EasingStyle":"Linear","EasingDirection":"In"},"Head":{"Weight":1,"CFrame":[8.66129994392395e-8,-2.991873770952225e-8,1.1920928955078126e-7,0.9910758137702942,-0.12242855876684189,0.05272670462727547,0.12469277530908585,0.9913049340248108,-0.04202702268958092,-0.047122932970523837,0.048226580023765567,0.9977242350578308],"EasingStyle":"Linear","EasingDirection":"In"},"Right Leg":{"Weight":1,"CFrame":[0.34148699045181277,-0.07013344764709473,0.048213839530944827,0.9809427261352539,0.14913885295391084,-0.12453500926494599,-0.17797455191612245,0.946847140789032,-0.26796576380729678,0.0779515728354454,0.2850230932235718,0.9553457498550415],"EasingStyle":"Linear","EasingDirection":"In"},"Torso":{"Weight":1,"CFrame":[0.022727064788341523,-0.03527912497520447,-0.07738828659057617,0.9951440095901489,0.09384334832429886,-0.029694680124521257,-0.09566998481750488,0.9931126832962036,-0.06763474643230438,0.023143088445067407,0.07014719396829605,0.9972682595252991],"EasingStyle":"Linear","EasingDirection":"In"},"HumanoidRootPart":{"Weight":1,"CFrame":[0,0,0,1,0,0,0,1,0,0,0,1],"EasingStyle":"Linear","EasingDirection":"In"},"Left Arm":{"Weight":1,"CFrame":[-0.041789136826992038,-0.6216170191764832,-0.06296676397323609,-0.37577342987060549,0.8415619134902954,-0.3880307972431183,-0.9048962593078613,-0.24289488792419434,0.34952107071876528,0.19989295303821565,0.48246830701828005,0.852799654006958],"EasingStyle":"Linear","EasingDirection":"In"}}},{"Time":0.2666666805744171,"poses":{"Left Leg":{"Weight":1,"CFrame":[-0.46431243419647219,0.2070831060409546,0.06313109397888184,0.9952304363250732,0.09428230673074722,0.025043848901987077,-0.08761896938085556,0.9767994284629822,-0.19541184604167939,-0.042886752635240558,0.192285418510437,0.9804015159606934],"EasingStyle":"Linear","EasingDirection":"In"},"Right Arm":{"Weight":1,"CFrame":[0.049610648304224017,-0.5766492486000061,-0.11877220869064331,-0.42648667097091677,-0.7728003263473511,0.46998831629753115,0.8749944567680359,-0.48412856459617617,-0.002045498928055167,0.2291155457496643,0.4103647470474243,0.8826702237129211],"EasingStyle":"Linear","EasingDirection":"In"},"Head":{"Weight":1,"CFrame":[6.426125764846802e-8,-9.42964106798172e-9,-5.960464477539063e-8,0.9903090000152588,-0.12950190901756288,0.05017366260290146,0.13095399737358094,0.9910259246826172,-0.026810389012098314,-0.046251408755779269,0.0331210121512413,0.9983806014060974],"EasingStyle":"Linear","EasingDirection":"In"},"Right Leg":{"Weight":1,"CFrame":[0.317264199256897,-0.05513346195220947,0.017252326011657716,0.9934783577919006,0.10289174318313599,-0.049134060740470889,-0.11144088208675385,0.9673745632171631,-0.2275247871875763,0.024120695888996125,0.23151639103889466,0.9725319147109985],"EasingStyle":"Linear","EasingDirection":"In"},"Torso":{"Weight":1,"CFrame":[0.018580429255962373,-0.038792312145233157,-0.09373354911804199,0.9944334030151367,0.09980767965316773,-0.033773619681596759,-0.10202676057815552,0.9921708106994629,-0.07202532887458801,0.026320520788431169,0.07507020235061646,0.9968308210372925],"EasingStyle":"Linear","EasingDirection":"In"},"HumanoidRootPart":{"Weight":1,"CFrame":[0,0,0,1,0,0,0,1,0,0,0,1],"EasingStyle":"Linear","EasingDirection":"In"},"Left Arm":{"Weight":1,"CFrame":[-0.04008910804986954,-0.6217601299285889,-0.04598468542098999,-0.3545427918434143,0.8531225323677063,-0.3827289342880249,-0.906398594379425,-0.21304094791412354,0.36476752161979678,0.2296544760465622,0.47623053193092348,0.8488010168075562],"EasingStyle":"Linear","EasingDirection":"In"}}},{"Time":0.28333333134651186,"poses":{"Left Leg":{"Weight":1,"CFrame":[-0.5115333199501038,0.2589513063430786,0.08083438873291016,0.9978387951850891,0.05882023647427559,0.029292570427060128,-0.05157841742038727,0.9773056507110596,-0.2054591327905655,-0.04071298614144325,0.2035042941570282,0.9782271981239319],"EasingStyle":"Linear","EasingDirection":"In"},"Right Arm":{"Weight":1,"CFrame":[0.05020301789045334,-0.588282585144043,-0.11812466382980347,-0.4217757284641266,-0.775469958782196,0.4698423445224762,0.8775368332862854,-0.4794953465461731,-0.003640778362751007,0.22811059653759004,0.4107682704925537,0.8827428817749023],"EasingStyle":"Linear","EasingDirection":"In"},"Head":{"Weight":1,"CFrame":[8.847564458847046e-8,7.683411240577698e-9,-2.384185791015625e-7,0.9908090829849243,-0.1256634145975113,0.05006037652492523,0.12664492428302766,0.9918037056922913,-0.01692994125187397,-0.04752258211374283,0.02311422862112522,0.9986027479171753],"EasingStyle":"Linear","EasingDirection":"In"},"Right Leg":{"Weight":1,"CFrame":[0.37424173951148989,-0.042240023612976077,0.007825016975402832,0.9912551641464233,0.13146425783634187,-0.011418872512876988,-0.1306484043598175,0.9655596017837524,-0.2250014841556549,-0.01855400763452053,0.22452576458454133,0.9742915630340576],"EasingStyle":"Linear","EasingDirection":"In"},"Torso":{"Weight":1,"CFrame":[0.011431105434894562,-0.03484250605106354,-0.11258435249328613,0.9947603940963745,0.09531578421592713,-0.036968063563108447,-0.09763627499341965,0.9929584264755249,-0.0670870766043663,0.030313294380903245,0.07034499198198319,0.9970620274543762],"EasingStyle":"Linear","EasingDirection":"In"},"HumanoidRootPart":{"Weight":1,"CFrame":[0,0,0,1,0,0,0,1,0,0,0,1],"EasingStyle":"Linear","EasingDirection":"In"},"Left Arm":{"Weight":1,"CFrame":[-0.039999134838581088,-0.6213611364364624,-0.04665189981460571,-0.32243677973747256,0.8612006902694702,-0.3928970396518707,-0.9164848327636719,-0.18017245829105378,0.35720252990722659,0.2368338704109192,0.47525930404663088,0.8473713994026184],"EasingStyle":"Linear","EasingDirection":"In"}}},{"Time":0.30000001192092898,"poses":{"Left Leg":{"Weight":1,"CFrame":[-0.5455115437507629,0.2994579076766968,0.10450327396392822,0.9988527894020081,0.02343619614839554,0.041760243475437167,-0.013635233044624329,0.9751501679420471,-0.2211250215768814,-0.04590487852692604,0.22030197083950044,0.9743509888648987],"EasingStyle":"Linear","EasingDirection":"In"},"Right Arm":{"Weight":1,"CFrame":[0.05163630098104477,-0.6110516786575317,-0.11745291948318482,-0.40830081701278689,-0.7834372520446777,0.46852612495422366,0.8844802379608154,-0.4664860963821411,-0.0092389527708292,0.22579912841320039,0.4106297791004181,0.8834012746810913],"EasingStyle":"Linear","EasingDirection":"In"},"Head":{"Weight":1,"CFrame":[1.0011717677116394e-7,-1.1874362826347351e-8,0,0.9922765493392944,-0.11278046667575836,0.0516517199575901,0.11348052322864533,0.9934813380241394,-0.010817968286573887,-0.05009496212005615,0.01659587025642395,0.9986065626144409],"EasingStyle":"Linear","EasingDirection":"In"},"Right Leg":{"Weight":1,"CFrame":[0.4138229191303253,-0.03912985324859619,0.008425235748291016,0.9854677319526672,0.16961050033569337,-0.009254484437406063,-0.16718986630439759,0.9588924646377564,-0.22928762435913087,-0.0300154872238636,0.22750282287597657,0.9733147025108337],"EasingStyle":"Linear","EasingDirection":"In"},"Torso":{"Weight":1,"CFrame":[0.0011695176362991334,-0.024554476141929628,-0.13246536254882813,0.9958423972129822,0.08207184076309204,-0.03952408209443092,-0.08415264636278153,0.9949763417243958,-0.05422590300440788,0.03487510606646538,0.057326506823301318,0.9977461695671082],"EasingStyle":"Linear","EasingDirection":"In"},"HumanoidRootPart":{"Weight":1,"CFrame":[0,0,0,1,0,0,0,1,0,0,0,1],"EasingStyle":"Linear","EasingDirection":"In"},"Left Arm":{"Weight":1,"CFrame":[-0.039931513369083408,-0.6202366352081299,-0.048410773277282718,-0.28917136788368227,0.8647794127464294,-0.41053205728530886,-0.9278430938720703,-0.1476697325706482,0.3424922227859497,0.23555704951286317,0.4799482226371765,0.8450813293457031],"EasingStyle":"Linear","EasingDirection":"In"}}},{"Time":0.3166666626930237,"poses":{"Left Leg":{"Weight":1,"CFrame":[-0.5629043579101563,0.31412404775619509,0.13942432403564454,0.9978281259536743,-0.007380867376923561,0.06545737385749817,0.023867588490247728,0.9666902422904968,-0.254833847284317,-0.06139615178108215,0.2558426856994629,0.9647669196128845],"EasingStyle":"Linear","EasingDirection":"In"},"Right Arm":{"Weight":1,"CFrame":[0.05339474976062775,-0.6382761001586914,-0.11692589521408081,-0.3869800567626953,-0.7964863181114197,0.4646031856536865,0.8946416974067688,-0.4463364779949188,-0.020000634714961053,0.22329950332641602,0.4079134166240692,