{"Sequence":[{"Time":0,"poses":{"Left Leg":{"Weight":1,"CFrame":[0.018740583211183549,0.21086621284484864,0.3477722406387329,0.8607548475265503,-0.10883303731679917,0.49724891781806948,0.026647254824638368,0.985170304775238,0.1694973260164261,-0.5083217024803162,-0.1326453685760498,0.8508902192115784],"EasingStyle":"Linear","EasingDirection":"Out"},"Right Arm":{"Weight":1,"CFrame":[-0.07480324059724808,-0.1042499840259552,0.08625459671020508,0.9394768476486206,0.19932156801223756,-0.27866503596305849,-0.1533362716436386,0.9719612002372742,0.17826764285564423,0.30638423562049868,-0.12474887073040009,0.9436982870101929],"EasingStyle":"Linear","EasingDirection":"Out"},"Left Arm":{"Weight":1,"CFrame":[-0.18423834443092347,-0.5609519481658936,0.5167968273162842,0.8187695145606995,0.5562126040458679,0.14228084683418275,-0.13154737651348115,-0.05947975441813469,0.9895238876342773,0.5588486194610596,-0.8289087414741516,0.0244680717587471],"EasingStyle":"Linear","EasingDirection":"Out"},"Head":{"Weight":1,"CFrame":[1.7299316823482514e-7,3.245077095925808e-9,-4.172325134277344e-7,0.9803246259689331,-0.18910612165927888,0.056590571999549869,0.19257427752017976,0.9792047739028931,-0.06382141262292862,-0.04334472119808197,0.07346358895301819,0.9963555335998535],"EasingStyle":"Linear","EasingDirection":"Out"},"Torso":{"Weight":1,"CFrame":[0.1309860199689865,-4.0337124573852636e-7,-0.07322835922241211,0.9743247032165527,0.21448539197444917,0.06846465170383454,-0.2146320939064026,0.9766806364059448,-0.005293108522891998,-0.06800339370965958,-0.00953750405460596,0.9976394772529602],"EasingStyle":"Linear","EasingDirection":"Out"},"HumanoidRootPart":{"Weight":0,"CFrame":[0,0,0,1,0,0,0,1,0,0,0,1],"EasingStyle":"Linear","EasingDirection":"In"},"Right Leg":{"Weight":1,"CFrame":[0.5221335887908936,0.13275623321533204,-0.07576215267181397,0.9695302248001099,0.12699279189109803,0.20948489010334016,-0.15008662641048432,0.9837794899940491,0.09824387729167938,-0.19361068308353425,-0.1266913264989853,0.9728639125823975],"EasingStyle":"Linear","EasingDirection":"Out"}}},{"Time":0.01666666753590107,"poses":{"Left Leg":{"Weight":1,"CFrame":[0.021473867818713189,0.19608086347579957,0.353945255279541,0.8612174987792969,-0.10117233544588089,0.498064786195755,0.03513633832335472,0.9894936680793762,0.14024150371551515,-0.5070205926895142,-0.10327833145856857,0.8557241559028626],"EasingStyle":"Linear","EasingDirection":"Out"},"Right Arm":{"Weight":1,"CFrame":[-0.06999608874320984,-0.11301681399345398,0.07996881008148194,0.9639893770217896,0.18165592849254609,-0.19423075020313264,-0.13854573667049409,0.9664543271064758,0.21626615524291993,0.2270011603832245,-0.1815684735774994,0.9568194150924683],"EasingStyle":"Linear","EasingDirection":"Out"},"Left Arm":{"Weight":1,"CFrame":[-0.17173629999160767,-0.5599658489227295,0.5183552503585815,0.8268888592720032,0.547035276889801,0.13041122257709504,-0.12318235635757446,-0.05007899925112724,0.9911196827888489,0.5487083792686462,-0.8356102705001831,0.025975337252020837],"EasingStyle":"Linear","EasingDirection":"Out"},"Head":{"Weight":1,"CFrame":[1.5576370060443879e-7,6.51925802230835e-9,2.384185791015625e-7,0.9794794321060181,-0.18685513734817506,0.07553307712078095,0.191496804356575,0.9796755313873291,-0.05970628932118416,-0.06284147500991821,0.07294540852308274,0.995354175567627],"EasingStyle":"Linear","EasingDirection":"Out"},"Torso":{"Weight":1,"CFrame":[0.1309860199689865,-4.0337124573852636e-7,-0.08650779724121094,0.975631594657898,0.2138807326555252,0.048969022929668429,-0.21388085186481477,0.976845383644104,-0.005298849195241928,-0.04896848276257515,-0.005303812213242054,0.9987862706184387],"EasingStyle":"Linear","EasingDirection":"Out"},"HumanoidRootPart":{"Weight":0,"CFrame":[0,0,0,1,0,0,0,1,0,0,0,1],"EasingStyle":"Linear","EasingDirection":"In"},"Right Leg":{"Weight":1,"CFrame":[0.5060312151908875,0.14740437269210816,-0.07714158296585083,0.9709221720695496,0.122761569917202,0.2055230587720871,-0.14967957139015199,0.9813074469566345,0.12096163630485535,-0.18683189153671266,-0.14820696413516999,0.9711480736732483],"EasingStyle":"Linear","EasingDirection":"Out"}}},{"Time":0.03333333507180214,"poses":{"Left Leg":{"Weight":1,"CFrame":[0.025232743471860887,0.17956584692001344,0.35922157764434817,0.8614901304244995,-0.09230741113424301,0.49931368231773379,0.04340267926454544,0.9931252002716065,0.10871295630931854,-0.5059159994125366,-0.07198356837034226,0.8595739603042603],"EasingStyle":"Linear","EasingDirection":"Out"},"Right Arm":{"Weight":1,"CFrame":[-0.06456692516803742,-0.12291863560676575,0.07286989688873291,0.9821410775184631,0.15643712878227235,-0.10452889651060105,-0.1252947747707367,0.9582812786102295,0.25690117478370669,0.14035695791244508,-0.23921628296375276,0.9607681632041931],"EasingStyle":"Linear","EasingDirection":"Out"},"Left Arm":{"Weight":1,"CFrame":[-0.15946778655052186,-0.558834969997406,0.5196655988693237,0.8348640203475952,0.5377290844917297,0.11768448352813721,-0.11490003764629364,-0.03884798288345337,0.992617130279541,0.5383308529853821,-0.8422222137451172,0.029352320358157159],"EasingStyle":"Linear","EasingDirection":"Out"},"Head":{"Weight":1,"CFrame":[1.4086253941059113e-7,4.656612873077393e-10,-2.384185791015625e-7,0.9782300591468811,-0.18438351154327393,0.09522929787635803,0.19013506174087525,0.9802011847496033,-0.05526541545987129,-0.08315384387969971,0.072168730199337,0.993920087814331],"EasingStyle":"Linear","EasingDirection":"Out"},"Torso":{"Weight":1,"CFrame":[0.1309860199689865,-4.0337124573852636e-7,-0.1003565788269043,0.9766265153884888,0.21303100883960725,0.028607681393623353,-0.21296094357967378,0.9770451784133911,-0.005509679205715656,-0.029124729335308076,-0.0007114203181117773,0.9995755553245544],"EasingStyle":"Linear","EasingDirection":"Out"},"HumanoidRootPart":{"Weight":0,"CFrame":[0,0,0,1,0,0,0,1,0,0,0,1],"EasingStyle":"Linear","EasingDirection":"In"},"Right Leg":{"Weight":1,"CFrame":[0.4830509424209595,0.15849387645721436,-0.0775567889213562,0.9729135632514954,0.11374995857477188,0.20124660432338715,-0.14455582201480866,0.9787187576293945,0.14564765989780427,-0.18039639294147492,-0.17079401016235352,0.9686519503593445],"EasingStyle":"Linear","EasingDirection":"Out"}}},{"Time":0.05000000074505806,"poses":{"Left Leg":{"Weight":1,"CFrame":[0.03032047487795353,0.16172832250595094,0.362318754196167,0.8609352111816406,-0.08230661600828171,0.5020121932029724,0.051097217947244647,0.9958252310752869,0.07563886046409607,-0.5061419010162354,-0.039468735456466678,0.8615465760231018],"EasingStyle":"Linear","EasingDirection":"Out"},"Right Arm":{"Weight":1,"CFrame":[-0.058593638241291049,-0.13381287455558778,0.06505942344665528,0.992206335067749,0.12391634285449982,-0.013087504543364048,-0.11442391574382782,0.9476758241653442,0.29802292585372927,0.049332618713378909,-0.2942028045654297,0.9544689655303955],"EasingStyle":"Linear","EasingDirection":"Out"},"Left Arm":{"Weight":1,"CFrame":[-0.14744879305362702,-0.557547390460968,0.5207456350326538,0.8427839279174805,0.5280395746231079,0.10435239225625992,-0.10703492909669876,-0.02558738738298416,0.993925929069519,0.5275023579597473,-0.8488341569900513,0.034954071044921878],"EasingStyle":"Linear","EasingDirection":"Out"},"Head":{"Weight":1,"CFrame":[1.4540273696184159e-7,1.3969838619232178e-9,1.1920928955078126e-7,0.9766340851783752,-0.18164978921413423,0.11484433710575104,0.18837787210941316,0.9807900786399841,-0.05064191296696663,-0.1034390851855278,0.07109274715185166,0.9920918345451355],"EasingStyle":"Linear","EasingDirection":"Out"},"Torso":{"Weight":1,"CFrame":[0.1309860199689865,-4.0337124573852636e-7,-0.11420536041259766,0.9772762060165405,0.21181045472621919,0.008220824413001538,-0.21176570653915406,0.9773021340370178,-0.005987930577248335,-0.009302536025643349,0.0041109733283519749,0.999948263168335],"EasingStyle":"Linear","EasingDirection":"Out"},"HumanoidRootPart":{"Weight":0,"CFrame":[0,0,0,1,0,0,0,1,0,0,0,1],"EasingStyle":"Linear","EasingDirection":"In"},"Right Leg":{"Weight":1,"CFrame":[0.45799699425697329,0.16987794637680055,-0.07797706127166748,0.9751133322715759,0.10199813544750214,0.19685107469558717,-0.13670198619365693,0.9756290316581726,0.1716405749320984,-0.17454661428928376,-0.1942790150642395,0.9652922749519348],"EasingStyle":"Linear","EasingDirection":"Out"}}},{"Time":0.06666667014360428,"poses":{"Left Leg":{"Weight":1,"CFrame":[0.032894451171159747,0.14796358346939088,0.3624459505081177,0.8586106300354004,-0.07360446453094483,0.5073165893554688,0.05965328589081764,0.9972609281539917,0.043728046119213107,-0.5091456770896912,-0.007282208185642958,0.860649585723877],"EasingStyle":"Linear","EasingDirection":"Out"},"Right Arm":{"Weight":1,"CFrame":[-0.0521538108587265,-0.14555785059928895,0.05663895606994629,0.9934228658676148,0.08525421470403671,0.0764378234744072,-0.10623139888048172,0.9353464245796204,0.33740466833114626,-0.04273068904876709,-0.3433056175708771,0.9382511973381043],"EasingStyle":"Linear","EasingDirection":"Out"},"Left Arm":{"Weight":1,"CFrame":[-0.13569562137126923,-0.5560942888259888,0.5216124057769775,0.8507378101348877,0.5177076458930969,0.09068644791841507,-0.09990759193897248,-0.010107845067977906,0.9949454069137573,0.5160074234008789,-0.8554978966712952,0.04312378913164139],"EasingStyle":"Linear","EasingDirection":"Out"},"Head":{"Weight":1,"CFrame":[1.708976924419403e-7,-4.656612873077393e-10,2.384185791015625e-7,0.97481369972229,-0.17861208319664002,0.13355159759521485,0.18612723052501679,0.9814491868019104,-0.0459798127412796,-0.12286154925823212,0.06967934221029282,0.9899746775627136],"EasingStyle":"Linear","EasingDirection":"Out"},"Torso":{"Weight":1,"CFrame":[0.1309860199689865,-4.0337124573852636e-7,-0.1274852752685547,0.9776127338409424,0.2101060152053833,-0.011350939981639386,-0.21019016206264497,0.9776368737220764,-0.006798475049436092,0.009668697603046894,0.009032131172716618,0.999912440776825],"EasingStyle":"Linear","EasingDirection":"Out"},"HumanoidRootPart":{"Weight":0,"CFrame":[0,0,0,1,0,0,0,1,0,0,0,1],"EasingStyle":"Linear","EasingDirection":"In"},"Right Leg":{"Weight":1,"CFrame":[0.43708083033561709,0.18676966428756715,-0.08011448383331299,0.9771106839179993,0.09028211236000061,0.19262361526489259,-0.12888075411319734,0.971616268157959,0.19837236404418946,-0.16924673318862916,-0.2186572551727295,0.9610122442245483],"EasingStyle":"Linear","EasingDirection":"Out"}}},{"Time":0.0833333358168602,"poses":{"Left Leg":{"Weight":1,"CFrame":[0.031362712383270267,0.14104163646697999,0.35961389541625979,0.8539431095123291,-0.06744064390659332,0.5159776210784912,0.0697278380393982,0.9974536895751953,0.014972206205129624,-0.5156735181808472,0.023192625492811204,0.8564711809158325],"EasingStyle":"Linear","EasingDirection":"Out"},"Right Arm":{"Weight":1,"CFrame":[-0.04532531648874283,-0.15801188349723817,0.047710299491882327,0.9860902428627014,0.04237587749958038,0.16071820259094239,-0.10042482614517212,0.9223991632461548,0.372953861951828,-0.13244210183620454,-0.3839063346385956,0.9138244390487671],"EasingStyle":"Linear","EasingDirection":"Out"},"Left Arm":{"Weight":1,"CFrame":[-0.12422463297843933,-0.5544649958610535,0.5222828388214111,0.8588125109672546,0.5064732432365418,0.07698038965463638,-0.09381906688213349,0.007768299430608749,0.9955589771270752,0.5036259293556213,-0.8622207045555115,0.054188355803489688],"EasingStyle":"Linear","EasingDirection":"Out"},"Head":{"Weight":1,"CFrame":[1.4493707567453385e-7,-3.725290298461914e-9,1.1920928955078126e-7,0.9729514122009277,-0.17522664368152619,0.15053635835647584,0.183298259973526,0.9821842908859253,-0.04142152518033981,-0.14059628546237946,0.06789418309926987,0.9877363443374634],"EasingStyle":"Linear","EasingDirection":"Out"},"Torso":{"Weight":1,"CFrame":[0.1309860199689865,-4.0337124573852636e-7,-0.13962650299072267,0.9777294397354126,0.20781800150871278,-0.029270701110363008,-0.20812974870204926,0.978068470954895,-0.008007131516933442,0.02696472406387329,0.013920913450419903,0.9995394349098206],"EasingStyle":"Linear","EasingDirection":"Out"},"HumanoidRootPart":{"Weight":0,"CFrame":[0,0,0,1,0,0,0,1,0,0,0,1],"EasingStyle":"Linear","EasingDirection":"In"},"Right Leg":{"Weight":1,"CFrame":[0.4294174015522003,0.2178053855895996,-0.08724075555801392,0.9784640669822693,0.08286436647176743,0.18905431032180787,-0.12540224194526673,0.966123104095459,0.22556692361831666,-0.16395826637744904,-0.24441702663898469,0.9557081460952759],"EasingStyle":"Linear","EasingDirection":"Out"}}},{"Time":0.10000000149011612,"poses":{"Left Leg":{"Weight":1,"CFrame":[0.027911990880966188,0.13850533962249757,0.3540600538253784,0.8470451235771179,-0.06290078163146973,0.5277858972549439,0.08014257997274399,0.9967349171638489,-0.009831518866121769,-0.5254443287849426,0.05062593147158623,0.8493205308914185],"EasingStyle":"Linear","EasingDirection":"Out"},"Right Arm":{"Weight":1,"CFrame":[-0.03818580508232117,-0.1710328459739685,0.038374900817871097,0.9714754819869995,-0.0023115742951631548,0.2371286302804947,-0.09617297351360321,0.910187304019928,0.40287694334983828,-0.2167627513408661,-0.41419047117233279,0.8840023875236511],"EasingStyle":"Linear","EasingDirection":"Out"},"Left Arm":{"Weight":1,"CFrame":[-0.11305169761180878,-0.5526500344276428,0.5227748155593872,0.8670892119407654,0.49408242106437685,0.06355207413434982,-0.08904334902763367,0.028202420100569726,0.9956284165382385,0.4901301860809326,-0.86895751953125,0.06844878941774368],"EasingStyle":"Linear","EasingDirection":"Out"},"Head":{"Weight":1,"CFrame":[1.4971010386943818e-7,4.6566128730773929e-9,0,0.9712787866592407,-0.17144544422626496,0.16499704122543336,0.1798175573348999,0.9829999208450317,-0.03710449859499931,-0.15583068132400514,0.06570819020271301,0.9855958819389343],"EasingStyle":"Linear","EasingDirection":"Out"},"Torso":{"Weight":1,"CFrame":[0.1309860348701477,-4.033712173168169e-7,-0.15006065368652345,0.9777700304985046,0.20485849678516389,-0.044708002358675,-0.20547784864902497,0.9786139130592346,-0.009678296744823456,0.04176919534802437,0.01864965446293354,0.9989532232284546],"EasingStyle":"Linear","EasingDirection":"Out"},"HumanoidRootPart":{"Weight":0,"CFrame":[0,0,0,1,0,0,0,1,0,0,0,1],"EasingStyle":"Linear","EasingDirection":"In"},"Right Leg":{"Weight":1,"CFrame":[0.4172780513763428,0.24502259492874146,-0.09346407651901245,0.9800829887390137,0.07251240313053131,0.1848764717578888,-0.11827682703733444,0.9609664678573608,0.25010815262794497,-0.15952415764331819,-0.26699331402778628,0.9504033923149109],"EasingStyle":"Linear","EasingDirection":"Out"}}},{"Time":0.11666666716337204,"poses":{"Left Leg":{"Weight":1,"CFrame":[0.022281751036643983,0.14127719402313233,0.345778226852417,0.8375347256660461,-0.060406774282455447,0.5430344939231873,0.0907258689403534,0.9954478740692139,-0.02919563092291355,-0.538798987865448,0.07371968030929566,0.8392027020454407],"EasingStyle":"Linear","EasingDirection":"Out"},"Right Arm":{"Weight":1,"CFrame":[-0.030813053250312806,-0.18447989225387574,0.028734683990478517,0.9515678286552429,-0.04624881595373154,0.3039402961730957,-0.09223667532205582,0.9001321792602539,0.4257398843765259,-0.2932763993740082,-0.43315479159355166,0.8522709608078003],"EasingStyle":"Linear","EasingDirection":"Out"},"Left Arm":{"Weight":1,"CFrame":[-0.1021934524178505,-0.5506389737129211,0.5231049060821533,0.8756382465362549,0.4802943766117096,0.05074520409107208,-0.08582035452127457,0.051336824893951419,0.9949871301651001,0.47528156638145449,-0.8756036758422852,0.08617153018712998],"EasingStyle":"Linear","EasingDirection":"Out"},"Head":{"Weight":1,"CFrame":[1.632142812013626e-7,-1.1175870895385743e-8,-1.1920928955078126e-7,0.970058262348175,-0.1672142744064331,0.17614300549030305,0.175620898604393,0.9838992953300476,-0.033157698810100558,-0.16776253283023835,0.06309929490089417,0.9838059544563294],"EasingStyle":"Linear","EasingDirection":"Out"},"Torso":{"Weight":1,"CFrame":[0.1309860348701477,-4.033712173168169e-7,-0.1582183837890625,0.9779101014137268,0.20114970207214356,-0.05683884769678116,-0.20212318003177644,0.9792881608009338,-0.011871843598783017,0.05327359586954117,0.023098044097423555,0.998312771320343],"EasingStyle":"Linear","EasingDirection":"Out"},"HumanoidRootPart":{"Weight":0,"CFrame":[0,0,0,1,0,0,0,1,0,0,0,1],"EasingStyle":"Linear","EasingDirection":"In"},"Right Leg":{"Weight":1,"CFrame":[0.4008904993534088,0.2667659521102905,-0.09764647483825684,0.9818325042724609,0.06105036288499832,0.17966017127037049,-0.10879726707935333,0.9568570256233215,0.2694211006164551,-0.15546083450317384,-0.28407296538352969,0.9461154937744141],"EasingStyle":"Linear","EasingDirection":"Out"}}},{"Time":0.13333334028720857,"poses":{"Left Leg":{"Weight":1,"CFrame":[0.014206696301698685,0.15023893117904664,0.33470797538757326,0.8250090479850769,-0.06033193692564964,0.5618897676467896,0.1010914221405983,0.9940028190612793,-0.0417008101940155,-0.5560041069984436,0.09120579808950424,0.8261603713035584],"EasingStyle":"Linear","EasingDirection":"Out"},"Right Arm":{"Weight":1,"CFrame":[-0.023284874856472017,-0.1982092559337616,0.018891096115112306,0.9287708401679993,-0.08701011538505554,0.3602970838546753,-0.08713512122631073,0.8935598731040955,0.4404069185256958,-0.3602668344974518,-0.4404316246509552,0.8223307132720947],"EasingStyle":"Linear","EasingDirection":"Out"},"Left Arm":{"Weight":1,"CFrame":[-0.09166592359542847,-0.5484218001365662,0.5232900381088257,0.8845120668411255,0.4648900032043457,0.03893057629466057,-0.08434723317623139,0.07728948444128037,0.9934343695640564,0.4588288366794586,-0.8819884657859802,0.1075756624341011],"EasingStyle":"Linear","EasingDirection":"Out"},"Head":{"Weight":1,"CFrame":[1.234002411365509e-7,-2.7939677238464357e-9,2.384185791015625e-7,0.969559371471405,-0.16247020661830903,0.18318861722946168,0.17064926028251649,0.9848842024803162,-0.029697636142373086,-0.17559456825256349,0.06005462259054184,0.982629120349884],"EasingStyle":"Linear","EasingDirection":"Out"},"Torso":{"Weight":1,"CFrame":[0.1309860348701477,-4.033712173168169e-7,-0.1635303497314453,0.9783332347869873,0.1966201812028885,-0.06484276801347733,-0.197946235537529,0.9801035523414612,-0.014639152213931084,0.0606742799282074,0.02715735137462616,0.99778813123703],"EasingStyle":"Linear","EasingDirection":"Out"},"HumanoidRootPart":{"Weight":0,"CFrame":[0,0,0,1,0,0,0,1,0,0,0,1],"EasingStyle":"Linear","EasingDirection":"In"},"Right Leg":{"Weight":1,"CFrame":[0.3803826868534088,0.28192299604415896,-0.09889829158782959,0.9836465120315552,0.04870150610804558,0.17340035736560822,-0.09700586646795273,0.9544324278831482,0.2822208106517792,-0.15175436437129975,-0.2944263517856598,0.9435485005378723],"EasingStyle":"Linear","EasingDirection":"Out"}}},{"Time":0.15000000596046449,"poses":{"Left Leg":{"Weight":1,"CFrame":[0.003546103835105896,0.1661636233329773,0.32062721252441409,0.8090986013412476,-0.06290572881698609,0.584296464920044,0.11044535040855408,0.9928147196769714,-0.04605095833539963,-0.577201247215271,0.10179266333580017,0.8102326393127441],"EasingStyle":"Linear","EasingDirection":"Out"},"Right Arm":{"Weight":1,"CFrame":[-0.015678875148296357,-0.21208149194717408,0.008945822715759278,0.9056227803230286,-0.12248808890581131,0.4060099422931671,-0.07930446416139603,0.8915777206420898,0.4458698630332947,-0.41660311818122866,-0.43598833680152895,0.7977192401885986],"EasingStyle":"Linear","EasingDirection":"Out"},"Left Arm":{"Weight":1,"CFrame":[-0.08148534595966339,-0.5459886789321899,0.523348331451416,0.8937381505966187,0.4476824700832367,0.028505558148026468,-0.08477012068033219,0.10614867508411408,0.9907302856445313,0.4405067563056946,-0.8878698348999023,0.13281919062137605],"EasingStyle":"Linear","EasingDirection":"Out"},"Head":{"Weight":1,"CFrame":[1.5739351511001588e-7,-1.30385160446167e-8,0,0.9700285196304321,-0.15713845193386079,0.18534329533576966,0.16484376788139344,0.9859548807144165,-0.0268245879560709,-0.1785249561071396,0.056573305279016498,0.9823076128959656],"EasingStyle":"Linear","EasingDirection":"Out"},"Torso":{"Weight":1,"CFrame":[0.1309860199689865,-4.0352418295697137e-7,-0.16542720794677735,0.9791998863220215,0.19120053946971894,-0.06789654493331909,-0.19281499087810517,0.9810696840286255,-0.018018143251538278,0.06316617131233216,0.03073483519256115,0.9975296258926392],"EasingStyle":"Linear","EasingDirection":"Out"},"HumanoidRootPart":{"Weight":0,"CFrame":[0,0,0,1,0,0,0,1,0,0,0,1],"EasingStyle":"Linear","EasingDirection":"In"},"Right Leg":{"Weight":1,"CFrame":[0.35589274764060976,0.28930485248565676,-0.09642994403839112,0.9854611158370972,0.035661593079566959,0.16611649096012116,-0.08295022696256638,0.9542630910873413,0.2872302830219269,-0.14827574789524079,-0.29683369398117068,0.9433472752571106],"EasingStyle":"Linear","EasingDirection":"Out"}}},{"Time":0.1666666716337204,"poses":{"Left Leg":{"Weight":1,"CFrame":[-0.012430980801582337,0.18441075086593629,0.30523717403411868,0.7973426580429077,-0.06313251703977585,0.6002157926559448,0.11452646553516388,0.9922710061073303,-0.04776991158723831,-0.5925608277320862,0.10682962834835053,0.7984102964401245],"EasingStyle":"Linear","EasingDirection":"Out"},"Right Arm":{"Weight":1,"CFrame":[-0.008072912693023682,-0.2259531319141388,-0.0009995102882385254,0.8836082220077515,-0.1519189029932022,0.44289636611938479,-0.0681513100862503,0.8940991163253784,0.44265347719192507,-0.4632406532764435,-0.4213162362575531,0.7796798348426819],"EasingStyle":"Linear","EasingDirection":"Out"},"Left Arm":{"Weight":1,"CFrame":[-0.07167356461286545,-0.5368011593818665,0.5157191753387451,0.9039662480354309,0.4270285665988922,0.022175276651978494,-0.09421911090612412,0.14832913875579835,0.9844395518302918,0.41709452867507937,-0.8919894099235535,0.17431879043579102],"EasingStyle":"Linear","EasingDirection":"Out"},"Head":{"Weight":1,"CFrame":[1.3969838619232179e-7,1.1175870895385743e-8,-1.7881393432617188e-7,0.9729818105697632,-0.14355918765068055,0.18082359433174134,0.15047165751457215,0.9882972836494446,-0.025035645812749864,-0.17511337995529176,0.051568057388067248,0.9831968545913696],"EasingStyle":"Linear","EasingDirection":"Out"},"Torso":{"Weight":1,"CFrame":[0.12907660007476808,-3.976418838647078e-7,-0.16301584243774415,0.9821949005126953,0.17524799704551698,-0.06768504530191422,-0.17708684504032136,0.9839459657669067,-0.022150421515107156,0.06271661072969437,0.033742159605026248,0.9974608421325684],"EasingStyle":"Linear","EasingDirection":"Out"},"HumanoidRootPart":{"Weight":0,"CFrame":[0,0,0,1,0,0,0,1,0,0,0,1],"EasingStyle":"Linear","EasingDirection":"In"},"Right Leg":{"Weight":1,"CFrame":[0.32359933853149416,0.2890644073486328,-0.08879047632217407,0.9885151386260986,0.026693975552916528,0.14874562621116639,-0.06887992471456528,0.9556767344474793,0.2862473130226135,-0.13451167941093446,-0.2932053506374359,0.946539580821991],"EasingStyle":"Linear","EasingDirection":"Out"}}},{"Time":0.18333333730697633,"poses":{"Left Leg":{"Weight":1,"CFrame":[-0.03579866141080856,0.2002207636833191,0.2898317575454712,0.7961001396179199,-0.05730746313929558,0.6024454236030579,0.1112779825925827,0.9923938512802124,-0.05264692008495331,-0.5948460102081299,0.1089511439204216,0.7964218854904175],"EasingStyle":"Linear","EasingDirection":"Out"},"Right Arm":{"Weight":1,"CFrame":[-0.0005446895956993103,-0.23968374729156495,-0.010843038558959961,0.8629664182662964,-0.1759093999862671,0.47365063428878786,-0.05404704809188843,0.8999199867248535,0.4326927363872528,-0.5023623108863831,-0.3989986777305603,0.7670932412147522],"EasingStyle":"Linear","EasingDirection":"Out"},"Left Arm":{"Weight":1,"CFrame":[-0.06227519363164902,-0.5156757235527039,0.4943578243255615,0.9154967069625855,0.4016886353492737,0.02262813225388527,-0.11713352799415589,0.21231023967266084,0.970156729221344,0.3848966956138611,-0.8908258080482483,0.24142056703567506],"EasingStyle":"Linear","EasingDirection":"Out"},"Head":{"Weight":1,"CFrame":[1.371372491121292e-7,1.862645149230957e-9,-3.5762786865234377e-7,0.9787853956222534,-0.11548826098442078,0.16923841834068299,0.12125574052333832,0.9923283457756043,-0.02411431260406971,-0.16515514254570008,0.04412385821342468,0.9852800965309143],"EasingStyle":"Linear","EasingDirection":"Out"},"Torso":{"Weight":1,"CFrame":[0.12373020499944687,-3.8117150324978868e-7,-0.1562638282775879,0.9877831339836121,0.14095881581306458,-0.06644631922245026,-0.14300686120986939,0.9893500208854675,-0.027121979743242265,0.06191558390855789,0.036292914301157,0.9974213242530823],"EasingStyle":"Linear","EasingDirection":"Out"},"HumanoidRootPart":{"Weight":0,"CFrame":[0,0,0,1,0,0,0,1,0,0,0,1],"EasingStyle":"Linear","EasingDirection":"In"},"Right Leg":{"Weight":1,"CFrame":[0.2808220684528351,0.28287094831466677,-0.07645326852798462,0.9931645393371582,0.025470972061157228,0.11390955001115799,-0.05690461024641991,0.9577282071113586,0.28199031949043276,-0.10191182047128678,-0.2865447700023651,0.9526311159133911],"EasingStyle":"Linear","EasingDirection":"Out"}}},{"Time":0.20000000298023225,"poses":{"Left Leg":{"Weight":1,"CFrame":[-0.08842076361179352,0.216435968875885,0.2629999816417694,0.8120423555374146,-0.04184355586767197,0.582096517086029,0.09630017727613449,0.993360698223114,-0.06293471902608872,-0.575598418712616,0.10716164857149124,0.8106805086135864],"EasingStyle":"Linear","EasingDirection":"In"},"Right Arm":{"Weight":1,"CFrame":[0.008791390806436539,-0.2567109167575836,-0.023050552234053613,0.8432430028915405,-0.19450025260448457,0.5011097192764282,-0.027919873595237733,0.9151341319084168,0.4021815359592438,-0.5368070602416992,-0.35312768816947939,0.7662500143051148],"EasingStyle":"Linear","EasingDirection":"In"},"Left Arm":{"Weight":1,"CFrame":[-0.051367681473493579,-0.46073368191719057,0.43487685918807986,0.9330499172210693,0.3572065532207489,0.0426766574382782,-0.17683878540992738,0.3521078824996948,0.9191017150878906,0.31328240036964419,-0.865114688873291,0.39170217514038088],"EasingStyle":"Linear","EasingDirection":"In"},"Head":{"Weight":1,"CFrame":[1.4018885963196227e-7,4.523021512881087e-9,-2.7750360231948437e-7,0.989274263381958,-0.04346952214837074,0.1394517719745636,0.04664580151438713,0.9987193942070007,-0.019588377326726915,-0.1384216845035553,0.025883115828037263,0.9900351166725159],"EasingStyle":"Linear","EasingDirection":"In"},"Torso":{"Weight":1,"CFrame":[0.10884301364421845,-3.3530903920109269e-7,-0.13746218383312226,0.9967005252838135,0.052295755594968799,-0.06207392364740372,-0.05461437627673149,0.9978488683700562,-0.0362619087100029,0.060044050216674808,0.03953239321708679,0.9974126219749451],"EasingStyle":"Linear","EasingDirection":"In"},"HumanoidRootPart":{"Weight":0,"CFrame":[0,0,0,1,0,0,0,1,0,0,0,1],"EasingStyle":"Linear","EasingDirection":"In"},"Right Leg":{"Weight":1,"CFrame":[0.19793754816055299,0.26026391983032229,-0.061395034193992618,0.9988920092582703,0.03915318474173546,0.026111137121915818,-0.04474392905831337,0.9620788097381592,0.2690769135951996,-0.014585752971470356,-0.2699470818042755,0.9627646803855896],"EasingStyle":"Linear","EasingDirection":"In"}}},{"Time":0.21666666865348817,"poses":{"Left Leg":{"Weight":1,"CFrame":[-0.14104287326335908,0.23265117406845094,0.23616820573806764,0.8272428512573242,-0.026326125487685205,0.5612274408340454,0.08105083554983139,0.9940448999404907,-0.07283923029899597,-0.5559676885604858,0.10574369132518769,0.8244502544403076],"EasingStyle":"Linear","EasingDirection":"In"},"Right Arm":{"Weight":1,"CFrame":[0.018127471208572389,-0.2737380862236023,-0.03525806590914726,0.8221131563186646,-0.21137386560440064,0.5286313891410828,-0.000456295907497406,0.9282793998718262,0.3718832731246948,-0.5693240761756897,-0.30597132444381716,0.7630542516708374],"EasingStyle":"Linear","EasingDirection":"In"},"Left Arm":{"Weight":1,"CFrame":[-0.040460169315338138,-0.40579164028167727,0.37539586424827578,0.9464366436004639,0.31521275639533999,0.06999007612466812,-0.22432348132133485,0.4859832525253296,0.844688892364502,0.23224270343780518,-0.8151448965072632,0.530661940574646],"EasingStyle":"Linear","EasingDirection":"In"},"Head":{"Weight":1,"CFrame":[1.432404701517953e-7,7.183397876531217e-9,-1.9737932177577023e-7,0.9935042262077332,0.029304997995495797,0.10995698720216751,-0.028063734993338586,0.999523937702179,-0.012819639407098294,-0.11028031259775162,0.009650562889873982,0.9938536882400513],"EasingStyle":"Linear","EasingDirection":"In"},"Torso":{"Weight":1,"CFrame":[0.09395582973957062,-2.894465751523967e-7,-0.11866053938865662,0.997702419757843,-0.03676629811525345,-0.056904468685388568,0.03422684967517853,0.9984015822410584,-0.044975731521844867,0.05846710130572319,0.04292473569512367,0.9973660707473755],"EasingStyle":"Linear","EasingDirection":"In"},"HumanoidRootPart":{"Weight":0,"CFrame":[0,0,0,1,0,0,0,1,0,0,0,1],"EasingStyle":"Linear","EasingDirection":"In"},"Right Leg":{"Weight":1,"CFrame":[0.11505302041769028,0.23765689134597779,-0.04633679613471031,0.9967538118362427,0.05126604437828064,-0.06207773834466934,-0.03381521999835968,0.9663298726081848,0.25507470965385439,0.07306424528360367,-0.25214752554893496,0.964926540851593],"EasingStyle":"Linear","EasingDirection":"In"}}},{"Time":0.23333333432674409,"poses":{"Left Leg":{"Weight":1,"CFrame":[-0.19238151609897614,0.24847090244293214,0.20999085903167725,0.8413445949554443,-0.011149098165333271,0.5403841733932495,0.0659249946475029,0.9944393038749695,-0.08212417364120484,-0.5364636182785034,0.10471955686807633,0.8374010920524597],"EasingStyle":"Linear","EasingDirection":"Out"},"Right Arm":{"Weight":1,"CFrame":[0.027235843241214753,-0.29034996032714846,-0.047167837619781497,0.8002100586891174,-0.22612744569778443,0.5554549694061279,0.027538351714611055,0.9390685558319092,0.3426249027252197,-0.5990872383117676,-0.2588755786418915,0.757679283618927],"EasingStyle":"Linear","EasingDirection":"Out"},"Left Arm":{"Weight":1,"CFrame":[-0.029818691313266755,-0.35218966007232668,0.3173656463623047,0.9551175236701965,0.277781218290329,0.10289853811264038,-0.2575821578502655,0.6072515249252319,0.7515963315963745,0.14629407227039338,-0.7443676590919495,0.6515480279922485],"EasingStyle":"Linear","EasingDirection":"Out"},"Head":{"Weight":1,"CFrame":[1.4621764421463014e-7,9.778887033462525e-9,-1.1920928955078126e-7,0.991572916507721,0.10058480501174927,0.08164442330598831,-0.10058704018592835,0.9949198365211487,-0.004096152260899544,-0.08164167404174805,-0.004150735680013895,0.9966530799865723],"EasingStyle":"Linear","EasingDirection":"Out"},"Torso":{"Weight":1,"CFrame":[0.07943174242973328,-2.447026759000437e-7,-0.10031747817993164,0.9910435676574707,-0.1233619898557663,-0.05113229900598526,0.12065672874450684,0.9912784695625305,-0.05299996957182884,0.05722453072667122,0.04635582119226456,0.9972845315933228],"EasingStyle":"Linear","EasingDirection":"Out"},"HumanoidRootPart":{"Weight":0,"CFrame":[0,0,0,1,0,0,0,1,0,0,0,1],"EasingStyle":"Linear","EasingDirection":"In"},"Right Leg":{"Weight":1,"CFrame":[0.03419005870819092,0.21560126543045045,-0.03164583444595337,0.9871037602424622,0.06147683039307594,-0.1478063464164734,-0.024425381794571878,0.9703482389450073,0.24047380685806275,0.15820720791816712,-0.23376236855983735,0.9593360424041748],"EasingStyle":"Linear","EasingDirection":"Out"}}},{"Time":0.25,"poses":{"Left Leg":{"Weight":1,"CFrame":[-0.24466130137443543,0.26002150774002077,0.18213915824890138,0.8518545627593994,-0.0030413148924708368,0.5237696766853333,0.05689556524157524,0.9946033358573914,-0.08675925433635712,-0.5206790566444397,0.10370634496212006,0.8474302887916565],"EasingStyle":"Linear","EasingDirection":"Out"},"Right Arm":{"Weight":1,"CFrame":[0.03320920467376709,-0.30124467611312868,-0.054978370666503909,0.7896888852119446,-0.2299225777387619,0.5687944293022156,0.05186587944626808,0.9488194584846497,0.31153103709220889,-0.6113111972808838,-0.2165115773677826,0.7611973285675049],"EasingStyle":"Linear","EasingDirection":"Out"},"Left Arm":{"Weight":1,"CFrame":[-0.023239687085151674,-0.3016725182533264,0.2616739273071289,0.9575846791267395,0.25134941935539248,0.14090807735919953,-0.28122639656066897,0.70863938331604,0.6471027135848999,0.06279595196247101,-0.6592827439308167,0.7492682933807373],"EasingStyle":"Linear","EasingDirection":"Out"},"Head":{"Weight":1,"CFrame":[1.7415732145309449e-7,-4.190951585769653e-9,1.1920928955078126e-7,0.9841020107269287,0.16792060434818269,0.057843953371047977,-0.1687358170747757,0.9856157898902893,0.009474845603108406,-0.05542090907692909,-0.01908455789089203,0.9982806444168091],"EasingStyle":"Linear","EasingDirection":"Out"},"Torso":{"Weight":1,"CFrame":[0.06549300998449326,-2.0176209147848568e-7,-0.08271360397338867,0.9778874516487122,-0.20424030721187592,-0.0449664331972599,0.20142234861850739,0.9776520133018494,-0.06021254509687424,0.05625935643911362,0.04982384666800499,0.9971722364425659],"EasingStyle":"Linear","EasingDirection":"Out"},"HumanoidRootPart":{"Weight":0,"CFrame":[0,0,0,1,0,0,0,1,0,0,0,1],"EasingStyle":"Linear","EasingDirection":"In"},"Right Leg":{"Weight":1,"CFrame":[-0.032817013561725619,0.19234007596969605,-0.031447529792785647,0.9709945321083069,0.07321444898843765,-0.22761653363704682,-0.020257888361811639,0.973733127117157,0.22678953409194947,0.2382420003414154,-0.21560028195381165,0.946972668170929],"EasingStyle":"Linear","EasingDirection":"Out"}}},{"Time":0.2666666805744171,"poses":{"Left Leg":{"Weight":1,"CFrame":[-0.3090660870075226,0.27260684967041018,0.1551424264907837,0.8600868582725525,-0.0028865321073681118,0.5101393461227417,0.05594031140208244,0.994487464427948,-0.08868719637393952,-0.5070712566375732,0.10481593012809754,0.8555071353912354],"EasingStyle":"Linear","EasingDirection":"Out"},"Right Arm":{"Weight":1,"CFrame":[0.038638293743133548,-0.3111463189125061,-0.062077224254608157,0.7809736132621765,-0.23134835064411164,0.5801362991333008,0.07651062309741974,0.9573081731796265,0.2787601053714752,-0.6198599338531494,-0.17331773042678834,0.7653330564498901],"EasingStyle":"Linear","EasingDirection":"Out"},"Left Arm":{"Weight":1,"CFrame":[-0.01737518608570099,-0.25133752822875979,0.20598256587982179,0.95582515001297,0.2307809293270111,0.18203981220722199,-0.2930624485015869,0.7959360480308533,0.5297170877456665,-0.02264341153204441,-0.5596659183502197,0.8284088969230652],"EasingStyle":"Linear","EasingDirection":"Out"},"Head":{"Weight":1,"CFrame":[1.341104507446289e-7,-1.7462298274040223e-8,-4.172325134277344e-7,0.9714370369911194,0.23446783423423768,0.03653707355260849,-0.2354849874973297,0.9715154767036438,0.026541169732809068,-0.02927328832447529,-0.034387003630399707,0.9989798069000244],"EasingStyle":"Linear","EasingDirection":"Out"},"Torso":{"Weight":1,"CFrame":[0.05155428871512413,-1.588215354786371e-7,-0.0651097297668457,0.9582928419113159,-0.28322842717170718,-0.038164447993040088,0.28031572699546816,0.9575322270393372,-0.06749177724123001,0.055659279227256778,0.05397878959774971,0.9969896078109741],"EasingStyle":"Linear","EasingDirection":"Out"},"HumanoidRootPart":{"Weight":0,"CFrame":[0,0,0,1,0,0,0,1,0,0,0,1],"EasingStyle":"Linear","EasingDirection":"In"},"Right Leg":{"Weight":1,"CFrame":[-0.09507770836353302,0.16842830181121827,-0.0362546443939209,0.94847172498703,0.08377291262149811,-0.3055869936943054,-0.017681533470749856,0.9769079089164734,0.21292786300182343,0.3163680136203766,-0.1965528130531311,0.9280508160591126],"EasingStyle":"Linear","EasingDirection":"Out"}}},{"Time":0.28333333134651186,"poses":{"Left Leg":{"Weight":1,"CFrame":[-0.3888673186302185,0.28493475914001467,0.1365973949432373,0.8687289953231812,-0.012090995907783509,0.49514004588127139,0.06514749675989151,0.9938056468963623,-0.0900341272354126,-0.49098441004753115,0.11047239601612091,0.8641355037689209],"EasingStyle":"Linear","EasingDirection":"Out"},"Right Arm":{"Weight":1,"CFrame":[0.04344545304775238,-0.319913387298584,-0.06836283206939697,0.7738049626350403,-0.23096629977226258,0.5898138880729675,0.1007794588804245,0.9641823172569275,0.24534854292869569,-0.6253553628921509,-0.13041077554225923,0.7693657875061035],"EasingStyle":"Linear","EasingDirection":"Out"},"Left Arm":{"Weight":1,"CFrame":[-0.01227511465549469,-0.20320335030555726,0.15257978439331056,0.950448215007782,0.2166869193315506,0.22292368113994599,-0.29291749000549319,0.8644145131111145,0.4086402356624603,-0.1041514202952385,-0.45368969440460207,0.8850526809692383],"EasingStyle":"Linear","EasingDirection":"Out"},"Head":{"Weight":1,"CFrame":[1.5087425708770753e-7,2.3283064365386965e-10,0,0.9546709656715393,0.29706624150276186,0.01884211227297783,-0.2976328432559967,0.9535627365112305,0.04618195444345474,-0.0042480300180613998,-0.049696601927280429,0.9987553358078003],"EasingStyle":"Linear","EasingDirection":"Out"},"Torso":{"Weight":1,"CFrame":[0.03818836808204651,-1.1764564078475814e-7,-0.04822969436645508,0.9337496161460877,-0.35658392310142519,-0.030976183712482454,0.3535872995853424,0.9324033856391907,-0.07483316212892533,0.05556660145521164,0.0589226558804512,0.9967148303985596],"EasingStyle":"Linear","EasingDirection":"Out"},"HumanoidRootPart":{"Weight":0,"CFrame":[0,0,0,1,0,0,0,1,0,0,0,1],"EasingStyle":"Linear","EasingDirection":"In"},"Right Leg":{"Weight":1,"CFrame":[-0.15041911602020265,0.14498686790466309,-0.04487389326095581,0.9211887121200562,0.09194281697273255,-0.3780977427959442,-0.015950724482536317,0.9797892570495606,0.19939541816711427,0.3887890875339508,-0.1776498556137085,0.904037356376648],"EasingStyle":"Linear","EasingDirection":"Out"}}},{"Time":0.30000001192092898,"poses":{"Left Leg":{"Weight":1,"CFrame":[-0.47631293535232546,0.2953300476074219,0.12984979152679444,0.8790682554244995,-0.026731526479125024,0.47594568133354189,0.08100030571222305,0.9922834038734436,-0.0938754454255104,-0.4697636663913727,0.12107474356889725,0.874450147151947],"EasingStyle":"Linear","EasingDirection":"Out"},"Right Arm":{"Weight":1,"CFrame":[0.04755295813083649,-0.32740461826324465,-0.0737336277961731,0.7678659558296204,-0.22931921482086183,0.5981592535972595,0.12399028241634369,0.9692783355712891,0.21242877840995789,-0.6284968256950378,-0.08895090967416763,0.7727092504501343],"EasingStyle":"Linear","EasingDirection":"Out"},"Left Arm":{"Weight":1,"CFrame":[-0.007989957928657532,-0.15929153561592103,0.10375428199768067,0.9427577257156372,0.20841099321842194,0.26033201813697817,-0.28300055861473086,0.9129568934440613,0.293973445892334,-0.17640455067157746,-0.3508198857307434,0.9196776151657105],"EasingStyle":"Linear","EasingDirection":"Out"},"Head":{"Weight":1,"CFrame":[1.5995465219020844e-7,-4.260800778865814e-8,0,0.9356619119644165,0.35285669565200808,0.005384300835430622,-0.35240405797958376,0.9334372878074646,0.06712871789932251,0.018660912290215493,-0.06470722705125809,0.9977297782897949],"EasingStyle":"Linear","EasingDirection":"Out"},"Torso":{"Weight":1,"CFrame":[0.02596811018884182,-7.999906870281848e-8,-0.03279590606689453,0.9066964983940125,-0.42111796140670779,-0.02368846908211708,0.4180363416671753,0.9046923518180847,-0.08232486993074417,0.05609925836324692,0.06474103033542633,0.9963240027427673],"EasingStyle":"Linear","EasingDirection":"Out"},"HumanoidRootPart":{"Weight":0,"CFrame":[0,0,0,1,0,0,0,1,0,0,0,1],"EasingStyle":"Linear","EasingDirection":"In"},"Right Leg":{"Weight":1,"CFrame":[-0.19752348959445954,0.12317585945129395,-0.055788278579711917,0.8917503952980042,0.09666415303945542,-0.4420829117298126,-0.013972099870443344,0.9823347926139832,0.18660956621170045,0.4523118734359741,-0.16023236513137818,0.877348005771637],"EasingStyle":"Linear","EasingDirection":"Out"}}},{"Time":0.3166666626930237,"poses":{"Left Leg":{"Weight":1,"CFrame":[-0.5512270927429199,0.31106889247894289,0.13807053864002229,0.8925895094871521,-0.035820700228214267,0.44944509863853457,0.09267368167638779,0.9901304244995117,-0.10513497143983841,-0.4412432610988617,0.13549409806728364,0.8870996236801148],"EasingStyle":"Linear","EasingDirection":"In"},"Right Arm":{"Weight":1,"CFrame":[0.05013592541217804,-0.33211550116539,-0.07711102068424225,0.7614660263061523,-0.22673164308071137,0.6072580218315125,0.1468701809644699,0.97281