{"Sequence":[{"Time":0,"poses":{"Left Leg":{"Weight":1,"CFrame":[-1.0370142459869385,0.1809508204460144,0.15261411666870118,0.5020832419395447,-0.8532937169075012,0.14072124660015107,0.8619450330734253,0.5070006251335144,-0.0010486500104889274,-0.07045097649097443,0.12182046473026276,0.9900487065315247],"EasingStyle":"Linear","EasingDirection":"In"},"Right Leg":{"Weight":1,"CFrame":[0.016608823090791704,0.004147052764892578,-0.0002733469009399414,-0.01412865612655878,-0.999343752861023,0.03335617855191231,0.999899685382843,-0.014154390431940556,-0.0005337579059414566,0.0010056095197796822,0.03334522247314453,0.9994434714317322],"EasingStyle":"Linear","EasingDirection":"In"},"Left Arm":{"Weight":1,"CFrame":[-0.7401936054229736,-0.7616711854934692,-0.25643306970596316,-0.9909047484397888,0.015375051647424698,-0.1336841583251953,-0.13289205729961396,0.04437180608510971,0.9901368618011475,0.02115526795387268,0.9988967776298523,-0.04192512482404709],"EasingStyle":"Linear","EasingDirection":"In"},"Head":{"Weight":1,"CFrame":[9.220093488693237e-8,3.725290298461914e-9,-1.7881393432617188e-7,0.9985537528991699,-0.051011767238378528,-0.016979416832327844,0.05010443180799484,0.9974842667579651,-0.050147414207458499,0.019494805485010148,0.0492241345345974,0.9985975623130798],"EasingStyle":"Linear","EasingDirection":"In"},"Torso":{"Weight":1,"CFrame":[0.015358593314886094,0.09608723968267441,-1.0030779838562012,0.9980470538139343,0.05944323539733887,0.019198155030608178,-0.06018047779798508,0.997368574142456,0.04042825475335121,-0.016744447872042657,-0.04150465875864029,0.9989979863166809],"EasingStyle":"Linear","EasingDirection":"In"},"HumanoidRootPart":{"Weight":1,"CFrame":[0,0,0,1,0,0,0,1,0,0,0,1],"EasingStyle":"Linear","EasingDirection":"In"},"Right Arm":{"Weight":1,"CFrame":[0.8421233296394348,-0.5487096905708313,-0.18245726823806764,-0.995983898639679,0.002533938270062208,0.08949659019708634,0.08942955732345581,-0.019748952239751817,0.995797336101532,0.00429083127528429,0.9998018145561218,0.01944287121295929],"EasingStyle":"Linear","EasingDirection":"In"}}},{"Time":0.03333333507180214,"poses":{"Left Leg":{"Weight":1,"CFrame":[-1.0182536840438843,0.225563645362854,0.14447081089019776,0.5622323751449585,-0.8156893849372864,0.13618308305740357,0.8232898116111755,0.5676206350326538,0.000895849836524576,-0.07803108543157578,0.11161447316408158,0.990683376789093],"EasingStyle":"Linear","EasingDirection":"In"},"Right Leg":{"Weight":1,"CFrame":[0.015072280541062355,-0.003738880157470703,-0.00022178888320922852,0.018402354791760446,-0.9993800520896912,0.030015405267477037,0.9997063875198364,0.01791839487850666,-0.01631201058626175,0.015764126554131509,0.03030678629875183,0.9994164109230042],"EasingStyle":"Linear","EasingDirection":"In"},"Left Arm":{"Weight":1,"CFrame":[-0.748390257358551,-0.8209438323974609,-0.2503572702407837,-0.985256552696228,0.01506409514695406,-0.17041908204555512,-0.16962425410747529,0.04381249099969864,0.984534502029419,0.022297656163573266,0.9989262819290161,-0.04061140865087509],"EasingStyle":"Linear","EasingDirection":"In"},"Head":{"Weight":1,"CFrame":[9.313225746154785e-8,-6.51925802230835e-9,4.76837158203125e-7,0.9985736012458801,-0.050432369112968448,-0.017532404512166978,0.049841947853565219,0.9982242584228516,-0.03262287378311157,0.019146518781781198,0.03170248493552208,0.99931401014328],"EasingStyle":"Linear","EasingDirection":"In"},"Torso":{"Weight":1,"CFrame":[0.01870279386639595,0.09646554291248322,-0.927131175994873,0.9982084631919861,0.05507739633321762,0.02337840385735035,-0.055697426199913028,0.9980892539024353,0.0267548318952322,-0.021860146895051004,-0.028009016066789628,0.9993686079978943],"EasingStyle":"Linear","EasingDirection":"In"},"HumanoidRootPart":{"Weight":1,"CFrame":[0,0,0,1,0,0,0,1,0,0,0,1],"EasingStyle":"Linear","EasingDirection":"In"},"Right Arm":{"Weight":1,"CFrame":[0.8601270914077759,-0.6107198596000671,-0.18884694576263429,-0.9919690489768982,0.00314741930924356,0.1264420747756958,0.12636202573776246,-0.0187288299202919,0.9918073415756226,0.005489833187311888,0.9998196363449097,0.018180634826421739],"EasingStyle":"Linear","EasingDirection":"In"}}},{"Time":0.06666667014360428,"poses":{"Left Leg":{"Weight":1,"CFrame":[-0.9694217443466187,0.32152581214904787,0.1250009536743164,0.6846929788589478,-0.718074381351471,0.12475892156362534,0.7235028147697449,0.6903166770935059,0.0025762838777154686,-0.08797315508127213,0.08849944174289704,0.9921837449073792],"EasingStyle":"Linear","EasingDirection":"In"},"Right Leg":{"Weight":1,"CFrame":[0.010070757940411568,-0.014916419982910157,-0.0003045201301574707,0.0840614065527916,-0.9962714910507202,0.01941073127090931,0.9957782030105591,0.08326706290245056,-0.0386313796043396,0.03687112778425217,0.022576168179512025,0.9990649819374085],"EasingStyle":"Linear","EasingDirection":"In"},"Left Arm":{"Weight":1,"CFrame":[-0.7636126279830933,-0.9310226440429688,-0.23904889822006226,-0.9711509943008423,0.01454227976500988,-0.23802170157432557,-0.2372254580259323,0.042743951082229617,0.9705138206481934,0.02428753301501274,0.9989802837371826,-0.03806106746196747],"EasingStyle":"Linear","EasingDirection":"In"},"Head":{"Weight":1,"CFrame":[9.452924132347107e-8,7.2177499532699589e-9,1.1920928955078126e-7,0.998718798160553,-0.04708866775035858,-0.01853220723569393,0.04709623008966446,0.9988903999328613,-0.00002845947165042162,0.01851298101246357,-0.0008443742408417165,0.9998282790184021],"EasingStyle":"Linear","EasingDirection":"In"},"Torso":{"Weight":1,"CFrame":[0.025037087500095369,0.09723265469074249,-0.77608323097229,0.9985276460647583,0.04430932551622391,0.03129627928137779,-0.044376105070114139,0.9990139603614807,0.0014420353109017015,-0.031201517209410669,-0.00282871862873435,0.9995092153549194],"EasingStyle":"Linear","EasingDirection":"In"},"HumanoidRootPart":{"Weight":1,"CFrame":[0,0,0,1,0,0,0,1,0,0,0,1],"EasingStyle":"Linear","EasingDirection":"In"},"Right Arm":{"Weight":1,"CFrame":[0.8935625553131104,-0.7258831262588501,-0.20080780982971192,-0.9808741211891174,0.004386433400213718,0.19459407031536103,0.19449545443058015,-0.01689622923731804,0.9807578921318054,0.00759001262485981,0.9998477101325989,0.015719808638095857],"EasingStyle":"Linear","EasingDirection":"In"}}},{"Time":0.10000000149011612,"poses":{"Left Leg":{"Weight":1,"CFrame":[-0.907943606376648,0.43456345796585085,0.10418367385864258,0.7979860305786133,-0.5926406979560852,0.1095237284898758,0.5964505076408386,0.8026458621025086,-0.0025443127378821375,-0.08640095591545105,0.06735582649707794,0.9939810037612915],"EasingStyle":"Linear","EasingDirection":"In"},"Right Leg":{"Weight":1,"CFrame":[0.02268347144126892,0.23868179321289063,0.011728644371032715,0.29042312502861025,-0.9568895101547241,0.0041146366856992249,0.9558905959129334,0.2899172902107239,-0.04712866246700287,0.04390409216284752,0.017620401456952096,0.9988803863525391],"EasingStyle":"Linear","EasingDirection":"In"},"Left Arm":{"Weight":1,"CFrame":[-0.7718092799186707,-0.9902956485748291,-0.23288708925247193,-0.9616376161575317,0.014292378909885884,-0.27395063638687136,-0.2731555998325348,0.04215463623404503,0.9610458016395569,0.02528398483991623,0.9990089535713196,-0.036633480340242389],"EasingStyle":"Linear","EasingDirection":"In"},"Head":{"Weight":1,"CFrame":[9.080395102500916e-8,-2.6309862732887269e-8,-1.7881393432617188e-7,0.9990734457969666,-0.03863448649644852,-0.01896647736430168,0.03896882385015488,0.9990856647491455,0.017586274072527887,0.018269695341587068,-0.018309080973267556,0.9996654987335205],"EasingStyle":"Linear","EasingDirection":"In"},"Torso":{"Weight":1,"CFrame":[0.028576217591762544,0.09779499471187592,-0.6640629768371582,0.9989031553268433,0.030274584889411928,0.03572019189596176,-0.029862966388463975,0.9994819760322571,-0.012001349590718747,-0.03606501966714859,0.010921474546194077,0.999289870262146],"EasingStyle":"Linear","EasingDirection":"In"},"HumanoidRootPart":{"Weight":1,"CFrame":[0,0,0,1,0,0,0,1,0,0,0,1],"EasingStyle":"Linear","EasingDirection":"In"},"Right Arm":{"Weight":1,"CFrame":[0.9115663766860962,-0.7878940105438232,-0.20752739906311036,-0.972963273525238,0.005104635376483202,0.23090356588363648,0.23079799115657807,-0.015946751460433008,0.9728710651397705,0.00864838995039463,0.9998598694801331,0.014337355270981789],"EasingStyle":"Linear","EasingDirection":"In"}}},{"Time":0.13333334028720857,"poses":{"Left Leg":{"Weight":1,"CFrame":[-0.8266748189926148,0.5752099752426148,0.07727742195129395,0.8896672129631043,-0.4458503723144531,0.09853829443454743,0.44691425561904909,0.8944932222366333,0.012229686602950096,-0.09359446913003922,0.033157818019390109,0.9950581192970276],"EasingStyle":"Linear","EasingDirection":"In"},"Right Leg":{"Weight":1,"CFrame":[0.05388762056827545,0.604648768901825,0.024990320205688478,0.5936526656150818,-0.8046463131904602,-0.010990443639457226,0.8038046360015869,0.5935727953910828,-0.03961655870079994,0.038400985300540927,0.014684234745800496,0.9991545081138611],"EasingStyle":"Linear","EasingDirection":"In"},"Left Arm":{"Weight":1,"CFrame":[-0.7710914611816406,-0.9741030335426331,-0.2327960729598999,-0.9639087319374085,0.014741224236786366,-0.26582443714141848,-0.2650199830532074,0.042071130126714709,0.9633247256278992,0.02538418024778366,0.9990058541297913,-0.03664607182145119],"EasingStyle":"Linear","EasingDirection":"In"},"Head":{"Weight":1,"CFrame":[8.719507604837418e-8,-9.487848728895188e-9,1.1920928955078126e-7,0.9995471835136414,-0.023658130317926408,-0.018596120178699495,0.023951957002282144,0.999589204788208,0.015739548951387407,0.018216116353869439,-0.016177833080291749,0.9997032284736633],"EasingStyle":"Linear","EasingDirection":"In"},"Torso":{"Weight":1,"CFrame":[0.021503426134586335,0.0919048935174942,-0.6254005432128906,0.9993222951889038,0.01563962548971176,0.033322084695100787,-0.015326462686061859,0.9998361468315125,-0.009632893837988377,-0.033467281609773639,0.009115655906498433,0.9993982315063477],"EasingStyle":"Linear","EasingDirection":"In"},"HumanoidRootPart":{"Weight":1,"CFrame":[0,0,0,1,0,0,0,1,0,0,0,1],"EasingStyle":"Linear","EasingDirection":"In"},"Right Arm":{"Weight":1,"CFrame":[0.9091500043869019,-0.7706044316291809,-0.2078755497932434,-0.974876880645752,0.005337095353752375,0.22268062829971314,0.22257280349731446,-0.015913739800453187,0.9747861623764038,0.008746283128857613,0.9998592138290405,0.014326025731861592],"EasingStyle":"Linear","EasingDirection":"In"}}},{"Time":0.1666666716337204,"poses":{"Left Leg":{"Weight":1,"CFrame":[-0.7011234164237976,0.7208342552185059,0.03379344940185547,0.9646217226982117,-0.24726209044456483,0.09146834909915924,0.24394723773002625,0.9686980843544006,0.045976996421813968,-0.09997361898422241,-0.022036971524357797,0.9947460889816284],"EasingStyle":"Linear","EasingDirection":"In"},"Right Leg":{"Weight":1,"CFrame":[0.22020043432712556,0.8306168913841248,0.030687332153320314,0.8779165744781494,-0.4782933294773102,-0.02231815829873085,0.4775894284248352,0.8780511021614075,-0.03057072125375271,0.03421829640865326,0.01617959700524807,0.999283492565155],"EasingStyle":"Linear","EasingDirection":"In"},"Left Arm":{"Weight":1,"CFrame":[-0.7692970037460327,-0.9318959712982178,-0.2327626347541809,-0.9695792198181152,0.015944575890898706,-0.24425797164440156,-0.2434297502040863,0.04177505522966385,0.9690185189247131,0.025654539465904237,0.998999834060669,-0.036622848361730579],"EasingStyle":"Linear","EasingDirection":"In"},"Head":{"Weight":1,"CFrame":[1.0220537660643459e-7,-1.7262209439650179e-8,-4.172325134277344e-7,0.9998432397842407,-0.005166356451809406,-0.016939673572778703,0.005373697262257338,0.9999109506607056,0.012217323295772076,0.016875045374035836,-0.012306435033679009,0.9997819662094116],"EasingStyle":"Linear","EasingDirection":"In"},"Torso":{"Weight":1,"CFrame":[0.002004392445087433,0.07501514256000519,-0.6110055446624756,0.9996408224105835,0.0015884529566392303,0.026755956932902337,-0.0014413296012207866,0.9999838471412659,-0.005517098121345043,-0.026764284819364549,0.005476551596075296,0.999626874923706],"EasingStyle":"Linear","EasingDirection":"In"},"HumanoidRootPart":{"Weight":1,"CFrame":[0,0,0,1,0,0,0,1,0,0,0,1],"EasingStyle":"Linear","EasingDirection":"In"},"Right Arm":{"Weight":1,"CFrame":[0.9029137492179871,-0.7254587411880493,-0.2080039381980896,-0.97959965467453,0.005968845449388027,0.20087052881717683,0.20075689256191255,-0.01577288843691349,0.9795141220092773,0.009014945477247239,0.9998578429222107,0.014252646826207638],"EasingStyle":"Linear","EasingDirection":"In"}}},{"Time":0.20000000298023225,"poses":{"Left Leg":{"Weight":1,"CFrame":[-0.526482105255127,0.8269177079200745,-0.0029628872871398927,0.9965983033180237,0.016129327937960626,0.08081840723752976,-0.02085874229669571,0.9980974793434143,0.05802050605416298,-0.0797288566827774,-0.059508904814720157,0.9950386881828308],"EasingStyle":"Linear","EasingDirection":"In"},"Right Leg":{"Weight":1,"CFrame":[0.5442495346069336,0.7947439551353455,0.036927223205566409,0.9992592334747315,-0.02529110573232174,-0.029006559401750566,0.024536337703466417,0.9993585348129273,-0.026085931807756425,0.029647748917341234,0.02535485103726387,0.9992388486862183],"EasingStyle":"Linear","EasingDirection":"In"},"Left Arm":{"Weight":1,"CFrame":[-0.7669642567634583,-0.8732285499572754,-0.23275786638259889,-0.976793646812439,0.017681119963526727,-0.21345165371894837,-0.21259212493896485,0.04119011014699936,0.9762725830078125,0.026053739711642267,0.9989948868751526,-0.03647540882229805],"EasingStyle":"Linear","EasingDirection":"In"},"Head":{"Weight":1,"CFrame":[8.742790669202805e-8,-1.4544639270752669e-8,1.1920928955078126e-7,0.9998403787612915,0.01249766442924738,-0.0127701535820961,-0.012365843169391156,0.9998700618743897,0.010349969379603863,0.012897840701043606,-0.010190403088927269,0.999864935874939],"EasingStyle":"Linear","EasingDirection":"In"},"Torso":{"Weight":1,"CFrame":[-0.027068674564361573,0.048959024250507358,-0.6088011264801025,0.9997856616973877,-0.011364089325070382,0.01730548031628132,0.011423016898334027,0.9999293684959412,-0.0033101749140769245,-0.017266638576984407,0.0035071466118097307,0.9998447895050049],"EasingStyle":"Linear","EasingDirection":"In"},"HumanoidRootPart":{"Weight":1,"CFrame":[0,0,0,1,0,0,0,1,0,0,0,1],"EasingStyle":"Linear","EasingDirection":"In"},"Right Arm":{"Weight":1,"CFrame":[0.8943766951560974,-0.6625376343727112,-0.20802217721939088,-0.9854632616043091,0.006897111423313618,0.1697491705417633,0.169627845287323,-0.015455755405128003,0.9853869676589966,0.009420015849173069,0.9998568296432495,0.01406107097864151],"EasingStyle":"Linear","EasingDirection":"In"}}},{"Time":0.23333333432674409,"poses":{"Left Leg":{"Weight":1,"CFrame":[-0.27995142340660097,0.8904936909675598,-0.022556722164154054,0.9323093891143799,0.3554510176181793,0.06673657894134522,-0.3588384985923767,0.9321580529212952,0.04812898859381676,-0.045101575553417209,-0.06881877779960633,0.9966092109680176],"EasingStyle":"Linear","EasingDirection":"In"},"Right Leg":{"Weight":1,"CFrame":[0.8179282546043396,0.5659545660018921,0.047482967376708987,0.9258856177330017,0.3760271966457367,-0.036597028374671939,-0.37712597846984866,0.9256783723831177,-0.02992638759315014,0.022624000906944276,0.04151010885834694,0.998881995677948],"EasingStyle":"Linear","EasingDirection":"In"},"Left Arm":{"Weight":1,"CFrame":[-0.7646315097808838,-0.8076565861701965,-0.23275291919708253,-0.9838874936103821,0.019722744822502137,-0.1776980608701706,-0.1768072545528412,0.0402485728263855,0.9834222197532654,0.026547947898507119,0.9989950656890869,-0.036113038659095767],"EasingStyle":"Linear","EasingDirection":"In"},"Head":{"Weight":1,"CFrame":[8.547795005142689e-8,-1.641456037759781e-8,-5.960464477539063e-8,0.9996575713157654,0.025890639051795007,-0.0038095731288194658,-0.025849474593997,0.999610960483551,0.010484276339411736,0.004079535603523254,-0.010382210835814476,0.9999378323554993],"EasingStyle":"Linear","EasingDirection":"In"},"Torso":{"Weight":1,"CFrame":[-0.06162906810641289,0.01758081465959549,-0.6431210041046143,0.9997196197509766,-0.022829394787549974,0.0062860483303666119,0.02285546064376831,0.9997303485870361,-0.0041063022799789909,-0.006190609186887741,0.004248821642249823,0.9999718070030212],"EasingStyle":"Linear","EasingDirection":"In"},"HumanoidRootPart":{"Weight":1,"CFrame":[0,0,0,1,0,0,0,1,0,0,0,1],"EasingStyle":"Linear","EasingDirection":"In"},"Right Arm":{"Weight":1,"CFrame":[0.8850580453872681,-0.5919244885444641,-0.20804059505462647,-0.9909922480583191,0.008013340644538403,0.13367970287799836,0.13355083763599397,-0.0148967569693923,0.9909300208091736,0.0099321398884058,0.9998570084571838,0.013692313805222512],"EasingStyle":"Linear","EasingDirection":"In"}}},{"Time":0.2666666805744171,"poses":{"Left Leg":{"Weight":1,"CFrame":[-0.048641812056303027,0.8186855316162109,-0.02823859453201294,0.7261170148849487,0.6854841709136963,0.053530193865299228,-0.68746417760849,0.725173830986023,0.03893681615591049,-0.012128178030252457,-0.06507275253534317,0.9978069067001343],"EasingStyle":"Linear","EasingDirection":"In"},"Right Leg":{"Weight":1,"CFrame":[0.9587361812591553,0.332363486289978,0.0615696907043457,0.7684037685394287,0.6379412412643433,-0.05085987225174904,-0.6397519111633301,0.7677707076072693,-0.0352962352335453,0.016531864181160928,0.059659428894519809,0.9980818629264832],"EasingStyle":"Linear","EasingDirection":"In"},"Left Arm":{"Weight":1,"CFrame":[-0.7628370523452759,-0.744735598564148,-0.23271948099136353,-0.9897068738937378,0.021839966997504236,-0.1414337009191513,-0.14051882922649384,0.03891019523143768,0.9893131256103516,0.027109839022159578,0.999004065990448,-0.03544085845351219],"EasingStyle":"Linear","EasingDirection":"In"},"Head":{"Weight":1,"CFrame":[1.0436633601784706e-7,-1.6298145055770875e-8,1.1920928955078126e-7,0.9993382096290588,0.03534663841128349,0.008599897846579552,-0.0354369580745697,0.9993158578872681,0.010587228462100029,-0.008219791576266289,-0.010884975083172322,0.9999070167541504],"EasingStyle":"Linear","EasingDirection":"In"},"Torso":{"Weight":1,"CFrame":[-0.09288676828145981,-0.013178083114326,-0.7288157939910889,0.9994544386863709,-0.03262371942400932,-0.005153787788003683,0.03259166702628136,0.999449610710144,-0.006185161881148815,0.005352733191102743,0.0060138157568871979,0.9999676942825317],"EasingStyle":"Linear","EasingDirection":"In"},"HumanoidRootPart":{"Weight":1,"CFrame":[0,0,0,1,0,0,0,1,0,0,0,1],"EasingStyle":"Linear","EasingDirection":"In"},"Right Arm":{"Weight":1,"CFrame":[0.8764768242835999,-0.5237008333206177,-0.20816880464553834,-0.9952273964881897,0.009205992333590985,0.097148098051548,0.09701395034790039,-0.014045234769582749,0.9951839447021484,0.0105262016877532,0.9998589754104614,0.01308497879654169],"EasingStyle":"Linear","EasingDirection":"In"}}},{"Time":0.30000001192092898,"poses":{"Left Leg":{"Weight":1,"CFrame":[0.03654072806239128,0.5945889949798584,-0.015686392784118654,0.45139387249946597,0.8914595246315002,0.039287958294153216,-0.8923137784004211,0.4507315158843994,0.024847596883773805,0.004442268516868353,-0.04627326875925064,0.9989189505577087],"EasingStyle":"Linear","EasingDirection":"In"},"Right Leg":{"Weight":1,"CFrame":[1.0123869180679322,0.2520115375518799,0.08290755748748779,0.6571637988090515,0.7502771019935608,-0.07224932312965393,-0.753372311592102,0.6568373441696167,-0.03154263272881508,0.023790400475263597,0.07515928894281388,0.996887743473053],"EasingStyle":"Linear","EasingDirection":"In"},"Left Arm":{"Weight":1,"CFrame":[-0.7621192932128906,-0.6940197348594666,-0.23262858390808106,-0.9937353134155273,0.0238129161298275,-0.10919298976659775,-0.10826845467090607,0.03716716542840004,0.9934267401695252,0.027714844793081285,0.999025285243988,-0.03435621038079262],"EasingStyle":"Linear","EasingDirection":"In"},"Head":{"Weight":1,"CFrame":[8.509960025548935e-8,-4.190951585769653e-9,2.384185791015625e-7,0.9989028573036194,0.042176954448223117,0.020355436950922014,-0.042396411299705508,0.9990460276603699,0.010472698137164116,-0.01989431120455265,-0.011324204504489899,0.9997379779815674],"EasingStyle":"Linear","EasingDirection":"In"},"Torso":{"Weight":1,"CFrame":[-0.11088535189628601,-0.03829256445169449,-0.8395242691040039,0.9990496039390564,-0.0405791737139225,-0.015918949618935586,0.04044074937701225,0.9991421103477478,-0.008923515677452088,0.016267403960227968,0.008271260187029839,0.9998334646224976],"EasingStyle":"Linear","EasingDirection":"In"},"HumanoidRootPart":{"Weight":1,"CFrame":[0,0,0,1,0,0,0,1,0,0,0,1],"EasingStyle":"Linear","EasingDirection":"In"},"Right Arm":{"Weight":1,"CFrame":[0.8701521754264832,-0.4679490625858307,-0.20851701498031617,-0.9978500008583069,0.010367278940975666,0.06471411138772965,0.06457909196615219,-0.012866361066699028,0.9978296160697937,0.011177497915923596,0.9998635649681091,0.01216916460543871],"EasingStyle":"Linear","EasingDirection":"In"}}},{"Time":0.3333333432674408,"poses":{"Left Leg":{"Weight":1,"CFrame":[0.032556209713220599,0.32513678073883059,-0.0040898919105529789,0.2026481181383133,0.9788938164710999,0.02646905742585659,-0.9792390465736389,0.20243442058563233,0.010547157377004624,0.004966265056282282,-0.02805693820118904,0.9995940327644348],"EasingStyle":"Linear","EasingDirection":"In"},"Right Leg":{"Weight":1,"CFrame":[1.024980068206787,0.32153230905532839,0.10808932781219483,0.626191258430481,0.7736571431159973,-0.09663950651884079,-0.778310239315033,0.6275952458381653,-0.0189107246696949,0.046020135283470157,0.08705723285675049,0.9951398968696594],"EasingStyle":"Linear","EasingDirection":"In"},"Left Arm":{"Weight":1,"CFrame":[-0.7629708647727966,-0.6625890731811523,-0.23217922449111939,-0.9960671663284302,0.025419726967811586,-0.08487765491008759,-0.08395152539014816,0.03552097827196121,0.995836615562439,0.02832888811826706,0.9990456104278565,-0.03324729949235916],"EasingStyle":"Linear","EasingDirection":"In"},"Head":{"Weight":1,"CFrame":[1.0640360414981842e-7,-1.0710209608078003e-8,0,0.9984778165817261,0.047404661774635318,0.028196116909384729,-0.047708798199892047,0.9988091588020325,0.010212918743491173,-0.02767839841544628,-0.011542574502527714,0.9995503425598145],"EasingStyle":"Linear","EasingDirection":"In"},"Torso":{"Weight":1,"CFrame":[-0.11712123453617096,-0.05398645997047424,-0.9491674900054932,0.9986066222190857,-0.046511512249708179,-0.024929793551564218,0.046231865882873538,0.9988625645637512,-0.011678926646709443,0.02544463612139225,0.010510102845728398,0.9996210932731628],"EasingStyle":"Linear","EasingDirection":"In"},"HumanoidRootPart":{"Weight":1,"CFrame":[0,0,0,1,0,0,0,1,0,0,0,1],"EasingStyle":"Linear","EasingDirection":"In"},"Right Arm":{"Weight":1,"CFrame":[0.8668517470359802,-0.43227487802505495,-0.2093072533607483,-0.9991234540939331,0.011378717608749867,0.040285784751176837,0.04015238955616951,-0.011717161163687706,0.9991248250007629,0.011840872466564179,0.9998666644096375,0.011249973438680172],"EasingStyle":"Linear","EasingDirection":"In"}}},{"Time":0.36666667461395266,"poses":{"Left Leg":{"Weight":1,"CFrame":[0.01003127172589302,0.006838619709014893,-0.00012767314910888672,-0.04315706714987755,0.9988747835159302,0.019666312262415887,-0.9990525841712952,-0.04325835406780243,0.0047559901140630249,0.005601327866315842,-0.019442472606897355,0.9997953176498413],"EasingStyle":"Linear","EasingDirection":"In"},"Right Leg":{"Weight":1,"CFrame":[1.0193984508514405,0.39808332920074465,0.1247406005859375,0.6148580312728882,0.7801060676574707,-0.11569007486104965,-0.7858332395553589,0.6184040307998657,-0.0065268357284367088,0.06645161658525467,0.09492611140012741,0.9932640194892883],"EasingStyle":"Linear","EasingDirection":"In"},"Left Arm":{"Weight":1,"CFrame":[-0.7645527720451355,-0.6476176381111145,-0.23148006200790406,-0.9972084760665894,0.026493502780795099,-0.06980893015861511,-0.0688825324177742,0.03440358489751816,0.9970314502716065,0.02881659008562565,0.999056875705719,-0.03248266875743866],"EasingStyle":"Linear","EasingDirection":"In"},"Head":{"Weight":1,"CFrame":[1.0943040251731873e-7,-2.0489096641540528e-8,-1.7881393432617188e-7,0.9981853365898132,0.05087340623140335,0.032217662781476977,-0.05121924728155136,0.9986374378204346,0.010001188144087792,-0.03166496381163597,-0.01163320429623127,0.9994308948516846],"EasingStyle":"Linear","EasingDirection":"In"},"Torso":{"Weight":1,"CFrame":[-0.11994822323322296,-0.06153513491153717,-1.0329242944717408,0.9982532262802124,-0.05022198706865311,-0.031117640435695649,0.04981238394975662,0.9986632466316223,-0.013801909051835537,0.031769201159477237,0.012227755971252919,0.9994204640388489],"EasingStyle":"Linear","EasingDirection":"In"},"HumanoidRootPart":{"Weight":1,"CFrame":[0,0,0,1,0,0,0,1,0,0,0,1],"EasingStyle":"Linear","EasingDirection":"In"},"Right Arm":{"Weight":1,"CFrame":[0.8656357526779175,-0.4143752455711365,-0.21025657653808595,-0.9996101260185242,0.012098036706447602,0.025164272636175157,0.025033483281731607,-0.010841129347682,0.9996278882026672,0.012366421520709992,0.9998680949211121,0.01053392980247736],"EasingStyle":"Linear","EasingDirection":"In"}}},{"Time":0.4000000059604645,"poses":{"Left Leg":{"Weight":1,"CFrame":[0.008847737684845925,0.005678653717041016,-0.00009042024612426758,-0.06393411755561829,0.9978073835372925,0.01711188443005085,-0.9979479312896729,-0.06398475915193558,0.0024302112869918348,0.0035197443794459106,-0.016921391710639,0.9998506307601929],"EasingStyle":"Linear","EasingDirection":"In"},"Right Leg":{"Weight":1,"CFrame":[1.0110629796981812,0.4384458065032959,0.13008654117584229,0.6148165464401245,0.7788066864013672,-0.12434175610542298,-0.7848049998283386,0.6197417378425598,0.0011892527109012008,0.07798606902360916,0.09685281664133072,0.9922387599945068],"EasingStyle":"Linear","EasingDirection":"In"},"Left Arm":{"Weight":1,"CFrame":[-0.7654043436050415,-0.6438051462173462,-0.23111683130264283,-0.9975454807281494,0.026899321004748346,-0.06464943289756775,-0.06373052299022675,0.033721525222063068,0.9973973035812378,0.02900945581495762,0.9990692734718323,-0.03192451596260071],"EasingStyle":"Linear","EasingDirection":"In"},"Head":{"Weight":1,"CFrame":[9.080395102500916e-8,-5.587935447692871e-9,-5.960464477539063e-8,0.998083233833313,0.05213168263435364,0.03334968537092209,-0.0524863563477993,0.9985731244087219,0.009848786517977715,-0.032788656651973727,-0.011580309830605984,0.9993953108787537],"EasingStyle":"Linear","EasingDirection":"In"},"Torso":{"Weight":1,"CFrame":[-0.11970702558755875,-0.06348344683647156,-1.0662871599197388,0.9981135129928589,-0.05150440335273743,-0.03341758996248245,0.0510384738445282,0.9985893368721008,-0.014649461954832077,0.0341249518096447,0.012916242703795433,0.9993342161178589],"EasingStyle":"Linear","EasingDirection":"In"},"HumanoidRootPart":{"Weight":1,"CFrame":[0,0,0,1,0,0,0,1,0,0,0,1],"EasingStyle":"Linear","EasingDirection":"In"},"Right Arm":{"Weight":1,"CFrame":[0.8654620051383972,-0.40947046875953677,-0.21071702241897584,-0.9997236132621765,0.012380167841911316,0.019985822960734369,0.019861975684762,-0.010045697912573815,0.9997523427009583,0.012577966786921025,0.9998729228973389,0.009796918369829655],"EasingStyle":"Linear","EasingDirection":"In"}}},{"Time":0.4333333373069763,"poses":{"Left Leg":{"Weight":1,"CFrame":[0.008769475854933262,0.0014502406120300294,-0.00005924701690673828,0.02289990894496441,0.9995805621147156,0.017730947583913804,-0.9997169375419617,0.023010311648249627,-0.0060462914407253269,-0.006451787427067757,-0.017587510868906976,0.9998245239257813],"EasingStyle":"Linear","EasingDirection":"In"},"Right Leg":{"Weight":1,"CFrame":[1.0049625635147095,0.4497707486152649,0.12467312812805176,0.6347271203994751,0.7635790109634399,-0.11861079931259155,-0.7691857218742371,0.6390209794044495,-0.002362122293561697,0.07399114221334458,0.0927329808473587,0.9929380416870117],"EasingStyle":"Linear","EasingDirection":"In"},"Left Arm":{"Weight":1,"CFrame":[-0.7477321028709412,-0.7185233235359192,-0.23464494943618775,-0.9923803806304932,0.031438007950782779,-0.11913366615772248,-0.11798439919948578,0.03618575260043144,0.9923559427261353,0.03550871089100838,0.9988505244255066,-0.03220101818442345],"EasingStyle":"Linear","EasingDirection":"In"},"Head":{"Weight":1,"CFrame":[8.079223334789276e-8,-2.2351741790771486e-8,2.384185791015625e-7,0.9984100461006165,0.04880010336637497,0.028213655576109887,-0.04909605160355568,0.9987451434135437,0.009893232956528664,-0.027695462107658387,-0.011262682266533375,0.9995529651641846],"EasingStyle":"Linear","EasingDirection":"In"},"Torso":{"Weight":1,"CFrame":[-0.11557205766439438,-0.05207837000489235,-1.0247043371200562,0.9984287619590759,-0.04721054062247276,-0.030185934156179429,0.046889450401067737,0.9988366365432739,-0.011258360929787159,0.030682330951094629,0.009825269691646099,0.9994809031486511],"EasingStyle":"Linear","EasingDirection":"In"},"HumanoidRootPart":{"Weight":1,"CFrame":[0,0,0,1,0,0,0,1,0,0,0,1],"EasingStyle":"Linear","EasingDirection":"In"},"Right Arm":{"Weight":1,"CFrame":[0.8696907162666321,-0.49369609355926516,-0.207871675491333,-0.9970524311065674,0.01823667623102665,0.07452432811260224,0.0743204653263092,-0.011611107736825943,0.9971668124198914,0.019050393253564836,0.9997662901878357,0.010221338830888272],"EasingStyle":"Linear","EasingDirection":"In"}}},{"Time":0.46666666865348818,"poses":{"Left Leg":{"Weight":1,"CFrame":[0.012064868584275246,-0.0020292997360229494,-0.00012940168380737305,0.20161497592926026,0.9791215658187866,0.02593143843114376,-0.9793025851249695,0.201992928981781,-0.012862689793109894,-0.01783214882016182,-0.022801415994763376,0.9995810389518738],"EasingStyle":"Linear","EasingDirection":"In"},"Right Leg":{"Weight":1,"CFrame":[0.9724075198173523,0.5124654769897461,0.10990667343139649,0.706116795539856,0.7005816698074341,-0.10288053005933762,-0.7052027583122253,0.7088896632194519,-0.012835239060223103,0.06393887847661972,0.08161474019289017,0.9946109056472778],"EasingStyle":"Linear","EasingDirection":"In"},"Left Arm":{"Weight":1,"CFrame":[-0.7149117588996887,-0.8572858572006226,-0.24119699001312257,-0.9748439192771912,0.039423659443855289,-0.21937468647956849,-0.21773812174797059,0.04192861169576645,0.9751062989234924,0.047640424221754077,0.9983425140380859,-0.03228987008333206],"EasingStyle":"Linear","EasingDirection":"In"},"Head":{"Weight":1,"CFrame":[8.987262845039368e-8,-9.778887033462525e-9,2.384185791015625e-7,0.9990730881690979,0.0387943871319294,0.0186582300812006,-0.038987427949905398,0.9991887807846069,0.010095826350152493,-0.018251430243253709,-0.01081390492618084,0.9997749924659729],"EasingStyle":"Linear","EasingDirection":"In"},"Torso":{"Weight":1,"CFrame":[-0.10657443851232529,-0.02685168944299221,-0.9252133369445801,0.9990758299827576,-0.036237381398677829,-0.02311602793633938,0.03613244369626045,0.9993348121643066,-0.0049413288943469528,0.023279711604118348,0.0041015236638486389,0.999720573425293],"EasingStyle":"Linear","EasingDirection":"In"},"HumanoidRootPart":{"Weight":1,"CFrame":[0,0,0,1,0,0,0,1,0,0,0,1],"EasingStyle":"Linear","EasingDirection":"In"},"Right Arm":{"Weight":1,"CFrame":[0.8775439262390137,-0.650115430355072,-0.20258748531341554,-0.9841068983078003,0.028779760003089906,0.17522938549518586,0.174819216132164,-0.01621738076210022,0.9844670295715332,0.031174568459391595,0.9994542002677918,0.01092820055782795],"EasingStyle":"Linear","EasingDirection":"In"}}},{"Time":0.5,"poses":{"Left Leg":{"Weight":1,"CFrame":[0.018451131880283357,-0.004052519798278809,-0.0003368854522705078,0.35044988989830019,0.9357244372367859,0.04005924612283707,-0.9361143112182617,0.3513052761554718,-0.016570743173360826,-0.029578713700175287,-0.03169279918074608,0.9990599751472473],"EasingStyle":"Linear","EasingDirection":"In"},"Right Leg":{"Weight":1,"CFrame":[0.8885102272033691,0.635278582572937,0.08909690380096436,0.8224855065345764,0.5626655220985413,-0.08321742713451386,-0.565914511680603,0.8242104053497315,-0.020448502153158189,0.05708303302526474,0.063912533223629,0.9963216781616211],"EasingStyle":"Linear","EasingDirection":"In"},"Left Arm":{"Weight":1,"CFrame":[-0.6972392797470093,-0.9320045709609985,-0.2447250485420227,-0.9612042903900147,0.04345421865582466,-0.2723933458328247,-0.2704698145389557,0.045391906052827838,0.9616577625274658,0.054152630269527438,0.9980236887931824,-0.03187799081206322],"EasingStyle":"Linear","EasingDirection":"In"},"Head":{"Weight":1,"CFrame":[7.267226465046406e-8,-1.5366822481155397e-8,-4.76837158203125e-7,0.9996651411056519,0.02210698090493679,0.013455411419272423,-0.022245779633522035,0.9997000098228455,0.010254505090415478,-0.013224679045379162,-0.010550395585596562,0.9998569488525391],"EasingStyle":"Linear","EasingDirection":"In"},"Torso":{"Weight":1,"CFrame":[-0.09289304912090302,-0.0012620151974260808,-0.8056075572967529,0.9996397495269775,-0.021389003843069078,-0.016215017065405847,0.02136824280023575,0.9997706413269043,-0.0014524956932291389,0.016242364421486856,0.001105485949665308,0.9998674988746643],"EasingStyle":"Linear","EasingDirection":"In"},"HumanoidRootPart":{"Weight":1,"CFrame":[0,0,0,1,0,0,0,1,0,0,0,1],"EasingStyle":"Linear","EasingDirection":"In"},"Right Arm":{"Weight":1,"CFrame":[0.8817726969718933,-0.7343412637710571,-0.19974225759506226,-0.9728986024856567,0.034226853400468829,0.22868521511554719,0.22813645005226136,-0.019211798906326295,0.973439633846283,0.03771129250526428,0.9992294907569885,0.010882623493671418],"EasingStyle":"Linear","EasingDirection":"In"}}},{"Time":0.5333333611488342,"poses":{"Left Leg":{"Weight":1,"CFrame":[0.025582540780305864,-0.008500099182128907,-0.000707089900970459,0.45056429505348208,0.8910366296768189,0.055186815559864047,-0.8914941549301148,0.45234304666519167,-0.024981791153550149,-0.04722311347723007,-0.03794289380311966,0.9981634616851807],"EasingStyle":"Linear","EasingDirection":"In"},"Right Leg":{"Weight":1,"CFrame":[0.7446057796478272,0.7654417753219605,0.062461018562316897,0.9394344687461853,0.3366984724998474,-0.06400858610868454,-0.3384067714214325,0.9408332109451294,-0.017712512984871866,0.054257698357105258,0.038300663232803348,0.9977922439575195],"EasingStyle":"Linear","EasingDirection":"In"},"Left Arm":{"Weight":1,"CFrame":[-0.6977702975273132,-0.9146578311920166,-0.24454843997955323,-0.9632611870765686,0.044517047703266147,-0.2648509442806244,-0.26290497183799746,0.04511329531669617,0.9637664556503296,0.05485239252448082,0.9979894757270813,-0.03175220638513565],"EasingStyle":"Linear","EasingDirection":"In"},"Head":{"Weight":1,"CFrame":[9.142240742221475e-8,-1.446460373699665e-8,2.384185791015625e-7,0.9999081492424011,0.00024165172362700105,0.013552150689065457,-0.00038282707100734115,0.9999457597732544,0.010415542870759964,-0.0135488947853446,-0.010419774800539017,0.9998539686203003],"EasingStyle":"Linear","EasingDirection":"In"},"Torso":{"Weight":1,"CFrame":[-0.07533421367406845,0.015676435083150865,-0.699657678604126,0.9999075531959534,-0.005392844323068857,-0.012483769096434117,0.005354315508157015,0.9999808073043823,-0.0031176733318716289,0.012500341981649399,0.003050542902201414,0.999917209148407],"EasingStyle":"Linear","EasingDirection":"In"},"HumanoidRootPart":{"Weight":1,"CFrame":[0,0,0,1,0,0,0,1,0,0,0,1],"EasingStyle":"Linear","EasingDirection":"In"},"Right Arm":{"Weight":1,"CFrame":[0.8813319802284241,-0.7158317565917969,-0.19988363981246949,-0.9746347665786743,0.03508790209889412,0.2210337370634079,0.22048066556453706,-0.01896616257727146,0.9752069711685181,0.03841017931699753,0.9992042779922485,0.010748708620667458],"EasingStyle":"Linear","EasingDirection":"In"}}},{"Time":0.5666666626930237,"poses":{"Left Leg":{"Weight":1,"CFrame":[-0.22977383434772492,0.5363501310348511,0.036408424377441409,0.8251181840896606,0.5607014894485474,0.06923786550760269,-0.5596797466278076,0.8279612064361572,-0.035199057310819629,-0.0770624503493309,-0.009707667864859105,0.9969790577888489],"EasingStyle":"Linear","EasingDirection":"In"},"Right Leg":{"Weight":1,"CFrame":[0.5706565976142883,0.8311558961868286,0.03486597537994385,0.9976178407669067,0.050923701375722888,-0.04653514549136162,-0.05140823498368263,0.9986347556114197,-0.009273696690797806,0.045999422669410709,0.011643867008388043,0.9988736510276794],"EasingStyle":"Linear","EasingDirection":"In"},"Left Arm":{"Weight":1,"CFrame":[-0.6992077231407166,-0.8755483031272888,-0.24422061443328858,-0.9681015014648438,0.0461580753326416,-0.24627047777175904,-0.2442944496870041,0.044522956013679507,0.9686785340309143,0.055677078664302829,0.9979415535926819,-0.031826600432395938],"EasingStyle":"Linear","EasingDirection":"In"},"Head":{"Weight":1,"CFrame":[9.457289706915617e-8,-1.705484464764595e-8,-3.5762786865234377e-7,0.9997165203094482,-0.01937722973525524,0.013836287893354893,0.01923166587948799,0.9997591972351074,0.010576901026070118,-0.014037905260920525,-0.010307807475328446,0.9998484253883362],"EasingStyle":"Linear","EasingDirection":"In"},"Torso":{"Weight":1,"CFrame":[-0.05662667006254196,0.02645379677414894,-0.6255650520324707,0.9999086856842041,0.008908966556191445,-0.01016382034868002,-0.008974201045930386,0.9999393224716187,-0.006390792783349752,0.010106268338859082,0.0064814211800694469,0.9999279379844666],"EasingStyle":"Linear","EasingDirection":"In"},"HumanoidRootPart":{"Weight":1,"CFrame":[0,0,0,1,0,0,0,1,0,0,0,1],"EasingStyle":"Linear","EasingDirection":"In"},"Right Arm":{"Weight":1,"CFrame":[0.8796094655990601,-0.6738420128822327,-0.20014643669128419,-0.9786694049835205,0.0362308993935585,0.2022218406200409,0.2016623467206955,-0.018521931022405626,0.9792799949645996,0.03922582045197487,0.999171793460846,0.010820390656590462],"EasingStyle":"Linear","EasingDirection":"In"}}},{"Time":0.6000000238418579,"poses":{"Left Leg":{"Weight":1,"CFrame":[-0.43142324686050417,0.7463045120239258,0.06495141983032227,0.9798820614814758,0.18224658071994782,0.0813470259308815,-0.17975959181785584,0.9830154180526733,-0.036977410316467288,-0.08670440316200257,0.02161060832440853,0.9959996938705444],"EasingStyle":"Linear","EasingDirection":"In"},"Right Leg":{"Weight":1,"CFrame":[0.38931092619895937,0.8054581880569458,0.014072299003601075,0.9634459614753723,-0.2659662067890167,-0.03215532749891281,0.2660539150238037,0.9639568328857422,-0.0015981867909431458,0.0314214862883091,-0.007015324663370848,0.9994816184043884],"EasingStyle":"Linear","EasingDirection":"In"},"Left Arm":{"Weight":1,"CFrame":[-0.7013179063796997,-0.8340688943862915,-0.2440440058708191,-0.9737892746925354,0.0460650697350502,-0.22273896634578706,-0.2207786738872528,0.044048964977264407,0.9743287563323975,0.054694000631570819,0.9979668259620667,-0.03272422030568123],"EasingStyle":"Linear","EasingDirection":"In"},"Head":{"Weight":1,"CFrame":[8.509960025548935e-8,-1.5133991837501527e-8,1.1920928955078126e-7,0.9995132088661194,-0.02788379415869713,0.013999169692397118,0.027735868468880655,0.9995585680007935,0.01065193023532629,-0.014290007762610913,-0.010258466005325318,0.9998452663421631],"EasingStyle":"Linear","EasingDirection":"In"},"Torso":{"Weight":1,"CFrame":[-0.03987615555524826,0.03489558771252632,-0.5976619720458984,0.999807596206665,0.018617846071720125,-0.006177429109811783,-0.018668120726943017,0.9997923374176025,-0.008183701895177365,0.006023782771080732,0.0082974499091506,0.9999474287033081],"EasingStyle":"Linear","EasingDirection":"In"},"HumanoidRootPart":{"Weight":1,"CFrame":[0,0,0,1,0,0,0,1,0,0,0,1],"EasingStyle":"Linear","EasingDirection":"In"},"Right Arm":{"Weight":1,"CFrame":[0.8760045766830444,-0.6286766529083252,-0.20028775930404664,-0.9833032488822937,0.03550790622830391,0.17847710847854615,0.17791706323623658,-0.018377428874373437,0.9838739037513733,0.038215335458517078,0.9992004632949829,0.011753099039196968],"EasingStyle":"Linear","EasingDirection":"In"}}},{"Time":0.6333333253860474,"poses":{"Left Leg":{"Weight":1,"CFrame":[-0.7273129224777222,0.6573199033737183,0.08248579502105713,0.9540565013885498,-0.28526267409324648,0.09166012704372406,0.28818750381469729,0.9573618769645691,-0.02015654183924198,-0.08200205117464066,0.0456458143889904,0.995