{"Sequence":[{"Time":0,"poses":{"Left Leg":{"Weight":1,"CFrame":[-0.7526018023490906,0.6992120742797852,0.43545567989349368,0.873052179813385,-0.132377028465271,0.46931472420692446,0.13766397535800935,0.9902070164680481,0.02320997230708599,-0.4677911400794983,0.04434417188167572,0.8827258944511414],"EasingStyle":"Linear","EasingDirection":"Out"},"Right Arm":{"Weight":1,"CFrame":[0.2848077118396759,0.1609511375427246,0.18080580234527589,-0.6715537309646606,0.32425516843795779,-0.6662389039993286,-0.6212928891181946,-0.736373782157898,0.26785972714424136,-0.4037458598613739,0.5938116312026978,0.6959719061851502],"EasingStyle":"Linear","EasingDirection":"Out"},"Left Arm":{"Weight":1,"CFrame":[-1.1111040115356446,-0.028546452522277833,0.5144202709197998,-0.5045123100280762,0.2576504349708557,0.8240653276443481,-0.13323348760604859,0.9197729825973511,-0.3691427707672119,-0.8530628085136414,-0.296030193567276,-0.42970913648605349],"EasingStyle":"Linear","EasingDirection":"Out"},"Head":{"Weight":1,"CFrame":[1.6391277313232423e-7,-7.078051567077637e-8,1.1920928955078126e-7,0.8523324131965637,-0.41437676548957827,-0.31909456849098208,0.3250249922275543,0.8976761102676392,-0.29755067825317385,0.4097416400909424,0.14989839494228364,0.8998012542724609],"EasingStyle":"Linear","EasingDirection":"Out"},"Torso":{"Weight":1,"CFrame":[0.0074324836023151878,0.08365023136138916,-0.5418567657470703,0.8781401515007019,0.4750741720199585,-0.05634162202477455,-0.4736124575138092,0.8466706275939941,-0.24256984889507295,-0.0675358772277832,0.23969444632530213,0.9684965014457703],"EasingStyle":"Linear","EasingDirection":"Out"},"HumanoidRootPart":{"Weight":0,"CFrame":[0,0,0,1,0,0,0,1,0,0,0,1],"EasingStyle":"Linear","EasingDirection":"In"},"Right Leg":{"Weight":1,"CFrame":[0.859937846660614,0.2659127116203308,0.3438621759414673,0.8754574060440064,0.44519731402397158,-0.18807899951934815,-0.42668789625167849,0.8947427272796631,0.1318059265613556,0.22696200013160706,-0.03513942286372185,0.9732694625854492],"EasingStyle":"Linear","EasingDirection":"Out"}}},{"Time":0.01666666753590107,"poses":{"Left Leg":{"Weight":1,"CFrame":[-0.7427533864974976,0.6486086845397949,0.4346362352371216,0.874109148979187,-0.12585490942001344,0.46914148330688479,0.13725179433822633,0.9904858469963074,0.009985179640352726,-0.465934693813324,0.05566234141588211,0.8830665946006775],"EasingStyle":"Linear","EasingDirection":"Out"},"Right Arm":{"Weight":1,"CFrame":[0.286981999874115,0.16664129495620728,0.18081343173980714,-0.6679225564002991,0.3268033266067505,-0.668639600276947,-0.6308866143226624,-0.7252188324928284,0.2757531702518463,-0.3947930335998535,0.606017529964447,0.6905658841133118],"EasingStyle":"Linear","EasingDirection":"Out"},"Left Arm":{"Weight":1,"CFrame":[-1.1401773691177369,-0.04393443465232849,0.5808360576629639,-0.5041062831878662,0.12901249527931214,0.8539511561393738,-0.2653424143791199,0.917819082736969,-0.2952990233898163,-0.821869969367981,-0.37545153498649599,-0.4284459054470062],"EasingStyle":"Linear","EasingDirection":"Out"},"Head":{"Weight":1,"CFrame":[1.0803341865539551e-7,-6.891787052154541e-8,-1.1920928955078126e-7,0.855998158454895,-0.4142196774482727,-0.30933696031570437,0.32357290387153628,0.8959323167800903,-0.3043121099472046,0.40319696068763735,0.16039752960205079,0.9009466171264648],"EasingStyle":"Linear","EasingDirection":"Out"},"Torso":{"Weight":1,"CFrame":[0.0066505055874586109,0.09569211304187775,-0.5100841522216797,0.8774474859237671,0.4751899242401123,-0.06542471051216126,-0.4766031801700592,0.8482795357704163,-0.2308056652545929,-0.05417807400226593,0.23370149731636048,0.9707977771759033],"EasingStyle":"Linear","EasingDirection":"Out"},"HumanoidRootPart":{"Weight":0,"CFrame":[0,0,0,1,0,0,0,1,0,0,0,1],"EasingStyle":"Linear","EasingDirection":"In"},"Right Leg":{"Weight":1,"CFrame":[0.8467166423797607,0.263416588306427,0.34012937545776369,0.878720760345459,0.4383224546909332,-0.18900559842586518,-0.41612309217453005,0.8974179625511169,0.1465691775083542,0.2338618040084839,-0.05014362558722496,0.9709759950637817],"EasingStyle":"Linear","EasingDirection":"Out"}}},{"Time":0.03333333507180214,"poses":{"Left Leg":{"Weight":1,"CFrame":[-0.7228120565414429,0.6024990081787109,0.4250972270965576,0.8754141926765442,-0.1153629720211029,0.4694053530693054,0.13078126311302186,0.9914112091064453,-0.00024649640545248985,-0.46534526348114016,0.061605241149663928,0.8829827904701233],"EasingStyle":"Linear","EasingDirection":"Out"},"Right Arm":{"Weight":1,"CFrame":[0.29271042346954348,0.18307071924209596,0.18086683750152589,-0.662883996963501,0.33090129494667055,-0.6716315746307373,-0.6421188712120056,-0.7125846147537231,0.2826775312423706,-0.3850560188293457,0.6186497807502747,0.6848389506340027],"EasingStyle":"Linear","EasingDirection":"Out"},"Left Arm":{"Weight":1,"CFrame":[-1.1609231233596802,-0.05510300397872925,0.6394153833389282,-0.494366854429245,0.06224476546049118,0.8670219779014587,-0.3433513939380646,0.9023417234420776,-0.26055580377578738,-0.7985682487487793,-0.4265032708644867,-0.42471590638160708],"EasingStyle":"Linear","EasingDirection":"Out"},"Head":{"Weight":1,"CFrame":[1.3783574104309083e-7,-2.60770320892334e-8,-1.1920928955078126e-7,0.8587750196456909,-0.4148026704788208,-0.3007394075393677,0.32413387298583987,0.8944355249404907,-0.30809471011161806,0.396790474653244,0.16710421442985536,0.9025704860687256],"EasingStyle":"Linear","EasingDirection":"Out"},"Torso":{"Weight":1,"CFrame":[0.004415447358042002,0.11344657093286514,-0.48048877716064455,0.8766159415245056,0.47551196813583376,-0.07370784878730774,-0.4794797897338867,0.8502850532531738,-0.2170586735010147,-0.040541332215070727,0.22561854124069215,0.9733718037605286],"EasingStyle":"Linear","EasingDirection":"Out"},"HumanoidRootPart":{"Weight":0,"CFrame":[0,0,0,1,0,0,0,1,0,0,0,1],"EasingStyle":"Linear","EasingDirection":"In"},"Right Leg":{"Weight":1,"CFrame":[0.8159594535827637,0.27121132612228396,0.328902006149292,0.8853808641433716,0.4238987863063812,-0.1908154934644699,-0.39750683307647707,0.903184175491333,0.1620081663131714,0.24101677536964417,-0.06758837401866913,0.9681646823883057],"EasingStyle":"Linear","EasingDirection":"Out"}}},{"Time":0.05000000074505806,"poses":{"Left Leg":{"Weight":1,"CFrame":[-0.6977750062942505,0.551815390586853,0.4101405143737793,0.8776124715805054,-0.10783279687166214,0.4670850932598114,0.1267816126346588,0.9918878078460693,-0.00922112725675106,-0.4623016119003296,0.06731034070253372,0.8841642737388611],"EasingStyle":"Linear","EasingDirection":"Out"},"Right Arm":{"Weight":1,"CFrame":[0.30080175399780276,0.20927560329437257,0.18101167678833009,-0.6564398407936096,0.3362424969673157,-0.6752980947494507,-0.6548479199409485,-0.6983975768089294,0.28881657123565676,-0.37451431155204775,0.6318084001541138,0.6786438226699829],"EasingStyle":"Linear","EasingDirection":"Out"},"Left Arm":{"Weight":1,"CFrame":[-1.1704692840576172,-0.06576225161552429,0.6906323432922363,-0.48747047781944277,0.030021922662854196,0.8726232051849365,-0.39287295937538149,0.8849816918373108,-0.24991631507873536,-0.7797585129737854,-0.46465691924095156,-0.4196076989173889],"EasingStyle":"Linear","EasingDirection":"Out"},"Head":{"Weight":1,"CFrame":[1.3969838619232179e-7,1.0803341865539551e-7,-5.960464477539063e-8,0.8625884652137756,-0.41385912895202639,-0.2909669578075409,0.32252857089042666,0.892971396446228,-0.3139704167842865,0.389764666557312,0.1769820898771286,0.9037482142448425],"EasingStyle":"Linear","EasingDirection":"Out"},"Torso":{"Weight":1,"CFrame":[0.0008935887599363923,0.13598521053791047,-0.4528770446777344,0.8770496249198914,0.47359442710876467,-0.08057424426078797,-0.47980406880378725,0.8552037477493286,-0.1959964632987976,-0.023915428668260576,0.21055848896503449,0.9772886633872986],"EasingStyle":"Linear","EasingDirection":"Out"},"HumanoidRootPart":{"Weight":0,"CFrame":[0,0,0,1,0,0,0,1,0,0,0,1],"EasingStyle":"Linear","EasingDirection":"In"},"Right Leg":{"Weight":1,"CFrame":[0.7664321660995483,0.2841130495071411,0.31079888343811037,0.890911340713501,0.4102597236633301,-0.19484347105026246,-0.3778005838394165,0.907536506652832,0.18342368304729463,0.2520788311958313,-0.08980225026607514,0.9635308980941773],"EasingStyle":"Linear","EasingDirection":"Out"}}},{"Time":0.06666667014360428,"poses":{"Left Leg":{"Weight":1,"CFrame":[-0.6698076725006104,0.49431711435317995,0.39133894443511965,0.8801734447479248,-0.10812954604625702,0.4621717035770416,0.13032083213329316,0.9913386702537537,-0.016253460198640825,-0.4564112722873688,0.07453643530607224,0.8866415023803711],"EasingStyle":"Linear","EasingDirection":"Out"},"Right Arm":{"Weight":1,"CFrame":[0.31006506085395815,0.24429351091384889,0.18129384517669679,-0.6485937833786011,0.34251224994659426,-0.6797143220901489,-0.6689189672470093,-0.6825781464576721,0.29433733224868777,-0.3631439507007599,0.6455790996551514,0.6718288660049439],"EasingStyle":"Linear","EasingDirection":"Out"},"Left Arm":{"Weight":1,"CFrame":[-1.1722440719604493,-0.07856258749961853,0.7348901033401489,-0.48336130380630495,0.009700052440166474,0.8753672242164612,-0.4352428615093231,0.8649306297302246,-0.24991726875305177,-0.7595561146736145,-0.5017977356910706,-0.41385218501091006],"EasingStyle":"Linear","EasingDirection":"Out"},"Head":{"Weight":1,"CFrame":[1.4691613614559174e-7,1.7229467630386354e-8,-5.960464477539063e-8,0.8693190217018127,-0.4109591841697693,-0.27458518743515017,0.31939899921417239,0.891076922416687,-0.3224378526210785,0.37718531489372256,0.1925991028547287,0.9058900475502014],"EasingStyle":"Linear","EasingDirection":"Out"},"Torso":{"Weight":1,"CFrame":[-0.00374879059381783,0.1624007374048233,-0.42781686782836916,0.8787305951118469,0.4696207344532013,-0.08537495881319046,-0.47730180621147158,0.8630552291870117,-0.1652836799621582,-0.0039373342879116539,0.18598945438861848,0.9825438261032105],"EasingStyle":"Linear","EasingDirection":"Out"},"HumanoidRootPart":{"Weight":0,"CFrame":[0,0,0,1,0,0,0,1,0,0,0,1],"EasingStyle":"Linear","EasingDirection":"In"},"Right Leg":{"Weight":1,"CFrame":[0.7013466358184815,0.29883038997650149,0.28675389289855959,0.8934166431427002,0.40234988927841189,-0.19980289041996003,-0.36155030131340029,0.9079840183258057,0.21176975965499879,0.26662352681159975,-0.11695978045463562,0.9566777944564819],"EasingStyle":"Linear","EasingDirection":"Out"}}},{"Time":0.0833333358168602,"poses":{"Left Leg":{"Weight":1,"CFrame":[-0.6404029130935669,0.4291149377822876,0.36974871158599856,0.8817794322967529,-0.12192371487617493,0.45563098788261416,0.14686274528503419,0.9889630079269409,-0.019582750275731088,-0.4482146203517914,0.08418287336826325,0.8899533152580261],"EasingStyle":"Linear","EasingDirection":"Out"},"Right Arm":{"Weight":1,"CFrame":[0.3193086087703705,0.28716224431991579,0.18175888061523438,-0.639354944229126,0.3493877053260803,-0.6849478483200073,-0.684165358543396,-0.6650441288948059,0.29938969016075137,-0.35091733932495119,0.6600337028503418,0.6642381548881531],"EasingStyle":"Linear","EasingDirection":"Out"},"Left Arm":{"Weight":1,"CFrame":[-1.1706395149230958,-0.09191557765007019,0.7723047733306885,-0.481075644493103,-0.0027068182826042177,0.8766748905181885,-0.47611507773399355,0.8404775857925415,-0.2586733102798462,-0.7361254096031189,-0.5418395400047302,-0.40562206506729128],"EasingStyle":"Linear","EasingDirection":"Out"},"Head":{"Weight":1,"CFrame":[1.6763806343078614e-7,-1.862645149230957e-8,5.960464477539063e-7,0.8794209361076355,-0.4059669077396393,-0.24861562252044679,0.31697091460227969,0.889005184173584,-0.3304530382156372,0.35517364740371706,0.21180346608161927,0.9104894399642944],"EasingStyle":"Linear","EasingDirection":"Out"},"Torso":{"Weight":1,"CFrame":[-0.009345407597720623,0.19180116057395936,-0.40606689453125,0.8811450004577637,0.46472370624542239,-0.08726590126752854,-0.4724542796611786,0.8728030920028687,-0.12248151004314423,0.019245892763137819,0.14915312826633454,0.9886267781257629],"EasingStyle":"Linear","EasingDirection":"Out"},"HumanoidRootPart":{"Weight":0,"CFrame":[0,0,0,1,0,0,0,1,0,0,0,1],"EasingStyle":"Linear","EasingDirection":"In"},"Right Leg":{"Weight":1,"CFrame":[0.6257784366607666,0.312927782535553,0.2579503059387207,0.8914536833763123,0.4051602780818939,-0.2028682380914688,-0.35370829701423647,0.9020718932151794,0.24729879200458527,0.28319740295410159,-0.14869923889636994,0.947463870048523],"EasingStyle":"Linear","EasingDirection":"Out"}}},{"Time":0.10000000149011612,"poses":{"Left Leg":{"Weight":1,"CFrame":[-0.6104018092155457,0.35562729835510256,0.3460543155670166,0.8804519772529602,-0.15476445853710175,0.4481653869152069,0.18170839548110963,0.9831975698471069,-0.01745227351784706,-0.43793416023254397,0.09680129587650299,0.8937802910804749],"EasingStyle":"Linear","EasingDirection":"Out"},"Right Arm":{"Weight":1,"CFrame":[0.3273411989212036,0.33691704273223879,0.18245267868041993,-0.6287438273429871,0.3565368950366974,-0.6910591125488281,-0.7004069685935974,-0.6457166075706482,0.30410534143447878,-0.33780354261398318,0.6752270460128784,0.6557112336158752],"EasingStyle":"Linear","EasingDirection":"Out"},"Left Arm":{"Weight":1,"CFrame":[-1.164098858833313,-0.10317414999008179,0.8029221296310425,-0.48273226618766787,-0.0073910360224545,0.8757367730140686,-0.515785813331604,0.8105382323265076,-0.2774758040904999,-0.7077673077583313,-0.5856391191482544,-0.39508509635925295],"EasingStyle":"Linear","EasingDirection":"Out"},"Head":{"Weight":1,"CFrame":[1.9371509552001954e-7,7.450580596923828e-9,-1.1920928955078126e-7,0.8910371661186218,-0.3999873101711273,-0.2146228849887848,0.3170641362667084,0.8867705464363098,-0.336315780878067,0.32484322786331179,0.2316206395626068,0.9169671535491943],"EasingStyle":"Linear","EasingDirection":"Out"},"Torso":{"Weight":1,"CFrame":[-0.015729987993836404,0.22330406308174134,-0.38838624954223635,0.8838591575622559,0.45989733934402468,-0.08536621928215027,-0.4655424654483795,0.8826303482055664,-0.06506843864917755,0.0454220175743103,0.09725293517112732,0.9942226409912109],"EasingStyle":"Linear","EasingDirection":"Out"},"HumanoidRootPart":{"Weight":0,"CFrame":[0,0,0,1,0,0,0,1,0,0,0,1],"EasingStyle":"Linear","EasingDirection":"In"},"Right Leg":{"Weight":1,"CFrame":[0.5455101132392883,0.3249043822288513,0.22553658485412599,0.8833587765693665,0.4236326217651367,-0.20053108036518098,-0.35939398407936098,0.8868594765663147,0.2903725206851959,0.30085426568984988,-0.18443335592746736,0.9356661438941956],"EasingStyle":"Linear","EasingDirection":"Out"}}},{"Time":0.11666666716337204,"poses":{"Left Leg":{"Weight":1,"CFrame":[-0.5782221555709839,0.28231436014175417,0.32091379165649416,0.8757027387619019,-0.1983870565891266,0.44021281599998476,0.22640450298786164,0.9739660620689392,-0.01145088393241167,-0.42648065090179446,0.1096937283873558,0.8978204727172852],"EasingStyle":"Linear","EasingDirection":"Out"},"Right Arm":{"Weight":1,"CFrame":[0.33297163248062136,0.39259713888168337,0.18342101573944093,-0.6167953014373779,0.3636189103126526,-0.698100745677948,-0.7174519896507263,-0.6245240569114685,0.3085976541042328,-0.3237687349319458,0.6911953687667847,0.6460826396942139],"EasingStyle":"Linear","EasingDirection":"Out"},"Left Arm":{"Weight":1,"CFrame":[-1.150241732597351,-0.10968881845474243,0.8267861604690552,-0.49050796031951907,-0.004673611372709274,0.87142413854599,-0.5539148449897766,0.7736515998840332,-0.30763888359069826,-0.6727408766746521,-0.6335940361022949,-0.38207101821899416],"EasingStyle":"Linear","EasingDirection":"Out"},"Head":{"Weight":1,"CFrame":[1.7136335372924806e-7,-1.4901161193847657e-8,0,0.9004490971565247,-0.39812102913856509,-0.175188809633255,0.32685166597366335,0.8850746750831604,-0.3313770592212677,0.2869834005832672,0.24112747609615327,0.9270912408828735],"EasingStyle":"Linear","EasingDirection":"Out"},"Torso":{"Weight":1,"CFrame":[-0.022736243903636934,0.2560313642024994,-0.3749966621398926,0.8866611123085022,0.4552667438983917,-0.08102016896009445,-0.4567805528640747,0.8895794153213501,-0.0001684224553173408,0.07199719548225403,0.03715777397155762,0.9967124462127686],"EasingStyle":"Linear","EasingDirection":"Out"},"HumanoidRootPart":{"Weight":0,"CFrame":[0,0,0,1,0,0,0,1,0,0,0,1],"EasingStyle":"Linear","EasingDirection":"In"},"Right Leg":{"Weight":1,"CFrame":[0.4693792760372162,0.33635276556015017,0.1905975341796875,0.8710513710975647,0.4520706534385681,-0.19209828972816468,-0.3744432330131531,0.8642427325248718,0.3359713554382324,0.31790220737457278,-0.2207183837890625,0.922074556350708],"EasingStyle":"Linear","EasingDirection":"Out"}}},{"Time":0.13333334028720857,"poses":{"Left Leg":{"Weight":1,"CFrame":[-0.5441076755523682,0.21662086248397828,0.2958775758743286,0.8692141175270081,-0.24095632135868073,0.4317485988140106,0.2692561149597168,0.9630576372146606,-0.004600930027663708,-0.41469013690948489,0.1202501431107521,0.9019822478294373],"EasingStyle":"Linear","EasingDirection":"Out"},"Right Arm":{"Weight":1,"CFrame":[0.3350084125995636,0.4532386064529419,0.18470966815948487,-0.6035634279251099,0.3702859580516815,-0.70611572265625,-0.7350971102714539,-0.6014054417610169,0.31295961141586306,-0.3087773025035858,0.7079546451568604,0.6351824998855591],"EasingStyle":"Linear","EasingDirection":"Out"},"Left Arm":{"Weight":1,"CFrame":[-1.1242938041687012,-0.10881108045578003,0.8439425230026245,-0.5065534114837647,0.004752948880195618,0.8621954917907715,-0.5893095135688782,0.7280418276786804,-0.35024207830429079,-0.6293789744377136,-0.6855162382125855,-0.3659910261631012],"EasingStyle":"Linear","EasingDirection":"Out"},"Head":{"Weight":1,"CFrame":[1.6391277313232423e-7,7.450580596923828e-9,1.1920928955078126e-7,0.904280960559845,-0.40575462579727175,-0.13281239569187165,0.3508054316043854,0.8834625482559204,-0.3105311095714569,0.24333412945270539,0.23421606421470643,0.9412392377853394],"EasingStyle":"Linear","EasingDirection":"Out"},"Torso":{"Weight":1,"CFrame":[-0.03019789420068264,0.2891036570072174,-0.36397218704223635,0.8896862268447876,0.45016855001449587,-0.07620194554328919,-0.4463186264038086,0.8926795721054077,0.06263300031423569,0.09621933102607727,-0.0217133779078722,0.9951232671737671],"EasingStyle":"Linear","EasingDirection":"Out"},"HumanoidRootPart":{"Weight":0,"CFrame":[0,0,0,1,0,0,0,1,0,0,0,1],"EasingStyle":"Linear","EasingDirection":"In"},"Right Leg":{"Weight":1,"CFrame":[0.40465572476387026,0.34617650508880618,0.15479540824890138,0.8572992086410523,0.48237231373786929,-0.17987504601478578,-0.3923349678516388,0.838383674621582,0.3783993721008301,0.33333367109298708,-0.2538301646709442,0.907997190952301],"EasingStyle":"Linear","EasingDirection":"Out"}}},{"Time":0.15000000596046449,"poses":{"Left Leg":{"Weight":1,"CFrame":[-0.5086181163787842,0.15666353702545167,0.271561861038208,0.8615264296531677,-0.28148984909057619,0.42253488302230837,0.30938854813575747,0.950931966304779,0.0026774071156978609,-0.4025554955005646,0.12842079997062684,0.9063426852226257],"EasingStyle":"Linear","EasingDirection":"Out"},"Right Arm":{"Weight":1,"CFrame":[0.33226054906845095,0.5178787708282471,0.18636417388916017,-0.5891245007514954,0.37618446350097659,-0.7151347398757935,-0.7531295418739319,-0.5763157606124878,0.3172633945941925,-0.29279381036758425,0.7254966497421265,0.6228373050689697],"EasingStyle":"Linear","EasingDirection":"Out"},"Left Arm":{"Weight":1,"CFrame":[-1.0837355852127076,-0.10369172692298889,0.8549007177352905,-0.5318660736083984,0.019374292343854905,0.8466068506240845,-0.6197047829627991,0.6724419593811035,-0.4047073721885681,-0.5771347284317017,-0.7398962378501892,-0.345642626285553],"EasingStyle":"Linear","EasingDirection":"Out"},"Head":{"Weight":1,"CFrame":[1.862645149230957e-7,3.725290298461914e-9,4.76837158203125e-7,0.9014593362808228,-0.42364993691444399,-0.08883558213710785,0.3858290910720825,0.8794407248497009,-0.27878302335739138,0.19623209536075593,0.21703621745109559,0.9562364816665649],"EasingStyle":"Linear","EasingDirection":"Out"},"Torso":{"Weight":1,"CFrame":[-0.037948668003082278,0.3216346800327301,-0.35284900665283205,0.8930855393409729,0.4442594647407532,-0.07093445211648941,-0.4342416822910309,0.892464280128479,0.122235968708992,0.11761094629764557,-0.07836448401212692,0.9899629950523377],"EasingStyle":"Linear","EasingDirection":"Out"},"HumanoidRootPart":{"Weight":0,"CFrame":[0,0,0,1,0,0,0,1,0,0,0,1],"EasingStyle":"Linear","EasingDirection":"In"},"Right Leg":{"Weight":1,"CFrame":[0.35436105728149416,0.3489864468574524,0.12078559398651123,0.8409458994865418,0.5155602097511292,-0.16434037685394288,-0.41450342535972597,0.8089767694473267,0.41682547330856326,0.347846120595932,-0.2824079394340515,0.89400714635849],"EasingStyle":"Linear","EasingDirection":"Out"}}},{"Time":0.1666666716337204,"poses":{"Left Leg":{"Weight":1,"CFrame":[-0.47108128666877749,0.10082203149795532,0.24812638759613038,0.8533787727355957,-0.318795382976532,0.4124489724636078,0.3456922471523285,0.9382948279380798,0.009983420372009278,-0.39018145203590395,0.1340607851743698,0.9109259843826294],"EasingStyle":"Linear","EasingDirection":"Out"},"Right Arm":{"Weight":1,"CFrame":[0.3235364854335785,0.5855545997619629,0.18843042850494386,-0.5735806822776794,0.3809579312801361,-0.7251731753349304,-0.7713285684585571,-0.5492284893989563,0.321559339761734,-0.2757852375507355,0.7437869906425476,0.6088706851005554],"EasingStyle":"Linear","EasingDirection":"Out"},"Left Arm":{"Weight":1,"CFrame":[-1.0311304330825806,-0.09397578239440918,0.8620274066925049,-0.5634887218475342,0.03666592761874199,0.825309693813324,-0.642503023147583,0.608525812625885,-0.4657105505466461,-0.5192979574203491,-0.7926865220069885,-0.3193393051624298],"EasingStyle":"Linear","EasingDirection":"Out"},"Head":{"Weight":1,"CFrame":[1.341104507446289e-7,-2.2351741790771486e-8,2.384185791015625e-7,0.8915455937385559,-0.4506763219833374,-0.04513632133603096,0.42796948552131655,0.8708440661430359,-0.24181117117404939,0.14828531444072724,0.1962687373161316,0.9692729711532593],"EasingStyle":"Linear","EasingDirection":"Out"},"Torso":{"Weight":1,"CFrame":[-0.045822273939847949,0.35272595286369326,-0.33916425704956057,0.8969924449920654,0.4372042715549469,-0.0652458667755127,-0.4206886887550354,0.8896289467811585,0.1777113378047943,0.1357407569885254,-0.131957545876503,0.9819173216819763],"EasingStyle":"Linear","EasingDirection":"Out"},"HumanoidRootPart":{"Weight":0,"CFrame":[0,0,0,1,0,0,0,1,0,0,0,1],"EasingStyle":"Linear","EasingDirection":"In"},"Right Leg":{"Weight":1,"CFrame":[0.3189659118652344,0.33999037742614748,0.09095442295074463,0.8209753632545471,0.5519344210624695,-0.1461774855852127,-0.44144368171691897,0.7759581804275513,0.4505733847618103,0.3621145188808441,-0.30538055300712588,0.8806905150413513],"EasingStyle":"Linear","EasingDirection":"Out"}}},{"Time":0.18333333730697633,"poses":{"Left Leg":{"Weight":1,"CFrame":[-0.42994192242622378,0.047816455364227298,0.22554004192352296,0.8456771969795227,-0.35164663195610049,0.4014655649662018,0.377016544342041,0.9260512590408325,0.016959134489297868,-0.37774136662483218,0.13701719045639039,0.9157170653343201],"EasingStyle":"Linear","EasingDirection":"Out"},"Right Arm":{"Weight":1,"CFrame":[0.2950506806373596,0.6545201539993286,0.19550728797912599,-0.5549814105033875,0.3859447240829468,-0.7369140982627869,-0.7893609404563904,-0.5238661170005798,0.32011500000953677,-0.26249760389328005,0.7593490481376648,0.5953856110572815],"EasingStyle":"Linear","EasingDirection":"Out"},"Left Arm":{"Weight":1,"CFrame":[-0.9666808247566223,-0.07175084948539734,0.8681554794311523,-0.5975135564804077,0.05470128729939461,0.7999907732009888,-0.656511127948761,0.5394591093063355,-0.5272353291511536,-0.4604027569293976,-0.8402330875396729,-0.2864221930503845],"EasingStyle":"Linear","EasingDirection":"Out"},"Head":{"Weight":1,"CFrame":[1.4156103134155274e-7,-4.470348358154297e-8,1.1920928955078126e-7,0.8750673532485962,-0.4839843213558197,-0.004045555833727121,0.47306326031684878,0.8570287823677063,-0.20423705875873567,0.10231465846300125,0.17680740356445313,0.9789131283760071],"EasingStyle":"Linear","EasingDirection":"Out"},"Torso":{"Weight":1,"CFrame":[-0.05365245044231415,0.38146039843559267,-0.32045507431030276,0.9015216827392578,0.4286728799343109,-0.05914539098739624,-0.4058232307434082,0.8849709630012512,0.22832857072353364,0.15022023022174836,-0.18184058368206025,0.9717859029769898],"EasingStyle":"Linear","EasingDirection":"Out"},"HumanoidRootPart":{"Weight":0,"CFrame":[0,0,0,1,0,0,0,1,0,0,0,1],"EasingStyle":"Linear","EasingDirection":"In"},"Right Leg":{"Weight":1,"CFrame":[0.29533880949020388,0.31591492891311648,0.06634712219238281,0.7970830202102661,0.5905148983001709,-0.12629616260528565,-0.47215691208839419,0.7398301959037781,0.47929030656814577,0.3764658570289612,-0.32240256667137148,0.8685218095779419],"EasingStyle":"Linear","EasingDirection":"Out"}}},{"Time":0.20000000298023225,"poses":{"Left Leg":{"Weight":1,"CFrame":[-0.3831395208835602,-0.0022885799407958986,0.20374023914337159,0.8394619822502136,-0.3788267970085144,0.3896072208881378,0.4021831154823303,0.9152607321739197,0.023377034813165666,-0.36544808745384219,0.13706935942173005,0.9206843972206116],"EasingStyle":"Linear","EasingDirection":"Out"},"Right Arm":{"Weight":1,"CFrame":[0.2464580535888672,0.7199010848999023,0.2101905345916748,-0.5311732888221741,0.39191174507141116,-0.7511724829673767,-0.8069794774055481,-0.5041452646255493,0.30760645866394045,-0.2581454813480377,0.7695730924606323,0.5840532183647156],"EasingStyle":"Linear","EasingDirection":"Out"},"Left Arm":{"Weight":1,"CFrame":[-0.8927422165870667,-0.030176103115081788,0.872578501701355,-0.6308630704879761,0.07247108221054077,0.7725021839141846,-0.6624633073806763,0.46800497174263,-0.584905207157135,-0.4039234519004822,-0.8807492852210999,-0.2472374141216278],"EasingStyle":"Linear","EasingDirection":"Out"},"Head":{"Weight":1,"CFrame":[1.6391277313232423e-7,-4.0978193283081057e-8,3.5762786865234377e-7,0.853879451751709,-0.5196000933647156,0.030092358589172365,0.5170227289199829,0.8401593565940857,-0.1637674868106842,0.059811241924762729,0.15539610385894776,0.9860398769378662],"EasingStyle":"Linear","EasingDirection":"Out"},"Torso":{"Weight":1,"CFrame":[-0.061272889375686648,0.40689659118652346,-0.29521751403808596,0.9067687392234802,0.4183344542980194,-0.052599310874938968,-0.3898058831691742,0.8793271780014038,0.27355992794036868,0.1606915444135666,-0.22755205631256104,0.9604156613349915],"EasingStyle":"Linear","EasingDirection":"Out"},"HumanoidRootPart":{"Weight":0,"CFrame":[0,0,0,1,0,0,0,1,0,0,0,1],"EasingStyle":"Linear","EasingDirection":"In"},"Right Leg":{"Weight":1,"CFrame":[0.2764809727668762,0.2772819995880127,0.047081947326660159,0.770283579826355,0.6288059949874878,-0.10614263266324997,-0.5041455626487732,0.702393114566803,0.5024750232696533,0.3905131220817566,-0.33353692293167117,0.858051598072052],"EasingStyle":"Linear","EasingDirection":"Out"}}},{"Time":0.21666666865348817,"poses":{"Left Leg":{"Weight":1,"CFrame":[-0.33032605051994326,-0.04591166973114014,0.1834930181503296,0.8356227874755859,-0.3996691107749939,0.37682777643203738,0.4205222427845001,0.9068102836608887,0.029260238632559778,-0.3534056544303894,0.13401393592357636,0.92582106590271],"EasingStyle":"Linear","EasingDirection":"Out"},"Right Arm":{"Weight":1,"CFrame":[0.19672030210494996,0.7760380506515503,0.22952306270599366,-0.5019710063934326,0.3977408707141876,-0.7680021524429321,-0.8238155245780945,-0.4902662932872772,0.2845468819141388,-0.26334965229034426,0.7755263447761536,0.5737645626068115],"EasingStyle":"Linear","EasingDirection":"Out"},"Left Arm":{"Weight":1,"CFrame":[-0.8124145269393921,0.031237483024597169,0.8702360391616821,-0.6631737947463989,0.08960937708616257,0.74308180809021,-0.6618168950080872,0.3934829831123352,-0.6380985379219055,-0.34956955909729006,-0.9149542450904846,-0.2016424536705017],"EasingStyle":"Linear","EasingDirection":"Out"},"Head":{"Weight":1,"CFrame":[1.1175870895385742e-7,3.725290298461914e-8,1.1920928955078126e-7,0.8311254978179932,-0.5535587668418884,0.05294312536716461,0.5556865930557251,0.8231549263000488,-0.11674106121063233,0.021042656153440477,0.12644626200199128,0.9917502403259277],"EasingStyle":"Linear","EasingDirection":"Out"},"Torso":{"Weight":1,"CFrame":[-0.06851731985807419,0.428061306476593,-0.2657899856567383,0.9128081798553467,0.40584543347358706,-0.04550575092434883,-0.37276965379714968,0.873518168926239,0.31306350231170657,0.16680550575256349,-0.26880374550819399,0.9486413598060608],"EasingStyle":"Linear","EasingDirection":"Out"},"HumanoidRootPart":{"Weight":0,"CFrame":[0,0,0,1,0,0,0,1,0,0,0,1],"EasingStyle":"Linear","EasingDirection":"In"},"Right Leg":{"Weight":1,"CFrame":[0.2503822445869446,0.23475146293640138,0.03381025791168213,0.7442546486854553,0.6619508266448975,-0.08891645073890686,-0.5329563617706299,0.6688392162322998,0.5182777047157288,0.4025450646877289,-0.33834192156791689,0.8505774736404419],"EasingStyle":"Linear","EasingDirection":"Out"}}},{"Time":0.23333333432674409,"poses":{"Left Leg":{"Weight":1,"CFrame":[-0.27174800634384158,-0.07869505882263184,0.1658564805984497,0.8349858522415161,-0.41354700922966006,0.3630116283893585,0.43137192726135256,0.9015036225318909,0.034777503460645679,-0.3416384756565094,0.12755434215068818,0.931135356426239],"EasingStyle":"Linear","EasingDirection":"Out"},"Right Arm":{"Weight":1,"CFrame":[0.16480007767677308,0.8172600269317627,0.25054895877838137,-0.4671715795993805,0.4024408459663391,-0.7872685790061951,-0.8391241431236267,-0.48237964510917666,0.2513572573661804,-0.2786061763763428,0.7780432105064392,0.5630521178245544],"EasingStyle":"Linear","EasingDirection":"Out"},"Left Arm":{"Weight":1,"CFrame":[-0.7288193702697754,0.11005586385726929,0.8569947481155396,-0.6946834325790405,0.10574182868003845,0.7115009427070618,-0.6554460525512695,0.31441807746887209,-0.6866816282272339,-0.296319842338562,-0.943376898765564,-0.14911313354969026],"EasingStyle":"Linear","EasingDirection":"Out"},"Head":{"Weight":1,"CFrame":[1.043081283569336e-7,1.1175870895385743e-8,0,0.8109304904937744,-0.5819583535194397,0.06096072867512703,0.5849642157554627,0.8088432550430298,-0.05991164594888687,-0.014441605657339096,0.0842440128326416,0.9963405132293701],"EasingStyle":"Linear","EasingDirection":"Out"},"Torso":{"Weight":1,"CFrame":[-0.07521948218345642,0.443942666053772,-0.23546934127807618,0.9196885824203491,0.39083757996559145,-0.03766782581806183,-0.354801744222641,0.8683013319969177,0.3466532528400421,0.16819213330745698,-0.305448442697525,0.9372367262840271],"EasingStyle":"Linear","EasingDirection":"Out"},"HumanoidRootPart":{"Weight":0,"CFrame":[0,0,0,1,0,0,0,1,0,0,0,1],"EasingStyle":"Linear","EasingDirection":"In"},"Right Leg":{"Weight":1,"CFrame":[0.21036827564239503,0.1996559500694275,0.031006693840026857,0.7217621803283691,0.6876649856567383,-0.07858968526124954,-0.5569499731063843,0.6444426774978638,0.5239277482032776,0.4109332263469696,-0.33438068628311159,0.8481293320655823],"EasingStyle":"Linear","EasingDirection":"Out"}}},{"Time":0.25,"poses":{"Left Leg":{"Weight":1,"CFrame":[-0.21547651290893556,-0.09553205966949463,0.1516324281692505,0.8399218916893005,-0.41651085019111636,0.34792226552963259,0.4303663969039917,0.9017426371574402,0.04055919498205185,-0.3306296467781067,0.11566749215126038,0.9366456270217896],"EasingStyle":"Linear","EasingDirection":"Out"},"Right Arm":{"Weight":1,"CFrame":[0.15797966718673707,0.8426586389541626,0.26915550231933596,-0.42779168486595156,0.4071345329284668,-0.8069919347763062,-0.8490567207336426,-0.4872038662433624,0.20429185032844544,-0.30999505519866946,0.772576093673706,0.5541018843650818],"EasingStyle":"Linear","EasingDirection":"Out"},"Left Arm":{"Weight":1,"CFrame":[-0.6450772881507874,0.20284605026245118,0.8290940523147583,-0.7254608273506165,0.12018247693777085,0.6776891946792603,-0.6438243985176086,0.2295740842819214,-0.7299218773841858,-0.24330367147922517,-0.965842604637146,-0.08917050063610077],"EasingStyle":"Linear","EasingDirection":"Out"},"Head":{"Weight":1,"CFrame":[1.1920928955078126e-7,2.123415470123291e-7,0,0.7973262667655945,-0.6013321876525879,0.051675934344530109,0.6015379428863525,0.7987349033355713,0.013217013329267502,-0.04922318086028099,0.020546751096844674,0.9985764622688294],"EasingStyle":"Linear","EasingDirection":"Out"},"Torso":{"Weight":1,"CFrame":[-0.08125028759241104,0.454885333776474,-0.20700359344482423,0.9273393154144287,0.3730473518371582,-0.02962280996143818,-0.33652451634407046,0.8659313917160034,0.37001895904541018,0.16368591785430909,-0.3331643342971802,0.9285517930984497],"EasingStyle":"Linear","EasingDirection":"Out"},"HumanoidRootPart":{"Weight":0,"CFrame":[0,0,0,1,0,0,0,1,0,0,0,1],"EasingStyle":"Linear","EasingDirection":"In"},"Right Leg":{"Weight":1,"CFrame":[0.17208898067474366,0.17442893981933595,0.03754532337188721,0.7032431960105896,0.7068518400192261,-0.07621997594833374,-0.577929675579071,0.6308095455169678,0.5177611112594605,0.41406068205833437,-0.32006216049194338,0.8521232008934021],"EasingStyle":"Linear","EasingDirection":"Out"}}},{"Time":0.2666666805744171,"poses":{"Left Leg":{"Weight":1,"CFrame":[-0.17003387212753297,-0.0984264612197876,0.14108753204345704,0.8512837886810303,-0.4066566228866577,0.33158156275749209,0.4157906472682953,0.9082736968994141,0.04644300788640976,-0.32005321979522707,0.09833235293626785,0.9422827363014221],"EasingStyle":"Linear","EasingDirection":"Out"},"Right Arm":{"Weight":1,"CFrame":[0.16932961344718934,0.858342170715332,0.2840009927749634,-0.3868972957134247,0.4139232337474823,-0.8240011930465698,-0.8484607934951782,-0.5097669959068298,0.14230899512767793,-0.3611436188220978,0.7541917562484741,0.5484251379966736],"EasingStyle":"Linear","EasingDirection":"Out"},"Left Arm":{"Weight":1,"CFrame":[-0.5643099546432495,0.3054769039154053,0.7845014333724976,-0.755389928817749,0.1319962590932846,0.6418435573577881,-0.6271557211875916,0.13822731375694276,-0.7665303945541382,-0.1898995339870453,-0.9815651774406433,-0.021633481606841089],"EasingStyle":"Linear","EasingDirection":"Out"},"Head":{"Weight":1,"CFrame":[1.4156103134155274e-7,-9.685754776000977e-8,-1.7881393432617188e-7,0.7919446229934692,-0.609914243221283,0.028781766071915628,0.604538083076477,0.7898415923118591,0.10336284339427948,-0.08577556163072586,-0.06445808708667755,0.9942272305488586],"EasingStyle":"Linear","EasingDirection":"Out"},"Torso":{"Weight":1,"CFrame":[-0.08662949502468109,0.4621652364730835,-0.1809391975402832,0.935479462146759,0.35267338156700137,-0.02235422097146511,-0.3182392716407776,0.8682646751403809,0.38057875633239748,0.1536293774843216,-0.3489095866680145,0.92447829246521],"EasingStyle":"Linear","EasingDirection":"Out"},"HumanoidRootPart":{"Weight":0,"CFrame":[0,0,0,1,0,0,0,1,0,0,0,1],"EasingStyle":"Linear","EasingDirection":"In"},"Right Leg":{"Weight":1,"CFrame":[0.1575181782245636,0.16250652074813844,0.041304707527160647,0.6880211234092712,0.7214984893798828,-0.07789024710655213,-0.5976213812828064,0.624214768409729,0.5031943917274475,0.41167423129081728,-0.2996595501899719,0.8606558442115784],"EasingStyle":"Linear","EasingDirection":"Out"}}},{"Time":0.28333333134651186,"poses":{"Left Leg":{"Weight":1,"CFrame":[-0.13407891988754273,-0.09282505512237549,0.13357925415039063,0.8671523928642273,-0.38647133111953738,0.3141443133354187,0.39084839820861819,0.9190016984939575,0.05170455947518349,-0.30868154764175417,0.07794706523418427,0.9479662179946899],"EasingStyle":"Linear","EasingDirection":"Out"},"Right Arm":{"Weight":1,"CFrame":[0.1959419846534729,0.8670598268508911,0.29584360122680666,-0.34792670607566836,0.42262229323387148,-0.8368616700172424,-0.8341978192329407,-0.5469252467155457,0.0706172063946724,-0.4278562664985657,0.7226777672767639,0.5428404808044434],"EasingStyle":"Linear","EasingDirection":"Out"},"Left Arm":{"Weight":1,"CFrame":[-0.4891844391822815,0.41251206398010256,0.7251391410827637,-0.7840564846992493,0.14054228365421296,0.6045687198638916,-0.605524480342865,0.0407981313765049,-0.7947802543640137,-0.13636542856693269,-0.9892337322235107,0.05311378464102745],"EasingStyle":"Linear","EasingDirection":"Out"},"Head":{"Weight":1,"CFrame":[2.0116567611694337e-7,3.3527612686157229e-8,1.1920928955078126e-7,0.7949421405792236,-0.6066844463348389,-0.0009634009911678731,0.5940784215927124,0.7781004905700684,0.20403547585010529,-0.12303558737039566,-0.16276873648166657,0.9789630174636841],"EasingStyle":"Linear","EasingDirection":"Out"},"Torso":{"Weight":1,"CFrame":[-0.09141412377357483,0.4661145806312561,-0.1572737693786621,0.9438526630401611,0.32997408509254458,-0.01610163226723671,-0.2992754578590393,0.8746509552001953,0.3813396990299225,0.13991552591323853,-0.35510963201522829,0.9242947697639465],"EasingStyle":"Linear","EasingDirection":"Out"},"HumanoidRootPart":{"Weight":0,"CFrame":[0,0,0,1,0,0,0,1,0,0,0,1],"EasingStyle":"Linear","EasingDirection":"In"},"Right Leg":{"Weight":1,"CFrame":[0.15631461143493653,0.15690010786056519,0.04377710819244385,0.6776787042617798,0.7307053804397583,-0.0825897753238678,-0.6147916913032532,0.6246061325073242,0.48155829310417178,0.4034634232521057,-0.2755662798881531,0.8725139498710632],"EasingStyle":"Linear","EasingDirection":"Out"}}},{"Time":0.30000001192092898,"poses":{"Left Leg":{"Weight":1,"CFrame":[-0.10475444793701172,-0.08322370052337647,0.12800467014312745,0.8852906227111816,-0.3589266836643219,0.295689195394516,0.3591056764125824,0.9316322803497315,0.05571646988391876,-0.29547181725502016,0.05685841664671898,0.9536579847335815],"EasingStyle":"Linear","EasingDirection":"Out"},"Right Arm":{"Weight":1,"CFrame":[0.2341957688331604,0.8701961040496826,0.30509042739868166,-0.31487974524497988,0.4317609667778015,-0.8452414870262146,-0.8039330840110779,-0.594704270362854,-0.004292091354727745,-0.504521906375885,0.6781660914421082,0.5343672633171082],"EasingStyle":"Linear","EasingDirection":"Out"},"Left Arm":{"Weight":1,"CFrame":[-0.4205523431301117,0.5143263339996338,0.6553138494491577,-0.8106399774551392,0.1469244509935379,0.5668122172355652,-0.5793156027793884,-0.06041765585541725,-0.8128610253334045,-0.08518365770578385,-0.9873008131980896,0.13409267365932465],"EasingStyle":"Linear","EasingDirection":"Out"},"Head":{"Weight":1,"CFrame":[1.2665987014770509e-7,-4.470348358154297e-8,2.384185791015625e-7,0.8054097294807434,-0.5919097661972046,-0.030951324850320817,0.5710665583610535,0.7609444260597229,0.3079715371131897,-0.15873919427394868,-0.2657185196876526,0.9508919715881348],"EasingStyle":"Linear","EasingDirection":"Out"},"Torso":{"Weight":1,"CFrame":[-0.09566113352775574,0.4670442044734955,-0.13600397109985352,0.9522347450256348,0.3051662743091583,-0.01107258815318346,-0.27885669469833376,0.8837723731994629,0.37574636936187746,0.12445076555013657,-0.35471102595329287,0.9266563653945923],"EasingStyle":"Linear","EasingDirection":"Out"},"HumanoidRootPart":{"Weight":0,"CFrame":[0,0,0,1,0,0,0,1,0,0,0,1],"EasingStyle":"Linear","EasingDirection":"In"},"Right Leg":{"Weight":1,"CFrame":[0.17456433176994325,0.15705138444900514,0.047249436378479007,0.6778578758239746,0.7291516065597534,-0.09405640512704849,-0.6249004006385803,0.6388294100761414,0.44877222180366518,0.3873089849948883,-0.2454279065132141,0.8886826634407044],"EasingStyle":"Linear","EasingDirection":"Out"}}},{"Time":0.3166666626930237,"poses":{"Left Leg":{"Weight":1,"CFrame":[-0.07933026552200318,-0.07342875003814697,0.12352561950683594,0.9035537242889404,-0.32750532031059267,0.27628058195114138,0.324551522731781,0.9441046714782715,0.0577295757830143,-0.2797445058822632,0.03750551491975784,0.9593416452407837],"EasingStyle":"Linear","EasingDirection":"Out"},"Right Arm":{"Weight":1,"CFrame":[0.2798702120780945,0.8685058355331421,0.3119359016418457,-0.29178574681282046,0.43843886256217959,-0.8500778079032898,-0.7572862505912781,-0.6487979292869568,-0.07469064742326737,-0.5842761397361755,0.6219586730003357,0.5213338732719421],"EasingStyle":"Linear","EasingDirection":"Out"},"Left Arm":{"Weight":1,"CFrame":[-0.358812153339386,0.6002546548843384,0.5779680013656616,-0.834589958190918,0.15280035138130