{"Sequence":[{"Time":0,"poses":{"Left Leg":{"Weight":1,"CFrame":[-0.2914871275424957,0.08195966482162476,0.015640854835510255,0.9952890276908875,-0.0765395313501358,0.05951182544231415,0.07448143512010575,0.9965699315071106,0.03606731444597244,-0.06206832081079483,-0.031464871019124988,0.9975758194923401],"EasingStyle":"Linear","EasingDirection":"In"},"Right Arm":{"Weight":1,"CFrame":[0.40878555178642275,-0.4438241720199585,0.32702839374542239,-0.6408612132072449,-0.5961018204689026,-0.4836936295032501,0.19848544895648957,-0.7373353242874146,0.6457090973854065,-0.7415527105331421,0.31780365109443667,0.5908471941947937],"EasingStyle":"Linear","EasingDirection":"In"},"Head":{"Weight":1,"CFrame":[8.742279078433057e-8,0,0,0.8732591271400452,-0.4841791093349457,-0.05467245727777481,0.4841790497303009,0.8496750593185425,0.20886148512363435,-0.05467252805829048,-0.20886147022247315,0.9764158725738525],"EasingStyle":"Linear","EasingDirection":"In"},"Right Leg":{"Weight":1,"CFrame":[0.27748730778694155,0.08069050312042237,0.023497939109802247,0.993343710899353,0.07639984786510468,-0.08620574325323105,-0.07380267232656479,0.9967291951179504,0.03292796388268471,0.08843952417373657,-0.026346588507294656,0.9957331418991089],"EasingStyle":"Linear","EasingDirection":"In"},"Torso":{"Weight":1,"CFrame":[0,0,-0.07007741928100586,1,0,-8.742277657347586e-8,0,1,0,8.742277657347586e-8,0,1],"EasingStyle":"Linear","EasingDirection":"In"},"HumanoidRootPart":{"Weight":1,"CFrame":[0,0,0,1,0,0,0,1,0,0,0,1],"EasingStyle":"Linear","EasingDirection":"In"},"Left Arm":{"Weight":1,"CFrame":[-6.43394884036752e-8,0.4788631200790405,0.4204651117324829,0.6851761341094971,0.08939658105373383,0.7228706479072571,-0.3905031979084015,-0.7926697731018066,0.4681687355041504,0.6148503422737122,-0.6030611991882324,-0.508208692073822],"EasingStyle":"Linear","EasingDirection":"In"}}},{"Time":0.03333333507180214,"poses":{"Left Leg":{"Weight":1,"CFrame":[-0.25120362639427187,0.05694490671157837,0.022693276405334474,0.9936740398406982,-0.07332856953144074,0.08505839854478836,0.072698675096035,0.9972988963127136,0.010483358055353165,-0.08559742569923401,-0.004233425948768854,0.9963208436965942],"EasingStyle":"Linear","EasingDirection":"In"},"Right Arm":{"Weight":1,"CFrame":[0.3836926519870758,-0.4621608555316925,0.3200554847717285,-0.5346683859825134,-0.6416563987731934,-0.5499151349067688,0.22311626374721528,-0.7348356246948242,0.6404966711997986,-0.8150760531425476,0.21975822746753694,0.5360573530197144],"EasingStyle":"Linear","EasingDirection":"In"},"Head":{"Weight":1,"CFrame":[8.290226105600596e-8,5.820766091346741e-10,-5.960464477539063e-8,0.8775215744972229,-0.4787622392177582,-0.027254730463027955,0.47379714250564577,0.8568482398986816,0.2032916247844696,-0.07397517561912537,-0.1913059800863266,0.9787389039993286],"EasingStyle":"Linear","EasingDirection":"In"},"Right Leg":{"Weight":1,"CFrame":[0.3171149492263794,0.10371583700180054,0.01485288143157959,0.9942892789840698,0.08796616643667221,-0.06042156368494034,-0.08439046144485474,0.9946616888046265,0.059384193271398547,0.0653228759765625,-0.05394610017538071,0.9964049458503723],"EasingStyle":"Linear","EasingDirection":"In"},"Torso":{"Weight":1,"CFrame":[-0.018822714686393739,0.003919404000043869,-0.07063531875610352,0.9993784427642822,0.02625509537756443,-0.023528486490249635,-0.026146790012717248,0.9996461272239685,0.004899258259683847,0.023648789152503015,-0.004281017929315567,0.999711275100708],"EasingStyle":"Linear","EasingDirection":"In"},"HumanoidRootPart":{"Weight":1,"CFrame":[0,0,0,1,0,0,0,1,0,0,0,1],"EasingStyle":"Linear","EasingDirection":"In"},"Left Arm":{"Weight":1,"CFrame":[-0.03253748267889023,0.44568008184432986,0.40539729595184328,0.656178891658783,0.1644344925880432,0.7364716529846191,-0.36280760169029238,-0.7870176434516907,0.4989730417728424,0.6616644859313965,-0.5946130752563477,-0.456766277551651],"EasingStyle":"Linear","EasingDirection":"In"}}},{"Time":0.06666667014360428,"poses":{"Left Leg":{"Weight":1,"CFrame":[-0.20978499948978425,0.03270316123962402,0.026709437370300294,0.9918836951255798,-0.065019890666008,0.10926622152328491,0.06726904213428498,0.997589647769928,-0.017021985724568368,-0.1078960970044136,0.024234088137745858,0.9938668608665466],"EasingStyle":"Linear","EasingDirection":"In"},"Right Arm":{"Weight":1,"CFrame":[0.3175387978553772,-0.47914618253707888,0.30155670642852785,-0.3230108618736267,-0.7355015277862549,-0.5955682992935181,0.3343249261379242,-0.6774070262908936,0.655245304107666,-0.8853760957717896,0.012537953443825245,0.4647064208984375],"EasingStyle":"Linear","EasingDirection":"In"},"Head":{"Weight":1,"CFrame":[8.038477972149849e-8,-2.3283064365386964e-9,0,0.888941764831543,-0.4580005407333374,0.0042723980732262138,0.4500901997089386,0.8752406239509583,0.1771239936351776,-0.08486226201057434,-0.15552997589111329,0.9841793179512024],"EasingStyle":"Linear","EasingDirection":"In"},"Right Leg":{"Weight":1,"CFrame":[0.35916200280189516,0.13084667921066285,0.003789067268371582,0.9944858551025391,0.09838690608739853,-0.03630274906754494,-0.09487628191709519,0.9915683269500732,0.0882650837302208,0.04468085244297981,-0.08433408290147782,0.995435357093811],"EasingStyle":"Linear","EasingDirection":"In"},"Torso":{"Weight":1,"CFrame":[-0.03918074816465378,0.006167871877551079,-0.07367658615112305,0.9974948763847351,0.05104437470436096,-0.04897603392601013,-0.05072663351893425,0.9986827969551086,0.007709846831858158,0.04930507019162178,-0.005206141620874405,0.9987702965736389],"EasingStyle":"Linear","EasingDirection":"In"},"HumanoidRootPart":{"Weight":1,"CFrame":[0,0,0,1,0,0,0,1,0,0,0,1],"EasingStyle":"Linear","EasingDirection":"In"},"Left Arm":{"Weight":1,"CFrame":[-0.0940757766366005,0.358198344707489,0.36555755138397219,0.5452834367752075,0.3667513430118561,0.7537636160850525,-0.30316802859306338,-0.7520556449890137,0.5852363705635071,0.7815083265304565,-0.5476365685462952,-0.2988961338996887],"EasingStyle":"Linear","EasingDirection":"In"}}},{"Time":0.10000000149011612,"poses":{"Left Leg":{"Weight":1,"CFrame":[-0.18246355652809144,0.01418304443359375,0.029494881629943849,0.9894853234291077,-0.0615583099424839,0.1308797150850296,0.06754489988088608,0.9968401789665222,-0.04180104285478592,-0.12789298593997956,0.05020179599523544,0.9905166029930115],"EasingStyle":"Linear","EasingDirection":"In"},"Right Arm":{"Weight":1,"CFrame":[0.22401076555252076,-0.4951314330101013,0.27516281604766848,0.013386060483753682,-0.7949190139770508,-0.6065678000450134,0.4860951900482178,-0.5249425768852234,0.6986750960350037,-0.8738033771514893,-0.3042023479938507,0.3793794512748718],"EasingStyle":"Linear","EasingDirection":"In"},"Head":{"Weight":1,"CFrame":[8.451752364635468e-8,2.7939677238464357e-9,-5.364418029785156e-7,0.9051517844200134,-0.42350730299949648,0.03663376346230507,0.41538286209106448,0.8995047211647034,0.13545669615268708,-0.09031913429498673,-0.10739180445671082,0.9901058077812195],"EasingStyle":"Linear","EasingDirection":"In"},"Right Leg":{"Weight":1,"CFrame":[0.40205880999565127,0.1591038703918457,-0.008957207202911377,0.9938964247703552,0.1092933788895607,-0.014997364021837712,-0.10686485469341278,0.9875965714454651,0.11503471434116364,0.02738397940993309,-0.11272993683815003,0.9932483434677124],"EasingStyle":"Linear","EasingDirection":"In"},"Torso":{"Weight":1,"CFrame":[-0.0577707439661026,0.0077983662486076359,-0.08103060722351074,0.9947080612182617,0.0730828121304512,-0.07221353054046631,-0.07256674021482468,0.9973159432411194,0.009747964330017567,0.072732113301754,-0.004456077702343464,0.9973415732383728],"EasingStyle":"Linear","EasingDirection":"In"},"HumanoidRootPart":{"Weight":1,"CFrame":[0,0,0,1,0,0,0,1,0,0,0,1],"EasingStyle":"Linear","EasingDirection":"In"},"Left Arm":{"Weight":1,"CFrame":[-0.1743391454219818,0.234516441822052,0.3089919090270996,0.29228153824806216,0.6683730483055115,0.6839948296546936,-0.23617394268512727,-0.6426270008087158,0.7288707494735718,0.9267111420631409,-0.3745771646499634,-0.029975686222314836],"EasingStyle":"Linear","EasingDirection":"In"}}},{"Time":0.13333334028720857,"poses":{"Left Leg":{"Weight":1,"CFrame":[-0.18716594576835633,0.006149649620056152,0.03510594367980957,0.9860474467277527,-0.07477346062660217,0.14872615039348603,0.08437584340572357,0.9946661591529846,-0.05933048203587532,-0.143496572971344,0.07105158269405365,0.9870969653129578],"EasingStyle":"Linear","EasingDirection":"In"},"Right Arm":{"Weight":1,"CFrame":[0.1167958602309227,-0.5104656219482422,0.24450445175170899,0.41982215642929079,-0.7101753354072571,-0.565155029296875,0.5867061614990234,-0.2627405524253845,0.7659916877746582,-0.6924776434898377,-0.6531602740287781,0.30636003613471987],"EasingStyle":"Linear","EasingDirection":"In"},"Head":{"Weight":1,"CFrame":[1.0896474123001099e-7,4.6566128730773929e-9,-4.172325134277344e-7,0.9235843420028687,-0.37760812044143679,0.06636358797550202,0.3719235062599182,0.9244510531425476,0.0840437039732933,-0.09308546781539917,-0.052939269691705707,0.9942497611045837],"EasingStyle":"Linear","EasingDirection":"In"},"Right Leg":{"Weight":1,"CFrame":[0.445003867149353,0.18545252084732057,-0.021768152713775636,0.9924127459526062,0.12292537838220597,0.002504938282072544,-0.12213641405105591,0.9832926392555237,0.13497576117515565,0.014128942973911763,-0.13425762951374055,0.9908457398414612],"EasingStyle":"Linear","EasingDirection":"In"},"Torso":{"Weight":1,"CFrame":[-0.07126392424106598,0.009679639711976052,-0.0942385196685791,0.991841733455658,0.09118548780679703,-0.08908000588417053,-0.09046509861946106,0.9958261251449585,0.012099559418857098,0.08981150388717652,-0.003942216280847788,0.9959509968757629],"EasingStyle":"Linear","EasingDirection":"In"},"HumanoidRootPart":{"Weight":1,"CFrame":[0,0,0,1,0,0,0,1,0,0,0,1],"EasingStyle":"Linear","EasingDirection":"In"},"Left Arm":{"Weight":1,"CFrame":[-0.263051837682724,0.09273558855056763,0.24374639987945558,-0.11830127239227295,0.9096190929412842,0.39824360609054568,-0.2306089699268341,-0.4152621924877167,0.8799869418144226,0.9658283591270447,0.01226503774523735,0.25889238715171816],"EasingStyle":"Linear","EasingDirection":"In"}}},{"Time":0.1666666716337204,"poses":{"Left Leg":{"Weight":1,"CFrame":[-0.23146528005599976,0.012413740158081055,0.04661059379577637,0.9806273579597473,-0.11054127663373947,0.16171133518218995,0.12238016724586487,0.9903426170349121,-0.0651509091258049,-0.1529477834701538,0.08367902040481568,0.9846851229667664],"EasingStyle":"Linear","EasingDirection":"In"},"Right Arm":{"Weight":1,"CFrame":[0.009580852463841439,-0.5254991054534912,0.21321189403533936,0.7450144290924072,-0.45955732464790347,-0.4834878742694855,0.5576236844062805,0.03129700943827629,0.82950359582901,-0.36607280373573305,-0.8875965476036072,0.27957683801651],"EasingStyle":"Linear","EasingDirection":"In"},"Head":{"Weight":1,"CFrame":[7.217749953269959e-8,-1.862645149230957e-9,-1.1920928955078126e-7,0.9418095350265503,-0.3237325847148895,0.09050959348678589,0.3223821520805359,0.9461477398872376,0.029568880796432496,-0.09520784020423889,0.0013304251478984953,0.9954566359519959],"EasingStyle":"Linear","EasingDirection":"In"},"Right Leg":{"Weight":1,"CFrame":[0.4877375662326813,0.2067704200744629,-0.03222978115081787,0.9897673726081848,0.1418624222278595,0.015348982065916062,-0.1425921618938446,0.9793564081192017,0.14327827095985413,0.005293732043355703,-0.1440008133649826,0.9895634651184082],"EasingStyle":"Linear","EasingDirection":"In"},"Torso":{"Weight":1,"CFrame":[-0.07633166015148163,0.012570340186357499,-0.11468958854675293,0.9899634718894959,0.10425180941820145,-0.09541468322277069,-0.10321873426437378,0.9945346713066101,0.015712939202785493,0.09653128683567047,-0.00570665393024683,0.9953137040138245],"EasingStyle":"Linear","EasingDirection":"In"},"HumanoidRootPart":{"Weight":1,"CFrame":[0,0,0,1,0,0,0,1,0,0,0,1],"EasingStyle":"Linear","EasingDirection":"In"},"Left Arm":{"Weight":1,"CFrame":[-0.34993815422058108,-0.049045175313949588,0.17786669731140138,-0.5040945410728455,0.8620128035545349,-0.05312967300415039,-0.33661505579948428,-0.13945086300373078,0.931259274482727,0.7953483462333679,0.4873269498348236,0.36046284437179568],"EasingStyle":"Linear","EasingDirection":"In"}}},{"Time":0.20000000298023225,"poses":{"Left Leg":{"Weight":1,"CFrame":[-0.30448800325393679,0.03281432390213013,0.062352895736694339,0.9721148610115051,-0.1629292070865631,0.1686619073152542,0.1749839037656784,0.9827919602394104,-0.05916516110301018,-0.15611985325813294,0.08702849596738816,0.9838967323303223],"EasingStyle":"Linear","EasingDirection":"In"},"Right Arm":{"Weight":1,"CFrame":[-0.08394709974527359,-0.5405822992324829,0.1849156618118286,0.8992109894752502,-0.16858696937561036,-0.4037300646305084,0.43515917658805849,0.24898944795131684,0.8652403354644775,-0.04534380882978439,-0.9537204504013062,0.2972562611103058],"EasingStyle":"Linear","EasingDirection":"In"},"Head":{"Weight":1,"CFrame":[7.450580596923828e-8,-5.587935447692871e-9,0,0.95790034532547,-0.26632773876190188,0.10722190886735916,0.26995301246643069,0.9626535773277283,-0.020580951124429704,-0.09773628413677216,0.04865938425064087,0.9940220713615418],"EasingStyle":"Linear","EasingDirection":"In"},"Right Leg":{"Weight":1,"CFrame":[0.6614135503768921,0.31142640113830569,-0.055380284786224368,0.9694466590881348,0.24419988691806794,0.023226233199238778,-0.2449665665626526,0.9588217735290527,0.1437092274427414,0.012824038043618203,-0.14500807225704194,0.9893473982810974],"EasingStyle":"Linear","EasingDirection":"In"},"Torso":{"Weight":1,"CFrame":[-0.07286421954631806,0.01699766516685486,-0.144195556640625,0.9896206259727478,0.11115489900112152,-0.09108036756515503,-0.10966230928897858,0.9937418103218079,0.02124708704650402,0.09287208318710327,-0.01103847287595272,0.9956168532371521],"EasingStyle":"Linear","EasingDirection":"In"},"HumanoidRootPart":{"Weight":1,"CFrame":[0,0,0,1,0,0,0,1,0,0,0,1],"EasingStyle":"Linear","EasingDirection":"In"},"Left Arm":{"Weight":1,"CFrame":[-0.4247221350669861,-0.17272615432739259,0.11939883232116699,-0.6844761967658997,0.6020692586898804,-0.41110217571258547,-0.47800612449645998,0.05514032393693924,0.8766241669654846,0.5504566431045532,0.7965375781059265,0.25005045533180239],"EasingStyle":"Linear","EasingDirection":"In"}}},{"Time":0.23333333432674409,"poses":{"Left Leg":{"Weight":1,"CFrame":[-0.45186758041381838,0.08862113952636719,0.08410680294036865,0.9548777937889099,-0.2506491541862488,0.159322127699852,0.26073476672172549,0.9643343687057495,-0.045569613575935367,-0.14221785962581635,0.0850541815161705,0.9861744046211243],"EasingStyle":"Linear","EasingDirection":"In"},"Right Arm":{"Weight":1,"CFrame":[-0.15010090172290803,-0.5560659766197205,0.1632465124130249,0.9350261092185974,0.03780638799071312,-0.3525577485561371,0.3156822919845581,0.3640161454677582,0.8762630820274353,0.1614648848772049,-0.9306250214576721,0.3284299075603485],"EasingStyle":"Linear","EasingDirection":"In"},"Head":{"Weight":1,"CFrame":[6.752088665962219e-8,-5.587935447692871e-9,-5.960464477539063e-8,0.9707092046737671,-0.21038976311683656,0.1160164549946785,0.21816222369670869,0.9741387963294983,-0.058812253177165988,-0.10064265131950379,0.08240000158548355,0.9915045499801636],"EasingStyle":"Linear","EasingDirection":"In"},"Right Leg":{"Weight":1,"CFrame":[0.8255907893180847,0.5671893358230591,-0.09169721603393555,0.9365035891532898,0.35029083490371706,0.016041338443756105,-0.3487696647644043,0.9257441163063049,0.1461428552865982,0.03634237125515938,-0.1424580216407776,0.9891334176063538],"EasingStyle":"Linear","EasingDirection":"In"},"Torso":{"Weight":1,"CFrame":[-0.06406910717487335,0.02186749503016472,-0.22091150283813477,0.9915997385978699,0.10156849026679993,-0.08008647710084915,-0.09967273473739624,0.9946447610855103,0.02733437530696392,0.08243390917778015,-0.019122321158647538,0.9964130520820618],"EasingStyle":"Linear","EasingDirection":"In"},"HumanoidRootPart":{"Weight":1,"CFrame":[0,0,0,1,0,0,0,1,0,0,0,1],"EasingStyle":"Linear","EasingDirection":"In"},"Left Arm":{"Weight":1,"CFrame":[-0.4771280586719513,-0.26020801067352297,0.07638835906982422,-0.7228553891181946,0.37007540464401247,-0.5835446715354919,-0.5671285390853882,0.16472788155078889,0.8069882988929749,0.3947725296020508,0.9142805337905884,0.09080582857131958],"EasingStyle":"Linear","EasingDirection":"In"}}},{"Time":0.2666666805744171,"poses":{"Left Leg":{"Weight":1,"CFrame":[-0.533340573310852,0.1293323040008545,0.06377100944519043,0.9561399817466736,-0.27308809757232668,0.10592101514339447,0.2775630056858063,0.9602447748184204,-0.02981170266866684,-0.09356894344091416,0.05790391564369202,0.993927538394928],"EasingStyle":"Linear","EasingDirection":"In"},"Right Arm":{"Weight":1,"CFrame":[-0.17519383132457734,-0.572299599647522,0.1518346071243286,0.936362087726593,0.11344301700592041,-0.33219993114471438,0.26203399896621706,0.40384581685066225,0.8764967918395996,0.23358990252017976,-0.9077661633491516,0.34842008352279665],"EasingStyle":"Linear","EasingDirection":"In"},"Head":{"Weight":1,"CFrame":[8.381903171539307e-8,-4.6566128730773929e-9,1.1920928955078126e-7,0.9799435138702393,-0.16088314354419709,0.11758983135223389,0.17059238255023957,0.982271134853363,-0.0777282565832138,-0.10299991816282273,0.09622922539710999,0.9900156855583191],"EasingStyle":"Linear","EasingDirection":"In"},"Right Leg":{"Weight":1,"CFrame":[0.7864307165145874,0.8083484172821045,-0.08786511421203613,0.9313518404960632,0.36257612705230715,-0.033502548933029178,-0.3542312681674957,0.9235113263130188,0.1471295952796936,0.08428569883108139,-0.12516182661056519,0.9885497689247131],"EasingStyle":"Linear","EasingDirection":"In"},"Torso":{"Weight":1,"CFrame":[-0.05183526873588562,0.025534339249134065,-0.2539048194885254,0.9967389702796936,0.048095036298036578,-0.06479419022798538,-0.046101607382297519,0.9984267354011536,0.031917937099933627,0.06622733920812607,-0.02882673218846321,0.9973881840705872],"EasingStyle":"Linear","EasingDirection":"In"},"HumanoidRootPart":{"Weight":1,"CFrame":[0,0,0,1,0,0,0,1,0,0,0,1],"EasingStyle":"Linear","EasingDirection":"In"},"Left Arm":{"Weight":1,"CFrame":[-0.49688029289245608,-0.2933909296989441,0.05688178539276123,-0.7284618020057678,0.26936832070350649,-0.6299081444740295,-0.5801184773445129,0.24655961990356446,0.7763188481330872,0.3644256889820099,0.9309398531913757,-0.02334384247660637],"EasingStyle":"Linear","EasingDirection":"In"}}},{"Time":0.30000001192092898,"poses":{"Left Leg":{"Weight":1,"CFrame":[-0.5448637008666992,0.13815391063690186,0.019136905670166017,0.9701151251792908,-0.24057045578956605,0.031664539128541949,0.24102894961833955,0.9704497456550598,-0.011502732522785664,-0.027961667627096177,0.018791023641824724,0.9994324445724487],"EasingStyle":"Linear","EasingDirection":"In"},"Right Arm":{"Weight":1,"CFrame":[-0.17517152428627015,-0.5892786979675293,0.14770853519439698,0.9375078678131104,0.11589568853378296,-0.32809656858444216,0.254358172416687,0.4151723384857178,0.8734608292579651,0.2374468892812729,-0.9023303389549255,0.3597484230995178],"EasingStyle":"Linear","EasingDirection":"In"},"Head":{"Weight":1,"CFrame":[1.0186340659856796e-7,-3.958120942115784e-9,3.5762786865234377e-7,0.9860637784004211,-0.12050957977771759,0.11469805985689163,0.13050174713134767,0.9878840446472168,-0.08399095386266709,-0.10318664461374283,0.0977887362241745,0.9898433685302734],"EasingStyle":"Linear","EasingDirection":"In"},"Right Leg":{"Weight":1,"CFrame":[0.7497056126594544,0.8471450209617615,-0.028265714645385743,0.9148067831993103,0.3901067078113556,-0.10461976379156113,-0.3757062554359436,0.9169906973838806,0.13406305015087129,0.1482343077659607,-0.0833355113863945,0.9854348301887512],"EasingStyle":"Linear","EasingDirection":"In"},"Torso":{"Weight":1,"CFrame":[-0.03733590990304947,0.0281827375292778,-0.22711992263793946,0.9985687136650086,-0.02612369880080223,-0.04666997119784355,0.02778126671910286,0.9989930987358093,0.0352284237742424,0.04570268094539642,-0.036474552005529407,0.9982889890670776],"EasingStyle":"Linear","EasingDirection":"In"},"HumanoidRootPart":{"Weight":1,"CFrame":[0,0,0,1,0,0,0,1,0,0,0,1],"EasingStyle":"Linear","EasingDirection":"In"},"Left Arm":{"Weight":1,"CFrame":[-0.49667268991470339,-0.2871158719062805,0.05338132381439209,-0.7288768887519836,0.2543741464614868,-0.6356353759765625,-0.5588972568511963,0.31516847014427187,0.767008900642395,0.3954395651817322,0.9143099784851074,-0.0875500813126564],"EasingStyle":"Linear","EasingDirection":"In"}}},{"Time":0.3333333432674408,"poses":{"Left Leg":{"Weight":1,"CFrame":[-0.5191059708595276,0.13284015655517579,-0.01867210865020752,0.9816344380378723,-0.18771809339523316,-0.03399994969367981,0.1881505399942398,0.982089638710022,0.009973019361495972,0.0315188467502594,-0.01618700847029686,0.9993720650672913],"EasingStyle":"Linear","EasingDirection":"In"},"Right Arm":{"Weight":1,"CFrame":[-0.1750154197216034,-0.6055800914764404,0.14520597457885743,0.9379571676254273,0.11638724058866501,-0.32663512229919436,0.24930410087108613,0.4283677339553833,0.8685323596000671,0.24100595712661744,-0.896077573299408,0.3727749288082123],"EasingStyle":"Linear","EasingDirection":"In"},"Head":{"Weight":1,"CFrame":[9.220093488693237e-8,-8.381903171539307e-9,2.384185791015625e-7,0.990027666091919,-0.08832824975252152,0.10974312573671341,0.09830465167760849,0.9911606907844544,-0.08908829838037491,-0.10090405493974686,0.0989881157875061,0.9899595379829407],"EasingStyle":"Linear","EasingDirection":"In"},"Right Leg":{"Weight":1,"CFrame":[0.7677983045578003,0.7541104555130005,0.058042168617248538,0.8796100616455078,0.444597065448761,-0.1691732555627823,-0.43131816387176516,0.8954018950462341,0.1105446070432663,0.20062588155269624,-0.024268636479973794,0.9793673753738403],"EasingStyle":"Linear","EasingDirection":"In"},"Torso":{"Weight":1,"CFrame":[-0.021457117050886155,0.029448360204696657,-0.18061447143554688,0.9954076409339905,-0.09189234673976898,-0.026821481063961984,0.09284655004739762,0.9949997663497925,0.03681044280529022,0.02330476976931095,-0.03913167864084244,0.9989622831344605],"EasingStyle":"Linear","EasingDirection":"In"},"HumanoidRootPart":{"Weight":1,"CFrame":[0,0,0,1,0,0,0,1,0,0,0,1],"EasingStyle":"Linear","EasingDirection":"In"},"Left Arm":{"Weight":1,"CFrame":[-0.4961460828781128,-0.27215248346328738,0.05212974548339844,-0.7195070385932922,0.2536211311817169,-0.6465184688568115,-0.5488796234130859,0.36268308758735659,0.753121554851532,0.42548882961273196,0.8967370390892029,-0.12174568325281143],"EasingStyle":"Linear","EasingDirection":"In"}}},{"Time":0.36666667461395266,"poses":{"Left Leg":{"Weight":1,"CFrame":[-0.45748746395111086,0.12214648723602295,-0.031111180782318116,0.9904574155807495,-0.12317033857107163,-0.061832692474126819,0.1253385841846466,0.9915818572044373,0.0324922651052475,0.0573100708425045,-0.03993218392133713,0.997557520866394],"EasingStyle":"Linear","EasingDirection":"In"},"Right Arm":{"Weight":1,"CFrame":[-0.1745917648077011,-0.6194257140159607,0.1439208984375,0.9380735158920288,0.11558252573013306,-0.32658669352531435,0.2461661547422409,0.4409264028072357,0.863125741481781,0.24376288056373597,-0.8900699615478516,0.3851690888404846],"EasingStyle":"Linear","EasingDirection":"In"},"Head":{"Weight":1,"CFrame":[8.707866072654724e-8,1.0477378964424134e-9,-1.1920928955078126e-7,0.9926249980926514,-0.06340494751930237,0.10332232713699341,0.07311554253101349,0.9929705262184143,-0.09307844191789627,-0.09669438004493714,0.09994645416736603,0.9902833104133606],"EasingStyle":"Linear","EasingDirection":"In"},"Right Leg":{"Weight":1,"CFrame":[0.7791008353233337,0.5846529006958008,0.1257573366165161,0.8623263835906982,0.465352863073349,-0.19959905743598939,-0.45995351672172549,0.8847236633300781,0.07554426789283753,0.2117447853088379,0.026662494987249376,0.9769613146781921],"EasingStyle":"Linear","EasingDirection":"In"},"Torso":{"Weight":1,"CFrame":[-0.00455258134752512,0.022018320858478547,-0.12899231910705567,0.9927103519439697,-0.12038994580507279,-0.00569081399589777,0.12050177156925202,0.9923315048217773,0.027522893622517587,0.002333694137632847,-0.02800801582634449,0.9996050000190735],"EasingStyle":"Linear","EasingDirection":"In"},"HumanoidRootPart":{"Weight":1,"CFrame":[0,0,0,1,0,0,0,1,0,0,0,1],"EasingStyle":"Linear","EasingDirection":"In"},"Left Arm":{"Weight":1,"CFrame":[-0.49544453620910647,-0.2542933225631714,0.05178272724151611,-0.7057892084121704,0.25974133610725405,-0.6590874195098877,-0.5456025004386902,0.3941235840320587,0.7395840287208557,0.4518624246120453,0.8815901875495911,-0.13645261526107789],"EasingStyle":"Linear","EasingDirection":"In"}}},{"Time":0.4000000059604645,"poses":{"Left Leg":{"Weight":1,"CFrame":[-0.3801964819431305,0.11547321081161499,-0.020715415477752687,0.997145414352417,-0.06329065561294556,-0.04117609187960625,0.06544370204210282,0.9964354038238525,0.053231414407491687,0.037660229951143268,-0.05577413737773895,0.997732937335968],"EasingStyle":"Linear","EasingDirection":"In"},"Right Arm":{"Weight":1,"CFrame":[-0.17376673221588136,-0.6290369033813477,0.14344727993011475,0.9381862878799439,0.114157535135746,-0.32676395773887637,0.24432194232940675,0.45030027627944949,0.858799397945404,0.24518021941184998,-0.8855494260787964,0.39457446336746218],"EasingStyle":"Linear","EasingDirection":"In"},"Head":{"Weight":1,"CFrame":[9.540235623717308e-8,2.3283064365386965e-10,-5.960464477539063e-8,0.9943757057189941,-0.044792674481868747,0.09597167372703552,0.05404084175825119,0.9939095377922058,-0.09603945910930634,-0.0910852700471878,0.10068569332361222,0.9907400608062744],"EasingStyle":"Linear","EasingDirection":"In"},"Right Leg":{"Weight":1,"CFrame":[0.7246745824813843,0.3927251100540161,0.13074982166290284,0.895617663860321,0.40505731105804446,-0.18384099006652833,-0.40591859817504885,0.9132519364356995,0.034657400101423267,0.18193145096302033,0.04358465224504471,0.9823448657989502],"EasingStyle":"Linear","EasingDirection":"In"},"Torso":{"Weight":1,"CFrame":[0.012119155377149582,0.0034483643248677255,-0.08728647232055664,0.9947661757469177,-0.10104930400848389,0.015148861333727837,0.1009950041770935,0.9948775768280029,0.004310447722673416,-0.015506831929087639,-0.002757927868515253,0.9998759627342224],"EasingStyle":"Linear","EasingDirection":"In"},"HumanoidRootPart":{"Weight":1,"CFrame":[0,0,0,1,0,0,0,1,0,0,0,1],"EasingStyle":"Linear","EasingDirection":"In"},"Left Arm":{"Weight":1,"CFrame":[-0.49471211433410647,-0.2393299639225006,0.05099666118621826,-0.693138837814331,0.26713675260543826,-0.6694748401641846,-0.5457724928855896,0.4121944308280945,0.7295396327972412,0.47084078192710879,0.8710532188415527,-0.13991200923919679],"EasingStyle":"Linear","EasingDirection":"In"}}},{"Time":0.4333333373069763,"poses":{"Left Leg":{"Weight":1,"CFrame":[-0.33761799335479739,0.12413805723190308,-0.0049326419830322269,0.9993162751197815,-0.03622279688715935,0.0074089099653065208,0.035619668662548068,0.9969325661659241,0.06969019025564194,-0.009910570457577706,-0.06937859952449799,0.9975412487983704],"EasingStyle":"Linear","EasingDirection":"In"},"Right Arm":{"Weight":1,"CFrame":[-0.17240652441978455,-0.6326357126235962,0.14337968826293946,0.9386131167411804,0.11282581835985184,-0.3259998857975006,0.24317751824855805,0.4538824260234833,0.8572371602058411,0.24468399584293366,-0.8838897943496704,0.39858323335647585],"EasingStyle":"Linear","EasingDirection":"In"},"Head":{"Weight":1,"CFrame":[8.66129994392395e-8,3.958120942115784e-9,2.384185791015625e-7,0.9955960512161255,-0.03158130124211311,0.0882687121629715,0.040241941809654239,0.9943600296974182,-0.09812664985656738,-0.08467192947864533,0.10124658793210983,0.9912516474723816],"EasingStyle":"Linear","EasingDirection":"In"},"Right Leg":{"Weight":1,"CFrame":[0.5869553685188294,0.237018883228302,0.0868903398513794,0.9533734917640686,0.2678139805793762,-0.13912057876586915,-0.27017197012901308,0.9628099799156189,0.0020069244783371689,0.134484201669693,0.0356731079518795,0.9902734160423279],"EasingStyle":"Linear","EasingDirection":"In"},"Torso":{"Weight":1,"CFrame":[0.025605134665966035,-0.019699372351169587,-0.07072997093200684,0.9980282783508301,-0.053992606699466708,0.032006338238716128,0.05479126796126366,0.99819415807724,-0.02462422102689743,-0.03061901032924652,0.026329336687922479,0.9991843104362488],"EasingStyle":"Linear","EasingDirection":"In"},"HumanoidRootPart":{"Weight":1,"CFrame":[0,0,0,1,0,0,0,1,0,0,0,1],"EasingStyle":"Linear","EasingDirection":"In"},"Left Arm":{"Weight":1,"CFrame":[-0.4940929412841797,-0.2330550253391266,0.04842674732208252,-0.6875207424163818,0.2707470953464508,-0.6738035678863525,-0.5464954376220703,0.4181061089038849,0.7256239652633667,0.4781818985939026,0.8671121597290039,-0.13949456810951234],"EasingStyle":"Linear","EasingDirection":"In"}}},{"Time":0.46666666865348818,"poses":{"Left Leg":{"Weight":1,"CFrame":[-0.3273732364177704,0.1414879560470581,0.01276707649230957,0.997051477432251,-0.04044846072793007,0.06520922482013703,0.0351807102560997,0.9961738586425781,0.0799994096159935,-0.06819560378789902,-0.07746941596269608,0.9946597814559937],"EasingStyle":"Linear","EasingDirection":"In"},"Right Arm":{"Weight":1,"CFrame":[-0.1662028431892395,-0.5930294990539551,0.1590876579284668,0.9388580918312073,0.1098940521478653,-0.32629579305648806,0.25547635555267336,0.41297680139541628,0.8741750121116638,0.23081916570663453,-0.9040871262550354,0.3596512973308563],"EasingStyle":"Linear","EasingDirection":"In"},"Head":{"Weight":1,"CFrame":[6.195841706357896e-8,-7.363269105553627e-9,2.384185791015625e-7,0.9964709877967835,-0.022847836837172509,0.0807686448097229,0.03086940571665764,0.9945580959320068,-0.09950608760118485,-0.07805560529232025,0.10164821147918701,0.9917535185813904],"EasingStyle":"Linear","EasingDirection":"In"},"Right Leg":{"Weight":1,"CFrame":[0.3814714848995209,0.11532461643218994,0.035880327224731448,0.9929010272026062,0.08462285995483399,-0.08358576148748398,-0.08638180792331696,0.9961058497428894,-0.017649997025728227,0.08176671713590622,0.024744946509599687,0.996344268321991],"EasingStyle":"Linear","EasingDirection":"In"},"Torso":{"Weight":1,"CFrame":[0.03369325399398804,-0.039866022765636447,-0.07209920883178711,0.9991096258163452,0.002519110916182399,0.04211649298667908,-0.0004175807407591492,0.9987576007843018,-0.049832534044981,-0.04218969866633415,0.04977057874202728,0.9978691935539246],"EasingStyle":"Linear","EasingDirection":"In"},"HumanoidRootPart":{"Weight":1,"CFrame":[0,0,0,1,0,0,0,1,0,0,0,1],"EasingStyle":"Linear","EasingDirection":"In"},"Left Arm":{"Weight":1,"CFrame":[-0.49364957213401797,-0.25600460171699526,0.043103814125061038,-0.6808196306228638,0.27753475308418276,-0.6778340935707092,-0.5637176632881165,0.39233484864234927,0.7268396019935608,0.46766120195388796,0.8769537806510925,-0.11065814644098282],"EasingStyle":"Linear","EasingDirection":"In"}}},{"Time":0.5,"poses":{"Left Leg":{"Weight":1,"CFrame":[-0.42539119720458987,0.20118898153305055,0.03616142272949219,0.9863533973693848,-0.1200873851776123,0.11263199150562287,0.1108371913433075,0.9901887774467468,0.08509568870067597,-0.12174589931964874,-0.0714506283402443,0.9899863004684448],"EasingStyle":"Linear","EasingDirection":"In"},"Right Arm":{"Weight":1,"CFrame":[-0.15217804908752442,-0.48718515038490298,0.2004997730255127,0.9380148649215698,0.10333523899316788,-0.3308323621749878,0.2879847586154938,0.29874974489212038,0.9098424911499023,0.1928548663854599,-0.948720395565033,0.25047287344932558],"EasingStyle":"Linear","EasingDirection":"In"},"Head":{"Weight":1,"CFrame":[8.707866072654724e-8,2.8870999813079835e-8,1.1920928955078126e-7,0.997100830078125,-0.017665794119238855,0.07401220500469208,0.02507012151181698,0.9946373701095581,-0.10034003108739853,-0.07184270024299622,0.10190466046333313,0.9921966791152954],"EasingStyle":"Linear","EasingDirection":"In"},"Right Leg":{"Weight":1,"CFrame":[0.2191159427165985,0.04948592185974121,0.009685873985290528,0.9979701042175293,-0.052075523883104327,-0.03665982559323311,0.05123103782534599,0.998407781124115,-0.02360927127301693,0.037830986082553866,0.021683217957615854,0.9990488886833191],"EasingStyle":"Linear","EasingDirection":"In"},"Torso":{"Weight":1,"CFrame":[0.03572382032871246,-0.04884903132915497,-0.0749063491821289,0.997769296169281,0.049624886363744739,0.04465469717979431,-0.046855539083480838,0.9970336556434631,-0.061061277985572818,-0.047552403062582019,0.058832742273807529,0.9971346259117127],"EasingStyle":"Linear","EasingDirection":"In"},"HumanoidRootPart":{"Weight":1,"CFrame":[0,0,0,1,0,0,0,1,0,0,0,1],"EasingStyle":"Linear","EasingDirection":"In"},"Left Arm":{"Weight":1,"CFrame":[-0.49311888217926028,-0.3172261118888855,0.03555738925933838,-0.6633851528167725,0.29710647463798525,-0.6867662072181702,-0.6086825132369995,0.31956836581230166,0.7262105345726013,0.43523070216178896,0.8997798562049866,-0.031153526157140733],"EasingStyle":"Linear","EasingDirection":"In"}}},{"Time":0.5333333611488342,"poses":{"Left Leg":{"Weight":1,"CFrame":[-0.5609226226806641,0.2844356298446655,0.055783867835998538,0.9653676748275757,-0.22568227350711823,0.13089238107204438,0.21570511162281037,0.9726514220237732,0.08614290505647659,-0.14675363898277284,-0.05492539703845978,0.9876469969749451],"EasingStyle":"Linear","EasingDirection":"In"},"Right Arm":{"Weight":1,"CFrame":[-0.1321941465139389,-0.33456113934516909,0.2590477466583252,0.9354954957962036,0.09405428171157837,-0.3405907154083252,0.3284175395965576,0.12413568794727326,0.9363398551940918,0.1303461492061615,-0.9877976775169373,0.0852394551038742],"EasingStyle":"Linear","EasingDirection":"In"},"Head":{"Weight":1,"CFrame":[7.869675755500794e-8,6.984919309616089e-9,3.5762786865234377e-7,0.9975345730781555,-0.015108950436115265,0.06853223592042923,0.021989159286022188,0.9946659207344055,-0.10077870637178421,-0.06664402037858963,0.10203719884157181,0.9925457835197449],"EasingStyle":"Linear","EasingDirection":"In"},"Right Leg":{"Weight":1,"CFrame":[0.2516137957572937,0.05828779935836792,0.005592823028564453,0.9992874264717102,-0.033573098480701449,-0.017246652394533159,0.03324991092085838,0.999272346496582,-0.01869313232600689,0.0178617425262928,0.018106374889612199,0.9996765851974487],"EasingStyle":"Linear","EasingDirection":"In"},"Torso":{"Weight":1,"CFrame":[0.03281056880950928,-0.04095780849456787,-0.08036136627197266,0.9967800378799439,0.06890222430229187,0.04101312533020973,-0.06677313148975373,0.9964538216590881,-0.05119726434350014,-0.044395290315151218,0.048293836414813998,0.9978460669517517],"EasingStyle":"Linear","EasingDirection":"In"},"HumanoidRootPart":{"Weight":1,"CFrame":[0,0,0,1,0,0,0,1,0,0,0,1],"EasingStyle":"Linear","EasingDirection":"In"},"Left Arm":{"Weight":1,"CFrame":[-0.4921565353870392,-0.4052792489528656,0.026691436767578126,-0.6397081017494202,0.3286980390548706,-0.6947886943817139,-0.6695173978805542,0.20568852126598359,0.7137497663497925,0.3775182366371155,0.9217645525932312,0.08848834782838822],"EasingStyle":"Linear","EasingDirection":"In"}}},{"Time":0.5666666626930237,"poses":{"Left Leg":{"Weight":1,"CFrame":[-0.6389546990394592,0.31914740800857546,0.04524648189544678,0.9549666047096252,-0.2780860960483551,0.10347374528646469,0.2706812918186188,0.959333062171936,0.08007433265447617,-0.1215333640575409,-0.04845992475748062,0.9914037585258484],"EasingStyle":"Linear","EasingDirection":"In"},"Right Arm":{"Weight":1,"CFrame":[-0.1081133633852005,-0.15461808443069459,0.3261638879776001,0.9306239485740662,0.08378621935844422,-0.3562569320201874,0.36293014883995058,-0.08593602478504181,0.9278451800346375,0.04712526872754097,-0.9927712678909302,-0.1103825718164444],"EasingStyle":"Linear","EasingDirection":"In"},"Head":{"Weight":1,"CFrame":[7.450580596923828e-8,8.614733815193177e-9,4.76837158203125e-7,0.9977927207946777,-0.014252370223402977,0.06485769897699356,0.020770089700818063,0.9946740865707398,-0.100956030189991,-0.06307341903448105,0.10208030790090561,0.9927745461463928],"EasingStyle":"Linear","EasingDirection":"In"},"Right Leg":{"Weight":1,"CFrame":[0.297277569770813,0.0733451247215271,0.013744473457336426,0.9984809756278992,0.03459950163960457,-0.04287879168987274,-0.034930307418107989,0.9993653893470764,-0.0069882930256426338,0.042609844356775287,0.008475424721837044,0.9990558624267578],"EasingStyle":"Linear","EasingDirection":"In"},"Torso":{"Weight":1,"CFrame":[0.02640463411808014,-0.020962249487638475,-0.0910799503326416,0.9985252022743225,0.0431070402264595,0.03300571069121361,-0.042251210659742358,0.998763382434845,-0.026202812790870668,-0.034094419330358508,0.024769632145762445,0.9991117119789124],"EasingStyle":"Linear","EasingDirection":"In"},"HumanoidRootPart":{"Weight":1,"CFrame":[0,0,0,1,0,0,0,1,0,0,0,1],"EasingStyle":"Linear","EasingDirection":"In"},"Left Arm":{"Weight":1,"CFrame":[-0.4904176592826843,-0.5087235569953919,0.017409801483154298,-0.6157358288764954,0.36987006664276125,-0.6957480907440186,-0.7313079237937927,0.06048370525240898,0.6793603897094727,0.2933565378189087,0.9271126985549927,0.23324686288833619],"EasingStyle":"Linear","EasingDirection":"In"}}},{"Time":0.6000000238418579,"poses":{"Left Leg":{"Weight":1,"CFrame":[-0.6301082968711853,0.263411283493042,0.011958837509155274,0.964363157749176,-0.261015921831131,0.04329599067568779,0.25804847478866579,0.9640114903450012,0.0639764741063118,-0.05843675881624222,-0.05052410811185837,0.9970117807388306],"EasingStyle":"Linear","EasingDirection":"In"},"Right Arm":{"Weight":1,"CFrame":[-0.08179769665002823,0.033184587955474856,0.3932797908782959,0.9230527281761169,0.07430845499038696,-0.3774280846118927,0.38195937871932986,-0.293398380279541,0.8763700723648071,-0.04561510682106018,-0.953097939491272,-0.2992047667503357],"EasingStyle":"Linear","EasingDirection":"In"},"Head":{"Weight":1,"CFrame":[7.685594027861953e-8,-4.0745362639427187e-10,2.384185791015625e-7,0.9978802800178528,-0.01417205948382616,0.06351582705974579,0.020554684102535249,0.9946750402450562,-0.10099070519208908,-0.061746373772621158,0.10208216309547425,0.9928578734397888],"EasingStyle":"Linear","EasingDirection":"In"},"Right Leg":{"Weight":1,"CFrame":[0.3418349325656891,0.08961957693099976,0.03650212287902832,0.9865790009498596,0.12774813175201417,-0.10169803351163864,-0.1271795630455017,0.991806149482727,0.012082582339644432,0.10240833461284638,0.0010134635958820582,0.9947419762611389],"EasingStyle":"Linear","EasingDirection":"In"},"Torso":{"Weight":1,"CFrame":[0.015972591936588289,0.0029620500281453134,-0.10987472534179688,0.99967360496521,-0.01594024896621704,0.019965652376413347,0.01586938463151455,0.99986732006073,0.0037025618366897108,-0.020022021606564523,-0.0033845112193375828,0.9997938275337219],"EasingStyle":"Linear","EasingDirection":"In"},"HumanoidRootPart":{"Weight":1,"CFrame":[0,0,0,1,0,0,0,1,0,0,0,1],"EasingStyle":"Linear","EasingDirection":"In"},"Left Arm":{"Weight":1,"CFrame":[-0.48755785822868349,-0.616118311882019,0.008617043495178223,-0.5985716581344605,0.4145665168762207,-0.6854535937309265,-0.7783727049827576,-0.09875219315290451,0.6199871897697449,0.1893359124660492,0.9046450853347778,0.38179734349250796],"EasingStyle":"Linear","EasingDirection":"In"}}},{"Time":0.6333333253860474,"poses":{"Left Leg":{"Weight":1,"CFrame":[-0.5582770705223084,0.17925244569778443,-0.02016836404800415,0.9792183041572571,-0.20144973695278169,-0.023442678153514863,0.20230163633823396,0.9783928990364075,0.042677707970142367,0.01433869730681181,-0.04653329402208328,0.998813807964325],"EasingStyle":"Linear","EasingDirection":"In"},"Right Arm":{"Weight":1,"CFrame":[-0.055109310895204547,0.20938754081726075,0.4518280029296875,0.912915825843811,0.06608517467975617,-0.40276238322257998,0.38581717014312746,-0.4616609513759613,0.7987580299377441,-0.13315372169017793,-0.8845914006233215,-0.4469543993473053],"EasingStyle":"Linear","EasingDirection":"In"},"Head":{"Weight":1,"CFrame":[8.847564458847046e-8,5.587935447692871e-9,-5.960464477539063e-8,0.9978016018867493,-0.014807035215198994,0.06459709256887436,0.021267538890242578,0.9947