{"Sequence":[{"Time":0,"poses":{"Left Leg":{"Weight":1,"CFrame":[-0.20137788355350495,0.18921977281570435,0.008376479148864746,0.9814345240592957,-0.012737566605210305,0.19137398898601533,-0.005660362541675568,0.9954341650009155,0.09528294950723648,-0.19171389937400819,-0.0945972129702568,0.9768813252449036],"EasingStyle":"Linear","EasingDirection":"Out"},"Right Arm":{"Weight":1,"CFrame":[-0.061139948666095737,-0.15484017133712769,0.0036727190017700197,0.9849860072135925,0.11776375770568848,-0.12623107433319093,-0.09566959738731384,0.9810141921043396,0.16869625449180604,0.14370079338550569,-0.15408696234226228,0.9775516986846924],"EasingStyle":"Linear","EasingDirection":"Out"},"Left Arm":{"Weight":1,"CFrame":[-0.04939916729927063,-0.08810332417488098,0.0029674768447875978,0.9842782616615295,0.1317281723022461,-0.11766067147254944,-0.11835348606109619,0.98637855052948,0.11423594504594803,0.13110603392124177,-0.09851440042257309,0.9864614009857178],"EasingStyle":"Linear","EasingDirection":"Out"},"Right Leg":{"Weight":1,"CFrame":[-0.01504373550415039,0.1744402050971985,0.014535784721374512,0.9685949683189392,0.21666929125785829,-0.1219760999083519,-0.2079256772994995,0.9748263955116272,0.08050090074539185,0.13634759187698365,-0.05261080712080002,0.9892630577087402],"EasingStyle":"Linear","EasingDirection":"Out"},"Torso":{"Weight":1,"CFrame":[0.007432425860315561,0.08365023136138916,-0.1598219871520996,0.9982005953788757,0.05996336787939072,-1.1574756797472219e-7,-0.05988847091794014,0.9969539046287537,0.049963366240262988,0.0029960868414491417,-0.04987345635890961,0.9987510442733765],"EasingStyle":"Linear","EasingDirection":"Out"},"HumanoidRootPart":{"Weight":0,"CFrame":[0,0,0,1,0,0,0,1,0,0,0,1],"EasingStyle":"Linear","EasingDirection":"In"},"Head":{"Weight":1,"CFrame":[1.494772732257843e-7,-9.807990863919258e-9,1.1920928955078126e-7,0.9975519776344299,-0.06979425251483917,0.0043430025689303879,0.06992708146572113,0.9951077103614807,-0.06979164481163025,0.0005493007483892143,0.0699244886636734,0.9975521564483643],"EasingStyle":"Linear","EasingDirection":"Out"}}},{"Time":0.01666666753590107,"poses":{"Left Leg":{"Weight":1,"CFrame":[-0.1988219916820526,0.18446815013885499,0.008031725883483887,0.9813171625137329,-0.011571672745049,0.1920488476753235,-0.00682458933442831,0.9954679608345032,0.09485257416963577,-0.19227609038352967,-0.0943911001086235,0.9767907857894898],"EasingStyle":"Linear","EasingDirection":"Out"},"Right Arm":{"Weight":1,"CFrame":[-0.052460767328739169,-0.154526948928833,0.006590723991394043,0.9848578572273254,0.1169060543179512,-0.12801548838615418,-0.09385393559932709,0.9803925156593323,0.17326852679252625,0.14576159417629243,-0.1586301177740097,0.9765193462371826],"EasingStyle":"Linear","EasingDirection":"Out"},"Left Arm":{"Weight":1,"CFrame":[-0.048062391579151157,-0.09326621890068054,0.0013191699981689454,0.982045590877533,0.1394008994102478,-0.12709757685661317,-0.12505406141281129,0.9855037331581116,0.11464685946702957,0.14123700559139253,-0.09669437259435654,0.9852422475814819],"EasingStyle":"Linear","EasingDirection":"Out"},"Right Leg":{"Weight":1,"CFrame":[-0.0182710662484169,0.17113691568374635,0.014159679412841797,0.9691500067710877,0.2144666463136673,-0.12145914882421494,-0.2056909054517746,0.9752727746963501,0.08083526045084,0.13579228520393372,-0.053358446806669238,0.9892994165420532],"EasingStyle":"Linear","EasingDirection":"Out"},"Torso":{"Weight":1,"CFrame":[0.007432424928992987,0.08365023136138916,-0.15533828735351563,0.9981633424758911,0.06057940050959587,-0.0003188398259226233,-0.06048869714140892,0.9969304800033569,0.04970630258321762,0.0033290390856564047,-0.049595724791288379,0.9987637996673584],"EasingStyle":"Linear","EasingDirection":"Out"},"HumanoidRootPart":{"Weight":0,"CFrame":[0,0,0,1,0,0,0,1,0,0,0,1],"EasingStyle":"Linear","EasingDirection":"In"},"Head":{"Weight":1,"CFrame":[1.5273690223693848e-7,5.471520125865936e-9,0,0.9975086450576782,-0.07038864493370056,0.004682148341089487,0.07054382562637329,0.9950897693634033,-0.06942591816186905,0.00022763812739867717,0.06958325952291489,0.997576117515564],"EasingStyle":"Linear","EasingDirection":"Out"}}},{"Time":0.03333333507180214,"poses":{"Left Leg":{"Weight":1,"CFrame":[-0.19372765719890595,0.17323482036590577,0.007382512092590332,0.9809502959251404,-0.009180765599012375,0.19404180347919465,-0.009211781434714795,0.9955604672431946,0.0936720073223114,-0.19404037296772004,-0.09367503225803375,0.9765108227729797],"EasingStyle":"Linear","EasingDirection":"Out"},"Right Arm":{"Weight":1,"CFrame":[-0.030333589762449266,-0.1535361111164093,0.014565706253051758,0.9852482080459595,0.1080058366060257,-0.1327429711818695,-0.08171355724334717,0.9784519076347351,0.18961744010448457,0.15036240220069886,-0.17597337067127229,0.9728435277938843],"EasingStyle":"Linear","EasingDirection":"Out"},"Left Arm":{"Weight":1,"CFrame":[-0.04512149095535278,-0.10699087381362915,-0.0023067593574523927,0.9744142889976502,0.16586390137672425,-0.1516771912574768,-0.14898434281349183,0.9819336533546448,0.11666151881217957,0.16828688979148866,-0.09107916057109833,0.9815213084220886],"EasingStyle":"Linear","EasingDirection":"Out"},"Right Leg":{"Weight":1,"CFrame":[-0.02470744028687477,0.16338467597961427,0.013445138931274414,0.9704769253730774,0.20929062366485597,-0.11988324671983719,-0.20044493675231934,0.9762880206108093,0.08175256103277207,0.13415059447288514,-0.0553089901804924,0.989416241645813],"EasingStyle":"Linear","EasingDirection":"Out"},"Torso":{"Weight":1,"CFrame":[0.007432423532009125,0.08365023136138916,-0.14482784271240235,0.9980475902557373,0.062446486204862598,-0.0012140462640672923,-0.06231269985437393,0.9968595504760742,0.04886943846940994,0.004261958412826061,-0.04869836941361427,0.9988044500350952],"EasingStyle":"Linear","EasingDirection":"Out"},"HumanoidRootPart":{"Weight":0,"CFrame":[0,0,0,1,0,0,0,1,0,0,0,1],"EasingStyle":"Linear","EasingDirection":"In"},"Head":{"Weight":1,"CFrame":[1.5133991837501527e-7,2.6193447411060335e-9,-1.7881393432617188e-7,0.9973745346069336,-0.07219810038805008,0.005609755404293537,0.07241252064704895,0.9950599074363709,-0.06791313737630844,-0.000678844575304538,0.06814105063676834,0.9976754784584045],"EasingStyle":"Linear","EasingDirection":"Out"}}},{"Time":0.05000000074505806,"poses":{"Left Leg":{"Weight":1,"CFrame":[-0.18995270133018495,0.16007393598556519,0.006996870040893555,0.9803156852722168,-0.007218183483928442,0.19730457663536073,-0.011167386546730996,0.9957044720649719,0.09191242605447769,-0.19712050259113313,-0.09230659902095795,0.9760240912437439],"EasingStyle":"Linear","EasingDirection":"Out"},"Right Arm":{"Weight":1,"CFrame":[-0.0006239861249923706,-0.15179234743118287,0.026428699493408204,0.9868127703666687,0.08108293265104294,-0.14009331166744233,-0.04850956052541733,0.9738519191741943,0.22194421291351319,0.15442606806755067,-0.21222154796123506,0.9649428129196167],"EasingStyle":"Linear","EasingDirection":"Out"},"Left Arm":{"Weight":1,"CFrame":[-0.04218057543039322,-0.12726733088493348,-0.005932867527008057,0.958505392074585,0.21626615524291993,-0.18573196232318879,-0.1958782821893692,0.9729982018470764,0.12209094315767288,0.20712102949619294,-0.08064398169517517,0.9749858975410461],"EasingStyle":"Linear","EasingDirection":"Out"},"Right Leg":{"Weight":1,"CFrame":[-0.029645897448062898,0.15449047088623048,0.01297914981842041,0.9720954298973084,0.20320281386375428,-0.11721381545066834,-0.19429117441177369,0.977415144443512,0.08313006162643433,0.13145877420902253,-0.05803674831986427,0.9896212816238403],"EasingStyle":"Linear","EasingDirection":"Out"},"Torso":{"Weight":1,"CFrame":[0.0074324216693639759,0.08365023136138916,-0.13270235061645509,0.9978431463241577,0.06559211760759354,-0.0025962558574974539,-0.06539606302976608,0.9967350959777832,0.04735548049211502,0.005693925078958273,-0.04708355665206909,0.9988747239112854],"EasingStyle":"Linear","EasingDirection":"Out"},"HumanoidRootPart":{"Weight":0,"CFrame":[0,0,0,1,0,0,0,1,0,0,0,1],"EasingStyle":"Linear","EasingDirection":"In"},"Head":{"Weight":1,"CFrame":[1.51805579662323e-7,1.4435499906539917e-8,0,0.9971390962600708,-0.07526534795761109,0.006983214057981968,0.07555985450744629,0.9950446486473084,-0.06462812423706055,-0.002084350446239114,0.06497088819742203,0.99788498878479],"EasingStyle":"Linear","EasingDirection":"Out"}}},{"Time":0.06666667014360428,"poses":{"Left Leg":{"Weight":1,"CFrame":[-0.19061309099197389,0.14956778287887574,0.0073163509368896488,0.979401171207428,-0.0069772773422300819,0.20180350542068482,-0.011401057243347168,0.9958977103233337,0.08976487070322037,-0.20160196721553803,-0.09021659195423126,0.9753038287162781],"EasingStyle":"Linear","EasingDirection":"Out"},"Right Arm":{"Weight":1,"CFrame":[0.030802547931671144,-0.14922043681144715,0.041010499000549319,0.988144040107727,0.02487351931631565,-0.15150131285190583,0.017922069877386094,0.9613545536994934,0.27472928166389468,0.15247996151447297,-0.274187296628952,0.9495110511779785],"EasingStyle":"Linear","EasingDirection":"Out"},"Left Arm":{"Weight":1,"CFrame":[-0.04084377735853195,-0.1526395082473755,-0.007581055164337158,0.9289575815200806,0.29536396265029909,-0.22315455973148347,-0.27104535698890688,0.9532750248908997,0.13342079520225526,0.25213536620140078,-0.06345728039741516,0.965609073638916],"EasingStyle":"Linear","EasingDirection":"Out"},"Right Leg":{"Weight":1,"CFrame":[-0.028737396001815797,0.1479308009147644,0.013225078582763672,0.9735990762710571,0.19809140264987946,-0.11342233419418335,-0.18915709853172303,0.9782736301422119,0.0848545953631401,0.12776707112789155,-0.06115971505641937,0.9899166822433472],"EasingStyle":"Linear","EasingDirection":"Out"},"Torso":{"Weight":1,"CFrame":[0.007432420272380114,0.08365023136138916,-0.12337350845336914,0.997534453868866,0.07004208862781525,-0.004378973506391048,-0.06977470964193344,0.9965441823005676,0.04506862536072731,0.007520540617406368,-0.04465196281671524,0.9989743232727051],"EasingStyle":"Linear","EasingDirection":"Out"},"HumanoidRootPart":{"Weight":0,"CFrame":[0,0,0,1,0,0,0,1,0,0,0,1],"EasingStyle":"Linear","EasingDirection":"In"},"Head":{"Weight":1,"CFrame":[1.5296973288059235e-7,-3.370223566889763e-8,-5.960464477539063e-8,0.99678635597229,-0.07963834702968598,0.008643039502203465,0.08001068979501724,0.9950497150421143,-0.05894385650753975,-0.003906063735485077,0.05944596230983734,0.9982239007949829],"EasingStyle":"Linear","EasingDirection":"Out"}}},{"Time":0.0833333358168602,"poses":{"Left Leg":{"Weight":1,"CFrame":[-0.2015509009361267,0.15273112058639527,0.009006619453430176,0.9781813621520996,-0.010994716547429562,0.20746159553527833,-0.007394734304398298,0.9961232542991638,0.08765717595815659,-0.20762105286121369,-0.08727873116731644,0.9743078947067261],"EasingStyle":"Linear","EasingDirection":"Out"},"Right Arm":{"Weight":1,"CFrame":[0.05933241918683052,-0.14574530720710755,0.05727517604827881,0.9819127321243286,-0.0747494176030159,-0.17395368218421937,0.13249948620796204,0.927586019039154,0.3493252098560333,0.13524511456489564,-0.36605560779571535,0.9207127690315247],"EasingStyle":"Linear","EasingDirection":"Out"},"Left Arm":{"Weight":1,"CFrame":[-0.04102092236280441,-0.18197011947631837,-0.007555603981018066,0.8777498006820679,0.40388453006744387,-0.2577451765537262,-0.37580934166908266,0.9140613079071045,0.152509868144989,0.2971912920475006,-0.03700246661901474,0.9541007280349731],"EasingStyle":"Linear","EasingDirection":"Out"},"Right Leg":{"Weight":1,"CFrame":[-0.011700417846441269,0.1525396704673767,0.014912009239196778,0.9740651249885559,0.19864380359649659,-0.10834109783172608,-0.189772367477417,0.9779726266860962,0.08692508935928345,0.12322168797254563,-0.06411054730415344,0.9903061389923096],"EasingStyle":"Linear","EasingDirection":"Out"},"Torso":{"Weight":1,"CFrame":[0.007432420738041401,0.08365023136138916,-0.12761306762695313,0.9970989227294922,0.07584050297737122,-0.006478853058069944,-0.07550465315580368,0.9962641000747681,0.041914962232112887,0.009633501060307026,-0.04130418226122856,0.9991001486778259],"EasingStyle":"Linear","EasingDirection":"Out"},"HumanoidRootPart":{"Weight":0,"CFrame":[0,0,0,1,0,0,0,1,0,0,0,1],"EasingStyle":"Linear","EasingDirection":"In"},"Head":{"Weight":1,"CFrame":[1.5337718650698663e-7,4.576577339321375e-9,0,0.9964112639427185,-0.08402574807405472,0.010213617235422135,0.08443330228328705,0.9951789379119873,-0.049898650497198108,-0.0059716058894991879,0.05058194696903229,0.9987020492553711],"EasingStyle":"Linear","EasingDirection":"Out"}}},{"Time":0.10000000149011612,"poses":{"Left Leg":{"Weight":1,"CFrame":[-0.2272755205631256,0.1745738387107849,0.013230204582214356,0.976534366607666,-0.02140853926539421,0.214294895529747,0.0030103991739451887,0.9963065385818481,0.08581498265266419,-0.21534059941768647,-0.08315613865852356,0.9729920029640198],"EasingStyle":"Linear","EasingDirection":"Out"},"Right Arm":{"Weight":1,"CFrame":[0.08536090701818466,-0.14129123091697694,0.0747150182723999,0.9519214630126953,-0.21597625315189362,-0.21725519001483918,0.29252371191978457,0.8514437675476074,0.4352853000164032,0.09096930176019669,-0.47790974378585818,0.8736857771873474],"EasingStyle":"Linear","EasingDirection":"Out"},"Left Arm":{"Weight":1,"CFrame":[-0.04165762662887573,-0.2143092155456543,-0.007377922534942627,0.798288106918335,0.5299718976020813,-0.2861221730709076,-0.49936431646347048,0.8480143547058106,0.17750184237957,0.33670663833618166,0.0011815950274467469,0.9416088461875916],"EasingStyle":"Linear","EasingDirection":"Out"},"Right Leg":{"Weight":1,"CFrame":[0.02778724767267704,0.1719052791595459,0.018373727798461915,0.9728677868843079,0.2077614963054657,-0.10180076211690903,-0.1990797072649002,0.9759162068367004,0.08918989449739456,0.11787920445203781,-0.06650350987911225,0.9907985329627991],"EasingStyle":"Linear","EasingDirection":"Out"},"Torso":{"Weight":1,"CFrame":[0.007432424463331699,0.08365023136138916,-0.15038251876831056,0.9965012669563294,0.0831112340092659,-0.008815747685730458,-0.08272291719913483,0.9958553314208984,0.03780381381511688,0.011921131052076817,-0.036942288279533389,0.9992462992668152],"EasingStyle":"Linear","EasingDirection":"Out"},"HumanoidRootPart":{"Weight":0,"CFrame":[0,0,0,1,0,0,0,1,0,0,0,1],"EasingStyle":"Linear","EasingDirection":"In"},"Head":{"Weight":1,"CFrame":[1.541338860988617e-7,-1.7149432096630336e-8,0,0.996083676815033,-0.08770547807216644,0.011183995753526688,0.08806968480348587,0.9953955411911011,-0.03783383592963219,-0.007814265787601471,0.03867064416408539,0.9992214441299439],"EasingStyle":"Linear","EasingDirection":"Out"}}},{"Time":0.11666666716337204,"poses":{"Left Leg":{"Weight":1,"CFrame":[-0.26791203022003176,0.20960688591003419,0.021178364753723146,0.9741916656494141,-0.038471855223178866,0.22241972386837007,0.020138876512646676,0.9962526559829712,0.08411377668380737,-0.2248222678899765,-0.07746364176273346,0.9713158011436462],"EasingStyle":"Linear","EasingDirection":"Out"},"Right Arm":{"Weight":1,"CFrame":[0.1105351373553276,-0.1357821524143219,0.09295535087585449,0.8795638084411621,-0.379456490278244,-0.2870196998119354,0.4756881594657898,0.7132683396339417,0.5147514343261719,0.009396341629326344,-0.5892886519432068,0.8078680038452148],"EasingStyle":"Linear","EasingDirection":"Out"},"Left Arm":{"Weight":1,"CFrame":[-0.042911797761917117,-0.24879026412963868,-0.006895780563354492,0.6884931921958923,0.6572428941726685,-0.3066086769104004,-0.6267776489257813,0.7519193887710571,0.2043696492910385,0.3648655116558075,0.051468364894390109,0.9296365976333618],"EasingStyle":"Linear","EasingDirection":"Out"},"Right Leg":{"Weight":1,"CFrame":[0.0836988314986229,0.20156532526016236,0.022777080535888673,0.9704034328460693,0.2225092202425003,-0.09384480118751526,-0.21415838599205018,0.9725168347358704,0.09136297553777695,0.11159475892782211,-0.06856128573417664,0.9913858771324158],"EasingStyle":"Linear","EasingDirection":"Out"},"Torso":{"Weight":1,"CFrame":[0.00743242958560586,0.08365023136138916,-0.1865215301513672,0.9956949949264526,0.0919969379901886,-0.011315736919641495,-0.0915859118103981,0.9952619075775147,0.03264562785625458,0.014265418983995915,-0.03146872669458389,0.9994029402732849],"EasingStyle":"Linear","EasingDirection":"Out"},"HumanoidRootPart":{"Weight":0,"CFrame":[0,0,0,1,0,0,0,1,0,0,0,1],"EasingStyle":"Linear","EasingDirection":"In"},"Head":{"Weight":1,"CFrame":[1.511070877313614e-7,-1.6530975699424745e-8,2.384185791015625e-7,0.9957360625267029,-0.09156844019889832,0.011176920495927334,0.09181568771600723,0.9954846501350403,-0.02408740110695362,-0.008920805528759957,0.025010911747813226,0.9996473789215088],"EasingStyle":"Linear","EasingDirection":"Out"}}},{"Time":0.13333334028720857,"poses":{"Left Leg":{"Weight":1,"CFrame":[-0.3158746659755707,0.2514891028404236,0.03204023838043213,0.9709157943725586,-0.05866733565926552,0.23212216794490815,0.040432896465063098,0.995766282081604,0.08255138993263245,-0.23598253726959229,-0.07076507806777954,0.96917724609375],"EasingStyle":"Linear","EasingDirection":"Out"},"Right Arm":{"Weight":1,"CFrame":[0.13650226593017579,-0.12914401292800904,0.11162137985229492,0.7535024881362915,-0.5356159210205078,-0.3812476098537445,0.6481536030769348,0.5080488324165344,0.5672593712806702,-0.11014070361852646,-0.6745383143424988,0.7299774289131165],"EasingStyle":"Linear","EasingDirection":"Out"},"Left Arm":{"Weight":1,"CFrame":[-0.04494137316942215,-0.2845436930656433,-0.005956709384918213,0.5523926019668579,0.769928514957428,-0.31948789954185488,-0.7437999248504639,0.6282869577407837,0.2280726581811905,0.37632977962493899,0.11164940893650055,0.9197338223457336],"EasingStyle":"Linear","EasingDirection":"Out"},"Right Leg":{"Weight":1,"CFrame":[0.14477266371250153,0.23747533559799195,0.026701688766479493,0.9677244424819946,0.23738206923007966,-0.08461198210716248,-0.22950126230716706,0.9688318967819214,0.09324091672897339,0.10410850495100022,-0.07081296294927597,0.992041826248169],"EasingStyle":"Linear","EasingDirection":"Out"},"Torso":{"Weight":1,"CFrame":[0.007432436570525169,0.08365023136138916,-0.22990083694458009,0.9946213960647583,0.10263855755329132,-0.013913079164922238,-0.10224810987710953,0.9944098591804504,0.02635098434984684,0.016539931297302247,-0.02478666789829731,0.9995559453964233],"EasingStyle":"Linear","EasingDirection":"Out"},"HumanoidRootPart":{"Weight":0,"CFrame":[0,0,0,1,0,0,0,1,0,0,0,1],"EasingStyle":"Linear","EasingDirection":"In"},"Head":{"Weight":1,"CFrame":[1.4994293451309205e-7,-2.735760062932968e-9,0,0.99528568983078,-0.09648770838975907,0.009822262451052666,0.09658545255661011,0.9952742457389832,-0.01001832913607359,-0.00880920048803091,0.010919788852334023,0.9999015927314758],"EasingStyle":"Linear","EasingDirection":"Out"}}},{"Time":0.15000000596046449,"poses":{"Left Leg":{"Weight":1,"CFrame":[-0.3607408404350281,0.293931782245636,0.04385221004486084,0.9667689204216003,-0.07705672085285187,0.24376249313354493,0.058832813054323199,0.9949609041213989,0.0811883732676506,-0.24879024922847749,-0.06414918601512909,0.9664307236671448],"EasingStyle":"Linear","EasingDirection":"Out"},"Right Arm":{"Weight":1,"CFrame":[0.16490964591503144,-0.12130078673362732,0.13033819198608399,0.5783250331878662,-0.6538127660751343,-0.48792311549186709,0.7752179503440857,0.2541261613368988,0.5783226490020752,-0.25412070751190188,-0.7127052545547485,0.6538149118423462],"EasingStyle":"Linear","EasingDirection":"Out"},"Left Arm":{"Weight":1,"CFrame":[-0.047904279083013538,-0.3205808401107788,-0.004408538341522217,0.3995210528373718,0.8562570214271545,-0.32742446660995486,-0.8399086594581604,0.4850190579891205,0.2435363084077835,0.36733677983283999,0.17770884931087495,0.9129530787467957],"EasingStyle":"Linear","EasingDirection":"Out"},"Right Leg":{"Weight":1,"CFrame":[0.2029767483472824,0.27479344606399538,0.029644131660461427,0.9658019542694092,0.2484348863363266,-0.07420779764652252,-0.2411910742521286,0.9658665060997009,0.0944921001791954,0.0951499193906784,-0.07336241006851196,0.9927560091018677],"EasingStyle":"Linear","EasingDirection":"Out"},"Torso":{"Weight":1,"CFrame":[0.007432443089783192,0.08365023136138916,-0.27376699447631838,0.9932073354721069,0.11517491936683655,-0.01655183918774128,-0.11486063897609711,0.9932031035423279,0.018830209970474244,0.018608106300234796,-0.016801148653030397,0.9996857047080994],"EasingStyle":"Linear","EasingDirection":"Out"},"HumanoidRootPart":{"Weight":0,"CFrame":[0,0,0,1,0,0,0,1,0,0,0,1],"EasingStyle":"Linear","EasingDirection":"In"},"Head":{"Weight":1,"CFrame":[1.5087425708770753e-7,-2.0954757928848268e-9,-2.384185791015625e-7,0.9946244955062866,-0.10332570225000382,0.006773809436708689,0.10330750048160553,0.9946449995040894,0.002986294450238347,-0.007046095095574856,-0.0022704547736793758,0.9999725818634033],"EasingStyle":"Linear","EasingDirection":"Out"}}},{"Time":0.1666666716337204,"poses":{"Left Leg":{"Weight":1,"CFrame":[-0.39752668142318728,0.33074951171875,0.05576586723327637,0.9619314074516296,-0.09129456430673599,0.2575913667678833,0.07293955981731415,0.9941263198852539,0.07995401322841644,-0.26337772607803347,-0.05812167376279831,0.9629403352737427],"EasingStyle":"Linear","EasingDirection":"Out"},"Right Arm":{"Weight":1,"CFrame":[0.19740444421768189,-0.11217671632766724,0.14873111248016358,0.3735732138156891,-0.7162778973579407,-0.5893972516059876,0.8371637463569641,-0.01331151183694601,0.5467903017997742,-0.3994995653629303,-0.6976882219314575,0.5946691036224365],"EasingStyle":"Linear","EasingDirection":"Out"},"Left Arm":{"Weight":1,"CFrame":[-0.051958464086055759,-0.35560789704322817,-0.002098977565765381,0.24219131469726563,0.9105300307273865,-0.33507978916168215,-0.9101921916007996,0.3328258693218231,0.246530219912529,0.3359963893890381,0.24527950584888459,0.9093648195266724],"EasingStyle":"Linear","EasingDirection":"Out"},"Right Leg":{"Weight":1,"CFrame":[0.25570905208587649,0.30744385719299319,0.032317161560058597,0.9650888442993164,0.254316508769989,-0.06266339123249054,-0.24792860448360444,0.9641510248184204,0.09457370638847351,0.08446856588125229,-0.07573599368333817,0.9935437440872192],"EasingStyle":"Linear","EasingDirection":"Out"},"Torso":{"Weight":1,"CFrame":[0.007432448677718639,0.08365023136138916,-0.31121349334716799,0.9913621544837952,0.1297418773174286,-0.019187573343515397,-0.1295691281557083,0.9915200471878052,0.009993093088269234,0.02032138779759407,-0.0074206567369401459,0.999765932559967],"EasingStyle":"Linear","EasingDirection":"Out"},"HumanoidRootPart":{"Weight":0,"CFrame":[0,0,0,1,0,0,0,1,0,0,0,1],"EasingStyle":"Linear","EasingDirection":"In"},"Head":{"Weight":1,"CFrame":[1.4994293451309205e-7,-5.238689482212067e-9,-2.384185791015625e-7,0.9935994744300842,-0.112947016954422,0.001741043757647276,0.11291352659463883,0.9935130476951599,0.013503394089639187,-0.003254920244216919,-0.013220376335084439,0.9999073147773743],"EasingStyle":"Linear","EasingDirection":"Out"}}},{"Time":0.18333333730697633,"poses":{"Left Leg":{"Weight":1,"CFrame":[-0.4253678321838379,0.355912983417511,0.06790494918823242,0.9564830660820007,-0.10093431174755097,0.2737744152545929,0.08232767879962921,0.9934968948364258,0.07865197956562042,-0.27993273735046389,-0.0526900477707386,0.9585726261138916],"EasingStyle":"Linear","EasingDirection":"Out"},"Right Arm":{"Weight":1,"CFrame":[0.23563387989997865,-0.10169625282287598,0.16642534732818604,0.1624729037284851,-0.7240523099899292,-0.6703364253044128,0.8357251286506653,-0.2601880431175232,0.48359671235084536,-0.5245627760887146,-0.6387882828712463,0.5628350377082825],"EasingStyle":"Linear","EasingDirection":"Out"},"Left Arm":{"Weight":1,"CFrame":[-0.05726180598139763,-0.38761037588119509,0.0011241436004638672,0.09244886040687561,0.9328128695487976,-0.3483007848262787,-0.9550763368606567,0.18199026584625245,0.23389892280101777,0.28157126903533938,0.3110300302505493,0.9077322483062744],"EasingStyle":"Linear","EasingDirection":"Out"},"Right Leg":{"Weight":1,"CFrame":[0.3035774827003479,0.3288525938987732,0.03609573841094971,0.9656174778938294,0.2551231384277344,-0.04995058476924896,-0.2498493790626526,0.9638269543647766,0.09280595928430557,0.0718206837773323,-0.07713492959737778,0.9944304823875427],"EasingStyle":"Linear","EasingDirection":"Out"},"Torso":{"Weight":1,"CFrame":[0.007432452403008938,0.08365023136138916,-0.33568334579467776,0.988974928855896,0.14647123217582704,-0.021789275109767915,-0.14651142060756684,0.9892089366912842,-0.0002511419006623328,0.02151736058294773,0.0034407502971589567,0.9997625350952148],"EasingStyle":"Linear","EasingDirection":"Out"},"HumanoidRootPart":{"Weight":0,"CFrame":[0,0,0,1,0,0,0,1,0,0,0,1],"EasingStyle":"Linear","EasingDirection":"In"},"Head":{"Weight":1,"CFrame":[1.564621925354004e-7,-5.122274160385132e-9,2.384185791015625e-7,0.9919852018356323,-0.12623579800128938,-0.005463180132210255,0.1263210028409958,0.9917864799499512,0.02006465010344982,0.002885430818423629,-0.020593950524926187,0.9997837543487549],"EasingStyle":"Linear","EasingDirection":"Out"}}},{"Time":0.20000000298023225,"poses":{"Left Leg":{"Weight":1,"CFrame":[-0.4442327320575714,0.364047110080719,0.08043110370635987,0.9504101872444153,-0.10577674955129624,0.292458176612854,0.08682970702648163,0.993238091468811,0.0770629346370697,-0.29863205552101138,-0.047847334295511249,0.9531681537628174],"EasingStyle":"Linear","EasingDirection":"Out"},"Right Arm":{"Weight":1,"CFrame":[0.2812452018260956,-0.08978551626205445,0.1830458641052246,-0.03924781084060669,-0.690779983997345,-0.7219990491867065,0.7867427468299866,-0.4668234884738922,0.4038708508014679,-0.6160320043563843,-0.5521764159202576,0.561788022518158],"EasingStyle":"Linear","EasingDirection":"Out"},"Left Arm":{"Weight":1,"CFrame":[-0.06397221982479096,-0.4126293361186981,0.0054132938385009769,-0.03953147307038307,0.9267973303794861,-0.373475581407547,-0.9783559441566467,0.04007755219936371,0.20301087200641633,0.20311793684959413,0.3734174072742462,0.9051533341407776],"EasingStyle":"Linear","EasingDirection":"Out"},"Right Leg":{"Weight":1,"CFrame":[0.34950193762779238,0.3285489082336426,0.04250538349151611,0.9649221301078796,0.26013216376304629,-0.0354483537375927,-0.25614026188850405,0.9624156355857849,0.09026823937892914,0.05759770795702934,-0.0780220627784729,0.9952864050865173],"EasingStyle":"Linear","EasingDirection":"Out"},"Torso":{"Weight":1,"CFrame":[0.0074324533343315128,0.08365023136138916,-0.3414139747619629,0.9859112501144409,0.16548855602741242,-0.024341315031051637,-0.16581368446350099,0.9860841631889343,-0.011993548832833767,0.022017790004611017,0.015860697254538537,0.9996317625045776],"EasingStyle":"Linear","EasingDirection":"Out"},"HumanoidRootPart":{"Weight":0,"CFrame":[0,0,0,1,0,0,0,1,0,0,0,1],"EasingStyle":"Linear","EasingDirection":"In"},"Head":{"Weight":1,"CFrame":[1.4808028936386109e-7,8.381903171539307e-9,1.1920928955078126e-7,0.989449679851532,-0.144113227725029,-0.01485767774283886,0.14440783858299256,0.9892922639846802,0.021147843450307847,0.011650904081761837,-0.023070290684700013,0.9996659755706787],"EasingStyle":"Linear","EasingDirection":"Out"}}},{"Time":0.21666666865348817,"poses":{"Left Leg":{"Weight":1,"CFrame":[-0.45709386467933657,0.3589021563529968,0.09449625015258789,0.9444971680641174,-0.1057378426194191,0.31103798747062685,0.08663816004991532,0.9934400916099548,0.07463633269071579,-0.31688955426216128,-0.04354604706168175,0.947462260723114],"EasingStyle":"Linear","EasingDirection":"Out"},"Right Arm":{"Weight":1,"CFrame":[0.33484190702438357,-0.07638230919837952,0.1982409954071045,-0.21800009906291963,-0.6263178586959839,-0.748466432094574,0.7031389474868774,-0.6326396465301514,0.32459592819213869,-0.6768099069595337,-0.45551395416259768,0.5783039927482605],"EasingStyle":"Linear","EasingDirection":"Out"},"Left Arm":{"Weight":1,"CFrame":[-0.07253371924161911,-0.43163979053497317,0.011256933212280274,-0.14751090109348298,0.8967882394790649,-0.4171467423439026,-0.9840288758277893,-0.09058060497045517,0.15323951840400697,0.09963800758123398,0.4330889880657196,0.8958271145820618],"EasingStyle":"Linear","EasingDirection":"Out"},"Right Leg":{"Weight":1,"CFrame":[0.39286312460899355,0.3087303042411804,0.052596330642700198,0.9610610008239746,0.2751050889492035,-0.02605614811182022,-0.27155861258506777,0.9576948881149292,0.09527018666267395,0.051163144409656528,-0.08448468893766403,0.9951103925704956],"EasingStyle":"Linear","EasingDirection":"Out"},"Torso":{"Weight":1,"CFrame":[0.0074324519373476509,0.08365023136138916,-0.3317732810974121,0.9820360541343689,0.18680806457996369,-0.026607008650898935,-0.1874808967113495,0.9819363355636597,-0.02553371712565422,0.021356485784053804,0.030063336715102197,0.9993197917938232],"EasingStyle":"Linear","EasingDirection":"Out"},"HumanoidRootPart":{"Weight":0,"CFrame":[0,0,0,1,0,0,0,1,0,0,0,1],"EasingStyle":"Linear","EasingDirection":"In"},"Head":{"Weight":1,"CFrame":[1.51805579662323e-7,-1.0011717677116394e-8,-5.960464477539063e-8,0.9855285882949829,-0.16738659143447877,-0.02674276754260063,0.16787287592887879,0.9856604337692261,0.017095057293772699,0.023497799411416055,-0.021337049081921579,0.9994961619377136],"EasingStyle":"Linear","EasingDirection":"Out"}}},{"Time":0.23333333432674409,"poses":{"Left Leg":{"Weight":1,"CFrame":[-0.46751242876052859,0.3490554094314575,0.11074256896972656,0.9395117163658142,-0.1015414297580719,0.3271194398403168,0.08256605267524719,0.9940232038497925,0.07141955196857453,-0.3324163556098938,-0.040090519934892657,0.9422802925109863],"EasingStyle":"Linear","EasingDirection":"Out"},"Right Arm":{"Weight":1,"CFrame":[0.39285320043563845,-0.06148603558540344,0.21174991130828858,-0.36538344621658327,-0.5375697016716003,-0.7599431872367859,0.5936129093170166,-0.7634111642837524,0.2546115517616272,-0.7170206904411316,-0.35808131098747256,0.5980461835861206],"EasingStyle":"Linear","EasingDirection":"Out"},"Left Arm":{"Weight":1,"CFrame":[-0.0845346748828888,-0.4482772648334503,0.01910686492919922,-0.23275749385356904,0.8461434841156006,-0.4794425070285797,-0.9720692038536072,-0.21766410768032075,0.08777127414941788,-0.030090289190411569,0.4864807426929474,0.8731729984283447],"EasingStyle":"Linear","EasingDirection":"Out"},"Right Leg":{"Weight":1,"CFrame":[0.4444315731525421,0.3014466166496277,0.0662771463394165,0.9523770213127136,0.30365249514579775,-0.027805360034108163,-0.2990350127220154,0.9479292035102844,0.10958223789930344,0.059632424265146258,-0.09604885429143906,0.9935887455940247],"EasingStyle":"Linear","EasingDirection":"Out"},"Torso":{"Weight":1,"CFrame":[0.007432449143379927,0.08365023136138916,-0.3151521682739258,0.97728031873703,0.21002726256847382,-0.028490446507930757,-0.2110764980316162,0.9766130447387695,-0.04091024398803711,0.019231874495744706,0.04599444195628166,0.9987565279006958],"EasingStyle":"Linear","EasingDirection":"Out"},"HumanoidRootPart":{"Weight":0,"CFrame":[0,0,0,1,0,0,0,1,0,0,0,1],"EasingStyle":"Linear","EasingDirection":"In"},"Head":{"Weight":1,"CFrame":[1.471489667892456e-7,-2.3283064365386964e-9,-5.960464477539063e-7,0.9798755645751953,-0.19530312716960908,-0.041237764060497287,0.19583702087402345,0.9805924296379089,0.0092916339635849,0.03862275555729866,-0.017180530354380609,0.9991061687469482],"EasingStyle":"Linear","EasingDirection":"Out"}}},{"Time":0.25,"poses":{"Left Leg":{"Weight":1,"CFrame":[-0.47537171840667727,0.3371617794036865,0.12808442115783692,0.9353162050247192,-0.09368142485618592,0.34118542075157168,0.07478052377700806,0.9948675036430359,0.06816568225622177,-0.3458200693130493,-0.038242388516664508,0.9375211596488953],"EasingStyle":"Linear","EasingDirection":"Out"},"Right Arm":{"Weight":1,"CFrame":[0.4506646394729614,-0.04510924220085144,0.22333526611328126,-0.48314225673675539,-0.4341936409473419,-0.7602956891059876,0.4681508243083954,-0.8619233965873718,0.19473762810230256,-0.7398704886436462,-0.26184704899787905,0.6196997165679932],"EasingStyle":"Linear","EasingDirection":"Out"},"Left Arm":{"Weight":1,"CFrame":[-0.10184945166110993,-0.4590699374675751,0.029059648513793947,-0.2954183518886566,0.7771406769752502,-0.5556802749633789,-0.9372201561927795,-0.3485719561576843,0.010766140185296536,-0.1853277087211609,0.523975133895874,0.8313263654708862],"EasingStyle":"Linear","EasingDirection":"Out"},"Right Leg":{"Weight":1,"CFrame":[0.522034227848053,0.3245825171470642,0.08358025550842285,0.9343906044960022,0.35420119762420657,-0.03815319016575813,-0.34714818000793459,0.9293348789215088,0.1257970929145813,0.08001452684402466,-0.10429878532886505,0.9913220405578613],"EasingStyle":"Linear","EasingDirection":"Out"},"Torso":{"Weight":1,"CFrame":[0.0074324458837509159,0.08365023136138916,-0.2941131591796875,0.9716137647628784,0.23463957011699677,-0.030181916430592538,-0.23605024814605714,0.9700202941894531,-0.05780012160539627,0.015714874491095544,0.06328384578227997,0.9978718161582947],"EasingStyle":"Linear","EasingDirection":"Out"},"HumanoidRootPart":{"Weight":0,"CFrame":[0,0,0,1,0,0,0,1,0,0,0,1],"EasingStyle":"Linear","EasingDirection":"In"},"Head":{"Weight":1,"CFrame":[1.4668330550193787e-7,1.1175870895385743e-8,-4.76837158203125e-7,0.9722914099693298,-0.2264844924211502,-0.05791575461626053,0.22673673927783967,0.9739534258842468,-0.0022651723120361568,0.05692027509212494,-0.010929230600595475,0.9983189105987549],"EasingStyle":"Linear","EasingDirection":"Out"}}},{"Time":0.2666666805744171,"poses":{"Left Leg":{"Weight":1,"CFrame":[-0.5068262815475464,0.36286723613739016,0.15433883666992188,0.930580735206604,-0.09719551354646683,0.3529483377933502,0.07856017351150513,0.9946699738502502,0.06678277999162674,-0.35755810141563418,-0.03441907465457916,0.9332563877105713],"EasingStyle":"Linear","EasingDirection":"Out"},"Right Arm":{"Weight":1,"CFrame":[0.5036616921424866,-0.0272657573223114,0.23275983333587647,-0.5737365484237671,-0.3234809637069702,-0.752453625202179,0.3342893123626709,-0.9311831593513489,0.14542555809020997,-0.7477145195007324,-0.1681012660264969,0.6423900723457336],"EasingStyle":"Linear","EasingDirection":"Out"},"Left Arm":{"Weight":1,"CFrame":[-0.12635235488414765,-0.4604770243167877,0.04121196269989014,-0.32465696334838869,0.6970149278640747,-0.6393497586250305,-0.875941276550293,-0.47658732533454897,-0.07477598637342453,-0.3568258583545685,0.5357562303543091,0.7652714848518372],"EasingStyle":"Linear","EasingDirection":"Out"},"Right Leg":{"Weight":1,"CFrame":[0.5981770753860474,0.3412386178970337,0.10736560821533203,0.9106572866439819,0.4094982147216797,-0.05490494892001152,-0.398714542388916,0.9058530926704407,0.14302779734134675,0.10830532014369965,-0.10835790634155274,0.9881945848464966],"EasingStyle":"Linear","EasingDirection":"Out"},"Torso":{"Weight":1,"CFrame":[0.007432442624121904,0.08365023136138916,-0.27121973037719729,0.9650458693504334,0.26013967394828799,-0.03184155747294426,-0.26185423135757449,0.9621220827102661,-0.07585177570581436,0.010903408750891686,0.08153828233480454,0.9966105818748474],"EasingStyle":"Linear","EasingDirection":"Out"},"HumanoidRootPart":{"Weight":0,"CFrame":[0,0,0,1,0,0,0,1,0,0,0,1],"EasingStyle":"Linear","EasingDirection":"In"},"Head":{"Weight":1,"CFrame":[1.4062970876693726e-7,-1.3969838619232178e-9,-2.980232238769531e-7,0.9626986384391785,-0.25956854224205019,-0.0763905867934227,0.2589888572692871,0.9657204151153565,-0.01757303811609745,0.07833336293697357,-0.0028667657170444729,0.9969230890274048],"EasingStyle":"Linear","EasingDirection":"Out"}}},{"Time":0.28333333134651186,"poses":{"Left Leg":{"Weight":1,"CFrame":[-0.5496647357940674,0.4104349613189697,0.18601787090301515,0.9255473017692566,-0.10689491778612137,0.3632296621799469,0.08867106586694718,0.9938364028930664,0.06653300672769547,-0.3681027889251709,-0.029371492564678193,0.9293210506439209],"EasingStyle":"Linear","EasingDirection":"Out"},"Right Arm":{"Weight":1,"CFrame":[0.5472298860549927,-0.007968991994857788,0.2397855520248413,-0.6399451494216919,-0.2114023119211197,-0.7387687563896179,0.19825857877731324,-0.974285364151001,0.1070585548877716,-0.742404043674469,-0.07795564085245133,0.6654015779495239],"EasingStyle":"Linear","EasingDirection":"Out"},"Left Arm":{"Weight":1,"CFrame":[-0.15991774201393128,-0.44873133301734927,0.05566060543060303,-0.30693578720092776,0.6284979581832886,-0.7146892547607422,-0.7925262451171875,-0.5845740437507629,-0.173710435628891,-0.5269654393196106,0.513092041015625,0.6775277853012085],"EasingStyle":"Linear","EasingDirection":"Out"},"Right Leg":{"Weight":1,"CFrame":[0.6607815623283386,0.3447854518890381,0.1372464895248413,0.8854905366897583,0.45851296186447146,-0.07531540095806122,-0.4425295293331146,0.8815937638282776,0.16419485211372376,0.14168302714824677,-0.1120637059211731,0.9835485219955444],"EasingStyle":"Linear","EasingDirection":"Out"},"Torso":{"Weight":1,"CFrame":[0.007432439364492893,0.08365023136138916,-0.24903488159179688,0.9576320648193359,0.2860284447669983,-0.03359317407011986,-0.2879522442817688,0.9529520273208618,-0.09468892216682434,0.004928958602249622,0.10035038739442826,0.994939923286438],"EasingStyle":"Linear","EasingDirection":"Out"},"HumanoidRootPart":{"Weight":0,"CFrame":[0,0,0,1,0,0,0,1,0,0,0,1],"EasingStyle":"Linear","EasingDirection":"In"},"Head":{"Weight":1,"CFrame":[1.424923539161682e-7,3.725290298461914e-8,-2.384185791015625e-7,0.9511747360229492,-0.29322534799575808,-0.09636086970567703,0.2910092771053314,0.9560192823410034,-0.036617305129766467,0.10285994410514832,0.006787566002458334,0.9946727156639099],"EasingStyle":"Linear","EasingDirection":"Out"}}},{"Time":0.30000001192092898,"poses":{"Left Leg":{"Weight":1,"CFrame":[-0.5826786756515503,0.44443315267562868,0.21610915660858155,0.9210718870162964,-0.11130592226982117,0.3731454312801361,0.0934816226363182,0.9934582114219666,0.06558956950902939,-0.37800490856170657,-0.025530517101287843,0.9254515171051025],"EasingStyle":"Linear","EasingDirection":"Out"},"Right Arm":{"Weight":1,"CFrame":[0.5767548084259033,0.012768805027008057,0.24417519569396974,-0.6849218606948853,-0.10319627821445465,-0.7212714552879334,0.06561004370450974,-0.9946329593658447,0.08000409603118897,-0.7256565093994141,0.007473884616047144,0.6880165934562683],"EasingStyle":"Linear","EasingDirection":"Out"},"Left Arm":{"Weight":1,"CFrame":[-0.20442017912864686,-0.4196605980396271,0.07250261306762696,-0.24631182849407197,0.6018199324607849,-0.7596995234489441,-0.6928762197494507,-0.6574293375015259,-0.29615727066993716,-0.6776820421218872,0.45343074202537539,0.5789192914962769],"EasingStyle":"Linear","EasingDirection":"Out"},"Right Leg":{"Weight":1,"CFrame":[0.6950298547744751,0.33153629302978518,0.16967415809631349,0.8658647537231445,0.49044257402420046,-0.09871387481689453,-0.4682774841785431,0.863982617855072,0.18506783246994019,0.17605234682559968,-0.11401817202568054,0.9777553081512451],"EasingStyle":"Linear","EasingDirection":"Out"},"Torso":{"Weight":1,"CFrame":[0.007432436570525169,0.08365023136138916,-0.23012065887451173,0.9494771361351013,0.31181973218917849,-0.03551988676190376,-0.3138296604156494,0.9426207542419434,-0.11391686648130417,-0.0020397428888827564,0.11930865049362183,0.9928551316261292],"EasingStyle":"Linear","EasingDirection":"Out"},"HumanoidRootPart":{"Weight":0,"CFrame":[0,0,0,1,0,0,0,1,0,0,0,1],"EasingStyle":"Linear","EasingDirection":"In"},"Head":{"Weight":1,"CFrame":[1.3923272490501405e-7,-1.4901161193847657e-8,-2.384185791015625e-7,0.9379591941833496,-0.32617735862731936,-0.11764712631702423,0.3212280571460724,0.9451392889022827,-0.05936576426029205,0.13055668771266938,0.017891135066747667,0.9912794232368469],"EasingStyle":"Linear","EasingDirection":"Out"}}},{"Time":0.3166666626930237,"poses":{"Left Leg":{"Weight":1,"CFrame":[-0.6057265400886536,0.4601210355758667,0.2442009449005127,0.9171154499053955,-0.10999757051467896,0.3831446170806885,0.09277496486902237,0.9936789274215698,0.06320563703775406,-0.3876751959323883,-0.022420596331357957,0.9215233325958252],"EasingStyle":"Linear","EasingDirection":"Out"},"Right Arm":{"Weight":1,"CFrame":[0.5876218676567078,0.034932851791381839,0.2456914186477661,-0.7123686