{"Sequence":[{"Time":0,"poses":{"Left Leg":{"Weight":1,"CFrame":[-0.31628137826919558,-0.08191359043121338,0.28067928552627566,0.4142710268497467,-0.7946049571037293,0.4438270926475525,0.7761902213096619,0.563096821308136,0.2836383879184723,-0.47529810667037966,0.22699114680290223,0.8500393033027649],"EasingStyle":"Constant","EasingDirection":"In"},"Right Arm":{"Weight":1,"CFrame":[-0.616513729095459,-0.4214324951171875,0.6366242170333862,0.4608156383037567,-0.5034427046775818,0.7308859825134277,0.7995915412902832,0.5928595066070557,-0.09576534479856491,-0.3851003348827362,0.6285403966903687,0.6757474541664124],"EasingStyle":"Constant","EasingDirection":"In"},"Head":{"Weight":1,"CFrame":[7.078051567077637e-8,-2.2351741790771486e-8,2.384185791015625e-7,0.996870219707489,-0.016673283651471139,0.07727746665477753,0.03287426382303238,0.9764105677604675,-0.21340502798557282,-0.07189637422561646,0.2152775526046753,0.973902702331543],"EasingStyle":"Constant","EasingDirection":"In"},"Right Leg":{"Weight":1,"CFrame":[0.7015172839164734,0.11243724822998047,0.020962953567504884,0.876370906829834,0.48047226667404177,-0.03347212076187134,-0.4797886312007904,0.876979649066925,0.026639079675078393,0.042153771966695788,-0.007286201696842909,0.9990845918655396],"EasingStyle":"Constant","EasingDirection":"In"},"Torso":{"Weight":1,"CFrame":[0.10909439623355866,0.17641159892082215,-0.37659549713134768,0.8885244727134705,0.43809595704078677,0.13636791706085206,-0.45835742354393008,0.8609772324562073,0.22051462531089784,-0.020803101360797883,-0.258437842130661,0.965803861618042],"EasingStyle":"Constant","EasingDirection":"In"},"HumanoidRootPart":{"Weight":0,"CFrame":[0,0,0,1,0,0,0,1,0,0,0,1],"EasingStyle":"Linear","EasingDirection":"In"},"Left Arm":{"Weight":1,"CFrame":[-1.2723346948623658,-0.5312166213989258,-0.9070298671722412,-0.48334553837776186,0.8644645810127258,-0.13812316954135896,-0.4481382369995117,-0.10879134386777878,0.8873199224472046,0.752030074596405,0.49078041315078738,0.4399833679199219],"EasingStyle":"Constant","EasingDirection":"In"}}},{"Time":0.03333333507180214,"poses":{"Left Leg":{"Weight":1,"CFrame":[-0.31628137826919558,-0.08191359043121338,0.28067928552627566,0.4142710268497467,-0.7946049571037293,0.4438270926475525,0.7761902213096619,0.563096821308136,0.2836383879184723,-0.47529810667037966,0.22699114680290223,0.8500393033027649],"EasingStyle":"Constant","EasingDirection":"In"},"Right Arm":{"Weight":1,"CFrame":[-0.616513729095459,-0.4214324951171875,0.6366242170333862,0.4608156383037567,-0.5034427046775818,0.7308859825134277,0.7995915412902832,0.5928595066070557,-0.09576534479856491,-0.3851003348827362,0.6285403966903687,0.6757474541664124],"EasingStyle":"Constant","EasingDirection":"In"},"Head":{"Weight":1,"CFrame":[7.078051567077637e-8,-2.2351741790771486e-8,2.384185791015625e-7,0.996870219707489,-0.016673283651471139,0.07727746665477753,0.03287426382303238,0.9764105677604675,-0.21340502798557282,-0.07189637422561646,0.2152775526046753,0.973902702331543],"EasingStyle":"Constant","EasingDirection":"In"},"Right Leg":{"Weight":1,"CFrame":[0.7015172839164734,0.11243724822998047,0.020962953567504884,0.876370906829834,0.48047226667404177,-0.03347212076187134,-0.4797886312007904,0.876979649066925,0.026639079675078393,0.042153771966695788,-0.007286201696842909,0.9990845918655396],"EasingStyle":"Constant","EasingDirection":"In"},"Torso":{"Weight":1,"CFrame":[0.10909439623355866,0.17641159892082215,-0.37659549713134768,0.8885244727134705,0.43809595704078677,0.13636791706085206,-0.45835742354393008,0.8609772324562073,0.22051462531089784,-0.020803101360797883,-0.258437842130661,0.965803861618042],"EasingStyle":"Constant","EasingDirection":"In"},"HumanoidRootPart":{"Weight":0,"CFrame":[0,0,0,1,0,0,0,1,0,0,0,1],"EasingStyle":"Linear","EasingDirection":"In"},"Left Arm":{"Weight":1,"CFrame":[-1.2723346948623658,-0.5312166213989258,-0.9070298671722412,-0.48334553837776186,0.8644645810127258,-0.13812316954135896,-0.4481382369995117,-0.10879134386777878,0.8873199224472046,0.752030074596405,0.49078041315078738,0.4399833679199219],"EasingStyle":"Constant","EasingDirection":"In"}}},{"Time":0.06666667014360428,"poses":{"Left Leg":{"Weight":1,"CFrame":[-0.31628137826919558,-0.08191359043121338,0.28067928552627566,0.4142710268497467,-0.7946049571037293,0.4438270926475525,0.7761902213096619,0.563096821308136,0.2836383879184723,-0.47529810667037966,0.22699114680290223,0.8500393033027649],"EasingStyle":"Constant","EasingDirection":"In"},"Right Arm":{"Weight":1,"CFrame":[-0.616513729095459,-0.4214324951171875,0.6366242170333862,0.4608156383037567,-0.5034427046775818,0.7308859825134277,0.7995915412902832,0.5928595066070557,-0.09576534479856491,-0.3851003348827362,0.6285403966903687,0.6757474541664124],"EasingStyle":"Constant","EasingDirection":"In"},"Head":{"Weight":1,"CFrame":[7.078051567077637e-8,-2.2351741790771486e-8,2.384185791015625e-7,0.996870219707489,-0.016673283651471139,0.07727746665477753,0.03287426382303238,0.9764105677604675,-0.21340502798557282,-0.07189637422561646,0.2152775526046753,0.973902702331543],"EasingStyle":"Constant","EasingDirection":"In"},"Right Leg":{"Weight":1,"CFrame":[0.7015172839164734,0.11243724822998047,0.020962953567504884,0.876370906829834,0.48047226667404177,-0.03347212076187134,-0.4797886312007904,0.876979649066925,0.026639079675078393,0.042153771966695788,-0.007286201696842909,0.9990845918655396],"EasingStyle":"Constant","EasingDirection":"In"},"Torso":{"Weight":1,"CFrame":[0.10909439623355866,0.17641159892082215,-0.37659549713134768,0.8885244727134705,0.43809595704078677,0.13636791706085206,-0.45835742354393008,0.8609772324562073,0.22051462531089784,-0.020803101360797883,-0.258437842130661,0.965803861618042],"EasingStyle":"Constant","EasingDirection":"In"},"HumanoidRootPart":{"Weight":0,"CFrame":[0,0,0,1,0,0,0,1,0,0,0,1],"EasingStyle":"Linear","EasingDirection":"In"},"Left Arm":{"Weight":1,"CFrame":[-1.2723346948623658,-0.5312166213989258,-0.9070298671722412,-0.48334553837776186,0.8644645810127258,-0.13812316954135896,-0.4481382369995117,-0.10879134386777878,0.8873199224472046,0.752030074596405,0.49078041315078738,0.4399833679199219],"EasingStyle":"Constant","EasingDirection":"In"}}},{"Time":0.10000000149011612,"poses":{"Left Leg":{"Weight":1,"CFrame":[-0.31628137826919558,-0.08191359043121338,0.28067928552627566,0.4142710268497467,-0.7946049571037293,0.4438270926475525,0.7761902213096619,0.563096821308136,0.2836383879184723,-0.47529810667037966,0.22699114680290223,0.8500393033027649],"EasingStyle":"Constant","EasingDirection":"In"},"Right Arm":{"Weight":1,"CFrame":[-0.616513729095459,-0.4214324951171875,0.6366242170333862,0.4608156383037567,-0.5034427046775818,0.7308859825134277,0.7995915412902832,0.5928595066070557,-0.09576534479856491,-0.3851003348827362,0.6285403966903687,0.6757474541664124],"EasingStyle":"Constant","EasingDirection":"In"},"Head":{"Weight":1,"CFrame":[7.078051567077637e-8,-2.2351741790771486e-8,2.384185791015625e-7,0.996870219707489,-0.016673283651471139,0.07727746665477753,0.03287426382303238,0.9764105677604675,-0.21340502798557282,-0.07189637422561646,0.2152775526046753,0.973902702331543],"EasingStyle":"Constant","EasingDirection":"In"},"Right Leg":{"Weight":1,"CFrame":[0.7015172839164734,0.11243724822998047,0.020962953567504884,0.876370906829834,0.48047226667404177,-0.03347212076187134,-0.4797886312007904,0.876979649066925,0.026639079675078393,0.042153771966695788,-0.007286201696842909,0.9990845918655396],"EasingStyle":"Constant","EasingDirection":"In"},"Torso":{"Weight":1,"CFrame":[0.10909439623355866,0.17641159892082215,-0.37659549713134768,0.8885244727134705,0.43809595704078677,0.13636791706085206,-0.45835742354393008,0.8609772324562073,0.22051462531089784,-0.020803101360797883,-0.258437842130661,0.965803861618042],"EasingStyle":"Constant","EasingDirection":"In"},"HumanoidRootPart":{"Weight":0,"CFrame":[0,0,0,1,0,0,0,1,0,0,0,1],"EasingStyle":"Linear","EasingDirection":"In"},"Left Arm":{"Weight":1,"CFrame":[-1.2723346948623658,-0.5312166213989258,-0.9070298671722412,-0.48334553837776186,0.8644645810127258,-0.13812316954135896,-0.4481382369995117,-0.10879134386777878,0.8873199224472046,0.752030074596405,0.49078041315078738,0.4399833679199219],"EasingStyle":"Constant","EasingDirection":"In"}}},{"Time":0.13333334028720857,"poses":{"Left Leg":{"Weight":1,"CFrame":[-0.31628137826919558,-0.08191359043121338,0.28067928552627566,0.4142710268497467,-0.7946049571037293,0.4438270926475525,0.7761902213096619,0.563096821308136,0.2836383879184723,-0.47529810667037966,0.22699114680290223,0.8500393033027649],"EasingStyle":"Constant","EasingDirection":"In"},"Right Arm":{"Weight":1,"CFrame":[-0.616513729095459,-0.4214324951171875,0.6366242170333862,0.4608156383037567,-0.5034427046775818,0.7308859825134277,0.7995915412902832,0.5928595066070557,-0.09576534479856491,-0.3851003348827362,0.6285403966903687,0.6757474541664124],"EasingStyle":"Constant","EasingDirection":"In"},"Head":{"Weight":1,"CFrame":[7.078051567077637e-8,-2.2351741790771486e-8,2.384185791015625e-7,0.996870219707489,-0.016673283651471139,0.07727746665477753,0.03287426382303238,0.9764105677604675,-0.21340502798557282,-0.07189637422561646,0.2152775526046753,0.973902702331543],"EasingStyle":"Constant","EasingDirection":"In"},"Right Leg":{"Weight":1,"CFrame":[0.7015172839164734,0.11243724822998047,0.020962953567504884,0.876370906829834,0.48047226667404177,-0.03347212076187134,-0.4797886312007904,0.876979649066925,0.026639079675078393,0.042153771966695788,-0.007286201696842909,0.9990845918655396],"EasingStyle":"Constant","EasingDirection":"In"},"Torso":{"Weight":1,"CFrame":[0.10909439623355866,0.17641159892082215,-0.37659549713134768,0.8885244727134705,0.43809595704078677,0.13636791706085206,-0.45835742354393008,0.8609772324562073,0.22051462531089784,-0.020803101360797883,-0.258437842130661,0.965803861618042],"EasingStyle":"Constant","EasingDirection":"In"},"HumanoidRootPart":{"Weight":0,"CFrame":[0,0,0,1,0,0,0,1,0,0,0,1],"EasingStyle":"Linear","EasingDirection":"In"},"Left Arm":{"Weight":1,"CFrame":[-1.2723346948623658,-0.5312166213989258,-0.9070298671722412,-0.48334553837776186,0.8644645810127258,-0.13812316954135896,-0.4481382369995117,-0.10879134386777878,0.8873199224472046,0.752030074596405,0.49078041315078738,0.4399833679199219],"EasingStyle":"Constant","EasingDirection":"In"}}},{"Time":0.1666666716337204,"poses":{"Left Leg":{"Weight":1,"CFrame":[-0.31628137826919558,-0.08191359043121338,0.28067928552627566,0.4142710268497467,-0.7946049571037293,0.4438270926475525,0.7761902213096619,0.563096821308136,0.2836383879184723,-0.47529810667037966,0.22699114680290223,0.8500393033027649],"EasingStyle":"Constant","EasingDirection":"In"},"Right Arm":{"Weight":1,"CFrame":[-0.616513729095459,-0.4214324951171875,0.6366242170333862,0.4608156383037567,-0.5034427046775818,0.7308859825134277,0.7995915412902832,0.5928595066070557,-0.09576534479856491,-0.3851003348827362,0.6285403966903687,0.6757474541664124],"EasingStyle":"Constant","EasingDirection":"In"},"Head":{"Weight":1,"CFrame":[7.078051567077637e-8,-2.2351741790771486e-8,2.384185791015625e-7,0.996870219707489,-0.016673283651471139,0.07727746665477753,0.03287426382303238,0.9764105677604675,-0.21340502798557282,-0.07189637422561646,0.2152775526046753,0.973902702331543],"EasingStyle":"Constant","EasingDirection":"In"},"Right Leg":{"Weight":1,"CFrame":[0.7015172839164734,0.11243724822998047,0.020962953567504884,0.876370906829834,0.48047226667404177,-0.03347212076187134,-0.4797886312007904,0.876979649066925,0.026639079675078393,0.042153771966695788,-0.007286201696842909,0.9990845918655396],"EasingStyle":"Constant","EasingDirection":"In"},"Torso":{"Weight":1,"CFrame":[0.10909439623355866,0.17641159892082215,-0.37659549713134768,0.8885244727134705,0.43809595704078677,0.13636791706085206,-0.45835742354393008,0.8609772324562073,0.22051462531089784,-0.020803101360797883,-0.258437842130661,0.965803861618042],"EasingStyle":"Constant","EasingDirection":"In"},"HumanoidRootPart":{"Weight":0,"CFrame":[0,0,0,1,0,0,0,1,0,0,0,1],"EasingStyle":"Linear","EasingDirection":"In"},"Left Arm":{"Weight":1,"CFrame":[-1.2723346948623658,-0.5312166213989258,-0.9070298671722412,-0.48334553837776186,0.8644645810127258,-0.13812316954135896,-0.4481382369995117,-0.10879134386777878,0.8873199224472046,0.752030074596405,0.49078041315078738,0.4399833679199219],"EasingStyle":"Constant","EasingDirection":"In"}}},{"Time":0.20000000298023225,"poses":{"Left Leg":{"Weight":1,"CFrame":[0.23384684324264527,0.08022087812423706,-0.06537383794784546,0.7365819215774536,-0.4821956157684326,0.47427254915237429,0.46388208866119387,0.8704763054847717,0.16457338631153108,-0.4921995997428894,0.09878474473953247,0.8648590445518494],"EasingStyle":"Constant","EasingDirection":"In"},"Right Arm":{"Weight":1,"CFrame":[-0.6165136098861694,-0.4214327037334442,0.6366243958473206,0.4608156681060791,-0.5034425258636475,0.7308861613273621,0.7995914816856384,0.5928595662117004,-0.09576549381017685,-0.38510042428970339,0.6285405158996582,0.675747275352478],"EasingStyle":"Constant","EasingDirection":"In"},"Head":{"Weight":1,"CFrame":[1.043081283569336e-7,-2.2351741790771486e-8,1.1920928955078126e-7,0.9893730282783508,0.021848659962415696,0.1437486708164215,0.007768556475639343,0.9792901277542114,-0.20231293141841889,-0.14519190788269044,0.2012796849012375,0.9687134623527527],"EasingStyle":"Constant","EasingDirection":"In"},"Right Leg":{"Weight":1,"CFrame":[0.42242276668548586,0.07806134223937988,0.0016551315784454346,0.9540771245956421,0.2990991771221161,-0.016628436744213105,-0.2957907021045685,0.9493955373764038,0.10562185198068619,0.04737844318151474,-0.09585291147232056,0.9942673444747925],"EasingStyle":"Constant","EasingDirection":"In"},"Torso":{"Weight":1,"CFrame":[0.04110058769583702,0.1764116734266281,-0.12375830113887787,0.8869390487670898,0.45902031660079958,0.05137566477060318,-0.45835742354393008,0.8609771728515625,0.22051465511322022,0.056987423449754718,-0.2191314697265625,0.9740296602249146],"EasingStyle":"Constant","EasingDirection":"In"},"HumanoidRootPart":{"Weight":0,"CFrame":[0,0,0,1,0,0,0,1,0,0,0,1],"EasingStyle":"Linear","EasingDirection":"In"},"Left Arm":{"Weight":1,"CFrame":[-1.2322618961334229,-0.5370147824287415,-0.8345456123352051,-0.45080646872520449,0.8638260364532471,-0.22489573061466218,-0.42825084924697878,0.01175432838499546,0.9035834670066834,0.7831824421882629,0.5036530494689941,0.36463525891304018],"EasingStyle":"Constant","EasingDirection":"In"}}},{"Time":0.23333333432674409,"poses":{"Left Leg":{"Weight":1,"CFrame":[0.23384684324264527,0.08022087812423706,-0.06537383794784546,0.7365819215774536,-0.4821956157684326,0.47427254915237429,0.46388208866119387,0.8704763054847717,0.16457338631153108,-0.4921995997428894,0.09878474473953247,0.8648590445518494],"EasingStyle":"Constant","EasingDirection":"In"},"Right Arm":{"Weight":1,"CFrame":[-0.6165136098861694,-0.4214327037334442,0.6366243958473206,0.4608156681060791,-0.5034425258636475,0.7308861613273621,0.7995914816856384,0.5928595662117004,-0.09576549381017685,-0.38510042428970339,0.6285405158996582,0.675747275352478],"EasingStyle":"Constant","EasingDirection":"In"},"Head":{"Weight":1,"CFrame":[1.043081283569336e-7,-2.2351741790771486e-8,1.1920928955078126e-7,0.9893730282783508,0.021848659962415696,0.1437486708164215,0.007768556475639343,0.9792901277542114,-0.20231293141841889,-0.14519190788269044,0.2012796849012375,0.9687134623527527],"EasingStyle":"Constant","EasingDirection":"In"},"Right Leg":{"Weight":1,"CFrame":[0.42242276668548586,0.07806134223937988,0.0016551315784454346,0.9540771245956421,0.2990991771221161,-0.016628436744213105,-0.2957907021045685,0.9493955373764038,0.10562185198068619,0.04737844318151474,-0.09585291147232056,0.9942673444747925],"EasingStyle":"Constant","EasingDirection":"In"},"Torso":{"Weight":1,"CFrame":[0.04110058769583702,0.1764116734266281,-0.12375830113887787,0.8869390487670898,0.45902031660079958,0.05137566477060318,-0.45835742354393008,0.8609771728515625,0.22051465511322022,0.056987423449754718,-0.2191314697265625,0.9740296602249146],"EasingStyle":"Constant","EasingDirection":"In"},"HumanoidRootPart":{"Weight":0,"CFrame":[0,0,0,1,0,0,0,1,0,0,0,1],"EasingStyle":"Linear","EasingDirection":"In"},"Left Arm":{"Weight":1,"CFrame":[-1.2322618961334229,-0.5370147824287415,-0.8345456123352051,-0.45080646872520449,0.8638260364532471,-0.22489573061466218,-0.42825084924697878,0.01175432838499546,0.9035834670066834,0.7831824421882629,0.5036530494689941,0.36463525891304018],"EasingStyle":"Constant","EasingDirection":"In"}}},{"Time":0.2666666805744171,"poses":{"Left Leg":{"Weight":1,"CFrame":[0.23384684324264527,0.08022087812423706,-0.06537383794784546,0.7365819215774536,-0.4821956157684326,0.47427254915237429,0.46388208866119387,0.8704763054847717,0.16457338631153108,-0.4921995997428894,0.09878474473953247,0.8648590445518494],"EasingStyle":"Constant","EasingDirection":"In"},"Right Arm":{"Weight":1,"CFrame":[-0.6165136098861694,-0.4214327037334442,0.6366243958473206,0.4608156681060791,-0.5034425258636475,0.7308861613273621,0.7995914816856384,0.5928595662117004,-0.09576549381017685,-0.38510042428970339,0.6285405158996582,0.675747275352478],"EasingStyle":"Constant","EasingDirection":"In"},"Head":{"Weight":1,"CFrame":[1.043081283569336e-7,-2.2351741790771486e-8,1.1920928955078126e-7,0.9893730282783508,0.021848659962415696,0.1437486708164215,0.007768556475639343,0.9792901277542114,-0.20231293141841889,-0.14519190788269044,0.2012796849012375,0.9687134623527527],"EasingStyle":"Constant","EasingDirection":"In"},"Right Leg":{"Weight":1,"CFrame":[0.42242276668548586,0.07806134223937988,0.0016551315784454346,0.9540771245956421,0.2990991771221161,-0.016628436744213105,-0.2957907021045685,0.9493955373764038,0.10562185198068619,0.04737844318151474,-0.09585291147232056,0.9942673444747925],"EasingStyle":"Constant","EasingDirection":"In"},"Torso":{"Weight":1,"CFrame":[0.04110058769583702,0.1764116734266281,-0.12375830113887787,0.8869390487670898,0.45902031660079958,0.05137566477060318,-0.45835742354393008,0.8609771728515625,0.22051465511322022,0.056987423449754718,-0.2191314697265625,0.9740296602249146],"EasingStyle":"Constant","EasingDirection":"In"},"HumanoidRootPart":{"Weight":0,"CFrame":[0,0,0,1,0,0,0,1,0,0,0,1],"EasingStyle":"Linear","EasingDirection":"In"},"Left Arm":{"Weight":1,"CFrame":[-1.2322618961334229,-0.5370147824287415,-0.8345456123352051,-0.45080646872520449,0.8638260364532471,-0.22489573061466218,-0.42825084924697878,0.01175432838499546,0.9035834670066834,0.7831824421882629,0.5036530494689941,0.36463525891304018],"EasingStyle":"Constant","EasingDirection":"In"}}},{"Time":0.30000001192092898,"poses":{"Left Leg":{"Weight":1,"CFrame":[0.23384684324264527,0.08022087812423706,-0.06537383794784546,0.7365819215774536,-0.4821956157684326,0.47427254915237429,0.46388208866119387,0.8704763054847717,0.16457338631153108,-0.4921995997428894,0.09878474473953247,0.8648590445518494],"EasingStyle":"Constant","EasingDirection":"In"},"Right Arm":{"Weight":1,"CFrame":[-0.6165136098861694,-0.4214327037334442,0.6366243958473206,0.4608156681060791,-0.5034425258636475,0.7308861613273621,0.7995914816856384,0.5928595662117004,-0.09576549381017685,-0.38510042428970339,0.6285405158996582,0.675747275352478],"EasingStyle":"Constant","EasingDirection":"In"},"Head":{"Weight":1,"CFrame":[1.043081283569336e-7,-2.2351741790771486e-8,1.1920928955078126e-7,0.9893730282783508,0.021848659962415696,0.1437486708164215,0.007768556475639343,0.9792901277542114,-0.20231293141841889,-0.14519190788269044,0.2012796849012375,0.9687134623527527],"EasingStyle":"Constant","EasingDirection":"In"},"Right Leg":{"Weight":1,"CFrame":[0.42242276668548586,0.07806134223937988,0.0016551315784454346,0.9540771245956421,0.2990991771221161,-0.016628436744213105,-0.2957907021045685,0.9493955373764038,0.10562185198068619,0.04737844318151474,-0.09585291147232056,0.9942673444747925],"EasingStyle":"Constant","EasingDirection":"In"},"Torso":{"Weight":1,"CFrame":[0.04110058769583702,0.1764116734266281,-0.12375830113887787,0.8869390487670898,0.45902031660079958,0.05137566477060318,-0.45835742354393008,0.8609771728515625,0.22051465511322022,0.056987423449754718,-0.2191314697265625,0.9740296602249146],"EasingStyle":"Constant","EasingDirection":"In"},"HumanoidRootPart":{"Weight":0,"CFrame":[0,0,0,1,0,0,0,1,0,0,0,1],"EasingStyle":"Linear","EasingDirection":"In"},"Left Arm":{"Weight":1,"CFrame":[-1.2322618961334229,-0.5370147824287415,-0.8345456123352051,-0.45080646872520449,0.8638260364532471,-0.22489573061466218,-0.42825084924697878,0.01175432838499546,0.9035834670066834,0.7831824421882629,0.5036530494689941,0.36463525891304018],"EasingStyle":"Constant","EasingDirection":"In"}}},{"Time":0.3333333432674408,"poses":{"Left Leg":{"Weight":1,"CFrame":[0.23445837199687959,0.08731061220169068,-0.0670725405216217,0.7601628303527832,-0.4425288438796997,0.4757317006587982,0.40933406352996828,0.8947972655296326,0.1782791167497635,-0.5045771598815918,0.059212032705545428,0.8613337874412537],"EasingStyle":"Constant","EasingDirection":"In"},"Right Arm":{"Weight":1,"CFrame":[-0.6165134906768799,-0.4214327931404114,0.6366240978240967,0.4608156383037567,-0.5034427046775818,0.7308860421180725,0.799591600894928,0.5928595066070557,-0.09576544165611267,-0.38510027527809145,0.6285403966903687,0.6757474541664124],"EasingStyle":"Constant","EasingDirection":"In"},"Head":{"Weight":1,"CFrame":[1.043081283569336e-7,-5.960464477539063e-8,2.384185791015625e-7,0.9886665940284729,0.09408719092607498,0.11698725074529648,-0.08014364540576935,0.9896948337554932,-0.11866406351327896,-0.12694641947746278,0.10794339329004288,0.9860186576843262],"EasingStyle":"Constant","EasingDirection":"In"},"Right Leg":{"Weight":1,"CFrame":[0.23650799691677094,0.041859209537506106,0.004571735858917236,0.9866637587547302,0.16076511144638062,-0.025479206815361978,-0.15896733105182649,0.9853694438934326,0.06145269051194191,0.034986041486263278,-0.05658278986811638,0.9977847337722778],"EasingStyle":"Constant","EasingDirection":"In"},"Torso":{"Weight":1,"CFrame":[0.053691647946834567,0.1372462809085846,-0.06518293172121048,0.8873697519302368,0.45614755153656008,0.06711448729038239,-0.4606328010559082,0.8708531856536865,0.1715579330921173,0.019808871671557428,-0.18315044045448304,0.9828853011131287],"EasingStyle":"Constant","EasingDirection":"In"},"HumanoidRootPart":{"Weight":0,"CFrame":[0,0,0,1,0,0,0,1,0,0,0,1],"EasingStyle":"Linear","EasingDirection":"In"},"Left Arm":{"Weight":1,"CFrame":[-1.3138837814331055,-0.23035338521003724,-0.8791138529777527,-0.5050693154335022,0.8598294258117676,0.07482117414474487,-0.4535340964794159,-0.3381637632846832,0.824592113494873,0.7343104481697083,0.38254234194755556,0.5607580542564392],"EasingStyle":"Constant","EasingDirection":"In"}}},{"Time":0.36666667461395266,"poses":{"Left Leg":{"Weight":1,"CFrame":[0.23445837199687959,0.08731061220169068,-0.0670725405216217,0.7601628303527832,-0.4425288438796997,0.4757317006587982,0.40933406352996828,0.8947972655296326,0.1782791167497635,-0.5045771598815918,0.059212032705545428,0.8613337874412537],"EasingStyle":"Constant","EasingDirection":"In"},"Right Arm":{"Weight":1,"CFrame":[-0.6165134906768799,-0.4214327931404114,0.6366240978240967,0.4608156383037567,-0.5034427046775818,0.7308860421180725,0.799591600894928,0.5928595066070557,-0.09576544165611267,-0.38510027527809145,0.6285403966903687,0.6757474541664124],"EasingStyle":"Constant","EasingDirection":"In"},"Head":{"Weight":1,"CFrame":[1.043081283569336e-7,-5.960464477539063e-8,2.384185791015625e-7,0.9886665940284729,0.09408719092607498,0.11698725074529648,-0.08014364540576935,0.9896948337554932,-0.11866406351327896,-0.12694641947746278,0.10794339329004288,0.9860186576843262],"EasingStyle":"Constant","EasingDirection":"In"},"Right Leg":{"Weight":1,"CFrame":[0.23650799691677094,0.041859209537506106,0.004571735858917236,0.9866637587547302,0.16076511144638062,-0.025479206815361978,-0.15896733105182649,0.9853694438934326,0.06145269051194191,0.034986041486263278,-0.05658278986811638,0.9977847337722778],"EasingStyle":"Constant","EasingDirection":"In"},"Torso":{"Weight":1,"CFrame":[0.053691647946834567,0.1372462809085846,-0.06518293172121048,0.8873697519302368,0.45614755153656008,0.06711448729038239,-0.4606328010559082,0.8708531856536865,0.1715579330921173,0.019808871671557428,-0.18315044045448304,0.9828853011131287],"EasingStyle":"Constant","EasingDirection":"In"},"HumanoidRootPart":{"Weight":0,"CFrame":[0,0,0,1,0,0,0,1,0,0,0,1],"EasingStyle":"Linear","EasingDirection":"In"},"Left Arm":{"Weight":1,"CFrame":[-1.3138837814331055,-0.23035338521003724,-0.8791138529777527,-0.5050693154335022,0.8598294258117676,0.07482117414474487,-0.4535340964794159,-0.3381637632846832,0.824592113494873,0.7343104481697083,0.38254234194755556,0.5607580542564392],"EasingStyle":"Constant","EasingDirection":"In"}}},{"Time":0.4000000059604645,"poses":{"Left Leg":{"Weight":1,"CFrame":[0.23445837199687959,0.08731061220169068,-0.0670725405216217,0.7601628303527832,-0.4425288438796997,0.4757317006587982,0.40933406352996828,0.8947972655296326,0.1782791167497635,-0.5045771598815918,0.059212032705545428,0.8613337874412537],"EasingStyle":"Constant","EasingDirection":"In"},"Right Arm":{"Weight":1,"CFrame":[-0.6165134906768799,-0.4214327931404114,0.6366240978240967,0.4608156383037567,-0.5034427046775818,0.7308860421180725,0.799591600894928,0.5928595066070557,-0.09576544165611267,-0.38510027527809145,0.6285403966903687,0.6757474541664124],"EasingStyle":"Constant","EasingDirection":"In"},"Head":{"Weight":1,"CFrame":[1.043081283569336e-7,-5.960464477539063e-8,2.384185791015625e-7,0.9886665940284729,0.09408719092607498,0.11698725074529648,-0.08014364540576935,0.9896948337554932,-0.11866406351327896,-0.12694641947746278,0.10794339329004288,0.9860186576843262],"EasingStyle":"Constant","EasingDirection":"In"},"Right Leg":{"Weight":1,"CFrame":[0.23650799691677094,0.041859209537506106,0.004571735858917236,0.9866637587547302,0.16076511144638062,-0.025479206815361978,-0.15896733105182649,0.9853694438934326,0.06145269051194191,0.034986041486263278,-0.05658278986811638,0.9977847337722778],"EasingStyle":"Constant","EasingDirection":"In"},"Torso":{"Weight":1,"CFrame":[0.053691647946834567,0.1372462809085846,-0.06518293172121048,0.8873697519302368,0.45614755153656008,0.06711448729038239,-0.4606328010559082,0.8708531856536865,0.1715579330921173,0.019808871671557428,-0.18315044045448304,0.9828853011131287],"EasingStyle":"Constant","EasingDirection":"In"},"HumanoidRootPart":{"Weight":0,"CFrame":[0,0,0,1,0,0,0,1,0,0,0,1],"EasingStyle":"Linear","EasingDirection":"In"},"Left Arm":{"Weight":1,"CFrame":[-1.3138837814331055,-0.23035338521003724,-0.8791138529777527,-0.5050693154335022,0.8598294258117676,0.07482117414474487,-0.4535340964794159,-0.3381637632846832,0.824592113494873,0.7343104481697083,0.38254234194755556,0.5607580542564392],"EasingStyle":"Constant","EasingDirection":"In"}}},{"Time":0.4333333373069763,"poses":{"Left Leg":{"Weight":1,"CFrame":[0.23445837199687959,0.08731061220169068,-0.0670725405216217,0.7601628303527832,-0.4425288438796997,0.4757317006587982,0.40933406352996828,0.8947972655296326,0.1782791167497635,-0.5045771598815918,0.059212032705545428,0.8613337874412537],"EasingStyle":"Constant","EasingDirection":"In"},"Right Arm":{"Weight":1,"CFrame":[-0.6165134906768799,-0.4214327931404114,0.6366240978240967,0.4608156383037567,-0.5034427046775818,0.7308860421180725,0.799591600894928,0.5928595066070557,-0.09576544165611267,-0.38510027527809145,0.6285403966903687,0.6757474541664124],"EasingStyle":"Constant","EasingDirection":"In"},"Head":{"Weight":1,"CFrame":[1.043081283569336e-7,-5.960464477539063e-8,2.384185791015625e-7,0.9886665940284729,0.09408719092607498,0.11698725074529648,-0.08014364540576935,0.9896948337554932,-0.11866406351327896,-0.12694641947746278,0.10794339329004288,0.9860186576843262],"EasingStyle":"Constant","EasingDirection":"In"},"Right Leg":{"Weight":1,"CFrame":[0.23650799691677094,0.041859209537506106,0.004571735858917236,0.9866637587547302,0.16076511144638062,-0.025479206815361978,-0.15896733105182649,0.9853694438934326,0.06145269051194191,0.034986041486263278,-0.05658278986811638,0.9977847337722778],"EasingStyle":"Constant","EasingDirection":"In"},"Torso":{"Weight":1,"CFrame":[0.053691647946834567,0.1372462809085846,-0.06518293172121048,0.8873697519302368,0.45614755153656008,0.06711448729038239,-0.4606328010559082,0.8708531856536865,0.1715579330921173,0.019808871671557428,-0.18315044045448304,0.9828853011131287],"EasingStyle":"Constant","EasingDirection":"In"},"HumanoidRootPart":{"Weight":0,"CFrame":[0,0,0,1,0,0,0,1,0,0,0,1],"EasingStyle":"Linear","EasingDirection":"In"},"Left Arm":{"Weight":1,"CFrame":[-1.3138837814331055,-0.23035338521003724,-0.8791138529777527,-0.5050693154335022,0.8598294258117676,0.07482117414474487,-0.4535340964794159,-0.3381637632846832,0.824592113494873,0.7343104481697083,0.38254234194755556,0.5607580542564392],"EasingStyle":"Constant","EasingDirection":"In"}}},{"Time":0.46666666865348818,"poses":{"Left Leg":{"Weight":1,"CFrame":[-0.26568570733070376,0.0001868605613708496,0.3199411630630493,0.35473233461380007,-0.7838240265846252,0.5096908211708069,0.7291955351829529,0.5731337666511536,0.37388694286346438,-0.5851827263832092,0.2390345335006714,0.7748701572418213],"EasingStyle":"Constant","EasingDirection":"In"},"Right Arm":{"Weight":1,"CFrame":[-0.6165136694908142,-0.42143258452415469,0.636624276638031,0.4608156383037567,-0.503442645072937,0.7308861017227173,0.7995915412902832,0.5928595662117004,-0.0957653596997261,-0.3851003646850586,0.6285403966903687,0.6757473945617676],"EasingStyle":"Constant","EasingDirection":"In"},"Head":{"Weight":1,"CFrame":[1.341104507446289e-7,0,8.940696716308594e-8,0.9860433340072632,0.003195618512108922,-0.16645827889442445,-0.03358494117856026,0.9830796122550964,-0.18007372319698335,0.1630662977695465,0.1831509917974472,0.9694663882255554],"EasingStyle":"Constant","EasingDirection":"In"},"Right Leg":{"Weight":1,"CFrame":[0.6891649961471558,0.08504903316497803,-0.0219535231590271,0.9143398404121399,0.4026593863964081,0.042989227920770648,-0.39922553300857546,0.9141092300415039,-0.0708756297826767,-0.06783544272184372,0.04764196276664734,0.9965583682060242],"EasingStyle":"Constant","EasingDirection":"In"},"Torso":{"Weight":1,"CFrame":[0.1580284684896469,0.12269262224435806,-0.37465909123420718,0.837802529335022,0.5089858174324036,0.19753555953502656,-0.5392350554466248,0.8280727863311768,0.15336580574512483,-0.08551278710365296,-0.2350083589553833,0.9682244658470154],"EasingStyle":"Constant","EasingDirection":"In"},"HumanoidRootPart":{"Weight":0,"CFrame":[0,0,0,1,0,0,0,1,0,0,0,1],"EasingStyle":"Linear","EasingDirection":"In"},"Left Arm":{"Weight":1,"CFrame":[-1.193998098373413,-0.5026875138282776,-0.7548852562904358,-0.5098922252655029,0.852783739566803,-0.1130031943321228,-0.35815706849098208,-0.09101644158363342,0.9292144775390625,0.7821338772773743,0.514272153377533,0.3518390953540802],"EasingStyle":"Constant","EasingDirection":"In"}}},{"Time":0.5,"poses":{"Left Leg":{"Weight":1,"CFrame":[-0.26568570733070376,0.0001868605613708496,0.3199411630630493,0.35473233461380007,-0.7838240265846252,0.5096908211708069,0.7291955351829529,0.5731337666511536,0.37388694286346438,-0.5851827263832092,0.2390345335006714,0.7748701572418213],"EasingStyle":"Constant","EasingDirection":"In"},"Right Arm":{"Weight":1,"CFrame":[-0.6165136694908142,-0.42143258452415469,0.636624276638031,0.4608156383037567,-0.503442645072937,0.7308861017227173,0.7995915412902832,0.5928595662117004,-0.0957653596997261,-0.3851003646850586,0.6285403966903687,0.6757473945617676],"EasingStyle":"Constant","EasingDirection":"In"},"Head":{"Weight":1,"CFrame":[1.341104507446289e-7,0,8.940696716308594e-8,0.9860433340072632,0.003195618512108922,-0.16645827889442445,-0.03358494117856026,0.9830796122550964,-0.18007372319698335,0.1630662977695465,0.1831509917974472,0.9694663882255554],"EasingStyle":"Constant","EasingDirection":"In"},"Right Leg":{"Weight":1,"CFrame":[0.6891649961471558,0.08504903316497803,-0.0219535231590271,0.9143398404121399,0.4026593863964081,0.042989227920770648,-0.39922553300857546,0.9141092300415039,-0.0708756297826767,-0.06783544272184372,0.04764196276664734,0.9965583682060242],"EasingStyle":"Constant","EasingDirection":"In"},"Torso":{"Weight":1,"CFrame":[0.1580284684896469,0.12269262224435806,-0.37465909123420718,0.837802529335022,0.5089858174324036,0.19753555953502656,-0.5392350554466248,0.8280727863311768,0.15336580574512483,-0.08551278710365296,-0.2350083589553833,0.9682244658470154],"EasingStyle":"Constant","EasingDirection":"In"},"HumanoidRootPart":{"Weight":0,"CFrame":[0,0,0,1,0,0,0,1,0,0,0,1],"EasingStyle":"Linear","EasingDirection":"In"},"Left Arm":{"Weight":1,"CFrame":[-1.193998098373413,-0.5026875138282776,-0.7548852562904358,-0.5098922252655029,0.852783739566803,-0.1130031943321228,-0.35815706849098208,-0.09101644158363342,0.9292144775390625,0.7821338772773743,0.514272153377533,0.3518390953540802],"EasingStyle":"Constant","EasingDirection":"In"}}},{"Time":0.5333333611488342,"poses":{"Left Leg":{"Weight":1,"CFrame":[-0.26568570733070376,0.0001868605613708496,0.3199411630630493,0.35473233461380007,-0.7838240265846252,0.5096908211708069,0.7291955351829529,0.5731337666511536,0.37388694286346438,-0.5851827263832092,0.2390345335006714,0.7748701572418213],"EasingStyle":"Constant","EasingDirection":"In"},"Right Arm":{"Weight":1,"CFrame":[-0.6165136694908142,-0.42143258452415469,0.636624276638031,0.4608156383037567,-0.503442645072937,0.7308861017227173,0.7995915412902832,0.5928595662117004,-0.0957653596997261,-0.3851003646850586,0.6285403966903687,0.6757473945617676],"EasingStyle":"Constant","EasingDirection":"In"},"Head":{"Weight":1,"CFrame":[1.341104507446289e-7,0,8.940696716308594e-8,0.9860433340072632,0.003195618512108922,-0.16645827889442445,-0.03358494117856026,0.9830796122550964,-0.18007372319698335,0.1630662977695465,0.1831509917974472,0.9694663882255554],"EasingStyle":"Constant","EasingDirection":"In"},"Right Leg":{"Weight":1,"CFrame":[0.6891649961471558,0.08504903316497803,-0.0219535231590271,0.9143398404121399,0.4026593863964081,0.042989227920770648,-0.39922553300857546,0.9141092300415039,-0.0708756297826767,-0.06783544272184372,0.04764196276664734,0.9965583682060242],"EasingStyle":"Constant","EasingDirection":"In"},"Torso":{"Weight":1,"CFrame":[0.1580284684896469,0.12269262224435806,-0.37465909123420718,0.837802529335022,0.5089858174324036,0.19753555953502656,-0.5392350554466248,0.8280727863311768,0.15336580574512483,-0.08551278710365296,-0.2350083589553833,0.9682244658470154],"EasingStyle":"Constant","EasingDirection":"In"},"HumanoidRootPart":{"Weight":0,"CFrame":[0,0,0,1,0,0,0,1,0,0,0,1],"EasingStyle":"Linear","EasingDirection":"In"},"Left Arm":{"Weight":1,"CFrame":[-1.193998098373413,-0.5026875138282776,-0.7548852562904358,-0.5098922252655029,0.852783739566803,-0.1130031943321228,-0.35815706849098208,-0.09101644158363342,0.9292144775390625,0.7821338772773743,0.514272153377533,0.3518390953540802],"EasingStyle":"Constant","EasingDirection":"In"}}},{"Time":0.5666666626930237,"poses":{"Left Leg":{"Weight":1,"CFrame":[-0.07459011673927307,-0.044637322425842288,0.13222533464431764,0.5851698517799377,-0.666903018951416,0.4613203704357147,0.6549681425094605,0.7241230010986328,0.21601523458957673,-0.4781140089035034,0.17574459314346314,0.8605352640151978],"EasingStyle":"Constant","EasingDirection":"In"},"Right Arm":{"Weight":1,"CFrame":[-0.6165136098861694,-0.4214329421520233,0.636624276638031,0.4608156383037567,-0.5034427046775818,0.7308859825134277,0.7995915412902832,0.5928595066070557,-0.09576541185379029,-0.3851003348827362,0.6285403966903687,0.6757475137710571],"EasingStyle":"Constant","EasingDirection":"In"},"Head":{"Weight":1,"CFrame":[7.776543498039246e-8,1.4901161193847657e-8,0,0.9998717904090881,-0.01554452907294035,0.003837297670543194,0.016010016202926637,0.9678582549095154,-0.250986248254776,0.00018749760056380183,0.2510155141353607,0.967983067035675],"EasingStyle":"Constant","EasingDirection":"In"},"Right Leg":{"Weight":1,"CFrame":[0.5147567391395569,0.07070779800415039,0.009073317050933838,0.9289882779121399,0.36931112408638,-0.02429034747183323,-0.36709296703338625,0.9277927875518799,0.06665854901075363,0.04715428501367569,-0.05300820246338844,0.9974801540374756],"EasingStyle":"Constant","EasingDirection":"In"},"Torso":{"Weight":1,"CFrame":[0.0735941231250763,0.1764117032289505,-0.1982407420873642,0.8885448575019836,0.4494723379611969,0.09199260175228119,-0.45835748314857485,0.8609771728515625,0.2205146998167038,0.019911719486117364,-0.23810265958309174,0.9710358381271362],"EasingStyle":"Constant","EasingDirection":"In"},"HumanoidRootPart":{"Weight":0,"CFrame":[0,0,0,1,0,0,0,1,0,0,0,1],"EasingStyle":"Linear","EasingDirection":"In"},"Left Arm":{"Weight":1,"CFrame":[-1.1571409702301026,-0.6441630125045776,-0.744988203048706,-0.45952534675598147,0.8566638827323914,-0.23444263637065888,-0.4645153284072876,-0.006827227771282196,0.8855387568473816,0.7570085525512695,0.5158298015594482,0.40107080340385439],"EasingStyle":"Constant","EasingDirection":"In"}}},{"Time":0.6000000238418579,"poses":{"Left Leg":{"Weight":1,"CFrame":[-0.07459011673927307,-0.044637322425842288,0.13222533464431764,0.5851698517799377,-0.666903018951416,0.4613203704357147,0.6549681425094605,0.7241230010986328,0.21601523458957673,-0.4781140089035034,0.17574459314346314,0.8605352640151978],"EasingStyle":"Constant","EasingDirection":"In"},"Right Arm":{"Weight":1,"CFrame":[-0.6165136098861694,-0.4214329421520233,0.636624276638031,0.4608156383037567,-0.5034427046775818,0.7308859825134277,0.7995915412902832,0.5928595066070557,-0.09576541185379029,-0.3851003348827362,0.6285403966903687,0.6757475137710571],"EasingStyle":"Constant","EasingDirection":"In"},"Head":{"Weight":1,"CFrame":[7.776543498039246e-8,1.4901161193847657e-8,0,0.9998717904090881,-0.01554452907294035,0.003837297670543194,0.016010016202926637,0.9678582549095154,-0.250986248254776,0.00018749760056380183,0.2510155141353607,0.967983067035675],"EasingStyle":"Constant","EasingDirection":"In"},"Right Leg":{"Weight":1,"CFrame":[0.5147567391395569,0.07070779800415039,0.009073317050933838,0.9289882779121399,0.36931112408638,-0.02429034747183323,-0.36709296703338625,0.9277927875518799,0.06665854901075363,0.04715428501367569,-0.05300820246338844,0.9974801540374756],"EasingStyle":"Constant","EasingDirection":"In"},"Torso":{"Weight":1,"CFrame":[0.0735941231250763,0.1764117032289505,-0.1982407420873642,0.8885448575019836,0.4494723379611969,0.09199260175228119,-0.45835748314857485,0.8609771728515625,0.2205146998167038,0.019911719486117364,-0.23810265958309174,0.9710358381271362],"EasingStyle":"Constant","EasingDirection":"In"},"HumanoidRootPart":{"Weight":0,"CFrame":[0,0,0,1,0,0,0,1,0,0,0,1],"EasingStyle":"Linear","EasingDirection":"In"},"Left Arm":{"Weight":1,"CFrame":[-1.1571409702301026,-0.6441630125045776,-0.744988203048706,-0.45952534675598147,0.8566638827323914,-0.23444263637065888,-0.4645153284072876,-0.006827227771282196,0.8855387568473816,0.7570085525512695,0.5158298015594482,0.40107080340385439],"EasingStyle":"Constant","EasingDirection":"In"}}},{"Time":0.6333333253860474,"poses":{"Left Leg":{"Weight":1,"CFrame":[-0.07459011673927307,-0.044637322425842288,0.13222533464431764,0.5851698517799377,-0.666903018951416,0.4613203704357147,0.6549681425094605,0.7241230010986328,0.21601523458957673,-0.4781140089035034,0.17574459314346314,0.8605352640151978],"EasingStyle":"Constant","EasingDirection":"In"},"Right Arm":{"Weight":1,"CFrame":[-0.6165136098861694,-0.4214329421520233,0.636624276638031,0.4608156383037567,-0.5034427046775818,0.7308859825134277,0.7995915412902832,0.5928595066070557,-0.09576541185379029,-0.3851003348827362,0.6285403966903687,0.6757475137710571],"EasingStyle":"Constant","EasingDirection":"In"},"Head":{"Weight":1,"CFrame":[7.776543