{"Sequence":[{"Time":0,"poses":{"Left Leg":{"Weight":1,"CFrame":[-0.833450973033905,0.39198464155197146,-0.378845751285553,0.9541311860084534,-0.22994248569011689,-0.1917298585176468,0.29718145728111269,0.8050349354743958,0.5134219527244568,0.036291707307100299,-0.5468503832817078,0.8364433646202087],"EasingStyle":"Linear","EasingDirection":"In"},"Right Arm":{"Weight":1,"CFrame":[0.2694477140903473,-0.41340184211730959,0.12691152095794679,0.13097409904003144,-0.46808597445487978,0.8739230036735535,0.7554627060890198,0.6179456114768982,0.21776002645492555,-0.6419671773910523,0.6316952705383301,0.4345562756061554],"EasingStyle":"Linear","EasingDirection":"In"},"Head":{"Weight":1,"CFrame":[7.636845111846924e-8,-9.73232090473175e-8,1.1920928955078126e-7,0.9890415072441101,0.05789085105061531,-0.13581505417823792,-0.039868392050266269,0.990467369556427,0.13185207545757295,0.14215341210365296,-0.12499245256185532,0.9819212555885315],"EasingStyle":"Linear","EasingDirection":"In"},"Right Leg":{"Weight":1,"CFrame":[0.07441340386867523,-0.20172357559204102,0.11681652069091797,0.8490617275238037,0.02213609591126442,-0.5278295874595642,-0.28676292300224306,0.8584295511245728,-0.4252833425998688,0.4436904191970825,0.5124537944793701,0.7352074980735779],"EasingStyle":"Linear","EasingDirection":"In"},"Torso":{"Weight":1,"CFrame":[-0.10610151290893555,-0.07388940453529358,-0.24857378005981446,0.9727429747581482,-0.04048192873597145,0.22832506895065309,0.07537773996591568,0.9863714575767517,-0.1462518274784088,-0.2192927449941635,0.15947605669498444,0.962537407875061],"EasingStyle":"Linear","EasingDirection":"In"},"HumanoidRootPart":{"Weight":1,"CFrame":[0,0,0,1,0,0,0,1,0,0,0,1],"EasingStyle":"Linear","EasingDirection":"In"},"Left Arm":{"Weight":1,"CFrame":[-0.09494855254888535,0.01598411798477173,0.5149065256118774,-0.29282447695732119,0.5405135750770569,-0.7887325882911682,-0.8031949400901794,0.30850493907928469,0.5096103549003601,0.5187791585922241,0.782732367515564,0.3437998294830322],"EasingStyle":"Linear","EasingDirection":"In"}}},{"Time":0.03333333507180214,"poses":{"Left Leg":{"Weight":1,"CFrame":[-0.824758768081665,0.3873887062072754,-0.35466521978378298,0.9565466046333313,-0.23036621510982514,-0.17874610424041749,0.28981226682662966,0.8185461163520813,0.4959748387336731,0.03205609321594238,-0.5262258648872376,0.8497405052185059],"EasingStyle":"Linear","EasingDirection":"In"},"Right Arm":{"Weight":1,"CFrame":[0.27487993240356448,-0.45069241523742678,0.01184535026550293,-0.0926697850227356,-0.4401298761367798,0.8931394815444946,0.7550228834152222,0.5537121891975403,0.3512027859687805,-0.6491169929504395,0.7068865895271301,0.2809957265853882],"EasingStyle":"Linear","EasingDirection":"In"},"Head":{"Weight":1,"CFrame":[5.587935447692871e-8,4.98257577419281e-8,0,0.9898625612258911,0.0547993965446949,-0.1310313493013382,-0.037494100630283359,0.9906643629074097,0.13106635212898255,0.13699045777320863,-0.12482478469610214,0.9826761484146118],"EasingStyle":"Linear","EasingDirection":"In"},"Right Leg":{"Weight":1,"CFrame":[0.0779738649725914,-0.19207751750946046,0.11499011516571045,0.8559964299201965,0.021319283172488214,-0.5165418386459351,-0.2722315192222595,0.8679912090301514,-0.41530850529670718,0.43949979543685915,0.4961216449737549,0.7488013505935669],"EasingStyle":"Linear","EasingDirection":"In"},"Torso":{"Weight":1,"CFrame":[-0.10143816471099854,-0.07363355159759522,-0.23863434791564942,0.9744356870651245,-0.03836968168616295,0.22136619687080384,0.07200338691473007,0.9866708517074585,-0.14593197405338288,-0.21281622350215913,0.15814043581485749,0.9642099738121033],"EasingStyle":"Linear","EasingDirection":"In"},"HumanoidRootPart":{"Weight":1,"CFrame":[0,0,0,1,0,0,0,1,0,0,0,1],"EasingStyle":"Linear","EasingDirection":"In"},"Left Arm":{"Weight":1,"CFrame":[-0.19905628263950349,-0.11175987124443054,0.44461190700531008,-0.3099134564399719,0.4456057548522949,-0.8398745656013489,-0.782725989818573,0.38187792897224429,0.49143582582473757,0.5397161841392517,0.8096943497657776,0.23043811321258546],"EasingStyle":"Linear","EasingDirection":"In"}}},{"Time":0.06666667014360428,"poses":{"Left Leg":{"Weight":1,"CFrame":[-0.7983073592185974,0.3706941604614258,-0.2880926728248596,0.9627251625061035,-0.23067280650138856,-0.14124633371829987,0.2698812484741211,0.8539925217628479,0.4448156952857971,0.018016425892710687,-0.46635499596595766,0.8844141960144043],"EasingStyle":"Linear","EasingDirection":"In"},"Right Arm":{"Weight":1,"CFrame":[0.2849688231945038,-0.46667397022247317,-0.20184844732284547,-0.28188782930374148,-0.40054333209991457,0.8718396425247192,0.7259213328361511,0.5051307678222656,0.46677741408348086,-0.6273574233055115,0.764465868473053,0.14837267994880677],"EasingStyle":"Linear","EasingDirection":"In"},"Head":{"Weight":1,"CFrame":[-2.60770320892334e-8,-9.080395102500916e-9,3.5762786865234377e-7,0.9919893741607666,0.04613817110657692,-0.1175946295261383,-0.030816901475191118,0.9911752939224243,0.12892575562000276,0.12250529229640961,-0.12426907569169998,0.9846572279930115],"EasingStyle":"Linear","EasingDirection":"In"},"Right Leg":{"Weight":1,"CFrame":[0.09049756824970246,-0.1642073392868042,0.11093759536743164,0.8753781914710999,0.01999388448894024,-0.4830249845981598,-0.2326875925064087,0.8932216763496399,-0.3847227096557617,0.4237563908100128,0.4491717517375946,0.7865592241287231],"EasingStyle":"Linear","EasingDirection":"In"},"Torso":{"Weight":1,"CFrame":[-0.08797621726989746,-0.07283368706703186,-0.21229910850524903,0.9790270328521729,-0.03244762867689133,0.2011302411556244,0.06250201165676117,0.9874656200408936,-0.14493218064308167,-0.19390647113323213,0.15446355938911439,0.9687834978103638],"EasingStyle":"Linear","EasingDirection":"In"},"HumanoidRootPart":{"Weight":1,"CFrame":[0,0,0,1,0,0,0,1,0,0,0,1],"EasingStyle":"Linear","EasingDirection":"In"},"Left Arm":{"Weight":1,"CFrame":[-0.2553671598434448,-0.26258426904678347,0.28996312618255618,-0.3340286314487457,0.3536871671676636,-0.8736878037452698,-0.7561286687850952,0.45287200808525088,0.4724155366420746,0.5627561211585999,0.8184207081794739,0.11616075038909912],"EasingStyle":"Linear","EasingDirection":"In"}}},{"Time":0.10000000149011612,"poses":{"Left Leg":{"Weight":1,"CFrame":[-0.750282883644104,0.33392375707626345,-0.19052833318710328,0.970425009727478,-0.22773553431034089,-0.08007471263408661,0.24118198454380036,0.9004555344581604,0.36195459961891177,-0.010326228104531765,-0.3705624043941498,0.9287501573562622],"EasingStyle":"Linear","EasingDirection":"In"},"Right Arm":{"Weight":1,"CFrame":[0.2904012203216553,-0.47006431221961977,-0.31691449880599978,-0.40391555428504946,-0.3717713952064514,0.8358458876609802,0.7033665776252747,0.45800191164016726,0.5436081290245056,-0.5849169492721558,0.8074777126312256,0.07649736851453781],"EasingStyle":"Linear","EasingDirection":"In"},"Head":{"Weight":1,"CFrame":[8.847564458847046e-8,-4.0046870708465579e-8,-5.960464477539063e-8,0.9947577714920044,0.03282834589481354,-0.096847303211689,-0.020483525469899179,0.9918428659439087,0.1258106380701065,0.10018745064735413,-0.12316733598709107,0.9873157143592835],"EasingStyle":"Linear","EasingDirection":"In"},"Right Leg":{"Weight":1,"CFrame":[0.11360596120357514,-0.12041854858398438,0.10429251194000244,0.9042305946350098,0.018623020499944688,-0.42663824558258059,-0.1753024458885193,0.9271796941757202,-0.33106955885887148,0.3894047737121582,0.37415391206741335,0.8416489362716675],"EasingStyle":"Linear","EasingDirection":"In"},"Torso":{"Weight":1,"CFrame":[-0.06681936979293823,-0.07131636142730713,-0.17510080337524415,0.9853665828704834,-0.023251023143529893,0.16885577142238618,0.04783745855093002,0.9885607957839966,-0.14303551614284516,-0.1635984629392624,0.1490200161933899,0.9752070307731628],"EasingStyle":"Linear","EasingDirection":"In"},"HumanoidRootPart":{"Weight":1,"CFrame":[0,0,0,1,0,0,0,1,0,0,0,1],"EasingStyle":"Linear","EasingDirection":"In"},"Left Arm":{"Weight":1,"CFrame":[-0.27846139669418337,-0.38836854696273806,0.1353144645690918,-0.34734633564949038,0.26531746983528139,-0.8994206190109253,-0.7236947417259216,0.5341023206710815,0.4370361864566803,0.5963360071182251,0.8027087450027466,0.006490272935479879],"EasingStyle":"Linear","EasingDirection":"In"}}},{"Time":0.13333334028720857,"poses":{"Left Leg":{"Weight":1,"CFrame":[-0.6751779913902283,0.2686777710914612,-0.0793619155883789,0.9761744737625122,-0.2169666290283203,0.002997082192450762,0.20922134816646577,0.9448096752166748,0.2521134614944458,-0.05753190815448761,-0.24547964334487916,0.9676931500434876],"EasingStyle":"Linear","EasingDirection":"In"},"Right Arm":{"Weight":1,"CFrame":[0.2118442952632904,-0.42239299416542055,-0.23028159141540528,-0.4533958435058594,-0.35465550422668459,0.817711353302002,0.7104365229606628,0.4102233052253723,0.5718362927436829,-0.538249135017395,0.8402001857757568,0.0659666433930397],"EasingStyle":"Linear","EasingDirection":"In"},"Head":{"Weight":1,"CFrame":[7.310882210731507e-8,-1.023290678858757e-7,2.384185791015625e-7,0.9974120855331421,0.015806209295988084,-0.0701378732919693,-0.0071395887061953548,0.9924877882003784,0.12213589251041413,0.07154147326946259,-0.12131907790899277,0.9900321364402771],"EasingStyle":"Linear","EasingDirection":"In"},"Right Leg":{"Weight":1,"CFrame":[0.14825820922851563,-0.06372511386871338,0.09210741519927979,0.9381588697433472,0.016777431592345239,-0.34579816460609438,-0.10993354022502899,0.9615679383277893,-0.25159892439842226,0.3282873034477234,0.27405452728271487,0.9039478898048401],"EasingStyle":"Linear","EasingDirection":"In"},"Torso":{"Weight":1,"CFrame":[-0.03940761089324951,-0.06881764531135559,-0.13285183906555177,0.9919310808181763,-0.011256108991801739,0.1262783408164978,0.029042812064290048,0.9897379279136658,-0.13991208374500276,-0.12340760976076126,0.14245061576366425,0.9820786118507385],"EasingStyle":"Linear","EasingDirection":"In"},"HumanoidRootPart":{"Weight":1,"CFrame":[0,0,0,1,0,0,0,1,0,0,0,1],"EasingStyle":"Linear","EasingDirection":"In"},"Left Arm":{"Weight":1,"CFrame":[-0.28291943669319155,-0.44098997116088869,0.06501972675323487,-0.32868847250938418,0.1834612488746643,-0.9264480471611023,-0.6835392117500305,0.6307042837142944,0.367404580116272,0.6517194509506226,0.7540252804756165,-0.08190234750509262],"EasingStyle":"Linear","EasingDirection":"In"}}},{"Time":0.1666666716337204,"poses":{"Left Leg":{"Weight":1,"CFrame":[-0.569651186466217,0.17272502183914185,0.021613359451293947,0.9756333827972412,-0.19389933347702027,0.10267738997936249,0.18074314296245576,0.9755690693855286,0.12488780170679093,-0.12438460439443588,-0.10328643769025803,0.9868437051773071],"EasingStyle":"Linear","EasingDirection":"In"},"Right Arm":{"Weight":1,"CFrame":[0.1332872062921524,-0.3157094120979309,-0.03584963083267212,-0.4646584093570709,-0.3526112139225006,0.8122549057006836,0.7274141907691956,0.3710724115371704,0.5772122144699097,-0.5049367547035217,0.8590522408485413,0.08407243341207504],"EasingStyle":"Linear","EasingDirection":"In"},"Head":{"Weight":1,"CFrame":[1.284060999751091e-7,-1.257285475730896e-8,1.1920928955078126e-7,0.9992367029190064,-0.003966717980802059,-0.03886331617832184,0.008543015457689762,0.9929404258728027,0.11830645054578781,0.03811967000365257,-0.11854814738035202,0.9922164082527161],"EasingStyle":"Linear","EasingDirection":"In"},"Right Leg":{"Weight":1,"CFrame":[0.19431163370609284,0.0017650127410888672,0.07013905048370362,0.9704657196998596,0.01383514329791069,-0.24084219336509705,-0.050328414887189868,0.9879975318908691,-0.1460411697626114,0.23593097925186158,0.1538490206003189,0.9595140218734741],"EasingStyle":"Linear","EasingDirection":"In"},"Torso":{"Weight":1,"CFrame":[-0.007396534085273743,-0.06508532166481018,-0.09143352508544922,0.9971227049827576,0.003050826257094741,0.07574327290058136,0.007242151536047459,0.9907854795455933,-0.13524669408798219,-0.07545795291662216,0.13540609180927277,0.9879125952720642],"EasingStyle":"Linear","EasingDirection":"In"},"HumanoidRootPart":{"Weight":1,"CFrame":[0,0,0,1,0,0,0,1,0,0,0,1],"EasingStyle":"Linear","EasingDirection":"In"},"Left Arm":{"Weight":1,"CFrame":[-0.2541838586330414,-0.4186830222606659,0.06519412994384766,-0.08261293917894364,0.22802168130874635,-0.9701449871063232,-0.6590925455093384,0.7176759243011475,0.22480688989162446,0.747510552406311,0.6579873561859131,0.09099800139665604],"EasingStyle":"Linear","EasingDirection":"In"}}},{"Time":0.20000000298023225,"poses":{"Left Leg":{"Weight":1,"CFrame":[-0.43613651394844057,0.054988086223602298,0.08792948722839356,0.9651544690132141,-0.15634499490261079,0.20984065532684327,0.16117331385612489,0.986907958984375,-0.00600028783082962,-0.20615530014038087,0.039611879736185077,0.9777172803878784],"EasingStyle":"Linear","EasingDirection":"In"},"Right Arm":{"Weight":1,"CFrame":[0.14193466305732728,-0.19826257228851319,0.17925620079040528,-0.45485493540763857,-0.3756307363510132,0.8074706196784973,0.7447386384010315,0.3367418944835663,0.5761677622795105,-0.48833537101745608,0.8634272217750549,0.1265779435634613],"EasingStyle":"Linear","EasingDirection":"In"},"Head":{"Weight":1,"CFrame":[9.941868484020233e-8,-4.394678398966789e-8,-1.1920928955078126e-7,0.9996647238731384,-0.02550492249429226,-0.004488454665988684,0.025851480662822725,0.993066132068634,0.11467938125133515,0.0015324412379413844,-0.11475695669651032,0.9933925271034241],"EasingStyle":"Linear","EasingDirection":"In"},"Right Leg":{"Weight":1,"CFrame":[0.25050172209739687,0.07073569297790528,0.034607529640197757,0.9930353164672852,0.01011818740516901,-0.11738240718841553,-0.012527945451438427,0.9997252821922302,-0.019808975979685785,0.11714978516101837,0.02114155888557434,0.9928892850875855],"EasingStyle":"Linear","EasingDirection":"In"},"Torso":{"Weight":1,"CFrame":[0.02745421603322029,-0.05997934937477112,-0.056539058685302737,0.9996131658554077,0.019119104370474817,0.020202836021780969,-0.016360020264983178,0.9915273785591126,-0.12886425852775575,-0.022495433688163759,0.12848389148712159,0.9914564490318298],"EasingStyle":"Linear","EasingDirection":"In"},"HumanoidRootPart":{"Weight":1,"CFrame":[0,0,0,1,0,0,0,1,0,0,0,1],"EasingStyle":"Linear","EasingDirection":"In"},"Left Arm":{"Weight":1,"CFrame":[-0.185660719871521,-0.3640952706336975,0.066414475440979,0.5258951187133789,0.39333993196487429,-0.7541340589523315,-0.5703343152999878,0.8208493590354919,0.03041483834385872,0.6309939026832581,0.41411349177360537,0.6560158729553223],"EasingStyle":"Linear","EasingDirection":"In"}}},{"Time":0.23333333432674409,"poses":{"Left Leg":{"Weight":1,"CFrame":[-0.2841399312019348,-0.065529465675354,0.10419225692749024,0.943509578704834,-0.10604043304920197,0.3139190077781677,0.15232817828655244,0.9801702499389648,-0.12673789262771607,-0.29425475001335146,0.1673971265554428,0.9409528970718384],"EasingStyle":"Linear","EasingDirection":"In"},"Right Arm":{"Weight":1,"CFrame":[0.16504943370819093,-0.09330976009368897,0.37221193313598635,-0.43086081743240359,-0.4091179072856903,0.8043517470359802,0.7657778859138489,0.3058101534843445,0.5657424926757813,-0.4774341881275177,0.8597109317779541,0.18153172731399537],"EasingStyle":"Linear","EasingDirection":"In"},"Head":{"Weight":1,"CFrame":[8.987262845039368e-8,-7.28759914636612e-8,2.384185791015625e-7,0.998360812664032,-0.047812387347221377,0.031459107995033267,0.04403087496757507,0.992784857749939,0.11153271794319153,-0.03656477481126785,-0.10996472090482712,0.9932627081871033],"EasingStyle":"Linear","EasingDirection":"In"},"Right Leg":{"Weight":1,"CFrame":[0.3154793679714203,0.13752812147140504,-0.01636481285095215,0.9998940229415894,0.008179046213626862,0.012042124755680561,-0.009509568102657795,0.9933279156684876,0.11493125557899475,-0.011021689511835575,-0.11503361165523529,0.9933004975318909],"EasingStyle":"Linear","EasingDirection":"In"},"Torso":{"Weight":1,"CFrame":[0.06334628909826279,-0.05355075001716614,-0.03343939781188965,0.9986575245857239,0.0363069511950016,-0.03694555535912514,-0.04052938148379326,0.9918456673622131,-0.12082849442958832,0.03225737810134888,0.12216366082429886,0.9919856190681458],"EasingStyle":"Linear","EasingDirection":"In"},"HumanoidRootPart":{"Weight":1,"CFrame":[0,0,0,1,0,0,0,1,0,0,0,1],"EasingStyle":"Linear","EasingDirection":"In"},"Left Arm":{"Weight":1,"CFrame":[-0.10387502610683441,-0.29572436213493349,0.06972658634185791,0.9257756471633911,0.37343132495880129,-0.059065405279397967,-0.37528154253959658,0.9266067147254944,-0.023746473714709283,0.04586268961429596,0.04415002837777138,0.9979716539382935],"EasingStyle":"Linear","EasingDirection":"In"}}},{"Time":0.2666666805744171,"poses":{"Left Leg":{"Weight":1,"CFrame":[-0.12928298115730287,-0.16654598712921143,0.07208311557769776,0.9127642512321472,-0.04112657904624939,0.40641093254089358,0.14620906114578248,0.9618971347808838,-0.23103418946266175,-0.38142403960227969,0.27030080556869509,0.883998453617096],"EasingStyle":"Linear","EasingDirection":"In"},"Right Arm":{"Weight":1,"CFrame":[0.19839031994342805,-0.01786404848098755,0.511268138885498,-0.40795010328292849,-0.43970388174057009,0.8001483082771301,0.784399688243866,0.2796877920627594,0.5536171197891235,-0.4672192633152008,0.8534842133522034,0.23080481588840486],"EasingStyle":"Linear","EasingDirection":"In"},"Head":{"Weight":1,"CFrame":[1.257285475730896e-7,-3.984314389526844e-8,1.1920928955078126e-7,0.9952731728553772,-0.06990490853786469,0.06741447746753693,0.06229477375745773,0.9920830130577087,0.10904429107904434,-0.07450348138809204,-0.10432928055524826,0.9917483329772949],"EasingStyle":"Linear","EasingDirection":"In"},"Right Leg":{"Weight":1,"CFrame":[0.38890036940574648,0.1976381540298462,-0.08269274234771729,0.9913278818130493,0.012783464975655079,0.13078854978084565,-0.044566065073013309,0.9689808487892151,0.24308422207832337,-0.1236240491271019,-0.24680490791797639,0.9611474871635437],"EasingStyle":"Linear","EasingDirection":"In"},"Torso":{"Weight":1,"CFrame":[0.09845787286758423,-0.04607918858528137,-0.0268399715423584,0.9942850470542908,0.05388664826750755,-0.09215996414422989,-0.06408028304576874,0.9916976094245911,-0.11148899793624878,0.08538703620433808,0.11675750464200974,0.9894830584526062],"EasingStyle":"Linear","EasingDirection":"In"},"HumanoidRootPart":{"Weight":1,"CFrame":[0,0,0,1,0,0,0,1,0,0,0,1],"EasingStyle":"Linear","EasingDirection":"In"},"Left Arm":{"Weight":1,"CFrame":[-0.035351820290088657,-0.23207026720046998,0.07617664337158203,0.8670170903205872,0.2078743427991867,0.4528462886810303,-0.2657964825630188,0.9616667032241821,0.06744959205389023,-0.4214661419391632,-0.17884498834609986,0.8890336751937866],"EasingStyle":"Linear","EasingDirection":"In"}}},{"Time":0.30000001192092898,"poses":{"Left Leg":{"Weight":1,"CFrame":[-0.002266849856823683,-0.23745620250701905,0.015400886535644532,0.8758846521377564,0.02494058758020401,0.48187553882598879,0.14839519560337068,0.9363394379615784,-0.31819406151771548,-0.45913511514663699,0.3502093553543091,0.8164242506027222],"EasingStyle":"Linear","EasingDirection":"In"},"Right Arm":{"Weight":1,"CFrame":[0.23771628737449647,0.01106494665145874,0.5646756887435913,-0.4015609920024872,-0.45408686995506289,0.795332670211792,0.794718861579895,0.2588282525539398,0.549026370048523,-0.45516011118888857,0.8525333404541016,0.2569359242916107],"EasingStyle":"Linear","EasingDirection":"In"},"Head":{"Weight":1,"CFrame":[4.0978193283081057e-8,-8.865026757121086e-8,-1.7881393432617188e-7,0.9906479120254517,-0.09083503484725952,0.10181251913309097,0.07984316349029541,0.9910175204277039,0.10728198289871216,-0.1106429323554039,-0.09814963489770889,0.989001989364624],"EasingStyle":"Linear","EasingDirection":"In"},"Right Leg":{"Weight":1,"CFrame":[0.47076696157455447,0.2491268515586853,-0.16252148151397706,0.9741665124893189,0.028901582583785058,0.22397413849830628,-0.10881515592336655,0.9291248321533203,0.3533928692340851,-0.19788622856140138,-0.36863526701927187,0.9082671999931336],"EasingStyle":"Linear","EasingDirection":"In"},"Torso":{"Weight":1,"CFrame":[0.13093966245651246,-0.03805941343307495,-0.04114079475402832,0.987296462059021,0.071073979139328,-0.14210651814937592,-0.08595342934131623,0.9911190867424011,-0.10146432369947434,0.13363300263881684,0.11238990724086762,0.9846373796463013],"EasingStyle":"Linear","EasingDirection":"In"},"HumanoidRootPart":{"Weight":1,"CFrame":[0,0,0,1,0,0,0,1,0,0,0,1],"EasingStyle":"Linear","EasingDirection":"In"},"Left Arm":{"Weight":1,"CFrame":[-0.0066163912415504459,-0.19163095951080323,0.08681035041809082,0.7924306392669678,0.11162999272346497,0.599660336971283,-0.26212695240974429,0.9500241279602051,0.16953974962234498,-0.550766110420227,-0.2915356457233429,0.782089352607727],"EasingStyle":"Linear","EasingDirection":"In"}}},{"Time":0.3333333432674408,"poses":{"Left Leg":{"Weight":1,"CFrame":[0.06395630538463593,-0.2837545871734619,-0.02725064754486084,0.8406535387039185,0.0659097358584404,0.537547767162323,0.1762276142835617,0.9052571654319763,-0.38659200072288515,-0.5120990872383118,0.41972076892852785,0.7493924498558044],"EasingStyle":"Linear","EasingDirection":"In"},"Right Arm":{"Weight":1,"CFrame":[0.27969104051589968,0.009219229221343995,0.5109776258468628,-0.4129418730735779,-0.43523961305618288,0.8000286221504211,0.8065531253814697,0.23324564099311829,0.5432021021842957,-0.4230261743068695,0.8695763349533081,0.2547268569469452],"EasingStyle":"Linear","EasingDirection":"In"},"Head":{"Weight":1,"CFrame":[1.8440186977386475e-7,-3.4226104617118838e-8,-1.7881393432617188e-7,0.9850081205368042,-0.10971254855394364,0.13312476873397828,0.09588216245174408,0.98971027135849,0.10620815306901932,-0.14340731501579286,-0.09185158461332321,0.9853922128677368],"EasingStyle":"Linear","EasingDirection":"In"},"Right Leg":{"Weight":1,"CFrame":[0.5471550822257996,0.2892667055130005,-0.24551284313201905,0.9572519063949585,0.05096430703997612,0.28473037481307986,-0.17806954681873322,0.8795491456985474,0.4412305951118469,-0.22794726490974427,-0.4730706810951233,0.851025402545929],"EasingStyle":"Linear","EasingDirection":"In"},"Torso":{"Weight":1,"CFrame":[0.15893816947937013,-0.030143529176712037,-0.07280588150024414,0.9790719747543335,0.08706505596637726,-0.18395042419433595,-0.10526067018508911,0.99021977186203,-0.0915694460272789,0.1741788536310196,0.1090158224105835,0.9786610007286072],"EasingStyle":"Linear","EasingDirection":"In"},"HumanoidRootPart":{"Weight":1,"CFrame":[0,0,0,1,0,0,0,1,0,0,0,1],"EasingStyle":"Linear","EasingDirection":"In"},"Left Arm":{"Weight":1,"CFrame":[-0.008040115237236023,-0.17568111419677735,0.10502660274505615,0.7932280898094177,0.09868589788675308,0.6008747220039368,-0.3003896474838257,0.9217709302902222,0.24516217410564423,-0.5296747088432312,-0.3749661445617676,0.7608187794685364],"EasingStyle":"Linear","EasingDirection":"In"}}},{"Time":0.36666667461395266,"poses":{"Left Leg":{"Weight":1,"CFrame":[0.05961504206061363,-0.3172783851623535,-0.026830971240997316,0.8167231678962708,0.06836217641830445,0.5729658007621765,0.23274558782577516,0.8695729374885559,-0.43551400303840639,-0.5280083417892456,0.4890497028827667,0.6942893862724304],"EasingStyle":"Linear","EasingDirection":"In"},"Right Arm":{"Weight":1,"CFrame":[0.3245986998081207,-0.003700345754623413,0.37926816940307619,-0.4282335042953491,-0.39418989419937136,0.8131608366966248,0.8202523589134216,0.20805123448371888,0.5328234434127808,-0.3792126178741455,0.8951698541641235,0.23424050211906434],"EasingStyle":"Linear","EasingDirection":"In"},"Head":{"Weight":1,"CFrame":[1.0896474123001099e-7,-5.4249539971351626e-8,-1.1920928955078126e-7,0.9790981411933899,-0.12571310997009278,0.15988440811634065,0.10963898152112961,0.9883357286453247,0.10569754242897034,-0.1713070273399353,-0.08595870435237885,0.981460690498352],"EasingStyle":"Linear","EasingDirection":"In"},"Right Leg":{"Weight":1,"CFrame":[0.6102216839790344,0.3190315365791321,-0.32035350799560549,0.9449804425239563,0.07343421876430512,0.31877803802490237,-0.23526984453201295,0.8296349048614502,0.5063141584396362,-0.22728852927684785,-0.5534557700157166,0.8012657165527344],"EasingStyle":"Linear","EasingDirection":"In"},"Torso":{"Weight":1,"CFrame":[0.18067413568496705,-0.023059606552124025,-0.11409878730773926,0.9712598323822022,0.10106273740530014,-0.2155010998249054,-0.12127848714590073,0.989166259765625,-0.08271454274654389,0.20480705797672273,0.10647295415401459,0.9729941487312317],"EasingStyle":"Linear","EasingDirection":"In"},"HumanoidRootPart":{"Weight":1,"CFrame":[0,0,0,1,0,0,0,1,0,0,0,1],"EasingStyle":"Linear","EasingDirection":"In"},"Left Arm":{"Weight":1,"CFrame":[-0.01800648868083954,-0.16980478167533875,0.12515974044799806,0.7956873178482056,0.12817184627056123,0.5919912457466126,-0.35381531715393069,0.8916286826133728,0.28251221776008608,-0.49162620306015017,-0.4342470169067383,0.7548068165779114],"EasingStyle":"Linear","EasingDirection":"In"}}},{"Time":0.4000000059604645,"poses":{"Left Leg":{"Weight":1,"CFrame":[0.013653069734573365,-0.3412419557571411,0.007829546928405762,0.8075041770935059,0.041288819164037707,0.5884152054786682,0.29579246044158938,0.8347141742706299,-0.4644986391067505,-0.5103371143341065,0.5491333603858948,0.6618222594261169],"EasingStyle":"Linear","EasingDirection":"In"},"Right Arm":{"Weight":1,"CFrame":[0.37362849712371828,-0.03876796364784241,0.2136235237121582,-0.4435088336467743,-0.36125582456588747,0.8202404379844666,0.8191627860069275,0.20797857642173768,0.5345252752304077,-0.3636927008628845,0.9089769721031189,0.20368683338165284],"EasingStyle":"Linear","EasingDirection":"In"},"Head":{"Weight":1,"CFrame":[5.8673322200775149e-8,-4.190951585769653e-8,0,0.9738004207611084,-0.13807091116905213,0.18069124221801759,0.12036839127540589,0.9871003031730652,0.10556716471910477,-0.19293615221977235,-0.08105181902647019,0.9778580069541931],"EasingStyle":"Linear","EasingDirection":"In"},"Right Leg":{"Weight":1,"CFrame":[0.6597105264663696,0.34182143211364748,-0.37972134351730349,0.937840461730957,0.09482460469007492,0.333861768245697,-0.2751536965370178,0.7894373536109924,0.5487067103385925,-0.21153196692466737,-0.6064626574516296,0.7664575576782227],"EasingStyle":"Linear","EasingDirection":"In"},"Torso":{"Weight":1,"CFrame":[0.1945691704750061,-0.017529919743537904,-0.15735554695129395,0.965440571308136,0.11228332668542862,-0.23519565165042878,-0.13339224457740785,0.988160252571106,-0.07580240815877915,0.22389963269233704,0.10455600917339325,0.9689876437187195],"EasingStyle":"Linear","EasingDirection":"In"},"HumanoidRootPart":{"Weight":1,"CFrame":[0,0,0,1,0,0,0,1,0,0,0,1],"EasingStyle":"Linear","EasingDirection":"In"},"Left Arm":{"Weight":1,"CFrame":[-0.04505795240402222,-0.16896533966064454,0.13465964794158936,0.8057585954666138,0.20254670083522798,0.5565322041511536,-0.4223429262638092,0.8552808165550232,0.3002021908760071,-0.4151863753795624,-0.4769378900527954,0.7746939063072205],"EasingStyle":"Linear","EasingDirection":"In"}}},{"Time":0.4333333373069763,"poses":{"Left Leg":{"Weight":1,"CFrame":[-0.04943221062421799,-0.35102808475494387,0.05712735652923584,0.8108233213424683,0.0013621632242575288,0.5852894186973572,0.3425601124763489,0.8097233772277832,-0.47644591331481936,-0.47457146644592287,0.5868102312088013,0.6560759544372559],"EasingStyle":"Linear","EasingDirection":"In"},"Right Arm":{"Weight":1,"CFrame":[0.4262559711933136,-0.10307115316390991,0.05342721939086914,-0.45766282081604006,-0.33235570788383486,0.8246724605560303,0.7978246212005615,0.25588950514793398,0.5458905100822449,-0.39245477318763735,0.9077776074409485,0.14805032312870027],"EasingStyle":"Linear","EasingDirection":"In"},"Head":{"Weight":1,"CFrame":[1.043081283569336e-7,-4.190951585769653e-9,-1.1920928955078126e-7,0.970029890537262,-0.146053284406662,0.19419199228286744,0.12734703719615937,0.9862189888954163,0.10561750084161759,-0.20694158971309663,-0.07772234827280045,0.9752612709999085],"EasingStyle":"Linear","EasingDirection":"In"},"Right Leg":{"Weight":1,"CFrame":[0.6970083713531494,0.3598167300224304,-0.4190363883972168,0.9344269037246704,0.11469461023807526,0.3371817171573639,-0.29891833662986758,0.7672752141952515,0.5673946142196655,-0.19363395869731904,-0.6309785842895508,0.7512468099594116],"EasingStyle":"Linear","EasingDirection":"In"},"Torso":{"Weight":1,"CFrame":[0.19938504695892335,-0.01420128345489502,-0.19519591331481934,0.9628431797027588,0.11994405090808869,-0.24196375906467439,-0.1410083770751953,0.9874129295349121,-0.07164162397384644,0.2303251326084137,0.10309858620166779,0.9676368236541748],"EasingStyle":"Linear","EasingDirection":"In"},"HumanoidRootPart":{"Weight":1,"CFrame":[0,0,0,1,0,0,0,1,0,0,0,1],"EasingStyle":"Linear","EasingDirection":"In"},"Left Arm":{"Weight":1,"CFrame":[-0.10659150779247284,-0.19114446640014649,0.11795341968536377,0.8270821571350098,0.34951770305633547,0.44019603729248049,-0.5023572444915772,0.810958981513977,0.29997149109840395,-0.25213560461997988,-0.46923673152923586,0.846312403678894],"EasingStyle":"Linear","EasingDirection":"In"}}},{"Time":0.46666666865348818,"poses":{"Left Leg":{"Weight":1,"CFrame":[-0.11818233132362366,-0.34017372131347659,0.10813260078430176,0.8234380483627319,-0.037851884961128238,0.5661422610282898,0.3624297082424164,0.802789568901062,-0.4734697639942169,-0.43657147884368899,0.5950597524642944,0.6747662425041199],"EasingStyle":"Linear","EasingDirection":"In"},"Right Arm":{"Weight":1,"CFrame":[0.47510337829589846,-0.18170180916786195,-0.08070820569992066,-0.46730464696884158,-0.2913188338279724,0.8347214460372925,0.7621099352836609,0.34582898020744326,0.5473489761352539,-0.44812384247779848,0.8919280767440796,0.06040937453508377],"EasingStyle":"Linear","EasingDirection":"In"},"Head":{"Weight":1,"CFrame":[1.778826117515564e-7,-5.820766091346741e-8,0,0.9686111807823181,-0.1489187777042389,0.1990368813276291,0.12985821068286897,0.9858844876289368,0.10568196326494217,-0.21196535229682923,-0.07651813328266144,0.9742770791053772],"EasingStyle":"Linear","EasingDirection":"In"},"Right Leg":{"Weight":1,"CFrame":[0.7234671115875244,0.37149232625961306,-0.4357783794403076,0.9327991008758545,0.13244257867336274,0.3351788818836212,-0.3104768693447113,0.7675634622573853,0.5607587099075317,-0.18300271034240724,-0.6271405220031738,0.7571029663085938],"EasingStyle":"Linear","EasingDirection":"In"},"Torso":{"Weight":1,"CFrame":[0.19481194019317628,-0.013577207922935486,-0.22071051597595216,0.9640911817550659,0.12322992831468582,-0.2352500855922699,-0.14346395432949067,0.9871153831481934,-0.07086154818534851,0.22348670661449433,0.10206690430641175,0.9693482518196106],"EasingStyle":"Linear","EasingDirection":"In"},"HumanoidRootPart":{"Weight":1,"CFrame":[0,0,0,1,0,0,0,1,0,0,0,1],"EasingStyle":"Linear","EasingDirection":"In"},"Left Arm":{"Weight":1,"CFrame":[-0.20342984795570374,-0.24834325909614564,0.07486891746520996,0.8007810115814209,0.5741496682167053,0.17059339582920075,-0.5978392362594605,0.7487852573394775,0.2861971855163574,0.03658216819167137,-0.3311688303947449,0.9428621530532837],"EasingStyle":"Linear","EasingDirection":"In"}}},{"Time":0.5,"poses":{"Left Leg":{"Weight":1,"CFrame":[-0.18783514201641084,-0.30592918395996096,0.14883291721343995,0.8452538847923279,-0.07344070822000504,0.5292943716049194,0.35503676533699038,0.817460298538208,-0.45354989171028139,-0.39936813712120058,0.571283757686615,0.7170355319976807],"EasingStyle":"Linear","EasingDirection":"In"},"Right Arm":{"Weight":1,"CFrame":[0.5110787749290466,-0.2527395188808441,-0.17286378145217896,-0.4679623246192932,-0.24985656142234803,0.8476928472518921,0.7121965289115906,0.4612997770309448,0.5291301608085632,-0.5232470631599426,0.8513367176055908,-0.03792405128479004],"EasingStyle":"Linear","EasingDirection":"In"},"Head":{"Weight":1,"CFrame":[1.3783574104309083e-7,-4.516914486885071e-8,3.5762786865234377e-7,0.9704667925834656,-0.1444881707429886,0.19317759573459626,0.12594303488731385,0.9864522218704224,0.10512161254882813,-0.20574930310249329,-0.07768765091896057,0.9755162596702576],"EasingStyle":"Linear","EasingDirection":"In"},"Right Leg":{"Weight":1,"CFrame":[0.7317120432853699,0.38009393215179446,-0.4092068672180176,0.9393619894981384,0.1508042961359024,0.3079887628555298,-0.3006579875946045,0.7941352128982544,0.5281610488891602,-0.16493572294712068,-0.5887337327003479,0.7913210391998291],"EasingStyle":"Linear","EasingDirection":"In"},"Torso":{"Weight":1,"CFrame":[0.18219465017318726,-0.015615075826644898,-0.22774839401245118,0.968989908695221,0.11961822211742401,-0.21621771156787873,-0.13830390572547913,0.9876655340194702,-0.07340888679027558,0.20476974546909333,0.10103622823953629,0.9735815525054932],"EasingStyle":"Linear","EasingDirection":"In"},"HumanoidRootPart":{"Weight":1,"CFrame":[0,0,0,1,0,0,0,1,0,0,0,1],"EasingStyle":"Linear","EasingDirection":"In"},"Left Arm":{"Weight":1,"CFrame":[-0.31925442814826968,-0.32655394077301028,0.01595759391784668,0.5881062150001526,0.7648463249206543,-0.2629472315311432,-0.7044927477836609,0.6441349387168884,0.2979598343372345,0.39726701378822329,0.010012350976467133,0.917648434638977],"EasingStyle":"Linear","EasingDirection":"In"}}},{"Time":0.5333333611488342,"poses":{"Left Leg":{"Weight":1,"CFrame":[-0.25529441237449648,-0.25121009349823,0.16883563995361329,0.8753645420074463,-0.10284162312746048,0.4723987579345703,0.32302406430244448,0.85141521692276,-0.4132162928581238,-0.3597117066383362,0.5143109560012817,0.7785189151763916],"EasingStyle":"Linear","EasingDirection":"In"},"Right Arm":{"Weight":1,"CFrame":[0.5250909924507141,-0.294264554977417,-0.20712000131607057,-0.4521043002605438,-0.2171759456396103,0.8651221990585327,0.646325945854187,0.5886569619178772,0.48553675413131716,-0.6147069931030273,0.7786640524864197,-0.12576794624328614],"EasingStyle":"Linear","EasingDirection":"In"},"Head":{"Weight":1,"CFrame":[1.210719347000122e-7,-6.728805601596832e-8,2.384185791015625e-7,0.9754060506820679,-0.131919726729393,0.17657984793186189,0.11486098170280457,0.9879633188247681,0.10361210256814957,-0.18812289834022523,-0.0807817205786705,0.9788177013397217],"EasingStyle":"Linear","EasingDirection":"In"},"Right Leg":{"Weight":1,"CFrame":[0.7090585827827454,0.3813428282737732,-0.3218403458595276,0.957421600818634,0.16845539212226869,0.2344496250152588,-0.26281601190567019,0.8446448445320129,0.466372013092041,-0.11946369707584381,-0.508131742477417,0.8529540300369263],"EasingStyle":"Linear","EasingDirection":"In"},"Torso":{"Weight":1,"CFrame":[0.16315656900405885,-0.019607380032539369,-0.21274256706237794,0.9764880537986755,0.10800065100193024,-0.18656615912914277,-0.12437798827886582,0.9891328811645508,-0.07839926332235336,0.17607152462005616,0.09976068139076233,0.9793092608451843],"EasingStyle":"Linear","EasingDirection":"In"},"HumanoidRootPart":{"Weight":1,"CFrame":[0,0,0,1,0,0,0,1,0,0,0,1],"EasingStyle":"Linear","EasingDirection":"In"},"Left Arm":{"Weight":1,"CFrame":[-0.43774649500846865,-0.4117685556411743,-0.04822969436645508,0.15501311421394349,0.7255532741546631,-0.6704800128936768,-0.7754455804824829,0.5098605751991272,0.3724597692489624,0.6120908260345459,0.4621846079826355,0.6416621208190918],"EasingStyle":"Linear","EasingDirection":"In"}}},{"Time":0.5666666626930237,"poses":{"Left Leg":{"Weight":1,"CFrame":[-0.32271257042884829,-0.1820681095123291,0.16579508781433106,0.9103823304176331,-0.12627707421779633,0.39402809739112856,0.27557575702667239,0.8953954577445984,-0.3497501313686371,-0.3086455762386322,0.42699092626571658,0.8499510288238525],"EasingStyle":"Linear","EasingDirection":"In"},"Right Arm":{"Weight":1,"CFrame":[0.50049889087677,-0.3092670440673828,-0.1871880292892456,-0.34521254897117617,-0.22746610641479493,0.9105424284934998,0.5777193307876587,0.7130897045135498,0.3971693217754364,-0.7396409511566162,0.6631457805633545,-0.11475598067045212],"EasingStyle":"Linear","EasingDirection":"In"},"Head":{"Weight":1,"CFrame":[9.220093488693237e-8,-9.330688044428826e-8,-4.76837158203125e-7,0.9821497797966003,-0.11239133775234223,0.15083149075508119,0.097682423889637,0.9900140166282654,0.10163833200931549,-0.16074855625629426,-0.08509045839309693,0.9833206534385681],"EasingStyle":"Linear","EasingDirection":"In"},"Right Leg":{"Weight":1,"CFrame":[0.6466568112373352,0.35862773656845095,-0.19038522243499757,0.9771387577056885,0.17774370312690736,0.11664985865354538,-0.20899292826652528,0.9037337303161621,0.37361380457878115,-0.03901283070445061,-0.3894514739513397,0.9202203154563904],"EasingStyle":"Linear","EasingDirection":"In"},"Torso":{"Weight":1,"CFrame":[0.1392815113067627,-0.024757012724876405,-0.18103957176208497,0.9849160313606262,0.08957207947969437,-0.1480448991060257,-0.10288359224796295,0.9910690188407898,-0.08483631908893585,0.13912373781204225,0.09878803789615631,0.9853352308273315],"EasingStyle":"Linear","EasingDirection":"In"},"HumanoidRootPart":{"Weight":1,"CFrame":[0,0,0,1,0,0,0,1,0,0,0,1],"EasingStyle":"Linear","EasingDirection":"In"},"Left Arm":{"Weight":1,"CFrame":[-0.5425878763198853,-0.48997992277145388,-0.10714083909988404,-0.2597053647041321,0.4896337687969208,-0.8323532938957214,-0.7810314893722534,0.40040719509124758,0.47923263907432558,0.5679287314414978,0.7745534181594849,0.27843141555786135],"EasingStyle":"Linear","EasingDirection":"In"}}},{"Time":0.6000000238418579,"poses":{"Left Leg":{"Weight":1,"CFrame":[-0.3897894620895386,-0.10587525367736817,0.13897085189819337,0.9450316429138184,-0.14208722114562989,0.2944934666156769,0.2230263650417328,0.9387268424034119,-0.2627761662006378,-0.23911181092262269,0.31401151418685915,0.9188157916069031],"EasingStyle":"Linear","EasingDirection":"In"},"Right Arm":{"Weight":1,"CFrame":[0.4392135441303253,-0.31697070598602297,-0.13751637935638429,-0.07440900802612305,-0.28365325927734377,0.9560357332229614,0.4947020709514618,0.8219132423400879,0.2823623716831207,-0.8658713698387146,0.49396300315856936,0.07916604727506638],"EasingStyle":"Linear","EasingDirection":"In"},"Head":{"Weight":1,"CFrame":[9.872019290924072e-8,-6.594927981495857e-8,1.1920928955078126e-7,0.989241898059845,-0.08709097653627396,0.1175406351685524,0.07549329102039337,0.9921436905860901,0.09975824505090714,-0.12530525028705598,-0.08981149643659592,0.9880448579788208],"EasingStyle":"Linear","EasingDirection":"In"},"Right Leg":{"Weight":1,"CFrame":[0.5366858243942261,0.29825693368911745,-0.047279298305511478,0.984789252281189,0.1697598248720169,-0.037038400769233707,-0.1549934446811676,0.9546176195144653,0.2543271481990814,0.07853207737207413,-0.24471786618232728,0.9664088487625122],"EasingStyle":"Linear","EasingDirection":"In"},"Torso":{"Weight":1,"CFrame":[0.11206105351448059,-0.03023107349872589,-0.1401526927947998,0.9925669431686401,0.06558111310005188,-0.10251837223768234,-0.07507587224245072,0.9929544925689697,-0.09167890250682831,0.09578367322683335,0.0986941009759903,0.990497350692749],"EasingStyle":"Linear","EasingDirection":"In"},"HumanoidRootPart":{"Weight":1,"CFrame":[0,0,0,1,0,0,0,1,0,0,0,1],"EasingStyle":"Linear","EasingDirection":"In"},"Left Arm":{"Weight":1,"CFrame":[-0.6174594759941101,-0.5471786260604858,-0.15022534132003785,-0.49254173040390017,0.28524041175842287,-0.8222169280052185,-0.7575361132621765,0.3245617747306824,0.5663910508155823,0.4284176826477051,0.9018301963806152,0.05621955543756485],"EasingStyle":"Linear","EasingDirection":"In"}}},{"Time":0.6333333253860474,"poses":{"Left Leg":{"Weight":1,"CFrame":[-0.45380204916000368,-0.030298352241516115,0.08998405933380127,0.9727839827537537,-0.1482698768377304,0.17806601524353028,0.17659887671470643,0.9719259738922119,-0.15547670423984528,-0.1500144898891449,0.18269146978855134,0.9716581106185913],"EasingStyle":"Linear","EasingDirection":"In"},"Right Arm":{"Weight":1,"CFrame":[0.3599720895290375,-0.3198094666004181,-0.0732911229133606,0.3257847726345062,-0.3464915156364441,0.8796635866165161,0.3856365978717804,0.8982061743736267,0.21097403764724732,-0.8632199764251709,0.27049821615219118,0.42624157667160036],"EasingStyle":"Linear","EasingDirection":"In"},"Head":{"Weight":1,"CFrame":[1.1827796697616577e-7,-8.323695510625839e-8,-5.960464477539063e