{"Sequence":[{"Time":0,"poses":{"Left Leg":{"Weight":1,"CFrame":[-0.36521682143211367,0.11888229846954346,-0.003802180290222168,0.9919323325157166,-0.12596264481544496,0.014276993460953236,0.12405355274677277,0.9876939058303833,0.09524428099393845,-0.02609853819012642,-0.09270473569631577,0.9953515529632568],"EasingStyle":"Linear","EasingDirection":"In"},"Right Arm":{"Weight":1,"CFrame":[0.2195044308900833,-0.5021718740463257,0.1629493236541748,0.07067601382732392,-0.9942592978477478,-0.08033259958028794,0.7648991346359253,0.00232745916582644,0.6441459655761719,-0.640261173248291,-0.10697214305400849,0.7606725096702576],"EasingStyle":"Linear","EasingDirection":"In"},"Head":{"Weight":1,"CFrame":[8.149072527885437e-8,-1.618172973394394e-8,-1.1920928955078126e-7,0.9999276995658875,0.01131253968924284,-0.004078540485352278,-0.011602607555687428,0.9967281222343445,-0.07999011129140854,0.0031603043898940088,0.08003164082765579,0.9967873692512512],"EasingStyle":"Linear","EasingDirection":"In"},"Right Leg":{"Weight":1,"CFrame":[0.301414430141449,0.031637370586395267,0.049692511558532718,0.9322875738143921,0.33023110032081606,-0.14760534465312959,-0.3225758969783783,0.9436622262001038,0.07379937171936035,0.16366049647331239,-0.021188365295529367,0.9862892031669617],"EasingStyle":"Linear","EasingDirection":"In"},"Torso":{"Weight":1,"CFrame":[0.01187456026673317,0.05670666694641113,-0.0960841178894043,0.9986052513122559,-0.050667691975831988,0.014843112789094448,0.04963059350848198,0.9967507719993591,0.06344207376241684,-0.01800934597849846,-0.06261692941188812,0.9978751540184021],"EasingStyle":"Linear","EasingDirection":"In"},"HumanoidRootPart":{"Weight":1,"CFrame":[0,0,0,1,0,0,0,1,0,0,0,1],"EasingStyle":"Linear","EasingDirection":"In"},"Left Arm":{"Weight":1,"CFrame":[-0.18617241084575654,-0.5400773286819458,0.19343960285186768,-0.23546302318572999,0.9703695774078369,0.05422215908765793,-0.6120671629905701,-0.19139474630355836,0.7672951221466065,0.7549377679824829,0.14748205244541169,0.6389977931976318],"EasingStyle":"Linear","EasingDirection":"In"}}},{"Time":0.03333333507180214,"poses":{"Left Leg":{"Weight":1,"CFrame":[-0.46091753244400027,0.1920340657234192,-0.01052999496459961,0.9852054119110107,-0.1692371666431427,0.02700350619852543,0.16343751549720765,0.9752276539802551,0.14906159043312074,-0.051561370491981509,-0.14244286715984345,0.9884591698646545],"EasingStyle":"Linear","EasingDirection":"In"},"Right Arm":{"Weight":1,"CFrame":[0.31283098459243777,-0.5879437327384949,0.13613951206207276,-0.03055022656917572,-0.998428463935852,0.046983033418655398,0.7090212106704712,0.011484716087579728,0.7050936222076416,-0.7045251727104187,0.05485261231660843,0.7075560688972473],"EasingStyle":"Linear","EasingDirection":"In"},"Head":{"Weight":1,"CFrame":[1.103617250919342e-7,5.238689482212067e-9,-4.172325134277344e-7,0.9997650980949402,0.014083879068493843,-0.01647515967488289,-0.01508344803005457,0.9979491233825684,-0.06220918521285057,0.015565223060548306,0.062443070113658908,0.9979272484779358],"EasingStyle":"Linear","EasingDirection":"In"},"Right Leg":{"Weight":1,"CFrame":[0.3889382779598236,0.015696704387664796,0.05859506130218506,0.9204161167144775,0.36595243215560915,-0.13752451539039613,-0.3668101727962494,0.9300813674926758,0.019978122785687448,0.13522008061408997,0.032057203352451327,0.9902969598770142],"EasingStyle":"Linear","EasingDirection":"In"},"Torso":{"Weight":1,"CFrame":[-0.010365232825279236,0.04883113503456116,-0.1443631649017334,0.9976713061332703,-0.05590800195932388,0.03906966745853424,0.05377781763672829,0.9971134662628174,0.053597670048475268,-0.0419534333050251,-0.05137177184224129,0.9977980256080627],"EasingStyle":"Linear","EasingDirection":"In"},"HumanoidRootPart":{"Weight":1,"CFrame":[0,0,0,1,0,0,0,1,0,0,0,1],"EasingStyle":"Linear","EasingDirection":"In"},"Left Arm":{"Weight":1,"CFrame":[-0.27568113803863528,-0.5857282280921936,0.16664719581604005,-0.35876715183258059,0.9328330755233765,-0.03329586237668991,-0.45766791701316836,-0.14470645785331727,0.8772684931755066,0.8135270476341248,0.32997360825538638,0.4788437783718109],"EasingStyle":"Linear","EasingDirection":"In"}}},{"Time":0.06666667014360428,"poses":{"Left Leg":{"Weight":1,"CFrame":[-0.5344863533973694,0.27218812704086306,-0.016696631908416749,0.9782189130783081,-0.20147255063056947,0.04996694251894951,0.18817536532878877,0.9623283743858337,0.19625051319599152,-0.0876237228512764,-0.1825733482837677,0.9792798757553101],"EasingStyle":"Linear","EasingDirection":"In"},"Right Arm":{"Weight":1,"CFrame":[0.42349502444267275,-0.7766411900520325,0.07715749740600586,-0.2833804786205292,-0.9141623973846436,0.2898324429988861,0.5754013061523438,0.0797012597322464,0.8139785528182983,-0.767208456993103,0.3974355161190033,0.503424346446991],"EasingStyle":"Linear","EasingDirection":"In"},"Head":{"Weight":1,"CFrame":[9.080395102500916e-8,2.9103830456733706e-10,0,0.999247670173645,0.022225752472877504,-0.03178536891937256,-0.023705774918198587,0.998615026473999,-0.0469701774418354,0.030697394162416459,0.04768834263086319,0.9983904361724854],"EasingStyle":"Linear","EasingDirection":"In"},"Right Leg":{"Weight":1,"CFrame":[0.4943470358848572,0.008451879024505616,0.061716437339782718,0.9034084677696228,0.4127514064311981,-0.11614418029785156,-0.4185338318347931,0.9077166318893433,-0.029667504131793977,0.09318074584007263,0.0754120945930481,0.9927892684936523],"EasingStyle":"Linear","EasingDirection":"In"},"Torso":{"Weight":1,"CFrame":[-0.04267816245555878,0.04256632179021835,-0.2073509693145752,0.996155321598053,-0.0678890123963356,0.055370260030031207,0.0653897374868393,0.996809720993042,0.045766644179821017,-0.058300670236349109,-0.041970036923885348,0.9974164366722107],"EasingStyle":"Linear","EasingDirection":"In"},"HumanoidRootPart":{"Weight":1,"CFrame":[0,0,0,1,0,0,0,1,0,0,0,1],"EasingStyle":"Linear","EasingDirection":"In"},"Left Arm":{"Weight":1,"CFrame":[-0.4411639869213104,-0.6161577105522156,0.10941314697265625,-0.567459762096405,0.8223830461502075,-0.04093359038233757,-0.25762367248535159,-0.1301090121269226,0.9574454426765442,0.782060980796814,0.5538572072982788,0.28569692373275759],"EasingStyle":"Linear","EasingDirection":"In"}}},{"Time":0.10000000149011612,"poses":{"Left Leg":{"Weight":1,"CFrame":[-0.5825666785240173,0.3513716459274292,-0.02621704339981079,0.9727329015731812,-0.21996024250984193,0.07354182004928589,0.19686761498451234,0.950709342956543,0.2395726442337036,-0.12261337041854859,-0.21856220066547395,0.9680891036987305],"EasingStyle":"Linear","EasingDirection":"In"},"Right Arm":{"Weight":1,"CFrame":[0.5159562230110169,-0.9653385877609253,0.018175363540649415,-0.528337836265564,-0.7254796624183655,0.4410651624202728,0.4523937702178955,0.19905458390712739,0.8693199753761292,-0.71847003698349,0.6588296294212341,0.2230343073606491],"EasingStyle":"Linear","EasingDirection":"In"},"Head":{"Weight":1,"CFrame":[1.434236764907837e-7,-1.2223608791828156e-9,1.1920928955078126e-7,0.9980242848396301,0.03405693173408508,-0.05279908329248428,-0.0361953005194664,0.998540461063385,-0.0400872603058815,0.051356781274080279,0.04191913828253746,0.9978002309799194],"EasingStyle":"Linear","EasingDirection":"In"},"Right Leg":{"Weight":1,"CFrame":[0.583778440952301,0.004079461097717285,0.05834686756134033,0.8866574764251709,0.4530958831310272,-0.09242666512727738,-0.46006664633750918,0.8845006823539734,-0.0774431973695755,0.046662308275699618,0.11118794977664948,0.9927033185958862],"EasingStyle":"Linear","EasingDirection":"In"},"Torso":{"Weight":1,"CFrame":[-0.07607966661453247,0.03870851546525955,-0.27052807807922366,0.9941423535346985,-0.08345361799001694,0.06867673248052597,0.08077193051576615,0.9958913922309876,0.04094438999891281,-0.07181151956319809,-0.035157401114702228,0.9967983961105347],"EasingStyle":"Linear","EasingDirection":"In"},"HumanoidRootPart":{"Weight":1,"CFrame":[0,0,0,1,0,0,0,1,0,0,0,1],"EasingStyle":"Linear","EasingDirection":"In"},"Left Arm":{"Weight":1,"CFrame":[-0.5750914812088013,-0.6331259608268738,0.05645275115966797,-0.7137625813484192,0.6989390254020691,-0.04502611979842186,-0.134505033493042,-0.0736992210149765,0.9881684184074402,0.6873511075973511,0.7113738059997559,0.14661447703838349],"EasingStyle":"Linear","EasingDirection":"In"}}},{"Time":0.13333334028720857,"poses":{"Left Leg":{"Weight":1,"CFrame":[-0.6096511483192444,0.4184696078300476,-0.043134331703186038,0.9697873592376709,-0.22707442939281465,0.08916157484054566,0.19411693513393403,0.939653754234314,0.2817259132862091,-0.1477537900209427,-0.25590643286705019,0.9553433060646057],"EasingStyle":"Linear","EasingDirection":"In"},"Right Arm":{"Weight":1,"CFrame":[0.5546744465827942,-1.0511106252670289,-0.008634686470031739,-0.6215071082115173,-0.6201561689376831,0.478680819272995,0.4047957956790924,0.2689152956008911,0.8739708065986633,-0.670723021030426,0.7369470000267029,0.08390376716852188],"EasingStyle":"Linear","EasingDirection":"In"},"Head":{"Weight":1,"CFrame":[8.754432201385498e-8,3.4924596548080446e-9,-3.5762786865234377e-7,0.9955995678901672,0.04675700142979622,-0.08121208846569061,-0.051915355026721957,0.9966868758201599,-0.0626116394996643,0.07801548391580582,0.06655227392911911,0.9947283267974854],"EasingStyle":"Linear","EasingDirection":"In"},"Right Leg":{"Weight":1,"CFrame":[0.6393473148345947,-0.005622386932373047,0.05338692665100098,0.8745681047439575,0.47899848222732546,-0.07543906569480896,-0.4848659932613373,0.8657709956169128,-0.12387781590223313,0.005975722335278988,0.1449173390865326,0.989425778388977],"EasingStyle":"Linear","EasingDirection":"In"},"Torso":{"Weight":1,"CFrame":[-0.10167837142944336,0.03803552687168121,-0.3196439743041992,0.9915160536766052,-0.0993625596165657,0.08380439132452011,0.0962766781449318,0.9945464134216309,0.04010314866900444,-0.0873321145772934,-0.031694501638412479,0.9956749081611633],"EasingStyle":"Linear","EasingDirection":"In"},"HumanoidRootPart":{"Weight":1,"CFrame":[0,0,0,1,0,0,0,1,0,0,0,1],"EasingStyle":"Linear","EasingDirection":"In"},"Left Arm":{"Weight":1,"CFrame":[-0.6215704083442688,-0.6383916735649109,0.03346872329711914,-0.7788486480712891,0.6204561591148377,-0.09180907905101776,-0.13721348345279694,-0.025720585137605668,0.9902075529098511,0.6120190620422363,0.7838192582130432,0.10516739636659622],"EasingStyle":"Linear","EasingDirection":"In"}}},{"Time":0.1666666716337204,"poses":{"Left Leg":{"Weight":1,"CFrame":[-0.6242262125015259,0.4546641707420349,-0.06660020351409912,0.968801736831665,-0.23171544075012208,0.08792722970247269,0.19251665472984315,0.9270258545875549,0.3218081295490265,-0.15607872605323792,-0.29484081268310549,0.9427133202552795],"EasingStyle":"Linear","EasingDirection":"In"},"Right Arm":{"Weight":1,"CFrame":[0.3630131483078003,-1.0394213199615479,0.18587219715118409,-0.5775391459465027,-0.6618219614028931,0.4779543876647949,0.3813164532184601,0.2989796996116638,0.874762237071991,-0.7218353748321533,0.6874611973762512,0.07969103753566742],"EasingStyle":"Linear","EasingDirection":"In"},"Head":{"Weight":1,"CFrame":[1.30385160446167e-7,1.1641532182693482e-10,1.1920928955078126e-7,0.9921245574951172,0.05655535310506821,-0.11176015436649323,-0.06921184808015824,0.9912017583847046,-0.11282192915678024,0.10439617931842804,0.11966854333877564,0.9873099327087402],"EasingStyle":"Linear","EasingDirection":"In"},"Right Leg":{"Weight":1,"CFrame":[0.6484260559082031,-0.03040170669555664,0.05251598358154297,0.8682928085327148,0.49038904905319216,-0.07474017888307572,-0.49577391147613528,0.8528544306755066,-0.16385219991207124,-0.016608797013759614,0.1793259233236313,0.9836495518684387],"EasingStyle":"Linear","EasingDirection":"In"},"Torso":{"Weight":1,"CFrame":[-0.11359381675720215,0.044704921543598178,-0.34057140350341799,0.9883741736412048,-0.1129259392619133,0.10180487483739853,0.10845594853162766,0.9929203987121582,0.048439908772706988,-0.10655423998832703,-0.036835405975580218,0.9936244487762451],"EasingStyle":"Linear","EasingDirection":"In"},"HumanoidRootPart":{"Weight":1,"CFrame":[0,0,0,1,0,0,0,1,0,0,0,1],"EasingStyle":"Linear","EasingDirection":"In"},"Left Arm":{"Weight":1,"CFrame":[-0.6299627423286438,-0.6036590337753296,0.03011023998260498,-0.800832986831665,0.5875368118286133,-0.11604798585176468,-0.15648211538791657,-0.018241072073578836,0.9875124096870422,0.5780829191207886,0.8089917898178101,0.10654697567224503],"EasingStyle":"Linear","EasingDirection":"In"}}},{"Time":0.20000000298023225,"poses":{"Left Leg":{"Weight":1,"CFrame":[-0.6168060898780823,0.4336344599723816,-0.07630038261413574,0.9702492952346802,-0.23119530081748963,0.07186919450759888,0.1942993402481079,0.9206591844558716,0.33857718110084536,-0.1444445252418518,-0.3145401179790497,0.9381899237632752],"EasingStyle":"Linear","EasingDirection":"In"},"Right Arm":{"Weight":1,"CFrame":[0.17135190963745118,-0.9965689182281494,0.380379319190979,-0.43983256816864016,-0.7721978425979614,0.45853883028030398,0.326204776763916,0.3383401334285736,0.8826756477355957,-0.8367424011230469,0.5378071069717407,0.10308156907558441],"EasingStyle":"Linear","EasingDirection":"In"},"Head":{"Weight":1,"CFrame":[7.404014468193054e-8,7.916241884231568e-9,0,0.988736629486084,0.06185543164610863,-0.13628599047660829,-0.08392006903886795,0.983112096786499,-0.16262884438037873,0.12392491102218628,0.17223423719406129,0.9772298336029053],"EasingStyle":"Linear","EasingDirection":"In"},"Right Leg":{"Weight":1,"CFrame":[0.6034848690032959,-0.06312811374664307,0.053095340728759769,0.8709347248077393,0.48340126872062685,-0.08829370141029358,-0.49127480387687685,0.8525104522705078,-0.17853617668151856,-0.011033265851438046,0.1988697648048401,0.9799638390541077],"EasingStyle":"Linear","EasingDirection":"In"},"Torso":{"Weight":1,"CFrame":[-0.11666262149810791,0.05765514075756073,-0.3160073757171631,0.9863044619560242,-0.12259767949581146,0.11033356934785843,0.11597013473510742,0.9911479353904724,0.06462766975164414,-0.11728010326623917,-0.050947155803442,0.9917911887168884],"EasingStyle":"Linear","EasingDirection":"In"},"HumanoidRootPart":{"Weight":1,"CFrame":[0,0,0,1,0,0,0,1,0,0,0,1],"EasingStyle":"Linear","EasingDirection":"In"},"Left Arm":{"Weight":1,"CFrame":[-0.6406394243240356,-0.5689271688461304,0.10655474662780762,-0.689842700958252,0.7149808406829834,-0.11366323381662369,-0.1412249505519867,0.02108517475426197,0.989753007888794,0.7100511193275452,0.6988259553909302,0.08642760664224625],"EasingStyle":"Linear","EasingDirection":"In"}}},{"Time":0.23333333432674409,"poses":{"Left Leg":{"Weight":1,"CFrame":[-0.5797333717346191,0.36971795558929446,-0.06314373016357422,0.9738284945487976,-0.2206568866968155,0.05448498576879501,0.19225585460662843,0.9275864362716675,0.3203454613685608,-0.12122595310211182,-0.3014864921569824,0.9457327127456665],"EasingStyle":"Linear","EasingDirection":"In"},"Right Arm":{"Weight":1,"CFrame":[0.18941429257392884,-0.9198905229568481,0.36297571659088137,-0.1744203120470047,-0.9029772281646729,0.3926955759525299,0.27863019704818728,0.33724862337112429,0.8992378115653992,-0.9444272518157959,0.2662620544433594,0.1927737295627594],"EasingStyle":"Linear","EasingDirection":"In"},"Head":{"Weight":1,"CFrame":[1.4435499906539918e-7,-2.4097971618175508e-8,0,0.9872092008590698,0.06332441419363022,-0.1463150680065155,-0.09019956737756729,0.9785779118537903,-0.18506617844104768,0.1314614713191986,0.19589661061763764,0.9717728495597839],"EasingStyle":"Linear","EasingDirection":"In"},"Right Leg":{"Weight":1,"CFrame":[0.5235137939453125,-0.08209240436553955,0.05078446865081787,0.8820717334747315,0.4597437381744385,-0.10288353264331818,-0.47085607051849368,0.8675478100776672,-0.16017277538776399,0.015618009492754937,0.18972715735435487,0.9817125797271729],"EasingStyle":"Linear","EasingDirection":"In"},"Torso":{"Weight":1,"CFrame":[-0.11016961932182312,0.07026329636573792,-0.25908994674682619,0.9865189790725708,-0.12659090757369996,0.10370653122663498,0.11854702979326248,0.98968905210495,0.08038783818483353,-0.11281358450651169,-0.06701003015041352,0.9913539886474609],"EasingStyle":"Linear","EasingDirection":"In"},"HumanoidRootPart":{"Weight":1,"CFrame":[0,0,0,1,0,0,0,1,0,0,0,1],"EasingStyle":"Linear","EasingDirection":"In"},"Left Arm":{"Weight":1,"CFrame":[-0.6540422439575195,-0.6101074814796448,0.24852323532104493,-0.3644319176673889,0.9252272844314575,-0.10556474328041077,-0.09461840987205506,0.07598400861024857,0.9926096200942993,0.9264107346534729,0.3717270791530609,0.059852492064237598],"EasingStyle":"Linear","EasingDirection":"In"}}},{"Time":0.2666666805744171,"poses":{"Left Leg":{"Weight":1,"CFrame":[-0.5284242033958435,0.30402445793151858,-0.0468829870223999,0.9786285161972046,-0.20171214640140534,0.03997987508773804,0.182003915309906,0.9401265382766724,0.28816118836402895,-0.09571178257465363,-0.2747262716293335,0.9567469954490662],"EasingStyle":"Linear","EasingDirection":"In"},"Right Arm":{"Weight":1,"CFrame":[0.2229584902524948,-0.8427833318710327,0.32364416122436526,0.12128955870866776,-0.9528809189796448,0.2780410349369049,0.2698548436164856,0.30121299624443056,0.9145759344100952,-0.9552314877510071,-0.03589789196848869,0.2936736047267914],"EasingStyle":"Linear","EasingDirection":"In"},"Head":{"Weight":1,"CFrame":[9.062932804226875e-8,2.3423126549459995e-8,0,0.98735111951828,0.06352849304676056,-0.14526517689228059,-0.08999016880989075,0.9788804650306702,-0.1835615038871765,0.13053585588932038,0.19431209564208985,0.9722155928611755],"EasingStyle":"Linear","EasingDirection":"In"},"Right Leg":{"Weight":1,"CFrame":[0.4354102909564972,-0.08409774303436279,0.04768013954162598,0.8967766761779785,0.42716726660728457,-0.11541148275136948,-0.4398905038833618,0.8888580203056336,-0.12817178666591645,0.047833677381277087,0.16570988297462464,0.9850138425827026],"EasingStyle":"Linear","EasingDirection":"In"},"Torso":{"Weight":1,"CFrame":[-0.09294986724853516,0.07831446826457977,-0.20165109634399415,0.9875659346580505,-0.1268955022096634,0.09279589354991913,0.11855725198984146,0.9888188242912293,0.09045181423425675,-0.10323625057935715,-0.07832549512386322,0.9915681481361389],"EasingStyle":"Linear","EasingDirection":"In"},"HumanoidRootPart":{"Weight":1,"CFrame":[0,0,0,1,0,0,0,1,0,0,0,1],"EasingStyle":"Linear","EasingDirection":"In"},"Left Arm":{"Weight":1,"CFrame":[-0.6606299877166748,-0.6865856051445007,0.32496774196624758,-0.019252927973866464,0.9979730844497681,-0.06065522879362106,-0.07648901641368866,0.05901835113763809,0.9953222870826721,0.9968845844268799,0.023802373558282853,0.07519768923521042],"EasingStyle":"Linear","EasingDirection":"In"}}},{"Time":0.30000001192092898,"poses":{"Left Leg":{"Weight":1,"CFrame":[-0.505855143070221,0.2702673673629761,-0.0403594970703125,0.9803665280342102,-0.19505636394023896,0.028888437896966935,0.18065334856510163,0.947206437587738,0.26488569378852847,-0.07903093844652176,-0.2544662058353424,0.9638470411300659],"EasingStyle":"Linear","EasingDirection":"In"},"Right Arm":{"Weight":1,"CFrame":[0.24102085828781129,-0.8076562285423279,0.28170347213745119,0.25446629524230959,-0.9436433911323547,0.21162274479866029,0.27639609575271609,0.28066331148147585,0.9191481471061707,-0.9267427325248718,-0.17540059983730317,0.3322387635707855],"EasingStyle":"Linear","EasingDirection":"In"},"Head":{"Weight":1,"CFrame":[7.543712854385376e-8,-3.0850060284137729e-8,1.1920928955078126e-7,0.9877018928527832,0.0639815554022789,-0.14265868067741395,-0.08939167857170105,0.9796837568283081,-0.1795237809419632,0.12827420234680177,0.19006843864917756,0.9733548760414124],"EasingStyle":"Linear","EasingDirection":"In"},"Right Leg":{"Weight":1,"CFrame":[0.3878006041049957,-0.07867968082427979,0.047765135765075687,0.902541995048523,0.4119502604007721,-0.12535938620567323,-0.42483165860176089,0.8993778228759766,-0.10313944518566132,0.07025717198848725,0.14634424448013307,0.9867357611656189],"EasingStyle":"Linear","EasingDirection":"In"},"Torso":{"Weight":1,"CFrame":[-0.07172271609306336,0.08305495977401734,-0.17563939094543458,0.9880886077880859,-0.12700487673282624,0.08689457923173905,0.11855121701955795,0.9882595539093018,0.0963774174451828,-0.09811478853225708,-0.08492795377969742,0.9915447235107422],"EasingStyle":"Linear","EasingDirection":"In"},"HumanoidRootPart":{"Weight":1,"CFrame":[0,0,0,1,0,0,0,1,0,0,0,1],"EasingStyle":"Linear","EasingDirection":"In"},"Left Arm":{"Weight":1,"CFrame":[-0.6588019132614136,-0.7277656197547913,0.29430246353149416,0.08353585749864578,0.9964918494224548,0.0050993249751627449,-0.11652497202157974,0.004685855004936457,0.9931768178939819,0.9896685481071472,-0.08355996757745743,0.11650757491588593],"EasingStyle":"Linear","EasingDirection":"In"}}},{"Time":0.3333333432674408,"poses":{"Left Leg":{"Weight":1,"CFrame":[-0.5345394611358643,0.2811020016670227,-0.04583883285522461,0.9764556884765625,-0.21440854668617249,0.023735255002975465,0.20043757557868958,0.9424527287483215,0.2675963044166565,-0.07974431663751602,-0.2565384805202484,0.9632388353347778],"EasingStyle":"Linear","EasingDirection":"In"},"Right Arm":{"Weight":1,"CFrame":[0.239610955119133,-0.8469493389129639,0.2526264190673828,0.1117124930024147,-0.9589769840240479,0.26054471731185915,0.2620522081851959,0.2813338339328766,0.9231359362602234,-0.9585661888122559,-0.03484958037734032,0.28273051977157595],"EasingStyle":"Linear","EasingDirection":"In"},"Head":{"Weight":1,"CFrame":[1.471489667892456e-7,-2.0023435354232789e-8,0,0.9881496429443359,0.06444339454174042,-0.13931070268154145,-0.08844923973083496,0.9808247685432434,-0.1736649125814438,0.1254478543996811,0.18392883241176606,0.9749016165733337],"EasingStyle":"Linear","EasingDirection":"In"},"Right Leg":{"Weight":1,"CFrame":[0.40354442596435549,-0.07949864864349365,0.05192279815673828,0.8948962688446045,0.4269329607486725,-0.12995779514312745,-0.4403536915779114,0.8920314908027649,-0.10182660073041916,0.0724533423781395,0.1483515501022339,0.9862770438194275],"EasingStyle":"Linear","EasingDirection":"In"},"Torso":{"Weight":1,"CFrame":[-0.05492255091667175,0.08685967326164246,-0.18979668617248536,0.9874427914619446,-0.12759199738502503,0.09315147995948792,0.11810256540775299,0.9878379702568054,0.10113334655761719,-0.10492238402366638,-0.08886193484067917,0.9905024170875549],"EasingStyle":"Linear","EasingDirection":"In"},"HumanoidRootPart":{"Weight":1,"CFrame":[0,0,0,1,0,0,0,1,0,0,0,1],"EasingStyle":"Linear","EasingDirection":"In"},"Left Arm":{"Weight":1,"CFrame":[-0.6539189219474793,-0.7112465500831604,0.22117793560028077,-0.09239031374454498,0.9957001209259033,0.006734858732670546,-0.14293363690376283,-0.019955921918153764,0.9895310997962952,0.9854106307029724,0.09046048671007157,0.14416275918483735],"EasingStyle":"Linear","EasingDirection":"In"}}},{"Time":0.36666667461395266,"poses":{"Left Leg":{"Weight":1,"CFrame":[-0.570101261138916,0.3173764944076538,-0.05503201484680176,0.9706931710243225,-0.23808157444000245,0.03274128586053848,0.21813826262950898,0.9300451278686523,0.2956886291503906,-0.10084891319274903,-0.2798808217048645,0.9547232389450073],"EasingStyle":"Linear","EasingDirection":"In"},"Right Arm":{"Weight":1,"CFrame":[0.23650917410850526,-0.9333940744400024,0.2365051507949829,-0.2249673306941986,-0.913560688495636,0.3388166129589081,0.23172295093536378,0.287590891122818,0.9292986989021301,-0.9464112520217896,0.28757333755493166,0.1469944417476654],"EasingStyle":"Linear","EasingDirection":"In"},"Head":{"Weight":1,"CFrame":[1.1362135410308838e-7,2.421438694000244e-8,1.1920928955078126e-7,0.9885894656181336,0.06468207389116287,-0.13604094088077546,-0.08720006793737412,0.9821443557739258,-0.16669942438602448,0.12282934784889221,0.17666006088256837,0.976577877998352],"EasingStyle":"Linear","EasingDirection":"In"},"Right Leg":{"Weight":1,"CFrame":[0.44606995582580569,-0.09222900867462158,0.050694942474365237,0.8845721483230591,0.45047232508659365,-0.12085889279842377,-0.4639260768890381,0.876492440700531,-0.12858353555202485,0.04800863564014435,0.169810950756073,0.9843066334724426],"EasingStyle":"Linear","EasingDirection":"In"},"Torso":{"Weight":1,"CFrame":[-0.058123230934143069,0.09105244278907776,-0.22068262100219727,0.9858148097991943,-0.129167377948761,0.10716785490512848,0.11780110001564026,0.9873233437538147,0.10637430101633072,-0.11954941600561142,-0.09224086999893189,0.9885340332984924],"EasingStyle":"Linear","EasingDirection":"In"},"HumanoidRootPart":{"Weight":1,"CFrame":[0,0,0,1,0,0,0,1,0,0,0,1],"EasingStyle":"Linear","EasingDirection":"In"},"Left Arm":{"Weight":1,"CFrame":[-0.6468832492828369,-0.6718546152114868,0.13390016555786134,-0.42465734481811526,0.904390275478363,-0.04176691919565201,-0.152488574385643,-0.025974653661251069,0.9879639148712158,0.8924199342727661,0.4259151816368103,0.14893943071365357],"EasingStyle":"Linear","EasingDirection":"In"}}},{"Time":0.4000000059604645,"poses":{"Left Leg":{"Weight":1,"CFrame":[-0.5906059741973877,0.3582480549812317,-0.06105917692184448,0.9655745029449463,-0.2544539272785187,0.054027531296014789,0.22323192656040193,0.9171803593635559,0.3300726115703583,-0.1335413008928299,-0.30664896965026858,0.9424082040786743],"EasingStyle":"Linear","EasingDirection":"In"},"Right Arm":{"Weight":1,"CFrame":[0.23340745270252229,-1.0198386907577515,0.2295851707458496,-0.5422595739364624,-0.7586677074432373,0.36107882857322695,0.20784254372119904,0.29527151584625246,0.9325321316719055,-0.8140982985496521,0.5807221531867981,-0.002430418273434043],"EasingStyle":"Linear","EasingDirection":"In"},"Head":{"Weight":1,"CFrame":[1.1734664440155029e-7,-1.5366822481155397e-8,2.384185791015625e-7,0.9889252781867981,0.06448164582252503,-0.13367508351802827,-0.08566723763942719,0.9834985733032227,-0.15934818983078004,0.12119422852993012,0.16903503239154817,0.9781304001808167],"EasingStyle":"Linear","EasingDirection":"In"},"Right Leg":{"Weight":1,"CFrame":[0.4914531707763672,-0.10818707942962647,0.0412445068359375,0.8768261075019836,0.4703720808029175,-0.0996294617652893,-0.48074620962142947,0.8609991669654846,-0.16602326929569245,0.007688182406127453,0.19346998631954194,0.9810760617256165],"EasingStyle":"Linear","EasingDirection":"In"},"Torso":{"Weight":1,"CFrame":[-0.07370030879974365,0.09467382729053498,-0.25168657302856448,0.983930766582489,-0.13115419447422028,0.12115710228681565,0.11788284033536911,0.9868153929710388,0.11090100556612015,-0.13410483300685883,-0.09483656287193299,0.9864187240600586],"EasingStyle":"Linear","EasingDirection":"In"},"HumanoidRootPart":{"Weight":1,"CFrame":[0,0,0,1,0,0,0,1,0,0,0,1],"EasingStyle":"Linear","EasingDirection":"In"},"Left Arm":{"Weight":1,"CFrame":[-0.6385972499847412,-0.6248383522033691,0.06077539920806885,-0.7029393911361694,0.7048956751823425,-0.09485932439565659,-0.15536710619926454,-0.02203104831278324,0.9876111745834351,0.6940730810165405,0.7089688181877136,0.12500400841236115],"EasingStyle":"Linear","EasingDirection":"In"}}},{"Time":0.4333333373069763,"poses":{"Left Leg":{"Weight":1,"CFrame":[-0.5911431312561035,0.37931370735168459,-0.057649314403533939,0.9626690745353699,-0.25986653566360476,0.07574696093797684,0.21915630996227265,0.9125245809555054,0.34535399079322817,-0.15886694192886353,-0.31586116552352908,0.9354106783866882],"EasingStyle":"Linear","EasingDirection":"In"},"Right Arm":{"Weight":1,"CFrame":[0.231997549533844,-1.0591317415237427,0.22811269760131837,-0.6677498817443848,-0.6599456071853638,0.34435731172561648,0.20519529283046723,0.2814929485321045,0.9373668432235718,-0.7155452370643616,0.696587085723877,-0.05254926159977913],"EasingStyle":"Linear","EasingDirection":"In"},"Head":{"Weight":1,"CFrame":[1.825392246246338e-7,2.1420419216156007e-8,2.384185791015625e-7,0.9895190596580505,0.0594639927148819,-0.13159099221229554,-0.07929427921772003,0.9853481650352478,-0.15100176632404328,0.12068378925323487,0.15985353291034699,0.9797358512878418],"EasingStyle":"Linear","EasingDirection":"In"},"Right Leg":{"Weight":1,"CFrame":[0.5174047350883484,-0.11558675765991211,0.029674649238586427,0.8745468854904175,0.4786434769630432,-0.07789938151836395,-0.4844011664390564,0.8546496033668518,-0.18689511716365815,-0.022879382595419885,0.2011830359697342,0.9792864918708801],"EasingStyle":"Linear","EasingDirection":"In"},"Torso":{"Weight":1,"CFrame":[-0.08303782343864441,0.09621644020080567,-0.2658252716064453,0.9829973578453064,-0.1321345418691635,0.1275024712085724,0.11798194795846939,0.9865850210189819,0.1128293052315712,-0.14070066809654237,-0.09586790204048157,0.9853998422622681],"EasingStyle":"Linear","EasingDirection":"In"},"HumanoidRootPart":{"Weight":1,"CFrame":[0,0,0,1,0,0,0,1,0,0,0,1],"EasingStyle":"Linear","EasingDirection":"In"},"Left Arm":{"Weight":1,"CFrame":[-0.6299628019332886,-0.5854465365409851,0.03011023998260498,-0.8008329272270203,0.5875368714332581,-0.11604805290699005,-0.15648223459720612,-0.018241018056869508,0.9875124096870422,0.5780830383300781,0.8089917898178101,0.1065470278263092],"EasingStyle":"Linear","EasingDirection":"In"}}},{"Time":0.46666666865348818,"poses":{"Left Leg":{"Weight":1,"CFrame":[-0.5510540008544922,0.3637627363204956,-0.03001171350479126,0.967319667339325,-0.2312527894973755,0.10399480909109116,0.18907439708709718,0.9311288595199585,0.3118491768836975,-0.16894862055778504,-0.28199508786201479,0.9444231986999512],"EasingStyle":"Linear","EasingDirection":"In"},"Right Arm":{"Weight":1,"CFrame":[0.24427154660224915,-1.048173427581787,0.27817344665527346,-0.6504948139190674,-0.6945760250091553,0.3072795867919922,0.1871545910835266,0.24551305174827577,0.9511553049087524,-0.7360907793045044,0.6762303709983826,-0.0297118928283453],"EasingStyle":"Linear","EasingDirection":"In"},"Head":{"Weight":1,"CFrame":[6.332993507385254e-8,-7.916241884231568e-9,0,0.9910736083984375,0.046761274337768558,-0.12484589219093323,-0.06358018517494202,0.9888948202133179,-0.13433092832565309,0.11717795580625534,0.14106956124305726,0.9830405116081238],"EasingStyle":"Linear","EasingDirection":"In"},"Right Leg":{"Weight":1,"CFrame":[0.5150322914123535,-0.08814680576324463,0.020714640617370607,0.8931609392166138,0.44658568501472475,-0.053148478269577029,-0.44896334409713747,0.8784467577934265,-0.16359512507915498,-0.02637108974158764,0.16997851431369782,0.9850949048995972],"EasingStyle":"Linear","EasingDirection":"In"},"Torso":{"Weight":1,"CFrame":[-0.07265588641166687,0.07568170130252838,-0.24288225173950196,0.9860871434211731,-0.11783430725336075,0.1172492653131485,0.1079770177602768,0.9903252720832825,0.0871608704328537,-0.12638545036315919,-0.07328799366950989,0.9892702102661133],"EasingStyle":"Linear","EasingDirection":"In"},"HumanoidRootPart":{"Weight":1,"CFrame":[0,0,0,1,0,0,0,1,0,0,0,1],"EasingStyle":"Linear","EasingDirection":"In"},"Left Arm":{"Weight":1,"CFrame":[-0.6216627359390259,-0.5689277052879334,0.07300519943237305,-0.7327066659927368,0.6737105846405029,-0.09620220214128494,-0.17785221338272096,-0.053113460540771487,0.9826228618621826,0.656893789768219,0.737084150314331,0.15873749554157258],"EasingStyle":"Linear","EasingDirection":"In"}}},{"Time":0.5,"poses":{"Left Leg":{"Weight":1,"CFrame":[-0.475849986076355,0.3134908676147461,0.006630420684814453,0.9779104590415955,-0.16371089220046998,0.12996132671833039,0.12989197671413423,0.9630827307701111,0.23579609394073487,-0.16376592218875886,-0.21370649337768556,0.9630733728408814],"EasingStyle":"Linear","EasingDirection":"In"},"Right Arm":{"Weight":1,"CFrame":[0.2837098240852356,-1.0117428302764893,0.32823431491851809,-0.5528071522712708,-0.8016399145126343,0.22754719853401185,0.15636156499385835,0.16842810809612275,0.9732332825660706,-0.8185080289840698,0.5735899806022644,0.03223740682005882],"EasingStyle":"Linear","EasingDirection":"In"},"Head":{"Weight":1,"CFrame":[7.636845111846924e-8,7.2177499532699589e-9,3.5762786865234377e-7,0.9937512874603272,0.028049815446138383,-0.10803607106208801,-0.038898371160030368,0.9942613244056702,-0.0996561348438263,0.10462074726819992,0.10323582589626312,0.9891395568847656],"EasingStyle":"Linear","EasingDirection":"In"},"Right Leg":{"Weight":1,"CFrame":[0.48739612102508547,-0.026047468185424806,0.017023205757141115,0.9287605881690979,0.3690769672393799,-0.03444036841392517,-0.3706561028957367,0.9236176013946533,-0.09769708663225174,-0.004247930832207203,0.10350268334150315,0.994620144367218],"EasingStyle":"Linear","EasingDirection":"In"},"Torso":{"Weight":1,"CFrame":[-0.04746663570404053,0.030282575637102128,-0.19423341751098634,0.9924860000610352,-0.08321285247802735,0.08970724791288376,0.08078111708164215,0.9962677955627441,0.030411941930651666,-0.09190310537815094,-0.02293676882982254,0.995503842830658],"EasingStyle":"Linear","EasingDirection":"In"},"HumanoidRootPart":{"Weight":1,"CFrame":[0,0,0,1,0,0,0,1,0,0,0,1],"EasingStyle":"Linear","EasingDirection":"In"},"Left Arm":{"Weight":1,"CFrame":[-0.6135032773017883,-0.5710467100143433,0.1454324722290039,-0.5296216011047363,0.8478327989578247,-0.026087945327162744,-0.23723752796649934,-0.11852848529815674,0.9641937613487244,0.814382791519165,0.5168468356132507,0.2639129161834717],"EasingStyle":"Linear","EasingDirection":"In"}}},{"Time":0.5333333611488342,"poses":{"Left Leg":{"Weight":1,"CFrame":[-0.39769989252090456,0.24184513092041017,0.029172301292419435,0.9869304299354553,-0.08724192529916763,0.1354890614748001,0.06719955801963806,0.9869946241378784,0.1460338681936264,-0.14646725356578828,-0.135020449757576,0.979957640171051],"EasingStyle":"Linear","EasingDirection":"In"},"Right Arm":{"Weight":1,"CFrame":[0.3497035801410675,-0.9484809637069702,0.30412065982818606,-0.33165138959884646,-0.9357252717018127,0.12010698020458222,0.20342299342155457,0.05338650569319725,0.9776343703269959,-0.9212093353271484,0.34866616129875185,0.1726423054933548],"EasingStyle":"Linear","EasingDirection":"In"},"Head":{"Weight":1,"CFrame":[1.069856807589531e-7,9.42964106798172e-9,0,0.998123049736023,0.004442379344254732,-0.06108027696609497,-0.007330433465540409,0.9988614320755005,-0.04714048281311989,0.060801323503255847,0.04749974235892296,0.9970190525054932],"EasingStyle":"Linear","EasingDirection":"In"},"Right Leg":{"Weight":1,"CFrame":[0.4455750286579132,0.04366779327392578,0.016956329345703126,0.9589132070541382,0.28139427304267886,-0.036094583570957187,-0.2819579243659973,0.9593577980995178,-0.011505601927638054,0.031390078365802768,0.021210039034485818,0.9992821216583252],"EasingStyle":"Linear","EasingDirection":"In"},"Torso":{"Weight":1,"CFrame":[-0.015488311648368836,-0.015048705041408539,-0.1482851505279541,0.9978883862495422,-0.04041339457035065,0.050848446786403659,0.041787270456552508,0.998781681060791,-0.026252156123518945,-0.04972555488348007,0.028321541845798494,0.9983612895011902],"EasingStyle":"Linear","EasingDirection":"In"},"HumanoidRootPart":{"Weight":1,"CFrame":[0,0,0,1,0,0,0,1,0,0,0,1],"EasingStyle":"Linear","EasingDirection":"In"},"Left Arm":{"Weight":1,"CFrame":[-0.6055165529251099,-0.5858826637268066,0.18128931522369386,-0.2501329779624939,0.9650248289108276,0.0784902349114418,-0.30858564376831057,-0.15629887580871583,0.9382673501968384,0.9177192449569702,0.21047058701515199,0.3368881642818451],"EasingStyle":"Linear","EasingDirection":"In"}}},{"Time":0.5666666626930237,"poses":{"Left Leg":{"Weight":1,"CFrame":[-0.35977354645729067,0.17625653743743897,0.035222530364990237,0.9917712211608887,-0.051376424729824069,0.1172618567943573,0.04366324096918106,0.9967684745788574,0.06742536276578903,-0.1203470304608345,-0.06175047531723976,0.9908095598220825],"EasingStyle":"Linear","EasingDirection":"In"},"Right Arm":{"Weight":1,"CFrame":[0.42351144552230837,-0.8729091286659241,0.24620306491851808,-0.19561444222927094,-0.9792715311050415,0.052558012306690219,0.26258307695388796,-0.000665214320179075,0.9649092555046082,-0.9448731541633606,0.20255090296268464,0.2572702467441559],"EasingStyle":"Linear","EasingDirection":"In"},"Head":{"Weight":1,"CFrame":[1.0325913990527624e-7,5.256879376247525e-10,-5.960464477539063e-8,0.9997207522392273,-0.023568538948893548,-0.001732790027745068,0.02353452332317829,0.9995688796043396,-0.017558131366968156,0.002145861741155386,0.017512451857328416,0.9998443722724915],"EasingStyle":"Linear","EasingDirection":"In"},"Right Leg":{"Weight":1,"CFrame":[0.42491862177848818,0.10527849197387696,0.018912553787231447,0.9698543548583984,0.23682960867881776,-0.05739574879407883,-0.23247259855270387,0.9698224067687988,0.07349192351102829,0.07306879758834839,-0.057933565229177478,0.995642900466919],"EasingStyle":"Linear","EasingDirection":"In"},"Torso":{"Weight":1,"CFrame":[0.018137501552700998,-0.035523295402526858,-0.12824559211730958,0.9999474287033081,0.0005526749882847071,0.01024072989821434,-0.000020998335457989016,0.9986551403999329,-0.051845379173755649,-0.010255611501634121,0.05184243991971016,0.9986026287078857],"EasingStyle":"Linear","EasingDirection":"In"},"HumanoidRootPart":{"Weight":1,"CFrame":[0,0,0,1,0,0,0,1,0,0,0,1],"EasingStyle":"Linear","EasingDirection":"In"},"Left Arm":{"Weight":1,"CFrame":[-0.5995184183120728,-0.6261520385742188,0.1876143217086792,-0.0948864221572876,0.9875226020812988,0.12568111717700959,-0.33526620268821719,-0.1505761295557022,0.930012583732605,0.9373330473899841,0.046108946204185489,0.34537050127983096],"EasingStyle":"Linear","EasingDirection":"In"}}},{"Time":0.6000000238418579,"poses":{"Left Leg":{"Weight":1,"CFrame":[-0.4049451947212219,0.14589214324951173,0.0333939790725708,0.992716908454895,-0.08866643160581589,0.08155713230371475,0.08815674483776093,0.9960580468177795,0.009835835546255112,-0.0821077972650528,-0.0025743513833731415,0.9966201186180115],"EasingStyle":"Linear","EasingDirection":"In"},"Right Arm":{"Weight":1,"CFrame":[0.4861561357975006,-0.8004895448684692,0.17502355575561524,-0.3153685927391052,-0.9480188488960266,0.04246307164430618,0.20540672540664674,-0.024508297443389894,0.9783697724342346,-0.9264721870422363,0.3172692060470581,0.20245854556560517],"EasingStyle":"Linear","EasingDirection":"In"},"Head":{"Weight":1,"CFrame":[9.755603969097138e-8,-3.0850060284137727e-9,-3.5762786865234377e-7,0.998240053653717,-0.050516143441200259,0.031063709408044816,0.051172707229852679,0.9984749555587769,-0.020716741681098939,-0.02996981143951416,0.022269904613494874,0.9993026852607727],"EasingStyle":"Linear","EasingDirection":"In"},"Right Leg":{"Weight":1,"CFrame":[0.4591493010520935,0.1643921136856079,0.025214195251464845,0.9605616331100464,0.26299676299095156,-0.09030023962259293,-0.2483917772769928,0.9575178027153015,0.14649629592895509,0.12499220669269562,-0.11828885972499848,0.9850810766220093],"EasingStyle":"Linear","EasingDirection":"In"},"Torso":{"Weight":1,"CFrame":[0.050634004175662997,-0.02763664722442627,-0.14969801902770997,0.9991750717163086,0.03400421515107155,-0.02220148593187332,-0.03491445258259773,0.9985080361366272,-0.04198706895112991,0.02074062079191208,0.04272758588194847,0.9988715648651123],"EasingStyle":"Linear","EasingDirection":"In"},"HumanoidRootPart":{"Weight":1,"CFrame":[0,0,0,1,0,0,0,1,0,0,0,1],"EasingStyle":"Linear","EasingDirection":"In"},"Left Arm":{"Weight":1,"CFrame":[-0.5964272618293762,-0.7247410416603088,0.15695059299468995,-0.17629191279411317,0.9841766357421875,0.017818758264183999,-0.32310372591018679,-0.0749567374587059,0.9433904886245728,0.929798424243927,0.16055484116077424,0.3312053680419922],"EasingStyle":"Linear","EasingDirection":"In"}}},{"Time":0.6333333253860474,"poses":{"Left Leg":{"Weight":1,"CFrame":[-0.49793896079063418,0.14021718502044679,0.02557218074798584,0.9860362410545349,-0.16170740127563477,0.03979022800922394,0.16313543915748597,0.9859572052955627,-0.0357104055583477,-0.03345687687397003,0.04170292988419533,0.9985697269439697],"EasingStyle":"Linear","EasingDirection":"In"},"Right Arm":{"Weight":1,"CFrame":[0.5358470678329468,-0.7345566749572754,0.10674917697906494,-0.5445302724838257,-0.8383808732032776,0.024583451449871064,0.07821543514728546,-0.021575292572379113,0.996703028678894,-0.8350864052772522,0.5446576476097107,0.07732275128364563],"EasingStyle":"Linear","EasingDirection":"In"},"Head":{"Weight":1,"CFrame":[8.381903171539307e-8,6.28642737865448e-9,-5.3644180297851