{"Sequence":[{"Time":0,"poses":{"Left Leg":{"Weight":1,"CFrame":[-0.09994900971651077,0.013297736644744873,0.0018693208694458008,0.9992085099220276,-0.03977956995368004,-0.00033363979309797287,0.03977933153510094,0.9990572333335877,0.01738584414124489,-0.00035831460263580084,-0.01738538220524788,0.9998488426208496],"EasingStyle":"Linear","EasingDirection":"In"},"Right Arm":{"Weight":1,"CFrame":[-0.0000465754528704565,0.0023253560066223146,-0.0023912787437438967,0.9997106790542603,0.002718089846894145,0.023901984095573427,-0.004332556389272213,0.9976926445960999,0.06775523722171784,-0.023662669584155084,-0.06783922016620636,0.9974156618118286],"EasingStyle":"Linear","EasingDirection":"In"},"Head":{"Weight":1,"CFrame":[8.887943181434821e-8,0,0.0166623592376709,0.9999547004699707,-0.009493880905210972,-0.0007596269133500755,0.009496975690126419,0.9999462962150574,0.0041713714599609379,0.0007199739338830113,-0.004178404342383146,0.9999910593032837],"EasingStyle":"Linear","EasingDirection":"In"},"Right Leg":{"Weight":1,"CFrame":[0.09986590594053269,0.01341181993484497,0.0016633272171020508,0.9992097616195679,0.03974713012576103,0.0003388961486052722,-0.0397469736635685,0.9990543127059937,0.017628761008381845,0.000362179969670251,-0.017628313973546029,0.9998446106910706],"EasingStyle":"Linear","EasingDirection":"In"},"Torso":{"Weight":1,"CFrame":[0,0,-0.007873296737670899,1,2.384185791015625e-7,-8.742277657347586e-8,-2.384185791015625e-7,1,2.084321417176148e-14,8.742277657347586e-8,0,1],"EasingStyle":"Linear","EasingDirection":"In"},"HumanoidRootPart":{"Weight":0,"CFrame":[0,0,0,1,0,0,0,1,0,0,0,1],"EasingStyle":"Linear","EasingDirection":"In"},"Left Arm":{"Weight":1,"CFrame":[0.0006134040304459631,0.0022398829460144045,-0.002710998058319092,0.9991806149482727,0.011835823766887188,-0.038706403225660327,-0.008782596327364445,0.9969053268432617,0.07811963558197022,0.03951120376586914,-0.07771586626768112,0.9961923360824585],"EasingStyle":"Linear","EasingDirection":"In"}}},{"Time":0.03333333507180214,"poses":{"Left Leg":{"Weight":1,"CFrame":[-0.3029138743877411,0.04103809595108032,0.0014004707336425782,0.9918869733810425,-0.12712380290031434,-0.00001940929541888181,0.12710395455360413,0.9917297959327698,0.017795003950595857,-0.002242949791252613,-0.017653057351708413,0.9998416900634766],"EasingStyle":"Linear","EasingDirection":"In"},"Right Arm":{"Weight":1,"CFrame":[-0.000029704009648412467,0.002484261989593506,-0.0017077922821044922,0.9997106790542603,0.0032170333433896305,0.023839950561523439,-0.004332555457949638,0.99889075756073,0.04688910394906998,-0.023662662133574487,-0.04697884991765022,0.9986156821250916],"EasingStyle":"Linear","EasingDirection":"In"},"Head":{"Weight":1,"CFrame":[8.887945313063028e-8,3.725290298461914e-9,0.01666247844696045,0.9999546408653259,-0.009493870660662651,-0.0007596052018925548,0.00947244931012392,0.9996551275253296,-0.024493593722581865,0.0009918648283928633,0.02448534034192562,0.9996997117996216],"EasingStyle":"Linear","EasingDirection":"In"},"Right Leg":{"Weight":1,"CFrame":[0.3028685450553894,0.04115074872970581,0.0011878013610839844,0.9918888211250305,0.12710891664028169,0.000020163444787613117,-0.12708862125873567,0.9917272329330444,0.018043508753180505,0.002273552119731903,-0.017899757251143457,0.9998372197151184],"EasingStyle":"Linear","EasingDirection":"In"},"Torso":{"Weight":1,"CFrame":[0,-0.014888335019350052,-0.05127143859863281,1,2.384185791015625e-7,-8.742277657347586e-8,-2.3996187792363346e-7,0.9998362064361572,-0.018100006505846978,8.309308441312169e-8,0.018100006505846978,0.9998362064361572],"EasingStyle":"Linear","EasingDirection":"In"},"HumanoidRootPart":{"Weight":0,"CFrame":[0,0,0,1,0,0,0,1,0,0,0,1],"EasingStyle":"Linear","EasingDirection":"In"},"Left Arm":{"Weight":1,"CFrame":[0.0005687434459105134,0.002520620822906494,-0.0015192627906799317,0.9991805553436279,0.010416146367788315,-0.03911241143941879,-0.008782591670751572,0.999091386795044,0.04170608147978783,0.039511267095804217,-0.041328467428684238,0.9983641505241394],"EasingStyle":"Linear","EasingDirection":"In"}}},{"Time":0.06666667014360428,"poses":{"Left Leg":{"Weight":1,"CFrame":[-0.4185115694999695,0.07235169410705567,0.0009510517120361328,0.9855429530143738,-0.1694255918264389,0.0003099573077633977,0.16939187049865724,0.9853804707527161,0.018217122182250024,-0.0033919145353138448,-0.01790127158164978,0.9998341202735901],"EasingStyle":"Linear","EasingDirection":"In"},"Right Arm":{"Weight":1,"CFrame":[-0.000012841319403378293,0.002629220485687256,-0.0010211467742919922,0.9997106194496155,0.003714584046974778,0.023767486214637758,-0.004332555457949638,0.9996525049209595,0.02600240148603916,-0.023662637919187547,-0.026097815483808519,0.9993793964385986],"EasingStyle":"Linear","EasingDirection":"In"},"Head":{"Weight":1,"CFrame":[8.887944602520293e-8,1.4901161193847657e-8,0.0166623592376709,0.9999546408653259,-0.009493835270404816,-0.0007596208597533405,0.00944015383720398,0.9985426068305969,-0.053138308227062228,0.0012629502452909947,0.053128741681575778,0.9985869526863098],"EasingStyle":"Linear","EasingDirection":"In"},"Right Leg":{"Weight":1,"CFrame":[0.41847342252731326,0.0724647045135498,0.0007321834564208984,0.9855451583862305,0.1694122850894928,-0.0003136704908683896,-0.16937771439552308,0.9853781461715698,0.018471522256731988,0.0034384592436254026,-0.01815141551196575,0.9998293519020081],"EasingStyle":"Linear","EasingDirection":"In"},"Torso":{"Weight":1,"CFrame":[0,-0.029771797358989717,-0.09493899345397949,1,2.3841860752327195e-7,-8.742278367890322e-8,-2.4142653387571047e-7,0.9993448853492737,-0.0361940823495388,7.873615004427848e-8,0.0361940823495388,0.9993448853492737],"EasingStyle":"Linear","EasingDirection":"In"},"HumanoidRootPart":{"Weight":0,"CFrame":[0,0,0,1,0,0,0,1,0,0,0,1],"EasingStyle":"Linear","EasingDirection":"In"},"Left Arm":{"Weight":1,"CFrame":[0.0005233436240814626,0.0027576088905334474,-0.00031810998916625977,0.9991806149482727,0.008982615545392037,-0.03946629911661148,-0.008782588876783848,0.999947726726532,0.005236959084868431,0.03951125591993332,-0.004886304493993521,0.9992071390151978],"EasingStyle":"Linear","EasingDirection":"In"}}},{"Time":0.10000000149011612,"poses":{"Left Leg":{"Weight":1,"CFrame":[-0.4146271049976349,0.07106012105941773,0.00096893310546875,0.9857710003852844,-0.1680939495563507,0.00029660662403330207,0.168060764670372,0.9856086373329163,0.018200261518359185,-0.003351740073412657,-0.017891425639390947,0.999834418296814],"EasingStyle":"Linear","EasingDirection":"In"},"Right Arm":{"Weight":1,"CFrame":[-0.000013500702152668964,0.0026237964630126955,-0.0010482072830200196,0.9997106194496155,0.0036950409412384035,0.023770496249198915,-0.004332559183239937,0.9996307492256165,0.026824500411748887,-0.023662598803639413,-0.026919793337583543,0.9993575811386108],"EasingStyle":"Linear","EasingDirection":"In"},"Head":{"Weight":1,"CFrame":[8.887940339263878e-8,7.450580596923828e-9,0.016662120819091798,0.9999546408653259,-0.00949383620172739,-0.0007596212672069669,0.009441575035452843,0.9986018538475037,-0.05201228708028793,0.0012522947508841754,0.052002739161252978,0.9986461997032166],"EasingStyle":"Linear","EasingDirection":"In"},"Right Leg":{"Weight":1,"CFrame":[0.4145886301994324,0.07117313146591187,0.0007503032684326172,0.9857732057571411,0.168080672621727,-0.00030014629010111094,-0.16804659366607667,0.9856063723564148,0.018454458564519883,0.00339772691950202,-0.01814153790473938,0.9998297095298767],"EasingStyle":"Linear","EasingDirection":"In"},"Torso":{"Weight":1,"CFrame":[0,-0.029186293482780458,-0.0932154655456543,1,2.3841860752327195e-7,-8.742278367890322e-8,-2.413704009995854e-7,0.9993703961372376,-0.03548227623105049,7.89080871754777e-8,0.03548227623105049,0.9993703961372376],"EasingStyle":"Linear","EasingDirection":"In"},"HumanoidRootPart":{"Weight":0,"CFrame":[0,0,0,1,0,0,0,1,0,0,0,1],"EasingStyle":"Linear","EasingDirection":"In"},"Left Arm":{"Weight":1,"CFrame":[0.0005251466645859182,0.002749204635620117,-0.0003654956817626953,0.9991805553436279,0.009039254859089852,-0.03945329785346985,-0.008782594464719296,0.9999392032623291,0.006672261748462915,0.03951118141412735,-0.006320482585579157,0.9991991519927979],"EasingStyle":"Linear","EasingDirection":"In"}}},{"Time":0.13333334028720857,"poses":{"Left Leg":{"Weight":1,"CFrame":[-0.40366509556770327,0.0675133466720581,0.0010184049606323243,0.9864099025726318,-0.1643027514219284,0.00026014752802439034,0.16427098214626313,0.9862481951713562,0.018153714016079904,-0.003239318495616317,-0.0178642850369215,0.9998352527618408],"EasingStyle":"Linear","EasingDirection":"In"},"Right Arm":{"Weight":1,"CFrame":[-0.000015329836969613099,0.0026082992553710939,-0.0011230707168579102,0.9997106194496155,0.0036409790627658369,0.02377886325120926,-0.004332555457949638,0.9995672702789307,0.029097475111484529,-0.023662623018026353,-0.029192011803388597,0.9992938041687012],"EasingStyle":"Linear","EasingDirection":"In"},"Head":{"Weight":1,"CFrame":[8.887943181434821e-8,1.1175870895385743e-8,0.016662001609802247,0.9999546408653259,-0.009493834339082241,-0.0007596219656988978,0.009445460513234139,0.9987590909004211,-0.04889872297644615,0.001222871127538383,0.048889320343732837,0.9988035559654236],"EasingStyle":"Linear","EasingDirection":"In"},"Right Leg":{"Weight":1,"CFrame":[0.403626024723053,0.06762629747390747,0.0008003711700439453,0.9864121079444885,0.1642894744873047,-0.00026315858121961355,-0.16425687074661256,0.9862459301948547,0.018407292664051057,0.003283716971054673,-0.018113944679498674,0.9998305439949036],"EasingStyle":"Linear","EasingDirection":"In"},"Torso":{"Weight":1,"CFrame":[0,-0.027567431330680848,-0.08845257759094238,1,2.3841860752327195e-7,-8.742278367890322e-8,-2.4121453634506909e-7,0.9994383454322815,-0.033514197915792468,7.938325552458991e-8,0.033514197915792468,0.9994383454322815],"EasingStyle":"Linear","EasingDirection":"In"},"HumanoidRootPart":{"Weight":0,"CFrame":[0,0,0,1,0,0,0,1,0,0,0,1],"EasingStyle":"Linear","EasingDirection":"In"},"Left Arm":{"Weight":1,"CFrame":[0.0005301086930558085,0.002725064754486084,-0.0004965662956237793,0.9991805553436279,0.009195747785270214,-0.0394170880317688,-0.008782590739428997,0.9999048709869385,0.010640484280884266,0.03951115533709526,-0.010285741649568081,0.9991661906242371],"EasingStyle":"Linear","EasingDirection":"In"}}},{"Time":0.1666666716337204,"poses":{"Left Leg":{"Weight":1,"CFrame":[-0.38638901710510256,0.06221359968185425,0.0010927915573120118,0.9874039888381958,-0.15821915864944459,0.00020541517005767673,0.1581895351409912,0.9872432351112366,0.01808379590511322,-0.0030640289187431337,-0.01782350055873394,0.9998365044593811],"EasingStyle":"Linear","EasingDirection":"In"},"Right Arm":{"Weight":1,"CFrame":[-0.000018101480236509816,0.0025857090950012209,-0.0012360215187072754,0.9997106790542603,0.0035592697095125915,0.02379128709435463,-0.004332559183239937,0.9994613528251648,0.03253082558512688,-0.023662684485316278,-0.032624587416648868,0.9991875886917114],"EasingStyle":"Linear","EasingDirection":"In"},"Head":{"Weight":1,"CFrame":[8.887948865776707e-8,1.1175870895385743e-8,0.01666247844696045,0.9999546408653259,-0.009493868798017502,-0.0007596006034873426,0.009451075457036496,0.998978316783905,-0.04419323801994324,0.001178360660560429,0.04418410360813141,0.9990227818489075],"EasingStyle":"Linear","EasingDirection":"In"},"Right Leg":{"Weight":1,"CFrame":[0.3863486349582672,0.062326133251190189,0.0008758306503295898,0.9874061346054077,0.1582052856683731,-0.00020764795772265643,-0.1581750065088272,0.9872408509254456,0.01833634078502655,0.003105952637270093,-0.01807258650660515,0.9998319149017334],"EasingStyle":"Linear","EasingDirection":"In"},"Torso":{"Weight":1,"CFrame":[0,-0.025121688842773439,-0.08126401901245117,1,2.384185791015625e-7,-8.742277657347586e-8,-2.409773287581629e-7,0.9995335340499878,-0.030540861189365388,8.010049157292087e-8,0.030540861189365388,0.9995335340499878],"EasingStyle":"Linear","EasingDirection":"In"},"HumanoidRootPart":{"Weight":0,"CFrame":[0,0,0,1,0,0,0,1,0,0,0,1],"EasingStyle":"Linear","EasingDirection":"In"},"Left Arm":{"Weight":1,"CFrame":[0.0005376001936383545,0.002688288688659668,-0.0006943345069885254,0.9991806149482727,0.009431913495063782,-0.03936135023832321,-0.008782592602074147,0.9998230338096619,0.016635075211524965,0.039511267095804217,-0.01627594605088234,0.9990866184234619],"EasingStyle":"Linear","EasingDirection":"In"}}},{"Time":0.20000000298023225,"poses":{"Left Leg":{"Weight":1,"CFrame":[-0.36352428793907168,0.05570626258850098,0.001185297966003418,0.9886877536773682,-0.1499883532524109,0.00013728100748267025,0.14996159076690675,0.9885280132293701,0.01799653097987175,-0.002835020422935486,-0.017772357910871507,0.99983811378479],"EasingStyle":"Linear","EasingDirection":"In"},"Right Arm":{"Weight":1,"CFrame":[-0.000021588386516668835,0.0025557875633239748,-0.0013775825500488282,0.9997106194496155,0.0034567932598292829,0.02380632795393467,-0.0043325587175786499,0.9993120431900024,0.036834221333265308,-0.023662615567445756,-0.03692670539021492,0.9990378618240356],"EasingStyle":"Linear","EasingDirection":"In"},"Head":{"Weight":1,"CFrame":[8.88793820763567e-8,0,0.016661882400512697,0.9999546408653259,-0.009493869729340077,-0.0007596019422635436,0.00945785641670227,0.9992218613624573,-0.03829233720898628,0.001122543471865356,0.03828342258930206,0.9992663264274597],"EasingStyle":"Linear","EasingDirection":"In"},"Right Leg":{"Weight":1,"CFrame":[0.3634829819202423,0.05581909418106079,0.0009696483612060547,0.9886898398399353,0.14997464418411256,-0.00013853331620339304,-0.14994721114635468,0.9885256886482239,0.018247896805405618,0.002873731544241309,-0.018020790070295335,0.9998335838317871],"EasingStyle":"Linear","EasingDirection":"In"},"Torso":{"Weight":1,"CFrame":[0,-0.02205551043152809,-0.07226276397705078,1,2.384185791015625e-7,-8.742277657347586e-8,-2.4067693971119299e-7,0.9996404647827148,-0.02681325562298298,8.099856074750278e-8,0.02681325562298298,0.9996404647827148],"EasingStyle":"Linear","EasingDirection":"In"},"HumanoidRootPart":{"Weight":0,"CFrame":[0,0,0,1,0,0,0,1,0,0,0,1],"EasingStyle":"Linear","EasingDirection":"In"},"Left Arm":{"Weight":1,"CFrame":[0.0005469729658216238,0.002640068531036377,-0.0009419918060302734,0.9991805553436279,0.009727483615279198,-0.03928929939866066,-0.008782589808106423,0.9996698498725891,0.02414931356906891,0.03951121121644974,-0.02378467656672001,0.998936116695404],"EasingStyle":"Linear","EasingDirection":"In"}}},{"Time":0.23333333432674409,"poses":{"Left Leg":{"Weight":1,"CFrame":[-0.33550602197647097,0.04848212003707886,0.0012898445129394532,0.9902074933052063,-0.13960371911525727,0.00006080566527089104,0.13958023488521577,0.9900490045547485,0.01789831556379795,-0.0025589051656425,-0.017714563757181169,0.9998398423194885],"EasingStyle":"Linear","EasingDirection":"In"},"Right Arm":{"Weight":1,"CFrame":[-0.00002552605656092055,0.0025215744972229006,-0.0015379786491394044,0.9997106790542603,0.003340414259582758,0.023822981864213945,-0.004332557320594788,0.9991201162338257,0.04171714559197426,-0.023662665858864785,-0.0418083518743515,0.9988455176353455],"EasingStyle":"Linear","EasingDirection":"In"},"Head":{"Weight":1,"CFrame":[8.887941049806614e-8,-7.450580596923828e-9,0.016662120819091798,0.9999546408653259,-0.009493870660662651,-0.0007596036302857101,0.009465143084526062,0.9994560480117798,-0.03159307688474655,0.0010591269237920642,0.031584396958351138,0.9995006322860718],"EasingStyle":"Linear","EasingDirection":"In"},"Right Leg":{"Weight":1,"CFrame":[0.33546334505081179,0.04859471321105957,0.0010756254196166993,0.9902095198631287,0.1395898461341858,-0.000060948314057895917,-0.13956581056118012,0.990046501159668,0.018148282542824746,0.0025937212631106378,-0.01796213909983635,0.9998353123664856],"EasingStyle":"Linear","EasingDirection":"In"},"Torso":{"Weight":1,"CFrame":[0,-0.01857548952102661,-0.06206178665161133,1,2.384185791015625e-7,-8.742277657347586e-8,-2.403320138455456e-7,0.9997450113296509,-0.022582538425922395,8.201639190019705e-8,0.022582538425922395,0.9997450113296509],"EasingStyle":"Linear","EasingDirection":"In"},"HumanoidRootPart":{"Weight":0,"CFrame":[0,0,0,1,0,0,0,1,0,0,0,1],"EasingStyle":"Linear","EasingDirection":"In"},"Left Arm":{"Weight":1,"CFrame":[0.0005575601826421917,0.0025830864906311037,-0.0012225508689880372,0.9991805553436279,0.01006226520985365,-0.039204929023981097,-0.008782589808106423,0.9994274973869324,0.0326756052672863,0.03951124846935272,-0.03230459243059158,0.9986968040466309],"EasingStyle":"Linear","EasingDirection":"In"}}},{"Time":0.2666666805744171,"poses":{"Left Leg":{"Weight":1,"CFrame":[-0.3029138743877411,0.04103809595108032,0.0014004707336425782,0.9918869733810425,-0.12712380290031434,-0.00001940929541888181,0.12710395455360413,0.9917297959327698,0.017795003950595857,-0.002242949791252613,-0.017653057351708413,0.9998416900634766],"EasingStyle":"Linear","EasingDirection":"In"},"Right Arm":{"Weight":1,"CFrame":[-0.000029704009648412467,0.002484261989593506,-0.0017077922821044922,0.9997106790542603,0.0032170333433896305,0.023839950561523439,-0.004332555457949638,0.99889075756073,0.04688910394906998,-0.023662662133574487,-0.04697884991765022,0.9986156821250916],"EasingStyle":"Linear","EasingDirection":"In"},"Head":{"Weight":1,"CFrame":[8.887945313063028e-8,3.725290298461914e-9,0.01666247844696045,0.9999546408653259,-0.009493870660662651,-0.0007596053183078766,0.009472435340285302,0.9996551275253296,-0.024493450298905374,0.0009918874129652978,0.024485191330313684,0.9996997714042664],"EasingStyle":"Linear","EasingDirection":"In"},"Right Leg":{"Weight":1,"CFrame":[0.3028685450553894,0.04115074872970581,0.0011878013610839844,0.9918888211250305,0.12710891664028169,0.000020163444787613117,-0.12708862125873567,0.9917272329330444,0.018043508753180505,0.002273552119731903,-0.017899757251143457,0.9998372197151184],"EasingStyle":"Linear","EasingDirection":"In"},"Torso":{"Weight":1,"CFrame":[0,-0.014888335019350052,-0.05127143859863281,1,2.384185791015625e-7,-8.742277657347586e-8,-2.3996187792363346e-7,0.9998362064361572,-0.018100006505846978,8.309308441312169e-8,0.018100006505846978,0.9998362064361572],"EasingStyle":"Linear","EasingDirection":"In"},"HumanoidRootPart":{"Weight":0,"CFrame":[0,0,0,1,0,0,0,1,0,0,0,1],"EasingStyle":"Linear","EasingDirection":"In"},"Left Arm":{"Weight":1,"CFrame":[0.0005687434459105134,0.002520620822906494,-0.0015192627906799317,0.9991805553436279,0.010416144505143166,-0.03911229595541954,-0.008782592602074147,0.999091386795044,0.04170608147978783,0.039511147886514667,-0.041328467428684238,0.9983641505241394],"EasingStyle":"Linear","EasingDirection":"In"}}},{"Time":0.30000001192092898,"poses":{"Left Leg":{"Weight":1,"CFrame":[-0.2663792371749878,0.03381788730621338,0.001511216163635254,0.99363774061203,-0.11262361705303192,-0.00009867711196420714,0.11260771006345749,0.9934819936752319,0.01769249700009823,-0.0018945875344797969,-0.017591021955013276,0.9998434782028198],"EasingStyle":"Linear","EasingDirection":"In"},"Right Arm":{"Weight":1,"CFrame":[-0.000033891275961650538,0.0024459362030029299,-0.0018773674964904786,0.9997106194496155,0.0030935725662857296,0.023856282234191896,-0.004332556389272213,0.9986346364021301,0.052059706300497058,-0.02366265282034874,-0.05214812234044075,0.9983590841293335],"EasingStyle":"Linear","EasingDirection":"In"},"Head":{"Weight":1,"CFrame":[8.887941049806614e-8,3.725290298461914e-9,0.016661763191223146,0.9999546408653259,-0.009493844583630562,-0.0007596441428177059,0.009479265660047531,0.9998038411140442,-0.017392845824360849,0.0009245601249858737,0.017384812235832216,0.999848484992981],"EasingStyle":"Linear","EasingDirection":"In"},"Right Leg":{"Weight":1,"CFrame":[0.266331285238266,0.03393059968948364,0.0013000965118408204,0.9936395287513733,0.11260813474655152,0.00010057116014650092,-0.11259184777736664,0.9934794902801514,0.017939595505595208,0.0019202926196157933,-0.01783686690032482,0.9998391270637512],"EasingStyle":"Linear","EasingDirection":"In"},"Torso":{"Weight":1,"CFrame":[0,-0.011200888082385064,-0.0404973030090332,1,2.3841860752327195e-7,-8.742278367890322e-8,-2.395869103111181e-7,0.999907374382019,-0.013617109507322312,8.416810004518993e-8,0.013617109507322312,0.999907374382019],"EasingStyle":"Linear","EasingDirection":"In"},"HumanoidRootPart":{"Weight":0,"CFrame":[0,0,0,1,0,0,0,1,0,0,0,1],"EasingStyle":"Linear","EasingDirection":"In"},"Left Arm":{"Weight":1,"CFrame":[0.0005798875936307013,0.0024547576904296877,-0.0018153786659240723,0.9991806149482727,0.010769182816147805,-0.03901662677526474,-0.008782593533396721,0.998673677444458,0.05073310434818268,0.03951120749115944,-0.05034913122653961,0.9979498386383057],"EasingStyle":"Linear","EasingDirection":"In"}}},{"Time":0.3333333432674408,"poses":{"Left Leg":{"Weight":1,"CFrame":[-0.226701557636261,0.027207016944885255,0.001617431640625,0.9953564405441284,-0.09625790268182755,-0.00017255087732337415,0.09624598920345307,0.9952020645141602,0.017596445977687837,-0.0015221124049276114,-0.01753133349120617,0.9998452067375183],"EasingStyle":"Linear","EasingDirection":"In"},"Right Arm":{"Weight":1,"CFrame":[-0.000037835467082913968,0.0024100542068481447,-0.0020372867584228517,0.9997106194496155,0.0029769630637019874,0.023871030658483506,-0.004332556389272213,0.9983682632446289,0.05693921819329262,-0.023662574589252473,-0.05702619254589081,0.9980922937393189],"EasingStyle":"Linear","EasingDirection":"In"},"Head":{"Weight":1,"CFrame":[8.887941049806614e-8,0,0.016662240028381349,0.9999547004699707,-0.009493879042565823,-0.0007596234790980816,0.009485221467912197,0.9998978972434998,-0.010690120048820973,0.0008610209333710372,0.010682402178645134,0.9999426603317261],"EasingStyle":"Linear","EasingDirection":"In"},"Right Leg":{"Weight":1,"CFrame":[0.2266494333744049,0.027320027351379396,0.0014077425003051758,0.9953581094741821,0.09624069184064865,0.00017549471522215754,-0.09622853994369507,0.9951993227005005,0.01784222573041916,0.0015425593592226506,-0.017776351422071458,0.9998408555984497],"EasingStyle":"Linear","EasingDirection":"In"},"Torso":{"Weight":1,"CFrame":[0,-0.007720034569501877,-0.03034234046936035,1,2.384185791015625e-7,-8.742277657347586e-8,-2.392285693986196e-7,0.999955952167511,-0.009385377168655396,8.518127714296497e-8,0.009385377168655396,0.999955952167511],"EasingStyle":"Linear","EasingDirection":"In"},"HumanoidRootPart":{"Weight":0,"CFrame":[0,0,0,1,0,0,0,1,0,0,0,1],"EasingStyle":"Linear","EasingDirection":"In"},"Left Arm":{"Weight":1,"CFrame":[0.0005903471610508859,0.0023910999298095705,-0.0020943284034729006,0.9991805553436279,0.011101596988737584,-0.03892332315444946,-0.008782593533396721,0.9982045292854309,0.05924990028142929,0.03951118141412735,-0.058859627693891528,0.9974841475486755],"EasingStyle":"Linear","EasingDirection":"In"}}},{"Time":0.36666667461395266,"poses":{"Left Leg":{"Weight":1,"CFrame":[-0.1855584681034088,0.021569013595581056,0.0017130374908447266,0.9969038963317871,-0.0786295086145401,-0.00023697159485891461,0.07862156629562378,0.9967507123947144,0.01751234196126461,-0.0011408260324969888,-0.017476757988333703,0.9998466372489929],"EasingStyle":"Linear","EasingDirection":"In"},"Right Arm":{"Weight":1,"CFrame":[-0.00004130653906031512,0.002376854419708252,-0.002178013324737549,0.9997106194496155,0.002874137135222554,0.023883717134594919,-0.004332555457949638,0.9981138110160828,0.0612376444041729,-0.023662662133574487,-0.06132356449961662,0.9978374242782593],"EasingStyle":"Linear","EasingDirection":"In"},"Head":{"Weight":1,"CFrame":[8.887939628721142e-8,-9.313225746154786e-10,0.0166623592376709,0.9999547004699707,-0.009493879973888398,-0.0007596248178742826,0.009490185417234898,0.9999435544013977,-0.004784320946782827,0.0008049859898164868,0.00477685546502471,0.9999882578849793],"EasingStyle":"Linear","EasingDirection":"In"},"Right Leg":{"Weight":1,"CFrame":[0.18550065159797669,0.021682441234588624,0.001504659652709961,0.9969054460525513,0.07860976457595825,0.0002408415311947465,-0.07860168814659119,0.9967480301856995,0.017756983637809755,0.0011558771366253496,-0.01772095449268818,0.9998424053192139],"EasingStyle":"Linear","EasingDirection":"In"},"Torso":{"Weight":1,"CFrame":[0,-0.004652687348425388,-0.021406173706054689,1,2.384185791015625e-7,-8.742277657347586e-8,-2.38909251493169e-7,0.9999840259552002,-0.0056563508696854118,8.607279511352317e-8,0.0056563508696854118,0.9999840259552002],"EasingStyle":"Linear","EasingDirection":"In"},"HumanoidRootPart":{"Weight":0,"CFrame":[0,0,0,1,0,0,0,1,0,0,0,1],"EasingStyle":"Linear","EasingDirection":"In"},"Left Arm":{"Weight":1,"CFrame":[0.0005995359970256686,0.0023325085639953615,-0.0023397207260131838,0.9991806149482727,0.011393836699426175,-0.03883882984519005,-0.00878259539604187,0.99773108959198,0.06675068289041519,0.03951122611761093,-0.06635504215955734,0.997013509273529],"EasingStyle":"Linear","EasingDirection":"In"}}},{"Time":0.4000000059604645,"poses":{"Left Leg":{"Weight":1,"CFrame":[-0.14590129256248475,0.017194688320159913,0.001792311668395996,0.9981375336647034,-0.06100324168801308,-0.000288050330709666,0.06099895015358925,0.9979853630065918,0.01744566299021244,-0.000776809174567461,-0.017430759966373445,0.9998478293418884],"EasingStyle":"Linear","EasingDirection":"In"},"Right Arm":{"Weight":1,"CFrame":[-0.00004407818050822243,0.0023497939109802248,-0.0022902488708496095,0.9997106790542603,0.002792082028463483,0.023893453180789949,-0.004332555923610926,0.9978975653648377,0.06466585397720337,-0.023662665858864785,-0.06475064903497696,0.9976209402084351],"EasingStyle":"Linear","EasingDirection":"In"},"Head":{"Weight":1,"CFrame":[8.887943891977557e-8,0,0.016662001609802247,0.9999547004699707,-0.009493879973888398,-0.00075962592381984,0.009493804536759854,0.9999549984931946,-0.0000737788577680476,0.0007602710393257439,0.00006656804180238396,0.9999997615814209],"EasingStyle":"Linear","EasingDirection":"In"},"Right Leg":{"Weight":1,"CFrame":[0.14583522081375123,0.01730865240097046,0.0015850067138671876,0.9981390237808228,0.060979411005973819,0.0002926517045125365,-0.0609750896692276,0.9979825615882874,0.01768939569592476,0.0007866878877393901,-0.017674339935183526,0.9998435378074646],"EasingStyle":"Linear","EasingDirection":"In"},"Torso":{"Weight":1,"CFrame":[0,-0.0022056996822357179,-0.014285564422607422,1,2.384185791015625e-7,-8.742277657347586e-8,-2.3865214870966158e-7,0.9999964237213135,-0.002681506797671318,8.678314600274462e-8,0.002681506797671318,0.9999964237213135],"EasingStyle":"Linear","EasingDirection":"In"},"HumanoidRootPart":{"Weight":0,"CFrame":[0,0,0,1,0,0,0,1,0,0,0,1],"EasingStyle":"Linear","EasingDirection":"In"},"Left Arm":{"Weight":1,"CFrame":[0.0006068398943170905,0.002284228801727295,-0.002535104751586914,0.9991805553436279,0.01162648480385542,-0.038769759237766269,-0.00878259725868702,0.9973129630088806,0.0727313905954361,0.03951115906238556,-0.07233148068189621,0.9965978264808655],"EasingStyle":"Linear","EasingDirection":"In"}}},{"Time":0.4333333373069763,"poses":{"Left Leg":{"Weight":1,"CFrame":[-0.11359044164419174,0.014331996440887452,0.0018481016159057618,0.9989336133003235,-0.0461684912443161,-0.0003217219200450927,0.04616707190871239,0.9987821578979492,0.01740172691643238,-0.0004821196780540049,-0.0173980500549078,0.9998486042022705],"EasingStyle":"Linear","EasingDirection":"In"},"Right Arm":{"Weight":1,"CFrame":[-0.000045912205678178,0.002331972122192383,-0.0023643970489501955,0.9997106790542603,0.0027377470396459104,0.023899665102362634,-0.004332555923610926,0.9977480173110962,0.06693477928638458,-0.023662589490413667,-0.06701906025409699,0.9974711537361145],"EasingStyle":"Linear","EasingDirection":"In"},"Head":{"Weight":1,"CFrame":[8.887943891977557e-8,0,0.016662120819091798,0.9999547004699707,-0.009493879973888398,-0.0007596266805194318,0.009496210142970086,0.9999502897262573,0.003043796168640256,0.0007306820480152965,-0.0030508863274008037,0.9999951124191284],"EasingStyle":"Linear","EasingDirection":"In"},"Right Leg":{"Weight":1,"CFrame":[0.11351358890533447,0.014445841312408448,0.0016415119171142579,0.9989349842071533,0.04613928496837616,0.0003265667473897338,-0.04613790661096573,0.998779296875,0.01764485239982605,0.0004880158812738955,-0.017641134560108186,0.9998443126678467],"EasingStyle":"Linear","EasingDirection":"In"},"Torso":{"Weight":1,"CFrame":[0,-0.0005858879303559661,-0.009576082229614258,1,2.384185791015625e-7,-8.742277657347586e-8,-2.3848079422350568e-7,0.9999997615814209,-0.0007122739334590733,8.725293554334712e-8,0.0007122739334590733,0.9999997615814209],"EasingStyle":"Linear","EasingDirection":"In"},"HumanoidRootPart":{"Weight":0,"CFrame":[0,0,0,1,0,0,0,1,0,0,0,1],"EasingStyle":"Linear","EasingDirection":"In"},"Left Arm":{"Weight":1,"CFrame":[0.0006116621079854667,0.0022518038749694826,-0.002664327621459961,0.9991805553436279,0.011780246160924435,-0.038723357021808627,-0.00878259539604187,0.997016429901123,0.07668862491846085,0.03951120376586914,-0.07628573477268219,0.9963029026985169],"EasingStyle":"Linear","EasingDirection":"In"}}},{"Time":0.46666666865348818,"poses":{"Left Leg":{"Weight":1,"CFrame":[-0.09994900971651077,0.013297736644744873,0.0018693208694458008,0.9992085099220276,-0.03977956995368004,-0.00033363979309797287,0.03977933153510094,0.9990572333335877,0.01738584414124489,-0.00035831460263580084,-0.01738538220524788,0.9998488426208496],"EasingStyle":"Linear","EasingDirection":"In"},"Right Arm":{"Weight":1,"CFrame":[-0.0000465754528704565,0.0023253560066223146,-0.0023912787437438967,0.9997106790542603,0.002718089846894145,0.023901984095573427,-0.004332556389272213,0.9976926445960999,0.06775523722171784,-0.023662669584155084,-0.06783922016620636,0.9974156618118286],"EasingStyle":"Linear","EasingDirection":"In"},"Head":{"Weight":1,"CFrame":[8.887943181434821e-8,0,0.0166623592376709,0.9999547004699707,-0.009493880905210972,-0.0007596269133500755,0.009496975690126419,0.9999462962150574,0.0041713714599609379,0.0007199739338830113,-0.004178404342383146,0.9999910593032837],"EasingStyle":"Linear","EasingDirection":"In"},"Right Leg":{"Weight":1,"CFrame":[0.09986590594053269,0.01341181993484497,0.0016633272171020508,0.9992097616195679,0.03974713012576103,0.0003388961486052722,-0.0397469736635685,0.9990543127059937,0.017628761008381845,0.000362179969670251,-0.017628313973546029,0.9998446106910706],"EasingStyle":"Linear","EasingDirection":"In"},"Torso":{"Weight":1,"CFrame":[0,0,-0.007873296737670899,1,2.384185791015625e-7,-8.742277657347586e-8,-2.384185791015625e-7,1,2.084321417176148e-14,8.742277657347586e-8,0,1],"EasingStyle":"Linear","EasingDirection":"In"},"HumanoidRootPart":{"Weight":0,"CFrame":[0,0,0,1,0,0,0,1,0,0,0,1],"EasingStyle":"Linear","EasingDirection":"In"},"Left Arm":{"Weight":1,"CFrame":[0.0006134040304459631,0.0022398829460144045,-0.002710998058319092,0.9991806149482727,0.011835823766887188,-0.038706403225660327,-0.008782596327364445,0.9969053268432617,0.07811963558197022,0.03951120376586914,-0.07771586626768112,0.9961923360824585],"EasingStyle":"Linear","EasingDirection":"In"}}},{"Time":0.5,"poses":{"Left Leg":{"Weight":1,"CFrame":[-0.302913099527359,0.04103797674179077,0.0014004707336425782,0.9918869733810425,-0.12712346017360688,-0.00001940947004186455,0.12710361182689668,0.9917299151420593,0.017795003950595857,-0.002242943039163947,-0.01765305921435356,0.9998416900634766],"EasingStyle":"Linear","EasingDirection":"In"},"Right Arm":{"Weight":1,"CFrame":[-0.000029702147003263236,0.002484261989593506,-0.0017077922821044922,0.9997106790542603,0.0032170352060347797,0.02383994869887829,-0.004332555457949638,0.99889075756073,0.04688910394906998,-0.023662662133574487,-0.04697884991765022,0.9986156821250916],"EasingStyle":"Linear","EasingDirection":"In"},"Head":{"Weight":1,"CFrame":[8.887942470892085e-8,-3.725290298461914e-9,0.016662240028381349,0.9999546408653259,-0.009493870660662651,-0.0007596053183078766,0.009472435340285302,0.9996551275253296,-0.02449345961213112,0.0009918875293806196,0.02448520064353943,0.9996997714042664],"EasingStyle":"Linear","EasingDirection":"In"},"Right Leg":{"Weight":1,"CFrame":[0.3028677999973297,0.041150450706481937,0.0011878013610839844,0.9918888211250305,0.1271085888147354,0.00002017106999119278,-0.1270882785320282,0.9917272925376892,0.018043508753180505,0.0022735456004738809,-0.017899759113788606,0.9998372197151184],"EasingStyle":"Linear","EasingDirection":"In"},"Torso":{"Weight":1,"CFrame":[0,-0.014888331294059754,-0.05127120018005371,1,2.384185791015625e-7,-8.742277657347586e-8,-2.3996187792363346e-7,0.9998362064361572,-0.01809999719262123,8.309308441312169e-8,0.01809999719262123,0.9998362064361572],"EasingStyle":"Linear","EasingDirection":"In"},"HumanoidRootPart":{"Weight":0,"CFrame":[0,0,0,1,0,0,0,1,0,0,0,1],"EasingStyle":"Linear","EasingDirection":"In"},"Left Arm":{"Weight":1,"CFrame":[0.0005687453085556626,0.002520620822906494,-0.0015192627906799317,0.9991805553436279,0.010416148230433464,-0.03911241516470909,-0.008782592602074147,0.9990913271903992,0.04170605540275574,0.039511267095804217,-0.04132859408855438,0.9983640909194946],"EasingStyle":"Linear","EasingDirection":"In"}}},{"Time":0.5333333611488342,"poses":{"Left Leg":{"Weight":1,"CFrame":[-0.4185115694999695,0.07235169410705567,0.0009510517120361328,0.9855429530143738,-0.1694255918264389,0.0003099573077633977,0.16939187049865724,0.9853804707527161,0.018217122182250024,-0.0033919145353138448,-0.01790127158164978,0.9998341202735901],"EasingStyle":"Linear","EasingDirection":"In"},"Right Arm":{"Weight":1,"CFrame":[-0.000012841319403378293,0.002629220485687256,-0.0010211467742919922,0.9997106194496155,0.003714584046974778,0.023767486214637758,-0.004332555457949638,0.9996525049209595,0.02600240148603916,-0.023662637919187547,-0.026097815483808519,0.9993793964385986],"EasingStyle":"Linear","EasingDirection":"In"},"Head":{"Weight":1,"CFrame":[8.887944602520293e-8,1.4901161193847657e-8,0.0166623592376709,0.9999546408653259,-0.009493835270404816,-0.0007596208597533405,0.00944015383720398,0.9985426068305969,-0.053138308227062228,0.0012629502452909947,0.053128741681575778,0.9985869526863098],"EasingStyle":"Linear","EasingDirection":"In"},"Right Leg":{"Weight":1,"CFrame":[0.41847342252731326,0.0724647045135498,0.0007321834564208984,0.9855451583862305,0.1694122850894928,-0.0003136704908683896,-0.16937771439552308,0.9853781461715698,0.018471522256731988,0.0034384592436254026,-0.01815141551196575,0.9998293519020081],"EasingStyle":"Linear","EasingDirection":"In"},"Torso":{"Weight":1,"CFrame":[0,-0.029771797358989717,-0.09493899345397949,1,2.3841860752327195e-7,-8.742278367890322e-8,-2.4142653387571047e-7,0.9993448853492737,-0.0361940823495388,7.873615004427848e-8,0.0361940823495388,0.9993448853492737],"EasingStyle":"Linear","EasingDirection":"In"},"HumanoidRootPart":{"Weight":0,"CFrame":[0,0,0,1,0,0,0,1,0,0,0,1],"EasingStyle":"Linear","EasingDirection":"In"},"Left Arm":{"Weight":1,"CFrame":[0.0005233436240814626,0.0027576088905334474,-0.00031810998916625977,0.9991806149482727,0.008982615545392037,-0.03946629911661148,-0.008782588876783848,0.999947726726532,0.005236959084868431,0.03951125591993332,-0.004886304493993521,0.9992071390151978],"EasingStyle":"Linear","EasingDirection":"In"}}},{"Time":0.5666666626930237,"poses":{"Left Leg":{"Weight":1,"CFrame":[-0.41518887877464297,0.07124572992324829,0.0009664297103881836,0.9857379794120789,-0.16828708350658418,0.0002985695900861174,0.16825377941131593,0.9855757355690002,0.018202699720859529,-0.0033575871493667366,-0.01789289340376854,0.9998342990875244],"EasingStyle":"Linear","EasingDirection":"In"},"Right Arm":{"Weight":1,"CFrame":[-0.000013407568985712715,0.0026243925094604494,-0.0010443329811096192,0.9997106790542603,0.0036978579591959717,0.023770075291395189,-0.004332559648901224,0.9996340274810791,0.0267060324549675,-0.02366262674331665,-0.02680136263370514,0.9993606805801392],"EasingStyle":"Linear","EasingDirection":"In"},"Head":{"Weight":1,"CFrame":[8.88794176034935e-8,1.4901161193847657e-8,0.016662240028381349,0.9999546408653259,-0.009493868798017502,-0.0007595986826345325,0.009441342204809189,0.9985933899879456,-0.05217456445097923,0.0012538586743175984,0.05216503143310547,0.9986377358436585],"EasingStyle":"Linear","EasingDirection":"In"},"Right Leg":{"Weight":1,"CFrame":[0.4151507019996643,0.07135891914367676,0.0007476806640625,0.9857403039932251,0.16827379167079926,-0.00030212904675863683,-0.16823966801166535,0.9855732917785645,0.018456928431987764,0.0034036494325846435,-0.01814294047653675,0.9998296499252319],"EasingStyle":"Linear","EasingDirection":"In"},"Torso":{"Weight":1,"CFrame":[0,-0.029270648956298829,-0.09346389770507813,1,2.384185791015625e-7,-8.742277657347586e-8,-2.4137850118677309e-7,0.9993666410446167,-0.03558482229709625,7.88833176557091e-8,0.03558482229709625,0.9993666410446167],"EasingStyle":"Linear","EasingDirection":"In"},"HumanoidRootPart":{"Weight":0,"CFrame":[0,0,0,1,0,0,0,1,0,0,0,1],"EasingStyle":"Linear","EasingDirection":"In"},"Left Arm":{"Weight":1,"CFrame":[0.0005248896195553243,0.0027504563331604006,-0.0003587007522583008,0.9991805553436279,0.009031088091433049,-0.039455171674489978,-0.008782590739428997,0.9999406337738037,0.006465475540608168,0.039511196315288547,-0.00611386401578784,0.9992004632949829],"EasingStyle":"Linear","EasingDirection":"In"}}},{"Time":0.6000000238418579,"poses":{"Left Leg":{"Weight":1,"CFrame":[-0.4057772159576416,0.06818562746047974,0.0010089874267578126,0.9862874150276184,-0.1650370955467224,0.00026701466413214803,0.16500505805015565,0.9861255288124085,0.01816255785524845,-0.0032608502078801395,-0.01786947436630726,0.9998350143432617],"EasingStyle":"Linear","EasingDirection":"In"},"Right Arm":{"Weight":1,"CFrame":[-0.000014987107533670497,0.002611517906188965,-0.0011088252067565919,0.9997106790542603,0.003651268547400832,0.023777304217219354,-0.004332555457949638,0.999579668045044,0.02866489440202713,-0.023662645369768144,-0.028759701177477838,0.999306321144104],"EasingStyle":"Linear","EasingDirection":"In"},"Head":{"Weight":1,"CFrame":[8.887946023605764e-8,3.725290298461914e-9,0.016662240028381349,0.9999546408653259,-0.009493868798017502,-0.0007595993229188025,0.00944460742175579,0.9987300038337708,-0.0494912788271904,0.0012284935219213367,0.049481846392154697,0.9987742900848389],"EasingStyle":"Linear","EasingDirection":"In"},"Right Leg":{"Weight":1,"CFrame":[0.40573832392692568,0.06829845905303955,0.0007908344268798828,0.9862895011901856,0.16502375900745393,-0.00027036297251470387,-0.16499090194702149,0.9861231446266174,0.01841624826192856,0.0033057918772101404,-0.018119189888238908,0.999830424785614],"EasingStyle":"Linear","EasingDirection":"In"},"Torso":{"Weight":1,"CFrame":[0,-0.027875475585460664,-0.08935880661010742,1,2.384185791015625e-7,-8.742277657347586e-8,-2.4124426545313329e-7,0.9994255900382996,-0.033888693898916247,7.929286738317387e-8,0.033888693898916247,0.9994255900382996],"EasingStyle":"Linear","EasingDirection":"In"},"HumanoidRootPart":{"Weight":0,"CFrame":[0,0,0,1,0,0,0,1,0,0,0,1],"EasingStyle":"Linear","EasingDirection":"In"},"Left Arm":{"Weight":1,"CFrame":[0.0005291587440297008,0.0027297139167785646,-0.000471651554107666,0.9991806149482727,0.009165981784462929,-0.03942412883043289,-0.008782590739428997,0.9999126195907593,0.009885420091450215,0.039511267095804217,-0.009531235322356224,0.9991737008094788],"EasingStyle":"Linear","EasingDirection":"In"}}},{"Time":0.6333333253860474,"poses":{"Left Leg":{"Weight":1,"CFrame":[-0.39085862040519717,0.06355446577072144,0.0010738372802734376,0.9871496558189392,-0.15979820489883424,0.00021928812202531844,0.1597680300474167,0.9869886636734009,0.018101727589964868,-0.0031090981792658569,-0.017834067344665529,0.9998362064361572],"EasingStyle":"Linear","EasingDirection":"In"},"Right Arm":{"Weight":1,"CFrame":[-0.000017386217223247514,0.002591431140899658,-0.001207113265991211,0.9997106790542603,0.0035802186466753484,0.023788105696439744,-0.004332559183239937,0.99948