{"Sequence":[{"Time":0,"poses":{"Left Leg":{"Weight":1,"CFrame":[-0.4214479923248291,0.28984028100967409,0.07818305492401123,0.9671770930290222,-0.12183773517608643,0.22298888862133027,0.09695655852556229,0.988106369972229,0.11935335397720337,-0.23487849533557893,-0.09381555020809174,0.9674867987632752],"EasingStyle":"Linear","EasingDirection":"In"},"Right Arm":{"Weight":1,"CFrame":[0.061332304030656818,-0.3937927484512329,0.004901766777038574,0.2618851959705353,-0.9320960640907288,0.25022614002227785,0.9541158676147461,0.21104693412780763,-0.21241968870162965,0.14518606662750245,0.2943741977214813,0.9445976614952087],"EasingStyle":"Linear","EasingDirection":"In"},"Left Arm":{"Weight":1,"CFrame":[0.3649681806564331,-0.39236530661582949,0.05903172492980957,0.23412826657295228,0.9462327361106873,-0.22322119772434236,-0.9583172798156738,0.18594728410243989,-0.21691370010375977,-0.16374339163303376,0.2647022008895874,0.9503266215324402],"EasingStyle":"Linear","EasingDirection":"In"},"Head":{"Weight":1,"CFrame":[1.1175870895385742e-7,7.450580596923828e-9,-5.960464477539063e-8,0.9839230179786682,-0.17796489596366883,0.014966554008424282,0.1771794855594635,0.9832243919372559,0.043327316641807559,-0.02242622897028923,-0.0399789921939373,0.9989488124847412],"EasingStyle":"Linear","EasingDirection":"In"},"Torso":{"Weight":1,"CFrame":[-0.12660768628120423,-0.11875391006469727,-0.21922850608825684,0.9801039695739746,0.19792315363883973,-0.014922095462679863,-0.19792316854000092,0.9689124226570129,-0.1484423726797104,-0.014921975322067738,0.14844238758087159,0.9888084530830383],"EasingStyle":"Linear","EasingDirection":"In"},"HumanoidRootPart":{"Weight":1,"CFrame":[0,0,0,1,0,0,0,1,0,0,0,1],"EasingStyle":"Linear","EasingDirection":"In"},"Right Leg":{"Weight":1,"CFrame":[0.5690346956253052,0.16198009252548219,0.0046384334564208988,0.9719996452331543,0.2348153293132782,-0.008856650441884995,-0.23480132222175599,0.9720398783683777,0.002609305316582322,0.00922179501503706,-0.0004567503638099879,0.9999573826789856],"EasingStyle":"Linear","EasingDirection":"In"}}},{"Time":0.03333333507180214,"poses":{"Left Leg":{"Weight":1,"CFrame":[-0.485903263092041,0.3925030827522278,0.11450839042663574,0.945210337638855,-0.1755352020263672,0.27525413036346438,0.14689859747886659,0.9816517233848572,0.1215759888291359,-0.2915446162223816,-0.07448043674230576,0.9536532163619995],"EasingStyle":"Linear","EasingDirection":"In"},"Right Arm":{"Weight":1,"CFrame":[0.0795634314417839,-0.390541136264801,0.025238633155822755,0.2562265694141388,-0.9066285490989685,0.33522018790245058,0.9518031477928162,0.17616057395935059,-0.2510743737220764,0.1685785949230194,0.3833954632282257,0.9080688953399658],"EasingStyle":"Linear","EasingDirection":"In"},"Left Arm":{"Weight":1,"CFrame":[0.35291922092437746,-0.3840612471103668,0.081390380859375,0.23312021791934968,0.9378177523612976,-0.2572021186351776,-0.9584751725196838,0.17691299319267274,-0.22366739809513093,-0.16425687074661256,0.29866310954093935,0.9401170015335083],"EasingStyle":"Linear","EasingDirection":"In"},"Head":{"Weight":1,"CFrame":[1.0803341865539551e-7,3.3527612686157229e-8,-1.7881393432617188e-7,0.9817792177200317,-0.18713940680027009,0.03299064189195633,0.18393193185329438,0.9794788360595703,0.08240267634391785,-0.04773441702127457,-0.07483318448066712,0.9960529208183289],"EasingStyle":"Linear","EasingDirection":"In"},"Torso":{"Weight":1,"CFrame":[-0.1509716510772705,-0.163924902677536,-0.2680964469909668,0.9739471077919006,0.2248069792985916,-0.02981327660381794,-0.22657272219657899,0.9590770602226257,-0.16981154680252076,-0.009581590071320534,0.17214232683181764,0.9850254654884338],"EasingStyle":"Linear","EasingDirection":"In"},"HumanoidRootPart":{"Weight":1,"CFrame":[0,0,0,1,0,0,0,1,0,0,0,1],"EasingStyle":"Linear","EasingDirection":"In"},"Right Leg":{"Weight":1,"CFrame":[0.6318608522415161,0.20636487007141114,-0.009453237056732178,0.9668181538581848,0.255184531211853,0.01197517104446888,-0.25530070066452029,0.9668158292770386,0.009419841691851616,-0.00917394831776619,-0.012164606712758541,0.9998839497566223],"EasingStyle":"Linear","EasingDirection":"In"}}},{"Time":0.06666667014360428,"poses":{"Left Leg":{"Weight":1,"CFrame":[-0.5343257188796997,0.5866683125495911,0.15087628364562989,0.9091349244117737,-0.2347467839717865,0.3440459668636322,0.19964441657066346,0.9705693125724793,0.13467472791671754,-0.3655349612236023,-0.053750600665807727,0.929244339466095],"EasingStyle":"Linear","EasingDirection":"In"},"Right Arm":{"Weight":1,"CFrame":[0.09062176197767258,-0.38278698921203616,0.07636630535125733,0.24853655695915223,-0.8539390563964844,0.4571845829486847,0.9590148329734802,0.1506228744983673,-0.24000698328018189,0.13608881831169129,0.49809718132019045,0.8563754558563232],"EasingStyle":"Linear","EasingDirection":"In"},"Left Arm":{"Weight":1,"CFrame":[0.3241867423057556,-0.3642592430114746,0.13470709323883058,0.22927512228488923,0.920222818851471,-0.3172112703323364,-0.9640332460403442,0.16967041790485383,-0.20457704365253449,-0.13443511724472047,0.3527066111564636,0.9260265827178955],"EasingStyle":"Linear","EasingDirection":"In"},"Head":{"Weight":1,"CFrame":[8.335337042808533e-8,-5.960464477539063e-8,-5.960464477539063e-8,0.9799512624740601,-0.1941085010766983,0.04491598159074783,0.18778768181800843,0.9751814007759094,0.11729050427675247,-0.0665683001279831,-0.10650430619716644,0.9920814037322998],"EasingStyle":"Linear","EasingDirection":"In"},"Torso":{"Weight":1,"CFrame":[-0.1734667718410492,-0.19575747847557069,-0.3277444839477539,0.9688025116920471,0.24338196218013764,-0.04676457867026329,-0.24782973527908326,0.950272262096405,-0.18858176469802857,-0.0014583216980099679,0.19428813457489015,0.9809434413909912],"EasingStyle":"Linear","EasingDirection":"In"},"HumanoidRootPart":{"Weight":1,"CFrame":[0,0,0,1,0,0,0,1,0,0,0,1],"EasingStyle":"Linear","EasingDirection":"In"},"Right Leg":{"Weight":1,"CFrame":[0.6861423254013062,0.2634066343307495,-0.013804316520690918,0.9610761404037476,0.2759620249271393,0.013325323350727559,-0.2761736512184143,0.9609360694885254,0.018164318054914476,-0.007792117539793253,-0.021137433126568795,0.9997462034225464],"EasingStyle":"Linear","EasingDirection":"In"}}},{"Time":0.10000000149011612,"poses":{"Left Leg":{"Weight":1,"CFrame":[-0.48225992918014529,0.8272812366485596,0.12726318836212159,0.8834738731384277,-0.23125089704990388,0.4074273109436035,0.18015463650226594,0.9705057740211487,0.1601964235305786,-0.43245604634284975,-0.06812941282987595,0.8990773558616638],"EasingStyle":"Linear","EasingDirection":"In"},"Right Arm":{"Weight":1,"CFrame":[0.09630028903484345,-0.3735324442386627,0.14345920085906983,0.2222045660018921,-0.7772106528282166,0.5887009501457214,0.9724531173706055,0.1330510824918747,-0.19139578938484193,0.07042758911848068,0.615013062953949,0.7853654026985169],"EasingStyle":"Linear","EasingDirection":"In"},"Left Arm":{"Weight":1,"CFrame":[0.2898934483528137,-0.34062469005584719,0.1983431577682495,0.21518844366073609,0.8935316205024719,-0.3940751552581787,-0.9730982184410095,0.16218142211437226,-0.16363683342933656,-0.0823030173778534,0.4186865985393524,0.9043935537338257],"EasingStyle":"Linear","EasingDirection":"In"},"Head":{"Weight":1,"CFrame":[7.078051567077637e-8,-6.705522537231445e-8,1.1920928955078126e-7,0.9786407351493836,-0.19889645278453828,0.05198606103658676,0.18962854146957398,0.9710348844528198,0.14536941051483155,-0.07939375936985016,-0.13240638375282288,0.9880107045173645],"EasingStyle":"Linear","EasingDirection":"In"},"Torso":{"Weight":1,"CFrame":[-0.19108806550502778,-0.21749305725097657,-0.39522743225097659,0.9663777351379395,0.2489016354084015,-0.06451430916786194,-0.2569720447063446,0.943602979183197,-0.20875540375709535,0.00891634076833725,0.21831494569778443,0.9758376479148865],"EasingStyle":"Linear","EasingDirection":"In"},"HumanoidRootPart":{"Weight":1,"CFrame":[0,0,0,1,0,0,0,1,0,0,0,1],"EasingStyle":"Linear","EasingDirection":"In"},"Right Leg":{"Weight":1,"CFrame":[0.724365234375,0.3335403800010681,-0.007220804691314697,0.9570218324661255,0.2900035083293915,-0.002680415054783225,-0.2898184061050415,0.956670343875885,0.028056327253580095,0.010700726881623268,-0.026073744520545007,0.999602735042572],"EasingStyle":"Linear","EasingDirection":"In"}}},{"Time":0.13333334028720857,"poses":{"Left Leg":{"Weight":1,"CFrame":[-0.3470534682273865,1.0335533618927003,0.013489723205566407,0.8959147930145264,-0.13533613085746766,0.42310845851898196,0.060706038028001788,0.9808266162872315,0.1851862668991089,-0.44005846977233889,-0.1402258723974228,0.886952817440033],"EasingStyle":"Linear","EasingDirection":"In"},"Right Arm":{"Weight":1,"CFrame":[0.09839236736297608,-0.36577916145324709,0.2116926908493042,0.16630250215530396,-0.6878418922424316,0.706553041934967,0.9860668778419495,0.11887719482183457,-0.11636314541101456,-0.003953597508370876,0.7160598635673523,0.6980275511741638],"EasingStyle":"Linear","EasingDirection":"In"},"Left Arm":{"Weight":1,"CFrame":[0.261161208152771,-0.32082316279411318,0.2516601085662842,0.18381156027317048,0.8587456345558167,-0.4782983660697937,-0.982821524143219,0.1523483693599701,-0.10417221486568451,-0.016589466482400895,0.4892299473285675,0.871997058391571],"EasingStyle":"Linear","EasingDirection":"In"},"Head":{"Weight":1,"CFrame":[8.195638656616211e-8,3.725290298461914e-9,-4.172325134277344e-7,0.9778982996940613,-0.20160791277885438,0.05539986491203308,0.19025643169879914,0.9679256677627564,0.1640803962945938,-0.0867028534412384,-0.14991377294063569,0.9848901033401489],"EasingStyle":"Linear","EasingDirection":"In"},"Torso":{"Weight":1,"CFrame":[-0.20128796994686128,-0.2268843650817871,-0.46171092987060549,0.9740390777587891,0.21278662979602815,-0.077264204621315,-0.22514495253562928,0.9461591839790344,-0.23257802426815034,0.02361474372446537,0.2439357191324234,0.9695038199424744],"EasingStyle":"Linear","EasingDirection":"In"},"HumanoidRootPart":{"Weight":1,"CFrame":[0,0,0,1,0,0,0,1,0,0,0,1],"EasingStyle":"Linear","EasingDirection":"In"},"Right Leg":{"Weight":1,"CFrame":[0.7298823595046997,0.4019473195075989,0.030321955680847169,0.9521559476852417,0.30024290084838869,-0.05703795328736305,-0.2989037036895752,0.9537823796272278,0.030914677307009698,0.06368373334407807,-0.012386771850287915,0.9978932738304138],"EasingStyle":"Linear","EasingDirection":"In"}}},{"Time":0.1666666716337204,"poses":{"Left Leg":{"Weight":1,"CFrame":[-0.23347315192222596,1.1198982000350953,-0.09253668785095215,0.9214621186256409,-0.005023690406233072,0.3884356915950775,-0.07906333357095719,0.9765624403953552,0.2001870572566986,-0.3803374767303467,-0.2151757925748825,0.8994680643081665],"EasingStyle":"Linear","EasingDirection":"In"},"Right Arm":{"Weight":1,"CFrame":[0.09869125485420227,-0.3625274896621704,0.26624155044555666,0.07711995393037796,-0.6015229821205139,0.7951241731643677,0.9949442148208618,0.0978885069489479,-0.02244682051241398,-0.06433115899562836,0.7928353548049927,0.606031060218811],"EasingStyle":"Linear","EasingDirection":"In"},"Left Arm":{"Weight":1,"CFrame":[0.24911214411258698,-0.3125188946723938,0.2740185260772705,0.1295020431280136,0.8180148601531982,-0.5604292154312134,-0.9901353716850281,0.1371675431728363,-0.028584223240613939,0.05349041149020195,0.558602511882782,0.827708899974823],"EasingStyle":"Linear","EasingDirection":"In"},"Head":{"Weight":1,"CFrame":[5.960464477539063e-8,9.685754776000977e-8,-5.960464477539063e-8,0.9776732325553894,-0.20244944095611573,0.05629609525203705,0.19034355878829957,0.9667303562164307,0.17088527977466584,-0.08901876211166382,-0.1563543826341629,0.983681321144104],"EasingStyle":"Linear","EasingDirection":"In"},"Torso":{"Weight":1,"CFrame":[-0.20144590735435487,-0.19991517066955567,-0.4930887222290039,0.9854447841644287,0.151321679353714,-0.0774616077542305,-0.1660062074661255,0.9547462463378906,-0.24678228795528413,0.036612674593925479,0.25604942440986636,0.9659700989723206],"EasingStyle":"Linear","EasingDirection":"In"},"HumanoidRootPart":{"Weight":1,"CFrame":[0,0,0,1,0,0,0,1,0,0,0,1],"EasingStyle":"Linear","EasingDirection":"In"},"Right Leg":{"Weight":1,"CFrame":[0.7013735771179199,0.43860924243927,0.08256590366363526,0.9478580355644226,0.2938229739665985,-0.12342298030853272,-0.29370930790901186,0.9556952714920044,0.019530456513166429,0.1236933022737503,0.01773836463689804,0.9921619296073914],"EasingStyle":"Linear","EasingDirection":"In"}}},{"Time":0.20000000298023225,"poses":{"Left Leg":{"Weight":1,"CFrame":[-0.21000128984451295,1.1054306030273438,-0.12171405553817749,0.9334105849266052,0.08757725358009339,0.3479579985141754,-0.16704142093658448,0.9643204212188721,0.20538587868213654,-0.3175559639930725,-0.24983274936676026,0.9147359728813171],"EasingStyle":"Linear","EasingDirection":"In"},"Right Arm":{"Weight":1,"CFrame":[0.06484992057085037,-0.36341536045074465,0.2966967821121216,-0.09998246282339096,-0.5950937271118164,0.7974126935005188,0.984671413898468,0.05593739449977875,0.16520661115646363,-0.14291860163211823,0.8017072081565857,0.5803790092468262],"EasingStyle":"Linear","EasingDirection":"In"},"Left Arm":{"Weight":1,"CFrame":[0.2742599546909332,-0.3132609724998474,0.27195942401885989,-0.0011186080519109965,0.7980464100837708,-0.6025951504707336,-0.9905862212181091,0.08160237222909928,0.10990896821022034,0.1368856579065323,0.5970452427864075,0.7904423475265503],"EasingStyle":"Linear","EasingDirection":"In"},"Head":{"Weight":1,"CFrame":[1.0803341865539551e-7,-9.313225746154785e-8,-4.76837158203125e-7,0.9791629314422607,-0.19721733033657075,0.048428501933813098,0.1871507614850998,0.9689146876335144,0.16179893910884858,-0.07883263379335404,-0.14936408400535584,0.9856346845626831],"EasingStyle":"Linear","EasingDirection":"In"},"Torso":{"Weight":1,"CFrame":[-0.18930582702159882,-0.1308867335319519,-0.45117902755737307,0.9917289018630981,0.1109839528799057,-0.0644695833325386,-0.12363287061452866,0.9609525203704834,-0.24755841493606568,0.034477200359106067,0.253481388092041,0.9667256474494934],"EasingStyle":"Linear","EasingDirection":"In"},"HumanoidRootPart":{"Weight":1,"CFrame":[0,0,0,1,0,0,0,1,0,0,0,1],"EasingStyle":"Linear","EasingDirection":"In"},"Right Leg":{"Weight":1,"CFrame":[0.6460431814193726,0.42036014795303347,0.1106950044631958,0.9583011865615845,0.23941396176815034,-0.15601219236850739,-0.24325858056545258,0.9699444770812988,-0.005747648887336254,0.1499471813440323,0.04345923289656639,0.9877384305000305],"EasingStyle":"Linear","EasingDirection":"In"}}},{"Time":0.23333333432674409,"poses":{"Left Leg":{"Weight":1,"CFrame":[-0.24642330408096314,1.044845461845398,-0.11471229791641236,0.9433541297912598,0.14479206502437592,0.298526793718338,-0.2116154432296753,0.9555594325065613,0.20524410903453828,-0.25554242730140688,-0.25679072737693789,0.9320711493492127],"EasingStyle":"Linear","EasingDirection":"In"},"Right Arm":{"Weight":1,"CFrame":[-0.01975392922759056,-0.36962825059890749,0.31031596660614016,-0.33677664399147036,-0.6738728284835815,0.6576298475265503,0.9000532031059265,-0.025251716375350953,0.43504777550697329,-0.2765604853630066,0.7384156584739685,0.615025520324707],"EasingStyle":"Linear","EasingDirection":"In"},"Left Arm":{"Weight":1,"CFrame":[0.3371296525001526,-0.318454384803772,0.2668111324310303,-0.20255406200885774,0.8040159940719605,-0.5590440630912781,-0.9482437968254089,-0.018470512703061105,0.31700560450553896,0.24455179274082185,0.5943207740783691,0.766144335269928],"EasingStyle":"Linear","EasingDirection":"In"},"Head":{"Weight":1,"CFrame":[5.029141902923584e-8,1.5273690223693848e-7,-1.7881393432617188e-7,0.9826324582099915,-0.1834345906972885,0.028021417558193208,0.17798689007759095,0.9744152426719666,0.13724291324615479,-0.052479587495326999,-0.1298719048500061,0.990140974521637],"EasingStyle":"Linear","EasingDirection":"In"},"Torso":{"Weight":1,"CFrame":[-0.16011786460876466,-0.06589871644973755,-0.36827993392944338,0.9969040751457214,0.06823323667049408,-0.039070405066013339,-0.07562883198261261,0.9680440425872803,-0.2391045242547989,0.02150700055062771,0.24131911993026734,0.9702074527740479],"EasingStyle":"Linear","EasingDirection":"In"},"HumanoidRootPart":{"Weight":1,"CFrame":[0,0,0,1,0,0,0,1,0,0,0,1],"EasingStyle":"Linear","EasingDirection":"In"},"Right Leg":{"Weight":1,"CFrame":[0.5677858591079712,0.3464356064796448,0.13199973106384278,0.9643777012825012,0.18215571343898774,-0.19182009994983674,-0.19161637127399445,0.9809538722038269,-0.031822290271520618,0.18237005174160005,0.06744451075792313,0.9809140563011169],"EasingStyle":"Linear","EasingDirection":"In"}}},{"Time":0.2666666805744171,"poses":{"Left Leg":{"Weight":1,"CFrame":[-0.32689473032951357,0.9708465337753296,-0.11498558521270752,0.9620397686958313,0.15986835956573487,0.22118210792541505,-0.20743605494499207,0.9550046324729919,0.21198222041130067,-0.17734068632125855,-0.24981647729873658,0.95191490650177],"EasingStyle":"Linear","EasingDirection":"In"},"Right Arm":{"Weight":1,"CFrame":[-0.12973839044570924,-0.3864929974079132,0.31877195835113528,-0.5018644332885742,-0.7421382665634155,0.44425585865974429,0.7576538920402527,-0.12942521274089814,0.6396949887275696,-0.4172441363334656,0.657632052898407,0.6272376775741577],"EasingStyle":"Linear","EasingDirection":"In"},"Left Arm":{"Weight":1,"CFrame":[0.41885995864868166,-0.3325502872467041,0.26011836528778078,-0.3761232793331146,0.8170961141586304,-0.4369041621685028,-0.8498863577842712,-0.11640752106904984,0.5139479041099548,0.36908599734306338,0.5646266341209412,0.7382223606109619],"EasingStyle":"Linear","EasingDirection":"In"},"Head":{"Weight":1,"CFrame":[8.865026757121086e-8,-5.216134013608098e-8,-5.960464477539063e-8,0.9864426255226135,-0.16410626471042634,-0.0002299769112141803,0.16328449547290803,0.9813608527183533,0.1013365313410759,-0.016404272988438607,-0.10000023990869522,0.9948521852493286],"EasingStyle":"Linear","EasingDirection":"In"},"Torso":{"Weight":1,"CFrame":[-0.11174990236759186,-0.03142017126083374,-0.2982020378112793,0.9999853372573853,0.0003006224287673831,-0.005403495859354734,-0.001434512552805245,0.9774647951126099,-0.21109367907047273,0.0052182674407958988,0.2110983431339264,0.9774509072303772],"EasingStyle":"Linear","EasingDirection":"In"},"HumanoidRootPart":{"Weight":1,"CFrame":[0,0,0,1,0,0,0,1,0,0,0,1],"EasingStyle":"Linear","EasingDirection":"In"},"Right Leg":{"Weight":1,"CFrame":[0.4856688976287842,0.2509431838989258,0.1586768627166748,0.9479875564575195,0.18606089055538178,-0.2582651376724243,-0.20321078598499299,0.9782706499099731,-0.041133422404527667,0.24499987065792085,0.09147614985704422,0.9651979804039002],"EasingStyle":"Linear","EasingDirection":"In"}}},{"Time":0.30000001192092898,"poses":{"Left Leg":{"Weight":1,"CFrame":[-0.43517202138900759,0.8404622673988342,-0.0816308856010437,0.9797621369361877,0.10984718799591065,0.1673312485218048,-0.14299514889717103,0.9690768122673035,0.20110328495502473,-0.1400662511587143,-0.22096094489097596,0.9651724100112915],"EasingStyle":"Linear","EasingDirection":"In"},"Right Arm":{"Weight":1,"CFrame":[-0.23972319066524507,-0.4193342924118042,0.33373892307281496,-0.5531505942344666,-0.7640956044197083,0.3319375216960907,0.675896167755127,-0.17868803441524507,0.7150070071220398,-0.4870203137397766,0.6198616623878479,0.6152905821800232],"EasingStyle":"Linear","EasingDirection":"In"},"Left Arm":{"Weight":1,"CFrame":[0.5005905628204346,-0.3600008487701416,0.2534257173538208,-0.4385441839694977,0.8473113775253296,-0.29957038164138796,-0.7487116456031799,-0.16007857024669648,0.6432773470878601,0.49710145592689516,0.5063973665237427,0.7045934200286865],"EasingStyle":"Linear","EasingDirection":"In"},"Head":{"Weight":1,"CFrame":[8.66129994392395e-8,2.0139850676059724e-8,-1.1920928955078126e-7,0.9893455505371094,-0.14214913547039033,-0.031449202448129657,0.1437920480966568,0.9878918528556824,0.058253902941942218,0.022787675261497499,-0.0621553510427475,0.9978063106536865],"EasingStyle":"Linear","EasingDirection":"In"},"Torso":{"Weight":1,"CFrame":[-0.049777738749980929,0.006036877632141113,-0.2521934509277344,0.9990095496177673,-0.0382365956902504,0.02275661937892437,0.041339028626680377,0.986771285533905,-0.15675941109657288,-0.016461633145809175,0.15754488110542298,0.9873746037483215],"EasingStyle":"Linear","EasingDirection":"In"},"HumanoidRootPart":{"Weight":1,"CFrame":[0,0,0,1,0,0,0,1,0,0,0,1],"EasingStyle":"Linear","EasingDirection":"In"},"Right Leg":{"Weight":1,"CFrame":[0.43062716722488406,0.17542105913162232,0.1625279188156128,0.9269216656684876,0.22894568741321565,-0.29732152819633486,-0.2471567541360855,0.9686623811721802,-0.024632809683680536,0.2823646664619446,0.09631767123937607,0.9544596076011658],"EasingStyle":"Linear","EasingDirection":"In"}}},{"Time":0.3333333432674408,"poses":{"Left Leg":{"Weight":1,"CFrame":[-0.4855956435203552,0.6316006779670715,0.017224907875061036,0.9765251278877258,-0.005371661391109228,0.21533648669719697,-0.031993843615055087,0.9849833846092224,0.16965895891189576,-0.21301424503326417,-0.17256565392017365,0.9616891741752625],"EasingStyle":"Linear","EasingDirection":"In"},"Right Arm":{"Weight":1,"CFrame":[-0.3243267238140106,-0.4734782874584198,0.3668895959854126,-0.5250822305679321,-0.7784173488616943,0.344028115272522,0.6843059062957764,-0.14583651721477509,0.7144628167152405,-0.5059782862663269,0.6105719804763794,0.6092515587806702],"EasingStyle":"Linear","EasingDirection":"In"},"Left Arm":{"Weight":1,"CFrame":[0.5634600520133972,-0.40525689721107485,0.2482774257659912,-0.39581871032714846,0.8931235671043396,-0.2136767953634262,-0.6905728578567505,-0.1361047327518463,0.710341215133667,0.6053401231765747,0.4287257194519043,0.6706396341323853],"EasingStyle":"Linear","EasingDirection":"In"},"Head":{"Weight":1,"CFrame":[6.600748747587204e-8,-2.60770320892334e-8,2.384185791015625e-7,0.9909237027168274,-0.12008467316627503,-0.0604146271944046,0.12102152407169342,0.9925763607025147,0.012081476859748364,0.05851532891392708,-0.01928330957889557,0.998100221157074],"EasingStyle":"Linear","EasingDirection":"In"},"Torso":{"Weight":1,"CFrame":[0.02249019593000412,0.04274475574493408,-0.23363876342773438,0.9989075660705566,0.026656772941350938,0.03838156908750534,-0.02297619730234146,0.9953698515892029,-0.09333255141973496,-0.0406918041408062,0.09234872460365296,0.9948949217796326],"EasingStyle":"Linear","EasingDirection":"In"},"HumanoidRootPart":{"Weight":1,"CFrame":[0,0,0,1,0,0,0,1,0,0,0,1],"EasingStyle":"Linear","EasingDirection":"In"},"Right Leg":{"Weight":1,"CFrame":[0.4538830816745758,0.1462962031364441,0.12063086032867432,0.9335895776748657,0.2729068696498871,-0.2322334498167038,-0.2777484953403473,0.9605757594108582,0.012248900718986988,0.22642068564891816,0.05306702479720116,0.9725829362869263],"EasingStyle":"Linear","EasingDirection":"In"}}},{"Time":0.36666667461395266,"poses":{"Left Leg":{"Weight":1,"CFrame":[-0.4492800235748291,0.445168673992157,0.08390891551971436,0.9602559804916382,-0.08033567667007446,0.2673100531101227,0.042909886687994,0.9887892603874207,0.14301949739456178,-0.275802880525589,-0.1258651167154312,0.9529379606246948],"EasingStyle":"Linear","EasingDirection":"In"},"Right Arm":{"Weight":1,"CFrame":[-0.35816818475723269,-0.5542503595352173,0.4298980236053467,-0.495340496301651,-0.7891369462013245,0.36318156123161318,0.6936172246932983,-0.10757960379123688,0.7122653722763062,-0.5230038166046143,0.6047226190567017,0.6006473302841187],"EasingStyle":"Linear","EasingDirection":"In"},"Left Arm":{"Weight":1,"CFrame":[0.588607907295227,-0.47277021408081057,0.24621820449829102,-0.36051714420318606,0.9082293510437012,-0.21247777342796327,-0.6419845819473267,-0.07635277509689331,0.7629063725471497,0.6766706705093384,0.41144832968711855,0.610595703125],"EasingStyle":"Linear","EasingDirection":"In"},"Head":{"Weight":1,"CFrame":[8.579809218645096e-8,9.313225746154786e-10,3.5762786865234377e-7,0.9916544556617737,-0.09981060028076172,-0.08160420507192612,0.09736787527799607,0.9946880340576172,-0.03339437022805214,0.08450384438037873,0.025170044973492624,0.9961051940917969],"EasingStyle":"Linear","EasingDirection":"In"},"Torso":{"Weight":1,"CFrame":[0.10299839824438095,0.06278849393129349,-0.2544832229614258,0.9945003390312195,0.09110813587903977,0.051656611263751987,-0.08903541415929795,0.9951800107955933,-0.04110303521156311,-0.055152446031570438,0.036277711391448978,0.9978187084197998],"EasingStyle":"Linear","EasingDirection":"In"},"HumanoidRootPart":{"Weight":1,"CFrame":[0,0,0,1,0,0,0,1,0,0,0,1],"EasingStyle":"Linear","EasingDirection":"In"},"Right Leg":{"Weight":1,"CFrame":[0.5154229998588562,0.150246262550354,0.08397305011749268,0.9297626614570618,0.330152690410614,-0.1629127860069275,-0.3248983919620514,0.9439260959625244,0.058690231293439868,0.17315445840358735,-0.0016379504231736065,0.9848933219909668],"EasingStyle":"Linear","EasingDirection":"In"}}},{"Time":0.4000000059604645,"poses":{"Left Leg":{"Weight":1,"CFrame":[-0.45503270626068118,0.3858906030654907,0.09792101383209229,0.9587678909301758,-0.11463355273008347,0.26004475355148318,0.08648170530796051,0.9893279075622559,0.11726555228233338,-0.2707121670246124,-0.08994133025407791,0.9584495425224304],"EasingStyle":"Linear","EasingDirection":"In"},"Right Arm":{"Weight":1,"CFrame":[-0.2732633650302887,-0.6652276515960693,0.533345103263855,-0.5791202783584595,-0.7407994270324707,0.3403468430042267,0.6332042217254639,-0.14577876031398774,0.7601322531700134,-0.5134900808334351,0.6557170152664185,0.5535006523132324],"EasingStyle":"Linear","EasingDirection":"In"},"Left Arm":{"Weight":1,"CFrame":[0.4078390598297119,-0.6092658638954163,0.38115251064300539,-0.5023878216743469,0.8347362875938416,-0.22543705999851228,-0.4998723864555359,-0.06765695661306381,0.8634524941444397,0.7055026888847351,0.5464776754379273,0.4512515664100647],"EasingStyle":"Linear","EasingDirection":"In"},"Head":{"Weight":1,"CFrame":[9.057112038135529e-8,-5.587935447692871e-9,3.5762786865234377e-7,0.9925792813301086,-0.08253887295722962,-0.08929528295993805,0.07595013827085495,0.9942998886108398,-0.07482869923114777,0.09496258199214935,0.06749143451452255,0.993190348148346],"EasingStyle":"Linear","EasingDirection":"In"},"Torso":{"Weight":1,"CFrame":[0.17392754554748536,0.053783148527145389,-0.29741883277893069,0.9939868450164795,0.09102138131856919,0.06087113171815872,-0.09002885222434998,0.9957605600357056,-0.018859637901186944,-0.06232970207929611,0.013266073539853096,0.9979674220085144],"EasingStyle":"Linear","EasingDirection":"In"},"HumanoidRootPart":{"Weight":1,"CFrame":[0,0,0,1,0,0,0,1,0,0,0,1],"EasingStyle":"Linear","EasingDirection":"In"},"Right Leg":{"Weight":1,"CFrame":[0.5590457320213318,0.16732579469680787,0.08034515380859375,0.9078696966171265,0.3889612555503845,-0.1564660668373108,-0.3763728439807892,0.9205489158630371,0.10456190258264542,0.18470533192157746,-0.036039065569639209,0.9821329712867737],"EasingStyle":"Linear","EasingDirection":"In"}}},{"Time":0.4333333373069763,"poses":{"Left Leg":{"Weight":1,"CFrame":[-0.4879278540611267,0.41069185733795168,0.08877623081207276,0.9684746861457825,-0.10310840606689453,0.2267717868089676,0.08272675424814224,0.9917776584625244,0.09763916581869126,-0.23497465252876283,-0.07580094784498215,0.9690413475036621],"EasingStyle":"Linear","EasingDirection":"In"},"Right Arm":{"Weight":1,"CFrame":[-0.05909155309200287,-0.7709027528762817,0.6397358179092407,-0.7238008975982666,-0.6375352144241333,0.26393383741378786,0.4794009327888489,-0.18952596187591554,0.856886625289917,-0.49627307057380679,0.7467454075813294,0.4428139925003052],"EasingStyle":"Linear","EasingDirection":"In"},"Left Arm":{"Weight":1,"CFrame":[0.012141764163970948,-0.778816282749176,0.6317448616027832,-0.7312628030776978,0.6678267121315002,-0.13878744840621949,-0.2571756839752197,-0.08149031549692154,0.9629226326942444,0.6317557692527771,0.739842414855957,0.23133955895900727],"EasingStyle":"Linear","EasingDirection":"In"},"Head":{"Weight":1,"CFrame":[1.0192161425948143e-7,0,-3.5762786865234377e-7,0.9952929615974426,-0.06810694187879563,-0.06894492357969284,0.060303784906864169,0.9921510815620422,-0.10954296588897705,0.07586440443992615,0.10486971586942673,0.9915881156921387],"EasingStyle":"Linear","EasingDirection":"In"},"Torso":{"Weight":1,"CFrame":[0.2042367160320282,0.024465858936309816,-0.321091890335083,0.9962252378463745,0.05931955948472023,0.06337560713291168,-0.05714575573801994,0.997731626033783,-0.03558081015944481,-0.0653424859046936,0.031824853271245959,0.9973552823066711],"EasingStyle":"Linear","EasingDirection":"In"},"HumanoidRootPart":{"Weight":1,"CFrame":[0,0,0,1,0,0,0,1,0,0,0,1],"EasingStyle":"Linear","EasingDirection":"In"},"Right Leg":{"Weight":1,"CFrame":[0.5606396198272705,0.18388622999191285,0.09440648555755615,0.8968124389648438,0.4029303193092346,-0.1826871931552887,-0.38577622175216677,0.9143663644790649,0.1229257583618164,0.2165735960006714,-0.039765018969774249,0.9754561185836792],"EasingStyle":"Linear","EasingDirection":"In"}}},{"Time":0.46666666865348818,"poses":{"Left Leg":{"Weight":1,"CFrame":[-0.4837101697921753,0.39610666036605837,0.07145702838897705,0.9807072281837463,-0.057380422949790958,0.18687118589878083,0.04348107427358627,0.9960320591926575,0.0776498019695282,-0.19058528542518617,-0.0680263563990593,0.9793108105659485],"EasingStyle":"Linear","EasingDirection":"In"},"Right Arm":{"Weight":1,"CFrame":[0.22353297472000123,-0.8179718852043152,0.6886307001113892,-0.7803033590316773,-0.5947954654693604,0.19324873387813569,0.30559372901916506,-0.09302694350481034,0.9476067423820496,-0.5456547737121582,0.7984762787818909,0.25435492396354678],"EasingStyle":"Linear","EasingDirection":"In"},"Left Arm":{"Weight":1,"CFrame":[-0.3785706162452698,-0.8618935942649841,0.7666794061660767,-0.8227226734161377,0.5656743049621582,-0.056036390364170077,-0.11593534052371979,-0.07047243416309357,0.9907535910606384,0.5564947724342346,0.8216119408607483,0.12356080114841461],"EasingStyle":"Linear","EasingDirection":"In"},"Head":{"Weight":1,"CFrame":[9.918585419654846e-8,-8.847564458847046e-9,5.960464477539063e-7,0.9983070492744446,-0.0548318587243557,-0.0194050595164299,0.051656775176525119,0.9891557693481445,-0.13748612999916078,0.026733247563242914,0.13625098764896394,0.9903135895729065],"EasingStyle":"Linear","EasingDirection":"In"},"Torso":{"Weight":1,"CFrame":[0.19466793537139893,0.009195327758789063,-0.30980563163757326,0.9985029101371765,0.01866847835481167,0.05141466483473778,-0.01600072719156742,0.9985283017158508,-0.051818542182445529,-0.05230637267231941,0.05091829225420952,0.9973321557044983],"EasingStyle":"Linear","EasingDirection":"In"},"HumanoidRootPart":{"Weight":1,"CFrame":[0,0,0,1,0,0,0,1,0,0,0,1],"EasingStyle":"Linear","EasingDirection":"In"},"Right Leg":{"Weight":1,"CFrame":[0.5335747599601746,0.18875741958618165,0.10899674892425537,0.8918765783309937,0.3981572091579437,-0.21453900635242463,-0.37694889307022097,0.9165075421333313,0.13387873768806458,0.24993140995502473,-0.038533102720975879,0.9674965143203735],"EasingStyle":"Linear","EasingDirection":"In"}}},{"Time":0.5,"poses":{"Left Leg":{"Weight":1,"CFrame":[-0.44408848881721499,0.3404352068901062,0.0705556869506836,0.9825392961502075,-0.02963872253894806,0.18367919325828553,0.01805737055838108,0.9977602958679199,0.0644071027636528,-0.1851767897605896,-0.05996572598814964,0.9808739423751831],"EasingStyle":"Linear","EasingDirection":"In"},"Right Arm":{"Weight":1,"CFrame":[0.5141911506652832,-0.7350095510482788,0.16887915134429933,-0.6590131521224976,-0.7147951722145081,0.23402893543243409,0.1321209967136383,0.19629889726638795,0.9716021418571472,-0.7404361963272095,0.671218752861023,-0.03492417931556702],"EasingStyle":"Linear","EasingDirection":"In"},"Left Arm":{"Weight":1,"CFrame":[-0.602469265460968,-0.625545084476471,0.08517193794250488,-0.5755472779273987,0.8171271681785584,-0.03238150104880333,-0.25392648577690127,-0.1409338414669037,0.9569007158279419,0.7773458957672119,0.5589641332626343,0.2886042594909668],"EasingStyle":"Linear","EasingDirection":"In"},"Head":{"Weight":1,"CFrame":[1.0730582289397717e-7,5.238689482212067e-9,-2.980232238769531e-7,0.9980968236923218,-0.04236934706568718,0.04480612650513649,0.04899315536022186,0.9860752820968628,-0.15891891717910767,-0.037448931485414508,0.1608116626739502,0.9862744212150574],"EasingStyle":"Linear","EasingDirection":"In"},"Torso":{"Weight":1,"CFrame":[0.1379469633102417,0.044213876128196719,-0.28145599365234377,0.9996909499168396,0.012056900188326836,0.021740635856986047,-0.011242762207984925,0.9992449879646301,-0.03718886151909828,-0.022172603756189348,0.036932941526174548,0.9990717172622681],"EasingStyle":"Linear","EasingDirection":"In"},"HumanoidRootPart":{"Weight":1,"CFrame":[0,0,0,1,0,0,0,1,0,0,0,1],"EasingStyle":"Linear","EasingDirection":"In"},"Right Leg":{"Weight":1,"CFrame":[0.5345247983932495,0.18957895040512086,0.10089051723480225,0.8945030570030212,0.39774641394615176,-0.20411279797554017,-0.3745400607585907,0.9160191416740418,0.1436266452074051,0.24409829080104829,-0.052026115357875827,0.9683539271354675],"EasingStyle":"Linear","EasingDirection":"In"}}},{"Time":0.5333333611488342,"poses":{"Left Leg":{"Weight":1,"CFrame":[-0.3780371844768524,0.2670069932937622,0.06242477893829346,0.9833650588989258,0.001867266371846199,0.18163065612316132,-0.013457944616675377,0.9979477524757385,0.0626029297709465,-0.18114106357097627,-0.06400591880083084,0.9813721179962158],"EasingStyle":"Linear","EasingDirection":"In"},"Right Arm":{"Weight":1,"CFrame":[0.7540433406829834,-0.652046799659729,-0.35706770420074465,-0.5612065196037293,-0.7665605545043945,0.3121413588523865,-0.0031686164438724519,0.3791169226169586,0.9253432750701904,-0.8276697397232056,0.5183196067810059,-0.21519191563129426],"EasingStyle":"Linear","EasingDirection":"In"},"Left Arm":{"Weight":1,"CFrame":[-0.7300616502761841,-0.3891960382461548,-0.5963354110717773,-0.28064173460006716,0.9589890837669373,0.03975075110793114,-0.4017101228237152,-0.15496961772441865,0.9025593400001526,0.8717047572135925,0.23732757568359376,0.42872661352157595],"EasingStyle":"Linear","EasingDirection":"In"},"Head":{"Weight":1,"CFrame":[8.544884622097016e-8,1.0797521099448204e-8,-3.5762786865234377e-7,0.9935703873634338,-0.03157849237322807,0.10872303694486618,0.050276823341846469,0.9834964871406555,-0.1738014668226242,-0.10144032537937164,0.1781502217054367,0.9787606000900269],"EasingStyle":"Linear","EasingDirection":"In"},"Torso":{"Weight":1,"CFrame":[0.05041322484612465,0.11569564044475556,-0.24861431121826173,0.9998870491981506,0.005949779413640499,-0.013800359331071377,-0.005953398998826742,0.9999822378158569,-0.00022124173119664192,0.013798798434436322,0.0003033757966477424,0.9999047517776489],"EasingStyle":"Linear","EasingDirection":"In"},"HumanoidRootPart":{"Weight":1,"CFrame":[0,0,0,1,0,0,0,1,0,0,0,1],"EasingStyle":"Linear","EasingDirection":"In"},"Right Leg":{"Weight":1,"CFrame":[0.539888858795166,0.1770266890525818,0.09374165534973145,0.8923043012619019,0.4097459614276886,-0.1894763708114624,-0.38721132278442385,0.9104572534561157,0.14537878334522248,0.23207859694957734,-0.056354742497205737,0.9710631966590881],"EasingStyle":"Linear","EasingDirection":"In"}}},{"Time":0.5666666626930237,"poses":{"Left Leg":{"Weight":1,"CFrame":[-0.3226190209388733,0.1920226812362671,0.04101288318634033,0.9896761178970337,0.030562562867999078,0.14002516865730287,-0.038384877145290378,0.9978294372558594,0.053507138043642047,-0.1380859911441803,-0.05832960084080696,0.9887011647224426],"EasingStyle":"Linear","EasingDirection":"In"},"Right Arm":{"Weight":1,"CFrame":[0.896346390247345,-0.6602071523666382,-0.3641955256462097,-0.647663414478302,-0.6974400281906128,0.30677273869514468,0.010531255044043064,0.39439496397972109,0.9188806414604187,-0.761853814125061,0.5983561277389526,-0.24809035658836366],"EasingStyle":"Linear","EasingDirection":"In"},"Left Arm":{"Weight":1,"CFrame":[-0.8532508611679077,-0.400601327419281,-0.5922049880027771,-0.36853736639022829,0.9288973808288574,0.03646708279848099,-0.3817926049232483,-0.18700921535491944,0.905130922794342,0.8475934267044067,0.31965169310569765,0.4235660135746002],"EasingStyle":"Linear","EasingDirection":"In"},"Head":{"Weight":1,"CFrame":[1.0337680578231812e-7,-4.889443516731262e-9,-5.960464477539063e-8,0.9872272610664368,-0.023971764370799066,0.15750466287136079,0.052928127348423007,0.9818136096000671,-0.18232016265392304,-0.15026968717575074,0.1883278489112854,0.9705419540405273],"EasingStyle":"Linear","EasingDirection":"In"},"Torso":{"Weight":1,"CFrame":[-0.010864995419979096,0.1799125224351883,-0.2232682704925537,0.9984140992164612,-0.03440380468964577,-0.04456136003136635,0.03650442883372307,0.9982174038887024,0.04721716791391373,0.04285747557878494,-0.04876897484064102,0.9978901743888855],"EasingStyle":"Linear","EasingDirection":"In"},"HumanoidRootPart":{"Weight":1,"CFrame":[0,0,0,1,0,0,0,1,0,0,0,1],"EasingStyle":"Linear","EasingDirection":"In"},"Right Leg":{"Weight":1,"CFrame":[0.5164803862571716,0.15025728940963746,0.10871744155883789,0.8660077452659607,0.45172205567359927,-0.21442396938800813,-0.42407646775245669,0.8907096982002258,0.16369317471981049,0.26493340730667117,-0.05082745477557182,0.9629262089729309],"EasingStyle":"Linear","EasingDirection":"In"}}},{"Time":0.6000000238418579,"poses":{"Left Leg":{"Weight":1,"CFrame":[-0.3022073805332184,0.1525728702545166,0.027866005897521974,0.9941173195838928,0.026302723214030267,0.1050664633512497,-0.03156650811433792,0.9983118176460266,0.04875463992357254,-0.10360675305128098,-0.05178439989686012,0.9932693839073181],"EasingStyle":"Linear","EasingDirection":"In"},"Right Arm":{"Weight":1,"CFrame":[0.9411658644676209,-0.6748583912849426,-0.36532843112945559,-0.7236334681510925,-0.6274814605712891,0.28743985295295718,0.040732838213443759,0.37691521644592287,0.9253516793251038,-0.6889814138412476,0.6813237071037293,-0.24718941748142243],"EasingStyle":"Linear","EasingDirection":"In"},"Left Arm":{"Weight":1,"CFrame":[-0.9171842336654663,-0.41200757026672366,-0.5880746841430664,-0.4706796407699585,0.8822957277297974,0.0038726164493709804,-0.3604414463043213,-0.19628778100013734,0.9118953347206116,0.805321455001831,0.42781463265419009,0.41040459275245669],"EasingStyle":"Linear","EasingDirection":"In"},"Head":{"Weight":1,"CFrame":[8.754432201385498e-8,3.119930624961853e-8,-1.7881393432617188e-7,0.984003484249115,-0.02113785594701767,0.17689083516597749,0.05433765426278114,0.9812325239181519,-0.18501393496990205,-0.16966024041175843,0.19166617095470429,0.9666847586631775],"EasingStyle":"Linear","EasingDirection":"In"},"Torso":{"Weight":1,"CFrame":[-0.03312848508358002,0.22058595716953278,-0.21482086181640626,0.9960893988609314,-0.0655817911028862,-0.05920294672250748,0.07067392021417618,0.9935686588287354,0.0884673222899437,0.05302034690976143,-0.09230546653270722,0.9943181276321411],"EasingStyle":"Linear","EasingDirection":"In"},"HumanoidRootPart":{"Weight":1,"CFrame":[0,0,0,1,0,0,0,1,0,0,0,1],"EasingStyle":"Linear","EasingDirection":"In"},"Right Leg":{"Weight":1,"CFrame":[0.4943901598453522,0.12447679042816162,0.12304472923278809,0.835412859916687,0.49585211277008059,-0.237099289894104,-0.463021844625473,0.8673581480979919,0.18248455226421357,0.2961353659629822,-0.042667798697948459,0.9541925191879273],"EasingStyle":"Linear","EasingDirection":"In"}}},{"Time":0.6333333253860474,"poses":{"Left Leg":{"Weight":1,"CFrame":[-0.3135226368904114,0.1519029140472412,0.02770864963531494,0.994617223739624,-0.0006639296771027148,0.10361504554748535,-0.0051192957907915119,0.9984434247016907,0.0555383525788784,-0.1034906879067421,-0.05576985329389572,0.9930656552314758],"EasingStyle":"Linear","EasingDirection":"In"},"Right Arm":{"Weight":1,"CFrame":[0.9406757354736328,-0.686072587966919,-0.36608976125717165,-0.7388328313827515,-0.614311158657074,0.27703434228897097,0.04872691631317139,0.3613221049308777,0.9311670064926148,-0.6721248030662537,0.7014757394790649,-0.23702318966388703],"EasingStyle":"Linear","EasingDirection":"In"},"Left Arm":{"Weight":1,"CFrame":[-0.92045998573