{"Sequence":[{"Time":0,"poses":{"Left Leg":{"Weight":1,"CFrame":[-0.19581091403961183,-0.02633953094482422,0.09677016735076904,0.9260188341140747,-0.03983721509575844,-0.3753695785999298,0.02266019769012928,0.9984889030456543,-0.05006591975688934,0.37679675221443179,0.03785604238510132,0.9255220890045166],"EasingStyle":"Linear","EasingDirection":"In"},"Right Arm":{"Weight":1,"CFrame":[-0.44730624556541445,-0.30891960859298708,0.4522693157196045,0.3610938489437103,-0.2668044865131378,0.8935473561286926,0.6417898535728455,0.7662716507911682,-0.030554410070180894,-0.6765479445457459,0.5845023393630981,0.44792819023132326],"EasingStyle":"Linear","EasingDirection":"In"},"Head":{"Weight":1,"CFrame":[9.674113243818283e-8,1.862645149230957e-9,0.016662240028381349,0.9948284029960632,-0.03178945928812027,-0.09646780043840409,0.02401513233780861,0.9964485168457031,-0.08070722967386246,0.09869085252285004,0.07797311991453171,0.9920586347579956],"EasingStyle":"Linear","EasingDirection":"In"},"Right Leg":{"Weight":1,"CFrame":[0.914636492729187,-0.3061157464981079,-0.19925588369369508,0.44404375553131106,0.7823700308799744,0.436717689037323,-0.8667744994163513,0.49855977296829226,-0.011843949556350708,-0.22699610888957978,-0.3732764720916748,0.8995206952095032],"EasingStyle":"Linear","EasingDirection":"In"},"Torso":{"Weight":1,"CFrame":[-0.01574433594942093,0.07894495129585266,-0.0039484500885009769,0.9803287982940674,-0.19644112884998322,-0.019140740856528283,0.19737136363983155,0.9756194949150086,0.09597470611333847,-0.00017929637397173792,-0.09786459803581238,0.9951997399330139],"EasingStyle":"Linear","EasingDirection":"In"},"HumanoidRootPart":{"Weight":1,"CFrame":[0,0,0,1,0,0,0,1,0,0,0,1],"EasingStyle":"Linear","EasingDirection":"In"},"Left Arm":{"Weight":1,"CFrame":[0.44730687141418459,-0.30892008543014529,0.45226919651031496,0.3610941767692566,0.26680463552474978,-0.8935471177101135,-0.6417899131774902,0.766271710395813,-0.030554473400115968,0.6765475869178772,0.5845024585723877,0.44792866706848147],"EasingStyle":"Linear","EasingDirection":"In"}}},{"Time":0.03333333507180214,"poses":{"Left Leg":{"Weight":1,"CFrame":[-0.19378256797790528,-0.024994730949401857,0.0975196361541748,0.9275932908058167,-0.04066762328147888,-0.37137147784233096,0.02477063611149788,0.9985650777816773,-0.04747851938009262,0.37276944518089297,0.0348416306078434,0.9272696375846863],"EasingStyle":"Linear","EasingDirection":"In"},"Right Arm":{"Weight":1,"CFrame":[-0.44730615615844729,-0.30892008543014529,0.45226919651031496,0.36109381914138796,-0.26680442690849306,0.8935472965240479,0.6417898535728455,0.7662715911865234,-0.030554424971342088,-0.6765479445457459,0.5845024585723877,0.44792819023132326],"EasingStyle":"Linear","EasingDirection":"In"},"Head":{"Weight":1,"CFrame":[6.798654794692993e-8,2.60770320892334e-8,0.016661405563354493,0.9947289824485779,-0.03643578663468361,-0.0958477258682251,0.028670577332377435,0.996286928653717,-0.08118113875389099,0.0984496995806694,0.07800518721342087,0.9920800924301148],"EasingStyle":"Linear","EasingDirection":"In"},"Right Leg":{"Weight":1,"CFrame":[0.9148297905921936,-0.302570104598999,-0.2042585015296936,0.44704511761665347,0.7784448862075806,0.44065192341804507,-0.8635717630386353,0.5040234327316284,-0.014294551685452462,-0.23322629928588868,-0.37414413690567019,0.8975643515586853],"EasingStyle":"Linear","EasingDirection":"In"},"Torso":{"Weight":1,"CFrame":[-0.022392798215150834,0.07892513275146485,0.001963376998901367,0.9812331199645996,-0.19184839725494386,-0.01938374526798725,0.19282445311546327,0.9765307307243347,0.09595059603452683,0.000520853791385889,-0.0978875607252121,0.9951973557472229],"EasingStyle":"Linear","EasingDirection":"In"},"HumanoidRootPart":{"Weight":1,"CFrame":[0,0,0,1,0,0,0,1,0,0,0,1],"EasingStyle":"Linear","EasingDirection":"In"},"Left Arm":{"Weight":1,"CFrame":[0.4473068118095398,-0.3089202046394348,0.45226895809173586,0.3610941469669342,0.2668048143386841,-0.8935470581054688,-0.641789972782135,0.7662716507911682,-0.030554424971342088,0.6765477061271668,0.5845024585723877,0.4479287266731262],"EasingStyle":"Linear","EasingDirection":"In"}}},{"Time":0.06666667014360428,"poses":{"Left Leg":{"Weight":1,"CFrame":[-0.18801602721214295,-0.022100329399108888,0.09954190254211426,0.9319452047348023,-0.04335962235927582,-0.3599974513053894,0.030254298821091653,0.9986611008644104,-0.041961900889873508,0.361334890127182,0.028214789927005769,0.9320091605186462],"EasingStyle":"Linear","EasingDirection":"In"},"Right Arm":{"Weight":1,"CFrame":[-0.44730624556541445,-0.30891966819763186,0.45226943492889407,0.36109381914138796,-0.26680445671081545,0.8935472965240479,0.6417898535728455,0.7662717700004578,-0.03055444546043873,-0.6765479445457459,0.5845023989677429,0.44792813062667849],"EasingStyle":"Linear","EasingDirection":"In"},"Head":{"Weight":1,"CFrame":[9.220093488693237e-8,-9.313225746154786e-10,0.016661882400512697,0.9943124651908875,-0.04934282228350639,-0.09438320994377136,0.04158595949411392,0.9957266449928284,-0.08245689421892166,0.09804852306842804,0.07806286960840225,0.992115318775177],"EasingStyle":"Linear","EasingDirection":"In"},"Right Leg":{"Weight":1,"CFrame":[0.9161996841430664,-0.29355788230895998,-0.21808075904846192,0.4535801112651825,0.7682327032089233,0.45175617933273318,-0.8560430407524109,0.5165578126907349,-0.018931595608592035,-0.24790188670158387,-0.37813568115234377,0.8919406533241272],"EasingStyle":"Linear","EasingDirection":"In"},"Torso":{"Weight":1,"CFrame":[-0.036913007497787479,0.07889556884765625,0.014969587326049805,0.9836345314979553,-0.17908528447151185,-0.019788969308137895,0.18016193807125092,0.9789494872093201,0.09591466188430786,0.00219549797475338,-0.09791018813848496,0.99519282579422],"EasingStyle":"Linear","EasingDirection":"In"},"HumanoidRootPart":{"Weight":1,"CFrame":[0,0,0,1,0,0,0,1,0,0,0,1],"EasingStyle":"Linear","EasingDirection":"In"},"Left Arm":{"Weight":1,"CFrame":[0.44730690121650698,-0.30892008543014529,0.45226919651031496,0.3610941469669342,0.2668047249317169,-0.8935470581054688,-0.6417899131774902,0.7662716507911682,-0.030554387718439103,0.6765477061271668,0.5845023989677429,0.44792866706848147],"EasingStyle":"Linear","EasingDirection":"In"}}},{"Time":0.10000000149011612,"poses":{"Left Leg":{"Weight":1,"CFrame":[-0.1789834350347519,-0.01930975914001465,0.1024630069732666,0.9384052157402039,-0.048183612525463107,-0.34216102957725527,0.0378657802939415,0.9986059665679932,-0.036774978041648868,0.34345588088035586,0.021553613245487214,0.9389214515686035],"EasingStyle":"Linear","EasingDirection":"In"},"Right Arm":{"Weight":1,"CFrame":[-0.44730618596076968,-0.3089194893836975,0.4522690773010254,0.36109378933906557,-0.26680445671081545,0.8935473561286926,0.6417899131774902,0.7662717700004578,-0.030554428696632386,-0.6765479445457459,0.5845024585723877,0.44792813062667849],"EasingStyle":"Linear","EasingDirection":"In"},"Head":{"Weight":1,"CFrame":[8.381903171539307e-8,5.774199962615967e-8,0.016662120819091798,0.9933066368103027,-0.06896694004535675,-0.0926584005355835,0.06118868291378021,0.9945586323738098,-0.08431529253721237,0.09796923398971558,0.07808118313550949,0.9921217560768127],"EasingStyle":"Linear","EasingDirection":"In"},"Right Leg":{"Weight":1,"CFrame":[0.9199697971343994,-0.2814599275588989,-0.23924213647842408,0.45990726351737978,0.7540314197540283,0.46895837783813479,-0.8474580645561218,0.5304168462753296,-0.021747877821326257,-0.26514196395874026,-0.38742053508758547,0.8829525113105774],"EasingStyle":"Linear","EasingDirection":"In"},"Torso":{"Weight":1,"CFrame":[-0.05116701498627663,0.07889528572559357,0.02797842025756836,0.9869739413261414,-0.15964868664741517,-0.019870582967996599,0.16082553565502168,0.9823113679885864,0.0959143415093422,0.004206504672765732,-0.09786063432693482,0.9951913356781006],"EasingStyle":"Linear","EasingDirection":"In"},"HumanoidRootPart":{"Weight":1,"CFrame":[0,0,0,1,0,0,0,1,0,0,0,1],"EasingStyle":"Linear","EasingDirection":"In"},"Left Arm":{"Weight":1,"CFrame":[0.4473068416118622,-0.3089199662208557,0.4522690773010254,0.3610941469669342,0.26680463552474978,-0.8935471773147583,-0.6417900323867798,0.7662716507911682,-0.030554376542568208,0.676547646522522,0.5845024585723877,0.44792863726615908],"EasingStyle":"Linear","EasingDirection":"In"}}},{"Time":0.13333334028720857,"poses":{"Left Leg":{"Weight":1,"CFrame":[-0.16716280579566956,-0.018186330795288087,0.10590994358062744,0.9462182521820068,-0.055212412029504779,-0.3187830448150635,0.046461768448352817,0.9983068704605103,-0.034995339810848239,0.320175439119339,0.01830201968550682,0.9471815228462219],"EasingStyle":"Linear","EasingDirection":"In"},"Right Arm":{"Weight":1,"CFrame":[-0.4473063051700592,-0.30892014503479006,0.4522695541381836,0.3610938787460327,-0.26680439710617068,0.8935473561286926,0.6417899131774902,0.766271710395813,-0.030554406344890596,-0.6765478849411011,0.5845023989677429,0.44792819023132326],"EasingStyle":"Linear","EasingDirection":"In"},"Head":{"Weight":1,"CFrame":[8.754432201385498e-8,4.842877388000488e-8,0.016661763191223146,0.9914014935493469,-0.09378687292337418,-0.0912540853023529,0.08592678606510163,0.9925342202186585,-0.08655858784914017,0.09869086742401123,0.07797309756278992,0.9920586943626404],"EasingStyle":"Linear","EasingDirection":"In"},"Right Leg":{"Weight":1,"CFrame":[0.9277938008308411,-0.2684612274169922,-0.2670482397079468,0.4626201391220093,0.7380552291870117,0.4911792576313019,-0.8414561152458191,0.5399957895278931,-0.018877414986491205,-0.2791672348976135,-0.40457263588905337,0.8708539009094238],"EasingStyle":"Linear","EasingDirection":"In"},"Torso":{"Weight":1,"CFrame":[-0.05701525881886482,0.07894493639469147,0.03389883041381836,0.9906601309776306,-0.13500456511974336,-0.019140737131237985,0.13622628152370454,0.9860178828239441,0.09597469121217728,0.005916088353842497,-0.09768576920032501,0.9951997399330139],"EasingStyle":"Linear","EasingDirection":"In"},"HumanoidRootPart":{"Weight":1,"CFrame":[0,0,0,1,0,0,0,1,0,0,0,1],"EasingStyle":"Linear","EasingDirection":"In"},"Left Arm":{"Weight":1,"CFrame":[0.44730693101882937,-0.30892008543014529,0.45226919651031496,0.3610941469669342,0.26680460572242739,-0.8935471177101135,-0.6417899131774902,0.7662715315818787,-0.030554410070180894,0.676547646522522,0.5845025777816773,0.44792860746383669],"EasingStyle":"Linear","EasingDirection":"In"}}},{"Time":0.1666666716337204,"poses":{"Left Leg":{"Weight":1,"CFrame":[-0.1506228744983673,-0.015477895736694336,0.1042250394821167,0.9591381549835205,-0.05514127388596535,-0.2775130569934845,0.0486895926296711,0.9983605742454529,-0.030091604217886926,0.27871736884117129,0.015349959023296833,0.9602505564689636],"EasingStyle":"Linear","EasingDirection":"In"},"Right Arm":{"Weight":1,"CFrame":[-0.44730624556541445,-0.3089194893836975,0.45226943492889407,0.3610938787460327,-0.2668044865131378,0.8935472965240479,0.641789972782135,0.7662715911865234,-0.0305543951690197,-0.6765478849411011,0.5845024585723877,0.4479283094406128],"EasingStyle":"Linear","EasingDirection":"In"},"Head":{"Weight":1,"CFrame":[8.754432201385498e-8,-3.259629011154175e-9,0.016662120819091798,0.9917706847190857,-0.09929924458265305,-0.08081337809562683,0.09297280758619309,0.9925605654716492,-0.0786110907793045,0.08801816403865814,0.07045073062181473,0.9936245083808899],"EasingStyle":"Linear","EasingDirection":"In"},"Right Leg":{"Weight":1,"CFrame":[0.9421514868736267,-0.19848382472991944,-0.253919780254364,0.5351016521453857,0.7014986872673035,0.4707079529762268,-0.7988781332969666,0.6013745069503784,0.011934434995055199,-0.2746996581554413,-0.3824244439601898,0.8822084069252014],"EasingStyle":"Linear","EasingDirection":"In"},"Torso":{"Weight":1,"CFrame":[-0.050094123929739,0.07096195220947266,0.02109980583190918,0.9941253662109375,-0.1070546805858612,-0.015944670885801317,0.1080368384718895,0.9903966784477234,0.08626966178417206,0.006555976811796427,-0.08748546242713928,0.9961442351341248],"EasingStyle":"Linear","EasingDirection":"In"},"HumanoidRootPart":{"Weight":1,"CFrame":[0,0,0,1,0,0,0,1,0,0,0,1],"EasingStyle":"Linear","EasingDirection":"In"},"Left Arm":{"Weight":1,"CFrame":[0.44730687141418459,-0.3089199960231781,0.45226919651031496,0.3610941767692566,0.26680469512939455,-0.8935471177101135,-0.6417899131774902,0.7662716507911682,-0.03055446594953537,0.676547646522522,0.5845025181770325,0.4479287266731262],"EasingStyle":"Linear","EasingDirection":"In"}}},{"Time":0.20000000298023225,"poses":{"Left Leg":{"Weight":1,"CFrame":[-0.2016173005104065,-0.011557817459106446,0.07779586315155029,0.9731177091598511,-0.08111680299043656,-0.21555067598819734,0.07919786870479584,0.9967045783996582,-0.017539406195282937,0.2162630558013916,-0.000003241924332542112,0.9763351678848267],"EasingStyle":"Linear","EasingDirection":"In"},"Right Arm":{"Weight":1,"CFrame":[-0.44730618596076968,-0.30891913175582888,0.45226919651031496,0.36109378933906557,-0.2668044865131378,0.8935472965240479,0.6417899131774902,0.7662715911865234,-0.030554404482245446,-0.6765480041503906,0.5845023989677429,0.44792816042900088],"EasingStyle":"Linear","EasingDirection":"In"},"Head":{"Weight":1,"CFrame":[9.033828973770142e-8,7.683411240577698e-9,0.01666259765625,0.9956286549568176,-0.07334016263484955,-0.057834409177303317,0.07010956108570099,0.995963990688324,-0.05604061111807823,0.06171100214123726,0.051740895956754687,0.996752142906189],"EasingStyle":"Linear","EasingDirection":"In"},"Right Leg":{"Weight":1,"CFrame":[0.9182813763618469,-0.07518541812896729,-0.17569231986999513,0.6890778541564941,0.617563009262085,0.3791934847831726,-0.6814535856246948,0.730211615562439,0.04911215230822563,-0.24656152725219727,-0.29224491119384768,0.9240131378173828],"EasingStyle":"Linear","EasingDirection":"In"},"Torso":{"Weight":1,"CFrame":[-0.03551243245601654,0.05166745185852051,-0.009773015975952149,0.9968207478523254,-0.07896046340465546,-0.010660557076334954,0.07947657257318497,0.9948557615280151,0.06281299144029618,0.0056459736078977589,-0.06346055865287781,0.9979683756828308],"EasingStyle":"Linear","EasingDirection":"In"},"HumanoidRootPart":{"Weight":1,"CFrame":[0,0,0,1,0,0,0,1,0,0,0,1],"EasingStyle":"Linear","EasingDirection":"In"},"Left Arm":{"Weight":1,"CFrame":[0.44730687141418459,-0.30891942977905276,0.4522690773010254,0.3610941767692566,0.2668048143386841,-0.8935470581054688,-0.6417898535728455,0.7662716507911682,-0.03055434674024582,0.6765477657318115,0.5845023393630981,0.44792869687080386],"EasingStyle":"Linear","EasingDirection":"In"}}},{"Time":0.23333333432674409,"poses":{"Left Leg":{"Weight":1,"CFrame":[-0.41028138995170596,0.004907190799713135,0.03262639045715332,0.9715035557746887,-0.18432198464870454,-0.14901812374591828,0.18589764833450318,0.9825631976127625,-0.0034078017342835666,0.14704784750938416,-0.02439141646027565,0.9888285994529724],"EasingStyle":"Linear","EasingDirection":"In"},"Right Arm":{"Weight":1,"CFrame":[-0.44730621576309206,-0.3089195489883423,0.45226943492889407,0.36109381914138796,-0.26680436730384829,0.8935472965240479,0.6417898535728455,0.7662716507911682,-0.03055449388921261,-0.6765479445457459,0.5845025181770325,0.44792816042900088],"EasingStyle":"Linear","EasingDirection":"In"},"Head":{"Weight":1,"CFrame":[8.963979780673981e-8,-2.176966518163681e-8,0.016662240028381349,0.9989646673202515,-0.03302500396966934,-0.03129015490412712,0.0321318618953228,0.9990735054016113,-0.028631042689085008,0.03220672532916069,0.027595948427915574,0.9991001486778259],"EasingStyle":"Linear","EasingDirection":"In"},"Right Leg":{"Weight":1,"CFrame":[0.8076156377792358,0.013146519660949707,-0.07708120346069336,0.8381417393684387,0.4834935665130615,0.2524920701980591,-0.510780394077301,0.858117401599884,0.052327048033475879,-0.1913679838180542,-0.17282545566558839,0.966183066368103],"EasingStyle":"Linear","EasingDirection":"In"},"Torso":{"Weight":1,"CFrame":[-0.01894690841436386,0.028431959450244905,-0.04724478721618652,0.9985149502754211,-0.05421307310461998,-0.005372998304665089,0.054366908967494968,0.9979225993156433,0.03456522151827812,0.003487949725240469,-0.03480599820613861,0.9993880987167358],"EasingStyle":"Linear","EasingDirection":"In"},"HumanoidRootPart":{"Weight":1,"CFrame":[0,0,0,1,0,0,0,1,0,0,0,1],"EasingStyle":"Linear","EasingDirection":"In"},"Left Arm":{"Weight":1,"CFrame":[0.4473068416118622,-0.3089195191860199,0.45226919651031496,0.36109408736228945,0.26680466532707217,-0.8935471177101135,-0.6417898535728455,0.766271710395813,-0.03055443800985813,0.6765477061271668,0.5845024585723877,0.44792866706848147],"EasingStyle":"Linear","EasingDirection":"In"}}},{"Time":0.2666666805744171,"poses":{"Left Leg":{"Weight":1,"CFrame":[-0.49879705905914309,0.026630401611328126,0.023874998092651368,0.9697507619857788,-0.22460857033729554,-0.09557385742664337,0.22633130848407746,0.9740219712257385,0.007443527225404978,0.09141909331083298,-0.028849726542830468,0.9953945875167847],"EasingStyle":"Linear","EasingDirection":"In"},"Right Arm":{"Weight":1,"CFrame":[-0.44730624556541445,-0.30891990661621096,0.4522693157196045,0.3610938489437103,-0.26680436730384829,0.8935472965240479,0.6417897939682007,0.7662716507911682,-0.030554411932826043,-0.6765480041503906,0.5845024585723877,0.44792816042900088],"EasingStyle":"Linear","EasingDirection":"In"},"Head":{"Weight":1,"CFrame":[8.847564458847046e-8,-1.7462298274040223e-10,0.016662001609802247,0.9999455809593201,0.004063224885612726,-0.009607754647731781,-0.004120295401662588,0.9999739527702332,-0.005938015878200531,0.00958331860601902,0.0059772757813334469,0.9999362826347351],"EasingStyle":"Linear","EasingDirection":"In"},"Right Leg":{"Weight":1,"CFrame":[0.6357105374336243,0.035211026668548587,-0.010009407997131348,0.9326872825622559,0.3324684202671051,0.13985411822795869,-0.339437335729599,0.9401928186416626,0.02863357774913311,-0.12196996808052063,-0.0741778314113617,0.9897580742835999],"EasingStyle":"Linear","EasingDirection":"In"},"Torso":{"Weight":1,"CFrame":[-0.005523009225726128,0.008852548897266388,-0.0791628360748291,0.9993311166763306,-0.03653928264975548,-0.0014964331639930606,0.03655329719185829,0.9992738366127014,0.010762190446257592,0.00110210373532027,-0.010809691622853279,0.9999409914016724],"EasingStyle":"Linear","EasingDirection":"In"},"HumanoidRootPart":{"Weight":1,"CFrame":[0,0,0,1,0,0,0,1,0,0,0,1],"EasingStyle":"Linear","EasingDirection":"In"},"Left Arm":{"Weight":1,"CFrame":[0.44730696082115176,-0.3089198172092438,0.45226919651031496,0.3610941469669342,0.266804575920105,-0.8935471177101135,-0.6417898535728455,0.7662715911865234,-0.030554411932826043,0.6765477061271668,0.5845025181770325,0.4479285478591919],"EasingStyle":"Linear","EasingDirection":"In"}}},{"Time":0.30000001192092898,"poses":{"Left Leg":{"Weight":1,"CFrame":[-0.5288097858428955,0.03686809539794922,0.023250222206115724,0.9685567021369934,-0.23763443529605866,-0.07367371767759323,0.23910453915596009,0.9709234237670898,0.011694022454321385,0.06875259429216385,-0.028942056000232698,0.9972138404846191],"EasingStyle":"Linear","EasingDirection":"In"},"Right Arm":{"Weight":1,"CFrame":[-0.44730621576309206,-0.3089197278022766,0.4522693157196045,0.3610938489437103,-0.26680445671081545,0.8935473561286926,0.6417898535728455,0.7662716507911682,-0.030554503202438356,-0.6765479445457459,0.5845025181770325,0.447928249835968],"EasingStyle":"Linear","EasingDirection":"In"},"Head":{"Weight":1,"CFrame":[8.8874003267847e-8,-3.4049207897624e-11,0.016662001609802247,0.9997937083244324,0.020302405580878259,-0.0006621053325943649,-0.020299963653087617,0.9997881054878235,0.0034370082430541517,0.0007317053386941552,-0.0034227774012833835,0.9999938607215881],"EasingStyle":"Linear","EasingDirection":"In"},"Right Leg":{"Weight":1,"CFrame":[0.5309721827507019,0.029584765434265138,0.008692264556884766,0.963256299495697,0.2523484528064728,0.09196527302265167,-0.25456008315086367,0.9669699668884277,0.012974996119737625,-0.08565337210893631,-0.035908956080675128,0.9956777095794678],"EasingStyle":"Linear","EasingDirection":"In"},"Torso":{"Weight":1,"CFrame":[0.000003759447281481698,0.0006215701578184962,-0.09269070625305176,0.9995561838150024,-0.029793329536914827,0.000004483039901970187,0.02979331649839878,0.9995558857917786,0.0007556506898254156,-0.000026994401196134278,-0.0007551818271167576,0.9999997019767761],"EasingStyle":"Linear","EasingDirection":"In"},"HumanoidRootPart":{"Weight":1,"CFrame":[0,0,0,1,0,0,0,1,0,0,0,1],"EasingStyle":"Linear","EasingDirection":"In"},"Left Arm":{"Weight":1,"CFrame":[0.44730687141418459,-0.3089199662208557,0.4522690773010254,0.361094206571579,0.2668047249317169,-0.8935471177101135,-0.6417899131774902,0.7662715315818787,-0.030554432421922685,0.6765478253364563,0.5845024585723877,0.44792869687080386],"EasingStyle":"Linear","EasingDirection":"In"}}},{"Time":0.3333333432674408,"poses":{"Left Leg":{"Weight":1,"CFrame":[-0.4899939000606537,0.030925333499908448,0.026191115379333497,0.9733360409736633,-0.21723103523254395,-0.07367182523012161,0.2186441272497177,0.9757357835769653,0.011594332754611969,0.06936554610729218,-0.027393082156777383,0.997215211391449],"EasingStyle":"Linear","EasingDirection":"In"},"Right Arm":{"Weight":1,"CFrame":[-0.44730621576309206,-0.3089197278022766,0.4522693157196045,0.3610938489437103,-0.26680445671081545,0.8935473561286926,0.6417898535728455,0.7662716507911682,-0.030554503202438356,-0.6765479445457459,0.5845025181770325,0.447928249835968],"EasingStyle":"Linear","EasingDirection":"In"},"Head":{"Weight":1,"CFrame":[8.8874003267847e-8,-1.5046452972455882e-10,0.016662001609802247,0.9997937083244324,0.020302405580878259,-0.0006621053325943649,-0.020299963653087617,0.9997881054878235,0.0034370082430541517,0.0007317053386941552,-0.0034227774012833835,0.9999938607215881],"EasingStyle":"Linear","EasingDirection":"In"},"Right Leg":{"Weight":1,"CFrame":[0.49178266525268557,0.024407804012298585,0.01238250732421875,0.9684197902679443,0.23174503445625306,0.09196317195892334,-0.23386724293231965,0.9721834659576416,0.012863831594586373,-0.08642388880252838,-0.03396483138203621,0.9956793189048767],"EasingStyle":"Linear","EasingDirection":"In"},"Torso":{"Weight":1,"CFrame":[0.000003759447281481698,0.0006215701578184962,-0.07712817192077637,0.9995561838150024,-0.029793329536914827,0.000004483039901970187,0.02979331649839878,0.9995558857917786,0.0007556506898254156,-0.000026994401196134278,-0.0007551818271167576,0.9999997019767761],"EasingStyle":"Linear","EasingDirection":"In"},"HumanoidRootPart":{"Weight":1,"CFrame":[0,0,0,1,0,0,0,1,0,0,0,1],"EasingStyle":"Linear","EasingDirection":"In"},"Left Arm":{"Weight":1,"CFrame":[0.44730687141418459,-0.3089199662208557,0.4522690773010254,0.361094206571579,0.2668047249317169,-0.8935471177101135,-0.6417899131774902,0.7662715315818787,-0.030554432421922685,0.6765478253364563,0.5845024585723877,0.44792869687080386],"EasingStyle":"Linear","EasingDirection":"In"}}},{"Time":0.36666667461395266,"poses":{"Left Leg":{"Weight":1,"CFrame":[-0.3859608769416809,0.01827925443649292,0.03402829170227051,0.9839452505111694,-0.16255706548690797,-0.07366780936717987,0.16381873190402986,0.9864248037338257,0.01138082705438137,0.07081767916679383,-0.02326628938317299,0.9972179532051086],"EasingStyle":"Linear","EasingDirection":"In"},"Right Arm":{"Weight":1,"CFrame":[-0.44730621576309206,-0.3089194893836975,0.4522693157196045,0.3610938489437103,-0.26680445671081545,0.8935473561286926,0.6417898535728455,0.7662716507911682,-0.030554503202438356,-0.6765479445457459,0.5845025181770325,0.447928249835968],"EasingStyle":"Linear","EasingDirection":"In"},"Head":{"Weight":1,"CFrame":[8.887036528903991e-8,-2.6687985155149365e-10,0.016662240028381349,0.9997937083244324,0.020302405580878259,-0.0006621053325943649,-0.020299963653087617,0.9997881054878235,0.0034370082430541517,0.0007317053386941552,-0.0034227774012833835,0.9999938607215881],"EasingStyle":"Linear","EasingDirection":"In"},"Right Leg":{"Weight":1,"CFrame":[0.3864097595214844,0.013745427131652832,0.02225625514984131,0.9800212383270264,0.17635786533355714,0.09195856004953385,-0.17824165523052216,0.9839057326316834,0.012625889852643013,-0.08825181424617768,-0.0287645161151886,0.9956828355789185],"EasingStyle":"Linear","EasingDirection":"In"},"Torso":{"Weight":1,"CFrame":[0.000003759447281481698,0.0006215701578184962,-0.04289078712463379,0.9995561838150024,-0.029793329536914827,0.000004483039901970187,0.02979331649839878,0.9995558857917786,0.0007556506898254156,-0.000026994401196134278,-0.0007551818271167576,0.9999997019767761],"EasingStyle":"Linear","EasingDirection":"In"},"HumanoidRootPart":{"Weight":1,"CFrame":[0,0,0,1,0,0,0,1,0,0,0,1],"EasingStyle":"Linear","EasingDirection":"In"},"Left Arm":{"Weight":1,"CFrame":[0.44730687141418459,-0.3089197278022766,0.4522690773010254,0.361094206571579,0.2668047249317169,-0.8935471177101135,-0.6417899131774902,0.7662715315818787,-0.030554432421922685,0.6765478253364563,0.5845024585723877,0.44792869687080386],"EasingStyle":"Linear","EasingDirection":"In"}}},{"Time":0.4000000059604645,"poses":{"Left Leg":{"Weight":1,"CFrame":[-0.2127918004989624,0.0068531036376953129,0.046952247619628909,0.9947103261947632,-0.07159073650836945,-0.07366378605365753,0.07260453701019287,0.9972981810569763,0.011174975894391537,0.07266470044851303,-0.016464225947856904,0.9972205758094788],"EasingStyle":"Linear","EasingDirection":"In"},"Right Arm":{"Weight":1,"CFrame":[-0.44730621576309206,-0.3089199662208557,0.4522693157196045,0.3610938489437103,-0.26680445671081545,0.8935473561286926,0.6417898535728455,0.7662716507911682,-0.030554503202438356,-0.6765479445457459,0.5845025181770325,0.447928249835968],"EasingStyle":"Linear","EasingDirection":"In"},"Head":{"Weight":1,"CFrame":[8.887764124665409e-8,-3.4049207897624e-11,0.016661524772644044,0.9997937083244324,0.020302405580878259,-0.0006621053325943649,-0.020299963653087617,0.9997881054878235,0.0034370082430541517,0.0007317053386941552,-0.0034227774012833835,0.9999938607215881],"EasingStyle":"Linear","EasingDirection":"In"},"Right Leg":{"Weight":1,"CFrame":[0.2062552571296692,0.005595266819000244,0.03899884223937988,0.9924052953720093,0.08170844614505768,0.09195438027381897,-0.0831906870007515,0.9964566230773926,0.012396526522934437,-0.09061559289693833,-0.019952179864048959,0.9956861138343811],"EasingStyle":"Linear","EasingDirection":"In"},"Torso":{"Weight":1,"CFrame":[0.000003759447281481698,0.0006215701578184962,-0.00865316390991211,0.9995561838150024,-0.029793329536914827,0.000004483039901970187,0.02979331649839878,0.9995558857917786,0.0007556506898254156,-0.000026994401196134278,-0.0007551818271167576,0.9999997019767761],"EasingStyle":"Linear","EasingDirection":"In"},"HumanoidRootPart":{"Weight":1,"CFrame":[0,0,0,1,0,0,0,1,0,0,0,1],"EasingStyle":"Linear","EasingDirection":"In"},"Left Arm":{"Weight":1,"CFrame":[0.44730687141418459,-0.3089202046394348,0.4522690773010254,0.361094206571579,0.2668047249317169,-0.8935471177101135,-0.6417899131774902,0.7662715315818787,-0.030554432421922685,0.6765478253364563,0.5845024585723877,0.44792869687080386],"EasingStyle":"Linear","EasingDirection":"In"}}},{"Time":0.4333333373069763,"poses":{"Left Leg":{"Weight":1,"CFrame":[-0.08546413481235504,0.005573868751525879,0.05637228488922119,0.9972724914550781,-0.004626010544598103,-0.07366213202476502,0.005456981714814901,0.9999237060546875,0.011083925142884255,0.07360519468784332,-0.011455684900283814,0.9972217082977295],"EasingStyle":"Linear","EasingDirection":"In"},"Right Arm":{"Weight":1,"CFrame":[-0.44730621576309206,-0.3089199662208557,0.4522693157196045,0.3610938489437103,-0.26680445671081545,0.8935473561286926,0.6417898535728455,0.7662716507911682,-0.030554503202438356,-0.6765479445457459,0.5845025181770325,0.447928249835968],"EasingStyle":"Linear","EasingDirection":"In"},"Head":{"Weight":1,"CFrame":[8.887764124665409e-8,-3.4049207897624e-11,0.016661524772644044,0.9997937083244324,0.020302405580878259,-0.0006621053325943649,-0.020299963653087617,0.9997881054878235,0.0034370082430541517,0.0007317053386941552,-0.0034227774012833835,0.9999938607215881],"EasingStyle":"Linear","EasingDirection":"In"},"Right Leg":{"Weight":1,"CFrame":[0.09126100689172745,0.006646335124969482,0.0496060848236084,0.995539665222168,0.021106284111738206,0.09195252507925034,-0.022329626604914666,0.9996750354766846,0.012295015156269074,-0.09166308492422104,-0.014293462969362736,0.9956874847412109],"EasingStyle":"Linear","EasingDirection":"In"},"Torso":{"Weight":1,"CFrame":[0.000003759447281481698,0.0006215701578184962,0.006909370422363281,0.9995561838150024,-0.029793329536914827,0.000004483039901970187,0.02979331649839878,0.9995558857917786,0.0007556506898254156,-0.000026994401196134278,-0.0007551818271167576,0.9999997019767761],"EasingStyle":"Linear","EasingDirection":"In"},"HumanoidRootPart":{"Weight":1,"CFrame":[0,0,0,1,0,0,0,1,0,0,0,1],"EasingStyle":"Linear","EasingDirection":"In"},"Left Arm":{"Weight":1,"CFrame":[0.44730687141418459,-0.3089202046394348,0.4522690773010254,0.361094206571579,0.2668047249317169,-0.8935471177101135,-0.6417899131774902,0.7662715315818787,-0.030554432421922685,0.6765478253364563,0.5845024585723877,0.44792869687080386],"EasingStyle":"Linear","EasingDirection":"In"}}},{"Time":0.46666666865348818,"poses":{"Left Leg":{"Weight":1,"CFrame":[-0.08546397089958191,0.005592942237854004,0.05637204647064209,0.9972720146179199,-0.004719313234090805,-0.07366260886192322,0.005552936811000109,0.9999228715896606,0.011116470210254193,0.07360441982746124,-0.011495200917124749,0.9972213506698608],"EasingStyle":"Linear","EasingDirection":"In"},"Right Arm":{"Weight":1,"CFrame":[-0.44730621576309206,-0.3089199662208557,0.4522693157196045,0.3610938489437103,-0.26680445671081545,0.8935473561286926,0.6417898535728455,0.7662716507911682,-0.030554503202438356,-0.6765479445457459,0.5845025181770325,0.447928249835968],"EasingStyle":"Linear","EasingDirection":"In"},"Head":{"Weight":1,"CFrame":[8.887764124665409e-8,8.236611392931081e-11,0.016661524772644044,0.9997937083244324,0.020302405580878259,-0.0006621053325943649,-0.020299963653087617,0.9997881054878235,0.0034370082430541517,0.0007317053386941552,-0.0034227774012833835,0.9999938607215881],"EasingStyle":"Linear","EasingDirection":"In"},"Right Leg":{"Weight":1,"CFrame":[0.09126104414463043,0.006669223308563232,0.049605607986450198,0.9955366253852844,0.021247485652565957,0.09195323288440705,-0.02247476764023304,0.999671459197998,0.012331285513937474,-0.09166093915700913,-0.014342923648655415,0.9956870675086975],"EasingStyle":"Linear","EasingDirection":"In"},"Torso":{"Weight":1,"CFrame":[0.000003759447281481698,0.0006215701578184962,0.0013184547424316407,0.9995561838150024,-0.029793329536914827,0.000004483039901970187,0.02979331649839878,0.9995558857917786,0.0007556506898254156,-0.000026994401196134278,-0.0007551818271167576,0.9999997019767761],"EasingStyle":"Linear","EasingDirection":"In"},"HumanoidRootPart":{"Weight":1,"CFrame":[0,0,0,1,0,0,0,1,0,0,0,1],"EasingStyle":"Linear","EasingDirection":"In"},"Left Arm":{"Weight":1,"CFrame":[0.44730687141418459,-0.3089202046394348,0.4522690773010254,0.361094206571579,0.2668047249317169,-0.8935471177101135,-0.6417899131774902,0.7662715315818787,-0.030554432421922685,0.6765478253364563,0.5845024585723877,0.44792869687080386],"EasingStyle":"Linear","EasingDirection":"In"}}},{"Time":0.5,"poses":{"Left Leg":{"Weight":1,"CFrame":[-0.16841386258602143,0.0057413578033447269,0.05024278163909912,0.9961133003234863,-0.04829033091664314,-0.07366330176591873,0.049241386353969577,0.9987247586250305,0.011149195954203606,0.07303093373775482,-0.014733172953128815,0.9972208738327026],"EasingStyle":"Linear","EasingDirection":"In"},"Right Arm":{"Weight":1,"CFrame":[-0.44730621576309206,-0.3089197278022766,0.4522693157196045,0.3610938489437103,-0.26680445671081545,0.8935473561286926,0.6417898535728455,0.7662716507911682,-0.030554503202438356,-0.6765479445457459,0.5845025181770325,0.447928249835968],"EasingStyle":"Linear","EasingDirection":"In"},"Head":{"Weight":1,"CFrame":[8.887764124665409e-8,8.236611392931081e-11,0.016661763191223146,0.9997937083244324,0.020302405580878259,-0.0006621053325943649,-0.020299963653087617,0.9997881054878235,0.0034370082430541517,0.0007317053386941552,-0.0034227774012833835,0.9999938607215881],"EasingStyle":"Linear","EasingDirection":"In"},"Right Leg":{"Weight":1,"CFrame":[0.15451425313949586,0.005484819412231445,0.04377865791320801,0.9942685961723328,0.054539065808057788,0.09195393323898316,-0.05590733140707016,0.9983594417572022,0.012367764487862587,-0.09112846851348877,-0.01743781752884388,0.9956865310668945],"EasingStyle":"Linear","EasingDirection":"In"},"Torso":{"Weight":1,"CFrame":[0.000003759447281481698,0.0006215701578184962,-0.0042724609375,0.9995561838150024,-0.029793329536914827,0.000004483039901970187,0.02979331649839878,0.9995558857917786,0.0007556506898254156,-0.000026994401196134278,-0.0007551818271167576,0.9999997019767761],"EasingStyle":"Linear","EasingDirection":"In"},"HumanoidRootPart":{"Weight":1,"CFrame":[0,0,0,1,0,0,0,1,0,0,0,1],"EasingStyle":"Linear","EasingDirection":"In"},"Left Arm":{"Weight":1,"CFrame":[0.44730687141418459,-0.3089199662208557,0.4522690773010254,0.361094206571579,0.2668047249317169,-0.8935471177101135,-0.6417899131774902,0.7662715315818787,-0.030554432421922685,0.6765478253364563,0.5845024585723877,0.44792869687080386],"EasingStyle":"Linear","EasingDirection":"In"}}},{"Time":0.5333333611488342,"poses":{"Left Leg":{"Weight":1,"CFrame":[-0.5310820937156677,0.026550710201263429,0.021831870079040529,0.94915771484375,-0.285383015871048,-0.13287639617919923,0.29275649785995486,0.9553786516189575,0.03930983319878578,0.11572885513305664,-0.07621166855096817,0.9903528094291687],"EasingStyle":"Linear","EasingDirection":"In"},"Right Arm":{"Weight":1,"CFrame":[-0.44730621576309206,-0.30891960859298708,0.45226943492889407,0.3610938489437103,-0.26680439710617068,0.8935472369194031,0.6417897939682007,0.766271710395813,-0.030554452911019326,-0.6765479445457459,0.5845023989677429,0.44792816042900088],"EasingStyle":"Linear","EasingDirection":"In"},"Head":{"Weight":1,"CFrame":[8.879578672349453e-8,4.199819159111939e-9,0.01666259765625,0.9997060894966126,0.01957494206726551,0.014303617179393769,-0.019430121406912805,0.9997592568397522,-0.010190527886152268,-0.014499641954898835,0.009909575805068016,0.9998458623886108],"EasingStyle":"Linear","EasingDirection":"In"},"Right Leg":{"Weight":1,"CFrame":[0.1673550009727478,0.0009434223175048828,0.05164682865142822,0.9890228509902954,0.054041579365730289,0.1375259906053543,-0.05509618669748306,0.9984735250473023,0.0038701449520885946,-0.13710683584213258,-0.011404795572161675,0.9904906749725342],"EasingStyle":"Linear","EasingDirection":"In"},"Torso":{"Weight":1,"CFrame":[0.00016961817163974047,0.012227050960063935,-0.0036957263946533205,0.9999849200248718,0.005492018070071936,0.00020612022490240633,-0.005494474899023771,0.9998744130134583,0.014864634722471238,-0.0001244575105374679,-0.014865541830658913,0.9998894929885864],"EasingStyle":"Linear","EasingDirection":"In"},"HumanoidRootPart":{"Weight":1,"CFrame":[0,0,0,1,0,0,0,1,0,0,0,1],"EasingStyle":"Linear","EasingDirection":"In"},"Left Arm":{"Weight":1,"CFrame":[0.44730693101882937,-0.3089198172092438,0.4522690773010254,0.3610941469669342,0.26680460572242739,-0.8935470581054688,-0.6417899131774902,0.766271710395813,-0.030554354190826417,0.6765477061271668,0.5845024585723877,0.4479285478591919],"EasingStyle":"Linear","EasingDirection":"In"}}},{"Time":0.5666666626930237,"poses":{"Left Leg":{"Weight":1,"CFrame":[-0.8204845190048218,-0.022521257400512697,-0.06242603063583374,0.7937747240066528,-0.5478402376174927,-0.2641833424568176,0.5819897055625916,0.8103237748146057,0.06828883290290833,0.1766626238822937,-0.20795798301696778,0.9620518684387207],"EasingStyle":"Linear","EasingDirection":"In"},"Right Arm":{"Weight":1,"CFrame":[-0.44730624556541445,-0.308919757604599,0.4522693157196045,0.36109378933906557,-0.26680436730384829,0.8935473561286926,0.6417898535728455,0.7662716507911682,-0.030554430559277536,-0.6765479445457459,0.5845024585723877,0.44792813062667849],"EasingStyle":"Linear","EasingDirection":"In"},"Head":{"Weight":1,"CFrame":[8.824281394481659e-8,1.0797521099448204e-8,0.016662120819091798,0.9986774921417236,0.01783592626452446,0.048221588134765628,-0.015972629189491273,0.9991211891174316,-0.03875213488936424,-0.048870474100112918,0.03793070837855339,0.9980846047401428],"EasingStyle":"Linear","EasingDirection":"In"},"Right Leg":{"Weight":1,"CFrame":[0.1884969174861908,-0.009090781211853028,0.06798803806304932,0.9703927636146545,0.05030704662203789,0.23623549938201905,-0.04805538430809975,0.9987277984619141,-0.015283489599823952,-0.23670366406440736,0.0034785703755915167,0.9715757369995117],"EasingStyle":"Linear","EasingDirection":"In"},"Torso":{"Weight":1,"CFrame":[0.002587101887911558,0.03812211751937866,-0.0030241012573242189,0.996527373790741,0.08320683985948563,0.003145096590742469,-0.0832630842924118,0.995449423789978,0.04634570702910423,0.000725495396181941,-0.04644664004445076,0.9989205002784729],"EasingStyle":"Linear","EasingDirection":"In"},"HumanoidRootPart":{"Weight":1,"CFrame":[0,0,0,1,0,0,0,1,0,0,0,1],"EasingStyle":"Linear","EasingDirection":"In"},"Left Arm":{"Weight":1,"CFrame":[0.44730690121650698,-0.30891990661621096,0.4522693157196045,0.36109405755996706,0.26680469512939455,-0.8935471177101135,-0.6417899131774902,0.7662715911865234,-0.030554456636309625,0.6765477657318115,0.5845023989677429,0.44792845845222475],"EasingStyle":"Linear","EasingDirection":"In"}}},{"Time":0.6000000238418579,"poses":{"Left Leg":{"Weight":1,"CFrame":[-0.9212955236434937,-0.19153249263763429,-0.15831094980239869,0.5717995762825012,-0.7229098081588745,-0.3878745138645172,0.7922912836074829,0.6092807054519653,0.03242490813136101,0.21288414299488069,-0.3258502781391144,0.9211416840553284],"EasingStyle":"Linear","EasingDirection":"In"},"Right Arm":{"Weight":1,"CFrame":[-0.44730621576309206,-0.30891942977905276,0.4522693157196045,0.3610938787460327,-0.26680445671081545,0.8935472369194031,0.6417899131774902,0.7662716507911682,-0.03055436909198761,-0.6765478849411011,0.5845025181770325,0.44792822003364565],"EasingStyle":"Linear","EasingDirection":"In"},"Head":{"Weight":1,"CFrame":[8.707866072654724e-8,2.6542693376541139e-8,0.016662240028381349,0.9964664578437805,0.015543838031589985,0.08254086226224899,-0.01011366955935955,0.9977813363075256,-0.0658034160733223,-0.0833805650472641,0.06473620235919953,0.994412899017334],"EasingStyle":"Linear","EasingDirection":"In"},"Right Leg":{"Weight":1,"CFrame":[0.17982766032218934,-0.0189284086227417,0.09243130683898926,0.9426432847976685,0.033304035663604739,0.3321363627910614,-0.022688988596200944,0.9991018772125244,-0.035788170993328097,-0.33302977681159975,0.026199663057923318,0.9425523281097412],"EasingStyle":"Linear","EasingDirection":"In"},"Torso":{"Weight":1,"CFrame":[0.008572949096560479,0.06468862295150757,-0.003259897232055664,0.9869682192802429,0.1605779081583023,0.010422192513942719,-0.16089826822280885,0.9838328957557678,0.07864309102296829,0.0023746450897306206,-0.07929514348506928,0.9968483448028565],"EasingStyle":"Linear","EasingDirection":"In"},"HumanoidRootPart":{"Weight":1,"CFrame":[0,0,0,1,0,0,0,1,0,0,0,1],"EasingStyle":"Linear","EasingDirection":"In"},"Left Arm":{"Weight":1,"CFrame":[0.4473069906234741,-0.30891984701156618,0.4522690773010254,0.3610941171646118,0.26680484414100649,-0.8935471177101135,-0.6417898535728455,0.7662715911865234,-0.030554361641407014,0.6765477657318115,0.5845024585723877,0.44792866706848147],"EasingStyle":"Linear","EasingDirection":"In"}}},{"Time":0.6333333253860474,"poses":{"Left Leg":{"Weight":1,"CFrame":[-0.9146406054496765,-0.3061145544052124,-0.1992579698562622,0.4440406262874603,-0.7823721766471863,-0.4367171823978424,0.8667765259742737,0.498555988073349,-0.01184386108070612,0.22699429094791413,-0.37327703833580019,0.8995209336280823],"EasingStyle":"Linear","EasingDirection":"In"},"Right Arm":{"Weight":1