{"Sequence":[{"Time":0,"poses":{"Left Leg":{"Weight":1,"CFrame":[-1.1764322519302369,0.4977160096168518,0.1296766996383667,0.9583092927932739,-0.2857034504413605,-0.004101698286831379,0.2856481075286865,0.9582759737968445,-0.010594136081635952,0.006957304663956165,0.008980860002338887,0.999935507774353],"EasingStyle":"Linear","EasingDirection":"In"},"Right Arm":{"Weight":1,"CFrame":[0.10875329375267029,-0.5143186450004578,0.3844943046569824,0.07854122668504715,-0.9940837621688843,0.07502534240484238,0.5733876824378967,0.10660966485738754,0.8123182654380798,-0.8155108690261841,-0.020781833678483964,0.5783686637878418],"EasingStyle":"Linear","EasingDirection":"In"},"Head":{"Weight":1,"CFrame":[1.0058283805847168e-7,-1.4901161193847657e-8,0.016662120819091798,0.9995665550231934,0.027319831773638727,-0.010972061194479466,-0.028348393738269807,0.9937178492546082,-0.10826439410448075,0.007945360615849495,0.1085285097360611,0.9940615892410278],"EasingStyle":"Linear","EasingDirection":"In"},"Right Leg":{"Weight":1,"CFrame":[1.1710282564163209,0.2181001901626587,-0.029938101768493654,0.8541545271873474,0.5072352886199951,-0.1145976111292839,-0.5121132731437683,0.8587701916694641,-0.015927903354167939,0.09033387154340744,0.07229176163673401,0.9932843446731567],"EasingStyle":"Linear","EasingDirection":"In"},"Torso":{"Weight":1,"CFrame":[0.023395609110593797,-0.06904086470603943,-0.5225100517272949,0.9080103635787964,0.4179811179637909,0.02844236046075821,-0.41450414061546328,0.906168520450592,-0.08393413573503494,-0.06085645779967308,0.0644235908985138,0.9960653185844421],"EasingStyle":"Linear","EasingDirection":"In"},"HumanoidRootPart":{"Weight":1,"CFrame":[0,0,0,1,0,0,0,1,0,0,0,1],"EasingStyle":"Linear","EasingDirection":"In"},"Left Arm":{"Weight":1,"CFrame":[0.11605800688266754,-0.3164597153663635,0.09589862823486328,0.7543320655822754,-0.5012890696525574,0.42390158772468569,0.1697181910276413,0.7726635336875916,0.611707866191864,-0.6341758370399475,-0.38948726654052737,0.6679229140281677],"EasingStyle":"Linear","EasingDirection":"In"}}},{"Time":0.03448275849223137,"poses":{"Left Leg":{"Weight":1,"CFrame":[-1.313940405845642,0.4458369016647339,0.14054226875305177,0.9273021221160889,-0.3726867735385895,-0.0348641537129879,0.3708268404006958,0.9273538589477539,-0.05002183839678764,0.05097382143139839,0.03345683962106705,0.9981394410133362],"EasingStyle":"Linear","EasingDirection":"In"},"Right Arm":{"Weight":1,"CFrame":[0.10919895023107529,-0.5124847292900086,0.38169217109680178,0.1782858818769455,-0.9814856648445129,0.07000001519918442,0.5695074796676636,0.16094018518924714,0.8060765862464905,-0.8024184703826904,-0.10384659469127655,0.5876569151878357],"EasingStyle":"Linear","EasingDirection":"In"},"Head":{"Weight":1,"CFrame":[9.313225746154785e-8,1.30385160446167e-8,0.016662240028381349,0.998143196105957,0.059897176921367648,-0.011072241701185704,-0.06089656800031662,0.9853448867797852,-0.15933331847190858,0.0013662893325090409,0.1597118079662323,0.9871627688407898],"EasingStyle":"Linear","EasingDirection":"In"},"Right Leg":{"Weight":1,"CFrame":[1.2810882329940797,0.17864137887954713,-0.05037742853164673,0.8025014400482178,0.5881746411323547,-0.10020997375249863,-0.5901590585708618,0.807202160358429,0.011698191985487938,0.08777043223381043,0.04975200444459915,0.9948975443840027],"EasingStyle":"Linear","EasingDirection":"In"},"Torso":{"Weight":1,"CFrame":[0.03027483820915222,-0.04264598339796066,-0.5728681087493897,0.9212073683738709,0.3873273730278015,0.03680555522441864,-0.38530778884887698,0.9213306307792664,-0.051845405250787738,-0.05399123579263687,0.03357890248298645,0.9979766607284546],"EasingStyle":"Linear","EasingDirection":"In"},"HumanoidRootPart":{"Weight":1,"CFrame":[0,0,0,1,0,0,0,1,0,0,0,1],"EasingStyle":"Linear","EasingDirection":"In"},"Left Arm":{"Weight":1,"CFrame":[0.11629638820886612,-0.3171035945415497,0.09482550621032715,0.7666876316070557,-0.4971400499343872,0.4062536954879761,0.15468178689479829,0.7571675777435303,0.6346420645713806,-0.6231082081794739,-0.4237324595451355,0.65740966796875],"EasingStyle":"Linear","EasingDirection":"In"}}},{"Time":0.06896551698446274,"poses":{"Left Leg":{"Weight":1,"CFrame":[-1.4347683191299439,0.39946943521499636,0.10021007061004639,0.8945185542106628,-0.43484950065612795,-0.10364631563425064,0.4257591664791107,0.8994079232215881,-0.09896697103977204,0.13625602424144746,0.04439936578273773,0.9896782636642456],"EasingStyle":"Linear","EasingDirection":"In"},"Right Arm":{"Weight":1,"CFrame":[0.10985355824232102,-0.511160671710968,0.3792611360549927,0.2609984576702118,-0.9634937047958374,0.059662964195013049,0.5573990941047669,0.20087651908397675,0.8055773973464966,-0.7881535887718201,-0.17699843645095826,0.5894790291786194],"EasingStyle":"Linear","EasingDirection":"In"},"Head":{"Weight":1,"CFrame":[7.636845111846924e-8,0,0.016662001609802247,0.9903174042701721,0.13585947453975678,-0.02852500230073929,-0.13875935971736909,0.9625915288925171,-0.23273031413555146,-0.00416069570928812,0.23443496227264405,0.9721229672431946],"EasingStyle":"Linear","EasingDirection":"In"},"Right Leg":{"Weight":1,"CFrame":[1.4041913747787476,0.11288994550704956,-0.06683510541915894,0.7355520725250244,0.6720726490020752,-0.085332490503788,-0.6710797548294067,0.7400700449943543,0.0441405214369297,0.09281768649816513,0.02479720488190651,0.9953743815422058],"EasingStyle":"Linear","EasingDirection":"In"},"Torso":{"Weight":1,"CFrame":[0.03702490031719208,-0.017936009913682939,-0.6243572235107422,0.9486939311027527,0.31297582387924197,0.04501171410083771,-0.3122856914997101,0.9497379660606384,-0.021805090829730035,-0.04957380145788193,0.006629844196140766,0.9987484812736511],"EasingStyle":"Linear","EasingDirection":"In"},"HumanoidRootPart":{"Weight":1,"CFrame":[0,0,0,1,0,0,0,1,0,0,0,1],"EasingStyle":"Linear","EasingDirection":"In"},"Left Arm":{"Weight":1,"CFrame":[0.11733929812908173,-0.31863588094711306,0.09217321872711182,0.8016229271888733,-0.4725528955459595,0.36618930101394656,0.11114045977592468,0.7196505665779114,0.685383677482605,-0.5874083638191223,-0.508720874786377,0.6294081807136536],"EasingStyle":"Linear","EasingDirection":"In"}}},{"Time":0.1034482792019844,"poses":{"Left Leg":{"Weight":1,"CFrame":[-1.5052372217178345,0.3763415217399597,0.032874107360839847,0.8667548298835754,-0.4643237888813019,-0.1820429116487503,0.44426006078720095,0.8846892714500427,-0.14127294719219209,0.22664780914783479,0.041574615985155109,0.9730891585350037],"EasingStyle":"Linear","EasingDirection":"In"},"Right Arm":{"Weight":1,"CFrame":[0.11069375276565552,-0.5101727247238159,0.3769310712814331,0.3367760479450226,-0.9404572248458862,0.04606609418988228,0.5361843109130859,0.23176389932632447,0.8116599321365356,-0.7740078568458557,-0.24864766001701356,0.5823110342025757],"EasingStyle":"Linear","EasingDirection":"In"},"Head":{"Weight":1,"CFrame":[8.591450750827789e-8,4.656612873077393e-10,0.016662120819091798,0.9718305468559265,0.2268277108669281,-0.06398874521255493,-0.2354639768600464,0.922825276851654,-0.30487751960754397,-0.010104268789291382,0.3113563358783722,0.9502395987510681],"EasingStyle":"Linear","EasingDirection":"In"},"Right Leg":{"Weight":1,"CFrame":[1.462875247001648,0.061966001987457278,-0.045933663845062259,0.6763712763786316,0.7290130853652954,-0.10517530143260956,-0.7243576049804688,0.684234082698822,0.08443883806467056,0.13352160155773164,0.01907247118651867,0.9908623695373535],"EasingStyle":"Linear","EasingDirection":"In"},"Torso":{"Weight":1,"CFrame":[0.0415278822183609,0.00319588091224432,-0.6649599075317383,0.974887490272522,0.21690019965171815,0.05048607289791107,-0.2173672467470169,0.9760821461677551,0.003885305719450116,-0.048435844480991366,-0.01476175244897604,0.998717188835144],"EasingStyle":"Linear","EasingDirection":"In"},"HumanoidRootPart":{"Weight":1,"CFrame":[0,0,0,1,0,0,0,1,0,0,0,1],"EasingStyle":"Linear","EasingDirection":"In"},"Left Arm":{"Weight":1,"CFrame":[0.119675412774086,-0.3204968571662903,0.08882665634155274,0.8527852296829224,-0.40915510058403017,0.3245757520198822,0.04152893275022507,0.6726384162902832,0.7388048768043518,-0.5206080079078674,-0.6165627837181091,0.5906080007553101],"EasingStyle":"Linear","EasingDirection":"In"}}},{"Time":0.13793103396892548,"poses":{"Left Leg":{"Weight":1,"CFrame":[-1.4355194568634034,0.43998926877975466,-0.031106531620025636,0.8740811347961426,-0.4184925854206085,-0.24667009711265565,0.3943910002708435,0.907807469367981,-0.1426233947277069,0.2836157977581024,0.027379952371120454,0.958547055721283],"EasingStyle":"Linear","EasingDirection":"In"},"Right Arm":{"Weight":1,"CFrame":[0.11181914806365967,-0.5093724727630615,0.37443649768829348,0.4156005382537842,-0.9090099334716797,0.031257644295692447,0.5028029084205627,0.25824829936027529,0.824922502040863,-0.7579349875450134,-0.327121764421463,0.5643810629844666],"EasingStyle":"Linear","EasingDirection":"In"},"Head":{"Weight":1,"CFrame":[1.0058283805847168e-7,2.7939677238464357e-9,0.016662001609802247,0.9457783102989197,0.30686113238334658,-0.10648885369300842,-0.32443544268608096,0.8766610622406006,-0.3552563488483429,-0.015659747645258905,0.3705424666404724,0.9286835789680481],"EasingStyle":"Linear","EasingDirection":"In"},"Right Leg":{"Weight":1,"CFrame":[1.4075385332107545,0.09262889623641968,-0.007415115833282471,0.67400062084198,0.7261732816696167,-0.1356310397386551,-0.7188506126403809,0.6870203614234924,0.10609794408082962,0.17022688686847688,0.025988420471549035,0.9850621223449707],"EasingStyle":"Linear","EasingDirection":"In"},"Torso":{"Weight":1,"CFrame":[0.04338887333869934,0.01817009598016739,-0.6824631690979004,0.9908171892166138,0.12449463456869126,0.052748505026102069,-0.1257953941822052,0.9918103218078613,0.022089706733822824,-0.04956645891070366,-0.02852238342165947,0.9983634948730469],"EasingStyle":"Linear","EasingDirection":"In"},"HumanoidRootPart":{"Weight":1,"CFrame":[0,0,0,1,0,0,0,1,0,0,0,1],"EasingStyle":"Linear","EasingDirection":"In"},"Left Arm":{"Weight":1,"CFrame":[0.12370982766151428,-0.3221246600151062,0.08559775352478028,0.9078420400619507,-0.2911987602710724,0.3017054796218872,-0.05552941560745239,0.6296943426132202,0.7748556137084961,-0.41561928391456606,-0.7202001214027405,0.5554931163787842],"EasingStyle":"Linear","EasingDirection":"In"}}},{"Time":0.17241379618644715,"poses":{"Left Leg":{"Weight":1,"CFrame":[-1.2019363641738892,0.5523809194564819,-0.07890117168426514,0.9173372387886047,-0.2872996926307678,-0.2755928635597229,0.27617478370666506,0.9578346610069275,-0.07924795150756836,0.2867403030395508,-0.0034146863035857679,0.9580023288726807],"EasingStyle":"Linear","EasingDirection":"In"},"Right Arm":{"Weight":1,"CFrame":[0.11344849318265915,-0.5086625814437866,0.37153375148773196,0.5064781308174133,-0.8620647192001343,0.01800977811217308,0.45213404297828677,0.28330567479133608,0.8457616567611694,-0.7342034578323364,-0.42021703720092776,0.533257007598877],"EasingStyle":"Linear","EasingDirection":"In"},"Head":{"Weight":1,"CFrame":[1.0896474123001099e-7,-4.6566128730773929e-9,0.016661882400512697,0.924177348613739,0.3574032783508301,-0.13475601375102998,-0.38151219487190249,0.846581220626831,-0.3711450695991516,-0.01856653206050396,0.3944149315357208,0.9187449216842651],"EasingStyle":"Linear","EasingDirection":"In"},"Right Leg":{"Weight":1,"CFrame":[1.2384098768234254,0.17403972148895265,0.017719626426696779,0.7455837726593018,0.6517541408538818,-0.13900132477283479,-0.6481209993362427,0.7577039003372192,0.07631684094667435,0.15506170690059663,0.03318902477622032,0.9873471856117249],"EasingStyle":"Linear","EasingDirection":"In"},"Torso":{"Weight":1,"CFrame":[0.04347095638513565,0.024282090365886689,-0.6432993412017822,0.9966189861297607,0.06290996819734574,0.052848298102617267,-0.064529649913311,0.9974790811538696,0.029520153999328615,-0.05085795745253563,-0.032830625772476199,0.9981661438941956],"EasingStyle":"Linear","EasingDirection":"In"},"HumanoidRootPart":{"Weight":1,"CFrame":[0,0,0,1,0,0,0,1,0,0,0,1],"EasingStyle":"Linear","EasingDirection":"In"},"Left Arm":{"Weight":1,"CFrame":[0.1298467516899109,-0.3230646848678589,0.0832597017288208,0.9446308612823486,-0.10411467403173447,0.3111797869205475,-0.1893688589334488,0.6014975905418396,0.7761055827140808,-0.2679779529571533,-0.7920611500740051,0.5484774112701416],"EasingStyle":"Linear","EasingDirection":"In"}}},{"Time":0.2068965584039688,"poses":{"Left Leg":{"Weight":1,"CFrame":[-0.9054175615310669,0.5835115313529968,-0.08253037929534912,0.9621008634567261,-0.12598063051700593,-0.24184902012348176,0.12917232513427735,0.9916185140609741,-0.002679107477888465,0.2401595115661621,-0.028662629425525667,0.9703102707862854],"EasingStyle":"Linear","EasingDirection":"In"},"Right Arm":{"Weight":1,"CFrame":[0.09672199189662934,-0.4786902368068695,0.36959290504455569,0.612760066986084,-0.7902023196220398,0.010265324264764786,0.37991833686828616,0.30594703555107119,0.8729596138000488,-0.6929553747177124,-0.5310148596763611,0.4876844882965088],"EasingStyle":"Linear","EasingDirection":"In"},"Head":{"Weight":1,"CFrame":[8.230563253164292e-8,-6.28642737865448e-9,0.01666259765625,0.9222440719604492,0.3608614504337311,-0.13872618973255158,-0.38652855157852175,0.8533584475517273,-0.34982168674468996,-0.007853995077311993,0.37624263763427737,0.926487922668457],"EasingStyle":"Linear","EasingDirection":"In"},"Right Leg":{"Weight":1,"CFrame":[1.025176763534546,0.1959366798400879,0.023296833038330079,0.8287986516952515,0.5491865873336792,-0.1071758046746254,-0.5489779114723206,0.8351407051086426,0.03411131352186203,0.10824044048786164,0.03056575544178486,0.9936547875404358],"EasingStyle":"Linear","EasingDirection":"In"},"Torso":{"Weight":1,"CFrame":[0.048637934029102328,0.01707395911216736,-0.5339183807373047,0.9984340667724609,0.025408748537302018,0.04984002932906151,-0.026459863409399987,0.9994387626647949,0.020544426515698434,-0.049290046095848086,-0.021831009536981584,0.9985460042953491],"EasingStyle":"Linear","EasingDirection":"In"},"HumanoidRootPart":{"Weight":1,"CFrame":[0,0,0,1,0,0,0,1,0,0,0,1],"EasingStyle":"Linear","EasingDirection":"In"},"Left Arm":{"Weight":1,"CFrame":[0.05790480226278305,-0.32195860147476199,0.08798158168792725,0.9238517880439758,0.15774784982204438,0.3487313389778137,-0.3733433485031128,0.5721608400344849,0.7302374243736267,-0.08433706313371659,-0.8048277497291565,0.5874860286712647],"EasingStyle":"Linear","EasingDirection":"In"}}},{"Time":0.24137930572032929,"poses":{"Left Leg":{"Weight":1,"CFrame":[-0.6669023036956787,0.520207405090332,-0.01995563507080078,0.9896502494812012,0.00021010023192502558,-0.14350104331970216,0.003000239608809352,0.9997500777244568,0.022154973819851877,0.14346982538700105,-0.022356249392032625,0.9894022345542908],"EasingStyle":"Linear","EasingDirection":"In"},"Right Arm":{"Weight":1,"CFrame":[0.05013309791684151,-0.4083317220211029,0.3701488971710205,0.7218883037567139,-0.6919370889663696,0.010020656511187554,0.2941126823425293,0.31988683342933657,0.9006498456001282,-0.6263984441757202,-0.6472215056419373,0.4344300925731659],"EasingStyle":"Linear","EasingDirection":"In"},"Head":{"Weight":1,"CFrame":[8.989809430204332e-8,5.820766091346741e-10,0.016662120819091798,0.939518928527832,0.3185649514198303,-0.12577994167804719,-0.3421247601509094,0.8900393843650818,-0.3012981712818146,0.015966102480888368,0.3261077105998993,0.9451978206634522],"EasingStyle":"Linear","EasingDirection":"In"},"Right Leg":{"Weight":1,"CFrame":[0.8832297325134277,0.12935489416122437,0.013373851776123047,0.8688417673110962,0.49145573377609255,-0.05987686663866043,-0.4913359582424164,0.8707897663116455,0.01772904396057129,0.06085328012704849,0.01401587389409542,0.9980483055114746],"EasingStyle":"Linear","EasingDirection":"In"},"Torso":{"Weight":1,"CFrame":[0.061006367206573489,-0.0015498343855142594,-0.4033811092376709,0.9990206360816956,-0.004646886605769396,0.044004473835229877,0.004766074940562248,0.9999852776527405,-0.0026040098164230587,-0.04399172589182854,0.002811187645420432,0.9990280270576477],"EasingStyle":"Linear","EasingDirection":"In"},"HumanoidRootPart":{"Weight":1,"CFrame":[0,0,0,1,0,0,0,1,0,0,0,1],"EasingStyle":"Linear","EasingDirection":"In"},"Left Arm":{"Weight":1,"CFrame":[-0.12419424951076508,-0.31153392791748049,0.10236215591430664,0.8022382855415344,0.45465657114982607,0.38691243529319765,-0.5878673195838928,0.48865392804145815,0.6446930766105652,0.10404757410287857,-0.7446507811546326,0.6592947840690613],"EasingStyle":"Linear","EasingDirection":"In"}}},{"Time":0.27586206793785097,"poses":{"Left Leg":{"Weight":1,"CFrame":[-0.4833551049232483,0.4314674735069275,0.0689157247543335,0.9962692260742188,0.08609146624803543,0.005997699219733477,-0.08611611276865006,0.9962772130966187,0.003974152263253927,-0.005633268505334854,-0.0044758375734090809,0.9999741911888123],"EasingStyle":"Linear","EasingDirection":"In"},"Right Arm":{"Weight":1,"CFrame":[-0.015118716284632683,-0.32476502656936648,0.3732283115386963,0.8187722563743591,-0.573919415473938,0.015115291811525822,0.20889213681221009,0.3223288953304291,0.9232920408248901,-0.5347673296928406,-0.7528084516525269,0.3838014304637909],"EasingStyle":"Linear","EasingDirection":"In"},"Head":{"Weight":1,"CFrame":[1.1158408597111702e-7,-7.916241884231568e-9,0.016662001609802247,0.964973509311676,0.24212490022182465,-0.10100390017032623,-0.2596495449542999,0.936504065990448,-0.23567436635494233,0.037527911365032199,0.2536450922489166,0.9665690660476685],"EasingStyle":"Linear","EasingDirection":"In"},"Right Leg":{"Weight":1,"CFrame":[0.9162819981575012,0.12325173616409302,-0.019630134105682374,0.8469897508621216,0.5316057205200195,0.0019331768853589893,-0.5315086245536804,0.8467530012130737,0.02254192903637886,0.010346559807658196,-0.020120304077863694,0.9997441172599793],"EasingStyle":"Linear","EasingDirection":"In"},"Torso":{"Weight":1,"CFrame":[0.0772865042090416,-0.024371005594730378,-0.30279111862182619,0.999190092086792,-0.014438873156905175,0.03755897283554077,0.015605412423610688,0.9993990063667297,-0.03095342218875885,-0.03708946704864502,0.031514476984739307,0.9988148808479309],"EasingStyle":"Linear","EasingDirection":"In"},"HumanoidRootPart":{"Weight":1,"CFrame":[0,0,0,1,0,0,0,1,0,0,0,1],"EasingStyle":"Linear","EasingDirection":"In"},"Left Arm":{"Weight":1,"CFrame":[-0.3445287346839905,-0.28200000524520876,0.12121689319610596,0.5722126960754395,0.7137288451194763,0.40393516421318056,-0.7797946929931641,0.32099223136901858,0.5374796986579895,0.25395467877388,-0.6225393414497376,0.7402377724647522],"EasingStyle":"Linear","EasingDirection":"In"}}},{"Time":0.3103448152542114,"poses":{"Left Leg":{"Weight":1,"CFrame":[-0.2811724543571472,0.346038281917572,0.14325284957885743,0.9683569073677063,0.15670430660247804,0.19423885643482209,-0.15332350134849549,0.9876442551612854,-0.03241518884897232,-0.1969185471534729,0.0016081056091934443,0.9804186224937439],"EasingStyle":"Linear","EasingDirection":"In"},"Right Arm":{"Weight":1,"CFrame":[-0.08801184594631195,-0.25495555996894839,0.3787393569946289,0.8933355808258057,-0.44900625944137576,0.01857024058699608,0.14002856612205506,0.3173886835575104,0.9379000067710877,-0.4270169138908386,-0.835259199142456,0.3464084565639496],"EasingStyle":"Linear","EasingDirection":"In"},"Head":{"Weight":1,"CFrame":[7.264316082000733e-8,1.234002411365509e-8,0.01666259765625,0.9878356456756592,0.13798554241657258,-0.07169913500547409,-0.14814412593841554,0.9752385020256043,-0.1642046868801117,0.04726586490869522,0.17282909154891969,0.9838171601295471],"EasingStyle":"Linear","EasingDirection":"In"},"Right Leg":{"Weight":1,"CFrame":[0.9808340072631836,0.1253526210784912,-0.08994370698928833,0.8026185035705566,0.5906731486320496,0.08311889320611954,-0.5946248173713684,0.803318202495575,0.03318663313984871,-0.04716841131448746,-0.07606080919504166,0.9959868788719177],"EasingStyle":"Linear","EasingDirection":"In"},"Torso":{"Weight":1,"CFrame":[0.09415599703788758,-0.04401027411222458,-0.24684906005859376,0.9993982315063477,0.014866834506392479,0.031339842826128009,-0.013116434216499329,0.9983816146850586,-0.05533638596534729,-0.03211180120706558,0.05489201843738556,0.9979758262634277],"EasingStyle":"Linear","EasingDirection":"In"},"HumanoidRootPart":{"Weight":1,"CFrame":[0,0,0,1,0,0,0,1,0,0,0,1],"EasingStyle":"Linear","EasingDirection":"In"},"Left Arm":{"Weight":1,"CFrame":[-0.5310471653938294,-0.2220720648765564,0.13822054862976075,0.2793067991733551,0.8706566691398621,0.4049006998538971,-0.8967107534408569,0.08572205156087876,0.43423688411712649,0.3433622717857361,-0.4843643605709076,0.804669976234436],"EasingStyle":"Linear","EasingDirection":"In"}}},{"Time":0.3448275923728943,"poses":{"Left Leg":{"Weight":1,"CFrame":[-0.10247712582349777,0.28368908166885378,0.18082547187805177,0.9049710035324097,0.18927080929279328,0.3810564875602722,-0.1770121306180954,0.9819033145904541,-0.06732545047998429,-0.3869033455848694,-0.006523974239826202,0.9220972061157227],"EasingStyle":"Linear","EasingDirection":"In"},"Right Arm":{"Weight":1,"CFrame":[-0.15761017799377442,-0.22567588090896607,0.38638508319854739,0.9427657723426819,-0.33332139253616335,0.009464086964726448,0.10203143954277039,0.3153737485408783,0.9434664249420166,-0.3174622058868408,-0.888502299785614,0.33133289217948916],"EasingStyle":"Linear","EasingDirection":"In"},"Head":{"Weight":1,"CFrame":[8.009374141693115e-8,9.313225746154785e-9,0.016662240028381349,0.9978654384613037,0.04096180573105812,-0.050860755145549777,-0.045827191323041919,0.994080662727356,-0.09850617498159409,0.04652472957968712,0.10062667727470398,0.9938358664512634],"EasingStyle":"Linear","EasingDirection":"In"},"Right Leg":{"Weight":1,"CFrame":[0.9968214631080627,0.06805390119552612,-0.1652037501335144,0.7595177888870239,0.6295986771583557,0.16351822018623353,-0.6426427364349365,0.7651844620704651,0.03876893222332001,-0.10071264952421189,-0.1345294564962387,0.985778272151947],"EasingStyle":"Linear","EasingDirection":"In"},"Torso":{"Weight":1,"CFrame":[0.1041201651096344,-0.05271652340888977,-0.2302103042602539,0.9967573881149292,0.07583755254745484,0.026896843686699868,-0.07392450422048569,0.9950686097145081,-0.06613340228796005,-0.03177960216999054,0.06393062323331833,0.997448205947876],"EasingStyle":"Linear","EasingDirection":"In"},"HumanoidRootPart":{"Weight":1,"CFrame":[0,0,0,1,0,0,0,1,0,0,0,1],"EasingStyle":"Linear","EasingDirection":"In"},"Left Arm":{"Weight":1,"CFrame":[-0.6103209257125855,-0.11947405338287354,0.14673376083374024,-0.009311889298260212,0.907192051410675,0.4206138253211975,-0.9202896952629089,-0.17230267822742463,0.35125303268432619,0.39112669229507449,-0.38381585478782656,0.8364839553833008],"EasingStyle":"Linear","EasingDirection":"In"}}},{"Time":0.37931033968925478,"poses":{"Left Leg":{"Weight":1,"CFrame":[0.011600382626056672,0.2540256977081299,0.20196318626403809,0.8335087895393372,0.18411387503147126,0.520927369594574,-0.15463285148143769,0.9829010367393494,-0.09997151792049408,-0.5304262042045593,0.002774662571027875,0.8477266430854797],"EasingStyle":"Linear","EasingDirection":"In"},"Right Arm":{"Weight":1,"CFrame":[-0.21471749246120454,-0.22654899954795838,0.39544081687927248,0.9717056751251221,-0.23517785966396333,-0.02189757116138935,0.09790877252817154,0.3166922330856323,0.9434616565704346,-0.21494647860527039,-0.9189109802246094,0.33075758814811709],"EasingStyle":"Linear","EasingDirection":"In"},"Head":{"Weight":1,"CFrame":[9.313225746154785e-8,-1.862645149230957e-9,0.016662120819091798,0.9988245368003845,-0.030493324622511865,-0.037681370973587039,0.028908465057611467,0.9987030625343323,-0.0419110544025898,0.038910508155822757,0.040772370994091037,0.9984105825424194],"EasingStyle":"Linear","EasingDirection":"In"},"Right Leg":{"Weight":1,"CFrame":[0.9574470520019531,-0.016242146492004396,-0.21671420335769654,0.7273618578910828,0.6468903422355652,0.22908024489879609,-0.6703986525535584,0.7411401271820068,0.03573426231741905,-0.1466643065214157,-0.1795668601989746,0.9727514386177063],"EasingStyle":"Linear","EasingDirection":"In"},"Torso":{"Weight":1,"CFrame":[0.10263609886169434,-0.05155289173126221,-0.24586153030395509,0.9895617365837097,0.14193828403949738,0.024925241246819497,-0.1401136815547943,0.9880689382553101,-0.06393812596797943,-0.03370312228798866,0.0597783587872982,0.9976426362991333],"EasingStyle":"Linear","EasingDirection":"In"},"HumanoidRootPart":{"Weight":1,"CFrame":[0,0,0,1,0,0,0,1,0,0,0,1],"EasingStyle":"Linear","EasingDirection":"In"},"Left Arm":{"Weight":1,"CFrame":[-0.6102625131607056,0.03765600919723511,0.14477276802062989,-0.2503238618373871,0.851876974105835,0.46004751324653628,-0.870815098285675,-0.40577271580696108,0.2775421440601349,0.42310643196105959,-0.3311408460140228,0.8434018492698669],"EasingStyle":"Linear","EasingDirection":"In"}}},{"Time":0.4137931168079376,"poses":{"Left Leg":{"Weight":1,"CFrame":[0.06960906833410263,0.27721017599105837,0.23821592330932618,0.7654190063476563,0.14967583119869233,0.6258839964866638,-0.10168206691741944,0.9884877800941467,-0.11203895509243012,-0.6354482769966126,0.022115584462881089,0.7718268036842346],"EasingStyle":"Linear","EasingDirection":"In"},"Right Arm":{"Weight":1,"CFrame":[-0.2577357292175293,-0.2329719364643097,0.40463876724243166,0.9858598113059998,-0.14997223019599915,-0.07475858926773071,0.11944662779569626,0.31602293252944949,0.9412024617195129,-0.11752878874540329,-0.9368233680725098,0.3294680714607239],"EasingStyle":"Linear","EasingDirection":"In"},"Head":{"Weight":1,"CFrame":[9.313225746154785e-8,-3.725290298461914e-9,0.016662001609802247,0.994052529335022,-0.10568185895681381,-0.02628619410097599,0.10594296455383301,0.9943337440490723,0.008748590014874936,0.02521270513534546,-0.011481354013085366,0.999616265296936],"EasingStyle":"Linear","EasingDirection":"In"},"Right Leg":{"Weight":1,"CFrame":[0.8332490921020508,-0.07345545291900635,-0.24665749073028565,0.7419653534889221,0.5998477339744568,0.2994498312473297,-0.6370347142219544,0.7699944376945496,0.03599316254258156,-0.20898424088954926,-0.21746563911437989,0.9534329175949097],"EasingStyle":"Linear","EasingDirection":"In"},"Torso":{"Weight":1,"CFrame":[0.10203294456005097,-0.047745801508426669,-0.29395556449890139,0.9766854047775269,0.21337160468101502,0.023630088195204736,-0.21175193786621095,0.9756335616111755,-0.057448241859674457,-0.03531213104724884,0.051105137914419177,0.9980688095092773],"EasingStyle":"Linear","EasingDirection":"In"},"HumanoidRootPart":{"Weight":1,"CFrame":[0,0,0,1,0,0,0,1,0,0,0,1],"EasingStyle":"Linear","EasingDirection":"In"},"Left Arm":{"Weight":1,"CFrame":[-0.6093971729278565,0.19551199674606324,0.13885998725891114,-0.4144715964794159,0.7650347352027893,0.4928843677043915,-0.7954224944114685,-0.5676758289337158,0.2122439593076706,0.44217249751091006,-0.304082453250885,0.8438112735748291],"EasingStyle":"Linear","EasingDirection":"In"}}},{"Time":0.4482758641242981,"poses":{"Left Leg":{"Weight":1,"CFrame":[0.09532211720943451,0.34809064865112307,0.30028247833251955,0.7022556662559509,0.10142317414283753,0.7046632766723633,-0.030568275600671769,0.9931830167770386,-0.11248641461133957,-0.7112682461738586,0.05745386704802513,0.7005687355995178],"EasingStyle":"Linear","EasingDirection":"In"},"Right Arm":{"Weight":1,"CFrame":[-0.2871072292327881,-0.25032103061676028,0.412758469581604,0.9865802526473999,-0.0740901455283165,-0.14549945294857026,0.16162529587745667,0.31671008467674258,0.934650719165802,-0.023167237639427186,-0.9456243515014648,0.3244347870349884],"EasingStyle":"Linear","EasingDirection":"In"},"Head":{"Weight":1,"CFrame":[6.798654794692993e-8,2.9802322387695315e-8,0.01666259765625,0.9836758375167847,-0.17885218560695649,-0.019843457266688348,0.1796366572380066,0.9824774861335754,0.049686409533023837,0.01060921885073185,-0.05243990942835808,0.9985678195953369],"EasingStyle":"Linear","EasingDirection":"In"},"Right Leg":{"Weight":1,"CFrame":[0.7641838192939758,-0.06962978839874268,-0.2817355990409851,0.7461930513381958,0.5547415018081665,0.36804598569869997,-0.6096768975257874,0.7914760708808899,0.0431252121925354,-0.2673761546611786,-0.25656887888908389,0.9288069009780884],"EasingStyle":"Linear","EasingDirection":"In"},"Torso":{"Weight":1,"CFrame":[0.10244961827993393,-0.04275176674127579,-0.3729109764099121,0.9586067199707031,0.28376299142837527,0.023489907383918763,-0.2823905348777771,0.9580393433570862,-0.04915506765246391,-0.03645264729857445,0.040487054735422137,0.9985148906707764],"EasingStyle":"Linear","EasingDirection":"In"},"HumanoidRootPart":{"Weight":1,"CFrame":[0,0,0,1,0,0,0,1,0,0,0,1],"EasingStyle":"Linear","EasingDirection":"In"},"Left Arm":{"Weight":1,"CFrame":[-0.6088642477989197,0.26740938425064089,0.13546550273895265,-0.47505760192871096,0.7195937037467957,0.5064632892608643,-0.7563210725784302,-0.6280895471572876,0.1829811930656433,0.4497763216495514,-0.29612240195274355,0.8426225781440735],"EasingStyle":"Linear","EasingDirection":"In"}}},{"Time":0.48275861144065859,"poses":{"Left Leg":{"Weight":1,"CFrame":[0.10906164348125458,0.44277483224868777,0.36392486095428469,0.6557403802871704,0.06571364402770996,0.7521211504936218,0.030069362372159959,0.993141233921051,-0.1129879429936409,-0.7543874979019165,0.09670662134885788,0.6492668986320496],"EasingStyle":"Linear","EasingDirection":"In"},"Right Arm":{"Weight":1,"CFrame":[-0.3032611608505249,-0.28401052951812746,0.4186292886734009,0.9732905030250549,-0.0033637855667620899,-0.22955265641212464,0.21846213936805726,0.3209255635738373,0.9215644001960754,0.07056942582130432,-0.947098433971405,0.3130887746810913],"EasingStyle":"Linear","EasingDirection":"In"},"Head":{"Weight":1,"CFrame":[8.940696716308594e-8,3.725290298461914e-9,0.016662001609802247,0.9737899303436279,-0.22674256563186646,-0.017920881509780885,0.22744962573051454,0.9707885384559631,0.07639579474925995,0.00007521874067606404,-0.07846955209970474,0.9969165921211243],"EasingStyle":"Linear","EasingDirection":"In"},"Right Leg":{"Weight":1,"CFrame":[0.8463879823684692,-0.03966414928436279,-0.35647088289260867,0.6988301873207092,0.5841107964515686,0.4128570258617401,-0.6586475372314453,0.7505869269371033,0.05294032394886017,-0.27896204590797427,-0.3089236617088318,0.9092559218406677],"EasingStyle":"Linear","EasingDirection":"In"},"Torso":{"Weight":1,"CFrame":[0.1042165607213974,-0.03795667737722397,-0.47321510314941409,0.9436098337173462,0.3301178514957428,0.024953944608569146,-0.32895955443382265,0.9434332847595215,-0.04146409034729004,-0.03723042085766792,0.030917085707187654,0.9988283514976502],"EasingStyle":"Linear","EasingDirection":"In"},"HumanoidRootPart":{"Weight":1,"CFrame":[0,0,0,1,0,0,0,1,0,0,0,1],"EasingStyle":"Linear","EasingDirection":"In"},"Left Arm":{"Weight":1,"CFrame":[-0.6093770265579224,0.26656365394592287,0.1358863115310669,-0.4695926308631897,0.7191457748413086,0.5121641159057617,-0.7504640221595764,-0.6307080984115601,0.1975124180316925,0.46506625413894656,-0.291610449552536,0.8358689546585083],"EasingStyle":"Linear","EasingDirection":"In"}}},{"Time":0.517241358757019,"poses":{"Left Leg":{"Weight":1,"CFrame":[0.12191719561815262,0.5322299003601074,0.4078911542892456,0.6330809593200684,0.055949095636606219,0.7720609903335571,0.06203467771410942,0.9905096888542175,-0.12264714390039444,-0.77159583568573,0.12554016709327699,0.6236020922660828],"EasingStyle":"Linear","EasingDirection":"In"},"Right Arm":{"Weight":1,"CFrame":[-0.30663591623306277,-0.3451179265975952,0.4211282730102539,0.9446229934692383,0.06627669185400009,-0.3213951885700226,0.28318697214126589,0.3302229344844818,0.9004209637641907,0.16580885648727418,-0.9415732026100159,0.29316753149032595],"EasingStyle":"Linear","EasingDirection":"In"},"Head":{"Weight":1,"CFrame":[7.264316082000733e-8,-7.450580596923828e-9,0.016662120819091798,0.9708717465400696,-0.23889611661434174,-0.01835050992667675,0.23958823084831239,0.9672185778617859,0.08417782187461853,-0.0023608244955539705,-0.08612250536680222,0.9962817430496216],"EasingStyle":"Linear","EasingDirection":"In"},"Right Leg":{"Weight":1,"CFrame":[0.9177099466323853,-0.023366332054138185,-0.3961445689201355,0.6557672619819641,0.6242469549179077,0.4245999753475189,-0.7064139246940613,0.7057843208312988,0.05336629971861839,-0.26636219024658205,-0.33493921160697939,0.9038069844245911],"EasingStyle":"Linear","EasingDirection":"In"},"Torso":{"Weight":1,"CFrame":[0.10702072083950043,-0.034749649465084079,-0.5744202136993408,0.9392797350883484,0.34203583002090456,0.027661697939038278,-0.3409785330295563,0.9393511414527893,-0.03678460791707039,-0.038565702736377719,0.025118989869952203,0.9989402890205383],"EasingStyle":"Linear","EasingDirection":"In"},"HumanoidRootPart":{"Weight":1,"CFrame":[0,0,0,1,0,0,0,1,0,0,0,1],"EasingStyle":"Linear","EasingDirection":"In"},"Left Arm":{"Weight":1,"CFrame":[-0.6116165518760681,0.2615552544593811,0.13679170608520509,-0.4529774785041809,0.7199225425720215,0.5258542895317078,-0.7384592294692993,-0.6334542036056519,0.23111456632614137,0.4994891583919525,-0.2836323380470276,0.8185739517211914],"EasingStyle":"Linear","EasingDirection":"In"}}},{"Time":0.5517241358757019,"poses":{"Left Leg":{"Weight":1,"CFrame":[0.12982207536697389,0.604686439037323,0.442577600479126,0.6122015714645386,0.061657052487134936,0.7882941365242004,0.07718683779239655,0.9875335693359375,-0.1371852159500122,-0.7869252562522888,0.14483100175857545,0.5998104810714722],"EasingStyle":"Linear","EasingDirection":"In"},"Right Arm":{"Weight":1,"CFrame":[-0.3032665252685547,-0.4272589087486267,0.41762006282806399,0.8986371755599976,0.1202145591378212,-0.42190021276474,0.3582623600959778,0.35392454266548159,0.8639360666275024,0.2531784772872925,-0.927515983581543,0.27498146891593935],"EasingStyle":"Linear","EasingDirection":"In"},"Head":{"Weight":1,"CFrame":[9.778887033462525e-8,-3.725290298461914e-9,0.016661643981933595,0.9746142029762268,-0.22283053398132325,-0.021766290068626405,0.22382348775863648,0.9720933437347412,0.07026832550764084,0.005500908009707928,-0.07335633039474487,0.9972906708717346],"EasingStyle":"Linear","EasingDirection":"In"},"Right Leg":{"Weight":1,"CFrame":[0.9816457033157349,-0.01816868782043457,-0.397561252117157,0.630355715751648,0.6542258858680725,0.4178997576236725,-0.7332040071487427,0.6786105036735535,0.043586451560258868,-0.25507569313049319,-0.3338806629180908,0.907447099685669],"EasingStyle":"Linear","EasingDirection":"In"},"Torso":{"Weight":1,"CFrame":[0.11157391220331192,-0.0444745197892189,-0.6498665809631348,0.9381438493728638,0.3447180688381195,0.032490555197000507,-0.3429819643497467,0.9380539655685425,-0.04917525127530098,-0.047429490834474567,0.03498978167772293,0.998261570930481],"EasingStyle":"Linear","EasingDirection":"In"},"HumanoidRootPart":{"Weight":1,"CFrame":[0,0,0,1,0,0,0,1,0,0,0,1],"EasingStyle":"Linear","EasingDirection":"In"},"Left Arm":{"Weight":1,"CFrame":[-0.616741418838501,0.24854016304016114,0.13766467571258546,-0.42810481786727908,0.7220310568809509,0.5435046553611755,-0.7263866066932678,-0.632716178894043,0.26838985085487368,0.5376698970794678,-0.2798955738544464,0.7953424453735352],"EasingStyle":"Linear","EasingDirection":"In"}}},{"Time":0.5862069129943848,"poses":{"Left Leg":{"Weight":1,"CFrame":[0.11060972511768341,0.6479250192642212,0.47066736221313479,0.6073248386383057,0.09339719265699387,0.7889446020126343,0.06454837322235108,0.9839813709259033,-0.16617512702941895,-0.7918271422386169,0.15184739232063294,0.5915676355361939],"EasingStyle":"Linear","EasingDirection":"In"},"Right Arm":{"Weight":1,"CFrame":[-0.2951602339744568,-0.5103859901428223,0.4105856418609619,0.8460824489593506,0.13547669351100923,-0.5155489444732666,0.43421894311904909,0.385826975107193,0.8139972686767578,0.3091902732849121,-0.9125698208808899,0.2676149904727936],"EasingStyle":"Linear","EasingDirection":"In"},"Head":{"Weight":1,"CFrame":[1.1734664440155029e-7,-2.60770320892334e-8,0.016661882400512697,0.9867579340934753,-0.1591847836971283,-0.031129103153944017,0.16076216101646424,0.9853275418281555,0.0573161281645298,0.021548505872488023,-0.061561573296785358,0.997870683670044],"EasingStyle":"Linear","EasingDirection":"In"},"Right Leg":{"Weight":1,"CFrame":[1.0281553268432618,-0.014133214950561524,-0.3322960138320923,0.6481000781059265,0.6628790497779846,0.37491026520729067,-0.7214306592941284,0.6920899748802185,0.023438328877091409,-0.24393482506275178,-0.28566214442253115,0.9267647862434387],"EasingStyle":"Linear","EasingDirection":"In"},"Torso":{"Weight":1,"CFrame":[0.1163291335105896,-0.08490736782550812,-0.6797902584075928,0.9440997838973999,0.327512264251709,0.03756900131702423,-0.3225681483745575,0.9412825703620911,-0.09968450665473938,-0.06801093369722367,0.08199356496334076,0.9943096041679382],"EasingStyle":"Linear","EasingDirection":"In"},"HumanoidRootPart":{"Weight":1,"CFrame":[0,0,0,1,0,0,0,1,0,0,0,1],"EasingStyle":"Linear","EasingDirection":"In"},"Left Arm":{"Weight":1,"CFrame":[-0.625934362411499,0.22365009784698487,0.13796889781951905,-0.39794492721557619,0.7250235676765442,0.5621215105056763,-0.7222101092338562,-0.6254240870475769,0.29539400339126589,0.5657318234443665,-0.2884194254875183,0.772503674030304],"EasingStyle":"Linear","EasingDirection":"In"}}},{"Time":0.6206896305084229,"poses":{"Left Leg":{"Weight":1,"CFrame":[0.07291349768638611,0.6618659496307373,0.49302685260772707,0.636614978313446,0.17141515016555787,0.7518897652626038,0.008315405808389187,0.9734013676643372,-0.2289556860923767,-0.7711369395256043,0.15200892090797425,0.6182565093040466],"EasingStyle":"Linear","EasingDirection":"In"},"Right Arm":{"Weight":1,"CFrame":[-0.2765637934207916,-0.575120747089386,0.4065943956375122,0.8108816146850586,0.10759801417589188,-0.5752336978912354,0.4934450089931488,0.40273457765579226,0.7709195613861084,0.3146156966686249,-0.9089706540107727,0.2734764516353607],"EasingStyle":"Linear","EasingDirection":"In"},"Head":{"Weight":1,"CFrame":[1.2293457984924317e-7,-1.1175870895385743e-8,0.0166623592376709,0.9975188374519348,-0.047042228281497958,-0.052375804632902148,0.05063526704907417,0.9962940216064453,0.0695304423570633,0.048910826444625857,-0.07200995832681656,0.9962039589881897],"EasingStyle":"Linear","EasingDirection":"In"},"Right Leg":{"Weight":1,"CFrame":[1.0379282236099244,0.00296783447265625,-0.20262932777404786,0.7116511464118958,0.6433632373809815,0.2821992337703705,-0.6707425117492676,0.7416900396347046,0.0005618318100459874,-0.20894286036491395,-0.18968290090560914,0.9593556523323059],"EasingStyle":"Linear","EasingDirection":"In"},"Torso":{"Weight":1,"CFrame":[0.12087786197662354,-0.1582912802696228,-0.6808342933654785,0.9609067440032959,0.273605078458786,0.04240928962826729,-0.261048823595047,0.9463390111923218,-0.19051507115364076,-0.09225945919752121,0.1719963252544403,0.9807677865028381],"EasingStyle":"Linear","EasingDirection":"In"},"HumanoidRootPart":{"Weight":1,"CFrame":[0,0,0,1,0,0,0,1,0,0,0,1],"EasingStyle":"Linear","EasingDirection":"In"},"Left Arm":{"Weight":1,"CFrame":[-0.6380523443222046,0.17997682094573975,0.13748204708099366,-0.31514012813568118,0.7602189779281616,0.568114161491394,-0.771253228187561,-0.553982138633728,0.3134843707084656,0.5530416965484619,-0.3393685817718506,0.7609032988548279],"EasingStyle":"Linear","EasingDirection":"In"}}},{"Time":0.6551724076271057,"poses":{"Left Leg":{"Weight":1,"CFrame":[0.033912062644958499,0.6643707752227783,0.5128110647201538,0.6757863163948059,0.26027441024780276,0.6896160244941711,-0.06226467341184616,0.9523962140083313,-0.2984367907047272,-0.734463095664978,0.1587407886981964,0.6598222255706787],"EasingStyle":"Linear","EasingDirection":"In"},"Right Arm":{"Weight":1,"CFrame":[-0.2517656087875366,-0.6016561985015869,0.4063619375228882,0.7921257019042969,0.058649808168411258,-0.6075336933135986,0.5412967801094055,0.3924131989479065,0.7436462044715881,0.28201884031295779,-0.9179173111915588,0.2790936827659607],"EasingStyle":"Linear","EasingDirection":"In"},"Head":{"Weight":1,"CFrame":[1.1175870895385742e-7,6.705522537231445e-8,0.016662120819091798,0.9945515394210