{"Sequence":[{"Time":0,"poses":{"Left Leg":{"Weight":1,"CFrame":[-0.5542471408843994,-0.25319650769233706,0.09542953968048096,0.2913666367530823,-0.9450768828392029,0.148105189204216,0.9559698700904846,0.29332977533340456,-0.008903206326067448,-0.03502945974469185,0.14417818188667298,0.9889315366744995],"EasingStyle":"Constant","EasingDirection":"In"},"Right Arm":{"Weight":1,"CFrame":[0.372947096824646,-0.25571760535240176,0.016593217849731447,0.08603761345148087,-0.6725304126739502,0.7350513935089111,0.9855099320411682,-0.05079919844865799,-0.16183216869831086,0.1461770236492157,0.738323986530304,0.6584146022796631],"EasingStyle":"Constant","EasingDirection":"In"},"Head":{"Weight":1,"CFrame":[-1.862645149230957e-8,1.862645149230957e-8,-0.012596607208251953,0.9926847815513611,0.08590726554393769,-0.08483434468507767,-0.0814983919262886,0.9952020049095154,0.05413798987865448,0.08907808363437653,-0.04682797193527222,0.9949232339859009],"EasingStyle":"Constant","EasingDirection":"In"},"Left Arm":{"Weight":1,"CFrame":[0.12821847200393678,-0.4122242331504822,0.10752981901168823,0.7398062348365784,-0.49685537815093996,0.4536755084991455,0.35050296783447268,0.8601711392402649,0.37047716975212099,-0.574312150478363,-0.11506691575050354,0.810509204864502],"EasingStyle":"Constant","EasingDirection":"In"},"Torso":{"Weight":1,"CFrame":[0.3036288022994995,0.022856533527374269,0.6864463686943054,0.712395191192627,0.7008984088897705,0.03513507544994354,-0.6974511742591858,0.7015631794929504,0.14618796110153199,0.07781343162059784,-0.12864860892295838,0.9886326789855957],"EasingStyle":"Constant","EasingDirection":"In"},"HumanoidRootPart":{"Weight":0,"CFrame":[0,0,0,1,0,0,0,1,0,0,0,1],"EasingStyle":"Linear","EasingDirection":"In"},"Right Leg":{"Weight":1,"CFrame":[0.8943904638290405,0.1282867193222046,-0.13613292574882508,0.8613051772117615,0.4947812557220459,0.11551982164382935,-0.5080578923225403,0.8411707878112793,0.18522661924362184,-0.005525178741663694,-0.21822737157344819,0.9758822917938232],"EasingStyle":"Constant","EasingDirection":"In"}}},{"Time":0.03333333507180214,"poses":{"Left Leg":{"Weight":1,"CFrame":[-0.483669638633728,-0.3343905210494995,0.14409834146499635,0.2225550413131714,-0.953551173210144,0.203001007437706,0.9697607755661011,0.23791846632957459,0.05439499393105507,-0.10016612708568573,0.18475648760795594,0.9776664972305298],"EasingStyle":"Constant","EasingDirection":"In"},"Right Arm":{"Weight":1,"CFrame":[0.3731750249862671,-0.2561918795108795,0.01685958355665207,0.07880854606628418,-0.6641963720321655,0.7433925867080689,0.9845198392868042,-0.06525404751300812,-0.1626732498407364,0.15655632317066194,0.7447047233581543,0.6487718224525452],"EasingStyle":"Constant","EasingDirection":"In"},"Head":{"Weight":1,"CFrame":[5.21540641784668e-8,6.146728992462158e-8,-0.012597352266311646,0.9961770176887512,0.014265897683799267,-0.08618513494729996,-0.01007587369531393,0.9987549781799316,0.048856351524591449,0.08677470684051514,-0.04780120030045509,0.9950804710388184],"EasingStyle":"Constant","EasingDirection":"In"},"Left Arm":{"Weight":1,"CFrame":[0.12833380699157716,-0.40278130769729617,0.10689064860343933,0.7482445240020752,-0.48608383536338808,0.4515005350112915,0.34532251954078677,0.8664624691009522,0.3605482280254364,-0.5664648413658142,-0.11386526376008988,0.816181480884552],"EasingStyle":"Constant","EasingDirection":"In"},"Torso":{"Weight":1,"CFrame":[0.2952795624732971,0.017590291798114778,0.6791271567344666,0.6653205156326294,0.7456680536270142,0.03643852844834328,-0.7425445318222046,0.6559011340141296,0.13572530448436738,0.07730595767498017,-0.11735807359218598,0.9900761842727661],"EasingStyle":"Constant","EasingDirection":"In"},"HumanoidRootPart":{"Weight":0,"CFrame":[0,0,0,1,0,0,0,1,0,0,0,1],"EasingStyle":"Linear","EasingDirection":"In"},"Right Leg":{"Weight":1,"CFrame":[0.9016627669334412,0.14294064044952393,-0.19188575446605683,0.8747747540473938,0.4511164128780365,0.17681385576725007,-0.4789673089981079,0.8602359294891357,0.17488417029380799,-0.07320836186408997,-0.23767228424549104,0.9685826897621155],"EasingStyle":"Constant","EasingDirection":"In"}}},{"Time":0.06666667014360428,"poses":{"Left Leg":{"Weight":1,"CFrame":[-0.41992858052253725,-0.36304402351379397,0.18919479846954347,0.18267801403999329,-0.9526339769363403,0.2431403547525406,0.967091977596283,0.21865366399288178,0.13009101152420045,-0.17709265649318696,0.21137429773807527,0.9612278938293457],"EasingStyle":"Constant","EasingDirection":"In"},"Right Arm":{"Weight":1,"CFrame":[0.37382304668426516,-0.2574741542339325,0.017536036670207979,0.05982301011681557,-0.6408177614212036,0.7653586268424988,0.9809420704841614,-0.10425350069999695,-0.16396287083625794,0.18486160039901734,0.7605812549591065,0.622368335723877],"EasingStyle":"Constant","EasingDirection":"In"},"Head":{"Weight":1,"CFrame":[7.078051567077637e-8,-5.774199962615967e-8,-0.012597620487213135,0.9952021241188049,-0.05288933217525482,-0.08231322467327118,0.0567854642868042,0.9973384141921997,0.04573266953229904,0.07967541366815567,-0.050187550485134128,0.995556652545929],"EasingStyle":"Constant","EasingDirection":"In"},"Left Arm":{"Weight":1,"CFrame":[0.1286589801311493,-0.3774934411048889,0.1051989495754242,0.7703135013580322,-0.4568398594856262,0.44487571716308596,0.3307020962238312,0.8827168345451355,0.3338368833065033,-0.5452093482017517,-0.1100379228591919,0.8310466408729553],"EasingStyle":"Constant","EasingDirection":"In"},"Torso":{"Weight":1,"CFrame":[0.2650277316570282,0.006404407322406769,0.6222553253173828,0.6265608668327332,0.7787810564041138,0.03035689704120159,-0.7764174342155457,0.6203229427337647,0.11124458909034729,0.06780409812927246,-0.09327112138271332,0.9933292865753174],"EasingStyle":"Constant","EasingDirection":"In"},"HumanoidRootPart":{"Weight":0,"CFrame":[0,0,0,1,0,0,0,1,0,0,0,1],"EasingStyle":"Linear","EasingDirection":"In"},"Right Leg":{"Weight":1,"CFrame":[0.8794203996658325,0.15262019634246827,-0.22309401631355287,0.8931435942649841,0.39194369316101076,0.22062307596206666,-0.42869833111763,0.8902316689491272,0.153965562582016,-0.13605980575084687,-0.23209410905838014,0.9631303548812866],"EasingStyle":"Constant","EasingDirection":"In"}}},{"Time":0.10000000149011612,"poses":{"Left Leg":{"Weight":1,"CFrame":[-0.3670237362384796,-0.35056746006011965,0.22737160325050355,0.16700716316699983,-0.9473065733909607,0.2733474671840668,0.9505016803741455,0.2283683866262436,0.21069979667663575,-0.2620212435722351,0.22462882101535798,0.9385556578636169],"EasingStyle":"Constant","EasingDirection":"In"},"Right Arm":{"Weight":1,"CFrame":[0.3748544454574585,-0.25935930013656618,0.01841375231742859,0.033540546894073489,-0.6043444871902466,0.7960168123245239,0.9733338952064514,-0.16108988225460053,-0.16331304609775544,0.22692759335041047,0.7802677750587463,0.5828258991241455],"EasingStyle":"Constant","EasingDirection":"In"},"Head":{"Weight":1,"CFrame":[8.568167686462403e-8,2.60770320892334e-8,-0.012597441673278809,0.9907332062721252,-0.11423192918300629,-0.07347677648067475,0.11775530874729157,0.9919977188110352,0.045542847365140918,0.06768634915351868,-0.05377306416630745,0.9962564706802368],"EasingStyle":"Constant","EasingDirection":"In"},"Left Arm":{"Weight":1,"CFrame":[0.12917011976242066,-0.3409355878829956,0.10280662775039673,0.8007522225379944,-0.41364163160324099,0.4332394301891327,0.3076750636100769,0.9046023488044739,0.2950095534324646,-0.5139377117156982,-0.10293273627758026,0.8516295552253723],"EasingStyle":"Constant","EasingDirection":"In"},"Torso":{"Weight":1,"CFrame":[0.21845519542694093,-0.00868227332830429,0.46352556347846987,0.5962761044502258,0.802573561668396,0.018178513273596765,-0.8011495471000671,0.5934706330299377,0.07714920490980149,0.051129505038261417,-0.06056593358516693,0.9968538284301758],"EasingStyle":"Constant","EasingDirection":"In"},"HumanoidRootPart":{"Weight":0,"CFrame":[0,0,0,1,0,0,0,1,0,0,0,1],"EasingStyle":"Linear","EasingDirection":"In"},"Right Leg":{"Weight":1,"CFrame":[0.8340290784835815,0.1545678973197937,-0.2322199046611786,0.9130146503448486,0.3214418590068817,0.25115615129470827,-0.3601849377155304,0.9242737889289856,0.1264306753873825,-0.19149692356586457,-0.20589572191238404,0.9596540331840515],"EasingStyle":"Constant","EasingDirection":"In"}}},{"Time":0.13333334028720857,"poses":{"Left Leg":{"Weight":1,"CFrame":[-0.32493728399276736,-0.3099849224090576,0.25505369901657107,0.17051924765110017,-0.9393816590309143,0.2974647283554077,0.921914279460907,0.25866803526878359,0.28838327527046206,-0.3478466272354126,0.22506201267242433,0.9101372361183167],"EasingStyle":"Constant","EasingDirection":"In"},"Right Arm":{"Weight":1,"CFrame":[0.3762139678001404,-0.26161688566207888,0.019285783171653749,0.004508020356297493,-0.5573365092277527,0.8302745223045349,0.9605422019958496,-0.2284887284040451,-0.15859240293502809,0.27809765934944155,0.7982286214828491,0.5343151688575745],"EasingStyle":"Constant","EasingDirection":"In"},"Head":{"Weight":1,"CFrame":[6.705522537231445e-8,1.1175870895385743e-8,-0.012597501277923584,0.9838494658470154,-0.16842055320739747,-0.060620199888944629,0.17142848670482636,0.9840078949928284,0.04838022589683533,0.05150250717997551,-0.057990845292806628,0.9969877600669861],"EasingStyle":"Constant","EasingDirection":"In"},"Left Arm":{"Weight":1,"CFrame":[0.1298288106918335,-0.2976836562156677,0.10005843639373779,0.8343011736869812,-0.3613762855529785,0.4163517951965332,0.27764421701431277,0.927856981754303,0.24898797273635865,-0.4762932360172272,-0.09213361144065857,0.8744462132453919],"EasingStyle":"Constant","EasingDirection":"In"},"Torso":{"Weight":1,"CFrame":[0.16165924072265626,-0.02591536194086075,0.19610188901424409,0.5741131901741028,0.8187738656997681,0.0018179864855483175,-0.8182379007339478,0.5736541152000427,0.03752085193991661,0.02967819944024086,-0.023028763011097909,0.9992941617965698],"EasingStyle":"Constant","EasingDirection":"In"},"HumanoidRootPart":{"Weight":0,"CFrame":[0,0,0,1,0,0,0,1,0,0,0,1],"EasingStyle":"Linear","EasingDirection":"In"},"Right Leg":{"Weight":1,"CFrame":[0.769787609577179,0.14652162790298463,-0.22373414039611817,0.9312822222709656,0.24231712520122529,0.2720218300819397,-0.27676430344581606,0.9561528563499451,0.09577693045139313,-0.2368858903646469,-0.1644812971353531,0.9575128555297852],"EasingStyle":"Constant","EasingDirection":"In"}}},{"Time":0.1666666716337204,"poses":{"Left Leg":{"Weight":1,"CFrame":[-0.29171672463417055,-0.2544149160385132,0.27040982246398928,0.18781253695487977,-0.9293555021286011,0.3178440034389496,0.88455730676651,0.30070453882217409,0.356560081243515,-0.42694830894470217,0.21418489515781403,0.8785443305969238],"EasingStyle":"Constant","EasingDirection":"In"},"Right Arm":{"Weight":1,"CFrame":[0.37779122591018679,-0.26399528980255129,0.019989460706710817,-0.023288758471608163,-0.5039522051811218,0.8634175658226013,0.9426634311676025,-0.29868414998054507,-0.14890721440315247,0.3329313397407532,0.8104442954063416,0.4820132851600647],"EasingStyle":"Constant","EasingDirection":"In"},"Head":{"Weight":1,"CFrame":[3.725290298461914e-8,9.313225746154785e-9,-0.012597143650054932,0.9757335782051086,-0.21423055231571198,-0.045269325375556949,0.21651656925678254,0.9748015999794006,0.05368765816092491,0.03262704238295555,-0.062186356633901599,0.9975311160087586],"EasingStyle":"Constant","EasingDirection":"In"},"Left Arm":{"Weight":1,"CFrame":[0.130569726228714,-0.2522875964641571,0.09726855158805847,0.8663512468338013,-0.3055444359779358,0.39506715536117556,0.24305671453475953,0.9489733576774597,0.20093011856079102,-0.43630144000053408,-0.07805265486240387,0.8964089751243591],"EasingStyle":"Constant","EasingDirection":"In"},"Torso":{"Weight":1,"CFrame":[0.10101310908794403,-0.04363982379436493,0.041976217180490497,0.5592877268791199,0.8288099765777588,-0.01647438108921051,-0.8289507031440735,0.5593094825744629,-0.0036793493200093509,0.006164797581732273,0.015714267268776895,0.9998575448989868],"EasingStyle":"Constant","EasingDirection":"In"},"HumanoidRootPart":{"Weight":0,"CFrame":[0,0,0,1,0,0,0,1,0,0,0,1],"EasingStyle":"Linear","EasingDirection":"In"},"Right Leg":{"Weight":1,"CFrame":[0.6900091767311096,0.12729936838150025,-0.2026064693927765,0.9452416300773621,0.15727534890174867,0.2859767973423004,-0.18291838467121125,0.9809697270393372,0.06510914117097855,-0.27029457688331606,-0.113854318857193,0.9560220241546631],"EasingStyle":"Constant","EasingDirection":"In"}}},{"Time":0.20000000298023225,"poses":{"Left Leg":{"Weight":1,"CFrame":[-0.2654609978199005,-0.1958460807800293,0.2744845747947693,0.21288134157657624,-0.9177654981613159,0.33524322509765627,0.8434807062149048,0.34579989314079287,0.4110506474971771,-0.4931752681732178,0.1952662318944931,0.84773188829422],"EasingStyle":"Constant","EasingDirection":"In"},"Right Arm":{"Weight":1,"CFrame":[0.37941062450408938,-0.26623764634132388,0.020439237356185914,-0.04705706238746643,-0.45012664794921877,0.8917241096496582,0.9215172529220581,-0.3640632629394531,-0.13514341413974763,0.3854757249355316,0.8153796195983887,0.43193095922470095],"EasingStyle":"Constant","EasingDirection":"In"},"Head":{"Weight":1,"CFrame":[6.51925802230835e-8,-1.4901161193847657e-8,-0.012597352266311646,0.9676215052604675,-0.25068870186805727,-0.029390593990683557,0.25205743312835696,0.9658283591270447,0.060354527086019519,0.013256032951176167,-0.06580846756696701,0.9977442026138306],"EasingStyle":"Constant","EasingDirection":"In"},"Left Arm":{"Weight":1,"CFrame":[0.13130521774291993,-0.2092568278312683,0.09471109509468079,0.8934912085533142,-0.2520887553691864,0.37165141105651858,0.20759402215480805,0.9657037854194641,0.15595118701457978,-0.3982188105583191,-0.06218874081969261,0.9151800274848938],"EasingStyle":"Constant","EasingDirection":"In"},"Torso":{"Weight":1,"CFrame":[0.042972397059202197,-0.060222264379262927,0.040863752365112308,0.5506307482719421,0.834041953086853,-0.03434816747903824,-0.8345839381217957,0.5492376089096069,-0.04251665249466896,-0.016595367342233659,0.05207740515470505,0.998505175113678],"EasingStyle":"Constant","EasingDirection":"In"},"HumanoidRootPart":{"Weight":0,"CFrame":[0,0,0,1,0,0,0,1,0,0,0,1],"EasingStyle":"Linear","EasingDirection":"In"},"Right Leg":{"Weight":1,"CFrame":[0.5982211828231812,0.09746122360229492,-0.1735844612121582,0.9529446363449097,0.07002223283052445,0.2949463725090027,-0.0846661850810051,0.9957162737846375,0.037158913910388949,-0.291081041097641,-0.06038239598274231,0.9547910094261169],"EasingStyle":"Constant","EasingDirection":"In"}}},{"Time":0.23333333432674409,"poses":{"Left Leg":{"Weight":1,"CFrame":[-0.24557548761367799,-0.14443403482437135,0.27105337381362917,0.23915539681911469,-0.9060401320457459,0.34913620352745058,0.8052366971969605,0.3859953284263611,0.45011258125305178,-0.5425850749015808,0.17349034547805787,0.8218896389007568],"EasingStyle":"Constant","EasingDirection":"In"},"Right Arm":{"Weight":1,"CFrame":[0.380848228931427,-0.268107533454895,0.020637616515159608,-0.0655117854475975,-0.40302982926368716,0.9128391146659851,0.9005216360092163,-0.4179520905017853,-0.11990319937467575,0.4298475980758667,0.8141762614250183,0.3903177082538605],"EasingStyle":"Constant","EasingDirection":"In"},"Head":{"Weight":1,"CFrame":[9.080395102500916e-8,4.0978193283081057e-8,-0.012596666812896729,0.9607114195823669,-0.2771317660808563,-0.015217281877994538,0.27752095460891726,0.9583868980407715,0.06690800189971924,-0.003958254121243954,-0.06850235164165497,0.9976431131362915],"EasingStyle":"Constant","EasingDirection":"In"},"Left Arm":{"Weight":1,"CFrame":[0.13193842768669129,-0.1730516254901886,0.09262222051620484,0.9137347340583801,-0.20699718594551087,0.3496297299861908,0.17592626810073853,0.9772106409072876,0.11878246814012528,-0.36624956130981448,-0.04702673852443695,0.9293276071548462],"EasingStyle":"Constant","EasingDirection":"In"},"Torso":{"Weight":1,"CFrame":[-0.006076697260141373,-0.07403922080993653,0.038759708404541019,0.5466602444648743,0.8358879089355469,-0.04953745752573013,-0.8365859985351563,0.5426680445671082,-0.0750684142112732,-0.0358663909137249,0.08247926086187363,0.9959471821784973],"EasingStyle":"Constant","EasingDirection":"In"},"HumanoidRootPart":{"Weight":0,"CFrame":[0,0,0,1,0,0,0,1,0,0,0,1],"EasingStyle":"Linear","EasingDirection":"In"},"Right Leg":{"Weight":1,"CFrame":[0.5008810758590698,0.06058615446090698,-0.1414678692817688,0.953785240650177,-0.013277992606163025,0.30019575357437136,0.009404824115335942,0.9998528957366943,0.014343242160975933,-0.30034199357032778,-0.010857081040740013,0.9537697434425354],"EasingStyle":"Constant","EasingDirection":"In"}}},{"Time":0.2666666805744171,"poses":{"Left Leg":{"Weight":1,"CFrame":[-0.23274168372154237,-0.10839194059371948,0.2653188705444336,0.2599180340766907,-0.8967094421386719,0.35826653242111208,0.777151346206665,0.4144648611545563,0.47355517745018008,-0.5731303691864014,0.15534178912639619,0.8046058416366577],"EasingStyle":"Constant","EasingDirection":"In"},"Right Arm":{"Weight":1,"CFrame":[0.38186049461364748,-0.26940736174583437,0.02065175771713257,-0.07864055037498474,-0.37023043632507326,0.925605297088623,0.8840733766555786,-0.4549653232097626,-0.10686832666397095,0.46068423986434939,0.8098987340927124,0.3630894422531128],"EasingStyle":"Constant","EasingDirection":"In"},"Head":{"Weight":1,"CFrame":[1.1106021702289581e-7,-7.82310962677002e-8,-0.012597233057022095,0.956056535243988,-0.2931385040283203,-0.005068113561719656,0.2927339971065521,0.9534963369369507,0.07177436351776123,-0.01620740070939064,-0.07010404765605927,0.9974080324172974],"EasingStyle":"Constant","EasingDirection":"In"},"Left Arm":{"Weight":1,"CFrame":[0.13237816095352174,-0.1480940878391266,0.09121465682983399,0.9262582659721375,-0.17598024010658265,0.3332816958427429,0.1532154679298401,0.9837477207183838,0.09362383186817169,-0.34434089064598086,-0.035656124353408816,0.9381673336029053],"EasingStyle":"Constant","EasingDirection":"In"},"Torso":{"Weight":1,"CFrame":[-0.03990776091814041,-0.08348257839679718,0.03669213876128197,0.5456895232200623,0.835838794708252,-0.05997037515044212,-0.8365476131439209,0.539161741733551,-0.09743071347475052,-0.049102649092674258,0.10333499312400818,0.9934338331222534],"EasingStyle":"Constant","EasingDirection":"In"},"HumanoidRootPart":{"Weight":0,"CFrame":[0,0,0,1,0,0,0,1,0,0,0,1],"EasingStyle":"Linear","EasingDirection":"In"},"Right Leg":{"Weight":1,"CFrame":[0.41286545991897585,0.025152921676635743,-0.11255866289138794,0.9496429562568665,-0.08135871589183808,0.3025873303413391,0.08570567518472672,0.9963198900222778,-0.001092413323931396,-0.3013847768306732,0.02697088196873665,0.9531210064888],"EasingStyle":"Constant","EasingDirection":"In"}}},{"Time":0.30000001192092898,"poses":{"Left Leg":{"Weight":1,"CFrame":[-0.2285025715827942,-0.09489238262176514,0.2624957859516144,0.26841482520103457,-0.8929888010025024,0.3612818121910095,0.76644366979599,0.4251634478569031,0.48145613074302676,-0.583538830280304,0.14767228066921235,0.7985458374023438],"EasingStyle":"Constant","EasingDirection":"In"},"Right Arm":{"Weight":1,"CFrame":[0.3822108507156372,-0.26996397972106936,0.020566627383232118,-0.08687947690486908,-0.35900238156318667,0.9292842745780945,0.876702070236206,-0.4705619812011719,-0.09982460737228394,0.47312310338020327,0.8060327172279358,0.35562023520469668],"EasingStyle":"Constant","EasingDirection":"In"},"Head":{"Weight":1,"CFrame":[9.738141670823097e-8,-3.725290298461914e-8,-0.012597143650054932,0.9544616937637329,-0.29833120107650759,-0.0011787089752033353,0.29760608077049258,0.9518510103225708,0.07355460524559021,-0.020821744576096536,-0.07055584341287613,0.9972904920578003],"EasingStyle":"Constant","EasingDirection":"In"},"Left Arm":{"Weight":1,"CFrame":[0.13254192471504212,-0.1387920081615448,0.09069651365280152,0.9306210875511169,-0.16445206105709077,0.3269554674625397,0.14458125829696656,0.9858904480934143,0.08435796201229096,-0.33621522784233096,-0.031233813613653184,0.9412671327590942],"EasingStyle":"Constant","EasingDirection":"In"},"Torso":{"Weight":1,"CFrame":[-0.052461594343185428,-0.08693961054086685,0.03580164909362793,0.5459709763526917,0.8353729844093323,-0.06377848982810974,-0.8360646963119507,0.5383535623550415,-0.10569389909505844,-0.053958456963300708,0.1110287457704544,0.9923512935638428],"EasingStyle":"Constant","EasingDirection":"In"},"HumanoidRootPart":{"Weight":0,"CFrame":[0,0,0,1,0,0,0,1,0,0,0,1],"EasingStyle":"Linear","EasingDirection":"In"},"Right Leg":{"Weight":1,"CFrame":[0.37177807092666628,0.008512318134307862,-0.09916853904724121,0.9465585947036743,-0.11078488826751709,0.30290865898132326,0.118399977684021,0.9929424524307251,-0.00683233980089426,-0.30001387000083926,0.04233156144618988,0.9529951214790344],"EasingStyle":"Constant","EasingDirection":"In"}}},{"Time":0.3333333432674408,"poses":{"Left Leg":{"Weight":1,"CFrame":[-0.6478281021118164,-0.2017749547958374,0.13967157900333405,0.36221516132354739,-0.9320945143699646,0.00021951647067908198,0.8342840075492859,0.32431063055992129,0.44586166739463808,-0.41565653681755068,-0.16131466627120973,0.8951018452644348],"EasingStyle":"Constant","EasingDirection":"In"},"Right Arm":{"Weight":1,"CFrame":[0.3787749409675598,-0.27016445994377139,0.01763071119785309,-0.15997061133384705,-0.47378119826316836,0.8659913539886475,0.8735237717628479,-0.4765353202819824,-0.09934895485639572,0.4597451984882355,0.7405710220336914,0.49009060859680178],"EasingStyle":"Constant","EasingDirection":"In"},"Head":{"Weight":1,"CFrame":[1.043081283569336e-7,-1.30385160446167e-8,-0.012597203254699707,0.9954002499580383,0.09325749427080155,-0.021939963102340699,-0.09236562997102738,0.9949744939804077,0.03865733742713928,0.0254348237067461,-0.03645303472876549,0.9990116357803345],"EasingStyle":"Constant","EasingDirection":"In"},"Left Arm":{"Weight":1,"CFrame":[0.1301320195198059,-0.1402866542339325,0.08742010593414307,0.917469322681427,-0.2387923151254654,0.31816381216049197,0.17860279977321626,0.9619165658950806,0.20692379772663117,-0.3554590046405792,-0.1330214887857437,0.9251779913902283],"EasingStyle":"Constant","EasingDirection":"In"},"Torso":{"Weight":1,"CFrame":[-0.006845313124358654,-0.015595183707773686,0.1292119026184082,0.8097401261329651,0.5867297053337097,-0.008322028443217278,-0.5867722630500794,0.8095299601554871,-0.01895928755402565,-0.004387046210467815,0.020235231146216394,0.9997856020927429],"EasingStyle":"Constant","EasingDirection":"In"},"HumanoidRootPart":{"Weight":0,"CFrame":[0,0,0,1,0,0,0,1,0,0,0,1],"EasingStyle":"Linear","EasingDirection":"In"},"Right Leg":{"Weight":1,"CFrame":[0.33470678329467776,-0.02008765935897827,0.015389978885650635,0.985743522644043,0.15701116621494294,-0.06047438085079193,-0.15760959684848786,0.9874876737594605,-0.005225106608122587,0.05889732390642166,0.014681920409202576,0.9981560707092285],"EasingStyle":"Constant","EasingDirection":"In"}}},{"Time":0.36666667461395266,"poses":{"Left Leg":{"Weight":1,"CFrame":[-0.24589502811431886,-0.18700528144836427,0.10157942771911621,0.18626675009727479,-0.9818521738052368,-0.035650834441185,0.9020140171051025,0.15651194751262666,0.40233659744262698,-0.38945528864860537,-0.10709942877292633,0.9147973656654358],"EasingStyle":"Constant","EasingDirection":"In"},"Right Arm":{"Weight":1,"CFrame":[-0.31929898262023928,-0.8800785541534424,-0.023577630519866945,-0.39232367277145388,-0.8948491215705872,-0.2129015177488327,0.915346086025238,-0.4026298224925995,0.0055471546947956089,-0.09068436920642853,-0.1927025318145752,0.977057933807373],"EasingStyle":"Constant","EasingDirection":"In"},"Head":{"Weight":1,"CFrame":[8.940696716308594e-8,0,-0.012597233057022095,0.9898843169212341,0.12520985305309297,0.06671975553035736,-0.14014630019664765,0.936164915561676,0.32241928577423098,-0.022090736776590349,-0.32850828766822817,0.9442427158355713],"EasingStyle":"Constant","EasingDirection":"In"},"Left Arm":{"Weight":1,"CFrame":[-0.27459126710891726,-0.3339124023914337,-0.09124153852462769,-0.9292300939559937,-0.34897467494010928,-0.12144169211387634,0.3551696538925171,-0.9342166185379028,-0.0330728180706501,-0.1019112691283226,-0.07386475801467896,0.9920474290847778],"EasingStyle":"Constant","EasingDirection":"In"},"Torso":{"Weight":1,"CFrame":[-0.29159530997276308,0.1521998643875122,0.6326606273651123,0.8095176815986633,0.5856439471244812,0.04125896096229553,-0.5870950222015381,0.8076059818267822,0.0556056872010231,-0.0007558485958725214,-0.06923671811819077,0.9975999593734741],"EasingStyle":"Constant","EasingDirection":"In"},"HumanoidRootPart":{"Weight":0,"CFrame":[0,0,0,1,0,0,0,1,0,0,0,1],"EasingStyle":"Linear","EasingDirection":"In"},"Right Leg":{"Weight":1,"CFrame":[0.3519846796989441,0.1722823977470398,0.07951882481575012,0.9611144661903381,0.14639729261398316,-0.23415112495422364,-0.12475551664829254,0.9866382479667664,0.10479071736335755,0.24636361002922059,-0.07150425761938095,0.9665361642837524],"EasingStyle":"Constant","EasingDirection":"In"}}},{"Time":0.4000000059604645,"poses":{"Left Leg":{"Weight":1,"CFrame":[-0.2576053738594055,-0.21612536907196046,0.09620863199234009,0.17434464395046235,-0.9832828044891357,-0.05252561345696449,0.9164008498191834,0.14250548183918,0.3740341365337372,-0.3602962791919708,-0.11334528028964997,0.9259263277053833],"EasingStyle":"Constant","EasingDirection":"In"},"Right Arm":{"Weight":1,"CFrame":[-0.31929904222488406,-0.8800780177116394,-0.023577511310577394,-0.392323762178421,-0.8948491215705872,-0.21290148794651032,0.9153460264205933,-0.40262988209724429,0.005547164939343929,-0.09068437665700913,-0.19270244240760804,0.977057933807373],"EasingStyle":"Constant","EasingDirection":"In"},"Head":{"Weight":1,"CFrame":[8.940696716308594e-8,8.940696716308594e-8,-0.012597113847732544,0.9887301921844482,0.13293485343456269,0.06885415315628052,-0.14742328226566316,0.9446011185646057,0.29324933886528017,-0.02605671063065529,-0.3000951409339905,0.953553318977356],"EasingStyle":"Constant","EasingDirection":"In"},"Left Arm":{"Weight":1,"CFrame":[-0.27691692113876345,-0.3962453603744507,-0.10308799147605896,-0.931215763092041,-0.3092229962348938,-0.1929205358028412,0.3203204870223999,-0.9468817114830017,-0.028456592932343484,-0.17387352883815766,-0.0882958248257637,0.9808016419410706],"EasingStyle":"Constant","EasingDirection":"In"},"Torso":{"Weight":1,"CFrame":[-0.26681387424468996,0.15950888395309449,0.5779538154602051,0.8173918128013611,0.5739546418190002,0.049463748931884769,-0.5760814547538757,0.8142449259757996,0.07166079431772232,0.0008544365991838276,-0.08707009255886078,0.9962018132209778],"EasingStyle":"Constant","EasingDirection":"In"},"HumanoidRootPart":{"Weight":0,"CFrame":[0,0,0,1,0,0,0,1,0,0,0,1],"EasingStyle":"Linear","EasingDirection":"In"},"Right Leg":{"Weight":1,"CFrame":[0.3431682288646698,0.15608400106430055,0.08459523320198059,0.9530515670776367,0.1771596372127533,-0.24557505548000337,-0.15469111502170564,0.9820306897163391,0.10810388624668122,0.2603139281272888,-0.06504034996032715,0.9633309245109558],"EasingStyle":"Constant","EasingDirection":"In"}}},{"Time":0.4333333373069763,"poses":{"Left Leg":{"Weight":1,"CFrame":[-0.2987200617790222,-0.2863087058067322,0.07917928695678711,0.16873778402805329,-0.9821689128875732,-0.08289635181427002,0.9425327181816101,0.13617707788944245,0.3051031827926636,-0.2883742153644562,-0.1296149641275406,0.9487044811248779],"EasingStyle":"Constant","EasingDirection":"In"},"Right Arm":{"Weight":1,"CFrame":[-0.3192990720272064,-0.8800786137580872,-0.023577451705932618,-0.39232373237609866,-0.8948491215705872,-0.21290165185928346,0.915346086025238,-0.4026298522949219,0.005547165870666504,-0.0906844288110733,-0.19270242750644685,0.9770578742027283],"EasingStyle":"Constant","EasingDirection":"In"},"Head":{"Weight":1,"CFrame":[1.0058283805847168e-7,-1.4901161193847657e-8,-0.01259702444076538,0.9854881167411804,0.15384262800216676,0.07173263281583786,-0.16705402731895448,0.9539512395858765,0.2491384744644165,-0.03010130487382412,-0.25750628113746645,0.9658076763153076],"EasingStyle":"Constant","EasingDirection":"In"},"Left Arm":{"Weight":1,"CFrame":[-0.276254266500473,-0.44135022163391116,-0.11153668165206909,-0.9464407563209534,-0.21047377586364747,-0.24484829604625703,0.22788524627685548,-0.9726583361625671,-0.04476580768823624,-0.2287316918373108,-0.09816566854715347,0.9685273766517639],"EasingStyle":"Constant","EasingDirection":"In"},"Torso":{"Weight":1,"CFrame":[-0.21836437284946443,0.155705064535141,0.40082812309265139,0.8370038866996765,0.544736921787262,0.051828037947416309,-0.5471861362457275,0.8326299786567688,0.08552586287260056,0.0034355209209024908,-0.099945068359375,0.9949870109558106],"EasingStyle":"Constant","EasingDirection":"In"},"HumanoidRootPart":{"Weight":0,"CFrame":[0,0,0,1,0,0,0,1,0,0,0,1],"EasingStyle":"Linear","EasingDirection":"In"},"Right Leg":{"Weight":1,"CFrame":[0.3055419921875,0.12588489055633546,0.09449544548988342,0.9359572529792786,0.21531426906585694,-0.27861055731773379,-0.19241823256015778,0.9754168391227722,0.1074114441871643,0.29488858580589297,-0.046922825276851657,0.9543788433074951],"EasingStyle":"Constant","EasingDirection":"In"}}},{"Time":0.46666666865348818,"poses":{"Left Leg":{"Weight":1,"CFrame":[-0.35258281230926516,-0.36670273542404177,0.042474836111068729,0.1708691418170929,-0.9777123928070068,-0.1219927966594696,0.9661760926246643,0.14199277758598329,0.21527139842510224,-0.19315148890018464,-0.1546497344970703,0.9689045548439026],"EasingStyle":"Constant","EasingDirection":"In"},"Right Arm":{"Weight":1,"CFrame":[-0.31929895281791689,-0.8800780177116394,-0.023577511310577394,-0.39232373237609866,-0.8948491811752319,-0.21290142834186555,0.915346086025238,-0.4026297926902771,0.005547136068344116,-0.0906844213604927,-0.19270245730876923,0.977057933807373],"EasingStyle":"Constant","EasingDirection":"In"},"Head":{"Weight":1,"CFrame":[8.940696716308594e-8,4.470348358154297e-8,-0.012597411870956421,0.9803891777992249,0.1833382546901703,0.07227858155965805,-0.1942315250635147,0.9609652161598206,0.19702790677547456,-0.033334534615278247,-0.2072027623653412,0.9777299165725708],"EasingStyle":"Constant","EasingDirection":"In"},"Left Arm":{"Weight":1,"CFrame":[-0.2734542489051819,-0.4715363085269928,-0.11706715822219849,-0.958008348941803,-0.07270585000514984,-0.27736935019493105,0.09770224243402481,-0.9922035336494446,-0.07737156003713608,-0.2695816457271576,-0.10122248530387879,0.9576428532600403],"EasingStyle":"Constant","EasingDirection":"In"},"Torso":{"Weight":1,"CFrame":[-0.15653707087039948,0.1443215310573578,0.12675978243350984,0.8621618151664734,0.5041905641555786,0.04968739300966263,-0.5065935254096985,0.8567147254943848,0.09696824848651886,0.006322558969259262,-0.10877363383769989,0.9940464496612549],"EasingStyle":"Constant","EasingDirection":"In"},"HumanoidRootPart":{"Weight":0,"CFrame":[0,0,0,1,0,0,0,1,0,0,0,1],"EasingStyle":"Linear","EasingDirection":"In"},"Right Leg":{"Weight":1,"CFrame":[0.2370920032262802,0.08967101573944092,0.0991162359714508,0.9128788113594055,0.24803665280342103,-0.3242376148700714,-0.22587217390537263,0.9684877991676331,0.10494339466094971,0.34005007147789,-0.022564377635717393,0.9401366114616394],"EasingStyle":"Constant","EasingDirection":"In"}}},{"Time":0.5,"poses":{"Left Leg":{"Weight":1,"CFrame":[-0.4050009846687317,-0.4336138069629669,-0.00951114296913147,0.17988160252571107,-0.9699025750160217,-0.16410861909389497,0.9791627526283264,0.16056032478809358,0.12434090673923493,-0.09424928575754166,-0.18305571377277375,0.9785743355751038],"EasingStyle":"Constant","EasingDirection":"In"},"Right Arm":{"Weight":1,"CFrame":[-0.31929904222488406,-0.8800783753395081,-0.023577511310577394,-0.39232373237609866,-0.8948491215705872,-0.21290165185928346,0.915346086025238,-0.4026298224925995,0.005547117907553911,-0.09068436175584793,-0.19270247220993043,0.9770578742027283],"EasingStyle":"Constant","EasingDirection":"In"},"Head":{"Weight":1,"CFrame":[6.705522537231445e-8,7.450580596923828e-9,-0.012597054243087769,0.9739394783973694,0.2161082774400711,0.06884098052978516,-0.22406768798828126,0.9638206958770752,0.14437225461006165,-0.03515034168958664,-0.15603485703468324,0.9871259331703186],"EasingStyle":"Constant","EasingDirection":"In"},"Left Arm":{"Weight":1,"CFrame":[-0.2695426344871521,-0.4893301725387573,-0.12026482820510864,-0.9534934163093567,0.07881007343530655,-0.29092827439308169,-0.04614325240254402,-0.992000937461853,-0.11749421805143357,-0.29786086082458498,-0.09860573709011078,0.9495029449462891],"EasingStyle":"Constant","EasingDirection":"In"},"Torso":{"Weight":1,"CFrame":[-0.09135176241397858,0.1288420855998993,-0.024502992630004884,0.887298583984375,0.4590235948562622,0.04470624402165413,-0.4611051082611084,0.8810281157493591,0.10569516569375992,0.009129117242991925,-0.11439745128154755,0.9933931231498718],"EasingStyle":"Constant","EasingDirection":"In"},"HumanoidRootPart":{"Weight":0,"CFrame":[0,0,0,1,0,0,0,1,0,0,0,1],"EasingStyle":"Linear","EasingDirection":"In"},"Right Leg":{"Weight":1,"CFrame":[0.13918553292751313,0.05714386701583862,0.08778136968612671,0.8891271352767944,0.26459795236587527,-0.37341779470443728,-0.24407795071601869,0.9643587470054627,0.1021672710776329,0.3871419131755829,0.00030325260013341904,0.9220200777053833],"EasingStyle":"Constant","EasingDirection":"In"}}},{"Time":0.5333333611488342,"poses":{"Left Leg":{"Weight":1,"CFrame":[-0.44634777307510378,-0.47726815938949587,-0.06290233135223389,0.1923549324274063,-0.9602110385894775,-0.20247063040733338,0.9812889099121094,0.18642987310886384,0.0481240414083004,-0.008462675847113133,-0.20793916285037995,0.9781051874160767],"EasingStyle":"Constant","EasingDirection":"In"},"Right Arm":{"Weight":1,"CFrame":[-0.31929898262023928,-0.8800779581069946,-0.023577332496643068,-0.392323762178421,-0.8948491215705872,-0.2129015028476715,0.915346086025238,-0.4026298224925995,0.005547089967876673,-0.09068438410758972,-0.19270245730876923,0.977057933807373],"EasingStyle":"Constant","EasingDirection":"In"},"Head":{"Weight":1,"CFrame":[5.960464477539063e-8,4.0978193283081057e-8,-0.012596696615219117,0.9671829342842102,0.24636095762252809,0.0621560737490654,-0.25158265233039858,0.9627964496612549,0.09863711893558502,-0.035543292760849,-0.1110374853014946,0.9931803941726685],"EasingStyle":"Constant","EasingDirection":"In"},"Left Arm":{"Weight":1,"CFrame":[-0.2656308114528656,-0.4977138042449951,-0.12177225947380066,-0.9325379133224487,0.21554042398929597,-0.28968122601509097,-0.176541268825531,-0.9720242619514465,-0.15492592751979829,-0.3149701654911041,-0.09333372116088867,0.9445013403892517],"EasingStyle":"Constant","EasingDirection":"In"},"Torso":{"Weight":1,"CFrame":[-0.03264889493584633,0.11290717124938965,-0.024829387664794923,0.9082057476043701,0.4167245924472809,0.03876710310578346,-0.4183642566204071,0.901396632194519,0.11160432547330857,0.011563740670681,-0.11757845431566239,0.9929962754249573],"EasingStyle":"Constant","EasingDirection":"In"},"HumanoidRootPart":{"Weight":0,"CFrame":[0,0,0,1,0,0,0,1,0,0,0,1],"EasingStyle":"Linear","EasingDirection":"In"},"Right Leg":{"Weight":1,"CFrame":[0.018529504537582399,0.037445068359375,0.05346393585205078,0.8710145354270935,0.2586318850517273,-0.4176638722419739,-0.2389385849237442,0.9658904671669006,0.09981975704431534,0.42923423647880556,0.012851547449827195,0.9031018018722534],"EasingStyle":"Constant","EasingDirection":"In"}}},{"Time":0.5666666626930237,"poses":{"Left Leg":{"Weight":1,"CFrame":[-0.47222816944122317,-0.4994554817676544,-0.10302641987800598,0.2034967988729477,-0.951619565486908,-0.23023740947246552,0.9777352809906006,0.20981979370117188,-0.0030520528089255096,0.05121273174881935,-0.2244901806116104,0.9731296896934509],"EasingStyle":"Constant","EasingDirection":"In"},"Right Arm":{"Weight":1,"CFrame":[-0.31929901242256167,-0.8800780773162842,-0.023577511310577394,-0.39232367277145388,-0.8948491811752319,-0.212901771068573,0.915346086025238,-0.4026297330856323,0.0055470881052315239,-0.09068438410758972,-0.1927025318145752,0.9770578742027283],"EasingStyle":"Constant","EasingDirection":"In"},"Head":{"Weight":1,"CFrame":[1.0617077350616455e-7,2.9802322387695315e-8,-0.01259702444076538,0.961725652217865,0.26839327812194826,0.05521567165851593,-0.2717551290988922,0.9600535035133362,0.0666816458106041,-0.03511306643486023,-0.07913453131914139,0.9962453246116638],"EasingStyle":"Constant","EasingDirection":"In"},"Left Arm":{"Weight":1,"CFrame":[-0.26270562410354617,-0.5001105070114136,-0.12223422527313233,-0.9073006510734558,0.3120402693748474,-0.2818446457386017,-0.2690126895904541,-0.945923924446106,-0.18127351999282838,-0.3231683075428009,-0.08864999562501908,0.9421802163124085],"EasingStyle":"Constant","EasingDirection":"In"},"Torso":{"Weight":1,"CFrame":[0.009789524599909783,0.10038936138153076,-0.02498769760131836,0.9221516847610474,0.3853469789028168,0.033823564648628238,-0.38659924268722536,0.915065348148346,0.11487568914890289,0.013316218741238118,-0.11900897324085236,0.9928038716316223],"EasingStyle":"Constant","EasingDirection":"In"},"HumanoidRootPart":{"Weight":0,"CFrame":[0,0,0,1,0,0,0,1,0,0,0,1],"EasingStyle":"Linear","EasingDirection":"In"},"Right Leg":{"Weight":1,"CFrame":[-0.11461925506591797,0.03592628240585327,-0.0035503804683685304,0.8638365268707275,0.22775617241859437,-0.44934791326522829,-0.20563465356826783,0.9736887812614441,0.0982065200805664,0.45989227294921877,0.0075670708902180199,0.8879425525665283],"EasingStyle":"Constant","EasingDirection":"In"}}},{"Time":0.6000000238418579,"poses":{"Left Leg":{"Weight":1,"CFrame":[-0.48127055168151858,-0.5060113072395325,-0.11852160096168518,0.2082623988389969,-0.9479367733001709,-0.2409203052520752,0.9752940535545349,0.21982701122760774,-0.021853933110833169,0.07367687672376633,-0.23041683435440064,0.9702988266944885],"EasingStyle":"Constant","EasingDirection":"In"},"Right Arm":{"Weight":1,"CFrame":[-0.31929904222488406,-0.8800775408744812,-0.02357727289199829,-0.39232373237609866,-0.8948491215705872,-0.21290183067321778,0.915346086025238,-0.4026297926902771,0.005547108128666878,-0.0906844288110733,-0.19270262122154237,0.9770578742027283],"EasingStyle":"Constant","EasingDirection":"In"},"Head":{"Weight":1,"CFrame":[8.940696716308594e-8,-2.0489096641540528e-8,-0.01259663701057434,0.9594911336898804,0.27688392996788027,0.052077747881412509,-0.27958396077156069,0.9585627317428589,0.05468316748738289,-0.0347789041697979,-0.06702812016010285,0.9971447587013245],"EasingStyle":"Constant","EasingDirection":"In"},"Left Arm":{"Weight":1,"CFrame":[-0.26156264543533327,-0.5001250505447388,-0.12225997447967529,-0.8954353332519531,0.34834352135658266,-0.27722248435020449,-0.30394381284713747,-0.9333390593528748,-0.19104015827178956,-0.3252902030944824,-0.08680407702922821,0.9416216611862183],"EasingStyle":"Constant","EasingDirection":"In"},"Torso":{"Weight":1,"CFrame":[0.02613535337150097,0.09531974792480469,-0.025028228759765626,0.9272491335868836,0.37309446930885317,0.03177311271429062,-0.3741830885410309,0.9200860857963562,0.11588186770677567,0.014000880531966687,-0.11934033036231995,0.9927546977996826],"EasingStyle":"Constant","EasingDirection":"In"},"HumanoidRootPart":{"Weight":0,"CFrame":[0,0,0,1,0,0,0,1,0,0,0,1],"EasingStyle":"Linear","EasingDirection":"In"},"Right Leg":{"Weight":1,"CFrame":[-0.22684140503406526,0.04801374673843384,-0.06168699264526367,0.8680329918861389,0.18321342766284944,-0.4614666700363159,-0.1556030958890915,0.9829885959625244,0.0975760966539383,0.47149378061294558,-0.01289368886500597,0.8817751407623291],"EasingStyle":"Constant","EasingDirection":"In"}}},{"Time":0.6333333253860474,"poses":{"Left Leg":{"Weight":1,"CFrame":[0.03958332538604736,-0.10404321551322937,-0.0039847493171691898,0.40623345971107485,-0.8979905843734741,0.16907808184623719,0.9110718965530396,0.41224709153175356,0.0005096456152386963,-0.07015960663557053,0.15383519232273103,0.9856025576591492],"EasingStyle":"Constant","EasingDirection":"In"},"Right Arm":{"Weight":1,"CFrame":[-0.3192991018295288,-0.88007