{"Sequence":[{"Time":0,"poses":{"Left Leg":{"Weight":1,"CFrame":[-0.5752130746841431,0.025899887084960939,0.09171402454376221,0.9321372509002686,-0.33053237199783327,0.1478802114725113,0.3342069983482361,0.9424998164176941,-1.1711319558571631e-7,-0.13937701284885407,0.04942271113395691,0.9890053272247315],"EasingStyle":"Linear","EasingDirection":"In"},"Right Arm":{"Weight":1,"CFrame":[0,-0.36766186356544497,0,-0.673693835735321,-0.7350049614906311,0.07684101164340973,0.7143959999084473,-0.6211122274398804,0.3222696781158447,-0.18914297223091126,0.2720060646533966,0.943524181842804],"EasingStyle":"Linear","EasingDirection":"In"},"Left Arm":{"Weight":1,"CFrame":[0,-0.3676620423793793,0,-0.6736938953399658,0.7350050806999207,-0.07684052735567093,-0.7143958210945129,-0.6211122870445252,0.3222697973251343,0.1891433298587799,0.27200567722320559,0.943524181842804],"EasingStyle":"Linear","EasingDirection":"In"},"Head":{"Weight":1,"CFrame":[8.742276236262114e-8,0,0,0.9920980334281921,0.0010764814214780927,-0.12546028196811677,-0.00581681402400136,0.9992825984954834,-0.037423327565193179,0.12532998621463777,0.03785739094018936,0.9913925528526306],"EasingStyle":"Linear","EasingDirection":"In"},"Torso":{"Weight":1,"CFrame":[0,0,-0.1392059326171875,1,0,-8.742277657347586e-8,0,1,0,8.742277657347586e-8,0,1],"EasingStyle":"Linear","EasingDirection":"In"},"HumanoidRootPart":{"Weight":1,"CFrame":[0,0,0,1,0,0,0,1,0,0,0,1],"EasingStyle":"Linear","EasingDirection":"In"},"Right Leg":{"Weight":1,"CFrame":[0.5752130746841431,0.02590012550354004,0.09171402454376221,0.9321372509002686,0.33053237199783327,-0.14788009226322175,-0.3342069983482361,0.9424998164176941,8.561229947190441e-8,0.13937702775001527,0.049422457814216617,0.9890052676200867],"EasingStyle":"Linear","EasingDirection":"In"}}},{"Time":0.01666666753590107,"poses":{"Left Leg":{"Weight":1,"CFrame":[-0.5746912956237793,0.025861501693725587,0.0917048454284668,0.9322054982185364,-0.3302941918373108,0.14798250794410706,0.33397117257118227,0.9425833225250244,-1.1713228786902619e-7,-0.13948582112789155,0.04942202568054199,0.9889900088310242],"EasingStyle":"Linear","EasingDirection":"In"},"Right Arm":{"Weight":1,"CFrame":[7.013417624435192e-13,-0.36766186356544497,-0.00018829107284545898,-0.673693835735321,-0.7350049614906311,0.07684101164340973,0.7144424319267273,-0.6211791038513184,0.32203760743141177,-0.18896722793579102,0.2718532681465149,0.9436033368110657],"EasingStyle":"Linear","EasingDirection":"In"},"Left Arm":{"Weight":1,"CFrame":[-5.7556022448057578e-11,-0.3676620423793793,-0.00018829107284545898,-0.6736938953399658,0.7350051403045654,-0.07684051990509033,-0.7144423723220825,-0.6211791038513184,0.3220377266407013,0.18896764516830445,0.27185294032096865,0.9436033964157105],"EasingStyle":"Linear","EasingDirection":"In"},"Head":{"Weight":1,"CFrame":[8.742276236262114e-8,0,0,0.9921076893806458,0.0010793966939672828,-0.12538395822048188,-0.005816814489662647,0.9992825984954834,-0.037423331290483478,0.1252536028623581,0.037857308983802798,0.9914022088050842],"EasingStyle":"Linear","EasingDirection":"In"},"Torso":{"Weight":1,"CFrame":[0,0,-0.13900279998779298,1,0,-8.742277657347586e-8,0,1,0,8.742277657347586e-8,0,1],"EasingStyle":"Linear","EasingDirection":"In"},"HumanoidRootPart":{"Weight":1,"CFrame":[0,0,0,1,0,0,0,1,0,0,0,1],"EasingStyle":"Linear","EasingDirection":"In"},"Right Leg":{"Weight":1,"CFrame":[0.5746913552284241,0.025861740112304689,0.0917048454284668,0.9322054386138916,0.330294132232666,-0.1479824185371399,-0.33397120237350466,0.9425833225250244,8.559054265333543e-8,0.13948582112789155,0.049421802163124087,0.988990068435669],"EasingStyle":"Linear","EasingDirection":"In"}}},{"Time":0.03333333507180214,"poses":{"Left Leg":{"Weight":1,"CFrame":[-0.5734496712684631,0.02577030658721924,0.0916823148727417,0.9323674440383911,-0.3297272324562073,0.14822588860988618,0.3334102928638458,0.9427818655967712,-1.1717770576069597e-7,-0.1397446244955063,0.04942011088132858,0.9889535903930664],"EasingStyle":"Linear","EasingDirection":"In"},"Right Arm":{"Weight":1,"CFrame":[2.369437979155009e-12,-0.36766186356544497,-0.0006360411643981934,-0.6736938953399658,-0.7350049614906311,0.07684102654457092,0.7145528793334961,-0.6213380098342896,0.32148563861846926,-0.18854932487010957,0.2714898884296417,0.9437916278839111],"EasingStyle":"Linear","EasingDirection":"In"},"Left Arm":{"Weight":1,"CFrame":[-1.9444811039104338e-10,-0.3676620423793793,-0.0006360411643981934,-0.673693835735321,0.7350051999092102,-0.07684051990509033,-0.7145528197288513,-0.6213380098342896,0.321485698223114,0.18854974210262299,0.27148956060409548,0.9437916278839111],"EasingStyle":"Linear","EasingDirection":"In"},"Head":{"Weight":1,"CFrame":[8.742276236262114e-8,0,0,0.9921306371688843,0.0010863302741199732,-0.12520234286785127,-0.005816813558340073,0.9992825984954834,-0.03742332383990288,0.12507186830043794,0.03785710409283638,0.9914251565933228],"EasingStyle":"Linear","EasingDirection":"In"},"Torso":{"Weight":1,"CFrame":[0,0,-0.1385200023651123,1,0,-8.742277657347586e-8,0,1,0,8.742277657347586e-8,0,1],"EasingStyle":"Linear","EasingDirection":"In"},"HumanoidRootPart":{"Weight":1,"CFrame":[0,0,0,1,0,0,0,1,0,0,0,1],"EasingStyle":"Linear","EasingDirection":"In"},"Right Leg":{"Weight":1,"CFrame":[0.5734496712684631,0.02577054500579834,0.09168267250061035,0.9323674440383911,0.32972726225852969,-0.14822585880756379,-0.3334102928638458,0.942781925201416,8.553875119332588e-8,0.13974468410015107,0.04941992461681366,0.9889535307884216],"EasingStyle":"Linear","EasingDirection":"In"}}},{"Time":0.05000000074505806,"poses":{"Left Leg":{"Weight":1,"CFrame":[-0.5704874396324158,0.025553584098815919,0.09162545204162598,0.9327526688575745,-0.3283742070198059,0.14880476891994477,0.3320714235305786,0.9432543516159058,-1.1728609194960882e-7,-0.14036068320274354,0.04941391944885254,0.9888666272163391],"EasingStyle":"Linear","EasingDirection":"In"},"Right Arm":{"Weight":1,"CFrame":[6.336819957653006e-12,-0.36766186356544497,-0.001701056957244873,-0.6736938953399658,-0.7350049614906311,0.07684101909399033,0.7148145437240601,-0.621715247631073,0.3201722204685211,-0.1875549703836441,0.27062517404556277,0.944238007068634],"EasingStyle":"Linear","EasingDirection":"In"},"Left Arm":{"Weight":1,"CFrame":[-5.200341823830001e-10,-0.3676620423793793,-0.001701056957244873,-0.6736939549446106,0.7350050210952759,-0.07684052735567093,-0.7148143649101257,-0.621715247631073,0.32017233967781069,0.18755534291267396,0.2706247568130493,0.944238007068634],"EasingStyle":"Linear","EasingDirection":"In"},"Head":{"Weight":1,"CFrame":[8.742279078433057e-8,0,0,0.9921849966049194,0.0011028212029486895,-0.12477049231529236,-0.005816813558340073,0.9992825984954834,-0.037423327565193179,0.12463968992233277,0.03785662725567818,0.9914796948432922],"EasingStyle":"Linear","EasingDirection":"In"},"Torso":{"Weight":1,"CFrame":[0,0,-0.13737154006958009,1,0,-8.742277657347586e-8,0,1,0,8.742277657347586e-8,0,1],"EasingStyle":"Linear","EasingDirection":"In"},"HumanoidRootPart":{"Weight":1,"CFrame":[0,0,0,1,0,0,0,1,0,0,0,1],"EasingStyle":"Linear","EasingDirection":"In"},"Right Leg":{"Weight":1,"CFrame":[0.5704874992370606,0.02555382251739502,0.09162569046020508,0.9327526688575745,0.3283742070198059,-0.14880472421646119,-0.3320714235305786,0.9432543516159058,8.541516649529513e-8,0.14036069810390473,0.04941372573375702,0.9888666272163391],"EasingStyle":"Linear","EasingDirection":"In"}}},{"Time":0.06666667014360428,"poses":{"Left Leg":{"Weight":1,"CFrame":[-0.5633943676948547,0.02503836154937744,0.0914696455001831,0.9336674213409424,-0.32513195276260378,0.15018127858638764,0.3288617432117462,0.944378137588501,-1.1754595874435836e-7,-0.14182788133621217,0.04938902705907822,0.9886584877967835],"EasingStyle":"Linear","EasingDirection":"In"},"Right Arm":{"Weight":1,"CFrame":[1.577304953315206e-11,-0.36766186356544497,-0.004234015941619873,-0.6736937761306763,-0.7350050210952759,0.07684102654457092,0.7154313325881958,-0.6226073503494263,0.31704553961753847,-0.18518827855587007,0.2685661315917969,0.9452924132347107],"EasingStyle":"Linear","EasingDirection":"In"},"Left Arm":{"Weight":1,"CFrame":[-1.2944126881464513e-9,-0.3676620423793793,-0.004234015941619873,-0.6736937761306763,0.735005259513855,-0.07684051990509033,-0.7154313325881958,-0.6226072311401367,0.31704556941986086,0.18518871068954469,0.2685658037662506,0.9452924132347107],"EasingStyle":"Linear","EasingDirection":"In"},"Head":{"Weight":1,"CFrame":[8.742279078433057e-8,0,0,0.9923136234283447,0.0011420422233641148,-0.12374316900968552,-0.005816813092678785,0.9992825984954834,-0.037423327565193179,0.12361164391040802,0.03785546496510506,0.9916084408760071],"EasingStyle":"Linear","EasingDirection":"In"},"Torso":{"Weight":1,"CFrame":[0,0,-0.13463997840881349,1,0,-8.742277657347586e-8,0,1,0,8.742277657347586e-8,0,1],"EasingStyle":"Linear","EasingDirection":"In"},"HumanoidRootPart":{"Weight":1,"CFrame":[0,0,0,1,0,0,0,1,0,0,0,1],"EasingStyle":"Linear","EasingDirection":"In"},"Right Leg":{"Weight":1,"CFrame":[0.56339430809021,0.025038599967956544,0.09146976470947266,0.9336674809455872,0.3251318633556366,-0.15018127858638764,-0.328861802816391,0.944378137588501,8.511891280704731e-8,0.14182794094085694,0.04938880354166031,0.9886584877967835],"EasingStyle":"Linear","EasingDirection":"In"}}},{"Time":0.0833333358168602,"poses":{"Left Leg":{"Weight":1,"CFrame":[-0.5462414026260376,0.02381587028503418,0.09097957611083985,0.9358351826667786,-0.31727665662765505,0.15345430374145509,0.3210795819759369,0.9470522403717041,-8.837387355242754e-8,-0.14532919228076936,0.04927115887403488,0.9881557822227478],"EasingStyle":"Linear","EasingDirection":"In"},"Right Arm":{"Weight":1,"CFrame":[3.821609695364714e-11,-0.36766186356544497,-0.01025855541229248,-0.6736937761306763,-0.7350050806999207,0.07684099674224854,0.716867208480835,-0.6247024536132813,0.3095933198928833,-0.1795499473810196,0.26365604996681216,0.9477591514587402],"EasingStyle":"Linear","EasingDirection":"In"},"Left Arm":{"Weight":1,"CFrame":[-3.136205517506596e-9,-0.3676620423793793,-0.01025855541229248,-0.6736938953399658,0.7350050806999207,-0.07684050500392914,-0.7168670296669006,-0.624702513217926,0.30959343910217287,0.17955031991004945,0.2636556625366211,0.9477591514587402],"EasingStyle":"Linear","EasingDirection":"In"},"Head":{"Weight":1,"CFrame":[8.742279078433057e-8,0,0,0.9926152229309082,0.001235324190929532,-0.12129922956228256,-0.005816813558340073,0.9992825984954834,-0.037423327565193179,0.12116597592830658,0.037852536886930469,0.9919102787971497],"EasingStyle":"Linear","EasingDirection":"In"},"Torso":{"Weight":1,"CFrame":[0,0,-0.1281430721282959,1,0,-8.742277657347586e-8,0,1,0,8.742277657347586e-8,0,1],"EasingStyle":"Linear","EasingDirection":"In"},"HumanoidRootPart":{"Weight":1,"CFrame":[0,0,0,1,0,0,0,1,0,0,0,1],"EasingStyle":"Linear","EasingDirection":"In"},"Right Leg":{"Weight":1,"CFrame":[0.5462414026260376,0.02381610870361328,0.09097981452941895,0.9358351826667786,0.3172766864299774,-0.15345428884029389,-0.3210795819759369,0.9470522999763489,1.1420308965170989e-7,0.14532925188541413,0.04927094280719757,0.9881557822227478],"EasingStyle":"Linear","EasingDirection":"In"}}},{"Time":0.10000000149011612,"poses":{"Left Leg":{"Weight":1,"CFrame":[-0.5036259889602661,0.02091848850250244,0.0890815258026123,0.9409549236297607,-0.2976705729961395,0.16123272478580476,0.3016168177127838,0.9534292221069336,-1.197539489794508e-7,-0.15372395515441895,0.048630617558956149,0.9869164824485779],"EasingStyle":"Linear","EasingDirection":"In"},"Right Arm":{"Weight":1,"CFrame":[9.159428770999512e-11,-0.36766186356544497,-0.024587273597717286,-0.6736939549446106,-0.7350049614906311,0.07684101164340973,0.7201048731803894,-0.6295322179794312,0.2917840778827667,-0.16608884930610658,0.25190675258636477,0.953392744064331],"EasingStyle":"Linear","EasingDirection":"In"},"Left Arm":{"Weight":1,"CFrame":[-7.516751665548327e-9,-0.3676620423793793,-0.024587273597717286,-0.673693835735321,0.7350051999092102,-0.07684051245450974,-0.7201048731803894,-0.6295321583747864,0.2917841076850891,0.16608926653862,0.2519064247608185,0.953392744064331],"EasingStyle":"Linear","EasingDirection":"In"},"Head":{"Weight":1,"CFrame":[8.742276236262114e-8,0,0,0.9933083653450012,0.0014571660431101919,-0.11548328399658203,-0.005816812627017498,0.9992825984954834,-0.03742332011461258,0.11534590274095535,0.037844639271497729,0.9926041960716248],"EasingStyle":"Linear","EasingDirection":"In"},"Torso":{"Weight":1,"CFrame":[0,0,-0.11269092559814453,1,0,-8.742277657347586e-8,0,1,0,8.742277657347586e-8,0,1],"EasingStyle":"Linear","EasingDirection":"In"},"HumanoidRootPart":{"Weight":1,"CFrame":[0,0,0,1,0,0,0,1,0,0,0,1],"EasingStyle":"Linear","EasingDirection":"In"},"Right Leg":{"Weight":1,"CFrame":[0.5036258697509766,0.020918726921081544,0.08908164501190186,0.9409549832344055,0.2976705729961395,-0.16123275458812715,-0.3016168177127838,0.9534292221069336,8.260633421741659e-8,0.15372401475906373,0.04863039404153824,0.9869164824485779],"EasingStyle":"Linear","EasingDirection":"In"}}},{"Time":0.11666666716337204,"poses":{"Left Leg":{"Weight":1,"CFrame":[-0.3893868327140808,0.014114856719970703,0.0796210765838623,0.9528568387031555,-0.24448706209659577,0.17969459295272828,0.24853259325027467,0.9686235785484314,-9.427119351812508e-8,-0.17405638098716737,0.044660091400146487,0.983722448348999],"EasingStyle":"Linear","EasingDirection":"In"},"Right Arm":{"Weight":1,"CFrame":[2.1855139920035072e-10,-0.36766186356544497,-0.05866706371307373,-0.6736938953399658,-0.7350049614906311,0.07684101909399033,0.7267932891845703,-0.6401362419128418,0.2489916831254959,-0.13382144272327424,0.22359174489974976,0.9654525518417358],"EasingStyle":"Linear","EasingDirection":"In"},"Left Arm":{"Weight":1,"CFrame":[-1.7935505525201735e-8,-0.3676620423793793,-0.05866706371307373,-0.673693835735321,0.7350051403045654,-0.07684050500392914,-0.7267932295799255,-0.640136182308197,0.24899174273014069,0.13382184505462647,0.22359144687652589,0.9654526710510254],"EasingStyle":"Linear","EasingDirection":"In"},"Head":{"Weight":1,"CFrame":[8.742279078433057e-8,0,0,0.9948198795318604,0.0019846248906105758,-0.1016339585185051,-0.005816812627017498,0.9992825984954834,-0.03742332011461258,0.10148677229881287,0.03782064840197563,0.9941177368164063],"EasingStyle":"Linear","EasingDirection":"In"},"Torso":{"Weight":1,"CFrame":[0,0,-0.07593917846679688,1,0,-8.742277657347586e-8,0,1,0,8.742277657347586e-8,0,1],"EasingStyle":"Linear","EasingDirection":"In"},"HumanoidRootPart":{"Weight":1,"CFrame":[0,0,0,1,0,0,0,1,0,0,0,1],"EasingStyle":"Linear","EasingDirection":"In"},"Right Leg":{"Weight":1,"CFrame":[0.3893868327140808,0.014115095138549805,0.0796213150024414,0.952856719493866,0.24448707699775697,-0.17969460785388947,-0.24853253364562989,0.9686235785484314,7.772830912244899e-8,0.17405641078948975,0.04465989023447037,0.983722448348999],"EasingStyle":"Linear","EasingDirection":"In"}}},{"Time":0.13333334028720857,"poses":{"Left Leg":{"Weight":1,"CFrame":[0.11747871339321137,-0.000005841255187988281,-0.013617455959320069,0.9747401475906372,0.0014480898389592767,0.2233375757932663,-0.0014855886111035944,0.999998927116394,-8.534328088671828e-8,-0.223337322473526,-0.00033169216476380825,0.9747411608695984],"EasingStyle":"Linear","EasingDirection":"In"},"Right Arm":{"Weight":1,"CFrame":[5.205080810810614e-10,-0.36766189336776736,-0.1397228240966797,-0.673693835735321,-0.7350051403045654,0.07684101909399033,0.7368749380111694,-0.6602060794830322,0.14540670812129975,-0.056143779307603839,0.15458188951015473,0.9863834977149963],"EasingStyle":"Linear","EasingDirection":"In"},"Left Arm":{"Weight":1,"CFrame":[-4.271561948598901e-8,-0.3676620125770569,-0.1397228240966797,-0.6736940741539002,0.7350050210952759,-0.07684051245450974,-0.7368746995925903,-0.6602062582969666,0.14540676772594453,0.05614412948489189,0.15458153188228608,0.9863834977149963],"EasingStyle":"Linear","EasingDirection":"In"},"Head":{"Weight":1,"CFrame":[8.742276236262114e-8,0,0,0.9976375699043274,0.0032373745925724508,-0.06862080842256546,-0.005816812161356211,0.9992825984954834,-0.03742331638932228,0.06845042109489441,0.03773406147956848,0.9969406723976135],"EasingStyle":"Linear","EasingDirection":"In"},"Torso":{"Weight":1,"CFrame":[0,0,0.011471748352050782,1,0,-8.742277657347586e-8,0,1,0,8.742277657347586e-8,0,1],"EasingStyle":"Linear","EasingDirection":"In"},"HumanoidRootPart":{"Weight":1,"CFrame":[0,0,0,1,0,0,0,1,0,0,0,1],"EasingStyle":"Linear","EasingDirection":"In"},"Right Leg":{"Weight":1,"CFrame":[-0.11747875064611435,-0.000005602836608886719,-0.013617217540740967,0.9747400879859924,-0.001448067487217486,-0.2233375757932663,0.0014856279594823719,0.999998927116394,8.508587967526182e-8,0.2233372926712036,-0.0003318670205771923,0.9747411608695984],"EasingStyle":"Linear","EasingDirection":"In"}}},{"Time":0.15000000596046449,"poses":{"Left Leg":{"Weight":1,"CFrame":[0.11744940280914307,-0.000006079673767089844,-0.013610541820526123,0.9747532606124878,0.0014480898389592767,0.2232803851366043,-0.0014855850022286177,0.999998927116394,-8.534443196595021e-8,-0.223280131816864,-0.00033160275779664516,0.9747543334960938],"EasingStyle":"Linear","EasingDirection":"In"},"Right Arm":{"Weight":1,"CFrame":[5.201119535058751e-10,-0.36766189336776736,-0.1396160125732422,-0.6736937761306763,-0.7350051403045654,0.07684102654457092,0.7368670105934143,-0.6601845622062683,0.14554430544376374,-0.0562465637922287,0.1546739786863327,0.9863631725311279],"EasingStyle":"Linear","EasingDirection":"In"},"Left Arm":{"Weight":1,"CFrame":[-4.268297715270819e-8,-0.3676620125770569,-0.1396160125732422,-0.6736939549446106,0.7350050210952759,-0.07684051245450974,-0.7368669509887695,-0.6601845622062683,0.14554433524608613,0.05624692887067795,0.15467363595962525,0.9863632917404175],"EasingStyle":"Linear","EasingDirection":"In"},"Head":{"Weight":1,"CFrame":[8.742276236262114e-8,0,-2.384185791015625e-7,0.9976345896720886,0.0032357266172766687,-0.06866436451673508,-0.005816812161356211,0.9992825984954834,-0.03742332011461258,0.06849399954080582,0.03773420304059982,0.9969377517700195],"EasingStyle":"Linear","EasingDirection":"In"},"Torso":{"Weight":1,"CFrame":[0,0,0.011356592178344727,1,0,-8.742277657347586e-8,0,1,0,8.742277657347586e-8,0,1],"EasingStyle":"Linear","EasingDirection":"In"},"HumanoidRootPart":{"Weight":1,"CFrame":[0,0,0,1,0,0,0,1,0,0,0,1],"EasingStyle":"Linear","EasingDirection":"In"},"Right Leg":{"Weight":1,"CFrame":[-0.11744940280914307,-0.000005841255187988281,-0.013610422611236573,0.9747532606124878,-0.0014480898389592767,-0.2232803851366043,0.0014856240013614297,0.999998927116394,8.508703075449375e-8,0.223280131816864,-0.0003317776136100292,0.9747543334960938],"EasingStyle":"Linear","EasingDirection":"In"}}},{"Time":0.1666666716337204,"poses":{"Left Leg":{"Weight":1,"CFrame":[0.11739715188741684,-0.000005841255187988281,-0.013598263263702393,0.9747766256332398,0.0014481270918622614,0.2231784462928772,-0.0014855782501399518,0.999998927116394,-8.534647122360184e-8,-0.2231781780719757,-0.0003314537461847067,0.9747776985168457],"EasingStyle":"Linear","EasingDirection":"In"},"Right Arm":{"Weight":1,"CFrame":[5.19401410770115e-10,-0.36766189336776736,-0.13942575454711915,-0.6736938953399658,-0.7350050806999207,0.07684103399515152,0.7368530035018921,-0.6601461172103882,0.14578945934772492,-0.05642968788743019,0.15483805537223817,0.9863269925117493],"EasingStyle":"Linear","EasingDirection":"In"},"Left Arm":{"Weight":1,"CFrame":[-4.262481212435887e-8,-0.3676620125770569,-0.13942575454711915,-0.6736939549446106,0.7350049614906311,-0.07684050500392914,-0.7368528842926025,-0.6601461172103882,0.1457894742488861,0.05643005296587944,0.1548377126455307,0.9863269925117493],"EasingStyle":"Linear","EasingDirection":"In"},"Head":{"Weight":1,"CFrame":[8.742276236262114e-8,0,0,0.9976292252540588,0.003232790157198906,-0.06874193996191025,-0.005816812627017498,0.9992825984954834,-0.03742332011461258,0.06857164204120636,0.03773445636034012,0.996932327747345],"EasingStyle":"Linear","EasingDirection":"In"},"Torso":{"Weight":1,"CFrame":[0,0,0.011151313781738282,1,0,-8.742277657347586e-8,0,1,0,8.742277657347586e-8,0,1],"EasingStyle":"Linear","EasingDirection":"In"},"HumanoidRootPart":{"Weight":1,"CFrame":[0,0,0,1,0,0,0,1,0,0,0,1],"EasingStyle":"Linear","EasingDirection":"In"},"Right Leg":{"Weight":1,"CFrame":[-0.11739714443683624,-0.000005602836608886719,-0.013598084449768067,0.9747766256332398,-0.0014481270918622614,-0.223178431391716,0.0014856173656880856,0.999998927116394,8.508907001214539e-8,0.2231781780719757,-0.00033162860199809074,0.9747776985168457],"EasingStyle":"Linear","EasingDirection":"In"}}},{"Time":0.18333333730697633,"poses":{"Left Leg":{"Weight":1,"CFrame":[0.11730404198169708,-0.000006079673767089844,-0.013576388359069825,0.9748181700706482,0.0014481792459264398,0.2229967713356018,-0.0014855661429464818,0.999998927116394,-8.535010209698157e-8,-0.22299650311470033,-0.00033118552528321743,0.9748192429542542],"EasingStyle":"Linear","EasingDirection":"In"},"Right Arm":{"Weight":1,"CFrame":[5.181384210573015e-10,-0.36766189336776736,-0.1390867829322815,-0.673693835735321,-0.7350050210952759,0.07684102654457092,0.7368279099464417,-0.6600773930549622,0.14622624218463899,-0.056756000965833667,0.15513035655021668,0.986262321472168],"EasingStyle":"Linear","EasingDirection":"In"},"Left Arm":{"Weight":1,"CFrame":[-4.25211723609209e-8,-0.3676620125770569,-0.1390867829322815,-0.6736939549446106,0.7350050806999207,-0.07684051245450974,-0.7368277907371521,-0.6600775718688965,0.14622627198696137,0.05675636604428291,0.1551300585269928,0.9862624406814575],"EasingStyle":"Linear","EasingDirection":"In"},"Head":{"Weight":1,"CFrame":[8.742279078433057e-8,0,2.384185791015625e-7,0.9976198077201843,0.00322755821980536,-0.06888017058372498,-0.005816813092678785,0.9992825984954834,-0.03742332011461258,0.06870997697114945,0.037734903395175937,0.9969227910041809],"EasingStyle":"Linear","EasingDirection":"In"},"Torso":{"Weight":1,"CFrame":[0,0,0.010785818099975586,1,0,-8.742277657347586e-8,0,1,0,8.742277657347586e-8,0,1],"EasingStyle":"Linear","EasingDirection":"In"},"HumanoidRootPart":{"Weight":1,"CFrame":[0,0,0,1,0,0,0,1,0,0,0,1],"EasingStyle":"Linear","EasingDirection":"In"},"Right Leg":{"Weight":1,"CFrame":[-0.11730407923460007,-0.000005841255187988281,-0.013576149940490723,0.9748181700706482,-0.0014481792459264398,-0.222996786236763,0.0014856051420792938,0.999998927116394,8.509270088552512e-8,0.2229965180158615,-0.0003313603810966015,0.9748192429542542],"EasingStyle":"Linear","EasingDirection":"In"}}},{"Time":0.20000000298023225,"poses":{"Left Leg":{"Weight":1,"CFrame":[0.11713816970586777,-0.000006079673767089844,-0.01353752613067627,0.9748921394348145,0.001448261202313006,0.22267316281795503,-0.0014855448389425874,0.999998927116394,-8.535656803587699e-8,-0.22267290949821473,-0.00033070871722884476,0.9748932123184204],"EasingStyle":"Linear","EasingDirection":"In"},"Right Arm":{"Weight":1,"CFrame":[5.158877769417813e-10,-0.36766189336776736,-0.13848274946212769,-0.6736939549446106,-0.7350050210952759,0.07684104144573212,0.7367829084396362,-0.6599549055099487,0.14700448513031007,-0.05733742192387581,0.15565119683742524,0.9861466288566589],"EasingStyle":"Linear","EasingDirection":"In"},"Left Arm":{"Weight":1,"CFrame":[-4.233650940932421e-8,-0.3676620125770569,-0.13848274946212769,-0.6736940145492554,0.7350049614906311,-0.07684051245450974,-0.7367827296257019,-0.6599549055099487,0.14700450003147126,0.05733778327703476,0.15565085411071778,0.9861466288566589],"EasingStyle":"Linear","EasingDirection":"In"},"Head":{"Weight":1,"CFrame":[8.742279078433057e-8,0,2.384185791015625e-7,0.9976027011871338,0.0032182354480028154,-0.06912647932767868,-0.005816813558340073,0.9992825984954834,-0.03742332383990288,0.06895644962787628,0.0377357043325901,0.9969057440757752],"EasingStyle":"Linear","EasingDirection":"In"},"Torso":{"Weight":1,"CFrame":[0,0,0.010134458541870118,1,0,-8.742277657347586e-8,0,1,0,8.742277657347586e-8,0,1],"EasingStyle":"Linear","EasingDirection":"In"},"HumanoidRootPart":{"Weight":1,"CFrame":[0,0,0,1,0,0,0,1,0,0,0,1],"EasingStyle":"Linear","EasingDirection":"In"},"Right Leg":{"Weight":1,"CFrame":[-0.11713817715644837,-0.000005841255187988281,-0.013537406921386719,0.9748921394348145,-0.001448261202313006,-0.2226731777191162,0.001485583372414112,0.999998927116394,8.509918103527525e-8,0.22267290949821473,-0.0003308835730422288,0.9748932123184204],"EasingStyle":"Linear","EasingDirection":"In"}}},{"Time":0.21666666865348817,"poses":{"Left Leg":{"Weight":1,"CFrame":[0.11684257537126541,-0.000006079673767089844,-0.013468146324157715,0.9750236868858337,0.0014484176645055414,0.22209639847278596,-0.0014855061890557409,0.999998927116394,-8.536805751191423e-8,-0.22209614515304566,-0.0003298146475572139,0.9750247001647949],"EasingStyle":"Linear","EasingDirection":"In"},"Right Arm":{"Weight":1,"CFrame":[5.118803159120944e-10,-0.36766189336776736,-0.13740646839141847,-0.673693835735321,-0.7350050806999207,0.07684102654457092,0.7367016673088074,-0.6597352623939514,0.14839091897010804,-0.058373358100652698,0.15657901763916017,0.9859389662742615],"EasingStyle":"Linear","EasingDirection":"In"},"Left Arm":{"Weight":1,"CFrame":[-4.200747838467578e-8,-0.3676620125770569,-0.13740646839141847,-0.6736938953399658,0.7350050806999207,-0.07684050500392914,-0.736701488494873,-0.659735381603241,0.14839093387126923,0.05837371572852135,0.15657870471477509,0.9859389662742615],"EasingStyle":"Linear","EasingDirection":"In"},"Head":{"Weight":1,"CFrame":[8.742279078433057e-8,0,2.384185791015625e-7,0.9975722432136536,0.003201622748747468,-0.06956532597541809,-0.005816812627017498,0.9992825984954834,-0.03742332383990288,0.06939559429883957,0.03773711249232292,0.9968752861022949],"EasingStyle":"Linear","EasingDirection":"In"},"Torso":{"Weight":1,"CFrame":[0,0,0.008973836898803711,1,0,-8.742277657347586e-8,0,1,0,8.742277657347586e-8,0,1],"EasingStyle":"Linear","EasingDirection":"In"},"HumanoidRootPart":{"Weight":1,"CFrame":[0,0,0,1,0,0,0,1,0,0,0,1],"EasingStyle":"Linear","EasingDirection":"In"},"Right Leg":{"Weight":1,"CFrame":[-0.11684253811836243,-0.000005841255187988281,-0.01346820592880249,0.975023627281189,-0.0014484251150861383,-0.22209639847278596,0.001485545071773231,0.999998927116394,8.511067051131249e-8,0.22209611535072328,-0.00033001930569298565,0.9750247001647949],"EasingStyle":"Linear","EasingDirection":"In"}}},{"Time":0.23333333432674409,"poses":{"Left Leg":{"Weight":1,"CFrame":[0.11631574481725693,-0.000006079673767089844,-0.01334536075592041,0.9752572774887085,0.0014487082371488214,0.2210686057806015,-0.001485438202507794,0.999998927116394,-8.538847851013998e-8,-0.2210683524608612,-0.00032832458964549005,0.9752583503723145],"EasingStyle":"Linear","EasingDirection":"In"},"Right Arm":{"Weight":1,"CFrame":[5.047358087040266e-10,-0.36766189336776736,-0.13548874855041505,-0.6736937761306763,-0.7350051403045654,0.07684102654457092,0.7365529537200928,-0.6593409180641174,0.15086078643798829,-0.06021902337670326,0.15823154151439668,0.9855640530586243],"EasingStyle":"Linear","EasingDirection":"In"},"Left Arm":{"Weight":1,"CFrame":[-4.142120246797276e-8,-0.3676620125770569,-0.13548874855041505,-0.6736939549446106,0.7350050806999207,-0.07684050500392914,-0.736552894115448,-0.6593409776687622,0.15086083114147187,0.06021938845515251,0.1582312136888504,0.9855641722679138],"EasingStyle":"Linear","EasingDirection":"In"},"Head":{"Weight":1,"CFrame":[8.742276236262114e-8,0,-2.384185791015625e-7,0.9975175261497498,0.0031720211263746025,-0.07034724205732346,-0.005816812627017498,0.9992825984954834,-0.03742331638932228,0.0701780691742897,0.03773961216211319,0.996820330619812],"EasingStyle":"Linear","EasingDirection":"In"},"Torso":{"Weight":1,"CFrame":[0,0,0.006905794143676758,1,0,-8.742277657347586e-8,0,1,0,8.742277657347586e-8,0,1],"EasingStyle":"Linear","EasingDirection":"In"},"HumanoidRootPart":{"Weight":1,"CFrame":[0,0,0,1,0,0,0,1,0,0,0,1],"EasingStyle":"Linear","EasingDirection":"In"},"Right Leg":{"Weight":1,"CFrame":[-0.11631573736667633,-0.000005841255187988281,-0.01334524154663086,0.9752572774887085,-0.0014487007865682245,-0.2210685759782791,0.0014854768523946405,0.999998927116394,8.513110572039295e-8,0.2210683524608612,-0.0003284994454588741,0.9752583503723145],"EasingStyle":"Linear","EasingDirection":"In"}}},{"Time":0.25,"poses":{"Left Leg":{"Weight":1,"CFrame":[0.11537672579288483,-0.000006079673767089844,-0.01312786340713501,0.9756706953048706,0.0014491925248876215,0.2192366123199463,-0.0014853153843432665,0.999998927116394,-8.542461671368074e-8,-0.219236359000206,-0.00032555306097492576,0.9756717681884766],"EasingStyle":"Linear","EasingDirection":"In"},"Right Arm":{"Weight":1,"CFrame":[4.920064355928844e-10,-0.36766189336776736,-0.132071852684021,-0.673693835735321,-0.7350051403045654,0.07684101164340973,0.7362768650054932,-0.6586278080940247,0.1552598774433136,-0.06350718438625336,0.1611739546060562,0.9848806262016296],"EasingStyle":"Linear","EasingDirection":"In"},"Left Arm":{"Weight":1,"CFrame":[-4.037659095956769e-8,-0.3676620125770569,-0.132071852684021,-0.6736938953399658,0.7350050806999207,-0.07684049755334854,-0.7362767457962036,-0.6586278676986694,0.15525992214679719,0.0635075494647026,0.16117362678050996,0.9848807454109192],"EasingStyle":"Linear","EasingDirection":"In"},"Head":{"Weight":1,"CFrame":[8.742276236262114e-8,0,-2.384185791015625e-7,0.9974184632301331,0.0031192724127322437,-0.07174037396907807,-0.005816813558340073,0.9992825984954834,-0.03742332383990288,0.07157216966152191,0.03774401545524597,0.9967210292816162],"EasingStyle":"Linear","EasingDirection":"In"},"Torso":{"Weight":1,"CFrame":[0,0,0.003220796585083008,1,0,-8.742277657347586e-8,0,1,0,8.742277657347586e-8,0,1],"EasingStyle":"Linear","EasingDirection":"In"},"HumanoidRootPart":{"Weight":1,"CFrame":[0,0,0,1,0,0,0,1,0,0,0,1],"EasingStyle":"Linear","EasingDirection":"In"},"Right Leg":{"Weight":1,"CFrame":[-0.11537675559520722,-0.000005841255187988281,-0.013127565383911133,0.9756706357002258,-0.0014491925248876215,-0.2192366123199463,0.001485354034230113,0.999998927116394,8.516725102936107e-8,0.2192363291978836,-0.0003256981144659221,0.9756717085838318],"EasingStyle":"Linear","EasingDirection":"In"}}},{"Time":0.2666666805744171,"poses":{"Left Leg":{"Weight":1,"CFrame":[0.01222352683544159,0.0007491707801818848,0.00970160961151123,0.9751155972480774,-0.0500645712018013,0.2159702181816101,0.051274657249450687,0.9986845850944519,-8.091757308648084e-8,-0.2156861573457718,0.011073893867433072,0.9764000177383423],"EasingStyle":"Linear","EasingDirection":"In"},"Right Arm":{"Weight":1,"CFrame":[4.69325911467422e-10,-0.36766189336776736,-0.1259835958480835,-0.6736940145492554,-0.7350049018859863,0.07684102654457092,0.7357480525970459,-0.657324492931366,0.1630924791097641,-0.06936430186033249,0.16641004383563996,0.983613908290863],"EasingStyle":"Linear","EasingDirection":"In"},"Left Arm":{"Weight":1,"CFrame":[-3.851530294696204e-8,-0.3676620125770569,-0.1259835958480835,-0.6736940741539002,0.7350049614906311,-0.07684050500392914,-0.7357478737831116,-0.6573246121406555,0.1630925089120865,0.06936465948820114,0.16640973091125489,0.9836140275001526],"EasingStyle":"Linear","EasingDirection":"In"},"Head":{"Weight":1,"CFrame":[8.742279078433057e-8,0,0,0.9972371459007263,0.003025264712050557,-0.07422235608100891,-0.005816812627017498,0.9992825984954834,-0.03742332011461258,0.07405589520931244,0.037751663476228717,0.996539294719696],"EasingStyle":"Linear","EasingDirection":"In"},"Torso":{"Weight":1,"CFrame":[0,0,-0.0033447742462158205,1,0,-8.742277657347586e-8,0,1,0,8.742277657347586e-8,0,1],"EasingStyle":"Linear","EasingDirection":"In"},"HumanoidRootPart":{"Weight":1,"CFrame":[0,0,0,1,0,0,0,1,0,0,0,1],"EasingStyle":"Linear","EasingDirection":"In"},"Right Leg":{"Weight":1,"CFrame":[-0.012223541736602784,0.0007492899894714356,0.009701848030090332,0.9751156568527222,0.050064586102962497,-0.2159702181816101,-0.051274623721838,0.9986845850944519,8.980162391480917e-8,0.21568617224693299,0.011073718778789044,0.9764000177383423],"EasingStyle":"Linear","EasingDirection":"In"}}},{"Time":0.28333333134651186,"poses":{"Left Leg":{"Weight":1,"CFrame":[-0.10498319566249848,0.0029625892639160158,0.03428757190704346,0.9716819524765015,-0.10804552584886551,0.21014387905597688,0.11051324754953385,0.993874728679657,-1.0569900155132928e-7,-0.20885662734508515,0.023223767057061197,0.9776704907417297],"EasingStyle":"Linear","EasingDirection":"In"},"Right Arm":{"Weight":1,"CFrame":[4.289137933710663e-10,-0.36766189336776736,-0.11513549089431763,-0.673693835735321,-0.7350050210952759,0.07684102654457092,0.7346901893615723,-0.6548977494239807,0.17702805995941163,-0.0797935202717781,0.17571710050106049,0.9812015891075134],"EasingStyle":"Linear","EasingDirection":"In"},"Left Arm":{"Weight":1,"CFrame":[-3.519886604408384e-8,-0.3676620125770569,-0.11513549089431763,-0.6736938953399658,0.7350050806999207,-0.07684049755334854,-0.7346900105476379,-0.654897928237915,0.177028089761734,0.07979387789964676,0.1757168024778366,0.9812015891075134],"EasingStyle":"Linear","EasingDirection":"In"},"Head":{"Weight":1,"CFrame":[8.742276236262114e-8,0,0,0.9968987703323364,0.0028577118646353485,-0.07864377647638321,-0.005816813092678785,0.9992825984954834,-0.03742332383990288,0.07848041504621506,0.037764713168144229,0.9962002038955689],"EasingStyle":"Linear","EasingDirection":"In"},"Torso":{"Weight":1,"CFrame":[0,0,-0.015043258666992188,1,0,-8.742277657347586e-8,0,1,0,8.742277657347586e-8,0,1],"EasingStyle":"Linear","EasingDirection":"In"},"HumanoidRootPart":{"Weight":1,"CFrame":[0,0,0,1,0,0,0,1,0,0,0,1],"EasingStyle":"Linear","EasingDirection":"In"},"Right Leg":{"Weight":1,"CFrame":[0.10498321056365967,0.002962827682495117,0.03428792953491211,0.9716819524765015,0.1080455482006073,-0.2101438194513321,-0.11051321029663086,0.993874728679657,9.504466191856409e-8,0.20885658264160157,0.023223591968417169,0.9776705503463745],"EasingStyle":"Linear","EasingDirection":"In"}}},{"Time":0.30000001192092898,"poses":{"Left Leg":{"Weight":1,"CFrame":[-0.22781965136528016,0.006780266761779785,0.056996703147888187,0.9653920531272888,-0.16769330203533173,0.19974300265312196,0.1711420714855194,0.9852464199066162,-1.0063700273121867e-7,-0.19679608941078187,0.034184519201517108,0.979848325252533],"EasingStyle":"Linear","EasingDirection":"In"},"Right Arm":{"Weight":1,"CFrame":[3.569073925291377e-10,-0.36766189336776736,-0.09580647945404053,-0.6736937761306763,-0.7350050806999207,0.07684101909399033,0.7324376702308655,-0.650245189666748,0.20178194344043733,-0.09834525734186173,0.1922205686569214,0.9764116406440735],"EasingStyle":"Linear","EasingDirection":"In"},"Left Arm":{"Weight":1,"CFrame":[-2.9289648040276007e-8,-0.3676620125770569,-0.09580647945404053,-0.6736939549446106,0.7350050806999207,-0.07684050500392914,-0.7324374914169312,-0.6502453684806824,0.2017819881439209,0.09834562987089157,0.19222022593021394,0.9764116406440735],"EasingStyle":"Linear","EasingDirection":"In"},"Head":{"Weight":1,"CFrame":[8.742279078433057e-8,0,0,0.9962470531463623,0.0025590136647224428,-0.08651838451623917,-0.00581681402400136,0.9992825984954834,-0.03742332383990288,0.08636055141687393,0.03778613358736038,0.9955471158027649],"EasingStyle":"Linear","EasingDirection":"In"},"Torso":{"Weight":1,"CFrame":[0,0,-0.035887956619262698,1,0,-8.742277657347586e-8,0,1,0,8.742277657347586e-8,0,1],"EasingStyle":"Linear","EasingDirection":"In"},"HumanoidRootPart":{"Weight":1,"CFrame":[0,0,0,1,0,0,0,1,0,0,0,1],"EasingStyle":"Linear","EasingDirection":"In"},"Right Leg":{"Weight":1,"CFrame":[0.22781962156295777,0.006780505180358887,0.056996941566467288,0.9653920531272888,0.16769330203533173,-0.19974306225776673,-0.17114204168319703,0.9852463603019714,1.0048744769619589e-7,0.19679617881774903,0.034184347838163379,0.979848325252533],"EasingStyle":"Linear","EasingDirection":"In"}}},{"Time":0.3166666626930237,"poses":{"Left Leg":{"Weight":1,"CFrame":[-0.3791581988334656,0.013570070266723633,0.0784761905670166,0.9538020491600037,-0.23967665433883668,0.18115413188934327,0.24370886385440827,0.9698485136032105,-9.466567263416437e-8,-0.17569202184677125,0.04414895549416542,0.983454704284668],"EasingStyle":"Linear","EasingDirection":"In"},"Right Arm":{"Weight":1,"CFrame":[2.2860646708977584e-10,-0.36766186356544497,-0.06136596202850342,-0.6736939549446106,-0.7350050210952759,0.07684100419282913,0.7272615432739258,-0.6409221887588501,0.245579332113266,-0.1312529742717743,0.22132886946201325,0.9663261771202087],"EasingStyle":"Linear","EasingDirection":"In"},"Left Arm":{"Weight":1,"CFrame":[-1.8760607289891597e-8,-0.3676620423793793,-0.06136596202850342,-0.673693835735321,0.7350051999092102,-0.07684048265218735,-0.727261483669281,-0.6409221291542053,0.24557936191558839,0.13125336170196534,0.22132855653762818,0.9663262963294983],"EasingStyle":"Linear","EasingDirection":"In"},"Head":{"Weight":1,"CFrame":[8.742276236262114e-8,0,0,0.9949313402175903,0.0020263823680579664,-0.10053624957799912,-0.005816812161356211,0.9992825984954834,-0.03742331638932228,0.1003882884979248,0.03781843185424805,0.9942293167114258],"EasingStyle":"Linear","EasingDirection":"In"},"Torso":{"Weight":1,"CFrame":[0,0,-0.073028564453125,1,0,-8.742277657347586e-8,0,1,0,8.742277657347586e-8,0,1],"EasingStyle":"Linear","EasingDirection":"In"},"HumanoidRootPart":{"Weight":1,"CFrame":[0,0,0,1,0,0,0,1,0,0,0,1],"EasingStyle":"Linear","EasingDirection":"In"},"Right Leg":{"Weight":1,"CFrame":[0.3791581988334656,0.013570308685302735,0.07847654819488526,0.9538020491600037,0.23967666923999787,-0.18115416169166566,-0.24370881915092469,0.9698485136032105,7.728700524012311e-8,0.17569206655025483,0.04414881393313408,0.983454704284668],"EasingStyle":"Linear","EasingDirection":"In"}}},{"Time":0.3333333432674408,"poses":{"Left Leg":{"Weight":1,"CFrame":[-0.5752130746841431,0.025899887084960939,0.09171402454376221,0.9321372509002686,-0.33053237199783327,0.1478802114725113,0.3342069983482361,0.9424998164176941,-1.1711319558571631e-7,-0.13937701284885407,0.04942271113395691,0.9890053272247315],"EasingStyle":"Linear","EasingDirection":"In"},"Right Arm":{"Weight":1,"CFrame":[0,-0.36766186356544497,0,-0.673693835735321,-0.7350049614906311,0.07684101164340973,0.7143959999084473,-0.6211122274398804,0.3222696781158447,-0.18914297223091126,0.2720060646533966,0.943524181842804],"EasingStyle":"Linear","EasingDirection":"In"},"Left Arm":{"Weight":1,"CFrame":[0,-0.3676620423793793,0,-0.6736938953399658,0.7350050806999207,-0.07684052735567093,-0.7143958210945129,-0.6211122870445252,0.3222697973251343,0.1891433298587799,0.27200567722320559,0.943524181842804],"EasingStyle":"Linear","EasingDirection":"In"},"Head":{"Weight":1,"CFrame":[8.742276236262114e-8,0,0,0.9920980334281921,0.0010764814214780927,-0.12546028196811677,-0.00581681402400136,0.9992825984954834,-0.037423327565193179,0.12532998621463777,0.03785739094018936,0.9913925528526306],"EasingStyle":"Linear","EasingDirection":"In"},"Torso":{"Weight":1,"CFrame":[0,0,-0.1392059326171875,1,0,-8.742277657347586e-8,0,1,0,8.742277657347586e-8,0,1],"EasingStyle":"Linear","EasingDirection":"In"},"HumanoidRootPart":{"Weight":1,"CFrame":[0,0,0,1,0,0,0,1,0,0,0,1],"EasingStyle":"Linear","EasingDirection":"In"},"Right Leg":{"Weight":1,"CFrame":[0.5752130746841431,0.02590012550354004,0.09171402454376221,0.9321372509002686,0.33053237199783327,-0.14788009226322175,-0.3342069983482361,0.9424998164176941,8.561229947190441e-8,0.13937702775001527,0.049422457814216617,0.9890052676200867],"EasingStyle":"Linear","EasingDirection":"In"}}},{"Time":0.3499999940395355,"poses":{"Left Leg":{"Weight":1,"CFrame":[-0.5749173164367676,0.025878071784973146,0.09170877933502197,0.9321759343147278,-0.33039742708206179,0.14793823659420014,0.33407339453697207,0.942547082901001,-8.732170186931399e-8,-0.1394387185573578,0.04942231625318527,0.9889966249465942],