{"Sequence":[{"Time":0,"poses":{"Left Leg":{"Weight":1,"CFrame":[-0.5837876200675964,0.0033980607986450197,-0.050167620182037356,0.8708110451698303,-0.4832548201084137,-0.0902944952249527,0.48930591344833376,0.8697632551193237,0.06396590173244477,0.04762296751141548,-0.09988383948802948,0.9938587546348572],"EasingStyle":"Linear","EasingDirection":"In"},"Right Arm":{"Weight":1,"CFrame":[0.0015215873718261719,-0.1734430193901062,0.00008320808410644531,0.8488849997520447,-0.5034555196762085,0.16101817786693574,0.4846721291542053,0.8629348278045654,0.1429559886455536,-0.21092024445533753,-0.04331216961145401,0.9765433073043823],"EasingStyle":"Linear","EasingDirection":"In"},"Head":{"Weight":1,"CFrame":[9.220093488693237e-8,1.0640360414981842e-7,-1.1920928955078126e-7,0.2857476472854614,-0.9582637548446655,0.008881473913788796,0.9557592868804932,0.2843013107776642,-0.07547822594642639,0.06980300694704056,0.030056264251470567,0.997107982635498],"EasingStyle":"Linear","EasingDirection":"In"},"Left Arm":{"Weight":1,"CFrame":[-0.26351970434188845,-0.6621209979057312,0.1842341423034668,-0.9473967552185059,0.3198472261428833,0.011712894774973393,-0.31447315216064455,-0.9370397925376892,0.15186530351638795,0.05954914540052414,0.14019319415092469,0.9883317947387695],"EasingStyle":"Linear","EasingDirection":"In"},"Torso":{"Weight":1,"CFrame":[-1.7108731269836426,-0.0038601430132985117,-0.2603116035461426,0.28200381994247439,0.9526082277297974,-0.11406852304935456,-0.9590128064155579,0.2833220064640045,-0.004825141746550798,0.027721652761101724,0.11075389385223389,0.9934611916542053],"EasingStyle":"Linear","EasingDirection":"In"},"HumanoidRootPart":{"Weight":0,"CFrame":[0,0,0,1,0,0,0,1,0,0,0,1],"EasingStyle":"Linear","EasingDirection":"In"},"Right Leg":{"Weight":1,"CFrame":[0.2783508896827698,0.32511454820632937,0.1198195219039917,0.9397534132003784,-0.11945447325706482,-0.320303350687027,0.12816375494003297,0.9917339086532593,0.00616707606241107,0.31691908836364748,-0.04684683308005333,0.9472949504852295],"EasingStyle":"Linear","EasingDirection":"In"}}},{"Time":0.03333333507180214,"poses":{"Left Leg":{"Weight":1,"CFrame":[-0.6116104125976563,0.0074912309646606449,-0.06284618377685547,0.8677593469619751,-0.485245943069458,-0.10737890750169754,0.4926844537258148,0.8682928085327148,0.057702258229255679,0.06523657590150833,-0.10297558456659317,0.9925423264503479],"EasingStyle":"Linear","EasingDirection":"In"},"Right Arm":{"Weight":1,"CFrame":[0.0034817159175872804,-0.18721553683280946,0.006338596343994141,0.864206075668335,-0.47721022367477419,0.15943126380443574,0.4630846679210663,0.8783158659934998,0.11880171298980713,-0.19672444462776185,-0.02883906289935112,0.980034589767456],"EasingStyle":"Linear","EasingDirection":"In"},"Head":{"Weight":1,"CFrame":[6.05359673500061e-8,-4.8836227506399157e-8,-5.960464477539063e-8,0.31595373153686526,-0.948635458946228,0.016253236681222917,0.9486196041107178,0.31554609537124636,-0.02348603680729866,0.017151059582829477,0.022838642820715905,0.9995920658111572],"EasingStyle":"Linear","EasingDirection":"In"},"Left Arm":{"Weight":1,"CFrame":[-0.3617447316646576,-0.6485111713409424,0.04145252704620361,-0.905291736125946,0.41671136021614077,-0.0824541226029396,-0.42451784014701846,-0.8944585919380188,0.1404586136341095,-0.0152211245149374,0.16215910017490388,0.9866473078727722],"EasingStyle":"Linear","EasingDirection":"In"},"Torso":{"Weight":1,"CFrame":[-1.7310912609100342,0.0008180532604455948,-0.2810378074645996,0.2983604073524475,0.9460847973823547,-0.126113623380661,-0.95365971326828,0.30088555812835696,0.0010226034792140127,0.038913238793611529,0.1199643611907959,0.9920153021812439],"EasingStyle":"Linear","EasingDirection":"In"},"HumanoidRootPart":{"Weight":0,"CFrame":[0,0,0,1,0,0,0,1,0,0,0,1],"EasingStyle":"Linear","EasingDirection":"In"},"Right Leg":{"Weight":1,"CFrame":[0.29189354181289675,0.36369043588638308,0.13101625442504884,0.9355255961418152,-0.09984315186738968,-0.3388556241989136,0.11132430285215378,0.9936774969100952,0.014563462696969509,0.3352591395378113,-0.051347408443689349,0.9407257437705994],"EasingStyle":"Linear","EasingDirection":"In"}}},{"Time":0.06666667014360428,"poses":{"Left Leg":{"Weight":1,"CFrame":[-0.6380152106285095,0.012390434741973877,-0.07623064517974854,0.8647879958152771,-0.48644670844078066,-0.12454472482204437,0.4952589273452759,0.8672024011611939,0.05175807327032089,0.0828278437256813,-0.10644157230854035,0.9908630847930908],"EasingStyle":"Linear","EasingDirection":"In"},"Right Arm":{"Weight":1,"CFrame":[0.007120758295059204,-0.22099244594573975,0.017955541610717775,0.8918745517730713,-0.42747700214385989,0.14772698283195496,0.4213241636753082,0.9040235877037048,0.07230223715305329,-0.16445618867874146,-0.0022436680737882854,0.9863818883895874],"EasingStyle":"Linear","EasingDirection":"In"},"Head":{"Weight":1,"CFrame":[1.0058283805847168e-7,1.6391277313232423e-7,-2.980232238769531e-7,0.34551456570625307,-0.9380725026130676,0.025295579805970193,0.9377422332763672,0.3461613357067108,0.028494833037257196,-0.03548654541373253,0.013875367119908333,0.9992738962173462],"EasingStyle":"Linear","EasingDirection":"In"},"Left Arm":{"Weight":1,"CFrame":[-0.5615750551223755,-0.5608742237091065,-0.11922311782836914,-0.7490089535713196,0.6334273815155029,-0.19430753588676454,-0.6594658493995667,-0.7410404682159424,0.12634867429733277,-0.06395702809095383,0.2227753847837448,0.9727696180343628],"EasingStyle":"Linear","EasingDirection":"In"},"Torso":{"Weight":1,"CFrame":[-1.7514485120773316,0.005350119434297085,-0.3019287586212158,0.31460338830947878,0.9390894770622253,-0.13833215832710267,-0.9478873014450073,0.31853583455085757,0.006687684450298548,0.05034409090876579,0.12901930510997773,0.9903632998466492],"EasingStyle":"Linear","EasingDirection":"In"},"HumanoidRootPart":{"Weight":0,"CFrame":[0,0,0,1,0,0,0,1,0,0,0,1],"EasingStyle":"Linear","EasingDirection":"In"},"Right Leg":{"Weight":1,"CFrame":[0.30142608284950259,0.40134990215301516,0.14115047454833985,0.9302639365196228,-0.08205780386924744,-0.3575969934463501,0.09659942984580994,0.995058536529541,0.022960754111409189,0.35394585132598879,-0.05590326711535454,0.9335936903953552],"EasingStyle":"Linear","EasingDirection":"In"}}},{"Time":0.10000000149011612,"poses":{"Left Leg":{"Weight":1,"CFrame":[-0.6427279114723206,0.020545661449432374,-0.07484710216522217,0.8706508278846741,-0.4769124686717987,-0.1205061748623848,0.48489654064178469,0.8732959628105164,0.047216884791851047,0.08271919935941696,-0.09954250603914261,0.9915890693664551],"EasingStyle":"Linear","EasingDirection":"In"},"Right Arm":{"Weight":1,"CFrame":[0.009080708026885987,-0.2634626626968384,0.02421104907989502,0.9083312749862671,-0.4006495773792267,0.12005884200334549,0.3984081447124481,0.9161909818649292,0.043186988681554797,-0.12729966640472413,0.00860427226871252,0.9918270111083984],"EasingStyle":"Linear","EasingDirection":"In"},"Head":{"Weight":1,"CFrame":[9.499490261077881e-8,-2.9103830456733705e-8,0,0.33724918961524966,-0.9409579038619995,-0.029347972944378854,0.9305661916732788,0.3379197418689728,-0.1409146934747696,0.14251206815242768,0.020213143900036813,0.9895867109298706],"EasingStyle":"Linear","EasingDirection":"In"},"Left Arm":{"Weight":1,"CFrame":[-0.734298825263977,-0.3770783245563507,-0.14009970426559449,-0.49824658036231997,0.8487369418144226,-0.1771891713142395,-0.8638063073158264,-0.46829351782798769,0.18584932386875153,0.07476065307855606,0.24565589427947999,0.966469943523407],"EasingStyle":"Linear","EasingDirection":"In"},"Torso":{"Weight":1,"CFrame":[-1.6175355911254883,0.004643898457288742,-0.2675316333770752,0.3065098226070404,0.9470467567443848,-0.09567810595035553,-0.9512234926223755,0.30844807624816897,0.005804906133562326,0.03500925004482269,0.08923199772834778,0.9953954219818115],"EasingStyle":"Linear","EasingDirection":"In"},"HumanoidRootPart":{"Weight":0,"CFrame":[0,0,0,1,0,0,0,1,0,0,0,1],"EasingStyle":"Linear","EasingDirection":"In"},"Right Leg":{"Weight":1,"CFrame":[0.24518001079559327,0.3306346535682678,0.11628735065460205,0.9272106289863586,-0.14421255886554719,-0.3456634283065796,0.16089683771133424,0.986770510673523,0.019905561581254007,0.33821991086006167,-0.07407281547784805,0.9381474256515503],"EasingStyle":"Linear","EasingDirection":"In"}}},{"Time":0.13333334028720857,"poses":{"Left Leg":{"Weight":1,"CFrame":[-0.6057173013687134,-0.005966663360595703,-0.06201821565628052,0.8588955998420715,-0.5005627870559692,-0.10832946747541428,0.5079900622367859,0.859549343585968,0.055866628885269168,0.06514976918697357,-0.10301390290260315,0.9925441145896912],"EasingStyle":"Linear","EasingDirection":"In"},"Right Arm":{"Weight":1,"CFrame":[-0.028624778613448144,-0.30559241771698,0.020011186599731447,0.8965721726417542,-0.4353693127632141,0.08131320774555206,0.43311071395874026,0.9002395868301392,0.044540803879499438,-0.09259309619665146,-0.004716497380286455,0.9956929087638855],"EasingStyle":"Linear","EasingDirection":"In"},"Head":{"Weight":1,"CFrame":[1.1315569281578064e-7,-1.0477378964424133e-7,-4.172325134277344e-7,0.3124622404575348,-0.9465231895446777,-0.08038198947906494,0.8958800435066223,0.3217628300189972,-0.306378573179245,0.3158583641052246,0.02371911145746708,0.948509931564331],"EasingStyle":"Linear","EasingDirection":"In"},"Left Arm":{"Weight":1,"CFrame":[-0.8054168224334717,-0.26730990409851076,-0.14308208227157594,-0.22569964826107026,0.957355260848999,-0.18036282062530518,-0.950344443321228,-0.1756495088338852,0.2568906247615814,0.2142549455165863,0.22938686609268189,0.9494611620903015],"EasingStyle":"Linear","EasingDirection":"In"},"Torso":{"Weight":1,"CFrame":[-1.4394737482070923,0.0022244583815336229,-0.20744943618774415,0.28890278935432436,0.9573560357093811,0.0021622588392347099,-0.9573562741279602,0.2888965904712677,0.0027806072030216457,0.002037361729890108,-0.002873377176001668,0.9999938011169434],"EasingStyle":"Linear","EasingDirection":"In"},"HumanoidRootPart":{"Weight":0,"CFrame":[0,0,0,1,0,0,0,1,0,0,0,1],"EasingStyle":"Linear","EasingDirection":"In"},"Right Leg":{"Weight":1,"CFrame":[0.12756088376045228,0.17617762088775636,0.06926143169403076,0.9252842664718628,-0.1976245790719986,-0.3237183392047882,0.21408280730247498,0.9766899943351746,0.015660326927900316,0.3130776584148407,-0.08379283547401428,0.9460239410400391],"EasingStyle":"Linear","EasingDirection":"In"}}},{"Time":0.1666666716337204,"poses":{"Left Leg":{"Weight":1,"CFrame":[-0.5615198612213135,-0.059593915939331058,-0.048418521881103519,0.8055914640426636,-0.5836919546127319,-0.10161744058132172,0.591475784778595,0.8022593855857849,0.08084708452224732,0.0343337319791317,-0.125233992934227,0.9915330410003662],"EasingStyle":"Linear","EasingDirection":"In"},"Right Arm":{"Weight":1,"CFrame":[-0.0986492931842804,-0.3474530279636383,0.01221168041229248,0.8556467890739441,-0.5157390236854553,0.04337901994585991,0.5132111310958862,0.8563141822814941,0.057797543704509738,-0.06695449352264404,-0.02719174511730671,0.9973855018615723],"EasingStyle":"Linear","EasingDirection":"In"},"Head":{"Weight":1,"CFrame":[7.194466888904572e-8,-2.5684130378067496e-7,-1.1920928955078126e-7,0.2984318435192108,-0.9528919458389282,-0.0541800819337368,0.9267137050628662,0.30287909507751467,-0.22240935266017915,0.22834207117557527,0.016164608299732209,0.9734468460083008],"EasingStyle":"Linear","EasingDirection":"In"},"Left Arm":{"Weight":1,"CFrame":[-0.804740309715271,-0.36702728271484377,-0.14116805791854859,-0.03159252554178238,0.9720491766929627,-0.23264215886592866,-0.9626802206039429,0.03300171718001366,0.2686222791671753,0.2687916159629822,0.23244644701480866,0.9347297549247742],"EasingStyle":"Linear","EasingDirection":"In"},"Torso":{"Weight":1,"CFrame":[-1.3537261486053467,-0.0005722737405449152,-0.18188118934631349,0.2740931510925293,0.9554527997970581,0.10946698486804962,-0.961207389831543,0.27582594752311709,-0.0007152905454859138,-0.030877264216542245,-0.10502441227436066,0.9939901828765869],"EasingStyle":"Linear","EasingDirection":"In"},"HumanoidRootPart":{"Weight":0,"CFrame":[0,0,0,1,0,0,0,1,0,0,0,1],"EasingStyle":"Linear","EasingDirection":"In"},"Right Leg":{"Weight":1,"CFrame":[0.04777422547340393,0.08374524116516113,0.0400615930557251,0.939394474029541,-0.1483657956123352,-0.3090720772743225,0.16060613095760346,0.9869136810302734,0.014392450451850891,0.30289217829704287,-0.06315909326076508,0.9509297609329224],"EasingStyle":"Linear","EasingDirection":"In"}}},{"Time":0.20000000298023225,"poses":{"Left Leg":{"Weight":1,"CFrame":[-0.5711510181427002,-0.09921371936798096,-0.04629933834075928,0.7431075572967529,-0.6606736779212952,-0.10630868375301361,0.6690274477005005,0.7368144392967224,0.09750247001647949,0.01391245424747467,-0.14357826113700868,0.9895411729812622],"EasingStyle":"Linear","EasingDirection":"In"},"Right Arm":{"Weight":1,"CFrame":[-0.13635501265525819,-0.39139607548713686,0.008011937141418457,0.7937717437744141,-0.6080023646354675,0.01611553691327572,0.6052665710449219,0.792251467704773,0.07739651203155518,-0.05982479080557823,-0.051681071519851688,0.9968701601028442],"EasingStyle":"Linear","EasingDirection":"In"},"Head":{"Weight":1,"CFrame":[1.1583324521780014e-7,-7.596099749207497e-9,0,0.2810261845588684,-0.9596526026725769,-0.009554101154208184,0.9578559398651123,0.2810891568660736,-0.05916857719421387,0.05946683883666992,0.00747646763920784,0.9982023239135742],"EasingStyle":"Linear","EasingDirection":"In"},"Left Arm":{"Weight":1,"CFrame":[-0.8000046014785767,-0.4667452573776245,-0.1313973069190979,0.07965578883886337,0.9609420299530029,-0.2650388777256012,-0.9506343007087708,0.15322738885879517,0.26984405517578127,0.29991570115089419,0.2304602563381195,0.9257097840309143],"EasingStyle":"Linear","EasingDirection":"In"},"Torso":{"Weight":1,"CFrame":[-1.292557954788208,-0.0007467011455446482,-0.1987907886505127,0.2690680921077728,0.9448385238647461,0.1867685317993164,-0.9617127180099487,0.27405792474746706,-0.0009333249181509018,-0.052067238837480548,-0.17936654388904572,0.9824035167694092],"EasingStyle":"Linear","EasingDirection":"In"},"HumanoidRootPart":{"Weight":0,"CFrame":[0,0,0,1,0,0,0,1,0,0,0,1],"EasingStyle":"Linear","EasingDirection":"In"},"Right Leg":{"Weight":1,"CFrame":[0.05651101469993591,0.06681591272354126,0.04227626323699951,0.9498018026351929,-0.06468697637319565,-0.3060917854309082,0.07336816936731339,0.9971612095832825,0.016929281875491144,0.3041278123855591,-0.038536857813596728,0.951851487159729],"EasingStyle":"Linear","EasingDirection":"In"}}},{"Time":0.23333333432674409,"poses":{"Left Leg":{"Weight":1,"CFrame":[-0.5961399078369141,-0.11928439140319824,-0.04789423942565918,0.7061502933502197,-0.6995057463645935,-0.10974381119012833,0.708049476146698,0.698529064655304,0.10355232656002045,0.004223735071718693,-0.1508275866508484,0.988551139831543],"EasingStyle":"Linear","EasingDirection":"In"},"Right Arm":{"Weight":1,"CFrame":[-0.13030529022216798,-0.43847259879112246,0.011853694915771485,0.7268235683441162,-0.686822235584259,-0.0016790067311376334,0.683616578578949,0.72319096326828,0.09830237925052643,-0.06630197912454605,-0.07259640842676163,0.9951552152633667],"EasingStyle":"Linear","EasingDirection":"In"},"Head":{"Weight":1,"CFrame":[1.7666025087237359e-7,1.391636033076793e-7,2.384185791015625e-7,0.2700701951980591,-0.9627535939216614,0.01294921338558197,0.9623047709465027,0.2703441083431244,0.02972797118127346,-0.03212140128016472,0.004432485904544592,0.9994741082191467],"EasingStyle":"Linear","EasingDirection":"In"},"Left Arm":{"Weight":1,"CFrame":[-0.7527344226837158,-0.46495842933654787,-0.11130183935165405,0.12621213495731355,0.952195405960083,-0.27819862961769106,-0.9412454962730408,0.20350579917430879,0.26952236890792849,0.3132530152797699,0.22783610224723817,0.9219345450401306],"EasingStyle":"Linear","EasingDirection":"In"},"Torso":{"Weight":1,"CFrame":[-1.2713475227355958,-0.00005445040005724877,-0.22262239456176759,0.2681370675563812,0.938953697681427,0.21556563675403596,-0.9615564942359924,0.2746073603630066,-0.00006801219569751993,-0.059259749948978427,-0.20726034045219422,0.9764893651008606],"EasingStyle":"Linear","EasingDirection":"In"},"HumanoidRootPart":{"Weight":0,"CFrame":[0,0,0,1,0,0,0,1,0,0,0,1],"EasingStyle":"Linear","EasingDirection":"In"},"Right Leg":{"Weight":1,"CFrame":[0.11061513423919678,0.07841110229492188,0.05931735038757324,0.9519873857498169,-0.0030551184900105,-0.30612221360206606,0.009376084432005883,0.9997720718383789,0.01918039657175541,0.305993914604187,-0.021129706874489785,0.9517990946769714],"EasingStyle":"Linear","EasingDirection":"In"}}},{"Time":0.2666666805744171,"poses":{"Left Leg":{"Weight":1,"CFrame":[-0.6279627680778503,-0.12512969970703126,-0.049985527992248538,0.6883555054664612,-0.7171663641929627,-0.10880933701992035,0.725372314453125,0.6802744269371033,0.10517407953739166,-0.0014070689212530852,-0.15132445096969605,0.988483190536499],"EasingStyle":"Linear","EasingDirection":"In"},"Right Arm":{"Weight":1,"CFrame":[-0.11372923851013184,-0.484546959400177,0.021015048027038575,0.6646468043327332,-0.7469492554664612,-0.017650138586759568,0.7433754801750183,0.6587238907814026,0.11608587205410004,-0.07508370280265808,-0.09027687460184097,0.9930824041366577],"EasingStyle":"Linear","EasingDirection":"In"},"Head":{"Weight":1,"CFrame":[8.699134923517704e-8,-1.1535303201526404e-7,0,0.2718924283981323,-0.9622793197631836,0.00965013075619936,0.9622701406478882,0.2719721496105194,0.008215726353228093,-0.010530371218919754,0.007052246015518904,0.9999197721481323],"EasingStyle":"Linear","EasingDirection":"In"},"Left Arm":{"Weight":1,"CFrame":[-0.6848254203796387,-0.4524540603160858,-0.09271758794784546,0.13522298634052277,0.9503321051597595,-0.2803279161453247,-0.9390804171562195,0.21315346658229829,0.26961779594421389,0.31597933173179629,0.2267918586730957,0.9212614297866821],"EasingStyle":"Linear","EasingDirection":"In"},"Torso":{"Weight":1,"CFrame":[-1.2755037546157838,-0.0001564555277582258,-0.24732136726379395,0.26730895042419436,0.9393611550331116,0.2148178517818451,-0.9618037939071655,0.2737400233745575,-0.00019551858713384718,-0.058987896889448169,-0.2065603882074356,0.9766541123390198],"EasingStyle":"Linear","EasingDirection":"In"},"HumanoidRootPart":{"Weight":0,"CFrame":[0,0,0,1,0,0,0,1,0,0,0,1],"EasingStyle":"Linear","EasingDirection":"In"},"Right Leg":{"Weight":1,"CFrame":[0.17331859469413758,0.10301125049591065,0.07867133617401123,0.9517449736595154,0.03137354925274849,-0.30528220534324648,-0.026793014258146287,0.9994570016860962,0.019183678552508355,0.305718332529068,-0.010078596882522107,0.9520686864852905],"EasingStyle":"Linear","EasingDirection":"In"}}},{"Time":0.30000001192092898,"poses":{"Left Leg":{"Weight":1,"CFrame":[-0.656739354133606,-0.12837564945220948,-0.05135202407836914,0.6736982464790344,-0.7312413454055786,-0.10684982687234879,0.7389748096466065,0.6652495861053467,0.10657904297113419,-0.006853247992694378,-0.1507614552974701,0.9885464310646057],"EasingStyle":"Linear","EasingDirection":"In"},"Right Arm":{"Weight":1,"CFrame":[-0.08898872137069702,-0.5241847038269043,0.031949400901794437,0.6137763857841492,-0.7888893485069275,-0.03053467720746994,0.7850052118301392,0.6057286262512207,0.12984545528888703,-0.08393800258636475,-0.1036660224199295,0.9910639524459839],"EasingStyle":"Linear","EasingDirection":"In"},"Head":{"Weight":1,"CFrame":[1.471489667892456e-7,2.043088898062706e-8,-5.960464477539063e-8,0.2757323384284973,-0.9612318873405457,0.0022512339055538179,0.9605236649513245,0.2754376232624054,-0.03909803554415703,0.03696224465966225,0.01294296607375145,0.9992328882217407],"EasingStyle":"Linear","EasingDirection":"In"},"Left Arm":{"Weight":1,"CFrame":[-0.6602482795715332,-0.41353440284729006,-0.08593922853469849,0.12939555943012238,0.9515859484672546,-0.2788209021091461,-0.9405167102813721,0.2068595290184021,0.26951348781585696,0.31414204835891726,0.2273617535829544,0.9217490553855896],"EasingStyle":"Linear","EasingDirection":"In"},"Torso":{"Weight":1,"CFrame":[-1.2852458953857422,-0.0004471744177863002,-0.27130961418151858,0.2661129832267761,0.9407951831817627,0.20997262001037599,-0.9622134566307068,0.27229610085487368,-0.0005589171778410673,-0.057700544595718387,-0.201889768242836,0.9777070879936218],"EasingStyle":"Linear","EasingDirection":"In"},"HumanoidRootPart":{"Weight":0,"CFrame":[0,0,0,1,0,0,0,1,0,0,0,1],"EasingStyle":"Linear","EasingDirection":"In"},"Right Leg":{"Weight":1,"CFrame":[0.2261582314968109,0.12835705280303956,0.09457147121429444,0.9510022401809692,0.056648142635822299,-0.3039502501487732,-0.0534713976085186,0.9983929991722107,0.01877194456756115,0.3045251965522766,-0.0015995686408132315,0.952502965927124],"EasingStyle":"Linear","EasingDirection":"In"}}},{"Time":0.3333333432674408,"poses":{"Left Leg":{"Weight":1,"CFrame":[-0.677646279335022,-0.12563204765319825,-0.052833378314971927,0.669314444065094,-0.735491156578064,-0.10521933436393738,0.7429246306419373,0.660802960395813,0.10678242892026901,-0.009008274413645268,-0.1496410369873047,0.9886994361877441],"EasingStyle":"Linear","EasingDirection":"In"},"Right Arm":{"Weight":1,"CFrame":[-0.05844464898109436,-0.5519521236419678,0.04111051559448242,0.5799058675765991,-0.8137463927268982,-0.03906191140413284,0.8096221685409546,0.5703040361404419,0.138799786567688,-0.09067072719335556,-0.11211629956960678,0.9895498156547546],"EasingStyle":"Linear","EasingDirection":"In"},"Head":{"Weight":1,"CFrame":[1.3737007975578309e-7,9.546056389808655e-8,-5.960464477539063e-8,0.27942854166030886,-0.9601516723632813,-0.005331781227141619,0.9564580321311951,0.2788325548171997,-0.08625920861959458,0.08430860191583634,0.019003648310899736,0.9962584972381592],"EasingStyle":"Linear","EasingDirection":"In"},"Left Arm":{"Weight":1,"CFrame":[-0.6528588533401489,-0.36371320486068728,-0.08079689741134644,0.08834090083837509,0.9596386551856995,-0.26700106263160708,-0.949070930480957,0.16247329115867616,0.2699388861656189,0.3024243116378784,0.22955620288848878,0.9251181483268738],"EasingStyle":"Linear","EasingDirection":"In"},"Torso":{"Weight":1,"CFrame":[-1.304275393486023,-0.0009052685927599669,-0.28827333450317385,0.2664538621902466,0.9434746503829956,0.19712437689304353,-0.9622950553894043,0.27200549840927126,-0.0011315346928313375,-0.054686494171619418,-0.18939031660556794,0.9803778529167175],"EasingStyle":"Linear","EasingDirection":"In"},"HumanoidRootPart":{"Weight":0,"CFrame":[0,0,0,1,0,0,0,1,0,0,0,1],"EasingStyle":"Linear","EasingDirection":"In"},"Right Leg":{"Weight":1,"CFrame":[0.26342371106147768,0.15275371074676515,0.10608410835266113,0.9502810835838318,0.06783276796340943,-0.30391570925712588,-0.06546902656555176,0.9976927638053894,0.017973175272345544,0.3044337332248688,0.002817452186718583,0.9525293707847595],"EasingStyle":"Linear","EasingDirection":"In"}}},{"Time":0.36666667461395266,"poses":{"Left Leg":{"Weight":1,"CFrame":[-0.686285138130188,-0.11383390426635742,-0.0554051399230957,0.6820153594017029,-0.7237175107002258,-0.10530087351799011,0.7313217520713806,0.6739352345466614,0.10478443652391434,-0.004868446849286556,-0.14847338199615479,0.9889044165611267],"EasingStyle":"Linear","EasingDirection":"In"},"Right Arm":{"Weight":1,"CFrame":[-0.024458378553390504,-0.5624157786369324,0.044952392578125,0.5677386522293091,-0.822131335735321,-0.04210794344544411,0.8179044723510742,0.557544469833374,0.1420445442199707,-0.09330223500728607,-0.11508446931838989,0.988964319229126],"EasingStyle":"Linear","EasingDirection":"In"},"Head":{"Weight":1,"CFrame":[9.522773325443268e-8,-6.32135197520256e-8,-4.172325134277344e-7,0.281501442193985,-0.9595199227333069,-0.00886172242462635,0.953717827796936,0.2807929813861847,-0.1076001226902008,0.105732761323452,0.021838003769516946,0.9941548109054565],"EasingStyle":"Linear","EasingDirection":"In"},"Left Arm":{"Weight":1,"CFrame":[-0.6139850616455078,-0.33908551931381228,-0.0620042085647583,-0.024788707494735719,0.971969485282898,-0.23379701375961305,-0.9621989130973816,0.04025138542056084,0.2693568766117096,0.27121734619140627,0.23163612186908723,0.9342300295829773],"EasingStyle":"Linear","EasingDirection":"In"},"Torso":{"Weight":1,"CFrame":[-1.336323857307434,-0.0015586898662149907,-0.29218578338623049,0.2701483368873596,0.9472709894180298,0.17232967913150788,-0.9615626931190491,0.2745785415172577,-0.0019483169307932258,-0.049163613468408588,-0.16517944633960725,0.9850375056266785],"EasingStyle":"Linear","EasingDirection":"In"},"HumanoidRootPart":{"Weight":0,"CFrame":[0,0,0,1,0,0,0,1,0,0,0,1],"EasingStyle":"Linear","EasingDirection":"In"},"Right Leg":{"Weight":1,"CFrame":[0.2804517149925232,0.17419463396072389,0.11284244060516358,0.9497918486595154,0.06065041199326515,-0.30694809556007388,-0.05832868069410324,0.9981571435928345,0.016740946099162103,0.3073977828025818,0.0020034390036016704,0.9515790343284607],"EasingStyle":"Linear","EasingDirection":"In"}}},{"Time":0.4000000059604645,"poses":{"Left Leg":{"Weight":1,"CFrame":[-0.5837879776954651,0.0033975839614868166,-0.05016756057739258,0.8708110451698303,-0.4832547903060913,-0.09029455482959748,0.48930591344833376,0.8697632551193237,0.06396598368883133,0.04762297868728638,-0.09988394379615784,0.993858814239502],"EasingStyle":"Linear","EasingDirection":"In"},"Right Arm":{"Weight":1,"CFrame":[0.0015218853950500489,-0.1734432578086853,0.00008320808410644531,0.8488849997520447,-0.5034555196762085,0.16101817786693574,0.4846721291542053,0.8629348278045654,0.1429559886455536,-0.21092024445533753,-0.04331216961145401,0.9765433073043823],"EasingStyle":"Linear","EasingDirection":"In"},"Head":{"Weight":1,"CFrame":[9.220093488693237e-8,4.6798959374427798e-8,-4.172325134277344e-7,0.2857476472854614,-0.9582637548446655,0.008881473913788796,0.9557592868804932,0.2843013107776642,-0.07547822594642639,0.06980300694704056,0.030056264251470567,0.997107982635498],"EasingStyle":"Linear","EasingDirection":"In"},"Left Arm":{"Weight":1,"CFrame":[-0.2635197639465332,-0.6621212959289551,0.1842341423034668,-0.9473967552185059,0.3198472261428833,0.011712894774973393,-0.31447315216064455,-0.9370397925376892,0.15186530351638795,0.05954914540052414,0.14019319415092469,0.9883317947387695],"EasingStyle":"Linear","EasingDirection":"In"},"Torso":{"Weight":1,"CFrame":[-1.2108731269836426,-0.0038601430132985117,-0.2603116035461426,0.28200381994247439,0.9526082277297974,-0.11406852304935456,-0.9590128064155579,0.2833220064640045,-0.004825141746550798,0.027721652761101724,0.11075389385223389,0.9934611916542053],"EasingStyle":"Linear","EasingDirection":"In"},"HumanoidRootPart":{"Weight":0,"CFrame":[0,0,0,1,0,0,0,1,0,0,0,1],"EasingStyle":"Linear","EasingDirection":"In"},"Right Leg":{"Weight":1,"CFrame":[0.2783513069152832,0.32511430978775027,0.11981964111328125,0.9397534132003784,-0.1194542944431305,-0.32030338048934939,0.12816359102725984,0.9917338490486145,0.006167074665427208,0.31691908836364748,-0.04684678092598915,0.9472949504852295],"EasingStyle":"Linear","EasingDirection":"In"}}},{"Time":0.4333333373069763,"poses":{"Left Leg":{"Weight":1,"CFrame":[-0.6053604483604431,0.0063169002532958988,-0.0645173192024231,0.8722409605979919,-0.4762016534805298,-0.11147993057966232,0.48360475897789,0.8737787008285523,0.051355186849832538,0.07295335084199906,-0.09870632737874985,0.9924389123916626],"EasingStyle":"Linear","EasingDirection":"In"},"Right Arm":{"Weight":1,"CFrame":[0.006840825080871582,-0.18721482157707215,0.00633847713470459,0.8861632943153381,-0.4315038323402405,0.16887564957141877,0.4226798117160797,0.9020929932594299,0.08700697124004364,-0.18988536298274995,-0.00572199746966362,0.9817896485328674],"EasingStyle":"Linear","EasingDirection":"In"},"Head":{"Weight":1,"CFrame":[1.3504177331924439e-7,1.3969838619232179e-7,3.5762786865234377e-7,0.3183857202529907,-0.9477076530456543,0.021926146000623704,0.9479600191116333,0.3182629942893982,-0.008970685303211213,0.0015233452431857586,0.023641271516680719,0.9997194409370422],"EasingStyle":"Linear","EasingDirection":"In"},"Left Arm":{"Weight":1,"CFrame":[-0.3617444932460785,-0.6485103368759155,0.041452646255493167,-0.9052916765213013,0.4167112708091736,-0.08245410025119782,-0.4245178997516632,-0.8944585919380188,0.14045867323875428,-0.015221107751131058,0.16215911507606507,0.9866472482681274],"EasingStyle":"Linear","EasingDirection":"In"},"Torso":{"Weight":1,"CFrame":[-0.7460199594497681,0.004723783582448959,-0.28197193145751955,0.3017193377017975,0.9438114166259766,-0.13485345244407655,-0.9522504806518555,0.3052608072757721,0.00590476905927062,0.04673847183585167,0.12663264572620393,0.9908480644226074],"EasingStyle":"Linear","EasingDirection":"In"},"HumanoidRootPart":{"Weight":0,"CFrame":[0,0,0,1,0,0,0,1,0,0,0,1],"EasingStyle":"Linear","EasingDirection":"In"},"Right Leg":{"Weight":1,"CFrame":[0.2929422855377197,0.37524348497390749,0.1316845417022705,0.93398118019104,-0.0975799635052681,-0.34374016523361208,0.11130253225564957,0.9935778379440308,0.02036771923303604,0.3395451605319977,-0.057282231748104098,0.9388439655303955],"EasingStyle":"Linear","EasingDirection":"In"}}},{"Time":0.46666666865348818,"poses":{"Left Leg":{"Weight":1,"CFrame":[-0.6380150318145752,0.012390732765197754,-0.07623070478439331,0.8647881150245667,-0.4864464998245239,-0.12454473972320557,0.49525871872901919,0.8672025203704834,0.051757968962192538,0.08282792568206787,-0.10644152015447617,0.9908630847930908],"EasingStyle":"Linear","EasingDirection":"In"},"Right Arm":{"Weight":1,"CFrame":[0.008800595998764038,-0.22099214792251588,0.017955660820007325,0.9020282626152039,-0.4041748344898224,0.15161719918251038,0.400338351726532,0.9146291613578796,0.0564161092042923,-0.1614755392074585,0.009809262119233609,0.9868280291557312],"EasingStyle":"Linear","EasingDirection":"In"},"Head":{"Weight":1,"CFrame":[1.0803341865539551e-7,1.043081283569336e-7,-5.960464477539063e-8,0.34551456570625307,-0.9380725026130676,0.025295579805970193,0.9377422332763672,0.3461613357067108,0.028494833037257196,-0.03548654541373253,0.013875367119908333,0.9992738962173462],"EasingStyle":"Linear","EasingDirection":"In"},"Left Arm":{"Weight":1,"CFrame":[-0.5615750551223755,-0.5608739852905273,-0.11922311782836914,-0.7490089535713196,0.6334273815155029,-0.19430753588676454,-0.6594658493995667,-0.7410404682159424,0.12634867429733277,-0.06395702809095383,0.2227753847837448,0.9727696180343628],"EasingStyle":"Linear","EasingDirection":"In"},"Torso":{"Weight":1,"CFrame":[-0.7514485120773315,0.005350119434297085,-0.3019287586212158,0.31460338830947878,0.9390894770622253,-0.13833215832710267,-0.9478873014450073,0.31853583455085757,0.006687684450298548,0.05034409090876579,0.12901930510997773,0.9903632998466492],"EasingStyle":"Linear","EasingDirection":"In"},"HumanoidRootPart":{"Weight":0,"CFrame":[0,0,0,1,0,0,0,1,0,0,0,1],"EasingStyle":"Linear","EasingDirection":"In"},"Right Leg":{"Weight":1,"CFrame":[0.3014264702796936,0.40135037899017336,0.14115047454833985,0.9302639961242676,-0.08205771446228028,-0.3575969636440277,0.09659931063652039,0.995058536529541,0.022960664704442025,0.35394588112831118,-0.055903080850839618,0.9335936903953552],"EasingStyle":"Linear","EasingDirection":"In"}}},{"Time":0.5,"poses":{"Left Leg":{"Weight":1,"CFrame":[-0.6427280902862549,0.02054530382156372,-0.07484698295593262,0.8706509470939636,-0.4769124686717987,-0.12050610035657883,0.48489660024642947,0.8732960224151611,0.047216907143592837,0.08271915465593338,-0.09954241663217545,0.9915890693664551],"EasingStyle":"Linear","EasingDirection":"In"},"Right Arm":{"Weight":1,"CFrame":[0.009080678224563599,-0.2634629011154175,0.02421104907989502,0.9083313345909119,-0.4006495773792267,0.12005884200334549,0.3984081447124481,0.9161909818649292,0.04318699240684509,-0.12729966640472413,0.008604268543422223,0.9918270111083984],"EasingStyle":"Linear","EasingDirection":"In"},"Head":{"Weight":1,"CFrame":[1.0710209608078003e-7,3.3527612686157229e-8,-1.7881393432617188e-7,0.33724918961524966,-0.9409579038619995,-0.029347969219088556,0.9305661916732788,0.3379197418689728,-0.14091470837593079,0.14251208305358888,0.02021314948797226,0.9895867109298706],"EasingStyle":"Linear","EasingDirection":"In"},"Left Arm":{"Weight":1,"CFrame":[-0.7342987656593323,-0.3770785927772522,-0.14009976387023927,-0.49824652075767519,0.8487370014190674,-0.17718927562236787,-0.8638063073158264,-0.46829354763031008,0.18584933876991273,0.07476061582565308,0.2456558644771576,0.9664698839187622],"EasingStyle":"Linear","EasingDirection":"In"},"Torso":{"Weight":1,"CFrame":[-0.6175356507301331,0.004643901251256466,-0.2675316333770752,0.3065098226070404,0.9470467567443848,-0.09567810595035553,-0.9512234926223755,0.30844807624816897,0.005804912187159061,0.03500925377011299,0.08923199027776718,0.9953954219818115],"EasingStyle":"Linear","EasingDirection":"In"},"HumanoidRootPart":{"Weight":0,"CFrame":[0,0,0,1,0,0,0,1,0,0,0,1],"EasingStyle":"Linear","EasingDirection":"In"},"Right Leg":{"Weight":1,"CFrame":[0.2451801598072052,0.3306348919868469,0.11628735065460205,0.9272106885910034,-0.14421243965625764,-0.3456634283065796,0.16089676320552827,0.986770510673523,0.019905688241124154,0.33821988105773928,-0.07407289743423462,0.9381474852561951],"EasingStyle":"Linear","EasingDirection":"In"}}},{"Time":0.5333333611488342,"poses":{"Left Leg":{"Weight":1,"CFrame":[-0.6057174205780029,-0.0059664249420166019,-0.06201815605163574,0.8588955998420715,-0.5005627870559692,-0.10832952708005905,0.5079900622367859,0.859549343585968,0.05586659163236618,0.06514977663755417,-0.10301393270492554,0.9925440549850464],"EasingStyle":"Linear","EasingDirection":"In"},"Right Arm":{"Weight":1,"CFrame":[-0.028624970465898515,-0.3055923879146576,0.020011186599731447,0.8965722322463989,-0.4353693127632141,0.08131320774555206,0.43311071395874026,0.9002395868301392,0.04454080015420914,-0.09259309619665146,-0.004716495517641306,0.9956929087638855],"EasingStyle":"Linear","EasingDirection":"In"},"Head":{"Weight":1,"CFrame":[1.234002411365509e-7,7.532071322202683e-8,-4.172325134277344e-7,0.3124622106552124,-0.9465231895446777,-0.08038198947906494,0.8958799242973328,0.3217628300189972,-0.306378573179245,0.3158583343029022,0.023719115182757379,0.948509931564331],"EasingStyle":"Linear","EasingDirection":"In"},"Left Arm":{"Weight":1,"CFrame":[-0.8054166436195374,-0.26730990409851076,-0.14308202266693116,-0.22569963335990907,0.957355260848999,-0.1803627610206604,-0.950344443321228,-0.1756495088338852,0.2568906247615814,0.2142549455165863,0.22938686609268189,0.9494611620903015],"EasingStyle":"Linear","EasingDirection":"In"},"Torso":{"Weight":1,"CFrame":[-0.4394737482070923,0.0022244597785174848,-0.20744943618774415,0.28890278935432436,0.9573560357093811,0.0021622744388878347,-0.9573562741279602,0.2888965904712677,0.002780609531328082,0.0020373594015836717,-0.002873392775654793,0.9999938011169434],"EasingStyle":"Linear","EasingDirection":"In"},"HumanoidRootPart":{"Weight":0,"CFrame":[0,0,0,1,0,0,0,1,0,0,0,1],"EasingStyle":"Linear","EasingDirection":"In"},"Right Leg":{"Weight":1,"CFrame":[0.12756037712097169,0.17617768049240113,0.06926131248474121,0.9252842664718628,-0.19762490689754487,-0.3237183094024658,0.21408315002918244,0.976689875125885,0.015660209581255914,0.3130776286125183,-0.0837927833199501,0.9460239410400391],"EasingStyle":"Linear","EasingDirection":"In"}}},{"Time":0.5666666626930237,"poses":{"Left Leg":{"Weight":1,"CFrame":[-0.5615196228027344,-0.059593796730041507,-0.04841846227645874,0.8055915236473084,-0.5836919546127319,-0.10161736607551575,0.5914758443832398,0.8022595047950745,0.08084709197282791,0.034333694726228717,-0.1252339631319046,0.9915330410003662],"EasingStyle":"Linear","EasingDirection":"In"},"Right Arm":{"Weight":1,"CFrame":[-0.09864950180053711,-0.3474528193473816,0.01221168041229248,0.8556467890739441,-0.5157390236854553,0.04337901994585991,0.5132111310958862,0.8563141822814941,0.057797543704509738,-0.06695449352264404,-0.02719174511730671,0.9973855018615723],"EasingStyle":"Linear","EasingDirection":"In"},"Head":{"Weight":1,"CFrame":[1.240987330675125e-7,4.118192009627819e-8,1.1920928955078126e-7,0.2984318435192108,-0.9528919458389282,-0.0541800819337368,0.9267137050628662,0.30287909507751467,-0.22240935266017915,0.22834207117557527,0.016164608299732209,0.9734468460083008],"EasingStyle":"Linear","EasingDirection":"In"},"Left Arm":{"Weight":1,"CFrame":[-0.8047401309013367,-0.36702707409858706,-0.1411679983139038,-0.03159252554178238,0.9720491766929627,-0.23264215886592866,-0.9626802206039429,0.03300171718001366,0.2686222791671753,0.2687916159629822,0.23244644701480866,0.9347297549247742],"EasingStyle":"Linear","EasingDirection":"In"},"Torso":{"Weight":1,"CFrame":[-0.3537261486053467,-0.0005722737405449152,-0.18188118934631349,0.2740931510925293,0.9554527997970581,0.10946698486804962,-0.961207389831543,0.27582594752311709,-0.0007152905454859138,-0.030877264216542245,-0.10502441227436066,0.9939901828765869],"EasingStyle":"Linear","EasingDirection":"In"},"HumanoidRootPart":{"Weight":0,"CFrame":[0,0,0,1,0,0,0,1,0,0,0,1],"EasingStyle":"Linear","EasingDirection":"In"},"Right Leg":{"Weight":1,"CFrame":[0.047774508595466617,0.08374559879302979,0.04006147384643555,0.9393945336341858,-0.14836564660072328,-0.30907201766967776,0.16060593724250794,0.9869136810302734,0.014392536133527756,0.30289214849472048,-0.06315913796424866,0.9509297013282776],"EasingStyle":"Linear","EasingDirection":"In"}}},{"Time":0.6000000238418579,"poses":{"Left Leg":{"Weight":1,"CFrame":[-0.5711506009101868,-0.0992131233215332,-0.046299517154693606,0.7431075572967529,-0.6606737375259399,-0.10630866885185242,0.6690274477005005,0.7368144989013672,0.09750247746706009,0.013912435621023178,-0.14357827603816987,0.9895411729812622],"EasingStyle":"Linear","EasingDirection":"In"},"Right Arm":{"Weight":1,"CFrame":[-0.13635513186454774,-0.39139583706855776,0.008011937141418457,0.7937717437744141,-0.6080023646354675,0.01611553505063057,0.6052665710449219,0.7922513484954834,0.07739650458097458,-0.05982478708028793,-0.051680997014045718,0.996870219707489],"EasingStyle":"Linear","EasingDirection":"In"},"Head":{"Weight":1,"CFrame":[1.2700911611318589e-7,3.8708094507455829e-8,2.384185791015625e-7,0.2810261845588684,-0.9596526026725769,-0.00955410860478878,0.9578559398651123,0.2810891568660736,-0.05916856229305267,0.05946683883666992,0.007476460188627243,0.9982023239135742],"EasingStyle":"Linear","EasingDirection":"In"},"Left Arm":{"Weight":1,"CFrame":[-0.8000046014785767,-0.466744989156723,-0.13139724731445313,0.07965580374002457,0.9609420895576477,-0.26503872871398928,-0.9506343007087708,0.15322738885879517,0.26984405517578127,0.29991570115089419,0.23046016693115235,0.9257097840309143],"EasingStyle":"Linear","EasingDirection":"In"},"Torso":{"Weight":1,"CFrame":[-0.2925580143928528,-0.0007467104587703943,-0.1987907886505127,0.2690680921077728,0.9448385238647461,0.1867685168981552,-0.9617127180099487,0.27405792474746706,-0.0009333367343060672,-0.05206724628806114,-0.17936654388904572,0.9824035167694092],"EasingStyle":"Linear","EasingDirection":"In"},"HumanoidRootPart":{"Weight":0,"CFrame":[0,0,0,1,0,0,0,1,0,0,0,1],"EasingStyle":"Linear","EasingDirection":"In"},"Right Leg":{"Weight":1,"CFrame":[0.056510746479034427,0.06681609153747559,0.04227626323699951,0.9498018026351929,-0.06468713283538819,-0.3060917854309082,0.07336831092834473,0.9971612691879273,0.016929270699620248,0.3041278123855591,-0.03853690251708031,0.951851487159729],"EasingStyle":"Linear","EasingDirection":"In"}}},{"Time":0.6333333253860474,"poses":{"Left Leg":{"Weight":1,"CFrame":[-0.5961402058601379,-0.11928439140319824,-0.04789447784423828,0.7061501741409302,-0.6995058655738831,-0.10974380373954773,0.7080496549606323,0.6985288858413696,0.10355231910943985,0.0042237089946866039,-0.1508275717496872,0.988551139831543],"EasingStyle":"Linear","EasingDirection":"In"},"Right Arm":{"Weight":1,"CFrame":[-0.1303052008152008,-0.43847259879112246,0.011853814125061036,0.7268235683441162,-0.686822235584259,-0.0016790067311376334,0.683616578578949,0.72319096326828,0.09830237925052643,-0.066301979124546