{"Sequence":[{"Time":0,"poses":{"Left Leg":{"Weight":1,"CFrame":[-0.7329145669937134,0.6468327641487122,-0.39549505710601809,0.9524907469749451,-0.0016944478265941144,-0.30456286668777468,0.09150461107492447,0.9553776979446411,0.28085649013519289,0.29049667716026308,-0.29538214206695559,0.9101434350013733],"EasingStyle":"Linear","EasingDirection":"In"},"Right Arm":{"Weight":1,"CFrame":[0.24195566773414613,-0.1291036605834961,0.06453227996826172,0.7622033953666687,-0.3666248917579651,0.5335093140602112,0.351901650428772,0.926413357257843,0.13387884199619294,-0.5433334708213806,0.08569978177547455,0.8351312875747681],"EasingStyle":"Linear","EasingDirection":"In"},"Left Arm":{"Weight":1,"CFrame":[-0.11043572425842285,-0.42663320899009707,0.14822208881378175,-0.06494589149951935,0.7999526858329773,-0.5965381860733032,-0.847649335861206,-0.3596728444099426,-0.3900335133075714,-0.5265668630599976,0.4803239703178406,0.7014385461807251],"EasingStyle":"Linear","EasingDirection":"In"},"Head":{"Weight":1,"CFrame":[5.21540641784668e-8,-4.470348358154297e-8,1.1920928955078126e-7,0.9878525733947754,-0.09726540744304657,0.12118863314390183,0.124163918197155,0.9629966616630554,-0.23920853435993195,-0.09343753755092621,0.2513500452041626,0.9633756279945374],"EasingStyle":"Linear","EasingDirection":"In"},"Torso":{"Weight":1,"CFrame":[0.16143810749053956,-0.11016643047332764,-0.4751605987548828,0.8737165927886963,-0.4637695252895355,0.14675545692443849,0.4823262095451355,0.8650999665260315,-0.1377081423997879,-0.06309331208467484,0.19110187888145448,0.9795403480529785],"EasingStyle":"Linear","EasingDirection":"In"},"HumanoidRootPart":{"Weight":1,"CFrame":[0,0,0,1,0,0,0,1,0,0,0,1],"EasingStyle":"Linear","EasingDirection":"In"},"Right Leg":{"Weight":1,"CFrame":[0.3054981827735901,0.16697078943252564,0.3889411687850952,0.6888809204101563,0.369060218334198,-0.623889148235321,-0.4881475269794464,0.8724607825279236,-0.02289663627743721,0.5358685255050659,0.3203229308128357,0.7811773419380188],"EasingStyle":"Linear","EasingDirection":"In"}}},{"Time":0.01666666753590107,"poses":{"Left Leg":{"Weight":1,"CFrame":[-0.7283058166503906,0.700600266456604,-0.42209750413894656,0.9538539052009583,0.01736161671578884,-0.2997686564922333,0.07978182286024094,0.9477893114089966,0.3087560534477234,0.289478063583374,-0.3184242248535156,0.9026674032211304],"EasingStyle":"Linear","EasingDirection":"In"},"Right Arm":{"Weight":1,"CFrame":[0.23679423332214356,-0.1245572566986084,0.06256711483001709,0.7787026166915894,-0.3239041566848755,0.5373159646987915,0.2987224757671356,0.9445334672927856,0.1364603340625763,-0.5517128705978394,0.054246217012405398,0.8322680592536926],"EasingStyle":"Linear","EasingDirection":"In"},"Left Arm":{"Weight":1,"CFrame":[-0.16628727316856385,-0.4052174687385559,0.14395999908447267,-0.13449233770370484,0.8014190196990967,-0.5827859044075012,-0.8271827101707459,-0.4146261513233185,-0.3792807161808014,-0.5456010699272156,0.43105992674827578,0.7186840176582336],"EasingStyle":"Linear","EasingDirection":"In"},"Head":{"Weight":1,"CFrame":[1.043081283569336e-7,2.9802322387695315e-8,2.384185791015625e-7,0.989158570766449,-0.09039577841758728,0.11573228240013123,0.11529369652271271,0.9661535024642944,-0.23076993227005006,-0.0909544974565506,0.24161124229431153,0.9661010503768921],"EasingStyle":"Linear","EasingDirection":"In"},"Torso":{"Weight":1,"CFrame":[0.16925832629203797,-0.12218621373176575,-0.5109121799468994,0.8702394962310791,-0.46354159712791445,0.16677044332027436,0.4872511625289917,0.859801709651947,-0.15273286402225495,-0.07259149849414826,0.21417325735092164,0.974094569683075],"EasingStyle":"Linear","EasingDirection":"In"},"HumanoidRootPart":{"Weight":1,"CFrame":[0,0,0,1,0,0,0,1,0,0,0,1],"EasingStyle":"Linear","EasingDirection":"In"},"Right Leg":{"Weight":1,"CFrame":[0.306820809841156,0.17718255519866944,0.40375208854675295,0.6880481839179993,0.3546309769153595,-0.6331086754798889,-0.49161553382873537,0.8695313930511475,-0.04721546918153763,0.5337638258934021,0.34373244643211367,0.7726215720176697],"EasingStyle":"Linear","EasingDirection":"In"}}},{"Time":0.03333333507180214,"poses":{"Left Leg":{"Weight":1,"CFrame":[-0.7439152002334595,0.7534964680671692,-0.4553239941596985,0.9528876543045044,0.026878168806433679,-0.30213019251823428,0.08065372705459595,0.937756359577179,0.33779874444007876,0.292403906583786,-0.3462521731853485,0.8914086222648621],"EasingStyle":"Linear","EasingDirection":"In"},"Right Arm":{"Weight":1,"CFrame":[0.22198179364204408,-0.12070852518081665,0.060579657554626468,0.791438102722168,-0.2822359502315521,0.5421887040138245,0.24315382540225984,0.9591839909553528,0.14436855912208558,-0.5608047842979431,0.017576321959495546,0.8277615308761597],"EasingStyle":"Linear","EasingDirection":"In"},"Left Arm":{"Weight":1,"CFrame":[-0.2258366197347641,-0.3888436555862427,0.1400594711303711,-0.25693345069885256,0.8121651411056519,-0.5238063335418701,-0.8028806447982788,-0.48106732964515688,-0.35207512974739077,-0.5379292964935303,0.33009395003318789,0.7756739258766174],"EasingStyle":"Linear","EasingDirection":"In"},"Head":{"Weight":1,"CFrame":[1.2665987014770509e-7,1.4901161193847657e-8,-1.1920928955078126e-7,0.9923965930938721,-0.07036016881465912,0.1009872630238533,0.09085628390312195,0.9722841382026672,-0.2154267132282257,-0.08303086459636688,0.2229640781879425,0.9712841510772705],"EasingStyle":"Linear","EasingDirection":"In"},"Torso":{"Weight":1,"CFrame":[0.1750018298625946,-0.13342934846878053,-0.5473270416259766,0.8657639622688294,-0.4636610448360443,0.18833787739276887,0.4934477210044861,0.8536342978477478,-0.1667867749929428,-0.08343913406133652,0.23733288049697877,0.9678383469581604],"EasingStyle":"Linear","EasingDirection":"In"},"HumanoidRootPart":{"Weight":1,"CFrame":[0,0,0,1,0,0,0,1,0,0,0,1],"EasingStyle":"Linear","EasingDirection":"In"},"Right Leg":{"Weight":1,"CFrame":[0.3075619637966156,0.18706351518630982,0.4132591485977173,0.6866618990898132,0.3399437665939331,-0.6425991654396057,-0.4952511489391327,0.865829348564148,-0.07117483019828797,0.5321858525276184,0.36712098121643069,0.762889564037323],"EasingStyle":"Linear","EasingDirection":"In"}}},{"Time":0.05000000074505806,"poses":{"Left Leg":{"Weight":1,"CFrame":[-0.7759544849395752,0.8043918609619141,-0.49403226375579836,0.9500442743301392,0.028462542220950128,-0.3108147382736206,0.09234502911567688,0.9256153702735901,0.3670266568660736,0.29814139008522036,-0.37739381194114687,0.876747190952301],"EasingStyle":"Linear","EasingDirection":"In"},"Right Arm":{"Weight":1,"CFrame":[0.19852611422538758,-0.11749956011772156,0.0586014986038208,0.8004891872406006,-0.24224194884300233,0.5482115149497986,0.18636620044708253,0.9699413180351257,0.15646563470363618,-0.5696355700492859,-0.023081129416823388,0.8215732574462891],"EasingStyle":"Linear","EasingDirection":"In"},"Left Arm":{"Weight":1,"CFrame":[-0.28782951831817629,-0.37670451402664187,0.13551628589630128,-0.40398284792900088,0.8102403879165649,-0.4246274530887604,-0.76963210105896,-0.5519473552703857,-0.32096806168556216,-0.49443328380584719,0.19714124500751496,0.8465642333030701],"EasingStyle":"Linear","EasingDirection":"In"},"Head":{"Weight":1,"CFrame":[7.450580596923828e-8,7.450580596923828e-8,-5.960464477539063e-8,0.9961150288581848,-0.03893844410777092,0.07898502051830292,0.05365297198295593,0.9795889258384705,-0.19371865689754487,-0.06982967257499695,0.19720390439033509,0.9778724312782288],"EasingStyle":"Linear","EasingDirection":"In"},"Torso":{"Weight":1,"CFrame":[0.1790814995765686,-0.14375793933868409,-0.5835599899291992,0.8602678179740906,-0.4641796946525574,0.2108943909406662,0.5008863806724548,0.8466532230377197,-0.17969754338264466,-0.09514248371124268,0.2602221369743347,0.9608498215675354],"EasingStyle":"Linear","EasingDirection":"In"},"HumanoidRootPart":{"Weight":1,"CFrame":[0,0,0,1,0,0,0,1,0,0,0,1],"EasingStyle":"Linear","EasingDirection":"In"},"Right Leg":{"Weight":1,"CFrame":[0.307569295167923,0.19630593061447144,0.41853654384613039,0.6844506859779358,0.325348436832428,-0.6524382829666138,-0.49924859404563906,0.8613191246986389,-0.0942346453666687,0.5312985181808472,0.3902277946472168,0.7519602179527283],"EasingStyle":"Linear","EasingDirection":"In"}}},{"Time":0.06666667014360428,"poses":{"Left Leg":{"Weight":1,"CFrame":[-0.820148766040802,0.8518053293228149,-0.5367860794067383,0.9453463554382324,0.02415044605731964,-0.3251722455024719,0.11266633868217468,0.9116368293762207,0.3952525854110718,0.3059845268726349,-0.410286545753479,0.8590916395187378],"EasingStyle":"Linear","EasingDirection":"In"},"Right Arm":{"Weight":1,"CFrame":[0.16743537783622743,-0.11487233638763428,0.05666327476501465,0.806082546710968,-0.20455317199230195,0.5553277134895325,0.12960687279701234,0.9766042232513428,0.17159904539585114,-0.5774365663528442,-0.06634880602359772,0.8137351274490356],"EasingStyle":"Linear","EasingDirection":"In"},"Left Arm":{"Weight":1,"CFrame":[-0.35101160407066347,-0.3679938316345215,0.12932729721069337,-0.5426735877990723,0.7840140461921692,-0.30137601494789126,-0.728363573551178,-0.6179454922676086,-0.2960232198238373,-0.41832032799720766,0.058867260813713077,0.9063899517059326],"EasingStyle":"Linear","EasingDirection":"In"},"Head":{"Weight":1,"CFrame":[0,7.450580596923828e-8,2.384185791015625e-7,0.9986515045166016,0.002025995636358857,0.05187546834349632,0.006630681920796633,0.9860767126083374,-0.16615869104862214,-0.05148979648947716,0.1662786453962326,0.9847335815429688],"EasingStyle":"Linear","EasingDirection":"In"},"Torso":{"Weight":1,"CFrame":[0.18190747499465943,-0.15303942561149598,-0.6187243461608887,0.8537586331367493,-0.4651877284049988,0.23387296497821809,0.5095111131668091,0.8389296531677246,-0.1912994086742401,-0.1072128415107727,0.28248441219329836,0.9532617330551148],"EasingStyle":"Linear","EasingDirection":"In"},"HumanoidRootPart":{"Weight":1,"CFrame":[0,0,0,1,0,0,0,1,0,0,0,1],"EasingStyle":"Linear","EasingDirection":"In"},"Right Leg":{"Weight":1,"CFrame":[0.3065691888332367,0.20462173223495484,0.4205508232116699,0.6812309622764587,0.31106093525886538,-0.6626955270767212,-0.5036812424659729,0.8560744524002075,-0.11593858152627945,0.5312528014183044,0.4127682149410248,0.7398599982261658],"EasingStyle":"Linear","EasingDirection":"In"}}},{"Time":0.0833333358168602,"poses":{"Left Leg":{"Weight":1,"CFrame":[-0.8718985319137573,0.8942869901657105,-0.5819746851921082,0.9386022686958313,0.016273465007543565,-0.34461709856987,0.1391398012638092,0.8961925506591797,0.4212825298309326,0.3156990110874176,-0.44336676597595217,0.838904082775116],"EasingStyle":"Linear","EasingDirection":"In"},"Right Arm":{"Weight":1,"CFrame":[0.12971735000610352,-0.11276894807815552,0.05479693412780762,0.8085883259773254,-0.16976365447044373,0.5633516907691956,0.07416551560163498,0.9792418479919434,0.18863940238952638,-0.5836817622184753,-0.11075045168399811,0.8043941855430603],"EasingStyle":"Linear","EasingDirection":"In"},"Left Arm":{"Weight":1,"CFrame":[-0.4141288995742798,-0.36190593242645266,0.12048912048339844,-0.647844135761261,0.7399157881736755,-0.18117016553878785,-0.6867262721061707,-0.6701986193656921,-0.28149744868278506,-0.3297043740749359,-0.05795222148299217,0.9423038363456726],"EasingStyle":"Linear","EasingDirection":"In"},"Head":{"Weight":1,"CFrame":[-4.470348358154297e-8,1.6391277313232423e-7,0,0.9984896779060364,0.050404056906700137,0.02185964398086071,-0.04704948514699936,0.9899318814277649,-0.13349607586860658,-0.028368279337882997,0.13226592540740968,0.9908082485198975],"EasingStyle":"Linear","EasingDirection":"In"},"Torso":{"Weight":1,"CFrame":[0.1838909387588501,-0.16115257143974305,-0.651885986328125,0.8462766408920288,-0.4668154716491699,0.25670820474624636,0.5192434191703796,0.8305467367172241,-0.20144076645374299,-0.11917248368263245,0.30376866459846499,0.9452632069587708],"EasingStyle":"Linear","EasingDirection":"In"},"HumanoidRootPart":{"Weight":1,"CFrame":[0,0,0,1,0,0,0,1,0,0,0,1],"EasingStyle":"Linear","EasingDirection":"In"},"Right Leg":{"Weight":1,"CFrame":[0.30419260263442995,0.21168828010559083,0.4201704263687134,0.6768999099731445,0.2971745431423187,-0.6734194159507752,-0.5085112452507019,0.8502588868141174,-0.1359269917011261,0.5321868658065796,0.43445029854774477,0.7266568541526794],"EasingStyle":"Linear","EasingDirection":"In"}}},{"Time":0.10000000149011612,"poses":{"Left Leg":{"Weight":1,"CFrame":[-0.9263267517089844,0.9307398200035095,-0.6279232501983643,0.9296084642410278,0.0073814610950648788,-0.3684747517108917,0.1690482199192047,0.879879891872406,0.44411033391952517,0.3274917006492615,-0.47513875365257265,0.8166959881782532],"EasingStyle":"Linear","EasingDirection":"In"},"Right Arm":{"Weight":1,"CFrame":[0.08637982606887818,-0.11113077402114868,0.05303299427032471,0.8085013628005981,-0.1383877992630005,0.571991503238678,0.021328816190361978,0.9782097935676575,0.20652039349079133,-0.5881076455116272,-0.15477226674556733,0.7938356399536133],"EasingStyle":"Linear","EasingDirection":"In"},"Left Arm":{"Weight":1,"CFrame":[-0.4759272336959839,-0.3576343059539795,0.10799765586853028,-0.7102788686752319,0.6978274583816528,-0.09241552650928498,-0.6551942229270935,-0.7033864855766296,-0.2756229639053345,-0.25734102725982668,-0.13521914184093476,0.9568130970001221],"EasingStyle":"Linear","EasingDirection":"In"},"Head":{"Weight":1,"CFrame":[2.9802322387695315e-8,4.470348358154297e-8,-5.960464477539063e-8,0.9945703148841858,0.10368280857801438,-0.008928687311708928,-0.10405953973531723,0.9898409247398377,-0.09688398987054825,-0.0012072325916960836,0.09728709608316422,0.9952556490898132],"EasingStyle":"Linear","EasingDirection":"In"},"Torso":{"Weight":1,"CFrame":[0.18544787168502809,-0.16799163818359376,-0.6820685863494873,0.8378968834877014,-0.46922996640205386,0.27884048223495486,0.5299835801124573,0.8215970993041992,-0.20998968183994294,-0.13056106865406037,0.32373055815696719,0.9370977878570557],"EasingStyle":"Linear","EasingDirection":"In"},"HumanoidRootPart":{"Weight":1,"CFrame":[0,0,0,1,0,0,0,1,0,0,0,1],"EasingStyle":"Linear","EasingDirection":"In"},"Right Leg":{"Weight":1,"CFrame":[0.300004243850708,0.21711653470993043,0.418176531791687,0.6714276075363159,0.2836841940879822,-0.6846226453781128,-0.5136063098907471,0.8441037535667419,-0.15393966436386109,0.5342223644256592,0.4549858272075653,0.7124566435813904],"EasingStyle":"Linear","EasingDirection":"In"}}},{"Time":0.11666666716337204,"poses":{"Left Leg":{"Weight":1,"CFrame":[-0.9782962799072266,0.9606105089187622,-0.6729668378829956,0.9183312058448792,0.00016486654931213707,-0.39581286907196047,0.19944460690021516,0.8635771870613098,0.46309417486190798,0.3418913185596466,-0.5042166113853455,0.7930170297622681],"EasingStyle":"Linear","EasingDirection":"In"},"Right Arm":{"Weight":1,"CFrame":[0.03843066096305847,-0.10989922285079956,0.051403045654296878,0.8064135313034058,-0.11082962900400162,0.5808735489845276,-0.027666255831718446,0.9741338491439819,0.2242714911699295,-0.5907045006752014,-0.19692638516426087,0.7824884653091431],"EasingStyle":"Linear","EasingDirection":"In"},"Left Arm":{"Weight":1,"CFrame":[-0.5351521968841553,-0.35437265038490298,0.0908498764038086,-0.7310689091682434,0.6798082590103149,-0.058300070464611056,-0.6430269479751587,-0.7150375247001648,-0.27429500222206118,-0.228154718875885,-0.16304005682468415,0.9598767161369324],"EasingStyle":"Linear","EasingDirection":"In"},"Head":{"Weight":1,"CFrame":[5.960464477539063e-8,-4.470348358154297e-8,1.1920928955078126e-7,0.9865235686302185,0.1590060144662857,-0.038578327745199206,-0.1610649824142456,0.9852420687675476,-0.057932283729314807,0.02879742905497551,0.06336511671543122,0.9975748658180237],"EasingStyle":"Linear","EasingDirection":"In"},"Torso":{"Weight":1,"CFrame":[0.18700242042541505,-0.1734715700149536,-0.7082562446594238,0.8287270069122315,-0.47263017296791079,0.29972025752067568,0.5416152477264404,0.8121782541275024,-0.21683958172798158,-0.14094135165214539,0.34203386306762698,0.929057776927948],"EasingStyle":"Linear","EasingDirection":"In"},"HumanoidRootPart":{"Weight":1,"CFrame":[0,0,0,1,0,0,0,1,0,0,0,1],"EasingStyle":"Linear","EasingDirection":"In"},"Right Leg":{"Weight":1,"CFrame":[0.2935347557067871,0.220414400100708,0.4152717590332031,0.6648464798927307,0.27050885558128359,-0.6962787508964539,-0.5187582969665527,0.8378856778144836,-0.16981586813926698,0.5374653935432434,0.47410187125205996,0.6973940134048462],"EasingStyle":"Linear","EasingDirection":"In"}}},{"Time":0.13333334028720857,"poses":{"Left Leg":{"Weight":1,"CFrame":[-1.022456169128418,0.9839532375335693,-0.7154703140258789,0.9050540328025818,-0.00263515068218112,-0.4252883791923523,0.22714172303676606,0.8484135270118713,0.47812241315841677,0.3595605492591858,-0.529327392578125,0.7684586644172669],"EasingStyle":"Linear","EasingDirection":"In"},"Right Arm":{"Weight":1,"CFrame":[-0.013122260570526123,-0.10901713371276856,0.049938201904296878,0.8029762506484985,-0.08736685663461685,0.5895728468894959,-0.07167045772075653,0.9678658246994019,0.24103745818138123,-0.5916861295700073,-0.23580244183540345,0.770911693572998],"EasingStyle":"Linear","EasingDirection":"In"},"Left Arm":{"Weight":1,"CFrame":[-0.5905495882034302,-0.35131433606147768,0.06804132461547852,-0.702046275138855,0.7081554532051086,-0.07514597475528717,-0.6657023429870606,-0.6900889277458191,-0.28393250703811648,-0.2529258131980896,-0.1493089348077774,0.9558950662612915],"EasingStyle":"Linear","EasingDirection":"In"},"Head":{"Weight":1,"CFrame":[4.470348358154297e-8,-7.450580596923828e-8,-5.960464477539063e-8,0.9747787117958069,0.2133290320634842,-0.06555305421352387,-0.21494828164577485,0.9764474034309387,-0.018647387623786928,0.06003107503056526,0.032267581671476367,0.997674822807312],"EasingStyle":"Linear","EasingDirection":"In"},"Torso":{"Weight":1,"CFrame":[0.18898898363113404,-0.1775301694869995,-0.7294023036956787,0.818902313709259,-0.47724029421806338,0.3188112676143646,0.5540103912353516,0.8023884296417236,-0.22191283106803895,-0.14990472793579102,0.35834968090057375,0.9214738607406616],"EasingStyle":"Linear","EasingDirection":"In"},"HumanoidRootPart":{"Weight":1,"CFrame":[0,0,0,1,0,0,0,1,0,0,0,1],"EasingStyle":"Linear","EasingDirection":"In"},"Right Leg":{"Weight":1,"CFrame":[0.284298300743103,0.22099089622497559,0.4120901823043823,0.6572392582893372,0.25752294063568118,-0.7083208560943604,-0.5237027406692505,0.8319078087806702,-0.18347997963428498,0.5420074462890625,0.49153977632522585,0.6816279292106628],"EasingStyle":"Linear","EasingDirection":"In"}}},{"Time":0.15000000596046449,"poses":{"Left Leg":{"Weight":1,"CFrame":[-1.0533959865570069,1.0012747049331666,-0.7537795901298523,0.8904547095298767,0.001627087825909257,-0.45506906509399416,0.24875226616859437,0.8356336951255798,0.4897330701351166,0.3810679018497467,-0.5492846965789795,0.743689239025116],"EasingStyle":"Linear","EasingDirection":"In"},"Right Arm":{"Weight":1,"CFrame":[-0.0672711431980133,-0.10842597484588623,0.04866981506347656,0.7988616228103638,-0.0681547299027443,0.5976411700248718,-0.10964137315750122,0.9604169130325317,0.2560821771621704,-0.5914379358291626,-0.27010050415992739,0.7597676515579224],"EasingStyle":"Linear","EasingDirection":"In"},"Left Arm":{"Weight":1,"CFrame":[-0.6408653259277344,-0.34765374660491946,0.03856921195983887,-0.6188163757324219,0.776348352432251,-0.11978968232870102,-0.7192690372467041,-0.621289074420929,-0.3108889162540436,-0.31578218936920168,-0.10622216761112213,0.9428671598434448],"EasingStyle":"Linear","EasingDirection":"In"},"Head":{"Weight":1,"CFrame":[5.960464477539063e-8,8.940696716308594e-8,-5.960464477539063e-8,0.9605309367179871,0.263622522354126,-0.0887889564037323,-0.2630130350589752,0.9646108746528626,0.01870734617114067,0.09057843685150147,0.005383603740483522,0.9958747625350952],"EasingStyle":"Linear","EasingDirection":"In"},"Torso":{"Weight":1,"CFrame":[0.19185352325439454,-0.18013057112693788,-0.7444405555725098,0.8085787892341614,-0.4833000898361206,0.33559107780456545,0.5670343637466431,0.7923216223716736,-0.2251633256673813,-0.15707458555698396,0.37235400080680849,0.9147021770477295],"EasingStyle":"Linear","EasingDirection":"In"},"HumanoidRootPart":{"Weight":1,"CFrame":[0,0,0,1,0,0,0,1,0,0,0,1],"EasingStyle":"Linear","EasingDirection":"In"},"Right Leg":{"Weight":1,"CFrame":[0.27180057764053347,0.2181493639945984,0.4091968536376953,0.6487213969230652,0.2445838898420334,-0.7206519842147827,-0.528140664100647,0.826481819152832,-0.19492356479167939,0.5479306578636169,0.507056713104248,0.6653311252593994],"EasingStyle":"Linear","EasingDirection":"In"}}},{"Time":0.1666666716337204,"poses":{"Left Leg":{"Weight":1,"CFrame":[-1.0659167766571046,1.0131583213806153,-0.7861543893814087,0.875542163848877,0.015328203327953816,-0.48289862275123598,0.2608131468296051,0.8263567686080933,0.49911007285118105,0.40669700503349306,-0.5629382729530335,0.719512403011322],"EasingStyle":"Linear","EasingDirection":"In"},"Right Arm":{"Weight":1,"CFrame":[-0.12300771474838257,-0.10806745290756226,0.04762887954711914,0.7947251200675964,-0.053246479481458667,0.6046295166015625,-0.14064015448093415,0.9528806805610657,0.26877260208129885,-0.5904510021209717,-0.29863569140434267,0.7497895956039429],"EasingStyle":"Linear","EasingDirection":"In"},"Left Arm":{"Weight":1,"CFrame":[-0.6848453283309937,-0.3425840437412262,0.0014297962188720704,-0.48616844415664675,0.8547508716583252,-0.1817724108695984,-0.7789656519889832,-0.518165111541748,-0.3531534969806671,-0.39604640007019045,-0.030097782611846925,0.9177371263504028],"EasingStyle":"Linear","EasingDirection":"In"},"Head":{"Weight":1,"CFrame":[4.470348358154297e-8,-5.960464477539063e-8,-5.960464477539063e-8,0.9455794095993042,0.3070507347583771,-0.10770054161548615,-0.30309322476387026,0.9515532851219177,0.05177759379148483,0.11838119477033615,-0.01631658524274826,0.9928341507911682],"EasingStyle":"Linear","EasingDirection":"In"},"Torso":{"Weight":1,"CFrame":[0.19605201482772828,-0.18126201629638673,-0.7522966861724854,0.7979223728179932,-0.49105435609817507,0.3495504558086395,0.5805521607398987,0.7820625305175781,-0.22657762467861176,-0.1621083915233612,0.3837236166000366,0.9091078042984009],"EasingStyle":"Linear","EasingDirection":"In"},"HumanoidRootPart":{"Weight":1,"CFrame":[0,0,0,1,0,0,0,1,0,0,0,1],"EasingStyle":"Linear","EasingDirection":"In"},"Right Leg":{"Weight":1,"CFrame":[0.255529522895813,0.21113049983978272,0.4070943593978882,0.6394184827804565,0.23156042397022248,-0.733160138130188,-0.5317522883415222,0.8219215273857117,-0.20416799187660218,0.5553228855133057,0.5204082727432251,0.648684561252594],"EasingStyle":"Linear","EasingDirection":"In"}}},{"Time":0.18333333730697633,"poses":{"Left Leg":{"Weight":1,"CFrame":[-1.055634617805481,1.0193891525268555,-0.8105096817016602,0.8614398241043091,0.040211021900177,-0.5062652826309204,0.2601006031036377,0.8212670683860779,0.5078070759773254,0.4361984133720398,-0.5691251754760742,0.6970131993293762],"EasingStyle":"Linear","EasingDirection":"In"},"Right Arm":{"Weight":1,"CFrame":[-0.17932459712028504,-0.10788315534591675,0.046846628189086917,0.7911725640296936,-0.042627256363630298,0.6101057529449463,-0.16380923986434937,0.9463504552841187,0.2785447835922241,-0.5892474055290222,-0.3203181028366089,0.7417437434196472],"EasingStyle":"Linear","EasingDirection":"In"},"Left Arm":{"Weight":1,"CFrame":[-0.7212352752685547,-0.3352990746498108,-0.04438084363937378,-0.316898912191391,0.914766252040863,-0.2505548894405365,-0.8230111598968506,-0.3965156674385071,-0.4067283272743225,-0.4714103043079376,0.07731761038303375,0.878518283367157],"EasingStyle":"Linear","EasingDirection":"In"},"Head":{"Weight":1,"CFrame":[5.960464477539063e-8,0,1.1920928955078126e-7,0.9320830702781677,0.341052770614624,-0.12208207696676254,-0.333514541387558,0.9394918084144592,0.07825137674808502,0.14138300716876985,-0.03222068399190903,0.9894304871559143],"EasingStyle":"Linear","EasingDirection":"In"},"Torso":{"Weight":1,"CFrame":[0.20203298330307008,-0.18096023797988892,-0.7516613006591797,0.7871825695037842,-0.5006205439567566,0.3601703345775604,0.5943135619163513,0.7717673182487488,-0.2262003868818283,-0.164727121591568,0.39211511611938479,0.9050473570823669],"EasingStyle":"Linear","EasingDirection":"In"},"HumanoidRootPart":{"Weight":1,"CFrame":[0,0,0,1,0,0,0,1,0,0,0,1],"EasingStyle":"Linear","EasingDirection":"In"},"Right Leg":{"Weight":1,"CFrame":[0.23501378297805787,0.19905894994735719,0.40606069564819338,0.629610002040863,0.21829326450824738,-0.7456133365631104,-0.5340505838394165,0.8186237812042236,-0.21129390597343446,0.5642527937889099,0.5312279462814331,0.6319934129714966],"EasingStyle":"Linear","EasingDirection":"In"}}},{"Time":0.20000000298023225,"poses":{"Left Leg":{"Weight":1,"CFrame":[-1.0301525592803956,1.018769383430481,-0.8245955109596252,0.8486132025718689,0.07150181382894516,-0.5241593718528748,0.2491527795791626,0.820030689239502,0.5152403116226196,0.4666674733161926,-0.5678355097770691,0.6780740022659302],"EasingStyle":"Linear","EasingDirection":"In"},"Right Arm":{"Weight":1,"CFrame":[-0.23521360754966737,-0.1078149676322937,0.04635453224182129,0.7887349128723145,-0.03625863045454025,0.6136631369590759,-0.1783285140991211,0.9418374300003052,0.2848528325557709,-0.5882993936538696,-0.3341071605682373,0.7363942265510559],"EasingStyle":"Linear","EasingDirection":"In"},"Left Arm":{"Weight":1,"CFrame":[-0.7487806081771851,-0.324992299079895,-0.09986609220504761,-0.1342899650335312,0.9381294846534729,-0.3191851079463959,-0.8408141732215881,-0.27832770347595217,-0.4642901122570038,-0.5244022011756897,0.20602598786354066,0.8261691927909851],"EasingStyle":"Linear","EasingDirection":"In"},"Head":{"Weight":1,"CFrame":[8.940696716308594e-8,5.960464477539063e-8,1.1920928955078126e-7,0.922287106513977,0.36329731345176699,-0.13191521167755128,-0.3529027998447418,0.930729866027832,0.09592451900243759,0.15762659907341004,-0.04191671684384346,0.9866087436676025],"EasingStyle":"Linear","EasingDirection":"In"},"Torso":{"Weight":1,"CFrame":[0.2082427740097046,-0.1793893575668335,-0.7423915863037109,0.7768428325653076,-0.5117194652557373,0.3669583201408386,0.6077444553375244,0.7618166208267212,-0.22423680126667024,-0.16480863094329835,0.39721357822418215,0.9028064608573914],"EasingStyle":"Linear","EasingDirection":"In"},"HumanoidRootPart":{"Weight":1,"CFrame":[0,0,0,1,0,0,0,1,0,0,0,1],"EasingStyle":"Linear","EasingDirection":"In"},"Right Leg":{"Weight":1,"CFrame":[0.21124112606048585,0.18346631526947022,0.40430569648742678,0.6194673776626587,0.20508816838264466,-0.7577590942382813,-0.5344934463500977,0.8171626329421997,-0.2157822847366333,0.5749581456184387,0.5386873483657837,0.6158239841461182],"EasingStyle":"Linear","EasingDirection":"In"}}},{"Time":0.21666666865348817,"poses":{"Left Leg":{"Weight":1,"CFrame":[-1.0021673440933228,1.0106185674667359,-0.8263931274414063,0.8372189998626709,0.10185370594263077,-0.5372990369796753,0.23287911713123322,0.8225639462471008,0.5188023447990418,0.4948046803474426,-0.5594768524169922,0.6649464964866638],"EasingStyle":"Linear","EasingDirection":"In"},"Right Arm":{"Weight":1,"CFrame":[-0.2896670997142792,-0.10780555009841919,0.04618346691131592,0.7878450751304627,-0.03412729501724243,0.6149272322654724,-0.18336407840251923,0.9401853084564209,0.28710466623306277,-0.5879436135292053,-0.33894965052604678,0.7344626784324646],"EasingStyle":"Linear","EasingDirection":"In"},"Left Arm":{"Weight":1,"CFrame":[-0.7662277817726135,-0.3108580708503723,-0.16602951288223267,0.03490230068564415,0.9212638139724731,-0.3873692750930786,-0.8358834385871887,-0.18554829061031342,-0.5165953636169434,-0.5477962493896484,0.3418257534503937,0.7635930180549622],"EasingStyle":"Linear","EasingDirection":"In"},"Head":{"Weight":1,"CFrame":[8.940696716308594e-8,-2.9802322387695315e-8,0,0.9182462096214294,0.3715187907218933,-0.13710440695285798,-0.35986363887786868,0.9273363351821899,0.10269147157669068,0.16529372334480287,-0.04495718330144882,0.9852191805839539],"EasingStyle":"Linear","EasingDirection":"In"},"Torso":{"Weight":1,"CFrame":[0.21251118183135987,-0.17676076292991639,-0.7252035140991211,0.7674122452735901,-0.524000346660614,0.3694618344306946,0.6202753782272339,0.7526214718818665,-0.220951110124588,-0.16228646039962769,0.3987286388874054,0.9025954604148865],"EasingStyle":"Linear","EasingDirection":"In"},"HumanoidRootPart":{"Weight":1,"CFrame":[0,0,0,1,0,0,0,1,0,0,0,1],"EasingStyle":"Linear","EasingDirection":"In"},"Right Leg":{"Weight":1,"CFrame":[0.1858271360397339,0.1669769287109375,0.3997694253921509,0.6088768839836121,0.19269588589668275,-0.7695044875144959,-0.5327972769737244,0.8180174827575684,-0.21673603355884553,0.5877040028572083,0.5419554114341736,0.6007398366928101],"EasingStyle":"Linear","EasingDirection":"In"}}},{"Time":0.23333333432674409,"poses":{"Left Leg":{"Weight":1,"CFrame":[-0.9749813079833984,0.9933516979217529,-0.818496823310852,0.8264333009719849,0.12881408631801606,-0.5481012463569641,0.21466746926307679,0.8278558850288391,0.5182398557662964,0.520505428314209,-0.545950174331665,0.65651535987854],"EasingStyle":"Linear","EasingDirection":"In"},"Right Arm":{"Weight":1,"CFrame":[-0.34178921580314639,-0.10782897472381592,0.05025899410247803,0.7906246185302734,-0.03566378355026245,0.6112616658210754,-0.17492032051086427,0.9435434937477112,0.281297892332077,-0.5867841243743897,-0.3293231427669525,0.7397503852844238],"EasingStyle":"Linear","EasingDirection":"In"},"Left Arm":{"Weight":1,"CFrame":[-0.7723221778869629,-0.29208916425704958,-0.24387520551681519,0.16825997829437257,0.870826244354248,-0.4618985950946808,-0.8216413259506226,-0.1349824070930481,-0.553791880607605,-0.5446045398712158,0.47269582748413088,0.6927945613861084],"EasingStyle":"Linear","EasingDirection":"In"},"Head":{"Weight":1,"CFrame":[2.9802322387695315e-8,0,1.1920928955078126e-7,0.9177196025848389,0.3718779981136322,-0.1396334320306778,-0.36001288890838625,0.9272142648696899,0.10326849669218064,0.16787344217300416,-0.04450166970491409,0.9848036170005798],"EasingStyle":"Linear","EasingDirection":"In"},"Torso":{"Weight":1,"CFrame":[0.21462929248809815,-0.17231684923171998,-0.7007412910461426,0.7591606378555298,-0.5371946096420288,0.36755555868148806,0.6314122080802918,0.7449316382408142,-0.21539616584777833,-0.158094123005867,0.3955993354320526,0.9047139883041382],"EasingStyle":"Linear","EasingDirection":"In"},"HumanoidRootPart":{"Weight":1,"CFrame":[0,0,0,1,0,0,0,1,0,0,0,1],"EasingStyle":"Linear","EasingDirection":"In"},"Right Leg":{"Weight":1,"CFrame":[0.15990936756134034,0.1494518518447876,0.3924522399902344,0.5976312160491943,0.18275119364261628,-0.7806657552719116,-0.5299587249755859,0.8206858038902283,-0.21358510851860047,0.6016482710838318,0.5413656830787659,0.5873180031776428],"EasingStyle":"Linear","EasingDirection":"In"}}},{"Time":0.25,"poses":{"Left Leg":{"Weight":1,"CFrame":[-0.9496878981590271,0.9661917686462402,-0.8047864437103272,0.8153570294380188,0.15141363441944123,-0.558808445930481,0.1975110024213791,0.8345471620559692,0.5143154859542847,0.544226348400116,-0.5297215580940247,0.650547981262207],"EasingStyle":"Linear","EasingDirection":"In"},"Right Arm":{"Weight":1,"CFrame":[-0.39113330841064455,-0.10799530148506165,0.06152677536010742,0.798404335975647,-0.04115520045161247,0.6007135510444641,-0.15043474733829499,0.9523882865905762,0.26519039273262026,-0.5830265283584595,-0.302097350358963,0.754199743270874],"EasingStyle":"Linear","EasingDirection":"In"},"Left Arm":{"Weight":1,"CFrame":[-0.7663756608963013,-0.2685145139694214,-0.3355185389518738,0.25654110312461855,0.7925448417663574,-0.5532264709472656,-0.8160242438316345,-0.12913848459720612,-0.5634072422981262,-0.5179682374000549,0.5959831476211548,0.6136063933372498],"EasingStyle":"Linear","EasingDirection":"In"},"Head":{"Weight":1,"CFrame":[1.4901161193847657e-8,-5.960464477539063e-8,0,0.9174049496650696,0.37184882164001467,-0.14176256954669953,-0.35980990529060366,0.9272432327270508,0.10371515154838562,0.17001475393772126,-0.04414127394556999,0.9844524264335632],"EasingStyle":"Linear","EasingDirection":"In"},"Torso":{"Weight":1,"CFrame":[0.2148212194442749,-0.16555294394493104,-0.6699745655059815,0.752246081829071,-0.5507548451423645,0.3616558015346527,0.6407756805419922,0.739311695098877,-0.20694126188755036,-0.15340247750282288,0.387410968542099,0.909054696559906],"EasingStyle":"Linear","EasingDirection":"In"},"HumanoidRootPart":{"Weight":1,"CFrame":[0,0,0,1,0,0,0,1,0,0,0,1],"EasingStyle":"Linear","EasingDirection":"In"},"Right Leg":{"Weight":1,"CFrame":[0.1342834234237671,0.13054919242858888,0.38237762451171877,0.5859709978103638,0.17621061205863954,-0.7909411191940308,-0.5266501903533936,0.8246309161186218,-0.20645420253276826,0.6158551573753357,0.537525475025177,0.5760111212730408],"EasingStyle":"Linear","EasingDirection":"In"}}},{"Time":0.2666666805744171,"poses":{"Left Leg":{"Weight":1,"CFrame":[-0.9262009859085083,0.9307504892349243,-0.7853212356567383,0.804663360118866,0.16926643252372743,-0.5690921545028687,0.18132828176021577,0.8426462411880493,0.5070181488990784,0.5653644800186157,-0.5111714005470276,0.6473536491394043],"EasingStyle":"Linear","EasingDirection":"In"},"Right Arm":{"Weight":1,"CFrame":[-0.43736520409584048,-0.1084463894367218,0.07854831218719483,0.8101086616516113,-0.052221085876226428,0.5839495062828064,-0.11109001189470291,0.964308500289917,0.2403498739004135,-0.5756587386131287,-0.25958049297332766,0.7753933668136597],"EasingStyle":"Linear","EasingDirection":"In"},"Left Arm":{"Weight":1,"CFrame":[-0.751508891582489,-0.24249950051307679,-0.436568021774292,0.30322471261024477,0.6847541928291321,-0.6626964807510376,-0.8286450505256653,-0.15391796827316285,-0.5381975173950195,-0.4705338478088379,0.7123348116874695,0.5207464098930359],"EasingStyle":"Linear","EasingDirection":"In"},"Head":{"Weight":1,"CFrame":[1.043081283569336e-7,2.9802322387695315e-8,1.1920928955078126e-7,0.9174511432647705,0.37104251980781557,-0.14356450736522675,-0.3588666617870331,0.9275785684585571,0.10398440808057785,0.171750009059906,-0.04388018324971199,0.9841628074645996],"EasingStyle":"Linear","EasingDirection":"In"},"Torso":{"Weight":1,"CFrame":[0.21327412128448487,-0.15701770782470704,-0.6341702938079834,0.7470061779022217,-0.5639011859893799,0.35213232040405276,0.6480306386947632,0.7358896136283875,-0.19627222418785096,-0.14845235645771027,0.3748090863227844,0.915139377117157],"EasingStyle":"Linear","EasingDirection":"In"},"HumanoidRootPart":{"Weight":1,"CFrame":[0,0,0,1,0,0,0,1,0,0,0,1],"EasingStyle":"Linear","EasingDirection":"In"},"Right Leg":{"Weight":1,"CFrame":[0.10933363437652588,0.11119568347930908,0.36978375911712649,0.5746222138404846,0.1729426085948944,-0.7999376654624939,-0.5224312543869019,0.8298813700675964,-0.195863738656044,0.6299800276756287,0.530460000038147,0.5672187805175781],"EasingStyle":"Linear","EasingDirection":"In"}}},{"Time":0.28333333134651186,"poses":{"Left Leg":{"Weight":1,"CFrame":[-0.9042255282402039,0.8886338472366333,-0.7601935863494873,0.7950332164764404,0.18210306763648988,-0.5785850882530212,0.16602183878421784,0.8521145582199097,0.49632397294044497,0.5834029316902161,-0.49065181612968447,0.6472262144088745],"EasingStyle":"Linear","EasingDirection":"In"},"Right Arm":{"Weight":1,"CFrame":[-0.4801504909992218,-0.10932397842407227,0.09988510608673096,0.8242795467376709,-0.07068800181150437,0.5617529153823853,-0.05812564864754677,0.9763680696487427,0.2081507444381714,-0.5631914734840393,-0.2042267918586731,0.800691545009613],"EasingStyle":"Linear","EasingDirection":"In"},"Left Arm":{"Weight":1,"CFrame":[-0.732181966304779,-0.2170432209968567,-0.5382645130157471,0.3057684600353241,0.5436143279075623,-0.7816580533981323,-0.8592612147331238,-0.19605569541454316,-0.4724746346473694,-0.41009244322776797,0.816116213798523,0.4071590006351471],"EasingStyle":"Linear","EasingDirection":"In"},"Head":{"Weight":1,"CFrame":[8.940696716308594e-8,1.1920928955078126e-7,0,0.9180041551589966,0.36906757950782778,-0.14511187374591828,-0.35679227113723757,0.9283735156059265,0.1040285974740982,0.17311157286167146,-0.043723948299884799,0.9839311838150024],"EasingStyle":"Linear","EasingDirection":"In"},"Torso":{"Weight":1,"CFrame":[0.2101888656616211,-0.14720284938812257,-0.5946028232574463,0.7437907457351685,-0.5758485198020935,0.3393726646900177,0.6528459787368774,0.7348025441169739,-0.18400366604328156,-0.14341363310813905,0.358418345451355,0.9224797487258911],"EasingStyle":"Linear","EasingDirection":"In"},"HumanoidRootPart":{"Weight":1,"CFrame":[0,0,0,1,0,0,0,1,0,0,0,1],"EasingStyle":"Linear","EasingDirection":"In"},"Right Leg":{"Weight":1,"CFrame":[0.08545094728469849,0.0922243595123291,0.3550015687942505,0.5643358826637268,0.17281217873096467,-0.807255208492279,-0.5169394612312317,0.8363774418830872,-0.18233561515808106,0.643660306930542,0.5202006101608276,0.5613312125205994],"EasingStyle":"Linear","EasingDirection":"In"}}},{"Time":0.30000001192092898,"poses":{"Left Leg":{"Weight":1,"CFrame":[-0.8834614157676697,0.8413915634155273,-0.7295979261398315,0.7871574759483337,0.18969087302684785,-0.5868564248085022,0.151573047041893,0.8628457188606262,0.48220622539520266,0.5978366732597351,-0.46852391958236697,0.6504434943199158],"EasingStyle":"Linear","EasingDirection":"In"},"Right Arm":{"Weight":1,"CFrame":[-0.5191543698310852,-0.11077165603637696,0.12409889698028565,0.8390235304832459,-0.0983191579580307,0.5351380705833435,0.006956335157155991,0.9853958487510681,0.17013701796531678,-0.5440506935119629,-0.13902652263641358,0.8274543285369873],"EasingStyle":"Linear","EasingDirection":"In"},"Left Arm":{"Weight":1,"CFrame":[-0.7128555774688721,-0.19514650106430055,-0.6318485140800476,0.25997403264045718,0.36924952268600466,-0.8922266960144043,-0.9012205004692078,-0.23899315297603608,-0.3615022897720337,-0.34672051668167117,0.8980740904808044,0.27064305543899538],"EasingStyle":"Linear","EasingDirection":"In"},"Head":{"Weight":1,"CFrame":[1.1920928955078126e-7,0,-5.960464477539063e-8,0.9192034006118774,0.3655266761779785,-0.1464765965938568,-0.35319027304649355,0.9297755360603333,0.10379825532436371,0.1741313934326172,-0.04367753863334656,0.9837532639503479],"EasingStyle":"Linear","EasingDirection":"In"},"Torso":{"Weight":1,"CFrame":[0.20578676462173463,-0.13654747605323792,-0.5525317192077637,0.7429561614990234,-0.5858129858970642,0.32378900051116946,0.6548780202865601,0.7362075448036194,-0.17068445682525636,-0.1383867710828781,0.3388533294200897,0.9306060075759888],"EasingStyle":"Linear","EasingDirection":"In"},"HumanoidRootPart":{"Weight":1,"CFrame":[0,0,0,1,0,0,0,1,0,0,0,1],"EasingStyle":"Linear","EasingDirection":"In"},"Right Leg":{"Weight":1,"CFrame":[0.06307011842727661,0.07436025142669678,0.33846795558929446,0.5558913350105286,0.17565347254276277,-0.8124841451644898,-0.5099028944969177,0.84398353099823,-0.16640569269657136,0.656493604183197,0.5067914724349976,0.5587294697761536],"EasingStyle":"Linear","EasingDirection":"In"}}},{"Time":0.3166666626930237,"poses":{"Left Leg":{"Weight":1,"CFrame":[-0.863728940486908,0.7904963493347168,-0.6938667893409729,0.7817339301109314,0.19178636372089387,-0.5933886766433716,0.13810718059539796,0.874663770198822,0.46463921666145327,0.6081269979476929,-0.44517555832862856,0.6572672724723816],"EasingStyle":"Linear","EasingDirection":"In"},"Right Arm":{"Weight":1,"CFrame":[-0.5540429353713989,-0.11293023824691773,0.1497509479522705,0.852026641368866,-0.13650955259799958,0.5053867697715759,0.08225136250257492,0.9883202910423279,0.12828761339187623,-0.516996443271637,-0.06773575395345688,0.8533033132553101],"EasingStyle":"Linear","EasingDirection":"In"},"Left Arm":{"Weight":1,"CFrame":[-0.6979888081550598,-0.17980816960334779,-0.7085613012313843,0.16680389642715455,0.17327792942523957,-0.9706447124481201,-0.9414756894111633,-0.26446428894996645,-0.2090030312538147,-0.29291629791259768,0.9487009048461914,0.11902321130037308],"EasingStyle":"Linear","EasingDirection":"In"},"Head":{"Weight":1,"CFrame":[1.043081283569336e-7,1.4901161193847657e-7,2.3841857