{"Sequence":[{"Time":0,"poses":{"Left Leg":{"Weight":1,"CFrame":[-0.3642565608024597,-0.019944071769714357,0.05965864658355713,0.9653744697570801,-0.22040840983390809,0.1395431011915207,0.24054676294326783,0.959096372127533,-0.14923611283302308,-0.10094238817691803,0.17763537168502809,0.9789057374000549],"EasingStyle":"Linear","EasingDirection":"In"},"Right Arm":{"Weight":1,"CFrame":[0.17956116795539857,0.08660638332366944,0.17937743663787843,-0.8114344477653503,-0.32885992527008059,-0.4831412434577942,0.20717522501945496,-0.934838593006134,0.2883665859699249,-0.546491265296936,0.13389557600021363,0.826691746711731],"EasingStyle":"Linear","EasingDirection":"In"},"Head":{"Weight":1,"CFrame":[1.1920928955078126e-7,-1.4901161193847657e-8,0,0.9956420063972473,-0.02108636498451233,0.09084330499172211,0.04383372515439987,0.9656076431274414,-0.25628218054771426,-0.08231490850448609,0.2591472268104553,0.9623238444328308],"EasingStyle":"Linear","EasingDirection":"In"},"Right Leg":{"Weight":1,"CFrame":[0.6247386336326599,0.1482102870941162,0.007259368896484375,0.8489223122596741,0.526623547077179,-0.044706013053655627,-0.4964519739151001,0.8235745429992676,0.2743362784385681,0.18129076063632966,-0.21069586277008058,0.9605940580368042],"EasingStyle":"Linear","EasingDirection":"In"},"Torso":{"Weight":1,"CFrame":[0.042660653591156009,0.27283310890197756,-0.21507883071899415,0.9599038362503052,-0.2348550260066986,-0.15306136012077332,0.2540988624095917,0.9595508575439453,0.12122680991888046,0.11839943379163742,-0.15525878965854646,0.9807529449462891],"EasingStyle":"Linear","EasingDirection":"In"},"HumanoidRootPart":{"Weight":1,"CFrame":[0,0,0,1,0,0,0,1,0,0,0,1],"EasingStyle":"Linear","EasingDirection":"In"},"Left Arm":{"Weight":1,"CFrame":[0.39270955324172976,-0.204423725605011,0.4412498474121094,0.7140455842018127,0.3358052372932434,-0.6143076419830322,-0.5305279493331909,0.8320792317390442,-0.16181576251983643,0.4568140506744385,0.44145116209983828,0.7722965478897095],"EasingStyle":"Linear","EasingDirection":"In"}}},{"Time":0.03333333507180214,"poses":{"Left Leg":{"Weight":1,"CFrame":[-0.4110029637813568,0.008785545825958252,0.06900012493133545,0.9623562693595886,-0.23375725746154786,0.13866518437862397,0.25227952003479006,0.9580855369567871,-0.13574692606925965,-0.10112134367227555,0.16561929881572724,0.980991780757904],"EasingStyle":"Linear","EasingDirection":"In"},"Right Arm":{"Weight":1,"CFrame":[0.15305015444755555,0.10033166408538819,0.20626413822174073,-0.7982594966888428,-0.3065843880176544,-0.5184475183486939,0.2769922912120819,-0.9511983394622803,0.13600356876850129,-0.5348429083824158,-0.035039931535720828,0.8442246913909912],"EasingStyle":"Linear","EasingDirection":"In"},"Head":{"Weight":1,"CFrame":[1.2665987014770509e-7,7.450580596923828e-9,1.1920928955078126e-7,0.9963124990463257,-0.02186535857617855,0.08296555280685425,0.04209063574671745,0.9671867489814758,-0.2505559027194977,-0.0747646763920784,0.25312402844429018,0.9645406007766724],"EasingStyle":"Linear","EasingDirection":"In"},"Right Leg":{"Weight":1,"CFrame":[0.6444745659828186,0.15432965755462647,0.007975935935974121,0.849475622177124,0.5255669951438904,-0.04658923298120499,-0.4980427920818329,0.8278641700744629,0.2580590844154358,0.17419694364070893,-0.19601154327392579,0.9650052189826965],"EasingStyle":"Linear","EasingDirection":"In"},"Torso":{"Weight":1,"CFrame":[0.04776257276535034,0.2730575203895569,-0.23442339897155763,0.9617745876312256,-0.23579087853431703,-0.1392563134431839,0.2523343861103058,0.9606404304504395,0.11617868393659592,0.1063813641667366,-0.14687688648700715,0.9834176301956177],"EasingStyle":"Linear","EasingDirection":"In"},"HumanoidRootPart":{"Weight":1,"CFrame":[0,0,0,1,0,0,0,1,0,0,0,1],"EasingStyle":"Linear","EasingDirection":"In"},"Left Arm":{"Weight":1,"CFrame":[0.3887009918689728,-0.19842377305030824,0.43833470344543459,0.7119978070259094,0.34346359968185427,-0.6124477386474609,-0.5334434509277344,0.831753671169281,-0.1537005603313446,0.4566151201725006,0.4361405372619629,0.7754250764846802],"EasingStyle":"Linear","EasingDirection":"In"}}},{"Time":0.06666667014360428,"poses":{"Left Leg":{"Weight":1,"CFrame":[-0.4620847702026367,0.07136505842208862,0.07856369018554688,0.9636915326118469,-0.2291499376296997,0.13707323372364045,0.24335521459579469,0.9650070667266846,-0.09767051041126251,-0.10989557206630707,0.12748178839683534,0.9857339859008789],"EasingStyle":"Linear","EasingDirection":"In"},"Right Arm":{"Weight":1,"CFrame":[0.12563025951385499,0.13306164741516114,0.25030994415283205,-0.7750776410102844,-0.276611328125,-0.5681028962135315,0.36642295122146609,-0.9292365908622742,-0.047471921890974048,-0.5147706866264343,-0.24496054649353028,0.8215872049331665],"EasingStyle":"Linear","EasingDirection":"In"},"Head":{"Weight":1,"CFrame":[5.960464477539063e-8,-2.2351741790771486e-8,1.1920928955078126e-7,0.9978382587432861,-0.023751549422740938,0.061277132481336597,0.037534166127443317,0.9713410139083862,-0.23470787703990937,-0.053946319967508319,0.23650042712688447,0.9701327085494995],"EasingStyle":"Linear","EasingDirection":"In"},"Right Leg":{"Weight":1,"CFrame":[0.652529239654541,0.15854912996292115,0.011812448501586914,0.8653146028518677,0.4986654818058014,-0.05062952637672424,-0.47887560725212099,0.8523246049880981,0.21028774976730348,0.1480160653591156,-0.1577199101448059,0.976327657699585],"EasingStyle":"Linear","EasingDirection":"In"},"Torso":{"Weight":1,"CFrame":[0.06126508116722107,0.273429811000824,-0.25133419036865237,0.9659680128097534,-0.2376963049173355,-0.10201197117567063,0.24784281849861146,0.9634122252464294,0.10203345119953156,0.07402661442756653,-0.1238439753651619,0.9895366430282593],"EasingStyle":"Linear","EasingDirection":"In"},"HumanoidRootPart":{"Weight":1,"CFrame":[0,0,0,1,0,0,0,1,0,0,0,1],"EasingStyle":"Linear","EasingDirection":"In"},"Left Arm":{"Weight":1,"CFrame":[0.3778998553752899,-0.1822560429573059,0.43047916889190676,0.7118701338768005,0.35258883237838747,-0.6073895692825317,-0.5333105325698853,0.8341114521026611,-0.14084789156913758,0.45696914196014407,0.4241925776004791,0.7818183898925781],"EasingStyle":"Linear","EasingDirection":"In"}}},{"Time":0.10000000149011612,"poses":{"Left Leg":{"Weight":1,"CFrame":[-0.5044601559638977,0.16396117210388184,0.08155429363250733,0.9691422581672669,-0.2050010859966278,0.13688622415065766,0.21218672394752503,0.9764106869697571,-0.039988722652196887,-0.1254594624042511,0.06780021637678147,0.9897793531417847],"EasingStyle":"Linear","EasingDirection":"In"},"Right Arm":{"Weight":1,"CFrame":[0.09911920875310898,0.17212557792663575,0.30370914936065676,-0.7452426552772522,-0.2337106168270111,-0.6244940757751465,0.46572306752204897,-0.8526984453201294,-0.23665891587734223,-0.47719553112983706,-0.46720972657203677,0.7443116307258606],"EasingStyle":"Linear","EasingDirection":"In"},"Head":{"Weight":1,"CFrame":[8.195638656616211e-8,3.5390257835388186e-8,1.1920928955078126e-7,0.9992538690567017,-0.025878846645355226,0.028673535212874414,0.03134879097342491,0.9770572781562805,-0.21065708994865418,-0.022564122453331949,0.21139875054359437,0.9771394729614258],"EasingStyle":"Linear","EasingDirection":"In"},"Right Leg":{"Weight":1,"CFrame":[0.649203896522522,0.16050821542739869,0.018441081047058107,0.8916797637939453,0.44945642352104189,-0.053816478699445727,-0.4390648305416107,0.8876771926879883,0.13874919712543488,0.11013344675302506,-0.10009098798036576,0.9888642430305481],"EasingStyle":"Linear","EasingDirection":"In"},"Torso":{"Weight":1,"CFrame":[0.08082996308803559,0.27349406480789187,-0.2678101062774658,0.9699099063873291,-0.23885995149612428,-0.047126371413469318,0.2420298308134079,0.9669417142868042,0.08028385043144226,0.026391860097646714,-0.0892740860581398,0.9956573843955994],"EasingStyle":"Linear","EasingDirection":"In"},"HumanoidRootPart":{"Weight":1,"CFrame":[0,0,0,1,0,0,0,1,0,0,0,1],"EasingStyle":"Linear","EasingDirection":"In"},"Left Arm":{"Weight":1,"CFrame":[0.36214232444763186,-0.15867018699645997,0.41901862621307375,0.7139819264411926,0.3621710538864136,-0.5992178320884705,-0.5310850739479065,0.837836503982544,-0.1264064908027649,0.4562658369541168,0.40848758816719057,0.7905437350273132],"EasingStyle":"Linear","EasingDirection":"In"}}},{"Time":0.13333334028720857,"poses":{"Left Leg":{"Weight":1,"CFrame":[-0.5286272168159485,0.2786938548088074,0.0711902379989624,0.9767694473266602,-0.161923348903656,0.14036442339420319,0.15895789861679078,0.9867613911628723,0.0321623757481575,-0.1437140852212906,-0.009103191085159779,0.9895774126052856],"EasingStyle":"Linear","EasingDirection":"In"},"Right Arm":{"Weight":1,"CFrame":[0.07533503323793411,0.20485490560531617,0.3586552143096924,-0.712578535079956,-0.1779610961675644,-0.6786469221115112,0.5613131523132324,-0.7249132394790649,-0.3992847502231598,-0.42090311646461489,-0.665455162525177,0.6164495944976807],"EasingStyle":"Linear","EasingDirection":"In"},"Head":{"Weight":1,"CFrame":[7.450580596923828e-8,3.725290298461914e-8,3.5762786865234377e-7,0.999555766582489,-0.0273472610861063,-0.011851387098431588,0.024763308465480806,0.9832841753959656,-0.1803857535123825,0.016586340963840486,0.18001215159893037,0.9835246205329895],"EasingStyle":"Linear","EasingDirection":"In"},"Right Leg":{"Weight":1,"CFrame":[0.6348591446876526,0.15835487842559815,0.02706754207611084,0.922775149345398,0.3816424608230591,-0.053244758397340778,-0.379123717546463,0.92389976978302,0.05171576887369156,0.06892980635166168,-0.02753569930791855,0.9972414970397949],"EasingStyle":"Linear","EasingDirection":"In"},"Torso":{"Weight":1,"CFrame":[0.10417377948760987,0.272955983877182,-0.28577613830566409,0.9711611270904541,-0.2376113086938858,0.01967098005115986,0.23632214963436128,0.9702486991882324,0.05262461304664612,-0.031589947640895846,-0.04645828902721405,0.9984205961227417],"EasingStyle":"Linear","EasingDirection":"In"},"HumanoidRootPart":{"Weight":1,"CFrame":[0,0,0,1,0,0,0,1,0,0,0,1],"EasingStyle":"Linear","EasingDirection":"In"},"Left Arm":{"Weight":1,"CFrame":[0.3432648181915283,-0.1304132342338562,0.40528905391693118,0.7185938358306885,0.3711797297000885,-0.5880889296531677,-0.5277608036994934,0.8417637944221497,-0.11358826607465744,0.45287036895751955,0.39199399948120119,0.8007802963256836],"EasingStyle":"Linear","EasingDirection":"In"}}},{"Time":0.1666666716337204,"poses":{"Left Leg":{"Weight":1,"CFrame":[-0.5296182632446289,0.40296709537506106,0.04318130016326904,0.983429491519928,-0.10301455855369568,0.14917947351932527,0.08659549802541733,0.9898515343666077,0.11267309635877609,-0.15927255153656007,-0.0978877916932106,0.9823697805404663],"EasingStyle":"Linear","EasingDirection":"In"},"Right Arm":{"Weight":1,"CFrame":[0.05609561502933502,0.218580424785614,0.4073415994644165,-0.6812867522239685,-0.11334285140037537,-0.723188579082489,0.6416133642196655,-0.5680543780326843,-0.5154088139533997,-0.35239264369010928,-0.8151488900184631,0.4597303569316864],"EasingStyle":"Linear","EasingDirection":"In"},"Head":{"Weight":1,"CFrame":[9.685754776000977e-8,4.866160452365875e-8,0,0.9979894161224365,-0.027452297508716584,-0.05712825059890747,0.018845930695533754,0.9890944361686707,-0.14607253670692445,0.06051523983478546,0.14470219612121583,0.9876230359077454],"EasingStyle":"Linear","EasingDirection":"In"},"Right Leg":{"Weight":1,"CFrame":[0.6109556555747986,0.15008598566055299,0.0361407995223999,0.9526826739311218,0.3002924621105194,-0.04711826145648956,-0.3022463917732239,0.9523090720176697,-0.041887227445840839,0.03229277580976486,0.05414656549692154,0.9980106949806213],"EasingStyle":"Linear","EasingDirection":"In"},"Torso":{"Weight":1,"CFrame":[0.12880273163318635,0.2717868685722351,-0.30633091926574709,0.9681156873703003,-0.23284459114074708,0.09238757938146591,0.23189036548137666,0.9725135564804077,0.02108260802924633,-0.09475712478160858,0.0010133847827091814,0.9954999089241028],"EasingStyle":"Linear","EasingDirection":"In"},"HumanoidRootPart":{"Weight":1,"CFrame":[0,0,0,1,0,0,0,1,0,0,0,1],"EasingStyle":"Linear","EasingDirection":"In"},"Left Arm":{"Weight":1,"CFrame":[0.32310327887535097,-0.10023504495620728,0.3906257152557373,0.7258742451667786,0.3786284625530243,-0.5742362141609192,-0.5243407487869263,0.8449234366416931,-0.10569429397583008,0.44516676664352419,0.3778161406517029,0.8118383884429932],"EasingStyle":"Linear","EasingDirection":"In"}}},{"Time":0.20000000298023225,"poses":{"Left Leg":{"Weight":1,"CFrame":[-0.5080686807632446,0.5215502381324768,-0.0017987489700317383,0.9859192967414856,-0.03392825275659561,0.16374388337135316,0.0014845614787191153,0.980938196182251,0.1943146288394928,-0.16721543669700623,-0.19133540987968446,0.9671762585639954],"EasingStyle":"Linear","EasingDirection":"In"},"Right Arm":{"Weight":1,"CFrame":[0.043218836188316348,0.21038711071014405,0.4436469078063965,-0.653870165348053,-0.04827709123492241,-0.7550649046897888,0.7009850144386292,-0.41421881318092348,-0.5805539488792419,-0.2847347557544708,-0.9088960886001587,0.3046870529651642],"EasingStyle":"Linear","EasingDirection":"In"},"Head":{"Weight":1,"CFrame":[7.450580596923828e-9,2.2351741790771486e-8,1.1920928955078126e-7,0.9942570924758911,-0.025853844359517099,-0.10384818911552429,0.01434070523828268,0.9938150644302368,-0.11011810600757599,0.10605288296937943,0.10799644887447357,0.988478422164917],"EasingStyle":"Linear","EasingDirection":"In"},"Right Leg":{"Weight":1,"CFrame":[0.5802013874053955,0.13495784997940064,0.04364454746246338,0.9766363501548767,0.2119799554347992,-0.0352986641228199,-0.21481743454933167,0.9675275087356567,-0.13320687413215638,0.005915264133363962,0.1376773864030838,0.9904594421386719],"EasingStyle":"Linear","EasingDirection":"In"},"Torso":{"Weight":1,"CFrame":[0.15206506848335267,0.27018633484840395,-0.32922983169555666,0.9604616165161133,-0.22437326610088349,0.16483351588249207,0.22942577302455903,0.9732518196105957,-0.01203008834272623,-0.1577252894639969,0.049371495842933658,0.9862480163574219],"EasingStyle":"Linear","EasingDirection":"In"},"HumanoidRootPart":{"Weight":1,"CFrame":[0,0,0,1,0,0,0,1,0,0,0,1],"EasingStyle":"Linear","EasingDirection":"In"},"Left Arm":{"Weight":1,"CFrame":[0.3034941852092743,-0.07088366150856018,0.37636399269104006,0.7358787655830383,0.3836473524570465,-0.5579400658607483,-0.5217429399490356,0.8464810848236084,-0.10608541965484619,0.4315863847732544,0.3691672682762146,0.8230727910995483],"EasingStyle":"Linear","EasingDirection":"In"}}},{"Time":0.23333333432674409,"poses":{"Left Leg":{"Weight":1,"CFrame":[-0.47012603282928469,0.6206083297729492,-0.057078421115875247,0.9824290871620178,0.03777117282152176,0.18277443945407868,-0.08697348833084107,0.9591259956359863,0.26928243041038515,-0.16513267159461976,-0.280447393655777,0.9455583095550537],"EasingStyle":"Linear","EasingDirection":"In"},"Right Arm":{"Weight":1,"CFrame":[0.0385226309299469,0.18990349769592286,0.4681885242462158,-0.6275304555892944,0.009111195802688599,-0.7785387635231018,0.7437772750854492,-0.2886517643928528,-0.6028894782066345,-0.23021964728832246,-0.9573908448219299,0.17436113953590394],"EasingStyle":"Linear","EasingDirection":"In"},"Head":{"Weight":1,"CFrame":[9.313225746154785e-8,5.960464477539063e-8,2.384185791015625e-7,0.9886245131492615,-0.022665688768029214,-0.14868754148483277,0.01156825851649046,0.9971103668212891,-0.07508046925067902,0.14995963871479035,0.07250633090734482,0.9860299825668335],"EasingStyle":"Linear","EasingDirection":"In"},"Right Leg":{"Weight":1,"CFrame":[0.546118974685669,0.11434787511825562,0.047914862632751468,0.9920730590820313,0.12416956573724747,-0.01931229792535305,-0.12541280686855317,0.9686554670333862,-0.21442574262619019,-0.007918164134025574,0.2151479721069336,0.9765494465827942],"EasingStyle":"Linear","EasingDirection":"In"},"Torso":{"Weight":1,"CFrame":[0.17139452695846559,0.26843249797821047,-0.3526723384857178,0.9493557214736939,-0.21306568384170533,0.23092582821846009,0.22901710867881776,0.9724137187004089,-0.04430300369858742,-0.2151159644126892,0.0949452668428421,0.9719622731208801],"EasingStyle":"Linear","EasingDirection":"In"},"HumanoidRootPart":{"Weight":1,"CFrame":[0,0,0,1,0,0,0,1,0,0,0,1],"EasingStyle":"Linear","EasingDirection":"In"},"Left Arm":{"Weight":1,"CFrame":[0.2859814167022705,-0.04466995596885681,0.36362719535827639,0.7546853423118591,0.37348780035972597,-0.5394043326377869,-0.5082471966743469,0.8527159690856934,-0.1206660345196724,0.41489142179489138,0.3652154803276062,0.8333563208580017],"EasingStyle":"Linear","EasingDirection":"In"}}},{"Time":0.2666666805744171,"poses":{"Left Leg":{"Weight":1,"CFrame":[-0.42554888129234316,0.6914414763450623,-0.11133450269699097,0.9735720753669739,0.10405214130878449,0.20329920947551728,-0.16820186376571656,0.9288395643234253,0.3300990164279938,-0.15448488295078278,-0.35557055473327639,0.9217939376831055],"EasingStyle":"Linear","EasingDirection":"In"},"Right Arm":{"Weight":1,"CFrame":[0.04443265497684479,0.163274884223938,0.48326897621154787,-0.597387433052063,0.05409129336476326,-0.8001264929771423,0.7775165438652039,-0.2053525447845459,-0.5943890810012817,-0.1964593082666397,-0.977192223072052,0.08061815053224564],"EasingStyle":"Linear","EasingDirection":"In"},"Head":{"Weight":1,"CFrame":[1.1548399925231934e-7,9.685754776000977e-8,1.1920928955078126e-7,0.9819081425666809,-0.018450144678354265,-0.18845734000205995,0.010410923510789872,0.9989966750144959,-0.043559182435274127,0.18907195329666139,0.04080909118056297,0.9811149835586548],"EasingStyle":"Linear","EasingDirection":"In"},"Right Leg":{"Weight":1,"CFrame":[0.5125896334648132,0.09186148643493653,0.04847157001495361,0.9990110397338867,0.044420819729566577,-0.0019283669535070658,-0.04319138079881668,0.9592341184616089,-0.2792927324771881,-0.010556597262620926,0.27909982204437258,0.9602041244506836],"EasingStyle":"Linear","EasingDirection":"In"},"Torso":{"Weight":1,"CFrame":[0.18453198671340943,0.2666959762573242,-0.37343430519104006,0.9372825622558594,-0.20073971152305604,0.2849651277065277,0.23016177117824555,0.9703757762908936,-0.07346026599407196,-0.261776864528656,0.134441077709198,0.9557189345359802],"EasingStyle":"Linear","EasingDirection":"In"},"HumanoidRootPart":{"Weight":1,"CFrame":[0,0,0,1,0,0,0,1,0,0,0,1],"EasingStyle":"Linear","EasingDirection":"In"},"Left Arm":{"Weight":1,"CFrame":[0.2709391415119171,-0.022154420614242555,0.35268688201904299,0.7839361429214478,0.3411117196083069,-0.5187360048294067,-0.4756017029285431,0.8670158386230469,-0.1486155390739441,0.3990578055381775,0.36321672797203066,0.8419182896614075],"EasingStyle":"Linear","EasingDirection":"In"}}},{"Time":0.30000001192092898,"poses":{"Left Leg":{"Weight":1,"CFrame":[-0.38480159640312197,0.7313405275344849,-0.15159118175506593,0.9623652696609497,0.15794529020786286,0.22114816308021546,-0.2326740175485611,0.8993372917175293,0.3702097535133362,-0.14041396975517274,-0.40773242712020876,0.9022406935691834],"EasingStyle":"Linear","EasingDirection":"In"},"Right Arm":{"Weight":1,"CFrame":[0.06013818085193634,0.136646568775177,0.4911903142929077,-0.5581486225128174,0.08363307267427445,-0.8255153894424439,0.808096706867218,-0.17097002267837525,-0.5636923909187317,-0.1882818043231964,-0.9817203283309937,0.02784315124154091],"EasingStyle":"Linear","EasingDirection":"In"},"Head":{"Weight":1,"CFrame":[-3.725290298461914e-9,-2.2351741790771486e-8,2.384185791015625e-7,0.9753518104553223,-0.01412128284573555,-0.22020323574543,0.010391207411885262,0.999782383441925,-0.018088465556502343,0.2204107791185379,0.015354454517364502,0.9752863049507141],"EasingStyle":"Linear","EasingDirection":"In"},"Right Leg":{"Weight":1,"CFrame":[0.4837815761566162,0.07302981615066529,0.04639315605163574,0.9997097253799439,-0.020000817254185678,0.013432431034743786,0.023267434909939767,0.9461609721183777,-0.3228593170642853,-0.006251747254282236,0.32307812571525576,0.9463517665863037],"EasingStyle":"Linear","EasingDirection":"In"},"Torso":{"Weight":1,"CFrame":[0.1895025372505188,0.2649047374725342,-0.387298583984375,0.9276416897773743,-0.18986710906028748,0.3216078281402588,0.231906920671463,0.9678363800048828,-0.09752931445837021,-0.2927461564540863,0.1650553196668625,0.9418367147445679],"EasingStyle":"Linear","EasingDirection":"In"},"HumanoidRootPart":{"Weight":1,"CFrame":[0,0,0,1,0,0,0,1,0,0,0,1],"EasingStyle":"Linear","EasingDirection":"In"},"Left Arm":{"Weight":1,"CFrame":[0.25844863057136538,-0.003458261489868164,0.34360241889953616,0.8167976140975952,0.29435914754867556,-0.49617984890937807,-0.43001294136047366,0.8839883804321289,-0.18344873189926148,0.3846173882484436,0.36320412158966067,0.8486178517341614],"EasingStyle":"Linear","EasingDirection":"In"}}},{"Time":0.3333333432674408,"poses":{"Left Leg":{"Weight":1,"CFrame":[-0.35478222370147707,0.7313539385795593,-0.1621624231338501,0.952812671661377,0.19639116525650025,0.23147019743919373,-0.27479615807533266,0.88200843334198,0.38281625509262087,-0.12897701561450959,-0.4283592700958252,0.8943564295768738],"EasingStyle":"Linear","EasingDirection":"In"},"Right Arm":{"Weight":1,"CFrame":[0.08260141313076019,0.11616283655166626,0.4942547082901001,-0.4871041476726532,0.07138678431510925,-0.8704214692115784,0.8409379124641419,-0.23063714802265168,-0.4895201027393341,-0.235696941614151,-0.9704176783561707,0.05231258273124695],"EasingStyle":"Linear","EasingDirection":"In"},"Head":{"Weight":1,"CFrame":[1.4528632164001466e-7,2.2351741790771486e-8,-1.7881393432617188e-7,0.9704165458679199,-0.010774832218885422,-0.24119649827480317,0.01083179097622633,0.999940812587738,-0.001089682918973267,0.2411939799785614,-0.0015551596879959107,0.9704757928848267],"EasingStyle":"Linear","EasingDirection":"In"},"Right Leg":{"Weight":1,"CFrame":[0.45241397619247439,0.05580449104309082,0.040924906730651858,0.9972827434539795,-0.06993801891803742,0.023149926215410234,0.07364015281200409,0.9374729990959168,-0.3401787579059601,0.002089019864797592,0.3409591019153595,0.9400758743286133],"EasingStyle":"Linear","EasingDirection":"In"},"Torso":{"Weight":1,"CFrame":[0.18418735265731812,0.26272448897361758,-0.38056325912475588,0.9241227507591248,-0.18316952884197236,0.3353300094604492,0.2330809235572815,0.9656496644020081,-0.11486517637968064,-0.30277153849601748,0.18430854380130769,0.9350720643997192],"EasingStyle":"Linear","EasingDirection":"In"},"HumanoidRootPart":{"Weight":1,"CFrame":[0,0,0,1,0,0,0,1,0,0,0,1],"EasingStyle":"Linear","EasingDirection":"In"},"Left Arm":{"Weight":1,"CFrame":[0.24859166145324708,0.011295497417449952,0.33643364906311037,0.8473055362701416,0.2416991889476776,-0.472921758890152,-0.3787796199321747,0.8991814255714417,-0.2190864384174347,0.37228938937187197,0.36476626992225649,0.8534319996833801],"EasingStyle":"Linear","EasingDirection":"In"}}},{"Time":0.36666667461395266,"poses":{"Left Leg":{"Weight":1,"CFrame":[-0.3383823037147522,0.6843125820159912,-0.13366460800170899,0.9485248327255249,0.21759860217571259,0.2301119863986969,-0.29078370332717898,0.8862533569335938,0.360554963350296,-0.1254812479019165,-0.40890809893608096,0.9039074778556824],"EasingStyle":"Linear","EasingDirection":"In"},"Right Arm":{"Weight":1,"CFrame":[0.10878534615039826,0.10796993970870972,0.4947648048400879,-0.37047314643859866,-0.01287360955029726,-0.9287539720535278,0.8543747067451477,-0.39701035618782046,-0.3353007733821869,-0.3644084632396698,-0.9177237749099731,0.15808065235614777],"EasingStyle":"Linear","EasingDirection":"In"},"Head":{"Weight":1,"CFrame":[1.4901161193847657e-8,1.1175870895385742e-7,0,0.9685094356536865,-0.009466271847486496,-0.24879679083824159,0.011082337237894535,0.9999256134033203,0.005095642060041428,0.24873006343841554,-0.007692411541938782,0.9685422778129578],"EasingStyle":"Linear","EasingDirection":"In"},"Right Leg":{"Weight":1,"CFrame":[0.41724836826324465,0.044026970863342288,0.03336203098297119,0.9944906830787659,-0.1020568236708641,0.023931153118610383,0.104283906519413,0.9400641322135925,-0.32466036081314089,0.010637054219841957,0.3253673315048218,0.9455278515815735],"EasingStyle":"Linear","EasingDirection":"In"},"Torso":{"Weight":1,"CFrame":[0.16541367769241334,0.2596704363822937,-0.3456888198852539,0.9297927618026733,-0.18313640356063844,0.3192906081676483,0.23258501291275025,0.9646374583244324,-0.12401133030653,-0.28528866171836855,0.18956701457500459,0.939507782459259],"EasingStyle":"Linear","EasingDirection":"In"},"HumanoidRootPart":{"Weight":1,"CFrame":[0,0,0,1,0,0,0,1,0,0,0,1],"EasingStyle":"Linear","EasingDirection":"In"},"Left Arm":{"Weight":1,"CFrame":[0.24145013093948365,0.021985650062561036,0.3312394618988037,0.87129145860672,0.19233544170856477,-0.4515068233013153,-0.33049362897872927,0.9100708365440369,-0.2500903606414795,0.3628019690513611,0.36712148785591128,0.8565024137496948],"EasingStyle":"Linear","EasingDirection":"In"}}},{"Time":0.4000000059604645,"poses":{"Left Leg":{"Weight":1,"CFrame":[-0.330283522605896,0.5837953090667725,-0.0708344578742981,0.9511166214942932,0.2211351990699768,0.21558374166488648,-0.27915486693382265,0.9141750335693359,0.2938651144504547,-0.13209739327430726,-0.3396812081336975,0.9312180280685425],"EasingStyle":"Linear","EasingDirection":"In"},"Right Arm":{"Weight":1,"CFrame":[0.13565266132354737,0.12781071662902833,0.4634089469909668,-0.24174568057060243,-0.17163017392158509,-0.9550403952598572,0.7923950552940369,-0.6029984354972839,-0.09221109747886658,-0.5600616335868836,-0.7790610194206238,0.2817712724208832],"EasingStyle":"Linear","EasingDirection":"In"},"Head":{"Weight":1,"CFrame":[1.3224780559539796e-7,5.21540641784668e-8,-1.7881393432617188e-7,0.9719513654708862,-0.011822165921330452,-0.23488456010818482,0.010660730302333832,0.9999239444732666,-0.006213839165866375,0.23494012653827668,0.0035355021245777609,0.9720035195350647],"EasingStyle":"Linear","EasingDirection":"In"},"Right Leg":{"Weight":1,"CFrame":[0.3977638781070709,0.05791562795639038,0.028953909873962404,0.9949498772621155,-0.09940826147794724,0.013887457549571991,0.09951400756835938,0.958873987197876,-0.26581525802612307,0.013107916340231896,0.2658548057079315,0.963923990726471],"EasingStyle":"Linear","EasingDirection":"In"},"Torso":{"Weight":1,"CFrame":[0.12686997652053834,0.25515052676200869,-0.28921079635620119,0.945493757724762,-0.19108298420906068,0.2636832594871521,0.22975492477416993,0.9652742147445679,-0.12433262169361115,-0.23076876997947694,0.17813825607299806,0.956562876701355],"EasingStyle":"Linear","EasingDirection":"In"},"HumanoidRootPart":{"Weight":1,"CFrame":[0,0,0,1,0,0,0,1,0,0,0,1],"EasingStyle":"Linear","EasingDirection":"In"},"Left Arm":{"Weight":1,"CFrame":[0.23710516095161439,0.028488755226135255,0.3280794620513916,0.8865392208099365,0.15580451488494874,-0.43562978506088259,-0.29456302523612978,0.9161683917045593,-0.27178725600242617,0.35676446557044985,0.3692702651023865,0.8581133484840393],"EasingStyle":"Linear","EasingDirection":"In"}}},{"Time":0.4333333373069763,"poses":{"Left Leg":{"Weight":1,"CFrame":[-0.31182509660720827,0.44444578886032107,-0.009524226188659668,0.9569838643074036,0.2144245058298111,0.19545845687389375,-0.25344160199165347,0.9457298517227173,0.20337770879268647,-0.14124180376529694,-0.2441665232181549,0.9593923091888428],"EasingStyle":"Linear","EasingDirection":"In"},"Right Arm":{"Weight":1,"CFrame":[0.16075263917446137,0.164658784866333,0.39042091369628909,-0.23913006484508515,-0.2441045641899109,-0.9398030638694763,0.5937679409980774,-0.802587628364563,0.05738173425197601,-0.7682815194129944,-0.5443032383918762,0.3368643820285797],"EasingStyle":"Linear","EasingDirection":"In"},"Head":{"Weight":1,"CFrame":[1.4156103134155274e-7,5.587935447692871e-8,3.5762786865234377e-7,0.9800686240196228,-0.01725206896662712,-0.19790872931480409,0.010319951921701432,0.9992983937263489,-0.036005061119794849,0.19839099049568177,0.033245034515857699,0.979559063911438],"EasingStyle":"Linear","EasingDirection":"In"},"Right Leg":{"Weight":1,"CFrame":[0.3933878242969513,0.08752048015594483,0.025118589401245118,0.9978637099266052,-0.06528578698635102,-0.0024335328489542009,0.06379586458206177,0.9817663431167603,-0.17906707525253297,0.014079728163778782,0.17852924764156342,0.983833909034729],"EasingStyle":"Linear","EasingDirection":"In"},"Torso":{"Weight":1,"CFrame":[0.0802774429321289,0.25105729699134829,-0.22699880599975587,0.9615549445152283,-0.20287634432315827,0.18507644534111024,0.22619009017944337,0.9672901034355164,-0.11483859270811081,-0.15572458505630494,0.1522860825061798,0.9759911894798279],"EasingStyle":"Linear","EasingDirection":"In"},"HumanoidRootPart":{"Weight":1,"CFrame":[0,0,0,1,0,0,0,1,0,0,0,1],"EasingStyle":"Linear","EasingDirection":"In"},"Left Arm":{"Weight":1,"CFrame":[0.23563873767852784,0.030684173107147218,0.3270130157470703,0.891922652721405,0.14156141877174378,-0.42945846915245058,-0.28052467107772829,0.9181066155433655,-0.2799758017063141,0.35465487837791445,0.37019023299217226,0.8585913181304932],"EasingStyle":"Linear","EasingDirection":"In"}}},{"Time":0.46666666865348818,"poses":{"Left Leg":{"Weight":1,"CFrame":[-0.2732517421245575,0.3039460778236389,0.02413034439086914,0.9630833268165588,0.20236539840698243,0.17753508687019349,-0.22533544898033143,0.9668197631835938,0.12034772336483002,-0.1472902148962021,-0.15590980648994447,0.9767281413078308],"EasingStyle":"Linear","EasingDirection":"In"},"Right Arm":{"Weight":1,"CFrame":[0.1839814931154251,0.18449938297271729,0.30741822719573977,-0.31706690788269045,-0.2480127364397049,-0.9154005646705627,0.3687538504600525,-0.9214942455291748,0.12193864583969116,-0.873778760433197,-0.2988949120044708,0.3836311101913452],"EasingStyle":"Linear","EasingDirection":"In"},"Head":{"Weight":1,"CFrame":[8.568167686462403e-8,4.842877388000488e-8,-5.960464477539063e-8,0.9891582727432251,-0.02298610657453537,-0.14504395425319673,0.011736027896404267,0.9968885183334351,-0.0779472142457962,0.1463843435049057,0.07539989799261093,0.9863501787185669],"EasingStyle":"Linear","EasingDirection":"In"},"Right Leg":{"Weight":1,"CFrame":[0.3924340009689331,0.11048907041549683,0.01983785629272461,0.9997364282608032,-0.013270488008856774,-0.018738672137260438,0.011489511467516423,0.9956796765327454,-0.09214197099208832,0.019880564883351327,0.09190239757299423,0.9955695271492004],"EasingStyle":"Linear","EasingDirection":"In"},"Torso":{"Weight":1,"CFrame":[0.04476866126060486,0.24970200657844544,-0.17345356941223145,0.9706482291221619,-0.21373938024044038,0.11026100814342499,0.22433243691921235,0.9699001908302307,-0.09470275044441223,-0.0867004469037056,0.11665815860033035,0.9893806576728821],"EasingStyle":"Linear","EasingDirection":"In"},"HumanoidRootPart":{"Weight":1,"CFrame":[0,0,0,1,0,0,0,1,0,0,0,1],"EasingStyle":"Linear","EasingDirection":"In"},"Left Arm":{"Weight":1,"CFrame":[0.24102532863616944,0.022621095180511476,0.3309304714202881,0.887480616569519,0.14803116023540498,-0.43642300367355349,-0.2891969084739685,0.9162208437919617,-0.27731701731681826,0.3588082790374756,0.37232545018196108,0.8559382557868958],"EasingStyle":"Linear","EasingDirection":"In"}}},{"Time":0.5,"poses":{"Left Leg":{"Weight":1,"CFrame":[-0.2190370410680771,0.1809694766998291,0.03503262996673584,0.9691572189331055,0.18458931148052216,0.16328246891498567,-0.19453583657741548,0.9797667264938355,0.04704297333955765,-0.15129521489143372,-0.07735630124807358,0.985457181930542],"EasingStyle":"Linear","EasingDirection":"In"},"Right Arm":{"Weight":1,"CFrame":[0.20538952946662904,0.1767764687538147,0.2405627965927124,-0.4045586585998535,-0.291591614484787,-0.8667793869972229,0.24331864714622498,-0.9479625225067139,0.2053363025188446,-0.8815488219261169,-0.12783312797546388,0.45445623993873598],"EasingStyle":"Linear","EasingDirection":"In"},"Head":{"Weight":1,"CFrame":[7.82310962677002e-8,4.842877388000488e-8,-5.960464477539063e-8,0.9960973858833313,-0.026741739362478257,-0.08411306887865067,0.016044285148382188,0.9919798374176025,-0.1253737509250641,0.08679118007421494,0.12353493273258209,0.988537609577179],"EasingStyle":"Linear","EasingDirection":"In"},"Right Leg":{"Weight":1,"CFrame":[0.40442001819610598,0.13152647018432618,0.014582157135009766,0.9977909326553345,0.057925693690776828,-0.03252384439110756,-0.05823512747883797,0.9982654452323914,-0.008646491914987564,0.03196663409471512,0.010521422140300274,0.9994336366653442],"EasingStyle":"Linear","EasingDirection":"In"},"Torso":{"Weight":1,"CFrame":[0.020047403872013093,0.25058045983314516,-0.1361079216003418,0.9740508198738098,-0.22244693338871003,0.041741836816072467,0.2248588651418686,0.9721114039421082,-0.06661804765462876,-0.025758735835552217,0.07427538186311722,0.9969050288200378],"EasingStyle":"Linear","EasingDirection":"In"},"HumanoidRootPart":{"Weight":1,"CFrame":[0,0,0,1,0,0,0,1,0,0,0,1],"EasingStyle":"Linear","EasingDirection":"In"},"Left Arm":{"Weight":1,"CFrame":[0.255461186170578,0.0010132789611816407,0.34142982959747317,0.8750328421592712,0.1653783768415451,-0.45493704080581667,-0.3124026358127594,0.910838782787323,-0.2697727084159851,0.3697597086429596,0.378183513879776,0.8486784100532532],"EasingStyle":"Linear","EasingDirection":"In"}}},{"Time":0.5333333611488342,"poses":{"Left Leg":{"Weight":1,"CFrame":[-0.178802952170372,0.09492391347885132,0.035152316093444827,0.9770269393920898,0.14824815094470979,0.1531042754650116,-0.1477283090353012,0.98891681432724,-0.014830346219241619,-0.15360602736473084,-0.008128149434924126,0.9880988001823425],"EasingStyle":"Linear","EasingDirection":"In"},"Right Arm":{"Weight":1,"CFrame":[0.22329676151275636,0.15794944763183595,0.19419288635253907,-0.4984898865222931,-0.32563546299934389,-0.8034111261367798,0.16713878512382508,-0.9454819560050964,0.27951502799987795,-0.8506307005882263,0.00505417725071311,0.5257394909858704],"EasingStyle":"Linear","EasingDirection":"In"},"Head":{"Weight":1,"CFrame":[8.475035429000855e-8,6.076879799365997e-8,-5.960464477539063e-8,0.9993409514427185,-0.027530888095498086,-0.02365957759320736,0.023073527961969377,0.9849162697792053,-0.17148692905902863,0.028023898601531984,0.17082802951335908,0.9849022626876831],"EasingStyle":"Linear","EasingDirection":"In"},"Right Leg":{"Weight":1,"CFrame":[0.4387419819831848,0.15286999940872193,0.009838581085205078,0.9880263805389404,0.14835597574710847,-0.04236195236444473,-0.14529764652252198,0.9870535731315613,0.06792585551738739,0.0518907867372036,-0.060957469046115878,0.9967905879020691],"EasingStyle":"Linear","EasingDirection":"In"},"Torso":{"Weight":1,"CFrame":[0.005770444869995117,0.25311481952667239,-0.12206077575683594,0.9733781218528748,-0.22849467396736146,-0.01803475245833397,0.2278185486793518,0.9731316566467285,-0.03336942568421364,0.025174923241138459,0.028372418135404588,0.9992803335189819],"EasingStyle":"Linear","EasingDirection":"In"},"HumanoidRootPart":{"Weight":1,"CFrame":[0,0,0,1,0,0,0,1,0,0,0,1],"EasingStyle":"Linear","EasingDirection":"In"},"Left Arm":{"Weight":1,"CFrame":[0.2763608694076538,-0.03026995062828064,0.3566298484802246,0.855627715587616,0.19041000306606294,-0.48129546642303469,-0.34579381346702578,0.9021974205970764,-0.25781118869781496,0.3851337134838104,0.38701939582824709,0.8377875685691834],"EasingStyle":"Linear","EasingDirection":"In"}}},{"Time":0.5666666626930237,"poses":{"Left Leg":{"Weight":1,"CFrame":[-0.17406269907951356,0.04347485303878784,0.03521382808685303,0.9853590130805969,0.0870542824268341,0.14659233391284944,-0.07832590490579605,0.9948515892028809,-0.06430744379758835,-0.15143588185310365,0.051883988082408908,0.9871045351028442],"EasingStyle":"Linear","EasingDirection":"In"},"Right Arm":{"Weight":1,"CFrame":[0.23559033870697022,0.13453400135040284,0.16719043254852296,-0.5890094637870789,-0.349606454372406,-0.7285898327827454,0.12794440984725953,-0.9305509924888611,0.34308212995529177,-0.7979336380958557,0.10885947197675705,0.5928334593772888],"EasingStyle":"Linear","EasingDirection":"In"},"Head":{"Weight":1,"CFrame":[7.450580596923828e-8,2.9802322387695315e-8,1.1920928955078126e-7,0.9992828965187073,-0.02593516744673252,0.027586523443460466,0.031156236305832864,0.9772370457649231,-0.20985041558742524,-0.02151605859398842,0.2105594426393509,0.9773443341255188],"EasingStyle":"Linear","EasingDirection":"In"},"Right Leg":{"Weight":1,"CFrame":[0.48314040899276736,0.16719216108322144,0.005846977233886719,0.9684464335441589,0.24457736313343049,-0.04789044335484505,-0.2363877147436142,0.9623253345489502,0.13435342907905579,0.0789460763335228,-0.11879339814186096,0.9897755980491638],"EasingStyle":"Linear","EasingDirection":"In"},"Torso":{"Weight":1,"CFrame":[0.001270294189453125,0.2567364275455475,-0.12617111206054688,0.9703928828239441,-0.23204518854618073,-0.06702795624732971,0.23271586000919343,0.9725422263145447,0.0022695388179272415,0.06466086953878403,-0.017800811678171159,0.997748613357544],"EasingStyle":"Linear","EasingDirection":"In"},"HumanoidRootPart":{"Weight":1,"CFrame":[0,0,0,1,0,0,0,1,0,0,0,1],"EasingStyle":"Linear","EasingDirection":"In"},"Left Arm":{"Weight":1,"CFrame":[0.301138699054718,-0.06735807657241821,0.37465083599090578,0.8305121660232544,0.2198960781097412,-0.5117571949958801,-0.38495591282844546,0.8906331658363342,-0.24203650653362275,0.402565062046051,0.3980180621147156,0.8243319392204285],"EasingStyle":"Linear","EasingDirection":"In"}}},{"Time":0.6000000238418579,"poses":{"Left Leg":{"Weight":1,"CFrame":[-0.19155436754226685,0.01018834114074707,0.03668379783630371,0.989626944065094,0.014791552908718586,0.14289790391921998,-0.00028389322687871754,0.9948848485946655,-0.10101572424173355,-0.1436612606048584,0.09992735832929611,0.9845689535140991],"EasingStyle":"Linear","EasingDirection":"In"},"Right Arm":{"Weight":1,"CFrame":[0.24015776813030244,0.1130446195602417,0.15843796730041505,-0.6690323352813721,-0.36243298649787905,-0.6488746404647827,0.11371739953756333,-0.9126806855201721,0.39253342151641848,-0.7344822883605957,0.18882907927036286,0.6518276929855347],"EasingStyle":"Linear","EasingDirection":"In"},"Head":{"Weight":1,"CFrame":[1.043081283569336e-7,2.2351741790771486e-8,0,0.9978381991386414,-0.023751555010676385,0.06127714738249779,0.03753421828150749,0.9713410139083862,-0.23470784723758698,-0.05394633859395981,0.23650041222572328,0.9701326489448547],"EasingStyle":"Linear","EasingDirection":"In"},"Right Leg":{"Weight":1,"CFrame":[0.5201340913772583,0.16903293132781983,0.0036711692810058595,0.9422682523727417,0.331157922744751,-0.04964873194694519,-0.31684133410453799,0.9296932816505432,0.18783538043498994,0.10836128890514374,-0.16126053035259248,0.9809449315071106],"EasingStyle":"Linear","EasingDirection":"In"},"Torso":{"Weight":1,"CFrame":[0.005179345607757568,0.2609272003173828,-0.13736486434936524,0.9667130708694458,-0.2337414175271988,-0.10407203435897827,0.23867283761501313,0.9703723788261414,0.03758866339921951,0.09220260381698609,-0.06117662414908409,0.9938592314720154],"EasingStyle":"Linear","EasingDirection":"In"},"HumanoidRootPart":{"Weight":1,"CFrame":[0,0,0,1,0,0,0,1,0,0,0,1],"EasingStyle":"Linear","EasingDirection":"In"},"Left Arm":{"Weight":1,"CFrame":[0.3272095322608948,-0.10638171434402466,0.3936121463775635,0.8016078472137451,0.250715434551239,-0.542739987373352,-0.4255884885787964,0.8768795728683472,-0.2235102504491806,0.41988009214401247,0.4101514220237732,0.8096150159835815],"EasingStyle":"Linear","EasingDirection":"In"}}},{"Time":0.6333333253860474,"poses":{"Left Leg":{"Weight":1,"CFrame":[-0.22768546640872956,-0.010438919067382813,0.04052698612213135,0.9881122708320618,-0.06119486689567566,0.14103013277053834,0.07917395234107971,0.9889140725135803,-0.12562066316604615,-0.13177935779094697,0.13529326021671296,0.9820030331611633],"EasingStyle":"Linear","EasingDirection":"In"},"Right Arm":{"Weight":1,"CFrame":[0.2354615479707718,0.09858906269073487,0.15876519680023194,-0.7340437173843384,-0.3641239106655121,-0.5732309818267822,0.1144677922129631,-0.8983648419380188,0.42407286167144778,-0.6693856120109558,0.24567146599292756,0.7011194825172424],"EasingStyle":"Linear","EasingDirection":"In"},"Head":{"Weight":1,"CFrame":[1.1175870895385742e-7,-3.5390257835388186e-8,1.1920928955078126e-7,0.996