{"Sequence":[{"Time":0,"poses":{"Left Leg":{"Weight":1,"CFrame":[0.023229271173477174,0.044324278831481937,0.04063129425048828,0.8364257216453552,0.37466001510620119,0.40003031492233279,-0.40384429693222048,0.9147432446479797,-0.012323245406150818,-0.37054261565208437,-0.15124382078647614,0.9164190292358398],"EasingStyle":"Linear","EasingDirection":"Out"},"Right Leg":{"Weight":1,"CFrame":[-0.3446809947490692,0.4020182490348816,0.015216469764709473,0.7248833179473877,0.6468380093574524,-0.23694154620170594,-0.47817447781562807,0.7200655937194824,0.5028491020202637,0.4958763122558594,-0.2512093186378479,0.8312649726867676],"EasingStyle":"Linear","EasingDirection":"Out"},"Head":{"Weight":1,"CFrame":[7.450580596923828e-8,-1.1920928955078126e-7,5.960464477539063e-8,0.6910845637321472,0.71982342004776,-0.06524084508419037,-0.7157400250434876,0.6690030694007874,-0.20037753880023957,-0.10059015452861786,0.18517325818538667,0.9775441288948059],"EasingStyle":"Linear","EasingDirection":"Out"},"Torso":{"Weight":1,"CFrame":[1.6673791408538819,0.0635785236954689,-0.4054546356201172,0.6364079713821411,-0.7563389539718628,-0.15144748985767365,0.7698123455047607,0.635176420211792,0.06276813894510269,0.04872187227010727,-0.15653231739997865,0.9864704012870789],"EasingStyle":"Linear","EasingDirection":"Out"},"HumanoidRootPart":{"Weight":0,"CFrame":[0,0,0,1,0,0,0,1,0,0,0,1],"EasingStyle":"Linear","EasingDirection":"In"},"LeftUpperArm":{"Weight":1,"CFrame":[0.19071340560913087,-1.3993855714797974,-0.6349561810493469,0.9229800701141357,0.030458373948931695,-0.383640319108963,-0.01550812553614378,-0.9931098818778992,-0.11615601181983948,-0.3845351040363312,0.11315920203924179,-0.9161484241485596],"EasingStyle":"Linear","EasingDirection":"Out"},"Right Arm":{"Weight":1,"CFrame":[0.8290714025497437,-0.5374439358711243,-1.0103018283843995,-0.8529855608940125,0.2728724479675293,0.4449223279953003,0.2968873679637909,-0.447440505027771,0.8435965776443481,0.4292709231376648,0.851667582988739,0.3006475567817688],"EasingStyle":"Linear","EasingDirection":"Out"},"Left Arm":{"Weight":1,"CFrame":[-0.6647170186042786,-0.8751971125602722,-0.18270301818847657,-0.9161483645439148,0.1131591796875,0.3845352530479431,-0.1161554679274559,-0.9931098818778992,0.015508121810853482,0.3836405873298645,-0.030458416789770128,0.922980010509491],"EasingStyle":"Linear","EasingDirection":"Out"},"RightUpperArm":{"Weight":1,"CFrame":[-0.7863131761550903,-0.9181213974952698,-0.9008369445800781,0.30064764618873598,0.8516675233840942,-0.42927059531211855,0.8435963988304138,-0.44744056463241579,-0.29688775539398196,-0.444922536611557,-0.2728723883628845,-0.8529856204986572],"EasingStyle":"Linear","EasingDirection":"Out"},"LeftHand":{"Weight":1,"CFrame":[0.0004997985088266432,0.00009995698928833008,2.2351741790771485e-7,1,-7.203198038041592e-10,5.495010668710165e-8,4.001776132689372e-10,1,6.547228394992999e-7,-6.705089816705368e-8,-4.190951585769653e-8,1],"EasingStyle":"Linear","EasingDirection":"Out"}}},{"Time":0.03333333507180214,"poses":{"Left Leg":{"Weight":1,"CFrame":[0.05869773030281067,0.11793279647827149,0.023401737213134767,0.8331294655799866,0.37524983286857607,0.40630656480789187,-0.4014752209186554,0.9155948758125305,-0.022381514310836793,-0.3804115056991577,-0.1444767713546753,0.9134626984596252],"EasingStyle":"Linear","EasingDirection":"Out"},"Right Leg":{"Weight":1,"CFrame":[-0.32078978419303896,0.46162891387939455,0.017509102821350099,0.7177324891090393,0.6629651784896851,-0.2129170000553131,-0.48874643445014956,0.6974454522132874,0.524117648601532,0.49597078561782839,-0.27211567759513857,0.8246011137962341],"EasingStyle":"Linear","EasingDirection":"Out"},"Head":{"Weight":1,"CFrame":[-1.6391277313232423e-7,-1.1920928955078126e-7,0,0.6901497840881348,0.7206931710243225,-0.06553372740745545,-0.7177057862281799,0.6700536012649536,-0.1895429790019989,-0.09269119054079056,0.1778470128774643,0.979682981967926],"EasingStyle":"Linear","EasingDirection":"Out"},"Torso":{"Weight":1,"CFrame":[1.7105720043182374,0.07012385129928589,-0.4819326400756836,0.6414514183998108,-0.7512701153755188,-0.15534906089305879,0.7654244303703308,0.6403660178184509,0.06369366496801377,0.051629118621349338,-0.1597643494606018,0.9858041405677795],"EasingStyle":"Linear","EasingDirection":"Out"},"HumanoidRootPart":{"Weight":0,"CFrame":[0,0,0,1,0,0,0,1,0,0,0,1],"EasingStyle":"Linear","EasingDirection":"In"},"LeftUpperArm":{"Weight":1,"CFrame":[0.2011815905570984,-1.3961389064788819,-0.6324589252471924,0.9187821745872498,0.03621303290128708,-0.3931005001068115,-0.011304939165711403,-0.9929616451263428,-0.11789576709270477,-0.3946029543876648,0.11276444047689438,-0.9119060039520264],"EasingStyle":"Linear","EasingDirection":"Out"},"Right Arm":{"Weight":1,"CFrame":[0.8280031085014343,-0.5469638705253601,-1.0096561908721924,-0.8545080423355103,0.26631462574005129,0.4459730386734009,0.2983810603618622,-0.4511232376098633,0.8411043882369995,0.4251878559589386,0.8518006205558777,0.30602532625198367],"EasingStyle":"Linear","EasingDirection":"Out"},"Left Arm":{"Weight":1,"CFrame":[-0.6621156334877014,-0.8719906806945801,-0.1916579008102417,-0.9119059443473816,0.11276444792747498,0.3946031928062439,-0.1178952008485794,-0.9929616451263428,0.011304933577775956,0.393100768327713,-0.03621308133006096,0.9187820553779602],"EasingStyle":"Linear","EasingDirection":"Out"},"RightUpperArm":{"Weight":1,"CFrame":[-0.7856330871582031,-0.9286093711853027,-0.8980441093444824,0.30602535605430605,0.8518006205558777,-0.42518743872642519,0.84110426902771,-0.45112329721450808,-0.2983814477920532,-0.4459731876850128,-0.2663145363330841,-0.854508101940155],"EasingStyle":"Linear","EasingDirection":"Out"},"LeftHand":{"Weight":1,"CFrame":[0.0005000326782464981,0.00009995698928833008,-4.172325134277344e-7,1,9.313224635931761e-10,1.0905257141757829e-7,4.6566123179658805e-10,1,6.821970259807131e-7,-7.550988101456824e-8,-3.958120586844416e-8,1],"EasingStyle":"Linear","EasingDirection":"Out"}}},{"Time":0.03916666656732559,"poses":{"Left Leg":{"Weight":1,"CFrame":[0.06510844826698303,0.13201367855072022,0.02048170566558838,0.8323496580123901,0.3760026693344116,0.4072078764438629,-0.40177851915359499,0.9154205322265625,-0.02401256002485752,-0.3817957937717438,-0.14362196624279023,0.9130197763442993],"EasingStyle":"Linear","EasingDirection":"Out"},"Right Leg":{"Weight":1,"CFrame":[-0.31514009833335879,0.47382915019989016,0.016831040382385255,0.715990424156189,0.6662298440933228,-0.20854754745960236,-0.490965873003006,0.6929218769073486,0.5280286073684692,0.49629655480384829,-0.27567556500434878,0.8232215642929077],"EasingStyle":"Linear","EasingDirection":"Out"},"Head":{"Weight":1,"CFrame":[-2.2351741790771486e-8,0,-7.450580596923828e-8,0.6900786757469177,0.7206670641899109,-0.06656093150377274,-0.7180073261260986,0.6701695919036865,-0.1879844218492508,-0.0908670425415039,0.17751531302928925,0.9799140095710754],"EasingStyle":"Linear","EasingDirection":"Out"},"Torso":{"Weight":1,"CFrame":[1.7166955471038819,0.07117586582899094,-0.4976069927215576,0.6421574354171753,-0.7504562735557556,-0.1563623547554016,0.7647911310195923,0.6410941481590271,0.06397431343793869,0.052233047783374789,-0.16066612303256989,0.9856257438659668],"EasingStyle":"Linear","EasingDirection":"Out"},"HumanoidRootPart":{"Weight":0,"CFrame":[0,0,0,1,0,0,0,1,0,0,0,1],"EasingStyle":"Linear","EasingDirection":"In"},"LeftUpperArm":{"Weight":1,"CFrame":[0.20352280139923097,-1.3947311639785767,-0.631428599357605,0.9174991250038147,0.03875792771577835,-0.395844966173172,-0.009318436495959759,-0.9928730130195618,-0.1188124492764473,-0.39762866497039797,0.11269889026880264,-0.9105989336967468],"EasingStyle":"Linear","EasingDirection":"Out"},"Right Arm":{"Weight":1,"CFrame":[0.8282063007354736,-0.5482262372970581,-1.0089882612228394,-0.8554974794387817,0.2636057734489441,0.4456855058670044,0.29861459136009219,-0.45201441645622256,0.8405428528785706,0.4230287969112396,0.8521707057952881,0.3079807162284851],"EasingStyle":"Linear","EasingDirection":"Out"},"Left Arm":{"Weight":1,"CFrame":[-0.6610682606697083,-0.8706051111221314,-0.19332963228225709,-0.910598874092102,0.11269890516996384,0.39762893319129946,-0.11881186068058014,-0.9928730130195618,0.009318427182734013,0.3958451449871063,-0.03875797614455223,0.9174990057945252],"EasingStyle":"Linear","EasingDirection":"Out"},"RightUpperArm":{"Weight":1,"CFrame":[-0.7848676443099976,-0.9301062226295471,-0.8975346088409424,0.3079807162284851,0.8521707057952881,-0.4230284094810486,0.840542733669281,-0.4520145058631897,-0.2986149787902832,-0.4456857144832611,-0.2636058032512665,-0.8554975390434265],"EasingStyle":"Linear","EasingDirection":"Out"},"LeftHand":{"Weight":1,"CFrame":[0.0004998818039894104,0.0000998377799987793,2.980232238769531e-7,1,2.3283066585833014e-9,5.1834163627972887e-8,1.862645149230957e-9,1,6.677614123873354e-7,-7.066410034894943e-8,-4.7031793570795347e-8,1],"EasingStyle":"Linear","EasingDirection":"Out"}}},{"Time":0.042916666716337207,"poses":{"Left Leg":{"Weight":1,"CFrame":[0.06910261511802674,0.14108777046203614,0.018724679946899415,0.8316386342048645,0.37698253989219668,0.4077546000480652,-0.4025534689426422,0.9150545597076416,-0.02496175281703472,-0.38252830505371096,-0.14338527619838715,0.9127503037452698],"EasingStyle":"Linear","EasingDirection":"Out"},"Right Leg":{"Weight":1,"CFrame":[-0.31061872839927676,0.48235929012298586,0.01584029197692871,0.7148271799087524,0.6683194637298584,-0.205834299325943,-0.4923926293849945,0.6900362372398377,0.5304733514785767,0.4965597689151764,-0.2778473496437073,0.8223322033882141],"EasingStyle":"Linear","EasingDirection":"Out"},"Head":{"Weight":1,"CFrame":[5.960464477539063e-8,0,2.905726432800293e-7,0.690044641494751,0.7206289768218994,-0.06732270121574402,-0.7181902527809143,0.6702345609664917,-0.1870516836643219,-0.08967285603284836,0.17742447555065156,0.9800404906272888],"EasingStyle":"Linear","EasingDirection":"Out"},"Torso":{"Weight":1,"CFrame":[1.7193541526794434,0.0718131959438324,-0.5084118843078613,0.642577588558197,-0.7499414682388306,-0.1571044623851776,0.7644059062004089,0.6415391564369202,0.06411855667829514,0.052703481167554858,-0.16129274666309358,0.9854983687400818],"EasingStyle":"Linear","EasingDirection":"Out"},"HumanoidRootPart":{"Weight":0,"CFrame":[0,0,0,1,0,0,0,1,0,0,0,1],"EasingStyle":"Linear","EasingDirection":"In"},"LeftUpperArm":{"Weight":1,"CFrame":[0.20499956607818604,-1.3935625553131104,-0.6307036876678467,0.9166451096534729,0.04090924561023712,-0.3976030945777893,-0.007559826597571373,-0.9927961230278015,-0.1195770651102066,-0.39963051676750185,0.11261546611785889,-0.909732460975647],"EasingStyle":"Linear","EasingDirection":"Out"},"Right Arm":{"Weight":1,"CFrame":[0.8284304141998291,-0.5490416288375855,-1.0084154605865479,-0.8562951683998108,0.26163291931152346,0.4453161954879761,0.2987003028392792,-0.45252546668052676,0.8402374386787415,0.42135101556777956,0.8525074124336243,0.3093453347682953],"EasingStyle":"Linear","EasingDirection":"Out"},"Left Arm":{"Weight":1,"CFrame":[-0.6603214144706726,-0.8694573044776917,-0.19424080848693849,-0.9097324013710022,0.11261545866727829,0.3996308445930481,-0.11957646906375885,-0.9927961230278015,0.007559833116829395,0.397603303194046,-0.04090927541255951,0.9166449904441834],"EasingStyle":"Linear","EasingDirection":"Out"},"RightUpperArm":{"Weight":1,"CFrame":[-0.7842059135437012,-0.931056022644043,-0.8972395658493042,0.3093453645706177,0.8525074124336243,-0.4213506281375885,0.8402373790740967,-0.45252561569213869,-0.298700749874115,-0.4453163146972656,-0.26163268089294436,-0.8562952280044556],"EasingStyle":"Linear","EasingDirection":"Out"},"LeftHand":{"Weight":1,"CFrame":[0.0004999022930860519,0.00009995698928833008,-1.7881393432617188e-7,1,0,2.8842034538456575e-8,9.313225746154786e-10,1,6.794031151002855e-7,-6.318441592156887e-8,-4.377216100692749e-8,1],"EasingStyle":"Linear","EasingDirection":"Out"}}},{"Time":0.051249999552965167,"poses":{"Left Leg":{"Weight":1,"CFrame":[0.07806083559989929,0.1618766188621521,0.01490771770477295,0.8295425772666931,0.3802679181098938,0.4089716076850891,-0.40551847219467165,0.9136860966682434,-0.027015233412384988,-0.38394516706466677,-0.14343668520450593,0.9121471643447876],"EasingStyle":"Linear","EasingDirection":"Out"},"Right Leg":{"Weight":1,"CFrame":[-0.29819729924201968,0.5035046935081482,0.012331128120422364,0.7120300531387329,0.6731449961662293,-0.19971343874931336,-0.49566730856895449,0.6833415627479553,0.5360605120658875,0.49731993675231936,-0.2827015817165375,0.82021564245224],"EasingStyle":"Linear","EasingDirection":"Out"},"Head":{"Weight":1,"CFrame":[1.7881393432617188e-7,1.1920928955078126e-7,3.725290298461914e-8,0.68999183177948,0.7204864025115967,-0.06935852020978928,-0.7185903191566467,0.6703623533248901,-0.18504679203033448,-0.08682835102081299,0.17752107977867127,0.9802790880203247],"EasingStyle":"Linear","EasingDirection":"Out"},"Torso":{"Weight":1,"CFrame":[1.7226784229278565,0.07318907976150513,-0.5348396301269531,0.6434803605079651,-0.7487440705299377,-0.15910784900188447,0.7635505795478821,0.6425361633300781,0.0643252357840538,0.05406941473484039,-0.1628788858652115,0.9851633906364441],"EasingStyle":"Linear","EasingDirection":"Out"},"HumanoidRootPart":{"Weight":0,"CFrame":[0,0,0,1,0,0,0,1,0,0,0,1],"EasingStyle":"Linear","EasingDirection":"In"},"LeftUpperArm":{"Weight":1,"CFrame":[0.20832586288452149,-1.3901920318603516,-0.6287866830825806,0.914634108543396,0.04718133807182312,-0.40152010321617129,-0.0022948330733925106,-0.9925448894500732,-0.1218581274151802,-0.4042761027812958,0.11237696558237076,-0.9077070951461792],"EasingStyle":"Linear","EasingDirection":"Out"},"Right Arm":{"Weight":1,"CFrame":[0.8292723894119263,-0.5510704517364502,-1.006585717201233,-0.8586986064910889,0.2563023567199707,0.4437853693962097,0.29865166544914248,-0.45344850420951846,0.839756965637207,0.41646599769592287,0.8536354899406433,0.3128303289413452],"EasingStyle":"Linear","EasingDirection":"Out"},"Left Arm":{"Weight":1,"CFrame":[-0.6583420038223267,-0.8661531209945679,-0.1959170699119568,-0.9077070355415344,0.11237696558237076,0.4042762815952301,-0.12185756117105484,-0.9925448894500732,0.0022948209661990406,0.40152040123939516,-0.047181386500597,0.9146340489387512],"EasingStyle":"Linear","EasingDirection":"Out"},"RightUpperArm":{"Weight":1,"CFrame":[-0.7820792198181152,-0.933327317237854,-0.8966795206069946,0.31283038854599,0.8536354303359985,-0.4164656102657318,0.8397567868232727,-0.4534485936164856,-0.2986520826816559,-0.44378557801246645,-0.25630229711532595,-0.8586986064910889],"EasingStyle":"Linear","EasingDirection":"Out"},"LeftHand":{"Weight":1,"CFrame":[0.0004999414086341858,0.0001004338264465332,2.980232238769531e-7,1,0,1.2206204758058448e-7,1.862645149230957e-9,1,6.686928486487886e-7,-9.319046512246132e-8,-4.190952296312389e-8,1],"EasingStyle":"Linear","EasingDirection":"Out"}}},{"Time":0.06666667014360428,"poses":{"Left Leg":{"Weight":1,"CFrame":[0.09398749470710755,0.19849741458892823,0.008371591567993164,0.8246912360191345,0.38827550411224368,0.4112527668476105,-0.413192480802536,0.9101248979568481,-0.030688589438796045,-0.38620758056640627,-0.144619420170784,0.9110046029090881],"EasingStyle":"Linear","EasingDirection":"Out"},"Right Leg":{"Weight":1,"CFrame":[-0.2715129852294922,0.5442105531692505,0.0033998489379882814,0.7068445682525635,0.6817612648010254,-0.18859700858592988,-0.5014159679412842,0.6709716320037842,0.5462431311607361,0.4989517033100128,-0.2915452718734741,0.816118597984314],"EasingStyle":"Linear","EasingDirection":"Out"},"Head":{"Weight":1,"CFrame":[5.21540641784668e-8,0,5.960464477539063e-8,0.6899623274803162,0.7200464010238648,-0.07406286895275116,-0.7192801833152771,0.6705393195152283,-0.1816946566104889,-0.08116652071475983,0.17863443493843079,0.9805619716644287],"EasingStyle":"Linear","EasingDirection":"Out"},"Torso":{"Weight":1,"CFrame":[1.7232003211975098,0.07571755349636078,-0.5852603912353516,0.6451002359390259,-0.7464210391044617,-0.16340546309947968,0.7619508504867554,0.644426167011261,0.06438851356506348,0.057241812348365787,-0.1660439670085907,0.9844555854797363],"EasingStyle":"Linear","EasingDirection":"Out"},"HumanoidRootPart":{"Weight":0,"CFrame":[0,0,0,1,0,0,0,1,0,0,0,1],"EasingStyle":"Linear","EasingDirection":"In"},"LeftUpperArm":{"Weight":1,"CFrame":[0.21401166915893556,-1.3824126720428467,-0.6240820288658142,0.9110203385353088,0.0617205835878849,-0.407716304063797,0.009972049854695797,-0.9917435050010681,-0.12784914672374726,-0.4122408628463745,0.11240731924772263,-0.9041139483451843],"EasingStyle":"Linear","EasingDirection":"Out"},"Right Arm":{"Weight":1,"CFrame":[0.8323835730552673,-0.5560898184776306,-1.0007306337356568,-0.8657881617546082,0.2429223358631134,0.4374920427799225,0.2972292900085449,-0.4536932110786438,0.8401293158531189,0.40257370471954348,0.8574095964431763,0.3205985426902771],"EasingStyle":"Linear","EasingDirection":"Out"},"Left Arm":{"Weight":1,"CFrame":[-0.6536450386047363,-0.8585844039916992,-0.19777923822402955,-0.9041138887405396,0.11240731924772263,0.41224104166030886,-0.1278485506772995,-0.9917435050010681,-0.009972073137760163,0.40771663188934328,-0.06172063946723938,0.9110202193260193],"EasingStyle":"Linear","EasingDirection":"Out"},"RightUpperArm":{"Weight":1,"CFrame":[-0.7752320170402527,-0.938410758972168,-0.8962720632553101,0.3205985724925995,0.8574095964431763,-0.4025733768939972,0.8401291966438294,-0.45369333028793337,-0.29722967743873598,-0.4374922215938568,-0.24292218685150147,-0.8657881617546082],"EasingStyle":"Linear","EasingDirection":"Out"},"LeftHand":{"Weight":1,"CFrame":[0.0004999339580535889,0.00010013580322265625,-1.6391277313232423e-7,1,-9.313225746154786e-10,1.222366847741796e-7,2.7939677238464357e-9,1,6.733495183652849e-7,-6.542541086673737e-8,-4.936009645462036e-8,1],"EasingStyle":"Linear","EasingDirection":"Out"}}},{"Time":0.10000000149011612,"poses":{"Left Leg":{"Weight":1,"CFrame":[0.11590537428855896,0.24239706993103028,-0.00036203861236572266,0.8172546625137329,0.39746832847595217,0.41727232933044436,-0.4223226308822632,0.9057443737983704,-0.03560599684715271,-0.39209485054016116,-0.14712582528591157,0.9080837368965149],"EasingStyle":"Linear","EasingDirection":"Out"},"Right Leg":{"Weight":1,"CFrame":[-0.23424461483955384,0.5940409898757935,-0.008027851581573487,0.7023470401763916,0.690893828868866,-0.17137913405895234,-0.5079338550567627,0.6550981402397156,0.5593317151069641,0.49871015548706057,-0.3057975769042969,0.8110346794128418],"EasingStyle":"Linear","EasingDirection":"Out"},"Head":{"Weight":1,"CFrame":[1.043081283569336e-7,0,1.4901161193847657e-8,0.6899994015693665,0.7186473608016968,-0.08629541099071503,-0.7205731868743897,0.6707517504692078,-0.1756882220506668,-0.06837500631809235,0.18340696394443513,0.9806562662124634],"EasingStyle":"Linear","EasingDirection":"Out"},"Torso":{"Weight":1,"CFrame":[1.722970724105835,0.08013281971216202,-0.6472146511077881,0.6496451497077942,-0.7411627173423767,-0.16923052072525025,0.7576950192451477,0.6494172811508179,0.06446248292922974,0.062124017626047137,-0.17010286450386048,0.9834661483764648],"EasingStyle":"Linear","EasingDirection":"Out"},"HumanoidRootPart":{"Weight":0,"CFrame":[0,0,0,1,0,0,0,1,0,0,0,1],"EasingStyle":"Linear","EasingDirection":"In"},"LeftUpperArm":{"Weight":1,"CFrame":[0.21988898515701295,-1.369996190071106,-0.6103320121765137,0.9060924649238586,0.08453787863254547,-0.41454777121543887,0.02575528621673584,-0.9890379309654236,-0.1453981101512909,-0.4222950339317322,0.12106729298830033,-0.8983370661735535],"EasingStyle":"Linear","EasingDirection":"Out"},"Right Arm":{"Weight":1,"CFrame":[0.8496220707893372,-0.5779295563697815,-0.9722692966461182,-0.8957238793373108,0.1948675662279129,0.39963117241859438,0.28344789147377016,-0.4422116279602051,0.8509442806243897,0.34254351258277895,0.8754858374595642,0.3408646881580353],"EasingStyle":"Linear","EasingDirection":"Out"},"Left Arm":{"Weight":1,"CFrame":[-0.6421727538108826,-0.8468794822692871,-0.19765561819076539,-0.8983370661735535,0.12106731534004212,0.4222952723503113,-0.14539752900600434,-0.9890379309654236,-0.025755291804671289,0.41454800963401797,-0.08453794568777085,0.9060923457145691],"EasingStyle":"Linear","EasingDirection":"Out"},"RightUpperArm":{"Weight":1,"CFrame":[-0.7420167922973633,-0.9572314023971558,-0.900871992111206,0.34086471796035769,0.8754858374595642,-0.3425431549549103,0.8509442210197449,-0.44221171736717226,-0.28344830870628359,-0.3996313512325287,-0.19486744701862336,-0.8957238793373108],"EasingStyle":"Linear","EasingDirection":"Out"},"LeftHand":{"Weight":1,"CFrame":[0.0004999786615371704,0.00010007619857788086,-1.4901161193847657e-7,1,-6.51925802230835e-9,8.125827122285045e-8,2.3283062144940915e-9,1,6.696240575365664e-7,-7.415655289833012e-8,-5.21540641784668e-8,1],"EasingStyle":"Linear","EasingDirection":"Out"}}},{"Time":0.13333334028720857,"poses":{"Left Leg":{"Weight":1,"CFrame":[0.0664314329624176,0.15853971242904664,0.02904033660888672,0.8216040134429932,0.3977385461330414,0.40837886929512026,-0.43515345454216006,0.9003536105155945,-0.001418948988430202,-0.36825031042099,-0.17654293775558473,0.9128113985061646],"EasingStyle":"Linear","EasingDirection":"Out"},"Right Leg":{"Weight":1,"CFrame":[-0.2158661186695099,0.5603365898132324,-0.029456257820129396,0.7237196564674377,0.6542205810546875,-0.21959437429904939,-0.4757385849952698,0.7034978866577148,0.5279830098152161,0.4999026358127594,-0.27764400839805605,0.8203732371330261],"EasingStyle":"Linear","EasingDirection":"Out"},"Head":{"Weight":1,"CFrame":[-1.4901161193847657e-8,1.1920928955078126e-7,-5.960464477539063e-8,0.6922163367271423,0.7145944833755493,-0.10095197707414627,-0.7192944288253784,0.6717471480369568,-0.17711958289146424,-0.05875449627637863,0.1952192783355713,0.9789981245994568],"EasingStyle":"Linear","EasingDirection":"Out"},"Torso":{"Weight":1,"CFrame":[1.5879794359207154,0.0789341926574707,-0.5548076629638672,0.658991813659668,-0.7335054874420166,-0.16643176972866059,0.7496030330657959,0.658674955368042,0.06513530015945435,0.06184734031558037,-0.16768139600753785,0.9838992953300476],"EasingStyle":"Linear","EasingDirection":"Out"},"HumanoidRootPart":{"Weight":0,"CFrame":[0,0,0,1,0,0,0,1,0,0,0,1],"EasingStyle":"Linear","EasingDirection":"In"},"LeftUpperArm":{"Weight":1,"CFrame":[0.19935548305511475,-1.3509666919708253,-0.5980815291404724,0.9075793623924255,0.0785236582159996,-0.4124726355075836,0.0054295361042022709,-0.9844698905944824,-0.17546960711479188,-0.4198455214500427,0.1570129245519638,-0.8939109444618225],"EasingStyle":"Linear","EasingDirection":"Out"},"Right Arm":{"Weight":1,"CFrame":[0.8688387870788574,-0.6181122660636902,-0.9120160341262817,-0.9433147311210632,0.10928025096654892,0.3133925795555115,0.2450287938117981,-0.40760287642478945,0.8796709775924683,0.22387085855007173,0.9065967798233032,0.3577207028865814],"EasingStyle":"Linear","EasingDirection":"Out"},"Left Arm":{"Weight":1,"CFrame":[-0.6393757462501526,-0.8290510773658752,-0.17870426177978517,-0.8939109444618225,0.157012939453125,0.41984573006629946,-0.1754690408706665,-0.9844698905944824,-0.005429538432508707,0.41247284412384035,-0.07852370291948319,0.907579243183136],"EasingStyle":"Linear","EasingDirection":"Out"},"RightUpperArm":{"Weight":1,"CFrame":[-0.6735814809799194,-0.9883117079734802,-0.8975794911384583,0.35772082209587099,0.9065967202186585,-0.2238704264163971,0.8796707987785339,-0.4076029360294342,-0.24502921104431153,-0.3133928179740906,-0.10928027331829071,-0.9433147311210632],"EasingStyle":"Linear","EasingDirection":"Out"},"LeftHand":{"Weight":1,"CFrame":[0.0004999265074729919,0.0000998377799987793,-9.313225746154785e-9,1,-2.6193445190614286e-9,5.760766796925054e-8,1.338776089987448e-9,1,6.579825253538729e-7,-5.986657214407387e-8,-4.726461355630818e-8,1],"EasingStyle":"Linear","EasingDirection":"Out"}}},{"Time":0.16500000655651093,"poses":{"Left Leg":{"Weight":1,"CFrame":[0.037530988454818729,0.13723254203796388,0.05525088310241699,0.8469551801681519,0.3738362789154053,0.3780418932437897,-0.4192291498184204,0.9068864583969116,0.04243845120072365,-0.32697680592536929,-0.19443082809448243,0.92481529712677],"EasingStyle":"Linear","EasingDirection":"Out"},"Right Leg":{"Weight":1,"CFrame":[-0.21700137853622437,0.5380756258964539,-0.046110451221466067,0.7418959736824036,0.6051479578018189,-0.28876110911369326,-0.4211789071559906,0.7556813955307007,0.5015538930892944,0.5217266082763672,-0.2504827082157135,0.8155125379562378],"EasingStyle":"Linear","EasingDirection":"Out"},"Head":{"Weight":1,"CFrame":[5.960464477539063e-8,-3.5762786865234377e-7,8.940696716308594e-8,0.6985293626785278,0.7057584524154663,-0.11815987527370453,-0.7134990692138672,0.6743477582931519,-0.19019490480422975,-0.05455085262656212,0.21716363728046418,0.9746097326278687],"EasingStyle":"Linear","EasingDirection":"Out"},"Torso":{"Weight":1,"CFrame":[1.4804898500442505,0.07989272475242615,-0.4511399269104004,0.6774283051490784,-0.7191538214683533,-0.15462425351142884,0.7334821224212647,0.6762935519218445,0.06805165857076645,0.055631767958402637,-0.15951424837112428,0.9856268763542175],"EasingStyle":"Linear","EasingDirection":"Out"},"HumanoidRootPart":{"Weight":0,"CFrame":[0,0,0,1,0,0,0,1,0,0,0,1],"EasingStyle":"Linear","EasingDirection":"In"},"LeftUpperArm":{"Weight":1,"CFrame":[0.15098649263381959,-1.3109630346298218,-0.5866861343383789,0.9140620231628418,0.04745682701468468,-0.40278828144073489,-0.048458125442266467,-0.9732373356819153,-0.22463522851467133,-0.4026690721511841,0.22484882175922395,-0.8872995972633362],"EasingStyle":"Linear","EasingDirection":"Out"},"Right Arm":{"Weight":1,"CFrame":[0.8771580457687378,-0.6613119840621948,-0.8203448057174683,-0.9812664985656738,-0.01859540306031704,0.1917555332183838,0.18540816009044648,-0.3615744411945343,0.9137219190597534,0.05234353989362717,0.9321578145027161,0.3582485616207123],"EasingStyle":"Linear","EasingDirection":"Out"},"Left Arm":{"Weight":1,"CFrame":[-0.6458212733268738,-0.7920016050338745,-0.1385054588317871,-0.887299656867981,0.22484883666038514,0.4026692807674408,-0.22463461756706239,-0.9732372760772705,0.04845813661813736,0.40278851985931399,-0.04745686799287796,0.914061963558197],"EasingStyle":"Linear","EasingDirection":"Out"},"RightUpperArm":{"Weight":1,"CFrame":[-0.5751873850822449,-1.0194066762924195,-0.8722673654556274,0.3582487106323242,0.9321577548980713,-0.0523429811000824,0.9137217998504639,-0.3615745007991791,-0.1854085773229599,-0.1917557567358017,0.01859542727470398,-0.981266438961029],"EasingStyle":"Linear","EasingDirection":"Out"},"LeftHand":{"Weight":1,"CFrame":[0.0004997700452804565,0.00010007619857788086,1.4901161193847657e-8,1,4.6566128730773929e-9,8.684623509225276e-8,4.6566128730773929e-9,1,6.6683008981272e-7,-7.171183824539185e-8,-4.0978193283081057e-8,1],"EasingStyle":"Linear","EasingDirection":"Out"}}},{"Time":0.1666666716337204,"poses":{"Left Leg":{"Weight":1,"CFrame":[0.036877959966659549,0.13819414377212525,0.05626857280731201,0.8486332893371582,0.37195876240730288,0.37612584233283999,-0.41764289140701296,0.9075013399124146,0.04486497491598129,-0.3246474862098694,-0.1951613873243332,0.9254817366600037],"EasingStyle":"Linear","EasingDirection":"Out"},"Right Leg":{"Weight":1,"CFrame":[-0.21741625666618348,0.5371439456939697,-0.04665255546569824,0.7427257299423218,0.6023196578025818,-0.29251721501350405,-0.41802161931991579,0.7583615779876709,0.5001478791236877,0.523083508014679,-0.2491961121559143,0.8150373101234436],"EasingStyle":"Linear","EasingDirection":"Out"},"Head":{"Weight":1,"CFrame":[-1.4901161193847657e-8,0,2.9802322387695315e-8,0.6989641785621643,0.705168604850769,-0.11910600960254669,-0.7130811214447022,0.6745226979255676,-0.1911400854587555,-0.05444628745317459,0.21853233873844148,0.9743096232414246],"EasingStyle":"Linear","EasingDirection":"Out"},"Torso":{"Weight":1,"CFrame":[1.4761710166931153,0.08005876839160919,-0.4458913803100586,0.6787059903144836,-0.7181519865989685,-0.15367460250854493,0.7323440313339233,0.6774985790252686,0.0683220848441124,0.05504867061972618,-0.15891331434249879,0.9857566952705383],"EasingStyle":"Linear","EasingDirection":"Out"},"HumanoidRootPart":{"Weight":0,"CFrame":[0,0,0,1,0,0,0,1,0,0,0,1],"EasingStyle":"Linear","EasingDirection":"In"},"LeftUpperArm":{"Weight":1,"CFrame":[0.1479586958885193,-1.3085532188415528,-0.5859395861625671,0.9144870638847351,0.0450381301343441,-0.40210074186325076,-0.0522281751036644,-0.9723321795463562,-0.22768917679786683,-0.4012301564216614,0.22921967506408692,-0.8868328928947449],"EasingStyle":"Linear","EasingDirection":"Out"},"Right Arm":{"Weight":1,"CFrame":[0.877400279045105,-0.6633977890014648,-0.8146880269050598,-0.9824191331863403,-0.02648307941854,0.1848004311323166,0.18187327682971955,-0.3591388761997223,0.9153915047645569,0.042127255350351337,0.932908296585083,0.35764119029045107],"EasingStyle":"Linear","EasingDirection":"Out"},"Left Arm":{"Weight":1,"CFrame":[-0.6462244391441345,-0.7898296117782593,-0.13611358404159547,-0.8868329524993897,0.22921967506408692,0.4012303352355957,-0.22768856585025788,-0.9723321795463562,0.0522281788289547,0.40210095047950747,-0.04503818228840828,0.9144869446754456],"EasingStyle":"Linear","EasingDirection":"Out"},"RightUpperArm":{"Weight":1,"CFrame":[-0.5693331360816956,-1.020851492881775,-0.8704351782798767,0.3576412796974182,0.9329082369804382,-0.04212675988674164,0.9153914451599121,-0.35913902521133425,-0.18187369406223298,-0.1848006397485733,0.026483261957764627,-0.9824191331863403],"EasingStyle":"Linear","EasingDirection":"Out"},"LeftHand":{"Weight":1,"CFrame":[0.0005000829696655273,0.00010019540786743164,4.470348358154297e-8,1,8.381903171539307e-9,1.140875554028753e-7,-1.8626449271863522e-9,1,6.593795092157961e-7,-1.0733491251357919e-7,-5.21540641784668e-8,1],"EasingStyle":"Linear","EasingDirection":"Out"}}},{"Time":0.1770833283662796,"poses":{"Left Leg":{"Weight":1,"CFrame":[0.03336691856384277,0.1467597484588623,0.06272768974304199,0.8598883748054504,0.3586556613445282,0.36326345801353457,-0.4061743915081024,0.9117357134819031,0.06129930913448334,-0.3092157244682312,-0.20026002824306489,0.9296677112579346],"EasingStyle":"Linear","EasingDirection":"Out"},"Right Leg":{"Weight":1,"CFrame":[-0.22032511234283448,0.5303618311882019,-0.04976451396942139,0.7482300400733948,0.5824821591377258,-0.31758931279182436,-0.3966797888278961,0.7764968276023865,0.4895918369293213,0.5317865610122681,-0.24034808576107026,0.8120571970939636],"EasingStyle":"Linear","EasingDirection":"Out"},"Head":{"Weight":1,"CFrame":[-4.470348358154297e-8,1.1920928955078126e-7,-7.450580596923828e-8,0.702034592628479,0.7010271549224854,-0.12533314526081086,-0.7100928425788879,0.6757429838180542,-0.19783732295036317,-0.05399636924266815,0.22788682579994203,0.9721893072128296],"EasingStyle":"Linear","EasingDirection":"Out"},"Torso":{"Weight":1,"CFrame":[1.4479236602783204,0.08140617609024048,-0.4108297824859619,0.6878279447555542,-0.7108962535858154,-0.14669442176818849,0.7241067290306091,0.6860882639884949,0.0703728124499321,0.05061755329370499,-0.15462681651115418,0.9866754412651062],"EasingStyle":"Linear","EasingDirection":"Out"},"HumanoidRootPart":{"Weight":0,"CFrame":[0,0,0,1,0,0,0,1,0,0,0,1],"EasingStyle":"Linear","EasingDirection":"In"},"LeftUpperArm":{"Weight":1,"CFrame":[0.12739527225494386,-1.2924652099609376,-0.5804228782653809,0.9172995686531067,0.02719706855714321,-0.39726772904396059,-0.07907441258430481,-0.9653544425964356,-0.24867264926433564,-0.39026758074760439,0.25952091813087466,-0.8833686709403992],"EasingStyle":"Linear","EasingDirection":"Out"},"Right Arm":{"Weight":1,"CFrame":[0.8785194158554077,-0.6761887669563294,-0.7758165001869202,-0.9870315790176392,-0.08055208623409271,0.13885252177715302,0.15826581418514253,-0.3436732590198517,0.9256569743156433,-0.02684316784143448,0.9356281757354736,0.3519647717475891],"EasingStyle":"Linear","EasingDirection":"Out"},"Left Arm":{"Weight":1,"CFrame":[-0.6486767530441284,-0.7755768895149231,-0.1202424168586731,-0.883368730545044,0.2595209777355194,0.3902676999568939,-0.24867211282253266,-0.9653544425964356,0.0790744423866272,0.39726799726486208,-0.027197103947401048,0.9172995090484619],"EasingStyle":"Linear","EasingDirection":"Out"},"RightUpperArm":{"Weight":1,"CFrame":[-0.529746413230896,-1.0295753479003907,-0.8573340773582459,0.35196489095687868,0.9356281161308289,0.026843665167689325,0.9256568551063538,-0.34367331862449648,-0.15826621651649476,-0.13885273039340974,0.08055222779512406,-0.9870315194129944],"EasingStyle":"Linear","EasingDirection":"Out"},"LeftHand":{"Weight":1,"CFrame":[0.0005000382661819458,0.00010037422180175781,-5.960464477539063e-8,1,0,1.5040933476484498e-7,-3.725290298461914e-9,1,6.668302034995577e-7,-1.150183379650116e-7,-3.725290298461914e-8,1],"EasingStyle":"Linear","EasingDirection":"Out"}}},{"Time":0.19333332777023316,"poses":{"Left Leg":{"Weight":1,"CFrame":[0.03188064694404602,0.17129266262054444,0.07101249694824219,0.8785120844841003,0.33328649401664736,0.34225553274154665,-0.38314566016197207,0.9194757342338562,0.08809733390808106,-0.2853347063064575,-0.20852939784526826,0.9354677796363831],"EasingStyle":"Linear","EasingDirection":"Out"},"Right Leg":{"Weight":1,"CFrame":[-0.22417983412742616,0.5197350382804871,-0.05300486087799072,0.7570316791534424,0.54695063829422,-0.35741451382637026,-0.3609437048435211,0.8060663342475891,0.46901896595954897,0.5446308255195618,-0.22605769336223603,0.8076361417770386],"EasingStyle":"Linear","EasingDirection":"Out"},"Head":{"Weight":1,"CFrame":[-1.2665987014770509e-7,-2.384185791015625e-7,-1.341104507446289e-7,0.7077449560165405,0.6933705806732178,-0.1354043185710907,-0.7044017314910889,0.6779437065124512,-0.21026286482810975,-0.0539935901761055,0.244191512465477,0.9682226777076721],"EasingStyle":"Linear","EasingDirection":"Out"},"Torso":{"Weight":1,"CFrame":[1.4050896167755128,0.08457742631435394,-0.35614752769470217,0.7052198052406311,-0.696332573890686,-0.13336420059204102,0.707749605178833,0.7025368213653565,0.07438107579946518,0.04189930483698845,-0.14684346318244935,0.988271951675415],"EasingStyle":"Linear","EasingDirection":"Out"},"HumanoidRootPart":{"Weight":0,"CFrame":[0,0,0,1,0,0,0,1,0,0,0,1],"EasingStyle":"Linear","EasingDirection":"In"},"LeftUpperArm":{"Weight":1,"CFrame":[0.09220391511917114,-1.2657438516616822,-0.5686944127082825,0.9213929176330566,-0.008285336196422577,-0.3885437846183777,-0.12918336689472199,-0.9494520425796509,-0.2860988974571228,-0.36653342843055727,0.3138028383255005,-0.8758887648582459],"EasingStyle":"Linear","EasingDirection":"Out"},"Right Arm":{"Weight":1,"CFrame":[0.8784043788909912,-0.6931098699569702,-0.706773042678833,-0.9823060631752014,-0.17558595538139344,0.06515088677406311,0.11974437534809113,-0.3213568329811096,0.939356803894043,-0.14400048553943635,0.9305371642112732,0.33669593930244448],"EasingStyle":"Linear","EasingDirection":"Out"},"Left Arm":{"Weight":1,"CFrame":[-0.6512243747711182,-0.7530382871627808,-0.09438306093215943,-0.8758888840675354,0.3138027787208557,0.3665336072444916,-0.28609830141067507,-0.9494520425796509,0.12918339669704438,0.3885440230369568,0.008285310119390488,0.9213928580284119],"EasingStyle":"Linear","EasingDirection":"Out"},"RightUpperArm":{"Weight":1,"CFrame":[-0.462041974067688,-1.0406266450881959,-0.8322255611419678,0.3366961181163788,0.9305371046066284,0.14400097727775575,0.9393567442893982,-0.32135695219039919,-0.11974477767944336,-0.06515109539031983,0.1755860298871994,-0.9823058843612671],"EasingStyle":"Linear","EasingDirection":"Out"},"LeftHand":{"Weight":1,"CFrame":[0.0004999935626983643,0.00009965896606445313,-2.2351741790771485e-7,1,7.450580596923828e-9,9.499533604184762e-8,7.450580596923828e-9,1,6.780059607081057e-7,-6.705522537231445e-8,-4.470348358154297e-8,1],"EasingStyle":"Linear","EasingDirection":"Out"}}},{"Time":0.20000000298023225,"poses":{"Left Leg":{"Weight":1,"CFrame":[0.03318321704864502,0.1863120198249817,0.07313144207000733,0.8862636685371399,0.3211677074432373,0.3337515890598297,-0.37167292833328249,0.9231038093566895,0.098671093583107,-0.276398241519928,-0.21149612963199616,0.9374827146530151],"EasingStyle":"Linear","EasingDirection":"Out"},"Right Leg":{"Weight":1,"CFrame":[-0.22488075494766236,0.5166215896606445,-0.05366259813308716,0.7606416940689087,0.5313886404037476,-0.3728904724121094,-0.345960795879364,0.817864179611206,0.4597950279712677,0.5493044257164002,-0.2207358032464981,0.8059412240982056],"EasingStyle":"Linear","EasingDirection":"Out"},"Head":{"Weight":1,"CFrame":[-2.5331974029541018e-7,0,-2.9802322387695315e-8,0.7103758454322815,0.6898446679115295,-0.13957245647907258,-0.7017322778701782,0.6789283156394959,-0.2159356027841568,-0.05420229956507683,0.25133782625198367,0.9663805365562439],"EasingStyle":"Linear","EasingDirection":"Out"},"Torso":{"Weight":1,"CFrame":[1.3892754316329957,0.08627589046955109,-0.33575916290283205,0.7133814692497253,-0.6891103982925415,-0.12733331322669984,0.6997475028038025,0.710317075252533,0.07617829740047455,0.03795177862048149,-0.14344535768032075,0.9889302849769592],"EasingStyle":"Linear","EasingDirection":"Out"},"HumanoidRootPart":{"Weight":0,"CFrame":[0,0,0,1,0,0,0,1,0,0,0,1],"EasingStyle":"Linear","EasingDirection":"In"},"LeftUpperArm":{"Weight":1,"CFrame":[0.07707095146179199,-1.2542166709899903,-0.5626417994499207,0.9227161407470703,-0.02476423978805542,-0.3846837878227234,-0.1515975296497345,-0.9408362507820129,-0.3030601143836975,-0.35441941022872927,0.33795544505119326,-0.871878981590271],"EasingStyle":"Linear","EasingDirection":"Out"},"Right Arm":{"Weight":1,"CFrame":[0.8775127530097961,-0.6986360549926758,-0.6759040355682373,-0.9754253029823303,-0.2174680382013321,0.03540287911891937,0.1041138768196106,-0.31332334876060488,0.9439221024513245,-0.19417966902256013,0.9244112372398377,0.3282647728919983],"EasingStyle":"Linear","EasingDirection":"Out"},"Left Arm":{"Weight":1,"CFrame":[-0.6515241861343384,-0.7437770962715149,-0.08358383178710938,-0.8718791007995606,0.33795544505119326,0.3544195592403412,-0.30305951833724978,-0.9408362507820129,0.15159758925437928,0.3846839964389801,0.024764226749539377,0.9227160811424255],"EasingStyle":"Linear","EasingDirection":"Out"},"RightUpperArm":{"Weight":1,"CFrame":[-0.4327843189239502,-1.0440402030944825,-0.8203187584877014,0.32826489210128786,0.9244111776351929,0.19418011605739594,0.9439220428466797,-0.31332340836524966,-0.10411429405212403,-0.03540309518575668,0.21746809780597688,-0.9754251837730408],"EasingStyle":"Linear","EasingDirection":"Out"},"LeftHand":{"Weight":1,"CFrame":[0.000500112771987915,0.0000998377799987793,-2.8312206268310549e-7,1,7.4505797087454088e-9,1.0617127799150694e-7,3.725290298461914e-9,1,6.929072924322099e-7,-1.2293459406009789e-7,-4.470348002882929e-8,1],"EasingStyle":"Linear","EasingDirection":"Out"}}},{"Time":0.20374999940395356,"poses":{"Left Leg":{"Weight":1,"CFrame":[0.03451806306838989,0.19687891006469727,0.07394027709960938,0.8909157514572144,0.31338372826576235,0.3287274241447449,-0.3641669452190399,0.9254236221313477,0.10474304109811783,-0.2713882029056549,-0.2130298912525177,0.9385985136032105],"EasingStyle":"Linear","EasingDirection":"Out"},"Right Leg":{"Weight":1,"CFrame":[-0.22496631741523744,0.5153571367263794,-0.05386710166931152,0.7627935409545898,0.5219104290008545,-0.3817756175994873,-0.33696961402893069,0.8247249722480774,0.4541829824447632,0.551903486251831,-0.21780313551425935,0.8049628734588623],"EasingStyle":"Linear","EasingDirection":"Out"},"Head":{"Weight":1,"CFrame":[-2.2351741790771486e-8,0,-1.4901161193847657e-8,0.712028980255127,0.6876267194747925,-0.1420707255601883,-0.7000414133071899,0.6795377135276794,-0.2194780856370926,-0.054376501590013507,0.25573015213012698,0.9652177095413208],"EasingStyle":"Linear","EasingDirection":"Out"},"Torso":{"Weight":1,"CFrame":[1.3804972171783448,0.08736662566661835,-0.32445812225341799,0.7185209393501282,-0.6844314336776733,-0.12361735850572586,0.6945971846580505