{"Sequence":[{"Time":0,"poses":{"Left Leg":{"Weight":1,"CFrame":[0.0805056095123291,-0.03931844234466553,-0.011280179023742676,0.9925939440727234,0.059398870915174487,0.10596709698438645,-0.05145811662077904,0.9957669377326965,-0.07615972310304642,-0.11004237085580826,0.07014281302690506,0.9914487600326538],"EasingStyle":"Linear","EasingDirection":"In"},"Right Arm":{"Weight":1,"CFrame":[0.6867425441741943,-0.741650402545929,-0.4856119751930237,-0.9212379455566406,-0.3363198935985565,0.19547279179096223,0.38784345984458926,-0.7554005980491638,0.5281545519828796,-0.02996859885752201,0.5623689889907837,0.8263432383537293],"EasingStyle":"Linear","EasingDirection":"In"},"Left Arm":{"Weight":1,"CFrame":[-0.014988310635089875,0.771892786026001,0.1369783878326416,-0.5676456689834595,-0.1645224392414093,0.8066665530204773,0.0003538211458362639,-0.9798772931098938,-0.19960014522075654,0.8232728838920593,-0.11301682144403458,0.556281328201294],"EasingStyle":"Linear","EasingDirection":"In"},"Head":{"Weight":1,"CFrame":[1.0710209608078003e-7,2.9802322387695315e-8,0.0166623592376709,0.9871510863304138,-0.14527754485607148,-0.06653644144535065,0.15698929131031037,0.9593843221664429,0.2343844324350357,0.029783189296722413,-0.24181832373142243,0.9698643684387207],"EasingStyle":"Linear","EasingDirection":"In"},"Torso":{"Weight":1,"CFrame":[-0.0002633780241012573,0.1513497531414032,0.1822061538696289,0.17349644005298615,0.9817967414855957,-0.07729291170835495,-0.9848124980926514,0.17348212003707887,-0.0069509269669651989,0.006584535352885723,0.07732497900724411,0.9969841837882996],"EasingStyle":"Linear","EasingDirection":"In"},"HumanoidRootPart":{"Weight":1,"CFrame":[0,0,0,1,0,0,0,1,0,0,0,1],"EasingStyle":"Linear","EasingDirection":"In"},"Right Leg":{"Weight":1,"CFrame":[-0.19334959983825684,0.244553804397583,-0.1143156886100769,0.9333549737930298,-0.12606289982795716,-0.33609017729759219,0.2927340567111969,0.8091857433319092,0.5094360113143921,0.2077384889125824,-0.5738697648048401,0.7921605706214905],"EasingStyle":"Linear","EasingDirection":"In"}}},{"Time":0.03333333507180214,"poses":{"Left Leg":{"Weight":1,"CFrame":[0.10145440697669983,-0.04274582862854004,-0.015463292598724366,0.986666738986969,0.06676506996154785,0.14842887222766877,-0.05486695468425751,0.9950494766235352,-0.08286238461732865,-0.15322646498680116,0.0736137181520462,0.9854454398155212],"EasingStyle":"Linear","EasingDirection":"In"},"Right Arm":{"Weight":1,"CFrame":[0.7305718660354614,-0.7344825267791748,-0.4843597412109375,-0.9313437342643738,-0.288175493478775,0.22260665893554688,0.36370423436164858,-0.7661076188087463,0.5299040079116821,0.01783529482781887,0.5744858384132385,0.8183202743530273],"EasingStyle":"Linear","EasingDirection":"In"},"Left Arm":{"Weight":1,"CFrame":[-0.012469001114368439,0.7727174758911133,0.1474776268005371,-0.5679813623428345,-0.22223152220249177,0.7924710512161255,-0.03045455925166607,-0.9565226435661316,-0.29006361961364748,0.8224777579307556,-0.18888506293296815,0.5365191102027893],"EasingStyle":"Linear","EasingDirection":"In"},"Head":{"Weight":1,"CFrame":[6.891787052154541e-8,-5.21540641784668e-8,0.016661882400512697,0.989421010017395,-0.11469551175832749,-0.08883116394281388,0.13481520116329194,0.9530899524688721,0.27100613713264468,0.053580865263938907,-0.280115008354187,0.9584699869155884],"EasingStyle":"Linear","EasingDirection":"In"},"Torso":{"Weight":1,"CFrame":[-0.0019724518060684206,0.15351708233356477,0.1768651008605957,0.20944508910179139,0.9745938181877136,-0.07937067747116089,-0.9777412414550781,0.20976997911930085,-0.004316064994782209,0.012443182058632374,0.07850795239210129,0.9968358278274536],"EasingStyle":"Linear","EasingDirection":"In"},"HumanoidRootPart":{"Weight":1,"CFrame":[0,0,0,1,0,0,0,1,0,0,0,1],"EasingStyle":"Linear","EasingDirection":"In"},"Right Leg":{"Weight":1,"CFrame":[-0.201583594083786,0.2480071783065796,-0.1207924485206604,0.9292497038841248,-0.10915633291006088,-0.35295864939689639,0.290729284286499,0.8055575489997864,0.516288161277771,0.22797246277332307,-0.5823760628700256,0.7802991271018982],"EasingStyle":"Linear","EasingDirection":"In"}}},{"Time":0.06666667014360428,"poses":{"Left Leg":{"Weight":1,"CFrame":[0.11432170867919922,-0.050565123558044437,-0.01905447244644165,0.9817334413528442,0.07568149268627167,0.1745615154504776,-0.059092383831739429,0.9933955669403076,-0.098353311419487,-0.18085215985774995,0.08624149858951569,0.9797218441963196],"EasingStyle":"Linear","EasingDirection":"In"},"Right Arm":{"Weight":1,"CFrame":[0.7637665271759033,-0.7144793272018433,-0.48140662908554079,-0.9362694025039673,-0.25450968742370608,0.24212493002414704,0.3475790321826935,-0.771015465259552,0.5335953831672669,0.05087680369615555,0.5837464928627014,0.8103403449058533],"EasingStyle":"Linear","EasingDirection":"In"},"Left Arm":{"Weight":1,"CFrame":[-0.009326547384262085,0.7727148532867432,0.15867483615875245,-0.56468665599823,-0.2683553993701935,0.7804579138755798,-0.059979118406772616,-0.9298146963119507,-0.3631073534488678,0.8231229782104492,-0.2518531382083893,0.5089582800865173],"EasingStyle":"Linear","EasingDirection":"In"},"Head":{"Weight":1,"CFrame":[7.078051567077637e-8,-5.960464477539063e-8,0.016661882400512697,0.9901689887046814,-0.1019890233874321,-0.09572651982307434,0.1262919008731842,0.9460538029670715,0.2983831465244293,0.06013058125972748,-0.3075392544269562,0.9496335983276367],"EasingStyle":"Linear","EasingDirection":"In"},"Torso":{"Weight":1,"CFrame":[-0.006552770733833313,0.16107603907585145,0.14970159530639649,0.24645157158374787,0.9654257893562317,-0.08493907004594803,-0.9688130021095276,0.24774500727653504,0.004873479716479778,0.02574821189045906,0.08108899742364884,0.996374249458313],"EasingStyle":"Linear","EasingDirection":"In"},"HumanoidRootPart":{"Weight":1,"CFrame":[0,0,0,1,0,0,0,1,0,0,0,1],"EasingStyle":"Linear","EasingDirection":"In"},"Right Leg":{"Weight":1,"CFrame":[-0.19965752959251405,0.2577264904975891,-0.12633180618286134,0.9301954507827759,-0.11371038854122162,-0.34900760650634768,0.29776403307914736,0.7897533178329468,0.5363079905509949,0.21464619040489198,-0.6027932167053223,0.7684838175773621],"EasingStyle":"Linear","EasingDirection":"In"}}},{"Time":0.10000000149011612,"poses":{"Left Leg":{"Weight":1,"CFrame":[0.11767646670341492,-0.06155133247375488,-0.021098017692565919,0.9797462821006775,0.08485188335180283,0.18137617409229279,-0.06354956328868866,0.9907135367393494,-0.12020036578178406,-0.18989114463329316,0.10623949766159058,0.976040244102478],"EasingStyle":"Linear","EasingDirection":"In"},"Right Arm":{"Weight":1,"CFrame":[0.7879456281661987,-0.6852878928184509,-0.47638869285583498,-0.9383779168128967,-0.23278602957725526,0.2554555833339691,0.3381682336330414,-0.7710011005401611,0.5396291613578796,0.07133834809064865,0.5927630066871643,0.8022111654281616],"EasingStyle":"Linear","EasingDirection":"In"},"Left Arm":{"Weight":1,"CFrame":[-0.00564970076084137,0.7718937397003174,0.17037534713745118,-0.5589210987091065,-0.3039979636669159,0.771487295627594,-0.08681002259254456,-0.9038125276565552,-0.4190307855606079,0.8246643543243408,-0.3011780083179474,0.47876980900764468],"EasingStyle":"Linear","EasingDirection":"In"},"Head":{"Weight":1,"CFrame":[7.636845111846924e-8,-4.0978193283081057e-8,0.016661763191223146,0.9903154373168945,-0.10505753010511399,-0.09076453745365143,0.12873655557632447,0.9396457672119141,0.31700587272644045,0.05198267847299576,-0.32562050223350527,0.9440704584121704],"EasingStyle":"Linear","EasingDirection":"In"},"Torso":{"Weight":1,"CFrame":[-0.013047337532043457,0.1721421331167221,0.08395600318908692,0.28575006127357485,0.9537969827651978,-0.09283463656902313,-0.9572811126708984,0.2885776460170746,0.01832672394812107,0.044269975274801257,0.0836319774389267,0.995512843132019],"EasingStyle":"Linear","EasingDirection":"In"},"HumanoidRootPart":{"Weight":1,"CFrame":[0,0,0,1,0,0,0,1,0,0,0,1],"EasingStyle":"Linear","EasingDirection":"In"},"Right Leg":{"Weight":1,"CFrame":[0.06610800325870514,0.3696831464767456,-0.09451764822006226,0.9450221061706543,0.002626188565045595,-0.3269957900047302,0.19648292660713197,0.7947731614112854,0.5742212533950806,0.26139554381370547,-0.6069009304046631,0.7505622506141663],"EasingStyle":"Linear","EasingDirection":"In"}}},{"Time":0.13333334028720857,"poses":{"Left Leg":{"Weight":1,"CFrame":[0.10995379090309143,-0.07461941242218018,-0.021065056324005128,0.981752872467041,0.09336475282907486,0.16566327214241029,-0.0691838264465332,0.9868378639221191,-0.14616668224334718,-0.17712964117527009,0.13203828036785127,0.9752901792526245],"EasingStyle":"Linear","EasingDirection":"In"},"Right Arm":{"Weight":1,"CFrame":[0.8047416806221008,-0.6505412459373474,-0.46896570920944216,-0.9390764832496643,-0.22007684409618379,0.26401057839393618,0.33387434482574465,-0.7665136456489563,0.5486207008361816,0.08162906020879746,0.6033431887626648,0.7932929992675781],"EasingStyle":"Linear","EasingDirection":"In"},"Left Arm":{"Weight":1,"CFrame":[-0.0015106052160263062,0.7702805995941162,0.18237316608428956,-0.5517894625663757,-0.32982245087623598,0.7659932971000671,-0.10915349423885346,-0.8820133209228516,-0.4584078788757324,0.8268094658851624,-0.336555540561676,0.45068445801734927],"EasingStyle":"Linear","EasingDirection":"In"},"Head":{"Weight":1,"CFrame":[5.21540641784668e-8,-5.21540641784668e-8,0.016661882400512697,0.9896760582923889,-0.12111451476812363,-0.07663314044475556,0.13972042500972749,0.9344268441200256,0.32760459184646609,0.03193036839365959,-0.33492952585220339,0.9417019486427307],"EasingStyle":"Linear","EasingDirection":"In"},"Torso":{"Weight":1,"CFrame":[-0.020414143800735475,0.18488554656505586,-0.03707766532897949,0.32854926586151125,0.9389856457710266,-0.10179055482149124,-0.9421998858451843,0.3333400785923004,0.03381911292672157,0.06568653881549835,0.08479580283164978,0.9942308068275452],"EasingStyle":"Linear","EasingDirection":"In"},"HumanoidRootPart":{"Weight":1,"CFrame":[0,0,0,1,0,0,0,1,0,0,0,1],"EasingStyle":"Linear","EasingDirection":"In"},"Right Leg":{"Weight":1,"CFrame":[0.2847318649291992,0.4906669855117798,-0.12921899557113648,0.9534267783164978,0.08547575026750565,-0.2892598509788513,0.12455429881811142,0.7618486285209656,0.635667085647583,0.2747064232826233,-0.6420907378196716,0.7157207131385803],"EasingStyle":"Linear","EasingDirection":"In"}}},{"Time":0.1666666716337204,"poses":{"Left Leg":{"Weight":1,"CFrame":[-0.4548857510089874,0.011256277561187745,0.06767058372497559,0.9738969206809998,-0.19016094505786897,0.12394993007183075,0.20996041595935822,0.9621863961219788,-0.17353381216526032,-0.08626364916563034,0.19502870738506318,0.976996660232544],"EasingStyle":"Linear","EasingDirection":"In"},"Right Arm":{"Weight":1,"CFrame":[0.8157927989959717,-0.613865315914154,-0.45881354808807375,-0.9391809701919556,-0.21328996121883393,0.2691586911678314,0.3329341411590576,-0.7577020525932312,0.5612865090370178,0.08422539383172989,0.6167616844177246,0.7826308608055115],"EasingStyle":"Linear","EasingDirection":"In"},"Left Arm":{"Weight":1,"CFrame":[0.0030350983142852785,0.7679216861724854,0.19446098804473878,-0.5444538593292236,-0.3460647463798523,0.7640740871429443,-0.12493155151605606,-0.8673060536384583,-0.48184266686439516,0.8294348120689392,-0.3577980101108551,0.4289737343788147],"EasingStyle":"Linear","EasingDirection":"In"},"Head":{"Weight":1,"CFrame":[9.685754776000977e-8,-1.4901161193847657e-8,0.016661524772644044,0.9875875115394592,-0.14693281054496766,-0.05551307648420334,0.15704096853733064,0.9304523468017578,0.33105355501174929,0.0030095914844423534,-0.33566224575042727,0.9419776201248169],"EasingStyle":"Linear","EasingDirection":"In"},"Torso":{"Weight":1,"CFrame":[-0.027525335550308229,0.19755980372428895,-0.20250654220581056,0.37603095173835757,0.9200025200843811,-0.11043578386306763,-0.9224589467048645,0.38294410705566409,0.049227409064769748,0.08758007735013962,0.08336144685745239,0.9926633834838867],"EasingStyle":"Linear","EasingDirection":"In"},"HumanoidRootPart":{"Weight":1,"CFrame":[0,0,0,1,0,0,0,1,0,0,0,1],"EasingStyle":"Linear","EasingDirection":"In"},"Right Leg":{"Weight":1,"CFrame":[0.4665895700454712,0.6032154560089111,-0.23446029424667359,0.9596588015556336,0.14709709584712983,-0.23961928486824037,0.0731503963470459,0.6922634243965149,0.7179278135299683,0.2714848518371582,-0.7064940333366394,0.6535764932632446],"EasingStyle":"Linear","EasingDirection":"In"}}},{"Time":0.20000000298023225,"poses":{"Left Leg":{"Weight":1,"CFrame":[-0.6055319309234619,0.05326801538467407,0.05753064155578613,0.9659778475761414,-0.2504786252975464,0.06439906358718872,0.2583383321762085,0.9462339282035828,-0.19468621909618379,-0.012171875685453415,0.20469923317432404,0.9787492156028748],"EasingStyle":"Linear","EasingDirection":"In"},"Right Arm":{"Weight":1,"CFrame":[0.8227401971817017,-0.5788769721984863,-0.4456169009208679,-0.9392063021659851,-0.2092721313238144,0.272207111120224,0.33350905776023867,-0.7445070743560791,0.578343391418457,0.08162889629602432,0.6339671611785889,0.7690398097038269],"EasingStyle":"Linear","EasingDirection":"In"},"Left Arm":{"Weight":1,"CFrame":[0.007946044206619263,0.764887809753418,0.20644104480743409,-0.5382462739944458,-0.35258057713508608,0.7654920220375061,-0.131864532828331,-0.8618677258491516,-0.48968932032585146,0.8324077725410461,-0.3645147383213043,0.41740426421165469],"EasingStyle":"Linear","EasingDirection":"In"},"Head":{"Weight":1,"CFrame":[8.940696716308594e-8,2.2351741790771486e-8,0.016662120819091798,0.9834682941436768,-0.17843379080295564,-0.03084692358970642,0.17856043577194215,0.9272860884666443,0.3290237486362457,-0.030105071142315866,-0.3290925621986389,0.943817675113678],"EasingStyle":"Linear","EasingDirection":"In"},"Torso":{"Weight":1,"CFrame":[-0.033140748739242557,0.20854532718658448,-0.29140281677246096,0.4292951226234436,0.895519495010376,-0.11726254969835282,-0.8967540264129639,0.4380817413330078,0.06258270889520645,0.107414610683918,0.07828919589519501,0.991127073764801],"EasingStyle":"Linear","EasingDirection":"In"},"HumanoidRootPart":{"Weight":1,"CFrame":[0,0,0,1,0,0,0,1,0,0,0,1],"EasingStyle":"Linear","EasingDirection":"In"},"Right Leg":{"Weight":1,"CFrame":[0.5301846265792847,0.6333030462265015,-0.328299343585968,0.9700543880462647,0.14900054037570954,-0.19181573390960694,0.05872289836406708,0.6224283576011658,0.7804707884788513,0.2356821745634079,-0.7683630585670471,0.5950395464897156],"EasingStyle":"Linear","EasingDirection":"In"}}},{"Time":0.23333333432674409,"poses":{"Left Leg":{"Weight":1,"CFrame":[-0.5542017221450806,0.025112450122833253,0.010241270065307618,0.9799304604530335,-0.19931191205978394,-0.00332501414231956,0.19449272751808167,0.9596267342567444,-0.2031971961259842,0.043690286576747897,0.19847244024276734,0.9791321754455566],"EasingStyle":"Linear","EasingDirection":"In"},"Right Arm":{"Weight":1,"CFrame":[0.8264968395233154,-0.549057126045227,-0.4292261600494385,-0.9411190748214722,-0.2317381352186203,0.246155247092247,0.33598414063453677,-0.7219708561897278,0.604874312877655,0.037544529885053638,0.6519628167152405,0.7573207020759583],"EasingStyle":"Linear","EasingDirection":"In"},"Left Arm":{"Weight":1,"CFrame":[0.013203859329223633,0.7614227533340454,0.21785712242126466,-0.5341918468475342,-0.3485066294670105,0.7701833248138428,-0.13727694749832154,-0.8632133603096008,-0.4858163893222809,0.8341427445411682,-0.36524760723114016,0.41327965259552],"EasingStyle":"Linear","EasingDirection":"In"},"Head":{"Weight":1,"CFrame":[6.705522537231445e-8,-2.9802322387695315e-8,0.016662120819091798,0.9776985049247742,-0.2099187821149826,-0.006293661892414093,0.20071212947368623,0.9251583814620972,0.32217493653297427,-0.0618080273270607,-0.3162531554698944,0.9466592073440552],"EasingStyle":"Linear","EasingDirection":"In"},"Torso":{"Weight":1,"CFrame":[-0.03585609793663025,0.21641018986701966,-0.2426433563232422,0.4892379343509674,0.8637769818305969,-0.12056366354227066,-0.8635050058364868,0.49915358424186709,0.07214415073394776,0.12249624729156494,0.06881169229745865,0.9900805950164795],"EasingStyle":"Linear","EasingDirection":"In"},"HumanoidRootPart":{"Weight":1,"CFrame":[0,0,0,1,0,0,0,1,0,0,0,1],"EasingStyle":"Linear","EasingDirection":"In"},"Right Leg":{"Weight":1,"CFrame":[0.4678075313568115,0.5843847393989563,-0.3282574415206909,0.9834252595901489,0.09364709258079529,-0.15525774657726289,0.06980639696121216,0.594730794429779,0.8008884191513062,0.16733741760253907,-0.7984519600868225,0.5783361792564392],"EasingStyle":"Linear","EasingDirection":"In"}}},{"Time":0.2666666805744171,"poses":{"Left Leg":{"Weight":1,"CFrame":[-0.38347870111465456,-0.03345894813537598,-0.029781699180603029,0.9932696223258972,-0.08357459306716919,-0.08019177615642548,0.06568360328674317,0.9766963124275208,-0.20432792603969575,0.09539959579706192,0.19768546521663667,0.9756122827529907],"EasingStyle":"Linear","EasingDirection":"In"},"Right Arm":{"Weight":1,"CFrame":[0.8286689519882202,-0.5280754566192627,-0.40950602293014529,-0.9406036138534546,-0.2781458795070648,0.19467873871326447,0.3367973864078522,-0.6921557784080505,0.6383478045463562,-0.042805690318346027,0.6659994125366211,0.7447229623794556],"EasingStyle":"Linear","EasingDirection":"In"},"Left Arm":{"Weight":1,"CFrame":[0.01873031258583069,0.75783371925354,0.22826099395751954,-0.5319185853004456,-0.334829181432724,0.7777867913246155,-0.1490717977285385,-0.867135226726532,-0.4752407968044281,0.8335707783699036,-0.3687356114387512,0.4113318622112274],"EasingStyle":"Linear","EasingDirection":"In"},"Head":{"Weight":1,"CFrame":[1.1920928955078126e-7,2.9802322387695315e-8,0.016662120819091798,0.9712460041046143,-0.23735210299491883,0.01857968419790268,0.21992646157741548,0.9243473410606384,0.3117922842502594,-0.09117865562438965,-0.2987406551837921,0.9499686360359192],"EasingStyle":"Linear","EasingDirection":"In"},"Torso":{"Weight":1,"CFrame":[-0.03672736883163452,0.22152964770793916,-0.14968061447143556,0.5552518963813782,0.8227412700653076,-0.12162280827760697,-0.8209353089332581,0.5656179189682007,0.07836796343326569,0.1332685947418213,0.05633050203323364,0.989477813243866],"EasingStyle":"Linear","EasingDirection":"In"},"HumanoidRootPart":{"Weight":1,"CFrame":[0,0,0,1,0,0,0,1,0,0,0,1],"EasingStyle":"Linear","EasingDirection":"In"},"Right Leg":{"Weight":1,"CFrame":[0.3336139917373657,0.5127367973327637,-0.2872864007949829,0.9919310808181763,0.017180906608700753,-0.12560877203941346,0.09215188026428223,0.582724392414093,0.8074281215667725,0.08706770837306977,-0.8124881982803345,0.5764392614364624],"EasingStyle":"Linear","EasingDirection":"In"}}},{"Time":0.30000001192092898,"poses":{"Left Leg":{"Weight":1,"CFrame":[-0.30629318952560427,-0.05758786201477051,-0.025686919689178468,0.9965235590934753,-0.04182261973619461,-0.07205303013324738,0.02535008080303669,0.9760746955871582,-0.21595270931720735,0.07936079055070877,0.21337535977363587,0.9737416505813599],"EasingStyle":"Linear","EasingDirection":"In"},"Right Arm":{"Weight":1,"CFrame":[0.8319894671440125,-0.5198413729667664,-0.3859863877296448,-0.9382132291793823,-0.30453142523765566,0.16436736285686494,0.33309298753738406,-0.6659072041511536,0.6675452589988709,-0.0938350260257721,0.6810493469238281,0.7262002229690552],"EasingStyle":"Linear","EasingDirection":"In"},"Left Arm":{"Weight":1,"CFrame":[0.024406298995018007,0.7543091773986816,0.23748266696929933,-0.5307830572128296,-0.31390905380249026,0.7872297167778015,-0.16576412320137025,-0.8724830746650696,-0.4596688449382782,0.8311387300491333,-0.37447887659072878,0.41106441617012026],"EasingStyle":"Linear","EasingDirection":"In"},"Head":{"Weight":1,"CFrame":[-1.4901161193847657e-8,-1.4901161193847657e-8,0.016661763191223146,0.9644758701324463,-0.26031720638275149,0.044957906007766727,0.235582172870636,0.9245562553405762,0.2994941473007202,-0.11952955275774002,-0.27826371788978579,0.9530383348464966],"EasingStyle":"Linear","EasingDirection":"In"},"Torso":{"Weight":1,"CFrame":[-0.03788605332374573,0.2251470685005188,-0.08283662796020508,0.6234923601150513,0.7720884084701538,-0.12303149700164795,-0.7688422203063965,0.6340595483779907,0.08276572078466416,0.14191174507141114,0.04298802465200424,0.9889454245567322],"EasingStyle":"Linear","EasingDirection":"In"},"HumanoidRootPart":{"Weight":1,"CFrame":[0,0,0,1,0,0,0,1,0,0,0,1],"EasingStyle":"Linear","EasingDirection":"In"},"Right Leg":{"Weight":1,"CFrame":[0.1866523027420044,0.4584342837333679,-0.2553941011428833,0.9937238097190857,-0.04834572225809097,-0.10087449848651886,0.11050217598676682,0.5644128322601318,0.8180631995201111,0.01738514006137848,-0.8240757584571838,0.5662127733230591],"EasingStyle":"Linear","EasingDirection":"In"}}},{"Time":0.3333333432674408,"poses":{"Left Leg":{"Weight":1,"CFrame":[-0.31176260113716128,-0.06097447872161865,0.011454463005065918,0.9963073134422302,-0.07269644737243653,0.0456833653151989,0.08155915141105652,0.9675930142402649,-0.23898082971572877,-0.026829788461327554,0.241824209690094,0.9699490666389465],"EasingStyle":"Linear","EasingDirection":"In"},"Right Arm":{"Weight":1,"CFrame":[0.8378111720085144,-0.5246080756187439,-0.3587535619735718,-0.9391172528266907,-0.30410438776016238,0.1599353849887848,0.32681792974472048,-0.6469065546989441,0.6889861226081848,-0.10606039315462113,0.6993085145950317,0.7069078683853149],"EasingStyle":"Linear","EasingDirection":"In"},"Left Arm":{"Weight":1,"CFrame":[0.030111059546470643,0.7510354518890381,0.2453540563583374,-0.5301499962806702,-0.2881399095058441,0.7974438071250916,-0.1858694851398468,-0.8781206011772156,-0.4408589005470276,0.8272808194160461,-0.3819417953491211,0.41197919845581057],"EasingStyle":"Linear","EasingDirection":"In"},"Head":{"Weight":1,"CFrame":[6.705522537231445e-8,-3.725290298461914e-8,0.016662120819091798,0.957757830619812,-0.2785305082798004,0.0715583860874176,0.24787898361682893,0.9257349371910095,0.2856062054634094,-0.14579424262046815,-0.25580376386642458,0.9556717276573181],"EasingStyle":"Linear","EasingDirection":"In"},"Torso":{"Weight":1,"CFrame":[-0.03934508562088013,0.22731663286685944,-0.05976057052612305,0.6900333762168884,0.7129358649253845,-0.12480524927377701,-0.7084158658981323,0.7006091475486755,0.08540327101945877,0.14832676947116853,0.029482915997505189,0.9884988069534302],"EasingStyle":"Linear","EasingDirection":"In"},"HumanoidRootPart":{"Weight":1,"CFrame":[0,0,0,1,0,0,0,1,0,0,0,1],"EasingStyle":"Linear","EasingDirection":"In"},"Right Leg":{"Weight":1,"CFrame":[0.11367067694664002,0.4401369094848633,-0.24973881244659425,0.9948671460151672,-0.06245230883359909,-0.07961815595626831,0.10079158842563629,0.541868269443512,0.8343978524208069,-0.008967410773038865,-0.8381398916244507,0.5453817248344421],"EasingStyle":"Linear","EasingDirection":"In"}}},{"Time":0.36666667461395266,"poses":{"Left Leg":{"Weight":1,"CFrame":[-0.07465393841266632,-0.10981941223144531,0.004114985466003418,0.9864708781242371,0.025111252442002298,0.16200172901153565,0.01730584166944027,0.9667260050773621,-0.2552279233932495,-0.16302049160003663,0.25457850098609927,0.953212559223175],"EasingStyle":"Linear","EasingDirection":"In"},"Right Arm":{"Weight":1,"CFrame":[0.8450945019721985,-0.5378000140190125,-0.32978200912475588,-0.940889298915863,-0.30065834522247317,0.1559869647026062,0.31896454095840456,-0.6315228939056397,0.7067108154296875,-0.11396913230419159,0.7146911025047302,0.6900926828384399],"EasingStyle":"Linear","EasingDirection":"In"},"Left Arm":{"Weight":1,"CFrame":[0.035720422863960269,0.7481954097747803,0.25170576572418215,-0.5295000076293945,-0.2600073516368866,0.8074812889099121,-0.20788101851940156,-0.8830775022506714,-0.420665442943573,0.8224446773529053,-0.3906024396419525,0.41353902220726015],"EasingStyle":"Linear","EasingDirection":"In"},"Head":{"Weight":1,"CFrame":[1.1920928955078126e-7,2.2351741790771486e-8,0.016662120819091798,0.9514645338058472,-0.2919798493385315,0.09727805852890015,0.25700676441192629,0.9277060031890869,0.27075648307800295,-0.16930091381072999,-0.23261407017707826,0.957720160484314],"EasingStyle":"Linear","EasingDirection":"In"},"Torso":{"Weight":1,"CFrame":[-0.04109370708465576,0.2280898094177246,-0.06853008270263672,0.7516124248504639,0.6472768187522888,-0.1269310712814331,-0.6417056918144226,0.7620752453804016,0.08634323626756668,0.15261900424957276,0.016555732116103174,0.9881464242935181],"EasingStyle":"Linear","EasingDirection":"In"},"HumanoidRootPart":{"Weight":1,"CFrame":[0,0,0,1,0,0,0,1,0,0,0,1],"EasingStyle":"Linear","EasingDirection":"In"},"Right Leg":{"Weight":1,"CFrame":[0.16997414827346803,0.45028263330459597,-0.26644808053970339,0.998117208480835,-0.002605387009680271,-0.06127988174557686,0.05368413031101227,0.5203312039375305,0.8522754907608032,0.02966536581516266,-0.8539605736732483,0.5194913148880005],"EasingStyle":"Linear","EasingDirection":"In"}}},{"Time":0.4000000059604645,"poses":{"Left Leg":{"Weight":1,"CFrame":[0.11099497228860855,-0.13368546962738038,-0.03405153751373291,0.9779615998268127,0.12416813522577286,0.1678493320941925,-0.0766577497124672,0.9613305926322937,-0.26451289653778078,-0.19420279562473298,0.24581648409366609,0.9496628642082214],"EasingStyle":"Linear","EasingDirection":"In"},"Right Arm":{"Weight":1,"CFrame":[0.8530171513557434,-0.5560794472694397,-0.30123060941696169,-0.9431523084640503,-0.2953034043312073,0.15251098573207856,0.3105551600456238,-0.619541347026825,0.7209188342094421,-0.11840289831161499,0.7272993922233582,0.6760299205780029],"EasingStyle":"Linear","EasingDirection":"In"},"Left Arm":{"Weight":1,"CFrame":[0.04110553860664368,0.7459630966186523,0.25636839866638186,-0.5284988284111023,-0.23209980130195619,0.8165897130966187,-0.23026998341083527,-0.886645495891571,-0.4010428488254547,0.8171075582504273,-0.39998680353164675,0.415145605802536],"EasingStyle":"Linear","EasingDirection":"In"},"Head":{"Weight":1,"CFrame":[1.4901161193847657e-7,1.1175870895385743e-8,0.0166623592376709,0.9458982944488525,-0.3009442985057831,0.12127993255853653,0.26315152645111086,0.9302139282226563,0.25583866238594057,-0.18980954587459565,-0.21008239686489106,0.9590817093849182],"EasingStyle":"Linear","EasingDirection":"In"},"Torso":{"Weight":1,"CFrame":[-0.043122172355651858,0.2275153547525406,-0.09971284866333008,0.8058657646179199,0.5777861475944519,-0.12939712405204774,-0.5714245438575745,0.8161733746528626,0.08564486354589462,0.1550949066877365,0.004922416061162949,0.9878873229026794],"EasingStyle":"Linear","EasingDirection":"In"},"HumanoidRootPart":{"Weight":1,"CFrame":[0,0,0,1,0,0,0,1,0,0,0,1],"EasingStyle":"Linear","EasingDirection":"In"},"Right Leg":{"Weight":1,"CFrame":[0.2812856137752533,0.4654127359390259,-0.29107099771499636,0.9952285289764404,0.08641060441732407,-0.045313529670238498,-0.003340682713314891,0.49432089924812319,0.8692730069160461,0.09751394391059876,-0.8649740219116211,0.49225106835365298],"EasingStyle":"Linear","EasingDirection":"In"}}},{"Time":0.4333333373069763,"poses":{"Left Leg":{"Weight":1,"CFrame":[-0.2480664998292923,-0.08832323551177979,0.01552116870880127,0.9954845905303955,-0.03821124508976936,0.08689288794994354,0.060649573802948,0.9602224826812744,-0.27257001399993899,-0.07302132248878479,0.27660930156707766,0.9582041501998901],"EasingStyle":"Linear","EasingDirection":"In"},"Right Arm":{"Weight":1,"CFrame":[0.860755980014801,-0.5761100053787231,-0.27525949478149416,-0.9455240368843079,-0.2891569435596466,0.14957472681999207,0.30252864956855776,-0.6107130646705627,0.7317826151847839,-0.12025275826454163,0.7371687889099121,0.664922297000885],"EasingStyle":"Linear","EasingDirection":"In"},"Left Arm":{"Weight":1,"CFrame":[0.04613368213176727,0.7445039749145508,0.2591698169708252,-0.5270227789878845,-0.20708827674388886,0.824233889579773,-0.2515031695365906,-0.8884089589118958,-0.38402557373046877,0.8117839694023132,-0.4096876382827759,0.41612836718559267],"EasingStyle":"Linear","EasingDirection":"In"},"Head":{"Weight":1,"CFrame":[5.960464477539063e-8,1.4901161193847657e-8,0.016661882400512697,0.9412425756454468,-0.30594366788864138,0.14304135739803315,0.2664887607097626,0.9329774379730225,0.2419438362121582,-0.20747557282447816,-0.18960903584957124,0.959688663482666],"EasingStyle":"Linear","EasingDirection":"In"},"Torso":{"Weight":1,"CFrame":[-0.04544323682785034,0.22563324868679048,-0.16161298751831056,0.8514251708984375,0.5075365304946899,-0.13221889734268189,-0.5006673336029053,0.8616170287132263,0.08335675299167633,0.15622864663600923,-0.004774358589202166,0.9877094030380249],"EasingStyle":"Linear","EasingDirection":"In"},"HumanoidRootPart":{"Weight":1,"CFrame":[0,0,0,1,0,0,0,1,0,0,0,1],"EasingStyle":"Linear","EasingDirection":"In"},"Right Leg":{"Weight":1,"CFrame":[0.41563862562179568,0.4805986285209656,-0.3243556022644043,0.9827492833137512,0.18243589997291566,-0.03034650720655918,-0.05750875920057297,0.457399845123291,0.8873996138572693,0.17577417194843293,-0.870346188545227,0.460001140832901],"EasingStyle":"Linear","EasingDirection":"In"}}},{"Time":0.46666666865348818,"poses":{"Left Leg":{"Weight":1,"CFrame":[-0.4784809947013855,-0.025972723960876466,0.01568293571472168,0.9909226894378662,-0.13390257954597474,0.011931175366044045,0.13184981048107148,0.9507311582565308,-0.2805814743041992,0.026227131485939027,0.2796076238155365,0.959756076335907],"EasingStyle":"Linear","EasingDirection":"In"},"Right Arm":{"Weight":1,"CFrame":[0.8674874305725098,-0.5945522785186768,-0.2540311813354492,-0.9476381540298462,-0.283346563577652,0.14729784429073335,0.29576486349105837,-0.6047712564468384,0.7394421696662903,-0.12043683230876923,0.744289219379425,0.656908392906189],"EasingStyle":"Linear","EasingDirection":"In"},"Left Arm":{"Weight":1,"CFrame":[0.05066967010498047,0.7439737319946289,0.2599365711212158,-0.5251414775848389,-0.18768863379955293,0.8300599455833435,-0.27006420493125918,-0.8882055878639221,-0.37169352173805239,0.8070265054702759,-0.4193611443042755,0.4157455563545227],"EasingStyle":"Linear","EasingDirection":"In"},"Head":{"Weight":1,"CFrame":[5.960464477539063e-8,2.60770320892334e-8,0.016661524772644044,0.9375483393669128,-0.3076469600200653,0.16234655678272248,0.2671707272529602,0.9357261061668396,0.23029649257659913,-0.22276189923286439,-0.17253977060317994,0.959482729434967],"EasingStyle":"Linear","EasingDirection":"In"},"Torso":{"Weight":1,"CFrame":[-0.04811134934425354,0.22246427834033967,-0.24799156188964845,0.8878618478775024,0.43971726298332217,-0.13546256721019746,-0.4326360523700714,0.8980563282966614,0.07950416952371597,0.15661238133907319,-0.011982737109065056,0.9875874519348145],"EasingStyle":"Linear","EasingDirection":"In"},"HumanoidRootPart":{"Weight":1,"CFrame":[0,0,0,1,0,0,0,1,0,0,0,1],"EasingStyle":"Linear","EasingDirection":"In"},"Right Leg":{"Weight":1,"CFrame":[0.5433889031410217,0.4930291175842285,-0.36556780338287356,0.9639796018600464,0.2654811143875122,-0.016221459954977037,-0.09833153337240219,0.4123879373073578,0.9056859612464905,0.24713212251663209,-0.8714677095413208,0.42363882064819338],"EasingStyle":"Linear","EasingDirection":"In"}}},{"Time":0.5,"poses":{"Left Leg":{"Weight":1,"CFrame":[-0.5808997750282288,0.014646291732788086,-0.01115638017654419,0.9848895072937012,-0.1637430340051651,-0.05639885365962982,0.1414109468460083,0.9483605027198792,-0.28392839431762698,0.0999777689576149,0.2716626822948456,0.9571853876113892],"EasingStyle":"Linear","EasingDirection":"In"},"Right Arm":{"Weight":1,"CFrame":[0.8723872303962708,-0.6080670952796936,-0.2397075891494751,-0.9491502046585083,-0.2790132462978363,0.1458268165588379,0.291105717420578,-0.6014341711997986,0.7439988255500794,-0.11988035589456558,0.7486177682876587,0.6520738005638123],"EasingStyle":"Linear","EasingDirection":"In"},"Left Arm":{"Weight":1,"CFrame":[0.05467342585325241,0.7441020011901856,0.2595102787017822,-0.5234586000442505,-0.17680461704730988,0.833505392074585,-0.2866368889808655,-0.8846782445907593,-0.36767321825027468,0.802390456199646,-0.4313751757144928,0.4124138057231903],"EasingStyle":"Linear","EasingDirection":"In"},"Head":{"Weight":1,"CFrame":[1.9371509552001954e-7,2.2351741790771486e-8,0.016662120819091798,0.9351069927215576,-0.3059028387069702,0.17888082563877107,0.26490548253059389,0.9387246370315552,0.22050204873085023,-0.23537208139896394,-0.15880660712718965,0.9588432908058167],"EasingStyle":"Linear","EasingDirection":"In"},"Torso":{"Weight":1,"CFrame":[-0.05055457353591919,0.21825039386749268,-0.2943248748779297,0.9162454605102539,0.37593957781791689,-0.1384328156709671,-0.36890357732772829,0.9264867305755615,0.0743812695145607,0.156219020485878,-0.01708313636481762,0.9875746965408325],"EasingStyle":"Linear","EasingDirection":"In"},"HumanoidRootPart":{"Weight":1,"CFrame":[0,0,0,1,0,0,0,1,0,0,0,1],"EasingStyle":"Linear","EasingDirection":"In"},"Right Leg":{"Weight":1,"CFrame":[0.6024672985076904,0.495486855506897,-0.3820314407348633,0.9527795314788818,0.30354395508766177,-0.008491197600960732,-0.11850529909133911,0.3974250555038452,0.9099504351615906,0.27958470582962038,-0.8659759759902954,0.41463011503219607],"EasingStyle":"Linear","EasingDirection":"In"}}},{"Time":0.5333333611488342,"poses":{"Left Leg":{"Weight":1,"CFrame":[-0.5117353200912476,-0.011929750442504883,-0.046783447265625,0.9871643781661987,-0.1058291345834732,-0.11961060762405396,0.06905469298362732,0.958145260810852,-0.2778293490409851,0.14400671422481538,0.26600348949432375,0.9531548619270325],"EasingStyle":"Linear","EasingDirection":"In"},"Right Arm":{"Weight":1,"CFrame":[0.8746306896209717,-0.6133146286010742,-0.23445212841033936,-0.9497286677360535,-0.2773107588291168,0.14530743658542634,0.28937187790870669,-0.6003962159156799,0.7455120086669922,-0.1194964349269867,0.7500820755958557,0.6504595279693604],"EasingStyle":"Linear","EasingDirection":"In"},"Left Arm":{"Weight":1,"CFrame":[0.05824780464172363,0.7444683313369751,0.2588897943496704,-0.5224952697753906,-0.17395049333572389,0.8347095251083374,-0.30248016119003298,-0.8774792551994324,-0.3722039461135864,0.7971853017807007,-0.44695791602134707,0.40586230158805849],"EasingStyle":"Linear","EasingDirection":"In"},"Head":{"Weight":1,"CFrame":[1.043081283569336e-7,-3.725290298461914e-9,0.016662001609802247,0.9341282844543457,-0.3005543053150177,0.1925397366285324,0.2595784366130829,0.9422741532325745,0.21151454746723176,-0.24499671161174775,-0.14760257303714753,0.9582223296165466],"EasingStyle":"Linear","EasingDirection":"In"},"Torso":{"Weight":1,"CFrame":[-0.052147090435028079,0.21333380043506623,-0.24216127395629884,0.938348114490509,0.3159103989601135,-0.14036892354488374,-0.30911609530448916,0.9485610723495483,0.06840407848358154,0.1547580361366272,-0.02079654112458229,0.9877334833145142],"EasingStyle":"Linear","EasingDirection":"In"},"HumanoidRootPart":{"Weight":1,"CFrame":[0,0,0,1,0,0,0,1,0,0,0,1],"EasingStyle":"Linear","EasingDirection":"In"},"Right Leg":{"Weight":1,"CFrame":[0.5555824041366577,0.4841333031654358,-0.34381353855133059,0.9598127007484436,0.280358225107193,-0.012601183727383614,-0.11826694756746292,0.4447930157184601,0.8877906203269959,0.25450435280799868,-0.8506224155426025,0.4600750505924225],"EasingStyle":"Linear","EasingDirection":"In"}}},{"Time":0.5666666626930237,"poses":{"Left Leg":{"Weight":1,"CFrame":[-0.39976876974105837,-0.045963287353515628,-0.05210602283477783,0.9890192747116089,-0.04045188054442406,-0.14214260876178742,0.00196478352881968,0.9653239846229553,-0.2610474228858948,0.14777341485023499,0.257901668548584,0.954803466796875],"EasingStyle":"Linear","EasingDirection":"In"},"Right Arm":{"Weight":1,"CFrame":[0.8751721978187561,-0.6079351305961609,-0.2352721095085144,-0.9497182369232178,-0.27719560265541079,0.14559492468833924,0.289998859167099,-0.6034242510795593,0.7428187131881714,-0.11805050075054169,0.7476909160614014,0.6534695625305176],"EasingStyle":"Linear","EasingDirection":"In"},"Left Arm":{"Weight":1,"CFrame":[0.06147384271025658,0.7450073957443237,0.2581368684768677,-0.5222381949424744,-0.17669902741909028,0.834293007850647,-0.3169703185558319,-0.867995023727417,-0.3822491765022278,0.7917051911354065,-0.46407121419906618,0.39729174971580508],"EasingStyle":"Linear","EasingDirection":"In"},"Head":{"Weight":1,"CFrame":[9.685754776000977e-8,-3.725290298461914e-9,0.016662240028381349,0.9343909621238709,-0.29230931401252749,0.20363879203796388,0.25163015723228457,0.9461726546287537,0.2035669982433319,-0.2521819770336151,-0.13896949589252473,0.9576490521430969],"EasingStyle":"Linear","EasingDirection":"In"},"Torso":{"Weight":1,"CFrame":[-0.052922725677490237,0.20784713327884675,-0.14829063415527345,0.9552978277206421,0.2596864104270935,-0.1413118988275528,-0.2533046305179596,0.9654147624969482,0.06173385679721832,0.15245603024959565,-0.02317926101386547,0.9880384206771851],"EasingStyle":"Linear","EasingDirection":"In"},"HumanoidRootPart":{"Weight":1,"CFrame":[0,0,0,1,0,0,0,1,0,0,0,1],"EasingStyle":"Linear","EasingDirection":"In"},"Right Leg":{"Weight":1,"CFrame":[0.43260493874549868,0.4607279896736145,-0.2846376895904541,0.9773799777030945,0.21012680232524873,-0.02398012764751911,-0.09038865566253662,0.5175358057022095,0.8508740067481995,0.1912020742893219,-0.8294597268104553,0.5248222947120667],"EasingStyle":"Linear","EasingDirection":"In"}}},{"Time":0.6000000238418579,"poses":{"Left Leg":{"Weight":1,"CFrame":[-0.4606859087944031,-0.01181638240814209,-0.039017558097839358,0.9910140037536621,-0.08244248479604721,-0.10533052682876587,0.05535341426730156,0.9696500897407532,-0.23814846575260163,0.1217673197388649,0.2301780730485916,0.9655002951622009],"EasingStyle":"Linear","EasingDirection":"In"},"Right Arm":{"Weight":1,"CFrame":[0.8755366206169128,-0.5943830013275147,-0.23762303590774537,-0.9496766328811646,-0.27700328826904299,0.14623089134693147,0.29161950945854189,-0.6114835739135742,0.7355581521987915,-0.11433421075344086,0.7411862015724182,0.661491334438324],"EasingStyle":"Linear","EasingDirection":"In"},"Left Arm":{"Weight":1,"CFrame":[0.06443413347005844,0.7456532716751099,0.25731146335601809,-0.5225711464881897,-0.18259084224700929,0.8328145146369934,-0.3295133709907532,-0.8576458692550659,-0.3947966694831848,0.7863461971282959,-0.48073291778564455,0.38801494240760805],"EasingStyle":"Linear","EasingDirection":"In"},"Head":{"Weight":1,"CFrame":[8.940696716308594e-8,-1.862645149230957e-8,0.016662001609802247,0.9356301426887512,-0.2818535268306732,0.21249647438526154,0.24155502021312715,0.9502231478691101,0.19679223001003266,-0.2573857307434082,-0.13279515504837037,0.9571405649185181],"EasingStyle":"Linear","EasingDirection":"In"},"Torso":{"Weight":1,"CFrame":[-0.05293184518814087,0.20190231502056123,-0.08812212944030762,0.9680641293525696,0.20707404613494874,-0.14132298529148103,-0.20124712586402894,0.9780228137969971,0.05450661852955818,0.14950400590896607,-0.02432505413889885,0.9884618520736694],"EasingStyle":"Linear","EasingDirection":"In"},"HumanoidRootPart":{"Weight":1,"CFrame":[0,0,0,1,0,0,0,1,0,0,0,1],"EasingStyle":"Linear","EasingDirection":"In"},"Right Leg":{"Weight":1,"CFrame":[0.3132816553115845,0.43908751010894778,-0.24342334270477296,0.9904322028160095,0.13281312584877015,-0.03748001903295517,-0.045977428555488589,0.5736547708511353,0.8178057670593262,0.13011598587036134,-0.8082579374313355,0.5742725729942322],"EasingStyle":"Linear","EasingDirection":"In"}}},{"Time":0.6333333253860474,"poses":{"Left Leg":{"Weight":1,"CFrame":[-0.5505993366241455,0.04207950830459595,-0.0011595487594604493,0.98891681432724,-0.14438393712043763,-0.034595075994729999,0.1335052251815796,0.9667092561721802,-0.21828784048557282,0.06496062129735947,0.2112499177455902,0.9752710461616516],"EasingStyle":"Linear","EasingDirection":"In"},"Right Arm":{"Weight":1,"CFrame":[0.8757535815238953,-0.576535701751709,-0.2413427233695984,-0.9495894908905029,-0.27696263790130618,0.1468726396560669,0.2938346862792969,-0.6230090260505676,0.7249282002449036,-0.10927504301071167,0.7315404415130615,0.6729840636253357],"EasingStyle":"Linear","EasingDirection":"In"},"Left Arm":{"Weight":1,"CFrame":[0.06721038371324539,0.7463375329971314,0.2564685344696045,-0.5