{"Sequence":[{"Time":0,"poses":{"Left Leg":{"Weight":1,"CFrame":[-0.1238042414188385,0.09463399648666382,-0.007804930210113525,0.999864935874939,0.014468859881162644,0.007804100401699543,-0.01552626583725214,0.9871487617492676,0.15904851257801057,-0.0054026213474571709,-0.159148171544075,0.9872400164604187],"EasingStyle":"Constant","EasingDirection":"In"},"Right Arm":{"Weight":1,"CFrame":[-0.3956882953643799,-0.07973331212997437,0.4213160276412964,0.6434785723686218,-0.07467969506978989,0.7618125677108765,0.2810194790363312,0.9487826824188232,-0.14435993134975434,-0.7120136618614197,0.3069765567779541,0.6315075159072876],"EasingStyle":"Constant","EasingDirection":"In"},"Head":{"Weight":1,"CFrame":[4.0978193283081057e-8,-3.4691765904426578e-8,-4.76837158203125e-7,0.9845411777496338,-0.17254292964935304,0.03012826107442379,0.17096124589443208,0.9840616583824158,0.04893971607089043,-0.03809226676821709,-0.04303239658474922,0.9983472228050232],"EasingStyle":"Constant","EasingDirection":"In"},"Right Leg":{"Weight":1,"CFrame":[0.27009105682373049,0.20156234502792359,0.03692364692687988,0.9834856986999512,-0.03758944571018219,-0.17703935503959657,0.0583684928715229,0.9918031096458435,0.11366568505764008,0.17131556570529939,-0.1221221387386322,0.9776181578636169],"EasingStyle":"Constant","EasingDirection":"In"},"Torso":{"Weight":1,"CFrame":[0.05846552550792694,0.11882227659225464,-0.09062695503234863,0.9815719127655029,0.17432081699371339,-0.07828725874423981,-0.1789335310459137,0.9822472333908081,-0.05633092671632767,0.06707779318094254,0.0693010687828064,0.9953380823135376],"EasingStyle":"Constant","EasingDirection":"In"},"HumanoidRootPart":{"Weight":0,"CFrame":[0,0,0,1,0,0,0,1,0,0,0,1],"EasingStyle":"Linear","EasingDirection":"In"},"Left Arm":{"Weight":1,"CFrame":[0.3956882953643799,-0.07973352074623108,0.42131614685058596,0.643478512763977,0.07467970997095108,-0.7618125081062317,-0.2810194790363312,0.9487825632095337,-0.1443600058555603,0.7120136618614197,0.3069767653942108,0.6315075755119324],"EasingStyle":"Constant","EasingDirection":"In"}}},{"Time":0.0416666679084301,"poses":{"Left Leg":{"Weight":1,"CFrame":[-0.1238042414188385,0.09463399648666382,-0.007804930210113525,0.999864935874939,0.014468859881162644,0.007804100401699543,-0.01552626583725214,0.9871487617492676,0.15904851257801057,-0.0054026213474571709,-0.159148171544075,0.9872400164604187],"EasingStyle":"Constant","EasingDirection":"In"},"Right Arm":{"Weight":1,"CFrame":[-0.3956882953643799,-0.07973331212997437,0.4213160276412964,0.6434785723686218,-0.07467969506978989,0.7618125677108765,0.2810194790363312,0.9487826824188232,-0.14435993134975434,-0.7120136618614197,0.3069765567779541,0.6315075159072876],"EasingStyle":"Constant","EasingDirection":"In"},"Head":{"Weight":1,"CFrame":[4.0978193283081057e-8,-3.4691765904426578e-8,-4.76837158203125e-7,0.9845411777496338,-0.17254292964935304,0.03012826107442379,0.17096124589443208,0.9840616583824158,0.04893971607089043,-0.03809226676821709,-0.04303239658474922,0.9983472228050232],"EasingStyle":"Constant","EasingDirection":"In"},"Right Leg":{"Weight":1,"CFrame":[0.27009105682373049,0.20156234502792359,0.03692364692687988,0.9834856986999512,-0.03758944571018219,-0.17703935503959657,0.0583684928715229,0.9918031096458435,0.11366568505764008,0.17131556570529939,-0.1221221387386322,0.9776181578636169],"EasingStyle":"Constant","EasingDirection":"In"},"Torso":{"Weight":1,"CFrame":[0.05846552550792694,0.11882227659225464,-0.09062695503234863,0.9815719127655029,0.17432081699371339,-0.07828725874423981,-0.1789335310459137,0.9822472333908081,-0.05633092671632767,0.06707779318094254,0.0693010687828064,0.9953380823135376],"EasingStyle":"Constant","EasingDirection":"In"},"HumanoidRootPart":{"Weight":0,"CFrame":[0,0,0,1,0,0,0,1,0,0,0,1],"EasingStyle":"Linear","EasingDirection":"In"},"Left Arm":{"Weight":1,"CFrame":[0.3956882953643799,-0.07973352074623108,0.42131614685058596,0.643478512763977,0.07467970997095108,-0.7618125081062317,-0.2810194790363312,0.9487825632095337,-0.1443600058555603,0.7120136618614197,0.3069767653942108,0.6315075755119324],"EasingStyle":"Constant","EasingDirection":"In"}}},{"Time":0.0833333358168602,"poses":{"Left Leg":{"Weight":1,"CFrame":[-0.1238042414188385,0.09463399648666382,-0.007804930210113525,0.999864935874939,0.014468859881162644,0.007804100401699543,-0.01552626583725214,0.9871487617492676,0.15904851257801057,-0.0054026213474571709,-0.159148171544075,0.9872400164604187],"EasingStyle":"Constant","EasingDirection":"In"},"Right Arm":{"Weight":1,"CFrame":[-0.3956882953643799,-0.07973331212997437,0.4213160276412964,0.6434785723686218,-0.07467969506978989,0.7618125677108765,0.2810194790363312,0.9487826824188232,-0.14435993134975434,-0.7120136618614197,0.3069765567779541,0.6315075159072876],"EasingStyle":"Constant","EasingDirection":"In"},"Head":{"Weight":1,"CFrame":[4.0978193283081057e-8,-3.4691765904426578e-8,-4.76837158203125e-7,0.9845411777496338,-0.17254292964935304,0.03012826107442379,0.17096124589443208,0.9840616583824158,0.04893971607089043,-0.03809226676821709,-0.04303239658474922,0.9983472228050232],"EasingStyle":"Constant","EasingDirection":"In"},"Right Leg":{"Weight":1,"CFrame":[0.27009105682373049,0.20156234502792359,0.03692364692687988,0.9834856986999512,-0.03758944571018219,-0.17703935503959657,0.0583684928715229,0.9918031096458435,0.11366568505764008,0.17131556570529939,-0.1221221387386322,0.9776181578636169],"EasingStyle":"Constant","EasingDirection":"In"},"Torso":{"Weight":1,"CFrame":[0.05846552550792694,0.11882227659225464,-0.09062695503234863,0.9815719127655029,0.17432081699371339,-0.07828725874423981,-0.1789335310459137,0.9822472333908081,-0.05633092671632767,0.06707779318094254,0.0693010687828064,0.9953380823135376],"EasingStyle":"Constant","EasingDirection":"In"},"HumanoidRootPart":{"Weight":0,"CFrame":[0,0,0,1,0,0,0,1,0,0,0,1],"EasingStyle":"Linear","EasingDirection":"In"},"Left Arm":{"Weight":1,"CFrame":[0.3956882953643799,-0.07973352074623108,0.42131614685058596,0.643478512763977,0.07467970997095108,-0.7618125081062317,-0.2810194790363312,0.9487825632095337,-0.1443600058555603,0.7120136618614197,0.3069767653942108,0.6315075755119324],"EasingStyle":"Constant","EasingDirection":"In"}}},{"Time":0.125,"poses":{"Left Leg":{"Weight":1,"CFrame":[-0.6220642924308777,0.4379957318305969,-0.03149956464767456,0.9977736473083496,-0.06570626050233841,-0.011424929834902287,0.06625756621360779,0.9961426258087158,0.05753207951784134,0.007600572891533375,-0.058160923421382907,0.9982783794403076],"EasingStyle":"Constant","EasingDirection":"In"},"Right Arm":{"Weight":1,"CFrame":[-0.4085090756416321,-0.10430458188056946,0.5102102756500244,0.6239535212516785,-0.0940089225769043,0.7757863402366638,0.422346830368042,0.875828206539154,-0.23355549573898316,-0.6574992537498474,0.47337862849235537,0.5861804485321045],"EasingStyle":"Constant","EasingDirection":"In"},"Head":{"Weight":1,"CFrame":[4.7031790018081668e-8,7.450580596923828e-8,1.1920928955078126e-7,0.9794041514396668,-0.19386166334152223,0.05643775314092636,0.1827506721019745,0.969979465007782,0.1604434996843338,-0.08584728837013245,-0.14682498574256898,0.9854303002357483],"EasingStyle":"Constant","EasingDirection":"In"},"Right Leg":{"Weight":1,"CFrame":[0.27495333552360537,0.6336798071861267,0.05924105644226074,0.9148545861244202,-0.18390917778015138,-0.35946977138519289,0.2440621256828308,0.9610822200775147,0.1294393390417099,0.32167503237724306,-0.20615120232105256,0.9241357445716858],"EasingStyle":"Constant","EasingDirection":"In"},"Torso":{"Weight":1,"CFrame":[0.3121582269668579,0.19510507583618165,-0.43695974349975588,0.9754453897476196,0.1696392148733139,-0.14045943319797517,-0.19233915209770204,0.966833233833313,-0.1680450290441513,0.10729381442070008,0.19093459844589234,0.9757212996482849],"EasingStyle":"Constant","EasingDirection":"In"},"HumanoidRootPart":{"Weight":0,"CFrame":[0,0,0,1,0,0,0,1,0,0,0,1],"EasingStyle":"Linear","EasingDirection":"In"},"Left Arm":{"Weight":1,"CFrame":[0.40850895643234255,-0.10430485010147095,0.5102101564407349,0.6239535808563232,0.09400913119316101,-0.775786280632019,-0.42234697937965395,0.8758280873298645,-0.23355546593666078,0.6574990153312683,0.4733787775039673,0.5861804485321045],"EasingStyle":"Constant","EasingDirection":"In"}}},{"Time":0.1666666716337204,"poses":{"Left Leg":{"Weight":1,"CFrame":[-0.6220642924308777,0.4379957318305969,-0.03149956464767456,0.9977736473083496,-0.06570626050233841,-0.011424929834902287,0.06625756621360779,0.9961426258087158,0.05753207951784134,0.007600572891533375,-0.058160923421382907,0.9982783794403076],"EasingStyle":"Constant","EasingDirection":"In"},"Right Arm":{"Weight":1,"CFrame":[-0.4085090756416321,-0.10430458188056946,0.5102102756500244,0.6239535212516785,-0.0940089225769043,0.7757863402366638,0.422346830368042,0.875828206539154,-0.23355549573898316,-0.6574992537498474,0.47337862849235537,0.5861804485321045],"EasingStyle":"Constant","EasingDirection":"In"},"Head":{"Weight":1,"CFrame":[4.7031790018081668e-8,7.450580596923828e-8,1.1920928955078126e-7,0.9794041514396668,-0.19386166334152223,0.05643775314092636,0.1827506721019745,0.969979465007782,0.1604434996843338,-0.08584728837013245,-0.14682498574256898,0.9854303002357483],"EasingStyle":"Constant","EasingDirection":"In"},"Right Leg":{"Weight":1,"CFrame":[0.27495333552360537,0.6336798071861267,0.05924105644226074,0.9148545861244202,-0.18390917778015138,-0.35946977138519289,0.2440621256828308,0.9610822200775147,0.1294393390417099,0.32167503237724306,-0.20615120232105256,0.9241357445716858],"EasingStyle":"Constant","EasingDirection":"In"},"Torso":{"Weight":1,"CFrame":[0.3121582269668579,0.19510507583618165,-0.43695974349975588,0.9754453897476196,0.1696392148733139,-0.14045943319797517,-0.19233915209770204,0.966833233833313,-0.1680450290441513,0.10729381442070008,0.19093459844589234,0.9757212996482849],"EasingStyle":"Constant","EasingDirection":"In"},"HumanoidRootPart":{"Weight":0,"CFrame":[0,0,0,1,0,0,0,1,0,0,0,1],"EasingStyle":"Linear","EasingDirection":"In"},"Left Arm":{"Weight":1,"CFrame":[0.40850895643234255,-0.10430485010147095,0.5102101564407349,0.6239535808563232,0.09400913119316101,-0.775786280632019,-0.42234697937965395,0.8758280873298645,-0.23355546593666078,0.6574990153312683,0.4733787775039673,0.5861804485321045],"EasingStyle":"Constant","EasingDirection":"In"}}},{"Time":0.2083333283662796,"poses":{"Left Leg":{"Weight":1,"CFrame":[-0.6220642924308777,0.4379957318305969,-0.03149956464767456,0.9977736473083496,-0.06570626050233841,-0.011424929834902287,0.06625756621360779,0.9961426258087158,0.05753207951784134,0.007600572891533375,-0.058160923421382907,0.9982783794403076],"EasingStyle":"Constant","EasingDirection":"In"},"Right Arm":{"Weight":1,"CFrame":[-0.4085090756416321,-0.10430458188056946,0.5102102756500244,0.6239535212516785,-0.0940089225769043,0.7757863402366638,0.422346830368042,0.875828206539154,-0.23355549573898316,-0.6574992537498474,0.47337862849235537,0.5861804485321045],"EasingStyle":"Constant","EasingDirection":"In"},"Head":{"Weight":1,"CFrame":[4.7031790018081668e-8,7.450580596923828e-8,1.1920928955078126e-7,0.9794041514396668,-0.19386166334152223,0.05643775314092636,0.1827506721019745,0.969979465007782,0.1604434996843338,-0.08584728837013245,-0.14682498574256898,0.9854303002357483],"EasingStyle":"Constant","EasingDirection":"In"},"Right Leg":{"Weight":1,"CFrame":[0.27495333552360537,0.6336798071861267,0.05924105644226074,0.9148545861244202,-0.18390917778015138,-0.35946977138519289,0.2440621256828308,0.9610822200775147,0.1294393390417099,0.32167503237724306,-0.20615120232105256,0.9241357445716858],"EasingStyle":"Constant","EasingDirection":"In"},"Torso":{"Weight":1,"CFrame":[0.3121582269668579,0.19510507583618165,-0.43695974349975588,0.9754453897476196,0.1696392148733139,-0.14045943319797517,-0.19233915209770204,0.966833233833313,-0.1680450290441513,0.10729381442070008,0.19093459844589234,0.9757212996482849],"EasingStyle":"Constant","EasingDirection":"In"},"HumanoidRootPart":{"Weight":0,"CFrame":[0,0,0,1,0,0,0,1,0,0,0,1],"EasingStyle":"Linear","EasingDirection":"In"},"Left Arm":{"Weight":1,"CFrame":[0.40850895643234255,-0.10430485010147095,0.5102101564407349,0.6239535808563232,0.09400913119316101,-0.775786280632019,-0.42234697937965395,0.8758280873298645,-0.23355546593666078,0.6574990153312683,0.4733787775039673,0.5861804485321045],"EasingStyle":"Constant","EasingDirection":"In"}}},{"Time":0.25,"poses":{"Left Leg":{"Weight":1,"CFrame":[-0.1238042414188385,0.09463399648666382,-0.007804930210113525,0.999864935874939,0.014468859881162644,0.007804100401699543,-0.01552626583725214,0.9871487617492676,0.15904851257801057,-0.0054026213474571709,-0.159148171544075,0.9872400164604187],"EasingStyle":"Constant","EasingDirection":"In"},"Right Arm":{"Weight":1,"CFrame":[-0.3956882953643799,-0.07973331212997437,0.4213160276412964,0.6434785723686218,-0.07467969506978989,0.7618125677108765,0.2810194790363312,0.9487826824188232,-0.14435993134975434,-0.7120136618614197,0.3069765567779541,0.6315075159072876],"EasingStyle":"Constant","EasingDirection":"In"},"Head":{"Weight":1,"CFrame":[4.0978193283081057e-8,-3.4691765904426578e-8,-4.76837158203125e-7,0.9845411777496338,-0.17254292964935304,0.03012826107442379,0.17096124589443208,0.9840616583824158,0.04893971607089043,-0.03809226676821709,-0.04303239658474922,0.9983472228050232],"EasingStyle":"Constant","EasingDirection":"In"},"Right Leg":{"Weight":1,"CFrame":[0.27009105682373049,0.20156234502792359,0.03692364692687988,0.9834856986999512,-0.03758944571018219,-0.17703935503959657,0.0583684928715229,0.9918031096458435,0.11366568505764008,0.17131556570529939,-0.1221221387386322,0.9776181578636169],"EasingStyle":"Constant","EasingDirection":"In"},"Torso":{"Weight":1,"CFrame":[0.05846552550792694,0.11882227659225464,-0.09062695503234863,0.9815719127655029,0.17432081699371339,-0.07828725874423981,-0.1789335310459137,0.9822472333908081,-0.05633092671632767,0.06707779318094254,0.0693010687828064,0.9953380823135376],"EasingStyle":"Constant","EasingDirection":"In"},"HumanoidRootPart":{"Weight":0,"CFrame":[0,0,0,1,0,0,0,1,0,0,0,1],"EasingStyle":"Linear","EasingDirection":"In"},"Left Arm":{"Weight":1,"CFrame":[0.3956882953643799,-0.07973352074623108,0.42131614685058596,0.643478512763977,0.07467970997095108,-0.7618125081062317,-0.2810194790363312,0.9487825632095337,-0.1443600058555603,0.7120136618614197,0.3069767653942108,0.6315075755119324],"EasingStyle":"Constant","EasingDirection":"In"}}},{"Time":0.2916666567325592,"poses":{"Left Leg":{"Weight":1,"CFrame":[-0.1238042414188385,0.09463399648666382,-0.007804930210113525,0.999864935874939,0.014468859881162644,0.007804100401699543,-0.01552626583725214,0.9871487617492676,0.15904851257801057,-0.0054026213474571709,-0.159148171544075,0.9872400164604187],"EasingStyle":"Constant","EasingDirection":"In"},"Right Arm":{"Weight":1,"CFrame":[-0.3956882953643799,-0.07973331212997437,0.4213160276412964,0.6434785723686218,-0.07467969506978989,0.7618125677108765,0.2810194790363312,0.9487826824188232,-0.14435993134975434,-0.7120136618614197,0.3069765567779541,0.6315075159072876],"EasingStyle":"Constant","EasingDirection":"In"},"Head":{"Weight":1,"CFrame":[4.0978193283081057e-8,-3.4691765904426578e-8,-4.76837158203125e-7,0.9845411777496338,-0.17254292964935304,0.03012826107442379,0.17096124589443208,0.9840616583824158,0.04893971607089043,-0.03809226676821709,-0.04303239658474922,0.9983472228050232],"EasingStyle":"Constant","EasingDirection":"In"},"Right Leg":{"Weight":1,"CFrame":[0.27009105682373049,0.20156234502792359,0.03692364692687988,0.9834856986999512,-0.03758944571018219,-0.17703935503959657,0.0583684928715229,0.9918031096458435,0.11366568505764008,0.17131556570529939,-0.1221221387386322,0.9776181578636169],"EasingStyle":"Constant","EasingDirection":"In"},"Torso":{"Weight":1,"CFrame":[0.05846552550792694,0.11882227659225464,-0.09062695503234863,0.9815719127655029,0.17432081699371339,-0.07828725874423981,-0.1789335310459137,0.9822472333908081,-0.05633092671632767,0.06707779318094254,0.0693010687828064,0.9953380823135376],"EasingStyle":"Constant","EasingDirection":"In"},"HumanoidRootPart":{"Weight":0,"CFrame":[0,0,0,1,0,0,0,1,0,0,0,1],"EasingStyle":"Linear","EasingDirection":"In"},"Left Arm":{"Weight":1,"CFrame":[0.3956882953643799,-0.07973352074623108,0.42131614685058596,0.643478512763977,0.07467970997095108,-0.7618125081062317,-0.2810194790363312,0.9487825632095337,-0.1443600058555603,0.7120136618614197,0.3069767653942108,0.6315075755119324],"EasingStyle":"Constant","EasingDirection":"In"}}},{"Time":0.3333333432674408,"poses":{"Left Leg":{"Weight":1,"CFrame":[-0.27009159326553347,0.20156270265579225,0.036923766136169437,0.983476459980011,0.03782627731561661,0.1770400106906891,-0.058607444167137149,0.9917890429496765,0.11366534233093262,-0.17128689587116242,-0.1221630722284317,0.9776180386543274],"EasingStyle":"Constant","EasingDirection":"In"},"Right Arm":{"Weight":1,"CFrame":[-0.3956882953643799,-0.07973328232765198,0.4213160276412964,0.6434783935546875,-0.07467972487211228,0.7618125677108765,0.2810194790363312,0.9487825632095337,-0.14435982704162599,-0.712013840675354,0.3069764971733093,0.6315076351165772],"EasingStyle":"Constant","EasingDirection":"In"},"Head":{"Weight":1,"CFrame":[1.0710209608078003e-7,-8.614733815193177e-9,-5.364418029785156e-7,0.9845412373542786,0.1725427806377411,-0.03012808971107006,-0.17096112668514253,0.984061598777771,0.04893971607089043,0.03809209167957306,-0.04303243011236191,0.998347282409668],"EasingStyle":"Constant","EasingDirection":"In"},"Right Leg":{"Weight":1,"CFrame":[0.1237868070602417,0.09463125467300415,-0.007804155349731445,0.9998682737350464,-0.014237918891012669,-0.007803432643413544,0.015298093669116497,0.9871522188186646,0.15904870629310609,0.005438696593046188,-0.15914711356163026,0.9872399568557739],"EasingStyle":"Constant","EasingDirection":"In"},"Torso":{"Weight":1,"CFrame":[-0.05846552550792694,0.11882227659225464,-0.09062695503234863,0.9815719127655029,-0.17432081699371339,0.07828708738088608,0.1789335310459137,0.9822472333908081,-0.05633096396923065,-0.06707761436700821,0.0693010687828064,0.9953382015228272],"EasingStyle":"Constant","EasingDirection":"In"},"HumanoidRootPart":{"Weight":0,"CFrame":[0,0,0,1,0,0,0,1,0,0,0,1],"EasingStyle":"Linear","EasingDirection":"In"},"Left Arm":{"Weight":1,"CFrame":[0.3956882357597351,-0.07973355054855347,0.42131614685058596,0.643478512763977,0.07467983663082123,-0.7618123888969421,-0.28101956844329836,0.9487825632095337,-0.14435996115207673,0.7120136022567749,0.3069767653942108,0.6315076947212219],"EasingStyle":"Constant","EasingDirection":"In"}}},{"Time":0.375,"poses":{"Left Leg":{"Weight":1,"CFrame":[-0.27009159326553347,0.20156270265579225,0.036923766136169437,0.983476459980011,0.03782627731561661,0.1770400106906891,-0.058607444167137149,0.9917890429496765,0.11366534233093262,-0.17128689587116242,-0.1221630722284317,0.9776180386543274],"EasingStyle":"Constant","EasingDirection":"In"},"Right Arm":{"Weight":1,"CFrame":[-0.3956882953643799,-0.07973328232765198,0.4213160276412964,0.6434783935546875,-0.07467972487211228,0.7618125677108765,0.2810194790363312,0.9487825632095337,-0.14435982704162599,-0.712013840675354,0.3069764971733093,0.6315076351165772],"EasingStyle":"Constant","EasingDirection":"In"},"Head":{"Weight":1,"CFrame":[1.0710209608078003e-7,-8.614733815193177e-9,-5.364418029785156e-7,0.9845412373542786,0.1725427806377411,-0.03012808971107006,-0.17096112668514253,0.984061598777771,0.04893971607089043,0.03809209167957306,-0.04303243011236191,0.998347282409668],"EasingStyle":"Constant","EasingDirection":"In"},"Right Leg":{"Weight":1,"CFrame":[0.1237868070602417,0.09463125467300415,-0.007804155349731445,0.9998682737350464,-0.014237918891012669,-0.007803432643413544,0.015298093669116497,0.9871522188186646,0.15904870629310609,0.005438696593046188,-0.15914711356163026,0.9872399568557739],"EasingStyle":"Constant","EasingDirection":"In"},"Torso":{"Weight":1,"CFrame":[-0.05846552550792694,0.11882227659225464,-0.09062695503234863,0.9815719127655029,-0.17432081699371339,0.07828708738088608,0.1789335310459137,0.9822472333908081,-0.05633096396923065,-0.06707761436700821,0.0693010687828064,0.9953382015228272],"EasingStyle":"Constant","EasingDirection":"In"},"HumanoidRootPart":{"Weight":0,"CFrame":[0,0,0,1,0,0,0,1,0,0,0,1],"EasingStyle":"Linear","EasingDirection":"In"},"Left Arm":{"Weight":1,"CFrame":[0.3956882357597351,-0.07973355054855347,0.42131614685058596,0.643478512763977,0.07467983663082123,-0.7618123888969421,-0.28101956844329836,0.9487825632095337,-0.14435996115207673,0.7120136022567749,0.3069767653942108,0.6315076947212219],"EasingStyle":"Constant","EasingDirection":"In"}}},{"Time":0.4166666567325592,"poses":{"Left Leg":{"Weight":1,"CFrame":[-0.27009159326553347,0.20156270265579225,0.036923766136169437,0.983476459980011,0.03782627731561661,0.1770400106906891,-0.058607444167137149,0.9917890429496765,0.11366534233093262,-0.17128689587116242,-0.1221630722284317,0.9776180386543274],"EasingStyle":"Constant","EasingDirection":"In"},"Right Arm":{"Weight":1,"CFrame":[-0.3956882953643799,-0.07973328232765198,0.4213160276412964,0.6434783935546875,-0.07467972487211228,0.7618125677108765,0.2810194790363312,0.9487825632095337,-0.14435982704162599,-0.712013840675354,0.3069764971733093,0.6315076351165772],"EasingStyle":"Constant","EasingDirection":"In"},"Head":{"Weight":1,"CFrame":[1.0710209608078003e-7,-8.614733815193177e-9,-5.364418029785156e-7,0.9845412373542786,0.1725427806377411,-0.03012808971107006,-0.17096112668514253,0.984061598777771,0.04893971607089043,0.03809209167957306,-0.04303243011236191,0.998347282409668],"EasingStyle":"Constant","EasingDirection":"In"},"Right Leg":{"Weight":1,"CFrame":[0.1237868070602417,0.09463125467300415,-0.007804155349731445,0.9998682737350464,-0.014237918891012669,-0.007803432643413544,0.015298093669116497,0.9871522188186646,0.15904870629310609,0.005438696593046188,-0.15914711356163026,0.9872399568557739],"EasingStyle":"Constant","EasingDirection":"In"},"Torso":{"Weight":1,"CFrame":[-0.05846552550792694,0.11882227659225464,-0.09062695503234863,0.9815719127655029,-0.17432081699371339,0.07828708738088608,0.1789335310459137,0.9822472333908081,-0.05633096396923065,-0.06707761436700821,0.0693010687828064,0.9953382015228272],"EasingStyle":"Constant","EasingDirection":"In"},"HumanoidRootPart":{"Weight":0,"CFrame":[0,0,0,1,0,0,0,1,0,0,0,1],"EasingStyle":"Linear","EasingDirection":"In"},"Left Arm":{"Weight":1,"CFrame":[0.3956882357597351,-0.07973355054855347,0.42131614685058596,0.643478512763977,0.07467983663082123,-0.7618123888969421,-0.28101956844329836,0.9487825632095337,-0.14435996115207673,0.7120136022567749,0.3069767653942108,0.6315076947212219],"EasingStyle":"Constant","EasingDirection":"In"}}},{"Time":0.4583333432674408,"poses":{"Left Leg":{"Weight":1,"CFrame":[-0.27495276927948,0.6336789727210999,0.059241294860839847,0.9148099422454834,0.18412989377975465,0.359470397233963,-0.2442939579486847,0.9610235691070557,0.12943869829177857,-0.32162603735923769,-0.20622828602790833,0.9241356253623962],"EasingStyle":"Constant","EasingDirection":"In"},"Right Arm":{"Weight":1,"CFrame":[-0.40850895643234255,-0.10430502891540528,0.5102100372314453,0.6239535212516785,-0.0940089225769043,0.7757863402366638,0.42234694957733157,0.8758282661437988,-0.23355546593666078,-0.6574991941452026,0.47337856888771059,0.5861803889274597],"EasingStyle":"Constant","EasingDirection":"In"},"Head":{"Weight":1,"CFrame":[8.614733815193176e-8,8.381903171539307e-8,-1.1920928955078126e-7,0.9794042706489563,0.1938614398241043,-0.05643755570054054,-0.18275047838687898,0.969979465007782,0.1604434996843338,0.08584708720445633,-0.14682501554489137,0.9854303002357483],"EasingStyle":"Constant","EasingDirection":"In"},"Right Leg":{"Weight":1,"CFrame":[0.622064471244812,0.4379955530166626,-0.03149992227554321,0.9977577328681946,0.06594701111316681,0.011425625532865525,-0.0664980560541153,0.9961265325546265,0.05753232166171074,-0.007587231695652008,-0.058163147419691089,0.9982783198356628],"EasingStyle":"Constant","EasingDirection":"In"},"Torso":{"Weight":1,"CFrame":[-0.31215816736221316,0.19510507583618165,-0.43695974349975588,0.9754455089569092,-0.1696391999721527,0.14045923948287965,0.19233913719654084,0.966833233833313,-0.1680450737476349,-0.10729363560676575,0.19093458354473115,0.9757214188575745],"EasingStyle":"Constant","EasingDirection":"In"},"HumanoidRootPart":{"Weight":0,"CFrame":[0,0,0,1,0,0,0,1,0,0,0,1],"EasingStyle":"Linear","EasingDirection":"In"},"Left Arm":{"Weight":1,"CFrame":[0.4085090160369873,-0.10430529713630676,0.5102101564407349,0.6239537000656128,0.0940091535449028,-0.7757862210273743,-0.422346830368042,0.875828206539154,-0.23355552554130555,0.6574990153312683,0.47337859869003298,0.5861806273460388],"EasingStyle":"Constant","EasingDirection":"In"}}},{"Time":0.5,"poses":{"Left Leg":{"Weight":1,"CFrame":[-0.27495276927948,0.6336789727210999,0.059241294860839847,0.9148099422454834,0.18412989377975465,0.359470397233963,-0.2442939579486847,0.9610235691070557,0.12943869829177857,-0.32162603735923769,-0.20622828602790833,0.9241356253623962],"EasingStyle":"Constant","EasingDirection":"In"},"Right Arm":{"Weight":1,"CFrame":[-0.40850895643234255,-0.10430502891540528,0.5102100372314453,0.6239535212516785,-0.0940089225769043,0.7757863402366638,0.42234694957733157,0.8758282661437988,-0.23355546593666078,-0.6574991941452026,0.47337856888771059,0.5861803889274597],"EasingStyle":"Constant","EasingDirection":"In"},"Head":{"Weight":1,"CFrame":[8.614733815193176e-8,8.381903171539307e-8,-1.1920928955078126e-7,0.9794042706489563,0.1938614398241043,-0.05643755570054054,-0.18275047838687898,0.969979465007782,0.1604434996843338,0.08584708720445633,-0.14682501554489137,0.9854303002357483],"EasingStyle":"Constant","EasingDirection":"In"},"Right Leg":{"Weight":1,"CFrame":[0.622064471244812,0.4379955530166626,-0.03149992227554321,0.9977577328681946,0.06594701111316681,0.011425625532865525,-0.0664980560541153,0.9961265325546265,0.05753232166171074,-0.007587231695652008,-0.058163147419691089,0.9982783198356628],"EasingStyle":"Constant","EasingDirection":"In"},"Torso":{"Weight":1,"CFrame":[-0.31215816736221316,0.19510507583618165,-0.43695974349975588,0.9754455089569092,-0.1696391999721527,0.14045923948287965,0.19233913719654084,0.966833233833313,-0.1680450737476349,-0.10729363560676575,0.19093458354473115,0.9757214188575745],"EasingStyle":"Constant","EasingDirection":"In"},"HumanoidRootPart":{"Weight":0,"CFrame":[0,0,0,1,0,0,0,1,0,0,0,1],"EasingStyle":"Linear","EasingDirection":"In"},"Left Arm":{"Weight":1,"CFrame":[0.4085090160369873,-0.10430529713630676,0.5102101564407349,0.6239537000656128,0.0940091535449028,-0.7757862210273743,-0.422346830368042,0.875828206539154,-0.23355552554130555,0.6574990153312683,0.47337859869003298,0.5861806273460388],"EasingStyle":"Constant","EasingDirection":"In"}}},{"Time":0.5416666865348816,"poses":{"Left Leg":{"Weight":1,"CFrame":[-0.27495276927948,0.6336789727210999,0.059241294860839847,0.9148099422454834,0.18412989377975465,0.359470397233963,-0.2442939579486847,0.9610235691070557,0.12943869829177857,-0.32162603735923769,-0.20622828602790833,0.9241356253623962],"EasingStyle":"Constant","EasingDirection":"In"},"Right Arm":{"Weight":1,"CFrame":[-0.40850895643234255,-0.10430502891540528,0.5102100372314453,0.6239535212516785,-0.0940089225769043,0.7757863402366638,0.42234694957733157,0.8758282661437988,-0.23355546593666078,-0.6574991941452026,0.47337856888771059,0.5861803889274597],"EasingStyle":"Constant","EasingDirection":"In"},"Head":{"Weight":1,"CFrame":[8.614733815193176e-8,8.381903171539307e-8,-1.1920928955078126e-7,0.9794042706489563,0.1938614398241043,-0.05643755570054054,-0.18275047838687898,0.969979465007782,0.1604434996843338,0.08584708720445633,-0.14682501554489137,0.9854303002357483],"EasingStyle":"Constant","EasingDirection":"In"},"Right Leg":{"Weight":1,"CFrame":[0.622064471244812,0.4379955530166626,-0.03149992227554321,0.9977577328681946,0.06594701111316681,0.011425625532865525,-0.0664980560541153,0.9961265325546265,0.05753232166171074,-0.007587231695652008,-0.058163147419691089,0.9982783198356628],"EasingStyle":"Constant","EasingDirection":"In"},"Torso":{"Weight":1,"CFrame":[-0.31215816736221316,0.19510507583618165,-0.43695974349975588,0.9754455089569092,-0.1696391999721527,0.14045923948287965,0.19233913719654084,0.966833233833313,-0.1680450737476349,-0.10729363560676575,0.19093458354473115,0.9757214188575745],"EasingStyle":"Constant","EasingDirection":"In"},"HumanoidRootPart":{"Weight":0,"CFrame":[0,0,0,1,0,0,0,1,0,0,0,1],"EasingStyle":"Linear","EasingDirection":"In"},"Left Arm":{"Weight":1,"CFrame":[0.4085090160369873,-0.10430529713630676,0.5102101564407349,0.6239537000656128,0.0940091535449028,-0.7757862210273743,-0.422346830368042,0.875828206539154,-0.23355552554130555,0.6574990153312683,0.47337859869003298,0.5861806273460388],"EasingStyle":"Constant","EasingDirection":"In"}}},{"Time":0.5833333134651184,"poses":{"Left Leg":{"Weight":1,"CFrame":[-0.27009159326553347,0.20156270265579225,0.036923766136169437,0.983476459980011,0.03782627731561661,0.1770400106906891,-0.058607444167137149,0.9917890429496765,0.11366534233093262,-0.17128689587116242,-0.1221630722284317,0.9776180386543274],"EasingStyle":"Constant","EasingDirection":"In"},"Right Arm":{"Weight":1,"CFrame":[-0.3956882953643799,-0.07973328232765198,0.4213160276412964,0.6434783935546875,-0.07467972487211228,0.7618125677108765,0.2810194790363312,0.9487825632095337,-0.14435982704162599,-0.712013840675354,0.3069764971733093,0.6315076351165772],"EasingStyle":"Constant","EasingDirection":"In"},"Head":{"Weight":1,"CFrame":[1.0710209608078003e-7,-8.614733815193177e-9,-5.364418029785156e-7,0.9845412373542786,0.1725427806377411,-0.030128085985779764,-0.17096112668514253,0.984061598777771,0.04893971607089043,0.03809208795428276,-0.04303243011236191,0.998347282409668],"EasingStyle":"Constant","EasingDirection":"In"},"Right Leg":{"Weight":1,"CFrame":[0.1237868070602417,0.09463125467300415,-0.007804155349731445,0.9998682737350464,-0.014237918891012669,-0.007803432643413544,0.015298093669116497,0.9871522188186646,0.15904870629310609,0.005438696593046188,-0.15914711356163026,0.9872399568557739],"EasingStyle":"Constant","EasingDirection":"In"},"Torso":{"Weight":1,"CFrame":[-0.05846552550792694,0.11882227659225464,-0.09062695503234863,0.9815719127655029,-0.17432081699371339,0.07828708738088608,0.1789335310459137,0.9822472333908081,-0.05633096396923065,-0.06707761436700821,0.0693010687828064,0.9953382015228272],"EasingStyle":"Constant","EasingDirection":"In"},"HumanoidRootPart":{"Weight":0,"CFrame":[0,0,0,1,0,0,0,1,0,0,0,1],"EasingStyle":"Linear","EasingDirection":"In"},"Left Arm":{"Weight":1,"CFrame":[0.3956882357597351,-0.07973355054855347,0.42131614685058596,0.643478512763977,0.07467983663082123,-0.7618123888969421,-0.28101956844329836,0.9487825632095337,-0.14435996115207673,0.7120136022567749,0.3069767653942108,0.6315076947212219],"EasingStyle":"Constant","EasingDirection":"In"}}},{"Time":0.625,"poses":{"Left Leg":{"Weight":1,"CFrame":[-0.27009159326553347,0.20156270265579225,0.036923766136169437,0.983476459980011,0.03782627731561661,0.1770400106906891,-0.058607444167137149,0.9917890429496765,0.11366534233093262,-0.17128689587116242,-0.1221630722284317,0.9776180386543274],"EasingStyle":"Constant","EasingDirection":"In"},"Right Arm":{"Weight":1,"CFrame":[-0.3956882953643799,-0.07973328232765198,0.4213160276412964,0.6434783935546875,-0.07467972487211228,0.7618125677108765,0.2810194790363312,0.9487825632095337,-0.14435982704162599,-0.712013840675354,0.3069764971733093,0.6315076351165772],"EasingStyle":"Constant","EasingDirection":"In"},"Head":{"Weight":1,"CFrame":[1.0710209608078003e-7,-8.614733815193177e-9,-5.364418029785156e-7,0.9845412373542786,0.1725427806377411,-0.030128085985779764,-0.17096112668514253,0.984061598777771,0.04893971607089043,0.03809208795428276,-0.04303243011236191,0.998347282409668],"EasingStyle":"Constant","EasingDirection":"In"},"Right Leg":{"Weight":1,"CFrame":[0.1237868070602417,0.09463125467300415,-0.007804155349731445,0.9998682737350464,-0.014237918891012669,-0.007803432643413544,0.015298093669116497,0.9871522188186646,0.15904870629310609,0.005438696593046188,-0.15914711356163026,0.9872399568557739],"EasingStyle":"Constant","EasingDirection":"In"},"Torso":{"Weight":1,"CFrame":[-0.05846552550792694,0.11882227659225464,-0.09062695503234863,0.9815719127655029,-0.17432081699371339,0.07828708738088608,0.1789335310459137,0.9822472333908081,-0.05633096396923065,-0.06707761436700821,0.0693010687828064,0.9953382015228272],"EasingStyle":"Constant","EasingDirection":"In"},"HumanoidRootPart":{"Weight":0,"CFrame":[0,0,0,1,0,0,0,1,0,0,0,1],"EasingStyle":"Linear","EasingDirection":"In"},"Left Arm":{"Weight":1,"CFrame":[0.3956882357597351,-0.07973355054855347,0.42131614685058596,0.643478512763977,0.07467983663082123,-0.7618123888969421,-0.28101956844329836,0.9487825632095337,-0.14435996115207673,0.7120136022567749,0.3069767653942108,0.6315076947212219],"EasingStyle":"Constant","EasingDirection":"In"}}},{"Time":0.6666666865348816,"poses":{"Left Leg":{"Weight":1,"CFrame":[-0.27009159326553347,0.20156270265579225,0.036923766136169437,0.983476459980011,0.03782627731561661,0.1770400106906891,-0.058607444167137149,0.9917890429496765,0.11366534233093262,-0.17128689587116242,-0.1221630722284317,0.9776180386543274],"EasingStyle":"Constant","EasingDirection":"In"},"Right Arm":{"Weight":1,"CFrame":[-0.3956882953643799,-0.07973328232765198,0.4213160276412964,0.6434783935546875,-0.07467972487211228,0.7618125677108765,0.2810194790363312,0.9487825632095337,-0.14435982704162599,-0.712013840675354,0.3069764971733093,0.6315076351165772],"EasingStyle":"Constant","EasingDirection":"In"},"Head":{"Weight":1,"CFrame":[1.0710209608078003e-7,-8.614733815193177e-9,-5.364418029785156e-7,0.9845412373542786,0.1725427806377411,-0.030128085985779764,-0.17096112668514253,0.984061598777771,0.04893971607089043,0.03809208795428276,-0.04303243011236191,0.998347282409668],"EasingStyle":"Constant","EasingDirection":"In"},"Right Leg":{"Weight":1,"CFrame":[0.1237868070602417,0.09463125467300415,-0.007804155349731445,0.9998682737350464,-0.014237918891012669,-0.007803432643413544,0.015298093669116497,0.9871522188186646,0.15904870629310609,0.005438696593046188,-0.15914711356163026,0.9872399568557739],"EasingStyle":"Constant","EasingDirection":"In"},"Torso":{"Weight":1,"CFrame":[-0.05846552550792694,0.11882227659225464,-0.09062695503234863,0.9815719127655029,-0.17432081699371339,0.07828708738088608,0.1789335310459137,0.9822472333908081,-0.05633096396923065,-0.06707761436700821,0.0693010687828064,0.9953382015228272],"EasingStyle":"Constant","EasingDirection":"In"},"HumanoidRootPart":{"Weight":0,"CFrame":[0,0,0,1,0,0,0,1,0,0,0,1],"EasingStyle":"Linear","EasingDirection":"In"},"Left Arm":{"Weight":1,"CFrame":[0.3956882357597351,-0.07973355054855347,0.42131614685058596,0.643478512763977,0.07467983663082123,-0.7618123888969421,-0.28101956844329836,0.9487825632095337,-0.14435996115207673,0.7120136022567749,0.3069767653942108,0.6315076947212219],"EasingStyle":"Constant","EasingDirection":"In"}}}],"Loop":true,"Name":"Teto Territory_Loop","Priority":"Action"}