{"Sequence":[{"Time":0,"poses":{"Left Leg":{"Weight":1,"CFrame":[-0.41665732860565188,0.13280725479125977,0.04332625865936279,0.9989520907402039,0.03364656865596771,-0.031026553362607957,-0.03278335556387901,0.9990723729133606,0.02792302519083023,0.03193730115890503,-0.02687660977244377,0.9991284608840942],"EasingStyle":"Linear","EasingDirection":"Out"},"Right Arm":{"Weight":1,"CFrame":[-0.15665476024150849,-0.0031398534774780275,-0.01256108283996582,0.9815845489501953,0.036724984645843509,-0.18746480345726014,-0.013631644658744336,0.9923105239868164,0.12302031368017197,0.19054119288921357,-0.11819939315319061,0.9745373129844666],"EasingStyle":"Linear","EasingDirection":"Out"},"Left Arm":{"Weight":1,"CFrame":[-0.09399284422397614,0.0018840432167053223,-0.007536649703979492,0.9695035219192505,0.1482255905866623,-0.1951720118522644,-0.12054047733545304,0.98178631067276,0.1468522697687149,0.2133844643831253,-0.11884764581918717,0.969712495803833],"EasingStyle":"Linear","EasingDirection":"Out"},"Right Leg":{"Weight":1,"CFrame":[-0.06299297511577606,0.10621780157089234,0.036753058433532718,0.9807946681976318,0.1620560884475708,-0.10853421688079834,-0.15643563866615296,0.9859545230865479,0.05849441885948181,0.11648917943239212,-0.04039238393306732,0.9923702478408814],"EasingStyle":"Linear","EasingDirection":"Out"},"Torso":{"Weight":1,"CFrame":[3.6290970228947117e-12,-2.3954091748351615e-18,-0.10451698303222656,0.9973272085189819,-0.07222315669059754,-0.01105513982474804,0.07176018506288529,0.996708333492279,-0.03772282227873802,0.013743210583925248,0.03682867810130119,0.9992271065711975],"EasingStyle":"Linear","EasingDirection":"Out"},"HumanoidRootPart":{"Weight":0,"CFrame":[0,0,0,1,0,0,0,1,0,0,0,1],"EasingStyle":"Linear","EasingDirection":"In"},"Head":{"Weight":1,"CFrame":[1.4784745872020722e-7,1.257285475730896e-8,0,0.9979761242866516,0.06134745106101036,0.016736183315515519,-0.062332939356565478,0.9958283305168152,0.06663702428340912,-0.012578354217112065,-0.06754537671804428,0.9976369142532349],"EasingStyle":"Linear","EasingDirection":"Out"}}},{"Time":0.01666666753590107,"poses":{"Left Leg":{"Weight":1,"CFrame":[-0.4375937283039093,0.1531611680984497,0.044036269187927249,0.9996129274368286,0.017150644212961198,-0.021905163303017618,-0.01665830984711647,0.9996088743209839,0.022463515400886537,0.022281864657998086,-0.022089917212724687,0.9995076656341553],"EasingStyle":"Linear","EasingDirection":"Out"},"Right Arm":{"Weight":1,"CFrame":[-0.1566292941570282,-0.004057437181472778,-0.009962916374206543,0.9793568253517151,0.028005464002490045,-0.20018982887268067,-0.005851911846548319,0.9938690662384033,0.11040852963924408,0.20205450057983399,-0.10695783793926239,0.9735162854194641],"EasingStyle":"Linear","EasingDirection":"Out"},"Left Arm":{"Weight":1,"CFrame":[-0.09404689073562622,0.001979231834411621,-0.006807506084442139,0.970015823841095,0.15077419579029084,-0.1906213015317917,-0.12548795342445374,0.9823858737945557,0.13845863938331605,0.20813961327075959,-0.11038635671138764,0.9718501567840576],"EasingStyle":"Linear","EasingDirection":"Out"},"Right Leg":{"Weight":1,"CFrame":[-0.01683184877038002,0.12956595420837403,0.037760376930236819,0.9785322546958923,0.18080560863018037,-0.09891390055418015,-0.1752287596464157,0.9825419783592224,0.06249929964542389,0.10848727077245712,-0.043825019150972369,0.9931313395500183],"EasingStyle":"Linear","EasingDirection":"Out"},"Torso":{"Weight":1,"CFrame":[3.835877393498777e-9,2.4950151672345837e-15,-0.1298966407775879,0.9979001879692078,-0.06278838962316513,-0.015901673585176469,0.06215941905975342,0.9973666071891785,-0.03736411780118942,0.018205830827355386,0.03629721701145172,0.9991751909255981],"EasingStyle":"Linear","EasingDirection":"Out"},"HumanoidRootPart":{"Weight":0,"CFrame":[0,0,0,1,0,0,0,1,0,0,0,1],"EasingStyle":"Linear","EasingDirection":"In"},"Head":{"Weight":1,"CFrame":[1.4738179743289948e-7,6.05359673500061e-9,2.384185791015625e-7,0.9984498023986816,0.051796890795230868,0.02037329040467739,-0.052879735827445987,0.996984601020813,0.05679326504468918,-0.01737014204263687,-0.057782553136348727,0.9981780648231506],"EasingStyle":"Linear","EasingDirection":"Out"}}},{"Time":0.03333333507180214,"poses":{"Left Leg":{"Weight":1,"CFrame":[-0.4715232253074646,0.19375330209732057,0.048122286796569827,0.9998996257781982,-0.01410482544451952,-0.0013595210621133447,0.014118321239948273,0.9998453855514526,0.010481092147529126,0.0012114965356886387,-0.010499224066734314,0.9999441504478455],"EasingStyle":"Linear","EasingDirection":"Out"},"Right Arm":{"Weight":1,"CFrame":[-0.15645131468772889,-0.010481953620910645,-0.003844320774078369,0.9734987616539002,0.0022332221269607546,-0.22868134081363679,0.021157627925276758,0.9947842359542847,0.09978296607732773,0.22771143913269044,-0.10197693854570389,0.9683740139007568],"EasingStyle":"Linear","EasingDirection":"Out"},"Left Arm":{"Weight":1,"CFrame":[-0.09442533552646637,-0.006570786237716675,-0.0040721893310546879,0.9682016968727112,0.17389464378356934,-0.17985031008720399,-0.15353643894195558,0.9806308150291443,0.12161334604024887,0.19751465320587159,-0.09013266861438751,0.9761475324630737],"EasingStyle":"Linear","EasingDirection":"Out"},"Right Leg":{"Weight":1,"CFrame":[0.08067219704389572,0.1763184666633606,0.037387728691101077,0.9719921350479126,0.22138552367687226,-0.07886538654565811,-0.21604116261005402,0.9738029837608337,0.07095067203044892,0.0925067886710167,-0.05192531645298004,0.9943572282791138],"EasingStyle":"Linear","EasingDirection":"Out"},"Torso":{"Weight":1,"CFrame":[1.1936938548728904e-8,7.774336899344248e-15,-0.1835474967956543,0.9987727403640747,-0.0417962446808815,-0.026572301983833314,0.040840014815330508,0.9985325932502747,-0.03556393086910248,0.028019744902849199,0.03443506732583046,0.9990140795707703],"EasingStyle":"Linear","EasingDirection":"Out"},"HumanoidRootPart":{"Weight":0,"CFrame":[0,0,0,1,0,0,0,1,0,0,0,1],"EasingStyle":"Linear","EasingDirection":"In"},"Head":{"Weight":1,"CFrame":[1.5669502317905427e-7,0,1.1920928955078126e-7,0.9991035461425781,0.03085913136601448,0.028980256989598275,-0.03185025602579117,0.9989010095596314,0.03438491001725197,-0.027887320145964624,-0.0352771133184433,0.9989883899688721],"EasingStyle":"Linear","EasingDirection":"Out"}}},{"Time":0.05000000074505806,"poses":{"Left Leg":{"Weight":1,"CFrame":[-0.48969078063964846,0.22664088010787965,0.05477416515350342,0.9989925026893616,-0.04008879140019417,0.020171480253338815,0.04012444242835045,0.9991937279701233,-0.0013654781505465508,-0.020100463181734086,0.002173490123823285,0.9997956156730652],"EasingStyle":"Linear","EasingDirection":"Out"},"Right Arm":{"Weight":1,"CFrame":[-0.15596824884414674,-0.027919232845306398,0.003280162811279297,0.9647130966186523,-0.038501620292663577,-0.2604731321334839,0.0751095786690712,0.9883885979652405,0.1320851594209671,0.2523631751537323,-0.14698828756809236,0.9564033150672913],"EasingStyle":"Linear","EasingDirection":"Out"},"Left Arm":{"Weight":1,"CFrame":[-0.09545249491930008,-0.03763085603713989,0.001490473747253418,0.9560325741767883,0.24067525565624238,-0.16756252944469453,-0.22477348148822785,0.9683589935302734,0.10843294858932495,0.18835780024528504,-0.06600180268287659,0.979880154132843],"EasingStyle":"Linear","EasingDirection":"Out"},"Right Leg":{"Weight":1,"CFrame":[0.1769910752773285,0.21257567405700684,0.03566575050354004,0.9623732566833496,0.2646755576133728,-0.06151910871267319,-0.25968465209007265,0.962490975856781,0.07858114689588547,0.08001008629798889,-0.059648819267749789,0.9950077533721924],"EasingStyle":"Linear","EasingDirection":"Out"},"Torso":{"Weight":1,"CFrame":[1.921443271157841e-8,1.2516952298052223e-14,-0.23174428939819337,0.9991016983985901,-0.020242203027009965,-0.03722958639264107,0.019076047465205194,0.9993243217468262,-0.03141628950834274,0.03784036263823509,0.03067787177860737,0.9988127946853638],"EasingStyle":"Linear","EasingDirection":"Out"},"HumanoidRootPart":{"Weight":0,"CFrame":[0,0,0,1,0,0,0,1,0,0,0,1],"EasingStyle":"Linear","EasingDirection":"In"},"Head":{"Weight":1,"CFrame":[1.3184035196900369e-7,3.2014213502407076e-9,-1.7881393432617188e-7,0.9992131590843201,0.00987078808248043,0.03841393440961838,-0.010263188742101193,0.9998970031738281,0.010031287558376789,-0.038310956209897998,-0.010417639277875424,0.9992115497589111],"EasingStyle":"Linear","EasingDirection":"Out"}}},{"Time":0.06666667014360428,"poses":{"Left Leg":{"Weight":1,"CFrame":[-0.49382415413856509,0.2258935570716858,0.05847978591918945,0.9979022145271301,-0.05636413022875786,0.03184664994478226,0.056599099189043048,0.998375654220581,-0.006523865275084972,-0.03142721951007843,0.00831267423927784,0.9994714856147766],"EasingStyle":"Linear","EasingDirection":"Out"},"Right Arm":{"Weight":1,"CFrame":[-0.15502747893333436,-0.061875760555267337,0.0088958740234375,0.9533448219299316,-0.09017378836870194,-0.2881012558937073,0.1657254695892334,0.9540108442306519,0.24979671835899354,0.2523266077041626,-0.285888135433197,0.924445390701294],"EasingStyle":"Linear","EasingDirection":"Out"},"Left Arm":{"Weight":1,"CFrame":[-0.09745275974273682,-0.10898834466934204,0.010702133178710938,0.9148633480072022,0.37186241149902346,-0.1573004275560379,-0.35774850845336916,0.9271745085716248,0.11119087040424347,0.18719267845153809,-0.04545046389102936,0.9812712073326111],"EasingStyle":"Linear","EasingDirection":"Out"},"Right Leg":{"Weight":1,"CFrame":[0.23777060210704804,0.20612472295761109,0.040221214294433597,0.951892077922821,0.30057987570762637,-0.05960868299007416,-0.2954935133457184,0.9518874883651733,0.08120197802782059,0.08114846050739289,-0.05968154966831207,0.9949135780334473],"EasingStyle":"Linear","EasingDirection":"Out"},"Torso":{"Weight":1,"CFrame":[-2.3059598674990412e-10,3.9038305921224039e-10,-0.24074745178222657,0.9990720152854919,-0.009177769534289837,-0.04208177328109741,0.008153792470693589,0.9996680617332459,-0.024440428242087365,0.04229211062192917,0.024074621498584749,0.9988151788711548],"EasingStyle":"Linear","EasingDirection":"Out"},"HumanoidRootPart":{"Weight":0,"CFrame":[0,0,0,1,0,0,0,1,0,0,0,1],"EasingStyle":"Linear","EasingDirection":"In"},"Head":{"Weight":1,"CFrame":[1.3136013876646758e-7,2.735760062932968e-9,0,0.9990801811218262,-0.000563363078981638,0.04287726432085037,0.000818800472188741,0.9999819993972778,-0.005940059199929237,-0.04287314414978027,0.005969705060124397,0.999062716960907],"EasingStyle":"Linear","EasingDirection":"Out"}}},{"Time":0.0833333358168602,"poses":{"Left Leg":{"Weight":1,"CFrame":[-0.4843127429485321,0.1833670735359192,0.05824780464172363,0.997242271900177,-0.0653880387544632,0.03510425612330437,0.06560439616441727,0.9978329539299011,-0.0050463262014091019,-0.03469821810722351,0.007335405331104994,0.9993709325790405],"EasingStyle":"Linear","EasingDirection":"Out"},"Right Arm":{"Weight":1,"CFrame":[-0.15059798955917359,-0.15370723605155946,0.01188051700592041,0.9365242123603821,-0.15557792782783509,-0.31419411301612856,0.2865726351737976,0.8559650182723999,0.43034863471984866,0.20198644697666169,-0.49307140707969668,0.8462163209915161],"EasingStyle":"Linear","EasingDirection":"Out"},"Left Arm":{"Weight":1,"CFrame":[-0.10898561030626297,-0.24634310603141786,0.024260282516479493,0.8051016926765442,0.5762306451797485,-0.14060409367084504,-0.5592946410179138,0.8164539933204651,0.14350050687789918,0.19748617708683015,-0.03689337149262428,0.9796112179756165],"EasingStyle":"Linear","EasingDirection":"Out"},"Right Leg":{"Weight":1,"CFrame":[0.2531181573867798,0.1674821376800537,0.05180835723876953,0.9427792429924011,0.3253754675388336,-0.07278773933649063,-0.319408118724823,0.9439980983734131,0.08274050801992417,0.09563320875167847,-0.05475704371929169,0.9939094185829163],"EasingStyle":"Linear","EasingDirection":"Out"},"Torso":{"Weight":1,"CFrame":[-6.093102911108872e-9,3.903792289428054e-10,-0.2019214630126953,0.9991212487220764,-0.007279677782207727,-0.04127698391675949,0.006698703393340111,0.9998767971992493,-0.014195897616446019,0.041375238448381427,0.01390692126005888,0.9990468621253967],"EasingStyle":"Linear","EasingDirection":"Out"},"HumanoidRootPart":{"Weight":0,"CFrame":[0,0,0,1,0,0,0,1,0,0,0,1],"EasingStyle":"Linear","EasingDirection":"In"},"Head":{"Weight":1,"CFrame":[1.4841498341411353e-7,-6.490154191851616e-9,1.1920928955078126e-7,0.9992021918296814,-0.0012306502321735025,0.03991876170039177,0.0015103195328265429,0.9999745488166809,-0.006976541131734848,-0.039909157902002338,0.007031263317912817,0.9991785883903503],"EasingStyle":"Linear","EasingDirection":"Out"}}},{"Time":0.10000000149011612,"poses":{"Left Leg":{"Weight":1,"CFrame":[-0.44673749804496767,0.1159241795539856,0.05729031562805176,0.9970549941062927,-0.06610539555549622,0.03887692838907242,0.06618569791316986,0.9978070259094238,-0.000780619157012552,-0.03874005749821663,0.003351423656567931,0.9992436766624451],"EasingStyle":"Linear","EasingDirection":"Out"},"Right Arm":{"Weight":1,"CFrame":[-0.14066801965236665,-0.30942344665527346,0.016681551933288575,0.9085820913314819,-0.24308525025844575,-0.3396884500980377,0.40775856375694277,0.6925807595252991,0.5950334668159485,0.09061785042285919,-0.6791475415229797,0.7283865809440613],"EasingStyle":"Linear","EasingDirection":"Out"},"Left Arm":{"Weight":1,"CFrame":[-0.13767284154891969,-0.42531657218933108,0.042366981506347659,0.6015615463256836,0.7919808626174927,-0.1043553352355957,-0.7669817805290222,0.6091482639312744,0.20168620347976685,0.22329944372177125,-0.04128800332546234,0.9738750457763672],"EasingStyle":"Linear","EasingDirection":"Out"},"Right Leg":{"Weight":1,"CFrame":[0.3083312511444092,0.18366098403930665,0.06790781021118164,0.9215850234031677,0.3771803379058838,-0.09173913300037384,-0.3693021535873413,0.9247350096702576,0.0920930728316307,0.11957009136676789,-0.05099213868379593,0.9915153980255127],"EasingStyle":"Linear","EasingDirection":"Out"},"Torso":{"Weight":1,"CFrame":[-1.608923305695953e-8,3.9037270638253576e-10,-0.13572025299072267,0.9992254376411438,-0.0057954564690589909,-0.038922931998968127,0.0057800947688519959,0.9999831914901733,-0.0005072005442343652,0.03892521560192108,0.00028182941605336964,0.9992420673370361],"EasingStyle":"Linear","EasingDirection":"Out"},"HumanoidRootPart":{"Weight":0,"CFrame":[0,0,0,1,0,0,0,1,0,0,0,1],"EasingStyle":"Linear","EasingDirection":"In"},"Head":{"Weight":1,"CFrame":[1.4867850950395224e-7,-1.1641532182693482e-10,-1.1920928955078126e-7,0.9994601607322693,-0.0002018931700149551,0.032852910459041598,0.00009435749961994588,0.9999946355819702,0.00327475368976593,-0.032853398472070697,-0.003269885666668415,0.9994548559188843],"EasingStyle":"Linear","EasingDirection":"Out"}}},{"Time":0.11666666716337204,"poses":{"Left Leg":{"Weight":1,"CFrame":[-0.36913150548934939,0.036933720111846927,0.056029677391052249,0.9976209998130798,-0.05354410409927368,0.04342027008533478,0.05329576134681702,0.9985552430152893,0.006858011707663536,-0.043724775314331058,-0.004527576733380556,0.9990333318710327],"EasingStyle":"Linear","EasingDirection":"Out"},"Right Arm":{"Weight":1,"CFrame":[-0.12661394476890565,-0.4815102815628052,0.029137849807739259,0.8618022799491882,-0.360828161239624,-0.35651063919067385,0.5003615617752075,0.4893356263637543,0.714275062084198,-0.08327731490135193,-0.7939481735229492,0.6022551655769348],"EasingStyle":"Linear","EasingDirection":"Out"},"Left Arm":{"Weight":1,"CFrame":[-0.18243250250816346,-0.5952450037002564,0.0651012659072876,0.33532530069351199,0.9409750699996948,-0.04607464745640755,-0.9016999006271362,0.33472931385040285,0.27366694808006289,0.27293628454208376,-0.050221968442201617,0.9607203006744385],"EasingStyle":"Linear","EasingDirection":"Out"},"Right Leg":{"Weight":1,"CFrame":[0.33937376737594607,0.19381719827651978,0.08749055862426758,0.8988668322563171,0.42221975326538088,-0.11734111607074738,-0.41043856739997866,0.9049619436264038,0.11217886209487915,0.15355335175991059,-0.05267253518104553,0.9867355227470398],"EasingStyle":"Linear","EasingDirection":"Out"},"Torso":{"Weight":1,"CFrame":[-2.8374572025313684e-8,3.9036471277675846e-10,-0.05435800552368164,0.9993657469749451,-0.004689184948801994,-0.03530022129416466,0.005274834576994181,0.9998496770858765,0.016515733674168588,0.03521747142076492,-0.016691459342837335,0.9992402791976929],"EasingStyle":"Linear","EasingDirection":"Out"},"HumanoidRootPart":{"Weight":0,"CFrame":[0,0,0,1,0,0,0,1,0,0,0,1],"EasingStyle":"Linear","EasingDirection":"In"},"Head":{"Weight":1,"CFrame":[1.6895501175895334e-7,-1.6007106751203538e-10,1.1920928955078126e-7,0.9997163414955139,0.0017967481398954988,0.023748500272631646,-0.002263612812384963,0.9998044371604919,0.01964644528925419,-0.023708555847406389,-0.01969464123249054,0.9995248913764954],"EasingStyle":"Linear","EasingDirection":"Out"}}},{"Time":0.13333334028720857,"poses":{"Left Leg":{"Weight":1,"CFrame":[-0.35677239298820498,0.04250210523605347,0.060446739196777347,0.9954934120178223,-0.08235232532024384,0.047020673751831058,0.08108368515968323,0.9963059425354004,0.028282197192311288,-0.04917607083916664,-0.02434212900698185,0.9984934329986572],"EasingStyle":"Linear","EasingDirection":"Out"},"Right Arm":{"Weight":1,"CFrame":[-0.1098121628165245,-0.6224545836448669,0.05508911609649658,0.7779985666275024,-0.5222775340080261,-0.3492053747177124,0.5473317503929138,0.29054364562034609,0.784864604473114,-0.30845773220062258,-0.8017546534538269,0.5119015574455261],"EasingStyle":"Linear","EasingDirection":"Out"},"Left Arm":{"Weight":1,"CFrame":[-0.24218253791332246,-0.7053811550140381,0.09254121780395508,0.07331892102956772,0.9968432188034058,0.030462436378002168,-0.9325551986694336,0.05769968405365944,0.35638684034347536,0.35350409150123598,-0.0545378103852272,0.9338417649269104],"EasingStyle":"Linear","EasingDirection":"Out"},"Right Leg":{"Weight":1,"CFrame":[0.3208063244819641,0.19092142581939698,0.10528779029846192,0.8844169974327087,0.44060853123664858,-0.15385285019874574,-0.4206814169883728,0.8953881859779358,0.14596986770629884,0.20207355916500092,-0.06437519192695618,0.9772523045539856],"EasingStyle":"Linear","EasingDirection":"Out"},"Torso":{"Weight":1,"CFrame":[-4.077337223407085e-8,3.903566359042543e-10,0.027755260467529298,0.9995211362838745,-0.003928470890969038,-0.030692363157868387,0.005056353751569986,0.9993114471435547,0.03675725683569908,0.03052682615816593,-0.036894846707582477,0.9988527894020081],"EasingStyle":"Linear","EasingDirection":"Out"},"HumanoidRootPart":{"Weight":0,"CFrame":[0,0,0,1,0,0,0,1,0,0,0,1],"EasingStyle":"Linear","EasingDirection":"In"},"Head":{"Weight":1,"CFrame":[1.4604302123188973e-7,-1.4115357771515847e-9,0,0.9998850226402283,0.0038884421810507776,0.014657440595328808,-0.004427835810929537,0.9993073344230652,0.03694901987910271,-0.014503611251711846,-0.03700967878103256,0.9992096424102783],"EasingStyle":"Linear","EasingDirection":"Out"}}},{"Time":0.15000000596046449,"poses":{"Left Leg":{"Weight":1,"CFrame":[-0.39951983094215395,0.11103630065917969,0.06838476657867432,0.9879544973373413,-0.14728417992591859,0.04746837913990021,0.14385119080543519,0.9871861934661865,0.06906712055206299,-0.057032618671655658,-0.06140676885843277,0.9964820742607117],"EasingStyle":"Linear","EasingDirection":"Out"},"Right Arm":{"Weight":1,"CFrame":[-0.09175248444080353,-0.6978217363357544,0.11118364334106446,0.6269630789756775,-0.7187069058418274,-0.30062881112098696,0.5368661880493164,0.11896175146102905,0.8352381587028503,-0.5645281672477722,-0.6850609183311462,0.46043410897254946],"EasingStyle":"Linear","EasingDirection":"Out"},"Left Arm":{"Weight":1,"CFrame":[-0.31476277112960818,-0.6999816298484802,0.12515246868133546,-0.14233523607254029,0.9849966168403626,0.09758257120847702,-0.8599482774734497,-0.17187495529651643,0.4805704951286316,0.49013230204582217,-0.015513872727751732,0.8715099692344666],"EasingStyle":"Linear","EasingDirection":"Out"},"Right Leg":{"Weight":1,"CFrame":[0.2764543890953064,0.19824039936065675,0.11564934253692627,0.8756408095359802,0.4390842616558075,-0.2011425644159317,-0.40377968549728396,0.8940680623054504,0.19391807913780213,0.2649814188480377,-0.08858529478311539,0.9601757526397705],"EasingStyle":"Linear","EasingDirection":"Out"},"Torso":{"Weight":1,"CFrame":[-5.104162781321975e-8,3.903499468105309e-10,0.09575891494750977,0.9996716976165772,-0.003479037433862686,-0.025385389104485513,0.0049997842870652679,0.9981803894042969,0.06009110063314438,0.02513013780117035,-0.06019828841090202,0.9978700280189514],"EasingStyle":"Linear","EasingDirection":"Out"},"HumanoidRootPart":{"Weight":0,"CFrame":[0,0,0,1,0,0,0,1,0,0,0,1],"EasingStyle":"Linear","EasingDirection":"In"},"Head":{"Weight":1,"CFrame":[1.5244586393237115e-7,-4.787580110132694e-9,1.1920928955078126e-7,0.9999594688415527,0.0049193366430699829,0.007543753366917372,-0.005290422588586807,0.9987358450889587,0.04998708516359329,-0.007288315799087286,-0.05002496391534805,0.9987213611602783],"EasingStyle":"Linear","EasingDirection":"Out"}}},{"Time":0.1666666716337204,"poses":{"Left Leg":{"Weight":1,"CFrame":[-0.3742866516113281,0.13081663846969605,0.07770299911499024,0.9784733653068543,-0.19395379722118379,0.0705108493566513,0.18426752090454102,0.9749355912208557,0.12468401342630387,-0.09292647242546082,-0.10900711268186569,0.9896878600120544],"EasingStyle":"Linear","EasingDirection":"Out"},"Right Arm":{"Weight":1,"CFrame":[-0.0743788331747055,-0.7245063781738281,0.1943594217300415,0.3956940770149231,-0.8942667245864868,-0.2090768963098526,0.4816935956478119,0.008262674324214459,0.8763008117675781,-0.7819191217422485,-0.44745805859565737,0.43403202295303347],"EasingStyle":"Linear","EasingDirection":"Out"},"Left Arm":{"Weight":1,"CFrame":[-0.39370036125183108,-0.590802788734436,0.16494739055633546,-0.31045615673065188,0.9388155341148377,0.14913859963417054,-0.6991260647773743,-0.3318057656288147,0.6333463788032532,0.6440805196762085,0.09235963970422745,0.7593615651130676],"EasingStyle":"Linear","EasingDirection":"Out"},"Right Leg":{"Weight":1,"CFrame":[0.22068293392658235,0.2117672562599182,0.11565721035003662,0.8674532175064087,0.42767179012298586,-0.254207968711853,-0.36755186319351199,0.8952391147613525,0.2518981397151947,0.3353066146373749,-0.12507523596286775,0.9337695837020874],"EasingStyle":"Linear","EasingDirection":"Out"},"Torso":{"Weight":1,"CFrame":[-5.821192416988197e-8,3.903452561182519e-10,0.14324569702148438,0.9998011589050293,-0.0032995929941534998,-0.019666895270347596,0.00498695345595479,0.9962501525878906,0.08637569099664688,0.019308142364025117,-0.08645659685134888,0.9960684776306152],"EasingStyle":"Linear","EasingDirection":"Out"},"HumanoidRootPart":{"Weight":0,"CFrame":[0,0,0,1,0,0,0,1,0,0,0,1],"EasingStyle":"Linear","EasingDirection":"In"},"Head":{"Weight":1,"CFrame":[1.5299883671104909e-7,-1.896842150017619e-8,2.384185791015625e-7,0.9999836683273315,0.005072987638413906,0.0026224064640700819,-0.0052083199843764309,0.998501718044281,0.054472412914037707,-0.002342141466215253,-0.05448517948389053,0.9985118508338928],"EasingStyle":"Linear","EasingDirection":"Out"}}},{"Time":0.18333333730697633,"poses":{"Left Leg":{"Weight":1,"CFrame":[-0.31582406163215639,0.14235574007034303,0.08829569816589356,0.962263822555542,-0.23997117578983308,0.12830492854118348,0.21262617409229279,0.95731121301651,0.19581972062587739,-0.16981887817382813,-0.16114923357963563,0.9722101092338562],"EasingStyle":"Linear","EasingDirection":"Out"},"Right Arm":{"Weight":1,"CFrame":[-0.05974859371781349,-0.731989860534668,0.2808901071548462,0.11459092050790787,-0.9917328357696533,-0.05774836987257004,0.4496430456638336,-0.000056833487178664657,0.893208384513855,-0.8858273029327393,-0.12831978499889375,0.4459192156791687],"EasingStyle":"Linear","EasingDirection":"Out"},"Left Arm":{"Weight":1,"CFrame":[-0.47144439816474917,-0.42302054166793826,0.2143254280090332,-0.4252367317676544,0.8852905631065369,0.18824030458927155,-0.513698399066925,-0.40731051564216616,0.7551238536834717,0.7451762557029724,0.2244076281785965,0.6279757022857666],"EasingStyle":"Linear","EasingDirection":"Out"},"Right Leg":{"Weight":1,"CFrame":[0.15620361268520356,0.21108317375183106,0.10867893695831299,0.857496440410614,0.4114340841770172,-0.30890434980392458,-0.31742003560066225,0.8955891132354736,0.311712384223938,0.4049004912376404,-0.16923989355564118,0.8985618948936462],"EasingStyle":"Linear","EasingDirection":"Out"},"Torso":{"Weight":1,"CFrame":[-6.160676235822393e-8,3.9034303567220265e-10,0.16572856903076173,0.9998988509178162,-0.003337086411193013,-0.013824611902236939,0.004911281634122133,0.9933011531829834,0.11545015126466751,0.013346735388040543,-0.1155063658952713,0.9932170510292053],"EasingStyle":"Linear","EasingDirection":"Out"},"HumanoidRootPart":{"Weight":0,"CFrame":[0,0,0,1,0,0,0,1,0,0,0,1],"EasingStyle":"Linear","EasingDirection":"In"},"Head":{"Weight":1,"CFrame":[1.4633405953645707e-7,2.372325980104506e-8,-1.1920928955078126e-7,0.9999853372573853,0.00529890414327383,-0.001119377207942307,-0.005236929748207331,0.9987577795982361,0.049552999436855319,0.0013805631315335632,-0.04954642429947853,0.9987708926200867],"EasingStyle":"Linear","EasingDirection":"Out"}}},{"Time":0.20000000298023225,"poses":{"Left Leg":{"Weight":1,"CFrame":[-0.2655634880065918,0.14201563596725465,0.10404980182647705,0.947016716003418,-0.26935309171676638,0.17495225369930268,0.21850275993347169,0.9395256638526917,0.2637195587158203,-0.235405832529068,-0.21151931583881379,0.9486009478569031],"EasingStyle":"Linear","EasingDirection":"Out"},"Right Arm":{"Weight":1,"CFrame":[-0.049215272068977359,-0.7424829602241516,0.3521944284439087,-0.13661836087703706,-0.9787834882736206,0.1527034342288971,0.4941489100456238,0.06626676023006439,0.8668480515480042,-0.858575701713562,0.19388553500175477,0.4746114909648895],"EasingStyle":"Linear","EasingDirection":"Out"},"Left Arm":{"Weight":1,"CFrame":[-0.5404437780380249,-0.23801136016845704,0.2756861448287964,-0.49832361936569216,0.8415913581848145,0.20832078158855439,-0.3529689610004425,-0.4163995683193207,0.837868869304657,0.7918879389762878,0.34399911761283877,0.5045574307441711],"EasingStyle":"Linear","EasingDirection":"Out"},"Right Leg":{"Weight":1,"CFrame":[0.09165294468402863,0.19163650274276734,0.10465884208679199,0.8239356875419617,0.4157492220401764,-0.3850748538970947,-0.27211615443229678,0.8863211870193481,0.3746832013130188,0.4970742464065552,-0.2039298117160797,0.8434037566184998],"EasingStyle":"Linear","EasingDirection":"Out"},"Torso":{"Weight":1,"CFrame":[-5.9539303265410129e-8,3.903443956954078e-10,0.1520366668701172,0.9992635250091553,-0.03689319267868996,-0.010550237260758877,0.03802327439188957,0.9890055656433106,0.14290638267993928,0.005161971319466829,-0.1432022750377655,0.9896799921989441],"EasingStyle":"Linear","EasingDirection":"Out"},"HumanoidRootPart":{"Weight":0,"CFrame":[0,0,0,1,0,0,0,1,0,0,0,1],"EasingStyle":"Linear","EasingDirection":"In"},"Head":{"Weight":1,"CFrame":[1.4994293451309205e-7,5.558831617236137e-9,0,0.9992546439170837,0.03860188275575638,0.00008333101868629456,-0.03857508301734924,0.9984756112098694,0.039476022124290469,0.0014406455447897316,-0.03944985195994377,0.9992204904556274],"EasingStyle":"Linear","EasingDirection":"Out"}}},{"Time":0.21666666865348817,"poses":{"Left Leg":{"Weight":1,"CFrame":[-0.19737431406974793,0.12555080652236939,0.12518346309661866,0.9155404567718506,-0.3078380227088928,0.25888505578041079,0.21346944570541383,0.9173810482025147,0.3359208405017853,-0.34090542793273928,-0.25228506326675417,0.9056134223937988],"EasingStyle":"Linear","EasingDirection":"Out"},"Right Arm":{"Weight":1,"CFrame":[-0.04131719470024109,-0.7491216659545898,0.4102722406387329,-0.28661787509918215,-0.9090123772621155,0.302566796541214,0.5327284932136536,0.1112699806690216,0.8389394283294678,-0.7962729334831238,0.40164104104042055,0.4523649215698242],"EasingStyle":"Linear","EasingDirection":"Out"},"Left Arm":{"Weight":1,"CFrame":[-0.593147337436676,-0.07619291543960571,0.351428747177124,-0.5470753908157349,0.8098284602165222,0.21186402440071107,-0.232423335313797,-0.3901004493236542,0.8909550905227661,0.8041690587997437,0.4381774961948395,0.40163740515708926],"EasingStyle":"Linear","EasingDirection":"Out"},"Right Leg":{"Weight":1,"CFrame":[0.05764206126332283,0.15906310081481934,0.11873292922973633,0.8092246055603027,0.4023318588733673,-0.4281175434589386,-0.2210862636566162,0.8836897015571594,0.41256922483444216,0.5443127751350403,-0.23921024799346925,0.8040534853935242],"EasingStyle":"Linear","EasingDirection":"Out"},"Torso":{"Weight":1,"CFrame":[-5.177183481919201e-8,3.9034944721016986e-10,0.10059499740600586,0.9994440078735352,-0.03292296454310417,-0.0052633569575846199,0.03334042429924011,0.9859355688095093,0.16376639902591706,-0.0002023447013925761,-0.1638508290052414,0.9864851236343384],"EasingStyle":"Linear","EasingDirection":"Out"},"HumanoidRootPart":{"Weight":0,"CFrame":[0,0,0,1,0,0,0,1,0,0,0,1],"EasingStyle":"Linear","EasingDirection":"In"},"Head":{"Weight":1,"CFrame":[1.5099067240953446e-7,-1.155422069132328e-8,-4.76837158203125e-7,0.999414324760437,0.03417879343032837,-0.001674650702625513,-0.034115564078092578,0.9989929795265198,0.029140654951334,0.0026689562946558,-0.029066450893878938,0.9995739459991455],"EasingStyle":"Linear","EasingDirection":"Out"}}},{"Time":0.23333333432674409,"poses":{"Left Leg":{"Weight":1,"CFrame":[-0.13815034925937653,0.11056077480316162,0.14996862411499024,0.8770541548728943,-0.34406983852386477,0.33524906635284426,0.20046226680278779,0.8963315486907959,0.39548036456108096,-0.43656715750694277,-0.279652863740921,0.8551042675971985],"EasingStyle":"Linear","EasingDirection":"Out"},"Right Arm":{"Weight":1,"CFrame":[-0.03227776288986206,-0.7482913732528687,0.45960187911987307,-0.3684505820274353,-0.8595203757286072,0.3542156219482422,0.5269389152526856,0.12081282585859299,0.8412726521492004,-0.7658848166465759,0.49661752581596377,0.408401221036911],"EasingStyle":"Linear","EasingDirection":"Out"},"Left Arm":{"Weight":1,"CFrame":[-0.6256285905838013,0.030380845069885255,0.4401435852050781,-0.589648962020874,0.782906174659729,0.19842387735843659,-0.15555217862129212,-0.3511617183685303,0.9233033657073975,0.7925387024879456,0.5135595798492432,0.3288447856903076],"EasingStyle":"Linear","EasingDirection":"Out"},"Right Leg":{"Weight":1,"CFrame":[0.035736069083213809,0.12593382596969605,0.14017093181610108,0.7991634607315064,0.38827213644981387,-0.45889273285865786,-0.17843541502952577,0.8822234869003296,0.43570929765701296,0.5740196704864502,-0.2663201689720154,0.7743222117424011],"EasingStyle":"Linear","EasingDirection":"Out"},"Torso":{"Weight":1,"CFrame":[-4.0293233638522e-8,3.9035694121558608e-10,0.02457571029663086,0.9997227787971497,-0.02354481630027294,0.00009615446469979361,0.023140989243984224,0.9833129644393921,0.18044428527355195,-0.004343078006058931,-0.18039202690124513,0.9835851788520813],"EasingStyle":"Linear","EasingDirection":"Out"},"HumanoidRootPart":{"Weight":0,"CFrame":[0,0,0,1,0,0,0,1,0,0,0,1],"EasingStyle":"Linear","EasingDirection":"In"},"Head":{"Weight":1,"CFrame":[1.4948454918339849e-7,1.1386873666197062e-9,4.76837158203125e-7,0.9997051954269409,0.024096515029668809,-0.0029751486144959928,-0.024046285077929498,0.9995843768119812,0.015900112688541414,0.003357050009071827,-0.015823910012841226,0.999869167804718],"EasingStyle":"Linear","EasingDirection":"Out"}}},{"Time":0.25,"poses":{"Left Leg":{"Weight":1,"CFrame":[-0.10481385886669159,0.12207680940628052,0.170196533203125,0.8441047668457031,-0.36520490050315859,0.39257147908210757,0.18037530779838563,0.882908284664154,0.43351781368255618,-0.5049275755882263,-0.2951242923736572,0.8111411333084106],"EasingStyle":"Linear","EasingDirection":"Out"},"Right Arm":{"Weight":1,"CFrame":[-0.011876974254846573,-0.7458535432815552,0.49399030208587649,-0.4238613247871399,-0.823366105556488,0.37737223505973818,0.5177838802337647,0.12157551199197769,0.8468288779258728,-0.7431294918060303,0.554335355758667,0.374794602394104],"EasingStyle":"Linear","EasingDirection":"Out"},"Left Arm":{"Weight":1,"CFrame":[-0.648457407951355,0.08743554353713989,0.5251834392547607,-0.6327210068702698,0.7559226155281067,0.16806305944919587,-0.117584727704525,-0.30829742550849917,0.94399493932724,0.7654005289077759,0.5775237679481506,0.2839512526988983],"EasingStyle":"Linear","EasingDirection":"Out"},"Right Leg":{"Weight":1,"CFrame":[0.034855760633945468,0.12066459655761719,0.1570892333984375,0.7950827479362488,0.3710264563560486,-0.47977352142333987,-0.14419054985046388,0.8840065598487854,0.4446813464164734,0.5891115665435791,-0.2843797206878662,0.756356954574585],"EasingStyle":"Linear","EasingDirection":"Out"},"Torso":{"Weight":1,"CFrame":[-2.6747486003841915e-8,3.9036576748863185e-10,-0.06513404846191406,0.9998968243598938,-0.013449530117213726,0.005050198175013065,0.012282365933060646,0.9826381206512451,0.1851256787776947,-0.007452370598912239,-0.1850445419549942,0.9827018976211548],"EasingStyle":"Linear","EasingDirection":"Out"},"HumanoidRootPart":{"Weight":0,"CFrame":[0,0,0,1,0,0,0,1,0,0,0,1],"EasingStyle":"Linear","EasingDirection":"In"},"Head":{"Weight":1,"CFrame":[1.5157274901866914e-7,8.28367774374783e-8,-1.7881393432617188e-7,0.9999089241027832,0.013129180297255516,-0.0031192780006676914,-0.013093963265419007,0.9998531937599182,0.011053717695176602,0.003263946855440736,-0.011011861264705658,0.9999340176582336],"EasingStyle":"Linear","EasingDirection":"Out"}}},{"Time":0.2666666805744171,"poses":{"Left Leg":{"Weight":1,"CFrame":[-0.12166813015937805,0.1914559006690979,0.17904925346374513,0.8309141993522644,-0.36180633306503298,0.4227029085159302,0.15884633362293244,0.88234543800354,0.44298356771469118,-0.533244252204895,-0.3009364902973175,0.7906249165534973],"EasingStyle":"Linear","EasingDirection":"Out"},"Right Arm":{"Weight":1,"CFrame":[0.03171585127711296,-0.7418857216835022,0.504562258720398,-0.4589388072490692,-0.8040799498558044,0.3779294788837433,0.4972166419029236,0.12008016556501389,0.8592766523361206,-0.7363088726997376,0.5822681784629822,0.3446924686431885],"EasingStyle":"Linear","EasingDirection":"Out"},"Left Arm":{"Weight":1,"CFrame":[-0.675828218460083,0.11037379503250122,0.5860930681228638,-0.6728667616844177,0.7284996509552002,0.12860247492790223,-0.10558347404003144,-0.2666360139846802,0.9579964876174927,0.7321901917457581,0.6310257911682129,0.25632816553115847],"EasingStyle":"Linear","EasingDirection":"Out"},"Right Leg":{"Weight":1,"CFrame":[0.0665867030620575,0.1773173213005066,0.15691757202148438,0.7971097230911255,0.34999993443489077,-0.49205282330513,-0.11857861280441284,0.8897448778152466,0.4407869279384613,0.5920770168304443,-0.2930086553096771,0.7507268786430359],"EasingStyle":"Linear","EasingDirection":"Out"},"Torso":{"Weight":1,"CFrame":[3.296284134535199e-9,3.9038533516944087e-10,-0.15764570236206056,0.9999343156814575,-0.007242795079946518,0.008884639479219914,0.005626866593956947,0.9854217171669006,0.17003624141216279,-0.009986654855310917,-0.16997507214546204,0.9853977560997009],"EasingStyle":"Linear","EasingDirection":"Out"},"HumanoidRootPart":{"Weight":0,"CFrame":[0,0,0,1,0,0,0,1,0,0,0,1],"EasingStyle":"Linear","EasingDirection":"In"},"Head":{"Weight":1,"CFrame":[1.4650868251919747e-7,4.7177309170365336e-8,0,0.999980092048645,0.006056855898350477,-0.0017529716715216637,-0.006010294891893864,0.9996581077575684,0.02544787898659706,0.0019065062515437604,-0.025436831638216974,0.9996746182441711],"EasingStyle":"Linear","EasingDirection":"Out"}}},{"Time":0.28333333134651186,"poses":{"Left Leg":{"Weight":1,"CFrame":[-0.17844156920909882,0.28131401538848879,0.20270156860351563,0.8302520513534546,-0.34441402554512026,0.4382472038269043,0.14448998868465424,0.8923625946044922,0.4275648295879364,-0.5383346080780029,-0.2916642129421234,0.7906501889228821],"EasingStyle":"Linear","EasingDirection":"Out"},"Right Arm":{"Weight":1,"CFrame":[0.11033161729574204,-0.7364671230316162,0.4824002981185913,-0.4755665361881256,-0.804448664188385,0.35594746470451357,0.45523396134376528,0.12117961794137955,0.8820870518684387,-0.7527273893356323,0.5815306305885315,0.3085836172103882],"EasingStyle":"Linear","EasingDirection":"Out"},"Left Arm":{"Weight":1,"CFrame":[-0.7219353318214417,0.11459696292877197,0.6024109125137329,-0.7070404291152954,0.7016758322715759,0.0880047082901001,-0.10675646364688873,-0.2289261817932129,0.9675720930099487,0.699068546295166,0.6747176051139832,0.2367686629295349],"EasingStyle":"Linear","EasingDirection":"Out"},"Right Leg":{"Weight":1,"CFrame":[0.12022274732589722,0.2605897784233093,0.16095423698425294,0.8002691268920898,0.3266722857952118,-0.5028462409973145,-0.10042092949151993,0.8997475504875183,0.42469996213912966,0.5911725163459778,-0.28937792778015139,0.7528449892997742],"EasingStyle":"Linear","EasingDirection":"Out"},"Torso":{"Weight":1,"CFrame":[1.6348081999240095e-8,3.9039382837557925e-10,-0.24408388137817384,0.9999222159385681,-0.004958085250109434,0.011444902047514916,0.0033281429205089809,0.9903882741928101,0.1382751315832138,-0.012020477093756199,-0.13822628557682038,0.9903277158737183],"EasingStyle":"Linear","EasingDirection":"Out"},"HumanoidRootPart":{"Weight":0,"CFrame":[0,0,0,1,0,0,0,1,0,0,0,1],"EasingStyle":"Linear","EasingDirection":"In"},"Head":{"Weight":1,"CFrame":[1.500884536653757e-7,2.0849256543442608e-8,-1.1920928955078126e-7,0.9999953508377075,0.0029503265395760538,0.0008055801154114306,-0.0029901585076004268,0.9984827637672424,0.054983656853437427,-0.000642137776594609,-0.054985810071229938,0.9984869360923767],"EasingStyle":"Linear","EasingDirection":"Out"}}},{"Time":0.30000001192092898,"poses":{"Left Leg":{"Weight":1,"CFrame":[-0.26699697971343996,0.3621600270271301,0.2645440101623535,0.8247268795967102,-0.33845266699790957,0.453073114156723,0.14983348548412324,0.9032852649688721,0.4020269513130188,-0.5453214645385742,-0.2636769711971283,0.7956752181053162],"EasingStyle":"Linear","EasingDirection":"Out"},"Right Arm":{"Weight":1,"CFrame":[0.23273123800754548,-0.7300415635108948,0.38456225395202639,-0.47368356585502627,-0.8199172019958496,0.3214961886405945,0.39121899008750918,0.13115711510181428,0.9109036922454834,-0.7890320420265198,0.5572554469108582,0.2586400806903839],"EasingStyle":"Linear","EasingDirection":"Out"},"Left Arm":{"Weight":1,"CFrame":[-0.7966068387031555,0.1015855073928833,0.4508345127105713,-0.718413233757019,0.6917086839675903,0.07363155484199524,-0.08990096300840378,-0.1972886174917221,0.9762146472930908,0.6897827982902527,0.6947059035301209,0.20391999185085298],"EasingStyle":"Linear","EasingDirection":"Out"},"Right Leg":{"Weight":1,"CFrame":[0.20185799896717072,0.33846497535705569,0.20320343971252442,0.798076331615448,0.3142324984073639,-0.514132559299469,-0.10013939440250397,0.9105542898178101,0.4010773003101349,0.5941769480705261,-0.2686053216457367,0.758158802986145],"EasingStyle":"Linear","EasingDirection":"Out"},"Torso":{"Weight":1,"CFrame":[2.835737333839461e-8,3.9040165544790286e-10,-0.32361793518066409,0.9999078512191773,-0.003425648668780923,0.01313820295035839,0.002075907774269581,0.9948431849479675,0.10140402615070343,-0.013417825102806092,-0.10136739909648895,0.9947585463523865],"EasingStyle":"Linear","EasingDirection":"Out"},"HumanoidRootPart":{"Weight":0,"CFrame":[0,0,0,1,0,0,0,1,0,0,0,1],"EasingStyle":"Linear","EasingDirection":"In"},"Head":{"Weight":1,"CFrame":[1.4760007616132499e-7,3.043896867893636e-8,0,0.9999927878379822,0.0004469596315175295,0.003770620794966817,-0.0007732688100077212,0.9962090849876404,0.0869879275560379,-0.00371744716539979,-0.08699021488428116,0.9962022304534912],"EasingStyle":"Linear","EasingDirection":"Out"}}},{"Time":0.3166666626930237,"poses":{"Left Leg":{"Weight":1,"CFrame":[-0.32726800441741946,0.4427419900894165,0.3082817792892456,0.8234241008758545,-0.32087188959121706,0.4679892957210541,0.14252468943595887,0.9152737855911255,0.37677672505378725,-0.5492353439331055,-0.2435469627380371,0.7993906140327454],"EasingStyle":"Linear","EasingDirection":"Out"},"Right Arm":{"Weight":1,"CFrame":[0.39539647102355959,-0