{"Sequence":[{"Time":0,"poses":{"Left Leg":{"Weight":1,"CFrame":[-0.5183752179145813,0.42631983757019045,0.3841233253479004,0.8079403638839722,-0.26662784814834597,0.5254921913146973,0.3026755154132843,0.9529210925102234,0.018138239160180093,-0.5055886507034302,0.1443989872932434,0.8506050705909729],"EasingStyle":"Linear","EasingDirection":"In"},"Right Arm":{"Weight":1,"CFrame":[0.09887093305587769,0.36063098907470705,0.015759199857711793,-0.9888660907745361,-0.0647759735584259,-0.13396981358528138,0.025668948888778688,-0.961042582988739,0.275206059217453,-0.14657744765281678,0.26870304346084597,0.9520050883293152],"EasingStyle":"Linear","EasingDirection":"In"},"Head":{"Weight":1,"CFrame":[7.82310962677002e-8,-4.936009645462036e-8,0.01666259765625,0.726410984992981,0.6831697821617127,0.07487519830465317,-0.6833919882774353,0.7295657992362976,-0.026629816740751268,-0.0728190541267395,-0.031824953854084018,0.9968372583389282],"EasingStyle":"Linear","EasingDirection":"In"},"Left Arm":{"Weight":1,"CFrame":[0.010888447053730488,-0.002347007393836975,0.008758783340454102,0.9941495060920715,0.09642282128334046,0.04867807775735855,-0.10795760899782181,0.9015036821365356,0.41908976435661318,-0.0034736995585262777,-0.42189309000968935,0.906639039516449],"EasingStyle":"Linear","EasingDirection":"In"},"Torso":{"Weight":1,"CFrame":[0.018069908022880555,0.03099897876381874,-0.02223682776093483,0.9415844082832336,0.33605989813804629,0.02196781523525715,-0.3366820216178894,0.9408639669418335,0.03768602013587952,-0.008003964088857174,-0.04288073256611824,0.9990482330322266],"EasingStyle":"Linear","EasingDirection":"In"},"HumanoidRootPart":{"Weight":0,"CFrame":[0,0,0,1,0,0,0,1,0,0,0,1],"EasingStyle":"Linear","EasingDirection":"In"},"Right Leg":{"Weight":1,"CFrame":[0.1918562650680542,0.002114713191986084,0.19998714327812196,0.9875114560127258,0.05794432386755943,-0.14650452136993409,-0.058897871524095538,0.9982616901397705,-0.00217512552626431,0.14612391591072083,0.010776687413454056,0.9892076253890991],"EasingStyle":"Linear","EasingDirection":"In"}}},{"Time":0.01666666753590107,"poses":{"Left Leg":{"Weight":1,"CFrame":[-0.5049183368682861,0.4389164447784424,0.3946605324745178,0.8127270936965942,-0.25125929713249209,0.5256838798522949,0.2864159345626831,0.9579868912696838,0.015075829811394215,-0.5073861479759216,0.13831168413162232,0.8505464792251587],"EasingStyle":"Linear","EasingDirection":"In"},"Right Arm":{"Weight":1,"CFrame":[0.08430549502372742,0.3649221658706665,0.015225231647491455,-0.9912052154541016,-0.06964676082134247,-0.11252405494451523,0.036085423082113269,-0.9603288769721985,0.2765255868434906,-0.12731924653053285,0.27003300189971926,0.95439612865448],"EasingStyle":"Linear","EasingDirection":"In"},"Head":{"Weight":1,"CFrame":[1.0803341865539551e-7,1.862645149230957e-9,0.016662240028381349,0.7233129739761353,0.6865575313568115,0.07387273013591767,-0.6867865920066834,0.72638338804245,-0.026293689385056497,-0.07171209156513214,-0.03171619772911072,0.9969210624694824],"EasingStyle":"Linear","EasingDirection":"In"},"Left Arm":{"Weight":1,"CFrame":[0.0122378533706069,-0.0019175559282302857,0.013414144515991211,0.9950660467147827,0.08840391039848328,0.045037586241960528,-0.09913439303636551,0.9042179584503174,0.41540610790252688,-0.004000338725745678,-0.41782134771347048,0.9085204601287842],"EasingStyle":"Linear","EasingDirection":"In"},"Torso":{"Weight":1,"CFrame":[0.007888153195381165,0.030404601246118547,-0.01740407943725586,0.9415704607963562,0.33603936433792117,0.02286096289753914,-0.33670151233673098,0.9408499598503113,0.03786205127835274,-0.008785598911345005,-0.043347109109163287,0.9990214705467224],"EasingStyle":"Linear","EasingDirection":"In"},"HumanoidRootPart":{"Weight":0,"CFrame":[0,0,0,1,0,0,0,1,0,0,0,1],"EasingStyle":"Linear","EasingDirection":"In"},"Right Leg":{"Weight":1,"CFrame":[0.20235323905944825,-0.007106900215148926,0.2008402943611145,0.9869320392608643,0.06644532829523087,-0.14679962396621705,-0.06827469915151596,0.9976387619972229,-0.007452371530234814,0.14595794677734376,0.01737762615084648,0.9891381859779358],"EasingStyle":"Linear","EasingDirection":"In"}}},{"Time":0.03333333507180214,"poses":{"Left Leg":{"Weight":1,"CFrame":[-0.46864813566207888,0.46551018953323367,0.42045873403549197,0.8239803910255432,-0.20995064079761506,0.5262861847877502,0.24427971243858338,0.9696949124336243,0.004382380284368992,-0.5112570524215698,0.12495004385709763,0.8502962589263916],"EasingStyle":"Linear","EasingDirection":"In"},"Right Arm":{"Weight":1,"CFrame":[0.047844722867012027,0.37805330753326418,0.013921618461608887,-0.9950436949729919,-0.08262798190116883,-0.055324018001556399,0.06405770778656006,-0.9581722617149353,0.27893146872520449,-0.07605744898319245,0.2740047872066498,0.9587161540985107],"EasingStyle":"Linear","EasingDirection":"In"},"Head":{"Weight":1,"CFrame":[8.195638656616211e-8,2.514570951461792e-8,0.016662567853927614,0.7152455449104309,0.6952523589134216,0.0710485652089119,-0.6954846382141113,0.7180889248847961,-0.025486264377832414,-0.06873860955238342,-0.03118421509861946,0.997147262096405],"EasingStyle":"Linear","EasingDirection":"In"},"Left Arm":{"Weight":1,"CFrame":[0.015790555626153947,-0.0007873177528381348,0.02570396661758423,0.9971093535423279,0.0671394094824791,0.035572733730077746,-0.07580166310071945,0.9111466407775879,0.4050503075122833,-0.005217147525399923,-0.4065762758255005,0.9136021137237549],"EasingStyle":"Linear","EasingDirection":"In"},"Torso":{"Weight":1,"CFrame":[-0.010274644009768963,0.02854025550186634,-0.004669904708862305,0.9415294528007507,0.33597004413604739,0.025426801294088365,-0.3367493450641632,0.9408155083656311,0.038289450109004977,-0.011057822965085507,-0.044613104313611987,0.9989431500434876],"EasingStyle":"Linear","EasingDirection":"In"},"HumanoidRootPart":{"Weight":0,"CFrame":[0,0,0,1,0,0,0,1,0,0,0,1],"EasingStyle":"Linear","EasingDirection":"In"},"Right Leg":{"Weight":1,"CFrame":[0.22521387040615083,-0.02971869707107544,0.20218795537948609,0.9854285717010498,0.08496051281690598,-0.1473514288663864,-0.08848772943019867,0.9959229230880737,-0.017537256702780725,0.14526072144508363,0.030320461839437486,0.9889287352561951],"EasingStyle":"Linear","EasingDirection":"In"}}},{"Time":0.05000000074505806,"poses":{"Left Leg":{"Weight":1,"CFrame":[-0.4162963032722473,0.4882725179195404,0.45332443714141848,0.836349368095398,-0.15018539130687715,0.5272230505943298,0.18662896752357484,0.9822962284088135,-0.016236890107393266,-0.515450656414032,0.11197483539581299,0.8495718240737915],"EasingStyle":"Linear","EasingDirection":"In"},"Right Arm":{"Weight":1,"CFrame":[0.0003486424684524536,0.40041524171829226,0.012306541204452515,-0.9945168495178223,-0.10111815482378006,0.026674777269363405,0.1045396700501442,-0.9544233083724976,0.27954915165901186,-0.0028084779623895885,0.280804842710495,0.959760844707489],"EasingStyle":"Linear","EasingDirection":"In"},"Head":{"Weight":1,"CFrame":[8.195638656616211e-8,-1.862645149230957e-8,0.016662627458572389,0.7040294408798218,0.7070333957672119,0.06668078154325485,-0.7072411179542542,0.7065475583076477,-0.02450813725590706,-0.06444122642278671,-0.02990492805838585,0.997473418712616],"EasingStyle":"Linear","EasingDirection":"In"},"Left Arm":{"Weight":1,"CFrame":[0.020801514387130739,0.0007956027984619141,0.043113887310028079,0.9990682601928711,0.036784835159778598,0.022575240582227708,-0.04267257824540138,0.9202560782432556,0.38898277282714846,-0.006466322112828493,-0.3895839750766754,0.9209684133529663],"EasingStyle":"Linear","EasingDirection":"In"},"Torso":{"Weight":1,"CFrame":[-0.017844870686531068,0.02528424561023712,0.013315439224243164,0.9414576292037964,0.3358387053012848,0.029494820162653924,-0.33681026101112368,0.9407721161842346,0.03881717473268509,-0.014711595140397549,-0.04647888243198395,0.9988109469413757],"EasingStyle":"Linear","EasingDirection":"In"},"HumanoidRootPart":{"Weight":0,"CFrame":[0,0,0,1,0,0,0,1,0,0,0,1],"EasingStyle":"Linear","EasingDirection":"In"},"Right Leg":{"Weight":1,"CFrame":[0.24940630793571473,-0.05752521753311157,0.20248627662658692,0.9835538864135742,0.10401784628629685,-0.14765509963035584,-0.10866941511631012,0.9937937259674072,-0.023770738393068315,0.14426623284816743,0.03942537680268288,0.9887532591819763],"EasingStyle":"Linear","EasingDirection":"In"}}},{"Time":0.06666667014360428,"poses":{"Left Leg":{"Weight":1,"CFrame":[-0.3602164387702942,0.4992666244506836,0.4790438413619995,0.8450206518173218,-0.08515142649412155,0.5279103517532349,0.12275511771440506,0.9917647242546082,-0.036522276699543,-0.5204529762268066,0.09566571563482285,0.8485144972801209],"EasingStyle":"Linear","EasingDirection":"In"},"Right Arm":{"Weight":1,"CFrame":[-0.04731186479330063,0.4323927164077759,0.010824322700500489,-0.9850361347198486,-0.12238313257694245,0.1213517114520073,0.15192022919654847,-0.9490653872489929,0.276034951210022,0.08138871937990189,0.2903401553630829,0.9534561038017273],"EasingStyle":"Linear","EasingDirection":"In"},"Head":{"Weight":1,"CFrame":[9.12696123123169e-8,-3.632158041000366e-8,0.01666271686553955,0.6915610432624817,0.7197350859642029,0.0610307976603508,-0.7198739647865295,0.6937012076377869,-0.023665808141231538,-0.05937022715806961,-0.027568187564611436,0.9978553056716919],"EasingStyle":"Linear","EasingDirection":"In"},"Left Arm":{"Weight":1,"CFrame":[0.026529664173722268,0.0025895237922668459,0.06312918663024903,0.9999641180038452,0.0016167241847142578,0.008326087146997452,-0.004569642711430788,0.9296978712081909,0.36829468607902529,-0.007145332172513008,-0.36831969022750857,0.9296718835830689],"EasingStyle":"Linear","EasingDirection":"In"},"Torso":{"Weight":1,"CFrame":[-0.012549914419651032,0.020514853298664094,0.033899545669555667,0.9413470029830933,0.3356311619281769,0.03489421308040619,-0.3368682861328125,0.9407315254211426,0.03929420933127403,-0.01963772252202034,-0.048744238913059238,0.9986182451248169],"EasingStyle":"Linear","EasingDirection":"In"},"HumanoidRootPart":{"Weight":0,"CFrame":[0,0,0,1,0,0,0,1,0,0,0,1],"EasingStyle":"Linear","EasingDirection":"In"},"Right Leg":{"Weight":1,"CFrame":[0.26869997382164,-0.08615732192993164,0.2013084590435028,0.9817750453948975,0.1196516826748848,-0.14765258133411408,-0.12467589229345322,0.9918769598007202,-0.02522045373916626,0.14343568682670594,0.04316946491599083,0.9887176752090454],"EasingStyle":"Linear","EasingDirection":"In"}}},{"Time":0.0833333358168602,"poses":{"Left Leg":{"Weight":1,"CFrame":[-0.3172367513179779,0.502427875995636,0.4781624674797058,0.8486409187316895,-0.03264518827199936,0.527961015701294,0.06092476472258568,0.9974838495254517,-0.03625311702489853,-0.5254489779472351,0.06293177604675293,0.8484945297241211],"EasingStyle":"Linear","EasingDirection":"In"},"Right Arm":{"Weight":1,"CFrame":[-0.08426515758037567,0.47434699535369875,0.009874969720840454,-0.9658175706863403,-0.1438305824995041,0.21566006541252137,0.2001442164182663,-0.9424654245376587,0.2677706778049469,0.16473855078220368,0.30178070068359377,0.9390366077423096],"EasingStyle":"Linear","EasingDirection":"In"},"Head":{"Weight":1,"CFrame":[6.146728992462158e-8,-3.5390257835388186e-8,0.016662240028381349,0.6798794269561768,0.73130863904953,0.054328735917806628,-0.7313291430473328,0.6816274523735046,-0.02327442541718483,-0.05405273288488388,-0.023908451199531556,0.9982519149780273],"EasingStyle":"Linear","EasingDirection":"In"},"Left Arm":{"Weight":1,"CFrame":[0.03224187716841698,0.0043711066246032719,0.08323156833648682,0.9994127154350281,-0.03388923034071922,-0.005081748589873314,0.03356565907597542,0.9382272362709045,0.344387948513031,-0.006903244648128748,-0.3443564176559448,0.9388137459754944],"EasingStyle":"Linear","EasingDirection":"In"},"Torso":{"Weight":1,"CFrame":[-0.004774183034896851,0.014110581018030644,0.05442643538117409,0.9411867260932922,0.3353344202041626,0.04145383462309837,-0.3369061052799225,0.9407064318656921,0.03956979140639305,-0.02572677470743656,-0.05120861157774925,0.9983565807342529],"EasingStyle":"Linear","EasingDirection":"In"},"HumanoidRootPart":{"Weight":0,"CFrame":[0,0,0,1,0,0,0,1,0,0,0,1],"EasingStyle":"Linear","EasingDirection":"In"},"Right Leg":{"Weight":1,"CFrame":[0.2787138521671295,-0.114967942237854,0.1988549828529358,0.9802982211112976,0.13118289411067964,-0.14767052233219148,-0.136587455868721,0.9902592897415161,-0.02702835015952587,0.1426866054534912,0.0466657318174839,0.9886673092842102],"EasingStyle":"Linear","EasingDirection":"In"}}},{"Time":0.10000000149011612,"poses":{"Left Leg":{"Weight":1,"CFrame":[-0.24912285804748536,0.4635762572288513,0.47185206413269045,0.8280385732650757,0.010679153725504876,0.5605693459510803,0.009350995533168316,0.9994165301322937,-0.032852206379175189,-0.5605930685997009,0.03244477137923241,0.8274556994438171],"EasingStyle":"Linear","EasingDirection":"In"},"Right Arm":{"Weight":1,"CFrame":[-0.09965959191322327,0.5266150236129761,0.009807229042053223,-0.9407926797866821,-0.16339345276355744,0.2970048189163208,0.24339184165000916,-0.9354390501976013,0.25634801387786868,0.23594433069229127,0.31345877051353457,0.9198228120803833],"EasingStyle":"Linear","EasingDirection":"In"},"Head":{"Weight":1,"CFrame":[8.568167686462403e-8,-2.421438694000244e-8,0.01666259765625,0.6711692214012146,0.7398271560668945,0.04677288979291916,-0.7396857738494873,0.6725365519523621,-0.02365553006529808,-0.048957459628582,-0.018720369786024095,0.9986253976821899],"EasingStyle":"Linear","EasingDirection":"In"},"Left Arm":{"Weight":1,"CFrame":[0.03721165657043457,0.005943387746810913,0.10089880228042603,0.9977520108222961,-0.06510616838932038,-0.01588168740272522,0.06676772236824036,0.9453983902931213,0.3190046548843384,-0.005754712503403425,-0.3193482756614685,0.947620153427124],"EasingStyle":"Linear","EasingDirection":"In"},"Torso":{"Weight":1,"CFrame":[0.0050697787664830688,0.005950176157057285,0.07224203646183014,0.9409652948379517,0.33493760228157046,0.0490020252764225,-0.3369036018848419,0.9407105445861816,0.03949346765875816,-0.032868869602680209,-0.05367093160748482,0.9980176687240601],"EasingStyle":"Linear","EasingDirection":"In"},"HumanoidRootPart":{"Weight":0,"CFrame":[0,0,0,1,0,0,0,1,0,0,0,1],"EasingStyle":"Linear","EasingDirection":"In"},"Right Leg":{"Weight":1,"CFrame":[0.27395540475845339,-0.14014238119125367,0.19488656520843507,0.9797014594078064,0.13548831641674043,-0.1477431356906891,-0.14129899442195893,0.9895267486572266,-0.02952059917151928,0.1421961933374405,0.04979727789759636,0.9885851740837097],"EasingStyle":"Linear","EasingDirection":"In"}}},{"Time":0.11666666716337204,"poses":{"Left Leg":{"Weight":1,"CFrame":[-0.18119552731513978,0.3840387463569641,0.4492571949958801,0.8052427768707275,0.033665500581264499,0.5919888019561768,-0.028935685753822328,0.9994285106658936,-0.01747671328485012,-0.5922388434410095,-0.0030565361957997085,0.8057567477226257],"EasingStyle":"Linear","EasingDirection":"In"},"Right Arm":{"Weight":1,"CFrame":[-0.09232810139656067,0.5828994512557983,0.04720064997673035,-0.9176127910614014,-0.17974285781383515,0.35451269149780276,0.27672678232192995,-0.929142951965332,0.24518494307994843,0.28532272577285769,0.32308799028396609,0.90233314037323],"EasingStyle":"Linear","EasingDirection":"In"},"Head":{"Weight":1,"CFrame":[6.332993507385254e-8,-3.4458935260772708e-8,0.016662240028381349,0.6677007675170898,0.7434313297271729,0.03854385390877724,-0.7431010603904724,0.6687071323394775,-0.02513308823108673,-0.0444592647254467,-0.011860686354339123,0.9989408254623413],"EasingStyle":"Linear","EasingDirection":"In"},"Left Arm":{"Weight":1,"CFrame":[0.04071658104658127,0.007129043340682983,0.1136062741279602,0.9959189295768738,-0.08735283464193344,-0.022694071754813196,0.09015950560569763,0.9515025019645691,0.2941330373287201,-0.0040999348275363449,-0.29497891664505007,0.9554951190948486],"EasingStyle":"Linear","EasingDirection":"In"},"Torso":{"Weight":1,"CFrame":[0.016569169238209726,-0.0040871864184737209,0.08469250053167343,0.9406716227531433,0.33443382382392886,0.05736672505736351,-0.3368378281593323,0.9407581686973572,0.038915302604436877,-0.0409536175429821,-0.055929794907569888,0.9975945353507996],"EasingStyle":"Linear","EasingDirection":"In"},"HumanoidRootPart":{"Weight":0,"CFrame":[0,0,0,1,0,0,0,1,0,0,0,1],"EasingStyle":"Linear","EasingDirection":"In"},"Right Leg":{"Weight":1,"CFrame":[0.24662455916404725,-0.15770983695983888,0.18878576159477235,0.9806554317474365,0.12821410596370698,-0.14790572226047517,-0.13445445895195008,0.990371823310852,-0.03295204043388367,0.14225687086582185,0.05220111459493637,0.9884523749351502],"EasingStyle":"Linear","EasingDirection":"In"}}},{"Time":0.13333334028720857,"poses":{"Left Leg":{"Weight":1,"CFrame":[-0.1367654800415039,0.29426735639572146,0.3997492790222168,0.8062700033187866,0.03477838262915611,0.5905244946479797,-0.05967605859041214,0.997959554195404,0.022704480215907098,-0.5885299444198608,-0.05354609340429306,0.8067002892494202],"EasingStyle":"Linear","EasingDirection":"In"},"Right Arm":{"Weight":1,"CFrame":[-0.08467501401901245,0.6104750037193298,0.08438879251480103,-0.905265748500824,-0.19210082292556764,0.3789345324039459,0.2961007356643677,-0.9249014258384705,0.23849910497665406,0.3046611547470093,0.3281078338623047,0.894162654876709],"EasingStyle":"Linear","EasingDirection":"In"},"Head":{"Weight":1,"CFrame":[8.754432201385498e-8,2.2351741790771486e-8,0.016661912202835084,0.6676710247993469,0.7437323331832886,0.0328279472887516,-0.7430093884468079,0.6684731841087341,-0.03287474811077118,-0.04639465734362602,-0.0024419554974883796,0.9989202618598938],"EasingStyle":"Linear","EasingDirection":"In"},"Left Arm":{"Weight":1,"CFrame":[0.04203620180487633,0.0077651143074035648,0.11883026361465454,0.9950852990150452,-0.09595023095607758,-0.024474389851093293,0.0989869087934494,0.9572397470474243,0.271834135055542,-0.0026547505985945465,-0.2729208767414093,0.9620329141616821],"EasingStyle":"Linear","EasingDirection":"In"},"Torso":{"Weight":1,"CFrame":[0.02931089699268341,-0.016121789813041688,0.0891263484954834,0.9402968883514404,0.3338204622268677,0.06637556105852127,-0.3366820514202118,0.9408639669418335,0.03768602013587952,-0.04987001046538353,-0.05778350308537483,0.9970827698707581],"EasingStyle":"Linear","EasingDirection":"In"},"HumanoidRootPart":{"Weight":0,"CFrame":[0,0,0,1,0,0,0,1,0,0,0,1],"EasingStyle":"Linear","EasingDirection":"In"},"Right Leg":{"Weight":1,"CFrame":[0.21444831788539887,-0.16761726140975953,0.1829325258731842,0.9818513989448547,0.11838618665933609,-0.1481640785932541,-0.12514986097812653,0.9914418458938599,-0.03715786710381508,0.1424972116947174,0.05502616986632347,0.9882645606994629],"EasingStyle":"Linear","EasingDirection":"In"}}},{"Time":0.15000000596046449,"poses":{"Left Leg":{"Weight":1,"CFrame":[-0.0753958523273468,0.2060636281967163,0.3430430591106415,0.8107474446296692,0.046637311577796939,0.583535373210907,-0.09850744903087616,0.9934759736061096,0.05746280774474144,-0.5770484209060669,-0.10407038033008576,0.810052216053009],"EasingStyle":"Linear","EasingDirection":"In"},"Right Arm":{"Weight":1,"CFrame":[-0.08539098501205445,0.5976008772850037,0.08333519101142883,-0.9020810127258301,-0.2007603645324707,0.38202762603759768,0.30471184849739077,-0.923154354095459,0.23438605666160584,0.30561500787734988,0.3278436064720154,0.8939341306686401],"EasingStyle":"Linear","EasingDirection":"In"},"Head":{"Weight":1,"CFrame":[7.264316082000733e-8,3.725290298461914e-9,0.016662240028381349,0.6631531715393066,0.7478623986244202,0.030490782111883165,-0.7465035915374756,0.6638110280036926,-0.04568811133503914,-0.05440855398774147,0.007536714896559715,0.9984903335571289],"EasingStyle":"Linear","EasingDirection":"In"},"Left Arm":{"Weight":1,"CFrame":[0.04130137711763382,0.004026681184768677,0.11377018690109253,0.9958937168121338,-0.08771538734436035,-0.022402597591280938,0.09052880108356476,0.9631457328796387,0.2532880902290344,-0.0006402519065886736,-0.25427621603012087,0.9671315550804138],"EasingStyle":"Linear","EasingDirection":"In"},"Torso":{"Weight":1,"CFrame":[0.042138293385505679,-0.033664703369140628,0.07826710492372513,0.9419116973876953,0.32739052176475527,0.07495221495628357,-0.3303886651992798,0.9433180689811707,0.031534094363451007,-0.060379818081855777,-0.054465681314468387,0.9966884851455689],"EasingStyle":"Linear","EasingDirection":"In"},"HumanoidRootPart":{"Weight":0,"CFrame":[0,0,0,1,0,0,0,1,0,0,0,1],"EasingStyle":"Linear","EasingDirection":"In"},"Right Leg":{"Weight":1,"CFrame":[0.22398746013641358,-0.1692696213722229,0.18581944704055787,0.9795528054237366,0.12869001924991609,-0.1546458899974823,-0.13677972555160523,0.989675760269165,-0.04281720146536827,0.1475391983985901,0.06309405714273453,0.9870417714118958],"EasingStyle":"Linear","EasingDirection":"In"}}},{"Time":0.1666666716337204,"poses":{"Left Leg":{"Weight":1,"CFrame":[-0.019221365451812745,0.13897478580474854,0.29310154914855959,0.8193130493164063,0.070468470454216,0.5689992904663086,-0.14136894047260285,0.9866070747375488,0.08137213438749314,-0.5556446313858032,-0.14710810780525208,0.8183022141456604],"EasingStyle":"Linear","EasingDirection":"In"},"Right Arm":{"Weight":1,"CFrame":[-0.08667296171188355,0.5642163753509522,0.08042243123054505,-0.9004664421081543,-0.20737138390541078,0.3823052644729614,0.3087734580039978,-0.9238589406013489,0.2261495292186737,0.3062991797924042,0.3216857612133026,0.8959347605705261],"EasingStyle":"Linear","EasingDirection":"In"},"Head":{"Weight":1,"CFrame":[1.0151416063308716e-7,1.6763806343078614e-8,0.016662150621414186,0.6513921618461609,0.7581897377967835,0.02892649918794632,-0.7561196684837341,0.651836097240448,-0.058249130845069888,-0.06301920861005783,0.016071155667304994,0.9978829026222229],"EasingStyle":"Linear","EasingDirection":"In"},"Left Arm":{"Weight":1,"CFrame":[0.038884613662958148,-0.0068527162075042728,0.09955888986587525,0.9977667927742004,-0.0641830712556839,-0.01849190704524517,0.06673843413591385,0.9692517518997192,0.2368481308221817,0.0027217271272093059,-0.23755371570587159,0.9713707566261292],"EasingStyle":"Linear","EasingDirection":"In"},"Torso":{"Weight":1,"CFrame":[0.05411301925778389,-0.05855437368154526,0.05089592933654785,0.9465509653091431,0.3118819296360016,0.08228575438261032,-0.31431978940963747,0.9491422772407532,0.018221434205770494,-0.07241795212030411,-0.04311155527830124,0.9964421987533569],"EasingStyle":"Linear","EasingDirection":"In"},"HumanoidRootPart":{"Weight":0,"CFrame":[0,0,0,1,0,0,0,1,0,0,0,1],"EasingStyle":"Linear","EasingDirection":"In"},"Right Leg":{"Weight":1,"CFrame":[0.2710832357406616,-0.16214072704315186,0.19937187433242799,0.9728397727012634,0.1562209278345108,-0.17081502079963685,-0.16691799461841584,0.9846983551979065,-0.050077084451913837,0.1603783369064331,0.0772290751338005,0.9840297102928162],"EasingStyle":"Linear","EasingDirection":"In"}}},{"Time":0.18333333730697633,"poses":{"Left Leg":{"Weight":1,"CFrame":[-0.006979137659072876,0.1115419864654541,0.2733803689479828,0.8304370045661926,0.08644193410873413,0.5503655076026917,-0.16490253806114198,0.9817607998847961,0.09462045878171921,-0.5321480631828308,-0.16933298110961915,0.8295449614524841],"EasingStyle":"Linear","EasingDirection":"In"},"Right Arm":{"Weight":1,"CFrame":[-0.08831040561199188,0.5185031890869141,0.07622647285461426,-0.8997009992599487,-0.21323300898075105,0.3808804154396057,0.30895450711250307,-0.9274759888648987,0.21055981516838075,0.30835917592048647,0.3071155846118927,0.9003303647041321],"EasingStyle":"Linear","EasingDirection":"In"},"Head":{"Weight":1,"CFrame":[2.9802322387695315e-8,-3.725290298461914e-8,0.01666197180747986,0.6352691054344177,0.7718314528465271,0.026637809351086618,-0.7690163850784302,0.6353720426559448,-0.07011550664901734,-0.0710422694683075,0.02405717968940735,0.9971831440925598],"EasingStyle":"Linear","EasingDirection":"In"},"Left Arm":{"Weight":1,"CFrame":[0.03443075716495514,-0.023464113473892213,0.07957273721694946,0.9995308518409729,-0.027712451294064523,-0.013045338913798333,0.029906153678894044,0.9749974608421326,0.2201944887638092,0.006617029197514057,-0.22048141062259675,0.9753687381744385],"EasingStyle":"Linear","EasingDirection":"In"},"Torso":{"Weight":1,"CFrame":[0.06515655666589737,-0.088455431163311,0.01343799103051424,0.9526378512382507,0.2909112572669983,0.08861052244901657,-0.29210978746414187,0.9563846588134766,0.0005841312231495976,-0.08457579463720322,-0.026440460234880449,0.9960662722587586],"EasingStyle":"Linear","EasingDirection":"In"},"HumanoidRootPart":{"Weight":0,"CFrame":[0,0,0,1,0,0,0,1,0,0,0,1],"EasingStyle":"Linear","EasingDirection":"In"},"Right Leg":{"Weight":1,"CFrame":[0.32688993215560915,-0.14912432432174684,0.21977537870407105,0.9632410407066345,0.1872168630361557,-0.1926565319299698,-0.20159444212913514,0.9777638912200928,-0.057771794497966769,0.17755678296089173,0.09448656439781189,0.9795641899108887],"EasingStyle":"Linear","EasingDirection":"In"}}},{"Time":0.20000000298023225,"poses":{"Left Leg":{"Weight":1,"CFrame":[-0.07082903385162354,0.14410966634750367,0.2980070114135742,0.8441348075866699,0.0767008438706398,0.5306159853935242,-0.1500852108001709,0.9839490652084351,0.09653384983539581,-0.5146949291229248,-0.16112518310546876,0.8420973420143127],"EasingStyle":"Linear","EasingDirection":"In"},"Right Arm":{"Weight":1,"CFrame":[-0.09009131789207459,0.4686626195907593,0.07132184505462647,-0.8990445137023926,-0.21961846947669984,0.37879645824432375,0.30581173300743105,-0.9340932369232178,0.1842525452375412,0.31336599588394167,0.28149160742759707,0.9069533348083496],"EasingStyle":"Linear","EasingDirection":"In"},"Head":{"Weight":1,"CFrame":[3.5390257835388186e-8,3.725290298461914e-8,0.0166623592376709,0.617801308631897,0.7860122919082642,0.022504674270749093,-0.7825257182121277,0.6173704862594605,-0.08066827058792114,-0.07730002701282501,0.03222646936774254,0.9964869022369385],"EasingStyle":"Linear","EasingDirection":"In"},"Left Arm":{"Weight":1,"CFrame":[0.027583763003349305,-0.04440835118293762,0.05718952417373657,0.9997929930686951,0.019307490438222886,-0.00642191618680954,-0.017623763531446458,0.9794445037841797,0.200942263007164,0.010169615969061852,-0.20078764855861665,0.9795821309089661],"EasingStyle":"Linear","EasingDirection":"In"},"Torso":{"Weight":1,"CFrame":[0.07507038116455078,-0.12107851356267929,-0.0275878943502903,0.9587865471839905,0.2681225836277008,0.09401505440473557,-0.2675771117210388,0.9633569717407227,-0.01859758421778679,-0.09555648267269135,-0.0073251607827842239,0.99539715051651],"EasingStyle":"Linear","EasingDirection":"In"},"HumanoidRootPart":{"Weight":0,"CFrame":[0,0,0,1,0,0,0,1,0,0,0,1],"EasingStyle":"Linear","EasingDirection":"In"},"Right Leg":{"Weight":1,"CFrame":[0.3757127821445465,-0.13304811716079713,0.24332326650619508,0.952446460723877,0.21470262110233308,-0.21621403098106385,-0.23340852558612824,0.9702204465866089,-0.06475148350000382,0.19587305188179017,0.11213847994804383,0.9741964936256409],"EasingStyle":"Linear","EasingDirection":"In"}}},{"Time":0.21666666865348817,"poses":{"Left Leg":{"Weight":1,"CFrame":[-0.14670497179031373,0.20214051008224488,0.32725006341934206,0.8563487529754639,0.06403287500143051,0.5124126076698303,-0.12892647087574006,0.9873700737953186,0.09207775443792343,-0.5000450015068054,-0.14491422474384309,0.8537886142730713],"EasingStyle":"Linear","EasingDirection":"In"},"Right Arm":{"Weight":1,"CFrame":[-0.09180405735969544,0.4229122996330261,0.06627944111824036,-0.8977674841880798,-0.2278260886669159,0.37697339057922366,0.2996809780597687,-0.9431563019752502,0.14369240403175355,0.3228079378604889,0.24197402596473695,0.9150102138519287],"EasingStyle":"Linear","EasingDirection":"In"},"Head":{"Weight":1,"CFrame":[1.0244548320770264e-8,-1.862645149230957e-8,0.016662389039993287,0.6021984219551086,0.7981886267662048,0.015880566090345384,-0.794259250164032,0.6010071039199829,-0.08912201970815659,-0.08068052679300308,0.04105575010180473,0.9958941340446472],"EasingStyle":"Linear","EasingDirection":"In"},"Left Arm":{"Weight":1,"CFrame":[0.017985209822654725,-0.06829428672790528,0.035785794258117679,0.9972289204597473,0.07438953965902329,0.0008353773155249655,-0.07336635142564774,0.9815294742584229,0.1766844093799591,0.01232349593192339,-0.1762562394142151,0.9842671751976013],"EasingStyle":"Linear","EasingDirection":"In"},"Torso":{"Weight":1,"CFrame":[0.08345100283622742,-0.15417391061782838,-0.0654909685254097,0.9639533758163452,0.24723143875598908,0.09833862632513046,-0.24476505815982819,0.9688916802406311,-0.036591868847608569,-0.10432612150907517,0.011202994734048844,0.9944801330566406],"EasingStyle":"Linear","EasingDirection":"In"},"HumanoidRootPart":{"Weight":0,"CFrame":[0,0,0,1,0,0,0,1,0,0,0,1],"EasingStyle":"Linear","EasingDirection":"In"},"Right Leg":{"Weight":1,"CFrame":[0.4109710454940796,-0.1172378659248352,0.2657310664653778,0.9422097206115723,0.2361520677804947,-0.23764055967330934,-0.2590606212615967,0.9633329510688782,-0.06983759254217148,0.21243473887443543,0.12736493349075318,0.9688394665718079],"EasingStyle":"Linear","EasingDirection":"In"}}},{"Time":0.23333333432674409,"poses":{"Left Leg":{"Weight":1,"CFrame":[-0.1873590052127838,0.24271804094314576,0.3389531970024109,0.8645825386047363,0.05989983677864075,0.49890774488449099,-0.11965839564800263,0.9888504147529602,0.08863881975412369,-0.488035649061203,-0.13633406162261964,0.8621103763580322],"EasingStyle":"Linear","EasingDirection":"In"},"Right Arm":{"Weight":1,"CFrame":[-0.09304079413414002,0.38945668935775759,0.06194201111793518,-0.8932051658630371,-0.23166431486606599,0.38537806272506716,0.28706592321395876,-0.9534651041030884,0.09218199551105499,0.346089243888855,0.19296632707118989,0.9181429147720337],"EasingStyle":"Linear","EasingDirection":"In"},"Head":{"Weight":1,"CFrame":[1.1641532182693482e-7,1.4901161193847657e-8,0.016662240028381349,0.5917894244194031,0.8060662150382996,0.006522797048091888,-0.802099347114563,0.5896429419517517,-0.09464623779058457,-0.08013725280761719,0.05077870190143585,0.9954895973205566],"EasingStyle":"Linear","EasingDirection":"In"},"Left Arm":{"Weight":1,"CFrame":[0.00527418777346611,-0.0937240719795227,0.01873636245727539,0.9908242225646973,0.13492374122142793,0.007934595458209515,-0.13464140892028809,0.980221688747406,0.14504188299179078,0.011791936121881009,-0.14477942883968354,0.9893937706947327],"EasingStyle":"Linear","EasingDirection":"In"},"Torso":{"Weight":1,"CFrame":[0.0896921455860138,-0.18553689122200013,-0.09340383857488632,0.9674396514892578,0.2320011705160141,0.10117397457361222,-0.2278786152601242,0.9723675847053528,-0.050721291452646258,-0.1101456880569458,0.02601439505815506,0.9935750365257263],"EasingStyle":"Linear","EasingDirection":"In"},"HumanoidRootPart":{"Weight":0,"CFrame":[0,0,0,1,0,0,0,1,0,0,0,1],"EasingStyle":"Linear","EasingDirection":"In"},"Right Leg":{"Weight":1,"CFrame":[0.4304773211479187,-0.10523146390914917,0.2822248935699463,0.9343053698539734,0.25092458724975588,-0.2531997859477997,-0.2768176198005676,0.9582339525222778,-0.07183139771223068,0.2246004343032837,0.13720262050628663,0.9647436141967773],"EasingStyle":"Linear","EasingDirection":"In"}}},{"Time":0.25,"poses":{"Left Leg":{"Weight":1,"CFrame":[-0.19971713423728944,0.25950735807418826,0.34168481826782229,0.8678581118583679,0.055337004363536838,0.4937205910682678,-0.11293669044971466,0.9897342324256897,0.08758814632892609,-0.48380526900291445,-0.13177324831485749,0.8651984333992004],"EasingStyle":"Linear","EasingDirection":"In"},"Right Arm":{"Weight":1,"CFrame":[-0.09338651597499848,0.37646281719207766,0.06004822254180908,-0.8901386260986328,-0.2280968874692917,0.3944934010505676,0.27497005462646487,-0.9591960906982422,0.06583593040704727,0.363379567861557,0.16707679629325868,0.9165372848510742],"EasingStyle":"Linear","EasingDirection":"In"},"Head":{"Weight":1,"CFrame":[9.42964106798172e-8,-1.4901161193847657e-8,0.016662180423736573,0.5897755026817322,0.8075584173202515,-0.0038108457811176779,-0.8039061427116394,0.586646318435669,-0.0978826954960823,-0.07681041955947876,0.060792356729507449,0.9951907396316528],"EasingStyle":"Linear","EasingDirection":"In"},"Left Arm":{"Weight":1,"CFrame":[-0.010787062346935273,-0.11953112483024597,0.005828797817230225,0.9800165891647339,0.19841378927230836,0.014125977642834187,-0.19878849387168885,0.9743744730949402,0.10524988919496536,0.007119021378457546,-0.1059548407793045,0.9943455457687378],"EasingStyle":"Linear","EasingDirection":"In"},"Torso":{"Weight":1,"CFrame":[0.09306974709033966,-0.2129913568496704,-0.10434961318969727,0.9687280654907227,0.22620312869548798,0.10197075456380844,-0.22117316722869874,0.9734877943992615,-0.05834352970123291,-0.1124647706747055,0.0339658260345459,0.9930750131607056],"EasingStyle":"Linear","EasingDirection":"In"},"HumanoidRootPart":{"Weight":0,"CFrame":[0,0,0,1,0,0,0,1,0,0,0,1],"EasingStyle":"Linear","EasingDirection":"In"},"Right Leg":{"Weight":1,"CFrame":[0.43283891677856448,-0.10048991441726685,0.2878834307193756,0.9305956959724426,0.25847578048706057,-0.25919440388679507,-0.2849063575267792,0.9560303092002869,-0.06953070312738419,0.22982579469680787,0.13855108618736268,0.9633191823959351],"EasingStyle":"Linear","EasingDirection":"In"}}},{"Time":0.2666666805744171,"poses":{"Left Leg":{"Weight":1,"CFrame":[-0.19162949919700623,0.2573965787887573,0.3431659936904907,0.8645011782646179,0.04509345069527626,0.5006038546562195,-0.10269007831811905,0.9908055067062378,0.08808731287717819,-0.4920288622379303,-0.127558633685112,0.861183226108551],"EasingStyle":"Linear","EasingDirection":"In"},"Right Arm":{"Weight":1,"CFrame":[-0.09317895770072937,0.37900441884994509,0.060444146394729617,-0.8915565609931946,-0.2221556454896927,0.394681841135025,0.27073726058006289,-0.9600160717964172,0.07120829820632935,0.36308160424232485,0.1703411191701889,0.9160544276237488],"EasingStyle":"Linear","EasingDirection":"In"},"Head":{"Weight":1,"CFrame":[1.4901161193847657e-8,1.4901161193847657e-8,0.01666244864463806,0.598948061466217,0.8006953597068787,-0.012177307158708573,-0.7975444197654724,0.5950857400894165,-0.09897397458553314,-0.07200147956609726,0.06899219751358032,0.995015561580658],"EasingStyle":"Linear","EasingDirection":"In"},"Left Arm":{"Weight":1,"CFrame":[-0.029948942363262178,-0.1454378068447113,-0.0055876970291137699,0.9647285342216492,0.2625916600227356,0.018564360216259958,-0.26324278116226199,0.9627107381820679,0.06238051503896713,-0.0014914909843355418,-0.06506714224815369,0.9978798031806946],"EasingStyle":"Linear","EasingDirection":"In"},"Torso":{"Weight":1,"CFrame":[0.093580462038517,-0.2376212477684021,-0.10137726366519928,0.9670919179916382,0.23387984931468965,0.10016809403896332,-0.22863705456256867,0.9715911149978638,-0.06112270802259445,-0.1116177886724472,0.03620913624763489,0.9930914044380188],"EasingStyle":"Linear","EasingDirection":"In"},"HumanoidRootPart":{"Weight":0,"CFrame":[0,0,0,1,0,0,0,1,0,0,0,1],"EasingStyle":"Linear","EasingDirection":"In"},"Right Leg":{"Weight":1,"CFrame":[0.42701059579849245,-0.09923970699310303,0.28205054998397829,0.9325132369995117,0.25899893045425417,-0.25167152285575869,-0.28294306993484499,0.9570333957672119,-0.06348562985658646,0.2244153469800949,0.1304098218679428,0.9657282829284668],"EasingStyle":"Linear","EasingDirection":"In"}}},{"Time":0.28333333134651186,"poses":{"Left Leg":{"Weight":1,"CFrame":[-0.16810211539268495,0.24360054731369019,0.3453172445297241,0.8547934293746948,0.03260527923703194,0.5179430246353149,-0.09113620221614838,0.9919459819793701,0.08796316385269165,-0.5109035968780518,-0.12239374220371247,0.8508804440498352],"EasingStyle":"Linear","EasingDirection":"In"},"Right Arm":{"Weight":1,"CFrame":[-0.09294448792934418,0.3858020305633545,0.061560750007629397,-0.8929259777069092,-0.21597126126289369,0.3950185477733612,0.269154816865921,-0.9594395756721497,0.08385428786277771,0.3608863353729248,0.18119683861732484,0.9148381352424622],"EasingStyle":"Linear","EasingDirection":"In"},"Head":{"Weight":1,"CFrame":[1.1827796697616577e-7,-2.60770320892334e-8,0.01666182279586792,0.617137610912323,0.7866416573524475,-0.018333690240979196,-0.7841886281967163,0.612962543964386,-0.09656649827957154,-0.06472533196210861,0.07397186756134033,0.9951577186584473],"EasingStyle":"Linear","EasingDirection":"In"},"Left Arm":{"Weight":1,"CFrame":[-0.051854342222213748,-0.1713450849056244,-0.0158005952835083,0.9455104470252991,0.32492175698280337,0.020881058648228647,-0.3253624439239502,0.9453063607215881,0.023133523762226106,-0.012222431600093842,-0.02866724133491516,0.9995143413543701],"EasingStyle":"Linear","EasingDirection":"In"},"Torso":{"Weight":1,"CFrame":[0.09204711019992829,-0.2610647678375244,-0.08991289138793946,0.9626002907752991,0.25335147976875307,0.09598817676305771,-0.2481662929058075,0.9666815996170044,-0.06277088075876236,-0.10869309306144715,0.036602240055799487,0.993401288986206],"EasingStyle":"Linear","EasingDirection":"In"},"HumanoidRootPart":{"Weight":0,"CFrame":[0,0,0,1,0,0,0,1,0,0,0,1],"EasingStyle":"Linear","EasingDirection":"In"},"Right Leg":{"Weight":1,"CFrame":[0.4172746241092682,-0.09769058227539063,0.2677983045578003,0.939738929271698,0.25089967250823977,-0.23224999010562898,-0.27035456895828249,0.9611550569534302,-0.05558321624994278,0.2092825174331665,0.11502355337142945,0.9710667133331299],"EasingStyle":"Linear","EasingDirection":"In"}}},{"Time":0.30000001192092898,"poses":{"Left Leg":{"Weight":1,"CFrame":[-0.1276591420173645,0.2147219181060791,0.3436918258666992,0.8405184149742127,0.024126363918185235,0.5412454605102539,-0.08422677963972092,0.9926807880401611,0.08654916286468506,-0.5351958274841309,-0.11833352595567703,0.8363986015319824],"EasingStyle":"Linear","EasingDirection":"In"},"Right Arm":{"Weight":1,"CFrame":[-0.09269285202026367,0.39544934034347536,0.06319031119346619,-0.8944174647331238,-0.20972546935081483,0.3950095474720001,0.2696942985057831,-0.9574970006942749,0.10229580849409104,0.35676640272140505,0.19802695512771607,0.9129638671875],"EasingStyle":"Linear","EasingDirection":"In"},"Head":{"Weight":1,"CFrame":[1.0151416063308716e-7,2.9802322387695315e-8,0.016662180423736573,0.6398426294326782,0.7681881785392761,-0.022098777815699579,-0.7663987874984741,0.6356964707374573,-0.09231949597597122,-0.056870684027671817,0.07600647211074829,0.9954842329025269],"EasingStyle":"Linear","EasingDirection":"In"},"Left Arm":{"Weight":1,"CFrame":[-0.0761515349149704,-0.19710147380828858,-0.02509760856628418,0.923553466796875,0.38285306096076968,0.021739888936281205,-0.3828234374523163,0.9238041639328003,-0.005667811259627342,-0.02225331775844097,-0.0030881769489496948,0.999747633934021],"EasingStyle":"Linear","EasingDirection":"In"},"Torso":{"Weight":1,"CFrame":[0.08901296555995941,-0.2819534242153168,-0.06655073165893555,0.9558303952217102,0.27977192401885989,0.09008889645338059,-0.27481019496917727,0.9593870043754578,-0.0636877492070198,-0.10424814373254776,0.036117345094680789,0.9938952922821045],"EasingStyle":"Linear","EasingDirection":"In"},"HumanoidRootPart":{"Weight":0,"CFrame":[0,0,0,1,0,0,0,1,0,0,0,1],"EasingStyle":"Linear","EasingDirection":"In"},"Right Leg":{"Weight":1,"CFrame":[0.39274075627326968,-0.09931838512420654,0.24651753902435304,0.951331377029419,0.2296144962310791,-0.20553766191005708,-0.24388739466667176,0.9686794281005859,-0.04668216407299042,0.1883811503648758,0.09453824162483216,0.9775351881980896],"EasingStyle":"Linear","EasingDirection":"In"}}},{"Time":0.3166666626930237,"poses":{"Left Leg":{"Weight":1,"CFrame":[-0.07022589445114136,0.1710134744644165,0.33303940296173098,0.823921263217926,0.025053277611732484,0.5661501884460449,-0.08744806051254273,0.9926772117614746,0.08333557099103928,-0.559916615486145,-0.11817067861557007,0.8200787901878357],"EasingStyle":"Linear","EasingDirection":"In"},"Right Arm":{"Weight":1,"CFrame":[-0.09243457019329071,0.4065335988998413,0.06512245535850525,-0.8961918354034424,-0.2036181539297104,0.39418259263038638,0.27179640531539919,-0.9541965126991272,0.12504354119300843,0.3506665825843811,0.21920031309127