{"Sequence":[{"Time":0,"poses":{"Left Leg":{"Weight":1,"CFrame":[-0.3030087649822235,0.4216766953468323,0.00039076805114746094,-0.04412856325507164,0.9980930685997009,0.04316095635294914,-0.9988609552383423,-0.04329516366124153,-0.02005666308104992,-0.01814979687333107,-0.043996840715408328,0.9988667964935303],"EasingStyle":"Linear","EasingDirection":"In"},"Right Arm":{"Weight":1,"CFrame":[-0.09026027470827103,-0.10647076368331909,0.03839588165283203,0.8566608428955078,-0.0712420642375946,-0.5109370350837708,0.1514556109905243,0.9815054535865784,0.11708198487758637,0.4931463897228241,-0.17768393456935883,0.8516074419021606],"EasingStyle":"Linear","EasingDirection":"In"},"Left Arm":{"Weight":1,"CFrame":[0.013793595135211945,-0.11058703064918518,0.031159639358520509,0.709344208240509,0.043469835072755817,0.7035204768180847,-0.11745541542768479,0.9914312958717346,0.05716816335916519,-0.6950072050094605,-0.12318427115678787,0.7083718776702881],"EasingStyle":"Linear","EasingDirection":"In"},"Head":{"Weight":1,"CFrame":[8.742278367890322e-8,5.960464477539063e-8,0,0.9395238757133484,-0.03983713686466217,-0.3401585817337036,-0.03776312246918678,0.975105881690979,-0.21850040555000306,0.3403950333595276,0.21813179552555085,0.9146308898925781],"EasingStyle":"Linear","EasingDirection":"In"},"Torso":{"Weight":1,"CFrame":[0,0.7360659241676331,-2.0410733222961427,1,0,-8.742277657347586e-8,-6.986363931815731e-9,0.9968017339706421,-0.07991468906402588,8.714317800695426e-8,0.07991468906402588,0.9968017339706421],"EasingStyle":"Linear","EasingDirection":"In"},"HumanoidRootPart":{"Weight":0,"CFrame":[0,0,0,1,0,0,0,1,0,0,0,1],"EasingStyle":"Linear","EasingDirection":"In"},"Right Leg":{"Weight":1,"CFrame":[0.3547501564025879,0.9916122555732727,-0.05750894546508789,0.2413095384836197,-0.9696836471557617,-0.03851521387696266,0.9539984464645386,0.22975574433803559,0.19261148571968079,-0.1779230833053589,-0.08322242647409439,0.9805189371109009],"EasingStyle":"Linear","EasingDirection":"In"}}},{"Time":0.03333333507180214,"poses":{"Left Leg":{"Weight":1,"CFrame":[-0.31095996499061587,0.37385332584381106,0.025081276893615724,-0.1102241650223732,0.9937217235565186,0.019176620990037919,-0.9927054047584534,-0.10912206768989563,-0.05126730352640152,-0.04885290190577507,-0.024687591940164567,0.9985008239746094],"EasingStyle":"Linear","EasingDirection":"In"},"Right Arm":{"Weight":1,"CFrame":[-0.08546427637338638,-0.16629287600517274,0.0375971794128418,0.85723876953125,-0.03153352066874504,-0.5139525532722473,0.11437097936868668,0.9848509430885315,0.13033753633499146,0.5020567178726196,-0.17051173746585847,0.8478590250015259],"EasingStyle":"Linear","EasingDirection":"In"},"Left Arm":{"Weight":1,"CFrame":[0.007878804579377175,-0.13008499145507813,0.04497933387756348,0.6683659553527832,-0.0076991962268948559,0.7437926530838013,-0.16185908019542695,0.9744800329208374,0.15553225576877595,-0.7260086536407471,-0.2243422120809555,0.6500632762908936],"EasingStyle":"Linear","EasingDirection":"In"},"Head":{"Weight":1,"CFrame":[8.585629984736443e-8,2.9976945370435716e-9,-1.1920928955078126e-7,0.9103797674179077,-0.02011733129620552,-0.41328445076942446,-0.03822735697031021,0.9904564023017883,-0.13241910934448243,0.4120040833950043,0.13635045289993287,0.9009223580360413],"EasingStyle":"Linear","EasingDirection":"In"},"Torso":{"Weight":1,"CFrame":[0.03223004937171936,0.712202250957489,-2.0435354709625246,0.99889075756073,0.003659854643046856,0.046945396810770038,0.0015159284230321646,0.9939587116241455,-0.10974433273077011,-0.0470634400844574,0.10969376564025879,0.9928506016731262],"EasingStyle":"Linear","EasingDirection":"In"},"HumanoidRootPart":{"Weight":0,"CFrame":[0,0,0,1,0,0,0,1,0,0,0,1],"EasingStyle":"Linear","EasingDirection":"In"},"Right Leg":{"Weight":1,"CFrame":[0.33575642108917239,0.960261881351471,-0.00867074728012085,0.21577215194702149,-0.9756776094436646,-0.03867284581065178,0.9707874059677124,0.21009701490402223,0.11589221656322479,-0.10494838654994965,-0.06254947930574417,0.9925086498260498],"EasingStyle":"Linear","EasingDirection":"In"}}},{"Time":0.06666667014360428,"poses":{"Left Leg":{"Weight":1,"CFrame":[-0.341796875,0.28551197052001955,0.06763291358947754,-0.1758277863264084,0.9837525486946106,-0.03627021238207817,-0.9727107882499695,-0.17928428947925569,-0.147278293967247,-0.1513880491256714,0.009384839795529843,0.988429844379425],"EasingStyle":"Linear","EasingDirection":"In"},"Right Arm":{"Weight":1,"CFrame":[-0.08066826313734055,-0.22611451148986817,0.03200709819793701,0.8538371920585632,0.013681476935744286,-0.5203603506088257,0.08257944136857987,0.9834349751472473,0.16135764122009278,0.5139481425285339,-0.1807442158460617,0.8385635018348694],"EasingStyle":"Linear","EasingDirection":"In"},"Left Arm":{"Weight":1,"CFrame":[0.001964007504284382,-0.17509961128234864,0.07055628299713135,0.6283631324768066,-0.07699751853942871,0.7741002440452576,-0.19819629192352296,0.9464056491851807,0.2550187110900879,-0.7522485852241516,-0.3136681616306305,0.5794258117675781],"EasingStyle":"Linear","EasingDirection":"In"},"Head":{"Weight":1,"CFrame":[1.0943040251731873e-7,-4.0745362639427188e-8,-2.980232238769531e-7,0.8761229515075684,0.006024296395480633,-0.4820500314235687,-0.03193948417901993,0.9984503388404846,-0.045571912080049518,0.4810284972190857,0.055323053151369098,0.8749576807022095],"EasingStyle":"Linear","EasingDirection":"In"},"Torso":{"Weight":1,"CFrame":[0.0687246173620224,0.688471794128418,-2.048868179321289,0.9944218993186951,0.01071615144610405,0.10492954403162003,0.004039059858769178,0.9902268648147583,-0.13940738141536714,-0.10539796948432923,0.13905355334281922,0.9846600294113159],"EasingStyle":"Linear","EasingDirection":"In"},"HumanoidRootPart":{"Weight":0,"CFrame":[0,0,0,1,0,0,0,1,0,0,0,1],"EasingStyle":"Linear","EasingDirection":"In"},"Right Leg":{"Weight":1,"CFrame":[0.3219374418258667,0.8948548436164856,0.07465958595275879,0.18807677924633027,-0.9818212389945984,-0.025576762855052949,0.9818072319030762,0.188638836145401,-0.02167765609920025,0.026108430698513986,-0.021034400910139085,0.9994378089904785],"EasingStyle":"Linear","EasingDirection":"In"}}},{"Time":0.10000000149011612,"poses":{"Left Leg":{"Weight":1,"CFrame":[-0.34590256214141848,0.26916462182998659,0.10219788551330567,-0.08661781251430512,0.9949553608894348,-0.05060868710279465,-0.9609631896018982,-0.09684152156114578,-0.25917452573776247,-0.26276811957359316,0.02618398889899254,0.9645036458969116],"EasingStyle":"Linear","EasingDirection":"In"},"Right Arm":{"Weight":1,"CFrame":[-0.08585931360721588,-0.1613638997077942,0.008039355278015137,0.8495285511016846,0.024338141083717347,-0.5269808769226074,0.12227126955986023,0.9626497030258179,0.24156855046749116,0.5131773352622986,-0.26965394616127016,0.8148225545883179],"EasingStyle":"Linear","EasingDirection":"In"},"Left Arm":{"Weight":1,"CFrame":[0.002078781835734844,-0.22364577651023866,0.08809053897857666,0.629671573638916,-0.0818566158413887,0.7725368142127991,-0.1037614494562149,0.9766615033149719,0.18805809319019319,-0.7699007987976074,-0.198574498295784,0.6064825057983398],"EasingStyle":"Linear","EasingDirection":"In"},"Head":{"Weight":1,"CFrame":[7.939524948596955e-8,-2.9191141948103906e-8,1.1920928955078126e-7,0.8975539207458496,-0.025998951867222787,-0.4401375651359558,0.0021119043231010439,0.9985019564628601,-0.054674867540597919,0.44089964032173159,0.048144105821847919,0.8962642550468445],"EasingStyle":"Linear","EasingDirection":"In"},"Torso":{"Weight":1,"CFrame":[0.017338834702968599,0.7121536731719971,-2.0417215824127199,0.9988688230514526,0.004277567379176617,0.047357890754938129,0.000949511828366667,0.9939526915550232,-0.10980510711669922,-0.04754119738936424,0.10972586274147034,0.9928243160247803],"EasingStyle":"Linear","EasingDirection":"In"},"HumanoidRootPart":{"Weight":0,"CFrame":[0,0,0,1,0,0,0,1,0,0,0,1],"EasingStyle":"Linear","EasingDirection":"In"},"Right Leg":{"Weight":1,"CFrame":[0.341353178024292,0.8583652973175049,0.11194002628326416,0.195819690823555,-0.980620265007019,-0.006210178602486849,0.9770733714103699,0.19564317166805268,-0.0839722603559494,0.08355994522571564,0.010375610552728176,0.9964487552642822],"EasingStyle":"Linear","EasingDirection":"In"}}},{"Time":0.13333334028720857,"poses":{"Left Leg":{"Weight":1,"CFrame":[-0.34314143657684328,0.2804914712905884,0.11361837387084961,-0.007201750762760639,0.9993897080421448,-0.034180495887994769,-0.9527993202209473,-0.01723284274339676,-0.30311137437820437,-0.30351540446281435,0.03038419969379902,0.9523419737815857],"EasingStyle":"Linear","EasingDirection":"In"},"Right Arm":{"Weight":1,"CFrame":[-0.09105044603347779,-0.09661367535591126,-0.011137008666992188,0.8469457030296326,0.017225317656993867,-0.5314003229141235,0.16853997111320496,0.9392310976982117,0.2990638315677643,0.5042591094970703,-0.34285303950309756,0.7925745844841003],"EasingStyle":"Linear","EasingDirection":"In"},"Left Arm":{"Weight":1,"CFrame":[0.002883197506889701,-0.24667587876319886,0.09386682510375977,0.6426905393600464,-0.07321878522634506,0.7626190781593323,-0.019487658515572549,0.9935382604598999,0.11181221157312393,-0.7658779621124268,-0.08672244101762772,0.6371108293533325],"EasingStyle":"Linear","EasingDirection":"In"},"Head":{"Weight":1,"CFrame":[8.712125776355606e-8,-3.13448254019022e-8,1.1920928955078126e-7,0.9257376790046692,-0.05865849554538727,-0.3735891878604889,0.03648219257593155,0.9971416592597961,-0.0661633163690567,0.3764023780822754,0.04762052372097969,0.9252316355705261],"EasingStyle":"Linear","EasingDirection":"In"},"Torso":{"Weight":1,"CFrame":[-0.04286676645278931,0.7360659241676331,-2.039315700531006,0.9994873404502869,-0.0025585549883544447,-0.03191354498267174,1.1980515246534651e-8,0.9968017339706421,-0.07991468906402588,0.03201593831181526,0.07987373322248459,0.9962906837463379],"EasingStyle":"Linear","EasingDirection":"In"},"HumanoidRootPart":{"Weight":0,"CFrame":[0,0,0,1,0,0,0,1,0,0,0,1],"EasingStyle":"Linear","EasingDirection":"In"},"Right Leg":{"Weight":1,"CFrame":[0.356322318315506,0.8525235652923584,0.11571395397186279,0.2055722028017044,-0.9786388278007507,0.0024718514177948238,0.9748215675354004,0.2045459896326065,-0.08879070729017258,0.0863884761929512,0.02066250517964363,0.9960472583770752],"EasingStyle":"Linear","EasingDirection":"In"}}},{"Time":0.1666666716337204,"poses":{"Left Leg":{"Weight":1,"CFrame":[-0.33348068594932558,0.30697548389434817,0.08839130401611328,-0.02243087999522686,0.9995793700218201,-0.018383555114269258,-0.9680448770523071,-0.02630988508462906,-0.24939291179180146,-0.24977172911167146,0.012202026322484017,0.9682278633117676],"EasingStyle":"Linear","EasingDirection":"In"},"Right Arm":{"Weight":1,"CFrame":[-0.08982262760400772,-0.11192953586578369,0.013339996337890625,0.8516655564308167,-0.034233711659908298,-0.5229664444923401,0.15636108815670014,0.9690157771110535,0.19120582938194276,0.5002169609069824,-0.24461506307125092,0.8306301236152649],"EasingStyle":"Linear","EasingDirection":"In"},"Left Arm":{"Weight":1,"CFrame":[0.010284614749252797,-0.15865588188171388,0.06222391128540039,0.6828441023826599,-0.011903354898095131,0.7304670810699463,-0.07769951969385147,0.9930129051208496,0.08881545066833496,-0.726420521736145,-0.11740416288375855,0.677148163318634],"EasingStyle":"Linear","EasingDirection":"In"},"Head":{"Weight":1,"CFrame":[9.42964106798172e-8,5.0684320740401748e-8,0,0.937437891960144,-0.05416141450405121,-0.3439139425754547,0.0037755563389509918,0.9893485903739929,-0.14551657438278199,0.3481321334838867,0.13511426746845246,0.9276573061943054],"EasingStyle":"Linear","EasingDirection":"In"},"Torso":{"Weight":1,"CFrame":[-0.02929183468222618,0.7361023426055908,-2.0399763584136965,0.99971604347229,-0.0015987271908670664,-0.02377440221607685,-0.0003053090476896614,0.9968053102493286,-0.07986918091773987,0.02382614091038704,0.07985375821590424,0.9965217709541321],"EasingStyle":"Linear","EasingDirection":"In"},"HumanoidRootPart":{"Weight":0,"CFrame":[0,0,0,1,0,0,0,1,0,0,0,1],"EasingStyle":"Linear","EasingDirection":"In"},"Right Leg":{"Weight":1,"CFrame":[0.34961584210395815,0.9437920451164246,0.011412501335144043,0.21779143810272218,-0.9757044315338135,-0.02382689155638218,0.9725760221481323,0.2149219512939453,0.0889066606760025,-0.08162563294172287,-0.04253663867712021,0.9957549571990967],"EasingStyle":"Linear","EasingDirection":"In"}}},{"Time":0.20000000298023225,"poses":{"Left Leg":{"Weight":1,"CFrame":[-0.32195138931274416,0.3478184938430786,0.05312347412109375,-0.047326624393463138,0.99887615442276,0.0025821602903306486,-0.9864563345909119,-0.04633142054080963,-0.15734434127807618,-0.15704794228076936,-0.009993769228458405,0.9875404238700867],"EasingStyle":"Linear","EasingDirection":"In"},"Right Arm":{"Weight":1,"CFrame":[-0.08705735951662064,-0.146421879529953,0.03781723976135254,0.8581920862197876,-0.07173299789428711,-0.5082919597625732,0.1323562115430832,0.9876289963722229,0.08408823609352112,0.4959719479084015,-0.13943953812122346,0.8570696711540222],"EasingStyle":"Linear","EasingDirection":"In"},"Left Arm":{"Weight":1,"CFrame":[0.016996469348669053,-0.07063597440719605,0.030581116676330568,0.7071968913078308,0.043029122054576877,0.705706000328064,-0.14424073696136475,0.9859341382980347,0.08442988991737366,-0.6921467781066895,-0.16150029003620149,0.7034562230110169],"EasingStyle":"Linear","EasingDirection":"In"},"Head":{"Weight":1,"CFrame":[8.99460772529892e-8,1.5781097317812965e-8,0,0.9395238757133484,-0.03983715921640396,-0.3401585817337036,-0.037763118743896487,0.975105881690979,-0.21850042045116425,0.34039506316185,0.21813182532787324,0.9146308898925781],"EasingStyle":"Linear","EasingDirection":"In"},"Torso":{"Weight":1,"CFrame":[0.003232920542359352,0.7360659241676331,-2.040674924850464,0.9999673366546631,0.0006456775590777397,0.008053657598793507,-6.986363931815731e-9,0.9968017339706421,-0.07991468906402588,-0.008079498074948788,0.07991208136081696,0.9967691898345947],"EasingStyle":"Linear","EasingDirection":"In"},"HumanoidRootPart":{"Weight":0,"CFrame":[0,0,0,1,0,0,0,1,0,0,0,1],"EasingStyle":"Linear","EasingDirection":"In"},"Right Leg":{"Weight":1,"CFrame":[0.353931725025177,1.0024558305740357,-0.07744890451431275,0.24242492020130158,-0.9692809581756592,-0.04152898117899895,0.9482279419898987,0.22767233848571778,0.22142504155635835,-0.2051679790019989,-0.09305788576602936,0.9742926955223084],"EasingStyle":"Linear","EasingDirection":"In"}}},{"Time":0.23333333432674409,"poses":{"Left Leg":{"Weight":1,"CFrame":[-0.3250338137149811,0.33501607179641726,0.05180525779724121,-0.09037578105926514,0.9958877563476563,-0.006311691831797361,-0.9859926700592041,-0.09036625176668167,-0.1401870846748352,-0.14018096029758454,-0.006446228828281164,0.9901049137115479],"EasingStyle":"Linear","EasingDirection":"In"},"Right Arm":{"Weight":1,"CFrame":[-0.08403432369232178,-0.18412840366363526,0.03760206699371338,0.8582990765571594,-0.053068384528160098,-0.5103983283042908,0.11602911353111267,0.98894864320755,0.09229200333356857,0.4998599588871002,-0.1384352147579193,0.854971170425415],"EasingStyle":"Linear","EasingDirection":"In"},"Left Arm":{"Weight":1,"CFrame":[0.01309914793819189,-0.0879393219947815,0.037429213523864749,0.686957597732544,0.013973419554531575,0.7265630960464478,-0.16916202008724214,0.97542405128479,0.14118118584156037,-0.7067343592643738,-0.2198924422264099,0.6724388003349304],"EasingStyle":"Linear","EasingDirection":"In"},"Head":{"Weight":1,"CFrame":[9.295763447880745e-8,-6.351910997182131e-8,-1.7881393432617188e-7,0.9103667140007019,-0.02625088393688202,-0.4129689633846283,-0.040341075509786609,0.9876018166542053,-0.15170778334140778,0.4118313789367676,0.15476930141448975,0.8980208039283752],"EasingStyle":"Linear","EasingDirection":"In"},"Torso":{"Weight":1,"CFrame":[0.03080480545759201,0.7236661314964294,-2.0427603721618654,0.9992557168006897,0.0023164646700024606,0.0385059230029583,0.0013691444182768465,0.9954366683959961,-0.0954144150018692,-0.03855122998356819,0.09539611637592316,0.9946926236152649],"EasingStyle":"Linear","EasingDirection":"In"},"HumanoidRootPart":{"Weight":0,"CFrame":[0,0,0,1,0,0,0,1,0,0,0,1],"EasingStyle":"Linear","EasingDirection":"In"},"Right Leg":{"Weight":1,"CFrame":[0.348320871591568,0.981837272644043,-0.03862184286117554,0.23743776977062226,-0.9705201983451843,-0.04139921814203262,0.9600512981414795,0.22795364260673524,0.16229185461997987,-0.14807039499282838,-0.07827958464622498,0.9858739376068115],"EasingStyle":"Linear","EasingDirection":"In"}}},{"Time":0.2666666805744171,"poses":{"Left Leg":{"Weight":1,"CFrame":[-0.3520629405975342,0.2558661699295044,0.08538651466369629,-0.14355963468551637,0.9879871010780335,-0.05720295011997223,-0.9619668126106262,-0.1528855264186859,-0.226375550031662,-0.23240159451961518,0.022528955712914468,0.9723589420318604],"EasingStyle":"Linear","EasingDirection":"In"},"Right Arm":{"Weight":1,"CFrame":[-0.0816415548324585,-0.213975727558136,0.03609573841094971,0.8569767475128174,-0.015433350577950478,-0.5151239633560181,0.08859390020370484,0.9890829920768738,0.11775406450033188,0.5076829791069031,-0.1465492993593216,0.84898841381073],"EasingStyle":"Linear","EasingDirection":"In"},"Left Arm":{"Weight":1,"CFrame":[0.0058613927103579048,-0.12845614552497865,0.053160667419433597,0.6484023332595825,-0.03451843559741974,0.7605149149894714,-0.19870266318321229,0.9566711783409119,0.21283215284347535,-0.7349092960357666,-0.2891172468662262,0.6134489178657532],"EasingStyle":"Linear","EasingDirection":"In"},"Head":{"Weight":1,"CFrame":[7.62520357966423e-8,5.448237061500549e-8,1.1920928955078126e-7,0.8761229515075684,0.006024319678544998,-0.48205000162124636,-0.03193947672843933,0.9984503388404846,-0.04557187482714653,0.4810284972190857,0.05532299727201462,0.8749577403068543],"EasingStyle":"Linear","EasingDirection":"In"},"Torso":{"Weight":1,"CFrame":[0.05142362415790558,0.700763463973999,-2.0461511611938478,0.997650682926178,0.005408476572483778,0.0682920515537262,0.003111768513917923,0.9922719597816467,-0.12404283136129379,-0.0684351697564125,0.12396391481161118,0.9899240136146545],"EasingStyle":"Linear","EasingDirection":"In"},"HumanoidRootPart":{"Weight":0,"CFrame":[0,0,0,1,0,0,0,1,0,0,0,1],"EasingStyle":"Linear","EasingDirection":"In"},"Right Leg":{"Weight":1,"CFrame":[0.3284420967102051,0.947589635848999,0.010128259658813477,0.20808528363704682,-0.9773133993148804,-0.03948445990681648,0.975255012512207,0.20422618091106416,0.08467184007167816,-0.07468708604574204,-0.05612640082836151,0.9956262707710266],"EasingStyle":"Linear","EasingDirection":"In"}}},{"Time":0.30000001192092898,"poses":{"Left Leg":{"Weight":1,"CFrame":[-0.3691282272338867,0.2154008150100708,0.09834778308868408,-0.16785171627998353,0.9821152687072754,-0.08529628068208695,-0.9454455375671387,-0.18488092720508576,-0.2682381570339203,-0.27921062707901,0.035618752241134647,0.9595690965652466],"EasingStyle":"Linear","EasingDirection":"In"},"Right Arm":{"Weight":1,"CFrame":[-0.08066819608211518,-0.226114422082901,0.03200721740722656,0.8538371324539185,0.013681506738066674,-0.5203603506088257,0.08257942646741867,0.9834349751472473,0.1613575667142868,0.5139482617378235,-0.1807442158460617,0.8385635614395142],"EasingStyle":"Linear","EasingDirection":"In"},"Left Arm":{"Weight":1,"CFrame":[0.0019638855010271074,-0.1750994324684143,0.07055652141571045,0.6283630728721619,-0.07699751108884812,0.7741002440452576,-0.19819624722003938,0.9464056491851807,0.25501859188079836,-0.7522486448287964,-0.3136681914329529,0.5794258117675781],"EasingStyle":"Linear","EasingDirection":"In"},"Head":{"Weight":1,"CFrame":[6.542541086673737e-8,-7.869675755500794e-8,1.1920928955078126e-7,0.9322107434272766,0.04065725952386856,-0.35962510108947756,-0.04696594178676605,0.9988575577735901,-0.008818447589874268,0.358855664730072,0.025110766291618348,0.9330552220344544],"EasingStyle":"Linear","EasingDirection":"In"},"Torso":{"Weight":1,"CFrame":[0.06385783851146698,0.688471794128418,-2.0484817028045656,0.9956570267677307,0.00898414384573698,0.09266267716884613,0.004039059858769178,0.9902268648147583,-0.13940736651420594,-0.09300952404737473,0.13917620480060578,0.9858900904655457],"EasingStyle":"Linear","EasingDirection":"In"},"HumanoidRootPart":{"Weight":0,"CFrame":[0,0,0,1,0,0,0,1,0,0,0,1],"EasingStyle":"Linear","EasingDirection":"In"},"Right Leg":{"Weight":1,"CFrame":[0.3207509219646454,0.9039873480796814,0.06397175788879395,0.18853989243507386,-0.9816509485244751,-0.02853388711810112,0.9820242524147034,0.18871866166591645,-0.003683545161038637,0.009000916965305806,-0.02732650749385357,0.9995860457420349],"EasingStyle":"Linear","EasingDirection":"In"}}},{"Time":0.3333333432674408,"poses":{"Left Leg":{"Weight":1,"CFrame":[-0.3487536311149597,0.2622779607772827,0.09272527694702149,-0.12753017246723176,0.9903007745742798,-0.05514032393693924,-0.9625953435897827,-0.13697847723960877,-0.23376719653606416,-0.2390528917312622,0.023265467956662179,0.970727801322937],"EasingStyle":"Linear","EasingDirection":"In"},"Right Arm":{"Weight":1,"CFrame":[-0.0833599716424942,-0.1925399899482727,0.018239498138427736,0.8508244156837463,0.026823269203305246,-0.5247650742530823,0.10663013160228729,0.9691025018692017,0.22241944074630738,0.514517068862915,-0.24519562721252442,0.8216758370399475],"EasingStyle":"Linear","EasingDirection":"In"},"Left Arm":{"Weight":1,"CFrame":[0.0019980082288384439,-0.21321606636047364,0.08363163471221924,0.6286745667457581,-0.09117027372121811,0.7723058462142944,-0.1417410969734192,0.9630358219146729,0.22906629741191865,-0.7646422386169434,-0.25347575545310976,0.5925135612487793],"EasingStyle":"Linear","EasingDirection":"In"},"Head":{"Weight":1,"CFrame":[5.075708031654358e-8,8.498318493366242e-9,1.1920928955078126e-7,0.925737738609314,-0.058658502995967868,-0.3735892176628113,0.03648219257593155,0.9971416592597961,-0.06616330146789551,0.3764023780822754,0.047620512545108798,0.9252315759658814],"EasingStyle":"Linear","EasingDirection":"In"},"Torso":{"Weight":1,"CFrame":[0.041494131088256839,0.7007095813751221,-2.0447165966033937,0.9972677826881409,0.0070151579566299919,0.07353755831718445,0.0021717878989875318,0.992266058921814,-0.12411012500524521,-0.07383948564529419,0.12393074482679367,0.9895397424697876],"EasingStyle":"Linear","EasingDirection":"In"},"HumanoidRootPart":{"Weight":0,"CFrame":[0,0,0,1,0,0,0,1,0,0,0,1],"EasingStyle":"Linear","EasingDirection":"In"},"Right Leg":{"Weight":1,"CFrame":[0.33266377449035647,0.871200680732727,0.09970438480377197,0.1916450560092926,-0.9813681840896606,-0.013737466186285019,0.9793241620063782,0.19213217496871949,-0.06331965327262879,0.0647793561220169,-0.0013185867574065924,0.9978987574577332],"EasingStyle":"Linear","EasingDirection":"In"}}},{"Time":0.36666667461395266,"poses":{"Left Leg":{"Weight":1,"CFrame":[-0.3360527455806732,0.30191081762313845,0.09468328952789307,-0.04958585649728775,0.9983434677124023,-0.02918188087642193,-0.9697767496109009,-0.05511464178562164,-0.2376875877380371,-0.23890219628810883,0.016513952985405923,0.970903217792511],"EasingStyle":"Linear","EasingDirection":"In"},"Right Arm":{"Weight":1,"CFrame":[-0.0883588120341301,-0.13018777966499329,-0.0012426376342773438,0.8487074971199036,0.03029080480337143,-0.5279944539070129,0.13938353955745698,0.950249969959259,0.2785627245903015,0.5101644992828369,-0.31001201272010805,0.8022622466087341],"EasingStyle":"Linear","EasingDirection":"In"},"Left Arm":{"Weight":1,"CFrame":[0.0022363809403032066,-0.23789900541305543,0.091339111328125,0.6311963796615601,-0.08478859812021256,0.7709747552871704,-0.06384151428937912,0.9849546551704407,0.1605881303548813,-0.7729911804199219,-0.1505829244852066,0.6162867546081543],"EasingStyle":"Linear","EasingDirection":"In"},"Head":{"Weight":1,"CFrame":[8.505594450980425e-8,1.6872263586265036e-8,1.1920928955078126e-7,0.9729090332984924,-0.05755764618515968,-0.22390863299369813,-0.0345831960439682,0.9213817715644836,-0.38711708784103396,0.22858691215515138,0.3843732178211212,0.8944301605224609],"EasingStyle":"Linear","EasingDirection":"In"},"Torso":{"Weight":1,"CFrame":[-0.010088253766298294,0.7236443758010864,-2.0397017002105715,0.9999139904975891,0.001028717029839754,0.013074031099677086,0.00022380614245776087,0.9954349994659424,-0.09544166922569275,-0.013112528249621392,0.09543638676404953,0.9953491687774658],"EasingStyle":"Linear","EasingDirection":"In"},"HumanoidRootPart":{"Weight":0,"CFrame":[0,0,0,1,0,0,0,1,0,0,0,1],"EasingStyle":"Linear","EasingDirection":"In"},"Right Leg":{"Weight":1,"CFrame":[0.3486436605453491,0.8552928566932678,0.11404585838317871,0.20039701461791993,-0.9797130823135376,-0.001813662936910987,0.9759925603866577,0.19979643821716309,-0.0867173820734024,0.08532057702541352,0.015607734210789204,0.9962313175201416],"EasingStyle":"Linear","EasingDirection":"In"}}},{"Time":0.4000000059604645,"poses":{"Left Leg":{"Weight":1,"CFrame":[-0.33004558086395266,0.33035844564437868,0.08538544178009033,-0.009963011369109154,0.9999027848243713,-0.009756960906088353,-0.9750266075134277,-0.011879141442477703,-0.22177022695541383,-0.22186455130577088,0.007303793448954821,0.975050151348114],"EasingStyle":"Linear","EasingDirection":"In"},"Right Arm":{"Weight":1,"CFrame":[-0.09105045348405838,-0.09661364555358887,-0.011137127876281739,0.8469457030296326,0.01722528599202633,-0.5314002633094788,0.16853997111320496,0.9392310976982117,0.2990638017654419,0.5042591691017151,-0.3428530693054199,0.7925746440887451],"EasingStyle":"Linear","EasingDirection":"In"},"Left Arm":{"Weight":1,"CFrame":[0.002883258741348982,-0.24667593836784364,0.09386682510375977,0.6426905393600464,-0.07321876287460327,0.7626190781593323,-0.019487660378217698,0.9935382604598999,0.11181223392486572,-0.7658779621124268,-0.08672238886356354,0.6371108293533325],"EasingStyle":"Linear","EasingDirection":"In"},"Head":{"Weight":1,"CFrame":[8.37015150523257e-8,3.378954716026783e-8,1.1920928955078126e-7,0.9967648983001709,-0.001557105453684926,-0.08035730570554733,-0.0490834079682827,0.7799202799797058,-0.6239511966705322,0.06364386528730393,0.6258769035339356,0.7773208022117615],"EasingStyle":"Linear","EasingDirection":"In"},"Torso":{"Weight":1,"CFrame":[-0.047060661017894748,0.7360659241676331,-2.0394060611724855,0.9993376731872559,-0.0029080803506076338,-0.0362732820212841,1.198051613471307e-8,0.9968017339706421,-0.07991468906402588,0.03638966381549835,0.07986176759004593,0.9961414933204651],"EasingStyle":"Linear","EasingDirection":"In"},"HumanoidRootPart":{"Weight":0,"CFrame":[0,0,0,1,0,0,0,1,0,0,0,1],"EasingStyle":"Linear","EasingDirection":"In"},"Right Leg":{"Weight":1,"CFrame":[0.3566010296344757,0.8503627181053162,0.11781597137451172,0.20558205246925355,-0.9786352515220642,0.0030163987539708616,0.9744835495948792,0.2044241577386856,-0.09269583225250244,0.0900988057255745,0.021996019408106805,0.9956899285316467],"EasingStyle":"Linear","EasingDirection":"In"}}},{"Time":0.4333333373069763,"poses":{"Left Leg":{"Weight":1,"CFrame":[-0.31728652119636538,0.3720093369483948,0.04961276054382324,-0.02297154627740383,0.9996410012245178,0.01379082165658474,-0.9901996850967407,-0.02084946818649769,-0.1380937397480011,-0.13775667548179627,-0.01682785525918007,0.9903231263160706],"EasingStyle":"Linear","EasingDirection":"In"},"Right Arm":{"Weight":1,"CFrame":[-0.09095160663127899,-0.09784597158432007,0.013629317283630371,0.8511096835136414,-0.03347387537360191,-0.5239195227622986,0.1655801683664322,0.9641444683074951,0.2073851078748703,0.4981922507286072,-0.2632582187652588,0.8261354565620422],"EasingStyle":"Linear","EasingDirection":"In"},"Left Arm":{"Weight":1,"CFrame":[0.008568119257688523,-0.17863166332244874,0.06251323223114014,0.6823053359985352,-0.013180248439311982,0.7309483885765076,-0.06574247032403946,0.9946802854537964,0.07930316030979157,-0.728105366230011,-0.10216342657804489,0.6778092980384827],"EasingStyle":"Linear","EasingDirection":"In"},"Head":{"Weight":1,"CFrame":[8.083588909357786e-8,-5.8862497098743918e-8,-3.5762786865234377e-7,0.9567781686782837,-0.029146596789360048,-0.28935447335243227,-0.07780884206295014,0.9330366253852844,-0.35126689076423647,0.2802164852619171,0.35859885811805727,0.8904412388801575],"EasingStyle":"Linear","EasingDirection":"In"},"Torso":{"Weight":1,"CFrame":[-0.04272130876779556,0.7360990047454834,-2.040278673171997,0.9992841482162476,-0.0027174167335033418,-0.037734050303697589,-0.00030542907188646495,0.99680495262146,-0.07987335324287415,0.037830546498298648,0.0798277035355568,0.9960905313491821],"EasingStyle":"Linear","EasingDirection":"In"},"HumanoidRootPart":{"Weight":0,"CFrame":[0,0,0,1,0,0,0,1,0,0,0,1],"EasingStyle":"Linear","EasingDirection":"In"},"Right Leg":{"Weight":1,"CFrame":[0.35059991478919985,0.934889018535614,0.023677587509155275,0.21736282110214234,-0.9758577346801758,-0.021331900730729104,0.9740546345710754,0.2154466211795807,0.06928449124097824,-0.06301587074995041,-0.035838332027196887,0.9973688721656799],"EasingStyle":"Linear","EasingDirection":"In"}}},{"Time":0.46666666865348818,"poses":{"Left Leg":{"Weight":1,"CFrame":[-0.3030083179473877,0.4216765761375427,0.0003910064697265625,-0.04412834718823433,0.9980931282043457,0.04316001757979393,-0.9988609552383423,-0.04329493269324303,-0.02005760930478573,-0.01815078966319561,-0.043995995074510577,0.9988667964935303],"EasingStyle":"Linear","EasingDirection":"In"},"Right Arm":{"Weight":1,"CFrame":[-0.09026023745536804,-0.1064710021018982,0.03839600086212158,0.8566609025001526,-0.07124201208353043,-0.510936975479126,0.1514556109905243,0.9815054535865784,0.11708205938339234,0.49314630031585696,-0.17768391966819764,0.8516073822975159],"EasingStyle":"Linear","EasingDirection":"In"},"Left Arm":{"Weight":1,"CFrame":[0.013793491758406163,-0.11058726906776428,0.03115975856781006,0.709344208240509,0.04346989840269089,0.7035205364227295,-0.11745543032884598,0.9914312958717346,0.05716812610626221,-0.6950072050094605,-0.12318426370620728,0.7083718776702881],"EasingStyle":"Linear","EasingDirection":"In"},"Head":{"Weight":1,"CFrame":[8.668644824183503e-8,-3.929744707420468e-8,-1.7881393432617188e-7,0.8761229515075684,0.006024262867867947,-0.4820500910282135,-0.031939469277858737,0.9984503388404846,-0.045571960508823398,0.48102858662605288,0.05532306432723999,0.8749576807022095],"EasingStyle":"Linear","EasingDirection":"In"},"Torso":{"Weight":1,"CFrame":[-0.01943623274564743,0.7360659241676331,-2.040759563446045,0.9998789429664612,-0.001243516569957137,-0.015510871075093747,-6.986363931815731e-9,0.9968017339706421,-0.07991468906402588,0.015560638159513474,0.07990501821041107,0.9966810345649719],"EasingStyle":"Linear","EasingDirection":"In"},"HumanoidRootPart":{"Weight":0,"CFrame":[0,0,0,1,0,0,0,1,0,0,0,1],"EasingStyle":"Linear","EasingDirection":"In"},"Right Leg":{"Weight":1,"CFrame":[0.3547498285770416,0.9916121363639832,-0.05750912427902222,0.2413093000650406,-0.9696837067604065,-0.038514845073223117,0.9539985656738281,0.22975564002990724,0.19261124730110169,-0.17792294919490815,-0.08322203904390335,0.9805189967155457],"EasingStyle":"Linear","EasingDirection":"In"}}},{"Time":0.5,"poses":{"Left Leg":{"Weight":1,"CFrame":[-0.29915377497673037,0.4218594431877136,-0.011755645275115967,-0.08678525686264038,0.9950549006462097,0.0483122318983078,-0.9957804679870606,-0.08809611201286316,0.02569645643234253,0.029825471341609956,-0.04587828740477562,0.9985016584396362],"EasingStyle":"Linear","EasingDirection":"In"},"Right Arm":{"Weight":1,"CFrame":[-0.08724664151668549,-0.14406102895736695,0.03815925121307373,0.8572402000427246,-0.050863564014434817,-0.512398362159729,0.13204963505268098,0.9835463762283325,0.12328580021858216,0.49769678711891177,-0.173347607254982,0.8498520851135254],"EasingStyle":"Linear","EasingDirection":"In"},"Left Arm":{"Weight":1,"CFrame":[0.010726607404649258,-0.11975198984146118,0.037889957427978519,0.6881063580513,0.018184730783104898,0.7253819108009338,-0.1403377801179886,0.9841457605361939,0.10845443606376648,-0.7119094133377075,-0.17642676830291749,0.6797490119934082],"EasingStyle":"Linear","EasingDirection":"In"},"Head":{"Weight":1,"CFrame":[8.585629984736443e-8,3.448622010182589e-8,-5.960464477539063e-8,0.8992838859558106,-0.028377357870340349,-0.43644386529922488,0.0037623897660523655,0.998357892036438,-0.057160407304763797,0.43734920024871828,0.0497613400220871,0.897913932800293],"EasingStyle":"Linear","EasingDirection":"In"},"Torso":{"Weight":1,"CFrame":[0.003977125510573387,0.7236661314964294,-2.0422732830047609,0.9999434947967529,-0.0003568199463188648,0.01062602736055851,0.0013691447675228119,0.9954366683959961,-0.0954144150018692,-0.010543490760028363,0.09542357176542282,0.9953809380531311],"EasingStyle":"Linear","EasingDirection":"In"},"HumanoidRootPart":{"Weight":0,"CFrame":[0,0,0,1,0,0,0,1,0,0,0,1],"EasingStyle":"Linear","EasingDirection":"In"},"Right Leg":{"Weight":1,"CFrame":[0.34916698932647707,0.9708296656608582,-0.020823419094085695,0.23641528189182282,-0.9708917140960693,-0.038433969020843509,0.9638639092445374,0.22933854162693025,0.13553650677204133,-0.1227768287062645,-0.06908805668354035,0.990026593208313],"EasingStyle":"Linear","EasingDirection":"In"}}},{"Time":0.5333333611488342,"poses":{"Left Leg":{"Weight":1,"CFrame":[-0.312662810087204,0.3656567335128784,0.02185368537902832,-0.14765119552612306,0.9888649582862854,0.018580468371510507,-0.9887592792510986,-0.14713609218597413,-0.02657269686460495,-0.023542961105704309,-0.02229507640004158,0.9994741678237915],"EasingStyle":"Linear","EasingDirection":"In"},"Right Arm":{"Weight":1,"CFrame":[-0.08289168030023575,-0.19838133454322816,0.036502957344055179,0.8566119074821472,-0.01159074530005455,-0.5158311128616333,0.09726695716381073,0.9854499697685242,0.13938245177268983,0.5067101716995239,-0.1695699542760849,0.8452755808830261],"EasingStyle":"Linear","EasingDirection":"In"},"Left Arm":{"Weight":1,"CFrame":[0.005030824802815914,-0.14325305819511414,0.05337512493133545,0.6487553119659424,-0.03627396747469902,0.7601320147514343,-0.18301162123680116,0.9621115922927856,0.2021087408065796,-0.7386631369590759,-0.2702322006225586,0.6175365447998047],"EasingStyle":"Linear","EasingDirection":"In"},"Head":{"Weight":1,"CFrame":[8.183997124433518e-8,-8.396455086767674e-8,0,0.925737738609314,-0.05865846574306488,-0.37358909845352175,0.03648218512535095,0.9971416592597961,-0.06616324931383133,0.3764023780822754,0.04762047901749611,0.9252316355705261],"EasingStyle":"Linear","EasingDirection":"In"},"Torso":{"Weight":1,"CFrame":[0.028870463371276857,0.700763463973999,-2.045095205307007,0.9989896416664124,0.00247662584297359,0.04487251117825508,0.0031117689795792104,0.9922719597816467,-0.1240428239107132,-0.04483293741941452,0.12405712902545929,0.9912617206573486],"EasingStyle":"Linear","EasingDirection":"In"},"HumanoidRootPart":{"Weight":0,"CFrame":[0,0,0,1,0,0,0,1,0,0,0,1],"EasingStyle":"Linear","EasingDirection":"In"},"Right Leg":{"Weight":1,"CFrame":[0.3295794427394867,0.9369982481002808,0.024831414222717286,0.20725028216838838,-0.9776193499565125,-0.036162544041872028,0.9768682718276978,0.2048172950744629,0.06146729364991188,-0.05268481746315956,-0.048065185546875,0.9974538087844849],"EasingStyle":"Linear","EasingDirection":"In"}}},{"Time":0.5666666626930237,"poses":{"Left Leg":{"Weight":1,"CFrame":[-0.3283025920391083,0.3203989863395691,0.04771625995635986,-0.17742297053337098,0.9840796589851379,-0.010408014990389347,-0.980578601360321,-0.1776701807975769,-0.08305966109037399,-0.08358657360076904,-0.004530824720859528,0.9964902400970459],"EasingStyle":"Linear","EasingDirection":"In"},"Right Arm":{"Weight":1,"CFrame":[-0.08066834509372711,-0.2261146903038025,0.03200721740722656,0.8538371920585632,0.013681468553841114,-0.5203603506088257,0.08257942646741867,0.9834349751472473,0.161357581615448,0.5139482021331787,-0.1807442456483841,0.8385635614395142],"EasingStyle":"Linear","EasingDirection":"In"},"Left Arm":{"Weight":1,"CFrame":[0.0019640475511550905,-0.17509952187538148,0.07055628299713135,0.6283631324768066,-0.07699743658304215,0.7741001844406128,-0.19819626212120057,0.9464056491851807,0.25501859188079836,-0.7522486448287964,-0.3136681616306305,0.5794259905815125],"EasingStyle":"Linear","EasingDirection":"In"},"Head":{"Weight":1,"CFrame":[9.289942681789398e-8,8.725328370928765e-8,-2.384185791015625e-7,0.9322107434272766,0.04065724089741707,-0.35962507128715517,-0.046965938061475757,0.9988575577735901,-0.008818509988486767,0.35885560512542727,0.02511085569858551,0.9330552220344544],"EasingStyle":"Linear","EasingDirection":"In"},"Torso":{"Weight":1,"CFrame":[0.05054043233394623,0.688471794128418,-2.047478199005127,0.9968622326850891,0.0070336670614778999,0.0788431316614151,0.004039059858769178,0.9902268648147583,-0.13940738141536714,-0.07905313372612,0.13928838074207307,0.9870913624763489],"EasingStyle":"Linear","EasingDirection":"In"},"HumanoidRootPart":{"Weight":0,"CFrame":[0,0,0,1,0,0,0,1,0,0,0,1],"EasingStyle":"Linear","EasingDirection":"In"},"Right Leg":{"Weight":1,"CFrame":[0.3219061493873596,0.8950945138931274,0.07438457012176514,0.18808792531490327,-0.9818171262741089,-0.025653542950749399,0.981816828250885,0.1886419653892517,-0.021211052313447,0.025664784014225007,-0.021197596564888955,0.9994458556175232],"EasingStyle":"Linear","EasingDirection":"In"}}},{"Time":0.6000000238418579,"poses":{"Left Leg":{"Weight":1,"CFrame":[-0.32953307032585146,0.3175084590911865,0.06447410583496094,-0.13134053349494935,0.9911435842514038,-0.019596751779317857,-0.9815305471420288,-0.13278944790363313,-0.13771240413188935,-0.13909505307674409,0.0011475995415821672,0.9902783632278442],"EasingStyle":"Linear","EasingDirection":"In"},"Right Arm":{"Weight":1,"CFrame":[-0.08336003124713898,-0.19253993034362794,0.017982125282287599,0.850843608379364,0.023055391386151315,-0.5249128937721252,0.1029423177242279,0.9723597168922424,0.20956958830356599,0.5152358412742615,-0.2323468029499054,0.8249527215957642],"EasingStyle":"Linear","EasingDirection":"In"},"Left Arm":{"Weight":1,"CFrame":[0.0019981255754828455,-0.2087770700454712,0.08356726169586182,0.6285158395767212,-0.0856291651725769,0.7730688452720642,-0.14725947380065919,0.9628444910049439,0.22637365758419038,-0.7637293338775635,-0.25612127780914309,0.5925533771514893],"EasingStyle":"Linear","EasingDirection":"In"},"Head":{"Weight":1,"CFrame":[9.743962436914444e-8,7.561175152659416e-8,0,0.9395238757133484,-0.03983714431524277,-0.340158611536026,-0.03776312991976738,0.975105881690979,-0.21850045025348664,0.34039506316185,0.21813181042671204,0.9146308898925781],"EasingStyle":"Linear","EasingDirection":"In"},"Torso":{"Weight":1,"CFrame":[0.037323057651519778,0.7007095813751221,-2.0444376468658449,0.9975813627243042,0.006472736597061157,0.0692063719034195,0.0021717878989875318,0.992266058921814,-0.12411012500524521,-0.0694744661450386,0.12396025657653809,0.9898520708084106],"EasingStyle":"Linear","EasingDirection":"In"},"HumanoidRootPart":{"Weight":0,"CFrame":[0,0,0,1,0,0,0,1,0,0,0,1],"EasingStyle":"Linear","EasingDirection":"In"},"Right Leg":{"Weight":1,"CFrame":[0.33344605565071108,0.8653165102005005,0.10580611228942871,0.19151119887828828,-0.9814170002937317,-0.012005118653178215,0.9786114692687988,0.1918712556362152,-0.07419533282518387,0.07512007653713227,0.002460825489833951,0.9971714615821838],"EasingStyle":"Linear","EasingDirection":"In"}}},{"Time":0.6333333253860474,"poses":{"Left Leg":{"Weight":1,"CFrame":[-0.3296301066875458,0.3252694606781006,0.08242213726043701,-0.05053079500794411,0.9985755085945129,-0.01713358424603939,-0.978675365447998,-0.05292922258377075,-0.19847680628299714,-0.19910094141960145,0.006739032920449972,0.979955792427063],"EasingStyle":"Linear","EasingDirection":"In"},"Right Arm":{"Weight":1,"CFrame":[-0.08835877478122711,-0.13018777966499329,-0.0013712644577026368,0.8486807942390442,0.028398029506206514,-0.528142511844635,0.13757190108299256,0.9523347020149231,0.2722730040550232,0.5107003450393677,-0.30373048782348635,0.8043213486671448],"EasingStyle":"Linear","EasingDirection":"In"},"Left Arm":{