{"Sequence":[{"Time":0,"poses":{"Left Leg":{"Weight":1,"CFrame":[-0.37022244930267336,0.635766863822937,0.31040453910827639,0.8314109444618225,-0.2650984227657318,0.48834288120269778,0.09393858164548874,0.9332628846168518,0.34669268131256106,-0.5476599335670471,-0.2423698902130127,0.8008279204368591],"EasingStyle":"Linear","EasingDirection":"Out"},"Right Arm":{"Weight":1,"CFrame":[0.891112208366394,-0.726067841053009,-0.5079559087753296,-0.35411253571510317,-0.9246600866317749,0.14002862572669984,0.15933220088481904,0.08789098262786865,0.9833048582077026,-0.92153000831604,0.37051165103912356,0.11620482057332993],"EasingStyle":"Linear","EasingDirection":"Out"},"Left Arm":{"Weight":1,"CFrame":[-1.1346818208694459,-0.378170371055603,-0.7637842893600464,-0.6250929832458496,0.742120623588562,0.24190029501914979,0.11759227514266968,-0.21683712303638459,0.9690994024276733,0.7716416120529175,0.6342228651046753,0.04827576130628586],"EasingStyle":"Linear","EasingDirection":"Out"},"Head":{"Weight":1,"CFrame":[1.5500020822400985e-7,1.3642420526593924e-12,-2.384185791015625e-7,0.9998814463615418,-0.009550720453262329,0.012078645639121533,0.00978795811533928,0.9997572898864746,-0.01973705179989338,-0.011887209489941597,0.019852938130497934,0.999732255935669],"EasingStyle":"Linear","EasingDirection":"Out"},"Torso":{"Weight":1,"CFrame":[2.3059001819092374e-8,4.608829429209038e-10,-0.5682792663574219,0.999889075756073,-0.0007449769764207304,0.014873990789055825,0.0007449772674590349,0.9999997019767761,0.000005523249910766026,-0.014873990789055825,0.0000055581463129783519,0.9998893737792969],"EasingStyle":"Linear","EasingDirection":"Out"},"HumanoidRootPart":{"Weight":0,"CFrame":[0,0,0,1,0,0,0,1,0,0,0,1],"EasingStyle":"Linear","EasingDirection":"In"},"Right Leg":{"Weight":1,"CFrame":[0.3088397681713104,0.6021163463592529,0.2134495973587036,0.8026177287101746,0.23838958144187928,-0.546786367893219,-0.0372171550989151,0.9348949193954468,0.3529679775238037,0.5953315496444702,-0.26294851303100588,0.7592353224754334],"EasingStyle":"Linear","EasingDirection":"Out"}}},{"Time":0.01666666753590107,"poses":{"Left Leg":{"Weight":1,"CFrame":[-0.37119150161743166,0.6451472043991089,0.3064335584640503,0.8310197591781616,-0.26482585072517397,0.48915573954582217,0.09243344515562058,0.9329121112823486,0.348038911819458,-0.5485090613365173,-0.24401287734508515,0.7997471690177918],"EasingStyle":"Linear","EasingDirection":"Out"},"Right Arm":{"Weight":1,"CFrame":[0.8478623628616333,-0.7054667472839356,-0.4679942727088928,-0.35889679193496706,-0.9242417216300964,0.13026972115039826,0.17748135328292848,0.06944572925567627,0.9816708564758301,-0.9163479208946228,0.3754391074180603,0.13911199569702149],"EasingStyle":"Linear","EasingDirection":"Out"},"Left Arm":{"Weight":1,"CFrame":[-1.0815447568893433,-0.31639933586120608,-0.7237491607666016,-0.6646279096603394,0.7063735127449036,0.24352870881557465,0.10639852285385132,-0.2331356704235077,0.9666059613227844,0.739560067653656,0.6683444380760193,0.07979147881269455],"EasingStyle":"Linear","EasingDirection":"Out"},"Head":{"Weight":1,"CFrame":[1.4770650125228713e-7,2.7046098693972456e-10,-1.7881393432617188e-7,0.9998619556427002,-0.012018630281090737,0.01147161703556776,0.012155435979366303,0.9998549222946167,-0.011931364424526692,-0.011326554231345654,0.0120691591873765,0.9998630285263062],"EasingStyle":"Linear","EasingDirection":"Out"},"Torso":{"Weight":1,"CFrame":[2.4468448600600824e-8,4.6088385885489915e-10,-0.5776138305664063,0.9998896718025208,0.00009971514373319224,0.01485303696244955,-0.00008081045234575868,0.9999991655349731,-0.0012733780313283206,-0.014853151515126229,0.0012720372760668398,0.9998888969421387],"EasingStyle":"Linear","EasingDirection":"Out"},"HumanoidRootPart":{"Weight":0,"CFrame":[0,0,0,1,0,0,0,1,0,0,0,1],"EasingStyle":"Linear","EasingDirection":"In"},"Right Leg":{"Weight":1,"CFrame":[0.3105066418647766,0.6115880608558655,0.2096010446548462,0.8036289215087891,0.23689314723014832,-0.5459506511688232,-0.035244639962911609,0.9346967935562134,0.3536943793296814,0.5940861105918884,-0.2649971544742584,0.7594985961914063],"EasingStyle":"Linear","EasingDirection":"Out"}}},{"Time":0.03333333507180214,"poses":{"Left Leg":{"Weight":1,"CFrame":[-0.3701837956905365,0.6564137935638428,0.3015662431716919,0.8308243155479431,-0.26147133111953738,0.49128779768943789,0.08793006837368012,0.933346152305603,0.3480420708656311,-0.5495445728302002,-0.24596288800239564,0.7984378933906555],"EasingStyle":"Linear","EasingDirection":"Out"},"Right Arm":{"Weight":1,"CFrame":[0.7346556782722473,-0.6447844505310059,-0.361488401889801,-0.374679833650589,-0.9217202067375183,0.10023383051156998,0.22019821405410767,0.016551408916711808,0.9753146767616272,-0.9006263017654419,0.38750216364860537,0.19675980508327485],"EasingStyle":"Linear","EasingDirection":"Out"},"Left Arm":{"Weight":1,"CFrame":[-0.9575194716453552,-0.21958330273628236,-0.5596953630447388,-0.7473831176757813,0.6252856254577637,0.22458037734031678,0.07022278755903244,-0.2617853581905365,0.9625680446624756,0.6606718301773071,0.735177755355835,0.15174445509910584],"EasingStyle":"Linear","EasingDirection":"Out"},"Head":{"Weight":1,"CFrame":[1.510666152171325e-7,6.166374078020453e-10,-5.960464477539063e-8,0.9998012781143189,-0.01646772213280201,0.011232181452214718,0.01649334840476513,0.9998615980148315,-0.0021930052898824217,-0.011194515973329544,0.002377826953306794,0.9999344944953919],"EasingStyle":"Linear","EasingDirection":"Out"},"Torso":{"Weight":1,"CFrame":[2.6009153941686237e-8,4.608848580556213e-10,-0.5878171920776367,0.9998902678489685,0.001323882956057787,0.014752799645066262,-0.0012531362008303404,0.9999876618385315,-0.004803691059350967,-0.01475897803902626,0.0047846767120063309,0.9998796582221985],"EasingStyle":"Linear","EasingDirection":"Out"},"HumanoidRootPart":{"Weight":0,"CFrame":[0,0,0,1,0,0,0,1,0,0,0,1],"EasingStyle":"Linear","EasingDirection":"In"},"Right Leg":{"Weight":1,"CFrame":[0.31028980016708376,0.6229643225669861,0.20478880405426026,0.8050883412361145,0.23173737525939942,-0.5460132956504822,-0.029957113787531854,0.935234785079956,0.3527582883834839,0.592397928237915,-0.2676446735858917,0.7598888874053955],"EasingStyle":"Linear","EasingDirection":"Out"}}},{"Time":0.05000000074505806,"poses":{"Left Leg":{"Weight":1,"CFrame":[-0.3670492470264435,0.6674507856369019,0.2967475652694702,0.8308718800544739,-0.25526875257492068,0.4944590628147125,0.08098124712705612,0.9345820546150208,0.346407949924469,-0.5505397319793701,-0.24777868390083314,0.7971899509429932],"EasingStyle":"Linear","EasingDirection":"Out"},"Right Arm":{"Weight":1,"CFrame":[0.5763065814971924,-0.545701265335083,-0.20850712060928346,-0.40393707156181338,-0.9134531021118164,0.04937845095992088,0.2687358856201172,-0.0668947696685791,0.9608882069587708,-0.8744231462478638,0.4014081358909607,0.2724989056587219],"EasingStyle":"Linear","EasingDirection":"Out"},"Left Arm":{"Weight":1,"CFrame":[-0.81854647397995,-0.17836624383926392,-0.25250667333602908,-0.8283275961875916,0.5366513133049011,0.16086912155151368,0.006516577675938606,-0.27789270877838137,0.9605900645256043,0.5602061152458191,0.7967314720153809,0.22668881714344026],"EasingStyle":"Linear","EasingDirection":"Out"},"Head":{"Weight":1,"CFrame":[1.511471054982394e-7,-1.2332748156040907e-9,2.384185791015625e-7,0.999736487865448,-0.020579636096954347,0.010170621797442437,0.020353471860289575,0.9995537996292114,0.021861637011170389,-0.01061598677188158,-0.021648867055773736,0.9997092485427856],"EasingStyle":"Linear","EasingDirection":"Out"},"Torso":{"Weight":1,"CFrame":[2.7387628165342904e-8,4.60885746234041e-10,-0.5969467163085938,0.9998909831047058,0.002660964149981737,0.014524176716804505,-0.0025138314813375475,0.9999454617500305,-0.010139059275388718,-0.014550363644957543,0.010101442225277424,0.9998431205749512],"EasingStyle":"Linear","EasingDirection":"Out"},"HumanoidRootPart":{"Weight":0,"CFrame":[0,0,0,1,0,0,0,1,0,0,0,1],"EasingStyle":"Linear","EasingDirection":"In"},"Right Leg":{"Weight":1,"CFrame":[0.30795082449913027,0.6341882944107056,0.19984328746795655,0.8067324161529541,0.22355346381664277,-0.5469977259635925,-0.02200939692556858,0.9364016056060791,0.3502393364906311,0.5905068516731262,-0.27051040530204775,0.7603458762168884],"EasingStyle":"Linear","EasingDirection":"Out"}}},{"Time":0.06666667014360428,"poses":{"Left Leg":{"Weight":1,"CFrame":[-0.37608176469802859,0.6599916219711304,0.30138134956359866,0.827704131603241,-0.2732714116573334,0.4901312291622162,0.0976470485329628,0.9302301406860352,0.35374701023101809,-0.5526037812232971,-0.244937926530838,0.7966394424438477],"EasingStyle":"Linear","EasingDirection":"Out"},"Right Arm":{"Weight":1,"CFrame":[0.400017112493515,-0.41361644864082339,-0.029902517795562745,-0.4573972523212433,-0.8890558481216431,-0.019165799021720887,0.29624608159065249,-0.1726616621017456,0.9393753409385681,-0.838466465473175,0.4239901602268219,0.34235450625419619],"EasingStyle":"Linear","EasingDirection":"Out"},"Left Arm":{"Weight":1,"CFrame":[-0.7176775336265564,-0.16577503085136414,0.060869812965393069,-0.880488395690918,0.46402794122695925,0.09704720973968506,-0.037599045783281329,-0.27242088317871096,0.9614432454109192,0.47257426381111147,0.8428907990455627,0.25731050968170168],"EasingStyle":"Linear","EasingDirection":"Out"},"Head":{"Weight":1,"CFrame":[1.5081377569003963e-7,-2.874003257602453e-10,0,0.9996803998947144,-0.02398499846458435,0.007990270853042603,0.023694055154919626,0.9991165995597839,0.034707941114902499,-0.008815680630505085,-0.03450753167271614,0.9993655681610107],"EasingStyle":"Linear","EasingDirection":"Out"},"Torso":{"Weight":1,"CFrame":[2.7277671676984029e-8,4.6088569072288978e-10,-0.5962181091308594,0.9998926520347595,0.0037460089661180975,0.014165782369673252,-0.0037665755953639747,0.9999918937683106,0.0014254588168114424,-0.014160328544676304,-0.001478662365116179,0.9998986721038818],"EasingStyle":"Linear","EasingDirection":"Out"},"HumanoidRootPart":{"Weight":0,"CFrame":[0,0,0,1,0,0,0,1,0,0,0,1],"EasingStyle":"Linear","EasingDirection":"In"},"Right Leg":{"Weight":1,"CFrame":[0.3176940381526947,0.6293622851371765,0.2036362886428833,0.8066696524620056,0.23978763818740846,-0.5401721596717835,-0.037065234035253528,0.932719886302948,0.3586917817592621,0.5898391604423523,-0.2693241238594055,0.761284589767456],"EasingStyle":"Linear","EasingDirection":"Out"}}},{"Time":0.0833333358168602,"poses":{"Left Leg":{"Weight":1,"CFrame":[-0.39849013090133669,0.6284790635108948,0.31685590744018557,0.8186264634132385,-0.32272517681121828,0.47507810592651369,0.14471596479415894,0.9164106249809265,0.3731606602668762,-0.555794894695282,-0.23672783374786378,0.7969014644622803],"EasingStyle":"Linear","EasingDirection":"Out"},"Right Arm":{"Weight":1,"CFrame":[0.24251767992973329,-0.26880085468292239,0.1503385305404663,-0.5322499871253967,-0.8426460027694702,-0.08159532397985459,0.26627737283706667,-0.2581193745136261,0.9286931157112122,-0.8036207556724548,0.47256970405578616,0.36176133155822756],"EasingStyle":"Linear","EasingDirection":"Out"},"Left Arm":{"Weight":1,"CFrame":[-0.6534827351570129,-0.18383026123046876,0.3213385343551636,-0.9100419282913208,0.41189828515052798,0.0465126670897007,-0.05722905322909355,-0.23598389327526093,0.9700703024864197,0.41054657101631167,0.880142867565155,0.23832790553569795],"EasingStyle":"Linear","EasingDirection":"Out"},"Head":{"Weight":1,"CFrame":[1.4770193956792355e-7,-3.2014213502407076e-9,-1.7881393432617188e-7,0.9996297359466553,-0.026800096035003663,0.004701694473624229,0.026708628982305528,0.9994712471961975,0.018543913960456849,-0.005196189507842064,-0.01841147057712078,0.9998170137405396],"EasingStyle":"Linear","EasingDirection":"Out"},"Torso":{"Weight":1,"CFrame":[2.5566805561538787e-8,4.6088458049986516e-10,-0.5848879814147949,0.9998960494995117,0.004440419841557741,0.013716288842260838,-0.004931304138153791,0.9993408918380737,0.03596438840031624,-0.01354755088686943,-0.036028292030096057,0.9992589354515076],"EasingStyle":"Linear","EasingDirection":"Out"},"HumanoidRootPart":{"Weight":0,"CFrame":[0,0,0,1,0,0,0,1,0,0,0,1],"EasingStyle":"Linear","EasingDirection":"In"},"Right Leg":{"Weight":1,"CFrame":[0.34134405851364138,0.6035569906234741,0.21760785579681397,0.8026913404464722,0.2881505787372589,-0.5221646428108215,-0.08221756666898728,0.9206401705741882,0.3816567659378052,0.5907003283500671,-0.26342153549194338,0.7626808881759644],"EasingStyle":"Linear","EasingDirection":"Out"}}},{"Time":0.10000000149011612,"poses":{"Left Leg":{"Weight":1,"CFrame":[-0.41512900590896609,0.5864694118499756,0.3344038724899292,0.8063607811927795,-0.37451866269111636,0.4577314555644989,0.19466397166252137,0.8988935351371765,0.39255112409591677,-0.5584695935249329,-0.22743400931358338,0.7977377772331238],"EasingStyle":"Linear","EasingDirection":"Out"},"Right Arm":{"Weight":1,"CFrame":[0.1430090069770813,-0.13524556159973145,0.307445764541626,-0.5995870232582092,-0.7888215780258179,-0.13511493802070619,0.19680772721767426,-0.30897456407546999,0.9304845929145813,-0.7757332921028137,0.5313146710395813,0.340503066778183],"EasingStyle":"Linear","EasingDirection":"Out"},"Left Arm":{"Weight":1,"CFrame":[-0.6101958155632019,-0.21936282515525819,0.5009691715240479,-0.9247151017189026,0.380588173866272,0.007389928679913282,-0.06544520705938339,-0.1780766248703003,0.9818378686904907,0.3749918043613434,0.9074366688728333,0.18957793712615968],"EasingStyle":"Linear","EasingDirection":"Out"},"Head":{"Weight":1,"CFrame":[1.4831312000751496e-7,2.4556356947869064e-8,1.1920928955078126e-7,0.9995983839035034,-0.028337758034467698,0.0003101364418398589,0.028339417651295663,0.9995189905166626,-0.012593968771398068,0.00004689558409154415,0.012597701512277127,0.999920666217804],"EasingStyle":"Linear","EasingDirection":"Out"},"Torso":{"Weight":1,"CFrame":[2.2910882080395824e-8,4.6088283189860137e-10,-0.567298412322998,0.9999019503593445,0.004809716250747442,0.013152151368558407,-0.005781764164566994,0.9971744418144226,0.07489804178476334,-0.012754750438034535,-0.07496674358844757,0.9971044659614563],"EasingStyle":"Linear","EasingDirection":"Out"},"HumanoidRootPart":{"Weight":0,"CFrame":[0,0,0,1,0,0,0,1,0,0,0,1],"EasingStyle":"Linear","EasingDirection":"In"},"Right Leg":{"Weight":1,"CFrame":[0.36012622714042666,0.5676624774932861,0.2337656021118164,0.7954260110855103,0.3397609293460846,-0.5018565058708191,-0.13082148134708405,0.9048119783401489,0.4052172899246216,0.5917628407478333,-0.25666674971580508,0.7641589641571045],"EasingStyle":"Linear","EasingDirection":"Out"}}},{"Time":0.11666666716337204,"poses":{"Left Leg":{"Weight":1,"CFrame":[-0.40897053480148318,0.5361069440841675,0.3511791229248047,0.7984658479690552,-0.4012892246246338,0.4487975835800171,0.222683846950531,0.8894495964050293,0.3991130590438843,-0.559342622756958,-0.21873818337917329,0.7995558381080627],"EasingStyle":"Linear","EasingDirection":"Out"},"Right Arm":{"Weight":1,"CFrame":[0.10430432856082916,-0.032502949237823489,0.4219092130661011,-0.6470085382461548,-0.7421377897262573,-0.17496128380298615,0.11747243255376816,-0.32374507188796999,0.9388234615325928,-0.7533791661262512,0.5868735909461975,0.2966463565826416],"EasingStyle":"Linear","EasingDirection":"Out"},"Left Arm":{"Weight":1,"CFrame":[-0.5749596357345581,-0.26124513149261477,0.6011009216308594,-0.9312021136283875,0.3638586699962616,-0.021667659282684327,-0.06702972948551178,-0.11250868439674378,0.9913873672485352,0.3582870662212372,0.9246343374252319,0.1291574239730835],"EasingStyle":"Linear","EasingDirection":"Out"},"Head":{"Weight":1,"CFrame":[1.4971010386943818e-7,-4.110188456252217e-8,-2.980232238769531e-7,0.9996004104614258,-0.027814382687211038,-0.005038060713559389,0.02761867642402649,0.998989462852478,-0.0354573093354702,0.006019193679094315,0.0353039912879467,0.9993584752082825],"EasingStyle":"Linear","EasingDirection":"Out"},"Torso":{"Weight":1,"CFrame":[1.73185981111601e-8,4.608791959181957e-10,-0.5302624702453613,0.9999107122421265,0.004904400557279587,0.01242902036756277,-0.006119678728282452,0.9949979782104492,0.09970726072788239,-0.011877846904098988,-0.09977442771196366,0.9949392080307007],"EasingStyle":"Linear","EasingDirection":"Out"},"HumanoidRootPart":{"Weight":0,"CFrame":[0,0,0,1,0,0,0,1,0,0,0,1],"EasingStyle":"Linear","EasingDirection":"In"},"Right Leg":{"Weight":1,"CFrame":[0.3560236990451813,0.5214923620223999,0.24952542781829835,0.7902654409408569,0.36689847707748415,-0.4907812774181366,-0.15826402604579926,0.8959659337997437,0.41496673226356509,0.5919738411903381,-0.2502609193325043,0.7661176919937134],"EasingStyle":"Linear","EasingDirection":"Out"}}},{"Time":0.13333334028720857,"poses":{"Left Leg":{"Weight":1,"CFrame":[-0.3824648857116699,0.48644375801086428,0.36187124252319338,0.7988675236701965,-0.39878544211387637,0.4503118693828583,0.22374191880226136,0.8919273018836975,0.3929443955421448,-0.5583459734916687,-0.21315687894821168,0.8017567992210388],"EasingStyle":"Linear","EasingDirection":"Out"},"Right Arm":{"Weight":1,"CFrame":[0.09051188081502915,0.03762376308441162,0.49526000022888186,-0.673402726650238,-0.7095543742179871,-0.20751234889030457,0.03193314000964165,-0.3083530366420746,0.950735867023468,-0.7385858297348023,0.6336015462875366,0.23030412197113038],"EasingStyle":"Linear","EasingDirection":"Out"},"Left Arm":{"Weight":1,"CFrame":[-0.5465526580810547,-0.3065025508403778,0.652519941329956,-0.9344596266746521,0.35362526774406435,-0.04164659604430199,-0.06224112585186958,-0.04706185311079025,0.9969509840011597,0.35058706998825076,0.9342024922370911,0.06598719954490662],"EasingStyle":"Linear","EasingDirection":"Out"},"Head":{"Weight":1,"CFrame":[1.525040715932846e-7,-5.977199180051684e-9,-2.980232238769531e-7,0.999622106552124,-0.025145258754491807,-0.011106347665190697,0.024637164548039438,0.9987394213676453,-0.04373271018266678,0.012192018330097199,0.04344256594777107,0.9989815354347229],"EasingStyle":"Linear","EasingDirection":"Out"},"Torso":{"Weight":1,"CFrame":[9.496062602920574e-9,4.6087408889228245e-10,-0.4784560203552246,0.9999231100082398,0.0045421612448990349,0.011536580510437489,-0.005740304943174124,0.9943448305130005,0.10604432225227356,-0.010989668779075146,-0.10610239952802658,0.9942944645881653],"EasingStyle":"Linear","EasingDirection":"Out"},"HumanoidRootPart":{"Weight":0,"CFrame":[0,0,0,1,0,0,0,1,0,0,0,1],"EasingStyle":"Linear","EasingDirection":"In"},"Right Leg":{"Weight":1,"CFrame":[0.3297041058540344,0.47376757860183718,0.2584877014160156,0.7906917929649353,0.3648252785205841,-0.491639107465744,-0.15855641663074494,0.8976814150810242,0.4111301302909851,0.5913259387016296,-0.24712468683719636,0.7676346898078919],"EasingStyle":"Linear","EasingDirection":"Out"}}},{"Time":0.15000000596046449,"poses":{"Left Leg":{"Weight":1,"CFrame":[-0.35106679797172549,0.4474533796310425,0.36440157890319826,0.803673267364502,-0.382514089345932,0.455842524766922,0.21098625659942628,0.899430513381958,0.3827655613422394,-0.5564118027687073,-0.21144191920757295,0.8035534024238586],"EasingStyle":"Linear","EasingDirection":"Out"},"Right Arm":{"Weight":1,"CFrame":[0.09205403178930283,0.07776880264282227,0.5342899560928345,-0.6838557124137878,-0.6912965178489685,-0.23334641754627229,-0.050882525742053989,-0.2738552987575531,0.96042400598526,-0.7278409004211426,0.6686646342277527,0.1521024852991104],"EasingStyle":"Linear","EasingDirection":"Out"},"Left Arm":{"Weight":1,"CFrame":[-0.5266623497009277,-0.35420212149620058,0.6714639663696289,-0.9364201426506043,0.34618547558784487,-0.05720963701605797,-0.056167490780353549,0.01305093988776207,0.9983360767364502,0.346356064081192,0.9380753040313721,0.007223031483590603],"EasingStyle":"Linear","EasingDirection":"Out"},"Head":{"Weight":1,"CFrame":[1.4813849702477456e-7,3.22652340400964e-8,1.1920928955078126e-7,0.9996315240859985,-0.020623916760087014,-0.017648205161094667,0.019815096631646158,0.9987977147102356,-0.04483894258737564,0.018551740795373918,0.04447271674871445,0.9988383054733276],"EasingStyle":"Linear","EasingDirection":"Out"},"Torso":{"Weight":1,"CFrame":[2.3290169792744565e-9,4.60869425955579e-10,-0.43099069595336916,0.9999377131462097,0.003668200923129916,0.010541961528360844,-0.004734626971185207,0.9946715235710144,0.10298623144626618,-0.01010801363736391,-0.10302972793579102,0.9946269392967224],"EasingStyle":"Linear","EasingDirection":"Out"},"HumanoidRootPart":{"Weight":0,"CFrame":[0,0,0,1,0,0,0,1,0,0,0,1],"EasingStyle":"Linear","EasingDirection":"In"},"Right Leg":{"Weight":1,"CFrame":[0.29757335782051089,0.4354124665260315,0.25921404361724856,0.7938559651374817,0.3495043218135834,-0.49763399362564089,-0.14505815505981446,0.9035483002662659,0.40318548679351809,0.5905512571334839,-0.2478853464126587,0.7679855823516846],"EasingStyle":"Linear","EasingDirection":"Out"}}},{"Time":0.1666666716337204,"poses":{"Left Leg":{"Weight":1,"CFrame":[-0.3230105936527252,0.42073875665664675,0.3630807399749756,0.8103705048561096,-0.35826539993286135,0.46362224221229555,0.19038356840610505,0.9093453884124756,0.36992573738098147,-0.5541242957115173,-0.2115108221769333,0.8051145076751709],"EasingStyle":"Linear","EasingDirection":"Out"},"Right Arm":{"Weight":1,"CFrame":[0.10435589402914047,0.0905647873878479,0.5457906723022461,-0.6829776167869568,-0.6855453252792358,-0.2521291971206665,-0.12346908450126648,-0.23185688257217408,0.9648822546005249,-0.7199284434318543,0.6901232004165649,0.0737094059586525],"EasingStyle":"Linear","EasingDirection":"Out"},"Left Arm":{"Weight":1,"CFrame":[-0.5169761180877686,-0.40341004729270937,0.6741701364517212,-0.9385263323783875,0.3375142216682434,-0.07247467339038849,-0.05437291041016579,0.06279370933771134,0.9965443015098572,0.3408987522125244,0.9392236471176148,-0.04058215767145157],"EasingStyle":"Linear","EasingDirection":"Out"},"Head":{"Weight":1,"CFrame":[1.458392944186926e-7,1.2300006346777082e-8,1.1920928955078126e-7,0.9995922446250916,-0.014784369617700577,-0.02442980743944645,0.013811747543513775,0.9991235733032227,-0.039513275027275088,0.024992577731609346,0.03915974870324135,0.9989203810691834],"EasingStyle":"Linear","EasingDirection":"Out"},"Torso":{"Weight":1,"CFrame":[-3.319961194847565e-9,4.608657344640221e-10,-0.39357948303222659,0.9999514818191528,0.0025041799526661636,0.009525141678750515,-0.0033769002184271814,0.9956846237182617,0.09274014830589295,-0.009251799434423447,-0.09276781976222992,0.9956448078155518],"EasingStyle":"Linear","EasingDirection":"Out"},"HumanoidRootPart":{"Weight":0,"CFrame":[0,0,0,1,0,0,0,1,0,0,0,1],"EasingStyle":"Linear","EasingDirection":"In"},"Right Leg":{"Weight":1,"CFrame":[0.26815131306648257,0.408669114112854,0.2560468912124634,0.7979815602302551,0.32646533846855166,-0.5066021680831909,-0.12371963262557984,0.9114124178886414,0.3924550712108612,0.5898464918136597,-0.25049519538879397,0.7676804065704346],"EasingStyle":"Linear","EasingDirection":"Out"}}},{"Time":0.18333333730697633,"poses":{"Left Leg":{"Weight":1,"CFrame":[-0.30383339524269106,0.40706175565719607,0.36159205436706545,0.8168211579322815,-0.3316401243209839,0.4720360040664673,0.16760163009166718,0.9193704128265381,0.35590416193008425,-0.5520080327987671,-0.2115960419178009,0.8065446019172669],"EasingStyle":"Linear","EasingDirection":"Out"},"Right Arm":{"Weight":1,"CFrame":[0.14900843799114228,0.08631521463394165,0.5391809940338135,-0.6756458282470703,-0.6889350414276123,-0.2624334394931793,-0.17896167933940888,-0.19205714762210847,0.964928388595581,-0.7151750922203064,0.6989152431488037,0.006469308398663998],"EasingStyle":"Linear","EasingDirection":"Out"},"Left Arm":{"Weight":1,"CFrame":[-0.5146300792694092,-0.4529857039451599,0.6559972763061523,-0.9408003687858582,0.3261534869670868,-0.09229583293199539,-0.06308544427156449,0.09905284643173218,0.9930804371833801,0.3330388069152832,0.9401130080223084,-0.07261321693658829],"EasingStyle":"Linear","EasingDirection":"Out"},"Head":{"Weight":1,"CFrame":[1.4998659025877715e-7,-3.35721779265441e-8,-5.960464477539063e-8,0.9994860887527466,-0.007945497520267964,-0.031055094674229623,0.006904037669301033,0.99941486120224,-0.03350042179226875,0.031303104013204578,0.03326879069209099,0.9989560842514038],"EasingStyle":"Linear","EasingDirection":"Out"},"Torso":{"Weight":1,"CFrame":[-6.8862320290463689e-9,4.6086343075124605e-10,-0.3699607849121094,0.9999625086784363,0.0012744991108775139,0.008565543219447136,-0.0019383573671802879,0.9969555735588074,0.07794784754514694,-0.00844012200832367,-0.0779615193605423,0.996920645236969],"EasingStyle":"Linear","EasingDirection":"Out"},"HumanoidRootPart":{"Weight":0,"CFrame":[0,0,0,1,0,0,0,1,0,0,0,1],"EasingStyle":"Linear","EasingDirection":"In"},"Right Leg":{"Weight":1,"CFrame":[0.24741317331790925,0.3948245048522949,0.2529100179672241,0.8016026020050049,0.30111294984817507,-0.5164922475814819,-0.10029274970293045,0.9193904399871826,0.38034534454345705,0.589384913444519,-0.2530854046344757,0.7671852111816406],"EasingStyle":"Linear","EasingDirection":"Out"}}},{"Time":0.20000000298023225,"poses":{"Left Leg":{"Weight":1,"CFrame":[-0.29624447226524355,0.4074116349220276,0.36180710792541506,0.8217103481292725,-0.307668536901474,0.4797207713127136,0.1473945677280426,0.9278461933135986,0.3426022231578827,-0.5505151152610779,-0.2108115553855896,0.8077695965766907],"EasingStyle":"Linear","EasingDirection":"Out"},"Right Arm":{"Weight":1,"CFrame":[0.2526836097240448,0.07326793670654297,0.5005512237548828,-0.6699743270874023,-0.6960451602935791,-0.25817713141441347,-0.20951277017593385,-0.15635550022125245,0.9652239680290222,-0.7122069597244263,0.7007667422294617,-0.04107600077986717],"EasingStyle":"Linear","EasingDirection":"Out"},"Left Arm":{"Weight":1,"CFrame":[-0.5142949223518372,-0.5009645819664002,0.5972793102264404,-0.9413710832595825,0.3156140148639679,-0.11919814348220825,-0.0831139013171196,0.12546801567077638,0.9886100888252258,0.3269748091697693,0.940555989742279,-0.0918799638748169],"EasingStyle":"Linear","EasingDirection":"Out"},"Head":{"Weight":1,"CFrame":[1.5159821487031878e-7,1.6881358533282765e-9,-4.172325134277344e-7,0.9993253350257874,0.0008707859087735415,-0.03671682998538017,-0.0020210896618664266,0.9995079040527344,-0.03130360692739487,0.03667149692773819,0.031356699764728549,0.9988353252410889],"EasingStyle":"Linear","EasingDirection":"Out"},"Torso":{"Weight":1,"CFrame":[-7.989029882082832e-9,4.6086270910628e-10,-0.3626575469970703,0.9999700784683228,0.00021044898312538862,0.007732025347650051,-0.0006854802486486733,0.9981077313423157,0.06148569658398628,-0.007704454939812422,-0.061489157378673556,0.9980779886245728],"EasingStyle":"Linear","EasingDirection":"Out"},"HumanoidRootPart":{"Weight":0,"CFrame":[0,0,0,1,0,0,0,1,0,0,0,1],"EasingStyle":"Linear","EasingDirection":"In"},"Right Leg":{"Weight":1,"CFrame":[0.23860518634319306,0.3952080011367798,0.2520507574081421,0.8040029406547546,0.27831244468688967,-0.5254725217819214,-0.07964839786291123,0.9261459708213806,0.3686593770980835,0.589266836643219,-0.2545502185821533,0.7667913436889648],"EasingStyle":"Linear","EasingDirection":"Out"}}},{"Time":0.21666666865348817,"poses":{"Left Leg":{"Weight":1,"CFrame":[-0.2980271577835083,0.41992461681365969,0.36325883865356448,0.8248450756072998,-0.28875017166137698,0.4860595166683197,0.13169074058532716,0.9342174530029297,0.3315046727657318,-0.5498073697090149,-0.2094304859638214,0.8086103796958923],"EasingStyle":"Linear","EasingDirection":"Out"},"Right Arm":{"Weight":1,"CFrame":[0.41323137283325198,0.050658464431762698,0.40762245655059817,-0.6677334904670715,-0.7043529152870178,-0.2408711314201355,-0.21521057188510896,-0.12709954380989076,0.9682613611221314,-0.7126123309135437,0.6983785629272461,-0.06671569496393204],"EasingStyle":"Linear","EasingDirection":"Out"},"Left Arm":{"Weight":1,"CFrame":[-0.521961510181427,-0.5455538034439087,0.495198130607605,-0.9387595653533936,0.3083594739437103,-0.15376895666122437,-0.11249635368585587,0.14753031730651856,0.9826390147209168,0.32569169998168948,0.9397602081298828,-0.10380613058805466],"EasingStyle":"Linear","EasingDirection":"Out"},"Head":{"Weight":1,"CFrame":[1.5151272236835212e-7,-7.002881829976104e-9,2.384185791015625e-7,0.9990877509117127,0.012606346048414708,-0.04080187901854515,-0.013918737880885601,0.9993895888328552,-0.032042354345321658,0.04037303477525711,0.032581035047769549,0.9986533522605896],"EasingStyle":"Linear","EasingDirection":"Out"},"Torso":{"Weight":1,"CFrame":[-6.9175030148471709e-9,4.608634029956704e-10,-0.3697538375854492,0.9999749064445496,-0.000515769119374454,0.007068426348268986,0.00019201019313186407,0.9989539384841919,0.045727893710136417,-0.007084617391228676,-0.04572538658976555,0.9989289045333862],"EasingStyle":"Linear","EasingDirection":"Out"},"HumanoidRootPart":{"Weight":0,"CFrame":[0,0,0,1,0,0,0,1,0,0,0,1],"EasingStyle":"Linear","EasingDirection":"In"},"Right Leg":{"Weight":1,"CFrame":[0.23980461061000825,0.4079732298851013,0.2530984878540039,0.8053564429283142,0.260290265083313,-0.532588005065918,-0.06371883302927017,0.9312474131584168,0.3587730824947357,0.5893563628196716,-0.25500431656837466,0.7665715217590332],"EasingStyle":"Linear","EasingDirection":"Out"}}},{"Time":0.23333333432674409,"poses":{"Left Leg":{"Weight":1,"CFrame":[-0.3035316467285156,0.43948137760162356,0.3643820285797119,0.8269668221473694,-0.2730170488357544,0.491515576839447,0.11851219087839127,0.9391935467720032,0.32228922843933108,-0.5496187210083008,-0.2082718312740326,0.8090377449989319],"EasingStyle":"Linear","EasingDirection":"Out"},"Right Arm":{"Weight":1,"CFrame":[0.6013835072517395,0.016447067260742189,0.2618037462234497,-0.6655426621437073,-0.7138747572898865,-0.2177976369857788,-0.2055034041404724,-0.10525848716497421,0.9729794263839722,-0.717510461807251,0.6923174262046814,-0.0766497328877449],"EasingStyle":"Linear","EasingDirection":"Out"},"Left Arm":{"Weight":1,"CFrame":[-0.5444652438163757,-0.5864871740341187,0.3608492612838745,-0.9320049285888672,0.30382925271987917,-0.19762250781059266,-0.15026627480983735,0.17226992547512055,0.9735209345817566,0.32982853055000307,0.93702232837677,-0.11490155011415482],"EasingStyle":"Linear","EasingDirection":"Out"},"Head":{"Weight":1,"CFrame":[1.504686224507168e-7,2.6461748348083349e-9,-1.7881393432617188e-7,0.9987037777900696,0.02616898901760578,-0.04365760087966919,-0.02766490913927555,0.9990381598472595,-0.03401992842555046,0.042725346982479098,0.0351836159825325,0.9984671473503113],"EasingStyle":"Linear","EasingDirection":"Out"},"Torso":{"Weight":1,"CFrame":[-4.631203864846611e-9,4.6086490179675368e-10,-0.38489532470703127,0.9999780058860779,-0.0009405302698723972,0.006569485645741224,0.0007364259799942374,0.9995190501213074,0.031002148985862733,-0.00659548444673419,-0.03099662996828556,0.9994977116584778],"EasingStyle":"Linear","EasingDirection":"Out"},"HumanoidRootPart":{"Weight":0,"CFrame":[0,0,0,1,0,0,0,1,0,0,0,1],"EasingStyle":"Linear","EasingDirection":"In"},"Right Leg":{"Weight":1,"CFrame":[0.24528516829013825,0.4277055263519287,0.2542710304260254,0.8062493801116943,0.24520596861839295,-0.5383642315864563,-0.050513289868831637,0.9352627992630005,0.35033118724823,0.5894152522087097,-0.2552596926689148,0.7664411664009094],"EasingStyle":"Linear","EasingDirection":"Out"}}},{"Time":0.25,"poses":{"Left Leg":{"Weight":1,"CFrame":[-0.3097369074821472,0.4634302854537964,0.36419856548309328,0.82854163646698,-0.2589578330516815,0.4964468777179718,0.10633306205272675,0.9432621598243713,0.31456291675567629,-0.5497381687164307,-0.20783980190753938,0.8090677857398987],"EasingStyle":"Linear","EasingDirection":"Out"},"Right Arm":{"Weight":1,"CFrame":[0.78108811378479,-0.03172251582145691,0.0704272985458374,-0.6645334362983704,-0.7224657535552979,-0.19088885188102723,-0.18554778397083283,-0.08791991323232651,0.9786940813064575,-0.7238559126853943,0.685793936252594,-0.07562626153230667],"EasingStyle":"Linear","EasingDirection":"Out"},"Left Arm":{"Weight":1,"CFrame":[-0.581062376499176,-0.623877227306366,0.20880794525146485,-0.9199458956718445,0.30004894733428957,-0.2523293197154999,-0.1954367756843567,0.20696350932121278,0.9586296081542969,0.3398588001728058,0.9312017560005188,-0.1317543089389801],"EasingStyle":"Linear","EasingDirection":"Out"},"Head":{"Weight":1,"CFrame":[1.5354453353211285e-7,-3.417426341911778e-9,-5.960464477539063e-8,0.998153030872345,0.03992854803800583,-0.0457853302359581,-0.04156442731618881,0.9985101819038391,-0.03535190224647522,0.04430557042360306,0.037189651280641559,0.9983255863189697],"EasingStyle":"Linear","EasingDirection":"Out"},"Torso":{"Weight":1,"CFrame":[-1.6321806128871686e-9,4.6086684468704677e-10,-0.404757022857666,0.9999799728393555,-0.001140114851295948,0.006222198251634836,0.0010333519894629717,0.9998526573181152,0.017134707421064378,-0.0062408167868852619,-0.017127934843301774,0.9998338222503662],"EasingStyle":"Linear","EasingDirection":"Out"},"HumanoidRootPart":{"Weight":0,"CFrame":[0,0,0,1,0,0,0,1,0,0,0,1],"EasingStyle":"Linear","EasingDirection":"In"},"Right Leg":{"Weight":1,"CFrame":[0.25189363956451418,0.45156329870224,0.2544060945510864,0.8069676756858826,0.23161821067333222,-0.543282687664032,-0.038488227874040607,0.9385583400726318,0.34296777844429018,0.5893401503562927,-0.25585389137268069,0.7663009166717529],"EasingStyle":"Linear","EasingDirection":"Out"}}},{"Time":0.2666666805744171,"poses":{"Left Leg":{"Weight":1,"CFrame":[-0.31422024965286257,0.48857253789901736,0.36228156089782717,0.8298806548118591,-0.24524353444576264,0.5011523365974426,0.09392063319683075,0.9468041658401489,0.30779993534088137,-0.5499790906906128,-0.2083686888217926,0.8087679147720337],"EasingStyle":"Linear","EasingDirection":"Out"},"Right Arm":{"Weight":1,"CFrame":[0.9232978820800781,-0.09452149271965027,-0.1549597978591919,-0.6649079322814941,-0.72884601354599,-0.16334326565265656,-0.1604844331741333,-0.07417581975460053,0.9842472672462463,-0.7294807434082031,0.6806477904319763,-0.06764824688434601],"EasingStyle":"Linear","EasingDirection":"Out"},"Left Arm":{"Weight":1,"CFrame":[-0.6307761669158936,-0.6578353643417358,0.05083668231964111,-0.901431143283844,0.29589584469795229,-0.3160182535648346,-0.2450217604637146,0.25309816002845766,0.9358983039855957,0.3569120466709137,0.9210792183876038,-0.15564978122711183],"EasingStyle":"Linear","EasingDirection":"Out"},"Head":{"Weight":1,"CFrame":[1.4979377738200129e-7,4.1745806811377408e-10,-4.172325134277344e-7,0.9974943995475769,0.05240238085389137,-0.047528382390737537,-0.054068900644779208,0.9979416131973267,-0.03448251634836197,0.04562358558177948,0.03696592152118683,0.9982745051383972],"EasingStyle":"Linear","EasingDirection":"Out"},"Torso":{"Weight":1,"CFrame":[1.5336993897108187e-9,4.608688985996423e-10,-0.4257235527038574,0.999981164932251,-0.0011916296789422632,0.00601651705801487,0.001167872454971075,0.9999915361404419,0.003950634505599737,-0.006021174136549234,-0.0039435336366295818,0.9999740719795227],"EasingStyle":"Linear","EasingDirection":"Out"},"HumanoidRootPart":{"Weight":0,"CFrame":[0,0,0,1,0,0,0,1,0,0,0,1],"EasingStyle":"Linear","EasingDirection":"In"},"Right Leg":{"Weight":1,"CFrame":[0.25709590315818789,0.4762139320373535,0.2529844045639038,0.8076526522636414,0.21827968955039979,-0.5477692484855652,-0.026435285806655885,0.9414296746253967,0.3361715078353882,0.589065670967102,-0.2570294141769409,0.7661184668540955],"EasingStyle":"Linear","EasingDirection":"Out"}}},{"Time":0.28333333134651186,"poses":{"Left Leg":{"Weight":1,"CFrame":[-0.315895676612854,0.5124359130859375,0.3588677644729614,0.8311193585395813,-0.23108917474746705,0.505804717540741,0.08067688345909119,0.9500505328178406,0.30148839950561526,-0.5502107739448547,-0.20976607501506806,0.8082489371299744],"EasingStyle":"Linear","EasingDirection":"Out"},"Right Arm":{"Weight":1,"CFrame":[1.026340126991272,-0.16587021946907044,-0.3847081661224365,-0.6641578674316406,-0.7340241074562073,-0.14178451895713807,-0.1380731463432312,-0.0659547820687294,0.9882235527038574,-0.7347313761711121,0.6759131550788879,-0.057544536888599399],"EasingStyle":"Linear","EasingDirection":"Out"},"Left Arm":{"Weight":1,"CFrame":[-0.6916989088058472,-0.6884647607803345,-0.11254900693893433,-0.8774511814117432,0.29900887608528139,-0.3750641345977783,-0.29058969020843508,0.2907378077507019,0.9116079807281494,0.3816241919994354,0.9088813066482544,-0.16821935772895814],"EasingStyle":"Linear","EasingDirection":"Out"},"Head":{"Weight":1,"CFrame":[1.5164641808951274e-7,-1.513853931101039e-9,1.1920928955078126e-7,0.9968298077583313,0.06273221969604492,-0.0489383190870285,-0.06430146098136902,0.9974433779716492,-0.031177522614598275,0.04685737192630768,0.03422548249363899,0.9983150959014893],"EasingStyle":"Linear","EasingDirection":"Out"},"Torso":{"Weight":1,"CFrame":[4.471630177249608e-9,4.608708137343598e-10,-0.44518089294433596,0.9999816417694092,-0.0011727927485480905,0.00594489136710763,0.0012246418045833707,0.9999611973762512,-0.008725485764443875,-0.005934427492320538,0.00873260572552681,0.999944269657135],"EasingStyle":"Linear","EasingDirection":"Out"},"HumanoidRootPart":{"Weight":0,"CFrame":[0,0,0,1,0,0,0,1,0,0,0,1],"EasingStyle":"Linear","EasingDirection":"In"},"Right Leg":{"Weight":1,"CFrame":[0.2597165107727051,0.4991453289985657,0.25023579597473147,0.8083019852638245,0.20449687540531159,-0.5521131157875061,-0.013806751929223538,0.9440686702728272,0.32945969700813296,0.5886061787605286,-0.2586801052093506,0.7659160494804382],"EasingStyle":"Linear","EasingDirection":"Out"}}},{"Time":0.30000001192092898,"poses":{"Left Leg":{"Weight":1,"CFrame":[-0.31473076343536379,0.533899188041687,0.3544042110443115,0.8322771787643433,-0.21621853113174439,0.5104550123214722,0.06653514504432678,0.9531055688858032,0.29523348808288576,-0.5503523945808411,-0.21175286173820496,0.8076341152191162],"EasingStyle":"Linear","EasingDirection":"Out"},"Right Arm":{"Weight":1,"CFrame":[1.0940136909484864,-0.23800408840179444,-0.583521842956543,-0.6606727838516235,-0.7389180064201355,-0.1323314607143402,-0.12431260943412781,-0.06615467369556427,0.9900352954864502,-0.7403092980384827,0.6705398559570313,-0.04815029352903366],"EasingStyle":"Linear","EasingDirection":"Out"},"Left Arm":{"Weight":1,"CFrame":[-0.7616897821426392,-0.715870201587677,-0.2836490869522095,-0.849055826663971,0.31588825583457949,-0.423460453748703,-0.3308356702327728,0.3070038855075836,0.892354428768158,0.4118882715702057,0.8977545499801636,-0.15615630149841309],"EasingStyle":"Linear","EasingDirection":"Out"},"Head":{"Weight":1,"CFrame":[1.5172008716035635e-7,-3.474269760772586e-10,-1.7881393432617188e-7,0.9962813258171082,0.07020525634288788,-0.04994797706604004,-0.0715455636382103,0.9971095323562622,-0.02557036653161049,0.048008427023887637,0.029048841446638109,0.9984244108200073],"EasingStyle":"Linear","EasingDirection":"Out"},"Torso":{"Weight":1,"CFrame":[7.030955373465986e-9,4.608724790688967e-10,-0.4621305465698242,0.999981701374054,-0.0011487387819215656,0.005939448717981577,0.0012734243646264077,0.9997779726982117,-0.02103179320693016,-0.005913970526307821,0.021038971841335298,0.999761164188385],"EasingStyle":"Linear","EasingDirection":"Out"},"HumanoidRootPart":{"Weight":0,"CFrame":[0,0,0,1,0,0,0,1,0,0,0,1],"EasingStyle":"Linear","EasingDirection":"In"},"Right Leg":{"Weight":1,"CFrame":[0.2597655653953552,0.5194112658500671,0.24660980701446534,0.8088433742523193,0.19012239575386048,-0.5564404726028442,-0.0005273493006825447,0.9465224742889404,0.32263749837875368,0.5880239605903626,-0.2606697678565979,0.7656886577606201],"EasingStyle":"Linear","EasingDirection":"Out"}}},{"Time":0.3166666626930237,"poses":{"Left Leg":{"Weight":1,"CFrame":[-0.31147444248199465,0.5522520542144775,0.34976327419281008,0.8332680463790894,-0.20093658566474915,0.5150619149208069,0.05202093347907066,0.9559787511825562,0.2887880504131317,-0.5504164099693298,-0.21384379267692567,0.8070394396781921],"EasingStyle":"Linear","EasingDirection":"Out"},"Right Arm":{"Weight":1,"CFrame":[1.1287860870361329,-0.3031565546989441,-0.7186146974563599,-0.655420