{"Sequence":[{"Time":0,"poses":{"Left Leg":{"Weight":1,"CFrame":[-0.18913336098194123,0.21760106086730958,0.04842972755432129,0.9214826822280884,0.3380098044872284,0.19136124849319459,-0.34261131286621096,0.9394288063049316,-0.0095412852242589,-0.18299539387226106,-0.05677041411399841,0.9814733862876892],"EasingStyle":"Constant","EasingDirection":"In"},"Right Leg":{"Weight":1,"CFrame":[0.17164570093154908,0.20787101984024049,0.0615009069442749,0.9126677513122559,-0.34063249826431277,-0.22584748268127442,0.3412359952926636,0.9392247796058655,-0.037615228444337848,0.22493457794189454,-0.04273710027337074,0.9734362363815308],"EasingStyle":"Constant","EasingDirection":"In"},"Left Arm":{"Weight":1,"CFrame":[-0.21775180101394654,-0.26848524808883669,-0.003145754337310791,0.8551302552223206,0.5151466727256775,-0.05810582637786865,-0.4797506332397461,0.8288421630859375,0.2878541052341461,0.19644765555858613,-0.21827654540538789,0.9559099078178406],"EasingStyle":"Constant","EasingDirection":"In"},"Right Arm":{"Weight":1,"CFrame":[0.2841658592224121,-0.22413739562034608,-0.03250330686569214,0.7785641551017761,-0.6251149773597717,-0.05539859086275101,0.6254647374153137,0.7657130360603333,0.1499251425266266,-0.051301080733537677,-0.15137632191181184,0.9871440529823303],"EasingStyle":"Constant","EasingDirection":"In"},"Torso":{"Weight":1,"CFrame":[-0.03374151885509491,-0.23230934143066407,-0.18677043914794923,0.9999869465827942,0.0035587865859270097,-0.0036918320693075659,-0.004790403414517641,0.9051885604858398,-0.42498326301574709,0.0018293798202648759,0.4249953627586365,0.9051936864852905],"EasingStyle":"Constant","EasingDirection":"In"},"HumanoidRootPart":{"Weight":0,"CFrame":[0,0,0,1,0,0,0,1,0,0,0,1],"EasingStyle":"Linear","EasingDirection":"In"},"Head":{"Weight":1,"CFrame":[7.101334631443024e-8,1.1852534953504801e-7,1.1920928955078126e-7,0.9691823720932007,-0.08336902409791947,0.23180855810642243,0.1929776817560196,0.8418254852294922,-0.5040729641914368,-0.15311826765537263,0.5332725048065186,0.8319706916809082],"EasingStyle":"Constant","EasingDirection":"In"}}},{"Time":0.07708333432674408,"poses":{"Left Leg":{"Weight":1,"CFrame":[-0.9981142282485962,0.1400291919708252,0.011925816535949707,0.6224474906921387,-0.7823124527931213,0.023377591744065286,0.7770273685455322,0.6212683916091919,0.10126345604658127,-0.09374343603849411,-0.04486612230539322,0.9945850372314453],"EasingStyle":"Constant","EasingDirection":"In"},"Right Leg":{"Weight":1,"CFrame":[0.5055721402168274,0.3091377019882202,0.01631951332092285,0.9770621061325073,0.17442293465137483,-0.12217359244823456,-0.14942219853401185,0.9702930450439453,0.19027505815029145,0.15173247456550599,-0.16765515506267548,0.9740990996360779],"EasingStyle":"Constant","EasingDirection":"In"},"Left Arm":{"Weight":1,"CFrame":[0.013960808515548706,-0.1644079089164734,0.15133202075958253,0.6930623650550842,0.4557403326034546,-0.5585386753082275,-0.24186836183071137,0.8769004344940186,0.4153856635093689,0.6790907382965088,-0.15279532968997956,0.7179758548736572],"EasingStyle":"Constant","EasingDirection":"In"},"Right Arm":{"Weight":1,"CFrame":[-0.041629306972026828,-0.1959705948829651,0.04612100124359131,0.9629796147346497,-0.26119861006736758,-0.06667560338973999,0.2688884735107422,0.9130512475967407,0.3066536486148834,-0.01921929605305195,-0.3132295310497284,0.9494830369949341],"EasingStyle":"Constant","EasingDirection":"In"},"Torso":{"Weight":1,"CFrame":[-0.1805131733417511,-0.39754369854927065,-0.00874018669128418,0.9489955902099609,0.27959632873535159,-0.14571639895439149,-0.3035511076450348,0.9351651072502136,-0.1825457662343979,0.08522976189851761,0.21746748685836793,0.9723394513130188],"EasingStyle":"Constant","EasingDirection":"In"},"HumanoidRootPart":{"Weight":0,"CFrame":[0,0,0,1,0,0,0,1,0,0,0,1],"EasingStyle":"Linear","EasingDirection":"In"},"Head":{"Weight":1,"CFrame":[8.940696716308594e-8,8.195638656616211e-8,-1.1920928955078126e-7,0.902633547782898,0.42540091276168826,0.0654732957482338,-0.43010616302490237,0.8972136378288269,0.10008261352777481,-0.016168300062417985,-0.11849839985370636,0.9928226470947266],"EasingStyle":"Constant","EasingDirection":"In"}}},{"Time":0.1537500023841858,"poses":{"Left Leg":{"Weight":1,"CFrame":[-0.3933972716331482,0.32772642374038699,0.14223945140838624,0.938544511795044,-0.11331625282764435,0.3260270655155182,0.09577519446611405,0.9929797053337097,0.06941588968038559,-0.3316042721271515,-0.03392454981803894,0.9428085684776306],"EasingStyle":"Constant","EasingDirection":"In"},"Right Leg":{"Weight":1,"CFrame":[0.000012673437595367432,0.08813375234603882,0.1964792013168335,0.7074550986289978,0.13856595754623414,-0.6930417418479919,-0.2120935320854187,0.9770203232765198,-0.021160200238227845,0.6741837859153748,0.1619594544172287,0.720586895942688],"EasingStyle":"Constant","EasingDirection":"In"},"Left Arm":{"Weight":1,"CFrame":[0.1256106197834015,0.2658740282058716,0.05310344696044922,-0.3117365539073944,0.8353255391120911,0.4528260827064514,-0.8480379581451416,-0.45954596996307375,0.2639113664627075,0.4285462200641632,-0.30174294114112856,0.8516450524330139],"EasingStyle":"Constant","EasingDirection":"In"},"Right Arm":{"Weight":1,"CFrame":[0.5221002101898193,0.3782314658164978,0.14362025260925294,-0.31070607900619509,-0.8190878033638,-0.48224154114723208,0.9492011666297913,-0.29395514726638796,-0.11228282749652863,-0.04978795349597931,-0.49263128638267519,0.8688127994537354],"EasingStyle":"Constant","EasingDirection":"In"},"Torso":{"Weight":1,"CFrame":[-0.0041433945298194889,-0.43618178367614748,0.19643139839172364,0.9957224726676941,-0.08266892284154892,0.04126482829451561,0.09000196307897568,0.9688193798065186,-0.2308434247970581,-0.020894592627882959,0.23356987535953523,0.9721155166625977],"EasingStyle":"Constant","EasingDirection":"In"},"HumanoidRootPart":{"Weight":0,"CFrame":[0,0,0,1,0,0,0,1,0,0,0,1],"EasingStyle":"Linear","EasingDirection":"In"},"Head":{"Weight":1,"CFrame":[4.842877388000488e-8,-4.6566128730773929e-8,0,0.9954560995101929,-0.07236699759960175,0.06188897788524628,0.07462380081415177,0.9965986609458923,-0.03496350347995758,-0.05914825573563576,0.039423029869794849,0.997470498085022],"EasingStyle":"Constant","EasingDirection":"In"}}},{"Time":0.23083333671092988,"poses":{"Left Leg":{"Weight":1,"CFrame":[-0.5296399593353272,0.09650743007659912,0.14621269702911378,0.8571918606758118,-0.45284992456436159,0.24525336921215058,0.4574468731880188,0.8882760405540466,0.041328899562358859,-0.23656848073005677,0.0767635926604271,0.9685777425765991],"EasingStyle":"Constant","EasingDirection":"In"},"Right Leg":{"Weight":1,"CFrame":[0.5059855580329895,0.36702996492385867,0.37558233737945559,0.5652193427085877,0.6051759123802185,-0.5606152415275574,-0.5751292705535889,0.776272714138031,0.2581222951412201,0.5913996696472168,0.17653048038482667,0.7868185043334961],"EasingStyle":"Constant","EasingDirection":"In"},"Left Arm":{"Weight":1,"CFrame":[-0.06752963364124298,-0.5708813071250916,0.1526658535003662,-0.04549719765782356,0.7858313918113709,-0.6167650818824768,-0.8210062980651856,0.32231685519218447,0.47123321890830996,0.5691035389900208,0.5278075933456421,0.6305078268051148],"EasingStyle":"Constant","EasingDirection":"In"},"Right Arm":{"Weight":1,"CFrame":[0.03314824402332306,-0.5481266379356384,-0.05264270305633545,0.24130457639694215,-0.9692280888557434,0.048673130571842197,0.9534528255462647,0.24612581729888917,0.17421245574951173,-0.18083132803440095,0.00436930637806654,0.9835044145584106],"EasingStyle":"Constant","EasingDirection":"In"},"Torso":{"Weight":1,"CFrame":[0.15878967940807343,0.2009393572807312,-0.27227163314819338,0.9343148469924927,0.35610902309417727,0.01556282490491867,-0.3553291857242584,0.9270336031913757,0.11979103088378906,0.02823140285909176,-0.1174524649977684,0.9926771521568298],"EasingStyle":"Constant","EasingDirection":"In"},"HumanoidRootPart":{"Weight":0,"CFrame":[0,0,0,1,0,0,0,1,0,0,0,1],"EasingStyle":"Linear","EasingDirection":"In"},"Head":{"Weight":1,"CFrame":[4.470348358154297e-8,7.450580596923828e-9,1.1920928955078126e-7,0.999478280544281,0.030368445441126825,0.011001760140061379,-0.026349835097789766,0.9635997414588928,-0.2660475969314575,-0.018680749461054803,0.2656188905239105,0.963897168636322],"EasingStyle":"Constant","EasingDirection":"In"}}},{"Time":0.3075000047683716,"poses":{"Left Leg":{"Weight":1,"CFrame":[0.09889037907123566,0.7455178499221802,0.2282172441482544,0.7531577944755554,0.45017704367637637,0.479681134223938,-0.3921169638633728,0.8926969766616821,-0.2221180647611618,-0.5282024145126343,-0.020801115781068803,0.8488637208938599],"EasingStyle":"Constant","EasingDirection":"In"},"Right Leg":{"Weight":1,"CFrame":[-0.14706841111183167,0.6877410411834717,0.3574988842010498,0.7237417101860046,-0.3202119469642639,-0.6112792491912842,0.15233680605888368,0.9381045699119568,-0.31105247139930727,0.6730465292930603,0.13200125098228455,0.7277252674102783],"EasingStyle":"Constant","EasingDirection":"In"},"Left Arm":{"Weight":1,"CFrame":[0.2412865310907364,-0.11227932572364807,0.34728944301605227,0.607048749923706,0.5531464219093323,-0.5705444812774658,0.13811463117599488,0.6336013078689575,0.7612317800521851,0.7825703024864197,-0.5409053564071655,0.3082292377948761],"EasingStyle":"Constant","EasingDirection":"In"},"Right Arm":{"Weight":1,"CFrame":[-0.07911129295825958,-0.13569852709770204,0.15170514583587647,0.8267796039581299,-0.5550670027732849,0.09130170941352844,0.3600403070449829,0.6468636989593506,0.6722636222839356,-0.4322112798690796,-0.5229417681694031,0.7346602082252502],"EasingStyle":"Constant","EasingDirection":"In"},"Torso":{"Weight":1,"CFrame":[-0.013779871165752411,0.17007684707641602,-0.8224201202392578,0.9996899366378784,-0.021445486694574357,-0.012655199505388737,0.01063821092247963,0.8273243308067322,-0.5616238117218018,0.02251425012946129,0.5613150596618652,0.8272959589958191],"EasingStyle":"Constant","EasingDirection":"In"},"HumanoidRootPart":{"Weight":0,"CFrame":[0,0,0,1,0,0,0,1,0,0,0,1],"EasingStyle":"Linear","EasingDirection":"In"},"Head":{"Weight":1,"CFrame":[2.6542693376541139e-8,-2.2596213966608048e-7,0,0.9936162829399109,-0.0691065788269043,-0.089168019592762,0.024546919390559198,0.903911828994751,-0.4270141124725342,0.11010948568582535,0.4220993220806122,0.899837851524353],"EasingStyle":"Constant","EasingDirection":"In"}}},{"Time":0.38458332419395449,"poses":{"Left Leg":{"Weight":1,"CFrame":[-0.3420927822589874,0.1997200846672058,-0.005497157573699951,0.9930797219276428,0.11572922021150589,0.019986141473054887,-0.11683429777622223,0.9908221364021301,0.06798027455806732,-0.011935483664274216,-0.06984487175941467,0.9974864721298218],"EasingStyle":"Constant","EasingDirection":"In"},"Right Leg":{"Weight":1,"CFrame":[0.2510930299758911,0.21666038036346436,0.1607896089553833,0.9051877856254578,0.0775965228676796,-0.41786816716194155,-0.07530142366886139,0.9969180822372437,0.022005639970302583,0.41828784346580508,0.0115467868745327,0.9082411527633667],"EasingStyle":"Constant","EasingDirection":"In"},"Left Arm":{"Weight":1,"CFrame":[0.16431628167629243,-0.27531853318214419,0.17109370231628419,0.5965976715087891,0.653269350528717,-0.4661658704280853,-0.6035842895507813,0.7480616569519043,0.27584347128868105,0.5289208292961121,0.11680280417203903,0.8405949473381043],"EasingStyle":"Constant","EasingDirection":"In"},"Right Arm":{"Weight":1,"CFrame":[-0.39136579632759097,-0.3407594561576843,0.01448512077331543,0.7861527800559998,-0.606815755367279,0.11721116304397583,0.5013011693954468,0.7370176911354065,0.45332345366477969,-0.36147040128707888,-0.2976234555244446,0.88360595703125],"EasingStyle":"Constant","EasingDirection":"In"},"Torso":{"Weight":1,"CFrame":[-0.08467653393745423,0.10782819986343384,-0.16019511222839356,0.9839891195297241,-0.17696978151798249,-0.0211451705545187,0.17042218148708344,0.9689729809761047,-0.17901860177516938,0.052169982343912128,0.17254875600337983,0.983618438243866],"EasingStyle":"Constant","EasingDirection":"In"},"HumanoidRootPart":{"Weight":0,"CFrame":[0,0,0,1,0,0,0,1,0,0,0,1],"EasingStyle":"Linear","EasingDirection":"In"},"Head":{"Weight":1,"CFrame":[7.078051567077637e-8,-1.4901161193847657e-8,0,0.9965028166770935,0.08133810013532639,-0.01914273574948311,-0.0832764282822609,0.9855743646621704,-0.14733709394931794,0.006882474757730961,0.1484159678220749,0.9889010787010193],"EasingStyle":"Constant","EasingDirection":"In"}}},{"Time":0.46166667342185976,"poses":{"Left Leg":{"Weight":1,"CFrame":[-0.5084311962127686,0.2609948515892029,0.16727805137634278,0.9111987352371216,-0.2904244065284729,0.2921825051307678,0.29109299182891848,0.9557631611824036,0.04221104457974434,-0.29151633381843569,0.046589676290750507,0.9554306268692017],"EasingStyle":"Constant","EasingDirection":"In"},"Right Leg":{"Weight":1,"CFrame":[0.6727604269981384,0.3758339285850525,-0.2458646297454834,0.9615545272827148,0.04076792672276497,0.2715713381767273,-0.10027143359184265,0.9727609157562256,0.20900212228298188,-0.2556532919406891,-0.22819779813289643,0.9394504427909851],"EasingStyle":"Constant","EasingDirection":"In"},"Left Arm":{"Weight":1,"CFrame":[0.20670774579048158,-0.26229485869407656,0.04241645336151123,0.7249487638473511,0.640616238117218,-0.2531013786792755,-0.42841047048568728,0.7070797681808472,0.562585711479187,0.5393643379211426,-0.29941457509994509,0.7870432734489441],"EasingStyle":"Constant","EasingDirection":"In"},"Right Arm":{"Weight":1,"CFrame":[0.3670727610588074,0.04976975917816162,0.10155510902404785,-0.21562142670154572,-0.914023756980896,-0.34361040592193606,0.5964399576187134,-0.401897132396698,0.694793701171875,-0.7731537222862244,-0.0551307238638401,0.6318178772926331],"EasingStyle":"Constant","EasingDirection":"In"},"Torso":{"Weight":1,"CFrame":[0.11107144504785538,0.09580332040786743,-0.299182653427124,0.9748797416687012,0.2227317988872528,0.00015298470680136234,-0.22061920166015626,0.9657272100448608,-0.13674181699752809,-0.030604485422372819,0.13327309489250184,0.9906067252159119],"EasingStyle":"Constant","EasingDirection":"In"},"HumanoidRootPart":{"Weight":0,"CFrame":[0,0,0,1,0,0,0,1,0,0,0,1],"EasingStyle":"Linear","EasingDirection":"In"},"Head":{"Weight":1,"CFrame":[8.009374141693115e-8,8.195638656616211e-8,-2.384185791015625e-7,0.9986811876296997,-0.028054850175976754,0.04299824312329292,0.03578145056962967,0.9809298515319824,-0.19104036688804627,-0.036818649619817737,0.19232693314552308,0.9806399941444397],"EasingStyle":"Constant","EasingDirection":"In"}}},{"Time":0.5383333563804627,"poses":{"Left Leg":{"Weight":1,"CFrame":[-0.36229196190834048,0.7139349579811096,0.11430132389068604,0.9610761404037476,0.21932080388069154,0.16802078485488892,-0.21192453801631928,0.9753817915916443,-0.060980312526226047,-0.1772586852312088,0.022998984903097154,0.9838955998420715],"EasingStyle":"Constant","EasingDirection":"In"},"Right Leg":{"Weight":1,"CFrame":[0.34496888518333437,0.7865756154060364,-0.015160202980041504,0.9523172974586487,-0.25823086500167849,-0.16250693798065186,0.27652058005332949,0.9555799961090088,0.10199597477912903,0.12894995510578156,-0.14206907153129579,0.9814216494560242],"EasingStyle":"Constant","EasingDirection":"In"},"Left Arm":{"Weight":1,"CFrame":[-0.4796065390110016,0.38713109493255618,0.024518847465515138,-0.8661801815032959,-0.2109123021364212,0.4530429542064667,0.22330617904663087,-0.9743832349777222,-0.026677481830120088,0.447064071893692,0.07805974036455155,0.8910894989967346],"EasingStyle":"Constant","EasingDirection":"In"},"Right Arm":{"Weight":1,"CFrame":[0.15645892918109895,-0.5776774287223816,0.1495760679244995,-0.1718815416097641,-0.9713425636291504,0.16416609287261964,0.9101334810256958,-0.09280659258365631,0.4037870466709137,-0.37697985768318179,0.2188166379928589,0.9000030159950256],"EasingStyle":"Constant","EasingDirection":"In"},"Torso":{"Weight":1,"CFrame":[0.08382807672023773,-0.18639874458312989,-0.645143985748291,0.9995655417442322,0.026419302448630334,-0.01307433471083641,-0.029309680685400964,0.8435196280479431,-0.5362980365753174,-0.0031401619780808689,0.5364482402801514,0.8439273834228516],"EasingStyle":"Constant","EasingDirection":"In"},"HumanoidRootPart":{"Weight":0,"CFrame":[0,0,0,1,0,0,0,1,0,0,0,1],"EasingStyle":"Linear","EasingDirection":"In"},"Head":{"Weight":1,"CFrame":[7.82310962677002e-8,6.507616490125656e-8,1.1920928955078126e-7,0.992281973361969,-0.12337123602628708,0.012498896569013596,0.12395304441452027,0.9896867871284485,-0.07180377095937729,-0.0035114875063300134,0.07279880344867706,0.9973405003547669],"EasingStyle":"Constant","EasingDirection":"In"}}},{"Time":0.6154166460037231,"poses":{"Left Leg":{"Weight":1,"CFrame":[-0.38925009965896609,0.29401642084121706,0.05337381362915039,0.9773029088973999,-0.06378684192895889,0.20201531052589417,0.03455600515007973,0.9888209700584412,0.14504842460155488,-0.20900915563106538,-0.13477540016174317,0.9685818552970886],"EasingStyle":"Constant","EasingDirection":"In"},"Right Leg":{"Weight":1,"CFrame":[0.39425498247146609,0.26948297023773196,0.07778823375701904,0.9850195646286011,-0.1079646646976471,-0.1344626098871231,0.09959222376346588,0.992734432220459,-0.06752700358629227,0.14077627658843995,0.05312398448586464,0.9886152148246765],"EasingStyle":"Constant","EasingDirection":"In"},"Left Arm":{"Weight":1,"CFrame":[-0.025520607829093934,-0.2762143313884735,0.060768961906433108,0.6468014121055603,0.6676478385925293,-0.3686386048793793,-0.5863135457038879,0.7444168925285339,0.3194993734359741,0.4877339005470276,0.009485076181590557,0.8729408383369446],"EasingStyle":"Constant","EasingDirection":"In"},"Right Arm":{"Weight":1,"CFrame":[-0.05723118782043457,-0.014001995325088501,0.07184803485870362,-0.5956391096115112,-0.8027762770652771,0.027649030089378358,0.7433229088783264,-0.5378265976905823,0.3977609872817993,-0.30444270372390749,0.2574740946292877,0.9170723557472229],"EasingStyle":"Constant","EasingDirection":"In"},"Torso":{"Weight":1,"CFrame":[-0.1716691553592682,-0.08416348695755005,-0.23613786697387696,0.9803102016448975,0.1900956630706787,-0.05343716964125633,-0.1973561942577362,0.9342915415763855,-0.2969004809856415,-0.0065135951153934,0.30160069465637209,0.9534121751785278],"EasingStyle":"Constant","EasingDirection":"In"},"HumanoidRootPart":{"Weight":0,"CFrame":[0,0,0,1,0,0,0,1,0,0,0,1],"EasingStyle":"Linear","EasingDirection":"In"},"Head":{"Weight":1,"CFrame":[9.12696123123169e-8,-5.587935447692871e-8,2.384185791015625e-7,0.9893150925636292,-0.1431850641965866,-0.027457989752292634,0.14433757960796357,0.9884593486785889,0.04598814994096756,0.020556295290589334,-0.04945997893810272,0.998564600944519],"EasingStyle":"Constant","EasingDirection":"In"}}},{"Time":0.6924999952316284,"poses":{"Left Leg":{"Weight":1,"CFrame":[-0.615111768245697,0.5987879633903503,-0.04230469465255737,0.9996923804283142,-0.022404292598366739,0.010636511258780957,0.021428721025586129,0.9962062835693359,0.08434463292360306,-0.012485886923968792,-0.08409075438976288,0.9963799118995667],"EasingStyle":"Constant","EasingDirection":"In"},"Right Leg":{"Weight":1,"CFrame":[0.6006776094436646,0.5272601842880249,0.052585601806640628,0.9726466536521912,0.1625826507806778,-0.16590753197669984,-0.14553315937519074,0.9831875562667847,0.11028367280960083,0.1810484677553177,-0.08312205970287323,0.9799551963806152],"EasingStyle":"Constant","EasingDirection":"In"},"Left Arm":{"Weight":1,"CFrame":[-0.39471635222435,-0.21107792854309083,-0.08380711078643799,-0.566470742225647,0.8172986507415772,-0.10551667958498001,-0.7918758392333984,-0.5044063329696655,0.34424856305122378,0.2281305342912674,0.2785628139972687,0.9329305291175842],"EasingStyle":"Constant","EasingDirection":"In"},"Right Arm":{"Weight":1,"CFrame":[0.07290083914995194,-0.4032149314880371,-0.0013394355773925782,-0.11862415820360184,-0.9751356840133667,-0.18718627095222474,0.9513760805130005,-0.16559244692325593,0.25973597168922427,-0.28427448868751528,-0.14727364480495454,0.9473640322685242],"EasingStyle":"Constant","EasingDirection":"In"},"Torso":{"Weight":1,"CFrame":[0.0985390841960907,-0.02336806058883667,-0.4837663173675537,0.9885603189468384,-0.14231286942958833,0.049955833703279498,0.15069545805454255,0.9457393288612366,-0.28786832094192507,-0.00627782940864563,0.2921033501625061,0.9563661813735962],"EasingStyle":"Constant","EasingDirection":"In"},"HumanoidRootPart":{"Weight":0,"CFrame":[0,0,0,1,0,0,0,1,0,0,0,1],"EasingStyle":"Linear","EasingDirection":"In"},"Head":{"Weight":1,"CFrame":[1.0989606380462647e-7,-2.514570951461792e-7,-4.172325134277344e-7,0.9994456768035889,0.03135804086923599,0.011185353621840477,-0.03178827464580536,0.9986689686775208,0.04061977565288544,-0.009896703995764256,-0.0409528911113739,0.999112069606781],"EasingStyle":"Constant","EasingDirection":"In"}}},{"Time":0.7691666483879089,"poses":{"Left Leg":{"Weight":1,"CFrame":[-0.20726922154426576,0.5383522510528565,0.08450782299041748,0.8833783268928528,0.1815890520811081,0.4320511221885681,-0.25826483964920046,0.9578937888145447,0.12545393407344819,-0.39107808470726015,-0.22240693867206574,0.8930807113647461],"EasingStyle":"Constant","EasingDirection":"In"},"Right Leg":{"Weight":1,"CFrame":[0.7322576642036438,0.33768004179000857,-0.07887494564056397,0.9356056451797485,0.35254421830177309,0.01883435808122158,-0.34753361344337466,0.9102917313575745,0.22492074966430665,0.06214988976716995,-0.21698272228240968,0.9741950631141663],"EasingStyle":"Constant","EasingDirection":"In"},"Left Arm":{"Weight":1,"CFrame":[-0.47087740898132326,-0.4908914566040039,0.1533597707748413,0.1776888370513916,0.8574244379997253,0.4829595386981964,-0.9235982894897461,-0.024105843156576158,0.38260340690612795,0.33969566226005556,-0.514045000076294,0.7876324653625488],"EasingStyle":"Constant","EasingDirection":"In"},"Right Arm":{"Weight":1,"CFrame":[0.2112986445426941,-0.07866975665092468,0.006532549858093262,-0.12305228412151337,-0.9312426447868347,0.342994749546051,0.9366859793663025,0.0051889666356146339,0.35013216733932497,-0.3278377950191498,0.364362895488739,0.8716433048248291],"EasingStyle":"Constant","EasingDirection":"In"},"Torso":{"Weight":1,"CFrame":[-0.013231128454208374,0.43308717012405398,-0.42147016525268557,0.8523720502853394,0.5151752829551697,-0.08975693583488465,-0.5225077271461487,0.8320920467376709,-0.18603399395942689,-0.021154088899493219,0.20546889305114747,0.9784350991249085],"EasingStyle":"Constant","EasingDirection":"In"},"HumanoidRootPart":{"Weight":0,"CFrame":[0,0,0,1,0,0,0,1,0,0,0,1],"EasingStyle":"Linear","EasingDirection":"In"},"Head":{"Weight":1,"CFrame":[7.450580596923828e-8,1.0058283805847168e-7,-1.7881393432617188e-7,0.8526260852813721,-0.5206838250160217,0.04378589242696762,0.514091432094574,0.8509113192558289,0.10798204690217972,-0.09348241239786148,-0.06955835968255997,0.9931881427764893],"EasingStyle":"Constant","EasingDirection":"In"}}},{"Time":0.8462499976158142,"poses":{"Left Leg":{"Weight":1,"CFrame":[-0.20565901696681977,0.5286614298820496,-0.02628612518310547,0.8776662349700928,0.41281700134277346,0.24348348379135133,-0.46024245023727419,0.8676880598068237,0.18786850571632386,-0.13371242582798005,-0.2769472599029541,0.951536238193512],"EasingStyle":"Constant","EasingDirection":"In"},"Right Leg":{"Weight":1,"CFrame":[0.6161667108535767,0.2503659725189209,0.11173999309539795,0.8958664536476135,0.3977510929107666,-0.19803394377231599,-0.3846079409122467,0.9173579216003418,0.10262258350849152,0.22248631715774537,-0.01577075384557247,0.9748083353042603],"EasingStyle":"Constant","EasingDirection":"In"},"Left Arm":{"Weight":1,"CFrame":[0.03165820240974426,0.44681400060653689,-0.1381966471672058,-0.978664755821228,-0.058127470314502719,0.19706979393959046,0.13228479027748109,-0.912165105342865,0.3878862261772156,0.15721334517002107,0.40567994117736819,0.9003931879997253],"EasingStyle":"Constant","EasingDirection":"In"},"Right Arm":{"Weight":1,"CFrame":[0.31005579233169558,0.21053022146224976,-0.11263406276702881,-0.939967691898346,0.2645423710346222,0.2155877649784088,-0.1766543984413147,-0.9176912903785706,0.3558596074581146,0.2919829487800598,0.29641193151474,0.9093326330184937],"EasingStyle":"Constant","EasingDirection":"In"},"Torso":{"Weight":1,"CFrame":[-0.11111415922641754,0.35874760150909426,-0.43867015838623049,0.9514688849449158,0.29706865549087527,-0.08035657554864884,-0.3075898587703705,0.9097092151641846,-0.2789585292339325,-0.009768719784915448,0.29013723134994509,0.9569352865219116],"EasingStyle":"Constant","EasingDirection":"In"},"HumanoidRootPart":{"Weight":0,"CFrame":[0,0,0,1,0,0,0,1,0,0,0,1],"EasingStyle":"Linear","EasingDirection":"In"},"Head":{"Weight":1,"CFrame":[1.1920928955078126e-7,-4.470348358154297e-8,0,0.963021993637085,-0.23615768551826478,0.12968523800373078,0.26247119903564455,0.9309765696525574,-0.2537548542022705,-0.06080777943134308,0.2784101366996765,0.9585354924201965],"EasingStyle":"Constant","EasingDirection":"In"}}},{"Time":0.9229166507720947,"poses":{"Left Leg":{"Weight":1,"CFrame":[-0.22618526220321656,0.31448566913604739,0.029221177101135255,0.9026482105255127,0.4044771194458008,0.1470528542995453,-0.4130517542362213,0.9101448059082031,0.03201266750693321,-0.12089111655950546,-0.08963654935359955,0.9886105060577393],"EasingStyle":"Constant","EasingDirection":"In"},"Right Leg":{"Weight":1,"CFrame":[0.3754710555076599,0.42201268672943118,0.007185816764831543,0.9733843803405762,-0.1879955530166626,-0.13107448816299439,0.20365555584430695,0.9718443751335144,0.11850309371948242,0.10510604828596115,-0.14204317331314088,0.9842644929885864],"EasingStyle":"Constant","EasingDirection":"In"},"Left Arm":{"Weight":1,"CFrame":[-0.23526236414909364,-0.22011810541152955,-0.030905425548553468,0.7905694842338562,0.5303300619125366,-0.3061862289905548,-0.5315163731575012,0.8425681591033936,0.08700128644704819,0.3041221499443054,0.09396239370107651,0.9479877948760986],"EasingStyle":"Constant","EasingDirection":"In"},"Right Arm":{"Weight":1,"CFrame":[0.16241036355495454,-0.08337560296058655,0.023218631744384767,0.7234880924224854,-0.672930896282196,-0.1540420949459076,0.6640470027923584,0.7393820285797119,-0.11115774512290955,0.1886974424123764,-0.02186998911201954,0.9817917943000794],"EasingStyle":"Constant","EasingDirection":"In"},"Torso":{"Weight":1,"CFrame":[0.015496745705604554,-0.40504395961761477,-0.30266380310058596,0.9875261187553406,-0.15510253608226777,0.02712109126150608,0.147355854511261,0.8496714234352112,-0.5063049793243408,0.055485181510448459,0.5039858222007752,0.8619279265403748],"EasingStyle":"Constant","EasingDirection":"In"},"HumanoidRootPart":{"Weight":0,"CFrame":[0,0,0,1,0,0,0,1,0,0,0,1],"EasingStyle":"Linear","EasingDirection":"In"},"Head":{"Weight":1,"CFrame":[8.940696716308594e-8,6.705522537231445e-8,2.384185791015625e-7,0.9900643229484558,-0.10076022148132324,0.09808176755905152,0.12173973023891449,0.9632883071899414,-0.23928046226501466,-0.07037104666233063,0.2488434612751007,0.9659839272499085],"EasingStyle":"Constant","EasingDirection":"In"}}},{"Time":1,"poses":{"Left Leg":{"Weight":1,"CFrame":[-0.49349886178970339,0.7361554503440857,-0.05716520547866821,0.9901695251464844,0.10708228498697281,0.08998697251081467,-0.11954432725906372,0.9818891286849976,0.14697931706905366,-0.07261843234300614,-0.15629185736179353,0.9850378036499023],"EasingStyle":"Constant","EasingDirection":"In"},"Right Leg":{"Weight":1,"CFrame":[0.7260401248931885,0.5847460627555847,-0.03197604417800903,0.9642311930656433,0.2569429576396942,-0.06510420143604279,-0.24553562700748444,0.958362340927124,0.14578717947006226,0.09985251724720001,-0.12458716332912445,0.9871715903282166],"EasingStyle":"Constant","EasingDirection":"In"},"Left Arm":{"Weight":1,"CFrame":[-0.21302619576454163,-0.12002921104431153,0.06024885177612305,0.7146023511886597,0.3509976863861084,-0.6050985455513,-0.5359497666358948,0.8306130170822144,-0.15112875401973725,0.4495569169521332,0.43229934573173525,0.7816751003265381],"EasingStyle":"Constant","EasingDirection":"In"},"Right Arm":{"Weight":1,"CFrame":[0.2187688946723938,-0.2591954469680786,0.07998120784759522,0.2896115779876709,-0.775968074798584,0.5603559613227844,0.9451718330383301,0.3241631090641022,-0.03960426524281502,-0.1509150266647339,0.5411024689674377,0.827304482460022],"EasingStyle":"Constant","EasingDirection":"In"},"Torso":{"Weight":1,"CFrame":[0.05367186665534973,-0.3463253378868103,-0.6027467250823975,0.9592256546020508,-0.2725532650947571,0.0748400092124939,0.27986186742782595,0.8788448572158814,-0.38640525937080386,0.039543267339468,0.39159467816352847,0.9192877411842346],"EasingStyle":"Constant","EasingDirection":"In"},"HumanoidRootPart":{"Weight":0,"CFrame":[0,0,0,1,0,0,0,1,0,0,0,1],"EasingStyle":"Linear","EasingDirection":"In"},"Head":{"Weight":1,"CFrame":[7.078051567077637e-8,-4.842877388000488e-8,1.1920928955078126e-7,0.9975230693817139,0.06786694377660752,0.01848958618938923,-0.06529027968645096,0.9911468029022217,-0.11560791730880737,-0.026171855628490449,0.11411433666944504,0.993122935295105],"EasingStyle":"Constant","EasingDirection":"In"}}},{"Time":1.0770833492279053,"poses":{"Left Leg":{"Weight":1,"CFrame":[-0.3371858596801758,0.0969170331954956,0.0613633394241333,0.951525866985321,-0.2527039349079132,0.1753266155719757,0.2399359792470932,0.9665228724479675,0.09090917557477951,-0.1924303025007248,-0.044435255229473117,0.9803041815757752],"EasingStyle":"Constant","EasingDirection":"In"},"Right Leg":{"Weight":1,"CFrame":[0.41763803362846377,0.03780174255371094,0.0015685558319091797,0.9595012664794922,0.28165483474731448,-0.005287566222250462,-0.2815043330192566,0.9593581557273865,0.01968124695122242,0.010616054758429528,-0.01739574782550335,0.9997923970222473],"EasingStyle":"Constant","EasingDirection":"In"},"Left Arm":{"Weight":1,"CFrame":[0.04482066631317139,-0.21882355213165284,0.005655407905578613,-0.31342846155166628,0.9041622877120972,0.2902638018131256,-0.9495371580123901,-0.30223819613456728,-0.08385329693555832,0.011911810375750065,-0.30189836025238039,0.9532657265663147],"EasingStyle":"Constant","EasingDirection":"In"},"Right Arm":{"Weight":1,"CFrame":[-0.10880950093269348,-0.14842134714126588,-0.037274181842803958,-0.30357444286346438,-0.9520620703697205,-0.037689123302698138,0.9514666199684143,-0.30081185698509219,-0.06498805433511734,0.05053529888391495,-0.055588748306035998,0.9971740245819092],"EasingStyle":"Constant","EasingDirection":"In"},"Torso":{"Weight":1,"CFrame":[0.001443810760974884,0.01695995032787323,-0.10313963890075684,0.9989261627197266,-0.04533710330724716,0.009554918855428696,0.045126620680093768,0.9987562894821167,0.02119988389313221,-0.010504176840186119,-0.020745933055877687,0.9997296929359436],"EasingStyle":"Constant","EasingDirection":"In"},"HumanoidRootPart":{"Weight":0,"CFrame":[0,0,0,1,0,0,0,1,0,0,0,1],"EasingStyle":"Linear","EasingDirection":"In"},"Head":{"Weight":1,"CFrame":[8.381903171539307e-8,-2.066371962428093e-8,0,0.9992043375968933,0.03949510678648949,-0.0055535901337862019,-0.0396709181368351,0.9985550045967102,-0.03625078871846199,0.0041138362139463429,0.03644225746393204,0.9993273019790649],"EasingStyle":"Constant","EasingDirection":"In"}}},{"Time":1.153749942779541,"poses":{"Left Leg":{"Weight":1,"CFrame":[-0.37929654121398928,0.3784160614013672,0.23720133304595948,0.8619791865348816,-0.20633530616760255,0.46305251121520998,0.20013003051280976,0.9777334332466126,0.06313087791204453,-0.46576809883117678,0.03825325146317482,0.88407963514328],"EasingStyle":"Constant","EasingDirection":"In"},"Right Leg":{"Weight":1,"CFrame":[0.7268875241279602,0.05709189176559448,-0.07668793201446533,0.8368178009986877,0.5375739932060242,0.10368399322032929,-0.5465818047523499,0.8311770558357239,0.10194644331932068,-0.0313759408891201,-0.1419823318719864,0.9893717765808106],"EasingStyle":"Constant","EasingDirection":"In"},"Left Arm":{"Weight":1,"CFrame":[-0.05582231283187866,-0.5503511428833008,-0.207081139087677,0.03537297993898392,0.9808196425437927,0.191681370139122,-0.9951209425926209,0.05224522203207016,-0.08369511365890503,-0.09210425615310669,-0.18778565526008607,0.9778821468353272],"EasingStyle":"Constant","EasingDirection":"In"},"Right Arm":{"Weight":1,"CFrame":[-0.0835244208574295,-0.3628249168395996,-0.03571540117263794,-0.18303526937961579,-0.8718717694282532,0.4542444050312042,0.9480512738227844,-0.034252334386110309,0.31626835465431216,-0.26018643379211428,0.48853516578674319,0.832848310470581],"EasingStyle":"Constant","EasingDirection":"In"},"Torso":{"Weight":1,"CFrame":[-0.01790436916053295,-0.05117005109786987,-0.35335826873779299,0.959906816482544,0.2802686095237732,-0.005330006591975689,-0.2791225016117096,0.9538806676864624,-0.11046411097049713,-0.025875428691506387,0.10752297937870026,0.9938658475875855],"EasingStyle":"Constant","EasingDirection":"In"},"HumanoidRootPart":{"Weight":0,"CFrame":[0,0,0,1,0,0,0,1,0,0,0,1],"EasingStyle":"Linear","EasingDirection":"In"},"Head":{"Weight":1,"CFrame":[8.754432201385498e-8,-6.51925802230835e-9,-2.980232238769531e-7,0.9631492495536804,-0.26886001229286196,0.007606114260852337,0.2689298391342163,0.9631026983261108,-0.010484404861927033,-0.004506634548306465,0.012143569067120552,0.999916136264801],"EasingStyle":"Constant","EasingDirection":"In"}}},{"Time":1.2308332920074463,"poses":{"Left Leg":{"Weight":1,"CFrame":[-0.03913542628288269,0.6068757772445679,0.29225683212280276,0.6575543880462647,-0.024935821071267129,0.7529943585395813,0.022335276007652284,0.9996580481529236,0.013599778525531292,-0.7530760169029236,0.0078757768496871,0.6578865051269531],"EasingStyle":"Constant","EasingDirection":"In"},"Right Leg":{"Weight":1,"CFrame":[0.6672601699829102,0.49181491136550906,-0.01312178373336792,0.9903579354286194,0.13729648292064668,-0.01846429519355297,-0.1361495405435562,0.9892531037330627,0.05330806225538254,0.02558494545519352,-0.050280243158340457,0.9984074234962463],"EasingStyle":"Constant","EasingDirection":"In"},"Left Arm":{"Weight":1,"CFrame":[-0.10182057321071625,-0.6125540137290955,-0.2705991268157959,-0.1450444459915161,0.4060656726360321,-0.902259886264801,-0.6566017270088196,0.6426644325256348,0.39478686451911929,0.7401596903800964,0.6496869921684265,0.17340846359729768],"EasingStyle":"Constant","EasingDirection":"In"},"Right Arm":{"Weight":1,"CFrame":[0.00969645380973816,-0.5378594994544983,0.05218350887298584,-0.03543778881430626,-0.9577882289886475,0.2852820158004761,0.9676434993743897,0.03847403824329376,0.24937103688716889,-0.24982059001922608,0.284888356924057,0.9254341125488281],"EasingStyle":"Constant","EasingDirection":"In"},"Torso":{"Weight":1,"CFrame":[-0.051155734807252887,-0.1988004446029663,-0.5082917213439941,0.9313175678253174,0.36344000697135928,-0.023643484339118005,-0.3538529872894287,0.8875594735145569,-0.29500216245651247,-0.08623059093952179,0.2831070125102997,0.9552040100097656],"EasingStyle":"Constant","EasingDirection":"In"},"HumanoidRootPart":{"Weight":0,"CFrame":[0,0,0,1,0,0,0,1,0,0,0,1],"EasingStyle":"Linear","EasingDirection":"In"},"Head":{"Weight":1,"CFrame":[5.960464477539063e-8,-3.3527612686157229e-8,2.384185791015625e-7,0.9815494418144226,-0.18495024740695954,0.048520054668188098,0.19100810587406159,0.9600480794906616,-0.2045086771249771,-0.008757662028074265,0.21000312268733979,0.9776614904403687],"EasingStyle":"Constant","EasingDirection":"In"}}},{"Time":1.3075000047683716,"poses":{"Left Leg":{"Weight":1,"CFrame":[-0.3434826135635376,0.19375067949295045,0.04885876178741455,0.9563663601875305,-0.21828287839889527,0.1942061483860016,0.1765235811471939,0.961358904838562,0.21125471591949464,-0.23281514644622804,-0.1677548736333847,0.9579433798789978],"EasingStyle":"Constant","EasingDirection":"In"},"Right Leg":{"Weight":1,"CFrame":[0.565093457698822,0.2682371735572815,0.03615093231201172,0.9035056233406067,0.4014013111591339,-0.15018177032470704,-0.3470498025417328,0.8908503651618958,0.29315879940986636,0.25146400928497317,-0.21275003254413606,0.9441946148872376],"EasingStyle":"Constant","EasingDirection":"In"},"Left Arm":{"Weight":1,"CFrame":[-0.34137001633644106,-0.454540491104126,-1.0161796808242798,0.16716432571411134,-0.3470095098018646,-0.9228436946868897,-0.9840501546859741,-0.11648289114236832,-0.13445115089416505,-0.06083960086107254,0.9305998682975769,-0.3609466552734375],"EasingStyle":"Constant","EasingDirection":"In"},"Right Arm":{"Weight":1,"CFrame":[0.06538909673690796,0.21765124797821046,0.0036541223526000978,-0.8131630420684815,-0.14902375638484956,0.5626347661018372,0.1707601249217987,-0.9852110147476196,-0.014154624193906784,0.5564232468605042,0.08456548303365708,0.8265843987464905],"EasingStyle":"Constant","EasingDirection":"In"},"Torso":{"Weight":1,"CFrame":[-0.04998043179512024,0.36426976323127749,-0.24765276908874513,0.7141446471214294,0.6999747157096863,0.005726545583456755,-0.6953761577606201,0.7084669470787048,0.12052660435438156,0.08030850440263748,-0.09005554020404816,0.9926936030387878],"EasingStyle":"Constant","EasingDirection":"In"},"HumanoidRootPart":{"Weight":0,"CFrame":[0,0,0,1,0,0,0,1,0,0,0,1],"EasingStyle":"Linear","EasingDirection":"In"},"Head":{"Weight":1,"CFrame":[7.450580596923828e-8,3.725290298461914e-9,-5.960464477539063e-8,0.8028048276901245,0.5943092107772827,0.047968100756406787,-0.5750464797019959,0.7930164933204651,-0.20111273229122163,-0.15756265819072724,0.13387037813663484,0.9783929586410523],"EasingStyle":"Constant","EasingDirection":"In"}}},{"Time":1.3845833539962769,"poses":{"Left Leg":{"Weight":1,"CFrame":[-0.16536404192447663,0.1401296854019165,-0.0019088983535766602,0.9961263537406921,0.02592150866985321,0.0840267688035965,-0.04163879528641701,0.980689287185669,0.19108814001083375,-0.07745087891817093,-0.1938467025756836,0.977969765663147],"EasingStyle":"Constant","EasingDirection":"In"},"Right Leg":{"Weight":1,"CFrame":[0.2829713821411133,0.13680601119995118,0.10207724571228028,0.9167813062667847,0.25858959555625918,-0.30437377095222475,-0.2276279628276825,0.9645108580589294,0.13380712270736695,0.32817307114601138,-0.05338791385293007,0.9431077837944031],"EasingStyle":"Constant","EasingDirection":"In"},"Left Arm":{"Weight":1,"CFrame":[-0.050214968621730807,-0.0908774733543396,-0.41248971223831179,-0.6631019711494446,0.589252769947052,-0.46160250902175906,-0.6768097877502441,-0.2085811048746109,0.7059903740882874,0.31972530484199526,0.7805607914924622,0.5371226072311401],"EasingStyle":"Constant","EasingDirection":"In"},"Right Arm":{"Weight":1,"CFrame":[0.15762971341609956,-0.14303255081176759,-0.08057546615600586,-0.5555171370506287,-0.8268686532974243,0.08768690377473831,0.7418488264083862,-0.4452223777770996,0.5014353394508362,-0.37558096647262576,0.34360623359680178,0.8607401251792908],"EasingStyle":"Constant","EasingDirection":"In"},"Torso":{"Weight":1,"CFrame":[-0.07933670282363892,0.25251588225364687,-0.10834908485412598,0.9644474387168884,0.2624543011188507,-0.030968813225626947,-0.2621253728866577,0.9649276733398438,0.014315253123641014,0.03363976627588272,-0.005688597448170185,0.9994178414344788],"EasingStyle":"Constant","EasingDirection":"In"},"HumanoidRootPart":{"Weight":0,"CFrame":[0,0,0,1,0,0,0,1,0,0,0,1],"EasingStyle":"Linear","EasingDirection":"In"},"Head":{"Weight":1,"CFrame":[9.685754776000977e-8,-1.30385160446167e-8,-2.384185791015625e-7,0.9883812665939331,0.14734983444213868,0.03729052469134331,-0.14776936173439027,0.9889832139015198,0.008741972967982293,-0.03559156507253647,-0.014150797389447689,0.9992663264274597],"EasingStyle":"Constant","EasingDirection":"In"}}},{"Time":1.4616667032241822,"poses":{"Left Leg":{"Weight":1,"CFrame":[-0.31849825382232668,0.3276739716529846,0.03448665142059326,0.973896324634552,0.06672722101211548,0.21696393191814423,-0.10466191917657852,0.9801544547080994,0.16835446655750276,-0.20142434537410737,-0.18666769564151765,0.961552619934082],"EasingStyle":"Constant","EasingDirection":"In"},"Right Leg":{"Weight":1,"CFrame":[0.4907141923904419,0.19148153066635133,0.0685802698135376,0.95246821641922,0.26196974515914919,-0.15548685193061829,-0.2507638931274414,0.96402907371521