{"Sequence":[{"Time":0,"poses":{"Left Leg":{"Weight":1,"CFrame":[-0.012354429811239243,-0.2161719799041748,0.0906519889831543,-0.2088427096605301,-0.9672492146492004,0.1442691534757614,0.9437178373336792,-0.16063828766345979,0.28912267088890078,-0.2564786374568939,0.19653061032295228,0.9463585019111633],"EasingStyle":"Linear","EasingDirection":"In"},"Right Arm":{"Weight":1,"CFrame":[-0.33219724893569949,0.12001699209213257,0.03734087944030762,0.6190381646156311,0.7413121461868286,0.2593226134777069,-0.7629061937332153,0.6460045576095581,-0.025539573282003404,-0.18645638227462769,-0.18202893435955048,0.9654530882835388],"EasingStyle":"Linear","EasingDirection":"In"},"Head":{"Weight":1,"CFrame":[1.043081283569336e-7,-4.516914486885071e-8,-1.1920928955078126e-7,0.9976083040237427,-0.047334566712379459,-0.05037148296833038,0.06350550055503845,0.9153902530670166,0.3975272476673126,0.027292784303426744,-0.39977526664733889,0.9162068367004395],"EasingStyle":"Linear","EasingDirection":"In"},"Right Leg":{"Weight":1,"CFrame":[0.28535372018814089,0.31745797395706179,0.04547762870788574,0.8705334067344666,-0.4919699728488922,-0.01171853020787239,0.4872128367424011,0.8649777173995972,-0.12015452235937119,0.0692487582564354,0.09888910502195358,0.9926861524581909],"EasingStyle":"Linear","EasingDirection":"In"},"Torso":{"Weight":1,"CFrame":[0.007739664986729622,-0.49656498432159426,-0.3805973529815674,0.9896318316459656,0.14330114424228669,0.0096744978800416,-0.11215170472860336,0.813080906867981,-0.571245551109314,-0.0897262841463089,0.5642377734184265,0.8207221627235413],"EasingStyle":"Linear","EasingDirection":"In"},"HumanoidRootPart":{"Weight":1,"CFrame":[0,0,0,1,0,0,0,1,0,0,0,1],"EasingStyle":"Linear","EasingDirection":"In"},"Left Arm":{"Weight":1,"CFrame":[-0.6566764712333679,-0.05275806784629822,0.0068323612213134769,-0.7197903990745544,0.6654661297798157,0.19762754440307618,-0.5928196907043457,-0.7373738288879395,0.3237975835800171,0.3612017035484314,0.11590883880853653,0.9252558946609497],"EasingStyle":"Linear","EasingDirection":"In"}}},{"Time":0.03333333507180214,"poses":{"Left Leg":{"Weight":1,"CFrame":[-0.07277510315179825,-0.3179185390472412,0.12552356719970704,-0.20551352202892304,-0.9655354022979736,0.1597042977809906,0.9463955760002136,-0.15452231466770173,0.28365176916122439,-0.2491980344057083,0.20943772792816163,0.9455349445343018],"EasingStyle":"Linear","EasingDirection":"In"},"Right Arm":{"Weight":1,"CFrame":[-0.3280109763145447,0.0409245491027832,0.041268229484558108,0.6398398876190186,0.718781590461731,0.2719523012638092,-0.743647575378418,0.6683589220046997,-0.016873566433787347,-0.19389021396636964,-0.19144034385681153,0.9621627926826477],"EasingStyle":"Linear","EasingDirection":"In"},"Head":{"Weight":1,"CFrame":[1.3597309589385987e-7,-3.832392394542694e-7,-2.980232238769531e-7,0.9960319399833679,-0.06808623671531677,-0.0573129877448082,0.08493398129940033,0.9195768237113953,0.3836205303668976,0.026584405452013017,-0.38696613907814028,0.9217106699943543],"EasingStyle":"Linear","EasingDirection":"In"},"Right Leg":{"Weight":1,"CFrame":[0.32109034061431887,0.36342698335647585,0.04661679267883301,0.8789376616477966,-0.4768908619880676,-0.006616102997213602,0.4730132818222046,0.8733990788459778,-0.11589894443750382,0.0610496960580349,0.09873845428228378,0.9932389855384827],"EasingStyle":"Linear","EasingDirection":"In"},"Torso":{"Weight":1,"CFrame":[0.006883412599563599,-0.5055837631225586,-0.4044780731201172,0.9897195100784302,0.14276303350925446,0.008604180999100209,-0.11107756197452545,0.8051666021347046,-0.582553505897522,-0.09009488672018051,0.5756088495254517,0.8127468228340149],"EasingStyle":"Linear","EasingDirection":"In"},"HumanoidRootPart":{"Weight":1,"CFrame":[0,0,0,1,0,0,0,1,0,0,0,1],"EasingStyle":"Linear","EasingDirection":"In"},"Left Arm":{"Weight":1,"CFrame":[-0.636796236038208,-0.05345621705055237,0.006939053535461426,-0.696168839931488,0.6947150230407715,0.18088707327842713,-0.6235650777816773,-0.7100433707237244,0.3271165192127228,0.35569044947624209,0.11493335664272309,0.9275099635124207],"EasingStyle":"Linear","EasingDirection":"In"}}},{"Time":0.06666667014360428,"poses":{"Left Leg":{"Weight":1,"CFrame":[-0.33102694153785708,-0.45316338539123537,0.19671857357025147,-0.0762849748134613,-0.9745070338249207,0.21098990738391877,0.9692925214767456,-0.022865518927574159,0.24484527111053468,-0.23377904295921327,0.22318896651268006,0.9463266134262085],"EasingStyle":"Linear","EasingDirection":"In"},"Right Arm":{"Weight":1,"CFrame":[-0.30598101019859316,-0.13307812809944154,0.050462961196899417,0.7053497433662415,0.639396607875824,0.3060290515422821,-0.6747137904167175,0.737960159778595,0.013266386464238167,-0.21735477447509767,-0.21583959460258485,0.9519298076629639],"EasingStyle":"Linear","EasingDirection":"In"},"Head":{"Weight":1,"CFrame":[7.916241884231568e-8,2.701999619603157e-7,2.384185791015625e-7,0.9926337599754334,-0.10084076225757599,-0.06715208292007446,0.11801958084106446,0.9300904870033264,0.3478551208972931,0.027379542589187623,-0.3532179892063141,0.9351403117179871],"EasingStyle":"Linear","EasingDirection":"In"},"Right Leg":{"Weight":1,"CFrame":[0.325184166431427,0.3168199062347412,0.03264057636260986,0.8531286120414734,-0.5216980576515198,0.0016798963770270348,0.5188277959823608,0.8480885624885559,-0.1075337678194046,0.05467549338936806,0.09261166304349899,0.9942000508308411],"EasingStyle":"Linear","EasingDirection":"In"},"Torso":{"Weight":1,"CFrame":[0.004630235955119133,-0.527228593826294,-0.3622422218322754,0.9901600480079651,0.13981997966766358,0.005787713453173637,-0.10733197629451752,0.7853288054466248,-0.609703779220581,-0.08979401737451554,0.6030831336975098,0.7926082015037537],"EasingStyle":"Linear","EasingDirection":"In"},"HumanoidRootPart":{"Weight":1,"CFrame":[0,0,0,1,0,0,0,1,0,0,0,1],"EasingStyle":"Linear","EasingDirection":"In"},"Left Arm":{"Weight":1,"CFrame":[-0.5818107724189758,-0.055435627698898318,0.0076857805252075199,-0.6188587546348572,0.7738806009292603,0.1346205174922943,-0.7074359655380249,-0.6235930919647217,0.33266526460647585,0.34139156341552737,0.11063731461763382,0.9333869218826294],"EasingStyle":"Linear","EasingDirection":"In"}}},{"Time":0.10000000149011612,"poses":{"Left Leg":{"Weight":1,"CFrame":[-0.673169732093811,-0.3076953887939453,0.19326448440551759,0.3095601201057434,-0.9217149019241333,0.23369701206684113,0.927740752696991,0.3466518223285675,0.13831035792827607,-0.20849427580833436,0.17399479448795319,0.9624220132827759],"EasingStyle":"Linear","EasingDirection":"In"},"Right Arm":{"Weight":1,"CFrame":[-0.25189727544784548,-0.30708107352256777,0.061043739318847659,0.8143177628517151,0.4599064290523529,0.3540802597999573,-0.5160770416259766,0.8528827428817749,0.07909069955348969,-0.26561465859413149,-0.24713768064975739,0.9318647384643555],"EasingStyle":"Linear","EasingDirection":"In"},"Head":{"Weight":1,"CFrame":[4.330649971961975e-8,4.371395334601402e-8,1.1920928955078126e-7,0.9865977168083191,-0.1436271220445633,-0.07743561267852783,0.16036681830883027,0.941109836101532,0.29764890670776369,0.030124953016638757,-0.30607783794403078,0.9515297412872315],"EasingStyle":"Linear","EasingDirection":"In"},"Right Leg":{"Weight":1,"CFrame":[0.24549737572669984,0.138835608959198,0.00922703742980957,0.7671270966529846,-0.6414850354194641,0.003614281304180622,0.6384317874908447,0.7629016637802124,-0.101910300552845,0.06261666119098664,0.08048554509878159,0.9947870969772339],"EasingStyle":"Linear","EasingDirection":"In"},"Torso":{"Weight":1,"CFrame":[0.00157091673463583,-0.5534913539886475,-0.2684755325317383,0.9911800622940064,0.1325075775384903,0.0019635630305856468,-0.10026866942644119,0.7595507502555847,-0.6426731944084168,-0.08665050566196442,0.6368079781532288,0.7661378979682922],"EasingStyle":"Linear","EasingDirection":"In"},"HumanoidRootPart":{"Weight":1,"CFrame":[0,0,0,1,0,0,0,1,0,0,0,1],"EasingStyle":"Linear","EasingDirection":"In"},"Left Arm":{"Weight":1,"CFrame":[-0.49870565533638,-0.0585247278213501,0.0097123384475708,-0.46559974551200869,0.8826696872711182,0.06411881744861603,-0.825257420539856,-0.45919761061668398,0.32876724004745486,0.31963610649108889,0.10015936195850373,0.9422318935394287],"EasingStyle":"Linear","EasingDirection":"In"}}},{"Time":0.13333334028720857,"poses":{"Left Leg":{"Weight":1,"CFrame":[-0.7801581621170044,-0.008751392364501953,0.1034775972366333,0.742371678352356,-0.6491177082061768,0.1659235954284668,0.650834858417511,0.7574766874313355,0.051410190761089328,-0.15905457735061646,0.06982340663671494,0.9847976565361023],"EasingStyle":"Linear","EasingDirection":"In"},"Right Arm":{"Weight":1,"CFrame":[-0.151552215218544,-0.38617396354675295,0.06912970542907715,0.9170503616333008,0.09681562334299088,0.38684025406837466,-0.18789447844028474,0.9605517983436585,0.2050262838602066,-0.3517304062843323,-0.2607046663761139,0.8990655541419983],"EasingStyle":"Linear","EasingDirection":"In"},"Head":{"Weight":1,"CFrame":[8.381903171539307e-8,2.129527274519205e-7,-4.76837158203125e-7,0.9772255420684815,-0.19395782053470612,-0.08608438074588776,0.20933279395103455,0.9476186633110046,0.24124397337436677,0.034783996641635898,-0.25376999378204348,0.96663898229599],"EasingStyle":"Linear","EasingDirection":"In"},"Right Leg":{"Weight":1,"CFrame":[0.26482391357421877,0.13711446523666383,0.001988053321838379,0.8060880899429321,-0.5917438864707947,-0.007830063812434674,0.5900955200195313,0.8047040700912476,-0.06510333716869354,0.04482546076178551,0.04785851389169693,0.9978477954864502],"EasingStyle":"Linear","EasingDirection":"In"},"Torso":{"Weight":1,"CFrame":[-0.001653475221246481,-0.5775747299194336,-0.186018705368042,0.9928981065750122,0.1189497783780098,-0.0020669279620051386,-0.08936668187379837,0.7342684268951416,-0.672951340675354,-0.0785297229886055,0.6683568358421326,0.7396838665008545],"EasingStyle":"Linear","EasingDirection":"In"},"HumanoidRootPart":{"Weight":1,"CFrame":[0,0,0,1,0,0,0,1,0,0,0,1],"EasingStyle":"Linear","EasingDirection":"In"},"Left Arm":{"Weight":1,"CFrame":[-0.3944644331932068,-0.0625515878200531,0.013659000396728516,-0.20624153316020966,0.9783022999763489,-0.019722409546375276,-0.9348746538162231,-0.19105497002601624,0.2991778552532196,0.2889183759689331,0.08014082908630371,0.9539934992790222],"EasingStyle":"Linear","EasingDirection":"In"}}},{"Time":0.1666666716337204,"poses":{"Left Leg":{"Weight":1,"CFrame":[-0.655491292476654,0.16728109121322633,0.03388392925262451,0.9634579420089722,-0.24241963028907777,0.11393719911575318,0.2397857904434204,0.9701399207115173,0.03648904711008072,-0.11938070505857468,-0.007835126481950283,0.9928176999092102],"EasingStyle":"Linear","EasingDirection":"In"},"Right Arm":{"Weight":1,"CFrame":[0.0021817609667778017,-0.36952054500579836,0.07340383529663086,0.8185977339744568,-0.4740680754184723,0.3242795169353485,0.34397950768470766,0.856776237487793,0.38420388102531435,-0.4599737823009491,-0.2029629945755005,0.8644247651100159],"EasingStyle":"Linear","EasingDirection":"In"},"Head":{"Weight":1,"CFrame":[1.2200325727462769e-7,-1.0419171303510666e-7,2.384185791015625e-7,0.9641789793968201,-0.2487899661064148,-0.09199229627847672,0.26216986775398257,0.9465488791465759,0.1879156082868576,0.040323685854673389,-0.2053019255399704,0.9778676629066467],"EasingStyle":"Linear","EasingDirection":"In"},"Right Leg":{"Weight":1,"CFrame":[0.44261860847473147,0.27983051538467409,0.00014102458953857422,0.9600818157196045,-0.2774864137172699,-0.03527370095252991,0.2778787910938263,0.960593044757843,0.006659001111984253,0.03203598037362099,-0.016195012256503106,0.9993555545806885],"EasingStyle":"Linear","EasingDirection":"In"},"Torso":{"Weight":1,"CFrame":[-0.004609672352671623,-0.5950173139572144,-0.14395952224731446,0.9952419996261597,0.09726355224847794,-0.00576217332854867,-0.07392383366823197,0.7152493000030518,-0.6949487328529358,-0.06347179412841797,0.6920680999755859,0.7190362215042114],"EasingStyle":"Linear","EasingDirection":"In"},"HumanoidRootPart":{"Weight":1,"CFrame":[0,0,0,1,0,0,0,1,0,0,0,1],"EasingStyle":"Linear","EasingDirection":"In"},"Left Arm":{"Weight":1,"CFrame":[-0.27607280015945437,-0.06734299659729004,0.020165562629699708,0.16758288443088532,0.9816986322402954,-0.09046465158462525,-0.9553577303886414,0.18436165153980256,0.23087356984615327,0.243326336145401,0.04773562774062157,0.9687691926956177],"EasingStyle":"Linear","EasingDirection":"In"}}},{"Time":0.20000000298023225,"poses":{"Left Leg":{"Weight":1,"CFrame":[-0.5024121999740601,0.2232796549797058,0.0025049448013305666,0.9865798950195313,0.13117587566375733,0.09722612053155899,-0.13442586362361909,0.9905381798744202,0.027638055384159089,-0.09268073737621308,-0.04033689945936203,0.9948785305023193],"EasingStyle":"Linear","EasingDirection":"In"},"Right Arm":{"Weight":1,"CFrame":[0.18809989094734193,-0.3205624222755432,0.07559859752655029,0.33642175793647768,-0.9327508211135864,0.1296009123325348,0.7916624546051025,0.3546570837497711,0.4974825978279114,-0.5099911689758301,-0.06476385146379471,0.8577381372451782],"EasingStyle":"Linear","EasingDirection":"In"},"Head":{"Weight":1,"CFrame":[9.499490261077881e-8,-2.0838342607021333e-7,-1.7881393432617188e-7,0.9476216435432434,-0.30480751395225527,-0.09542371332645416,0.31628507375717165,0.9371269345283508,0.14750263094902039,0.044464193284511569,-0.16995780169963838,0.9844477772712708],"EasingStyle":"Linear","EasingDirection":"In"},"Right Leg":{"Weight":1,"CFrame":[0.5582703948020935,0.23563802242279054,0.004632830619812012,0.994016706943512,0.08562051504850388,-0.06782228499650955,-0.07969244569540024,0.9931240081787109,0.0857551321387291,0.07469842582941055,-0.07983715832233429,0.9940052032470703],"EasingStyle":"Linear","EasingDirection":"In"},"Torso":{"Weight":1,"CFrame":[-0.007224336266517639,-0.6022119522094727,-0.13397884368896485,0.9978165030479431,0.06542674452066422,-0.009030507877469063,-0.05280223488807678,0.7080922722816467,-0.7041429281234741,-0.03967534750699997,0.7030822038650513,0.7100008726119995],"EasingStyle":"Linear","EasingDirection":"In"},"HumanoidRootPart":{"Weight":1,"CFrame":[0,0,0,1,0,0,0,1,0,0,0,1],"EasingStyle":"Linear","EasingDirection":"In"},"Left Arm":{"Weight":1,"CFrame":[-0.15051433444023133,-0.07272833585739136,0.02987205982208252,0.5878851413726807,0.8018692135810852,-0.10675662010908127,-0.7903491258621216,0.5974810719490051,0.13551625609397889,0.17245134711265565,0.004706870764493942,0.9850068092346191],"EasingStyle":"Linear","EasingDirection":"In"}}},{"Time":0.23333333432674409,"poses":{"Left Leg":{"Weight":1,"CFrame":[-0.39830392599105837,0.21749073266983033,-0.010614573955535889,0.9129912853240967,0.4003582000732422,0.07848770916461945,-0.40176665782928469,0.9157390594482422,0.0023671756498515608,-0.07092659920454025,-0.033694952726364139,0.9969122409820557],"EasingStyle":"Linear","EasingDirection":"In"},"Right Arm":{"Weight":1,"CFrame":[0.3779173195362091,-0.24079862236976624,0.07640719413757324,-0.2526535987854004,-0.9652648568153381,-0.06655750423669815,0.8480766415596008,-0.25404325127601626,0.4650033712387085,-0.4657599627971649,0.06103890761733055,0.8828034400939941],"EasingStyle":"Linear","EasingDirection":"In"},"Head":{"Weight":1,"CFrame":[8.754432201385498e-8,2.7316855266690256e-7,1.1920928955078126e-7,0.9282520413398743,-0.35879045724868777,-0.09806990623474121,0.3693748712539673,0.9201858043670654,0.1296931803226471,0.04370984807610512,-0.15661250054836274,0.986692488193512],"EasingStyle":"Linear","EasingDirection":"In"},"Right Leg":{"Weight":1,"CFrame":[0.6168136596679688,0.12239933013916016,0.025803685188293458,0.9052684903144836,0.4167431592941284,-0.0825478583574295,-0.40090852975845339,0.9022861123085022,0.15859441459178925,0.14057496190071107,-0.11047639697790146,0.9838870763778687],"EasingStyle":"Linear","EasingDirection":"In"},"Torso":{"Weight":1,"CFrame":[-0.010113496333360672,-0.5944446325302124,-0.1504359245300293,0.9996972680091858,0.021107956767082216,-0.012641954235732556,-0.023964697495102884,0.7189700603485107,-0.6946278214454651,-0.005572985857725143,0.6947205066680908,0.7192582488059998],"EasingStyle":"Linear","EasingDirection":"In"},"HumanoidRootPart":{"Weight":1,"CFrame":[0,0,0,1,0,0,0,1,0,0,0,1],"EasingStyle":"Linear","EasingDirection":"In"},"Left Arm":{"Weight":1,"CFrame":[-0.024773286655545236,-0.07853475213050842,0.04341840744018555,0.902802586555481,0.4277482032775879,-0.044487014412879947,-0.42469602823257449,0.9030491709709168,0.0643085315823555,0.06768178939819336,-0.03916449844837189,0.9969379901885986],"EasingStyle":"Linear","EasingDirection":"In"}}},{"Time":0.2666666805744171,"poses":{"Left Leg":{"Weight":1,"CFrame":[-0.373219758272171,0.21424001455307008,-0.012915313243865967,0.8394232988357544,0.5427075624465942,0.028934063389897348,-0.5414066314697266,0.8396816253662109,-0.04258989542722702,-0.0474092960357666,0.0200858972966671,0.9986736178398132],"EasingStyle":"Linear","EasingDirection":"In"},"Right Arm":{"Weight":1,"CFrame":[0.5433489680290222,-0.13172978162765504,0.07652294635772705,-0.6490237712860107,-0.7409026026725769,-0.17271828651428224,0.6548373699188232,-0.659626841545105,0.3688910901546478,-0.387241929769516,0.126316636800766,0.9132841229438782],"EasingStyle":"Linear","EasingDirection":"In"},"Head":{"Weight":1,"CFrame":[8.940696716308594e-8,7.82310962677002e-8,7.152557373046875e-7,0.9072230458259583,-0.4089907705783844,-0.09835134446620941,0.4195442497730255,0.8967005610466003,0.14110545814037324,0.030480891466140748,-0.1692768633365631,0.9850971698760986],"EasingStyle":"Linear","EasingDirection":"In"},"Right Leg":{"Weight":1,"CFrame":[0.6684662699699402,-0.03524470329284668,0.06700468063354492,0.6887291073799133,0.7202666401863098,-0.08287450671195984,-0.6954542994499207,0.688623309135437,0.20528355240821839,0.20492826402187348,-0.08374934643507004,0.9751874804496765],"EasingStyle":"Linear","EasingDirection":"In"},"Torso":{"Weight":1,"CFrame":[-0.01242038607597351,-0.5748637914657593,-0.20415210723876954,0.9982597231864929,-0.05689046531915665,-0.015525569207966328,0.03182588517665863,0.7413841485977173,-0.6703258156776428,0.0496455542743206,0.6686651110649109,0.7419044971466065],"EasingStyle":"Linear","EasingDirection":"In"},"HumanoidRootPart":{"Weight":1,"CFrame":[0,0,0,1,0,0,0,1,0,0,0,1],"EasingStyle":"Linear","EasingDirection":"In"},"Left Arm":{"Weight":1,"CFrame":[0.09394781291484833,-0.08505016565322876,0.06849682331085205,0.9941561818122864,-0.020229967311024667,0.10603873431682587,0.00852388609200716,0.993927538394928,0.10970567911863327,-0.10761420428752899,-0.1081608235836029,0.9882916808128357],"EasingStyle":"Linear","EasingDirection":"In"}}},{"Time":0.30000001192092898,"poses":{"Left Leg":{"Weight":1,"CFrame":[-0.43423864245414736,0.2789061665534973,-0.007716655731201172,0.844132661819458,0.5340415835380554,-0.04732692241668701,-0.5360357165336609,0.8389878869056702,-0.09362246096134186,-0.010291638784110546,0.1043986827135086,0.9944822788238525],"EasingStyle":"Linear","EasingDirection":"In"},"Right Arm":{"Weight":1,"CFrame":[0.6624168157577515,0.0018960833549499512,0.07060658931732178,-0.8557159304618836,-0.47000277042388918,-0.21644327044487,0.4067046344280243,-0.869519829750061,0.2802259922027588,-0.3199087381362915,0.15176531672477723,0.9352142214775086],"EasingStyle":"Linear","EasingDirection":"In"},"Head":{"Weight":1,"CFrame":[7.450580596923828e-8,2.8545036911964419e-7,-4.172325134277344e-7,0.88687664270401,-0.4519168734550476,-0.09602568298578263,0.46196189522743227,0.8703082203865051,0.17074806988239289,0.006407976150512695,-0.19579268991947175,0.9806244969367981],"EasingStyle":"Linear","EasingDirection":"In"},"Right Leg":{"Weight":1,"CFrame":[0.557785153388977,-0.26058173179626467,0.11960387229919434,0.375715434551239,0.9215924143791199,-0.09749552607536316,-0.8980923891067505,0.38803592324256899,0.2070220410823822,0.2286217212677002,0.009778602980077267,0.9734662175178528],"EasingStyle":"Linear","EasingDirection":"In"},"Torso":{"Weight":1,"CFrame":[-0.015002243220806122,-0.5494886636734009,-0.2940046787261963,0.9866480231285095,-0.16178394854068757,-0.018752889707684518,0.1126633808016777,0.7611228227615356,-0.6387479901313782,0.11761242151260376,0.6281066536903381,0.7691875100135803],"EasingStyle":"Linear","EasingDirection":"In"},"HumanoidRootPart":{"Weight":1,"CFrame":[0,0,0,1,0,0,0,1,0,0,0,1],"EasingStyle":"Linear","EasingDirection":"In"},"Left Arm":{"Weight":1,"CFrame":[0.197579026222229,-0.09440326690673828,0.10358250141143799,0.8866267204284668,-0.3814612329006195,0.2614966928958893,0.31100398302078249,0.9102501273155212,0.2733519375324249,-0.3423005938529968,-0.1610347181558609,0.9256880879402161],"EasingStyle":"Linear","EasingDirection":"In"}}},{"Time":0.3333333432674408,"poses":{"Left Leg":{"Weight":1,"CFrame":[-0.5144757628440857,0.37811779975891116,-0.0028339624404907228,0.8871879577636719,0.44702833890914919,-0.11429435759782791,-0.45943471789360049,0.8787482380867004,-0.12931135296821595,0.04263008013367653,0.16723424196243287,0.9849951267242432],"EasingStyle":"Linear","EasingDirection":"In"},"Right Arm":{"Weight":1,"CFrame":[0.7383773326873779,0.14234811067581178,0.056139588356018069,-0.9452764987945557,-0.22817237675189973,-0.23321619629859925,0.17978012561798097,-0.9607491493225098,0.21128234267234803,-0.2722710072994232,0.15779244899749757,0.9491943717002869],"EasingStyle":"Linear","EasingDirection":"In"},"Head":{"Weight":1,"CFrame":[2.9802322387695315e-8,-4.5355409383773806e-7,-5.960464477539063e-8,0.8711614012718201,-0.4819324016571045,-0.09390991926193237,0.4906884431838989,0.8477624654769898,0.20130497217178346,-0.01740207150578499,-0.22144967317581178,0.9750165939331055],"EasingStyle":"Linear","EasingDirection":"In"},"Right Leg":{"Weight":1,"CFrame":[0.2890610098838806,-0.38668370246887209,0.12840700149536134,0.0915687158703804,0.9865610599517822,-0.13532330095767976,-0.9748023152351379,0.11656535416841507,0.19019198417663575,0.20341001451015473,0.1144978255033493,0.972375750541687],"EasingStyle":"Linear","EasingDirection":"In"},"Torso":{"Weight":1,"CFrame":[-0.019297827035188676,-0.5250266790390015,-0.40076398849487307,0.9671918749809265,-0.25289955735206606,-0.024122366681694986,0.18655946850776673,0.7714982032775879,-0.6082648038864136,0.1724402904510498,0.5838084816932678,0.7933675050735474],"EasingStyle":"Linear","EasingDirection":"In"},"HumanoidRootPart":{"Weight":1,"CFrame":[0,0,0,1,0,0,0,1,0,0,0,1],"EasingStyle":"Linear","EasingDirection":"In"},"Left Arm":{"Weight":1,"CFrame":[0.27783167362213137,-0.10918018221855164,0.1354924440383911,0.721962571144104,-0.5884785652160645,0.3639548718929291,0.42091262340545657,0.790999174118042,0.444019079208374,-0.5491836667060852,-0.16737201809883119,0.8187697529792786],"EasingStyle":"Linear","EasingDirection":"In"}}},{"Time":0.36666667461395266,"poses":{"Left Leg":{"Weight":1,"CFrame":[-0.5217053890228272,0.452384889125824,0.006954312324523926,0.901444673538208,0.40896642208099368,-0.14192995429039002,-0.42757946252822878,0.892380952835083,-0.14433352649211884,0.06762797385454178,0.1907949596643448,0.9792976379394531],"EasingStyle":"Linear","EasingDirection":"In"},"Right Arm":{"Weight":1,"CFrame":[0.780793309211731,0.2686457633972168,0.038043975830078128,-0.9706026911735535,-0.040463801473379138,-0.23726198077201844,0.002049736212939024,-0.9871208667755127,0.15996308624744416,-0.24067901074886323,0.15477414429187776,0.958185076713562],"EasingStyle":"Linear","EasingDirection":"In"},"Head":{"Weight":1,"CFrame":[8.195638656616211e-8,-9.685754776000977e-8,-5.960464477539063e-8,0.8648841977119446,-0.4932708144187927,-0.0930558517575264,0.5011767148971558,0.8381184935569763,0.21535852551460267,-0.02823827601969242,-0.23289760947227479,0.9720911979675293],"EasingStyle":"Linear","EasingDirection":"In"},"Right Leg":{"Weight":1,"CFrame":[0.03799529746174812,-0.27904248237609866,0.07298088073730469,-0.03305303677916527,0.9875497817993164,-0.15379558503627778,-0.9833605289459229,-0.004630404058843851,0.18160568177700044,0.17863252758979798,0.1572391241788864,0.9712704420089722],"EasingStyle":"Linear","EasingDirection":"In"},"Torso":{"Weight":1,"CFrame":[-0.021978184580802919,-0.5133963823318481,-0.49219655990600588,0.9561997652053833,-0.29142287373542788,-0.027472807094454767,0.21892152726650239,0.7742873430252075,-0.5937613844871521,0.19430750608444215,0.5617401599884033,0.8041720390319824],"EasingStyle":"Linear","EasingDirection":"In"},"HumanoidRootPart":{"Weight":1,"CFrame":[0,0,0,1,0,0,0,1,0,0,0,1],"EasingStyle":"Linear","EasingDirection":"In"},"Left Arm":{"Weight":1,"CFrame":[0.3264199197292328,-0.1319684088230133,0.15104281902313233,0.6055687665939331,-0.6588703393936157,0.4462917745113373,0.39455321431159975,0.7356132864952087,0.5506366491317749,-0.6910963654518127,-0.15736259520053864,0.7054239511489868],"EasingStyle":"Linear","EasingDirection":"In"}}},{"Time":0.4000000059604645,"poses":{"Left Leg":{"Weight":1,"CFrame":[-0.4677613377571106,0.47645747661590578,0.015338540077209473,0.8914628028869629,0.4316244125366211,-0.13782070577144624,-0.4490050673484802,0.882330596446991,-0.14102233946323396,0.06073472648859024,0.1875983327627182,0.9803663492202759],"EasingStyle":"Linear","EasingDirection":"In"},"Right Arm":{"Weight":1,"CFrame":[0.7992290258407593,0.3598094582557678,0.02124178409576416,-0.9683500528335571,0.08129093050956726,-0.2359873652458191,-0.1130465641617775,-0.9857840538024902,0.12430001050233841,-0.22252807021141053,0.147043377161026,0.9637735486030579],"EasingStyle":"Linear","EasingDirection":"In"},"Head":{"Weight":1,"CFrame":[8.940696716308594e-8,4.563480615615845e-8,1.1920928955078126e-7,0.8642207980155945,-0.4936019778251648,-0.09736358374357224,0.5029525756835938,0.8427268266677856,0.19196411967277528,-0.012702971696853638,-0.21486859023571015,0.9765604138374329],"EasingStyle":"Linear","EasingDirection":"In"},"Right Leg":{"Weight":1,"CFrame":[-0.05236884951591492,-0.08982205390930176,0.021683096885681154,-0.05890840291976929,0.9888944625854492,-0.13644631206989289,-0.9838679432868958,-0.034385133534669879,0.1755611002445221,0.16891974210739137,0.14458711445331574,0.9749671220779419],"EasingStyle":"Linear","EasingDirection":"In"},"Torso":{"Weight":1,"CFrame":[-0.019823819398880006,-0.5198416709899902,-0.5339441299438477,0.9575809240341187,-0.28709742426872256,-0.024779856204986573,0.2153923064470291,0.7702288627624512,-0.6002946496009827,0.1914292275905609,0.569493293762207,0.799394965171814],"EasingStyle":"Linear","EasingDirection":"In"},"HumanoidRootPart":{"Weight":1,"CFrame":[0,0,0,1,0,0,0,1,0,0,0,1],"EasingStyle":"Linear","EasingDirection":"In"},"Left Arm":{"Weight":1,"CFrame":[0.347525954246521,-0.16395863890647889,0.15313720703125,0.5340297222137451,-0.6691739559173584,0.5167384743690491,0.33448049426078799,0.7285426259040833,0.5977862477302551,-0.7764889001846314,-0.14639683067798615,0.6128891110420227],"EasingStyle":"Linear","EasingDirection":"In"}}},{"Time":0.4333333373069763,"poses":{"Left Leg":{"Weight":1,"CFrame":[-0.39169394969940188,0.444946825504303,0.020030498504638673,0.8641343712806702,0.48695558309555056,-0.1270674169063568,-0.5014608502388,0.854483425617218,-0.13562940061092378,0.04253148287534714,0.18092133104801179,0.9825775027275086],"EasingStyle":"Linear","EasingDirection":"In"},"Right Arm":{"Weight":1,"CFrame":[0.803249180316925,0.39485955238342287,0.010655760765075684,-0.9641064405441284,0.12625989317893983,-0.2335747331380844,-0.15379776060581208,-0.9826520681381226,0.10364023596048355,-0.21643710136413575,0.13584335148334504,0.9667996168136597],"EasingStyle":"Linear","EasingDirection":"In"},"Head":{"Weight":1,"CFrame":[5.960464477539063e-8,-1.8440186977386475e-7,2.384185791015625e-7,0.862459123134613,-0.494457870721817,-0.10805433988571167,0.5054360628128052,0.8525748252868652,0.13285526633262635,0.026433002203702928,-0.16919684410095216,0.9852277636528015],"EasingStyle":"Linear","EasingDirection":"In"},"Right Leg":{"Weight":1,"CFrame":[-0.048277609050273898,-0.1246650218963623,0.026525378227233888,-0.11940966546535492,0.9857046008110046,-0.11886072158813477,-0.9808108806610107,-0.09853056818246842,0.16823095083236695,0.15411460399627686,0.13666817545890809,0.9785553812980652],"EasingStyle":"Linear","EasingDirection":"In"},"Torso":{"Weight":1,"CFrame":[-0.014580938965082169,-0.5354751348495483,-0.5329189300537109,0.9612836241722107,-0.2749577760696411,-0.018226258456707,0.20593714714050294,0.7607778310775757,-0.6154730319976807,0.18309524655342103,0.5878906846046448,0.7879471778869629],"EasingStyle":"Linear","EasingDirection":"In"},"HumanoidRootPart":{"Weight":1,"CFrame":[0,0,0,1,0,0,0,1,0,0,0,1],"EasingStyle":"Linear","EasingDirection":"In"},"Left Arm":{"Weight":1,"CFrame":[0.3553016483783722,-0.20075154304504395,0.15390872955322267,0.4852202236652374,-0.6711704730987549,0.5604388117790222,0.29153192043304446,0.7284510731697083,0.6199743151664734,-0.8243607878684998,-0.1374383270740509,0.5491268038749695],"EasingStyle":"Linear","EasingDirection":"In"}}},{"Time":0.46666666865348818,"poses":{"Left Leg":{"Weight":1,"CFrame":[-0.3241965174674988,0.39272427558898928,0.022846341133117677,0.8274712562561035,0.5503949522972107,-0.11116110533475876,-0.5611811280250549,0.8173770308494568,-0.1302708089351654,0.01916014775633812,0.17017683386802674,0.9852272868156433],"EasingStyle":"Linear","EasingDirection":"In"},"Right Arm":{"Weight":1,"CFrame":[0.7855026125907898,0.3911745548248291,0.006547808647155762,-0.9657638072967529,0.11681390553712845,-0.23163501918315888,-0.14168420433998109,-0.9854618310928345,0.09375874698162079,-0.21731512248516084,0.1233678087592125,0.9682739973068237],"EasingStyle":"Linear","EasingDirection":"In"},"Head":{"Weight":1,"CFrame":[8.381903171539307e-8,-2.6868656277656557e-7,-1.7881393432617188e-7,0.8599727749824524,-0.49560102820396426,-0.12176408618688584,0.5044069886207581,0.8617030382156372,0.055149953812360767,0.07759211212396622,-0.10884606838226319,0.9910257458686829],"EasingStyle":"Linear","EasingDirection":"In"},"Right Leg":{"Weight":1,"CFrame":[-0.011480843648314476,-0.20636475086212159,0.04325234889984131,-0.09393499791622162,0.9893999695777893,-0.11074292659759522,-0.9836363792419434,-0.0750550702214241,0.16378767788410188,0.15373976528644563,0.12431609630584717,0.9802599549293518],"EasingStyle":"Linear","EasingDirection":"In"},"Torso":{"Weight":1,"CFrame":[-0.007160766050219536,-0.5602594614028931,-0.5140657424926758,0.9666545987129211,-0.25592729449272158,-0.008951038122177124,0.1912103146314621,0.7445828318595886,-0.6395584940910339,0.1703452616930008,0.6165206432342529,0.7686903476715088],"EasingStyle":"Linear","EasingDirection":"In"},"HumanoidRootPart":{"Weight":1,"CFrame":[0,0,0,1,0,0,0,1,0,0,0,1],"EasingStyle":"Linear","EasingDirection":"In"},"Left Arm":{"Weight":1,"CFrame":[0.3564123511314392,-0.23655161261558534,0.15401887893676759,0.4806131422519684,-0.6493186950683594,0.5894033908843994,0.2500879764556885,0.7456955313682556,0.6175710558891296,-0.8405159115791321,-0.1494101732969284,0.5207779407501221],"EasingStyle":"Linear","EasingDirection":"In"}}},{"Time":0.5,"poses":{"Left Leg":{"Weight":1,"CFrame":[-0.3084065914154053,0.3367094397544861,0.022645115852355958,0.8008673787117004,0.591960608959198,-0.09052173793315888,-0.5988338589668274,0.790870189666748,-0.12618443369865418,-0.003105293959379196,0.1552644520998001,0.987868070602417],"EasingStyle":"Linear","EasingDirection":"In"},"Right Arm":{"Weight":1,"CFrame":[0.7366865277290344,0.3653827905654907,0.005034446716308594,-0.9729949831962586,0.041260916739702228,-0.2271086871623993,-0.06445509940385819,-0.9933234453201294,0.09567693620920181,-0.22164463996887208,0.10773134976625443,0.9691582322120667],"EasingStyle":"Linear","EasingDirection":"In"},"Head":{"Weight":1,"CFrame":[9.639188647270203e-8,-3.763125278055668e-7,-1.1920928955078126e-7,0.8575756549835205,-0.4962620437145233,-0.1352333128452301,0.4980410933494568,0.8668545484542847,-0.02276855893433094,0.12852676212787629,-0.047825999557971957,0.9905521273612976],"EasingStyle":"Linear","EasingDirection":"In"},"Right Leg":{"Weight":1,"CFrame":[0.0567600354552269,-0.2716008424758911,0.0593569278717041,-0.014397254213690758,0.9945088624954224,-0.10365726798772812,-0.9872221946716309,0.0023156737443059685,0.15933333337306977,0.15869837999343873,0.10462667047977448,0.9817678928375244],"EasingStyle":"Linear","EasingDirection":"In"},"Torso":{"Weight":1,"CFrame":[0.0001565544807817787,-0.5863437652587891,-0.46625733375549319,0.972832977771759,-0.2315080612897873,0.00019561276712920517,0.1734280288219452,0.728211522102356,-0.6630465984344482,0.15335816144943238,0.6450675129890442,0.7485781908035278],"EasingStyle":"Linear","EasingDirection":"In"},"HumanoidRootPart":{"Weight":1,"CFrame":[0,0,0,1,0,0,0,1,0,0,0,1],"EasingStyle":"Linear","EasingDirection":"In"},"Left Arm":{"Weight":1,"CFrame":[0.3362082242965698,-0.26668649911880495,0.1539442539215088,0.5735718607902527,-0.5600694417953491,0.5977773666381836,0.1884407103061676,0.8003905415534973,0.5690914988517761,-0.797186017036438,-0.2137693464756012,0.5646213293075562],"EasingStyle":"Linear","EasingDirection":"In"}}},{"Time":0.5333333611488342,"poses":{"Left Leg":{"Weight":1,"CFrame":[-0.32701700925827029,0.25897473096847536,0.01913309097290039,0.7895398736000061,0.6103510856628418,-0.06401854753494263,-0.6132087707519531,0.7804352045059204,-0.12204896658658982,-0.024530408903956415,0.13561928272247315,0.9904573559761047],"EasingStyle":"Linear","EasingDirection":"In"},"Right Arm":{"Weight":1,"CFrame":[0.6634352207183838,0.29537612199783327,0.0048182010650634769,-0.9629763960838318,-0.16618651151657105,-0.2122703194618225,0.14401163160800935,-0.9827449321746826,0.11607391387224198,-0.22789745032787324,0.08120697736740112,0.970292866230011],"EasingStyle":"Linear","EasingDirection":"In"},"Head":{"Weight":1,"CFrame":[1.5832483768463136e-7,1.0011717677116394e-7,0,0.8566636443138123,-0.4949339032173157,-0.14549176394939423,0.48806267976760867,0.868930459022522,-0.08218766003847122,0.16709968447685243,-0.0006019934080541134,0.9859398603439331],"EasingStyle":"Linear","EasingDirection":"In"},"Right Leg":{"Weight":1,"CFrame":[0.15439189970493318,-0.31737399101257326,0.07250142097473145,0.08740316331386566,0.9918362498283386,-0.09285236150026322,-0.982909083366394,0.10102386772632599,0.1538957953453064,0.16201980412006379,0.07781439274549484,0.9837146401405335],"EasingStyle":"Linear","EasingDirection":"In"},"Torso":{"Weight":1,"CFrame":[0.004955415613949299,-0.6016097068786621,-0.3745715618133545,0.979002833366394,-0.20375296473503114,0.006194190587848425,0.15512637794017793,0.7249573469161987,-0.6710980534553528,0.1322477012872696,0.657967746257782,0.7413427233695984],"EasingStyle":"Linear","EasingDirection":"In"},"HumanoidRootPart":{"Weight":1,"CFrame":[0,0,0,1,0,0,0,1,0,0,0,1],"EasingStyle":"Linear","EasingDirection":"In"},"Left Arm":{"Weight":1,"CFrame":[0.2841029167175293,-0.290988564491272,0.15342199802398683,0.7586814761161804,-0.35336703062057497,0.5472972393035889,0.07398760318756104,0.8814082741737366,0.46652454137802126,-0.6472467184066773,-0.3134503960609436,0.6948530077934265],"EasingStyle":"Linear","EasingDirection":"In"}}},{"Time":0.5666666626930237,"poses":{"Left Leg":{"Weight":1,"CFrame":[-0.33639466762542727,0.1432781219482422,0.01116478443145752,0.7818905115127564,0.6226294636726379,-0.03129880875349045,-0.6215939521789551,0.7747873067855835,-0.11543689668178559,-0.04762451723217964,0.10971415042877197,0.9928216338157654],"EasingStyle":"Linear","EasingDirection":"In"},"Right Arm":{"Weight":1,"CFrame":[0.5736640691757202,0.13576644659042359,0.005237102508544922,-0.8258054852485657,-0.5491139888763428,-0.12852714955806733,0.511909544467926,-0.8254942297935486,0.2377140074968338,-0.23663048446178437,0.13051119446754456,0.962794303894043],"EasingStyle":"Linear","EasingDirection":"In"},"Head":{"Weight":1,"CFrame":[1.0989606380462647e-7,-4.877801984548569e-7,1.1920928955078126e-7,0.8589787483215332,-0.48962002992630007,-0.1497592329978943,0.4785379469394684,0.8717341423034668,-0.10526586323976517,0.1820906102657318,0.018755603581666948,0.9831029176712036],"EasingStyle":"Linear","EasingDirection":"In"},"Right Leg":{"Weight":1,"CFrame":[0.27534306049346926,-0.3405182361602783,0.07886040210723877,0.1910451203584671,0.9787306785583496,-0.0747523084282875,-0.9685313105583191,0.20033471286296845,0.14769260585308076,0.1595267951488495,0.04418398067355156,0.9862043857574463],"EasingStyle":"Linear","EasingDirection":"In"},"Torso":{"Weight":1,"CFrame":[0.007148990407586098,-0.6044182777404785,-0.2490520477294922,0.9847322702407837,-0.17384615540504456,0.008936159312725068,0.1361292153596878,0.7370615601539612,-0.6619737148284912,0.1084950640797615,0.6530833840370178,0.7494738698005676],"EasingStyle":"Linear","EasingDirection":"In"},"HumanoidRootPart":{"Weight":1,"CFrame":[0,0,0,1,0,0,0,1,0,0,0,1],"EasingStyle":"Linear","EasingDirection":"In"},"Left Arm":{"Weight":1,"CFrame":[0.2128559648990631,-0.31041431427001955,0.15200400352478028,0.9226430058479309,-0.024342920631170274,0.3848860263824463,-0.1188277006149292,0.9315065741539002,0.3437667787075043,-0.3668922185897827,-0.3629092276096344,0.8565553426742554],"EasingStyle":"Linear","EasingDirection":"In"}}},{"Time":0.6000000238418579,"poses":{"Left Leg":{"Weight":1,"CFrame":[-0.26910489797592165,-0.020305752754211427,-0.002125859260559082,0.7514737844467163,0.6597398519515991,0.005516116973012686,-0.6555292010307312,0.7475709915161133,-0.10686041414737702,-0.07462380081415177,0.07668682932853699,0.9942587018013],"EasingStyle":"Linear","EasingDirection":"In"},"Right Arm":{"Weight":1,"CFrame":[0.48040488362312319,-0.08604705333709717,0.006874442100524902,-0.44587409496307375,-0.8892040252685547,0.10253060609102249,0.8358737826347351,-0.37265998125076296,0.4030379056930542,-0.32017385959625246,0.2654067575931549,0.9094218015670776],"EasingStyle":"Linear","EasingDirection":"In"},"Head":{"Weight":1,"CFrame":[1.0989606380462647e-7,1.7532147467136384e-7,3.5762786865234377e-7,0.8813897967338562,-0.45194241404533389,-0.13747820258140565,0.44703376293182375,0.8920425772666931,-0.06648996472358704,0.15268602967262269,-0.0028538438491523268,0.98827064037323],"EasingStyle":"Linear","EasingDirection":"In"},"Right Leg":{"Weight":1,"CFrame":[0.40913981199264529,-0.34035181999206545,0.07415974140167237,0.28197234869003298,0.9582505822181702,-0.04740852490067482,-0.9476969242095947,0.2858878970146179,0.14191146194934846,0.14954034984111787,0.004913767334073782,0.9887434840202332],"EasingStyle":"Linear","EasingDirection":"In"},"Torso":{"Weight":1,"CFrame":[0.0075866300612688068,-0.5999181270599365,-0.12875795364379884,0.989778995513916,-0.14229394495487214,0.009483208879828453,0.11507950723171234,0.757664680480957,-0.6424180269241333,0.08422708511352539,0.6369432210922241,0.7662957906723023],"EasingStyle":"Linear","EasingDirection":"In"},"HumanoidRootPart":{"Weight":1,"CFrame":[0,0,0,1,0,0,0,1,0,0,0,1],"EasingStyle":"Linear","EasingDirection":"In"},"Left Arm":{"Weight":1,"CFrame":[0.13522933423519135,-0.3259207010269165,0.14924299716949464,0.9351140260696411,0.33297204971313479,0.12120845168828964,-0.3536611795425415,0.898277759552002,0.26080816984176638,-0.02203707955777645,-0.2867521345615387,0.9577513337135315],"EasingStyle":"Linear","EasingDirection":"In"}}},{"Time":0.6333333253860474,"poses":{"Left Leg":{"Weight":1,"CFrame":[-0.2642636299133301,-0.008332252502441407,0.002810359001159668,0.7848588824272156,0.618180513381958,0.04300553351640701,-0.6124643087387085,0.7844122648239136,-0.09790296852588654,-0.09425576031208039,0.05050066486001015,0.9942663311958313],"EasingStyle":"Linear","EasingDirection":"In"},"Right Arm":{"Weight":1,"CFrame":[0.3979705572128296,-0.282990038394928,0.010300517082214356,-0.07451734691858292,-0.9379116296768189,0.33877575397491457,0.8822723627090454,0.09633661061525345,0.46077629923820498,-0.46480393409729006,0.33322814106941225,0.8203147649765015],"EasingStyle":"Linear","EasingDirection":"In"},"Head":{"Weight":1,"CFrame":[9.59262251853