{"Sequence":[{"Time":0,"poses":{"Left Leg":{"Weight":1,"CFrame":[-0.5837695598602295,0.7723116278648377,-0.02597975730895996,0.9855675101280212,-0.09424195438623429,0.14062407612800599,0.07235413789749146,0.9855168461799622,0.15336698293685914,-0.1530410200357437,-0.14097876846790315,0.9781121611595154],"EasingStyle":"Constant","EasingDirection":"In"},"Right Arm":{"Weight":1,"CFrame":[-0.11413708329200745,0.18189048767089845,0.7816643714904785,0.7466995120048523,0.5838707089424133,-0.3186455965042114,0.5794520378112793,-0.33576032519340517,0.7426307201385498,0.3266116678714752,-0.7391616702079773,-0.5890370011329651],"EasingStyle":"Constant","EasingDirection":"In"},"Head":{"Weight":1,"CFrame":[5.960464477539063e-8,8.940696716308594e-8,8.940696716308594e-8,0.8991072177886963,-0.40831080079078677,-0.15776072442531587,0.3908799886703491,0.9111442565917969,-0.13049553334712983,0.19702556729316712,0.055663883686065677,0.9788168668746948],"EasingStyle":"Constant","EasingDirection":"In"},"Right Leg":{"Weight":1,"CFrame":[0.3326319456100464,0.620463490486145,-0.09556950628757477,0.9206476211547852,0.06961753964424133,-0.38413718342781069,0.14883136749267579,0.8470717072486877,0.5102142691612244,0.36091163754463198,-0.5268993377685547,0.7694933414459229],"EasingStyle":"Constant","EasingDirection":"In"},"Torso":{"Weight":1,"CFrame":[-2.286728858947754,-0.28361237049102785,-0.3935670554637909,0.9822819232940674,-0.1133141964673996,-0.14927180111408235,0.05381316319108009,0.9335004091262817,-0.3545153737068176,0.17951689660549165,0.3402012586593628,0.9230583906173706],"EasingStyle":"Constant","EasingDirection":"In"},"HumanoidRootPart":{"Weight":0,"CFrame":[0,0,0,1,0,0,0,1,0,0,0,1],"EasingStyle":"Linear","EasingDirection":"In"},"Left Arm":{"Weight":1,"CFrame":[-0.261027991771698,-0.6802307963371277,0.04678540676832199,-0.6844853758811951,0.621283769607544,-0.38142648339271548,-0.7131253480911255,-0.46192342042922976,0.5273321866989136,0.15143316984176637,0.6329559087753296,0.7592328786849976],"EasingStyle":"Constant","EasingDirection":"In"}}},{"Time":0.03333333507180214,"poses":{"Left Leg":{"Weight":1,"CFrame":[-0.5914058089256287,0.7708536386489868,-0.03507500886917114,0.9854113459587097,-0.10157371312379837,0.13655509054660798,0.07860381156206131,0.9832936525344849,0.1641799658536911,-0.150950089097023,-0.15105102956295014,0.9769327640533447],"EasingStyle":"Constant","EasingDirection":"In"},"Right Arm":{"Weight":1,"CFrame":[-0.1163422167301178,0.18163806200027467,0.7768265008926392,0.749240517616272,0.5783963203430176,-0.3226398825645447,0.5739814043045044,-0.3240242302417755,0.7520329356193543,0.33042991161346438,-0.7486427426338196,-0.5747607350349426],"EasingStyle":"Constant","EasingDirection":"In"},"Head":{"Weight":1,"CFrame":[2.7567148208618166e-7,1.564621925354004e-7,-5.066394805908203e-7,0.9047271609306336,-0.3951115608215332,-0.1592339277267456,0.3776572644710541,0.9168722033500671,-0.12930744886398316,0.1970880925655365,0.0568520724773407,0.9787359833717346],"EasingStyle":"Constant","EasingDirection":"In"},"Right Leg":{"Weight":1,"CFrame":[0.34403377771377566,0.6180874705314636,-0.08459502458572388,0.9182099103927612,0.09129361808300019,-0.3854297399520874,0.12661845982074738,0.8543661832809448,0.504010021686554,0.375311017036438,-0.5115895867347717,0.7729281187057495],"EasingStyle":"Constant","EasingDirection":"In"},"Torso":{"Weight":1,"CFrame":[-2.2648136615753176,-0.2748580574989319,-0.3886268138885498,0.9815413951873779,-0.12040863931179047,-0.14858758449554444,0.06293576955795288,0.9370148777961731,-0.34357261657714846,0.18059788644313813,0.32787927985191347,0.9272969365119934],"EasingStyle":"Constant","EasingDirection":"In"},"HumanoidRootPart":{"Weight":0,"CFrame":[0,0,0,1,0,0,0,1,0,0,0,1],"EasingStyle":"Linear","EasingDirection":"In"},"Left Arm":{"Weight":1,"CFrame":[-0.2608678340911865,-0.6596002578735352,0.046978652477264407,-0.6659737825393677,0.6571791768074036,-0.3529795706272125,-0.7216204404830933,-0.44762489199638369,0.5281060338020325,0.18905791640281678,0.6064218282699585,0.7723402380943298],"EasingStyle":"Constant","EasingDirection":"In"}}},{"Time":0.06666667014360428,"poses":{"Left Leg":{"Weight":1,"CFrame":[-0.6115679740905762,0.7665221691131592,-0.060365110635757449,0.9848206043243408,-0.12055664509534836,0.12487807124853134,0.09494926035404206,0.9764270186424255,0.19384251534938813,-0.14530335366725923,-0.1790429651737213,0.9730522036552429],"EasingStyle":"Constant","EasingDirection":"In"},"Right Arm":{"Weight":1,"CFrame":[-0.12232720851898194,0.17987483739852906,0.7630637884140015,0.7574434876441956,0.5618758797645569,-0.33252814412117007,0.5577490925788879,-0.2920866310596466,0.7769178748130798,0.3394043445587158,-0.7739385962486267,-0.5346248149871826],"EasingStyle":"Constant","EasingDirection":"In"},"Head":{"Weight":1,"CFrame":[4.023313522338867e-7,8.940696716308594e-8,8.940696716308594e-8,0.9190782904624939,-0.3586944341659546,-0.16319729387760163,0.3412289619445801,0.9315329194068909,-0.1257348507642746,0.19712410867214204,0.05987245589494705,0.9785485863685608],"EasingStyle":"Constant","EasingDirection":"In"},"Right Leg":{"Weight":1,"CFrame":[0.37183740735054018,0.6073551774024963,-0.05267207324504852,0.9087579250335693,0.1482904702425003,-0.39008834958076479,0.06646953523159027,0.8713729977607727,0.4860975742340088,0.41199615597724917,-0.4676740765571594,0.7820103764533997],"EasingStyle":"Constant","EasingDirection":"In"},"Torso":{"Weight":1,"CFrame":[-2.1990768909454347,-0.2507779598236084,-0.3757031261920929,0.9792698621749878,-0.1396598219871521,-0.1467161774635315,0.08788175135850907,0.9455220103263855,-0.3134723901748657,0.182502880692482,0.2940804362297058,0.938194751739502],"EasingStyle":"Constant","EasingDirection":"In"},"HumanoidRootPart":{"Weight":0,"CFrame":[0,0,0,1,0,0,0,1,0,0,0,1],"EasingStyle":"Linear","EasingDirection":"In"},"Left Arm":{"Weight":1,"CFrame":[-0.25974559783935549,-0.6036013960838318,0.04832883179187775,-0.6013903021812439,0.7527721524238586,-0.26770105957984927,-0.7432512044906616,-0.4042019546031952,0.5331027507781982,0.293099582195282,0.519571840763092,0.8025818467140198],"EasingStyle":"Constant","EasingDirection":"In"}}},{"Time":0.10000000149011612,"poses":{"Left Leg":{"Weight":1,"CFrame":[-0.6397301554679871,0.758821964263916,-0.09892621636390686,0.9836040735244751,-0.14594168961048127,0.10594383627176285,0.11742947995662689,0.9641584753990173,0.2379259169101715,-0.13686995208263398,-0.22158393263816834,0.9654880166053772],"EasingStyle":"Constant","EasingDirection":"In"},"Right Arm":{"Weight":1,"CFrame":[-0.1311473250389099,0.17508751153945924,0.7415058612823486,0.7720200419425964,0.5341598987579346,-0.3444681465625763,0.5310919284820557,-0.24439403414726258,0.8113033175468445,0.34917962551116946,-0.8092865943908691,-0.4723649024963379],"EasingStyle":"Constant","EasingDirection":"In"},"Head":{"Weight":1,"CFrame":[2.9802322387695315e-8,5.21540641784668e-8,-1.1920928955078126e-7,0.937713086605072,-0.3036063611507416,-0.16887043416500092,0.28624123334884646,0.9506525993347168,-0.11968974769115448,0.19687575101852418,0.06389693915843964,0.9783440828323364],"EasingStyle":"Constant","EasingDirection":"In"},"Right Leg":{"Weight":1,"CFrame":[0.40427687764167788,0.5809273719787598,-0.0012342482805252076,0.8878152370452881,0.22723698616027833,-0.4001842141151428,-0.021395502611994745,0.8890284895896912,0.4573517441749573,0.45970240235328677,-0.39748167991638186,0.7941548824310303],"EasingStyle":"Constant","EasingDirection":"In"},"Torso":{"Weight":1,"CFrame":[-2.0897536277770998,-0.21451102197170258,-0.3580401837825775,0.975177526473999,-0.16802920401096345,-0.14420472085475923,0.12494340538978577,0.9552438259124756,-0.26813867688179018,0.18280580639839173,0.243465393781662,0.9525264501571655],"EasingStyle":"Constant","EasingDirection":"In"},"HumanoidRootPart":{"Weight":0,"CFrame":[0,0,0,1,0,0,0,1,0,0,0,1],"EasingStyle":"Linear","EasingDirection":"In"},"Left Arm":{"Weight":1,"CFrame":[-0.25669968128204348,-0.5210775136947632,0.051993921399116519,-0.4633484482765198,0.8777255415916443,-0.12209036946296692,-0.767570972442627,-0.32865339517593386,0.5502924919128418,0.44288039207458498,0.34869012236595156,0.8259976506233215],"EasingStyle":"Constant","EasingDirection":"In"}}},{"Time":0.13333334028720857,"poses":{"Left Leg":{"Weight":1,"CFrame":[-0.6711695194244385,0.7473179697990418,-0.1475783884525299,0.9817692637443543,-0.1722741425037384,0.08031678199768067,0.14211344718933106,0.9458891153335571,0.2917148768901825,-0.12622568011283875,-0.2749825417995453,0.9531273245811462],"EasingStyle":"Constant","EasingDirection":"In"},"Right Arm":{"Weight":1,"CFrame":[-0.14185738563537599,0.16576427221298219,0.713279664516449,0.7933068871498108,0.49520888924598696,-0.3541644513607025,0.49457186460494997,-0.18492887914180757,0.849234938621521,0.3550533354282379,-0.8488636612892151,-0.39162173867225649],"EasingStyle":"Constant","EasingDirection":"In"},"Head":{"Weight":1,"CFrame":[3.203749656677246e-7,-9.685754776000977e-8,-2.384185791015625e-7,0.9560954570770264,-0.2347840517759323,-0.1753794103860855,0.21773327887058259,0.9696625471115112,-0.1111162081360817,0.1961471289396286,0.0680517628788948,0.9782102108001709],"EasingStyle":"Constant","EasingDirection":"In"},"Right Leg":{"Weight":1,"CFrame":[0.42919933795928957,0.5331675410270691,0.0654778778553009,0.8524647951126099,0.3142044246196747,-0.41782692074775698,-0.1258470118045807,0.8990656733512878,0.41933682560920718,0.5074113607406616,-0.30488765239715578,0.8059635758399963],"EasingStyle":"Constant","EasingDirection":"In"},"Torso":{"Weight":1,"CFrame":[-1.9370524883270264,-0.1693931221961975,-0.33892109990119936,0.9690179228782654,-0.20239156484603883,-0.14156953990459443,0.17007756233215333,0.9624132513999939,-0.2117413580417633,0.1791030615568161,0.18110337853431703,0.9670179486274719],"EasingStyle":"Constant","EasingDirection":"In"},"HumanoidRootPart":{"Weight":0,"CFrame":[0,0,0,1,0,0,0,1,0,0,0,1],"EasingStyle":"Linear","EasingDirection":"In"},"Left Arm":{"Weight":1,"CFrame":[-0.2507684528827667,-0.42086994647979739,0.05913090705871582,-0.22380197048187257,0.9717816710472107,0.07451891154050827,-0.7752812504768372,-0.2238384485244751,0.5906228423118591,0.5906366109848023,0.07440938800573349,0.8034995794296265],"EasingStyle":"Constant","EasingDirection":"In"}}},{"Time":0.1666666716337204,"poses":{"Left Leg":{"Weight":1,"CFrame":[-0.7014856934547424,0.7323522567749023,-0.20269858837127686,0.97958904504776,-0.1948239952325821,0.04948681220412254,0.1656297892332077,0.921817421913147,0.35045599937438967,-0.11389505863189697,-0.3351062834262848,0.9352709054946899],"EasingStyle":"Constant","EasingDirection":"In"},"Right Arm":{"Weight":1,"CFrame":[-0.1535126268863678,0.1503942608833313,0.6795129776000977,0.8211531639099121,0.445049911737442,-0.35726478695869448,0.4489445686340332,-0.11723246425390244,0.8858359456062317,0.3523580729961395,-0.8877990245819092,-0.2960684895515442],"EasingStyle":"Constant","EasingDirection":"In"},"Head":{"Weight":1,"CFrame":[1.1175870895385742e-7,2.60770320892334e-8,-3.8743019104003908e-7,0.9705471396446228,-0.15803751349449159,-0.18183065950870515,0.14160920679569245,0.9848468899726868,-0.10011681914329529,0.1948975771665573,0.07141917943954468,0.9782199263572693],"EasingStyle":"Constant","EasingDirection":"In"},"Right Leg":{"Weight":1,"CFrame":[0.43679171800613406,0.4636427164077759,0.13888418674468995,0.8037749528884888,0.39622727036476138,-0.44379013776779177,-0.23503363132476808,0.8967520594596863,0.37495991587638857,0.5465391278266907,-0.19707778096199037,0.8139136433601379],"EasingStyle":"Constant","EasingDirection":"In"},"Torso":{"Weight":1,"CFrame":[-1.7408413887023926,-0.11920014023780823,-0.3211193084716797,0.9609021544456482,-0.23952914774417878,-0.1388987898826599,0.2188422977924347,0.9643168449401856,-0.14900024235248567,0.16963234543800355,0.11277773231267929,0.9790332317352295],"EasingStyle":"Constant","EasingDirection":"In"},"HumanoidRootPart":{"Weight":0,"CFrame":[0,0,0,1,0,0,0,1,0,0,0,1],"EasingStyle":"Linear","EasingDirection":"In"},"Left Arm":{"Weight":1,"CFrame":[-0.24098962545394898,-0.311820387840271,0.07089751958847046,0.10266058146953583,0.9553743600845337,0.2769848108291626,-0.7443554997444153,-0.11093045771121979,0.6585053205490112,0.659845232963562,-0.27377769351005556,0.6997500658035278],"EasingStyle":"Constant","EasingDirection":"In"}}},{"Time":0.20000000298023225,"poses":{"Left Leg":{"Weight":1,"CFrame":[-0.7271915078163147,0.7154103517532349,-0.26036563515663149,0.9774807691574097,-0.21040715277194978,0.016131648793816568,0.18548430502414704,0.89311683177948,0.40980228781700137,-0.10063282400369644,-0.3975816071033478,0.9120317101478577],"EasingStyle":"Constant","EasingDirection":"In"},"Right Arm":{"Weight":1,"CFrame":[-0.1651679277420044,0.1274656355381012,0.641335129737854,0.8548702001571655,0.3835245966911316,-0.34943661093711855,0.3949291408061981,-0.044204551726579669,0.9176474809646606,0.3364936411380768,-0.9224721193313599,-0.18925414979457856],"EasingStyle":"Constant","EasingDirection":"In"},"Head":{"Weight":1,"CFrame":[3.3527612686157229e-7,4.470348358154297e-8,-5.960464477539063e-8,0.9790146946907044,-0.0800190344452858,-0.18742242455482484,0.06459543108940125,0.9941108822822571,-0.0870111733675003,0.19328123331069947,0.07307855784893036,0.9784180521965027],"EasingStyle":"Constant","EasingDirection":"In"},"Right Leg":{"Weight":1,"CFrame":[0.42235642671585085,0.3783591389656067,0.20761296153068543,0.7471928000450134,0.46322521567344668,-0.47657665610313418,-0.33762219548225405,0.8822217583656311,0.32817065715789797,0.5724632143974304,-0.08430395275354386,0.8155848979949951],"EasingStyle":"Constant","EasingDirection":"In"},"Torso":{"Weight":1,"CFrame":[-1.5004397630691529,-0.06809452176094055,-0.3064756393432617,0.9514654874801636,-0.27627328038215639,-0.13559670746326447,0.26663050055503847,0.9600328803062439,-0.0851181298494339,0.15369315445423127,0.044832754880189899,0.9871010184288025],"EasingStyle":"Constant","EasingDirection":"In"},"HumanoidRootPart":{"Weight":0,"CFrame":[0,0,0,1,0,0,0,1,0,0,0,1],"EasingStyle":"Linear","EasingDirection":"In"},"Left Arm":{"Weight":1,"CFrame":[-0.22640158236026765,-0.20277073979377747,0.08845114707946778,0.43239137530326846,0.798728883266449,0.41841331124305727,-0.6718933582305908,-0.024054087698459626,0.7402572631835938,0.6013293862342835,-0.6012100577354431,0.5262598991394043],"EasingStyle":"Constant","EasingDirection":"In"}}},{"Time":0.23333333432674409,"poses":{"Left Leg":{"Weight":1,"CFrame":[-0.7461743354797363,0.6991012692451477,-0.3168042004108429,0.9758405685424805,-0.21789315342903138,-0.016054388135671617,0.2000797688961029,0.8617064356803894,0.4662940800189972,-0.08776820451021195,-0.45824071764945986,0.8844841122627258],"EasingStyle":"Constant","EasingDirection":"In"},"Right Arm":{"Weight":1,"CFrame":[-0.17587816715240479,0.09546586871147156,0.5998740792274475,0.8930982947349548,0.3099202811717987,-0.3260751962661743,0.3329034745693207,0.03220555931329727,0.9424107670783997,0.3025735318660736,-0.9502169489860535,-0.07441073656082154],"EasingStyle":"Constant","EasingDirection":"In"},"Head":{"Weight":1,"CFrame":[1.4901161193847657e-7,-2.2351741790771486e-8,-8.940696716308594e-8,0.9814497828483582,-0.00778070418164134,-0.19156140089035035,-0.006207253318279982,0.9973627328872681,-0.07231223583221436,0.19161884486675263,0.07215990126132965,0.9788131713867188],"EasingStyle":"Constant","EasingDirection":"In"},"Right Leg":{"Weight":1,"CFrame":[0.3882291615009308,0.2882487177848816,0.26145321130752566,0.6910871863365173,0.5097396969795227,-0.5124098658561707,-0.4246748685836792,0.8600430488586426,0.28280243277549746,0.5848501920700073,0.02216639742255211,0.8108384013175964],"EasingStyle":"Constant","EasingDirection":"In"},"Torso":{"Weight":1,"CFrame":[-1.214555263519287,-0.020360350608825685,-0.29571250081062319,0.9418647289276123,-0.3096969425678253,-0.13030196726322175,0.30907970666885378,0.9506955742835999,-0.025450412184000016,0.1317594200372696,-0.016302842646837236,0.9911476373672485],"EasingStyle":"Constant","EasingDirection":"In"},"HumanoidRootPart":{"Weight":0,"CFrame":[0,0,0,1,0,0,0,1,0,0,0,1],"EasingStyle":"Linear","EasingDirection":"In"},"Left Arm":{"Weight":1,"CFrame":[-0.20604272186756135,-0.10256314277648926,0.11294877529144287,0.6757846474647522,0.5672789216041565,0.47064802050590517,-0.5829439163208008,0.020553240552544595,0.8122524619102478,0.45110026001930239,-0.8232691884040833,0.34458139538764956],"EasingStyle":"Constant","EasingDirection":"In"}}},{"Time":0.2666666805744171,"poses":{"Left Leg":{"Weight":1,"CFrame":[-0.7578052282333374,0.6868644952774048,-0.3689051866531372,0.974962592124939,-0.2182101607322693,-0.04280560091137886,0.20845314860343934,0.8298280239105225,0.5176222324371338,-0.07742913067340851,-0.5135852098464966,0.854537844657898],"EasingStyle":"Constant","EasingDirection":"In"},"Right Arm":{"Weight":1,"CFrame":[-0.18469813466072083,0.052883684635162356,0.5562577247619629,0.9333503842353821,0.22258810698986054,-0.2816232144832611,0.26264265179634097,0.11134234815835953,0.9584475755691528,0.2446955144405365,-0.9685336351394653,0.04546033963561058],"EasingStyle":"Constant","EasingDirection":"In"},"Head":{"Weight":1,"CFrame":[2.0116567611694337e-7,-5.587935447692871e-9,2.384185791015625e-7,0.9796445965766907,0.05179276689887047,-0.1939433217048645,-0.06388833373785019,0.9963486790657044,-0.056635864078998569,0.19030186533927918,0.06787372380495072,0.979376494884491],"EasingStyle":"Constant","EasingDirection":"In"},"Right Leg":{"Weight":1,"CFrame":[0.3433210849761963,0.20542502403259278,0.29523181915283205,0.6443947553634644,0.5352523922920227,-0.5461321473121643,-0.4908672869205475,0.8371546864509583,0.2412908971309662,0.5863485932350159,0.11259180307388306,0.8021959662437439],"EasingStyle":"Constant","EasingDirection":"In"},"Torso":{"Weight":1,"CFrame":[-0.8813556432723999,0.019876092672348024,-0.288557767868042,0.9336255192756653,-0.33720555901527407,-0.12097863852977753,0.342442125082016,0.9392103552818298,0.024845121428370477,0.10524647682905197,-0.06462422013282776,0.9923441410064697],"EasingStyle":"Constant","EasingDirection":"In"},"HumanoidRootPart":{"Weight":0,"CFrame":[0,0,0,1,0,0,0,1,0,0,0,1],"EasingStyle":"Linear","EasingDirection":"In"},"Left Arm":{"Weight":1,"CFrame":[-0.17895077168941499,-0.020038902759552003,0.14554816484451295,0.8124682903289795,0.3552752733230591,0.4622495770454407,-0.5061659812927246,0.036418695002794269,0.8616668581962586,0.28929436206817629,-0.9340519905090332,0.20941725373268128],"EasingStyle":"Constant","EasingDirection":"In"}}},{"Time":0.30000001192092898,"poses":{"Left Leg":{"Weight":1,"CFrame":[-0.7625300884246826,0.6825723648071289,-0.41451695561408999,0.9750438332557678,-0.21382620930671693,-0.05973158776760101,0.2098361998796463,0.7997115254402161,0.5625213384628296,-0.07251371443271637,-0.5610167980194092,0.8246222734451294],"EasingStyle":"Constant","EasingDirection":"In"},"Right Arm":{"Weight":1,"CFrame":[-0.19068320095539094,-0.001793503761291504,0.5116144418716431,0.9707944393157959,0.11868078261613846,-0.20850202441215516,0.1832292526960373,0.1942446529865265,0.9636887311935425,0.15487170219421388,-0.9737473726272583,0.16682590544223786],"EasingStyle":"Constant","EasingDirection":"In"},"Head":{"Weight":1,"CFrame":[8.940696716308594e-8,9.313225746154785e-9,-2.086162567138672e-7,0.9765322804450989,0.0923367440700531,-0.19457298517227174,-0.10207001864910126,0.9939489960670471,-0.040584880858659747,0.1896480917930603,0.05949252471327782,0.9800480604171753],"EasingStyle":"Constant","EasingDirection":"In"},"Right Leg":{"Weight":1,"CFrame":[0.3001347482204437,0.13951438665390016,0.3100113272666931,0.6148273348808289,0.5425851941108704,-0.5723535418510437,-0.5340145826339722,0.8204594850540161,0.204143688082695,0.5803583264350891,0.18013200163841248,0.7941893935203552],"EasingStyle":"Constant","EasingDirection":"In"},"Torso":{"Weight":1,"CFrame":[-0.49864304065704348,0.04874025285243988,-0.28415533900260928,0.9284008145332336,-0.35639700293540957,-0.10513383150100708,0.3637230694293976,0.9295125603675842,0.06092529743909836,0.07600963115692139,-0.09480269998311997,0.9925900101661682],"EasingStyle":"Constant","EasingDirection":"In"},"HumanoidRootPart":{"Weight":0,"CFrame":[0,0,0,1,0,0,0,1,0,0,0,1],"EasingStyle":"Linear","EasingDirection":"In"},"Left Arm":{"Weight":1,"CFrame":[-0.1441638469696045,0.0359589159488678,0.18740665912628175,0.873515248298645,0.21682754158973695,0.4358404874801636,-0.4552391767501831,0.046739865094423297,0.8891414999961853,0.17241926491260529,-0.9750903844833374,0.13953647017478944],"EasingStyle":"Constant","EasingDirection":"In"}}},{"Time":0.3333333432674408,"poses":{"Left Leg":{"Weight":1,"CFrame":[-0.7609577178955078,0.6902707815170288,-0.4522978961467743,0.9761677980422974,-0.20780101418495179,-0.06257162988185883,0.20314915478229524,0.7735655903816223,0.6002722382545471,-0.07633396238088608,-0.5986777544021606,0.7973443865776062],"EasingStyle":"Constant","EasingDirection":"In"},"Right Arm":{"Weight":1,"CFrame":[-0.19288817048072816,-0.07007646560668946,0.4670717716217041,0.995387077331543,-0.005623182747513056,-0.09577561169862747,0.09341783076524735,0.2842271029949188,0.954194962978363,0.021856343373656274,-0.9587404727935791,0.28344133496284487],"EasingStyle":"Constant","EasingDirection":"In"},"Head":{"Weight":1,"CFrame":[1.043081283569336e-7,-4.0046870708465579e-8,-8.940696716308594e-8,0.9750980734825134,0.10795442014932633,-0.1937256157398224,-0.11484327912330628,0.9930775761604309,-0.02465536817908287,0.1897229254245758,0.04628949239850044,0.9807459115982056],"EasingStyle":"Constant","EasingDirection":"In"},"Right Leg":{"Weight":1,"CFrame":[0.2709044814109802,0.09650182723999024,0.3109089136123657,0.6084582209587097,0.5350432991981506,-0.5860949158668518,-0.5529577136039734,0.8155813813209534,0.17048372328281403,0.5692242980003357,0.22035348415374757,0.7921035885810852],"EasingStyle":"Constant","EasingDirection":"In"},"Torso":{"Weight":1,"CFrame":[-0.06409484148025513,0.06240357458591461,-0.2816953957080841,0.9276986122131348,-0.3646317720413208,-0.08011863380670548,0.37052109837532046,0.9255427718162537,0.0780043974518776,0.04571033641695976,-0.10205020755529404,0.993728518486023],"EasingStyle":"Constant","EasingDirection":"In"},"HumanoidRootPart":{"Weight":0,"CFrame":[0,0,0,1,0,0,0,1,0,0,0,1],"EasingStyle":"Linear","EasingDirection":"In"},"Left Arm":{"Weight":1,"CFrame":[-0.10072068125009537,0.05659002065658569,0.23968124389648438,0.8921920657157898,0.1709010750055313,0.4180743396282196,-0.4341084361076355,0.06896788626909256,0.898216724395752,0.12467239797115326,-0.982871413230896,0.13572226464748383],"EasingStyle":"Constant","EasingDirection":"In"}}},{"Time":0.36666667461395266,"poses":{"Left Leg":{"Weight":1,"CFrame":[-0.7609577178955078,0.6902707815170288,-0.4522978961467743,0.9761677980422974,-0.20780101418495179,-0.06257162988185883,0.20314915478229524,0.7735655903816223,0.6002722382545471,-0.07633396238088608,-0.5986777544021606,0.7973443865776062],"EasingStyle":"Constant","EasingDirection":"In"},"Right Arm":{"Weight":1,"CFrame":[-0.19288817048072816,-0.07007646560668946,0.4670717716217041,0.995387077331543,-0.005623182747513056,-0.09577561169862747,0.09341783076524735,0.2842271029949188,0.954194962978363,0.021856343373656274,-0.9587404727935791,0.28344133496284487],"EasingStyle":"Constant","EasingDirection":"In"},"Head":{"Weight":1,"CFrame":[1.043081283569336e-7,-4.0046870708465579e-8,-8.940696716308594e-8,0.9750980734825134,0.10795442014932633,-0.1937256157398224,-0.11484327912330628,0.9930775761604309,-0.02465536817908287,0.1897229254245758,0.04628949239850044,0.9807459115982056],"EasingStyle":"Constant","EasingDirection":"In"},"Right Leg":{"Weight":1,"CFrame":[0.2709044814109802,0.09650182723999024,0.3109089136123657,0.6084582209587097,0.5350432991981506,-0.5860949158668518,-0.5529577136039734,0.8155813813209534,0.17048372328281403,0.5692242980003357,0.22035348415374757,0.7921035885810852],"EasingStyle":"Constant","EasingDirection":"In"},"Torso":{"Weight":1,"CFrame":[-0.06409484148025513,0.06240357458591461,-0.2816953957080841,0.9276986122131348,-0.3646317720413208,-0.08011863380670548,0.37052109837532046,0.9255427718162537,0.0780043974518776,0.04571033641695976,-0.10205020755529404,0.993728518486023],"EasingStyle":"Constant","EasingDirection":"In"},"HumanoidRootPart":{"Weight":0,"CFrame":[0,0,0,1,0,0,0,1,0,0,0,1],"EasingStyle":"Linear","EasingDirection":"In"},"Left Arm":{"Weight":1,"CFrame":[-0.10072068125009537,0.05659002065658569,0.23968124389648438,0.8921920657157898,0.1709010750055313,0.4180743396282196,-0.4341084361076355,0.06896788626909256,0.898216724395752,0.12467239797115326,-0.982871413230896,0.13572226464748383],"EasingStyle":"Constant","EasingDirection":"In"}}},{"Time":0.4000000059604645,"poses":{"Left Leg":{"Weight":1,"CFrame":[-0.7609577178955078,0.6902707815170288,-0.4522978961467743,0.9761677980422974,-0.20780101418495179,-0.06257162988185883,0.20314915478229524,0.7735655903816223,0.6002722382545471,-0.07633396238088608,-0.5986777544021606,0.7973443865776062],"EasingStyle":"Constant","EasingDirection":"In"},"Right Arm":{"Weight":1,"CFrame":[-0.19288817048072816,-0.07007646560668946,0.4670717716217041,0.995387077331543,-0.005623182747513056,-0.09577561169862747,0.09341783076524735,0.2842271029949188,0.954194962978363,0.021856343373656274,-0.9587404727935791,0.28344133496284487],"EasingStyle":"Constant","EasingDirection":"In"},"Head":{"Weight":1,"CFrame":[1.043081283569336e-7,-4.0046870708465579e-8,-8.940696716308594e-8,0.9750980734825134,0.10795442014932633,-0.1937256157398224,-0.11484327912330628,0.9930775761604309,-0.02465536817908287,0.1897229254245758,0.04628949239850044,0.9807459115982056],"EasingStyle":"Constant","EasingDirection":"In"},"Right Leg":{"Weight":1,"CFrame":[0.2709044814109802,0.09650182723999024,0.3109089136123657,0.6084582209587097,0.5350432991981506,-0.5860949158668518,-0.5529577136039734,0.8155813813209534,0.17048372328281403,0.5692242980003357,0.22035348415374757,0.7921035885810852],"EasingStyle":"Constant","EasingDirection":"In"},"Torso":{"Weight":1,"CFrame":[-0.06409484148025513,0.06240357458591461,-0.2816953957080841,0.9276986122131348,-0.3646317720413208,-0.08011863380670548,0.37052109837532046,0.9255427718162537,0.0780043974518776,0.04571033641695976,-0.10205020755529404,0.993728518486023],"EasingStyle":"Constant","EasingDirection":"In"},"HumanoidRootPart":{"Weight":0,"CFrame":[0,0,0,1,0,0,0,1,0,0,0,1],"EasingStyle":"Linear","EasingDirection":"In"},"Left Arm":{"Weight":1,"CFrame":[-0.10072068125009537,0.05659002065658569,0.23968124389648438,0.8921920657157898,0.1709010750055313,0.4180743396282196,-0.4341084361076355,0.06896788626909256,0.898216724395752,0.12467239797115326,-0.982871413230896,0.13572226464748383],"EasingStyle":"Constant","EasingDirection":"In"}}},{"Time":0.4333333373069763,"poses":{"Left Leg":{"Weight":1,"CFrame":[-0.3126903176307678,0.528551459312439,0.032268598675727847,0.776969850063324,-0.3967386782169342,0.48879072070121767,0.059394143521785739,0.8191609978675842,0.5704801678657532,-0.6267297863960266,-0.41421446204185488,0.660027265548706],"EasingStyle":"Constant","EasingDirection":"In"},"Right Arm":{"Weight":1,"CFrame":[0.1671772599220276,-0.37308651208877566,0.34951215982437136,-0.4177910387516022,-0.8209007978439331,0.3893234431743622,0.660351574420929,0.019944900646805764,0.7506915926933289,-0.6240083575248718,0.5707224011421204,0.5337502956390381],"EasingStyle":"Constant","EasingDirection":"In"},"Head":{"Weight":1,"CFrame":[1.043081283569336e-7,-5.02914261346632e-8,1.1920928955078126e-7,1,-7.078051567077637e-8,7.823110337312755e-8,7.63684582238966e-8,1,-1.862645326866641e-8,-7.823110337312755e-8,-7.450580596923828e-9,1],"EasingStyle":"Constant","EasingDirection":"In"},"Right Leg":{"Weight":1,"CFrame":[0.3234700858592987,0.268332839012146,-0.04165071249008179,0.9907132387161255,-0.13426902890205384,-0.021426305174827577,0.13562887907028199,0.9647762775421143,0.22541409730911256,-0.009594462811946869,-0.2262268364429474,0.9740273952484131],"EasingStyle":"Constant","EasingDirection":"In"},"Torso":{"Weight":1,"CFrame":[0.22345566749572755,-0.14677709341049195,-0.3647904396057129,0.9480989575386047,0.28501373529434206,0.14098048210144044,-0.2578814625740051,0.9485965371131897,-0.1834714561700821,-0.1860254853963852,0.1375928521156311,0.9728631377220154],"EasingStyle":"Constant","EasingDirection":"In"},"HumanoidRootPart":{"Weight":0,"CFrame":[0,0,0,1,0,0,0,1,0,0,0,1],"EasingStyle":"Linear","EasingDirection":"In"},"Left Arm":{"Weight":1,"CFrame":[0.05819103121757507,-0.23156896233558656,0.37880247831344607,0.7691348791122437,0.6302241086959839,0.10606154799461365,-0.33337825536727908,0.25406506657600405,0.9079151749610901,0.5452434420585632,-0.7336678504943848,0.4055132567882538],"EasingStyle":"Constant","EasingDirection":"In"}}},{"Time":0.46666666865348818,"poses":{"Left Leg":{"Weight":1,"CFrame":[-0.2943184971809387,0.5663570761680603,0.15234360098838807,0.6146309971809387,-0.4937126040458679,0.6152044534683228,0.15878760814666749,0.8413833379745483,0.5165855884552002,-0.7726675868034363,-0.21982263028621674,0.5955356955528259],"EasingStyle":"Constant","EasingDirection":"In"},"Right Arm":{"Weight":1,"CFrame":[0.16712409257888795,-0.37305915355682375,0.3217984437942505,-0.5791760087013245,-0.6303108334541321,0.5169752240180969,0.7281029224395752,-0.11475453525781632,0.6757939457893372,-0.3666350245475769,0.7678148150444031,0.5253943204879761],"EasingStyle":"Constant","EasingDirection":"In"},"Head":{"Weight":1,"CFrame":[8.754432201385498e-8,-1.5366822481155397e-8,2.384185791015625e-7,0.9994462728500366,-0.022498758509755136,-0.024513326585292817,0.022271906957030298,0.9997069239616394,-0.009490177035331726,0.024719685316085817,0.008938994258642197,0.9996544718742371],"EasingStyle":"Constant","EasingDirection":"In"},"Right Leg":{"Weight":1,"CFrame":[0.4559524655342102,0.425259530544281,-0.11449688673019409,0.9876517057418823,-0.15318892896175385,0.032822005450725558,0.13898980617523194,0.9534463882446289,0.2676224708557129,-0.07229074835777283,-0.259755939245224,0.962964653968811],"EasingStyle":"Constant","EasingDirection":"In"},"Torso":{"Weight":1,"CFrame":[0.23968319594860078,-0.15649238228797913,-0.43262410163879397,0.9018489718437195,0.4144774377346039,0.1219710037112236,-0.3875620663166046,0.9008496999740601,-0.19561558961868287,-0.19095578789710999,0.12914437055587769,0.9730660915374756],"EasingStyle":"Constant","EasingDirection":"In"},"HumanoidRootPart":{"Weight":0,"CFrame":[0,0,0,1,0,0,0,1,0,0,0,1],"EasingStyle":"Linear","EasingDirection":"In"},"Left Arm":{"Weight":1,"CFrame":[0.08003601431846619,-0.22752970457077027,0.37877553701400759,0.8480848073959351,0.5160548686981201,0.12016438692808151,-0.34838223457336428,0.3722127676010132,0.860283374786377,0.39922672510147097,-0.7714564204216003,0.4954523742198944],"EasingStyle":"Constant","EasingDirection":"In"}}},{"Time":0.5,"poses":{"Left Leg":{"Weight":1,"CFrame":[-0.2572845220565796,0.5938937664031982,0.28652477264404299,0.4920879304409027,-0.49115023016929629,0.718763530254364,0.2812557816505432,0.8710656762123108,0.40266576409339907,-0.8238596320152283,0.004009506199508905,0.5667797327041626],"EasingStyle":"Constant","EasingDirection":"In"},"Right Arm":{"Weight":1,"CFrame":[0.16691172122955323,-0.3729725182056427,0.30003347992897036,-0.6368845701217651,-0.49332982301712038,0.5924558043479919,0.7459518313407898,-0.20018090307712556,0.6352035403251648,-0.19476637244224549,0.8464946746826172,0.49549227952957156],"EasingStyle":"Constant","EasingDirection":"In"},"Head":{"Weight":1,"CFrame":[-1.862645149230957e-7,-8.009374141693115e-8,4.76837158203125e-7,0.9962851405143738,-0.034469522535800937,-0.07891657203435898,0.03188304975628853,0.9989197850227356,-0.03380395844578743,0.0799965187907219,0.031162241473793985,0.996307909488678],"EasingStyle":"Constant","EasingDirection":"In"},"Right Leg":{"Weight":1,"CFrame":[0.5269213914871216,0.6811161041259766,-0.20690378546714784,0.9912144541740418,-0.1322513371706009,0.001867242157459259,0.12443234771490097,0.9372116327285767,0.3258081376552582,-0.04483850300312042,-0.32271334528923037,0.9454340934753418],"EasingStyle":"Constant","EasingDirection":"In"},"Torso":{"Weight":1,"CFrame":[2.4755454063415529,-0.16030579805374146,-0.5083045959472656,0.8715733289718628,0.4785913825035095,0.1063493937253952,-0.45265981554985049,0.8688763380050659,-0.20038209855556489,-0.18830560147762299,0.12650761008262635,0.9739285707473755],"EasingStyle":"Constant","EasingDirection":"In"},"HumanoidRootPart":{"Weight":0,"CFrame":[0,0,0,1,0,0,0,1,0,0,0,1],"EasingStyle":"Linear","EasingDirection":"In"},"Left Arm":{"Weight":1,"CFrame":[0.09105854481458664,-0.2161634862422943,0.37870919704437258,0.9539051651954651,0.20658305287361146,0.21768882870674134,-0.294818252325058,0.5094628930091858,0.8084118366241455,0.05609967187047005,-0.8353269100189209,0.546883761882782],"EasingStyle":"Constant","EasingDirection":"In"}}},{"Time":0.5333333611488342,"poses":{"Left Leg":{"Weight":1,"CFrame":[-0.20218048989772798,0.5753663778305054,0.39679694175720217,0.4433605968952179,-0.4367498457431793,0.7827394008636475,0.38994041085243227,0.8802747130393982,0.2703014016151428,-0.8070798516273499,0.18538078665733338,0.5605855584144592],"EasingStyle":"Constant","EasingDirection":"In"},"Right Arm":{"Weight":1,"CFrame":[0.166459321975708,-0.37282228469848635,0.2827669680118561,-0.6539238095283508,-0.4136890470981598,0.6334391236305237,0.7500100135803223,-0.24453337490558625,0.6145637035369873,-0.09934113919734955,0.8769633769989014,0.47017696499824526],"EasingStyle":"Constant","EasingDirection":"In"},"Head":{"Weight":1,"CFrame":[-6.48200511932373e-7,-8.940696716308594e-8,2.682209014892578e-7,0.9900211691856384,-0.04155151546001434,-0.13465364277362824,0.032921552658081058,0.9972964525222778,-0.06569569557905197,0.13701938092708589,0.06060711294412613,0.9887125492095947],"EasingStyle":"Constant","EasingDirection":"In"},"Right Leg":{"Weight":1,"CFrame":[0.4584862291812897,0.9169269800186157,-0.32200852036476138,0.9860213994979858,-0.1544995754957199,-0.06238361448049545,0.16653203964233399,0.9017452597618103,0.3989016115665436,-0.005375793669372797,-0.40371447801589968,0.9148693084716797],"EasingStyle":"Constant","EasingDirection":"In"},"Torso":{"Weight":1,"CFrame":[2.7838969230651857,-0.16150856018066407,-0.5699865818023682,0.8584040999412537,0.5039025545120239,0.09604451805353165,-0.47892144322395327,0.8543280959129334,-0.20188552141189576,-0.18378415703773499,0.12730160355567933,0.9746885299682617],"EasingStyle":"Constant","EasingDirection":"In"},"HumanoidRootPart":{"Weight":0,"CFrame":[0,0,0,1,0,0,0,1,0,0,0,1],"EasingStyle":"Linear","EasingDirection":"In"},"Left Arm":{"Weight":1,"CFrame":[0.09516733884811402,-0.19859707355499268,0.37862420082092287,0.9375088214874268,-0.12807084619998933,0.3235352039337158,-0.1879892200231552,0.5960056781768799,0.7806646227836609,-0.29280921816825869,-0.7927011251449585,0.5346847176551819],"EasingStyle":"Constant","EasingDirection":"In"}}},{"Time":0.5666666626930237,"poses":{"Left Leg":{"Weight":1,"CFrame":[-0.17414091527462007,0.5504862666130066,0.4427933096885681,0.43734118342399599,-0.4043589234352112,0.8032599687576294,0.43588656187057497,0.8765884041786194,0.20395034551620484,-0.786597490310669,0.2609342336654663,0.5596227645874023],"EasingStyle":"Constant","EasingDirection":"In"},"Right Arm":{"Weight":1,"CFrame":[0.1656864881515503,-0.3726028800010681,0.26854661107063296,-0.6583064198493958,-0.36454886198043826,0.6585870981216431,0.7515853643417358,-0.2696665823459625,0.601996123790741,-0.04185796156525612,0.8912822604179382,0.4515126645565033],"EasingStyle":"Constant","EasingDirection":"In"},"Head":{"Weight":1,"CFrame":[-7.450580596923828e-8,-7.450580596923828e-8,4.172325134277344e-7,0.9853724837303162,-0.04746335744857788,-0.16367116570472718,0.03162926062941551,0.9946809411048889,-0.09802734106779099,0.16745328903198243,0.0914166122674942,0.9816325306892395],"EasingStyle":"Constant","EasingDirection":"In"},"Right Leg":{"Weight":1,"CFrame":[0.357685923576355,1.042849063873291,-0.4463847577571869,0.9753917455673218,-0.19435791671276093,-0.1040954738855362,0.22046567499637605,0.8546350598335266,0.4700997471809387,-0.0024038285482674839,-0.4814809560775757,0.8764532804489136],"EasingStyle":"Constant","EasingDirection":"In"},"Torso":{"Weight":1,"CFrame":[2.987694501876831,-0.1624079942703247,-0.5956457853317261,0.8545939326286316,0.5110071897506714,0.09241675585508347,-0.4862522780895233,0.849909245967865,-0.20300982892513276,-0.18228532373905183,0.1285531222820282,0.9748057126998901],"EasingStyle":"Constant","EasingDirection":"In"},"HumanoidRootPart":{"Weight":0,"CFrame":[0,0,0,1,0,0,0,1,0,0,0,1],"EasingStyle":"Linear","EasingDirection":"In"},"Left Arm":{"Weight":1,"CFrame":[0.09626919031143189,-0.1759583055973053,0.3785443902015686,0.8885310888290405,-0.2886694371700287,0.35662657022476199,-0.11315803229808808,0.6153910756111145,0.7800570130348206,-0.44464346766471865,-0.7334601283073425,0.5141288638114929],"EasingStyle":"Constant","EasingDirection":"In"}}},{"Time":0.6000000238418579,"poses":{"Left Leg":{"Weight":1,"CFrame":[-0.17414093017578126,0.5504860877990723,0.44279325008392336,0.4373410940170288,-0.4043589234352112,0.8032599687576294,0.435886412858963,0.8765884041786194,0.20395055413246156,-0.7865976095199585,0.26093417406082156,0.5596227049827576],"EasingStyle":"Constant","EasingDirection":"In"},"Right Arm":{"Weight":1,"CFrame":[0.16568660736083985,-0.37260305881500246,0.26854681968688967,-0.6583064198493958,-0.36454886198043826,0.6585870981216431,0.7515853643417358,-0.2696665823459625,0.601996123790741,-0.04185796156525612,0.8912822604179382,0.4515126645565033],"EasingStyle":"Constant","EasingDirection":"In"},"Head":{"Weight":1,"CFrame":[-8.195638656616211e-8,-7.450580596923828e-8,1.7881393432617188e-7,0.9853724837303162,-0.04746335744857788,-0.16367116570472718,0.03162926062941551,0.9946809411048889,-0.09802734106779099,0.16745328903198243,0.0914166122674942,0.9816325306892395],"EasingStyle":"Constant","EasingDirection":"In"},"Right Leg":{"Weight":1,"CFrame":[0.35768577456474306,1.042848825454712,-0.4463847577571869,0.9753917455673218,-0.1943579763174057,-0.10409554094076157,0.220465749502182,0.8546350598335266,0.4700997471809387,-0.002403789898380637,-0.4814809262752533,0.8764532804489136],"EasingStyle":"Constant","EasingDirection":"In"},"Torso":{"Weight":1,"CFrame":[3.0621562004089357,-0.16240787506103517,-0.5956457853317261,0.8545939326286316,0.5110071897506714,0.09241675585508347,-0.4862522780895233,0.849909245967865,-0.20300982892513276,-0.18228532373905183,0.1285531222820282,0.9748057126998901],"EasingStyle":"Constant","EasingDirection":"In"},"HumanoidRootPart":{"Weight":0,"CFrame":[0,0,0,1,0,0,0,1,0,0,0,1],"EasingStyle":"Linear","EasingDirection":"In"},"Left Arm":{"Weight":1,"CFrame":[0.09626919031143189,-0.1759585291147232,0.37854427099227908,0.8885310888290405,-0.2886694371700287,0.35662657022476199,-0.11315803229808808,0.6153910756111145,0.7800570130348206,-0.44464346766471865,-0.7334601283073425,0.5141288638114929],"EasingStyle":"Constant","EasingDirection":"In"}}},{"Time":0.6333333253860474,"poses":{"Left Leg":{"Weight":1,"CFrame":[-0.17414094507694245,0.5504858493804932,0.44279348850250246,0.43734118342399599,-0.404358834028244,0.8032599687576294,0.43588635325431826,0.8765884637832642,0.20395047962665559,-0.7865976095199585,0.260934054851532,0.5596227049827576],"EasingStyle":"Constant","EasingDirection":"In"},"Right Arm":{"Weight":1,"CFrame":[0.1656864881515503,-0.372603178024292,0.268546462059021,-0.6583064198493958,-0.36454886198043826,0.6585870981216431,0.7515853643417358,-0.2696665823459625,0.601996123790741,-0.04185796156525612,0.8912822604179382,0.4515126645565033],"EasingStyle":"Constant","EasingDirection":"In"},"Head":{"Weight