{"Sequence":[{"Time":0,"poses":{"Left Leg":{"Weight":1,"CFrame":[-0.5313606858253479,-0.0626906156539917,-0.047385990619659427,0.9441770911216736,-0.2885127365589142,-0.1590290069580078,0.28188762068748476,0.9573602080345154,-0.06325121223926544,0.17049680650234223,0.0148920938372612,0.9852457046508789],"EasingStyle":"Linear","EasingDirection":"In"},"Right Arm":{"Weight":1,"CFrame":[1.322755217552185,-0.5521482825279236,0.138899564743042,-0.26122623682022097,-0.13103054463863374,-0.9563429951667786,-0.13635751605033875,-0.9757997989654541,0.17094260454177857,-0.9555980563163757,0.17505919933319093,0.23703746497631074],"EasingStyle":"Linear","EasingDirection":"In"},"Head":{"Weight":1,"CFrame":[7.264316082000733e-8,-5.587935447692871e-9,0.016661882400512697,0.9977940917015076,-0.012992195785045624,0.06510104238986969,0.019585037603974344,0.9946243166923523,-0.10168051719665528,-0.06343001127243042,0.10273122042417526,0.9926847219467163],"EasingStyle":"Linear","EasingDirection":"In"},"Right Leg":{"Weight":1,"CFrame":[0.2636920213699341,0.0883479118347168,0.07836556434631348,0.9337759017944336,0.3229333758354187,-0.15419644117355348,-0.3101212978363037,0.9452506303787231,0.10161828249692917,0.17857027053833009,-0.047069139778614047,0.9828007221221924],"EasingStyle":"Linear","EasingDirection":"In"},"Torso":{"Weight":1,"CFrame":[-0.06749582290649414,0.07718175649642945,-0.09565091133117676,0.9842329621315002,-0.15669198334217072,-0.08205591887235642,0.16415320336818696,0.9819620847702026,0.0938311442732811,0.06587320566177368,-0.10582143813371659,0.9922008514404297],"EasingStyle":"Linear","EasingDirection":"In"},"HumanoidRootPart":{"Weight":1,"CFrame":[0,0,0,1,0,0,0,1,0,0,0,1],"EasingStyle":"Linear","EasingDirection":"In"},"Left Arm":{"Weight":1,"CFrame":[-0.3581509590148926,-0.7205651998519898,0.17866897583007813,-0.26114732027053835,0.9631320834159851,-0.06464333832263947,-0.7008267045021057,-0.14312134683132173,0.6988264918327332,0.6638103127479553,0.2278003692626953,0.7123643159866333],"EasingStyle":"Linear","EasingDirection":"In"}}},{"Time":0.01666666753590107,"poses":{"Left Leg":{"Weight":1,"CFrame":[-0.477545827627182,-0.06389188766479492,-0.04171109199523926,0.9524110555648804,-0.26290813088417055,-0.15424813330173493,0.2575705945491791,0.9647501111030579,-0.053987935185432437,0.16300472617149354,0.01168895699083805,0.9865560531616211],"EasingStyle":"Linear","EasingDirection":"In"},"Right Arm":{"Weight":1,"CFrame":[1.317145824432373,-0.5581182241439819,0.12492883205413819,-0.270896315574646,-0.16275754570960999,-0.948749303817749,-0.16216595470905305,-0.9637995362281799,0.21164272725582124,-0.9488505125045776,0.21118809282779694,0.23469600081443788],"EasingStyle":"Linear","EasingDirection":"In"},"Head":{"Weight":1,"CFrame":[8.195638656616211e-8,2.7939677238464357e-8,0.016661763191223146,0.9982765316963196,-0.016079189255833627,0.05644013732671738,0.023157769814133645,0.9916200041770935,-0.12709692120552064,-0.053923577070236209,0.12818492949008943,0.9902832508087158],"EasingStyle":"Linear","EasingDirection":"In"},"Right Leg":{"Weight":1,"CFrame":[0.2138969898223877,0.07433801889419556,0.07542049884796143,0.9440414309501648,0.2939454913139343,-0.14960558712482453,-0.2828121483325958,0.9548096060752869,0.09141110628843308,0.1697147935628891,-0.04398563131690025,0.9845111966133118],"EasingStyle":"Linear","EasingDirection":"In"},"Torso":{"Weight":1,"CFrame":[-0.06209816038608551,0.07723970711231232,-0.07182931900024414,0.9855494499206543,-0.1515999138355255,-0.07556354999542237,0.15839211642742158,0.9829010367393494,0.0939016193151474,0.060036007314920428,-0.10451335459947586,0.992709755897522],"EasingStyle":"Linear","EasingDirection":"In"},"HumanoidRootPart":{"Weight":1,"CFrame":[0,0,0,1,0,0,0,1,0,0,0,1],"EasingStyle":"Linear","EasingDirection":"In"},"Left Arm":{"Weight":1,"CFrame":[-0.35827502608299258,-0.7210147976875305,0.17870795726776124,-0.2763937711715698,0.9584975838661194,-0.06992073357105255,-0.687510073184967,-0.14636555314064027,0.7112715840339661,0.6715179681777954,0.24466215074062348,0.6994311809539795],"EasingStyle":"Linear","EasingDirection":"In"}}},{"Time":0.03333333507180214,"poses":{"Left Leg":{"Weight":1,"CFrame":[-0.4336533844470978,-0.0629810094833374,-0.03789019584655762,0.9589731097221375,-0.24074630439281465,-0.14970572292804719,0.23655852675437928,0.9705537557601929,-0.045448530465364459,0.15623892843723298,0.008169764652848244,0.9876855611801148],"EasingStyle":"Linear","EasingDirection":"In"},"Right Arm":{"Weight":1,"CFrame":[1.302702784538269,-0.5751413702964783,0.1066206693649292,-0.2905837595462799,-0.19927693903446198,-0.9358684420585632,-0.18127724528312684,-0.9488945007324219,0.2583365738391876,-0.9395210146903992,0.24472011625766755,0.23960892856121064],"EasingStyle":"Linear","EasingDirection":"In"},"Head":{"Weight":1,"CFrame":[9.685754776000977e-8,-2.2351741790771486e-8,0.016661882400512697,0.9986727833747864,-0.01926308311522007,0.047766126692295077,0.026270756497979165,0.9882264733314514,-0.1507262885570526,-0.044300343841314319,0.1517811268568039,0.987420916557312],"EasingStyle":"Linear","EasingDirection":"In"},"Right Leg":{"Weight":1,"CFrame":[0.17346066236495973,0.06334251165390015,0.07368612289428711,0.9522919058799744,0.2684052586555481,-0.1452544778585434,-0.2587248384952545,0.962445080280304,0.08222617954015732,0.16186940670013429,-0.040722399950027469,0.9859716892242432],"EasingStyle":"Linear","EasingDirection":"In"},"Torso":{"Weight":1,"CFrame":[-0.05708187818527222,0.07615925371646881,-0.05404782295227051,0.9867097735404968,-0.14679844677448274,-0.06967119872570038,0.15291687846183778,0.9838923215866089,0.09258809685707092,0.054957158863544467,-0.10201150178909302,0.9932640194892883],"EasingStyle":"Linear","EasingDirection":"In"},"HumanoidRootPart":{"Weight":1,"CFrame":[0,0,0,1,0,0,0,1,0,0,0,1],"EasingStyle":"Linear","EasingDirection":"In"},"Left Arm":{"Weight":1,"CFrame":[-0.3584500849246979,-0.7221355438232422,0.17754411697387696,-0.29374274611473086,0.953272819519043,-0.07061278820037842,-0.6735773682594299,-0.15400946140289308,0.7228932976722717,0.6782394647598267,0.2599078118801117,0.68734210729599],"EasingStyle":"Linear","EasingDirection":"In"}}},{"Time":0.05000000074505806,"poses":{"Left Leg":{"Weight":1,"CFrame":[-0.414752334356308,-0.05854904651641846,-0.03797042369842529,0.9623064398765564,-0.22985921800136567,-0.1453653872013092,0.22680062055587769,0.9732189774513245,-0.037502530962228778,0.15009261667728425,0.0031199546065181495,0.9886670708656311],"EasingStyle":"Linear","EasingDirection":"In"},"Right Arm":{"Weight":1,"CFrame":[1.2800127267837525,-0.6014679670333862,0.08520829677581787,-0.3183077871799469,-0.2403191477060318,-0.9170207381248474,-0.19360393285751344,-0.9304669499397278,0.3110448122024536,-0.9280073642730713,0.2765468657016754,0.24964815378189088],"EasingStyle":"Linear","EasingDirection":"In"},"Head":{"Weight":1,"CFrame":[1.043081283569336e-7,-2.9802322387695315e-8,0.016662120819091798,0.99894779920578,-0.02260514348745346,0.03990519046783447,0.02906738594174385,0.9850800037384033,-0.1696249395608902,-0.035475391894578937,0.1706063598394394,0.9847005009651184],"EasingStyle":"Linear","EasingDirection":"In"},"Right Leg":{"Weight":1,"CFrame":[0.16067861020565034,0.05553615093231201,0.07567715644836426,0.9563771486282349,0.2558027505874634,-0.14109542965888978,-0.2474757432937622,0.9660637974739075,0.0740043967962265,0.15523776412010194,-0.03585844859480858,0.987226128578186],"EasingStyle":"Linear","EasingDirection":"In"},"Torso":{"Weight":1,"CFrame":[-0.052423954010009769,0.07406018674373627,-0.04678916931152344,0.9877377152442932,-0.14224542677402497,-0.06434638798236847,0.14770573377609254,0.9849246144294739,0.09003622829914093,0.050569087266922,-0.09843649715185166,0.993857741355896],"EasingStyle":"Linear","EasingDirection":"In"},"HumanoidRootPart":{"Weight":1,"CFrame":[0,0,0,1,0,0,0,1,0,0,0,1],"EasingStyle":"Linear","EasingDirection":"In"},"Left Arm":{"Weight":1,"CFrame":[-0.3586762547492981,-0.7238836884498596,0.17524826526641847,-0.31258004903793337,0.9474941492080689,-0.06744426488876343,-0.6591052412986755,-0.16521570086479188,0.7336785793304443,0.6840132474899292,0.27378594875335696,0.6761413216590881],"EasingStyle":"Linear","EasingDirection":"In"}}},{"Time":0.06666667014360428,"poses":{"Left Leg":{"Weight":1,"CFrame":[-0.41431182622909548,-0.05158638954162598,-0.0407751202583313,0.9635661840438843,-0.2271726280450821,-0.1411833018064499,0.22518423199653626,0.9738506078720093,-0.030118439346551896,0.14433348178863526,-0.0027711496222764255,0.9895252585411072],"EasingStyle":"Linear","EasingDirection":"In"},"Right Arm":{"Weight":1,"CFrame":[1.2496603727340699,-0.6353418827056885,0.06191885471343994,-0.3520156443119049,-0.28564566373825076,-0.8913425803184509,-0.19893106818199159,-0.9077063798904419,0.3694530427455902,-0.914609968662262,0.3073689937591553,0.262703001499176],"EasingStyle":"Linear","EasingDirection":"In"},"Head":{"Weight":1,"CFrame":[1.0803341865539551e-7,0,0.016662120819091798,0.9990939497947693,-0.026074886322021486,0.033636149019002917,0.031744085252285007,0.9829943776130676,-0.1808714121580124,-0.028347931802272798,0.18177533149719239,0.9829314351081848],"EasingStyle":"Linear","EasingDirection":"In"},"Right Leg":{"Weight":1,"CFrame":[0.1698126345872879,0.050090491771698,0.08034932613372803,0.9575910568237305,0.2534269690513611,-0.13709205389022828,-0.24634748697280885,0.9668880105018616,0.0666370615363121,0.14944033324718476,-0.03003879450261593,0.9883144497871399],"EasingStyle":"Linear","EasingDirection":"In"},"Torso":{"Weight":1,"CFrame":[-0.04809916019439697,0.07106126844882965,-0.04680895805358887,0.9886538982391357,-0.1379014551639557,-0.05955400690436363,0.14273296296596528,0.9859837889671326,0.0863904058933258,0.04680592194199562,-0.09391053766012192,0.994479775428772],"EasingStyle":"Linear","EasingDirection":"In"},"HumanoidRootPart":{"Weight":1,"CFrame":[0,0,0,1,0,0,0,1,0,0,0,1],"EasingStyle":"Linear","EasingDirection":"In"},"Left Arm":{"Weight":1,"CFrame":[-0.3589537739753723,-0.7262160778045654,0.1718902587890625,-0.3323281407356262,0.9411783814430237,-0.061165936291217807,-0.6441864967346191,-0.17913568019866944,0.743595540523529,0.688899040222168,0.2865199148654938,0.6658260822296143],"EasingStyle":"Linear","EasingDirection":"In"}}},{"Time":0.0833333358168602,"poses":{"Left Leg":{"Weight":1,"CFrame":[-0.4154762029647827,-0.044252753257751468,-0.043817758560180667,0.9648211598396301,-0.22432276606559754,-0.13711144030094148,0.22325247526168824,0.9744813442230225,-0.02333572320640087,0.1388472318649292,-0.008095676079392434,0.9902807474136353],"EasingStyle":"Linear","EasingDirection":"In"},"Right Arm":{"Weight":1,"CFrame":[1.2122327089309693,-0.6749976277351379,0.037972450256347659,-0.38950225710868838,-0.33495691418647768,-0.8579579591751099,-0.1970420777797699,-0.8796523213386536,0.4328813850879669,-0.8997012972831726,0.3376620411872864,0.2766258716583252],"EasingStyle":"Linear","EasingDirection":"In"},"Head":{"Weight":1,"CFrame":[5.774199962615967e-8,2.7939677238464357e-8,0.016661882400512697,0.9991208910942078,-0.02959757298231125,0.02968893200159073,0.03450803831219673,0.9827772378921509,-0.18154364824295045,-0.023804323747754098,0.18240848183631898,0.9829347133636475],"EasingStyle":"Linear","EasingDirection":"In"},"Right Leg":{"Weight":1,"CFrame":[0.18161533772945405,0.045906662940979007,0.08494770526885987,0.9586183428764343,0.25160640478134158,-0.13321062922477723,-0.24559840559959413,0.9675111174583435,0.06003209576010704,0.1439872831106186,-0.024831606075167657,0.9892679452896118],"EasingStyle":"Linear","EasingDirection":"In"},"Torso":{"Weight":1,"CFrame":[-0.04408075660467148,0.06728066504001618,-0.04779815673828125,0.989476203918457,-0.13372954726219178,-0.05525704845786095,0.13796985149383546,0.9870532155036926,0.08179423958063126,0.043603330850601199,-0.08855725079774857,0.9951163530349731],"EasingStyle":"Linear","EasingDirection":"In"},"HumanoidRootPart":{"Weight":1,"CFrame":[0,0,0,1,0,0,0,1,0,0,0,1],"EasingStyle":"Linear","EasingDirection":"In"},"Left Arm":{"Weight":1,"CFrame":[-0.3592827320098877,-0.7290874123573303,0.1675395965576172,-0.35245487093925478,0.934352457523346,-0.0525464192032814,-0.6289411783218384,-0.1949220597743988,0.7526212334632874,0.6929709315299988,0.29831361770629885,0.6563538312911987],"EasingStyle":"Linear","EasingDirection":"In"}}},{"Time":0.10000000149011612,"poses":{"Left Leg":{"Weight":1,"CFrame":[-0.4178342819213867,-0.03658342361450195,-0.04701727628707886,0.9660863876342773,-0.2212636023759842,-0.13311509788036347,0.22097685933113099,0.9751290082931519,-0.01711140014231205,0.13359050452709199,-0.012884268537163735,0.9909528493881226],"EasingStyle":"Linear","EasingDirection":"In"},"Right Arm":{"Weight":1,"CFrame":[1.1683205366134644,-0.7186651229858398,0.014578938484191895,-0.4283721446990967,-0.38782206177711489,-0.8161442279815674,-0.18786956369876862,-0.8452485799789429,0.5002597570419312,-0.8838565945625305,0.36762604117393496,0.28922101855278017],"EasingStyle":"Linear","EasingDirection":"In"},"Head":{"Weight":1,"CFrame":[8.754432201385498e-8,3.073364496231079e-8,0.016662001609802247,0.9990739822387695,-0.03300027921795845,0.027606669813394548,0.037305597215890887,0.9840891361236572,-0.17371496558189393,-0.021434767171740533,0.17458400130271913,0.984408974647522],"EasingStyle":"Linear","EasingDirection":"In"},"Right Leg":{"Weight":1,"CFrame":[0.19529594480991364,0.04292154312133789,0.08935868740081787,0.9595416188240051,0.25006309151649477,-0.12941572070121766,-0.24497032165527345,0.9680178761482239,0.054138511419296268,0.13881483674049378,-0.02024518884718418,0.9901114702224731],"EasingStyle":"Linear","EasingDirection":"In"},"Torso":{"Weight":1,"CFrame":[-0.04034053534269333,0.06283584237098694,-0.04964709281921387,0.9902200102806091,-0.12969450652599336,-0.05141673609614372,0.13338544964790345,0.9881157875061035,0.07639060169458389,0.040898241102695468,-0.08250175416469574,0.9957513809204102],"EasingStyle":"Linear","EasingDirection":"In"},"HumanoidRootPart":{"Weight":1,"CFrame":[0,0,0,1,0,0,0,1,0,0,0,1],"EasingStyle":"Linear","EasingDirection":"In"},"Left Arm":{"Weight":1,"CFrame":[-0.3596620261669159,-0.7324551939964294,0.16226553916931153,-0.372477263212204,0.9270740747451782,-0.042359836399555209,-0.6135240793228149,-0.2117394506931305,0.7607592344284058,0.6963108777999878,0.30935442447662356,0.647650420665741],"EasingStyle":"Linear","EasingDirection":"In"}}},{"Time":0.11666666716337204,"poses":{"Left Leg":{"Weight":1,"CFrame":[-0.42126575112342837,-0.02857506275177002,-0.05033552646636963,0.9673424363136292,-0.21809528768062592,-0.1291627734899521,0.21847431361675263,0.9757761359214783,-0.011401637457311154,0.12852054834365846,-0.017189498990774156,0.9915578365325928],"EasingStyle":"Linear","EasingDirection":"In"},"Right Arm":{"Weight":1,"CFrame":[1.1185239553451539,-0.7645717859268189,-0.007061302661895752,-0.46605437994003298,-0.44363445043563845,-0.7654942870140076,-0.17166434228420258,-0.8034208416938782,0.5701286196708679,-0.8679428100585938,0.3971189558506012,0.2982815206050873],"EasingStyle":"Linear","EasingDirection":"In"},"Head":{"Weight":1,"CFrame":[8.754432201385498e-8,-5.587935447692871e-9,0.016662120819091798,0.9990014433860779,-0.03608076646924019,0.026350989937782289,0.0398825965821743,0.9859936237335205,-0.16194474697113038,-0.020138783380389215,0.16283394396305085,0.9864479303359985],"EasingStyle":"Linear","EasingDirection":"In"},"Right Leg":{"Weight":1,"CFrame":[0.21042801439762116,0.04108858108520508,0.09352505207061768,0.9603922367095947,0.24870215356349946,-0.12567494809627534,-0.24438762664794923,0.9684436917304993,0.048904843628406528,0.13387194275856019,-0.016254451125860215,0.9908654093742371],"EasingStyle":"Linear","EasingDirection":"In"},"Torso":{"Weight":1,"CFrame":[-0.036849215626716617,0.057844072580337527,-0.05224609375,0.990898847579956,-0.12576261162757874,-0.04799304157495499,0.12894724309444428,0.9891549348831177,0.07032200694084168,0.038628675043582919,-0.0758705660700798,0.9963691830635071],"EasingStyle":"Linear","EasingDirection":"In"},"HumanoidRootPart":{"Weight":1,"CFrame":[0,0,0,1,0,0,0,1,0,0,0,1],"EasingStyle":"Linear","EasingDirection":"In"},"Left Arm":{"Weight":1,"CFrame":[-0.36008918285369875,-0.7362757325172424,0.1561373472213745,-0.39196541905403139,0.9194446802139282,-0.03137790784239769,-0.5981264710426331,-0.22877413034439088,0.7680542469024658,0.6990050077438355,0.31981852650642397,0.6396157741546631],"EasingStyle":"Linear","EasingDirection":"In"}}},{"Time":0.13333334028720857,"poses":{"Left Leg":{"Weight":1,"CFrame":[-0.4252435564994812,-0.02031552791595459,-0.053684234619140628,0.9686154723167419,-0.21471567451953889,-0.12522508203983308,0.21565568447113038,0.9764500260353088,-0.006162154953926802,0.1235990971326828,-0.02103673480451107,0.9921092391014099],"EasingStyle":"Linear","EasingDirection":"In"},"Right Arm":{"Weight":1,"CFrame":[1.0634517669677735,-0.8109459280967712,-0.025763094425201417,-0.499880313873291,-0.5015986561775208,-0.7060585618019104,-0.14916732907295228,-0.7531775236129761,0.6406815052032471,-0.8531522750854492,0.4255848824977875,0.30167654156684878],"EasingStyle":"Linear","EasingDirection":"In"},"Head":{"Weight":1,"CFrame":[8.195638656616211e-8,2.514570951461792e-8,0.016661763191223146,0.9989174008369446,-0.03873766213655472,0.02575637586414814,0.042113982141017917,0.988238513469696,-0.14700746536254884,-0.01975873112678528,0.14793305099010468,0.988800048828125],"EasingStyle":"Linear","EasingDirection":"In"},"Right Leg":{"Weight":1,"CFrame":[0.22677727043628694,0.040361762046813968,0.09741532802581787,0.9611743688583374,0.2475273758172989,-0.12195898592472077,-0.24387191236019135,0.9687961339950562,0.04427850991487503,0.1291135996580124,-0.012817025184631348,0.9915470480918884],"EasingStyle":"Linear","EasingDirection":"In"},"Torso":{"Weight":1,"CFrame":[-0.03357658535242081,0.05242227017879486,-0.05548524856567383,0.9915242195129395,-0.1219010278582573,-0.044944729655981067,0.12462160736322403,0.9901555776596069,0.0637306347489357,0.03673344478011131,-0.06879155337810517,0.9969545602798462],"EasingStyle":"Linear","EasingDirection":"In"},"HumanoidRootPart":{"Weight":1,"CFrame":[0,0,0,1,0,0,0,1,0,0,0,1],"EasingStyle":"Linear","EasingDirection":"In"},"Left Arm":{"Weight":1,"CFrame":[-0.3605603277683258,-0.7405086159706116,0.1492239236831665,-0.41054263710975649,0.9116140604019165,-0.02036321721971035,-0.5829739570617676,-0.24523796141147614,0.7745965719223023,0.7011392712593079,0.3298760950565338,0.6321278810501099],"EasingStyle":"Linear","EasingDirection":"In"}}},{"Time":0.15000000596046449,"poses":{"Left Leg":{"Weight":1,"CFrame":[-0.42960450053215029,-0.011845231056213379,-0.05702555179595947,0.9698893427848816,-0.21120381355285645,-0.1212749183177948,0.21261312067508698,0.9771355390548706,-0.0013483004877343774,0.11878672987222672,-0.024476954713463784,0.9926181435585022],"EasingStyle":"Linear","EasingDirection":"In"},"Right Arm":{"Weight":1,"CFrame":[1.0037198066711426,-0.8560200333595276,-0.04035830497741699,-0.5272166132926941,-0.560747504234314,-0.6384395360946655,-0.12175941467285156,-0.6937360763549805,0.7098625302314758,-0.8409621715545654,0.45198723673820498,0.29747289419174197],"EasingStyle":"Linear","EasingDirection":"In"},"Head":{"Weight":1,"CFrame":[9.685754776000977e-8,3.725290298461914e-9,0.016662120819091798,0.9988341927528381,-0.0408787801861763,0.02567383274435997,0.043874580413103107,0.9905840754508972,-0.12968553602695466,-0.02013070322573185,0.1306607723236084,0.9912227988243103],"EasingStyle":"Linear","EasingDirection":"In"},"Right Leg":{"Weight":1,"CFrame":[0.24367067217826844,0.04062598943710327,0.1009516716003418,0.9619472026824951,0.2463264763355255,-0.11824008077383042,-0.24322526156902314,0.9691362380981445,0.04020664468407631,0.1244947612285614,-0.009917736053466797,0.9921706914901733],"EasingStyle":"Linear","EasingDirection":"In"},"Torso":{"Weight":1,"CFrame":[-0.030491672456264497,0.04668731987476349,-0.05925273895263672,0.9921060800552368,-0.11807772517204285,-0.04222970828413963,0.12037452310323715,0.9911047220230103,0.056758563965559009,0.035152141004800799,-0.061393894255161288,0.9974945187568665],"EasingStyle":"Linear","EasingDirection":"In"},"HumanoidRootPart":{"Weight":1,"CFrame":[0,0,0,1,0,0,0,1,0,0,0,1],"EasingStyle":"Linear","EasingDirection":"In"},"Left Arm":{"Weight":1,"CFrame":[-0.3610696792602539,-0.7451125979423523,0.14159417152404786,-0.4278833568096161,0.9037779569625855,-0.010067014954984188,-0.5683225393295288,-0.2603718340396881,0.7805230021476746,0.7027983069419861,0.3396940529346466,0.6250460147857666],"EasingStyle":"Linear","EasingDirection":"In"}}},{"Time":0.1666666716337204,"poses":{"Left Leg":{"Weight":1,"CFrame":[-0.43407750129699709,-0.0032439231872558595,-0.060309410095214847,0.9711607098579407,-0.2075832039117813,-0.11728619784116745,0.2093810737133026,0.9778292775154114,0.0030850532930344345,0.1140454113483429,-0.027553612366318704,0.9930934309959412],"EasingStyle":"Linear","EasingDirection":"In"},"Right Arm":{"Weight":1,"CFrame":[0.9399532675743103,-0.8980387449264526,-0.049697279930114749,-0.5456372499465942,-0.6199921369552612,-0.5638172626495361,-0.09155735373497009,-0.6246647238731384,0.7755072116851807,-0.8330050706863403,0.4747670888900757,0.28407543897628786],"EasingStyle":"Linear","EasingDirection":"In"},"Head":{"Weight":1,"CFrame":[8.568167686462403e-8,8.847564458847046e-9,0.01666247844696045,0.9987625479698181,-0.04241577535867691,0.025968804955482484,0.04504389315843582,0.9928244352340698,-0.11077310889959336,-0.02108398638665676,0.11180578917264939,0.9935064911842346],"EasingStyle":"Linear","EasingDirection":"In"},"Right Leg":{"Weight":1,"CFrame":[0.26078349351882937,0.041773974895477298,0.10410058498382569,0.9627240300178528,0.24505947530269624,-0.11449138820171356,-0.24242210388183595,0.9694789052009583,0.03663564473390579,0.11997495591640473,-0.007514838129281998,0.9927485585212708],"EasingStyle":"Linear","EasingDirection":"In"},"Torso":{"Weight":1,"CFrame":[-0.02756284922361374,0.04075595736503601,-0.06343364715576172,0.9926530122756958,-0.11426093429327011,-0.039805032312870029,0.11617173999547959,0.9919925928115845,0.0495477132499218,0.03382492437958717,-0.05380791425704956,0.9979782700538635],"EasingStyle":"Linear","EasingDirection":"In"},"HumanoidRootPart":{"Weight":1,"CFrame":[0,0,0,1,0,0,0,1,0,0,0,1],"EasingStyle":"Linear","EasingDirection":"In"},"Left Arm":{"Weight":1,"CFrame":[-0.3616107106208801,-0.7500489950180054,0.1333169937133789,-0.4437066912651062,0.8961713314056397,-0.001227766158990562,-0.5544522404670715,-0.27344033122062685,0.7860110402107239,0.7040647864341736,0.34943893551826479,0.6182112097740173],"EasingStyle":"Linear","EasingDirection":"In"}}},{"Time":0.18333333730697633,"poses":{"Left Leg":{"Weight":1,"CFrame":[-0.4386124014854431,0.005440831184387207,-0.06351524591445923,0.972402811050415,-0.20398753881454469,-0.1132345199584961,0.20610380172729493,0.9785038828849793,0.0071830446831882,0.10933513194322586,-0.03032291680574417,0.9935423731803894],"EasingStyle":"Linear","EasingDirection":"In"},"Right Arm":{"Weight":1,"CFrame":[0.8727812767028809,-0.9352651834487915,-0.052651047706604007,-0.5530981421470642,-0.6781893968582153,-0.4838816523551941,-0.061426788568496707,-0.5460315346717835,0.835509717464447,-0.8308484554290772,0.4918421804904938,0.2603500187397003],"EasingStyle":"Linear","EasingDirection":"In"},"Head":{"Weight":1,"CFrame":[9.685754776000977e-8,3.259629011154175e-9,0.016662001609802247,0.9987118244171143,-0.04325992614030838,0.02651958167552948,0.04550899937748909,0.9948035478591919,-0.09107664972543717,-0.02244180627167225,0.09216619282960892,0.9954907894134522],"EasingStyle":"Linear","EasingDirection":"In"},"Right Leg":{"Weight":1,"CFrame":[0.27797651290893557,0.043698906898498538,0.10684990882873535,0.9634937047958374,0.24377916753292085,-0.11068651080131531,-0.24152879416942597,0.9698149561882019,0.033511172980070117,0.11551479995250702,-0.005553814582526684,0.9932903051376343],"EasingStyle":"Linear","EasingDirection":"In"},"Torso":{"Weight":1,"CFrame":[-0.024757862091064454,0.034744858741760257,-0.06791257858276367,0.9931727051734924,-0.11041895300149918,-0.037627022713422778,0.11197920143604279,0.9928123950958252,0.04223990812897682,0.03269249200820923,-0.046164967119693759,0.9983987212181091],"EasingStyle":"Linear","EasingDirection":"In"},"HumanoidRootPart":{"Weight":1,"CFrame":[0,0,0,1,0,0,0,1,0,0,0,1],"EasingStyle":"Linear","EasingDirection":"In"},"Left Arm":{"Weight":1,"CFrame":[-0.36217597126960757,-0.7552790641784668,0.12446188926696778,-0.45776912569999697,0.8890545964241028,0.005424555391073227,-0.5416607856750488,-0.28372612595558169,0.7912668585777283,0.7050184607505798,0.3592791259288788,0.6114469766616821],"EasingStyle":"Linear","EasingDirection":"In"}}},{"Time":0.20000000298023225,"poses":{"Left Leg":{"Weight":1,"CFrame":[-0.442837655544281,0.014071226119995118,-0.06658399105072022,0.9736235737800598,-0.20038698613643647,-0.10909643769264221,0.20275945961475373,0.9791668653488159,0.010991527698934079,0.10462101548910141,-0.03282194584608078,0.9939704537391663],"EasingStyle":"Linear","EasingDirection":"In"},"Right Arm":{"Weight":1,"CFrame":[0.8029044270515442,-0.9664795398712158,-0.04734396934509277,-0.5487810969352722,-0.7338225841522217,-0.40042951703071597,-0.03426755219697952,-0.4588525891304016,0.8878514170646668,-0.8352634310722351,0.500957727432251,0.22666341066360475],"EasingStyle":"Linear","EasingDirection":"In"},"Head":{"Weight":1,"CFrame":[1.0104849934577942e-7,-1.6763806343078614e-8,0.01666247844696045,0.9986906051635742,-0.043318916112184528,0.027214957401156427,0.04516668990254402,0.9964237213134766,-0.07141329348087311,-0.024024121463298799,0.07254897803068161,0.9970755577087402],"EasingStyle":"Linear","EasingDirection":"In"},"Right Leg":{"Weight":1,"CFrame":[0.2947498559951782,0.04621630907058716,0.10915350914001465,0.9642903208732605,0.2423589825630188,-0.10679981857538223,-0.24043008685112,0.9701783657073975,0.03077803924679756,0.11107425391674042,-0.004001119174063206,0.9938040971755981],"EasingStyle":"Linear","EasingDirection":"In"},"Torso":{"Weight":1,"CFrame":[-0.022043943405151368,0.0287705659866333,-0.07256913185119629,0.9936712980270386,-0.10652011632919312,-0.035651374608278278,0.10776322335004807,0.9935612082481384,0.03497685119509697,0.03169608116149902,-0.03859739750623703,0.9987521171569824],"EasingStyle":"Linear","EasingDirection":"In"},"HumanoidRootPart":{"Weight":1,"CFrame":[0,0,0,1,0,0,0,1,0,0,0,1],"EasingStyle":"Linear","EasingDirection":"In"},"Left Arm":{"Weight":1,"CFrame":[-0.3627573847770691,-0.7607640624046326,0.1150977611541748,-0.4698508679866791,0.8826984167098999,0.009157783351838589,-0.5302571058273315,-0.2905139625072479,0.7965106964111328,0.7057390809059143,0.36938509345054629,0.6045551300048828],"EasingStyle":"Linear","EasingDirection":"In"}}},{"Time":0.21666666865348817,"poses":{"Left Leg":{"Weight":1,"CFrame":[-0.44667333364486697,0.022559702396392823,-0.06949383020401001,0.9748018980026245,-0.1968957781791687,-0.10484838485717774,0.19947010278701783,0.9797958135604858,0.014556683599948883,0.09986381232738495,-0.03510405123233795,0.9943817257881165],"EasingStyle":"Linear","EasingDirection":"In"},"Right Arm":{"Weight":1,"CFrame":[0.7312909364700317,-0.9925023317337036,-0.032731592655181888,-0.534082293510437,-0.7843945622444153,-0.31540602445602419,-0.011316826567053795,-0.3664044141769409,0.9303869009017944,-0.8453567028045654,0.5004726648330689,0.18681326508522035],"EasingStyle":"Linear","EasingDirection":"In"},"Head":{"Weight":1,"CFrame":[9.452924132347107e-8,3.725290298461914e-9,0.016662120819091798,0.9987055063247681,-0.042496707290410998,0.02795223891735077,0.04392412677407265,0.9976488351821899,-0.05260761082172394,-0.025650838389992715,0.053767282515764239,0.9982240796089172],"EasingStyle":"Linear","EasingDirection":"In"},"Right Leg":{"Weight":1,"CFrame":[0.3109426498413086,0.04916560649871826,0.11100280284881592,0.965105414390564,0.24083775281906129,-0.10280486941337586,-0.23917622864246369,0.9705613851547241,0.02837999351322651,0.10661347955465317,-0.00280122016556561,0.9942966103553772],"EasingStyle":"Linear","EasingDirection":"In"},"Torso":{"Weight":1,"CFrame":[-0.019387662410736085,0.022949349135160447,-0.07728099822998047,0.9941542148590088,-0.10253230482339859,-0.03383299708366394,0.10349056124687195,0.9942390322685242,0.027899907901883127,0.030777452513575555,-0.03123820386826992,0.9990379810333252],"EasingStyle":"Linear","EasingDirection":"In"},"HumanoidRootPart":{"Weight":1,"CFrame":[0,0,0,1,0,0,0,1,0,0,0,1],"EasingStyle":"Linear","EasingDirection":"In"},"Left Arm":{"Weight":1,"CFrame":[-0.36336079239845278,-0.7665037512779236,0.10527968406677246,-0.48005667328834536,0.8771749138832092,0.010472661815583706,-0.5200716257095337,-0.29419633746147158,0.8018567562103272,0.7064496874809265,0.37949004769325259,0.5974246263504028],"EasingStyle":"Linear","EasingDirection":"In"}}},{"Time":0.23333333432674409,"poses":{"Left Leg":{"Weight":1,"CFrame":[-0.4499777853488922,0.030797600746154786,-0.07221639156341553,0.9759235382080078,-0.19359612464904786,-0.1004682183265686,0.19632454216480256,0.9803751111030579,0.0179254412651062,0.09502620249986649,-0.037218231707811359,0.9947788119316101],"EasingStyle":"Linear","EasingDirection":"In"},"Right Arm":{"Weight":1,"CFrame":[0.6589486002922058,-1.014678955078125,-0.008919298648834229,-0.5107045769691467,-0.8280758261680603,-0.23123827576637269,0.006986272521317005,-0.2729463279247284,0.9620040059089661,-0.8597279191017151,0.4896843433380127,0.14517998695373536],"EasingStyle":"Linear","EasingDirection":"In"},"Head":{"Weight":1,"CFrame":[9.406358003616333e-8,-6.51925802230835e-9,0.01666247844696045,0.9987613558769226,-0.0406917966902256,0.0286342091858387,0.04169859364628792,0.9984998106956482,-0.03548809140920639,-0.02714722231030464,0.03663807734847069,0.9989598989486694],"EasingStyle":"Linear","EasingDirection":"In"},"Right Leg":{"Weight":1,"CFrame":[0.3262687623500824,0.05234712362289429,0.11237907409667969,0.9659457206726074,0.2391902506351471,-0.09867515414953232,-0.2377520501613617,0.970970869064331,0.026260031387209894,0.10209189355373383,-0.0019055462907999755,0.9947731494903565],"EasingStyle":"Linear","EasingDirection":"In"},"Torso":{"Weight":1,"CFrame":[-0.016755059361457826,0.017397288233041765,-0.08192276954650879,0.9946259260177612,-0.09842322021722794,-0.032126106321811679,0.09912850707769394,0.9948499202728272,0.021150171756744386,0.029878981411457063,-0.02422112412750721,0.9992601275444031],"EasingStyle":"Linear","EasingDirection":"In"},"HumanoidRootPart":{"Weight":1,"CFrame":[0,0,0,1,0,0,0,1,0,0,0,1],"EasingStyle":"Linear","EasingDirection":"In"},"Left Arm":{"Weight":1,"CFrame":[-0.3640013635158539,-0.77251136302948,0.09505689144134522,-0.48873642086982729,0.8723693490028381,0.010412991046905518,-0.5107279419898987,-0.29576629400253298,0.8072666525840759,0.7073144912719727,0.3892223536968231,0.5900951027870178],"EasingStyle":"Linear","EasingDirection":"In"}}},{"Time":0.25,"poses":{"Left Leg":{"Weight":1,"CFrame":[-0.4525986909866333,0.03865766525268555,-0.07472425699234009,0.9769769906997681,-0.19055922329425813,-0.09593363106250763,0.19339919090270997,0.9808923006057739,0.021145088598132135,0.09007112681865692,-0.03921175375580788,0.9951631426811218],"EasingStyle":"Linear","EasingDirection":"In"},"Right Arm":{"Weight":1,"CFrame":[0.5868498682975769,-1.0343656539916993,0.024025559425354005,-0.48028555512428286,-0.8641138076782227,-0.1504431664943695,0.020886734127998353,-0.18274012207984925,0.9829394817352295,-0.876863420009613,0.4689493477344513,0.10581588745117188],"EasingStyle":"Linear","EasingDirection":"In"},"Head":{"Weight":1,"CFrame":[9.406358003616333e-8,6.05359673500061e-9,0.01666259765625,0.9988596439361572,-0.03779911249876022,0.029166487976908685,0.038415905088186267,0.9990435838699341,-0.020883487537503244,-0.028349263593554498,0.021980198100209237,0.9993563890457153],"EasingStyle":"Linear","EasingDirection":"In"},"Right Leg":{"Weight":1,"CFrame":[0.3407774865627289,0.05560976266860962,0.1132969856262207,0.9667777419090271,0.23755547404289246,-0.0943831130862236,-0.2363065779209137,0.9713732600212097,0.024359358474612237,0.09746798127889633,-0.001246775034815073,0.9952378869056702],"EasingStyle":"Linear","EasingDirection":"In"},"Torso":{"Weight":1,"CFrame":[-0.01411139965057373,0.012230031192302704,-0.08636665344238281,0.9950903654098511,-0.09416007250547409,-0.030484003946185113,0.09464486688375473,0.9954001307487488,0.014868251048028469,0.028943786397576333,-0.01768040657043457,0.9994246959686279],"EasingStyle":"Linear","EasingDirection":"In"},"HumanoidRootPart":{"Weight":1,"CFrame":[0,0,0,1,0,0,0,1,0,0,0,1],"EasingStyle":"Linear","EasingDirection":"In"},"Left Arm":{"Weight":1,"CFrame":[-0.3646858334541321,-0.7787795662879944,0.08449327945709229,-0.4960430860519409,0.8682507276535034,0.009053114801645279,-0.5022180080413818,-0.29539814591407778,0.8127221465110779,0.7083208560943604,0.3985983729362488,0.5825812220573425],"EasingStyle":"Linear","EasingDirection":"In"}}},{"Time":0.2666666805744171,"poses":{"Left Leg":{"Weight":1,"CFrame":[-0.4544210433959961,0.04601567983627319,-0.07699477672576904,0.9779472351074219,-0.18787695467472077,-0.09122244268655777,0.19079028069972993,0.981330931186676,0.024264037609100343,0.08496071398258209,-0.04113331809639931,0.9955349564552307],"EasingStyle":"Linear","EasingDirection":"In"},"Right Arm":{"Weight":1,"CFrame":[0.5159341096878052,-1.0529073476791382,0.06606483459472656,-0.4442374110221863,-0.8927303552627564,-0.07540272176265717,0.03130960091948509,-0.09958191961050034,0.9945366978645325,-0.8953617811203003,0.43944960832595827,0.07218901813030243],"EasingStyle":"Linear","EasingDirection":"In"},"Head":{"Weight":1,"CFrame":[9.66247171163559e-8,-2.561137080192566e-9,0.016662120819091798,0.9989975690841675,-0.033711228519678119,0.029453817754983903,0.034007638692855838,0.9993752837181091,-0.00962145160883665,-0.02911105565726757,0.010613515041768551,0.9995198249816895],"EasingStyle":"Linear","EasingDirection":"In"},"Right Leg":{"Weight":1,"CFrame":[0.3540076017379761,0.058682024478912356,0.11372756958007813,0.9676297307014465,0.23581914603710175,-0.08990004658699036,-0.23473328351974488,0.9717966914176941,0.022618340328335763,0.09269846230745316,-0.0007836978766135871,0.9956939220428467],"EasingStyle":"Linear","EasingDirection":"In"},"Torso":{"Weight":1,"CFrame":[-0.011421166360378266,0.007562810555100441,-0.09048199653625488,0.9955498576164246,-0.08970978111028671,-0.028859049081802369,0.09000774472951889,0.9958987236022949,0.00919422972947359,0.02791587822139263,-0.011750851757824421,0.9995412230491638],"EasingStyle":"Linear","EasingDirection":"In"},"HumanoidRootPart":{"Weight":1,"CFrame":[0,0,0,1,0,0,0,1,0,0,0,1],"EasingStyle":"Linear","EasingDirection":"In"},"Left Arm":{"Weight":1,"CFrame":[-0.36542126536369326,-0.7852967977523804,0.07365143299102783,-0.5021212697029114,0.8647729754447937,0.006470812950283289,-0.4945213198661804,-0.29326072335243227,0.8181972503662109,0.7094525694847107,0.4076344966888428,0.574901282787323],"EasingStyle":"Linear","EasingDirection":"In"}}},{"Time":0.28333333134651186,"poses":{"Left Leg":{"Weight":1,"CFrame":[-0.4555160701274872,0.05280804634094238,-0.0790257453918457,0.9788021445274353,-0.1857321858406067,-0.08631294220685959,0.1886841207742691,0.9816574454307556,0.02733159437775612,0.07965335249900818,-0.04303812235593796,0.995893120765686],"EasingStyle":"Linear","EasingDirection":"In"},"Right Arm":{"Weight":1,"CFrame":[0.4471150040626526,-1.0716288089752198,0.11718082427978516,-0.403623104095459,-0.914888322353363,-0.008232618682086468,0.03977275267243385,-0.026534967124462129,0.9988564252853394,-0.9140604138374329,0.40283405780792239,0.04709770902991295],"EasingStyle":"Linear","EasingDirection":"In"},"Head":{"Weight":1,"CFrame":[7.898779585957527e-8,9.313225746154786e-10,0.016662001609802247,0.9991665482521057,-0.028320888057351114,0.029395494610071183,0.028407303616404535,0.9995933175086975,-0.0025272886268794538,-0.029311997815966607,0.0033602314069867136,0.9995647072792053],"EasingStyle":"Linear","EasingDirection":"In"},"Right Leg":{"Weight":1,"CFrame":[0.36590421199798586,0.06137210130691528,0.11368238925933838,0.9684810638427734,0.2340637892484665,-0.08519674837589264,-0.2331225574016571,0.9722211360931397,0.020975258201360704,0.08773967623710633,-0.0004528602003119886,0.9961434006690979],"EasingStyle":"Linear","EasingDirection":"In"},"Torso":{"Weight":1,"CFrame":[-0.008647814393043518,0.0035103028640151026,-0.09413719177246094,0.9960063099861145,-0.08503901213407517,-0.027202356606721879,0.08518543094396591,0.9963559508323669,0.004267528187483549,0.02674032747745514,-0.0065677291713654999,0.9996208548545837],"EasingStyle":"Linear","EasingDirection":"In"},"HumanoidRootPart":{"Weight":1,"CFrame":[0,0,0,1,0,0,0,1,0,0,0,1],"EasingStyle":"Linear","EasingDirection":"In"},"Left Arm":{"Weight":1,"CFrame":[-0.3662155270576477,-0.7920525074005127,0.06259465217590332,-0.5071102976799011,0.8618768453598023,0.0027444586157798769,-0.48760712146759035,-0.28952088952064516,0.8236608505249023,0.7106887102127075,0.41634857654571535,0.5670760869979858],"EasingStyle":"Linear","EasingDirection":"In"}}},{"Time":0.30000001192092898,"poses":{"Left Leg":{"Weight":1,"CFrame":[-0.455497682094574,0.058815836906433108,-0.08077198266983032,0.979553759098053,-0.1840752810239792,-0.0811840146780014,0.18703247606754304,0.9818832874298096,0.030398640781641008,0.07411756366491318,-0.04496112838387489,0.9962354302406311],"EasingStyle":"Linear","EasingDirection":"In"},"Right Arm":{"Weight":1,"CFrame":[0.3812890350818634,-1.0918323993682862,0.1773613691329956,-0.3590865433216095,-0.9320059418678284,0.04921099916100502,0.04828640818595886,0.034104906022548679,0.9982511401176453,-0.932054340839386,0.3608348071575165,0.03275659680366516],"EasingStyle":"Linear","EasingDirection":"In"},"Head":{"Weight":1,"CFrame":[9.433279046788812e-8,-4.0745362639427187e-10,0.016662120819091798,0.9993463754653931,-0.02165536768734455,0.028949813917279245,0.02162589319050312,0.9997652769088745,0.0013361164601519704,-0.02897200733423233,-0.0007091170409694314,0.9995800256729126],"EasingStyle":"Linear","EasingDirection":"In"},"Right Leg":{"Weight":1,"CFrame":[0.37629422545433047,0.06345808506011963,0.11316549777984619,0.9693251848220825,0.23231366276741029,-0.0802428126335144,-0.2315051108598709,0.9726409316062927,0.019366417080163957,0.08254659175872803,-0.0001957567292265594,0.9965872168540955],"EasingStyle":"Linear","EasingDirection":"In"},"Torso":{"Weight":1,"CFrame":[-0.005753666162490845,0.00018664065282791853,-0.0971994400024414,0.9964603781700134,-0.08011435717344284,-0.025463616475462915,0.08014608919620514,0.9967831969261169,0.00022689523757435381,0.02536352351307869,-0.0022669013123959305,0.9996757507324219],"EasingStyle":"Linear","EasingDirection":"In"},"HumanoidRootPart":{"Weight":1,"CFrame":[0,0,0,1,0,0,0,1,0,0,0,1],"EasingStyle":"Linear","EasingDirection":"In"},"Left Arm":{"Weight":1,"CFrame":[-0.3670766055583954,-0.799035370349884,0.05138599872589111,-0.511142909526825,0.8594933152198792,-0.0020431361626833679,-0.4814368784427643,-0.28434112668037417,0.8290770649909973,0.7120053172111511,0.4247604012489319,0.5591306090354919],"EasingStyle":"Linear","EasingDirection":"In"}}},{"Time":0.3166666626930237,"poses":{"Left Leg":{"Weight":1,"CFrame":[-0.45437508821487429,0.06395143270492554,-0.08222901821136475,0.9801745414733887,-0.18305745720863343,-0.07581456750631333,0.18598715960979463,0.9819803237915039,0.03351721540093422,0.06831280142068863,-0.04695329815149307,0.996558427810669],"EasingStyle":"Linear","EasingDirection":"In"},"Right Arm":{"Weight":1,"CFrame":[0.31945669651031496,-1.1142300367355347,0.24577319622039796,-0.31213366985321047,-0.9451631903648377,0.09612053632736206,0.0530531592667