{"Sequence":[{"Time":0,"poses":{"Left Leg":{"Weight":1,"CFrame":[-0.37741315364837649,0.2943994998931885,0.5055258274078369,0.7336217761039734,-0.27961015701293948,0.6193687319755554,0.3343355357646942,0.9420003890991211,0.029250621795654298,-0.59162437915802,0.18561828136444093,0.7845553159713745],"EasingStyle":"Linear","EasingDirection":"In"},"Right Arm":{"Weight":1,"CFrame":[0.6218495965003967,0.1553884744644165,0.49936532974243166,-0.7771849632263184,0.14264047145843507,-0.6128925085067749,-0.6034754514694214,-0.4449591338634491,0.6616867184638977,-0.1783289611339569,0.8841187953948975,0.43189549446105959],"EasingStyle":"Linear","EasingDirection":"In"},"Head":{"Weight":1,"CFrame":[-0.000001466367393732071,0.0000011022202670574189,0,0.9824890494346619,-0.1862063854932785,0.006564212031662464,0.18614017963409425,0.9824767708778381,0.00955361220985651,-0.008228116668760777,-0.008164456114172936,0.9999331831932068],"EasingStyle":"Linear","EasingDirection":"In"},"Left Arm":{"Weight":1,"CFrame":[0.12309503555297852,-0.7008264660835266,0.43418288230895998,-0.019627496600151063,0.26694440841674807,-0.9635120034217835,-0.9993089437484741,-0.03567204624414444,0.010473636910319329,-0.03157459944486618,0.9630519151687622,0.26746007800102236],"EasingStyle":"Linear","EasingDirection":"In"},"Torso":{"Weight":1,"CFrame":[0.5096435546875,-0.03415203094482422,-0.24398136138916017,0.9860162138938904,0.15583577752113343,0.05905533581972122,-0.15503868460655213,0.9877466559410095,-0.01787590980529785,-0.06111741065979004,0.008470073342323304,0.9980947971343994],"EasingStyle":"Linear","EasingDirection":"In"},"HumanoidRootPart":{"Weight":0,"CFrame":[0,0,0,1,0,0,0,1,0,0,0,1],"EasingStyle":"Linear","EasingDirection":"In"},"Right Leg":{"Weight":1,"CFrame":[0.8572824001312256,-0.3143916130065918,0.1555647850036621,0.6478533744812012,0.7409123778343201,-0.1770182102918625,-0.7529355883598328,0.658093273639679,-0.001142771914601326,0.1156478226184845,0.13402366638183595,0.9842070937156677],"EasingStyle":"Linear","EasingDirection":"In"}}},{"Time":0.019999999552965165,"poses":{"Left Leg":{"Weight":1,"CFrame":[-0.4777481257915497,0.46328312158584597,0.5342471599578857,0.7439989447593689,-0.29706907272338869,0.5985111594200134,0.33048275113105776,0.9421019554138184,0.05679184943437576,-0.580729603767395,0.1555444598197937,0.7990990877151489],"EasingStyle":"Linear","EasingDirection":"In"},"Right Arm":{"Weight":1,"CFrame":[0.6120122671127319,0.19235599040985108,0.504050612449646,-0.7292182445526123,0.17380943894386292,-0.6618394255638123,-0.6555997729301453,-0.45454806089401247,0.6029720902442932,-0.19603562355041505,0.8735998868942261,0.44541385769844057],"EasingStyle":"Linear","EasingDirection":"In"},"Head":{"Weight":1,"CFrame":[1.210719347000122e-7,1.862645149230957e-9,0,0.9869614243507385,-0.150602325797081,-0.05680108442902565,0.1522112637758255,0.9880286455154419,0.025125499814748765,0.052337128669023517,-0.033443622291088107,0.9980694651603699],"EasingStyle":"Linear","EasingDirection":"In"},"Left Arm":{"Weight":1,"CFrame":[0.08676028251647949,-0.7414543628692627,0.3866361379623413,-0.07044641673564911,0.24914062023162843,-0.9659019708633423,-0.9953439235687256,-0.08141773194074631,0.0515931211411953,-0.06578762829303742,0.9650389552116394,0.2537161409854889],"EasingStyle":"Linear","EasingDirection":"In"},"Torso":{"Weight":1,"CFrame":[0.51025390625,-0.056387901306152347,-0.362499475479126,0.9872786402702332,0.12701277434825898,0.09564901143312454,-0.12295682728290558,0.9912894368171692,-0.047190792858600619,-0.10080967843532562,0.034829773008823398,0.9942958950996399],"EasingStyle":"Linear","EasingDirection":"In"},"HumanoidRootPart":{"Weight":0,"CFrame":[0,0,0,1,0,0,0,1,0,0,0,1],"EasingStyle":"Linear","EasingDirection":"In"},"Right Leg":{"Weight":1,"CFrame":[0.9742306470870972,-0.420818567276001,0.17803478240966798,0.5629082322120667,0.799922525882721,-0.2079872190952301,-0.8232786059379578,0.564920961856842,-0.05547115579247475,0.07312369346618653,0.20245644450187684,0.9765574336051941],"EasingStyle":"Linear","EasingDirection":"In"}}},{"Time":0.03999999910593033,"poses":{"Left Leg":{"Weight":1,"CFrame":[-0.4777481257915497,0.46328312158584597,0.5342471599578857,0.7439989447593689,-0.29706907272338869,0.5985111594200134,0.33048275113105776,0.9421019554138184,0.05679184943437576,-0.580729603767395,0.1555444598197937,0.7990990877151489],"EasingStyle":"Linear","EasingDirection":"In"},"Right Arm":{"Weight":1,"CFrame":[0.6120122671127319,0.19235599040985108,0.504050612449646,-0.7292182445526123,0.17380943894386292,-0.6618394255638123,-0.6555997729301453,-0.45454806089401247,0.6029720902442932,-0.19603562355041505,0.8735998868942261,0.44541385769844057],"EasingStyle":"Linear","EasingDirection":"In"},"Head":{"Weight":1,"CFrame":[1.210719347000122e-7,1.862645149230957e-9,0,0.9869614243507385,-0.150602325797081,-0.05680108442902565,0.1522112637758255,0.9880286455154419,0.025125499814748765,0.052337128669023517,-0.033443622291088107,0.9980694651603699],"EasingStyle":"Linear","EasingDirection":"In"},"Left Arm":{"Weight":1,"CFrame":[0.08676028251647949,-0.7414543628692627,0.3866361379623413,-0.07044641673564911,0.24914062023162843,-0.9659019708633423,-0.9953439235687256,-0.08141773194074631,0.0515931211411953,-0.06578762829303742,0.9650389552116394,0.2537161409854889],"EasingStyle":"Linear","EasingDirection":"In"},"Torso":{"Weight":1,"CFrame":[0.51025390625,-0.056387901306152347,-0.362499475479126,0.9872786402702332,0.12701277434825898,0.09564901143312454,-0.12295682728290558,0.9912894368171692,-0.047190792858600619,-0.10080967843532562,0.034829773008823398,0.9942958950996399],"EasingStyle":"Linear","EasingDirection":"In"},"HumanoidRootPart":{"Weight":0,"CFrame":[0,0,0,1,0,0,0,1,0,0,0,1],"EasingStyle":"Linear","EasingDirection":"In"},"Right Leg":{"Weight":1,"CFrame":[0.9742306470870972,-0.420818567276001,0.17803478240966798,0.5629082322120667,0.799922525882721,-0.2079872190952301,-0.8232786059379578,0.564920961856842,-0.05547115579247475,0.07312369346618653,0.20245644450187684,0.9765574336051941],"EasingStyle":"Linear","EasingDirection":"In"}}},{"Time":0.05999999865889549,"poses":{"Left Leg":{"Weight":1,"CFrame":[-0.4274211525917053,0.47382819652557375,0.465143084526062,0.7793408036231995,-0.22729484736919404,0.5839225649833679,0.21974146366119386,0.9718467593193054,0.08501486480236054,-0.5868065357208252,0.06205665320158005,0.8073459267616272],"EasingStyle":"Linear","EasingDirection":"In"},"Right Arm":{"Weight":1,"CFrame":[0.5513701438903809,0.16637158393859864,0.5370118618011475,-0.7025159597396851,0.10534694790840149,-0.7038277983665466,-0.6400768756866455,-0.525834321975708,0.560178279876709,-0.3110837936401367,0.8440384268760681,0.43683725595474245],"EasingStyle":"Linear","EasingDirection":"In"},"Head":{"Weight":1,"CFrame":[-0.000001650303602218628,-2.7194619178771975e-7,0,0.9869475364685059,-0.11113617569208145,-0.11655095964670181,0.1175270527601242,0.991837739944458,0.049454279243946078,0.11010345816612244,-0.06250670552253723,0.9919527173042297],"EasingStyle":"Linear","EasingDirection":"In"},"Left Arm":{"Weight":1,"CFrame":[0.06205695867538452,-0.699791431427002,0.359383225440979,-0.11398129165172577,0.27220380306243899,-0.9554651379585266,-0.9925168752670288,0.011202778667211533,0.12159298360347748,0.04380190372467041,0.9621749520301819,0.26888996362686159],"EasingStyle":"Linear","EasingDirection":"In"},"Torso":{"Weight":1,"CFrame":[0.4969615936279297,-0.08114051818847656,-0.2632129192352295,0.9863601922988892,0.10356119275093079,0.12794148921966554,-0.09381803870201111,0.9923716187477112,-0.07998036593198776,-0.1352483630180359,0.06688618659973145,0.9885514974594116],"EasingStyle":"Linear","EasingDirection":"In"},"HumanoidRootPart":{"Weight":0,"CFrame":[0,0,0,1,0,0,0,1,0,0,0,1],"EasingStyle":"Linear","EasingDirection":"In"},"Right Leg":{"Weight":1,"CFrame":[0.8498595952987671,-0.41901278495788576,0.1523880958557129,0.6554360389709473,0.7165902256965637,-0.23854289948940278,-0.7521678805351257,0.6478548049926758,-0.12052971869707108,0.06817081570625305,0.2584238648414612,0.9636235237121582],"EasingStyle":"Linear","EasingDirection":"In"}}},{"Time":0.07999999821186066,"poses":{"Left Leg":{"Weight":1,"CFrame":[-0.37288594245910647,0.49923408031463625,0.408960223197937,0.7999691367149353,-0.15780414640903474,0.578919529914856,0.11651904881000519,0.987287163734436,0.10810891538858414,-0.5886196494102478,-0.019028740003705026,0.8081864714622498],"EasingStyle":"Linear","EasingDirection":"In"},"Right Arm":{"Weight":1,"CFrame":[0.44960498809814455,0.09201687574386597,0.5762097835540772,-0.6687262654304504,-0.03762483596801758,-0.7425564527511597,-0.5549768209457398,-0.6393529772758484,0.5321924090385437,-0.49477940797805788,0.7679927945137024,0.4066712260246277],"EasingStyle":"Linear","EasingDirection":"In"},"Head":{"Weight":1,"CFrame":[7.003545761108398e-7,3.46451997756958e-7,0,0.9836053252220154,-0.07518089562654495,-0.16391894221305848,0.08848249167203903,0.9932196736335754,0.07540633529424668,0.15713828802108766,-0.08867408335208893,0.9835876226425171],"EasingStyle":"Linear","EasingDirection":"In"},"Left Arm":{"Weight":1,"CFrame":[0.0653907060623169,-0.5631985664367676,0.346907377243042,-0.13251155614852906,0.34465670585632326,-0.9293293356895447,-0.9474248290061951,0.23146255314350129,0.2209334373474121,0.29125115275382998,0.9097460508346558,0.2958645820617676],"EasingStyle":"Linear","EasingDirection":"In"},"Torso":{"Weight":1,"CFrame":[0.46961021423339846,-0.10750198364257813,-0.2077503204345703,0.9842270016670227,0.08993278443813324,0.15234729647636414,-0.07280057668685913,0.9907487034797669,-0.11453067511320114,-0.1612379550933838,0.10163313150405884,0.9816685318946838],"EasingStyle":"Linear","EasingDirection":"In"},"HumanoidRootPart":{"Weight":0,"CFrame":[0,0,0,1,0,0,0,1,0,0,0,1],"EasingStyle":"Linear","EasingDirection":"In"},"Right Leg":{"Weight":1,"CFrame":[0.7713949680328369,-0.42771613597869875,0.12645554542541505,0.7168728709220886,0.6480047702789307,-0.2572620213031769,-0.6944714188575745,0.6963111758232117,-0.18127402663230897,0.061668094247579578,0.3086116313934326,0.9491872191429138],"EasingStyle":"Linear","EasingDirection":"In"}}},{"Time":0.10000000149011612,"poses":{"Left Leg":{"Weight":1,"CFrame":[-0.34195223450660708,0.5432820320129395,0.38692009449005129,0.8035271167755127,-0.11166292428970337,0.5847017168998718,0.053587816655635837,0.9918295741081238,0.11577049642801285,-0.5928515195846558,-0.061691898852586749,0.8029454946517944],"EasingStyle":"Linear","EasingDirection":"In"},"Right Arm":{"Weight":1,"CFrame":[0.3174310624599457,-0.00742948055267334,0.595048189163208,-0.5899131298065186,-0.22142621874809266,-0.7765137553215027,-0.39810192584991457,-0.7569083571434021,0.5182712078094482,-0.7025084495544434,0.614866316318512,0.35835975408554079],"EasingStyle":"Linear","EasingDirection":"In"},"Head":{"Weight":1,"CFrame":[2.384185791015625e-7,0.0000010207295417785645,0,0.9801690578460693,-0.051107075065374377,-0.19146013259887696,0.070331871509552,0.9929903149604797,0.09499727189540863,0.18526290357112885,-0.10657913982868195,0.9768924117088318],"EasingStyle":"Linear","EasingDirection":"In"},"Left Arm":{"Weight":1,"CFrame":[0.10745811462402344,-0.3495517075061798,0.315865159034729,-0.09096472710371018,0.4565371572971344,-0.8850423693656921,-0.7879834771156311,0.5104371905326843,0.34429115056991579,0.6089400053024292,0.7287169098854065,0.3133116364479065],"EasingStyle":"Linear","EasingDirection":"In"},"Torso":{"Weight":1,"CFrame":[0.4434928894042969,-0.1347818374633789,-0.20834684371948243,0.9821737408638,0.09006975591182709,0.16499195992946626,-0.06537081301212311,0.9866063594818115,-0.14944854378700257,-0.1762428879737854,0.13599874079227448,0.9749066233634949],"EasingStyle":"Linear","EasingDirection":"In"},"HumanoidRootPart":{"Weight":0,"CFrame":[0,0,0,1,0,0,0,1,0,0,0,1],"EasingStyle":"Linear","EasingDirection":"In"},"Right Leg":{"Weight":1,"CFrame":[0.7787885665893555,-0.43918657302856448,0.1135106086730957,0.740446925163269,0.620019793510437,-0.25945204496383669,-0.6706873178482056,0.7067527770996094,-0.22511963546276093,0.04379018023610115,0.3407004177570343,0.9391517043113709],"EasingStyle":"Linear","EasingDirection":"In"}}},{"Time":0.11999999731779099,"poses":{"Left Leg":{"Weight":1,"CFrame":[-0.2903174161911011,0.5382974147796631,0.37518322467803957,0.7997666001319885,-0.0645991861820221,0.5968255400657654,0.006331935524940491,0.9950459003448486,0.09921726584434509,-0.6002777218818665,-0.07557182013988495,0.7962129712104797],"EasingStyle":"Linear","EasingDirection":"In"},"Right Arm":{"Weight":1,"CFrame":[0.17406895756721497,-0.10533636808395386,0.5774706602096558,-0.4444883465766907,-0.3987087607383728,-0.8021607995033264,-0.18459659814834596,-0.8354947566986084,0.5175644159317017,-0.8765581846237183,0.3781272768974304,0.29776743054389956],"EasingStyle":"Linear","EasingDirection":"In"},"Head":{"Weight":1,"CFrame":[1.043081283569336e-7,5.960464477539063e-8,0,0.9798083305358887,-0.04529345780611038,-0.19474050402641297,0.06614995002746582,0.9925862550735474,0.10196483135223389,0.18867835402488709,-0.11278808861970902,0.975540816783905],"EasingStyle":"Linear","EasingDirection":"In"},"Left Arm":{"Weight":1,"CFrame":[0.17813551425933839,-0.11357572674751282,0.2444438934326172,0.03788269683718681,0.5617067217826843,-0.826468825340271,-0.489082932472229,0.7316539883613586,0.4748481512069702,0.871414303779602,0.38622307777404787,0.3024381101131439],"EasingStyle":"Linear","EasingDirection":"In"},"Torso":{"Weight":1,"CFrame":[0.4341888427734375,-0.16046619415283204,-0.1921982765197754,0.9810378551483154,0.1049150750041008,0.1629643738269806,-0.0747491717338562,0.9805822372436523,-0.18130406737327577,-0.17882150411605836,0.16568471491336823,0.9698307514190674],"EasingStyle":"Linear","EasingDirection":"In"},"HumanoidRootPart":{"Weight":0,"CFrame":[0,0,0,1,0,0,0,1,0,0,0,1],"EasingStyle":"Linear","EasingDirection":"In"},"Right Leg":{"Weight":1,"CFrame":[0.7756123542785645,-0.40933942794799807,0.09946846961975098,0.7769197225570679,0.5805456042289734,-0.24364537000656129,-0.6282332539558411,0.7403159141540527,-0.23928114771842957,0.0414610430598259,0.33896830677986147,0.9398837685585022],"EasingStyle":"Linear","EasingDirection":"In"}}},{"Time":0.14000000059604646,"poses":{"Left Leg":{"Weight":1,"CFrame":[-0.2338320016860962,0.484502911567688,0.3669860363006592,0.7936611175537109,-0.027318790555000306,0.6077470779418945,-0.018129900097846986,0.9974857568740845,0.06851336359977722,-0.6080905199050903,-0.06539462506771088,0.7911701202392578],"EasingStyle":"Linear","EasingDirection":"In"},"Right Arm":{"Weight":1,"CFrame":[0.04487064480781555,-0.17545974254608155,0.544634222984314,-0.2463996708393097,-0.5211948156356812,-0.8170948624610901,0.046956636011600497,-0.8485184907913208,0.5270785689353943,-0.9680305123329163,0.0915038213133812,0.2335481196641922],"EasingStyle":"Linear","EasingDirection":"In"},"Head":{"Weight":1,"CFrame":[-4.917383193969727e-7,-8.456408977508545e-7,0,0.982549250125885,-0.05499929189682007,-0.1776876151561737,0.07319298386573792,0.992539644241333,0.09751107543706894,0.17099884152412415,-0.10881499946117401,0.9792441725730896],"EasingStyle":"Linear","EasingDirection":"In"},"Left Arm":{"Weight":1,"CFrame":[0.255889892578125,0.09101051092147827,0.22819745540618897,0.2321765422821045,0.5994442105293274,-0.7660036087036133,-0.12245751172304154,0.7992716431617737,0.5883616805076599,0.9649348258972168,-0.042800720781087878,0.25897836685180666],"EasingStyle":"Linear","EasingDirection":"In"},"Torso":{"Weight":1,"CFrame":[0.44260215759277346,-0.1748332977294922,-0.1570296287536621,0.9809555411338806,0.12508971989154817,0.14859037101268769,-0.09433193504810333,0.97555011510849,-0.19850382208824159,-0.16978812217712403,0.18070650100708009,0.9687710404396057],"EasingStyle":"Linear","EasingDirection":"In"},"HumanoidRootPart":{"Weight":0,"CFrame":[0,0,0,1,0,0,0,1,0,0,0,1],"EasingStyle":"Linear","EasingDirection":"In"},"Right Leg":{"Weight":1,"CFrame":[0.7360718250274658,-0.3505607843399048,0.0887303352355957,0.8189066052436829,0.529559314250946,-0.2212696075439453,-0.5711377263069153,0.7898898720741272,-0.22332756221294404,0.056513868272304538,0.3092600405216217,0.9492970705032349],"EasingStyle":"Linear","EasingDirection":"In"}}},{"Time":0.1599999964237213,"poses":{"Left Leg":{"Weight":1,"CFrame":[-0.19608426094055177,0.4051685333251953,0.3616023063659668,0.7897932529449463,-0.016937702894210817,0.6131395101547241,-0.00657808780670166,0.9993276596069336,0.03607960045337677,-0.61333829164505,-0.032528702169656757,0.7891503572463989],"EasingStyle":"Linear","EasingDirection":"In"},"Right Arm":{"Weight":1,"CFrame":[-0.05074979364871979,-0.20924288034439088,0.5197433233261108,-0.041704677045345309,-0.5667966604232788,-0.8228018283843994,0.2502667307853699,-0.8031912446022034,0.5406023859977722,-0.9672785997390747,-0.18337437510490418,0.17534711956977845],"EasingStyle":"Linear","EasingDirection":"In"},"Head":{"Weight":1,"CFrame":[-8.195638656616211e-8,-3.241002559661865e-7,0,0.9864996075630188,-0.07479333132505417,-0.14568693935871125,0.08780920505523682,0.992499828338623,0.08505504578351975,0.13823263347148896,-0.09669952094554901,0.9856679439544678],"EasingStyle":"Linear","EasingDirection":"In"},"Left Arm":{"Weight":1,"CFrame":[0.3143385648727417,0.23584794998168946,0.3015080690383911,0.42486751079559328,0.5499715805053711,-0.7190408110618591,0.19679197669029237,0.7191879153251648,0.6663646697998047,0.8836067914962769,-0.4246181845664978,0.19732952117919923],"EasingStyle":"Linear","EasingDirection":"In"},"Torso":{"Weight":1,"CFrame":[0.4658946990966797,-0.16907310485839845,-0.11902546882629395,0.9818852543830872,0.14136525988578797,0.12616385519504548,-0.11582299321889878,0.974769651889801,-0.19081266224384309,-0.14995497465133668,0.17274340987205506,0.9734851717948914],"EasingStyle":"Linear","EasingDirection":"In"},"HumanoidRootPart":{"Weight":0,"CFrame":[0,0,0,1,0,0,0,1,0,0,0,1],"EasingStyle":"Linear","EasingDirection":"In"},"Right Leg":{"Weight":1,"CFrame":[0.6644174456596375,-0.28291475772857668,0.08756279945373535,0.8507689237594605,0.48459213972091677,-0.20337973535060883,-0.5191683769226074,0.8350473046302795,-0.18209964036941529,0.08158773928880692,0.2605130076408386,0.9620170593261719],"EasingStyle":"Linear","EasingDirection":"In"}}},{"Time":0.18000000715255738,"poses":{"Left Leg":{"Weight":1,"CFrame":[-0.1809089183807373,0.3226051330566406,0.36168622970581057,0.7882542610168457,-0.03432999551296234,0.6143912672996521,0.039324238896369937,0.9992122054100037,0.005380153656005859,-0.614092230796814,0.019919466227293016,0.788983166217804],"EasingStyle":"Linear","EasingDirection":"In"},"Right Arm":{"Weight":1,"CFrame":[-0.10779985785484314,-0.21934717893600465,0.5054503679275513,0.1182987242937088,-0.552297055721283,-0.8252115249633789,0.3948105275630951,-0.7363720536231995,0.5494367480278015,-0.9111151695251465,-0.3907996118068695,0.1309410035610199],"EasingStyle":"Linear","EasingDirection":"In"},"Head":{"Weight":1,"CFrame":[-8.419156074523926e-7,0.0000015795230865478516,0,0.9896230101585388,-0.09904831647872925,-0.10409758985042572,0.10644423961639404,0.9919866919517517,0.06806248426437378,0.09652188420295716,-0.07843673229217529,0.9922356009483337],"EasingStyle":"Linear","EasingDirection":"In"},"Left Arm":{"Weight":1,"CFrame":[0.33901453018188479,0.32297563552856448,0.3780517578125,0.5576812624931336,0.4518187642097473,-0.6963129639625549,0.40743228793144228,0.5818636417388916,0.7038705945014954,0.7231811285018921,-0.6762359738349915,0.14040902256965638],"EasingStyle":"Linear","EasingDirection":"In"},"Torso":{"Weight":1,"CFrame":[0.4981842041015625,-0.1452016830444336,-0.09313011169433594,0.983282744884491,0.15266069769859315,0.09924708306789398,-0.13546130061149598,0.9775242805480957,-0.16154465079307557,-0.12167797237634659,0.14539992809295655,0.9818622469902039],"EasingStyle":"Linear","EasingDirection":"In"},"HumanoidRootPart":{"Weight":0,"CFrame":[0,0,0,1,0,0,0,1,0,0,0,1],"EasingStyle":"Linear","EasingDirection":"In"},"Right Leg":{"Weight":1,"CFrame":[0.5906197428703308,-0.21457242965698243,0.09533751010894776,0.8668602705001831,0.4607686996459961,-0.19038450717926026,-0.4868393540382385,0.8646301031112671,-0.1241050735116005,0.10742861032485962,0.20026855170726777,0.9738337993621826],"EasingStyle":"Linear","EasingDirection":"In"}}},{"Time":0.20000000298023225,"poses":{"Left Leg":{"Weight":1,"CFrame":[-0.1744173765182495,0.24054116010665894,0.3608793020248413,0.7872028350830078,-0.06677085906267166,0.6130692362785339,0.10198773443698883,0.9945279359817505,-0.02263987436890602,-0.6082025766372681,0.08034777641296387,0.7897049784660339],"EasingStyle":"Linear","EasingDirection":"In"},"Right Arm":{"Weight":1,"CFrame":[-0.13379895687103272,-0.22348552942276,0.4991128444671631,0.2065669447183609,-0.5162540674209595,-0.8311511278152466,0.47649404406547549,-0.6888535022735596,0.5462919473648071,-0.8545666933059692,-0.5088844299316406,0.10369755327701569],"EasingStyle":"Linear","EasingDirection":"In"},"Head":{"Weight":1,"CFrame":[-1.1734664440155029e-7,-2.7008354663848879e-7,0,0.9907566905021668,-0.1222837045788765,-0.05872321501374245,0.12524452805519105,0.9908806681632996,0.04969460144639015,0.05211079120635986,-0.056590139865875247,0.9970368146896362],"EasingStyle":"Linear","EasingDirection":"In"},"Left Arm":{"Weight":1,"CFrame":[0.33427560329437258,0.3728766441345215,0.37278318405151369,0.616989016532898,0.3600560426712036,-0.6997746229171753,0.523410439491272,0.47627151012420657,0.7065461874008179,0.5876789093017578,-0.802200436592102,0.10539710521697998],"EasingStyle":"Linear","EasingDirection":"In"},"Torso":{"Weight":1,"CFrame":[0.5325870513916016,-0.10811138153076172,-0.07758665084838867,0.9846346974372864,0.15962374210357667,0.07081688940525055,-0.1506698727607727,0.9815670251846314,-0.11757944524288178,-0.08828000724315644,0.10510274767875672,0.990535318851471],"EasingStyle":"Linear","EasingDirection":"In"},"HumanoidRootPart":{"Weight":0,"CFrame":[0,0,0,1,0,0,0,1,0,0,0,1],"EasingStyle":"Linear","EasingDirection":"In"},"Right Leg":{"Weight":1,"CFrame":[0.5219204425811768,-0.14743518829345704,0.10593056678771973,0.8722888827323914,0.4545508623123169,-0.18026764690876008,-0.4707900881767273,0.8803135752677918,-0.05834771320223808,0.13216999173164369,0.13576442003250123,0.9818857312202454],"EasingStyle":"Linear","EasingDirection":"In"}}},{"Time":0.2199999988079071,"poses":{"Left Leg":{"Weight":1,"CFrame":[-0.1613607406616211,0.16095250844955445,0.35086989402770998,0.7860982418060303,-0.0999704897403717,0.6099636554718018,0.16136513650417329,0.9858039021492004,-0.04639245569705963,-0.5966667532920837,0.13489596545696259,0.7910704612731934],"EasingStyle":"Linear","EasingDirection":"In"},"Right Arm":{"Weight":1,"CFrame":[-0.14201928675174714,-0.2299938201904297,0.49834954738616946,0.2366134077310562,-0.4862050712108612,-0.8412007689476013,0.5133204460144043,-0.672534167766571,0.533104658126831,-0.824934184551239,-0.557945191860199,0.09044839441776276],"EasingStyle":"Linear","EasingDirection":"In"},"Head":{"Weight":1,"CFrame":[4.7124922275543215e-7,2.868473529815674e-7,0,0.9900975227355957,-0.1394844949245453,-0.01585482433438301,0.13993948698043824,0.9896239042282105,0.03258457034826279,0.0111452117562294,-0.034480612725019458,0.9993433952331543],"EasingStyle":"Linear","EasingDirection":"In"},"Left Arm":{"Weight":1,"CFrame":[0.3186776041984558,0.40496736764907839,0.3183354139328003,0.6272547245025635,0.29829734563827517,-0.719423770904541,0.5860632658004761,0.42757412791252139,0.6882661581039429,0.5129151344299316,-0.8533462285995483,0.09337674081325531],"EasingStyle":"Linear","EasingDirection":"In"},"Torso":{"Weight":1,"CFrame":[0.5620937347412109,-0.06311798095703125,-0.06521892547607422,0.9857606887817383,0.1623988151550293,0.04361952841281891,-0.15934106707572938,0.9849974513053894,-0.0662611573934555,-0.05372588708996773,0.058367252349853519,0.996848464012146],"EasingStyle":"Linear","EasingDirection":"In"},"HumanoidRootPart":{"Weight":0,"CFrame":[0,0,0,1,0,0,0,1,0,0,0,1],"EasingStyle":"Linear","EasingDirection":"In"},"Right Leg":{"Weight":1,"CFrame":[0.45064887404441836,-0.08443021774291992,0.11311924457550049,0.8738706707954407,0.454537034034729,-0.1724720299243927,-0.4605390429496765,0.8876202702522278,0.005823379382491112,0.15573662519454957,0.07434139400720597,0.9849973917007446],"EasingStyle":"Linear","EasingDirection":"In"}}},{"Time":0.23999999463558198,"poses":{"Left Leg":{"Weight":1,"CFrame":[-0.12897929549217225,0.08919334411621094,0.32515084743499758,0.7868569493293762,-0.12101883441209793,0.6051539778709412,0.19914434850215913,0.9779185652732849,-0.06337564438581467,-0.5841217041015625,0.17038066685199738,0.7935823202133179],"EasingStyle":"Linear","EasingDirection":"In"},"Right Arm":{"Weight":1,"CFrame":[-0.1402812898159027,-0.23924392461776734,0.5010911226272583,0.22860698401927949,-0.4695930480957031,-0.8527728319168091,0.519066333770752,-0.6822733283042908,0.5148531794548035,-0.8235957026481628,-0.5603447556495667,0.08777739107608795],"EasingStyle":"Linear","EasingDirection":"In"},"Head":{"Weight":1,"CFrame":[0.0000013373792171478272,-6.360933184623718e-7,0,0.9890850782394409,-0.14624813199043275,0.01796836405992508,0.14591120183467866,0.9891186952590942,0.018824895843863488,-0.0205259770154953,-0.01599775068461895,0.9996615052223206],"EasingStyle":"Linear","EasingDirection":"In"},"Left Arm":{"Weight":1,"CFrame":[0.3078383207321167,0.4272651672363281,0.28437578678131106,0.6114122867584229,0.267063707113266,-0.7448839545249939,0.6162974834442139,0.42972394824028017,0.6599359512329102,0.4963392913341522,-0.8625630736351013,0.0981476902961731],"EasingStyle":"Linear","EasingDirection":"In"},"Torso":{"Weight":1,"CFrame":[0.5796451568603516,-0.015951156616210939,-0.0471956729888916,0.986826479434967,0.16051071882247926,0.02025233767926693,-0.16021835803985597,0.9869626760482788,-0.01532425731420517,-0.022448016330599786,0.011877521872520447,0.9996775388717651],"EasingStyle":"Linear","EasingDirection":"In"},"HumanoidRootPart":{"Weight":0,"CFrame":[0,0,0,1,0,0,0,1,0,0,0,1],"EasingStyle":"Linear","EasingDirection":"In"},"Right Leg":{"Weight":1,"CFrame":[0.3589795231819153,-0.02834630012512207,0.11132693290710449,0.87928307056427,0.44544661045074465,-0.16864044964313508,-0.44210895895957949,0.8950209021568298,0.05896970257163048,0.17720437049865724,0.022706560790538789,0.9839123487472534],"EasingStyle":"Linear","EasingDirection":"In"}}},{"Time":0.25999999046325686,"poses":{"Left Leg":{"Weight":1,"CFrame":[-0.06962750852108002,0.032011568546295169,0.2812538146972656,0.7923623919487,-0.120860755443573,0.5979588031768799,0.2030334323644638,0.9765462279319763,-0.07166022807359696,-0.5752733945846558,0.1781863421201706,0.7983171343803406],"EasingStyle":"Linear","EasingDirection":"In"},"Right Arm":{"Weight":1,"CFrame":[-0.13249127566814423,-0.24841928482055665,0.5056670904159546,0.19871602952480317,-0.4649777114391327,-0.8627329468727112,0.5023460984230042,-0.7075322270393372,0.4970378279685974,-0.8415228128433228,-0.5321598649024963,0.09298191964626312],"EasingStyle":"Linear","EasingDirection":"In"},"Head":{"Weight":1,"CFrame":[-9.51811671257019e-7,5.271285772323608e-7,0,0.9894536733627319,-0.1398366540670395,0.03777885064482689,0.1395687311887741,0.9901655912399292,0.009650129824876786,-0.0387568362057209,-0.004275571554899216,0.9992396831512451],"EasingStyle":"Linear","EasingDirection":"In"},"Left Arm":{"Weight":1,"CFrame":[0.30604109168052676,0.439833402633667,0.2922794818878174,0.5847185850143433,0.26113933324813845,-0.7680566906929016,0.6191176176071167,0.4681469798088074,0.6305017471313477,0.5242119431495667,-0.8441832065582275,0.11205825209617615],"EasingStyle":"Linear","EasingDirection":"In"},"Torso":{"Weight":1,"CFrame":[0.5802879333496094,0.02845287322998047,-0.018466949462890626,0.9881919622421265,0.15319973230361939,0.0025615892373025419,-0.15320971608161927,0.9877756237983704,0.028745245188474656,0.001873439410701394,-0.02879827469587326,0.9995835423469544],"EasingStyle":"Linear","EasingDirection":"In"},"HumanoidRootPart":{"Weight":0,"CFrame":[0,0,0,1,0,0,0,1,0,0,0,1],"EasingStyle":"Linear","EasingDirection":"In"},"Right Leg":{"Weight":1,"CFrame":[0.2236822545528412,0.022226035594940187,0.09488701820373535,0.8951838612556458,0.4113391935825348,-0.1716001033782959,-0.400626540184021,0.911342978477478,0.09461797773838043,0.19530653953552247,-0.01595276966691017,0.980612576007843],"EasingStyle":"Linear","EasingDirection":"In"}}},{"Time":0.2800000011920929,"poses":{"Left Leg":{"Weight":1,"CFrame":[-0.0013696402311325074,-0.002600431442260742,0.23420965671539308,0.8022980690002441,-0.10757379233837128,0.5871508121490479,0.1855536699295044,0.9798420667648315,-0.0740254744887352,-0.567351758480072,0.16833841800689698,0.8060858845710754],"EasingStyle":"Linear","EasingDirection":"In"},"Right Arm":{"Weight":1,"CFrame":[-0.12155328691005707,-0.2538474202156067,0.5104478597640991,0.1602795124053955,-0.46976223587989809,-0.8681214451789856,0.47126638889312746,-0.7363595962524414,0.48547160625457766,-0.8673056364059448,-0.486927330493927,0.1033599004149437],"EasingStyle":"Linear","EasingDirection":"In"},"Head":{"Weight":1,"CFrame":[-2.1047890186309815e-7,-3.3527612686157229e-7,0,0.9914673566818237,-0.12236282974481583,0.044945184141397479,0.12230217456817627,0.9924846291542053,0.004107192158699036,-0.04510996863245964,0.0014247596263885499,0.998981237411499],"EasingStyle":"Linear","EasingDirection":"In"},"Left Arm":{"Weight":1,"CFrame":[0.3087850511074066,0.4388139843940735,0.31192588806152346,0.5580381155014038,0.27671438455581667,-0.7823190689086914,0.5947566032409668,0.5240587592124939,0.6096124053001404,0.5786696672439575,-0.8054763078689575,0.12786710262298585],"EasingStyle":"Linear","EasingDirection":"In"},"Torso":{"Weight":1,"CFrame":[0.5676345825195313,0.06914043426513672,0.005353689193725586,0.990012526512146,0.14060965180397035,-0.010212957859039307,-0.13966527581214906,0.9880732297897339,0.06484706699848175,0.019209271296858789,-0.06277300417423248,0.9978430271148682],"EasingStyle":"Linear","EasingDirection":"In"},"HumanoidRootPart":{"Weight":0,"CFrame":[0,0,0,1,0,0,0,1,0,0,0,1],"EasingStyle":"Linear","EasingDirection":"In"},"Right Leg":{"Weight":1,"CFrame":[0.11340764164924622,0.05261516571044922,0.07730519771575928,0.903492271900177,0.3882662057876587,-0.1815263032913208,-0.37233948707580569,0.9207862019538879,0.11625897139310837,0.21228615939617158,-0.037449561059474948,0.9764899015426636],"EasingStyle":"Linear","EasingDirection":"In"}}},{"Time":0.30000001192092898,"poses":{"Left Leg":{"Weight":1,"CFrame":[0.04048404097557068,-0.007657051086425781,0.20924949645996095,0.8145764470100403,-0.0980340912938118,0.5717127323150635,0.17069754004478455,0.9824852347373962,-0.07473911345005036,-0.5543719530105591,0.15847070515155793,0.8170429468154907],"EasingStyle":"Linear","EasingDirection":"In"},"Right Arm":{"Weight":1,"CFrame":[-0.1108853667974472,-0.2523244023323059,0.5134446620941162,0.1254134178161621,-0.483776718378067,-0.8661593794822693,0.43569082021713259,-0.7575027346611023,0.4861733317375183,-0.8913168907165527,-0.438350111246109,0.11577577888965607],"EasingStyle":"Linear","EasingDirection":"In"},"Head":{"Weight":1,"CFrame":[-7.487833499908447e-7,-4.544854164123535e-7,0,0.9943922758102417,-0.0968514233827591,0.04247815161943436,0.09689554572105408,0.9952943325042725,0.0010251551866531373,-0.04237756505608559,0.003096438944339752,0.9990974068641663],"EasingStyle":"Linear","EasingDirection":"In"},"Left Arm":{"Weight":1,"CFrame":[0.31610098481178286,0.4203282594680786,0.3380875587463379,0.5397717356681824,0.3134158253669739,-0.781292200088501,0.5459281206130981,0.5761497616767883,0.608288586139679,0.6407883167266846,-0.7548661231994629,0.13988669216632844],"EasingStyle":"Linear","EasingDirection":"In"},"Torso":{"Weight":1,"CFrame":[0.5475139617919922,0.10636711120605469,0.002944469451904297,0.9921804070472717,0.12330487370491028,-0.01934431493282318,-0.12099647521972656,0.9882528185844421,0.09336201846599579,0.030629049986600877,-0.09029138833284378,0.9954445362091065],"EasingStyle":"Linear","EasingDirection":"In"},"HumanoidRootPart":{"Weight":0,"CFrame":[0,0,0,1,0,0,0,1,0,0,0,1],"EasingStyle":"Linear","EasingDirection":"In"},"Right Leg":{"Weight":1,"CFrame":[0.2305174022912979,-0.002743244171142578,0.11024713516235352,0.8529378771781921,0.48336631059646609,-0.19711679220199586,-0.4661196172237396,0.8752255439758301,0.12927879393100739,0.23501046001911164,-0.01838676445186138,0.9718191623687744],"EasingStyle":"Linear","EasingDirection":"In"}}},{"Time":0.3199999928474426,"poses":{"Left Leg":{"Weight":1,"CFrame":[0.012752965092658997,0.0252801775932312,0.23216915130615235,0.8270896077156067,-0.11248157918453217,0.5507009625434876,0.18526488542556764,0.9795749187469482,-0.07816709578037262,-0.5306603908538818,0.1666768342256546,0.831034779548645],"EasingStyle":"Linear","EasingDirection":"In"},"Right Arm":{"Weight":1,"CFrame":[-0.10478276014328003,-0.24153339862823487,0.512458086013794,0.10648497939109802,-0.5099367499351502,-0.8535959720611572,0.40690040588378909,-0.7609540224075317,0.5053529143333435,-0.9072450399398804,-0.4011410176753998,0.1264631748199463],"EasingStyle":"Linear","EasingDirection":"In"},"Head":{"Weight":1,"CFrame":[0.0000017918646335601807,0.0000011138617992401124,0,0.9972466826438904,-0.06621026992797852,0.03340553492307663,0.06626846641302109,0.9978018999099731,-0.0006354674696922302,-0.03329014033079147,0.002847418189048767,0.9994418025016785],"EasingStyle":"Linear","EasingDirection":"In"},"Left Arm":{"Weight":1,"CFrame":[0.3273046612739563,0.38169288635253909,0.36310505867004397,0.5370626449584961,0.3725897967815399,-0.7567964792251587,0.4802989661693573,0.6024660468101502,0.6374543309211731,0.6934531927108765,-0.7058414220809937,0.14460739493370057],"EasingStyle":"Linear","EasingDirection":"In"},"Torso":{"Weight":1,"CFrame":[0.5258827209472656,0.14057636260986329,-0.04723381996154785,0.9944466352462769,0.10199211537837982,-0.025957616046071054,-0.09838799387216568,0.988510251045227,0.11474962532520294,0.03736286982893944,-0.1115584671497345,0.9930553436279297],"EasingStyle":"Linear","EasingDirection":"In"},"HumanoidRootPart":{"Weight":0,"CFrame":[0,0,0,1,0,0,0,1,0,0,0,1],"EasingStyle":"Linear","EasingDirection":"In"},"Right Leg":{"Weight":1,"CFrame":[0.44901207089424136,-0.10956013202667237,0.17776834964752198,0.7502961158752441,0.6246427297592163,-0.2165139615535736,-0.6097822189331055,0.7804008722305298,0.1383478343486786,0.2553855776786804,0.028224635869264604,0.9664275050163269],"EasingStyle":"Linear","EasingDirection":"In"}}},{"Time":0.3400000035762787,"poses":{"Left Leg":{"Weight":1,"CFrame":[-0.10560299456119538,0.08409339189529419,0.31368494033813479,0.8275371193885803,-0.18299585580825807,0.5307492613792419,0.26706212759017947,0.9598840475082398,-0.08544334024190903,-0.49382200837135317,0.2124505639076233,0.8432111144065857],"EasingStyle":"Linear","EasingDirection":"In"},"Right Arm":{"Weight":1,"CFrame":[-0.1077989935874939,-0.21934527158737184,0.5054464340209961,0.11829856038093567,-0.552297055721283,-0.8252113461494446,0.39481040835380556,-0.7363720536231995,0.5494368076324463,-0.9111150503158569,-0.39079970121383669,0.1309409737586975],"EasingStyle":"Linear","EasingDirection":"In"},"Head":{"Weight":1,"CFrame":[9.164214134216309e-7,3.46451997756958e-7,0,0.9992274641990662,-0.03339415416121483,0.020734861493110658,0.03344292938709259,0.9994386434555054,-0.0020091310143470766,-0.02065613865852356,0.0027009546756744386,0.9997830390930176],"EasingStyle":"Linear","EasingDirection":"In"},"Left Arm":{"Weight":1,"CFrame":[0.3390135169029236,0.32297706604003909,0.37805187702178957,0.5576812028884888,0.4518187344074249,-0.6963129043579102,0.4074321389198303,0.5818637013435364,0.7038706541061401,0.7231813669204712,-0.6762359738349915,0.1404089629650116],"EasingStyle":"Linear","EasingDirection":"In"},"Torso":{"Weight":1,"CFrame":[0.5079326629638672,0.1721811294555664,-0.11872339248657227,0.9965097308158875,0.07748494297266007,-0.031059525907039644,-0.07285796105861664,0.9889025092124939,0.12947392463684083,0.04074712097644806,-0.1267590969800949,0.9910963177680969],"EasingStyle":"Linear","EasingDirection":"In"},"HumanoidRootPart":{"Weight":0,"CFrame":[0,0,0,1,0,0,0,1,0,0,0,1],"EasingStyle":"Linear","EasingDirection":"In"},"Right Leg":{"Weight":1,"CFrame":[0.6114804744720459,-0.20693528652191163,0.24276471138000489,0.644230306148529,0.726624608039856,-0.2387142777442932,-0.7160141468048096,0.6827027797698975,0.14574101567268372,0.26886996626853945,0.07703214883804321,0.9600914120674133],"EasingStyle":"Linear","EasingDirection":"In"}}},{"Time":0.36000001430511477,"poses":{"Left Leg":{"Weight":1,"CFrame":[-0.1584145724773407,0.056930720806121829,0.3524435758590698,0.8123790621757507,-0.2539912760257721,0.5249086022377014,0.3473718762397766,0.9337968826293945,-0.08576981723308563,-0.46837323904037478,0.25201597809791567,0.8468263745307922],"EasingStyle":"Linear","EasingDirection":"In"},"Right Arm":{"Weight":1,"CFrame":[-0.12192800641059876,-0.18354129791259767,0.4919474124908447,0.1760438233613968,-0.6101452708244324,-0.7724839448928833,0.39894625544548037,-0.6731826663017273,0.6226293444633484,-0.8999174237251282,-0.41778966784477236,0.12490551918745041],"EasingStyle":"Linear","EasingDirection":"In"},"Head":{"Weight":1,"CFrame":[0.0000017979182302951813,-4.917383193969727e-7,0,0.9999717473983765,-0.0014548450708389283,0.007423619739711285,0.001487933099269867,0.9999890327453613,-0.0044564902782440189,-0.007417076732963324,0.004467442631721497,0.999962568283081],"EasingStyle":"Linear","EasingDirection":"In"},"Left Arm":{"Weight":1,"CFrame":[0.34375542402267458,0.24906539916992188,0.37766432762145998,0.6068205833435059,0.5370079278945923,-0.5859963297843933,0.3288199007511139,0.5015999674797058,0.800171971321106,0.7236343622207642,-0.6782481670379639,0.12780234217643739],"EasingStyle":"Linear","EasingDirection":"In"},"Torso":{"Weight":1,"CFrame":[0.49486351013183596,0.2009410858154297,-0.057126522064208987,0.998081624507904,0.050674136728048328,-0.03557291626930237,-0.04531632736325264,0.9894005656242371,0.13796019554138184,0.04218687117099762,-0.1360834687948227,0.9897987842559815],"EasingStyle":"Linear","EasingDirection":"In"},"HumanoidRootPart":{"Weight":0,"CFrame":[0,0,0,1,0,0,0,1,0,0,0,1],"EasingStyle":"Linear","EasingDirection":"In"},"Right Leg":{"Weight":1,"CFrame":[0.5070422887802124,-0.19126319885253907,0.22972989082336427,0.6754275560379028,0.6875450015068054,-0.26660895347595217,-0.6763730645179749,0.721642255783081,0.14748400449752809,0.2937980890274048,0.08071252703666687,0.9524539709091187],"EasingStyle":"Linear","EasingDirection":"In"}}},{"Time":0.3799999952316284,"poses":{"Left Leg":{"Weight":1,"CFrame":[-0.15452679991722108,-0.028461456298828126,0.3568265438079834,0.7854307293891907,-0.3208691477775574,0.5292841196060181,0.42115655541419985,0.9037037491798401,-0.07712039351463318,-0.45357030630111697,0.2834841310977936,0.8449326157569885],"EasingStyle":"Linear","EasingDirection":"In"},"Right Arm":{"Weight":1,"CFrame":[-0.14253869652748109,-0.1357351541519165,0.4759213924407959,0.27758705615997317,-0.6718801856040955,-0.686675488948822,0.39594459533691409,-0.5712261199951172,0.7189778685569763,-0.8753136396408081,-0.47146397829055788,0.10746245086193085],"EasingStyle":"Linear","EasingDirection":"In"},"Head":{"Weight":1,"CFrame":[0.0000026639318093657495,4.917383193969727e-7,0,0.9996423125267029,0.026501424610614778,-0.0036369196604937317,-0.0265352763235569,0.9996019601821899,-0.009600669145584107,0.003381049260497093,0.009693637490272522,0.9999476671218872],"EasingStyle":"Linear","EasingDirection":"In"},"Left Arm":{"Weight":1,"CFrame":[0.33553528785705569,0.17159676551818849,0.36834514141082766,0.669023871421814,0.6075217723846436,-0.42816412448883059,0.2310369908809662,0.3775465786457062