{"Sequence":[{"Time":0,"poses":{"Left Leg":{"Weight":1,"CFrame":[-0.3223247528076172,0.262733519077301,0.2842820882797241,0.8276727795600891,-0.21774277091026307,0.5172483325004578,0.2640901505947113,0.9643546938896179,-0.016624480485916139,-0.4951910376548767,0.15035980939865113,0.8556739091873169],"EasingStyle":"Linear","EasingDirection":"Out"},"Right Arm":{"Weight":1,"CFrame":[-0.36137908697128298,-0.007353693246841431,0.2412431240081787,0.46517372131347659,0.8142171502113342,0.3473670482635498,-0.8333001136779785,0.27035555243492129,0.48220205307006838,0.29870444536209109,-0.51376873254776,0.8042495250701904],"EasingStyle":"Linear","EasingDirection":"Out"},"Left Arm":{"Weight":1,"CFrame":[-0.42543086409568789,-0.07187846302986145,0.17671287059783936,-0.022258227691054345,0.8987524509429932,0.4378909766674042,-0.9739081859588623,0.07945353537797928,-0.21257930994033814,-0.22584818303585053,-0.4311973452568054,0.8735339641571045],"EasingStyle":"Linear","EasingDirection":"Out"},"Right Leg":{"Weight":1,"CFrame":[0.8644422292709351,0.7046368718147278,-0.4343627691268921,0.9167011976242065,-0.20914584398269654,0.34046587347984316,0.14580723643302918,0.9684081077575684,0.20230171084403993,-0.372020423412323,-0.1358078122138977,0.9182358384132385],"EasingStyle":"Linear","EasingDirection":"Out"},"Torso":{"Weight":1,"CFrame":[-0.12155488133430481,0.29603004455566409,-0.360332727432251,0.8992448449134827,0.4268488585948944,-0.09570132941007614,-0.4321935772895813,0.9007253646850586,-0.043617743998765948,0.06758243590593338,0.08058453351259232,0.9944539666175842],"EasingStyle":"Linear","EasingDirection":"Out"},"HumanoidRootPart":{"Weight":0,"CFrame":[0,0,0,1,0,0,0,1,0,0,0,1],"EasingStyle":"Linear","EasingDirection":"In"},"Head":{"Weight":1,"CFrame":[8.940696716308594e-8,5.960464477539063e-8,0,0.8992448449134827,-0.37868615984916689,0.21898747980594636,0.4268489181995392,0.869115948677063,-0.2498749941587448,-0.09570131450891495,0.318173348903656,0.943189799785614],"EasingStyle":"Linear","EasingDirection":"Out"}}},{"Time":0.03333333507180214,"poses":{"Left Leg":{"Weight":1,"CFrame":[-0.2780895531177521,0.20195752382278443,0.2563936710357666,0.8360204100608826,-0.19268888235092164,0.513751745223999,0.24099130928516389,0.9701143503189087,-0.02830834500491619,-0.4929432272911072,0.14747610688209535,0.857471764087677],"EasingStyle":"Linear","EasingDirection":"Out"},"Right Arm":{"Weight":1,"CFrame":[-0.3506448268890381,0.0009390711784362793,0.16163432598114015,0.43149611353874209,0.8313243389129639,0.3503011465072632,-0.8936948776245117,0.3409944772720337,0.29160276055336,0.12296564877033234,-0.43888792395591738,0.8900881409645081],"EasingStyle":"Linear","EasingDirection":"Out"},"Left Arm":{"Weight":1,"CFrame":[-0.42431050539016726,-0.07917633652687073,0.1775435209274292,0.008083119057118893,0.8959513902664185,0.4440784454345703,-0.978932797908783,0.09769786894321442,-0.17929211258888246,-0.2040225863456726,-0.4332737922668457,0.8778659701347351],"EasingStyle":"Linear","EasingDirection":"Out"},"Right Leg":{"Weight":1,"CFrame":[0.8694709539413452,0.6722243428230286,-0.42725855112075808,0.9243976473808289,-0.1856745183467865,0.3331877291202545,0.12038220465183258,0.970893919467926,0.2070581167936325,-0.3619353175163269,-0.15129417181015016,0.9198439121246338],"EasingStyle":"Linear","EasingDirection":"Out"},"Torso":{"Weight":1,"CFrame":[-0.11031121015548706,0.2906044125556946,-0.2953767776489258,0.8975467681884766,0.4300220310688019,-0.09742099791765213,-0.43533268570899966,0.8993337750434876,-0.041039567440748218,0.06996607035398483,0.07924547791481018,0.9943967461585999],"EasingStyle":"Linear","EasingDirection":"Out"},"HumanoidRootPart":{"Weight":0,"CFrame":[0,0,0,1,0,0,0,1,0,0,0,1],"EasingStyle":"Linear","EasingDirection":"In"},"Head":{"Weight":1,"CFrame":[7.450580596923828e-8,2.2351741790771486e-8,0,0.8975467681884766,-0.3841427266597748,0.2164352536201477,0.43002209067344668,0.8711027503013611,-0.2371940165758133,-0.09742097556591034,0.3059646785259247,0.9470452666282654],"EasingStyle":"Linear","EasingDirection":"Out"}}},{"Time":0.06666667014360428,"poses":{"Left Leg":{"Weight":1,"CFrame":[-0.2437414526939392,0.1520668864250183,0.21740102767944337,0.8514316082000732,-0.1789495050907135,0.49299225211143496,0.21927206218242646,0.9753521084785461,-0.02465842477977276,-0.47642838954925539,0.12909440696239472,0.8696841597557068],"EasingStyle":"Linear","EasingDirection":"Out"},"Right Arm":{"Weight":1,"CFrame":[-0.33237382769584658,-0.01400059461593628,0.10894143581390381,0.48133766651153567,0.8004749417304993,0.35714685916900637,-0.8761361241340637,0.4516649544239044,0.1684761941432953,-0.02644979953765869,-0.394003301858902,0.9187284111976624],"EasingStyle":"Linear","EasingDirection":"Out"},"Left Arm":{"Weight":1,"CFrame":[-0.4217919409275055,-0.0945538878440857,0.17858004570007325,0.07656488567590714,0.8896557092666626,0.45016729831695559,-0.9854817390441895,0.13614268600940705,-0.10144419223070145,-0.1515374332666397,-0.4358645975589752,0.8871631622314453],"EasingStyle":"Linear","EasingDirection":"Out"},"Right Leg":{"Weight":1,"CFrame":[0.9157791137695313,0.6649739742279053,-0.4189642667770386,0.9498457908630371,-0.08707746118307114,0.3003506362438202,0.02587265521287918,0.9790393114089966,0.20202122628688813,-0.3116465210914612,-0.1841181218624115,0.9321893453598023],"EasingStyle":"Linear","EasingDirection":"Out"},"Torso":{"Weight":1,"CFrame":[-0.08197014033794403,0.27679163217544558,-0.22443008422851563,0.9048748016357422,0.417629212141037,-0.08238612115383148,-0.4213990271091461,0.9062145352363586,-0.03461380675435066,0.060203757137060168,0.0660385936498642,0.9959992170333862],"EasingStyle":"Linear","EasingDirection":"Out"},"HumanoidRootPart":{"Weight":0,"CFrame":[0,0,0,1,0,0,0,1,0,0,0,1],"EasingStyle":"Linear","EasingDirection":"In"},"Head":{"Weight":1,"CFrame":[9.685754776000977e-8,2.2351741790771486e-8,0,0.9048747420310974,-0.38223159313201907,0.1873517632484436,0.41762930154800417,0.8823391795158386,-0.2169409692287445,-0.08238609880208969,0.2745479643344879,0.9580375552177429],"EasingStyle":"Linear","EasingDirection":"Out"}}},{"Time":0.10000000149011612,"poses":{"Left Leg":{"Weight":1,"CFrame":[-0.23178830742835999,0.12789589166641236,0.18414521217346192,0.8672305345535278,-0.18762731552124024,0.46120181679725649,0.21200524270534516,0.9772679209709168,-0.0010738022392615677,-0.4505162835121155,0.09870842844247818,0.887294590473175],"EasingStyle":"Linear","EasingDirection":"Out"},"Right Arm":{"Weight":1,"CFrame":[-0.30989670753479006,-0.04630449414253235,0.07643020153045654,0.568588376045227,0.7278941869735718,0.3832457363605499,-0.8079656958580017,0.5817009210586548,0.09389054030179978,-0.15459206700325013,-0.36303457617759707,0.9188619256019592],"EasingStyle":"Linear","EasingDirection":"Out"},"Left Arm":{"Weight":1,"CFrame":[-0.420073926448822,-0.10868534445762634,0.17708563804626466,0.147987961769104,0.8853598237037659,0.44072383642196658,-0.985093891620636,0.17147213220596314,-0.013687822967767716,-0.08769053220748902,-0.43212875723838808,0.8975383639335632],"EasingStyle":"Linear","EasingDirection":"Out"},"Right Leg":{"Weight":1,"CFrame":[0.9827361106872559,0.6597808003425598,-0.40442323684692385,0.9646227359771729,0.04727520793676376,0.25936082005500796,-0.09885701537132263,0.9768697619438171,0.18961210548877717,-0.24439771473407746,-0.20854376256465913,0.9469842910766602],"EasingStyle":"Linear","EasingDirection":"Out"},"Torso":{"Weight":1,"CFrame":[-0.044616565108299258,0.256012886762619,-0.16364288330078126,0.918196439743042,0.3927666246891022,-0.051475219428539279,-0.39437565207481387,0.9185898900032044,-0.025699591264128686,0.037190672010183337,0.043897844851017,0.9983435273170471],"EasingStyle":"Linear","EasingDirection":"Out"},"HumanoidRootPart":{"Weight":0,"CFrame":[0,0,0,1,0,0,0,1,0,0,0,1],"EasingStyle":"Linear","EasingDirection":"In"},"Head":{"Weight":1,"CFrame":[7.078051567077637e-8,-1.862645149230957e-8,1.1920928955078126e-7,0.918196439743042,-0.3716737926006317,0.137018084526062,0.39276665449142458,0.8991620540618897,-0.1929817497730255,-0.05147520452737808,0.23101134598255158,0.9715884327888489],"EasingStyle":"Linear","EasingDirection":"Out"}}},{"Time":0.13333334028720857,"poses":{"Left Leg":{"Weight":1,"CFrame":[-0.2483319789171219,0.13032597303390504,0.16180920600891114,0.8786755204200745,-0.22204716503620149,0.42263975739479067,0.22419442236423493,0.9734887480735779,0.045348912477493289,-0.4215047359466553,0.05490654334425926,0.9051624536514282],"EasingStyle":"Linear","EasingDirection":"Out"},"Right Arm":{"Weight":1,"CFrame":[-0.2798895239830017,-0.09350547194480896,0.06003892421722412,0.669867753982544,0.6077785491943359,0.42647671699523928,-0.6921498775482178,0.7190482020378113,0.062434401363134387,-0.268711119890213,-0.3370087444782257,0.9023411273956299],"EasingStyle":"Linear","EasingDirection":"Out"},"Left Arm":{"Weight":1,"CFrame":[-0.4231395423412323,-0.11324876546859741,0.16870296001434327,0.18658547103405,0.8930242657661438,0.40950384736061098,-0.9819337129592896,0.18287967145442964,0.0485917292535305,-0.03149637579917908,-0.4111722707748413,0.9110134243965149],"EasingStyle":"Linear","EasingDirection":"Out"},"Right Leg":{"Weight":1,"CFrame":[1.047767162322998,0.6358828544616699,-0.37916672229766848,0.9579285383224487,0.17866870760917664,0.2246115803718567,-0.21792595088481904,0.9620645046234131,0.16413487493991853,-0.18676497042179109,-0.20617815852165223,0.9605255722999573],"EasingStyle":"Linear","EasingDirection":"Out"},"Torso":{"Weight":1,"CFrame":[-0.006335367448627949,0.22971601784229279,-0.11222100257873535,0.9337990283966065,0.35774365067481997,-0.006235221866518259,-0.3577978312969208,0.9336720108985901,-0.015403731726109982,0.0003110651741735637,0.016614940017461778,0.9998618960380554],"EasingStyle":"Linear","EasingDirection":"Out"},"HumanoidRootPart":{"Weight":0,"CFrame":[0,0,0,1,0,0,0,1,0,0,0,1],"EasingStyle":"Linear","EasingDirection":"In"},"Head":{"Weight":1,"CFrame":[8.731149137020111e-8,9.313225746154785e-9,1.1920928955078126e-7,0.9337990283966065,-0.35063520073890688,0.07123473286628723,0.35774368047714236,0.9184356331825256,-0.16880595684051515,-0.006235210690647364,0.18311460316181184,0.9830718040466309],"EasingStyle":"Linear","EasingDirection":"Out"}}},{"Time":0.1666666716337204,"poses":{"Left Leg":{"Weight":1,"CFrame":[-0.3087496757507324,0.15132290124893189,0.1474229097366333,0.8858365416526794,-0.28192463517189028,0.3685269355773926,0.262248694896698,0.9594241380691528,0.10359013080596924,-0.3827782869338989,0.004881810862571001,0.9238273501396179],"EasingStyle":"Linear","EasingDirection":"Out"},"Right Arm":{"Weight":1,"CFrame":[-0.2339581549167633,-0.15152603387832642,0.055589914321899417,0.766090452671051,0.4290836751461029,0.4785316288471222,-0.5223787426948547,0.8494424223899841,0.0746188685297966,-0.3744673430919647,-0.3071397542953491,0.8748939633369446],"EasingStyle":"Linear","EasingDirection":"Out"},"Left Arm":{"Weight":1,"CFrame":[-0.42990031838417055,-0.10980463027954102,0.15478730201721192,0.19222639501094819,0.9099264740943909,0.3675360381603241,-0.9812958240509033,0.1742696464061737,0.08178339898586273,0.010366457514464856,-0.37638264894485476,0.9264063835144043],"EasingStyle":"Linear","EasingDirection":"Out"},"Right Leg":{"Weight":1,"CFrame":[1.100700855255127,0.5929694771766663,-0.343549907207489,0.9361183643341065,0.29476773738861086,0.19181863963603974,-0.32191726565361025,0.9378159046173096,0.1298869550228119,-0.14160402119159699,-0.18333923816680909,0.9727975130081177],"EasingStyle":"Linear","EasingDirection":"Out"},"Torso":{"Weight":1,"CFrame":[0.024788573384284974,0.1993827372789383,-0.07071828842163086,0.9487289190292358,0.3132128119468689,0.042557492852211,-0.31335026025772097,0.9496309161186218,-0.0035743422340601684,-0.041533440351486209,-0.009944319725036621,0.9990876317024231],"EasingStyle":"Linear","EasingDirection":"Out"},"HumanoidRootPart":{"Weight":0,"CFrame":[0,0,0,1,0,0,0,1,0,0,0,1],"EasingStyle":"Linear","EasingDirection":"In"},"Head":{"Weight":1,"CFrame":[7.078051567077637e-8,1.862645149230957e-8,1.1920928955078126e-7,0.9487289190292358,-0.31606364250183108,0.004146967548877001,0.3132128417491913,0.9382434487342835,-0.14695890247821809,0.042557500302791598,0.14072301983833314,0.989133894443512],"EasingStyle":"Linear","EasingDirection":"Out"}}},{"Time":0.20000000298023225,"poses":{"Left Leg":{"Weight":1,"CFrame":[-0.43921202421188357,0.1871071457862854,0.13905692100524903,0.8794406652450562,-0.3715406656265259,0.2975594699382782,0.3408825993537903,0.9278839230537415,0.15109756588935853,-0.33223962783813479,-0.03144844248890877,0.9426705837249756],"EasingStyle":"Linear","EasingDirection":"Out"},"Right Arm":{"Weight":1,"CFrame":[-0.16117867827415467,-0.2106090784072876,0.057788848876953128,0.8321896195411682,0.18068794906139375,0.5242253541946411,-0.2895285487174988,0.9478982090950012,0.13289879262447358,-0.4728991985321045,-0.2623754143714905,0.8411454558372498],"EasingStyle":"Linear","EasingDirection":"Out"},"Left Arm":{"Weight":1,"CFrame":[-0.4362550973892212,-0.10534480214118958,0.14062297344207765,0.1891181915998459,0.9258129596710205,0.3272683918476105,-0.9809587001800537,0.16312018036842347,0.10541272908449173,0.0442083403468132,-0.3409723937511444,0.9390333294868469],"EasingStyle":"Linear","EasingDirection":"Out"},"Right Leg":{"Weight":1,"CFrame":[1.1333636045455933,0.5414937138557434,-0.30069899559020998,0.9085590243339539,0.3891313672065735,0.151978000998497,-0.40629249811172488,0.9077200293540955,0.10474108159542084,-0.09719539433717728,-0.15691107511520387,0.9828183650970459],"EasingStyle":"Linear","EasingDirection":"Out"},"Torso":{"Weight":1,"CFrame":[0.04249592125415802,0.16653355956077577,-0.04092907905578613,0.9621527194976807,0.2610795497894287,0.07810032367706299,-0.26258862018585207,0.964860737323761,0.009538372047245503,-0.07286565750837326,-0.029685622081160547,0.9968999028205872],"EasingStyle":"Linear","EasingDirection":"Out"},"HumanoidRootPart":{"Weight":0,"CFrame":[0,0,0,1,0,0,0,1,0,0,0,1],"EasingStyle":"Linear","EasingDirection":"In"},"Head":{"Weight":1,"CFrame":[9.685754776000977e-8,1.1175870895385743e-8,1.1920928955078126e-7,0.9621526598930359,-0.26877909898757937,-0.044944409281015399,0.2610795795917511,0.9564361572265625,-0.1306421458721161,0.07810033112764359,0.11396360397338867,0.990410327911377],"EasingStyle":"Linear","EasingDirection":"Out"}}},{"Time":0.23333333432674409,"poses":{"Left Leg":{"Weight":1,"CFrame":[-0.6433081030845642,0.25450628995895388,0.12426590919494629,0.8444203734397888,-0.4873356521129608,0.22239205241203309,0.4576133191585541,0.8720703125,0.17344553768634797,-0.27846774458885195,-0.04469136521220207,0.959405243396759],"EasingStyle":"Linear","EasingDirection":"Out"},"Right Arm":{"Weight":1,"CFrame":[-0.05401793122291565,-0.25102901458740237,0.06702983379364014,0.8309709429740906,-0.1403326839208603,0.5383251905441284,0.0018202579813078046,0.9683418273925781,0.24962130188941956,-0.5563128590583801,-0.2064482420682907,0.8049193620681763],"EasingStyle":"Linear","EasingDirection":"Out"},"Left Arm":{"Weight":1,"CFrame":[-0.44206905364990237,-0.09994769096374512,0.12645161151885987,0.17899493873119355,0.940348207950592,0.2893199920654297,-0.9813343286514282,0.14962716400623322,0.12080810219049454,0.0703115165233612,-0.30554378032684328,0.9495785236358643],"EasingStyle":"Linear","EasingDirection":"Out"},"Right Leg":{"Weight":1,"CFrame":[1.1399898529052735,0.49596232175827029,-0.2522807717323303,0.8837849497795105,0.4571337401866913,0.09976416826248169,-0.46616822481155398,0.8785708546638489,0.10392527282238007,-0.04014206677675247,-0.13835455477237702,0.9895689487457275],"EasingStyle":"Linear","EasingDirection":"Out"},"Torso":{"Weight":1,"CFrame":[0.04782986640930176,0.13272982835769654,-0.026633739471435548,0.9745894074440002,0.20479610562324525,0.0907415822148323,-0.20750518143177033,0.9779998064041138,0.021399153396487237,-0.08436278253793717,-0.039684735238552096,0.9956445097923279],"EasingStyle":"Linear","EasingDirection":"Out"},"HumanoidRootPart":{"Weight":0,"CFrame":[0,0,0,1,0,0,0,1,0,0,0,1],"EasingStyle":"Linear","EasingDirection":"In"},"Head":{"Weight":1,"CFrame":[5.587935447692871e-8,5.587935447692871e-9,-5.960464477539063e-8,0.9745894074440002,-0.21421824395656587,-0.0654679462313652,0.20479616522789002,0.9705322980880737,-0.1269865483045578,0.0907415822148323,0.11035215109586716,0.9897415637969971],"EasingStyle":"Linear","EasingDirection":"Out"}}},{"Time":0.2666666805744171,"poses":{"Left Leg":{"Weight":1,"CFrame":[-0.7647931575775147,0.2882850170135498,0.09020495414733887,0.8230874538421631,-0.5453459024429321,0.15850834548473359,0.5235458612442017,0.8367798328399658,0.16030988097190858,-0.22006097435951234,-0.048962607979774478,0.9742565751075745],"EasingStyle":"Linear","EasingDirection":"Out"},"Right Arm":{"Weight":1,"CFrame":[0.07583422213792801,-0.2797691822052002,0.08544647693634033,0.7070496678352356,-0.5043607354164124,0.49568235874176028,0.30846816301345827,0.8507117629051209,0.42560186982154848,-0.6363396048545837,-0.1480194330215454,0.7570746541023254],"EasingStyle":"Linear","EasingDirection":"Out"},"Left Arm":{"Weight":1,"CFrame":[-0.4472343623638153,-0.09373366832733154,0.11253905296325684,0.16353610157966615,0.9532611966133118,0.25406500697135928,-0.982498049736023,0.13409213721752168,0.12929370999336244,0.08918249607086182,-0.2707626223564148,0.958506166934967],"EasingStyle":"Linear","EasingDirection":"Out"},"Right Leg":{"Weight":1,"CFrame":[1.130344033241272,0.4785829186439514,-0.2042752504348755,0.8626932501792908,0.5043521523475647,0.03727167472243309,-0.5044760704040527,0.8530368804931641,0.1335366666316986,0.035555433481931689,-0.1340038925409317,0.9903427362442017],"EasingStyle":"Linear","EasingDirection":"Out"},"Torso":{"Weight":1,"CFrame":[0.04365910589694977,0.09956755489110947,-0.03935551643371582,0.9857195615768433,0.1481364667415619,0.08007840067148209,-0.15097250044345857,0.9880651235580444,0.03057093545794487,-0.07459400594234467,-0.042224008589982989,0.9963196516036987],"EasingStyle":"Linear","EasingDirection":"Out"},"HumanoidRootPart":{"Weight":0,"CFrame":[0,0,0,1,0,0,0,1,0,0,0,1],"EasingStyle":"Linear","EasingDirection":"In"},"Head":{"Weight":1,"CFrame":[5.21540641784668e-8,-9.313225746154785e-9,2.384185791015625e-7,0.9857195615768433,-0.15724273025989533,-0.060263682156801227,0.14813652634620667,0.9798845648765564,-0.13372297585010529,0.08007841557264328,0.12288609892129898,0.9891847372055054],"EasingStyle":"Linear","EasingDirection":"Out"}}},{"Time":0.30000001192092898,"poses":{"Left Leg":{"Weight":1,"CFrame":[-0.8491876721382141,0.3212776780128479,0.05692601203918457,0.8096106052398682,-0.5771176218986511,0.10707952082157135,0.563941478729248,0.8153926730155945,0.1307847797870636,-0.16279010474681855,-0.045498140156269076,0.9856111407279968],"EasingStyle":"Linear","EasingDirection":"Out"},"Right Arm":{"Weight":1,"CFrame":[0.18585260212421418,-0.3108903765678406,0.10958278179168701,0.44804126024246218,-0.812756359577179,0.3724059462547302,0.5284011960029602,0.5767534375190735,0.6230148673057556,-0.721145749092102,-0.08235665410757065,0.6878708004951477],"EasingStyle":"Linear","EasingDirection":"Out"},"Left Arm":{"Weight":1,"CFrame":[-0.45167654752731326,-0.08687153458595276,0.09916317462921143,0.14433681964874268,0.9643669724464417,0.22172769904136659,-0.9843077063560486,0.1169368252158165,0.13215193152427674,0.10151480883359909,-0.23732271790504456,0.9661121368408203],"EasingStyle":"Linear","EasingDirection":"Out"},"Right Leg":{"Weight":1,"CFrame":[1.112467885017395,0.48831892013549807,-0.15815657377243043,0.8432297110557556,0.5367001295089722,-0.030276212841272355,-0.5238258838653565,0.8330388069152832,0.1779123693704605,0.1207069382071495,-0.13416153192520142,0.983580470085144],"EasingStyle":"Linear","EasingDirection":"Out"},"Torso":{"Weight":1,"CFrame":[0.032852381467819217,0.06866469234228134,-0.08060932159423828,0.9938647747039795,0.09443829953670502,0.05756920948624611,-0.09662141650915146,0.9946557283401489,0.03639151155948639,-0.05382478982210159,-0.04173066094517708,0.9976780414581299],"EasingStyle":"Linear","EasingDirection":"Out"},"HumanoidRootPart":{"Weight":0,"CFrame":[0,0,0,1,0,0,0,1,0,0,0,1],"EasingStyle":"Linear","EasingDirection":"In"},"Head":{"Weight":1,"CFrame":[6.146728992462158e-8,-1.0244548320770264e-8,2.384185791015625e-7,0.9938647747039795,-0.1017223596572876,-0.043420955538749698,0.0944383516907692,0.9848315119743347,-0.1455618143081665,0.05756921321153641,0.14056816697120667,0.9883958697319031],"EasingStyle":"Linear","EasingDirection":"Out"}}},{"Time":0.3333333432674408,"poses":{"Left Leg":{"Weight":1,"CFrame":[-0.9125309586524963,0.3734203577041626,0.018178939819335939,0.8012092709541321,-0.5952081680297852,0.06157190352678299,0.5868650078773499,0.8017072677612305,0.11337913572788239,-0.11684685200452805,-0.05470596253871918,0.9916421175003052],"EasingStyle":"Linear","EasingDirection":"Out"},"Right Arm":{"Weight":1,"CFrame":[0.238486647605896,-0.3218136131763458,0.1419827938079834,0.15498465299606324,-0.9721466898918152,0.1758141815662384,0.5755413770675659,0.23349444568157197,0.7837298512458801,-0.802951991558075,-0.02027788758277893,0.5956986546516419],"EasingStyle":"Linear","EasingDirection":"Out"},"Left Arm":{"Weight":1,"CFrame":[-0.45536112785339358,-0.07958048582077027,0.0866008996963501,0.12289565056562424,0.9735783934593201,0.19246229529380799,-0.9865078330039978,0.09870795905590058,0.13061006367206574,0.1081615537405014,-0.20591701567173005,0.9725735187530518],"EasingStyle":"Linear","EasingDirection":"Out"},"Right Leg":{"Weight":1,"CFrame":[1.0884169340133668,0.5093262195587158,-0.11289143562316895,0.8266205191612244,0.554466962814331,-0.09625404328107834,-0.5275628566741943,0.8230409622192383,0.21043047308921815,0.1958978921175003,-0.12316613644361496,0.9728587865829468],"EasingStyle":"Linear","EasingDirection":"Out"},"Torso":{"Weight":1,"CFrame":[0.018278412520885469,0.04164045304059982,-0.14139318466186524,0.9981244802474976,0.04688645526766777,0.03935931250452995,-0.048410192131996158,0.9980776309967041,0.03869672864675522,-0.037469297647476199,-0.04052954539656639,0.9984755516052246],"EasingStyle":"Linear","EasingDirection":"Out"},"HumanoidRootPart":{"Weight":0,"CFrame":[0,0,0,1,0,0,0,1,0,0,0,1],"EasingStyle":"Linear","EasingDirection":"In"},"Head":{"Weight":1,"CFrame":[1.0896474123001099e-7,3.4924596548080446e-9,-1.7881393432617188e-7,0.9981244802474976,-0.052793096750974658,-0.030990177765488626,0.046886518597602847,0.9847611784934998,-0.16747260093688966,0.03935932740569115,0.16570547223091126,0.9853895306587219],"EasingStyle":"Linear","EasingDirection":"Out"}}},{"Time":0.36666667461395266,"poses":{"Left Leg":{"Weight":1,"CFrame":[-0.9527856707572937,0.4389440417289734,-0.022051215171813966,0.7964550852775574,-0.6040865182876587,0.027180973440408708,0.5976086258888245,0.7931850552558899,0.11713841557502747,-0.09232130646705628,-0.07705190777778626,0.9927435517311096],"EasingStyle":"Linear","EasingDirection":"Out"},"Right Arm":{"Weight":1,"CFrame":[0.24006903171539308,-0.27364787459373476,0.19312405586242677,-0.027890313416719438,-0.9988676905632019,-0.038542162626981738,0.4586406350135803,-0.047046318650245669,0.88737553358078,-0.8881840109825134,0.0070720817893743519,0.4594334661960602],"EasingStyle":"Linear","EasingDirection":"Out"},"Left Arm":{"Weight":1,"CFrame":[-0.4582943916320801,-0.07212531566619873,0.07511544227600098,0.10060795396566391,0.9809116125106812,0.16640432178974152,-0.9888142943382263,0.08007112145423889,0.12583699822425843,0.11011075228452683,-0.17720329761505128,0.9779952168464661],"EasingStyle":"Linear","EasingDirection":"Out"},"Right Leg":{"Weight":1,"CFrame":[1.0625139474868775,0.5345022678375244,-0.07244092226028443,0.8158657550811768,0.5575076937675476,-0.15345454216003419,-0.5211334228515625,0.823920726776123,0.22265323996543885,0.2505653202533722,-0.10168491303920746,0.9627446532249451],"EasingStyle":"Linear","EasingDirection":"Out"},"Torso":{"Weight":1,"CFrame":[0.0028059259057044985,0.020093433558940889,-0.2127211093902588,0.9994888305664063,0.008964362554252148,0.030687570571899415,-0.010156206786632538,0.9991912841796875,0.03890508785843849,-0.030313991010189058,-0.03919687122106552,0.998771607875824],"EasingStyle":"Linear","EasingDirection":"Out"},"HumanoidRootPart":{"Weight":0,"CFrame":[0,0,0,1,0,0,0,1,0,0,0,1],"EasingStyle":"Linear","EasingDirection":"In"},"Head":{"Weight":1,"CFrame":[1.0110670700669289e-7,-2.240994945168495e-9,-1.1920928955078126e-7,0.9994888305664063,-0.014990463852882386,-0.02823782153427601,0.008964424952864647,0.9792327880859375,-0.2025408148765564,0.03068757988512516,0.20218415558338166,0.9788666367530823],"EasingStyle":"Linear","EasingDirection":"Out"}}},{"Time":0.4000000059604645,"poses":{"Left Leg":{"Weight":1,"CFrame":[-0.9329246878623962,0.3686545491218567,-0.026607096195220948,0.8081179261207581,-0.5888720154762268,0.013232117518782616,0.583851158618927,0.8037930727005005,0.11416880041360855,-0.07786674052476883,-0.08453623205423355,0.9933732151985169],"EasingStyle":"Linear","EasingDirection":"Out"},"Right Arm":{"Weight":1,"CFrame":[0.2198394387960434,-0.1736679971218109,0.2635984420776367,-0.06450279802083969,-0.966522753238678,-0.24834077060222627,0.2698296308517456,-0.25648143887519839,0.9281213283538818,-0.9607452154159546,-0.007143372669816017,0.277340292930603],"EasingStyle":"Linear","EasingDirection":"Out"},"Left Arm":{"Weight":1,"CFrame":[-0.4605221450328827,-0.06481635570526123,0.06494534015655518,0.07876677811145783,0.9864807724952698,0.14370615780353547,-0.9909754991531372,0.0617978498339653,0.1189476028084755,0.10845876485109329,-0.151778444647789,0.9824459552764893],"EasingStyle":"Linear","EasingDirection":"Out"},"Right Leg":{"Weight":1,"CFrame":[1.039128065109253,0.5681371688842773,-0.04482769966125488,0.8143600821495056,0.5461111664772034,-0.19641803205013276,-0.5047535300254822,0.8335059881210327,0.22470366954803468,0.28642886877059939,-0.08384710550308228,0.954425573348999],"EasingStyle":"Linear","EasingDirection":"Out"},"Torso":{"Weight":1,"CFrame":[-0.010696306824684143,0.005583040416240692,-0.28560781478881838,0.9995384812355042,-0.015881216153502466,0.02589639648795128,0.014885221607983113,0.9991588592529297,0.038210220634937289,-0.02648143842816353,-0.03780711069703102,0.9989340901374817],"EasingStyle":"Linear","EasingDirection":"Out"},"HumanoidRootPart":{"Weight":0,"CFrame":[0,0,0,1,0,0,0,1,0,0,0,1],"EasingStyle":"Linear","EasingDirection":"In"},"Head":{"Weight":1,"CFrame":[9.569339454174042e-8,1.2631062418222428e-8,-3.5762786865234377e-7,0.9995384812355042,0.008879140950739384,-0.029051611199975015,-0.01588115654885769,0.9679717421531677,-0.25055640935897829,0.025896413251757623,0.2509021759033203,0.9676660299301148],"EasingStyle":"Linear","EasingDirection":"Out"}}},{"Time":0.4333333373069763,"poses":{"Left Leg":{"Weight":1,"CFrame":[-0.8467054963111877,0.26060640811920168,-0.008851289749145508,0.8400266170501709,-0.5421979427337647,0.019412700086832048,0.5373254418373108,0.8363633751869202,0.10852400213479996,-0.0750775933265686,-0.08073212951421738,0.9939042925834656],"EasingStyle":"Linear","EasingDirection":"Out"},"Right Arm":{"Weight":1,"CFrame":[0.18526914715766908,-0.05513662099838257,0.34055960178375246,-0.005485836416482925,-0.894293487071991,-0.4474472403526306,0.0923834964632988,-0.44599372148513796,0.8902555704116821,-0.9957084059715271,-0.03645303472876549,0.08506464958190918],"EasingStyle":"Linear","EasingDirection":"Out"},"Left Arm":{"Weight":1,"CFrame":[-0.4621230363845825,-0.05799373984336853,0.056298017501831058,0.05856472998857498,0.9904829859733582,0.12455391138792038,-0.9928115606307983,0.04474274069070816,0.11101017147302628,0.1043807789683342,-0.1301598846912384,0.9859833121299744],"EasingStyle":"Linear","EasingDirection":"Out"},"Right Leg":{"Weight":1,"CFrame":[1.022124171257019,0.6080162525177002,-0.0338590145111084,0.8243899345397949,0.521721601486206,-0.21951717138290406,-0.4797745645046234,0.8498607277870178,0.21806669235229493,0.30032920837402346,-0.07445332407951355,0.9509254097938538],"EasingStyle":"Linear","EasingDirection":"Out"},"Torso":{"Weight":1,"CFrame":[-0.020024508237838746,-0.0007519274950027466,-0.35118842124938967,0.9993955492973328,-0.02472328580915928,0.024439765140414239,0.023810558021068574,0.9990331530570984,0.03695690259337425,-0.0253298319876194,-0.03635263815522194,0.9990179538726807],"EasingStyle":"Linear","EasingDirection":"Out"},"HumanoidRootPart":{"Weight":0,"CFrame":[0,0,0,1,0,0,0,1,0,0,0,1],"EasingStyle":"Linear","EasingDirection":"In"},"Head":{"Weight":1,"CFrame":[8.69622454047203e-8,1.5170371625572444e-8,1.1920928955078126e-7,0.9993955492973328,0.01622294820845127,-0.03074665740132332,-0.024723224341869355,0.953449547290802,-0.3005373775959015,0.02443978376686573,0.30111587047576907,0.9532743096351624],"EasingStyle":"Linear","EasingDirection":"Out"}}},{"Time":0.46666666865348818,"poses":{"Left Leg":{"Weight":1,"CFrame":[-0.819961428642273,0.25551265478134158,0.007391691207885742,0.8464102745056152,-0.5309878587722778,0.04051559418439865,0.5238290429115295,0.8438635468482971,0.11617846041917801,-0.09587905555963516,-0.07711136341094971,0.992401659488678],"EasingStyle":"Linear","EasingDirection":"Out"},"Right Arm":{"Weight":1,"CFrame":[0.13929042220115663,0.07019126415252686,0.419927716255188,0.12557417154312135,-0.7900150418281555,-0.600089430809021,-0.038484517484903339,-0.6083012819290161,0.792772650718689,-0.9913375377655029,-0.07645770162343979,-0.10679025202989578],"EasingStyle":"Linear","EasingDirection":"Out"},"Left Arm":{"Weight":1,"CFrame":[-0.4631986618041992,-0.052024900913238528,0.04934680461883545,0.04110471531748772,0.9931722283363342,0.10917580127716065,-0.9942283034324646,0.029819635674357415,0.10305750370025635,0.09909824281930924,-0.11278184503316879,0.9886656403541565],"EasingStyle":"Linear","EasingDirection":"Out"},"Right Leg":{"Weight":1,"CFrame":[1.011839747428894,0.6448813676834106,-0.03261888027191162,0.8389099836349487,0.4945526123046875,-0.22726139426231385,-0.45516613125801089,0.8664237856864929,0.20526449382305146,0.29841887950897219,-0.06875681132078171,0.9519551992416382],"EasingStyle":"Linear","EasingDirection":"Out"},"Torso":{"Weight":1,"CFrame":[-0.02563449740409851,0.0006120726466178894,-0.4010951519012451,0.999387264251709,-0.022765450179576875,0.02658589370548725,0.021815676242113115,0.9991320967674255,0.035484347492456439,-0.02737063728272915,-0.034882619976997378,0.999016523361206],"EasingStyle":"Linear","EasingDirection":"Out"},"HumanoidRootPart":{"Weight":0,"CFrame":[0,0,0,1,0,0,0,1,0,0,0,1],"EasingStyle":"Linear","EasingDirection":"In"},"Head":{"Weight":1,"CFrame":[9.255018085241318e-8,5.24596543982625e-9,-1.1920928955078126e-7,0.999387264251709,0.01238248310983181,-0.03273756429553032,-0.0227653905749321,0.9404146075248718,-0.3392670154571533,0.02658591791987419,0.33980444073677065,0.940120279788971],"EasingStyle":"Linear","EasingDirection":"Out"}}},{"Time":0.5,"poses":{"Left Leg":{"Weight":1,"CFrame":[-0.8072782754898071,0.2725730538368225,0.024076342582702638,0.8476225137710571,-0.5264145731925964,0.06651097536087036,0.51584792137146,0.8469093441963196,0.1290176808834076,-0.12424561381340027,-0.07504874467849732,0.9894092679023743],"EasingStyle":"Linear","EasingDirection":"Out"},"Right Arm":{"Weight":1,"CFrame":[0.08563827723264694,0.19130051136016847,0.4977436065673828,0.29409196972846987,-0.663529098033905,-0.6879236698150635,-0.10603687167167664,-0.7379610538482666,0.6664606928825378,-0.9498769044876099,-0.12305548042058945,-0.2873868942260742],"EasingStyle":"Linear","EasingDirection":"Out"},"Left Arm":{"Weight":1,"CFrame":[-0.46385979652404787,-0.0472872257232666,0.0442347526550293,0.02741626650094986,0.9948248863220215,0.097835473716259,-0.9952091574668884,0.01797567494213581,0.09610218554735184,0.0938461497426033,-0.10000164061784744,0.9905516505241394],"EasingStyle":"Linear","EasingDirection":"Out"},"Right Leg":{"Weight":1,"CFrame":[1.010724663734436,0.6757851839065552,-0.03363007307052612,0.8481139540672302,0.4784475266933441,-0.22757574915885926,-0.4427092671394348,0.8759374618530273,0.19168196618556977,0.2910519242286682,-0.06181829422712326,0.9547079801559448],"EasingStyle":"Linear","EasingDirection":"Out"},"Torso":{"Weight":1,"CFrame":[-0.028647035360336305,0.008732281625270844,-0.43265461921691897,0.9993482232093811,-0.016601629555225374,0.03205438703298569,0.015514153055846691,0.9993054270744324,0.03388166427612305,-0.03259461373090744,-0.03336228430271149,0.9989116787910461],"EasingStyle":"Linear","EasingDirection":"Out"},"HumanoidRootPart":{"Weight":0,"CFrame":[0,0,0,1,0,0,0,1,0,0,0,1],"EasingStyle":"Linear","EasingDirection":"In"},"Head":{"Weight":1,"CFrame":[6.2515027821064e-8,-7.938069757074118e-9,0,0.9993482232093811,0.004166884813457727,-0.03585714101791382,-0.016601571813225747,0.9350883960723877,-0.35402554273605349,0.032054413110017779,0.35439008474349978,0.9345481395721436],"EasingStyle":"Linear","EasingDirection":"Out"}}},{"Time":0.5333333611488342,"poses":{"Left Leg":{"Weight":1,"CFrame":[-0.791343629360199,0.2887147068977356,0.03651547431945801,0.8515142798423767,-0.5167955756187439,0.08857622742652893,0.5026344060897827,0.8526397347450256,0.14270301163196565,-0.14927193522453309,-0.07699217647314072,0.9857941269874573],"EasingStyle":"Linear","EasingDirection":"Out"},"Right Arm":{"Weight":1,"CFrame":[0.02835894003510475,0.29854536056518557,0.5706175565719605,0.4671810269355774,-0.5254549980163574,-0.7110828757286072,-0.11211417615413666,-0.8329595327377319,0.5418570041656494,-0.8770247101783752,-0.17342282831668855,-0.4480537176132202],"EasingStyle":"Linear","EasingDirection":"Out"},"Left Arm":{"Weight":1,"CFrame":[-0.46420806646347048,-0.04416614770889282,0.041083335876464847,0.01848583109676838,0.9956956505775452,0.09082077443599701,-0.9957844614982605,0.010172550566494465,0.09115830808877945,0.08984202891588211,-0.09212315827608109,0.9916863441467285],"EasingStyle":"Linear","EasingDirection":"Out"},"Right Leg":{"Weight":1,"CFrame":[1.020956039428711,0.6931861639022827,-0.035191237926483157,0.8488435745239258,0.4800110459327698,-0.2214813530445099,-0.44827497005462649,0.8756439089775086,0.17971453070640565,0.28020378947257998,-0.05326502397656441,0.9584616422653198],"EasingStyle":"Linear","EasingDirection":"Out"},"Torso":{"Weight":1,"CFrame":[-0.030182883143424989,0.022690020501613618,-0.43540024757385256,0.9992052912712097,-0.005738887935876846,0.03944436460733414,0.0044850995764136318,0.999484121799469,0.03180157393217087,-0.039606522768735889,-0.031599387526512149,0.9987155795097351],"EasingStyle":"Linear","EasingDirection":"Out"},"HumanoidRootPart":{"Weight":0,"CFrame":[0,0,0,1,0,0,0,1,0,0,0,1],"EasingStyle":"Linear","EasingDirection":"In"},"Head":{"Weight":1,"CFrame":[5.9371814131736758e-8,-2.3246684577316047e-9,1.1920928955078126e-7,0.9992052912712097,-0.008268878795206547,-0.03899255767464638,-0.0057388292625546459,0.9382095336914063,-0.3460201323032379,0.03944438695907593,0.34596890211105349,0.9374164938926697],"EasingStyle":"Linear","EasingDirection":"Out"}}},{"Time":0.5666666626930237,"poses":{"Left Leg":{"Weight":1,"CFrame":[-0.736754834651947,0.26939672231674197,0.04626142978668213,0.8696690797805786,-0.4822305738925934,0.10549536347389221,0.4651848077774048,0.87211674451828,0.15170876681804658,-0.16516298055648805,-0.08286159485578537,0.982779324054718],"EasingStyle":"Linear","EasingDirection":"Out"},"Right Arm":{"Weight":1,"CFrame":[-0.02899978868663311,0.3836350440979004,0.6359050273895264,0.621924877166748,-0.385166198015213,-0.6818036437034607,-0.07047560811042786,-0.8946701884269714,0.4411333501338959,-0.7798991203308106,-0.22630132734775544,-0.5835624933242798],"EasingStyle":"Linear","EasingDirection":"Out"},"Left Arm":{"Weight":1,"CFrame":[-0.46431609988212588,-0.043042272329330447,0.04000651836395264,0.015287823975086213,0.995965838432312,0.08842122554779053,-0.9959803223609924,0.007362713571637869,0.08926921337842941,0.0882580429315567,-0.08943061530590058,0.9920749664306641],"EasingStyle":"Linear","EasingDirection":"Out"},"Right Leg":{"Weight":1,"CFrame":[1.0327728986740113,0.6585614681243897,-0.0332987904548645,0.8475785255432129,0.48914834856987,-0.2057775855064392,-0.46361395716667178,0.8712188601493836,0.16136859357357026,0.25821059942245486,-0.04137124493718147,0.9652024507522583],"EasingStyle":"Linear","EasingDirection":"Out"},"Torso":{"Weight":1,"CFrame":[-0.031362831592559817,0.04153939336538315,-0.3734421730041504,0.9988252520561218,0.010322867892682553,0.04734475910663605,-0.011699254624545575,0.9995142221450806,0.02888721041381359,-0.047023557126522067,-0.02940717339515686,0.9984608292579651],"EasingStyle":"Linear","EasingDirection":"Out"},"HumanoidRootPart":{"Weight":0,"CFrame":[0,0,0,1,0,0,0,1,0,0,0,1],"EasingStyle":"Linear","EasingDirection":"In"},"Head":{"Weight":1,"CFrame":[9.720679372549057e-8,2.1973391994833948e-9,-5.960464477539063e-8,0.9988252520561218,-0.025215182453393937,-0.041379768401384357,0.010322928428649903,0.9450677037239075,-0.3267115354537964,0.04734477400779724,0.3259006440639496,0.9442178010940552],"EasingStyle":"Linear","EasingDirection":"Out"}}},{"Time":0.6000000238418579,"poses":{"Left Leg":{"Weight":1,"CFrame":[-0.6201757788658142,0.2167339324951172,0.05233466625213623,0.9042630195617676,-0.40941810607910159,0.121182382106781,0.39013051986694338,0.907590925693512,0.15516747534275056,-0.17351244390010835,-0.0930352434515953,0.9804273843765259],"EasingStyle":"Linear","EasingDirection":"Out"},"Right Arm":{"Weight":1,"CFrame":[-0.08394388109445572,0.43909239768981936,0.6916663646697998,0.7469644546508789,-0.24940194189548493,-0.6163138151168823,0.0011319323675706983,-0.9264989495277405,0.3762957751750946,-0.6648629903793335,-0.28177714347839358,-0.6917794346809387],"EasingStyle":"Linear","EasingDirection":"Out"},"Left Arm":{"Weight":1,"CFrame":[-0.464118629693985,-0.04338204860687256,0.042113661766052249,0.01704167202115059,0.9954720735549927,0.09351431578397751,-0.9955382347106934,0.008212295360863209,0.0940011665225029,0.09280754625797272,-0.09469909965991974,0.9911704659461975],"EasingStyle":"Linear","EasingDirection":"Out"},"Right Leg":{"Weight":1,"CFrame":[1.0323472023010255,0.573618471622467,-0.035100340843200687,0.8526461720466614,0.4908454418182373,-0.1790677309036255,-0.4728591740131378,0.8707101941108704,0.13515880703926087,0.22225821018218995,-0.030568869784474374,0.97450852394104],"EasingStyle":"Linear","EasingDirection":"Out"},"Torso":{"Weight":1,"CFrame":[-0.03330756723880768,0.06431134045124054,-0.24755239486694337,0.998007595539093,0.03209071233868599,0.05432363599538803,-0.033476945012807849,0.9991316795349121,0.024803224951028825,-0.05348051339387894,-0.026572395116090776,0.9982152581214905],"EasingStyle":"Linear","EasingDirection":"Out"},"HumanoidRootPart":{"Weight":0,"CFrame":[0,0,0,1,0,0,0,1,0,0,0,1],"EasingStyle":"Linear","EasingDirection":"In"},"Head":{"Weight":1,"CFrame":[1.1175870895385742e-7,6.111804395914078e-9,-1.7881393432617188e-7,0.998007595539093,-0.04682259261608124,-0.04229092225432396,0.032090768218040469,0.953804075717926,-0.2987104654312134,0.054323650896549228,0.2967582046985626,0.9534062743186951],"EasingStyle":"Linear","EasingDirection":"Out"}}},{"Time":0.6333333253860474,"poses":{"Left Leg":{"Weight":1,"CFrame":[-0.49780988693237307,0.17769968509674073,0.052391648292541507,0.9340810775756836,-0.32986676692962649,0.13667641580104829,0.30866873264312746,0.9384046196937561,0.15530727803707124,-0.17948852479457856,-0.10288182646036148,0.9783656001091003],"EasingStyle":"Linear","EasingDirection":"Out"},"Right Arm":{"Weight":1,"CFrame":[-0.1344342976808548,0.4565582871437073,0.7390142679214478,0.839937686920166,-0.12376407533884049,-0.5283816456794739,0.08808105438947678,-0.9296460747718811,0.3577706813812256,-0.5354871153831482,-0.34704551100730898,-0.7699434757232666],"EasingStyle":"Linear","EasingDirec