{"Sequence":[{"Time":0,"poses":{"Left Leg":{"Weight":1,"CFrame":[-0.698563814163208,0.10164076089859009,-0.13975656032562257,0.9138982892036438,-0.3463362157344818,-0.21175742149353028,0.35437247157096865,0.9351043701171875,-1.143448642437761e-7,0.1980152577161789,-0.07504090666770935,0.9773222804069519],"EasingStyle":"Linear","EasingDirection":"In"},"Right Arm":{"Weight":1,"CFrame":[-3.9974278109866648e-8,-0.29751864075660708,-0.051742374897003177,0.6652684211730957,0.04539397731423378,-0.7452229857444763,0.23289617896080018,0.9357263445854187,0.2649068832397461,0.7093499898910523,-0.34979379177093508,0.6119371056556702],"EasingStyle":"Linear","EasingDirection":"In"},"Head":{"Weight":1,"CFrame":[8.742276236262114e-8,0,0,0.9962576031684876,-7.215864172849251e-8,-0.08643480390310288,-0.0025925824884325268,0.9995500445365906,-0.029883241280913354,0.08639591187238693,0.029995489865541459,0.9958093166351318],"EasingStyle":"Linear","EasingDirection":"In"},"Right Leg":{"Weight":1,"CFrame":[0.6221611499786377,0.15386444330215455,-0.05681443214416504,0.936523973941803,0.3441503643989563,0.06695768237113953,-0.3501577079296112,0.9277458190917969,0.1291411966085434,-0.01767566055059433,-0.14438964426517487,0.9893630146980286],"EasingStyle":"Linear","EasingDirection":"In"},"Torso":{"Weight":1,"CFrame":[0,0,-0.2134866714477539,1,0,-8.742277657347586e-8,0,1,0,8.742277657347586e-8,0,1],"EasingStyle":"Linear","EasingDirection":"In"},"HumanoidRootPart":{"Weight":1,"CFrame":[0,0,0,1,0,0,0,1,0,0,0,1],"EasingStyle":"Linear","EasingDirection":"In"},"Left Arm":{"Weight":1,"CFrame":[4.345030291119656e-8,-0.32339006662368777,-0.06467801332473755,0.9360774755477905,-0.002687241183593869,0.35178396105766299,-0.07848960906267166,0.9731690287590027,0.2162904590368271,-0.34292644262313845,-0.2300761342048645,0.9107505083084106],"EasingStyle":"Linear","EasingDirection":"In"}}},{"Time":0.032258063554763797,"poses":{"Left Leg":{"Weight":1,"CFrame":[-0.7709317207336426,0.13160806894302369,-0.1626570224761963,0.8915795683860779,-0.3966802954673767,-0.21847380697727204,0.41021496057510378,0.9118009209632874,0.01851816289126873,0.19185878336429597,-0.10613162815570831,0.9756671190261841],"EasingStyle":"Linear","EasingDirection":"In"},"Right Arm":{"Weight":1,"CFrame":[0.00004208320751786232,-0.2981715202331543,-0.04917830228805542,0.6447276473045349,-0.009151168167591095,-0.7643576264381409,0.2980562448501587,0.9237942695617676,0.24034714698791505,0.703909695148468,-0.382779985666275,0.5983232259750366],"EasingStyle":"Linear","EasingDirection":"In"},"Head":{"Weight":1,"CFrame":[9.198265615850687e-8,-2.2846506908535959e-9,0,0.9968149065971375,-0.010199668817222119,-0.07909499853849411,0.00782528892159462,0.999511182308197,-0.030271420255303384,0.0793650895357132,0.029556062072515489,0.9964073300361633],"EasingStyle":"Linear","EasingDirection":"In"},"Right Leg":{"Weight":1,"CFrame":[0.6873098015785217,0.1611480712890625,-0.055773794651031497,0.9136932492256165,0.40195560455322268,0.05997079610824585,-0.40630942583084109,0.906674325466156,0.11337663233280182,-0.008801529183983803,-0.12795814871788026,0.9917405843734741],"EasingStyle":"Linear","EasingDirection":"In"},"Torso":{"Weight":1,"CFrame":[0.019508637487888337,0.007493425160646439,-0.2635517120361328,0.9997836947441101,0.0021581470500677826,0.020686263218522073,-0.002352318726480007,0.9999533891677856,0.009366783313453198,-0.020665083080530168,-0.009413418360054493,0.9997421503067017],"EasingStyle":"Linear","EasingDirection":"In"},"HumanoidRootPart":{"Weight":1,"CFrame":[0,0,0,1,0,0,0,1,0,0,0,1],"EasingStyle":"Linear","EasingDirection":"In"},"Left Arm":{"Weight":1,"CFrame":[0.004210472572594881,-0.3244796693325043,-0.04115855693817139,0.9365400075912476,-0.015456687659025193,0.35021984577178957,-0.08306406438350678,0.9607936143875122,0.26452967524528506,-0.34057772159576418,-0.2768333852291107,0.898537814617157],"EasingStyle":"Linear","EasingDirection":"In"}}},{"Time":0.06451612710952759,"poses":{"Left Leg":{"Weight":1,"CFrame":[-0.8785011172294617,0.1900375485420227,-0.19098961353302003,0.8563739657402039,-0.46697571873664858,-0.22035758197307588,0.48390036821365359,0.8747089505195618,0.02691918984055519,0.18017806112766267,-0.12968401610851289,0.9750476479530335],"EasingStyle":"Linear","EasingDirection":"In"},"Right Arm":{"Weight":1,"CFrame":[0.0003369576297700405,-0.2998918294906616,-0.04105246067047119,0.571133017539978,-0.15921971201896668,-0.8052676916122437,0.47557368874549868,0.8637730479240418,0.1665111780166626,0.6690566539764404,-0.4780641496181488,0.5690499544143677],"EasingStyle":"Linear","EasingDirection":"In"},"Head":{"Weight":1,"CFrame":[8.67003109306097e-8,-1.57160684466362e-9,-1.1920928955078126e-7,0.9976028203964233,-0.037136707454919818,-0.05839168280363083,0.035389021039009097,0.9989024996757507,-0.030685346573591234,0.05946715548634529,0.02854536473751068,0.997822105884552],"EasingStyle":"Linear","EasingDirection":"In"},"Right Leg":{"Weight":1,"CFrame":[0.8205504417419434,0.2094549536705017,-0.05337625741958618,0.8543912768363953,0.5182080864906311,0.038419537246227267,-0.5186982750892639,0.8460983633995056,0.12275876849889755,0.031107919290661813,-0.12481214851140976,0.9916926622390747],"EasingStyle":"Linear","EasingDirection":"In"},"Torso":{"Weight":1,"CFrame":[0.03977508842945099,0.01306121051311493,-0.37365126609802248,0.9993325471878052,0.007836946286261082,0.035680219531059268,-0.008423778228461743,0.9998313188552856,0.01632651314139366,-0.03554625064134598,-0.016616180539131166,0.999229907989502],"EasingStyle":"Linear","EasingDirection":"In"},"HumanoidRootPart":{"Weight":1,"CFrame":[0,0,0,1,0,0,0,1,0,0,0,1],"EasingStyle":"Linear","EasingDirection":"In"},"Left Arm":{"Weight":1,"CFrame":[0.015310687944293023,-0.3282134234905243,0.020846962928771974,0.9381771087646484,-0.049505263566970828,0.34259772300720217,-0.09459192305803299,0.9153863787651062,0.39130571484565737,-0.3329808712005615,-0.3995211124420166,0.8541116118431091],"EasingStyle":"Linear","EasingDirection":"In"}}},{"Time":0.09677419066429138,"poses":{"Left Leg":{"Weight":1,"CFrame":[-0.954829216003418,0.2476811408996582,-0.20189374685287476,0.8261678814888,-0.5218403339385986,-0.2124367505311966,0.5382803678512573,0.8424239754676819,0.024003291502594949,0.1664358526468277,-0.13418127596378327,0.9768799543380737],"EasingStyle":"Linear","EasingDirection":"In"},"Right Arm":{"Weight":1,"CFrame":[0.0011373311281204224,-0.3023242652416229,-0.026714324951171876,0.40922635793685915,-0.37008389830589297,-0.8340093493461609,0.7184738516807556,0.6941276788711548,0.04452330246567726,0.5624315738677979,-0.6174339652061462,0.5499509572982788],"EasingStyle":"Linear","EasingDirection":"In"},"Head":{"Weight":1,"CFrame":[8.218921720981598e-8,-6.752088665962219e-9,1.1920928955078126e-7,0.9968135952949524,-0.07530191540718079,-0.02631077729165554,0.07451437413692475,0.9967766404151917,-0.02973107062280178,0.028464771807193757,0.027675803750753404,0.9992116689682007],"EasingStyle":"Linear","EasingDirection":"In"},"Right Leg":{"Weight":1,"CFrame":[0.9374954700469971,0.26313018798828127,-0.050637662410736087,0.7696431875228882,0.6382914781570435,0.015280591323971749,-0.6318413615226746,0.7579883933067322,0.1619574874639511,0.09179360419511795,-0.13430438935756684,0.9866794943809509],"EasingStyle":"Linear","EasingDirection":"In"},"Torso":{"Weight":1,"CFrame":[0.05985817313194275,0.016842186450958253,-0.48371076583862307,0.9987340569496155,0.022588828578591348,0.04494412615895271,-0.02355356700718403,0.9995008707046509,0.021052736788988115,-0.04444613307714462,-0.022084679454565049,0.9987677335739136],"EasingStyle":"Linear","EasingDirection":"In"},"HumanoidRootPart":{"Weight":1,"CFrame":[0,0,0,1,0,0,0,1,0,0,0,1],"EasingStyle":"Linear","EasingDirection":"In"},"Left Arm":{"Weight":1,"CFrame":[0.031004099175333978,-0.3352893590927124,0.10851013660430908,0.9414750933647156,-0.09686059504747391,0.3228664696216583,-0.10890430957078934,0.8190562129020691,0.563282310962677,-0.3190056383609772,-0.5654777884483337,0.7605723738670349],"EasingStyle":"Linear","EasingDirection":"In"}}},{"Time":0.12903225421905518,"poses":{"Left Leg":{"Weight":1,"CFrame":[-0.9787918925285339,0.26205992698669436,-0.18226325511932374,0.8112429976463318,-0.5531768202781677,-0.18942080438137055,0.5649454593658447,0.8250672817230225,0.01003070268779993,0.15073604881763459,-0.11514972895383835,0.9818447828292847],"EasingStyle":"Linear","EasingDirection":"In"},"Right Arm":{"Weight":1,"CFrame":[0.002695918083190918,-0.3051130771636963,-0.005513370037078857,0.14208441972732545,-0.5645515322685242,-0.8130765557289124,0.9257405996322632,0.36660248041152956,-0.09277437627315521,0.35045164823532107,-0.7395161986351013,0.5747168064117432],"EasingStyle":"Linear","EasingDirection":"In"},"Head":{"Weight":1,"CFrame":[7.613562047481537e-8,4.190951585769653e-9,0,0.9927749037742615,-0.11905084550380707,0.015000587329268456,0.11941170692443848,0.9925034046173096,-0.026038628071546556,-0.011788208037614823,0.027641741558909417,0.9995484948158264],"EasingStyle":"Linear","EasingDirection":"In"},"Right Leg":{"Weight":1,"CFrame":[1.0174185037612916,0.2745617628097534,-0.05636179447174072,0.6671590209007263,0.7448972463607788,0.005195754114538431,-0.7252095937728882,0.6479007005691528,0.23301450908184052,0.17020565271377564,-0.15922583639621736,0.9724594354629517],"EasingStyle":"Linear","EasingDirection":"In"},"Torso":{"Weight":1,"CFrame":[0.07881674915552139,0.01899341493844986,-0.5337486267089844,0.997474730014801,0.05194096267223358,0.04844043403863907,-0.05313717946410179,0.9983049631118774,0.02374177612364292,-0.047125160694122317,-0.026255808770656587,0.9985438585281372],"EasingStyle":"Linear","EasingDirection":"In"},"HumanoidRootPart":{"Weight":1,"CFrame":[0,0,0,1,0,0,0,1,0,0,0,1],"EasingStyle":"Linear","EasingDirection":"In"},"Left Arm":{"Weight":1,"CFrame":[0.04899413138628006,-0.34640568494796755,0.20900213718414308,0.9465372562408447,-0.14627420902252198,0.2875256836414337,-0.12092913687229157,0.665410578250885,0.7366172075271606,-0.299070805311203,-0.7320058941841126,0.6121471524238586],"EasingStyle":"Linear","EasingDirection":"In"}}},{"Time":0.16129031777381898,"poses":{"Left Leg":{"Weight":1,"CFrame":[-0.922711193561554,0.18948149681091309,-0.12874937057495118,0.8229076862335205,-0.5493361949920654,-0.14509569108486176,0.5544304251670837,0.832206130027771,-0.006312048062682152,0.12421689927577973,-0.07525119185447693,0.9893975257873535],"EasingStyle":"Linear","EasingDirection":"In"},"Right Arm":{"Weight":1,"CFrame":[0.005265507847070694,-0.3079014718532562,0.023200631141662599,-0.17117241024971009,-0.6539339423179627,-0.736933171749115,0.9832444787025452,-0.06578738242387772,-0.17000682651996613,0.06269226223230362,-0.7536858916282654,0.6542379260063171],"EasingStyle":"Linear","EasingDirection":"In"},"Head":{"Weight":1,"CFrame":[9.12696123123169e-8,2.7939677238464357e-9,-1.1920928955078126e-7,0.984663724899292,-0.1626226305961609,0.06317701190710068,0.1640855371952057,0.9862695336341858,-0.018667610362172128,-0.059273798018693927,0.02874775230884552,0.9978277683258057],"EasingStyle":"Linear","EasingDirection":"In"},"Right Leg":{"Weight":1,"CFrame":[1.048716425895691,0.18986624479293824,-0.06098198890686035,0.5646306872367859,0.8249883651733398,0.024216165766119958,-0.789059579372406,0.5309716463088989,0.3089565634727478,0.24202758073806764,-0.1935543566942215,0.9507678151130676],"EasingStyle":"Linear","EasingDirection":"In"},"Torso":{"Weight":1,"CFrame":[0.0979352742433548,0.019702456891536714,-0.4577212333679199,0.9936588406562805,0.10124027729034424,0.048913534730672839,-0.10253066569566727,0.9944249391555786,0.024628082290291787,-0.046147484332323077,-0.029487047344446183,0.99849933385849],"EasingStyle":"Linear","EasingDirection":"In"},"HumanoidRootPart":{"Weight":1,"CFrame":[0,0,0,1,0,0,0,1,0,0,0,1],"EasingStyle":"Linear","EasingDirection":"In"},"Left Arm":{"Weight":1,"CFrame":[0.06698412448167801,-0.3622598946094513,0.3094937801361084,0.9526646733283997,-0.18619519472122193,0.24033614993095399,-0.12657733261585236,0.47583338618278506,0.870379626750946,-0.276420533657074,-0.8596011400222778,0.42974162101745608],"EasingStyle":"Linear","EasingDirection":"In"}}},{"Time":0.19354838132858277,"poses":{"Left Leg":{"Weight":1,"CFrame":[-0.7923839092254639,0.09367132186889649,-0.053872764110565189,0.853371262550354,-0.5163089036941528,-0.0719899907708168,0.5162856578826904,0.8561739325523377,-0.020376624539494516,0.07215657830238342,-0.019778573885560037,0.9971972703933716],"EasingStyle":"Linear","EasingDirection":"In"},"Right Arm":{"Weight":1,"CFrame":[0.009098842740058899,-0.310333251953125,0.06007862091064453,-0.42266541719436648,-0.6285081505775452,-0.6529406905174255,0.8781989216804504,-0.46200597286224368,-0.12376278638839722,-0.22387665510177613,-0.6257219910621643,0.7472290992736816],"EasingStyle":"Linear","EasingDirection":"In"},"Head":{"Weight":1,"CFrame":[7.89295881986618e-8,5.587935447692871e-9,4.76837158203125e-7,0.9728707075119019,-0.20031625032424928,0.1157417818903923,0.20251066982746125,0.9792520999908447,-0.007400224916636944,-0.11185800284147263,0.030638407915830613,0.9932518601417542],"EasingStyle":"Linear","EasingDirection":"In"},"Right Leg":{"Weight":1,"CFrame":[1.0518995523452759,0.08118939399719238,-0.07966887950897217,0.47746676206588747,0.8748744130134583,0.0813659057021141,-0.8237423896789551,0.41348379850387576,0.38791733980178835,0.30573543906211855,-0.25224214792251589,0.9180958271026611],"EasingStyle":"Linear","EasingDirection":"In"},"Torso":{"Weight":1,"CFrame":[0.1177455335855484,0.019130315631628038,-0.3291952610015869,0.9830102324485779,0.1771186888217926,0.04816701263189316,-0.17840859293937684,0.9836658835411072,0.02391292154788971,-0.043144822120666507,-0.032100047916173938,0.9985530972480774],"EasingStyle":"Linear","EasingDirection":"In"},"HumanoidRootPart":{"Weight":1,"CFrame":[0,0,0,1,0,0,0,1,0,0,0,1],"EasingStyle":"Linear","EasingDirection":"In"},"Left Arm":{"Weight":1,"CFrame":[0.08267757296562195,-0.3835495710372925,0.39715707302093508,0.9586201310157776,-0.2106374353170395,0.19151826202869416,-0.12487161159515381,0.2934569716453552,0.9477816820144653,-0.2558406889438629,-0.9324778318405151,0.2550112307071686],"EasingStyle":"Linear","EasingDirection":"In"}}},{"Time":0.22580644488334657,"poses":{"Left Leg":{"Weight":1,"CFrame":[-0.6875253319740295,0.039532601833343509,0.004080772399902344,0.8689497113227844,-0.4948897063732147,0.0032644462771713735,0.49465689063072207,0.8682960867881775,-0.03710350766777992,0.015527522191405297,0.03385584056377411,0.9993062019348145],"EasingStyle":"Linear","EasingDirection":"In"},"Right Arm":{"Weight":1,"CFrame":[0.014448635280132294,-0.31205472350120547,0.10577058792114258,-0.5744146108627319,-0.5597299933433533,-0.5972857475280762,0.6921782493591309,-0.7216488122940064,0.010599815286695958,-0.4369634687900543,-0.40733960270881655,0.8019585609436035],"EasingStyle":"Linear","EasingDirection":"In"},"Head":{"Weight":1,"CFrame":[1.0523945093154907e-7,-7.450580596923828e-9,-3.5762786865234377e-7,0.9589580297470093,-0.22669373452663423,0.17032213509082795,0.22885125875473023,0.9734354019165039,0.007121582515537739,-0.16741198301315309,0.03214913234114647,0.985362708568573],"EasingStyle":"Linear","EasingDirection":"In"},"Right Leg":{"Weight":1,"CFrame":[1.0575922727584839,0.027114272117614747,-0.10626912117004395,0.41241270303726199,0.8994050621986389,0.14486616849899293,-0.8204713463783264,0.29759734869003298,0.48812150955200198,0.3959072530269623,-0.3201661705970764,0.8606690764427185],"EasingStyle":"Linear","EasingDirection":"In"},"Torso":{"Weight":1,"CFrame":[0.1359034776687622,0.018337804824113847,-0.26531434059143069,0.9664062261581421,0.25315412878990176,0.04440966248512268,-0.25432315468788149,0.9668475985527039,0.022922273725271226,-0.03713451698422432,-0.03344663232564926,0.9987503886222839],"EasingStyle":"Linear","EasingDirection":"In"},"HumanoidRootPart":{"Weight":1,"CFrame":[0,0,0,1,0,0,0,1,0,0,0,1],"EasingStyle":"Linear","EasingDirection":"In"},"Left Arm":{"Weight":1,"CFrame":[0.09377773106098175,-0.41097474098205569,0.4591628313064575,0.9633240103721619,-0.22106026113033296,0.1521162986755371,-0.1177116185426712,0.16130530834197999,0.979859471321106,-0.24114523828029633,-0.9618279933929443,0.12936800718307496],"EasingStyle":"Linear","EasingDirection":"In"}}},{"Time":0.25806450843811037,"poses":{"Left Leg":{"Weight":1,"CFrame":[-0.6507927775382996,0.015916943550109865,0.025900959968566896,0.8726062178611755,-0.4870761036872864,0.03626857325434685,0.4884190261363983,0.8705399036407471,-0.060060158371925357,-0.0023194265086203815,0.0701231062412262,0.9975357055664063],"EasingStyle":"Linear","EasingDirection":"In"},"Right Arm":{"Weight":1,"CFrame":[0.021567679941654207,-0.3127066493034363,0.160927414894104,-0.6570999026298523,-0.5092542767524719,-0.5557696223258972,0.5031881928443909,-0.845302939414978,0.179623544216156,-0.5612677931785584,-0.16162624955177308,0.8116991519927979],"EasingStyle":"Linear","EasingDirection":"In"},"Head":{"Weight":1,"CFrame":[7.82310962677002e-8,0,-1.7881393432617188e-7,0.9452171325683594,-0.2366466075181961,0.22486256062984467,0.2375546544790268,0.9710920453071594,0.023414023220539094,-0.223903089761734,0.03128580376505852,0.9741091728210449],"EasingStyle":"Linear","EasingDirection":"In"},"Right Leg":{"Weight":1,"CFrame":[1.0585806369781495,0.03335446119308472,-0.1200326681137085,0.3997911810874939,0.9003811478614807,0.1716996431350708,-0.7893344759941101,0.2429603785276413,0.5638450980186462,0.4659593999385834,-0.3609488010406494,0.8078352808952332],"EasingStyle":"Linear","EasingDirection":"In"},"Torso":{"Weight":1,"CFrame":[0.15012040734291078,0.01875191181898117,-0.25374794006347659,0.9571248292922974,0.2874401807785034,0.035919439047575,-0.2883535623550415,0.9572370648384094,0.023439921438694,-0.027645839378237726,-0.03279242664575577,0.9990797638893127],"EasingStyle":"Linear","EasingDirection":"In"},"HumanoidRootPart":{"Weight":1,"CFrame":[0,0,0,1,0,0,0,1,0,0,0,1],"EasingStyle":"Linear","EasingDirection":"In"},"Left Arm":{"Weight":1,"CFrame":[0.09798815846443176,-0.4452304542064667,0.48268210887908938,0.9662182927131653,-0.2224343866109848,0.13017338514328004,-0.10762938857078552,0.11068078875541687,0.9880110025405884,-0.23417533934116364,-0.9686448574066162,0.08300141990184784],"EasingStyle":"Linear","EasingDirection":"In"}}},{"Time":0.29032257199287417,"poses":{"Left Leg":{"Weight":1,"CFrame":[-0.6458480358123779,0.01051473617553711,0.02449929714202881,0.884353518486023,-0.46568813920021059,0.03245889022946358,0.4666227698326111,0.8798335194587708,-0.09031222760677338,0.013498848304152489,0.09501395374536514,0.9953844547271729],"EasingStyle":"Linear","EasingDirection":"In"},"Right Arm":{"Weight":1,"CFrame":[0.0615331269800663,-0.28391149640083315,0.22497224807739259,-0.7250542044639587,-0.47607165575027468,-0.4976467788219452,0.32772549986839297,-0.8740448951721191,0.35866647958755495,-0.6057164669036865,0.09696095436811447,0.7897506356239319],"EasingStyle":"Linear","EasingDirection":"In"},"Head":{"Weight":1,"CFrame":[8.102506399154663e-8,5.122274160385132e-9,-4.76837158203125e-7,0.9326926469802856,-0.23122532665729524,0.2768020033836365,0.2277296930551529,0.9726758599281311,0.04517826437950134,-0.27968496084213259,0.020898599177598954,0.9598643779754639],"EasingStyle":"Linear","EasingDirection":"In"},"Right Leg":{"Weight":1,"CFrame":[1.0671396255493165,0.1497262716293335,-0.195348858833313,0.5438253879547119,0.8228752017021179,0.16471314430236817,-0.7504774332046509,0.38903704285621645,0.5342602133750916,0.3755500316619873,-0.4141576290130615,0.8291174173355103],"EasingStyle":"Linear","EasingDirection":"In"},"Torso":{"Weight":1,"CFrame":[0.15501657128334046,0.011031968519091607,-0.25537800788879397,0.957611083984375,0.2875182330608368,0.017727648839354516,-0.28777021169662478,0.9576002955436707,0.013789989985525608,-0.013011125847697258,-0.01830693893134594,0.9997477531433106],"EasingStyle":"Linear","EasingDirection":"In"},"HumanoidRootPart":{"Weight":1,"CFrame":[0,0,0,1,0,0,0,1,0,0,0,1],"EasingStyle":"Linear","EasingDirection":"In"},"Left Arm":{"Weight":1,"CFrame":[0.09597309678792954,-0.48613080382347109,0.46429872512817385,0.9677197933197022,-0.21953696012496949,0.12378178536891937,-0.09534504264593125,0.13573859632015229,0.9861462116241455,-0.23329754173755647,-0.9661152362823486,0.11042525619268418],"EasingStyle":"Linear","EasingDirection":"In"}}},{"Time":0.32258063554763796,"poses":{"Left Leg":{"Weight":1,"CFrame":[-0.6538490056991577,0.021873772144317628,0.0238569974899292,0.9010480642318726,-0.43297648429870608,0.025375325232744218,0.43263202905654909,0.893109142780304,-0.12323002517223358,0.03069271333515644,0.12201433628797531,0.992053747177124],"EasingStyle":"Linear","EasingDirection":"In"},"Right Arm":{"Weight":1,"CFrame":[0.14897778630256654,-0.21192282438278199,0.2924213409423828,-0.7964113354682922,-0.4326135516166687,-0.4225808084011078,0.17484289407730103,-0.8336349129676819,0.5239111185073853,-0.5789293050765991,0.3433634638786316,0.7395556569099426],"EasingStyle":"Linear","EasingDirection":"In"},"Head":{"Weight":1,"CFrame":[6.193295121192932e-8,-9.313225746154785e-9,-5.960464477539063e-8,0.9208720326423645,-0.2174215167760849,0.32360875606536868,0.20470811426639558,0.9760770797729492,0.07326795160770416,-0.3317970931529999,-0.0012250718427821994,0.9433500170707703],"EasingStyle":"Linear","EasingDirection":"In"},"Right Leg":{"Weight":1,"CFrame":[0.9810145497322083,0.33875495195388796,-0.2749515771865845,0.7927818298339844,0.5878058671951294,0.16118718683719636,-0.5889614224433899,0.6707046031951904,0.45086565613746645,0.15691259503364564,-0.452371209859848,0.8779173493385315],"EasingStyle":"Linear","EasingDirection":"In"},"Torso":{"Weight":1,"CFrame":[0.14725103974342347,-0.01037154346704483,-0.27043652534484866,0.9583798050880432,0.285317063331604,-0.01011717040091753,-0.2854333817958832,0.9583108425140381,-0.012964406982064247,0.0059964279644191269,0.015312601812183857,0.9998648762702942],"EasingStyle":"Linear","EasingDirection":"In"},"HumanoidRootPart":{"Weight":1,"CFrame":[0,0,0,1,0,0,0,1,0,0,0,1],"EasingStyle":"Linear","EasingDirection":"In"},"Left Arm":{"Weight":1,"CFrame":[0.09093531966209412,-0.5299453139305115,0.4183405637741089,0.9686070680618286,-0.21494227647781373,0.12490098178386688,-0.08146162331104279,0.20025348663330079,0.9763516187667847,-0.23487117886543275,-0.9558756947517395,0.1764575093984604],"EasingStyle":"Linear","EasingDirection":"In"}}},{"Time":0.35483869910240176,"poses":{"Left Leg":{"Weight":1,"CFrame":[-0.6883715391159058,0.054049909114837649,0.02569866180419922,0.9128125309944153,-0.40810394287109377,0.014984944835305214,0.40541034936904909,0.9011507034301758,-0.15352460741996766,0.049150194972753528,0.14621424674987794,0.9880312085151672],"EasingStyle":"Linear","EasingDirection":"In"},"Right Arm":{"Weight":1,"CFrame":[0.25948819518089297,-0.11833828687667847,0.3565635681152344,-0.8586444854736328,-0.3786000907421112,-0.34553101658821108,0.0644647479057312,-0.7485241293907166,0.6599667072296143,-0.5085016489028931,0.5444021224975586,0.667122483253479],"EasingStyle":"Linear","EasingDirection":"In"},"Head":{"Weight":1,"CFrame":[9.685754776000977e-8,-3.5390257835388186e-8,-1.7881393432617188e-7,0.9101179838180542,-0.1986314058303833,0.3636356294155121,0.17307880520820619,0.9796205163002014,0.10191863775253296,-0.3764692544937134,-0.029820358380675317,0.9259490966796875],"EasingStyle":"Linear","EasingDirection":"In"},"Right Leg":{"Weight":1,"CFrame":[0.8035010099411011,0.4260517954826355,-0.2777376174926758,0.9439464211463928,0.28273430466651919,0.17037150263786317,-0.32863205671310427,0.8535099029541016,0.40437841415405276,-0.031082022935152055,-0.4377012252807617,0.8985831141471863],"EasingStyle":"Linear","EasingDirection":"In"},"Torso":{"Weight":1,"CFrame":[0.12775349617004395,-0.038799792528152469,-0.31309008598327639,0.9596521258354187,0.2780941426753998,-0.04161100462079048,-0.2799471318721771,0.9587895274162293,-0.048499736934900287,0.02640870399773121,0.058191750198602679,0.9979561567306519],"EasingStyle":"Linear","EasingDirection":"In"},"HumanoidRootPart":{"Weight":1,"CFrame":[0,0,0,1,0,0,0,1,0,0,0,1],"EasingStyle":"Linear","EasingDirection":"In"},"Left Arm":{"Weight":1,"CFrame":[0.08438615500926972,-0.5720582604408264,0.35859477519989016,0.9691522717475891,-0.2091631442308426,0.1303640902042389,-0.06747490167617798,0.2835584580898285,0.9565781950950623,-0.23704679310321809,-0.935866117477417,0.2606981098651886],"EasingStyle":"Linear","EasingDirection":"In"}}},{"Time":0.3870967626571655,"poses":{"Left Leg":{"Weight":1,"CFrame":[-0.7532051801681519,0.11560600996017456,0.032106637954711917,0.9135972261428833,-0.40660879015922549,0.0030936109833419325,0.4008188843727112,0.8992553353309631,-0.17516864836215974,0.06844303011894226,0.1612735539674759,0.9845336675643921],"EasingStyle":"Linear","EasingDirection":"In"},"Right Arm":{"Weight":1,"CFrame":[0.3686506152153015,-0.024752557277679445,0.41068851947784426,-0.9037479758262634,-0.3242204487323761,-0.2795011103153229,-0.0010524725075811148,-0.6512557864189148,0.7588576078414917,-0.42806369066238406,0.6861100792884827,0.588229775428772],"EasingStyle":"Linear","EasingDirection":"In"},"Head":{"Weight":1,"CFrame":[1.2479722499847413e-7,1.7229467630386354e-8,0,0.9012887477874756,-0.1775452047586441,0.3951662480831146,0.13819147646427155,0.9823359251022339,0.12617111206054688,-0.4105871319770813,-0.059107981622219089,0.9099035859107971],"EasingStyle":"Linear","EasingDirection":"In"},"Right Leg":{"Weight":1,"CFrame":[0.7401331067085266,0.48239755630493166,-0.3038075566291809,0.9736698865890503,0.13959330320358277,0.18022392690181733,-0.20434822142124177,0.8848721385002136,0.41862064599990847,-0.10103844851255417,-0.4444267153739929,0.8900989890098572],"EasingStyle":"Linear","EasingDirection":"In"},"Torso":{"Weight":1,"CFrame":[0.09584152698516846,-0.0676424503326416,-0.3964118957519531,0.9619439840316773,0.26397088170051577,-0.07059292495250702,-0.2694491446018219,0.9592955708503723,-0.084553062915802,0.04539993777871132,0.10035650432109833,0.9939152002334595],"EasingStyle":"Linear","EasingDirection":"In"},"HumanoidRootPart":{"Weight":1,"CFrame":[0,0,0,1,0,0,0,1,0,0,0,1],"EasingStyle":"Linear","EasingDirection":"In"},"Left Arm":{"Weight":1,"CFrame":[0.07783709466457367,-0.607853353023529,0.29884910583496096,0.9695203900337219,-0.20298610627651215,0.13721099495887757,-0.055122360587120059,0.3649539351463318,0.9293923377990723,-0.2387295365333557,-0.9086282253265381,0.34264126420021059],"EasingStyle":"Linear","EasingDirection":"In"}}},{"Time":0.4193548262119293,"poses":{"Left Leg":{"Weight":1,"CFrame":[-0.8774625658988953,0.2672026753425598,0.05433964729309082,0.8859386444091797,-0.46369078755378725,-0.010184635408222676,0.45342913269996645,0.8705328702926636,-0.19124475121498109,0.09754439443349838,0.1648130714893341,0.9814896583557129],"EasingStyle":"Linear","EasingDirection":"In"},"Right Arm":{"Weight":1,"CFrame":[0.4520513117313385,0.04723602533340454,0.4480847120285034,-0.9297640323638916,-0.284237802028656,-0.23398242890834809,-0.032232705503702167,-0.5702645182609558,0.8208286762237549,-0.36674225330352785,0.7707187533378601,0.5210495591163635],"EasingStyle":"Linear","EasingDirection":"In"},"Head":{"Weight":1,"CFrame":[1.0058283805847168e-7,4.842877388000488e-8,1.1920928955078126e-7,0.8956812024116516,-0.15630194544792176,0.4163229465484619,0.10582475364208222,0.9842172265052795,0.1418365240097046,-0.4319215714931488,-0.08298305422067642,0.8980855345726013],"EasingStyle":"Linear","EasingDirection":"In"},"Right Leg":{"Weight":1,"CFrame":[0.8265548348426819,0.670070469379425,-0.4383307099342346,0.966097354888916,0.20049987733364106,0.1626523733139038,-0.2551327049732208,0.8378965258598328,0.4825315475463867,-0.03953826427459717,-0.5076704025268555,0.860643744468689],"EasingStyle":"Linear","EasingDirection":"In"},"Torso":{"Weight":1,"CFrame":[0.05265471339225769,-0.09038057923316956,-0.6137316226959229,0.9659795761108398,0.24205628037452699,-0.09106172621250153,-0.25151780247688296,0.9612363576889038,-0.11297570168972016,0.06018536910414696,0.13203586637973786,0.9894161224365234],"EasingStyle":"Linear","EasingDirection":"In"},"HumanoidRootPart":{"Weight":1,"CFrame":[0,0,0,1,0,0,0,1,0,0,0,1],"EasingStyle":"Linear","EasingDirection":"In"},"Left Arm":{"Weight":1,"CFrame":[0.07279935479164124,-0.6327157020568848,0.252890944480896,0.9697600603103638,-0.19785882532596589,0.1428890824317932,-0.04631634056568146,0.4256303310394287,0.9037110209465027,-0.23962517082691194,-0.8830010294914246,0.4035952389240265],"EasingStyle":"Linear","EasingDirection":"In"}}},{"Time":0.4516128897666931,"poses":{"Left Leg":{"Weight":1,"CFrame":[-0.9160130620002747,0.4138627052307129,0.07005500793457031,0.8721367716789246,-0.48906514048576357,-0.01388939656317234,0.4795825481414795,0.8601565361022949,-0.1735837459564209,0.0968407467007637,0.1447276771068573,0.9847211837768555],"EasingStyle":"Linear","EasingDirection":"In"},"Right Arm":{"Weight":1,"CFrame":[0.4852769076824188,0.07603085041046143,0.46204137802124026,-0.9370162487030029,-0.27350327372550967,-0.21724779903888703,-0.04342234507203102,-0.5259383916854858,0.8494136333465576,-0.3465763032436371,0.8053475618362427,0.4809364974498749],"EasingStyle":"Linear","EasingDirection":"In"},"Head":{"Weight":1,"CFrame":[8.568167686462403e-8,-5.960464477539063e-8,-8.344650268554688e-7,0.8948119878768921,-0.13677270710468293,0.42497625946998598,0.0817512720823288,0.9860185384750366,0.1452043503522873,-0.4388944208621979,-0.09518823772668839,0.8934824466705322],"EasingStyle":"Linear","EasingDirection":"In"},"Right Leg":{"Weight":1,"CFrame":[0.8328023552894592,0.8095508217811585,-0.515528678894043,0.9615499973297119,0.23994237184524537,0.1336013823747635,-0.274306058883667,0.8154839873313904,0.5096489191055298,0.01333665382117033,-0.5267005562782288,0.8499463200569153],"EasingStyle":"Linear","EasingDirection":"In"},"Torso":{"Weight":1,"CFrame":[0.001628279685974121,-0.10045221447944641,-0.7772116661071777,0.9724042415618897,0.2119351029396057,-0.09753737598657608,-0.22327248752117158,0.9666348695755005,-0.12556524574756623,0.06767134368419647,0.14387759566307069,0.9872789978981018],"EasingStyle":"Linear","EasingDirection":"In"},"HumanoidRootPart":{"Weight":1,"CFrame":[0,0,0,1,0,0,0,1,0,0,0,1],"EasingStyle":"Linear","EasingDirection":"In"},"Left Arm":{"Weight":1,"CFrame":[0.07078421115875244,-0.6420294046401978,0.23450756072998048,0.9698463678359985,-0.19570833444595338,0.14524565637111665,-0.04296558350324631,0.44932883977890017,0.8923326134681702,-0.23990005254745484,-0.8716661334037781,0.4273713231086731],"EasingStyle":"Linear","EasingDirection":"In"}}},{"Time":0.4838709533214569,"poses":{"Left Leg":{"Weight":1,"CFrame":[-0.885047435760498,0.3684471845626831,0.0402756929397583,0.8839173316955566,-0.46763959527015688,0.0018861936405301095,0.4657152593135834,0.879899799823761,-0.0942637249827385,0.04242179915308952,0.08419973403215409,0.995545506477356],"EasingStyle":"Linear","EasingDirection":"In"},"Right Arm":{"Weight":1,"CFrame":[0.48138362169265749,0.01935553550720215,0.40578269958496096,-0.8963225483894348,-0.38080471754074099,-0.2271423637866974,0.038853585720062259,-0.5777538418769836,0.815285861492157,-0.44169700145721438,0.7219337821006775,0.5326493978500366],"EasingStyle":"Linear","EasingDirection":"In"},"Head":{"Weight":1,"CFrame":[8.195638656616211e-8,5.960464477539063e-8,1.1920928955078126e-7,0.907755434513092,-0.11929290741682053,0.4021807909011841,0.07131832838058472,0.988644003868103,0.13227541744709016,-0.41339313983917239,-0.09139086306095123,0.9059546589851379],"EasingStyle":"Linear","EasingDirection":"In"},"Right Leg":{"Weight":1,"CFrame":[0.8719280958175659,0.6914337873458862,-0.3862611651420593,0.9479653239250183,0.2848702371120453,0.14216449856758119,-0.31833481788635256,0.8550846576690674,0.40925946831703188,-0.004976755473762751,-0.4332196116447449,0.9012746810913086],"EasingStyle":"Linear","EasingDirection":"In"},"Torso":{"Weight":1,"CFrame":[-0.05427846312522888,-0.09833139181137085,-0.6580700874328613,0.9816673398017883,0.17053250968456269,-0.08513485640287399,-0.18019402027130128,0.9759212136268616,-0.12291419506072998,0.06212403625249863,0.13600164651870728,0.98875892162323],"EasingStyle":"Linear","EasingDirection":"In"},"HumanoidRootPart":{"Weight":1,"CFrame":[0,0,0,1,0,0,0,1,0,0,0,1],"EasingStyle":"Linear","EasingDirection":"In"},"Left Arm":{"Weight":1,"CFrame":[0.07210968434810639,-0.5913193821907044,0.25665366649627688,0.9632234573364258,-0.18457135558128358,0.19527915120124818,-0.0986126959323883,0.43322014808654787,0.8958771228790283,-0.24995218217372895,-0.8821868896484375,0.3990868031978607],"EasingStyle":"Linear","EasingDirection":"In"}}},{"Time":0.5161290168762207,"poses":{"Left Leg":{"Weight":1,"CFrame":[-0.8356991410255432,0.26878559589385989,0.01965653896331787,0.8817093968391419,-0.4714668393135071,0.01753643900156021,0.47173216938972475,0.8815828561782837,-0.016750318929553033,-0.00756264291703701,0.023041414096951486,0.9997059106826782],"EasingStyle":"Linear","EasingDirection":"In"},"Right Arm":{"Weight":1,"CFrame":[0.46906352043151858,-0.10712605714797974,0.30130279064178469,-0.7417182922363281,-0.6024376749992371,-0.29482710361480715,0.28177231550216677,-0.6787850856781006,0.6781262159347534,-0.6086529493331909,0.4199043810367584,0.6732175350189209],"EasingStyle":"Linear","EasingDirection":"In"},"Head":{"Weight":1,"CFrame":[9.499490261077881e-8,2.421438694000244e-8,-2.384185791015625e-7,0.9354777336120606,-0.10333182662725449,0.33794063329696658,0.0713590607047081,0.9918304085731506,0.10573700815439224,-0.34610581398010256,-0.07479949295520783,0.9352089762687683],"EasingStyle":"Linear","EasingDirection":"In"},"Right Leg":{"Weight":1,"CFrame":[0.8434076309204102,0.4735650420188904,-0.22689640522003175,0.9435522556304932,0.2991443872451782,0.14220388233661652,-0.3276762366294861,0.9057091474533081,0.2689226269721985,-0.048348568379879,-0.30033934116363528,0.9526063799858093],"EasingStyle":"Linear","EasingDirection":"In"},"Torso":{"Weight":1,"CFrame":[-0.11611320823431015,-0.09006291627883911,-0.4531128406524658,0.9915603399276733,0.11677850782871247,-0.05631081387400627,-0.12252405285835266,0.9860597848892212,-0.11257866770029068,0.04237905889749527,0.11852796375751496,0.9920459389686585],"EasingStyle":"Linear","EasingDirection":"In"},"HumanoidRootPart":{"Weight":1,"CFrame":[0,0,0,1,0,0,0,1,0,0,0,1],"EasingStyle":"Linear","EasingDirection":"In"},"Left Arm":{"Weight":1,"CFrame":[0.07542301714420319,-0.46454691886901858,0.3120197057723999,0.9327225089073181,-0.15293413400650025,0.32655787467956545,-0.24847014248371125,0.38372352719306948,0.8893924355506897,-0.2613264322280884,-0.9106962084770203,0.3199079632759094],"EasingStyle":"Linear","EasingDirection":"In"}}},{"Time":0.5483871102333069,"poses":{"Left Leg":{"Weight":1,"CFrame":[-0.8785558938980103,0.21970975399017335,0.0111006498336792,0.8055798411369324,-0.5918002724647522,0.028526078909635545,0.5893785357475281,0.8053491711616516,0.06360426545143128,-0.06061454862356186,-0.03442564606666565,0.9975674152374268],"EasingStyle":"Linear","EasingDirection":"In"},"Right Arm":{"Weight":1,"CFrame":[0.4473549723625183,-0.2380911111831665,0.24504458904266358,-0.4829100966453552,-0.7473037838935852,-0.456437349319458,0.5892617702484131,-0.6628946661949158,0.4618886113166809,-0.6477409601211548,-0.045910466462373736,0.7604760527610779],"EasingStyle":"Linear","EasingDirection":"In"},"Head":{"Weight":1,"CFrame":[1.0710209608078003e-7,1.862645149230957e-9,1.1920928955078126e-7,0.9656826257705689,-0.08988789469003678,0.24367481470108033,0.07451201230287552,0.9946450591087341,0.07161849737167359,-0.24880756437778474,-0.05100402981042862,0.9672091603279114],"EasingStyle":"Linear","EasingDirection":"In"},"Right Leg":{"Weight":1,"CFrame":[0.7752932906150818,0.31154048442840578,-0.12145817279815674,0.9438531398773193,0.30972057580947878,0.11495436728000641,-0.32404279708862307,0.9356856346130371,0.1396021842956543,-0.06432339549064636,-0.16901418566703797,0.9835124611854553],"EasingStyle":"Linear","EasingDirection":"In"},"Torso":{"Weight":1,"CFrame":[-0.18036791682243348,-0.07730217278003693,-0.33736348152160647,0.9984286427497864,0.053346186876297,-0.01715998724102974,-0.05476030707359314,0.993813157081604,-0.09662772715091706,0.011899098753929139,0.09741558879613877,0.9951726794242859],"EasingStyle":"Linear","EasingDirection":"In"},"HumanoidRootPart":{"Weight":1,"CFrame":[0,0,0,1,0,0,0,1,0,0,0,1],"EasingStyle":"Linear","EasingDirection":"In"},"Left Arm":{"Weight":1,"CFrame":[0.07973044365644455,-0.29974228143692019,0.38399553298950198,0.8551305532455444,-0.10783497989177704,0.5070735812187195,-0.45960763096809389,0.29478344321250918,0.8377729058265686,-0.23981818556785584,-0.9494600892066956,0.20251666009426118],"EasingStyle":"Linear","EasingDirection":"In"}}},{"Time":0.5806451439857483,"poses":{"Left Leg":{"Weight":1,"CFrame":[-0.9621737599372864,0.16245222091674806,0.0037459135055541994,0.6518518924713135,-0.7577627897262573,0.02974284626543522,0.7425450086593628,0.6457432508468628,0.17788417637348176,-0.15400029718875886,-0.0938686802983284,0.9836018681526184],"EasingStyle":"Linear","EasingDirection":"In"},"Right Arm":{"Weight":1,"CFrame":[0.41591498255729678,-0.3232307434082031,0.2573978900909424,-0.2622629702091217,-0.7221938371658325,-0.6400423645973206,0.804297149181366,-0.5300814509391785,0.26855143904685976,-0.5332207083702087,-0.44435328245162966,0.7198790907859802],"EasingStyle":"Linear","EasingDirection":"In"},"Head":{"Weight":1,"CFrame":[1.371372491121292e-7,-5.587935447692871e-9,1.1920928955078126e-7,0.9879071116447449,-0.07901254296302796,0.13340404629707337,0.07472869008779526,0.9965236186981201,0.03682703152298927,-0.13585011661052705,-0.026412561535835267,0.9903773069381714],"EasingStyle":"Linear","EasingDirection":"In"},"Right Leg":{"Weight":1,"CFrame":[0.7052482962608337,0.18705803155899049,-0.04998290538787842,0.9438849091529846,0.32263410091400149,0.07062945514917374,-0.32461684942245486,0.945667564868927,0.018353626132011415,-0.060870394110679629,-0.040251266211271289,0.997333824634552],"EasingStyle":"Linear","EasingDirection":"In"},"Torso":{"Weight":1,"CFrame":[-0.24157696962356568,-0.0623391717672348,-0.28349995613098147,0.9995216131210327,-0.01621513068675995,0.02633691020309925,0.018224118277430536,0.996792733669281,-0.0779239609837532,-0.024988891556859018,0.07836665213108063,0.9966113567352295],"EasingStyle":"Linear","EasingDirection":"In"},"HumanoidRootPart":{"Weight":1,"CFrame":[0,0,0,1,0,0,0,1,0,0,0,1],"EasingStyle":"Linear","EasingDirection":"In"},"Left Arm":{"Weight":1,"CFrame":[0.08403786271810532,-0.13493749499320985,0.4559711217880249,0.714043378829956,-0.05960608273744583,0.6975594758987427,-0.6829434633255005,0.15993241965770722,0.7127481698989868,-0.15404653549194337,-0.9853267669677734,0.07349110394716263],"EasingStyle":"Linear","EasingDirection":"In"}}},{"Time":0.6129032373428345,"poses":{"Left Leg":{"Weight":1,"CFrame":[-1.0166926383972169,0.07730996608734131,0.009544134140014649,0.4530826508998871,-0.8913403749465942,0.015117604285478592,0.8371279239654541,0.4312334358692169,0.33653339743614199,-0.30648505687713625,-0.1398220807313919,0.9415501952171326],"EasingStyle":"Linear","EasingDirection":"In"},"Right Arm":{"Weight":1,"CFrame":[0.37687334418296816,-0.3660784661769867,0.2879147529602051,-0.1126888245344162,-0.6137822270393372,-0.781391441822052,0.9161840677261353,-0.368563175201416,0.15737809240818025,-0.3845880329608917,-0.6981637477874756,0.6038705110549927],"EasingStyle":"Linear","EasingDirection":"In"},"Head":{"Weight":1,"CFrame":[7.171183824539185e-8,3.5390257835388186e-8,2.384185791015625e-7,0.9973559379577637,-0.06872338801622391,0.02362664043903351,0.06851903349161148,0.9976060390472412,0.009353112429380417,-0.024212852120399476,-0.