{"Sequence":[{"Time":0,"poses":{"Left Leg":{"Weight":1,"CFrame":[-0.09203178435564041,0.18998634815216065,0.1994229555130005,0.7526862025260925,0.29309719800949099,0.5895400643348694,-0.23253625631332398,0.9560785889625549,-0.17843957245349885,-0.6159467697143555,-0.0027805648278445007,0.7877828478813171],"EasingStyle":"Linear","EasingDirection":"In"},"Right Arm":{"Weight":1,"CFrame":[-0.401079386472702,-0.22823747992515565,0.20929443836212159,0.7257276773452759,-0.18400223553180695,0.662919819355011,-0.35576194524765017,0.7243698835372925,0.5905267596244812,-0.5888572931289673,-0.6644030809402466,0.4602341949939728],"EasingStyle":"Linear","EasingDirection":"In"},"Head":{"Weight":1,"CFrame":[8.742790669202805e-8,-3.6092387745156887e-8,2.384185791015625e-7,0.9996784329414368,-0.02230871096253395,-0.012058079242706299,0.02527785860002041,0.9146161675453186,0.4035324156284332,0.002026224508881569,-0.40370744466781618,0.914885938167572],"EasingStyle":"Linear","EasingDirection":"In"},"Right Leg":{"Weight":1,"CFrame":[0.18784193694591523,0.24883794784545899,0.032906413078308108,0.9018895030021668,-0.284699022769928,-0.32487207651138308,0.3423014283180237,0.9297717213630676,0.13547809422016145,0.263486385345459,-0.2333904653787613,0.9360042214393616],"EasingStyle":"Linear","EasingDirection":"In"},"Torso":{"Weight":1,"CFrame":[-0.0035462798550724985,-0.3311757445335388,-0.16605520248413087,0.9996784329414368,0.02527785860002041,0.002026226604357362,-0.022308707237243654,0.9146161079406738,-0.40370744466781618,-0.01205807738006115,0.4035324156284332,0.914885938167572],"EasingStyle":"Linear","EasingDirection":"In"},"HumanoidRootPart":{"Weight":1,"CFrame":[0,0,0,1,0,0,0,1,0,0,0,1],"EasingStyle":"Linear","EasingDirection":"In"},"Left Arm":{"Weight":1,"CFrame":[-0.033542558550834659,0.011514127254486084,0.006181120872497559,0.9917421340942383,0.09829554706811905,-0.08237454295158386,-0.09021421521902085,0.9912194013595581,0.09667199105024338,0.09115367382764816,-0.08844231814146042,0.991901695728302],"EasingStyle":"Linear","EasingDirection":"In"}}},{"Time":0.01666666753590107,"poses":{"Left Leg":{"Weight":1,"CFrame":[-0.09168091416358948,0.19685739278793336,0.1858447790145874,0.7676445245742798,0.2923416495323181,0.5703141689300537,-0.2496744841337204,0.9560080766677856,-0.1539849042892456,-0.5902411341667175,-0.024187322705984117,0.8068646192550659],"EasingStyle":"Linear","EasingDirection":"In"},"Right Arm":{"Weight":1,"CFrame":[-0.5079658031463623,-0.16055184602737428,0.2688087224960327,0.7216088771820068,-0.2628166675567627,0.6404748558998108,-0.22253461182117463,0.7879849076271057,0.5740717649459839,-0.6555600166320801,-0.5567829012870789,0.5101311206817627],"EasingStyle":"Linear","EasingDirection":"In"},"Head":{"Weight":1,"CFrame":[8.707866072654724e-8,6.168556865304709e-8,-2.384185791015625e-7,0.9990047812461853,-0.040428489446640018,-0.01884317956864834,0.04459546506404877,0.9136287569999695,0.4040963649749756,0.0008786674588918686,-0.4045344889163971,0.9145223498344421],"EasingStyle":"Linear","EasingDirection":"In"},"Right Leg":{"Weight":1,"CFrame":[0.2104908525943756,0.2457858920097351,0.016428112983703615,0.9142320156097412,-0.29964426159858706,-0.27275100350379946,0.3493330478668213,0.9239404797554016,0.15588591992855073,0.2052953839302063,-0.23779696226119996,0.9493716955184937],"EasingStyle":"Linear","EasingDirection":"In"},"Torso":{"Weight":1,"CFrame":[-0.004234815947711468,-0.3316720128059387,-0.16181278228759767,0.9990047812461853,0.044595468789339069,0.000878665829077363,-0.04042848199605942,0.9136286973953247,-0.4045344889163971,-0.01884317956864834,0.4040963351726532,0.9145223498344421],"EasingStyle":"Linear","EasingDirection":"In"},"HumanoidRootPart":{"Weight":1,"CFrame":[0,0,0,1,0,0,0,1,0,0,0,1],"EasingStyle":"Linear","EasingDirection":"In"},"Left Arm":{"Weight":1,"CFrame":[-0.011308405548334122,0.007010996341705322,0.007787585258483887,0.9874930381774902,0.11918728798627854,-0.10320833325386048,-0.10894239693880081,0.9890262484550476,0.09979304671287537,0.11396981030702591,-0.0873010978102684,0.9896411299705505],"EasingStyle":"Linear","EasingDirection":"In"}}},{"Time":0.03333333507180214,"poses":{"Left Leg":{"Weight":1,"CFrame":[-0.09270806610584259,0.20405495166778565,0.17144501209259034,0.7841207385063171,0.29155245423316958,0.5478610396385193,-0.26639795303344729,0.9554370045661926,-0.12717072665691377,-0.5605236291885376,-0.04623198136687279,0.8268470764160156],"EasingStyle":"Linear","EasingDirection":"In"},"Right Arm":{"Weight":1,"CFrame":[-0.5601989030838013,-0.1272117793560028,0.284268856048584,0.7284312844276428,-0.29702672362327578,0.6173840165138245,-0.13407213985919953,0.8219108581542969,0.5536131858825684,-0.6718724370002747,-0.486042857170105,0.5588824152946472],"EasingStyle":"Linear","EasingDirection":"In"},"Head":{"Weight":1,"CFrame":[8.89413058757782e-8,1.1263182386755943e-7,0,0.9979547262191773,-0.058554112911224368,-0.02564862184226513,0.06392458826303482,0.912288248538971,0.40452930331230166,-0.00028791651129722595,-0.4053415358066559,0.9141653180122376],"EasingStyle":"Linear","EasingDirection":"In"},"Right Leg":{"Weight":1,"CFrame":[0.2307133823633194,0.24187767505645753,-0.000026881694793701173,0.9230099320411682,-0.3162207007408142,-0.2192196398973465,0.35627228021621706,0.9175620675086975,0.17649272084236146,0.1453370451927185,-0.2410067468881607,0.9595797061920166],"EasingStyle":"Linear","EasingDirection":"In"},"Torso":{"Weight":1,"CFrame":[-0.00493476539850235,-0.332156240940094,-0.15756654739379884,0.997954785823822,0.06392458826303482,-0.0002879166859202087,-0.05855410546064377,0.9122881889343262,-0.4053415060043335,-0.02564862370491028,0.40452930331230166,0.9141653180122376],"EasingStyle":"Linear","EasingDirection":"In"},"HumanoidRootPart":{"Weight":1,"CFrame":[0,0,0,1,0,0,0,1,0,0,0,1],"EasingStyle":"Linear","EasingDirection":"In"},"Left Arm":{"Weight":1,"CFrame":[0.0071926116943359379,0.0024303197860717775,0.009726762771606446,0.982769787311554,0.137049600481987,-0.12402012944221497,-0.12457749992609024,0.9868173599243164,0.103305384516716,0.1365431696176529,-0.08607517927885056,0.9868876338005066],"EasingStyle":"Linear","EasingDirection":"In"}}},{"Time":0.05000000074505806,"poses":{"Left Leg":{"Weight":1,"CFrame":[-0.09480322152376175,0.21129894256591798,0.15603017807006837,0.8018177151679993,0.2910023033618927,0.5219252705574036,-0.2825492322444916,0.9542369842529297,-0.0979686826467514,-0.5265494585037231,-0.06891676783561707,0.8473465442657471],"EasingStyle":"Linear","EasingDirection":"In"},"Right Arm":{"Weight":1,"CFrame":[-0.5948928594589233,-0.10358405113220215,0.2849205732345581,0.7394838929176331,-0.31701895594596865,0.5938540101051331,-0.06212514638900757,0.8462666869163513,0.5291250944137573,-0.6703015565872192,-0.42817264795303347,0.6061056852340698],"EasingStyle":"Linear","EasingDirection":"In"},"Head":{"Weight":1,"CFrame":[6.05359673500061e-8,1.712469384074211e-7,1.1920928955078126e-7,0.996527373790741,-0.07667528837919235,-0.03247062489390373,0.08325426280498505,0.9105938076972961,0.4048304557800293,-0.0014729428803548217,-0.4061278998851776,0.9138150811195374],"EasingStyle":"Linear","EasingDirection":"In"},"Right Leg":{"Weight":1,"CFrame":[0.2481587827205658,0.2369762659072876,-0.016072213649749757,0.927904486656189,-0.33453568816185,-0.16455748677253724,0.36326026916503909,0.9105814099311829,0.1971888691186905,0.0838763490319252,-0.24274982511997224,0.9664561152458191],"EasingStyle":"Linear","EasingDirection":"In"},"Torso":{"Weight":1,"CFrame":[-0.0056457798928022388,-0.33262795209884646,-0.15331625938415528,0.9965272545814514,0.08325425535440445,-0.001472941366955638,-0.07667528092861176,0.9105938076972961,-0.4061279296875,-0.032470617443323138,0.4048304259777069,0.9138151407241821],"EasingStyle":"Linear","EasingDirection":"In"},"HumanoidRootPart":{"Weight":1,"CFrame":[0,0,0,1,0,0,0,1,0,0,0,1],"EasingStyle":"Linear","EasingDirection":"In"},"Left Arm":{"Weight":1,"CFrame":[0.023098990321159364,-0.0022490620613098146,0.01194000244140625,0.9775912761688232,0.15282735228538514,-0.14477287232875825,-0.13804838061332704,0.9846067428588867,0.10720230638980866,0.1589278280735016,-0.08481433242559433,0.9836404323577881],"EasingStyle":"Linear","EasingDirection":"In"}}},{"Time":0.06666667014360428,"poses":{"Left Leg":{"Weight":1,"CFrame":[-0.09766103327274323,0.2183520793914795,0.13953888416290284,0.8203546404838562,0.29092592000961306,0.49232134222984316,-0.29784709215164187,0.9522989988327026,-0.06643684208393097,-0.4881654381752014,-0.09213486313819885,0.867874264717102],"EasingStyle":"Linear","EasingDirection":"In"},"Right Arm":{"Weight":1,"CFrame":[-0.6186631321907044,-0.08418291807174683,0.2769439220428467,0.7532042860984802,-0.3281386196613312,0.5700951814651489,-0.0019087897380813957,0.865592896938324,0.5007447600364685,-0.6577840447425842,-0.37825122475624087,0.6513419151306152],"EasingStyle":"Linear","EasingDirection":"In"},"Head":{"Weight":1,"CFrame":[8.66129994392395e-8,1.51805579662323e-7,-4.172325134277344e-7,0.9947219491004944,-0.09478165954351425,-0.03930533304810524,0.1025734543800354,0.9085452556610107,0.4049990773200989,-0.002675809198990464,-0.4068930745124817,0.9134719371795654],"EasingStyle":"Linear","EasingDirection":"In"},"Right Leg":{"Weight":1,"CFrame":[0.26228904724121096,0.23084354400634767,-0.031227529048919679,0.9285590648651123,-0.35479727387428286,-0.10907267779111862,0.3705795109272003,0.9028884768486023,0.21786028146743775,0.021184304729104043,-0.242716446518898,0.9698659777641296],"EasingStyle":"Linear","EasingDirection":"In"},"Torso":{"Weight":1,"CFrame":[-0.006367501337081194,-0.3330872058868408,-0.1490616798400879,0.9947219491004944,0.1025734394788742,-0.002675808733329177,-0.09478166699409485,0.9085452556610107,-0.4068930745124817,-0.03930532932281494,0.4049990177154541,0.9134718775749207],"EasingStyle":"Linear","EasingDirection":"In"},"HumanoidRootPart":{"Weight":1,"CFrame":[0,0,0,1,0,0,0,1,0,0,0,1],"EasingStyle":"Linear","EasingDirection":"In"},"Left Arm":{"Weight":1,"CFrame":[0.03703673183917999,-0.007023543119430542,0.014383554458618164,0.9719705581665039,0.1670449674129486,-0.16543705761432649,-0.14986422657966615,0.9824024438858032,0.11147347837686539,0.18114684522151948,-0.0835556834936142,0.9799001216888428],"EasingStyle":"Linear","EasingDirection":"In"}}},{"Time":0.0833333358168602,"poses":{"Left Leg":{"Weight":1,"CFrame":[-0.10119573771953583,0.225189208984375,0.12215125560760498,0.8393135070800781,0.29136770963668826,0.45897454023361208,-0.3117470145225525,0.9496007561683655,-0.032745927572250369,-0.4453836977481842,-0.11560001224279404,0.8878458142280579],"EasingStyle":"Linear","EasingDirection":"In"},"Right Arm":{"Weight":1,"CFrame":[-0.6340140700340271,-0.06647923588752747,0.2633359432220459,0.768808901309967,-0.3323465883731842,0.5463318824768066,0.04823746904730797,0.8820456266403198,0.468688428401947,-0.6376566886901856,-0.3339781165122986,0.6941561698913574],"EasingStyle":"Linear","EasingDirection":"In"},"Head":{"Weight":1,"CFrame":[8.568167686462403e-8,1.7695128917694093e-8,-2.384185791015625e-7,0.992538332939148,-0.11286286264657974,-0.04614889994263649,0.12187110632658005,0.9061426520347595,0.4050346612930298,-0.0038958825170993807,-0.4076365828514099,0.9131360054016113],"EasingStyle":"Linear","EasingDirection":"In"},"Right Leg":{"Weight":1,"CFrame":[0.27174195647239687,0.22277700901031495,-0.04479128122329712,0.924404501914978,-0.37769973278045657,-0.05309722572565079,0.3790314197540283,0.8941510319709778,0.23838841915130616,-0.042562223970890048,-0.24049293994903565,0.9697173237800598],"EasingStyle":"Linear","EasingDirection":"In"},"Torso":{"Weight":1,"CFrame":[-0.007099544163793325,-0.33353322744369509,-0.14480304718017579,0.992538332939148,0.12187109887599945,-0.003895880887284875,-0.11286287009716034,0.9061425924301148,-0.4076365828514099,-0.04614889621734619,0.405034601688385,0.9131359457969666],"EasingStyle":"Linear","EasingDirection":"In"},"HumanoidRootPart":{"Weight":1,"CFrame":[0,0,0,1,0,0,0,1,0,0,0,1],"EasingStyle":"Linear","EasingDirection":"In"},"Left Arm":{"Weight":1,"CFrame":[0.0492120236158371,-0.01187276840209961,0.016975045204162599,0.9659462571144104,0.17988108098506928,-0.1859859973192215,-0.1601852923631668,0.9802340865135193,0.11611170321702957,0.2031962126493454,-0.08236545324325562,0.9756676554679871],"EasingStyle":"Linear","EasingDirection":"In"}}},{"Time":0.10000000149011612,"poses":{"Left Leg":{"Weight":1,"CFrame":[-0.10470499098300934,0.23134028911590577,0.10379350185394287,0.858052670955658,0.29273656010627749,0.4219606816768646,-0.3241242468357086,0.9460103511810303,0.002805256051942706,-0.3983580470085144,-0.13917502760887147,0.9066097736358643],"EasingStyle":"Linear","EasingDirection":"In"},"Right Arm":{"Weight":1,"CFrame":[-0.6420769691467285,-0.04913163185119629,0.24601781368255616,0.7857901453971863,-0.3304789364337921,0.522797703742981,0.08894721418619156,0.8968724608421326,0.43325307965278628,-0.6120638847351074,-0.2939445376396179,0.7341487407684326],"EasingStyle":"Linear","EasingDirection":"In"},"Head":{"Weight":1,"CFrame":[9.406358003616333e-8,2.223532646894455e-8,0,0.9899769425392151,-0.13090847432613374,-0.052997421473264697,0.14113613963127137,0.9033863544464111,0.4049367904663086,-0.005132507532835007,-0.40835797786712649,0.9128074645996094],"EasingStyle":"Linear","EasingDirection":"In"},"Right Leg":{"Weight":1,"CFrame":[0.2750331163406372,0.21206647157669068,-0.05566686391830444,0.91476970911026,-0.4039645493030548,0.0030212397687137129,0.3895041048526764,0.8839586973190308,0.25865688920021059,-0.10715880990028382,-0.23543481528759004,0.9659644961357117],"EasingStyle":"Linear","EasingDirection":"In"},"Torso":{"Weight":1,"CFrame":[-0.007841520011425019,-0.33396613597869875,-0.14053940773010255,0.9899768829345703,0.14113613963127137,-0.005132508464157581,-0.13090845942497254,0.9033862948417664,-0.4083579182624817,-0.052997421473264697,0.4049367904663086,0.9128074645996094],"EasingStyle":"Linear","EasingDirection":"In"},"HumanoidRootPart":{"Weight":1,"CFrame":[0,0,0,1,0,0,0,1,0,0,0,1],"EasingStyle":"Linear","EasingDirection":"In"},"Left Arm":{"Weight":1,"CFrame":[0.05986213684082031,-0.016780495643615724,0.019656658172607423,0.9595391750335693,0.19153839349746705,-0.20639212429523469,-0.16919590532779694,0.9781129956245422,0.12111031264066696,0.22507211565971375,-0.08128935098648071,0.9709452390670776],"EasingStyle":"Linear","EasingDirection":"In"}}},{"Time":0.11666666716337204,"poses":{"Left Leg":{"Weight":1,"CFrame":[-0.10762330889701843,0.23651188611984254,0.08465743064880371,0.8759189248085022,0.29528170824050906,0.38154250383377077,-0.3347117602825165,0.9414805769920349,0.03978122025728226,-0.34746822714805605,-0.16255220770835877,0.9234948754310608],"EasingStyle":"Linear","EasingDirection":"In"},"Right Arm":{"Weight":1,"CFrame":[-0.6395899653434753,-0.025540590286254884,0.21814608573913575,0.8130256533622742,-0.3028848469257355,0.49724259972572329,0.10035311430692673,0.9141523838043213,0.39275264739990237,-0.5735143423080444,-0.2694180905818939,0.7736247181892395],"EasingStyle":"Linear","EasingDirection":"In"},"Head":{"Weight":1,"CFrame":[6.426125764846802e-8,6.05359673500061e-8,-5.960464477539063e-8,0.9870383739471436,-0.14890816807746888,-0.05984704941511154,0.1603575199842453,0.9002772569656372,0.4047054946422577,-0.006385009735822678,-0.40905672311782839,0.9124866724014282],"EasingStyle":"Linear","EasingDirection":"In"},"Right Leg":{"Weight":1,"CFrame":[0.2667555510997772,0.19590866565704347,-0.061461806297302249,0.8977299332618713,-0.43658751249313357,0.05892623960971832,0.40518999099731448,0.8707648515701294,0.2785487174987793,-0.17292171716690064,-0.22618545591831208,0.9586127400398254],"EasingStyle":"Linear","EasingDirection":"In"},"Torso":{"Weight":1,"CFrame":[-0.00859302468597889,-0.33438539505004885,-0.13627147674560548,0.9870384335517883,0.1603575497865677,-0.0063850171864032749,-0.14890815317630769,0.9002772569656372,-0.40905672311782839,-0.05984704568982124,0.4047054946422577,0.9124866724014282],"EasingStyle":"Linear","EasingDirection":"In"},"HumanoidRootPart":{"Weight":1,"CFrame":[0,0,0,1,0,0,0,1,0,0,0,1],"EasingStyle":"Linear","EasingDirection":"In"},"Left Arm":{"Weight":1,"CFrame":[0.0690811425447464,-0.02172267436981201,0.02235877513885498,0.9527813792228699,0.20210310816764832,-0.22663229703903199,-0.17696049809455872,0.9760598540306091,0.12646080553531648,0.24676485359668733,-0.08038453757762909,0.9657357335090637],"EasingStyle":"Linear","EasingDirection":"In"}}},{"Time":0.13333334028720857,"poses":{"Left Leg":{"Weight":1,"CFrame":[-0.10946378111839295,0.24052608013153077,0.06509566307067871,0.8922714591026306,0.29913607239723208,0.33818548917770388,-0.34323039650917055,0.9360380172729492,0.07762566953897476,-0.29333388805389407,-0.18533888459205628,0.9378725290298462],"EasingStyle":"Linear","EasingDirection":"In"},"Right Arm":{"Weight":1,"CFrame":[-0.6275370717048645,-0.0036507248878479006,0.18599367141723634,0.8424235582351685,-0.2695521116256714,0.4665449857711792,0.10239529609680176,0.9301809072494507,0.3525319993495941,-0.5289969444274902,-0.24920916557312013,0.811207115650177],"EasingStyle":"Linear","EasingDirection":"In"},"Head":{"Weight":1,"CFrame":[8.568167686462403e-8,3.3527612686157229e-8,-3.5762786865234377e-7,0.9837237596511841,-0.16685156524181367,-0.06669382750988007,0.17952421307563783,0.896816611289978,0.4043404757976532,-0.0076527064666152,-0.409732460975647,0.9121736884117127],"EasingStyle":"Linear","EasingDirection":"In"},"Right Leg":{"Weight":1,"CFrame":[0.20081502199172975,0.15018391609191895,-0.04657095670700073,0.8574355840682983,-0.5017449855804443,0.11426421999931336,0.45222386717796328,0.8406635522842407,0.29795682430267336,-0.24555601179599763,-0.20380596816539765,0.9477158784866333],"EasingStyle":"Linear","EasingDirection":"In"},"Torso":{"Weight":1,"CFrame":[-0.00935363955795765,-0.33479076623916628,-0.13199877738952638,0.9837238192558289,0.17952421307563783,-0.007652707397937775,-0.16685155034065247,0.8968165516853333,-0.409732460975647,-0.06669382005929947,0.4043404459953308,0.9121736884117127],"EasingStyle":"Linear","EasingDirection":"In"},"HumanoidRootPart":{"Weight":1,"CFrame":[0,0,0,1,0,0,0,1,0,0,0,1],"EasingStyle":"Linear","EasingDirection":"In"},"Left Arm":{"Weight":1,"CFrame":[0.07693435251712799,-0.02667197585105896,0.025008082389831544,0.9457046985626221,0.21163693070411683,-0.2466827929019928,-0.1835181564092636,0.9740926623344421,0.13215360045433045,0.26826050877571108,-0.07970744371414185,0.9600433111190796],"EasingStyle":"Linear","EasingDirection":"In"}}},{"Time":0.15000000596046449,"poses":{"Left Leg":{"Weight":1,"CFrame":[-0.10922394692897797,0.2429099678993225,0.04542279243469238,0.906404435634613,0.3047046661376953,0.2925509810447693,-0.34985393285751345,0.9296332001686096,0.11569076031446457,-0.23671361804008485,-0.20721277594566346,0.9492258429527283],"EasingStyle":"Linear","EasingDirection":"In"},"Right Arm":{"Weight":1,"CFrame":[-0.605536937713623,0.01624232530593872,0.15076076984405518,0.8725454807281494,-0.2300466001033783,0.4309791624546051,0.09443720430135727,0.9449762105941773,0.3132118582725525,-0.4793182909488678,-0.23259110748767854,0.8462596535682678],"EasingStyle":"Linear","EasingDirection":"In"},"Head":{"Weight":1,"CFrame":[6.146728992462158e-8,2.468004822731018e-8,7.152557373046875e-7,0.9800348877906799,-0.18472838401794434,-0.07353385537862778,0.19862520694732667,0.8930060863494873,0.40384188294410708,-0.008934886194765568,-0.4103848338127136,0.9118687510490418],"EasingStyle":"Linear","EasingDirection":"In"},"Right Leg":{"Weight":1,"CFrame":[0.23770779371261598,0.16025632619857789,-0.056238412857055667,0.8457452058792114,-0.5062196254730225,0.1686917394399643,0.4398145079612732,0.8403649926185608,0.31678056716918948,-0.30212312936782839,-0.1937226951122284,0.9333772659301758],"EasingStyle":"Linear","EasingDirection":"In"},"Torso":{"Weight":1,"CFrame":[-0.01012294553220272,-0.335182249546051,-0.12772154808044434,0.9800348877906799,0.19862519204616548,-0.00893488246947527,-0.18472836911678315,0.8930060267448425,-0.4103848338127136,-0.07353385537862778,0.40384191274642947,0.9118687510490418],"EasingStyle":"Linear","EasingDirection":"In"},"HumanoidRootPart":{"Weight":1,"CFrame":[0,0,0,1,0,0,0,1,0,0,0,1],"EasingStyle":"Linear","EasingDirection":"In"},"Left Arm":{"Weight":1,"CFrame":[0.08344104886054993,-0.03160065412521362,0.027518153190612794,0.9383469820022583,0.22016271948814393,-0.26652103662490847,-0.18886466324329377,0.9722322225570679,0.13818348944187165,0.2895432114601135,-0.07932751625776291,0.9538721442222595],"EasingStyle":"Linear","EasingDirection":"In"}}},{"Time":0.1666666716337204,"poses":{"Left Leg":{"Weight":1,"CFrame":[-0.10614083707332611,0.24343794584274293,0.026189327239990236,0.9177637696266174,0.31218433380126955,0.2454598844051361,-0.3547302484512329,0.9223178625106812,0.15328483283519746,-0.178538978099823,-0.22775164246559144,0.9572111368179321],"EasingStyle":"Linear","EasingDirection":"In"},"Right Arm":{"Weight":1,"CFrame":[-0.5730061531066895,0.0335463285446167,0.11367225646972656,0.9018803238868713,-0.1837071031332016,0.39097779989242556,0.0757940337061882,0.95832359790802,0.27544721961021426,-0.42528489232063296,-0.2187865823507309,0.8782171010971069],"EasingStyle":"Linear","EasingDirection":"In"},"Head":{"Weight":1,"CFrame":[8.940696716308594e-8,-4.516914486885071e-8,0,0.97597336769104,-0.20252841711044312,-0.08036323636770249,0.21764951944351197,0.888847827911377,0.4032100737094879,-0.010230801068246365,-0.41101330518722536,0.9115720391273499],"EasingStyle":"Linear","EasingDirection":"In"},"Right Leg":{"Weight":1,"CFrame":[0.2739289104938507,0.16999667882919312,-0.06774002313613892,0.8307723999023438,-0.5104750990867615,0.22188392281532288,0.42673468589782717,0.8400706648826599,0.3349307179450989,-0.3573719263076782,-0.18356597423553468,0.9157450795173645],"EasingStyle":"Linear","EasingDirection":"In"},"Torso":{"Weight":1,"CFrame":[-0.010900497436523438,-0.33555924892425539,-0.12343883514404297,0.9759734272956848,0.21764954924583436,-0.010230803862214089,-0.20252840220928193,0.8888477683067322,-0.41101327538490298,-0.08036322891712189,0.4032100439071655,0.9115719795227051],"EasingStyle":"Linear","EasingDirection":"In"},"HumanoidRootPart":{"Weight":1,"CFrame":[0,0,0,1,0,0,0,1,0,0,0,1],"EasingStyle":"Linear","EasingDirection":"In"},"Left Arm":{"Weight":1,"CFrame":[0.08858826756477356,-0.03647908568382263,0.029791593551635743,0.9307501316070557,0.22767725586891175,-0.28612470626831057,-0.19296640157699586,0.9705005288124085,0.14454330503940583,0.31059345602989199,-0.07932119816541672,0.9472275376319885],"EasingStyle":"Linear","EasingDirection":"In"}}},{"Time":0.18333333730697633,"poses":{"Left Leg":{"Weight":1,"CFrame":[-0.09924757480621338,0.24182921648025514,0.00801229476928711,0.9258866310119629,0.3218667805194855,0.19782762229442597,-0.3583151698112488,0.914117157459259,0.18973690271377564,-0.11976764351129532,-0.2465597242116928,0.9616985321044922],"EasingStyle":"Linear","EasingDirection":"In"},"Right Arm":{"Weight":1,"CFrame":[-0.529016375541687,0.04733920097351074,0.07600152492523194,0.9288365244865418,-0.12952497601509095,0.34711113572120669,0.04560220241546631,0.9697424173355103,0.23983338475227357,-0.3676728308200836,-0.20693692564964295,0.9066387414932251],"EasingStyle":"Linear","EasingDirection":"In"},"Head":{"Weight":1,"CFrame":[1.2293457984924317e-7,-6.146728992462158e-8,0,0.9715419411659241,-0.22024139761924745,-0.08717800676822663,0.23658634722232819,0.8843443393707275,0.4024452567100525,-0.01153971254825592,-0.41161760687828066,0.9112836122512817],"EasingStyle":"Linear","EasingDirection":"In"},"Right Leg":{"Weight":1,"CFrame":[0.3093239665031433,0.1793684959411621,-0.08097988367080689,0.8126837015151978,-0.5145092010498047,0.27354294061660769,0.4130723476409912,0.8397814631462097,0.35233253240585329,-0.4109945595264435,-0.17334207892417909,0.8950061798095703],"EasingStyle":"Linear","EasingDirection":"In"},"Torso":{"Weight":1,"CFrame":[-0.011685851961374283,-0.33592182397842409,-0.11915159225463867,0.9715419411659241,0.23658634722232819,-0.01153972651809454,-0.22024135291576386,0.884344220161438,-0.41161757707595827,-0.08717801421880722,0.4024452567100525,0.9112836122512817],"EasingStyle":"Linear","EasingDirection":"In"},"HumanoidRootPart":{"Weight":1,"CFrame":[0,0,0,1,0,0,0,1,0,0,0,1],"EasingStyle":"Linear","EasingDirection":"In"},"Left Arm":{"Weight":1,"CFrame":[0.09230309724807739,-0.04125934839248657,0.03171074390411377,0.922967791557312,0.23412655293941499,-0.3054755926132202,-0.19573482871055604,0.9689270853996277,0.15122200548648835,0.3313887417316437,-0.0797809511423111,0.940115213394165],"EasingStyle":"Linear","EasingDirection":"In"}}},{"Time":0.20000000298023225,"poses":{"Left Leg":{"Weight":1,"CFrame":[-0.08723196387290955,0.23768168687820435,-0.008396446704864502,0.9303796291351318,0.33424192667007449,0.15058554708957673,-0.36144375801086428,0.9049750566482544,0.22445163130760194,-0.06125509366393089,-0.2632536292076111,0.9627801179885864],"EasingStyle":"Linear","EasingDirection":"In"},"Right Arm":{"Weight":1,"CFrame":[-0.486886590719223,0.05463409423828125,0.027859091758728029,0.9516152739524841,-0.06627920269966126,0.30005934834480288,0.0028932061977684499,0.9783515334129334,0.20692981779575349,-0.30727869272232058,-0.19604931771755219,0.9312059283256531],"EasingStyle":"Linear","EasingDirection":"In"},"Head":{"Weight":1,"CFrame":[7.264316082000733e-8,4.377216100692749e-8,2.384185791015625e-7,0.9667433500289917,-0.237857386469841,-0.09397438168525696,0.25542494654655459,0.8794982433319092,0.40154820680618288,-0.012860894203186036,-0.412197470664978,0.9110037684440613],"EasingStyle":"Linear","EasingDirection":"In"},"Right Leg":{"Weight":1,"CFrame":[0.3437550663948059,0.18834036588668824,-0.09584617614746094,0.7916777729988098,-0.5183209180831909,0.32340341806411745,0.3989216387271881,0.8394973874092102,0.3689250946044922,-0.46271780133247378,-0.16305719316005708,0.8713808655738831],"EasingStyle":"Linear","EasingDirection":"In"},"Torso":{"Weight":1,"CFrame":[-0.012478550896048546,-0.3362697958946228,-0.11485910415649414,0.9667433500289917,0.25542497634887698,-0.01286089513450861,-0.23785735666751862,0.8794982433319092,-0.41219744086265566,-0.09397438168525696,0.40154820680618288,0.9110037684440613],"EasingStyle":"Linear","EasingDirection":"In"},"HumanoidRootPart":{"Weight":1,"CFrame":[0,0,0,1,0,0,0,1,0,0,0,1],"EasingStyle":"Linear","EasingDirection":"In"},"Left Arm":{"Weight":1,"CFrame":[0.0944235622882843,-0.04588371515274048,0.03311610221862793,0.9150736331939697,0.23938342928886414,-0.32455503940582278,-0.19699952006340028,0.9675542712211609,0.15820860862731934,0.35189706087112429,-0.0808352455496788,0.9325417876243591],"EasingStyle":"Linear","EasingDirection":"In"}}},{"Time":0.21666666865348817,"poses":{"Left Leg":{"Weight":1,"CFrame":[-0.10427840054035187,0.2505001425743103,-0.023581743240356447,0.9388211369514465,0.3280142545700073,0.10498294234275818,-0.3442496061325073,0.9028941988945007,0.25743770599365237,-0.010345353744924069,-0.27782848477363589,0.9605751037597656],"EasingStyle":"Linear","EasingDirection":"In"},"Right Arm":{"Weight":1,"CFrame":[-0.4296814203262329,0.05503922700881958,-0.018238842487335206,0.9680613875389099,0.008384987711906433,0.25057312846183779,-0.05437281355261803,0.9826753735542297,0.17717993259429933,-0.24474643170833589,-0.1851453185081482,0.9517460465431213],"EasingStyle":"Linear","EasingDirection":"In"},"Head":{"Weight":1,"CFrame":[7.82310962677002e-8,5.448237061500549e-8,3.5762786865234377e-7,0.9615809321403503,-0.2553665041923523,-0.10074847936630249,0.27415475249290469,0.8743130564689636,0.400519460439682,-0.014193535782396794,-0.41275250911712649,0.9107326865196228],"EasingStyle":"Linear","EasingDirection":"In"},"Right Leg":{"Weight":1,"CFrame":[0.376753568649292,0.1972554326057434,-0.11222666501998902,0.7680859565734863,-0.5222507119178772,0.3705378472805023,0.38444602489471438,0.8388516306877136,0.3853946626186371,-0.5120989084243774,-0.15356451272964478,0.8450874090194702],"EasingStyle":"Linear","EasingDirection":"In"},"Torso":{"Weight":1,"CFrame":[-0.013278141617774964,-0.3366028666496277,-0.11662673950195313,0.9615809321403503,0.27415478229522707,-0.014193541370332241,-0.2553665041923523,0.8743131160736084,-0.41275250911712649,-0.10074848681688309,0.400519460439682,0.910732626914978],"EasingStyle":"Linear","EasingDirection":"In"},"HumanoidRootPart":{"Weight":1,"CFrame":[0,0,0,1,0,0,0,1,0,0,0,1],"EasingStyle":"Linear","EasingDirection":"In"},"Left Arm":{"Weight":1,"CFrame":[0.09483128786087036,-0.050294309854507449,0.03383636474609375,0.9071341753005981,0.24335379898548127,-0.3433460295200348,-0.19661667943000794,0.966412365436554,0.16549640893936158,0.3720880448818207,-0.08261984586715698,0.9245131611824036],"EasingStyle":"Linear","EasingDirection":"In"}}},{"Time":0.23333333432674409,"poses":{"Left Leg":{"Weight":1,"CFrame":[-0.1346326768398285,0.2696406841278076,-0.04115027189254761,0.947825014591217,0.3127855062484741,0.06158734858036041,-0.3169218897819519,0.9036253690719605,0.28813475370407107,0.03447246924042702,-0.2926200330257416,0.9556072950363159],"EasingStyle":"Linear","EasingDirection":"In"},"Right Arm":{"Weight":1,"CFrame":[-0.41572096943855288,0.058170437812805179,-0.026019811630249025,0.9682607650756836,0.02330183796584606,0.24885380268096925,-0.06289941817522049,0.9863186478614807,0.15237866342067719,-0.2418985217809677,-0.163194939494133,0.9564792513847351],"EasingStyle":"Linear","EasingDirection":"In"},"Head":{"Weight":1,"CFrame":[9.872019290924072e-8,7.916241884231568e-8,-7.748603820800781e-7,0.956058144569397,-0.2727589011192322,-0.10749644041061402,0.29276522994041445,0.8687923550605774,0.39935994148254397,-0.015536867082118988,-0.41328248381614687,0.9104704260826111],"EasingStyle":"Linear","EasingDirection":"In"},"Right Leg":{"Weight":1,"CFrame":[0.40840470790863039,0.2058979868888855,-0.1299484372138977,0.7421802878379822,-0.5261544585227966,0.41512638330459597,0.3696456849575043,0.8380402326583862,0.40131092071533205,-0.5590442419052124,-0.14439557492733003,0.8164677023887634],"EasingStyle":"Linear","EasingDirection":"In"},"Torso":{"Weight":1,"CFrame":[-0.014084145426750183,-0.3369207978248596,-0.12122130393981934,0.956058144569397,0.2927652895450592,-0.015536878257989884,-0.2727588713169098,0.8687924742698669,-0.41328248381614687,-0.10749643296003342,0.39935994148254397,0.9104703068733215],"EasingStyle":"Linear","EasingDirection":"In"},"HumanoidRootPart":{"Weight":1,"CFrame":[0,0,0,1,0,0,0,1,0,0,0,1],"EasingStyle":"Linear","EasingDirection":"In"},"Left Arm":{"Weight":1,"CFrame":[0.09304717183113098,-0.05437183380126953,0.03352832794189453,0.8992961049079895,0.24564817547798158,-0.36183369159698489,-0.19411766529083253,0.9655889272689819,0.17307956516742707,0.3918992578983307,-0.08541127294301987,0.9160348773002625],"EasingStyle":"Linear","EasingDirection":"In"}}},{"Time":0.25,"poses":{"Left Leg":{"Weight":1,"CFrame":[-0.1727127730846405,0.291395902633667,-0.062216877937316897,0.9562699198722839,0.29173481464385989,0.020944245159626008,-0.28314661979675295,0.9054089188575745,0.31632667779922488,0.07332031428813935,-0.308424174785614,0.9484191536903381],"EasingStyle":"Linear","EasingDirection":"In"},"Right Arm":{"Weight":1,"CFrame":[-0.4021790027618408,0.06093740463256836,-0.03164869546890259,0.9671236872673035,0.038961708545684817,0.2513042092323303,-0.07312298566102982,0.989066481590271,0.12806497514247895,-0.24356697499752046,-0.14223065972328187,0.9593985080718994],"EasingStyle":"Linear","EasingDirection":"In"},"Head":{"Weight":1,"CFrame":[1.1362135410308838e-7,-1.210719347000122e-8,-4.172325134277344e-7,0.9501792788505554,-0.2900250554084778,-0.11421456187963486,0.31124621629714968,0.8629401326179504,0.3980706036090851,-0.01689010113477707,-0.41378724575042727,0.9102169871330261],"EasingStyle":"Linear","EasingDirection":"In"},"Right Leg":{"Weight":1,"CFrame":[0.43866485357284548,0.21422415971755982,-0.14885622262954713,0.7142464518547058,-0.5300191044807434,0.4570907652378082,0.3545810878276825,0.837094783782959,0.41658657789230349,-0.6034270524978638,-0.1354699432849884,0.7858268022537231],"EasingStyle":"Linear","EasingDirection":"In"},"Torso":{"Weight":1,"CFrame":[-0.01489609107375145,-0.33722370862960818,-0.12807607650756837,0.9501792192459106,0.31124624609947207,-0.01689011976122856,-0.2900250256061554,0.8629401326179504,-0.41378724575042727,-0.11421455442905426,0.3980705738067627,0.9102169275283814],"EasingStyle":"Linear","EasingDirection":"In"},"HumanoidRootPart":{"Weight":1,"CFrame":[0,0,0,1,0,0,0,1,0,0,0,1],"EasingStyle":"Linear","EasingDirection":"In"},"Left Arm":{"Weight":1,"CFrame":[0.08832210302352905,-0.057923346757888797,0.031669020652770999,0.8917683362960815,0.245647594332695,-0.38000866770744326,-0.1887684166431427,0.9652063250541687,0.18095111846923829,0.41123703122138979,-0.08963272720575333,0.9071109294891357],"EasingStyle":"Linear","EasingDirection":"In"}}},{"Time":0.2666666805744171,"poses":{"Left Leg":{"Weight":1,"CFrame":[-0.1811690330505371,0.30760443210601809,-0.05534839630126953,0.9628661274909973,0.26275160908699038,0.062051527202129367,-0.2689436376094818,0.9133815765380859,0.30561965703964236,0.023625271394848825,-0.31095945835113528,0.9501295685768127],"EasingStyle":"Linear","EasingDirection":"In"},"Right Arm":{"Weight":1,"CFrame":[-0.38929975032806399,0.06331807374954224,-0.03548991680145264,0.9647268652915955,0.0550069659948349,0.2574421167373657,-0.08438100665807724,0.9909414649009705,0.1044740304350853,-0.24936336278915406,-0.12251199781894684,0.9606293439865112],"EasingStyle":"Linear","EasingDirection":"In"},"Head":{"Weight":1,"CFrame":[6.332993507385254e-8,-7.078051567077637e-8,1.1920928955078126e-7,0.9439486265182495,-0.30715543031692507,-0.12089903652667999,0.3295873999595642,0.8567607402801514,0.39665257930755618,-0.018252437934279443,-0.4142664670944214,0.9099726676940918],"EasingStyle":"Linear","EasingDirection":"In"},"Right Leg":{"Weight":1,"CFrame":[0.44695842266082766,0.21226632595062257,-0.15059924125671388,0.7125387787818909,-0.5339203476905823,0.4552118182182312,0.3636239767074585,0.8358691334724426,0.41121798753738406,-0.6000552177429199,-0.12748311460018159,0.7897353768348694],"EasingStyle":"Linear","EasingDirection":"In"},"Torso":{"Weight":1,"CFrame":[-0.015713490545749666,-0.33751118183135989,-0.13662505149841309,0.9439486265182495,0.3295874297618866,-0.018252449110150338,-0.30715540051460268,0.8567607402801514,-0.414266437292099,-0.1208990290760994,0.39665257930755618,0.9099726676940918],"EasingStyle":"Linear","EasingDirection":"In"},"HumanoidRootPart":{"Weight":1,"CFrame":[0,0,0,1,0,0,0,1,0,0,0,1],"EasingStyle":"Linear","EasingDirection":"In"},"Left Arm":{"Weight":1,"CFrame":[0.07844927906990051,-0.06046739220619202,0.02691519260406494,0.8850773572921753,0.24152933061122895,-0.39787155389785769,-0.17848369479179383,0.9655956029891968,0.18912605941295625,0.4298625588417053,-0.09637757390737534,0.8977358341217041],"EasingStyle":"Linear","EasingDirection":"In"}}},{"Time":0.28333333134651186,"poses":{"Left Leg":{"Weight":1,"CFrame":[-0.1699313223361969,0.3208540678024292,-0.030031561851501466,0.961989164352417,0.23284566402435304,0.14268767833709718,-0.264538437128067,0.9242671728134155,0.2752264142036438,-0.06779637187719345,-0.3025113344192505,0.950731635093689],"EasingStyle":"Linear","EasingDirection":"In"},"Right Arm":{"Weight":1,"CFrame":[-0.37703219056129458,0.0651971697807312,-0.037931859493255618,0.9611130952835083,0.07134903222322464,0.2667787969112396,-0.09635093063116074,0.9919788837432861,0.08181897550821305,-0.2588012218475342,-0.10434155911207199,0.9602784514427185],"EasingStyle":"Linear","EasingDirection":"In"},"Head":{"Weight":1,"CFrame":[9.313225746154785e-8,1.5459954738616944e-7,1.1920928955078126e-7,0.9373711347579956,-0.32414084672927859,-0.12754620611667634,0.3477790653705597,0.8502588272094727,0.3951072096824646,-0.019623080268502237,-0.41471996903419497,0.9097375869750977],"EasingStyle":"Linear","EasingDirection":"In"},"Right Leg":{"Weight":1,"CFrame":[0.5521390438079834,0.26340508460998537,-0.22789788246154786,0.7726236581802368,-0.4718089997768402,0.4247932732105255,0.3133573830127716,0.8653311729431152,0.3911636471748352,-0.5521412491798401,-0.16911040246486665,0.8164200782775879],"EasingStyle":"Linear","EasingDirection":"In"},"Torso":{"Weight":1,"CFrame":[-0.016535859555006028,-0.3377832770347595,-0.1463017463684082,0.9373711347579956,0.3477790653705597,-0.019623078405857087,-0.32414084672927859,0.8502588868141174,-0.41471996903419497,-0.12754622101783753,0.3951072096824646,0.9097375869750977],"EasingStyle":"Linear","EasingDirection":"In"},"HumanoidRootPart":{"Weight":1,"CFrame":[0,0,0,1,0,0,0,1,0,0,0,1],"EasingStyle":"Linear","EasingDirection":"In"},"Left Arm":{"Weight":1,"CFrame":[0.08963367342948914,-0.06773567199707031,0.033421993255615237,0.8701419830322266,0.25867322087287905,-0.41945332288742068,-0.18954429030418397,0.9613582491874695,0.19965805113315583,0.4548910856246948,-0.09422577917575836,0.8855482339859009],"EasingStyle":"Linear","EasingDirection":"In"}}},{"Time":0.30000001192092898,"poses":{"Left Leg":{"Weight":1,"CFrame":[-0.1341654658317566,0.32885897159576418,0.01203620433807373,0.9442729949951172,0.2070186883211136,0.2559135854244232,-0.2665403187274933,0.9370889067649841,0.22543437778949738,-0.19314467906951905,-0.2810831665992737,0.9400466084480286],"EasingStyle":"Linear","EasingDirection":"In"},"Right Arm":{"Weight":1,"CFrame":[-0.3657865822315216,0.06672394275665283,-0.03920489549636841,0.9563513994216919,0.08747468888759613,0.27881941199302676,-0.10833986103534699,0.9922837615013123,0.0602947399020195,-0.27139368653297427,-0.08787009119987488,0.9584490060806274],"EasingStyle":"Linear","EasingDirection":"In"},"Head":{"Weight":1,"CFrame":[1.6763806343078614e-7,-8.102506399154663e-8,1.1920928955078126e-7,0.9304519891738892,-0.3409724533557892,-0.13415256142616273,0.3658115267753601,0.843439519405365,0.3934358060359955,-0.02100120484828949,-0.41514772176742556,0.9095116257667542],"EasingStyle":"Linear","EasingDirection":"In"},"Right Leg":{"Weight":1,"CFrame":[0.6012119054794312,0.2893443703651428,-0.24377959966659547,0.822148323059082,-0.43345823884010317,0.36903443932533266,0.305637389421463,0.8829963207244873,0.3562344014644623,-0.48026877641677859,-0.1800871640443802,0.8584349751472473],"EasingStyle":"Linear","EasingDirection":"In"},"Torso":{"Weight":1,"CFrame":[-0.01736273244023323,-0.3380398750305176,-0.1565384864807129,0.9304519891738892,0.3658114969730377,-0.021001189947128297,-0.3409724533557892,0.843439519405365,-0.41514769196510317,-0.1341525763273239,0.39343583583831789,0.9095116257667542],"EasingStyle":"Linear","EasingDirection":"In"},"HumanoidRootPart":{"Weight":1,"CFrame":[0,0,0,1,0,0,0,1,0,0,0,1],"EasingStyle":"Linear","EasingDirection":"In"},"Left Arm":{"Weight":1,"CFrame":[0.10175174474716187,-0.07533147931098938,0.040970683097839358,0.8544880151748657,0.27705955505371096,-0.4394179880619049,-0.20214037597179414,0.9565660953521729,0.210049107670784,0.4785284698009491,-0.09066016227006912,0.8733792901039124],"EasingStyle":"Linear","EasingDirection":"In"}}},{"Time":0.3166666626930237,"poses":{"Left Leg":{"Weight":1,"CFrame":[-0.08471551537513733,0.32882630825042727,0.0630955696105957,0.9053765535354614,0.1927332878112793,0.37834790349006655,-0.2685421109199524,0.9501190185546875,0.15861593186855317,-0.328904926776886,-0.2452097088098526,0.9119725823402405],"EasingStyle":"Linear","EasingDirection":"In"},"Right Arm":{"Weight":1,"CFrame":[-0.3554980754852295,0.06785881519317627,-0.03957611322402954,0.9504956007003784,0.10330574214458466,0.2930634021759033,-0.12016534060239792,0.9919449090957642,0.04006996378302574,-0.28656327724456789,-0.07330241799354553,0.9552530646324158],"EasingStyle":"Linear","EasingDirection":"In"},"Head":{"Weight":1,"CFrame":[-1.8626451