{"Sequence":[{"Time":0,"poses":{"Left Leg":{"Weight":1,"CFrame":[-0.7300124168395996,0.45487380027770998,-0.04613775014877319,0.9202296733856201,-0.38017380237579348,0.0929800420999527,0.3378439247608185,0.8915478587150574,0.30166834592819216,-0.19758260250091554,-0.24619145691394807,0.9488682150840759],"EasingStyle":"Linear","EasingDirection":"In"},"Right Arm":{"Weight":1,"CFrame":[-0.012997664511203766,-0.15127748250961305,-5.960464477539063e-8,-0.7185099720954895,-0.0066779605112969879,-0.6954846382141113,0.08416038751602173,-0.9934410452842712,-0.07740781456232071,-0.6904059648513794,-0.11415061354637146,0.7143594026565552],"EasingStyle":"Linear","EasingDirection":"In"},"Head":{"Weight":1,"CFrame":[8.742277657347586e-8,-2.9802322387695315e-8,0,1,-5.7132378827873256e-8,8.718521371520183e-8,6.340026459383808e-8,0.9972825646400452,-0.07367249578237534,-8.273919149814901e-8,0.07367250323295593,0.9972825646400452],"EasingStyle":"Linear","EasingDirection":"In"},"Right Leg":{"Weight":1,"CFrame":[0.7173608541488648,0.45253628492355349,0.00030493736267089844,0.9137450456619263,0.38435375690460207,-0.13168998062610627,-0.3435879647731781,0.9040011167526245,0.2544197142124176,0.2168351262807846,-0.18722762167453767,0.9580858945846558],"EasingStyle":"Linear","EasingDirection":"In"},"Torso":{"Weight":1,"CFrame":[0,0.06848327815532685,-0.5087823867797852,1,0,-8.742277657347586e-8,7.48374695547227e-9,0.9963292479515076,0.08560408651828766,8.710186705229717e-8,-0.08560408651828766,0.9963292479515076],"EasingStyle":"Linear","EasingDirection":"In"},"HumanoidRootPart":{"Weight":1,"CFrame":[0,0,0,1,0,0,0,1,0,0,0,1],"EasingStyle":"Linear","EasingDirection":"In"},"Left Arm":{"Weight":1,"CFrame":[0.012997664511203766,-0.15127763152122498,0,-0.65392005443573,0.012974339537322522,0.7564523816108704,-0.10967499017715454,-0.9909170866012573,-0.07781337946653366,0.7485719919204712,-0.13384760916233064,0.6494033932685852],"EasingStyle":"Linear","EasingDirection":"In"}}},{"Time":0.03333333507180214,"poses":{"Left Leg":{"Weight":1,"CFrame":[-0.7062937617301941,0.4179132580757141,-0.012506246566772461,0.9266559481620789,-0.36176401376724245,0.10215470939874649,0.32918307185173037,0.9121500253677368,0.24417410790920258,-0.18151384592056275,-0.1926378309726715,0.9643357396125794],"EasingStyle":"Linear","EasingDirection":"In"},"Right Arm":{"Weight":1,"CFrame":[0.007226096466183662,-0.1328621804714203,0.0414276123046875,-0.6059234142303467,-0.014751756563782692,-0.7953861951828003,0.12698054313659669,-0.9888023734092712,-0.07839452475309372,-0.7853233218193054,-0.14849978685379029,0.6010118126869202],"EasingStyle":"Linear","EasingDirection":"In"},"Head":{"Weight":1,"CFrame":[1.0419171303510666e-7,-7.712515071034432e-9,2.384185791015625e-7,0.9999623894691467,0.00031044744537211955,0.008670253679156304,0.0004400161560624838,0.9962587356567383,-0.08642019331455231,-0.008664640597999096,0.08642075955867768,0.9962210655212402],"EasingStyle":"Linear","EasingDirection":"In"},"Right Leg":{"Weight":1,"CFrame":[0.7099149823188782,0.48904579877853396,-0.029780685901641847,0.9222837090492249,0.36414971947669985,-0.12956739962100984,-0.3129613399505615,0.9002882242202759,0.3025496006011963,0.2268213927745819,-0.23848703503608704,0.944286048412323],"EasingStyle":"Linear","EasingDirection":"In"},"Torso":{"Weight":1,"CFrame":[-0.013653188943862915,0.05727536976337433,-0.49375152587890627,0.9993327260017395,0.007874447852373124,-0.03566708043217659,-0.005304111633449793,0.9974198341369629,0.0715942308306694,0.03613881394267082,-0.07135728001594544,0.9967959523200989],"EasingStyle":"Linear","EasingDirection":"In"},"HumanoidRootPart":{"Weight":1,"CFrame":[0,0,0,1,0,0,0,1,0,0,0,1],"EasingStyle":"Linear","EasingDirection":"In"},"Left Arm":{"Weight":1,"CFrame":[-0.0021456116810441019,-0.15330970287322999,0.026604652404785157,-0.5965921878814697,0.05151956155896187,0.8008893132209778,-0.14888995885849,-0.9877185225486755,-0.04737194627523422,0.7886125445365906,-0.14750607311725617,0.5969358086585999],"EasingStyle":"Linear","EasingDirection":"In"}}},{"Time":0.06666667014360428,"poses":{"Left Leg":{"Weight":1,"CFrame":[-0.658435046672821,0.3734194040298462,0.029143810272216798,0.9401853680610657,-0.3177638053894043,0.12279156595468521,0.2955334484577179,0.9400908350944519,0.1699681133031845,-0.1694450080394745,-0.12351253628730774,0.9777694344520569],"EasingStyle":"Linear","EasingDirection":"In"},"Right Arm":{"Weight":1,"CFrame":[0.05899474024772644,-0.1068027913570404,0.10502469539642334,-0.4569866955280304,-0.06443052738904953,-0.8871368765830994,0.213461235165596,-0.9761703014373779,-0.039062388241291049,-0.8634799122810364,-0.20722046494483949,0.45985013246536257],"EasingStyle":"Linear","EasingDirection":"In"},"Head":{"Weight":1,"CFrame":[9.383074939250946e-8,4.773028194904327e-9,-1.7881393432617188e-7,0.9995176792144775,0.0013440543552860618,0.031027263030409814,0.0018073945539072157,0.9948523044586182,-0.10131930559873581,-0.03100372478365898,0.10132649540901184,0.9943699836730957],"EasingStyle":"Linear","EasingDirection":"In"},"Right Leg":{"Weight":1,"CFrame":[0.6718212366104126,0.5199576020240784,-0.06611251831054688,0.94503253698349,0.30137309432029726,-0.12683776021003724,-0.24129445850849152,0.90456622838974,0.3514784574508667,0.2206593155860901,-0.3015533685684204,0.9275640249252319],"EasingStyle":"Linear","EasingDirection":"In"},"Torso":{"Weight":1,"CFrame":[-0.00013324618339538574,0.028632991015911104,-0.454831600189209,0.9974538087844849,0.02514137700200081,-0.0667368546128273,-0.022788163274526597,0.9990994334220886,0.035791248083114627,0.06757659465074539,-0.03417930752038956,0.9971284866333008],"EasingStyle":"Linear","EasingDirection":"In"},"HumanoidRootPart":{"Weight":1,"CFrame":[0,0,0,1,0,0,0,1,0,0,0,1],"EasingStyle":"Linear","EasingDirection":"In"},"Left Arm":{"Weight":1,"CFrame":[-0.04253675416111946,-0.15910837054252625,0.07824480533599854,-0.5216530561447144,0.1604028344154358,0.8379433751106262,-0.24805277585983277,-0.9682528972625732,0.030924566090106965,0.8163014054298401,-0.19172228872776032,0.5448802709579468],"EasingStyle":"Linear","EasingDirection":"In"}}},{"Time":0.10000000149011612,"poses":{"Left Leg":{"Weight":1,"CFrame":[-0.5917327404022217,0.32072603702545168,0.06645262241363526,0.9567887783050537,-0.251059353351593,0.14671297371387483,0.23987235128879548,0.9666409492492676,0.08981497585773468,-0.1643676906824112,-0.05074151232838631,0.9850932955741882],"EasingStyle":"Linear","EasingDirection":"In"},"Right Arm":{"Weight":1,"CFrame":[0.12895408272743226,-0.078000009059906,0.1775456666946411,-0.2775525152683258,-0.13771311938762666,-0.9507889747619629,0.32127845287323,-0.945997416973114,0.04323217272758484,-0.9053976535797119,-0.2934688925743103,0.30680832266807558],"EasingStyle":"Linear","EasingDirection":"In"},"Head":{"Weight":1,"CFrame":[1.0686926543712616e-7,-1.0477378964424134e-8,-3.5762786865234377e-7,0.998097836971283,0.003151289653033018,0.06157073751091957,0.004070573952049017,0.9931451678276062,-0.11681727319955826,-0.06151679903268814,0.11684567481279373,0.9912430644035339],"EasingStyle":"Linear","EasingDirection":"In"},"Right Leg":{"Weight":1,"CFrame":[0.6069636940956116,0.5363975763320923,-0.09964120388031006,0.9705986380577087,0.20526011288166047,-0.12572473287582398,-0.14076489210128785,0.9077226519584656,0.3952527344226837,0.195252925157547,-0.3659341633319855,0.9099278450012207],"EasingStyle":"Linear","EasingDirection":"In"},"Torso":{"Weight":1,"CFrame":[0.03077659010887146,-0.010112352669239045,-0.4014463424682617,0.9944542646408081,0.047778427600860599,-0.09369081258773804,-0.04917380213737488,0.9987102746963501,-0.012640438042581082,0.09296603500843048,0.01717747002840042,0.9955211281776428],"EasingStyle":"Linear","EasingDirection":"In"},"HumanoidRootPart":{"Weight":1,"CFrame":[0,0,0,1,0,0,0,1,0,0,0,1],"EasingStyle":"Linear","EasingDirection":"In"},"Left Arm":{"Weight":1,"CFrame":[-0.10061769187450409,-0.16822201013565064,0.14159929752349854,-0.41892722249031069,0.3132055103778839,0.8522923588752747,-0.3808192312717438,-0.9126929044723511,0.14821788668632508,0.8243037462234497,-0.26247677206993105,0.5016265511512756],"EasingStyle":"Linear","EasingDirection":"In"}}},{"Time":0.13333334028720857,"poses":{"Left Leg":{"Weight":1,"CFrame":[-0.5116126537322998,0.2616350054740906,0.09091198444366455,0.9713925719261169,-0.16749005019664765,0.16835536062717439,0.16750752925872804,0.9857684969902039,0.014201115816831589,-0.16833801567554475,0.014405978843569756,0.9856241345405579],"EasingStyle":"Linear","EasingDirection":"In"},"Right Arm":{"Weight":1,"CFrame":[0.20374996960163117,-0.05135643482208252,0.24574565887451173,-0.09072279185056687,-0.2169126272201538,-0.9719662070274353,0.42619967460632326,-0.8905530571937561,0.15896260738372804,-0.9000684022903442,-0.3998301923274994,0.17324160039424897],"EasingStyle":"Linear","EasingDirection":"In"},"Head":{"Weight":1,"CFrame":[1.2200325727462769e-7,-1.6298145055770875e-9,3.5762786865234377e-7,0.995483934879303,0.005557250697165728,0.09476781636476517,0.006972041912376881,0.9913091063499451,-0.13136839866638184,-0.094674251973629,0.13143587112426759,0.9867935180664063],"EasingStyle":"Linear","EasingDirection":"In"},"Right Leg":{"Weight":1,"CFrame":[0.5202872157096863,0.5311126112937927,-0.12260574102401734,0.9882335066795349,0.08643674850463867,-0.12618769705295564,-0.024081498384475709,0.9026471972465515,0.42970699071884158,0.15104559063911439,-0.4216121435165405,0.8941076993942261],"EasingStyle":"Linear","EasingDirection":"In"},"Torso":{"Weight":1,"CFrame":[0.06961691379547119,-0.05171956121921539,-0.3422970771789551,0.9905341863632202,0.07242341339588165,-0.11660552024841309,-0.08033626526594162,0.9946690797805786,-0.06464945524930954,0.11130176484584809,0.07340515404939652,0.9910719394683838],"EasingStyle":"Linear","EasingDirection":"In"},"HumanoidRootPart":{"Weight":1,"CFrame":[0,0,0,1,0,0,0,1,0,0,0,1],"EasingStyle":"Linear","EasingDirection":"In"},"Left Arm":{"Weight":1,"CFrame":[-0.1688302904367447,-0.1802016794681549,0.2033458948135376,-0.28932973742485049,0.474806547164917,0.831171989440918,-0.5150133371353149,-0.8091378808021545,0.2829442024230957,0.8068764209747315,-0.34620052576065066,0.4786393940448761],"EasingStyle":"Linear","EasingDirection":"In"}}},{"Time":0.1666666716337204,"poses":{"Left Leg":{"Weight":1,"CFrame":[-0.42415156960487368,0.20012277364730836,0.09950923919677735,0.9795460104942322,-0.07741851359605789,0.18573132157325746,0.08773252367973328,0.9949889779090881,-0.047959163784980777,-0.18108771741390229,0.06327291578054428,0.9814295172691345],"EasingStyle":"Linear","EasingDirection":"In"},"Right Arm":{"Weight":1,"CFrame":[0.2700282335281372,-0.03177639842033386,0.2963787317276001,0.06557567417621613,-0.29043588042259219,-0.9546448588371277,0.5113109946250916,-0.8117785453796387,0.2820936441421509,-0.8568903207778931,-0.5066189765930176,0.09527024626731873],"EasingStyle":"Linear","EasingDirection":"In"},"Head":{"Weight":1,"CFrame":[1.2665987014770509e-7,1.932494342327118e-8,0,0.9921092987060547,0.008123409934341908,0.12511293590068818,0.009991138242185116,0.9896027445793152,-0.14348043501377107,-0.12497765570878983,0.1435982882976532,0.9817129373550415],"EasingStyle":"Linear","EasingDirection":"In"},"Right Leg":{"Weight":1,"CFrame":[0.4192321300506592,0.5010626912117004,-0.13072288036346436,0.9911540746688843,-0.04108535498380661,-0.12619684636592866,0.09443294256925583,0.8864538669586182,0.453080415725708,0.09325280785560608,-0.4609896242618561,0.8824922442436218],"EasingStyle":"Linear","EasingDirection":"In"},"Torso":{"Weight":1,"CFrame":[0.10744279623031616,-0.08916550874710083,-0.2847311496734619,0.986168384552002,0.09628085047006607,-0.13491441309452058,-0.11165660619735718,0.9874767661094666,-0.11145690828561783,0.1224936693906784,0.12497938424348831,0.9845686554908752],"EasingStyle":"Linear","EasingDirection":"In"},"HumanoidRootPart":{"Weight":1,"CFrame":[0,0,0,1,0,0,0,1,0,0,0,1],"EasingStyle":"Linear","EasingDirection":"In"},"Left Arm":{"Weight":1,"CFrame":[-0.2396165132522583,-0.19459912180900575,0.25016331672668459,-0.15472447872161866,0.6092861294746399,0.7777086496353149,-0.6215597987174988,-0.6719102263450623,0.4027409553527832,0.7679348587989807,-0.42107856273651125,0.4826686978340149],"EasingStyle":"Linear","EasingDirection":"In"}}},{"Time":0.20000000298023225,"poses":{"Left Leg":{"Weight":1,"CFrame":[-0.3376582860946655,0.14268261194229127,0.09467697143554688,0.9798491597175598,0.003858827520161867,0.19970197975635529,0.014382296241819859,0.9958550930023193,-0.08981051295995712,-0.19922088086605073,0.09087295085191727,0.9757320880889893],"EasingStyle":"Linear","EasingDirection":"In"},"Right Arm":{"Weight":1,"CFrame":[0.3144349455833435,-0.02415981888771057,0.31620001792907717,0.15262600779533387,-0.3594726026058197,-0.9205893278121948,0.5766811966896057,-0.7240797877311707,0.37834829092025759,-0.8025858998298645,-0.588632345199585,0.0967877060174942],"EasingStyle":"Linear","EasingDirection":"In"},"Head":{"Weight":1,"CFrame":[1.2293457984924317e-7,-7.462222129106522e-8,1.1920928955078126e-7,0.9890535473823547,0.010197117924690247,0.14720453321933747,0.012394525110721589,0.9883424043655396,-0.15174193680286408,-0.14703580737113954,0.15190543234348298,0.9773972034454346],"EasingStyle":"Linear","EasingDirection":"In"},"Right Leg":{"Weight":1,"CFrame":[0.3154958486557007,0.4506044387817383,-0.12461715936660767,0.9796498417854309,-0.1587824672460556,-0.1227780282497406,0.19814257323741914,0.8626686930656433,0.46534112095832827,0.03202880918979645,-0.4801988899707794,0.8765748143196106],"EasingStyle":"Linear","EasingDirection":"In"},"Torso":{"Weight":1,"CFrame":[0.13579630851745606,-0.11585411429405213,-0.23480796813964845,0.9821222424507141,0.11703327298164368,-0.14744214713573457,-0.13848777115345,0.9797188639640808,-0.14481763541698457,0.12750336527824403,0.162647545337677,0.9784113168716431],"EasingStyle":"Linear","EasingDirection":"In"},"HumanoidRootPart":{"Weight":1,"CFrame":[0,0,0,1,0,0,0,1,0,0,0,1],"EasingStyle":"Linear","EasingDirection":"In"},"Left Arm":{"Weight":1,"CFrame":[-0.3054184317588806,-0.2109638750553131,0.26872944831848147,-0.051409535109996799,0.6983867287635803,0.7138718366622925,-0.6900891661643982,-0.5415494441986084,0.48010551929473879,0.7218961119651794,-0.4679532051086426,0.5097900032997131],"EasingStyle":"Linear","EasingDirection":"In"}}},{"Time":0.23333333432674409,"poses":{"Left Leg":{"Weight":1,"CFrame":[-0.2668343782424927,0.09990239143371582,0.08380162715911865,0.9756761789321899,0.05533270910382271,0.2121187299489975,-0.03336987644433975,0.9938318729400635,-0.10575798153877258,-0.2166622132062912,0.09610719233751297,0.9715045094490051],"EasingStyle":"Linear","EasingDirection":"In"},"Right Arm":{"Weight":1,"CFrame":[0.33888643980026247,-0.03769609332084656,0.30550897121429446,0.13848602771759034,-0.45373284816741946,-0.8803113102912903,0.6417141556739807,-0.6359250545501709,0.42872169613838198,-0.7543373107910156,-0.6242802143096924,0.2031000405550003],"EasingStyle":"Linear","EasingDirection":"In"},"Head":{"Weight":1,"CFrame":[-5.122274160385132e-9,-7.939524948596955e-8,0,0.9877358078956604,0.011040997691452504,0.1557437926530838,0.013365836814045906,0.9878557920455933,-0.15479782223701478,-0.15556153655052186,0.15498100221157075,0.9755929708480835],"EasingStyle":"Linear","EasingDirection":"In"},"Right Leg":{"Weight":1,"CFrame":[0.23403151333332063,0.39742159843444826,-0.11127722263336182,0.9644384384155273,-0.23890148103237153,-0.11306911706924439,0.2638186812400818,0.8441106677055359,0.46677297353744509,-0.016069870442152025,-0.4800034463405609,0.8771193623542786],"EasingStyle":"Linear","EasingDirection":"In"},"Torso":{"Weight":1,"CFrame":[0.14654409885406495,-0.1255730390548706,-0.19799351692199708,0.9793497920036316,0.1326075792312622,-0.15260805189609528,-0.1564950793981552,0.9751262068748474,-0.15696628391742707,0.12799717485904694,0.17760731279850007,0.975741982460022],"EasingStyle":"Linear","EasingDirection":"In"},"HumanoidRootPart":{"Weight":1,"CFrame":[0,0,0,1,0,0,0,1,0,0,0,1],"EasingStyle":"Linear","EasingDirection":"In"},"Left Arm":{"Weight":1,"CFrame":[-0.3600713014602661,-0.22875279188156129,0.2680788040161133,-0.0074876402504742149,0.7594011425971985,0.650579571723938,-0.741619884967804,-0.4406365156173706,0.5058057308197022,0.6707785129547119,-0.47869545221328738,0.5664864182472229],"EasingStyle":"Linear","EasingDirection":"In"}}},{"Time":0.2666666805744171,"poses":{"Left Leg":{"Weight":1,"CFrame":[-0.2402123212814331,0.08549648523330689,0.07827639579772949,0.9738420248031616,0.05265171453356743,0.22104203701019288,-0.032114338129758838,0.9949113726615906,-0.09550000727176666,-0.22494548559188844,0.08590330928564072,0.9705772399902344],"EasingStyle":"Linear","EasingDirection":"In"},"Right Arm":{"Weight":1,"CFrame":[0.35527700185775759,-0.07368934154510498,0.2754631042480469,0.0416385717689991,-0.58894282579422,-0.8071013689041138,0.7187695503234863,-0.5434446930885315,0.4336337149143219,-0.6940005421638489,-0.5981757640838623,0.4006858170032501],"EasingStyle":"Linear","EasingDirection":"In"},"Head":{"Weight":1,"CFrame":[5.9138983488082889e-8,7.369089871644974e-8,3.5762786865234377e-7,0.9888311624526978,0.01024871040135622,0.1486872285604477,0.01246826071292162,0.9884474277496338,-0.151050865650177,-0.14851756393909455,0.15121763944625855,0.9772798418998718],"EasingStyle":"Linear","EasingDirection":"In"},"Right Leg":{"Weight":1,"CFrame":[0.2172592729330063,0.37197887897491457,-0.10305500030517578,0.9644033312797546,-0.24550694227218629,-0.09824812412261963,0.2627846896648407,0.8483233451843262,0.4596649408340454,-0.02950473129749298,-0.46912047266960146,0.8826411962509155],"EasingStyle":"Linear","EasingDirection":"In"},"Torso":{"Weight":1,"CFrame":[0.14271217584609986,-0.11440175771713257,-0.18066120147705079,0.9789240956306458,0.14053304493427277,-0.14818283915519715,-0.1618179827928543,0.9764043688774109,-0.1430021971464157,0.12458982318639755,0.16396695375442506,0.9785664081573486],"EasingStyle":"Linear","EasingDirection":"In"},"HumanoidRootPart":{"Weight":1,"CFrame":[0,0,0,1,0,0,0,1,0,0,0,1],"EasingStyle":"Linear","EasingDirection":"In"},"Left Arm":{"Weight":1,"CFrame":[-0.402985155582428,-0.2470521628856659,0.26352500915527346,-0.012132746167480946,0.816085696220398,0.5778036117553711,-0.7958356738090515,-0.35772982239723208,0.48854389786720278,0.6053912043571472,-0.4539092779159546,0.6538102626800537],"EasingStyle":"Linear","EasingDirection":"In"}}},{"Time":0.30000001192092898,"poses":{"Left Leg":{"Weight":1,"CFrame":[-0.25262269377708437,0.09173566102981568,0.0772010087966919,0.9753224849700928,0.008151601999998093,0.22063469886779786,0.0064079370349645618,0.997852087020874,-0.06519341468811035,-0.22069218754768372,0.06499839574098587,0.9731752872467041],"EasingStyle":"Linear","EasingDirection":"In"},"Right Arm":{"Weight":1,"CFrame":[0.3652189075946808,-0.12521392107009889,0.229103684425354,-0.09472376108169556,-0.7384374141693115,-0.667635977268219,0.7985368967056274,-0.45682817697525027,0.39197808504104617,-0.5944461822509766,-0.4960024058818817,0.6329419612884522],"EasingStyle":"Linear","EasingDirection":"In"},"Head":{"Weight":1,"CFrame":[6.763730198144913e-8,-3.259629011154175e-9,0,0.9915435910224915,0.008271305821835995,0.1295107752084732,0.010204694233834744,0.9899072051048279,-0.14134910702705384,-0.12937280535697938,0.1414753645658493,0.981451690196991],"EasingStyle":"Linear","EasingDirection":"In"},"Right Leg":{"Weight":1,"CFrame":[0.2535054385662079,0.36624008417129519,-0.09771764278411865,0.9785336256027222,-0.18793648481369019,-0.08456843346357346,0.2058602124452591,0.8721155524253845,0.4438873529434204,-0.00966909620910883,-0.4517679810523987,0.8920830488204956],"EasingStyle":"Linear","EasingDirection":"In"},"Torso":{"Weight":1,"CFrame":[0.13306784629821778,-0.0869661420583725,-0.17525386810302735,0.9813570976257324,0.13761302828788758,-0.13416776061058045,-0.1526060253381729,0.9822902083396912,-0.10870769619941712,0.11683208495378494,0.1271558701992035,0.9849780201911926],"EasingStyle":"Linear","EasingDirection":"In"},"HumanoidRootPart":{"Weight":1,"CFrame":[0,0,0,1,0,0,0,1,0,0,0,1],"EasingStyle":"Linear","EasingDirection":"In"},"Left Arm":{"Weight":1,"CFrame":[-0.4349638521671295,-0.2648555040359497,0.25116395950317385,-0.04715414345264435,0.8710190057754517,0.4889810383319855,-0.8506983518600464,-0.29158705472946169,0.4373663663864136,0.5235349535942078,-0.395351767539978,0.754723846912384],"EasingStyle":"Linear","EasingDirection":"In"}}},{"Time":0.3333333432674408,"poses":{"Left Leg":{"Weight":1,"CFrame":[-0.27394765615463259,0.10245347023010254,0.07206785678863526,0.9765976071357727,-0.04954245686531067,0.20929086208343507,0.054737672209739688,0.9983181357383728,-0.01910066232085228,-0.20799261331558228,0.030109766870737077,0.9776668548583984],"EasingStyle":"Linear","EasingDirection":"In"},"Right Arm":{"Weight":1,"CFrame":[0.3703240752220154,-0.18534353375434876,0.1694720983505249,-0.22127343714237214,-0.8621006608009338,-0.45587339997291567,0.8650631308555603,-0.3893279731273651,0.31636950373649599,-0.45022663474082949,-0.3243551552295685,0.8319193720817566],"EasingStyle":"Linear","EasingDirection":"In"},"Head":{"Weight":1,"CFrame":[7.962808012962341e-8,-1.5308614820241929e-8,2.384185791015625e-7,0.9948505759239197,0.005762715358287096,0.1011885404586792,0.007273347117006779,0.9917489290237427,-0.1279895156621933,-0.1010911837220192,0.12806642055511475,0.9866000413894653],"EasingStyle":"Linear","EasingDirection":"In"},"Right Leg":{"Weight":1,"CFrame":[0.29893413186073305,0.35096150636672976,-0.08470749855041504,0.9919876456260681,-0.10165520012378693,-0.07501128315925598,0.12378789484500885,0.9007307887077332,0.41636577248573305,0.02523929625749588,-0.4223153293132782,0.9060976505279541],"EasingStyle":"Linear","EasingDirection":"In"},"Torso":{"Weight":1,"CFrame":[0.11763826012611389,-0.04950307309627533,-0.16985249519348145,0.9858407974243164,0.12398997694253922,-0.11289115250110626,-0.13152103126049043,0.9893802404403687,-0.061878837645053866,0.10401991754770279,0.07585024833679199,0.9916787147521973],"EasingStyle":"Linear","EasingDirection":"In"},"HumanoidRootPart":{"Weight":1,"CFrame":[0,0,0,1,0,0,0,1,0,0,0,1],"EasingStyle":"Linear","EasingDirection":"In"},"Left Arm":{"Weight":1,"CFrame":[-0.45681074261665347,-0.2811537981033325,0.22709238529205323,-0.09632822871208191,0.920788049697876,0.37798193097114565,-0.9002781510353088,-0.24256587028503419,0.36147090792655947,0.42452356219291689,-0.3054690957069397,0.852331280708313],"EasingStyle":"Linear","EasingDirection":"In"}}},{"Time":0.36666667461395266,"poses":{"Left Leg":{"Weight":1,"CFrame":[-0.36046797037124636,0.14422106742858888,0.07234418392181397,0.9715287089347839,-0.14466655254364015,0.1876262128353119,0.13935792446136475,0.9893825054168701,0.04125376045703888,-0.19160215556621552,-0.01393202692270279,0.9813737869262695],"EasingStyle":"Linear","EasingDirection":"In"},"Right Arm":{"Weight":1,"CFrame":[0.3722049593925476,-0.247153639793396,0.09960973262786865,-0.2984495759010315,-0.9312540888786316,-0.2090308964252472,0.9088568091392517,-0.3441654145717621,0.23564723134040833,-0.29138869047164919,-0.11965043097734451,0.949092447757721],"EasingStyle":"Linear","EasingDirection":"In"},"Head":{"Weight":1,"CFrame":[6.030313670635224e-8,2.2118911147117616e-9,-2.980232238769531e-7,0.9977635741233826,0.003299569245427847,0.0667615458369255,0.00429634191095829,0.9935499429702759,-0.1133139356970787,-0.06670481711626053,0.11334732174873352,0.9913137555122376],"EasingStyle":"Linear","EasingDirection":"In"},"Right Leg":{"Weight":1,"CFrame":[0.39588406682014468,0.35502123832702639,-0.07267171144485474,0.9968042969703674,0.029221462085843087,-0.0743463933467865,0.0014844154939055443,0.9237555265426636,0.3829798400402069,0.07986919581890106,-0.3818664252758026,0.9207600355148315],"EasingStyle":"Linear","EasingDirection":"In"},"Torso":{"Weight":1,"CFrame":[0.096249520778656,-0.008387217298150063,-0.1997668743133545,0.9910801649093628,0.10100898146629334,-0.08693274855613709,-0.10229737311601639,0.9946986436843872,-0.010484011843800545,0.0854129046201706,0.019283486530184747,0.996159017086029],"EasingStyle":"Linear","EasingDirection":"In"},"HumanoidRootPart":{"Weight":1,"CFrame":[0,0,0,1,0,0,0,1,0,0,0,1],"EasingStyle":"Linear","EasingDirection":"In"},"Left Arm":{"Weight":1,"CFrame":[-0.4693295359611511,-0.2949408292770386,0.18740713596343995,-0.1438768208026886,0.959090530872345,0.2438131421804428,-0.9386273622512817,-0.2103094905614853,0.27340221405029299,0.3134936988353729,-0.18951347470283509,0.9304872751235962],"EasingStyle":"Linear","EasingDirection":"In"}}},{"Time":0.4000000059604645,"poses":{"Left Leg":{"Weight":1,"CFrame":[-0.5016272664070129,0.22210073471069337,0.06429827213287354,0.9530985355377197,-0.2583228647708893,0.15771014988422395,0.24194057285785676,0.9633557200431824,0.11580450087785721,-0.18184588849544526,-0.07221661508083344,0.9806717038154602],"EasingStyle":"Linear","EasingDirection":"In"},"Right Arm":{"Weight":1,"CFrame":[0.3724736273288727,-0.3037182688713074,0.022557616233825685,-0.31574079394340517,-0.9486823081970215,0.017595166340470315,0.934199869632721,-0.30756819248199465,0.18075551092624665,-0.16606783866882325,0.07350920140743256,0.9833707213401794],"EasingStyle":"Linear","EasingDirection":"In"},"Head":{"Weight":1,"CFrame":[7.404014468193054e-8,1.0186340659856797e-8,-1.1920928955078126e-7,0.9995675086975098,0.0012493408285081387,0.02938202954828739,0.0016881340416148306,0.9950122833251953,-0.09973855316638947,-0.029360083863139154,0.09974503517150879,0.9945797920227051],"EasingStyle":"Linear","EasingDirection":"In"},"Right Leg":{"Weight":1,"CFrame":[0.5270559787750244,0.37863969802856448,-0.05778545141220093,0.9801055192947388,0.17968913912773133,-0.08429204672574997,-0.14018502831459046,0.9273648858070374,0.3469043970108032,0.14050450921058656,-0.32818639278411868,0.9341050386428833],"EasingStyle":"Linear","EasingDirection":"In"},"Torso":{"Weight":1,"CFrame":[0.06896385550498963,0.02963419258594513,-0.2804567813873291,0.9957778453826904,0.07067719846963883,-0.05857701599597931,-0.06858188658952713,0.996957540512085,0.037042759358882907,0.06101686879992485,-0.03286902979016304,0.997595489025116],"EasingStyle":"Linear","EasingDirection":"In"},"HumanoidRootPart":{"Weight":1,"CFrame":[0,0,0,1,0,0,0,1,0,0,0,1],"EasingStyle":"Linear","EasingDirection":"In"},"Left Arm":{"Weight":1,"CFrame":[-0.4733239710330963,-0.30520832538604739,0.1282048225402832,-0.1760275959968567,0.9799902439117432,0.09291588515043259,-0.9631795287132263,-0.19095315039157868,0.18926753103733064,0.20322285592556,-0.056178368628025058,0.9775195717811585],"EasingStyle":"Linear","EasingDirection":"In"}}},{"Time":0.4333333373069763,"poses":{"Left Leg":{"Weight":1,"CFrame":[-0.6258412599563599,0.3175066113471985,0.02820873260498047,0.9327507615089417,-0.3387390673160553,0.12341798096895218,0.3106723725795746,0.9289019107818604,0.2015540599822998,-0.18291747570037843,-0.14965714514255525,0.9716707468032837],"EasingStyle":"Linear","EasingDirection":"In"},"Right Arm":{"Weight":1,"CFrame":[0.37073996663093569,-0.34920528531074526,-0.05874598026275635,-0.2955048680305481,-0.9357509016990662,0.19247658550739289,0.9496889114379883,-0.26584866642951968,0.16557623445987702,-0.10376844555139542,0.23172137141227723,0.9672317504882813],"EasingStyle":"Linear","EasingDirection":"In"},"Head":{"Weight":1,"CFrame":[8.381903171539307e-8,-1.4260876923799515e-9,-1.1920928955078126e-7,0.9999702572822571,-0.000289275252725929,-0.00771622359752655,-0.00040434912079945207,0.9959653615951538,-0.0897381454706192,0.007711047772318125,0.08973859250545502,0.9959354996681213],"EasingStyle":"Linear","EasingDirection":"In"},"Right Leg":{"Weight":1,"CFrame":[0.6321410536766052,0.400318443775177,-0.031081736087799073,0.948199450969696,0.3002644181251526,-0.10372626036405564,-0.2573757767677307,0.9175071716308594,0.3032134473323822,0.18621380627155305,-0.2608102262020111,0.9472605586051941],"EasingStyle":"Linear","EasingDirection":"In"},"Torso":{"Weight":1,"CFrame":[0.03641703724861145,0.057595252990722659,-0.37909531593322756,0.9989259243011475,0.035823483020067218,-0.029391583055257798,-0.033630311489105228,0.9968379139900208,0.07199408859014511,0.031877726316452029,-0.07092831283807755,0.9969719052314758],"EasingStyle":"Linear","EasingDirection":"In"},"HumanoidRootPart":{"Weight":1,"CFrame":[0,0,0,1,0,0,0,1,0,0,0,1],"EasingStyle":"Linear","EasingDirection":"In"},"Left Arm":{"Weight":1,"CFrame":[-0.4701159596443176,-0.31150776147842409,0.046247124671936038,-0.19169943034648896,0.9785603880882263,-0.0753059908747673,-0.974063515663147,-0.18029680848121644,0.13672414422035218,0.12021541595458985,0.0995626449584961,0.9877426624298096],"EasingStyle":"Linear","EasingDirection":"In"}}},{"Time":0.46666666865348818,"poses":{"Left Leg":{"Weight":1,"CFrame":[-0.701822817325592,0.41640543937683108,-0.03469020128250122,0.9262095093727112,-0.3656267821788788,0.09194061160087586,0.32598721981048586,0.8991892337799072,0.29187506437301638,-0.18938936293125153,-0.24036602675914765,0.9520272016525269],"EasingStyle":"Linear","EasingDirection":"In"},"Right Arm":{"Weight":1,"CFrame":[0.36573266983032229,-0.382152259349823,-0.1417757272720337,-0.2646982669830322,-0.9041033983230591,0.3354578912258148,0.9609916806221008,-0.21838068962097169,0.16972032189369203,-0.08018714189529419,0.3672967851161957,0.9266408085823059],"EasingStyle":"Linear","EasingDirection":"In"},"Head":{"Weight":1,"CFrame":[8.742277657347586e-8,-2.9802322387695315e-8,2.384185791015625e-7,0.9991462826728821,-0.0014668258372694255,-0.04128699004650116,-0.0020831420551985504,0.9963094592094421,-0.08580853044986725,0.0412604883313179,0.08582127094268799,0.9954558610916138],"EasingStyle":"Linear","EasingDirection":"In"},"Right Leg":{"Weight":1,"CFrame":[0.6904882192611694,0.41302382946014407,0.008902430534362793,0.9195023775100708,0.3706531226634979,-0.13088804483413697,-0.3320333957672119,0.9105990529060364,0.2460959106683731,0.21040278673171998,-0.18282659351825715,0.9603672027587891],"EasingStyle":"Linear","EasingDirection":"In"},"Torso":{"Weight":1,"CFrame":[0,0.06848327815532685,-0.46199798583984377,1,0,-8.742277657347586e-8,7.48374695547227e-9,0.9963292479515076,0.08560408651828766,8.710186705229717e-8,-0.08560408651828766,0.9963292479515076],"EasingStyle":"Linear","EasingDirection":"In"},"HumanoidRootPart":{"Weight":1,"CFrame":[0,0,0,1,0,0,0,1,0,0,0,1],"EasingStyle":"Linear","EasingDirection":"In"},"Left Arm":{"Weight":1,"CFrame":[-0.46140846610069277,-0.3147427439689636,-0.054755449295043948,-0.20181773602962495,0.9440168738365173,-0.26096323132514956,-0.9770505428314209,-0.1755160689353943,0.12069153040647507,0.06813158094882965,0.27933183312416079,0.9577744603157044],"EasingStyle":"Linear","EasingDirection":"In"}}},{"Time":0.5,"poses":{"Left Leg":{"Weight":1,"CFrame":[-0.7155314683914185,0.4942038655281067,-0.10346245765686035,0.9394308924674988,-0.3351181149482727,0.07187268882989884,0.28612539172172549,0.8822638988494873,0.37382176518440249,-0.18868513405323029,-0.3306151032447815,0.9247115850448608],"EasingStyle":"Linear","EasingDirection":"In"},"Right Arm":{"Weight":1,"CFrame":[0.35774192214012148,-0.402191698551178,-0.22410929203033448,-0.22757497429847718,-0.8502417802810669,0.474656343460083,0.9719093441963196,-0.1682874709367752,0.16453421115875245,-0.060015082359313968,0.49876677989959719,0.8646559119224548],"EasingStyle":"Linear","EasingDirection":"In"},"Head":{"Weight":1,"CFrame":[9.080395102500916e-8,4.918547347187996e-9,-4.172325134277344e-7,0.9976298213005066,-0.0025773870293051006,-0.06876151263713837,-0.003603898687288165,0.9959695935249329,-0.0896192193031311,0.06871535629034043,0.08965460956096649,0.9935997128486633],"EasingStyle":"Linear","EasingDirection":"In"},"Right Leg":{"Weight":1,"CFrame":[0.6952878832817078,0.4022376537322998,0.05922806262969971,0.9092028141021729,0.3837348222732544,-0.16154782474040986,-0.35716712474823,0.9182509183883667,0.17101746797561646,0.21396683156490327,-0.09778999537229538,0.971933901309967],"EasingStyle":"Linear","EasingDirection":"In"},"Torso":{"Weight":1,"CFrame":[-0.038097113370895389,0.057569727301597598,-0.4960751533508301,0.999008297920227,-0.033155571669340137,0.029717447236180307,0.030945848673582078,0.9969272017478943,0.07196217030286789,-0.032012078911066058,-0.07097116857767105,0.9969645738601685],"EasingStyle":"Linear","EasingDirection":"In"},"HumanoidRootPart":{"Weight":1,"CFrame":[0,0,0,1,0,0,0,1,0,0,0,1],"EasingStyle":"Linear","EasingDirection":"In"},"Left Arm":{"Weight":1,"CFrame":[-0.4485764503479004,-0.3159346580505371,-0.16828548908233643,-0.2107858806848526,0.8684782385826111,-0.44868147373199465,-0.977099597454071,-0.1735321581363678,0.12313862890005112,0.029082562774419786,0.4643622040748596,0.8851677775382996],"EasingStyle":"Linear","EasingDirection":"In"}}},{"Time":0.5333333611488342,"poses":{"Left Leg":{"Weight":1,"CFrame":[-0.6777922511100769,0.5368512868881226,-0.1549396514892578,0.9629618525505066,-0.26156485080718996,0.06548604369163513,0.20785467326641084,0.8747949004173279,0.437641978263855,-0.17175863683223725,-0.4078209102153778,0.8967615365982056],"EasingStyle":"Linear","EasingDirection":"In"},"Right Arm":{"Weight":1,"CFrame":[0.3470582962036133,-0.4089534878730774,-0.30332404375076296,-0.17629940807819367,-0.7583766579627991,0.6275216937065125,0.9842773079872131,-0.12881875038146974,0.12084728479385376,-0.010811182670295239,0.638960599899292,0.7691634893417358],"EasingStyle":"Linear","EasingDirection":"In"},"Head":{"Weight":1,"CFrame":[9.73232090473175e-8,6.2282197177410129e-9,-2.980232238769531e-7,0.9959204792976379,-0.0038341921754181387,-0.09015502780675888,-0.005180068779736757,0.9950200915336609,-0.09954002499580383,0.09008772671222687,0.09960094839334488,0.9909409880638123],"EasingStyle":"Linear","EasingDirection":"In"},"Right Leg":{"Weight":1,"CFrame":[0.6587721705436707,0.3617028594017029,0.10704267024993897,0.9174212217330933,0.35012704133987429,-0.1890750676393509,-0.33995887637138369,0.936603844165802,0.08486010879278183,0.20680031180381776,-0.013574773445725441,0.9782890677452087],"EasingStyle":"Linear","EasingDirection":"In"},"Torso":{"Weight":1,"CFrame":[-0.07511387765407562,0.02945118397474289,-0.4785633087158203,0.9963114857673645,-0.06176355853676796,0.05957236513495445,0.05963856726884842,0.997541069984436,0.03681398183107376,-0.06169963628053665,-0.0331253819167614,0.9975450038909912],"EasingStyle":"Linear","EasingDirection":"In"},"HumanoidRootPart":{"Weight":1,"CFrame":[0,0,0,1,0,0,0,1,0,0,0,1],"EasingStyle":"Linear","EasingDirection":"In"},"Left Arm":{"Weight":1,"CFrame":[-0.43299466371536257,-0.31610506772994997,-0.28782498836517336,-0.21697743237018586,0.7530965805053711,-0.6211010813713074,-0.9760579466819763,-0.1772947907447815,0.1260061264038086,-0.015223176218569279,0.6335709095001221,0.7735347151756287],"EasingStyle":"Linear","EasingDirection":"In"}}},{"Time":0.5666666626930237,"poses":{"Left Leg":{"Weight":1,"CFrame":[-0.6083362102508545,0.5540494918823242,-0.18495899438858033,0.984298586845398,-0.16177113354206086,0.07061486691236496,0.10799051076173783,0.8683578372001648,0.48403793573379519,-0.13962236046791078,-0.46881213784217837,0.8721932172775269],"EasingStyle":"Linear","EasingDirection":"In"},"Right Arm":{"Weight":1,"CFrame":[0.3341677188873291,-0.40245431661605837,-0.3769978880882263,-0.10078039765357971,-0.6133686304092407,0.7833405137062073,0.991537868976593,-0.12667979300022126,0.02837349846959114,0.08183006197214127,0.7795711755752564,0.6209448575973511],"EasingStyle":"Linear","EasingDirection":"In"},"Head":{"Weight":1,"CFrame":[5.2386894822120669e-8,6.05359673500061e-9,0,0.9943376779556274,-0.005246624816209078,-0.10613743215799332,-0.0068310522474348549,0.9935590028762817,-0.11310985684394837,0.10604725033044815,0.11319442838430405,0.9878973364830017],"EasingStyle":"Linear","EasingDirection":"In"},"Right Leg":{"Weight":1,"CFrame":[0.6004965901374817,0.3082590699195862,0.13928020000457765,0.9355345964431763,0.2848750948905945,-0.20885716378688813,-0.2911423146724701,0.9566794633865356,0.0007682377472519875,0.20002830028533936,0.06008843332529068,0.9779459238052368],"EasingStyle":"Linear","EasingDirection":"In"},"Torso":{"Weight":1,"CFrame":[-0.10877788066864014,-0.008898785337805748,-0.43558788299560549,0.9924488663673401,-0.08491818606853485,0.08851050585508347,0.08623228967189789,0.9962129592895508,-0.011123488657176495,-0.08723071962594986,0.018671955913305284,0.9960132241249085],"EasingStyle":"Linear","EasingDirection":"In"},"HumanoidRootPart":{"Weight":1,"CFrame":[0,0,0,1,0,0,0,1,0,0,0,1],"EasingStyle":"Linear","EasingDirection":"In"},"Left Arm":{"Weight":1,"CFrame":[-0.41603797674179079,-0.3049452304840088,-0.4068561792373657,-0.21483618021011353,0.6101546883583069,-0.7625986337661743,-0.973720133304596,-0.1942531168460846,0.11889071762561798,-0.07559545338153839,0.7680996060371399,0.6358523964881897],"EasingStyle":"Linear","EasingDirection":"In"}}},{"Time":0.6000000238418579,"poses":{"Left Leg":{"Weight":1,"CFrame":[-0.5155420899391174,0.544797420501709,-0.19265997409820558,0.9955606460571289,-0.04586733877658844,0.08219020813703537,-0.0028918699827045204,0.8579078316688538,0.5137953758239746,-0.09407806396484375,-0.5117521286010742,0.8539666533470154],"EasingStyle":"Linear","EasingDirection":"In"},"Right Arm":{"Weight":1,"CFrame":[0.320338636636734,-0.3818169832229614,-0.4427085518836975,-0.013424167409539223,-0.445842981338501,0.8950106501579285,0.9832797050476074,-0.16845493018627168,-0.06916654855012894,0.18160639703273774,0.8791171908378601,0.44064968824386599],"EasingStyle":"Linear","EasingDirection":"In"},"Head":{"Weight":1,"CFrame":[1.2014061212539674e-7,1.5599653124809266e-8,0,0.9930640459060669,-0.006686140783131123,-0.1173846423625946,-0.00843837670981884,0.9917541742324829,-0.12787747383117677,0.11727169156074524,0.1279810518026352,0.9848188757896423],"EasingStyle":"Linear","EasingDirection":"In"},"Right Leg":{"Weight":1,"CFrame":[0.5273164510726929,0.24752277135849,0.15150666236877442,0.9551916718482971,0.19819308817386628,-0.21983712911605836,-0.2185581475496292,0.973141610622406,-0.0723031684756279,0.19960275292396546,0.11711056530475617,0.9728534817695618],"EasingStyle":"Linear","EasingDirection":"In"},"Torso":{"Weight":1,"CFrame":[-0.1373623013496399,-0.050417959690093997,-0.3783431053161621,0.9880947470664978,-0.10242496430873871,0.11479591578245163,0.11014294624328613,0.9919157028198242,-0.06302244961261749,-0.10741280764341355,0.07491610199213028,0.9913879632949829],"EasingStyle":"Linear","EasingDirection":"In"},"HumanoidRootPart":{"Weight":1,"CFrame":[0,0,0,1,0,0,0,1,0,0,0,1],"EasingStyle":"Linear","EasingDirection":"In"},"Left Arm":{"Weight":1,"CFrame":[-0.39908137917518618,-0.27348488569259646,-0.5188607573509216,-0.20859453082084657,0.46350619196891787,-0.8611913919448853,-0.9679229259490967,-0.22393599152565003,0.11392095685005188,-0.14004865288734437,0.8573299646377564,0.4953500032424927],"EasingStyle":"Linear","EasingDirection":"In"}}},{"Time":0.6333333253860474,"poses":{"Left Leg":{"Weight":1,"CFrame":[-0.406637966632843,0.5091378092765808,-0.18118637800216676,0.9926655292510986,0.07559837400913239,0.09433984011411667,-0.11433704197406769,0.8405724167823792,0.529495120048523,-0.03927050530910492,-0.53639817237854,0.843051016330719],"EasingStyle":"Linear","EasingDirection":"In"},"Right Arm":{"Weight":1,"CFrame":[0.3070344626903534,-0.34532827138900759,-0.4980332851409912,0.0550236813724041,-0.3077525496482849,0.9498741030693054,0.9645347595214844,-0.22957876324653626,-0.13025493919849397,0.25815731287002566,0.9233536124229431,0.28420570492744448],"EasingStyle":"Linear","EasingDirection":"In"},"Head":{"Weight":1,"CFrame":[-1.30385160446167e-8,-1.280568540096283e-8,3.5762786865234377e-7,0.992178201675415,-0.007956992834806443,-0.12457643449306488,-0.00981642957776784