{"Sequence":[{"Time":0,"poses":{"Left Leg":{"Weight":1,"CFrame":[-0.31114596128463747,-0.10716092586517334,0.11080682277679444,0.8176306486129761,-0.49777430295944216,0.28931134939193728,0.5346501469612122,0.8428862690925598,-0.06076248735189438,-0.2136106789112091,0.204361692070961,0.9553046226501465],"EasingStyle":"Constant","EasingDirection":"In"},"Right Arm":{"Weight":1,"CFrame":[-0.767593502998352,-0.09611648321151734,0.11086869239807129,0.7281836867332459,-0.35196453332901,0.5881068110466003,0.4432045519351959,0.8963356018066406,-0.012337882071733475,-0.522798478603363,0.26963570713996889,0.8086892366409302],"EasingStyle":"Constant","EasingDirection":"In"},"Head":{"Weight":1,"CFrame":[1.0803341865539551e-7,4.470348358154297e-8,1.1920928955078126e-7,0.9456015825271606,0.3180614709854126,-0.0683722198009491,-0.32529470324516299,0.927364706993103,-0.18487320840358735,0.0046049500815570358,0.19705748558044434,0.9803811311721802],"EasingStyle":"Constant","EasingDirection":"In"},"Left Arm":{"Weight":1,"CFrame":[0.8103567361831665,-0.13788887858390809,0.11098337173461914,0.763991117477417,0.3774701654911041,-0.5232914090156555,-0.4362512528896332,0.8997434973716736,0.012104508467018605,0.47539710998535159,0.2190386950969696,0.8520678877830505],"EasingStyle":"Constant","EasingDirection":"In"},"Torso":{"Weight":1,"CFrame":[-0.24995866417884828,0.1554340422153473,-0.08764123916625977,0.9048534035682678,-0.41574811935424807,-0.09161895513534546,0.4232521951198578,0.901676595211029,0.08852685242891312,0.04580579325556755,-0.11888173222541809,0.991851270198822],"EasingStyle":"Constant","EasingDirection":"In"},"HumanoidRootPart":{"Weight":0,"CFrame":[0,0,0,1,0,0,0,1,0,0,0,1],"EasingStyle":"Linear","EasingDirection":"In"},"Right Leg":{"Weight":1,"CFrame":[0.3584641218185425,0.34958046674728396,-0.03264820575714111,0.8992444276809692,-0.4275018572807312,0.09274560958147049,0.42900705337524416,0.9032920598983765,0.004062799736857414,-0.0855131596326828,0.0361349880695343,0.995681643486023],"EasingStyle":"Constant","EasingDirection":"In"}}},{"Time":0.0416666679084301,"poses":{"Left Leg":{"Weight":1,"CFrame":[-0.31114596128463747,-0.10716092586517334,0.11080682277679444,0.8176306486129761,-0.49777430295944216,0.28931134939193728,0.5346501469612122,0.8428862690925598,-0.06076248735189438,-0.2136106789112091,0.204361692070961,0.9553046226501465],"EasingStyle":"Constant","EasingDirection":"In"},"Right Arm":{"Weight":1,"CFrame":[-0.767593502998352,-0.09611648321151734,0.11086869239807129,0.7281836867332459,-0.35196453332901,0.5881068110466003,0.4432045519351959,0.8963356018066406,-0.012337882071733475,-0.522798478603363,0.26963570713996889,0.8086892366409302],"EasingStyle":"Constant","EasingDirection":"In"},"Head":{"Weight":1,"CFrame":[1.0803341865539551e-7,4.470348358154297e-8,1.1920928955078126e-7,0.9456015825271606,0.3180614709854126,-0.0683722198009491,-0.32529470324516299,0.927364706993103,-0.18487320840358735,0.0046049500815570358,0.19705748558044434,0.9803811311721802],"EasingStyle":"Constant","EasingDirection":"In"},"Left Arm":{"Weight":1,"CFrame":[0.8103567361831665,-0.13788887858390809,0.11098337173461914,0.763991117477417,0.3774701654911041,-0.5232914090156555,-0.4362512528896332,0.8997434973716736,0.012104508467018605,0.47539710998535159,0.2190386950969696,0.8520678877830505],"EasingStyle":"Constant","EasingDirection":"In"},"Torso":{"Weight":1,"CFrame":[-0.24995866417884828,0.1554340422153473,-0.08764123916625977,0.9048534035682678,-0.41574811935424807,-0.09161895513534546,0.4232521951198578,0.901676595211029,0.08852685242891312,0.04580579325556755,-0.11888173222541809,0.991851270198822],"EasingStyle":"Constant","EasingDirection":"In"},"HumanoidRootPart":{"Weight":0,"CFrame":[0,0,0,1,0,0,0,1,0,0,0,1],"EasingStyle":"Linear","EasingDirection":"In"},"Right Leg":{"Weight":1,"CFrame":[0.3584641218185425,0.34958046674728396,-0.03264820575714111,0.8992444276809692,-0.4275018572807312,0.09274560958147049,0.42900705337524416,0.9032920598983765,0.004062799736857414,-0.0855131596326828,0.0361349880695343,0.995681643486023],"EasingStyle":"Constant","EasingDirection":"In"}}},{"Time":0.0833333358168602,"poses":{"Left Leg":{"Weight":1,"CFrame":[-0.18795013427734376,-0.23038709163665772,0.08255994319915772,0.5793731212615967,-0.756755530834198,0.30273398756980898,0.7954091429710388,0.6060284376144409,-0.0073438845574855808,-0.17790788412094117,0.24505218863487245,0.9530467987060547],"EasingStyle":"Constant","EasingDirection":"In"},"Right Arm":{"Weight":1,"CFrame":[-0.8616837859153748,-0.16876959800720216,0.10211658477783203,0.7051262259483337,-0.471310555934906,0.5297767519950867,0.5515758991241455,0.8340873718261719,0.007896712981164456,-0.4456019401550293,0.28664377331733706,0.8481004238128662],"EasingStyle":"Constant","EasingDirection":"In"},"Head":{"Weight":1,"CFrame":[8.940696716308594e-8,7.450580596923828e-8,1.1920928955078126e-7,0.9561024904251099,0.291770339012146,0.027167905122041704,-0.2707783877849579,0.915127158164978,-0.2986994683742523,-0.11201372742652893,0.27823084592819216,0.9539604783058167],"EasingStyle":"Constant","EasingDirection":"In"},"Left Arm":{"Weight":1,"CFrame":[1.191982626914978,-0.23924356698989869,0.11760842800140381,0.5749340653419495,0.5785177946090698,-0.5785913467407227,-0.6290693879127502,0.7647236585617065,0.13953323662281037,0.5231848955154419,0.2837516665458679,0.8035934567451477],"EasingStyle":"Constant","EasingDirection":"In"},"Torso":{"Weight":1,"CFrame":[-0.39887893199920657,0.24044182896614076,-0.30556535720825198,0.898733913898468,-0.38724449276924136,-0.2057161182165146,0.4220925569534302,0.8911157846450806,0.16658499836921693,0.11880776286125183,-0.2365468293428421,0.964328944683075],"EasingStyle":"Constant","EasingDirection":"In"},"HumanoidRootPart":{"Weight":0,"CFrame":[0,0,0,1,0,0,0,1,0,0,0,1],"EasingStyle":"Linear","EasingDirection":"In"},"Right Leg":{"Weight":1,"CFrame":[0.2657216787338257,0.13417929410934449,-0.0027714967727661134,0.9861058592796326,-0.16599419713020326,-0.006413954310119152,0.16611765325069428,0.9854554533958435,0.03581125661730766,0.0003763361892197281,-0.03637923300266266,0.9993380308151245],"EasingStyle":"Constant","EasingDirection":"In"}}},{"Time":0.125,"poses":{"Left Leg":{"Weight":1,"CFrame":[-0.18795013427734376,-0.23038709163665772,0.08255994319915772,0.5793731212615967,-0.756755530834198,0.30273398756980898,0.7954091429710388,0.6060284376144409,-0.0073438845574855808,-0.17790788412094117,0.24505218863487245,0.9530467987060547],"EasingStyle":"Constant","EasingDirection":"In"},"Right Arm":{"Weight":1,"CFrame":[-0.8616837859153748,-0.16876959800720216,0.10211658477783203,0.7051262259483337,-0.471310555934906,0.5297767519950867,0.5515758991241455,0.8340873718261719,0.007896712981164456,-0.4456019401550293,0.28664377331733706,0.8481004238128662],"EasingStyle":"Constant","EasingDirection":"In"},"Head":{"Weight":1,"CFrame":[8.940696716308594e-8,7.450580596923828e-8,1.1920928955078126e-7,0.9561024904251099,0.291770339012146,0.027167905122041704,-0.2707783877849579,0.915127158164978,-0.2986994683742523,-0.11201372742652893,0.27823084592819216,0.9539604783058167],"EasingStyle":"Constant","EasingDirection":"In"},"Left Arm":{"Weight":1,"CFrame":[1.191982626914978,-0.23924356698989869,0.11760842800140381,0.5749340653419495,0.5785177946090698,-0.5785913467407227,-0.6290693879127502,0.7647236585617065,0.13953323662281037,0.5231848955154419,0.2837516665458679,0.8035934567451477],"EasingStyle":"Constant","EasingDirection":"In"},"Torso":{"Weight":1,"CFrame":[-0.39887893199920657,0.24044182896614076,-0.30556535720825198,0.898733913898468,-0.38724449276924136,-0.2057161182165146,0.4220925569534302,0.8911157846450806,0.16658499836921693,0.11880776286125183,-0.2365468293428421,0.964328944683075],"EasingStyle":"Constant","EasingDirection":"In"},"HumanoidRootPart":{"Weight":0,"CFrame":[0,0,0,1,0,0,0,1,0,0,0,1],"EasingStyle":"Linear","EasingDirection":"In"},"Right Leg":{"Weight":1,"CFrame":[0.2657216787338257,0.13417929410934449,-0.0027714967727661134,0.9861058592796326,-0.16599419713020326,-0.006413954310119152,0.16611765325069428,0.9854554533958435,0.03581125661730766,0.0003763361892197281,-0.03637923300266266,0.9993380308151245],"EasingStyle":"Constant","EasingDirection":"In"}}},{"Time":0.1666666716337204,"poses":{"Left Leg":{"Weight":1,"CFrame":[-0.5764259696006775,-0.20265817642211915,0.2985966205596924,0.444592148065567,-0.8044430613517761,0.3939658999443054,0.8680748343467712,0.49540454149246218,0.03194574639201164,-0.2208711951971054,0.3277891278266907,0.9185697436332703],"EasingStyle":"Constant","EasingDirection":"In"},"Right Arm":{"Weight":1,"CFrame":[-0.9240570068359375,-0.2252597212791443,0.04085242748260498,0.7128171324729919,-0.5835210084915161,0.3890950381755829,0.6389229893684387,0.7690802812576294,-0.01711864583194256,-0.2892562747001648,0.26080435514450076,0.9210385084152222],"EasingStyle":"Constant","EasingDirection":"In"},"Head":{"Weight":1,"CFrame":[7.450580596923828e-8,0,2.384185791015625e-7,0.9816173911094666,0.18872538208961488,-0.028464127331972123,-0.19080357253551484,0.9667337536811829,-0.1703525185585022,-0.004632620140910149,0.17265208065509797,0.9849720001220703],"EasingStyle":"Constant","EasingDirection":"In"},"Left Arm":{"Weight":1,"CFrame":[1.069260835647583,-0.1880601942539215,-0.013636589050292969,0.7086915969848633,0.5637809634208679,-0.4241548776626587,-0.6030047535896301,0.796126127243042,0.05068044736981392,0.366253525018692,0.2198505401611328,0.9041703939437866],"EasingStyle":"Constant","EasingDirection":"In"},"Torso":{"Weight":1,"CFrame":[-0.20308829843997956,0.16002050042152406,-0.23101592063903809,0.9658974409103394,-0.23224787414073945,-0.11446860432624817,0.24366721510887147,0.9648447632789612,0.09849332273006439,0.08756957203149796,-0.12302669137716294,0.9885322451591492],"EasingStyle":"Constant","EasingDirection":"In"},"HumanoidRootPart":{"Weight":0,"CFrame":[0,0,0,1,0,0,0,1,0,0,0,1],"EasingStyle":"Linear","EasingDirection":"In"},"Right Leg":{"Weight":1,"CFrame":[0.5944071412086487,0.13884586095809937,-0.006899416446685791,0.968289852142334,0.24880924820899964,0.022554000839591028,-0.24771200120449067,0.9678915739059448,-0.042716775089502338,-0.03245816379785538,0.03577529639005661,0.9988325834274292],"EasingStyle":"Constant","EasingDirection":"In"}}},{"Time":0.2083333283662796,"poses":{"Left Leg":{"Weight":1,"CFrame":[-0.5764259696006775,-0.20265817642211915,0.2985966205596924,0.444592148065567,-0.8044430613517761,0.3939658999443054,0.8680748343467712,0.49540454149246218,0.03194574639201164,-0.2208711951971054,0.3277891278266907,0.9185697436332703],"EasingStyle":"Constant","EasingDirection":"In"},"Right Arm":{"Weight":1,"CFrame":[-0.9240570068359375,-0.2252597212791443,0.04085242748260498,0.7128171324729919,-0.5835210084915161,0.3890950381755829,0.6389229893684387,0.7690802812576294,-0.01711864583194256,-0.2892562747001648,0.26080435514450076,0.9210385084152222],"EasingStyle":"Constant","EasingDirection":"In"},"Head":{"Weight":1,"CFrame":[7.450580596923828e-8,0,2.384185791015625e-7,0.9816173911094666,0.18872538208961488,-0.028464127331972123,-0.19080357253551484,0.9667337536811829,-0.1703525185585022,-0.004632620140910149,0.17265208065509797,0.9849720001220703],"EasingStyle":"Constant","EasingDirection":"In"},"Left Arm":{"Weight":1,"CFrame":[1.069260835647583,-0.1880601942539215,-0.013636589050292969,0.7086915969848633,0.5637809634208679,-0.4241548776626587,-0.6030047535896301,0.796126127243042,0.05068044736981392,0.366253525018692,0.2198505401611328,0.9041703939437866],"EasingStyle":"Constant","EasingDirection":"In"},"Torso":{"Weight":1,"CFrame":[-0.20308829843997956,0.16002050042152406,-0.23101592063903809,0.9658974409103394,-0.23224787414073945,-0.11446860432624817,0.24366721510887147,0.9648447632789612,0.09849332273006439,0.08756957203149796,-0.12302669137716294,0.9885322451591492],"EasingStyle":"Constant","EasingDirection":"In"},"HumanoidRootPart":{"Weight":0,"CFrame":[0,0,0,1,0,0,0,1,0,0,0,1],"EasingStyle":"Linear","EasingDirection":"In"},"Right Leg":{"Weight":1,"CFrame":[0.5944071412086487,0.13884586095809937,-0.006899416446685791,0.968289852142334,0.24880924820899964,0.022554000839591028,-0.24771200120449067,0.9678915739059448,-0.042716775089502338,-0.03245816379785538,0.03577529639005661,0.9988325834274292],"EasingStyle":"Constant","EasingDirection":"In"}}},{"Time":0.25,"poses":{"Left Leg":{"Weight":1,"CFrame":[-0.8273398280143738,-0.13115966320037843,-0.07253497838973999,0.6655678749084473,-0.742090106010437,-0.07950900495052338,0.7389042377471924,0.67018723487854,-0.06978287547826767,0.10507107526063919,-0.012304253876209259,0.9943886995315552],"EasingStyle":"Constant","EasingDirection":"In"},"Right Arm":{"Weight":1,"CFrame":[-0.8590370416641235,-0.11017262935638428,-0.1448814868927002,0.8340293765068054,-0.4908697307109833,0.2518770396709442,0.5166702270507813,0.8550267815589905,-0.04451120272278786,-0.19351238012313844,0.16726094484329225,0.9667350649833679],"EasingStyle":"Constant","EasingDirection":"In"},"Head":{"Weight":1,"CFrame":[1.0058283805847168e-7,3.725290298461914e-8,4.76837158203125e-7,0.9968830347061157,0.056742385029792789,-0.054814763367176059,-0.0640283077955246,0.9878082871437073,-0.14189870655536652,0.04609480872750282,0.14496608078479768,0.9883623719215393],"EasingStyle":"Constant","EasingDirection":"In"},"Left Arm":{"Weight":1,"CFrame":[0.8590371012687683,-0.11017262935638428,-0.1448814868927002,0.8340293765068054,0.4908698499202728,-0.2518768310546875,-0.5166702270507813,0.8550267219543457,-0.04451124742627144,0.1935122013092041,0.16726090013980866,0.9667351245880127],"EasingStyle":"Constant","EasingDirection":"In"},"Torso":{"Weight":1,"CFrame":[-0.0387759730219841,0.13678722083568574,0.0256497859954834,0.9951943755149841,-0.08389896899461746,-0.05048893764615059,0.0887003242969513,0.9908337593078613,0.10188670456409455,0.041477952152490619,-0.10587546974420548,0.9935139417648315],"EasingStyle":"Constant","EasingDirection":"In"},"HumanoidRootPart":{"Weight":0,"CFrame":[0,0,0,1,0,0,0,1,0,0,0,1],"EasingStyle":"Linear","EasingDirection":"In"},"Right Leg":{"Weight":1,"CFrame":[-0.05388747155666351,-0.018442630767822267,-0.00323486328125,0.9737172722816467,0.19577233493328095,-0.1163955107331276,-0.20102377235889436,0.9789566993713379,-0.03511848300695419,0.10707098245620728,0.05759367719292641,0.9925819635391235],"EasingStyle":"Constant","EasingDirection":"In"}}},{"Time":0.2916666567325592,"poses":{"Left Leg":{"Weight":1,"CFrame":[-0.8273398280143738,-0.13115966320037843,-0.07253497838973999,0.6655678749084473,-0.742090106010437,-0.07950900495052338,0.7389042377471924,0.67018723487854,-0.06978287547826767,0.10507107526063919,-0.012304253876209259,0.9943886995315552],"EasingStyle":"Constant","EasingDirection":"In"},"Right Arm":{"Weight":1,"CFrame":[-0.8590370416641235,-0.11017262935638428,-0.1448814868927002,0.8340293765068054,-0.4908697307109833,0.2518770396709442,0.5166702270507813,0.8550267815589905,-0.04451120272278786,-0.19351238012313844,0.16726094484329225,0.9667350649833679],"EasingStyle":"Constant","EasingDirection":"In"},"Head":{"Weight":1,"CFrame":[1.0058283805847168e-7,3.725290298461914e-8,4.76837158203125e-7,0.9968830347061157,0.056742385029792789,-0.054814763367176059,-0.0640283077955246,0.9878082871437073,-0.14189870655536652,0.04609480872750282,0.14496608078479768,0.9883623719215393],"EasingStyle":"Constant","EasingDirection":"In"},"Left Arm":{"Weight":1,"CFrame":[0.8590371012687683,-0.11017262935638428,-0.1448814868927002,0.8340293765068054,0.4908698499202728,-0.2518768310546875,-0.5166702270507813,0.8550267219543457,-0.04451124742627144,0.1935122013092041,0.16726090013980866,0.9667351245880127],"EasingStyle":"Constant","EasingDirection":"In"},"Torso":{"Weight":1,"CFrame":[-0.0387759730219841,0.13678722083568574,0.0256497859954834,0.9951943755149841,-0.08389896899461746,-0.05048893764615059,0.0887003242969513,0.9908337593078613,0.10188670456409455,0.041477952152490619,-0.10587546974420548,0.9935139417648315],"EasingStyle":"Constant","EasingDirection":"In"},"HumanoidRootPart":{"Weight":0,"CFrame":[0,0,0,1,0,0,0,1,0,0,0,1],"EasingStyle":"Linear","EasingDirection":"In"},"Right Leg":{"Weight":1,"CFrame":[-0.05388747155666351,-0.018442630767822267,-0.00323486328125,0.9737172722816467,0.19577233493328095,-0.1163955107331276,-0.20102377235889436,0.9789566993713379,-0.03511848300695419,0.10707098245620728,0.05759367719292641,0.9925819635391235],"EasingStyle":"Constant","EasingDirection":"In"}}},{"Time":0.3333333432674408,"poses":{"Left Leg":{"Weight":1,"CFrame":[-0.8273398280143738,-0.13115966320037843,-0.07253497838973999,0.6655678749084473,-0.742090106010437,-0.07950900495052338,0.7389042377471924,0.67018723487854,-0.06978287547826767,0.10507107526063919,-0.012304253876209259,0.9943886995315552],"EasingStyle":"Constant","EasingDirection":"In"},"Right Arm":{"Weight":1,"CFrame":[-0.8590370416641235,-0.11017262935638428,-0.1448814868927002,0.8340293765068054,-0.4908697307109833,0.2518770396709442,0.5166702270507813,0.8550267815589905,-0.04451120272278786,-0.19351238012313844,0.16726094484329225,0.9667350649833679],"EasingStyle":"Constant","EasingDirection":"In"},"Head":{"Weight":1,"CFrame":[1.0058283805847168e-7,3.725290298461914e-8,4.76837158203125e-7,0.9968830347061157,0.056742385029792789,-0.054814763367176059,-0.0640283077955246,0.9878082871437073,-0.14189870655536652,0.04609480872750282,0.14496608078479768,0.9883623719215393],"EasingStyle":"Constant","EasingDirection":"In"},"Left Arm":{"Weight":1,"CFrame":[0.8590371012687683,-0.11017262935638428,-0.1448814868927002,0.8340293765068054,0.4908698499202728,-0.2518768310546875,-0.5166702270507813,0.8550267219543457,-0.04451124742627144,0.1935122013092041,0.16726090013980866,0.9667351245880127],"EasingStyle":"Constant","EasingDirection":"In"},"Torso":{"Weight":1,"CFrame":[-0.0387759730219841,0.13678722083568574,0.0256497859954834,0.9951943755149841,-0.08389896899461746,-0.05048893764615059,0.0887003242969513,0.9908337593078613,0.10188670456409455,0.041477952152490619,-0.10587546974420548,0.9935139417648315],"EasingStyle":"Constant","EasingDirection":"In"},"HumanoidRootPart":{"Weight":0,"CFrame":[0,0,0,1,0,0,0,1,0,0,0,1],"EasingStyle":"Linear","EasingDirection":"In"},"Right Leg":{"Weight":1,"CFrame":[-0.05388747155666351,-0.018442630767822267,-0.00323486328125,0.9737172722816467,0.19577233493328095,-0.1163955107331276,-0.20102377235889436,0.9789566993713379,-0.03511848300695419,0.10707098245620728,0.05759367719292641,0.9925819635391235],"EasingStyle":"Constant","EasingDirection":"In"}}},{"Time":0.375,"poses":{"Left Leg":{"Weight":1,"CFrame":[-0.8273398280143738,-0.13115966320037843,-0.07253497838973999,0.6655678749084473,-0.742090106010437,-0.07950900495052338,0.7389042377471924,0.67018723487854,-0.06978287547826767,0.10507107526063919,-0.012304253876209259,0.9943886995315552],"EasingStyle":"Constant","EasingDirection":"In"},"Right Arm":{"Weight":1,"CFrame":[-0.8590370416641235,-0.11017262935638428,-0.1448814868927002,0.8340293765068054,-0.4908697307109833,0.2518770396709442,0.5166702270507813,0.8550267815589905,-0.04451120272278786,-0.19351238012313844,0.16726094484329225,0.9667350649833679],"EasingStyle":"Constant","EasingDirection":"In"},"Head":{"Weight":1,"CFrame":[1.0058283805847168e-7,3.725290298461914e-8,4.76837158203125e-7,0.9968830347061157,0.056742385029792789,-0.054814763367176059,-0.0640283077955246,0.9878082871437073,-0.14189870655536652,0.04609480872750282,0.14496608078479768,0.9883623719215393],"EasingStyle":"Constant","EasingDirection":"In"},"Left Arm":{"Weight":1,"CFrame":[0.8590371012687683,-0.11017262935638428,-0.1448814868927002,0.8340293765068054,0.4908698499202728,-0.2518768310546875,-0.5166702270507813,0.8550267219543457,-0.04451124742627144,0.1935122013092041,0.16726090013980866,0.9667351245880127],"EasingStyle":"Constant","EasingDirection":"In"},"Torso":{"Weight":1,"CFrame":[-0.0387759730219841,0.13678722083568574,0.0256497859954834,0.9951943755149841,-0.08389896899461746,-0.05048893764615059,0.0887003242969513,0.9908337593078613,0.10188670456409455,0.041477952152490619,-0.10587546974420548,0.9935139417648315],"EasingStyle":"Constant","EasingDirection":"In"},"HumanoidRootPart":{"Weight":0,"CFrame":[0,0,0,1,0,0,0,1,0,0,0,1],"EasingStyle":"Linear","EasingDirection":"In"},"Right Leg":{"Weight":1,"CFrame":[-0.05388747155666351,-0.018442630767822267,-0.00323486328125,0.9737172722816467,0.19577233493328095,-0.1163955107331276,-0.20102377235889436,0.9789566993713379,-0.03511848300695419,0.10707098245620728,0.05759367719292641,0.9925819635391235],"EasingStyle":"Constant","EasingDirection":"In"}}},{"Time":0.4166666567325592,"poses":{"Left Leg":{"Weight":1,"CFrame":[-0.968614399433136,0.20397794246673585,-0.16834139823913575,0.7746079564094544,-0.612482488155365,-0.1576320379972458,0.6299508810043335,0.7693066000938416,0.10643871128559113,0.056075431406497958,-0.1817486435174942,0.9817448854446411],"EasingStyle":"Constant","EasingDirection":"In"},"Right Arm":{"Weight":1,"CFrame":[-0.7463240027427673,-0.10338461399078369,-0.018108487129211427,0.8503221869468689,-0.36687180399894717,0.37730273604393008,0.4096849858760834,0.911475419998169,-0.03702512010931969,-0.3303186595439911,0.18605852127075196,0.9253495335578919],"EasingStyle":"Constant","EasingDirection":"In"},"Head":{"Weight":1,"CFrame":[7.078051567077637e-8,8.195638656616211e-8,-2.980232238769531e-7,0.968291699886322,-0.24946923553943635,-0.013281244784593583,0.24463632702827454,0.9576257467269898,-0.152007058262825,0.050639551132917407,0.1439380794763565,0.9882901906967163],"EasingStyle":"Constant","EasingDirection":"In"},"Left Arm":{"Weight":1,"CFrame":[0.7253046035766602,-0.0745667815208435,-0.008620798587799073,0.812725305557251,0.3495570719242096,-0.4661412537097931,-0.41388997435569765,0.9094643592834473,-0.03962163254618645,0.4100886881351471,0.225132554769516,0.8838226795196533],"EasingStyle":"Constant","EasingDirection":"In"},"Torso":{"Weight":1,"CFrame":[0.13343317806720735,0.07427942752838135,-0.011141061782836914,0.9697676301002502,0.2395453304052353,0.04657053202390671,-0.2431422770023346,0.9647461175918579,0.10073204338550568,-0.020798850804567338,-0.10900995135307312,0.9938230514526367],"EasingStyle":"Constant","EasingDirection":"In"},"HumanoidRootPart":{"Weight":0,"CFrame":[0,0,0,1,0,0,0,1,0,0,0,1],"EasingStyle":"Linear","EasingDirection":"In"},"Right Leg":{"Weight":1,"CFrame":[-0.1307273805141449,0.010336518287658692,-0.01748257875442505,0.9245621562004089,0.2692372798919678,-0.26962223649024966,-0.2733081877231598,0.9616497755050659,0.023074958473443986,0.26549482345581057,0.052355628460645679,0.9626897573471069],"EasingStyle":"Constant","EasingDirection":"In"}}},{"Time":0.4583333432674408,"poses":{"Left Leg":{"Weight":1,"CFrame":[-0.968614399433136,0.20397794246673585,-0.16834139823913575,0.7746079564094544,-0.612482488155365,-0.1576320379972458,0.6299508810043335,0.7693066000938416,0.10643871128559113,0.056075431406497958,-0.1817486435174942,0.9817448854446411],"EasingStyle":"Constant","EasingDirection":"In"},"Right Arm":{"Weight":1,"CFrame":[-0.7463240027427673,-0.10338461399078369,-0.018108487129211427,0.8503221869468689,-0.36687180399894717,0.37730273604393008,0.4096849858760834,0.911475419998169,-0.03702512010931969,-0.3303186595439911,0.18605852127075196,0.9253495335578919],"EasingStyle":"Constant","EasingDirection":"In"},"Head":{"Weight":1,"CFrame":[7.078051567077637e-8,8.195638656616211e-8,-2.980232238769531e-7,0.968291699886322,-0.24946923553943635,-0.013281244784593583,0.24463632702827454,0.9576257467269898,-0.152007058262825,0.050639551132917407,0.1439380794763565,0.9882901906967163],"EasingStyle":"Constant","EasingDirection":"In"},"Left Arm":{"Weight":1,"CFrame":[0.7253046035766602,-0.0745667815208435,-0.008620798587799073,0.812725305557251,0.3495570719242096,-0.4661412537097931,-0.41388997435569765,0.9094643592834473,-0.03962163254618645,0.4100886881351471,0.225132554769516,0.8838226795196533],"EasingStyle":"Constant","EasingDirection":"In"},"Torso":{"Weight":1,"CFrame":[0.13343317806720735,0.07427942752838135,-0.011141061782836914,0.9697676301002502,0.2395453304052353,0.04657053202390671,-0.2431422770023346,0.9647461175918579,0.10073204338550568,-0.020798850804567338,-0.10900995135307312,0.9938230514526367],"EasingStyle":"Constant","EasingDirection":"In"},"HumanoidRootPart":{"Weight":0,"CFrame":[0,0,0,1,0,0,0,1,0,0,0,1],"EasingStyle":"Linear","EasingDirection":"In"},"Right Leg":{"Weight":1,"CFrame":[-0.1307273805141449,0.010336518287658692,-0.01748257875442505,0.9245621562004089,0.2692372798919678,-0.26962223649024966,-0.2733081877231598,0.9616497755050659,0.023074958473443986,0.26549482345581057,0.052355628460645679,0.9626897573471069],"EasingStyle":"Constant","EasingDirection":"In"}}},{"Time":0.5,"poses":{"Left Leg":{"Weight":1,"CFrame":[-0.968614399433136,0.20397794246673585,-0.16834139823913575,0.7746079564094544,-0.612482488155365,-0.1576320379972458,0.6299508810043335,0.7693066000938416,0.10643871128559113,0.056075431406497958,-0.1817486435174942,0.9817448854446411],"EasingStyle":"Constant","EasingDirection":"In"},"Right Arm":{"Weight":1,"CFrame":[-0.7463240027427673,-0.10338461399078369,-0.018108487129211427,0.8503221869468689,-0.36687180399894717,0.37730273604393008,0.4096849858760834,0.911475419998169,-0.03702512010931969,-0.3303186595439911,0.18605852127075196,0.9253495335578919],"EasingStyle":"Constant","EasingDirection":"In"},"Head":{"Weight":1,"CFrame":[7.078051567077637e-8,8.195638656616211e-8,-2.980232238769531e-7,0.968291699886322,-0.24946923553943635,-0.013281244784593583,0.24463632702827454,0.9576257467269898,-0.152007058262825,0.050639551132917407,0.1439380794763565,0.9882901906967163],"EasingStyle":"Constant","EasingDirection":"In"},"Left Arm":{"Weight":1,"CFrame":[0.7253046035766602,-0.0745667815208435,-0.008620798587799073,0.812725305557251,0.3495570719242096,-0.4661412537097931,-0.41388997435569765,0.9094643592834473,-0.03962163254618645,0.4100886881351471,0.225132554769516,0.8838226795196533],"EasingStyle":"Constant","EasingDirection":"In"},"Torso":{"Weight":1,"CFrame":[0.13343317806720735,0.07427942752838135,-0.011141061782836914,0.9697676301002502,0.2395453304052353,0.04657053202390671,-0.2431422770023346,0.9647461175918579,0.10073204338550568,-0.020798850804567338,-0.10900995135307312,0.9938230514526367],"EasingStyle":"Constant","EasingDirection":"In"},"HumanoidRootPart":{"Weight":0,"CFrame":[0,0,0,1,0,0,0,1,0,0,0,1],"EasingStyle":"Linear","EasingDirection":"In"},"Right Leg":{"Weight":1,"CFrame":[-0.1307273805141449,0.010336518287658692,-0.01748257875442505,0.9245621562004089,0.2692372798919678,-0.26962223649024966,-0.2733081877231598,0.9616497755050659,0.023074958473443986,0.26549482345581057,0.052355628460645679,0.9626897573471069],"EasingStyle":"Constant","EasingDirection":"In"}}},{"Time":0.5416666865348816,"poses":{"Left Leg":{"Weight":1,"CFrame":[-0.968614399433136,0.20397794246673585,-0.16834139823913575,0.7746079564094544,-0.612482488155365,-0.1576320379972458,0.6299508810043335,0.7693066000938416,0.10643871128559113,0.056075431406497958,-0.1817486435174942,0.9817448854446411],"EasingStyle":"Constant","EasingDirection":"In"},"Right Arm":{"Weight":1,"CFrame":[-0.7463240027427673,-0.10338461399078369,-0.018108487129211427,0.8503221869468689,-0.36687180399894717,0.37730273604393008,0.4096849858760834,0.911475419998169,-0.03702512010931969,-0.3303186595439911,0.18605852127075196,0.9253495335578919],"EasingStyle":"Constant","EasingDirection":"In"},"Head":{"Weight":1,"CFrame":[7.078051567077637e-8,8.195638656616211e-8,-2.980232238769531e-7,0.968291699886322,-0.24946923553943635,-0.013281244784593583,0.24463632702827454,0.9576257467269898,-0.152007058262825,0.050639551132917407,0.1439380794763565,0.9882901906967163],"EasingStyle":"Constant","EasingDirection":"In"},"Left Arm":{"Weight":1,"CFrame":[0.7253046035766602,-0.0745667815208435,-0.008620798587799073,0.812725305557251,0.3495570719242096,-0.4661412537097931,-0.41388997435569765,0.9094643592834473,-0.03962163254618645,0.4100886881351471,0.225132554769516,0.8838226795196533],"EasingStyle":"Constant","EasingDirection":"In"},"Torso":{"Weight":1,"CFrame":[0.13343317806720735,0.07427942752838135,-0.011141061782836914,0.9697676301002502,0.2395453304052353,0.04657053202390671,-0.2431422770023346,0.9647461175918579,0.10073204338550568,-0.020798850804567338,-0.10900995135307312,0.9938230514526367],"EasingStyle":"Constant","EasingDirection":"In"},"HumanoidRootPart":{"Weight":0,"CFrame":[0,0,0,1,0,0,0,1,0,0,0,1],"EasingStyle":"Linear","EasingDirection":"In"},"Right Leg":{"Weight":1,"CFrame":[-0.1307273805141449,0.010336518287658692,-0.01748257875442505,0.9245621562004089,0.2692372798919678,-0.26962223649024966,-0.2733081877231598,0.9616497755050659,0.023074958473443986,0.26549482345581057,0.052355628460645679,0.9626897573471069],"EasingStyle":"Constant","EasingDirection":"In"}}},{"Time":0.5833333134651184,"poses":{"Left Leg":{"Weight":1,"CFrame":[-0.35846370458602908,0.3495801091194153,-0.03264772891998291,0.8991413116455078,0.4277186393737793,-0.09274499863386154,-0.4292248785495758,0.9031885862350464,0.004062260966747999,0.08550361543893814,0.03615589812397957,0.9956815838813782],"EasingStyle":"Constant","EasingDirection":"In"},"Right Arm":{"Weight":1,"CFrame":[-0.8103566765785217,-0.13788872957229615,0.11098325252532959,0.763991117477417,-0.3774700462818146,0.5232914686203003,0.436251163482666,0.8997435569763184,0.012104623019695282,-0.4753972589969635,0.21903857588768006,0.8520678877830505],"EasingStyle":"Constant","EasingDirection":"In"},"Head":{"Weight":1,"CFrame":[5.960464477539063e-8,3.725290298461914e-8,1.1920928955078126e-7,0.9456015229225159,-0.31806156039237978,0.06837239116430283,0.3252948522567749,0.927364706993103,-0.18487319350242616,-0.004605073016136885,0.1970575600862503,0.980381190776825],"EasingStyle":"Constant","EasingDirection":"In"},"Left Arm":{"Weight":1,"CFrame":[0.767593502998352,-0.09611672163009644,0.11086869239807129,0.7281837463378906,0.35196465253829958,-0.588106632232666,-0.4432046413421631,0.8963355422019959,-0.01233796775341034,0.5227984189987183,0.269635945558548,0.808689296245575],"EasingStyle":"Constant","EasingDirection":"In"},"Torso":{"Weight":1,"CFrame":[0.24995866417884828,0.1554340422153473,-0.08764123916625977,0.9048534035682678,0.41574811935424807,0.09161879867315293,-0.4232521951198578,0.901676595211029,0.08852693438529968,-0.04580562189221382,-0.11888173222541809,0.9918513894081116],"EasingStyle":"Constant","EasingDirection":"In"},"HumanoidRootPart":{"Weight":0,"CFrame":[0,0,0,1,0,0,0,1,0,0,0,1],"EasingStyle":"Linear","EasingDirection":"In"},"Right Leg":{"Weight":1,"CFrame":[0.3111465275287628,-0.10716092586517334,0.11080706119537354,0.8175106048583984,0.4979715347290039,-0.2893107533454895,-0.5348533987998962,0.8427572846412659,-0.06076248735189438,0.2135607898235321,0.2044127732515335,0.9553048014640808],"EasingStyle":"Constant","EasingDirection":"In"}}},{"Time":0.625,"poses":{"Left Leg":{"Weight":1,"CFrame":[-0.35846370458602908,0.3495801091194153,-0.03264772891998291,0.8991413116455078,0.4277186393737793,-0.09274499863386154,-0.4292248785495758,0.9031885862350464,0.004062260966747999,0.08550361543893814,0.03615589812397957,0.9956815838813782],"EasingStyle":"Constant","EasingDirection":"In"},"Right Arm":{"Weight":1,"CFrame":[-0.8103566765785217,-0.13788872957229615,0.11098325252532959,0.763991117477417,-0.3774700462818146,0.5232914686203003,0.436251163482666,0.8997435569763184,0.012104623019695282,-0.4753972589969635,0.21903857588768006,0.8520678877830505],"EasingStyle":"Constant","EasingDirection":"In"},"Head":{"Weight":1,"CFrame":[5.960464477539063e-8,3.725290298461914e-8,1.1920928955078126e-7,0.9456015229225159,-0.31806156039237978,0.06837239116430283,0.3252948522567749,0.927364706993103,-0.18487319350242616,-0.004605073016136885,0.1970575600862503,0.980381190776825],"EasingStyle":"Constant","EasingDirection":"In"},"Left Arm":{"Weight":1,"CFrame":[0.767593502998352,-0.09611672163009644,0.11086869239807129,0.7281837463378906,0.35196465253829958,-0.588106632232666,-0.4432046413421631,0.8963355422019959,-0.01233796775341034,0.5227984189987183,0.269635945558548,0.808689296245575],"EasingStyle":"Constant","EasingDirection":"In"},"Torso":{"Weight":1,"CFrame":[0.24995866417884828,0.1554340422153473,-0.08764123916625977,0.9048534035682678,0.41574811935424807,0.09161879867315293,-0.4232521951198578,0.901676595211029,0.08852693438529968,-0.04580562189221382,-0.11888173222541809,0.9918513894081116],"EasingStyle":"Constant","EasingDirection":"In"},"HumanoidRootPart":{"Weight":0,"CFrame":[0,0,0,1,0,0,0,1,0,0,0,1],"EasingStyle":"Linear","EasingDirection":"In"},"Right Leg":{"Weight":1,"CFrame":[0.3111465275287628,-0.10716092586517334,0.11080706119537354,0.8175106048583984,0.4979715347290039,-0.2893107533454895,-0.5348533987998962,0.8427572846412659,-0.06076248735189438,0.2135607898235321,0.2044127732515335,0.9553048014640808],"EasingStyle":"Constant","EasingDirection":"In"}}},{"Time":0.6666666865348816,"poses":{"Left Leg":{"Weight":1,"CFrame":[-0.26576584577560427,0.1342024803161621,-0.002772092819213867,0.9860707521438599,0.16620291769504548,0.0064148372039198879,-0.1663263887166977,0.985420286655426,0.03581109270453453,-0.00036948552588000894,-0.03637925907969475,0.9993380904197693],"EasingStyle":"Constant","EasingDirection":"In"},"Right Arm":{"Weight":1,"CFrame":[-1.191982626914978,-0.23924344778060914,0.11760842800140381,0.5749340057373047,-0.578517735004425,0.578591525554657,0.6290693283081055,0.7647236585617065,0.13953334093093873,-0.5231850743293762,0.2837516665458679,0.8035933971405029],"EasingStyle":"Constant","EasingDirection":"In"},"Head":{"Weight":1,"CFrame":[4.470348358154297e-8,5.960464477539063e-8,0,0.9561025500297546,-0.29177039861679079,-0.027167752385139467,0.2707785367965698,0.9151270985603333,-0.2986994683742523,0.11201362311840058,0.2782308757305145,0.9539604783058167],"EasingStyle":"Constant","EasingDirection":"In"},"Left Arm":{"Weight":1,"CFrame":[0.8616838455200195,-0.16876983642578126,0.10211658477783203,0.7051262855529785,0.4713106155395508,-0.5297766923904419,-0.5515758991241455,0.8340873122215271,0.007896602153778077,0.44560179114341738,0.2866438925266266,0.848100483417511],"EasingStyle":"Constant","EasingDirection":"In"},"Torso":{"Weight":1,"CFrame":[0.39887893199920657,0.24044182896614076,-0.30556535720825198,0.898733913898468,0.38724449276924136,0.20571596920490266,-0.4220925569534302,0.8911157846450806,0.1665850579738617,-0.1188075989484787,-0.2365468293428421,0.964328944683075],"EasingStyle":"Constant","EasingDirection":"In"},"HumanoidRootPart":{"Weight":0,"CFrame":[0,0,0,1,0,0,0,1,0,0,0,1],"EasingStyle":"Linear","EasingDirection":"In"},"Right Leg":{"Weight":1,"CFrame":[0.18794986605644227,-0.2303866147994995,0.08255970478057862,0.5791909694671631,0.7568950653076172,-0.30273377895355227,-0.7955549955368042,0.6058369278907776,-0.007344183512032032,0.17784863710403443,0.24509499967098237,0.9530469179153442],"EasingStyle":"Constant","EasingDirection":"In"}}},{"Time":0.7083333134651184,"poses":{"Left Leg":{"Weight":1,"CFrame":[-0.26576584577560427,0.1342024803161621,-0.002772092819213867,0.9860707521438599,0.16620291769504548,0.0064148372039198879,-0.1663263887166977,0.985420286655426,0.03581109270453453,-0.00036948552588000894,-0.03637925907969475,0.9993380904197693],"EasingStyle":"Constant","EasingDirection":"In"},"Right Arm":{"Weight":1,"CFrame":[-1.191982626914978,-0.23924344778060914,0.11760842800140381,0.5749340057373047,-0.578517735004425,0.578591525554657,0.6290693283081055,0.7647236585617065,0.13953334093093873,-0.5231850743293762,0.2837516665458679,0.8035933971405029],"EasingStyle":"Constant","EasingDirection":"In"},"Head":{"Weight":1,"CFrame":[4.470348358154297e-8,5.960464477539063e-8,0,0.9561025500297546,-0.29177039861679079,-0.027167752385139467,0.2707785367965698,0.9151270985603333,-0.2986994683742523,0.11201362311840058,0.2782308757305145,0.9539604783058167],"EasingStyle":"Constant","EasingDirection":"In"},"Left Arm":{"Weight":1,"CFrame":[0.8616838455200195,-0.16876983642578126,0.10211658477783203,0.7051262855529785,0.4713106155395508,-0.5297766923904419,-0.5515758991241455,0.8340873122215271,0.007896602153778077,0.44560179114341738,0.2866438925266266,0.848100483417511],"EasingStyle":"Constant","EasingDirection":"In"},"Torso":{"Weight":1,"CFrame":[0.39887893199920657,0.24044182896614076,-0.30556535720825198,0.898733913898468,0.38724449276924136,0.20571596920490266,-0.4220925569534302,0.8911157846450806,0.1665850579738617,-0.1188075989484787,-0.2365468293428421,0.964328944683075],"EasingStyle":"Constant","EasingDirection":"In"},"HumanoidRootPart":{"Weight":0,"CFrame":[0,0,0,1,0,0,0,1,0,0,0,1],"EasingStyle":"Linear","EasingDirection":"In"},"Right Leg":{"Weight":1,"CFrame":[0.18794986605644227,-0.2303866147994995,0.08255970478057862,0.5791909694671631,0.7568950653076172,-0.30273377895355227,-0.7955549955368042,0.6058369278907776,-0.007344183512032032,0.17784863710403443,0.24509499967098237,0.9530469179153442],"EasingStyle":"Constant","EasingDirection":"In"}}},{"Time":0.75,"poses":{"Left Leg":{"Weight":1,"CFrame":[-0.5944069623947144,0.13884562253952027,-0.0068991780281066898,0.9683499932289124,-0.24857546389102937,-0.02255333960056305,0.24747824668884278,0.9679513573646545,-0.04271696135401726,0.03244886174798012,0.03578348457813263,0.9988327026367188],"EasingStyle":"Constant","EasingDirection":"In"},"Right Arm":{"Weight":1,"CFrame":[-1.0692609548568726,-0.18806004524230958,-0.013636589050292969,0.7086915373802185,-0.5637809038162231,0.42415496706962588,0.6030046939849854,0.7961262464523315,0.050680626183748248,-0.36625367403030398,0.21985042095184327,0.9041703939437866],"EasingStyle":"Constant","EasingDirection":"In"},"Head":{"Weight":1,"CFrame":[9.685754776000977e-8,1.4901161193847657e-8,4.76837158203125e-7,0.9816173911094666,-0.18872545659542085,0.028464289382100107,0.19080369174480439,0.9667337536811829,-0.1703525334596634,0.00463246600702405,0.17265211045742036,0.9849720597267151],"EasingStyle":"Constant","EasingDirection":"In"},"Left Arm":{"Weight":1,"CFrame":[0.924057126045227,-0.2252596914768219,0.04085254669189453,0.7128170728683472,0.5835210084915161,-0.3890950679779053,-0.6389230489730835,0.7690801620483398,-0.017118817195296289,0.28925612568855288,0.2608044147491455,0.9210386276245117],"EasingStyle":"Constant","EasingDirection":"In"},"Torso":{"Weight":1,"CFrame":[0.20308829843997956,0.16002050042152406,-0.23101592063903809,0.9658975601196289,0.23224787414073945,0.11446845531463623,-0.24366721510887147,0.9648447632789612,0.09849338233470917,-0.08756940066814423,-0.12302669137716294,0.9885323643684387],"EasingStyle":"Constant","EasingDirection":"In"},"HumanoidRootPart":{"Weight":0,"CFrame":[0,0,0,1,0,0,0,1,0,0,0,1],"EasingStyle":"Linear","EasingDirection":"In"},"Right Leg":{"Weight":1,"CFrame":[0.5764254927635193,-0.2026585340499878,0.2985957860946655,0.4443982243537903,0.8045505285263062,-0.3939654231071472,-0.8681942820549011,0.4951951503753662,0.03194555640220642,0.22079162299633027,0.3278419077396393,0.9185699820518494],"EasingStyle":"Constant","EasingDirection":"In"}}},{"Time":0.7916666865348816,"poses":{"Left Leg":{"Weight":1,"CFrame":[-0.5944069623947144,0.13884562253952027,-0.0068991780281066898,0.9683499932289124,-0.24857546389102937,-0.02255333960056305,0.24747824668884278,0.9679513573646545,-0.04271696135401726,0.03244886174798012,0.03578348457813263,0.9988327026367188],"EasingStyle":"Constant","EasingDirection":"In"},"Right Arm":{"Weight":1,"CFrame":[-1.0692609548568726,-0.18806004524230958,-0.013636589050292969,0.7086915373802185,-0.5637809038162231,0.42415496706962588,0.6030046939849854,0.7961262464523315,0.050680626183748248,-0.36625367403030398,0.21985042095184327,0.9041703939437866],"EasingStyle":"Constant","EasingDirection":"In"},"Head":{"Weight":1,"CFrame":[9.685754776000977e-8,