{"Sequence":[{"Time":0,"poses":{"Left Leg":{"Weight":1,"CFrame":[-0.06971697509288788,-0.08588790893554688,0.2024247646331787,0.9521213173866272,-0.0595090277493,0.2998727858066559,0.05997870862483978,0.9981703758239746,0.0076469299383461479,-0.29977917671203616,0.010705223307013512,0.9539485573768616],"EasingStyle":"Linear","EasingDirection":"Out"},"Right Arm":{"Weight":1,"CFrame":[0.21612471342086793,-0.306808739900589,0.19251585006713868,0.1665649712085724,-0.8194716572761536,0.5483816862106323,0.9791123867034912,0.2032225877046585,0.006289994344115257,-0.11659802496433258,0.5358794331550598,0.8362045288085938],"EasingStyle":"Linear","EasingDirection":"Out"},"Left Arm":{"Weight":1,"CFrame":[0.48564398288726809,-0.3675333857536316,0.015476107597351075,0.8852496147155762,-0.13149438798427583,0.4461415708065033,0.03415880352258682,0.9749945402145386,0.21958768367767335,-0.4638601839542389,-0.17915040254592896,0.8676053285598755],"EasingStyle":"Linear","EasingDirection":"Out"},"Head":{"Weight":1,"CFrame":[1.0058614918762032e-7,-4.3750914002771426e-10,0.01666247844696045,0.9834990501403809,-0.039165131747722629,-0.17662319540977479,0.05414757877588272,0.995256781578064,0.08082039654254914,0.17262013256549836,-0.08905056864023209,0.9809547662734985],"EasingStyle":"Linear","EasingDirection":"Out"},"Torso":{"Weight":1,"CFrame":[-0.018623467534780504,1.2677480593081825e-11,0.1680011749267578,0.9928888082504273,-0.11687266826629639,-0.022640954703092576,0.11690264195203781,0.9931433796882629,-1.0204540323854872e-8,0.02248571626842022,-0.002646776381880045,0.999743640422821],"EasingStyle":"Linear","EasingDirection":"Out"},"HumanoidRootPart":{"Weight":0,"CFrame":[0,0,0,1,0,0,0,1,0,0,0,1],"EasingStyle":"Linear","EasingDirection":"In"},"Right Leg":{"Weight":1,"CFrame":[0.20251595973968507,-0.13912570476531983,0.14752662181854249,0.990244448184967,0.13650590181350709,0.027964677661657335,-0.13832585513591767,0.9872108101844788,0.07925167679786682,-0.01678861491382122,-0.08234680444002152,0.996462345123291],"EasingStyle":"Linear","EasingDirection":"Out"}}},{"Time":0.01666666753590107,"poses":{"Left Leg":{"Weight":1,"CFrame":[-0.18939636647701264,-0.04844987392425537,0.2707393169403076,0.922090470790863,-0.10596732050180435,0.37218281626701357,0.11050615459680557,0.9938330054283142,0.009181329049170018,-0.3708605170249939,0.0326625257730484,0.9281140565872192],"EasingStyle":"Linear","EasingDirection":"Out"},"Right Arm":{"Weight":1,"CFrame":[0.2155359387397766,-0.2622934579849243,0.1944901943206787,0.10876966267824173,-0.8398095965385437,0.5318731665611267,0.9888044595718384,0.14638671278953553,0.028926115483045579,-0.10215160250663758,0.5227721929550171,0.8463298082351685],"EasingStyle":"Linear","EasingDirection":"Out"},"Left Arm":{"Weight":1,"CFrame":[0.4853811264038086,-0.36752843856811526,0.015525221824645996,0.8834551572799683,-0.1327860802412033,0.4493047595024109,0.03505018353462219,0.9750406742095947,0.21924203634262086,-0.467202752828598,-0.17794248461723329,0.8660589456558228],"EasingStyle":"Linear","EasingDirection":"Out"},"Head":{"Weight":1,"CFrame":[8.306233212351799e-8,5.384208634495735e-10,0.016662001609802247,0.9843292832374573,-0.03827290236949921,-0.17213672399520875,0.053038619458675387,0.9952188730239868,0.08201397210359574,0.16817474365234376,-0.08985859155654907,0.9816530346870422],"EasingStyle":"Linear","EasingDirection":"Out"},"Torso":{"Weight":1,"CFrame":[0.012257363647222519,-0.0027803396806120874,0.16694283485412599,0.9929302930831909,-0.11819690465927124,-0.010906764306128025,0.11818750202655792,0.9929901361465454,-0.0015055921394377947,0.011008267290890217,0.0002059050020761788,0.9999393820762634],"EasingStyle":"Linear","EasingDirection":"Out"},"HumanoidRootPart":{"Weight":0,"CFrame":[0,0,0,1,0,0,0,1,0,0,0,1],"EasingStyle":"Linear","EasingDirection":"In"},"Right Leg":{"Weight":1,"CFrame":[0.18618063628673554,-0.14538633823394776,0.14810717105865479,0.9914748668670654,0.1275487095117569,0.02662605792284012,-0.12924453616142274,0.9886399507522583,0.0767262727022171,-0.016537189483642579,-0.07951351255178452,0.9966965913772583],"EasingStyle":"Linear","EasingDirection":"Out"}}},{"Time":0.03333333507180214,"poses":{"Left Leg":{"Weight":1,"CFrame":[-0.28717973828315737,-0.019340872764587404,0.3473517894744873,0.8925291299819946,-0.13984058797359467,0.42876142263412478,0.15711162984371186,0.9875684380531311,-0.00495515251532197,-0.42273831367492678,0.07178601622581482,0.903404176235199],"EasingStyle":"Linear","EasingDirection":"Out"},"Right Arm":{"Weight":1,"CFrame":[0.21492256224155427,-0.20907148718833924,0.19583070278167725,0.0428018681704998,-0.86198490858078,0.5051240921020508,0.99440598487854,0.08562200516462326,0.06185102462768555,-0.096564382314682,0.4996508061885834,0.8608275651931763],"EasingStyle":"Linear","EasingDirection":"Out"},"Left Arm":{"Weight":1,"CFrame":[0.4846625030040741,-0.367511510848999,0.015629053115844728,0.8816819787025452,-0.13592952489852906,0.4518408179283142,0.03846390172839165,0.975124180316925,0.21829631924629212,-0.4702737331390381,-0.17508859932422639,0.8649777770042419],"EasingStyle":"Linear","EasingDirection":"Out"},"Head":{"Weight":1,"CFrame":[9.266659617424011e-8,-9.313225746154786e-10,0.016661763191223146,0.9850924611091614,-0.03485644608736038,-0.16845737397670747,0.04950584098696709,0.9952723979949951,0.08355838805437088,0.16474832594394685,-0.09065230190753937,0.9821609258651733],"EasingStyle":"Linear","EasingDirection":"Out"},"Torso":{"Weight":1,"CFrame":[0.04183081537485123,-0.008290882222354412,0.1634988784790039,0.9925428032875061,-0.12189645320177078,-0.00019729736959561706,0.12189541012048722,0.9925388693809509,-0.0028398362919688226,0.0005419913213700056,0.0027946094051003458,0.9999959468841553],"EasingStyle":"Linear","EasingDirection":"Out"},"HumanoidRootPart":{"Weight":0,"CFrame":[0,0,0,1,0,0,0,1,0,0,0,1],"EasingStyle":"Linear","EasingDirection":"In"},"Right Leg":{"Weight":1,"CFrame":[0.17912042140960694,-0.15070724487304688,0.14821529388427735,0.9916493892669678,0.12691925466060639,0.022870132699608804,-0.12829986214637757,0.9888763427734375,0.07525095343589783,-0.013064879924058915,-0.07755689322948456,0.996902346611023],"EasingStyle":"Linear","EasingDirection":"Out"}}},{"Time":0.05000000074505806,"poses":{"Left Leg":{"Weight":1,"CFrame":[-0.358462393283844,0.0021633505821228029,0.4226810932159424,0.8673433065414429,-0.1589076668024063,0.4716607630252838,0.19525420665740968,0.9803305268287659,-0.02877168543636799,-0.45781153440475466,0.1170487329363823,0.8813105821609497],"EasingStyle":"Linear","EasingDirection":"Out"},"Right Arm":{"Weight":1,"CFrame":[0.21436166763305665,-0.14840415120124818,0.19659483432769776,-0.0312267504632473,-0.8838014602661133,0.46681898832321169,0.9944879412651062,0.01929805986583233,0.10305986553430557,-0.10009314864873886,0.4674639105796814,0.8783272504806519],"EasingStyle":"Linear","EasingDirection":"Out"},"Left Arm":{"Weight":1,"CFrame":[0.4835033416748047,-0.3674745261669159,0.015786170959472657,0.8799121975898743,-0.14071223139762879,0.45382222533226015,0.0441509447991848,0.9752228856086731,0.21677376329898835,-0.4730805456638336,-0.17070545256137849,0.8643231391906738],"EasingStyle":"Linear","EasingDirection":"Out"},"Head":{"Weight":1,"CFrame":[9.150244295597077e-8,3.725290298461914e-9,0.01666247844696045,0.9857735633850098,-0.029196130111813546,-0.1655234843492508,0.043813563883304599,0.9953864812850952,0.0853588655591011,0.16226768493652345,-0.09139668941497803,0.9825049042701721],"EasingStyle":"Linear","EasingDirection":"Out"},"Torso":{"Weight":1,"CFrame":[0.07011131197214127,-0.016192728653550149,0.15794920921325684,0.9917656779289246,-0.12770968675613404,0.009546305052936077,0.1277521699666977,0.9917981624603272,-0.003978569060564041,-0.008959905244410038,0.005165369249880314,0.9999465346336365],"EasingStyle":"Linear","EasingDirection":"Out"},"HumanoidRootPart":{"Weight":0,"CFrame":[0,0,0,1,0,0,0,1,0,0,0,1],"EasingStyle":"Linear","EasingDirection":"In"},"Right Leg":{"Weight":1,"CFrame":[0.1805189996957779,-0.1551569700241089,0.14797723293304444,0.9908549785614014,0.13386037945747376,0.016964269801974298,-0.13476188480854035,0.9880545735359192,0.07474900782108307,-0.00675563421100378,-0.076351597905159,0.997058093547821],"EasingStyle":"Linear","EasingDirection":"Out"}}},{"Time":0.06666667014360428,"poses":{"Left Leg":{"Weight":1,"CFrame":[-0.4032454192638397,0.018573522567749025,0.48968303203582766,0.848882257938385,-0.16328512132167817,0.5027292966842651,0.22067919373512269,0.9737163186073303,-0.05636688694357872,-0.4803119897842407,0.15879078209400178,0.8626042008399963],"EasingStyle":"Linear","EasingDirection":"Out"},"Right Arm":{"Weight":1,"CFrame":[0.21394559741020204,-0.08154767751693726,0.19683551788330079,-0.11268150061368942,-0.9026569724082947,0.4153470993041992,0.9871346354484558,-0.053973570466041568,0.150505930185318,-0.1134374737739563,0.42696279287338259,0.8971258401870728],"EasingStyle":"Linear","EasingDirection":"Out"},"Left Arm":{"Weight":1,"CFrame":[0.4819190800189972,-0.3674117922782898,0.015995383262634279,0.8781197667121887,-0.14692416787147523,0.45532289147377016,0.05186251923441887,0.9753038287162781,0.21469184756278993,-0.47562164068222048,-0.1649111956357956,0.8640535473823547],"EasingStyle":"Linear","EasingDirection":"Out"},"Head":{"Weight":1,"CFrame":[7.35744833946228e-8,3.725290298461914e-9,0.016661882400512697,0.986345648765564,-0.021570948883891107,-0.16326959431171418,0.036229755729436877,0.9955191016197205,0.08734496682882309,0.16065384447574616,-0.09206753969192505,0.9827074408531189],"EasingStyle":"Linear","EasingDirection":"Out"},"Torso":{"Weight":1,"CFrame":[0.09711204469203949,-0.026156239211559297,0.15056896209716798,0.9906243085861206,-0.13537190854549409,0.01838137023150921,0.1354825645685196,0.9907675981521606,-0.00490887276828289,-0.017547141760587693,0.0073532043024897579,0.9998189806938171],"EasingStyle":"Linear","EasingDirection":"Out"},"HumanoidRootPart":{"Weight":0,"CFrame":[0,0,0,1,0,0,0,1,0,0,0,1],"EasingStyle":"Linear","EasingDirection":"In"},"Right Leg":{"Weight":1,"CFrame":[0.18811649084091187,-0.15884172916412354,0.14765214920043946,0.989116370677948,0.14684857428073884,0.00917746126651764,-0.14712181687355042,0.9862604737281799,0.07513601332902909,0.0019823273178189995,-0.07566846162080765,0.9971310496330261],"EasingStyle":"Linear","EasingDirection":"Out"}}},{"Time":0.0833333358168602,"poses":{"Left Leg":{"Weight":1,"CFrame":[-0.42311716079711916,0.034452974796295169,0.5421258211135864,0.8377811908721924,-0.1537887156009674,0.5239004492759705,0.2287413626909256,0.9701103568077087,-0.08101387321949005,-0.4957822561264038,0.18770962953567506,0.8479180932044983],"EasingStyle":"Linear","EasingDirection":"Out"},"Right Arm":{"Weight":1,"CFrame":[0.21378275752067567,-0.009736597537994385,0.19661223888397218,-0.20014314353466035,-0.9154627919197083,0.34909990429878237,0.9700677394866943,-0.1351451873779297,0.20175334811210633,-0.1375184804201126,0.37902992963790896,0.9151092171669006],"EasingStyle":"Linear","EasingDirection":"Out"},"Left Arm":{"Weight":1,"CFrame":[0.4799250066280365,-0.3673161268234253,0.016256213188171388,0.8762743473052979,-0.15435709059238435,0.45641767978668215,0.061349526047706607,0.9753281474113464,0.2120639681816101,-0.47789067029953005,-0.15782542526721955,0.8641248345375061],"EasingStyle":"Linear","EasingDirection":"Out"},"Head":{"Weight":1,"CFrame":[9.778887033462525e-8,7.450580596923828e-9,0.01666271686553955,0.9867757558822632,-0.012259910814464093,-0.16162723302841187,0.027023497968912126,0.9956233501434326,0.08946409821510315,0.1598229855298996,-0.09264876693487168,0.9827882647514343],"EasingStyle":"Linear","EasingDirection":"Out"},"Torso":{"Weight":1,"CFrame":[0.12284497916698456,-0.03785950690507889,0.14162993431091309,0.9891365766525269,-0.14461618661880494,0.026363778859376909,0.1448110193014145,0.989443302154541,-0.0056272391229867939,-0.025271672755479814,0.00938387494534254,0.9996365904808044],"EasingStyle":"Linear","EasingDirection":"Out"},"HumanoidRootPart":{"Weight":0,"CFrame":[0,0,0,1,0,0,0,1,0,0,0,1],"EasingStyle":"Linear","EasingDirection":"In"},"Right Leg":{"Weight":1,"CFrame":[0.1990322768688202,-0.16190016269683839,0.14751780033111573,0.9864554405212402,0.16402940452098847,-0.00022020706092007458,-0.16353446245193482,0.9835809469223023,0.0763215646147728,0.012735676020383835,-0.07525186240673065,0.9970832467079163],"EasingStyle":"Linear","EasingDirection":"Out"}}},{"Time":0.10000000149011612,"poses":{"Left Leg":{"Weight":1,"CFrame":[-0.42097008228302,0.05600923299789429,0.5733503103256226,0.832980751991272,-0.13173890113830567,0.537389874458313,0.21474269032478333,0.9720823168754578,-0.09455976635217667,-0.5099300742149353,0.19416700303554536,0.8380158543586731],"EasingStyle":"Linear","EasingDirection":"Out"},"Right Arm":{"Weight":1,"CFrame":[0.21399322152137757,0.06581580638885498,0.19600141048431397,-0.29114237427711489,-0.9186986088752747,0.26688769459724429,0.9408707618713379,-0.2244575172662735,0.2537343502044678,-0.17320039868354798,0.3249795436859131,0.929725706577301],"EasingStyle":"Linear","EasingDirection":"Out"},"Left Arm":{"Weight":1,"CFrame":[0.477536141872406,-0.36718273162841799,0.016566991806030275,0.8743453621864319,-0.16280409693717957,0.4571816027164459,0.07236222922801972,0.9752557277679443,0.2089017778635025,-0.4798789918422699,-0.14956967532634736,0.8644912242889404],"EasingStyle":"Linear","EasingDirection":"Out"},"Head":{"Weight":1,"CFrame":[7.82310962677002e-8,-1.1175870895385743e-8,0.016662001609802247,0.9870302081108093,-0.001541891018860042,-0.16052721440792085,0.016465384513139726,0.9956526160240173,0.09167742729187012,0.15968795120716096,-0.09313151985406876,0.9827646017074585],"EasingStyle":"Linear","EasingDirection":"Out"},"Torso":{"Weight":1,"CFrame":[0.14732110500335694,-0.05098700895905495,0.13139986991882325,0.9873173832893372,-0.15517383813858033,0.03354817256331444,0.155461847782135,0.9878228306770325,-0.0061379047110676769,-0.03218720853328705,0.01127552054822445,0.9994182586669922],"EasingStyle":"Linear","EasingDirection":"Out"},"HumanoidRootPart":{"Weight":0,"CFrame":[0,0,0,1,0,0,0,1,0,0,0,1],"EasingStyle":"Linear","EasingDirection":"In"},"Right Leg":{"Weight":1,"CFrame":[0.2109997421503067,-0.16446363925933839,0.14778435230255128,0.9828914999961853,0.18385924398899079,-0.010956890881061554,-0.18246468901634217,0.9800968170166016,0.0782105103135109,0.025118589401245118,-0.07487326860427857,0.9968766570091248],"EasingStyle":"Linear","EasingDirection":"Out"}}},{"Time":0.11666666716337204,"poses":{"Left Leg":{"Weight":1,"CFrame":[-0.4000239074230194,0.07533091306686402,0.5736141204833984,0.8323290348052979,-0.09861010313034058,0.545439600944519,0.17428211867809297,0.9806971549987793,-0.0886504203081131,-0.5261692404747009,0.16884666681289674,0.8334487080574036],"EasingStyle":"Linear","EasingDirection":"Out"},"Right Arm":{"Weight":1,"CFrame":[0.21469725668430329,0.14393943548202516,0.19510340690612794,-0.38198724389076235,-0.9086820483207703,0.1684715300798416,0.8973722457885742,-0.32111823558807375,0.30266526341438296,-0.22092723846435548,0.2667958438396454,0.9380890727043152],"EasingStyle":"Linear","EasingDirection":"Out"},"Left Arm":{"Weight":1,"CFrame":[0.474767804145813,-0.3670029640197754,0.01692676544189453,0.8723054528236389,-0.17205822467803956,0.4576888680458069,0.08464979380369187,0.9750492572784424,0.20521526038646699,-0.48157820105552676,-0.1402672380208969,0.8651055693626404],"EasingStyle":"Linear","EasingDirection":"Out"},"Head":{"Weight":1,"CFrame":[7.078051567077637e-8,0,0.016662240028381349,0.9870794415473938,0.010303814895451069,-0.15990006923675538,0.004827665630728006,0.9955647587776184,0.09395496547222138,0.16015903651714326,-0.09351301193237305,0.9826517105102539],"EasingStyle":"Linear","EasingDirection":"Out"},"Torso":{"Weight":1,"CFrame":[0.1705506145954132,-0.06522834300994873,0.12014317512512207,0.9851837754249573,-0.16677486896514893,0.039988309144973758,0.16715946793556214,0.9859087467193604,-0.006451337598264217,-0.038348905742168429,0.013040175661444664,0.9991793036460877],"EasingStyle":"Linear","EasingDirection":"Out"},"HumanoidRootPart":{"Weight":0,"CFrame":[0,0,0,1,0,0,0,1,0,0,0,1],"EasingStyle":"Linear","EasingDirection":"In"},"Right Leg":{"Weight":1,"CFrame":[0.22247053682804109,-0.16664302349090577,0.14857697486877442,0.978463351726532,0.20516222715377809,-0.0227578766644001,-0.202747642993927,0.9758996963500977,0.08070416003465653,0.03876689821481705,-0.07435198873281479,0.996478259563446],"EasingStyle":"Linear","EasingDirection":"Out"}}},{"Time":0.13333334028720857,"poses":{"Left Leg":{"Weight":1,"CFrame":[-0.37274742126464846,0.0791202187538147,0.5467818975448608,0.8334905505180359,-0.06173645332455635,0.5490739941596985,0.11651776731014252,0.9910300970077515,-0.06544439494609833,-0.5401084423065186,0.11852417886257172,0.8332075476646423],"EasingStyle":"Linear","EasingDirection":"Out"},"Right Arm":{"Weight":1,"CFrame":[0.215994194149971,0.2235071063041687,0.19404494762420655,-0.46782591938972475,-0.8820987939834595,0.0551418773829937,0.838192880153656,-0.4230225384235382,0.3442159593105316,-0.28030622005462649,0.20725269615650178,0.9372698068618774],"EasingStyle":"Linear","EasingDirection":"Out"},"Left Arm":{"Weight":1,"CFrame":[0.4716351330280304,-0.3667716979980469,0.017334461212158204,0.8701326847076416,-0.1819128841161728,0.45801404118537905,0.09796040505170822,0.9746776819229126,0.20101529359817506,-0.4829833507537842,-0.1300428807735443,0.8659191727638245],"EasingStyle":"Linear","EasingDirection":"Out"},"Head":{"Weight":1,"CFrame":[6.426125764846802e-8,1.4901161193847657e-8,0.016662001609802247,0.9869014024734497,0.02299724891781807,-0.15967687964439393,-0.007617140654474497,0.9953259229660034,0.09627195447683335,0.16114450991153718,-0.09379463642835617,0.9824637174606323],"EasingStyle":"Linear","EasingDirection":"Out"},"Torso":{"Weight":1,"CFrame":[0.19254335761070252,-0.08027711510658264,0.10812258720397949,0.9827582240104675,-0.1791488528251648,0.045737408101558688,0.1796291619539261,0.983712375164032,-0.006582890637218952,-0.04381313920021057,0.014685162343084813,0.9989318251609802],"EasingStyle":"Linear","EasingDirection":"Out"},"HumanoidRootPart":{"Weight":0,"CFrame":[0,0,0,1,0,0,0,1,0,0,0,1],"EasingStyle":"Linear","EasingDirection":"In"},"Right Leg":{"Weight":1,"CFrame":[0.23242919147014619,-0.16852867603302003,0.14994049072265626,0.9732451438903809,0.22703374922275544,-0.03534894064068794,-0.22349439561367036,0.9711047410964966,0.08370094746351242,0.05333051085472107,-0.07356125861406326,0.9958637356758118],"EasingStyle":"Linear","EasingDirection":"Out"}}},{"Time":0.15000000596046449,"poses":{"Left Leg":{"Weight":1,"CFrame":[-0.3480171263217926,0.06717431545257569,0.5060676336288452,0.8357653021812439,-0.02710171602666378,0.5484176874160767,0.05421961098909378,0.9979732632637024,-0.03331054002046585,-0.5464033484458923,0.0575748048722744,0.8355408310890198],"EasingStyle":"Linear","EasingDirection":"Out"},"Right Arm":{"Weight":1,"CFrame":[0.2179344743490219,0.3034414052963257,0.19297289848327638,-0.5430973768234253,-0.8367600440979004,-0.06984233856201172,0.7633665800094605,-0.5266789197921753,0.3740065097808838,-0.34973812103271487,0.14980654418468476,0.9247925281524658],"EasingStyle":"Linear","EasingDirection":"Out"},"Left Arm":{"Weight":1,"CFrame":[0.4681532084941864,-0.3664802312850952,0.017788171768188478,0.867813229560852,-0.1921611875295639,0.4582294523715973,0.1120414063334465,0.9741188287734985,0.19631388783454896,-0.48409387469291689,-0.11902327090501785,0.8668832778930664],"EasingStyle":"Linear","EasingDirection":"Out"},"Head":{"Weight":1,"CFrame":[8.940696716308594e-8,-3.725290298461914e-9,0.01666259765625,0.986484944820404,0.03625838831067085,-0.1597897708415985,-0.02059618942439556,0.9949134588241577,0.09860527515411377,0.16255219280719758,-0.09398153424263,0.9822139143943787],"EasingStyle":"Linear","EasingDirection":"Out"},"Torso":{"Weight":1,"CFrame":[0.21330904960632325,-0.09582994878292084,0.09559822082519531,0.9800717234611511,-0.19202570617198945,0.050848640501499179,0.1925976574420929,0.9812559485435486,-0.006551598664373159,-0.04863745719194412,0.016214365139603616,0.9986848831176758],"EasingStyle":"Linear","EasingDirection":"Out"},"HumanoidRootPart":{"Weight":0,"CFrame":[0,0,0,1,0,0,0,1,0,0,0,1],"EasingStyle":"Linear","EasingDirection":"In"},"Right Leg":{"Weight":1,"CFrame":[0.24033887684345246,-0.17016613483428956,0.15185165405273438,0.9673393964767456,0.2488105446100235,-0.048454511910676959,-0.24406220018863679,0.9658403396606445,0.08709794282913208,0.06847028434276581,-0.07242738455533982,0.9950206279754639],"EasingStyle":"Linear","EasingDirection":"Out"}}},{"Time":0.1666666716337204,"poses":{"Left Leg":{"Weight":1,"CFrame":[-0.32680821418762209,0.04537069797515869,0.4636634588241577,0.8392621874809265,0.0030028519686311485,0.5437186360359192,-0.002677937736734748,0.9999954700469971,-0.0013892524875700474,-0.5437203645706177,-0.00029004874522797763,0.8392664194107056],"EasingStyle":"Linear","EasingDirection":"Out"},"Right Arm":{"Weight":1,"CFrame":[0.22049371898174287,0.3826938271522522,0.19203698635101319,-0.6024160981178284,-0.772404134273529,-0.201213076710701,0.6748284101486206,-0.6274945139884949,0.3884035050868988,-0.42626461386680605,0.09819602966308594,0.8992530107498169],"EasingStyle":"Linear","EasingDirection":"Out"},"Left Arm":{"Weight":1,"CFrame":[0.46433714032173159,-0.3661230206489563,0.018286824226379396,0.8653429746627808,-0.202596515417099,0.45840615034103396,0.1266399472951889,0.9733620285987854,0.19112463295459748,-0.4849162995815277,-0.10733591765165329,0.8679488301277161],"EasingStyle":"Linear","EasingDirection":"Out"},"Head":{"Weight":1,"CFrame":[1.0617077350616455e-7,-1.1175870895385743e-8,0.01666247844696045,0.985831618309021,0.04980698227882385,-0.16017256677150727,-0.03383687883615494,0.9943178296089172,0.10093129426240921,0.16428948938846589,-0.09408152848482132,0.981915295124054],"EasingStyle":"Linear","EasingDirection":"Out"},"Torso":{"Weight":1,"CFrame":[0.23285755515098573,-0.11158566176891327,0.08282709121704102,0.9771656394004822,-0.20513634383678437,0.05537528544664383,0.20579363405704499,0.9785746335983276,-0.006379084661602974,-0.052880264818668368,0.01762930303812027,0.9984452128410339],"EasingStyle":"Linear","EasingDirection":"Out"},"HumanoidRootPart":{"Weight":0,"CFrame":[0,0,0,1,0,0,0,1,0,0,0,1],"EasingStyle":"Linear","EasingDirection":"In"},"Right Leg":{"Weight":1,"CFrame":[0.24581536650657655,-0.17158448696136475,0.15422630310058595,0.960901141166687,0.26990678906440737,-0.06179991737008095,-0.2638903558254242,0.96027010679245,0.09079227596521378,0.08385013043880463,-0.07093408703804016,0.9939504861831665],"EasingStyle":"Linear","EasingDirection":"Out"}}},{"Time":0.18333333730697633,"poses":{"Left Leg":{"Weight":1,"CFrame":[-0.3121248781681061,0.026491105556488038,0.4305986166000366,0.8440302610397339,0.024651644751429559,0.5357287526130676,-0.04343874379992485,0.9988031983375549,0.022476766258478166,-0.5345334410667419,-0.04224241524934769,0.8440909385681152],"EasingStyle":"Linear","EasingDirection":"Out"},"Right Arm":{"Weight":1,"CFrame":[0.22355791926383973,0.4602208137512207,0.19136595726013184,-0.641731321811676,-0.691221296787262,-0.33225569128990176,0.5765050649642944,-0.7204869389533997,0.3854096233844757,-0.5057892799377441,0.055782221257686618,0.8608516454696655],"EasingStyle":"Linear","EasingDirection":"Out"},"Left Arm":{"Weight":1,"CFrame":[0.46020251512527468,-0.3656919300556183,0.018829703330993654,0.8627279996871948,-0.21301230788230897,0.45861318707466128,0.14150340855121613,0.9724093079566956,0.18546393513679505,-0.4854659140110016,-0.09510979056358338,0.8690667748451233],"EasingStyle":"Linear","EasingDirection":"Out"},"Head":{"Weight":1,"CFrame":[9.872019290924072e-8,0,0.016661763191223146,0.9849572777748108,0.06336349248886109,-0.16076141595840455,-0.047068171203136447,0.9935439229011536,0.10322345048189163,0.166264146566391,-0.09410400688648224,0.9815807342529297],"EasingStyle":"Linear","EasingDirection":"Out"},"Torso":{"Weight":1,"CFrame":[0.2511991858482361,-0.12724433839321137,0.07006597518920899,0.9740933179855347,-0.21821388602256776,0.05937119945883751,0.21894881129264832,0.9757173657417297,-0.006088627502322197,-0.05660088732838631,0.018930144608020784,0.9982174038887024],"EasingStyle":"Linear","EasingDirection":"Out"},"HumanoidRootPart":{"Weight":0,"CFrame":[0,0,0,1,0,0,0,1,0,0,0,1],"EasingStyle":"Linear","EasingDirection":"In"},"Right Leg":{"Weight":1,"CFrame":[0.24898043274879456,-0.17273712158203126,0.15695059299468995,0.9540790915489197,0.2899850308895111,-0.07511186599731446,-0.2826690077781677,0.9545331597328186,0.09468204528093338,0.09915321320295334,-0.06910241395235062,0.9926698803901672],"EasingStyle":"Linear","EasingDirection":"Out"}}},{"Time":0.20000000298023225,"poses":{"Left Leg":{"Weight":1,"CFrame":[-0.3154926896095276,0.02729552984237671,0.41716480255126955,0.8502987623214722,0.028978563845157625,0.5255018472671509,-0.05407935008406639,0.9980086088180542,0.03246929123997688,-0.523514449596405,-0.056027427315711978,0.8501726388931274],"EasingStyle":"Linear","EasingDirection":"Out"},"Right Arm":{"Weight":1,"CFrame":[0.2269325852394104,0.534947395324707,0.1910412311553955,-0.6593743562698364,-0.5977857112884522,-0.455936074256897,0.4738348424434662,-0.8012712597846985,0.36530107259750368,-0.5837002396583557,0.02483164332807064,0.8115894198417664],"EasingStyle":"Linear","EasingDirection":"Out"},"Left Arm":{"Weight":1,"CFrame":[0.4557642340660095,-0.36517786979675295,0.019414663314819337,0.8599863052368164,-0.22320282459259034,0.45891618728637698,0.1563802808523178,0.9712768197059631,0.17935016751289369,-0.48576614260673525,-0.08247347176074982,0.8701893091201782],"EasingStyle":"Linear","EasingDirection":"Out"},"Head":{"Weight":1,"CFrame":[1.0058283805847168e-7,0,0.016661763191223146,0.9838923811912537,0.07664939016103745,-0.16149497032165528,-0.06002010032534599,0.9926115870475769,0.1054508239030838,0.16838452219963075,-0.09405938535928726,0.981223464012146],"EasingStyle":"Linear","EasingDirection":"Out"},"Torso":{"Weight":1,"CFrame":[0.26834481954574587,-0.14250683784484864,0.057569026947021487,0.9709204435348511,-0.23099388182163239,0.06289087980985642,0.231797993183136,0.9727472066879273,-0.005704336799681187,-0.0598592571914196,0.02011643722653389,0.9980040788650513],"EasingStyle":"Linear","EasingDirection":"Out"},"HumanoidRootPart":{"Weight":0,"CFrame":[0,0,0,1,0,0,0,1,0,0,0,1],"EasingStyle":"Linear","EasingDirection":"In"},"Right Leg":{"Weight":1,"CFrame":[0.24963626265525819,-0.17359864711761475,0.1598505973815918,0.9471173882484436,0.30855056643486025,-0.0881199836730957,-0.29993295669555666,0.9488438963890076,0.09866861253976822,0.11405643820762634,-0.06702068448066712,0.9912110567092896],"EasingStyle":"Linear","EasingDirection":"Out"}}},{"Time":0.21666666865348817,"poses":{"Left Leg":{"Weight":1,"CFrame":[-0.3307802379131317,0.04285246133804321,0.4160041809082031,0.8570768237113953,0.0219434704631567,0.5147212743759155,-0.04567410796880722,0.9983948469161987,0.03348979726433754,-0.5131600499153137,-0.05221277475357056,0.8567032814025879],"EasingStyle":"Linear","EasingDirection":"Out"},"Right Arm":{"Weight":1,"CFrame":[0.2303742915391922,0.6057308912277222,0.19108355045318604,-0.6565446853637695,-0.4983160197734833,-0.5662421584129334,0.37281298637390139,-0.8669745922088623,0.3307046890258789,-0.6557129621505737,0.006019878201186657,0.7549862265586853],"EasingStyle":"Linear","EasingDirection":"Out"},"Left Arm":{"Weight":1,"CFrame":[0.45103752613067629,-0.3645722270011902,0.02004075050354004,0.857146680355072,-0.23296290636062623,0.459377646446228,0.17102107405662538,0.9699949622154236,0.17280493676662446,-0.4858511686325073,-0.06955604255199433,0.8712695837020874],"EasingStyle":"Linear","EasingDirection":"Out"},"Head":{"Weight":1,"CFrame":[6.332993507385254e-8,0,0.016661882400512697,0.9826818704605103,0.08938818424940109,-0.16231469810009004,-0.07242625951766968,0.9915551543235779,0.10757729411125183,0.17056012153625489,-0.09395837038755417,0.9808573126792908],"EasingStyle":"Linear","EasingDirection":"Out"},"Torso":{"Weight":1,"CFrame":[0.2843058705329895,-0.15707409381866456,0.045589447021484378,0.9677249193191528,-0.24321554601192475,0.065989650785923,0.24408021569252015,0.9697408080101013,-0.005250510759651661,-0.06271584331989289,0.02118781954050064,0.9978064894676209],"EasingStyle":"Linear","EasingDirection":"Out"},"HumanoidRootPart":{"Weight":0,"CFrame":[0,0,0,1,0,0,0,1,0,0,0,1],"EasingStyle":"Linear","EasingDirection":"In"},"Right Leg":{"Weight":1,"CFrame":[0.24785445630550385,-0.17409753799438477,0.16273021697998048,0.9402680397033691,0.32524484395980837,-0.10055692493915558,-0.31535160541534426,0.9434059262275696,0.1026577427983284,0.1282549351453781,-0.06481501460075379,0.9896209836006165],"EasingStyle":"Linear","EasingDirection":"Out"}}},{"Time":0.23333333432674409,"poses":{"Left Leg":{"Weight":1,"CFrame":[-0.343530535697937,0.056821584701538089,0.4139699935913086,0.8632336258888245,0.015983307734131814,0.5045514702796936,-0.038540273904800418,0.9986681342124939,0.034302130341529849,-0.5033313035964966,-0.049056269228458408,0.8626999258995056],"EasingStyle":"Linear","EasingDirection":"Out"},"Right Arm":{"Weight":1,"CFrame":[0.23363527655601502,0.6713577508926392,0.19145333766937257,-0.6370266675949097,-0.3995171785354614,-0.6592290997505188,0.27890661358833315,-0.9167242646217346,0.2860555946826935,-0.7186154127120972,-0.001638274290598929,0.6954057812690735],"EasingStyle":"Linear","EasingDirection":"Out"},"Left Arm":{"Weight":1,"CFrame":[0.446037620306015,-0.3638664782047272,0.0207061767578125,0.8542483448982239,-0.24208934605121613,0.4600570499897003,0.1851789951324463,0.9686083793640137,0.1658509522676468,-0.48576590418815615,-0.05648523569107056,0.8722620010375977],"EasingStyle":"Linear","EasingDirection":"Out"},"Head":{"Weight":1,"CFrame":[5.960464477539063e-8,3.725290298461914e-8,0.0166623592376709,0.9813839793205261,0.1013050526380539,-0.1631649136543274,-0.08402242511510849,0.9904224276542664,0.1095609962940216,0.17270126938819886,-0.09381186962127686,0.9804965853691101],"EasingStyle":"Linear","EasingDirection":"Out"},"Torso":{"Weight":1,"CFrame":[0.2990947663784027,-0.1706468015909195,0.03437972068786621,0.9645957350730896,-0.25462156534194949,0.06872372329235077,0.25553852319717409,0.9667872190475464,-0.004751089494675398,-0.06523148715496063,0.022144438698887826,0.997624397277832],"EasingStyle":"Linear","EasingDirection":"Out"},"HumanoidRootPart":{"Weight":0,"CFrame":[0,0,0,1,0,0,0,1,0,0,0,1],"EasingStyle":"Linear","EasingDirection":"In"},"Right Leg":{"Weight":1,"CFrame":[0.24371540546417237,-0.17414581775665284,0.16536474227905274,0.933817446231842,0.3397131562232971,-0.11215972155332566,-0.3285958170890808,0.9384399056434631,0.10656198114156723,0.14145570993423463,-0.0626542866230011,0.9879598617553711],"EasingStyle":"Linear","EasingDirection":"Out"}}},{"Time":0.25,"poses":{"Left Leg":{"Weight":1,"CFrame":[-0.353482723236084,0.06918823719024658,0.41125619411468508,0.8686821460723877,0.01124122180044651,0.49524226784706118,-0.032803814858198169,0.9988534450531006,0.03486720472574234,-0.4942825436592102,-0.04653432220220566,0.8680549263954163],"EasingStyle":"Linear","EasingDirection":"Out"},"Right Arm":{"Weight":1,"CFrame":[0.23650333285331727,0.7305407524108887,0.19206774234771729,-0.6062979102134705,-0.30746302008628847,-0.7333956360816956,0.19625476002693177,-0.9515599012374878,0.23668093979358674,-0.7706405520439148,-0.0004333554534241557,0.637269914150238],"EasingStyle":"Linear","EasingDirection":"Out"},"Left Arm":{"Weight":1,"CFrame":[0.44077953696250918,-0.36305123567581179,0.021409988403320314,0.8513407707214356,-0.25037986040115359,0.4610084295272827,0.198610320687294,0.9671749472618103,0.15851348638534547,-0.4855644404888153,-0.04338808357715607,0.8731235265731812],"EasingStyle":"Linear","EasingDirection":"Out"},"Head":{"Weight":1,"CFrame":[1.5273690223693848e-7,7.450580596923828e-9,0.016661763191223146,0.9800682067871094,0.11212751269340515,-0.1639929860830307,-0.09454775601625443,0.9892728924751282,0.1113547682762146,0.17471975088119508,-0.09363013505935669,0.9801563024520874],"EasingStyle":"Linear","EasingDirection":"Out"},"Torso":{"Weight":1,"CFrame":[0.312724232673645,-0.18292507529258729,0.02419137954711914,0.9616312980651856,-0.2649582624435425,0.07115009427070618,0.26591992378234866,0.9639858603477478,-0.004229307174682617,-0.0674670934677124,0.022987261414527894,0.9974566698074341],"EasingStyle":"Linear","EasingDirection":"Out"},"HumanoidRootPart":{"Weight":0,"CFrame":[0,0,0,1,0,0,0,1,0,0,0,1],"EasingStyle":"Linear","EasingDirection":"In"},"Right Leg":{"Weight":1,"CFrame":[0.2376059889793396,-0.1735895872116089,0.16753935813903809,0.9280232191085815,0.35174617171287539,-0.12266846001148224,-0.3394784927368164,0.9341240525245667,0.11030263453722,0.15338614583015443,-0.06072011962532997,0.9862990379333496],"EasingStyle":"Linear","EasingDirection":"Out"}}},{"Time":0.2666666805744171,"poses":{"Left Leg":{"Weight":1,"CFrame":[-0.3602062165737152,0.07981610298156738,0.4079498052597046,0.8733404278755188,0.007955968379974366,0.48704540729522707,-0.028702711686491967,0.9989697933197022,0.03514951094985008,-0.48626402020454409,-0.04467704892158508,0.8726690411567688],"EasingStyle":"Linear","EasingDirection":"Out"},"Right Arm":{"Weight":1,"CFrame":[0.23882165551185609,0.7819514274597168,0.1928236484527588,-0.5704376101493836,-0.22690176963806153,-0.7893772721290588,0.1273839920759201,-0.9738951325416565,0.18788737058639527,-0.8114026784896851,0.006623976863920689,0.5844500064849854],"EasingStyle":"Linear","EasingDirection":"Out"},"Left Arm":{"Weight":1,"CFrame":[0.43527862429618838,-0.3621158003807068,0.022150754928588868,0.8484807014465332,-0.2576342225074768,0.4622823894023895,0.21107511222362519,0.9657644629478455,0.1508186161518097,-0.48531201481819155,-0.030390508472919465,0.873812735080719],"EasingStyle":"Linear","EasingDirection":"Out"},"Head":{"Weight":1,"CFrame":[1.043081283569336e-7,7.450580596923828e-9,0.016661882400512697,0.9788129925727844,0.12158560007810593,-0.16474860906600953,-0.10374466329813004,0.9881746768951416,0.11290640383958817,0.1765281707048416,-0.09342238306999207,0.979852020740509],"EasingStyle":"Linear","EasingDirection":"Out"},"Torso":{"Weight":1,"CFrame":[0.32520806789398196,-0.19360820949077607,0.0152740478515625,0.9589372873306274,-0.2739752531051636,0.07332663238048554,0.2749750018119812,0.9614441990852356,-0.0037075018044561149,-0.06948370486497879,0.023718252778053285,0.9973011016845703],"EasingStyle":"Linear","EasingDirection":"Out"},"HumanoidRootPart":{"Weight":0,"CFrame":[0,0,0,1,0,0,0,1,0,0,0,1],"EasingStyle":"Linear","EasingDirection":"In"},"Right Leg":{"Weight":1,"CFrame":[0.22932752966880799,-0.17237234115600587,0.16896963119506837,0.9232540726661682,0.3608645796775818,-0.13182823359966279,-0.3475373089313507,0.9307335019111633,0.11381108313798905,0.16376741230487824,-0.05926133692264557,0.9847173690795898],"EasingStyle":"Linear","EasingDirection":"Out"}}},{"Time":0.28333333134651186,"poses":{"Left Leg":{"Weight":1,"CFrame":[-0.3631303906440735,0.08847135305404663,0.4040452241897583,0.8771270513534546,0.0064485883340239529,0.4802151024341583,-0.02657018043100834,0.9990299940109253,0.03511564061045647,-0.47952282428741457,-0.04356025904417038,0.8764475584030151],"EasingStyle":"Linear","EasingDirection":"Out"},"Right Arm":{"Weight":1,"CFrame":[0.2404901385307312,0.8242411613464356,0.19361698627471925,-0.5352339744567871,-0.16111339628696443,-0.8291966319084168,0.0734170600771904,-0.986799955368042,0.14434626698493958,-0.8415073156356812,0.01638180948793888,0.5399973392486572],"EasingStyle":"Linear","EasingDirection":"Out"},"Left Arm":{"Weight":1,"CFrame":[0.4295496344566345,-0.3610501289367676,0.022927403450012208,0.8457308411598206,-0.2636535167694092,0.4639245569705963,0.22233715653419496,0.9644565582275391,0.14279240369796754,-0.4850829839706421,-0.01761653646826744,0.8742907643318176],"EasingStyle":"Linear","EasingDirection":"Out"},"Head":{"Weight":1,"CFrame":[9.313225746154785e-8,7.450580596923828e-9,0.016662120819091798,0.9776977300643921,0.1294132024049759,-0.16540656983852387,-0.11135651171207428,0.9872009754180908,0.11416611075401306,0.17806415259838105,-0.09320089966058731,0.9795951843261719],"EasingStyle":"Linear","EasingDirection":"Out"},"Torso":{"Weight":1,"CFrame":[0.3365601897239685,-0.20239481329917909,0.007878541946411133,0.956623375415802,-0.2814246416091919,0.07531176507472992,0.28245705366134646,0.9592745900154114,-0.0032070339657366277,-0.07134212553501129,0.02434026636183262,0.9971548914909363],"EasingStyle":"Linear","EasingDirection":"Out"},"HumanoidRootPart":{"Weight":0,"CFrame":[0,0,0,1,0,0,0,1,0,0,0,1],"EasingStyle":"Linear","EasingDirection":"In"},"Right Leg":{"Weight":1,"CFrame":[0.21902024745941163,-0.1703813076019287,0.1693943738937378,0.9198206663131714,0.3667445480823517,-0.1393856555223465,-0.35246244072914126,0.9284793138504028,0.11703134328126908,0.1723373830318451,-0.05851970240473747,0.9832981824874878],"EasingStyle":"Linear","EasingDirection":"Out"}}},{"Time":0.30000001192092898,"poses":{"Left Leg":{"Weight":1,"CFrame":[-0.36170849204063418,0.09515690803527832,0.3995096683502197,0.8799556493759155,0.007016259711235762,0.47500407695770266,-0.02671903371810913,0.9990391135215759,0.0347408764064312,-0.4743039011955261,-0.04326203465461731,0.8792975544929504],"EasingStyle":"Linear","EasingDirection":"Out"},"Right Arm":{"Weight":1,"CFrame":[0.24145081639289857,0.8560665845870972,0.19435811042785645,-0.5056720972061157,-0.11220048367977143,-0.8553986549377441,0.03458111360669136,-0.9933462142944336,0.10985200852155686,-0.862032413482666,0.025968413800001146,0.5061874389648438],"EasingStyle":"Linear","EasingDirection":"Out"},"Left Arm":{"Weight":1,"CFrame":[0.42360785603523257,-0.3598429560661316,0.023738384246826173,0.8431574106216431,-0.2682395279407501,0.46597540378570559,0.23216326534748078,0.9633382558822632,0.13446030020713807,-0.48495960235595705,-0.005188995040953159,0.8745211958885193],"EasingStyle":"Linear","EasingDirection":"Out"},"Head":{"Weight":1,"CFrame":[8.940696716308594e-8,2.2351741790771486e-8,0.016662240028381349,0.9767863750457764,0.13535432517528535,-0.16603484749794007,-0.11712362617254257,0.9864238500595093,0.11510882526636124,0.17936119437217713,-0.09299012273550034,0.9793785810470581],"EasingStyle":"Linear","EasingDirection":"Out"},"Torso":{"Weight":1,"CFrame":[0.34679514169692995,-0.20898279547691346,0.0022542476654052736,0.9547997713088989,-0.28705939650535586,0.07716437429189682,0.28812047839164736,0.9575902223587036,-0.002748478204011917,-0.07310286909341812,0.02485688216984272,0.997014582157135],"EasingStyle":"Linear","EasingDirection":"Out"},"HumanoidRootPart":{"Weight":0,"CFrame":[0,0,0,1,0,0,0,1,0,0,0,1],"EasingStyle":"Linear","EasingDirection":"In"},"Right Leg":{"Weight":1,"CFrame":[0.20694023370742799,-0.16748380661010743,0.1685701608657837,0.9179887771606445,0.3691139817237854,-0.14509080350399018,-0.35399532318115237,0.9275269508361816,0.11992143094539643,0.17884038388729096,-0.05872511863708496,0.9821239709854126],"EasingStyle":"Linear","EasingDirection":"Out"}}},{"Time":0.3166666626930237,"poses":{"Left Leg":{"Weight":1,"CFrame":[-0.35521188378334048,0.09959572553634644,0.39417529106140139,0.8817206621170044,0.010059270076453686,0.4716647267341614,-0.029588038101792337,0.9989835619926453,0.03400574252009392,-0.4708431363105774,-0.04393913596868515,0.8811219930648804],"EasingStyle":"Linear","EasingDirection":"Out"},"Right Arm":{"Weight":1,"CFrame":[0.24166584014892579,0.8761042356491089,0.19497716426849366,-0.4857714772224426,-0.08161129802465439,-0.8702675700187683,0.010818510316312313,-0.9961168169975281,0.08737435936927796,-0.8740189075469971,0.03302892670035362,0.4847680330276489],"Ea