{"Sequence":[{"Time":0,"poses":{"Left Leg":{"Weight":1,"CFrame":[-0.7172209620475769,-0.05343592166900635,-0.15078794956207276,0.5867743492126465,-0.054673854261636737,-0.8079025745391846,0.087644562125206,0.996144711971283,-0.003757277736440301,0.8049933910369873,-0.06860360503196717,0.5893040299415588],"EasingStyle":"Linear","EasingDirection":"Out"},"Right Arm":{"Weight":1,"CFrame":[0.45692262053489687,-0.9965634346008301,-0.01224583387374878,-0.3288477659225464,-0.8791160583496094,0.3449840843677521,0.36324337124824526,0.21945291757583619,0.9054803848266602,-0.8717301487922669,0.42307838797569277,0.2471664696931839],"EasingStyle":"Linear","EasingDirection":"Out"},"Left Arm":{"Weight":1,"CFrame":[0.03667551651597023,-0.5618804693222046,-0.06812131404876709,0.28436651825904848,0.16589514911174775,0.9442533850669861,-0.8960290551185608,0.39628756046295168,0.20022013783454896,-0.34098032116889956,-0.9030143618583679,0.2613377273082733],"EasingStyle":"Linear","EasingDirection":"Out"},"Head":{"Weight":1,"CFrame":[1.5320256352424622e-7,9.065843187272549e-9,1.1920928955078126e-7,0.998670756816864,-0.005913777742534876,-0.051203109323978427,0.002087309956550598,0.9972214698791504,-0.07446444779634476,0.05150121822953224,0.07425858080387116,0.995908260345459],"EasingStyle":"Linear","EasingDirection":"Out"},"Torso":{"Weight":1,"CFrame":[0.005111611448228359,-0.06634446978569031,0.04533863067626953,0.9997817873954773,0.017045123502612115,-0.012074039317667485,-0.017170460894703866,0.9997989535331726,-0.010354170575737954,0.011895122937858105,0.01055922918021679,0.9998735189437866],"EasingStyle":"Linear","EasingDirection":"Out"},"HumanoidRootPart":{"Weight":0,"CFrame":[0,0,0,1,0,0,0,1,0,0,0,1],"EasingStyle":"Linear","EasingDirection":"In"},"Right Leg":{"Weight":1,"CFrame":[0.3900105357170105,0.27096009254455569,0.20150065422058106,0.8387139439582825,0.2813742458820343,-0.4662482738494873,-0.2677936851978302,0.9586031436920166,0.09678103029727936,0.4741787612438202,0.04368673637509346,0.8793440461158752],"EasingStyle":"Linear","EasingDirection":"Out"}}},{"Time":0.01666666753590107,"poses":{"Left Leg":{"Weight":1,"CFrame":[-0.6432928442955017,-0.0513615608215332,-0.07837885618209839,0.7280126214027405,-0.04630252346396446,-0.6839984059333801,0.07871109992265701,0.9967641830444336,0.016301192343235017,0.6810302734375,-0.06570573896169663,0.729301393032074],"EasingStyle":"Linear","EasingDirection":"Out"},"Right Arm":{"Weight":1,"CFrame":[0.405503511428833,-0.9894248843193054,0.021605968475341798,-0.18590259552001954,-0.9229790568351746,0.3369714915752411,0.3709183633327484,0.25165295600891116,0.893918514251709,-0.9098680019378662,0.29117074608802798,0.29556700587272646],"EasingStyle":"Linear","EasingDirection":"Out"},"Left Arm":{"Weight":1,"CFrame":[0.01150721125304699,-0.5719195604324341,-0.045462191104888919,0.18824666738510133,0.19281712174415589,0.9630081653594971,-0.9449669718742371,0.3027113676071167,0.1241099089384079,-0.26758289337158205,-0.9333742260932922,0.23919029533863069],"EasingStyle":"Linear","EasingDirection":"Out"},"Head":{"Weight":1,"CFrame":[1.5256227925419808e-7,5.9371814131736759e-9,1.1920928955078126e-7,0.9988031387329102,0.0022070433478802444,-0.04886158928275108,-0.005397327244281769,0.9978538751602173,-0.06525703519582749,0.048612698912620547,0.06544267386198044,0.9966714978218079],"EasingStyle":"Linear","EasingDirection":"Out"},"Torso":{"Weight":1,"CFrame":[0.0037206204142421486,-0.06634446978569031,0.057913780212402347,0.9999479651451111,0.006222579162567854,-0.008082256652414799,-0.006323224864900112,0.9999020099639893,-0.012487347237765789,0.008003761991858483,0.012537803500890732,0.9998893737792969],"EasingStyle":"Linear","EasingDirection":"Out"},"HumanoidRootPart":{"Weight":0,"CFrame":[0,0,0,1,0,0,0,1,0,0,0,1],"EasingStyle":"Linear","EasingDirection":"In"},"Right Leg":{"Weight":1,"CFrame":[0.9712185263633728,0.273398756980896,0.30794239044189455,0.6147345900535584,0.7088695764541626,-0.3458399474620819,-0.6781513094902039,0.6989291310310364,0.22717566788196565,0.4027557075023651,0.09487912803888321,0.9103768467903137],"EasingStyle":"Linear","EasingDirection":"Out"}}},{"Time":0.03333333507180214,"poses":{"Left Leg":{"Weight":1,"CFrame":[-0.4756733179092407,-0.03678405284881592,0.01747274398803711,0.9173566102981567,-0.01876378059387207,-0.3976239264011383,0.04123750701546669,0.9979935884475708,0.048043813556432727,0.3959246873855591,-0.06047031655907631,0.9162898063659668],"EasingStyle":"Linear","EasingDirection":"Out"},"Right Arm":{"Weight":1,"CFrame":[0.27974042296409609,-0.9697662591934204,0.1037522554397583,0.09374912083148956,-0.944486141204834,0.31489208340644839,0.35643380880355837,0.32716113328933718,0.8751688003540039,-0.9296053051948547,0.030191989615559579,0.3673180043697357],"EasingStyle":"Linear","EasingDirection":"Out"},"Left Arm":{"Weight":1,"CFrame":[-0.04227170720696449,-0.5132860541343689,0.018556594848632814,-0.027493497356772424,0.21657274663448335,0.9758792519569397,-0.9951896071434021,0.08590199053287506,-0.04710151255130768,-0.09403073787689209,-0.9724798798561096,0.21316935122013093],"EasingStyle":"Linear","EasingDirection":"Out"},"Head":{"Weight":1,"CFrame":[1.5099067240953446e-7,-8.509232429787517e-9,-3.5762786865234377e-7,0.9988083243370056,0.02015356346964836,-0.044449999928474429,-0.021761424839496614,0.9991151690483093,-0.035990048199892047,0.043685343116521838,0.03691444918513298,0.9983631372451782],"EasingStyle":"Linear","EasingDirection":"Out"},"Torso":{"Weight":1,"CFrame":[-0.000042624455090845007,-0.06634446978569031,0.0714426040649414,0.99982088804245,-0.018798133358359338,0.00220828247256577,0.018846258521080018,0.9995273351669312,-0.024287210777401925,-0.0017506845761090518,0.024324476718902589,0.9997025728225708],"EasingStyle":"Linear","EasingDirection":"Out"},"HumanoidRootPart":{"Weight":0,"CFrame":[0,0,0,1,0,0,0,1,0,0,0,1],"EasingStyle":"Linear","EasingDirection":"In"},"Right Leg":{"Weight":1,"CFrame":[0.9006845951080322,0.020672917366027833,0.3351203203201294,0.31075870990753176,0.9310781359672546,-0.19110876321792603,-0.9149718284606934,0.3474874496459961,0.20513178408145905,0.25740161538124087,0.11111264675855637,0.9598950147628784],"EasingStyle":"Linear","EasingDirection":"Out"}}},{"Time":0.05000000074505806,"poses":{"Left Leg":{"Weight":1,"CFrame":[-0.3595057725906372,0.03858506679534912,0.046419501304626468,0.9833438396453857,0.0021745499689131977,-0.18174195289611817,0.00799398310482502,0.9984433650970459,0.05519914627075195,0.18157902359962464,-0.05573263019323349,0.9817957878112793],"EasingStyle":"Linear","EasingDirection":"Out"},"Right Arm":{"Weight":1,"CFrame":[0.12237377464771271,-0.9402188062667847,0.20507872104644776,0.30102410912513735,-0.8995949625968933,0.3164069950580597,0.29461631178855898,0.4032970666885376,0.8663444519042969,-0.9069651365280151,-0.167572021484375,0.38643741607666018],"EasingStyle":"Linear","EasingDirection":"Out"},"Left Arm":{"Weight":1,"CFrame":[-0.09207228571176529,-0.3955298066139221,0.1179964542388916,-0.2271593064069748,0.19450625777244569,0.9542357921600342,-0.9704587459564209,-0.12700439989566804,-0.20513342320919038,0.08129247277975083,-0.9726444482803345,0.21761056780815125],"EasingStyle":"Linear","EasingDirection":"Out"},"Head":{"Weight":1,"CFrame":[1.5133991837501527e-7,-7.683411240577698e-9,3.5762786865234377e-7,0.9983723163604736,0.03843090310692787,-0.04214001074433327,-0.038444533944129947,0.9992606043815613,0.0004869739059358835,0.0421275720000267,0.0011338668409734965,0.9991115927696228],"EasingStyle":"Linear","EasingDirection":"Out"},"Torso":{"Weight":1,"CFrame":[-0.00556355994194746,-0.06634446978569031,0.06439065933227539,0.9987747073173523,-0.04673606902360916,0.016272911801934243,0.047329310327768329,0.9981482028961182,-0.038210678845644,-0.014456961303949356,0.038934044539928439,0.9991372227668762],"EasingStyle":"Linear","EasingDirection":"Out"},"HumanoidRootPart":{"Weight":0,"CFrame":[0,0,0,1,0,0,0,1,0,0,0,1],"EasingStyle":"Linear","EasingDirection":"In"},"Right Leg":{"Weight":1,"CFrame":[0.5641525983810425,-0.3675495386123657,0.19742417335510255,-0.02605319209396839,0.9984970688819885,-0.04821596294641495,-0.9910340905189514,-0.019475558772683145,0.13218238949775697,0.1310446858406067,0.05122743174433708,0.9900520443916321],"EasingStyle":"Linear","EasingDirection":"Out"}}},{"Time":0.06666667014360428,"poses":{"Left Leg":{"Weight":1,"CFrame":[-0.3513258993625641,0.10486364364624024,0.04991960525512695,0.9940299391746521,-0.0005571994697675109,-0.10910619050264359,0.005858719814568758,0.9988168478012085,0.0482759028673172,0.1089501678943634,-0.048626918345689777,0.9928570985794067],"EasingStyle":"Linear","EasingDirection":"Out"},"Right Arm":{"Weight":1,"CFrame":[-0.02385649085044861,-0.9034171104431152,0.2964717149734497,0.44335702061653139,-0.8304101228713989,0.33742183446884158,0.20604389905929566,0.4607793390750885,0.863266110420227,-0.8723419308662415,-0.3132114112377167,0.3753907084465027],"EasingStyle":"Linear","EasingDirection":"Out"},"Left Arm":{"Weight":1,"CFrame":[-0.11375242471694946,-0.24558693170547486,0.23987483978271485,-0.3206952214241028,0.1581817865371704,0.9338806867599487,-0.9299938678741455,-0.23956578969955445,-0.27878251671791079,0.17962749302387238,-0.957907497882843,0.22393561899662019],"EasingStyle":"Linear","EasingDirection":"Out"},"Head":{"Weight":1,"CFrame":[1.5459954738616944e-7,2.1653249859809877e-8,2.384185791015625e-7,0.9977341890335083,0.04739389941096306,-0.047752007842063907,-0.045892294496297839,0.9984315633773804,0.03206707537174225,0.049196891486644748,-0.029802972450852395,0.998344361782074],"EasingStyle":"Linear","EasingDirection":"Out"},"Torso":{"Weight":1,"CFrame":[-0.012227647937834263,-0.0663444772362709,0.041872501373291019,0.9973018169403076,-0.06653493642807007,0.031018270179629327,0.06795098632574082,0.9965770244598389,-0.047083549201488498,-0.027779394760727884,0.04906423017382622,0.9984092116355896],"EasingStyle":"Linear","EasingDirection":"Out"},"HumanoidRootPart":{"Weight":0,"CFrame":[0,0,0,1,0,0,0,1,0,0,0,1],"EasingStyle":"Linear","EasingDirection":"In"},"Right Leg":{"Weight":1,"CFrame":[0.2791699469089508,-0.4058659076690674,0.0684669017791748,-0.26123109459877016,0.9643461108207703,0.042366258800029758,-0.9632336497306824,-0.263280987739563,0.05351782590150833,0.06276392936706543,-0.026828104630112649,0.9976677298545837],"EasingStyle":"Linear","EasingDirection":"Out"}}},{"Time":0.0833333358168602,"poses":{"Left Leg":{"Weight":1,"CFrame":[-0.36079227924346926,0.12542474269866944,0.04924356937408447,0.9944621920585632,0.005221079103648663,-0.10496503114700318,-0.0007614601054228842,0.9990969300270081,0.042481929063797,0.10509204119443894,-0.04216677322983742,0.9935681223869324],"EasingStyle":"Linear","EasingDirection":"Out"},"Right Arm":{"Weight":1,"CFrame":[-0.1254476010799408,-0.8620026707649231,0.3555513620376587,0.5669245719909668,-0.7462430000305176,0.3488810062408447,0.113119937479496,0.49002891778945925,0.864335298538208,-0.8159659504890442,-0.4505474865436554,0.36222440004348757],"EasingStyle":"Linear","EasingDirection":"Out"},"Left Arm":{"Weight":1,"CFrame":[-0.1169583722949028,-0.10846245288848877,0.3430260419845581,-0.32436713576316836,0.1255008429288864,0.9375689625740051,-0.9154793620109558,-0.2911163568496704,-0.2777566909790039,0.2380829155445099,-0.9484201669692993,0.20932191610336305],"EasingStyle":"Linear","EasingDirection":"Out"},"Head":{"Weight":1,"CFrame":[1.601874828338623e-7,-2.0838342607021333e-8,-2.384185791015625e-7,0.9972434043884277,0.045581113547086719,-0.058548618108034137,-0.04218338802456856,0.9974241852760315,0.05801330506801605,0.06104210764169693,-0.05538361147046089,0.9965974688529968],"EasingStyle":"Linear","EasingDirection":"Out"},"Torso":{"Weight":1,"CFrame":[-0.01950823701918125,-0.0663444846868515,0.0052547454833984379,0.9961752891540527,-0.0755520612001419,0.04389432445168495,0.07790470123291016,0.9954636096954346,-0.05461772531270981,-0.039568718522787097,0.057828404009342197,0.9975420832633972],"EasingStyle":"Linear","EasingDirection":"Out"},"HumanoidRootPart":{"Weight":0,"CFrame":[0,0,0,1,0,0,0,1,0,0,0,1],"EasingStyle":"Linear","EasingDirection":"In"},"Right Leg":{"Weight":1,"CFrame":[0.16940626502037049,-0.432830810546875,0.09631311893463135,-0.46364107728004458,0.8849567770957947,0.043456532061100009,-0.8859806656837463,-0.46258074045181277,-0.032517317682504657,-0.008674251846969128,-0.05357801541686058,0.9985259771347046],"EasingStyle":"Linear","EasingDirection":"Out"}}},{"Time":0.10000000149011612,"poses":{"Left Leg":{"Weight":1,"CFrame":[-0.35285454988479617,0.12808090448379517,0.049152255058288577,0.9945259690284729,0.024025849997997285,-0.10169027745723725,-0.02008720114827156,0.9990144968032837,0.039580121636390689,0.1025409996509552,-0.03732077777385712,0.9940284490585327],"EasingStyle":"Linear","EasingDirection":"Out"},"Right Arm":{"Weight":1,"CFrame":[-0.18584901094436646,-0.8186535835266113,0.3868776559829712,0.6594077944755554,-0.668171763420105,0.3445689380168915,0.03818586468696594,0.48751115798950198,0.8722813725471497,-0.7508149743080139,-0.5620314478874207,0.3469833731651306],"EasingStyle":"Linear","EasingDirection":"Out"},"Left Arm":{"Weight":1,"CFrame":[-0.11204324662685394,-0.024044305086135865,0.3951301574707031,-0.24619151651859284,0.10442642122507096,0.9635792374610901,-0.9216600060462952,-0.3328336179256439,-0.19941087067127229,0.2998875677585602,-0.9371856451034546,0.17818623781204225],"EasingStyle":"Linear","EasingDirection":"Out"},"Head":{"Weight":1,"CFrame":[1.555308699607849e-7,-4.889443516731262e-9,-2.384185791015625e-7,0.9969855546951294,0.03935384005308151,-0.06686579436063767,-0.033842217177152637,0.9960862994194031,0.08165035396814347,0.06981736421585083,-0.07914134114980698,0.9944155216217041],"EasingStyle":"Linear","EasingDirection":"Out"},"Torso":{"Weight":1,"CFrame":[-0.027230383828282357,-0.0663444846868515,-0.040007591247558597,0.9953524470329285,-0.0796486884355545,0.054125670343637469,0.08314094692468643,0.9943720698356628,-0.06566411256790161,-0.048590995371341708,0.06985899060964585,0.9963727593421936],"EasingStyle":"Linear","EasingDirection":"Out"},"HumanoidRootPart":{"Weight":0,"CFrame":[0,0,0,1,0,0,0,1,0,0,0,1],"EasingStyle":"Linear","EasingDirection":"In"},"Right Leg":{"Weight":1,"CFrame":[0.10895823687314987,-0.4545111656188965,0.14261329174041749,-0.6178374886512756,0.782846987247467,0.07367062568664551,-0.7862953543663025,-0.6155951619148254,-0.05274741351604462,0.004058062564581633,-0.09051622450351715,0.9958867430686951],"EasingStyle":"Linear","EasingDirection":"Out"}}},{"Time":0.11666666716337204,"poses":{"Left Leg":{"Weight":1,"CFrame":[-0.3695923686027527,0.16104274988174439,0.04656791687011719,0.9944849014282227,0.027746181935071946,-0.10114291310310364,-0.02402515336871147,0.9989955425262451,0.037824198603630069,0.10209080576896668,-0.03518564626574516,0.9941526055335999],"EasingStyle":"Linear","EasingDirection":"Out"},"Right Arm":{"Weight":1,"CFrame":[-0.21774478256702424,-0.776056170463562,0.4017447233200073,0.711280107498169,-0.6235131621360779,0.3245178163051605,-0.0015516357962042094,0.4602847993373871,0.8877699971199036,-0.7029069066047669,-0.6319566369056702,0.3264239728450775],"EasingStyle":"Linear","EasingDirection":"Out"},"Left Arm":{"Weight":1,"CFrame":[-0.08399294316768646,0.003137946128845215,0.42742860317230227,-0.07719877362251282,0.09717077016830445,0.9922692179679871,-0.9292790293693543,-0.3675905466079712,-0.03630075231194496,0.3612213432788849,-0.924897313117981,0.11867626011371613],"EasingStyle":"Linear","EasingDirection":"Out"},"Head":{"Weight":1,"CFrame":[1.5925616025924683e-7,-3.026798367500305e-9,2.384185791015625e-7,0.9969089031219482,0.030619822442531587,-0.07235358655452728,-0.023452794179320337,0.9949191212654114,0.09790744632482529,0.0749838650226593,-0.09590790420770645,0.9925618767738342],"EasingStyle":"Linear","EasingDirection":"Out"},"Torso":{"Weight":1,"CFrame":[-0.03530707210302353,-0.0663444921374321,-0.0850820541381836,0.9948615431785584,-0.0808999240398407,0.06087442860007286,0.0854133665561676,0.9934726357460022,-0.07560839504003525,-0.054360371083021167,0.0804193764925003,0.9952777028083801],"EasingStyle":"Linear","EasingDirection":"Out"},"HumanoidRootPart":{"Weight":0,"CFrame":[0,0,0,1,0,0,0,1,0,0,0,1],"EasingStyle":"Linear","EasingDirection":"In"},"Right Leg":{"Weight":1,"CFrame":[0.11272946000099182,-0.46889781951904299,0.1920851469039917,-0.6864477396011353,0.7029845118522644,0.18601660430431367,-0.7171652317047119,-0.6967763304710388,-0.013297095894813538,0.12026434391736984,-0.1425323784351349,0.982456624507904],"EasingStyle":"Linear","EasingDirection":"Out"}}},{"Time":0.13333334028720857,"poses":{"Left Leg":{"Weight":1,"CFrame":[-0.39106860756874087,0.20101869106292725,0.04295074939727783,0.9945318102836609,0.02089332975447178,-0.10232274979352951,-0.017056522890925409,0.9991233944892883,0.03822941333055496,0.10303180664777756,-0.03627508878707886,0.9940164089202881],"EasingStyle":"Linear","EasingDirection":"Out"},"Right Arm":{"Weight":1,"CFrame":[-0.23381759226322175,-0.7368989586830139,0.4114476442337036,0.7413913011550903,-0.6063354015350342,0.2875695526599884,-0.009248510003089905,0.4192495048046112,0.9078239798545837,-0.6710091829299927,-0.6757123470306397,0.30522021651268008],"EasingStyle":"Linear","EasingDirection":"Out"},"Left Arm":{"Weight":1,"CFrame":[-0.021910181269049646,-0.05806910991668701,0.4776477813720703,0.1854352205991745,0.09652036428451538,0.977904736995697,-0.8957802653312683,-0.3925077021121979,0.20860329270362855,0.4039696455001831,-0.9146701693534851,0.013676398433744908],"EasingStyle":"Linear","EasingDirection":"Out"},"Head":{"Weight":1,"CFrame":[1.3317912817001344e-7,-2.6426278054714204e-8,1.1920928955078126e-7,0.9969945549964905,0.021313725039362909,-0.07448211312294007,-0.013649344444274903,0.9946973323822022,0.10193566232919693,0.0762597993016243,-0.10061266273260117,0.9919987320899963],"EasingStyle":"Linear","EasingDirection":"Out"},"Torso":{"Weight":1,"CFrame":[-0.0436512753367424,-0.0663444995880127,-0.12246847152709961,0.9946635365486145,-0.08145137876272202,0.06332515180110932,0.0864093080163002,0.9930460453033447,-0.07995588332414627,-0.056372277438640597,0.08500108122825623,0.9947848916053772],"EasingStyle":"Linear","EasingDirection":"Out"},"HumanoidRootPart":{"Weight":0,"CFrame":[0,0,0,1,0,0,0,1,0,0,0,1],"EasingStyle":"Linear","EasingDirection":"In"},"Right Leg":{"Weight":1,"CFrame":[0.19083601236343385,-0.44364404678344729,0.2140045166015625,-0.6525256633758545,0.657120943069458,0.37736237049102785,-0.6863634586334229,-0.7235706448554993,0.07314880937337876,0.32111600041389468,-0.21127621829509736,0.9231721758842468],"EasingStyle":"Linear","EasingDirection":"Out"}}},{"Time":0.15000000596046449,"poses":{"Left Leg":{"Weight":1,"CFrame":[-0.4007776379585266,0.22502052783966065,0.039781808853149417,0.9944799542427063,0.013517576269805432,-0.10405227541923523,-0.009298128075897694,0.9991187453269959,0.040930286049842837,0.10451386123895645,-0.03973688185214996,0.9937292337417603],"EasingStyle":"Linear","EasingDirection":"Out"},"Right Arm":{"Weight":1,"CFrame":[-0.24472591280937196,-0.7032079696655273,0.42484402656555178,0.7602906823158264,-0.608546793460846,0.22721992433071137,0.014098472893238068,0.3651700019836426,0.9308341145515442,-0.649429976940155,-0.7045010328292847,0.2862149178981781],"EasingStyle":"Linear","EasingDirection":"Out"},"Left Arm":{"Weight":1,"CFrame":[0.048863306641578677,-0.19614610075950623,0.545891284942627,0.4887591004371643,0.10981041193008423,0.8654804825782776,-0.7736104726791382,-0.4040359556674957,0.48814091086387637,0.40328824520111086,-0.9081280827522278,-0.11252564191818237],"EasingStyle":"Linear","EasingDirection":"Out"},"Head":{"Weight":1,"CFrame":[1.5087425708770753e-7,3.463355824351311e-8,1.1920928955078126e-7,0.9974576234817505,0.013571604155004025,-0.06995806097984314,-0.0068963924422860149,0.9954734444618225,0.09478943049907685,0.07092783600091934,-0.09406598657369614,0.993036150932312],"EasingStyle":"Linear","EasingDirection":"Out"},"Torso":{"Weight":1,"CFrame":[-0.05217599868774414,-0.06634450703859329,-0.1455397605895996,0.9945530891418457,-0.08281495422124863,0.06329134106636048,0.0877162292599678,0.9930044412612915,-0.07904455810785294,-0.056302510201931,0.08416569232940674,0.9948598742485046],"EasingStyle":"Linear","EasingDirection":"Out"},"HumanoidRootPart":{"Weight":0,"CFrame":[0,0,0,1,0,0,0,1,0,0,0,1],"EasingStyle":"Linear","EasingDirection":"In"},"Right Leg":{"Weight":1,"CFrame":[0.29179278016090395,-0.35455214977264407,0.17756271362304688,-0.5181413888931274,0.6347734928131104,0.5732294917106628,-0.6819563508033752,-0.7111123204231262,0.17104047536849976,0.5162025094032288,-0.3022942841053009,0.8013445734977722],"EasingStyle":"Linear","EasingDirection":"Out"}}},{"Time":0.1666666716337204,"poses":{"Left Leg":{"Weight":1,"CFrame":[-0.40160292387008669,0.23616451025009156,0.03730010986328125,0.9944409132003784,0.00849279947578907,-0.10495327413082123,-0.0038544614799320699,0.9990100264549255,0.0443183034658432,0.10522576421499253,-0.04366740211844444,0.993489146232605],"EasingStyle":"Linear","EasingDirection":"Out"},"Right Arm":{"Weight":1,"CFrame":[-0.253058522939682,-0.6743688583374023,0.44104743003845217,0.7662984132766724,-0.6247889399528503,0.1497516930103302,0.0585678368806839,0.3000422418117523,0.9521262645721436,-0.6398097276687622,-0.7208421230316162,0.26651448011398318],"EasingStyle":"Linear","EasingDirection":"Out"},"Left Arm":{"Weight":1,"CFrame":[0.09951674938201904,-0.34878742694854739,0.6213352680206299,0.7420946955680847,0.14217053353786469,0.6550443172454834,-0.5654674768447876,-0.39195606112480166,0.7256838083267212,0.35991936922073367,-0.9089323282241821,-0.21047569811344148],"EasingStyle":"Linear","EasingDirection":"Out"},"Head":{"Weight":1,"CFrame":[1.771841198205948e-7,1.497392076998949e-8,-5.960464477539063e-8,0.9982069134712219,0.009020296856760979,-0.05917471647262573,-0.00402917992323637,0.9964636564254761,0.0839284360408783,0.05972251296043396,-0.08353951573371887,0.9947131872177124],"EasingStyle":"Linear","EasingDirection":"Out"},"Torso":{"Weight":1,"CFrame":[-0.060794223099946979,-0.06634450703859329,-0.15620660781860352,0.9943978190422058,-0.08493310213088989,0.06292352080345154,0.08963955193758011,0.9930558800697327,-0.07618866115808487,-0.05601563677191734,0.08140227198600769,0.9951059818267822],"EasingStyle":"Linear","EasingDirection":"Out"},"HumanoidRootPart":{"Weight":0,"CFrame":[0,0,0,1,0,0,0,1,0,0,0,1],"EasingStyle":"Linear","EasingDirection":"In"},"Right Leg":{"Weight":1,"CFrame":[0.3788631856441498,-0.2624483108520508,0.0887460708618164,-0.33259516954421999,0.628623902797699,0.7030025720596314,-0.7092764973640442,-0.6580254435539246,0.2528420388698578,0.6215361952781677,-0.4145292043685913,0.6647241711616516],"EasingStyle":"Linear","EasingDirection":"Out"}}},{"Time":0.18333333730697633,"poses":{"Left Leg":{"Weight":1,"CFrame":[-0.3958544135093689,0.2381448745727539,0.03569328784942627,0.994610607624054,0.0036303880624473097,-0.10361724346876145,0.0012948280200362206,0.9988738894462586,0.04742611199617386,0.10367275029420853,-0.04730469733476639,0.9934859275817871],"EasingStyle":"Linear","EasingDirection":"Out"},"Right Arm":{"Weight":1,"CFrame":[-0.2592824101448059,-0.6491062045097351,0.4567354917526245,0.7634932398796082,-0.6413681507110596,0.07566310465335846,0.1026286631822586,0.2361636906862259,0.9662784337997437,-0.6376091837882996,-0.7299819588661194,0.24613213539123536],"EasingStyle":"Linear","EasingDirection":"Out"},"Left Arm":{"Weight":1,"CFrame":[0.12360015511512757,-0.47767776250839236,0.6870714426040649,0.8882129192352295,0.19011186063289643,0.4182526767253876,-0.33649951219558718,-0.350627064704895,0.8739729523658752,0.31280332803726199,-0.9170159101486206,-0.24745891988277436],"EasingStyle":"Linear","EasingDirection":"Out"},"Head":{"Weight":1,"CFrame":[1.6344711184501649e-7,-2.3923348635435106e-8,-2.384185791015625e-7,0.9988499283790588,0.008830752223730088,-0.04712570831179619,-0.005332214292138815,0.9972547888755798,0.07385390251874924,0.04764851927757263,-0.07351768016815186,0.9961549639701843],"EasingStyle":"Linear","EasingDirection":"Out"},"Torso":{"Weight":1,"CFrame":[-0.06941891461610794,-0.06634451448917389,-0.1588001251220703,0.9942289590835571,-0.08760057389736176,0.06192628666758537,0.09194120764732361,0.9932218790054321,-0.07111375033855438,-0.055276937782764438,0.07639692723751068,0.9955440759658814],"EasingStyle":"Linear","EasingDirection":"Out"},"HumanoidRootPart":{"Weight":0,"CFrame":[0,0,0,1,0,0,0,1,0,0,0,1],"EasingStyle":"Linear","EasingDirection":"In"},"Right Leg":{"Weight":1,"CFrame":[0.44628918170928957,-0.1822141408920288,-0.019558608531951906,-0.1405714601278305,0.6315566897392273,0.7624800801277161,-0.760244607925415,-0.5622028112411499,0.3255091607570648,0.6342458128929138,-0.5339139699935913,0.5591671466827393],"EasingStyle":"Linear","EasingDirection":"Out"}}},{"Time":0.20000000298023225,"poses":{"Left Leg":{"Weight":1,"CFrame":[-0.38163915276527407,0.2303043007850647,0.03527534008026123,0.9951378107070923,-0.001076183165423572,-0.09848639369010925,0.005991984158754349,0.9987496137619019,0.049631644040346149,0.09830983728170395,-0.049980491399765018,0.993899941444397],"EasingStyle":"Linear","EasingDirection":"Out"},"Right Arm":{"Weight":1,"CFrame":[-0.26375916600227358,-0.6261452436447144,0.46858513355255129,0.7599242329597473,-0.6495808362960815,0.02366284839808941,0.12915149331092835,0.186568021774292,0.9739159345626831,-0.6370518207550049,-0.7370462417602539,0.2256719321012497],"EasingStyle":"Linear","EasingDirection":"Out"},"Left Arm":{"Weight":1,"CFrame":[0.1249668151140213,-0.5635334253311157,0.7258073091506958,0.9394012093544006,0.24830572307109834,0.23636779189109803,-0.1626686006784439,-0.2840619683265686,0.9449061751365662,0.3017686605453491,-0.9260956048965454,-0.22645656764507295],"EasingStyle":"Linear","EasingDirection":"Out"},"Head":{"Weight":1,"CFrame":[1.4901161193847657e-7,1.9441358745098115e-8,0,0.9991947412490845,0.01239127665758133,-0.03816258907318115,-0.009890695102512837,0.9978342652320862,0.0650300458073616,0.03888573870062828,-0.06460021436214447,0.9971532821655273],"EasingStyle":"Linear","EasingDirection":"Out"},"Torso":{"Weight":1,"CFrame":[-0.07803933322429657,-0.06634452193975449,-0.1531052589416504,0.9940776824951172,-0.09060588479042053,0.060001060366630557,0.09438922256231308,0.9935052394866943,-0.06354549527168274,-0.05385376885533333,0.06883261352777481,0.996173620223999],"EasingStyle":"Linear","EasingDirection":"Out"},"HumanoidRootPart":{"Weight":0,"CFrame":[0,0,0,1,0,0,0,1,0,0,0,1],"EasingStyle":"Linear","EasingDirection":"In"},"Right Leg":{"Weight":1,"CFrame":[0.49933239817619326,-0.12166810035705567,-0.12370568513870239,0.039188724011182788,0.6368120312690735,0.770022451877594,-0.8119558691978455,-0.42885810136795046,0.39599037170410159,0.5824018716812134,-0.6407427191734314,0.5002569556236267],"EasingStyle":"Linear","EasingDirection":"Out"}}},{"Time":0.21666666865348817,"poses":{"Left Leg":{"Weight":1,"CFrame":[-0.3517056703567505,0.2070244550704956,0.03626883029937744,0.9961361289024353,-0.0029431437142193319,-0.08777356892824173,0.007432771380990744,0.9986777901649475,0.050867173820734027,0.08750781416893006,-0.051323052495718,0.9948408603668213],"EasingStyle":"Linear","EasingDirection":"Out"},"Right Arm":{"Weight":1,"CFrame":[-0.2667827308177948,-0.6042115688323975,0.4732731580734253,0.7622181177139282,-0.6472917795181274,-0.006065781693905592,0.13825401663780213,0.1536322385072708,0.9784083962440491,-0.6323838233947754,-0.7465992569923401,0.20659193396568299],"EasingStyle":"Linear","EasingDirection":"Out"},"Left Arm":{"Weight":1,"CFrame":[0.1097647175192833,-0.6225370168685913,0.7377666234970093,0.9450196623802185,0.30055031180381777,0.12886942923069,-0.06773801147937775,-0.20562097430229188,0.9762845635414124,0.3199208974838257,-0.9313374757766724,-0.1739572286605835],"EasingStyle":"Linear","EasingDirection":"Out"},"Head":{"Weight":1,"CFrame":[1.5739351511001588e-7,-2.2118911147117616e-8,-2.384185791015625e-7,0.9992906451225281,0.017601899802684785,-0.033291541039943698,-0.01577865704894066,0.9984023571014404,0.054257020354270938,0.03419337794184685,-0.05369323492050171,0.9979718923568726],"EasingStyle":"Linear","EasingDirection":"Out"},"Torso":{"Weight":1,"CFrame":[-0.08694987744092941,-0.06634452939033508,-0.1335287094116211,0.9939736723899841,-0.09372683614492417,0.056847475469112399,0.09676147997379303,0.9938843846321106,-0.053207673132419589,-0.05151282995939255,0.058387670665979388,0.9969640374183655],"EasingStyle":"Linear","EasingDirection":"Out"},"HumanoidRootPart":{"Weight":0,"CFrame":[0,0,0,1,0,0,0,1,0,0,0,1],"EasingStyle":"Linear","EasingDirection":"In"},"Right Leg":{"Weight":1,"CFrame":[0.57090163230896,-0.11700439453125,-0.23038721084594727,0.20028157532215119,0.6513617038726807,0.731857419013977,-0.8504304885864258,-0.25532659888267519,0.45997413992881777,0.48647230863571169,-0.7145182490348816,0.502800703048706],"EasingStyle":"Linear","EasingDirection":"Out"}}},{"Time":0.23333333432674409,"poses":{"Left Leg":{"Weight":1,"CFrame":[-0.29500555992126467,0.17843157052993775,0.0405428409576416,0.9994450211524963,-0.0016868553357198835,-0.03326817974448204,0.0033378980588167907,0.9987618327140808,0.04963531345129013,0.0331432931125164,-0.049718812108039859,0.9982131719589233],"EasingStyle":"Linear","EasingDirection":"Out"},"Right Arm":{"Weight":1,"CFrame":[-0.2685680091381073,-0.5826101303100586,0.4730403423309326,0.7708801627159119,-0.6365783214569092,-0.022624054923653604,0.140072762966156,0.13476231694221497,0.9809274673461914,-0.62138831615448,-0.7593465447425842,0.19305290281772614],"EasingStyle":"Linear","EasingDirection":"Out"},"Left Arm":{"Weight":1,"CFrame":[0.08056975901126862,-0.6636556386947632,0.728503942489624,0.9387115836143494,0.33507126569747927,0.08091837912797928,-0.03716660663485527,-0.13499370217323304,0.9901491403579712,0.3426940441131592,-0.9324719309806824,-0.11426667869091034],"EasingStyle":"Linear","EasingDirection":"Out"},"Head":{"Weight":1,"CFrame":[1.564621925354004e-7,4.6566128730773929e-9,-2.980232238769531e-7,0.9992120862007141,0.023732587695121766,-0.031810909509658816,-0.02230825461447239,0.9987644553184509,0.04440561309456825,0.032825469970703128,-0.04366098344326019,0.9985069632530212],"EasingStyle":"Linear","EasingDirection":"Out"},"Torso":{"Weight":1,"CFrame":[-0.09643716365098953,-0.06634452939033508,-0.11011123657226563,0.9939613938331604,-0.09659137576818466,0.05206586793065071,0.0988924577832222,0.9941428303718567,-0.043592073023319247,-0.04755029082298279,0.04847776144742966,0.9976917505264282],"EasingStyle":"Linear","EasingDirection":"Out"},"HumanoidRootPart":{"Weight":0,"CFrame":[0,0,0,1,0,0,0,1,0,0,0,1],"EasingStyle":"Linear","EasingDirection":"In"},"Right Leg":{"Weight":1,"CFrame":[0.7300420999526978,-0.14761757850646974,-0.216303288936615,0.2866801917552948,0.7060357332229614,0.6475554704666138,-0.8939080834388733,-0.04598858207464218,0.44588497281074526,0.34459081292152407,-0.7066814303398132,0.6179470419883728],"EasingStyle":"Linear","EasingDirection":"Out"}}},{"Time":0.25,"poses":{"Left Leg":{"Weight":1,"CFrame":[-0.25197291374206545,0.1579771637916565,0.04045534133911133,0.9999048709869385,0.0005296343006193638,0.013781096786260605,-0.0011772445868700743,0.9988929033279419,0.047027722001075748,-0.013740933500230313,-0.04703948274254799,0.9987984895706177],"EasingStyle":"Linear","EasingDirection":"Out"},"Right Arm":{"Weight":1,"CFrame":[-0.26916149258613589,-0.5629696249961853,0.4728081226348877,0.784093976020813,-0.6197206974029541,-0.03380743786692619,0.14313824474811555,0.12756329774856568,0.9814474582672119,-0.6039106845855713,-0.7743861079216003,0.18872730433940888],"EasingStyle":"Linear","EasingDirection":"Out"},"Left Arm":{"Weight":1,"CFrame":[0.03995770961046219,-0.6900468468666077,0.701687216758728,0.9292344450950623,0.3640807271003723,0.06299682706594467,-0.040539830923080447,-0.06900595128536225,0.996792197227478,0.3672599196434021,-0.9288074970245361,-0.04936293512582779],"EasingStyle":"Linear","EasingDirection":"Out"},"Head":{"Weight":1,"CFrame":[1.6205012798309327e-7,-6.51925802230835e-9,1.1920928955078126e-7,0.998991847038269,0.031292904168367389,-0.03218719735741615,-0.03002255968749523,0.9987794160842896,0.03922172263264656,0.033375274389982226,-0.038215845823287967,0.9987120032310486],"EasingStyle":"Linear","EasingDirection":"Out"},"Torso":{"Weight":1,"CFrame":[-0.10645145922899246,-0.06634453684091568,-0.09505462646484375,0.9940446615219116,-0.09866644442081452,0.04626188054680824,0.10047779232263565,0.9941897988319397,-0.03861146792769432,-0.04218342900276184,0.04302981495857239,0.9981828331947327],"EasingStyle":"Linear","EasingDirection":"Out"},"HumanoidRootPart":{"Weight":0,"CFrame":[0,0,0,1,0,0,0,1,0,0,0,1],"EasingStyle":"Linear","EasingDirection":"In"},"Right Leg":{"Weight":1,"CFrame":[0.9705927968025208,-0.15794777870178224,-0.15212148427963258,0.35249295830726626,0.779979944229126,0.5170879364013672,-0.9232878684997559,0.19975624978542329,0.32808080315589907,0.15260492265224458,-0.5930671691894531,0.7905586957931519],"EasingStyle":"Linear","EasingDirection":"Out"}}},{"Time":0.2666666805744171,"poses":{"Left Leg":{"Weight":1,"CFrame":[-0.2593979835510254,0.14547020196914674,0.036873817443847659,0.9997419118881226,0.004898328799754381,-0.022182894870638849,-0.003909641411155462,0.9990063309669495,0.044395994395017627,0.022378308698534967,-0.04429784417152405,0.9987676739692688],"EasingStyle":"Linear","EasingDirection":"Out"},"Right Arm":{"Weight":1,"CFrame":[-0.2641453444957733,-0.546934962272644,0.4728081226348877,0.8027739524841309,-0.5947378873825073,-0.042905207723379138,0.1495477259159088,0.1311590075492859,0.9800167083740234,-0.5772256255149841,-0.7931482195854187,0.19423271715641023],"EasingStyle":"Linear","EasingDirection":"Out"},"Left Arm":{"Weight":1,"CFrame":[-0.009495683014392853,-0.7024903297424316,0.6598433256149292,0.9166129231452942,0.3947383165359497,0.063264861702919,-0.06686348468065262,-0.004647862631827593,0.9977512955665588,0.3941447138786316,-0.9187818169593811,0.02213328890502453],"EasingStyle":"Linear","EasingDirection":"Out"},"Head":{"Weight":1,"CFrame":[1.3504177331924439e-7,-4.6566128730773929e-9,2.384185791015625e-7,0.9986116886138916,0.0409468375146389,-0.03313621133565903,-0.03964576870203018,0.9984519481658936,0.03901237994432449,0.034682344645261767,-0.037644509226083758,0.9986891746520996],"EasingStyle":"Linear","EasingDirection":"Out"},"Torso":{"Weight":1,"CFrame":[-0.11685897409915924,-0.06634454429149628,-0.08700704574584961,0.9942072629928589,-0.09950069338083267,0.04063964635133743,0.10107114166021347,0.9941297769546509,-0.03860906511545181,-0.03655945137143135,0.042492907494306567,0.9984276294708252],"EasingStyle":"Linear","EasingDirection":"Out"},"HumanoidRootPart":{"Weight":0,"CFrame":[0,0,0,1,0,0,0,1,0,0,0,1],"EasingStyle":"Linear","EasingDirection":"In"},"Right Leg":{"Weight":1,"CFrame":[1.1023112535476685,0.05469489097595215,-0.13353723287582398,0.5924038290977478,0.7403963208198547,0.3176017999649048,-0.8007494211196899,0.5844992399215698,0.13100029528141023,-0.08864583075046539,-0.3319244980812073,0.939131498336792],"EasingStyle":"Linear","EasingDirection":"Out"}}},{"Time":0.28333333134651186,"poses":{"Left Leg":{"Weight":1,"CFrame":[-0.28695714473724368,0.16495811939239503,0.03246593475341797,0.9981719851493836,0.0043962132185697559,-0.060277059674263,-0.002205587923526764,0.999336302280426,0.03636103868484497,0.06039693206548691,-0.0361616425216198,0.9975191950798035],"EasingStyle":"Linear","EasingDirection":"Out"},"Right Arm":{"Weight":1,"CFrame":[-0.25017207860946658,-0.5338925719261169,0.47280800342559817,0.8272196650505066,-0.5593245029449463,-0.0535135492682457,0.16103968024253846,0.14476637542247773,0.9762729406356812,-0.538306474685669,-0.8162100315093994,0.20982706546783448],"EasingStyle":"Linear","EasingDirection":"Out"},"Left Arm":{"Weight":1,"CFrame":[-0.06521470844745636,-0.7001129984855652,0.6047441959381104,0.8996115326881409,0.42988866567611697,0.07677749544382096,-0.11306926608085633,0.05948066711425781,0.9918051362037659,0.42179906368255618,-0.9009205102920532,0.1021166741847992],"EasingStyle":"Linear","EasingDirection":"Out"},"Head":{"Weight":1,"CFrame":[1.4156103134155274e-7,-1.862645149230957e-9,-4.172325134277344e-7,0.9981333613395691,0.0509335957467556,-0.03369832783937454,-0.049487486481666568,0.9978727102279663,0.04243906959891319,0.03578820824623108,-0.040692202746868137,0.9985305666923523],"EasingStyle":"Linear","EasingDirection":"Out"},"Torso":{"Weight":1,"CFrame":[-0.1275070309638977,-0.06634455174207688,-0.09072399139404297,0.9946422576904297,-0.0968826562166214,0.03606260195374489,0.09841102361679077,0.9942017793655396,-0.04333728179335594,-0.03165486827492714,0.04665404558181763,0.9984093904495239],"EasingStyle":"Linear","EasingDirection":"Out"},"HumanoidRootPart":{"Weight":0,"CFrame":[0,0,0,1,0,0,0,1,0,0,0,1],"EasingStyle":"Linear","EasingDirection":"In"},"Right Leg":{"Weight":1,"CFrame":[1.063818097114563,0.22487306594848634,-0.07266104221343994,0.8593295216560364,0.4894077181816101,0.14843514561653138,-0.49811652302742007,0.8667184114456177,0.026056179776787759,-0.11589933931827545,-0.09632886201143265,0.9885787963867188],"EasingStyle":"Linear","EasingDirection":"Out"}}},{"Time":0.30000001192092898,"poses":{"Left Leg":{"Weight":1,"CFrame":[-0.3554888367652893,0.23181790113449098,0.028241753578186036,0.99639493227005,-0.019516969099640847,-0.08256058394908905,0.020490849390625955,0.9997299313545227,0.01096501387655735,0.08232426643371582,-0.012617201544344426,0.9965257048606873],"EasingStyle":"Linear","EasingDirection":"Out"},"Right Arm":{"Weight":1,"CFrame":[-0.22885465621948243,-0.5226629376411438,0.4728078842163086,0.8567500114440918,-0.511017918586731,-0.06957162171602249,0.17882733047008515,0.16782864928245545,0.9694608449935913,-0.48373571038246157,-0.8430268168449402,0.23517121374607087],"EasingStyle":"Linear","EasingDirection":"Out"},"Left Arm":{"Weight":1,"CFrame":[-0.1246236115694046,-0.6800735592842102,0.5376180410385132,0.8762314915657044,0.47118574380874636,0.10100672394037247,-0.17878949642181397,0.12323025614023209,0.9761396646499634,0.4474960267543793,-0.8733832240104675,0.19222131371498109],"EasingStyle":"Linear","EasingDirection":"Out"},"Head":{"Weight":1,"CFrame":[1.5366822481155396e-7,-1.1175870895385743e-8,-1.7881393432617188e-7,0.997702419757843,0.05881526693701744,-0.033624861389398578,-0.057174891233444217,0.9972180128097534,0.047825202345848086,0.03634416684508324,-0.045792821794748309,0.9982895851135254],"EasingStyle":"Linear","EasingDirection":"Out"},"Torso":{"Weight":1,"CFrame":[-0.13816753029823304,-0.06634455919265747,-0.10460424423217774,0.9954001307487488,-0.09019496291875839,0.03230307996273041,0.09178055077791214,0.9944453239440918,-0.05152478441596031,-0.027476366609334947,0.05425257235765457,0.9981491565704346],"EasingStyle":"Linear","EasingDirection":"Out"},"HumanoidRootPart":{"Weight":0,"CFrame":[0,0,0,1,0,0,0,1,0,0,0,1],"EasingStyle":"Linear","EasingDirection":"In"},"Right Leg":{"Weight":1,"CFrame":[0.8417084217071533,0.2487371563911438,0.04392433166503906,0.9887014031410217,0.13889123499393464,-0.05638092756271362,-0.14333035051822663,0.9860771894454956,-0.08430980145931244,0.04388606175780296,0.09143830835819245,0.9948432445526123],"EasingStyle":"Linear","EasingDirection":"Out"}}},{"Time":0.3166666626930237,"poses":{"Left Leg":{"Weight":1,"CFrame":[-0.3048936724662781,0.1534184217453003,0.02811598777770996,0.9959129691123962,0.017028039321303369,-0.0886983796954155,-0.019201770424842836,0.9995344281196594,-0.023711614310741426,0.08825331181287766,0.02531786449253559,0.9957762360572815],"EasingStyle":"Linear","EasingDirection":"Out"},"Right Arm":{"Weight":1,"CFrame":[-0.20087303221225739,-0.512052416