{"Sequence":[{"Time":0,"poses":{"Left Leg":{"Weight":1,"CFrame":[-0.0640992745757103,0.06585365533828736,0.018767952919006349,0.96390300989151,0.04634324833750725,0.26218947768211367,-0.06614147126674652,0.9955453276634216,0.0671924501657486,-0.25790756940841677,-0.08210860192775727,0.9626743197441101],"EasingStyle":"Linear","EasingDirection":"Out"},"Right Arm":{"Weight":1,"CFrame":[-0.020760690793395044,0.0459861159324646,0,0.9981791377067566,0.016607603058218957,-0.057988375425338748,-0.0089061064645648,0.9913917779922485,0.13062529265880586,0.05965857952833176,-0.12987102568149568,0.9897344708442688],"EasingStyle":"Linear","EasingDirection":"Out"},"Left Arm":{"Weight":1,"CFrame":[-7.916241884231568e-9,-8.940696716308594e-8,-5.960464477539063e-8,0.998319149017334,0.029822129756212236,-0.049693867564201358,-0.02397823892533779,0.9931566119194031,0.11430206149816513,0.052762504667043689,-0.11291837692260742,0.9922024011611939],"EasingStyle":"Linear","EasingDirection":"Out"},"Right Leg":{"Weight":1,"CFrame":[-0.03857583925127983,0.057852089405059817,-0.007246494293212891,0.969944179058075,0.1893652230501175,-0.1528041511774063,-0.1700087934732437,0.9766693711280823,0.13120220601558686,0.17408427596092225,-0.10128075629472733,0.9795084595680237],"EasingStyle":"Linear","EasingDirection":"Out"},"Torso":{"Weight":1,"CFrame":[4.440892098500626e-16,4.235164736271502e-22,-0.03143739700317383,0.9975510239601135,0.06994215399026871,0.00006371115159709007,-0.06994215399026871,0.9975493550300598,0.0018236527685075999,0.00006399516860255972,-0.0018236426403746009,0.9999983310699463],"EasingStyle":"Linear","EasingDirection":"Out"},"HumanoidRootPart":{"Weight":0,"CFrame":[0,0,0,1,0,0,0,1,0,0,0,1],"EasingStyle":"Linear","EasingDirection":"In"},"Head":{"Weight":1,"CFrame":[1.5099794836714865e-7,-3.5015546018257739e-10,0,0.9967973828315735,-0.07988294959068299,0.0037049432285130026,0.07974543422460556,0.9964060187339783,0.028559761121869088,-0.0059730662032961849,-0.028172843158245088,0.9995852112770081],"EasingStyle":"Linear","EasingDirection":"Out"}}},{"Time":0.01666666753590107,"poses":{"Left Leg":{"Weight":1,"CFrame":[-0.07176961749792099,0.07322323322296143,0.021727681159973146,0.9630001783370972,0.05654936283826828,0.2635011076927185,-0.07577941566705704,0.9951077103614807,0.06338825076818466,-0.25862741470336916,-0.0810108408331871,0.9625741839408875],"EasingStyle":"Linear","EasingDirection":"Out"},"Right Arm":{"Weight":1,"CFrame":[-0.03322073817253113,0.04498112201690674,0.009066939353942871,0.9999710917472839,-0.007363015320152044,-0.0019023491768166423,0.007528729736804962,0.9937871694564819,0.11104224622249603,0.0010729114292189479,-0.11105337738990784,0.9938138723373413],"EasingStyle":"Linear","EasingDirection":"Out"},"Left Arm":{"Weight":1,"CFrame":[0.00432603619992733,-0.0035005509853363039,0.01166224479675293,0.9945887923240662,0.034915514290332797,-0.09784730523824692,-0.023511283099651338,0.993044376373291,0.11536955833435059,0.10119491815567017,-0.11244472861289978,0.9884916543960571],"EasingStyle":"Linear","EasingDirection":"Out"},"Right Leg":{"Weight":1,"CFrame":[-0.031047102063894273,0.06720507144927979,-0.002434372901916504,0.9695640206336975,0.18225978314876557,-0.1634838730096817,-0.16167162358760835,0.9780375361442566,0.13154785335063935,0.18386921286582948,-0.10111335664987564,0.977736234664917],"EasingStyle":"Linear","EasingDirection":"Out"},"Torso":{"Weight":1,"CFrame":[1.2711218744243525e-9,8.283678880472822e-16,-0.03985595703125,0.9974305033683777,0.07160483300685883,-0.00227956660091877,-0.07162022590637207,0.9974030256271362,-0.007597371470183134,0.0017296380829066039,0.007741112727671862,0.9999685287475586],"EasingStyle":"Linear","EasingDirection":"Out"},"HumanoidRootPart":{"Weight":0,"CFrame":[0,0,0,1,0,0,0,1,0,0,0,1],"EasingStyle":"Linear","EasingDirection":"In"},"Head":{"Weight":1,"CFrame":[1.512817107141018e-7,8.731149137020111e-10,2.384185791015625e-7,0.9966914653778076,-0.08111521601676941,0.00514095788821578,0.08099213987588883,0.996497631072998,0.02080112136900425,-0.00681024044752121,-0.020315926522016527,0.9997704029083252],"EasingStyle":"Linear","EasingDirection":"Out"}}},{"Time":0.03333333507180214,"poses":{"Left Leg":{"Weight":1,"CFrame":[-0.09072409570217133,0.09132188558578491,0.02858877182006836,0.9599116444587708,0.07626251876354218,0.2697288990020752,-0.09493444859981537,0.993858814239502,0.05685154348611832,-0.2637367844581604,-0.08017903566360474,0.9612565636634827],"EasingStyle":"Linear","EasingDirection":"Out"},"Right Arm":{"Weight":1,"CFrame":[-0.06489855796098709,0.03794485330581665,0.03435516357421875,0.9892186522483826,-0.05813099816441536,0.13441437482833863,0.047884393483400348,0.9957832098007202,0.07824859768152237,-0.1383962780237198,-0.0709686130285263,0.9878309369087219],"EasingStyle":"Linear","EasingDirection":"Out"},"Left Arm":{"Weight":1,"CFrame":[0.018109112977981569,-0.01602652668952942,0.04265952110290527,0.9759219288825989,0.057683784514665607,-0.2103542983531952,-0.03269895538687706,0.9921897053718567,0.12037605792284012,0.2156551033258438,-0.11059927195310593,0.9701858758926392],"EasingStyle":"Linear","EasingDirection":"Out"},"Right Leg":{"Weight":1,"CFrame":[-0.005409765988588333,0.08892834186553955,0.010239601135253907,0.9695553779602051,0.16557759046554566,-0.18040616810321809,-0.14312778413295747,0.9809780120849609,0.13113556802272798,0.19868768751621247,-0.10132203996181488,0.974811315536499],"EasingStyle":"Linear","EasingDirection":"Out"},"Torso":{"Weight":1,"CFrame":[4.18080325914616e-9,2.7245572842922364e-15,-0.05912590026855469,0.9964743852615356,0.08346714079380036,-0.008489622734487057,-0.08368335664272309,0.9960559010505676,-0.02949228323996067,0.005994501989334822,0.030098743736743928,0.9995289444923401],"EasingStyle":"Linear","EasingDirection":"Out"},"HumanoidRootPart":{"Weight":0,"CFrame":[0,0,0,1,0,0,0,1,0,0,0,1],"EasingStyle":"Linear","EasingDirection":"In"},"Head":{"Weight":1,"CFrame":[1.525040715932846e-7,-6.28642737865448e-9,-3.5762786865234377e-7,0.9959282875061035,-0.08995480835437775,0.005909621715545654,0.08992727845907211,0.995936930179596,0.004770153667777777,-0.006314709782600403,-0.0042192949913442139,0.9999711513519287],"EasingStyle":"Linear","EasingDirection":"Out"}}},{"Time":0.05000000074505806,"poses":{"Left Leg":{"Weight":1,"CFrame":[-0.1163809671998024,0.11842793226242066,0.03636312484741211,0.954603374004364,0.08829571306705475,0.28449302911758425,-0.10832803696393967,0.9925683736801148,0.05543464794754982,-0.2774842083454132,-0.08373669534921646,0.9570740461349487],"EasingStyle":"Linear","EasingDirection":"Out"},"Right Arm":{"Weight":1,"CFrame":[-0.1072409600019455,0.018848121166229249,0.07299482822418213,0.9491614103317261,-0.1080746203660965,0.29565608501434328,0.09146692603826523,0.9933812022209168,0.069480761885643,-0.3012083172798157,-0.03890569508075714,0.9527643322944641],"EasingStyle":"Linear","EasingDirection":"Out"},"Left Arm":{"Weight":1,"CFrame":[0.042556680738925937,-0.04061385989189148,0.08700835704803467,0.9352611899375916,0.1087709441781044,-0.33683133125305178,-0.06634357571601868,0.9886171817779541,0.1350356936454773,0.34768521785736086,-0.10394702106714249,0.9318315386772156],"EasingStyle":"Linear","EasingDirection":"Out"},"Right Leg":{"Weight":1,"CFrame":[0.041137754917144778,0.1143084168434143,0.026978254318237306,0.9727893471717835,0.14479060471057893,-0.18087725341320039,-0.12252374738454819,0.9840739369392395,0.12878809869289399,0.1966439187526703,-0.10312189906835556,0.9750369191169739],"EasingStyle":"Linear","EasingDirection":"Out"},"Torso":{"Weight":1,"CFrame":[7.3735808570063458e-9,4.805234426916117e-15,-0.08027076721191406,0.9931000471115112,0.11591159552335739,-0.01779971271753311,-0.11671905219554901,0.9916793704032898,-0.05430158972740173,0.011357426643371582,0.05600447580218315,0.9983659386634827],"EasingStyle":"Linear","EasingDirection":"Out"},"HumanoidRootPart":{"Weight":0,"CFrame":[0,0,0,1,0,0,0,1,0,0,0,1],"EasingStyle":"Linear","EasingDirection":"In"},"Head":{"Weight":1,"CFrame":[1.5273690223693848e-7,-1.885928213596344e-8,-3.5762786865234377e-7,0.9934178590774536,-0.11453836411237717,0.001404019189067185,0.11454629898071289,0.9933791756629944,-0.008772067725658417,-0.00038998405216261744,0.008875147439539433,0.9999605417251587],"EasingStyle":"Linear","EasingDirection":"Out"}}},{"Time":0.06666667014360428,"poses":{"Left Leg":{"Weight":1,"CFrame":[-0.1477474719285965,0.1589294672012329,0.04223811626434326,0.947462797164917,0.07314930111169815,0.3113895058631897,-0.09896966814994812,0.9927697777748108,0.06792033463716507,-0.30416977405548098,-0.09517010301351547,0.9478520154953003],"EasingStyle":"Linear","EasingDirection":"Out"},"Right Arm":{"Weight":1,"CFrame":[-0.15169456601142884,-0.018340587615966798,0.12211573123931885,0.8894570469856262,-0.16057875752449037,0.4278791546821594,0.10876138508319855,0.9837155342102051,0.14308996498584748,-0.4438885748386383,-0.08073566108942032,0.8924375176429749],"EasingStyle":"Linear","EasingDirection":"Out"},"Left Arm":{"Weight":1,"CFrame":[0.07887627184391022,-0.08029788732528687,0.13872432708740235,0.8775697946548462,0.1993449330329895,-0.4360421895980835,-0.1368921995162964,0.9757862091064453,0.1705925613641739,0.4594907760620117,-0.09001608937978745,0.8836092948913574],"EasingStyle":"Linear","EasingDirection":"Out"},"Right Leg":{"Weight":1,"CFrame":[0.10708579421043396,0.13555383682250977,0.039682745933532718,0.9824569225311279,0.12159232795238495,-0.1413990706205368,-0.10395348072052002,0.9865579605102539,0.1260833591222763,0.1548292189836502,-0.10917256027460098,0.9818906784057617],"EasingStyle":"Linear","EasingDirection":"Out"},"Torso":{"Weight":1,"CFrame":[9.493938968319071e-9,6.187035272672316e-15,-0.09431314468383789,0.9832162857055664,0.17999951541423798,-0.02976422756910324,-0.18172767758369447,0.9806766510009766,-0.07244566082954407,0.016148898750543596,0.07663873583078385,0.9969281554222107],"EasingStyle":"Linear","EasingDirection":"Out"},"HumanoidRootPart":{"Weight":0,"CFrame":[0,0,0,1,0,0,0,1,0,0,0,1],"EasingStyle":"Linear","EasingDirection":"In"},"Head":{"Weight":1,"CFrame":[1.555308699607849e-7,1.3504177331924439e-8,2.384185791015625e-7,0.9863611459732056,-0.1640487164258957,-0.013407879509031773,0.16392004489898683,0.9864209294319153,-0.01019594818353653,0.014898444525897503,0.007859070785343647,0.9998581409454346],"EasingStyle":"Linear","EasingDirection":"Out"}}},{"Time":0.0833333358168602,"poses":{"Left Leg":{"Weight":1,"CFrame":[-0.2036626636981964,0.21510553359985352,0.04472315311431885,0.9480897784233093,0.010951807722449303,0.3178142011165619,-0.04825197532773018,0.9927893280982971,0.10973194241523743,-0.31432074308395388,-0.11937090754508972,0.9417818188667297],"EasingStyle":"Linear","EasingDirection":"Out"},"Right Arm":{"Weight":1,"CFrame":[-0.1897059679031372,-0.07965216040611267,0.17884838581085206,0.8205243945121765,-0.2572472393512726,0.5104542970657349,0.11495713144540787,0.9490272402763367,0.2934827208518982,-0.5599326491355896,-0.18212935328483582,0.8082724213600159],"EasingStyle":"Linear","EasingDirection":"Out"},"Left Arm":{"Weight":1,"CFrame":[0.1282753050327301,-0.13811594247817994,0.19182395935058595,0.8014118075370789,0.3229077458381653,-0.5034577250480652,-0.23169857263565064,0.9436260461807251,0.2364015132188797,0.5514116883277893,-0.07280455529689789,0.8310503363609314],"EasingStyle":"Linear","EasingDirection":"Out"},"Right Leg":{"Weight":1,"CFrame":[0.19414585828781129,0.14548254013061524,0.03981220722198486,0.9962224960327148,0.0811704695224762,-0.030856352299451829,-0.07679688930511475,0.9893989562988281,0.12325584888458252,0.04053393006324768,-0.12042057514190674,0.9918950796127319],"EasingStyle":"Linear","EasingDirection":"Out"},"Torso":{"Weight":1,"CFrame":[9.13440523220288e-9,5.952734101000515e-15,-0.09193181991577149,0.9520478844642639,0.30269184708595278,-0.044524554163217548,-0.3054165840148926,0.9488549828529358,-0.0799681544303894,0.018041638657450677,0.08973205089569092,0.9958025217056274],"EasingStyle":"Linear","EasingDirection":"Out"},"HumanoidRootPart":{"Weight":0,"CFrame":[0,0,0,1,0,0,0,1,0,0,0,1],"EasingStyle":"Linear","EasingDirection":"In"},"Head":{"Weight":1,"CFrame":[1.3224780559539796e-7,-2.8870999813079835e-8,-2.384185791015625e-7,0.9831676483154297,-0.17726291716098786,-0.044263534247875217,0.17716778814792634,0.9841617941856384,-0.006094054784625769,0.04464273154735565,-0.0018505919724702836,0.9990013241767883],"EasingStyle":"Linear","EasingDirection":"Out"}}},{"Time":0.10000000149011612,"poses":{"Left Leg":{"Weight":1,"CFrame":[-0.30247747898101809,0.26416105031967165,0.043036699295043948,0.9581312537193298,-0.10019071400165558,0.2682281732559204,0.05475923418998718,0.9836085438728333,0.17180106043815614,-0.2810443639755249,-0.14991997182369233,0.9479124546051025],"EasingStyle":"Linear","EasingDirection":"Out"},"Right Arm":{"Weight":1,"CFrame":[-0.2127220332622528,-0.17111682891845704,0.24032270908355714,0.7375181913375855,-0.4182606041431427,0.5302122235298157,0.1584397852420807,0.8703711628913879,0.46620896458625796,-0.6564782857894898,-0.25983089208602908,0.7081837058067322],"EasingStyle":"Linear","EasingDirection":"Out"},"Left Arm":{"Weight":1,"CFrame":[0.19196119904518128,-0.21710312366485597,0.24032282829284669,0.70042884349823,0.46482211351394656,-0.5416085720062256,-0.3269817531108856,0.8835141658782959,0.33538883924484255,0.6344149708747864,-0.057819873094558719,0.7708271145820618],"EasingStyle":"Linear","EasingDirection":"Out"},"Right Leg":{"Weight":1,"CFrame":[0.27513307332992556,0.13663750886917115,0.028918147087097169,0.9930775165557861,0.012287355959415436,0.11681631952524185,-0.0263772364705801,0.9924417734146118,0.11984802782535553,-0.114460788667202,-0.12209969013929367,0.9858957529067993],"EasingStyle":"Linear","EasingDirection":"Out"},"Torso":{"Weight":1,"CFrame":[5.505383704473843e-9,3.587762631608463e-15,-0.06789779663085938,0.8758043646812439,0.4787842929363251,-0.06109268218278885,-0.4824235439300537,0.8723371028900147,-0.07934395223855972,0.015304777771234513,0.09896233677864075,0.9949734807014465],"EasingStyle":"Linear","EasingDirection":"Out"},"HumanoidRootPart":{"Weight":0,"CFrame":[0,0,0,1,0,0,0,1,0,0,0,1],"EasingStyle":"Linear","EasingDirection":"In"},"Head":{"Weight":1,"CFrame":[1.601874828338623e-7,-1.4901161193847657e-8,-1.1920928955078126e-7,0.9908014535903931,-0.10857710242271424,-0.08076820522546768,0.10844572633504868,0.9940841197967529,-0.006025467533618212,0.08094461262226105,-0.0027889276389032604,0.99671471118927],"EasingStyle":"Linear","EasingDirection":"Out"}}},{"Time":0.11666666716337204,"poses":{"Left Leg":{"Weight":1,"CFrame":[-0.42519843578338625,0.25890958309173586,0.0394895076751709,0.9547166228294373,-0.24200202524662019,0.17306408286094666,0.20371349155902863,0.9556766152381897,0.2125629186630249,-0.21683405339717866,-0.16768188774585725,0.9616994261741638],"EasingStyle":"Linear","EasingDirection":"Out"},"Right Arm":{"Weight":1,"CFrame":[-0.2201111614704132,-0.3108813464641571,0.30268168449401858,0.6109210252761841,-0.6326027512550354,0.4760138690471649,0.2716747224330902,0.732266902923584,0.6244823336601257,-0.7436184287071228,-0.2521882951259613,0.6192193627357483],"EasingStyle":"Linear","EasingDirection":"Out"},"Left Arm":{"Weight":1,"CFrame":[0.26978665590286257,-0.31806987524032595,0.27944350242614748,0.569857656955719,0.6127851605415344,-0.5475003123283386,-0.40036338567733767,0.7888809442520142,0.46623602509498598,0.7176150679588318,-0.046489134430885318,0.6948866248130798],"EasingStyle":"Linear","EasingDirection":"Out"},"Right Leg":{"Weight":1,"CFrame":[0.32451826333999636,0.111472487449646,0.022277235984802247,0.9721721410751343,-0.06363038718700409,0.22546052932739259,0.03925902768969536,0.9930469989776611,0.11097913235425949,-0.2309546172618866,-0.0990394800901413,0.9679107069969177],"EasingStyle":"Linear","EasingDirection":"Out"},"Torso":{"Weight":1,"CFrame":[-1.4355852062664099e-9,-9.35545878539125e-16,-0.021930217742919923,0.743061900138855,0.6648865342140198,-0.07605856657028198,-0.6691683530807495,0.7396361231803894,-0.07177820801734925,0.008531296625733376,0.10423163324594498,0.9945164322853088],"EasingStyle":"Linear","EasingDirection":"Out"},"HumanoidRootPart":{"Weight":0,"CFrame":[0,0,0,1,0,0,0,1,0,0,0,1],"EasingStyle":"Linear","EasingDirection":"In"},"Head":{"Weight":1,"CFrame":[1.3224780559539796e-7,-4.0978193283081057e-8,0,0.9948563575744629,-0.00022621499374508858,-0.1012955904006958,-0.0001883003715192899,0.9999916553497315,-0.0040822708979249,0.10129565745592118,0.004080355167388916,0.9948480129241943],"EasingStyle":"Linear","EasingDirection":"Out"}}},{"Time":0.13333334028720857,"poses":{"Left Leg":{"Weight":1,"CFrame":[-0.5531737208366394,0.2029992938041687,0.03667593002319336,0.9154952764511108,-0.3962979316711426,0.06939928233623505,0.37582114338874819,0.9039347171783447,0.20410926640033723,-0.14362047612667085,-0.16077940165996552,0.9764850735664368],"EasingStyle":"Linear","EasingDirection":"Out"},"Right Arm":{"Weight":1,"CFrame":[-0.221166729927063,-0.4828135073184967,0.3581153154373169,0.4264993667602539,-0.8271883130073547,0.3658658266067505,0.3950600326061249,0.5342413783073425,0.7473376989364624,-0.8136497139930725,-0.17420007288455964,0.5546426773071289],"EasingStyle":"Linear","EasingDirection":"Out"},"Left Arm":{"Weight":1,"CFrame":[0.3561841547489166,-0.4329215884208679,0.3092309236526489,0.41680005192756655,0.7507135272026062,-0.5125494599342346,-0.4368881285190582,0.6599071621894836,0.6112701892852783,0.797123908996582,-0.030850723385810853,0.6030272245407105],"EasingStyle":"Linear","EasingDirection":"Out"},"Right Leg":{"Weight":1,"CFrame":[0.2911105751991272,0.09104150533676148,0.0428844690322876,0.9848223924636841,-0.11253524571657181,0.13213898241519929,0.10410366952419281,0.9921636581420898,0.06909201294183731,-0.1388787180185318,-0.054287221282720569,0.9888203144073486],"EasingStyle":"Linear","EasingDirection":"Out"},"Torso":{"Weight":1,"CFrame":[-1.0599542576983368e-8,-6.9075397088151899e-15,0.03876018524169922,0.567118227481842,0.8190796971321106,-0.08651790767908097,-0.8236358165740967,0.5638588666915894,-0.06072227284312248,-0.0009524967172183096,0.10569596290588379,0.9943980574607849],"EasingStyle":"Linear","EasingDirection":"Out"},"HumanoidRootPart":{"Weight":0,"CFrame":[0,0,0,1,0,0,0,1,0,0,0,1],"EasingStyle":"Linear","EasingDirection":"In"},"Head":{"Weight":1,"CFrame":[1.30385160446167e-7,1.862645149230957e-8,-2.384185791015625e-7,0.9923679232597351,0.0916818305850029,-0.08246434479951859,-0.09123995900154114,0.9957872033119202,0.009118923917412758,0.08295297622680664,-0.0015252699377015234,0.9965522885322571],"EasingStyle":"Linear","EasingDirection":"Out"}}},{"Time":0.15000000596046449,"poses":{"Left Leg":{"Weight":1,"CFrame":[-0.6830542087554932,0.1224139928817749,0.034728288650512698,0.8322721123695374,-0.5543672442436218,0.00016125851834658533,0.547448456287384,0.8219306468963623,0.15725846588611604,-0.0873115137219429,-0.13079357147216798,0.9875574707984924],"EasingStyle":"Linear","EasingDirection":"Out"},"Right Arm":{"Weight":1,"CFrame":[-0.2222224771976471,-0.6415281295776367,0.3978269100189209,0.2255706638097763,-0.9419123530387878,0.24883516132831574,0.45843127369880679,0.3279965817928314,0.8259897232055664,-0.8596270680427551,-0.07224511355161667,0.5057885050773621],"EasingStyle":"Linear","EasingDirection":"Out"},"Left Arm":{"Weight":1,"CFrame":[0.44423148036003115,-0.5513359308242798,0.3309361934661865,0.26022690534591677,0.8609341979026794,-0.43712055683135989,-0.43011221289634707,0.5086801648139954,0.7458202838897705,0.8644567131996155,-0.006071875803172588,0.5026705861091614],"EasingStyle":"Linear","EasingDirection":"Out"},"Right Leg":{"Weight":1,"CFrame":[0.1797638237476349,0.04837393760681152,0.060738205909729007,0.9847941994667053,-0.13192488253116609,-0.11303193867206574,0.13118046522140504,0.9912592172622681,-0.01403132639825344,0.1138949766755104,-0.0010096172336488963,0.9934923052787781],"EasingStyle":"Linear","EasingDirection":"Out"},"Torso":{"Weight":1,"CFrame":[-1.9473906931466446e-8,-1.2690809198607958e-14,0.09753227233886719,0.38177207112312319,0.9196895360946655,-0.09176743030548096,-0.924197256565094,0.37873703241348269,-0.049170125275850299,-0.010465527884662152,0.10358298569917679,0.9945657253265381],"EasingStyle":"Linear","EasingDirection":"Out"},"HumanoidRootPart":{"Weight":0,"CFrame":[0,0,0,1,0,0,0,1,0,0,0,1],"EasingStyle":"Linear","EasingDirection":"In"},"Head":{"Weight":1,"CFrame":[1.3783574104309083e-7,4.284083843231201e-8,2.384185791015625e-7,0.9892886877059937,0.1387200504541397,-0.04543784260749817,-0.13745664060115815,0.9900577068328857,0.029855981469154359,0.049127720296382907,-0.023290470242500306,0.9985209107398987],"EasingStyle":"Linear","EasingDirection":"Out"}}},{"Time":0.1666666716337204,"poses":{"Left Leg":{"Weight":1,"CFrame":[-0.8004772663116455,0.026042580604553224,0.04047536849975586,0.7120166420936585,-0.7019979357719421,-0.015201565809547902,0.6993212103843689,0.7070235013961792,0.10520346462726593,-0.0631047785282135,-0.0855373740196228,0.9943345189094544],"EasingStyle":"Linear","EasingDirection":"Out"},"Right Arm":{"Weight":1,"CFrame":[-0.22961154580116273,-0.7416388988494873,0.4130188226699829,0.08295374363660813,-0.9799182415008545,0.18132536113262177,0.4317018389701843,0.19932915270328523,0.879716694355011,-0.8981938362121582,0.005302766803652048,0.4395676255226135],"EasingStyle":"Linear","EasingDirection":"Out"},"Left Arm":{"Weight":1,"CFrame":[0.5270062685012817,-0.6629922389984131,0.34581053256988528,0.12470375746488571,0.933207631111145,-0.33700519800186159,-0.38711056113243105,0.35849976539611819,0.8494842052459717,0.9135613441467285,0.02452440746128559,0.4059607684612274],"EasingStyle":"Linear","EasingDirection":"Out"},"Right Leg":{"Weight":1,"CFrame":[0.1309567540884018,0.007527470588684082,0.05516946315765381,0.9693185687065125,-0.12046586722135544,-0.2142648845911026,0.10929597169160843,0.9919929504394531,-0.06328001618385315,0.22017231583595277,0.037920206785202029,0.9747236371040344],"EasingStyle":"Linear","EasingDirection":"Out"},"Torso":{"Weight":1,"CFrame":[-2.88950374738306e-9,2.0230785102715033e-10,0.1371316909790039,0.2238101214170456,0.9702762365341187,-0.0920492634177208,-0.974500298500061,0.2212221473455429,-0.03754952549934387,-0.01607007533311844,0.09810598939657211,0.9950461983680725],"EasingStyle":"Linear","EasingDirection":"Out"},"HumanoidRootPart":{"Weight":0,"CFrame":[0,0,0,1,0,0,0,1,0,0,0,1],"EasingStyle":"Linear","EasingDirection":"In"},"Head":{"Weight":1,"CFrame":[1.4528632164001466e-7,-9.313225746154785e-9,-1.1920928955078126e-7,0.9909112453460693,0.1320837140083313,-0.025472015142440797,-0.13107402622699738,0.9906473755836487,0.03791223466396332,0.030241383239626886,-0.034228939563035968,0.9989563822746277],"EasingStyle":"Linear","EasingDirection":"Out"}}},{"Time":0.18333333730697633,"poses":{"Left Leg":{"Weight":1,"CFrame":[-0.8942503929138184,-0.07981538772583008,0.06923305988311768,0.5727327466011047,-0.8197388052940369,-0.0023106217849999668,0.8185305595397949,0.57173091173172,0.05596093460917473,-0.04455231875181198,-0.03394196927547455,0.9984303116798401],"EasingStyle":"Linear","EasingDirection":"Out"},"Right Arm":{"Weight":1,"CFrame":[-0.4395889937877655,-0.7702218294143677,0.38654518127441409,0.007401639129966497,-0.986081600189209,0.16609735786914826,0.34568843245506289,0.15838418900966645,0.9248859286308289,-0.9383201599121094,0.05057224631309509,0.34204933047294619],"EasingStyle":"Linear","EasingDirection":"Out"},"Left Arm":{"Weight":1,"CFrame":[0.5975865125656128,-0.7575695514678955,0.3551054000854492,0.027167582884430887,0.9711757898330689,-0.23681092262268067,-0.3269067108631134,0.23250418901443482,0.9160097241401672,0.9446660280227661,0.05252939462661743,0.32380053400993349],"EasingStyle":"Linear","EasingDirection":"Out"},"Right Leg":{"Weight":1,"CFrame":[0.14405457675457,-0.07224225997924805,0.049756407737731937,0.9823551774024963,-0.08950246125459671,-0.16421803832054139,0.0795748382806778,0.9946362376213074,-0.06608059257268906,0.16925162076950074,0.05184698477387428,0.9842082262039185],"EasingStyle":"Linear","EasingDirection":"Out"},"Torso":{"Weight":1,"CFrame":[0.0056895045563578609,3.91006205191502e-9,0.15526533126831056,0.1178329661488533,0.9891643524169922,-0.08757419139146805,-0.9928987622261047,0.11590556800365448,-0.02679501473903656,-0.01635432429611683,0.09010962396860123,0.9957975745201111],"EasingStyle":"Linear","EasingDirection":"Out"},"HumanoidRootPart":{"Weight":0,"CFrame":[0,0,0,1,0,0,0,1,0,0,0,1],"EasingStyle":"Linear","EasingDirection":"In"},"Head":{"Weight":1,"CFrame":[1.4062970876693726e-7,6.28642737865448e-9,-5.960464477539063e-8,0.9957188963890076,0.08909232169389725,-0.024626383557915689,-0.08972818404436112,0.9956256151199341,-0.02604769542813301,0.02219800464808941,0.028145847842097284,0.9993573427200317],"EasingStyle":"Linear","EasingDirection":"Out"}}},{"Time":0.20000000298023225,"poses":{"Left Leg":{"Weight":1,"CFrame":[-0.8979009389877319,-0.0871591567993164,0.14138031005859376,0.48558133840560915,-0.8738372325897217,0.02488180808722973,0.8741902709007263,0.4854315221309662,-0.012153548188507557,-0.0014581942232325674,0.02765296958386898,0.9996165037155151],"EasingStyle":"Linear","EasingDirection":"Out"},"Right Arm":{"Weight":1,"CFrame":[-0.6698106527328491,-0.7787594199180603,0.3600715398788452,-0.04676732048392296,-0.9883008599281311,0.14517001807689668,0.26146334409713747,0.12815076112747193,0.9566683769226074,-0.964079737663269,0.0826973021030426,0.25241100788116457],"EasingStyle":"Linear","EasingDirection":"Out"},"Left Arm":{"Weight":1,"CFrame":[0.6490498781204224,-0.8247456550598145,0.36007142066955569,-0.03856414183974266,0.9878557920455933,-0.15051181614398957,-0.2667147219181061,0.13498330116271974,0.9542760848999023,0.9630036950111389,0.07694433629512787,0.2582699954509735],"EasingStyle":"Linear","EasingDirection":"Out"},"Right Leg":{"Weight":1,"CFrame":[0.16292506456375123,-0.16899657249450684,0.04470944404602051,0.9908359050750732,-0.04808681830763817,-0.12622135877609254,0.041298896074295047,0.997584342956543,-0.05585608258843422,0.12860235571861268,0.050131410360336307,0.9904283285140991],"EasingStyle":"Linear","EasingDirection":"Out"},"Torso":{"Weight":1,"CFrame":[0.02009231224656105,1.3296124201644944e-8,0.15484189987182618,0.05698873847723007,0.9952020645141602,-0.07953076809644699,-0.9982911944389343,0.05577165633440018,-0.0174433384090662,-0.012924072332680226,0.08038893342018128,0.9966797828674316],"EasingStyle":"Linear","EasingDirection":"Out"},"HumanoidRootPart":{"Weight":0,"CFrame":[0,0,0,1,0,0,0,1,0,0,0,1],"EasingStyle":"Linear","EasingDirection":"In"},"Head":{"Weight":1,"CFrame":[1.4738179743289948e-7,-1.2980308383703232e-8,-1.1920928955078126e-7,0.9987044334411621,0.048345498740673068,-0.015880972146987916,-0.04960715398192406,0.9945133328437805,-0.09209984540939331,0.011341228149831295,0.0927683562040329,0.9956231117248535],"EasingStyle":"Linear","EasingDirection":"Out"}}},{"Time":0.21666666865348817,"poses":{"Left Leg":{"Weight":1,"CFrame":[-0.9392871856689453,-0.04170358180999756,0.03243124485015869,0.397652268409729,-0.917531430721283,-0.002940911101177335,0.9173268675804138,0.3974911570549011,0.022632306441664697,-0.019596880301833154,-0.011697564274072647,0.9997395277023315],"EasingStyle":"Linear","EasingDirection":"Out"},"Right Arm":{"Weight":1,"CFrame":[-0.7008180618286133,-0.8058046102523804,0.3611917495727539,-0.09071648865938187,-0.9916645884513855,0.09149771928787232,0.2063523828983307,0.07116498798131943,0.9758864045143127,-0.9742634296417236,0.10740972310304642,0.19817645847797395],"EasingStyle":"Linear","EasingDirection":"Out"},"Left Arm":{"Weight":1,"CFrame":[0.6766677498817444,-0.8604031801223755,0.36199653148651125,-0.08313063532114029,0.992812991142273,-0.08609086275100708,-0.21718984842300416,0.06626300513744354,0.9738777279853821,0.9725831151008606,0.09965702891349793,0.2101203054189682],"EasingStyle":"Linear","EasingDirection":"Out"},"Right Leg":{"Weight":1,"CFrame":[0.17471292614936829,-0.13045334815979005,0.04637002944946289,0.9948296546936035,-0.019804546609520913,-0.0996076762676239,0.015376795083284378,0.9988675117492676,-0.04502502828836441,0.1003865897655487,0.0432605966925621,0.9940075874328613],"EasingStyle":"Linear","EasingDirection":"Out"},"Torso":{"Weight":1,"CFrame":[0.039210375398397449,2.5755033661312156e-8,0.12160062789916992,0.025734970346093179,0.9972513318061829,-0.06948015838861466,-0.9996396899223328,0.025141822174191476,-0.009398113936185837,-0.0076254140585660938,0.06969697028398514,0.9975390434265137],"EasingStyle":"Linear","EasingDirection":"Out"},"HumanoidRootPart":{"Weight":0,"CFrame":[0,0,0,1,0,0,0,1,0,0,0,1],"EasingStyle":"Linear","EasingDirection":"In"},"Head":{"Weight":1,"CFrame":[1.50932464748621e-7,3.5099219530820849e-8,3.5762786865234377e-7,0.999521791934967,0.03010224550962448,-0.007077897433191538,-0.030565861612558366,0.9964389204978943,-0.07858214527368546,0.004687205422669649,0.07876087725162506,0.9968824982643127],"EasingStyle":"Linear","EasingDirection":"Out"}}},{"Time":0.23333333432674409,"poses":{"Left Leg":{"Weight":1,"CFrame":[-1.0095720291137696,-0.1421293020248413,-0.009128153324127198,0.25384479761123659,-0.9670663475990295,-0.018585924059152604,0.966964602470398,0.25326183438301089,0.028946595266461374,-0.023286180570721628,-0.025319872424006463,0.9994081258773804],"EasingStyle":"Linear","EasingDirection":"Out"},"Right Arm":{"Weight":1,"CFrame":[-0.705247700214386,-0.8392318487167358,0.36231207847595217,-0.11641301214694977,-0.9919227957725525,0.05037035048007965,0.17954908311367036,0.028861895203590394,0.9833255410194397,-0.9768368005752564,0.1235160306096077,0.1747390776872635],"EasingStyle":"Linear","EasingDirection":"Out"},"Left Arm":{"Weight":1,"CFrame":[0.6844868659973145,-0.8852184414863586,0.3623119592666626,-0.1085641011595726,0.9924758672714233,-0.056616369634866717,-0.18581408262252809,0.03568956255912781,0.981936514377594,0.9765689969062805,0.11712326109409332,0.18054147064685822],"EasingStyle":"Linear","EasingDirection":"Out"},"Right Leg":{"Weight":1,"CFrame":[0.18387643992900849,-0.06355130672454834,0.047684669494628909,0.9961242079734802,-0.005964889656752348,-0.0877549797296524,0.0028291032649576666,0.9993544220924377,-0.03581457957625389,0.0879119485616684,0.035427503287792209,0.9954980611801148],"EasingStyle":"Linear","EasingDirection":"Out"},"Torso":{"Weight":1,"CFrame":[0.05904585123062134,3.8681474023860576e-8,0.06070995330810547,0.012866959907114506,0.9982204437255859,-0.05822687968611717,-0.9999146461486816,0.01271241344511509,-0.0030238565523177387,-0.00227826414629817,0.05826081335544586,0.9982988238334656],"EasingStyle":"Linear","EasingDirection":"Out"},"HumanoidRootPart":{"Weight":0,"CFrame":[0,0,0,1,0,0,0,1,0,0,0,1],"EasingStyle":"Linear","EasingDirection":"In"},"Head":{"Weight":1,"CFrame":[1.5147088561207057e-7,-1.5861587598919869e-9,1.1920928955078126e-7,0.9996311664581299,0.02705492079257965,-0.002369115361943841,-0.027133554220199586,0.998642086982727,-0.04447165131568909,0.0011627291096374393,0.04451951012015343,0.9990078210830689],"EasingStyle":"Linear","EasingDirection":"Out"}}},{"Time":0.25,"poses":{"Left Leg":{"Weight":1,"CFrame":[-1.040296196937561,-0.24489879608154298,-0.024842381477355958,0.14692704379558564,-0.9887859225273132,-0.02673717401921749,0.9888818860054016,0.14620773494243623,0.027127360925078393,-0.02291397750377655,-0.03042563982307911,0.9992743730545044],"EasingStyle":"Linear","EasingDirection":"Out"},"Right Arm":{"Weight":1,"CFrame":[-0.7032175660133362,-0.8595001101493836,0.362143874168396,-0.11911311000585556,-0.9917879700660706,0.04656919091939926,0.16889581084251405,0.025979965925216676,0.9852914214134216,-0.9784100651741028,0.12522655725479127,0.16441434621810914],"EasingStyle":"Linear","EasingDirection":"Out"},"Left Arm":{"Weight":1,"CFrame":[0.6824568510055542,-0.9054861068725586,0.36214375495910647,-0.11374972760677338,0.9919503927230835,-0.05563713237643242,-0.17244437336921693,0.03543774411082268,0.9843816161155701,0.9784293174743652,0.12156720459461212,0.16702497005462647],"EasingStyle":"Linear","EasingDirection":"Out"},"Right Leg":{"Weight":1,"CFrame":[0.19467203319072724,-0.006305575370788574,0.04792642593383789,0.9962525963783264,0.010561292991042138,-0.08584404736757279,-0.013068667612969876,0.9995026588439941,-0.028699105605483056,0.08549824357032776,0.029713425785303117,0.9958951473236084],"EasingStyle":"Linear","EasingDirection":"Out"},"Torso":{"Weight":1,"CFrame":[0.07560037076473236,4.9469761620457578e-8,0.007110595703125,0.010208144783973694,0.9988818168640137,-0.04616236686706543,-0.9999467134475708,0.010267400182783604,0.0010467144893482328,0.0015195083105936647,0.046149224042892459,0.9989333748817444],"EasingStyle":"Linear","EasingDirection":"Out"},"HumanoidRootPart":{"Weight":0,"CFrame":[0,0,0,1,0,0,0,1,0,0,0,1],"EasingStyle":"Linear","EasingDirection":"In"},"Head":{"Weight":1,"CFrame":[1.5087425708770753e-7,-2.2939275368116797e-8,-2.980232238769531e-7,0.9995982050895691,0.028339654207229615,0.0005050119361840189,-0.028308913111686708,0.9990851283073425,-0.03205527737736702,-0.0014129860792309046,0.03202812373638153,0.999485969543457],"EasingStyle":"Linear","EasingDirection":"Out"}}},{"Time":0.2666666805744171,"poses":{"Left Leg":{"Weight":1,"CFrame":[-1.04352605342865,-0.31249451637268069,-0.031575024127960208,0.10024121403694153,-0.9945024847984314,-0.03027343563735485,0.9946935176849365,0.09945934265851975,0.02631751075387001,-0.023161856457591058,-0.03275088593363762,0.9991951584815979],"EasingStyle":"Linear","EasingDirection":"Out"},"Right Arm":{"Weight":1,"CFrame":[-0.6964734792709351,-0.8680387735366821,0.3616828918457031,-0.11424621194601059,-0.9921143651008606,0.05154585838317871,0.16180561482906342,0.03261019289493561,0.9862837195396423,-0.9801871180534363,0.12101943790912628,0.1568039357662201],"EasingStyle":"Linear","EasingDirection":"Out"},"Left Arm":{"Weight":1,"CFrame":[0.6757127046585083,-0.9140251874923706,0.3616828918457031,-0.10867159068584442,0.9922491908073425,-0.060266852378845218,-0.16564716398715974,0.041703127324581149,0.9853029251098633,0.9801793098449707,0.11705738306045532,0.1598312258720398],"EasingStyle":"Linear","EasingDirection":"Out"},"Right Leg":{"Weight":1,"CFrame":[0.20303967595100404,0.020756006240844728,0.047087907791137698,0.9958683252334595,0.02886214293539524,-0.08609999716281891,-0.03111201897263527,0.9992055892944336,-0.024904301390051843,0.08531279861927033,0.027480147778987886,0.9959751963615418],"EasingStyle":"Linear","EasingDirection":"Out"},"Torso":{"Weight":1,"CFrame":[0.0859435498714447,5.6210240018117477e-8,-0.020290374755859376,0.010053209960460663,0.999384880065918,-0.033597320318222049,-0.9999457597732544,0.010138760320842266,0.0023769743274897339,0.00271614664234221,0.03357160463929176,0.9994326233863831],"EasingStyle":"Linear","EasingDirection":"Out"},"HumanoidRootPart":{"Weight":0,"CFrame":[0,0,0,1,0,0,0,1,0,0,0,1],"EasingStyle":"Linear","EasingDirection":"In"},"Head":{"Weight":1,"CFrame":[1.5029218047857285e-7,-5.842593964189291e-9,2.384185791015625e-7,0.999596893787384,0.028340937569737436,0.0016730817733332515,-0.028227968141436578,0.9984472990036011,-0.04802282899618149,-0.0030314840842038395,0.047956231981515887,0.9988448619842529],"EasingStyle":"Linear","EasingDirection":"Out"}}},{"Time":0.28333333134651186,"poses":{"Left Leg":{"Weight":1,"CFrame":[-1.0336121320724488,-0.3388090133666992,-0.03045201301574707,0.094209223985672,-0.9950897097587586,-0.030348895117640497,0.9952841401100159,0.09343242645263672,0.02607332542538643,-0.02310972288250923,-0.03266210854053497,0.9991992712020874],"EasingStyle":"Linear","EasingDirection":"Out"},"Right Arm":{"Weight":1,"CFrame":[-0.6840346455574036,-0.8688511848449707,0.3609938621520996,-0.10655298084020615,-0.9924999475479126,0.05991944298148155,0.15687936544418336,0.042726509273052219,0.9866931438446045,-0.9818530082702637,0.11453510075807572,0.15115000307559968],"EasingStyle":"Linear","EasingDirection":"Out"},"Left Arm":{"Weight":1,"CFrame":[0.6632738709449768,-0.9148373603820801,0.36099374294281008,-0.09965454787015915,0.9927598237991333,-0.06705843657255173,-0.16219958662986756,0.05028466880321503,0.9854758977890015,0.9817129373550415,0.10908405482769013,0.15601415932178498],"EasingStyle":"Linear","EasingDirection":"Out"},"Right Leg":{"Weight":1,"CFrame":[0.20743758976459504,0.033154308795928958,0.04577076435089111,0.9951912760734558,0.0465259850025177,-0.08619536459445954,-0.0487426333129406,0.9985279440879822,-0.02379196509718895,0.08496149629354477,0.027878940105438234,0.9959941506385803],"EasingStyle":"Linear","EasingDirection":"Out"},"Torso":{"Weight":1,"CFrame":[0.09232211112976074,6.036702870915178e-8,-0.03590679168701172,0.010052467696368695,0.9997265934944153,-0.02111247181892395,-0.9999474883079529,0.01009228453040123,0.0017802566289901734,0.001992844743654132,0.021093465387821199,0.9997755289077759],"EasingStyle":"Linear","EasingDirection":"Out"},"HumanoidRootPart":{"Weight":0,"CFrame":[0,0,0,1,0,0,0,1,0,0,0,1],"EasingStyle":"Linear","EasingDirection":"In"},"Head":{"Weight":1,"CFrame":[1.5023397281765939e-7,-3.232344170100987e-9,-3.5762786865234377e-7,0.9995991587638855,0.028297195211052896,0.0008693361305631697,-0.028171062469482423,0.99724942445755,-0.06855617463588715,-0.002806879347190261,0.06850417703390122,0.9976468682289124],"EasingStyle":"Linear","EasingDirection":"Out"}}},{"Time":0.30000001192092898,"poses":{"Left Leg":{"Weight":1,"CFrame":[-1.01763916015625,-0.3420710563659668,-0.024398386478424073,0.11498022079467774,-0.9929717183113098,-0.028048701584339143,0.9931203722953796,0.11427559703588486,0.025553328916430475,-0.022168446332216264,-0.030793866142630578,0.9992799162864685],"EasingStyle":"Linear","EasingDirection":"Out"},"Right Arm":{"Weight":1,"CFrame":[-0.6649202704429627,-0.8641687035560608,0.3601417541503906,-0.09782461076974869,-0.9928366541862488,0.06859808415174484,0.15497927367687226,0.052890192717313769,0.9865009188652039,-0.9830624461174011,0.10713537782430649,0.14869515597820283],"EasingStyle":"Linear","EasingDirection":"Out"},"Left Arm":{"Weight":1,"CFrame":[0.6441596150398254,-0.9101550579071045,0.3601418733596802,-0.09011365473270416,0.9931210875511169,-0.07476652413606644,-0.16114908456802369,0.0595427043735981,0.9851322770118713,0.982807457447052,0.1008223369717598,0.15467485785484315],"EasingStyle":"Linear","EasingDirection":"Out"},"Right Leg":{"Weight":1,"CFrame":[0.20848718285560609,0.03836476802825928,0.044254302978515628,0.994334876537323,0.06225195899605751,-0.08615628629922867,-0.06453100591897965,0.997628927230835,-0.023922661319375039,0.08446276187896729,0.0293468926101923,0.9959943890571594],"EasingStyle":"Linear","EasingDirection":"Out"},"Torso":{"Weight":1,"CFrame":[0.09650937467813492,6.309581124241959e-8,-0.04538583755493164,0.01011895015835762,0.9999047517776489,-0.009388381615281105,-0.9999486804008484,0.01012294739484787,0.00037827639607712626,0.00047327709035016596,0.009384074248373509,0.9999558329582214],"EasingStyle":"Linear","EasingDirection":"Out"},"HumanoidRootPart":{"Weight":0,"CFrame":[0,0,0,1,0,0,0,1,0,0,0,1],"EasingStyle":"Linear","EasingDirection":"In"},"Head":{"Weight":1,"CFrame":[1.5116529539227486e-7,3.3310243452433498e-9,0,0.9996019601821899,0.028201885521411897,-0.0007469833362847567,-0.028154920786619188,0.9955573678016663,-0.08984899520874024,-0.0017902371473610402,0.08983425050973892,0.9959551095962524],"EasingStyle":"Linear","EasingDirection":"Out"}}},{"Time":0.3166666626930237,"poses":{"Left Leg":{"Weight":1,"CFrame":[-1.0053046941757203,-0.33751142024993899,-0.016382873058319093,0.15302738547325135,-0.9879213571548462,-0.02437233179807663,0.9880205392837524,0.15245182812213899,0.023954348638653756,-0.019949406385421754,-0.027746032923460008,0.999415934085846],"EasingStyle":"Linear","EasingDirecti