{"Sequence":[{"Time":0,"poses":{"Left Leg":{"Weight":1,"CFrame":[-0.7077509164810181,0.052326202392578128,-0.0016471147537231446,0.9944092035293579,0.06268128007650376,-0.08497845381498337,-0.08367683738470078,0.9586299061775208,-0.27207913994789126,0.06440849602222443,0.2776688039302826,0.9585152864456177],"EasingStyle":"Linear","EasingDirection":"In"},"Right Arm":{"Weight":1,"CFrame":[0.4875262677669525,-0.4192810654640198,-0.5372790098190308,-0.8071863055229187,-0.4128486216068268,0.4219079613685608,0.5902921557426453,-0.5616763234138489,0.5797196626663208,-0.0023606945760548116,0.7169908285140991,0.6970787048339844],"EasingStyle":"Linear","EasingDirection":"In"},"Left Arm":{"Weight":1,"CFrame":[-0.5365278720855713,-0.738868236541748,-0.08666050434112549,-0.8137989044189453,0.49065160751342776,0.31143590807914736,-0.37431877851486208,-0.8524779081344605,0.3649207055568695,0.4445410966873169,0.18039555847644807,0.8774056434631348],"EasingStyle":"Linear","EasingDirection":"In"},"Head":{"Weight":1,"CFrame":[1.4901161193847657e-7,1.4156103134155274e-7,0.0166623592376709,0.9428555965423584,0.20237165689468385,0.26470571756362917,-0.2844065725803375,0.9026857018470764,0.3229111135005951,-0.17359811067581178,-0.3797425329685211,0.9086580872535706],"EasingStyle":"Linear","EasingDirection":"In"},"Torso":{"Weight":1,"CFrame":[0.1790190041065216,-0.31058257818222048,-0.20629215240478517,0.961681067943573,-0.2613571584224701,-0.08283673226833344,0.21241891384124757,0.9012832045555115,-0.3775804936885834,0.17334268987178803,0.3455159366130829,0.9222640991210938],"EasingStyle":"Linear","EasingDirection":"In"},"HumanoidRootPart":{"Weight":0,"CFrame":[0,0,0,1,0,0,0,1,0,0,0,1],"EasingStyle":"Linear","EasingDirection":"In"},"Right Leg":{"Weight":1,"CFrame":[0.46537816524505618,0.4249168634414673,0.213234543800354,0.8403263688087463,0.133240208029747,-0.5254508256912231,-0.012730637565255165,0.9739054441452026,0.2265968769788742,0.54193115234375,-0.18372604250907899,0.8200947642326355],"EasingStyle":"Linear","EasingDirection":"In"}}},{"Time":0.019999999552965165,"poses":{"Left Leg":{"Weight":1,"CFrame":[-0.6663107872009277,0.05763727426528931,-0.0071465373039245609,0.9942394495010376,0.06111270189285278,-0.08805283159017563,-0.0832003504037857,0.9579575061798096,-0.27458178997039797,0.06757041811943054,0.2803260087966919,0.9575237035751343],"EasingStyle":"Linear","EasingDirection":"In"},"Right Arm":{"Weight":1,"CFrame":[0.5346415638923645,-0.4139981269836426,-0.49880415201187136,-0.818229615688324,-0.3663633167743683,0.4430331289768219,0.5739460587501526,-0.5647603273391724,0.5929855108261108,0.03295931592583656,0.739475429058075,0.6723763346672058],"EasingStyle":"Linear","EasingDirection":"In"},"Left Arm":{"Weight":1,"CFrame":[-0.4852619767189026,-0.7436488270759583,-0.12840723991394044,-0.7958289980888367,0.5011200308799744,0.3399043381214142,-0.38474395871162417,-0.8519413471221924,0.35520175099372866,0.46757715940475466,0.15190346539020539,0.8708024621009827],"EasingStyle":"Linear","EasingDirection":"In"},"Head":{"Weight":1,"CFrame":[0,2.9802322387695315e-8,0.016662240028381349,0.9419779181480408,0.21013660728931428,0.26176372170448305,-0.28720077872276308,0.9082046747207642,0.3044341802597046,-0.17376230657100678,-0.36194896697998049,0.9158600568771362],"EasingStyle":"Linear","EasingDirection":"In"},"Torso":{"Weight":1,"CFrame":[0.20315337181091309,-0.2959105372428894,-0.2213129997253418,0.9607208967208862,-0.26542773842811587,-0.08101537823677063,0.22016514837741853,0.9066988825798035,-0.35975611209869387,0.1689458042383194,0.32778841257095339,0.9295225143432617],"EasingStyle":"Linear","EasingDirection":"In"},"HumanoidRootPart":{"Weight":0,"CFrame":[0,0,0,1,0,0,0,1,0,0,0,1],"EasingStyle":"Linear","EasingDirection":"In"},"Right Leg":{"Weight":1,"CFrame":[0.4619376063346863,0.42992937564849856,0.21707868576049806,0.8341266512870789,0.15883690118789674,-0.5282078981399536,-0.03164028748869896,0.9698413014411926,0.24167495965957642,0.5506647229194641,-0.18487487733364106,0.8139960169792175],"EasingStyle":"Linear","EasingDirection":"In"}}},{"Time":0.03999999910593033,"poses":{"Left Leg":{"Weight":1,"CFrame":[-0.5895878076553345,0.033425211906433108,-0.01708376407623291,0.9932176470756531,0.07672952860593796,-0.08735718578100205,-0.09812212735414505,0.9562147259712219,-0.27572736144065859,0.06237573176622391,0.28242889046669009,0.9572581648826599],"EasingStyle":"Linear","EasingDirection":"In"},"Right Arm":{"Weight":1,"CFrame":[0.5695697069168091,-0.41156288981437685,-0.4507594108581543,-0.823017418384552,-0.3373848795890808,0.4569613039493561,0.5652483105659485,-0.5657870769500732,0.6003161072731018,0.05600525438785553,0.7523671984672546,0.6563589572906494],"EasingStyle":"Linear","EasingDirection":"In"},"Left Arm":{"Weight":1,"CFrame":[-0.4355604946613312,-0.7410061955451965,-0.17754018306732179,-0.7771815061569214,0.5157919526100159,0.36048221588134768,-0.3987598121166229,-0.8468248248100281,0.35196390748023989,0.48680534958839419,0.12979398667812348,0.863813579082489],"EasingStyle":"Linear","EasingDirection":"In"},"Head":{"Weight":1,"CFrame":[8.940696716308594e-8,1.0058283805847168e-7,0.01666259765625,0.9414541721343994,0.21630826592445374,0.25860172510147097,-0.2876302897930145,0.9154738187789917,0.28138354420661929,-0.17587752640247346,-0.33929136395454409,0.9240933656692505],"EasingStyle":"Linear","EasingDirection":"In"},"Torso":{"Weight":1,"CFrame":[0.221650630235672,-0.2772477865219116,-0.20824289321899415,0.9598551392555237,-0.26811254024505618,-0.0824257954955101,0.22632093727588654,0.9138680696487427,-0.3370817005634308,0.16570214927196504,0.3048948645591736,0.9378603100776672],"EasingStyle":"Linear","EasingDirection":"In"},"HumanoidRootPart":{"Weight":0,"CFrame":[0,0,0,1,0,0,0,1,0,0,0,1],"EasingStyle":"Linear","EasingDirection":"In"},"Right Leg":{"Weight":1,"CFrame":[0.4360371232032776,0.4104253649711609,0.21514511108398438,0.8324829936027527,0.17101919651031495,-0.5269954204559326,-0.037557970732450488,0.9663999676704407,0.25428441166877749,0.5527759194374085,-0.19189462065696717,0.810934841632843],"EasingStyle":"Linear","EasingDirection":"In"}}},{"Time":0.05999999865889549,"poses":{"Left Leg":{"Weight":1,"CFrame":[-0.47863173484802248,-0.0025320053100585939,-0.02707892656326294,0.990498423576355,0.10963000357151032,-0.08303038030862808,-0.12835745513439179,0.9537002444267273,-0.2719932496547699,0.04936739802360535,0.28006643056869509,0.9587103724479675],"EasingStyle":"Linear","EasingDirection":"In"},"Right Arm":{"Weight":1,"CFrame":[0.5802140831947327,-0.4163275957107544,-0.39831817150115969,-0.8260752558708191,-0.3370523154735565,0.4516586661338806,0.5608471632003784,-0.5702208280563355,0.6002488732337952,0.055229946970939639,0.7491623163223267,0.6600801944732666],"EasingStyle":"Linear","EasingDirection":"In"},"Left Arm":{"Weight":1,"CFrame":[-0.40604668855667117,-0.7285698652267456,-0.2328125238418579,-0.7688114643096924,0.5318500995635986,0.355055570602417,-0.41235509514808657,-0.8366930484771729,0.3604278266429901,0.488766074180603,0.13069197535514832,0.8625701665878296],"EasingStyle":"Linear","EasingDirection":"In"},"Head":{"Weight":1,"CFrame":[7.450580596923828e-8,-1.825392246246338e-7,0.016662240028381349,0.9420693516731262,0.22096838057041169,0.2523459196090698,-0.2854219377040863,0.9232811331748962,0.25707292556762698,-0.17618124186992646,-0.314205527305603,0.9328639507293701],"EasingStyle":"Linear","EasingDirection":"In"},"Torso":{"Weight":1,"CFrame":[0.2335946261882782,-0.25657063722610476,-0.1822202205657959,0.959551215171814,-0.2688061594963074,-0.08369441330432892,0.2309633046388626,0.9215949177742004,-0.31195950508117678,0.16098900139331819,0.28001075983047488,0.9464018940925598],"EasingStyle":"Linear","EasingDirection":"In"},"HumanoidRootPart":{"Weight":0,"CFrame":[0,0,0,1,0,0,0,1,0,0,0,1],"EasingStyle":"Linear","EasingDirection":"In"},"Right Leg":{"Weight":1,"CFrame":[0.39085888862609866,0.37839066982269289,0.20735132694244386,0.8355106711387634,0.17060405015945435,-0.5223180055618286,-0.03436724841594696,0.9649421572685242,0.260203093290329,0.5483982563018799,-0.19945187866687776,0.8120827674865723],"EasingStyle":"Linear","EasingDirection":"In"}}},{"Time":0.07999999821186066,"poses":{"Left Leg":{"Weight":1,"CFrame":[-0.3463681936264038,-0.03313100337982178,-0.03344625234603882,0.9850930571556091,0.15454234182834626,-0.07555370032787323,-0.16909465193748475,0.9506175518035889,-0.26025649905204775,0.031601984053850177,0.26915252208709719,0.9625789523124695],"EasingStyle":"Linear","EasingDirection":"In"},"Right Arm":{"Weight":1,"CFrame":[0.5545152425765991,-0.4326205253601074,-0.34674370288848879,-0.8297757506370544,-0.37576016783714297,0.41264572739601138,0.5577889680862427,-0.5829293727874756,0.5908169746398926,0.01853782869875431,0.720414936542511,0.6932956576347351],"EasingStyle":"Linear","EasingDirection":"In"},"Left Arm":{"Weight":1,"CFrame":[-0.4153776168823242,-0.703940749168396,-0.2929302453994751,-0.7811441421508789,0.545194685459137,0.3042639195919037,-0.42257627844810488,-0.8204129338264465,0.38516488671302798,0.4596118927001953,0.17229442298412324,0.8712471127510071],"EasingStyle":"Linear","EasingDirection":"In"},"Head":{"Weight":1,"CFrame":[4.470348358154297e-8,3.725290298461914e-9,0.016661524772644044,0.9445213675498962,0.22408193349838258,0.240138977766037,-0.28050485253334048,0.9306812882423401,0.2348393350839615,-0.1708696484565735,-0.28917092084884646,0.9419043660163879],"EasingStyle":"Linear","EasingDirection":"In"},"Torso":{"Weight":1,"CFrame":[0.2381109595298767,-0.23589032888412476,-0.15818309783935548,0.9602341651916504,-0.26706716418266299,-0.08139698207378388,0.2340516299009323,0.9289489984512329,-0.286833792924881,0.1522175371646881,0.2563765048980713,0.9545160531997681],"EasingStyle":"Linear","EasingDirection":"In"},"HumanoidRootPart":{"Weight":0,"CFrame":[0,0,0,1,0,0,0,1,0,0,0,1],"EasingStyle":"Linear","EasingDirection":"In"},"Right Leg":{"Weight":1,"CFrame":[0.3962973356246948,0.39625096321105959,0.2161179780960083,0.8316656947135925,0.205441415309906,-0.515873908996582,-0.07392928004264832,0.961735725402832,0.2638162076473236,0.5503330826759338,-0.1812688112258911,0.8150308728218079],"EasingStyle":"Linear","EasingDirection":"In"}}},{"Time":0.10000000149011612,"poses":{"Left Leg":{"Weight":1,"CFrame":[-0.2364806979894638,-0.0379258394241333,-0.03385722637176514,0.9793918132781982,0.1910737007856369,-0.06544219702482224,-0.20126989483833314,0.9502967000007629,-0.2375432699918747,0.01680123060941696,0.24581946432590486,0.9691700339317322],"EasingStyle":"Linear","EasingDirection":"In"},"Right Arm":{"Weight":1,"CFrame":[0.4872085452079773,-0.46315157413482668,-0.3004131317138672,-0.8297024965286255,-0.45419204235076907,0.3245050013065338,0.5547670125961304,-0.606509268283844,0.5695435404777527,-0.06186684966087341,0.6525765061378479,0.7551931738853455],"EasingStyle":"Linear","EasingDirection":"In"},"Left Arm":{"Weight":1,"CFrame":[-0.4744519293308258,-0.6660497784614563,-0.35591620206832888,-0.8157413601875305,0.5453269481658936,0.1928328275680542,-0.4302176833152771,-0.7948639988899231,0.42790675163269045,0.38662490248680117,0.2661008834838867,0.8830126523971558],"EasingStyle":"Linear","EasingDirection":"In"},"Head":{"Weight":1,"CFrame":[6.705522537231445e-8,-1.862645149230957e-8,0.016661882400512697,0.9492909908294678,0.22551685571670533,0.21906380355358125,-0.27290788292884829,0.9370145797729492,0.2180023491382599,-0.15610280632972718,-0.266731858253479,0.9510447382926941],"EasingStyle":"Linear","EasingDirection":"In"},"Torso":{"Weight":1,"CFrame":[0.23526911437511445,-0.217271089553833,-0.148118257522583,0.9622144103050232,-0.26258358359336855,-0.07206491380929947,0.23544621467590333,0.9352841377258301,-0.26421332359313967,0.13677924871444703,0.23726244270801545,0.9617681503295898],"EasingStyle":"Linear","EasingDirection":"In"},"HumanoidRootPart":{"Weight":0,"CFrame":[0,0,0,1,0,0,0,1,0,0,0,1],"EasingStyle":"Linear","EasingDirection":"In"},"Right Leg":{"Weight":1,"CFrame":[0.45931532979011538,0.4527773857116699,0.24788200855255128,0.8159798979759216,0.2762761414051056,-0.5077875852584839,-0.16123658418655396,0.9523142576217651,0.2590372860431671,0.5551391243934631,-0.12949533760547639,0.8216150999069214],"EasingStyle":"Linear","EasingDirection":"In"}}},{"Time":0.11999999731779099,"poses":{"Left Leg":{"Weight":1,"CFrame":[-0.2121286541223526,-0.00005173683166503906,-0.028635501861572267,0.9804167747497559,0.18965990841388703,-0.05302945151925087,-0.19652575254440309,0.959575891494751,-0.2014738768339157,0.012674207799136639,0.20795004069805146,0.978057324886322],"EasingStyle":"Linear","EasingDirection":"In"},"Right Arm":{"Weight":1,"CFrame":[0.39973288774490359,-0.5042813420295715,-0.25926631689071658,-0.8165374994277954,-0.5440385341644287,0.19310259819030763,0.5518389940261841,-0.6373448371887207,0.5378338098526001,-0.16952940821647645,0.545723021030426,0.8206377029418945],"EasingStyle":"Linear","EasingDirection":"In"},"Left Arm":{"Weight":1,"CFrame":[-0.5623916387557983,-0.6194481253623962,-0.41745585203170779,-0.8526041507720947,0.5211658477783203,0.038108475506305698,-0.4419858455657959,-0.7581285834312439,0.47946807742118838,0.2787734866142273,0.39195314049720766,0.8767315149307251],"EasingStyle":"Linear","EasingDirection":"In"},"Head":{"Weight":1,"CFrame":[1.1175870895385742e-7,1.862645149230957e-8,0.0166623592376709,0.9564020037651062,0.22513219714164735,0.18603946268558503,-0.26251858472824099,0.9418379068374634,0.2098221629858017,-0.1279812753200531,-0.24951313436031342,0.959877073764801],"EasingStyle":"Linear","EasingDirection":"In"},"Torso":{"Weight":1,"CFrame":[0.22880978882312776,-0.20284336805343629,-0.15288472175598145,0.9655265212059021,-0.25502145290374758,-0.052178919315338138,0.23499323427677155,0.9401720762252808,-0.24668733775615693,0.11196772754192352,0.22592146694660188,0.9676893949508667],"EasingStyle":"Linear","EasingDirection":"In"},"HumanoidRootPart":{"Weight":0,"CFrame":[0,0,0,1,0,0,0,1,0,0,0,1],"EasingStyle":"Linear","EasingDirection":"In"},"Right Leg":{"Weight":1,"CFrame":[0.48913997411727908,0.45558714866638186,0.2782015800476074,0.807892382144928,0.31652140617370608,-0.4971158504486084,-0.23171024024486543,0.9461944103240967,0.22589066624641419,0.5418674349784851,-0.06730858236551285,0.8377644419670105],"EasingStyle":"Linear","EasingDirection":"In"}}},{"Time":0.14000000059604646,"poses":{"Left Leg":{"Weight":1,"CFrame":[-0.27891722321510317,0.07872307300567627,-0.019675016403198243,0.9881525039672852,0.1490265429019928,-0.03668614476919174,-0.1529044806957245,0.976539671421051,-0.15162667632102967,0.013229028321802616,0.15543971955776215,0.9877567887306213],"EasingStyle":"Linear","EasingDirection":"In"},"Right Arm":{"Weight":1,"CFrame":[0.3200303614139557,-0.5508230924606323,-0.22171807289123536,-0.7890427708625794,-0.6129512786865234,0.041260890662670138,0.5474622249603272,-0.6710871458053589,0.499927282333374,-0.27874135971069338,0.4170527160167694,0.8650839328765869],"EasingStyle":"Linear","EasingDirection":"In"},"Left Arm":{"Weight":1,"CFrame":[-0.6500555276870728,-0.5702362656593323,-0.47285306453704836,-0.8722192645072937,0.47267812490463259,-0.12573391199111939,-0.46237727999687197,-0.7130000591278076,0.527103841304779,0.15950225293636323,0.5178864598274231,0.8404478430747986],"EasingStyle":"Linear","EasingDirection":"In"},"Head":{"Weight":1,"CFrame":[9.685754776000977e-8,3.725290298461914e-9,0.01666247844696045,0.9651488661766052,0.2213493138551712,0.13961464166641236,-0.24756085872650147,0.9452126026153565,0.21280699968338014,-0.08486085385084152,-0.23995354771614076,0.9670682549476624],"EasingStyle":"Linear","EasingDirection":"In"},"Torso":{"Weight":1,"CFrame":[0.2215028554201126,-0.19460564851760865,-0.1709146499633789,0.9698953628540039,-0.24265748262405396,-0.02050301805138588,0.23110072314739228,0.9437016248703003,-0.2366848587989807,0.07678207755088806,0.22482125461101533,0.9713702201843262],"EasingStyle":"Linear","EasingDirection":"In"},"HumanoidRootPart":{"Weight":0,"CFrame":[0,0,0,1,0,0,0,1,0,0,0,1],"EasingStyle":"Linear","EasingDirection":"In"},"Right Leg":{"Weight":1,"CFrame":[0.46232694387435915,0.3869073987007141,0.29002463817596438,0.8209401369094849,0.3061267137527466,-0.4820202887058258,-0.2608833611011505,0.9519729018211365,0.16027288138866425,0.507934033870697,-0.005823430605232716,0.8613763451576233],"EasingStyle":"Linear","EasingDirection":"In"}}},{"Time":0.1599999964237213,"poses":{"Left Leg":{"Weight":1,"CFrame":[-0.3698273301124573,0.17287373542785645,-0.00717473030090332,0.9949821829795837,0.09964175522327423,-0.009059320203959942,-0.10005071759223938,0.9902946949005127,-0.09646973013877869,-0.0006410263595171273,0.09689204394817352,0.9952946901321411],"EasingStyle":"Linear","EasingDirection":"In"},"Right Arm":{"Weight":1,"CFrame":[0.2755371630191803,-0.5976889133453369,-0.1857973337173462,-0.7602552771568298,-0.6421471238136292,-0.09828080236911774,0.5366877913475037,-0.7060993909835815,0.46194130182266238,-0.36603033542633059,0.2984471023082733,0.8814484477043152],"EasingStyle":"Linear","EasingDirection":"In"},"Left Arm":{"Weight":1,"CFrame":[-0.7077158689498901,-0.5246988534927368,-0.517397403717041,-0.8697878122329712,0.41788816452026369,-0.26237162947654726,-0.4898558259010315,-0.6674520373344421,0.5608469247817993,0.059250880032777789,0.6163418292999268,0.7852463126182556],"EasingStyle":"Linear","EasingDirection":"In"},"Head":{"Weight":1,"CFrame":[8.195638656616211e-8,4.0978193283081057e-8,0.016661882400512697,0.9746649265289307,0.20649579167366029,0.08595319837331772,-0.22094829380512238,0.9486454725265503,0.22639305889606477,-0.03478988632559776,-0.23964853584766389,0.9702362418174744],"EasingStyle":"Linear","EasingDirection":"In"},"Torso":{"Weight":1,"CFrame":[0.20833320915699006,-0.19394224882125855,-0.20083093643188477,0.9756410121917725,-0.2188778966665268,0.014734427444636822,0.21611471474170686,0.9474446773529053,-0.235887810587883,0.03767057880759239,0.23332615196704865,0.9716686010360718],"EasingStyle":"Linear","EasingDirection":"In"},"HumanoidRootPart":{"Weight":0,"CFrame":[0,0,0,1,0,0,0,1,0,0,0,1],"EasingStyle":"Linear","EasingDirection":"In"},"Right Leg":{"Weight":1,"CFrame":[0.4200350046157837,0.30254536867141726,0.27492785453796389,0.8485966324806213,0.2682369351387024,-0.45599621534347536,-0.25949689745903017,0.962164580821991,0.08307049423456192,0.46102601289749148,0.04783622547984123,0.8860963582992554],"EasingStyle":"Linear","EasingDirection":"In"}}},{"Time":0.18000000715255738,"poses":{"Left Leg":{"Weight":1,"CFrame":[-0.449503093957901,0.2657968997955322,0.013316154479980469,0.9978925585746765,0.053533196449279788,0.0366683267056942,-0.05186037719249725,0.9976333975791931,-0.04514549300074577,-0.038998354226350787,0.043148696422576907,0.9983072876930237],"EasingStyle":"Linear","EasingDirection":"In"},"Right Arm":{"Weight":1,"CFrame":[0.28532204031944277,-0.640526294708252,-0.15023928880691529,-0.7485743165016174,-0.6324025988578796,-0.1992572695016861,0.5133874416351318,-0.7429946064949036,0.42940959334373476,-0.4196067750453949,0.21914878487586976,0.8808541297912598],"EasingStyle":"Linear","EasingDirection":"In"},"Left Arm":{"Weight":1,"CFrame":[-0.7132213115692139,-0.4879961907863617,-0.5474212169647217,-0.8549484014511108,0.3821885287761688,-0.35070666670799258,-0.5187130570411682,-0.6298104524612427,0.5781658887863159,0.00008964457811089233,0.6762180924415588,0.736701488494873],"EasingStyle":"Linear","EasingDirection":"In"},"Head":{"Weight":1,"CFrame":[8.614733815193176e-8,7.078051567077637e-8,0.016662120819091798,0.9842770099639893,0.1736551821231842,0.032289888709783557,-0.17620408535003663,0.952633798122406,0.2478732168674469,0.012284119613468647,-0.2496655136346817,0.9682543277740479],"EasingStyle":"Linear","EasingDirection":"In"},"Torso":{"Weight":1,"CFrame":[0.18350976705551148,-0.20181363821029664,-0.23909950256347657,0.9830854535102844,-0.17769423127174378,0.044361624866724017,0.1831427812576294,0.9519488215446472,-0.2454632669687271,0.0013874085852876306,0.24943584203720094,0.9683903455734253],"EasingStyle":"Linear","EasingDirection":"In"},"HumanoidRootPart":{"Weight":0,"CFrame":[0,0,0,1,0,0,0,1,0,0,0,1],"EasingStyle":"Linear","EasingDirection":"In"},"Right Leg":{"Weight":1,"CFrame":[0.38709157705307009,0.22863733768463136,0.23782563209533692,0.8852440714836121,0.2152477353811264,-0.4123242199420929,-0.2323617786169052,0.9725891351699829,0.008854149840772152,0.4029279351234436,0.08797026425600052,0.9109941720962524],"EasingStyle":"Linear","EasingDirection":"In"}}},{"Time":0.20000000298023225,"poses":{"Left Leg":{"Weight":1,"CFrame":[-0.5050009489059448,0.34776055812835696,0.04320645332336426,0.9949803352355957,0.014253407716751099,0.09905019402503967,-0.014468861743807793,0.9998943209648132,0.0014565307646989823,-0.09901902079582215,-0.0028823453467339279,0.99508136510849],"EasingStyle":"Linear","EasingDirection":"In"},"Right Arm":{"Weight":1,"CFrame":[0.3370547890663147,-0.6775239706039429,-0.11684173345565796,-0.7553313970565796,-0.600350022315979,-0.26278188824653628,0.4793725609779358,-0.7795629501342773,0.40309253334999087,-0.4468517005443573,0.1784980297088623,0.876619815826416],"EasingStyle":"Linear","EasingDirection":"In"},"Left Arm":{"Weight":1,"CFrame":[-0.6765462756156921,-0.4603867530822754,-0.5644900798797607,-0.83843594789505,0.3705485761165619,-0.399648517370224,-0.544479250907898,-0.6015698909759522,0.5845134258270264,-0.02382577210664749,0.7076774835586548,0.7061339616775513],"EasingStyle":"Linear","EasingDirection":"In"},"Head":{"Weight":1,"CFrame":[8.568167686462403e-8,-3.166496753692627e-8,0.016661882400512697,0.9919289350509644,0.12518784403800965,-0.020125124603509904,-0.11501573026180268,0.9551800489425659,0.2727683186531067,0.0533703938126564,-0.26825204491615298,0.9618693590164185],"EasingStyle":"Linear","EasingDirection":"In"},"Torso":{"Weight":1,"CFrame":[0.14719951152801515,-0.2168000340461731,-0.27586889266967776,0.9904077053070068,-0.1211482435464859,0.06645017862319946,0.1345309168100357,0.9551816582679749,-0.2636844515800476,-0.0315270870923996,0.27009475231170657,0.9623174667358398],"EasingStyle":"Linear","EasingDirection":"In"},"HumanoidRootPart":{"Weight":0,"CFrame":[0,0,0,1,0,0,0,1,0,0,0,1],"EasingStyle":"Linear","EasingDirection":"In"},"Right Leg":{"Weight":1,"CFrame":[0.3855546712875366,0.1727445125579834,0.19666898250579835,0.9216322302818298,0.16368989646434785,-0.3518516719341278,-0.19573916494846345,0.9789823889732361,-0.05726862698793411,0.33508238196372988,0.12165172398090363,0.9343023300170898],"EasingStyle":"Linear","EasingDirection":"In"}}},{"Time":0.2199999988079071,"poses":{"Left Leg":{"Weight":1,"CFrame":[-0.5335900783538818,0.4100313186645508,0.07971858978271485,0.9846346378326416,-0.01751735806465149,0.1737464815378189,0.009930490516126156,0.9989627003669739,0.04443950578570366,-0.1743447184562683,-0.042031291872262958,0.9837871789932251],"EasingStyle":"Linear","EasingDirection":"In"},"Right Arm":{"Weight":1,"CFrame":[0.4107915759086609,-0.7074805498123169,-0.08820599317550659,-0.7736735939979553,-0.5595090389251709,-0.29728591442108157,0.4399811923503876,-0.8120754957199097,0.3833404779434204,-0.45590105652809145,0.16578032076358796,0.8744547963142395],"EasingStyle":"Linear","EasingDirection":"In"},"Left Arm":{"Weight":1,"CFrame":[-0.6159008145332336,-0.44086092710494997,-0.571613073348999,-0.8245027661323547,0.37739497423171999,-0.4216257333755493,-0.5653289556503296,-0.5815936923027039,0.5849379301071167,-0.024462176486849786,0.7206399440765381,0.6928775310516357],"EasingStyle":"Linear","EasingDirection":"In"},"Head":{"Weight":1,"CFrame":[1.0803341865539551e-7,-6.798654794692993e-8,0.016661882400512697,0.9952820539474487,0.06590823084115982,-0.07120256125926972,-0.04194268956780434,0.9540186524391174,0.29679828882217409,0.08748997002840042,-0.29241159558296206,0.9522820115089417],"EasingStyle":"Linear","EasingDirection":"In"},"Torso":{"Weight":1,"CFrame":[0.10118412971496582,-0.23644095659255982,-0.29983091354370119,0.9952558279037476,-0.053846146911382678,0.0810346007347107,0.07507159560918808,0.9548162221908569,-0.2875594198703766,-0.06188918650150299,0.29227858781814577,0.9543286561965942],"EasingStyle":"Linear","EasingDirection":"In"},"HumanoidRootPart":{"Weight":0,"CFrame":[0,0,0,1,0,0,0,1,0,0,0,1],"EasingStyle":"Linear","EasingDirection":"In"},"Right Leg":{"Weight":1,"CFrame":[0.44097697734832766,0.14087069034576417,0.1658402681350708,0.9511942267417908,0.13310956954956056,-0.2784086763858795,-0.17031477391719819,0.9787821173667908,-0.11392330378293991,0.25733715295791628,0.15578019618988038,0.9536824226379395],"EasingStyle":"Linear","EasingDirection":"In"}}},{"Time":0.23999999463558198,"poses":{"Left Leg":{"Weight":1,"CFrame":[-0.5385758280754089,0.44596022367477419,0.11808347702026367,0.9659106731414795,-0.042648278176784518,0.25533804297447207,0.021624067798256875,0.9961814284324646,0.08458755910396576,-0.25797051191329958,-0.0761825442314148,0.9631446599960327],"EasingStyle":"Linear","EasingDirection":"In"},"Right Arm":{"Weight":1,"CFrame":[0.48670369386672976,-0.7292084693908691,-0.06692016124725342,-0.7956265807151794,-0.5198920965194702,-0.3109514117240906,0.40218186378479006,-0.8371773362159729,0.370653361082077,-0.4530211091041565,0.1698426455259323,0.8751716017723084],"EasingStyle":"Linear","EasingDirection":"In"},"Left Arm":{"Weight":1,"CFrame":[-0.5495980978012085,-0.4283939003944397,-0.5718806982040405,-0.8140430450439453,0.3945053517818451,-0.4262622594833374,-0.5806697607040405,-0.5686202049255371,0.5826609134674072,-0.012518431060016156,0.7218286395072937,0.6919586062431336],"EasingStyle":"Linear","EasingDirection":"In"},"Head":{"Weight":1,"CFrame":[8.66129994392395e-8,2.1676532924175263e-7,0.016662120819091798,0.9927462339401245,0.0008458438678644598,-0.12022579461336136,0.037528619170188907,0.9478313326835632,0.31655579805374148,0.11422150582075119,-0.31877145171165469,0.9409241676330566],"EasingStyle":"Linear","EasingDirection":"In"},"Torso":{"Weight":1,"CFrame":[0.04761965572834015,-0.2579617500305176,-0.30265188217163088,0.99588543176651,0.019015636295080186,0.08860476315021515,0.00978208426386118,0.949467122554779,-0.3137139678001404,-0.09009279310703278,0.3132898807525635,0.9453743696212769],"EasingStyle":"Linear","EasingDirection":"In"},"HumanoidRootPart":{"Weight":0,"CFrame":[0,0,0,1,0,0,0,1,0,0,0,1],"EasingStyle":"Linear","EasingDirection":"In"},"Right Leg":{"Weight":1,"CFrame":[0.5295535922050476,0.11761873960494995,0.13532865047454835,0.9735072255134583,0.11719180643558502,-0.19634081423282624,-0.15029801428318025,0.975075364112854,-0.1632130742073059,0.17231987416744233,0.18839868903160096,0.9668566584587097],"EasingStyle":"Linear","EasingDirection":"In"}}},{"Time":0.25999999046325686,"poses":{"Left Leg":{"Weight":1,"CFrame":[-0.5274527668952942,0.4592113494873047,0.1533515453338623,0.9390937685966492,-0.06445655971765518,0.33756205439567568,0.024068297818303109,0.9921771883964539,0.12249580025672913,-0.3428170680999756,-0.10691048204898834,0.9332987666130066],"EasingStyle":"Linear","EasingDirection":"In"},"Right Arm":{"Weight":1,"CFrame":[0.5449885725975037,-0.7415498495101929,-0.05553150177001953,-0.8137990832328796,-0.4906514883041382,-0.3114355206489563,0.3743187487125397,-0.8524778485298157,0.3649207353591919,-0.4445408284664154,0.1803959310054779,0.8774057626724243],"EasingStyle":"Linear","EasingDirection":"In"},"Left Arm":{"Weight":1,"CFrame":[-0.49598628282546999,-0.4219629168510437,-0.568408191204071,-0.8071863055229187,0.4128488302230835,-0.42190781235694888,-0.5902921557426453,-0.5616764426231384,0.5797196626663208,0.0023609998170286419,0.71699059009552,0.6970788836479187],"EasingStyle":"Linear","EasingDirection":"In"},"Head":{"Weight":1,"CFrame":[1.1548399925231934e-7,-1.0943040251731873e-7,0.016661882400512697,0.9840075373649597,-0.06489960104227066,-0.16588321328163148,0.11736735701560974,0.936754047870636,0.3297223746776581,0.13399289548397065,-0.3439185619354248,0.9293901324272156],"EasingStyle":"Linear","EasingDirection":"In"},"Torso":{"Weight":1,"CFrame":[-0.010750502347946167,-0.27854669094085696,-0.28803229331970217,0.9916534423828125,0.0919661596417427,0.09036421775817871,-0.056235723197460178,0.9392035007476807,-0.3387245833873749,-0.11602158844470978,0.33081570267677309,0.9365361332893372],"EasingStyle":"Linear","EasingDirection":"In"},"HumanoidRootPart":{"Weight":0,"CFrame":[0,0,0,1,0,0,0,1,0,0,0,1],"EasingStyle":"Linear","EasingDirection":"In"},"Right Leg":{"Weight":1,"CFrame":[0.6099415421485901,0.08351093530654907,0.09489953517913819,0.9887129664421082,0.1004968136548996,-0.11111705005168915,-0.12190172076225281,0.9707865715026856,-0.20667234063148499,0.08710107207298279,0.21788495779037476,0.9720799922943115],"EasingStyle":"Linear","EasingDirection":"In"}}},{"Time":0.2800000011920929,"poses":{"Left Leg":{"Weight":1,"CFrame":[-0.5075650215148926,0.45594239234924319,0.18188488483428956,0.9062971472740173,-0.0857430174946785,0.4138520061969757,0.020993581041693689,0.9871289730072022,0.1585422158241272,-0.4221191704273224,-0.1349981129169464,0.8964323401451111],"EasingStyle":"Linear","EasingDirection":"In"},"Right Arm":{"Weight":1,"CFrame":[0.5702998638153076,-0.7444038391113281,-0.055840373039245608,-0.8229095339775086,-0.4786019027233124,-0.30620285868644717,0.3630000352859497,-0.8574608564376831,0.36468076705932619,-0.4370937645435333,0.18894758820533753,0.8793450593948364],"EasingStyle":"Linear","EasingDirection":"In"},"Left Arm":{"Weight":1,"CFrame":[-0.46944186091423037,-0.4202013611793518,-0.5632168650627136,-0.8041602969169617,0.42440223693847659,-0.4161839485168457,-0.5942886471748352,-0.5597412586212158,0.57750403881073,0.012138746678829193,0.7117390632629395,0.7023389339447022],"EasingStyle":"Linear","EasingDirection":"In"},"Head":{"Weight":1,"CFrame":[-1.862645149230957e-9,7.35744833946228e-8,0.01666247844696045,0.9702373147010803,-0.12646378576755525,-0.20651035010814668,0.19157099723815919,0.922490656375885,0.33512911200523379,0.14812222123146058,-0.36471620202064516,0.919261634349823],"EasingStyle":"Linear","EasingDirection":"In"},"Torso":{"Weight":1,"CFrame":[-0.07056728005409241,-0.2956010103225708,-0.2626347541809082,0.9832093119621277,0.15971428155899049,0.08826538920402527,-0.1180993914604187,0.9256665110588074,-0.3594357669353485,-0.13911132514476777,0.342976450920105,0.9289861917495728],"EasingStyle":"Linear","EasingDirection":"In"},"HumanoidRootPart":{"Weight":0,"CFrame":[0,0,0,1,0,0,0,1,0,0,0,1],"EasingStyle":"Linear","EasingDirection":"In"},"Right Leg":{"Weight":1,"CFrame":[0.6771643161773682,0.04191863536834717,0.04997110366821289,0.9958476424217224,0.08608630299568176,-0.029604611918330194,-0.09071798622608185,0.9655423760414124,-0.24392269551753999,0.007586126681417227,0.24559547007083894,0.9693427681922913],"EasingStyle":"Linear","EasingDirection":"In"}}},{"Time":0.30000001192092898,"poses":{"Left Leg":{"Weight":1,"CFrame":[-0.49648040533065798,0.46084386110305788,0.20309233665466309,0.8699352741241455,-0.11817212402820587,0.4787984788417816,0.0254378542304039,0.9803267121315002,0.19573572278022767,-0.4925094246864319,-0.15809772908687592,0.8558268547058106],"EasingStyle":"Linear","EasingDirection":"In"},"Right Arm":{"Weight":1,"CFrame":[0.565150260925293,-0.741820752620697,-0.0667991042137146,-0.8227774500846863,-0.48059186339378359,-0.30342817306518557,0.3649938702583313,-0.8560110330581665,0.3660939037799835,-0.4356796443462372,0.19046440720558167,0.879719614982605],"EasingStyle":"Linear","EasingDirection":"In"},"Left Arm":{"Weight":1,"CFrame":[-0.4684492349624634,-0.4203464686870575,-0.5539766550064087,-0.8044818043708801,0.4253729283809662,-0.41456860303878786,-0.5938335061073303,-0.560619056224823,0.577120840549469,0.013076585717499257,0.710467517375946,0.7036082744598389],"EasingStyle":"Linear","EasingDirection":"In"},"Head":{"Weight":1,"CFrame":[1.1548399925231934e-7,-7.171183824539185e-8,0.0166623592376709,0.9539306163787842,-0.17949523031711579,-0.2404119372367859,0.2546777129173279,0.908035397529602,0.33258265256881716,0.15860547125339509,-0.37848836183547976,0.9119161367416382],"EasingStyle":"Linear","EasingDirection":"In"},"Torso":{"Weight":1,"CFrame":[-0.12800246477127076,-0.3069038391113281,-0.23312783241271974,0.9723604321479797,0.21752963960170747,0.08483073860406876,-0.17142678797245027,0.9117974042892456,-0.37314677238464358,-0.1585189253091812,0.34829089045524599,0.9238860607147217],"EasingStyle":"Linear","EasingDirection":"In"},"HumanoidRootPart":{"Weight":0,"CFrame":[0,0,0,1,0,0,0,1,0,0,0,1],"EasingStyle":"Linear","EasingDirection":"In"},"Right Leg":{"Weight":1,"CFrame":[0.7279729843139648,-0.0035109519958496095,0.006140232086181641,0.9961625933647156,0.0771937444806099,0.04124680161476135,-0.06294107437133789,0.9593102931976318,-0.2752494513988495,-0.060815975069999698,0.2715970277786255,0.9604876637458801],"EasingStyle":"Linear","EasingDirection":"In"}}},{"Time":0.3199999928474426,"poses":{"Left Leg":{"Weight":1,"CFrame":[-0.5037016868591309,0.49069803953170779,0.21487605571746827,0.8326291441917419,-0.16738881170749665,0.5279296040534973,0.04405106604099274,0.9702284932136536,0.23815137147903443,-0.5520763397216797,-0.17503586411476136,0.8152142763137817],"EasingStyle":"Linear","EasingDirection":"In"},"Right Arm":{"Weight":1,"CFrame":[0.5365282297134399,-0.7388682961463928,-0.08666074275970459,-0.8137991428375244,-0.4906514585018158,-0.3114355504512787,0.3743186593055725,-0.8524778485298157,0.36492079496383669,-0.444540798664093,0.18039599061012269,0.8774057626724243],"EasingStyle":"Linear","EasingDirection":"In"},"Left Arm":{"Weight":1,"CFrame":[-0.487525999546051,-0.4192813038825989,-0.5372788310050964,-0.8071862459182739,0.4128490090370178,-0.4219076335430145,-0.5902920961380005,-0.5616764426231384,0.5797197222709656,0.0023610370699316265,0.7169904708862305,0.6970790028572083],"EasingStyle":"Linear","EasingDirection":"In"},"Head":{"Weight":1,"CFrame":[-1.4901161193847657e-8,2.1979212760925294e-7,0.016662120819091798,0.9384399056434631,-0.22023339569568635,-0.26613500714302065,0.30198484659194949,0.897118330001831,0.3224653899669647,0.16773700714111329,-0.38298317790031435,0.9083987474441528],"EasingStyle":"Linear","EasingDirection":"In"},"Torso":{"Weight":1,"CFrame":[-0.1790190041065216,-0.31058257818222048,-0.20629215240478517,0.961681067943573,0.2613576054573059,0.0828365683555603,-0.21241942048072816,0.9012829661369324,-0.3775804340839386,-0.1733427345752716,0.3455158472061157,0.9222640991210938],"EasingStyle":"Linear","EasingDirection":"In"},"HumanoidRootPart":{"Weight":0,"CFrame":[0,0,0,1,0,0,0,1,0,0,0,1],"EasingStyle":"Linear","EasingDirection":"In"},"Right Leg":{"Weight":1,"CFrame":[0.7598898410797119,-0.048422932624816897,-0.031476736068725589,0.9925166368484497,0.07664605230093003,0.09505771100521088,-0.04467247799038887,0.9524162411689758,-0.30150914192199709,-0.11364391446113587,0.2950063943862915,0.948712944984436],"EasingStyle":"Linear","EasingDirection":"In"}}},{"Time":0.3400000035762787,"poses":{"Left Leg":{"Weight":1,"CFrame":[-0.5251905918121338,0.537498414516449,0.214666485786438,0.7986721992492676,-0.22610825300216676,0.5576717853546143,0.07150185108184815,0.9558168649673462,0.2851344347000122,-0.5975032448768616,-0.1878543347120285,0.7795515656471252],"EasingStyle":"Linear","EasingDirection":"In"},"Right Arm":{"Weight":1,"CFrame":[0.49247539043426516,-0.7390716075897217,-0.11395931243896485,-0.7969581484794617,-0.5029965043067932,-0.3344435393810272,0.3858250379562378,-0.8499165773391724,0.3588603138923645,-0.46475452184677126,0.15695995092391969,0.8714165687561035],"EasingStyle":"Linear","EasingDirection":"In"},"Left Arm":{"Weight":1,"CFrame":[-0.5201026797294617,-0.41505104303359988,-0.5107258558273315,-0.8107925653457642,0.3862400949001312,-0.4398115277290344,-0.584976315498352,-0.5609411001205444,0.585788369178772,-0.020453372970223428,0.7322320938110352,0.680747926235199],"EasingStyle":"Linear","EasingDirection":"In"},"Head":{"Weight":1,"CFrame":[7.450580596923828e-8,-5.960464477539063e-8,0.016662240028381349,0.9269866347312927,-0.24646210670471192,-0.2827581465244293,0.3306577503681183,0.8928367495536804,0.30579084157943728,0.17709095776081086,-0.37696024775505068,0.9091423153877258],"EasingStyle":"Linear","EasingDirection":"In"},"Torso":{"Weight":1,"CFrame":[-0.21973386406898499,-0.30560302734375,-0.18750500679016114,0.953691303730011,0.2887476980686188,0.08424793183803559,-0.23882731795310975,0.8971981406211853,-0.37147948145866396,-0.1828509122133255,0.3341560661792755,0.9246108531951904],"EasingStyle":"Linear","EasingDirection":"In"},"HumanoidRootPart":{"Weight":0,"CFrame":[0,0,0,1,0,0,0,1,0,0,0,1],"EasingStyle":"Linear","EasingDirection":"In"},"Right Leg":{"Weight":1,"CFrame":[0.7710530757904053,-0.08772575855255127,-0.05912816524505615,0.9881647229194641,0.08519566059112549,0.12756234407424928,-0.03982596844434738,0.9455596804618836,-0.3230028748512268,-0.14813613891601563,0.3140996992588043,0.9377617239952087],"EasingStyle":"Linear","EasingDirection":"In"}}},{"Time":0.36000001430511477,"poses":{"Left Leg":{"Weight":1,"CFrame":[-0.5554067492485046,0.5883841514587402,0.20712971687316895,0.7710860967636108,-0.28486743569374087,0.5694531202316284,0.10361348092556,0.9385552406311035,0.3292085826396942,-0.6282441020011902,-0.1948450356721878,0.7532231211662293],"EasingStyle":"Linear","EasingDirection":"In"},"Right Arm":{"Weight":1,"CFrame":[0.445170134305954,-0.7398192286491394,-0.14832919836044312,-0.7776616811752319,-0.5149613618850708,-0.3606344163417816,0.39763781428337099,-0.847210705280304,0.3523041307926178,-0.4869563579559326,0.13057151436805726,0.8636113405227661],"EasingStyle":"Linear","EasingDirection":"In"},"Left Arm":{"Weight":1,"CFrame":[-0.55520099401474,-0.41036975383758547,-0.47588884830474856,-0.8142470121383667,0.35567033290863039,-0.45880308747291567,-0.5786965489387512,-0.5598716139793396,0.5930043458938599,-0.045956697314977649,0.7483597993850708,0.6616989970207214],"EasingStyle":"Linear","EasingDirection":"In"},"Head":{"Weight":1,"CFrame":[7.450580596923828e-8,-1.2293457984924317e-7,0.016662001609802247,0.920819103717804,-0.26047149300575259,-0.2902529835700989,0.34309443831443789,0.8948994874954224,0.285379022359848,0.185414120554924,-0.3623667061328888,0.9134069085121155],"EasingStyle":"Linear","EasingDirection":"In"},"Torso":{"Weight":1,"CFrame":[-0.24686899781227113,-0.29357749223709109,-0.17589282989501954,0.9493100643157959,0.3018316626548767,0.08779554814100266,-0.252928227186203,0.8992869853973389,-0.3568056523799896,-0.18664862215518952,0.31651321053504946,0.9300439953804016],"EasingStyle":"Linear","EasingDirection":"In"},"HumanoidRootPart":{"Weight":0,"CFrame":[0,0,0,1,0,0,0,1,0,0,0,1],"EasingStyle":"Linear","EasingDirection":"In"},"Right Leg":{"Weight":1,"CFrame":[0.7628477811813355,-0.11680960655212403,-0.07639044523239136,0.9852007627487183,0.09817390143871308,0.14050354063510896,-0.045670922845602038,0.9404417872428894,-0.33687302470207217,-0.16520754992961884,0.3254706561565399,0.9310077428817749],"EasingStyle":"Linear","EasingDirection":"In"}}},{"Time":0.3799999952316284,"poses":{"Left Leg":{"Weight":1,"CFrame":[-0.5868535041809082,0.6307743191719055,0.20155668258666993,0.7529192566871643,-0.3343586325645447,0.5668482184410095,0.1388304978609085,0.9226354956626892,0.3598191738128662,-0.6433029770851135,-0.1922188550233841,0.7410891652107239],"EasingStyle":"Linear","EasingDirection":"In"},"Right Arm":{"Weight":1,"CFrame":[0.40777990221977236,-0.7369741201400757,-0.18968349695205689,-0.7634215354919434,-0.5261046886444092,-0.37470194697380068,0.4084257185459137,-0.8426226377487183,0.3509637415409088,-0.5003759860992432,0.11489517986774445,0.8581509590148926],"EasingStyle":"Linear","EasingDirection":"In"},"Left Arm":{"Weight":1,"CFrame":[-0.5807119607925415,-0.4091337025165558,-0.43527936935424807,-0.8179887533187866,0.33464986085891726,-0.46787178