{"Sequence":[{"Time":0,"poses":{"Left Leg":{"Weight":1,"CFrame":[-0.3985467255115509,0.19519561529159547,0.007675766944885254,0.9981870055198669,0.029474273324012758,0.05247753486037254,-0.03228986635804176,0.9980381727218628,0.05363910272717476,-0.05079364404082298,-0.05523630604147911,0.9971805810928345],"EasingStyle":"Linear","EasingDirection":"In"},"Right Arm":{"Weight":1,"CFrame":[0.013035118579864502,-0.4673665463924408,0.02780008316040039,0.8173710107803345,0.30990713834762576,-0.4856567978858948,-0.14370623230934144,0.926019549369812,0.3490504324436188,0.5579008460044861,-0.21551187336444856,0.8014369606971741],"EasingStyle":"Linear","EasingDirection":"In"},"Left Arm":{"Weight":1,"CFrame":[-0.27829641103744509,-0.5061817169189453,0.06994783878326416,0.6044057607650757,0.2362031638622284,0.760856032371521,-0.5256345272064209,0.8358995318412781,0.15805143117904664,-0.5986669659614563,-0.4954594671726227,0.6293790936470032],"EasingStyle":"Linear","EasingDirection":"In"},"Head":{"Weight":1,"CFrame":[8.888309821486473e-8,-3.892637323588133e-9,0.01666259765625,0.9989820122718811,-0.02542765997350216,-0.03726247698068619,0.024584481492638589,0.9994351267814636,-0.022913318127393724,0.03782404959201813,0.02197391726076603,0.999042809009552],"EasingStyle":"Linear","EasingDirection":"In"},"Torso":{"Weight":1,"CFrame":[-0.0005888029700145125,0.01736069843173027,-0.1824815273284912,0.9990301728248596,-0.044025078415870669,-0.0007159165106713772,0.04403042420744896,0.998812198638916,0.020869750529527665,-0.00020372621656861156,-0.020881032571196557,0.9997819662094116],"EasingStyle":"Linear","EasingDirection":"In"},"HumanoidRootPart":{"Weight":1,"CFrame":[0,0,0,1,0,0,0,1,0,0,0,1],"EasingStyle":"Linear","EasingDirection":"In"},"Right Leg":{"Weight":1,"CFrame":[0.7010861039161682,0.23185116052627564,0.16531634330749513,0.873940110206604,0.42551469802856448,-0.23487445712089539,-0.4224700331687927,0.9039878845214844,0.06576548516750336,0.24030788242816926,0.04175223037600517,0.9697984457015991],"EasingStyle":"Linear","EasingDirection":"In"}}},{"Time":0.03448275849223137,"poses":{"Left Leg":{"Weight":1,"CFrame":[0.029733359813690187,0.01488727331161499,-0.004481852054595947,0.9716209769248962,0.2365054041147232,0.0042265732772648338,-0.23646269738674165,0.970669150352478,0.043436914682388309,0.006170439533889294,-0.04320365935564041,0.9990473389625549],"EasingStyle":"Linear","EasingDirection":"In"},"Right Arm":{"Weight":1,"CFrame":[0.012302111834287644,-0.4761878550052643,0.037860989570617679,0.8318600654602051,0.2899031937122345,-0.47324955463409426,-0.11123888194561005,0.922515332698822,0.36958274245262148,0.5437231659889221,-0.25479745864868166,0.799652099609375],"EasingStyle":"Linear","EasingDirection":"In"},"Left Arm":{"Weight":1,"CFrame":[-0.32771173119544985,-0.49467533826828005,0.07052886486053467,0.48926955461502077,0.38019898533821108,0.7848974466323853,-0.7088582515716553,0.6976516842842102,0.10393240302801132,-0.508070170879364,-0.6072321534156799,0.6108469367027283],"EasingStyle":"Linear","EasingDirection":"In"},"Head":{"Weight":1,"CFrame":[8.940696716308594e-8,2.9569491744041444e-8,0.016661524772644044,0.9986259937286377,0.01426931843161583,-0.050424180924892429,-0.01739831455051899,0.9979139566421509,-0.06217024102807045,0.04943183809518814,0.06296215951442719,0.9967910051345825],"EasingStyle":"Linear","EasingDirection":"In"},"Torso":{"Weight":1,"CFrame":[0.012925542891025544,0.048582419753074649,-0.05412602424621582,0.9957936406135559,-0.09159006923437119,-0.0025405902415513994,0.0915805771946907,0.9940586686134338,0.05882653221487999,-0.0028624297119677068,-0.05881175771355629,0.9982649683952332],"EasingStyle":"Linear","EasingDirection":"In"},"HumanoidRootPart":{"Weight":1,"CFrame":[0,0,0,1,0,0,0,1,0,0,0,1],"EasingStyle":"Linear","EasingDirection":"In"},"Right Leg":{"Weight":1,"CFrame":[0.507726788520813,0.13553446531295777,0.15233922004699708,0.8821296095848084,0.3808702528476715,-0.2771015167236328,-0.36991554498672488,0.9244014620780945,0.09297564625740051,0.29156482219696047,0.02048758789896965,0.9563317894935608],"EasingStyle":"Linear","EasingDirection":"In"}}},{"Time":0.06896551698446274,"poses":{"Left Leg":{"Weight":1,"CFrame":[0.005664840340614319,0.011488676071166993,-0.003521263599395752,0.9752814173698425,0.21647675335407258,-0.04431741684675217,-0.21502232551574708,0.9759686589241028,0.03536497801542282,0.050908055156469348,-0.024961555376648904,0.9983914494514465],"EasingStyle":"Linear","EasingDirection":"In"},"Right Arm":{"Weight":1,"CFrame":[0.010249882936477661,-0.4956602454185486,0.043538451194763187,0.8531373143196106,0.22863918542861939,-0.46891453862190249,-0.019084645435214044,0.911920428276062,0.4099229872226715,0.5213372111320496,-0.3407716155052185,0.7823567986488342],"EasingStyle":"Linear","EasingDirection":"In"},"Left Arm":{"Weight":1,"CFrame":[-0.3667878210544586,-0.4800867438316345,0.07585430145263672,0.2599667012691498,0.5072154402732849,0.8216750025749207,-0.9212822318077087,0.3851665258407593,0.053719885647296908,-0.28923413157463076,-0.7709600329399109,0.5674190521240234],"EasingStyle":"Linear","EasingDirection":"In"},"Head":{"Weight":1,"CFrame":[9.499490261077881e-8,3.213062882423401e-8,0.016662120819091798,0.9966953992843628,0.0488552562892437,-0.06489573419094086,-0.054163720458745959,0.9950989484786987,-0.08273085206747055,0.060535870492458346,0.08597249537706375,0.9944567084312439],"EasingStyle":"Linear","EasingDirection":"In"},"Torso":{"Weight":1,"CFrame":[0.02137971855700016,0.06544063985347748,0.026949167251586915,0.9901508688926697,-0.13989976048469544,-0.005423471797257662,0.13988696038722993,0.9869852066040039,0.07932136207818985,-0.005744154565036297,-0.07929877936840058,0.9968343377113342],"EasingStyle":"Linear","EasingDirection":"In"},"HumanoidRootPart":{"Weight":1,"CFrame":[0,0,0,1,0,0,0,1,0,0,0,1],"EasingStyle":"Linear","EasingDirection":"In"},"Right Leg":{"Weight":1,"CFrame":[0.24496951699256898,0.08436846733093262,0.10104835033416748,0.9048222303390503,0.2788131535053253,-0.32180747389793398,-0.2548539936542511,0.9600872993469238,0.11524729430675507,0.3410957157611847,-0.02226443402469158,0.9397649168968201],"EasingStyle":"Linear","EasingDirection":"In"}}},{"Time":0.1034482792019844,"poses":{"Left Leg":{"Weight":1,"CFrame":[-0.012700065970420838,0.008916735649108887,-0.0035881996154785158,0.9739136099815369,0.21190419793128968,-0.08117344975471497,-0.2101299911737442,0.9772160053253174,0.02990751899778843,0.08566150814294815,-0.012070350348949433,0.9962511658668518],"EasingStyle":"Linear","EasingDirection":"In"},"Right Arm":{"Weight":1,"CFrame":[0.006614111363887787,-0.5154200196266174,0.04563629627227783,0.8786277770996094,0.11993476748466492,-0.46220025420188906,0.11011393368244171,0.8909657597541809,0.44051650166511538,0.4646378755569458,-0.43794476985931399,0.7696207761764526],"EasingStyle":"Linear","EasingDirection":"In"},"Left Arm":{"Weight":1,"CFrame":[-0.39470767974853518,-0.45984914898872378,0.08748471736907959,-0.1028735414147377,0.5280361175537109,0.8429678678512573,-0.9920965433120728,-0.11567771434783936,-0.04861218482255936,0.07184351980686188,-0.8413064479827881,0.5357630252838135],"EasingStyle":"Linear","EasingDirection":"In"},"Head":{"Weight":1,"CFrame":[9.499490261077881e-8,6.239861249923706e-8,0.016661882400512697,0.9945899844169617,0.06701144576072693,-0.07937493920326233,-0.07415617257356644,0.9931062459945679,-0.0907789096236229,0.07274454832077027,0.09617393463850022,0.9927027821540833],"EasingStyle":"Linear","EasingDirection":"In"},"Torso":{"Weight":1,"CFrame":[0.027322065085172654,0.07232877612113953,0.058595895767211917,0.9842482209205627,-0.1766263246536255,-0.0076600476168096069,0.17661216855049134,0.9803661108016968,0.08769537508487702,-0.00797965656965971,-0.08766686916351319,0.996117889881134],"EasingStyle":"Linear","EasingDirection":"In"},"HumanoidRootPart":{"Weight":1,"CFrame":[0,0,0,1,0,0,0,1,0,0,0,1],"EasingStyle":"Linear","EasingDirection":"In"},"Right Leg":{"Weight":1,"CFrame":[-0.20282942056655885,0.06661015748977661,-0.051719844341278079,0.9324278831481934,0.062189191579818729,-0.3559645414352417,-0.015210532583296299,0.9909611344337463,0.13328400254249574,0.36103591322898867,-0.11886335909366608,0.9249458312988281],"EasingStyle":"Linear","EasingDirection":"In"}}},{"Time":0.13793103396892548,"poses":{"Left Leg":{"Weight":1,"CFrame":[-0.019894570112228395,0.007195770740509033,-0.003789365291595459,0.9725601077079773,0.2121138572692871,-0.09557515382766724,-0.21053120493888856,0.9772288203239441,0.026467157527804376,0.09901279956102371,-0.005619327072054148,0.9950702786445618],"EasingStyle":"Linear","EasingDirection":"In"},"Right Arm":{"Weight":1,"CFrame":[0.0009720325469970703,-0.5249889492988586,0.04507923126220703,0.8994317650794983,-0.04579491913318634,-0.4346553683280945,0.2561233341693878,0.861068606376648,0.4392737150192261,0.3541516065597534,-0.5064224004745483,0.7862018346786499],"EasingStyle":"Linear","EasingDirection":"In"},"Left Arm":{"Weight":1,"CFrame":[-0.4085460305213928,-0.42259854078292849,0.1048121452331543,-0.4463590383529663,0.4125839173793793,0.7940642237663269,-0.8219780325889587,-0.5397974252700806,-0.18157923221588136,0.35371705889701846,-0.7337528467178345,0.5800785422325134],"EasingStyle":"Linear","EasingDirection":"In"},"Head":{"Weight":1,"CFrame":[8.009374141693115e-8,-6.007030606269837e-8,0.01666259765625,0.9939460754394531,0.05896490812301636,-0.09270643442869187,-0.06761061400175095,0.99336177110672,-0.09306590259075165,0.08660341799259186,0.09877040237188339,0.9913345575332642],"EasingStyle":"Linear","EasingDirection":"In"},"Torso":{"Weight":1,"CFrame":[0.03253781795501709,0.07365670800209046,0.06474661827087403,0.9815160632133484,-0.1911926567554474,-0.008473509922623635,0.19117827713489533,0.977483868598938,0.08930975198745728,-0.008792650885879994,-0.08927889913320542,0.9959678649902344],"EasingStyle":"Linear","EasingDirection":"In"},"HumanoidRootPart":{"Weight":1,"CFrame":[0,0,0,1,0,0,0,1,0,0,0,1],"EasingStyle":"Linear","EasingDirection":"In"},"Right Leg":{"Weight":1,"CFrame":[-0.20881709456443788,0.0733221173286438,-0.05555522441864014,0.9275137782096863,0.06375855952501297,-0.3683110475540161,-0.00957050547003746,0.9890727400779724,0.1471177041530609,0.3736664950847626,-0.13292881846427918,0.9179887771606445],"EasingStyle":"Linear","EasingDirection":"In"}}},{"Time":0.17241379618644715,"poses":{"Left Leg":{"Weight":1,"CFrame":[-0.003755524754524231,0.0060083866119384769,-0.003385007381439209,0.976736843585968,0.20488493144512177,-0.0633041113615036,-0.20376797020435334,0.9787325263023377,0.023691745474934579,0.06681182235479355,-0.010241196490824223,0.9977130889892578],"EasingStyle":"Linear","EasingDirection":"In"},"Right Arm":{"Weight":1,"CFrame":[-0.008226200938224793,-0.5048028230667114,0.013278007507324219,0.9105318784713745,-0.2981175184249878,-0.2864571809768677,0.3946640193462372,0.833163321018219,0.3874003291130066,0.12317477911710739,-0.46579480171203616,0.8762781023979187],"EasingStyle":"Linear","EasingDirection":"In"},"Left Arm":{"Weight":1,"CFrame":[-0.3761206269264221,-0.3632577061653137,0.12041223049163819,-0.6946602463722229,0.3261027932167053,0.6411741375923157,-0.6129577159881592,-0.7348321676254273,-0.29035255312919619,0.3764704763889313,-0.5947089791297913,0.7103458046913147],"EasingStyle":"Linear","EasingDirection":"In"},"Head":{"Weight":1,"CFrame":[9.313225746154785e-8,4.0512531995773318e-8,0.016661882400512697,0.9945494532585144,0.010462095960974694,-0.10373995453119278,-0.02028324268758297,0.9953585863113403,-0.09407441318035126,0.10227417200803757,0.09566592425107956,0.9901455044746399],"EasingStyle":"Linear","EasingDirection":"In"},"Torso":{"Weight":1,"CFrame":[0.03873583301901817,0.07114526629447937,0.06239748001098633,0.9856447577476502,-0.16867971420288087,-0.007179951295256615,0.1686657816171646,0.9818919897079468,0.08625655621290207,-0.007499794941395521,-0.0862293392419815,0.9962471127510071],"EasingStyle":"Linear","EasingDirection":"In"},"HumanoidRootPart":{"Weight":1,"CFrame":[0,0,0,1,0,0,0,1,0,0,0,1],"EasingStyle":"Linear","EasingDirection":"In"},"Right Leg":{"Weight":1,"CFrame":[-0.1970950961112976,0.07639157772064209,-0.050770103931427,0.9373998641967773,0.053450364619493487,-0.3441287875175476,0.00013694602239411324,0.9880949854850769,0.15384486317634583,0.3482550382614136,-0.14426133036613465,0.9262328147888184],"EasingStyle":"Linear","EasingDirection":"In"}}},{"Time":0.2068965584039688,"poses":{"Left Leg":{"Weight":1,"CFrame":[0.03886783868074417,0.011753261089324952,-0.0050168633460998539,0.9818156361579895,0.18852931261062623,0.022245237603783609,-0.18921640515327454,0.9813318848609924,0.034424908459186557,-0.015339919365942479,-0.038008034229278567,0.9991596937179565],"EasingStyle":"Linear","EasingDirection":"In"},"Right Arm":{"Weight":1,"CFrame":[-0.019251316785812379,-0.45609939098358157,-0.05687081813812256,0.8182930946350098,-0.5720793008804321,0.05587318539619446,0.5319855809211731,0.7905666828155518,0.3033078610897064,-0.21768765151500703,-0.21847108006477357,0.9512531757354736],"EasingStyle":"Linear","EasingDirection":"In"},"Left Arm":{"Weight":1,"CFrame":[-0.29390186071395876,-0.29516252875328066,0.13227033615112306,-0.8649225831031799,0.29076531529426577,0.40910208225250246,-0.44362786412239077,-0.8241103291511536,-0.3521883189678192,0.2347409874200821,-0.486104816198349,0.8417832255363464],"EasingStyle":"Linear","EasingDirection":"In"},"Head":{"Weight":1,"CFrame":[8.568167686462403e-8,-3.026798367500305e-8,0.016661882400512697,0.9893081784248352,-0.07880596816539765,-0.12271556258201599,0.06753821671009064,0.993333101272583,-0.09342307597398758,0.12925973534584046,0.08413630723953247,0.9880349636077881],"EasingStyle":"Linear","EasingDirection":"In"},"Torso":{"Weight":1,"CFrame":[0.055832281708717349,0.06423169374465943,0.04612922668457031,0.994106650352478,-0.10818849503993988,0.006882363930344582,0.10733000934123993,0.9911708235740662,0.07785161584615708,-0.015244248323142529,-0.07665412127971649,0.9969412088394165],"EasingStyle":"Linear","EasingDirection":"In"},"HumanoidRootPart":{"Weight":1,"CFrame":[0,0,0,1,0,0,0,1,0,0,0,1],"EasingStyle":"Linear","EasingDirection":"In"},"Right Leg":{"Weight":1,"CFrame":[-0.16741922497749329,0.06862246990203858,-0.037661850452423099,0.958918571472168,0.018813572824001313,-0.28305721282958987,0.021729957312345506,0.9899954795837402,0.13941574096679688,0.28284838795661929,-0.13983918726444245,0.9489161968231201],"EasingStyle":"Linear","EasingDirection":"In"}}},{"Time":0.24137930572032929,"poses":{"Left Leg":{"Weight":1,"CFrame":[0.09974612295627594,0.028213679790496827,-0.014340519905090332,0.9755366444587708,0.16507291793823243,0.14518719911575318,-0.1761268973350525,0.9820974469184876,0.06681377440690994,-0.1315588504076004,-0.09075063467025757,0.987145721912384],"EasingStyle":"Linear","EasingDirection":"In"},"Right Arm":{"Weight":1,"CFrame":[-0.025234248489141465,-0.39916759729385378,-0.13606387376785279,0.5622251629829407,-0.681530237197876,0.46842241287231448,0.6705102324485779,0.7072181701660156,0.22418427467346192,-0.48406511545181277,0.18803992867469788,0.8545888066291809],"EasingStyle":"Linear","EasingDirection":"In"},"Left Arm":{"Weight":1,"CFrame":[-0.1949634701013565,-0.23176318407058717,0.14075005054473878,-0.9427052140235901,0.28116318583488467,0.17959456145763398,-0.32967737317085268,-0.8676420450210571,-0.3721693456172943,0.05118340626358986,-0.41005438566207888,0.9106239080429077],"EasingStyle":"Linear","EasingDirection":"In"},"Head":{"Weight":1,"CFrame":[1.0128132998943329e-7,1.83936208486557e-8,0.0166623592376709,0.968385636806488,-0.1957383006811142,-0.1546478122472763,0.1830403357744217,0.9787335395812988,-0.09261166304349899,0.16948658227920533,0.061377108097076419,0.9836193919181824],"EasingStyle":"Linear","EasingDirection":"In"},"Torso":{"Weight":1,"CFrame":[0.087821364402771,0.051917269825935367,0.003899812698364258,0.9991126656532288,-0.0197956133633852,0.03717571124434471,0.01743125356733799,0.9978688955307007,0.06288076937198639,-0.03834124654531479,-0.06217695772647858,0.9973284006118774],"EasingStyle":"Linear","EasingDirection":"In"},"HumanoidRootPart":{"Weight":1,"CFrame":[0,0,0,1,0,0,0,1,0,0,0,1],"EasingStyle":"Linear","EasingDirection":"In"},"Right Leg":{"Weight":1,"CFrame":[-0.12329691648483277,0.05030262470245361,-0.021665632724761964,0.9806422591209412,-0.03404879570007324,-0.1928248554468155,0.055008139461278918,0.9930120706558228,0.10440822690725327,0.18792250752449037,-0.11299409717321396,0.9756625890731812],"EasingStyle":"Linear","EasingDirection":"In"}}},{"Time":0.27586206793785097,"poses":{"Left Leg":{"Weight":1,"CFrame":[-0.3074791133403778,0.1831912398338318,0.09132218360900879,0.9504131078720093,-0.1236409917473793,0.28535571694374087,0.09478611499071121,0.9890796542167664,0.11285853385925293,-0.29619351029396059,-0.08021441102027893,0.9517536759376526],"EasingStyle":"Linear","EasingDirection":"In"},"Right Arm":{"Weight":1,"CFrame":[-0.023680590093135835,-0.35294559597969057,-0.2011796236038208,0.28498297929763796,-0.5841712951660156,0.7599530816078186,0.7890766859054565,0.5930917263031006,0.16000153124332429,-0.5441901087760925,0.5540634393692017,0.6299768686294556],"EasingStyle":"Linear","EasingDirection":"In"},"Left Arm":{"Weight":1,"CFrame":[-0.11210967600345612,-0.18532299995422364,0.14613354206085206,-0.9608947038650513,0.27654820680618288,0.014229841530323029,-0.2621441185474396,-0.8918821811676025,-0.3685466945171356,-0.08922965824604035,-0.3578650653362274,0.9295003414154053],"EasingStyle":"Linear","EasingDirection":"In"},"Head":{"Weight":1,"CFrame":[1.0384246706962586e-7,1.1175870895385743e-8,0.016662001609802247,0.9273847937583923,-0.32185691595077517,-0.19069761037826539,0.3093225657939911,0.9463948011398315,-0.09304057061672211,0.21042093634605409,0.027297314256429673,0.9772297143936157],"EasingStyle":"Linear","EasingDirection":"In"},"Torso":{"Weight":1,"CFrame":[0.12670445442199708,0.0327274426817894,-0.07635879516601563,0.9939135313034058,0.08287136256694794,0.07258247584104538,-0.08589354157447815,0.9955189824104309,0.03955138102173805,-0.06897954642772675,-0.04554501175880432,0.9965779781341553],"EasingStyle":"Linear","EasingDirection":"In"},"HumanoidRootPart":{"Weight":1,"CFrame":[0,0,0,1,0,0,0,1,0,0,0,1],"EasingStyle":"Linear","EasingDirection":"In"},"Right Leg":{"Weight":1,"CFrame":[0.0519188717007637,0.04556077718734741,0.0000073909759521484379,0.9958601593971252,-0.03351409360766411,-0.0844946950674057,0.03935316577553749,0.9968805313110352,0.06841568648815155,0.08193828165531159,-0.07145765423774719,0.9940724968910217],"EasingStyle":"Linear","EasingDirection":"In"}}},{"Time":0.3103448152542114,"poses":{"Left Leg":{"Weight":1,"CFrame":[-0.459230899810791,0.331744909286499,0.20005452632904054,0.8706813454627991,-0.27499812841415408,0.4077867567539215,0.22706887125968934,0.960192084312439,0.16269870102405549,-0.4362954795360565,-0.04906303808093071,0.8984649181365967],"EasingStyle":"Linear","EasingDirection":"In"},"Right Arm":{"Weight":1,"CFrame":[-0.019120607525110246,-0.3359490633010864,-0.22651171684265138,0.14791351556777955,-0.42322099208831789,0.8938712477684021,0.8835248947143555,0.46268194913864138,0.07286443561315537,-0.44441577792167666,0.7789797186851502,0.4423631429672241],"EasingStyle":"Linear","EasingDirection":"In"},"Left Arm":{"Weight":1,"CFrame":[-0.07784950733184815,-0.16768211126327516,0.14840292930603028,-0.9640612006187439,0.260233610868454,-0.05352097004652023,-0.2258918434381485,-0.9089202284812927,-0.3504810929298401,-0.13985329866409303,-0.32579538226127627,0.9350392818450928],"EasingStyle":"Linear","EasingDirection":"In"},"Head":{"Weight":1,"CFrame":[6.263144314289093e-8,-3.725290298461914e-9,0.0166623592376709,0.8770142197608948,-0.42526814341545107,-0.22359144687652589,0.415692538022995,0.9049685597419739,-0.09072808176279068,0.240927055478096,-0.013375526294112206,0.9704511761665344],"EasingStyle":"Linear","EasingDirection":"In"},"Torso":{"Weight":1,"CFrame":[0.16457337141036988,0.008090045303106308,-0.19930434226989747,0.9802038669586182,0.16963835060596467,0.10209493339061737,-0.17149224877357484,0.9851387143135071,0.009599278680980206,-0.09894926846027374,-0.02691773511469364,0.9947284460067749],"EasingStyle":"Linear","EasingDirection":"In"},"HumanoidRootPart":{"Weight":1,"CFrame":[0,0,0,1,0,0,0,1,0,0,0,1],"EasingStyle":"Linear","EasingDirection":"In"},"Right Leg":{"Weight":1,"CFrame":[0.4345719814300537,0.13301295042037965,-0.014766097068786621,0.9963823556900024,0.08424491435289383,0.0111829973757267,-0.08468300849199295,0.9952847957611084,0.047296520322561267,-0.007145722396671772,-0.04807242751121521,0.9988183379173279],"EasingStyle":"Linear","EasingDirection":"In"}}},{"Time":0.3448275923728943,"poses":{"Left Leg":{"Weight":1,"CFrame":[-0.5214282274246216,0.4612365961074829,0.26386117935180666,0.804558277130127,-0.3497009575366974,0.47999510169029238,0.28513383865356448,0.9364569783210754,0.204321026802063,-0.5209460854530335,-0.027525337412953378,0.8531457781791687],"EasingStyle":"Linear","EasingDirection":"In"},"Right Arm":{"Weight":1,"CFrame":[0.016895513981580735,-0.3464631736278534,-0.19611603021621705,0.13343431055545808,-0.30128031969070437,0.9441533088684082,0.9508627653121948,0.3074817657470703,-0.036264777183532718,-0.2793840765953064,0.9025990962982178,0.3275047540664673],"EasingStyle":"Linear","EasingDirection":"In"},"Left Arm":{"Weight":1,"CFrame":[-0.1514224261045456,-0.17218655347824098,0.14654541015625,-0.9724646210670471,0.22615346312522889,-0.05627906695008278,-0.20432937145233155,-0.9435215592384338,-0.26080015301704409,-0.1120813712477684,-0.24211959540843965,0.963750958442688],"EasingStyle":"Linear","EasingDirection":"In"},"Head":{"Weight":1,"CFrame":[9.033828973770142e-8,1.862645149230957e-9,0.016662001609802247,0.8435723185539246,-0.4763617515563965,-0.24792195856571198,0.4729730188846588,0.877697229385376,-0.07709904760122299,0.2543273866176605,-0.05222172662615776,0.9657073020935059],"EasingStyle":"Linear","EasingDirection":"In"},"Torso":{"Weight":1,"CFrame":[0.19573286175727845,-0.017728883773088456,-0.3207883834838867,0.9713141322135925,0.20680208504199983,0.1173957958817482,-0.20567256212234498,0.9783783555030823,-0.021789222955703737,-0.11936354637145996,-0.002980917925015092,0.9928461313247681],"EasingStyle":"Linear","EasingDirection":"In"},"HumanoidRootPart":{"Weight":1,"CFrame":[0,0,0,1,0,0,0,1,0,0,0,1],"EasingStyle":"Linear","EasingDirection":"In"},"Right Leg":{"Weight":1,"CFrame":[0.6160131692886353,0.23601853847503663,-0.04931783676147461,0.9903498888015747,0.1264428347349167,0.05673876777291298,-0.1292283684015274,0.9904310703277588,0.048438914120197299,-0.05007103830575943,-0.05530375614762306,0.9972133040428162],"EasingStyle":"Linear","EasingDirection":"In"}}},{"Time":0.37931033968925478,"poses":{"Left Leg":{"Weight":1,"CFrame":[-0.5927291512489319,0.5280235409736633,0.20667099952697755,0.8560301661491394,-0.3181241452693939,0.4074425995349884,0.2537573277950287,0.945307731628418,0.20494036376476289,-0.4503551423549652,-0.07204362750053406,0.8899382948875427],"EasingStyle":"Linear","EasingDirection":"In"},"Right Arm":{"Weight":1,"CFrame":[0.09902579337358475,-0.36697959899902346,-0.13056743144989015,0.15439331531524659,-0.22228409349918366,0.962679922580719,0.9822819828987122,0.1392977237701416,-0.1253730207681656,-0.10623068362474442,0.9649797081947327,0.23985221982002259],"EasingStyle":"Linear","EasingDirection":"In"},"Left Arm":{"Weight":1,"CFrame":[-0.32577821612358096,-0.18145370483398438,0.14072918891906739,-0.9825161099433899,0.18125756084918977,-0.0425184890627861,-0.1789802610874176,-0.9824576377868652,-0.0523751899600029,-0.051266077905893329,-0.04384991154074669,0.9977219700813294],"EasingStyle":"Linear","EasingDirection":"In"},"Head":{"Weight":1,"CFrame":[7.171183824539185e-8,2.60770320892334e-8,0.016662240028381349,0.8882226943969727,-0.37689849734306338,-0.2626938819885254,0.3840750455856323,0.9229482412338257,-0.025556938722729684,0.25208523869514468,-0.07819392532110214,0.9645407199859619],"EasingStyle":"Linear","EasingDirection":"In"},"Torso":{"Weight":1,"CFrame":[0.2196088433265686,-0.036945343017578128,-0.37560129165649416,0.9898083209991455,0.08204936236143112,0.11639349162578583,-0.07725229114294052,0.9959887266159058,-0.0451510064303875,-0.11963120847940445,0.03569917753338814,0.992176353931427],"EasingStyle":"Linear","EasingDirection":"In"},"HumanoidRootPart":{"Weight":1,"CFrame":[0,0,0,1,0,0,0,1,0,0,0,1],"EasingStyle":"Linear","EasingDirection":"In"},"Right Leg":{"Weight":1,"CFrame":[0.6313499808311462,0.2841898202896118,0.018744468688964845,0.9810976982116699,0.18279685080051423,-0.06350366026163101,-0.17847320437431336,0.9815793633460999,0.06818599253892899,0.07479812949895859,-0.05556340143084526,0.995649516582489],"EasingStyle":"Linear","EasingDirection":"In"}}},{"Time":0.4137931168079376,"poses":{"Left Leg":{"Weight":1,"CFrame":[-0.6083216667175293,0.48114651441574099,0.07701337337493897,0.9568483233451843,-0.1762019842863083,0.23107172548770905,0.13747259974479676,0.9750563502311707,0.17425958812236787,-0.2560129463672638,-0.1349739283323288,0.9572040438652039],"EasingStyle":"Linear","EasingDirection":"In"},"Right Arm":{"Weight":1,"CFrame":[0.20146459341049195,-0.39284127950668337,-0.05403250455856323,0.188735693693161,-0.18454761803150178,0.9645315408706665,0.9806522727012634,-0.016551874577999116,-0.19505715370178224,0.05196213349699974,0.9826842546463013,0.17785300314426423],"EasingStyle":"Linear","EasingDirection":"In"},"Left Arm":{"Weight":1,"CFrame":[-0.5337381958961487,-0.19053921103477479,0.13210546970367433,-0.9907844066619873,0.13526785373687745,-0.007002159953117371,-0.1330074816942215,-0.9618520140647888,0.23906059563159944,0.025602197274565698,0.23778864741325379,0.9709794521331787],"EasingStyle":"Linear","EasingDirection":"In"},"Head":{"Weight":1,"CFrame":[9.499490261077881e-8,2.60770320892334e-8,0.016662120819091798,0.9514420032501221,-0.17335145175457,-0.2543766498565674,0.19222119450569154,0.9800202250480652,0.051103148609399798,0.24043548107147218,-0.09751824289560318,0.9657540917396545],"EasingStyle":"Linear","EasingDirection":"In"},"Torso":{"Weight":1,"CFrame":[0.24259406328201295,-0.053758248686790469,-0.3145866394042969,0.9839608669281006,-0.14305345714092256,0.10656798630952835,0.15051615238189698,0.9864293336868286,-0.06559077650308609,-0.09573879837989807,0.08057895302772522,0.9921396374702454],"EasingStyle":"Linear","EasingDirection":"In"},"HumanoidRootPart":{"Weight":1,"CFrame":[0,0,0,1,0,0,0,1,0,0,0,1],"EasingStyle":"Linear","EasingDirection":"In"},"Right Leg":{"Weight":1,"CFrame":[0.45656999945640566,0.23865050077438355,0.12883615493774415,0.9365506172180176,0.20943325757980348,-0.28108838200569155,-0.1884176880121231,0.9769704341888428,0.10013771057128906,0.29558733105659487,-0.040822070091962817,0.9544431567192078],"EasingStyle":"Linear","EasingDirection":"In"}}},{"Time":0.4482758641242981,"poses":{"Left Leg":{"Weight":1,"CFrame":[-0.5089865922927856,0.36839163303375246,0.017271757125854493,0.9915779232978821,-0.024867825210094453,0.12710191309452058,0.006520742084830999,0.9897341132164002,0.1427726447582245,-0.12934763729572297,-0.14074139297008515,0.9815606474876404],"EasingStyle":"Linear","EasingDirection":"In"},"Right Arm":{"Weight":1,"CFrame":[0.29872235655784609,-0.4193177819252014,0.009409546852111817,0.21613159775733949,-0.17765383422374726,0.9600657820701599,0.9615886807441711,-0.13168902695178986,-0.24084261059761048,0.16921676695346833,0.9752420783042908,0.14236775040626527],"EasingStyle":"Linear","EasingDirection":"In"},"Left Arm":{"Weight":1,"CFrame":[-0.7077755928039551,-0.19550156593322755,0.11911225318908692,-0.9936308264732361,0.10561806708574295,0.039277564734220508,-0.07161884754896164,-0.8610185980796814,0.5035055875778198,0.08699802309274674,0.49748554825782778,0.8630988001823425],"EasingStyle":"Linear","EasingDirection":"In"},"Head":{"Weight":1,"CFrame":[9.313225746154785e-8,-3.725290298461914e-8,0.016661643981933595,0.9714294672012329,-0.052899956703186038,-0.23135778307914735,0.07906462997198105,0.9912903904914856,0.10531948506832123,0.22377130389213563,-0.12060264497995377,0.9671512246131897],"EasingStyle":"Linear","EasingDirection":"In"},"Torso":{"Weight":1,"CFrame":[0.2669174373149872,-0.07539030909538269,-0.21817255020141602,0.9578815698623657,-0.27080464363098147,0.09554021805524826,0.2793743312358856,0.9557753801345825,-0.09188923239707947,-0.0664309561252594,0.1147104874253273,0.9911752939224243],"EasingStyle":"Linear","EasingDirection":"In"},"HumanoidRootPart":{"Weight":1,"CFrame":[0,0,0,1,0,0,0,1,0,0,0,1],"EasingStyle":"Linear","EasingDirection":"In"},"Right Leg":{"Weight":1,"CFrame":[0.23897425830364228,0.18619000911712647,0.12676966190338136,0.9018880128860474,0.15641216933727265,-0.402657687664032,-0.11345351487398148,0.9851883053779602,0.12857840955257417,0.4168049693107605,-0.07028045505285263,0.9062750339508057],"EasingStyle":"Linear","EasingDirection":"In"}}},{"Time":0.48275861144065859,"poses":{"Left Leg":{"Weight":1,"CFrame":[-0.416294127702713,0.2872581481933594,-0.010060608386993409,0.9940366148948669,0.09266934543848038,0.05747736990451813,-0.0989377573132515,0.9880691170692444,0.11802922189235687,-0.045854032039642337,-0.1230120062828064,0.9913452863693237],"EasingStyle":"Linear","EasingDirection":"In"},"Right Arm":{"Weight":1,"CFrame":[0.3655485212802887,-0.441764235496521,0.03580904006958008,0.2209358811378479,-0.1842948943376541,0.9577175974845886,0.9504343867301941,-0.17959043383598329,-0.2538145184516907,0.21877363324165345,0.9663242697715759,0.13548187911510468],"EasingStyle":"Linear","EasingDirection":"In"},"Left Arm":{"Weight":1,"CFrame":[-0.7806388735771179,-0.1966325044631958,0.0985710620880127,-0.9932558536529541,0.09751354902982712,0.06272125989198685,-0.039030611515045169,-0.7906072735786438,0.6110783219337463,0.10917630046606064,0.6045089960098267,0.789081335067749],"EasingStyle":"Linear","EasingDirection":"In"},"Head":{"Weight":1,"CFrame":[8.940696716308594e-8,-2.9802322387695315e-8,0.016662001609802247,0.9765129685401917,0.022767622023820878,-0.2142527848482132,0.008612205274403096,0.9894819855690002,0.14440014958381654,0.21528691053390504,-0.14285379648208619,0.9660457372665405],"EasingStyle":"Linear","EasingDirection":"In"},"Torso":{"Weight":1,"CFrame":[0.29634571075439455,-0.09462127089500427,-0.16044378280639649,0.9336958527565002,-0.3454170525074005,0.09433623403310776,0.35487499833106997,0.9277806282043457,-0.11526864767074585,-0.04770759120583534,0.14110341668128968,0.9888446927070618],"EasingStyle":"Linear","EasingDirection":"In"},"HumanoidRootPart":{"Weight":1,"CFrame":[0,0,0,1,0,0,0,1,0,0,0,1],"EasingStyle":"Linear","EasingDirection":"In"},"Right Leg":{"Weight":1,"CFrame":[0.06535391509532929,0.15051180124282838,0.08189511299133301,0.8743980526924133,0.0980549156665802,-0.47519823908805849,-0.03228454664349556,0.9889545440673828,0.1446603536605835,0.4841342270374298,-0.11114920675754547,0.8679056167602539],"EasingStyle":"Linear","EasingDirection":"In"}}},{"Time":0.517241358757019,"poses":{"Left Leg":{"Weight":1,"CFrame":[-0.37139585614204409,0.261155366897583,-0.028498053550720216,0.9864626526832581,0.16353805363178254,0.012116225436329842,-0.16377192735671998,0.9787037372589111,0.12376545369625092,0.008382082916796208,-0.1240743026137352,0.9922375082969666],"EasingStyle":"Linear","EasingDirection":"In"},"Right Arm":{"Weight":1,"CFrame":[0.39999330043792727,-0.45772314071655276,0.032007575035095218,0.1776072233915329,-0.19601096212863923,0.9643834829330444,0.9617223739624023,-0.17322781682014466,-0.21232569217681886,0.20867618918418885,0.9651796817779541,0.15774136781692506],"EasingStyle":"Linear","EasingDirection":"In"},"Left Arm":{"Weight":1,"CFrame":[-0.7729065418243408,-0.19206127524375916,0.06895828247070313,-0.9915305376052856,0.12633560597896577,0.03010992705821991,-0.09603894501924515,-0.8693062663078308,0.48485395312309267,0.08742912113666535,0.4778556227684021,0.8740767240524292],"EasingStyle":"Linear","EasingDirection":"In"},"Head":{"Weight":1,"CFrame":[9.685754776000977e-8,-7.450580596923828e-8,0.016662120819091798,0.9719523787498474,0.07199987024068833,-0.22388575971126557,-0.032884709537029269,0.9842386841773987,0.17376089096069337,0.23286771774291993,-0.16152480244636537,0.9590007662773132],"EasingStyle":"Linear","EasingDirection":"In"},"Torso":{"Weight":1,"CFrame":[0.3379715085029602,-0.10401961207389832,-0.12751388549804688,0.9145444631576538,-0.386883020401001,0.11802545934915543,0.4002905786037445,0.9075881242752075,-0.12669439613819123,-0.058102577924728397,0.16311214864253999,0.9848951697349548],"EasingStyle":"Linear","EasingDirection":"In"},"HumanoidRootPart":{"Weight":1,"CFrame":[0,0,0,1,0,0,0,1,0,0,0,1],"EasingStyle":"Linear","EasingDirection":"In"},"Right Leg":{"Weight":1,"CFrame":[-0.12013283371925354,0.09499216079711914,-0.0017544031143188477,0.855273425579071,0.01357273943722248,-0.5179992318153381,0.06250704079866409,0.9896547794342041,0.12913721799850465,0.514393150806427,-0.14282619953155518,0.8455770015716553],"EasingStyle":"Linear","EasingDirection":"In"}}},{"Time":0.5517241358757019,"poses":{"Left Leg":{"Weight":1,"CFrame":[-0.36889883875846865,0.2844961881637573,-0.048045575618743899,0.9813916087150574,0.1918916553258896,-0.006943697575479746,-0.1880793273448944,0.9679222106933594,0.16659197211265565,0.03868851065635681,-0.16218599677085877,0.9860015511512756],"EasingStyle":"Linear","EasingDirection":"In"},"Right Arm":{"Weight":1,"CFrame":[0.41979336738586428,-0.46855372190475466,0.021772146224975587,0.09120838344097138,-0.21558257937431336,0.9722167253494263,0.9809460043907166,-0.14872325956821443,-0.12500569224357606,0.1715402901172638,0.9650936126708984,0.19790992140769959],"EasingStyle":"Linear","EasingDirection":"In"},"Left Arm":{"Weight":1,"CFrame":[-0.7543905973434448,-0.17801564931869508,0.035146355628967288,-0.9791860580444336,0.2016707807779312,-0.022880038246512414,-0.2025170475244522,-0.9633162617683411,0.17609311640262605,0.013472181744873524,0.17706136405467988,0.9841076135635376],"EasingStyle":"Linear","EasingDirection":"In"},"Head":{"Weight":1,"CFrame":[1.30385160446167e-8,1.1920928955078126e-7,0.01666247844696045,0.9602853655815125,0.10017888993024826,-0.2604157626628876,-0.04998151957988739,0.9799874424934387,0.19268257915973664,0.27450689673423769,-0.17201434075832368,0.9460745453834534],"EasingStyle":"Linear","EasingDirection":"In"},"Torso":{"Weight":1,"CFrame":[0.3829224705696106,-0.10029140114784241,-0.11365699768066406,0.9000935554504395,-0.40435218811035159,0.1622685045003891,0.4249558448791504,0.8969331383705139,-0.12216195464134217,-0.09614754468202591,0.17891409993171693,0.9791555404663086],"EasingStyle":"Linear","EasingDirection":"In"},"HumanoidRootPart":{"Weight":1,"CFrame":[0,0,0,1,0,0,0,1,0,0,0,1],"EasingStyle":"Linear","EasingDirection":"In"},"Right Leg":{"Weight":1,"CFrame":[-0.29078686237335207,0.03824573755264282,-0.09910053014755249,0.8396984338760376,-0.07645585387945175,-0.5376439690589905,0.14431484043598176,0.9858573079109192,0.08519834280014038,0.5235263705253601,-0.14913104474544526,0.83885657787323],"EasingStyle":"Linear","EasingDirection":"In"}}},{"Time":0.5862069129943848,"poses":{"Left Leg":{"Weight":1,"CFrame":[-0.38943418860435488,0.33290523290634158,-0.07313954830169678,0.9816128611564636,0.1906646192073822,-0.009123221039772034,-0.18351198732852937,0.9557831287384033,0.2297867089509964,0.0525318942964077,-0.2238873690366745,0.9731983542442322],"EasingStyle":"Linear","EasingDirection":"In"},"Right Arm":{"Weight":1,"CFrame":[0.4292858839035034,-0.47546708583831789,0.006476879119873047,-0.002858106279745698,-0.2402380257844925,0.9707098603248596,0.9926926493644714,-0.1177859678864479,-0.026227667927742006,0.12063685804605484,0.9635414481163025,0.2388191819190979],"EasingStyle":"Linear","EasingDirection":"In"},"Left Arm":{"Weight":1,"CFrame":[-0.7327040433883667,-0.15736156702041627,0.005758166313171387,-0.9571131467819214,0.28573542833328249,-0.0478520430624485,-0.27628642320632937,-0.9499170184135437,-0.14602597057819367,-0.08718029409646988,-0.12654289603233338,0.9881227612495422],"EasingStyle":"Linear","EasingDirection":"In"},"Head":{"Weight":1,"CFrame":[1.341104507446289e-7,1.4901161193847657e-8,0.016662240028381349,0.9447745680809021,0.11356654018163681,-0.3074144721031189,-0.05323147028684616,0.9787591099739075,0.19798240065574647,0.3233689069747925,-0.17068468034267426,0.9307520389556885],"EasingStyle":"Linear","EasingDirection":"In"},"Torso":{"Weight":1,"CFrame":[0.4111824631690979,-0.085335373878479,-0.11250805854797363,0.8886740207672119,-0.4078030586242676,0.20965521037578584,0.43497106432914736,0.8944207429885864,-0.10397964715957642,-0.14511676132678986,0.18359795212745667,0.9722309112548828],"EasingStyle":"Linear","EasingDirection":"In"},"HumanoidRootPart":{"Weight":1,"CFrame":[0,0,0,1,0,0,0,1,0,0,0,1],"EasingStyle":"Linear","EasingDirection":"In"},"Right Leg":{"Weight":1,"CFrame":[-0.29284805059432986,0.011417090892791748,-0.09880572557449341,0.8364605903625488,-0.0813189372420311,-0.5419601798057556,0.11567962169647217,0.9928463697433472,0.029567141085863115,0.5356789231300354,-0.0874255895614624,0.8398839235305786],"EasingStyle":"Linear","EasingDirection":"In"}}},{"Time":0.6206896305084229,"poses":{"Left Leg":{"Weight":1,"CFrame":[-0.4097348749637604,0.3770710229873657,-0.09986811876296997,0.9841543436050415,0.1772381067276001,-0.005199164152145386,-0.16791991889476777,0.9410284161567688,0.2937147617340088,0.0569499172270298,-0.28818756341934206,0.9558790922164917],"EasingStyle":"Linear","EasingDirection":"In"},"Right Arm":{"Weight":1,"CFrame":[0.43281835317611697,-0.4795835614204407,-0.012469947338104248,-0.07220055162906647,-0.2647717595100403,0.9616044759750366,0.9947373270988464,-0.08938813209533692,0.050075825303792956,0.07269737124443054,0.9601592421531677,0.26983216404914858],"EasingStyle":"Linear","EasingDirection":"In"},"Left Arm":{"Weight":1,"CFrame":[-0.7150841951370239,-0.1385881006717682,-0.01347726583480835,-0.9380624890327454,0.3430647850036621,-0.04842744022607803,-0.30489474534988406,-0.8837898969650269,-0.3549008071422577,-0.1645536869764328,-0.3181540369987488,0.9336488842964172],"EasingStyle":"Linear","EasingDirection":"In"},"Head":{"Weight":1,"CFrame":[-2.2351741790771486e-8,-1.4901161193847657e-8,0.0166623592376709,0.929914653301239,0.11770633608102799,-0.34843093156814577,-0.05267317220568657,0.980259120464325,0.19057206809520722,0.363984078168869,-0.15886281430721284,0.9177571535110474],"EasingStyle":"Linear","EasingDirection":"In"},"Torso":{"Weight":1,"CFrame":[0.412414014339447,-0.06458349525928498,-0.11649847030639649,0.8799980282783508,-0.40660861134529116,0.24550573527812959,0.43616440892219546,0.8964144587516785,-0.07875122874975205,-0.18805398046970368,0.17638176679611207,0.9661910533905029],"EasingStyle":"Linear","EasingDirection":"In"},"HumanoidRootPart":{"Weight":1,"CFrame":[0,0,0,1,0,0,0,1,0,0,0,1],"EasingStyle":"Linear","EasingDirection":"In"},"Right Leg":{"Weight":1,"CFrame":[-0.2916010618209839,-0.012755513191223145,-0.0978206992149353,0.8382418751716614,-0.08027221262454987,-0.5393579602241516,0.0819123163819313,0.9964184761047363,-0.020992320030927659,0.5391113758087158,-0.02658347226679325,0.8418149948120117],"EasingStyle":"Linear","EasingDirection":"In"}}},{"Time":0.6551724076271057,"poses":{"Left Leg":{"Weight":1,"CFrame":[-0.42136624455451968,0.4076996445655823,-0.11523663997650147,0.9889668226242065,0.14717094600200654,0.01689186319708824,-0.14382515847682954,0.9266042709350586,0.3474462628364563,0.03548178821802139,-0.346042275428772,0.9375478029251099],"EasingStyle":"Linear","EasingDirection":"In"},"Right Arm":{"Weight":1,"CFrame":[0.434739887714386,-0.48193222284317019,-0.03362762928009033,-0.09037760645151138,-0.2824653089046478,0.955010712146759,0.9948878884315491,-0.06899210810661316,0.073745