{"Sequence":[{"Time":0,"poses":{"Left Leg":{"Weight":1,"CFrame":[-0.5072838068008423,0.21984988451004029,-0.10250484943389893,0.9898823499679565,-0.05806557089090347,-0.12946560978889466,0.08328557014465332,0.9764871001243591,0.19883790612220765,0.11487583816051483,-0.20760874450206757,0.9714433550834656],"EasingStyle":"Linear","EasingDirection":"In"},"Right Arm":{"Weight":1,"CFrame":[-0.015535473823547364,-0.33285027742385867,0.39270925521850588,0.37724775075912478,-0.3191233277320862,0.8693932294845581,0.9170685410499573,0.25959667563438418,-0.30264654755592348,-0.12911003828048707,0.9114657640457153,0.3905899226665497],"EasingStyle":"Linear","EasingDirection":"In"},"Left Arm":{"Weight":1,"CFrame":[0.29120609164237978,-0.8562402725219727,0.053633809089660647,0.09030671417713165,0.9838113188743591,-0.15479066967964173,-0.899574339389801,0.14726999402046204,0.4111904501914978,0.42732977867126467,0.10211215168237686,0.8983107805252075],"EasingStyle":"Linear","EasingDirection":"In"},"Right Leg":{"Weight":1,"CFrame":[0.26351118087768557,0.19909948110580445,0.09403085708618164,0.9234525561332703,0.17868731915950776,-0.3395676910877228,-0.11852417141199112,0.9745096564292908,0.1904808133840561,0.3649485409259796,-0.13565310835838319,0.9210922122001648],"EasingStyle":"Linear","EasingDirection":"In"},"Torso":{"Weight":1,"CFrame":[0.005743714049458504,-0.0818508118391037,-0.1569962501525879,0.9902241826057434,-0.13931012153625489,0.006982645019888878,0.1393101066350937,0.9852365255355835,-0.0995074212551117,0.00698283314704895,0.0995073989033699,0.9950123429298401],"EasingStyle":"Linear","EasingDirection":"In"},"HumanoidRootPart":{"Weight":0,"CFrame":[0,0,0,1,0,0,0,1,0,0,0,1],"EasingStyle":"Linear","EasingDirection":"In"},"Head":{"Weight":1,"CFrame":[9.033828973770142e-8,2.153683453798294e-8,0.016662001609802247,0.9997611045837402,-0.02032788097858429,-0.008035046979784966,0.019267354160547258,0.9931511878967285,-0.1152365580201149,0.010322491638362408,0.11505421251058579,0.9933055639266968],"EasingStyle":"Linear","EasingDirection":"In"}}},{"Time":0.03333333507180214,"poses":{"Left Leg":{"Weight":1,"CFrame":[-0.5308294296264648,0.21473383903503419,-0.08154690265655518,0.9861219525337219,-0.10493983328342438,-0.12865109741687776,0.1299307644367218,0.9701944589614868,0.20455005764961244,0.10335110872983933,-0.21842698752880097,0.9703649878501892],"EasingStyle":"Linear","EasingDirection":"In"},"Right Arm":{"Weight":1,"CFrame":[-0.051063649356365207,-0.3115009665489197,0.4175722599029541,0.3602377474308014,-0.32530921697616579,0.8743013143539429,0.9046069383621216,0.35073328018188479,-0.24222403764724732,-0.2278488576412201,0.8781571984291077,0.42062419652938845],"EasingStyle":"Linear","EasingDirection":"In"},"Left Arm":{"Weight":1,"CFrame":[0.12567289173603059,-0.7510436177253723,0.06590688228607178,0.058730196207761767,0.99330073595047,-0.0995214432477951,-0.9004859328269959,0.09574538469314575,0.42421433329582217,0.4309011399745941,0.0647033080458641,0.9000765085220337],"EasingStyle":"Linear","EasingDirection":"In"},"Right Leg":{"Weight":1,"CFrame":[0.3235127627849579,0.22878152132034303,0.0945209264755249,0.92985999584198,0.1896395981311798,-0.31527310609817507,-0.1291937679052353,0.9706565737724304,0.20281723141670228,0.34448421001434328,-0.1478603333234787,0.9270749688148499],"EasingStyle":"Linear","EasingDirection":"In"},"Torso":{"Weight":1,"CFrame":[-0.006500720977783203,-0.0737239271402359,-0.1761462688446045,0.9965152144432068,-0.08303587138652802,-0.007903125137090683,0.0819983258843422,0.9925941824913025,-0.08962742984294892,0.015286886133253575,0.08866705000400543,0.9959440231323242],"EasingStyle":"Linear","EasingDirection":"In"},"HumanoidRootPart":{"Weight":0,"CFrame":[0,0,0,1,0,0,0,1,0,0,0,1],"EasingStyle":"Linear","EasingDirection":"In"},"Head":{"Weight":1,"CFrame":[8.568167686462403e-8,-1.5133991837501526e-9,0.016661643981933595,0.9982035756111145,-0.053688161075115207,-0.026594175025820733,0.05059405043721199,0.9930964708328247,-0.10582849383354187,0.03209233656525612,0.10429289937019348,0.9940286874771118],"EasingStyle":"Linear","EasingDirection":"In"}}},{"Time":0.06666667014360428,"poses":{"Left Leg":{"Weight":1,"CFrame":[-0.5704534649848938,0.18239843845367433,-0.028524458408355714,0.9684358239173889,-0.21380740404129029,-0.12813469767570496,0.23703910410404206,0.948951244354248,0.20809632539749146,0.07710099965333939,-0.23190079629421235,0.969679057598114],"EasingStyle":"Linear","EasingDirection":"In"},"Right Arm":{"Weight":1,"CFrame":[-0.12940378487110139,-0.26320120692253115,0.4766199588775635,0.32383841276168826,-0.345014363527298,0.8809618353843689,0.8374496698379517,0.5377969741821289,-0.09722406417131424,-0.440234899520874,0.7692460417747498,0.4630914628505707],"EasingStyle":"Linear","EasingDirection":"In"},"Left Arm":{"Weight":1,"CFrame":[-0.23899634182453156,-0.5196415185928345,0.09295225143432617,-0.010440090671181679,0.9996394515037537,0.024737147614359857,-0.8964996337890625,-0.020315151661634446,0.4425784945487976,0.44292151927948,-0.017556512728333474,0.8963884711265564],"EasingStyle":"Linear","EasingDirection":"In"},"Right Leg":{"Weight":1,"CFrame":[0.4385247230529785,0.2946901321411133,0.0776909589767456,0.9437872767448425,0.2039336860179901,-0.2601470947265625,-0.14442598819732667,0.9623154997825623,0.23041264712810517,0.2973325848579407,-0.17988862097263337,0.9376745223999023],"EasingStyle":"Linear","EasingDirection":"In"},"Torso":{"Weight":1,"CFrame":[-0.032089464366436008,-0.05092863738536835,-0.21883201599121095,0.99832683801651,0.04268045723438263,-0.03901179879903793,-0.045045942068099979,0.9970644116401672,-0.06191480904817581,0.036254722625017169,0.06356853246688843,0.9973187446594238],"EasingStyle":"Linear","EasingDirection":"In"},"HumanoidRootPart":{"Weight":0,"CFrame":[0,0,0,1,0,0,0,1,0,0,0,1],"EasingStyle":"Linear","EasingDirection":"In"},"Head":{"Weight":1,"CFrame":[8.66129994392395e-8,8.381903171539307e-9,0.016662240028381349,0.9895094037055969,-0.1258716732263565,-0.07090472429990769,0.1188310757279396,0.9882591962814331,-0.0960364043712616,0.08216048777103424,0.08660320937633515,0.9928491711616516],"EasingStyle":"Linear","EasingDirection":"In"}}},{"Time":0.10000000149011612,"poses":{"Left Leg":{"Weight":1,"CFrame":[-0.5876665115356445,0.11917519569396973,0.03412652015686035,0.9354187846183777,-0.3289479911327362,-0.12955650687217713,0.3493230938911438,0.9164034724235535,0.19539211690425874,0.054452162235975268,-0.22803056240081788,0.9721301794052124],"EasingStyle":"Linear","EasingDirection":"In"},"Right Arm":{"Weight":1,"CFrame":[-0.20794151723384858,-0.211407870054245,0.5479768514633179,0.29157382249832156,-0.3717800974845886,0.881342351436615,0.7197133898735046,0.6921772956848145,0.053881604224443439,-0.6300772428512573,0.6186033487319946,0.46939587593078616],"EasingStyle":"Linear","EasingDirection":"In"},"Left Arm":{"Weight":1,"CFrame":[-0.604339599609375,-0.28818386793136599,0.12012755870819092,-0.07745757699012757,0.9857146143913269,0.14955578744411469,-0.8843272924423218,-0.1371976137161255,0.44625332951545718,0.4603971540927887,-0.09769074618816376,0.8823213577270508],"EasingStyle":"Linear","EasingDirection":"In"},"Right Leg":{"Weight":1,"CFrame":[0.5365229845046997,0.3590899705886841,0.04116654396057129,0.9560880661010742,0.21159480512142182,-0.20278853178024293,-0.15578752756118775,0.9529905915260315,0.25988295674324038,0.2482454776763916,-0.21687906980514527,0.9441068172454834],"EasingStyle":"Linear","EasingDirection":"In"},"Torso":{"Weight":1,"CFrame":[-0.05491706728935242,-0.019055094569921495,-0.2624990940093994,0.983413577079773,0.16864272952079774,-0.06676372140645981,-0.17050206661224366,0.9850849509239197,-0.023165589198470117,0.061861228197813037,0.034164708107709888,0.9974998831748962],"EasingStyle":"Linear","EasingDirection":"In"},"HumanoidRootPart":{"Weight":0,"CFrame":[0,0,0,1,0,0,0,1,0,0,0,1],"EasingStyle":"Linear","EasingDirection":"In"},"Head":{"Weight":1,"CFrame":[5.587935447692871e-8,-9.313225746154785e-9,0.016662001609802247,0.9739133715629578,-0.1944589465856552,-0.11695493012666702,0.18263636529445649,0.9776022434234619,-0.10458417236804962,0.1346726417541504,0.08049570769071579,0.987615168094635],"EasingStyle":"Linear","EasingDirection":"In"}}},{"Time":0.13333334028720857,"poses":{"Left Leg":{"Weight":1,"CFrame":[-0.5829075574874878,0.06951963901519776,0.0659341812133789,0.9097505211830139,-0.39305663108825686,-0.13364337384700776,0.412151575088501,0.8937464952468872,0.17705444991588593,0.04985084757208824,-0.21615667641162873,0.9750851988792419],"EasingStyle":"Linear","EasingDirection":"In"},"Right Arm":{"Weight":1,"CFrame":[-0.2436833679676056,-0.17743143439292909,0.6120202541351318,0.27903127670288088,-0.3855952024459839,0.8794645667076111,0.6525977849960327,0.7479966878890991,0.12090174853801727,-0.7044556140899658,0.5402011871337891,0.46035292744636538],"EasingStyle":"Linear","EasingDirection":"In"},"Left Arm":{"Weight":1,"CFrame":[-0.7706161737442017,-0.1829240918159485,0.132543683052063,-0.1066582053899765,0.9728397727012634,0.20544281601905824,-0.8762044310569763,-0.1896294206380844,0.44306498765945437,0.4699891209602356,-0.13275359570980073,0.8726320266723633],"EasingStyle":"Linear","EasingDirection":"In"},"Right Leg":{"Weight":1,"CFrame":[0.5843040347099304,0.3819275498390198,0.018027544021606447,0.9577311873435974,0.23004238307476045,-0.1727178990840912,-0.17597901821136475,0.9434899091720581,0.2808169722557068,0.22755743563175202,-0.23855245113372804,0.944092333316803],"EasingStyle":"Linear","EasingDirection":"In"},"Torso":{"Weight":1,"CFrame":[-0.06424736976623535,0.010393677279353142,-0.28293752670288088,0.9710544943809509,0.2257266640663147,-0.07810670882463455,-0.22543592751026154,0.9741760492324829,0.0126357926055789,0.07894192636013031,0.005338015966117382,0.996864914894104],"EasingStyle":"Linear","EasingDirection":"In"},"HumanoidRootPart":{"Weight":0,"CFrame":[0,0,0,1,0,0,0,1,0,0,0,1],"EasingStyle":"Linear","EasingDirection":"In"},"Head":{"Weight":1,"CFrame":[7.450580596923828e-8,-7.450580596923828e-9,0.016661763191223146,0.9659522771835327,-0.2212781012058258,-0.13406039774417878,0.20459432899951936,0.970482587814331,-0.12768955528736115,0.15835820138454438,0.09591399878263474,0.9827121496200562],"EasingStyle":"Linear","EasingDirection":"In"}}},{"Time":0.1666666716337204,"poses":{"Left Leg":{"Weight":1,"CFrame":[-0.5886842012405396,0.05562025308609009,0.04144001007080078,0.9015519022941589,-0.4050973653793335,-0.15198801457881928,0.42755910754203799,0.8879625797271729,0.16945688426494599,0.06631311029195786,-0.21775799989700318,0.9737474322319031],"EasingStyle":"Linear","EasingDirection":"In"},"Right Arm":{"Weight":1,"CFrame":[-0.24258235096931458,-0.1627642810344696,0.656436562538147,0.28157174587249758,-0.38475126028060915,0.8790243864059448,0.6688115000724793,0.7355848550796509,0.10773168504238129,-0.6880468726158142,0.5575673580169678,0.46444594860076907],"EasingStyle":"Linear","EasingDirection":"In"},"Left Arm":{"Weight":1,"CFrame":[-0.7703744173049927,-0.18219950795173646,0.13269448280334474,-0.09002633392810822,0.977554440498352,0.19047969579696656,-0.8802260756492615,-0.16757461428642274,0.44398292899131777,0.4659369885921478,-0.12769518792629243,0.8755550384521484],"EasingStyle":"Linear","EasingDirection":"In"},"Right Leg":{"Weight":1,"CFrame":[0.5955768823623657,0.36995112895965578,0.02081453800201416,0.9487089514732361,0.2647038698196411,-0.17286743223667146,-0.20682400465011598,0.9331941604614258,0.2938919961452484,0.23911328613758088,-0.24306482076644898,0.9400767683982849],"EasingStyle":"Linear","EasingDirection":"In"},"Torso":{"Weight":1,"CFrame":[-0.06492699682712555,0.029938220977783204,-0.28347206115722659,0.9738023281097412,0.21325717866420747,-0.07893295586109162,-0.21096685528755189,0.976815402507782,0.03639642149209976,0.08486472815275192,-0.018790682777762414,0.996215283870697],"EasingStyle":"Linear","EasingDirection":"In"},"HumanoidRootPart":{"Weight":0,"CFrame":[0,0,0,1,0,0,0,1,0,0,0,1],"EasingStyle":"Linear","EasingDirection":"In"},"Head":{"Weight":1,"CFrame":[9.685754776000977e-8,-5.587935447692871e-9,0.016661882400512697,0.9723079204559326,-0.20282962918281556,-0.11609219759702683,0.1854960173368454,0.9719540476799011,-0.1445566564798355,0.14215663075447083,0.11901889741420746,0.9826626777648926],"EasingStyle":"Linear","EasingDirection":"In"}}},{"Time":0.20000000298023225,"poses":{"Left Leg":{"Weight":1,"CFrame":[-0.6080925464630127,0.05521214008331299,-0.018987298011779786,0.8971952795982361,-0.40006351470947268,-0.18705570697784425,0.43056032061576846,0.8866179585456848,0.16889750957489015,0.09827719628810883,-0.23207275569438935,0.9677209258079529],"EasingStyle":"Linear","EasingDirection":"In"},"Right Arm":{"Weight":1,"CFrame":[-0.23996327817440034,-0.15451988577842713,0.684326171875,0.2876817584037781,-0.38295674324035647,0.87782883644104,0.7058738470077515,0.7042586803436279,0.07590706646442414,-0.6472876071929932,0.5977991819381714,0.4729214310646057],"EasingStyle":"Linear","EasingDirection":"In"},"Left Arm":{"Weight":1,"CFrame":[-0.7698663473129273,-0.18045160174369813,0.13307130336761475,-0.04988400638103485,0.9867134094238281,0.15462279319763184,-0.8882719278335571,-0.11460808664560318,0.4447900056838989,0.45660117268562319,-0.11515932530164719,0.8821868300437927],"EasingStyle":"Linear","EasingDirection":"In"},"Right Leg":{"Weight":1,"CFrame":[0.5994068384170532,0.3569701910018921,0.031113743782043458,0.9361044764518738,0.3001664876937866,-0.18332605063915254,-0.23607830703258515,0.9225885272026062,0.3051188588142395,0.2607210874557495,-0.24234384298324586,0.9345020055770874],"EasingStyle":"Linear","EasingDirection":"In"},"Torso":{"Weight":1,"CFrame":[-0.06589813530445099,0.041945092380046847,-0.2840762138366699,0.9800736308097839,0.18176200985908509,-0.08011357486248017,-0.17807964980602265,0.9826939105987549,0.05099337175488472,0.08799578249454498,-0.035710662603378299,0.9954805374145508],"EasingStyle":"Linear","EasingDirection":"In"},"HumanoidRootPart":{"Weight":0,"CFrame":[0,0,0,1,0,0,0,1,0,0,0,1],"EasingStyle":"Linear","EasingDirection":"In"},"Head":{"Weight":1,"CFrame":[6.51925802230835e-8,-9.313225746154785e-9,0.016661643981933595,0.9825358986854553,-0.16662812232971192,-0.08281507343053818,0.15317314863204957,0.9769837856292725,-0.14846105873584748,0.1056467667222023,0.1331833004951477,0.9854445457458496],"EasingStyle":"Linear","EasingDirection":"In"}}},{"Time":0.23333333432674409,"poses":{"Left Leg":{"Weight":1,"CFrame":[-0.6310098171234131,0.06109267473220825,-0.09159553050994873,0.8939618468284607,-0.38658079504966738,-0.22668825089931489,0.4274081289768219,0.887561559677124,0.17192059755325318,0.13473856449127198,-0.2505788505077362,0.9586739540100098],"EasingStyle":"Linear","EasingDirection":"In"},"Right Arm":{"Weight":1,"CFrame":[-0.23684945702552796,-0.15096324682235719,0.6994541883468628,0.29503536224365237,-0.38122785091400149,0.8761390447616577,0.7469313740730286,0.663852334022522,0.037331677973270419,-0.5958588123321533,0.6434014439582825,0.48061078786849978],"EasingStyle":"Linear","EasingDirection":"In"},"Left Arm":{"Weight":1,"CFrame":[-0.76938796043396,-0.17833659052848817,0.13355183601379395,-0.0012918153079226614,0.9937421679496765,0.11169054359197617,-0.8949758410453796,-0.050975725054740909,0.44319266080856326,0.4461126923561096,-0.09938793629407883,0.8894410729408264],"EasingStyle":"Linear","EasingDirection":"In"},"Right Leg":{"Weight":1,"CFrame":[0.5976991653442383,0.34474122524261477,0.044458746910095218,0.9225398898124695,0.33116888999938967,-0.1981091946363449,-0.2603940963745117,0.9130908846855164,0.3137832283973694,0.2848069965839386,-0.23789113759994508,0.9285972118377686],"EasingStyle":"Linear","EasingDirection":"In"},"Torso":{"Weight":1,"CFrame":[-0.06701883673667908,0.048223525285720828,-0.284512996673584,0.9862854480743408,0.14353634417057038,-0.08147603273391724,-0.13902319967746736,0.9885522127151489,0.05862617492675781,0.08895830065011978,-0.04649508744478226,0.9949495792388916],"EasingStyle":"Linear","EasingDirection":"In"},"HumanoidRootPart":{"Weight":0,"CFrame":[0,0,0,1,0,0,0,1,0,0,0,1],"EasingStyle":"Linear","EasingDirection":"In"},"Head":{"Weight":1,"CFrame":[5.960464477539063e-8,7.450580596923828e-9,0.016662120819091798,0.9911391735076904,-0.12505342066287995,-0.04477540776133537,0.1172761470079422,0.982151448726654,-0.14705373346805573,0.06236574426293373,0.14049963653087617,0.9881145358085632],"EasingStyle":"Linear","EasingDirection":"In"}}},{"Time":0.2666666805744171,"poses":{"Left Leg":{"Weight":1,"CFrame":[-0.6491700410842896,0.06762999296188355,-0.15254086256027223,0.8910624980926514,-0.37282150983810427,-0.2588663101196289,0.4229574203491211,0.8889759182929993,0.17558155953884126,0.1646653115749359,-0.2659434974193573,0.9498206973075867],"EasingStyle":"Linear","EasingDirection":"In"},"Right Arm":{"Weight":1,"CFrame":[-0.23425108194351197,-0.1502516269683838,0.7056525945663452,0.3012111783027649,-0.3801346719264984,0.8745110034942627,0.7784645557403565,0.62767094373703,0.004708004184067249,-0.5506947636604309,0.679357647895813,0.48498281836509707],"EasingStyle":"Linear","EasingDirection":"In"},"Left Arm":{"Weight":1,"CFrame":[-0.7690969705581665,-0.1765500009059906,0.13397765159606934,0.03977181762456894,0.9963294863700867,0.07580038905143738,-0.8981336951255798,0.0023984345607459547,0.4397161602973938,0.4379201829433441,-0.08556733280420304,0.8949323892593384],"EasingStyle":"Linear","EasingDirection":"In"},"Right Leg":{"Weight":1,"CFrame":[0.5936245322227478,0.3355679512023926,0.055989980697631839,0.9114857912063599,0.35291385650634768,-0.21129463613033296,-0.27688467502593996,0.9062977433204651,0.3193106949329376,0.30418509244918826,-0.23254288733005525,0.9237939715385437],"EasingStyle":"Linear","EasingDirection":"In"},"Torso":{"Weight":1,"CFrame":[-0.06790561974048615,0.050614625215530398,-0.2847309112548828,0.9903621673583984,0.11120983213186264,-0.08255412429571152,-0.10631246119737625,0.9924269914627075,0.061533067375421527,0.08877202868461609,-0.052163489162921908,0.9946851134300232],"EasingStyle":"Linear","EasingDirection":"In"},"HumanoidRootPart":{"Weight":0,"CFrame":[0,0,0,1,0,0,0,1,0,0,0,1],"EasingStyle":"Linear","EasingDirection":"In"},"Head":{"Weight":1,"CFrame":[1.126900315284729e-7,-3.725290298461914e-9,0.01666247844696045,0.9957852959632874,-0.09074784815311432,-0.01328220497816801,0.08787918835878372,0.9855254888534546,-0.14497160911560059,0.026245838031172754,0.14319337904453278,0.9893466830253601],"EasingStyle":"Linear","EasingDirection":"In"}}},{"Time":0.30000001192092898,"poses":{"Left Leg":{"Weight":1,"CFrame":[-0.6564753651618958,0.07065927982330322,-0.17810213565826417,0.8897237181663513,-0.36654412746429446,-0.2720976173877716,0.4207589030265808,0.8896676898002625,0.17735090851783753,0.1770695000886917,-0.272280752658844,0.9457851648330689],"EasingStyle":"Linear","EasingDirection":"In"},"Right Arm":{"Weight":1,"CFrame":[-0.23316434025764466,-0.15044903755187989,0.7068419456481934,0.30379652976989748,-0.3797732889652252,0.8737733364105225,0.7908714413642883,0.6119160056114197,-0.009012298658490181,-0.5312532782554627,0.693780243396759,0.4862498342990875],"EasingStyle":"Linear","EasingDirection":"In"},"Left Arm":{"Weight":1,"CFrame":[-0.7690050005912781,-0.17579928040504456,0.13416218757629395,0.057037778198719028,0.996518075466156,0.06081417202949524,-0.8987887501716614,0.024733511731028558,0.4376837909221649,0.4346555173397064,-0.07962372899055481,0.8970699906349182],"EasingStyle":"Linear","EasingDirection":"In"},"Right Leg":{"Weight":1,"CFrame":[0.5913289189338684,0.3319697380065918,0.0608745813369751,0.906927764415741,0.36109933257102969,-0.21700075268745423,-0.2829607129096985,0.9037314057350159,0.321251779794693,0.31211423873901369,-0.229949489235878,0.9217960834503174],"EasingStyle":"Linear","EasingDirection":"In"},"Torso":{"Weight":1,"CFrame":[-0.06824445724487305,0.05099460482597351,-0.28478240966796877,0.9917623996734619,0.09759113937616348,-0.08296604454517365,-0.09260261058807373,0.9937713146209717,0.061995021998882297,0.08849943429231644,-0.053801458328962329,0.9946221709251404],"EasingStyle":"Linear","EasingDirection":"In"},"HumanoidRootPart":{"Weight":0,"CFrame":[0,0,0,1,0,0,0,1,0,0,0,1],"EasingStyle":"Linear","EasingDirection":"In"},"Head":{"Weight":1,"CFrame":[5.3085386753082278e-8,-2.0489096641540528e-8,0.0166623592376709,0.9970710277557373,-0.07648114114999771,-0.0001523964892840013,0.07566201686859131,0.9866790771484375,-0.14401255548000337,0.01116456650197506,0.14357924461364747,0.9895758628845215],"EasingStyle":"Linear","EasingDirection":"In"}}},{"Time":0.3333333432674408,"poses":{"Left Leg":{"Weight":1,"CFrame":[-0.6564753651618958,0.07065927982330322,-0.17810213565826417,0.8897237181663513,-0.36654412746429446,-0.2720976173877716,0.4207589030265808,0.8896676898002625,0.17735090851783753,0.1770695000886917,-0.272280752658844,0.9457851648330689],"EasingStyle":"Linear","EasingDirection":"In"},"Right Arm":{"Weight":1,"CFrame":[-0.23316434025764466,-0.15044903755187989,0.7068419456481934,0.30379652976989748,-0.3797732889652252,0.8737733364105225,0.7908714413642883,0.6119160056114197,-0.009012298658490181,-0.5312532782554627,0.693780243396759,0.4862498342990875],"EasingStyle":"Linear","EasingDirection":"In"},"Left Arm":{"Weight":1,"CFrame":[-0.7690050005912781,-0.17579928040504456,0.13416218757629395,0.057037778198719028,0.996518075466156,0.06081417202949524,-0.8987887501716614,0.024733511731028558,0.4376837909221649,0.4346555173397064,-0.07962372899055481,0.8970699906349182],"EasingStyle":"Linear","EasingDirection":"In"},"Right Leg":{"Weight":1,"CFrame":[0.5913289189338684,0.3319697380065918,0.0608745813369751,0.906927764415741,0.36109933257102969,-0.21700075268745423,-0.2829607129096985,0.9037314057350159,0.321251779794693,0.31211423873901369,-0.229949489235878,0.9217960834503174],"EasingStyle":"Linear","EasingDirection":"In"},"Torso":{"Weight":1,"CFrame":[-0.06824445724487305,0.05099460482597351,-0.28478240966796877,0.9917623996734619,0.09759113937616348,-0.08296604454517365,-0.09260261058807373,0.9937713146209717,0.061995021998882297,0.08849943429231644,-0.053801458328962329,0.9946221709251404],"EasingStyle":"Linear","EasingDirection":"In"},"HumanoidRootPart":{"Weight":0,"CFrame":[0,0,0,1,0,0,0,1,0,0,0,1],"EasingStyle":"Linear","EasingDirection":"In"},"Head":{"Weight":1,"CFrame":[5.3085386753082278e-8,-2.0489096641540528e-8,0.0166623592376709,0.9970710277557373,-0.07648114114999771,-0.0001523964892840013,0.07566201686859131,0.9866790771484375,-0.14401255548000337,0.01116456650197506,0.14357924461364747,0.9895758628845215],"EasingStyle":"Linear","EasingDirection":"In"}}},{"Time":0.36666667461395266,"poses":{"Left Leg":{"Weight":1,"CFrame":[-0.6564753651618958,0.07065927982330322,-0.17810213565826417,0.8897237181663513,-0.36654412746429446,-0.2720976173877716,0.4207589030265808,0.8896676898002625,0.17735090851783753,0.1770695000886917,-0.272280752658844,0.9457851648330689],"EasingStyle":"Linear","EasingDirection":"In"},"Right Arm":{"Weight":1,"CFrame":[-0.23316434025764466,-0.15044903755187989,0.7068419456481934,0.30379652976989748,-0.3797732889652252,0.8737733364105225,0.7908714413642883,0.6119160056114197,-0.009012298658490181,-0.5312532782554627,0.693780243396759,0.4862498342990875],"EasingStyle":"Linear","EasingDirection":"In"},"Left Arm":{"Weight":1,"CFrame":[-0.7690050005912781,-0.17579928040504456,0.13416218757629395,0.057037778198719028,0.996518075466156,0.06081417202949524,-0.8987887501716614,0.024733511731028558,0.4376837909221649,0.4346555173397064,-0.07962372899055481,0.8970699906349182],"EasingStyle":"Linear","EasingDirection":"In"},"Right Leg":{"Weight":1,"CFrame":[0.5913289189338684,0.3319697380065918,0.0608745813369751,0.906927764415741,0.36109933257102969,-0.21700075268745423,-0.2829607129096985,0.9037314057350159,0.321251779794693,0.31211423873901369,-0.229949489235878,0.9217960834503174],"EasingStyle":"Linear","EasingDirection":"In"},"Torso":{"Weight":1,"CFrame":[-0.06824445724487305,0.05099460482597351,-0.28478240966796877,0.9917623996734619,0.09759113937616348,-0.08296604454517365,-0.09260261058807373,0.9937713146209717,0.061995021998882297,0.08849943429231644,-0.053801458328962329,0.9946221709251404],"EasingStyle":"Linear","EasingDirection":"In"},"HumanoidRootPart":{"Weight":0,"CFrame":[0,0,0,1,0,0,0,1,0,0,0,1],"EasingStyle":"Linear","EasingDirection":"In"},"Head":{"Weight":1,"CFrame":[5.3085386753082278e-8,-2.0489096641540528e-8,0.0166623592376709,0.9970710277557373,-0.07648114114999771,-0.0001523964892840013,0.07566201686859131,0.9866790771484375,-0.14401255548000337,0.01116456650197506,0.14357924461364747,0.9895758628845215],"EasingStyle":"Linear","EasingDirection":"In"}}},{"Time":0.4000000059604645,"poses":{"Left Leg":{"Weight":1,"CFrame":[-0.6564753651618958,0.07065927982330322,-0.17810213565826417,0.8897237181663513,-0.36654412746429446,-0.2720976173877716,0.4207589030265808,0.8896676898002625,0.17735090851783753,0.1770695000886917,-0.272280752658844,0.9457851648330689],"EasingStyle":"Linear","EasingDirection":"In"},"Right Arm":{"Weight":1,"CFrame":[-0.23316434025764466,-0.15044903755187989,0.7068419456481934,0.30379652976989748,-0.3797732889652252,0.8737733364105225,0.7908714413642883,0.6119160056114197,-0.009012298658490181,-0.5312532782554627,0.693780243396759,0.4862498342990875],"EasingStyle":"Linear","EasingDirection":"In"},"Left Arm":{"Weight":1,"CFrame":[-0.7690050005912781,-0.17579928040504456,0.13416218757629395,0.057037778198719028,0.996518075466156,0.06081417202949524,-0.8987887501716614,0.024733511731028558,0.4376837909221649,0.4346555173397064,-0.07962372899055481,0.8970699906349182],"EasingStyle":"Linear","EasingDirection":"In"},"Right Leg":{"Weight":1,"CFrame":[0.5913289189338684,0.3319697380065918,0.0608745813369751,0.906927764415741,0.36109933257102969,-0.21700075268745423,-0.2829607129096985,0.9037314057350159,0.321251779794693,0.31211423873901369,-0.229949489235878,0.9217960834503174],"EasingStyle":"Linear","EasingDirection":"In"},"Torso":{"Weight":1,"CFrame":[-0.06824445724487305,0.05099460482597351,-0.28478240966796877,0.9917623996734619,0.09759113937616348,-0.08296604454517365,-0.09260261058807373,0.9937713146209717,0.061995021998882297,0.08849943429231644,-0.053801458328962329,0.9946221709251404],"EasingStyle":"Linear","EasingDirection":"In"},"HumanoidRootPart":{"Weight":0,"CFrame":[0,0,0,1,0,0,0,1,0,0,0,1],"EasingStyle":"Linear","EasingDirection":"In"},"Head":{"Weight":1,"CFrame":[5.3085386753082278e-8,-2.0489096641540528e-8,0.0166623592376709,0.9970710277557373,-0.07648114114999771,-0.0001523964892840013,0.07566201686859131,0.9866790771484375,-0.14401255548000337,0.01116456650197506,0.14357924461364747,0.9895758628845215],"EasingStyle":"Linear","EasingDirection":"In"}}},{"Time":0.4333333373069763,"poses":{"Left Leg":{"Weight":1,"CFrame":[-0.6564753651618958,0.07065927982330322,-0.17810213565826417,0.8897237181663513,-0.36654412746429446,-0.2720976173877716,0.4207589030265808,0.8896676898002625,0.17735090851783753,0.1770695000886917,-0.272280752658844,0.9457851648330689],"EasingStyle":"Linear","EasingDirection":"In"},"Right Arm":{"Weight":1,"CFrame":[-0.23316434025764466,-0.15044903755187989,0.7068419456481934,0.30379652976989748,-0.3797732889652252,0.8737733364105225,0.7908714413642883,0.6119160056114197,-0.009012298658490181,-0.5312532782554627,0.693780243396759,0.4862498342990875],"EasingStyle":"Linear","EasingDirection":"In"},"Left Arm":{"Weight":1,"CFrame":[-0.7690050005912781,-0.17579928040504456,0.13416218757629395,0.057037778198719028,0.996518075466156,0.06081417202949524,-0.8987887501716614,0.024733511731028558,0.4376837909221649,0.4346555173397064,-0.07962372899055481,0.8970699906349182],"EasingStyle":"Linear","EasingDirection":"In"},"Right Leg":{"Weight":1,"CFrame":[0.5913289189338684,0.3319697380065918,0.0608745813369751,0.906927764415741,0.36109933257102969,-0.21700075268745423,-0.2829607129096985,0.9037314057350159,0.321251779794693,0.31211423873901369,-0.229949489235878,0.9217960834503174],"EasingStyle":"Linear","EasingDirection":"In"},"Torso":{"Weight":1,"CFrame":[-0.06824445724487305,0.05099460482597351,-0.28478240966796877,0.9917623996734619,0.09759113937616348,-0.08296604454517365,-0.09260261058807373,0.9937713146209717,0.061995021998882297,0.08849943429231644,-0.053801458328962329,0.9946221709251404],"EasingStyle":"Linear","EasingDirection":"In"},"HumanoidRootPart":{"Weight":0,"CFrame":[0,0,0,1,0,0,0,1,0,0,0,1],"EasingStyle":"Linear","EasingDirection":"In"},"Head":{"Weight":1,"CFrame":[5.3085386753082278e-8,-2.0489096641540528e-8,0.0166623592376709,0.9970710277557373,-0.07648114114999771,-0.0001523964892840013,0.07566201686859131,0.9866790771484375,-0.14401255548000337,0.01116456650197506,0.14357924461364747,0.9895758628845215],"EasingStyle":"Linear","EasingDirection":"In"}}},{"Time":0.46666666865348818,"poses":{"Left Leg":{"Weight":1,"CFrame":[-0.6564753651618958,0.07065927982330322,-0.17810213565826417,0.8897237181663513,-0.36654412746429446,-0.2720976173877716,0.4207589030265808,0.8896676898002625,0.17735090851783753,0.1770695000886917,-0.272280752658844,0.9457851648330689],"EasingStyle":"Linear","EasingDirection":"In"},"Right Arm":{"Weight":1,"CFrame":[-0.23316434025764466,-0.15044903755187989,0.7068419456481934,0.30379652976989748,-0.3797732889652252,0.8737733364105225,0.7908714413642883,0.6119160056114197,-0.009012298658490181,-0.5312532782554627,0.693780243396759,0.4862498342990875],"EasingStyle":"Linear","EasingDirection":"In"},"Left Arm":{"Weight":1,"CFrame":[-0.7690050005912781,-0.17579928040504456,0.13416218757629395,0.057037778198719028,0.996518075466156,0.06081417202949524,-0.8987887501716614,0.024733511731028558,0.4376837909221649,0.4346555173397064,-0.07962372899055481,0.8970699906349182],"EasingStyle":"Linear","EasingDirection":"In"},"Right Leg":{"Weight":1,"CFrame":[0.5913289189338684,0.3319697380065918,0.0608745813369751,0.906927764415741,0.36109933257102969,-0.21700075268745423,-0.2829607129096985,0.9037314057350159,0.321251779794693,0.31211423873901369,-0.229949489235878,0.9217960834503174],"EasingStyle":"Linear","EasingDirection":"In"},"Torso":{"Weight":1,"CFrame":[-0.06824445724487305,0.05099460482597351,-0.28478240966796877,0.9917623996734619,0.09759113937616348,-0.08296604454517365,-0.09260261058807373,0.9937713146209717,0.061995021998882297,0.08849943429231644,-0.053801458328962329,0.9946221709251404],"EasingStyle":"Linear","EasingDirection":"In"},"HumanoidRootPart":{"Weight":0,"CFrame":[0,0,0,1,0,0,0,1,0,0,0,1],"EasingStyle":"Linear","EasingDirection":"In"},"Head":{"Weight":1,"CFrame":[5.3085386753082278e-8,-2.0489096641540528e-8,0.0166623592376709,0.9970710277557373,-0.07648114114999771,-0.0001523964892840013,0.07566201686859131,0.9866790771484375,-0.14401255548000337,0.01116456650197506,0.14357924461364747,0.9895758628845215],"EasingStyle":"Linear","EasingDirection":"In"}}},{"Time":0.5,"poses":{"Left Leg":{"Weight":1,"CFrame":[-0.6564753651618958,0.07065927982330322,-0.17810213565826417,0.8897237181663513,-0.36654412746429446,-0.2720976173877716,0.4207589030265808,0.8896676898002625,0.17735090851783753,0.1770695000886917,-0.272280752658844,0.9457851648330689],"EasingStyle":"Linear","EasingDirection":"In"},"Right Arm":{"Weight":1,"CFrame":[-0.23316434025764466,-0.15044903755187989,0.7068419456481934,0.30379652976989748,-0.3797732889652252,0.8737733364105225,0.7908714413642883,0.6119160056114197,-0.009012298658490181,-0.5312532782554627,0.693780243396759,0.4862498342990875],"EasingStyle":"Linear","EasingDirection":"In"},"Left Arm":{"Weight":1,"CFrame":[-0.7690050005912781,-0.17579928040504456,0.13416218757629395,0.057037778198719028,0.996518075466156,0.06081417202949524,-0.8987887501716614,0.024733511731028558,0.4376837909221649,0.4346555173397064,-0.07962372899055481,0.8970699906349182],"EasingStyle":"Linear","EasingDirection":"In"},"Right Leg":{"Weight":1,"CFrame":[0.5913289189338684,0.3319697380065918,0.0608745813369751,0.906927764415741,0.36109933257102969,-0.21700075268745423,-0.2829607129096985,0.9037314057350159,0.321251779794693,0.31211423873901369,-0.229949489235878,0.9217960834503174],"EasingStyle":"Linear","EasingDirection":"In"},"Torso":{"Weight":1,"CFrame":[-0.06824445724487305,0.05099460482597351,-0.28478240966796877,0.9917623996734619,0.09759113937616348,-0.08296604454517365,-0.09260261058807373,0.9937713146209717,0.061995021998882297,0.08849943429231644,-0.053801458328962329,0.9946221709251404],"EasingStyle":"Linear","EasingDirection":"In"},"HumanoidRootPart":{"Weight":0,"CFrame":[0,0,0,1,0,0,0,1,0,0,0,1],"EasingStyle":"Linear","EasingDirection":"In"},"Head":{"Weight":1,"CFrame":[5.3085386753082278e-8,-2.0489096641540528e-8,0.0166623592376709,0.9970710277557373,-0.07648114114999771,-0.0001523964892840013,0.07566201686859131,0.9866790771484375,-0.14401255548000337,0.01116456650197506,0.14357924461364747,0.9895758628845215],"EasingStyle":"Linear","EasingDirection":"In"}}},{"Time":0.5333333611488342,"poses":{"Left Leg":{"Weight":1,"CFrame":[-0.6564753651618958,0.07065927982330322,-0.17810213565826417,0.8897237181663513,-0.36654412746429446,-0.2720976173877716,0.4207589030265808,0.8896676898002625,0.17735090851783753,0.1770695000886917,-0.272280752658844,0.9457851648330689],"EasingStyle":"Linear","EasingDirection":"In"},"Right Arm":{"Weight":1,"CFrame":[-0.23316434025764466,-0.15044903755187989,0.7068419456481934,0.30379652976989748,-0.3797732889652252,0.8737733364105225,0.7908714413642883,0.6119160056114197,-0.009012298658490181,-0.5312532782554627,0.693780243396759,0.4862498342990875],"EasingStyle":"Linear","EasingDirection":"In"},"Left Arm":{"Weight":1,"CFrame":[-0.7690050005912781,-0.17579928040504456,0.13416218757629395,0.057037778198719028,0.996518075466156,0.06081417202949524,-0.8987887501716614,0.024733511731028558,0.4376837909221649,0.4346555173397064,-0.07962372899055481,0.8970699906349182],"EasingStyle":"Linear","EasingDirection":"In"},"Right Leg":{"Weight":1,"CFrame":[0.5913289189338684,0.3319697380065918,0.0608745813369751,0.906927764415741,0.36109933257102969,-0.21700075268745423,-0.2829607129096985,0.9037314057350159,0.321251779794693,0.31211423873901369,-0.229949489235878,0.9217960834503174],"EasingStyle":"Linear","EasingDirection":"In"},"Torso":{"Weight":1,"CFrame":[-0.06824445724487305,0.05099460482597351,-0.28478240966796877,0.9917623996734619,0.09759113937616348,-0.08296604454517365,-0.09260261058807373,0.9937713146209717,0.061995021998882297,0.08849943429231644,-0.053801458328962329,0.9946221709251404],"EasingStyle":"Linear","EasingDirection":"In"},"HumanoidRootPart":{"Weight":0,"CFrame":[0,0,0,1,0,0,0,1,0,0,0,1],"EasingStyle":"Linear","EasingDirection":"In"},"Head":{"Weight":1,"CFrame":[5.3085386753082278e-8,-2.0489096641540528e-8,0.0166623592376709,0.9970710277557373,-0.07648114114999771,-0.0001523964892840013,0.07566201686859131,0.9866790771484375,-0.14401255548000337,0.01116456650197506,0.14357924461364747,0.9895758628845215],"EasingStyle":"Linear","EasingDirection":"In"}}},{"Time":0.5666666626930237,"poses":{"Left Leg":{"Weight":1,"CFrame":[-0.6564753651618958,0.07065927982330322,-0.17810213565826417,0.8897237181663513,-0.36654412746429446,-0.2720976173877716,0.4207589030265808,0.8896676898002625,0.17735090851783753,0.1770695000886917,-0.272280752658844,0.9457851648330689],"EasingStyle":"Linear","EasingDirection":"In"},"Right Arm":{"Weight":1,"CFrame":[-0.23316434025764466,-0.15044903755187989,0.7068419456481934,0.30379652976989748,-0.3797732889652252,0.8737733364105225,0.7908714413642883,0.6119160056114197,-0.009012298658490181,-0.5312532782554627,0.693780243396759,0.4862498342990875],"EasingStyle":"Linear","EasingDirection":"In"},"Left Arm":{"Weight":1,"CFrame":[-0.7690050005912781,-0.17579928040504456,0.13416218757629395,0.057037778198719028,0.996518075466156,0.06081417202949524,-0.8987887501716614,0.024733511731028558,0.4376837909221649,0.4346555173397064,-0.07962372899055481,0.8970699906349182],"EasingStyle":"Linear","EasingDirection":"In"},"Right Leg":{"Weight":1,"CFrame":[0.5913289189338684,0.3319697380065918,0.0608745813369751,0.906927764415741,0.36109933257102969,-0.21700075268745423,-0.2829607129096985,0.9037314057350159,0.321251779794693,0.31211423873901369,-0.229949489235878,0.9217960834503174],"EasingStyle":"Linear","EasingDirection":"In"},"Torso":{"Weight":1,"CFrame":[-0.06824445724487305,0.05099460482597351,-0.28478240966796877,0.9917623996734619,0.09759113937616348,-0.08296604454517365,-0.09260261058807373,0.9937713146209717,0.061995021998882297,0.08849943429231644,-0.053801458328962329,0.9946221709251404],"EasingStyle":"Linear","EasingDirection":"In"},"HumanoidRootPart":{"Weight":0,"CFrame":[0,0,0,1,0,0,0,1,0,0,0,1],"EasingStyle":"Linear","EasingDirection":"In"},"Head":{"Weight":1,"CFrame":[5.3085386753082278e-8,-2.0489096641540528e-8,0.0166623592376709,0.9970710277557373,-0.07648114114999771,-0.0001523964892840013,0.07566201686859131,0.9866790771484375,-0.14401255548000337,0.01116456650197506,0.14357924461364747,0.9895758628845215],"EasingStyle":"Linear","EasingDirection":"In"}}},{"Time":0.6000000238418579,"poses":{"Left Leg":{"Weight":1,"CFrame":[-0.6564753651618958,0.07065927982330322,-0.17810213565826417,0.8897237181663513,-0.36654412746429446,-0.2720976173877716,0.4207589030265808,0.8896676898002625,0.17735090851783753,0.1770695000886917,-0.272280752658844,0.9457851648330689],"EasingStyle":"Linear","EasingDirection":"In"},"Right Arm":{"Weight":1,"CFrame":[-0.23316434025764466,-0.15044903755187989,0.7068419456481934,0.30379652976989748,-0.3797732889652252,0.8737733364105225,0.7908714413642883,0.6119160056114197,-0.009012298658490181,-0.5312532782554627,0.693780243396759,0.4862498342990875],"EasingStyle":"Linear","EasingDirection":"In"},"Left Arm":{"Weight":1,"CFrame":[-0.7690050005912781,-0.17579928040504456,0.13416218757629395,0.057037778198719028,0.996518075466156,0.06081417202949524,-0.8987887501716614,0.024733511731028558,0.4376837909221649,0.4346555173397064,-0.07962372899055481,0.8970699906349182],"EasingStyle":"Linear","EasingDirection":"In"},"Right Leg":{"Weight":1,"CFrame":[0.5913289189338684,0.3319697380065918,0.0608745813369751,0.906927764415741,0.36109933257102969,-0.21700075268745423,-0.2829607129096985,0.9037314057350159,0.321251779794693,0.31211423873901369,-0.229949489235878,0.9217960834503174],"EasingStyle":"Linear","EasingDirection":"In"},"Torso":{"Weight":1,"CFrame":[-0.06824445724487305,0.05099460482597351,-0.28478240966796877,0.9917623996734619,0.09759113937616348,-0.08296604454517365,-0.09260261058807373,0.9937713146209717,0.061995021998882297,0.08849943429231644,-0.053801458328962329,0.9946221709251404],"EasingStyle":"Linear","EasingDirection":"In"},"HumanoidRootPart":{"Weight":0,"CFrame":[0,0,0,1,0,0,0,1,0,0,0,1],"EasingStyle":"Linear","EasingDirection":"In"},"Head":{"Weight":1,"CFrame":[5.3085386753082278e-8,-2.0489096641540528e-8,0.0166623592376709,0.9970710277557373,-0.07648114114999771,-0.0001523964892840013,0.07566201686859131,0.9866790771484375,-0.14401255548000337,0.01116456650197506,0.14357924461364747,0.9895758628845215],"EasingStyle":"Linear","EasingDirection":"In"}}},{"Time":0.6333333253860474,"poses":{"Left Leg":{"Weight":1,"CFrame":[-0.6564753651618958,0.07065927982330322,-0.17810213565826417,0.8897237181663513,-0.36654412746429446,-0.2720976173877716,0.4207589030265808,0.8896676898002625,0.17735090851783753,0.1770695000886917,-0.272280752658844,0.9457851648330689],"EasingStyle":"Linear","EasingDirection":"In"},"Right Arm":{"Weight":1,"CFrame":[-0.23316434025764466,-0.15044903755187989,0.7068419456481934,0.30379652976989748,-0.3797732889652252,0.8737733364105225,0.7908714413642883,0.6119160056114197,-0.009012298658490181,-0.5312532782554627,0.693780243396759,0.4862498342990875],"EasingStyle":"Linear","EasingDirection":"In"},"Left Arm":{"Weight":1,"CFrame":[-0.7690050005912781,-0.17579928040504456,0.1341621875