{"Sequence":[{"Time":0,"poses":{"Left Leg":{"Weight":1,"CFrame":[-0.23908153176307679,0.018508195877075197,0.2740795612335205,0.7935703992843628,-0.17677107453346253,0.5822352170944214,0.1662040501832962,0.9834554195404053,0.07205306738615036,-0.5853393077850342,0.03959067165851593,0.8098213076591492],"EasingStyle":"Linear","EasingDirection":"In"},"Right Arm":{"Weight":1,"CFrame":[-0.3509623408317566,0.14194059371948243,0.24169456958770753,-0.09694179892539978,-0.8147070407867432,0.5717121958732605,0.5417571067810059,0.43867239356040957,0.7169839143753052,-0.8349261283874512,0.37923482060432436,0.3988475501537323],"EasingStyle":"Linear","EasingDirection":"In"},"Left Arm":{"Weight":1,"CFrame":[-0.09357395023107529,-0.5850235223770142,0.04089391231536865,-0.38588279485702517,0.6234477162361145,-0.6800055503845215,-0.8673666715621948,0.005922368261963129,0.4976344406604767,0.3142763674259186,0.7818427085876465,0.5384723544120789],"EasingStyle":"Linear","EasingDirection":"In"},"Head":{"Weight":1,"CFrame":[8.568167686462403e-8,4.470348358154297e-8,0.0166623592376709,0.9437792897224426,-0.3227909803390503,-0.0713217481970787,0.32643866539001467,0.944046139717102,0.04706069454550743,0.0521402470767498,-0.06769709289073944,0.9963425993919373],"EasingStyle":"Linear","EasingDirection":"In"},"Torso":{"Weight":1,"CFrame":[0.04423276335000992,-0.044986069202423099,-0.07372164726257324,0.9468550682067871,0.3174256682395935,0.05202364921569824,-0.314108282327652,0.9472917914390564,-0.06304216384887696,-0.06929276883602143,0.04335073381662369,0.9966540336608887],"EasingStyle":"Linear","EasingDirection":"In"},"HumanoidRootPart":{"Weight":1,"CFrame":[0,0,0,1,0,0,0,1,0,0,0,1],"EasingStyle":"Linear","EasingDirection":"In"},"Right Leg":{"Weight":1,"CFrame":[0.6332772970199585,0.534386157989502,0.15756022930145265,0.9633252620697022,0.13241639733314515,-0.23338879644870759,-0.13424260914325715,0.9909152388572693,0.00811612606048584,0.23234324157238007,0.02351214364171028,0.9723496437072754],"EasingStyle":"Linear","EasingDirection":"In"}}},{"Time":0.03333333507180214,"poses":{"Left Leg":{"Weight":1,"CFrame":[-0.23908153176307679,0.018508195877075197,0.2740795612335205,0.7935703992843628,-0.17677107453346253,0.5822352170944214,0.1662040501832962,0.9834554195404053,0.07205306738615036,-0.5853393077850342,0.03959067165851593,0.8098213076591492],"EasingStyle":"Linear","EasingDirection":"In"},"Right Arm":{"Weight":1,"CFrame":[-0.3509623408317566,0.14194059371948243,0.24169456958770753,-0.09694179892539978,-0.8147070407867432,0.5717121958732605,0.5417571067810059,0.43867239356040957,0.7169839143753052,-0.8349261283874512,0.37923482060432436,0.3988475501537323],"EasingStyle":"Linear","EasingDirection":"In"},"Left Arm":{"Weight":1,"CFrame":[-0.09357395023107529,-0.5850235223770142,0.04089391231536865,-0.38588279485702517,0.6234477162361145,-0.6800055503845215,-0.8673666715621948,0.005922368261963129,0.4976344406604767,0.3142763674259186,0.7818427085876465,0.5384723544120789],"EasingStyle":"Linear","EasingDirection":"In"},"Head":{"Weight":1,"CFrame":[8.568167686462403e-8,4.470348358154297e-8,0.0166623592376709,0.9437792897224426,-0.3227909803390503,-0.0713217481970787,0.32643866539001467,0.944046139717102,0.04706069454550743,0.0521402470767498,-0.06769709289073944,0.9963425993919373],"EasingStyle":"Linear","EasingDirection":"In"},"Torso":{"Weight":1,"CFrame":[0.04423276335000992,-0.044986069202423099,-0.07372164726257324,0.9468550682067871,0.3174256682395935,0.05202364921569824,-0.314108282327652,0.9472917914390564,-0.06304216384887696,-0.06929276883602143,0.04335073381662369,0.9966540336608887],"EasingStyle":"Linear","EasingDirection":"In"},"HumanoidRootPart":{"Weight":1,"CFrame":[0,0,0,1,0,0,0,1,0,0,0,1],"EasingStyle":"Linear","EasingDirection":"In"},"Right Leg":{"Weight":1,"CFrame":[0.6332772970199585,0.534386157989502,0.15756022930145265,0.9633252620697022,0.13241639733314515,-0.23338879644870759,-0.13424260914325715,0.9909152388572693,0.00811612606048584,0.23234324157238007,0.02351214364171028,0.9723496437072754],"EasingStyle":"Linear","EasingDirection":"In"}}},{"Time":0.06666667014360428,"poses":{"Left Leg":{"Weight":1,"CFrame":[-0.4372960031032562,0.2411690354347229,0.2812920808792114,0.8831067681312561,-0.10577180981636048,0.4570937156677246,0.1031147763133049,0.9941913485527039,0.030838415026664735,-0.4577004313468933,0.019899502396583558,0.8888837695121765],"EasingStyle":"Linear","EasingDirection":"In"},"Right Arm":{"Weight":1,"CFrame":[-0.30560213327407839,0.09956759214401245,0.19485747814178468,-0.09754591435194016,-0.8713338375091553,0.48089760541915896,0.6796368956565857,0.2946668267250061,0.6717625856399536,-0.7270340323448181,0.3923633396625519,0.5634469985961914],"EasingStyle":"Linear","EasingDirection":"In"},"Left Arm":{"Weight":1,"CFrame":[-0.08241935074329376,-0.48747462034225466,0.07368326187133789,-0.194502055644989,0.7256767153739929,-0.6599717736244202,-0.929282009601593,0.07906642556190491,0.36080944538116457,0.31401267647743227,0.6834777593612671,0.6589792966842651],"EasingStyle":"Linear","EasingDirection":"In"},"Head":{"Weight":1,"CFrame":[8.568167686462403e-8,-1.5832483768463136e-8,0.016662120819091798,0.9825668334960938,-0.1786423623561859,-0.05147279426455498,0.183791384100914,0.9750763177871704,0.12428581714630127,0.027987180277705194,-0.13157936930656434,0.990910530090332],"EasingStyle":"Linear","EasingDirection":"In"},"Torso":{"Weight":1,"CFrame":[0.025408610701560975,-0.07489925622940064,-0.2635173797607422,0.9842572808265686,0.17443156242370606,0.028482280671596528,-0.16951629519462586,0.9772877097129822,-0.1271730363368988,-0.050018370151519778,0.12034276872873306,0.991471529006958],"EasingStyle":"Linear","EasingDirection":"In"},"HumanoidRootPart":{"Weight":1,"CFrame":[0,0,0,1,0,0,0,1,0,0,0,1],"EasingStyle":"Linear","EasingDirection":"In"},"Right Leg":{"Weight":1,"CFrame":[0.4671412706375122,0.36685335636138918,0.09982728958129883,0.9810214638710022,0.03573698550462723,-0.1905769407749176,-0.03353019058704376,0.9993283152580261,0.014792824164032936,0.19097758829593659,-0.00812204647809267,0.9815608263015747],"EasingStyle":"Linear","EasingDirection":"In"}}},{"Time":0.10000000149011612,"poses":{"Left Leg":{"Weight":1,"CFrame":[-0.4372960031032562,0.2411690354347229,0.2812920808792114,0.8831067681312561,-0.10577180981636048,0.4570937156677246,0.1031147763133049,0.9941913485527039,0.030838415026664735,-0.4577004313468933,0.019899502396583558,0.8888837695121765],"EasingStyle":"Linear","EasingDirection":"In"},"Right Arm":{"Weight":1,"CFrame":[-0.30560213327407839,0.09956759214401245,0.19485747814178468,-0.09754591435194016,-0.8713338375091553,0.48089760541915896,0.6796368956565857,0.2946668267250061,0.6717625856399536,-0.7270340323448181,0.3923633396625519,0.5634469985961914],"EasingStyle":"Linear","EasingDirection":"In"},"Left Arm":{"Weight":1,"CFrame":[-0.08241935074329376,-0.48747462034225466,0.07368326187133789,-0.194502055644989,0.7256767153739929,-0.6599717736244202,-0.929282009601593,0.07906642556190491,0.36080944538116457,0.31401267647743227,0.6834777593612671,0.6589792966842651],"EasingStyle":"Linear","EasingDirection":"In"},"Head":{"Weight":1,"CFrame":[8.568167686462403e-8,-1.5832483768463136e-8,0.016662120819091798,0.9825668334960938,-0.1786423623561859,-0.05147279426455498,0.183791384100914,0.9750763177871704,0.12428581714630127,0.027987180277705194,-0.13157936930656434,0.990910530090332],"EasingStyle":"Linear","EasingDirection":"In"},"Torso":{"Weight":1,"CFrame":[0.025408610701560975,-0.07489925622940064,-0.2635173797607422,0.9842572808265686,0.17443156242370606,0.028482280671596528,-0.16951629519462586,0.9772877097129822,-0.1271730363368988,-0.050018370151519778,0.12034276872873306,0.991471529006958],"EasingStyle":"Linear","EasingDirection":"In"},"HumanoidRootPart":{"Weight":1,"CFrame":[0,0,0,1,0,0,0,1,0,0,0,1],"EasingStyle":"Linear","EasingDirection":"In"},"Right Leg":{"Weight":1,"CFrame":[0.4671412706375122,0.36685335636138918,0.09982728958129883,0.9810214638710022,0.03573698550462723,-0.1905769407749176,-0.03353019058704376,0.9993283152580261,0.014792824164032936,0.19097758829593659,-0.00812204647809267,0.9815608263015747],"EasingStyle":"Linear","EasingDirection":"In"}}},{"Time":0.13333334028720857,"poses":{"Left Leg":{"Weight":1,"CFrame":[-0.5064589977264404,0.5409342050552368,0.22849249839782716,0.9480326771736145,0.00540552893653512,0.3181268870830536,0.0016337359556928278,0.9997597932815552,-0.02185633033514023,-0.31816866993904116,0.021240266039967538,0.9477962255477905],"EasingStyle":"Linear","EasingDirection":"In"},"Right Arm":{"Weight":1,"CFrame":[-0.20669910311698914,-0.030552685260772706,0.12162125110626221,-0.006056944839656353,-0.8945544362068176,0.44691821932792666,0.8287497758865356,0.24560800194740296,0.5028425455093384,-0.5595866441726685,0.3734288811683655,0.739874005317688],"EasingStyle":"Linear","EasingDirection":"In"},"Left Arm":{"Weight":1,"CFrame":[-0.025151625275611879,-0.29834532737731936,0.14068734645843507,0.021192267537117006,0.7980425357818604,-0.6022287607192993,-0.9508890509605408,0.20214399695396424,0.2344094216823578,0.30880552530288699,0.5676848292350769,0.7631334662437439],"EasingStyle":"Linear","EasingDirection":"In"},"Head":{"Weight":1,"CFrame":[-0.0011488604359328747,-0.01242377795279026,-0.04802435636520386,0.9991655349731445,-0.031234025955200197,-0.026319356635212899,0.035816632211208346,0.9797460436820984,0.19701533019542695,0.019632656127214433,-0.1977936327457428,0.9800471067428589],"EasingStyle":"Linear","EasingDirection":"In"},"Torso":{"Weight":1,"CFrame":[0.014625828713178635,-0.10659003257751465,-0.45766639709472659,0.9995487928390503,0.0261846836656332,0.014716964215040207,-0.022846108302474023,0.9808411598205566,-0.1934649497270584,-0.019500823691487314,0.19304144382476808,0.9809967875480652],"EasingStyle":"Linear","EasingDirection":"In"},"HumanoidRootPart":{"Weight":1,"CFrame":[0,0,0,1,0,0,0,1,0,0,0,1],"EasingStyle":"Linear","EasingDirection":"In"},"Right Leg":{"Weight":1,"CFrame":[0.46129390597343447,0.44506514072418215,0.1617971658706665,0.9612244963645935,0.04623059183359146,-0.27186453342437746,-0.043895673006772998,0.9989284873008728,0.014667119830846787,0.2722513675689697,-0.0021647994872182609,0.9622237682342529],"EasingStyle":"Linear","EasingDirection":"In"}}},{"Time":0.1666666716337204,"poses":{"Left Leg":{"Weight":1,"CFrame":[-0.5064589977264404,0.5409342050552368,0.22849249839782716,0.9480326771736145,0.00540552893653512,0.3181268870830536,0.0016337359556928278,0.9997597932815552,-0.02185633033514023,-0.31816866993904116,0.021240266039967538,0.9477962255477905],"EasingStyle":"Linear","EasingDirection":"In"},"Right Arm":{"Weight":1,"CFrame":[-0.20669910311698914,-0.030552685260772706,0.12162125110626221,-0.006056944839656353,-0.8945544362068176,0.44691821932792666,0.8287497758865356,0.24560800194740296,0.5028425455093384,-0.5595866441726685,0.3734288811683655,0.739874005317688],"EasingStyle":"Linear","EasingDirection":"In"},"Left Arm":{"Weight":1,"CFrame":[-0.025151625275611879,-0.29834532737731936,0.14068734645843507,0.021192267537117006,0.7980425357818604,-0.6022287607192993,-0.9508890509605408,0.20214399695396424,0.2344094216823578,0.30880552530288699,0.5676848292350769,0.7631334662437439],"EasingStyle":"Linear","EasingDirection":"In"},"Head":{"Weight":1,"CFrame":[-0.0011488604359328747,-0.01242377795279026,-0.04802435636520386,0.9991655349731445,-0.031234025955200197,-0.026319356635212899,0.035816632211208346,0.9797460436820984,0.19701533019542695,0.019632656127214433,-0.1977936327457428,0.9800471067428589],"EasingStyle":"Linear","EasingDirection":"In"},"Torso":{"Weight":1,"CFrame":[0.014625828713178635,-0.10659003257751465,-0.45766639709472659,0.9995487928390503,0.0261846836656332,0.014716964215040207,-0.022846108302474023,0.9808411598205566,-0.1934649497270584,-0.019500823691487314,0.19304144382476808,0.9809967875480652],"EasingStyle":"Linear","EasingDirection":"In"},"HumanoidRootPart":{"Weight":1,"CFrame":[0,0,0,1,0,0,0,1,0,0,0,1],"EasingStyle":"Linear","EasingDirection":"In"},"Right Leg":{"Weight":1,"CFrame":[0.46129390597343447,0.44506514072418215,0.1617971658706665,0.9612244963645935,0.04623059183359146,-0.27186453342437746,-0.043895673006772998,0.9989284873008728,0.014667119830846787,0.2722513675689697,-0.0021647994872182609,0.9622237682342529],"EasingStyle":"Linear","EasingDirection":"In"}}},{"Time":0.20000000298023225,"poses":{"Left Leg":{"Weight":1,"CFrame":[-0.5962837338447571,0.35512256622314455,0.1695864200592041,0.9901604652404785,0.06103549897670746,0.12592452764511109,-0.04632457345724106,0.9920965433120728,-0.1166125014424324,-0.13204675912857057,0.10963165014982224,0.9851622581481934],"EasingStyle":"Linear","EasingDirection":"In"},"Right Arm":{"Weight":1,"CFrame":[-0.11295700073242188,-0.27219247817993166,0.13076388835906983,-0.03485562279820442,-0.842261016368866,0.5379420518875122,0.9152029752731323,0.18933643400669099,0.35574594140052798,-0.4014829695224762,0.5047257542610169,0.7642402052879334],"EasingStyle":"Linear","EasingDirection":"In"},"Left Arm":{"Weight":1,"CFrame":[0.1141025722026825,-0.14584964513778687,0.2557647228240967,0.011991399340331555,0.7874040007591248,-0.616320788860321,-0.9038850665092468,0.2721169888973236,0.33006709814071658,0.4276074171066284,0.5531251430511475,0.7149856686592102],"EasingStyle":"Linear","EasingDirection":"In"},"Head":{"Weight":1,"CFrame":[-0.0015242844820022584,-0.014706572517752648,-0.05884474515914917,0.9608333706855774,0.27678966522216799,0.013663647696375847,-0.2757273316383362,0.9498703479766846,0.1473802924156189,0.027814585715532304,-0.1453753113746643,0.9889855980873108],"EasingStyle":"Linear","EasingDirection":"In"},"Torso":{"Weight":1,"CFrame":[-0.03899887204170227,-0.08168962597846985,-0.17471575736999513,0.9566890597343445,-0.28715625405311587,-0.04782644659280777,0.2781524360179901,0.950152575969696,-0.14085988700389863,0.08589120954275131,0.1214560866355896,0.9888736605644226],"EasingStyle":"Linear","EasingDirection":"In"},"HumanoidRootPart":{"Weight":1,"CFrame":[0,0,0,1,0,0,0,1,0,0,0,1],"EasingStyle":"Linear","EasingDirection":"In"},"Right Leg":{"Weight":1,"CFrame":[0.09019127488136292,0.23128974437713624,0.17121028900146485,0.82090163230896,0.1039731353521347,-0.5615248680114746,-0.04464789107441902,0.9919614791870117,0.11840230226516724,0.5693216323852539,-0.07212579250335694,0.8189448714256287],"EasingStyle":"Linear","EasingDirection":"In"}}},{"Time":0.23333333432674409,"poses":{"Left Leg":{"Weight":1,"CFrame":[-0.5962837338447571,0.35512256622314455,0.1695864200592041,0.9901604652404785,0.06103549897670746,0.12592452764511109,-0.04632457345724106,0.9920965433120728,-0.1166125014424324,-0.13204675912857057,0.10963165014982224,0.9851622581481934],"EasingStyle":"Linear","EasingDirection":"In"},"Right Arm":{"Weight":1,"CFrame":[-0.11295700073242188,-0.27219247817993166,0.13076388835906983,-0.03485562279820442,-0.842261016368866,0.5379420518875122,0.9152029752731323,0.18933643400669099,0.35574594140052798,-0.4014829695224762,0.5047257542610169,0.7642402052879334],"EasingStyle":"Linear","EasingDirection":"In"},"Left Arm":{"Weight":1,"CFrame":[0.1141025722026825,-0.14584964513778687,0.2557647228240967,0.011991399340331555,0.7874040007591248,-0.616320788860321,-0.9038850665092468,0.2721169888973236,0.33006709814071658,0.4276074171066284,0.5531251430511475,0.7149856686592102],"EasingStyle":"Linear","EasingDirection":"In"},"Head":{"Weight":1,"CFrame":[-0.0015242844820022584,-0.014706572517752648,-0.05884474515914917,0.9608333706855774,0.27678966522216799,0.013663647696375847,-0.2757273316383362,0.9498703479766846,0.1473802924156189,0.027814585715532304,-0.1453753113746643,0.9889855980873108],"EasingStyle":"Linear","EasingDirection":"In"},"Torso":{"Weight":1,"CFrame":[-0.03899887204170227,-0.08168962597846985,-0.17471575736999513,0.9566890597343445,-0.28715625405311587,-0.04782644659280777,0.2781524360179901,0.950152575969696,-0.14085988700389863,0.08589120954275131,0.1214560866355896,0.9888736605644226],"EasingStyle":"Linear","EasingDirection":"In"},"HumanoidRootPart":{"Weight":1,"CFrame":[0,0,0,1,0,0,0,1,0,0,0,1],"EasingStyle":"Linear","EasingDirection":"In"},"Right Leg":{"Weight":1,"CFrame":[0.09019127488136292,0.23128974437713624,0.17121028900146485,0.82090163230896,0.1039731353521347,-0.5615248680114746,-0.04464789107441902,0.9919614791870117,0.11840230226516724,0.5693216323852539,-0.07212579250335694,0.8189448714256287],"EasingStyle":"Linear","EasingDirection":"In"}}},{"Time":0.2666666805744171,"poses":{"Left Leg":{"Weight":1,"CFrame":[-0.5941228270530701,0.3590388298034668,0.2645798921585083,0.9777113199234009,-0.006760249845683575,0.2098449468612671,0.04223315417766571,0.9853841662406921,-0.16502851247787476,-0.2056623250246048,0.17021264135837556,0.9637067317962647],"EasingStyle":"Linear","EasingDirection":"In"},"Right Arm":{"Weight":1,"CFrame":[-0.05415133386850357,-0.5497221350669861,0.23481106758117677,-0.14790163934230805,-0.7205886244773865,0.6774047017097473,0.9598373174667358,0.06052562966942787,0.27395084500312807,-0.2384061962366104,0.6907162070274353,0.6826960444450378],"EasingStyle":"Linear","EasingDirection":"In"},"Left Arm":{"Weight":1,"CFrame":[0.26839175820350649,-0.05319967865943909,0.3690969944000244,-0.05648905038833618,0.7701173424720764,-0.6353963017463684,-0.8102942109107971,0.33644619584083559,0.47982004284858706,0.5832944512367249,0.5419624447822571,0.6050160527229309],"EasingStyle":"Linear","EasingDirection":"In"},"Head":{"Weight":1,"CFrame":[-0.001126173883676529,-0.006848253309726715,-0.015797078609466554,0.9428353309631348,0.32759717106819155,-0.06117049977183342,-0.3191971480846405,0.9404657483100891,0.11677984893321991,0.09578543156385422,-0.09057872742414475,0.9912723302841187],"EasingStyle":"Linear","EasingDirection":"In"},"Torso":{"Weight":1,"CFrame":[-0.0960938036441803,-0.0509888231754303,-0.04948019981384277,0.9389020800590515,-0.32437363266944888,-0.11508537828922272,0.31598395109176638,0.9449141621589661,-0.08539066463708878,0.13644425570964814,0.043808337301015857,0.9896787405014038],"EasingStyle":"Linear","EasingDirection":"In"},"HumanoidRootPart":{"Weight":1,"CFrame":[0,0,0,1,0,0,0,1,0,0,0,1],"EasingStyle":"Linear","EasingDirection":"In"},"Right Leg":{"Weight":1,"CFrame":[0.029253780841827394,0.16078299283981324,0.13950932025909425,0.7891201376914978,0.17801640927791596,-0.587877094745636,-0.06086353957653046,0.9750336408615112,0.21355372667312623,0.6112159490585327,-0.13273930549621583,0.7802534699440002],"EasingStyle":"Linear","EasingDirection":"In"}}},{"Time":0.30000001192092898,"poses":{"Left Leg":{"Weight":1,"CFrame":[-0.5941228270530701,0.3590388298034668,0.2645798921585083,0.9777113199234009,-0.006760249845683575,0.2098449468612671,0.04223315417766571,0.9853841662406921,-0.16502851247787476,-0.2056623250246048,0.17021264135837556,0.9637067317962647],"EasingStyle":"Linear","EasingDirection":"In"},"Right Arm":{"Weight":1,"CFrame":[-0.05415133386850357,-0.5497221350669861,0.23481106758117677,-0.14790163934230805,-0.7205886244773865,0.6774047017097473,0.9598373174667358,0.06052562966942787,0.27395084500312807,-0.2384061962366104,0.6907162070274353,0.6826960444450378],"EasingStyle":"Linear","EasingDirection":"In"},"Left Arm":{"Weight":1,"CFrame":[0.26839175820350649,-0.05319967865943909,0.3690969944000244,-0.05648905038833618,0.7701173424720764,-0.6353963017463684,-0.8102942109107971,0.33644619584083559,0.47982004284858706,0.5832944512367249,0.5419624447822571,0.6050160527229309],"EasingStyle":"Linear","EasingDirection":"In"},"Head":{"Weight":1,"CFrame":[-0.001126173883676529,-0.006848253309726715,-0.015797078609466554,0.9428353309631348,0.32759717106819155,-0.06117049977183342,-0.3191971480846405,0.9404657483100891,0.11677984893321991,0.09578543156385422,-0.09057872742414475,0.9912723302841187],"EasingStyle":"Linear","EasingDirection":"In"},"Torso":{"Weight":1,"CFrame":[-0.0960938036441803,-0.0509888231754303,-0.04948019981384277,0.9389020800590515,-0.32437363266944888,-0.11508537828922272,0.31598395109176638,0.9449141621589661,-0.08539066463708878,0.13644425570964814,0.043808337301015857,0.9896787405014038],"EasingStyle":"Linear","EasingDirection":"In"},"HumanoidRootPart":{"Weight":1,"CFrame":[0,0,0,1,0,0,0,1,0,0,0,1],"EasingStyle":"Linear","EasingDirection":"In"},"Right Leg":{"Weight":1,"CFrame":[0.029253780841827394,0.16078299283981324,0.13950932025909425,0.7891201376914978,0.17801640927791596,-0.587877094745636,-0.06086353957653046,0.9750336408615112,0.21355372667312623,0.6112159490585327,-0.13273930549621583,0.7802534699440002],"EasingStyle":"Linear","EasingDirection":"In"}}},{"Time":0.3333333432674408,"poses":{"Left Leg":{"Weight":1,"CFrame":[-0.6072506308555603,0.46735697984695437,0.2611076831817627,0.9787338376045227,-0.02768854610621929,0.20325691998004914,0.05740722641348839,0.9882278442382813,-0.14180967211723329,-0.19693776965141297,0.1504622846841812,0.9688016176223755],"EasingStyle":"Linear","EasingDirection":"In"},"Right Arm":{"Weight":1,"CFrame":[-0.03255155682563782,-0.6851502656936646,0.3016324043273926,-0.2433549463748932,-0.6075209379196167,0.7561063766479492,0.9646285772323608,-0.07014264911413193,0.25410977005958559,-0.10134167969226837,0.791200578212738,0.6031014323234558],"EasingStyle":"Linear","EasingDirection":"In"},"Left Arm":{"Weight":1,"CFrame":[0.34154364466667178,-0.02161577343940735,0.4194847345352173,-0.09246372431516648,0.7726399898529053,-0.6280748844146729,-0.7282331585884094,0.3777059316635132,0.5718519687652588,0.6790633797645569,0.5102605223655701,0.5277378559112549],"EasingStyle":"Linear","EasingDirection":"In"},"Head":{"Weight":1,"CFrame":[-0.0007280856370925903,0.0010101459920406342,0.027251243591308595,0.9217854142189026,0.34707483649253847,-0.17277435958385468,-0.32685181498527529,0.935360312461853,0.13516327738761903,0.208517923951149,-0.06811981648206711,0.9756433963775635],"EasingStyle":"Linear","EasingDirection":"In"},"Torso":{"Weight":1,"CFrame":[-0.1133233904838562,-0.03644804656505585,-0.03246116638183594,0.9348047375679016,-0.32828405499458315,-0.13553497195243836,0.322460412979126,0.9444490075111389,-0.0635257288813591,0.148860365152359,0.015679476782679559,0.9887339472770691],"EasingStyle":"Linear","EasingDirection":"In"},"HumanoidRootPart":{"Weight":1,"CFrame":[0,0,0,1,0,0,0,1,0,0,0,1],"EasingStyle":"Linear","EasingDirection":"In"},"Right Leg":{"Weight":1,"CFrame":[0.0735263004899025,0.1503537893295288,0.16573119163513184,0.7736790180206299,0.2353721261024475,-0.5882352590560913,-0.10501779615879059,0.9632322192192078,0.24729551374912263,0.6248136758804321,-0.1295522302389145,0.7699507474899292],"EasingStyle":"Linear","EasingDirection":"In"}}},{"Time":0.36666667461395266,"poses":{"Left Leg":{"Weight":1,"CFrame":[-0.6072506308555603,0.46735697984695437,0.2611076831817627,0.9787338376045227,-0.02768854610621929,0.20325691998004914,0.05740722641348839,0.9882278442382813,-0.14180967211723329,-0.19693776965141297,0.1504622846841812,0.9688016176223755],"EasingStyle":"Linear","EasingDirection":"In"},"Right Arm":{"Weight":1,"CFrame":[-0.03255155682563782,-0.6851502656936646,0.3016324043273926,-0.2433549463748932,-0.6075209379196167,0.7561063766479492,0.9646285772323608,-0.07014264911413193,0.25410977005958559,-0.10134167969226837,0.791200578212738,0.6031014323234558],"EasingStyle":"Linear","EasingDirection":"In"},"Left Arm":{"Weight":1,"CFrame":[0.34154364466667178,-0.02161577343940735,0.4194847345352173,-0.09246372431516648,0.7726399898529053,-0.6280748844146729,-0.7282331585884094,0.3777059316635132,0.5718519687652588,0.6790633797645569,0.5102605223655701,0.5277378559112549],"EasingStyle":"Linear","EasingDirection":"In"},"Head":{"Weight":1,"CFrame":[-0.0007280856370925903,0.0010101459920406342,0.027251243591308595,0.9217854142189026,0.34707483649253847,-0.17277435958385468,-0.32685181498527529,0.935360312461853,0.13516327738761903,0.208517923951149,-0.06811981648206711,0.9756433963775635],"EasingStyle":"Linear","EasingDirection":"In"},"Torso":{"Weight":1,"CFrame":[-0.1133233904838562,-0.03644804656505585,-0.03246116638183594,0.9348047375679016,-0.32828405499458315,-0.13553497195243836,0.322460412979126,0.9444490075111389,-0.0635257288813591,0.148860365152359,0.015679476782679559,0.9887339472770691],"EasingStyle":"Linear","EasingDirection":"In"},"HumanoidRootPart":{"Weight":1,"CFrame":[0,0,0,1,0,0,0,1,0,0,0,1],"EasingStyle":"Linear","EasingDirection":"In"},"Right Leg":{"Weight":1,"CFrame":[0.0735263004899025,0.1503537893295288,0.16573119163513184,0.7736790180206299,0.2353721261024475,-0.5882352590560913,-0.10501779615879059,0.9632322192192078,0.24729551374912263,0.6248136758804321,-0.1295522302389145,0.7699507474899292],"EasingStyle":"Linear","EasingDirection":"In"}}},{"Time":0.4000000059604645,"poses":{"Left Leg":{"Weight":1,"CFrame":[-0.6436256170272827,0.5285502672195435,0.23522734642028809,0.98984694480896,-0.03700004145503044,0.13723744451999665,0.05792761966586113,0.9867141842842102,-0.15178820490837098,-0.1297980397939682,0.15819694101810456,0.9788392186164856],"EasingStyle":"Linear","EasingDirection":"In"},"Right Arm":{"Weight":1,"CFrame":[-0.03172006458044052,-0.6874099969863892,0.3020198345184326,-0.28044167160987856,-0.5810208320617676,0.7640466094017029,0.9592000246047974,-0.13987480103969575,0.24570420384407044,-0.03588839992880821,0.8017792701721191,0.5965419411659241],"EasingStyle":"Linear","EasingDirection":"In"},"Left Arm":{"Weight":1,"CFrame":[0.3417673408985138,-0.02077367901802063,0.4183824062347412,-0.06943965703248978,0.7805887460708618,-0.6211763024330139,-0.6992411017417908,0.40602630376815798,0.5883914232254028,0.7115055322647095,0.47520941495895388,0.5176250338554382],"EasingStyle":"Linear","EasingDirection":"In"},"Head":{"Weight":1,"CFrame":[-0.0003639981150627136,0.0005051195621490479,0.021956801414489747,0.9307384490966797,0.3459048569202423,-0.1186421811580658,-0.33064931631088259,0.9346188306808472,0.13099172711372376,0.15619587898254395,-0.08268997818231583,0.984258770942688],"EasingStyle":"Linear","EasingDirection":"In"},"Torso":{"Weight":1,"CFrame":[-0.10159170627593994,-0.0472949743270874,-0.05097484588623047,0.9365118145942688,-0.3289966583251953,-0.12127257883548737,0.32160910964012148,0.9437600374221802,-0.07671249657869339,0.1396903544664383,0.03283979743719101,0.989650547504425],"EasingStyle":"Linear","EasingDirection":"In"},"HumanoidRootPart":{"Weight":1,"CFrame":[0,0,0,1,0,0,0,1,0,0,0,1],"EasingStyle":"Linear","EasingDirection":"In"},"Right Leg":{"Weight":1,"CFrame":[-0.006261102855205536,0.16224759817123414,0.11684536933898926,0.7875003814697266,0.17556700110435487,-0.5907785892486572,-0.0499100461602211,0.973585844039917,0.22279982268810273,0.6142899394035339,-0.1459691971540451,0.7754617929458618],"EasingStyle":"Linear","EasingDirection":"In"}}},{"Time":0.4333333373069763,"poses":{"Left Leg":{"Weight":1,"CFrame":[-0.6436256170272827,0.5285502672195435,0.23522734642028809,0.98984694480896,-0.03700004145503044,0.13723744451999665,0.05792761966586113,0.9867141842842102,-0.15178820490837098,-0.1297980397939682,0.15819694101810456,0.9788392186164856],"EasingStyle":"Linear","EasingDirection":"In"},"Right Arm":{"Weight":1,"CFrame":[-0.03172006458044052,-0.6874099969863892,0.3020198345184326,-0.28044167160987856,-0.5810208320617676,0.7640466094017029,0.9592000246047974,-0.13987480103969575,0.24570420384407044,-0.03588839992880821,0.8017792701721191,0.5965419411659241],"EasingStyle":"Linear","EasingDirection":"In"},"Left Arm":{"Weight":1,"CFrame":[0.3417673408985138,-0.02077367901802063,0.4183824062347412,-0.06943965703248978,0.7805887460708618,-0.6211763024330139,-0.6992411017417908,0.40602630376815798,0.5883914232254028,0.7115055322647095,0.47520941495895388,0.5176250338554382],"EasingStyle":"Linear","EasingDirection":"In"},"Head":{"Weight":1,"CFrame":[-0.0003639981150627136,0.0005051195621490479,0.021956801414489747,0.9307384490966797,0.3459048569202423,-0.1186421811580658,-0.33064931631088259,0.9346188306808472,0.13099172711372376,0.15619587898254395,-0.08268997818231583,0.984258770942688],"EasingStyle":"Linear","EasingDirection":"In"},"Torso":{"Weight":1,"CFrame":[-0.10159170627593994,-0.0472949743270874,-0.05097484588623047,0.9365118145942688,-0.3289966583251953,-0.12127257883548737,0.32160910964012148,0.9437600374221802,-0.07671249657869339,0.1396903544664383,0.03283979743719101,0.989650547504425],"EasingStyle":"Linear","EasingDirection":"In"},"HumanoidRootPart":{"Weight":1,"CFrame":[0,0,0,1,0,0,0,1,0,0,0,1],"EasingStyle":"Linear","EasingDirection":"In"},"Right Leg":{"Weight":1,"CFrame":[-0.006261102855205536,0.16224759817123414,0.11684536933898926,0.7875003814697266,0.17556700110435487,-0.5907785892486572,-0.0499100461602211,0.973585844039917,0.22279982268810273,0.6142899394035339,-0.1459691971540451,0.7754617929458618],"EasingStyle":"Linear","EasingDirection":"In"}}},{"Time":0.46666666865348818,"poses":{"Left Leg":{"Weight":1,"CFrame":[-0.7384942173957825,0.30189090967178347,0.17636847496032716,0.9792636632919312,-0.15327414870262147,0.1324753612279892,0.16700956225395204,0.9809085726737976,-0.09962974488735199,-0.1146756038069725,0.11968846619129181,0.9861664175987244],"EasingStyle":"Linear","EasingDirection":"In"},"Right Arm":{"Weight":1,"CFrame":[-0.0318242684006691,-0.6880480647087097,0.30173587799072268,-0.2855646312236786,-0.5850303769111633,0.7590734958648682,0.9582191705703735,-0.16074231266975404,0.23659682273864747,-0.016401106491684915,0.7949222326278687,0.6064894795417786],"EasingStyle":"Linear","EasingDirection":"In"},"Left Arm":{"Weight":1,"CFrame":[0.3417366147041321,-0.020215272903442384,0.41799449920654299,-0.05255819857120514,0.7790390849113464,-0.6247687935829163,-0.6925921440124512,0.4222744405269623,0.5848079323768616,0.7194121479988098,0.46344640851020815,0.5173621773719788],"EasingStyle":"Linear","EasingDirection":"In"},"Head":{"Weight":1,"CFrame":[9.313225746154785e-8,-9.313225746154785e-9,0.016662120819091798,0.9627166986465454,0.23666886985301972,-0.13101373612880708,-0.2271338403224945,0.9702606797218323,0.08369319885969162,0.1469249725341797,-0.05081509053707123,0.9878415465354919],"EasingStyle":"Linear","EasingDirection":"In"},"Torso":{"Weight":1,"CFrame":[-0.051988258957862857,-0.017689228057861329,-0.14817190170288087,0.9747989773750305,-0.214032843708992,-0.06290458142757416,0.2114987075328827,0.9763609766960144,-0.04458421468734741,0.07096005976200104,0.03015640750527382,0.9970232248306274],"EasingStyle":"Linear","EasingDirection":"In"},"HumanoidRootPart":{"Weight":1,"CFrame":[0,0,0,1,0,0,0,1,0,0,0,1],"EasingStyle":"Linear","EasingDirection":"In"},"Right Leg":{"Weight":1,"CFrame":[-0.0390850305557251,0.18837565183639527,0.06723928451538086,0.8677114844322205,0.08892279118299484,-0.48904967308044436,-0.01631406880915165,0.9884328842163086,0.15077878534793855,0.49680036306381228,-0.12285412102937699,0.8591253161430359],"EasingStyle":"Linear","EasingDirection":"In"}}},{"Time":0.5,"poses":{"Left Leg":{"Weight":1,"CFrame":[-0.7384942173957825,0.30189090967178347,0.17636847496032716,0.9792636632919312,-0.15327414870262147,0.1324753612279892,0.16700956225395204,0.9809085726737976,-0.09962974488735199,-0.1146756038069725,0.11968846619129181,0.9861664175987244],"EasingStyle":"Linear","EasingDirection":"In"},"Right Arm":{"Weight":1,"CFrame":[-0.0318242684006691,-0.6880480647087097,0.30173587799072268,-0.2855646312236786,-0.5850303769111633,0.7590734958648682,0.9582191705703735,-0.16074231266975404,0.23659682273864747,-0.016401106491684915,0.7949222326278687,0.6064894795417786],"EasingStyle":"Linear","EasingDirection":"In"},"Left Arm":{"Weight":1,"CFrame":[0.3417366147041321,-0.020215272903442384,0.41799449920654299,-0.05255819857120514,0.7790390849113464,-0.6247687935829163,-0.6925921440124512,0.4222744405269623,0.5848079323768616,0.7194121479988098,0.46344640851020815,0.5173621773719788],"EasingStyle":"Linear","EasingDirection":"In"},"Head":{"Weight":1,"CFrame":[9.313225746154785e-8,-9.313225746154785e-9,0.016662120819091798,0.9627166986465454,0.23666886985301972,-0.13101373612880708,-0.2271338403224945,0.9702606797218323,0.08369319885969162,0.1469249725341797,-0.05081509053707123,0.9878415465354919],"EasingStyle":"Linear","EasingDirection":"In"},"Torso":{"Weight":1,"CFrame":[-0.051988258957862857,-0.017689228057861329,-0.14817190170288087,0.9747989773750305,-0.214032843708992,-0.06290458142757416,0.2114987075328827,0.9763609766960144,-0.04458421468734741,0.07096005976200104,0.03015640750527382,0.9970232248306274],"EasingStyle":"Linear","EasingDirection":"In"},"HumanoidRootPart":{"Weight":1,"CFrame":[0,0,0,1,0,0,0,1,0,0,0,1],"EasingStyle":"Linear","EasingDirection":"In"},"Right Leg":{"Weight":1,"CFrame":[-0.0390850305557251,0.18837565183639527,0.06723928451538086,0.8677114844322205,0.08892279118299484,-0.48904967308044436,-0.01631406880915165,0.9884328842163086,0.15077878534793855,0.49680036306381228,-0.12285412102937699,0.8591253161430359],"EasingStyle":"Linear","EasingDirection":"In"}}},{"Time":0.5333333611488342,"poses":{"Left Leg":{"Weight":1,"CFrame":[-0.6997961401939392,0.21279913187026978,0.17122042179107667,0.9629435539245606,-0.19203229248523713,0.18937644362449647,0.20034974813461305,0.979389488697052,-0.0256162341684103,-0.18055415153503419,0.0626085102558136,0.9815704226493836],"EasingStyle":"Linear","EasingDirection":"In"},"Right Arm":{"Weight":1,"CFrame":[-0.08797652274370194,-0.5401149392127991,0.2926689386367798,-0.2278275042772293,-0.6483789682388306,0.7264290452003479,0.9265645742416382,0.08494953066110611,0.36641746759414675,-0.2992872893810272,0.7565635442733765,0.5814112424850464],"EasingStyle":"Linear","EasingDirection":"In"},"Left Arm":{"Weight":1,"CFrame":[0.26225244998931887,-0.2126482129096985,0.3497483730316162,-0.12843309342861176,0.763317883014679,-0.6331279873847961,-0.7616890668869019,0.3329097628593445,0.5558784604072571,0.6350864768028259,0.5536396503448486,0.5386541485786438],"EasingStyle":"Linear","EasingDirection":"In"},"Head":{"Weight":1,"CFrame":[-0.0031935295555740597,-0.0006273071048781276,-0.04802513122558594,0.9808450937271118,0.10773260146379471,-0.16228576004505158,-0.10036908090114594,0.9935412406921387,0.05293341726064682,0.16694021224975587,-0.03563104197382927,0.9853230118751526],"EasingStyle":"Linear","EasingDirection":"In"},"Torso":{"Weight":1,"CFrame":[0.010150445625185967,-0.0004787147045135498,-0.3622307777404785,0.9958911538124085,-0.09009487926959992,0.009161154739558697,0.09033568948507309,0.9954410791397095,-0.03060217946767807,-0.006362290121614933,0.0313040167093277,0.9994896650314331],"EasingStyle":"Linear","EasingDirection":"In"},"HumanoidRootPart":{"Weight":1,"CFrame":[0,0,0,1,0,0,0,1,0,0,0,1],"EasingStyle":"Linear","EasingDirection":"In"},"Right Leg":{"Weight":1,"CFrame":[0.2821054458618164,0.29224908351898196,0.16727900505065919,0.906746506690979,0.17997179925441743,-0.3813411295413971,-0.16244454681873322,0.9836329221725464,0.07796218246221543,0.38913071155548098,-0.00874519906938076,0.9211411476135254],"EasingStyle":"Linear","EasingDirection":"In"}}},{"Time":0.5666666626930237,"poses":{"Left Leg":{"Weight":1,"CFrame":[-0.6997961401939392,0.21279913187026978,0.17122042179107667,0.9629435539245606,-0.19203229248523713,0.18937644362449647,0.20034974813461305,0.979389488697052,-0.0256162341684103,-0.18055415153503419,0.0626085102558136,0.9815704226493836],"EasingStyle":"Linear","EasingDirection":"In"},"Right Arm":{"Weight":1,"CFrame":[-0.08797652274370194,-0.5401149392127991,0.2926689386367798,-0.2278275042772293,-0.6483789682388306,0.7264290452003479,0.9265645742416382,0.08494953066110611,0.36641746759414675,-0.2992872893810272,0.7565635442733765,0.5814112424850464],"EasingStyle":"Linear","EasingDirection":"In"},"Left Arm":{"Weight":1,"CFrame":[0.26225244998931887,-0.2126482129096985,0.3497483730316162,-0.12843309342861176,0.763317883014679,-0.6331279873847961,-0.7616890668869019,0.3329097628593445,0.5558784604072571,0.6350864768028259,0.5536396503448486,0.5386541485786438],"EasingStyle":"Linear","EasingDirection":"In"},"Head":{"Weight":1,"CFrame":[-0.0031935295555740597,-0.0006273071048781276,-0.04802513122558594,0.9808450937271118,0.10773260146379471,-0.16228576004505158,-0.10036908090114594,0.9935412406921387,0.05293341726064682,0.16694021224975587,-0.03563104197382927,0.9853230118751526],"EasingStyle":"Linear","EasingDirection":"In"},"Torso":{"Weight":1,"CFrame":[0.010150445625185967,-0.0004787147045135498,-0.3622307777404785,0.9958911538124085,-0.09009487926959992,0.009161154739558697,0.09033568948507309,0.9954410791397095,-0.03060217946767807,-0.006362290121614933,0.0313040167093277,0.9994896650314331],"EasingStyle":"Linear","EasingDirection":"In"},"HumanoidRootPart":{"Weight":1,"CFrame":[0,0,0,1,0,0,0,1,0,0,0,1],"EasingStyle":"Linear","EasingDirection":"In"},"Right Leg":{"Weight":1,"CFrame":[0.2821054458618164,0.29224908351898196,0.16727900505065919,0.906746506690979,0.17997179925441743,-0.3813411295413971,-0.16244454681873322,0.9836329221725464,0.07796218246221543,0.38913071155548098,-0.00874519906938076,0.9211411476135254],"EasingStyle":"Linear","EasingDirection":"In"}}},{"Time":0.6000000238418579,"poses":{"Left Leg":{"Weight":1,"CFrame":[-0.6426044702529907,0.2268998622894287,0.23812615871429444,0.9266641139984131,-0.22114911675453187,0.30395156145095827,0.2288534939289093,0.973404049873352,0.010518277995288372,-0.29819387197494509,0.059813473373651507,0.9526294469833374],"EasingStyle":"Linear","EasingDirection":"In"},"Right Arm":{"Weight":1,"CFrame":[-0.18790113925933839,-0.27730679512023928,0.2714601755142212,-0.16795732080936433,-0.7354670763015747,0.6564136147499085,0.7528956532478333,0.3341298997402191,0.5670143365859985,-0.6363478302955627,0.5894449949264526,0.4976103901863098],"EasingStyle":"Linear","EasingDirection":"In"},"Left Arm":{"Weight":1,"CFrame":[0.13369986414909364,-0.44643279910087588,0.23850488662719727,-0.2433549165725708,0.717807412147522,-0.6523274779319763,-0.8377959728240967,0.18333430588245393,0.5142825245857239,0.4887498915195465,0.6716703176498413,0.5567606687545776],"EasingStyle":"Linear","EasingDirection":"In"},"Head":{"Weight":1,"CFrame":[-0.0024303619284182789,0.00011874793563038111,-0.04628884792327881,0.9901895523071289,-0.016237888485193254,-0.13878373801708222,0.022204166278243066,0.998889684677124,0.04154999554157257,0.1379549354314804,-0.04422392696142197,0.9894507527351379],"EasingStyle":"Linear","EasingDirection":"In"},"Torso":{"Weight":1,"CFrame":[0.02877321094274521,-0.009535446763038636,-0.35429811477661135,0.9991597533226013,0.02627990022301674,0.031451836228370669,-0.025040442124009134,0.9989186525344849,-0.03917359933257103,-0.03244730085134506,0.03835311532020569,0.9987373352050781],"EasingStyle":"Linear","EasingDirection":"In"},"HumanoidRootPart":{"Weight":1,"CFrame":[0,0,0,1,0,0,0,1,0,0,0,1],"EasingStyle":"Linear","EasingDirection":"In"},"Right Leg":{"Weight":1,"CFrame":[0.5528603792190552,0.4557496905326843,0.24602961540222169,0.8908246755599976,0.2615368366241455,-0.37152349948883059,-0.2558933198451996,0.9644910097122192,0.06538969278335571,0.37543290853500368,0.036819618195295337,0.9261179566383362],"EasingStyle":"Linear","EasingDirection":"In"}}},{"Time":0.6333333253860474,"poses":{"Left Leg":{"Weight":1,"CFrame":[-0.6426044702529907,0.2268998622894287,0.23812615871429444,0.9266641139984131,-0.22114911675453187,0.30395156145095827,0.2288534939289093,0.973404049873352,0.010518277995288372,-0.29819387197494509,0.059813473373651507,0.9526294469833374],"EasingStyle":"Linear","EasingDirection":"In"},"Right Arm":{"Weight":1,"CFrame":[-0.18790113925933839,-0.27730679512023928,0.2714601755142212,-0.16795732080936433,-0.7354670763015747,0.6564136147499085,0.7528956532478333,0.3341298997402191,0.5670143365859985,-0.6363478302955627,0.5894449949264526,0.4976103901863098],"EasingStyle":"Linear","EasingDirection":"In"},"Left Arm":{"Weight":1,"CFrame":[0.13369986414909364,-0.44643279910087588,0.2385