{"Sequence":[{"Time":0,"poses":{"Left Leg":{"Weight":1,"CFrame":[-0.09321634471416474,0.13148170709609986,0.0013287067413330079,0.9755063056945801,-0.14323866367340089,0.16694389283657075,0.09853468835353852,0.9630752801895142,0.2505533993244171,-0.19666847586631776,-0.22796672582626344,0.9535999298095703],"EasingStyle":"Linear","EasingDirection":"In"},"Right Arm":{"Weight":1,"CFrame":[0.19130876660346986,-0.10100877285003662,-0.181318461894989,0.9624068737030029,-0.1945217251777649,0.18956413865089417,0.27071326971054079,0.6302317380905151,-0.727682888507843,0.022080807015299798,0.7516444325447083,0.6591988801956177],"EasingStyle":"Linear","EasingDirection":"In"},"Left Arm":{"Weight":1,"CFrame":[0.11931212246417999,0.26038819551467898,0.449438214302063,-0.6488268375396729,0.7125148773193359,0.2671075165271759,-0.03185906633734703,0.32528045773506167,-0.9450807571411133,-0.7602688670158386,-0.621703565120697,-0.18835052847862245],"EasingStyle":"Linear","EasingDirection":"In"},"Head":{"Weight":1,"CFrame":[8.754432201385498e-8,-3.4924596548080446e-9,0.016661763191223146,0.9845414757728577,-0.17444926500320435,-0.01567409373819828,0.1748589724302292,0.984125554561615,0.03035549446940422,0.010129723697900772,-0.03262702003121376,0.9994163513183594],"EasingStyle":"Linear","EasingDirection":"In"},"Torso":{"Weight":1,"CFrame":[0.008841058239340783,-0.026050977408885957,-0.07104158401489258,0.9834766387939453,0.1807991862297058,0.009237497113645077,-0.1804743856191635,0.9831665754318237,-0.028507281094789506,-0.014236087910830975,0.026369113475084306,0.999550998210907],"EasingStyle":"Linear","EasingDirection":"In"},"HumanoidRootPart":{"Weight":1,"CFrame":[0,0,0,1,0,0,0,1,0,0,0,1],"EasingStyle":"Linear","EasingDirection":"In"},"Right Leg":{"Weight":1,"CFrame":[0.06382805854082108,0.12142354249954224,-0.02309715747833252,0.9720402956008911,-0.14622542262077332,0.18372762203216554,0.09764653444290161,0.9632954597473145,0.25005418062210085,-0.21354813873767854,-0.2251223772764206,0.9506404399871826],"EasingStyle":"Linear","EasingDirection":"In"}}},{"Time":0.03333333507180214,"poses":{"Left Leg":{"Weight":1,"CFrame":[-0.08820725977420807,0.12946420907974244,-0.00043457746505737305,0.9786105751991272,-0.13038241863250733,0.15912868082523347,0.08860719949007034,0.9652259945869446,0.2459425926208496,-0.18566173315048219,-0.22658202052116395,0.9561330676078796],"EasingStyle":"Linear","EasingDirection":"In"},"Right Arm":{"Weight":1,"CFrame":[0.1884988397359848,-0.11049661040306092,-0.18181627988815309,0.9210973978042603,-0.30896446108818056,0.2368982583284378,0.3838019073009491,0.6183792948722839,-0.6857866048812866,0.06539072096347809,0.722598135471344,0.6881685853004456],"EasingStyle":"Linear","EasingDirection":"In"},"Left Arm":{"Weight":1,"CFrame":[0.17465466260910035,0.28424590826034548,0.44342875480651858,-0.7255611419677734,0.6881279945373535,0.00640002079308033,0.107455775141716,0.12247762829065323,-0.9866370558738709,-0.6797163486480713,-0.7151777148246765,-0.16280820965766908],"EasingStyle":"Linear","EasingDirection":"In"},"Head":{"Weight":1,"CFrame":[9.033828973770142e-8,-1.4901161193847657e-8,0.016662001609802247,0.9861617088317871,-0.16539017856121064,-0.011452733539044857,0.16568991541862489,0.9855892658233643,0.034071244299411777,0.00565261859446764,-0.03549741581082344,0.99935382604599],"EasingStyle":"Linear","EasingDirection":"In"},"Torso":{"Weight":1,"CFrame":[0.006917247548699379,-0.028613664209842683,-0.07007217407226563,0.9851163029670715,0.1717880666255951,0.005895012058317661,-0.17152440547943116,0.984680712223053,-0.03136034682393074,-0.011192033998668194,0.02988245151937008,0.9994908571243286],"EasingStyle":"Linear","EasingDirection":"In"},"HumanoidRootPart":{"Weight":1,"CFrame":[0,0,0,1,0,0,0,1,0,0,0,1],"EasingStyle":"Linear","EasingDirection":"In"},"Right Leg":{"Weight":1,"CFrame":[0.059010304510593417,0.12318748235702515,-0.022936701774597169,0.9739360213279724,-0.14534662663936616,0.17413537204265595,0.09825921058654785,0.9622946977615356,0.25364208221435549,-0.20443548262119294,-0.22992072999477387,0.9514949321746826],"EasingStyle":"Linear","EasingDirection":"In"}}},{"Time":0.06666667014360428,"poses":{"Left Leg":{"Weight":1,"CFrame":[-0.07657598704099655,0.12341046333312988,-0.004101872444152832,0.9850162267684937,-0.1026463657617569,0.13858841359615327,0.06811896711587906,0.9698129296302795,0.23414231836795808,-0.15843872725963593,-0.22119346261024476,0.9622736573219299],"EasingStyle":"Linear","EasingDirection":"In"},"Right Arm":{"Weight":1,"CFrame":[0.18077966570854188,-0.1274639070034027,-0.18255889415740968,0.7476884126663208,-0.5773009657859802,0.32815492153167727,0.647113025188446,0.5225377678871155,-0.5551566481590271,0.1490190625190735,0.6274375915527344,0.7642744779586792],"EasingStyle":"Linear","EasingDirection":"In"},"Left Arm":{"Weight":1,"CFrame":[0.23480577766895295,0.2823277711868286,0.43623626232147219,-0.6476457715034485,0.6777970194816589,-0.3480607569217682,0.28787222504615786,-0.20528197288513184,-0.935408353805542,-0.7054675817489624,-0.7060103416442871,-0.06216879189014435],"EasingStyle":"Linear","EasingDirection":"In"},"Head":{"Weight":1,"CFrame":[8.824281394481659e-8,1.2900272849947214e-8,0.016661882400512697,0.9897531867027283,-0.14277657866477967,-0.001904405071400106,0.14274173974990846,0.988990068435669,0.03903145715594292,-0.0036893580108880998,-0.03890332952141762,0.9992361664772034],"EasingStyle":"Linear","EasingDirection":"In"},"Torso":{"Weight":1,"CFrame":[0.0030162036418914797,-0.03193175047636032,-0.06838464736938477,0.9887970089912415,0.1492469757795334,-0.0024070478975772859,-0.14924004673957826,0.9881914854049683,-0.034715600311756137,-0.002802574075758457,0.03468591719865799,0.9993943572044373],"EasingStyle":"Linear","EasingDirection":"In"},"HumanoidRootPart":{"Weight":1,"CFrame":[0,0,0,1,0,0,0,1,0,0,0,1],"EasingStyle":"Linear","EasingDirection":"In"},"Right Leg":{"Weight":1,"CFrame":[0.04747281223535538,0.12799549102783204,-0.022935152053833009,0.9786874055862427,-0.13900284469127656,0.15115965902805329,0.09569805860519409,0.9599881172180176,0.26318204402923586,-0.18169444799423219,-0.2431073933839798,0.9528305530548096],"EasingStyle":"Linear","EasingDirection":"In"}}},{"Time":0.10000000149011612,"poses":{"Left Leg":{"Weight":1,"CFrame":[-0.06611807644367218,0.1148672103881836,-0.007130026817321777,0.9912631511688232,-0.0700143501162529,0.11178264021873474,0.04434030503034592,0.9750491976737976,0.21751603484153748,-0.12422282993793488,-0.21065907180309297,0.9696347713470459],"EasingStyle":"Linear","EasingDirection":"In"},"Right Arm":{"Weight":1,"CFrame":[0.17391926050186158,-0.15289989113807679,-0.18147975206375123,0.41098925471305849,-0.8313835859298706,0.37401750683784487,0.8912612199783325,0.2801666259765625,-0.35659554600715639,0.19168038666248322,0.47990426421165469,0.8561253547668457],"EasingStyle":"Linear","EasingDirection":"In"},"Left Arm":{"Weight":1,"CFrame":[0.2863498628139496,0.27291715145111086,0.4305901527404785,-0.4492783844470978,0.5721027255058289,-0.6861833930015564,0.3806665539741516,-0.5722647309303284,-0.7263649106025696,-0.8082337975502014,-0.5875470638275147,0.039325956255197528],"EasingStyle":"Linear","EasingDirection":"In"},"Head":{"Weight":1,"CFrame":[9.033828973770142e-8,3.364402800798416e-8,0.01666247844696045,0.9934697151184082,-0.11355797201395035,0.011075613088905812,0.11296219378709793,0.992600679397583,0.04453733563423157,-0.01605120860040188,-0.04299540817737579,0.9989463090896606],"EasingStyle":"Linear","EasingDirection":"In"},"Torso":{"Weight":1,"CFrame":[-0.0006685182452201843,-0.035996899008750918,-0.0679779052734375,0.9926645159721375,0.12010882049798966,-0.013824655674397946,-0.12056171894073487,0.9919502139091492,-0.03872598335146904,0.009062036871910096,0.04010862857103348,0.9991543292999268],"EasingStyle":"Linear","EasingDirection":"In"},"HumanoidRootPart":{"Weight":1,"CFrame":[0,0,0,1,0,0,0,1,0,0,0,1],"EasingStyle":"Linear","EasingDirection":"In"},"Right Leg":{"Weight":1,"CFrame":[0.1181667298078537,0.14393019676208497,-0.03716510534286499,0.9889283776283264,-0.08499205112457276,0.12164319306612015,0.04830922186374664,0.9594699740409851,0.2776392698287964,-0.14031004905700684,-0.2686888873577118,0.9529529809951782],"EasingStyle":"Linear","EasingDirection":"In"}}},{"Time":0.13333334028720857,"poses":{"Left Leg":{"Weight":1,"CFrame":[-0.07323354482650757,0.10624414682388306,-0.007670879364013672,0.9952386617660523,-0.046974025666713718,0.08540242165327072,0.029230812564492227,0.979718804359436,0.19823388755321504,-0.092982217669487,-0.19479365646839143,0.9764270782470703],"EasingStyle":"Linear","EasingDirection":"In"},"Right Arm":{"Weight":1,"CFrame":[0.17227384448051454,-0.18220460414886475,-0.1743198037147522,0.05055714398622513,-0.9337763786315918,0.35426801443099978,0.9842178821563721,-0.013649560511112214,-0.17643395066261292,0.1695854514837265,0.3575967252254486,0.9183492660522461],"EasingStyle":"Linear","EasingDirection":"In"},"Left Arm":{"Weight":1,"CFrame":[0.31911027431488039,0.2764437794685364,0.42799901962280276,-0.24233977496623994,0.35889479517936709,-0.9013689756393433,0.31402167677879336,-0.8500356078147888,-0.4228825569152832,-0.9179661273956299,-0.3855307698249817,0.09329677373170853],"EasingStyle":"Linear","EasingDirection":"In"},"Head":{"Weight":1,"CFrame":[8.847564458847046e-8,-9.313225746154786e-10,0.016661763191223146,0.9960712790489197,-0.08480416238307953,0.025501810014247896,0.08345203846693039,0.9952521920204163,0.05009027570486069,-0.029628649353981019,-0.04776531085371971,0.9984190464019775],"EasingStyle":"Linear","EasingDirection":"In"},"Torso":{"Weight":1,"CFrame":[-0.001976802945137024,-0.04066891968250275,-0.07085490226745606,0.9954548478126526,0.09145823866128922,-0.026554429903626443,-0.09255191683769226,0.9947623014450073,-0.04338417202234268,0.022447504103183748,0.045644644647836688,0.9987055063247681],"EasingStyle":"Linear","EasingDirection":"In"},"HumanoidRootPart":{"Weight":1,"CFrame":[0,0,0,1,0,0,0,1,0,0,0,1],"EasingStyle":"Linear","EasingDirection":"In"},"Right Leg":{"Weight":1,"CFrame":[0.16288843750953675,0.16010957956314088,-0.044653117656707767,0.9946960210800171,-0.04489220306277275,0.09254459291696549,0.015576604753732682,0.9550971388816834,0.29588329792022707,-0.10167182981967926,-0.29287242889404299,0.9507306218147278],"EasingStyle":"Linear","EasingDirection":"In"}}},{"Time":0.1666666716337204,"poses":{"Left Leg":{"Weight":1,"CFrame":[-0.1157430112361908,0.10104507207870484,-0.005764484405517578,0.9966328144073486,-0.048368241637945178,0.0662090852856636,0.035886552184820178,0.9833440780639648,0.1781759113073349,-0.07372438907623291,-0.1751999706029892,0.9817687273025513],"EasingStyle":"Linear","EasingDirection":"In"},"Right Arm":{"Weight":1,"CFrame":[0.17382067441940309,-0.2088407278060913,-0.157220721244812,-0.16161268949508668,-0.9219368696212769,0.3520141541957855,0.9761298894882202,-0.20178529620170594,-0.080332912504673,0.1450931578874588,0.33062857389450076,0.9325409531593323],"EasingStyle":"Linear","EasingDirection":"In"},"Left Arm":{"Weight":1,"CFrame":[0.3264758288860321,0.3111967444419861,0.4290262460708618,-0.13916420936584474,0.11710464209318161,-0.9833208322525024,0.1253957897424698,-0.9829061627388,-0.13480164110660554,-0.9822980165481567,-0.1420639455318451,0.12210094183683396],"EasingStyle":"Linear","EasingDirection":"In"},"Head":{"Weight":1,"CFrame":[1.0011717677116394e-7,-2.7939677238464357e-9,0.016661763191223146,0.9972091913223267,-0.06347440183162689,0.03930569067597389,0.061246298253536227,0.9965781569480896,0.055507611483335498,-0.04269444942474365,-0.05294547230005264,0.9976842999458313],"EasingStyle":"Linear","EasingDirection":"In"},"Torso":{"Weight":1,"CFrame":[0.0011893287301063538,-0.045596636831760409,-0.07907962799072266,0.9967672228813171,0.07031635195016861,-0.03886853903532028,-0.07216585427522659,0.996216356754303,-0.04842627793550491,0.035316310822963718,0.05107469856739044,0.9980702996253967],"EasingStyle":"Linear","EasingDirection":"In"},"HumanoidRootPart":{"Weight":1,"CFrame":[0,0,0,1,0,0,0,1,0,0,0,1],"EasingStyle":"Linear","EasingDirection":"In"},"Right Leg":{"Weight":1,"CFrame":[0.21071463823318482,0.17876476049423219,-0.05193734169006348,0.9974625110626221,-0.008637568913400174,0.07066872715950012,-0.014225155115127564,0.9484179615974426,0.3167034983634949,-0.06975897401571274,-0.31690508127212527,0.945888340473175],"EasingStyle":"Linear","EasingDirection":"In"}}},{"Time":0.20000000298023225,"poses":{"Left Leg":{"Weight":1,"CFrame":[-0.2062896341085434,0.10472816228866577,-0.006479978561401367,0.9968112111091614,-0.06989477574825287,0.03850097209215164,0.06290976703166962,0.9851601123809815,0.15969330072402955,-0.049091391265392306,-0.15676194429397584,0.9864155650138855],"EasingStyle":"Linear","EasingDirection":"In"},"Right Arm":{"Weight":1,"CFrame":[0.17722149193286897,-0.2309562861919403,-0.12461453676223755,-0.22673504054546357,-0.8197696208953857,0.5258983969688416,0.9680077433586121,-0.24926280975341798,0.028794923797249795,0.1074817031621933,0.5156024098396301,0.8500598669052124],"EasingStyle":"Linear","EasingDirection":"In"},"Left Arm":{"Weight":1,"CFrame":[0.14791567623615266,0.4095107913017273,0.4328339099884033,-0.13008221983909608,-0.05567457899451256,-0.9899389743804932,-0.14129631221294404,-0.9871912002563477,0.07408709824085236,-0.981383740901947,0.14951202273368836,0.12054944038391113],"EasingStyle":"Linear","EasingDirection":"In"},"Head":{"Weight":1,"CFrame":[1.0756775736808777e-7,-1.4435499906539917e-8,0.016661643981933595,0.998116672039032,-0.03353743255138397,0.05136582627892494,0.030426129698753358,0.9977226257324219,0.06019934266805649,-0.053267743438482288,-0.058523133397102359,0.9968639612197876],"EasingStyle":"Linear","EasingDirection":"In"},"Torso":{"Weight":1,"CFrame":[0.010297417640686036,-0.0506700724363327,-0.09662461280822754,0.9979771971702576,0.04076072573661804,-0.04878645017743111,-0.043378181755542758,0.9976062774658203,-0.05385270342230797,0.04647459089756012,0.055860038846731189,0.9973564147949219],"EasingStyle":"Linear","EasingDirection":"In"},"HumanoidRootPart":{"Weight":1,"CFrame":[0,0,0,1,0,0,0,1,0,0,0,1],"EasingStyle":"Linear","EasingDirection":"In"},"Right Leg":{"Weight":1,"CFrame":[0.26909705996513369,0.20096302032470704,-0.057199299335479739,0.9983259439468384,0.040885213762521747,0.04091315716505051,-0.05233883485198021,0.93964684009552,0.3381192088127136,-0.024619773030281068,-0.33969447016716006,0.9402135610580444],"EasingStyle":"Linear","EasingDirection":"In"}}},{"Time":0.23333333432674409,"poses":{"Left Leg":{"Weight":1,"CFrame":[-0.30625805258750918,0.1167193055152893,-0.017923831939697267,0.9962049126625061,-0.08685982972383499,-0.005594220943748951,0.08674929291009903,0.9855814576148987,0.14527128636837007,-0.0071047162637114529,-0.14520525932312013,0.9893760681152344],"EasingStyle":"Linear","EasingDirection":"In"},"Right Arm":{"Weight":1,"CFrame":[0.18811435997486115,-0.2467961311340332,-0.07804852724075318,-0.25072312355041506,-0.5639930367469788,0.7867971658706665,0.9676500558853149,-0.16962650418281556,0.18676239252090455,0.028128955513238908,0.808169960975647,0.5882771611213684],"EasingStyle":"Linear","EasingDirection":"In"},"Left Arm":{"Weight":1,"CFrame":[-0.2345917671918869,0.5544530153274536,0.4242122173309326,-0.14488039910793305,-0.11992697417736054,-0.982154369354248,-0.42670631408691409,-0.8880046606063843,0.17137569189071656,-0.8927101492881775,0.4439203441143036,0.0774807408452034],"EasingStyle":"Linear","EasingDirection":"In"},"Head":{"Weight":1,"CFrame":[5.78147592023015e-8,4.874891601502895e-9,0.016661643981933595,0.9980283975601196,0.012910881079733372,0.06142289936542511,-0.01680230163037777,0.9978553056716919,0.06326501071453095,-0.06047433242201805,-0.06417227536439896,0.9961048364639282],"EasingStyle":"Linear","EasingDirection":"In"},"Torso":{"Weight":1,"CFrame":[0.02255450189113617,-0.05561608821153641,-0.11986899375915528,0.998449981212616,-0.005026679020375013,-0.055430732667446139,0.0017307063098996878,0.9982357621192932,-0.05934951454401016,0.05563127622008324,0.059161584824323657,0.9966970682144165],"EasingStyle":"Linear","EasingDirection":"In"},"HumanoidRootPart":{"Weight":1,"CFrame":[0,0,0,1,0,0,0,1,0,0,0,1],"EasingStyle":"Linear","EasingDirection":"In"},"Right Leg":{"Weight":1,"CFrame":[0.31749898195266726,0.2217438817024231,-0.053285837173461917,0.994950532913208,0.10029579699039459,-0.003766725305467844,-0.0923384502530098,0.9294294714927673,0.35725995898246767,0.03933265432715416,-0.3551081120967865,0.9339974522590637],"EasingStyle":"Linear","EasingDirection":"In"}}},{"Time":0.2666666805744171,"poses":{"Left Leg":{"Weight":1,"CFrame":[-0.37982529401779177,0.1302170753479004,-0.03494983911514282,0.9944201111793518,-0.09465374052524567,-0.04657820239663124,0.10019765049219132,0.9855858683586121,0.13631227612495423,0.03300430253148079,-0.14021867513656617,0.9895703792572022],"EasingStyle":"Linear","EasingDirection":"In"},"Right Arm":{"Weight":1,"CFrame":[0.20751963555812837,-0.25502198934555056,-0.024938762187957765,-0.2654200792312622,-0.2719062864780426,0.9249969124794006,0.9628686904907227,-0.02564171887934208,0.2687496542930603,-0.04935619980096817,0.9619821310043335,0.2686159014701843],"EasingStyle":"Linear","EasingDirection":"In"},"Left Arm":{"Weight":1,"CFrame":[-0.6139820218086243,0.6869440078735352,0.3835974931716919,-0.1547686755657196,-0.09160104393959046,-0.9836950302124023,-0.6567506194114685,-0.7342994809150696,0.17170672118663789,-0.7380551099777222,0.6726170778274536,0.05348743870854378],"EasingStyle":"Linear","EasingDirection":"In"},"Head":{"Weight":1,"CFrame":[9.73232090473175e-8,2.584420144557953e-8,0.016661882400512697,0.9960747361183167,0.056100428104400638,0.06846780329942703,-0.06055045872926712,0.9960629343986511,0.0647483617067337,-0.06456581503152847,-0.06863988190889359,0.9955500960350037],"EasingStyle":"Linear","EasingDirection":"In"},"Torso":{"Weight":1,"CFrame":[0.033415064215660098,-0.05941827595233917,-0.14010238647460938,0.9971401691436768,-0.04718586057424545,-0.059035420417785647,0.04341090843081474,0.9970263838768005,-0.06367018818855286,0.0618642121553421,0.060925308614969257,0.9962233304977417],"EasingStyle":"Linear","EasingDirection":"In"},"HumanoidRootPart":{"Weight":1,"CFrame":[0,0,0,1,0,0,0,1,0,0,0,1],"EasingStyle":"Linear","EasingDirection":"In"},"Right Leg":{"Weight":1,"CFrame":[0.34625157713890078,0.236272394657135,-0.04408466815948486,0.9879136085510254,0.14854201674461366,-0.04429339990019798,-0.12175735831260681,0.9204938411712647,0.37130340933799746,0.09592602401971817,-0.3614226281642914,0.9274545311927795],"EasingStyle":"Linear","EasingDirection":"In"}}},{"Time":0.30000001192092898,"poses":{"Left Leg":{"Weight":1,"CFrame":[-0.408782958984375,0.13678526878356934,-0.04394453763961792,0.9932082295417786,-0.09679839015007019,-0.06455610692501068,0.10471395403146744,0.9855284690856934,0.1332990825176239,0.05071872100234032,-0.1391536295413971,0.9889711737632752],"EasingStyle":"Linear","EasingDirection":"In"},"Right Arm":{"Weight":1,"CFrame":[0.23286086320877076,-0.2568266987800598,0.03531002998352051,-0.25915321707725527,-0.13038423657417298,0.9569950699806213,0.9610120058059692,0.0641000047326088,0.268974244594574,-0.09641340374946594,0.9893893003463745,0.10868923366069794],"EasingStyle":"Linear","EasingDirection":"In"},"Left Arm":{"Weight":1,"CFrame":[-0.7834374904632568,0.7474269866943359,0.2929518222808838,-0.14348134398460389,0.010867667384445668,-0.9895933270454407,-0.8028737902641296,-0.5859175324440002,0.10997448861598969,-0.5786249041557312,0.8102979063987732,0.09279339015483856],"EasingStyle":"Linear","EasingDirection":"In"},"Head":{"Weight":1,"CFrame":[1.387670636177063e-7,1.7345882952213289e-8,0.016662120819091798,0.9945438504219055,0.07604044675827027,0.07141765207052231,-0.08072062581777573,0.9946081638336182,0.06510691344738007,-0.06608184427022934,-0.07051663845777512,0.9953193664550781],"EasingStyle":"Linear","EasingDirection":"In"},"Torso":{"Weight":1,"CFrame":[0.03810589015483856,-0.06092943251132965,-0.14879250526428224,0.9960334300994873,-0.0656065046787262,-0.0601113922894001,0.06165365129709244,0.9959521293640137,-0.06540917605161667,0.0641593337059021,0.06144363433122635,0.9960464239120483],"EasingStyle":"Linear","EasingDirection":"In"},"HumanoidRootPart":{"Weight":1,"CFrame":[0,0,0,1,0,0,0,1,0,0,0,1],"EasingStyle":"Linear","EasingDirection":"In"},"Right Leg":{"Weight":1,"CFrame":[0.3558630347251892,0.2417113184928894,-0.038903892040252689,0.9837639331817627,0.16847297549247743,-0.06184994429349899,-0.13328887522220612,0.9166494011878967,0.37681299448013308,0.12017759680747986,-0.36245113611221316,0.9242221713066101],"EasingStyle":"Linear","EasingDirection":"In"}}},{"Time":0.3333333432674408,"poses":{"Left Leg":{"Weight":1,"CFrame":[-0.402459979057312,0.14793038368225099,-0.043654561042785647,0.9932962656021118,-0.10188587754964829,-0.054607413709163669,0.10951206833124161,0.9806401133537293,0.16233353316783906,0.03701069951057434,-0.16722546517848969,0.9852238297462463],"EasingStyle":"Linear","EasingDirection":"In"},"Right Arm":{"Weight":1,"CFrame":[0.2693684697151184,-0.25542619824409487,0.1046363115310669,-0.22629936039447785,-0.2670779526233673,0.9367274045944214,0.9651948809623718,0.0679495707154274,0.2525503933429718,-0.1311008483171463,0.9612763524055481,0.2424049973487854],"EasingStyle":"Linear","EasingDirection":"In"},"Left Arm":{"Weight":1,"CFrame":[-0.7752528190612793,0.6259262561798096,0.1492002010345459,-0.17272593080997468,0.23956084251403809,-0.9553933143615723,-0.8869993686676025,-0.4595602750778198,0.04512827470898628,-0.4282498359680176,0.855228066444397,0.2918681204319],"EasingStyle":"Linear","EasingDirection":"In"},"Head":{"Weight":1,"CFrame":[6.984919309616089e-8,-2.0838342607021333e-8,0.016662001609802247,0.9960705041885376,0.06874221563339234,0.055840857326984408,-0.07224120944738388,0.9953786134719849,0.06326652318239212,-0.051233742386102679,-0.06705190241336823,0.9964332580566406],"EasingStyle":"Linear","EasingDirection":"In"},"Torso":{"Weight":1,"CFrame":[0.027442827820777894,-0.05817049741744995,-0.14394640922546388,0.9974693655967712,-0.05520538613200188,-0.04480227082967758,0.05237540602684021,0.9966975450515747,-0.0620550736784935,0.04808008670806885,0.05955149605870247,0.9970666766166687],"EasingStyle":"Linear","EasingDirection":"In"},"HumanoidRootPart":{"Weight":1,"CFrame":[0,0,0,1,0,0,0,1,0,0,0,1],"EasingStyle":"Linear","EasingDirection":"In"},"Right Leg":{"Weight":1,"CFrame":[0.35365670919418337,0.22594976425170899,-0.03535586595535278,0.9857732057571411,0.15993402898311616,-0.05169523507356644,-0.13236096501350404,0.9282126426696777,0.34770944714546206,0.1035948246717453,-0.3359202742576599,0.9361761808395386],"EasingStyle":"Linear","EasingDirection":"In"}}},{"Time":0.36666667461395266,"poses":{"Left Leg":{"Weight":1,"CFrame":[-0.37997427582740786,0.17084860801696778,-0.04415684938430786,0.9934393167495728,-0.10910224914550781,-0.03427988290786743,0.11405271291732788,0.9671943187713623,0.22699616849422456,0.0083894869312644,-0.2294166088104248,0.9732921719551086],"EasingStyle":"Linear","EasingDirection":"In"},"Right Arm":{"Weight":1,"CFrame":[0.3168846070766449,-0.24891838431358338,0.17385530471801759,-0.15803085267543794,-0.6941452026367188,0.702273964881897,0.973084568977356,0.011330426670610905,0.23016995191574098,-0.167728453874588,0.7197458148002625,0.6736714243888855],"EasingStyle":"Linear","EasingDirection":"In"},"Left Arm":{"Weight":1,"CFrame":[-0.7573239803314209,0.37042152881622317,0.0035524368286132814,-0.24672824144363404,0.6504913568496704,-0.7183218598365784,-0.9452157020568848,-0.3250354826450348,0.030318954959511758,-0.21375788748264314,0.6864494681358337,0.695050060749054],"EasingStyle":"Linear","EasingDirection":"In"},"Head":{"Weight":1,"CFrame":[8.777715265750885e-8,7.566995918750763e-9,0.0166623592376709,0.9984613060951233,0.05136042460799217,0.020908696576952935,-0.05250827223062515,0.996895968914032,0.05866407975554466,-0.017830850556492807,-0.05967162549495697,0.9980588555335999],"EasingStyle":"Linear","EasingDirection":"In"},"Torso":{"Weight":1,"CFrame":[0.0020511597394943239,-0.052514031529426578,-0.13262271881103517,0.9993822574615479,-0.0334085151553154,-0.010915511287748814,0.03275759890675545,0.9979391098022461,-0.055178429931402209,0.012736446224153042,0.05478678271174431,0.9984168410301209],"EasingStyle":"Linear","EasingDirection":"In"},"HumanoidRootPart":{"Weight":1,"CFrame":[0,0,0,1,0,0,0,1,0,0,0,1],"EasingStyle":"Linear","EasingDirection":"In"},"Right Leg":{"Weight":1,"CFrame":[0.3403489887714386,0.18854773044586183,-0.02815908193588257,0.9898450374603272,0.13893339037895204,-0.030072055757045747,-0.12498033791780472,0.9513747692108154,0.28154245018959048,0.06772550940513611,-0.27492502331733706,0.9590774178504944],"EasingStyle":"Linear","EasingDirection":"In"}}},{"Time":0.4000000059604645,"poses":{"Left Leg":{"Weight":1,"CFrame":[-0.3385535180568695,0.19105851650238038,-0.04733306169509888,0.9943705201148987,-0.10411830246448517,-0.019665567204356195,0.10529481619596482,0.9502178430557251,0.2932561933994293,-0.011846795678138733,-0.29367595911026,0.9558316469192505],"EasingStyle":"Linear","EasingDirection":"In"},"Right Arm":{"Weight":1,"CFrame":[0.37901946902275088,-0.22839781641960145,0.2296147346496582,-0.052748050540685657,-0.9963635802268982,-0.06691181659698487,0.9886021018028259,-0.061563655734062198,0.13738910853862763,-0.14100882411003114,-0.05890217050909996,0.9882545471191406],"EasingStyle":"Linear","EasingDirection":"In"},"Left Arm":{"Weight":1,"CFrame":[-0.7349717617034912,0.15697407722473145,-0.08004188537597656,-0.21760684251785279,0.9746060967445374,-0.05282316729426384,-0.9735230207443237,-0.21284687519073487,0.0833626240491867,0.0700024664402008,0.0695648044347763,0.9951183199882507],"EasingStyle":"Linear","EasingDirection":"In"},"Head":{"Weight":1,"CFrame":[9.115319699048996e-8,-6.730260793119669e-9,0.016661882400512697,0.9991511106491089,0.03879360854625702,-0.013868854381144047,-0.038003090769052508,0.9978540539741516,0.05332191288471222,0.015907593071460725,-0.052749522030353549,0.9984811544418335],"EasingStyle":"Linear","EasingDirection":"In"},"Torso":{"Weight":1,"CFrame":[-0.02836272120475769,-0.0473562553524971,-0.1188192367553711,0.9995898604393005,-0.016710994765162469,0.023257099092006685,0.017833108082413675,0.9986441731452942,-0.04890802502632141,-0.02240826189517975,0.04930271953344345,0.9985324740409851],"EasingStyle":"Linear","EasingDirection":"In"},"HumanoidRootPart":{"Weight":1,"CFrame":[0,0,0,1,0,0,0,1,0,0,0,1],"EasingStyle":"Linear","EasingDirection":"In"},"Right Leg":{"Weight":1,"CFrame":[0.3084704279899597,0.14573049545288087,-0.020360827445983888,0.9934152364730835,0.11381175369024277,-0.013154838234186173,-0.10848796367645264,0.9713733792304993,0.211339071393013,0.03683120384812355,-0.20852030813694,0.9773242473602295],"EasingStyle":"Linear","EasingDirection":"In"}}},{"Time":0.4333333373069763,"poses":{"Left Leg":{"Weight":1,"CFrame":[-0.2798868417739868,0.19563275575637818,-0.04933786392211914,0.9969291090965271,-0.0758051872253418,-0.019645484164357187,0.07805038243532181,0.9414671659469605,0.32794463634490969,-0.006364356726408005,-0.3284708857536316,0.9444926977157593],"EasingStyle":"Linear","EasingDirection":"In"},"Right Arm":{"Weight":1,"CFrame":[0.4591359794139862,-0.18357104063034059,0.2895244359970093,-0.013642122969031334,-0.6104404926300049,-0.7919446229934692,0.9987806081771851,-0.04590202495455742,0.018176740035414697,-0.04744767025113106,-0.7907309532165527,0.6103223562240601],"EasingStyle":"Linear","EasingDirection":"In"},"Left Arm":{"Weight":1,"CFrame":[-0.6939932703971863,0.0635836124420166,0.010242342948913575,-0.040493618696928027,0.7356300950050354,0.6761718392372131,-0.9762511253356934,-0.17327077686786652,0.13004271686077119,0.21282409131526948,-0.6548478603363037,0.725176215171814],"EasingStyle":"Linear","EasingDirection":"In"},"Head":{"Weight":1,"CFrame":[8.498318493366242e-8,2.1886080503463746e-8,0.01666247844696045,0.9987351298332214,0.04088382050395012,-0.029271280393004419,-0.03936305642127991,0.9979342222213745,0.050772953778505328,0.03128665313124657,-0.04955651983618736,0.9982811808586121],"EasingStyle":"Linear","EasingDirection":"In"},"Torso":{"Weight":1,"CFrame":[-0.054476700723171237,-0.04504077881574631,-0.10461807250976563,0.9991171360015869,-0.01573437638580799,0.03895657882094383,0.01752633787691593,0.9987834095954895,-0.04609305039048195,-0.038183942437171939,0.046735119074583057,0.9981772303581238],"EasingStyle":"Linear","EasingDirection":"In"},"HumanoidRootPart":{"Weight":1,"CFrame":[0,0,0,1,0,0,0,1,0,0,0,1],"EasingStyle":"Linear","EasingDirection":"In"},"Right Leg":{"Weight":1,"CFrame":[0.26735812425613406,0.11801588535308838,-0.014214813709259034,0.9955524206161499,0.09343321621417999,-0.012067483738064766,-0.08998624235391617,0.9810130000114441,0.1718025654554367,0.02789049968123436,-0.16995257139205934,0.985057532787323],"EasingStyle":"Linear","EasingDirection":"In"}}},{"Time":0.46666666865348818,"poses":{"Left Leg":{"Weight":1,"CFrame":[-0.21323516964912415,0.18553471565246583,-0.046551525592803958,0.999054491519928,-0.03212594985961914,-0.029292937368154527,0.03999457508325577,0.9433061480522156,0.32950595021247866,0.017046483233571054,-0.33036595582962038,0.943699061870575],"EasingStyle":"Linear","EasingDirection":"In"},"Right Arm":{"Weight":1,"CFrame":[0.521568775177002,-0.10974425077438355,0.3611938953399658,-0.0324217863380909,-0.16821737587451936,-0.9852166175842285,0.9994399547576904,0.002721899189054966,-0.033354587852954867,0.00829247571527958,-0.9857462644577026,0.16803480684757234],"EasingStyle":"Linear","EasingDirection":"In"},"Left Arm":{"Weight":1,"CFrame":[-0.6128109097480774,0.03133910894393921,0.24293065071105958,0.054984986782073978,0.26354166865348818,0.9630796909332275,-0.9872556328773499,-0.12991493940353394,0.09191584587097168,0.14934204518795014,-0.9558597803115845,0.2530399262905121],"EasingStyle":"Linear","EasingDirection":"In"},"Head":{"Weight":1,"CFrame":[8.172355592250824e-8,-5.122274160385132e-9,0.016662120819091798,0.9982321858406067,0.05334128066897392,-0.02621491439640522,-0.0519576333463192,0.9973515868186951,0.050895411521196368,0.028860311955213548,-0.04944344609975815,0.9983599185943604],"EasingStyle":"Linear","EasingDirection":"In"},"Torso":{"Weight":1,"CFrame":[-0.06856514513492584,-0.04494049400091171,-0.09125328063964844,0.9989902973175049,-0.025853727012872697,0.03674237057566643,0.02753347158432007,0.9985632300376892,-0.04597114771604538,-0.03550105169415474,0.04693637043237686,0.9982669353485107],"EasingStyle":"Linear","EasingDirection":"In"},"HumanoidRootPart":{"Weight":1,"CFrame":[0,0,0,1,0,0,0,1,0,0,0,1],"EasingStyle":"Linear","EasingDirection":"In"},"Right Leg":{"Weight":1,"CFrame":[0.22746479511260987,0.10898822546005249,-0.010568082332611084,0.9966138601303101,0.0791817456483841,-0.022161420434713365,-0.07441429048776627,0.9832214713096619,0.16654735803604127,0.03497716411948204,-0.16433435678482057,0.9857844710350037],"EasingStyle":"Linear","EasingDirection":"In"}}},{"Time":0.5,"poses":{"Left Leg":{"Weight":1,"CFrame":[-0.12421676516532898,0.17015457153320313,-0.03898221254348755,0.9991863965988159,0.01991848833858967,-0.03507004678249359,-0.007563536521047354,0.9466516971588135,0.3221700191497803,0.03961622342467308,-0.32164266705513,0.9460320472717285],"EasingStyle":"Linear","EasingDirection":"In"},"Right Arm":{"Weight":1,"CFrame":[0.5448837876319885,-0.0017485320568084717,0.4258159399032593,-0.04411998763680458,-0.016720840707421304,-0.9988862872123718,0.9987690448760986,0.021952852606773378,-0.0444822758436203,0.02267218753695488,-0.9996192455291748,0.015731697902083398],"EasingStyle":"Linear","EasingDirection":"In"},"Left Arm":{"Weight":1,"CFrame":[-0.504176676273346,0.028234422206878663,0.4629998207092285,-0.0163943599909544,-0.029583606868982316,0.9994279742240906,-0.9998530149459839,-0.004533004947006702,-0.01653549075126648,0.005019532982259989,-0.9995520710945129,-0.029504790902137758],"EasingStyle":"Linear","EasingDirection":"In"},"Head":{"Weight":1,"CFrame":[9.639188647270203e-8,1.3271346688270569e-8,0.016662120819091798,0.9978928565979004,0.06174232065677643,-0.01994745247066021,-0.06065858528017998,0.9968547224998474,0.05100185424089432,0.023033641278743745,-0.04968443140387535,0.99849933385849],"EasingStyle":"Linear","EasingDirection":"In"},"Torso":{"Weight":1,"CFrame":[-0.07498140633106232,-0.04504039138555527,-0.07805919647216797,0.9990060329437256,-0.03195992112159729,0.03107251413166523,0.03337351605296135,0.9983795285224915,-0.04609258100390434,-0.029549045488238336,0.04708376154303551,0.9984537959098816],"EasingStyle":"Linear","EasingDirection":"In"},"HumanoidRootPart":{"Weight":1,"CFrame":[0,0,0,1,0,0,0,1,0,0,0,1],"EasingStyle":"Linear","EasingDirection":"In"},"Right Leg":{"Weight":1,"CFrame":[0.18183328211307527,0.10444760322570801,-0.009728848934173584,0.9978514909744263,0.059134647250175479,-0.028205007314682008,-0.05348217114806175,0.983875036239624,0.1706741750240326,0.037843022495508197,-0.16879902780056,0.984923779964447],"EasingStyle":"Linear","EasingDirection":"In"}}},{"Time":0.5333333611488342,"poses":{"Left Leg":{"Weight":1,"CFrame":[0.016873301938176156,0.15135252475738526,-0.02782309055328369,0.9962584376335144,0.08346284925937653,-0.0224319938570261,-0.07249076664447785,0.9483187198638916,0.3089284598827362,0.04705670475959778,-0.306146502494812,0.9508206844329834],"EasingStyle":"Linear","EasingDirection":"In"},"Right Arm":{"Weight":1,"CFrame":[0.42866939306259158,0.18469351530075074,0.47493231296539309,-0.26834213733673098,-0.07537121325731278,-0.960370659828186,0.9615362286567688,0.03974824771285057,-0.2717873454093933,0.05865800008177757,-0.9963630437850952,0.06180616468191147],"EasingStyle":"Linear","EasingDirection":"In"},"Left Arm":{"Weight":1,"CFrame":[-0.39150291681289675,0.024779975414276124,0.5954676866531372,-0.23958785831928254,-0.146177738904953,0.9598072171211243,-0.9617916941642761,0.17064782977104188,-0.21409377455711366,-0.13249333202838899,-0.9744287729263306,-0.18147748708724976],"EasingStyle":"Linear","EasingDirection":"In"},"Head":{"Weight":1,"CFrame":[9.371433407068253e-8,4.540197551250458e-9,0.016662001609802247,0.9986212253570557,0.050922341644763949,-0.012748912908136845,-0.05020938813686371,0.9974306225776672,0.0510999858379364,0.015318293124437333,-0.050389379262924197,0.9986121654510498],"EasingStyle":"Linear","EasingDirection":"In"},"Torso":{"Weight":1,"CFrame":[-0.07703256607055664,-0.04532565176486969,-0.05944991111755371,0.9995485544204712,-0.01878225989639759,0.023455126211047174,0.019859781488776208,0.9987168908119202,-0.04658477008342743,-0.02255006693303585,0.04702955111861229,0.998638927936554],"EasingStyle":"Linear","EasingDirection":"In"},"HumanoidRootPart":{"Weight":1,"CFrame":[0,0,0,1,0,0,0,1,0,0,0,1],"EasingStyle":"Linear","EasingDirection":"In"},"Right Leg":{"Weight":1,"CFrame":[0.092439204454422,0.09771221876144409,-0.012592196464538575,0.9998809099197388,0.0023384233936667444,-0.015258780680596829,0.0004364645283203572,0.9837818741798401,0.17936857044696809,0.015430823899805546,-0.17935390770435334,0.9836636781692505],"EasingStyle":"Linear","EasingDirection":"In"}}},{"Time":0.5666666626930237,"poses":{"Left Leg":{"Weight":1,"CFrame":[0.03204517811536789,0.1417485475540161,-0.02559763193130493,0.9977452754974365,0.06662513315677643,0.00808956753462553,-0.06611428409814835,0.9549782872200012,0.2892151176929474,0.011543604545295239,-0.2890979051589966,0.9572299718856812],"EasingStyle":"Linear","EasingDirection":"In"},"Right Arm":{"Weight":1,"CFrame":[0.150911346077919,0.3956223130226135,0.512099027633667,-0.8163741230964661,-0.2660914957523346,-0.5125705599784851,0.5343503952026367,-0.011318420059978962,-0.8451873660087586,0.21909566223621369,-0.9638813734054565,0.15142636001110078],"EasingStyle":"Linear","EasingDirection":"In"},"Left Arm":{"Weight":1,"CFrame":[-0.287327378988266,0.014924585819244385,0.6773120164871216,-0.5508337616920471,-0.1520787924528122,0.8206427097320557,-0.8049644231796265,0.35655930638313296,-0.47423386573791506,-0.22048689424991609,-0.921812117099762,-0.3188227117061615],"EasingStyle":"Linear","EasingDirection":"In"},"Head":{"Weight":1,"CFrame":[8.870847523212433e-8,5.704350769519806e-9,0.016662120819091798,0.9997531175613403,0.021680908277630807,-0.004868241026997566,-0.021402131766080858,0.9984474778175354,0.051426611840724948,0.00597564410418272,-0.05130966007709503,0.998664915561676],"EasingStyle":"Linear","EasingDirection":"In"},"Torso":{"Weight":1,"CFrame":[-0.07234552502632141,-0.04553151875734329,-0.03457236289978027,0.9998170137405396,0.012864057905972004,0.014159705489873886,-0.012182805687189103,0.998811662197113,-0.0471898652613163,-0.01474993210285902,0.04700872302055359,0.9987855553627014],"EasingStyle":"Linear","EasingDirection":"In"},"HumanoidRootPart":{"Weight":1,"CFrame":[0,0,0,1,0,0,0,1,0,0,0,1],"EasingStyle":"Linear","EasingDirection":"In"},"Right Leg":{"Weight":1,"CFrame":[-0.020172487944364549,0.09393173456192017,-0.013056516647338868,0.9966781735420227,-0.07989349216222763,0.015800312161445619,0.0753476545214653,0.9782199263572693,0.19341307878494264,-0.030908551067113878,-0.19158005714416505,0.9809901714324951],"EasingStyle":"Linear","EasingDirection":"In"}}},{"Time":0.6000000238418579,"poses":{"Left Leg":{"Weight":1,"CFrame":[0.050302159041166309,0.12974828481674195,-0.023705661296844484,0.9978368282318115,0.048011768609285358,0.04490513727068901,-0.0582236647605896,0.9626015424728394,0.26459088921546938,-0.0305223036557436,-0.26663315296173098,0.9633146524429321],"EasingStyle":"Linear","EasingDirection":"In"},"Right Arm":{"Weight":1,"CFrame":[-0.17180806398391725,0.4856923818588257,0.5428121089935303,-0.7745561599731445,-0.356525182723999,0.5224488377571106,-0.4337700605392456,-0.3017408847808838,-0.8489970564842224,0.4603330194950104,-0.8842185139656067,0.0790654718875885],"EasingStyle":"Linear","EasingDirection":"In"},"Left Arm":{"Weight":1,"CFrame":[-0.19853109121322633,-0.0012883543968200684,0.7213066816329956,-0.8297476172447205,-0.03182857111096382,0.5572305917739868,-0.48642343282699587,0.5308175086975098,-0.6939921379089356,-0.273699015378952,-0.8468882441520691,-0.4559265375137329],"EasingStyle":"Linear","EasingDirection":"In"},"Head":{"Weight":1,"CFrame":[8.614733815193176e-8,-1.257285475730896e-8,0.016661763191223146,0.9998978972434998,-0.013680864125490189,0.004143618978559971,0.013446163386106491,0.9985472559928894,0.05218024179339409,-0.004851492587476969,-0.0521191731095314,0.9986291527748108],"EasingStyle":"Linear","EasingDirection":"In"},"Torso":{"Weight":1,"CFrame":[-0.06125763803720474,-0.045480452477931979,-0.009311199188232422,0.9987127780914307,0.05061301589012146,0.0033426955342292787,-0.05039719119668007,0.9975957274436951,-0.047569986432790759,-0.005742318462580442,0.04734028875827789,0.9988623261451721],"EasingStyle":"Linear","EasingDirection":"In"},"HumanoidRootPart":{"Weight":1,"CFrame":[0,0,0,1,0,0,0,1,0,0,0,1],"EasingStyle":"Linear","EasingDirection":"In"},"Right Leg":{"Weight":1,"CFrame":[-0.0017974786460399628,0.10342049598693848,-0.014603197574615479,0.9937655925750732,-0.09825796633958817,0.05268236622214317,0.08494285494089127,0.9733380675315857,0.21306751668453217,-0.07221326231956482,-0.20726418495178224,0.9756161570549011],"EasingStyle":"Linear","EasingDirection":"In"}}},{"Time":0.6333333253860474,"poses":{"Left Leg":{"Weight":1,"CFrame":[0.06574971973896027,0.11582380533218384,-0.021946489810943605,0.9965047240257263,0.03439870849251747,0.07612556219100952,-0.051536835730075839,0.9703459143638611,0.23616261780261994,-0.06574445217847824,-0.2392604500055313,0.968727171421051],"EasingStyle":"Linear","EasingDirection":"In"},"Right Arm":{"Weight":1,"CFrame":[-0.42470109462738039,0.46270692348480227,0.5660132169723511,-0.