{"Sequence":[{"Time":0,"poses":{"Left Leg":{"Weight":1,"CFrame":[-0.4548795819282532,0.22901219129562379,0.12871086597442628,0.7011011242866516,-0.6292282938957214,0.3354533314704895,0.5267157554626465,0.7741042375564575,0.35118821263313296,-0.48065346479415896,-0.06952986121177674,0.8741497993469238],"EasingStyle":"Linear","EasingDirection":"In"},"Head":{"Weight":1,"CFrame":[1.341104507446289e-7,1.1102230246251566e-16,-2.384185791015625e-7,0.9998961687088013,0.014333643019199372,0.0014865901321172715,-0.014333660714328289,0.9786157011985779,0.2051970213651657,0.0014864206314086915,-0.2051970213651657,0.9787195324897766],"EasingStyle":"Linear","EasingDirection":"In"},"Right Arm":{"Weight":1,"CFrame":[0.697734534740448,-0.2522802948951721,-0.30651962757110598,0.8092263340950012,-0.32148584723472597,0.49173128604888918,0.5289694666862488,0.7628875374794006,-0.3717446029186249,-0.255624920129776,0.5609362125396729,0.7874047756195068],"EasingStyle":"Linear","EasingDirection":"In"},"Left Arm":{"Weight":1,"CFrame":[-0.6067257523536682,-0.41488611698150637,-0.06224930286407471,0.49021923542022707,0.2949877977371216,-0.8201630115509033,-0.723146378993988,0.662952184677124,-0.19378764927387238,0.48656389117240908,0.6880964040756226,0.5383111834526062],"EasingStyle":"Linear","EasingDirection":"In"},"handle":{"Weight":1,"CFrame":[1.3097893258873229e-7,-1.7822567224502564,-1.0996904373168946,1,3.3039952995750356e-9,1.6360617394184374e-7,1.564621925354004e-7,-0.03274557366967201,-0.9994637370109558,2.0817370049996954e-9,0.9994637370109558,-0.03274557366967201],"EasingStyle":"Linear","EasingDirection":"In"},"Torso":{"Weight":1,"CFrame":[0.2090509533882141,-9.798224454016236e-10,1.8233060836791993,0.9975691437721252,9.36261290718221e-9,0.06968355923891068,-9.36261290718221e-9,1,-3.2660668614070689e-10,-0.06968355923891068,-3.266074910523997e-10,0.9975691437721252],"EasingStyle":"Linear","EasingDirection":"In"},"HumanoidRootPart":{"Weight":0,"CFrame":[0,0,0,1,0,0,0,1,0,0,0,1],"EasingStyle":"Linear","EasingDirection":"In"},"Right Leg":{"Weight":1,"CFrame":[0.4402911067008972,0.22033900022506715,0.12220573425292969,0.6833434104919434,0.6326730251312256,-0.3643713891506195,-0.5262123942375183,0.7727521657943726,0.3549008071422577,0.5061050057411194,-0.05078247934579849,0.8609755635261536],"EasingStyle":"Linear","EasingDirection":"In"}}},{"Time":0.03333333507180214,"poses":{"Left Leg":{"Weight":1,"CFrame":[-0.44886812567710879,0.2249698042869568,0.12799298763275147,0.7158427834510803,-0.605593740940094,0.34759950637817385,0.5040885806083679,0.7926687598228455,0.3428860306739807,-0.4831809103488922,-0.07023153454065323,0.8726991415023804],"EasingStyle":"Linear","EasingDirection":"In"},"Head":{"Weight":1,"CFrame":[1.0508259862263003e-7,5.762558430433273e-9,-5.960464477539063e-7,0.9998863935470581,0.014996969141066075,0.001508666086010635,-0.014990998432040215,0.9790701270103455,0.20297031104564668,0.0015668642008677126,-0.20296989381313325,0.9791837334632874],"EasingStyle":"Linear","EasingDirection":"In"},"Right Arm":{"Weight":1,"CFrame":[0.7196389436721802,-0.27227890491485598,-0.30582886934280398,0.8155279159545898,-0.31436845660209658,0.48588743805885317,0.5196554660797119,0.7673106789588928,-0.3757562041282654,-0.254700630903244,0.5589336156845093,0.7891265153884888],"EasingStyle":"Linear","EasingDirection":"In"},"Left Arm":{"Weight":1,"CFrame":[-0.6283650994300842,-0.43378081917762759,-0.06314742565155029,0.49965161085128786,0.2893602252006531,-0.8164675235748291,-0.7160717844963074,0.6683575510978699,-0.20134340226650239,0.48743149638175967,0.6852509379386902,0.5411484241485596],"EasingStyle":"Linear","EasingDirection":"In"},"handle":{"Weight":1,"CFrame":[1.476503967978715e-7,-1.7822566032409669,-1.0996904373168946,1,9.286075242087577e-10,1.6417152437497863e-7,1.561822244866562e-7,-0.013905222527682782,-0.9999033212661743,1.2731603549198667e-9,0.9999033212661743,-0.013905220665037632],"EasingStyle":"Linear","EasingDirection":"In"},"Torso":{"Weight":1,"CFrame":[0.2076524794101715,-0.0278937891125679,1.7725791931152344,0.9976595044136047,0.0023841666989028455,0.06833650171756745,-1.2411264016520818e-8,0.9993919730186462,-0.03486723080277443,-0.06837807595729828,0.03478562459349632,0.9970528483390808],"EasingStyle":"Linear","EasingDirection":"In"},"HumanoidRootPart":{"Weight":0,"CFrame":[0,0,0,1,0,0,0,1,0,0,0,1],"EasingStyle":"Linear","EasingDirection":"In"},"Right Leg":{"Weight":1,"CFrame":[0.43425390124320986,0.21572595834732057,0.1215062141418457,0.6980642080307007,0.6090177893638611,-0.3765682280063629,-0.5041701197624207,0.7914955615997315,0.34546664357185366,0.5084474682807922,-0.051303569227457049,0.8595633506774902],"EasingStyle":"Linear","EasingDirection":"In"}}},{"Time":0.06666667014360428,"poses":{"Left Leg":{"Weight":1,"CFrame":[-0.44315269589424136,0.22081917524337769,0.12731409072875977,0.7295273542404175,-0.5820696353912354,0.3591444194316864,0.4816989302635193,0.8100392818450928,0.33436885476112368,-0.4855470657348633,-0.07093166559934616,0.8713281750679016],"EasingStyle":"Linear","EasingDirection":"In"},"Head":{"Weight":1,"CFrame":[9.124339328536735e-8,7.916241884231568e-9,1.1920928955078126e-7,0.9998659491539002,0.016299372538924218,0.0015562904300168157,-0.016287431120872499,0.9803733229637146,0.19647619128227235,0.0016766921617090703,-0.19647517800331117,0.9805073738098145],"EasingStyle":"Linear","EasingDirection":"In"},"Right Arm":{"Weight":1,"CFrame":[0.7379019260406494,-0.29421013593673708,-0.30387163162231448,0.8204303979873657,-0.3088332712650299,0.4811609983444214,0.5123014450073242,0.7707364559173584,-0.3788307011127472,-0.2538527250289917,0.5573036074638367,0.7905513048171997],"EasingStyle":"Linear","EasingDirection":"In"},"Left Arm":{"Weight":1,"CFrame":[-0.6464071273803711,-0.4546605348587036,-0.06563001871109009,0.5067580342292786,0.2847592830657959,-0.8137005567550659,-0.7104958295822144,0.6725274324417114,-0.20712910592556,0.48825401067733767,0.6830952167510986,0.5431288480758667],"EasingStyle":"Linear","EasingDirection":"In"},"handle":{"Weight":1,"CFrame":[1.4936803438558855e-7,-1.7822566032409669,-1.0996904373168946,1,-5.04168207182687e-10,1.4263160608152249e-7,1.337820378921606e-7,0.003386680968105793,-0.9999942779541016,-8.022681408093035e-10,0.9999942779541016,0.0033866879530251028],"EasingStyle":"Linear","EasingDirection":"In"},"Torso":{"Weight":1,"CFrame":[0.2037142813205719,-0.05477355420589447,1.7232413291931153,0.9979085922241211,0.00442576315253973,0.0644889697432518,-1.5349916893114824e-8,0.9976533651351929,-0.06846693903207779,-0.06464065611362457,0.06832374632358551,0.9955669045448303],"EasingStyle":"Linear","EasingDirection":"In"},"HumanoidRootPart":{"Weight":0,"CFrame":[0,0,0,1,0,0,0,1,0,0,0,1],"EasingStyle":"Linear","EasingDirection":"In"},"Right Leg":{"Weight":1,"CFrame":[0.42853331565856936,0.211015522480011,0.12084949016571045,0.711754322052002,0.5854634046554565,-0.3881215751171112,-0.48235365748405459,0.8090407848358154,0.33583924174308779,0.5106277465820313,-0.051823269575834277,0.858238697052002],"EasingStyle":"Linear","EasingDirection":"In"}}},{"Time":0.10000000149011612,"poses":{"Left Leg":{"Weight":1,"CFrame":[-0.43775132298469546,0.2165965437889099,0.1266770362854004,0.7421568036079407,-0.5588080286979675,0.3700498640537262,0.45968160033226015,0.826198160648346,0.32571372389793398,-0.4877459704875946,-0.0716254860162735,0.8700423240661621],"EasingStyle":"Linear","EasingDirection":"In"},"Head":{"Weight":1,"CFrame":[4.054358626603971e-8,3.4924596548080446e-9,-5.960464477539063e-8,0.9998337030410767,0.018166733905673028,0.0016021640039980412,-0.018147658556699754,0.9823781251907349,0.1860213428735733,0.0018054689280688763,-0.18601948022842408,0.9825444221496582],"EasingStyle":"Linear","EasingDirection":"In"},"Right Arm":{"Weight":1,"CFrame":[0.7528542876243591,-0.31737351417541506,-0.30081993341445925,0.8241602182388306,-0.30466651916503909,0.4774287939071655,0.5066550374031067,0.7733392715454102,-0.38111311197280886,-0.2531019151210785,0.5559898018836975,0.7917162179946899],"EasingStyle":"Linear","EasingDirection":"In"},"Left Arm":{"Weight":1,"CFrame":[-0.6611786484718323,-0.4768351912498474,-0.06938034296035767,0.5119401216506958,0.2810973525047302,-0.8117275834083557,-0.7062425017356873,0.6756601929664612,-0.21143503487110139,0.4890182614326477,0.6815185546875,0.5444203615188599],"EasingStyle":"Linear","EasingDirection":"In"},"handle":{"Weight":1,"CFrame":[1.8884978203459469e-7,-1.7822563648223878,-1.0996904373168946,1,-5.963159965816089e-10,1.4373551948665409e-7,1.4883501364693076e-7,0.01918669044971466,-0.9998159408569336,-1.5142818110547296e-9,0.9998159408569336,0.019186686724424363],"EasingStyle":"Linear","EasingDirection":"In"},"Torso":{"Weight":1,"CFrame":[0.19762752950191499,-0.0805320143699646,1.6752920150756837,0.9982733726501465,0.005912976339459419,0.05844058096408844,-1.8166643300787656e-8,0.9949203729629517,-0.10066502541303635,-0.05873895436525345,0.10049121081829071,0.9932025074958801],"EasingStyle":"Linear","EasingDirection":"In"},"HumanoidRootPart":{"Weight":0,"CFrame":[0,0,0,1,0,0,0,1,0,0,0,1],"EasingStyle":"Linear","EasingDirection":"In"},"Right Leg":{"Weight":1,"CFrame":[0.42314741015434267,0.20624768733978272,0.12023842334747315,0.7244141697883606,0.5621622800827026,-0.39899584650993349,-0.4608936607837677,0.825369119644165,0.3261023163795471,0.5126413106918335,-0.05233853682875633,0.8570061922073364],"EasingStyle":"Linear","EasingDirection":"In"}}},{"Time":0.13333334028720857,"poses":{"Left Leg":{"Weight":1,"CFrame":[-0.43268224596977236,0.2123449444770813,0.12608444690704347,0.7537397146224976,-0.5359686017036438,0.38028162717819216,0.4381764531135559,0.8411356210708618,0.31700506806373598,-0.4897732138633728,-0.07230875641107559,0.8688461780548096],"EasingStyle":"Linear","EasingDirection":"In"},"Head":{"Weight":1,"CFrame":[7.945951097099169e-8,-2.3283064365386964e-9,1.1920928955078126e-7,0.9997880458831787,0.020524758845567704,0.0016143872635439039,-0.020496707409620286,0.9849004149436951,0.17190426588058473,0.0019382730824872852,-0.1719008982181549,0.9851123094558716],"EasingStyle":"Linear","EasingDirection":"In"},"Right Arm":{"Weight":1,"CFrame":[0.7648271918296814,-0.3410691022872925,-0.2968459725379944,0.8269258141517639,-0.30164337158203127,0.4745577275753021,0.5024495720863342,0.775278627872467,-0.3827371597290039,-0.252464234828949,0.5549363493919373,0.7926583290100098],"EasingStyle":"Linear","EasingDirection":"In"},"Left Arm":{"Weight":1,"CFrame":[-0.6730068325996399,-0.49961236119270327,-0.07408159971237183,0.5155887007713318,0.27826979756355288,-0.8103914260864258,-0.7031098008155823,0.677943766117096,-0.21454352140426637,0.4896987974643707,0.6804102659225464,0.5451942682266235],"EasingStyle":"Linear","EasingDirection":"In"},"handle":{"Weight":1,"CFrame":[1.313523085855195e-7,-1.7822567224502564,-1.0996904373168946,1,-1.6825314474999687e-9,1.412832801861441e-7,1.4915488577571524e-7,0.03355506435036659,-0.9994368553161621,-2.0126840194478747e-9,0.9994368553161621,0.03355507180094719],"EasingStyle":"Linear","EasingDirection":"In"},"Torso":{"Weight":1,"CFrame":[0.18978872895240785,-0.10506671667098999,1.6287107467651368,0.9987016916275024,0.006690164562314749,0.05049892142415047,-2.0849999060601477e-8,0.9913382530212402,-0.13133341073989869,-0.05094015225768089,0.13116289675235749,0.9900512099266052],"EasingStyle":"Linear","EasingDirection":"In"},"HumanoidRootPart":{"Weight":0,"CFrame":[0,0,0,1,0,0,0,1,0,0,0,1],"EasingStyle":"Linear","EasingDirection":"In"},"Right Leg":{"Weight":1,"CFrame":[0.41811180114746096,0.20146852731704713,0.11967456340789795,0.7360501289367676,0.5392749309539795,-0.4091610014438629,-0.4399265944957733,0.840470016002655,0.3163459599018097,0.5144850015640259,-0.052845750004053119,0.855869472026825],"EasingStyle":"Linear","EasingDirection":"In"}}},{"Time":0.1666666716337204,"poses":{"Left Leg":{"Weight":1,"CFrame":[-0.4279593527317047,0.20810765027999879,0.12553727626800538,0.7642908096313477,-0.5137183666229248,0.38981133699417117,0.4173285961151123,0.854849636554718,0.3083326518535614,-0.4916262626647949,-0.07297635823488236,0.8677430748939514],"EasingStyle":"Linear","EasingDirection":"In"},"Head":{"Weight":1,"CFrame":[5.022356930339811e-8,3.364402800798416e-8,2.384185791015625e-7,0.9997273683547974,0.02329815737903118,0.001558799296617508,-0.023259369656443597,0.9877311587333679,0.15442204475402833,0.002058071317151189,-0.15441618859767915,0.9880037307739258],"EasingStyle":"Linear","EasingDirection":"In"},"Right Arm":{"Weight":1,"CFrame":[0.7741518020629883,-0.3645981550216675,-0.292122483253479,0.8289221525192261,-0.29953107237815859,0.4724077880382538,0.4994080364704132,0.7767027616500855,-0.38382890820503237,-0.251951664686203,0.5540884137153626,0.793414294719696],"EasingStyle":"Linear","EasingDirection":"In"},"Left Arm":{"Weight":1,"CFrame":[-0.6822185516357422,-0.5223007798194885,-0.07941651344299317,0.5180841088294983,0.2761605381965637,-0.8095210194587708,-0.7008781433105469,0.6795573830604553,-0.21672937273979188,0.4902638792991638,0.6796596050262451,0.5456226468086243],"EasingStyle":"Linear","EasingDirection":"In"},"handle":{"Weight":1,"CFrame":[1.7090530946006766e-7,-1.7822566032409669,-1.0996904373168946,1,-3.2739748689891714e-9,1.387177945844087e-7,1.496102868259186e-7,0.046555060893297198,-0.9989157319068909,-3.2194920063233214e-9,0.9989157319068909,0.046555045992136],"EasingStyle":"Linear","EasingDirection":"In"},"Torso":{"Weight":1,"CFrame":[0.18059778213500977,-0.12828046083450318,1.5834732055664063,0.9991379976272583,0.006656469311565161,0.04097467288374901,-2.3389093328773926e-8,0.9870601296424866,-0.16035059094429017,-0.04151182994246483,0.16021236777305604,0.9862092733383179],"EasingStyle":"Linear","EasingDirection":"In"},"HumanoidRootPart":{"Weight":0,"CFrame":[0,0,0,1,0,0,0,1,0,0,0,1],"EasingStyle":"Linear","EasingDirection":"In"},"Right Leg":{"Weight":1,"CFrame":[0.4134378433227539,0.19672363996505738,0.11915910243988037,0.7466741800308228,0.5169698596000671,-0.41859251260757449,-0.4195934236049652,0.8543400168418884,0.3066668212413788,0.5161579251289368,-0.05334153026342392,0.8548308610916138],"EasingStyle":"Linear","EasingDirection":"In"}}},{"Time":0.20000000298023225,"poses":{"Left Leg":{"Weight":1,"CFrame":[-0.42359408736228945,0.20393139123916627,0.12503695487976075,0.7738308310508728,-0.49223044514656069,0.39861637353897097,0.39728614687919619,0.8673458695411682,0.2997913658618927,-0.4933047890663147,-0.07362295687198639,0.8667353391647339],"EasingStyle":"Linear","EasingDirection":"In"},"Head":{"Weight":1,"CFrame":[9.060491379386804e-8,-4.889443516731262e-9,-1.1920928955078126e-7,0.999650239944458,0.026409896090626718,0.0014011072926223279,-0.026359692215919496,0.9906474947929382,0.13387566804885865,0.0021476433612406255,-0.13386577367782594,0.9909971356391907],"EasingStyle":"Linear","EasingDirection":"In"},"Right Arm":{"Weight":1,"CFrame":[0.7811589241027832,-0.3872607350349426,-0.28682130575180056,0.8303347826004028,-0.2980920970439911,0.4708346128463745,0.49724718928337099,0.7777523398399353,-0.38450828194618227,-0.2515738010406494,0.5533917546272278,0.7940202355384827],"EasingStyle":"Linear","EasingDirection":"In"},"Left Arm":{"Weight":1,"CFrame":[-0.6891408562660217,-0.5442081093788147,-0.08506852388381958,0.5198014974594116,0.27464646100997927,-0.8089349269866943,-0.6993166208267212,0.680674135684967,-0.21826370060443879,0.490675687789917,0.6791554093360901,0.5458801984786987],"EasingStyle":"Linear","EasingDirection":"In"},"handle":{"Weight":1,"CFrame":[1.5018508747743909e-7,-1.7822567224502564,-1.0996904373168946,1,-5.899603472414583e-9,1.515483205594137e-7,1.5016925658528636e-7,0.05825277790427208,-0.9983018636703491,-3.732878006701412e-9,0.9983018636703491,0.05825275927782059],"EasingStyle":"Linear","EasingDirection":"In"},"Torso":{"Weight":1,"CFrame":[0.1704561561346054,-0.1500813066959381,1.539564609527588,0.9995279312133789,0.005763666704297066,0.0301772803068161,-2.5773623235636479e-8,0.9822452068328857,-0.18760167062282563,-0.030722761526703836,0.18751311302185059,0.981781542301178],"EasingStyle":"Linear","EasingDirection":"In"},"HumanoidRootPart":{"Weight":0,"CFrame":[0,0,0,1,0,0,0,1,0,0,0,1],"EasingStyle":"Linear","EasingDirection":"In"},"Right Leg":{"Weight":1,"CFrame":[0.40913495421409609,0.19206422567367555,0.11869156360626221,0.7563034296035767,0.495421439409256,-0.4272734224796295,-0.40003925561904909,0.8669837713241577,0.2971661686897278,0.5176617503166199,-0.053821709007024768,0.8538908958435059],"EasingStyle":"Linear","EasingDirection":"In"}}},{"Time":0.23333333432674409,"poses":{"Left Leg":{"Weight":1,"CFrame":[-0.41959521174430849,0.1998652219772339,0.12458455562591553,0.7823857069015503,-0.47168201208114626,0.4066799581050873,0.3782004117965698,0.8786376118659973,0.29147958755493166,-0.4948100745677948,-0.07424291968345642,0.8658239245414734],"EasingStyle":"Linear","EasingDirection":"In"},"Head":{"Weight":1,"CFrame":[1.0011795126274592e-7,-4.627509042620659e-8,-0.0000010132789611816407,0.9995558261871338,0.029780739918351175,0.0011086848098784686,-0.029720671474933625,0.9934232234954834,0.11057551205158234,0.002191628562286496,-0.11055935174226761,0.9938670992851257],"EasingStyle":"Linear","EasingDirection":"In"},"Right Arm":{"Weight":1,"CFrame":[0.7861799597740173,-0.4083573818206787,-0.28111493587493899,0.8313434720039368,-0.2970850467681885,0.4696897566318512,0.49567845463752749,0.7785639762878418,-0.3848908543586731,-0.2513381540775299,0.5527915954589844,0.7945127487182617],"EasingStyle":"Linear","EasingDirection":"In"},"Left Arm":{"Weight":1,"CFrame":[-0.694101095199585,-0.5646430850028992,-0.09072041511535645,0.5211120247840881,0.27360010147094729,-0.8084461688995361,-0.698186993598938,0.6814631819725037,-0.2194150984287262,0.49089425802230837,0.6787863969802856,0.5461426377296448],"EasingStyle":"Linear","EasingDirection":"In"},"handle":{"Weight":1,"CFrame":[1.336126587148101e-7,-1.782257318496704,-1.099690556526184,1,-5.7710582979098039e-9,1.475107183068758e-7,1.5080088644481294e-7,0.0687156468629837,-0.9976362586021423,-4.483151627709958e-9,0.9976362586021423,0.0687156692147255],"EasingStyle":"Linear","EasingDirection":"In"},"Torso":{"Weight":1,"CFrame":[0.15976455807685853,-0.17038270831108094,1.4969911575317383,0.9998224377632141,0.0040132347494363789,0.018410934135317804,-2.7993889872846013e-8,0.9770569205284119,-0.21297837793827058,-0.018843261525034906,0.21294055879116059,0.9768834114074707],"EasingStyle":"Linear","EasingDirection":"In"},"HumanoidRootPart":{"Weight":0,"CFrame":[0,0,0,1,0,0,0,1,0,0,0,1],"EasingStyle":"Linear","EasingDirection":"In"},"Right Leg":{"Weight":1,"CFrame":[0.4052092134952545,0.18754184246063233,0.11827325820922852,0.7649602890014648,0.4748092591762543,-0.4351915419101715,-0.38141292333602908,0.8784131407737732,0.2879490852355957,0.5189989805221558,-0.05428194999694824,0.853049635887146],"EasingStyle":"Linear","EasingDirection":"In"}}},{"Time":0.2666666805744171,"poses":{"Left Leg":{"Weight":1,"CFrame":[-0.41596874594688418,0.19596099853515626,0.12417912483215332,0.7899853587150574,-0.4522559642791748,0.4139901101589203,0.3602258861064911,0.8887434005737305,0.28350016474723818,-0.4961456060409546,-0.07483095675706864,0.8650085926055908],"EasingStyle":"Linear","EasingDirection":"In"},"Head":{"Weight":1,"CFrame":[7.238403298970297e-8,-6.453774403780699e-8,-1.7881393432617188e-7,0.9994442462921143,0.03332894295454025,0.0006524817436002195,-0.03326410800218582,0.9958387613296509,0.08484498411417008,0.00217802613042295,-0.08481954038143158,0.9963939785957336],"EasingStyle":"Linear","EasingDirection":"In"},"Right Arm":{"Weight":1,"CFrame":[0.7895457148551941,-0.42718562483787539,-0.2751755118370056,0.8321235775947571,-0.29626694321632388,0.4688243865966797,0.4944119155406952,0.7792704105377197,-0.38509032130241396,-0.25125133991241457,0.5522350072860718,0.7949271202087402],"EasingStyle":"Linear","EasingDirection":"In"},"Left Arm":{"Weight":1,"CFrame":[-0.6974259614944458,-0.582912802696228,-0.09605556726455689,0.522384524345398,0.27289095520973208,-0.8078644871711731,-0.697246789932251,0.6820911169052124,-0.22045092284679414,0.4908781051635742,0.678441047668457,0.5465860962867737],"EasingStyle":"Linear","EasingDirection":"In"},"handle":{"Weight":1,"CFrame":[1.8956806968617458e-7,-1.7822563648223878,-1.0996904373168946,1,-6.8490670912524369e-9,1.509157385726212e-7,1.5054442314976769e-7,0.07801207900047302,-0.9969524145126343,-5.123238722148926e-9,0.9969524145126343,0.07801209390163422],"EasingStyle":"Linear","EasingDirection":"In"},"Torso":{"Weight":1,"CFrame":[0.14892038702964784,-0.1891026496887207,1.455784797668457,0.9999811053276062,0.0014526452869176865,0.005971143022179604,-3.004074855539329e-8,0.9716610908508301,-0.23637832701206208,-0.00614530174061656,0.23637385666370393,0.9716427326202393],"EasingStyle":"Linear","EasingDirection":"In"},"HumanoidRootPart":{"Weight":0,"CFrame":[0,0,0,1,0,0,0,1,0,0,0,1],"EasingStyle":"Linear","EasingDirection":"In"},"Right Leg":{"Weight":1,"CFrame":[0.40166351199150088,0.18321162462234498,0.11790239810943604,0.7726711630821228,0.4553167521953583,-0.4423414170742035,-0.3638644814491272,0.8886464834213257,0.2791236937046051,0.5201748609542847,-0.05471855029463768,0.8523051142692566],"EasingStyle":"Linear","EasingDirection":"In"}}},{"Time":0.30000001192092898,"poses":{"Left Leg":{"Weight":1,"CFrame":[-0.4127185642719269,0.1922665238380432,0.12382102012634278,0.7966634035110474,-0.4341350197792053,0.4205401837825775,0.34351715445518496,0.8976884484291077,0.27595561742782595,-0.4973161816596985,-0.07538086175918579,0.8642883896827698],"EasingStyle":"Linear","EasingDirection":"In"},"Head":{"Weight":1,"CFrame":[8.557688602195413e-8,2.677406882867217e-7,-1.1920928955078126e-7,0.9993163347244263,0.03697044402360916,0.000008417689059569966,-0.0369107648730278,0.9976903796195984,0.05702243000268936,0.002099745674058795,-0.05698374658823013,0.9983729124069214],"EasingStyle":"Linear","EasingDirection":"In"},"Right Arm":{"Weight":1,"CFrame":[0.7915869951248169,-0.4430488646030426,-0.2691751718521118,0.8328486680984497,-0.2953931391239166,0.4680875241756439,0.4931550621986389,0.7800031304359436,-0.38521847128868105,-0.2513188123703003,0.5516684055328369,0.7952991724014282],"EasingStyle":"Linear","EasingDirection":"In"},"Left Arm":{"Weight":1,"CFrame":[-0.6994426846504211,-0.5983274579048157,-0.10075658559799195,0.5239855647087097,0.2723868489265442,-0.8069971799850464,-0.6962510347366333,0.6827235221862793,-0.22163721919059754,0.49058493971824648,0.6780074238777161,0.5473869442939758],"EasingStyle":"Linear","EasingDirection":"In"},"handle":{"Weight":1,"CFrame":[1.522498109807202e-7,-1.7822567224502564,-1.099690318107605,1,-7.488737630012566e-9,1.5054502000566573e-7,1.5030362021661859e-7,0.0862107202410698,-0.9962769150733948,-5.774229094868133e-9,0.9962769150733948,0.086210697889328],"EasingStyle":"Linear","EasingDirection":"In"},"Torso":{"Weight":1,"CFrame":[0.13831503689289094,-0.20616358518600465,1.416015625,0.99997478723526,-0.0018290800508111716,-0.006857981439679861,-3.1905575070823036e-8,0.9662237763404846,-0.257704496383667,0.007097706198692322,0.2576979994773865,0.9661994576454163],"EasingStyle":"Linear","EasingDirection":"In"},"HumanoidRootPart":{"Weight":0,"CFrame":[0,0,0,1,0,0,0,1,0,0,0,1],"EasingStyle":"Linear","EasingDirection":"In"},"Right Leg":{"Weight":1,"CFrame":[0.39849811792373659,0.1791243553161621,0.11757886409759522,0.7794655561447144,0.43712860345840456,-0.44872257113456728,-0.34754595160484316,0.8977079391479492,0.2707992494106293,0.5211959481239319,-0.055127017199993137,0.8516547679901123],"EasingStyle":"Linear","EasingDirection":"In"}}},{"Time":0.3333333432674408,"poses":{"Left Leg":{"Weight":1,"CFrame":[-0.4098465144634247,0.1888352632522583,0.12350916862487793,0.8024560213088989,-0.41750359535217287,0.4263273775577545,0.32822903990745547,0.9055009484291077,0.2689493000507355,-0.49832722544670107,-0.07588694244623184,0.863661527633667],"EasingStyle":"Linear","EasingDirection":"In"},"Head":{"Weight":1,"CFrame":[6.886273951067779e-8,1.7462298274040223e-8,-1.1920928955078126e-7,0.9991743564605713,0.040619052946567538,-0.0008412646129727364,-0.040580663830041888,0.9987987875938416,0.027461469173431398,0.001955712214112282,-0.027404703199863435,0.9996225237846375],"EasingStyle":"Linear","EasingDirection":"In"},"Right Arm":{"Weight":1,"CFrame":[0.7926355600357056,-0.4552457332611084,-0.26328641176223757,0.8336905241012573,-0.2942182421684265,0.4673282206058502,0.4916146695613861,0.7808923721313477,-0.3853858411312103,-0.25154542922973635,0.5510379076004028,0.7956645488739014],"EasingStyle":"Linear","EasingDirection":"In"},"Left Arm":{"Weight":1,"CFrame":[-0.7004783749580383,-0.6101939082145691,-0.10450690984725952,0.5262805819511414,0.27195408940315249,-0.8056486248970032,-0.694952130317688,0.6835244297981262,-0.2232394963502884,0.4899696707725525,0.6773738265037537,0.5487207174301148],"EasingStyle":"Linear","EasingDirection":"In"},"handle":{"Weight":1,"CFrame":[1.725088054627122e-7,-1.782256841659546,-1.0996904373168946,1,-7.44050554501996e-9,1.482236200445186e-7,1.5098429173576734e-7,0.09338168054819107,-0.9956303834915161,-6.32629326702272e-9,0.9956303834915161,0.09338174760341644],"EasingStyle":"Linear","EasingDirection":"In"},"Torso":{"Weight":1,"CFrame":[0.1283315271139145,-0.22149139642715455,1.3777923583984376,0.9997875690460205,-0.0057065109722316269,-0.019805632531642915,-3.3580192848603477e-8,0.9609090685844421,-0.276864230632782,0.020611340180039407,0.27680543065071108,0.9607049226760864],"EasingStyle":"Linear","EasingDirection":"In"},"HumanoidRootPart":{"Weight":0,"CFrame":[0,0,0,1,0,0,0,1,0,0,0,1],"EasingStyle":"Linear","EasingDirection":"In"},"Right Leg":{"Weight":1,"CFrame":[0.3957122266292572,0.17533594369888307,0.11729991436004639,0.7853750586509705,0.42043131589889529,-0.45433852076530459,-0.33260998129844668,0.9056251645088196,0.2630847990512848,0.5220695734024048,-0.055502749979496,0.8510951399803162],"EasingStyle":"Linear","EasingDirection":"In"}}},{"Time":0.36666667461395266,"poses":{"Left Leg":{"Weight":1,"CFrame":[-0.40735185146331789,0.18571734428405763,0.12324202060699463,0.8073990345001221,-0.4025449752807617,0.4313516616821289,0.3145158886909485,0.9122111797332764,0.26258420944213869,-0.4991858899593353,-0.07634328305721283,0.8631252646446228],"EasingStyle":"Linear","EasingDirection":"In"},"Head":{"Weight":1,"CFrame":[7.7825909272633e-8,1.3940734788775445e-7,2.384185791015625e-7,0.9990214705467224,0.04418718069791794,-0.001906965859234333,-0.04419360309839249,0.9990169405937195,-0.0034693204797804357,0.0017517880769446493,0.0035501962993294,0.9999921917915344],"EasingStyle":"Linear","EasingDirection":"In"},"Right Arm":{"Weight":1,"CFrame":[0.7930215001106262,-0.46307700872421267,-0.25768136978149416,0.8348186612129211,-0.2924951910972595,0.4663950204849243,0.4894959032535553,0.7820661067962647,-0.385702520608902,-0.25193554162979128,0.550290048122406,0.7960585355758667],"EasingStyle":"Linear","EasingDirection":"In"},"Left Arm":{"Weight":1,"CFrame":[-0.7008598446846008,-0.6178209781646729,-0.10698950290679932,0.5296323895454407,0.2714570164680481,-0.8036172986030579,-0.6930975914001465,0.6846578121185303,-0.22552001476287843,0.48898395895957949,0.6764279007911682,0.5507631301879883],"EasingStyle":"Linear","EasingDirection":"In"},"handle":{"Weight":1,"CFrame":[1.512716352181087e-7,-1.7822561264038087,-1.0996901988983155,1,-1.0142965578552321e-8,1.511888001459738e-7,1.49769292079327e-7,0.09959379583597183,-0.9950281977653503,-6.204997404779533e-9,0.9950281977653503,0.09959384053945542],"EasingStyle":"Linear","EasingDirection":"In"},"Torso":{"Weight":1,"CFrame":[0.11934217810630799,-0.2350142002105713,1.3412580490112305,0.9994177222251892,-0.010023574344813824,-0.03261534869670868,-3.505672907522239e-8,0.9558768272399902,-0.2937677502632141,0.03412085771560669,0.29359668493270876,0.9553202390670776],"EasingStyle":"Linear","EasingDirection":"In"},"HumanoidRootPart":{"Weight":0,"CFrame":[0,0,0,1,0,0,0,1,0,0,0,1],"EasingStyle":"Linear","EasingDirection":"In"},"Right Leg":{"Weight":1,"CFrame":[0.3933016061782837,0.17190039157867433,0.11706387996673584,0.7904312610626221,0.40541037917137148,-0.4591957628726959,-0.3192087411880493,0.9124276041984558,0.25608912110328677,0.5228042006492615,-0.055841583758592609,0.8506218791007996],"EasingStyle":"Linear","EasingDirection":"In"}}},{"Time":0.4000000059604645,"poses":{"Left Leg":{"Weight":1,"CFrame":[-0.40523505210876467,0.18296056985855103,0.12301862239837647,0.8115273714065552,-0.38943973183631899,0.4356144666671753,0.30252978205680849,0.9178491234779358,0.25696033239364626,-0.4998989999294281,-0.07674401998519898,0.8626768589019775],"EasingStyle":"Linear","EasingDirection":"In"},"Head":{"Weight":1,"CFrame":[9.466386075018818e-8,2.7997884899377824e-8,3.5762786865234377e-7,0.9988620281219482,0.04758657515048981,-0.0031911160331219436,-0.047669824212789538,0.9982360005378723,-0.03539039194583893,0.0015013840747997165,0.03550221398472786,0.9993684887886047],"EasingStyle":"Linear","EasingDirection":"In"},"Right Arm":{"Weight":1,"CFrame":[0.7930769324302673,-0.46584299206733706,-0.25253230333328249,0.836399495601654,-0.2899749279022217,0.4651348888874054,0.4865013659000397,0.7836496829986572,-0.3862766921520233,-0.25249215960502627,0.549370288848877,0.7965173125267029],"EasingStyle":"Linear","EasingDirection":"In"},"Left Arm":{"Weight":1,"CFrame":[-0.7009145617485046,-0.6205172538757324,-0.10788750648498535,0.5343983769416809,0.27075424790382388,-0.8006938695907593,-0.690427839756012,0.6862860321998596,-0.2287374585866928,0.4875733554363251,0.6750581860542297,0.5536863207817078],"EasingStyle":"Linear","EasingDirection":"In"},"handle":{"Weight":1,"CFrame":[1.6046749351517065e-7,-1.7822562456130982,-1.099690556526184,1,-9.654470112252511e-9,1.525979200778238e-7,1.503630073784734e-7,0.10491656512022019,-0.9944810271263123,-5.418527848632948e-9,0.9944810271263123,0.10491657257080078],"EasingStyle":"Linear","EasingDirection":"In"},"Torso":{"Weight":1,"CFrame":[0.11170704662799835,-0.2466614842414856,1.3065986633300782,0.9988783001899719,-0.01459981594234705,-0.045044902712106708,-3.632754896898405e-8,0.9512804746627808,-0.3083269000053406,0.04735185578465462,0.30798104405403139,0.9502133727073669],"EasingStyle":"Linear","EasingDirection":"In"},"HumanoidRootPart":{"Weight":0,"CFrame":[0,0,0,1,0,0,0,1,0,0,0,1],"EasingStyle":"Linear","EasingDirection":"In"},"Right Leg":{"Weight":1,"CFrame":[0.3912634551525116,0.16886812448501588,0.11686825752258301,0.794664740562439,0.39224815368652346,-0.4633026421070099,-0.3074919581413269,0.9181447625160217,0.2499176412820816,0.5234087109565735,-0.05613899976015091,0.8502304553985596],"EasingStyle":"Linear","EasingDirection":"In"}}},{"Time":0.4333333373069763,"poses":{"Left Leg":{"Weight":1,"CFrame":[-0.403495192527771,0.18061411380767823,0.12283730506896973,0.8148725032806397,-0.3783631920814514,0.4391172528266907,0.2924192547798157,0.9224421381950378,0.2521734833717346,-0.5004735589027405,-0.07708292454481125,0.8623135089874268],"EasingStyle":"Linear","EasingDirection":"In"},"Head":{"Weight":1,"CFrame":[2.413895039410363e-8,-1.0919757187366486e-7,-3.5762786865234377e-7,0.9987014532089233,0.05072934553027153,-0.004687795415520668,-0.05093073099851608,0.9963903427124023,-0.06791386753320694,0.0012256420450285078,0.06806441396474838,0.9976801872253418],"EasingStyle":"Linear","EasingDirection":"In"},"Right Arm":{"Weight":1,"CFrame":[0.7930763363838196,-0.4658389091491699,-0.24797677993774415,0.8385436534881592,-0.2864837348461151,0.46343448758125307,0.48241958022117617,0.7857246398925781,-0.3871798813343048,-0.2532111406326294,0.5482370257377625,0.7970697283744812],"EasingStyle":"Linear","EasingDirection":"In"},"Left Arm":{"Weight":1,"CFrame":[-0.7007142305374146,-0.6205054521560669,-0.10788661241531372,0.5407759547233582,0.26984554529190066,-0.7967087626457214,-0.686701238155365,0.688632071018219,-0.2328670769929886,0.48580116033554079,0.673029899597168,0.5576989054679871],"EasingStyle":"Linear","EasingDirection":"In"},"handle":{"Weight":1,"CFrame":[1.8992764694303333e-7,-1.7822562456130982,-1.099690556526184,1,-8.896487102560969e-9,1.453261830874908e-7,1.471590564960934e-7,0.10941996425390244,-0.9939956068992615,-9.097239406230529e-9,0.9939956068992615,0.10942001640796662],"EasingStyle":"Linear","EasingDirection":"In"},"Torso":{"Weight":1,"CFrame":[0.10577325522899628,-0.25636255741119387,1.274031639099121,0.9981964826583862,-0.019237104803323747,-0.05686526373028755,-3.738503195904741e-8,0.9472643136978149,-0.3204532563686371,0.06003103405237198,0.3198753297328949,0.9455559253692627],"EasingStyle":"Linear","EasingDirection":"In"},"HumanoidRootPart":{"Weight":0,"CFrame":[0,0,0,1,0,0,0,1,0,0,0,1],"EasingStyle":"Linear","EasingDirection":"In"},"Right Leg":{"Weight":1,"CFrame":[0.3895936608314514,0.16629022359848023,0.11671137809753418,0.7981033325195313,0.38112133741378786,-0.4666663408279419,-0.2976056635379791,0.9228036403656006,0.2446718066930771,0.5238910913467407,-0.05639097839593887,0.8499166369438171],"EasingStyle":"Linear","EasingDirection":"In"}}},{"Time":0.46666666865348818,"poses":{"Left Leg":{"Weight":1,"CFrame":[-0.4021332263946533,0.17872220277786256,0.12269699573516846,0.8174601197242737,-0.36948540806770327,0.44185906648635867,0.2843281328678131,0.9260111451148987,0.2483159750699997,-0.5009155869483948,-0.07735545933246613,0.8620323538780212],"EasingStyle":"Linear","EasingDirection":"In"},"Head":{"Weight":1,"CFrame":[9.401912848261418e-8,-1.7636921256780626e-8,-0.0000011920928955078126,0.9985458850860596,0.05352890118956566,-0.00638282997533679,-0.053899671882390979,0.9934608340263367,-0.10064996778964997,0.0009533986449241638,0.10084769874811173,0.9949014186859131],"EasingStyle":"Linear","EasingDirection":"In"},"Right Arm":{"Weight":1,"CFrame":[0.7930741906166077,-0.4658093750476837,-0.24401229619979859,0.8411574363708496,-0.28215840458869936,0.46134671568870547,0.477394163608551,0.7882144451141357,-0.38834652304649355,-0.2540648877620697,0.5469045639038086,0.7977131009101868],"EasingStyle":"Linear","EasingDirection":"In"},"Left Arm":{"Weight":1,"CFrame":[-0.700088381767273,-0.6204214096069336,-0.10787862539291382,0.5484680533409119,0.2688504159450531,-0.7917717099189758,-0.6819882988929749,0.6917108297348023,-0.23754602670669557,0.48381271958351138,0.6702653169631958,0.5627338886260986],"EasingStyle":"Linear","EasingDirection":"In"},"handle":{"Weight":1,"CFrame":[1.482524112361716e-7,-1.7822576761245728,-1.099690556526184,1,-1.3203533377748045e-8,1.6601777019786824e-7,1.6249313716798498e-7,0.11317276209592819,-0.9935753345489502,-6.072585101435379e-9,0.9935753345489502,0.1131727397441864],"EasingStyle":"Linear","EasingDirection":"In"},"Torso":{"Weight":1,"CFrame":[0.10187581181526184,-0.26404517889022829,1.2438035011291505,0.9974128007888794,-0.023726632818579675,-0.0678582563996315,-3.822147931487052e-8,0.9439611434936523,-0.3300565481185913,0.07188668847084046,0.3292025923728943,0.9415189623832703],"EasingStyle":"Linear","EasingDirection":"In"},"HumanoidRootPart":{"Weight":0,"CFrame":[0,0,0,1,0,0,0,1,0,0,0,1],"EasingStyle":"Linear","EasingDirection":"In"},"Right Leg":{"Weight":1,"CFrame":[0.38829004764556887,0.16421377658843995,0.11659085750579834,0.8007684350013733,0.37220221757888796,-0.4692923128604889,-0.2896926999092102,0.9264246821403503,0.2404482662677765,0.5242595076560974,-0.056592997163534167,0.8496760129928589],"EasingStyle":"Linear","EasingDirection":"In"}}},{"Time":0.5,"poses":{"Left Leg":{"Weight":1,"CFrame":[-0.4011513590812683,0.17732834815979005,0.1225970983505249,0.8193075656890869,-0.362966924905777,0.4438354969024658,0.2783944010734558,0.9285688996315002,0.24547173082828523,-0.5012301802635193,-0.07755551487207413,0.8618316054344177],"EasingStyle":"Linear","EasingDirection":"In"},"Head":{"Weight":1,"CFrame":[5.426544902320529e-8,-2.6298221200704577e-7,-2.384185791015625e-7,0.9984021782875061,0.05590098723769188,-0.008254318498075009,-0.056502509862184528,0.9894757270812988,-0.13321126997470857,0.0007208063616417348,0.13346481323242188,0.9910532832145691],"EasingStyle":"Linear","EasingDirection":"In"},"Right Arm":{"Weight":1,"CFrame":[0.793067991733551,-0.4657248556613922,-0.24060165882110597,0.8440985679626465,-0.27721503376960757,0.45896556973457339,0.47165942192077639,0.79100501537323,-0.3896775245666504,-0.25501957535743716,0.5454015731811523,0.798437237739563],"EasingStyle":"Linear","EasingDirection":"In"},"Left Arm":{"Weight":1,"CFrame":[-0.6990000605583191,-0.6201902031898499,-0.10785770416259766,0.5570892095565796,0.26780593395233157,-0.7860863208770752,-0.6764928102493286,0.6953710913658142,-0.2425210028886795,0.4816732108592987,0.6668875217437744,0.5685524344444275],"EasingStyle":"Linear","EasingDirection":"In"},"handle":{"Weight":1,"CFrame":[1.470690307314726e-7,-1.7822563648223878,-1.099690556526184,1,-7.602287688257548e-9,1.506581952526176e-7,1.5537347053395934e-7,0.11624407023191452,-0.9932206869125366,-4.732534808482569e-9,0.9932206869125366,0.11624405533075333],"EasingStyle":"Linear","EasingDirection":"In"},"Torso":{"Weight":1,"CFrame":[0.10033896565437317,-0.2696341872215271,1.2161812782287598,0.9965786933898926,-0.027856266126036645,-0.07781331986188889,-3.8828908088817118e-8,0.9414893388748169,-0.33704277873039248,0.08264916390180588,0.33588963747024538,0.93826824426651],"EasingStyle":"Linear","EasingDirection":"In"},"HumanoidRootPart":{"Weight":0,"CFrame":[0,0,0,1,0,0,0,1,0,0,0,1],"EasingStyle":"Linear","EasingDirection":"In"},"Right Leg":{"Weight":1,"CFrame":[0.3873524069786072,0.16268563270568849,0.11650574207305908,0.802674412727356,0.36565303802490237,-0.4711809754371643,-0.28388872742652895,0.9290200471878052,0.2373371422290802,0.5245197415351868,-0.05674160271883011,0.8495054841041565],"EasingStyle":"Linear","EasingDirection":"In"}}},{"Time":0.5333333611488342,"poses":{"Left Leg":{"Weight":1,"CFrame":[-0.40055498480796816,0.1764686107635498,0.12253665924072266,0.8204224109649658,-0.3589572012424469,0.4450356364250183,0.27474740147590639,0.9301159977912903,0.24371731281280518,-0.5014188885688782,-0.07767882198095322,0.8617106080055237],"EasingStyle":"Linear","EasingDirection":"In"},"Head":{"Weight":1,"CFrame":[5.9421424225547528e-8,-1.252046786248684e-7,-2.980232238769531e-7,0.9982773661613464,0.05776442587375641,-0.010273385792970658,-0.05866808444261551,0.9845104217529297,-0.16521885991096497,0.0005704667419195175,0.16553707420825959,0.9862034320831299],"EasingStyle":"Linear","EasingDirection":"In"},"Right Arm":{"Weight":1,"CFrame":[0.7930554747581482,-0.4655619263648987,-0.23770803213119508,0.8472285270690918,-0.2718721330165863,0.4563872516155243,0.4654523730278015,0.7939863801002502,-0.39107510447502139,-0.25604283809661868,0.5437564849853516,0.7992314696311951],"EasingStyle":"Linear","EasingDirection":"In"},"Left Arm":{"Weight":1,"CFrame":[-0.6974113583564758,-0.6197410821914673,-0.10781699419021607,0.5662593841552734,0.2667542099952698,-0.7798669934272766,-0.6704280376434326,0.6994625926017761,-0.24754442274570466,0.4794543981552124,0.6630190014839172,0.5749167203903198],"EasingStyle":"Linear","EasingDirection":"In"},"handle":{"Weight":1,"CFrame":[1.932931041892516e-7,-1.7822564840316773,-1.0996904373168946,1,-9.781545351472687e-9,1.5173102951848706e-7,1.7049248413059105e-7,0.1187027096748352,-0.9929298162460327,-3.2188158805013247e-9,0.9929298162460327,0.11870269477367401],"EasingStyle":"Linear","EasingDirection":"In"},"Torso":{"Weight":1,"CFrame":[0.10148027539253235,-0.2730504274368286,1.1914424896240235,0.9957543015480042,-0.0314180850982666,-0.08652307093143463,-3.919895164017362e-8,0.9399496912956238,-0.34131309390068056,0.09205073118209839,0.33986398577690127,0.9359589219093323],"EasingStyle":"Linear","EasingDirection":"In"},"HumanoidRootPart":{"Weight":0,"CFrame":[0,0,0,1,0,0,0,1,0,0,0,1],"EasingStyle":"Linear","EasingDirection"