{"Sequence":[{"Time":0,"poses":{"Left Leg":{"Weight":1,"CFrame":[-0.3062972128391266,0.2149813175201416,0.058702945709228519,0.9763487577438355,0.09168268740177155,0.19579917192459107,-0.10115104168653488,0.9941104054450989,0.03889673203229904,-0.19107989966869355,-0.05778207257390022,0.9798722863197327],"EasingStyle":"Linear","EasingDirection":"Out"},"Right Arm":{"Weight":1,"CFrame":[0.010831929743289948,-0.2735140323638916,-0.0295904278755188,0.45426127314567568,-0.4250841736793518,-0.7829112410545349,0.834221363067627,0.5113469958305359,0.2063949555158615,0.3126041889190674,-0.7468786239624023,0.5868995785713196],"EasingStyle":"Linear","EasingDirection":"Out"},"Left Arm":{"Weight":1,"CFrame":[0.009445935487747193,-0.1278873085975647,0.14221596717834474,-0.020926330238580705,0.1977151334285736,0.9800360798835754,-0.9825895428657532,0.17693397402763368,-0.056676000356674197,-0.18460747599601746,-0.9641592502593994,0.1905704140663147],"EasingStyle":"Linear","EasingDirection":"Out"},"Head":{"Weight":1,"CFrame":[8.754432201385498e-8,6.05359673500061e-9,0.016662120819091798,0.9787532091140747,-0.20301078259944917,-0.028787631541490556,0.20472857356071473,0.9753351807594299,0.08250782638788223,0.011327601037919522,-0.08664845675230026,0.9961745738983154],"EasingStyle":"Linear","EasingDirection":"Out"},"Torso":{"Weight":1,"CFrame":[0.009371418505907059,-0.06776317954063416,-0.15223193168640138,0.9806580543518066,0.19539712369441987,0.011392904445528984,-0.19382497668266297,0.9775711297988892,-0.08238083124160767,-0.02723434753715992,0.07857919484376908,0.9965357780456543],"EasingStyle":"Linear","EasingDirection":"Out"},"HumanoidRootPart":{"Weight":1,"CFrame":[0,0,0,1,0,0,0,1,0,0,0,1],"EasingStyle":"Linear","EasingDirection":"In"},"Right Leg":{"Weight":1,"CFrame":[0.13391786813735963,0.10076642036437988,0.1833580732345581,0.8156722784042358,0.16574282944202424,-0.5542634725570679,-0.18885184824466706,0.9818801879882813,0.015693627297878267,0.5468214154243469,0.09187281876802445,0.8321933150291443],"EasingStyle":"Linear","EasingDirection":"Out"}}},{"Time":0.03448275849223137,"poses":{"Left Leg":{"Weight":1,"CFrame":[-0.35387107729911806,0.167006254196167,0.04582488536834717,0.9948015213012695,0.06509888172149658,0.07830755412578583,-0.06896640360355377,0.9964760541915894,0.047739483416080478,-0.07492388784885407,-0.05289187654852867,0.9957855343818665],"EasingStyle":"Linear","EasingDirection":"Out"},"Right Arm":{"Weight":1,"CFrame":[0.006329059600830078,-0.22301694750785829,-0.056230127811431888,0.2724318206310272,-0.5149232745170593,-0.8127943277359009,0.9311580657958984,0.3538544178009033,0.08793021738529206,0.2423335760831833,-0.780795156955719,0.5758764147758484],"EasingStyle":"Linear","EasingDirection":"Out"},"Left Arm":{"Weight":1,"CFrame":[0.017183586955070497,-0.1208258867263794,0.13587403297424317,-0.018075240775942804,0.17089717090129853,0.9851229786872864,-0.9753713011741638,0.21361380815505982,-0.0549536794424057,-0.2198273241519928,-0.961854100227356,0.1628274917602539],"EasingStyle":"Linear","EasingDirection":"Out"},"Head":{"Weight":1,"CFrame":[8.009374141693115e-8,-2.2351741790771486e-8,0.016662001609802247,0.9759752750396729,-0.2140083760023117,-0.040898971259593967,0.21571692824363709,0.9754964113235474,0.043277814984321597,0.030635003000497819,-0.05106069892644882,0.9982255697250366],"EasingStyle":"Linear","EasingDirection":"Out"},"Torso":{"Weight":1,"CFrame":[0.02054120972752571,-0.040378034114837649,-0.04829668998718262,0.9786302447319031,0.20410603284835816,0.024972211569547654,-0.20272301137447358,0.9780049920082092,-0.0490882471203804,-0.03444215655326843,0.042976804077625278,0.9984822273254395],"EasingStyle":"Linear","EasingDirection":"Out"},"HumanoidRootPart":{"Weight":1,"CFrame":[0,0,0,1,0,0,0,1,0,0,0,1],"EasingStyle":"Linear","EasingDirection":"In"},"Right Leg":{"Weight":1,"CFrame":[0.00011044740676879883,0.05131566524505615,0.09246408939361572,0.8258692622184753,0.12613146007061006,-0.5495733618736267,-0.13374626636505128,0.9906644821166992,0.02637883462011814,0.5477699637413025,0.0517178475856781,0.835028886795044],"EasingStyle":"Linear","EasingDirection":"Out"}}},{"Time":0.06896551698446274,"poses":{"Left Leg":{"Weight":1,"CFrame":[-0.7059202194213867,0.20580428838729859,-0.03775376081466675,0.9717906713485718,-0.058500513434410098,-0.22847454249858857,0.06325459480285645,0.9979056715965271,0.013534379191696644,0.22720426321029664,-0.027604617178440095,0.9734557867050171],"EasingStyle":"Linear","EasingDirection":"Out"},"Right Arm":{"Weight":1,"CFrame":[0.0040916092693805698,-0.18985667824745179,-0.06169569492340088,0.02929728291928768,-0.6042150259017944,-0.7962824106216431,0.9987529516220093,0.0499131865799427,-0.0011271965922787786,0.04042606055736542,-0.795256495475769,0.6049239635467529],"EasingStyle":"Linear","EasingDirection":"Out"},"Left Arm":{"Weight":1,"CFrame":[0.01993856579065323,-0.1509302258491516,0.15656530857086183,0.0772004947066307,0.1721503883600235,0.9820408821105957,-0.9746485948562622,0.2204962521791458,0.037966713309288028,-0.21000045537948609,-0.960075855255127,0.18480859696865083],"EasingStyle":"Linear","EasingDirection":"Out"},"Head":{"Weight":1,"CFrame":[9.592622518539429e-8,-1.862645149230957e-9,0.016662001609802247,0.9729747176170349,-0.22322703897953034,-0.05907519534230232,0.22382023930549622,0.9746240377426148,0.0035362134221941234,0.05678669363260269,-0.016662783920764924,0.9982472658157349],"EasingStyle":"Linear","EasingDirection":"Out"},"Torso":{"Weight":1,"CFrame":[0.03045710176229477,-0.017965782433748246,0.027466535568237306,0.9767485857009888,0.2111663669347763,0.03702712804079056,-0.2104698121547699,0.9773563146591187,-0.02184128575026989,-0.04080084711313248,0.013540353626012802,0.9990755319595337],"EasingStyle":"Linear","EasingDirection":"Out"},"HumanoidRootPart":{"Weight":1,"CFrame":[0,0,0,1,0,0,0,1,0,0,0,1],"EasingStyle":"Linear","EasingDirection":"In"},"Right Leg":{"Weight":1,"CFrame":[0.008382225409150124,0.049538493156433108,0.09970402717590332,0.8169782161712647,0.16037139296531678,-0.5539202690124512,-0.1680775284767151,0.9850678443908691,0.03729956969618797,0.5516307950019836,0.06262851506471634,0.831733763217926],"EasingStyle":"Linear","EasingDirection":"Out"}}},{"Time":0.1034482792019844,"poses":{"Left Leg":{"Weight":1,"CFrame":[-0.9724948406219482,0.27410072088241579,-0.24194365739822389,0.8220407366752625,-0.11692652851343155,-0.5572943687438965,0.09533291310071945,0.9931372404098511,-0.06774966418743134,0.5613917112350464,0.0025644467677921058,0.8275463581085205],"EasingStyle":"Linear","EasingDirection":"Out"},"Right Arm":{"Weight":1,"CFrame":[0.00508866086602211,-0.18599295616149903,-0.05178666114807129,-0.21071600914001466,-0.6176435947418213,-0.7577037811279297,0.9547712206840515,-0.29637715220451357,-0.023927709087729455,-0.2097872942686081,-0.72847580909729,0.6521598696708679],"EasingStyle":"Linear","EasingDirection":"Out"},"Left Arm":{"Weight":1,"CFrame":[0.019122444093227388,-0.20960542559623719,0.1925661563873291,0.22456037998199464,0.1886395514011383,0.9560270309448242,-0.9605569243431091,0.20798739790916444,0.18458513915538789,-0.1640215963125229,-0.9597688913345337,0.22790490090847016],"EasingStyle":"Linear","EasingDirection":"Out"},"Head":{"Weight":1,"CFrame":[7.407470548059791e-8,-4.001776687800884e-10,0.016661882400512697,0.9698162078857422,-0.23065027594566346,-0.07910171151161194,0.22842717170715333,0.9728873372077942,-0.03620963543653488,0.08530884981155396,0.017047764733433725,0.9962087273597717],"EasingStyle":"Linear","EasingDirection":"Out"},"Torso":{"Weight":1,"CFrame":[0.038942091166973117,0.000021204738004598768,0.06634235382080078,0.9751771092414856,0.21630588173866273,0.04734247922897339,-0.21654988825321198,0.9762715697288513,0.000025797895432333463,-0.046213533729314807,-0.010277166962623597,0.9988787174224854],"EasingStyle":"Linear","EasingDirection":"Out"},"HumanoidRootPart":{"Weight":1,"CFrame":[0,0,0,1,0,0,0,1,0,0,0,1],"EasingStyle":"Linear","EasingDirection":"In"},"Right Leg":{"Weight":1,"CFrame":[0.10993584990501404,0.07129335403442383,0.17713022232055665,0.785198986530304,0.24114589393138886,-0.570360541343689,-0.2606036961078644,0.964206874370575,0.048896826803684238,0.5617368221282959,0.1102442666888237,0.8199377655982971],"EasingStyle":"Linear","EasingDirection":"Out"}}},{"Time":0.13793103396892548,"poses":{"Left Leg":{"Weight":1,"CFrame":[-1.0406876802444459,0.3683355450630188,-0.35683321952819826,0.6512539982795715,-0.09209125488996506,-0.7532512545585632,-0.02639245055615902,0.9892600178718567,-0.14376389980316163,0.7584006786346436,0.11350694298744202,0.6418290138244629],"EasingStyle":"Linear","EasingDirection":"Out"},"Right Arm":{"Weight":1,"CFrame":[0.007315315306186676,-0.22207161784172059,-0.0352097749710083,-0.3551015555858612,-0.5727860927581787,-0.7387954592704773,0.8367311358451843,-0.5471699833869934,0.022045159712433816,-0.41687390208244326,-0.6103450655937195,0.6735690236091614],"EasingStyle":"Linear","EasingDirection":"Out"},"Left Arm":{"Weight":1,"CFrame":[0.01613190770149231,-0.28828108310699465,0.23221349716186524,0.3783397078514099,0.2087138146162033,0.9018300771713257,-0.920758843421936,0.18504515290260316,0.343455046415329,-0.09519558399915695,-0.9603108167648315,0.26218530535697939],"EasingStyle":"Linear","EasingDirection":"Out"},"Head":{"Weight":1,"CFrame":[9.825453162193299e-8,7.450580596923828e-9,0.016661763191223146,0.9668624997138977,-0.23620161414146424,-0.09688013046979904,0.22951671481132508,0.9703869819641113,-0.07530689984560013,0.11179880052804947,0.050575800240039828,0.9924430251121521],"EasingStyle":"Linear","EasingDirection":"Out"},"Torso":{"Weight":1,"CFrame":[0.04584035277366638,0.014161389321088791,0.055214643478393558,0.9740822911262512,0.21922120451927186,0.055728811770677569,-0.22046725451946259,0.9752424359321594,0.017216261476278306,-0.05057493597269058,-0.029056433588266374,0.9982975125312805],"EasingStyle":"Linear","EasingDirection":"Out"},"HumanoidRootPart":{"Weight":1,"CFrame":[0,0,0,1,0,0,0,1,0,0,0,1],"EasingStyle":"Linear","EasingDirection":"In"},"Right Leg":{"Weight":1,"CFrame":[0.21086032688617707,0.1076887845993042,0.2735081911087036,0.7323185801506043,0.31938767433166506,-0.601415753364563,-0.3557383418083191,0.9325229525566101,0.0620577447116375,0.5806545615196228,0.16850058734416963,0.7965223789215088],"EasingStyle":"Linear","EasingDirection":"Out"}}},{"Time":0.17241379618644715,"poses":{"Left Leg":{"Weight":1,"CFrame":[-1.022801399230957,0.36538738012313845,-0.2723589539527893,0.6177047491073608,-0.053910743445158008,-0.7845600247383118,-0.21245718002319337,0.9491100311279297,-0.2324908971786499,0.757167637348175,0.3102962076663971,0.574816107749939],"EasingStyle":"Linear","EasingDirection":"Out"},"Right Arm":{"Weight":1,"CFrame":[0.006756491959095001,-0.3112226724624634,-0.02293151617050171,-0.35219502449035647,-0.5444861650466919,-0.7612447738647461,0.7563944458961487,-0.6446096897125244,0.11111099272966385,-0.551204264163971,-0.536668598651886,0.6388745903968811],"EasingStyle":"Linear","EasingDirection":"Out"},"Left Arm":{"Weight":1,"CFrame":[0.012127123773097992,-0.37854480743408205,0.26371467113494875,0.4972008764743805,0.2180110067129135,0.8397989869117737,-0.8671918511390686,0.1558157503604889,0.47296905517578127,-0.02774146944284439,-0.9634275436401367,0.266529381275177],"EasingStyle":"Linear","EasingDirection":"Out"},"Head":{"Weight":1,"CFrame":[9.033828973770142e-8,-2.0489096641540528e-8,0.016662120819091798,0.9647854566574097,-0.2396475374698639,-0.10843490064144135,0.22753393650054933,0.967182457447052,-0.11307676136493683,0.13197480142116548,0.0844222903251648,0.987651526927948],"EasingStyle":"Linear","EasingDirection":"Out"},"Torso":{"Weight":1,"CFrame":[0.051015257835388187,0.02504267543554306,-0.020205259323120118,0.9736226797103882,0.21957331895828248,0.062020037323236468,-0.22173994779586793,0.9746304750442505,0.03044482320547104,-0.05376175045967102,-0.04339408874511719,0.9976104497909546],"EasingStyle":"Linear","EasingDirection":"Out"},"HumanoidRootPart":{"Weight":1,"CFrame":[0,0,0,1,0,0,0,1,0,0,0,1],"EasingStyle":"Linear","EasingDirection":"In"},"Right Leg":{"Weight":1,"CFrame":[0.27099812030792239,0.1570056676864624,0.3713557720184326,0.6620079278945923,0.3752892017364502,-0.6487706899642944,-0.43310943245887759,0.8980021476745606,0.07751365751028061,0.6116876006126404,0.2296740561723709,0.7570258975028992],"EasingStyle":"Linear","EasingDirection":"Out"}}},{"Time":0.2068965584039688,"poses":{"Left Leg":{"Weight":1,"CFrame":[-0.9296759366989136,0.2687489986419678,-0.10220330953598023,0.6726559400558472,0.07432106137275696,-0.7362136244773865,-0.42167916893959048,0.8560801148414612,-0.29885369539260867,0.6080465912818909,0.5114715695381165,0.6071869730949402],"EasingStyle":"Linear","EasingDirection":"Out"},"Right Arm":{"Weight":1,"CFrame":[0.0009014308452606201,-0.4575769603252411,-0.02358877658843994,-0.18337088823318482,-0.5621210336685181,-0.8064706325531006,0.7712839841842651,-0.5909187197685242,0.23650822043418885,-0.6095048785209656,-0.5786492824554443,0.5419123768806458],"EasingStyle":"Linear","EasingDirection":"Out"},"Left Arm":{"Weight":1,"CFrame":[0.00804804265499115,-0.4714058041572571,0.2783970832824707,0.5630171298980713,0.2050425261259079,0.8006054759025574,-0.8263059854507446,0.1218828335404396,0.5498753786087036,0.015167690813541413,-0.9711344838142395,0.23805031180381776],"EasingStyle":"Linear","EasingDirection":"Out"},"Head":{"Weight":1,"CFrame":[5.4016709327697757e-8,-5.587935447692871e-9,0.016662240028381349,0.9639828205108643,-0.24055717885494233,-0.11344306170940399,0.2228088527917862,0.9633383750915527,-0.1494503766298294,0.14523541927337647,0.11879139393568039,0.9822399020195007],"EasingStyle":"Linear","EasingDirection":"Out"},"Torso":{"Weight":1,"CFrame":[0.054346486926078799,0.03324766457080841,-0.16313433647155763,0.9739364385604858,0.21698521077632905,0.06606986373662949,-0.21989421546459199,0.9746859669685364,0.040419768542051318,-0.05562688037753105,-0.05389466509222984,0.9969959855079651],"EasingStyle":"Linear","EasingDirection":"Out"},"HumanoidRootPart":{"Weight":1,"CFrame":[0,0,0,1,0,0,0,1,0,0,0,1],"EasingStyle":"Linear","EasingDirection":"In"},"Right Leg":{"Weight":1,"CFrame":[0.19904765486717225,0.16103798151016236,0.392301082611084,0.6021432876586914,0.3646147549152374,-0.7102672457695007,-0.43709927797317507,0.8950096964836121,0.08889229595661164,0.6681075096130371,0.256931334733963,0.6982969641685486],"EasingStyle":"Linear","EasingDirection":"Out"}}},{"Time":0.24137930572032929,"poses":{"Left Leg":{"Weight":1,"CFrame":[-0.750732958316803,0.11384940147399903,0.014522433280944825,0.5839170813560486,0.31433552503585818,-0.7484877705574036,-0.6822938323020935,0.6896317005157471,-0.24265894293785096,0.43990451097488406,0.6523812413215637,0.6171569228172302],"EasingStyle":"Linear","EasingDirection":"Out"},"Right Arm":{"Weight":1,"CFrame":[-0.009273529052734375,-0.6223351955413818,-0.03585517406463623,0.08741737902164459,-0.5706842541694641,-0.8165034055709839,0.812783420085907,-0.4330424964427948,0.3896884620189667,-0.5759698748588562,-0.6977059841156006,0.42598724365234377],"EasingStyle":"Linear","EasingDirection":"Out"},"Left Arm":{"Weight":1,"CFrame":[0.004698365926742554,-0.5547069311141968,0.2805752754211426,0.5964512825012207,0.17955273389816285,0.7823083996772766,-0.802000105381012,0.09412755817174912,0.5898608565330505,0.032274309545755389,-0.9792348146438599,0.20014429092407227],"EasingStyle":"Linear","EasingDirection":"Out"},"Head":{"Weight":1,"CFrame":[1.0617077350616455e-7,1.862645149230957e-8,0.016662120819091798,0.9644129872322083,-0.23820148408412934,-0.11475040018558502,0.2149922102689743,0.9591139554977417,-0.1840619295835495,0.15390250086784364,0.15284137427806855,0.976193368434906],"EasingStyle":"Linear","EasingDirection":"Out"},"Torso":{"Weight":1,"CFrame":[0.05572572350502014,0.03934358060359955,-0.3322441577911377,0.9751269221305847,0.2110399603843689,0.06774663925170899,-0.21445704996585847,0.9755615592002869,0.04783068597316742,-0.05599683150649071,-0.061169736087322238,0.9965553879737854],"EasingStyle":"Linear","EasingDirection":"Out"},"HumanoidRootPart":{"Weight":1,"CFrame":[0,0,0,1,0,0,0,1,0,0,0,1],"EasingStyle":"Linear","EasingDirection":"In"},"Right Leg":{"Weight":1,"CFrame":[0.05187350511550903,0.1241716742515564,0.3220556974411011,0.562950849533081,0.3135945498943329,-0.7646860480308533,-0.3821212947368622,0.9191510677337647,0.09562777727842331,0.7328503727912903,0.23836901783943177,0.63726806640625],"EasingStyle":"Linear","EasingDirection":"Out"}}},{"Time":0.27586206793785097,"poses":{"Left Leg":{"Weight":1,"CFrame":[-0.6151885986328125,-0.09661674499511719,0.09690225124359131,0.4151439368724823,0.46522632241249087,-0.7818056344985962,-0.8554202914237976,0.49215462803840639,-0.16136904060840608,0.3096960783004761,0.7357637286186218,0.6022789478302002],"EasingStyle":"Linear","EasingDirection":"Out"},"Right Arm":{"Weight":1,"CFrame":[-0.02307407557964325,-0.7562023997306824,-0.05530250072479248,0.3378439247608185,-0.5374396443367004,-0.7726706862449646,0.815655529499054,-0.24245648086071015,0.5252819061279297,-0.4696462154388428,-0.8076964020729065,0.3564532399177551],"EasingStyle":"Linear","EasingDirection":"Out"},"Left Arm":{"Weight":1,"CFrame":[0.002921059727668762,-0.6153891682624817,0.27778422832489016,0.6201870441436768,0.15771634876728059,0.7684357166290283,-0.7839215397834778,0.08852037042379379,0.614517092704773,0.028897155076265336,-0.9835088849067688,0.178536519408226],"EasingStyle":"Linear","EasingDirection":"Out"},"Head":{"Weight":1,"CFrame":[6.332993507385254e-8,-1.6763806343078614e-8,0.016661524772644044,0.9661673903465271,-0.23171760141849519,-0.11325860768556595,0.2037157416343689,0.9549310803413391,-0.2158856987953186,0.15817862749099732,0.1855091154575348,0.9698277711868286],"EasingStyle":"Linear","EasingDirection":"Out"},"Torso":{"Weight":1,"CFrame":[0.05505146086215973,0.04387487471103668,-0.4751014709472656,0.9772444367408752,0.20128107070922852,0.06692691147327423,-0.20494922995567323,0.9773181080818176,0.05333944410085678,-0.054672662168741229,-0.06584229320287705,0.9963310956954956],"EasingStyle":"Linear","EasingDirection":"Out"},"HumanoidRootPart":{"Weight":1,"CFrame":[0,0,0,1,0,0,0,1,0,0,0,1],"EasingStyle":"Linear","EasingDirection":"In"},"Right Leg":{"Weight":1,"CFrame":[0.02253388613462448,0.13046151399612428,0.3271939754486084,0.5280755162239075,0.31273454427719118,-0.7895146608352661,-0.3850570619106293,0.9168295860290527,0.10561560094356537,0.756879985332489,0.2482350468635559,0.6045758724212647],"EasingStyle":"Linear","EasingDirection":"Out"}}},{"Time":0.3103448152542114,"poses":{"Left Leg":{"Weight":1,"CFrame":[-0.6984116435050964,0.0673266053199768,0.04637563228607178,0.4841941297054291,0.4161614179611206,-0.7696528434753418,-0.8068289756774902,0.5526791214942932,-0.2087409645318985,0.33850112557411196,0.7220494747161865,0.603375256061554],"EasingStyle":"Linear","EasingDirection":"Out"},"Right Arm":{"Weight":1,"CFrame":[-0.03926916420459747,-0.8202509880065918,-0.07569366693496704,0.4751843810081482,-0.5080728530883789,-0.7183742523193359,0.7969188094139099,-0.0975799709558487,0.596153199672699,-0.372988224029541,-0.8557687401771545,0.35852450132369997],"EasingStyle":"Linear","EasingDirection":"Out"},"Left Arm":{"Weight":1,"CFrame":[0.0031325072050094606,-0.6434264183044434,0.2761702537536621,0.6481635570526123,0.15193991363048554,0.7461891174316406,-0.761401355266571,0.11344773322343826,0.638276994228363,0.012326228432357312,-0.9818573594093323,0.18922016024589539],"EasingStyle":"Linear","EasingDirection":"Out"},"Head":{"Weight":1,"CFrame":[8.754432201385498e-8,-1.862645149230957e-8,0.016662001609802247,0.9690247774124146,-0.2212105095386505,-0.10980400443077088,0.18947769701480866,0.9511014819145203,-0.24393470585346223,0.1583956629037857,0.21557331085205079,0.9635553359985352],"EasingStyle":"Linear","EasingDirection":"Out"},"Torso":{"Weight":1,"CFrame":[0.0523369163274765,0.047229573130607608,-0.5506410598754883,0.9800735712051392,0.1881686896085739,0.06362680345773697,-0.19183349609375,0.9797464609146118,0.05741780251264572,-0.05153390392661095,-0.06847941875457764,0.9963206648826599],"EasingStyle":"Linear","EasingDirection":"Out"},"HumanoidRootPart":{"Weight":1,"CFrame":[0,0,0,1,0,0,0,1,0,0,0,1],"EasingStyle":"Linear","EasingDirection":"In"},"Right Leg":{"Weight":1,"CFrame":[0.07611750066280365,0.16996639966964723,0.4004676342010498,0.49870258569717409,0.34668007493019106,-0.7944234609603882,-0.43249595165252688,0.8938082456588745,0.11854963004589081,0.7511610984802246,0.28446391224861147,0.5956822633743286],"EasingStyle":"Linear","EasingDirection":"Out"}}},{"Time":0.3448275923728943,"poses":{"Left Leg":{"Weight":1,"CFrame":[-0.6949083209037781,0.06479442119598389,0.03727447986602783,0.440263032913208,0.419310986995697,-0.7939438819885254,-0.8264244794845581,0.5349090099334717,-0.17576919496059419,0.3509857952594757,0.7335193753242493,0.5820294618606567],"EasingStyle":"Linear","EasingDirection":"Out"},"Right Arm":{"Weight":1,"CFrame":[-0.04504295438528061,-0.8151885271072388,-0.08192813396453858,0.5181899666786194,-0.5118250846862793,-0.6852110028266907,0.783862292766571,-0.036254409700632098,0.619875431060791,-0.34210968017578127,-0.8583243489265442,0.382413774728775],"EasingStyle":"Linear","EasingDirection":"Out"},"Left Arm":{"Weight":1,"CFrame":[0.003894887864589691,-0.6410548686981201,0.2764263153076172,0.6713508367538452,0.15637049078941346,0.7244557738304138,-0.7411357760429382,0.1448303461074829,0.6555471420288086,-0.0024150609970092775,-0.9770222306251526,0.21312390267848969],"EasingStyle":"Linear","EasingDirection":"Out"},"Head":{"Weight":1,"CFrame":[7.450580596923828e-8,3.725290298461914e-9,0.016662120819091798,0.9719392657279968,-0.21066120266914369,-0.10467051714658737,0.17655426263809205,0.9473334550857544,-0.2671853005886078,0.15544350445270539,0.24120782315731049,0.9579436779022217],"EasingStyle":"Linear","EasingDirection":"Out"},"Torso":{"Weight":1,"CFrame":[0.04806680977344513,0.04927489161491394,-0.5631461143493652,0.982657790184021,0.17597994208335877,0.05843555927276611,-0.17941515147686006,0.9819478988647461,0.05990434065461159,-0.04683871567249298,-0.06934968382120133,0.9964922070503235],"EasingStyle":"Linear","EasingDirection":"Out"},"HumanoidRootPart":{"Weight":1,"CFrame":[0,0,0,1,0,0,0,1,0,0,0,1],"EasingStyle":"Linear","EasingDirection":"In"},"Right Leg":{"Weight":1,"CFrame":[0.07776107639074326,0.182148277759552,0.4126262664794922,0.4846922755241394,0.35362139344215395,-0.8000158071517944,-0.43861350417137148,0.8895883560180664,0.12747858464717866,0.7567638754844666,0.2891097664833069,0.5862797498703003],"EasingStyle":"Linear","EasingDirection":"Out"}}},{"Time":0.37931033968925478,"poses":{"Left Leg":{"Weight":1,"CFrame":[-0.6375491619110107,-0.07491135597229004,0.07459092140197754,0.34480956196784975,0.4517906904220581,-0.8227949142456055,-0.8801840543746948,0.46019646525382998,-0.11616913229227066,0.326163113117218,0.7642672061920166,0.5563392043113709],"EasingStyle":"Linear","EasingDirection":"Out"},"Right Arm":{"Weight":1,"CFrame":[-0.023869752883911134,-0.7517796158790588,-0.056261420249938968,0.49149346351623537,-0.5452921986579895,-0.6790364980697632,0.7707657217979431,-0.09060074388980866,0.6306439638137817,-0.40540647506713869,-0.8333353996276856,0.37576282024383547],"EasingStyle":"Linear","EasingDirection":"Out"},"Left Arm":{"Weight":1,"CFrame":[0.003385305404663086,-0.6135923266410828,0.2778153419494629,0.676117479801178,0.1631106585264206,0.7185123562812805,-0.736793577671051,0.15054363012313844,0.6591448187828064,-0.0006539933965541422,-0.9750546216964722,0.2219642549753189],"EasingStyle":"Linear","EasingDirection":"Out"},"Head":{"Weight":1,"CFrame":[7.82310962677002e-8,-2.9802322387695315e-8,0.016662001609802247,0.9738665819168091,-0.20511196553707124,-0.09753452241420746,0.17020253837108613,0.9434293508529663,-0.2845560312271118,0.15038278698921204,0.26051899790763857,0.95368492603302],"EasingStyle":"Linear","EasingDirection":"Out"},"Torso":{"Weight":1,"CFrame":[0.04287149757146835,0.04979826509952545,-0.5282397270202637,0.9840643405914307,0.17000281810760499,0.05211951583623886,-0.17303462326526643,0.9830533266067505,0.060540616512298587,-0.04094419255852699,-0.06859433650970459,0.9968040585517883],"EasingStyle":"Linear","EasingDirection":"Out"},"HumanoidRootPart":{"Weight":1,"CFrame":[0,0,0,1,0,0,0,1,0,0,0,1],"EasingStyle":"Linear","EasingDirection":"In"},"Right Leg":{"Weight":1,"CFrame":[0.049278803169727328,0.17247265577316285,0.38380300998687746,0.48689404129981997,0.34219789505004885,-0.8036383986473084,-0.4164494574069977,0.8997018337249756,0.1307918280363083,0.7677916288375855,0.2709929049015045,0.5805676579475403],"EasingStyle":"Linear","EasingDirection":"Out"}}},{"Time":0.4137931168079376,"poses":{"Left Leg":{"Weight":1,"CFrame":[-0.6386170983314514,-0.0683203935623169,0.07490015029907227,0.3467614948749542,0.4461873769760132,-0.8250292539596558,-0.86903977394104,0.48376697301864626,-0.10363122820854187,0.35288292169570925,0.752918541431427,0.5555063486099243],"EasingStyle":"Linear","EasingDirection":"Out"},"Right Arm":{"Weight":1,"CFrame":[0.035502515733242038,-0.642807126045227,0.014536023139953614,0.39990314841270449,-0.5835939645767212,-0.7067498564720154,0.7103709578514099,-0.28991252183914187,0.6413453817367554,-0.5791809558868408,-0.7585306763648987,0.2986314594745636],"EasingStyle":"Linear","EasingDirection":"Out"},"Left Arm":{"Weight":1,"CFrame":[0.0003491118550300598,-0.5670469403266907,0.27962350845336916,0.6527308225631714,0.16601254045963288,0.7391766309738159,-0.757016658782959,0.1049780324101448,0.6449072957038879,0.02946530096232891,-0.9805200099945068,0.19419686496257783],"EasingStyle":"Linear","EasingDirection":"Out"},"Head":{"Weight":1,"CFrame":[8.940696716308594e-8,-1.6763806343078614e-8,0.016662001609802247,0.9738218188285828,-0.20968380570411683,-0.08777108043432236,0.17566533386707307,0.9392555952072144,-0.29485684633255007,0.14426618814468385,0.27171966433525088,0.9515017867088318],"EasingStyle":"Linear","EasingDirection":"Out"},"Torso":{"Weight":1,"CFrame":[0.03737839311361313,0.04866527020931244,-0.4615449905395508,0.9834242463111877,0.17553284764289857,0.04544146731495857,-0.1780553013086319,0.9822403192520142,0.059163209050893787,-0.034249357879161838,-0.06627362966537476,0.9972134828567505],"EasingStyle":"Linear","EasingDirection":"Out"},"HumanoidRootPart":{"Weight":1,"CFrame":[0,0,0,1,0,0,0,1,0,0,0,1],"EasingStyle":"Linear","EasingDirection":"In"},"Right Leg":{"Weight":1,"CFrame":[0.0014613941311836243,0.14854735136032105,0.3202943801879883,0.5070633888244629,0.3148645758628845,-0.8023384809494019,-0.3694133162498474,0.9204421639442444,0.12774986028671266,0.778730034828186,0.23161721229553224,0.5830377340316773],"EasingStyle":"Linear","EasingDirection":"Out"}}},{"Time":0.4482758641242981,"poses":{"Left Leg":{"Weight":1,"CFrame":[-0.7186242341995239,0.11540299654006958,0.019365310668945314,0.4858948588371277,0.3866163492202759,-0.7838584184646606,-0.7619691491127014,0.6267074942588806,-0.1632201373577118,0.42814624309539797,0.6765837073326111,0.5991036891937256],"EasingStyle":"Linear","EasingDirection":"Out"},"Right Arm":{"Weight":1,"CFrame":[0.12103874236345291,-0.5069385766983032,0.1216285228729248,0.25767335295677187,-0.5809320211410523,-0.7720895409584045,0.5351365804672241,-0.5795252919197083,0.614637553691864,-0.8045080900192261,-0.5715491771697998,0.16154985129833222],"EasingStyle":"Linear","EasingDirection":"Out"},"Left Arm":{"Weight":1,"CFrame":[-0.00429602712392807,-0.5100815296173096,0.28141534328460696,0.6087124347686768,0.1623346507549286,0.7766057848930359,-0.7881130576133728,0.011001696810126305,0.6154322028160095,0.09136195480823517,-0.986674427986145,0.1346351057291031],"EasingStyle":"Linear","EasingDirection":"Out"},"Head":{"Weight":1,"CFrame":[8.381903171539307e-8,-3.725290298461914e-9,0.016662120819091798,0.9704198837280273,-0.22950723767280579,-0.07491133362054825,0.19804000854492188,0.9342107772827148,-0.29669928550720217,0.13807761669158936,0.2730873227119446,0.9520282745361328],"EasingStyle":"Linear","EasingDirection":"Out"},"Torso":{"Weight":1,"CFrame":[0.03216195106506348,0.04581455886363983,-0.37868261337280276,0.9794749617576599,0.19773730635643006,0.039099741727113727,-0.19971731305122376,0.9782692790031433,0.05569756031036377,-0.027236593887209894,-0.06236325949430466,0.9976817965507507],"EasingStyle":"Linear","EasingDirection":"Out"},"HumanoidRootPart":{"Weight":1,"CFrame":[0,0,0,1,0,0,0,1,0,0,0,1],"EasingStyle":"Linear","EasingDirection":"In"},"Right Leg":{"Weight":1,"CFrame":[-0.06147453933954239,0.11708343029022217,0.22479760646820069,0.5464599132537842,0.27033331990242007,-0.7926545739173889,-0.297254353761673,0.9474539160728455,0.11819872260093689,0.7829568386077881,0.17102912068367005,0.5981034636497498],"EasingStyle":"Linear","EasingDirection":"Out"}}},{"Time":0.48275861144065859,"poses":{"Left Leg":{"Weight":1,"CFrame":[-0.9045982360839844,0.44656020402908327,-0.021500051021575929,0.6673202514648438,0.22456100583076478,-0.7101099491119385,-0.523593008518219,0.8195222020149231,-0.23288148641586305,0.5296546220779419,0.5272150635719299,0.6644622683525086],"EasingStyle":"Linear","EasingDirection":"Out"},"Right Arm":{"Weight":1,"CFrame":[0.21430328488349915,-0.36242932081222536,0.24836218357086183,0.11933495104312897,-0.5002405047416687,-0.8576239347457886,0.2363196462392807,-0.8246598839759827,0.5138958692550659,-0.9643195271492004,-0.2639991044998169,0.01980583183467388],"EasingStyle":"Linear","EasingDirection":"Out"},"Left Arm":{"Weight":1,"CFrame":[-0.009058468043804169,-0.45194756984710696,0.2829052209854126,0.5583568215370178,0.15111196041107179,0.8157222270965576,-0.8089173436164856,-0.11902488023042679,0.5757482051849365,0.18409359455108643,-0.9813247323036194,0.05577896907925606],"EasingStyle":"Linear","EasingDirection":"Out"},"Head":{"Weight":1,"CFrame":[8.195638656616211e-8,-7.450580596923828e-9,0.016662001609802247,0.962138295173645,-0.26568782329559328,-0.06082707270979881,0.24009504914283753,0.9317896962165833,-0.2722541093826294,0.12901267409324647,0.2473418414592743,0.960300862789154],"EasingStyle":"Linear","EasingDirection":"Out"},"Torso":{"Weight":1,"CFrame":[0.027651526033878328,0.041298478841781619,-0.2937886714935303,0.9705764055252075,0.23843520879745484,0.03361634910106659,-0.23990881443023683,0.9694962501525879,0.05020728334784508,-0.020619742572307588,-0.05679486319422722,0.9981729388237],"EasingStyle":"Linear","EasingDirection":"Out"},"HumanoidRootPart":{"Weight":1,"CFrame":[0,0,0,1,0,0,0,1,0,0,0,1],"EasingStyle":"Linear","EasingDirection":"In"},"Right Leg":{"Weight":1,"CFrame":[-0.06711650639772415,0.10737210512161255,0.18979954719543458,0.5883793830871582,0.24272601306438447,-0.7712935209274292,-0.2583906352519989,0.9603068232536316,0.10509572178125382,0.7661879658699036,0.13745886087417603,0.6277429461479187],"EasingStyle":"Linear","EasingDirection":"Out"}}},{"Time":0.517241358757019,"poses":{"Left Leg":{"Weight":1,"CFrame":[-1.0415209531784058,0.6413729190826416,-0.01119840145111084,0.7638723850250244,0.06922754645347595,-0.6416436433792114,-0.2993603050708771,0.9188051819801331,-0.2572556138038635,0.5717363357543945,0.3885931372642517,0.7225738763809204],"EasingStyle":"Linear","EasingDirection":"Out"},"Right Arm":{"Weight":1,"CFrame":[0.29452502727508547,-0.2291182577610016,0.37400150299072268,0.04581327363848686,-0.37178927659988406,-0.9271860122680664,-0.07163386791944504,-0.9269937872886658,0.3681725859642029,-0.9963783025741577,0.049550723284482959,-0.06910140067338944],"EasingStyle":"Linear","EasingDirection":"Out"},"Left Arm":{"Weight":1,"CFrame":[-0.01226913183927536,-0.40177440643310549,0.2837623357772827,0.5194481015205383,0.13709035515785218,0.8434333205223084,-0.800224781036377,-0.26813262701034548,0.5364190340042114,0.2996898293495178,-0.9535780549049377,-0.029577629640698434],"EasingStyle":"Linear","EasingDirection":"Out"},"Head":{"Weight":1,"CFrame":[8.381903171539307e-8,-8.381903171539307e-9,0.016662001609802247,0.9495213627815247,-0.30938878655433657,-0.05184400826692581,0.2912425398826599,0.930825412273407,-0.22077547013759614,0.11656323820352555,0.1945318728685379,0.9739457964897156],"EasingStyle":"Linear","EasingDirection":"Out"},"Torso":{"Weight":1,"CFrame":[0.024045012891292573,0.0354059562087059,-0.21507644653320313,0.9573869705200195,0.2873249650001526,0.0292318444699049,-0.28838685154914858,0.9565460085868836,0.043043650686740878,-0.015594087541103363,-0.0496395118534565,0.9986454248428345],"EasingStyle":"Linear","EasingDirection":"Out"},"HumanoidRootPart":{"Weight":1,"CFrame":[0,0,0,1,0,0,0,1,0,0,0,1],"EasingStyle":"Linear","EasingDirection":"In"},"Right Leg":{"Weight":1,"CFrame":[0.023122437298297883,0.13314568996429444,0.2550004720687866,0.618787407875061,0.25671881437301638,-0.7424267530441284,-0.2864099442958832,0.9537678360939026,0.09108411520719528,0.7314857840538025,0.1562766134738922,0.6637064218521118],"EasingStyle":"Linear","EasingDirection":"Out"}}},{"Time":0.5517241358757019,"poses":{"Left Leg":{"Weight":1,"CFrame":[-1.1302944421768189,0.7415263652801514,-0.01564919948577881,0.8034147620201111,-0.053557656705379489,-0.5930060148239136,-0.11896110326051712,0.961427628993988,-0.24800238013267518,0.5834149122238159,0.2697933316230774,0.7660539746284485],"EasingStyle":"Linear","EasingDirection":"Out"},"Right Arm":{"Weight":1,"CFrame":[0.33971714973449709,-0.13185909390449525,0.47777557373046877,0.040104031562805179,-0.26579567790031435,-0.9631948471069336,-0.26270636916160586,-0.9328609704971314,0.2464868128299713,-0.9640420079231262,0.24315224587917329,-0.10723775625228882],"EasingStyle":"Linear","EasingDirection":"Out"},"Left Arm":{"Weight":1,"CFrame":[-0.012003056704998017,-0.3686217665672302,0.2834453582763672,0.509429395198822,0.13333936035633088,0.85011887550354,-0.7497513890266419,-0.4160727262496948,0.5145449638366699,0.4223203957080841,-0.899502158164978,-0.11198814958333969],"EasingStyle":"Linear","EasingDirection":"Out"},"Head":{"Weight":1,"CFrame":[9.685754776000977e-8,-7.450580596923828e-9,0.01666247844696045,0.9354921579360962,-0.3497210144996643,-0.050493113696575168,0.3372800052165985,0.9263906478881836,-0.16745923459529878,0.10534034669399262,0.13962656259536744,0.9845851063728333],"EasingStyle":"Linear","EasingDirection":"Out"},"Torso":{"Weight":1,"CFrame":[0.021583039313554765,0.028343379497528077,-0.14927458763122559,0.9429854154586792,0.331798255443573,0.026238789781928064,-0.3325684666633606,0.9424493908882141,0.034457553178071979,-0.013295775279402733,-0.041219163686037067,0.999061644077301],"EasingStyle":"Linear","EasingDirection":"Out"},"HumanoidRootPart":{"Weight":1,"CFrame":[0,0,0,1,0,0,0,1,0,0,0,1],"EasingStyle":"Linear","EasingDirection":"In"},"Right Leg":{"Weight":1,"CFrame":[0.12590903043746949,0.17314958572387696,0.32300055027008059,0.6427968144416809,0.2773924469947815,-0.7140487432479858,-0.3223709166049957,0.9435303807258606,0.07633820921182633,0.6949023008346558,0.18111848831176759,0.6959215402603149],"EasingStyle":"Linear","EasingDirection":"Out"}}},{"Time":0.5862069129943848,"poses":{"Left Leg":{"Weight":1,"CFrame":[-1.165940284729004,0.7613431811332703,-0.029488205909729005,0.8156059980392456,-0.10578922182321549,-0.5688543915748596,-0.03530013933777809,0.9722147583961487,-0.23141397535800935,0.5775298476219177,0.20882324874401093,0.7892099022865295],"EasingStyle":"Linear","EasingDirection":"Out"},"Right Arm":{"Weight":1,"CFrame":[0.3289579451084137,-0.09702906012535095,0.5414842367172241,0.07261396199464798,-0.22439134120941163,-0.9717898964881897,-0.28466078639030459,-0.9384956955909729,0.19543343782424928,-0.9558742046356201,0.2624393105506897,-0.1320233941078186],"EasingStyle":"Linear","EasingDirection":"Out"},"Left Arm":{"Weight":1,"CFrame":[-0.006151996552944183,-0.3615476191043854,0.28112196922302248,0.5387064218521118,0.15868869423866273,0.8274135589599609,-0.6527574062347412,-0.5422829389572144,0.5289964079856873,0.532637894153595,-0.8250740170478821,-0.1885460913181305],"EasingStyle":"Linear","EasingDirection":"Out"},"Head":{"Weight":1,"CFrame":[9.12696123123169e-8,-5.587935447692871e-9,0.0166623592376709,0.925201416015625,-0.3758070170879364,-0.05264455825090408,0.3659609854221344,0.9203165173530579,-0.1381668895483017,0.1003737524151802,0.10856632143259049,0.9890088438987732],"EasingStyle":"Linear","EasingDirection":"Out"},"Torso":{"Weight":1,"CFrame":[0.02068120241165161,0.020181484520435334,-0.10311293601989746,0.9324773550033569,0.36035239696502688,0.025142408907413484,-0.3609333634376526,0.9322687983512878,0.024535004049539567,-0.014598236419260502,-0.03195307031273842,0.999382734298706],"EasingStyle":"Linear","EasingDirection":"Out"},"HumanoidRootPart":{"Weight":1,"CFrame":[0,0,0,1,0,0,0,1,0,0,0,1],"EasingStyle":"Linear","EasingDirection":"In"},"Right Leg":{"Weight":1,"CFrame":[0.18004563450813294,0.19600993394851685,0.3506554365158081,0.6615874767303467,0.28094571828842165,-0.6952492594718933,-0.33464092016220095,0.940333902835846,0.06154425069689751,0.6710569858551025,0.19194184243679048,0.7161290049552918],"EasingStyle":"Linear","EasingDirection":"Out"}}},{"Time":0.6206896305084229,"poses":{"Left Leg":{"Weight":1,"CFrame":[-1.1561143398284913,0.7618475556373596,-0.0426328182220459,0.8159332275390625,-0.09150073677301407,-0.5708594918251038,-0.039816565811634067,0.9761587381362915,-0.21337462961673737,0.576773464679718,0.19682908058166505,0.7928370833396912],"EasingStyle":"Linear","EasingDirection":"Out"},"Right Arm":{"Weight":1,"CFrame":[0.25029584765434267,-0.13945043087005616,0.5524964332580566,0.13480980694293977,-0.25296327471733096,-0.9580374956130981,-0.11289215087890625,-0.9644889235496521,0.23878125846385957,-0.9844194650650024,0.07596489042043686,-0.15858010947704316],"EasingStyle":"Linear","EasingDirection":"Out"},"Left Arm":{"Weight":1,"CFrame":[0.005522843450307846,-0.38305479288101199,0.2765237092971802,0.5956213474273682,0.22025825083255769,0.7724774479866028,-0.5207396745681763,-0.6263421177864075,0.5801085829734802,0.6116088032722473,-0.7477846741676331,-0.25836533308029177],"EasingStyle":"Linear","EasingDirection":"Out"},"Head":{"Weight":1,"CFrame":[7.82310962677002e-8,5.587935447692871e-9,0.016662120819091798,0.9228616952896118,-0.38072478771209719,-0.05809510499238968,0.37113794684410097,0.9194461703300476,-0.12990503013134004,0.10287342965602875,0.09832308441400528,0.989823043346405],"EasingStyle":"Linear","EasingDirection":"Out"},"Torso":{"Weight":1,"CFrame":[0.021472059190273286,0.011627985164523125,-0.08325552940368653,0.9301124811172485,0.36634597182273867,0.02610386721789837,-0.3667776584625244,0.9302012324333191,0.01413637399673462,-0.019103042781352998,-0.02272273600101471,0.9995592832565308],"EasingStyle":"Linear","EasingDirection":"Out"},"HumanoidRootPart":{"Weight":1,"CFrame":[0,0,0,1,0,0,0,1,0,0,0,1],"EasingStyle":"Linear","EasingDirection":"In"},"Right Leg":{"Weight":1,"CFrame":[0.18994520604610444,0.19511491060256959,0.3591189384460449,0.6664504408836365,0.2760588228702545,-0.6925570368766785,-0.33986833691596987,0.9392803907394409,0.04734804481267929,0.6635761857032776,0.2038230150938034,0.719807505607605],"EasingStyle":"Linear","EasingDirection":"Out"}}},{"Time":0.6551724076271057,"poses":{"Left Leg":{"Weight":1,"CFrame":[-1.1285440921783448,0.770010769367218,-0.042342424392700198,0.8121970891952515,-0.053224943578243259,-0.5809502005577087,-0.0802195742726326,0.9761803150177002,-0.20158572494983674,0.5778414011001587,0.21033090353012086,0.7885810732841492],"EasingStyle":"Linear","EasingDirection":"Out"},"Right Arm":{"Weight":1,"CFrame":[0.12433886528015137,-0.2340102195739746,0.5200674533843994,0.23801037669181825,-0.30982768535614016,-0.9205203652381897,0.20550429821014405,-0.9102346301078796,0.3595012128353119,-0.9492729306221008,-0.27473580837249758,-0.15297427