{"Sequence":[{"Time":0,"poses":{"Left Leg":{"Weight":1,"CFrame":[-0.27534669637680056,-0.1747971773147583,-0.020691871643066407,0.9912313222885132,-0.1321367770433426,0.0005926063749939203,0.1311444789171219,0.9832193851470947,-0.12681080400943757,0.01617365889251232,0.12577654421329499,0.9919267892837524],"EasingStyle":"Linear","EasingDirection":"In"},"Right Arm":{"Weight":1,"CFrame":[-0.0614066943526268,-0.08078035712242127,-0.26374197006225588,0.3643685579299927,0.027211923152208329,-0.930857241153717,0.08302173018455506,0.9946437478065491,0.06157402694225311,0.9275467395782471,-0.09971705824136734,0.36015772819519045],"EasingStyle":"Linear","EasingDirection":"In"},"Left Arm":{"Weight":1,"CFrame":[-0.0066870772279798988,0.4538756012916565,0.0012104511260986329,-0.08095034211874008,-0.029805632308125497,0.9962723851203919,-0.11544669419527054,-0.9925448894500732,-0.03907439485192299,0.9900096654891968,-0.11817938089370728,0.07690587639808655],"EasingStyle":"Linear","EasingDirection":"In"},"Right Leg":{"Weight":1,"CFrame":[0.21732459962368012,0.09893065690994263,-0.02713853120803833,0.9944049715995789,0.08526221662759781,0.06236216798424721,-0.09523160755634308,0.9790540337562561,0.17995598912239076,-0.04571240022778511,-0.18488797545433045,0.9816958904266357],"EasingStyle":"Linear","EasingDirection":"In"},"Torso":{"Weight":1,"CFrame":[-0.09658685326576233,0,0.026538372039794923,0.9930821061134338,2.36769224670752e-7,-0.11742234975099564,-2.384185791015625e-7,1,2.084321417176148e-14,0.11742234975099564,2.7995648466117019e-8,0.9930821061134338],"EasingStyle":"Linear","EasingDirection":"In"},"HumanoidRootPart":{"Weight":0,"CFrame":[0,0,0,1,0,0,0,1,0,0,0,1],"EasingStyle":"Linear","EasingDirection":"In"},"Head":{"Weight":1,"CFrame":[8.940696716308594e-8,0,0.016661882400512697,0.9995346665382385,-0.008533396758139134,-0.02928551845252514,0.007020157761871815,0.9986538887023926,-0.05139373242855072,0.029684651643037797,0.05116420239210129,0.9982490539550781],"EasingStyle":"Linear","EasingDirection":"In"}}},{"Time":0.034583333879709247,"poses":{"Left Leg":{"Weight":1,"CFrame":[0.028276771306991578,-0.19744277000427247,-0.02376800775527954,0.9996276497840881,0.02728397771716118,0.0005691442056559026,-0.02699308469891548,0.9916068911552429,-0.12644053995609284,-0.004014207981526852,0.12637807428836823,0.9919740557670593],"EasingStyle":"Linear","EasingDirection":"In"},"Right Arm":{"Weight":1,"CFrame":[-0.0614066943526268,-0.08078035712242127,-0.26374197006225588,0.3643685579299927,0.027211923152208329,-0.930857241153717,0.08302173018455506,0.9946437478065491,0.06157402694225311,0.9275467395782471,-0.09971705824136734,0.36015772819519045],"EasingStyle":"Linear","EasingDirection":"In"},"Left Arm":{"Weight":1,"CFrame":[-0.006687076762318611,0.5341941118240356,0.009349346160888672,-0.08095034211874008,-0.029805632308125497,0.9962723851203919,-0.11544669419527054,-0.9925448894500732,-0.03907439485192299,0.9900096654891968,-0.11817938089370728,0.07690587639808655],"EasingStyle":"Linear","EasingDirection":"In"},"Right Leg":{"Weight":1,"CFrame":[0.0029626907780766489,0.08771073818206787,-0.011468231678009034,0.9976931214332581,-0.027227239683270456,0.06218696013092995,0.01578815095126629,0.9839901328086853,0.17752209305763246,-0.06602471321821213,-0.17613080143928529,0.9821500182151794],"EasingStyle":"Linear","EasingDirection":"In"},"Torso":{"Weight":1,"CFrame":[-0.09658685326576233,0,0.1030426025390625,0.9930821061134338,2.36769224670752e-7,-0.11742234975099564,-2.384185791015625e-7,1,2.084321417176148e-14,0.11742234975099564,2.7995648466117019e-8,0.9930821061134338],"EasingStyle":"Linear","EasingDirection":"In"},"HumanoidRootPart":{"Weight":0,"CFrame":[0,0,0,1,0,0,0,1,0,0,0,1],"EasingStyle":"Linear","EasingDirection":"In"},"Head":{"Weight":1,"CFrame":[8.940696716308594e-8,-7.105427357601002e-15,0.016661882400512697,0.9995346665382385,-0.008533396758139134,-0.02928551845252514,0.007020157761871815,0.9986538887023926,-0.05139373242855072,0.029684651643037797,0.05116420239210129,0.9982490539550781],"EasingStyle":"Linear","EasingDirection":"In"}}},{"Time":0.06916666775941849,"poses":{"Left Leg":{"Weight":1,"CFrame":[0.028242355212569238,-0.19714128971099854,-0.023729443550109865,0.9996262192726135,0.027334656566381456,0.0005306983948685229,-0.02705065906047821,0.9916826486587524,-0.1258319914340973,-0.003965900279581547,0.12577056884765626,0.9920514822006226],"EasingStyle":"Linear","EasingDirection":"In"},"Right Arm":{"Weight":1,"CFrame":[-0.0614066943526268,-0.08078011870384217,-0.26374202966690066,0.3643685579299927,0.027211923152208329,-0.930857241153717,0.08302173018455506,0.9946437478065491,0.06157402694225311,0.9275467395782471,-0.09971705824136734,0.36015772819519045],"EasingStyle":"Linear","EasingDirection":"In"},"Left Arm":{"Weight":1,"CFrame":[-0.006687075365334749,0.6562851667404175,0.02446436882019043,-0.08095034211874008,-0.029805632308125497,0.9962723851203919,-0.11544669419527054,-0.9925448894500732,-0.03907439485192299,0.9900096654891968,-0.11817938089370728,0.07690587639808655],"EasingStyle":"Linear","EasingDirection":"In"},"Right Leg":{"Weight":1,"CFrame":[0.0028333936352282764,0.08570963144302368,-0.011105835437774659,0.9977097511291504,-0.027277112007141115,0.06189772114157677,0.01615658774971962,0.9846988916397095,0.17351381480693818,-0.06568349152803421,-0.17211636900901795,0.9828843474388123],"EasingStyle":"Linear","EasingDirection":"In"},"Torso":{"Weight":1,"CFrame":[-0.09658685326576233,0,0.24343419075012208,0.9930821061134338,2.36769224670752e-7,-0.11742234975099564,-2.384185791015625e-7,1,2.084321417176148e-14,0.11742234975099564,2.7995648466117019e-8,0.9930821061134338],"EasingStyle":"Linear","EasingDirection":"In"},"HumanoidRootPart":{"Weight":0,"CFrame":[0,0,0,1,0,0,0,1,0,0,0,1],"EasingStyle":"Linear","EasingDirection":"In"},"Head":{"Weight":1,"CFrame":[1.1920928955078126e-7,0,0.016662120819091798,0.9995346665382385,-0.008533396758139134,-0.02928551845252514,0.007020157761871815,0.9986538887023926,-0.05139373242855072,0.029684651643037797,0.05116420239210129,0.9982490539550781],"EasingStyle":"Linear","EasingDirection":"In"}}},{"Time":0.10333333164453507,"poses":{"Left Leg":{"Weight":1,"CFrame":[0.02822573482990265,-0.19699597358703614,-0.023710787296295167,0.9996256232261658,0.027358781546354295,0.0005121269496157765,-0.027078093960881234,0.9917193055152893,-0.12553776800632478,-0.003942486830055714,0.1254768669605255,0.992088794708252],"EasingStyle":"Linear","EasingDirection":"In"},"Right Arm":{"Weight":1,"CFrame":[-0.0614066943526268,-0.08078011870384217,-0.26374202966690066,0.3643685579299927,0.027211923152208329,-0.930857241153717,0.08302173018455506,0.9946437478065491,0.06157402694225311,0.9275467395782471,-0.09971705824136734,0.36015772819519045],"EasingStyle":"Linear","EasingDirection":"In"},"Left Arm":{"Weight":1,"CFrame":[-0.0066870697773993019,0.7193764448165894,0.03260338306427002,-0.08095034211874008,-0.029805632308125497,0.9962723851203919,-0.11544669419527054,-0.9925448894500732,-0.03907439485192299,0.9900096654891968,-0.11817938089370728,0.07690587639808655],"EasingStyle":"Linear","EasingDirection":"In"},"Right Leg":{"Weight":1,"CFrame":[0.0027705945540219547,0.0847405195236206,-0.010933399200439453,0.9977177977561951,-0.027300851419568063,0.06175728514790535,0.01633371226489544,0.9850361347198486,0.17157232761383058,-0.06551715731620789,-0.1701720803976059,0.9832339882850647],"EasingStyle":"Linear","EasingDirection":"In"},"Torso":{"Weight":1,"CFrame":[-0.09658685326576233,0,0.318864107131958,0.9930821061134338,2.36769224670752e-7,-0.11742234975099564,-2.384185791015625e-7,1,2.084321417176148e-14,0.11742234975099564,2.7995648466117019e-8,0.9930821061134338],"EasingStyle":"Linear","EasingDirection":"In"},"HumanoidRootPart":{"Weight":0,"CFrame":[0,0,0,1,0,0,0,1,0,0,0,1],"EasingStyle":"Linear","EasingDirection":"In"},"Head":{"Weight":1,"CFrame":[8.940696716308594e-8,7.105427357601002e-15,0.016662120819091798,0.9995346665382385,-0.008533396758139134,-0.02928551845252514,0.007020157761871815,0.9986538887023926,-0.05139373242855072,0.029684651643037797,0.05116420239210129,0.9982490539550781],"EasingStyle":"Linear","EasingDirection":"In"}}},{"Time":0.1379166692495346,"poses":{"Left Leg":{"Weight":1,"CFrame":[0.028225896880030633,-0.19699740409851075,-0.023710966110229493,0.9996255040168762,0.02735854499042034,0.0005123075097799301,-0.027077822014689447,0.9917189478874207,-0.1255405694246292,-0.003942712675780058,0.12547974288463593,0.9920883774757385],"EasingStyle":"Linear","EasingDirection":"In"},"Right Arm":{"Weight":1,"CFrame":[-0.0614066943526268,-0.08078059554100037,-0.26374197006225588,0.3643685579299927,0.027211923152208329,-0.930857241153717,0.08302173018455506,0.9946437478065491,0.06157402694225311,0.9275467395782471,-0.09971705824136734,0.36015772819519045],"EasingStyle":"Linear","EasingDirection":"In"},"Left Arm":{"Weight":1,"CFrame":[-0.0066870697773993019,0.7186859846115112,0.03178691864013672,-0.08095034211874008,-0.029805632308125497,0.9962723851203919,-0.11544669419527054,-0.9925448894500732,-0.03907439485192299,0.9900096654891968,-0.11817938089370728,0.07690587639808655],"EasingStyle":"Linear","EasingDirection":"In"},"Right Leg":{"Weight":1,"CFrame":[0.0027712334413081409,0.08474928140640259,-0.010934889316558838,0.9977176189422607,-0.027300560846924783,0.061758700758218768,0.016331931576132776,0.985032856464386,0.17159108817577363,-0.0655188038945198,-0.17019090056419373,0.9832305908203125],"EasingStyle":"Linear","EasingDirection":"In"},"Torso":{"Weight":1,"CFrame":[-0.09658685326576233,0,0.31810998916625979,0.9930821061134338,2.36769224670752e-7,-0.11742234975099564,-2.384185791015625e-7,1,2.084321417176148e-14,0.11742234975099564,2.7995648466117019e-8,0.9930821061134338],"EasingStyle":"Linear","EasingDirection":"In"},"HumanoidRootPart":{"Weight":0,"CFrame":[0,0,0,1,0,0,0,1,0,0,0,1],"EasingStyle":"Linear","EasingDirection":"In"},"Head":{"Weight":1,"CFrame":[5.960464477539063e-8,0,0.016661882400512697,0.9995346665382385,-0.008533396758139134,-0.02928551845252514,0.007020157761871815,0.9986538887023926,-0.05139373242855072,0.029684651643037797,0.05116420239210129,0.9982490539550781],"EasingStyle":"Linear","EasingDirection":"In"}}},{"Time":0.17249999940395356,"poses":{"Left Leg":{"Weight":1,"CFrame":[0.028227021917700769,-0.197007417678833,-0.02371227741241455,0.9996256232261658,0.02735689841210842,0.0005135657265782356,-0.027075951918959619,0.9917164444923401,-0.1255606710910797,-0.003944303374737501,0.12549979984760285,0.9920858144760132],"EasingStyle":"Linear","EasingDirection":"In"},"Right Arm":{"Weight":1,"CFrame":[-0.0614066943526268,-0.08078011870384217,-0.26374202966690066,0.3643685579299927,0.027211923152208329,-0.930857241153717,0.08302173018455506,0.9946437478065491,0.06157402694225311,0.9275467395782471,-0.09971705824136734,0.36015772819519045],"EasingStyle":"Linear","EasingDirection":"In"},"Left Arm":{"Weight":1,"CFrame":[-0.006687070243060589,0.713852047920227,0.029990673065185548,-0.08095034211874008,-0.029805632308125497,0.9962723851203919,-0.11544669419527054,-0.9925448894500732,-0.03907439485192299,0.9900096654891968,-0.11817938089370728,0.07690587639808655],"EasingStyle":"Linear","EasingDirection":"In"},"Right Leg":{"Weight":1,"CFrame":[0.002775454195216298,0.08481532335281372,-0.010946571826934815,0.9977171421051025,-0.027299005538225175,0.06176816672086716,0.0163200031965971,0.9850101470947266,0.17172281444072724,-0.06553005427122116,-0.1703227162361145,0.9832070469856262],"EasingStyle":"Linear","EasingDirection":"In"},"Torso":{"Weight":1,"CFrame":[-0.09658685326576233,0,0.31283020973205569,0.9930821061134338,2.36769224670752e-7,-0.11742234975099564,-2.384185791015625e-7,1,2.084321417176148e-14,0.11742234975099564,2.7995648466117019e-8,0.9930821061134338],"EasingStyle":"Linear","EasingDirection":"In"},"HumanoidRootPart":{"Weight":0,"CFrame":[0,0,0,1,0,0,0,1,0,0,0,1],"EasingStyle":"Linear","EasingDirection":"In"},"Head":{"Weight":1,"CFrame":[1.4901161193847657e-7,7.105427357601002e-15,0.016661882400512697,0.9995346665382385,-0.008533396758139134,-0.02928551845252514,0.007020157761871815,0.9986538887023926,-0.05139373242855072,0.029684651643037797,0.05116420239210129,0.9982490539550781],"EasingStyle":"Linear","EasingDirection":"In"}}},{"Time":0.2070833295583725,"poses":{"Left Leg":{"Weight":1,"CFrame":[0.028230106458067895,-0.19703459739685059,-0.023715615272521974,0.9996257424354553,0.02735242061316967,0.0005170116201043129,-0.027070868760347368,0.9917096495628357,-0.12561510503292085,-0.003948644269257784,0.12555405497550965,0.992078959941864],"EasingStyle":"Linear","EasingDirection":"In"},"Right Arm":{"Weight":1,"CFrame":[-0.0614066943526268,-0.08078059554100037,-0.26374197006225588,0.3643685579299927,0.027211923152208329,-0.930857241153717,0.08302173018455506,0.9946437478065491,0.06157402694225311,0.9275467395782471,-0.09971705824136734,0.36015772819519045],"EasingStyle":"Linear","EasingDirection":"In"},"Left Arm":{"Weight":1,"CFrame":[-0.006687070243060589,0.7007321119308472,0.028194427490234376,-0.08095034211874008,-0.029805632308125497,0.9962723851203919,-0.11544669419527054,-0.9925448894500732,-0.03907439485192299,0.9900096654891968,-0.11817938089370728,0.07690587639808655],"EasingStyle":"Linear","EasingDirection":"In"},"Right Leg":{"Weight":1,"CFrame":[0.00278714788146317,0.08499526977539063,-0.010978519916534424,0.9977156519889832,-0.02729465439915657,0.06179429590702057,0.016287215054035188,0.9849478006362915,0.17208310961723329,-0.06556102633476258,-0.1706835776567459,0.9831423759460449],"EasingStyle":"Linear","EasingDirection":"In"},"Torso":{"Weight":1,"CFrame":[-0.09658685326576233,0,0.29849958419799807,0.9930821061134338,2.36769224670752e-7,-0.11742234975099564,-2.384185791015625e-7,1,2.084321417176148e-14,0.11742234975099564,2.7995648466117019e-8,0.9930821061134338],"EasingStyle":"Linear","EasingDirection":"In"},"HumanoidRootPart":{"Weight":0,"CFrame":[0,0,0,1,0,0,0,1,0,0,0,1],"EasingStyle":"Linear","EasingDirection":"In"},"Head":{"Weight":1,"CFrame":[5.960464477539063e-8,0,0.016661643981933595,0.9995346665382385,-0.008533396758139134,-0.02928551845252514,0.007020157761871815,0.9986538887023926,-0.05139373242855072,0.029684651643037797,0.05116420239210129,0.9982490539550781],"EasingStyle":"Linear","EasingDirection":"In"}}},{"Time":0.24124999344348908,"poses":{"Left Leg":{"Weight":1,"CFrame":[0.028236227110028268,-0.19708788394927979,-0.02372264862060547,0.9996259808540344,0.027343478053808214,0.0005238587036728859,-0.027060704305768014,0.9916961193084717,-0.12572365999221803,-0.003957272041589022,0.12566246092319489,0.9920652508735657],"EasingStyle":"Linear","EasingDirection":"In"},"Right Arm":{"Weight":1,"CFrame":[-0.0614066943526268,-0.08078011870384217,-0.26374202966690066,0.3643685579299927,0.027211923152208329,-0.930857241153717,0.08302173018455506,0.9946437478065491,0.06157402694225311,0.9275467395782471,-0.09971705824136734,0.36015772819519045],"EasingStyle":"Linear","EasingDirection":"In"},"Left Arm":{"Weight":1,"CFrame":[-0.0066870711743831638,0.6751836538314819,0.027377963066101075,-0.08095034211874008,-0.029805632308125497,0.9962723851203919,-0.11544669419527054,-0.9925448894500732,-0.03907439485192299,0.9900096654891968,-0.11817938089370728,0.07690587639808655],"EasingStyle":"Linear","EasingDirection":"In"},"Right Leg":{"Weight":1,"CFrame":[0.002810261445119977,0.0853528380393982,-0.01104205846786499,0.9977126121520996,-0.02728581428527832,0.06184600666165352,0.01622183807194233,0.9848235249519348,0.1727989763021469,-0.06562226265668869,-0.1714005172252655,0.9830136299133301],"EasingStyle":"Linear","EasingDirection":"In"},"Torso":{"Weight":1,"CFrame":[-0.09658685326576233,0,0.27059245109558108,0.9930821061134338,2.36769224670752e-7,-0.11742234975099564,-2.384185791015625e-7,1,2.084321417176148e-14,0.11742234975099564,2.7995648466117019e-8,0.9930821061134338],"EasingStyle":"Linear","EasingDirection":"In"},"HumanoidRootPart":{"Weight":0,"CFrame":[0,0,0,1,0,0,0,1,0,0,0,1],"EasingStyle":"Linear","EasingDirection":"In"},"Head":{"Weight":1,"CFrame":[8.940696716308594e-8,7.105427357601002e-15,0.016662120819091798,0.9995346665382385,-0.008533396758139134,-0.02928551845252514,0.007020157761871815,0.9986538887023926,-0.05139373242855072,0.029684651643037797,0.05116420239210129,0.9982490539550781],"EasingStyle":"Linear","EasingDirection":"In"}}},{"Time":0.2758333384990692,"poses":{"Left Leg":{"Weight":1,"CFrame":[-0.27097272872924807,-0.13144969940185548,-0.051321208477020267,0.9893385171890259,0.03874500095844269,-0.14038531482219697,-0.050887200981378558,0.995168924331665,-0.08396066725254059,0.13645398616790772,0.09020933508872986,0.986530601978302],"EasingStyle":"Linear","EasingDirection":"In"},"Right Arm":{"Weight":1,"CFrame":[-0.0285775288939476,-0.23533746600151063,-0.24850618839263917,0.357038676738739,-0.08520270884037018,-0.930195689201355,0.3576924800872803,0.932396650314331,0.05188937112689018,0.8628901839256287,-0.3512505888938904,0.3633781373500824],"EasingStyle":"Linear","EasingDirection":"In"},"Left Arm":{"Weight":1,"CFrame":[-0.022513961419463159,0.5601620674133301,0.12133598327636719,-0.029474876821041108,-0.056655287742614749,0.9979587197303772,0.024913499131798745,-0.9981238842010498,-0.05592866986989975,0.9992550015449524,0.023214207962155343,0.03083103708922863],"EasingStyle":"Linear","EasingDirection":"In"},"Right Leg":{"Weight":1,"CFrame":[0.19951017200946809,0.15053266286849976,-0.04975372552871704,0.9897436499595642,-0.06698419898748398,0.12617714703083039,0.03177124261856079,0.9643462300300598,0.26273012161254885,-0.1392771452665329,-0.2560267448425293,0.9565836191177368],"EasingStyle":"Linear","EasingDirection":"In"},"Torso":{"Weight":1,"CFrame":[-0.10962831974029541,-0.0956396758556366,0.02471923828125,0.991043746471405,-0.008336851373314858,-0.13327711820602418,-0.007281363010406494,0.9931908845901489,-0.1162707582116127,0.13333895802497865,0.11619984358549118,0.9842349290847778],"EasingStyle":"Linear","EasingDirection":"In"},"HumanoidRootPart":{"Weight":0,"CFrame":[0,0,0,1,0,0,0,1,0,0,0,1],"EasingStyle":"Linear","EasingDirection":"In"},"Head":{"Weight":1,"CFrame":[9.4645656645298e-8,3.3527612686157229e-8,0.016661882400512697,0.999140202999115,-0.005967591889202595,0.04102764278650284,0.0037126014940440656,0.9984893202781677,0.054821692407131198,-0.04129278287291527,-0.054622240364551547,0.9976530075073242],"EasingStyle":"Linear","EasingDirection":"In"}}},{"Time":0.31041666865348818,"poses":{"Left Leg":{"Weight":1,"CFrame":[-0.7087852358818054,0.15691685676574708,-0.2009568214416504,0.9616173505783081,-0.05207598954439163,-0.2694070041179657,0.0557660274207592,0.9984254837036133,0.006056242622435093,0.2686672806739807,-0.020847514271736146,0.9630074501037598],"EasingStyle":"Linear","EasingDirection":"In"},"Right Arm":{"Weight":1,"CFrame":[0.004381196573376656,-0.39391010999679568,-0.2341281771659851,0.30966994166374209,-0.19393111765384675,-0.930857241153717,0.656118631362915,0.7521417140960693,0.06157375127077103,0.6881953477859497,-0.6298202872276306,0.3601575791835785],"EasingStyle":"Linear","EasingDirection":"In"},"Left Arm":{"Weight":1,"CFrame":[-0.04999277740716934,0.38918471336364748,0.21761584281921388,0.04641924425959587,-0.08650080859661102,0.9951698184013367,0.22976335883140565,-0.9686078429222107,-0.09490892291069031,0.9721389412879944,0.23305919766426087,-0.02508743666112423],"EasingStyle":"Linear","EasingDirection":"In"},"Right Leg":{"Weight":1,"CFrame":[0.670029878616333,0.39583516120910647,-0.24238252639770509,0.9833483099937439,0.07488082349300385,0.1655861735343933,-0.13341756165027619,0.9161331653594971,0.3780210018157959,-0.12339237332344055,-0.3938184976577759,0.9108684062957764],"EasingStyle":"Linear","EasingDirection":"In"},"Torso":{"Weight":1,"CFrame":[-0.12144932150840759,-0.1900600790977478,-0.21433496475219727,0.9888036847114563,-0.021617526188492776,-0.14764811098575593,-0.013233021833002568,0.9728497862815857,-0.2310592532157898,0.14863434433937074,0.2304261028766632,0.9616712927818298],"EasingStyle":"Linear","EasingDirection":"In"},"HumanoidRootPart":{"Weight":0,"CFrame":[0,0,0,1,0,0,0,1,0,0,0,1],"EasingStyle":"Linear","EasingDirection":"In"},"Head":{"Weight":1,"CFrame":[7.776543498039246e-8,5.774199962615967e-8,0.0166623592376709,0.9919933676719666,0.0017508214805275202,0.12627772986888886,-0.0216576736420393,0.9874492883682251,0.15644487738609315,-0.12441900372505188,-0.15792709589004517,0.9795809984207153],"EasingStyle":"Linear","EasingDirection":"In"}}},{"Time":0.3449999988079071,"poses":{"Left Leg":{"Weight":1,"CFrame":[-0.7098079919815064,0.15206414461135865,-0.21119606494903565,0.9580141305923462,-0.05498729273676872,-0.28139904141426089,0.06128242239356041,0.9980276823043823,0.013612697832286358,0.2800953686237335,-0.030285926535725595,0.9594943523406982],"EasingStyle":"Linear","EasingDirection":"In"},"Right Arm":{"Weight":1,"CFrame":[0.004309944808483124,-0.39588260650634768,-0.2360706329345703,0.2989438772201538,-0.19659201800823213,-0.933800995349884,0.7133251428604126,0.6960402131080627,0.08182492107152939,0.6338768005371094,-0.6905646920204163,0.3483108580112457],"EasingStyle":"Linear","EasingDirection":"In"},"Left Arm":{"Weight":1,"CFrame":[-0.0662728101015091,0.2888196110725403,0.21816039085388184,0.07200749218463898,-0.09699045121669769,0.9926770925521851,0.3053536117076874,-0.945328414440155,-0.11451395601034165,0.9495126008987427,0.3113633990287781,-0.038454435765743259],"EasingStyle":"Linear","EasingDirection":"In"},"Right Leg":{"Weight":1,"CFrame":[0.660685122013092,0.3779522776603699,-0.22443974018096925,0.9837232828140259,0.08591492474079132,0.1578201949596405,-0.13904917240142823,0.9202727675437927,0.3657371401786804,-0.11381520330905914,-0.381728857755661,0.9172399640083313],"EasingStyle":"Linear","EasingDirection":"In"},"Torso":{"Weight":1,"CFrame":[-0.114702969789505,-0.18316853046417237,-0.2044219970703125,0.9896861910820007,-0.03280242532491684,-0.1394464373588562,0.0009363484568893909,0.9748910069465637,-0.22268110513687135,0.1432495415210724,0.2202538549900055,0.9648667573928833],"EasingStyle":"Linear","EasingDirection":"In"},"HumanoidRootPart":{"Weight":0,"CFrame":[0,0,0,1,0,0,0,1,0,0,0,1],"EasingStyle":"Linear","EasingDirection":"In"},"Head":{"Weight":1,"CFrame":[1.2179953046143056e-7,2.9802322387695315e-8,0.016662120819091798,0.9902300834655762,0.018978506326675416,0.13814608752727509,-0.03878093138337135,0.9890922904014587,0.1421004682779312,-0.13394242525100709,-0.14606952667236329,0.9801648259162903],"EasingStyle":"Linear","EasingDirection":"In"}}},{"Time":0.3791666626930237,"poses":{"Left Leg":{"Weight":1,"CFrame":[-0.6817466616630554,0.07339400053024292,-0.20869773626327516,0.9507516026496887,-0.0973014310002327,-0.29428523778915408,0.10445444285869599,0.9944921135902405,0.008647071197628975,0.2918229103088379,-0.038960572332143787,0.9556785821914673],"EasingStyle":"Linear","EasingDirection":"In"},"Right Arm":{"Weight":1,"CFrame":[0.004302375018596649,-0.39617741107940676,-0.23633456230163575,0.2973974645137787,-0.19689682126045228,-0.9342304468154907,0.7211161851882935,0.6876254677772522,0.08463308215141297,0.6257365942001343,-0.6988581418991089,0.3464835286140442],"EasingStyle":"Linear","EasingDirection":"In"},"Left Arm":{"Weight":1,"CFrame":[-0.07068298757076264,0.261533260345459,0.20367205142974854,0.07572417706251145,-0.09831497073173523,0.9922702312469482,0.3159567713737488,-0.9414827227592468,-0.11739470064640045,0.9457469582557678,0.32240408658981326,-0.04022981598973274],"EasingStyle":"Linear","EasingDirection":"In"},"Right Leg":{"Weight":1,"CFrame":[0.6045463681221008,0.28694838285446169,-0.17930269241333009,0.978500485420227,0.11645369231700897,0.17022116482257844,-0.1679205745458603,0.9290344715118408,0.32969337701797488,-0.11974722892045975,-0.3511887490749359,0.9286156892776489],"EasingStyle":"Linear","EasingDirection":"In"},"Torso":{"Weight":1,"CFrame":[-0.10291644930839539,-0.13000383973121644,-0.1414167881011963,0.9914684295654297,-0.036551669239997867,-0.12511736154556275,0.01645309291779995,0.9872943758964539,-0.1580478847026825,0.12930458784103394,0.15464091300964356,0.9794725775718689],"EasingStyle":"Linear","EasingDirection":"In"},"HumanoidRootPart":{"Weight":0,"CFrame":[0,0,0,1,0,0,0,1,0,0,0,1],"EasingStyle":"Linear","EasingDirection":"In"},"Head":{"Weight":1,"CFrame":[1.257285475730896e-7,1.3969838619232178e-8,0.016662120819091798,0.9915019273757935,0.03384624421596527,0.12561243772506715,-0.04352002963423729,0.9962270259857178,0.07508516311645508,-0.12259719520807266,-0.07991375774145127,0.9892339110374451],"EasingStyle":"Linear","EasingDirection":"In"}}},{"Time":0.4137499928474426,"poses":{"Left Leg":{"Weight":1,"CFrame":[-0.27534669637680056,-0.1747971773147583,-0.020691871643066407,0.9912313222885132,-0.1321367770433426,0.0005926063749939203,0.1311444789171219,0.9832193851470947,-0.12681080400943757,0.01617365889251232,0.12577654421329499,0.9919267892837524],"EasingStyle":"Linear","EasingDirection":"In"},"Right Arm":{"Weight":1,"CFrame":[-0.0614066943526268,-0.08078035712242127,-0.26374197006225588,0.3643685579299927,0.027211923152208329,-0.930857241153717,0.08302173018455506,0.9946437478065491,0.06157402694225311,0.9275467395782471,-0.09971705824136734,0.36015772819519045],"EasingStyle":"Linear","EasingDirection":"In"},"Left Arm":{"Weight":1,"CFrame":[-0.0066870772279798988,0.4538756012916565,0.0012104511260986329,-0.08095034211874008,-0.029805632308125497,0.9962723851203919,-0.11544669419527054,-0.9925448894500732,-0.03907439485192299,0.9900096654891968,-0.11817938089370728,0.07690587639808655],"EasingStyle":"Linear","EasingDirection":"In"},"Right Leg":{"Weight":1,"CFrame":[0.21732459962368012,0.09893065690994263,-0.02713853120803833,0.9944049715995789,0.08526221662759781,0.06236216798424721,-0.09523160755634308,0.9790540337562561,0.17995598912239076,-0.04571240022778511,-0.18488797545433045,0.9816958904266357],"EasingStyle":"Linear","EasingDirection":"In"},"Torso":{"Weight":1,"CFrame":[-0.09658685326576233,0,0.026538372039794923,0.9930821061134338,2.36769224670752e-7,-0.11742234975099564,-2.384185791015625e-7,1,2.084321417176148e-14,0.11742234975099564,2.7995648466117019e-8,0.9930821061134338],"EasingStyle":"Linear","EasingDirection":"In"},"HumanoidRootPart":{"Weight":0,"CFrame":[0,0,0,1,0,0,0,1,0,0,0,1],"EasingStyle":"Linear","EasingDirection":"In"},"Head":{"Weight":1,"CFrame":[8.940696716308594e-8,0,0.016661882400512697,0.9995346665382385,-0.008533396758139134,-0.02928551845252514,0.007020157761871815,0.9986538887023926,-0.05139373242855072,0.029684651643037797,0.05116420239210129,0.9982490539550781],"EasingStyle":"Linear","EasingDirection":"In"}}},{"Time":0.44833332300186159,"poses":{"Left Leg":{"Weight":1,"CFrame":[0.028256764635443689,-0.19726741313934327,-0.023745834827423097,0.9996268153190613,0.027313604950904847,0.0005468130693770945,-0.027026725932955743,0.9916510581970215,-0.1260862499475479,-0.00398615887388587,0.12602438032627107,0.9920191764831543],"EasingStyle":"Linear","EasingDirection":"In"},"Right Arm":{"Weight":1,"CFrame":[-0.0614066943526268,-0.08078035712242127,-0.26374197006225588,0.3643685579299927,0.027211923152208329,-0.930857241153717,0.08302173018455506,0.9946437478065491,0.06157402694225311,0.9275467395782471,-0.09971705824136734,0.36015772819519045],"EasingStyle":"Linear","EasingDirection":"In"},"Left Arm":{"Weight":1,"CFrame":[-0.006687076762318611,0.6347000598907471,0.009349346160888672,-0.08095034211874008,-0.029805632308125497,0.9962723851203919,-0.11544669419527054,-0.9925448894500732,-0.03907439485192299,0.9900096654891968,-0.11817938089370728,0.07690587639808655],"EasingStyle":"Linear","EasingDirection":"In"},"Right Leg":{"Weight":1,"CFrame":[0.0028874939307570459,0.08654618263244629,-0.011256217956542969,0.9977027773857117,-0.02725643664598465,0.062018733471632007,0.016003023833036424,0.9844046831130981,0.1751897931098938,-0.06582648307085037,-0.17379488050937653,0.9825793504714966],"EasingStyle":"Linear","EasingDirection":"In"},"Torso":{"Weight":1,"CFrame":[-0.09658685326576233,0,0.18237829208374024,0.9930821061134338,2.36769224670752e-7,-0.11742234975099564,-2.384185791015625e-7,1,2.084321417176148e-14,0.11742234975099564,2.7995648466117019e-8,0.9930821061134338],"EasingStyle":"Linear","EasingDirection":"In"},"HumanoidRootPart":{"Weight":0,"CFrame":[0,0,0,1,0,0,0,1,0,0,0,1],"EasingStyle":"Linear","EasingDirection":"In"},"Head":{"Weight":1,"CFrame":[5.960464477539063e-8,-7.105427357601002e-15,0.016661882400512697,0.9995346665382385,-0.008533396758139134,-0.02928551845252514,0.007020157761871815,0.9986538887023926,-0.05139373242855072,0.029684651643037797,0.05116420239210129,0.9982490539550781],"EasingStyle":"Linear","EasingDirection":"In"}}},{"Time":0.4829166531562805,"poses":{"Left Leg":{"Weight":1,"CFrame":[0.028233472257852556,-0.19706332683563233,-0.023719489574432374,0.9996258616447449,0.02734748087823391,0.0005207686335779727,-0.027065256610512735,0.9917022585868836,-0.12567467987537385,-0.003953373525291681,0.12561355531215669,0.9920713901519775],"EasingStyle":"Linear","EasingDirection":"In"},"Right Arm":{"Weight":1,"CFrame":[-0.0614066943526268,-0.08078011870384217,-0.26374202966690066,0.3643685579299927,0.027211923152208329,-0.930857241153717,0.08302173018455506,0.9946437478065491,0.06157402694225311,0.9275467395782471,-0.09971705824136734,0.36015772819519045],"EasingStyle":"Linear","EasingDirection":"In"},"Left Arm":{"Weight":1,"CFrame":[-0.006687075365334749,0.7065383195877075,0.02446436882019043,-0.08095034211874008,-0.029805632308125497,0.9962723851203919,-0.11544669419527054,-0.9925448894500732,-0.03907439485192299,0.9900096654891968,-0.11817938089370728,0.07690587639808655],"EasingStyle":"Linear","EasingDirection":"In"},"Right Leg":{"Weight":1,"CFrame":[0.0027998473960906269,0.08519160747528076,-0.011013269424438477,0.9977140426635742,-0.027289755642414094,0.06182269752025604,0.016251306980848314,0.9848796725273132,0.17247579991817475,-0.06559467315673828,-0.17107684910297395,0.9830718040466309],"EasingStyle":"Linear","EasingDirection":"In"},"Torso":{"Weight":1,"CFrame":[-0.09658685326576233,0,0.28310179710388186,0.9930821061134338,2.36769224670752e-7,-0.11742234975099564,-2.384185791015625e-7,1,2.084321417176148e-14,0.11742234975099564,2.7995648466117019e-8,0.9930821061134338],"EasingStyle":"Linear","EasingDirection":"In"},"HumanoidRootPart":{"Weight":0,"CFrame":[0,0,0,1,0,0,0,1,0,0,0,1],"EasingStyle":"Linear","EasingDirection":"In"},"Head":{"Weight":1,"CFrame":[1.1920928955078126e-7,1.4210854715202005e-14,0.0166623592376709,0.9995346665382385,-0.008533396758139134,-0.02928551845252514,0.007020157761871815,0.9986538887023926,-0.05139373242855072,0.029684651643037797,0.05116420239210129,0.9982490539550781],"EasingStyle":"Linear","EasingDirection":"In"}}},{"Time":0.5170833468437195,"poses":{"Left Leg":{"Weight":1,"CFrame":[0.02822573482990265,-0.19699597358703614,-0.023710787296295167,0.9996256232261658,0.027358781546354295,0.0005121269496157765,-0.027078093960881234,0.9917193055152893,-0.12553776800632478,-0.003942486830055714,0.1254768669605255,0.992088794708252],"EasingStyle":"Linear","EasingDirection":"In"},"Right Arm":{"Weight":1,"CFrame":[-0.0614066943526268,-0.08078011870384217,-0.26374202966690066,0.3643685579299927,0.027211923152208329,-0.930857241153717,0.08302173018455506,0.9946437478065491,0.06157402694225311,0.9275467395782471,-0.09971705824136734,0.36015772819519045],"EasingStyle":"Linear","EasingDirection":"In"},"Left Arm":{"Weight":1,"CFrame":[-0.0066870697773993019,0.7193764448165894,0.03260338306427002,-0.08095034211874008,-0.029805632308125497,0.9962723851203919,-0.11544669419527054,-0.9925448894500732,-0.03907439485192299,0.9900096654891968,-0.11817938089370728,0.07690587639808655],"EasingStyle":"Linear","EasingDirection":"In"},"Right Leg":{"Weight":1,"CFrame":[0.0027705945540219547,0.0847405195236206,-0.010933399200439453,0.9977177977561951,-0.027300851419568063,0.06175728514790535,0.01633371226489544,0.9850361347198486,0.17157232761383058,-0.06551715731620789,-0.1701720803976059,0.9832339882850647],"EasingStyle":"Linear","EasingDirection":"In"},"Torso":{"Weight":1,"CFrame":[-0.09658685326576233,0,0.318864107131958,0.9930821061134338,2.36769224670752e-7,-0.11742234975099564,-2.384185791015625e-7,1,2.084321417176148e-14,0.11742234975099564,2.7995648466117019e-8,0.9930821061134338],"EasingStyle":"Linear","EasingDirection":"In"},"HumanoidRootPart":{"Weight":0,"CFrame":[0,0,0,1,0,0,0,1,0,0,0,1],"EasingStyle":"Linear","EasingDirection":"In"},"Head":{"Weight":1,"CFrame":[8.940696716308594e-8,7.105427357601002e-15,0.016662120819091798,0.9995346665382385,-0.008533396758139134,-0.02928551845252514,0.007020157761871815,0.9986538887023926,-0.05139373242855072,0.029684651643037797,0.05116420239210129,0.9982490539550781],"EasingStyle":"Linear","EasingDirection":"In"}}},{"Time":0.5516666769981384,"poses":{"Left Leg":{"Weight":1,"CFrame":[0.028225896880030633,-0.19699740409851075,-0.023710966110229493,0.9996255040168762,0.02735854499042034,0.0005123075097799301,-0.027077822014689447,0.9917189478874207,-0.1255405694246292,-0.003942712675780058,0.12547974288463593,0.9920883774757385],"EasingStyle":"Linear","EasingDirection":"In"},"Right Arm":{"Weight":1,"CFrame":[-0.0614066943526268,-0.08078059554100037,-0.26374197006225588,0.3643685579299927,0.027211923152208329,-0.930857241153717,0.08302173018455506,0.9946437478065491,0.06157402694225311,0.9275467395782471,-0.09971705824136734,0.36015772819519045],"EasingStyle":"Linear","EasingDirection":"In"},"Left Arm":{"Weight":1,"CFrame":[-0.0066870697773993019,0.7186859846115112,0.03178691864013672,-0.08095034211874008,-0.029805632308125497,0.9962723851203919,-0.11544669419527054,-0.9925448894500732,-0.03907439485192299,0.9900096654891968,-0.11817938089370728,0.07690587639808655],"EasingStyle":"Linear","EasingDirection":"In"},"Right Leg":{"Weight":1,"CFrame":[0.0027712334413081409,0.08474928140640259,-0.010934889316558838,0.9977176189422607,-0.027300560846924783,0.061758700758218768,0.016331931576132776,0.985032856464386,0.17159108817577363,-0.0655188038945198,-0.17019090056419373,0.9832305908203125],"EasingStyle":"Linear","EasingDirection":"In"},"Torso":{"Weight":1,"CFrame":[-0.09658685326576233,0,0.31810998916625979,0.9930821061134338,2.36769224670752e-7,-0.11742234975099564,-2.384185791015625e-7,1,2.084321417176148e-14,0.11742234975099564,2.7995648466117019e-8,0.9930821061134338],"EasingStyle":"Linear","EasingDirection":"In"},"HumanoidRootPart":{"Weight":0,"CFrame":[0,0,0,1,0,0,0,1,0,0,0,1],"EasingStyle":"Linear","EasingDirection":"In"},"Head":{"Weight":1,"CFrame":[5.960464477539063e-8,0,0.016661882400512697,0.9995346665382385,-0.008533396758139134,-0.02928551845252514,0.007020157761871815,0.9986538887023926,-0.05139373242855072,0.029684651643037797,0.05116420239210129,0.9982490539550781],"EasingStyle":"Linear","EasingDirection":"In"}}},{"Time":0.5862500071525574,"poses":{"Left Leg":{"Weight":1,"CFrame":[0.028227021917700769,-0.197007417678833,-0.02371227741241455,0.9996256232261658,0.02735689841210842,0.0005135657265782356,-0.027075951918959619,0.9917164444923401,-0.1255606710910797,-0.003944303374737501,0.12549979984760285,0.9920858144760132],"EasingStyle":"Linear","EasingDirection":"In"},"Right Arm":{"Weight":1,"CFrame":[-0.0614066943526268,-0.08078011870384217,-0.26374202966690066,0.3643685579299927,0.027211923152208329,-0.930857241153717,0.08302173018455506,0.9946437478065491,0.06157402694225311,0.9275467395782471,-0.09971705824136734,0.36015772819519045],"EasingStyle":"Linear","EasingDirection":"In"},"Left Arm":{"Weight":1,"CFrame":[-0.006687070243060589,0.713852047920227,0.029990673065185548,-0.08095034211874008,-0.029805632308125497,0.9962723851203919,-0.11544669419527054,-0.9925448894500732,-0.03907439485192299,0.9900096654891968,-0.11817938089370728,0.07690587639808655],"EasingStyle":"Linear","EasingDirection":"In"},"Right Leg":{"Weight":1,"CFrame":[0.002775454195216298,0.08481532335281372,-0.010946571826934815,0.9977171421051025,-0.027299005538225175,0.06176816672086716,0.0163200031965971,0.9850101470947266,0.17172281444072724,-0.06553005427122116,-0.1703227162361145,0.9832070469856262],"EasingStyle":"Linear","EasingDirection":"In"},"Torso":{"Weight":1,"CFrame":[-0.09658685326576233,0,0.31283020973205569,0.9930821061134338,2.36769224670752e-7,-0.11742234975099564,-2.384185791015625e-7,1,2.084321417176148e-14,0.11742234975099564,2.7995648466117019e-8,0.9930821061134338],"EasingStyle":"Linear","EasingDirection":"In"},"HumanoidRootPart":{"Weight":0,"CFrame":[0,0,0,1,0,0,0,1,0,0,0,1],"EasingStyle":"Linear","EasingDirection":"In"},"Head":{"Weight":1,"CFrame":[1.4901161193847657e-7,7.105427357601002e-15,0.016661882400512697,0.9995346665382385,-0.008533396758139134,-0.02928551845252514,0.007020157761871815,0.9986538887023926,-0.05139373242855072,0.029684651643037797,0.05116420239210129,0.9982490539550781],"EasingStyle":"Linear","EasingDirection":"In"}}},{"Time":0.6208333373069763,"poses":{"Left Leg":{"Weight":1,"CFrame":[0.028230106458067895,-0.19703459739685059,-0.023715615272521974,0.9996257424354553,0.02735242061316967,0.0005170116201043129,-0.027070868760347368,0.9917096495628357,-0.12561510503292085,-0.003948644269257784,0.12555405497550965,0.992078959941864],"EasingStyle":"Linear","EasingDirection":"In"},"Right Arm":{"Weight":1,"CFrame":[-0.0614066943526268,-0.08078059554100037,-0.26374197006225588,0.3643685579299927,0.027211923152208329,-0.930857241153717,0.08302173018455506,0.9946437478065491,0.06157402694225311,0.9275467395782471,-0.09971705824136734,0.36015772819519045],"EasingStyle":"Linear","EasingDirection":"In"},"Left Arm":{"Weight":1,"CFrame":[-0.006687070243060589,0.7007321119308472,0.028194427490234376,-0.08095034211874008,-0.029805632308125497,0.9962723851203919,-0.11544669419527054,-0.9925448894500732,-0.03907439485192299,0.9900096654891968,-0.11817938089370728,0.07690587639808655],"EasingStyle":"Linear","EasingDirection":"In"},"Right Leg":{"Weight":1,"CFrame":[0.00278714788146317,0.08499526977539063,-0.010978519916534424,0.9977156519889832,-0.02729465439915657,0.06179429590702057,0.016287215054035188,0.9849478006362915,0.17208310961723329,-0.06556102633476258,-0.1706835776567459,0.9831423759460449],"EasingStyle":"Linear","EasingDirection":"In"},"Torso":{"Weight":1,"CFrame":[-0.09658685326576233,0,0.29849958419799807,0.9930821061134338,2.36769224670752e-7,-0.11742234975099564,-2.384185791015625e-7,1,2.084321417176148e-14,0.11742234975099564,2.7995648466117019e-8,0.9930821061134338],"EasingStyle":"Linear","EasingDirection":"In"},"HumanoidRootPart":{"Weight":0,"CFrame":[0,0,0,1,0,0,0,1,0,0,0,1],"EasingStyle":"Linear","EasingDirection":"In"},"Head":{"Weight":1,"CFrame":[5.960464477539063e-8,0,0.016661643981933595,0.9995346665382385,-0.008533396758139134,-0.02928551845252514,0.007020157761871815,0.9986538887023926,-0.05139373242855072,0.029684651643037797,0.05116420239210129,0.9982490539550781],"EasingStyle":"Linear","EasingDirection":"In"}}},{"Time":0.6549999713897705,"poses":{"Left Leg":{"Weight":1,"CFrame":[0.028236227110028268,-0.19708788394927979,-0.02372264862060547,0.9996259808540344,0.027343478053808214,0.0005238587036728859,-0.027060704305768014,0.9916961193084717,-0.12572365999221803,-0.003957272041589022,0.12566246092319489,0.9920652508735657],"EasingStyle":"Linear","EasingDirection":"In"},"Right Arm":{"Weight":1,"CFrame":[-0.0614066943526268,-0.08078011870384217,-0.26374202966690066,0.3643685579299927,0.027211923152208329,-0.930857241153717,0.08302173018455506,0.9946437478065491,0.06157402694225311,0.9275467395782471,-0.09971705824136734,0.36015772819519045],"EasingStyle":"Linear","EasingDirection":"In"},"Left Arm":{"Weight":1,"CFrame":[-0.0066870711743831638,0.6751836538314819,0.027377963066101075,-0.08095034211874008,-0.029805632308125497,0.9962723851203919,-0.11544669419527054,-0.9925448894500