{"Sequence":[{"Time":0,"poses":{"Left Leg":{"Weight":1,"CFrame":[-0.6827226281166077,0.05982857942581177,0.12838095426559449,0.9283340573310852,-0.3303022086620331,0.17057879269123078,0.3344816267490387,0.9423916339874268,0.004475532565265894,-0.1622305065393448,0.05290072038769722,0.9853339195251465],"EasingStyle":"Linear","EasingDirection":"In"},"Right Arm":{"Weight":1,"CFrame":[-0.09349930286407471,-0.08799773454666138,0.16560059785842896,0.286405473947525,-0.68404620885849,0.6708600521087647,0.733697235584259,0.6068844795227051,0.30558130145072939,-0.6161661744117737,0.4046878516674042,0.6756976842880249],"EasingStyle":"Linear","EasingDirection":"In"},"Head":{"Weight":1,"CFrame":[0.0020687831565737726,0.03779429942369461,-0.0035464465618133547,0.9998863339424133,-0.006243003532290459,0.013730475679039956,0.006123138591647148,0.9999432563781738,0.008754357695579529,-0.013784347102046013,-0.008669272065162659,0.999867856502533],"EasingStyle":"Linear","EasingDirection":"In"},"Left Arm":{"Weight":1,"CFrame":[0.5162440538406372,0.07848235964775086,0.0677829384803772,0.9045910239219666,0.40278246998786929,-0.13957808911800385,-0.3871668577194214,0.913309633731842,0.12636299431324006,0.1783747375011444,-0.06026677414774895,0.9821153879165649],"EasingStyle":"Linear","EasingDirection":"In"},"Torso":{"Weight":1,"CFrame":[0.04996490478515625,-0.3452262878417969,-0.2022392749786377,0.9995403289794922,0.026053279638290407,-0.015506119467318058,-0.028498254716396333,0.9818998575210571,-0.18724538385868073,0.010347096249461174,0.18760119378566743,0.9821909070014954],"EasingStyle":"Linear","EasingDirection":"In"},"HumanoidRootPart":{"Weight":0,"CFrame":[0,0,0,1,0,0,0,1,0,0,0,1],"EasingStyle":"Linear","EasingDirection":"In"},"Right Leg":{"Weight":1,"CFrame":[0.845542311668396,0.09869265556335449,-0.02559414505958557,0.9477190971374512,0.3177400529384613,0.029504358768463136,-0.31830888986587527,0.9478337168693543,0.017051726579666139,-0.022547123953700067,-0.025551756843924524,0.9994193315505981],"EasingStyle":"Linear","EasingDirection":"In"}}},{"Time":0.03333333507180214,"poses":{"Left Leg":{"Weight":1,"CFrame":[-0.7093910574913025,0.06668883562088013,0.1319878101348877,0.9247939586639404,-0.3410637080669403,0.16861872375011445,0.3448532223701477,0.9386288523674011,0.007199443876743317,-0.16072580218315125,0.051490847021341327,0.9856551885604858],"EasingStyle":"Linear","EasingDirection":"In"},"Right Arm":{"Weight":1,"CFrame":[-0.09914237260818482,-0.0945095419883728,0.16810905933380128,0.3014240860939026,-0.6738165616989136,0.6746222376823425,0.7207205891609192,0.6242400407791138,0.3014737069606781,-0.624264121055603,0.39534255862236025,0.6737942695617676],"EasingStyle":"Linear","EasingDirection":"In"},"Head":{"Weight":1,"CFrame":[0.001075882464647293,0.038275785744190219,-0.0036316215991973879,0.9998612999916077,-0.0027326010167598726,0.016441069543361665,0.0026077870279550554,0.9999679327011108,0.007608279585838318,-0.016461331397294999,-0.007564380764961243,0.9998360276222229],"EasingStyle":"Linear","EasingDirection":"In"},"Left Arm":{"Weight":1,"CFrame":[0.4975402355194092,0.06905823945999146,0.06561166048049927,0.8976621627807617,0.4141707718372345,-0.15055082738399507,-0.3989056944847107,0.9088625311851502,0.12183179706335068,0.18728911876678468,-0.04930823668837547,0.9810666441917419],"EasingStyle":"Linear","EasingDirection":"In"},"Torso":{"Weight":1,"CFrame":[0.05890655517578125,-0.34658050537109377,-0.21245217323303224,0.9996554255485535,0.024222243577241899,-0.010119184851646424,-0.025701994076371194,0.9815319776535034,-0.18956412374973298,0.0053406329825520519,0.18975888192653657,0.9818162322044373],"EasingStyle":"Linear","EasingDirection":"In"},"HumanoidRootPart":{"Weight":0,"CFrame":[0,0,0,1,0,0,0,1,0,0,0,1],"EasingStyle":"Linear","EasingDirection":"In"},"Right Leg":{"Weight":1,"CFrame":[0.8639158010482788,0.09908658266067505,-0.025353312492370607,0.944855809211731,0.326339453458786,0.027392661198973657,-0.32679855823516848,0.9449859261512756,0.014292099513113499,-0.021221498027443887,-0.0224558487534523,0.9995227456092835],"EasingStyle":"Linear","EasingDirection":"In"}}},{"Time":0.06666667014360428,"poses":{"Left Leg":{"Weight":1,"CFrame":[-0.7575677633285523,0.0828368067741394,0.1384713053703308,0.9183996915817261,-0.35958370566368105,0.16505327820777894,0.362318217754364,0.9319447875022888,0.014293086715042591,-0.1589600294828415,0.046675343066453937,0.986181378364563],"EasingStyle":"Linear","EasingDirection":"In"},"Right Arm":{"Weight":1,"CFrame":[-0.11790508031845093,-0.10851268470287323,0.17739982903003694,0.3384894132614136,-0.649785578250885,0.6805908679962158,0.6899358034133911,0.6632153391838074,0.2900594472885132,-0.6398547291755676,0.37138187885284426,0.6728017330169678],"EasingStyle":"Linear","EasingDirection":"In"},"Head":{"Weight":1,"CFrame":[-0.0013188719749450684,0.03938576579093933,-0.0038435161113739015,0.999721109867096,0.004532139748334885,0.023198962211608888,-0.004642389714717865,0.9999783039093018,0.004701673984527588,-0.023177137598395349,-0.004808187484741211,0.99972003698349],"EasingStyle":"Linear","EasingDirection":"In"},"Left Arm":{"Weight":1,"CFrame":[0.45270103216171267,0.04714703559875488,0.06033864617347717,0.873100221157074,0.45257166028022768,-0.1813155561685562,-0.43876296281814577,0.8915327191352844,0.11250249296426773,0.2125641405582428,-0.018671391531825067,0.9769690632820129],"EasingStyle":"Linear","EasingDirection":"In"},"Torso":{"Weight":1,"CFrame":[0.0792083740234375,-0.3493156433105469,-0.23153424263000489,0.9997762441635132,0.020971182733774186,0.0028341503348201515,-0.02001904509961605,0.9806815981864929,-0.19458431005477906,-0.006860058754682541,0.1944839507341385,0.9808818101882935],"EasingStyle":"Linear","EasingDirection":"In"},"HumanoidRootPart":{"Weight":0,"CFrame":[0,0,0,1,0,0,0,1,0,0,0,1],"EasingStyle":"Linear","EasingDirection":"In"},"Right Leg":{"Weight":1,"CFrame":[0.9317539930343628,0.10099416971206665,-0.02121448516845703,0.9285064339637756,0.3709045350551605,0.017489049583673478,-0.3710694909095764,0.9285767674446106,0.007274039089679718,-0.013541970402002335,-0.0132437227293849,0.9998208284378052],"EasingStyle":"Linear","EasingDirection":"In"}}},{"Time":0.10000000149011612,"poses":{"Left Leg":{"Weight":1,"CFrame":[-0.7841973304748535,0.10163342952728272,0.14279413223266602,0.9155843257904053,-0.36745139956474306,0.16335715353488923,0.3686109185218811,0.9292664527893066,0.02427641861140728,-0.16072267293930055,0.03798837959766388,0.9862685799598694],"EasingStyle":"Linear","EasingDirection":"In"},"Right Arm":{"Weight":1,"CFrame":[-0.15333962440490724,-0.12031041085720062,0.1957676261663437,0.3866735100746155,-0.6224268078804016,0.6804910898208618,0.6543137431144714,0.7051544189453125,0.27318698167800906,-0.6498904228210449,0.3396204710006714,0.6799272894859314],"EasingStyle":"Linear","EasingDirection":"In"},"Head":{"Weight":1,"CFrame":[-0.004295544698834419,0.040577419102191928,-0.004116415977478027,0.9994316697120667,0.010638435371220112,0.03199807181954384,-0.010674849152565003,0.9999424815177918,0.0009679645299911499,-0.03198593109846115,-0.0013089627027511597,0.9994876384735107],"EasingStyle":"Linear","EasingDirection":"In"},"Left Arm":{"Weight":1,"CFrame":[0.39868393540382388,0.0213029682636261,0.054142534732818606,0.8222904205322266,0.521403968334198,-0.22798261046409608,-0.5115382075309753,0.8527818322181702,0.10531910508871079,0.24933336675167085,0.030018948018550874,0.9679527282714844],"EasingStyle":"Linear","EasingDirection":"In"},"Torso":{"Weight":1,"CFrame":[0.10103225708007813,-0.3515052795410156,-0.24210762977600099,0.9996361136436462,0.019627906382083894,0.018512442708015443,-0.015544099733233452,0.9797812700271606,-0.19946666061878205,-0.02205326035618782,0.19910626113414765,0.9797298312187195],"EasingStyle":"Linear","EasingDirection":"In"},"HumanoidRootPart":{"Weight":0,"CFrame":[0,0,0,1,0,0,0,1,0,0,0,1],"EasingStyle":"Linear","EasingDirection":"In"},"Right Leg":{"Weight":1,"CFrame":[1.008847713470459,0.10398173332214356,-0.010444462299346924,0.9008874893188477,0.43404969573020937,0.0015553005505353213,-0.43404698371887209,0.9008883237838745,-0.0018943232716992498,-0.002223414368927479,0.0010315141407772899,0.9999972581863403],"EasingStyle":"Linear","EasingDirection":"In"}}},{"Time":0.13333334028720857,"poses":{"Left Leg":{"Weight":1,"CFrame":[-0.750310480594635,0.11579418182373047,0.14119607210159303,0.9224644899368286,-0.34810397028923037,0.16698439419269563,0.34714174270629885,0.9371260404586792,0.03587926924228668,-0.16897518932819367,0.024870194494724275,0.9853067398071289],"EasingStyle":"Linear","EasingDirection":"In"},"Right Arm":{"Weight":1,"CFrame":[-0.21106213331222535,-0.11787256598472595,0.22426854074001313,0.43746253848075869,-0.6050923466682434,0.6651992797851563,0.6291471123695374,0.7344874739646912,0.25436660647392275,-0.64249587059021,0.3072323799133301,0.7020028233528137],"EasingStyle":"Linear","EasingDirection":"In"},"Head":{"Weight":1,"CFrame":[-0.00701923668384552,0.04130195826292038,-0.004332214593887329,0.9991043210029602,0.010643402114510537,0.04096260666847229,-0.010558158159255982,0.9999418258666992,-0.0022969096899032594,-0.040984682738780978,0.0018623769283294678,0.9991582036018372],"EasingStyle":"Linear","EasingDirection":"In"},"Left Arm":{"Weight":1,"CFrame":[0.3526068329811096,-0.005866885185241699,0.05220985412597656,0.7321494221687317,0.6185819506645203,-0.28515616059303286,-0.6174430251121521,0.779492199420929,0.10562385618686676,0.28761398792266848,0.09873519092798233,0.9526437520980835],"EasingStyle":"Linear","EasingDirection":"In"},"Torso":{"Weight":1,"CFrame":[0.114501953125,-0.3513336181640625,-0.2265779972076416,0.9992126822471619,0.023407775908708574,0.03203565254807472,-0.016480742022395135,0.9793418049812317,-0.20153944194316865,-0.03609143942594528,0.20085278153419496,0.9789564609527588],"EasingStyle":"Linear","EasingDirection":"In"},"HumanoidRootPart":{"Weight":0,"CFrame":[0,0,0,1,0,0,0,1,0,0,0,1],"EasingStyle":"Linear","EasingDirection":"In"},"Right Leg":{"Weight":1,"CFrame":[1.0402473211288453,0.10387551784515381,-0.0010232329368591309,0.8815304040908814,0.47203341126441958,-0.009438655339181424,-0.4721203148365021,0.8814510703086853,-0.012108109891414643,0.002604345791041851,0.01512984000146389,0.9998822808265686],"EasingStyle":"Linear","EasingDirection":"In"}}},{"Time":0.1666666716337204,"poses":{"Left Leg":{"Weight":1,"CFrame":[-0.6254067420959473,0.11760926246643067,0.1290988326072693,0.9405441880226135,-0.28905490040779116,0.1783933937549591,0.2852834165096283,0.9572893381118774,0.047015249729156497,-0.1843641698360443,0.006672933232039213,0.9828354716300964],"EasingStyle":"Linear","EasingDirection":"In"},"Right Arm":{"Weight":1,"CFrame":[-0.2956591248512268,-0.08893200755119324,0.2582807242870331,0.4871680736541748,-0.6083813309669495,0.6265296936035156,0.6222556829452515,0.7451927065849304,0.23976252973079682,-0.6127524971961975,0.27305689454078677,0.741602897644043],"EasingStyle":"Linear","EasingDirection":"In"},"Head":{"Weight":1,"CFrame":[-0.008781403303146363,0.04113822430372238,-0.004355400800704956,0.998813807964325,0.0008572638034820557,0.048690736293792728,-0.0006603412330150604,0.9999917149543762,-0.004059895873069763,-0.048693813383579257,0.004022940993309021,0.9988059401512146],"EasingStyle":"Linear","EasingDirection":"In"},"Left Arm":{"Weight":1,"CFrame":[0.3255350589752197,-0.03903582692146301,0.06214374303817749,0.5885151028633118,0.730324387550354,-0.3468092381954193,-0.7460987567901611,0.6558312177658081,0.11498931050300598,0.3114277124404907,0.19108089804649354,0.9308605194091797],"EasingStyle":"Linear","EasingDirection":"In"},"Torso":{"Weight":1,"CFrame":[0.11285018920898438,-0.3475761413574219,-0.17657947540283204,0.9986266493797302,0.034615106880664828,0.039329174906015399,-0.026121515780687333,0.9796575903892517,-0.19896943867206574,-0.045416466891765597,0.19766880571842194,0.9792163372039795],"EasingStyle":"Linear","EasingDirection":"In"},"HumanoidRootPart":{"Weight":0,"CFrame":[0,0,0,1,0,0,0,1,0,0,0,1],"EasingStyle":"Linear","EasingDirection":"In"},"Right Leg":{"Weight":1,"CFrame":[1.0063987970352173,0.0917310118675232,-0.006012618541717529,0.888324499130249,0.459194540977478,-0.004491426516324282,-0.4591744542121887,0.8880687355995178,-0.02220478095114231,-0.006207688711583614,0.021787406876683236,0.9997435808181763],"EasingStyle":"Linear","EasingDirection":"In"}}},{"Time":0.20000000298023225,"poses":{"Left Leg":{"Weight":1,"CFrame":[-0.45242688059806826,0.10676300525665283,0.10970869660377503,0.95707768201828,-0.21328236162662507,0.1962486058473587,0.20684589445590974,0.9769383668899536,0.05297262966632843,-0.2030211240053177,-0.010105337016284466,0.9791224002838135],"EasingStyle":"Linear","EasingDirection":"In"},"Right Arm":{"Weight":1,"CFrame":[-0.39542168378829958,-0.030215740203857423,0.2814357578754425,0.5485571622848511,-0.6140896677970886,0.5674320459365845,0.6063141822814941,0.7594699859619141,0.23577222228050233,-0.5757330060005188,0.2147076576948166,0.7889440059661865],"EasingStyle":"Linear","EasingDirection":"In"},"Head":{"Weight":1,"CFrame":[-0.009328912943601609,0.04029495269060135,-0.004201769828796387,0.9983124136924744,-0.017293548211455346,0.05543913692235947,0.01762400008738041,0.9998298287391663,-0.005478516221046448,-0.05533495172858238,0.006446331739425659,0.9984471797943115],"EasingStyle":"Linear","EasingDirection":"In"},"Left Arm":{"Weight":1,"CFrame":[0.31104278564453127,-0.0812637209892273,0.0855059027671814,0.3982274830341339,0.8220577836036682,-0.4069842994213104,-0.8649996519088745,0.48419877886772158,0.131633460521698,0.30527156591415408,0.29962122440338137,0.9039009213447571],"EasingStyle":"Linear","EasingDirection":"In"},"Torso":{"Weight":1,"CFrame":[0.101593017578125,-0.3408966064453125,-0.12145328521728516,0.9978517293930054,0.052290208637714389,0.03946898505091667,-0.04374253749847412,0.9802627563476563,-0.19279955327510835,-0.04877150431275368,0.19065889716148377,0.980444073677063],"EasingStyle":"Linear","EasingDirection":"In"},"HumanoidRootPart":{"Weight":0,"CFrame":[0,0,0,1,0,0,0,1,0,0,0,1],"EasingStyle":"Linear","EasingDirection":"In"},"Right Leg":{"Weight":1,"CFrame":[0.9425254464149475,0.06735724210739136,-0.03215402364730835,0.9144420623779297,0.4042360484600067,0.019732175394892694,-0.40370261669158938,0.9145148992538452,-0.02620939165353775,-0.028640085831284524,0.016000991687178613,0.9994617700576782],"EasingStyle":"Linear","EasingDirection":"In"}}},{"Time":0.23333333432674409,"poses":{"Left Leg":{"Weight":1,"CFrame":[-0.31954020261764529,0.09158909320831299,0.09587737917900086,0.9622147679328919,-0.16378164291381837,0.21752798557281495,0.15645870566368104,0.9863878488540649,0.05059332400560379,-0.22285328805446626,-0.014647320844233036,0.97474205493927],"EasingStyle":"Linear","EasingDirection":"In"},"Right Arm":{"Weight":1,"CFrame":[-0.49033039808273318,0.05116534233093262,0.28205835819244387,0.6312071084976196,-0.5948096513748169,0.4977743625640869,0.5555468797683716,0.7945713400840759,0.2449980080127716,-0.5412445664405823,0.12189240008592606,0.831983745098114],"EasingStyle":"Linear","EasingDirection":"In"},"Head":{"Weight":1,"CFrame":[-0.008577801287174225,0.03923647105693817,-0.003954142332077026,0.997304379940033,-0.040075261145830157,0.06146712601184845,0.04066411405801773,0.9991381168365479,-0.008358806371688843,-0.061079174280166629,0.010835722088813782,0.9980739951133728],"EasingStyle":"Linear","EasingDirection":"In"},"Left Arm":{"Weight":1,"CFrame":[0.3014925718307495,-0.12856259942054749,0.11989161372184754,0.19137640297412873,0.8667443990707398,-0.4605753421783447,-0.9447255730628967,0.289934903383255,0.1530725359916687,0.26621168851852419,0.40582284331321719,0.8743221163749695],"EasingStyle":"Linear","EasingDirection":"In"},"Torso":{"Weight":1,"CFrame":[0.08765792846679688,-0.3324928283691406,-0.09138965606689453,0.9967370629310608,0.0737614780664444,0.0327802337706089,-0.06648188829421997,0.9805160164833069,-0.18484750390052796,-0.04577617347240448,0.18206505477428437,0.9822203516960144],"EasingStyle":"Linear","EasingDirection":"In"},"HumanoidRootPart":{"Weight":0,"CFrame":[0,0,0,1,0,0,0,1,0,0,0,1],"EasingStyle":"Linear","EasingDirection":"In"},"Right Leg":{"Weight":1,"CFrame":[0.8932062387466431,0.050184667110443118,-0.07076400518417359,0.937778651714325,0.34233132004737856,0.05814024433493614,-0.34176525473594668,0.9395783543586731,-0.01972384564578533,-0.06137942895293236,-0.0013737155823037029,0.9981136322021484],"EasingStyle":"Linear","EasingDirection":"In"}}},{"Time":0.2666666805744171,"poses":{"Left Leg":{"Weight":1,"CFrame":[-0.24942892789840699,0.07832169532775879,0.09085038304328919,0.9609930515289307,-0.14427286386489869,0.2359616607427597,0.13810360431671143,0.9895030856132507,0.04255856201052666,-0.23962487280368806,-0.008311235345900059,0.970829963684082],"EasingStyle":"Linear","EasingDirection":"In"},"Right Arm":{"Weight":1,"CFrame":[-0.5661380887031555,0.13333559036254884,0.26452314853668215,0.7130749225616455,-0.5528971552848816,0.43107885122299197,0.48611322045326235,0.8329821228981018,0.2642633318901062,-0.5051913857460022,0.021113617345690728,0.8627490997314453],"EasingStyle":"Linear","EasingDirection":"In"},"Head":{"Weight":1,"CFrame":[-0.0067368075251579288,0.038587719202041629,-0.003751695156097412,0.9960755705833435,-0.059793367981910709,0.06525431573390961,0.06084059923887253,0.9980469346046448,-0.014179527759552002,-0.06427905708551407,0.018094003200531007,0.9977682828903198],"EasingStyle":"Linear","EasingDirection":"In"},"Left Arm":{"Weight":1,"CFrame":[0.29630160331726076,-0.1714184582233429,0.1618962585926056,0.009907998144626618,0.8640262484550476,-0.5033494830131531,-0.977505087852478,0.11442511528730393,0.17717556655406953,0.2106800228357315,0.4902710020542145,0.8457235097885132],"EasingStyle":"Linear","EasingDirection":"In"},"Torso":{"Weight":1,"CFrame":[0.071197509765625,-0.3242034912109375,-0.0819253921508789,0.9954831600189209,0.09249842166900635,0.02138403058052063,-0.08726013451814652,0.9801998734474182,-0.17774677276611329,-0.03740191459655762,0.17507793009281159,0.9838440418243408],"EasingStyle":"Linear","EasingDirection":"In"},"HumanoidRootPart":{"Weight":0,"CFrame":[0,0,0,1,0,0,0,1,0,0,0,1],"EasingStyle":"Linear","EasingDirection":"In"},"Right Leg":{"Weight":1,"CFrame":[0.8317627906799316,0.04528367519378662,-0.09832572937011719,0.9547975659370422,0.2818233072757721,0.09453829377889633,-0.28240710496902468,0.9592658281326294,-0.00741918571293354,-0.09277823567390442,-0.01961459033191204,0.9954936504364014],"EasingStyle":"Linear","EasingDirection":"In"}}},{"Time":0.30000001192092898,"poses":{"Left Leg":{"Weight":1,"CFrame":[-0.213345006108284,0.06759929656982422,0.08742868900299072,0.9606851935386658,-0.1316211223602295,0.24445779621601106,0.12753814458847047,0.9913001656532288,0.03252868726849556,-0.24661250412464143,-0.00007186456787167117,0.9691142439842224],"EasingStyle":"Linear","EasingDirection":"In"},"Right Arm":{"Weight":1,"CFrame":[-0.6157221794128418,0.19086003303527833,0.24150753021240235,0.7702855467796326,-0.511277973651886,0.3811236321926117,0.42778539657592776,0.8575174808502197,0.28576838970184328,-0.4729273021221161,-0.057084131985902789,0.8792504668235779],"EasingStyle":"Linear","EasingDirection":"In"},"Head":{"Weight":1,"CFrame":[-0.004097267985343933,0.039000190794467929,-0.0037313103675842287,0.9955906867980957,-0.06779174506664276,0.06483516097068787,0.06948620080947876,0.9972882866859436,-0.024243667721748353,-0.06301585584878922,0.028641968965530397,0.9976016283035278],"EasingStyle":"Linear","EasingDirection":"In"},"Left Arm":{"Weight":1,"CFrame":[0.301822304725647,-0.19909068942070008,0.20952001214027406,-0.11175883561372757,0.8395734429359436,-0.5316263437271118,-0.9792219996452332,-0.0019436328439041973,0.20278306305408479,0.16921795904636384,0.543242871761322,0.8223459124565125],"EasingStyle":"Linear","EasingDirection":"In"},"Torso":{"Weight":1,"CFrame":[0.050567626953125,-0.3182334899902344,-0.07989788055419922,0.9948627352714539,0.1009417250752449,0.0076803588308393959,-0.0980597659945488,0.9797438979148865,-0.17460274696350099,-0.02514948509633541,0.17295263707637788,0.984609067440033],"EasingStyle":"Linear","EasingDirection":"In"},"HumanoidRootPart":{"Weight":0,"CFrame":[0,0,0,1,0,0,0,1,0,0,0,1],"EasingStyle":"Linear","EasingDirection":"In"},"Right Leg":{"Weight":1,"CFrame":[0.7504004836082459,0.04401528835296631,-0.09471645951271057,0.96750408411026,0.2278355062007904,0.10966702550649643,-0.22973529994487763,0.9732412099838257,0.004848383367061615,-0.10562772303819657,-0.029885264113545419,0.9939566850662231],"EasingStyle":"Linear","EasingDirection":"In"}}},{"Time":0.3333333432674408,"poses":{"Left Leg":{"Weight":1,"CFrame":[-0.18254253268241883,0.05901634693145752,0.07769986987113953,0.9655624628067017,-0.10557495802640915,0.23778845369815827,0.10304945707321167,0.9944089651107788,0.023063044995069505,-0.23889367282390595,0.002235343446955085,0.9710431694984436],"EasingStyle":"Linear","EasingDirection":"In"},"Right Arm":{"Weight":1,"CFrame":[-0.6384720802307129,0.20484215021133424,0.22489124536514283,0.791211724281311,-0.4971901476383209,0.3560708463191986,0.4069492220878601,0.8626748323440552,0.30030733346939089,-0.45648321509361269,-0.09270387142896652,0.8848894238471985],"EasingStyle":"Linear","EasingDirection":"In"},"Head":{"Weight":1,"CFrame":[-0.0009464845061302185,0.04086344689130783,-0.003993302583694458,0.9966115355491638,-0.05799808353185654,0.05832760035991669,0.060321174561977389,0.9974214434623718,-0.03888784348964691,-0.05592178925871849,0.042274489998817447,0.9975400567054749],"EasingStyle":"Linear","EasingDirection":"In"},"Left Arm":{"Weight":1,"CFrame":[0.32595711946487429,-0.2042822539806366,0.2613760530948639,-0.15978574752807618,0.8242273926734924,-0.5432476997375488,-0.9726247191429138,-0.037385862320661548,0.2293558567762375,0.1687316745519638,0.5650237202644348,0.8076372742652893],"EasingStyle":"Linear","EasingDirection":"In"},"Torso":{"Weight":1,"CFrame":[0.02552032470703125,-0.3163299560546875,-0.07712841033935547,0.9955986142158508,0.09350951015949249,-0.006280903704464436,-0.09313277155160904,0.9796422123908997,-0.1778414398431778,-0.01047683134675026,0.17764365673065186,0.9840392470359802],"EasingStyle":"Linear","EasingDirection":"In"},"HumanoidRootPart":{"Weight":0,"CFrame":[0,0,0,1,0,0,0,1,0,0,0,1],"EasingStyle":"Linear","EasingDirection":"In"},"Right Leg":{"Weight":1,"CFrame":[0.704272449016571,0.048868417739868167,-0.08044275641441345,0.9745284914970398,0.19923405349254609,0.10295706242322922,-0.2017233967781067,0.9793389439582825,0.014253311790525914,-0.09799021482467652,-0.03465912118554115,0.9945838451385498],"EasingStyle":"Linear","EasingDirection":"In"}}},{"Time":0.36666667461395266,"poses":{"Left Leg":{"Weight":1,"CFrame":[-0.21396523714065553,0.05684828758239746,0.07742875814437866,0.970836341381073,-0.09901780635118485,0.2183396816253662,0.09850208461284638,0.9950485825538635,0.013274318538606167,-0.21857275068759919,0.00861999299377203,0.9757828116416931],"EasingStyle":"Linear","EasingDirection":"In"},"Right Arm":{"Weight":1,"CFrame":[-0.6392642259597778,0.1752665638923645,0.2132735252380371,0.7812979817390442,-0.5177102088928223,0.3486401438713074,0.4303247332572937,0.8513935208320618,0.2999174892902374,-0.4521002173423767,-0.08429654687643051,0.8879753947257996],"EasingStyle":"Linear","EasingDirection":"In"},"Head":{"Weight":1,"CFrame":[0.0025030728429555895,0.04372107982635498,-0.004489272832870483,0.9983750581741333,-0.034300051629543307,0.04551570490002632,0.03682713210582733,0.9977574348449707,-0.05589461326599121,-0.04349641129374504,0.05748000741004944,0.9973990321159363],"EasingStyle":"Linear","EasingDirection":"In"},"Left Arm":{"Weight":1,"CFrame":[0.37066638469696047,-0.1874433308839798,0.31343311071395876,-0.14400306344032288,0.8284672498703003,-0.5412070751190186,-0.9671049118041992,-0.001928776386193931,0.25437232851982119,0.20969535410404206,0.560034453868866,0.8014925718307495],"EasingStyle":"Linear","EasingDirection":"In"},"Torso":{"Weight":1,"CFrame":[0.00168609619140625,-0.3175392150878906,-0.08549785614013672,0.9971484541893005,0.0728946328163147,-0.019537756219506265,-0.07526066899299622,0.9796676635742188,-0.1859762966632843,0.005583848804235458,0.18691635131835938,0.9823601245880127],"EasingStyle":"Linear","EasingDirection":"In"},"HumanoidRootPart":{"Weight":0,"CFrame":[0,0,0,1,0,0,0,1,0,0,0,1],"EasingStyle":"Linear","EasingDirection":"In"},"Right Leg":{"Weight":1,"CFrame":[0.7327148914337158,0.06371766328811646,-0.07287469506263733,0.9736619591712952,0.21247467398643495,0.08268631994724274,-0.2150292992591858,0.9763318300247192,0.023219386115670205,-0.07579562067985535,-0.04038781300187111,0.996305525302887],"EasingStyle":"Linear","EasingDirection":"In"}}},{"Time":0.4000000059604645,"poses":{"Left Leg":{"Weight":1,"CFrame":[-0.4146198332309723,0.07328009605407715,0.09801805019378662,0.9623862504959106,-0.18590880930423737,0.1981184035539627,0.1884506791830063,0.9820634722709656,0.006115947850048542,-0.19570186734199525,0.031449880450963977,0.9801592826843262],"EasingStyle":"Linear","EasingDirection":"In"},"Right Arm":{"Weight":1,"CFrame":[-0.620979905128479,0.10753339529037476,0.19821706414222718,0.7438281774520874,-0.5699232816696167,0.34915289282798769,0.4984819293022156,0.8210387229919434,0.2782284915447235,-0.4452369809150696,-0.03290778771042824,0.8948081731796265],"EasingStyle":"Linear","EasingDirection":"In"},"Head":{"Weight":1,"CFrame":[0.006060011684894562,0.04694434255361557,-0.005130022764205933,0.9996312856674194,-0.0031183212995529176,0.026988252997398378,0.005068335682153702,0.997356653213501,-0.07248823344707489,-0.026690877974033357,0.07259833812713623,0.997003972530365],"EasingStyle":"Linear","EasingDirection":"In"},"Left Arm":{"Weight":1,"CFrame":[0.4332430362701416,-0.1505422592163086,0.3587747812271118,-0.07283685356378555,0.8455184698104858,-0.5289555788040161,-0.9572240114212036,0.0896485224366188,0.27510958909988406,0.28003039956092837,0.5263671278953552,0.8028209209442139],"EasingStyle":"Linear","EasingDirection":"In"},"Torso":{"Weight":1,"CFrame":[-0.015094757080078125,-0.3201103210449219,-0.11674022674560547,0.9985405206680298,0.043962523341178897,-0.03137568384408951,-0.04928518831729889,0.9792909622192383,-0.19636794924736024,0.022093093022704126,0.1976277232170105,0.9800281524658203],"EasingStyle":"Linear","EasingDirection":"In"},"HumanoidRootPart":{"Weight":0,"CFrame":[0,0,0,1,0,0,0,1,0,0,0,1],"EasingStyle":"Linear","EasingDirection":"In"},"Right Leg":{"Weight":1,"CFrame":[0.8070257902145386,0.08788824081420899,-0.061832696199417117,0.9659987092018127,0.2528897225856781,0.0537906289100647,-0.2548918128013611,0.9663625359535217,0.034257691353559497,-0.04331790283322334,-0.046803686767816547,0.9979647397994995],"EasingStyle":"Linear","EasingDirection":"In"}}},{"Time":0.4333333373069763,"poses":{"Left Leg":{"Weight":1,"CFrame":[-0.6688250303268433,0.10054850578308106,0.12457144260406494,0.9344568848609924,-0.31312599778175356,0.16953766345977784,0.3166155517101288,0.9485298991203308,0.0067577483132481579,-0.1629275381565094,0.04736373946070671,0.9855006337165833],"EasingStyle":"Linear","EasingDirection":"In"},"Right Arm":{"Weight":1,"CFrame":[-0.5840137004852295,0.011721402406692505,0.17041751742362977,0.677336573600769,-0.6449170708656311,0.35397428274154665,0.6045538783073425,0.762120246887207,0.2317061722278595,-0.41920214891433718,0.05705351009964943,0.9060988426208496],"EasingStyle":"Linear","EasingDirection":"In"},"Head":{"Weight":1,"CFrame":[0.009501193650066853,0.0499359667301178,-0.005792021751403809,0.9995657801628113,0.02918429672718048,0.004137566778808832,-0.028718851506710054,0.995856761932373,-0.08628398180007935,-0.006638564169406891,0.08612765371799469,0.9962623119354248],"EasingStyle":"Linear","EasingDirection":"In"},"Left Arm":{"Weight":1,"CFrame":[0.5082193613052368,-0.09573701024055481,0.3895735442638397,0.048605747520923617,0.8594421744346619,-0.508917510509491,-0.9307997226715088,0.22378428280353547,0.28902047872543337,0.3622840344905853,0.45965203642845156,0.8108455538749695],"EasingStyle":"Linear","EasingDirection":"In"},"Torso":{"Weight":1,"CFrame":[-0.02420806884765625,-0.3221855163574219,-0.16216659545898438,0.99908047914505,0.011731904000043869,-0.04123973473906517,-0.019999735057353975,0.9783037900924683,-0.2062084674835205,0.037925757467746738,0.20684358477592469,0.9776387810707092],"EasingStyle":"Linear","EasingDirection":"In"},"HumanoidRootPart":{"Weight":0,"CFrame":[0,0,0,1,0,0,0,1,0,0,0,1],"EasingStyle":"Linear","EasingDirection":"In"},"Right Leg":{"Weight":1,"CFrame":[0.8895492553710938,0.11690211296081543,-0.043935298919677737,0.9530369639396668,0.30211254954338076,0.02118685469031334,-0.302793025970459,0.9519175887107849,0.046578921377658847,-0.006096053868532181,-0.05080671235918999,0.9986900687217712],"EasingStyle":"Linear","EasingDirection":"In"}}},{"Time":0.46666666865348818,"poses":{"Left Leg":{"Weight":1,"CFrame":[-0.8761646151542664,0.12632477283477784,0.12872779369354249,0.8943569660186768,-0.4246372878551483,0.14074571430683137,0.4272429347038269,0.9040479063987732,0.012680284678936005,-0.1326255202293396,0.04879212751984596,0.9899646639823914],"EasingStyle":"Linear","EasingDirection":"In"},"Right Arm":{"Weight":1,"CFrame":[-0.5294744968414307,-0.09035196900367737,0.13241159915924073,0.5810526013374329,-0.7226454615592957,0.37438178062438967,0.7226719856262207,0.6696913242340088,0.17105308175086976,-0.37433096766471865,0.1711643785238266,0.9113613367080689],"EasingStyle":"Linear","EasingDirection":"In"},"Head":{"Weight":1,"CFrame":[0.01254658680409193,0.05218088626861572,-0.006335645914077759,0.9981862902641296,0.056505247950553897,-0.02077493630349636,-0.05824233964085579,0.9937114119529724,-0.09563374519348145,0.015240462496876717,0.09667019546031952,0.995199978351593],"EasingStyle":"Linear","EasingDirection":"In"},"Left Arm":{"Weight":1,"CFrame":[0.5881627798080444,-0.025950372219085695,0.3990323543548584,0.21286943554878236,0.8496989607810974,-0.48238831758499148,-0.8746844530105591,0.3857423961162567,0.2934800684452057,0.4354473948478699,0.35946446657180788,0.8253310322761536],"EasingStyle":"Linear","EasingDirection":"In"},"Torso":{"Weight":1,"CFrame":[-0.026584625244140626,-0.3218574523925781,-0.20786690711975099,0.9986315965652466,-0.018669620156288148,-0.04885198548436165,0.007868850603699685,0.9771150350570679,-0.21256621181964875,0.05170252546668053,0.21189090609550477,0.9759248495101929],"EasingStyle":"Linear","EasingDirection":"In"},"HumanoidRootPart":{"Weight":0,"CFrame":[0,0,0,1,0,0,0,1,0,0,0,1],"EasingStyle":"Linear","EasingDirection":"In"},"Right Leg":{"Weight":1,"CFrame":[0.9510886669158936,0.14433711767196656,-0.021279603242874147,0.9385898113250732,0.34489139914512637,-0.009964248165488243,-0.34375840425491335,0.9372085332870483,0.0589122548699379,0.029656993225216867,-0.051869090646505359,0.9982135891914368],"EasingStyle":"Linear","EasingDirection":"In"}}},{"Time":0.5,"poses":{"Left Leg":{"Weight":1,"CFrame":[-1.0160281658172608,0.13879430294036866,0.1165323257446289,0.8553956151008606,-0.5050074458122253,0.11518079787492752,0.5063310861587524,0.8621153831481934,0.019631963223218919,-0.10921333730220795,0.041526805609464648,0.9931506514549255],"EasingStyle":"Linear","EasingDirection":"In"},"Right Arm":{"Weight":1,"CFrame":[-0.46216046810150149,-0.17705589532852174,0.09332743287086487,0.46151313185691836,-0.7807536125183106,0.421223908662796,0.8268637657165527,0.5506011843681336,0.11460725963115692,-0.32140636444091799,0.29540202021598818,0.8996865153312683],"EasingStyle":"Linear","EasingDirection":"In"},"Head":{"Weight":1,"CFrame":[0.014886956661939621,0.053169168531894687,-0.006597161293029785,0.996308445930481,0.07313094288110733,-0.04496403783559799,-0.07731721550226212,0.9920029640197754,-0.09976179897785187,0.03730882704257965,0.10287004709243775,0.993994951248169],"EasingStyle":"Linear","EasingDirection":"In"},"Left Arm":{"Weight":1,"CFrame":[0.6647211313247681,0.05511496961116791,0.3829035758972168,0.40582990646362307,0.7958853840827942,-0.44929784536361697,-0.7788498997688294,0.5583937168121338,0.285638689994812,0.47822079062461855,0.23401471972465516,0.8464882373809815],"EasingStyle":"Linear","EasingDirection":"In"},"Torso":{"Weight":1,"CFrame":[-0.023349761962890626,-0.3171806335449219,-0.23987126350402833,0.9976431727409363,-0.04210576042532921,-0.05417832359671593,0.02968592941761017,0.9767228960990906,-0.21244102716445924,0.06186220422387123,0.2103319764137268,0.9756708741188049],"EasingStyle":"Linear","EasingDirection":"In"},"HumanoidRootPart":{"Weight":0,"CFrame":[0,0,0,1,0,0,0,1,0,0,0,1],"EasingStyle":"Linear","EasingDirection":"In"},"Right Leg":{"Weight":1,"CFrame":[0.9780582189559937,0.16363394260406495,-0.0003631412982940674,0.9271828532218933,0.37303194403648379,-0.03433987498283386,-0.37010473012924197,0.9263504147529602,0.06998012214899063,0.0579155869781971,-0.05217507481575012,0.9969573020935059],"EasingStyle":"Linear","EasingDirection":"In"}}},{"Time":0.5333333611488342,"poses":{"Left Leg":{"Weight":1,"CFrame":[-1.0761066675186158,0.12419682741165161,0.10021960735321045,0.8331862092018127,-0.5442641377449036,0.09786750376224518,0.5450593829154968,0.8381398320198059,0.020777536556124688,-0.09333490580320358,0.036032166332006457,0.9949825406074524],"EasingStyle":"Linear","EasingDirection":"In"},"Right Arm":{"Weight":1,"CFrame":[-0.38919734954833987,-0.23300516605377198,0.06625352799892426,0.3311508893966675,-0.8009293675422669,0.4988504648208618,0.9018112421035767,0.4241975247859955,0.08242287486791611,-0.2776258587837219,0.42257416248321535,0.8627600073814392],"EasingStyle":"Linear","EasingDirection":"In"},"Head":{"Weight":1,"CFrame":[0.016189835965633394,0.052431344985961917,-0.0064449310302734379,0.9951144456863403,0.07365655899047852,-0.06574301421642304,-0.07993308454751969,0.9919127821922302,-0.09859132766723633,0.05794944614171982,0.10336475074291229,0.9929542541503906],"EasingStyle":"Linear","EasingDirection":"In"},"Left Arm":{"Weight":1,"CFrame":[0.7299903631210327,0.14361092448234559,0.3402545750141144,0.6054992079734802,0.6833974123001099,-0.4078470766544342,-0.6392125487327576,0.7229054570198059,0.2623266875743866,0.4741080403327942,0.10186240077018738,0.8745545744895935],"EasingStyle":"Linear","EasingDirection":"In"},"Torso":{"Weight":1,"CFrame":[-0.015720367431640626,-0.3062248229980469,-0.2443249225616455,0.9969261884689331,-0.05350400507450104,-0.057231731712818149,0.040866199880838397,0.9783690571784973,-0.20279088616371156,0.06684385240077973,0.19982871413230897,0.9775483012199402],"EasingStyle":"Linear","EasingDirection":"In"},"HumanoidRootPart":{"Weight":0,"CFrame":[0,0,0,1,0,0,0,1,0,0,0,1],"EasingStyle":"Linear","EasingDirection":"In"},"Right Leg":{"Weight":1,"CFrame":[0.960098385810852,0.16819947957992555,0.011445730924606324,0.923919677734375,0.3797481954097748,-0.0465216338634491,-0.3756239414215088,0.9234668016433716,0.07820650190114975,0.07265977561473847,-0.05478200688958168,0.9958511590957642],"EasingStyle":"Linear","EasingDirection":"In"}}},{"Time":0.5666666626930237,"poses":{"Left Leg":{"Weight":1,"CFrame":[-1.011845588684082,0.06963932514190674,0.07919913530349732,0.8597104549407959,-0.5034913420677185,0.08599091321229935,0.5047715306282044,0.8632182478904724,0.007741243112832308,-0.07812635600566864,0.03675079345703125,0.9962660074234009],"EasingStyle":"Linear","EasingDirection":"In"},"Right Arm":{"Weight":1,"CFrame":[-0.31604063510894778,-0.25313758850097659,0.06101614236831665,0.20102235674858094,-0.7739443182945252,0.6004998683929443,0.9460883140563965,0.3123296797275543,0.08583017438650131,-0.2539817690849304,0.550872266292572,0.795005202293396],"EasingStyle":"Linear","EasingDirection":"In"},"Head":{"Weight":1,"CFrame":[0.016287565231323243,0.04975016415119171,-0.0058685243129730228,0.9951635599136353,0.0552198700606823,-0.08124303817749024,-0.06273262202739716,0.9936850070953369,-0.09303060173988342,0.07559285312891007,0.09767715632915497,0.9923431277275086],"EasingStyle":"Linear","EasingDirection":"In"},"Left Arm":{"Weight":1,"CFrame":[0.7765330672264099,0.23489555716514588,0.2745009660720825,0.7827807664871216,0.5115335583686829,-0.3543834984302521,-0.4603689908981323,0.859184205532074,0.22329933941364289,0.41870585083961489,-0.011647254228591919,0.9080473780632019],"EasingStyle":"Linear","EasingDirection":"In"},"Torso":{"Weight":1,"CFrame":[-0.00428009033203125,-0.2880516052246094,-0.21309113502502442,0.9971005320549011,-0.04963982105255127,-0.05767543986439705,0.038385964930057529,0.9825435280799866,-0.18202951550483704,0.06570453941822052,0.17928776144981385,0.9816001057624817],"EasingStyle":"Linear","EasingDirection":"In"},"HumanoidRootPart":{"Weight":0,"CFrame":[0,0,0,1,0,0,0,1,0,0,0,1],"EasingStyle":"Linear","EasingDirection":"In"},"Right Leg":{"Weight":1,"CFrame":[0.8867130279541016,0.1546844244003296,0.010181903839111328,0.9324223399162293,0.358804851770401,-0.042984288185834888,-0.3546256422996521,0.9313974380493164,0.08209292590618134,0.06949073076248169,-0.06130193918943405,0.9956974983215332],"EasingStyle":"Linear","EasingDirection":"In"}}},{"Time":0.6000000238418579,"poses":{"Left Leg":{"Weight":1,"CFrame":[-0.8040799498558044,0.013284683227539063,0.0534515380859375,0.9207339286804199,-0.3821650445461273,0.07873949408531189,0.3839241862297058,0.9233300089836121,-0.00797322578728199,-0.06965532153844834,0.037571392953395846,0.9968634843826294],"EasingStyle":"Linear","EasingDirection":"In"},"Right Arm":{"Weight":1,"CFrame":[-0.24777358770370484,-0.2522042393684387,0.06642410159111023,0.07791650295257569,-0.7110370993614197,0.6988242864608765,0.9710301160812378,0.2129526287317276,0.10840770602226258,-0.22589832544326783,0.6701326370239258,0.7070308923721314],"EasingStyle":"Linear","EasingDirection":"In"},"Head":{"Weight":1,"CFrame":[0.015325453132390976,0.045967020094394687,-0.005144238471984863,0.9956141710281372,0.02470586821436882,-0.09023647755384445,-0.03254445269703865,0.995724081993103,-0.08645613491535187,0.08771464973688126,0.08901362121105194,0.9921610355377197],"EasingStyle":"Linear","EasingDirection":"In"},"Left Arm":{"Weight":1,"CFrame":[0.7977281212806702,0.31693515181541445,0.196802020072937,0.9069082736968994,0.3078993856906891,-0.28760260343551638,-0.2643551528453827,0.9473615884780884,0.1806178241968155,0.3280758559703827,-0.08777454495429993,0.9405650496482849],"EasingStyle":"Linear","EasingDirection":"In"},"Torso":{"Weight":1,"CFrame":[0.012203216552734375,-0.2657279968261719,-0.15976905822753907,0.9979147911071777,-0.0344802550971508,-0.05456601083278656,0.025670934468507768,0.9876412749290466,-0.15461504459381104,0.05922280251979828,0.1528918296098709,0.9864669442176819],"EasingStyle":"Linear","EasingDirection":"In"},"HumanoidRootPart":{"Weight":0,"CFrame":[0,0,0,1,0,0,0,1,0,0,0,1],"EasingStyle":"Linear","EasingDirection":"In"},"Right Leg":{"Weight":1,"CFrame":[0.7657470703125,0.13052481412887574,0.0009855031967163087,0.949117124080658,0.31368982791900637,-0.027846578508615495,-0.3105863332748413,0.9470040798187256,0.08197468519210816,0.05208549648523331,-0.06915489584207535,0.9962454438209534],"EasingStyle":"Linear","EasingDirection":"In"}}},{"Time":0.6333333253860474,"poses":{"Left Leg":{"Weight":1,"CFrame":[-0.5406840443611145,-0.015080273151397705,0.035216450691223147,0.9613469243049622,-0.2610761523246765,0.08747456967830658,0.2630508244037628,0.9647117257118225,-0.01165858842432499,-0.08134399354457855,0.03421842306852341,0.9960985779762268],"EasingStyle":"Linear","EasingDirection":"In"},"Right Arm":{"Weight":1,"CFrame":[-0.19343513250350953,-0.24887096881866456,0.06823611259460449,-0.027510400861501695,-0.6354568004608154,0.7716465592384338,0.9859572649002075,0.10995092242956162,0.1256963610649109,-0.16471782326698304,0.7642681002616882,0.6235082149505615],"EasingStyle":"Linear","Ea