{"Sequence":[{"Time":0,"poses":{"Left Leg":{"Weight":1,"CFrame":[-0.7091576457023621,0.7486449480056763,0.2153003215789795,0.9567904472351074,-0.04025411978363991,0.28797879815101626,0.03297656401991844,0.9990034699440002,0.030078859999775888,-0.28890278935432436,-0.019282527267932893,0.9571646451950073],"EasingStyle":"Linear","EasingDirection":"In"},"Right Arm":{"Weight":1,"CFrame":[-0.25482702255249026,-0.25724586844444277,0.2757696807384491,-0.0986870601773262,-0.7281194925308228,0.6783088445663452,0.9884848594665527,0.006848830264061689,0.15116621553897859,-0.11471271514892578,0.6854165196418762,0.719059407711029],"EasingStyle":"Linear","EasingDirection":"In"},"Head":{"Weight":1,"CFrame":[0.0015485724434256554,0.014148678630590439,-0.00046515464782714844,0.9736783504486084,0.2275775671005249,-0.01264914683997631,-0.2277827262878418,0.9735406637191773,-0.018264703452587129,0.00815778411924839,0.020665302872657777,0.999753475189209],"EasingStyle":"Linear","EasingDirection":"In"},"Left Arm":{"Weight":1,"CFrame":[0.39286696910858157,-0.18761517107486726,0.10753417015075684,0.11614269018173218,0.9550865292549133,-0.2726181447505951,-0.9870008826255798,0.14168035984039308,0.07587167620658875,0.11108868569135666,0.26026231050491335,0.9591267704963684],"EasingStyle":"Linear","EasingDirection":"In"},"Torso":{"Weight":1,"CFrame":[0.001056671142578125,-0.035472869873046878,0.00201416015625,0.9759078025817871,-0.21804098784923554,0.00791417621076107,0.21805843710899354,0.9734681844711304,-0.06935572624206543,0.007418184075504541,0.06941056251525879,0.9975607395172119],"EasingStyle":"Linear","EasingDirection":"In"},"HumanoidRootPart":{"Weight":0,"CFrame":[0,0,0,1,0,0,0,1,0,0,0,1],"EasingStyle":"Linear","EasingDirection":"In"},"Right Leg":{"Weight":1,"CFrame":[0.15368437767028809,-0.013946831226348877,0.03962063789367676,0.9482148885726929,0.12365202605724335,-0.2925735116004944,-0.12690311670303346,0.9918835759162903,0.007917995564639569,0.291177898645401,0.02962065301835537,0.9562106132507324],"EasingStyle":"Linear","EasingDirection":"In"}}},{"Time":0.03333333507180214,"poses":{"Left Leg":{"Weight":1,"CFrame":[-0.659420371055603,0.6521894931793213,0.19550096988677979,0.9695378541946411,0.08797988295555115,0.22859565913677216,-0.08233454823493958,0.9960199594497681,-0.03413758799433708,-0.2306894063949585,0.0142764737829566,0.972922682762146],"EasingStyle":"Linear","EasingDirection":"In"},"Right Arm":{"Weight":1,"CFrame":[-0.20199918746948243,-0.2858876883983612,0.15185052156448365,-0.14360104501247407,-0.7267454862594605,0.6717292070388794,0.989530622959137,-0.11534338444471359,0.08674971014261246,0.01443458255380392,0.6771536469459534,0.7357001304626465],"EasingStyle":"Linear","EasingDirection":"In"},"Head":{"Weight":1,"CFrame":[0.006105068139731884,0.013906534761190415,-0.0005370676517486572,0.9574955701828003,0.2880723476409912,-0.014716392382979393,-0.288202702999115,0.9575391411781311,-0.007625691592693329,0.011894738301634789,0.011542901396751404,0.9998629689216614],"EasingStyle":"Linear","EasingDirection":"In"},"Left Arm":{"Weight":1,"CFrame":[0.43189287185668948,-0.12766115367412568,0.13364729285240174,0.2468009740114212,0.9394353032112122,-0.2378041297197342,-0.9561672806739807,0.2759757339954376,0.09788842499256134,0.1575879603624344,0.2032213807106018,0.9663680791854858],"EasingStyle":"Linear","EasingDirection":"In"},"Torso":{"Weight":1,"CFrame":[-0.00524139404296875,-0.043804168701171878,-0.02471923828125,0.9592871069908142,-0.2822672724723816,-0.009666627272963524,0.28082188963890078,0.956907331943512,-0.07394242286682129,0.0301215760409832,0.06821742653846741,0.9972158074378967],"EasingStyle":"Linear","EasingDirection":"In"},"HumanoidRootPart":{"Weight":0,"CFrame":[0,0,0,1,0,0,0,1,0,0,0,1],"EasingStyle":"Linear","EasingDirection":"In"},"Right Leg":{"Weight":1,"CFrame":[0.24394725263118745,0.0061258673667907719,0.1027144193649292,0.9111840724945068,0.2063327431678772,-0.356609970331192,-0.20796862244606019,0.9775370955467224,0.034210123121738437,0.35565826296806338,0.04299214109778404,0.9336268305778503],"EasingStyle":"Linear","EasingDirection":"In"}}},{"Time":0.06666667014360428,"poses":{"Left Leg":{"Weight":1,"CFrame":[-0.4826899766921997,0.3757821321487427,0.1423736810684204,0.9311542510986328,0.32628315687179568,0.16276191174983979,-0.31044304370880129,0.9435519576072693,-0.11547534167766571,-0.191251739859581,0.056997206062078479,0.9798845648765564],"EasingStyle":"Linear","EasingDirection":"In"},"Right Arm":{"Weight":1,"CFrame":[-0.1354764699935913,-0.2959015369415283,0.047839224338531497,-0.19149641692638398,-0.7037214636802673,0.684182345867157,0.9741541147232056,-0.22136330604553224,0.04497172683477402,0.11980527639389038,0.6751106977462769,0.7279232144355774],"EasingStyle":"Linear","EasingDirection":"In"},"Head":{"Weight":1,"CFrame":[0.009898118674755097,0.011271648108959198,-0.0005242526531219482,0.9352732300758362,0.35382845997810366,-0.008336886763572693,-0.3538949489593506,0.9352454543113709,-0.008650168776512146,0.004736392758786678,0.011040620505809784,0.9999279379844666],"EasingStyle":"Linear","EasingDirection":"In"},"Left Arm":{"Weight":1,"CFrame":[0.44604671001434328,-0.08194628357887268,0.16154059767723084,0.32537832856178286,0.9197427034378052,-0.21955068409442902,-0.9241162538528442,0.35849499702453616,0.13225091993808747,0.20034459233283997,0.1598588526248932,0.9665956497192383],"EasingStyle":"Linear","EasingDirection":"In"},"Torso":{"Weight":1,"CFrame":[-0.008251190185546875,-0.042797088623046878,-0.03329944610595703,0.9367402195930481,-0.34900155663490298,-0.026751281693577768,0.34657716751098635,0.9355007410049439,-0.06872230023145676,0.04901004210114479,0.05510355532169342,0.9972771406173706],"EasingStyle":"Linear","EasingDirection":"In"},"HumanoidRootPart":{"Weight":0,"CFrame":[0,0,0,1,0,0,0,1,0,0,0,1],"EasingStyle":"Linear","EasingDirection":"In"},"Right Leg":{"Weight":1,"CFrame":[0.20400503277778626,0.021313071250915529,0.1348191797733307,0.873256504535675,0.23818133771419526,-0.42508020997047427,-0.23527681827545167,0.9700617790222168,0.06020791083574295,0.42669418454170229,0.04743465408682823,0.9031511545181274],"EasingStyle":"Linear","EasingDirection":"In"}}},{"Time":0.10000000149011612,"poses":{"Left Leg":{"Weight":1,"CFrame":[-0.06692773103713989,-0.07977420091629029,0.005564987659454346,0.7087123394012451,0.6948578357696533,0.1220661997795105,-0.67433762550354,0.718046247959137,-0.1722729653120041,-0.20735430717468263,0.039778124541044238,0.9774569272994995],"EasingStyle":"Linear","EasingDirection":"In"},"Right Arm":{"Weight":1,"CFrame":[-0.08139240741729737,-0.2909495234489441,0.0014499425888061524,-0.2237803041934967,-0.6754013299942017,0.702677309513092,0.9616888165473938,-0.2701534330844879,0.046600326895713809,0.1583569347858429,0.6861855387687683,0.7099809646606445],"EasingStyle":"Linear","EasingDirection":"In"},"Head":{"Weight":1,"CFrame":[0.012858126312494278,0.007635530084371567,-0.0005210936069488525,0.9097387194633484,0.4151802957057953,0.001123957335948944,-0.4150599539279938,0.9095337390899658,-0.021771304309368135,-0.010061310604214669,0.019339684396982194,0.9997623562812805],"EasingStyle":"Linear","EasingDirection":"In"},"Left Arm":{"Weight":1,"CFrame":[0.4442853331565857,-0.051554471254348758,0.1915227770805359,0.3548734486103058,0.9095385074615479,-0.2163444310426712,-0.9029361605644226,0.393436998128891,0.1729557365179062,0.2424277812242508,0.13396769762039185,0.9608754515647888],"EasingStyle":"Linear","EasingDirection":"In"},"Torso":{"Weight":1,"CFrame":[-0.0086822509765625,-0.036098480224609378,-0.011403083801269532,0.9114686250686646,-0.4091060757637024,-0.04309651255607605,0.406403124332428,0.9117392301559448,-0.059733908623456958,0.06373026967048645,0.03693102300167084,0.9972835779190064],"EasingStyle":"Linear","EasingDirection":"In"},"HumanoidRootPart":{"Weight":0,"CFrame":[0,0,0,1,0,0,0,1,0,0,0,1],"EasingStyle":"Linear","EasingDirection":"In"},"Right Leg":{"Weight":1,"CFrame":[0.030993342399597169,0.037368059158325198,0.09507519006729126,0.8481499552726746,0.2050940841436386,-0.4884450137615204,-0.18808843195438386,0.9785297513008118,0.08427358418703079,0.4952419400215149,0.02039443515241146,0.8685158491134644],"EasingStyle":"Linear","EasingDirection":"In"}}},{"Time":0.13333334028720857,"poses":{"Left Leg":{"Weight":1,"CFrame":[-0.12053120136260987,-0.07873934507369995,-0.005710005760192871,0.7119557857513428,0.6964098215103149,0.09018555283546448,-0.6756643652915955,0.7143411040306091,-0.18219268321990968,-0.19130383431911469,0.06877779215574265,0.9791181683540344],"EasingStyle":"Linear","EasingDirection":"In"},"Right Arm":{"Weight":1,"CFrame":[-0.028382539749145509,-0.2832310199737549,-0.01952400803565979,-0.2631792426109314,-0.6352999210357666,0.7260380983352661,0.9479854106903076,-0.3099720776081085,0.07239934802055359,0.1790560781955719,0.7073269486427307,0.6838330626487732],"EasingStyle":"Linear","EasingDirection":"In"},"Head":{"Weight":1,"CFrame":[0.015144215896725655,0.004397856071591377,-0.0005804598331451416,0.8860649466514587,0.46349331736564639,0.007946278899908066,-0.46269524097442629,0.8853269219398499,-0.045935604721307757,-0.0283258855342865,0.037025220692157748,0.9989131093025208],"EasingStyle":"Linear","EasingDirection":"In"},"Left Arm":{"Weight":1,"CFrame":[0.43307483196258547,-0.036910198628902438,0.22400248050689698,0.3368910551071167,0.9139187932014465,-0.2264007180929184,-0.8977859616279602,0.3842618465423584,0.21522915363311768,0.28369903564453127,0.1307506114244461,0.949957549571991],"EasingStyle":"Linear","EasingDirection":"In"},"Torso":{"Weight":1,"CFrame":[-0.007904052734375,-0.028553009033203126,0.039035797119140628,0.8888360857963562,-0.4546087086200714,-0.05745813250541687,0.45203155279159548,0.8904485106468201,-0.052622947841882709,0.07508634775876999,0.02080029621720314,0.9969602227210999],"EasingStyle":"Linear","EasingDirection":"In"},"HumanoidRootPart":{"Weight":0,"CFrame":[0,0,0,1,0,0,0,1,0,0,0,1],"EasingStyle":"Linear","EasingDirection":"In"},"Right Leg":{"Weight":1,"CFrame":[-0.33985435962677,0.05794262886047363,-0.1001584529876709,0.8399759531021118,0.06278371065855026,-0.538979709148407,-0.008037512190639973,0.9946147799491882,0.10333193838596344,0.5425645112991333,-0.08246401697397232,0.8359566926956177],"EasingStyle":"Linear","EasingDirection":"In"}}},{"Time":0.1666666716337204,"poses":{"Left Leg":{"Weight":1,"CFrame":[-0.06670993566513062,-0.13003963232040406,-0.027350306510925294,0.7954599857330322,0.6040576100349426,0.04856329783797264,-0.5916295051574707,0.7914426326751709,-0.15359735488891602,-0.13121716678142548,0.09344903379678726,0.9869397878646851],"EasingStyle":"Linear","EasingDirection":"In"},"Right Arm":{"Weight":1,"CFrame":[0.03521561622619629,-0.27457281947135928,-0.054126203060150149,-0.3256657123565674,-0.5705134272575378,0.753960371017456,0.9159035086631775,-0.3882710933685303,0.10181494802236557,0.23465433716773988,0.7237129807472229,0.648982048034668],"EasingStyle":"Linear","EasingDirection":"In"},"Head":{"Weight":1,"CFrame":[0.017021114006638528,0.0026987530291080477,-0.0006951391696929932,0.8700488209724426,0.49289804697036745,0.008213173598051072,-0.4908508062362671,0.8677361011505127,-0.07809800654649735,-0.04562121629714966,0.0639176219701767,0.9969118237495422],"EasingStyle":"Linear","EasingDirection":"In"},"Left Arm":{"Weight":1,"CFrame":[0.4160122275352478,-0.038679659366607669,0.2592792510986328,0.2705565392971039,0.930180549621582,-0.24811916053295136,-0.9081005454063416,0.3321545124053955,0.2550029158592224,0.3196128010749817,0.15632443130016328,0.9345646500587463],"EasingStyle":"Linear","EasingDirection":"In"},"Torso":{"Weight":1,"CFrame":[-0.008235931396484375,-0.024044036865234376,0.09572696685791016,0.8743762969970703,-0.4804360270500183,-0.06817345321178436,0.4778441786766052,0.8769433498382568,-0.051335155963897708,0.08444753289222717,0.012309964746236802,0.9963518381118774],"EasingStyle":"Linear","EasingDirection":"In"},"HumanoidRootPart":{"Weight":0,"CFrame":[0,0,0,1,0,0,0,1,0,0,0,1],"EasingStyle":"Linear","EasingDirection":"In"},"Right Leg":{"Weight":1,"CFrame":[-0.3632151484489441,0.05843484401702881,-0.08944767713546753,0.8289897441864014,0.04739925637841225,-0.5572516918182373,-0.004164788406342268,0.9968973994255066,0.07859911024570465,0.5592485666275024,-0.06283688545227051,0.8266154527664185],"EasingStyle":"Linear","EasingDirection":"In"}}},{"Time":0.20000000298023225,"poses":{"Left Leg":{"Weight":1,"CFrame":[-0.21893393993377686,-0.03777509927749634,-0.016093552112579347,0.9208061099052429,0.38884758949279787,0.030233073979616166,-0.3788967430591583,0.9102323651313782,-0.1670749932527542,-0.09248600900173187,0.14238840341567994,0.985480546951294],"EasingStyle":"Linear","EasingDirection":"In"},"Right Arm":{"Weight":1,"CFrame":[0.09421730041503906,-0.2599693536758423,-0.08924371004104614,-0.3894425928592682,-0.49797192215919497,0.7748284339904785,0.8707082867622376,-0.47335857152938845,0.1334121823310852,0.3003360629081726,0.7266056537628174,0.6179341673851013],"EasingStyle":"Linear","EasingDirection":"In"},"Head":{"Weight":1,"CFrame":[0.018497977405786516,0.002443745732307434,-0.0008136928081512451,0.8633302450180054,0.5046296715736389,0.0031728073954582216,-0.5011478066444397,0.8580780029296875,-0.11204233765602112,-0.05926236882805824,0.09513945877552033,0.9936985373497009],"EasingStyle":"Linear","EasingDirection":"In"},"Left Arm":{"Weight":1,"CFrame":[0.3921288847923279,-0.057503342628479007,0.2961110472679138,0.1566144973039627,0.9470503926277161,-0.2802996337413788,-0.927222728729248,0.2387387603521347,0.28855183720588686,0.34019145369529726,0.21470864117145539,0.9155163764953613],"EasingStyle":"Linear","EasingDirection":"In"},"Torso":{"Weight":1,"CFrame":[-0.00489044189453125,-0.02220916748046875,0.14389610290527345,0.8692336082458496,-0.4887230098247528,-0.0747191458940506,0.48580402135849,0.8723692297935486,-0.054466065019369128,0.0918014869093895,0.011044871062040329,0.9957160949707031],"EasingStyle":"Linear","EasingDirection":"In"},"HumanoidRootPart":{"Weight":0,"CFrame":[0,0,0,1,0,0,0,1,0,0,0,1],"EasingStyle":"Linear","EasingDirection":"In"},"Right Leg":{"Weight":1,"CFrame":[-0.3785639703273773,0.0739145278930664,-0.09057119488716126,0.8227726817131043,0.04693526402115822,-0.566429615020752,0.002467457205057144,0.9962802529335022,0.08613714575767517,0.5683655142784119,-0.07226875424385071,0.8195962905883789],"EasingStyle":"Linear","EasingDirection":"In"}}},{"Time":0.23333333432674409,"poses":{"Left Leg":{"Weight":1,"CFrame":[-0.7205795049667358,0.15191805362701417,0.032949626445770267,0.999397337436676,0.017609210684895517,0.029924439266324045,-0.011394781060516835,0.9804559946060181,-0.19640840590000153,-0.032798219472169879,0.19594913721084596,0.9800655841827393],"EasingStyle":"Linear","EasingDirection":"In"},"Right Arm":{"Weight":1,"CFrame":[0.12918198108673097,-0.23964616656303407,-0.09378805756568909,-0.43616917729377749,-0.4525456726551056,0.7777911424636841,0.8371350169181824,-0.5211232900619507,0.16624024510383607,0.33009380102157595,0.7236248850822449,0.6061397194862366],"EasingStyle":"Linear","EasingDirection":"In"},"Head":{"Weight":1,"CFrame":[0.01937698945403099,0.003238081932067871,-0.00089988112449646,0.865432858467102,0.5010074973106384,-0.004253856837749481,-0.49650341272354128,0.8564527630805969,-0.1413257122039795,-0.06716202199459076,0.12441994994878769,0.9899541735649109],"EasingStyle":"Linear","EasingDirection":"In"},"Left Arm":{"Weight":1,"CFrame":[0.3585156798362732,-0.0918179526925087,0.33034178614616396,0.009866432286798954,0.9466089606285095,-0.32223355770111086,-0.9428791403770447,0.11611781269311905,0.3122435510158539,0.3329896628856659,0.30074670910835268,0.8936833143234253],"EasingStyle":"Linear","EasingDirection":"In"},"Torso":{"Weight":1,"CFrame":[0.009731292724609375,-0.021831512451171876,0.1775217056274414,0.8724130988121033,-0.48265671730041506,-0.07705822587013245,0.4792056679725647,0.8756808638572693,-0.059540119022130969,0.0962158590555191,0.015016846358776093,0.9952473044395447],"EasingStyle":"Linear","EasingDirection":"In"},"HumanoidRootPart":{"Weight":0,"CFrame":[0,0,0,1,0,0,0,1,0,0,0,1],"EasingStyle":"Linear","EasingDirection":"In"},"Right Leg":{"Weight":1,"CFrame":[-0.4091734290122986,0.09074878692626953,-0.1108580231666565,0.8184194564819336,0.045813314616680148,-0.5727923512458801,0.012155517004430294,0.9952135682106018,0.09696656465530396,0.5744929909706116,-0.08632151782512665,0.8139450550079346],"EasingStyle":"Linear","EasingDirection":"In"}}},{"Time":0.2666666805744171,"poses":{"Left Leg":{"Weight":1,"CFrame":[-0.8785236477851868,0.2497771978378296,0.03409862518310547,0.9926108121871948,-0.12039423733949661,0.015143738128244877,0.12107377499341965,0.974371612071991,-0.18958112597465516,0.00806848518550396,0.19001393020153047,0.9817484021186829],"EasingStyle":"Linear","EasingDirection":"In"},"Right Arm":{"Weight":1,"CFrame":[0.12441831827163696,-0.2152906358242035,-0.04337558150291443,-0.4584719240665436,-0.4663216173648834,0.7565366625785828,0.8404448628425598,-0.5042232871055603,0.19852325320243836,0.28888770937919619,0.7268446683883667,0.6230899095535278],"EasingStyle":"Linear","EasingDirection":"In"},"Head":{"Weight":1,"CFrame":[0.019400767982006074,0.004656538367271423,-0.0009230971336364746,0.8750419616699219,0.483904629945755,-0.011762961745262146,-0.4793693423271179,0.8629584312438965,-0.1597113311290741,-0.06713410466909409,0.14539286494255067,0.9870938062667847],"EasingStyle":"Linear","EasingDirection":"In"},"Left Arm":{"Weight":1,"CFrame":[0.3140077590942383,-0.13939940929412843,0.3554389476776123,-0.14648416638374329,0.9159174561500549,-0.37368088960647585,-0.9464150071144104,-0.019850419834256173,0.32234296202659609,0.2878219783306122,0.4008752405643463,0.8697459101676941],"EasingStyle":"Linear","EasingDirection":"In"},"Torso":{"Weight":1,"CFrame":[0.034961700439453128,-0.021862030029296876,0.18763446807861329,0.8821898698806763,-0.4648692309856415,-0.07508543133735657,0.4609321057796478,0.885103166103363,-0.06429567188024521,0.09634742885828018,0.022111691534519197,0.9951021671295166],"EasingStyle":"Linear","EasingDirection":"In"},"HumanoidRootPart":{"Weight":0,"CFrame":[0,0,0,1,0,0,0,1,0,0,0,1],"EasingStyle":"Linear","EasingDirection":"In"},"Right Leg":{"Weight":1,"CFrame":[-0.546302080154419,0.13483238220214845,-0.21193821728229524,0.7937259674072266,-0.08997315168380737,-0.6015845537185669,0.18001794815063477,0.9794426560401917,0.09102807193994522,0.5810273289680481,-0.1805470883846283,0.7936058640480042],"EasingStyle":"Linear","EasingDirection":"In"}}},{"Time":0.30000001192092898,"poses":{"Left Leg":{"Weight":1,"CFrame":[-0.9147859811782837,0.31523841619491579,0.00979548692703247,0.9840625524520874,-0.1777602881193161,0.004784630611538887,0.1764848530292511,0.9729999899864197,-0.14874042570590974,0.021784378215670587,0.14721430838108064,0.9888647198677063],"EasingStyle":"Linear","EasingDirection":"In"},"Right Arm":{"Weight":1,"CFrame":[0.07909739017486572,-0.18532979488372804,0.04400697350502014,-0.45181670784950259,-0.5349603295326233,0.7139187455177307,0.8721346855163574,-0.43326953053474429,0.22728510200977326,0.18773068487644196,0.7253243327140808,0.6623157858848572],"EasingStyle":"Linear","EasingDirection":"In"},"Head":{"Weight":1,"CFrame":[0.018269594758749009,0.006322674453258514,-0.0008597075939178467,0.8903915286064148,0.4548148512840271,-0.01862155646085739,-0.4516584575176239,0.8776423931121826,-0.16046486794948579,-0.056638672947883609,0.15128706395626069,0.9868659377098084],"EasingStyle":"Linear","EasingDirection":"In"},"Left Arm":{"Weight":1,"CFrame":[0.26129651069641116,-0.19811514019966126,0.36383163928985598,-0.28632402420043948,0.8538642525672913,-0.4346664845943451,-0.9366012215614319,-0.1537952870130539,0.31484177708625796,0.20198242366313935,0.4972558617591858,0.8437655568122864],"EasingStyle":"Linear","EasingDirection":"In"},"Torso":{"Weight":1,"CFrame":[0.0693511962890625,-0.02162933349609375,0.1652822494506836,0.8965808153152466,-0.43757492303848269,-0.06834620237350464,0.4334900379180908,0.898668110370636,-0.0669495090842247,0.09071596711874008,0.030398227274417878,0.9954127669334412],"EasingStyle":"Linear","EasingDirection":"In"},"HumanoidRootPart":{"Weight":0,"CFrame":[0,0,0,1,0,0,0,1,0,0,0,1],"EasingStyle":"Linear","EasingDirection":"In"},"Right Leg":{"Weight":1,"CFrame":[-0.2813527584075928,0.3601877689361572,-0.00882786512374878,0.7805628776550293,-0.054288383573293689,-0.622715413570404,0.12343369424343109,0.989992082118988,0.06841318309307099,0.6127690672874451,-0.13026423752307893,0.7794519066810608],"EasingStyle":"Linear","EasingDirection":"In"}}},{"Time":0.3333333432674408,"poses":{"Left Leg":{"Weight":1,"CFrame":[-0.889672577381134,0.22381019592285157,-0.03214240074157715,0.9746728539466858,-0.2236354500055313,0.0004224053118377924,0.2226373553276062,0.9701412320137024,-0.0962216705083847,0.021108699962496759,0.09387876838445664,0.9953598976135254],"EasingStyle":"Linear","EasingDirection":"In"},"Right Arm":{"Weight":1,"CFrame":[-0.00032061338424682617,-0.15159225463867188,0.1333341896533966,-0.4082602560520172,-0.6377022862434387,0.6531915664672852,0.9111118316650391,-0.32898950576782229,0.24827814102172852,0.05656559765338898,0.6964924931526184,0.7153313755989075],"EasingStyle":"Linear","EasingDirection":"In"},"Head":{"Weight":1,"CFrame":[0.015721680596470834,0.008080333471298218,-0.0007097125053405762,0.9095044136047363,0.41485387086868288,-0.02642703428864479,-0.41433677077293398,0.8995650410652161,-0.13823097944259644,-0.033572807908058169,0.13667142391204835,0.990047812461853],"EasingStyle":"Linear","EasingDirection":"In"},"Left Arm":{"Weight":1,"CFrame":[0.20674699544906617,-0.2648751735687256,0.34973078966140749,-0.38993939757347109,0.7710010409355164,-0.5034929513931274,-0.9170924425125122,-0.2758740186691284,0.28781190514564516,0.08300255984067917,0.5739786028862,0.8146530389785767],"EasingStyle":"Linear","EasingDirection":"In"},"Torso":{"Weight":1,"CFrame":[0.10512161254882813,-0.021411895751953126,0.10698413848876953,0.9138162136077881,-0.4022809863090515,-0.05576780438423157,0.39855873584747317,0.9146772623062134,-0.06720475107431412,0.07804474234580994,0.03918605297803879,0.9961796402931213],"EasingStyle":"Linear","EasingDirection":"In"},"HumanoidRootPart":{"Weight":0,"CFrame":[0,0,0,1,0,0,0,1,0,0,0,1],"EasingStyle":"Linear","EasingDirection":"In"},"Right Leg":{"Weight":1,"CFrame":[0.018780380487442018,0.4886709451675415,0.22363826632499696,0.7720938920974731,0.09335651248693466,-0.6286138892173767,-0.0576922632753849,0.995363712310791,0.07696253806352616,0.6328842639923096,-0.023156004026532174,0.7739001512527466],"EasingStyle":"Linear","EasingDirection":"In"}}},{"Time":0.36666667461395266,"poses":{"Left Leg":{"Weight":1,"CFrame":[-0.8068351745605469,0.07275569438934326,-0.06549370288848877,0.9694905281066895,-0.24440397322177888,-0.01885966770350933,0.24295064806938172,0.9682580828666687,-0.05874605476856232,0.03261853754520416,0.05237167701125145,0.998094916343689],"EasingStyle":"Linear","EasingDirection":"In"},"Right Arm":{"Weight":1,"CFrame":[-0.09677398204803467,-0.12986156344413758,0.18956279754638673,-0.33179304003715517,-0.7466961741447449,0.5765056014060974,0.9414470195770264,-0.22327132523059846,0.2526421546936035,-0.059929776936769488,0.6265740394592285,0.7770543694496155],"EasingStyle":"Linear","EasingDirection":"In"},"Head":{"Weight":1,"CFrame":[0.011528180912137032,0.009839709848165512,-0.0005117058753967285,0.9295549392700195,0.3665418028831482,-0.03968844190239906,-0.36868423223495486,0.9241923093795776,-0.09970413893461228,0.000134002766571939,0.10731298476457596,0.9942256212234497],"EasingStyle":"Linear","EasingDirection":"In"},"Left Arm":{"Weight":1,"CFrame":[0.15453481674194337,-0.33159250020980837,0.3132869005203247,-0.45822781324386599,0.6803063750267029,-0.5720234513282776,-0.8872815370559692,-0.38814476132392886,0.24914990365505219,-0.052529554814100268,0.6217129826545715,0.7814818620681763],"EasingStyle":"Linear","EasingDirection":"In"},"Torso":{"Weight":1,"CFrame":[0.136322021484375,-0.020961761474609376,0.031311988830566409,0.932090699672699,-0.3604230582714081,-0.03608701378107071,0.35768967866897585,0.9315569400787354,-0.06526780128479004,0.05714111402630806,0.047927577048540118,0.9972151517868042],"EasingStyle":"Linear","EasingDirection":"In"},"HumanoidRootPart":{"Weight":0,"CFrame":[0,0,0,1,0,0,0,1,0,0,0,1],"EasingStyle":"Linear","EasingDirection":"In"},"Right Leg":{"Weight":1,"CFrame":[0.1672322005033493,0.5799746513366699,0.3553803563117981,0.7479138970375061,0.1301228106021881,-0.6509169936180115,-0.0992809310555458,0.9914966225624085,0.08413205295801163,0.6563295722007752,0.0016998796490952373,0.7544724941253662],"EasingStyle":"Linear","EasingDirection":"In"}}},{"Time":0.4000000059604645,"poses":{"Left Leg":{"Weight":1,"CFrame":[-0.7753809094429016,-0.018756628036499025,-0.06373900175094605,0.9602060914039612,-0.2772349715232849,-0.033843766897916797,0.2754823863506317,0.9600746631622315,-0.048645202070474628,0.045978471636772159,0.037386033684015277,0.9982427358627319],"EasingStyle":"Linear","EasingDirection":"In"},"Right Arm":{"Weight":1,"CFrame":[-0.18544477224349976,-0.14683803915977479,0.18744432926177979,-0.24330684542655946,-0.8402295112609863,0.4845784306526184,0.9629685878753662,-0.14941754937171937,0.22442537546157838,-0.11616437137126923,0.5212379097938538,0.8454688787460327],"EasingStyle":"Linear","EasingDirection":"In"},"Head":{"Weight":1,"CFrame":[0.005539001896977425,0.011422298848628998,-0.00034996867179870605,0.9475966691970825,0.31345242261886599,-0.0617142952978611,-0.31681153178215029,0.9468801021575928,-0.055216118693351749,0.04112847149372101,0.07187448441982269,0.9965657591819763],"EasingStyle":"Linear","EasingDirection":"In"},"Left Arm":{"Weight":1,"CFrame":[0.10580438375473023,-0.3882675766944885,0.2581161856651306,-0.5011017918586731,0.5918346047401428,-0.6313707828521729,-0.8450568318367004,-0.491868793964386,0.2096303403377533,-0.18648509681224824,0.6385900378227234,0.7466100454330444],"EasingStyle":"Linear","EasingDirection":"In"},"Torso":{"Weight":1,"CFrame":[0.16440963745117188,-0.019924163818359376,-0.03779792785644531,0.9495036005973816,-0.3136438727378845,-0.008408162742853165,0.3125685155391693,0.9478983879089356,-0.06156020611524582,0.027278095483779908,0.05582351237535477,0.9980681538581848],"EasingStyle":"Linear","EasingDirection":"In"},"HumanoidRootPart":{"Weight":0,"CFrame":[0,0,0,1,0,0,0,1,0,0,0,1],"EasingStyle":"Linear","EasingDirection":"In"},"Right Leg":{"Weight":1,"CFrame":[0.09871402382850647,0.6870071887969971,0.28805267810821535,0.7382519841194153,-0.029986467212438585,-0.673858106136322,0.10605600476264954,0.9917460680007935,0.072058767080307,0.6661352515220642,-0.12466447800397873,0.7353388071060181],"EasingStyle":"Linear","EasingDirection":"In"}}},{"Time":0.4333333373069763,"poses":{"Left Leg":{"Weight":1,"CFrame":[-0.7829709053039551,-0.022351205348968507,-0.028017401695251466,0.9500578045845032,-0.31201791763305666,-0.005954664666205645,0.3117406964302063,0.9497502446174622,-0.02814355678856373,0.014436944387853146,0.02488180808722973,0.9995864629745483],"EasingStyle":"Linear","EasingDirection":"In"},"Right Arm":{"Weight":1,"CFrame":[-0.24592125415802003,-0.21148884296417237,0.12509214878082276,-0.16883280873298646,-0.9092435836791992,0.3804885745048523,0.9813618063926697,-0.11912097781896591,0.1507958322763443,-0.09178603440523148,0.3988562524318695,0.912408709526062],"EasingStyle":"Linear","EasingDirection":"In"},"Head":{"Weight":1,"CFrame":[-0.0020766109228134157,0.012626633048057557,-0.0003661513328552246,0.9613592028617859,0.2594790756702423,-0.09197714924812317,-0.2619493901729584,0.9649542570114136,-0.015678375959396364,0.08468547463417053,0.039165861904621127,0.9956377744674683],"EasingStyle":"Linear","EasingDirection":"In"},"Left Arm":{"Weight":1,"CFrame":[0.058627963066101077,-0.42509549856185915,0.19009584188461305,-0.5324465036392212,0.5115798115730286,-0.6743786931037903,-0.7903356552124023,-0.5857407450675964,0.17965905368328095,-0.30310115218162539,0.6286444664001465,0.7161957621574402],"EasingStyle":"Linear","EasingDirection":"In"},"Torso":{"Weight":1,"CFrame":[0.18982696533203126,-0.018154144287109376,-0.0765981674194336,0.9641801118850708,-0.2639002501964569,0.0267140194773674,0.2650316655635834,0.9625675678253174,-0.05676186829805374,-0.01073458418250084,0.06180870160460472,0.9980303049087524],"EasingStyle":"Linear","EasingDirection":"In"},"HumanoidRootPart":{"Weight":0,"CFrame":[0,0,0,1,0,0,0,1,0,0,0,1],"EasingStyle":"Linear","EasingDirection":"In"},"Right Leg":{"Weight":1,"CFrame":[-0.05578410625457764,0.5619730949401856,0.10560035705566406,0.6965988874435425,-0.31068286299705508,-0.6467040777206421,0.4544713795185089,0.888554573059082,0.06266484409570694,0.5551627278327942,-0.337560772895813,0.7601626515388489],"EasingStyle":"Linear","EasingDirection":"In"}}},{"Time":0.46666666865348818,"poses":{"Left Leg":{"Weight":1,"CFrame":[-0.7089717984199524,0.02229464054107666,0.015529274940490723,0.9544664025306702,-0.29477331042289736,0.04586297646164894,0.2942654490470886,0.9555616974830627,0.01759246364235878,-0.04901072382926941,-0.0032954958733171226,0.9987930059432983],"EasingStyle":"Linear","EasingDirection":"In"},"Right Arm":{"Weight":1,"CFrame":[-0.2898675799369812,-0.2636241614818573,0.062326908111572269,-0.10207732021808624,-0.9532075524330139,0.2845628261566162,0.9939203858375549,-0.08586115390062332,0.0689239650964737,-0.04126589000225067,0.2898683249950409,0.9561767578125],"EasingStyle":"Linear","EasingDirection":"In"},"Head":{"Weight":1,"CFrame":[-0.010551262646913529,0.013203077018260956,-0.00067940354347229,0.9702581167221069,0.2076796144247055,-0.12437476962804795,-0.20832186937332154,0.9780279994010925,0.007964268326759339,0.12329596281051636,0.018182583153247834,0.9922035336494446],"EasingStyle":"Linear","EasingDirection":"In"},"Left Arm":{"Weight":1,"CFrame":[0.008277297019958496,-0.4328145384788513,0.11721992492675781,-0.5677144527435303,0.4410349428653717,-0.6951179504394531,-0.7248733043670654,-0.6680431962013245,0.16815930604934693,-0.39020439982414248,0.599338710308075,0.6989519596099854],"EasingStyle":"Linear","EasingDirection":"In"},"Torso":{"Weight":1,"CFrame":[0.21117782592773438,-0.01584625244140625,-0.06841373443603516,0.9747171401977539,-0.2135538011789322,0.0657380223274231,0.21705782413482667,0.9747873544692993,-0.051726870238780978,-0.05303414165973663,0.06468802690505982,0.9964953660964966],"EasingStyle":"Linear","EasingDirection":"In"},"HumanoidRootPart":{"Weight":0,"CFrame":[0,0,0,1,0,0,0,1,0,0,0,1],"EasingStyle":"Linear","EasingDirection":"In"},"Right Leg":{"Weight":1,"CFrame":[-0.3147822618484497,0.045734524726867679,-0.08571583032608032,0.5297682285308838,-0.6374865770339966,-0.5594251751899719,0.8075764179229736,0.5806918740272522,0.10304359346628189,0.2591644823551178,-0.5063675045967102,0.8224512338638306],"EasingStyle":"Linear","EasingDirection":"In"}}},{"Time":0.5,"poses":{"Left Leg":{"Weight":1,"CFrame":[-0.49808359146118166,0.06396281719207764,0.037998318672180179,0.972938060760498,-0.21059629321098329,0.09508460760116577,0.2052261233329773,0.9766706228256226,0.06321993470191956,-0.10618032515048981,-0.04199502244591713,0.9934598803520203],"EasingStyle":"Linear","EasingDirection":"In"},"Right Arm":{"Weight":1,"CFrame":[-0.3416960835456848,-0.25383561849594118,0.055640608072280887,-0.021725423634052278,-0.9753007888793945,0.21981006860733033,0.9994306564331055,-0.015509403310716153,0.029965542256832124,-0.025816302746534349,0.2203359305858612,0.9750825762748718],"EasingStyle":"Linear","EasingDirection":"In"},"Head":{"Weight":1,"CFrame":[-0.018486306071281434,0.012988481670618058,-0.0012460947036743165,0.9759787917137146,0.15941202640533448,-0.14850559830665589,-0.15997478365898133,0.9870869517326355,0.008225612342357636,0.14789918065071107,0.0157291479408741,0.988877534866333],"EasingStyle":"Linear","EasingDirection":"In"},"Left Arm":{"Weight":1,"CFrame":[-0.04930317401885986,-0.4053844213485718,0.04931321740150452,-0.6170108318328857,0.3789759576320648,-0.6896920800209045,-0.6523333191871643,-0.7365207672119141,0.17888136208057404,-0.44018080830574038,0.5602807998657227,0.7016599178314209],"EasingStyle":"Linear","EasingDirection":"In"},"Torso":{"Weight":1,"CFrame":[0.22472381591796876,-0.01308441162109375,-0.024474143981933595,0.9809484481811523,-0.1653175801038742,0.10203170776367188,0.17076027393341065,0.9841872453689575,-0.04707915335893631,-0.09263528138399124,0.06360518932342529,0.9936665296554565],"EasingStyle":"Linear","EasingDirection":"In"},"HumanoidRootPart":{"Weight":0,"CFrame":[0,0,0,1,0,0,0,1,0,0,0,1],"EasingStyle":"Linear","EasingDirection":"In"},"Right Leg":{"Weight":1,"CFrame":[-0.2406090497970581,0.048069894313812259,-0.05255955457687378,0.5532494187355042,-0.6695572137832642,-0.49558863043785097,0.7924302816390991,0.6064595580101013,0.06528087705373764,0.2568448781967163,-0.42883577942848208,0.8661007881164551],"EasingStyle":"Linear","EasingDirection":"In"}}},{"Time":0.5333333611488342,"poses":{"Left Leg":{"Weight":1,"CFrame":[0.021039336919784547,0.08273458480834961,-0.003627777099609375,0.9899418354034424,0.026248184964060785,0.1390192061662674,-0.04052337259054184,0.9940738081932068,0.10087303817272186,-0.13554784655570985,-0.10549204051494599,0.9851387739181519],"EasingStyle":"Linear","EasingDirection":"In"},"Right Arm":{"Weight":1,"CFrame":[-0.4005780816078186,-0.20214542746543885,0.09257489442825318,0.06534428149461746,-0.9805260896682739,0.18520066142082215,0.9964069128036499,0.07413791865110398,0.040953628718853,-0.05388640612363815,0.18185915052890778,0.98184734582901],"EasingStyle":"Linear","EasingDirection":"In"},"Head":{"Weight":1,"CFrame":[-0.0245228111743927,0.011989118531346321,-0.0018364787101745606,0.9807863831520081,0.11549631506204605,-0.1572226881980896,-0.11865173280239105,0.9928773045539856,-0.010802272707223893,0.1548551619052887,0.029249470680952073,0.9875043630599976],"EasingStyle":"Linear","EasingDirection":"In"},"Left Arm":{"Weight":1,"CFrame":[-0.10789856314659119,-0.3510923385620117,-0.0044596195220947269,-0.6715778112411499,0.32846638560295107,-0.6641486287117004,-0.5846663117408752,-0.7855426073074341,0.2027023583650589,-0.45513617992401125,0.5244356989860535,0.7195961475372315],"EasingStyle":"Linear","EasingDirection":"In"},"Torso":{"Weight":1,"CFrame":[0.22686767578125,-0.0093536376953125,0.03761005401611328,0.9840987324714661,-0.12191932648420334,0.1291724443435669,0.12835268676280976,0.9908099174499512,-0.04267805069684982,-0.12278205901384354,0.05857905000448227,0.9907034039497376],"EasingStyle":"Linear","EasingDirection":"In"},"HumanoidRootPart":{"Weight":0,"CFrame":[0,0,0,1,0,0,0,1,0,0,0,1],"EasingStyle":"Linear","EasingDirection":"In"},"Right Leg":{"Weight":1,"CFrame":[-0.21582120656967164,-0.031602442264556888,-0.05786818265914917,0.6123733520507813,-0.6426671147346497,-0.4604102075099945,0.718502938747406,0.6953632235527039,-0.014976098202168942,0.3297768831253052,-0.321634978055954,0.8875800371170044],"EasingStyle":"Linear","EasingDirection":"In"}}},{"Time":0.5666666626930237,"poses":{"Left Leg":{"Weight":1,"CFrame":[0.12490206956863404,0.11054444313049317,-0.020832747220993043,0.9802621006965637,0.04554305225610733,0.19238649308681489,-0.0719391331076622,0.9885649085044861,0.1325298249721527,-0.18415094912052155,-0.1437540203332901,0.972328782081604],"EasingStyle":"Linear","EasingDirection":"In"},"Right Arm":{"Weight":1,"CFrame":[-0.45524781942367556,-0.14113788306713105,0.14473113417625428,0.13992208242416383,-0.9749411344528198,0.17295069992542268,0.9829429984092712,0.1578208953142166,0.09442412108182907,-0.11935319006443024,0.1567886918783188,0.9803940653800964],"EasingStyle":"Linear","EasingDirection":"In"},"Head":{"Weight":1,"CFrame":[-0.028071962296962739,0.010346386581659317,-0.0022073984146118166,0.9857328534126282,0.07786650955677033,-0.14922411739826203,-0.08503090590238571,0.9954828023910523,-0.042238183319568637,0.14526106417179109,0.054324232041835788,0.987900972366333],"EasingStyle":"Linear","EasingDirection":"In"},"Left Arm":{"Weight":1,"CFrame":[-0.15646803379058839,-0.28472620248794558,-0.03838792443275452,-0.7187549471855164,0.2982020676136017,-0.6280661821365356,-0.5373221635818481,-0.8115218281745911,0.2296026200056076,-0.4412214457988739,0.502501904964447,0.7435157895088196],"EasingStyle":"Linear","EasingDirection":"In"},"Torso":{"Weight":1,"CFrame":[0.21693801879882813,-0.003559112548828125,0.10025501251220703,0.9857980012893677,-0.08575446158647537,0.14439032971858979,0.09207127243280411,0.9950408935546875,-0.03763764351606369,-0.14044667780399323,0.05039731413125992,0.988804817199707],"EasingStyle":"Linear","EasingDirection":"In"},"HumanoidRootPart":{"Weight":0,"CFrame":[0,0,0,1,0,0,0,1,0,0,0,1],"EasingStyle":"Linear","EasingDirection":"In"},"Right Leg":{"Weight":1,"CFrame":[0.1423090100288391,0.218028724193573,0.1495305299758911,0.8274437189102173,-0.3021354675292969,-0.47333937883377077,0.2970849275588989,0.9508261680603027,-0.0875852033495903,0.4765261709690094,-0.06814981251955033,0.8765152096748352],"EasingStyle":"Linear","EasingDirection":"In"}}},{"Time":0.6000000238418579,"poses":{"Left Leg":{"Weight":1,"CFrame":[-0.13081829249858857,0.22990500926971436,0.030288338661193849,0.9570866227149963,-0.1219993606209755,0.2628720700740814,0.07947584241628647,0.9827908873558044,0.16675163805484773,-0.2786921560764313,-0.13870365917682649,0.9503116011619568],"EasingStyle":"Linear","EasingDirection":"In"},"Right Arm":{"Weight":1,"CFrame":[-0.49927616119384768,-0.0927310585975647,0.1936764121055603,0.1887115091085434,-0.9661961197853088,0.17565147578716279,0.9576206803321838,0.22068659961223603,0.1850966066122055,-0.2176033854484558,0.13327760994434358,0.9668949246406555],"EasingStyle":"Linear","EasingDirection":"In"},"Head":{"Weight":1,"CFrame":[-0.029202573001384736,0.008266426622867585,-0.002265840768814087,0.9905433654785156,0.04922705888748169,-0.12806488573551179,-0.05976129323244095,0.9950215220451355,-0.07975764572620392,0.12350103259086609,0.08665668964385987,0.9885538220405579],"EasingStyle":"Linear","EasingDirection":"In"},"Left Arm":{"Weight":1,"CFrame":[-0.1833193600177765,-0.223943293094635,-0.05114603042602539,-0.7469142079353333,0.29974761605262759,-0.593524158000946,-0.5266332030296326,-0.8116209506988525,0.2528427243232727,-0.4059274196624756,0.5014211535453796,0.7640678882598877],"EasingStyle":"Linear","EasingDirection":"In"},"Torso":{"Weight":1,"CFrame":[0.19692611694335938,0.00554656982421875,0.1452932357788086,0.9871932864189148,-0.058872535824775699,0.14826811850070954,0.06412282586097717,0.9974642395973206,-0.030879229307174684,-0.14607420563697816,0.03999112918972969,0.9884651303291321],"EasingStyle":"Linear","EasingDirection":"In"},"HumanoidRootPart":{"Weight":0,"CFrame":[0,0,0,1,0,0,0,1,0,0,0,1],"EasingStyle":"Linear","EasingDirection":"In"},"Right Leg":{"Weight":1,"CFrame":[0.27901700139045718,0.15711379051208497,0.2151990532875061,0.875545084476471,-0.022738918662071229,-0.4826011061668396,-0.023817436769604684,0.9956459403038025,-0.09012369811534882,0.482549250125885,0.0904020443558693,0.8711912631988525],"EasingStyle":"Linear","EasingDirection":"In"}}},{"Time":0.6333333253860474,"poses":{"Left Leg":{"Weight":1,"CFrame":[-0.3159791827201843,0.40752482414245608,0.07241576910018921,0.9173485636711121,-0.237840473651886,0.3192245662212372,0.1735920011997223,0.9606393575668335,0.21688126027584077,-0.35824257135391238,-0.1435404121875763,0.9225282073020935],"EasingStyle":"Linear","EasingDirection":"In"},"Right Arm":{"Weight":1,"CFrame":[-0.5467921495437622,-0.03248809278011322,0.2544131875038147,0.22753360867500306,-0.953561007976532,0.1973581612110138,0.9051719307899475,0.2818383276462555,0.31816810369491579,-0.3590157926082611,0.10624910891056061,0.9272643327713013],"EasingStyle":"Linear","Easin