{"Sequence":[{"Time":0,"poses":{"Left Leg":{"Weight":1,"CFrame":[-0.625571072101593,0.27527105808258059,-0.07534033060073853,0.966302752494812,-0.14801116287708283,-0.21059845387935639,0.20203742384910584,0.9430615901947022,0.2642267048358917,0.15949875116348267,-0.29787173867225649,0.941186785697937],"EasingStyle":"Linear","EasingDirection":"In"},"Right Arm":{"Weight":1,"CFrame":[0.3149459660053253,-0.15850481390953065,0.3047071695327759,0.03643932566046715,-0.3993924856185913,0.9160556197166443,0.2529469132423401,0.8905004858970642,0.37818872928619387,-0.9667937159538269,0.21793235838413239,0.13347432017326356],"EasingStyle":"Linear","EasingDirection":"In"},"Left Arm":{"Weight":1,"CFrame":[-0.5070794224739075,-0.7402148246765137,0.15956497192382813,-0.8724667429924011,0.45875969529151919,0.1683482974767685,-0.36267754435539248,-0.8387688398361206,0.40611833333969118,0.3275160491466522,0.29326850175857546,0.8981797099113464],"EasingStyle":"Linear","EasingDirection":"In"},"Head":{"Weight":1,"CFrame":[8.742279078433057e-8,-2.9802322387695315e-8,0,0.9999500513076782,0.0099968072026968,0.00007595878560096025,-0.009927477687597275,0.9920626282691956,0.12535226345062257,0.0011777665931731463,-0.12534676492214204,0.9921122789382935],"EasingStyle":"Linear","EasingDirection":"In"},"Torso":{"Weight":1,"CFrame":[0,-0.12594926357269288,-0.22984766960144044,1,0,-8.742277657347586e-8,-1.3763544082223689e-8,0.9875290989875794,-0.15743659436702729,8.633253401058028e-8,0.15743659436702729,0.9875290989875794],"EasingStyle":"Linear","EasingDirection":"In"},"HumanoidRootPart":{"Weight":0,"CFrame":[0,0,0,1,0,0,0,1,0,0,0,1],"EasingStyle":"Linear","EasingDirection":"In"},"Right Leg":{"Weight":1,"CFrame":[0.6833407878875732,0.2610841989517212,-0.12293219566345215,0.9457120895385742,0.16121293604373933,0.28220391273498537,-0.21780022978782655,0.9588494896888733,0.18212828040122987,-0.2412295639514923,-0.23370501399040223,0.9419077634811401],"EasingStyle":"Linear","EasingDirection":"In"}}},{"Time":0.03333333507180214,"poses":{"Left Leg":{"Weight":1,"CFrame":[-0.49062833189964297,0.2336607575416565,-0.015328764915466309,0.9863944053649902,-0.07094857096672058,-0.14829818904399873,0.1067662313580513,0.9624167084693909,0.24971000850200654,0.12500804662704469,-0.2621457874774933,0.9568973779678345],"EasingStyle":"Linear","EasingDirection":"In"},"Right Arm":{"Weight":1,"CFrame":[0.3178410828113556,-0.12675213813781739,0.32958686351776125,-0.08163410425186157,-0.4483506679534912,0.8901222348213196,0.46125170588493349,0.7747089862823486,0.4325193166732788,-0.8835059404373169,0.4458785653114319,0.14355985820293427],"EasingStyle":"Linear","EasingDirection":"In"},"Left Arm":{"Weight":1,"CFrame":[-0.4734663963317871,-0.6722647547721863,0.17734742164611817,-0.8121744990348816,0.5423615574836731,0.2149800956249237,-0.4606193006038666,-0.822256863117218,0.3342508375644684,0.35805365443229678,0.17244592308998109,0.9176382422447205],"EasingStyle":"Linear","EasingDirection":"In"},"Head":{"Weight":1,"CFrame":[9.033828973770142e-8,4.773028194904327e-9,1.1920928955078126e-7,0.9994334578514099,0.022376814857125284,-0.02514098770916462,-0.01914997771382332,0.992348849773407,0.12197133153676987,0.027677960693836213,-0.12142077833414078,0.9922151565551758],"EasingStyle":"Linear","EasingDirection":"In"},"Torso":{"Weight":1,"CFrame":[-0.01571911945939064,-0.14802482724189759,-0.1699991226196289,0.9993688464164734,0.03277689963579178,-0.013694985769689083,-0.034746717661619189,0.9821181893348694,-0.1850310117006302,0.007385351695120335,0.18539008498191834,0.9826372265815735],"EasingStyle":"Linear","EasingDirection":"In"},"HumanoidRootPart":{"Weight":0,"CFrame":[0,0,0,1,0,0,0,1,0,0,0,1],"EasingStyle":"Linear","EasingDirection":"In"},"Right Leg":{"Weight":1,"CFrame":[0.5899345874786377,0.25076615810394289,-0.10038357973098755,0.9612195491790772,0.06007153168320656,0.26916244626045229,-0.11710850149393082,0.972532331943512,0.2011626958847046,-0.2496849149465561,-0.22488273680210114,0.9418519735336304],"EasingStyle":"Linear","EasingDirection":"In"}}},{"Time":0.06666667014360428,"poses":{"Left Leg":{"Weight":1,"CFrame":[-0.36261093616485598,0.20201987028121949,0.03574693202972412,0.9987121224403381,-0.05013395473361015,-0.007790430914610624,0.0506158173084259,0.973994791507721,0.22084425389766694,-0.003483991604298353,-0.22095420956611634,0.9752779603004456],"EasingStyle":"Linear","EasingDirection":"In"},"Right Arm":{"Weight":1,"CFrame":[0.3187789022922516,-0.11861568689346314,0.336567759513855,-0.1394185870885849,-0.43211352825164797,0.8909772634506226,0.7129847407341003,0.5805928707122803,0.39314720034599306,-0.6871791481971741,0.6900650858879089,0.2271447777748108],"EasingStyle":"Linear","EasingDirection":"In"},"Left Arm":{"Weight":1,"CFrame":[-0.3867802321910858,-0.5955230593681336,0.19263577461242677,-0.5782886147499085,0.7522131204605103,0.31584426760673525,-0.6909524202346802,-0.6574235558509827,0.30063122510910036,0.433782160282135,-0.04438188672065735,0.8999240398406982],"EasingStyle":"Linear","EasingDirection":"In"},"Head":{"Weight":1,"CFrame":[8.754432201385498e-8,6.845220923423767e-8,1.1920928955078126e-7,0.9963778257369995,0.045033641159534457,-0.07213283330202103,-0.03660766780376434,0.9927890300750732,0.1141483411192894,0.07675318419933319,-0.11109426617622376,0.9908415675163269],"EasingStyle":"Linear","EasingDirection":"In"},"Torso":{"Weight":1,"CFrame":[-0.05293303728103638,-0.1549522578716278,-0.16083884239196778,0.9959623217582703,0.07776154577732086,-0.04485732689499855,-0.0850336104631424,0.9773706197738648,-0.19369031488895417,0.028780577704310418,0.1967226266860962,0.9800366759300232],"EasingStyle":"Linear","EasingDirection":"In"},"HumanoidRootPart":{"Weight":0,"CFrame":[0,0,0,1,0,0,0,1,0,0,0,1],"EasingStyle":"Linear","EasingDirection":"In"},"Right Leg":{"Weight":1,"CFrame":[0.5417392253875732,0.27988332509994509,-0.07772022485733032,0.9838570952415466,0.025203833356499673,0.17717227339744569,-0.06492503732442856,0.9728503227233887,0.22214177250862122,-0.16676320135593415,-0.2300586700439453,0.9587820768356323],"EasingStyle":"Linear","EasingDirection":"In"}}},{"Time":0.10000000149011612,"poses":{"Left Leg":{"Weight":1,"CFrame":[-0.2018948644399643,0.17115074396133424,0.07472836971282959,0.9743335843086243,-0.04987633600831032,0.2195141762495041,0.010517431423068047,0.9841668605804443,0.17693212628364564,-0.22486330568790437,-0.17008216679096223,0.9594313502311707],"EasingStyle":"Linear","EasingDirection":"In"},"Right Arm":{"Weight":1,"CFrame":[0.31934988498687746,-0.10536730289459229,0.34498000144958498,-0.18946506083011628,-0.39297619462013247,0.8998182415962219,0.8829795718193054,0.3326495289802551,0.33119693398475649,-0.4294764995574951,0.8572712540626526,0.2839643657207489],"EasingStyle":"Linear","EasingDirection":"In"},"Left Arm":{"Weight":1,"CFrame":[-0.26825016736984255,-0.5078098177909851,0.20819556713104249,-0.061040423810482028,0.8874931335449219,0.4567602574825287,-0.9103201031684876,-0.2371867299079895,0.33920472860336306,0.4093793034553528,-0.39509284496307375,0.8223808407783508],"EasingStyle":"Linear","EasingDirection":"In"},"Head":{"Weight":1,"CFrame":[9.313225746154785e-8,-3.166496753692627e-8,-5.960464477539063e-8,0.9935922026634216,0.056762468069791797,-0.09773708879947663,-0.04653991386294365,0.9935014843940735,0.10386953502893448,0.10299784690141678,-0.09865526109933853,0.9897770285606384],"EasingStyle":"Linear","EasingDirection":"In"},"Torso":{"Weight":1,"CFrame":[-0.1012902706861496,-0.15296584367752076,-0.1726686954498291,0.9881007075309753,0.12864358723163606,-0.0843082070350647,-0.14274656772613526,0.9711143970489502,-0.19120728969573975,0.05727531760931015,0.2009667605161667,0.977922260761261],"EasingStyle":"Linear","EasingDirection":"In"},"HumanoidRootPart":{"Weight":0,"CFrame":[0,0,0,1,0,0,0,1,0,0,0,1],"EasingStyle":"Linear","EasingDirection":"In"},"Right Leg":{"Weight":1,"CFrame":[0.4690623879432678,0.3259201645851135,-0.01292508840560913,0.9996297359466553,0.015605696476995945,-0.022290877997875215,-0.010486609302461148,0.9768592119216919,0.21362605690956117,0.025108831003308297,-0.21331316232681275,0.9766611456871033],"EasingStyle":"Linear","EasingDirection":"In"}}},{"Time":0.13333334028720857,"poses":{"Left Leg":{"Weight":1,"CFrame":[-0.07257403433322907,0.17442858219146729,0.09958171844482422,0.8712158799171448,-0.10168641805648804,0.48025277256965639,0.02881794236600399,0.9872176647186279,0.15675069391727448,-0.4900534749031067,-0.12272381037473679,0.8630101084709168],"EasingStyle":"Linear","EasingDirection":"In"},"Right Arm":{"Weight":1,"CFrame":[0.32016539573669436,-0.06876552104949951,0.36620426177978518,-0.2718464434146881,-0.3449491858482361,0.8983928561210632,0.9276571869850159,0.15443995594978333,0.34000062942504885,-0.2560306489467621,0.9258284568786621,0.2780104875564575],"EasingStyle":"Linear","EasingDirection":"In"},"Left Arm":{"Weight":1,"CFrame":[-0.1391054093837738,-0.4069446921348572,0.2267930507659912,0.548304557800293,0.6325475573539734,0.5470335483551025,-0.827250063419342,0.3143906593322754,0.4656349718570709,0.12255394458770752,-0.7078433036804199,0.6956568360328674],"EasingStyle":"Linear","EasingDirection":"In"},"Head":{"Weight":1,"CFrame":[1.4156103134155274e-7,-3.725290298461914e-9,0,0.9951980710029602,0.01047083642333746,-0.09731991589069367,-0.0016150512965396047,0.9958829879760742,0.09063348174095154,0.09786822646856308,-0.09004109352827072,0.9911177754402161],"EasingStyle":"Linear","EasingDirection":"In"},"Torso":{"Weight":1,"CFrame":[-0.14980237185955048,-0.13718295097351075,-0.22570037841796876,0.9760827422142029,0.1798911839723587,-0.12207237631082535,-0.1992623507976532,0.9648261666297913,-0.17147871851921082,0.08693111687898636,0.19170184433460236,0.9775957465171814],"EasingStyle":"Linear","EasingDirection":"In"},"HumanoidRootPart":{"Weight":0,"CFrame":[0,0,0,1,0,0,0,1,0,0,0,1],"EasingStyle":"Linear","EasingDirection":"In"},"Right Leg":{"Weight":1,"CFrame":[0.38080906867980959,0.4042770266532898,0.06913411617279053,0.9623776078224182,0.02760430797934532,-0.2703097462654114,0.02414950169622898,0.9821994304656982,0.186282217502594,0.2706402540206909,-0.1858016699552536,0.9445801377296448],"EasingStyle":"Linear","EasingDirection":"In"}}},{"Time":0.1666666716337204,"poses":{"Left Leg":{"Weight":1,"CFrame":[0.0010665655136108399,0.2022559642791748,0.11505591869354248,0.7532456517219544,-0.174800306558609,0.634086549282074,0.06963296979665756,0.9798144698143005,0.1873893439769745,-0.6540429592132568,-0.09699691087007523,0.7502129077911377],"EasingStyle":"Linear","EasingDirection":"In"},"Right Arm":{"Weight":1,"CFrame":[0.31286877393722536,-0.02758684754371643,0.3851510286331177,-0.379698783159256,-0.315545916557312,0.8696319460868836,0.872151792049408,0.1913910061120987,0.4502451419830322,-0.3085126578807831,0.9294085502624512,0.20253290235996247],"EasingStyle":"Linear","EasingDirection":"In"},"Left Arm":{"Weight":1,"CFrame":[-0.020575284957885743,-0.2995932102203369,0.24844801425933839,0.8265791535377502,0.1489115208387375,0.5427635908126831,-0.5029629468917847,0.6282155513763428,0.5936103463172913,-0.25257715582847597,-0.7636560201644898,0.5941669344902039],"EasingStyle":"Linear","EasingDirection":"In"},"Head":{"Weight":1,"CFrame":[1.1920928955078126e-7,-5.21540641784668e-8,-5.960464477539063e-8,0.9914654493331909,-0.09094933420419693,-0.09340488165616989,0.09817156940698624,0.9922727346420288,0.0758756622672081,0.08578226715326309,-0.08439779281616211,0.99273282289505],"EasingStyle":"Linear","EasingDirection":"In"},"Torso":{"Weight":1,"CFrame":[-0.18772253394126893,-0.10799801349639893,-0.29358744621276858,0.9626962542533875,0.22620905935764314,-0.14847694337368012,-0.24633441865444184,0.9597369432449341,-0.13499750196933747,0.11196113377809525,0.16653656959533692,0.9796582460403442],"EasingStyle":"Linear","EasingDirection":"In"},"HumanoidRootPart":{"Weight":0,"CFrame":[0,0,0,1,0,0,0,1,0,0,0,1],"EasingStyle":"Linear","EasingDirection":"In"},"Right Leg":{"Weight":1,"CFrame":[0.3458940386772156,0.49708712100982668,0.09622395038604737,0.9200254082679749,0.047149550169706348,-0.3890116810798645,0.03317093476653099,0.9798007607460022,0.1972057819366455,0.39045220613479617,-0.19433823227882386,0.899877667427063],"EasingStyle":"Linear","EasingDirection":"In"}}},{"Time":0.20000000298023225,"poses":{"Left Leg":{"Weight":1,"CFrame":[0.33813515305519106,0.09948647022247315,-0.1453353762626648,0.7295902371406555,-0.03857290744781494,0.6827958822250366,-0.13374175131320954,0.9710826873779297,0.19776640832424165,-0.6706796884536743,-0.23560672998428346,0.7033336758613586],"EasingStyle":"Linear","EasingDirection":"In"},"Right Arm":{"Weight":1,"CFrame":[0.2993176579475403,0.006834805011749268,0.3987048864364624,-0.49645623564720156,-0.318223774433136,0.8076291680335999,0.7537834644317627,0.30338412523269656,0.5828968286514282,-0.4305133521556854,0.8981601595878601,0.08925478905439377],"EasingStyle":"Linear","EasingDirection":"In"},"Left Arm":{"Weight":1,"CFrame":[0.06611096858978272,-0.22108232975006104,0.26428544521331789,0.8484218120574951,-0.1772599071264267,0.49875780940055849,-0.24630677700042725,0.7018223404884338,0.6684147715568543,-0.4685225486755371,-0.6899451017379761,0.5517811179161072],"EasingStyle":"Linear","EasingDirection":"In"},"Head":{"Weight":1,"CFrame":[1.30385160446167e-7,-7.450580596923828e-9,-1.1920928955078126e-7,0.9778624773025513,-0.19123269617557527,-0.08494126051664353,0.19682873785495759,0.9783976674079895,0.06321778893470764,0.07101703435182572,-0.07853718847036362,0.9943784475326538],"EasingStyle":"Linear","EasingDirection":"In"},"Torso":{"Weight":1,"CFrame":[-0.20679450035095216,-0.08066412806510925,-0.20218777656555177,0.9526423811912537,0.2604525089263916,-0.1569618582725525,-0.27780118584632876,0.9553322792053223,-0.10083013027906418,0.12368927150964737,0.13965924084186555,0.9824440479278565],"EasingStyle":"Linear","EasingDirection":"In"},"HumanoidRootPart":{"Weight":0,"CFrame":[0,0,0,1,0,0,0,1,0,0,0,1],"EasingStyle":"Linear","EasingDirection":"In"},"Right Leg":{"Weight":1,"CFrame":[0.273235559463501,0.41160959005355837,0.07946813106536865,0.9212833046913147,0.003213913179934025,-0.3888787627220154,0.08526534587144852,0.973965585231781,0.2100495994091034,0.3794296085834503,-0.22667312622070313,0.8970242142677307],"EasingStyle":"Linear","EasingDirection":"In"}}},{"Time":0.23333333432674409,"poses":{"Left Leg":{"Weight":1,"CFrame":[0.34330034255981448,0.10374587774276734,-0.15157222747802735,0.7186969518661499,-0.05568576976656914,0.6930899620056152,-0.12380558997392655,0.9706114530563355,0.2063627541065216,-0.6842125654220581,-0.23412074148654939,0.6906813979148865],"EasingStyle":"Linear","EasingDirection":"In"},"Right Arm":{"Weight":1,"CFrame":[0.29202088713645937,0.02125239372253418,0.4038851261138916,-0.5448166728019714,-0.3297736346721649,0.7709891200065613,0.6813839077949524,0.36180269718170168,0.6362505555152893,-0.4887644946575165,0.8719794750213623,0.027586357668042184],"EasingStyle":"Linear","EasingDirection":"In"},"Left Arm":{"Weight":1,"CFrame":[0.09972406923770905,-0.19063901901245118,0.27042627334594729,0.8311852216720581,-0.2832781672477722,0.4784187078475952,-0.1573139727115631,0.7054892182350159,0.6910406947135925,-0.5332761406898499,-0.6496448516845703,0.5418286323547363],"EasingStyle":"Linear","EasingDirection":"In"},"Head":{"Weight":1,"CFrame":[6.332993507385254e-8,-2.2351741790771486e-8,0,0.968913733959198,-0.236428901553154,-0.07285328954458237,0.2406318038702011,0.9690266251564026,0.055531177669763568,0.057467587292194369,-0.07133574038743973,0.995795488357544],"EasingStyle":"Linear","EasingDirection":"In"},"Torso":{"Weight":1,"CFrame":[-0.19993919134140016,-0.07051345705986023,-0.11902451515197754,0.9508659839630127,0.27489107847213747,-0.14243872463703156,-0.28880465030670168,0.9533220529556274,-0.0881417915225029,0.11156058311462403,0.12494799494743347,0.9858713150024414],"EasingStyle":"Linear","EasingDirection":"In"},"HumanoidRootPart":{"Weight":0,"CFrame":[0,0,0,1,0,0,0,1,0,0,0,1],"EasingStyle":"Linear","EasingDirection":"In"},"Right Leg":{"Weight":1,"CFrame":[0.17969253659248353,0.3018110990524292,0.06232321262359619,0.9248249530792236,-0.0528886541724205,-0.37669819593429568,0.13413642346858979,0.972017765045166,0.1928441971540451,0.35595810413360598,-0.22887615859508515,0.906040608882904],"EasingStyle":"Linear","EasingDirection":"In"}}},{"Time":0.2666666805744171,"poses":{"Left Leg":{"Weight":1,"CFrame":[0.2913433313369751,0.1090356707572937,-0.07835620641708374,0.8057419061660767,-0.04994228109717369,0.5901573300361633,-0.09893693029880524,0.9710874557495117,0.21725723147392274,-0.5839447379112244,-0.233441561460495,0.7775047421455383],"EasingStyle":"Linear","EasingDirection":"In"},"Right Arm":{"Weight":1,"CFrame":[0.3795766234397888,-0.07702019810676575,0.31623876094818118,-0.48443299531936648,-0.3231714069843292,0.8129482865333557,0.7904024124145508,0.23659886419773103,0.5650531053543091,-0.3749515414237976,0.9162866473197937,0.14081905782222749],"EasingStyle":"Linear","EasingDirection":"In"},"Left Arm":{"Weight":1,"CFrame":[0.08638380467891693,-0.1908666491508484,0.25704240798950198,0.848150372505188,-0.25661852955818179,0.4634521007537842,-0.16479477286338807,0.7036293148994446,0.6911935210227966,-0.5034715533256531,-0.6626105308532715,0.5544940233230591],"EasingStyle":"Linear","EasingDirection":"In"},"Head":{"Weight":1,"CFrame":[7.078051567077637e-8,5.21540641784668e-8,4.76837158203125e-7,0.9763911962509155,-0.20776169002056123,-0.05912152677774429,0.2108859270811081,0.9760918021202087,0.05264856293797493,0.04676969349384308,-0.06387348473072052,0.996861457824707],"EasingStyle":"Linear","EasingDirection":"In"},"Torso":{"Weight":1,"CFrame":[-0.16795511543750764,-0.07799364626407623,-0.0936284065246582,0.9544716477394104,0.2766712009906769,-0.11152100563049317,-0.2875730097293854,0.9527838826179504,-0.0974920317530632,0.07928217202425003,0.12512381374835969,0.9889683127403259],"EasingStyle":"Linear","EasingDirection":"In"},"HumanoidRootPart":{"Weight":0,"CFrame":[0,0,0,1,0,0,0,1,0,0,0,1],"EasingStyle":"Linear","EasingDirection":"In"},"Right Leg":{"Weight":1,"CFrame":[0.22763536870479585,0.2490481734275818,0.05823636054992676,0.9703323245048523,-0.06731308996677399,-0.23221558332443238,0.1118435338139534,0.9764876365661621,0.18429015576839448,0.21435055136680604,-0.20479454100131989,0.9550461173057556],"EasingStyle":"Linear","EasingDirection":"In"}}},{"Time":0.30000001192092898,"poses":{"Left Leg":{"Weight":1,"CFrame":[0.10890105366706848,0.09966808557510376,0.07446205615997315,0.9738190770149231,-0.008361196145415306,0.22717060148715974,-0.03807694464921951,0.9792054295539856,0.19926594197750092,-0.2241128385066986,-0.2026989459991455,0.953250527381897],"EasingStyle":"Linear","EasingDirection":"In"},"Right Arm":{"Weight":1,"CFrame":[0.5421801209449768,-0.2946842610836029,0.12360358238220215,-0.35760512948036196,-0.33765721321105959,0.8706929683685303,0.9268395304679871,-0.014112521894276142,0.3751923739910126,-0.11439865827560425,0.9411633610725403,0.3180006444454193],"EasingStyle":"Linear","EasingDirection":"In"},"Left Arm":{"Weight":1,"CFrame":[-0.006998598575592041,-0.19246137142181397,0.20754241943359376,0.9428750872612,0.027474505826830865,0.33201155066490176,-0.27042892575263979,0.6451467871665955,0.7146003842353821,-0.19456295669078828,-0.7635645270347595,0.6157228350639343],"EasingStyle":"Linear","EasingDirection":"In"},"Head":{"Weight":1,"CFrame":[8.568167686462403e-8,4.0978193283081057e-8,0,0.9894621968269348,-0.13738547265529633,-0.045714281499385837,0.1396949738264084,0.9888349175453186,0.05187313258647919,0.03807726129889488,-0.05771256238222122,0.9976068139076233],"EasingStyle":"Linear","EasingDirection":"In"},"Torso":{"Weight":1,"CFrame":[-0.12008991837501526,-0.09272810816764832,-0.0944972038269043,0.968750536441803,0.23695890605449677,-0.07329986244440079,-0.24426305294036866,0.9627566933631897,-0.1159101128578186,0.04310399666428566,0.13019242882728578,0.9905513525009155],"EasingStyle":"Linear","EasingDirection":"In"},"HumanoidRootPart":{"Weight":0,"CFrame":[0,0,0,1,0,0,0,1,0,0,0,1],"EasingStyle":"Linear","EasingDirection":"In"},"Right Leg":{"Weight":1,"CFrame":[0.43881794810295107,0.22636282444000245,-0.008226454257965088,0.9888120293617249,-0.03460177779197693,0.14509834349155427,0.005569159984588623,0.9806092381477356,0.19589416682720185,-0.14906300604343415,-0.19289441406726838,0.9698308706283569],"EasingStyle":"Linear","EasingDirection":"In"}}},{"Time":0.3333333432674408,"poses":{"Left Leg":{"Weight":1,"CFrame":[-0.4470687508583069,0.12127751111984253,0.053223490715026858,0.9633445739746094,-0.12069536000490189,-0.23958280682563783,0.16299808025360108,0.9726632833480835,0.1654016226530075,0.21307004988193513,-0.19839033484458924,0.9566830396652222],"EasingStyle":"Linear","EasingDirection":"In"},"Right Arm":{"Weight":1,"CFrame":[0.6297356486320496,-0.5160068869590759,-0.06856602430343628,-0.2876487970352173,-0.3594921827316284,0.8877069354057312,0.9569078683853149,-0.14641283452510835,0.2507799565792084,0.039818327873945239,0.921590268611908,0.38611629605293276],"EasingStyle":"Linear","EasingDirection":"In"},"Left Arm":{"Weight":1,"CFrame":[-0.5784240365028381,-0.24136942625045777,0.10668754577636719,0.33820152282714846,0.9410591125488281,0.00524967210367322,-0.4706127643585205,0.16429457068443299,0.866908848285675,0.8149499297142029,-0.2956603765487671,0.49843910336494448],"EasingStyle":"Linear","EasingDirection":"In"},"Head":{"Weight":1,"CFrame":[9.73232090473175e-8,1.210719347000122e-8,1.1920928955078126e-7,0.9980576634407044,-0.05210408940911293,-0.03414809703826904,0.053828079253435138,0.9972120523452759,0.05167807266116142,0.03136024996638298,-0.05341583490371704,0.998079776763916],"EasingStyle":"Linear","EasingDirection":"In"},"Torso":{"Weight":1,"CFrame":[-0.06931076943874359,-0.10850197076797486,-0.10978960990905762,0.9896185398101807,0.1392350196838379,-0.035618916153907779,-0.14282125234603883,0.9804117679595947,-0.13562746345996858,0.016037113964557649,0.13930658996105195,0.990119457244873],"EasingStyle":"Linear","EasingDirection":"In"},"HumanoidRootPart":{"Weight":0,"CFrame":[0,0,0,1,0,0,0,1,0,0,0,1],"EasingStyle":"Linear","EasingDirection":"In"},"Right Leg":{"Weight":1,"CFrame":[0.5947635173797607,0.198195219039917,-0.14229816198349,0.8770164847373962,-0.0009140531183220446,0.4804595708847046,-0.09135761857032776,0.9814367890357971,0.16862864792346955,-0.471694678068161,-0.19178371131420136,0.8606526255607605],"EasingStyle":"Linear","EasingDirection":"In"}}},{"Time":0.36666667461395266,"poses":{"Left Leg":{"Weight":1,"CFrame":[-0.6882754564285278,0.2022598385810852,-0.1445826292037964,0.8721213340759277,-0.12408863753080368,-0.4732931852340698,0.22959637641906739,0.9579846262931824,0.1719038039445877,0.4320763051509857,-0.25858739018440249,0.8639691472053528],"EasingStyle":"Linear","EasingDirection":"In"},"Right Arm":{"Weight":1,"CFrame":[0.5362318158149719,-0.6478428244590759,-0.17697876691818238,-0.395877480506897,-0.20602010190486909,0.8948948383331299,0.9111653566360474,0.03314467519521713,0.4107056260108948,-0.1142745241522789,0.9779862761497498,0.1745970994234085],"EasingStyle":"Linear","EasingDirection":"In"},"Left Arm":{"Weight":1,"CFrame":[-0.9481011033058167,-0.38890716433525088,-0.04879152774810791,-0.7303126454353333,0.679638683795929,0.06880989670753479,-0.12269123643636704,-0.22959329187870027,0.9655225872993469,0.6720046997070313,0.6966908574104309,0.25106048583984377],"EasingStyle":"Linear","EasingDirection":"In"},"Head":{"Weight":1,"CFrame":[9.022187441587448e-8,3.6670826375484468e-9,0,0.9994684457778931,0.01963474415242672,-0.026024870574474336,-0.01827450469136238,0.9985051155090332,0.05151240900158882,0.0269974023103714,-0.0510094091296196,0.998333215713501],"EasingStyle":"Linear","EasingDirection":"In"},"Torso":{"Weight":1,"CFrame":[-0.02675504796206951,-0.11929202079772949,-0.18184328079223634,0.9997063875198364,0.02389337494969368,-0.004034603014588356,-0.024227885529398919,0.988523006439209,-0.14911502599716187,0.0004254365339875221,0.1491689831018448,0.9888116121292114],"EasingStyle":"Linear","EasingDirection":"In"},"HumanoidRootPart":{"Weight":0,"CFrame":[0,0,0,1,0,0,0,1,0,0,0,1],"EasingStyle":"Linear","EasingDirection":"In"},"Right Leg":{"Weight":1,"CFrame":[0.7038629651069641,0.21130841970443726,-0.20662301778793336,0.8385496139526367,0.09292822331190109,0.536841630935669,-0.17804314196109773,0.9779879450798035,0.10881275683641434,-0.5149127244949341,-0.18682578206062318,0.8366366028785706],"EasingStyle":"Linear","EasingDirection":"In"}}},{"Time":0.4000000059604645,"poses":{"Left Leg":{"Weight":1,"CFrame":[-0.8084820508956909,0.32550328969955447,-0.30737704038619997,0.8313285112380981,-0.13874097168445588,-0.538185715675354,0.2875717878341675,0.9360184073448181,0.20290884375572205,0.4755999743938446,-0.3234509825706482,0.8180367946624756],"EasingStyle":"Linear","EasingDirection":"In"},"Right Arm":{"Weight":1,"CFrame":[0.4427277147769928,-0.687391459941864,-0.2069988250732422,-0.516478955745697,-0.0712444856762886,0.8533309102058411,0.8236236572265625,0.23133160173892976,0.5178124904632568,-0.2342936247587204,0.9702628254890442,-0.060799308121204379],"EasingStyle":"Linear","EasingDirection":"In"},"Left Arm":{"Weight":1,"CFrame":[-1.0053770542144776,-0.4823266863822937,-0.1960098147392273,-0.9386048913002014,0.3159942626953125,0.13845022022724152,0.04187171161174774,-0.29400306940078738,0.9548869132995606,0.34244367480278017,0.9020586609840393,0.2627214193344116],"EasingStyle":"Linear","EasingDirection":"In"},"Head":{"Weight":1,"CFrame":[8.381903171539307e-8,-5.034962669014931e-8,2.384185791015625e-7,0.9985030889511108,0.04964346066117287,-0.022959798574447633,-0.04841087386012077,0.9975020289421082,0.05143990367650986,0.025456098839640619,-0.05025140568614006,0.9984121322631836],"EasingStyle":"Linear","EasingDirection":"In"},"Torso":{"Weight":1,"CFrame":[-0.004346437752246857,-0.12260201573371887,-0.31216979026794436,0.9977591633796692,-0.06522491574287415,0.014913766644895077,0.06674236804246903,0.9859305620193481,-0.1532524973154068,-0.004708056338131428,0.15390446782112122,0.988074541091919],"EasingStyle":"Linear","EasingDirection":"In"},"HumanoidRootPart":{"Weight":0,"CFrame":[0,0,0,1,0,0,0,1,0,0,0,1],"EasingStyle":"Linear","EasingDirection":"In"},"Right Leg":{"Weight":1,"CFrame":[0.8227123618125916,0.26685237884521487,-0.21184062957763673,0.8555005788803101,0.22641241550445558,0.4656781852245331,-0.2874702215194702,0.9556849002838135,0.06346013396978378,-0.43067339062690737,-0.1881588101387024,0.88267582654953],"EasingStyle":"Linear","EasingDirection":"In"}}},{"Time":0.4333333373069763,"poses":{"Left Leg":{"Weight":1,"CFrame":[-0.8440474271774292,0.38745832443237307,-0.3752356171607971,0.8176725506782532,-0.14656028151512147,-0.5567150712013245,0.315807044506073,0.9227463603019714,0.22091880440711976,0.48132890462875368,-0.35645368695259097,0.8007891178131104],"EasingStyle":"Linear","EasingDirection":"In"},"Right Arm":{"Weight":1,"CFrame":[0.44272762537002566,-0.6873911619186401,-0.20699888467788697,-0.516478955745697,-0.07124447822570801,0.8533309698104858,0.8236237168312073,0.23133152723312379,0.5178124904632568,-0.23429356515407563,0.9702628254890442,-0.06079930439591408],"EasingStyle":"Linear","EasingDirection":"In"},"Left Arm":{"Weight":1,"CFrame":[-0.9684292078018189,-0.45250579714775088,-0.2590193748474121,-0.9697425365447998,0.21754807233810426,0.11078038811683655,0.03375834599137306,-0.3299216330051422,0.9434045553207398,0.2417847067117691,0.9185992479324341,0.3125949501991272],"EasingStyle":"Linear","EasingDirection":"In"},"Head":{"Weight":1,"CFrame":[9.685754776000977e-8,3.166496753692627e-8,2.384185791015625e-7,0.9985030889511108,0.04964346066117287,-0.022959792986512185,-0.04841086268424988,0.9975020289421082,0.05143981799483299,0.02545609511435032,-0.05025133490562439,0.9984121322631836],"EasingStyle":"Linear","EasingDirection":"In"},"Torso":{"Weight":1,"CFrame":[-0.0010578557848930359,-0.12206968665122986,-0.3852872848510742,0.9953057765960693,-0.09489204734563828,0.019024498760700227,0.09668774157762528,0.9835489988327026,-0.1525871306657791,-0.0042322245426476,0.1537102907896042,0.988106906414032],"EasingStyle":"Linear","EasingDirection":"In"},"HumanoidRootPart":{"Weight":0,"CFrame":[0,0,0,1,0,0,0,1,0,0,0,1],"EasingStyle":"Linear","EasingDirection":"In"},"Right Leg":{"Weight":1,"CFrame":[0.8769791126251221,0.3017696142196655,-0.21671652793884278,0.8510720729827881,0.284049391746521,0.44157931208610537,-0.34035006165504458,0.9388575553894043,0.05204165726900101,-0.39979758858680727,-0.19458280503749848,0.8957116603851318],"EasingStyle":"Linear","EasingDirection":"In"}}},{"Time":0.46666666865348818,"poses":{"Left Leg":{"Weight":1,"CFrame":[-0.801797091960907,0.32570910453796389,-0.21102523803710938,0.8817211389541626,-0.17345330119132996,-0.43872755765914919,0.28375205397605898,0.9379257559776306,0.199449360370636,0.3768986761569977,-0.3003484904766083,0.876206636428833],"EasingStyle":"Linear","EasingDirection":"In"},"Right Arm":{"Weight":1,"CFrame":[0.4443241357803345,-0.6170482039451599,-0.12822949886322022,-0.577263355255127,-0.12771403789520265,0.8065086603164673,0.7684195041656494,0.24914827942848206,0.5894544720649719,-0.27622178196907046,0.9600074291229248,-0.045686282217502597],"EasingStyle":"Linear","EasingDirection":"In"},"Left Arm":{"Weight":1,"CFrame":[-0.8298261761665344,-0.39998865127563479,-0.219801127910614,-0.9258590340614319,0.3657940626144409,0.09476155787706375,-0.0598667673766613,-0.38961032032966616,0.919032096862793,0.3730964958667755,0.8452209830284119,0.3826228976249695],"EasingStyle":"Linear","EasingDirection":"In"},"Head":{"Weight":1,"CFrame":[7.776543498039246e-8,-5.6505086831748488e-8,-1.7881393432617188e-7,0.9988637566566467,0.0412936806678772,-0.02379121072590351,-0.03976739943027496,0.9973205924034119,0.06140219420194626,0.02626299113035202,-0.060386303812265399,0.9978294968605042],"EasingStyle":"Linear","EasingDirection":"In"},"Torso":{"Weight":1,"CFrame":[-0.010403886437416077,-0.11838233470916748,-0.31296777725219729,0.9984232783317566,-0.05466483160853386,0.012757297605276108,0.055952440947294238,0.9874066114425659,-0.14797793328762055,-0.004507450852543116,0.14845842123031617,0.9889083504676819],"EasingStyle":"Linear","EasingDirection":"In"},"HumanoidRootPart":{"Weight":0,"CFrame":[0,0,0,1,0,0,0,1,0,0,0,1],"EasingStyle":"Linear","EasingDirection":"In"},"Right Leg":{"Weight":1,"CFrame":[0.8040397763252258,0.26538002490997317,-0.1087489128112793,0.9018316864967346,0.2501116693019867,0.3523405194282532,-0.28686395287513735,0.9563707113265991,0.05535420402884483,-0.3231232762336731,-0.15099400281906129,0.9342334270477295],"EasingStyle":"Linear","EasingDirection":"In"}}},{"Time":0.5,"poses":{"Left Leg":{"Weight":1,"CFrame":[-0.5390253663063049,0.20749014616012574,0.1027836799621582,0.9814738631248474,-0.17340537905693055,-0.0814843401312828,0.18484045565128327,0.9689069390296936,0.16447891294956208,0.050429172813892367,-0.17649339139461518,0.9830091595649719],"EasingStyle":"Linear","EasingDirection":"In"},"Right Arm":{"Weight":1,"CFrame":[0.4512889087200165,-0.44930532574653628,0.05960488319396973,-0.701751172542572,-0.2649346590042114,0.6613280773162842,0.6056527495384216,0.2669491469860077,0.7496151924133301,-0.3751400411128998,0.9265785217285156,-0.026873601600527765],"EasingStyle":"Linear","EasingDirection":"In"},"Left Arm":{"Weight":1,"CFrame":[-0.6153651475906372,-0.3422207832336426,-0.12175554037094116,-0.6216612458229065,0.7801116704940796,0.07044854760169983,-0.3645856976509094,-0.36778679490089419,0.8554590940475464,0.6932636499404907,0.5061212182044983,0.513056218624115],"EasingStyle":"Linear","EasingDirection":"In"},"Head":{"Weight":1,"CFrame":[8.568167686462403e-8,1.932494342327118e-8,-1.1920928955078126e-7,0.9995769262313843,0.012869925238192082,-0.02608366124331951,-0.01075272262096405,0.9967573881149292,0.07974423468112946,0.027025382965803148,-0.07943001389503479,0.996474027633667],"EasingStyle":"Linear","EasingDirection":"In"},"Torso":{"Weight":1,"CFrame":[-0.038329001516103747,-0.1097058653831482,-0.17857027053833009,0.9990881681442261,0.04168412834405899,-0.00923558697104454,-0.042557504028081897,0.989638090133667,-0.13713234663009644,0.0034236472565680744,0.13740034401416779,0.9905096888542175],"EasingStyle":"Linear","EasingDirection":"In"},"HumanoidRootPart":{"Weight":0,"CFrame":[0,0,0,1,0,0,0,1,0,0,0,1],"EasingStyle":"Linear","EasingDirection":"In"},"Right Leg":{"Weight":1,"CFrame":[0.5604531168937683,0.200056254863739,0.10229909420013428,0.985935628414154,0.1463358849287033,0.08072660863399506,-0.151226207613945,0.9867852330207825,0.05818591266870499,-0.07114506512880326,-0.06957557052373886,0.9950364828109741],"EasingStyle":"Linear","EasingDirection":"In"}}},{"Time":0.5333333611488342,"poses":{"Left Leg":{"Weight":1,"CFrame":[-0.059380561113357547,0.11587142944335938,0.17671096324920655,0.9227869510650635,-0.09741423279047013,0.37279313802719118,0.046801771968603137,0.98868727684021,0.14250293374061585,-0.3824576735496521,-0.114052414894104,0.9169068336486816],"EasingStyle":"Linear","EasingDirection":"In"},"Right Arm":{"Weight":1,"CFrame":[0.46688634157180788,-0.24909603595733643,0.2837941646575928,-0.7989604473114014,-0.4176575839519501,0.4326944053173065,0.36319318413734438,0.2383628934621811,0.9007073640823364,-0.4793255031108856,0.876781165599823,-0.03875225409865379],"EasingStyle":"Linear","EasingDirection":"In"},"Left Arm":{"Weight":1,"CFrame":[-0.3701133131980896,-0.2858022451400757,0.005703568458557129,0.26188337802886965,0.9479579925537109,0.18108785152435304,-0.6865664124488831,0.05112374573945999,0.7252674698829651,0.6782651543617249,-0.3142642676830292,0.6642246246337891],"EasingStyle":"Linear","EasingDirection":"In"},"Head":{"Weight":1,"CFrame":[7.078051567077637e-8,-1.4901161193847657e-8,-1.1920928955078126e-7,0.9987403154373169,-0.040755704045295718,-0.029270639643073083,0.04321794956922531,0.9950842261314392,0.08910437673330307,0.02549523115158081,-0.09025716036558151,0.9955921173095703],"EasingStyle":"Linear","EasingDirection":"In"},"Torso":{"Weight":1,"CFrame":[-0.08464410901069641,-0.09622076153755188,-0.1061861515045166,0.9865150451660156,0.15528498589992524,-0.05171658471226692,-0.16051407158374787,0.9796779751777649,-0.12027594447135925,0.03198854625225067,0.12695527076721192,0.9913924932479858],"EasingStyle":"Linear","EasingDirection":"In"},"HumanoidRootPart":{"Weight":0,"CFrame":[0,0,0,1,0,0,0,1,0,0,0,1],"EasingStyle":"Linear","EasingDirection":"In"},"Right Leg":{"Weight":1,"CFrame":[0.2917299270629883,0.18054640293121339,0.18347477912902833,0.9740153551101685,0.03287762403488159,-0.22408288717269898,-0.019447293132543565,0.9978940486907959,0.061881016939878467,0.22564558684825898,-0.05591529235243797,0.9726034998893738],"EasingStyle":"Linear","EasingDirection":"In"}}},{"Time":0.5666666626930237,"poses":{"Left Leg":{"Weight":1,"CFrame":[0.17795783281326295,0.09106671810150147,0.063285231590271,0.7583266496658325,-0.10131708532571793,0.6439530253410339,0.01948470063507557,0.990929365158081,0.13296353816986085,-0.6515834927558899,-0.08828257024288178,0.7534223198890686],"EasingStyle":"Linear","EasingDirection":"In"},"Right Arm":{"Weight":1,"CFrame":[0.49437981843948367,-0.08135321736335755,0.47162890434265139,-0.8362261652946472,-0.5118497610092163,0.19681395590305329,0.12613189220428468,0.16975221037864686,0.977381706237793,-0.533682107925415,0.842136561870575,-0.07739070802927017],"EasingStyle":"Linear","EasingDirection":"In"},"Left Arm":{"Weight":1,"CFrame":[-0.13913682103157044,-0.23733359575271607,0.1331627368927002,0.8622390627861023,0.3343857526779175,0.3804340362548828,-0.5063257217407227,0.5492507815361023,0.6647990345954895,0.01334554422646761,-0.7658392786979675,0.6428936719894409],"EasingStyle":"Linear","EasingDirection":"In"},"Head":{"Weight":1,"CFrame":[7.078051567077637e-8,2.9802322387695315e-8,0,0.9927887916564941,-0.11822288483381272,-0.01984299346804619,0.11947480589151383,0.9893524050712586,0.0831117108464241,0.009805985726416111,-0.08488310128450394,0.996342658996582],"EasingStyle":"Linear","EasingDirection":"In"},"Torso":{"Weight":1,"CFrame":[-0.14139729738235475,-0.07946127653121948,-0.14076924324035645,0.962797224521637,0.2469365894794464,-0.10974454879760742,-0.2578165829181671,0.9610748291015625,-0.09932658821344376,0.08094536513090134,0.12392532080411911,0.9889845252037048],"EasingStyle":"Linear","EasingDirection":"In"},"HumanoidRootPart":{"Weight":0,"CFrame":[0,0,0,1,0,0,0,1,0,0,0,1],"EasingStyle":"Linear","EasingDirection":"In"},"Right Leg":{"Weight":1,"CFrame":[0.26368340849876406,0.2732197642326355,0.173614501953125,0.9337693452835083,0.020134923979640008,-0.35730844736099245,0.014564796350896359,0.9954506754875183,0.09415818750858307,0.35757893323898318,-0.09312621504068375,0.9292281270027161],"EasingStyle":"Linear","EasingDirection":"In"}}},{"Time":0.6000000238418579,"poses":{"Left Leg":{"Weight":1,"CFrame":[0.20523574948310853,0.09697067737579346,0.01356363296508789,0.6920798420906067,-0.1289484202861786,0.7102096080780029,0.04172458499670029,0.9894154071807861,0.1389826536178589,-0.7206140160560608,-0.06655389070510864,0.6901348233222961],"EasingStyle":"Linear","EasingDirection":"In"},"Right Arm":{"Weight":1,"CFrame":[0.5436109304428101,-0.011009931564331055,0.5503979921340942,-0.8630201816558838,-0.5034236311912537,0.041963908821344379,-0.017201997339725496,0.11230651289224625,0.9935246706008911,-0.5048764944076538,0.8567099571228027,-0.10558275878429413],"EasingStyle":"Linear","EasingDirection":"In"},"Left Arm":{"Weight":1,"CFrame":[0.032497838139534,-0.20341289043426515,0.23120832443237306,0.8748813271522522,-0.1438181847333908,0.4624921381473541,-0.24601662158966065,0.6905812621116638,0.6801272630691528,-0.4172031283378601,-0.7088115811347961,0.5687951445579529],"EasingStyle":"Linear","EasingDirection":"In"},"Head":{"Weight":1,"CFrame":[8.568167686462403e-8,2.9802322387695315e-8,-3.5762786865234377e-7,0.981748104095459,-0.19018100202083589,0.0013650753535330296,0.18955804407596589,0.9790646433830261,0.07416313141584397,-0.015440894290804863,-0.07255073636770249,0.997245192527771],"EasingStyle":"Linear","EasingDirection":"In"},"Torso":{"Weight":1,"CFrame":[-0.1701211929321289,-0.07028083503246308,-0.175642728805542,0.9485393166542053,0.2839147746562958,-0.14023403823375703,-0.2975374758243561,0.9506595730781555,-0.08785102516412735,0.10837262123823166,0.12505502998828889,0.9862132668495178],"EasingStyle":"Linear","EasingDirection":"In"},"HumanoidRootPart":{"Weight":0,"CFrame":[0,0,0,1,0,0,0,1,0,0,0,1],"EasingStyle":"Linear","EasingDirection":"In"},"Right Leg":{"Weight":1,"CFrame":[0.29155704379081728,0.34473443031311037,0.12691938877105714,0.9300702214241028,0.024875059723854066,-0.3665386438369751,0.026869673281908037,0.9904271960258484,0.13539552688598634,0.3663979172706604,-0.13577616214752198,0.9204984903335571],"EasingStyle":"Linear","EasingDirection":"In"}}},{"Time":0.6333333253860474,"poses":{"Left Leg":{"Weight":1,"CFrame":[0.2847903072834015,0.08246058225631714,-0.08412671089172363,0.6941729784011841,-0.08177308738231659,0.7151482105255127,-0.029372407123446466,0.9894806146621704,0.14165228605270387,-0.7192087173461914,-0.11933678388595581,0.6844688653945923],"EasingStyle":"Linear","EasingDirection":"In"},"Right Arm":{"Weight":1,"CFrame":[0.6380534172058106,-0.12417805194854737,0.5433974266052246,-0.9080577492713928,-0.4179081618785858,-0.02799946628510952,-0.0665341392159462,0.07792306691408158,0.9947367310523987,-0.4135267734527588,0.905141294002533,-0.09856384247541428],"EasingStyle":"Linear","EasingDirection":"In"},"Left Arm":{"Weight":1,"CFrame":[0.09972411394119263,-0.1906391680240631,0.2704263925552368,0.8311852812767029,-0.2832781970500946,0.4784187078475952,-0.1573139727115631,0.7054891586303711,0.6910406947135925,-0.533276021480