{"Sequence":[{"Time":0,"poses":{"Left Leg":{"Weight":1,"CFrame":[-0.5190208554267883,0.5283281803131104,-0.13007551431655885,0.7781622409820557,0.47070643305778506,-0.4158112704753876,-0.3777011036872864,0.8796797394752502,0.2889731824398041,0.5018022060394287,-0.06781566888093949,0.8623199462890625],"EasingStyle":"Linear","EasingDirection":"In"},"Right Arm":{"Weight":1,"CFrame":[0.6102092266082764,-0.5258387327194214,0.19335854053497315,-0.3690393567085266,-0.5589513182640076,0.7425519824028015,0.6754553318023682,0.3874981701374054,0.627379834651947,-0.6384121775627136,0.7330884337425232,0.23454450070858003],"EasingStyle":"Linear","EasingDirection":"In"},"Head":{"Weight":1,"CFrame":[9.685754776000977e-8,-1.1548399925231934e-7,0,0.8978792428970337,0.4389977753162384,0.03307328373193741,-0.42401203513145449,0.8421244025230408,0.3332270681858063,0.1184341311454773,-0.31322115659713747,0.9422664046287537],"EasingStyle":"Linear","EasingDirection":"In"},"Right Leg":{"Weight":1,"CFrame":[-0.10100045800209046,0.38837772607803347,0.0021442174911499025,0.9063563942909241,-0.3768964409828186,-0.19096441566944123,0.4066368341445923,0.9008545279502869,0.15201273560523988,0.11473812907934189,-0.21543091535568238,0.9697549939155579],"EasingStyle":"Linear","EasingDirection":"In"},"Torso":{"Weight":1,"CFrame":[0.03539414703845978,-0.2090749740600586,-0.36561036109924319,0.9469089508056641,-0.31361228227615359,0.07078815251588822,0.3136122524738312,0.85252445936203,-0.41815006732940676,0.07078836858272553,0.41815003752708437,0.9056155681610107],"EasingStyle":"Linear","EasingDirection":"In"},"HumanoidRootPart":{"Weight":0,"CFrame":[0,0,0,1,0,0,0,1,0,0,0,1],"EasingStyle":"Linear","EasingDirection":"In"},"Left Arm":{"Weight":1,"CFrame":[-0.41154366731643679,-0.7176258563995361,0.16190707683563233,-0.6478925347328186,0.7614954113960266,0.018972130492329599,-0.6351107954978943,-0.5537785291671753,0.5384830236434937,0.4205586314201355,0.33682963252067568,0.8424228429794312],"EasingStyle":"Linear","EasingDirection":"In"}}},{"Time":0.03333333507180214,"poses":{"Left Leg":{"Weight":1,"CFrame":[-0.46424421668052676,0.4748004078865051,-0.09989845752716065,0.9075509905815125,0.3789259195327759,-0.18101522326469422,-0.34480413794517519,0.9184372425079346,0.19386416673660279,0.2397112250328064,-0.11352677643299103,0.9641837477684021],"EasingStyle":"Linear","EasingDirection":"In"},"Right Arm":{"Weight":1,"CFrame":[0.5877774953842163,-0.49687930941581728,0.23341155052185059,-0.3660588264465332,-0.7404438257217407,0.5636880993843079,0.68328458070755,0.19736149907112122,0.7029728293418884,-0.6317620277404785,0.6424885392189026,0.43368780612945559],"EasingStyle":"Linear","EasingDirection":"In"},"Head":{"Weight":1,"CFrame":[6.332993507385254e-8,-8.847564458847046e-8,-5.960464477539063e-8,0.9240978956222534,0.38212624192237856,-0.0047570932656526569,-0.3678075075149536,0.8927119374275208,0.2603519856929779,0.10373404622077942,-0.23884108662605287,0.9655020833015442],"EasingStyle":"Linear","EasingDirection":"In"},"Right Leg":{"Weight":1,"CFrame":[-0.025547385215759279,0.38721024990081789,-0.0018611550331115723,0.9030779600143433,-0.29794588685035708,-0.3093191683292389,0.3442261815071106,0.9328315854072571,0.10645893216133118,0.25682374835014346,-0.20261651277542115,0.9449805021286011],"EasingStyle":"Linear","EasingDirection":"In"},"Torso":{"Weight":1,"CFrame":[0.017885617911815645,-0.1902245283126831,-0.3416569232940674,0.9673299193382263,-0.24956540763378144,0.044609565287828448,0.24743950366973878,0.8910848498344421,-0.38044899702072146,0.05519600212574005,0.3790578544139862,0.9237253665924072],"EasingStyle":"Linear","EasingDirection":"In"},"HumanoidRootPart":{"Weight":0,"CFrame":[0,0,0,1,0,0,0,1,0,0,0,1],"EasingStyle":"Linear","EasingDirection":"In"},"Left Arm":{"Weight":1,"CFrame":[-0.38437730073928835,-0.698168158531189,0.1672525405883789,-0.5859707593917847,0.8075619339942932,-0.0669471025466919,-0.6590114235877991,-0.42684322595596316,0.6192811131477356,0.47153186798095705,0.4069993495941162,0.7823101282119751],"EasingStyle":"Linear","EasingDirection":"In"}}},{"Time":0.06666667014360428,"poses":{"Left Leg":{"Weight":1,"CFrame":[-0.29654932022094729,0.37785494327545168,-0.02658259868621826,0.9415555000305176,0.24067215621471406,0.2356909215450287,-0.26853203773498537,0.9586933255195618,0.09379681199789047,-0.20338094234466554,-0.15160541236400605,0.9672911167144775],"EasingStyle":"Linear","EasingDirection":"In"},"Right Arm":{"Weight":1,"CFrame":[0.5333240628242493,-0.43043431639671328,0.3296552896499634,-0.42747223377227785,-0.8792071342468262,0.21038642525672913,0.6668209433555603,-0.14951133728027345,0.7300660610198975,-0.6104239821434021,0.4523727595806122,0.6501855254173279],"EasingStyle":"Linear","EasingDirection":"In"},"Head":{"Weight":1,"CFrame":[8.42846930027008e-8,9.278301149606705e-8,1.1920928955078126e-7,0.9632532596588135,0.2623271346092224,-0.05768695846199989,-0.2525613009929657,0.9577094316482544,0.13786044716835023,0.09141189604997635,-0.11822503805160523,0.9887703061103821],"EasingStyle":"Linear","EasingDirection":"In"},"Right Leg":{"Weight":1,"CFrame":[0.08066348731517792,0.3505595922470093,-0.021031498908996583,0.8735673427581787,-0.20467036962509156,-0.4415769577026367,0.2599359154701233,0.9632450938224793,0.06776589155197144,0.41147708892822268,-0.1739797592163086,0.8946605920791626],"EasingStyle":"Linear","EasingDirection":"In"},"Torso":{"Weight":1,"CFrame":[-0.009134415537118912,-0.15702062845230103,-0.28073716163635256,0.9938461184501648,-0.10989493131637573,0.013894482515752316,0.10868166387081146,0.9431684017181397,-0.3140410780906677,0.021406685933470727,0.31361863017082217,0.9493077397346497],"EasingStyle":"Linear","EasingDirection":"In"},"HumanoidRootPart":{"Weight":0,"CFrame":[0,0,0,1,0,0,0,1,0,0,0,1],"EasingStyle":"Linear","EasingDirection":"In"},"Left Arm":{"Weight":1,"CFrame":[-0.3123396337032318,-0.6423289775848389,0.17960309982299806,-0.31004565954208376,0.9276012182235718,-0.20839351415634156,-0.7131785750389099,-0.08197501301765442,0.6961728930473328,0.6286876201629639,0.36446693539619448,0.6869611144065857],"EasingStyle":"Linear","EasingDirection":"In"}}},{"Time":0.10000000149011612,"poses":{"Left Leg":{"Weight":1,"CFrame":[-0.029268067330121995,0.29127150774002077,0.05976569652557373,0.8810339570045471,0.2543058395385742,0.39888301491737368,-0.3048759400844574,0.9499799609184265,0.0677405521273613,-0.36170414090156557,-0.18129156529903413,0.9144963026046753],"EasingStyle":"Linear","EasingDirection":"In"},"Right Arm":{"Weight":1,"CFrame":[0.4642542898654938,-0.35035234689712527,0.4506617784500122,-0.5902386903762817,-0.7978054285049439,0.12298347055912018,0.5512391924858093,-0.2870575785636902,0.7834113836288452,-0.5897064208984375,0.5301929712295532,0.6092140674591065],"EasingStyle":"Linear","EasingDirection":"In"},"Head":{"Weight":1,"CFrame":[9.825453162193299e-8,-1.1353404261171818e-7,0,0.983611524105072,0.15728788077831269,-0.08814147859811783,-0.14768308401107789,0.9832750558853149,0.10658375173807144,0.10343164950609207,-0.09182003885507584,0.990389347076416],"EasingStyle":"Linear","EasingDirection":"In"},"Right Leg":{"Weight":1,"CFrame":[0.07917545735836029,0.2563052773475647,-0.01775681972503662,0.897925853729248,-0.26220765709877016,-0.35351982712745669,0.29328644275665285,0.9553330540657044,0.03635963797569275,0.3281954526901245,-0.13633085787296296,0.9347200989723206],"EasingStyle":"Linear","EasingDirection":"In"},"Torso":{"Weight":1,"CFrame":[-0.02467549592256546,-0.14471137523651124,-0.1936500072479248,0.9995526075363159,0.024540133774280549,0.017098799347877504,-0.018544962629675866,0.9570217728614807,-0.28942257165908816,-0.02346639335155487,0.2889760136604309,0.9570487141609192],"EasingStyle":"Linear","EasingDirection":"In"},"HumanoidRootPart":{"Weight":0,"CFrame":[0,0,0,1,0,0,0,1,0,0,0,1],"EasingStyle":"Linear","EasingDirection":"In"},"Left Arm":{"Weight":1,"CFrame":[-0.21433384716510774,-0.5621310472488403,0.19458794593811036,0.32197922468185427,0.9289388656616211,-0.1827622652053833,-0.6617404818534851,0.35887405276298525,0.6582621932029724,0.6770738363265991,-0.0910056084394455,0.7302663326263428],"EasingStyle":"Linear","EasingDirection":"In"}}},{"Time":0.13333334028720857,"poses":{"Left Leg":{"Weight":1,"CFrame":[0.24776361882686616,0.14558947086334229,0.1576906442642212,0.7574536800384522,0.31209272146224978,0.5734651684761047,-0.35776546597480776,0.9331444501876831,-0.03528864309191704,-0.5461391806602478,-0.1784365028142929,0.8184697031974793],"EasingStyle":"Linear","EasingDirection":"In"},"Right Arm":{"Weight":1,"CFrame":[0.39053767919540408,-0.25325486063957217,0.582777738571167,-0.7223518490791321,-0.6858791708946228,0.08819172531366348,0.30028456449508669,-0.1962282955646515,0.9334471821784973,-0.6229262351989746,0.700759768486023,0.3477047085762024],"EasingStyle":"Linear","EasingDirection":"In"},"Head":{"Weight":1,"CFrame":[8.940696716308594e-8,-4.842877388000488e-8,2.384185791015625e-7,0.9936385750770569,0.06374090909957886,-0.0928419753909111,-0.04938039928674698,0.9875282049179077,0.1494981199502945,0.10121321678161621,-0.14396248757839204,0.9843936562538147],"EasingStyle":"Linear","EasingDirection":"In"},"Right Leg":{"Weight":1,"CFrame":[0.05959472060203552,0.1092536449432373,0.05726289749145508,0.8791067004203796,-0.34470975399017336,-0.32916060090065,0.3433836102485657,0.9370004534721375,-0.06417009979486466,0.33054372668266299,-0.05661600083112717,0.9420911073684692],"EasingStyle":"Linear","EasingDirection":"In"},"Torso":{"Weight":1,"CFrame":[-0.04848412796854973,-0.1504623293876648,-0.08842968940734863,0.9903783202171326,0.13742993772029878,0.016246944665908815,-0.12623201310634614,0.9452565908432007,-0.3009245693683624,-0.05671358108520508,0.29597827792167666,0.9535095691680908],"EasingStyle":"Linear","EasingDirection":"In"},"HumanoidRootPart":{"Weight":0,"CFrame":[0,0,0,1,0,0,0,1,0,0,0,1],"EasingStyle":"Linear","EasingDirection":"In"},"Left Arm":{"Weight":1,"CFrame":[-0.12810437381267548,-0.5024912357330322,0.21246778964996339,0.8272439241409302,0.5603108406066895,0.041467029601335528,-0.456935316324234,0.6279997825622559,0.6299415230751038,0.3269217610359192,-0.5400630831718445,0.7755348682403565],"EasingStyle":"Linear","EasingDirection":"In"}}},{"Time":0.1666666716337204,"poses":{"Left Leg":{"Weight":1,"CFrame":[0.447670578956604,-0.09755873680114746,0.1993032693862915,0.36716076731681826,0.3271133005619049,0.8707410097122192,-0.2027912586927414,0.941754162311554,-0.26828116178512576,-0.9077823758125305,-0.07807624340057373,0.41211098432540896],"EasingStyle":"Linear","EasingDirection":"In"},"Right Arm":{"Weight":1,"CFrame":[0.3267916440963745,-0.15278023481369019,0.7012407779693604,-0.6537854075431824,-0.7498614192008972,-0.10135407745838165,-0.11193583905696869,-0.03662905469536781,0.9930400848388672,-0.748354971408844,0.6605802178382874,-0.05998881906270981],"EasingStyle":"Linear","EasingDirection":"In"},"Head":{"Weight":1,"CFrame":[8.195638656616211e-8,-1.5832483768463136e-7,0,0.9969783425331116,-0.04931798577308655,-0.06001643091440201,0.060911256819963458,0.9758058786392212,0.2099827527999878,0.048208460211753848,-0.213004007935524,0.9758613109588623],"EasingStyle":"Linear","EasingDirection":"In"},"Right Leg":{"Weight":1,"CFrame":[0.1096353530883789,-0.046129465103149417,0.13483166694641114,0.7346952557563782,-0.3360620141029358,-0.5893090963363648,0.23579460382461549,0.9410184621810913,-0.24266274273395539,0.6361004710197449,0.03932720050215721,0.7706034183502197],"EasingStyle":"Linear","EasingDirection":"In"},"Torso":{"Weight":1,"CFrame":[-0.09379009902477265,-0.15934497117996217,0.020302534103393556,0.9724519848823547,0.2321176826953888,-0.021418478339910508,-0.2267005294561386,0.9203498363494873,-0.3186896741390228,-0.05426103249192238,0.314765989780426,0.9476171135902405],"EasingStyle":"Linear","EasingDirection":"In"},"HumanoidRootPart":{"Weight":0,"CFrame":[0,0,0,1,0,0,0,1,0,0,0,1],"EasingStyle":"Linear","EasingDirection":"In"},"Left Arm":{"Weight":1,"CFrame":[-0.08764097094535828,-0.5026533007621765,0.23295974731445313,0.9245836138725281,0.25800901651382449,0.28031501173973086,-0.3791373670101166,0.69538813829422,0.6104835867881775,-0.03741747885942459,-0.6707211136817932,0.7407653331756592],"EasingStyle":"Linear","EasingDirection":"In"}}},{"Time":0.20000000298023225,"poses":{"Left Leg":{"Weight":1,"CFrame":[0.4551730155944824,-0.2822033166885376,0.3143652677536011,0.20267748832702638,0.3387365937232971,0.9187924265861511,-0.02011573500931263,0.939507782459259,-0.34193649888038638,-0.9790390133857727,0.05082066357135773,0.1972309798002243],"EasingStyle":"Linear","EasingDirection":"In"},"Right Arm":{"Weight":1,"CFrame":[0.31365281343460085,-0.1578512191772461,0.7190744876861572,-0.5284157991409302,-0.8302097916603088,-0.17756287753582,-0.388583242893219,0.05055462568998337,0.9200257062911987,-0.7548376321792603,0.5551540851593018,-0.34931954741477969],"EasingStyle":"Linear","EasingDirection":"In"},"Head":{"Weight":1,"CFrame":[2.9802322387695315e-8,2.3096799850463868e-7,0,0.9824120402336121,-0.18630138039588929,-0.012590177357196808,0.18334990739822389,0.9496886134147644,0.2539180517196655,-0.03534853085875511,-0.2517605125904083,0.9671437740325928],"EasingStyle":"Linear","EasingDirection":"In"},"Right Leg":{"Weight":1,"CFrame":[0.36503350734710696,-0.08218777179718018,0.2569664716720581,0.7283568978309631,-0.28933149576187136,-0.6211147904396057,0.14830781519412995,0.9515557289123535,-0.269344687461853,0.6689552664756775,0.10406285524368286,0.7359822988510132],"EasingStyle":"Linear","EasingDirection":"In"},"Torso":{"Weight":1,"CFrame":[-0.12829673290252686,-0.17004436254501344,0.09460902214050293,0.9501001238822937,0.30306413769721987,-0.07390518486499787,-0.30968961119651797,0.887937068939209,-0.3400885760784149,-0.037445493042469028,0.3460058867931366,0.937484860420227],"EasingStyle":"Linear","EasingDirection":"In"},"HumanoidRootPart":{"Weight":0,"CFrame":[0,0,0,1,0,0,0,1,0,0,0,1],"EasingStyle":"Linear","EasingDirection":"In"},"Left Arm":{"Weight":1,"CFrame":[-0.09306246042251587,-0.5462698340415955,0.2489757537841797,0.8511068224906921,0.19993574917316438,0.4854307770729065,-0.4716668128967285,0.697242796421051,0.5397989749908447,-0.23053808510303498,-0.6883881092071533,0.687731146812439],"EasingStyle":"Linear","EasingDirection":"In"}}},{"Time":0.23333333432674409,"poses":{"Left Leg":{"Weight":1,"CFrame":[0.14511549472808839,-0.2310492992401123,0.4813709259033203,0.635635495185852,0.28434962034225466,0.7177135944366455,-0.14875121414661408,0.957384467124939,-0.24756447970867158,-0.757522702217102,0.0506000779569149,0.6508448719978333],"EasingStyle":"Linear","EasingDirection":"In"},"Right Arm":{"Weight":1,"CFrame":[0.3793480396270752,-0.33310383558273318,0.5630617141723633,-0.6135314106941223,-0.7843034267425537,-0.09191024303436279,-0.2872518002986908,0.11324535310268402,0.9511371850967407,-0.7355716228485107,0.6099539399147034,-0.294772207736969],"EasingStyle":"Linear","EasingDirection":"In"},"Head":{"Weight":1,"CFrame":[1.043081283569336e-7,-1.2665987014770509e-7,-5.960464477539063e-8,0.9477512240409851,-0.31764093041419985,0.029527027159929277,0.29947149753570559,0.9177789092063904,0.26076582074165347,-0.1099291667342186,-0.2382986843585968,0.9649505615234375],"EasingStyle":"Linear","EasingDirection":"In"},"Right Leg":{"Weight":1,"CFrame":[0.8387919664382935,0.08444136381149292,0.22817778587341309,0.9586121439933777,-0.2574784457683563,-0.12152247875928879,0.2523138225078583,0.9660006761550903,-0.05639517307281494,0.13191133737564088,0.023399220779538156,0.9909853935241699],"EasingStyle":"Linear","EasingDirection":"In"},"Torso":{"Weight":1,"CFrame":[-0.11737766861915589,-0.1866457462310791,0.10475683212280274,0.9343681335449219,0.3392932713031769,-0.10879465937614441,-0.354740709066391,0.8572120666503906,-0.37329140305519106,-0.03339517489075661,0.3873855173587799,0.9213128089904785],"EasingStyle":"Linear","EasingDirection":"In"},"HumanoidRootPart":{"Weight":0,"CFrame":[0,0,0,1,0,0,0,1,0,0,0,1],"EasingStyle":"Linear","EasingDirection":"In"},"Left Arm":{"Weight":1,"CFrame":[-0.13616925477981568,-0.6041931509971619,0.2521228790283203,0.6890076994895935,0.3941219747066498,0.6082238554954529,-0.6930117607116699,0.6039152145385742,0.39372700452804568,-0.2121393233537674,-0.6927873492240906,0.6892334818840027],"EasingStyle":"Linear","EasingDirection":"In"}}},{"Time":0.2666666805744171,"poses":{"Left Leg":{"Weight":1,"CFrame":[-0.0416165292263031,-0.07629990577697754,0.21434199810028077,0.765750527381897,0.2934454083442688,0.5722900032997131,-0.2927575409412384,0.951346755027771,-0.0960860624909401,-0.5726422071456909,-0.09396427869796753,0.8144026398658752],"EasingStyle":"Linear","EasingDirection":"In"},"Right Arm":{"Weight":1,"CFrame":[0.4798731207847595,-0.5090982913970947,0.29765117168426516,-0.6206498742103577,-0.7833658456802368,0.03364266827702522,0.06351567059755326,-0.007464227266609669,0.997952938079834,-0.7815110683441162,0.6215161085128784,0.054388627409935],"EasingStyle":"Linear","EasingDirection":"In"},"Head":{"Weight":1,"CFrame":[8.195638656616211e-8,-4.0978193283081057e-8,2.384185791015625e-7,0.9254302978515625,-0.37566953897476199,0.049509502947330478,0.35171180963516238,0.9002372622489929,0.25665515661239626,-0.140987828373909,-0.2201034426689148,0.9652341604232788],"EasingStyle":"Linear","EasingDirection":"In"},"Right Leg":{"Weight":1,"CFrame":[0.8172217011451721,0.1879194974899292,-0.0001226663589477539,0.931709349155426,-0.3581928312778473,0.060130774974823,0.34957414865493777,0.9292978048324585,0.11917863041162491,-0.09856829047203064,-0.09001962840557099,0.9910504221916199],"EasingStyle":"Linear","EasingDirection":"In"},"Torso":{"Weight":1,"CFrame":[-0.06528285145759583,-0.20766055583953858,0.06674861907958985,0.9377263784408569,0.32880645990371706,-0.11205238848924637,-0.3447979986667633,0.8417975306510925,-0.4153209626674652,-0.04223480075597763,0.4280928373336792,0.9027474522590637],"EasingStyle":"Linear","EasingDirection":"In"},"HumanoidRootPart":{"Weight":0,"CFrame":[0,0,0,1,0,0,0,1,0,0,0,1],"EasingStyle":"Linear","EasingDirection":"In"},"Left Arm":{"Weight":1,"CFrame":[-0.20742574334144593,-0.6551439166069031,0.23806440830230714,0.36904293298721316,0.7554110884666443,0.5414438843727112,-0.9289062023162842,0.2805629074573517,0.24169780313968659,0.03067208267748356,-0.5921475291252136,0.8052457571029663],"EasingStyle":"Linear","EasingDirection":"In"}}},{"Time":0.30000001192092898,"poses":{"Left Leg":{"Weight":1,"CFrame":[-0.13346029818058015,0.06057828664779663,0.05939149856567383,0.8668610453605652,0.3568737506866455,0.34812790155410769,-0.39077621698379519,0.9199985265731812,0.029946554452180864,-0.3095901608467102,-0.16199956834316255,0.9369686245918274],"EasingStyle":"Linear","EasingDirection":"In"},"Right Arm":{"Weight":1,"CFrame":[0.5660662651062012,-0.6016620397567749,0.09829521179199219,-0.5386924743652344,-0.815009355545044,0.21347180008888246,0.41698798537254336,-0.037752486765384677,0.9081276059150696,-0.7320734858512878,0.5782167315483093,0.3601861000061035],"EasingStyle":"Linear","EasingDirection":"In"},"Head":{"Weight":1,"CFrame":[4.470348358154297e-8,-1.4156103134155274e-7,-4.76837158203125e-7,0.936220109462738,-0.34928059577941897,0.03866780549287796,0.32543566823005679,0.9032648801803589,0.27965015172958376,-0.13260364532470704,-0.2492302656173706,0.959322988986969],"EasingStyle":"Linear","EasingDirection":"In"},"Right Leg":{"Weight":1,"CFrame":[0.77105712890625,0.28380846977233889,-0.04761838912963867,0.8609234690666199,-0.44355952739715578,0.24913007020950318,0.38893043994903567,0.8895323872566223,0.23971915245056153,-0.327938973903656,-0.10948560386896134,0.9383331537246704],"EasingStyle":"Linear","EasingDirection":"In"},"Torso":{"Weight":1,"CFrame":[-0.0014116466045379639,-0.22596144676208497,-0.01425623893737793,0.9480183124542236,0.300358384847641,-0.10510037839412689,-0.3145737648010254,0.8347510099411011,-0.451922744512558,-0.04800613597035408,0.4614928364753723,0.8858442306518555],"EasingStyle":"Linear","EasingDirection":"In"},"HumanoidRootPart":{"Weight":0,"CFrame":[0,0,0,1,0,0,0,1,0,0,0,1],"EasingStyle":"Linear","EasingDirection":"In"},"Left Arm":{"Weight":1,"CFrame":[-0.28974729776382449,-0.6928743720054627,0.21273720264434815,-0.10619492083787918,0.9474155306816101,0.30187156796455386,-0.9508070945739746,-0.18560324609279633,0.2480272799730301,0.2910131812095642,-0.26068243384361269,0.9205195307731628],"EasingStyle":"Linear","EasingDirection":"In"}}},{"Time":0.3333333432674408,"poses":{"Left Leg":{"Weight":1,"CFrame":[-0.18547533452510835,0.18649232387542725,-0.04481154680252075,0.8988090753555298,0.4151010513305664,0.14083124697208405,-0.43274134397506716,0.8914728164672852,0.13420595228672028,-0.0698382630944252,-0.18156899511814118,0.9808952212333679],"EasingStyle":"Linear","EasingDirection":"In"},"Right Arm":{"Weight":1,"CFrame":[0.6044089794158936,-0.5865470767021179,0.09988605976104737,-0.44607171416282656,-0.7351011633872986,0.5105355381965637,0.5872763395309448,0.19004353880882264,0.7867592573165894,-0.6753714680671692,0.6507763862609863,0.34693434834480288],"EasingStyle":"Linear","EasingDirection":"In"},"Head":{"Weight":1,"CFrame":[6.984919309616089e-8,-6.007030606269837e-8,2.384185791015625e-7,0.9747623205184937,-0.22322610020637513,0.002928408794105053,0.2092989832162857,0.9183530211448669,0.3358893096446991,-0.07766858488321305,-0.32679933309555056,0.9418969750404358],"EasingStyle":"Linear","EasingDirection":"In"},"Right Leg":{"Weight":1,"CFrame":[0.6813075542449951,0.3594033122062683,-0.021227240562438966,0.8020888566970825,-0.48984599113464358,0.3416205048561096,0.3992656171321869,0.8652405142784119,0.3032257854938507,-0.4441177546977997,-0.10681667178869248,0.8895783424377441],"EasingStyle":"Linear","EasingDirection":"In"},"Torso":{"Weight":1,"CFrame":[0.056367188692092898,-0.23684704303741456,-0.1151278018951416,0.965033233165741,0.2475195974111557,-0.08628402650356293,-0.25830528140068056,0.8419573307037354,-0.47369426488876345,-0.04460114985704422,0.4794183373451233,0.8764523863792419],"EasingStyle":"Linear","EasingDirection":"In"},"HumanoidRootPart":{"Weight":0,"CFrame":[0,0,0,1,0,0,0,1,0,0,0,1],"EasingStyle":"Linear","EasingDirection":"In"},"Left Arm":{"Weight":1,"CFrame":[-0.3641211986541748,-0.7146250009536743,0.18455052375793458,-0.477825403213501,0.8727176189422607,0.10023391246795654,-0.7863203287124634,-0.47578704357147219,0.3941158056259155,0.3916417956352234,0.10950249433517456,0.9135786294937134],"EasingStyle":"Linear","EasingDirection":"In"}}},{"Time":0.36666667461395266,"poses":{"Left Leg":{"Weight":1,"CFrame":[-0.15827642381191255,0.27709752321243288,-0.10270535945892334,0.8904767036437988,0.45265111327171328,0.04645797982811928,-0.4533787965774536,0.8739233613014221,0.17523042857646943,0.03871745988726616,-0.17710167169570924,0.983430802822113],"EasingStyle":"Linear","EasingDirection":"In"},"Right Arm":{"Weight":1,"CFrame":[0.6102085709571838,-0.5258387923240662,0.1933586597442627,-0.3690392076969147,-0.5589515566825867,0.7425519227981567,0.6754553914070129,0.3874981105327606,0.6273797750473023,-0.6384121775627136,0.7330883145332336,0.2345447540283203],"EasingStyle":"Linear","EasingDirection":"In"},"Head":{"Weight":1,"CFrame":[4.470348358154297e-8,7.962808012962341e-8,1.1920928955078126e-7,0.9990922808647156,-0.03874189779162407,-0.017715472728013994,0.04257087782025337,0.9233929514884949,0.38148820400238039,0.001578761963173747,-0.38189607858657839,0.9242039322853088],"EasingStyle":"Linear","EasingDirection":"In"},"Right Leg":{"Weight":1,"CFrame":[0.4731019139289856,0.38356590270996096,0.05160319805145264,0.825384259223938,-0.5002846717834473,0.2616416811943054,0.43136560916900637,0.8578145503997803,0.27942436933517458,-0.3642316162586212,-0.11776924878358841,0.9238321185112],"EasingStyle":"Linear","EasingDirection":"In"},"Torso":{"Weight":1,"CFrame":[0.09026378393173218,-0.23449110984802247,-0.21124958992004395,0.9857698082923889,0.15924149751663209,-0.0538526251912117,-0.16575887799263,0.8675135970115662,-0.4689820110797882,-0.027963513508439065,0.47123485803604128,0.8815643787384033],"EasingStyle":"Linear","EasingDirection":"In"},"HumanoidRootPart":{"Weight":0,"CFrame":[0,0,0,1,0,0,0,1,0,0,0,1],"EasingStyle":"Linear","EasingDirection":"In"},"Left Arm":{"Weight":1,"CFrame":[-0.4115433692932129,-0.7176257371902466,0.16190683841705323,-0.6478927135467529,0.7614953517913818,0.018972022458910943,-0.63511061668396,-0.5537785291671753,0.5384829640388489,0.4205585718154907,0.33682981133461,0.8424227833747864],"EasingStyle":"Linear","EasingDirection":"In"}}},{"Time":0.4000000059604645,"poses":{"Left Leg":{"Weight":1,"CFrame":[-0.05271092802286148,0.32328343391418459,-0.07012319564819336,0.8817281126976013,0.46341168880462649,0.08834728598594666,-0.47140324115753176,0.8727388978004456,0.12690867483615876,-0.018293188884854318,-0.15354615449905396,0.9879721999168396],"EasingStyle":"Linear","EasingDirection":"In"},"Right Arm":{"Weight":1,"CFrame":[0.6045297384262085,-0.48555904626846316,0.24588561058044434,-0.31076014041900637,-0.49269789457321169,0.8128204345703125,0.7763476371765137,0.36180099844932558,0.5161243677139282,-0.5483725666999817,0.7914221286773682,0.2700713574886322],"EasingStyle":"Linear","EasingDirection":"In"},"Head":{"Weight":1,"CFrame":[9.313225746154785e-8,3.3760443329811099e-8,4.76837158203125e-7,0.9907879829406738,0.13516514003276826,-0.0083388052880764,-0.12267618626356125,0.9219116568565369,0.36746373772621157,0.05735592171549797,-0.3630557060241699,0.9300004839897156],"EasingStyle":"Linear","EasingDirection":"In"},"Right Leg":{"Weight":1,"CFrame":[0.1283056139945984,0.3558725118637085,0.11323940753936768,0.8805612325668335,-0.4736826419830322,-0.015387600287795067,0.4699098765850067,0.8684057593345642,0.158291757106781,-0.06161731854081154,-0.1466163843870163,0.9872724413871765],"EasingStyle":"Linear","EasingDirection":"In"},"Torso":{"Weight":1,"CFrame":[0.08464047312736511,-0.21402716636657716,-0.28129124641418459,0.9992327690124512,0.03600083291530609,-0.015426984056830407,-0.039138954132795337,0.9029052257537842,-0.4280543029308319,-0.0014812073204666377,0.4283296465873718,0.9036214351654053],"EasingStyle":"Linear","EasingDirection":"In"},"HumanoidRootPart":{"Weight":0,"CFrame":[0,0,0,1,0,0,0,1,0,0,0,1],"EasingStyle":"Linear","EasingDirection":"In"},"Left Arm":{"Weight":1,"CFrame":[-0.4170967936515808,-0.7011740207672119,0.15203654766082765,-0.6697477102279663,0.7424276471138,0.015472212806344033,-0.5683879256248474,-0.5259314179420471,0.6327176690101624,0.4778842329978943,0.4149668514728546,0.7742280960083008],"EasingStyle":"Linear","EasingDirection":"In"}}},{"Time":0.4333333373069763,"poses":{"Left Leg":{"Weight":1,"CFrame":[0.029740191996097566,0.3401930332183838,0.02098989486694336,0.8741702437400818,0.4344319701194763,0.2170143723487854,-0.4510720670223236,0.891932487487793,0.031471770256757739,-0.17988984286785127,-0.1254008263349533,0.9756609797477722],"EasingStyle":"Linear","EasingDirection":"In"},"Right Arm":{"Weight":1,"CFrame":[0.5826316475868225,-0.4611566364765167,0.2735483646392822,-0.32610946893692019,-0.5448022484779358,0.7725563049316406,0.8278082013130188,0.2300606220960617,0.5116695761680603,-0.4564933776855469,0.8063887357711792,0.3759666979312897],"EasingStyle":"Linear","EasingDirection":"In"},"Head":{"Weight":1,"CFrame":[8.195638656616211e-8,4.330649971961975e-8,1.1920928955078126e-7,0.968366801738739,0.24950052797794343,0.003909033723175526,-0.23853036761283875,0.9209617972373962,0.30811166763305666,0.07327395677566529,-0.299297571182251,0.9513422250747681],"EasingStyle":"Linear","EasingDirection":"In"},"Right Leg":{"Weight":1,"CFrame":[-0.18509706854820252,0.31939494609832766,0.08291363716125488,0.8382160663604736,-0.4121513366699219,-0.357106477022171,0.44572049379348757,0.8950752019882202,0.013171578757464886,0.3142085075378418,-0.1702103316783905,0.9339708089828491],"EasingStyle":"Linear","EasingDirection":"In"},"Torso":{"Weight":1,"CFrame":[0.04562811180949211,-0.18329346179962159,-0.3097407817840576,0.9971744418144226,-0.07441490888595581,0.010275421664118767,0.07299409806728363,0.9275161027908325,-0.3665868043899536,0.01774890534579754,0.3663010895252228,0.9303271174430847],"EasingStyle":"Linear","EasingDirection":"In"},"HumanoidRootPart":{"Weight":0,"CFrame":[0,0,0,1,0,0,0,1,0,0,0,1],"EasingStyle":"Linear","EasingDirection":"In"},"Left Arm":{"Weight":1,"CFrame":[-0.38219597935676577,-0.6728560924530029,0.1574796438217163,-0.5693310499191284,0.8208179473876953,0.04604266211390495,-0.5928815007209778,-0.44873955845832827,0.6686736941337586,0.5695205926895142,0.35339874029159548,0.7421290874481201],"EasingStyle":"Linear","EasingDirection":"In"}}},{"Time":0.46666666865348818,"poses":{"Left Leg":{"Weight":1,"CFrame":[0.01506919413805008,0.3216608166694641,0.14550089836120606,0.8635392189025879,0.3588692545890808,0.35427814722061159,-0.36807069182395937,0.9287726879119873,-0.04365057125687599,-0.34470871090888979,-0.0927053913474083,0.9341208338737488],"EasingStyle":"Linear","EasingDirection":"In"},"Right Arm":{"Weight":1,"CFrame":[0.5333240628242493,-0.43043431639671328,0.3296552896499634,-0.46498769521713259,-0.6332216858863831,0.618722140789032,0.7301266193389893,0.12097210437059403,0.6725184321403503,-0.5007011890411377,0.7644580006599426,0.40608128905296328],"EasingStyle":"Linear","EasingDirection":"In"},"Head":{"Weight":1,"CFrame":[8.42846930027008e-8,9.278301149606705e-8,1.1920928955078126e-7,0.9639299511909485,0.26610496640205386,0.0052279094234108929,-0.25943422317504885,0.9350166916847229,0.2417391687631607,0.059439823031425479,-0.23437592387199403,0.9703271985054016],"EasingStyle":"Linear","EasingDirection":"In"},"Right Leg":{"Weight":1,"CFrame":[-0.2608460485935211,0.2905862331390381,0.07720816135406494,0.7662603259086609,-0.3327871263027191,-0.5496343374252319,0.3557712435722351,0.9320703148841858,-0.06835010647773743,0.5350438952445984,-0.14317014813423158,0.8326045870780945],"EasingStyle":"Linear","EasingDirection":"In"},"Torso":{"Weight":1,"CFrame":[-0.009134415537118912,-0.15702062845230103,-0.28073716163635256,0.9938461184501648,-0.10989493131637573,0.013894482515752316,0.10868166387081146,0.9431684017181397,-0.3140410780906677,0.021406685933470727,0.31361863017082217,0.9493077397346497],"EasingStyle":"Linear","EasingDirection":"In"},"HumanoidRootPart":{"Weight":0,"CFrame":[0,0,0,1,0,0,0,1,0,0,0,1],"EasingStyle":"Linear","EasingDirection":"In"},"Left Arm":{"Weight":1,"CFrame":[-0.3123396337032318,-0.6423289775848389,0.17960309982299806,-0.27728763222694399,0.9531421065330505,0.12096203863620758,-0.7277010679244995,-0.2905525863170624,0.6213135719299316,0.6273458003997803,0.08425834029912949,0.7741690278053284],"EasingStyle":"Linear","EasingDirection":"In"}}},{"Time":0.5,"poses":{"Left Leg":{"Weight":1,"CFrame":[-0.07950717210769654,0.2201676368713379,0.32829010486602785,0.8563727140426636,0.24916145205497743,0.4522659480571747,-0.23728890717029572,0.9678115844726563,-0.08387458324432373,-0.45860645174980166,-0.03548980876803398,0.8879305720329285],"EasingStyle":"Linear","EasingDirection":"In"},"Right Arm":{"Weight":1,"CFrame":[0.4543702006340027,-0.3801793158054352,0.44534313678741457,-0.6405515670776367,-0.7174557447433472,0.27377238869667055,0.2901018261909485,0.10400892049074173,0.9513269662857056,-0.7110097408294678,0.6887956261634827,0.14151206612586976],"EasingStyle":"Linear","EasingDirection":"In"},"Head":{"Weight":1,"CFrame":[8.940696716308594e-8,1.3737007975578308e-8,-5.960464477539063e-8,0.9861105680465698,0.166071817278862,0.002497923793271184,-0.16311252117156983,0.965484082698822,0.20306354761123658,0.031311433762311938,-0.20065054297447205,0.9791623950004578],"EasingStyle":"Linear","EasingDirection":"In"},"Right Leg":{"Weight":1,"CFrame":[0.0003736838698387146,0.2266741394996643,0.21512484550476075,0.8257960677146912,-0.2459828406572342,-0.5074971318244934,0.23917582631111146,0.9676874279975891,-0.0798506960272789,0.5107405781745911,-0.05544076859951019,0.8579455018043518],"EasingStyle":"Linear","EasingDirection":"In"},"Torso":{"Weight":1,"CFrame":[-0.06016083061695099,-0.14655184745788575,-0.18620657920837403,0.9995089769363403,-0.03122897818684578,-0.0025592755991965534,0.02910774201154709,0.9556376338005066,-0.29310333728790285,0.011599058285355568,0.2928849756717682,0.9560773372650147],"EasingStyle":"Linear","EasingDirection":"In"},"HumanoidRootPart":{"Weight":0,"CFrame":[0,0,0,1,0,0,0,1,0,0,0,1],"EasingStyle":"Linear","EasingDirection":"In"},"Left Arm":{"Weight":1,"CFrame":[-0.2188282161951065,-0.6181142926216126,0.21637022495269776,0.2945522964000702,0.8928870558738709,0.34057557582855227,-0.879214346408844,0.11355476826429367,0.4626958966255188,0.3744610846042633,-0.435727059841156,0.8184869885444641],"EasingStyle":"Linear","EasingDirection":"In"}}},{"Time":0.5333333611488342,"poses":{"Left Leg":{"Weight":1,"CFrame":[-0.09212654083967209,0.030047595500946046,0.5418468713760376,0.8099258542060852,0.1750294268131256,0.5598077774047852,-0.1153838187456131,0.983332633972168,-0.14051218330860139,-0.5750710368156433,0.04921175539493561,0.8166221380233765],"EasingStyle":"Linear","EasingDirection":"In"},"Right Arm":{"Weight":1,"CFrame":[0.37934762239456179,-0.33310335874557497,0.5630617141723633,-0.6135313510894775,-0.7843034267425537,-0.09191028773784638,-0.287251740694046,0.11324530839920044,0.9511372447013855,-0.7355716824531555,0.6099539399147034,-0.29477208852767947],"EasingStyle":"Linear","EasingDirection":"In"},"Head":{"Weight":1,"CFrame":[7.264316082000733e-8,-1.1175870895385743e-8,1.1920928955078126e-7,0.9999206066131592,0.012596487067639828,-0.0003266111307311803,-0.012272286228835583,0.9794095754623413,0.2015105038881302,0.0028582122176885607,-0.20149049162864686,0.979486346244812],"EasingStyle":"Linear","EasingDirection":"In"},"Right Leg":{"Weight":1,"CFrame":[0.42061689496040347,0.11586868762969971,0.3380826711654663,0.9177558422088623,-0.16605809330940247,-0.36076152324676516,0.14355528354644776,0.9856764078140259,-0.08850941807031632,0.37029194831848147,0.029440751299262048,0.9284488558769226],"EasingStyle":"Linear","EasingDirection":"In"},"Torso":{"Weight":1,"CFrame":[-0.09957588464021683,-0.14833343029022218,-0.060810089111328128,0.9931225180625916,0.11327750980854035,-0.029594771564006807,-0.11694774031639099,0.9477933645248413,-0.29666656255722048,-0.005555921699851751,0.2980872690677643,0.9545224905014038],"EasingStyle":"Linear","EasingDirection":"In"},"HumanoidRootPart":{"Weight":0,"CFrame":[0,0,0,1,0,0,0,1,0,0,0,1],"EasingStyle":"Linear","EasingDirection":"In"},"Left Arm":{"Weight":1,"CFrame":[-0.13616904616355897,-0.6041932702064514,0.25212299823760989,0.6890077590942383,0.39412182569503786,0.6082238554954529,-0.6930117011070252,0.6039152145385742,0.39372724294662478,-0.21213923394680024,-0.6927875280380249,0.6892334222793579],"EasingStyle":"Linear","EasingDirection":"In"}}},{"Time":0.5666666626930237,"poses":{"Left Leg":{"Weight":1,"CFrame":[0.07510539889335633,-0.16835105419158936,0.6692039966583252,0.6924262046813965,0.19802939891815186,0.6937796473503113,-0.05412101745605469,0.9731419682502747,-0.22375385463237763,-0.7194559574127197,0.11738502234220505,0.6845465898513794],"EasingStyle":"Linear","EasingDirection":"In"},"Right Arm":{"Weight":1,"CFrame":[0.34248992800712588,-0.3136996626853943,0.6191211938858032,-0.555653989315033,-0.8044717907905579,-0.20993806421756745,-0.5239989757537842,0.14280836284160615,0.8396610617637634,-0.6455026268959045,0.5765684247016907,-0.5008946061134338],"EasingStyle":"Linear","EasingDirection":"In"},"Head":{"Weight":1,"CFrame":[8.195638656616211e-8,1.4528632164001466e-7,3.5762786865234377e-7,0.9934324026107788,-0.11397883296012879,-0.010051613673567772,0.11321840435266495,0.9664847254753113,0.2304104119539261,-0.016547169536352159,-0.23003512620925904,0.9730417132377625],"EasingStyle":"Linear","EasingDirection":"In"},"Right Leg":{"Weight":1,"CFrame":[0.7067658305168152,0.01408296823501587,0.3780045509338379,0.9511724710464478,-0.14584587514400483,-0.2720293402671814,0.11533087491989136,0.9854230284690857,-0.12506103515625,0.28630372881889346,0.08758116513490677,0.9541277289390564],"EasingStyle":"Linear","EasingDirection":"In"},"Torso":{"Weight":1,"CFrame":[-0.12367542088031769,-0.15676409006118775,0.04868769645690918,0.9669857621192932,0.24820633232593537,-0.057726118713617328,-0.25360196828842165,0.9150881767272949,-0.31352779269218447,-0.02499510906636715,0.3178163468837738,0.9478228092193604],"EasingStyle":"Linear","EasingDirection":"In"},"HumanoidRootPart":{"Weight":0,"CFrame":[0,0,0,1,0,0,0,1,0,0,0,1],"EasingStyle":"Linear","EasingDirection":"In"},"Left Arm":{"Weight":1,"CFrame":[-0.09648334980010987,-0.6016590595245361,0.2711294889450073,0.7447050213813782,0.040118757635354999,0.6661868095397949,-0.451464980840683,0.765430212020874,0.45858034491539,-0.4915218949317932,-0.6422671675682068,0.5881320834159851],"EasingStyle":"Linear","EasingDirection":"In"}}},{"Time":0.6000000238418579,"poses":{"Left Leg":{"Weight":1,"CFrame":[0.18562717735767365,-0.24857640266418458,0.6546385288238525,0.6135213375091553,0.25448542833328249,0.7475485801696777,-0.06584149599075318,0.9598385095596314,-0.27271768450737,-0.7869285941123962,0.11809840798377991,0.6056370735168457],"EasingStyle":"Linear","EasingDirection":"In"},"Right Arm":{"Weight":1,"CFrame":[0.344838947057724,-0.3176487684249878,0.6139596700668335,-0.5789247751235962,-0.795072615146637,-0.1808476597070694,-0.5000333786010742,0.1709902137517929,0.8489576578140259,-0.6440597176551819,0.5819123983383179,-0.4965532720088959],"EasingStyle":"Linear","EasingDirection":"In"},"Head":{"Weight":1,"CFrame":[2.9802322387695315e-8,2.3096799850463868e-7,0,0.9824120402336121,-0.18630138039588929,-0.012590177357196808,0.18334990739822389,0.9496886134147644,0.2539180517196655,-0.03534853085875511,-0.2517605125904083,0.9671437740325928],"EasingStyle":"Linear","EasingDirection":"In"},"Right Leg":{"Weight":1,"CFrame":[0.7794837951660156,-0.012451887130737305,0.3689638376235962,0.9514266848564148,-0.18318670988082887,-0.24744682013988496,0.14921064674854279,0.9773843884468079,-0.14985328912734986,0.2693018317222595,0.10565269738435745,0.9572429656982422],"EasingStyle":"Linear","EasingDirection":"In"},"Torso":{"Weight":1,"CFrame":[-0.12829673290252686,-0.17004436254501344,0.09460902214050293,0.9501001238822937,0.30306413769721987,-0.07390518486499787,-0.30968961119651797,0.887937068939209,-0.3400885760784149,-0.037445493042469028,0.3460058867931366,0.937484860420227],"EasingStyle":"Linear","EasingDirection":"In"},"HumanoidRootPart":{"Weight":0,"CFrame":[0,0,0,1,0,0,0,1,0,0,0,1],"EasingStyle":"Linear","EasingDirection":"In"},"Left Arm":{"Weight":1,"CFrame":[-0.099143385887146,-0.6045868992805481,0.27097928524017336,0.7674928307533264,0.026386650279164316,0.6405143141746521,-0.4292833209037781,0.763203501701355,0.48294541239738467,-0.47609955072402956,-0.64561927318573,0.5970805287361145],"EasingStyle":"Linear","EasingDirection":"In"}}},{"Time":0.6333333253860474,"poses":{"Left Leg":{"Weight":1,"CFrame":[0.01911604404449463,-0.1100149154663086,0.5300455093383789,0.7153038382530212,0.266596257686615,0.6459619402885437,-0.17024578154087068,0.9629997611045837,-0.2089206576347351,-0.6777586340904236,0.03946949169039726,0.7342243194580078],"EasingStyle":"Linear","EasingDirection":"In"},"Right Arm":{"Weight":1,"CFrame":[0.3793477416038513,-0.3331041634082794,0.5630617141723633,-0.6135313510894775,-0.7843034267425537,-0.09191036969423294,-0.2872518301010132,0.1132451742887497,0.9511372447013855,-0.7355716228485107,0.6099538207054138,-0.29477211833000185],"EasingStyle":"Linear","EasingDirection":"In"},"Head":{"Weight":1,"CFrame":[1.1920928955078126e-7,2.9802322387695315e-8,-2.384185791015625e-7,0.9802879095077515,-0.19722580909729005,0.01173711009323597,0.1884917914867401,0.9513751268386841,0.24363145232200623,-0.05921681225299