{"Sequence":[{"Time":0,"poses":{"Left Leg":{"Weight":1,"CFrame":[-0.4581516981124878,0.07377749681472779,0.03107929229736328,0.9692105054855347,-0.23857717216014863,0.0609254315495491,0.240530326962471,0.9702680110931397,-0.026929832994937898,-0.05268920958042145,0.040755052119493487,0.9977789521217346],"EasingStyle":"Linear","EasingDirection":"In"},"Right Arm":{"Weight":1,"CFrame":[-0.09149114042520523,-0.13880503177642823,-0.07377994060516358,0.9685138463973999,-0.10330306738615036,-0.22651579976081849,0.14585274457931519,0.9727979302406311,0.17997552454471589,0.20176202058792115,-0.20734669268131257,0.9572352766990662],"EasingStyle":"Linear","EasingDirection":"In"},"Left Arm":{"Weight":1,"CFrame":[-0.1755453646183014,-0.23392918705940247,0.18185698986053468,0.6382023692131043,0.31843048334121706,-0.7009279131889343,-0.4129362106323242,0.9099907279014587,0.03742457181215286,0.6497548818588257,0.2655540108680725,0.7122496366500855],"EasingStyle":"Linear","EasingDirection":"In"},"Head":{"Weight":1,"CFrame":[7.997732609510422e-8,4.6566128730773929e-9,1.1920928955078126e-7,0.9968118667602539,-0.06055265665054321,-0.05195621773600578,0.06427361816167832,0.995242714881897,0.0732174664735794,0.04727554693818092,-0.07632344961166382,0.9959617257118225],"EasingStyle":"Linear","EasingDirection":"In"},"Torso":{"Weight":1,"CFrame":[0.0486825630068779,-0.03998066484928131,-0.1511058807373047,0.9994570016860962,0.018648894503712655,-0.027165528386831285,-0.019990334287285806,0.9985503554344177,-0.049975838512182239,0.02619415521621704,0.05049174651503563,0.9983808994293213],"EasingStyle":"Linear","EasingDirection":"In"},"HumanoidRootPart":{"Weight":0,"CFrame":[0,0,0,1,0,0,0,1,0,0,0,1],"EasingStyle":"Linear","EasingDirection":"In"},"Right Leg":{"Weight":1,"CFrame":[0.6890336871147156,0.815736711025238,0.3255833387374878,0.8324463963508606,0.3867884874343872,-0.39677155017852785,-0.4143264591693878,0.9099546670913696,0.01778237335383892,0.3679220378398895,0.14958994090557099,0.9177451133728027],"EasingStyle":"Linear","EasingDirection":"In"}}},{"Time":0.01666666753590107,"poses":{"Left Leg":{"Weight":1,"CFrame":[-0.47582632303237917,0.047624826431274417,0.03209841251373291,0.9672690629959106,-0.24660144746303559,0.05981890857219696,0.24881446361541749,0.9679960608482361,-0.03278667852282524,-0.049819257110357288,0.04659731686115265,0.9976706504821777],"EasingStyle":"Linear","EasingDirection":"In"},"Right Arm":{"Weight":1,"CFrame":[-0.027243267744779588,-0.19451093673706056,-0.08369588851928711,0.9669119715690613,-0.12723408639431,-0.22111691534519196,0.1634485274553299,0.9744549989700317,0.15401972830295564,0.19587187469005586,-0.18506476283073426,0.9630084037780762],"EasingStyle":"Linear","EasingDirection":"In"},"Left Arm":{"Weight":1,"CFrame":[-0.25457167625427248,-0.3011780381202698,0.19581890106201173,0.545761227607727,0.32338759303092959,-0.7730234265327454,-0.4241984486579895,0.902208685874939,0.07794326543807984,0.7226343154907227,0.2853769063949585,0.6295709609985352],"EasingStyle":"Linear","EasingDirection":"In"},"Head":{"Weight":1,"CFrame":[6.705522537231445e-8,4.48198989033699e-9,-5.960464477539063e-8,0.9971116781234741,-0.058799441903829578,-0.04807256534695625,0.06221342831850052,0.9953961968421936,0.0729103833436966,0.04356417432427406,-0.07569055259227753,0.9961792826652527],"EasingStyle":"Linear","EasingDirection":"In"},"Torso":{"Weight":1,"CFrame":[0.04455685615539551,-0.040829189121723178,-0.13404226303100587,0.9993340373039246,0.017376206815242769,-0.0320873036980629,-0.019000697880983354,0.9985160231590271,-0.05103648081421852,0.031152866780757905,0.05161216855049133,0.998181164264679],"EasingStyle":"Linear","EasingDirection":"In"},"HumanoidRootPart":{"Weight":0,"CFrame":[0,0,0,1,0,0,0,1,0,0,0,1],"EasingStyle":"Linear","EasingDirection":"In"},"Right Leg":{"Weight":1,"CFrame":[0.7007796764373779,0.8141144514083862,0.31372320652008059,0.837225079536438,0.389459490776062,-0.38389497995376589,-0.41280022263526919,0.9105195999145508,0.023454010486602784,0.35867825150489809,0.138835608959198,0.9230788350105286],"EasingStyle":"Linear","EasingDirection":"In"}}},{"Time":0.03333333507180214,"poses":{"Left Leg":{"Weight":1,"CFrame":[-0.44447287917137148,0.01044231653213501,0.029377460479736329,0.9733029007911682,-0.2220933884382248,0.05793145298957825,0.22447605431079865,0.9737216234207153,-0.038426756858825687,-0.0478748194873333,0.05040508881211281,0.9975807666778565],"EasingStyle":"Linear","EasingDirection":"In"},"Right Arm":{"Weight":1,"CFrame":[0.034105539321899417,-0.25251340866088869,-0.09229493141174317,0.9589089155197144,-0.1952032744884491,-0.20588675141334535,0.22387027740478517,0.9663840532302856,0.12642772495746613,0.17428651452064515,-0.16732476651668549,0.9703745245933533],"EasingStyle":"Linear","EasingDirection":"In"},"Left Arm":{"Weight":1,"CFrame":[-0.337672621011734,-0.36265358328819277,0.20814907550811768,0.38502421975135805,0.3589833080768585,-0.8502278923988342,-0.45340684056282046,0.8759855628013611,0.16453412175178529,0.803852379322052,0.32214951515197756,0.5000410676002502],"EasingStyle":"Linear","EasingDirection":"In"},"Head":{"Weight":1,"CFrame":[7.369089871644974e-8,6.5847416408360008e-9,-1.1920928955078126e-7,0.997597336769104,-0.05372120440006256,-0.04374494403600693,0.05677713453769684,0.9957942366600037,0.07190410792827606,0.03969817981123924,-0.07421504706144333,0.9964517951011658],"EasingStyle":"Linear","EasingDirection":"In"},"Torso":{"Weight":1,"CFrame":[0.04012879729270935,-0.04324653744697571,-0.09171509742736817,0.9992204308509827,0.013922861777245999,-0.03694114834070206,-0.015910113230347635,0.9984109997749329,-0.054058175534009936,0.03612980619072914,0.05460377410054207,0.9978542327880859],"EasingStyle":"Linear","EasingDirection":"In"},"HumanoidRootPart":{"Weight":0,"CFrame":[0,0,0,1,0,0,0,1,0,0,0,1],"EasingStyle":"Linear","EasingDirection":"In"},"Right Leg":{"Weight":1,"CFrame":[0.7316932678222656,0.7924222946166992,0.28735244274139407,0.8486036062240601,0.39632001519203188,-0.3504316508769989,-0.4119594097137451,0.9106303453445435,0.03227676823735237,0.3319055736064911,0.11697341501712799,0.9360319972038269],"EasingStyle":"Linear","EasingDirection":"In"}}},{"Time":0.05000000074505806,"poses":{"Left Leg":{"Weight":1,"CFrame":[-0.374324768781662,-0.030511856079101564,0.02439439296722412,0.9834749698638916,-0.17208422720432282,0.05625006556510925,0.1746300607919693,0.9836518168449402,-0.04397084191441536,-0.04776383563876152,0.0530671589076519,0.9974479675292969],"EasingStyle":"Linear","EasingDirection":"In"},"Right Arm":{"Weight":1,"CFrame":[0.09283006191253662,-0.3117871880531311,-0.10008978843688965,0.9334321022033691,-0.3113267123699188,-0.1782698631286621,0.3316897749900818,0.9382656216621399,0.09818101674318314,0.13669809699058534,-0.15077568590641023,0.9790711402893066],"EasingStyle":"Linear","EasingDirection":"In"},"Left Arm":{"Weight":1,"CFrame":[-0.42214247584342959,-0.41681230068206789,0.22044122219085694,0.15291936695575715,0.4110608696937561,-0.8986905217170715,-0.47384122014045718,0.8285325169563294,0.298342764377594,0.8672313094139099,0.38021424412727358,0.3214762508869171],"EasingStyle":"Linear","EasingDirection":"In"},"Head":{"Weight":1,"CFrame":[7.299240678548813e-8,-1.8397258827462794e-8,-4.172325134277344e-7,0.9981822371482849,-0.046006303280591968,-0.03893166780471802,0.04866747930645943,0.9963294863700867,0.07042031735181809,0.03554898127913475,-0.07218700647354126,0.9967573881149292],"EasingStyle":"Linear","EasingDirection":"In"},"Torso":{"Weight":1,"CFrame":[0.03540553152561188,-0.046915873885154727,-0.03773975372314453,0.9990920424461365,0.00846033077687025,-0.04175550490617752,-0.010903912596404553,0.99821937084198,-0.058644849807024,0.04118499904870987,0.059046898037195209,0.9974052906036377],"EasingStyle":"Linear","EasingDirection":"In"},"HumanoidRootPart":{"Weight":0,"CFrame":[0,0,0,1,0,0,0,1,0,0,0,1],"EasingStyle":"Linear","EasingDirection":"In"},"Right Leg":{"Weight":1,"CFrame":[0.7708702087402344,0.7449957728385925,0.2523285150527954,0.8626720905303955,0.4033486843109131,-0.30513378977775576,-0.41076403856277468,0.910746693611145,0.04258403927087784,0.2950758934020996,0.08860189467668534,0.9513568878173828],"EasingStyle":"Linear","EasingDirection":"In"}}},{"Time":0.06666667014360428,"poses":{"Left Leg":{"Weight":1,"CFrame":[-0.26936954259872439,-0.06888067722320557,0.018056869506835939,0.9934205412864685,-0.10003332048654556,0.05575764179229736,0.1028205081820488,0.9934634566307068,-0.04958156496286392,-0.05043340474367142,0.05498838052153587,0.9972124695777893],"EasingStyle":"Linear","EasingDirection":"In"},"Right Arm":{"Weight":1,"CFrame":[0.14920492470264436,-0.37130677700042727,-0.10759317874908447,0.8689655065536499,-0.47605955600738528,-0.13515225052833558,0.48789408802986147,0.8698461055755615,0.0729881003499031,0.08281495422124863,-0.12936413288116456,0.988132894039154],"EasingStyle":"Linear","EasingDirection":"In"},"Left Arm":{"Weight":1,"CFrame":[-0.5052756071090698,-0.4621084928512573,0.23429036140441895,-0.13127155601978303,0.4610096514225006,-0.8776320219039917,-0.4537643790245056,0.7591661214828491,0.466652512550354,0.8813998699188232,0.4594963490962982,0.10953272879123688],"EasingStyle":"Linear","EasingDirection":"In"},"Head":{"Weight":1,"CFrame":[8.175265975296498e-8,-2.845627022907138e-8,-1.7881393432617188e-7,0.9987745881080627,-0.036345064640045169,-0.033590350300073627,0.03858644887804985,0.9968920946121216,0.06868218630552292,0.030989697203040124,-0.06989415735006333,0.9970729351043701],"EasingStyle":"Linear","EasingDirection":"In"},"Torso":{"Weight":1,"CFrame":[0.03039771318435669,-0.05151909589767456,0.0142669677734375,0.9989150762557983,0.0011638536816462875,-0.04655439779162407,-0.00416399585083127,0.9979155659675598,-0.0643988698720932,0.04638240486383438,0.06452285498380661,0.9968377351760864],"EasingStyle":"Linear","EasingDirection":"In"},"HumanoidRootPart":{"Weight":0,"CFrame":[0,0,0,1,0,0,0,1,0,0,0,1],"EasingStyle":"Linear","EasingDirection":"In"},"Right Leg":{"Weight":1,"CFrame":[0.8016207814216614,0.6683797240257263,0.21567165851593018,0.8776971101760864,0.40341517329216006,-0.2586580216884613,-0.40428638458251955,0.9131351113319397,0.052314434200525287,0.25729429721832278,0.05865570157766342,0.9645513296127319],"EasingStyle":"Linear","EasingDirection":"In"}}},{"Time":0.0833333358168602,"poses":{"Left Leg":{"Weight":1,"CFrame":[-0.1313033103942871,-0.0991508960723877,0.010585546493530274,0.9983152151107788,-0.008261092938482762,0.0574328675866127,0.011451704427599907,0.9983958601951599,-0.05544883385300636,-0.05688270926475525,0.05601312220096588,0.9968083500862122],"EasingStyle":"Linear","EasingDirection":"In"},"Right Arm":{"Weight":1,"CFrame":[0.20350484549999238,-0.4300461709499359,-0.11531853675842285,0.7335874438285828,-0.6754363775253296,-0.07506732642650604,0.6794220805168152,0.7314047813415527,0.05858927592635155,0.015331233851611615,-0.09398280829191208,0.9954557418823242],"EasingStyle":"Linear","EasingDirection":"In"},"Left Arm":{"Weight":1,"CFrame":[-0.5843658447265625,-0.496997207403183,0.2512894868850708,-0.41492098569869997,0.49181368947029116,-0.7654802203178406,-0.37288448214530947,0.6755033731460571,0.6361228227615356,0.8299383521080017,0.5493764281272888,-0.0968909040093422],"EasingStyle":"Linear","EasingDirection":"In"},"Head":{"Weight":1,"CFrame":[5.8964360505342486e-8,3.166496753692627e-8,1.1920928955078126e-7,0.9992934465408325,-0.025431599467992784,-0.027673855423927308,0.027236230671405793,0.9973867535591126,0.06691683828830719,0.02589973621070385,-0.06762329488992691,0.9973747134208679],"EasingStyle":"Linear","EasingDirection":"In"},"Torso":{"Weight":1,"CFrame":[0.025115519762039186,-0.0567372590303421,0.0506901741027832,0.9986497163772583,-0.007787642069160938,-0.051362451165914538,0.004130837507545948,0.9974733591079712,-0.07092157751321793,0.05178498849272728,0.07061364501714707,0.9961586594581604],"EasingStyle":"Linear","EasingDirection":"In"},"HumanoidRootPart":{"Weight":0,"CFrame":[0,0,0,1,0,0,0,1,0,0,0,1],"EasingStyle":"Linear","EasingDirection":"In"},"Right Leg":{"Weight":1,"CFrame":[0.7977805137634277,0.5599687099456787,0.1857752799987793,0.8956204652786255,0.3843323886394501,-0.22394761443138123,-0.38108792901039126,0.9226329326629639,0.05933314934372902,0.22942517697811128,0.03220373019576073,0.9727934002876282],"EasingStyle":"Linear","EasingDirection":"In"}}},{"Time":0.10000000149011612,"poses":{"Left Leg":{"Weight":1,"CFrame":[-0.11148808151483536,-0.06083989143371582,0.015259504318237305,0.9979846477508545,0.01045489776879549,0.06258849799633026,-0.006734385155141354,0.9982137680053711,-0.05936267226934433,-0.06309735029935837,0.05882161483168602,0.9962724447250366],"EasingStyle":"Linear","EasingDirection":"In"},"Right Arm":{"Weight":1,"CFrame":[0.255985826253891,-0.48683613538742068,-0.12359493970870972,0.5023388862609863,-0.8646642565727234,-0.0033572844695299865,0.8629293441772461,0.5010771155357361,0.06538112461566925,-0.05485048145055771,-0.035740651190280917,0.9978547096252441],"EasingStyle":"Linear","EasingDirection":"In"},"Left Arm":{"Weight":1,"CFrame":[-0.6566876769065857,-0.5184298157691956,0.272691011428833,-0.6391341090202332,0.4996849298477173,-0.5846558213233948,-0.24216793477535249,0.5907676219940186,0.7696416974067688,0.7299741506576538,0.6334892511367798,-0.2565721273422241],"EasingStyle":"Linear","EasingDirection":"In"},"Head":{"Weight":1,"CFrame":[8.079223334789276e-8,3.91155481338501e-8,4.76837158203125e-7,0.9996792674064636,-0.013964774087071419,-0.021128011867403985,0.01531902700662613,0.9977444410324097,0.06535570323467255,0.020167702808976175,-0.06565839052200318,0.9976383447647095],"EasingStyle":"Linear","EasingDirection":"In"},"Torso":{"Weight":1,"CFrame":[0.019565120339393617,-0.06225110590457916,0.057918548583984378,0.9982529282569885,-0.018211470916867257,-0.05620928853750229,0.013804766349494458,0.9968723058700562,-0.07781389355659485,0.057450588792562488,0.07690198719501496,0.9953820705413818],"EasingStyle":"Linear","EasingDirection":"In"},"HumanoidRootPart":{"Weight":0,"CFrame":[0,0,0,1,0,0,0,1,0,0,0,1],"EasingStyle":"Linear","EasingDirection":"In"},"Right Leg":{"Weight":1,"CFrame":[0.7309467196464539,0.4340183138847351,0.16568326950073243,0.9193586111068726,0.33225923776626589,-0.21067392826080323,-0.3264296054840088,0.9431248903274536,0.06292252987623215,0.2195984423160553,0.010921774432063103,0.9755291938781738],"EasingStyle":"Linear","EasingDirection":"In"}}},{"Time":0.11666666716337204,"poses":{"Left Leg":{"Weight":1,"CFrame":[-0.30814555287361147,0.06156712770462036,0.04693901538848877,0.9914824366569519,-0.10535623878240586,0.07656768709421158,0.1102202832698822,0.9919500350952148,-0.06234225630760193,-0.06938321143388748,0.07025058567523956,0.9951134920120239],"EasingStyle":"Linear","EasingDirection":"In"},"Right Arm":{"Weight":1,"CFrame":[0.3068285286426544,-0.5399255752563477,-0.13201844692230225,0.20173029601573945,-0.9772778749465942,0.06505980342626572,0.9734375476837158,0.20739449560642243,0.09698944538831711,-0.10827869921922684,0.04376589506864548,0.9931567311286926],"EasingStyle":"Linear","EasingDirection":"In"},"Left Arm":{"Weight":1,"CFrame":[-0.7194347977638245,-0.521365761756897,0.29837489128112795,-0.7847926020622253,0.4894055128097534,-0.38024047017097475,-0.09536077082157135,0.510867714881897,0.8543538451194763,0.6123780608177185,0.7067506313323975,-0.35425516963005068],"EasingStyle":"Linear","EasingDirection":"In"},"Head":{"Weight":1,"CFrame":[1.1082738637924194e-7,1.862645149230957e-9,2.384185791015625e-7,0.9998999834060669,-0.002648212481290102,-0.013890719041228295,0.003535372670739889,0.9979284405708313,0.06423675268888474,0.013691826723515988,-0.06427943706512451,0.997838020324707],"EasingStyle":"Linear","EasingDirection":"In"},"Torso":{"Weight":1,"CFrame":[0.013745710253715516,-0.06774158775806427,0.036128997802734378,0.9976810216903687,-0.029921256005764009,-0.0611332468688488,0.02468530647456646,0.9961026310920715,-0.08467698097229004,0.06342863291501999,0.08297152817249298,0.9945313334465027],"EasingStyle":"Linear","EasingDirection":"In"},"HumanoidRootPart":{"Weight":0,"CFrame":[0,0,0,1,0,0,0,1,0,0,0,1],"EasingStyle":"Linear","EasingDirection":"In"},"Right Leg":{"Weight":1,"CFrame":[0.607104480266571,0.321188747882843,0.14542078971862794,0.944905161857605,0.2502801716327667,-0.21098347008228303,-0.24182753264904023,0.9681136012077332,0.06538722664117813,0.22062118351459504,-0.010763170197606087,0.9753001928329468],"EasingStyle":"Linear","EasingDirection":"In"}}},{"Time":0.13333334028720857,"poses":{"Left Leg":{"Weight":1,"CFrame":[-0.5131800174713135,0.19113093614578248,0.10230731964111328,0.9665481448173523,-0.23360683023929597,0.10588937252759934,0.24148808419704438,0.967960000038147,-0.06882518529891968,-0.08641865104436875,0.09209385514259339,0.9919931888580322],"EasingStyle":"Linear","EasingDirection":"In"},"Right Arm":{"Weight":1,"CFrame":[0.3561948537826538,-0.5874184370040894,-0.14000093936920167,-0.10335377603769303,-0.9876769185066223,0.11752595752477646,0.9856725931167603,-0.08586916327476502,0.14517593383789063,-0.13329507410526277,0.13084642589092256,0.9824009537696838],"EasingStyle":"Linear","EasingDirection":"In"},"Left Arm":{"Weight":1,"CFrame":[-0.7697815895080566,-0.5012370347976685,0.3278794288635254,-0.8638349175453186,0.466528058052063,-0.19010759890079499,0.0376974381506443,0.43616926670074465,0.8990746140480042,0.5023625493049622,0.7694855332374573,-0.39436519145965578],"EasingStyle":"Linear","EasingDirection":"In"},"Head":{"Weight":1,"CFrame":[9.359791874885559e-8,5.3551048040390018e-9,5.960464477539063e-7,0.9999521374702454,0.007809736765921116,-0.005892520304769278,-0.0074179815128445629,0.9979346990585327,0.06380677968263626,0.006378654390573502,-0.06376002728939057,0.9979448914527893],"EasingStyle":"Linear","EasingDirection":"In"},"Torso":{"Weight":1,"CFrame":[0.007648304104804993,-0.07293984293937683,-0.0013391971588134766,0.9968922138214111,-0.04272892698645592,-0.06618296355009079,0.03660174086689949,0.9951620101928711,-0.09117479622364044,0.0697585716843605,0.08846903592348099,0.9936332106590271],"EasingStyle":"Linear","EasingDirection":"In"},"HumanoidRootPart":{"Weight":0,"CFrame":[0,0,0,1,0,0,0,1,0,0,0,1],"EasingStyle":"Linear","EasingDirection":"In"},"Right Leg":{"Weight":1,"CFrame":[0.44811582565307619,0.23446613550186158,0.11701440811157227,0.9657285809516907,0.14944109320640565,-0.2122160792350769,-0.137774258852005,0.9880695343017578,0.06882435083389282,0.21996945142745973,-0.037227753549814227,0.9747961759567261],"EasingStyle":"Linear","EasingDirection":"In"}}},{"Time":0.15000000596046449,"poses":{"Left Leg":{"Weight":1,"CFrame":[-0.6415796875953674,0.2998555302619934,0.18170690536499024,0.9337835907936096,-0.32304683327674868,0.15391209721565247,0.3378071188926697,0.9376937747001648,-0.08134336769580841,-0.11804471909999848,0.12794964015483857,0.98473060131073],"EasingStyle":"Linear","EasingDirection":"In"},"Right Arm":{"Weight":1,"CFrame":[0.4041484594345093,-0.6277445554733276,-0.14704006910324098,-0.3624188005924225,-0.919532299041748,0.15202975273132325,0.9226480722427368,-0.3309022784233093,0.1980511099100113,-0.13180740177631379,0.21204721927642823,0.9683298468589783],"EasingStyle":"Linear","EasingDirection":"In"},"Left Arm":{"Weight":1,"CFrame":[-0.8059781193733215,-0.469978392124176,0.36021947860717776,-0.8992379307746887,0.436037540435791,-0.0352468267083168,0.1412772536277771,0.36571815609931948,0.919940710067749,0.4140191376209259,0.8222661018371582,-0.39046987891197207],"EasingStyle":"Linear","EasingDirection":"In"},"Head":{"Weight":1,"CFrame":[1.0896474123001099e-7,1.4435499906539917e-8,2.384185791015625e-7,0.9998541474342346,0.016844037920236589,0.002816476160660386,-0.016989493742585183,0.9978166222572327,0.06382251530885697,-0.0017352880677208305,-0.06386105716228485,0.9979572892189026],"EasingStyle":"Linear","EasingDirection":"In"},"Torso":{"Weight":1,"CFrame":[0.0013025403022766114,-0.07777053117752075,-0.04824042320251465,0.9958600401878357,-0.05630962923169136,-0.07135865092277527,0.04924114793539047,0.9940447211265564,-0.09721317887306214,0.07640773057937622,0.09329693019390106,0.9927021265029907],"EasingStyle":"Linear","EasingDirection":"In"},"HumanoidRootPart":{"Weight":0,"CFrame":[0,0,0,1,0,0,0,1,0,0,0,1],"EasingStyle":"Linear","EasingDirection":"In"},"Right Leg":{"Weight":1,"CFrame":[0.3294903039932251,0.191054105758667,0.09133589267730713,0.9761322736740112,0.07332827150821686,-0.2044229805469513,-0.059103693813085559,0.995441734790802,0.07485000789165497,0.20897984504699708,-0.060981348156929019,0.9760167598724365],"EasingStyle":"Linear","EasingDirection":"In"}}},{"Time":0.1666666716337204,"poses":{"Left Leg":{"Weight":1,"CFrame":[-0.6804488301277161,0.3969704508781433,0.27169156074523928,0.9073434472084045,-0.36274024844169619,0.21247895061969758,0.38915202021598818,0.9159327745437622,-0.09812173992395401,-0.15902382135391236,0.17171667516231538,0.9722267389297485],"EasingStyle":"Linear","EasingDirection":"In"},"Right Arm":{"Weight":1,"CFrame":[0.450359970331192,-0.660628080368042,-0.1529729962348938,-0.5621433854103088,-0.8087400197982788,0.1730155646800995,0.819463849067688,-0.5164186954498291,0.2485773116350174,-0.11168596148490906,0.28151601552963259,0.9530345797538757],"EasingStyle":"Linear","EasingDirection":"In"},"Left Arm":{"Weight":1,"CFrame":[-0.8305798172950745,-0.43909382820129397,0.3923184871673584,-0.9106526970863342,0.4059406518936157,0.07696550339460373,0.21368823945522309,0.3033045530319214,0.9286245703697205,0.3536226451396942,0.8621011972427368,-0.36294999718666079],"EasingStyle":"Linear","EasingDirection":"In"},"Head":{"Weight":1,"CFrame":[8.102506399154663e-8,2.2817403078079225e-8,3.5762786865234377e-7,0.9996317625045776,0.024483144283294679,0.01170017197728157,-0.02518453262746334,0.9976239800453186,0.06412555277347565,-0.010102380067110062,-0.06439659744501114,0.9978732466697693],"EasingStyle":"Linear","EasingDirection":"In"},"Torso":{"Weight":1,"CFrame":[-0.005097717046737671,-0.08218050003051758,-0.09828782081604004,0.99462890625,-0.06977024674415589,-0.07645535469055176,0.06174502521753311,0.9927915334701538,-0.10272563248872757,0.08307141810655594,0.09745314717292786,0.9917671084403992],"EasingStyle":"Linear","EasingDirection":"In"},"HumanoidRootPart":{"Weight":0,"CFrame":[0,0,0,1,0,0,0,1,0,0,0,1],"EasingStyle":"Linear","EasingDirection":"In"},"Right Leg":{"Weight":1,"CFrame":[0.35857093334198,0.20294052362442017,0.09022247791290283,0.9782522320747376,0.08609781414270401,-0.18870523571968079,-0.07147512584924698,0.9939845204353333,0.08298253268003464,0.1947147697210312,-0.0676901638507843,0.978521466255188],"EasingStyle":"Linear","EasingDirection":"In"}}},{"Time":0.18333333730697633,"poses":{"Left Leg":{"Weight":1,"CFrame":[-0.6681782603263855,0.47949886322021487,0.35896337032318118,0.887819766998291,-0.371974915266037,0.2709440290927887,0.4139935374259949,0.9026952981948853,-0.1172628402709961,-0.20096109807491303,0.2162773609161377,0.9554259777069092],"EasingStyle":"Linear","EasingDirection":"In"},"Right Arm":{"Weight":1,"CFrame":[0.49440136551856997,-0.6861187219619751,-0.1577223539352417,-0.7066070437431336,-0.6826948523521423,0.1861024796962738,0.7030690312385559,-0.6476245522499085,0.29372864961624148,-0.08000250160694123,0.33839353919029238,0.9375976324081421],"EasingStyle":"Linear","EasingDirection":"In"},"Left Arm":{"Weight":1,"CFrame":[-0.8472193479537964,-0.40398454666137698,0.4205765724182129,-0.9113624095916748,0.3847101628780365,0.146344393491745,0.2566118836402893,0.253065824508667,0.9327957630157471,0.32182127237319949,0.8876687288284302,-0.32935601472854617],"EasingStyle":"Linear","EasingDirection":"In"},"Head":{"Weight":1,"CFrame":[1.3690441846847535e-7,6.984919309616089e-9,2.384185791015625e-7,0.9993201494216919,0.030901581048965455,0.02010669745504856,-0.032150883227586749,0.9973604083061218,0.06510374695062638,-0.018041811883449556,-0.06570592522621155,0.997675895690918],"EasingStyle":"Linear","EasingDirection":"In"},"Torso":{"Weight":1,"CFrame":[-0.011326298117637635,-0.08609828352928162,-0.14531278610229493,0.9933105111122131,-0.082074835896492,-0.08122775703668595,0.07312431186437607,0.9914989471435547,-0.10762286931276322,0.08937036246061325,0.10096319764852524,0.9908679723739624],"EasingStyle":"Linear","EasingDirection":"In"},"HumanoidRootPart":{"Weight":0,"CFrame":[0,0,0,1,0,0,0,1,0,0,0,1],"EasingStyle":"Linear","EasingDirection":"In"},"Right Leg":{"Weight":1,"CFrame":[0.45549139380455019,0.24095481634140016,0.09586906433105469,0.97562175989151,0.1399623304605484,-0.16903461515903474,-0.12582477927207948,0.9878064393997192,0.09168727695941925,0.17980629205703736,-0.06818339228630066,0.9813361763954163],"EasingStyle":"Linear","EasingDirection":"In"}}},{"Time":0.20000000298023225,"poses":{"Left Leg":{"Weight":1,"CFrame":[-0.6313604116439819,0.5419607162475586,0.430991530418396,0.874468207359314,-0.36384809017181399,0.3208112120628357,0.4226793050765991,0.8960309624671936,-0.13590694963932038,-0.2380073517560959,0.2544466257095337,0.9373416900634766],"EasingStyle":"Linear","EasingDirection":"In"},"Right Arm":{"Weight":1,"CFrame":[0.5358438491821289,-0.7042654752731323,-0.16121065616607667,-0.8058655261993408,-0.5586303472518921,0.19624687731266023,0.5906296968460083,-0.7350959777832031,0.3328520655632019,-0.041680872440338138,0.384143203496933,0.9223321676254273],"EasingStyle":"Linear","EasingDirection":"In"},"Left Arm":{"Weight":1,"CFrame":[-0.8588900566101074,-0.36243242025375368,0.4421318769454956,-0.9096233248710632,0.3741062581539154,0.18063725531101228,0.2763326168060303,0.22018484771251679,0.9354992508888245,0.31020262837409975,0.9008679986000061,-0.3036632239818573],"EasingStyle":"Linear","EasingDirection":"In"},"Head":{"Weight":1,"CFrame":[8.568167686462403e-8,-1.7695128917694093e-8,-5.960464477539063e-8,0.998966634273529,0.036270495504140857,0.02738778665661812,-0.03804073855280876,0.9970173835754395,0.06715060025453568,-0.024870529770851136,-0.06812307238578797,0.9973669052124023],"EasingStyle":"Linear","EasingDirection":"In"},"Torso":{"Weight":1,"CFrame":[-0.01716606318950653,-0.08944061398506165,-0.18341732025146485,0.9920689463615418,-0.09218954294919968,-0.0854417234659195,0.08239715546369553,0.9903087019920349,-0.11180078983306885,0.09492054581642151,0.10387393832206726,0.9900506734848023],"EasingStyle":"Linear","EasingDirection":"In"},"HumanoidRootPart":{"Weight":0,"CFrame":[0,0,0,1,0,0,0,1,0,0,0,1],"EasingStyle":"Linear","EasingDirection":"In"},"Right Leg":{"Weight":1,"CFrame":[0.5250747203826904,0.27186548709869387,0.09411895275115967,0.9726927876472473,0.17746442556381226,-0.14958308637142182,-0.16379916667938233,0.9814841151237488,0.09929116070270539,0.16443414986133576,-0.07207823544740677,0.9837510585784912],"EasingStyle":"Linear","EasingDirection":"In"}}},{"Time":0.21666666865348817,"poses":{"Left Leg":{"Weight":1,"CFrame":[-0.5938848853111267,0.5782808065414429,0.4795924425125122,0.8660454750061035,-0.3507789373397827,0.3562573790550232,0.4237174391746521,0.8931899070739746,-0.15058332681655885,-0.26538410782814028,0.28136447072029116,0.9221742749214172],"EasingStyle":"Linear","EasingDirection":"In"},"Right Arm":{"Weight":1,"CFrame":[0.5742573142051697,-0.7151169776916504,-0.16336047649383546,-0.8705502152442932,-0.4467148780822754,0.20636899769306184,0.4920792579650879,-0.7898417115211487,0.36607101559638979,-0.0005304627702571452,0.4202331006526947,0.907416045665741],"EasingStyle":"Linear","EasingDirection":"In"},"Left Arm":{"Weight":1,"CFrame":[-0.8660353422164917,-0.32318583130836489,0.45706939697265627,-0.9086611270904541,0.3694167137145996,0.19459252059459687,0.28255724906921389,0.20092947781085969,0.9379705190658569,0.30740267038345339,0.9072809219360352,-0.2869583070278168],"EasingStyle":"Linear","EasingDirection":"In"},"Head":{"Weight":1,"CFrame":[1.0244548320770264e-7,5.029141902923584e-8,0,0.9986271262168884,0.040762145072221759,0.032897740602493289,-0.04300611838698387,0.9965727925300598,0.07066189497709274,-0.029904667288064958,-0.07197969406843186,0.9969577193260193],"EasingStyle":"Linear","EasingDirection":"In"},"Torso":{"Weight":1,"CFrame":[-0.02240559458732605,-0.09211596846580506,-0.20709919929504395,0.9911026358604431,-0.09908390045166016,-0.0888703241944313,0.0885879173874855,0.9893906116485596,-0.11514494568109513,0.09933647513389588,0.10624763369560242,0.98936527967453],"EasingStyle":"Linear","EasingDirection":"In"},"HumanoidRootPart":{"Weight":0,"CFrame":[0,0,0,1,0,0,0,1,0,0,0,1],"EasingStyle":"Linear","EasingDirection":"In"},"Right Leg":{"Weight":1,"CFrame":[0.5658382177352905,0.2920975089073181,0.08966600894927979,0.9708890318870544,0.1981208473443985,-0.13462017476558686,-0.18491235375404359,0.977181077003479,0.10452067852020264,0.1522560864686966,-0.0765850841999054,0.9853693842887878],"EasingStyle":"Linear","EasingDirection":"In"}}},{"Time":0.23333333432674409,"poses":{"Left Leg":{"Weight":1,"CFrame":[-0.5750027894973755,0.5838481187820435,0.499881386756897,0.8620287179946899,-0.34305819869041445,0.37311872839927676,0.4234185218811035,0.8920376896858215,-0.1580679565668106,-0.2786094844341278,0.2942444980144501,0.914219319820404],"EasingStyle":"Linear","EasingDirection":"In"},"Right Arm":{"Weight":1,"CFrame":[0.6092104911804199,-0.7187237739562988,-0.16409426927566529,-0.9084259867668152,-0.35634976625442507,0.21857987344264985,0.41618451476097109,-0.8201943635940552,0.3925195336341858,0.03940379619598389,0.4475444555282593,0.8933930993080139],"EasingStyle":"Linear","EasingDirection":"In"},"Left Arm":{"Weight":1,"CFrame":[-0.8684605360031128,-0.2978561818599701,0.46621155738830569,-0.9084882140159607,0.36755236983299258,0.19888295233249665,0.28160399198532107,0.18677562475204469,0.9411769509315491,0.3087853193283081,0.9110544323921204,-0.2731877267360687],"EasingStyle":"Linear","EasingDirection":"In"},"Head":{"Weight":1,"CFrame":[8.940696716308594e-8,-2.7939677238464357e-9,-1.1920928955078126e-7,0.9983583092689514,0.04455616697669029,0.03599216789007187,-0.047191470861434939,0.9959879517555237,0.07603289932012558,-0.0324600413441658,-0.07760659605264664,0.9964554905891419],"EasingStyle":"Linear","EasingDirection":"In"},"Torso":{"Weight":1,"CFrame":[-0.026834815740585328,-0.09402954578399658,-0.21135210990905763,0.9906147122383118,-0.10172955691814423,-0.09128833562135697,0.0907236784696579,0.988915741443634,-0.11753693968057633,0.10223344713449478,0.10815180838108063,0.9888637661933899],"EasingStyle":"Linear","EasingDirection":"In"},"HumanoidRootPart":{"Weight":0,"CFrame":[0,0,0,1,0,0,0,1,0,0,0,1],"EasingStyle":"Linear","EasingDirection":"In"},"Right Leg":{"Weight":1,"CFrame":[0.5731284618377686,0.2979620695114136,0.08693289756774903,0.9714190363883972,0.19961301982402802,-0.12845109403133393,-0.18665377795696259,0.9766721725463867,0.10616899281740189,0.1466473937034607,-0.079158715903759,0.9860164523124695],"EasingStyle":"Linear","EasingDirection":"In"}}},{"Time":0.25,"poses":{"Left Leg":{"Weight":1,"CFrame":[-0.5761556625366211,0.5623525381088257,0.49533605575561526,0.8617948293685913,-0.342176228761673,0.3744664192199707,0.4227673411369324,0.8924546837806702,-0.15745596587657929,-0.2803167402744293,0.29400697350502016,0.913773775100708],"EasingStyle":"Linear","EasingDirection":"In"},"Right Arm":{"Weight":1,"CFrame":[0.6361141204833984,-0.7177507877349854,-0.16407501697540284,-0.9264765977859497,-0.29529887437820437,0.23332332074642182,0.3691306412220001,-0.8338631987571716,0.41038355231285097,0.07337398827075958,0.46633753180503847,0.8815585970878601],"EasingStyle":"Linear","EasingDirection":"In"},"Left Arm":{"Weight":1,"CFrame":[-0.8647724390029907,-0.2831607162952423,0.47026705741882326,-0.9094333648681641,0.36612728238105776,0.19718441367149354,0.27447590231895449,0.17227308452129365,0.9460363984107971,0.312400221824646,0.9144794940948486,-0.2571641802787781],"EasingStyle":"Linear","EasingDirection":"In"},"Head":{"Weight":1,"CFrame":[6.891787052154541e-8,-2.0489096641540528e-8,-3.5762786865234377e-7,0.9981614947319031,0.04776535928249359,0.03731025010347366,-0.05075480416417122,0.9951908588409424,0.0837799683213234,-0.03312903642654419,-0.08551960438489914,0.9957855343818665],"EasingStyle":"Linear","EasingDirection":"In"},"Torso":{"Weight":1,"CFrame":[-0.030004248023033143,-0.09525877237319946,-0.19235920906066895,0.9906330108642578,-0.10075046867132187,-0.09217127412557602,0.08948962390422821,0.9888443350791931,-0.11907348781824112,0.10313975065946579,0.10970975458621979,0.9885979890823364],"EasingStyle":"Linear","EasingDirection":"In"},"HumanoidRootPart":{"Weight":0,"CFrame":[0,0,0,1,0,0,0,1,0,0,0,1],"EasingStyle":"Linear","EasingDirection":"In"},"Right Leg":{"Weight":1,"CFrame":[0.5439598560333252,0.28613436222076418,0.08454585075378418,0.9756731390953064,0.17873825132846833,-0.12694285809993745,-0.16605350375175477,0.9805751442909241,0.10439614951610565,0.14313668012619019,-0.08077726513147354,0.9864010214805603],"EasingStyle":"Linear","EasingDirection":"In"}}},{"Time":0.2666666805744171,"poses":{"Left Leg":{"Weight":1,"CFrame":[-0.5862730741500855,0.5268337726593018,0.47388243675231936,0.8651396632194519,-0.34314632415771487,0.365764856338501,0.4189949929714203,0.8953312635421753,-0.15107955038547517,-0.2756383717060089,0.2839585840702057,0.9183632135391235],"EasingStyle":"Linear","EasingDirection":"In"},"Right Arm":{"Weight":1,"CFrame":[0.6516196131706238,-0.7150150537490845,-0.16394025087356568,-0.9329731464385986,-0.26233407855033877,0.24645887315273286,0.34676599502563479,-0.8386566638946533,0.4200100600719452,0.09651140868663788,0.4773215353488922,0.8734126091003418],"EasingStyle":"Linear","EasingDirection":"In"},"Left Arm":{"Weight":1,"CFrame":[-0.8536413908004761,-0.27032479643821719,0.469480037689209,-0.9129089713096619,0.362440288066864,0.18770764768123628,0.259235680103302,0.15964478254318238,0.9525284171104431,0.31526821851730349,0.9182323217391968,-0.2396986335515976],"EasingStyle":"Linear","EasingDirection":"In"},"Head":{"Weight":1,"CFrame":[8.940696716308594e-8,-6.51925802230835e-9,0,0.9980078935623169,0.05039940029382706,0.037949323654174808,-0.05375971272587776,0.9941698312759399,0.09346815198659897,-0.033017344772815707,-0.09532209485769272,0.9948987364768982],"EasingStyle":"Linear","EasingDirection":"In"},"Torso":{"Weight":1,"CFrame":[-0.03176203370094299,-0.09600511193275452,-0.15448546409606934,0.9910013675689697,-0.09781813621520996,-0.09136656671762467,0.08655573427677155,0.9889926910400391,-0.12000642716884613,0.10209967195987702,0.11101824045181275,0.9885598421096802],"EasingStyle":"Linear","EasingDirection":"In"},"HumanoidRootPart":{"Weight":0,"CFrame":[0,0,0,1,0,0,0,1,0,0,0,1],"EasingStyle":"Linear","EasingDirection":"In"},"Right Leg":{"Weight":1,"CFrame":[0.48360034823417666,0.26029324531555178,0.07942533493041992,0.9826886057853699,0.1376393884420395,-0.12400982528924942,-0.125557541847229,0.9869822263717651,0.10050550103187561,0.13622905313968659,-0.0831952914595604,0.9871779084205627],"EasingStyle":"Linear","EasingDirection":"In"}}},{"Time":0.28333333134651186,"poses":{"Left Leg":{"Weight":1,"CFrame":[-0.6002230644226074,0.4881529211997986,0.43827342987060549,0.8727765083312988,-0.34346896409988406,0.3468288779258728,0.4106634557247162,0.9007592797279358,-0.14137986302375794,-0.26384973526000979,0.2658229172229767,0.9272116422653198],"EasingStyle":"Linear","EasingDirection":"In"},"Right Arm":{"Weight":1,"CFrame":[0.6568809747695923,-0.7107908725738525,-0.16357403993606568,-0.9340548515319824,-0.2526818513870239,0.2523757219314575,0.3413596451282501,-0.8393722772598267,0.4229986071586609,0.10495305806398392,0.4812546372413635,0.87027508020401],"EasingStyle":"Linear","EasingDirection":"In"},"Left Arm":{"Weight":1,"CFrame":[-0.8349682688713074,-0.26226386427879336,0.46397507190704348,-0.919999897480011,0.35217326879501345,0.17197135090827943,0.23758210241794587,0.15217113494873048,0.9593740701675415,0.3116969168186188,0.9234814047813416,-0.22366760671138764],"EasingStyle":"Linear","EasingDirection":"In"},"Head":{"Weight":1,"CFrame":[9.872019290924072e-8,4.0978193283081057e-8,0,0.9978998303413391,0.05249742418527603,0.03794698417186737,-0.056195929646492007,0.9929816722869873,0.10406438261270523,-0.03221755102276802,-0.10597828030586243,0.9938463568687439],"EasingStyle":"Linear","EasingDirection":"In"},"Torso":{"Weight":1,"CFrame":[-0.03231361508369446,-0.09636422991752625,-0.10649609565734863,0.991620659828186,-0.09347452223300934,-0.0891684740781784,0.08242335915565491,0.9892911314964294,-0.12045527994632721,0.09947307407855988,0.1120963767170906,0.9887059926986694],"EasingStyle":"Linear","EasingDirection":"In"},"HumanoidRootPart":{"Weight":0,"CFrame":[0,0,0,1,0,0,0,1,0,0,0,1],"EasingStyle":"Linear","EasingDirection":"In"},"Right Leg":{"Weight":1,"CFrame":[0.3967101573944092,0.2273334264755249,0.07217085361480713,0.9893960356712341,0.08035140484571457,-0.12099238485097885,-0.06903882324695587,0.9930845499038696,0.09495662152767182,0.12778563797473908,-0.08559659123420716,0.9881012439727783],"EasingStyle":"Linear","EasingDirection":"In"}}},{"Time":0.30000001192092898,"poses":{"Left Leg":{"Weight":1,"CFrame":[-0.613632082939148,0.446233868598938,0.39070773124694826,0.8845349550247192,-0.34073135256767275,0.3185907006263733,0.39694374799728396,0.9085320830345154,-0.13040344417095185,-0.2450173944234848,0.24180901050567628,0.9388796091079712],"EasingStyle":"Linear","EasingDirection":"In"},"Right Arm":{"Weight":1,"CFrame":[0.6527624726295471,-0.7053520679473877,-0.16286075115203858,-0.9334416389465332,-0.25485682487487795,0.25245726108551028,0.34294697642326357,-0.8404282927513123,0.41960427165031435,0.10523325949907303,0.4782555103302002,0.8718931078910828],"EasingStyle":"Linear","EasingDirection":"In"},"Left Arm":{"Weight":1,"CFrame":[-0.808652400970459,-0.2617167830467224,0.4538767337799072,-0.9309794902801514,0.3329920470714569,0.14964425563812257,0.20968373119831086,0.1521863341331482,0.9658529758453369,0.29884761571884158,0.9305673837661743,-0.21150551736354829],"EasingStyle":"Linear","EasingDirection":"In"},"Head":{"Weight":1,"CFrame":[8.195638656616211e-8,1.5832483768463136e-8,1.1920928955078126e-7,0.9978373050689697,0.05410030111670494,0.037335190922021869,-0.05805424973368645,0.9917211532592773,0.11453742533922196,-0.030829595401883127,-0.11645717918872833,0.9927170872688294],"EasingStyle":"Linear","EasingDirection":"In"},"Torso":{"Weight":1,"CFrame":[-0.03183642029762268,-0.09643179178237915,-0.05781221389770508,0.9923920631408691,-0.08826174587011337,-0.08583610504865647,0.07759378850460053,0.9896713495254517,-0.12053974717855454,0.09558857977390289,0.11296234279870987,0.9889905452728272],"EasingStyle":"Linear","EasingDirection":"In"},"HumanoidRootPart":{"Weight":0,"CFrame":[0,0,0,1,0,0,0,1,0,0,0,1],"EasingStyle":"Linear","EasingDirection":"In"},"Right Leg":{"Weight":1,"CFrame":[0.2942919135093689,0.19474941492080689,0.06376540660858154,0.9927607178688049,0.014706828631460667,-0.11920502781867981,-0.0041822874918580059,0.9961060881614685,0.08806329220533371,0.1200360581278801,-0.08692723512649536,0.9889565110206604],"EasingStyle":"Linear","EasingDirection":"In"}}},{"Time":0.3166666626930237,"poses":{"Left Leg":{"Weight":1,"CFrame":[-0.6184596419334412,0.3959512710571289,0.3333296775817871,0.9001707434654236,-0.3304472863674164,0.2837202847003937,0.3752562999725342,0.9191057682037354,-0.120113804936409,-0.22107775509357453,0.21459074318408967,0.9513545632362366],"EasingStyle":"Linear","EasingDirection":"In"},"Right Arm":{"Weight":1,"CFrame":[0.6399052143096924,-0.6989724636077881,-0.16168516874313355,-0.9308305382728577,-0.26504620909690859,0.2516048848628998,0.3505324423313141,-0.8422378301620483,0.40958818793296816,0.10335144400596619,0.46945279836654665,0.8768879771232605],"EasingStyle":"Linear","EasingDirection":"In"},"Left Arm":{"Weight":1,"CFrame":[-0.7745946049690247,-0.2716745436191559,0.4393094778