{"Sequence":[{"Time":0,"poses":{"Left Leg":{"Weight":1,"CFrame":[-0.07916262745857239,0.12154126167297363,0.162908673286438,0.7943194508552551,-0.45714282989501955,0.40009626746177676,0.43865129351615908,0.8872283101081848,0.14286713302135468,-0.4202873706817627,0.06202066317200661,0.9052689671516419],"EasingStyle":"Constant","EasingDirection":"In"},"Right Arm":{"Weight":1,"CFrame":[0.0801774263381958,0.3316589593887329,0.3309359550476074,-0.3139665424823761,-0.3740239441394806,-0.8726574778556824,0.7393676042556763,-0.672929048538208,0.022408440709114076,-0.5956178903579712,-0.6381791234016419,0.4878184199333191],"EasingStyle":"Constant","EasingDirection":"In"},"Left Arm":{"Weight":1,"CFrame":[-0.0743379145860672,0.24886828660964967,0.31706702709198,-0.3019525110721588,0.22975663840770722,0.9252224564552307,-0.7236981391906738,-0.6869931817054749,-0.0655854344367981,0.6205527782440186,-0.6893854141235352,0.37371379137039187],"EasingStyle":"Constant","EasingDirection":"In"},"Right Leg":{"Weight":1,"CFrame":[0.13809818029403687,0.15235543251037599,-0.0035728812217712404,0.9076269865036011,-0.4144032895565033,-0.0669562965631485,0.41865310072898867,0.9052738547325134,0.0721728578209877,0.03070521540939808,-0.09353756159543991,0.9951421618461609],"EasingStyle":"Constant","EasingDirection":"In"},"Torso":{"Weight":1,"CFrame":[0.1433221995830536,0.3026881217956543,-0.22559070587158204,0.9038028717041016,0.40216881036758425,0.1462899148464203,-0.4279491901397705,0.8493561744689941,0.3089558482170105,1.6298240268497467e-7,-0.34183984994888308,0.9397582411766052],"EasingStyle":"Constant","EasingDirection":"In"},"HumanoidRootPart":{"Weight":0,"CFrame":[0,0,0,1,0,0,0,1,0,0,0,1],"EasingStyle":"Linear","EasingDirection":"In"},"Head":{"Weight":1,"CFrame":[1.1962779922214396e-7,-4.470348358154297e-8,0.016662240028381349,0.9999546408653259,-0.009493919089436531,-0.0007595520000904799,0.008678851649165154,0.9411360025405884,-0.33791670203208926,0.003922977484762669,0.3378947675228119,0.9411758184432983],"EasingStyle":"Constant","EasingDirection":"In"}}},{"Time":0.06916666775941849,"poses":{"Left Leg":{"Weight":1,"CFrame":[-0.07916262745857239,0.12154126167297363,0.162908673286438,0.7943194508552551,-0.45714282989501955,0.40009626746177676,0.43865129351615908,0.8872283101081848,0.14286713302135468,-0.4202873706817627,0.06202066317200661,0.9052689671516419],"EasingStyle":"Constant","EasingDirection":"In"},"Right Arm":{"Weight":1,"CFrame":[0.0801774263381958,0.3316589593887329,0.3309359550476074,-0.3139665424823761,-0.3740239441394806,-0.8726574778556824,0.7393676042556763,-0.672929048538208,0.022408440709114076,-0.5956178903579712,-0.6381791234016419,0.4878184199333191],"EasingStyle":"Constant","EasingDirection":"In"},"Left Arm":{"Weight":1,"CFrame":[-0.0743379145860672,0.24886828660964967,0.31706702709198,-0.3019525110721588,0.22975663840770722,0.9252224564552307,-0.7236981391906738,-0.6869931817054749,-0.0655854344367981,0.6205527782440186,-0.6893854141235352,0.37371379137039187],"EasingStyle":"Constant","EasingDirection":"In"},"Right Leg":{"Weight":1,"CFrame":[0.13809818029403687,0.15235543251037599,-0.0035728812217712404,0.9076269865036011,-0.4144032895565033,-0.0669562965631485,0.41865310072898867,0.9052738547325134,0.0721728578209877,0.03070521540939808,-0.09353756159543991,0.9951421618461609],"EasingStyle":"Constant","EasingDirection":"In"},"Torso":{"Weight":1,"CFrame":[0.1433221995830536,0.3026881217956543,-0.22559070587158204,0.9038028717041016,0.40216881036758425,0.1462899148464203,-0.4279491901397705,0.8493561744689941,0.3089558482170105,1.6298240268497467e-7,-0.34183984994888308,0.9397582411766052],"EasingStyle":"Constant","EasingDirection":"In"},"HumanoidRootPart":{"Weight":0,"CFrame":[0,0,0,1,0,0,0,1,0,0,0,1],"EasingStyle":"Linear","EasingDirection":"In"},"Head":{"Weight":1,"CFrame":[1.1962779922214396e-7,-4.470348358154297e-8,0.016662240028381349,0.9999546408653259,-0.009493919089436531,-0.0007595520000904799,0.008678851649165154,0.9411360025405884,-0.33791670203208926,0.003922977484762669,0.3378947675228119,0.9411758184432983],"EasingStyle":"Constant","EasingDirection":"In"}}},{"Time":0.10333333164453507,"poses":{"Left Leg":{"Weight":1,"CFrame":[0.0666319727897644,0.12112504243850708,0.10191917419433594,0.8505377769470215,-0.3310298025608063,0.40866217017173769,0.31198036670684817,0.9431442618370056,0.11466126888990402,-0.4233836829662323,0.029970817267894746,0.905454695224762],"EasingStyle":"Constant","EasingDirection":"In"},"Right Arm":{"Weight":1,"CFrame":[0.018981367349624635,0.3277873992919922,0.3834421634674072,-0.30543673038482668,0.13341769576072694,-0.9428192377090454,0.36703938245773318,-0.8971263766288757,-0.24585819244384767,-0.8786298632621765,-0.4211459755897522,0.22504572570323945],"EasingStyle":"Constant","EasingDirection":"In"},"Left Arm":{"Weight":1,"CFrame":[-0.08034482598304749,0.23909693956375123,0.3329707384109497,-0.3145766854286194,0.05214717239141464,0.9477986097335815,-0.22359450161457063,-0.9744645953178406,-0.020596900954842569,0.9225220680236816,-0.2184019386768341,0.3182036578655243],"EasingStyle":"Constant","EasingDirection":"In"},"Right Leg":{"Weight":1,"CFrame":[0.15085361897945405,0.10129058361053467,0.0050733089447021488,0.9731796979904175,-0.21591638028621674,-0.0793817937374115,0.22010622918605805,0.9742750525474548,0.048388123512268069,0.06689189374446869,-0.06456279754638672,0.9956692457199097],"EasingStyle":"Constant","EasingDirection":"In"},"Torso":{"Weight":1,"CFrame":[0.08993712067604065,0.1899418830871582,-0.13938641548156739,0.9038028717041016,0.4137459397315979,0.10933801531791687,-0.4279491901397705,0.8738064169883728,0.2309156358242035,1.45435649301362e-7,-0.25549331307411196,0.966810941696167],"EasingStyle":"Constant","EasingDirection":"In"},"HumanoidRootPart":{"Weight":0,"CFrame":[0,0,0,1,0,0,0,1,0,0,0,1],"EasingStyle":"Linear","EasingDirection":"In"},"Head":{"Weight":1,"CFrame":[1.10795099317329e-7,7.450580596923828e-8,0.016661882400512697,0.9999546408653259,-0.009493889287114144,-0.0007595609058625996,0.008997894823551178,0.9678263664245606,-0.2514581084251404,0.0031224237754940988,0.2514398396015167,0.9678679704666138],"EasingStyle":"Constant","EasingDirection":"In"}}},{"Time":0.24124999344348908,"poses":{"Left Leg":{"Weight":1,"CFrame":[0.0666319727897644,0.12112504243850708,0.10191917419433594,0.8505377769470215,-0.3310298025608063,0.40866217017173769,0.31198036670684817,0.9431442618370056,0.11466126888990402,-0.4233836829662323,0.029970817267894746,0.905454695224762],"EasingStyle":"Constant","EasingDirection":"In"},"Right Arm":{"Weight":1,"CFrame":[0.018981367349624635,0.3277873992919922,0.3834421634674072,-0.30543673038482668,0.13341769576072694,-0.9428192377090454,0.36703938245773318,-0.8971263766288757,-0.24585819244384767,-0.8786298632621765,-0.4211459755897522,0.22504572570323945],"EasingStyle":"Constant","EasingDirection":"In"},"Left Arm":{"Weight":1,"CFrame":[-0.08034482598304749,0.23909693956375123,0.3329707384109497,-0.3145766854286194,0.05214717239141464,0.9477986097335815,-0.22359450161457063,-0.9744645953178406,-0.020596900954842569,0.9225220680236816,-0.2184019386768341,0.3182036578655243],"EasingStyle":"Constant","EasingDirection":"In"},"Right Leg":{"Weight":1,"CFrame":[0.15085361897945405,0.10129058361053467,0.0050733089447021488,0.9731796979904175,-0.21591638028621674,-0.0793817937374115,0.22010622918605805,0.9742750525474548,0.048388123512268069,0.06689189374446869,-0.06456279754638672,0.9956692457199097],"EasingStyle":"Constant","EasingDirection":"In"},"Torso":{"Weight":1,"CFrame":[0.08993712067604065,0.1899418830871582,-0.13938641548156739,0.9038028717041016,0.4137459397315979,0.10933801531791687,-0.4279491901397705,0.8738064169883728,0.2309156358242035,1.45435649301362e-7,-0.25549331307411196,0.966810941696167],"EasingStyle":"Constant","EasingDirection":"In"},"HumanoidRootPart":{"Weight":0,"CFrame":[0,0,0,1,0,0,0,1,0,0,0,1],"EasingStyle":"Linear","EasingDirection":"In"},"Head":{"Weight":1,"CFrame":[1.10795099317329e-7,7.450580596923828e-8,0.016661882400512697,0.9999546408653259,-0.009493889287114144,-0.0007595609058625996,0.008997894823551178,0.9678263664245606,-0.2514581084251404,0.0031224237754940988,0.2514398396015167,0.9678679704666138],"EasingStyle":"Constant","EasingDirection":"In"}}},{"Time":0.2758333384990692,"poses":{"Left Leg":{"Weight":1,"CFrame":[-0.07916262745857239,0.12154126167297363,0.162908673286438,0.7943194508552551,-0.45714282989501955,0.40009626746177676,0.43865129351615908,0.8872283101081848,0.14286713302135468,-0.4202873706817627,0.06202066317200661,0.9052689671516419],"EasingStyle":"Constant","EasingDirection":"In"},"Right Arm":{"Weight":1,"CFrame":[0.0801774263381958,0.3316589593887329,0.3309359550476074,-0.3139665424823761,-0.3740239441394806,-0.8726574778556824,0.7393676042556763,-0.672929048538208,0.022408440709114076,-0.5956178903579712,-0.6381791234016419,0.4878184199333191],"EasingStyle":"Constant","EasingDirection":"In"},"Left Arm":{"Weight":1,"CFrame":[-0.0743379145860672,0.24886828660964967,0.31706702709198,-0.3019525110721588,0.22975663840770722,0.9252224564552307,-0.7236981391906738,-0.6869931817054749,-0.0655854344367981,0.6205527782440186,-0.6893854141235352,0.37371379137039187],"EasingStyle":"Constant","EasingDirection":"In"},"Right Leg":{"Weight":1,"CFrame":[0.13809818029403687,0.15235543251037599,-0.0035728812217712404,0.9076269865036011,-0.4144032895565033,-0.0669562965631485,0.41865310072898867,0.9052738547325134,0.0721728578209877,0.03070521540939808,-0.09353756159543991,0.9951421618461609],"EasingStyle":"Constant","EasingDirection":"In"},"Torso":{"Weight":1,"CFrame":[0.1433221995830536,0.3026881217956543,-0.22559070587158204,0.9038028717041016,0.40216881036758425,0.1462899148464203,-0.4279491901397705,0.8493561744689941,0.3089558482170105,1.6298240268497467e-7,-0.34183984994888308,0.9397582411766052],"EasingStyle":"Constant","EasingDirection":"In"},"HumanoidRootPart":{"Weight":0,"CFrame":[0,0,0,1,0,0,0,1,0,0,0,1],"EasingStyle":"Linear","EasingDirection":"In"},"Head":{"Weight":1,"CFrame":[1.1962779922214396e-7,-4.470348358154297e-8,0.016662240028381349,0.9999546408653259,-0.009493919089436531,-0.0007595520000904799,0.008678851649165154,0.9411360025405884,-0.33791670203208926,0.003922977484762669,0.3378947675228119,0.9411758184432983],"EasingStyle":"Constant","EasingDirection":"In"}}},{"Time":0.3791666626930237,"poses":{"Left Leg":{"Weight":1,"CFrame":[-0.07916262745857239,0.12154126167297363,0.162908673286438,0.7943194508552551,-0.45714282989501955,0.40009626746177676,0.43865129351615908,0.8872283101081848,0.14286713302135468,-0.4202873706817627,0.06202066317200661,0.9052689671516419],"EasingStyle":"Constant","EasingDirection":"In"},"Right Arm":{"Weight":1,"CFrame":[0.0801774263381958,0.3316589593887329,0.3309359550476074,-0.3139665424823761,-0.3740239441394806,-0.8726574778556824,0.7393676042556763,-0.672929048538208,0.022408440709114076,-0.5956178903579712,-0.6381791234016419,0.4878184199333191],"EasingStyle":"Constant","EasingDirection":"In"},"Left Arm":{"Weight":1,"CFrame":[-0.0743379145860672,0.24886828660964967,0.31706702709198,-0.3019525110721588,0.22975663840770722,0.9252224564552307,-0.7236981391906738,-0.6869931817054749,-0.0655854344367981,0.6205527782440186,-0.6893854141235352,0.37371379137039187],"EasingStyle":"Constant","EasingDirection":"In"},"Right Leg":{"Weight":1,"CFrame":[0.13809818029403687,0.15235543251037599,-0.0035728812217712404,0.9076269865036011,-0.4144032895565033,-0.0669562965631485,0.41865310072898867,0.9052738547325134,0.0721728578209877,0.03070521540939808,-0.09353756159543991,0.9951421618461609],"EasingStyle":"Constant","EasingDirection":"In"},"Torso":{"Weight":1,"CFrame":[0.1433221995830536,0.3026881217956543,-0.22559070587158204,0.9038028717041016,0.40216881036758425,0.1462899148464203,-0.4279491901397705,0.8493561744689941,0.3089558482170105,1.6298240268497467e-7,-0.34183984994888308,0.9397582411766052],"EasingStyle":"Constant","EasingDirection":"In"},"HumanoidRootPart":{"Weight":0,"CFrame":[0,0,0,1,0,0,0,1,0,0,0,1],"EasingStyle":"Linear","EasingDirection":"In"},"Head":{"Weight":1,"CFrame":[1.1962779922214396e-7,-4.470348358154297e-8,0.016662240028381349,0.9999546408653259,-0.009493919089436531,-0.0007595520000904799,0.008678851649165154,0.9411360025405884,-0.33791670203208926,0.003922977484762669,0.3378947675228119,0.9411758184432983],"EasingStyle":"Constant","EasingDirection":"In"}}},{"Time":0.4137499928474426,"poses":{"Left Leg":{"Weight":1,"CFrame":[0.0666319727897644,0.12112504243850708,0.10191917419433594,0.8505377769470215,-0.3310298025608063,0.40866217017173769,0.31198036670684817,0.9431442618370056,0.11466126888990402,-0.4233836829662323,0.029970817267894746,0.905454695224762],"EasingStyle":"Constant","EasingDirection":"In"},"Right Arm":{"Weight":1,"CFrame":[0.018981367349624635,0.3277873992919922,0.3834421634674072,-0.30543673038482668,0.13341769576072694,-0.9428192377090454,0.36703938245773318,-0.8971263766288757,-0.24585819244384767,-0.8786298632621765,-0.4211459755897522,0.22504572570323945],"EasingStyle":"Constant","EasingDirection":"In"},"Left Arm":{"Weight":1,"CFrame":[-0.08034482598304749,0.23909693956375123,0.3329707384109497,-0.3145766854286194,0.05214717239141464,0.9477986097335815,-0.22359450161457063,-0.9744645953178406,-0.020596900954842569,0.9225220680236816,-0.2184019386768341,0.3182036578655243],"EasingStyle":"Constant","EasingDirection":"In"},"Right Leg":{"Weight":1,"CFrame":[0.15085361897945405,0.10129058361053467,0.0050733089447021488,0.9731796979904175,-0.21591638028621674,-0.0793817937374115,0.22010622918605805,0.9742750525474548,0.048388123512268069,0.06689189374446869,-0.06456279754638672,0.9956692457199097],"EasingStyle":"Constant","EasingDirection":"In"},"Torso":{"Weight":1,"CFrame":[0.08993712067604065,0.1899418830871582,-0.13938641548156739,0.9038028717041016,0.4137459397315979,0.10933801531791687,-0.4279491901397705,0.8738064169883728,0.2309156358242035,1.45435649301362e-7,-0.25549331307411196,0.966810941696167],"EasingStyle":"Constant","EasingDirection":"In"},"HumanoidRootPart":{"Weight":0,"CFrame":[0,0,0,1,0,0,0,1,0,0,0,1],"EasingStyle":"Linear","EasingDirection":"In"},"Head":{"Weight":1,"CFrame":[1.10795099317329e-7,7.450580596923828e-8,0.016661882400512697,0.9999546408653259,-0.009493889287114144,-0.0007595609058625996,0.008997894823551178,0.9678263664245606,-0.2514581084251404,0.0031224237754940988,0.2514398396015167,0.9678679704666138],"EasingStyle":"Constant","EasingDirection":"In"}}},{"Time":0.44833332300186159,"poses":{"Left Leg":{"Weight":1,"CFrame":[0.12227359414100647,0.15817129611968995,0.01689612865447998,0.9637640118598938,0.14467738568782807,0.22411471605300904,-0.15064772963523866,0.9885401129722595,0.009680192917585373,-0.22014589607715608,-0.043091751635074618,0.9745147228240967],"EasingStyle":"Constant","EasingDirection":"In"},"Right Arm":{"Weight":1,"CFrame":[0.01898154616355896,0.3277876377105713,0.38344240188598635,-0.30543673038482668,0.1334177404642105,-0.9428192377090454,0.36703941226005556,-0.8971264362335205,-0.24585813283920289,-0.8786299228668213,-0.42114606499671938,0.22504578530788423],"EasingStyle":"Constant","EasingDirection":"In"},"Left Arm":{"Weight":1,"CFrame":[-0.08034494519233704,0.23909741640090943,0.3329709768295288,-0.3145765960216522,0.05214732140302658,0.9477986693382263,-0.22359448671340943,-0.9744646549224854,-0.020597077906131746,0.9225221872329712,-0.2184019386768341,0.3182035982608795],"EasingStyle":"Constant","EasingDirection":"In"},"Right Leg":{"Weight":1,"CFrame":[0.15085479617118836,0.1012912392616272,0.00507354736328125,0.9731801152229309,-0.21591466665267945,-0.079381063580513,0.22010451555252076,0.9742754101753235,0.04838823899626732,0.06689132750034332,-0.06456263363361359,0.9956693053245544],"EasingStyle":"Constant","EasingDirection":"In"},"Torso":{"Weight":1,"CFrame":[0.08588710427284241,0.18138840794563294,-0.07501220703125,0.9038028717041016,0.416972815990448,0.09630264341831207,-0.4279492199420929,0.8806213140487671,0.20338568091392518,1.2998192744362314e-7,-0.2250332087278366,0.9743511080741882],"EasingStyle":"Constant","EasingDirection":"In"},"HumanoidRootPart":{"Weight":0,"CFrame":[0,0,0,1,0,0,0,1,0,0,0,1],"EasingStyle":"Linear","EasingDirection":"In"},"Head":{"Weight":1,"CFrame":[6.318339274002938e-8,-8.195638656616211e-8,0.01666247844696045,0.9999546408653259,-0.009493914432823658,-0.0007595709175802767,0.008997851982712746,0.9678263664245606,-0.25145819783210757,0.00312243215739727,0.25143998861312868,0.967867910861969],"EasingStyle":"Constant","EasingDirection":"In"}}},{"Time":0.4829166531562805,"poses":{"Left Leg":{"Weight":1,"CFrame":[-0.21826893091201783,0.16030991077423097,-0.004095733165740967,0.9121037721633911,0.4099593460559845,-1.57506278242181e-7,-0.4099593758583069,0.9121038317680359,1.344213700349428e-7,1.3955605027149432e-7,-1.9970867626284418e-8,1],"EasingStyle":"Constant","EasingDirection":"In"},"Right Arm":{"Weight":1,"CFrame":[0.007476985454559326,-0.7271549701690674,-0.02515566349029541,-0.46382611989974978,-0.8839597105979919,-0.05899544060230255,0.7586967349052429,-0.4307171106338501,0.4887353181838989,-0.4574325978755951,0.18192845582962037,0.8704352378845215],"EasingStyle":"Constant","EasingDirection":"In"},"Left Arm":{"Weight":1,"CFrame":[-0.0065010786056518559,-0.7252100110054016,0.03981947898864746,-0.42904502153396609,0.9032830595970154,0.00026440623332746327,-0.7710864543914795,-0.36640626192092898,0.5207421183586121,0.47047439217567446,0.22321808338165284,0.8537140488624573],"EasingStyle":"Constant","EasingDirection":"In"},"Right Leg":{"Weight":1,"CFrame":[0.2182554006576538,0.16029495000839234,-0.004095554351806641,0.9121034741401672,-0.4099602699279785,7.453337502738577e-7,0.40996018052101138,0.9121034741401672,3.5736920267481766e-7,-6.945769541744085e-7,-4.708526901708865e-8,1],"EasingStyle":"Constant","EasingDirection":"In"},"Torso":{"Weight":1,"CFrame":[-0.03492385149002075,-0.07375708222389221,0.05359172821044922,0.903802752494812,0.42386114597320559,-0.05901108682155609,-0.42794927954673769,0.8951689600944519,-0.1246277466416359,3.8838980032096518e-8,0.13789263367652894,0.9904472827911377],"EasingStyle":"Constant","EasingDirection":"In"},"HumanoidRootPart":{"Weight":0,"CFrame":[0,0,0,1,0,0,0,1,0,0,0,1],"EasingStyle":"Linear","EasingDirection":"In"},"Head":{"Weight":1,"CFrame":[9.143678880718653e-8,-7.078051567077637e-8,0.016662240028381349,0.9999546408653259,-0.009493826888501645,-0.0007596410578116775,0.009524255059659481,0.9967767596244812,0.07965857535600662,9.044306352734566e-7,-0.0796622633934021,0.9968219995498657],"EasingStyle":"Constant","EasingDirection":"In"}}},{"Time":0.5170833468437195,"poses":{"Left Leg":{"Weight":1,"CFrame":[-0.21826893091201783,0.16030991077423097,-0.004095733165740967,0.9121037721633911,0.4099593460559845,-1.57506278242181e-7,-0.4099593758583069,0.9121038317680359,1.344213700349428e-7,1.3955605027149432e-7,-1.9970867626284418e-8,1],"EasingStyle":"Constant","EasingDirection":"In"},"Right Arm":{"Weight":1,"CFrame":[0.007476985454559326,-0.7271549701690674,-0.02515566349029541,-0.46382611989974978,-0.8839597105979919,-0.05899544060230255,0.7586967349052429,-0.4307171106338501,0.4887353181838989,-0.4574325978755951,0.18192845582962037,0.8704352378845215],"EasingStyle":"Constant","EasingDirection":"In"},"Left Arm":{"Weight":1,"CFrame":[-0.0065010786056518559,-0.7252100110054016,0.03981947898864746,-0.42904502153396609,0.9032830595970154,0.00026440623332746327,-0.7710864543914795,-0.36640626192092898,0.5207421183586121,0.47047439217567446,0.22321808338165284,0.8537140488624573],"EasingStyle":"Constant","EasingDirection":"In"},"Right Leg":{"Weight":1,"CFrame":[0.2182554006576538,0.16029495000839234,-0.004095554351806641,0.9121034741401672,-0.4099602699279785,7.453337502738577e-7,0.40996018052101138,0.9121034741401672,3.5736920267481766e-7,-6.945769541744085e-7,-4.708526901708865e-8,1],"EasingStyle":"Constant","EasingDirection":"In"},"Torso":{"Weight":1,"CFrame":[-0.03492385149002075,-0.07375708222389221,0.05359172821044922,0.903802752494812,0.42386114597320559,-0.05901108682155609,-0.42794927954673769,0.8951689600944519,-0.1246277466416359,3.8838980032096518e-8,0.13789263367652894,0.9904472827911377],"EasingStyle":"Constant","EasingDirection":"In"},"HumanoidRootPart":{"Weight":0,"CFrame":[0,0,0,1,0,0,0,1,0,0,0,1],"EasingStyle":"Linear","EasingDirection":"In"},"Head":{"Weight":1,"CFrame":[9.143678880718653e-8,-7.078051567077637e-8,0.016662240028381349,0.9999546408653259,-0.009493826888501645,-0.0007596410578116775,0.009524255059659481,0.9967767596244812,0.07965857535600662,9.044306352734566e-7,-0.0796622633934021,0.9968219995498657],"EasingStyle":"Constant","EasingDirection":"In"}}},{"Time":0.5516666769981384,"poses":{"Left Leg":{"Weight":1,"CFrame":[-0.8359793424606323,0.45045405626296999,-0.004616796970367432,0.9667758941650391,-0.25562530755996706,0.00030555803095921874,0.2556244432926178,0.9667746424674988,0.0017183057498186827,-0.0007347451755777001,-0.0015830595511943102,0.9999985098838806],"EasingStyle":"Constant","EasingDirection":"In"},"Right Arm":{"Weight":1,"CFrame":[0.007536083459854126,-0.726314902305603,-0.025140106678009034,-0.4161255359649658,-0.9088912010192871,-0.027500782161951066,0.786579430103302,-0.37497085332870486,0.4906015396118164,-0.4562153220176697,0.18252018094062806,0.8709500432014465],"EasingStyle":"Constant","EasingDirection":"In"},"Left Arm":{"Weight":1,"CFrame":[-0.004550635814666748,-0.7223218679428101,0.03979897499084473,-0.37965792417526247,0.9245977997779846,-0.03128586336970329,-0.7958604097366333,-0.3091806471347809,0.5205900073051453,0.47166332602500918,0.22254492342472077,0.8532333970069885],"EasingStyle":"Constant","EasingDirection":"In"},"Right Leg":{"Weight":1,"CFrame":[0.6059765815734863,0.2487621307373047,-0.00385439395904541,0.9942482113838196,0.10709957778453827,0.0003024376346729696,-0.1070990115404129,0.9942469596862793,-0.0016878374153748155,-0.00048135427641682327,0.0016456986777484418,0.9999985694885254],"EasingStyle":"Constant","EasingDirection":"In"},"Torso":{"Weight":1,"CFrame":[-0.07287588715553284,-0.1568436622619629,-0.2529134750366211,0.9038576483726502,0.4132634103298187,-0.1107015535235405,-0.42783066630363467,0.8721354603767395,-0.23736204206943513,-0.0015462905867025257,0.26190298795700076,0.9650929570198059],"EasingStyle":"Constant","EasingDirection":"In"},"HumanoidRootPart":{"Weight":0,"CFrame":[0,0,0,1,0,0,0,1,0,0,0,1],"EasingStyle":"Linear","EasingDirection":"In"},"Head":{"Weight":1,"CFrame":[9.918585419654846e-8,-1.2665987014770509e-7,0.016661524772644044,0.9999510049819946,-0.009631062857806683,-0.0023053442128002645,0.009802325628697873,0.9957074522972107,0.0920359194278717,0.0014090546173974872,-0.09205400943756104,0.9957530498504639],"EasingStyle":"Constant","EasingDirection":"In"}}},{"Time":0.5862500071525574,"poses":{"Left Leg":{"Weight":1,"CFrame":[-0.8359793424606323,0.45045405626296999,-0.004616796970367432,0.9667758941650391,-0.25562530755996706,0.00030555803095921874,0.2556244432926178,0.9667746424674988,0.0017183057498186827,-0.0007347451755777001,-0.0015830595511943102,0.9999985098838806],"EasingStyle":"Constant","EasingDirection":"In"},"Right Arm":{"Weight":1,"CFrame":[0.007536083459854126,-0.726314902305603,-0.025140106678009034,-0.4161255359649658,-0.9088912010192871,-0.027500782161951066,0.786579430103302,-0.37497085332870486,0.4906015396118164,-0.4562153220176697,0.18252018094062806,0.8709500432014465],"EasingStyle":"Constant","EasingDirection":"In"},"Left Arm":{"Weight":1,"CFrame":[-0.004550635814666748,-0.7223218679428101,0.03979897499084473,-0.37965792417526247,0.9245977997779846,-0.03128586336970329,-0.7958604097366333,-0.3091806471347809,0.5205900073051453,0.47166332602500918,0.22254492342472077,0.8532333970069885],"EasingStyle":"Constant","EasingDirection":"In"},"Right Leg":{"Weight":1,"CFrame":[0.6059765815734863,0.2487621307373047,-0.00385439395904541,0.9942482113838196,0.10709957778453827,0.0003024376346729696,-0.1070990115404129,0.9942469596862793,-0.0016878374153748155,-0.00048135427641682327,0.0016456986777484418,0.9999985694885254],"EasingStyle":"Constant","EasingDirection":"In"},"Torso":{"Weight":1,"CFrame":[-0.07287588715553284,-0.1568436622619629,-0.2529134750366211,0.9038576483726502,0.4132634103298187,-0.1107015535235405,-0.42783066630363467,0.8721354603767395,-0.23736204206943513,-0.0015462905867025257,0.26190298795700076,0.9650929570198059],"EasingStyle":"Constant","EasingDirection":"In"},"HumanoidRootPart":{"Weight":0,"CFrame":[0,0,0,1,0,0,0,1,0,0,0,1],"EasingStyle":"Linear","EasingDirection":"In"},"Head":{"Weight":1,"CFrame":[9.918585419654846e-8,-1.2665987014770509e-7,0.016661524772644044,0.9999510049819946,-0.009631062857806683,-0.0023053442128002645,0.009802325628697873,0.9957074522972107,0.0920359194278717,0.0014090546173974872,-0.09205400943756104,0.9957530498504639],"EasingStyle":"Constant","EasingDirection":"In"}}},{"Time":0.6208333373069763,"poses":{"Left Leg":{"Weight":1,"CFrame":[-0.8200764060020447,0.3735997676849365,-0.004095613956451416,0.9612528681755066,-0.2756679654121399,-1.0001348726973447e-7,0.2756679058074951,0.9612528681755066,-4.6336825931803108e-8,6.318918366332582e-8,6.52304921189284e-9,1],"EasingStyle":"Constant","EasingDirection":"In"},"Right Arm":{"Weight":1,"CFrame":[0.007535994052886963,-0.7263150215148926,-0.025140047073364259,-0.4161255359649658,-0.9088913202285767,-0.027500834316015245,0.7865794897079468,-0.3749708831310272,0.49060145020484927,-0.4562152922153473,0.1825200915336609,0.8709499835968018],"EasingStyle":"Constant","EasingDirection":"In"},"Left Arm":{"Weight":1,"CFrame":[-0.004550546407699585,-0.7223217487335205,0.03979897499084473,-0.3796578645706177,0.9245977997779846,-0.03128574416041374,-0.7958602905273438,-0.3091806471347809,0.5205899477005005,0.47166335582733157,0.2225448489189148,0.8532333970069885],"EasingStyle":"Constant","EasingDirection":"In"},"Right Leg":{"Weight":1,"CFrame":[0.5444455742835999,0.1839417815208435,-0.004095494747161865,0.9940604567527771,0.10882949084043503,5.534973865906068e-7,-0.10882962495088577,0.9940604567527771,-7.059797013653224e-8,-5.040188284510805e-7,2.2764913509831787e-8,1],"EasingStyle":"Constant","EasingDirection":"In"},"Torso":{"Weight":1,"CFrame":[-0.06178712844848633,-0.13049077987670899,-0.19194626808166505,0.903802752494812,0.41716015338897707,-0.09548816084861756,-0.42794930934906008,0.8810167908668518,-0.20166514813899995,1.8415377667224676e-8,0.22312960028648377,0.9747887849807739],"EasingStyle":"Constant","EasingDirection":"In"},"HumanoidRootPart":{"Weight":0,"CFrame":[0,0,0,1,0,0,0,1,0,0,0,1],"EasingStyle":"Linear","EasingDirection":"In"},"Head":{"Weight":1,"CFrame":[7.300887006067569e-8,6.705522537231445e-8,0.016661763191223146,0.9999546408653259,-0.009493916295468808,-0.0007596017094329,0.009520583786070347,0.998592734336853,0.052173204720020297,0.0002632031391840428,-0.05217808857560158,0.9986377954483032],"EasingStyle":"Constant","EasingDirection":"In"}}},{"Time":0.6549999713897705,"poses":{"Left Leg":{"Weight":1,"CFrame":[-0.8200764060020447,0.3735997676849365,-0.004095613956451416,0.9612528681755066,-0.2756679654121399,-1.0001348726973447e-7,0.2756679058074951,0.9612528681755066,-4.6336825931803108e-8,6.318918366332582e-8,6.52304921189284e-9,1],"EasingStyle":"Constant","EasingDirection":"In"},"Right Arm":{"Weight":1,"CFrame":[0.007535994052886963,-0.7263150215148926,-0.025140047073364259,-0.4161255359649658,-0.9088913202285767,-0.027500834316015245,0.7865794897079468,-0.3749708831310272,0.49060145020484927,-0.4562152922153473,0.1825200915336609,0.8709499835968018],"EasingStyle":"Constant","EasingDirection":"In"},"Left Arm":{"Weight":1,"CFrame":[-0.004550546407699585,-0.7223217487335205,0.03979897499084473,-0.3796578645706177,0.9245977997779846,-0.03128574416041374,-0.7958602905273438,-0.3091806471347809,0.5205899477005005,0.47166335582733157,0.2225448489189148,0.8532333970069885],"EasingStyle":"Constant","EasingDirection":"In"},"Right Leg":{"Weight":1,"CFrame":[0.5444455742835999,0.1839417815208435,-0.004095494747161865,0.9940604567527771,0.10882949084043503,5.534973865906068e-7,-0.10882962495088577,0.9940604567527771,-7.059797013653224e-8,-5.040188284510805e-7,2.2764913509831787e-8,1],"EasingStyle":"Constant","EasingDirection":"In"},"Torso":{"Weight":1,"CFrame":[-0.06178712844848633,-0.13049077987670899,-0.19194626808166505,0.903802752494812,0.41716015338897707,-0.09548816084861756,-0.42794930934906008,0.8810167908668518,-0.20166514813899995,1.8415377667224676e-8,0.22312960028648377,0.9747887849807739],"EasingStyle":"Constant","EasingDirection":"In"},"HumanoidRootPart":{"Weight":0,"CFrame":[0,0,0,1,0,0,0,1,0,0,0,1],"EasingStyle":"Linear","EasingDirection":"In"},"Head":{"Weight":1,"CFrame":[7.300887006067569e-8,6.705522537231445e-8,0.016661763191223146,0.9999546408653259,-0.009493916295468808,-0.0007596017094329,0.009520583786070347,0.998592734336853,0.052173204720020297,0.0002632031391840428,-0.05217808857560158,0.9986377954483032],"EasingStyle":"Constant","EasingDirection":"In"}}},{"Time":0.6895833611488342,"poses":{"Left Leg":{"Weight":1,"CFrame":[-0.40602603554725649,0.1216878890991211,-0.004095613956451416,0.9995555877685547,-0.02980971336364746,-1.276341379252699e-7,0.02980971522629261,0.9995555877685547,-3.680566251773598e-8,1.5083438142937667e-7,-2.4085161642872779e-10,1],"EasingStyle":"Constant","EasingDirection":"In"},"Right Arm":{"Weight":1,"CFrame":[0.007535964250564575,-0.7263141870498657,-0.025140047073364259,-0.4161255359649658,-0.9088913202285767,-0.027500834316015245,0.7865794897079468,-0.3749708831310272,0.49060145020484927,-0.4562152922153473,0.1825200915336609,0.8709499835968018],"EasingStyle":"Constant","EasingDirection":"In"},"Left Arm":{"Weight":1,"CFrame":[-0.004550516605377197,-0.7223209142684937,0.039798855781555179,-0.3796578645706177,0.9245977997779846,-0.03128574416041374,-0.7958602905273438,-0.3091806471347809,0.5205899477005005,0.47166335582733157,0.2225448489189148,0.8532333970069885],"EasingStyle":"Constant","EasingDirection":"In"},"Right Leg":{"Weight":1,"CFrame":[0.8055740594863892,0.35962116718292239,-0.004095613956451416,0.963869571685791,0.266374409198761,7.262695476129011e-7,-0.2663743495941162,0.9638696908950806,-1.3714777935547318e-7,-7.11524990038015e-7,-1.4065660991491314e-7,1],"EasingStyle":"Constant","EasingDirection":"In"},"Torso":{"Weight":1,"CFrame":[-0.06381724774837494,-0.13477829098701478,-0.11646032333374024,0.903802752494812,0.41716015338897707,-0.09548816084861756,-0.42794930934906008,0.8810167908668518,-0.20166514813899995,1.8415377667224676e-8,0.22312960028648377,0.9747887849807739],"EasingStyle":"Constant","EasingDirection":"In"},"HumanoidRootPart":{"Weight":0,"CFrame":[0,0,0,1,0,0,0,1,0,0,0,1],"EasingStyle":"Linear","EasingDirection":"In"},"Head":{"Weight":1,"CFrame":[8.847244714615954e-8,4.470348358154297e-8,0.0166623592376709,0.9999546408653259,-0.009493916295468808,-0.0007596017094329,0.009520583786070347,0.998592734336853,0.052173204720020297,0.0002632031391840428,-0.05217808857560158,0.9986377954483032],"EasingStyle":"Constant","EasingDirection":"In"}}},{"Time":0.7587500214576721,"poses":{"Left Leg":{"Weight":1,"CFrame":[-0.40602603554725649,0.1216878890991211,-0.004095613956451416,0.9995555877685547,-0.02980971336364746,-1.276341379252699e-7,0.02980971522629261,0.9995555877685547,-3.680566251773598e-8,1.5083438142937667e-7,-2.4085161642872779e-10,1],"EasingStyle":"Constant","EasingDirection":"In"},"Right Arm":{"Weight":1,"CFrame":[0.007535964250564575,-0.7263141870498657,-0.025140047073364259,-0.4161255359649658,-0.9088913202285767,-0.027500834316015245,0.7865794897079468,-0.3749708831310272,0.49060145020484927,-0.4562152922153473,0.1825200915336609,0.8709499835968018],"EasingStyle":"Constant","EasingDirection":"In"},"Left Arm":{"Weight":1,"CFrame":[-0.004550516605377197,-0.7223209142684937,0.039798855781555179,-0.3796578645706177,0.9245977997779846,-0.03128574416041374,-0.7958602905273438,-0.3091806471347809,0.5205899477005005,0.47166335582733157,0.2225448489189148,0.8532333970069885],"EasingStyle":"Constant","EasingDirection":"In"},"Right Leg":{"Weight":1,"CFrame":[0.8055740594863892,0.35962116718292239,-0.004095613956451416,0.963869571685791,0.266374409198761,7.262695476129011e-7,-0.2663743495941162,0.9638696908950806,-1.3714777935547318e-7,-7.11524990038015e-7,-1.4065660991491314e-7,1],"EasingStyle":"Constant","EasingDirection":"In"},"Torso":{"Weight":1,"CFrame":[-0.06381724774837494,-0.13477829098701478,-0.11646032333374024,0.903802752494812,0.41716015338897707,-0.09548816084861756,-0.42794930934906008,0.8810167908668518,-0.20166514813899995,1.8415377667224676e-8,0.22312960028648377,0.9747887849807739],"EasingStyle":"Constant","EasingDirection":"In"},"HumanoidRootPart":{"Weight":0,"CFrame":[0,0,0,1,0,0,0,1,0,0,0,1],"EasingStyle":"Linear","EasingDirection":"In"},"Head":{"Weight":1,"CFrame":[8.847244714615954e-8,4.470348358154297e-8,0.0166623592376709,0.9999546408653259,-0.009493916295468808,-0.0007596017094329,0.009520583786070347,0.998592734336853,0.052173204720020297,0.0002632031391840428,-0.05217808857560158,0.9986377954483032],"EasingStyle":"Constant","EasingDirection":"In"}}},{"Time":0.7929166555404663,"poses":{"Left Leg":{"Weight":1,"CFrame":[-0.8326865434646606,0.38641226291656496,-0.004095613956451416,0.9588780403137207,-0.2838185727596283,-7.006784841223635e-8,0.2838185429573059,0.9588779807090759,-5.316127982268881e-8,3.345007115740373e-8,-6.80049367929314e-8,1],"EasingStyle":"Constant","EasingDirection":"In"},"Right Arm":{"Weight":1,"CFrame":[0.007536113262176514,-0.7263146042823792,-0.025139927864074708,-0.4161255359649658,-0.9088913202285767,-0.027500834316015245,0.7865794897079468,-0.3749708831310272,0.49060145020484927,-0.4562152922153473,0.1825200915336609,0.8709499835968018],"EasingStyle":"Constant","EasingDirection":"In"},"Left Arm":{"Weight":1,"CFrame":[-0.004550576210021973,-0.7223213315010071,0.03979897499084473,-0.3796578645706177,0.9245977997779846,-0.03128574416041374,-0.7958602905273438,-0.3091806471347809,0.5205899477005005,0.47166335582733157,0.2225448489189148,0.8532333970069885],"EasingStyle":"Constant","EasingDirection":"In"},"Right Leg":{"Weight":1,"CFrame":[0.8531850576400757,0.4088289737701416,-0.004095673561096191,0.9548120498657227,0.29721027612686159,7.621798090440279e-7,-0.29721030592918398,0.9548121094703674,-1.5638075012702758e-7,-6.517418000839825e-7,-1.4053266284008715e-7,1],"EasingStyle":"Constant","EasingDirection":"In"},"Torso":{"Weight":1,"CFrame":[-0.06199052929878235,-0.13092035055160523,-0.18438315391540528,0.903802752494812,0.41716015338897707,-0.09548816084861756,-0.42794930934906008,0.8810167908668518,-0.20166514813899995,1.8415377667224676e-8,0.22312960028648377,0.9747887849807739],"EasingStyle":"Constant","EasingDirection":"In"},"HumanoidRootPart":{"Weight":0,"CFrame":[0,0,0,1,0,0,0,1,0,0,0,1],"EasingStyle":"Linear","EasingDirection":"In"},"Head":{"Weight":1,"CFrame":[5.816405490577381e-8,-2.9802322387695315e-8,0.01666247844696045,0.9999546408653259,-0.009493916295468808,-0.0007596017094329,0.009520583786070347,0.998592734336853,0.052173204720020297,0.0002632031391840428,-0.05217808857560158,0.9986377954483032],"EasingStyle":"Constant","EasingDirection":"In"}}},{"Time":0.8274999856948853,"poses":{"Left Leg":{"Weight":1,"CFrame":[-0.8326865434646606,0.38641226291656496,-0.004095613956451416,0.9588780403137207,-0.2838185727596283,-7.006784841223635e-8,0.2838185429573059,0.9588779807090759,-5.316127982268881e-8,3.345007115740373e-8,-6.80049367929314e-8,1],"EasingStyle":"Constant","EasingDirection":"In"},"Right Arm":{"Weight":1,"CFrame":[0.007536113262176514,-0.7263146042823792,-0.025139927864074708,-0.4161255359649658,-0.9088913202285767,-0.027500834316015245,0.7865794897079468,-0.3749708831310272,0.49060145020484927,-0.4562152922153473,0.1825200915336609,0.8709499835968018],"EasingStyle":"Constant","EasingDirection":"In"},"Left Arm":{"Weight":1,"CFrame":[-0.004550576210021973,-0.7223213315010071,0.03979897499084473,-0.3796578645706177,0.9245977997779846,-0.03128574416041374,-0.7958602905273438,-0.3091806471347809,0.5205899477005005,0.47166335582733157,0.2225448489189148,0.8532333970069885],"EasingStyle":"Constant","EasingDirection":"In"},"Right Leg":{"Weight":1,"CFrame":[0.8531850576400757,0.4088289737701416,-0.004095673561096191,0.9548120498657227,0.29721027612686159,7.621798090440279e-7,-0.29721030592918398,0.9548121094703674,-1.5638075012702758e-7,-6.517418000839825e-7,-1.4053266284008715e-7,1],"EasingStyle":"Constant","EasingDirection":"In"},"Torso":{"Weight":1,"CFrame":[-0.06199052929878235,-0.13092035055160523,-0.18438315391540528,0.903802752494812,0.41716015338897707,-0.09548816084861756,-0.42794930934906008,0.8810167908668518,-0.20166514813899995,1.8415377667224676e-8,0.22312960028648377,0.9747887849807739],"EasingStyle":"Constant","EasingDirection":"In"},"HumanoidRootPart":{"Weight":0,"CFrame":[0,0,0,1,0,0,0,1,0,0,0,1],"EasingStyle":"Linear","EasingDirection":"In"},"Head":{"Weight":1,"CFrame":[5.816405490577381e-8,-2.9802322387695315e-8,0.01666247844696045,0.9999546408653259,-0.009493916295468808,-0.0007596017094329,0.009520583786070347,0.998592734336853,0.052173204720020297,0.0002632031391840428,-0.05217808857560158,0.9986377954483032],"EasingStyle":"Constant","EasingDirection":"In"}}},{"Time":0.8620833158493042,"poses":{"Left Leg":{"Weight":1,"CFrame":[-0.7591812610626221,0.3193194270133972,-0.004095554351806641,0.971457302570343,-0.2372145652770996,-1.0069402378576342e-7,0.23721455037593842,0.9714573621749878,-4.930990371576627e-8,6.29255083595126e-8,-3.804024828468755e-8,1],"EasingStyle":"Constant","EasingDirection":"In"},"Right Arm":{"Weight":1,"CFrame":[0.007535964250564575,-0.7263141870498657,-0.025140047073364259,-0.4161255359649658,-0.9088913202285767,-0.027500834316015245,0.7865794897079468,-0.3749708831310272,0.49060145020484927,-0.4562152922153473,0.1825200915336609,0.8709499835968018],"EasingStyle":"Constant","EasingDirection":"In"},"Left Arm":{"Weight":1,"CFrame":[-0.004550516605377197,-0.7223209142684937,0.039798855781555179,-0.3796578645706177,0.9245977997779846,-0.03128574416041374,-0.7958602905273438,-0.3091806471347809,0.5205899477005005,0.47166335582733157,0.2225448489189148,0.8532333970069885],"EasingStyle":"Constant","EasingDirection":"In"},"Right Leg":{"Weight":1,"CFrame":[0.40601083636283877,0.12167727947235108,-0.004095494747161865,0.9995556473731995,0.029807085171341897,5.714658186661836e-7,-0.02980714477598667,0.999555766582489,-1.1448593184582024e-8,-5.045697548666794e-7,-2.9562530201587834e-8,1],"EasingStyle":"Constant","EasingDirection":"In"},"Torso":{"Weight":1,"CFrame":[-0.06381724774837494,-0.13477829098701478,-0.11646032333374024,0.903802752494812,0.41716015338897707,-0.09548816084861756,-0.42794930934906008,0.8810167908668518,-0.20166514813899995,1.8415377667224676e-8,0.22312960028648377,0.9747887849807739],"EasingStyle":"Constant","EasingDirection":"In"},"HumanoidRootPart":{"Weight":0,"CFrame":[0,0,0,1,0,0,0,1,0,0,0,1],"EasingStyle":"Linear","EasingDirection":"In"},"Head":{"Weight":1,"CFrame":[8.847244714615954e-8,4.470348358154297e-8,0.0166623592376709,0.9999546408653259,-0.009493916295468808,-0.0007596017094329,0.009520583786070347,0.998592734336853,0.052173204720020297,0.0002632031391840428,-0.05217808857560158,0.9986377954483032],"EasingStyle":"Constant","EasingDirection":"In"}}},{"Time":1,"poses":{"Left Leg":{"Weight":1,"CFrame":[-0.7591812610626221,0.3193194270133972,-0.004095554351806641,0.971457302570343,-0.2372145652770996,-1.0069402378576342e-7,0.23721455037593842,0.9714573621749878,-4.930990371576627e-8,6.29255083595126e-8,-3.804024828468755e-8,1],"EasingStyle":"Constant","EasingDirection":"In"},"Right Arm":{"Weight":1,"CFrame":[0.007535964250564575,-0.7263141870498657,-0.025140047073364259,-0.4161255359649658,-0.9088913202285767,