{"Sequence":[{"Time":0,"poses":{"Left Leg":{"Weight":1,"CFrame":[-0.7633928656578064,-0.005426168441772461,0.018657326698303224,0.8681632876396179,-0.4952751696109772,0.031544703990221027,0.49475523829460146,0.8687245845794678,0.023125097155570985,-0.03885698691010475,-0.004469431936740875,0.9992348551750183],"EasingStyle":"Linear","EasingDirection":"In"},"Right Arm":{"Weight":1,"CFrame":[-0.07110613584518433,-0.28314074873924258,0.0897902250289917,0.6897377967834473,-0.5667835474014282,-0.4505753517150879,0.6309928297996521,0.7757258415222168,-0.009874311275780201,0.3551194667816162,-0.27749931812286379,0.8926839232444763],"EasingStyle":"Linear","EasingDirection":"In"},"Left Arm":{"Weight":1,"CFrame":[0.5753519535064697,0.012537896633148194,0.19151270389556886,-0.253661185503006,0.966594934463501,0.036746252328157428,-0.8831717371940613,-0.24692928791046143,0.39879053831100466,0.39454254508018496,0.06870423257350922,0.9163055419921875],"EasingStyle":"Linear","EasingDirection":"In"},"Head":{"Weight":1,"CFrame":[9.592622518539429e-8,1.7229467630386354e-8,0.016662240028381349,0.9978364109992981,0.059947192668914798,0.026997189968824388,-0.05652281641960144,0.9919334053993225,-0.11346122622489929,-0.03358108177781105,0.11168982088565827,0.9931755661964417],"EasingStyle":"Linear","EasingDirection":"In"},"Torso":{"Weight":1,"CFrame":[-0.0021045878529548647,0.09501206874847412,-0.25791501998901369,0.9972016215324402,-0.06585108488798142,-0.03539443016052246,0.06953278183937073,0.9908698797225952,0.11550777405500412,0.0274649690836668,-0.11764559894800186,0.99267578125],"EasingStyle":"Linear","EasingDirection":"In"},"HumanoidRootPart":{"Weight":1,"CFrame":[0,0,0,1,0,0,0,1,0,0,0,1],"EasingStyle":"Linear","EasingDirection":"In"},"Right Leg":{"Weight":1,"CFrame":[0.722926139831543,0.047007977962493899,0.08872723579406738,0.8259379863739014,0.5462445616722107,-0.13943907618522645,-0.5234606862068176,0.8349032402038574,0.1700751781463623,0.2093208283185959,-0.06748069822788239,0.9755159020423889],"EasingStyle":"Linear","EasingDirection":"In"}}},{"Time":0.03448275849223137,"poses":{"Left Leg":{"Weight":1,"CFrame":[-0.810679018497467,0.004885494709014893,0.018452763557434083,0.8599252700805664,-0.5094201564788818,0.031930629163980487,0.5083363652229309,0.8603844046592712,0.036509156227111819,-0.046071164309978488,-0.015163639560341835,0.9988231062889099],"EasingStyle":"Linear","EasingDirection":"In"},"Right Arm":{"Weight":1,"CFrame":[-0.10514385253190994,-0.3381527066230774,0.08982014656066895,0.692298412322998,-0.5634894967079163,-0.4507799744606018,0.6276697516441345,0.7784265875816345,-0.009096313267946244,0.3560248613357544,-0.2766435742378235,0.89258873462677],"EasingStyle":"Linear","EasingDirection":"In"},"Left Arm":{"Weight":1,"CFrame":[0.551345705986023,-0.04795694351196289,0.19184696674346925,-0.2724670469760895,0.9612598419189453,0.04172700643539429,-0.8777966499328613,-0.26610052585601809,0.39832615852355959,0.39399850368499758,0.07190272212028504,0.916294276714325],"EasingStyle":"Linear","EasingDirection":"In"},"Head":{"Weight":1,"CFrame":[7.82310962677002e-8,2.561137080192566e-8,0.016661882400512697,0.9980573654174805,0.05815858021378517,0.022342052310705186,-0.055554214864969257,0.9930870532989502,-0.10340166091918946,-0.028201336041092874,0.10195957869291306,0.9943887591362],"EasingStyle":"Linear","EasingDirection":"In"},"Torso":{"Weight":1,"CFrame":[-0.008760429918766022,0.08705498278141022,-0.27646350860595705,0.9974430203437805,-0.0649012103676796,-0.029923446476459504,0.06772694736719132,0.9920747876167297,0.1058342307806015,0.022817524150013925,-0.10759022831916809,0.9939335584640503],"EasingStyle":"Linear","EasingDirection":"In"},"HumanoidRootPart":{"Weight":1,"CFrame":[0,0,0,1,0,0,0,1,0,0,0,1],"EasingStyle":"Linear","EasingDirection":"In"},"Right Leg":{"Weight":1,"CFrame":[0.7652058005332947,0.04219430685043335,0.09307229518890381,0.8183251023292542,0.5573124289512634,-0.1405230611562729,-0.5368226170539856,0.8284704685211182,0.15955638885498048,0.20534199476242066,-0.05513312667608261,0.9771361351013184],"EasingStyle":"Linear","EasingDirection":"In"}}},{"Time":0.06896551698446274,"poses":{"Left Leg":{"Weight":1,"CFrame":[-0.8901748657226563,0.015039384365081787,0.017255306243896486,0.841071605682373,-0.5399709939956665,0.03209257870912552,0.5378341674804688,0.8411266803741455,0.056923553347587588,-0.0577310211956501,-0.03061630204319954,0.9978626370429993],"EasingStyle":"Linear","EasingDirection":"In"},"Right Arm":{"Weight":1,"CFrame":[-0.13513752818107606,-0.36780714988708498,0.08983922004699707,0.6926615834236145,-0.5630338788032532,-0.4507914185523987,0.6271834969520569,0.7788189649581909,-0.009040995500981808,0.35617533326148989,-0.2764667570590973,0.8925834894180298],"EasingStyle":"Linear","EasingDirection":"In"},"Left Arm":{"Weight":1,"CFrame":[0.47691893577575686,-0.1082904040813446,0.19196701049804688,-0.2863292694091797,0.9570261836051941,0.04600534960627556,-0.8738090395927429,-0.28052547574043276,0.39719438552856448,0.3930310606956482,0.0735282450914383,0.9165807366371155],"EasingStyle":"Linear","EasingDirection":"In"},"Head":{"Weight":1,"CFrame":[1.0058283805847168e-7,-2.7241185307502748e-8,0.0166623592376709,0.9983068704605103,0.05606989189982414,0.01548378262668848,-0.05438537523150444,0.9941338300704956,-0.09348954260349274,-0.020634960383176805,0.09248920530080795,0.995499849319458],"EasingStyle":"Linear","EasingDirection":"In"},"Torso":{"Weight":1,"CFrame":[-0.01783119887113571,0.07932832837104798,-0.3110942840576172,0.9977174401283264,-0.06374990940093994,-0.02226834185421467,0.0656120702624321,0.9931738972663879,0.09644080698490143,0.015968242660164834,-0.09768176078796387,0.995089590549469],"EasingStyle":"Linear","EasingDirection":"In"},"HumanoidRootPart":{"Weight":1,"CFrame":[0,0,0,1,0,0,0,1,0,0,0,1],"EasingStyle":"Linear","EasingDirection":"In"},"Right Leg":{"Weight":1,"CFrame":[0.8384064435958862,0.029240727424621583,0.1006462574005127,0.7993639707565308,0.5839804410934448,-0.14136506617069245,-0.5665572881698608,0.810930609703064,0.14630244672298432,0.20007507503032685,-0.03685753047466278,0.9790870547294617],"EasingStyle":"Linear","EasingDirection":"In"}}},{"Time":0.1034482792019844,"poses":{"Left Leg":{"Weight":1,"CFrame":[-0.9719429612159729,0.019235312938690187,0.015055179595947266,0.8172823786735535,-0.5752447247505188,0.0338086374104023,0.5713247656822205,0.8165637850761414,0.08253168314695358,-0.07508280873298645,-0.048135966062545779,0.9960148334503174],"EasingStyle":"Linear","EasingDirection":"In"},"Right Arm":{"Weight":1,"CFrame":[-0.16638046503067017,-0.32345467805862429,0.08987486362457276,0.6903091669082642,-0.5661076903343201,-0.45055004954338076,0.6303055286407471,0.7762869596481323,-0.00966894906014204,0.3552297055721283,-0.27730968594551089,0.8926988244056702],"EasingStyle":"Linear","EasingDirection":"In"},"Left Arm":{"Weight":1,"CFrame":[0.3469651937484741,-0.08932653069496155,0.19219470024108888,-0.30641162395477297,0.9503451585769653,0.05437043681740761,-0.8676939010620117,-0.3023380935192108,0.39458736777305605,0.39143237471580508,0.07372897863388062,0.9172484278678894],"EasingStyle":"Linear","EasingDirection":"In"},"Head":{"Weight":1,"CFrame":[9.033828973770142e-8,-1.6298145055770875e-9,0.0166623592376709,0.9986144304275513,0.05210217460989952,0.007398558780550957,-0.05127665400505066,0.9949866533279419,-0.08586282283067703,-0.011835167184472084,0.08536456525325775,0.9962795376777649],"EasingStyle":"Linear","EasingDirection":"In"},"Torso":{"Weight":1,"CFrame":[-0.027477649971842767,0.0735396146774292,-0.34599733352661135,0.9980688095092773,-0.06065521389245987,-0.013401903212070465,0.0616137720644474,0.9940879940986633,0.08940336853265763,0.007899888791143895,-0.09005646407604218,0.995905339717865],"EasingStyle":"Linear","EasingDirection":"In"},"HumanoidRootPart":{"Weight":1,"CFrame":[0,0,0,1,0,0,0,1,0,0,0,1],"EasingStyle":"Linear","EasingDirection":"In"},"Right Leg":{"Weight":1,"CFrame":[0.9173727035522461,0.005694866180419922,0.10744869709014893,0.7760369181632996,0.6149412393569946,-0.14004909992218018,-0.6011011004447937,0.7883809804916382,0.13089272379875184,0.190903440117836,-0.01739390194416046,0.9814547300338745],"EasingStyle":"Linear","EasingDirection":"In"}}},{"Time":0.13793103396892548,"poses":{"Left Leg":{"Weight":1,"CFrame":[-1.0301008224487305,-0.0018178224563598633,0.013779282569885254,0.7945870161056519,-0.6059150695800781,0.03871088847517967,0.5992770791053772,0.7929219603538513,0.11018940061330795,-0.09746010601520539,-0.0643564909696579,0.9931564927101135],"EasingStyle":"Linear","EasingDirection":"In"},"Right Arm":{"Weight":1,"CFrame":[-0.2109081894159317,-0.23096421360969544,0.0899972915649414,0.6827097535133362,-0.5757562518119812,-0.4499024748802185,0.6398947834968567,0.7683643698692322,-0.01228744350373745,0.3527635931968689,-0.27950143814086916,0.8929932117462158],"EasingStyle":"Linear","EasingDirection":"In"},"Left Arm":{"Weight":1,"CFrame":[0.15399479866027833,-0.0396600067615509,0.19223523139953614,-0.31611761450767519,0.9463011622428894,0.06770434230566025,-0.8646204471588135,-0.3167356848716736,0.3900130093097687,0.390514075756073,0.06475125253200531,0.9183170199394226],"EasingStyle":"Linear","EasingDirection":"In"},"Head":{"Weight":1,"CFrame":[9.045470505952835e-8,-3.655441105365753e-8,0.016661882400512697,0.9990036487579346,0.044620223343372348,-0.0009343130514025688,-0.044544514268636706,0.9955791234970093,-0.0826919674873352,-0.002759613562375307,0.08265122771263123,0.9965747594833374],"EasingStyle":"Linear","EasingDirection":"In"},"Torso":{"Weight":1,"CFrame":[-0.03586412966251373,0.07137978076934815,-0.351712703704834,0.9985353946685791,-0.05393141880631447,-0.004301225300878286,0.05410116910934448,0.9947577118873596,0.08677761256694794,-0.00040136222378350794,-0.08688323199748993,0.9962184429168701],"EasingStyle":"Linear","EasingDirection":"In"},"HumanoidRootPart":{"Weight":1,"CFrame":[0,0,0,1,0,0,0,1,0,0,0,1],"EasingStyle":"Linear","EasingDirection":"In"},"Right Leg":{"Weight":1,"CFrame":[0.9782431125640869,-0.042023420333862308,0.10953450202941895,0.7565512657165527,0.6398948431015015,-0.13477720320224763,-0.6297106742858887,0.7684617042541504,0.11371517181396485,0.17633691430091859,-0.0011606947518885136,0.9843292832374573],"EasingStyle":"Linear","EasingDirection":"In"}}},{"Time":0.17241379618644715,"poses":{"Left Leg":{"Weight":1,"CFrame":[-1.0364032983779908,-0.03186392784118652,0.013435125350952149,0.7814160585403442,-0.6222360134124756,0.04702455550432205,0.6120561361312866,0.7789467573165894,0.13648957014083863,-0.12155834585428238,-0.07787343859672547,0.9895248413085938],"EasingStyle":"Linear","EasingDirection":"In"},"Right Arm":{"Weight":1,"CFrame":[-0.27784931659698489,-0.141837477684021,0.09042072296142578,0.6651776432991028,-0.5940190553665161,-0.45241594314575198,0.6552956104278565,0.7548657655715942,-0.027666175737977029,0.35794752836227419,-0.27806326746940615,0.8913778066635132],"EasingStyle":"Linear","EasingDirection":"In"},"Left Arm":{"Weight":1,"CFrame":[-0.09776908904314041,0.02651190757751465,0.191644549369812,-0.28135034441947939,0.9560713171958923,0.08227758854627609,-0.875925600528717,-0.2908880114555359,0.3848879635334015,0.39191386103630068,0.03621915727853775,0.9192887544631958],"EasingStyle":"Linear","EasingDirection":"In"},"Head":{"Weight":1,"CFrame":[9.266659617424011e-8,-4.190951585769653e-9,0.016662001609802247,0.9994284510612488,0.03266368433833122,-0.008723100647330284,-0.03331351652741432,0.995439350605011,-0.08939110487699509,0.005763476248830557,0.08963058888912201,0.9959584474563599],"EasingStyle":"Linear","EasingDirection":"In"},"Torso":{"Weight":1,"CFrame":[-0.04171892628073692,0.07718490064144135,-0.3292577266693115,0.9990795254707336,-0.042694445699453357,0.004155658185482025,0.042116835713386539,0.9946964979171753,0.0938350111246109,-0.008139852434396744,-0.09357359260320664,0.995579183101654],"EasingStyle":"Linear","EasingDirection":"In"},"HumanoidRootPart":{"Weight":1,"CFrame":[0,0,0,1,0,0,0,1,0,0,0,1],"EasingStyle":"Linear","EasingDirection":"In"},"Right Leg":{"Weight":1,"CFrame":[0.9941620826721191,-0.09322822093963623,0.10408520698547363,0.750665545463562,0.6488634943962097,-0.12440751492977143,-0.6420167088508606,0.7608518600463867,0.09444138407707215,0.15593528747558595,0.008977790363132954,0.9877265691757202],"EasingStyle":"Linear","EasingDirection":"In"}}},{"Time":0.2068965584039688,"poses":{"Left Leg":{"Weight":1,"CFrame":[-1.0182360410690308,-0.05362582206726074,0.016957998275756837,0.769818902015686,-0.6357632279396057,0.056428324431180957,0.6217366456985474,0.7669382095336914,0.15890079736709596,-0.14430035650730134,-0.0872412770986557,0.9856806993484497],"EasingStyle":"Linear","EasingDirection":"In"},"Right Arm":{"Weight":1,"CFrame":[-0.35838890075683596,-0.07064011693000794,0.09101080894470215,0.6303941011428833,-0.6263733506202698,-0.45854073762893679,0.6801680326461792,0.7303767204284668,-0.0626218393445015,0.37413209676742556,-0.2724083960056305,0.8864642381668091],"EasingStyle":"Linear","EasingDirection":"In"},"Left Arm":{"Weight":1,"CFrame":[-0.3560020923614502,0.0862540602684021,0.19052982330322267,-0.20119595527648927,0.9749164581298828,0.0951743870973587,-0.8971201181411743,-0.22240597009658814,0.38172146677970889,0.3933137357234955,-0.00858233217149973,0.9193642735481262],"EasingStyle":"Linear","EasingDirection":"In"},"Head":{"Weight":1,"CFrame":[9.173527359962464e-8,4.423782229423523e-8,0.016662001609802247,0.9997122883796692,0.018219679594039918,-0.015602035447955132,-0.01976712979376316,0.9942150712013245,-0.10557406395673752,0.013588245026767254,0.10585209727287293,0.9942890405654907],"EasingStyle":"Linear","EasingDirection":"In"},"Torso":{"Weight":1,"CFrame":[-0.04574616253376007,0.09058274328708649,-0.31249237060546877,0.9995058178901672,-0.029124751687049867,0.011827339418232441,0.02764761447906494,0.9935333728790283,0.11012300103902817,-0.014958161860704422,-0.10974157601594925,0.9938476085662842],"EasingStyle":"Linear","EasingDirection":"In"},"HumanoidRootPart":{"Weight":1,"CFrame":[0,0,0,1,0,0,0,1,0,0,0,1],"EasingStyle":"Linear","EasingDirection":"In"},"Right Leg":{"Weight":1,"CFrame":[0.9862439036369324,-0.12868189811706544,0.09505736827850342,0.7493799328804016,0.6527482867240906,-0.11112756282091141,-0.648525595664978,0.7574195265769959,0.07569893449544907,0.13358254730701447,0.015341773629188538,0.9909189939498901],"EasingStyle":"Linear","EasingDirection":"In"}}},{"Time":0.24137930572032929,"poses":{"Left Leg":{"Weight":1,"CFrame":[-0.9594473242759705,-0.04291176795959473,0.03194856643676758,0.77660071849823,-0.6264060735702515,0.06713205575942993,0.6101214289665222,0.7743749618530273,0.16761627793312074,-0.1569812297821045,-0.08921217918395996,0.983564019203186],"EasingStyle":"Linear","EasingDirection":"In"},"Right Arm":{"Weight":1,"CFrame":[-0.43919190764427187,-0.02286931872367859,0.0913468599319458,0.5720441341400147,-0.6772225499153137,-0.4627474844455719,0.7198247909545898,0.6849638223648071,-0.11259140819311142,0.39321470260620119,-0.268689900636673,0.8793110847473145],"EasingStyle":"Linear","EasingDirection":"In"},"Left Arm":{"Weight":1,"CFrame":[-0.5565500855445862,0.11376410722732544,0.1892850399017334,-0.1038191094994545,0.9888070225715637,0.10715591162443161,-0.9141111969947815,-0.13731957972049714,0.3815024793148041,0.3919468820095062,-0.05834542214870453,0.918135941028595],"EasingStyle":"Linear","EasingDirection":"In"},"Head":{"Weight":1,"CFrame":[8.055940270423889e-8,4.417961463332176e-8,0.016662240028381349,0.999764084815979,0.004178992006927729,-0.02131914533674717,-0.0067040626890957359,0.9927768707275391,-0.11978793889284134,0.020664505660533906,0.11990267038345337,0.9925706386566162],"EasingStyle":"Linear","EasingDirection":"In"},"Torso":{"Weight":1,"CFrame":[-0.0491318441927433,0.10218888521194458,-0.2977588176727295,0.9996951818466187,-0.016037896275520326,0.01877121441066265,0.013584299944341183,0.9921602010726929,0.12423279136419296,-0.020616482943296434,-0.12393994629383087,0.992075502872467],"EasingStyle":"Linear","EasingDirection":"In"},"HumanoidRootPart":{"Weight":1,"CFrame":[0,0,0,1,0,0,0,1,0,0,0,1],"EasingStyle":"Linear","EasingDirection":"In"},"Right Leg":{"Weight":1,"CFrame":[0.9343486428260803,-0.12216997146606446,0.08400797843933106,0.7684135437011719,0.6322490572929382,-0.0990048199892044,-0.6300451159477234,0.7745263576507568,0.05614267289638519,0.11217803508043289,0.019236665219068528,0.9935020208358765],"EasingStyle":"Linear","EasingDirection":"In"}}},{"Time":0.27586206793785097,"poses":{"Left Leg":{"Weight":1,"CFrame":[-0.8410640358924866,0.02107030153274536,0.042661190032958987,0.81397944688797,-0.5757307410240173,0.07727547734975815,0.558735728263855,0.8123632669448853,0.16697408258914948,-0.1589079052209854,-0.09273689985275269,0.9829283356666565],"EasingStyle":"Linear","EasingDirection":"In"},"Right Arm":{"Weight":1,"CFrame":[-0.5051347613334656,-0.001538693904876709,0.09126615524291992,0.4825742244720459,-0.7463143467903137,-0.4584071636199951,0.7754160165786743,0.607404887676239,-0.17259597778320313,0.4072495996952057,-0.27216580510139468,0.8718219995498657],"EasingStyle":"Linear","EasingDirection":"In"},"Left Arm":{"Weight":1,"CFrame":[-0.6536031365394592,0.03399538993835449,0.18825018405914308,-0.0197033379226923,0.9927033185958862,0.11896181851625443,-0.9209921360015869,-0.06432533264160156,0.3842339813709259,0.3890826106071472,-0.10199243575334549,0.9155393838882446],"EasingStyle":"Linear","EasingDirection":"In"},"Head":{"Weight":1,"CFrame":[8.818460628390312e-8,2.6615452952682973e-8,0.016661643981933595,0.9996405243873596,-0.00650002108886838,-0.026013944298028947,0.0032025224063545467,0.9921703338623047,-0.12485085427761078,0.0266217440366745,0.12472271174192429,0.9918344616889954],"EasingStyle":"Linear","EasingDirection":"In"},"Torso":{"Weight":1,"CFrame":[-0.05335954576730728,0.10619747638702393,-0.2832939624786377,0.9996765851974487,-0.006122157443314791,0.02468297816812992,0.002885103225708008,0.9916266798973084,0.1291060894727707,-0.025266705080866815,-0.12899312376976014,0.9913235306739807],"EasingStyle":"Linear","EasingDirection":"In"},"HumanoidRootPart":{"Weight":1,"CFrame":[0,0,0,1,0,0,0,1,0,0,0,1],"EasingStyle":"Linear","EasingDirection":"In"},"Right Leg":{"Weight":1,"CFrame":[0.8195933699607849,-0.06008279323577881,0.0702822208404541,0.8151991367340088,0.5720208287239075,-0.09078885614871979,-0.5711659789085388,0.8199674487113953,0.037718843668699267,0.09601994603872299,0.02110711857676506,0.9951556324958801],"EasingStyle":"Linear","EasingDirection":"In"}}},{"Time":0.3103448152542114,"poses":{"Left Leg":{"Weight":1,"CFrame":[-0.7575717568397522,0.06622582674026489,0.04311168193817139,0.8433240056037903,-0.5311146974563599,0.08198626339435578,0.5132156014442444,0.8411930203437805,0.1703057885169983,-0.15941821038722993,-0.10154634714126587,0.981974720954895],"EasingStyle":"Linear","EasingDirection":"In"},"Right Arm":{"Weight":1,"CFrame":[-0.5341941118240356,0.0005892515182495117,0.09084069728851319,0.3591640293598175,-0.8233550786972046,-0.43941745162010195,0.838966429233551,0.49109330773353579,-0.23444129526615144,0.40882349014282229,-0.2844535708427429,0.8671502470970154],"EasingStyle":"Linear","EasingDirection":"In"},"Left Arm":{"Weight":1,"CFrame":[-0.6756200790405273,-0.12886115908622743,0.18749916553497315,0.022169776260852815,0.9908740520477295,0.1329556256532669,-0.9210704565048218,-0.03147042170166969,0.38812217116355898,0.3887643814086914,-0.1310662031173706,0.9119670391082764],"EasingStyle":"Linear","EasingDirection":"In"},"Head":{"Weight":1,"CFrame":[7.59027898311615e-8,-1.5425030142068863e-9,0.0166623592376709,0.9994919896125794,-0.01092551089823246,-0.029940254986286165,0.007241831161081791,0.9926878213882446,-0.12049246579408646,0.03103770688176155,0.12021450698375702,0.9922627210617065],"EasingStyle":"Linear","EasingDirection":"In"},"Torso":{"Weight":1,"CFrame":[-0.06000910699367523,0.10252535343170166,-0.2677493095397949,0.9995731115341187,-0.0020912543404847385,0.029141223058104516,-0.0015579365426674486,0.9922006726264954,0.12464183568954468,-0.029174596071243287,-0.12463404983282089,0.991773784160614],"EasingStyle":"Linear","EasingDirection":"In"},"HumanoidRootPart":{"Weight":1,"CFrame":[0,0,0,1,0,0,0,1,0,0,0,1],"EasingStyle":"Linear","EasingDirection":"In"},"Right Leg":{"Weight":1,"CFrame":[0.7345984578132629,-0.022208094596862794,0.06261825561523438,0.8482953906059265,0.5220788717269898,-0.08847886323928833,-0.5222226977348328,0.8524890542030335,0.02336510643362999,0.08762572705745697,0.026385067030787469,0.9958040714263916],"EasingStyle":"Linear","EasingDirection":"In"}}},{"Time":0.3448275923728943,"poses":{"Left Leg":{"Weight":1,"CFrame":[-0.7669703960418701,0.07574582099914551,0.04083263874053955,0.8458134531974793,-0.5271102786064148,0.08218450099229813,0.5074026584625244,0.8424422144889832,0.18120092153549195,-0.16474859416484834,-0.11156152188777924,0.9800060987472534],"EasingStyle":"Linear","EasingDirection":"In"},"Right Arm":{"Weight":1,"CFrame":[-0.5359125733375549,-0.044655948877334598,0.09000718593597412,0.19939865171909333,-0.8911041617393494,-0.4076443314552307,0.8959622979164124,0.3342638313770294,-0.29243698716163638,0.3968524634838104,-0.30692216753959658,0.86504727602005],"EasingStyle":"Linear","EasingDirection":"In"},"Left Arm":{"Weight":1,"CFrame":[-0.666064441204071,-0.2716827392578125,0.18704187870025636,0.02973652258515358,0.9888874888420105,0.14566144347190858,-0.91959148645401,-0.030047854408621789,0.3917253911495209,0.3917490541934967,-0.14559775590896607,0.9084790349006653],"EasingStyle":"Linear","EasingDirection":"In"},"Head":{"Weight":1,"CFrame":[9.700306691229344e-8,1.416628947481513e-8,0.016662240028381349,0.9993940591812134,-0.011165362782776356,-0.03296756371855736,0.007436595857143402,0.9937776327133179,-0.1111336424946785,0.03400326892733574,0.11082112044095993,0.993258535861969],"EasingStyle":"Linear","EasingDirection":"In"},"Torso":{"Weight":1,"CFrame":[-0.06975270062685013,0.09482577443122864,-0.267956018447876,0.9994797706604004,-0.0019138874486088753,0.032195042818784717,-0.0018113054102286697,0.993331253528595,0.11528133600950241,-0.032200977206230167,-0.1152796819806099,0.9928110241889954],"EasingStyle":"Linear","EasingDirection":"In"},"HumanoidRootPart":{"Weight":1,"CFrame":[0,0,0,1,0,0,0,1,0,0,0,1],"EasingStyle":"Linear","EasingDirection":"In"},"Right Leg":{"Weight":1,"CFrame":[0.7424757480621338,-0.025508522987365724,0.06420683860778809,0.850970983505249,0.5174672603607178,-0.08986619859933853,-0.5186250805854797,0.8549206256866455,0.011777919717133046,0.08292321860790253,0.036584123969078067,0.9958842992782593],"EasingStyle":"Linear","EasingDirection":"In"}}},{"Time":0.37931033968925478,"poses":{"Left Leg":{"Weight":1,"CFrame":[-0.8155518770217896,0.08703076839447022,0.039132118225097659,0.8365089297294617,-0.5417608022689819,0.08214687556028366,0.5196743011474609,0.8319109678268433,0.19458340108394624,-0.17375653982162476,-0.12008112668991089,0.9774401783943176],"EasingStyle":"Linear","EasingDirection":"In"},"Right Arm":{"Weight":1,"CFrame":[-0.5325130224227905,-0.1468048095703125,0.08894991874694824,0.014613739214837551,-0.9304470419883728,-0.3661348223686218,0.927751898765564,0.14918264746665955,-0.3420834541320801,0.3729115426540375,-0.33468306064605715,0.8654041886329651],"EasingStyle":"Linear","EasingDirection":"In"},"Left Arm":{"Weight":1,"CFrame":[-0.6372770071029663,-0.37485140562057497,0.18681132793426515,0.03215974196791649,0.9877324104309082,0.15280887484550477,-0.9182185530662537,-0.031188832595944406,0.3948444724082947,0.39476656913757326,-0.15301021933555604,0.9059511423110962],"EasingStyle":"Linear","EasingDirection":"In"},"Head":{"Weight":1,"CFrame":[7.88422767072916e-8,9.182258509099484e-9,0.016661882400512697,0.999324381351471,-0.011231147684156895,-0.03499497473239899,0.007641008123755455,0.9948485493659973,-0.10108456760644913,0.03594997897744179,0.10074886679649353,0.9942622780799866],"EasingStyle":"Linear","EasingDirection":"In"},"Torso":{"Weight":1,"CFrame":[-0.08089741319417954,0.08655984699726105,-0.29241275787353518,0.9994122385978699,-0.0017272850964218379,0.03423653170466423,-0.0018862050492316485,0.9944458603858948,0.10523229092359543,-0.034228142350912097,-0.1052350178360939,0.9938581585884094],"EasingStyle":"Linear","EasingDirection":"In"},"HumanoidRootPart":{"Weight":1,"CFrame":[0,0,0,1,0,0,0,1,0,0,0,1],"EasingStyle":"Linear","EasingDirection":"In"},"Right Leg":{"Weight":1,"CFrame":[0.7921262979507446,-0.027485966682434083,0.06838822364807129,0.8412936329841614,0.532862663269043,-0.0910072773694992,-0.5349344611167908,0.8448914289474487,0.0019129025749862195,0.0779106467962265,0.04707358032464981,0.9958484768867493],"EasingStyle":"Linear","EasingDirection":"In"}}},{"Time":0.4137931168079376,"poses":{"Left Leg":{"Weight":1,"CFrame":[-0.8818607926368713,0.09172391891479492,0.036574482917785647,0.8200109004974365,-0.5664619207382202,0.08187220245599747,0.5415392518043518,0.8141909837722778,0.20935192704200746,-0.18524952232837678,-0.12733379006385804,0.9744069576263428],"EasingStyle":"Linear","EasingDirection":"In"},"Right Arm":{"Weight":1,"CFrame":[-0.5194897651672363,-0.26788628101348879,0.08805465698242188,-0.17003370821475984,-0.9333576560020447,-0.3161205053329468,0.9261739253997803,-0.04179221764206886,-0.3747737407684326,0.3365866243839264,-0.3565065860748291,0.8715574741363525],"EasingStyle":"Linear","EasingDirection":"In"},"Left Arm":{"Weight":1,"CFrame":[-0.5908887982368469,-0.44161200523376467,0.18675518035888673,0.02351497672498226,0.9870381355285645,0.15875373780727387,-0.9173650145530701,-0.04181214049458504,0.3958449959754944,0.3973519206047058,-0.1549435257911682,0.9044910073280335],"EasingStyle":"Linear","EasingDirection":"In"},"Head":{"Weight":1,"CFrame":[6.219488568603993e-8,8.34552338346839e-9,0.016662120819091798,0.9992815256118774,-0.01119366567581892,-0.03620929270982742,0.007822860032320023,0.995734691619873,-0.09193170070648194,0.037083838135004047,0.09158246964216232,0.9951068162918091],"EasingStyle":"Linear","EasingDirection":"In"},"Torso":{"Weight":1,"CFrame":[-0.09139502048492432,0.0790320634841919,-0.32387328147888186,0.9993699789047241,-0.0015608745161443949,0.035456739366054538,-0.001854223432019353,0.99537193775177,0.09608063101768494,-0.03544260933995247,-0.09608585387468338,0.9947418570518494],"EasingStyle":"Linear","EasingDirection":"In"},"HumanoidRootPart":{"Weight":1,"CFrame":[0,0,0,1,0,0,0,1,0,0,0,1],"EasingStyle":"Linear","EasingDirection":"In"},"Right Leg":{"Weight":1,"CFrame":[0.8609528541564941,-0.03595423698425293,0.0743781328201294,0.8239973783493042,0.5590898990631104,-0.09190623462200165,-0.5619412064552307,0.827152669429779,-0.006370136514306068,0.07245904207229614,0.05689483880996704,0.9957473278045654],"EasingStyle":"Linear","EasingDirection":"In"}}},{"Time":0.4482758641242981,"poses":{"Left Leg":{"Weight":1,"CFrame":[-0.9780076146125794,0.11164414882659912,0.04143166542053223,0.7850847840309143,-0.6117501854896545,0.0969715565443039,0.5785502195358276,0.7801861763000488,0.23788493871688844,-0.2211819887161255,-0.130656898021698,0.9664406180381775],"EasingStyle":"Linear","EasingDirection":"In"},"Right Arm":{"Weight":1,"CFrame":[-0.49282634258270266,-0.3698139786720276,0.08767962455749512,-0.3277451694011688,-0.907362699508667,-0.2632032632827759,0.8984537124633789,-0.213184654712677,-0.3838402032852173,0.29217132925987246,-0.3622778356075287,0.8850936889648438],"EasingStyle":"Linear","EasingDirection":"In"},"Left Arm":{"Weight":1,"CFrame":[-0.5336250066757202,-0.47748807072639468,0.18673360347747804,0.0063748909160494808,0.9859924912452698,0.16666802763938905,-0.9176638126373291,-0.06045285239815712,0.39273229241371157,0.39730650186538699,-0.1554490327835083,0.9044241905212402],"EasingStyle":"Linear","EasingDirection":"In"},"Head":{"Weight":1,"CFrame":[1.0701478458940983e-7,4.3502950575202706e-8,0.016662120819091798,0.9992607831954956,-0.01112342718988657,-0.036798641085624698,0.007950710132718087,0.9963263273239136,-0.08526918292045593,0.03761189058423042,0.08491359651088715,0.9956782460212708],"EasingStyle":"Linear","EasingDirection":"In"},"Torso":{"Weight":1,"CFrame":[-0.09919655323028565,0.0735529214143753,-0.35069966316223147,0.9993491172790527,-0.0014436844503507019,0.03604765608906746,-0.0017866292037069798,0.9959925413131714,0.08941955119371414,-0.036032285541296008,-0.08942574262619019,0.9953415989875794],"EasingStyle":"Linear","EasingDirection":"In"},"HumanoidRootPart":{"Weight":1,"CFrame":[0,0,0,1,0,0,0,1,0,0,0,1],"EasingStyle":"Linear","EasingDirection":"In"},"Right Leg":{"Weight":1,"CFrame":[0.9351677298545837,-0.05764889717102051,0.08127689361572266,0.8013816475868225,0.5909539461135864,-0.09252449870109558,-0.5943858623504639,0.8040832877159119,-0.01246997807174921,0.06702829152345658,0.06498842686414719,0.9956324100494385],"EasingStyle":"Linear","EasingDirection":"In"}}},{"Time":0.48275861144065859,"poses":{"Left Leg":{"Weight":1,"CFrame":[-1.0666452646255494,0.1566186547279358,0.04903590679168701,0.7391639351844788,-0.6607330441474915,0.13064725697040559,0.6095582246780396,0.7387650609016419,0.2875151038169861,-0.2864883840084076,-0.13288363814353944,0.9488236904144287],"EasingStyle":"Linear","EasingDirection":"In"},"Right Arm":{"Weight":1,"CFrame":[-0.44893133640289309,-0.4146479666233063,0.08807981014251709,-0.43844348192214968,-0.8729680776596069,-0.21376174688339234,0.8644310832023621,-0.344491183757782,-0.36617597937583926,0.2460208684206009,-0.3453298509120941,0.9056606888771057],"EasingStyle":"Linear","EasingDirection":"In"},"Left Arm":{"Weight":1,"CFrame":[-0.47345033288002016,-0.48817113041877749,0.18649792671203614,-0.002240873407572508,0.9842451810836792,0.17679503560066224,-0.9203795194625855,-0.07116081565618515,0.3844967186450958,0.39101991057395937,-0.16185709834098817,0.9060385823249817],"EasingStyle":"Linear","EasingDirection":"In"},"Head":{"Weight":1,"CFrame":[7.776543498039246e-8,2.4861947167664767e-8,0.016662001609802247,0.9992555975914002,-0.01108635775744915,-0.03695278242230415,0.00799817219376564,0.9965429902076721,-0.08269379287958145,0.037741824984550479,0.08233669400215149,0.9958896636962891],"EasingStyle":"Linear","EasingDirection":"In"},"Torso":{"Weight":1,"CFrame":[-0.10225248336791992,0.0714351236820221,-0.3522510528564453,0.9993436336517334,-0.0014001664239913226,0.0362018421292305,-0.0017502198461443186,0.9962202906608582,0.08684489130973816,-0.03618660941720009,-0.08685123920440674,0.9955638647079468],"EasingStyle":"Linear","EasingDirection":"In"},"HumanoidRootPart":{"Weight":1,"CFrame":[0,0,0,1,0,0,0,1,0,0,0,1],"EasingStyle":"Linear","EasingDirection":"In"},"Right Leg":{"Weight":1,"CFrame":[0.9934670329093933,-0.1007157564163208,0.08693349361419678,0.7795252203941345,0.6194568276405335,-0.09280990064144135,-0.6231881976127625,0.78192138671875,-0.015347534790635109,0.06306293606758118,0.06980178505182266,0.99556565284729],"EasingStyle":"Linear","EasingDirection":"In"}}},{"Time":0.517241358757019,"poses":{"Left Leg":{"Weight":1,"CFrame":[-1.0802958011627198,0.22563296556472779,0.031647682189941409,0.7165154814720154,-0.6778522729873657,0.16468676924705506,0.6029970049858093,0.7205601930618286,0.34232664108276369,-0.35071367025375368,-0.14597663283348084,0.9250355958938599],"EasingStyle":"Linear","EasingDirection":"In"},"Right Arm":{"Weight":1,"CFrame":[-0.37605977058410647,-0.3123941123485565,0.08941066265106201,-0.495395302772522,-0.8520680665969849,-0.16900750994682313,0.8454889059066773,-0.4283177852630615,-0.31889235973358157,0.19932907819747926,-0.3008718490600586,0.932600736618042],"EasingStyle":"Linear","EasingDirection":"In"},"Left Arm":{"Weight":1,"CFrame":[-0.41615837812423708,-0.389801561832428,0.1855473518371582,0.03754806891083717,0.9829569458961487,0.17996102571487428,-0.9296309947967529,-0.03170285001397133,0.36712566018104555,0.36657387018203738,-0.1810823529958725,0.9125967621803284],"EasingStyle":"Linear","EasingDirection":"In"},"Head":{"Weight":1,"CFrame":[6.693881005048752e-8,3.7325662560760979e-9,0.01666247844696045,0.9992560148239136,-0.011100835166871548,-0.036937978118658069,0.007809000089764595,0.9960809946060181,-0.08810045570135117,0.037771157920360568,0.08774647861719132,0.9954265356063843],"EasingStyle":"Linear","EasingDirection":"In"},"Torso":{"Weight":1,"CFrame":[-0.09719368815422058,0.07588338851928711,-0.3296699523925781,0.9993440508842468,-0.0015809366013854743,0.03618020564317703,-0.0017646874766796828,0.9957341551780701,0.09225273877382279,-0.03617170453071594,-0.09225606918334961,0.9950782060623169],"EasingStyle":"Linear","EasingDirection":"In"},"HumanoidRootPart":{"Weight":1,"CFrame":[0,0,0,1,0,0,0,1,0,0,0,1],"EasingStyle":"Linear","EasingDirection":"In"},"Right Leg":{"Weight":1,"CFrame":[1.0046716928482056,-0.14077353477478028,0.09078860282897949,0.7698040008544922,0.6315034627914429,-0.09276431053876877,-0.6351740956306458,0.7722449898719788,-0.013842434622347355,0.0628952756524086,0.0695774182677269,0.995591938495636],"EasingStyle":"Linear","EasingDirection":"In"}}},{"Time":0.5517241358757019,"poses":{"Left Leg":{"Weight":1,"CFrame":[-1.0502433776855469,0.26852715015411379,0.016634821891784669,0.7117090821266174,-0.6767609119415283,0.1883213371038437,0.5849195718765259,0.7193785905838013,0.3746509552001953,-0.3890235126018524,-0.1564895510673523,0.9078390598297119],"EasingStyle":"Linear","EasingDirection":"In"},"Right Arm":{"Weight":1,"CFrame":[-0.2759850323200226,-0.10923445224761963,0.09148693084716797,-0.5161082744598389,-0.8472268581390381,-0.12585295736789704,0.8432904481887817,-0.47689077258110049,-0.2478637844324112,0.14997875690460206,-0.23405523598194123,0.9605855941772461],"EasingStyle":"Linear","EasingDirection":"In"},"Left Arm":{"Weight":1,"CFrame":[-0.3595750331878662,-0.20638495683670045,0.18405365943908692,0.12769821286201478,0.9759066700935364,0.17691567540168763,-0.9413537979125977,0.06308647245168686,0.33147141337394717,0.312324196100235,-0.2088688313961029,0.9267295598983765],"EasingStyle":"Linear","EasingDirection":"In"},"Head":{"Weight":1,"CFrame":[8.061761036515236e-8,-3.812601789832115e-8,0.016662120819091798,0.9992586374282837,-0.011128893122076989,-0.036855533719062808,0.007364018354564905,0.9948840141296387,-0.1007557287812233,0.0377882644534111,0.1004096195101738,0.9942283630371094],"EasingStyle":"Linear","EasingDirection":"In"},"Torso":{"Weight":1,"CFrame":[-0.08407992124557495,0.08629506826400757,-0.31250953674316409,0.9993469715118408,-0.0020048492588102819,0.03607797995209694,-0.0017923424020409585,0.9944800734519959,0.10491038113832474,-0.03608915954828262,-0.10490652918815613,0.9938270449638367],"EasingStyle":"Linear","EasingDirection":"In"},"HumanoidRootPart":{"Weight":1,"CFrame":[0,0,0,1,0,0,0,1,0,0,0,1],"EasingStyle":"Linear","EasingDirection":"In"},"Right Leg":{"Weight":1,"CFrame":[0.9902452826499939,-0.15929794311523438,0.08991396427154541,0.7657272219657898,0.6365663409233093,-0.09189757704734802,-0.6395969390869141,0.768696129322052,-0.004687255248427391,0.06765761226415634,0.062366560101509097,0.995757520198822],"EasingStyle":"Linear","EasingDirection":"In"}}},{"Time":0.5862069129943848,"poses":{"Left Leg":{"Weight":1,"CFrame":[-1.0010507106781006,0.2468174695968628,0.07738924026489258,0.7124040722846985,-0.66932213306427,0.210922971367836,0.5827310085296631,0.731683075428009,0.3536441922187805,-0.3910306692123413,-0.12902618944644929,0.9112887978553772],"EasingStyle":"Linear","EasingDirection":"In"},"Right Arm":{"Weight":1,"CFrame":[-0.1654106229543686,0.028387606143951417,0.09398126602172852,-0.5201591849327087,-0.8501084446907044,-0.08215902000665665,0.8483795523643494,-0.5032119750976563,-0.1644078493118286,0.09842109680175781,-0.1552204042673111,0.9829649329185486],"EasingStyle":"Linear","EasingDirection":"In"},"Left Arm":{"Weight":1,"CFrame":[-0.29956507682800295,-0.10541272163391113,0.18280959129333497,0.22745870053768159,0.9563111662864685,0.18366160988807679,-0.9472140073776245,0.17352040112018586,0.26958537101745608,0.22593840956687928,-0.23528656363487245,0.9453001022338867],"EasingStyle":"Linear","EasingDirection":"In"},"Head":{"Weight":1,"CFrame":[7.683411240577698e-8,-8.869392331689597e-9,0.016662001609802247,0.9992662072181702,-0.011122033931314946,-0.03665165975689888,0.006875797174870968,0.9934564828872681,-0.11400456726551056,0.037679798901081088,0.11366892606019974,0.9928039908409119],"EasingStyle":"Linear","EasingDirection":"In"},"Torso":{"Weight":1,"CFrame":[-0.06600060313940048,0.09719529747962952,-0.29753541946411135,0.9993544220924377,-0.0024694008752703668,0.03584470972418785,-0.001784536405466497,0.9929927587509155,0.11816197633743286,-0.03588532656431198,-0.11814964562654495,0.9923471808433533],"EasingStyle":"Linear","EasingDirection":"In"},"HumanoidRootPart":{"Weight":1,"CFrame":[0,0,0,1,0,0,0,1,0,0,0,1],"EasingStyle":"Linear","EasingDirection":"In"},"Right Leg":{"Weight":1,"CFrame":[0.9339069724082947,-0.1377544403076172,0.08110654354095459,0.779516875743866,0.6198738217353821,-0.09005541354417801,-0.6216585636138916,0.7832236886024475,0.010065862908959389,0.07677315175533295,0.04813718795776367,0.995885968208313],"EasingStyle":"Linear","EasingDirection":"In"}}},{"Time":0.6206896305084229,"poses":{"Left Leg":{"Weight":1,"CFrame":[-0.8857803344726563,0.24029064178466798,0.13557493686676026,0.7441997528076172,-0.6252648234367371,0.2349700927734375,0.5520038604736328,0.7737777233123779,0.3107406497001648,-0.3761098086833954,-0.1015486866235733,0.9209936261177063],"EasingStyle":"Linear","EasingDirection":"In"},"Right Arm":{"Weight":1,"CFrame":[-0.05784698948264122,0.05686265230178833,0.09634053707122803,-0.5218427777290344,-0.8520289659500122,-0.041555482894182208,0.8518954515457153,-0.5179980993270874,-0.07715041935443878,0.04420870542526245,-0.07566139847040177,0.9961531758308411],"EasingStyle":"Linear","EasingDirection":"In"},"Left Arm":{"Weight":1,"CFrame":[-0.2345280945301056,-0.1628519892692566,0.18198835849761964,0.3051626682281494,0.9273279309272766,0.21665343642234803,-0.9458455443382263,0.26870256662368777,0.18214023113250733,0.11068831384181977,-0.26050329208374026,0.9591070413589478],"EasingStyle":"Linear","EasingDirection":"In"},"Head":{"Weight":1,"CFrame":[8.981442078948021e-8,-3.720015229191631e-8,0.016662001609802247,0.9992809295654297,-0.011042040772736073,-0.03627258539199829,0.006547443103045225,0.9925367832183838,-0.12176983058452606,0.03734644874930382,0.12144476175308228,0.9918954372406006],"EasingStyle":"Linear","EasingDirection":"In"},"Torso":{"Weight":1,"CFrame":[-0.04603829234838486,0.10358533263206482,-0.28322625160217287,0.9993680119514465,-0.002783140167593956,0.03543825075030327,-0.0017028514994308353,0.9920375943183899,0.12593045830726624,-0.035506561398506168,-0.12591122090816499,0.9914059042930603],"EasingStyle":"Linear","EasingDirection":"In"},"HumanoidRootPart":{"Weight":1,"CFrame":[0,0,0,1,0,0,0,1,0,0,0,1],"EasingStyle":"Linear","EasingDirection":"In"},"Right Leg":{"Weight":1,"CFrame":[0.8160663843154907,-0.06550657749176026,0.06885087490081787,0.8200209140777588,0.5654970407485962,-0.08819840103387833,-0.5658652782440186,0.8241716027259827,0.023188523948192598,0.08580368757247925,0.030893325805664064,0.9958330988883972],"EasingStyle":"Linear","EasingDirection":"In"}}},{"Time":0.6551724076271057,"poses":{"Left Leg":{"Weight":1,"CFrame":[-0.7662648558616638,0.22258710861206056,0.15416109561920167,0.7811709046363831,-0.5710456371307373,0.25234660506248476,0.5055056214332581,0.8157423138618469,0.2811201810836792,-0.3663822412490845,-0.09204031527042389,0.9259009957313538],"EasingStyle":"Linear","EasingDirection":"In"},"Right Arm":{"Weight":1,"CFrame":[0.04561576992273331,0.06039237976074219,0.09802544116973877,-0.522519588470459,-0.852293074131012,-0.02387131005525589,0.852294921875,-0.5228927731513977,0.013285945169627667,-0.02380564622581005,-0.01340335700660