{"Sequence":[{"Time":0,"poses":{"Left Leg":{"Weight":1,"CFrame":[-0.29583311080932619,-0.268049955368042,0.13018012046813966,0.6410838961601257,-0.715191125869751,0.27841272950172427,0.7299414873123169,0.6802523732185364,0.06665138900279999,-0.2370595782995224,0.16049595177173615,0.9581462144851685],"EasingStyle":"Linear","EasingDirection":"In"},"Right Arm":{"Weight":1,"CFrame":[0.14161080121994019,0.1810029149055481,0.10230231285095215,-0.3280283510684967,-0.5603259801864624,-0.7605476379394531,-0.029351599514484407,-0.7986613512039185,0.601064920425415,-0.9442119598388672,0.2194896787405014,0.24553705751895905],"EasingStyle":"Linear","EasingDirection":"In"},"Head":{"Weight":1,"CFrame":[1.7136335372924806e-7,0.000001296401023864746,0,0.9637543559074402,0.16094067692756654,0.21278156340122224,-0.17977790534496308,0.981051504611969,0.0722363293170929,-0.19712384045124055,-0.1078716516494751,0.9744260907173157],"EasingStyle":"Linear","EasingDirection":"In"},"Right Leg":{"Weight":1,"CFrame":[1.0056289434432984,-0.47073912620544436,-0.8078562021255493,0.4338482618331909,0.5408596396446228,0.7205879092216492,-0.780388593673706,0.6252944469451904,0.0005186870694160461,-0.450299471616745,-0.562563955783844,0.6933634281158447],"EasingStyle":"Linear","EasingDirection":"In"},"Torso":{"Weight":1,"CFrame":[0.011202812194824219,0.24981021881103517,-0.09095454216003418,0.9714321494102478,-0.23413467407226563,-0.03873837739229202,0.23729324340820313,0.9606478214263916,0.1443876028060913,0.0034078028984367849,-0.14945518970489503,0.9887627363204956],"EasingStyle":"Linear","EasingDirection":"In"},"HumanoidRootPart":{"Weight":0,"CFrame":[0,0,0,1,0,0,0,1,0,0,0,1],"EasingStyle":"Linear","EasingDirection":"In"},"Left Arm":{"Weight":1,"CFrame":[-0.9892878532409668,0.4232786297798157,-0.23712456226348878,-0.9159533977508545,0.13096711039543153,0.37931182980537417,0.19738298654556275,-0.6759486198425293,0.7100237607955933,0.34938502311706545,0.7252181172370911,0.5932866334915161],"EasingStyle":"Linear","EasingDirection":"In"}}},{"Time":0.03333333507180214,"poses":{"Left Leg":{"Weight":1,"CFrame":[-0.26467621326446535,-0.2164616584777832,0.12013602256774903,0.6755263209342957,-0.68909752368927,0.26231497526168826,0.6954572796821594,0.7136633992195129,0.08380716294050217,-0.24495601654052735,0.12581489980220796,0.9613362550735474],"EasingStyle":"Linear","EasingDirection":"In"},"Right Arm":{"Weight":1,"CFrame":[0.17376713454723359,0.1973506212234497,0.10251033306121826,-0.3408966660499573,-0.5677156448364258,-0.7493255734443665,-0.050502993166446689,-0.784859299659729,0.6176127195358276,-0.9387434720993042,0.2483852505683899,0.2388845682144165],"EasingStyle":"Linear","EasingDirection":"In"},"Head":{"Weight":1,"CFrame":[-2.384185791015625e-7,-6.183981895446777e-7,0,0.9680868983268738,0.16478702425956727,0.18882036209106446,-0.180757075548172,0.9809895157814026,0.07061891257762909,-0.173593670129776,-0.10249584913253784,0.9794691801071167],"EasingStyle":"Linear","EasingDirection":"In"},"Right Leg":{"Weight":1,"CFrame":[1.0230048894882203,-0.44129467010498049,-0.7225419282913208,0.49877649545669558,0.5637888312339783,0.6583045125007629,-0.7524999976158142,0.6585633754730225,0.006134897470474243,-0.4300766885280609,-0.4984343945980072,0.7527268528938294],"EasingStyle":"Linear","EasingDirection":"In"},"Torso":{"Weight":1,"CFrame":[-0.010446548461914063,0.2650728225708008,-0.0673227310180664,0.968698263168335,-0.24631373584270478,-0.030874744057655336,0.2481219321489334,0.9568592309951782,0.15118250250816346,-0.007695539854466915,-0.15411093831062318,0.988023579120636],"EasingStyle":"Linear","EasingDirection":"In"},"HumanoidRootPart":{"Weight":0,"CFrame":[0,0,0,1,0,0,0,1,0,0,0,1],"EasingStyle":"Linear","EasingDirection":"In"},"Left Arm":{"Weight":1,"CFrame":[-0.9656657576560974,0.3948168158531189,-0.22035163640975953,-0.9095954895019531,0.15343749523162843,0.3861262798309326,0.1819053590297699,-0.6884604692459106,0.7020916938781738,0.37355971336364748,0.7088576555252075,0.5983091592788696],"EasingStyle":"Linear","EasingDirection":"In"}}},{"Time":0.06666667014360428,"poses":{"Left Leg":{"Weight":1,"CFrame":[-0.18645265698432923,-0.11852765083312988,0.08613038063049317,0.7554822564125061,-0.61542809009552,0.22471033036708833,0.6057686805725098,0.7868034243583679,0.11825574189424515,-0.24958093464374543,0.046782396733760837,0.9672235250473023],"EasingStyle":"Linear","EasingDirection":"In"},"Right Arm":{"Weight":1,"CFrame":[0.2582705616950989,0.23859941959381104,0.10329031944274903,-0.37687602639198305,-0.5858443975448608,-0.7174614667892456,-0.10278550535440445,-0.7433410882949829,0.6609684228897095,-0.9205434322357178,0.32284796237945559,0.21993108093738557],"EasingStyle":"Linear","EasingDirection":"In"},"Head":{"Weight":1,"CFrame":[0.0000011771917343139649,6.705522537231445e-8,0,0.9766263961791992,0.1749742031097412,0.12484124302864075,-0.1841786801815033,0.9806495904922485,0.066367968916893,-0.11081276834011078,-0.08780987560749054,0.9899545907974243],"EasingStyle":"Linear","EasingDirection":"In"},"Right Leg":{"Weight":1,"CFrame":[0.9870617389678955,-0.34139394760131838,-0.45894694328308108,0.678230345249176,0.5756207704544067,0.4567980170249939,-0.6590785980224609,0.751405656337738,0.031703971326351169,-0.3249911665916443,-0.3225683569908142,0.8890054225921631],"EasingStyle":"Linear","EasingDirection":"In"},"Torso":{"Weight":1,"CFrame":[-0.04039144515991211,0.2806587219238281,-0.008894681930541993,0.9606218338012695,-0.2776991128921509,-0.009437184780836106,0.27582794427871706,0.9489485621452332,0.15302154421806336,-0.03353853523731232,-0.1495988965034485,0.9881777763366699],"EasingStyle":"Linear","EasingDirection":"In"},"HumanoidRootPart":{"Weight":0,"CFrame":[0,0,0,1,0,0,0,1,0,0,0,1],"EasingStyle":"Linear","EasingDirection":"In"},"Left Arm":{"Weight":1,"CFrame":[-0.9032899737358093,0.317429780960083,-0.1747812032699585,-0.8895300626754761,0.2125718891620636,0.40441256761550906,0.13925102353096009,-0.7169076204299927,0.6831198930740356,0.43513843417167666,0.6639707088470459,0.6081100702285767],"EasingStyle":"Linear","EasingDirection":"In"}}},{"Time":0.10000000149011612,"poses":{"Left Leg":{"Weight":1,"CFrame":[-0.21465224027633668,-0.10632169246673584,0.06560635566711426,0.8056773543357849,-0.5641294717788696,0.18067118525505067,0.5444853901863098,0.8253982663154602,0.14917665719985963,-0.23328080773353578,-0.021815359592437745,0.9721646308898926],"EasingStyle":"Linear","EasingDirection":"In"},"Right Arm":{"Weight":1,"CFrame":[0.37741854786872866,0.29297304153442385,0.10470807552337647,-0.43245697021484377,-0.6066721677780151,-0.6670308113098145,-0.16725805401802064,-0.6729693412780762,0.7205119132995606,-0.8860056400299072,0.42315632104873659,0.1895589381456375],"EasingStyle":"Linear","EasingDirection":"In"},"Head":{"Weight":1,"CFrame":[3.4458935260772707e-7,-3.0547380447387697e-7,0,0.98139888048172,0.18912705779075623,0.032973553985357288,-0.19084511697292329,0.9797475337982178,0.06060470640659332,-0.02084379643201828,-0.0657702311873436,0.9976171851158142],"EasingStyle":"Linear","EasingDirection":"In"},"Right Leg":{"Weight":1,"CFrame":[0.7427310347557068,-0.18794691562652589,-0.08883309364318848,0.8766040802001953,0.47407248616218569,0.08259004354476929,-0.4790290892124176,0.8760092258453369,0.056026261299848559,-0.04578900337219238,-0.08867581933736801,0.9950075149536133],"EasingStyle":"Linear","EasingDirection":"In"},"Torso":{"Weight":1,"CFrame":[-0.03952980041503906,0.2572603225708008,0.050878047943115237,0.9473100304603577,-0.3194257915019989,0.023891901597380639,0.3143590986728668,0.9414175152778626,0.12211252748966217,-0.06149815022945404,-0.10816778242588043,0.9922286868095398],"EasingStyle":"Linear","EasingDirection":"In"},"HumanoidRootPart":{"Weight":0,"CFrame":[0,0,0,1,0,0,0,1,0,0,0,1],"EasingStyle":"Linear","EasingDirection":"In"},"Left Arm":{"Weight":1,"CFrame":[-0.8132418394088745,0.2020580768585205,-0.1074608564376831,-0.8530124425888062,0.29499372839927676,0.43052151799201968,0.07552928477525711,-0.7464631199836731,0.6611267924308777,0.516396701335907,0.596466064453125,0.6144614219665527],"EasingStyle":"Linear","EasingDirection":"In"}}},{"Time":0.13333334028720857,"poses":{"Left Leg":{"Weight":1,"CFrame":[-0.5580136775970459,-0.19080686569213868,0.09375286102294922,0.7683680057525635,-0.6249018311500549,0.13823312520980836,0.6011677384376526,0.7787989377975464,0.17908041179180146,-0.21956348419189454,-0.05449850857257843,0.9740749597549439],"EasingStyle":"Linear","EasingDirection":"In"},"Right Arm":{"Weight":1,"CFrame":[0.5134331583976746,0.3484538793563843,0.10707855224609375,-0.5024840831756592,-0.6222214698791504,-0.6002922058105469,-0.22410887479782105,-0.576843798160553,0.7855103015899658,-0.8350362777709961,0.5292371511459351,0.1504095047712326],"EasingStyle":"Linear","EasingDirection":"In"},"Head":{"Weight":1,"CFrame":[-4.1350722312927248e-7,3.0547380447387697e-7,0,0.9760298728942871,0.20504972338676454,-0.07294190675020218,-0.20137259364128114,0.977986216545105,0.05470214784145355,0.08255279064178467,-0.03870243951678276,0.99583500623703],"EasingStyle":"Linear","EasingDirection":"In"},"Right Leg":{"Weight":1,"CFrame":[0.40936973690986636,-0.07292819023132324,0.2284080982208252,0.8622024059295654,0.2804560363292694,-0.4218429923057556,-0.31476089358329775,0.9490907192230225,-0.012349039316177369,0.39690399169921877,0.1434270739555359,0.9065847992897034],"EasingStyle":"Linear","EasingDirection":"In"},"Torso":{"Weight":1,"CFrame":[-0.03120136260986328,0.18677139282226563,0.023060083389282228,0.9301909804344177,-0.3604104220867157,0.0696360394358635,0.3581804633140564,0.9326774477958679,0.042656950652599338,-0.08032198250293732,-0.014736846089363099,0.996660053730011],"EasingStyle":"Linear","EasingDirection":"In"},"HumanoidRootPart":{"Weight":0,"CFrame":[0,0,0,1,0,0,0,1,0,0,0,1],"EasingStyle":"Linear","EasingDirection":"In"},"Left Arm":{"Weight":1,"CFrame":[-0.7063315510749817,0.061144351959228519,-0.02736210823059082,-0.8003716468811035,0.3866026997566223,0.45819613337516787,0.0004390105605125427,-0.7639136910438538,0.6453185081481934,0.5995041728019714,0.5166956782341003,0.6112451553344727],"EasingStyle":"Linear","EasingDirection":"In"}}},{"Time":0.1666666716337204,"poses":{"Left Leg":{"Weight":1,"CFrame":[-0.9726415872573853,-0.17177164554595948,0.1022806167602539,0.696852445602417,-0.7099165320396423,0.10205620527267456,0.6758849024772644,0.6976197957992554,0.23771096765995027,-0.23995159566402436,-0.09667105972766876,0.9659596681594849],"EasingStyle":"Linear","EasingDirection":"In"},"Right Arm":{"Weight":1,"CFrame":[0.648032546043396,0.3927244544029236,0.11142826080322266,-0.5790176391601563,-0.6278089284896851,-0.5201871395111084,-0.2563342750072479,-0.4654901325702667,0.8471201062202454,-0.7739710807800293,0.6238394975662231,0.10859830677509308],"EasingStyle":"Linear","EasingDirection":"In"},"Head":{"Weight":1,"CFrame":[-2.60770320892334e-7,-8.717179298400879e-7,0,0.9588656425476074,0.22147367894649507,-0.17755647003650666,-0.21595866978168488,0.9751186966896057,0.05005629360675812,0.18422485888004304,-0.009652402251958847,0.9828371405601502],"EasingStyle":"Linear","EasingDirection":"In"},"Right Leg":{"Weight":1,"CFrame":[0.06418579816818237,-0.07836771011352539,0.5410302877426148,0.5955514907836914,0.02045610547065735,-0.8030567169189453,-0.35471755266189577,0.9036345481872559,-0.2400427758693695,0.7207592725753784,0.4278164505958557,0.5454169511795044],"EasingStyle":"Linear","EasingDirection":"In"},"Torso":{"Weight":1,"CFrame":[-0.04459190368652344,0.10707950592041016,-0.14654135704040528,0.9121407270431519,-0.39020973443984988,0.12544229626655579,0.3985779881477356,0.9157993793487549,-0.049468159675598147,-0.09557699412107468,0.09512043744325638,0.990867018699646],"EasingStyle":"Linear","EasingDirection":"In"},"HumanoidRootPart":{"Weight":0,"CFrame":[0,0,0,1,0,0,0,1,0,0,0,1],"EasingStyle":"Linear","EasingDirection":"In"},"Left Arm":{"Weight":1,"CFrame":[-0.5960605144500732,-0.08880507946014404,0.05460703372955322,-0.7386068105697632,0.475263774394989,0.47810494899749758,-0.07258395105600357,-0.7611534595489502,0.6444981098175049,0.670217752456665,0.44132760167121889,0.5966893434524536],"EasingStyle":"Linear","EasingDirection":"In"}}},{"Time":0.20000000298023225,"poses":{"Left Leg":{"Weight":1,"CFrame":[-1.2127383947372437,-0.0537872314453125,0.07808518409729004,0.6514686346054077,-0.753966748714447,0.08439886569976807,0.6966559886932373,0.6385520696640015,0.3269887864589691,-0.30043166875839236,-0.15422607958316804,0.9412520527839661],"EasingStyle":"Linear","EasingDirection":"In"},"Right Arm":{"Weight":1,"CFrame":[0.7619981169700623,0.4131392240524292,0.11973977088928223,-0.6520501375198364,-0.6244221925735474,-0.4300326108932495,-0.2530497908592224,-0.35543328523635867,0.8997962474822998,-0.71470046043396,0.6955317854881287,0.07375045865774155],"EasingStyle":"Linear","EasingDirection":"In"},"Head":{"Weight":1,"CFrame":[9.387731552124023e-7,5.587935447692871e-7,0,0.9340205788612366,0.23855051398277284,-0.2658939063549042,-0.2344037890434265,0.9709678888320923,0.047715023159980777,0.26955676078796389,0.01775965839624405,0.962820827960968],"EasingStyle":"Linear","EasingDirection":"In"},"Right Leg":{"Weight":1,"CFrame":[-0.16592508554458619,-0.21558403968811036,0.6930813789367676,0.4726080000400543,-0.18663664162158967,-0.8612833023071289,-0.47473642230033877,0.7694739699363709,-0.42724162340164187,0.7424737811088562,0.6108003258705139,0.27505648136138918],"EasingStyle":"Linear","EasingDirection":"In"},"Torso":{"Weight":1,"CFrame":[-0.05597877502441406,0.05788612365722656,-0.3234255313873291,0.8960993885993958,-0.4039916396141052,0.18383905291557313,0.4266657531261444,0.8981828093528748,-0.1059439554810524,-0.12232062220573425,0.17337414622306825,0.9772303104400635],"EasingStyle":"Linear","EasingDirection":"In"},"HumanoidRootPart":{"Weight":0,"CFrame":[0,0,0,1,0,0,0,1,0,0,0,1],"EasingStyle":"Linear","EasingDirection":"In"},"Left Arm":{"Weight":1,"CFrame":[-0.5009070038795471,-0.22704720497131349,0.12796521186828614,-0.6809533834457398,0.5535925030708313,0.4794146418571472,-0.13000516593456269,-0.7356288433074951,0.6647920608520508,0.7206952571868897,0.3903661370277405,0.572898805141449],"EasingStyle":"Linear","EasingDirection":"In"}}},{"Time":0.23333333432674409,"poses":{"Left Leg":{"Weight":1,"CFrame":[-1.235903263092041,0.047765135765075687,0.05904650688171387,0.6555048227310181,-0.7501116394996643,0.08744257688522339,0.6648118495941162,0.6281017065048218,0.4043681025505066,-0.3582441806793213,-0.2069321870803833,0.9104068875312805],"EasingStyle":"Linear","EasingDirection":"In"},"Right Arm":{"Weight":1,"CFrame":[0.8346131443977356,0.39653652906417849,0.13484621047973634,-0.7108393311500549,-0.6194272041320801,-0.33319294452667239,-0.21011090278625489,-0.26508066058158877,0.9410556554794312,-0.6712384223937988,0.7389469146728516,0.0582810714840889],"EasingStyle":"Linear","EasingDirection":"In"},"Head":{"Weight":1,"CFrame":[-4.023313522338867e-7,7.82310962677002e-7,0,0.9098763465881348,0.257821261882782,-0.32504382729530337,-0.2563873827457428,0.9653797745704651,0.048038825392723086,0.3261761963367462,0.03962761163711548,0.9444781541824341],"EasingStyle":"Linear","EasingDirection":"In"},"Right Leg":{"Weight":1,"CFrame":[-0.1519964039325714,-0.30995655059814455,0.7013168334960938,0.4909411072731018,-0.1964726597070694,-0.8487492799758911,-0.5223679542541504,0.713295578956604,-0.46727001667022707,0.6972151398658752,0.6727615594863892,0.24755507707595826],"EasingStyle":"Linear","EasingDirection":"In"},"Torso":{"Weight":1,"CFrame":[-0.0392451286315918,0.061550140380859378,-0.36572933197021487,0.8837296366691589,-0.40523916482925417,0.2341010719537735,0.4363684356212616,0.8942767977714539,-0.09925543516874314,-0.16912893950939179,0.1898692548274994,0.9671323895454407],"EasingStyle":"Linear","EasingDirection":"In"},"HumanoidRootPart":{"Weight":0,"CFrame":[0,0,0,1,0,0,0,1,0,0,0,1],"EasingStyle":"Linear","EasingDirection":"In"},"Left Arm":{"Weight":1,"CFrame":[-0.44452035427093508,-0.3307653069496155,0.18468248844146729,-0.6436132788658142,0.6181578636169434,0.45126840472221377,-0.1624126136302948,-0.6865061521530151,0.7087537050247192,0.747920036315918,0.3828712999820709,0.5422409772872925],"EasingStyle":"Linear","EasingDirection":"In"}}},{"Time":0.2666666805744171,"poses":{"Left Leg":{"Weight":1,"CFrame":[-1.1647405624389649,0.07274764776229859,0.05848503112792969,0.6857912540435791,-0.721824586391449,0.09305813908576966,0.6278612613677979,0.6514313220977783,0.4259437024593353,-0.3680775463581085,-0.23368096351623536,0.8999514579772949],"EasingStyle":"Linear","EasingDirection":"In"},"Right Arm":{"Weight":1,"CFrame":[0.842680037021637,0.3286084532737732,0.1596606969833374,-0.7441777586936951,-0.6256878972053528,-0.23391097784042359,-0.12748326361179353,-0.21070662140846253,0.9692013263702393,-0.6557040810585022,0.7510777711868286,0.0770384818315506],"EasingStyle":"Linear","EasingDirection":"In"},"Head":{"Weight":1,"CFrame":[7.450580596923828e-8,-3.3527612686157229e-7,0,0.8957826495170593,0.2816067337989807,-0.34390655159950259,-0.2818271815776825,0.9581362009048462,0.05048437416553497,0.34372586011886599,0.05169922858476639,0.9376461505889893],"EasingStyle":"Linear","EasingDirection":"In"},"Right Leg":{"Weight":1,"CFrame":[-0.14430347084999085,-0.34520387649536135,0.6074205636978149,0.48190516233444216,-0.18468841910362245,-0.8565384149551392,-0.5106062889099121,0.7352136373519898,-0.44580522179603579,0.7120736837387085,0.6521897315979004,0.25999999046325686],"EasingStyle":"Linear","EasingDirection":"In"},"Torso":{"Weight":1,"CFrame":[-0.01106119155883789,0.09140205383300781,-0.3021540641784668,0.8775761723518372,-0.4039915204048157,0.2581688463687897,0.43403372168540957,0.8981828093528748,-0.06987441331148148,-0.2036542147397995,0.17337411642074586,0.963569700717926],"EasingStyle":"Linear","EasingDirection":"In"},"HumanoidRootPart":{"Weight":0,"CFrame":[0,0,0,1,0,0,0,1,0,0,0,1],"EasingStyle":"Linear","EasingDirection":"In"},"Left Arm":{"Weight":1,"CFrame":[-0.4544573128223419,-0.3777400255203247,0.21837568283081056,-0.6427425146102905,0.6637642979621887,0.38249075412750246,-0.16682036221027375,-0.6085690259933472,0.7757673859596252,0.747698962688446,0.43481147289276125,0.5018823742866516],"EasingStyle":"Linear","EasingDirection":"In"}}},{"Time":0.30000001192092898,"poses":{"Left Leg":{"Weight":1,"CFrame":[-1.0834625959396363,0.022840261459350587,0.06472063064575196,0.727497935295105,-0.6798115372657776,0.09275338053703308,0.606325089931488,0.7002702355384827,0.37681853771209719,-0.3211180567741394,-0.21789583563804627,0.9216315746307373],"EasingStyle":"Linear","EasingDirection":"In"},"Right Arm":{"Weight":1,"CFrame":[0.7665867805480957,0.19932067394256593,0.19336366653442384,-0.7410669922828674,-0.656704306602478,-0.13985556364059449,-0.00818387046456337,-0.1994449496269226,0.9798751473426819,-0.6713812351226807,0.7272975444793701,0.1424274891614914],"EasingStyle":"Linear","EasingDirection":"In"},"Head":{"Weight":1,"CFrame":[-3.5762786865234377e-7,-0.0000010356307029724122,0,0.8965279459953308,0.311273992061615,-0.31519246101379397,-0.3107365667819977,0.9489980340003967,0.053346797823905948,0.3157225251197815,0.05011487752199173,0.9475275278091431],"EasingStyle":"Linear","EasingDirection":"In"},"Right Leg":{"Weight":1,"CFrame":[0.08483588695526123,-0.2037414312362671,0.5255153179168701,0.6274084448814392,-0.04207892715930939,-0.777552604675293,-0.38274118304252627,0.8529297113418579,-0.35499316453933718,0.6781353950500488,0.5203274488449097,0.519029974937439],"EasingStyle":"Linear","EasingDirection":"In"},"Torso":{"Weight":1,"CFrame":[0.0066013336181640629,0.11505794525146485,-0.19644403457641602,0.8813861012458801,-0.40569475293159487,0.2420133352279663,0.4314134120941162,0.899988055229187,-0.062481839209795,-0.19246050715446473,0.15947841107845307,0.9682591557502747],"EasingStyle":"Linear","EasingDirection":"In"},"HumanoidRootPart":{"Weight":0,"CFrame":[0,0,0,1,0,0,0,1,0,0,0,1],"EasingStyle":"Linear","EasingDirection":"In"},"Left Arm":{"Weight":1,"CFrame":[-0.5517331957817078,-0.3563101887702942,0.22235631942749024,-0.6882400512695313,0.6754232048988342,0.26482027769088747,-0.1512111872434616,-0.4905596971511841,0.8581880331039429,0.7095500826835632,0.5505954027175903,0.4397543668746948],"EasingStyle":"Linear","EasingDirection":"In"}}},{"Time":0.3333333432674408,"poses":{"Left Leg":{"Weight":1,"CFrame":[-0.9745426177978516,-0.053769826889038089,0.058852314949035647,0.781814694404602,-0.6168864965438843,0.0906507670879364,0.5746756792068481,0.7693279981613159,0.2790742516517639,-0.24189718067646027,-0.16608983278274537,0.9559813737869263],"EasingStyle":"Linear","EasingDirection":"In"},"Right Arm":{"Weight":1,"CFrame":[0.6146072745323181,0.0243033766746521,0.22427403926849366,-0.6981594562530518,-0.7132153511047363,-0.06243263930082321,0.13398978114128114,-0.2158266007900238,0.9671950340270996,-0.7032928466796875,0.6668907999992371,0.24624477326869965],"EasingStyle":"Linear","EasingDirection":"In"},"Head":{"Weight":1,"CFrame":[7.599592208862305e-7,-5.811452865600586e-7,0,0.9058009386062622,0.3443196415901184,-0.24691924452781678,-0.34191375970840456,0.9381800889968872,0.05397722125053406,0.25024014711380007,0.035532474517822269,0.9675318002700806],"EasingStyle":"Linear","EasingDirection":"In"},"Right Leg":{"Weight":1,"CFrame":[0.5444534420967102,-0.0059092044830322269,0.27202606201171877,0.9104971289634705,0.1803157478570938,-0.3721311390399933,-0.24313288927078248,0.961370587348938,-0.12904588878154756,0.33448708057403567,0.20797353982925416,0.919165849685669],"EasingStyle":"Linear","EasingDirection":"In"},"Torso":{"Weight":1,"CFrame":[0.011138916015625,0.12106895446777344,-0.08693981170654297,0.8914326429367065,-0.4097435772418976,0.19354143738746644,0.4303813874721527,0.899221658706665,-0.07856550067663193,-0.14184489846229554,0.1533324420452118,0.9779413938522339],"EasingStyle":"Linear","EasingDirection":"In"},"HumanoidRootPart":{"Weight":0,"CFrame":[0,0,0,1,0,0,0,1,0,0,0,1],"EasingStyle":"Linear","EasingDirection":"In"},"Left Arm":{"Weight":1,"CFrame":[-0.7202740907669067,-0.2898021936416626,0.19275522232055665,-0.7670061588287354,0.6322242617607117,0.1095200926065445,-0.1410302072763443,-0.3326248824596405,0.9324546456336975,0.6259493231773377,0.699752688407898,0.3442879021167755],"EasingStyle":"Linear","EasingDirection":"In"}}},{"Time":0.36666667461395266,"poses":{"Left Leg":{"Weight":1,"CFrame":[-0.8048219680786133,-0.11299300193786621,0.03507685661315918,0.8462544679641724,-0.5253214240074158,0.08883100748062134,0.5082487463951111,0.846000611782074,0.16114303469657899,-0.15980276465415955,-0.09122002124786377,0.9829254150390625],"EasingStyle":"Linear","EasingDirection":"In"},"Right Arm":{"Weight":1,"CFrame":[0.40671777725219729,-0.16872137784957887,0.23688507080078126,-0.6185829639434815,-0.7856078147888184,-0.013263240456581116,0.2814900875091553,-0.23734039068222047,0.9297492504119873,-0.7335659861564636,0.5713931322097778,0.3679553270339966],"EasingStyle":"Linear","EasingDirection":"In"},"Head":{"Weight":1,"CFrame":[-4.6193599700927737e-7,-7.7858567237854e-7,0,0.9139274954795837,0.37657055258750918,-0.1514311134815216,-0.37335047125816347,0.926327645778656,0.050269730389118198,0.15920491516590119,0.010593906044960022,0.9871890544891357],"EasingStyle":"Linear","EasingDirection":"In"},"Right Leg":{"Weight":1,"CFrame":[0.7976866960525513,0.02526038885116577,-0.13673263788223267,0.9473614692687988,0.2523670196533203,0.1970219612121582,-0.2716054916381836,0.9593070149421692,0.0772080272436142,-0.16951942443847657,-0.12665605545043946,0.9773544073104858],"EasingStyle":"Linear","EasingDirection":"In"},"Torso":{"Weight":1,"CFrame":[0.004593372344970703,0.10197067260742188,-0.0035734176635742189,0.9009784460067749,-0.41503340005874636,0.12643250823020936,0.42846906185150149,0.8969694375991821,-0.10890477895736695,-0.06820697337388993,0.15229324996471406,0.9859791398048401],"EasingStyle":"Linear","EasingDirection":"In"},"HumanoidRootPart":{"Weight":0,"CFrame":[0,0,0,1,0,0,0,1,0,0,0,1],"EasingStyle":"Linear","EasingDirection":"In"},"Left Arm":{"Weight":1,"CFrame":[-0.9290558099746704,-0.2115982174873352,0.12671351432800294,-0.8518577218055725,0.520594596862793,-0.057622749358415607,-0.15974444150924684,-0.1534557044506073,0.9751583933830261,0.4988192617893219,0.839900553226471,0.2138843685388565],"EasingStyle":"Linear","EasingDirection":"In"}}},{"Time":0.4000000059604645,"poses":{"Left Leg":{"Weight":1,"CFrame":[-0.5746657252311707,-0.14105582237243653,0.009617328643798828,0.9055900573730469,-0.41525405645370486,0.08643245697021485,0.41247305274009707,0.9096662402153015,0.048724785447120669,-0.09885793924331665,-0.008473634719848633,0.9950655698776245],"EasingStyle":"Linear","EasingDirection":"In"},"Right Arm":{"Weight":1,"CFrame":[0.1706535816192627,-0.34612321853637698,0.21961140632629395,-0.5119132995605469,-0.8590304851531982,0.0033611953258514406,0.41574037075042727,-0.24432022869586945,0.8760527968406677,-0.751734733581543,0.4498603940010071,0.4822043180465698],"EasingStyle":"Linear","EasingDirection":"In"},"Head":{"Weight":1,"CFrame":[-4.6193599700927737e-7,0.000001043081283569336,0,0.9136587381362915,0.4041845202445984,-0.04316428303718567,-0.40257829427719118,0.9144488573074341,0.041398823261260989,0.056204263120889667,-0.020447373390197755,0.9982102513313294],"EasingStyle":"Linear","EasingDirection":"In"},"Right Leg":{"Weight":1,"CFrame":[0.8505431413650513,-0.0116424560546875,-0.31460845470428469,0.8622999787330627,0.2777475416660309,0.42343297600746157,-0.37421008944511416,0.9128566384315491,0.16327939927577973,-0.341183066368103,-0.2992486357688904,0.8910917639732361],"EasingStyle":"Linear","EasingDirection":"In"},"Torso":{"Weight":1,"CFrame":[-0.012410640716552735,0.04944419860839844,0.03139495849609375,0.9055549502372742,-0.420707106590271,0.05455230921506882,0.42406773567199709,0.8941466808319092,-0.14376455545425416,0.011704990640282631,0.1533205509185791,0.9881073236465454],"EasingStyle":"Linear","EasingDirection":"In"},"HumanoidRootPart":{"Weight":0,"CFrame":[0,0,0,1,0,0,0,1,0,0,0,1],"EasingStyle":"Linear","EasingDirection":"In"},"Left Arm":{"Weight":1,"CFrame":[-1.141693353652954,-0.15260076522827149,0.026172161102294923,-0.9136850833892822,0.35049891471862795,-0.2057434320449829,-0.21514856815338136,0.01235751062631607,0.9765034317970276,0.3448057472705841,0.9364820718765259,0.06411851942539215],"EasingStyle":"Linear","EasingDirection":"In"}}},{"Time":0.4333333373069763,"poses":{"Left Leg":{"Weight":1,"CFrame":[-0.38901570439338686,-0.16482651233673097,0.00482487678527832,0.9323142766952515,-0.35217130184173586,0.08225381374359131,0.356167197227478,0.9335693120956421,-0.03992084041237831,-0.06273046135902405,0.06651480495929718,0.9958118200302124],"EasingStyle":"Linear","EasingDirection":"In"},"Right Arm":{"Weight":1,"CFrame":[-0.05968090891838074,-0.472886860370636,0.1704568862915039,-0.3910229504108429,-0.9203691482543945,-0.004680633544921875,0.5206525921821594,-0.22538934648036958,0.8234809041023254,-0.75896155834198,0.3195628225803375,0.5673249959945679],"EasingStyle":"Linear","EasingDirection":"In"},"Head":{"Weight":1,"CFrame":[8.195638656616211e-8,-1.341104507446289e-7,0,0.9030893445014954,0.4249882698059082,0.061765506863594058,-0.42720428109169009,0.903719425201416,0.02806881070137024,-0.04388982802629471,-0.051735058426856998,0.997696042060852],"EasingStyle":"Linear","EasingDirection":"In"},"Right Leg":{"Weight":1,"CFrame":[0.9540668725967407,-0.04991650581359863,-0.37213993072509768,0.8243598937988281,0.3769317865371704,0.4223193824291229,-0.4997028112411499,0.8350818753242493,0.23007768392562867,-0.2659476399421692,-0.40070101618766787,0.8767616748809815],"EasingStyle":"Linear","EasingDirection":"In"},"Torso":{"Weight":1,"CFrame":[-0.0405421257019043,-0.03768634796142578,0.008586645126342774,0.9045881628990173,-0.42611655592918398,-0.0120449960231781,0.417839378118515,0.8919055461883545,-0.1729591339826584,0.08444374799728394,0.15142393112182618,0.9848554134368897],"EasingStyle":"Linear","EasingDirection":"In"},"HumanoidRootPart":{"Weight":0,"CFrame":[0,0,0,1,0,0,0,1,0,0,0,1],"EasingStyle":"Linear","EasingDirection":"In"},"Left Arm":{"Weight":1,"CFrame":[-1.3221553564071656,-0.1364690661430359,-0.1009443998336792,-0.9365156888961792,0.15639904141426087,-0.31381189823150637,-0.2953541874885559,0.1304411143064499,0.9464413523674011,0.1889563798904419,0.9790430068969727,-0.07596710324287415],"EasingStyle":"Linear","EasingDirection":"In"}}},{"Time":0.46666666865348818,"poses":{"Left Leg":{"Weight":1,"CFrame":[-0.366426944732666,-0.21142077445983888,0.018211960792541505,0.915501594543457,-0.3947944641113281,0.07742360234260559,0.4009743928909302,0.9110908508300781,-0.09556673467159271,-0.03281089663505554,0.11853648722171784,0.9924076199531555],"EasingStyle":"Linear","EasingDirection":"In"},"Right Arm":{"Weight":1,"CFrame":[-0.2534736692905426,-0.5259239673614502,0.09865057468414307,-0.26782485842704775,-0.9632235765457153,-0.0216863751411438,0.5872970819473267,-0.18105915188789369,0.788860023021698,-0.7637752294540405,0.1985398828983307,0.6141903400421143],"EasingStyle":"Linear","EasingDirection":"In"},"Head":{"Weight":1,"CFrame":[-3.650784492492676e-7,-6.631016731262207e-7,0,0.8862308263778687,0.4390663504600525,0.14770199358463288,-0.44553640484809878,0.8951804637908936,0.012217894196510315,-0.12685541808605195,-0.07663454860448837,0.9889565706253052],"EasingStyle":"Linear","EasingDirection":"In"},"Right Leg":{"Weight":1,"CFrame":[1.066253423690796,-0.13386988639831544,-0.43409669399261477,0.7577520608901978,0.49579310417175295,0.42426633834838869,-0.6281481981277466,0.730317234992981,0.2684508264064789,-0.1767532080411911,-0.46992138028144839,0.8648309707641602],"EasingStyle":"Linear","EasingDirection":"In"},"Torso":{"Weight":1,"CFrame":[-0.06974458694458008,-0.1292858123779297,-0.048430681228637698,0.9004523158073425,-0.4301372468471527,-0.06455697119235993,0.41255301237106326,0.8916343450546265,-0.18651632964611054,0.13778884708881379,0.14131584763526917,0.9803285598754883],"EasingStyle":"Linear","EasingDirection":"In"},"HumanoidRootPart":{"Weight":0,"CFrame":[0,0,0,1,0,0,0,1,0,0,0,1],"EasingStyle":"Linear","EasingDirection":"In"},"Left Arm":{"Weight":1,"CFrame":[-1.445752739906311,-0.1714899241924286,-0.241513192653656,-0.9247022867202759,-0.021216660737991334,-0.3800995945930481,-0.37715741991996767,0.18678361177444459,0.9071186780929565,0.051750242710113528,0.9821722507476807,-0.180721253156662],"EasingStyle":"Linear","EasingDirection":"In"}}},{"Time":0.5,"poses":{"Left Leg":{"Weight":1,"CFrame":[-0.4041687548160553,-0.25534844398498537,0.030465006828308107,0.8778212666511536,-0.4732881188392639,0.07367804646492005,0.478890985250473,0.8703009486198425,-0.11506535857915878,-0.009663105010986328,0.13629059493541718,0.9906220436096191],"EasingStyle":"Linear","EasingDirection":"In"},"Right Arm":{"Weight":1,"CFrame":[-0.39718616008758547,-0.5215330123901367,0.024385571479797365,-0.15679234266281129,-0.9868909120559692,-0.03824678063392639,0.6194618940353394,-0.12843066453933717,0.7744500041007996,-0.7692097425460815,0.09773564338684082,0.6314783096313477],"EasingStyle":"Linear","EasingDirection":"In"},"Head":{"Weight":1,"CFrame":[-5.960464477539063e-7,6.258487701416016e-7,0,0.8710381984710693,0.4481726288795471,0.20108342170715333,-0.45683708786964419,0.8895427584648132,-0.0037110447883605959,-0.18053540587425233,-0.08862991631031037,0.9795672297477722],"EasingStyle":"Linear","EasingDirection":"In"},"Right Leg":{"Weight":1,"CFrame":[1.1264379024505616,-0.22776317596435548,-0.4701419472694397,0.687501847743988,0.586098313331604,0.42875438928604128,-0.7172062993049622,0.6405664682388306,0.2743895649909973,-0.11382666230201721,-0.49614888429641726,0.8607441186904907],"EasingStyle":"Linear","EasingDirection":"In"},"Torso":{"Weight":1,"CFrame":[-0.09020090103149414,-0.18849468231201173,-0.10265564918518067,0.8968151211738586,-0.43176698684692385,-0.09643756598234177,0.4111934006214142,0.8939242362976074,-0.17838022112846375,0.16322657465934754,0.12031953781843186,0.9792243838310242],"EasingStyle":"Linear","EasingDirection":"In"},"HumanoidRootPart":{"Weight":0,"CFrame":[0,0,0,1,0,0,0,1,0,0,0,1],"EasingStyle":"Linear","EasingDirection":"In"},"Left Arm":{"Weight":1,"CFrame":[-1.5154470205307007,-0.23098552227020265,-0.36994630098342898,-0.8968549370765686,-0.1543150246143341,-0.41453397274017336,-0.439205139875412,0.19956758618354798,0.8759405016899109,-0.0524429976940155,0.9676570892333984,-0.24675920605659486],"EasingStyle":"Linear","EasingDirection":"In"}}},{"Time":0.5333333611488342,"poses":{"Left Leg":{"Weight":1,"CFrame":[-0.4255777597427368,-0.27898454666137698,0.033675193786621097,0.8479131460189819,-0.5252913236618042,0.07150360941886902,0.5301239490509033,0.8410449028015137,-0.10776201635599137,-0.00353124737739563,0.12927861511707307,0.9916021227836609],"EasingStyle":"Linear","EasingDirection":"In"},"Right Arm":{"Weight":1,"CFrame":[-0.48075395822525027,-0.4884164035320282,-0.029475808143615724,-0.07582241296768189,-0.995841383934021,-0.05051204562187195,0.6252920031547546,-0.08694630861282349,0.7755327820777893,-0.7766991257667542,0.027217864990234376,0.6292838454246521],"EasingStyle":"Linear","EasingDirection":"In"},"Head":{"Weight":1,"CFrame":[-6.407499313354492e-7,-6.761401891708374e-7,0,0.8649188876152039,0.45419418811798098,0.21359571814537049,-0.4614367187023163,0.8869984745979309,-0.01762254908680916,-0.19746308028697968,-0.083318792283535,0.9767634868621826],"EasingStyle":"Linear","EasingDirection":"In"},"Right Leg":{"Weight":1,"CFrame":[1.128175973892212,-0.28084731101989748,-0.4757256507873535,0.6494587063789368,0.625375509262085,0.4325614273548126,-0.7535191178321838,0.6056444048881531,0.2557421922683716,-0.1020435094833374,-0.4920371174812317,0.8645731806755066],"EasingStyle":"Linear","EasingDirection":"In"},"Torso":{"Weight":1,"CFrame":[-0.1011662483215332,-0.19667434692382813,-0.12025976181030274,0.8955735564231873,-0.4315778613090515,-0.10811412334442139,0.41353756189346316,0.8971027731895447,-0.15554264187812806,0.1641182154417038,0.09459063410758972,0.9818951487541199],"EasingStyle":"Linear","EasingDirection":"In"},"HumanoidRootPart":{"Weight":0,"CFrame":[0,0,0,1,0,0,0,1,0,0,0,1],"EasingStyle":"Linear","EasingDirection":"In"},"Left Arm":{"Weight":1,"CFrame":[-1.5436127185821534,-0.28239014744758608,-0.45735037326812746,-0.876091718673706,-0.22511306405067445,-0.4263661801815033,-0.4691122770309448,0.19377009570598603,0.8616189956665039,-0.11134463548660279,0.9548705220222473,-0.27536359429359438],"EasingStyle":"Linear","EasingDirection":"In"}}},{"Time":0.5666666626930237,"poses":{"Left Leg":{"Weight":1,"CFrame":[-0.417130708694458,-0.27653706073760989,0.032201409339904788,0.8377509117126465,-0.5415085554122925,0.07030299305915833,0.5458192825317383,0.834189772605896,-0.07879872620105744,-0.01597580313682556,0.10438631474971771,0.9944086074829102],"EasingStyle":"Linear","EasingDirection":"In"},"Right Arm":{"Weight":1,"CFrame":[-0.49169713258743288,-0.4562758505344391,-0.03960156440734863,-0.04744762182235718,-0.9972412586212158,-0.057089030742645267,0.6147031188011169,-0.0742005705833435,0.7852610945701599,-0.7873304486274719,0.0021659135818481447,0.6165276765823364],"EasingStyle":"Linear","EasingDirection":"In"},"Head":{"Weight":1,"CFrame":[4.991888999938965e-7,4.4889748096466067e-7,0,0.8683434128761292,0.457675963640213,0.1910829097032547,-0.4611695110797882,0.8868557214736939,-0.028464261442422868,-0.18249039351940156,-0.06340482831001282,0.98116135597229],"EasingStyle":"Linear","EasingDirection":"In"},"Right Leg":{"Weight":1,"CFrame":[1.0848886966705323,-0.2856266498565674,-0.4603945016860962,0.6529144048690796,0.6205445528030396,0.43431326746940615,-0.7446243762969971,0.6308718323707581,0.21802712976932527,-0.13870051503181458,-0.46575307846069338,0.8739773035049439],"EasingStyle":"Linear","EasingDirection":"In"},"Torso":{"Weight":1,"CFrame":[-0.10461807250976563,-0.16490650177001954,-0.09638214111328125,0.896913468837738,-0.4304777681827545,-0.101169154047966,0.417952299118042,0.8999636173248291,-0.12402232736349106,0.14443738758563996,0.06895342469215393,0.9871087074279785],"EasingStyle":"Linear","EasingDirection":"In"},"HumanoidRootPart":{"Weight":0,"CFrame":[0,0,0,1,0,0,0,1,0,0,0,1],"EasingStyle":"Linear","EasingDirection":"In"},"Left Arm":{"Weight":1,"CFrame":[-1.541063904762268,-0.2975565791130066,-0.4743199348449707,-0.8799357414245606,-0.21960118412971497,-0.4212942123413086,-0.4618711769580841,0.1876610815525055,0.8668674230575562,-0.11130461096763611,0.9573707580566406,-0.26655712723731997],"EasingStyle":"Linear","EasingDirection":"In"}}},{"Time":0.6000000238418579,"poses":{"Left Leg":{"Weight":1,"CFrame":[-0.3469091057777405,-0.23388886451721192,0.02657485008239746,0.8584823608398438,-0.508131742477417,0.06935986876487732,0.510959267616272,0.8590526580810547,-0.030819334089756013,-0.043923407793045047,0.0618978887796402,0.9971157312393189],"EasingStyle":"Linear","EasingDirection":"In"},"Right Arm":{"Weight":1,"CFrame":[-0.42233604192733767,-0.4450044631958008,0.004113912582397461,-0.08680509030818939,-0.9945581555366516,-0.05761690437793732,0.5954217314720154,-0.09816321730613709,0.7973943948745728,-0.7987104654312134,0.034911662340164188,0.6007024049758911],"EasingStyle":"Linear","EasingDirection":"In"},"Head":{"Weight":1,"CFrame":[-2.0116567611694337e-7,-1.341104507446289e-7,0,0.8776485323905945,0.4578588008880615,0.14176981151103974,-0.45768553018569949,0.888394296169281,-0.035777777433395389,-0.1423286646604538,-0.03348571062088013,0.9892532825469971],"EasingStyle":"Linear","EasingDirection":"In"},"Right Leg":{"Weight":1,"CFrame":[0.9907394647598267,-0.1828773021697998,-0.2864065170288086,0.7567643523216248,0.5854077935218811,0.2908719480037689,-0.6468302607536316,0.7348923087120056,0.2038237452507019,-0.09443961083889008,-0.34239110350608828,0.934799313545227],"EasingStyle":"Linear","EasingDirection":"In"},"Torso":{"Weight":1,"CFrame":[-0.10167837142944336,-0.11043167114257813,-0.03639531135559082,0.8999139666557312,-0.4292166829109192,-0.07699408382177353,0.42260128259658816,0.9019615054130554,-0.08873462677001953,0.10753203928470612,0.04731571301817894,0.9930752515792847],"EasingStyle":"Linear","EasingDirection":"In"},"HumanoidRootPart":{"Weight":0,"CFrame":[0,0,0,1,0,0,0,1,0,0,0,1],"EasingStyle":"Linear","EasingDirection":"In"},"Left Arm":{"Weight":1,"CFrame":[-1.5086749792099,-0.2603229880332947,-0.40256762504577639,-0.9079580307006836,-0.12698540091514588,-0.39935925602912905,-0.41732096672058108,0.187208354473114,0.88926762342453,-0.03816038370132446,0.9740780591964722,-0.2229709029197693],"EasingStyle":"Linear","EasingDirection":"In"}}},{"Time":0.6333333253860474,"poses":{"Left Leg":{"Weight":1,"CFrame":[-0.12597894668579102,-0.12491893768310547,0.006912946701049805,0.922643780708313,-0.37951093912124636,0.06855815649032593,0.37807074189186098,0.9251744151115418,0.03339192271232605,-0.07610049843788147,-0.0048891156911849979,0.9970883131027222],"EasingStyle":"Linear","EasingDirection":"In"},"Right Arm":{"Weight":1,"CFrame":[-0.2807476222515106,-0.4447804391384125,0.07191050052642822,-0.17454491555690766,-0.9836664795875549,-0.04398779571056366,0.5702451467514038,-0.1374034732580185,0.809901773929596,-0.802717387676239,0.11628013849258423,0.584913969039917],"EasingStyle":"Linear","EasingDirection":"In"},"Head":{"Weight":1,"CFrame":[4.805624485015869e-7,-2.60770320892334e-7,0,0.8880280256271362,0.4538494646549225,0.07367037981748581,-0.4521558880805969,0.89107745885849,-0.0391974002122879,-0.08343568444252014,0.0014978870749473572,0.9965121746063232],"EasingStyle":"Linear","EasingDirection":"In"},"Right Leg":{"Weight":1,"CFrame":[0.6959394216537476,-0.04677128791809082,0.04233062267303467,0.8840128183364868,0.4597870707511902,-0.08436650037765503,-0.4