{"Sequence":[{"Time":0,"poses":{"Left Leg":{"Weight":1,"CFrame":[-0.6547590494155884,0.8461962938308716,0.12627005577087403,0.9887672662734985,0.1401047259569168,0.05205835774540901,-0.14431817829608918,0.9855490922927856,0.08868690580129624,-0.03888064995408058,-0.09520363062620163,0.9946982860565186],"EasingStyle":"Constant","EasingDirection":"In"},"Right Arm":{"Weight":1,"CFrame":[-0.20184993743896485,-0.14877766370773316,0.6270132064819336,0.34432581067085268,-0.7929583787918091,0.5026496648788452,-0.2210613489151001,-0.5888121128082275,-0.7774524688720703,0.9124535918235779,0.15658050775527955,-0.37803566455841067],"EasingStyle":"Constant","EasingDirection":"In"},"Head":{"Weight":1,"CFrame":[1.043081283569336e-7,-8.940696716308594e-8,0.016662120819091798,0.9920284152030945,-0.11052395403385163,0.06053350120782852,0.11725089699029923,0.9855777025222778,-0.12202034145593643,-0.046174321323633197,0.12814520299434663,0.9906799793243408],"EasingStyle":"Constant","EasingDirection":"In"},"Left Arm":{"Weight":1,"CFrame":[0.10730782151222229,-0.30766502022743227,0.5764962434768677,0.1763523668050766,0.7136690020561218,-0.6779208183288574,-0.047608956694602969,-0.6817245483398438,-0.7300581932067871,-0.9831750988960266,0.16102267801761628,-0.08624675869941712],"EasingStyle":"Constant","EasingDirection":"In"},"Torso":{"Weight":1,"CFrame":[-0.17434456944465638,-0.46536779403686526,-0.6825888156890869,0.9314550161361694,0.29575371742248537,-0.2119465321302414,-0.36370858550071719,0.7401958107948303,-0.565531849861145,-0.010376228019595147,0.603854238986969,0.7970273494720459],"EasingStyle":"Constant","EasingDirection":"In"},"HumanoidRootPart":{"Weight":0,"CFrame":[0,0,0,1,0,0,0,1,0,0,0,1],"EasingStyle":"Linear","EasingDirection":"In"},"Right Leg":{"Weight":1,"CFrame":[0.45417407155036929,0.8427087068557739,0.0044634342193603519,0.9536521434783936,-0.28861942887306216,-0.08512549847364426,0.29637959599494936,0.9498324990272522,0.09988681972026825,0.05202580988407135,-0.12048676609992981,0.9913507699966431],"EasingStyle":"Constant","EasingDirection":"In"}}},{"Time":0.03333333507180214,"poses":{"Left Leg":{"Weight":1,"CFrame":[-0.6547590494155884,0.8461962938308716,0.12627005577087403,0.9887672662734985,0.1401047259569168,0.05205835774540901,-0.14431817829608918,0.9855490922927856,0.08868690580129624,-0.03888064995408058,-0.09520363062620163,0.9946982860565186],"EasingStyle":"Constant","EasingDirection":"In"},"Right Arm":{"Weight":1,"CFrame":[-0.20184993743896485,-0.14877766370773316,0.6270132064819336,0.34432581067085268,-0.7929583787918091,0.5026496648788452,-0.2210613489151001,-0.5888121128082275,-0.7774524688720703,0.9124535918235779,0.15658050775527955,-0.37803566455841067],"EasingStyle":"Constant","EasingDirection":"In"},"Head":{"Weight":1,"CFrame":[1.043081283569336e-7,-8.940696716308594e-8,0.016662120819091798,0.9920284152030945,-0.11052395403385163,0.06053350120782852,0.11725089699029923,0.9855777025222778,-0.12202034145593643,-0.046174321323633197,0.12814520299434663,0.9906799793243408],"EasingStyle":"Constant","EasingDirection":"In"},"Left Arm":{"Weight":1,"CFrame":[0.10730782151222229,-0.30766502022743227,0.5764962434768677,0.1763523668050766,0.7136690020561218,-0.6779208183288574,-0.047608956694602969,-0.6817245483398438,-0.7300581932067871,-0.9831750988960266,0.16102267801761628,-0.08624675869941712],"EasingStyle":"Constant","EasingDirection":"In"},"Torso":{"Weight":1,"CFrame":[-0.17434456944465638,-0.46536779403686526,-0.6825888156890869,0.9314550161361694,0.29575371742248537,-0.2119465321302414,-0.36370858550071719,0.7401958107948303,-0.565531849861145,-0.010376228019595147,0.603854238986969,0.7970273494720459],"EasingStyle":"Constant","EasingDirection":"In"},"HumanoidRootPart":{"Weight":0,"CFrame":[0,0,0,1,0,0,0,1,0,0,0,1],"EasingStyle":"Linear","EasingDirection":"In"},"Right Leg":{"Weight":1,"CFrame":[0.45417407155036929,0.8427087068557739,0.0044634342193603519,0.9536521434783936,-0.28861942887306216,-0.08512549847364426,0.29637959599494936,0.9498324990272522,0.09988681972026825,0.05202580988407135,-0.12048676609992981,0.9913507699966431],"EasingStyle":"Constant","EasingDirection":"In"}}},{"Time":0.06666667014360428,"poses":{"Left Leg":{"Weight":1,"CFrame":[-0.6361749172210693,0.8450964689254761,0.12944531440734864,0.9837988615036011,0.17529261112213136,0.037580784410238269,-0.1776527613401413,0.9813756346702576,0.07308471947908402,-0.02406962588429451,-0.07857697457075119,0.9966174364089966],"EasingStyle":"Constant","EasingDirection":"In"},"Right Arm":{"Weight":1,"CFrame":[-0.11888200789690018,-0.2748798727989197,0.5990930795669556,0.3183901607990265,-0.7843194007873535,0.5324198603630066,-0.16897334158420564,-0.5996095538139343,-0.7822509407997131,0.9327784776687622,0.15909622609615327,-0.32343876361846926],"EasingStyle":"Constant","EasingDirection":"In"},"Head":{"Weight":1,"CFrame":[4.7497451305389407e-8,2.9802322387695315e-8,0.016662240028381349,0.9936750531196594,-0.08817709237337113,0.06953291594982147,0.10319758206605911,0.9611945748329163,-0.25584226846694949,-0.04427524283528328,0.26139965653419497,0.9642146825790405],"EasingStyle":"Constant","EasingDirection":"In"},"Left Arm":{"Weight":1,"CFrame":[0.16038161516189576,-0.24779382348060609,0.5743612051010132,0.05939198285341263,0.7281390428543091,-0.6828515529632568,-0.11601389944553375,-0.6743887066841126,-0.7292053699493408,-0.9914703369140625,0.12252921611070633,0.04442095011472702],"EasingStyle":"Constant","EasingDirection":"In"},"Torso":{"Weight":1,"CFrame":[-0.11011385917663574,-0.39518141746520998,-0.6575560569763184,0.9317238330841065,0.30074945092201235,-0.2035694122314453,-0.36295539140701296,0.751972496509552,-0.5502732992172241,-0.012415814213454724,0.5865893959999085,0.8097892999649048],"EasingStyle":"Constant","EasingDirection":"In"},"HumanoidRootPart":{"Weight":0,"CFrame":[0,0,0,1,0,0,0,1,0,0,0,1],"EasingStyle":"Linear","EasingDirection":"In"},"Right Leg":{"Weight":1,"CFrame":[0.4374988079071045,0.8342326879501343,0.015012025833129883,0.9435698390007019,-0.31934261322021487,-0.08772814273834229,0.32766202092170718,0.9386875629425049,0.10725365579128266,0.04809875041246414,-0.1299465000629425,0.9903537034988403],"EasingStyle":"Constant","EasingDirection":"In"}}},{"Time":0.10000000149011612,"poses":{"Left Leg":{"Weight":1,"CFrame":[-0.6361749172210693,0.8450964689254761,0.12944531440734864,0.9837988615036011,0.17529261112213136,0.037580784410238269,-0.1776527613401413,0.9813756346702576,0.07308471947908402,-0.02406962588429451,-0.07857697457075119,0.9966174364089966],"EasingStyle":"Constant","EasingDirection":"In"},"Right Arm":{"Weight":1,"CFrame":[-0.11888200789690018,-0.2748798727989197,0.5990930795669556,0.3183901607990265,-0.7843194007873535,0.5324198603630066,-0.16897334158420564,-0.5996095538139343,-0.7822509407997131,0.9327784776687622,0.15909622609615327,-0.32343876361846926],"EasingStyle":"Constant","EasingDirection":"In"},"Head":{"Weight":1,"CFrame":[4.7497451305389407e-8,2.9802322387695315e-8,0.016662240028381349,0.9936750531196594,-0.08817709237337113,0.06953291594982147,0.10319758206605911,0.9611945748329163,-0.25584226846694949,-0.04427524283528328,0.26139965653419497,0.9642146825790405],"EasingStyle":"Constant","EasingDirection":"In"},"Left Arm":{"Weight":1,"CFrame":[0.16038161516189576,-0.24779382348060609,0.5743612051010132,0.05939198285341263,0.7281390428543091,-0.6828515529632568,-0.11601389944553375,-0.6743887066841126,-0.7292053699493408,-0.9914703369140625,0.12252921611070633,0.04442095011472702],"EasingStyle":"Constant","EasingDirection":"In"},"Torso":{"Weight":1,"CFrame":[-0.11011385917663574,-0.39518141746520998,-0.6575560569763184,0.9317238330841065,0.30074945092201235,-0.2035694122314453,-0.36295539140701296,0.751972496509552,-0.5502732992172241,-0.012415814213454724,0.5865893959999085,0.8097892999649048],"EasingStyle":"Constant","EasingDirection":"In"},"HumanoidRootPart":{"Weight":0,"CFrame":[0,0,0,1,0,0,0,1,0,0,0,1],"EasingStyle":"Linear","EasingDirection":"In"},"Right Leg":{"Weight":1,"CFrame":[0.4374988079071045,0.8342326879501343,0.015012025833129883,0.9435698390007019,-0.31934261322021487,-0.08772814273834229,0.32766202092170718,0.9386875629425049,0.10725365579128266,0.04809875041246414,-0.1299465000629425,0.9903537034988403],"EasingStyle":"Constant","EasingDirection":"In"}}},{"Time":0.13333334028720857,"poses":{"Left Leg":{"Weight":1,"CFrame":[-0.6013942956924439,0.8238615989685059,0.14212608337402345,0.9701825976371765,0.2420830875635147,0.011896335519850254,-0.24236756563186646,0.9693720936775208,0.039696577936410907,-0.0019220932153984905,-0.04139624908566475,0.9991410374641419],"EasingStyle":"Constant","EasingDirection":"In"},"Right Arm":{"Weight":1,"CFrame":[-0.07273069024085999,-0.2749488353729248,0.7060408592224121,0.2616758644580841,-0.770959198474884,0.580644428730011,-0.08430827409029007,-0.6175657510757446,-0.7819874882698059,0.9614665508270264,0.15567418932914735,-0.22660036385059358],"EasingStyle":"Constant","EasingDirection":"In"},"Head":{"Weight":1,"CFrame":[1.2293457984924317e-7,-5.587935447692871e-8,0.016662240028381349,0.9931455850601196,-0.090657077729702,0.07377912104129791,0.11203300952911377,0.9182934165000916,-0.3797183632850647,-0.03332679718732834,0.385381281375885,0.922155499458313],"EasingStyle":"Constant","EasingDirection":"In"},"Left Arm":{"Weight":1,"CFrame":[0.3701574504375458,0.026319563388824464,0.5700323581695557,-0.04346974566578865,0.7739843726158142,-0.6317111253738403,-0.22616972029209138,-0.6235166192054749,-0.7483810186386108,-0.9731175899505615,0.11034194380044937,0.20215587317943574],"EasingStyle":"Constant","EasingDirection":"In"},"Torso":{"Weight":1,"CFrame":[0.007032930850982666,-0.26335811614990237,-0.611849308013916,0.9318718314170837,0.30867767333984377,-0.1906120479106903,-0.3625491261482239,0.7733126282691956,-0.5201401114463806,-0.01315295323729515,0.553810179233551,0.8325390815734863],"EasingStyle":"Constant","EasingDirection":"In"},"HumanoidRootPart":{"Weight":0,"CFrame":[0,0,0,1,0,0,0,1,0,0,0,1],"EasingStyle":"Linear","EasingDirection":"In"},"Right Leg":{"Weight":1,"CFrame":[0.4071398079395294,0.8082600831985474,0.0335538387298584,0.9216597676277161,-0.3767928183078766,-0.09257663041353226,0.3861580193042755,0.9140090346336365,0.12437674403190613,0.03775165230035782,-0.15038226544857026,0.9879069328308106],"EasingStyle":"Constant","EasingDirection":"In"}}},{"Time":0.1666666716337204,"poses":{"Left Leg":{"Weight":1,"CFrame":[-0.6013942956924439,0.8238615989685059,0.14212608337402345,0.9701825976371765,0.2420830875635147,0.011896335519850254,-0.24236756563186646,0.9693720936775208,0.039696577936410907,-0.0019220932153984905,-0.04139624908566475,0.9991410374641419],"EasingStyle":"Constant","EasingDirection":"In"},"Right Arm":{"Weight":1,"CFrame":[-0.07273069024085999,-0.2749488353729248,0.7060408592224121,0.2616758644580841,-0.770959198474884,0.580644428730011,-0.08430827409029007,-0.6175657510757446,-0.7819874882698059,0.9614665508270264,0.15567418932914735,-0.22660036385059358],"EasingStyle":"Constant","EasingDirection":"In"},"Head":{"Weight":1,"CFrame":[1.2293457984924317e-7,-5.587935447692871e-8,0.016662240028381349,0.9931455850601196,-0.090657077729702,0.07377912104129791,0.11203300952911377,0.9182934165000916,-0.3797183632850647,-0.03332679718732834,0.385381281375885,0.922155499458313],"EasingStyle":"Constant","EasingDirection":"In"},"Left Arm":{"Weight":1,"CFrame":[0.3701574504375458,0.026319563388824464,0.5700323581695557,-0.04346974566578865,0.7739843726158142,-0.6317111253738403,-0.22616972029209138,-0.6235166192054749,-0.7483810186386108,-0.9731175899505615,0.11034194380044937,0.20215587317943574],"EasingStyle":"Constant","EasingDirection":"In"},"Torso":{"Weight":1,"CFrame":[0.007032930850982666,-0.26335811614990237,-0.611849308013916,0.9318718314170837,0.30867767333984377,-0.1906120479106903,-0.3625491261482239,0.7733126282691956,-0.5201401114463806,-0.01315295323729515,0.553810179233551,0.8325390815734863],"EasingStyle":"Constant","EasingDirection":"In"},"HumanoidRootPart":{"Weight":0,"CFrame":[0,0,0,1,0,0,0,1,0,0,0,1],"EasingStyle":"Linear","EasingDirection":"In"},"Right Leg":{"Weight":1,"CFrame":[0.4071398079395294,0.8082600831985474,0.0335538387298584,0.9216597676277161,-0.3767928183078766,-0.09257663041353226,0.3861580193042755,0.9140090346336365,0.12437674403190613,0.03775165230035782,-0.15038226544857026,0.9879069328308106],"EasingStyle":"Constant","EasingDirection":"In"}}},{"Time":0.20000000298023225,"poses":{"Left Leg":{"Weight":1,"CFrame":[-0.5826170444488525,0.8034064173698425,0.15072572231292725,0.9604889750480652,0.27831733226776125,-0.0005820513470098376,-0.27824336290359499,0.9602774977684021,0.021157581359148027,0.006447430234402418,-0.020159659907221795,0.9997760057449341],"EasingStyle":"Constant","EasingDirection":"In"},"Right Arm":{"Weight":1,"CFrame":[-0.0828736424446106,-0.2389720380306244,0.7402325868606567,0.2089775651693344,-0.7548130750656128,0.6217602491378784,0.009588218294084072,-0.6341862678527832,-0.7731208801269531,0.9778735041618347,0.16752645373344422,-0.12529338896274568],"EasingStyle":"Constant","EasingDirection":"In"},"Head":{"Weight":1,"CFrame":[1.043081283569336e-7,1.1175870895385743e-8,0.016662240028381349,0.9938933849334717,-0.0834653377532959,0.07217623293399811,0.10516470670700073,0.9145481586456299,-0.39056631922721865,-0.033409904688596728,0.3957717716693878,0.917741060256958],"EasingStyle":"Constant","EasingDirection":"In"},"Left Arm":{"Weight":1,"CFrame":[0.47262653708457949,0.23374247550964356,0.5026113986968994,-0.11501426994800568,0.7951394319534302,-0.5954200625419617,-0.309051513671875,-0.598293125629425,-0.739278256893158,-0.9440650939941406,0.09898786246776581,0.31455132365226748],"EasingStyle":"Constant","EasingDirection":"In"},"Torso":{"Weight":1,"CFrame":[0.07008737325668335,-0.19204413890838624,-0.5876879692077637,0.93193119764328,0.31268441677093508,-0.1836649775505066,-0.36238810420036318,0.7843161821365356,-0.5035106539726257,-0.01338854618370533,0.5357952117919922,0.8442417979240418],"EasingStyle":"Constant","EasingDirection":"In"},"HumanoidRootPart":{"Weight":0,"CFrame":[0,0,0,1,0,0,0,1,0,0,0,1],"EasingStyle":"Linear","EasingDirection":"In"},"Right Leg":{"Weight":1,"CFrame":[0.39095357060432436,0.7868469953536987,0.044531941413879397,0.9079431295394898,-0.4082866311073303,-0.09455814212560654,0.41799217462539675,0.8985518217086792,0.1337427943944931,0.030360110104084016,-0.1609554886817932,0.9864946603775024],"EasingStyle":"Constant","EasingDirection":"In"}}},{"Time":0.23333333432674409,"poses":{"Left Leg":{"Weight":1,"CFrame":[-0.5826170444488525,0.8034064173698425,0.15072572231292725,0.9604889750480652,0.27831733226776125,-0.0005820513470098376,-0.27824336290359499,0.9602774977684021,0.021157581359148027,0.006447430234402418,-0.020159659907221795,0.9997760057449341],"EasingStyle":"Constant","EasingDirection":"In"},"Right Arm":{"Weight":1,"CFrame":[-0.0828736424446106,-0.2389720380306244,0.7402325868606567,0.2089775651693344,-0.7548130750656128,0.6217602491378784,0.009588218294084072,-0.6341862678527832,-0.7731208801269531,0.9778735041618347,0.16752645373344422,-0.12529338896274568],"EasingStyle":"Constant","EasingDirection":"In"},"Head":{"Weight":1,"CFrame":[1.043081283569336e-7,1.1175870895385743e-8,0.016662240028381349,0.9938933849334717,-0.0834653377532959,0.07217623293399811,0.10516470670700073,0.9145481586456299,-0.39056631922721865,-0.033409904688596728,0.3957717716693878,0.917741060256958],"EasingStyle":"Constant","EasingDirection":"In"},"Left Arm":{"Weight":1,"CFrame":[0.47262653708457949,0.23374247550964356,0.5026113986968994,-0.11501426994800568,0.7951394319534302,-0.5954200625419617,-0.309051513671875,-0.598293125629425,-0.739278256893158,-0.9440650939941406,0.09898786246776581,0.31455132365226748],"EasingStyle":"Constant","EasingDirection":"In"},"Torso":{"Weight":1,"CFrame":[0.07008737325668335,-0.19204413890838624,-0.5876879692077637,0.93193119764328,0.31268441677093508,-0.1836649775505066,-0.36238810420036318,0.7843161821365356,-0.5035106539726257,-0.01338854618370533,0.5357952117919922,0.8442417979240418],"EasingStyle":"Constant","EasingDirection":"In"},"HumanoidRootPart":{"Weight":0,"CFrame":[0,0,0,1,0,0,0,1,0,0,0,1],"EasingStyle":"Linear","EasingDirection":"In"},"Right Leg":{"Weight":1,"CFrame":[0.39095357060432436,0.7868469953536987,0.044531941413879397,0.9079431295394898,-0.4082866311073303,-0.09455814212560654,0.41799217462539675,0.8985518217086792,0.1337427943944931,0.030360110104084016,-0.1609554886817932,0.9864946603775024],"EasingStyle":"Constant","EasingDirection":"In"}}},{"Time":0.2666666805744171,"poses":{"Left Leg":{"Weight":1,"CFrame":[-0.5826170444488525,0.8034064173698425,0.15072572231292725,0.9604889750480652,0.27831733226776125,-0.0005820513470098376,-0.27824336290359499,0.9602774977684021,0.021157581359148027,0.006447430234402418,-0.020159659907221795,0.9997760057449341],"EasingStyle":"Constant","EasingDirection":"In"},"Right Arm":{"Weight":1,"CFrame":[-0.0828736424446106,-0.2389720380306244,0.7402325868606567,0.2089775651693344,-0.7548130750656128,0.6217602491378784,0.009588218294084072,-0.6341862678527832,-0.7731208801269531,0.9778735041618347,0.16752645373344422,-0.12529338896274568],"EasingStyle":"Constant","EasingDirection":"In"},"Head":{"Weight":1,"CFrame":[1.043081283569336e-7,1.1175870895385743e-8,0.016662240028381349,0.9938933849334717,-0.0834653377532959,0.07217623293399811,0.10516470670700073,0.9145481586456299,-0.39056631922721865,-0.033409904688596728,0.3957717716693878,0.917741060256958],"EasingStyle":"Constant","EasingDirection":"In"},"Left Arm":{"Weight":1,"CFrame":[0.47262653708457949,0.23374247550964356,0.5026113986968994,-0.11501426994800568,0.7951394319534302,-0.5954200625419617,-0.309051513671875,-0.598293125629425,-0.739278256893158,-0.9440650939941406,0.09898786246776581,0.31455132365226748],"EasingStyle":"Constant","EasingDirection":"In"},"Torso":{"Weight":1,"CFrame":[0.07008737325668335,-0.19204413890838624,-0.5876879692077637,0.93193119764328,0.31268441677093508,-0.1836649775505066,-0.36238810420036318,0.7843161821365356,-0.5035106539726257,-0.01338854618370533,0.5357952117919922,0.8442417979240418],"EasingStyle":"Constant","EasingDirection":"In"},"HumanoidRootPart":{"Weight":0,"CFrame":[0,0,0,1,0,0,0,1,0,0,0,1],"EasingStyle":"Linear","EasingDirection":"In"},"Right Leg":{"Weight":1,"CFrame":[0.39095357060432436,0.7868469953536987,0.044531941413879397,0.9079431295394898,-0.4082866311073303,-0.09455814212560654,0.41799217462539675,0.8985518217086792,0.1337427943944931,0.030360110104084016,-0.1609554886817932,0.9864946603775024],"EasingStyle":"Constant","EasingDirection":"In"}}},{"Time":0.30000001192092898,"poses":{"Left Leg":{"Weight":1,"CFrame":[-0.2596661150455475,0.47458910942077639,0.24289321899414063,0.7921571135520935,0.24876827001571656,0.5573163032531738,-0.23773744702339173,0.966805636882782,-0.09363651275634766,-0.5621103048324585,-0.05832018330693245,0.8250035643577576],"EasingStyle":"Constant","EasingDirection":"In"},"Right Arm":{"Weight":1,"CFrame":[-0.09358058869838715,0.5601413249969482,0.1799755096435547,-0.9547929167747498,-0.23627790808677674,0.18039780855178834,0.11030258983373642,-0.8451089262962341,-0.5230909585952759,0.2760506570339203,-0.4795452952384949,0.8329660892486572],"EasingStyle":"Constant","EasingDirection":"In"},"Head":{"Weight":1,"CFrame":[1.0058283805847168e-7,-2.9802322387695315e-8,0.016662001609802247,0.9984312057495117,-0.05291479453444481,0.01830919273197651,0.054663702845573428,0.9919717311859131,-0.11403589695692063,-0.01212804950773716,0.11485785245895386,0.9933079481124878],"EasingStyle":"Constant","EasingDirection":"In"},"Left Arm":{"Weight":1,"CFrame":[0.09597146511077881,0.5609935522079468,0.18012547492980958,-0.916201651096344,0.29230624437332156,-0.27410122752189639,-0.09673428535461426,-0.8251327872276306,-0.5565952062606812,-0.38886621594429018,-0.4834386706352234,0.7842642068862915],"EasingStyle":"Constant","EasingDirection":"In"},"Torso":{"Weight":1,"CFrame":[0.31265151500701907,0.47485747933387759,0.313748836517334,0.9454267621040344,0.3062635660171509,0.11122433841228485,-0.32579076290130618,0.8941230177879334,0.30725300312042239,-0.005347828380763531,-0.32672110199928286,0.9451056718826294],"EasingStyle":"Constant","EasingDirection":"In"},"HumanoidRootPart":{"Weight":0,"CFrame":[0,0,0,1,0,0,0,1,0,0,0,1],"EasingStyle":"Linear","EasingDirection":"In"},"Right Leg":{"Weight":1,"CFrame":[0.5608445405960083,0.5619436502456665,0.34207892417907717,0.9594625234603882,-0.2674877643585205,-0.08878067880868912,0.27911731600761416,0.9454808235168457,0.16780830919742585,0.039053790271282199,-0.18578605353832246,0.981813907623291],"EasingStyle":"Constant","EasingDirection":"In"}}},{"Time":0.3333333432674408,"poses":{"Left Leg":{"Weight":1,"CFrame":[-0.2596661150455475,0.47458910942077639,0.24289321899414063,0.7921571135520935,0.24876827001571656,0.5573163032531738,-0.23773744702339173,0.966805636882782,-0.09363651275634766,-0.5621103048324585,-0.05832018330693245,0.8250035643577576],"EasingStyle":"Constant","EasingDirection":"In"},"Right Arm":{"Weight":1,"CFrame":[-0.09358058869838715,0.5601413249969482,0.1799755096435547,-0.9547929167747498,-0.23627790808677674,0.18039780855178834,0.11030258983373642,-0.8451089262962341,-0.5230909585952759,0.2760506570339203,-0.4795452952384949,0.8329660892486572],"EasingStyle":"Constant","EasingDirection":"In"},"Head":{"Weight":1,"CFrame":[1.0058283805847168e-7,-2.9802322387695315e-8,0.016662001609802247,0.9984312057495117,-0.05291479453444481,0.01830919273197651,0.054663702845573428,0.9919717311859131,-0.11403589695692063,-0.01212804950773716,0.11485785245895386,0.9933079481124878],"EasingStyle":"Constant","EasingDirection":"In"},"Left Arm":{"Weight":1,"CFrame":[0.09597146511077881,0.5609935522079468,0.18012547492980958,-0.916201651096344,0.29230624437332156,-0.27410122752189639,-0.09673428535461426,-0.8251327872276306,-0.5565952062606812,-0.38886621594429018,-0.4834386706352234,0.7842642068862915],"EasingStyle":"Constant","EasingDirection":"In"},"Torso":{"Weight":1,"CFrame":[0.31265151500701907,0.47485747933387759,0.313748836517334,0.9454267621040344,0.3062635660171509,0.11122433841228485,-0.32579076290130618,0.8941230177879334,0.30725300312042239,-0.005347828380763531,-0.32672110199928286,0.9451056718826294],"EasingStyle":"Constant","EasingDirection":"In"},"HumanoidRootPart":{"Weight":0,"CFrame":[0,0,0,1,0,0,0,1,0,0,0,1],"EasingStyle":"Linear","EasingDirection":"In"},"Right Leg":{"Weight":1,"CFrame":[0.5608445405960083,0.5619436502456665,0.34207892417907717,0.9594625234603882,-0.2674877643585205,-0.08878067880868912,0.27911731600761416,0.9454808235168457,0.16780830919742585,0.039053790271282199,-0.18578605353832246,0.981813907623291],"EasingStyle":"Constant","EasingDirection":"In"}}},{"Time":0.36666667461395266,"poses":{"Left Leg":{"Weight":1,"CFrame":[-0.2596661150455475,0.47458910942077639,0.24289321899414063,0.7921571135520935,0.24876827001571656,0.5573163032531738,-0.23773744702339173,0.966805636882782,-0.09363651275634766,-0.5621103048324585,-0.05832018330693245,0.8250035643577576],"EasingStyle":"Constant","EasingDirection":"In"},"Right Arm":{"Weight":1,"CFrame":[-0.09358058869838715,0.5601413249969482,0.1799755096435547,-0.9547929167747498,-0.23627790808677674,0.18039780855178834,0.11030258983373642,-0.8451089262962341,-0.5230909585952759,0.2760506570339203,-0.4795452952384949,0.8329660892486572],"EasingStyle":"Constant","EasingDirection":"In"},"Head":{"Weight":1,"CFrame":[1.0058283805847168e-7,-2.9802322387695315e-8,0.016662001609802247,0.9984312057495117,-0.05291479453444481,0.01830919273197651,0.054663702845573428,0.9919717311859131,-0.11403589695692063,-0.01212804950773716,0.11485785245895386,0.9933079481124878],"EasingStyle":"Constant","EasingDirection":"In"},"Left Arm":{"Weight":1,"CFrame":[0.09597146511077881,0.5609935522079468,0.18012547492980958,-0.916201651096344,0.29230624437332156,-0.27410122752189639,-0.09673428535461426,-0.8251327872276306,-0.5565952062606812,-0.38886621594429018,-0.4834386706352234,0.7842642068862915],"EasingStyle":"Constant","EasingDirection":"In"},"Torso":{"Weight":1,"CFrame":[0.31265151500701907,0.47485747933387759,0.313748836517334,0.9454267621040344,0.3062635660171509,0.11122433841228485,-0.32579076290130618,0.8941230177879334,0.30725300312042239,-0.005347828380763531,-0.32672110199928286,0.9451056718826294],"EasingStyle":"Constant","EasingDirection":"In"},"HumanoidRootPart":{"Weight":0,"CFrame":[0,0,0,1,0,0,0,1,0,0,0,1],"EasingStyle":"Linear","EasingDirection":"In"},"Right Leg":{"Weight":1,"CFrame":[0.5608445405960083,0.5619436502456665,0.34207892417907717,0.9594625234603882,-0.2674877643585205,-0.08878067880868912,0.27911731600761416,0.9454808235168457,0.16780830919742585,0.039053790271282199,-0.18578605353832246,0.981813907623291],"EasingStyle":"Constant","EasingDirection":"In"}}},{"Time":0.4000000059604645,"poses":{"Left Leg":{"Weight":1,"CFrame":[-0.03084699809551239,0.25748211145401,0.09548044204711914,0.6672106385231018,0.48572438955307009,0.5647139549255371,-0.5480639338493347,0.8335509300231934,-0.06941904872655869,-0.5044363141059876,-0.2631821036338806,0.822361946105957],"EasingStyle":"Constant","EasingDirection":"In"},"Right Arm":{"Weight":1,"CFrame":[-0.09418292343616486,0.5561201572418213,0.18654823303222657,-0.9386944770812988,-0.2434704452753067,0.24407947063446046,0.15725569427013398,-0.9324345588684082,-0.32532525062561037,0.30679526925086977,-0.26699814200401308,0.9135582447052002],"EasingStyle":"Constant","EasingDirection":"In"},"Head":{"Weight":1,"CFrame":[1.1175870895385742e-7,2.9802322387695315e-8,0.016662001609802247,0.9984312057495117,-0.05291479453444481,0.01830919273197651,0.054663702845573428,0.9919717311859131,-0.11403589695692063,-0.01212804950773716,0.11485785245895386,0.9933079481124878],"EasingStyle":"Constant","EasingDirection":"In"},"Left Arm":{"Weight":1,"CFrame":[0.09747719764709473,0.5568711757659912,0.18766248226165772,-0.8855453133583069,0.32838186621665957,-0.32859519124031069,-0.20960167050361634,-0.9136788845062256,-0.3482213318347931,-0.41457998752593996,-0.23949189484119416,0.8779334425926209],"EasingStyle":"Constant","EasingDirection":"In"},"Torso":{"Weight":1,"CFrame":[0.31265151500701907,0.47485747933387759,0.7273643016815186,0.9454267621040344,0.3062635660171509,0.11122433841228485,-0.32579076290130618,0.8941230177879334,0.30725300312042239,-0.005347828380763531,-0.32672110199928286,0.9451056718826294],"EasingStyle":"Constant","EasingDirection":"In"},"HumanoidRootPart":{"Weight":0,"CFrame":[0,0,0,1,0,0,0,1,0,0,0,1],"EasingStyle":"Linear","EasingDirection":"In"},"Right Leg":{"Weight":1,"CFrame":[0.47972801327705386,0.7178006172180176,0.24542510509490968,0.9098305106163025,-0.39277955889701846,-0.1339128315448761,0.4149714410305023,0.8590510487556458,0.2997168004512787,-0.0026846129912883045,-0.32826149463653567,0.9445831179618836],"EasingStyle":"Constant","EasingDirection":"In"}}},{"Time":0.4333333373069763,"poses":{"Left Leg":{"Weight":1,"CFrame":[-0.03084699809551239,0.25748211145401,0.09548044204711914,0.6672106385231018,0.48572438955307009,0.5647139549255371,-0.5480639338493347,0.8335509300231934,-0.06941904872655869,-0.5044363141059876,-0.2631821036338806,0.822361946105957],"EasingStyle":"Constant","EasingDirection":"In"},"Right Arm":{"Weight":1,"CFrame":[-0.09418292343616486,0.5561201572418213,0.18654823303222657,-0.9386944770812988,-0.2434704452753067,0.24407947063446046,0.15725569427013398,-0.9324345588684082,-0.32532525062561037,0.30679526925086977,-0.26699814200401308,0.9135582447052002],"EasingStyle":"Constant","EasingDirection":"In"},"Head":{"Weight":1,"CFrame":[1.1175870895385742e-7,2.9802322387695315e-8,0.016662001609802247,0.9984312057495117,-0.05291479453444481,0.01830919273197651,0.054663702845573428,0.9919717311859131,-0.11403589695692063,-0.01212804950773716,0.11485785245895386,0.9933079481124878],"EasingStyle":"Constant","EasingDirection":"In"},"Left Arm":{"Weight":1,"CFrame":[0.09747719764709473,0.5568711757659912,0.18766248226165772,-0.8855453133583069,0.32838186621665957,-0.32859519124031069,-0.20960167050361634,-0.9136788845062256,-0.3482213318347931,-0.41457998752593996,-0.23949189484119416,0.8779334425926209],"EasingStyle":"Constant","EasingDirection":"In"},"Torso":{"Weight":1,"CFrame":[0.31265151500701907,0.47485747933387759,0.7273643016815186,0.9454267621040344,0.3062635660171509,0.11122433841228485,-0.32579076290130618,0.8941230177879334,0.30725300312042239,-0.005347828380763531,-0.32672110199928286,0.9451056718826294],"EasingStyle":"Constant","EasingDirection":"In"},"HumanoidRootPart":{"Weight":0,"CFrame":[0,0,0,1,0,0,0,1,0,0,0,1],"EasingStyle":"Linear","EasingDirection":"In"},"Right Leg":{"Weight":1,"CFrame":[0.47972801327705386,0.7178006172180176,0.24542510509490968,0.9098305106163025,-0.39277955889701846,-0.1339128315448761,0.4149714410305023,0.8590510487556458,0.2997168004512787,-0.0026846129912883045,-0.32826149463653567,0.9445831179618836],"EasingStyle":"Constant","EasingDirection":"In"}}},{"Time":0.46666666865348818,"poses":{"Left Leg":{"Weight":1,"CFrame":[-0.03084699809551239,0.25748211145401,0.09548044204711914,0.6672106385231018,0.48572438955307009,0.5647139549255371,-0.5480639338493347,0.8335509300231934,-0.06941904872655869,-0.5044363141059876,-0.2631821036338806,0.822361946105957],"EasingStyle":"Constant","EasingDirection":"In"},"Right Arm":{"Weight":1,"CFrame":[-0.09418292343616486,0.5561201572418213,0.18654823303222657,-0.9386944770812988,-0.2434704452753067,0.24407947063446046,0.15725569427013398,-0.9324345588684082,-0.32532525062561037,0.30679526925086977,-0.26699814200401308,0.9135582447052002],"EasingStyle":"Constant","EasingDirection":"In"},"Head":{"Weight":1,"CFrame":[1.1175870895385742e-7,2.9802322387695315e-8,0.016662001609802247,0.9984312057495117,-0.05291479453444481,0.01830919273197651,0.054663702845573428,0.9919717311859131,-0.11403589695692063,-0.01212804950773716,0.11485785245895386,0.9933079481124878],"EasingStyle":"Constant","EasingDirection":"In"},"Left Arm":{"Weight":1,"CFrame":[0.09747719764709473,0.5568711757659912,0.18766248226165772,-0.8855453133583069,0.32838186621665957,-0.32859519124031069,-0.20960167050361634,-0.9136788845062256,-0.3482213318347931,-0.41457998752593996,-0.23949189484119416,0.8779334425926209],"EasingStyle":"Constant","EasingDirection":"In"},"Torso":{"Weight":1,"CFrame":[0.31265151500701907,0.47485747933387759,0.7273643016815186,0.9454267621040344,0.3062635660171509,0.11122433841228485,-0.32579076290130618,0.8941230177879334,0.30725300312042239,-0.005347828380763531,-0.32672110199928286,0.9451056718826294],"EasingStyle":"Constant","EasingDirection":"In"},"HumanoidRootPart":{"Weight":0,"CFrame":[0,0,0,1,0,0,0,1,0,0,0,1],"EasingStyle":"Linear","EasingDirection":"In"},"Right Leg":{"Weight":1,"CFrame":[0.47972801327705386,0.7178006172180176,0.24542510509490968,0.9098305106163025,-0.39277955889701846,-0.1339128315448761,0.4149714410305023,0.8590510487556458,0.2997168004512787,-0.0026846129912883045,-0.32826149463653567,0.9445831179618836],"EasingStyle":"Constant","EasingDirection":"In"}}},{"Time":0.5,"poses":{"Left Leg":{"Weight":1,"CFrame":[-0.12722699344158173,0.39819931983947756,0.1447768211364746,0.7365769147872925,0.3796956241130829,0.5597191452980042,-0.4521944224834442,0.8918641209602356,-0.009935245849192143,-0.5029658675193787,-0.24578386545181275,0.8286229372024536],"EasingStyle":"Constant","EasingDirection":"In"},"Right Arm":{"Weight":1,"CFrame":[-0.09386326372623444,0.5552608966827393,0.18823528289794923,-0.9361142516136169,-0.23001402616500855,0.26605209708213808,0.15567904710769654,-0.9493387341499329,-0.2729834318161011,0.31536364555358889,-0.21412508189678193,0.9244979023933411],"EasingStyle":"Constant","EasingDirection":"In"},"Head":{"Weight":1,"CFrame":[8.940696716308594e-8,-1.4901161193847657e-7,0.016662120819091798,0.9992572069168091,-0.030888542532920839,-0.023042520508170129,0.028431404381990434,0.9945560097694397,-0.10024978965520859,0.02601366862654686,0.099520243704319,0.9946955442428589],"EasingStyle":"Constant","EasingDirection":"In"},"Left Arm":{"Weight":1,"CFrame":[0.09821611642837525,0.5559391975402832,0.19087481498718263,-0.8739280104637146,0.34903642535209658,-0.3382652699947357,-0.2688278257846832,-0.9269024133682251,-0.2618848979473114,-0.40494632720947268,-0.13793355226516725,0.9038766622543335],"EasingStyle":"Constant","EasingDirection":"In"},"Torso":{"Weight":1,"CFrame":[0.34645992517471316,0.47485747933387759,0.7226359844207764,0.9442946314811707,0.29172709584236147,0.152325838804245,-0.32579079270362856,0.8941230177879334,0.30725300312042239,-0.04656403511762619,-0.33976367115974429,0.9393574595451355],"EasingStyle":"Constant","EasingDirection":"In"},"HumanoidRootPart":{"Weight":0,"CFrame":[0,0,0,1,0,0,0,1,0,0,0,1],"EasingStyle":"Linear","EasingDirection":"In"},"Right Leg":{"Weight":1,"CFrame":[0.3759957551956177,0.6011479496955872,0.2925443649291992,0.8397300243377686,-0.5251539945602417,-0.13808199763298036,0.5426092147827148,0.8018388748168945,0.25025954842567446,-0.02070523425936699,-0.2850750982761383,0.9582816362380981],"EasingStyle":"Constant","EasingDirection":"In"}}},{"Time":0.5333333611488342,"poses":{"Left Leg":{"Weight":1,"CFrame":[-0.12722699344158173,0.39819931983947756,0.1447768211364746,0.7365769147872925,0.3796956241130829,0.5597191452980042,-0.4521944224834442,0.8918641209602356,-0.009935245849192143,-0.5029658675193787,-0.24578386545181275,0.8286229372024536],"EasingStyle":"Constant","EasingDirection":"In"},"Right Arm":{"Weight":1,"CFrame":[-0.09386326372623444,0.5552608966827393,0.18823528289794923,-0.9361142516136169,-0.23001402616500855,0.26605209708213808,0.15567904710769654,-0.9493387341499329,-0.2729834318161011,0.31536364555358889,-0.21412508189678193,0.9244979023933411],"EasingStyle":"Constant","EasingDirection":"In"},"Head":{"Weight":1,"CFrame":[8.940696716308594e-8,-1.4901161193847657e-7,0.016662120819091798,0.9992572069168091,-0.030888542532920839,-0.023042520508170129,0.028431404381990434,0.9945560097694397,-0.10024978965520859,0.02601366862654686,0.099520243704319,0.9946955442428589],"EasingStyle":"Constant","EasingDirection":"In"},"Left Arm":{"Weight":1,"CFrame":[0.09821611642837525,0.5559391975402832,0.19087481498718263,-0.8739280104637146,0.34903642535209658,-0.3382652699947357,-0.2688278257846832,-0.9269024133682251,-0.2618848979473114,-0.40494632720947268,-0.13793355226516725,0.9038766622543335],"EasingStyle":"Constant","EasingDirection":"In"},"Torso":{"Weight":1,"CFrame":[0.34645992517471316,0.47485747933387759,0.7226359844207764,0.9442946314811707,0.29172709584236147,0.152325838804245,-0.32579079270362856,0.8941230177879334,0.30725300312042239,-0.04656403511762619,-0.33976367115974429,0.9393574595451355],"EasingStyle":"Constant","EasingDirection":"In"},"HumanoidRootPart":{"Weight":0,"CFrame":[0,0,0,1,0,0,0,1,0,0,0,1],"EasingStyle":"Linear","EasingDirection":"In"},"Right Leg":{"Weight":1,"CFrame":[0.3759957551956177,0.6011479496955872,0.2925443649291992,0.8397300243377686,-0.5251539945602417,-0.13808199763298036,0.5426092147827148,0.8018388748168945,0.25025954842567446,-0.02070523425936699,-0.2850750982761383,0.9582816362380981],"EasingStyle":"Constant","EasingDirection":"In"}}},{"Time":0.5666666626930237,"poses":{"Left Leg":{"Weight":1,"CFrame":[-0.12722699344158173,0.39819931983947756,0.1447768211364746,0.7365769147872925,0.3796956241130829,0.5597191452980042,-0.4521944224834442,0.8918641209602356,-0.009935245849192143,-0.5029658675193787,-0.24578386545181275,0.8286229372024536],"EasingStyle":"Constant","EasingDirection":"In"},"Right Arm":{"Weight":1,"CFrame":[-0.09386326372623444,0.5552608966827393,0.18823528289794923,-0.9361142516136169,-0.23001402616500855,0.26605209708213808,0.15567904710769654,-0.9493387341499329,-0.2729834318161011,0.31536364555358889,-0.21412508189678193,0.9244979023933411],"EasingStyle":"Constant","EasingDirection":"In"},"Head":{"Weight":1,"CFrame":[8.940696716308594e-8,-1.4901161193847657e-7,0.016662120819091798,0.9992572069168091,-0.030888542532920839,-0.023042520508170129,0.028431404381990434,0.9945560097694397,-0.10024978965520859,0.02601366862654686,0.099520243704319,0.9946955442428589],"EasingStyle":"Constant","EasingDirection":"In"},"Left Arm":{"Weight":1,"CFrame":[0.09821611642837525,0.5559391975402832,0.19087481498718263,-0.8739280104637146,0.34903642535209658,-0.3382652699947357,-0.2688278257846832,-0.9269024133682251,-0.2618848979473114,-0.40494632720947268,-0.13793355226516725,0.9038766622543335],"EasingStyle":"Constant","EasingDirection":"In"},"Torso":{"Weight":1,"CFrame":[0.34645992517471316,0.47485747933387759,0.7226359844207764,0.9442946314811707,0.29172709584236147,0.152325838804245,-0.32579079270362856,0.8941230177879334,0.30725300312042239,-0.04656403511762619,-0.33976367115974429,0.9393574595451355],"EasingStyle":"Constant","EasingDirection":"In"},"HumanoidRootPart":{"Weight":0,"CFrame":[0,0,0,1,0,0,0,1,0,0,0,1],"EasingStyle":"Linear","EasingDirection":"In"},"Right Leg":{"Weight":1,"CFrame":[0.3759957551956177,0.6011479496955872,0.2925443649291992,0.8397300243377686,-0.5251539945602417,-0.13808199763298036,0.5426092147827148,0.8018388748168945,0.25025954842567446,-0.02070523425936699,-0.2850750982761383,0.9582816362380981],"EasingStyle":"Constant","EasingDirection":"In"}}},{"Time":0.6000000238418579,"poses":{"Left Leg":{"Weight":1,"CFrame":[-0.16696147620677949,0.4124075770378113,0.16418004035949708,0.7703413367271423,0.291860967874527,0.5669139623641968,-0.3652838170528412,0.9307375550270081,0.017193399369716646,-0.522629976272583,-0.220329150557518,0.8235976099967957],"EasingStyle":"Constant","EasingDirection":"In"},"Right Arm":{"Weight":1,"CFrame":[-0.09321718662977219,0.554057240486145,0.19105887413024903,-0.9320756793022156,-0.2048289179801941,0.29879793524742129,0.1538638472557068,-0.9705508351325989,-0.18535633385181428,0.3279649019241333,-0.1267920285463333,0.9361425638198853],"EasingStyle":"Constant","EasingDirection":"In"},"Head":{"Weight":1,"CFrame":[2.9802322387695315e-8,-1.341104507446289e-7,0.0166623592376709,0.9939746260643005,-0.016322648152709008,-0.1083880364894867,0.004125559702515602,0.9937204718589783,-0.11181525141000748,0.10953254252672196,0.11069431900978089,0.9878003597259522],"EasingStyle":"Constant","EasingDirection":"In"},"Left Arm":{"Weight":1,"CFrame":[0.09966769814491272,0.555648922920227,0.1945706605911255,-0.8473371863365173,0.3888598084449768,-0.3616734445095062,-0.34717828035354617,-0.9209773540496826,-0.17682799696922303,-0.40185433626174929,-0.02426792122423649,0.9153819680213928],"EasingStyle":"Constant","EasingDirection":"In"},"Torso":{"Weight":1,"CFrame":[0.4432164430618286,0.449553906917572,0.6573152542114258,0.9373855590820313,0.27474847435951235,0.21405990421772004,-0.3297770619392395,0.897861897945404,0.29170385003089907,-0.11205104738473892,-0.3440310060977936,0.9322484731674194],"EasingStyle":"Constant","EasingDirection":"In"},"HumanoidRootPart":{"Weight":0,"CFrame":[0,0,0,1,0,0,0,1,0,0,0,1],"EasingStyle":"Linear","EasingDirection":"In"},"Right Leg":{"Weight":1,"CFrame":[0.363017737865448,0.6653323769569397,0.2620750665664673,0.8204029202461243,-0.5527791976928711,-0.1461983621120453,0.5704206824302673,0.7735815048217773,0.27602916955947878,-0.03948669508099556,-0.3098497688770294,0.949965238571167],"EasingStyle":"Constant","EasingDirection":"In"}}},{"Time":0.6333333253860474,"poses":{"Left Leg":{"Weight":1,"CFrame":[-0.16696147620677949,0.4124075770378113,0.16418004035949708,0.7703413367271423,0.291860967874527,0.5669139623641968,-0.3652838170528412,0.9307375550270081,0.017193399369716646,-0.522629976272583,-0.220329150557518,0.8235976099967957],"EasingStyle":"Constant","EasingDirection":"In"},"Right Arm":{"Weight":1,"CFrame":[-0.09321718662977219,0.554057240486145,0.19105887413024903,-0.9320756793022156,-0.20482