{"Sequence":[{"Time":0,"poses":{"Left Leg":{"Weight":1,"CFrame":[-0.3534944951534271,0.30477797985076907,0.0381542444229126,0.995153546333313,-0.06872232258319855,-0.07033278793096543,0.06985997408628464,0.9974607825279236,0.013842224143445492,0.06920294463634491,-0.018688583746552469,0.9974275231361389],"EasingStyle":"Linear","EasingDirection":"In"},"Right Arm":{"Weight":1,"CFrame":[0.961220383644104,-0.29700803756713869,-0.11413168907165528,-0.9557610154151917,-0.26410242915153506,-0.12950198352336884,-0.12555181980133058,-0.03185677528381348,0.9915754795074463,-0.2660030126571655,0.9639683961868286,-0.002711063949391246],"EasingStyle":"Linear","EasingDirection":"In"},"Left Arm":{"Weight":1,"CFrame":[-0.20755895972251893,-0.3400998115539551,-0.13518255949020387,-0.06784556806087494,0.1619512438774109,-0.9844637513160706,-0.9490385055541992,0.29391437768936159,0.11375509947538376,0.30777090787887576,0.9420117735862732,0.133757084608078],"EasingStyle":"Linear","EasingDirection":"In"},"Right Leg":{"Weight":1,"CFrame":[0.23780404031276704,0.2806774377822876,0.07928228378295899,0.9566786885261536,0.18018940091133119,-0.22868680953979493,-0.17684809863567353,0.983608603477478,0.03519677743315697,0.2312804013490677,0.006770838517695665,0.9728635549545288],"EasingStyle":"Linear","EasingDirection":"In"},"Torso":{"Weight":1,"CFrame":[6.051701717524338e-8,3.943789468174169e-14,-0.29084300994873049,0.9866799116134644,-0.16260802745819093,0.004627326037734747,0.1626734435558319,0.9863418936729431,-0.02582583576440811,-0.0003646377590484917,0.026234576478600503,0.9996557235717773],"EasingStyle":"Linear","EasingDirection":"In"},"HumanoidRootPart":{"Weight":0,"CFrame":[0,0,0,1,0,0,0,1,0,0,0,1],"EasingStyle":"Linear","EasingDirection":"In"},"Head":{"Weight":1,"CFrame":[1.4994293451309205e-7,-1.0652001947164536e-8,1.1920928955078126e-7,0.9811546206474304,0.17683178186416627,-0.0778856873512268,-0.18930989503860475,0.9604503512382507,-0.20419828593730927,0.03869657963514328,0.21509459614753724,0.9758262634277344],"EasingStyle":"Linear","EasingDirection":"In"}}},{"Time":0.03333333507180214,"poses":{"Left Leg":{"Weight":1,"CFrame":[-0.3536999821662903,0.3998386859893799,0.03585243225097656,0.9952709674835205,-0.06319965422153473,-0.07376625388860703,0.06442881375551224,0.9978183507919312,0.014401821419596672,0.07269516587257385,-0.019086390733718873,0.9971715807914734],"EasingStyle":"Linear","EasingDirection":"In"},"Right Arm":{"Weight":1,"CFrame":[0.9351505637168884,-0.29885876178741457,-0.04963570833206177,-0.9362474679946899,-0.31820496916770937,-0.14895062148571015,-0.13192647695541383,-0.07452741265296936,0.9884538650512695,-0.32563185691833498,0.9450879693031311,0.027796251699328424],"EasingStyle":"Linear","EasingDirection":"In"},"Left Arm":{"Weight":1,"CFrame":[-0.19500185549259187,-0.19517654180526734,-0.011369526386260987,-0.02892613783478737,0.29605796933174136,-0.9547318816184998,-0.9463708400726318,0.2993641197681427,0.12150420248508454,0.3217848539352417,0.9070451259613037,0.2715211510658264],"EasingStyle":"Linear","EasingDirection":"In"},"Right Leg":{"Weight":1,"CFrame":[0.2510148584842682,0.37345921993255618,0.07899165153503418,0.9550498723983765,0.18475739657878877,-0.23182840645313264,-0.18109522759914399,0.9827628135681152,0.03717269003391266,0.2347002923488617,0.006481253542006016,0.9720461964607239],"EasingStyle":"Linear","EasingDirection":"In"},"Torso":{"Weight":1,"CFrame":[7.463827245146604e-8,4.864047397279067e-14,-0.38436365127563479,0.9861069321632385,-0.16603650152683259,0.004995560739189386,0.16611163318157197,0.9856609106063843,-0.02965576946735382,1.0876306077989284e-8,0.030073583126068116,0.9995476603507996],"EasingStyle":"Linear","EasingDirection":"In"},"HumanoidRootPart":{"Weight":0,"CFrame":[0,0,0,1,0,0,0,1,0,0,0,1],"EasingStyle":"Linear","EasingDirection":"In"},"Head":{"Weight":1,"CFrame":[1.5029888800199843e-7,-4.6566128730773929e-9,-3.5762786865234377e-7,0.9788650274276733,0.1875682920217514,-0.08149445056915283,-0.19979949295520783,0.9621309041976929,-0.18542993068695069,0.043627552688121799,0.1977933943271637,0.9792723655700684],"EasingStyle":"Linear","EasingDirection":"In"}}},{"Time":0.06666667014360428,"poses":{"Left Leg":{"Weight":1,"CFrame":[-0.3564107418060303,0.29696816205978396,0.038776516914367679,0.994335949420929,-0.08273424953222275,-0.06671648472547531,0.08383972197771073,0.9963817596435547,0.013938948512077332,0.06532187014818192,-0.019453490152955056,0.9976745843887329],"EasingStyle":"Linear","EasingDirection":"In"},"Right Arm":{"Weight":1,"CFrame":[0.884382963180542,-0.2995399832725525,0.02682316303253174,-0.8880078792572022,-0.42056578397750857,-0.18592043220996858,-0.13559724390506745,-0.14684361219406129,0.9798215627670288,-0.4393807351589203,0.8952996134757996,0.07337096333503723],"EasingStyle":"Linear","EasingDirection":"In"},"Left Arm":{"Weight":1,"CFrame":[-0.1843993216753006,-0.03727439045906067,0.12353134155273438,0.015536022372543812,0.4356462061405182,-0.8999838829040527,-0.9436472058296204,0.30398431420326235,0.13085688650608064,0.3305882513523102,0.847234308719635,0.415818989276886],"EasingStyle":"Linear","EasingDirection":"In"},"Right Leg":{"Weight":1,"CFrame":[0.2422012835741043,0.27256035804748537,0.07911264896392822,0.9555566310882568,0.1908966600894928,-0.22465534508228303,-0.18748679757118226,0.9815842509269714,0.03662010654807091,0.2275087684392929,0.0071273245848715309,0.9737499356269836],"EasingStyle":"Linear","EasingDirection":"In"},"Torso":{"Weight":1,"CFrame":[5.982641937407607e-8,3.898784574807475e-14,-0.2862691879272461,0.9872844815254211,-0.1589161455631256,0.003868300002068281,0.15896029770374299,0.9871216416358948,-0.017957795411348344,-0.000964699371252209,0.01834435760974884,0.9998312592506409],"EasingStyle":"Linear","EasingDirection":"In"},"HumanoidRootPart":{"Weight":0,"CFrame":[0,0,0,1,0,0,0,1,0,0,0,1],"EasingStyle":"Linear","EasingDirection":"In"},"Head":{"Weight":1,"CFrame":[1.525040715932846e-7,2.444721758365631e-9,1.1920928955078126e-7,0.9784989953041077,0.18964247405529023,-0.08108904957771301,-0.20063021779060365,0.9663446545600891,-0.16101421415805818,0.04782482981681824,0.1738211065530777,0.9836152791976929],"EasingStyle":"Linear","EasingDirection":"In"}}},{"Time":0.10000000149011612,"poses":{"Left Leg":{"Weight":1,"CFrame":[-0.3044387698173523,0.13614898920059205,0.047667860984802249,0.9930331707000732,-0.10786930471658707,-0.047426678240299228,0.10864889621734619,0.9939791560173035,0.0141722671687603,0.04561237618327141,-0.01922638900578022,0.9987741708755493],"EasingStyle":"Linear","EasingDirection":"In"},"Right Arm":{"Weight":1,"CFrame":[0.8006850481033325,-0.2996375560760498,0.10726332664489746,-0.7664433717727661,-0.5913705825805664,-0.2506900131702423,-0.12814964354038239,-0.24165862798690797,0.9618621468544006,-0.6293983459472656,0.7693386673927307,0.10943371057510376],"EasingStyle":"Linear","EasingDirection":"In"},"Left Arm":{"Weight":1,"CFrame":[-0.17623160779476167,0.10764867067337036,0.2473442554473877,0.056883879005908969,0.5535372495651245,-0.8308795094490051,-0.9413978457450867,0.3068751096725464,0.1399919092655182,0.33246704936027529,0.7742249369621277,0.5385549664497376],"EasingStyle":"Linear","EasingDirection":"In"},"Right Leg":{"Weight":1,"CFrame":[0.18124976754188538,0.12021088600158692,0.06749558448791504,0.9599478840827942,0.1906704604625702,-0.2052922546863556,-0.18698887526988984,0.9816508889198303,0.037372224032878879,0.2086510807275772,0.0025119849015027286,0.9779869318008423],"EasingStyle":"Linear","EasingDirection":"In"},"Torso":{"Weight":1,"CFrame":[3.6566934369375306e-8,2.3830036996962644e-14,-0.13222837448120118,0.9902203679084778,-0.13950499892234803,0.0013968826970085502,0.13948045670986176,0.990159809589386,0.011346298269927502,-0.0029660025611519815,-0.01104049850255251,0.9999346733093262],"EasingStyle":"Linear","EasingDirection":"In"},"HumanoidRootPart":{"Weight":0,"CFrame":[0,0,0,1,0,0,0,1,0,0,0,1],"EasingStyle":"Linear","EasingDirection":"In"},"Head":{"Weight":1,"CFrame":[1.514563336968422e-7,4.598405212163925e-9,-1.7881393432617188e-7,0.9805237650871277,0.18014660477638246,-0.07823250442743302,-0.18980425596237184,0.9715374708175659,-0.14173661172389985,0.050472442060709,0.15382498502731324,0.986808180809021],"EasingStyle":"Linear","EasingDirection":"In"}}},{"Time":0.13333334028720857,"poses":{"Left Leg":{"Weight":1,"CFrame":[-0.22340473532676698,0.044881999492645267,0.0552675724029541,0.9900050759315491,-0.13972905278205872,-0.019124697893857957,0.14005425572395326,0.9900000691413879,0.01687290146946907,0.016575844958424569,-0.01938275434076786,0.9996747374534607],"EasingStyle":"Linear","EasingDirection":"In"},"Right Arm":{"Weight":1,"CFrame":[0.671937108039856,-0.29852789640426638,0.18477988243103028,-0.4533100724220276,-0.8250131607055664,-0.3374361991882324,-0.07776860147714615,-0.340516060590744,0.937017023563385,-0.8879538774490356,0.45100119709968569,0.09019918739795685],"EasingStyle":"Linear","EasingDirection":"In"},"Left Arm":{"Weight":1,"CFrame":[-0.17097881436347962,0.21363765001296998,0.3378942012786865,0.08669726550579071,0.6315885186195374,-0.7704411745071411,-0.93994140625,0.30813947319984438,0.14683406054973603,0.3301420509815216,0.7114393711090088,0.6203710436820984],"EasingStyle":"Linear","EasingDirection":"In"},"Right Leg":{"Weight":1,"CFrame":[0.11474631726741791,0.036535561084747317,0.05425858497619629,0.9640700817108154,0.19876216351985932,-0.17624561488628388,-0.1948142647743225,0.9800401926040649,0.03960555046796799,0.1805998533964157,-0.0038473631720989944,0.9835491180419922],"EasingStyle":"Linear","EasingDirection":"In"},"Torso":{"Weight":1,"CFrame":[2.354350669975247e-8,1.534289730854843e-14,-0.045978546142578128,0.9938482046127319,-0.11074672639369965,-0.0009393185027875006,0.11065716296434403,0.9926244616508484,0.04951407387852669,-0.004551130812615156,-0.049313414841890338,0.9987729787826538],"EasingStyle":"Linear","EasingDirection":"In"},"HumanoidRootPart":{"Weight":0,"CFrame":[0,0,0,1,0,0,0,1,0,0,0,1],"EasingStyle":"Linear","EasingDirection":"In"},"Head":{"Weight":1,"CFrame":[1.503503881394863e-7,-9.873474482446909e-9,1.1920928955078126e-7,0.9841348528862,0.16093328595161439,-0.07469303905963898,-0.16948062181472779,0.9772605895996094,-0.12742848694324494,0.052487075328826907,0.13806582987308503,0.9890313148498535],"EasingStyle":"Linear","EasingDirection":"In"}}},{"Time":0.1666666716337204,"poses":{"Left Leg":{"Weight":1,"CFrame":[-0.28219351172447207,0.06986182928085327,0.05794084072113037,0.9452276229858398,-0.32614773511886599,0.013132011517882347,0.3257761299610138,0.9451324939727783,0.02438238263130188,-0.02036372199654579,-0.018768804147839547,0.9996164441108704],"EasingStyle":"Linear","EasingDirection":"In"},"Right Arm":{"Weight":1,"CFrame":[0.5054832100868225,-0.2956676185131073,0.2567780017852783,0.12122343480587006,-0.9136787056922913,-0.3879380226135254,0.041364915668964389,-0.38583099842071535,0.9216417670249939,-0.9917629957199097,-0.12777173519134522,-0.008977711200714112],"EasingStyle":"Linear","EasingDirection":"In"},"Left Arm":{"Weight":1,"CFrame":[-0.1691211611032486,0.25473523139953616,0.37300539016723635,0.09804537147283554,0.6597448587417603,-0.7450664043426514,-0.9394239187240601,0.30843764543533327,0.14949536323547364,0.32843542098999026,0.6852757930755615,0.6500208973884583],"EasingStyle":"Linear","EasingDirection":"In"},"Right Leg":{"Weight":1,"CFrame":[0.12270914763212204,0.012806832790374756,0.05344092845916748,0.9628674387931824,0.23699726164340974,-0.12930041551589967,-0.23496994376182557,0.971510112285614,0.030938347801566125,0.13294897973537446,0.0005921829724684358,0.9911227226257324],"EasingStyle":"Linear","EasingDirection":"In"},"Torso":{"Weight":1,"CFrame":[1.6855803863791153e-8,1.0984636662184251e-14,-0.0016875267028808594,0.9971250295639038,-0.07574678212404251,-0.0020218121353536846,0.0756320208311081,0.9932742118835449,0.08767049014568329,-0.00463254377245903,-0.08757136017084122,0.9961474537849426],"EasingStyle":"Linear","EasingDirection":"In"},"HumanoidRootPart":{"Weight":0,"CFrame":[0,0,0,1,0,0,0,1,0,0,0,1],"EasingStyle":"Linear","EasingDirection":"In"},"Head":{"Weight":1,"CFrame":[1.511070877313614e-7,2.1827872842550279e-8,-2.384185791015625e-7,0.9883829951286316,0.13402637839317323,-0.07166558504104614,-0.14182913303375245,0.9828341603279114,-0.11798952519893646,0.054621655493974689,0.1267831027507782,0.9904254078865051],"EasingStyle":"Linear","EasingDirection":"In"}}},{"Time":0.20000000298023225,"poses":{"Left Leg":{"Weight":1,"CFrame":[-0.4483148455619812,0.09547728300094605,0.06926262378692627,0.7620136737823486,-0.6460472941398621,0.04424993321299553,0.6451845765113831,0.7632914781570435,0.03351224958896637,-0.05542609468102455,0.0030125826597213747,0.9984582662582398],"EasingStyle":"Linear","EasingDirection":"In"},"Right Arm":{"Weight":1,"CFrame":[0.3222862482070923,-0.29175543785095217,0.32173991203308108,0.6690210103988648,-0.6579909920692444,-0.34562841057777407,0.15683744847774507,-0.3295738101005554,0.9310118556022644,-0.726507306098938,-0.6770738363265991,-0.11729403585195542],"EasingStyle":"Linear","EasingDirection":"In"},"Left Arm":{"Weight":1,"CFrame":[-0.19875237345695496,0.2360822558403015,0.2912799119949341,0.07631349563598633,0.6190938949584961,-0.7816003561019898,-0.9383578300476074,0.3096420466899872,0.15364380180835725,0.33713626861572268,0.7216956615447998,0.6045613884925842],"EasingStyle":"Linear","EasingDirection":"In"},"Right Leg":{"Weight":1,"CFrame":[0.23550835251808167,0.04698914289474487,0.05939221382141113,0.9506127238273621,0.30385246872901919,-0.0633167028427124,-0.30436334013938906,0.9525546431541443,0.0016509053530171514,0.060814257711172107,0.017701907083392144,0.9979920983314514],"EasingStyle":"Linear","EasingDirection":"In"},"Torso":{"Weight":1,"CFrame":[1.4391910774236294e-8,9.378961196820479e-15,0.014629840850830078,0.9992859363555908,-0.037753164768218997,-0.0015157563611865044,0.037671297788619998,0.9924238920211792,0.11694297939538956,-0.0029106943402439358,-0.11691657453775406,0.9931374788284302],"EasingStyle":"Linear","EasingDirection":"In"},"HumanoidRootPart":{"Weight":0,"CFrame":[0,0,0,1,0,0,0,1,0,0,0,1],"EasingStyle":"Linear","EasingDirection":"In"},"Head":{"Weight":1,"CFrame":[1.521548256278038e-7,6.135815056040883e-8,1.1920928955078126e-7,0.9923954010009766,0.1016293540596962,-0.06944647431373596,-0.10906646400690079,0.987548291683197,-0.11337068676948548,0.057059936225414279,0.12008285522460938,0.9911227226257324],"EasingStyle":"Linear","EasingDirection":"In"}}},{"Time":0.23333333432674409,"poses":{"Left Leg":{"Weight":1,"CFrame":[-0.4952853322029114,-0.0329594612121582,0.09012329578399658,0.45797011256217959,-0.8856510519981384,0.07671719789505005,0.886536717414856,0.4613915681838989,0.03421157971024513,-0.06569619476795197,0.05234473943710327,0.996465802192688],"EasingStyle":"Linear","EasingDirection":"In"},"Right Arm":{"Weight":1,"CFrame":[0.1433088183403015,-0.2874935269355774,0.3781474828720093,0.9237207174301148,-0.28026092052459719,-0.2611394226551056,0.1995510458946228,-0.22985167801380158,0.9525479674339294,-0.32698532938957217,-0.9319989681243897,-0.1563923954963684],"EasingStyle":"Linear","EasingDirection":"In"},"Left Arm":{"Weight":1,"CFrame":[-0.27283045649528506,0.18944740295410157,0.08696615695953369,0.01912701688706875,0.5067970156669617,-0.8618531823158264,-0.9352908134460449,0.31372785568237307,0.1637251228094101,0.3533627688884735,0.8029518127441406,0.48000332713127139],"EasingStyle":"Linear","EasingDirection":"In"},"Right Leg":{"Weight":1,"CFrame":[0.35451793670654299,0.08972489833831787,0.05756735801696777,0.9382742643356323,0.34576401114463808,0.00941511057317257,-0.34504982829093935,0.9375409483909607,-0.04424430802464485,-0.02412514016032219,0.03826460987329483,0.9989763498306274],"EasingStyle":"Linear","EasingDirection":"In"},"Torso":{"Weight":1,"CFrame":[1.4039928331044394e-8,9.149578745473383e-15,0.016961097717285157,1,-6.386046607076423e-7,-3.0394977557079985e-7,6.723937531205593e-7,0.9916943907737732,0.1286165863275528,2.1929014337729314e-7,-0.1286165863275528,0.9916943907737732],"EasingStyle":"Linear","EasingDirection":"In"},"HumanoidRootPart":{"Weight":0,"CFrame":[0,0,0,1,0,0,0,1,0,0,0,1],"EasingStyle":"Linear","EasingDirection":"In"},"Head":{"Weight":1,"CFrame":[1.5099581673894137e-7,1.49014471872988e-8,0,0.9955451488494873,0.06601718813180924,-0.06731729954481125,-0.07337915897369385,0.9908239245414734,-0.11350506544113159,0.05920630320906639,0.11793909221887589,0.9912542700767517],"EasingStyle":"Linear","EasingDirection":"In"}}},{"Time":0.2666666805744171,"poses":{"Left Leg":{"Weight":1,"CFrame":[-0.4346081614494324,-0.15380525588989259,0.10407912731170654,0.2124434858560562,-0.9699651002883911,0.1184714064002037,0.9760561585426331,0.21643102169036866,0.02172483131289482,-0.0467132031917572,0.11101944744586945,0.9927197694778442],"EasingStyle":"Linear","EasingDirection":"In"},"Right Arm":{"Weight":1,"CFrame":[-0.010486207902431488,-0.28358206152915957,0.424483060836792,0.9805902242660523,-0.0049482788890600208,-0.19600580632686616,0.19325369596481324,-0.1443864107131958,0.970466673374176,-0.03310270980000496,-0.9895089864730835,-0.14062760770320893],"EasingStyle":"Linear","EasingDirection":"In"},"Left Arm":{"Weight":1,"CFrame":[-0.3691318929195404,0.12882208824157716,-0.17864149808883668,-0.058883074671030048,0.34234419465065,-0.937727689743042,-0.9305538535118103,0.3212403655052185,0.1757105439901352,0.36138948798179629,0.8829525113105774,0.2996540665626526],"EasingStyle":"Linear","EasingDirection":"In"},"Right Leg":{"Weight":1,"CFrame":[0.4185319244861603,0.11241257190704346,0.04958784580230713,0.9391048550605774,0.3333445191383362,0.0834474191069603,-0.32565438747406008,0.9408520460128784,-0.09352370351552963,-0.10968726873397827,0.06065354496240616,0.9921138286590576],"EasingStyle":"Linear","EasingDirection":"In"},"Torso":{"Weight":1,"CFrame":[1.4257926395089271e-8,9.291644805452769e-15,0.015517234802246094,0.999392569065094,0.034826334565877917,0.0012749406741932035,-0.03473558649420738,0.9924967288970947,0.11723334342241287,0.0028174330946058037,-0.11720641702413559,0.993103563785553],"EasingStyle":"Linear","EasingDirection":"In"},"HumanoidRootPart":{"Weight":0,"CFrame":[0,0,0,1,0,0,0,1,0,0,0,1],"EasingStyle":"Linear","EasingDirection":"In"},"Head":{"Weight":1,"CFrame":[1.498265191912651e-7,2.066371962428093e-8,0,0.9975983500480652,0.02906476892530918,-0.06287096440792084,-0.03557005152106285,0.993840217590332,-0.10495917499065399,0.05943308025598526,0.10694342851638794,0.9924871921539307],"EasingStyle":"Linear","EasingDirection":"In"}}},{"Time":0.30000001192092898,"poses":{"Left Leg":{"Weight":1,"CFrame":[-0.3996692895889282,-0.21722519397735597,0.11287033557891846,0.0736306682229042,-0.9833230972290039,0.1662953644990921,0.9971909523010254,0.07488993555307388,0.0013058050535619259,-0.013737870380282402,0.16573211550712586,0.9860751032829285],"EasingStyle":"Linear","EasingDirection":"In"},"Right Arm":{"Weight":1,"CFrame":[-0.11813568323850632,-0.2807213068008423,0.45922863483428957,0.9767668843269348,0.14086276292800904,-0.16150584816932679,0.17357788980007173,-0.07802554965019226,0.9817243814468384,0.12568685412406922,-0.9869496822357178,-0.1006634309887886],"EasingStyle":"Linear","EasingDirection":"In"},"Left Arm":{"Weight":1,"CFrame":[-0.46543338894844057,0.06819707155227661,-0.44424933195114138,-0.1369076520204544,0.16547317802906037,-0.9766652584075928,-0.9252074956893921,0.3308865427970886,0.18575531244277955,0.35390302538871767,0.9290493726730347,0.10779603570699692],"EasingStyle":"Linear","EasingDirection":"In"},"Right Leg":{"Weight":1,"CFrame":[0.409079909324646,0.06520414352416992,0.03590846061706543,0.9505262970924377,0.26780346035957339,0.15742012858390809,-0.24955536425113679,0.9600723385810852,-0.12642475962638856,-0.18499170243740083,0.08088500052690506,0.9794057607650757],"EasingStyle":"Linear","EasingDirection":"In"},"Torso":{"Weight":1,"CFrame":[1.5783907514332897e-8,1.0286100449044891e-14,0.0054111480712890629,0.9978327751159668,0.0657881498336792,0.0012985351495444775,-0.06564784049987793,0.9939714074134827,0.08781330287456513,0.004486368037760258,-0.0877082422375679,0.9961361289024353],"EasingStyle":"Linear","EasingDirection":"In"},"HumanoidRootPart":{"Weight":0,"CFrame":[0,0,0,1,0,0,0,1,0,0,0,1],"EasingStyle":"Linear","EasingDirection":"In"},"Head":{"Weight":1,"CFrame":[1.491280272603035e-7,-1.6152625903487207e-8,-2.384185791015625e-7,0.9984105825424194,-0.007939719595015049,-0.055796507745981219,0.0035241872537881138,0.9968847632408142,-0.0787932425737381,0.05624828487634659,0.07847137004137039,0.9953282475471497],"EasingStyle":"Linear","EasingDirection":"In"}}},{"Time":0.3333333432674408,"poses":{"Left Leg":{"Weight":1,"CFrame":[-0.35333019495010378,-0.2632964849472046,0.10967004299163819,-0.019370928406715394,-0.9774010181427002,0.21050427854061128,0.9994997978210449,-0.02419511042535305,-0.02036578767001629,0.024998724460601808,0.21000441908836366,0.9773807525634766],"EasingStyle":"Linear","EasingDirection":"In"},"Right Arm":{"Weight":1,"CFrame":[-0.15867747366428376,-0.27961188554763796,0.48086702823638918,0.9717625975608826,0.18041370809078217,-0.15208017826080323,0.15804260969161988,-0.019061928614974023,0.9872483015060425,0.17521414160728455,-0.9834060668945313,-0.04703672230243683],"EasingStyle":"Linear","EasingDirection":"In"},"Left Arm":{"Weight":1,"CFrame":[-0.5395116209983826,0.021562933921813966,-0.6485629081726074,-0.19412358105182649,0.027515588328242303,-0.9805911183357239,-0.9208816289901733,0.33938151597976687,0.19182628393173219,0.33807259798049929,0.9402462840080261,-0.04054329916834831],"EasingStyle":"Linear","EasingDirection":"In"},"Right Leg":{"Weight":1,"CFrame":[0.34975990653038027,-0.008786797523498536,0.026762008666992189,0.9607513546943665,0.16482406854629517,0.22313649952411652,-0.13710743188858033,0.9813726544380188,-0.13457085192203523,-0.24116043746471406,0.09869542717933655,0.9654536843299866],"EasingStyle":"Linear","EasingDirection":"In"},"Torso":{"Weight":1,"CFrame":[1.9925858296687694e-8,1.2985339495027223e-14,-0.02201986312866211,0.9957318305969238,0.09229333698749542,-0.0002524842566344887,-0.09217727929353714,0.994609534740448,0.04748866707086563,0.004634011071175337,-0.04726270213723183,0.9988717436790466],"EasingStyle":"Linear","EasingDirection":"In"},"HumanoidRootPart":{"Weight":0,"CFrame":[0,0,0,1,0,0,0,1,0,0,0,1],"EasingStyle":"Linear","EasingDirection":"In"},"Head":{"Weight":1,"CFrame":[1.5151454135775567e-7,-1.0255462257191539e-8,2.384185791015625e-7,0.9979322552680969,-0.04350003972649574,-0.047318171709775928,0.041533030569553378,0.998262882232666,-0.041788265109062198,0.04905376955866814,0.039736587554216388,0.9980053901672363],"EasingStyle":"Linear","EasingDirection":"In"}}},{"Time":0.36666667461395266,"poses":{"Left Leg":{"Weight":1,"CFrame":[-0.3118462860584259,-0.294783353805542,0.09419333934783936,-0.08485829830169678,-0.9653810262680054,0.24665467441082,0.9943806529045105,-0.09777617454528809,-0.040582265704870227,0.06329429894685745,0.2418248951435089,0.9682533740997315],"EasingStyle":"Linear","EasingDirection":"In"},"Right Arm":{"Weight":1,"CFrame":[-0.1585858315229416,-0.29098719358444216,0.4927241802215576,0.9730471968650818,0.1716373860836029,-0.15401214361190797,0.14968113601207734,0.037974968552589419,0.9880048036575317,0.1754271388053894,-0.9844279885292053,0.011260553263127804],"EasingStyle":"Linear","EasingDirection":"In"},"Left Arm":{"Weight":1,"CFrame":[-0.5691426992416382,0.0029091238975524904,-0.7302882671356201,-0.2158713936805725,-0.026944631710648538,-0.9760499596595764,-0.9191380143165588,0.3429585099220276,0.19381670653820039,0.3295222222805023,0.9389640092849731,-0.09880074113607407],"EasingStyle":"Linear","EasingDirection":"In"},"Right Leg":{"Weight":1,"CFrame":[0.3575887084007263,0.0008018612861633301,0.02046966552734375,0.9601514935493469,0.09190083295106888,0.2639382481575012,-0.05952334776520729,0.9899652004241943,-0.1281633824110031,-0.27306801080703738,0.10734578222036362,0.9559867978096008],"EasingStyle":"Linear","EasingDirection":"In"},"Torso":{"Weight":1,"CFrame":[2.799176357370925e-8,1.8241748985913659e-14,-0.07543802261352539,0.9935076832771301,0.11372294276952744,-0.0031024133786559107,-0.11371193081140518,0.9935075044631958,0.003523249179124832,0.0034829454962164165,-0.0031475936993956568,0.9999889731407166],"EasingStyle":"Linear","EasingDirection":"In"},"HumanoidRootPart":{"Weight":0,"CFrame":[0,0,0,1,0,0,0,1,0,0,0,1],"EasingStyle":"Linear","EasingDirection":"In"},"Head":{"Weight":1,"CFrame":[1.5087425708770753e-7,-1.1932570487260819e-9,-1.1920928955078126e-7,0.996374785900116,-0.07606448978185654,-0.03809800371527672,0.07607989758253098,0.9971011877059937,-0.001047465018928051,0.038067251443862918,-0.0018548248335719109,0.9992734789848328],"EasingStyle":"Linear","EasingDirection":"In"}}},{"Time":0.4000000059604645,"poses":{"Left Leg":{"Weight":1,"CFrame":[-0.2768000066280365,-0.30982089042663576,0.06582081317901612,-0.14306892454624177,-0.9520948529243469,0.270271360874176,0.9854746460914612,-0.16228638589382173,-0.05002838745713234,0.09149312973022461,0.25918814539909365,0.9614835381507874],"EasingStyle":"Linear","EasingDirection":"In"},"Right Arm":{"Weight":1,"CFrame":[-0.1579442024230957,-0.3181118369102478,0.4999164342880249,0.9748220443725586,0.16012103855609895,-0.15518788993358613,0.14237579703330995,0.08867201209068299,0.9858328700065613,0.17161338031291963,-0.9831065535545349,0.06364207714796066],"EasingStyle":"Linear","EasingDirection":"In"},"Left Arm":{"Weight":1,"CFrame":[-0.5553824305534363,0.008555352687835694,-0.6830521821975708,-0.21765682101249696,0.03460708633065224,-0.9754116535186768,-0.9158011078834534,0.3383733928203583,0.2163604497909546,0.337540864944458,0.9403753280639648,-0.041956011205911639],"EasingStyle":"Linear","EasingDirection":"In"},"Right Leg":{"Weight":1,"CFrame":[0.4184918999671936,0.10138291120529175,0.013821601867675782,0.9570958018302918,0.0574626587331295,0.2840169668197632,-0.023902667686343194,0.9924562573432922,-0.1202465072274208,-0.28878408670425417,0.10829868912696839,0.9512492418289185],"EasingStyle":"Linear","EasingDirection":"In"},"Torso":{"Weight":1,"CFrame":[4.128960995330999e-8,2.690772612861346e-14,-0.16350555419921876,0.9915542602539063,0.12952803075313569,-0.006526895333081484,-0.12968114018440247,0.990874171257019,-0.03675827011466026,0.0017061069374904037,0.037294235080480579,0.999302864074707],"EasingStyle":"Linear","EasingDirection":"In"},"HumanoidRootPart":{"Weight":0,"CFrame":[0,0,0,1,0,0,0,1,0,0,0,1],"EasingStyle":"Linear","EasingDirection":"In"},"Head":{"Weight":1,"CFrame":[1.5087425708770753e-7,1.1175870895385743e-8,-2.384185791015625e-7,0.9941583275794983,-0.10413601994514466,-0.02837073802947998,0.1051282286643982,0.993804395198822,0.03606763109564781,0.024439027532935144,-0.038839492946863177,0.9989465475082398],"EasingStyle":"Linear","EasingDirection":"In"}}},{"Time":0.4333333373069763,"poses":{"Left Leg":{"Weight":1,"CFrame":[-0.2486477494239807,-0.2867128849029541,0.01369929313659668,-0.21088063716888429,-0.9397083520889282,0.26921650767326357,0.972989559173584,-0.22824856638908387,-0.03455372527241707,0.09391869604587555,0.2546581029891968,0.9624596238136292],"EasingStyle":"Linear","EasingDirection":"In"},"Right Arm":{"Weight":1,"CFrame":[-0.15620265901088715,-0.3504866063594818,0.5036095380783081,0.9786262512207031,0.1389256715774536,-0.15162567794322968,0.13381017744541169,0.12970513105392457,0.9824822545051575,0.15615861117839814,-0.9817720055580139,0.10834315419197083],"EasingStyle":"Linear","EasingDirection":"In"},"Left Arm":{"Weight":1,"CFrame":[-0.5198954343795776,0.02311694622039795,-0.5612324476242065,-0.21977540850639344,0.1965724229812622,-0.9555407166481018,-0.9070034623146057,0.319503515958786,0.2743396461009979,0.35922619700431826,0.9269718527793884,0.10807287693023682],"EasingStyle":"Linear","EasingDirection":"In"},"Right Leg":{"Weight":1,"CFrame":[0.44675612449645998,0.24557042121887208,0.02206897735595703,0.9543837904930115,0.029628926888108255,0.29710903763771059,0.006317262537777424,0.9928378462791443,-0.11930248141288758,-0.29851582646369936,0.115737184882164,0.947361171245575],"EasingStyle":"Linear","EasingDirection":"In"},"Torso":{"Weight":1,"CFrame":[6.205139868598053e-8,4.043782385223897e-14,-0.30100440979003909,0.9902066588401794,0.1392819881439209,-0.009554564952850342,-0.13960911333560944,0.9879963397979736,-0.06612471491098404,0.00022989251010585576,0.06681104004383087,0.9977656006813049],"EasingStyle":"Linear","EasingDirection":"In"},"HumanoidRootPart":{"Weight":0,"CFrame":[0,0,0,1,0,0,0,1,0,0,0,1],"EasingStyle":"Linear","EasingDirection":"In"},"Head":{"Weight":1,"CFrame":[1.539592631161213e-7,-3.725290298461914e-9,-1.1920928955078126e-7,0.9918221235275269,-0.12633299827575684,-0.018133731558918954,0.12722717225551606,0.9899272322654724,0.062107428908348086,0.01010486576706171,-0.06390662491321564,0.9979047179222107],"EasingStyle":"Linear","EasingDirection":"In"}}},{"Time":0.46666666865348818,"poses":{"Left Leg":{"Weight":1,"CFrame":[-0.24180756509304048,-0.22040510177612306,-0.02850884199142456,-0.23843199014663697,-0.936968982219696,0.25541970133781435,0.9685704112052918,-0.2486155927181244,-0.007857090793550015,0.07086314260959625,0.24551856517791749,0.9667983651161194],"EasingStyle":"Linear","EasingDirection":"In"},"Right Arm":{"Weight":1,"CFrame":[-0.15281115472316743,-0.3776116967201233,0.5049703121185303,0.9851440787315369,0.10111288726329804,-0.13880673050880433,0.12204191088676453,0.15644054114818574,0.980118453502655,0.12081757932901383,-0.9824981093406677,0.1417764574289322],"EasingStyle":"Linear","EasingDirection":"In"},"Left Arm":{"Weight":1,"CFrame":[-0.4713723063468933,0.04302781820297241,-0.39466267824172976,-0.21623244881629945,0.41554301977157595,-0.883497416973114,-0.895067036151886,0.2770928144454956,0.34939152002334597,0.38999807834625246,0.8663392066955566,0.31202232837677],"EasingStyle":"Linear","EasingDirection":"In"},"Right Leg":{"Weight":1,"CFrame":[0.4401000738143921,0.32993239164352419,0.03479123115539551,0.9531069993972778,0.012322323396801949,0.30238255858421328,0.025519737973809243,0.9923394322395325,-0.12087657302618027,-0.3015556335449219,0.12292500585317612,0.9454911947250366],"EasingStyle":"Linear","EasingDirection":"In"},"Torso":{"Weight":1,"CFrame":[7.463827245146604e-8,4.864047397279067e-14,-0.38436365127563479,0.9897106885910034,0.1426437646150589,-0.011201845481991768,-0.14308293163776399,0.98667311668396,-0.0774817019701004,2.807874182053638e-7,0.07828725874423981,0.9969308376312256],"EasingStyle":"Linear","EasingDirection":"In"},"HumanoidRootPart":{"Weight":0,"CFrame":[0,0,0,1,0,0,0,1,0,0,0,1],"EasingStyle":"Linear","EasingDirection":"In"},"Head":{"Weight":1,"CFrame":[1.515915073468932e-7,1.6880221664905549e-8,-3.5762786865234377e-7,0.9899314641952515,-0.1413550078868866,-0.007382785901427269,0.14152468740940095,0.987483561038971,0.06962060928344727,-0.0025508436374366285,-0.06996448338031769,0.9975461959838867],"EasingStyle":"Linear","EasingDirection":"In"}}},{"Time":0.5,"poses":{"Left Leg":{"Weight":1,"CFrame":[-0.20444902777671815,-0.28385818004608157,0.027526497840881349,-0.2199752777814865,-0.9289688467979431,0.29770419001579287,0.9707385301589966,-0.2385907620191574,-0.02722485363483429,0.0963205099105835,0.2830040752887726,0.9542698860168457],"EasingStyle":"Linear","EasingDirection":"In"},"Right Arm":{"Weight":1,"CFrame":[-0.14721980690956117,-0.38898661732673647,0.5051647424697876,0.9928584694862366,0.03970381245017052,-0.11249727755784989,0.10460974276065827,0.1635594666004181,0.9809715151786804,0.057348281145095828,-0.985734224319458,0.15823803842067719],"EasingStyle":"Linear","EasingDirection":"In"},"Left Arm":{"Weight":1,"CFrame":[-0.4185039699077606,0.06472182273864746,-0.21317631006240846,-0.20364686846733094,0.6312030553817749,-0.748405396938324,-0.8832510709762573,0.21133218705654145,0.4185764193534851,0.4223688840866089,0.7462716698646545,0.5144736170768738],"EasingStyle":"Linear","EasingDirection":"In"},"Right Leg":{"Weight":1,"CFrame":[0.4442155063152313,0.24121665954589845,0.019373536109924318,0.9533963799476624,0.018784252926707269,0.3011353611946106,0.016402263194322587,0.9933575391769409,-0.11389350891113281,-0.30127444863319399,0.11352492868900299,0.9467554092407227],"EasingStyle":"Linear","EasingDirection":"In"},"Torso":{"Weight":1,"CFrame":[6.05479328896763e-8,3.945804390149098e-14,-0.2910475730895996,0.9897456169128418,0.1423845738172531,-0.011410845443606377,-0.14283716678619386,0.9871472120285034,-0.07167965173721314,0.0010581054957583547,0.07257451862096787,0.9973624348640442],"EasingStyle":"Linear","EasingDirection":"In"},"HumanoidRootPart":{"Weight":0,"CFrame":[0,0,0,1,0,0,0,1,0,0,0,1],"EasingStyle":"Linear","EasingDirection":"In"},"Head":{"Weight":1,"CFrame":[1.5157274901866914e-7,1.8975697457790376e-8,-1.7881393432617188e-7,0.9885193109512329,-0.15106478333473206,0.0029929480515420439,0.15062692761421204,0.9868243932723999,0.059069205075502399,-0.011876789852976799,-0.05794022977352142,0.9982494115829468],"EasingStyle":"Linear","EasingDirection":"In"}}},{"Time":0.5333333611488342,"poses":{"Left Leg":{"Weight":1,"CFrame":[-0.19384071230888368,-0.2966994047164917,0.0845116376876831,-0.16009046137332917,-0.9319160580635071,0.3254280984401703,0.9829721450805664,-0.18063509464263917,-0.03371638432145119,0.09020455181598664,0.31448906660079958,0.9449654817581177],"EasingStyle":"Linear","EasingDirection":"In"},"Right Arm":{"Weight":1,"CFrame":[-0.1243172138929367,-0.36237961053848269,0.5041377544403076,0.9941063523292542,-0.06564432382583618,-0.08627519011497498,0.0947953388094902,0.14024974405765534,0.9855678081512451,-0.05259684473276138,-0.9879376888275147,0.14564594626426698],"EasingStyle":"Linear","EasingDirection":"In"},"Left Arm":{"Weight":1,"CFrame":[-0.3699808120727539,0.08463287353515625,-0.04660665988922119,-0.18508905172348023,0.7909495830535889,-0.5832160711288452,-0.8744375705718994,0.13826127350330354,0.46501898765563967,0.44844281673431399,0.5960558652877808,0.6660453081130981],"EasingStyle":"Linear","EasingDirection":"In"},"Right Leg":{"Weight":1,"CFrame":[0.4059999883174896,0.09203463792800904,0.010636210441589356,0.9544653296470642,0.017855806276202203,0.2977869212627411,0.014625823125243187,0.994205892086029,-0.10649289190769196,-0.29796302318573,0.1059991642832756,0.9486739039421082],"EasingStyle":"Linear","EasingDirection":"In"},"Torso":{"Weight":1,"CFrame":[3.761641664823401e-8,2.4513972056157235e-14,-0.13917922973632813,0.9900966882705689,0.1399705410003662,-0.010806356556713581,-0.1403580754995346,0.9885196089744568,-0.055933546274900439,0.00285324570722878,0.056896377354860309,0.9983760118484497],"EasingStyle":"Linear","EasingDirection":"In"},"HumanoidRootPart":{"Weight":0,"CFrame":[0,0,0,1,0,0,0,1,0,0,0,1],"EasingStyle":"Linear","EasingDirection":"In"},"Head":{"Weight":1,"CFrame":[1.4994293451309205e-7,-1.979060471057892e-9,-2.384185791015625e-7,0.987675666809082,-0.1560903638601303,0.011511627584695816,0.15556608140468598,0.9871169328689575,0.03740759938955307,-0.017202287912368776,-0.035155754536390308,0.9992337822914124],"EasingStyle":"Linear","EasingDirection":"In"}}},{"Time":0.5666666626930237,"poses":{"Left Leg":{"Weight":1,"CFrame":[-0.24572762846946717,-0.2832036018371582,0.13153254985809327,-0.09967700392007828,-0.9426764249801636,0.3184739947319031,0.9939866065979004,-0.10891789197921753,-0.011293605901300908,0.04533372074365616,0.31543320417404177,0.947864294052124],"EasingStyle":"Linear","EasingDirection":"In"},"Right Arm":{"Weight":1,"CFrame":[-0.07567285001277924,-0.29586267471313479,0.5015701055526733,0.9717475175857544,-0.2220505177974701,-0.0800023078918457,0.10026873648166657,0.08153325319290161,0.9916141033172607,-0.21366554498672486,-0.9716202616691589,0.10149446129798889],"EasingStyle":"Linear","EasingDirection":"In"},"Left Arm":{"Weight":1,"CFrame":[-0.33449384570121767,0.09919506311416626,0.07521307468414307,-0.16839642822742463,0.8787183165550232,-0.44665053486824038,-0.8695523738861084,0.08098039776086807,0.4871559143066406,0.4642427861690521,0.47042134404182436,0.7504547834396362],"EasingStyle":"Linear","EasingDirection":"In"},"Right Leg":{"Weight":1,"CFrame":[0.3450148105621338,-0.0018373727798461915,0.01767706871032715,0.9569074511528015,0.022200439125299455,0.28954318165779116,0.009307369589805603,0.9942165017127991,-0.10699035972356796,-0.29024383425712588,0.10507478564977646,0.951166570186615],"EasingStyle":"Linear","EasingDirection":"In"},"Torso":{"Weight":1,"CFrame":[2.3986260089259305e-8,1.563143230576703e-14,-0.04891061782836914,0.991059422492981,0.1330711841583252,-0.00965950358659029,-0.13331931829452516,0.9905332922935486,-0.03270668536424637,0.0052157435566186909,0.0337020643055439,0.999418318271637],"EasingStyle":"Linear","EasingDirection":"In"},"HumanoidRootPart":{"Weight":0,"CFrame":[0,0,0,1,0,0,0,1,0,0,0,1],"EasingStyle":"Linear","EasingDirection":"In"},"Head":{"Weight":1,"CFrame":[1.5040859580039979e-7,1.1990778148174286e-8,2.384185791015625e-7,0.9880384802818298,-0.15327073633670808,0.016972051933407785,0.15317414700984956,0.9881753921508789,0.006859297398477793,-0.017822695896029474,-0.004177563823759556,0.9998324513435364],"EasingStyle":"Linear","EasingDirection":"In"}}},{"Time":0.6000000238418579,"poses":{"Left Leg":{"Weight":1,"CFrame":[-0.3883036971092224,-0.21362590789794923,0.18021845817565919,0.02348254807293415,-0.9575731158256531,0.28723210096359255,0.9990057349205017,0.03336732089519501,0.02956649847328663,-0.037896253168582919,0.2862522304058075,0.957404613494873],"EasingStyle":"Linear","EasingDirection":"In"},"Right Arm":{"Weight":1,"CFrame":[-0.01075788028538227,-0.20939168334007264,0.498232364654541,0.9069366455078125,-0.408858984708786,-0.1014898270368576,0.10738853365182877,-0.008571689017117024,0.9941802024841309,-0.40734946727752688,-0.9125573039054871,0.03613278642296791],"EasingStyle":"Linear","EasingDirection":"In"},"Left Arm":{"Weight":1,"CFrame":[-0.32073354721069338,0.10484093427658081,0.12244927883148194,-0.16143950819969178,0.9057860374450684,-0.3917766809463501,-0.8680337071418762,0.05854285508394241,0.4930418133735657,0.46952611207962038,0.41967180371284487,0.7768016457557678],"EasingStyle":"Linear","EasingDirection":"In"},"Right Leg":{"Weight":1,"CFrame":[0.30200880765914919,-0.054720282554626468,0.024516820907592775,0.9607862234115601,0.04844062030315399,0.27302634716033938,-0.018143923953175546,0.9934953451156616,-0.11241810768842697,-0.27669599652290347,0.10305600613355637,0.9554154872894287],"EasingStyle":"Linear","EasingDirection":"In"},"Torso":{"Weight":1,"CFrame":[1.698698781638086e-8,1.1070128544583575e-14,-0.002556324005126953,0.9928187727928162,0.11933258920907974,-0.008405672386288643,-0.11937306076288223,0.9928393363952637,-0.004487103782594204,0.007810025010257959,0.005458291620016098,0.9999545812606812],"EasingStyle":"Linear","EasingDirection":"In"},"HumanoidRootPart":{"Weight":0,"CFrame":[0,0,0,1,0,0,0,1,0,0,0,1],"EasingStyle":"Linear","EasingDirection":"In"},"Head":{"Weight":1,"CFrame":[1.539592631161213e-7,-4.656612873077393e-10,-5.960464477539063e-8,0.989836573600769,-0.14146246016025544,0.014556871727108956,0.1418522745370865,0.9894144535064697,-0.03060915321111679,-0.010072735138237477,0.032362986356019977,0.9994254112243652],"EasingStyle":"Linear","EasingDirection":"In"}}},{"Time":0.6333333253860474,"poses":{"Left Leg":{"Weight":1,"CFrame":[-0.5328366756439209,-0.048157691955566409,0.192169189453125,0.23447628319263459,-0.9393037557601929,0.2504582405090332,0.9632663130760193,0.25919315218925478,0.07026327401399613,-0.13091564178466798,0.22478295862674714,0.965574324131012],"EasingStyle":"Linear","EasingDirection":"In"},"Right Arm":{"Weight":1,"CFrame":[0.060956649482250217,-0.1229199767112732,0.49489474296569826,0.7887521386146545,-0.5947146415