{"Sequence":[{"Time":0,"poses":{"Left Leg":{"Weight":1,"CFrame":[-0.2021551877260208,0.16263610124588014,0.026563286781311036,0.9816612005233765,-0.11549156904220581,0.15166741609573365,0.09635243564844132,0.9870820641517639,0.1280047595500946,-0.1644916534423828,-0.11104381084442139,0.9801080226898193],"EasingStyle":"Linear","EasingDirection":"In"},"Right Arm":{"Weight":1,"CFrame":[0.5369080901145935,-0.5509786009788513,0.062244415283203128,-0.8391384482383728,-0.477327823638916,-0.26077771186828616,0.42991939187049868,-0.8757586479187012,0.2195817232131958,-0.3331907093524933,0.07214605063199997,0.9400951266288757],"EasingStyle":"Linear","EasingDirection":"In"},"Head":{"Weight":1,"CFrame":[7.636845111846924e-8,1.210719347000122e-8,0,0.9977391362190247,-0.051856882870197299,-0.042751096189022067,0.049335356801748279,0.9970930218696594,-0.058064673095941547,0.04563787207007408,0.05582422763109207,0.9973971247673035],"EasingStyle":"Linear","EasingDirection":"In"},"Right Leg":{"Weight":1,"CFrame":[0.45594656467437746,0.07655847072601319,0.01981663703918457,0.9959158897399902,0.08144199848175049,-0.03897339105606079,-0.08249817788600922,0.9962440729141235,-0.02630269154906273,0.036684904247522357,0.02941048890352249,0.9988940954208374],"EasingStyle":"Linear","EasingDirection":"In"},"Torso":{"Weight":1,"CFrame":[-0.09613960981369019,0.008016437292098999,-0.0989375114440918,0.9931734204292297,0.11384524405002594,0.025413675233721734,-0.11236203461885452,0.9922165870666504,-0.05367707088589668,-0.03132674843072891,0.05045511573553085,0.9982349276542664],"EasingStyle":"Linear","EasingDirection":"In"},"HumanoidRootPart":{"Weight":1,"CFrame":[0,0,0,1,0,0,0,1,0,0,0,1],"EasingStyle":"Linear","EasingDirection":"In"},"Left Arm":{"Weight":1,"CFrame":[-0.3744513690471649,-0.4036167860031128,0.28037190437316897,0.281808078289032,0.9587787985801697,0.0364348366856575,-0.6765328645706177,0.17163509130477906,0.7161316275596619,0.6803582906723023,-0.2264610379934311,0.6970135569572449],"EasingStyle":"Linear","EasingDirection":"In"}}},{"Time":0.03333333507180214,"poses":{"Left Leg":{"Weight":1,"CFrame":[-0.22549845278263093,0.1469477415084839,0.027292251586914064,0.9821397662162781,-0.12628504633903504,0.13947637379169465,0.11112704128026962,0.9875195026397705,0.11160752177238465,-0.1518300175666809,-0.09411456435918808,0.9839158058166504],"EasingStyle":"Linear","EasingDirection":"In"},"Right Arm":{"Weight":1,"CFrame":[0.5367995500564575,-0.5743150115013123,0.09234583377838135,-0.7871989011764526,-0.5506757497787476,-0.2776224613189697,0.48657944798469546,-0.8311903476715088,0.2690041661262512,-0.3788912296295166,0.07667423039674759,0.9222595691680908],"EasingStyle":"Linear","EasingDirection":"In"},"Head":{"Weight":1,"CFrame":[9.406358003616333e-8,1.0244548320770264e-8,-3.5762786865234377e-7,0.9985266923904419,-0.036124490201473239,-0.04049237444996834,0.03376036509871483,0.9977676272392273,-0.05762093514204025,0.042483508586883548,0.05616900697350502,0.9975170493125916],"EasingStyle":"Linear","EasingDirection":"In"},"Right Leg":{"Weight":1,"CFrame":[0.43078142404556277,0.07983958721160889,0.02100241184234619,0.9955089092254639,0.07964743673801422,-0.05117086321115494,-0.08009020239114762,0.9967654347419739,-0.006656759884208441,0.050475236028432849,0.010725148022174836,0.9986677765846252],"EasingStyle":"Linear","EasingDirection":"In"},"Torso":{"Weight":1,"CFrame":[-0.0717431977391243,0.014842242002487183,-0.0931553840637207,0.9945521950721741,0.10142291337251663,0.024069789797067643,-0.10024464130401612,0.9939014911651611,-0.045943789184093478,-0.028582753613591195,0.04328062757849693,0.9986540079116821],"EasingStyle":"Linear","EasingDirection":"In"},"HumanoidRootPart":{"Weight":1,"CFrame":[0,0,0,1,0,0,0,1,0,0,0,1],"EasingStyle":"Linear","EasingDirection":"In"},"Left Arm":{"Weight":1,"CFrame":[-0.376832515001297,-0.39004501700401308,0.24162757396697999,0.1685471534729004,0.9749552607536316,0.14510023593902589,-0.7934116721153259,0.046841785311698917,0.6068805456161499,0.5848846435546875,-0.21741226315498353,0.7814358472824097],"EasingStyle":"Linear","EasingDirection":"In"}}},{"Time":0.06666667014360428,"poses":{"Left Leg":{"Weight":1,"CFrame":[-0.2786014974117279,0.1173902153968811,0.02650582790374756,0.9838526248931885,-0.13855329155921937,0.11330052465200424,0.12998628616333009,0.988297164440155,0.07982698827981949,-0.12303489446640015,-0.06381048262119293,0.9903488159179688],"EasingStyle":"Linear","EasingDirection":"In"},"Right Arm":{"Weight":1,"CFrame":[0.5360402464866638,-0.6176530122756958,0.15720891952514649,-0.6512613296508789,-0.6984713077545166,-0.2966425120830536,0.5935705304145813,-0.7124280333518982,0.3743263781070709,-0.4727926254272461,0.06770592927932739,0.8785687685012817],"EasingStyle":"Linear","EasingDirection":"In"},"Head":{"Weight":1,"CFrame":[8.114147931337357e-8,3.4924596548080446e-10,0,0.9993600845336914,-0.011265522800385952,-0.03394941985607147,0.009320493787527085,0.998335599899292,-0.056915342807769778,0.03453408554196358,0.05656249076128006,0.9978017210960388],"EasingStyle":"Linear","EasingDirection":"In"},"Right Leg":{"Weight":1,"CFrame":[0.36478281021118166,0.09006178379058838,0.023265361785888673,0.9951647520065308,0.059878647327423099,-0.07785691320896149,-0.05778985843062401,0.9979128837585449,0.028813106939196588,0.07941976189613342,-0.024174416437745096,0.9965481162071228],"EasingStyle":"Linear","EasingDirection":"In"},"Torso":{"Weight":1,"CFrame":[-0.031918007880449298,0.02116972953081131,-0.0827782154083252,0.9973809719085693,0.069739431142807,0.019174596294760705,-0.06891274452209473,0.9967865943908691,-0.0408380925655365,-0.02196100354194641,0.03940976411104202,0.998981773853302],"EasingStyle":"Linear","EasingDirection":"In"},"HumanoidRootPart":{"Weight":1,"CFrame":[0,0,0,1,0,0,0,1,0,0,0,1],"EasingStyle":"Linear","EasingDirection":"In"},"Left Arm":{"Weight":1,"CFrame":[-0.39258211851119997,-0.3764725923538208,0.1682223081588745,-0.07723451405763626,0.9690744876861572,0.23437049984931947,-0.8950220346450806,-0.17096392810344697,0.41195496916770937,0.43928396701812746,-0.1779496818780899,0.880547285079956],"EasingStyle":"Linear","EasingDirection":"In"}}},{"Time":0.10000000149011612,"poses":{"Left Leg":{"Weight":1,"CFrame":[-0.3494163453578949,0.08593326807022095,0.022604942321777345,0.9847220182418823,-0.1540932059288025,0.08110449463129044,0.1510516256093979,0.987615168094635,0.04242468997836113,-0.08663743734359741,-0.029525592923164369,0.9958023428916931],"EasingStyle":"Linear","EasingDirection":"In"},"Right Arm":{"Weight":1,"CFrame":[0.5339791178703308,-0.6409890055656433,0.21867108345031739,-0.37155282497406008,-0.8920691013336182,-0.2572183609008789,0.7268000245094299,-0.45186859369277956,0.5172780156135559,-0.5776766538619995,0.005249723792076111,0.8162488341331482],"EasingStyle":"Linear","EasingDirection":"In"},"Head":{"Weight":1,"CFrame":[9.14442352950573e-8,-1.4231773093342781e-8,-3.5762786865234377e-7,0.9995526075363159,0.017412468791007997,-0.024321191012859346,-0.018759338185191156,0.9982379078865051,-0.05629505217075348,0.023298095911741258,0.05672610178589821,0.998117983341217],"EasingStyle":"Linear","EasingDirection":"In"},"Right Leg":{"Weight":1,"CFrame":[0.2807905375957489,0.10767245292663574,0.02341330051422119,0.9933702945709229,0.03377372771501541,-0.1098860576748848,-0.026311906054615976,0.9972929954528809,0.0686609074473381,0.11190761625766754,-0.06531444936990738,0.9915698766708374],"EasingStyle":"Linear","EasingDirection":"In"},"Torso":{"Weight":1,"CFrame":[0.005813324823975563,0.02779427170753479,-0.07713913917541504,0.9995830059051514,0.026873789727687837,0.01057436689734459,-0.026454459875822068,0.998928427696228,-0.03797577694058418,-0.01158358808606863,0.03768019750714302,0.9992228150367737],"EasingStyle":"Linear","EasingDirection":"In"},"HumanoidRootPart":{"Weight":1,"CFrame":[0,0,0,1,0,0,0,1,0,0,0,1],"EasingStyle":"Linear","EasingDirection":"In"},"Left Arm":{"Weight":1,"CFrame":[-0.4303281605243683,-0.4037393629550934,0.11266958713531494,-0.36403003334999087,0.9011886119842529,0.23524722456932069,-0.8523502349853516,-0.424159973859787,0.30592072010040285,0.375474750995636,-0.08914870023727417,0.922535240650177],"EasingStyle":"Linear","EasingDirection":"In"}}},{"Time":0.13333334028720857,"poses":{"Left Leg":{"Weight":1,"CFrame":[-0.4233611226081848,0.05977964401245117,0.016715645790100099,0.9838795065879822,-0.1715088188648224,0.050655547529459,0.17160123586654664,0.985163152217865,0.0025518699549138548,-0.050341684371232989,0.006181859876960516,0.9987130165100098],"EasingStyle":"Linear","EasingDirection":"In"},"Right Arm":{"Weight":1,"CFrame":[0.48364049196243288,-0.603518009185791,0.2488492727279663,0.01856050081551075,-0.9914343953132629,-0.12928010523319245,0.7807303667068481,-0.0664035975933075,0.6213297843933106,-0.6245922446250916,-0.1124652698636055,0.7728104591369629],"EasingStyle":"Linear","EasingDirection":"In"},"Head":{"Weight":1,"CFrame":[9.245559340342879e-8,4.21423465013504e-8,-5.960464477539063e-8,0.998924195766449,0.04456240311264992,-0.012832696549594403,-0.04521409049630165,0.997406542301178,-0.05599898844957352,0.010303966701030732,0.05651897192001343,0.9983484148979187],"EasingStyle":"Linear","EasingDirection":"In"},"Right Leg":{"Weight":1,"CFrame":[0.20868642628192902,0.134787917137146,0.020367980003356935,0.9901728630065918,0.014729173853993416,-0.1390708088874817,0.0005506451125256717,0.9940197467803955,0.10919882357120514,0.13984760642051698,-0.10820232331752777,0.9842433333396912],"EasingStyle":"Linear","EasingDirection":"In"},"Torso":{"Weight":1,"CFrame":[0.036596283316612247,0.035270512104034427,-0.0815725326538086,0.9998418688774109,-0.017740055918693544,-0.0012511546956375242,0.017681661993265153,0.9991593360900879,-0.03698696568608284,0.0019062537467107177,0.03695899248123169,0.9993149638175964],"EasingStyle":"Linear","EasingDirection":"In"},"HumanoidRootPart":{"Weight":1,"CFrame":[0,0,0,1,0,0,0,1,0,0,0,1],"EasingStyle":"Linear","EasingDirection":"In"},"Left Arm":{"Weight":1,"CFrame":[-0.47825193405151369,-0.4637256860733032,0.08057236671447754,-0.6078310012817383,0.7570922374725342,0.23948481678962708,-0.7196723818778992,-0.652689516544342,0.23678714036941529,0.3355787992477417,-0.028424140065908433,0.9415832161903381],"EasingStyle":"Linear","EasingDirection":"In"}}},{"Time":0.1666666716337204,"poses":{"Left Leg":{"Weight":1,"CFrame":[-0.48033156991004946,0.04117625951766968,0.010977625846862793,0.982751727104187,-0.1830170750617981,0.026532573625445367,0.18389469385147096,0.9823004007339478,-0.03562005236744881,-0.019543934613466264,0.03988482058048248,0.9990131258964539],"EasingStyle":"Linear","EasingDirection":"In"},"Right Arm":{"Weight":1,"CFrame":[0.4093706011772156,-0.5292064547538757,0.26097702980041506,0.27527230978012087,-0.9610137343406677,-0.026033012196421624,0.732711672782898,0.19219283759593965,0.6528365015983582,-0.6223815679550171,-0.19878265261650086,0.757051408290863],"EasingStyle":"Linear","EasingDirection":"In"},"Head":{"Weight":1,"CFrame":[8.63510649651289e-8,1.1408701539039612e-8,-5.960464477539063e-8,0.9978949427604675,0.06484796106815338,-0.0007242938154377043,-0.06478643417358399,0.9963218569755554,-0.056085750460624698,-0.002915419638156891,0.05601461976766586,0.9984257221221924],"EasingStyle":"Linear","EasingDirection":"In"},"Right Leg":{"Weight":1,"CFrame":[0.16916002333164216,0.16563129425048829,0.016910910606384279,0.9868848919868469,0.011747765354812146,-0.16099756956100465,0.01212863065302372,0.9891330599784851,0.14652211964130402,0.16096942126750947,-0.1465531885623932,0.9760180115699768],"EasingStyle":"Linear","EasingDirection":"In"},"Torso":{"Weight":1,"CFrame":[0.06056351959705353,0.04343990236520767,-0.09240126609802246,0.9982392191886902,-0.05773996189236641,-0.01359229814261198,0.05719975382089615,0.9976677298545837,-0.03724677860736847,0.01571122370660305,0.03640371188521385,0.9992137551307678],"EasingStyle":"Linear","EasingDirection":"In"},"HumanoidRootPart":{"Weight":1,"CFrame":[0,0,0,1,0,0,0,1,0,0,0,1],"EasingStyle":"Linear","EasingDirection":"In"},"Left Arm":{"Weight":1,"CFrame":[-0.5194222331047058,-0.523712158203125,0.06580555438995362,-0.7668521404266357,0.5921630263328552,0.24754926562309266,-0.5591441988945007,-0.8057382702827454,0.19530458748340608,0.31511205434799197,0.01135395560413599,0.9489866495132446],"EasingStyle":"Linear","EasingDirection":"In"}}},{"Time":0.20000000298023225,"poses":{"Left Leg":{"Weight":1,"CFrame":[-0.5086566805839539,0.03455507755279541,0.0074005126953125,0.9838743209838867,-0.1785564422607422,0.01044007670134306,0.17885267734527589,0.9815742373466492,-0.06725993007421494,0.001761946128681302,0.0680425614118576,0.9976808428764343],"EasingStyle":"Linear","EasingDirection":"In"},"Right Arm":{"Weight":1,"CFrame":[0.37994569540023806,-0.46561315655708315,0.27289748191833498,0.3511146605014801,-0.9363314509391785,-0.0014389267889782787,0.6939022541046143,0.25917381048202517,0.6718100309371948,-0.628663957118988,-0.23688091337680818,0.740722119808197],"EasingStyle":"Linear","EasingDirection":"In"},"Head":{"Weight":1,"CFrame":[9.225914254784584e-8,4.6566128730773929e-9,-1.1920928955078126e-7,0.9972753524780273,0.07297881692647934,0.010770538821816445,-0.07226059585809708,0.9957883954048157,-0.056426893919706348,-0.014843142591416836,0.05549486353993416,0.9983487129211426],"EasingStyle":"Linear","EasingDirection":"In"},"Right Leg":{"Weight":1,"CFrame":[0.1778685450553894,0.1948445439338684,0.017185568809509279,0.9841606020927429,0.02762789838016033,-0.1751135289669037,0.0037851263768970968,0.9842817783355713,0.17656457424163819,0.17723920941352845,-0.1744307279586792,0.968586802482605],"EasingStyle":"Linear","EasingDirection":"In"},"Torso":{"Weight":1,"CFrame":[0.07961134612560272,0.048599615693092349,-0.10552716255187988,0.9957097768783569,-0.08962277323007584,-0.023018471896648408,0.08859691768884659,0.9951701760292053,-0.04227416217327118,0.026696020737290384,0.040053434669971469,0.998840868473053],"EasingStyle":"Linear","EasingDirection":"In"},"HumanoidRootPart":{"Weight":1,"CFrame":[0,0,0,1,0,0,0,1,0,0,0,1],"EasingStyle":"Linear","EasingDirection":"In"},"Left Arm":{"Weight":1,"CFrame":[-0.536907970905304,-0.5509788393974304,0.062244415283203128,-0.8377339243888855,0.4822646975517273,0.25616925954818728,-0.45007559657096865,-0.8754285573959351,0.17622987926006318,0.30924734473228457,0.03233805671334267,0.9504317045211792],"EasingStyle":"Linear","EasingDirection":"In"}}},{"Time":0.23333333432674409,"poses":{"Left Leg":{"Weight":1,"CFrame":[-0.5164124369621277,0.039282798767089847,0.007436633110046387,0.9868373870849609,-0.1616700440645218,0.003838145174086094,0.1613815724849701,0.9829971790313721,-0.08759363740682602,0.01038832776248455,0.08706007897853852,0.9961488842964172],"EasingStyle":"Linear","EasingDirection":"In"},"Right Arm":{"Weight":1,"CFrame":[0.3755096197128296,-0.42192161083221438,0.2797725200653076,0.3644225299358368,-0.9312117695808411,-0.006386409047991037,0.6738638877868652,0.2589655816555023,0.6919857263565064,-0.6427314877510071,-0.256478875875473,0.7218829393386841],"EasingStyle":"Linear","EasingDirection":"In"},"Head":{"Weight":1,"CFrame":[8.725328370928765e-8,3.306195139884949e-8,1.1920928955078126e-7,0.9971097111701965,0.07317730039358139,0.020429423078894616,-0.07191618531942368,0.9957905411720276,-0.056826766580343249,-0.024501850828528405,0.05519331619143486,0.9981750845909119],"EasingStyle":"Linear","EasingDirection":"In"},"Right Leg":{"Weight":1,"CFrame":[0.20182307064533235,0.21554714441299439,0.0181429386138916,0.9827699661254883,0.03862220048904419,-0.1807524561882019,-0.0027209522668272259,0.9808418154716492,0.19478702545166017,0.1848127543926239,-0.19093911349773408,0.9640470147132874],"EasingStyle":"Linear","EasingDirection":"In"},"Torso":{"Weight":1,"CFrame":[0.09613597393035889,0.04900553822517395,-0.11675143241882324,0.9935901165008545,-0.10998235642910004,-0.026126155629754068,0.10848397761583328,0.9926769137382507,-0.053139638155698779,0.031779251992702487,0.049964748322963718,0.9982452392578125],"EasingStyle":"Linear","EasingDirection":"In"},"HumanoidRootPart":{"Weight":1,"CFrame":[0,0,0,1,0,0,0,1,0,0,0,1],"EasingStyle":"Linear","EasingDirection":"In"},"Left Arm":{"Weight":1,"CFrame":[-0.5369080901145935,-0.5509786605834961,0.062244296073913577,-0.8590103387832642,0.4410329759120941,0.2599831819534302,-0.4069092571735382,-0.896338939666748,0.17607228457927705,0.3106866478919983,0.045458320528268817,0.9494247436523438],"EasingStyle":"Linear","EasingDirection":"In"}}},{"Time":0.2666666805744171,"poses":{"Left Leg":{"Weight":1,"CFrame":[-0.5152906179428101,0.0460740327835083,0.009693145751953125,0.9898900985717773,-0.14178763329982758,0.0037220665253698828,0.1414666622877121,0.9850755929946899,-0.09804791957139969,0.010235444642603398,0.09758324921131134,0.995174765586853],"EasingStyle":"Linear","EasingDirection":"In"},"Right Arm":{"Weight":1,"CFrame":[0.3742208182811737,-0.3973655700683594,0.2802668809890747,0.3558753728866577,-0.9344286918640137,-0.013992387801408768,0.6645256876945496,0.24249911308288575,0.7068236470222473,-0.65708327293396,-0.260839581489563,0.7072513699531555],"EasingStyle":"Linear","EasingDirection":"In"},"Head":{"Weight":1,"CFrame":[1.1292286217212677e-7,1.3969838619232178e-8,2.384185791015625e-7,0.996944010257721,0.07292954623699188,0.02799854427576065,-0.07123980671167374,0.995816171169281,-0.05722880735993385,-0.032055072486400607,0.05505930259823799,0.9979684352874756],"EasingStyle":"Linear","EasingDirection":"In"},"Right Leg":{"Weight":1,"CFrame":[0.20653238892555238,0.22514879703521729,0.01643955707550049,0.9831131100654602,0.02979569509625435,-0.18055713176727296,0.007478239014744759,0.9792906045913696,0.20232170820236207,0.18284627795219422,-0.2002553641796112,0.9625306129455566],"EasingStyle":"Linear","EasingDirection":"In"},"Torso":{"Weight":1,"CFrame":[0.10844704508781433,0.04710507392883301,-0.12183117866516113,0.9924029111862183,-0.12047701328992844,-0.02493550069630146,0.11862795799970627,0.9907644987106323,-0.0656743124127388,0.03261745348572731,0.062217336148023608,0.9975295066833496],"EasingStyle":"Linear","EasingDirection":"In"},"HumanoidRootPart":{"Weight":1,"CFrame":[0,0,0,1,0,0,0,1,0,0,0,1],"EasingStyle":"Linear","EasingDirection":"In"},"Left Arm":{"Weight":1,"CFrame":[-0.5369080305099487,-0.55097895860672,0.062244415283203128,-0.8660841584205627,0.42686378955841067,0.2601642906665802,-0.3887559175491333,-0.9023093581199646,0.18629737198352815,0.3142722547054291,0.06020871922373772,0.9474217295646668],"EasingStyle":"Linear","EasingDirection":"In"}}},{"Time":0.30000001192092898,"poses":{"Left Leg":{"Weight":1,"CFrame":[-0.505997896194458,0.049303531646728519,0.012782454490661621,0.9924581050872803,-0.12234868109226227,0.007602587342262268,0.12247893214225769,0.9871187210083008,-0.10293524712324143,0.005089279264211655,0.1030900776386261,0.9946590065956116],"EasingStyle":"Linear","EasingDirection":"In"},"Right Arm":{"Weight":1,"CFrame":[0.37333905696868899,-0.38974815607070925,0.28033876419067385,0.33848389983177187,-0.9407793879508972,-0.019049283117055894,0.6627188324928284,0.22397080063819886,0.7145913243293762,-0.6680063605308533,-0.2545020282268524,0.6992827653884888],"EasingStyle":"Linear","EasingDirection":"In"},"Head":{"Weight":1,"CFrame":[8.42846930027008e-8,-2.0489096641540528e-8,-1.7881393432617188e-7,0.9968447685241699,0.07186149805784226,0.03371315076947212,-0.06984493136405945,0.995893657207489,-0.057599011808633807,-0.037713855504989627,0.05506254732608795,0.9977704882621765],"EasingStyle":"Linear","EasingDirection":"In"},"Right Leg":{"Weight":1,"CFrame":[0.20060297846794129,0.22721445560455323,0.013509035110473633,0.9841874837875366,0.012819383293390274,-0.17666557431221009,0.023965319618582727,0.9785696864128113,0.20451663434505464,0.17550142109394074,-0.20551666617393495,0.9627888202667236],"EasingStyle":"Linear","EasingDirection":"In"},"Torso":{"Weight":1,"CFrame":[0.11301000416278839,0.0450420081615448,-0.1210942268371582,0.9919647574424744,-0.12423001229763031,-0.02393362857401371,0.1220976710319519,0.9895972013473511,-0.07608882337808609,0.03313716500997543,0.07255519181489945,0.9968137741088867],"EasingStyle":"Linear","EasingDirection":"In"},"HumanoidRootPart":{"Weight":1,"CFrame":[0,0,0,1,0,0,0,1,0,0,0,1],"EasingStyle":"Linear","EasingDirection":"In"},"Left Arm":{"Weight":1,"CFrame":[-0.5369080901145935,-0.55097895860672,0.062244415283203128,-0.8668245077133179,0.4260406494140625,0.2590460181236267,-0.3842461407184601,-0.9018630385398865,0.19747954607009889,0.3177582323551178,0.07164254784584046,0.9454613327980042],"EasingStyle":"Linear","EasingDirection":"In"}}},{"Time":0.3333333432674408,"poses":{"Left Leg":{"Weight":1,"CFrame":[-0.49593251943588259,0.04961317777633667,0.01655590534210205,0.9935756325721741,-0.11214059591293335,0.015232868492603302,0.11311619728803635,0.9882292747497559,-0.10299424827098847,-0.003503768239170313,0.10405567288398743,0.9945653080940247],"EasingStyle":"Linear","EasingDirection":"In"},"Right Arm":{"Weight":1,"CFrame":[0.3734772205352783,-0.391914963722229,0.2803463935852051,0.32885727286338808,-0.9441787004470825,-0.01947946846485138,0.6626883745193481,0.21602031588554383,0.7170630693435669,-0.6728277206420898,-0.24872031807899476,0.6967360973358154],"EasingStyle":"Linear","EasingDirection":"In"},"Head":{"Weight":1,"CFrame":[8.055940270423889e-8,-7.450580596923828e-9,-1.7881393432617188e-7,0.9968584179878235,0.06959787011146546,0.037809696048498157,-0.06734516471624375,0.9960482120513916,-0.05790173262357712,-0.04169011488556862,0.055173519998788837,0.997606098651886],"EasingStyle":"Linear","EasingDirection":"In"},"Right Leg":{"Weight":1,"CFrame":[0.19551947712898255,0.22508865594863892,0.01077425479888916,0.985628604888916,-0.00025339232524856925,-0.16892652213573457,0.03510310500860214,0.9784772396087647,0.20334705710411073,0.16523931920528413,-0.20635458827018739,0.9644240736961365],"EasingStyle":"Linear","EasingDirection":"In"},"Torso":{"Weight":1,"CFrame":[0.11068430542945862,0.045100629329681399,-0.1183161735534668,0.9921945929527283,-0.12243756651878357,-0.023646170273423196,0.12018714845180512,0.9894887208938599,-0.08041813969612122,0.033243823796510699,0.07694847136735916,0.9964807033538818],"EasingStyle":"Linear","EasingDirection":"In"},"HumanoidRootPart":{"Weight":1,"CFrame":[0,0,0,1,0,0,0,1,0,0,0,1],"EasingStyle":"Linear","EasingDirection":"In"},"Left Arm":{"Weight":1,"CFrame":[-0.5369080901145935,-0.5509788990020752,0.062244415283203128,-0.8662935495376587,0.42744526267051699,0.25850722193717959,-0.3840247094631195,-0.9008209705352783,0.20260021090507508,0.3194692134857178,0.07623802125453949,0.9445249438285828],"EasingStyle":"Linear","EasingDirection":"In"}}},{"Time":0.36666667461395266,"poses":{"Left Leg":{"Weight":1,"CFrame":[-0.48807311058044436,0.04497247934341431,0.019263744354248048,0.9930881261825562,-0.11510956287384033,0.02293313853442669,0.11684124171733856,0.9881014823913574,-0.10001804679632187,-0.011147248558700085,0.10200628638267517,0.9947212934494019],"EasingStyle":"Linear","EasingDirection":"In"},"Right Arm":{"Weight":1,"CFrame":[0.3738001883029938,-0.3966817855834961,0.2803574800491333,0.3231160640716553,-0.9461492896080017,-0.019938811659812928,0.6634472012519836,0.2114463448524475,0.7177244424819946,-0.6748585104942322,-0.24513672292232514,0.6960417628288269],"EasingStyle":"Linear","EasingDirection":"In"},"Head":{"Weight":1,"CFrame":[6.170012056827545e-8,9.313225746154785e-9,4.76837158203125e-7,0.9970120787620544,0.06576195359230042,0.04052470996975899,-0.06335324794054032,0.9962984323501587,-0.05810193717479706,-0.04419559985399246,0.055360980331897739,0.9974877834320068],"EasingStyle":"Linear","EasingDirection":"In"},"Right Leg":{"Weight":1,"CFrame":[0.18994015455245973,0.21878600120544434,0.008808135986328125,0.9870315194129944,-0.0030841012485325338,-0.1604968011379242,0.035804565995931628,0.9788579940795898,0.20138324797153474,0.1564825475215912,-0.20451825857162476,0.966274082660675],"EasingStyle":"Linear","EasingDirection":"In"},"Torso":{"Weight":1,"CFrame":[0.10539467632770539,0.048904240131378177,-0.11366820335388184,0.9925824999809265,-0.11916834115982056,-0.02405996434390545,0.11705754697322846,0.9902493357658386,-0.07552344352006912,0.03282536566257477,0.07214684784412384,0.9968537092208862],"EasingStyle":"Linear","EasingDirection":"In"},"HumanoidRootPart":{"Weight":1,"CFrame":[0,0,0,1,0,0,0,1,0,0,0,1],"EasingStyle":"Linear","EasingDirection":"In"},"Left Arm":{"Weight":1,"CFrame":[-0.5369080901145935,-0.5509787797927856,0.062244415283203128,-0.8634105920791626,0.4330592155456543,0.2588087022304535,-0.3892000913619995,-0.8981707096099854,0.2044817954301834,0.32100701332092287,0.07582323253154755,0.9440367221832275],"EasingStyle":"Linear","EasingDirection":"In"}}},{"Time":0.4000000059604645,"poses":{"Left Leg":{"Weight":1,"CFrame":[-0.46939122676849368,0.03828155994415283,0.02006697654724121,0.9925165772438049,-0.11852653324604035,0.029363807290792466,0.12081940472126007,0.9880781769752502,-0.09541647881269455,-0.01770438812673092,0.09825019538402558,0.9950042366981506],"EasingStyle":"Linear","EasingDirection":"In"},"Right Arm":{"Weight":1,"CFrame":[0.3741706609725952,-0.4014493525028229,0.28036773204803469,0.3109533488750458,-0.9501144886016846,-0.02429991029202938,0.6674506068229675,0.20009854435920716,0.7172658443450928,-0.6766223311424255,-0.23925532400608064,0.6963757872581482],"EasingStyle":"Linear","EasingDirection":"In"},"Head":{"Weight":1,"CFrame":[8.940696716308594e-8,-1.862645149230957e-9,0,0.9973119497299194,0.05997520685195923,0.04209385812282562,-0.057480379939079288,0.9966508150100708,-0.05816654860973358,-0.04544141888618469,0.05559061840176582,0.9974190592765808],"EasingStyle":"Linear","EasingDirection":"In"},"Right Leg":{"Weight":1,"CFrame":[0.20071709156036378,0.20999020338058473,0.008956313133239746,0.9881514310836792,0.01111611071974039,-0.15307927131652833,0.01997828111052513,0.9795725345611572,0.20009656250476838,0.1521766185760498,-0.20078399777412415,0.9677438139915466],"EasingStyle":"Linear","EasingDirection":"In"},"Torso":{"Weight":1,"CFrame":[0.09960976243019104,0.05579051375389099,-0.10732412338256836,0.9929596185684204,-0.11582694947719574,-0.02480575256049633,0.11402496695518494,0.9913686513900757,-0.06470343470573425,0.03208604454994202,0.06141942739486694,0.9975962042808533],"EasingStyle":"Linear","EasingDirection":"In"},"HumanoidRootPart":{"Weight":1,"CFrame":[0,0,0,1,0,0,0,1,0,0,0,1],"EasingStyle":"Linear","EasingDirection":"In"},"Left Arm":{"Weight":1,"CFrame":[-0.5369080901145935,-0.5509787797927856,0.062244415283203128,-0.8554436564445496,0.4480602443218231,0.25972697138786318,-0.4034023582935333,-0.8909777402877808,0.20838730037212373,0.32478100061416628,0.07348903268575669,0.9429298043251038],"EasingStyle":"Linear","EasingDirection":"In"}}},{"Time":0.4333333373069763,"poses":{"Left Leg":{"Weight":1,"CFrame":[-0.42639824748039248,0.03259521722793579,0.01821744441986084,0.9937726855278015,-0.10642339289188385,0.03301322087645531,0.1090373545885086,0.9898256659507752,-0.0914110615849495,-0.02294909581542015,0.09444151818752289,0.9952658414840698],"EasingStyle":"Linear","EasingDirection":"In"},"Right Arm":{"Weight":1,"CFrame":[0.3744514584541321,-0.4036162793636322,0.28037190437316897,0.2818080186843872,-0.9587787389755249,-0.03643479198217392,0.6765327453613281,0.17163518071174622,0.7161318063735962,-0.6803585290908814,-0.22646109759807588,0.6970134973526001],"EasingStyle":"Linear","EasingDirection":"In"},"Head":{"Weight":1,"CFrame":[9.080395102500916e-8,2.1420419216156007e-8,3.5762786865234377e-7,0.9977391362190247,0.05185675993561745,0.04275126755237579,-0.04933523014187813,0.9970930218696594,-0.05806466192007065,-0.045638035982847217,0.055824220180511478,0.9973970055580139],"EasingStyle":"Linear","EasingDirection":"In"},"Right Leg":{"Weight":1,"CFrame":[0.23221656680107118,0.19897371530532838,0.01127779483795166,0.988113522529602,0.038996245712041858,-0.14869780838489533,-0.00846780650317669,0.9796284437179565,0.20063996315002442,0.15349288284778596,-0.19699589908123017,0.9683142900466919],"EasingStyle":"Linear","EasingDirection":"In"},"Torso":{"Weight":1,"CFrame":[0.09613960981369019,0.06369633972644806,-0.0989375114440918,0.9931734204292297,-0.11384524405002594,-0.02541385032236576,0.11236201971769333,0.9922165870666504,-0.053677093237638476,0.03132691979408264,0.05045511573553085,0.9982349276542664],"EasingStyle":"Linear","EasingDirection":"In"},"HumanoidRootPart":{"Weight":1,"CFrame":[0,0,0,1,0,0,0,1,0,0,0,1],"EasingStyle":"Linear","EasingDirection":"In"},"Left Arm":{"Weight":1,"CFrame":[-0.5369080305099487,-0.5509784817695618,0.062244415283203128,-0.8391384482383728,0.47732770442962649,0.26077768206596377,-0.4299194812774658,-0.875758707523346,0.21958158910274507,0.33319053053855898,0.07214585691690445,0.9400952458381653],"EasingStyle":"Linear","EasingDirection":"In"}}},{"Time":0.46666666865348818,"poses":{"Left Leg":{"Weight":1,"CFrame":[-0.35527756810188296,0.03691893815994263,0.01897287368774414,0.9957365393638611,-0.07836048305034638,0.04866744950413704,0.0818379744887352,0.9938849806785584,-0.07413090765476227,-0.042560964822769168,0.07779769599437714,0.9960603713989258],"EasingStyle":"Linear","EasingDirection":"In"},"Right Arm":{"Weight":1,"CFrame":[0.37680360674858096,-0.39004433155059817,0.24162745475769044,0.173958882689476,-0.9742670059204102,-0.1433253139257431,0.7927020192146301,0.05218886956572533,0.6073713302612305,-0.5842618346214294,-0.21927204728126527,0.7813820242881775],"EasingStyle":"Linear","EasingDirection":"In"},"Head":{"Weight":1,"CFrame":[1.0244548320770264e-7,4.190951585769653e-9,1.1920928955078126e-7,0.9985266923904419,0.036124344915151599,0.040492549538612369,-0.033760230988264087,0.9977675676345825,-0.05762101709842682,-0.042483676224946979,0.05616908520460129,0.9975170493125916],"EasingStyle":"Linear","EasingDirection":"In"},"Right Leg":{"Weight":1,"CFrame":[0.28175845742225649,0.18172401189804078,0.013065576553344727,0.9890442490577698,0.0637332946062088,-0.13315239548683167,-0.03796377778053284,0.9814750552177429,0.18779106438159944,0.14265432953834535,-0.18067869544029237,0.9731419086456299],"EasingStyle":"Linear","EasingDirection":"In"},"Torso":{"Weight":1,"CFrame":[0.07517413794994354,0.06974002718925476,-0.08889341354370117,0.9945514798164368,-0.10142379254102707,-0.024095388129353524,0.10024437308311463,0.9939014315605164,-0.04594523087143898,0.028608376160264016,0.04327946901321411,0.9986534118652344],"EasingStyle":"Linear","EasingDirection":"In"},"HumanoidRootPart":{"Weight":1,"CFrame":[0,0,0,1,0,0,0,1,0,0,0,1],"EasingStyle":"Linear","EasingDirection":"In"},"Left Arm":{"Weight":1,"CFrame":[-0.5367995500564575,-0.5743149518966675,0.09235095977783203,-0.7887037396430969,0.5488764643669128,0.276913583278656,-0.485666424036026,-0.8324508666992188,0.2667469382286072,0.3769280016422272,0.07589660584926605,0.9231278896331787],"EasingStyle":"Linear","EasingDirection":"In"}}},{"Time":0.5,"poses":{"Left Leg":{"Weight":1,"CFrame":[-0.26194190979003909,0.050655364990234378,0.022974014282226564,0.9954091906547546,-0.044464126229286197,0.08475619554519654,0.04840817674994469,0.9978107213973999,-0.04506053775548935,-0.08256712555885315,0.04895659163594246,0.9953823089599609],"EasingStyle":"Linear","EasingDirection":"In"},"Right Arm":{"Weight":1,"CFrame":[0.3925820589065552,-0.37647250294685366,0.1682223081588745,-0.07723454385995865,-0.969074547290802,-0.23437045514583589,0.8950219750404358,-0.1709638386964798,0.4119550585746765,-0.4392841160297394,-0.1779496967792511,0.880547285079956],"EasingStyle":"Linear","EasingDirection":"In"},"Head":{"Weight":1,"CFrame":[8.521601557731629e-8,8.265487849712372e-9,-1.1920928955078126e-7,0.9993601441383362,0.011265412904322148,0.0339495949447155,-0.009320374578237534,0.9983355402946472,-0.05691538006067276,-0.034534256905317309,0.056562528014183047,0.9978017210960388],"EasingStyle":"Linear","EasingDirection":"In"},"Right Leg":{"Weight":1,"CFrame":[0.3418935537338257,0.16040295362472535,0.008568048477172852,0.9923263192176819,0.07611637562513352,-0.09744197130203247,-0.059703290462493899,0.9850687384605408,0.1614781767129898,0.10827823728322983,-0.15442144870758058,0.9820539355278015],"EasingStyle":"Linear","EasingDirection":"In"},"Torso":{"Weight":1,"CFrame":[0.042596787214279178,0.07438063621520996,-0.08064746856689453,0.9973806738853455,-0.06973987817764282,-0.019192252308130266,0.06891249865293503,0.9967864751815796,-0.04083877429366112,0.021978670731186868,0.03940921276807785,0.9989814162254334],"EasingStyle":"Linear","EasingDirection":"In"},"HumanoidRootPart":{"Weight":1,"CFrame":[0,0,0,1,0,0,0,1,0,0,0,1],"EasingStyle":"Linear","EasingDirection":"In"},"Left Arm":{"Weight":1,"CFrame":[-0.5360402464866638,-0.6176531910896301,0.1572190523147583,-0.6525304913520813,0.6973777413368225,0.2964264750480652,-0.5932161211967468,-0.7135263681411743,0.3727932572364807,0.4714857339859009,0.06741395592689514,0.8792932629585266],"EasingStyle":"Linear","EasingDirection":"In"}}},{"Time":0.5333333611488342,"poses":{"Left Leg":{"Weight":1,"CFrame":[-0.16596640646457673,0.07068383693695069,0.024390220642089845,0.9911794662475586,-0.014549029059708119,0.1317257583141327,0.016224810853600503,0.9998005032539368,-0.011657528579235077,-0.13152986764907838,0.0136919766664505,0.9912176728248596],"EasingStyle":"Linear","EasingDirection":"In"},"Right Arm":{"Weight":1,"CFrame":[0.43034449219703677,-0.40373915433883669,0.11266946792602539,-0.3704839050769806,-0.898248016834259,-0.2364153265953064,0.8493767976760864,-0.4306381940841675,0.30513906478881838,-0.3759000897407532,-0.08775655925273895,0.9224955439567566],"EasingStyle":"Linear","EasingDirection":"In"},"Head":{"Weight":1,"CFrame":[8.67876224219799e-8,5.75528247281909e-9,-2.384185791015625e-7,0.9995526075363159,-0.017412586137652398,0.02432136796414852,0.018759464845061303,0.9982379078865051,-0.05629504844546318,-0.023298265412449838,0.05672610551118851,0.998117983341217],"EasingStyle":"Linear","EasingDirection":"In"},"Right Leg":{"Weight":1,"CFrame":[0.39999839663505556,0.1399124264717102,-0.002870798110961914,0.9956540465354919,0.07833553105592728,-0.0503646656870842,-0.07128918915987015,0.9890709519386292,0.1290600597858429,0.05992429330945015,-0.12490881234407425,0.990356981754303],"EasingStyle":"Linear","EasingDirection":"In"},"Torso":{"Weight":1,"CFrame":[0.011215504258871079,0.07785214483737946,-0.07713913917541504,0.9995830059051514,-0.026873789727687837,-0.010574541985988617,0.02645445242524147,0.998928427696228,-0.03797578439116478,0.011583763174712658,0.03768019750714302,0.9992228150367737],"EasingStyle":"Linear","EasingDirection":"In"},"HumanoidRootPart":{"Weight":1,"CFrame":[0,0,0,1,0,0,0,1,0,0,0,1],"EasingStyle":"Linear","EasingDirection":"In"},"Left Arm":{"Weight":1,"CFrame":[-0.5339791178703308,-0.6409891247749329,0.21867108345031739,-0.3715527653694153,0.8920690417289734,0.2572183907032013,-0.7268001437187195,-0.45186862349510195,0.5172778367996216,0.5776764154434204,0.005249669309705496,0.8162489533424377],"EasingStyle":"Linear","EasingDirection":"In"}}},{"Time":0.5666666626930237,"poses":{"Left Leg":{"Weight":1,"CFrame":[-0.11909982562065125,0.09928905963897705,0.0253756046295166,0.9851965308189392,-0.016102341935038568,0.17067083716392518,0.011928047053515911,0.9996048212051392,0.02545534446835518,-0.17101332545280457,-0.02304271049797535,0.9849992990493774],"EasingStyle":"Linear","EasingDirection":"In"},"Right Arm":{"Weight":1,"CFrame":[0.47826647758483889,-0.4637252986431122,0.08057236671447754,-0.6167528629302979,-0.7493517398834229,-0.24101440608501435,0.7118918299674988,-0.6616470813751221,0.2354426085948944,-0.3358958065509796,-0.026366323232650758,0.9415301084518433],"EasingStyle":"Linear","EasingDirection":"In"},"Head":{"Weight":1,"CFrame":[8.993083611130715e-8,4.94765117764473e-10,0,0.9989242553710938,-0.04456252604722977,0.012832868844270707,0.0452142171561718,0.997406542301178,-0.05599892511963844,-0.010304133407771588,0.05651892349123955,0.9983483552932739],"EasingStyle":"Linear","EasingDirection":"In"},"Right Leg":{"Weight":1,"CFrame":[0.447365403175354,0.12303996086120606,-0.012655317783355713,0.9966589212417603,0.08073531091213227,-0.01236627995967865,-0.07927465438842774,0.9926435351371765,0.091512031853199,0.019663633778691293,-0.09022597968578339,0.9957272410392761],"EasingStyle":"Linear","EasingDirection":"In"},"Torso":{"Weight":1,"CFrame":[-0.015735039487481118,0.07435081899166107,-0.0815725326538086,0.9998419284820557,0.017740216106176378,0.001259022275917232,-0.017681533470749856,0.9991593360900879,-0.03698703646659851,-0.0019141222583130003,0.03695892170071602,0.9993149638175964],"EasingStyle":"Linear","EasingDirection":"In"},"HumanoidRootPart":{"Weight":1,"CFrame":[0,0,0,1,0,0,0,1,0,0,0,1],"EasingStyle":"Linear","EasingDirection":"In"},"Left Arm":{"Weight":1,"CFrame":[-0.48364052176475527,-0.603624701499939,0.24882447719573975,0.018812058493494989,0.9914411306381226,0.12919239699840547,-0.780642569065094,-0.06616955250501633,0.6214651465415955,0.6246947050094605,-0.11254417896270752,0.7727162837982178],"EasingStyle":"Linear","EasingDirection":"In"}}},{"Time":0.6000000238418579,"poses":{"Left Leg":{"Weight":1,"CFrame":[-0.14794030785560609,0.13124483823776246,0.0333939790725708,0.9797279834747315,-0.060206338763237,0.19107158482074738,0.048929665237665179,0.9968007206916809,0.06320101767778397,-0.1942654550075531,-0.05257074907422066,0.9795393347740173],"EasingStyle":"Linear","EasingDirection":"In"},"Right Arm":{"Weight":1,"CFrame":[0.5194275975227356,-0.5237122774124146,0.06580555438995362,-0.773094117641449,-0.5835039615631104,-0.24869376420974732,0.5504604578018189,-0.812004804611206,0.19401444494724275,-0.3151487708091736,0.013095264323055745,0.9489519596099854],"EasingStyle":"Linear","EasingDirection":"In"},"Head":{"Weight":1,"CFrame":[9.255018085241318e-8,-1.3969838619232178e-9,-2.980232238769531e-7,0.9978949427604675,-0.06484808027744293,0.0007244660519063473,0.06478656083345413,0.9963218569755554,-0.056085728108882907,0.0029152482748031618,0.05601460859179497,0.9984257221221924],"EasingStyle":"Linear","EasingDirection":"In"},"Right Leg":{"Weight":1,"CFrame":[0.47460582852363589,0.11044073104858399,-0.014193892478942871,0.9964450597763062,0.08405174314975739,0.00570887653157115,-0.08423517644405365,0.9950904846191406,0.05195746198296547,-0.0013136595953255892,-0.05225370451807976,0.9986329674720764],"EasingStyle":"Linear","EasingDirection":"In"},"Torso":{"Weight":1,"CFrame":[-0.03872136399149895,0.06431291997432709,-0.09240126609802246,0.9982390403747559,0.05774011090397835,0.013599267229437828,-0.057199642062187198,0.9976677298545837,-0.03724697232246399,-0.015718193724751474,0.036403506994247439,0.9992135763168335],"EasingStyle":"Linear","EasingDirection":"In"},"HumanoidRootPart":{"Weight":1,"CFrame":[0,0,0,1,0,0,0,1,0,0,0,1],"EasingStyle":"Linear","EasingDirection":"In"},"Left Arm":{"Weight":1,"CFrame":[-0.4093705415725708,-0.5292065143585205,0.26097726821899416,0.27527230978012087,0.9610138535499573,0.026033131405711175,-0.732711911201477,0.19219271838665009,0.652836263179779,0.6223812699317932,-0.1987825185060501,0.7570517063140869],"EasingStyle":"Linear","EasingDirection":"In"}}},{"Time":0.6333333253860474,"poses":{"Left Leg":{"Weight":1,"CFrame":[-0.19901993870735169,0.15729814767837525,0.04179227352142334,0.9742717742919922,-0.10941579937934876,0.19703519344329835,0.09198565781116486,0.9911637902259827,0.09556622058153153,-0.20575064420700074,-0.07498300075531006,0.9757276177406311],"EasingStyle":"Linear","EasingDirection":"In"},"Right Arm":{"Weight":1,"CFrame":[0.5369080901145935,-0.5509787797927856,0.062244296073913577,-0.837734043598175,-0.48226478695869448,-0.2561691403388977,0.45007550716400149,-0.8754285573959351,0.17623013257980348,-0.30924731492996218,0.03233840689063072,0.9504316449165344],"