{"Sequence":[{"Time":0,"poses":{"Left Leg":{"Weight":1,"CFrame":[-0.10595130920410156,0.14152348041534425,0.10454118251800537,0.8788414597511292,-0.1321127563714981,0.4584583342075348,0.0924147292971611,0.989837110042572,0.10808441042900086,-0.4680783152580261,-0.052620720118284228,0.8821189999580383],"EasingStyle":"Linear","EasingDirection":"In"},"Right Arm":{"Weight":1,"CFrame":[0.12497144937515259,-0.46886178851127627,-0.1736167073249817,0.3589271605014801,-0.8659281134605408,0.34833890199661257,0.9135757684707642,0.24948909878730775,-0.3211458921432495,0.19118253886699677,0.43350186944007876,0.8806391954421997],"EasingStyle":"Linear","EasingDirection":"In"},"Head":{"Weight":1,"CFrame":[8.521601557731629e-8,-2.384185791015625e-7,2.384185791015625e-7,0.9943969249725342,0.10121564567089081,-0.03050071746110916,-0.10529489070177078,0.9739432334899902,-0.2008671909570694,0.00937506090849638,0.2029532641172409,0.9791435599327087],"EasingStyle":"Linear","EasingDirection":"In"},"Right Leg":{"Weight":1,"CFrame":[0.49063611030578616,0.16410565376281739,0.01993739604949951,0.9846199750900269,0.14312785863876344,-0.10019008815288544,-0.12947146594524384,0.9828087687492371,0.13162103295326234,0.11730633676052094,-0.11662496626377106,0.9862241148948669],"EasingStyle":"Linear","EasingDirection":"In"},"Torso":{"Weight":1,"CFrame":[0.013776164501905442,0.07546809315681458,-0.08577489852905274,0.9928091168403626,0.11970371752977371,0.001048330101184547,-0.11961846053600311,0.9923651814460754,-0.030046898871660234,-0.004637051839381456,0.029705435037612916,0.9995479583740234],"EasingStyle":"Linear","EasingDirection":"In"},"HumanoidRootPart":{"Weight":0,"CFrame":[0,0,0,1,0,0,0,1,0,0,0,1],"EasingStyle":"Linear","EasingDirection":"In"},"Left Arm":{"Weight":1,"CFrame":[-0.6785407662391663,-0.8549250364303589,-0.3393716812133789,-0.772731602191925,0.5064249038696289,-0.38264840841293337,-0.5283575654029846,-0.17912736535072328,0.8299106955528259,0.3517445921897888,0.8434733748435974,0.40599071979522707],"EasingStyle":"Linear","EasingDirection":"In"}}},{"Time":0.0416666679084301,"poses":{"Left Leg":{"Weight":1,"CFrame":[-0.12449470162391663,0.14419645071029664,0.11793780326843262,0.8742639422416687,-0.14130300283432008,0.4644309878349304,0.10926954448223114,0.9894293546676636,0.09534011036157608,-0.47299355268478396,-0.03260418772697449,0.8804625272750855],"EasingStyle":"Linear","EasingDirection":"In"},"Right Arm":{"Weight":1,"CFrame":[0.10283922404050827,-0.4583188593387604,-0.17112314701080323,0.367377907037735,-0.8717904090881348,0.3240603506565094,0.9080530405044556,0.26083821058273318,-0.327724426984787,0.20117971301078797,0.41466259956359866,0.8874579668045044],"EasingStyle":"Linear","EasingDirection":"In"},"Head":{"Weight":1,"CFrame":[8.66129994392395e-8,-2.5867484509944918e-7,-1.1920928955078126e-7,0.9944168329238892,0.1007005050778389,-0.031537845730781558,-0.10496341437101364,0.9746823906898499,-0.1974262148141861,0.010858465917408467,0.19963428378105164,0.9798102974891663],"EasingStyle":"Linear","EasingDirection":"In"},"Right Leg":{"Weight":1,"CFrame":[0.5639470219612122,0.21391159296035767,-0.06214100122451782,0.990127682685852,0.13575425744056703,0.03490043431520462,-0.14016541838645936,0.9606277346611023,0.23989175260066987,-0.0009599646436981857,-0.24241530895233155,0.9701721668243408],"EasingStyle":"Linear","EasingDirection":"In"},"Torso":{"Weight":1,"CFrame":[0.02833680436015129,0.0752909928560257,-0.09853339195251465,0.9928196668624878,0.11958512663841248,-0.002910628914833069,-0.11961833387613297,0.9923598170280457,-0.030224008485674859,-0.0007259500562213361,0.03035515546798706,0.9995388984680176],"EasingStyle":"Linear","EasingDirection":"In"},"HumanoidRootPart":{"Weight":0,"CFrame":[0,0,0,1,0,0,0,1,0,0,0,1],"EasingStyle":"Linear","EasingDirection":"In"},"Left Arm":{"Weight":1,"CFrame":[-0.6721724271774292,-0.9099937081336975,-0.3214845657348633,-0.7878850102424622,0.47086066007614138,-0.3968973457813263,-0.4953801929950714,-0.1017279252409935,0.8626992702484131,0.36583560705184939,0.876322865486145,0.31340491771698],"EasingStyle":"Linear","EasingDirection":"In"}}},{"Time":0.0833333358168602,"poses":{"Left Leg":{"Weight":1,"CFrame":[-0.12803663313388825,0.13989251852035523,0.12223076820373535,0.8729879856109619,-0.14249123632907868,0.4664635956287384,0.11616026610136032,0.989595353603363,0.08489879220724106,-0.4737076759338379,-0.019931063055992128,0.8804566860198975],"EasingStyle":"Linear","EasingDirection":"In"},"Right Arm":{"Weight":1,"CFrame":[0.054019659757614139,-0.438738077878952,-0.1576322317123413,0.3930121660232544,-0.8841790556907654,0.2525247633457184,0.8990640044212341,0.3118673861026764,-0.307282954454422,0.192938894033432,0.3478018045425415,0.9175011515617371],"EasingStyle":"Linear","EasingDirection":"In"},"Head":{"Weight":1,"CFrame":[8.42846930027008e-8,-2.896413207054138e-7,2.384185791015625e-7,0.9946025609970093,0.09913808107376099,-0.03061678446829319,-0.10315997153520584,0.9764760136604309,-0.18934796750545503,0.011124962940812111,0.1914844512939453,0.9814326167106628],"EasingStyle":"Linear","EasingDirection":"In"},"Right Leg":{"Weight":1,"CFrame":[0.6546379327774048,0.21054589748382569,-0.19567114114761353,0.9535126686096191,0.11109446734189987,0.2801278829574585,-0.20371389389038087,0.922624945640564,0.3275116980075836,-0.22206813097000123,-0.3693525791168213,0.9023659825325012],"EasingStyle":"Linear","EasingDirection":"In"},"Torso":{"Weight":1,"CFrame":[0.03814586251974106,0.07546810060739517,-0.10193085670471192,0.9928147792816162,0.11946532875299454,-0.006848282180726528,-0.1196184828877449,0.9923651814460754,-0.03004690632224083,0.003206433728337288,0.030650192871689798,0.9995250105857849],"EasingStyle":"Linear","EasingDirection":"In"},"HumanoidRootPart":{"Weight":0,"CFrame":[0,0,0,1,0,0,0,1,0,0,0,1],"EasingStyle":"Linear","EasingDirection":"In"},"Left Arm":{"Weight":1,"CFrame":[-0.6323732137680054,-0.930281937122345,-0.26623857021331789,-0.7755466103553772,0.4754461646080017,-0.4153052568435669,-0.5011172294616699,-0.06354782730340958,0.8630430698394775,0.3839387893676758,0.8774467706680298,0.28753846883773806],"EasingStyle":"Linear","EasingDirection":"In"}}},{"Time":0.125,"poses":{"Left Leg":{"Weight":1,"CFrame":[-0.124884232878685,0.1418309211730957,0.12012207508087158,0.8729026913642883,-0.14165912568569184,0.4668765366077423,0.11245828866958618,0.9895726442337036,0.08999548852443695,-0.4747568964958191,-0.02605312503874302,0.879731297492981],"EasingStyle":"Linear","EasingDirection":"In"},"Right Arm":{"Weight":1,"CFrame":[0.004878543317317963,-0.42819496989250185,-0.12412911653518677,0.4442996382713318,-0.885393500328064,0.13666129112243653,0.8889297246932983,0.4167318344116211,-0.19010165333747865,0.11136364936828613,0.2059442549943924,0.9722062945365906],"EasingStyle":"Linear","EasingDirection":"In"},"Head":{"Weight":1,"CFrame":[8.638016879558563e-8,-2.705492079257965e-7,0,0.9948068261146545,0.09578923135995865,-0.03440796956419945,-0.1004115492105484,0.978916347026825,-0.17787732183933259,0.016643794253468515,0.1804085075855255,0.9834510087966919],"EasingStyle":"Linear","EasingDirection":"In"},"Right Leg":{"Weight":1,"CFrame":[0.6849539279937744,0.19084376096725465,-0.2611679434776306,0.910468578338623,0.09279845654964447,0.403033047914505,-0.24474787712097169,0.9064399600028992,0.34418776631355288,-0.33338499069213869,-0.41201359033584597,0.8479971885681152],"EasingStyle":"Linear","EasingDirection":"In"},"Torso":{"Weight":1,"CFrame":[0.03416086733341217,0.07549630105495453,-0.09975337982177735,0.9928227066993713,0.1195087805390358,-0.004559272900223732,-0.11959202587604523,0.9923692941665649,-0.030018696561455728,0.0009369847248308361,0.03034849837422371,0.9995389580726624],"EasingStyle":"Linear","EasingDirection":"In"},"HumanoidRootPart":{"Weight":0,"CFrame":[0,0,0,1,0,0,0,1,0,0,0,1],"EasingStyle":"Linear","EasingDirection":"In"},"Left Arm":{"Weight":1,"CFrame":[-0.5281015634536743,-0.9331809878349304,-0.17125684022903443,-0.7235184907913208,0.5180996060371399,-0.4561730921268463,-0.5475408434867859,-0.02829207479953766,0.8363005518913269,0.4203808307647705,0.8548521995544434,0.30415046215057375],"EasingStyle":"Linear","EasingDirection":"In"}}},{"Time":0.1666666716337204,"poses":{"Left Leg":{"Weight":1,"CFrame":[-0.12149973213672638,0.14521288871765138,0.11387741565704346,0.8764321208000183,-0.1397797167301178,0.46079087257385256,0.10442434996366501,0.9893401265144348,0.10149676352739334,-0.47006621956825259,-0.04083721712231636,0.8816859722137451],"EasingStyle":"Linear","EasingDirection":"In"},"Right Arm":{"Weight":1,"CFrame":[-0.024581745266914369,-0.44837257266044619,-0.06686383485794068,0.5595519542694092,-0.824141263961792,0.08770881593227387,0.8147020936012268,0.5663812756538391,0.1243898794054985,-0.15219153463840486,0.0018538844306021929,0.9883493781089783],"EasingStyle":"Linear","EasingDirection":"In"},"Head":{"Weight":1,"CFrame":[9.12696123123169e-8,-2.866145223379135e-7,-4.76837158203125e-7,0.9949338436126709,0.0920637920498848,-0.04038490355014801,-0.09748406708240509,0.981669545173645,-0.16377417743206025,0.024566948413848878,0.16688133776187898,0.9856709241867065],"EasingStyle":"Linear","EasingDirection":"In"},"Right Leg":{"Weight":1,"CFrame":[0.6324952840805054,0.198297381401062,-0.1367287039756775,0.9611298441886902,0.1076434776186943,0.25424882769584658,-0.18354521691799165,0.9370288848876953,0.29713311791419985,-0.20625397562980653,-0.33224964141845705,0.9203637838363648],"EasingStyle":"Linear","EasingDirection":"In"},"Torso":{"Weight":1,"CFrame":[0.02780941314995289,0.07552467286586762,-0.093994140625,0.9928168654441834,0.1196414977312088,0.0007409964455291629,-0.11956563591957092,0.9923733472824097,-0.02999032475054264,-0.004323431756347418,0.029686307534575464,0.999549925327301],"EasingStyle":"Linear","EasingDirection":"In"},"HumanoidRootPart":{"Weight":0,"CFrame":[0,0,0,1,0,0,0,1,0,0,0,1],"EasingStyle":"Linear","EasingDirection":"In"},"Left Arm":{"Weight":1,"CFrame":[-0.3492306172847748,-0.8690823316574097,-0.0424533486366272,-0.526515543460846,0.6257696151733398,-0.5754944682121277,-0.6857869029045105,0.08746521919965744,0.7225276231765747,0.5024716854095459,0.7750885486602783,0.3830927908420563],"EasingStyle":"Linear","EasingDirection":"In"}}},{"Time":0.2083333283662796,"poses":{"Left Leg":{"Weight":1,"CFrame":[-0.13828521966934205,0.14709991216659547,0.10061705112457276,0.8971701264381409,-0.1391022652387619,0.4192093312740326,0.09846600145101547,0.9882174730300903,0.11717889457941055,-0.4305698871612549,-0.06385152041912079,0.9002958536148071],"EasingStyle":"Linear","EasingDirection":"In"},"Right Arm":{"Weight":1,"CFrame":[-0.03981301933526993,-0.4836386740207672,-0.003146648406982422,0.6366240978240967,-0.7431052923202515,0.20616552233695985,0.631187379360199,0.6556936502456665,0.4143288731575012,-0.4430714547634125,-0.13364280760288239,0.8864690065383911],"EasingStyle":"Linear","EasingDirection":"In"},"Head":{"Weight":1,"CFrame":[9.452924132347107e-8,-2.8405338525772097e-7,-2.384185791015625e-7,0.9949260950088501,0.08904318511486054,-0.04683517664670944,-0.09505784511566162,0.9844576120376587,-0.14767339825630189,0.03295792266726494,0.1513761579990387,0.987926721572876],"EasingStyle":"Linear","EasingDirection":"In"},"Right Leg":{"Weight":1,"CFrame":[0.47780805826187136,0.1765608787536621,0.06582832336425781,0.992706835269928,0.11129915714263916,-0.046321332454681399,-0.10018645226955414,0.9753713011741638,0.19650320708751679,0.06705120205879212,-0.19042931497097016,0.9794085025787354],"EasingStyle":"Linear","EasingDirection":"In"},"Torso":{"Weight":1,"CFrame":[0.027496393769979478,0.07546810060739517,-0.08579683303833008,0.9927669763565064,0.11986985057592392,0.006701981648802757,-0.1196184903383255,0.9923651814460754,-0.03004690632224083,-0.010252530686557293,0.029027896001935006,0.9995260238647461],"EasingStyle":"Linear","EasingDirection":"In"},"HumanoidRootPart":{"Weight":0,"CFrame":[0,0,0,1,0,0,0,1,0,0,0,1],"EasingStyle":"Linear","EasingDirection":"In"},"Left Arm":{"Weight":1,"CFrame":[-0.16929322481155396,-0.7431051731109619,0.08109474182128906,-0.16475196182727815,0.710459291934967,-0.6841815710067749,-0.8116013407707214,0.29653504490852358,0.5033590793609619,0.560499906539917,0.6382120847702026,0.5277548432350159],"EasingStyle":"Linear","EasingDirection":"In"}}},{"Time":0.25,"poses":{"Left Leg":{"Weight":1,"CFrame":[-0.1935652792453766,0.14595961570739747,0.07190132141113281,0.9417008757591248,-0.1411130130290985,0.3054286539554596,0.10200121998786926,0.9848113656044006,0.14050757884979249,-0.32061710953712466,-0.10116197913885117,0.9417913556098938],"EasingStyle":"Linear","EasingDirection":"In"},"Right Arm":{"Weight":1,"CFrame":[-0.05072943866252899,-0.5042757987976074,0.048491597175598147,0.6270480751991272,-0.6999056935310364,0.3419688940048218,0.4912538230419159,0.6959930062294006,0.5237017869949341,-0.604549765586853,-0.16039276123046876,0.7802523374557495],"EasingStyle":"Linear","EasingDirection":"In"},"Head":{"Weight":1,"CFrame":[8.42846930027008e-8,-2.766028046607971e-7,-1.1920928955078126e-7,0.9949631690979004,0.08567370474338532,-0.05204155296087265,-0.09185504168272019,0.9871018528938294,-0.13112115859985352,0.0401366651058197,0.13524098694324494,0.9899994730949402],"EasingStyle":"Linear","EasingDirection":"In"},"Right Leg":{"Weight":1,"CFrame":[0.3632597029209137,0.13996738195419312,0.14547860622406007,0.9741707444190979,0.09614481776952744,-0.20432256162166596,-0.06904606521129608,0.9883192777633667,0.1358593851327896,0.21499817073345185,-0.11824260652065277,0.9694300889968872],"EasingStyle":"Linear","EasingDirection":"In"},"Torso":{"Weight":1,"CFrame":[0.032173700630664828,0.07601308822631836,-0.07609701156616211,0.992443859577179,0.12217053771018982,0.011379286646842957,-0.12179204076528549,0.9921171069145203,-0.02950190380215645,-0.014893847517669201,0.027893079444766046,0.9994999766349793],"EasingStyle":"Linear","EasingDirection":"In"},"HumanoidRootPart":{"Weight":0,"CFrame":[0,0,0,1,0,0,0,1,0,0,0,1],"EasingStyle":"Linear","EasingDirection":"In"},"Left Arm":{"Weight":1,"CFrame":[-0.0827365443110466,-0.6547268629074097,0.15201914310455323,0.04874245449900627,0.7172513604164124,-0.6951077580451965,-0.8313191533088684,0.414898157119751,0.3698214590549469,0.5536538362503052,0.5598304271697998,0.6164879202842712],"EasingStyle":"Linear","EasingDirection":"In"}}},{"Time":0.2916666567325592,"poses":{"Left Leg":{"Weight":1,"CFrame":[-0.24506080150604249,0.12913763523101808,0.01855778694152832,0.9844767451286316,-0.12919950485229493,0.1187986209988594,0.10847064852714539,0.9799894094467163,0.1668979972600937,-0.13798454403877259,-0.15142107009887696,0.9787911176681519],"EasingStyle":"Linear","EasingDirection":"In"},"Right Arm":{"Weight":1,"CFrame":[-0.05964139848947525,-0.5132996439933777,0.0857018232345581,0.6039422154426575,-0.6744500398635864,0.42470118403434756,0.4004009962081909,0.7174757122993469,0.5700065493583679,-0.689153790473938,-0.17420046031475068,0.703364372253418],"EasingStyle":"Linear","EasingDirection":"In"},"Head":{"Weight":1,"CFrame":[8.102506399154663e-8,-2.630986273288727e-7,-4.172325134277344e-7,0.9953042268753052,0.07933700084686279,-0.055453650653362277,-0.08547953516244888,0.9892122149467468,-0.11896417289972305,0.045417167246341708,0.123145692050457,0.9913488030433655],"EasingStyle":"Linear","EasingDirection":"In"},"Right Leg":{"Weight":1,"CFrame":[0.3501451015472412,0.12541550397872926,0.14179670810699464,0.9762722849845886,0.08970014750957489,-0.19709496200084687,-0.06404896080493927,0.9890606999397278,0.13287846744060517,0.20685820281505586,-0.11710187047719956,0.9713376760482788],"EasingStyle":"Linear","EasingDirection":"In"},"Torso":{"Weight":1,"CFrame":[0.0353851392865181,0.08095954358577728,-0.06516695022583008,0.9915624260902405,0.128806471824646,0.01459072157740593,-0.12842600047588349,0.9914150238037109,-0.024555454030632974,-0.017628362402319909,0.022474437952041627,0.9995920062065125],"EasingStyle":"Linear","EasingDirection":"In"},"HumanoidRootPart":{"Weight":0,"CFrame":[0,0,0,1,0,0,0,1,0,0,0,1],"EasingStyle":"Linear","EasingDirection":"In"},"Left Arm":{"Weight":1,"CFrame":[-0.07627400755882263,-0.6266536712646484,0.17423689365386964,0.021304091438651086,0.7308774590492249,-0.6821762323379517,-0.8436741232872009,0.37925025820732119,0.379977822303772,0.5364327430725098,0.5674392580986023,0.624701976776123],"EasingStyle":"Linear","EasingDirection":"In"}}},{"Time":0.3333333432674408,"poses":{"Left Leg":{"Weight":1,"CFrame":[-0.20935094356536866,0.11724531650543213,0.018758177757263185,0.9829735159873962,-0.1319492757320404,0.12787742912769319,0.10959777981042862,0.9796159863471985,0.16834767162799836,-0.14748413860797883,-0.1514662504196167,0.9773977994918823],"EasingStyle":"Linear","EasingDirection":"In"},"Right Arm":{"Weight":1,"CFrame":[-0.06695803254842758,-0.5219097137451172,0.11018037796020508,0.5830079317092896,-0.6641718745231628,0.46795031428337099,0.3528650403022766,0.7257968187332153,0.590512752532959,-0.7318387627601624,-0.17915040254592896,0.6575083136558533],"EasingStyle":"Linear","EasingDirection":"In"},"Head":{"Weight":1,"CFrame":[9.12696123123169e-8,-2.761371433734894e-7,3.5762786865234377e-7,0.9959792494773865,0.0694415271282196,-0.05659843981266022,-0.07568011432886124,0.990269124507904,-0.11678893864154816,0.047937680035829547,0.12060272693634033,0.9915428161621094],"EasingStyle":"Linear","EasingDirection":"In"},"Right Leg":{"Weight":1,"CFrame":[0.34032756090164187,0.10981136560440064,0.13583600521087647,0.9788416624069214,0.08978044986724854,-0.18387065827846528,-0.06557861715555191,0.9888463616371155,0.13372468948364259,0.19382581114768983,-0.11883734911680222,0.9738117456436157],"EasingStyle":"Linear","EasingDirection":"In"},"Torso":{"Weight":1,"CFrame":[0.037518274039030078,0.09490535408258438,-0.053252458572387698,0.9899817705154419,0.14020207524299622,0.016723856329917909,-0.14003810286521913,0.9900892972946167,-0.010609651915729046,-0.018045607954263688,0.008161383680999279,0.9998038411140442],"EasingStyle":"Linear","EasingDirection":"In"},"HumanoidRootPart":{"Weight":0,"CFrame":[0,0,0,1,0,0,0,1,0,0,0,1],"EasingStyle":"Linear","EasingDirection":"In"},"Left Arm":{"Weight":1,"CFrame":[-0.07295539975166321,-0.6122369766235352,0.18564605712890626,-0.049241699278354648,0.7489000558853149,-0.660851001739502,-0.8603289723396301,0.3042975962162018,0.4089464247226715,0.5073553919792175,0.5886863470077515,0.6293162703514099],"EasingStyle":"Linear","EasingDirection":"In"}}},{"Time":0.375,"poses":{"Left Leg":{"Weight":1,"CFrame":[-0.1635146588087082,0.09406131505966187,0.01715397834777832,0.9735062122344971,-0.18834570050239564,0.12965993583202363,0.16424235701560975,0.9704859256744385,0.17658354341983796,-0.15909188985824586,-0.15060952305793763,0.9757082462310791],"EasingStyle":"Linear","EasingDirection":"In"},"Right Arm":{"Weight":1,"CFrame":[-0.07308875769376755,-0.5413059592247009,0.12362337112426758,0.5662885308265686,-0.6675899028778076,0.48336437344551089,0.33198314905166628,0.7215347290039063,0.6075975298881531,-0.7543902397155762,-0.18360672891139985,0.6302254796028137],"EasingStyle":"Linear","EasingDirection":"In"},"Head":{"Weight":1,"CFrame":[9.685754776000977e-8,-2.691522240638733e-7,-3.5762786865234377e-7,0.9968762993812561,0.059219975024461749,-0.052256084978580478,-0.06757845729589462,0.982015073299408,-0.17629437148571015,0.04087609797716141,0.17927506566047669,0.982949435710907],"EasingStyle":"Linear","EasingDirection":"In"},"Right Leg":{"Weight":1,"CFrame":[0.3517434895038605,0.07928740978240967,0.12973487377166749,0.974869966506958,0.1558447927236557,-0.15918868780136109,-0.13275077939033509,0.9802356958389282,0.14668062329292298,0.17890188097953797,-0.12186214327812195,0.9762908816337586],"EasingStyle":"Linear","EasingDirection":"In"},"Torso":{"Weight":1,"CFrame":[0.03584013134241104,0.16909152269363404,-0.04498720169067383,0.9878779053688049,0.15353752672672273,0.02288036048412323,-0.1547057330608368,0.9859074354171753,0.06366202980279923,-0.012783403508365155,-0.06643003970384598,0.9977092146873474],"EasingStyle":"Linear","EasingDirection":"In"},"HumanoidRootPart":{"Weight":0,"CFrame":[0,0,0,1,0,0,0,1,0,0,0,1],"EasingStyle":"Linear","EasingDirection":"In"},"Left Arm":{"Weight":1,"CFrame":[-0.0717327669262886,-0.6069266200065613,0.1898493766784668,-0.12165676057338715,0.7596290111541748,-0.6388766765594482,-0.8696091771125794,0.22873520851135255,0.43756139278411868,0.4785180687904358,0.6088053584098816,0.6327531933784485],"EasingStyle":"Linear","EasingDirection":"In"}}},{"Time":0.4166666567325592,"poses":{"Left Leg":{"Weight":1,"CFrame":[-0.15708673000335694,0.10160195827484131,0.016858935356140138,0.9744581580162048,-0.17707598209381104,0.13811391592025758,0.15007057785987855,0.9710016846656799,0.18610379099845887,-0.1670634001493454,-0.16062356531620027,0.9727743864059448],"EasingStyle":"Linear","EasingDirection":"In"},"Right Arm":{"Weight":1,"CFrame":[-0.07844278961420059,-0.582686185836792,0.12772750854492188,0.5502344369888306,-0.6838806867599487,0.4791131615638733,0.3184907138347626,0.7022903561592102,0.6366726160049439,-0.771884560585022,-0.1977260708808899,0.604233980178833],"EasingStyle":"Linear","EasingDirection":"In"},"Head":{"Weight":1,"CFrame":[9.313225746154785e-8,-2.7567148208618166e-7,-2.384185791015625e-7,0.996407687664032,0.05892106145620346,-0.06082923710346222,-0.06754053384065628,0.9862139225006104,-0.15106414258480073,0.05108978599309921,0.1546299010515213,0.9866506457328796],"EasingStyle":"Linear","EasingDirection":"In"},"Right Leg":{"Weight":1,"CFrame":[0.34320905804634097,0.0739545226097107,0.1290123462677002,0.9785477519035339,0.1350061446428299,-0.15562061965465547,-0.11483582854270935,0.9845681190490723,0.13205482065677644,0.17104731500148774,-0.1113511323928833,0.9789503812789917],"EasingStyle":"Linear","EasingDirection":"In"},"Torso":{"Weight":1,"CFrame":[0.03240791708230972,0.1543138176202774,-0.04172658920288086,0.9867196083068848,0.1600455343723297,0.027746645733714105,-0.16125333309173585,0.9857058525085449,0.048798818141222,-0.019539998844265939,-0.052624985575675967,0.998423159122467],"EasingStyle":"Linear","EasingDirection":"In"},"HumanoidRootPart":{"Weight":0,"CFrame":[0,0,0,1,0,0,0,1,0,0,0,1],"EasingStyle":"Linear","EasingDirection":"In"},"Left Arm":{"Weight":1,"CFrame":[-0.07155809551477432,-0.6061676740646362,0.19044995307922364,-0.1543143391609192,0.7627004981040955,-0.6280726790428162,-0.871864378452301,0.19393202662467957,0.449714332818985,0.46480074524879458,0.6169914603233337,0.6350447535514832],"EasingStyle":"Linear","EasingDirection":"In"}}},{"Time":0.4583333432674408,"poses":{"Left Leg":{"Weight":1,"CFrame":[-0.10132487118244171,0.07657164335250855,0.015177130699157715,0.980882465839386,-0.12575793266296388,0.14850816130638123,0.10530618578195572,0.9847661256790161,0.1383703202009201,-0.16364699602127076,-0.12008614093065262,0.9791828989982605],"EasingStyle":"Linear","EasingDirection":"In"},"Right Arm":{"Weight":1,"CFrame":[-0.08335509896278382,-0.6496182084083557,0.1169276237487793,0.498627632856369,-0.7789683938026428,0.3802349865436554,0.39761781692504885,0.595329761505127,0.6981995105743408,-0.7702406048774719,-0.1969534009695053,0.606579601764679],"EasingStyle":"Linear","EasingDirection":"In"},"Head":{"Weight":1,"CFrame":[9.12696123123169e-8,-2.849847078323364e-7,3.5762786865234377e-7,0.9973546862602234,0.07023672014474869,-0.018724219873547555,-0.07192663103342056,0.9908076524734497,-0.11457253247499466,0.010504906065762043,0.11561621725559235,0.9932385087013245],"EasingStyle":"Linear","EasingDirection":"In"},"Right Leg":{"Weight":1,"CFrame":[0.3934777081012726,0.13954871892929078,0.12066483497619629,0.9796267151832581,0.128911092877388,-0.15399202704429627,-0.10137657076120377,0.9793481230735779,0.17492903769016267,0.17336219549179078,-0.1557539999485016,0.9724640250205994],"EasingStyle":"Linear","EasingDirection":"In"},"Torso":{"Weight":1,"CFrame":[-0.015552334487438202,0.1329229474067688,-0.050446510314941409,0.9859353303909302,0.1659003049135208,-0.02021360769867897,-0.16532538831233979,0.9858582615852356,0.027407946065068246,0.02447473630309105,-0.023680642247200013,0.9994199275970459],"EasingStyle":"Linear","EasingDirection":"In"},"HumanoidRootPart":{"Weight":0,"CFrame":[0,0,0,1,0,0,0,1,0,0,0,1],"EasingStyle":"Linear","EasingDirection":"In"},"Left Arm":{"Weight":1,"CFrame":[-0.07463867962360382,-0.6199337244033814,0.17858636379241944,-0.14835554361343385,0.7635937929153442,-0.6284229159355164,-0.8734755516052246,0.19678965210914613,0.44532498717308047,0.46371448040008547,0.6149783134460449,0.6377855539321899],"EasingStyle":"Linear","EasingDirection":"In"}}},{"Time":0.5,"poses":{"Left Leg":{"Weight":1,"CFrame":[-0.10629533976316452,0.06500858068466187,0.023019075393676759,0.9754066467285156,-0.13219597935676576,0.17636966705322267,0.11390344053506851,0.9873687028884888,0.11013218015432358,-0.18870097398757935,-0.08733445405960083,0.9781435132026672],"EasingStyle":"Linear","EasingDirection":"In"},"Right Arm":{"Weight":1,"CFrame":[-0.08786313235759735,-0.7151448726654053,0.09687113761901856,0.3918766975402832,-0.8981902599334717,0.19921617209911347,0.5443413257598877,0.4009256660938263,0.7368521690368652,-0.7417042255401611,-0.18031364679336549,0.6460354924201965],"EasingStyle":"Linear","EasingDirection":"In"},"Head":{"Weight":1,"CFrame":[9.499490261077881e-8,-2.775341272354126e-7,1.1920928955078126e-7,0.9979444146156311,0.06310980021953583,0.011140590533614159,-0.06171082332730293,0.9932176470756531,-0.09854185581207276,-0.017283981665968896,0.09765179455280304,0.9950705766677856],"EasingStyle":"Linear","EasingDirection":"In"},"Right Leg":{"Weight":1,"CFrame":[0.4458853602409363,0.19395476579666139,0.10088241100311279,0.9837275743484497,0.12380930036306381,-0.13019759953022004,-0.0956059917807579,0.9742701053619385,0.20410121977329255,0.15211723744869233,-0.18833236396312715,0.9702532887458801],"EasingStyle":"Linear","EasingDirection":"In"},"Torso":{"Weight":1,"CFrame":[-0.045879580080509189,0.1252422332763672,-0.07066226005554199,0.9801320433616638,0.1917988806962967,-0.05054086074233055,-0.19102708995342256,0.9813866019248962,0.019727233797311784,0.05338377505540848,-0.009680620394647122,0.9985271692276001],"EasingStyle":"Linear","EasingDirection":"In"},"HumanoidRootPart":{"Weight":0,"CFrame":[0,0,0,1,0,0,0,1,0,0,0,1],"EasingStyle":"Linear","EasingDirection":"In"},"Left Arm":{"Weight":1,"CFrame":[-0.08128545433282852,-0.6455011963844299,0.14508485794067384,-0.13165660202503205,0.7636389136314392,-0.6320778131484985,-0.8752124309539795,0.2098637968301773,0.43584463000297549,0.46547815203666689,0.6105841398239136,0.6407161355018616],"EasingStyle":"Linear","EasingDirection":"In"}}},{"Time":0.5416666865348816,"poses":{"Left Leg":{"Weight":1,"CFrame":[-0.09910394996404648,0.06772750616073609,0.023212790489196779,0.9742887020111084,-0.127878338098526,0.18549595773220063,0.10787474364042282,0.9875803589820862,0.11422857642173767,-0.19779951870441438,-0.0912812128663063,0.975983202457428],"EasingStyle":"Linear","EasingDirection":"In"},"Right Arm":{"Weight":1,"CFrame":[-0.09192991256713867,-0.7446738481521606,0.08607137203216553,0.3238976001739502,-0.9403806924819946,0.10380026698112488,0.611781895160675,0.29187074303627016,0.7352104187011719,-0.7216740250587463,-0.17462986707687379,0.6698442101478577],"EasingStyle":"Linear","EasingDirection":"In"},"Head":{"Weight":1,"CFrame":[1.1175870895385742e-7,-2.775341272354126e-7,-1.7881393432617188e-7,0.9966078996658325,0.0802578255534172,0.018208015710115434,-0.07635639607906342,0.9842849969863892,-0.15922611951828004,-0.03070102073252201,0.15729568898677827,0.9870743155479431],"EasingStyle":"Linear","EasingDirection":"In"},"Right Leg":{"Weight":1,"CFrame":[0.44044697284698489,0.18950313329696656,0.09820067882537842,0.9865737557411194,0.10850608348846436,-0.12206073105335236,-0.08304109424352646,0.9768447875976563,0.19717645645141602,0.14062929153442384,-0.18439313769340516,0.9727398157119751],"EasingStyle":"Linear","EasingDirection":"In"},"Torso":{"Weight":1,"CFrame":[-0.04218607395887375,0.12939131259918214,-0.06791162490844727,0.9785679578781128,0.20052464306354524,-0.046847350895404819,-0.19996710121631623,0.9796662330627441,0.016347527503967286,0.04917284473776817,-0.0066292365081608299,0.9987683892250061],"EasingStyle":"Linear","EasingDirection":"In"},"HumanoidRootPart":{"Weight":0,"CFrame":[0,0,0,1,0,0,0,1,0,0,0,1],"EasingStyle":"Linear","EasingDirection":"In"},"Left Arm":{"Weight":1,"CFrame":[-0.08760605752468109,-0.6592684984207153,0.09307825565338135,-0.10366643965244293,0.7608403563499451,-0.6406055688858032,-0.8739237785339356,0.23783689737319947,0.42389965057373049,0.47487956285476687,0.6037845611572266,0.6402605772018433],"EasingStyle":"Linear","EasingDirection":"In"}}},{"Time":0.5833333134651184,"poses":{"Left Leg":{"Weight":1,"CFrame":[-0.09699270129203797,0.07451868057250977,0.022626519203186036,0.9750381112098694,-0.1165609359741211,0.18898215889930726,0.09433536231517792,0.9879576563835144,0.12263952195644379,-0.2010013908147812,-0.10175047814846039,0.9742922782897949],"EasingStyle":"Linear","EasingDirection":"In"},"Right Arm":{"Weight":1,"CFrame":[-0.09528496116399765,-0.6987695693969727,0.0867166519165039,0.3731829822063446,-0.9063169956207275,0.19830259680747987,0.5580491423606873,0.39003685116767886,0.7324291467666626,-0.7411583662033081,-0.16266760230064393,0.651324450969696],"EasingStyle":"Linear","EasingDirection":"In"},"Head":{"Weight":1,"CFrame":[9.313225746154785e-8,-2.7241185307502749e-7,2.384185791015625e-7,0.9954208135604858,0.09328379482030869,0.02087443694472313,-0.08615441620349884,0.9701091647148132,-0.2268604189157486,-0.04141288623213768,0.22402316331863404,0.9737036228179932],"EasingStyle":"Linear","EasingDirection":"In"},"Right Leg":{"Weight":1,"CFrame":[0.4236530363559723,0.1784353256225586,0.10007023811340332,0.9889566898345947,0.0863577276468277,-0.12044544517993927,-0.06335565447807312,0.9810345768928528,0.1831863820552826,0.13398073613643647,-0.17353251576423646,0.9756718873977661],"EasingStyle":"Linear","EasingDirection":"In"},"Torso":{"Weight":1,"CFrame":[-0.03394811600446701,0.13610875606536866,-0.0628061294555664,0.978388249874115,0.2031397670507431,-0.038609396666288379,-0.20293931663036347,0.9791491627693176,0.009082899428904057,0.03964945673942566,-0.0010512374574318529,0.9992130994796753],"EasingStyle":"Linear","EasingDirection":"In"},"HumanoidRootPart":{"Weight":0,"CFrame":[0,0,0,1,0,0,0,1,0,0,0,1],"EasingStyle":"Linear","EasingDirection":"In"},"Left Arm":{"Weight":1,"CFrame":[-0.09148795902729035,-0.577038049697876,0.03275740146636963,-0.07911060750484467,0.7579763531684876,-0.6474670171737671,-0.8472492098808289,0.29111355543136599,0.4443216621875763,0.5252717137336731,0.5837163329124451,0.6191645264625549],"EasingStyle":"Linear","EasingDirection":"In"}}},{"Time":0.625,"poses":{"Left Leg":{"Weight":1,"CFrame":[-0.1068870797753334,0.08514028787612915,0.02408576011657715,0.9757404327392578,-0.10203559696674347,0.19369962811470033,0.07742658257484436,0.9884026050567627,0.13063514232635499,-0.20478270947933198,-0.11246849596500397,0.9723244905471802],"EasingStyle":"Linear","EasingDirection":"In"},"Right Arm":{"Weight":1,"CFrame":[-0.0967230498790741,-0.6397509574890137,0.09123337268829346,0.3922860026359558,-0.8591538071632385,0.32858264446258547,0.48173943161964419,0.4962015450000763,0.7222957611083984,-0.7836064100265503,-0.12505540251731873,0.6085411310195923],"EasingStyle":"Linear","EasingDirection":"In"},"Head":{"Weight":1,"CFrame":[8.940696716308594e-8,-2.784654498100281e-7,-1.7881393432617188e-7,0.9959490299224854,0.0890003889799118,0.012830651365220547,-0.08384749293327332,0.9707313776016235,-0.22505655884742738,-0.03248521685600281,0.22306902706623078,0.9742612838745117],"EasingStyle":"Linear","EasingDirection":"In"},"Right Leg":{"Weight":1,"CFrame":[0.405376136302948,0.17162132263183595,0.10247659683227539,0.9910634160041809,0.05543436110019684,-0.1213274747133255,-0.034693263471126559,0.9853760004043579,0.16682535409927369,0.12880106270313264,-0.16112534701824189,0.9784932732582092],"EasingStyle":"Linear","EasingDirection":"In"},"Torso":{"Weight":1,"CFrame":[-0.026449725031852723,0.12343339622020722,-0.06005549430847168,0.9782853722572327,0.20491419732570649,-0.031111005693674089,-0.20533955097198487,0.978627622127533,-0.011121250689029694,0.02816718816757202,0.017268076539039613,0.9994540810585022],"EasingStyle":"Linear","EasingDirection":"In"},"HumanoidRootPart":{"Weight":0,"CFrame":[0,0,0,1,0,0,0,1,0,0,0,1],"EasingStyle":"Linear","EasingDirection":"In"},"Left Arm":{"Weight":1,"CFrame":[-0.09793795645236969,-0.4948081076145172,0.002543807029724121,-0.07604488730430603,0.7582029104232788,-0.6475690603256226,-0.8134169578552246,0.3284456729888916,0.4800795614719391,0.5766889452934265,0.5632511377334595,0.5917583703994751],"EasingStyle":"Linear","EasingDirection":"In"}}},{"Time":0.6666666865348816,"poses":{"Left Leg":{"Weight":1,"CFrame":[-0.2355126291513443,0.1161460280418396,0.02326071262359619,0.9845951199531555,-0.11958342790603638,0.1275635063648224,0.10151128470897675,0.9849584698677063,0.13982976973056794,-0.14236612617969514,-0.12472660094499588,0.981924295425415],"EasingStyle":"Linear","EasingDirection":"In"},"Right Arm":{"Weight":1,"CFrame":[0.05936647951602936,-0.6021385192871094,0.23309552669525147,0.17867934703826905,-0.916338324546814,0.3583264946937561,0.4899144172668457,0.3986893594264984,0.7752615809440613,-0.8532629609107971,0.03702595829963684,0.5201649069786072],"EasingStyle":"Linear","EasingDirection":"In"},"Head":{"Weight":1,"CFrame":[8.568167686462403e-8,-2.4586915969848635e-7,0,0.9967572093009949,0.08029641211032868,0.005263153929263353,-0.07774016261100769,0.9777848720550537,-0.19466227293014527,-0.020776910707354547,0.19362185895442964,0.9808562397956848],"EasingStyle":"Linear","EasingDirection":"In"},"Right Leg":{"Weight":1,"CFrame":[0.4207139015197754,0.20017004013061524,0.10257327556610108,0.9921222925186157,0.029216550290584565,-0.1218189150094986,-0.010201913304626942,0.9880368709564209,0.15387997031211854,0.1248575821518898,-0.15142497420310975,0.9805514216423035],"EasingStyle":"Linear","EasingDirection":"In"},"Torso":{"Weight":1,"CFrame":[-0.02436622977256775,0.06740367412567139,-0.08556079864501953,0.9773243069648743,0.20974895358085633,-0.029027506709098817,-0.21105478703975678,0.9760117530822754,-0.053452182561159137,0.017119646072387697,0.05836652219295502,0.9981484413146973],"EasingStyle":"Linear","EasingDirection":"In"},"HumanoidRootPart":{"Weight":0,"CFrame":[0,0,0,1,0,0,0,1,0,0,0,1],"EasingStyle":"Linear","EasingDirection":"In"},"Left Arm":{"Weight":1,"CFrame":[-0.10616113245487213,-0.5380678772926331,0.10089397430419922,-0.14360195398330689,0.7362469434738159,-0.6613009572029114,-0.7879406213760376,0.31924569606781008,0.5265281200408936,0.5987722873687744,0.596676230430603,0.5342744588851929],"EasingStyle":"Linear","EasingDirection":"In"}}},{"Time":0.7083333134651184,"poses":{"Left Leg":{"Weight":1,"CFrame":[-0.3333362936973572,0.14977431297302247,0.005505084991455078,0.9906784892082214,-0.12047168612480164,0.0635823905467987,0.10988394916057587,0.9826098084449768,0.14967824518680573,-0.08050868660211563,-0.1412963718175888,0.9866882562637329],"EasingStyle":"Linear","EasingDirection":"In"},"Right Arm":{"Weight":1,"CFrame":[0.21776962280273438,0.1506950855255127,0.3789401054382324,0.03379106521606445,-0.7671047449111939,0.640631377696991,0.35696130990982058,0.6079814434051514,0.7091805338859558,-0.9335078001022339,0.2047165185213089,0.294371098279953],"EasingStyle":"Linear","EasingDirection":"In"},"Head":{"Weight":1,"CFrame":[8.381903171539307e-8,-2.7008354663848879e-7,2.384185791015625e-7,0.9976118206977844,0.06906995922327042,0.00013153535837773234,-0.06820942461490631,0.9854788780212402,-0.15549564361572267,-0.010869698598980904,0.1551152914762497,0.9878366589546204],"EasingStyle":"Linear","EasingDirection":"In"},"Right Leg":{"Weight":1,"CFrame":[0.43283921480178835,0.2345445156097412,0.10079777240753174,0.9926780462265015,-0.0021689196582883598,-0.1207708865404129,0.019646476954221727,0.9894239902496338,0.14371566474437715,0.11918194591999054,-0.14503617584705354,0.9822221398353577],"EasingStyle":"Linear","EasingDirection":"In"},"Torso":{"Weight":1,"CFrame":[-0.02630554884672165,0.00830012559890747,-0.11328935623168946,0.9758538603782654,0.21621809899806977,-0.03096684068441391,-0.21825142204761506,0.970872700214386,-0.09885698556900025,0.008690186776220799,0.10322855412960053,0.9946197271347046],"EasingStyle":"Linear","EasingDirection":"In"},"HumanoidRootPart":{"Weight":0,"CFrame":[0,0,0,1,0,0,0,1,0,0,0,1],"EasingStyle":"Linear","EasingDirection":"In"},"Left Arm":{"Weight":1,"CFrame":[-0.0706089437007904,0.06687229871749878,0.25341999530792239,-0.1764913648366928,0.6846407651901245,-0.7071901559829712,-0.5140531659126282,0.5485921502113342,0.6593906283378601,0.8394047021865845,0.47991007566452029,0.25511980056762698],"EasingStyle":"Linear","EasingDirection":"In"}}},{"Time":0.75,"poses":{"Left Leg":{"Weight":1,"CFrame":[-0.31852173805236819,0.16196590662002564,0.006083250045776367,0.9938428401947022,-0.08258724212646485,0.07386448979377747,0.07051821798086167,0.985668420791626,0.15324801206588746,-0.08546225726604462,-0.14709565043449403,0.9854232668876648],"EasingStyle":"Linear","EasingDirection":"In"},"Right Arm":{"Weight":1,"CFrame":[0.26780036091804507,0.2970926761627197,0.46020305156707766,-0.05761655792593956,-0.6301498413085938,0.7743330597877502,0.27866131067276,0.7346431612968445,0.6185849905014038,-0.9586595892906189,0.251417338848114,0.13327082991600038],"EasingStyle":"Linear","EasingDirection":"In"},"Head":{"Weight":1,"CFrame":[9.499490261077881e-8,-2.868473529815674e-7,-3.5762786865234377e-7,0.9983163475990295,0.05799635499715805,-0.0009434326784685254,-0.05759472772479057,0.9892125129699707,-0.1346910446882248,-0.006878337822854519,0.13451865315437318,0.9908872246742249],"EasingStyle":"Linear","EasingDirection":"In"},"Right Leg":{"Weight":1,"CFrame":[0.41137951612472536,0.23577666282653809,0.09933161735534668,0.9917880296707153,-0.051537755876779559,-0.11704909056425095,0.06697161495685578,0.9889833331108093,0.13201041519641877,0.10895618051290512,-0.138765349984169,0.984313428401947],"EasingStyle":"Linear","EasingDirection":"In"},"Torso":{"Weight":1,"CFrame":[-0.028466545045375825,0.013579189777374268,-0.11106705665588379,0.9745169878005981,0.2218540906906128,-0.033127833157777789,-0.22425787150859834,0.9668888449668884,-0.12179656326770783,0.005009867716580629,0.12612198293209077,0.9920021891593933],"EasingStyle":"Linear","EasingDirection":"In"},"HumanoidRootPart":{"Weight":0,"CFrame":[0,0,0,1,0,0,0,1,0,0,0,1],"EasingStyle":"Linear","EasingDirection":"In"},"Left Arm":{"Weight":1,"CFrame":[-0.129157155752182,0.20589321851730348,0.3140707015991211,-0.21306905150413514,0.6534985303878784,-0.7263204455375671,-0.37309587001800539,0.632634699344635,0.6786551475524902,0.9029955863952637,0.4155876934528351,0.10902263969182968],"EasingStyle":"Linear","EasingDirection":"In"}}},{"Time":0.7916666865348816,"poses":{"Left Leg":{"Weight":1,"CFrame":[-0.3053460717201233,0.16623824834823609,0.005494475364685059,0.9952053427696228,-0.059418004006147388,0.0776917114853859,0.04669814556837082,0.9865967631340027,0.1563529074192047,-0.08594057708978653,-0.15197521448135377,0.9846410155296326],"EasingStyle":"Linear","EasingDirection":"In"},"Right Arm":{"Weight":1,"CFrame":[0.3082960247993469,0.26516997814178469,0.355302095413208,0.09517315030097962,-0.6093222498893738,0.787190318107605,0.2909061908721924,0.7732843160629273,0.5633870363235474,-0.9520062208175659,0.17537909746170045,0.25085151195526125],"EasingStyle":"Linear","EasingDirection":"In"},"Head":{"Weight":1,"CFrame":[1.043081283569336e-7,-2.7939677238464358e-7,-5.960464477539063e-8,0.9988424777984619,0.04809221252799034,-0.00