{"Sequence":[{"Time":0,"poses":{"Left Leg":{"Weight":1,"CFrame":[-0.8939704895019531,0.21688348054885865,-0.14724981784820558,0.9259393215179443,-0.3606114685535431,-0.11223087459802628,0.369043231010437,0.9270709753036499,0.06592893600463867,0.08027124404907227,-0.10246425122022629,0.9914926290512085],"EasingStyle":"Linear","EasingDirection":"In"},"Right Arm":{"Weight":1,"CFrame":[-0.1830989122390747,-0.6985868215560913,0.13662171363830567,0.3255794644355774,-0.7498387694358826,-0.5759687423706055,0.7907321453094482,-0.11805430054664612,0.6006711721420288,-0.5184022188186646,-0.6510030627250671,0.554485559463501],"EasingStyle":"Linear","EasingDirection":"In"},"Head":{"Weight":1,"CFrame":[8.365643111574173e-8,0,0.016661882400512697,0.9466183185577393,0.29377317428588869,-0.1327069103717804,-0.26941993832588198,0.9470497369766235,0.1746700257062912,0.17699328064918519,-0.12959186732769013,0.9756430387496948],"EasingStyle":"Linear","EasingDirection":"In"},"Right Leg":{"Weight":1,"CFrame":[0.6085515022277832,0.3166888356208801,0.006558895111083984,0.8966799974441528,0.3456338047981262,-0.2765902876853943,-0.2643149197101593,0.9192309379577637,0.2918083965778351,0.35510918498039248,-0.18855182826519013,0.9156122803688049],"EasingStyle":"Linear","EasingDirection":"In"},"Torso":{"Weight":1,"CFrame":[0.13383175432682038,0,-0.3325538635253906,0.9973765015602112,0.07238923758268357,-8.719342048379986e-8,-0.07238923758268357,0.9973765015602112,6.328467971883356e-9,8.742277657347586e-8,0,1],"EasingStyle":"Linear","EasingDirection":"In"},"HumanoidRootPart":{"Weight":0,"CFrame":[0,0,0,1,0,0,0,1,0,0,0,1],"EasingStyle":"Linear","EasingDirection":"In"},"Left Arm":{"Weight":1,"CFrame":[0.19053210318088532,-0.9792584180831909,0.00508725643157959,0.44722360372543337,0.6926712989807129,0.5658599138259888,-0.7945635914802551,0.01718832366168499,0.6069376468658447,0.4106820225715637,-0.7210485935211182,0.5580586194992065],"EasingStyle":"Linear","EasingDirection":"In"}}},{"Time":0.03333333507180214,"poses":{"Left Leg":{"Weight":1,"CFrame":[-0.8618253469467163,0.2183365821838379,-0.13754618167877198,0.934086263179779,-0.3448778986930847,-0.09242469817399979,0.3534383177757263,0.9298412203788757,0.10235638916492462,0.050639811903238299,-0.12827607989311219,0.9904447793960571],"EasingStyle":"Linear","EasingDirection":"In"},"Right Arm":{"Weight":1,"CFrame":[-0.1829354465007782,-0.6989445686340332,0.13394176959991456,0.3154169023036957,-0.7541397213935852,-0.5760082006454468,0.7961161732673645,-0.12004663050174713,0.5931171774864197,-0.5164410471916199,-0.6456485986709595,0.5625181198120117],"EasingStyle":"Linear","EasingDirection":"In"},"Head":{"Weight":1,"CFrame":[8.862116374075413e-8,2.7939677238464357e-9,0.016662001609802247,0.9385806322097778,0.3057717978954315,-0.1599065661430359,-0.2787903845310211,0.9450518488883972,0.17074251174926759,0.2033281922340393,-0.1156751811504364,0.9722535014152527],"EasingStyle":"Linear","EasingDirection":"In"},"Right Leg":{"Weight":1,"CFrame":[0.48564937710762026,0.24364465475082398,0.11243271827697754,0.8483904004096985,0.3405122756958008,-0.4053211510181427,-0.2776351571083069,0.9381216764450073,0.20699375867843629,0.4507245421409607,-0.06308019906282425,0.8904315233230591],"EasingStyle":"Linear","EasingDirection":"In"},"Torso":{"Weight":1,"CFrame":[0.15639275312423707,0.004812914878129959,-0.2926797866821289,0.9988263845443726,0.03586456552147865,0.03255191817879677,-0.036073409020900729,0.9993321299552918,0.0058511472307145599,-0.03232032060623169,-0.007018539123237133,0.9994530081748962],"EasingStyle":"Linear","EasingDirection":"In"},"HumanoidRootPart":{"Weight":0,"CFrame":[0,0,0,1,0,0,0,1,0,0,0,1],"EasingStyle":"Linear","EasingDirection":"In"},"Left Arm":{"Weight":1,"CFrame":[0.19059301912784577,-0.9788551926612854,0.005190730094909668,0.4520886540412903,0.6929975152015686,0.5615782141685486,-0.7920021414756775,0.02226438745856285,0.6101123690605164,0.4103030264377594,-0.720596194267273,0.5589211583137512],"EasingStyle":"Linear","EasingDirection":"In"}}},{"Time":0.06666667014360428,"poses":{"Left Leg":{"Weight":1,"CFrame":[-0.7349545955657959,0.1924964189529419,-0.05112433433532715,0.9533225893974304,-0.30153989791870119,0.015809299424290658,0.29711031913757326,0.946083664894104,0.12903949618339539,-0.05386751890182495,-0.11831916868686676,0.9915134906768799],"EasingStyle":"Linear","EasingDirection":"In"},"Right Arm":{"Weight":1,"CFrame":[-0.18250694870948792,-0.699926495552063,0.12644267082214356,0.2864667773246765,-0.7661335468292236,-0.5753053426742554,0.8108565211296082,-0.1259804368019104,0.5715247988700867,-0.5103415250778198,-0.6302129030227661,0.5851352214813232],"EasingStyle":"Linear","EasingDirection":"In"},"Head":{"Weight":1,"CFrame":[9.313498594565317e-8,3.026798367500305e-9,0.016661763191223146,0.9309488534927368,0.3169577717781067,-0.18130633234977723,-0.28828805685043337,0.9427265524864197,0.16779935359954835,0.22410760819911958,-0.10394426435232163,0.9690054655075073],"EasingStyle":"Linear","EasingDirection":"In"},"Right Leg":{"Weight":1,"CFrame":[0.3074191212654114,0.13547736406326295,0.14725267887115479,0.8055203557014465,0.2977973222732544,-0.5123022794723511,-0.26453107595443728,0.9543348550796509,0.1388109177350998,0.5302455425262451,0.023704737424850465,0.8475127816200256],"EasingStyle":"Linear","EasingDirection":"In"},"Torso":{"Weight":1,"CFrame":[0.1667192578315735,0.010593229904770852,-0.2050478458404541,0.9982216358184815,-0.0012473884271457792,0.05960043519735336,0.00048058319953270257,0.9999169707298279,0.012878373265266419,-0.059611547738313678,-0.012826824560761452,0.9981393218040466],"EasingStyle":"Linear","EasingDirection":"In"},"HumanoidRootPart":{"Weight":0,"CFrame":[0,0,0,1,0,0,0,1,0,0,0,1],"EasingStyle":"Linear","EasingDirection":"In"},"Left Arm":{"Weight":1,"CFrame":[0.19079433381557465,-0.9776993989944458,0.005524992942810059,0.46510863304138186,0.6946017146110535,0.5488189458847046,-0.7845762968063355,0.036295872181653979,0.6189690232276917,0.41001707315444949,-0.7184783220291138,0.5618497729301453],"EasingStyle":"Linear","EasingDirection":"In"}}},{"Time":0.10000000149011612,"poses":{"Left Leg":{"Weight":1,"CFrame":[-0.5499516129493713,0.1677401065826416,0.040662169456481937,0.9556021094322205,-0.23950405418872834,0.17164668440818788,0.21571068465709687,0.9654496908187866,0.1462046205997467,-0.20073285698890687,-0.10268742591142655,0.9742493033409119],"EasingStyle":"Linear","EasingDirection":"In"},"Right Arm":{"Weight":1,"CFrame":[-0.18189868330955506,-0.7014058828353882,0.11493968963623047,0.24094171822071076,-0.7841064929962158,-0.5719476342201233,0.832341730594635,-0.13614410161972047,0.5372822284698486,-0.4991537928581238,-0.6055095195770264,0.6198418140411377],"EasingStyle":"Linear","EasingDirection":"In"},"Head":{"Weight":1,"CFrame":[1.023290678858757e-7,2.7939677238464357e-9,0.016662120819091798,0.9244878888130188,0.3260231018066406,-0.19756317138671876,-0.2963789701461792,0.9406432509422302,0.1653781533241272,0.2397535890340805,-0.09433653205633164,0.9662395119667053],"EasingStyle":"Linear","EasingDirection":"In"},"Right Leg":{"Weight":1,"CFrame":[0.12028690427541733,0.04042315483093262,0.111336350440979,0.7653988003730774,0.241445392370224,-0.5965473651885986,-0.23386068642139436,0.9679356217384338,0.09170583635568619,0.5995614528656006,0.06931740045547486,0.7973213195800781],"EasingStyle":"Linear","EasingDirection":"In"},"Torso":{"Weight":1,"CFrame":[0.1660895049571991,0.01694585010409355,-0.11770796775817871,0.9959895014762878,-0.037176504731178287,0.08138194680213928,0.03561127185821533,0.9991534352302551,0.020601356402039529,-0.08207892626523972,-0.017620619386434556,0.9964701533317566],"EasingStyle":"Linear","EasingDirection":"In"},"HumanoidRootPart":{"Weight":0,"CFrame":[0,0,0,1,0,0,0,1,0,0,0,1],"EasingStyle":"Linear","EasingDirection":"In"},"Left Arm":{"Weight":1,"CFrame":[0.19115863740444184,-0.9758672714233398,0.006125330924987793,0.4838208556175232,0.6982523202896118,0.5275993347167969,-0.7725679278373718,0.05753295123577118,0.6323202848434448,0.41116464138031008,-0.7135361433029175,0.5672830939292908],"EasingStyle":"Linear","EasingDirection":"In"}}},{"Time":0.13333334028720857,"poses":{"Left Leg":{"Weight":1,"CFrame":[-0.39695605635643008,0.16981065273284913,0.10054051876068115,0.9253498315811157,-0.19328121840953828,0.326144278049469,0.14933234453201295,0.9765564799308777,0.15503978729248048,-0.3484647274017334,-0.09476212412118912,0.9325194954872131],"EasingStyle":"Linear","EasingDirection":"In"},"Right Arm":{"Weight":1,"CFrame":[-0.1811872273683548,-0.7032654285430908,0.10025238990783692,0.18114736676216126,-0.8060005307197571,-0.5635145306587219,0.8575360774993897,-0.15107078850269319,0.491741418838501,-0.4814744293689728,-0.5723118782043457,0.6638085246086121],"EasingStyle":"Linear","EasingDirection":"In"},"Head":{"Weight":1,"CFrame":[7.566995918750763e-8,-7.450580596923828e-9,0.01666247844696045,0.9198828935623169,0.3316437005996704,-0.20935116708278657,-0.3015798032283783,0.9394010305404663,0.16301946341991425,0.2507290542125702,-0.08682278543710709,0.9641560316085815],"EasingStyle":"Linear","EasingDirection":"In"},"Right Leg":{"Weight":1,"CFrame":[0.0012011975049972535,-0.011310935020446778,0.07201743125915528,0.7210992574691773,0.21176080405712129,-0.6596764922142029,-0.22750736773014069,0.9717207551002502,0.06323856860399246,0.6544128060340881,0.10447993874549866,0.748884379863739],"EasingStyle":"Linear","EasingDirection":"In"},"Torso":{"Weight":1,"CFrame":[0.15584874153137208,0.02344696596264839,-0.07879328727722168,0.9926863312721252,-0.07019806653261185,0.09821449220180512,0.067703977227211,0.9972981810569763,0.0285048745572567,-0.09995010495185852,-0.021646883338689805,0.9947570562362671],"EasingStyle":"Linear","EasingDirection":"In"},"HumanoidRootPart":{"Weight":0,"CFrame":[0,0,0,1,0,0,0,1,0,0,0,1],"EasingStyle":"Linear","EasingDirection":"In"},"Left Arm":{"Weight":1,"CFrame":[0.19170492887496949,-0.9734333157539368,0.007029294967651367,0.5056794881820679,0.7045910954475403,0.4978349804878235,-0.756257176399231,0.08433258533477783,0.6488167643547058,0.4151667356491089,-0.704584538936615,0.5754972696304321],"EasingStyle":"Linear","EasingDirection":"In"}}},{"Time":0.1666666716337204,"poses":{"Left Leg":{"Weight":1,"CFrame":[-0.32246291637420657,0.19932419061660767,0.13801419734954835,0.88334721326828,-0.17578734457492829,0.43450725078582766,0.11584074795246124,0.9801285266876221,0.161025270819664,-0.45417919754981997,-0.0919075533747673,0.8861571550369263],"EasingStyle":"Linear","EasingDirection":"In"},"Right Arm":{"Weight":1,"CFrame":[-0.1804431825876236,-0.7053890228271484,0.08319735527038574,0.10971412062644959,-0.8295595645904541,-0.547534167766571,0.8832517266273499,-0.17128466069698335,0.4364951252937317,-0.4558827877044678,-0.5315002799034119,0.71391761302948],"EasingStyle":"Linear","EasingDirection":"In"},"Head":{"Weight":1,"CFrame":[7.031485438346863e-8,-1.30385160446167e-8,0.016662001609802247,0.9177232384681702,0.3324826955795288,-0.21734605729579926,-0.30243977904319765,0.9395914673805237,0.16030578315258027,0.25751546025276186,-0.08138229697942734,0.9628409743309021],"EasingStyle":"Linear","EasingDirection":"In"},"Right Leg":{"Weight":1,"CFrame":[-0.031567033380270007,-0.03157508373260498,0.08126842975616455,0.6751729846000671,0.21880321204662324,-0.704461932182312,-0.26372361183166506,0.9634772539138794,0.046493493020534518,0.6889060139656067,0.1543920487165451,0.7082173228263855],"EasingStyle":"Linear","EasingDirection":"In"},"Torso":{"Weight":1,"CFrame":[0.13739804923534394,0.02967909723520279,-0.08590388298034668,0.9889697432518005,-0.09865155816078186,0.11048396676778794,0.09520263969898224,0.994803786277771,0.036081377416849139,-0.11346933990716934,-0.025165023282170297,0.9932228326797485],"EasingStyle":"Linear","EasingDirection":"In"},"HumanoidRootPart":{"Weight":0,"CFrame":[0,0,0,1,0,0,0,1,0,0,0,1],"EasingStyle":"Linear","EasingDirection":"In"},"Left Arm":{"Weight":1,"CFrame":[0.1924510896205902,-0.9704654216766357,0.008277654647827149,0.5280856490135193,0.7142137885093689,0.4593736231327057,-0.7360548973083496,0.11519751697778702,0.6670479774475098,0.4234960675239563,-0.6903826594352722,0.5865347385406494],"EasingStyle":"Linear","EasingDirection":"In"}}},{"Time":0.20000000298023225,"poses":{"Left Leg":{"Weight":1,"CFrame":[-0.30750852823257449,0.22764915227890016,0.144464373588562,0.8690627217292786,-0.16963304579257966,0.4647093415260315,0.09713952988386154,0.9795998930931091,0.17592096328735352,-0.48507124185562136,-0.10774468630552292,0.8678116798400879],"EasingStyle":"Linear","EasingDirection":"In"},"Right Arm":{"Weight":1,"CFrame":[-0.17973372340202332,-0.7076525092124939,0.06458663940429688,0.02970961295068264,-0.8524940013885498,-0.5218919515609741,0.9064313769340515,-0.19709330797195435,0.37354591488838198,-0.42130711674690249,-0.48415708541870119,0.7668718099594116],"EasingStyle":"Linear","EasingDirection":"In"},"Head":{"Weight":1,"CFrame":[8.754432201385498e-8,1.1175870895385743e-8,0.01666259765625,0.9184655547142029,0.3271773159503937,-0.2222074270248413,-0.2975122332572937,0.9417396187782288,0.15688550472259522,0.2605908513069153,-0.07798434048891068,0.9622946381568909],"EasingStyle":"Linear","EasingDirection":"In"},"Right Leg":{"Weight":1,"CFrame":[-0.0445055291056633,-0.046436309814453128,0.09720420837402344,0.6400595307350159,0.22867344319820405,-0.733506977558136,-0.3010733723640442,0.952981173992157,0.03437809646129608,0.7068794965744019,0.1988353580236435,0.6788120865821838],"EasingStyle":"Linear","EasingDirection":"In"},"Torso":{"Weight":1,"CFrame":[0.11217737197875977,0.03525887429714203,-0.09776043891906738,0.985546350479126,-0.12094229459762573,0.1186235100030899,0.11660595238208771,0.9922528862953186,0.042864810675382617,-0.12288869172334671,-0.02841305546462536,0.9920136332511902],"EasingStyle":"Linear","EasingDirection":"In"},"HumanoidRootPart":{"Weight":0,"CFrame":[0,0,0,1,0,0,0,1,0,0,0,1],"EasingStyle":"Linear","EasingDirection":"In"},"Left Arm":{"Weight":1,"CFrame":[0.19341471791267396,-0.9670249223709106,0.009916901588439942,0.5483741760253906,0.7276906371116638,0.4120098054409027,-0.7125828266143799,0.1487945169210434,0.6856281161308289,0.43762022256851199,-0.6695718765258789,0.6001349687576294],"EasingStyle":"Linear","EasingDirection":"In"}}},{"Time":0.23333333432674409,"poses":{"Left Leg":{"Weight":1,"CFrame":[-0.32097846269607546,0.24685978889465333,0.1308271884918213,0.8772799968719482,-0.16829930245876313,0.4495053291320801,0.08521085977554321,0.9762443900108337,0.19921335577964784,-0.47235462069511416,-0.13646316528320313,0.8707807064056397],"EasingStyle":"Linear","EasingDirection":"In"},"Right Arm":{"Weight":1,"CFrame":[-0.17912736535072328,-0.7099266052246094,0.04522430896759033,-0.05540845915675163,-0.8726699948310852,-0.48515668511390688,0.9244358539581299,-0.22844606637954713,0.30533719062805178,-0.3772906959056854,-0.43157804012298586,0.819385290145874],"EasingStyle":"Linear","EasingDirection":"In"},"Head":{"Weight":1,"CFrame":[1.387670636177063e-7,-1.862645149230957e-9,0.016661882400512697,0.9223781228065491,0.31431180238723757,-0.22455905377864839,-0.28531530499458315,0.9462262988090515,0.15248307585716248,0.260410875082016,-0.07657690346240998,0.9624563455581665],"EasingStyle":"Linear","EasingDirection":"In"},"Right Leg":{"Weight":1,"CFrame":[-0.05111401528120041,-0.06103253364562988,0.10679173469543457,0.6202714443206787,0.2348141223192215,-0.748415470123291,-0.3293312191963196,0.943929135799408,0.023213131353259088,0.7119019031524658,0.23207806050777436,0.6628239154815674],"EasingStyle":"Linear","EasingDirection":"In"},"Torso":{"Weight":1,"CFrame":[0.08164435625076294,0.039856575429439548,-0.10426807403564453,0.983098566532135,-0.13552343845367433,0.12308771908283234,0.1304454803466797,0.9902707934379578,0.04845430329442024,-0.12845684587955476,-0.031579118221998218,0.9912121891975403],"EasingStyle":"Linear","EasingDirection":"In"},"HumanoidRootPart":{"Weight":0,"CFrame":[0,0,0,1,0,0,0,1,0,0,0,1],"EasingStyle":"Linear","EasingDirection":"In"},"Left Arm":{"Weight":1,"CFrame":[0.19461092352867127,-0.9631718397140503,0.012001752853393555,0.56376051902771,0.7455245852470398,0.3554813265800476,-0.6867111921310425,0.18395231664180757,0.7032704949378967,0.4589138627052307,-0.6405894160270691,0.6156651377677918],"EasingStyle":"Linear","EasingDirection":"In"}}},{"Time":0.2666666805744171,"poses":{"Left Leg":{"Weight":1,"CFrame":[-0.3172985911369324,0.2511492967605591,0.13180983066558839,0.8814845681190491,-0.16347019374370576,0.44301533699035647,0.07337122410535813,0.9741883277893066,0.2134804129600525,-0.4664779603481293,-0.15567509829998017,0.8707259297370911],"EasingStyle":"Linear","EasingDirection":"In"},"Right Arm":{"Weight":1,"CFrame":[-0.17869901657104493,-0.7120673656463623,0.025909066200256349,-0.14199228584766389,-0.8882930278778076,-0.4367764890193939,0.9352982044219971,-0.2648795545101166,0.23464074730873109,-0.32412293553352358,-0.37519916892051699,0.8684296011924744],"EasingStyle":"Linear","EasingDirection":"In"},"Head":{"Weight":1,"CFrame":[1.3317912817001344e-7,1.6763806343078614e-8,0.016661882400512697,0.9294625520706177,0.2923825979232788,-0.22497054934501649,-0.26429101824760439,0.9531902074813843,0.14689737558364869,0.25738996267318728,-0.07707792520523071,0.963228702545166],"EasingStyle":"Linear","EasingDirection":"In"},"Right Leg":{"Weight":1,"CFrame":[-0.06035085767507553,-0.07683253288269043,0.10249459743499756,0.6145020723342896,0.233793705701828,-0.7534772157669067,-0.3436632752418518,0.9390274882316589,0.01109118852764368,0.7101287841796875,0.2521268427371979,0.6573805212974548],"EasingStyle":"Linear","EasingDirection":"In"},"Torso":{"Weight":1,"CFrame":[0.04725131392478943,0.043207526206970218,-0.10001969337463379,0.9821922779083252,-0.14086070656776429,0.12432483583688736,0.1352480947971344,0.9894183874130249,0.052528124302625659,-0.1304084211587906,-0.03477801755070686,0.9908502101898193],"EasingStyle":"Linear","EasingDirection":"In"},"HumanoidRootPart":{"Weight":0,"CFrame":[0,0,0,1,0,0,0,1,0,0,0,1],"EasingStyle":"Linear","EasingDirection":"In"},"Left Arm":{"Weight":1,"CFrame":[0.19605004787445069,-0.9589594602584839,0.01460123062133789,0.5712441205978394,0.7680427432060242,0.2894660532474518,-0.6595618724822998,0.21963536739349366,0.7188451290130615,0.4885267913341522,-0.6015568375587463,0.6320372223854065],"EasingStyle":"Linear","EasingDirection":"In"}}},{"Time":0.30000001192092898,"poses":{"Left Leg":{"Weight":1,"CFrame":[-0.33446282148361208,0.2436770796775818,0.13418686389923097,0.904562771320343,-0.16037601232528687,0.39502623677253725,0.06884746998548508,0.9693384766578674,0.2358875870704651,-0.4207448363304138,-0.18617850542068482,0.8878690600395203],"EasingStyle":"Linear","EasingDirection":"In"},"Right Arm":{"Weight":1,"CFrame":[-0.1785339117050171,-0.7139198780059815,0.007435917854309082,-0.22649484872817994,-0.8980494737625122,-0.3771037459373474,0.9378855228424072,-0.30555206537246706,0.16434365510940553,-0.262813538312912,-0.31645727157592776,0.9114735126495361],"EasingStyle":"Linear","EasingDirection":"In"},"Head":{"Weight":1,"CFrame":[1.1734664440155029e-7,-7.450580596923828e-9,0.016662001609802247,0.9403089284896851,0.2609269320964813,-0.21848644316196443,-0.23444215953350068,0.9620107412338257,0.1399010568857193,0.2466903179883957,-0.0803278312087059,0.9657594561576843],"EasingStyle":"Linear","EasingDirection":"In"},"Right Leg":{"Weight":1,"CFrame":[-0.03776641935110092,-0.08057761192321778,0.09483349323272705,0.648393452167511,0.2390921711921692,-0.7227869033813477,-0.33823201060295107,0.9410299062728882,0.007865983992815018,0.6820447444915772,0.23936933279037476,0.6910262703895569],"EasingStyle":"Linear","EasingDirection":"In"},"Torso":{"Weight":1,"CFrame":[0.005992770195007324,0.04492077976465225,-0.08941245079040528,0.9835841059684753,-0.1370696723461151,0.11736363172531128,0.13142253458499909,0.9898210763931274,0.05461093410849571,-0.12365450710058212,-0.038290221244096759,0.9915863275527954],"EasingStyle":"Linear","EasingDirection":"In"},"HumanoidRootPart":{"Weight":0,"CFrame":[0,0,0,1,0,0,0,1,0,0,0,1],"EasingStyle":"Linear","EasingDirection":"In"},"Left Arm":{"Weight":1,"CFrame":[0.1977297067642212,-0.9544403553009033,0.01780068874359131,0.5674747824668884,0.7952020764350891,0.21360255777835847,-0.6324907541275024,0.2548879384994507,0.7314283847808838,0.5271885991096497,-0.5501688718795776,0.6476005911827087],"EasingStyle":"Linear","EasingDirection":"In"}}},{"Time":0.3333333432674408,"poses":{"Left Leg":{"Weight":1,"CFrame":[-0.38212302327156069,0.22366780042648316,0.11553621292114258,0.9497403502464294,-0.15446737408638,0.272273987531662,0.0763169452548027,0.9577860832214356,0.27716705203056338,-0.30359357595443728,-0.2424575835466385,0.9214365482330322],"EasingStyle":"Linear","EasingDirection":"In"},"Right Arm":{"Weight":1,"CFrame":[-0.17873120307922364,-0.7153198719024658,-0.00939786434173584,-0.30577099323272707,-0.9011651873588562,-0.3072547912597656,0.9319366216659546,-0.3493519127368927,0.09719820320606232,-0.19493162631988526,-0.2566215395927429,0.946650505065918],"EasingStyle":"Linear","EasingDirection":"In"},"Head":{"Weight":1,"CFrame":[8.381903171539307e-8,1.30385160446167e-8,0.016662120819091798,0.9541131258010864,0.2212410718202591,-0.20179352164268495,-0.197369784116745,0.9714226722717285,0.13184528052806855,0.22519643604755402,-0.08596732467412949,0.9705133438110352],"EasingStyle":"Linear","EasingDirection":"In"},"Right Leg":{"Weight":1,"CFrame":[0.03929977864027023,-0.06751620769500733,0.0958937406539917,0.730803370475769,0.25741705298423769,-0.6321890354156494,-0.31732237339019778,0.9481226205825806,0.019238948822021486,0.6043450832366943,0.18654775619506837,0.774575412273407],"EasingStyle":"Linear","EasingDirection":"In"},"Torso":{"Weight":1,"CFrame":[-0.0435357391834259,0.04494410753250122,-0.07778072357177735,0.9870673418045044,-0.12594351172447205,0.09917929768562317,0.12097445875406265,0.9911507964134216,0.0546393096446991,-0.10518309473991394,-0.04193451255559921,0.9935684204101563],"EasingStyle":"Linear","EasingDirection":"In"},"HumanoidRootPart":{"Weight":0,"CFrame":[0,0,0,1,0,0,0,1,0,0,0,1],"EasingStyle":"Linear","EasingDirection":"In"},"Left Arm":{"Weight":1,"CFrame":[0.19962558150291444,-0.949668824672699,0.021706223487854005,0.5486097931861877,0.8262876272201538,0.1275779753923416,-0.6070504784584045,0.2887387275695801,0.7403510212898254,0.5749061107635498,-0.4836101531982422,0.6600031852722168],"EasingStyle":"Linear","EasingDirection":"In"}}},{"Time":0.36666667461395266,"poses":{"Left Leg":{"Weight":1,"CFrame":[-0.42802920937538149,0.1911919116973877,0.08926224708557129,0.984005331993103,-0.14022724330425263,0.10986354947090149,0.09899944812059403,0.9431892037391663,0.3171643614768982,-0.1480972170829773,-0.30121496319770815,0.9419856071472168],"EasingStyle":"Linear","EasingDirection":"In"},"Right Arm":{"Weight":1,"CFrame":[-0.17921645939350129,-0.7152847051620483,-0.023617267608642579,-0.3768894672393799,-0.8991246819496155,-0.22255109250545503,0.9171987771987915,-0.39579319953918459,0.04576442390680313,-0.12923213839530946,-0.18687553703784944,0.9738463163375855],"EasingStyle":"Linear","EasingDirection":"In"},"Head":{"Weight":1,"CFrame":[9.778887033462525e-8,3.725290298461914e-9,0.016662240028381349,0.9684664607048035,0.1744529753923416,-0.17787383496761323,-0.15390032529830934,0.9803329110145569,0.12354036420583725,0.19592757523059846,-0.09226987510919571,0.9762678146362305],"EasingStyle":"Linear","EasingDirection":"In"},"Right Leg":{"Weight":1,"CFrame":[0.15839219093322755,-0.04448211193084717,0.10174179077148438,0.8254312872886658,0.282254159450531,-0.4888720214366913,-0.30037805438041689,0.9528520703315735,0.042966168373823169,0.4779500961303711,0.11138073354959488,0.8712968230247498],"EasingStyle":"Linear","EasingDirection":"In"},"Torso":{"Weight":1,"CFrame":[-0.09752961993217468,0.04364612698554993,-0.0713052749633789,0.9914108514785767,-0.10846134275197983,0.07307951152324677,0.10473306477069855,0.9930838942527771,0.0530613474547863,-0.0783291757106781,-0.044951751828193668,0.9959136843681336],"EasingStyle":"Linear","EasingDirection":"In"},"HumanoidRootPart":{"Weight":0,"CFrame":[0,0,0,1,0,0,0,1,0,0,0,1],"EasingStyle":"Linear","EasingDirection":"In"},"Left Arm":{"Weight":1,"CFrame":[0.2018698751926422,-0.9447128772735596,0.026772618293762208,0.500615119934082,0.8651478886604309,0.03006400167942047,-0.5949668884277344,0.31863367557525637,0.7378935813903809,0.628807544708252,-0.38728782534599306,0.674247145652771],"EasingStyle":"Linear","EasingDirection":"In"}}},{"Time":0.4000000059604645,"poses":{"Left Leg":{"Weight":1,"CFrame":[-0.5194804668426514,0.17799842357635499,0.06079673767089844,0.986889123916626,-0.15488502383232118,-0.04539402201771736,0.1609957069158554,0.9247834086418152,0.3447549641132355,-0.011417796835303307,-0.34754323959350588,0.9375945329666138],"EasingStyle":"Linear","EasingDirection":"In"},"Right Arm":{"Weight":1,"CFrame":[-0.1796823889017105,-0.7133349180221558,-0.03494441509246826,-0.437850683927536,-0.8905827403068543,-0.12308169156312943,0.8961917161941528,-0.44325390458106997,0.01914193108677864,-0.07160385698080063,-0.10192351788282395,0.9922119379043579],"EasingStyle":"Linear","EasingDirection":"In"},"Head":{"Weight":1,"CFrame":[9.406358003616333e-8,-1.0244548320770264e-8,0.016662001609802247,0.9811735153198242,0.12189937382936478,-0.14979730546474458,-0.1049618348479271,0.9876617789268494,0.11622120440006256,0.1621164232492447,-0.09831025451421738,0.9818622469902039],"EasingStyle":"Linear","EasingDirection":"In"},"Right Leg":{"Weight":1,"CFrame":[0.37026646733283999,-0.001181960105895996,0.11539900302886963,0.8864968419075012,0.34207096695899966,-0.31162577867507937,-0.334562212228775,0.9390522837638855,0.07905086874961853,0.31967395544052126,0.03417982906103134,0.9469109773635864],"EasingStyle":"Linear","EasingDirection":"In"},"Torso":{"Weight":1,"CFrame":[-0.15214526653289796,0.041054993867874148,-0.11011695861816406,0.9954208731651306,-0.08566233515739441,0.04241972789168358,0.08352115005254746,0.9952552914619446,0.0499112494289875,-0.04649396985769272,-0.04613974317908287,0.9978525042533875],"EasingStyle":"Linear","EasingDirection":"In"},"HumanoidRootPart":{"Weight":0,"CFrame":[0,0,0,1,0,0,0,1,0,0,0,1],"EasingStyle":"Linear","EasingDirection":"In"},"Left Arm":{"Weight":1,"CFrame":[0.20425981283187867,-0.9397416114807129,0.03328359127044678,0.4161803424358368,0.9059604406356812,-0.077651247382164,-0.604880154132843,0.33960530161857607,0.7202695608139038,0.6789064407348633,-0.25279250741004946,0.689334511756897],"EasingStyle":"Linear","EasingDirection":"In"}}},{"Time":0.4333333373069763,"poses":{"Left Leg":{"Weight":1,"CFrame":[-0.6501362323760986,0.18669307231903077,0.022465109825134279,0.9669936299324036,-0.20655743777751923,-0.14918948709964753,0.24752934277057649,0.9004152417182922,0.35774514079093935,0.060437560081481937,-0.3828660249710083,0.9218248128890991],"EasingStyle":"Linear","EasingDirection":"In"},"Right Arm":{"Weight":1,"CFrame":[-0.17994703352451325,-0.71002596616745,-0.04365372657775879,-0.487875372171402,-0.8727293610572815,-0.017921308055520059,0.8726677894592285,-0.48812219500541689,0.013696718961000443,-0.020701289176940919,-0.00895705632865429,0.9997456669807434],"EasingStyle":"Linear","EasingDirection":"In"},"Head":{"Weight":1,"CFrame":[8.66129994392395e-8,4.6566128730773929e-9,0.016662001609802247,0.9905337691307068,0.06512483954429627,-0.1208379790186882,-0.051743246614933017,0.9925003051757813,0.11075147241353989,0.12714439630508424,-0.10345051437616348,0.9864746928215027],"EasingStyle":"Linear","EasingDirection":"In"},"Right Leg":{"Weight":1,"CFrame":[0.627632737159729,0.0633159875869751,0.08314752578735352,0.8979195952415466,0.41928038001060488,-0.13395628333091737,-0.4048619270324707,0.9061481952667236,0.1224028691649437,0.17270542681217194,-0.05567413941025734,0.9833988547325134],"EasingStyle":"Linear","EasingDirection":"In"},"Torso":{"Weight":1,"CFrame":[-0.2035038322210312,0.03731865435838699,-0.19813752174377442,0.9982190132141113,-0.0587080679833889,0.010598046705126763,0.05817088857293129,0.997275173664093,0.045368921011686328,-0.013232693076133728,-0.044671617448329929,0.9989140629768372],"EasingStyle":"Linear","EasingDirection":"In"},"HumanoidRootPart":{"Weight":0,"CFrame":[0,0,0,1,0,0,0,1,0,0,0,1],"EasingStyle":"Linear","EasingDirection":"In"},"Left Arm":{"Weight":1,"CFrame":[0.20626412332057954,-0.9349961280822754,0.04094862937927246,0.3034890294075012,0.933782696723938,-0.1895904839038849,-0.6319528818130493,0.3461747169494629,0.6933963298797607,0.7131128907203674,-0.09062620252370835,0.6951669454574585],"EasingStyle":"Linear","EasingDirection":"In"}}},{"Time":0.46666666865348818,"poses":{"Left Leg":{"Weight":1,"CFrame":[-0.7416836023330689,0.20261770486831666,0.017484307289123536,0.94983971118927,-0.2626253664493561,-0.16980135440826417,0.30723798274993899,0.8849871158599854,0.34986090660095217,0.05838964134454727,-0.38448113203048708,0.9212843775749207],"EasingStyle":"Linear","EasingDirection":"In"},"Right Arm":{"Weight":1,"CFrame":[-0.17992869019508363,-0.7059080004692078,-0.05005985498428345,-0.5268666744232178,-0.8458181619644165,0.08368464559316635,0.8496229648590088,-0.5268290638923645,0.024335581809282304,0.023504052311182023,0.0839218944311142,0.9961950778961182],"EasingStyle":"Linear","EasingDirection":"In"},"Head":{"Weight":1,"CFrame":[1.1012889444828034e-7,-4.656612873077393e-10,0.01666247844696045,0.9955124258995056,0.005850698333233595,-0.09445002675056458,0.004329492338001728,0.9942259192466736,0.10722018778324127,0.09453193098306656,-0.10714788734912873,0.989738941192627],"EasingStyle":"Linear","EasingDirection":"In"},"Right Leg":{"Weight":1,"CFrame":[0.8187664747238159,0.12797760963439942,0.006856322288513184,0.8845877051353455,0.4663269817829132,0.006608922500163317,-0.4611322283744812,0.8724393248558044,0.16188500821590424,0.06972553580999375,-0.14624911546707154,0.9867875576019287],"EasingStyle":"Linear","EasingDirection":"In"},"Torso":{"Weight":1,"CFrame":[-0.24762707948684693,0.032876305282115939,-0.2869434356689453,0.9994044303894043,-0.028836240991950036,-0.01895424909889698,0.029575757682323457,0.9987631440162659,0.039968278259038928,0.017778269946575166,-0.0405050627887249,0.9990211725234985],"EasingStyle":"Linear","EasingDirection":"In"},"HumanoidRootPart":{"Weight":0,"CFrame":[0,0,0,1,0,0,0,1,0,0,0,1],"EasingStyle":"Linear","EasingDirection":"In"},"Left Arm":{"Weight":1,"CFrame":[0.20750389993190766,-0.9306710958480835,0.04923200607299805,0.175038143992424,0.9388442039489746,-0.2965356707572937,-0.6687461733818054,0.33441779017448428,0.6640356183052063,0.7225926518440247,0.08207553625106812,0.6863843202590942],"EasingStyle":"Linear","EasingDirection":"In"}}},{"Time":0.5,"poses":{"Left Leg":{"Weight":1,"CFrame":[-0.7605246305465698,0.20379585027694703,0.05411684513092041,0.9451643824577332,-0.29581791162490847,-0.13840585947036744,0.3255789577960968,0.8868361115455627,0.32790249586105349,0.025743842124938966,-0.3549838066101074,0.9345179796218872],"EasingStyle":"Linear","EasingDirection":"In"},"Right Arm":{"Weight":1,"CFrame":[-0.17965687811374665,-0.7015590071678162,-0.05449783802032471,-0.5554132461547852,-0.8133436441421509,0.17317162454128266,0.8293996453285217,-0.5568674802780151,0.04466653987765312,0.060104433447122577,0.16843675076961518,0.9838782548904419],"EasingStyle":"Linear","EasingDirection":"In"},"Head":{"Weight":1,"CFrame":[7.732160156592727e-8,-2.066371962428093e-8,0.0166623592376709,0.9958280324935913,-0.054199691861867908,-0.07340974360704422,0.06178983673453331,0.9925068616867065,0.1054142639040947,0.06714622676372528,-0.10951041430234909,0.9917150735855103],"EasingStyle":"Linear","EasingDirection":"In"},"Right Leg":{"Weight":1,"CFrame":[0.9014444351196289,0.1738223433494568,-0.04613274335861206,0.8784245252609253,0.4713035821914673,0.07901441305875778,-0.4774946868419647,0.8589848875999451,0.18478043377399445,0.019215557724237443,-0.2000446915626526,0.979598343372345],"EasingStyle":"Linear","EasingDirection":"In"},"Torso":{"Weight":1,"CFrame":[-0.28084897994995119,0.027954325079917909,-0.32780027389526369,0.9990480542182922,0.0027417652308940889,-0.043536823242902759,-0.0012618006439879537,0.9994216561317444,0.033984553068876269,0.04360481724143028,-0.033897269517183307,0.9984736442565918],"EasingStyle":"Linear","EasingDirection":"In"},"HumanoidRootPart":{"Weight":0,"CFrame":[0,0,0,1,0,0,0,1,0,0,0,1],"EasingStyle":"Linear","EasingDirection":"In"},"Left Arm":{"Weight":1,"CFrame":[0.2078966647386551,-0.9268283843994141,0.0574420690536499,0.045963168144226077,0.9205678105354309,-0.3878692388534546,-0.7064781785011292,0.3044646382331848,0.6388973593711853,0.7062408328056336,0.24465520679950715,0.6643550992012024],"EasingStyle":"Linear","EasingDirection":"In"}}},{"Time":0.5333333611488342,"poses":{"Left Leg":{"Weight":1,"CFrame":[-0.6936081051826477,0.17790818214416505,0.14017021656036378,0.9532561898231506,-0.29718467593193056,-0.05462713539600372,0.300234317779541,0.9111652374267578,0.2822009027004242,-0.03409148380160332,-0.28541070222854617,0.9577988386154175],"EasingStyle":"Linear","EasingDirection":"In"},"Right Arm":{"Weight":1,"CFrame":[-0.17925472557544709,-0.6976047158241272,-0.05729573965072632,-0.5746185183525086,-0.7813712358474731,0.24345968663692475,0.8137045502662659,-0.577335000038147,0.06759573519229889,0.08774042874574661,0.23694592714309693,0.967552661895752],"EasingStyle":"Linear","EasingDirection":"In"},"Head":{"Weight":1,"CFrame":[6.193295121192932e-8,3.725290298461914e-9,0.016662001609802247,0.9918517470359802,-0.11368931829929352,-0.05748806148767471,0.11924858391284943,0.9873069524765015,0.1049036830663681,0.04483189061284065,-0.11090422421693802,0.9928194284439087],"EasingStyle":"Linear","EasingDirection":"In"},"Right Leg":{"Weight":1,"CFrame":[0.8957877159118652,0.1895851492881775,-0.0685187578201294,0.891424298286438,0.4398455321788788,0.10908138006925583,-0.45311257243156435,0.8689295053482056,0.19912461936473847,-0.007199886720627546,-0.22693076729774476,0.9738843441009522],"EasingStyle":"Linear","EasingDirection":"In"},"Torso":{"Weight":1,"CFrame":[-0.3019244074821472,0.022619161754846574,-0.3008904457092285,0.9973720908164978,0.034917041659355167,-0.06348012387752533,-0.03322625905275345,0.9990695118904114,0.027498507872223855,0.06438121944665909,-0.025317037478089334,0.9976041913032532],"EasingStyle":"Linear","EasingDirection":"In"},"HumanoidRootPart":{"Weight":0,"CFrame":[0,0,0,1,0,0,0,1,0,0,0,1],"EasingStyle":"Linear","EasingDirection":"In"},"Left Arm":{"Weight":1,"CFrame":[0.20768730342388154,-0.9233758449554443,0.06492733955383301,-0.07000036537647248,0.8880105018615723,-0.4544641971588135,-0.7373677492141724,0.2607758641242981,0.6231249570846558,0.6718547940254211,0.3787258565425873,0.63653564453125],"EasingStyle":"Linear","EasingDirection":"In"}}},{"Time":0.5666666626930237,"poses":{"Left Leg":{"Weight":1,"CFrame":[-0.5437522530555725,0.13102734088897706,0.27026939392089846,0.9556324481964111,-0.2724749445915222,0.11191117018461228,0.2466192990541458,0.9478572010993958,0.2018556296825409,-0.16107642650604249,-0.16530029475688935,0.9730006456375122],"EasingStyle":"Linear","EasingDirection":"In"},"Right Arm":{"Weight":1,"CFrame":[-0.1788962185382843,-0.6947209239006043,-0.05875951051712036,-0.5856947898864746,-0.7572270035743713,0.2890828847885132,0.80369633436203,-0.5887838006019592,0.08605808019638062,0.10504177212715149,0.28273847699165347,0.9534281492233276],"EasingStyle":"Linear","EasingDirection":"In"},"Head":{"Weight":1,"CFrame":[1.2153759598731995e-7,-5.587935447692871e-9,0.016662240028381349,0.984139084815979,-0.17142175137996674,-0.04566048085689545,0.17538481950759889,0.978859007358551,0.10523886978626251,0.02665487863123417,-0.11157780885696411,0.9933982491493225],"EasingStyle":"Linear","EasingDirection":"In"},"Right Leg":{"Weight":1,"CFrame":[0.845310628414154,0.18442904949188233,-0.10098719596862793,0.9129962921142578,0.38343021273612978,0.13935258984565736,-0.4062035381793976,0.8861061334609985,0.22319205105304719,-0.037902530282735828,-0.26037904620170596,0.9647622108459473],"EasingStyle":"Linear","EasingDirection":"In"},"Torso":{"Weight":1,"CFrame":[-0.3117745518684387,0.016922026872634889,-0.23584794998168946,0.9945765733718872,0.0666230097413063,-0.07986760139465332,-0.06517763435840607,0.9976615905761719,0.02057240530848503,0.08105143159627915,-0.015255250968039036,0.996593177318573],"EasingStyle":"Linear","EasingDirection":"In"},"HumanoidRootPart":{"Weight":0,"CFrame":[0,0,0,1,0,0,0,1,0,0,0,1],"EasingStyle":"Linear","EasingDirection":"In"},"Left Arm":{"Weight":1,"CFrame":[0.20733433961868287,-0.9201324582099915,0.07122278213500977,-0.16356797516345979,0.85619056224823,-0.49008500576019289,-0.7563930749893189,0.21007992327213288,0.6194643378257752,0.6333365440368652,0.4720214903354645,0.613254189491272],"EasingStyle":"Linear","EasingDirection":"In"}}},{"Time":0.6000000238418579,"poses":{"Left Leg":{"Weight":1,"CFrame":[-0.3156842887401581,0.06394803524017334,0.33317482471466067,0.9242885708808899,-0.2109789103269577,0.31808575987815859,0.18094822764396668,0.9759548306465149,0.12153152376413346,-0.3360779583454132,-0.05477314814925194,0.940240204334259],"EasingStyle":"Linear","EasingDirection":"In"},"Right Arm":{"Weight":1,"CFrame":[-0.17874914407730103,-0.693605899810791,-0.059181034564971927,-0.5893858075141907,-0.7479060888290405,0.30538663268089297,0.8001960515975952,-0.592399537563324,0.0935368537902832,0.11095410585403443,0.2994983494281769,0.9476232528686523],"EasingStyle":"Linear","EasingDirection":"In"},"Head":{"Weight":1,"CFrame":[1.1757947504520416e-7,1.862645149230957e-9,0.016661524772644044,0.9732941389083862,-0.22586998343467713,-0.04100482165813446,0.22896113991737367,0.9680491089820862,0.10226406157016754,0.016596220433712007,-0.10892147570848465,0.993911862373352],"EasingStyle":"Linear","EasingDirection":"In"},"Right Leg":{"Weight":1,"CFrame":[0.7524797320365906,0.17333769798278809,-0.10287433862686157,0.9404554963111877,0.31577759981155398,0.12580974400043488,-0.33776214718818667,0.9097393155097961,0.24143585562705995,-0.03821398690342903,-0.26955339312553408,0.9622269868850708],"EasingStyle":"Linear","EasingDirection":"In"},"Torso":{"Weight":1,"CFrame":[-0.3127412796020508,0.010930532589554787,-0.15810537338256837,0.9908912181854248,0.09681442379951477,-0.09360364079475403,-0.09598927944898606,0.9952936768531799,0.013288442976772786,0.09444962441921234,-0.004182456526905298,0.9955208897590637],"EasingStyle":"Linear","EasingDirection":"In"},"HumanoidRootPart":{"Weight":0,"CFrame":[0,0,0,1,0,0,0,1,0,0,0,1],"EasingStyle":"Linear","EasingDirection":"In"},"Left Arm":{"Weight":1,"CFrame":[0.20733270049095155,-0.9169255495071411,0.07603669166564942,-0.22949965298175813,0.8409586548805237,-0.49001920223236086,-0.7613387703895569,0.15854892134666444,0.6286696791648865,0.6063771843910217,0.517349898815155,0.6038672924041748],"EasingStyle":"Linear","EasingDirection":"In"}}},{"Time":0.6333333253860474,"poses":{"Left Leg":{"Weight":1,"CFrame":[-0.07255186885595322,0.004261016845703125,0.26605451107025149,0.8512517809867859,-0.1314973384141922,0.5080147981643677,0.11321716755628586,0.9913163185119629,0.06688617914915085,-0.5123987197875977,0.000579057028517127,0.8587475419044495],"EasingStyle":"Linear","EasingDirection":"In"},"Right Arm":{"Weight":1,"CFrame":[-0.17786504328250886,-0.6947551965713501,-0.0487438440322876,-0.5920257568359375,-0.7581261396408081,0.27340465784072878,0.8013516068458557,-0.5898276567459106,0.09969489276409149,0.08568026125431061,0.2781151831150055,0.9567188620567322],"EasingStyle":"Linear","EasingDirection":"In"},"Head":{"Weight":1,"CFrame":[5.2386894822120669e-8,-9.313225746154786e-10,0.016662120819091798,0.9602124094963074,-0.275606244802475,-0.045094527304172519,0.27870747447013857,0.9