{"Sequence":[{"Time":0,"poses":{"Left Leg":{"Weight":1,"CFrame":[-0.529517412185669,0.34188151359558108,0.01536262035369873,0.9930936098098755,-0.04907166212797165,0.10656938701868057,0.0423230342566967,0.9970074892044067,0.06469057500362396,-0.10942494124174118,-0.05973350256681442,0.992198646068573],"EasingStyle":"Linear","EasingDirection":"Out"},"Right Arm":{"Weight":1,"CFrame":[-0.1470164954662323,0.044002413749694827,-0.1289399266242981,0.9136304259300232,-0.17187076807022096,0.36842891573905947,0.1657242625951767,0.9849775433540344,0.048525020480155948,-0.37123438715934756,0.016723666340112687,0.9283886551856995],"EasingStyle":"Linear","EasingDirection":"Out"},"Left Arm":{"Weight":1,"CFrame":[0.1321917474269867,-0.05901184678077698,0.16612136363983155,0.5710076689720154,0.33338555693626406,-0.7502028346061707,-0.2056075930595398,0.9427804350852966,0.26246994733810427,0.7947803139686585,0.004375042859464884,0.6068816184997559],"EasingStyle":"Linear","EasingDirection":"Out"},"Head":{"Weight":1,"CFrame":[5.889863814445562e-7,3.175191523041576e-7,0.016662955284118654,0.9963752627372742,-0.0735313892364502,-0.04277176782488823,0.07592041045427323,0.9954714775085449,0.05720670521259308,0.038371551781892779,-0.060246556997299197,0.9974457025527954],"EasingStyle":"Linear","EasingDirection":"Out"},"Torso":{"Weight":1,"CFrame":[-0.10011519491672516,0.18969660997390748,-0.31919193267822268,0.9999988079071045,0.0003752814373001456,0.0014793367590755225,-0.00010922147339442745,0.9844087958335877,-0.17589573562145234,-0.0015222826041281224,0.17589536309242249,0.9844076633453369],"EasingStyle":"Linear","EasingDirection":"Out"},"HumanoidRootPart":{"Weight":0,"CFrame":[0,0,0,1,0,0,0,1,0,0,0,1],"EasingStyle":"Linear","EasingDirection":"In"},"Right Leg":{"Weight":1,"CFrame":[0.44753214716911318,0.2679576277732849,0.0975196361541748,0.966396152973175,0.20333294570446015,-0.15727101266384126,-0.2094123661518097,0.9775586724281311,-0.022924888879060746,0.1490802764892578,0.05508904904127121,0.9872893691062927],"EasingStyle":"Linear","EasingDirection":"Out"}}},{"Time":0.03333333507180214,"poses":{"Left Leg":{"Weight":1,"CFrame":[-0.4220396876335144,0.29986751079559328,0.016552090644836427,0.991235077381134,0.05495927110314369,0.12013553828001023,-0.060951147228479388,0.9970438480377197,0.04678139463067055,-0.117209292948246,-0.05369378253817558,0.991654634475708],"EasingStyle":"Linear","EasingDirection":"Out"},"Right Arm":{"Weight":1,"CFrame":[-0.13922160863876344,0.027806460857391359,-0.12871086597442628,0.9228557348251343,-0.1023753434419632,0.37129056453704836,0.08866342902183533,0.9946041703224182,0.053864382207393649,-0.3748014271259308,-0.01678919792175293,0.9269530773162842],"EasingStyle":"Linear","EasingDirection":"Out"},"Left Arm":{"Weight":1,"CFrame":[0.1330064833164215,-0.08304381370544434,0.140708327293396,0.6140550374984741,0.22906029224395753,-0.7552932500839233,-0.11351045221090317,0.9726414084434509,0.20269180834293366,0.781058132648468,-0.038730330765247348,0.6232560873031616],"EasingStyle":"Linear","EasingDirection":"Out"},"Head":{"Weight":1,"CFrame":[6.01867213845253e-7,1.9348226487636567e-7,0.01666259765625,0.9982051849365234,-0.03784521296620369,-0.046413373202085498,0.04088665917515755,0.9969528317451477,0.0664328932762146,0.04375776648521423,-0.06821135431528092,0.9967108368873596],"EasingStyle":"Linear","EasingDirection":"Out"},"Torso":{"Weight":1,"CFrame":[-0.0947713851928711,0.1385456919670105,-0.2685270309448242,0.9999191761016846,0.012339706532657147,-0.003055410459637642,-0.012711672112345696,0.9730418920516968,-0.2302778959274292,0.00013148103607818484,0.23029813170433045,0.9731200933456421],"EasingStyle":"Linear","EasingDirection":"Out"},"HumanoidRootPart":{"Weight":0,"CFrame":[0,0,0,1,0,0,0,1,0,0,0,1],"EasingStyle":"Linear","EasingDirection":"In"},"Right Leg":{"Weight":1,"CFrame":[0.4110194742679596,0.2477208375930786,0.0844794511795044,0.9818373322486877,0.12256648391485214,-0.144820436835289,-0.1270802766084671,0.991641640663147,-0.022304121404886247,0.14087623357772828,0.040302857756614688,0.9892065525054932],"EasingStyle":"Linear","EasingDirection":"Out"}}},{"Time":0.06666667014360428,"poses":{"Left Leg":{"Weight":1,"CFrame":[-0.34345269203186037,0.2648427486419678,0.016297340393066407,0.9825049042701721,0.13197292387485505,0.13140521943569184,-0.13691280782222749,0.9901509881019592,0.02925628051161766,-0.12624993920326234,-0.04673546180129051,0.9908969402313232],"EasingStyle":"Linear","EasingDirection":"Out"},"Right Arm":{"Weight":1,"CFrame":[-0.12541674077510835,0.020634889602661134,-0.12638098001480103,0.9317587018013,-0.05746060609817505,0.35850247740745547,0.03687877207994461,0.9972687363624573,0.06399250030517578,-0.36120036244392397,-0.04640445485711098,0.9313328862190247],"EasingStyle":"Linear","EasingDirection":"Out"},"Left Arm":{"Weight":1,"CFrame":[0.12852850556373597,-0.10189980268478394,0.1134101152420044,0.659436821937561,0.1585482954978943,-0.7348507642745972,-0.047911614179611209,0.9843835234642029,0.1693916767835617,0.7502316832542419,-0.0764952301979065,0.6567349433898926],"EasingStyle":"Linear","EasingDirection":"Out"},"Head":{"Weight":1,"CFrame":[6.060581654310226e-7,1.4551915228366853e-7,0.0166623592376709,0.9987635612487793,-0.004427086096256971,-0.049515023827552798,0.008146095089614392,0.9971381425857544,0.07516122609376908,0.04904056712985039,-0.07547161728143692,0.9959412813186646],"EasingStyle":"Linear","EasingDirection":"Out"},"Torso":{"Weight":1,"CFrame":[-0.0852336585521698,0.09888572245836258,-0.2403850555419922,0.9996848106384277,0.023893719539046289,-0.007708914577960968,-0.02508929930627346,0.9621098637580872,-0.27150535583496096,0.0009295493946410716,0.2716131806373596,0.9624060392379761],"EasingStyle":"Linear","EasingDirection":"Out"},"HumanoidRootPart":{"Weight":0,"CFrame":[0,0,0,1,0,0,0,1,0,0,0,1],"EasingStyle":"Linear","EasingDirection":"In"},"Right Leg":{"Weight":1,"CFrame":[0.4041060209274292,0.23821371793746949,0.07629930973052979,0.9885507225990295,0.06996503472328186,-0.1336875706911087,-0.07288496941328049,0.9971942901611328,-0.017067935317754747,0.1321183145046234,0.02661632001399994,0.9908765554428101],"EasingStyle":"Linear","EasingDirection":"Out"}}},{"Time":0.10000000149011612,"poses":{"Left Leg":{"Weight":1,"CFrame":[-0.3123607039451599,0.25572168827056887,0.01566934585571289,0.9752252697944641,0.17453362047672273,0.1359180212020874,-0.17891091108322144,0.9836497902870178,0.020589638501405717,-0.13010215759277345,-0.0443967841565609,0.990506112575531],"EasingStyle":"Linear","EasingDirection":"Out"},"Right Arm":{"Weight":1,"CFrame":[-0.10957469046115875,0.034487128257751468,-0.11715269088745117,0.9458256363868713,-0.05143623799085617,0.3205748498439789,0.025655483826994897,0.9961241483688355,0.08413385599851608,-0.32365983724594118,-0.07135148346424103,0.9434793591499329],"EasingStyle":"Linear","EasingDirection":"Out"},"Left Arm":{"Weight":1,"CFrame":[0.11828246712684632,-0.09875455498695374,0.08928442001342774,0.7163917422294617,0.15217149257659913,-0.6809014678001404,-0.02756660431623459,0.981336772441864,0.1903107911348343,0.6971535086631775,-0.11756698042154312,0.7072163224220276],"EasingStyle":"Linear","EasingDirection":"Out"},"Head":{"Weight":1,"CFrame":[6.118789315223694e-7,2.0512379705905915e-7,0.016662120819091798,0.998554527759552,0.016116758808493615,-0.05127427354454994,-0.011949356645345688,0.9966773986816406,0.08056922256946564,0.052402399480342868,-0.0798400342464447,0.9954293370246887],"EasingStyle":"Linear","EasingDirection":"Out"},"Torso":{"Weight":1,"CFrame":[-0.06851520389318466,0.06933451443910599,-0.23286819458007813,0.999545156955719,0.02968433126807213,-0.005316730588674545,-0.02990657091140747,0.9530667662620544,-0.3012794256210327,-0.003876078175380826,0.30130138993263247,0.9535210728645325],"EasingStyle":"Linear","EasingDirection":"Out"},"HumanoidRootPart":{"Weight":0,"CFrame":[0,0,0,1,0,0,0,1,0,0,0,1],"EasingStyle":"Linear","EasingDirection":"In"},"Right Leg":{"Weight":1,"CFrame":[0.4025663435459137,0.2362714409828186,0.07332968711853028,0.9909730553627014,0.036521103233098987,-0.12899066507816316,-0.03896704688668251,0.9991044402122498,-0.016488414257764818,0.12827295064926148,0.021365981549024583,0.9915087223052979],"EasingStyle":"Linear","EasingDirection":"Out"}}},{"Time":0.13333334028720857,"poses":{"Left Leg":{"Weight":1,"CFrame":[-0.3499338924884796,0.2965996265411377,0.018657803535461427,0.9760221838951111,0.16979479789733888,0.136199951171875,-0.17495650053024293,0.9842118620872498,0.02678018994629383,-0.12950244545936585,-0.04996715113520622,0.9903193116188049],"EasingStyle":"Linear","EasingDirection":"Out"},"Right Arm":{"Weight":1,"CFrame":[-0.09501269459724426,0.07499510049819946,-0.09783798456192017,0.9624491930007935,-0.09313593059778214,0.25498488545417788,0.06570513546466828,0.9912969470024109,0.11407530307769776,-0.2633901536464691,-0.09303794801235199,0.9601924419403076],"EasingStyle":"Linear","EasingDirection":"Out"},"Left Arm":{"Weight":1,"CFrame":[0.10149039328098297,-0.06486460566520691,0.07183027267456055,0.7800425887107849,0.22653165459632874,-0.5832813382148743,-0.07318419218063355,0.958797812461853,0.2745008170604706,0.6214319467544556,-0.17143546044826508,0.7644816637039185],"EasingStyle":"Linear","EasingDirection":"Out"},"Head":{"Weight":1,"CFrame":[5.993060767650604e-7,2.9674265533685686e-7,0.01666271686553955,0.9986022114753723,-0.003068360034376383,-0.0527656190097332,0.007658717688173056,0.996177613735199,0.08701466768980026,0.05229690298438072,-0.08729708939790726,0.9948086142539978],"EasingStyle":"Linear","EasingDirection":"Out"},"Torso":{"Weight":1,"CFrame":[-0.043302953243255618,0.047822121530771258,-0.2525978088378906,0.9994723200798035,0.03126296028494835,0.008814441040158272,-0.02676449529826641,0.9464061260223389,-0.32186824083328249,-0.01840459369122982,0.321462482213974,0.9467434287071228],"EasingStyle":"Linear","EasingDirection":"Out"},"HumanoidRootPart":{"Weight":0,"CFrame":[0,0,0,1,0,0,0,1,0,0,0,1],"EasingStyle":"Linear","EasingDirection":"In"},"Right Leg":{"Weight":1,"CFrame":[0.4045167565345764,0.24428701400756837,0.07611620426177979,0.9914638996124268,0.021004412323236467,-0.12867827713489533,-0.02470136247575283,0.9993247389793396,-0.027201781049370767,0.1280200183391571,0.030148135498166086,0.9913132786750794],"EasingStyle":"Linear","EasingDirection":"Out"}}},{"Time":0.1666666716337204,"poses":{"Left Leg":{"Weight":1,"CFrame":[-0.47504788637161257,0.4204599857330322,0.02722632884979248,0.9855313897132874,0.09910622984170914,0.137498676776886,-0.10601745545864105,0.9933961033821106,0.04386826232075691,-0.1322430670261383,-0.05781085789203644,0.9895300269126892],"EasingStyle":"Linear","EasingDirection":"Out"},"Right Arm":{"Weight":1,"CFrame":[-0.08259660005569458,0.12250357866287232,-0.07138925790786743,0.9655978083610535,-0.17349904775619508,0.1936982423067093,0.14700135588645936,0.9786324501037598,0.14376743137836457,-0.21450288593769074,-0.1103476732969284,0.9704699516296387],"EasingStyle":"Linear","EasingDirection":"Out"},"Left Arm":{"Weight":1,"CFrame":[0.07693152874708176,-0.02309700846672058,0.05910074710845947,0.812752366065979,0.3605937361717224,-0.457608699798584,-0.18813414871692658,0.9058072566986084,0.37962964177131655,0.5513973832130432,-0.22245317697525025,0.8040370941162109],"EasingStyle":"Linear","EasingDirection":"Out"},"Head":{"Weight":1,"CFrame":[5.941838026046753e-7,1.5023397281765939e-7,0.0166623592376709,0.9977836608886719,-0.03646564111113548,-0.05565997213125229,0.04181383550167084,0.9942916035652161,0.09816201776266098,0.051762670278549197,-0.10027176886796951,0.9936127066612244],"EasingStyle":"Linear","EasingDirection":"Out"},"Torso":{"Weight":1,"CFrame":[-0.014895549044013024,0.03189373016357422,-0.33699989318847659,0.9990149736404419,0.0330645926296711,0.029594790190458299,-0.02125570923089981,0.9420032501220703,-0.3349299132823944,-0.03895270824432373,0.33397090435028078,0.9417781829833984],"EasingStyle":"Linear","EasingDirection":"Out"},"HumanoidRootPart":{"Weight":0,"CFrame":[0,0,0,1,0,0,0,1,0,0,0,1],"EasingStyle":"Linear","EasingDirection":"In"},"Right Leg":{"Weight":1,"CFrame":[0.4894707202911377,0.29958438873291018,0.09341287612915039,0.9893261194229126,0.06876905262470246,-0.12847058475017548,-0.07487012445926666,0.9962539076805115,-0.04327422380447388,0.12501339614391328,0.0524309016764164,0.9907687306404114],"EasingStyle":"Linear","EasingDirection":"Out"}}},{"Time":0.20000000298023225,"poses":{"Left Leg":{"Weight":1,"CFrame":[-0.7016915082931519,0.800967276096344,0.024499058723449708,0.9862101674079895,-0.08515641838312149,0.14190815389156342,0.07543826848268509,0.9945100545883179,0.07251808047294617,-0.1473044455051422,-0.06081276759505272,0.9872199296951294],"EasingStyle":"Linear","EasingDirection":"Out"},"Right Arm":{"Weight":1,"CFrame":[-0.07265964150428772,0.150987446308136,-0.042095303535461429,0.9427943229675293,-0.28110674023628237,0.17921486496925355,0.251985102891922,0.9528617262840271,0.16899073123931886,-0.2182714194059372,-0.11416423320770264,0.9691873788833618],"EasingStyle":"Linear","EasingDirection":"Out"},"Left Arm":{"Weight":1,"CFrame":[0.04359797388315201,-0.004157304763793945,0.04805755615234375,0.7755886316299439,0.5310450196266174,-0.3412528932094574,-0.35408851504325869,0.8135505318641663,0.4612557291984558,0.5225740671157837,-0.2369108945131302,0.8190174698829651],"EasingStyle":"Linear","EasingDirection":"Out"},"Head":{"Weight":1,"CFrame":[6.328336894512177e-7,3.417953848838806e-7,0.0166623592376709,0.9958204030990601,-0.06978096812963486,-0.05892639234662056,0.07591260224580765,0.9911180138587952,0.10918959230184555,0.05078365281224251,-0.11320643126964569,0.9922727942466736],"EasingStyle":"Linear","EasingDirection":"Out"},"Torso":{"Weight":1,"CFrame":[0.00982904527336359,0.01976943016052246,-0.7096884250640869,0.9981884956359863,0.034083470702171329,0.04957811161875725,-0.015155755914747715,0.9399293065071106,-0.34103262424468996,-0.05822349339723587,0.33966344594955447,0.9387431740760803],"EasingStyle":"Linear","EasingDirection":"Out"},"HumanoidRootPart":{"Weight":0,"CFrame":[0,0,0,1,0,0,0,1,0,0,0,1],"EasingStyle":"Linear","EasingDirection":"In"},"Right Leg":{"Weight":1,"CFrame":[0.7453816533088684,0.5674165487289429,0.1441338062286377,0.954586386680603,0.26717662811279299,-0.13183893263339997,-0.2753816246986389,0.9601268768310547,-0.04818078503012657,0.11370932310819626,0.08229874819517136,0.9900995492935181],"EasingStyle":"Linear","EasingDirection":"Out"}}},{"Time":0.23333333432674409,"poses":{"Left Leg":{"Weight":1,"CFrame":[-0.7073501348495483,0.8027864694595337,0.01698148250579834,0.9857988953590393,-0.09197943657636643,0.14050018787384034,0.08092160522937775,0.9933006167411804,0.08249618113040924,-0.14714686572551728,-0.06995514780282974,0.9866377711296082],"EasingStyle":"Linear","EasingDirection":"Out"},"Right Arm":{"Weight":1,"CFrame":[-0.06554274260997772,0.13441210985183717,-0.013788819313049317,0.8784050345420837,-0.4047655165195465,0.25410526990890505,0.3621920049190521,0.9106980562210083,0.19860979914665223,-0.3118036091327667,-0.08242499083280564,0.9465646743774414],"EasingStyle":"Linear","EasingDirection":"Out"},"Left Arm":{"Weight":1,"CFrame":[0.0006869100034236908,-0.038807213306427,0.03615713119506836,0.6343846917152405,0.7184126377105713,-0.2853759229183197,-0.5402787923812866,0.676095724105835,0.5009922385215759,0.552860677242279,-0.16363930702209474,0.8170479536056519],"EasingStyle":"Linear","EasingDirection":"Out"},"Head":{"Weight":1,"CFrame":[6.265472620725632e-7,3.3550895750522616e-7,0.016662001609802247,0.9941778182983398,-0.08884499222040177,-0.060967184603214267,0.09543734043836594,0.9887169599533081,0.1154579222202301,0.05002141371369362,-0.1206042617559433,0.9914395809173584],"EasingStyle":"Linear","EasingDirection":"Out"},"Torso":{"Weight":1,"CFrame":[0.023796439170837404,0.0096892099827528,-0.7055130004882813,0.9975811839103699,0.03318183124065399,0.06107937544584274,-0.010408656671643258,0.940106987953186,-0.3407205045223236,-0.06872688233852387,0.33926063776016238,0.9381784796714783],"EasingStyle":"Linear","EasingDirection":"Out"},"HumanoidRootPart":{"Weight":0,"CFrame":[0,0,0,1,0,0,0,1,0,0,0,1],"EasingStyle":"Linear","EasingDirection":"In"},"Right Leg":{"Weight":1,"CFrame":[0.7453883290290833,0.5451306104660034,0.14924418926239015,0.9528576731681824,0.2724149525165558,-0.1336125284433365,-0.2817399501800537,0.9578343629837036,-0.05635477229952812,0.11262684315443039,0.09134208410978317,0.9894300699234009],"EasingStyle":"Linear","EasingDirection":"Out"}}},{"Time":0.2666666805744171,"poses":{"Left Leg":{"Weight":1,"CFrame":[-0.8128044605255127,0.5182956457138062,0.013688325881958008,0.9830413460731506,-0.12128908932209015,0.13754501938819886,0.11053046584129334,0.99037104845047,0.08335548639297486,-0.14633069932460786,-0.06673901528120041,0.9869818687438965],"EasingStyle":"Linear","EasingDirection":"Out"},"Right Arm":{"Weight":1,"CFrame":[-0.057663511484861377,-0.026028096675872804,0.028128981590270997,0.5647426247596741,-0.5788409113883972,0.5882253050804138,0.5053614377975464,0.8060621023178101,0.3080156445503235,-0.6524381637573242,0.12331684678792954,0.7477415204048157],"EasingStyle":"Linear","EasingDirection":"Out"},"Left Arm":{"Weight":1,"CFrame":[-0.09668571501970291,-0.25628915429115298,0.011788249015808106,0.08757627010345459,0.9130666255950928,-0.3982960879802704,-0.7887431383132935,0.3077751398086548,0.5321267247200012,0.6084527373313904,0.26755157113075259,0.7471287250518799],"EasingStyle":"Linear","EasingDirection":"Out"},"Head":{"Weight":1,"CFrame":[1.94646418094635e-7,2.8638169169425966e-8,0.016662240028381349,0.9989716410636902,0.004120520316064358,-0.04515166953206062,0.002872276585549116,0.988109827041626,0.15372298657894135,0.04524821415543556,-0.15369459986686707,0.9870818257331848],"EasingStyle":"Linear","EasingDirection":"Out"},"Torso":{"Weight":1,"CFrame":[0.010464890860021115,-0.01886463165283203,-0.43427443504333498,0.9986070394515991,0.02542152814567089,0.046235524117946628,-0.00863331463187933,0.9431945085525513,-0.3321289122104645,-0.05205231532454491,0.3312671184539795,0.9421001076698303],"EasingStyle":"Linear","EasingDirection":"Out"},"HumanoidRootPart":{"Weight":0,"CFrame":[0,0,0,1,0,0,0,1,0,0,0,1],"EasingStyle":"Linear","EasingDirection":"In"},"Right Leg":{"Weight":1,"CFrame":[0.7978160381317139,0.581732988357544,0.1062401533126831,0.9498210549354553,0.29940569400787356,-0.09053287655115128,-0.3029197156429291,0.9526155591011047,-0.027626026421785356,0.07797162234783173,0.0536639466881752,0.9955102205276489],"EasingStyle":"Linear","EasingDirection":"Out"}}},{"Time":0.30000001192092898,"poses":{"Left Leg":{"Weight":1,"CFrame":[-0.40970221161842348,0.11645883321762085,-0.021171391010284425,0.9796308875083923,0.15181761980056764,0.1314336359500885,-0.1606530100107193,0.9852222204208374,0.05939561128616333,-0.12047401815652847,-0.07930098474025727,0.9895440340042114],"EasingStyle":"Linear","EasingDirection":"Out"},"Right Arm":{"Weight":1,"CFrame":[-0.05618703365325928,-0.06780648231506348,0.03489279747009277,0.4742359220981598,-0.5916586518287659,0.651951253414154,0.5181769728660584,0.7862486243247986,0.3366089463233948,-0.7117533683776856,0.1781940758228302,0.6794512271881104],"EasingStyle":"Linear","EasingDirection":"Out"},"Left Arm":{"Weight":1,"CFrame":[-0.11721539497375488,-0.31089597940444949,0.007009625434875488,-0.03784024342894554,0.9001504778862,-0.433932363986969,-0.8072191476821899,0.22843404114246369,0.5442563891410828,0.5890376567840576,0.37087324261665347,0.7179747223854065],"EasingStyle":"Linear","EasingDirection":"Out"},"Head":{"Weight":1,"CFrame":[4.1443854570388797e-8,-7.916241884231568e-9,0.016662240028381349,0.9985792636871338,0.03654572740197182,-0.03877933323383331,-0.029595745727419854,0.9855636954307556,0.16669811308383943,0.04431159049272537,-0.16531357169151307,0.9852451086044312],"EasingStyle":"Linear","EasingDirection":"Out"},"Torso":{"Weight":1,"CFrame":[-0.003753277938812971,-0.05094122886657715,-0.050132036209106448,0.9992956519126892,0.02175869606435299,0.030573952943086625,-0.010180979035794735,0.941379725933075,-0.33719518780708315,-0.03611862659454346,0.3366464078426361,0.9409381747245789],"EasingStyle":"Linear","EasingDirection":"Out"},"HumanoidRootPart":{"Weight":0,"CFrame":[0,0,0,1,0,0,0,1,0,0,0,1],"EasingStyle":"Linear","EasingDirection":"In"},"Right Leg":{"Weight":1,"CFrame":[0.635658860206604,0.38893330097198489,0.07407116889953613,0.9833201169967651,0.16489604115486146,-0.07675178349018097,-0.1666972041130066,0.9858503341674805,-0.01763962022960186,0.0727570578455925,0.030139701440930368,0.9968941807746887],"EasingStyle":"Linear","EasingDirection":"Out"}}},{"Time":0.3333333432674408,"poses":{"Left Leg":{"Weight":1,"CFrame":[-0.08808492124080658,0.00034630298614501953,-0.041758179664611819,0.9352785348892212,0.33719688653945925,0.10748177021741867,-0.34424570202827456,0.9372601509094238,0.05512086674571037,-0.08215179294347763,-0.0885535404086113,0.9926778674125671],"EasingStyle":"Linear","EasingDirection":"Out"},"Right Arm":{"Weight":1,"CFrame":[-0.0857326090335846,-0.010765165090560913,0.06453514099121094,0.4852420389652252,-0.5885561108589172,0.6466390490531921,0.5052735209465027,0.7923062443733215,0.34197860956192019,-0.7136096954345703,0.16078715026378632,0.681842029094696],"EasingStyle":"Linear","EasingDirection":"Out"},"Left Arm":{"Weight":1,"CFrame":[-0.14518049359321595,-0.3075460195541382,0.05066704750061035,-0.22553648054599763,0.9224623441696167,-0.3133632242679596,-0.730768620967865,0.05253368988633156,0.6806007623672485,0.6442907452583313,0.3824963867664337,0.6622582674026489],"EasingStyle":"Linear","EasingDirection":"Out"},"Head":{"Weight":1,"CFrame":[5.681067705154419e-8,-2.3252505343407393e-7,0.016661405563354493,0.9966761469841003,0.07510726898908615,-0.0315532460808754,-0.06821177899837494,0.9811446070671082,0.18083812296390534,0.04454054683446884,-0.17808473110198975,0.9830065965652466],"EasingStyle":"Linear","EasingDirection":"Out"},"Torso":{"Weight":1,"CFrame":[-0.01418189238756895,-0.10211753845214844,0.2507948875427246,0.9996582269668579,0.01972258649766445,0.0171586312353611,-0.012373236939311028,0.935153067111969,-0.35402771830558779,-0.023028288036584855,0.35369443893432619,0.9350774884223938],"EasingStyle":"Linear","EasingDirection":"Out"},"HumanoidRootPart":{"Weight":0,"CFrame":[0,0,0,1,0,0,0,1,0,0,0,1],"EasingStyle":"Linear","EasingDirection":"In"},"Right Leg":{"Weight":1,"CFrame":[0.5034549236297607,0.3004746437072754,0.03954756259918213,0.997719943523407,0.053985197097063068,-0.04050392657518387,-0.054226212203502658,0.9985167980194092,-0.004875935614109039,0.040180597454309466,0.007061179261654615,0.9991675019264221],"EasingStyle":"Linear","EasingDirection":"Out"}}},{"Time":0.36666667461395266,"poses":{"Left Leg":{"Weight":1,"CFrame":[-0.6331825852394104,0.36990904808044436,0.0027009248733520509,0.9968225359916687,0.013643312267959118,0.07847727835178375,-0.018836790695786477,0.9976534843444824,0.0658232644200325,-0.07739505916833878,-0.06709238886833191,0.9947404861450195],"EasingStyle":"Linear","EasingDirection":"Out"},"Right Arm":{"Weight":1,"CFrame":[-0.14279255270957948,0.09425151348114014,0.12090456485748291,0.5055258274078369,-0.5825936794281006,0.636418342590332,0.4849493205547333,0.8019312024116516,0.34889888763427737,-0.7136300206184387,0.13225312530994416,0.6879252791404724],"EasingStyle":"Linear","EasingDirection":"Out"},"Left Arm":{"Weight":1,"CFrame":[-0.18628810346126557,-0.3076322078704834,0.12574899196624757,-0.4984852373600006,0.865918755531311,-0.041196104139089587,-0.4934157133102417,-0.24433141946792603,0.8347713947296143,0.712778627872467,0.43644800782203677,0.549053430557251],"EasingStyle":"Linear","EasingDirection":"Out"},"Head":{"Weight":1,"CFrame":[4.0978193283081057e-8,1.132139004766941e-8,0.01666247844696045,0.9890056252479553,0.14702369272708894,-0.015873245894908906,-0.1405983567237854,0.9681499004364014,0.20716643333435059,0.045826055109500888,-0.20265696942806245,0.9781769514083862],"EasingStyle":"Linear","EasingDirection":"Out"},"Torso":{"Weight":1,"CFrame":[-0.021167226135730745,-0.16796410083770753,0.449815034866333,0.9998111724853516,0.018037348985671998,0.007227824069559574,-0.014084605500102044,0.9289498329162598,-0.3699376583099365,-0.013386981561779976,0.3697659969329834,0.9290284514427185],"EasingStyle":"Linear","EasingDirection":"Out"},"HumanoidRootPart":{"Weight":0,"CFrame":[0,0,0,1,0,0,0,1,0,0,0,1],"EasingStyle":"Linear","EasingDirection":"In"},"Right Leg":{"Weight":1,"CFrame":[0.6518537998199463,0.40681976079940798,0.008173346519470215,0.9914403557777405,0.13002030551433564,0.01186295785009861,-0.13015635311603547,0.9914266467094421,0.011512274853885174,-0.010264436714351178,-0.012957809492945671,0.9998633861541748],"EasingStyle":"Linear","EasingDirection":"Out"}}},{"Time":0.4000000059604645,"poses":{"Left Leg":{"Weight":1,"CFrame":[-0.7977579236030579,0.6419534087181091,0.005888581275939941,0.9880940914154053,-0.14401596784591676,0.054124243557453158,0.14052759110927583,0.9880364537239075,0.0635293498635292,-0.0626259446144104,-0.05516698956489563,0.9965112209320068],"EasingStyle":"Linear","EasingDirection":"Out"},"Right Arm":{"Weight":1,"CFrame":[-0.20704133808612824,0.202661395072937,0.18268990516662599,0.5265486836433411,-0.5764927864074707,0.6248220801353455,0.4711501896381378,0.8096499443054199,0.3499777615070343,-0.7076467871665955,0.11010469496250153,0.6979348063468933],"EasingStyle":"Linear","EasingDirection":"Out"},"Left Arm":{"Weight":1,"CFrame":[-0.20311690866947175,-0.31893879175186159,0.1909111738204956,-0.6429063081741333,0.7351418733596802,0.21502995491027833,-0.21810129284858704,-0.4448206126689911,0.8686578869819641,0.7342365384101868,0.5115672945976257,0.4463133215904236],"EasingStyle":"Linear","EasingDirection":"Out"},"Head":{"Weight":1,"CFrame":[3.818422555923462e-8,5.940091796219349e-8,0.016662120819091798,0.9748966693878174,0.2226172834634781,0.004254530183970928,-0.21735888719558717,0.947377622127533,0.23501230776309968,0.04828714579343796,-0.23003748059272767,0.9719830751419067],"EasingStyle":"Linear","EasingDirection":"Out"},"Torso":{"Weight":1,"CFrame":[-0.02669905684888363,-0.24202275276184083,0.5716147422790527,0.9998839497566223,0.015204710885882378,0.0009396280511282384,-0.013787619769573212,0.9294745922088623,-0.3686283826828003,-0.006478248629719019,0.3685726523399353,0.9295763969421387],"EasingStyle":"Linear","EasingDirection":"Out"},"HumanoidRootPart":{"Weight":0,"CFrame":[0,0,0,1,0,0,0,1,0,0,0,1],"EasingStyle":"Linear","EasingDirection":"In"},"Right Leg":{"Weight":1,"CFrame":[0.8435532450675964,0.5366992950439453,-0.025338292121887208,0.9595271944999695,0.2779993712902069,0.04498916491866112,-0.279302716255188,0.9598575234413147,0.0257587768137455,-0.03602224588394165,-0.0372818261384964,0.9986553192138672],"EasingStyle":"Linear","EasingDirection":"Out"}}},{"Time":0.4333333373069763,"poses":{"Left Leg":{"Weight":1,"CFrame":[-0.814174234867096,0.7277491092681885,0.04299032688140869,0.9742167592048645,-0.22326038777828217,0.03250303491950035,0.22328020632266999,0.9747495055198669,0.003065361874178052,-0.032366663217544559,0.004270967096090317,0.9994669556617737],"EasingStyle":"Linear","EasingDirection":"Out"},"Right Arm":{"Weight":1,"CFrame":[-0.26668286323547366,0.28456759452819826,0.23680222034454347,0.5428401827812195,-0.5732812881469727,0.6137371063232422,0.4758586883544922,0.8121108412742615,0.33768972754478457,-0.6920137405395508,0.1087404116988182,0.7136473059654236],"EasingStyle":"Linear","EasingDirection":"Out"},"Left Arm":{"Weight":1,"CFrame":[-0.1555699110031128,-0.35531044006347659,0.21253454685211183,-0.6668903827667236,0.6891664862632752,0.28338444232940676,-0.11790867149829865,-0.4731067419052124,0.8730794191360474,0.7357681393623352,0.5488346815109253,0.3967689871788025],"EasingStyle":"Linear","EasingDirection":"Out"},"Head":{"Weight":1,"CFrame":[3.259629011154175e-9,1.1446536518633366e-7,0.016662120819091798,0.9586746096611023,0.2834007143974304,0.025040587410330774,-0.28003990650177,0.9244357347488403,0.2588363289833069,0.05020599067211151,-0.2551521956920624,0.9655965566635132],"EasingStyle":"Linear","EasingDirection":"Out"},"Torso":{"Weight":1,"CFrame":[-0.03287888690829277,-0.3175709843635559,0.6402604579925537,0.9999504685401917,0.009808343835175038,-0.0016836965223774315,-0.00980834849178791,0.9427056312561035,-0.33348146080970766,-0.0016836707945913077,0.33348146080970766,0.9427551627159119],"EasingStyle":"Linear","EasingDirection":"Out"},"HumanoidRootPart":{"Weight":0,"CFrame":[0,0,0,1,0,0,0,1,0,0,0,1],"EasingStyle":"Linear","EasingDirection":"In"},"Right Leg":{"Weight":1,"CFrame":[0.9898648262023926,0.5685395002365112,-0.0494043231010437,0.8922935724258423,0.4481531083583832,0.05450773611664772,-0.4506576359272003,0.8913757801055908,0.04854661598801613,-0.026830606162548066,-0.06788220256567002,0.9973325133323669],"EasingStyle":"Linear","EasingDirection":"Out"}}},{"Time":0.46666666865348818,"poses":{"Left Leg":{"Weight":1,"CFrame":[-0.8484758138656616,0.5023190975189209,0.07145869731903076,0.9577102065086365,-0.2873457074165344,0.014954698272049427,0.28758668899536135,0.9542582035064697,-0.08176259696483612,0.009223484434187413,0.08260561525821686,0.9965396523475647],"EasingStyle":"Linear","EasingDirection":"Out"},"Right Arm":{"Weight":1,"CFrame":[-0.2986331880092621,0.281724214553833,0.27626335620880129,0.5242462158203125,-0.5922320485115051,0.6119047403335571,0.5010027289390564,0.7955462336540222,0.34073808789253237,-0.688594400882721,0.12793511152267457,0.7137717604637146],"EasingStyle":"Linear","EasingDirection":"Out"},"Left Arm":{"Weight":1,"CFrame":[-0.010528670623898507,-0.42803293466567995,0.15997087955474854,-0.5623454451560974,0.8265638947486877,0.023658808320760728,-0.3396867513656616,-0.25699955224990847,0.90474534034729,0.7539101243019104,0.5007427930831909,0.425295352935791],"EasingStyle":"Linear","EasingDirection":"Out"},"Head":{"Weight":1,"CFrame":[-3.725290298461914e-9,-5.435140337795019e-8,0.016662001609802247,0.9488124847412109,0.3131312429904938,0.04127602279186249,-0.31211602687835696,0.9095747470855713,0.2743307650089264,0.04835791140794754,-0.2731713354587555,0.9607491493225098],"EasingStyle":"Linear","EasingDirection":"Out"},"Torso":{"Weight":1,"CFrame":[-0.0420815534889698,-0.3867223262786865,0.6688878536224365,0.9999945163726807,0.002851729979738593,-0.0016776948468759657,-0.0031902333721518518,0.9654920697212219,-0.26041293144226076,0.0008771736756898463,0.2604168653488159,0.9654958844184876],"EasingStyle":"Linear","EasingDirection":"Out"},"HumanoidRootPart":{"Weight":0,"CFrame":[0,0,0,1,0,0,0,1,0,0,0,1],"EasingStyle":"Linear","EasingDirection":"In"},"Right Leg":{"Weight":1,"CFrame":[1.0715017318725587,0.4175952672958374,-0.044650912284851077,0.7910676002502441,0.6101965308189392,0.04326925799250603,-0.6116110682487488,0.7875469923019409,0.07550939917564392,0.011998958885669709,-0.08619703352451325,0.9962058663368225],"EasingStyle":"Linear","EasingDirection":"Out"}}},{"Time":0.5,"poses":{"Left Leg":{"Weight":1,"CFrame":[-0.7410004138946533,0.29642289876937868,0.029364585876464845,0.9687752723693848,-0.24746647477149964,-0.015323324128985405,0.24553534388542176,0.9661312103271484,-0.07939065247774124,0.03445085138082504,0.07314929366111756,0.9967257976531982],"EasingStyle":"Linear","EasingDirection":"Out"},"Right Arm":{"Weight":1,"CFrame":[-0.26387718319892886,0.12243306636810303,0.3133401870727539,0.40907514095306399,-0.6702389121055603,0.6192233562469482,0.48965057730674746,0.7338590025901794,0.470843106508255,-0.7699999213218689,0.1105927973985672,0.6283861398696899],"EasingStyle":"Linear","EasingDirection":"Out"},"Left Arm":{"Weight":1,"CFrame":[0.1512460708618164,-0.49750977754592898,0.07408654689788819,-0.18067306280136109,0.889862060546875,-0.4189305305480957,-0.6285975575447083,0.22312283515930177,0.7450379133224487,0.7564537525177002,0.39794689416885378,0.5190527439117432],"EasingStyle":"Linear","EasingDirection":"Out"},"Head":{"Weight":1,"CFrame":[-1.7462298274040223e-9,2.7328496798872949e-8,0.016662120819091798,0.9470236897468567,0.31716665625572207,0.050511687994003299,-0.31824782490730288,0.9056011438369751,0.2803657054901123,0.0431792214512825,-0.28158819675445559,0.9585633277893066],"EasingStyle":"Linear","EasingDirection":"Out"},"Torso":{"Weight":1,"CFrame":[-0.05552827939391136,-0.4360102117061615,0.6443498134613037,0.999981701374054,0.005845050327479839,-0.0015777508961036802,-0.006040235515683889,0.9809140563011169,-0.19434788823127747,0.0004116649506613612,0.1943538635969162,0.9809314012527466],"EasingStyle":"Linear","EasingDirection":"Out"},"HumanoidRootPart":{"Weight":0,"CFrame":[0,0,0,1,0,0,0,1,0,0,0,1],"EasingStyle":"Linear","EasingDirection":"In"},"Right Leg":{"Weight":1,"CFrame":[1.0784194469451905,0.23106592893600465,0.01860034465789795,0.7052793502807617,0.7089294791221619,-0.0002724798396229744,-0.7075091600418091,0.7038906216621399,0.06299843639135361,0.044853221625089648,-0.04423869401216507,0.9980136156082153],"EasingStyle":"Linear","EasingDirection":"Out"}}},{"Time":0.5333333611488342,"poses":{"Left Leg":{"Weight":1,"CFrame":[-0.4304167628288269,0.14035862684249879,0.01180410385131836,0.9985159635543823,-0.044840503484010699,-0.030906682834029199,0.04301096126437187,0.9974177479743958,-0.057514555752277377,0.03340587019920349,0.05609988048672676,0.997866153717041],"EasingStyle":"Linear","EasingDirection":"Out"},"Right Arm":{"Weight":1,"CFrame":[-0.19768470525741578,-0.04106280207633972,0.29630494117736819,0.3833984434604645,-0.7167395353317261,0.5824861526489258,0.45109447836875918,0.6956589818000794,0.5590816736221314,-0.8059276938438416,0.04840517416596413,0.5900318026542664],"EasingStyle":"Linear","EasingDirection":"Out"},"Left Arm":{"Weight":1,"CFrame":[0.22040744125843049,-0.5209980010986328,0.016891121864318849,0.2953575551509857,0.6776111125946045,-0.6735035181045532,-0.6064416170120239,0.6776959300041199,0.4158807694911957,0.7382360696792603,0.28560712933540347,0.6110942959785461],"EasingStyle":"Linear","EasingDirection":"Out"},"Head":{"Weight":1,"CFrame":[-2.7939677238464357e-9,1.2060627341270448e-7,0.01666271686553955,0.9504749774932861,0.3064034581184387,0.05209846422076225,-0.3085729777812958,0.9102731347084045,0.27601727843284609,0.03714882582426071,-0.2784236967563629,0.9597396850585938],"EasingStyle":"Linear","EasingDirection":"Out"},"Torso":{"Weight":1,"CFrame":[-0.07260576635599137,-0.42661646008491518,0.5584659576416016,0.9994437098503113,0.03326373174786568,-0.0024151045363396408,-0.0332113578915596,0.9860106706619263,-0.1633399873971939,-0.0030519794672727587,0.1633293330669403,0.9865669012069702],"EasingStyle":"Linear","EasingDirection":"Out"},"HumanoidRootPart":{"Weight":0,"CFrame":[0,0,0,1,0,0,0,1,0,0,0,1],"EasingStyle":"Linear","EasingDirection":"In"},"Right Leg":{"Weight":1,"CFrame":[1.0292961597442628,0.22441977262496949,0.06489825248718262,0.7221652269363403,0.6906768679618836,-0.03798429295420647,-0.6889291405677795,0.7230940461158752,0.05011601001024246,0.06208019331097603,-0.010023567825555802,0.9980208277702332],"EasingStyle":"Linear","EasingDirection":"Out"}}},{"Time":0.5666666626930237,"poses":{"Left Leg":{"Weight":1,"CFrame":[0.03916700929403305,0.006025254726409912,0.017486095428466798,0.9587360620498657,0.28429514169692995,0.0012069003423675895,-0.28409403562545779,0.9582011103630066,-0.033781372010707858,-0.01076032780110836,0.032044511288404468,0.9994285106658936],"EasingStyle":"Linear","EasingDirection":"Out"},"Right Arm":{"Weight":1,"CFrame":[-0.14027568697929383,-0.061312466859817508,0.18018317222595216,0.614013671875,-0.624061107635498,0.48325464129447939,0.4371120035648346,0.7786539793014526,0.4501454830169678,-0.6572064161300659,-0.06515917927026749,0.7508887648582459],"EasingStyle":"Linear","EasingDirection":"Out"},"Left Arm":{"Weight":1,"CFrame":[0.04655369371175766,-0.39503616094589236,0.0005471706390380859,0.6498897671699524,0.4042991101741791,-0.6435726284980774,-0.39123043417930605,0.9039268493652344,0.1727856546640396,0.651599645614624,0.13949351012706757,0.7456268668174744],"EasingStyle":"Linear","EasingDirection":"Out"},"Head":{"Weight":1,"CFrame":[3.725290298461914e-9,9.220093488693237e-8,0.016662240028381349,0.9555893540382385,0.2911112308502197,0.04586046189069748,-0.2928038239479065,0.9202383160591126,0.2596678137779236,0.03338966146111488,-0.2615639269351959,0.9646084308624268],"EasingStyle":"Linear","EasingDirection":"Out"},"Torso":{"Weight":1,"CFrame":[-0.09291253983974457,-0.35647720098495486,0.40190696716308596,0.9960229396820068,0.0889284610748291,-0.005478972569108009,-0.08851154893636704,0.9805660247802734,-0.17508839070796967,-0.010197848081588745,0.17487701773643495,0.9845374822616577],"EasingStyle":"Linear","EasingDirection":"Out"},"HumanoidRootPart":{"Weight":0,"CFrame":[0,0,0,1,0,0,0,1,0,0,0,1],"EasingStyle":"Linear","EasingDirection":"In"},"Right Leg":{"Weight":1,"CFrame":[0.8359186053276062,0.4340090751647949,0.06527590751647949,0.8773261308670044,0.4788268208503723,-0.03199635073542595,-0.4785475730895996,0.8779088854789734,0.01637587696313858,0.03593102842569351,0.000944794446695596,0.99935382604599],"EasingStyle":"Linear","EasingDirection":"Out"}}},{"Time":0.6000000238418579,"poses":{"Left Leg":{"Weight":1,"CFrame":[0.06068788468837738,0.013545632362365723,0.01610565185546875,0.9439944624900818,0.3268483281135559,0.04521710425615311,-0.32644593715667727,0.9450766444206238,-0.016223810613155366,-0.048036351799964908,0.0005542534636333585,0.9988454580307007],"EasingStyle":"Linear","EasingDirection":"Out"},"Right Arm":{"Weight":1,"CFrame":[-0.06797640025615692,-0.05464312434196472,0.028412699699401857,0.892863929271698,-0.36674588918685915,0.26132649183273318,0.31404709815979006,0.9230029582977295,0.22235088050365449,-0.32275140285491946,-0.11646026372909546,0.9392915368080139],"EasingStyle":"Linear","EasingDirection":"Out"},"Left Arm":{"Weight":1,"CFrame":[-0.12672913074493409,-0.20818927884101869,-0.005274951457977295,0.8676166534423828,0.17379459738731385,-0.46587201952934267,-0.1692313253879547,0.9842040538787842,0.0519915446639061,0.46754899621009829,0.033731359988451007,0.8833233714103699],"EasingStyle":"Linear","EasingDirection":"Out"},"Head":{"Weight":1,"CFrame":[-7.450580596923828e-9,1.6391277313232423e-7,0.016662240028381349,0.9595448970794678,0.27968308329582217,0.032417964190244678,-0.2795103192329407,0.9323862195014954,0.22919414937496186,0.03387567400932312,-0.22898322343826295,0.9728407263755798],"EasingStyle":"Linear","EasingDirection":"Out"},"Torso":{"Weight":1,"CFrame":[-0.11298607289791107,-0.3532750606536865,0.15987706184387208,0.9908922910690308,0.1343984305858612,-0.008337283506989479,-0.13342101871967317,0.9715462923049927,-0.1956951916217804,-0.01820106990635395,0.195025235414505,0.9806293249130249],"EasingStyle":"Linear","EasingDirection":"Out"},"HumanoidRootPart":{"Weight":0,"CFrame":[0,0,0,1,0,0,0,1,0,0,0,1],"EasingStyle":"Linear","EasingDirection":"In"},"Right Leg":{"Weight":1,"CFrame":[0.5989404320716858,0.5145329236984253,0.033440232276916507,0.9712598919868469,0.23743678629398347,0.016672777011990548,-0.23750048875808717,0.9713854789733887,0.0019238513195887209,-0.015738947317004205,-0.005828340072184801,0.9998591542243958],"EasingStyle":"Linear","EasingDirection":"Out"}}},{"Time":0.6333333253860474,"poses":{"Left Leg":{"Weight":1,"CFrame":[0.0615961030125618,0.024242103099822999,0.016239404678344728,0.9491353631019592,0.311371386051178,0.04679642245173454,-0.3119088411331177,0.9501014947891235,0.0044717187993228439,-0.0430690199136734,-0.018840499222278596,0.998894453048706],"EasingStyle":"Linear","EasingDirection":"Out"},"Right Arm":{"Weight":1,"CFrame":[0.021954253315925599,-0.11282560229301453,-0.04092860221862793,0.999976396560669,0.006799166556447744,0.0009686492849141359,-0.006827704142779112,0.999420166015625,0.03