{"Sequence":[{"Time":0,"poses":{"Left Leg":{"Weight":1,"CFrame":[-0.5762889981269836,0.1042829155921936,-0.029726743698120118,0.9748178720474243,-0.22299934923648835,-0.0011901857797056437,0.22282400727272035,0.9738100171089172,0.045205410569906238,-0.008921750821173191,-0.04433225467801094,0.99897700548172],"EasingStyle":"Linear","EasingDirection":"Out"},"Right Arm":{"Weight":1,"CFrame":[0.03526870161294937,-0.028965681791305543,-0.10109168291091919,0.98829585313797,0.014151637442409993,-0.15189151465892793,-0.013229061849415303,0.9998874068260193,0.0070826467126607899,0.1519746482372284,-0.004990474320948124,0.9883717894554138],"EasingStyle":"Linear","EasingDirection":"Out"},"Left Arm":{"Weight":1,"CFrame":[0.04145745187997818,-0.03309601545333862,0.027423620223999025,0.966879665851593,-0.07715192437171936,-0.24329259991645814,0.07795675098896027,0.9969366192817688,-0.0063330670818686489,0.2430359274148941,-0.01284309197217226,0.9699322581291199],"EasingStyle":"Linear","EasingDirection":"Out"},"Right Leg":{"Weight":1,"CFrame":[0.3568550646305084,0.05122244358062744,0.06833779811859131,0.9791106581687927,0.2025538980960846,-0.017725538462400438,-0.20253272354602815,0.979270875453949,0.003000720636919141,0.01796591840684414,0.0006519226590171456,0.9998384118080139],"EasingStyle":"Linear","EasingDirection":"Out"},"Torso":{"Weight":1,"CFrame":[-0.1339389979839325,-0.4220902621746063,-0.15228676795959474,0.9961526989936829,0.08672553300857544,0.012590882368385792,-0.08596164733171463,0.9949371814727783,-0.052063751965761188,-0.01704239472746849,0.05078110843896866,0.9985643625259399],"EasingStyle":"Linear","EasingDirection":"Out"},"HumanoidRootPart":{"Weight":0,"CFrame":[0,0,0,1,0,0,0,1,0,0,0,1],"EasingStyle":"Linear","EasingDirection":"In"},"Head":{"Weight":1,"CFrame":[-3.725290298461914e-9,2.0489096641540528e-8,0.016661763191223146,0.9600554704666138,0.27956441044807436,-0.011713176965713501,-0.2791996896266937,0.9598854184150696,0.025835487991571428,0.01846599020063877,-0.0215331818908453,0.9995976090431213],"EasingStyle":"Linear","EasingDirection":"Out"}}},{"Time":0.03333333507180214,"poses":{"Left Leg":{"Weight":1,"CFrame":[-0.6878870725631714,0.01206362247467041,-0.022132933139801027,0.9131719470024109,-0.4075704514980316,-0.0018179655307903886,0.4072810709476471,0.9123361706733704,0.042010921984910968,-0.015463797375559807,-0.03910358250141144,0.999115526676178],"EasingStyle":"Linear","EasingDirection":"Out"},"Right Arm":{"Weight":1,"CFrame":[0.048354096710681918,-0.12084159255027771,-0.09637236595153809,0.9701526761054993,-0.19996923208236695,-0.13717180490493775,0.21815747022628785,0.9667198061943054,0.13364161550998689,0.10588253289461136,-0.1595778912305832,0.9814906120300293],"EasingStyle":"Linear","EasingDirection":"Out"},"Left Arm":{"Weight":1,"CFrame":[0.07415135949850083,-0.030334919691085817,0.03387033939361572,0.970133900642395,-0.08141019940376282,-0.22850072383880616,0.08194860816001892,0.9966109395027161,-0.007147456519305706,0.22830823063850404,-0.011791379190981388,0.9735174775123596],"EasingStyle":"Linear","EasingDirection":"Out"},"Right Leg":{"Weight":1,"CFrame":[0.4318670332431793,0.047208964824676517,0.0641939640045166,0.9372342228889465,0.3482738137245178,-0.017242593690752984,-0.3482842445373535,0.9373856782913208,0.002497281413525343,0.017032673582434655,0.0036648076493293049,0.9998481869697571],"EasingStyle":"Linear","EasingDirection":"Out"},"Torso":{"Weight":1,"CFrame":[-0.13167743384838105,-0.3621459901332855,-0.1551365852355957,0.9955295920372009,0.09224218875169754,0.020303331315517427,-0.09304914623498917,0.9947223663330078,0.04323441907763481,-0.016208143904805185,-0.044930350035429,0.998858630657196],"EasingStyle":"Linear","EasingDirection":"Out"},"HumanoidRootPart":{"Weight":0,"CFrame":[0,0,0,1,0,0,0,1,0,0,0,1],"EasingStyle":"Linear","EasingDirection":"In"},"Head":{"Weight":1,"CFrame":[0,7.543712854385376e-8,0.016661882400512697,0.95722895860672,0.28885751962661745,-0.01655499078333378,-0.28922194242477419,0.9537249803543091,-0.08221473544836045,-0.007959428243339062,0.08348638564348221,0.9964771270751953],"EasingStyle":"Linear","EasingDirection":"Out"}}},{"Time":0.06666667014360428,"poses":{"Left Leg":{"Weight":1,"CFrame":[-0.14774267375469209,-0.023111343383789064,-0.013613760471343995,0.9728453159332275,-0.23097467422485352,0.014923129230737687,0.2303439825773239,0.9724690914154053,0.03529179096221924,-0.022663787007331849,-0.03089604713022709,0.9992656111717224],"EasingStyle":"Linear","EasingDirection":"Out"},"Right Arm":{"Weight":1,"CFrame":[0.060008518397808078,-0.31929537653923037,-0.0729629397392273,0.7419373989105225,-0.642677903175354,-0.19103382527828217,0.6577305197715759,0.6423942446708679,0.3933449983596802,-0.13007508218288423,-0.41748619079589846,0.8993251919746399],"EasingStyle":"Linear","EasingDirection":"Out"},"Left Arm":{"Weight":1,"CFrame":[0.06794105470180512,-0.09393903613090515,0.016360759735107423,0.9719089269638062,0.11344192177057266,-0.20621351897716523,-0.0872395783662796,0.9874009490013123,0.1320171058177948,0.2185915857553482,-0.11031881719827652,0.969560444355011],"EasingStyle":"Linear","EasingDirection":"Out"},"Right Leg":{"Weight":1,"CFrame":[0.36552461981773379,-0.06422960758209229,0.04286229610443115,0.9311568737030029,0.3645680844783783,0.006080821622163057,-0.3645849823951721,0.9311681985855103,0.001904478296637535,-0.0049679577350616459,-0.003990339580923319,0.9999796748161316],"EasingStyle":"Linear","EasingDirection":"Out"},"Torso":{"Weight":1,"CFrame":[-0.12602247297763825,-0.2960689663887024,0.052269935607910159,0.993147611618042,0.11380121856927872,0.026591820642352105,-0.11600849777460098,0.9875196218490601,0.10652222484350205,-0.014137583784759045,-0.10887716710567475,0.9939546585083008],"EasingStyle":"Linear","EasingDirection":"Out"},"HumanoidRootPart":{"Weight":0,"CFrame":[0,0,0,1,0,0,0,1,0,0,0,1],"EasingStyle":"Linear","EasingDirection":"In"},"Head":{"Weight":1,"CFrame":[1.30385160446167e-8,3.4458935260772708e-8,0.01666271686553955,0.9595916271209717,0.28066080808639529,-0.020331816747784616,-0.27934151887893679,0.9413790106773377,-0.189139723777771,-0.03394417464733124,0.1871764063835144,0.9817396998405457],"EasingStyle":"Linear","EasingDirection":"Out"}}},{"Time":0.10000000149011612,"poses":{"Left Leg":{"Weight":1,"CFrame":[0.04909341782331467,0.12053412199020386,-0.02298152446746826,0.9954761266708374,-0.08410879969596863,0.04419223219156265,0.08209920674562454,0.9955860376358032,0.045477382838726047,-0.04782222583889961,-0.04164351150393486,0.9979873895645142],"EasingStyle":"Linear","EasingDirection":"Out"},"Right Arm":{"Weight":1,"CFrame":[0.07157523930072785,-0.49490630626678469,-0.016720890998840333,0.31045001745224,-0.8930763006210327,-0.32563087344169619,0.8341988921165466,0.09170996397733689,0.5437843799591065,-0.4557773470878601,-0.44045892357826235,0.7734746932983398],"EasingStyle":"Linear","EasingDirection":"Out"},"Left Arm":{"Weight":1,"CFrame":[0.053259775042533877,-0.2455175518989563,-0.016342759132385255,0.8096655607223511,0.5844587683677673,-0.05338175594806671,-0.49839186668395998,0.7327535152435303,0.4633333384990692,0.3099149167537689,-0.34854018688201907,0.884574830532074],"EasingStyle":"Linear","EasingDirection":"Out"},"Right Leg":{"Weight":1,"CFrame":[0.02483472228050232,-0.018627524375915529,0.043601274490356448,0.9939796924591065,0.1004030779004097,0.04385899379849434,-0.10063044726848602,0.9949193596839905,0.0030018158722668888,-0.043334782123565677,-0.0073972782120108608,0.9990332126617432],"EasingStyle":"Linear","EasingDirection":"Out"},"Torso":{"Weight":1,"CFrame":[-0.1244301050901413,-0.2594364285469055,0.5175707340240479,0.9909644722938538,0.13248930871486665,0.02088075503706932,-0.133708193898201,0.9881012439727783,0.07601369917392731,-0.010561294853687287,-0.07811880111694336,0.9968881011009216],"EasingStyle":"Linear","EasingDirection":"Out"},"HumanoidRootPart":{"Weight":0,"CFrame":[0,0,0,1,0,0,0,1,0,0,0,1],"EasingStyle":"Linear","EasingDirection":"In"},"Head":{"Weight":1,"CFrame":[0,-4.0978193283081057e-8,0.016662240028381349,0.9731698632240295,0.22866086661815644,-0.025586502626538278,-0.22683632373809815,0.9348369240760803,-0.27317607402801516,-0.03854547441005707,0.2716507017612457,0.9616237282752991],"EasingStyle":"Linear","EasingDirection":"Out"}}},{"Time":0.13333334028720857,"poses":{"Left Leg":{"Weight":1,"CFrame":[0.05683733522891998,0.11795777082443237,-0.020527541637420656,0.9981648921966553,0.005303323268890381,0.06032141298055649,-0.009247871115803719,0.9978227019309998,0.06530219316482544,-0.059843745082616809,-0.0657401755452156,0.9960406422615051],"EasingStyle":"Linear","EasingDirection":"Out"},"Right Arm":{"Weight":1,"CFrame":[0.07462573051452637,-0.5457075834274292,0.06904220581054688,-0.06424954533576966,-0.9178407192230225,-0.39171457290649416,0.7638354301452637,-0.2978346049785614,0.572581946849823,-0.6422051191329956,-0.26241743564605715,0.7202149629592896],"EasingStyle":"Linear","EasingDirection":"Out"},"Left Arm":{"Weight":1,"CFrame":[0.026838473975658418,-0.4183393716812134,-0.02953660488128662,0.38307198882102969,0.8734329342842102,0.30061742663383486,-0.7414836883544922,0.09667681902647019,0.6639695167541504,0.5508700609207153,-0.4772510230541229,0.6846704483032227],"EasingStyle":"Linear","EasingDirection":"Out"},"Right Leg":{"Weight":1,"CFrame":[0.07823776453733444,0.02243983745574951,0.04401516914367676,0.9973174333572388,0.01180568989366293,0.07223955541849137,-0.013122658245265484,0.9997557401657105,0.017783362418413163,-0.07201199978590012,-0.01868363469839096,0.997228741645813],"EasingStyle":"Linear","EasingDirection":"Out"},"Torso":{"Weight":1,"CFrame":[-0.12233192473649979,-0.22174996137619019,0.7654619216918945,0.9919600486755371,0.12638671696186067,0.006457744166254997,-0.12647712230682374,0.9918350577354431,0.016333693638443948,-0.004340655170381069,-0.017019128426909448,0.9998457431793213],"EasingStyle":"Linear","EasingDirection":"Out"},"HumanoidRootPart":{"Weight":0,"CFrame":[0,0,0,1,0,0,0,1,0,0,0,1],"EasingStyle":"Linear","EasingDirection":"In"},"Head":{"Weight":1,"CFrame":[-5.587935447692871e-9,1.1175870895385743e-8,0.016662001609802247,0.992820680141449,0.11518989503383637,-0.032223764806985858,-0.1194322407245636,0.9399021863937378,-0.31987464427948,-0.006559144705533981,0.32142671942710879,0.9469117522239685],"EasingStyle":"Linear","EasingDirection":"Out"}}},{"Time":0.1666666716337204,"poses":{"Left Leg":{"Weight":1,"CFrame":[0.03847841918468475,0.10386085510253906,-0.011808216571807862,0.9923110604286194,0.12108050286769867,0.025656430050730706,-0.1227022260427475,0.989547073841095,0.07576773315668106,-0.016214238479733468,-0.0783332884311676,0.9967953562736511],"EasingStyle":"Linear","EasingDirection":"Out"},"Right Arm":{"Weight":1,"CFrame":[0.0728181004524231,-0.5312677621841431,0.1586451530456543,-0.36060643196105959,-0.8310019373893738,-0.4235548675060272,0.6127871870994568,-0.5534301996231079,0.5640982985496521,-0.703174889087677,-0.056131552904844287,0.7087978720664978],"EasingStyle":"Linear","EasingDirection":"Out"},"Left Arm":{"Weight":1,"CFrame":[-0.0024136900901794435,-0.5245239734649658,0.004775404930114746,0.06670060008764267,0.8266051411628723,0.5588154792785645,-0.6693915128707886,-0.37824884057044985,0.6394081711769104,0.7399094700813294,-0.4167153835296631,0.528093159198761],"EasingStyle":"Linear","EasingDirection":"Out"},"Right Leg":{"Weight":1,"CFrame":[0.08190752565860748,0.05967509746551514,0.04489576816558838,0.9958876967430115,-0.08369901776313782,0.034673064947128299,0.08202299475669861,0.9955107569694519,0.047229040414094928,-0.03847045451402664,-0.044190797954797748,0.9982821345329285],"EasingStyle":"Linear","EasingDirection":"Out"},"Torso":{"Weight":1,"CFrame":[-0.11495677381753922,-0.18914948403835298,0.9475748538970947,0.9971831440925598,0.07359123975038529,-0.014493120834231377,-0.07430190593004227,0.9956129193305969,-0.05686932057142258,0.010244455188512802,0.057785991579294208,0.99827641248703],"EasingStyle":"Linear","EasingDirection":"Out"},"HumanoidRootPart":{"Weight":0,"CFrame":[0,0,0,1,0,0,0,1,0,0,0,1],"EasingStyle":"Linear","EasingDirection":"In"},"Head":{"Weight":1,"CFrame":[-5.587935447692871e-9,1.6763806343078614e-8,0.016661643981933595,0.9988613724708557,-0.02819046750664711,-0.03848659247159958,0.014003351330757141,0.9444518685340881,-0.32835128903388979,0.04560511186718941,0.32743847370147707,0.9437713027000427],"EasingStyle":"Linear","EasingDirection":"Out"}}},{"Time":0.20000000298023225,"poses":{"Left Leg":{"Weight":1,"CFrame":[-0.024943038821220399,0.08697521686553955,-0.0017901062965393067,0.9635230302810669,0.2493603378534317,-0.09717406332492829,-0.2420991063117981,0.9668939113616943,0.08064841479063034,0.11406754702329636,-0.0541808195412159,0.9919945001602173],"EasingStyle":"Linear","EasingDirection":"Out"},"Right Arm":{"Weight":1,"CFrame":[0.07244075834751129,-0.5266247391700745,0.22782552242279054,-0.5548743605613709,-0.6829204559326172,-0.47511497139930727,0.44135046005249026,-0.7257469296455383,0.5277318954467773,-0.7052121758460999,0.08313286304473877,0.7041056752204895],"EasingStyle":"Linear","EasingDirection":"Out"},"Left Arm":{"Weight":1,"CFrame":[-0.014449041336774826,-0.5128927230834961,0.09267675876617432,-0.015521141700446606,0.7857689261436462,0.6183254718780518,-0.576998770236969,-0.5120834112167358,0.6362725496292114,0.8165975213050842,-0.3468973934650421,0.4613359868526459],"EasingStyle":"Linear","EasingDirection":"Out"},"Right Leg":{"Weight":1,"CFrame":[0.015864484012126924,0.08088642358779907,0.03895258903503418,0.9800812005996704,-0.1585860252380371,-0.1195465475320816,0.16659854352474214,0.9841824173927307,0.06024879217147827,0.10810099542140961,-0.07896501570940018,0.9909988641738892],"EasingStyle":"Linear","EasingDirection":"Out"},"Torso":{"Weight":1,"CFrame":[-0.09358198195695877,-0.15660811960697175,1.0825233459472657,0.9986782670021057,-0.03505222499370575,-0.03759068623185158,0.0298728309571743,0.9910051822662354,-0.13044686615467072,0.04182501882314682,0.12915149331092835,0.9907424449920654],"EasingStyle":"Linear","EasingDirection":"Out"},"HumanoidRootPart":{"Weight":0,"CFrame":[0,0,0,1,0,0,0,1,0,0,0,1],"EasingStyle":"Linear","EasingDirection":"In"},"Head":{"Weight":1,"CFrame":[-1.210719347000122e-8,1.909211277961731e-8,0.0166623592376709,0.9874780774116516,-0.15094508230686189,-0.04585454612970352,0.1306775063276291,0.9454957246780396,-0.29826366901397707,0.08837670087814331,0.2885366380214691,0.9533814191818237],"EasingStyle":"Linear","EasingDirection":"Out"}}},{"Time":0.23333333432674409,"poses":{"Left Leg":{"Weight":1,"CFrame":[-0.10251056402921677,0.07220792770385742,-0.0006809830665588379,0.8960506916046143,0.37042883038520815,-0.24469496309757234,-0.36121830344200137,0.9287583231925964,0.08324214071035385,0.258097767829895,0.013799131847918034,0.9660202264785767],"EasingStyle":"Linear","EasingDirection":"Out"},"Right Arm":{"Weight":1,"CFrame":[0.06200125813484192,-0.5172604322433472,0.2708897590637207,-0.6493441462516785,-0.6057918667793274,-0.4597480297088623,0.3288233280181885,-0.768756628036499,0.5485333204269409,-0.6857312917709351,0.20501086115837098,0.6983859539031982],"EasingStyle":"Linear","EasingDirection":"Out"},"Left Arm":{"Weight":1,"CFrame":[-0.015765979886054994,-0.4341949224472046,0.19045186042785645,-0.02939453348517418,0.8248059749603272,0.5646511316299439,-0.5303846597671509,-0.49168315529823305,0.6906083822250366,0.8472473621368408,-0.2791823446750641,0.45191720128059389],"EasingStyle":"Linear","EasingDirection":"Out"},"Right Leg":{"Weight":1,"CFrame":[-0.08610799163579941,0.08358514308929444,0.011053204536437989,0.9188716411590576,-0.2139957696199417,-0.3314826786518097,0.24293570220470429,0.9688563942909241,0.04795296490192413,0.3108973801136017,-0.12459160387516022,0.9422418475151062],"EasingStyle":"Linear","EasingDirection":"Out"},"Torso":{"Weight":1,"CFrame":[-0.05102137476205826,-0.12153768539428711,1.177699089050293,0.9859315156936646,-0.15375715494155885,-0.0655570849776268,0.13834871351718903,0.9707635641098023,-0.19615748524665833,0.09380103647708893,0.184328094124794,0.9783785343170166],"EasingStyle":"Linear","EasingDirection":"Out"},"HumanoidRootPart":{"Weight":0,"CFrame":[0,0,0,1,0,0,0,1,0,0,0,1],"EasingStyle":"Linear","EasingDirection":"In"},"Head":{"Weight":1,"CFrame":[3.725290298461914e-9,9.313225746154785e-9,0.016662240028381349,0.9743780493736267,-0.21772778034210206,-0.05640963092446327,0.19912299513816834,0.9516836404800415,-0.23376956582069398,0.1045822948217392,0.21654753386974336,0.970654308795929],"EasingStyle":"Linear","EasingDirection":"Out"}}},{"Time":0.2666666805744171,"poses":{"Left Leg":{"Weight":1,"CFrame":[-0.14418362081050874,0.04181039333343506,0.002354741096496582,0.8278729319572449,0.4624117314815521,-0.31749293208122256,-0.47556057572364809,0.8787795901298523,0.03985684737563133,0.29743659496307375,0.11799074709415436,0.9474226236343384],"EasingStyle":"Linear","EasingDirection":"Out"},"Right Arm":{"Weight":1,"CFrame":[0.03191038966178894,-0.47664782404899599,0.2893155813217163,-0.6818220615386963,-0.6758483648300171,-0.27990666031837466,0.3338080644607544,-0.6279299855232239,0.7030477523803711,-0.6509153842926025,0.38591834902763369,0.6537400484085083],"EasingStyle":"Linear","EasingDirection":"Out"},"Left Arm":{"Weight":1,"CFrame":[-0.02121053636074066,-0.35941678285598757,0.24314606189727784,-0.11550963670015335,0.8851463198661804,0.4507475793361664,-0.49810490012168887,-0.44422224164009097,0.7446866631507874,0.8593887686729431,-0.13850116729736329,0.49220767617225649],"EasingStyle":"Linear","EasingDirection":"Out"},"Right Leg":{"Weight":1,"CFrame":[0.10454700887203217,0.22121286392211915,0.10391545295715332,0.8807538151741028,-0.12387124449014664,-0.45708712935447695,0.17657211422920228,0.9814831018447876,0.07425063103437424,0.4394257664680481,-0.14610537886619569,0.8863171935081482],"EasingStyle":"Linear","EasingDirection":"Out"},"Torso":{"Weight":1,"CFrame":[0.014610642567276955,-0.08302348852157593,1.2359004020690919,0.967835545539856,-0.2241511195898056,-0.1142391562461853,0.19102147221565247,0.9502277374267578,-0.24612601101398469,0.16372263431549073,0.21638736128807069,0.9624819159507752],"EasingStyle":"Linear","EasingDirection":"Out"},"HumanoidRootPart":{"Weight":0,"CFrame":[0,0,0,1,0,0,0,1,0,0,0,1],"EasingStyle":"Linear","EasingDirection":"In"},"Head":{"Weight":1,"CFrame":[4.470348358154297e-8,2.421438694000244e-8,0.0166623592376709,0.9637411236763,-0.25427961349487307,-0.08090023696422577,0.23870320618152619,0.9570524096488953,-0.1645343005657196,0.11926352977752686,0.13925734162330628,0.983048141002655],"EasingStyle":"Linear","EasingDirection":"Out"}}},{"Time":0.30000001192092898,"poses":{"Left Leg":{"Weight":1,"CFrame":[-0.47221195697784426,0.2888922095298767,-0.05765634775161743,0.9002934098243713,0.3356618583202362,-0.2771332561969757,-0.36898449063301089,0.9262566566467285,-0.07680515199899674,0.23091600835323335,0.1714051216840744,0.9577568173408508],"EasingStyle":"Linear","EasingDirection":"Out"},"Right Arm":{"Weight":1,"CFrame":[-0.005482301115989685,-0.4181211590766907,0.2911367416381836,-0.6380562782287598,-0.7662927508354187,0.07536235451698303,0.43569475412368777,-0.27860891819000246,0.8558897972106934,-0.6348655223846436,0.5789408087730408,0.5116377472877502],"EasingStyle":"Linear","EasingDirection":"Out"},"Left Arm":{"Weight":1,"CFrame":[-0.043342385441064838,-0.3447694778442383,0.21458661556243897,-0.362599641084671,0.8749387264251709,0.3209420442581177,-0.44975927472114565,-0.46590787172317507,0.7620015144348145,0.8162341117858887,0.13195490837097169,0.5624499320983887],"EasingStyle":"Linear","EasingDirection":"Out"},"Right Leg":{"Weight":1,"CFrame":[0.2258560210466385,0.38899409770965578,0.11374092102050781,0.8979665637016296,-0.10387403517961502,-0.4276285767555237,0.2030622810125351,0.9599090218544006,0.19323664903640748,0.39041227102279665,-0.26035529375076296,0.8830591440200806],"EasingStyle":"Linear","EasingDirection":"Out"},"Torso":{"Weight":1,"CFrame":[0.08548539876937866,-0.040474895387887958,1.2568941116333008,0.959067702293396,-0.21007555723190309,-0.18988773226737977,0.15468771755695344,0.9503303170204163,-0.2700815498828888,0.23719358444213868,0.22965320944786073,0.9439272284507752],"EasingStyle":"Linear","EasingDirection":"Out"},"HumanoidRootPart":{"Weight":0,"CFrame":[0,0,0,1,0,0,0,1,0,0,0,1],"EasingStyle":"Linear","EasingDirection":"In"},"Head":{"Weight":1,"CFrame":[1.3783574104309083e-7,1.5087425708770753e-7,0.01666259765625,0.9448615908622742,-0.29897189140319826,-0.13361288607120515,0.2825060188770294,0.9505340456962586,-0.12913288176059724,0.16561074554920197,0.08426626771688461,0.9825844764709473],"EasingStyle":"Linear","EasingDirection":"Out"}}},{"Time":0.3333333432674408,"poses":{"Left Leg":{"Weight":1,"CFrame":[-0.5542693138122559,0.543769359588623,0.04958510398864746,0.9222001433372498,0.3312978744506836,-0.19947083294391633,-0.36716052889823916,0.9120446443557739,-0.1826685070991516,0.121408611536026,0.24169470369815827,0.9627271890640259],"EasingStyle":"Linear","EasingDirection":"Out"},"Right Arm":{"Weight":1,"CFrame":[-0.0324367880821228,-0.36949121952056887,0.2842676639556885,-0.5036177635192871,-0.7238414883613586,0.4716171622276306,0.5410338640213013,0.1613452285528183,0.8253786563873291,-0.6735365986824036,0.6708362102508545,0.3103663921356201],"EasingStyle":"Linear","EasingDirection":"Out"},"Left Arm":{"Weight":1,"CFrame":[-0.07993458956480026,-0.38698750734329226,0.14059853553771974,-0.641638457775116,0.7416072487831116,0.19575153291225434,-0.3659471869468689,-0.5202884674072266,0.7716103792190552,0.6740792393684387,0.4234602749347687,0.6052262187004089],"EasingStyle":"Linear","EasingDirection":"Out"},"Right Leg":{"Weight":1,"CFrame":[0.2939295172691345,0.4990581274032593,0.06721782684326172,0.9212470054626465,-0.12644772231578828,-0.3678516745567322,0.24323734641075135,0.9252512454986572,0.29111117124557497,0.30354490876197817,-0.3576606512069702,0.883141815662384],"EasingStyle":"Linear","EasingDirection":"Out"},"Torso":{"Weight":1,"CFrame":[0.10628455877304077,0.007732026744633913,1.2385473251342774,0.9495124220848084,-0.1517798751592636,-0.27457067370414736,0.07664430141448975,0.9608880281448364,-0.2661200761795044,0.30422332882881167,0.2316400408744812,0.9240081310272217],"EasingStyle":"Linear","EasingDirection":"Out"},"HumanoidRootPart":{"Weight":0,"CFrame":[0,0,0,1,0,0,0,1,0,0,0,1],"EasingStyle":"Linear","EasingDirection":"In"},"Head":{"Weight":1,"CFrame":[-1.601874828338623e-7,-1.4901161193847657e-8,0.01666247844696045,0.898917555809021,-0.37898966670036318,-0.21980467438697816,0.35040709376335146,0.9230796098709106,-0.1585521250963211,0.26298680901527407,0.06550423800945282,0.9625731706619263],"EasingStyle":"Linear","EasingDirection":"Out"}}},{"Time":0.36666667461395266,"poses":{"Left Leg":{"Weight":1,"CFrame":[-0.3938775062561035,0.7571623921394348,0.20422625541687013,0.8610684275627136,0.4886423647403717,-0.1406761109828949,-0.5084856748580933,0.8264436721801758,-0.2417294830083847,-0.0018583908677101136,0.27967745065689089,0.9600922465324402],"EasingStyle":"Linear","EasingDirection":"Out"},"Right Arm":{"Weight":1,"CFrame":[-0.037714503705501559,-0.3631124496459961,0.279171347618103,-0.33831366896629336,-0.6002054810523987,0.7247740626335144,0.5758726000785828,0.47708630561828616,0.6638970375061035,-0.7442544102668762,0.6419828534126282,0.18423694372177125],"EasingStyle":"Linear","EasingDirection":"Out"},"Left Arm":{"Weight":1,"CFrame":[-0.12069518119096756,-0.46787622570991518,0.07560586929321289,-0.8063430190086365,0.579370379447937,0.11891541630029679,-0.270447313785553,-0.53998863697052,0.7970385551452637,0.5259935259819031,0.6105261445045471,0.5921052694320679],"EasingStyle":"Linear","EasingDirection":"Out"},"Right Leg":{"Weight":1,"CFrame":[0.18849241733551026,0.463114857673645,0.0760345458984375,0.8794285655021668,-0.18114694952964784,-0.4402172863483429,0.3170849084854126,0.9126607775688171,0.25789040327072146,0.3550529479980469,-0.3663824498653412,0.8600589036941528],"EasingStyle":"Linear","EasingDirection":"Out"},"Torso":{"Weight":1,"CFrame":[0.08276820182800293,0.05534779652953148,1.1746931076049805,0.9284257292747498,-0.11089935898780823,-0.3545800745487213,0.022081678733229638,0.9691933989524841,-0.24530912935733796,0.3708612620830536,0.21992161870002747,0.9022729396820068],"EasingStyle":"Linear","EasingDirection":"Out"},"HumanoidRootPart":{"Weight":0,"CFrame":[0,0,0,1,0,0,0,1,0,0,0,1],"EasingStyle":"Linear","EasingDirection":"In"},"Head":{"Weight":1,"CFrame":[-4.284083843231201e-8,1.862645149230957e-9,0.016662001609802247,0.8223794102668762,-0.4778743088245392,-0.30875256657600405,0.4202592670917511,0.8760387897491455,-0.23651257157325746,0.3835025429725647,0.06474686414003372,0.9212673902511597],"EasingStyle":"Linear","EasingDirection":"Out"}}},{"Time":0.4000000059604645,"poses":{"Left Leg":{"Weight":1,"CFrame":[-0.041376784443855289,0.7959259748458862,0.2914799451828003,0.604418158531189,0.7876925468444824,-0.11924406886100769,-0.7850125432014465,0.5633576512336731,-0.25764989852905276,-0.13577182590961457,0.2493363320827484,0.9588521122932434],"EasingStyle":"Linear","EasingDirection":"Out"},"Right Arm":{"Weight":1,"CFrame":[-0.01110694371163845,-0.40911343693733218,0.2577812671661377,-0.1322609931230545,-0.4790355861186981,0.8677741289138794,0.5564940571784973,0.6885849237442017,0.46493566036224368,-0.8202568888664246,0.5444040298461914,0.17550751566886903],"EasingStyle":"Linear","EasingDirection":"Out"},"Left Arm":{"Weight":1,"CFrame":[-0.15490582585334779,-0.5681443214416504,0.06327283382415772,-0.8459948897361755,0.5206649899482727,0.11489400267601013,-0.19888629019260407,-0.5080838799476624,0.8380305171012878,0.4947088956832886,0.6861186027526856,0.5333893895149231],"EasingStyle":"Linear","EasingDirection":"Out"},"Right Leg":{"Weight":1,"CFrame":[0.12076863646507263,0.4844350218772888,0.0886615514755249,0.8175737261772156,-0.16147100925445558,-0.5527209043502808,0.34287601709365847,0.9076713919639587,0.242009699344635,0.4626113474369049,-0.38737547397613528,0.7974527478218079],"EasingStyle":"Linear","EasingDirection":"Out"},"Torso":{"Weight":1,"CFrame":[0.04832280054688454,0.08778715133666992,1.0581440925598145,0.9012789726257324,-0.13163511455059052,-0.41275709867477419,0.03726758435368538,0.9727481603622437,-0.22884966433048249,0.4316333830356598,0.19087493419647218,0.8816231489181519],"EasingStyle":"Linear","EasingDirection":"Out"},"HumanoidRootPart":{"Weight":0,"CFrame":[0,0,0,1,0,0,0,1,0,0,0,1],"EasingStyle":"Linear","EasingDirection":"In"},"Head":{"Weight":1,"CFrame":[1.7229467630386353e-7,1.9371509552001954e-7,0.01666259765625,0.7355932593345642,-0.5681512355804443,-0.36892643570899966,0.4697136878967285,0.8201979994773865,-0.3265644609928131,0.48813074827194216,0.06692885607481003,0.870200514793396],"EasingStyle":"Linear","EasingDirection":"Out"}}},{"Time":0.4333333373069763,"poses":{"Left Leg":{"Weight":1,"CFrame":[0.09647035598754883,0.3999626636505127,0.23575925827026368,0.0040352665819227699,0.9881842732429504,-0.15321728587150575,-0.9586129784584045,-0.03979654982686043,-0.2819172441959381,-0.2846837341785431,0.14801374077796937,0.9471257328987122],"EasingStyle":"Linear","EasingDirection":"Out"},"Right Arm":{"Weight":1,"CFrame":[0.010130584239959717,-0.43336498737335207,0.20546996593475343,0.1160941869020462,-0.3328093886375427,0.9358206391334534,0.46231141686439516,0.8520113825798035,0.24565109610557557,-0.8790848851203919,0.40412190556526186,0.252775102853775],"EasingStyle":"Linear","EasingDirection":"Out"},"Left Arm":{"Weight":1,"CFrame":[-0.18022370338439942,-0.659559965133667,0.09117352962493897,-0.8223232626914978,0.5491560697555542,0.14903630316257478,-0.14726896584033967,-0.4583902060985565,0.8764646649360657,0.5496328473091126,0.6987889409065247,0.45781856775283816],"EasingStyle":"Linear","EasingDirection":"Out"},"Right Leg":{"Weight":1,"CFrame":[0.08545513451099396,0.500613808631897,0.06599509716033936,0.7910735607147217,-0.12926837801933289,-0.5979065299034119,0.3620510995388031,0.8867806196212769,0.2872963845729828,0.4930736720561981,-0.44374528527259829,0.7483105063438416],"EasingStyle":"Linear","EasingDirection":"Out"},"Torso":{"Weight":1,"CFrame":[0.0056022466160357,0.09385693073272705,0.8739080429077148,0.8742069602012634,-0.1897210329771042,-0.44695425033569338,0.09054350107908249,0.9680548906326294,-0.23381951451301576,0.4770367443561554,0.16393783688545228,0.8634583950042725],"EasingStyle":"Linear","EasingDirection":"Out"},"HumanoidRootPart":{"Weight":0,"CFrame":[0,0,0,1,0,0,0,1,0,0,0,1],"EasingStyle":"Linear","EasingDirection":"In"},"Head":{"Weight":1,"CFrame":[2.7008354663848878e-8,2.9802322387695315e-8,0.016662240028381349,0.6700446009635925,-0.6309245824813843,-0.3911195695400238,0.497527539730072,0.7727237939834595,-0.3941625952720642,0.5509142875671387,0.06951378285884857,0.8316617608070374],"EasingStyle":"Linear","EasingDirection":"Out"}}},{"Time":0.46666666865348818,"poses":{"Left Leg":{"Weight":1,"CFrame":[-0.12365740537643433,-0.04832720756530762,0.0796201229095459,-0.6130460500717163,0.7838367819786072,-0.09886547923088074,-0.7509356141090393,-0.6170023083686829,-0.2353803664445877,-0.24550001323223115,-0.07005740702152252,0.9668617844581604],"EasingStyle":"Linear","EasingDirection":"Out"},"Right Arm":{"Weight":1,"CFrame":[-0.04134027659893036,-0.3386440873146057,0.1414281129837036,0.30717265605926516,-0.23961184918880464,0.9209946990013123,0.32462435960769656,0.9361191987991333,0.1352771371603012,-0.894574761390686,0.2574237883090973,0.3653339147567749],"EasingStyle":"Linear","EasingDirection":"Out"},"Left Arm":{"Weight":1,"CFrame":[-0.1969393491744995,-0.7112382650375366,0.13189053535461427,-0.780855119228363,0.5970410704612732,0.183866947889328,-0.11198737472295761,-0.42333289980888369,0.8990262746810913,0.6145926117897034,0.6814185380935669,0.3974226117134094],"EasingStyle":"Linear","EasingDirection":"Out"},"Right Leg":{"Weight":1,"CFrame":[-0.011185571551322937,0.44665735960006716,0.027339458465576173,0.7456203103065491,-0.16529929637908936,-0.64554363489151,0.43779584765434267,0.8518548011779785,0.2875382900238037,0.5023794770240784,-0.49701064825057986,0.7075275182723999],"EasingStyle":"Linear","EasingDirection":"Out"},"Torso":{"Weight":1,"CFrame":[-0.0615612231194973,0.06818480044603348,0.5852115154266357,0.8461347222328186,-0.24786119163036347,-0.4718271493911743,0.12881867587566377,0.954142153263092,-0.2702193558216095,0.5171670913696289,0.16786184906959535,0.8392619490623474],"EasingStyle":"Linear","EasingDirection":"Out"},"HumanoidRootPart":{"Weight":0,"CFrame":[0,0,0,1,0,0,0,1,0,0,0,1],"EasingStyle":"Linear","EasingDirection":"In"},"Head":{"Weight":1,"CFrame":[1.5832483768463136e-7,2.086162567138672e-7,0.0166623592376709,0.6331180930137634,-0.6672970652580261,-0.3922703266143799,0.5174074769020081,0.7417536973953247,-0.42672109603881838,0.5757177472114563,0.06720122694969177,0.8148822784423828],"EasingStyle":"Linear","EasingDirection":"Out"}}},{"Time":0.5,"poses":{"Left Leg":{"Weight":1,"CFrame":[0.007147878408432007,-0.019894957542419435,0.09671521186828613,-0.7620809078216553,0.6178808212280273,0.19353513419628144,-0.6474160552024841,-0.7314258813858032,-0.2141699492931366,0.009225089102983475,-0.28851258754730227,0.9574316740036011],"EasingStyle":"Linear","EasingDirection":"Out"},"Right Arm":{"Weight":1,"CFrame":[-0.1320316344499588,-0.1902460753917694,0.0971379280090332,0.4064640998840332,-0.23630400002002717,0.8825799822807312,0.22134234011173249,0.9626685976982117,0.15580974519252778,-0.8864505290985107,0.13202115893363954,0.4435942471027374],"EasingStyle":"Linear","EasingDirection":"Out"},"Left Arm":{"Weight":1,"CFrame":[-0.20509733259677888,-0.7044320702552795,0.1635056734085083,-0.7611346244812012,0.6165196895599365,0.20143888890743257,-0.10208673775196076,-0.4205823242664337,0.9014924764633179,0.6405094861984253,0.6655929684638977,0.3830582797527313],"EasingStyle":"Linear","EasingDirection":"Out"},"Right Leg":{"Weight":1,"CFrame":[0.09925202280282974,0.616890549659729,0.04168498516082764,0.7559027671813965,-0.11744023859500885,-0.6440642476081848,0.4012059271335602,0.8604986071586609,0.3139680027961731,0.5173439383506775,-0.4957317113876343,0.6975709795951843],"EasingStyle":"Linear","EasingDirection":"Out"},"Torso":{"Weight":1,"CFrame":[-0.1448380947113037,0.012491712346673012,0.17779064178466798,0.8107119798660278,-0.2943686842918396,-0.5060564279556274,0.12719005346298219,0.9323102831840515,-0.3385560214519501,0.5714619159698486,0.21010605990886689,0.7932758927345276],"EasingStyle":"Linear","EasingDirection":"Out"},"HumanoidRootPart":{"Weight":0,"CFrame":[0,0,0,1,0,0,0,1,0,0,0,1],"EasingStyle":"Linear","EasingDirection":"In"},"Head":{"Weight":1,"CFrame":[0,2.9802322387695315e-8,0.01666247844696045,0.6204696297645569,-0.6805444955825806,-0.38971346616744997,0.5399652123451233,0.7311115860939026,-0.41702932119369509,0.5687310695648193,0.04832233116030693,0.8211028575897217],"EasingStyle":"Linear","EasingDirection":"Out"}}},{"Time":0.5333333611488342,"poses":{"Left Leg":{"Weight":1,"CFrame":[0.07341668009757996,-0.06454777717590332,0.07182872295379639,-0.7751477360725403,0.5268340706825256,0.34870022535324099,-0.6282455921173096,-0.7010709047317505,-0.33735308051109316,0.06673447042703629,-0.4805678725242615,0.8744146823883057],"EasingStyle":"Linear","EasingDirection":"Out"},"Right Arm":{"Weight":1,"CFrame":[0.07469108700752258,-0.01965618133544922,0.012676119804382325,0.4906202256679535,-0.23978210985660554,0.8377328515052795,0.1507185846567154,0.9702548980712891,0.18944472074508668,-0.8582398891448975,0.03331632912158966,0.5121663212776184],"EasingStyle":"Linear","EasingDirection":"Out"},"Left Arm":{"Weight":1,"CFrame":[-0.2032770961523056,-0.6694580316543579,0.184906005859375,-0.7353723645210266,0.6448978185653687,0.20816877484321595,-0.12175289541482926,-0.42792072892189028,0.895578145980835,0.6666361689567566,0.6332381963729858,0.39319905638694765],"EasingStyle":"Linear","EasingDirection":"Out"},"Right Leg":{"Weight":1,"CFrame":[0.1752634048461914,0.7112210988998413,0.018233180046081544,0.7795085906982422,-0.06723213940858841,-0.6227728128433228,0.3638937175273895,0.8578518033027649,0.3628659248352051,0.5098506808280945,-0.5094801783561707,0.6931682825088501],"EasingStyle":"Linear","EasingDirection":"Out"},"Torso":{"Weight":1,"CFrame":[-0.19784533977508546,-0.03406928852200508,-0.11701440811157227,0.784175455570221,-0.32442253828048708,-0.5289790034294128,0.11461503058671951,0.9135068655014038,-0.39034420251846316,0.6098625063896179,0.2454693466424942,0.7535334229469299],"EasingStyle":"Linear","EasingDirection":"Out"},"HumanoidRootPart":{"Weight":0,"CFrame":[0,0,0,1,0,0,0,1,0,0,0,1],"EasingStyle":"Linear","EasingDirection":"In"},"Head":{"Weight":1,"CFrame":[-4.470348358154297e-8,1.6391277313232423e-7,0.016662120819091798,0.6260289549827576,-0.6713707447052002,-0.39667248725891116,0.5700597763061523,0.7411103248596191,-0.35466495156288149,0.5320897698402405,-0.004096492659300566,0.8466780185699463],"EasingStyle":"Linear","EasingDirection":"Out"}}},{"Time":0.5666666626930237,"poses":{"Left Leg":{"Weight":1,"CFrame":[0.09415310621261597,-0.11120843887329102,0.040726542472839358,-0.8065245747566223,0.4224012792110443,0.41363662481307986,-0.5862329602241516,-0.6619126796722412,-0.467121422290802,0.0764787495136261,-0.6192323565483093,0.7814744710922241],"EasingStyle":"Linear","EasingDirection":"Out"},"Right Arm":{"Weight":1,"CFrame":[0.3004361689090729,0.11614501476287842,-0.05237293243408203,0.5285735726356506,-0.27723196148872378,0.802341878414154,0.11709695309400559,0.9599450826644898,0.25454601645469668,-0.8407724499702454,-0.04059456288814545,0.5398645997047424],"EasingStyle":"Linear","EasingDirection":"Out"},"Left Arm":{"Weight":1,"CFrame":[-0.18993937969207765,-0.6488021016120911,0.19982993602752686,-0.6462968587875366,0.7327319979667664,0.21308209002017976,-0.17002829909324647,-0.4104950726032257,0.8958707451820374,0.743902325630188,0.5427684187889099,0.3898867070674896],"EasingStyle":"Linear","EasingDirection":"Out"},"Right Leg":{"Weight":1,"CFrame":[0.14751657843589784,0.7275843024253845,0.0024656057357788088,0.7724782824516296,-0.15175306797027589,-0.6166427731513977,0.42259377241134646,0.8476498126983643,0.32078707218170168,0.4740166664123535,-0.5083904266357422,0.7189209461212158],"EasingStyle":"Linear","EasingDirection":"Out"},"Torso":{"Weight":1,"CFrame":[-0.18489624559879304,-0.117979034781456,-0.24386096000671388,0.7909963726997376,-0.3471856713294983,-0.5037725567817688,0.07754670083522797,0.8736501932144165,-0.48033517599105837,0.6068865060806274,0.3408775329589844,0.7179772257804871],"EasingStyle":"Linear","EasingDirection":"Out"},"HumanoidRootPart":{"Weight":0,"CFrame":[0,0,0,1,0,0,0,1,0,0,0,1],"EasingStyle":"Linear","EasingDirection":"In"},"Head":{"Weight":1,"CFrame":[4.842877388000488e-8,8.940696716308594e-8,0.016661882400512697,0.6446780562400818,-0.6370279788970947,-0.42259374260902407,0.6063033938407898,0.7627720236778259,-0.2248888611793518,0.46560320258140566,-0.11123909056186676,0.8779746890068054],"EasingStyle":"Linear","EasingDirection":"Out"}}},{"Time":0.6000000238418579,"poses":{"Left Leg":{"Weight":1,"CFrame":[0.12319698929786682,-0.10455656051635742,0.027107715606689454,-0.7398577928543091,0.46156707406044009,0.4894551634788513,-0.6707389950752258,-0.5624671578407288,-0.4834665060043335,0.052150361239910129,-0.6859930753707886,0.7257367372512817],"EasingStyle":"Linear","EasingDirection":"Out"},"Right Arm":{"Weight":1,"CFrame":[0.25480812788009646,0.04940450191497803,-0.0009580254554748535,0.5353147983551025,-0.3419361412525177,0.7723457217216492,0.16661420464515687,0.9391754865646362,0.3003147542476654,-0.8280566334724426,-0.03207923844456673,0.5597259402275086],"EasingStyle":"Linear","EasingDirection":"Out"},"Left Arm":{"Weight":1,"CFrame":[-0.16855254769325257,-0.6672012805938721,0.21096563339233399,-0.4298553466796875,0.8792283535003662,0.20538240671157838,-0.23433512449264527,-0.3283141255378723,0.9150392413139343,0.8719583749771118,0.34520629048347475,0.3471616506576538],"EasingStyle":"Linear","EasingDirection":"Out"},"Right Leg":{"Weight":1,"CFrame":[0.23203855752944947,0.8046257495880127,-0.004701852798461914,0.8015829920768738,-0.07526428997516632,-0.5931273102760315,0.3389275074005127,0.8744497895240784,0.34708184003829958,0.49253717064857485,-0.4792419970035553,0.7264531254768372],"EasingStyle":"Linear","EasingDirection":"Out"},"Torso":{"Weight":1,"CFrame":[-0.1600128412246704,-0.110572449862957,-0.31140589714050295,0.8056880235671997,-0.3099219501018524,-0.5047921538352966,0.0659026950597763,0.8938099145889282,-0.4435771405696869,0.5886625647544861,0.32411763072013857,0.7405566573143005],"EasingStyle":"Linear","EasingDirection":"Out"},"HumanoidRootPart":{"Weight":0,"CFrame":[0,0,0,1,0,0,0,1,0,0,0,1],"EasingStyle":"Linear","EasingDirection":"In"},"Head":{"Weight":1,"CFrame":[1.862645149230957e-7,7.450580596923828e-8,0.01666247844696045,0.6757717132568359,-0.5711653828620911,-0.4659426808357239,0.6368093490600586,0.7707299590110779,-0.02119702659547329,0.37122297286987307,-0.2823922634124756,0.8845609426498413],"EasingStyle":"Linear","EasingDirection":"Out"}}},{"Time":0.6333333253860474,"poses":{"Left Leg":{"Weight":1,"CFrame":[0.1770797073841095,-0.041074395179748538,0.02618265151977539,-0.522847056388855,0.5992197394371033,0.6062729358673096,-0.8523625135421753,-0.358796626329422,-0.3804510831832886,-0.010445023886859417,-0.7156819701194763,0.6983481645584106],"EasingStyle":"Linear","EasingDirection":"Out"},"Right Arm":{"Weight":1,"CFrame":[0.20695386826992036,-0.16162768006324769,0.04722154140472412,0.5383913516998291,-0.44416677951812746,0.7161359190940857,0.28780412673950198,0.8956352472305298,0.3391256630420685,-0.7920249700546265,0.02352452464401722,0.6100353002548218],"EasingStyle":"Linear","EasingDirection":"Out"},"L