{"Sequence":[{"Time":0,"poses":{"Left Leg":{"Weight":1,"CFrame":[-0.1774889975786209,0.9711727499961853,3.5762786865234377e-7,0.9032130837440491,0.429192453622818,1.0030694852503075e-7,-0.4291924834251404,0.9032130837440491,-4.818623438040959e-7,-3.257316336657823e-7,3.7698450228162985e-7,1],"EasingStyle":"Linear","EasingDirection":"In"},"Right Arm":{"Weight":1,"CFrame":[0.6143853664398193,-0.059057652950286868,0.03895223140716553,-0.8862616419792175,-0.4104730188846588,-0.2145978808403015,0.3200543224811554,-0.8776134252548218,0.3568751811981201,-0.33482158184051516,0.2476016730070114,0.9091688394546509],"EasingStyle":"Linear","EasingDirection":"In"},"Head":{"Weight":1,"CFrame":[8.742277657347586e-8,-1.5273690223693848e-7,0,1,-3.984187557648511e-8,8.414021124281135e-8,6.118597184467944e-8,0.9624518156051636,-0.27145272493362429,-7.016570435780523e-8,0.27145272493362429,0.9624518156051636],"EasingStyle":"Linear","EasingDirection":"In"},"Right Leg":{"Weight":1,"CFrame":[0.7230834364891052,0.6466071605682373,-1.7881393432617188e-7,0.9999985694885254,-0.0016775332624092699,3.229240519431187e-7,0.0016774829709902406,0.9999986290931702,2.579241424882639e-7,-2.625701824854332e-7,-2.960389053896506e-7,1],"EasingStyle":"Linear","EasingDirection":"In"},"Torso":{"Weight":1,"CFrame":[1.7760004502876933e-16,-0.7998394966125488,-1.7655748128890992,1,2.1759810546841987e-16,-8.742277657347586e-8,-8.740524748418466e-8,0.020025234669446946,-0.9997994899749756,1.750661393629116e-9,0.9997994899749756,0.020025234669446946],"EasingStyle":"Linear","EasingDirection":"In"},"HumanoidRootPart":{"Weight":1,"CFrame":[0,0,0,1,0,0,0,1,0,0,0,1],"EasingStyle":"Linear","EasingDirection":"In"},"Left Arm":{"Weight":1,"CFrame":[-0.6143853664398193,-0.05905783176422119,0.03895223140716553,-0.8862617611885071,0.4104727506637573,0.21459783613681794,-0.32005438208580019,-0.8776136040687561,0.35687485337257388,0.33482134342193606,0.24760152399539948,0.9091688990592957],"EasingStyle":"Linear","EasingDirection":"In"}}},{"Time":0.03333333507180214,"poses":{"Left Leg":{"Weight":1,"CFrame":[-0.17993175983428956,0.9697156548500061,0.0002639293670654297,0.9038758277893066,0.42779499292373659,0.0001532832975499332,-0.4277949631214142,0.9038758277893066,-0.0002437920484226197,-0.00024289579596370459,0.0001547828724142164,1],"EasingStyle":"Linear","EasingDirection":"In"},"Right Arm":{"Weight":1,"CFrame":[0.6151651740074158,-0.05889323353767395,0.03824901580810547,-0.8855555653572083,-0.4125783145427704,-0.21347272396087647,0.3224843442440033,-0.8767703175544739,0.3567599952220917,-0.33435797691345217,0.24708901345729829,0.9094787836074829],"EasingStyle":"Linear","EasingDirection":"In"},"Head":{"Weight":1,"CFrame":[8.742321710997203e-8,7.450580596923828e-9,-1.7881393432617188e-7,1,-0.00000943581744650146,-0.00002791309634631034,0.000001514640075583884,0.9625458717346191,-0.2711189091205597,0.000029425864340737463,0.2711189091205597,0.9625458717346191],"EasingStyle":"Linear","EasingDirection":"In"},"Right Leg":{"Weight":1,"CFrame":[0.7220385670661926,0.6468565464019775,0.00036978721618652344,0.9999974370002747,-0.0022649222519248726,-0.0003772011841647327,0.0022647881414741279,0.9999974966049194,-0.0002175455301767215,0.00037775523378513753,0.00021666484826710075,0.9999999403953552],"EasingStyle":"Linear","EasingDirection":"In"},"Torso":{"Weight":1,"CFrame":[1.7735366432023673e-16,-0.7998459339141846,-1.763336420059204,1,2.1747486217459437e-16,-8.742277657347586e-8,-8.740285295516515e-8,0.02134689688682556,-0.9997721314430237,1.8662047462925104e-9,0.9997721314430237,0.02134689688682556],"EasingStyle":"Linear","EasingDirection":"In"},"HumanoidRootPart":{"Weight":1,"CFrame":[0,0,0,1,0,0,0,1,0,0,0,1],"EasingStyle":"Linear","EasingDirection":"In"},"Left Arm":{"Weight":1,"CFrame":[-0.6151384711265564,-0.0592842698097229,0.038417816162109378,-0.8854875564575195,0.41283854842185976,0.21325114369392396,-0.3220440149307251,-0.8760918378829956,0.35881882905960085,0.33496180176734927,0.24905331432819367,0.9087204933166504],"EasingStyle":"Linear","EasingDirection":"In"}}},{"Time":0.06666667014360428,"poses":{"Left Leg":{"Weight":1,"CFrame":[-0.1823657602071762,0.9682510495185852,0.0005273818969726563,0.9045349359512329,0.4263994097709656,0.00030743583920411766,-0.42639920115470889,0.9045350551605225,-0.00048662960762158036,-0.0004856206651311368,0.00030906961183063686,0.9999998807907105],"EasingStyle":"Linear","EasingDirection":"In"},"Right Arm":{"Weight":1,"CFrame":[0.6159452795982361,-0.05872839689254761,0.03754591941833496,-0.8848429918289185,-0.41468262672424319,-0.21234747767448426,0.3249134123325348,-0.8759213089942932,0.35664165019989016,-0.3338926136493683,0.24657709896564485,0.9097886681556702],"EasingStyle":"Linear","EasingDirection":"In"},"Head":{"Weight":1,"CFrame":[8.742371448988706e-8,1.4901161193847657e-7,1.1920928955078126e-7,1,-0.00001882332617242355,-0.00005591729859588668,0.0000029785214792354965,0.9626399278640747,-0.2707849144935608,0.00005892531044082716,0.2707849144935608,0.9626399278640747],"EasingStyle":"Linear","EasingDirection":"In"},"Right Leg":{"Weight":1,"CFrame":[0.7209936380386353,0.647104024887085,0.0007370710372924805,0.9999957084655762,-0.0028542999643832447,-0.0007517233025282621,0.0028539225459098818,0.9999958276748657,-0.0004340140731073916,0.0007530198199674487,0.00043186734546907246,0.9999997019767761],"EasingStyle":"Linear","EasingDirection":"In"},"Torso":{"Weight":1,"CFrame":[1.7710707185346733e-16,-0.7998504638671875,-1.7610976696014405,1,2.1735156594120966e-16,-8.742278367890322e-8,-8.740030210674377e-8,0.022668838500976564,-0.9997430443763733,1.981772523862446e-9,0.9997430443763733,0.022668838500976564],"EasingStyle":"Linear","EasingDirection":"In"},"HumanoidRootPart":{"Weight":1,"CFrame":[0,0,0,1,0,0,0,1,0,0,0,1],"EasingStyle":"Linear","EasingDirection":"In"},"Left Arm":{"Weight":1,"CFrame":[-0.6158917546272278,-0.05951014161109924,0.03788340091705322,-0.8847073912620544,0.41520124673843386,0.21189820766448975,-0.32403263449668887,-0.8745601773262024,0.36075979471206667,0.3351055085659027,0.25050485134124758,0.9082684516906738],"EasingStyle":"Linear","EasingDirection":"In"}}},{"Time":0.10000000149011612,"poses":{"Left Leg":{"Weight":1,"CFrame":[-0.18478988111019135,0.9667780995368958,0.0007904767990112305,0.9051901698112488,0.4250067174434662,0.00046257159556262195,-0.4250063896179199,0.9051900506019592,-0.0007289918139576912,-0.0007285592728294432,0.00046326685696840286,0.9999996423721314],"EasingStyle":"Linear","EasingDirection":"In"},"Right Arm":{"Weight":1,"CFrame":[0.6167256236076355,-0.058564215898513797,0.03684282302856445,-0.8841239809989929,-0.41678568720817568,-0.21122179925441743,0.3273414075374603,-0.8750664591789246,0.3565199077129364,-0.3334254026412964,0.24606595933437348,0.9100983738899231],"EasingStyle":"Linear","EasingDirection":"In"},"Head":{"Weight":1,"CFrame":[8.742414792095588e-8,1.4901161193847657e-8,-1.7881393432617188e-7,1,-0.000028202362955198624,-0.00008392849122174084,0.000004452829671208747,0.962733805179596,-0.2704509198665619,0.00008842816896503791,0.2704509198665619,0.962733805179596],"EasingStyle":"Linear","EasingDirection":"In"},"Right Leg":{"Weight":1,"CFrame":[0.7199493050575256,0.6473472714424133,0.0011017322540283204,0.9999934434890747,-0.0034458739683032037,-0.0011232899269089103,0.0034450930543243887,0.9999938607215881,-0.0006495770066976547,0.0011255828430876136,0.0006456993287429214,0.9999991655349731],"EasingStyle":"Linear","EasingDirection":"In"},"Torso":{"Weight":1,"CFrame":[1.768604264471387e-16,-0.7998542785644531,-1.7588589191436768,1,2.1722826970782496e-16,-8.742278367890322e-8,-8.739760914977524e-8,0.023990551009774209,-0.9997122287750244,2.097320095373334e-9,0.9997122287750244,0.023990551009774209],"EasingStyle":"Linear","EasingDirection":"In"},"HumanoidRootPart":{"Weight":1,"CFrame":[0,0,0,1,0,0,0,1,0,0,0,1],"EasingStyle":"Linear","EasingDirection":"In"},"Left Arm":{"Weight":1,"CFrame":[-0.6166454553604126,-0.05973687767982483,0.03734910488128662,-0.8839210867881775,0.4175606369972229,0.21053893864154817,-0.32602035999298098,-0.8730185627937317,0.3626975119113922,0.3352525234222412,0.25195586681365969,0.9078127145767212],"EasingStyle":"Linear","EasingDirection":"In"}}},{"Time":0.13333334028720857,"poses":{"Left Leg":{"Weight":1,"CFrame":[-0.187204971909523,0.965298056602478,0.0010533332824707032,0.9058418273925781,0.4236156940460205,0.0006186023238115013,-0.42361512780189516,0.9058418273925781,-0.0009709375444799662,-0.0009717155480757356,0.0006174641312099993,0.9999993443489075],"EasingStyle":"Linear","EasingDirection":"In"},"Right Arm":{"Weight":1,"CFrame":[0.6175055503845215,-0.05839943885803223,0.036139726638793948,-0.8833984732627869,-0.4188878834247589,-0.2100958526134491,0.32976844906806948,-0.8742055892944336,0.3563951253890991,-0.332956463098526,0.24555571377277375,0.9104077219963074],"EasingStyle":"Linear","EasingDirection":"In"},"Head":{"Weight":1,"CFrame":[8.742464530087091e-8,-4.470348358154297e-8,2.384185791015625e-7,1,-0.00003757294689421542,-0.00011194667604286224,0.000005937576588621596,0.9628276228904724,-0.270116925239563,0.00011793445446528494,0.270116925239563,0.9628276228904724],"EasingStyle":"Linear","EasingDirection":"In"},"Right Leg":{"Weight":1,"CFrame":[0.7189052104949951,0.6475895047187805,0.0014635324478149415,0.999990701675415,-0.004039248917251825,-0.0014919046079739929,0.004037903621792793,0.9999915361404419,-0.000863799185026437,0.0014954410726204515,0.0008577427943237126,0.9999985694885254],"EasingStyle":"Linear","EasingDirection":"In"},"Torso":{"Weight":1,"CFrame":[1.7661356928257329e-16,-0.7998559474945068,-1.7566200494766236,1,2.1710486759532185e-16,-8.742278367890322e-8,-8.739475276797748e-8,0.025312699377536775,-0.9996795654296875,2.212905858556269e-9,0.9996795654296875,0.025312699377536775],"EasingStyle":"Linear","EasingDirection":"In"},"HumanoidRootPart":{"Weight":1,"CFrame":[0,0,0,1,0,0,0,1,0,0,0,1],"EasingStyle":"Linear","EasingDirection":"In"},"Left Arm":{"Weight":1,"CFrame":[-0.617398738861084,-0.05996289849281311,0.03681468963623047,-0.8831287622451782,0.41991665959358218,0.20917336642742158,-0.32800689339637759,-0.8714671730995178,0.36463209986686709,0.33540278673171999,0.25340670347213747,0.9073532223701477],"EasingStyle":"Linear","EasingDirection":"In"}}},{"Time":0.1666666716337204,"poses":{"Left Leg":{"Weight":1,"CFrame":[-0.18960990011692048,0.9638094902038574,0.001316070556640625,0.9064895510673523,0.422227680683136,0.0007756564300507307,-0.4222266674041748,0.9064894914627075,-0.00121231225784868,-0.0012150423135608435,0.0007714526145718992,0.9999990463256836],"EasingStyle":"Linear","EasingDirection":"In"},"Right Arm":{"Weight":1,"CFrame":[0.6182857751846314,-0.0582352876663208,0.03543663024902344,-0.8826664686203003,-0.42098918557167055,-0.20896948873996736,0.33219459652900698,-0.8733385801315308,0.356267511844635,-0.3324858546257019,0.24504674971103669,0.9107168316841126],"EasingStyle":"Linear","EasingDirection":"In"},"Head":{"Weight":1,"CFrame":[8.742509294279444e-8,7.450580596923828e-9,-1.1920928955078126e-7,1,-0.00004693505252362229,-0.0001399718748871237,0.000007432757229253184,0.9629212617874146,-0.26978275179862978,0.00014744415238965303,0.26978275179862978,0.9629212617874146],"EasingStyle":"Linear","EasingDirection":"In"},"Right Leg":{"Weight":1,"CFrame":[0.717860758304596,0.6478279829025269,0.0018225908279418946,0.9999875426292419,-0.004634731914848089,-0.0018576110014691949,0.004632686730474234,0.9999886751174927,-0.0010770505759865046,0.0018626439850777388,0.0010684450389817358,0.9999977350234985],"EasingStyle":"Linear","EasingDirection":"In"},"Torso":{"Weight":1,"CFrame":[1.7636671211800786e-16,-0.7998569011688232,-1.7543812990188599,1,2.1698145224792893e-16,-8.742277657347586e-8,-8.739176138305993e-8,0.026634613052010537,-0.9996452331542969,2.3284716377247607e-9,0.9996452331542969,0.026634613052010537],"EasingStyle":"Linear","EasingDirection":"In"},"HumanoidRootPart":{"Weight":1,"CFrame":[0,0,0,1,0,0,0,1,0,0,0,1],"EasingStyle":"Linear","EasingDirection":"In"},"Left Arm":{"Weight":1,"CFrame":[-0.6181522011756897,-0.060189515352249148,0.03628039360046387,-0.8823302388191223,0.4222698509693146,0.2078016996383667,-0.3299926221370697,-0.8699058294296265,0.3665635585784912,0.3355565667152405,0.25485700368881228,0.9068901538848877],"EasingStyle":"Linear","EasingDirection":"In"}}},{"Time":0.20000000298023225,"poses":{"Left Leg":{"Weight":1,"CFrame":[-0.19200576841831208,0.9623129367828369,0.0015785694122314454,0.9071336984634399,0.4208415448665619,0.0009336454677395523,-0.4208401143550873,0.9071336984634399,-0.0014531746273860336,-0.001458544167689979,0.0009253223543055356,0.9999985098838806],"EasingStyle":"Linear","EasingDirection":"In"},"Right Arm":{"Weight":1,"CFrame":[0.6190659999847412,-0.05807057023048401,0.03473353385925293,-0.8819279670715332,-0.42308905720710757,-0.20784297585487367,0.3346194922924042,-0.872465968132019,0.35613617300987246,-0.3320133090019226,0.2445381134748459,0.9110260009765625],"EasingStyle":"Linear","EasingDirection":"In"},"Head":{"Weight":1,"CFrame":[8.74255690064274e-8,-1.1920928955078126e-7,-5.960464477539063e-8,1,-0.000056288670748472217,-0.00016800404409877956,0.000008938382961787284,0.9630148410797119,-0.26944848895072939,0.0001769572263583541,0.26944848895072939,0.9630147814750671],"EasingStyle":"Linear","EasingDirection":"In"},"Right Leg":{"Weight":1,"CFrame":[0.7168169021606445,0.6480642557144165,0.0021791458129882814,0.9999839067459106,-0.005231902003288269,-0.0022204627748578789,0.0052289944142103199,0.9999855756759644,-0.0012891623191535473,0.0022272388450801374,0.0012775079812854529,0.9999967813491821],"EasingStyle":"Linear","EasingDirection":"In"},"Torso":{"Weight":1,"CFrame":[1.7611969613476483e-16,-0.7998561859130859,-1.752142310142517,1,2.168579839609768e-16,-8.74227694680485e-8,-8.738861367874051e-8,0.02795679308474064,-0.999609112739563,2.4440605095321645e-9,0.999609112739563,0.02795679308474064],"EasingStyle":"Linear","EasingDirection":"In"},"HumanoidRootPart":{"Weight":1,"CFrame":[0,0,0,1,0,0,0,1,0,0,0,1],"EasingStyle":"Linear","EasingDirection":"In"},"Left Arm":{"Weight":1,"CFrame":[-0.6189057230949402,-0.060415804386138919,0.035745978355407718,-0.8815255761146545,0.42461973428726199,0.20642369985580445,-0.33197730779647829,-0.8683345317840576,0.3684919476509094,0.33571380376815798,0.25630712509155276,0.9064232110977173],"EasingStyle":"Linear","EasingDirection":"In"}}},{"Time":0.23333333432674409,"poses":{"Left Leg":{"Weight":1,"CFrame":[-0.1943923532962799,0.9608091115951538,0.0018405914306640626,0.9077743291854858,0.4194575548171997,0.0010925878304988146,-0.41945555806159975,0.9077743291854858,-0.0016936416504904628,-0.0017022793181240559,0.0010791323147714139,0.9999980330467224],"EasingStyle":"Linear","EasingDirection":"In"},"Right Arm":{"Weight":1,"CFrame":[0.6198458671569824,-0.05790609121322632,0.03403043746948242,-0.8811830282211304,-0.4251883327960968,-0.20671617984771729,0.33704349398612978,-0.8715869784355164,0.3560027480125427,-0.33153918385505679,0.24403108656406403,0.9113343954086304],"EasingStyle":"Linear","EasingDirection":"In"},"Head":{"Weight":1,"CFrame":[8.742601664835093e-8,9.685754776000977e-8,-1.1920928955078126e-7,1,-0.00006563374336110428,-0.00019604303815867752,0.000010454447874508333,0.9631083607673645,-0.2691141963005066,0.0002064737054752186,0.2691141963005066,0.9631083011627197],"EasingStyle":"Linear","EasingDirection":"In"},"Right Leg":{"Weight":1,"CFrame":[0.7157731652259827,0.6482964754104614,0.0025330781936645509,0.9999797344207764,-0.005830619018524885,-0.002580478088930249,0.005826708395034075,0.9999819397926331,-0.0015002954751253129,0.0025892385747283699,0.0014852005988359452,0.9999955892562866],"EasingStyle":"Linear","EasingDirection":"In"},"Torso":{"Weight":1,"CFrame":[1.7587246839328498e-16,-0.7998538017272949,-1.7499032020568848,1,2.167345421438043e-16,-8.742279788975793e-8,-8.73852812333098e-8,0.029279418289661409,-0.9995713233947754,2.5596871289224056e-9,0.9995713233947754,0.029279418289661409],"EasingStyle":"Linear","EasingDirection":"In"},"HumanoidRootPart":{"Weight":1,"CFrame":[0,0,0,1,0,0,0,1,0,0,0,1],"EasingStyle":"Linear","EasingDirection":"In"},"Left Arm":{"Weight":1,"CFrame":[-0.6196586489677429,-0.060642093420028689,0.03521168231964111,-0.8807148933410645,0.42696619033813479,0.20503956079483033,-0.33396080136299136,-0.8667534589767456,0.37041717767715456,0.33587419986724856,0.2577565610408783,0.905952513217926],"EasingStyle":"Linear","EasingDirection":"In"}}},{"Time":0.2666666805744171,"poses":{"Left Leg":{"Weight":1,"CFrame":[-0.19676871597766877,0.9592971205711365,0.002102494239807129,0.9084109663963318,0.41807660460472109,0.0012525299098342658,-0.41807395219802859,0.9084110856056213,-0.0019333806121721864,-0.0019461482297629119,0.001232644310221076,0.9999973773956299],"EasingStyle":"Linear","EasingDirection":"In"},"Right Arm":{"Weight":1,"CFrame":[0.6206260323524475,-0.05774155259132385,0.033327341079711917,-0.880431592464447,-0.4272861182689667,-0.20558907091617585,0.3394663333892822,-0.8707022070884705,0.35586559772491457,-0.33106324076652529,0.24352462589740754,0.9116429686546326],"EasingStyle":"Linear","EasingDirection":"In"},"Head":{"Weight":1,"CFrame":[8.742649271198388e-8,-4.470348358154297e-8,-5.960464477539063e-8,1,-0.00007497041224269196,-0.0002240891772089526,0.000011980965609836858,0.9632017016410828,-0.2687798738479614,0.000235993618844077,0.2687798738479614,0.963201642036438],"EasingStyle":"Linear","EasingDirection":"In"},"Right Leg":{"Weight":1,"CFrame":[0.7147294878959656,0.6485263705253601,0.002884387969970703,0.9999750256538391,-0.006431955378502607,-0.002937695011496544,0.006426903419196606,0.9999779462814331,-0.0017104916041716934,0.0029486939311027529,0.0016915822634473444,0.9999942779541016],"EasingStyle":"Linear","EasingDirection":"In"},"Torso":{"Weight":1,"CFrame":[1.7562518771224593e-16,-0.7998502254486084,-1.747663974761963,1,2.1661100768240319e-16,-8.742278367890322e-8,-8.7381827995614e-8,0.03060162626206875,-0.9995317459106445,2.6752786652650686e-9,0.9995317459106445,0.03060162626206875],"EasingStyle":"Linear","EasingDirection":"In"},"HumanoidRootPart":{"Weight":1,"CFrame":[0,0,0,1,0,0,0,1,0,0,0,1],"EasingStyle":"Linear","EasingDirection":"In"},"Left Arm":{"Weight":1,"CFrame":[-0.6204125285148621,-0.06086832284927368,0.03467726707458496,-0.8798980116844177,0.4293093979358673,0.20364899933338166,-0.335943341255188,-0.8651622533798218,0.37233924865722659,0.33603817224502566,0.2592058479785919,0.9054780602455139],"EasingStyle":"Linear","EasingDirection":"In"}}},{"Time":0.30000001192092898,"poses":{"Left Leg":{"Weight":1,"CFrame":[-0.19913551211357118,0.9577776193618774,0.0023641586303710939,0.9090440273284912,0.41669762134552,0.001413351739756763,-0.4166943430900574,0.909044086933136,-0.0021728400606662037,-0.0021902602165937425,0.0013862750492990018,0.9999967217445374],"EasingStyle":"Linear","EasingDirection":"In"},"Right Arm":{"Weight":1,"CFrame":[0.6214063167572022,-0.057577162981033328,0.032624244689941409,-0.8796736598014832,-0.4293830692768097,-0.2044616937637329,0.3418881297111511,-0.8698113560676575,0.3557256758213043,-0.33058565855026247,0.24301929771900178,0.9119510650634766],"EasingStyle":"Linear","EasingDirection":"In"},"Head":{"Weight":1,"CFrame":[8.742696167018949e-8,1.4528632164001466e-7,-1.1920928955078126e-7,1,-0.00008429856097791344,-0.0002521422866266221,0.000013517944353225176,0.9632949829101563,-0.2684454023838043,0.00026551695191301405,0.26844537258148196,0.9632949233055115],"EasingStyle":"Linear","EasingDirection":"In"},"Right Leg":{"Weight":1,"CFrame":[0.7136858105659485,0.6487537622451782,0.003233194351196289,0.9999698996543884,-0.0070349788293242458,-0.003292176639661193,0.007028635125607252,0.999973475933075,-0.001919521251693368,0.0033056538086384537,0.0018962938338518143,0.9999927282333374],"EasingStyle":"Linear","EasingDirection":"In"},"Torso":{"Weight":1,"CFrame":[1.7537769527297006e-16,-0.7998454570770264,-1.7454248666763306,1,2.1648742028144286e-16,-8.742277657347586e-8,-8.737821843851634e-8,0.03192409500479698,-0.9994903206825256,2.7908928501574339e-9,0.9994903206825256,0.03192409500479698],"EasingStyle":"Linear","EasingDirection":"In"},"HumanoidRootPart":{"Weight":1,"CFrame":[0,0,0,1,0,0,0,1,0,0,0,1],"EasingStyle":"Linear","EasingDirection":"In"},"Left Arm":{"Weight":1,"CFrame":[-0.6211658716201782,-0.061094701290130618,0.03414297103881836,-0.8790751099586487,0.43164899945259097,0.20225243270397187,-0.33792442083358767,-0.8635615110397339,0.37425750494003298,0.33620521426200869,0.2606543302536011,0.9050001502037048],"EasingStyle":"Linear","EasingDirection":"In"}}},{"Time":0.3333333432674408,"poses":{"Left Leg":{"Weight":1,"CFrame":[-0.20149341225624085,0.9562504291534424,0.002625703811645508,0.9096736311912537,0.41532081365585329,0.0015751314349472523,-0.41531676054000857,0.9096736907958984,-0.002411686582490802,-0.00243451539427042,0.0015396971721202136,0.9999958276748657],"EasingStyle":"Linear","EasingDirection":"In"},"Right Arm":{"Weight":1,"CFrame":[0.6221864223480225,-0.05741274356842041,0.0319211483001709,-0.878909170627594,-0.431478887796402,-0.20333419740200044,0.3443088233470917,-0.8689147233963013,0.3555823862552643,-0.33010628819465639,0.2425147444009781,0.9122589826583862],"EasingStyle":"Linear","EasingDirection":"In"},"Head":{"Weight":1,"CFrame":[8.742741641754037e-8,-1.341104507446289e-7,0,1,-0.00009361820411868393,-0.00028020230820402503,0.00001506537137174746,0.9633880853652954,-0.26811090111732485,0.00029504363192245364,0.26811087131500246,0.9633880257606506],"EasingStyle":"Linear","EasingDirection":"In"},"Right Leg":{"Weight":1,"CFrame":[0.7126426696777344,0.6489776372909546,0.003579378128051758,0.9999642372131348,-0.007639550603926182,-0.0036439013201743366,0.007631783839315176,0.9999687075614929,-0.002127456245943904,0.0036601012106984855,0.002099576173350215,0.9999911785125732],"EasingStyle":"Linear","EasingDirection":"In"},"Torso":{"Weight":1,"CFrame":[1.751302028336942e-16,-0.7998390197753906,-1.7431854009628297,1,2.1636381964559274e-16,-8.742277657347586e-8,-8.737444545658946e-8,0.03324682265520096,-0.9994471669197083,2.9065292395102917e-9,0.9994471669197083,0.03324682265520096],"EasingStyle":"Linear","EasingDirection":"In"},"HumanoidRootPart":{"Weight":1,"CFrame":[0,0,0,1,0,0,0,1,0,0,0,1],"EasingStyle":"Linear","EasingDirection":"In"},"Left Arm":{"Weight":1,"CFrame":[-0.6219192147254944,-0.061320960521698,0.03360855579376221,-0.8782460689544678,0.43398529291152956,0.20084956288337708,-0.3399044871330261,-0.8619508147239685,0.37617287039756777,0.336375892162323,0.26210257411003115,0.9045184254646301],"EasingStyle":"Linear","EasingDirection":"In"}}},{"Time":0.36666667461395266,"poses":{"Left Leg":{"Weight":1,"CFrame":[-0.20384113490581513,0.9547154903411865,0.0028867721557617189,0.9102995991706848,0.41394659876823428,0.0017379020573571325,-0.4139415919780731,0.9102996587753296,-0.0026500371750444175,-0.0026790243573486807,0.0016929114935919643,0.9999950528144836],"EasingStyle":"Linear","EasingDirection":"In"},"Right Arm":{"Weight":1,"CFrame":[0.6229665279388428,-0.057248204946517947,0.03121793270111084,-0.8781382441520691,-0.43357357382774355,-0.20220643281936646,0.3467283546924591,-0.8680117130279541,0.3554365634918213,-0.32962527871131899,0.24201147258281709,0.9125663638114929],"EasingStyle":"Linear","EasingDirection":"In"},"Head":{"Weight":1,"CFrame":[8.742787116489126e-8,-1.1175870895385742e-7,-2.980232238769531e-7,0.9999999403953552,-0.00010292923252563924,-0.00030826908187009394,0.000016623256669845433,0.9634811878204346,-0.267776221036911,0.00032457360066473484,0.26777616143226626,0.9634811878204346],"EasingStyle":"Linear","EasingDirection":"In"},"Right Leg":{"Weight":1,"CFrame":[0.7115997672080994,0.6491986513137817,0.003923177719116211,0.9999580383300781,-0.008245745673775673,-0.003992923069745302,0.008236413821578026,0.9999634027481079,-0.0023345465306192638,0.004012085031718016,0.002301516942679882,0.9999893307685852],"EasingStyle":"Linear","EasingDirection":"In"},"Torso":{"Weight":1,"CFrame":[1.748823927570631e-16,-0.7998311519622803,-1.7409459352493287,1,2.16240192539963e-16,-8.742279788975793e-8,-8.737050194440599e-8,0.03456965088844299,-0.9994022846221924,3.0221740665581366e-9,0.9994022846221924,0.03456965088844299],"EasingStyle":"Linear","EasingDirection":"In"},"HumanoidRootPart":{"Weight":1,"CFrame":[0,0,0,1,0,0,0,1,0,0,0,1],"EasingStyle":"Linear","EasingDirection":"In"},"Left Arm":{"Weight":1,"CFrame":[-0.6226725578308106,-0.061547428369522098,0.033074140548706058,-0.8774110078811646,0.43631812930107119,0.1994403898715973,-0.34188327193260195,-0.8603299856185913,0.3780848979949951,0.3365497589111328,0.26355040073394778,0.9040327668190002],"EasingStyle":"Linear","EasingDirection":"In"}}},{"Time":0.4000000059604645,"poses":{"Left Leg":{"Weight":1,"CFrame":[-0.20617930591106416,0.9531727433204651,0.003147602081298828,0.9109218120574951,0.4125746488571167,0.001901598647236824,-0.41256871819496157,0.9109219312667847,-0.002887829439714551,-0.002923686522990465,0.0018460656283423305,0.9999940395355225],"EasingStyle":"Linear","EasingDirection":"In"},"Right Arm":{"Weight":1,"CFrame":[0.6237465143203735,-0.057083725929260257,0.030514836311340333,-0.8773608207702637,-0.43566691875457766,-0.201078400015831,0.34914660453796389,-0.867103099822998,0.3552870452404022,-0.3291424512863159,0.24150894582271577,0.9128738045692444],"EasingStyle":"Linear","EasingDirection":"In"},"Head":{"Weight":1,"CFrame":[8.742834012309686e-8,2.086162567138672e-7,-1.7881393432617188e-7,0.9999999403953552,-0.00011223185720155016,-0.0003363431023899466,0.00001819161479943432,0.9635741710662842,-0.2674415409564972,0.00035410700365900993,0.2674415111541748,0.9635741114616394],"EasingStyle":"Linear","EasingDirection":"In"},"Right Leg":{"Weight":1,"CFrame":[0.7105564475059509,0.6494171023368836,0.004264473915100098,0.9999513626098633,-0.008854225277900696,-0.0043392786756157879,0.008843193762004376,0.9999576807022095,-0.002540860790759325,0.0043616509065032009,0.0025023245252668859,0.9999873638153076],"EasingStyle":"Linear","EasingDirection":"In"},"Torso":{"Weight":1,"CFrame":[1.7463463561999123e-16,-0.7998220920562744,-1.7387067079544068,1,2.1611652572966389e-16,-8.742278367890322e-8,-8.736643763995744e-8,0.035892385989427569,-0.999355673789978,3.137811566134019e-9,0.999355673789978,0.035892385989427569],"EasingStyle":"Linear","EasingDirection":"In"},"HumanoidRootPart":{"Weight":1,"CFrame":[0,0,0,1,0,0,0,1,0,0,0,1],"EasingStyle":"Linear","EasingDirection":"In"},"Left Arm":{"Weight":1,"CFrame":[-0.6234257817268372,-0.0617736279964447,0.03253984451293945,-0.8765698075294495,0.43864721059799197,0.19802522659301759,-0.34386080503463747,-0.85869961977005,0.3799932301044464,0.3367270827293396,0.26499736309051516,0.9035436511039734],"EasingStyle":"Linear","EasingDirection":"In"}}},{"Time":0.4333333373069763,"poses":{"Left Leg":{"Weight":1,"CFrame":[-0.2085079550743103,0.9516230225563049,0.003408193588256836,0.9115404486656189,0.41120538115501406,0.002066205255687237,-0.4111984670162201,0.9115406274795532,-0.003125034039840102,-0.0031685088761150839,0.0019989816937595608,0.999993085861206],"EasingStyle":"Linear","EasingDirection":"In"},"Right Arm":{"Weight":1,"CFrame":[0.6245266199111939,-0.056919097900390628,0.029811739921569825,-0.8765769004821777,-0.43775901198387148,-0.19995011389255525,0.35156360268592837,-0.8661884665489197,0.3551344871520996,-0.328657865524292,0.24100752174854279,0.9131808876991272],"EasingStyle":"Linear","EasingDirection":"In"},"Head":{"Weight":1,"CFrame":[8.742882329215718e-8,-2.2351741790771486e-8,-1.7881393432617188e-7,0.9999999403953552,-0.00012152599811088294,-0.0003644240496214479,0.000019770437575061807,0.9636670351028442,-0.2671067714691162,0.0003836438409052789,0.2671067714691162,0.9636668562889099],"EasingStyle":"Linear","EasingDirection":"In"},"Right Leg":{"Weight":1,"CFrame":[0.7095137238502502,0.6496329307556152,0.004603385925292969,0.999944269657135,-0.009464842267334462,-0.004683008883148432,0.009451997466385365,0.9999516010284424,-0.0027456642128527166,0.0047088307328522209,0.002701225457713008,0.9999852776527405],"EasingStyle":"Linear","EasingDirection":"In"},"Torso":{"Weight":1,"CFrame":[1.7438671966424173e-16,-0.799811601638794,-1.7364671230316163,1,2.1599280597980556e-16,-8.742277657347586e-8,-8.736222412153438e-8,0.03721504285931587,-0.9993073344230652,3.2534421823271488e-9,0.9993073344230652,0.03721504285931587],"EasingStyle":"Linear","EasingDirection":"In"},"HumanoidRootPart":{"Weight":1,"CFrame":[0,0,0,1,0,0,0,1,0,0,0,1],"EasingStyle":"Linear","EasingDirection":"In"},"Left Arm":{"Weight":1,"CFrame":[-0.624179482460022,-0.06199994683265686,0.0320054292678833,-0.8757224082946777,0.4409728944301605,0.1966036856174469,-0.3458369970321655,-0.8570591807365418,0.3818984925746918,0.33690789341926577,0.2664441466331482,0.9030506610870361],"EasingStyle":"Linear","EasingDirection":"In"}}},{"Time":0.46666666865348818,"poses":{"Left Leg":{"Weight":1,"CFrame":[-0.21082648634910584,0.9500657320022583,0.003668546676635742,0.9121554493904114,0.40983846783638,0.0022318167611956598,-0.40983036160469057,0.9121556878089905,-0.0033618214074522259,-0.003413601079955697,0.0021518671419471504,0.9999918937683106],"EasingStyle":"Linear","EasingDirection":"In"},"Right Arm":{"Weight":1,"CFrame":[0.6253066658973694,-0.05675441026687622,0.029108643531799318,-0.8757866621017456,-0.43984970450401308,-0.19882161915302277,0.35397931933403017,-0.8652679920196533,0.3549787998199463,-0.32817140221595766,0.24050690233707429,0.9134879112243652],"EasingStyle":"Linear","EasingDirection":"In"},"Head":{"Weight":1,"CFrame":[8.742929935579014e-8,1.7881393432617188e-7,1.1920928955078126e-7,0.9999999403953552,-0.00013081158977001905,-0.00039251206908375025,0.0000213597286347067,0.9637596607208252,-0.26677197217941286,0.0004131840541958809,0.26677194237709048,0.9637596011161804],"EasingStyle":"Linear","EasingDirection":"In"},"Right Leg":{"Weight":1,"CFrame":[0.70847088098526,0.6498457789421082,0.0049397945404052738,0.9999366402626038,-0.010076760314404965,-0.0050241234712302689,0.010061969049274922,0.9999450445175171,-0.0029500406235456468,0.005053636617958546,0.002899261424317956,0.9999830722808838],"EasingStyle":"Linear","EasingDirection":"In"},"Torso":{"Weight":1,"CFrame":[1.7413859195025543e-16,-0.7997994422912598,-1.7342277765274048,1,2.1586902005549822e-16,-8.74227694680485e-8,-8.73578471782821e-8,0.038537949323654178,-0.9992572069168091,3.369094558891561e-9,0.9992572069168091,0.038537949323654178],"EasingStyle":"Linear","EasingDirection":"In"},"HumanoidRootPart":{"Weight":1,"CFrame":[0,0,0,1,0,0,0,1,0,0,0,1],"EasingStyle":"Linear","EasingDirection":"In"},"Left Arm":{"Weight":1,"CFrame":[-0.6249327063560486,-0.06222596764564514,0.0314711332321167,-0.8748690485954285,0.4432949125766754,0.1951761692762375,-0.3478119373321533,-0.8554090857505798,0.38379964232444765,0.33709198236465456,0.2678898870944977,0.9025542140007019],"EasingStyle":"Linear","EasingDirection":"In"}}},{"Time":0.5,"poses":{"Left Leg":{"Weight":1,"CFrame":[-0.21313656866550446,0.9485005736351013,0.003928661346435547,0.9127671122550964,0.40847331285476687,0.0023982818238437177,-0.40846410393714907,0.9127673506736755,-0.0035981060937047006,-0.0036588602233678104,0.0023046042770147325,0.9999906420707703],"EasingStyle":"Linear","EasingDirection":"In"},"Right Arm":{"Weight":1,"CFrame":[0.6260870695114136,-0.05658993124961853,0.02840554714202881,-0.8749895691871643,-0.44193968176841738,-0.1976931393146515,0.356393963098526,-0.8643412590026856,0.35482057929039,-0.32768356800079348,0.24000756442546845,0.9137941598892212],"EasingStyle":"Linear","EasingDirection":"In"},"Head":{"Weight":1,"CFrame":[8.74297754194231e-8,-2.2351741790771485e-7,1.1920928955078126e-7,0.9999999403953552,-0.00014008849393576384,-0.0004206066078040749,0.000022959487978368999,0.9638524055480957,-0.26643702387809756,0.0004427274107001722,0.26643696427345278,0.9638522863388062],"EasingStyle":"Linear","EasingDirection":"In"},"Right Leg":{"Weight":1,"CFrame":[0.7074286937713623,0.6500546932220459,0.0052738189697265629,0.9999285340309143,-0.010690451599657536,-0.005362702999264002,0.010673587210476399,0.9999381303787231,-0.0031529541593044998,0.005396140739321709,0.003095480613410473,0.9999807476997376],"EasingStyle":"Linear","EasingDirection":"In"},"Torso":{"Weight":1,"CFrame":[1.738903583571507e-16,-0.799785852432251,-1.731987714767456,1,2.1574523413119088e-16,-8.742278367890322e-8,-8.735329259934588e-8,0.0398612804710865,-0.9992052912712097,3.484783350771181e-9,0.9992052912712097,0.0398612804710865],"EasingStyle":"Linear","EasingDirection":"In"},"HumanoidRootPart":{"Weight":1,"CFrame":[0,0,0,1,0,0,0,1,0,0,0,1],"EasingStyle":"Linear","EasingDirection":"In"},"Left Arm":{"Weight":1,"CFrame":[-0.6256864070892334,-0.06245225667953491,0.030936717987060548,-0.8740094900131226,0.44561347365379336,0.19374248385429383,-0.34978553652763369,-0.8537489175796509,0.385698139667511,0.33727964758872988,0.26933538913726809,0.9020537734031677],"EasingStyle":"Linear","EasingDirection":"In"}}},{"Time":0.5333333611488342,"poses":{"Left Leg":{"Weight":1,"CFrame":[-0.21543645858764649,0.9469278454780579,0.0041882991790771488,0.9133750796318054,0.40711119771003725,0.002565755508840084,-0.4071005880832672,0.9133753776550293,-0.0038337623700499536,-0.003904294688254595,0.0024571334943175318,0.99998939037323],"EasingStyle":"Linear","EasingDirection":"In"},"Right Arm":{"Weight":1,"CFrame":[0.6268672347068787,-0.05642545223236084,0.0277024507522583,-0.8741863369941711,-0.4440280497074127,-0.19656437635421754,0.35880720615386965,-0.8634086847305298,0.3546588122844696,-0.32719382643699648,0.23950903117656709,0.9141004085540772],"EasingStyle":"Linear","EasingDirection":"In"},"Head":{"Weight":1,"CFrame":[8.743023727220134e-8,3.725290298461914e-8,1.1920928955078126e-7,0.9999998807907105,-0.00014935705985408276,-0.00044870833517052233,0.00002456975562381558,0.9639449715614319,-0.26610204577445986,0.0004722743178717792,0.26610204577445986,0.9639447927474976],"EasingStyle":"Linear","EasingDirection":"In"},"Right Leg":{"Weight":1,"CFrame":[0.7063865661621094,0.6502609252929688,0.005605578422546387,0.9999198913574219,-0.01130607444792986,-0.005698701832443476,0.011287023313343525,0.999930739402771,-0.0033551636151969434,0.005736299324780703,0.003290507011115551,0.9999781847000122],"EasingStyle":"Linear","EasingDirection":"In"},"Torso":{"Weight":1,"CFrame":[1.736420718244868e-16,-0.7997710704803467,-1.7297481298446656,1,2.1562140850221415e-16,-8.742278367890322e-8,-8.734860301728986e-8,0.04118435084819794,-0.9991516470909119,3.600449716145704e-9,0.9991516470909119,0.04118435084819794],"EasingStyle":"Linear","EasingDirection":"In"},"HumanoidRootPart":{"Weight":1,"CFrame":[0,0,0,1,0,0,0,1,0,0,0,1],"EasingStyle":"Linear","EasingDirection":"In"},"Left Arm":{"Weight":1,"CFrame":[-0.6264398097991943,-0.06267869472503662,0.030402421951293947,-0.8731437921524048,0.44792822003364565,0.19230249524116517,-0.351757675409317,-0.8520788550376892,0.3875928521156311,0.3374706208705902,0.2707803547382355,0.9015495181083679],"EasingStyle":"Linear","EasingDirection":"In"}}},{"Time":0.5666666626930237,"poses":{"Left Leg":{"Weight":1,"CFrame":[-0.2177264392375946,0.9453480243682861,0.00444793701171875,0.9139795899391174,0.40575096011161806,0.002734128152951598,-0.4057389199733734,0.9139800071716309,-0.0040689981542527679,-0.004149958956986666,0.0026096319779753687,0.9999880790710449],"EasingStyle":"Linear","EasingDirection":"In"},"Right Arm":{"Weight":1,"CFrame":[0.6276471018791199,-0.0562608540058136,0.026999354362487794,-0.8733764886856079,-0.4461151957511902,-0.19543546438217164,0.3612190783023834,-0.8624700903892517,0.35449427366256716,-0.32670238614082339,0.239011749625206,0.9144062995910645],"EasingStyle":"Linear","EasingDirection":"In"},"Head":{"Weight":1,"CFrame":[8.743069201955223e-8,1.564621925354004e-7,2.384185791015625e-7,0.9999998807907105,-0.00015861698193475604,-0.00047681687283329666,0.000026190493372268976,0.9640373587608337,-0.26576703786849978,0.0005018246010877192,0.26576703786849978,0.9640371799468994],"EasingStyle":"Linear","EasingDirection":"In"},"Right Leg":{"Weight":1,"CFrame":[0.705344021320343,0.6504645347595215,0.005934953689575195,0.9999107122421265,-0.011923285201191903,-0.00603219261392951,0.01190191600471735,0.9999228715896606,-0.0035568559542298319,0.006074195262044668,0.0034846989437937738,0.9999755620956421],"EasingStyle":"Linear","EasingDirection":"In"},"Torso":{"Weight":1,"CFrame":[1.7339352059402686e-16,-0.7997546195983887,-1.727508306503296,1,2.15497543168568e-16,-8.742279788975793e-8,-8.73437357995499e-8,0.04250767454504967,-0.999096155166626,3.716137841891509e-9,0.999096155166626,0.04250767454504967],"EasingStyle":"Linear","EasingDirection":"In"},"HumanoidRootPart":{"Weight":1,"CFrame":[0,0,0,1,0,0,0,1,0,0,0,1],"EasingStyle":"Linear","EasingDirection":"In"},"Left Arm":{"Weight":1,"CFrame":[-0.6271928548812866,-0.06290477514266968,0.029868006706237794,-0.8722721338272095,0.45023903250694277,0.1908564567565918,-0.35372835397720339,-0.8503991365432739,0.3894839584827423,0.337664932012558,0.27222445607185366,0.9010416865348816],"EasingStyle":"Linear","EasingDirection":"In"}}},{"Time":0.6000000238418579,"poses":{"Left Leg":{"Weight":1,"CFrame":[-0.2200070470571518,0.9437606334686279,0.0047070980072021488,0.9145805239677429,0.4043935239315033,0.0029034402687102558,-0.4043801724910736,0.9145809412002564,-0.004303451627492905,-0.004395759664475918,0.002761771669611335,0.9999865889549255],"EasingStyle":"Linear","EasingDirection":"In"},"Right Arm":{"Weight":1,"CFrame":[0.6284273862838745,-0.05609631538391113,0.026296257972717286,-0.8725602626800537,-0.4482007920742035,-0.19430631399154664,0.3636295199394226,-0.8615257143974304,0.3543263077735901,-0.32620909810066225,0.238515242934227,0.9147119522094727],"EasingStyle":"Linear","EasingDirection":"In"},"Head":{"Weight":1,"CFrame":[8.743117518861254e-8,6.705522537231445e-8,2.384185791015625e-7,0.9999998807907105,-0.00016786834748927504,-0.000504932424519211,0.00002782170668069739,0.9641296863555908,-0.26543185114860537,0.0005313780275173485,0.26543179154396059,0.9641295671463013],"EasingStyle":"Linear","EasingDirection":"In"},"Right Leg":{"Weight":1,"CFrame":[0.7043021321296692,0.6506645679473877,0.006261944770812988,0.9999011754989624,-0.012542694807052613,-0.006363197695463896,0.012518913485109806,0.9999145865440369,-0.0037569375708699228,0.006409836001694202,0.0036768638528883459,0.9999727010726929],"EasingStyle":"Linear","EasingDirection":"In"},"Torso":{"Weight":1,"CFrame":[1.7314491642400773e-16,-0.7997372150421143,-1.7252683639526368,1,2.1537362489536266e-16,-8.742278367890322e-8,-8.733875489497223e-8,0.04383089020848274,-0.9990389943122864,3.831817529942327e-9,0.9990389943122864,0.04383089020848274],"EasingStyle":"Linear","EasingDirection":"In"},"HumanoidRootPart":{"Weight":1,"CFrame":[0,0,0,1,0,0,0,1,0,0,0,1],"EasingStyle":"Linear","EasingDirection":"In"},"Left Arm":{"Weight":1,"CFrame":[-0.6279464364051819,-0.06313112378120423,0.02933371067047119,-0.8713943958282471,0.45254600048065188,0.18940424919128419,-0.35569748282432558,-0.8487097024917603,0.39137110114097597,0.3378625512123108,0.2736678719520569,0.900530219078064],"EasingStyle":"Linear","EasingDirection":"In"}}},{"Time":0.6333333253860474,"poses":{"Left Leg":{"Weight":1,"CFrame":[-0.22227758169174195,0.9421658515930176,0.004966020584106445,0.9151779413223267,0.4030383825302124,0.0030736697372049095,-0.40302345156669619,0.9151784777641296,-0.004537628963589668,-0.004641854669898748,0.0029140026308596136,0.9999850392341614],"EasingStyle":"Linear","EasingDirection":"In"},"Right Arm":{"Weight":1,"CFrame":[0.6292073726654053,-0.055931806564331058,0.025593161582946779,-0.8717372417449951,-0.45028531551361086,-0.19317710399627686,0.3660387694835663,-0.8605751991271973,0.3