{"Sequence":[{"Time":0,"poses":{"Left Leg":{"Weight":1,"CFrame":[-0.7084661722183228,0.4596973657608032,-0.10126656293869019,0.9317604303359985,0.3252778649330139,-0.16129770874977113,-0.33642587065696719,0.9405529499053955,-0.04666658118367195,0.1365293711423874,0.09774675965309143,0.9858018755912781],"EasingStyle":"Linear","EasingDirection":"In"},"Right Arm":{"Weight":1,"CFrame":[0.20101042091846467,0.2423546314239502,0.36138617992401125,-0.3524530231952667,-0.35291588306427,-0.8667336106300354,0.7884004712104797,-0.6109541058540344,-0.07183133810758591,-0.5041841864585877,-0.7086504101753235,0.4935717284679413],"EasingStyle":"Linear","EasingDirection":"In"},"Head":{"Weight":1,"CFrame":[1.0803341865539551e-7,3.725290298461914e-9,-5.960464477539063e-8,0.9208390116691589,-0.37140092253685,0.11881506443023682,0.3625071048736572,0.927614688873291,0.09010912477970123,-0.14368119835853578,-0.03990469127893448,0.9888192415237427],"EasingStyle":"Linear","EasingDirection":"In"},"Right Leg":{"Weight":1,"CFrame":[-0.03541506454348564,-0.3237072229385376,-0.05571794509887695,0.629343569278717,0.6714324951171875,-0.3912864923477173,-0.7481136322021484,0.6597432494163513,-0.07116888463497162,0.2103634774684906,0.33751630783081057,0.9175128936767578],"EasingStyle":"Linear","EasingDirection":"In"},"Torso":{"Weight":1,"CFrame":[-0.06886127591133118,0.016912490129470826,-0.5175704956054688,0.9476785659790039,0.30740228295326235,-0.08607669174671173,-0.3067406117916107,0.9515583515167236,0.02114064246416092,0.08840567618608475,0.006368685979396105,0.9960641860961914],"EasingStyle":"Linear","EasingDirection":"In"},"HumanoidRootPart":{"Weight":1,"CFrame":[0,0,0,1,0,0,0,1,0,0,0,1],"EasingStyle":"Linear","EasingDirection":"In"},"Left Arm":{"Weight":1,"CFrame":[-0.09215622395277024,-0.05400228500366211,0.29492807388305666,-0.10756099969148636,0.5969031453132629,0.7950707077980042,-0.9010002017021179,-0.3965822160243988,0.17584431171417237,0.4202728569507599,-0.69744473695755,0.5804665684700012],"EasingStyle":"Linear","EasingDirection":"In"}}},{"Time":0.03333333507180214,"poses":{"Left Leg":{"Weight":1,"CFrame":[-1.0581072568893433,0.7714513540267944,-0.15646857023239137,0.959848165512085,0.2421192079782486,-0.14166830480098725,-0.24040260910987855,0.9702287912368774,0.02937212958931923,0.14456219971179963,0.005864615552127361,0.9894784092903137],"EasingStyle":"Linear","EasingDirection":"In"},"Right Arm":{"Weight":1,"CFrame":[0.27337417006492617,0.33043235540390017,0.29110753536224368,-0.38863155245780947,-0.3949160575866699,-0.8324703574180603,0.7566832304000855,-0.6523128747940064,-0.04379986971616745,-0.5257338881492615,-0.6469384431838989,0.552335798740387],"EasingStyle":"Linear","EasingDirection":"In"},"Head":{"Weight":1,"CFrame":[9.872019290924072e-8,0,-5.960464477539063e-8,0.925727128982544,-0.3438703715801239,0.1574249565601349,0.3452858030796051,0.9383022785186768,0.019145624712109567,-0.15429583191871644,0.036632977426052096,0.9873453974723816],"EasingStyle":"Linear","EasingDirection":"In"},"Right Leg":{"Weight":1,"CFrame":[-0.009213462471961975,-0.2689237594604492,-0.03348332643508911,0.6326446533203125,0.6699958443641663,-0.38841524720191958,-0.7595994472503662,0.6345548629760742,-0.14264991879463197,0.15089598298072816,0.38528668880462649,0.9103761911392212],"EasingStyle":"Linear","EasingDirection":"In"},"Torso":{"Weight":1,"CFrame":[-0.07809121906757355,-0.0579453706741333,-0.6939005851745606,0.9489988684654236,0.3021340072154999,-0.0900902971625328,-0.3067680299282074,0.9508267045021057,-0.04268401488661766,0.07276397198438645,0.06814389675855637,0.9950186014175415],"EasingStyle":"Linear","EasingDirection":"In"},"HumanoidRootPart":{"Weight":1,"CFrame":[0,0,0,1,0,0,0,1,0,0,0,1],"EasingStyle":"Linear","EasingDirection":"In"},"Left Arm":{"Weight":1,"CFrame":[-0.19718116521835328,0.05922114849090576,0.2535480260848999,-0.24212080240249635,0.6083892583847046,0.7558042407035828,-0.8636047840118408,-0.49018484354019167,0.11792275309562683,0.4422266483306885,-0.6241645216941834,0.6440919041633606],"EasingStyle":"Linear","EasingDirection":"In"}}},{"Time":0.06666667014360428,"poses":{"Left Leg":{"Weight":1,"CFrame":[-0.9037743806838989,1.0380136966705323,-0.19176864624023438,0.8907457590103149,0.44773054122924807,-0.07816271483898163,-0.43245798349380495,0.8878244757652283,0.1573144793510437,0.13982924818992616,-0.1063251793384552,0.9844505190849304],"EasingStyle":"Linear","EasingDirection":"In"},"Right Arm":{"Weight":1,"CFrame":[0.40823128819465639,0.4433698058128357,0.14481902122497559,-0.4907141327857971,-0.5114218592643738,-0.7054411172866821,0.6895986199378967,-0.7228333353996277,0.044336844235658649,-0.5325911641120911,-0.4647146165370941,0.707380473613739],"EasingStyle":"Linear","EasingDirection":"In"},"Head":{"Weight":1,"CFrame":[8.195638656616211e-8,3.725290298461914e-9,0,0.9297548532485962,-0.28650742769241335,0.2312348186969757,0.31586283445358279,0.9434003829956055,-0.10112610459327698,-0.18917357921600343,0.16706101596355439,0.967628002166748],"EasingStyle":"Linear","EasingDirection":"In"},"Right Leg":{"Weight":1,"CFrame":[-0.17682413756847382,-0.039526939392089847,-0.02634638547897339,0.7264636158943176,0.569679856300354,-0.38433748483657839,-0.6759753823280335,0.6930764317512512,-0.2504045069217682,0.12372487783432007,0.44171246886253359,0.8885844349861145],"EasingStyle":"Linear","EasingDirection":"In"},"Torso":{"Weight":1,"CFrame":[-0.09558454155921936,-0.195875346660614,-0.910292387008667,0.9533531665802002,0.28779348731040957,-0.09106525778770447,-0.2987639605998993,0.9426999688148499,-0.14851567149162293,0.04310537502169609,0.1687948852777481,0.9847081899642944],"EasingStyle":"Linear","EasingDirection":"In"},"HumanoidRootPart":{"Weight":1,"CFrame":[0,0,0,1,0,0,0,1,0,0,0,1],"EasingStyle":"Linear","EasingDirection":"In"},"Left Arm":{"Weight":1,"CFrame":[-0.3965896666049957,0.1949077844619751,0.17423129081726075,-0.4778836965560913,0.656616747379303,0.5835079550743103,-0.7720125317573547,-0.6308496594429016,0.07762400060892105,0.41907501220703127,-0.4133802354335785,0.8083891868591309],"EasingStyle":"Linear","EasingDirection":"In"}}},{"Time":0.10000000149011612,"poses":{"Left Leg":{"Weight":1,"CFrame":[-0.6895424723625183,1.0363926887512208,-0.181685209274292,0.8436177372932434,0.5356104373931885,-0.03782200440764427,-0.5185932517051697,0.8310197591781616,0.2011648416519165,0.13917678594589234,-0.1500919759273529,0.9788269996643066],"EasingStyle":"Linear","EasingDirection":"In"},"Right Arm":{"Weight":1,"CFrame":[0.5005820989608765,0.4153553247451782,0.014033675193786621,-0.6120098233222961,-0.6373423337936401,-0.4682292938232422,0.6251397728919983,-0.752509593963623,0.20719477534294129,-0.48440098762512209,-0.16590359807014466,0.8589712977409363],"EasingStyle":"Linear","EasingDirection":"In"},"Head":{"Weight":1,"CFrame":[7.078051567077637e-8,9.313225746154785e-8,1.1920928955078126e-7,0.9243974089622498,-0.2433871179819107,0.29368746280670168,0.29820114374160769,0.9412389397621155,-0.15857303142547608,-0.23783546686172486,0.23416240513324738,0.9426570534706116],"EasingStyle":"Linear","EasingDirection":"In"},"Right Leg":{"Weight":1,"CFrame":[0.023379340767860414,-0.08168613910675049,0.10470438003540039,0.6461250185966492,0.6451488137245178,-0.4078056812286377,-0.7620379328727722,0.5751780867576599,-0.2974367141723633,0.042669955641031268,0.5029445290565491,0.863264799118042],"EasingStyle":"Linear","EasingDirection":"In"},"Torso":{"Weight":1,"CFrame":[-0.11258673667907715,-0.30560532212257388,-0.9606668949127197,0.9605104923248291,0.26661863923072817,-0.07958696782588959,-0.27763983607292178,0.9372177720069885,-0.2110426127910614,0.018322426825761796,0.22480516135692597,0.974231481552124],"EasingStyle":"Linear","EasingDirection":"In"},"HumanoidRootPart":{"Weight":1,"CFrame":[0,0,0,1,0,0,0,1,0,0,0,1],"EasingStyle":"Linear","EasingDirection":"In"},"Left Arm":{"Weight":1,"CFrame":[-0.5432535409927368,0.1819852590560913,0.11444556713104248,-0.6037841439247131,0.7456132769584656,0.28196725249290469,-0.7329941987991333,-0.6583263278007507,0.1712489277124405,0.31331193447113039,-0.10328298807144165,0.9440171718597412],"EasingStyle":"Linear","EasingDirection":"In"}}},{"Time":0.13333334028720857,"poses":{"Left Leg":{"Weight":1,"CFrame":[-0.5869181156158447,0.9156224727630615,-0.12655478715896607,0.8794649243354797,0.4730687141418457,-0.0524161234498024,-0.4573010504245758,0.8703770041465759,0.18253685534000398,0.13197416067123414,-0.13656476140022279,0.98180091381073],"EasingStyle":"Linear","EasingDirection":"In"},"Right Arm":{"Weight":1,"CFrame":[0.518796980381012,0.2833966612815857,-0.03093653917312622,-0.6991305947303772,-0.6985594034194946,-0.1524185836315155,0.6010351181030273,-0.6896533966064453,0.40389978885650637,-0.3872639238834381,0.19076965749263764,0.9020163416862488],"EasingStyle":"Linear","EasingDirection":"In"},"Head":{"Weight":1,"CFrame":[6.775371730327606e-8,1.4901161193847657e-8,0,0.921907365322113,-0.21958036720752717,0.319173127412796,0.283429890871048,0.9439361691474915,-0.16926927864551545,-0.26411089301109316,0.24651381373405457,0.9324572682380676],"EasingStyle":"Linear","EasingDirection":"In"},"Right Leg":{"Weight":1,"CFrame":[0.2563732862472534,-0.08649778366088867,0.24008476734161378,0.5094517469406128,0.699355959892273,-0.5013582706451416,-0.8537534475326538,0.483614057302475,-0.19293171167373658,0.10753602534532547,0.5263257622718811,0.8434555530548096],"EasingStyle":"Linear","EasingDirection":"In"},"Torso":{"Weight":1,"CFrame":[-0.1324782520532608,-0.3800327777862549,-0.8682746887207031,0.9696521759033203,0.2376444786787033,-0.05744374915957451,-0.24448832869529725,0.9421488642692566,-0.22930532693862916,-0.0003725881688296795,0.23639072477817536,0.9716579914093018],"EasingStyle":"Linear","EasingDirection":"In"},"HumanoidRootPart":{"Weight":1,"CFrame":[0,0,0,1,0,0,0,1,0,0,0,1],"EasingStyle":"Linear","EasingDirection":"In"},"Left Arm":{"Weight":1,"CFrame":[-0.5955340266227722,0.08448284864425659,0.09259700775146485,-0.6179730296134949,0.7850371599197388,-0.04273029789328575,-0.7545159459114075,-0.5769188404083252,0.3128427267074585,0.2209412157535553,0.22556893527507783,0.9488433003425598],"EasingStyle":"Linear","EasingDirection":"In"}}},{"Time":0.1666666716337204,"poses":{"Left Leg":{"Weight":1,"CFrame":[-0.60616135597229,0.6759395003318787,-0.06412011384963989,0.9558811783790588,0.27311795949935915,-0.10815606266260147,-0.25709444284439089,0.9559339880943298,0.14174877107143403,0.1421041339635849,-0.10768866539001465,0.983976423740387],"EasingStyle":"Linear","EasingDirection":"In"},"Right Arm":{"Weight":1,"CFrame":[0.47229716181755068,0.11363446712493897,0.09334373474121094,-0.6905694007873535,-0.6996389627456665,0.1833558827638626,0.657098650932312,-0.5009679198265076,0.5632518529891968,-0.3022174835205078,0.5094473958015442,0.8056847453117371],"EasingStyle":"Linear","EasingDirection":"In"},"Head":{"Weight":1,"CFrame":[5.587935447692871e-8,1.862645149230957e-8,0,0.9331726431846619,-0.20326939225196839,0.29642945528030398,0.26128190755844118,0.9499765634536743,-0.1711028814315796,-0.2468210607767105,0.23712022602558137,0.939602792263031],"EasingStyle":"Linear","EasingDirection":"In"},"Right Leg":{"Weight":1,"CFrame":[0.4819851815700531,-0.04251670837402344,0.32305216789245608,0.29794007539749148,0.7318828105926514,-0.6128451824188232,-0.9016627669334412,0.42656081914901736,0.07106364518404007,0.31342604756355288,0.5314069986343384,0.7870010733604431],"EasingStyle":"Linear","EasingDirection":"In"},"Torso":{"Weight":1,"CFrame":[-0.15961605310440064,-0.4146941006183624,-0.6502933502197266,0.9797006249427795,0.19868691265583039,-0.02665325067937374,-0.1999588906764984,0.9590855240821838,-0.20042826235294343,-0.014259722083806992,0.20168918371200562,0.9793458580970764],"EasingStyle":"Linear","EasingDirection":"In"},"HumanoidRootPart":{"Weight":1,"CFrame":[0,0,0,1,0,0,0,1,0,0,0,1],"EasingStyle":"Linear","EasingDirection":"In"},"Left Arm":{"Weight":1,"CFrame":[-0.5714232921600342,-0.06791144609451294,0.13703203201293946,-0.5600232481956482,0.7640081644058228,-0.32041430473327639,-0.8043748736381531,-0.40881165862083437,0.4311082661151886,0.19838114082813264,0.49916383624076846,0.8434930443763733],"EasingStyle":"Linear","EasingDirection":"In"}}},{"Time":0.20000000298023225,"poses":{"Left Leg":{"Weight":1,"CFrame":[-0.6916274428367615,0.32545900344848635,-0.020903050899505616,0.9817587733268738,-0.04362456500530243,-0.18505880236625672,0.060288410633802417,0.99452143907547,0.0853954404592514,0.1803196370601654,-0.09499463438987732,0.9790102243423462],"EasingStyle":"Linear","EasingDirection":"In"},"Right Arm":{"Weight":1,"CFrame":[0.38709521293640139,-0.07106524705886841,0.3123127222061157,-0.5741346478462219,-0.6335163116455078,0.5186777710914612,0.7742635607719421,-0.21409602463245393,0.5955492258071899,-0.26624321937561037,0.7435187101364136,0.61342853307724],"EasingStyle":"Linear","EasingDirection":"In"},"Head":{"Weight":1,"CFrame":[8.195638656616211e-8,-1.862645149230957e-9,0,0.9530184864997864,-0.19138644635677339,0.23479174077510835,0.23388011753559113,0.9574944376945496,-0.16883298754692079,-0.19249942898750306,0.21581405401229859,0.9572712779045105],"EasingStyle":"Linear","EasingDirection":"In"},"Right Leg":{"Weight":1,"CFrame":[0.7119426131248474,-0.02259230613708496,0.37063348293304446,0.13309800624847413,0.7556737065315247,-0.6412816643714905,-0.8836997747421265,0.38343703746795657,0.2684226930141449,0.44873112440109255,0.5309739708900452,0.7188234925270081],"EasingStyle":"Linear","EasingDirection":"In"},"Torso":{"Weight":1,"CFrame":[-0.1996932327747345,-0.4037129878997803,-0.3912043571472168,0.989222526550293,0.1461370885372162,0.009096812456846238,-0.1440132111310959,0.9823011159896851,-0.11976955831050873,-0.026438582688570024,0.11716868728399277,0.9927600622177124],"EasingStyle":"Linear","EasingDirection":"In"},"HumanoidRootPart":{"Weight":1,"CFrame":[0,0,0,1,0,0,0,1,0,0,0,1],"EasingStyle":"Linear","EasingDirection":"In"},"Left Arm":{"Weight":1,"CFrame":[-0.5061260461807251,-0.23827597498893739,0.23179912567138673,-0.455789715051651,0.7034823298454285,-0.5453150868415833,-0.8577563762664795,-0.18352638185024262,0.4801793396472931,0.23771804571151734,0.6866081953048706,0.6870657205581665],"EasingStyle":"Linear","EasingDirection":"In"}}},{"Time":0.23333333432674409,"poses":{"Left Leg":{"Weight":1,"CFrame":[-0.6137740612030029,-0.041959524154663089,0.042899489402770999,0.9178489446640015,-0.2992391288280487,-0.26078641414642336,0.31104883551597597,0.9503845572471619,0.004231628496199846,0.2465810775756836,-0.08500130474567414,0.965387225151062],"EasingStyle":"Linear","EasingDirection":"In"},"Right Arm":{"Weight":1,"CFrame":[0.29540953040122988,-0.25574779510498049,0.47816383838653567,-0.37877514958381655,-0.48599687218666079,0.7876145243644714,0.8903688788414002,0.04085830971598625,0.45340272784233096,-0.25253283977508547,0.8730050325393677,0.4172402024269104],"EasingStyle":"Linear","EasingDirection":"In"},"Head":{"Weight":1,"CFrame":[5.21540641784668e-8,9.313225746154785e-9,-1.1920928955078126e-7,0.9730094075202942,-0.18124744296073914,0.14283624291419984,0.20332036912441255,0.966093122959137,-0.1591385155916214,-0.10914967209100723,0.18388481438159944,0.9768689274787903],"EasingStyle":"Linear","EasingDirection":"In"},"Right Leg":{"Weight":1,"CFrame":[0.9062229990959168,-0.09142529964447022,0.4579838514328003,0.1702033281326294,0.7803758382797241,-0.6017014384269714,-0.9084290266036987,0.36085599660873415,0.21104420721530915,0.38182133436203005,0.5106824636459351,0.7703349590301514],"EasingStyle":"Linear","EasingDirection":"In"},"Torso":{"Weight":1,"CFrame":[-0.26032939553260805,-0.37117165327072146,-0.17409992218017579,0.9961161017417908,0.07747328281402588,0.041840679943561557,-0.07669802010059357,0.9968571662902832,-0.019829269498586656,-0.04324541613459587,0.016543157398700715,0.9989275932312012],"EasingStyle":"Linear","EasingDirection":"In"},"HumanoidRootPart":{"Weight":1,"CFrame":[0,0,0,1,0,0,0,1,0,0,0,1],"EasingStyle":"Linear","EasingDirection":"In"},"Left Arm":{"Weight":1,"CFrame":[-0.4114703834056854,-0.39049941301345827,0.32622480392456057,-0.3165978789329529,0.6250489950180054,-0.7134981751441956,-0.894787609577179,0.05286399647593498,0.44335153698921206,0.314834862947464,0.7787933945655823,0.5425494313240051],"EasingStyle":"Linear","EasingDirection":"In"}}},{"Time":0.2666666805744171,"poses":{"Left Leg":{"Weight":1,"CFrame":[-0.5891329050064087,-0.0896761417388916,0.13638067245483399,0.8348415493965149,-0.44800645112991335,-0.319890558719635,0.4444473683834076,0.8914200663566589,-0.08852673321962357,0.32481732964515688,-0.06826873868703842,0.9433097243309021],"EasingStyle":"Linear","EasingDirection":"In"},"Right Arm":{"Weight":1,"CFrame":[0.254090815782547,-0.41382309794425967,0.5395098924636841,-0.18867594003677369,-0.4068419635295868,0.8938015699386597,0.9371403455734253,0.19746574759483338,0.2877071797847748,-0.2935463786125183,0.8919007182121277,0.34401077032089236],"EasingStyle":"Linear","EasingDirection":"In"},"Head":{"Weight":1,"CFrame":[1.733133103698492e-8,-4.068715497851372e-8,1.1920928955078126e-7,0.9864566326141357,-0.15680691599845887,0.04811563715338707,0.16197264194488526,0.9775072336196899,-0.13507209718227387,-0.02585313841700554,0.14103615283966065,0.9896669387817383],"EasingStyle":"Linear","EasingDirection":"In"},"Right Leg":{"Weight":1,"CFrame":[1.0393004417419434,-0.2471405267715454,0.535588264465332,0.3841535151004791,0.7944174408912659,-0.47045406699180605,-0.9179465174674988,0.3832717537879944,-0.10235798358917237,0.09899675846099854,0.4711728096008301,0.8764678835868836],"EasingStyle":"Linear","EasingDirection":"In"},"Torso":{"Weight":1,"CFrame":[-0.34072065353393557,-0.3613528609275818,-0.02260303497314453,0.9977710843086243,-0.0029969632159918548,0.06666280329227448,0.00013675348600372672,0.9990807175636292,0.04286888986825943,-0.06672998517751694,-0.04276421666145325,0.996854305267334],"EasingStyle":"Linear","EasingDirection":"In"},"HumanoidRootPart":{"Weight":1,"CFrame":[0,0,0,1,0,0,0,1,0,0,0,1],"EasingStyle":"Linear","EasingDirection":"In"},"Left Arm":{"Weight":1,"CFrame":[-0.30437374114990237,-0.506193220615387,0.39817190170288088,-0.16834984719753266,0.5625811815261841,-0.809420108795166,-0.8969156742095947,0.2532021403312683,0.36253419518470766,0.40890181064605715,0.7870141267776489,0.4619612693786621],"EasingStyle":"Linear","EasingDirection":"In"}}},{"Time":0.30000001192092898,"poses":{"Left Leg":{"Weight":1,"CFrame":[-0.9399285912513733,-0.06413805484771729,0.10382318496704102,0.7404725551605225,-0.6017824411392212,-0.2992628216743469,0.6080150604248047,0.7895475029945374,-0.08326264470815659,0.2863881587982178,-0.12030252814292908,0.9505309462547302],"EasingStyle":"Linear","EasingDirection":"In"},"Right Arm":{"Weight":1,"CFrame":[0.2713890075683594,-0.5188160538673401,0.5053179264068604,-0.06276270747184754,-0.5499680042266846,0.8328241109848023,0.9056280255317688,0.31928667426109316,0.2790950536727905,-0.4194028675556183,0.7717455625534058,0.4780270457267761],"EasingStyle":"Linear","EasingDirection":"In"},"Head":{"Weight":1,"CFrame":[2.9802322387695315e-8,-1.6763806343078614e-8,3.5762786865234377e-7,0.9940510988235474,-0.1068718209862709,-0.02099706418812275,0.10455426573753357,0.9903555512428284,-0.09090810269117356,0.0305100679397583,0.08817197382450104,0.9956380128860474],"EasingStyle":"Linear","EasingDirection":"In"},"Right Leg":{"Weight":1,"CFrame":[1.0102323293685914,-0.26316118240356448,0.5308644771575928,0.5392603278160095,0.7694074511528015,-0.3423602879047394,-0.8408591151237488,0.46953150629997256,-0.26925128698349,-0.046414926648139957,0.43307334184646609,0.900162935256958],"EasingStyle":"Linear","EasingDirection":"In"},"Torso":{"Weight":1,"CFrame":[-0.4320199489593506,-0.3890542984008789,0.06382322311401367,0.9924934506416321,-0.0861218199133873,0.08683208376169205,0.0820920392870903,0.9954212307929993,0.04896443709731102,-0.09065140038728714,-0.041468650102615359,0.9950190186500549],"EasingStyle":"Linear","EasingDirection":"In"},"HumanoidRootPart":{"Weight":1,"CFrame":[0,0,0,1,0,0,0,1,0,0,0,1],"EasingStyle":"Linear","EasingDirection":"In"},"Left Arm":{"Weight":1,"CFrame":[-0.20329484343528748,-0.572318434715271,0.43674278259277346,-0.031002186238765718,0.6171272397041321,-0.7862524390220642,-0.8531238436698914,0.3935255706310272,0.34251612424850466,0.5207864046096802,0.6813894510269165,0.5142858028411865],"EasingStyle":"Linear","EasingDirection":"In"}}},{"Time":0.3333333432674408,"poses":{"Left Leg":{"Weight":1,"CFrame":[-1.0592161417007447,0.07080632448196411,0.05497300624847412,0.7866901159286499,-0.5891678929328919,-0.18439073860645295,0.6083093881607056,0.790710985660553,0.06881840527057648,0.10525418072938919,-0.16630537807941438,0.9804408550262451],"EasingStyle":"Linear","EasingDirection":"In"},"Right Arm":{"Weight":1,"CFrame":[0.30723580718040469,-0.5563400387763977,0.4208160638809204,0.08593025803565979,-0.8002210855484009,0.5935167074203491,0.8305055499076843,0.3866003155708313,0.40099984407424929,-0.5503422617912293,0.45846083760261538,0.6978087425231934],"EasingStyle":"Linear","EasingDirection":"In"},"Head":{"Weight":1,"CFrame":[7.450580596923828e-8,3.725290298461914e-9,-1.7881393432617188e-7,0.9968286752700806,-0.048067789524793628,-0.06342088431119919,0.04625274986028671,0.9984856843948364,-0.029783643782138826,0.06475647538900376,0.02675579860806465,0.9975423812866211],"EasingStyle":"Linear","EasingDirection":"In"},"Right Leg":{"Weight":1,"CFrame":[0.8258986473083496,-0.15224826335906983,0.48185932636260989,0.667801022529602,0.6974001526832581,-0.2601436376571655,-0.7434386014938355,0.6077365875244141,-0.2792052924633026,-0.03661897033452988,0.37985432147979739,0.9243212938308716],"EasingStyle":"Linear","EasingDirection":"In"},"Torso":{"Weight":1,"CFrame":[-0.5251785516738892,-0.44273197650909426,0.08180665969848633,0.9826894998550415,-0.15203040838241578,0.10586921125650406,0.15161336958408357,0.9883667230606079,0.012023866176605225,-0.10646560043096543,0.004235461819916964,0.9943074584007263],"EasingStyle":"Linear","EasingDirection":"In"},"HumanoidRootPart":{"Weight":1,"CFrame":[0,0,0,1,0,0,0,1,0,0,0,1],"EasingStyle":"Linear","EasingDirection":"In"},"Left Arm":{"Weight":1,"CFrame":[-0.12776604294776917,-0.5794674754142761,0.4474605321884155,0.1299206018447876,0.7902503609657288,-0.5988531708717346,-0.7708021998405457,0.4604059159755707,0.4403298497200012,0.6236863732337952,0.4043894410133362,0.6689428091049194],"EasingStyle":"Linear","EasingDirection":"In"}}},{"Time":0.36666667461395266,"poses":{"Left Leg":{"Weight":1,"CFrame":[-0.9556714296340942,0.20954936742782594,-0.002043604850769043,0.9000880718231201,-0.43226829171180727,-0.054640382528305057,0.4345708191394806,0.8815978169441223,0.18421012163162232,-0.031457364559173587,-0.1895504593849182,0.9813669323921204],"EasingStyle":"Linear","EasingDirection":"In"},"Right Arm":{"Weight":1,"CFrame":[0.3394002318382263,-0.510665774345398,0.31360411643981936,0.21155843138694764,-0.945402979850769,0.24790382385253907,0.7899948954582214,0.3147507309913635,0.5261560678482056,-0.5754573941230774,0.08452999591827393,0.8134515285491943],"EasingStyle":"Linear","EasingDirection":"In"},"Head":{"Weight":1,"CFrame":[2.9802322387695315e-8,-4.470348358154297e-8,0,0.9965783953666687,-0.0021687319967895748,-0.08262506872415543,0.005536066368222237,0.9991622567176819,0.04054708033800125,0.08246791362762451,-0.04086575284600258,0.9957555532455444],"EasingStyle":"Linear","EasingDirection":"In"},"Right Leg":{"Weight":1,"CFrame":[0.5920419096946716,-0.020108580589294435,0.3846989870071411,0.8037369847297669,0.571113109588623,-0.1668435037136078,-0.5949845314025879,0.7712050676345825,-0.2263539433479309,-0.0006030944059602916,0.28119826316833498,0.9596495628356934],"EasingStyle":"Linear","EasingDirection":"In"},"Torso":{"Weight":1,"CFrame":[-0.6149368286132813,-0.5071370601654053,0.03630638122558594,0.9749273061752319,-0.18528532981872559,0.12323185056447983,0.19254352152347566,0.9800262451171875,-0.049755461513996127,-0.11155147850513458,0.07223544269800186,0.9911298155784607],"EasingStyle":"Linear","EasingDirection":"In"},"HumanoidRootPart":{"Weight":1,"CFrame":[0,0,0,1,0,0,0,1,0,0,0,1],"EasingStyle":"Linear","EasingDirection":"In"},"Left Arm":{"Weight":1,"CFrame":[-0.09140878915786743,-0.5129395127296448,0.439957857131958,0.3215514123439789,0.9181051254272461,-0.23170652985572816,-0.6912223696708679,0.39483675360679629,0.6052402257919312,0.6471602320671082,-0.03445512056350708,0.7615750432014465],"EasingStyle":"Linear","EasingDirection":"In"}}},{"Time":0.4000000059604645,"poses":{"Left Leg":{"Weight":1,"CFrame":[-0.738252580165863,0.2971445918083191,-0.027359366416931154,0.9892371296882629,-0.1410900354385376,0.03877494856715202,0.13103510439395905,0.9721449613571167,0.19432960450649262,-0.0651128739118576,-0.18715722858905793,0.9801696538925171],"EasingStyle":"Linear","EasingDirection":"In"},"Right Arm":{"Weight":1,"CFrame":[0.35301610827445986,-0.38398537039756777,0.213179349899292,0.24990366399288178,-0.9634745121002197,-0.09625538438558579,0.7914344668388367,0.1459803730249405,0.5935664772987366,-0.5578347444534302,-0.22451439499855042,0.7990080118179321],"EasingStyle":"Linear","EasingDirection":"In"},"Head":{"Weight":1,"CFrame":[8.940696716308594e-8,2.9802322387695315e-8,1.1920928955078126e-7,0.9971778392791748,0.016572313383221628,-0.07322471588850022,-0.008615097962319851,0.9941487312316895,0.10767628997564316,0.07458072155714035,-0.10674154758453369,0.9914858341217041],"EasingStyle":"Linear","EasingDirection":"In"},"Right Leg":{"Weight":1,"CFrame":[0.3557890057563782,0.06443440914154053,0.2668905258178711,0.9090306758880615,0.407301664352417,-0.08813991397619248,-0.415737122297287,0.900937020778656,-0.12439964711666107,0.02874036505818367,0.14972609281539918,0.9883096814155579],"EasingStyle":"Linear","EasingDirection":"In"},"Torso":{"Weight":1,"CFrame":[-0.6981077790260315,-0.5688968896865845,-0.12963581085205079,0.9704185724258423,-0.19776609539985658,0.1384788453578949,0.21471841633319856,0.9692113995552063,-0.12052083015441895,-0.11038035154342652,0.14668960869312287,0.9830047488212586],"EasingStyle":"Linear","EasingDirection":"In"},"HumanoidRootPart":{"Weight":1,"CFrame":[0,0,0,1,0,0,0,1,0,0,0,1],"EasingStyle":"Linear","EasingDirection":"In"},"Left Arm":{"Weight":1,"CFrame":[-0.08312816917896271,-0.3873133957386017,0.40397894382476809,0.4636393189430237,0.8651995062828064,0.19096729159355164,-0.6504936218261719,0.186051145195961,0.7363715171813965,0.6015785932540894,-0.4656337797641754,0.6490674018859863],"EasingStyle":"Linear","EasingDirection":"In"}}},{"Time":0.4333333373069763,"poses":{"Left Leg":{"Weight":1,"CFrame":[-0.9994980692863464,0.5030826330184937,0.014259099960327149,0.990138590335846,-0.09961071610450745,0.09850531071424484,0.08520296961069107,0.9863393902778626,0.14097915589809419,-0.11120279878377915,-0.13119593262672425,0.9850997924804688],"EasingStyle":"Linear","EasingDirection":"In"},"Right Arm":{"Weight":1,"CFrame":[0.33538174629211428,-0.1977171003818512,0.13070309162139893,0.20756903290748597,-0.9072834253311157,-0.3657209873199463,0.8005408048629761,-0.05731024593114853,0.5965316295623779,-0.5621829032897949,-0.4165962040424347,0.7144215703010559],"EasingStyle":"Linear","EasingDirection":"In"},"Head":{"Weight":1,"CFrame":[8.940696716308594e-8,-7.450580596923828e-9,1.1920928955078126e-7,0.998801589012146,-0.00456317700445652,-0.04873127117753029,0.012365425936877728,0.9868716597557068,0.16103284060955048,0.04735669121146202,-0.16144242882728578,0.9857453107833862],"EasingStyle":"Linear","EasingDirection":"In"},"Right Leg":{"Weight":1,"CFrame":[0.1472962200641632,0.08453792333602905,0.16454923152923585,0.9629377126693726,0.26305171847343447,-0.05962270498275757,-0.26385799050331118,0.9645434021949768,-0.005935487803071737,0.05594734475016594,0.021447358652949334,0.9982033967971802],"EasingStyle":"Linear","EasingDirection":"In"},"Torso":{"Weight":1,"CFrame":[-0.7672755718231201,-0.619762659072876,-0.4128243923187256,0.9681986570358276,-0.19969843327999116,0.1507052183151245,0.22611138224601746,0.9562791585922241,-0.18548321723937989,-0.10707554966211319,0.21366076171398164,0.9710221886634827],"EasingStyle":"Linear","EasingDirection":"In"},"HumanoidRootPart":{"Weight":1,"CFrame":[0,0,0,1,0,0,0,1,0,0,0,1],"EasingStyle":"Linear","EasingDirection":"In"},"Left Arm":{"Weight":1,"CFrame":[-0.09162114560604096,-0.2357587218284607,0.32854902744293215,0.4844163954257965,0.7235668897628784,0.49172326922416689,-0.6424696445465088,-0.08726117759943009,0.7613266706466675,0.5937790274620056,-0.6847164630889893,0.42259901762008669],"EasingStyle":"Linear","EasingDirection":"In"}}},{"Time":0.46666666865348818,"poses":{"Left Leg":{"Weight":1,"CFrame":[-0.914642333984375,0.8356920480728149,0.06629765033721924,0.989125669002533,0.07482577115297318,0.12661606073379517,-0.08075790107250214,0.9958325624465942,0.042377714067697528,-0.12291745841503144,-0.05214211344718933,0.9910462498664856],"EasingStyle":"Linear","EasingDirection":"In"},"Right Arm":{"Weight":1,"CFrame":[0.28945332765579226,0.003095567226409912,0.06248188018798828,0.0929081067442894,-0.8291255235671997,-0.551288366317749,0.7836620211601257,-0.280656635761261,0.5541712641716003,-0.6142002940177918,-0.4835107922554016,0.6236788630485535],"EasingStyle":"Linear","EasingDirection":"In"},"Head":{"Weight":1,"CFrame":[-4.470348358154297e-8,-7.450580596923828e-9,-2.384185791015625e-7,0.9979846477508545,-0.059636637568473819,-0.021682774648070337,0.06272534281015396,0.9788205027580261,0.19487452507019044,0.009601891040802002,-0.19584186375141145,0.9805885553359985],"EasingStyle":"Linear","EasingDirection":"In"},"Right Leg":{"Weight":1,"CFrame":[0.6557983160018921,0.11667180061340332,0.14436209201812745,0.8415966033935547,0.5350306630134583,-0.07387427240610123,-0.5249704718589783,0.8424773812294006,0.1209871768951416,0.12696930766105653,-0.06304056942462921,0.9899013638496399],"EasingStyle":"Linear","EasingDirection":"In"},"Torso":{"Weight":1,"CFrame":[-0.7959356904029846,-0.6547688245773315,-0.6984777450561523,0.968955934047699,-0.19084298610687257,0.1571735292673111,0.22419071197509767,0.9462413191795349,-0.23316487669944764,-0.10422621667385102,0.2611633241176605,0.9596512913703919],"EasingStyle":"Linear","EasingDirection":"In"},"HumanoidRootPart":{"Weight":1,"CFrame":[0,0,0,1,0,0,0,1,0,0,0,1],"EasingStyle":"Linear","EasingDirection":"In"},"Left Arm":{"Weight":1,"CFrame":[-0.11400194466114044,-0.08274006843566895,0.23962700366973878,0.3746051788330078,0.6469337940216065,0.664189338684082,-0.6340618133544922,-0.34391629695892336,0.6925946474075317,0.6764883995056152,-0.6805867552757263,0.28136318922042849],"EasingStyle":"Linear","EasingDirection":"In"}}},{"Time":0.5,"poses":{"Left Leg":{"Weight":1,"CFrame":[-0.7599451541900635,0.9058837294578552,0.11337196826934815,0.963664174079895,0.2356339544057846,0.12580938637256623,-0.2321782261133194,0.9717801809310913,-0.041671428829431537,-0.13207833468914033,0.01094706729054451,0.9911788702011108],"EasingStyle":"Linear","EasingDirection":"In"},"Right Arm":{"Weight":1,"CFrame":[0.227533757686615,0.1729612946510315,0.017612218856811525,-0.08523737639188767,-0.7441086769104004,-0.6625986695289612,0.7164814472198486,-0.5079030990600586,0.4782142639160156,-0.6923792362213135,-0.43397799134254458,0.5764323472976685],"EasingStyle":"Linear","EasingDirection":"In"},"Head":{"Weight":1,"CFrame":[2.2351741790771485e-7,-8.940696716308594e-8,4.76837158203125e-7,0.9941254258155823,-0.107939213514328,0.007992786355316639,0.1039842814207077,0.9729687571525574,0.20620152354240418,-0.03003396838903427,-0.20415903627872468,0.9784770011901856],"EasingStyle":"Linear","EasingDirection":"In"},"Right Leg":{"Weight":1,"CFrame":[0.7216019630432129,0.2565486431121826,0.11788511276245117,0.815331220626831,0.5719531178474426,-0.09002543240785599,-0.5440554618835449,0.8100079298019409,0.21884013712406159,0.19808772206306458,-0.1294482946395874,0.9715989232063294],"EasingStyle":"Linear","EasingDirection":"In"},"Torso":{"Weight":1,"CFrame":[-0.7852237224578857,-0.6653205752372742,-0.8066661357879639,0.9716970920562744,-0.17648696899414063,0.15702593326568604,0.21226513385772706,0.9440274834632874,-0.2524988651275635,-0.10367404669523239,0.27868354320526125,0.9547707438468933],"EasingStyle":"Linear","EasingDirection":"In"},"HumanoidRootPart":{"Weight":1,"CFrame":[0,0,0,1,0,0,0,1,0,0,0,1],"EasingStyle":"Linear","EasingDirection":"In"},"Left Arm":{"Weight":1,"CFrame":[-0.1455322653055191,0.050062596797943118,0.16581547260284425,0.15100179612636567,0.6250655055046082,0.7658273577690125,-0.5997377038002014,-0.5579171180725098,0.57362300157547,0.7858200669288635,-0.5459136962890625,0.2906288802623749],"EasingStyle":"Linear","EasingDirection":"In"}}},{"Time":0.5333333611488342,"poses":{"Left Leg":{"Weight":1,"CFrame":[-0.7654950022697449,0.8009481430053711,0.1298961639404297,0.9565308094024658,0.26160526275634768,0.1288858950138092,-0.2545855641365051,0.964620053768158,-0.06851615011692047,-0.14225013554096223,0.032725296914577487,0.9892897009849548],"EasingStyle":"Linear","EasingDirection":"In"},"Right Arm":{"Weight":1,"CFrame":[0.16928933560848237,0.28822362422943118,-0.005492448806762695,-0.31938040256500246,-0.6865434050559998,-0.6531877517700195,0.6412109732627869,-0.6640945672988892,0.38448289036750796,-0.6977425217628479,-0.29603490233421328,0.652318000793457],"EasingStyle":"Linear","EasingDirection":"In"},"Head":{"Weight":1,"CFrame":[2.086162567138672e-7,7.450580596923828e-9,2.384185791015625e-7,0.9944391250610352,-0.1002502590417862,0.032262787222862247,0.09197551757097244,0.9759550094604492,0.1976168155670166,-0.05129814147949219,-0.19355051219463349,0.9797483086585999],"EasingStyle":"Linear","EasingDirection":"In"},"Right Leg":{"Weight":1,"CFrame":[0.6810129880905151,0.2773369550704956,0.10949432849884033,0.8282362222671509,0.5542181730270386,-0.08286672830581665,-0.5204985737800598,0.81562340259552,0.25266560912132265,0.2076200246810913,-0.16613490879535676,0.963998556137085],"EasingStyle":"Linear","EasingDirection":"In"},"Torso":{"Weight":1,"CFrame":[-0.7613242864608765,-0.6471637487411499,-0.7300593852996826,0.9754653573036194,-0.16021300852298737,0.1509944200515747,0.19315944612026215,0.9519034028053284,-0.23784324526786805,-0.10562653839588165,0.2611737847328186,0.9594954252243042],"EasingStyle":"Linear","EasingDirection":"In"},"HumanoidRootPart":{"Weight":1,"CFrame":[0,0,0,1,0,0,0,1,0,0,0,1],"EasingStyle":"Linear","EasingDirection":"In"},"Left Arm":{"Weight":1,"CFrame":[-0.18110644817352296,0.14340776205062867,0.1093595027923584,-0.15458326041698457,0.6755993962287903,0.720880925655365,-0.5634905695915222,-0.6596287488937378,0.4973616600036621,0.8115310072898865,-0.32932576537132265,0.4826613962650299],"EasingStyle":"Linear","EasingDirection":"In"}}},{"Time":0.5666666626930237,"poses":{"Left Leg":{"Weight":1,"CFrame":[-0.8103722929954529,0.6140680313110352,0.10955274105072022,0.9642564654350281,0.2253410965204239,0.13939490914344788,-0.21975958347320558,0.9740352034568787,-0.05441784858703613,-0.14803814888000489,0.02183944173157215,0.9887405633926392],"EasingStyle":"Linear","EasingDirection":"In"},"Right Arm":{"Weight":1,"CFrame":[0.1362297087907791,0.33068835735321047,-0.012037396430969239,-0.532036542892456,-0.6761536598205566,-0.5096603035926819,0.5926563739776611,-0.7272700071334839,0.34617456793785097,-0.6047277450561523,-0.11787614226341248,0.7876608371734619],"EasingStyle":"Linear","EasingDirection":"In"},"Head":{"Weight":1,"CFrame":[7.450580596923828e-8,1.4901161193847657e-8,3.5762786865234377e-7,0.995901882648468,-0.0785633772611618,0.044802576303482059,0.07011690735816956,0.9835993647575378,0.16618089377880097,-0.05712349712848663,-0.16235843300819398,0.9850769639015198],"EasingStyle":"Linear","EasingDirection":"In"},"Right Leg":{"Weight":1,"CFrame":[0.6107801198959351,0.20617735385894776,0.13388359546661378,0.8318229913711548,0.5501117706298828,-0.07380848377943039,-0.5197566747665405,0.8186818361282349,0.24415791034698487,0.1947399377822876,-0.16473372280597688,0.9669225811958313],"EasingStyle":"Linear","EasingDirection":"In"},"Torso":{"Weight":1,"CFrame":[-0.7281821966171265,-0.6066091060638428,-0.5635199546813965,0.9795207381248474,-0.1435236930847168,0.14120930433273316,0.16985344886779786,0.9656263589859009,-0.19676262140274049,-0.10811533033847809,0.2167179435491562,0.9702290296554565],"EasingStyle":"Linear","EasingDirection":"In"},"HumanoidRootPart":{"Weight":1,"CFrame":[0,0,0,1,0,0,0,1,0,0,0,1],"EasingStyle":"Linear","EasingDirection":"In"},"Left Arm":{"Weight":1,"CFrame":[-0.21552777290344239,0.17866313457489015,0.06591606140136719,-0.43966761231422427,0.7430662512779236,0.504524290561676,-0.5505384206771851,-0.6667929291725159,0.5022895336151123,0.7096476554870606,-0.05691956356167793,0.7022538185119629],"EasingStyle":"Linear","EasingDirection":"In"}}},{"Time":0.6000000238418579,"poses":{"Left Leg":{"Weight":1,"CFrame":[-0.7616337537765503,0.3650476932525635,0.0583115816116333,0.9678349494934082,0.2053166925907135,0.1453983336687088,-0.20511114597320558,0.9785985350608826,-0.016567813232541086,-0.14568831026554109,-0.013787887990474701,0.9892345666885376],"EasingStyle":"Linear","EasingDirection":"In"},"Right Arm":{"Weight":1,"CFrame":[0.12818066775798798,0.28007733821868899,0.0033533573150634767,-0.6606416702270508,-0.6877609491348267,-0.30089449882507326,0.5743398666381836,-0.7211657762527466,0.3873676061630249,-0.48341110348701479,0.083095483481884,0.8714407086372376],"EasingStyle":"Linear","EasingDirection":"In"},"Head":{"Weight":1,"CFrame":[2.5331974029541018e-7,-8.195638656616211e-8,0,0.9974724054336548,-0.0533783920109272,0.04690098017454147,0.04792569577693939,0.9927143454551697,0.11055028438568115,-0.052460283041000369,-0.10802309215068817,0.9927632808685303],"EasingStyle":"Linear","EasingDirection":"In"},"Right Leg":{"Weight":1,"CFrame":[0.1275385022163391,0.26588696241378786,0.1029425859451294,0.9266733527183533,0.36652806401252749,-0.08326899260282517,-0.34226834774017336,0.9144238829612732,0.21605902910232545,0.15533490478992463,-0.17171579599380494,0.9728231430053711],"EasingStyle":"Linear","EasingDirection":"In"},"Torso":{"Weight":1,"CFrame":[-0.6892563700675964,-0.5511187314987183,-0.3565657138824463,0.983370304107666,-0.1275750696659088,0.1292574256658554,0.1452702283859253,0.9796839356422424,-0.13826052844524384,-0.1089928075671196,0.15473853051662446,0.9819250106811523],"EasingStyle":"Linear","EasingDirection":"In"},"HumanoidRootPart":{"Weight":1,"CFrame":[0,0,0,1,0,0,0,1,0,0,0,1],"EasingStyle":"Linear","EasingDirection":"In"},"Left Arm":{"Weight":1,"CFrame":[-0.24461990594863892,0.1573893427848816,0.03232431411743164,-0.5903047919273377,0.7684483528137207,0.24703697860240937,-0.5715318322181702,-0.6140325665473938,0.5443487167358398,0.5699926018714905,0.18014207482337953,0.8016590476036072],"EasingStyle":"Linear","EasingDirection":"In"}}},{"Time":0.6333333253860474,"poses":{"Left Leg":{"Weight":1,"CFrame":[-0.5955203175544739,0.1941782832145691,-0.005395293235778809,0.9676563739776611,0.21231119334697724,0.1362536996603012,-0.21815790235996247,0.9754723310470581,0.02934381738305092,-0.12668168544769288,-0.05811954662203789,0.9902393817901611],"EasingStyle":"Linear","EasingDirection":"In"},"Right Arm":{"Weight":1,"CFrame":[0.13157139718532563,0.15323024988174439,0.044782161712646487,-0.7257888913154602,-0.6837067008018494,-0.07599873095750809,0.5769284963607788,-0.6651354432106018,0.4740765690803528,-0.37467876076698305,0.3002336323261261,0.8771975636482239],"EasingStyle":"Linear","EasingDirection":"In"},"Head":{"Weight":1,"CFrame":[9.685754776000977e-8,-5.960464477539063e-8,-3.5762786865234377e-7,0.9986647963523865,-0.029682572931051256,0.04227970540523529,0.028070546686649324,0.998874843120575,0.03822408616542816,-0.04336673766374588,-0.03698624297976494,0.998374462127