{"Sequence":[{"Time":0,"poses":{"Left Leg":{"Weight":1,"CFrame":[-0.397394061088562,0.4376562237739563,-0.06825941801071167,0.9638003706932068,0.2665347158908844,0.006936312187463045,-0.263472318649292,0.9480929970741272,0.17805074155330659,0.04088030382990837,-0.17343290150165559,0.9839968681335449],"EasingStyle":"Linear","EasingDirection":"In"},"Head":{"Weight":1,"CFrame":[5.774199962615967e-8,2.9802322387695315e-8,3.5762786865234377e-7,0.8872255682945252,-0.44941237568855288,0.10420779883861542,0.437588632106781,0.89134281873703,0.11842405050992966,-0.14610618352890016,-0.059468697756528857,0.9874798655509949],"EasingStyle":"Linear","EasingDirection":"In"},"Right Arm":{"Weight":1,"CFrame":[-0.08233226835727692,-0.42950716614723208,0.26224255561828616,0.7797749638557434,0.1443524807691574,-0.6091908812522888,0.2554168403148651,0.8150407075881958,0.5200679898262024,0.571588397026062,-0.5611336827278137,0.5986783504486084],"EasingStyle":"Linear","EasingDirection":"In"},"Left Arm":{"Weight":1,"CFrame":[-0.1703513264656067,-0.6314075589179993,0.3567492961883545,-0.34525343775749209,0.8809680342674255,-0.32356685400009158,-0.5522316098213196,0.0880683958530426,0.8290261030197144,0.7588413953781128,0.46490779519081118,0.45609238743782046],"EasingStyle":"Linear","EasingDirection":"In"},"handle":{"Weight":1,"CFrame":[0.20706085860729218,-2.6965885162353517,-0.5238215923309326,0.9029420614242554,-0.006249594036489725,0.4297168552875519,0.12221096456050873,0.9623475670814514,-0.24279960989952088,-0.41201961040496828,0.2717500627040863,0.8697078824043274],"EasingStyle":"Linear","EasingDirection":"In"},"Torso":{"Weight":1,"CFrame":[0.560900092124939,-0.2506405711174011,0.7343666553497315,0.9151593446731567,0.3975593149662018,0.06655850261449814,-0.37108415365219118,0.8954082131385803,-0.24605011940002442,-0.15741650760173798,0.20047627389431,0.9669691324234009],"EasingStyle":"Linear","EasingDirection":"In"},"HumanoidRootPart":{"Weight":0,"CFrame":[0,0,0,1,0,0,0,1,0,0,0,1],"EasingStyle":"Linear","EasingDirection":"In"},"Right Leg":{"Weight":1,"CFrame":[0.29164284467697146,0.3775221109390259,0.13327407836914063,0.863048791885376,0.2056381106376648,-0.4613672196865082,-0.09254912286996842,0.9622939825057983,0.25578317046165469,0.4965696334838867,-0.17805416882038117,0.849538266658783],"EasingStyle":"Linear","EasingDirection":"In"}}},{"Time":0.03333333507180214,"poses":{"Left Leg":{"Weight":1,"CFrame":[-0.4080764055252075,0.4502822160720825,-0.06930148601531983,0.9688001275062561,0.24742905795574189,0.014325038529932499,-0.24580951035022736,0.9518538117408752,0.1831720769405365,0.03168666735291481,-0.1809784173965454,0.982976496219635],"EasingStyle":"Linear","EasingDirection":"In"},"Head":{"Weight":1,"CFrame":[1.043081283569336e-7,-2.9802322387695315e-8,1.1920928955078126e-7,0.8504394292831421,-0.5161697268486023,0.10159531235694885,0.5068446397781372,0.8556661009788513,0.10461363941431046,-0.14093002676963807,-0.037474535405635837,0.9893100261688232],"EasingStyle":"Linear","EasingDirection":"In"},"Right Arm":{"Weight":1,"CFrame":[-0.07157322764396668,-0.43023252487182619,0.2713477611541748,0.7797420024871826,0.14600235223770142,-0.6088396310806274,0.2570666968822479,0.8120279312133789,0.5239534378051758,0.5708932280540466,-0.5650610327720642,0.5956400632858276],"EasingStyle":"Linear","EasingDirection":"In"},"Left Arm":{"Weight":1,"CFrame":[-0.16372448205947877,-0.6313436627388,0.3564528226852417,-0.39086347818374636,0.8693637251853943,-0.30237770080566409,-0.53606116771698,0.05204778537154198,0.8425730466842651,0.7482407093048096,0.49142414331436159,0.4456886351108551],"EasingStyle":"Linear","EasingDirection":"In"},"handle":{"Weight":1,"CFrame":[0.19566786289215089,-2.694211483001709,-0.5100417733192444,0.9007077813148499,-0.0020918857771903278,0.43442046642303469,0.11849146336317063,0.9632554650306702,-0.2410365492105484,-0.41795364022254946,0.2685786187648773,0.8678596019744873],"EasingStyle":"Linear","EasingDirection":"In"},"Torso":{"Weight":1,"CFrame":[0.5371376872062683,-0.26693955063819888,0.7709059715270996,0.8918418288230896,0.4488790035247803,0.05590837448835373,-0.42403674125671389,0.8726531863212586,-0.24221719801425935,-0.15751485526561738,0.19231224060058595,0.9686098694801331],"EasingStyle":"Linear","EasingDirection":"In"},"HumanoidRootPart":{"Weight":0,"CFrame":[0,0,0,1,0,0,0,1,0,0,0,1],"EasingStyle":"Linear","EasingDirection":"In"},"Right Leg":{"Weight":1,"CFrame":[0.30480319261550906,0.37671566009521487,0.13420021533966065,0.8651056885719299,0.21549446880817414,-0.452939510345459,-0.10528728365898133,0.9609065651893616,0.25607258081436159,0.4904148280620575,-0.173841193318367,0.8539746403694153],"EasingStyle":"Linear","EasingDirection":"In"}}},{"Time":0.06666667014360428,"poses":{"Left Leg":{"Weight":1,"CFrame":[-0.4209352135658264,0.46545183658599856,-0.07246822118759155,0.9742382168769836,0.22445550560951234,0.02189985290169716,-0.22440625727176667,0.9551941156387329,0.1929924339056015,0.022399593144655229,-0.1929350197315216,0.9809558391571045],"EasingStyle":"Linear","EasingDirection":"In"},"Head":{"Weight":1,"CFrame":[-1.1175870895385743e-8,2.9802322387695315e-8,0,0.8174760341644287,-0.5674971342086792,0.0983864814043045,0.5610899925231934,0.8232304453849793,0.08642740547657013,-0.13004207611083985,-0.015448693186044693,0.9913881421089172],"EasingStyle":"Linear","EasingDirection":"In"},"Right Arm":{"Weight":1,"CFrame":[-0.06085205078125,-0.43229666352272036,0.2816126346588135,0.7797169089317322,0.15051579475402833,-0.6077717542648315,0.26187416911125185,0.8033071160316467,0.53490149974823,0.5687384605407715,-0.5762314200401306,0.5869359970092773],"EasingStyle":"Linear","EasingDirection":"In"},"Left Arm":{"Weight":1,"CFrame":[-0.15714490413665772,-0.6311469078063965,0.35556602478027346,-0.42527422308921816,0.8593771457672119,-0.2839236855506897,-0.5210646390914917,0.02402007393538952,0.8531792163848877,0.740022599697113,0.5107778310775757,0.4375758469104767],"EasingStyle":"Linear","EasingDirection":"In"},"handle":{"Weight":1,"CFrame":[0.17570100724697114,-2.694364070892334,-0.4887750446796417,0.8994827270507813,0.0068861921317875389,0.4369020462036133,0.10789880901575089,0.9654119610786438,-0.2373555302619934,-0.42342492938041689,0.26063838601112368,0.8676283359527588],"EasingStyle":"Linear","EasingDirection":"In"},"Torso":{"Weight":1,"CFrame":[0.5109712481498718,-0.2758273482322693,0.8517971038818359,0.868182897567749,0.49365320801734927,0.05064528435468674,-0.469930499792099,0.8506458401679993,-0.23572644591331483,-0.15944832563400269,0.180853933095932,0.9704989194869995],"EasingStyle":"Linear","EasingDirection":"In"},"HumanoidRootPart":{"Weight":0,"CFrame":[0,0,0,1,0,0,0,1,0,0,0,1],"EasingStyle":"Linear","EasingDirection":"In"},"Right Leg":{"Weight":1,"CFrame":[0.3194466531276703,0.36896616220474245,0.13583779335021974,0.8675751090049744,0.22930040955543519,-0.44128748774528506,-0.12429935485124588,0.9591758251190186,0.2540303170681,0.4815216362476349,-0.16553859412670136,0.8606590032577515],"EasingStyle":"Linear","EasingDirection":"In"}}},{"Time":0.10000000149011612,"poses":{"Left Leg":{"Weight":1,"CFrame":[-0.43499916791915896,0.4824981689453125,-0.076943039894104,0.9794480204582214,0.19948451220989228,0.029790282249450685,-0.20131225883960725,0.957744836807251,0.20542193949222566,0.012446914799511433,-0.20719730854034425,0.9782199859619141],"EasingStyle":"Linear","EasingDirection":"In"},"Head":{"Weight":1,"CFrame":[4.470348358154297e-8,-2.9802322387695315e-8,-1.1920928955078126e-7,0.7894931435585022,-0.6063665151596069,0.09497565031051636,0.602886974811554,0.7951638698577881,0.06512793153524399,-0.11501258611679077,0.005841549951583147,0.9933468699455261],"EasingStyle":"Linear","EasingDirection":"In"},"Right Arm":{"Weight":1,"CFrame":[-0.05023902654647827,-0.4355313777923584,0.2928335666656494,0.7798267602920532,0.15722838044166566,-0.6059286594390869,0.2696022093296051,0.7892204523086548,0.5517658591270447,0.5649645328521729,-0.5936415791511536,0.5730661749839783],"EasingStyle":"Linear","EasingDirection":"In"},"Left Arm":{"Weight":1,"CFrame":[-0.15062516927719117,-0.6308094263076782,0.35409414768218996,-0.45012181997299197,0.8517781496047974,-0.2680750787258148,-0.507729709148407,0.002828889060765505,0.861511766910553,0.7345752716064453,0.5238950252532959,0.4311997592449188],"EasingStyle":"Linear","EasingDirection":"In"},"handle":{"Weight":1,"CFrame":[0.15095798671245576,-2.6946656703948976,-0.4631391167640686,0.8988975882530212,0.018701627850532533,0.4377596080303192,0.09310485422611237,0.9681198596954346,-0.2325412780046463,-0.42815259099006655,0.2497883290052414,0.8684993386268616],"EasingStyle":"Linear","EasingDirection":"In"},"Torso":{"Weight":1,"CFrame":[0.4817465543746948,-0.27897149324417117,0.9214611053466797,0.8452469706535339,0.5321569442749023,0.0486471951007843,-0.509300947189331,0.8297989964485169,-0.22813618183135987,-0.16177164018154145,0.16805534064769746,0.9724131226539612],"EasingStyle":"Linear","EasingDirection":"In"},"HumanoidRootPart":{"Weight":0,"CFrame":[0,0,0,1,0,0,0,1,0,0,0,1],"EasingStyle":"Linear","EasingDirection":"In"},"Right Leg":{"Weight":1,"CFrame":[0.33602505922317507,0.3575173616409302,0.13762891292572022,0.8700399398803711,0.24606795608997346,-0.42717790603637698,-0.14752382040023805,0.9567675590515137,0.2506643831729889,0.4703904986381531,-0.15506918728351594,0.868726909160614],"EasingStyle":"Linear","EasingDirection":"In"}}},{"Time":0.13333334028720857,"poses":{"Left Leg":{"Weight":1,"CFrame":[-0.4491885304450989,0.5009187459945679,-0.08177095651626587,0.983924388885498,0.17444510757923127,0.0382314994931221,-0.17857995629310609,0.9594064950942993,0.21828515827655793,0.0013991327723488212,-0.22160345315933228,0.975135862827301],"EasingStyle":"Linear","EasingDirection":"In"},"Head":{"Weight":1,"CFrame":[-1.4901161193847657e-8,5.960464477539063e-8,0.0000010728836059570313,0.766882061958313,-0.6352236270904541,0.09155742824077606,0.6343600749969482,0.771895170211792,0.04201432317495346,-0.09736129641532898,0.025860406458377839,0.9949131011962891],"EasingStyle":"Linear","EasingDirection":"In"},"Right Arm":{"Weight":1,"CFrame":[-0.03980374336242676,-0.4397696256637573,0.3048067092895508,0.7802126407623291,0.16545724868774415,-0.6032347083091736,0.27997711300849917,0.7700121998786926,0.5733185410499573,0.5593577027320862,-0.616202175617218,0.5544490218162537],"EasingStyle":"Linear","EasingDirection":"In"},"Left Arm":{"Weight":1,"CFrame":[-0.1441773772239685,-0.6303234100341797,0.35204172134399416,-0.46694982051849368,0.8468637466430664,-0.2545188069343567,-0.4961637556552887,-0.012666330672800541,0.8681365847587586,0.7319695353507996,0.5316590666770935,0.42609745264053347],"EasingStyle":"Linear","EasingDirection":"In"},"handle":{"Weight":1,"CFrame":[0.1252463459968567,-2.692992925643921,-0.43633362650871279,0.8986419439315796,0.03137927129864693,0.4375590682029724,0.07680962234735489,0.9707751870155335,-0.22736704349517823,-0.431906133890152,0.2379302978515625,0.8699691295623779],"EasingStyle":"Linear","EasingDirection":"In"},"Torso":{"Weight":1,"CFrame":[0.4484533369541168,-0.2776700556278229,0.9573020935058594,0.8239519596099854,0.5646610260009766,0.04755126312375069,-0.5427087545394898,0.810481607913971,-0.2204241305589676,-0.1630043089389801,0.15581241250038148,0.9742443561553955],"EasingStyle":"Linear","EasingDirection":"In"},"HumanoidRootPart":{"Weight":0,"CFrame":[0,0,0,1,0,0,0,1,0,0,0,1],"EasingStyle":"Linear","EasingDirection":"In"},"Right Leg":{"Weight":1,"CFrame":[0.35507243871688845,0.34562498331069949,0.13903260231018067,0.8721703290939331,0.26479414105415347,-0.4113428592681885,-0.17292894423007966,0.9534357190132141,0.24709483981132508,0.4576182961463928,-0.1443757563829422,0.8773489594459534],"EasingStyle":"Linear","EasingDirection":"In"}}},{"Time":0.1666666716337204,"poses":{"Left Leg":{"Weight":1,"CFrame":[-0.46229466795921328,0.5204036235809326,-0.08581632375717163,0.9873405694961548,0.15130986273288728,0.047580040991306308,-0.15823253989219666,0.9604073762893677,0.22930371761322022,-0.011000320315361023,-0.23392951488494874,0.972191333770752],"EasingStyle":"Linear","EasingDirection":"In"},"Head":{"Weight":1,"CFrame":[1.043081283569336e-7,2.9802322387695315e-8,-4.76837158203125e-7,0.749542772769928,-0.6560498476028442,0.08822890371084213,0.6572772264480591,0.7534234523773193,0.018428916111588479,-0.07856402546167374,0.0441775806248188,0.9959297180175781],"EasingStyle":"Linear","EasingDirection":"In"},"Right Arm":{"Weight":1,"CFrame":[-0.02961599826812744,-0.4448466897010803,0.3173283338546753,0.7810159921646118,0.1744995415210724,-0.5996364951133728,0.2926848232746124,0.7459160089492798,0.598284900188446,0.5516789555549622,-0.6427745819091797,0.5314990282058716],"EasingStyle":"Linear","EasingDirection":"In"},"Left Arm":{"Weight":1,"CFrame":[-0.13781410455703736,-0.6296834945678711,0.34941351413726809,-0.4771851897239685,0.8445895314216614,-0.24282249808311463,-0.4862040877342224,-0.023558512330055238,0.8735277056694031,0.7320518493652344,0.5348958373069763,0.42188459634780886],"EasingStyle":"Linear","EasingDirection":"In"},"handle":{"Weight":1,"CFrame":[0.10240619629621506,-2.6875860691070558,-0.4116290509700775,0.8985216617584229,0.042928799986839297,0.43682485818862917,0.061748798936605456,0.9729456901550293,-0.2226293683052063,-0.4345640540122986,0.22701069712638856,0.8715619444847107],"EasingStyle":"Linear","EasingDirection":"In"},"Torso":{"Weight":1,"CFrame":[0.4098242521286011,-0.2729286849498749,0.9756391048431397,0.8051040768623352,0.5914354920387268,0.04484961926937103,-0.5706931352615356,0.7930285334587097,-0.21310804784297944,-0.16160665452480317,0.14597877860069276,0.9759986996650696],"EasingStyle":"Linear","EasingDirection":"In"},"HumanoidRootPart":{"Weight":0,"CFrame":[0,0,0,1,0,0,0,1,0,0,0,1],"EasingStyle":"Linear","EasingDirection":"In"},"Right Leg":{"Weight":1,"CFrame":[0.37728601694107058,0.3365727663040161,0.13956987857818604,0.8737534880638123,0.2845001220703125,-0.3944799304008484,-0.1985730081796646,0.949063241481781,0.24463801085948945,0.44398608803749087,-0.1354203224182129,0.8857414126396179],"EasingStyle":"Linear","EasingDirection":"In"}}},{"Time":0.20000000298023225,"poses":{"Left Leg":{"Weight":1,"CFrame":[-0.47297048568725588,0.5408220291137695,-0.08773308992385864,0.9895253777503967,0.132066547870636,0.05829225108027458,-0.14220312237739564,0.9612717628479004,0.23608237504959107,-0.024856090545654298,-0.2418988049030304,0.9699830412864685],"EasingStyle":"Linear","EasingDirection":"In"},"Head":{"Weight":1,"CFrame":[1.4901161193847657e-7,4.470348358154297e-8,1.1920928955078126e-7,0.7370573878288269,-0.6704554557800293,0.08506365865468979,0.6731556057929993,0.7394888401031494,-0.004232064355164766,-0.06006620451807976,0.06038030982017517,0.996366560459137],"EasingStyle":"Linear","EasingDirection":"In"},"Right Arm":{"Weight":1,"CFrame":[-0.019746243953704835,-0.45059120655059817,0.33019518852233889,0.7823666334152222,0.1836334764957428,-0.595131516456604,0.30737024545669558,0.7172321677207947,0.6253810524940491,0.5416881442070007,-0.6722028851509094,0.5046949982643127],"EasingStyle":"Linear","EasingDirection":"In"},"Left Arm":{"Weight":1,"CFrame":[-0.1315479278564453,-0.6288796067237854,0.34621405601501467,-0.48215174674987795,0.844679594039917,-0.23247814178466798,-0.4775051474571228,-0.03089245967566967,0.878085732460022,0.7345192432403565,0.5343800783157349,0.4182336926460266],"EasingStyle":"Linear","EasingDirection":"In"},"handle":{"Weight":1,"CFrame":[0.08626443892717362,-2.677018404006958,-0.3922934830188751,0.8984604477882385,0.05134107545018196,0.43604227900505068,0.05068364366889,0.9743718504905701,-0.21915891766548158,-0.4361192584037781,0.21900585293769837,0.8728324770927429],"EasingStyle":"Linear","EasingDirection":"In"},"Torso":{"Weight":1,"CFrame":[0.3644140064716339,-0.26554906368255618,0.9793827533721924,0.78939288854599,0.612713634967804,0.03795824572443962,-0.5937442183494568,0.777738630771637,-0.2063746303319931,-0.15597014129161836,0.14037315547466279,0.9777365326881409],"EasingStyle":"Linear","EasingDirection":"In"},"HumanoidRootPart":{"Weight":0,"CFrame":[0,0,0,1,0,0,0,1,0,0,0,1],"EasingStyle":"Linear","EasingDirection":"In"},"Right Leg":{"Weight":1,"CFrame":[0.4033975601196289,0.33372342586517336,0.13873422145843507,0.8747100234031677,0.30420446395874026,-0.3772822916507721,-0.22257357835769654,0.9436662793159485,0.24485692381858827,0.4305151700973511,-0.13020582497119904,0.8931422829627991],"EasingStyle":"Linear","EasingDirection":"In"}}},{"Time":0.23333333432674409,"poses":{"Left Leg":{"Weight":1,"CFrame":[-0.47972390055656435,0.5621153116226196,-0.08594459295272827,0.9904002547264099,0.11869034171104431,0.07085143029689789,-0.132258802652359,0.9626885652542114,0.23608967661857606,-0.04018641263246536,-0.24319396913051606,0.969144880771637],"EasingStyle":"Linear","EasingDirection":"In"},"Head":{"Weight":1,"CFrame":[1.341104507446289e-7,-1.4901161193847657e-7,4.76837158203125e-7,0.7287997007369995,-0.6797789335250855,0.08216825872659683,0.6833570003509522,0.7296726107597351,-0.024514688178896905,-0.043291330337524417,0.07401657104492188,0.9963169097900391],"EasingStyle":"Linear","EasingDirection":"In"},"Right Arm":{"Weight":1,"CFrame":[-0.010263770818710328,-0.4568382501602173,0.34320294857025149,0.7843695878982544,0.19212573766708375,-0.5897898077964783,0.32364311814308169,0.6843827962875366,0.6533570289611816,0.5291686654090881,-0.7033547163009644,0.47462886571884158],"EasingStyle":"Linear","EasingDirection":"In"},"Left Arm":{"Weight":1,"CFrame":[-0.12539154291152955,-0.6279056668281555,0.3424485921859741,-0.48309358954429629,0.8467121124267578,-0.2229326218366623,-0.4696093201637268,-0.035672642290592197,0.8821533918380737,0.7389774322509766,0.5308540463447571,0.41485708951950076],"EasingStyle":"Linear","EasingDirection":"In"},"handle":{"Weight":1,"CFrame":[0.08053730428218842,-2.6600520610809328,-0.38147255778312685,0.8984458446502686,0.05459485203027725,0.43567705154418948,0.04638173431158066,0.9748882055282593,-0.21781130135059358,-0.43662768602371218,0.21589910984039308,0.8733519911766052],"EasingStyle":"Linear","EasingDirection":"In"},"Torso":{"Weight":1,"CFrame":[0.31065982580184939,-0.25623005628585818,0.9714219570159912,0.777339518070221,0.6286132335662842,0.02426164597272873,-0.6122803092002869,0.7648698091506958,-0.20021739602088929,-0.14441631734371186,0.1407819539308548,0.979451060295105],"EasingStyle":"Linear","EasingDirection":"In"},"HumanoidRootPart":{"Weight":0,"CFrame":[0,0,0,1,0,0,0,1,0,0,0,1],"EasingStyle":"Linear","EasingDirection":"In"},"Right Leg":{"Weight":1,"CFrame":[0.433864951133728,0.34060120582580569,0.13577699661254884,0.8751079440116882,0.32283464074134829,-0.3605048358440399,-0.24298714101314546,0.9373714923858643,0.2495836615562439,0.4185012876987457,-0.13081470131874085,0.8987459540367127],"EasingStyle":"Linear","EasingDirection":"In"}}},{"Time":0.2666666805744171,"poses":{"Left Leg":{"Weight":1,"CFrame":[-0.48128101229667666,0.5806864500045776,-0.07679080963134766,0.9900290966033936,0.11242013424634934,0.08487720042467118,-0.12888510525226594,0.9660830497741699,0.22376811504364015,-0.05684236064553261,-0.23247632384300233,0.970939576625824],"EasingStyle":"Linear","EasingDirection":"In"},"Head":{"Weight":1,"CFrame":[1.341104507446289e-7,-4.470348358154297e-8,0,0.7240049839019775,-0.6851727962493897,0.07971915602684021,0.6891576051712036,0.7234554886817932,-0.040912847965955737,-0.029640868306159974,0.08456018567085266,0.9959774017333984],"EasingStyle":"Linear","EasingDirection":"In"},"Right Arm":{"Weight":1,"CFrame":[-0.001239180564880371,-0.46341997385025027,0.35614824295043948,0.7870945930480957,0.19924461841583253,-0.5837668776512146,0.34108975529670718,0.64794921875,0.6810429096221924,0.5139454007148743,-0.7351621389389038,0.44203710556030276],"EasingStyle":"Linear","EasingDirection":"In"},"Left Arm":{"Weight":1,"CFrame":[-0.11935681104660034,-0.6267543435096741,0.3381209373474121,-0.48120352625846865,0.8501855731010437,-0.21360616385936738,-0.4619954526424408,-0.03887676075100899,0.8860297799110413,0.7449854612350464,0.5250457525253296,0.4114895462989807],"EasingStyle":"Linear","EasingDirection":"In"},"handle":{"Weight":1,"CFrame":[0.093340203166008,-2.636030435562134,-0.3800409436225891,0.898410975933075,0.04818763956427574,0.43650397658348086,0.05334079638123512,0.9746286273002625,-0.21737951040267945,-0.43590423464775088,0.21857960522174836,0.8730466365814209],"EasingStyle":"Linear","EasingDirection":"In"},"Torso":{"Weight":1,"CFrame":[0.24601629376411439,-0.24377787113189698,0.95534348487854,0.7693815231323242,0.6387895345687866,-0.00005342087024473585,-0.6268895864486694,0.7550327777862549,-0.192184716463089,-0.12272525578737259,0.14789685606956483,0.9813587665557861],"EasingStyle":"Linear","EasingDirection":"In"},"HumanoidRootPart":{"Weight":0,"CFrame":[0,0,0,1,0,0,0,1,0,0,0,1],"EasingStyle":"Linear","EasingDirection":"In"},"Right Leg":{"Weight":1,"CFrame":[0.46910589933395388,0.3626864552497864,0.12865984439849854,0.8745076656341553,0.3406839966773987,-0.34521108865737917,-0.25785544514656069,0.9294130802154541,0.26401132345199587,0.4107881784439087,-0.14186540246009828,0.9006260633468628],"EasingStyle":"Linear","EasingDirection":"In"}}},{"Time":0.30000001192092898,"poses":{"Left Leg":{"Weight":1,"CFrame":[-0.48006460070610049,0.5927441120147705,-0.05680286884307861,0.9889943599700928,0.11164578795433045,0.09708437323570252,-0.1286763697862625,0.972929835319519,0.19196335971355439,-0.07302450388669968,-0.20234315097332,0.9765883088111877],"EasingStyle":"Linear","EasingDirection":"In"},"Head":{"Weight":1,"CFrame":[-7.450580596923828e-9,1.1175870895385742e-7,2.384185791015625e-7,0.7218128442764282,-0.6876807808876038,0.07798276841640473,0.6917850375175476,0.7202370166778565,-0.051885560154914859,-0.020485376939177514,0.09139899164438248,0.995603621006012],"EasingStyle":"Linear","EasingDirection":"In"},"Right Arm":{"Weight":1,"CFrame":[0.0072577595710754398,-0.470169335603714,0.36882758140563967,0.7905649542808533,0.2042747288942337,-0.5773031711578369,0.35929232835769656,0.6086851954460144,0.7073975801467896,0.4958993196487427,-0.7666643261909485,0.40781083703041079],"EasingStyle":"Linear","EasingDirection":"In"},"Left Arm":{"Weight":1,"CFrame":[-0.1134563684463501,-0.6254175901412964,0.33323657512664797,-0.4776453971862793,0.8545631170272827,-0.20390379428863526,-0.45411476492881777,-0.041466813534498218,0.889977753162384,0.752086877822876,0.5176894664764404,0.40787607431411745],"EasingStyle":"Linear","EasingDirection":"In"},"handle":{"Weight":1,"CFrame":[0.13441458344459535,-2.6068716049194338,-0.385452002286911,0.8981767296791077,0.031631819903850558,0.43849509954452517,0.07161808013916016,0.9735572934150696,-0.21692626178264619,-0.433761864900589,0.2262422889471054,0.8721611499786377],"EasingStyle":"Linear","EasingDirection":"In"},"Torso":{"Weight":1,"CFrame":[0.1786610335111618,-0.2347867488861084,0.9254441261291504,0.7653331160545349,0.6427096128463745,-0.03448977321386337,-0.6372206807136536,0.7490721344947815,-0.18122026324272157,-0.09063668549060822,0.16067147254943849,0.9828375577926636],"EasingStyle":"Linear","EasingDirection":"In"},"HumanoidRootPart":{"Weight":0,"CFrame":[0,0,0,1,0,0,0,1,0,0,0,1],"EasingStyle":"Linear","EasingDirection":"In"},"Right Leg":{"Weight":1,"CFrame":[0.5018038153648377,0.4007107615470886,0.11361956596374512,0.8729493618011475,0.35564202070236208,-0.3338834047317505,-0.26161059737205508,0.9190133213996887,0.2949141263961792,0.41172727942466738,-0.1700977236032486,0.8952918648719788],"EasingStyle":"Linear","EasingDirection":"In"}}},{"Time":0.3333333432674408,"poses":{"Left Leg":{"Weight":1,"CFrame":[-0.47750693559646609,0.5975165367126465,-0.02664780616760254,0.9877160787582398,0.11510264128446579,0.1056799590587616,-0.12951023876667024,0.9814293384552002,0.1415044069290161,-0.08743011951446533,-0.15345287322998048,0.9842805862426758],"EasingStyle":"Linear","EasingDirection":"In"},"Head":{"Weight":1,"CFrame":[1.2293457984924317e-7,-1.043081283569336e-7,-4.172325134277344e-7,0.7212969064712524,-0.6882975697517395,0.07731330394744873,0.6924136281013489,0.7193332314491272,-0.055883653461933139,-0.01714947074651718,0.09384148567914963,0.9954394102096558],"EasingStyle":"Linear","EasingDirection":"In"},"Right Arm":{"Weight":1,"CFrame":[0.015157580375671387,-0.4769190549850464,0.38103675842285159,0.7947494983673096,0.20653311908245088,-0.5707165002822876,0.37785181403160097,0.567507803440094,0.7315482497215271,0.474975049495697,-0.7970439195632935,0.3729877471923828],"EasingStyle":"Linear","EasingDirection":"In"},"Left Arm":{"Weight":1,"CFrame":[-0.10770303010940552,-0.6238884329795837,0.32780003547668459,-0.45847609639167788,0.8657492399215698,-0.2006932497024536,-0.4527234435081482,-0.033195123076438907,0.891032874584198,0.7647491097450256,0.4993759095668793,0.4071640968322754],"EasingStyle":"Linear","EasingDirection":"In"},"handle":{"Weight":1,"CFrame":[0.20033535361289979,-2.574113607406616,-0.39584892988204958,0.897487998008728,0.008937402628362179,0.44094836711883547,0.09729330986738205,0.9711519479751587,-0.21771062910556794,-0.4301735460758209,0.23829399049282075,0.8707276582717896],"EasingStyle":"Linear","EasingDirection":"In"},"Torso":{"Weight":1,"CFrame":[0.11564460396766663,-0.2355576753616333,0.8782265186309815,0.7647254467010498,0.6399416923522949,-0.07529699802398682,-0.6422226428985596,0.7474696636199951,-0.16982106864452363,-0.0523933544754982,0.17822393774986268,0.9825940728187561],"EasingStyle":"Linear","EasingDirection":"In"},"HumanoidRootPart":{"Weight":0,"CFrame":[0,0,0,1,0,0,0,1,0,0,0,1],"EasingStyle":"Linear","EasingDirection":"In"},"Right Leg":{"Weight":1,"CFrame":[0.5253364443778992,0.44854646921157839,0.08963179588317871,0.8712142705917358,0.36522799730300906,-0.32801553606987,-0.2515490651130676,0.905935525894165,0.34059324860572817,0.42155519127845766,-0.21421785652637483,0.8811367750167847],"EasingStyle":"Linear","EasingDirection":"In"}}},{"Time":0.36666667461395266,"poses":{"Left Leg":{"Weight":1,"CFrame":[-0.47250428795814516,0.5951640605926514,0.009360790252685547,0.9861418604850769,0.12244652211666107,0.1119418740272522,-0.13190461695194245,0.9879162907600403,0.0813789814710617,-0.10062481462955475,-0.09501690417528153,0.9903769493103027],"EasingStyle":"Linear","EasingDirection":"In"},"Head":{"Weight":1,"CFrame":[9.313225746154785e-8,-1.4901161193847657e-8,0,0.7269753813743591,-0.6823644042015076,0.07671795040369034,0.6863189935684204,0.7256001234054565,-0.049706198275089267,-0.021748829632997514,0.08878815919160843,0.9958130717277527],"EasingStyle":"Linear","EasingDirection":"In"},"Right Arm":{"Weight":1,"CFrame":[0.02238982915878296,-0.48350071907043459,0.3925725221633911,0.7995589375495911,0.20537970960140229,-0.5643799304962158,0.3964121639728546,0.5254718661308289,0.7528192400932312,0.45117950439453127,-0.8256503939628601,0.33873072266578677],"EasingStyle":"Linear","EasingDirection":"In"},"Left Arm":{"Weight":1,"CFrame":[-0.10210871696472168,-0.6221587657928467,0.32181620597839358,-0.41124966740608218,0.8871541619300842,-0.20935867726802827,-0.4624584913253784,-0.005143615882843733,0.8866260051727295,0.7854971885681152,0.4614444673061371,0.4123872220516205],"EasingStyle":"Linear","EasingDirection":"In"},"handle":{"Weight":1,"CFrame":[0.2760449945926666,-2.539367437362671,-0.4099719524383545,0.8962671160697937,-0.015877924859523774,0.4432303309440613,0.12643107771873475,0.9670401811599731,-0.22101695835590363,-0.4251122772693634,0.2541283071041107,0.8687337636947632],"EasingStyle":"Linear","EasingDirection":"In"},"Torso":{"Weight":1,"CFrame":[0.055151790380477908,-0.2441893368959427,0.821955680847168,0.7673885822296143,0.6300872564315796,-0.11876360327005387,-0.6410645842552185,0.7504222393035889,-0.16094300150871278,-0.012285292148590088,0.19964097440242768,0.9797921180725098],"EasingStyle":"Linear","EasingDirection":"In"},"HumanoidRootPart":{"Weight":0,"CFrame":[0,0,0,1,0,0,0,1,0,0,0,1],"EasingStyle":"Linear","EasingDirection":"In"},"Right Leg":{"Weight":1,"CFrame":[0.5396044850349426,0.4971640110015869,0.059735655784606937,0.8699256777763367,0.3696553707122803,-0.32647228240966799,-0.23155568540096284,0.8906095027923584,0.39140334725379946,0.43544378876686098,-0.2648954689502716,0.8603599667549133],"EasingStyle":"Linear","EasingDirection":"In"}}},{"Time":0.4000000059604645,"poses":{"Left Leg":{"Weight":1,"CFrame":[-0.46449461579322817,0.5876120328903198,0.045928359031677249,0.9841198325157166,0.13304917514324189,0.11749925464391709,-0.13645167648792268,0.9904162287712097,0.021368296816945077,-0.11353018879890442,-0.037061866372823718,0.9928430318832398],"EasingStyle":"Linear","EasingDirection":"In"},"Head":{"Weight":1,"CFrame":[7.450580596923828e-8,2.9802322387695315e-8,4.76837158203125e-7,0.742458164691925,-0.6656430959701538,0.07533316314220429,0.6690149307250977,0.742536187171936,-0.03254270181059837,-0.034275755286216739,0.07456060498952866,0.9966272711753845],"EasingStyle":"Linear","EasingDirection":"In"},"Right Arm":{"Weight":1,"CFrame":[0.0288846492767334,-0.4897472560405731,0.403231143951416,0.8048429489135742,0.20022106170654298,-0.5586944818496704,0.4146851897239685,0.48372888565063479,0.7707415819168091,0.42457515001296999,-0.8520081639289856,0.30629709362983706],"EasingStyle":"Linear","EasingDirection":"In"},"Left Arm":{"Weight":1,"CFrame":[-0.09668612480163574,-0.620220959186554,0.3152894973754883,-0.3386882245540619,0.9131810665130615,-0.2266952246427536,-0.47868427634239199,0.040191520005464557,0.8770667314529419,0.8100318908691406,0.4055674970149994,0.42351290583610537],"EasingStyle":"Linear","EasingDirection":"In"},"handle":{"Weight":1,"CFrame":[0.34718504548072817,-2.5058834552764894,-0.42692023515701296,0.8948051929473877,-0.038820765912532809,0.4447658061981201,0.15511372685432435,0.9611856341362,-0.22817088663578034,-0.4186447858810425,0.2731577754020691,0.8660954833030701],"EasingStyle":"Linear","EasingDirection":"In"},"Torso":{"Weight":1,"CFrame":[-0.004648774862289429,-0.25869959592819216,0.7649836540222168,0.7731006145477295,0.6134548187255859,-0.16121000051498414,-0.6337745785713196,0.7572916150093079,-0.1576041728258133,0.02539992332458496,0.22401466965675355,0.9742547273635864],"EasingStyle":"Linear","EasingDirection":"In"},"HumanoidRootPart":{"Weight":0,"CFrame":[0,0,0,1,0,0,0,1,0,0,0,1],"EasingStyle":"Linear","EasingDirection":"In"},"Right Leg":{"Weight":1,"CFrame":[0.5459524989128113,0.538580060005188,0.029129743576049806,0.8695996999740601,0.3695330321788788,-0.3274778425693512,-0.20703181624412538,0.8750046491622925,0.43761250376701357,0.44825688004493716,-0.31274938583374026,0.8374088406562805],"EasingStyle":"Linear","EasingDirection":"In"}}},{"Time":0.4333333373069763,"poses":{"Left Leg":{"Weight":1,"CFrame":[-0.4528576135635376,0.5791435241699219,0.07761287689208985,0.981349766254425,0.14635971188545228,0.12462521344423294,-0.14392338693141938,0.9891817569732666,-0.02838229201734066,-0.12743133306503297,0.009916480630636216,0.9917978644371033],"EasingStyle":"Linear","EasingDirection":"In"},"Head":{"Weight":1,"CFrame":[8.940696716308594e-8,1.4901161193847657e-8,1.1920928955078126e-7,0.7651987075805664,-0.6395295262336731,0.07398054748773575,0.6416388154029846,0.7669799327850342,-0.00641929404810071,-0.052636221051216128,0.05238086357712746,0.9972390532493591],"EasingStyle":"Linear","EasingDirection":"In"},"Right Arm":{"Weight":1,"CFrame":[0.03457212448120117,-0.49549299478530886,0.41280853748321535,0.8103887438774109,0.1905078887939453,-0.554054856300354,0.4324716329574585,0.44348159432411196,0.7850428819656372,0.3952699303627014,-0.8758029341697693,0.27700337767601015],"EasingStyle":"Linear","EasingDirection":"In"},"Left Arm":{"Weight":1,"CFrame":[-0.09144783020019531,-0.6180689930915833,0.30822479724884035,-0.24374736845493318,0.9373055696487427,-0.24908936023712159,-0.4961244463920593,0.10017933696508408,0.8624526262283325,0.833335280418396,0.33379989862442019,0.44060176610946658],"EasingStyle":"Linear","EasingDirection":"In"},"handle":{"Weight":1,"CFrame":[0.4001101553440094,-2.4786288738250734,-0.4463902711868286,0.8937930464744568,-0.05596395954489708,0.4449743628501892,0.17947575449943543,0.9539043307304382,-0.24053053557872773,-0.4110018014907837,0.29484662413597109,0.8626371622085571],"EasingStyle":"Linear","EasingDirection":"In"},"Torso":{"Weight":1,"CFrame":[-0.06553351879119873,-0.2770838439464569,0.7157607078552246,0.7819975018501282,0.5907330513000488,-0.1987825334072113,-0.6207227110862732,0.7669875025749207,-0.16258352994918824,0.05642027407884598,0.2505287230014801,0.9664636850357056],"EasingStyle":"Linear","EasingDirection":"In"},"HumanoidRootPart":{"Weight":0,"CFrame":[0,0,0,1,0,0,0,1,0,0,0,1],"EasingStyle":"Linear","EasingDirection":"In"},"Right Leg":{"Weight":1,"CFrame":[0.5470773577690125,0.5667645931243897,0.00440669059753418,0.8708808422088623,0.36560770869255068,-0.3284773528575897,-0.1848905086517334,0.862931489944458,0.4702814817428589,0.45539215207099917,-0.34882694482803347,0.8191080093383789],"EasingStyle":"Linear","EasingDirection":"In"}}},{"Time":0.46666666865348818,"poses":{"Left Leg":{"Weight":1,"CFrame":[-0.43774497509002688,0.5758661031723023,0.09955954551696778,0.9776676893234253,0.15975576639175416,0.13654303550720216,-0.15315841138362885,0.9865216612815857,-0.057597432285547259,-0.14390425384044648,0.035398419946432117,0.9889582991600037],"EasingStyle":"Linear","EasingDirection":"In"},"Head":{"Weight":1,"CFrame":[8.940696716308594e-8,2.9802322387695315e-8,1.1920928955078126e-7,0.7924883961677551,-0.6054337620735169,0.07356610149145127,0.6053071022033691,0.7955490946769714,0.026552928611636163,-0.07460148632526398,0.0234871543943882,0.9969367980957031],"EasingStyle":"Linear","EasingDirection":"In"},"Right Arm":{"Weight":1,"CFrame":[0.03938227891921997,-0.5005685091018677,0.42110157012939455,0.8159232139587402,0.1757211536169052,-0.5508097410202026,0.44967615604400637,0.40593865513801577,0.7956162691116333,0.36340147256851199,-0.8968477249145508,0.25219711661338808],"EasingStyle":"Linear","EasingDirection":"In"},"Left Arm":{"Weight":1,"CFrame":[-0.08640614151954651,-0.6156941652297974,0.3006269931793213,-0.1306905597448349,0.9531769752502441,-0.27271535992622378,-0.5096126794815064,0.17136651277542115,0.8431657552719116,0.8504204154014587,0.2491728812456131,0.46335500478744509],"EasingStyle":"Linear","EasingDirection":"In"},"handle":{"Weight":1,"CFrame":[0.421454519033432,-2.4643402099609377,-0.4660511016845703,0.8941986560821533,-0.06346400082111359,0.44314897060394289,0.19570566713809968,0.9457157254219055,-0.2594631016254425,-0.4026263952255249,0.31873834133148196,0.8580780029296875],"EasingStyle":"Linear","EasingDirection":"In"},"Torso":{"Weight":1,"CFrame":[-0.13132095336914063,-0.2996792793273926,0.6827352046966553,0.7946624755859375,0.562873125076294,-0.22734427452087403,-0.6021975874900818,0.778203547000885,-0.1782054603099823,0.07661305367946625,0.2785193920135498,0.9573700428009033],"EasingStyle":"Linear","EasingDirection":"In"},"HumanoidRootPart":{"Weight":0,"CFrame":[0,0,0,1,0,0,0,1,0,0,0,1],"EasingStyle":"Linear","EasingDirection":"In"},"Right Leg":{"Weight":1,"CFrame":[0.546654224395752,0.5757763385772705,-0.007088661193847656,0.8740649223327637,0.3600687086582184,-0.32613036036491396,-0.17407919466495515,0.8588727116584778,0.481699138879776,0.45354926586151125,-0.3642638325691223,0.8133909702301025],"EasingStyle":"Linear","EasingDirection":"In"}}},{"Time":0.5,"poses":{"Left Leg":{"Weight":1,"CFrame":[-0.418980211019516,0.5705156922340393,0.10476231575012207,0.972545862197876,0.1795983761548996,0.14798298478126527,-0.17223425209522248,0.983148992061615,-0.06126541644334793,-0.15649262070655824,0.034095652401447299,0.9870904684066773],"EasingStyle":"Linear","EasingDirection":"In"},"Head":{"Weight":1,"CFrame":[8.940696716308594e-8,7.450580596923828e-8,-1.1920928955078126e-7,0.8216356039047241,-0.5650773048400879,0.07485070824623108,0.5615317225456238,0.8249695301055908,0.06408821046352387,-0.0979643315076828,-0.010626113042235375,0.9951332211494446],"EasingStyle":"Linear","EasingDirection":"In"},"Right Arm":{"Weight":1,"CFrame":[0.04324546456336975,-0.5048078894615173,0.4279062747955322,0.8211100101470947,0.15535315871238709,-0.5492210984230042,0.4663185775279999,0.3722763955593109,0.8024694323539734,0.3291281759738922,-0.9150276780128479,0.2332358956336975],"EasingStyle":"Linear","EasingDirection":"In"},"Left Arm":{"Weight":1,"CFrame":[-0.08157375454902649,-0.6130896806716919,0.29250049591064455,-0.005513399373739958,0.9558197259902954,-0.2939020097255707,-0.514935314655304,0.24922993779182435,0.8201987147331238,0.8572112917900086,0.15586254000663758,0.490811288356781],"EasingStyle":"Linear","EasingDirection":"In"},"handle":{"Weight":1,"CFrame":[0.40837138891220095,-2.4726016521453859,-0.48517459630966189,0.8997009992599487,-0.06585288047790528,0.4315108358860016,0.20471107959747315,0.9367573857307434,-0.2838643789291382,-0.3855275809764862,0.34372809529304507,0.8562822937965393],"EasingStyle":"Linear","EasingDirection":"In"},"Torso":{"Weight":1,"CFrame":[-0.21019452810287476,-0.32037603855133059,0.6800134181976318,0.8156431317329407,0.523340106010437,-0.24666054546833039,-0.5715301632881165,0.7950794696807861,-0.20298229157924653,0.08988595753908158,0.3065350651741028,0.9476057887077332],"EasingStyle":"Linear","EasingDirection":"In"},"HumanoidRootPart":{"Weight":0,"CFrame":[0,0,0,1,0,0,0,1,0,0,0,1],"EasingStyle":"Linear","EasingDirection":"In"},"Right Leg":{"Weight":1,"CFrame":[0.5430806279182434,0.5595695972442627,0.00305783748626709,0.8764387369155884,0.3571150004863739,-0.3229922354221344,-0.18061037361621858,0.8656229376792908,0.46698689460754397,0.4463575482368469,-0.35094979405403139,0.823164165019989],"EasingStyle":"Linear","EasingDirection":"In"}}},{"Time":0.5333333611488342,"poses":{"Left Leg":{"Weight":1,"CFrame":[-0.396397203207016,0.5527796149253845,0.09446120262145996,0.9652713537216187,0.21174924075603486,0.15301474928855897,-0.20687691867351533,0.9772240519523621,-0.047276660799980167,-0.15954062342643739,0.013979575596749783,0.9870923757553101],"EasingStyle":"Linear","EasingDirection":"In"},"Head":{"Weight":1,"CFrame":[2.9802322387695315e-8,1.4901161193847657e-7,0,0.8501787185668945,-0.5206450819969177,0.07826186716556549,0.5124670267105103,0.8524178862571716,0.10373640060424805,-0.12072163820266724,-0.04808778315782547,0.9915210008621216],"EasingStyle":"Linear","EasingDirection":"In"},"Right Arm":{"Weight":1,"CFrame":[0.04609140753746033,-0.5080432891845703,0.43301892280578616,0.8255485892295837,0.12888260185718537,-0.5494167804718018,0.48253774642944338,0.34360960125923159,0.8056610226631165,0.2926207184791565,-0.9302266836166382,0.22147585451602937],"EasingStyle":"Linear","EasingDirection":"In"},"Left Arm":{"Weight":1,"CFrame":[-0.07696250081062317,-0.6102473139762878,0.2838500738143921,0.12444360554218292,0.9426833391189575,-0.309615820646286,-0.5096093416213989,0.3284635543823242,0.7952420711517334,0.8513590097427368,0.05882030725479126,0.5212754011154175],"EasingStyle":"Linear","EasingDirection":"In"},"handle":{"Weight":1,"CFrame":[0.3738099932670593,-2.5015039443969728,-0.5057342648506165,0.9107047915458679,-0.07008910179138184,0.4070679843425751,0.20991456508636475,0.927284300327301,-0.3099670708179474,-0.3557423949241638,0.3677380681037903,0.8591950535774231],"EasingStyle":"Linear","EasingDirection":"In"},"Torso":{"Weight":1,"CFrame":[-0.3001280426979065,-0.3357786536216736,0.7173886299133301,0.8445021510124207,0.4689582884311676,-0.25863930583000185,-0.5255957245826721,0.8184332251548767,-0.2321985960006714,0.102787546813488,0.33203187584877016,0.9376510381698608],"EasingStyle":"Linear","EasingDirection":"In"},"HumanoidRootPart":{"Weight":0,"CFrame":[0,0,0,1,0,0,0,1,0,0,0,1],"EasingStyle":"Linear","EasingDirection":"In"},"Right Leg":{"Weight":1,"CFrame":[0.5328523516654968,0.521553754