{"Sequence":[{"Time":0,"poses":{"Left Leg":{"Weight":1,"CFrame":[-0.2628887891769409,0.11021417379379273,0.04046177864074707,0.9903464317321777,0.04098333418369293,0.1324169784784317,-0.040286824107170108,0.999156653881073,-0.007936334237456322,-0.13263067603111268,0.0025250669568777086,0.9911623597145081],"EasingStyle":"Constant","EasingDirection":"In"},"Right Arm":{"Weight":1,"CFrame":[0.49169450998306277,-0.4536648988723755,0.07231879234313965,-0.33895429968833926,-0.8434869050979614,-0.41670113801956179,0.8814829587936401,-0.43951931595802309,0.17265714704990388,-0.3287823498249054,-0.30879220366477969,0.8924962878227234],"EasingStyle":"Constant","EasingDirection":"In"},"Head":{"Weight":1,"CFrame":[5.960464477539063e-8,-8.195638656616211e-8,0,0.9867712259292603,-0.16189244389533997,0.008575120940804482,0.16136035323143006,0.9858885407447815,0.04457229748368263,-0.015670038759708406,-0.04259897768497467,0.9989693760871887],"EasingStyle":"Constant","EasingDirection":"In"},"Right Leg":{"Weight":1,"CFrame":[0.15520645678043366,0.1448533535003662,0.04606962203979492,0.9585692286491394,-0.16630259156227113,-0.23127588629722596,0.17885074019432069,0.9832803010940552,0.034239545464515689,0.22171500325202943,-0.07418486475944519,0.9722855091094971],"EasingStyle":"Constant","EasingDirection":"In"},"Torso":{"Weight":1,"CFrame":[0.2349003553390503,0.2064868062734604,-0.09749650955200196,0.7464342713356018,0.6594690680503845,-0.08908688277006149,-0.6652151346206665,0.743069589138031,-0.07305137813091278,0.018022628501057626,0.11378999054431915,0.993341326713562],"EasingStyle":"Constant","EasingDirection":"In"},"HumanoidRootPart":{"Weight":1,"CFrame":[0,0,0,1,0,0,0,1,0,0,0,1],"EasingStyle":"Constant","EasingDirection":"In"},"Left Arm":{"Weight":1,"CFrame":[-0.6894531846046448,-0.7057769298553467,0.1124868392944336,-0.5017589330673218,0.8649172186851502,0.012495356611907483,-0.696489691734314,-0.41253235936164858,0.5871279835700989,0.5129719376564026,0.28589385747909548,0.8093977570533752],"EasingStyle":"Constant","EasingDirection":"In"}}},{"Time":0.0416666679084301,"poses":{"Left Leg":{"Weight":1,"CFrame":[-0.2628887891769409,0.11021417379379273,0.04046177864074707,0.9903464317321777,0.04098333418369293,0.1324169784784317,-0.040286824107170108,0.999156653881073,-0.007936334237456322,-0.13263067603111268,0.0025250669568777086,0.9911623597145081],"EasingStyle":"Constant","EasingDirection":"In"},"Right Arm":{"Weight":1,"CFrame":[0.49169450998306277,-0.4536648988723755,0.07231879234313965,-0.33895429968833926,-0.8434869050979614,-0.41670113801956179,0.8814829587936401,-0.43951931595802309,0.17265714704990388,-0.3287823498249054,-0.30879220366477969,0.8924962878227234],"EasingStyle":"Constant","EasingDirection":"In"},"Head":{"Weight":1,"CFrame":[5.960464477539063e-8,-8.195638656616211e-8,0,0.9867712259292603,-0.16189244389533997,0.008575120940804482,0.16136035323143006,0.9858885407447815,0.04457229748368263,-0.015670038759708406,-0.04259897768497467,0.9989693760871887],"EasingStyle":"Constant","EasingDirection":"In"},"Right Leg":{"Weight":1,"CFrame":[0.15520645678043366,0.1448533535003662,0.04606962203979492,0.9585692286491394,-0.16630259156227113,-0.23127588629722596,0.17885074019432069,0.9832803010940552,0.034239545464515689,0.22171500325202943,-0.07418486475944519,0.9722855091094971],"EasingStyle":"Constant","EasingDirection":"In"},"Torso":{"Weight":1,"CFrame":[0.2349003553390503,0.2064868062734604,-0.09749650955200196,0.7464342713356018,0.6594690680503845,-0.08908688277006149,-0.6652151346206665,0.743069589138031,-0.07305137813091278,0.018022628501057626,0.11378999054431915,0.993341326713562],"EasingStyle":"Constant","EasingDirection":"In"},"HumanoidRootPart":{"Weight":1,"CFrame":[0,0,0,1,0,0,0,1,0,0,0,1],"EasingStyle":"Constant","EasingDirection":"In"},"Left Arm":{"Weight":1,"CFrame":[-0.6894531846046448,-0.7057769298553467,0.1124868392944336,-0.5017589330673218,0.8649172186851502,0.012495356611907483,-0.696489691734314,-0.41253235936164858,0.5871279835700989,0.5129719376564026,0.28589385747909548,0.8093977570533752],"EasingStyle":"Constant","EasingDirection":"In"}}},{"Time":0.0833333358168602,"poses":{"Left Leg":{"Weight":1,"CFrame":[-0.40539491176605227,0.1936708688735962,0.08138394355773926,0.9856089353561401,-0.0448070764541626,0.16299523413181306,0.05145994946360588,0.9979960322380066,-0.036824073642492297,-0.16101881861686707,0.0446818582713604,0.9859395027160645],"EasingStyle":"Constant","EasingDirection":"In"},"Right Arm":{"Weight":1,"CFrame":[0.4430558681488037,-0.5152742266654968,0.1331632137298584,-0.4352416694164276,-0.7672744989395142,-0.4710144102573395,0.8039937615394592,-0.5666817426681519,0.18018309772014619,-0.4051651656627655,-0.3002694547176361,0.8635273575782776],"EasingStyle":"Constant","EasingDirection":"In"},"Head":{"Weight":1,"CFrame":[1.1175870895385742e-7,-7.82310962677002e-8,-5.960464477539063e-8,0.9935429096221924,-0.10958007723093033,0.029406210407614709,0.10864698886871338,0.9935766458511353,0.031645726412534717,-0.0326850526034832,-0.028246499598026277,0.9990664720535278],"EasingStyle":"Constant","EasingDirection":"In"},"Right Leg":{"Weight":1,"CFrame":[0.38522762060165408,0.3286007046699524,0.0443875789642334,0.9843887090682983,-0.07331649214029312,-0.16001175343990327,0.08682318031787873,0.9930776357650757,0.0791119858622551,0.15310361981391908,-0.0917697548866272,0.9839398860931397],"EasingStyle":"Constant","EasingDirection":"In"},"Torso":{"Weight":1,"CFrame":[0.18515044450759889,0.3290564715862274,-0.21839642524719239,0.8334227204322815,0.5432737469673157,-0.10129303485155106,-0.5499957799911499,0.8332845568656921,-0.05604966729879379,0.05395560711622238,0.10242382436990738,0.9932764768600464],"EasingStyle":"Constant","EasingDirection":"In"},"HumanoidRootPart":{"Weight":1,"CFrame":[0,0,0,1,0,0,0,1,0,0,0,1],"EasingStyle":"Constant","EasingDirection":"In"},"Left Arm":{"Weight":1,"CFrame":[-0.6592629551887512,-0.8625129461288452,0.1870499849319458,-0.6196470856666565,0.7846523523330689,0.01892993599176407,-0.6014028191566467,-0.4901546835899353,0.6309224367141724,0.5043334364891052,0.3795645833015442,0.7756149768829346],"EasingStyle":"Constant","EasingDirection":"In"}}},{"Time":0.125,"poses":{"Left Leg":{"Weight":1,"CFrame":[-0.40539491176605227,0.1936708688735962,0.08138394355773926,0.9856089353561401,-0.0448070764541626,0.16299523413181306,0.05145994946360588,0.9979960322380066,-0.036824073642492297,-0.16101881861686707,0.0446818582713604,0.9859395027160645],"EasingStyle":"Constant","EasingDirection":"In"},"Right Arm":{"Weight":1,"CFrame":[0.4430558681488037,-0.5152742266654968,0.1331632137298584,-0.4352416694164276,-0.7672744989395142,-0.4710144102573395,0.8039937615394592,-0.5666817426681519,0.18018309772014619,-0.4051651656627655,-0.3002694547176361,0.8635273575782776],"EasingStyle":"Constant","EasingDirection":"In"},"Head":{"Weight":1,"CFrame":[1.1175870895385742e-7,-7.82310962677002e-8,-5.960464477539063e-8,0.9935429096221924,-0.10958007723093033,0.029406210407614709,0.10864698886871338,0.9935766458511353,0.031645726412534717,-0.0326850526034832,-0.028246499598026277,0.9990664720535278],"EasingStyle":"Constant","EasingDirection":"In"},"Right Leg":{"Weight":1,"CFrame":[0.38522762060165408,0.3286007046699524,0.0443875789642334,0.9843887090682983,-0.07331649214029312,-0.16001175343990327,0.08682318031787873,0.9930776357650757,0.0791119858622551,0.15310361981391908,-0.0917697548866272,0.9839398860931397],"EasingStyle":"Constant","EasingDirection":"In"},"Torso":{"Weight":1,"CFrame":[0.18515044450759889,0.3290564715862274,-0.21839642524719239,0.8334227204322815,0.5432737469673157,-0.10129303485155106,-0.5499957799911499,0.8332845568656921,-0.05604966729879379,0.05395560711622238,0.10242382436990738,0.9932764768600464],"EasingStyle":"Constant","EasingDirection":"In"},"HumanoidRootPart":{"Weight":1,"CFrame":[0,0,0,1,0,0,0,1,0,0,0,1],"EasingStyle":"Constant","EasingDirection":"In"},"Left Arm":{"Weight":1,"CFrame":[-0.6592629551887512,-0.8625129461288452,0.1870499849319458,-0.6196470856666565,0.7846523523330689,0.01892993599176407,-0.6014028191566467,-0.4901546835899353,0.6309224367141724,0.5043334364891052,0.3795645833015442,0.7756149768829346],"EasingStyle":"Constant","EasingDirection":"In"}}},{"Time":0.1666666716337204,"poses":{"Left Leg":{"Weight":1,"CFrame":[-0.46757054328918459,0.319543719291687,0.07671606540679932,0.9870522022247315,-0.03293225169181824,0.15698206424713136,0.03141546621918678,0.9994328022003174,0.012134397402405739,-0.1572927087545395,-0.007045574486255646,0.9875270128250122],"EasingStyle":"Constant","EasingDirection":"In"},"Right Arm":{"Weight":1,"CFrame":[0.48109546303749087,-0.7181707620620728,-0.0212133526802063,-0.6315686106681824,-0.7387394309043884,0.23534098267555238,0.7655574083328247,-0.5461750030517578,0.3400217890739441,-0.12265001982450485,0.3949139416217804,0.910494327545166],"EasingStyle":"Constant","EasingDirection":"In"},"Head":{"Weight":1,"CFrame":[5.960464477539063e-8,-2.2351741790771486e-8,1.1920928955078126e-7,0.9905861616134644,-0.13571105897426606,-0.01793285459280014,0.13588476181030274,0.9906851649284363,0.008849537000060082,0.016564853489398958,-0.011203021742403508,0.9998000860214233],"EasingStyle":"Constant","EasingDirection":"In"},"Right Leg":{"Weight":1,"CFrame":[0.42950960993766787,0.36507803201675417,0.04261624813079834,0.9883939623832703,-0.0909738689661026,-0.12166031450033188,0.09629116207361222,0.9946063160896301,0.03855365142226219,0.1174968034029007,-0.049821022897958758,0.9918227791786194],"EasingStyle":"Constant","EasingDirection":"In"},"Torso":{"Weight":1,"CFrame":[0.15011659264564515,0.39656347036361697,-0.2858898639678955,0.9239143133163452,0.37785810232162478,-0.06004767119884491,-0.38217490911483767,0.91884446144104,-0.09832219779491425,0.018022626638412477,0.11378999054431915,0.993341326713562],"EasingStyle":"Constant","EasingDirection":"In"},"HumanoidRootPart":{"Weight":1,"CFrame":[0,0,0,1,0,0,0,1,0,0,0,1],"EasingStyle":"Constant","EasingDirection":"In"},"Left Arm":{"Weight":1,"CFrame":[-0.6659214496612549,-0.9962307810783386,0.2437880039215088,-0.724342942237854,0.6886423230171204,0.033152416348457339,-0.49418509006500246,-0.5521326065063477,0.6715139746665955,0.4807373881340027,0.47002294659614565,0.7402499318122864],"EasingStyle":"Constant","EasingDirection":"In"}}},{"Time":0.2083333283662796,"poses":{"Left Leg":{"Weight":1,"CFrame":[-0.42950981855392458,0.3650780916213989,0.042617082595825198,0.9883718490600586,0.0912122130393982,0.12166105955839157,-0.09653104096651077,0.9945830702781677,0.038553204387426379,-0.11748547106981278,-0.04984894394874573,0.9918226599693298],"EasingStyle":"Constant","EasingDirection":"In"},"Right Arm":{"Weight":1,"CFrame":[0.6659215092658997,-0.9962305426597595,0.2437880039215088,-0.7243428826332092,-0.6886423826217651,-0.03315243124961853,0.4941849708557129,-0.5521323084831238,0.6715142130851746,-0.4807376265525818,0.4700230062007904,0.7402496337890625],"EasingStyle":"Constant","EasingDirection":"In"},"Head":{"Weight":1,"CFrame":[1.1175870895385742e-7,-2.9802322387695315e-8,1.1920928955078126e-7,0.9905862212181091,0.1357109248638153,0.01793302223086357,-0.13588470220565797,0.9906851649284363,0.008849537000060082,-0.016565022990107538,-0.011203036643564701,0.9998000264167786],"EasingStyle":"Constant","EasingDirection":"In"},"Right Leg":{"Weight":1,"CFrame":[0.4675710201263428,0.3195439577102661,0.07671642303466797,0.9870442748069763,0.03317069262266159,-0.1569817066192627,-0.03165692090988159,0.9994251728057861,0.01213468424975872,0.15729399025440217,-0.00700792670249939,0.9875270128250122],"EasingStyle":"Constant","EasingDirection":"In"},"Torso":{"Weight":1,"CFrame":[-0.15011657774448396,0.39656347036361697,-0.2858898639678955,0.9239143133163452,-0.37785807251930239,0.06004750728607178,0.38217487931251528,0.91884446144104,-0.09832227230072022,-0.0180224496871233,0.11378998309373856,0.9933414459228516],"EasingStyle":"Constant","EasingDirection":"In"},"HumanoidRootPart":{"Weight":1,"CFrame":[0,0,0,1,0,0,0,1,0,0,0,1],"EasingStyle":"Constant","EasingDirection":"In"},"Left Arm":{"Weight":1,"CFrame":[-0.4810955226421356,-0.7181708812713623,-0.021213412284851075,-0.6315684914588928,0.7387393712997437,-0.23534098267555238,-0.7655575275421143,-0.5461751818656921,0.3400215208530426,0.12264992296695709,0.3949138820171356,0.9104944467544556],"EasingStyle":"Constant","EasingDirection":"In"}}},{"Time":0.25,"poses":{"Left Leg":{"Weight":1,"CFrame":[-0.42950981855392458,0.3650780916213989,0.042617082595825198,0.9883718490600586,0.0912122130393982,0.12166105955839157,-0.09653104096651077,0.9945830702781677,0.038553204387426379,-0.11748547106981278,-0.04984894394874573,0.9918226599693298],"EasingStyle":"Constant","EasingDirection":"In"},"Right Arm":{"Weight":1,"CFrame":[0.6659215092658997,-0.9962305426597595,0.2437880039215088,-0.7243428826332092,-0.6886423826217651,-0.03315243124961853,0.4941849708557129,-0.5521323084831238,0.6715142130851746,-0.4807376265525818,0.4700230062007904,0.7402496337890625],"EasingStyle":"Constant","EasingDirection":"In"},"Head":{"Weight":1,"CFrame":[1.1175870895385742e-7,-2.9802322387695315e-8,1.1920928955078126e-7,0.9905862212181091,0.1357109248638153,0.01793302223086357,-0.13588470220565797,0.9906851649284363,0.008849537000060082,-0.016565022990107538,-0.011203036643564701,0.9998000264167786],"EasingStyle":"Constant","EasingDirection":"In"},"Right Leg":{"Weight":1,"CFrame":[0.4675710201263428,0.3195439577102661,0.07671642303466797,0.9870442748069763,0.03317069262266159,-0.1569817066192627,-0.03165692090988159,0.9994251728057861,0.01213468424975872,0.15729399025440217,-0.00700792670249939,0.9875270128250122],"EasingStyle":"Constant","EasingDirection":"In"},"Torso":{"Weight":1,"CFrame":[-0.15011657774448396,0.39656347036361697,-0.2858898639678955,0.9239143133163452,-0.37785807251930239,0.06004750728607178,0.38217487931251528,0.91884446144104,-0.09832227230072022,-0.0180224496871233,0.11378998309373856,0.9933414459228516],"EasingStyle":"Constant","EasingDirection":"In"},"HumanoidRootPart":{"Weight":1,"CFrame":[0,0,0,1,0,0,0,1,0,0,0,1],"EasingStyle":"Constant","EasingDirection":"In"},"Left Arm":{"Weight":1,"CFrame":[-0.4810955226421356,-0.7181708812713623,-0.021213412284851075,-0.6315684914588928,0.7387393712997437,-0.23534098267555238,-0.7655575275421143,-0.5461751818656921,0.3400215208530426,0.12264992296695709,0.3949138820171356,0.9104944467544556],"EasingStyle":"Constant","EasingDirection":"In"}}},{"Time":0.2916666567325592,"poses":{"Left Leg":{"Weight":1,"CFrame":[-0.3852274417877197,0.32860052585601809,0.04438793659210205,0.9843710064888,0.07355375587940216,0.16001203656196595,-0.08706258237361908,0.9930567145347595,0.07911157608032227,-0.1530819535255432,-0.09180619567632675,0.9839397668838501],"EasingStyle":"Constant","EasingDirection":"In"},"Right Arm":{"Weight":1,"CFrame":[0.6592628955841065,-0.86251300573349,0.18705010414123536,-0.6196470856666565,-0.7846523523330689,-0.01893000863492489,0.6014026999473572,-0.4901544153690338,0.6309225559234619,-0.50433349609375,0.3795645236968994,0.775614857673645],"EasingStyle":"Constant","EasingDirection":"In"},"Head":{"Weight":1,"CFrame":[6.705522537231445e-8,-8.195638656616211e-8,-5.960464477539063e-8,0.9935429096221924,0.10957993566989899,-0.02940603718161583,-0.10864697396755219,0.9935765862464905,0.031645726412534717,0.03268488124012947,-0.028246533125638963,0.9990665316581726],"EasingStyle":"Constant","EasingDirection":"In"},"Right Leg":{"Weight":1,"CFrame":[0.40539517998695376,0.19367098808288575,0.08138370513916016,0.9855981469154358,0.04504518210887909,-0.16299453377723695,-0.051701001822948459,0.9979835748672485,-0.036823954433202746,0.16100715100765229,0.04472057521343231,0.9859395027160645],"EasingStyle":"Constant","EasingDirection":"In"},"Torso":{"Weight":1,"CFrame":[-0.18515044450759889,0.3290564715862274,-0.21839642524719239,0.8334227204322815,-0.5432737469673157,0.10129290074110031,0.5499957799911499,0.8332845568656921,-0.05604977160692215,-0.05395543575286865,0.10242382436990738,0.9932765960693359],"EasingStyle":"Constant","EasingDirection":"In"},"HumanoidRootPart":{"Weight":1,"CFrame":[0,0,0,1,0,0,0,1,0,0,0,1],"EasingStyle":"Constant","EasingDirection":"In"},"Left Arm":{"Weight":1,"CFrame":[-0.44305601716041567,-0.515274703502655,0.1331632137298584,-0.4352417290210724,0.7672744393348694,0.4710144102573395,-0.803993821144104,-0.5666816830635071,0.18018290400505067,0.405164897441864,-0.30026960372924807,0.8635274171829224],"EasingStyle":"Constant","EasingDirection":"In"}}},{"Time":0.3333333432674408,"poses":{"Left Leg":{"Weight":1,"CFrame":[-0.3852274417877197,0.32860052585601809,0.04438793659210205,0.9843710064888,0.07355375587940216,0.16001203656196595,-0.08706258237361908,0.9930567145347595,0.07911157608032227,-0.1530819535255432,-0.09180619567632675,0.9839397668838501],"EasingStyle":"Constant","EasingDirection":"In"},"Right Arm":{"Weight":1,"CFrame":[0.6592628955841065,-0.86251300573349,0.18705010414123536,-0.6196470856666565,-0.7846523523330689,-0.01893000863492489,0.6014026999473572,-0.4901544153690338,0.6309225559234619,-0.50433349609375,0.3795645236968994,0.775614857673645],"EasingStyle":"Constant","EasingDirection":"In"},"Head":{"Weight":1,"CFrame":[6.705522537231445e-8,-8.195638656616211e-8,-5.960464477539063e-8,0.9935429096221924,0.10957993566989899,-0.02940603718161583,-0.10864697396755219,0.9935765862464905,0.031645726412534717,0.03268488124012947,-0.028246533125638963,0.9990665316581726],"EasingStyle":"Constant","EasingDirection":"In"},"Right Leg":{"Weight":1,"CFrame":[0.40539517998695376,0.19367098808288575,0.08138370513916016,0.9855981469154358,0.04504518210887909,-0.16299453377723695,-0.051701001822948459,0.9979835748672485,-0.036823954433202746,0.16100715100765229,0.04472057521343231,0.9859395027160645],"EasingStyle":"Constant","EasingDirection":"In"},"Torso":{"Weight":1,"CFrame":[-0.18515044450759889,0.3290564715862274,-0.21839642524719239,0.8334227204322815,-0.5432737469673157,0.10129290074110031,0.5499957799911499,0.8332845568656921,-0.05604977160692215,-0.05395543575286865,0.10242382436990738,0.9932765960693359],"EasingStyle":"Constant","EasingDirection":"In"},"HumanoidRootPart":{"Weight":1,"CFrame":[0,0,0,1,0,0,0,1,0,0,0,1],"EasingStyle":"Constant","EasingDirection":"In"},"Left Arm":{"Weight":1,"CFrame":[-0.44305601716041567,-0.515274703502655,0.1331632137298584,-0.4352417290210724,0.7672744393348694,0.4710144102573395,-0.803993821144104,-0.5666816830635071,0.18018290400505067,0.405164897441864,-0.30026960372924807,0.8635274171829224],"EasingStyle":"Constant","EasingDirection":"In"}}},{"Time":0.375,"poses":{"Left Leg":{"Weight":1,"CFrame":[-0.15522649884223939,0.1448647379875183,0.04607439041137695,0.9585313200950623,0.16651999950408936,0.2312764674425125,-0.179073765873909,0.9832396507263184,0.03423909470438957,-0.22169886529445649,-0.07423480600118637,0.9722854495048523],"EasingStyle":"Constant","EasingDirection":"In"},"Right Arm":{"Weight":1,"CFrame":[0.689453125,-0.7057766914367676,0.11248695850372315,-0.5017589330673218,-0.8649172782897949,-0.012495428323745728,0.6964895725250244,-0.4125322699546814,0.587128221988678,-0.5129720568656921,0.28589388728141787,0.8093975782394409],"EasingStyle":"Constant","EasingDirection":"In"},"Head":{"Weight":1,"CFrame":[6.705522537231445e-8,-7.450580596923828e-8,0,0.9867711663246155,0.16198652982711793,-0.00655787531286478,-0.16136020421981812,0.9852569103240967,0.05684833973646164,0.01566985994577408,-0.055038128048181537,0.998361349105835],"EasingStyle":"Constant","EasingDirection":"In"},"Right Leg":{"Weight":1,"CFrame":[0.2628852427005768,0.11021250486373902,0.04046177864074707,0.9903563261032105,-0.04074699059128761,-0.13241620361804963,0.040048278868198398,0.9991661906242371,-0.007936142385005951,0.13262930512428285,0.002556528663262725,0.9911624193191528],"EasingStyle":"Constant","EasingDirection":"In"},"Torso":{"Weight":1,"CFrame":[-0.2349003553390503,0.2064868062734604,-0.09749650955200196,0.7464342713356018,-0.6594690680503845,0.08908675611019135,0.6652151346206665,0.743069589138031,-0.07305150479078293,-0.018022453412413598,0.11378999054431915,0.9933414459228516],"EasingStyle":"Constant","EasingDirection":"In"},"HumanoidRootPart":{"Weight":1,"CFrame":[0,0,0,1,0,0,0,1,0,0,0,1],"EasingStyle":"Constant","EasingDirection":"In"},"Left Arm":{"Weight":1,"CFrame":[-0.4916945695877075,-0.4536650776863098,0.0723186731338501,-0.33895426988601687,0.8434868454933167,0.41670119762420657,-0.8814830780029297,-0.43951937556266787,0.17265690863132478,0.3287820518016815,-0.30879226326942446,0.8924964070320129],"EasingStyle":"Constant","EasingDirection":"In"}}},{"Time":0.4166666567325592,"poses":{"Left Leg":{"Weight":1,"CFrame":[-0.15522649884223939,0.1448647379875183,0.04607439041137695,0.9585313200950623,0.16651999950408936,0.2312764674425125,-0.179073765873909,0.9832396507263184,0.03423909470438957,-0.22169886529445649,-0.07423480600118637,0.9722854495048523],"EasingStyle":"Constant","EasingDirection":"In"},"Right Arm":{"Weight":1,"CFrame":[0.689453125,-0.7057766914367676,0.11248695850372315,-0.5017589330673218,-0.8649172782897949,-0.012495428323745728,0.6964895725250244,-0.4125322699546814,0.587128221988678,-0.5129720568656921,0.28589388728141787,0.8093975782394409],"EasingStyle":"Constant","EasingDirection":"In"},"Head":{"Weight":1,"CFrame":[6.705522537231445e-8,-7.450580596923828e-8,0,0.9867711663246155,0.16198652982711793,-0.00655787531286478,-0.16136020421981812,0.9852569103240967,0.05684833973646164,0.01566985994577408,-0.055038128048181537,0.998361349105835],"EasingStyle":"Constant","EasingDirection":"In"},"Right Leg":{"Weight":1,"CFrame":[0.2628852427005768,0.11021250486373902,0.04046177864074707,0.9903563261032105,-0.04074699059128761,-0.13241620361804963,0.040048278868198398,0.9991661906242371,-0.007936142385005951,0.13262930512428285,0.002556528663262725,0.9911624193191528],"EasingStyle":"Constant","EasingDirection":"In"},"Torso":{"Weight":1,"CFrame":[-0.2349003553390503,0.2064868062734604,-0.09749650955200196,0.7464342713356018,-0.6594690680503845,0.08908675611019135,0.6652151346206665,0.743069589138031,-0.07305150479078293,-0.018022453412413598,0.11378999054431915,0.9933414459228516],"EasingStyle":"Constant","EasingDirection":"In"},"HumanoidRootPart":{"Weight":1,"CFrame":[0,0,0,1,0,0,0,1,0,0,0,1],"EasingStyle":"Constant","EasingDirection":"In"},"Left Arm":{"Weight":1,"CFrame":[-0.4916945695877075,-0.4536650776863098,0.0723186731338501,-0.33895426988601687,0.8434868454933167,0.41670119762420657,-0.8814830780029297,-0.43951937556266787,0.17265690863132478,0.3287820518016815,-0.30879226326942446,0.8924964070320129],"EasingStyle":"Constant","EasingDirection":"In"}}},{"Time":0.4583333432674408,"poses":{"Left Leg":{"Weight":1,"CFrame":[-0.3852274417877197,0.32860052585601809,0.04438793659210205,0.9843710064888,0.07355375587940216,0.16001203656196595,-0.08706258237361908,0.9930567145347595,0.07911157608032227,-0.1530819535255432,-0.09180619567632675,0.9839397668838501],"EasingStyle":"Constant","EasingDirection":"In"},"Right Arm":{"Weight":1,"CFrame":[0.6592628955841065,-0.86251300573349,0.18705010414123536,-0.6196470856666565,-0.7846523523330689,-0.01893000863492489,0.6014026999473572,-0.4901544153690338,0.6309225559234619,-0.50433349609375,0.3795645236968994,0.775614857673645],"EasingStyle":"Constant","EasingDirection":"In"},"Head":{"Weight":1,"CFrame":[6.705522537231445e-8,-8.195638656616211e-8,-5.960464477539063e-8,0.9935429096221924,0.10957993566989899,-0.02940603718161583,-0.10864697396755219,0.9935765862464905,0.031645726412534717,0.03268488124012947,-0.028246533125638963,0.9990665316581726],"EasingStyle":"Constant","EasingDirection":"In"},"Right Leg":{"Weight":1,"CFrame":[0.40539517998695376,0.19367098808288575,0.08138370513916016,0.9855981469154358,0.04504518210887909,-0.16299453377723695,-0.051701001822948459,0.9979835748672485,-0.036823954433202746,0.16100715100765229,0.04472057521343231,0.9859395027160645],"EasingStyle":"Constant","EasingDirection":"In"},"Torso":{"Weight":1,"CFrame":[-0.18515044450759889,0.3290564715862274,-0.21839642524719239,0.8334227204322815,-0.5432737469673157,0.10129290074110031,0.5499957799911499,0.8332845568656921,-0.05604977160692215,-0.05395543575286865,0.10242382436990738,0.9932765960693359],"EasingStyle":"Constant","EasingDirection":"In"},"HumanoidRootPart":{"Weight":1,"CFrame":[0,0,0,1,0,0,0,1,0,0,0,1],"EasingStyle":"Constant","EasingDirection":"In"},"Left Arm":{"Weight":1,"CFrame":[-0.44305601716041567,-0.515274703502655,0.1331632137298584,-0.4352417290210724,0.7672744393348694,0.4710144102573395,-0.803993821144104,-0.5666816830635071,0.18018290400505067,0.405164897441864,-0.30026960372924807,0.8635274171829224],"EasingStyle":"Constant","EasingDirection":"In"}}},{"Time":0.5,"poses":{"Left Leg":{"Weight":1,"CFrame":[-0.3852274417877197,0.32860052585601809,0.04438793659210205,0.9843710064888,0.07355375587940216,0.16001203656196595,-0.08706258237361908,0.9930567145347595,0.07911157608032227,-0.1530819535255432,-0.09180619567632675,0.9839397668838501],"EasingStyle":"Constant","EasingDirection":"In"},"Right Arm":{"Weight":1,"CFrame":[0.6592628955841065,-0.86251300573349,0.18705010414123536,-0.6196470856666565,-0.7846523523330689,-0.01893000863492489,0.6014026999473572,-0.4901544153690338,0.6309225559234619,-0.50433349609375,0.3795645236968994,0.775614857673645],"EasingStyle":"Constant","EasingDirection":"In"},"Head":{"Weight":1,"CFrame":[6.705522537231445e-8,-8.195638656616211e-8,-5.960464477539063e-8,0.9935429096221924,0.10957993566989899,-0.02940603718161583,-0.10864697396755219,0.9935765862464905,0.031645726412534717,0.03268488124012947,-0.028246533125638963,0.9990665316581726],"EasingStyle":"Constant","EasingDirection":"In"},"Right Leg":{"Weight":1,"CFrame":[0.40539517998695376,0.19367098808288575,0.08138370513916016,0.9855981469154358,0.04504518210887909,-0.16299453377723695,-0.051701001822948459,0.9979835748672485,-0.036823954433202746,0.16100715100765229,0.04472057521343231,0.9859395027160645],"EasingStyle":"Constant","EasingDirection":"In"},"Torso":{"Weight":1,"CFrame":[-0.18515044450759889,0.3290564715862274,-0.21839642524719239,0.8334227204322815,-0.5432737469673157,0.10129290074110031,0.5499957799911499,0.8332845568656921,-0.05604977160692215,-0.05395543575286865,0.10242382436990738,0.9932765960693359],"EasingStyle":"Constant","EasingDirection":"In"},"HumanoidRootPart":{"Weight":1,"CFrame":[0,0,0,1,0,0,0,1,0,0,0,1],"EasingStyle":"Constant","EasingDirection":"In"},"Left Arm":{"Weight":1,"CFrame":[-0.44305601716041567,-0.515274703502655,0.1331632137298584,-0.4352417290210724,0.7672744393348694,0.4710144102573395,-0.803993821144104,-0.5666816830635071,0.18018290400505067,0.405164897441864,-0.30026960372924807,0.8635274171829224],"EasingStyle":"Constant","EasingDirection":"In"}}},{"Time":0.5416666865348816,"poses":{"Left Leg":{"Weight":1,"CFrame":[-0.42950981855392458,0.3650780916213989,0.042617082595825198,0.9883718490600586,0.0912122130393982,0.12166105955839157,-0.09653104096651077,0.9945830702781677,0.038553204387426379,-0.11748547106981278,-0.04984894394874573,0.9918226599693298],"EasingStyle":"Constant","EasingDirection":"In"},"Right Arm":{"Weight":1,"CFrame":[0.6659215092658997,-0.9962305426597595,0.2437880039215088,-0.7243428826332092,-0.6886423826217651,-0.03315243124961853,0.4941849708557129,-0.5521323084831238,0.6715142130851746,-0.4807376265525818,0.4700230062007904,0.7402496337890625],"EasingStyle":"Constant","EasingDirection":"In"},"Head":{"Weight":1,"CFrame":[1.1175870895385742e-7,-2.9802322387695315e-8,1.1920928955078126e-7,0.9905862212181091,0.1357109248638153,0.01793302223086357,-0.13588470220565797,0.9906851649284363,0.008849537000060082,-0.016565022990107538,-0.011203036643564701,0.9998000264167786],"EasingStyle":"Constant","EasingDirection":"In"},"Right Leg":{"Weight":1,"CFrame":[0.4675710201263428,0.3195439577102661,0.07671642303466797,0.9870442748069763,0.03317069262266159,-0.1569817066192627,-0.03165692090988159,0.9994251728057861,0.01213468424975872,0.15729399025440217,-0.00700792670249939,0.9875270128250122],"EasingStyle":"Constant","EasingDirection":"In"},"Torso":{"Weight":1,"CFrame":[-0.15011657774448396,0.39656347036361697,-0.2858898639678955,0.9239143133163452,-0.37785807251930239,0.06004750728607178,0.38217487931251528,0.91884446144104,-0.09832227230072022,-0.0180224496871233,0.11378998309373856,0.9933414459228516],"EasingStyle":"Constant","EasingDirection":"In"},"HumanoidRootPart":{"Weight":1,"CFrame":[0,0,0,1,0,0,0,1,0,0,0,1],"EasingStyle":"Constant","EasingDirection":"In"},"Left Arm":{"Weight":1,"CFrame":[-0.4810955226421356,-0.7181708812713623,-0.021213412284851075,-0.6315684914588928,0.7387393712997437,-0.23534098267555238,-0.7655575275421143,-0.5461751818656921,0.3400215208530426,0.12264992296695709,0.3949138820171356,0.9104944467544556],"EasingStyle":"Constant","EasingDirection":"In"}}},{"Time":0.5833333134651184,"poses":{"Left Leg":{"Weight":1,"CFrame":[-0.46757054328918459,0.319543719291687,0.07671606540679932,0.9870522022247315,-0.03293225169181824,0.15698206424713136,0.03141546621918678,0.9994328022003174,0.012134397402405739,-0.1572927087545395,-0.007045574486255646,0.9875270128250122],"EasingStyle":"Constant","EasingDirection":"In"},"Right Arm":{"Weight":1,"CFrame":[0.48109546303749087,-0.7181707620620728,-0.0212133526802063,-0.6315686106681824,-0.7387394309043884,0.23534098267555238,0.7655574083328247,-0.5461750030517578,0.3400217890739441,-0.12265001982450485,0.3949139416217804,0.910494327545166],"EasingStyle":"Constant","EasingDirection":"In"},"Head":{"Weight":1,"CFrame":[5.960464477539063e-8,-2.2351741790771486e-8,1.1920928955078126e-7,0.9905861616134644,-0.13571105897426606,-0.01793285459280014,0.13588476181030274,0.9906851649284363,0.008849537000060082,0.016564853489398958,-0.011203021742403508,0.9998000860214233],"EasingStyle":"Constant","EasingDirection":"In"},"Right Leg":{"Weight":1,"CFrame":[0.42950960993766787,0.36507803201675417,0.04261624813079834,0.9883939623832703,-0.0909738689661026,-0.12166031450033188,0.09629116207361222,0.9946063160896301,0.03855365142226219,0.1174968034029007,-0.049821022897958758,0.9918227791786194],"EasingStyle":"Constant","EasingDirection":"In"},"Torso":{"Weight":1,"CFrame":[0.15011659264564515,0.39656347036361697,-0.2858898639678955,0.9239143133163452,0.37785810232162478,-0.06004767119884491,-0.38217490911483767,0.91884446144104,-0.09832219779491425,0.018022626638412477,0.11378999054431915,0.993341326713562],"EasingStyle":"Constant","EasingDirection":"In"},"HumanoidRootPart":{"Weight":1,"CFrame":[0,0,0,1,0,0,0,1,0,0,0,1],"EasingStyle":"Constant","EasingDirection":"In"},"Left Arm":{"Weight":1,"CFrame":[-0.6659214496612549,-0.9962307810783386,0.2437880039215088,-0.724342942237854,0.6886423230171204,0.033152416348457339,-0.49418509006500246,-0.5521326065063477,0.6715139746665955,0.4807373881340027,0.47002294659614565,0.7402499318122864],"EasingStyle":"Constant","EasingDirection":"In"}}},{"Time":0.625,"poses":{"Left Leg":{"Weight":1,"CFrame":[-0.46757054328918459,0.319543719291687,0.07671606540679932,0.9870522022247315,-0.03293225169181824,0.15698206424713136,0.03141546621918678,0.9994328022003174,0.012134397402405739,-0.1572927087545395,-0.007045574486255646,0.9875270128250122],"EasingStyle":"Constant","EasingDirection":"In"},"Right Arm":{"Weight":1,"CFrame":[0.48109546303749087,-0.7181707620620728,-0.0212133526802063,-0.6315686106681824,-0.7387394309043884,0.23534098267555238,0.7655574083328247,-0.5461750030517578,0.3400217890739441,-0.12265001982450485,0.3949139416217804,0.910494327545166],"EasingStyle":"Constant","EasingDirection":"In"},"Head":{"Weight":1,"CFrame":[5.960464477539063e-8,-2.2351741790771486e-8,1.1920928955078126e-7,0.9905861616134644,-0.13571105897426606,-0.01793285459280014,0.13588476181030274,0.9906851649284363,0.008849537000060082,0.016564853489398958,-0.011203021742403508,0.9998000860214233],"EasingStyle":"Constant","EasingDirection":"In"},"Right Leg":{"Weight":1,"CFrame":[0.42950960993766787,0.36507803201675417,0.04261624813079834,0.9883939623832703,-0.0909738689661026,-0.12166031450033188,0.09629116207361222,0.9946063160896301,0.03855365142226219,0.1174968034029007,-0.049821022897958758,0.9918227791786194],"EasingStyle":"Constant","EasingDirection":"In"},"Torso":{"Weight":1,"CFrame":[0.15011659264564515,0.39656347036361697,-0.2858898639678955,0.9239143133163452,0.37785810232162478,-0.06004767119884491,-0.38217490911483767,0.91884446144104,-0.09832219779491425,0.018022626638412477,0.11378999054431915,0.993341326713562],"EasingStyle":"Constant","EasingDirection":"In"},"HumanoidRootPart":{"Weight":1,"CFrame":[0,0,0,1,0,0,0,1,0,0,0,1],"EasingStyle":"Constant","EasingDirection":"In"},"Left Arm":{"Weight":1,"CFrame":[-0.6659214496612549,-0.9962307810783386,0.2437880039215088,-0.724342942237854,0.6886423230171204,0.033152416348457339,-0.49418509006500246,-0.5521326065063477,0.6715139746665955,0.4807373881340027,0.47002294659614565,0.7402499318122864],"EasingStyle":"Constant","EasingDirection":"In"}}},{"Time":0.6666666865348816,"poses":{"Left Leg":{"Weight":1,"CFrame":[-0.40539491176605227,0.1936708688735962,0.08138394355773926,0.9856089353561401,-0.0448070764541626,0.16299523413181306,0.05145994946360588,0.9979960322380066,-0.036824073642492297,-0.16101881861686707,0.0446818582713604,0.9859395027160645],"EasingStyle":"Constant","EasingDirection":"In"},"Right Arm":{"Weight":1,"CFrame":[0.4430558681488037,-0.5152742266654968,0.1331632137298584,-0.4352416694164276,-0.7672744989395142,-0.4710144102573395,0.8039937615394592,-0.5666817426681519,0.18018309772014619,-0.4051651656627655,-0.3002694547176361,0.8635273575782776],"EasingStyle":"Constant","EasingDirection":"In"},"Head":{"Weight":1,"CFrame":[1.1175870895385742e-7,-7.82310962677002e-8,-5.960464477539063e-8,0.9935429096221924,-0.10958007723093033,0.029406210407614709,0.10864698886871338,0.9935766458511353,0.031645726412534717,-0.0326850526034832,-0.028246499598026277,0.9990664720535278],"EasingStyle":"Constant","EasingDirection":"In"},"Right Leg":{"Weight":1,"CFrame":[0.38522762060165408,0.3286007046699524,0.0443875789642334,0.9843887090682983,-0.07331649214029312,-0.16001175343990327,0.08682318031787873,0.9930776357650757,0.0791119858622551,0.15310361981391908,-0.0917697548866272,0.9839398860931397],"EasingStyle":"Constant","EasingDirection":"In"},"Torso":{"Weight":1,"CFrame":[0.18515044450759889,0.3290564715862274,-0.21839642524719239,0.8334227204322815,0.5432737469673157,-0.10129303485155106,-0.5499957799911499,0.8332845568656921,-0.05604966729879379,0.05395560711622238,0.10242382436990738,0.9932764768600464],"EasingStyle":"Constant","EasingDirection":"In"},"HumanoidRootPart":{"Weight":1,"CFrame":[0,0,0,1,0,0,0,1,0,0,0,1],"EasingStyle":"Constant","EasingDirection":"In"},"Left Arm":{"Weight":1,"CFrame":[-0.6592629551887512,-0.8625129461288452,0.1870499849319458,-0.6196470856666565,0.7846523523330689,0.01892993599176407,-0.6014028191566467,-0.4901546835899353,0.6309224367141724,0.5043334364891052,0.3795645833015442,0.7756149768829346],"EasingStyle":"Constant","EasingDirection":"In"}}},{"Time":0.7083333134651184,"poses":{"Left Leg":{"Weight":1,"CFrame":[-0.40539491176605227,0.1936708688735962,0.08138394355773926,0.9856089353561401,-0.0448070764541626,0.16299523413181306,0.05145994946360588,0.9979960322380066,-0.036824073642492297,-0.16101881861686707,0.0446818582713604,0.9859395027160645],"EasingStyle":"Constant","EasingDirection":"In"},"Right Arm":{"Weight":1,"CFrame":[0.4430558681488037,-0.5152742266654968,0.1331632137298584,-0.4352416694164276,-0.7672744989395142,-0.4710144102573395,0.8039937615394592,-0.5666817426681519,0.18018309772014619,-0.4051651656627655,-0.3002694547176361,0.8635273575782776],"EasingStyle":"Constant","EasingDirection":"In"},"Head":{"Weight":1,"CFrame":[1.1175870895385742e-7,-7.82310962677002e-8,-5.960464477539063e-8,0.9935429096221924,-0.10958007723093033,0.029406210407614709,0.10864698886871338,0.9935766458511353,0.031645726412534717,-0.0326850526034832,-0.028246499598026277,0.9990664720535278],"EasingStyle":"Constant","EasingDirection":"In"},"Right Leg":{"Weight":1,"CFrame":[0.38522762060165408,0.3286007046699524,0.0443875789642334,0.9843887090682983,-0.07331649214029312,-0.16001175343990327,0.08682318031787873,0.9930776357650757,0.0791119858622551,0.15310361981391908,-0.0917697548866272,0.9839398860931397],"EasingStyle":"Constant","EasingDirection":"In"},"Torso":{"Weight":1,"CFrame":[0.18515044450759889,0.3290564715862274,-0.21839642524719239,0.8334227204322815,0.5432737469673157,-0.10129303485155106,-0.5499957799911499,0.8332845568656921,-0.05604966729879379,0.05395560711622238,0.10242382436990738,0.9932764768600464],"EasingStyle":"Constant","EasingDirection":"In"},"HumanoidRootPart":{"Weight":1,"CFrame":[0,0,0,1,0,0,0,1,0,0,0,1],"EasingStyle":"Constant","EasingDirection":"In"},"Left Arm":{"Weight":1,"CFrame":[-0.6592629551887512,-0.8625129461288452,0.1870499849319458,-0.6196470856666565,0.7846523523330689,0.01892993599176407,-0.6014028191566467,-0.4901546835899353,0.6309224367141724,0.5043334364891052,0.3795645833015442,0.7756149768829346],"EasingStyle":"Constant","EasingDirection":"In"}}},{"Time":0.75,"poses":{"Left Leg":{"Weight":1,"CFrame":[-0.2628887891769409,0.11021417379379273,0.04046177864074707,0.9903464317321777,0.04098333418369293,0.1324169784784317,-0.040286824107170108,0.999156653881073,-0.007936334237456322,-0.13263067603111268,0.0025250669568777086,0.9911623597145081],"EasingStyle":"Constant","EasingDirection":"In"},"Right Arm":{"Weight":1,"CFrame":[0.49169450998306277,-0.4536648988723755,0.07231879234313965,-0.33895429968833926,-0.8434869050979614,-0.41670113801956179,0.8814829587936401,-0.43951931595802309,0.17265714704990388,-0.3287823498249054,-0.30879220366477969,0.8924962878227234],"EasingStyle":"Constant","EasingDirection":"In"},"Head":{"Weight":1,"CFrame":[5.960464477539063e-8,-8.195638656616211e-8,0,0.9867712259292603,-0.16198667883872987,0.006558051332831383,0.16136035323143006,0.9852569103240967,0.05684833601117134,-0.0156700499355793,-0.055038098245859149,0.9983612895011902],"EasingStyle":"Constant","EasingDirection":"In"},"Right Leg":{"Weight":1,"CFrame":[0.15520645678043366,0.1448533535003662,0.04606962203979492,0.9585692286491394,-0.16630259156227113,-0.23127588629722596,0.17885074019432069,0.9832803010940552,0.034239545464515689,0.22171500325202943,-0.07418486475944519,0.9722855091094971],"EasingStyle":"Constant","EasingDirection":"In"},"Torso":{"Weight":1,"CFrame":[0.2349003553390503,0.2064868062734604,-0.09749650955200196,0.7464342713356018,0.6594690680503845,-0.08908688277006149,-0.6652151346206665,0.743069589138031,-0.07305137813091278,0.018022628501057626,0.11378999054431915,0.993341326713562],"EasingStyle":"Constant","EasingDirection":"In"},"HumanoidRootPart":{"Weight":1,"CFrame":[0,0,0,1,0,0,0,1,0,0,0,1],"EasingStyle":"Constant","EasingDirection":"In"},"Left Arm":{"Weight":1,"CFrame":[-0.6894531846046448,-0.7057769298553467,0.1124868392944336,-0.5017589330673218,0.8649172186851502,0.012495356611907483,-0.696489691734314,-0.41253235936164858,0.5871279835700989,0.5129719376564026,0.28589385747909548,0.8093977570533752],"EasingStyle":"Constant","EasingDirection":"In"}}},{"Time":0.7916666865348816,"poses":{"Left Leg":{"Weight":1,"CFrame":[-0.2628887891769409,0.11021417379379273,0.04046177864074707,0.9903464317321777,0.04098333418369293,0.1324169784784317,-0.040286824107170108,0.999156653881073,-0.007936334237456322,-0.13263067603111268,0.0025250669568777086,0.9911623597145081],"EasingStyle":"Constant","EasingDirection":"In"},"Right Arm":{"Weight":1,"CFrame":[0.49169450998306277,-0.4536648988723755,0.07231879234313965,-0.33895429968833926,-0.8434869050979614,-0.41670113801956179,0.8814829587936401,-0.43951931595802309,0.17265714704990388,-0.3287823498249054,-0.30879220366477969,0.8924962878227234],"EasingStyle":"Co