{"Sequence":[{"Time":0,"poses":{"Left Leg":{"Weight":1,"CFrame":[-0.24522973597049714,0.31812286376953127,0.13587069511413575,0.8602288365364075,-0.19779711961746217,0.46998146176338198,0.09616756439208985,0.9680909514427185,0.2314123511314392,-0.5007575750350952,-0.1538705825805664,0.8518014550209045],"EasingStyle":"Linear","EasingDirection":"In"},"Right Arm":{"Weight":1,"CFrame":[-0.02251768484711647,0.043498098850250247,0.3512296676635742,-0.45842501521110537,-0.21965718269348145,-0.8611604571342468,0.8469154834747315,-0.40170466899871828,-0.34837862849235537,-0.269408255815506,-0.8890355825424194,0.370182603597641],"EasingStyle":"Linear","EasingDirection":"In"},"Head":{"Weight":1,"CFrame":[8.754432201385498e-8,-5.587935447692871e-9,-1.1920928955078126e-7,0.9864172339439392,-0.11936534196138382,0.11284075677394867,0.1217578798532486,0.9924535155296326,-0.014529642648994923,-0.11025486141443253,0.02807154320180416,0.9935068488121033],"EasingStyle":"Linear","EasingDirection":"In"},"Right Leg":{"Weight":1,"CFrame":[0.3384864926338196,0.44219982624053957,0.4054434299468994,0.7063788771629334,0.12433129549026489,-0.6968289613723755,-0.28129473328590395,0.9526856541633606,-0.11516743153333664,0.6495400667190552,0.27736613154411318,0.7079306840896606],"EasingStyle":"Linear","EasingDirection":"In"},"Torso":{"Weight":1,"CFrame":[-1.1543692350387574,0.17424586415290833,-0.09465456008911133,0.9647623896598816,0.10410016030073166,0.24165403842926026,-0.10085247457027435,0.9945666790008545,-0.02580495923757553,-0.24302735924720765,0.0005242484621703625,0.9700192809104919],"EasingStyle":"Linear","EasingDirection":"In"},"HumanoidRootPart":{"Weight":1,"CFrame":[0,0,0,1,0,0,0,1,0,0,0,1],"EasingStyle":"Linear","EasingDirection":"In"},"Left Arm":{"Weight":1,"CFrame":[0.10254152119159699,-0.11702263355255127,0.39193642139434817,-0.6014620065689087,0.04474511742591858,0.7976474165916443,-0.778334379196167,-0.25791144371032717,-0.5724311470985413,0.18010880053043366,-0.965131938457489,0.189950630068779],"EasingStyle":"Linear","EasingDirection":"In"}}},{"Time":0.03333333507180214,"poses":{"Left Leg":{"Weight":1,"CFrame":[-0.30754712224006655,0.3425096869468689,0.13685572147369386,0.8810215592384338,-0.21487540006637574,0.4214613735675812,0.11778763681650162,0.96247398853302,0.24447906017303468,-0.4581781327724457,-0.16574835777282716,0.8732699155807495],"EasingStyle":"Linear","EasingDirection":"In"},"Right Arm":{"Weight":1,"CFrame":[0.02946428582072258,-0.0036145150661468508,0.3168433904647827,-0.40635448694229128,-0.44770389795303347,-0.796515703201294,0.8770290017127991,-0.43564778566360476,-0.20256149768829347,-0.2563127875328064,-0.7808791399002075,0.5696767568588257],"EasingStyle":"Linear","EasingDirection":"In"},"Head":{"Weight":1,"CFrame":[3.073364496231079e-8,-9.313225746154785e-9,-2.384185791015625e-7,0.9877837896347046,-0.10964661091566086,0.11072918772697449,0.11156591027975083,0.9936932325363159,-0.01126981433480978,-0.1087951809167862,0.023485731333494188,0.9937866926193237],"EasingStyle":"Linear","EasingDirection":"In"},"Right Leg":{"Weight":1,"CFrame":[0.5079308152198792,0.5010726451873779,0.32491397857666018,0.7827733159065247,0.23414137959480287,-0.5765795707702637,-0.2778502404689789,0.9605385065078735,0.012848365120589733,0.5568351149559021,0.15014532208442689,0.8169400691986084],"EasingStyle":"Linear","EasingDirection":"In"},"Torso":{"Weight":1,"CFrame":[-1.1476397514343262,0.17173904180526734,-0.11714363098144531,0.96467125415802,0.09925361722707749,0.24404561519622804,-0.0950583964586258,0.9950510859489441,-0.028938500210642816,-0.2457100749015808,0.004717557225376368,0.9693319797515869],"EasingStyle":"Linear","EasingDirection":"In"},"HumanoidRootPart":{"Weight":1,"CFrame":[0,0,0,1,0,0,0,1,0,0,0,1],"EasingStyle":"Linear","EasingDirection":"In"},"Left Arm":{"Weight":1,"CFrame":[0.05612708255648613,-0.17631688714027406,0.23429107666015626,-0.5444328188896179,0.31546875834465029,0.7772209644317627,-0.8290019631385803,-0.34360718727111819,-0.44123682379722597,0.12786225974559785,-0.8845415115356445,0.4485952854156494],"EasingStyle":"Linear","EasingDirection":"In"}}},{"Time":0.06666667014360428,"poses":{"Left Leg":{"Weight":1,"CFrame":[-0.45236414670944216,0.39300423860549929,0.11048257350921631,0.9243437647819519,-0.2486807107925415,0.28938984870910647,0.16732807457447053,0.9458084106445313,0.2782943844795227,-0.34291380643844607,-0.20881664752960206,0.9158634543418884],"EasingStyle":"Linear","EasingDirection":"In"},"Right Arm":{"Weight":1,"CFrame":[0.1438245177268982,-0.11201348900794983,0.2411942481994629,-0.2649904489517212,-0.883465051651001,-0.3863542973995209,0.9214377999305725,-0.3500765264034271,0.1685195416212082,-0.2841346859931946,-0.31134533882141116,0.9068250060081482],"EasingStyle":"Linear","EasingDirection":"In"},"Head":{"Weight":1,"CFrame":[2.384185791015625e-7,7.450580596923828e-9,-1.7881393432617188e-7,0.9906817078590393,-0.08527780324220658,0.10619588941335678,0.08620648831129074,0.9962685108184815,-0.004177103750407696,-0.10544340312480927,0.013292948715388775,0.9943364858627319],"EasingStyle":"Linear","EasingDirection":"In"},"Right Leg":{"Weight":1,"CFrame":[0.878857433795929,0.4719617962837219,0.013041377067565918,0.90321284532547,0.407939612865448,-0.1333860605955124,-0.37068748474121096,0.8981066346168518,0.23663310706615449,0.21632695198059083,-0.16428552567958833,0.9623996019363403],"EasingStyle":"Linear","EasingDirection":"In"},"Torso":{"Weight":1,"CFrame":[-1.131794810295105,0.16580840945243836,-0.1668703556060791,0.9643144607543945,0.08772560209035874,0.24980400502681733,-0.0811944454908371,0.9960351586341858,-0.0363517701625824,-0.2520025968551636,0.014771833084523678,0.9676138162612915],"EasingStyle":"Linear","EasingDirection":"In"},"HumanoidRootPart":{"Weight":1,"CFrame":[0,0,0,1,0,0,0,1,0,0,0,1],"EasingStyle":"Linear","EasingDirection":"In"},"Left Arm":{"Weight":1,"CFrame":[-0.030093006789684297,-0.27745822072029116,0.07664608955383301,-0.3256966173648834,0.8745149970054627,0.3593677282333374,-0.9388020038604736,-0.344203382730484,-0.013227715156972409,0.11212767660617829,-0.34168338775634768,0.9331023097038269],"EasingStyle":"Linear","EasingDirection":"In"}}},{"Time":0.10000000149011612,"poses":{"Left Leg":{"Weight":1,"CFrame":[-0.6108746528625488,0.4354315996170044,0.027959227561950685,0.9568389654159546,-0.27203410863876345,0.10225821286439896,0.22708016633987428,0.9194201231002808,0.32109391689300539,-0.18136678636074067,-0.28401434421539309,0.9415105581283569],"EasingStyle":"Linear","EasingDirection":"In"},"Right Arm":{"Weight":1,"CFrame":[0.2581848204135895,-0.23228976130485536,0.16554474830627442,-0.1605609655380249,-0.9535218477249146,0.25498300790786745,0.9078658819198608,-0.0413031242787838,0.417221337556839,-0.38729792833328249,0.2984797954559326,0.8723015785217285],"EasingStyle":"Linear","EasingDirection":"In"},"Head":{"Weight":1,"CFrame":[3.4924596548080447e-8,-2.2351741790771486e-8,2.384185791015625e-7,0.9930453300476074,-0.059071045368909839,0.10184115916490555,0.05907897651195526,0.9982489943504334,0.002940922975540161,-0.10183659195899964,0.0030961944721639158,0.9947963356971741],"EasingStyle":"Linear","EasingDirection":"In"},"Right Leg":{"Weight":1,"CFrame":[1.0314412117004395,0.35200387239456179,-0.2663503885269165,0.8681641221046448,0.4381813704967499,0.23299822211265565,-0.49225300550460818,0.8199860453605652,0.2920787036418915,-0.06307174265384674,-0.3682662844657898,0.9275785684585571],"EasingStyle":"Linear","EasingDirection":"In"},"Torso":{"Weight":1,"CFrame":[-1.1133719682693482,0.15881985425949098,-0.2171945571899414,0.9636315703392029,0.07402578741312027,0.25677689909935,-0.06456664949655533,0.9968942999839783,-0.04508749023079872,-0.2593170404434204,0.026868509128689767,0.9654185175895691],"EasingStyle":"Linear","EasingDirection":"In"},"HumanoidRootPart":{"Weight":1,"CFrame":[0,0,0,1,0,0,0,1,0,0,0,1],"EasingStyle":"Linear","EasingDirection":"In"},"Left Arm":{"Weight":1,"CFrame":[-0.08982723951339722,-0.32975533604621889,0.1806415319442749,-0.12954452633857728,0.9174931049346924,-0.3760647773742676,-0.9474559426307678,-0.0026637210976332428,0.31987544894218447,0.29248180985450747,0.3977428376674652,0.8696292638778687],"EasingStyle":"Linear","EasingDirection":"In"}}},{"Time":0.13333334028720857,"poses":{"Left Leg":{"Weight":1,"CFrame":[-0.7183897495269775,0.44443410634994509,-0.08127820491790772,0.9597844481468201,-0.2673623263835907,-0.0856226459145546,0.2801273763179779,0.8919626474380493,0.3548681139945984,-0.018506236374378206,-0.3645821809768677,0.9309873580932617],"EasingStyle":"Linear","EasingDirection":"In"},"Right Arm":{"Weight":1,"CFrame":[0.3101666569709778,-0.31503555178642275,0.13115859031677247,-0.15720662474632264,-0.8141193985939026,0.5590134263038635,0.8868598937988281,0.1326490342617035,0.44258758425712588,-0.43447166681289675,0.5653441548347473,0.7011564373970032],"EasingStyle":"Linear","EasingDirection":"In"},"Head":{"Weight":1,"CFrame":[1.9418075680732728e-7,1.862645149230957e-8,2.384185791015625e-7,0.9938754439353943,-0.04719028249382973,0.09992353618144989,0.04680302366614342,0.9988847970962524,0.0062175290659070019,-0.10010550916194916,-0.0015027332119643689,0.994975745677948],"EasingStyle":"Linear","EasingDirection":"In"},"Right Leg":{"Weight":1,"CFrame":[1.051838755607605,0.3309669494628906,-0.33416640758514407,0.848668098449707,0.4276430606842041,0.3112618625164032,-0.5132323503494263,0.808086097240448,0.2891184091567993,-0.12788689136505128,-0.4051152169704437,0.9052771329879761],"EasingStyle":"Linear","EasingDirection":"In"},"Torso":{"Weight":1,"CFrame":[-1.0989985466003419,0.1530427634716034,-0.241347074508667,0.9628446102142334,0.06260288506746292,0.2626997232437134,-0.05057455226778984,0.9973495006561279,-0.05230885371565819,-0.26527807116508486,0.03707937151193619,0.963458776473999],"EasingStyle":"Linear","EasingDirection":"In"},"HumanoidRootPart":{"Weight":1,"CFrame":[0,0,0,1,0,0,0,1,0,0,0,1],"EasingStyle":"Linear","EasingDirection":"In"},"Left Arm":{"Weight":1,"CFrame":[-0.10975569486618042,-0.3402057886123657,0.36744022369384768,-0.10392753779888153,0.7330583333969116,-0.6721791625022888,-0.8927063941955566,0.22920946776866914,0.38799288868904116,0.43849119544029238,0.6403816938400269,0.6305845379829407],"EasingStyle":"Linear","EasingDirection":"In"}}},{"Time":0.1666666716337204,"poses":{"Left Leg":{"Weight":1,"CFrame":[-0.7661027312278748,0.4298689365386963,-0.16002196073532105,0.9431261420249939,-0.2512984573841095,-0.2176286280155182,0.317746639251709,0.8738844990730286,0.3679170310497284,0.09772532433271408,-0.41614285111427309,0.9040325284004211],"EasingStyle":"Linear","EasingDirection":"In"},"Right Arm":{"Weight":1,"CFrame":[0.2890443801879883,-0.3427503705024719,0.17392539978027345,-0.1784302294254303,-0.7705205082893372,0.6119321584701538,0.886559784412384,0.14387699961662293,0.4396716356277466,-0.4268188774585724,0.6209650635719299,0.6574405431747437],"EasingStyle":"Linear","EasingDirection":"In"},"Head":{"Weight":1,"CFrame":[3.189779818058014e-7,0,1.1920928955078126e-7,0.9937894344329834,-0.048359017819166186,0.1002204567193985,0.048467107117176059,0.9988239407539368,0.001357542467303574,-0.10016825050115586,0.0035082921385765077,0.9949644207954407],"EasingStyle":"Linear","EasingDirection":"In"},"Right Leg":{"Weight":1,"CFrame":[1.0504287481307984,0.32697898149490359,-0.3580464720726013,0.8455208539962769,0.41260528564453127,0.33889731764793398,-0.5106555819511414,0.810282289981842,0.2875300347805023,-0.15596599876880647,-0.4161725342273712,0.8958097696304321],"EasingStyle":"Linear","EasingDirection":"In"},"Torso":{"Weight":1,"CFrame":[-1.0930922031402588,0.15064196288585664,-0.24263620376586915,0.962456464767456,0.057828884571790698,0.26520469784736636,-0.044691961258649829,0.9974685311317444,-0.05530986189842224,-0.26773184537887576,0.041380804032087329,0.9626045227050781],"EasingStyle":"Linear","EasingDirection":"In"},"HumanoidRootPart":{"Weight":1,"CFrame":[0,0,0,1,0,0,0,1,0,0,0,1],"EasingStyle":"Linear","EasingDirection":"In"},"Left Arm":{"Weight":1,"CFrame":[-0.06955379992723465,-0.32422852516174319,0.48425328731536868,-0.10533254593610764,0.6899845004081726,-0.7161190509796143,-0.8630186915397644,0.29435545206069949,0.41055288910865786,0.4940686821937561,0.6612687110900879,0.5644643306732178],"EasingStyle":"Linear","EasingDirection":"In"}}},{"Time":0.20000000298023225,"poses":{"Left Leg":{"Weight":1,"CFrame":[-0.7807820439338684,0.41940224170684817,-0.1867605447769165,0.9317447543144226,-0.2479742020368576,-0.26525574922561648,0.33553457260131838,0.8672242164611816,0.36788421869277956,0.13881033658981324,-0.431776762008667,0.8912354707717896],"EasingStyle":"Linear","EasingDirection":"In"},"Right Arm":{"Weight":1,"CFrame":[0.22403080761432649,-0.34670954942703249,0.2573966979980469,-0.2221200168132782,-0.7564916014671326,0.6151288747787476,0.8820661902427673,0.11292889714241028,0.45739078521728518,-0.41547805070877077,0.6441798806190491,0.6421917080879211],"EasingStyle":"Linear","EasingDirection":"In"},"Head":{"Weight":1,"CFrame":[1.2945383787155152e-7,0,4.76837158203125e-7,0.9935401082038879,-0.05173755809664726,0.10100245475769043,0.05309224873781204,0.9985315799713135,-0.010768919251859188,-0.10029694437980652,0.016061795875430108,0.9948279857635498],"EasingStyle":"Linear","EasingDirection":"In"},"Right Leg":{"Weight":1,"CFrame":[1.0448979139328004,0.34487009048461916,-0.37074893712997439,0.8539907336235046,0.38960084319114687,0.34483471512794497,-0.49318400025367739,0.8172982335090637,0.2979818284511566,-0.16573883593082429,-0.4245406687259674,0.8901100158691406],"EasingStyle":"Linear","EasingDirection":"In"},"Torso":{"Weight":1,"CFrame":[-1.0890610218048096,0.15138456225395204,-0.24260187149047852,0.9626500010490418,0.059076547622680667,0.2642251253128052,-0.04628549516201019,0.9974468946456909,-0.05438162386417389,-0.26676318049430849,0.040120676159858707,0.9629267454147339],"EasingStyle":"Linear","EasingDirection":"In"},"HumanoidRootPart":{"Weight":1,"CFrame":[0,0,0,1,0,0,0,1,0,0,0,1],"EasingStyle":"Linear","EasingDirection":"In"},"Left Arm":{"Weight":1,"CFrame":[-0.02935189940035343,-0.30246204137802126,0.5182627439498901,-0.09957864135503769,0.6821050643920898,-0.7244424223899841,-0.8550056219100952,0.31375524401664736,0.41294434666633608,0.5089691281318665,0.6605228185653687,0.551960289478302],"EasingStyle":"Linear","EasingDirection":"In"}}},{"Time":0.23333333432674409,"poses":{"Left Leg":{"Weight":1,"CFrame":[-0.6364220976829529,0.4794897437095642,0.07350456714630127,0.9608771800994873,-0.26703375577926638,0.07353956997394562,0.2306601107120514,0.9184678196907044,0.32126763463020327,-0.15333306789398194,-0.2917361259460449,0.9441287517547607],"EasingStyle":"Linear","EasingDirection":"In"},"Right Arm":{"Weight":1,"CFrame":[0.12147028744220734,-0.23039227724075318,0.32546961307525637,-0.2564602196216583,-0.9481149315834045,0.1878996193408966,0.8752109408378601,-0.14529769122600556,0.46140503883361819,-0.4101635813713074,0.2827836573123932,0.8670635223388672],"EasingStyle":"Linear","EasingDirection":"In"},"Head":{"Weight":1,"CFrame":[-7.450580596923828e-9,3.3527612686157229e-8,1.1920928955078126e-7,0.9931300282478333,-0.05713275820016861,0.10212048143148422,0.06012609601020813,0.9978396892547607,-0.026475658640265466,-0.10038726031780243,0.0324338860809803,0.9944197535514832],"EasingStyle":"Linear","EasingDirection":"In"},"Right Leg":{"Weight":1,"CFrame":[0.9190118908882141,0.5579779148101807,-0.0755186676979065,0.9300918579101563,0.3621155321598053,-0.06165608763694763,-0.3326529562473297,0.9015344381332398,0.27672678232192995,0.1557922065258026,-0.23687127232551576,0.9589686393737793],"EasingStyle":"Linear","EasingDirection":"In"},"Torso":{"Weight":1,"CFrame":[-1.0782145261764527,0.1533064842224121,-0.2419731616973877,0.9631401300430298,0.06229929253458977,0.26168665289878847,-0.05039096623659134,0.997376024723053,-0.051979199051856998,-0.2642382085323334,0.036876603960990909,0.963752269744873],"EasingStyle":"Linear","EasingDirection":"In"},"HumanoidRootPart":{"Weight":1,"CFrame":[0,0,0,1,0,0,0,1,0,0,0,1],"EasingStyle":"Linear","EasingDirection":"In"},"Left Arm":{"Weight":1,"CFrame":[-0.15735065937042237,-0.28353193402290347,0.2799719572067261,-0.018230821937322618,0.948262095451355,0.3169648051261902,-0.9224826693534851,-0.13821770250797273,0.36044660210609438,0.3856079876422882,-0.28582337498664858,0.8772750496864319],"EasingStyle":"Linear","EasingDirection":"In"}}},{"Time":0.2666666805744171,"poses":{"Left Leg":{"Weight":1,"CFrame":[-0.3696494400501251,0.4961460828781128,0.29744184017181399,0.8650711178779602,-0.22613739967346192,0.4477875828742981,0.13643895089626313,0.9650439023971558,0.22377365827560426,-0.48273831605911257,-0.13248439133167268,0.865685760974884],"EasingStyle":"Linear","EasingDirection":"In"},"Right Arm":{"Weight":1,"CFrame":[0.02296324074268341,-0.01437428593635559,0.3666048049926758,-0.24470064043998719,-0.6466081142425537,-0.7225091457366943,0.8742693066596985,-0.46935129165649416,0.12394610047340393,-0.41925525665283205,-0.6013379096984863,0.6801602840423584],"EasingStyle":"Linear","EasingDirection":"In"},"Head":{"Weight":1,"CFrame":[-6.612390279769898e-8,4.0978193283081057e-8,-1.1920928955078126e-7,0.9925544857978821,-0.0643577128648758,0.10341038554906845,0.06901154667139054,0.9967284202575684,-0.042070988565683368,-0.10036442428827286,0.04889426752924919,0.993748664855957],"EasingStyle":"Linear","EasingDirection":"In"},"Right Leg":{"Weight":1,"CFrame":[0.5077615976333618,0.6819727420806885,0.2690476179122925,0.7974486947059631,0.20856188237667085,-0.566195547580719,-0.19036638736724854,0.9774009585380554,0.09191375970840454,0.5725698471069336,0.0344880074262619,0.8191303610801697],"EasingStyle":"Linear","EasingDirection":"In"},"Torso":{"Weight":1,"CFrame":[-1.060072898864746,0.15595029294490815,-0.23325252532958985,0.9637875556945801,0.06671784818172455,0.25819069147109988,-0.05599438026547432,0.9972439408302307,-0.04867444559931755,-0.26072660088539126,0.03245459124445915,0.9648669958114624],"EasingStyle":"Linear","EasingDirection":"In"},"HumanoidRootPart":{"Weight":1,"CFrame":[0,0,0,1,0,0,0,1,0,0,0,1],"EasingStyle":"Linear","EasingDirection":"In"},"Left Arm":{"Weight":1,"CFrame":[-0.043967269361019137,-0.1952715516090393,0.3561742305755615,-0.3067898452281952,0.3177036941051483,0.8971869945526123,-0.9383392930030823,-0.2588040232658386,-0.2292162925004959,0.15937267243862153,-0.9121869206428528,0.3775123059749603],"EasingStyle":"Linear","EasingDirection":"In"}}},{"Time":0.30000001192092898,"poses":{"Left Leg":{"Weight":1,"CFrame":[-0.31241878867149355,0.4714699983596802,0.3185049295425415,0.8407667279243469,-0.21332550048828126,0.49759769439697268,0.12486308068037033,0.9707256555557251,0.20518533885478974,-0.526802122592926,-0.11038137227296829,0.8427903056144714],"EasingStyle":"Linear","EasingDirection":"In"},"Right Arm":{"Weight":1,"CFrame":[-0.02107563614845276,0.1019430160522461,0.38040459156036379,-0.23951131105422975,-0.20282480120658875,-0.9494717121124268,0.8655468225479126,-0.48764079809188845,-0.11417149007320404,-0.43984436988830569,-0.8491575717926025,0.2923499643802643],"EasingStyle":"Linear","EasingDirection":"In"},"Head":{"Weight":1,"CFrame":[1.909211277961731e-7,4.0978193283081057e-8,1.1920928955078126e-7,0.9918081760406494,-0.07323858141899109,0.10465537011623383,0.07918854057788849,0.995402991771698,-0.05387142300605774,-0.10022883117198944,0.061717625707387927,0.9930484294891357],"EasingStyle":"Linear","EasingDirection":"In"},"Right Leg":{"Weight":1,"CFrame":[0.36065196990966799,0.6823593378067017,0.306329607963562,0.7165945768356323,0.15442201495170594,-0.6801809668540955,-0.1522570103406906,0.986298143863678,0.06351187825202942,0.680668830871582,0.05804998055100441,0.7302876710891724],"EasingStyle":"Linear","EasingDirection":"In"},"Torso":{"Weight":1,"CFrame":[-1.0359458923339844,0.15885211527347566,-0.21319174766540528,0.9644659757614136,0.07154722511768341,0.25433510541915896,-0.062085509300231937,0.9970537424087524,-0.04504713788628578,-0.25680872797966006,0.02765590511262417,0.9660665392875671],"EasingStyle":"Linear","EasingDirection":"In"},"HumanoidRootPart":{"Weight":1,"CFrame":[0,0,0,1,0,0,0,1,0,0,0,1],"EasingStyle":"Linear","EasingDirection":"In"},"Left Arm":{"Weight":1,"CFrame":[0.0694160908460617,-0.10166275501251221,0.49720942974090578,-0.50376957654953,-0.0005594693357124925,0.8638379573822022,-0.844191312789917,-0.21174229681491853,-0.4924492835998535,0.18318651616573335,-0.9773253798484802,0.10619702935218811],"EasingStyle":"Linear","EasingDirection":"In"}}},{"Time":0.3333333432674408,"poses":{"Left Leg":{"Weight":1,"CFrame":[-0.2885904312133789,0.4446004033088684,0.3144357204437256,0.8389403820037842,-0.2067878395318985,0.5034062266349793,0.11738281697034836,0.9719823002815247,0.20364639163017274,-0.5314135551452637,-0.11175591498613358,0.8397085070610046],"EasingStyle":"Linear","EasingDirection":"In"},"Right Arm":{"Weight":1,"CFrame":[-0.02107558399438858,0.10194271802902222,0.3804047107696533,-0.24523106217384339,-0.162173330783844,-0.9558041095733643,0.8501366376876831,-0.5098487138748169,-0.13161273300647736,-0.46597155928611758,-0.8448396921157837,0.26290032267570498],"EasingStyle":"Linear","EasingDirection":"In"},"Head":{"Weight":1,"CFrame":[7.171183824539185e-8,0,-1.1920928955078126e-7,0.9908916354179382,-0.08361625671386719,0.10555700212717056,0.09009906649589539,0.9942301511764526,-0.05821111798286438,-0.10008052736520767,0.06719149649143219,0.9927080273628235],"EasingStyle":"Linear","EasingDirection":"In"},"Right Leg":{"Weight":1,"CFrame":[0.33669590950012209,0.6741819381713867,0.28484058380126955,0.7097803354263306,0.14372900128364564,-0.6896040439605713,-0.11690814793109894,0.9894219040870667,0.08588920533657074,0.694654107093811,0.01965782232582569,0.7190753221511841],"EasingStyle":"Linear","EasingDirection":"In"},"Torso":{"Weight":1,"CFrame":[-1.007150411605835,0.1615365892648697,-0.18851661682128907,0.9650750756263733,0.07599230855703354,0.2507098913192749,-0.0676625594496727,0.99683678150177,-0.04169156402349472,-0.25308507680892947,0.02327180840075016,0.967164158821106],"EasingStyle":"Linear","EasingDirection":"In"},"HumanoidRootPart":{"Weight":1,"CFrame":[0,0,0,1,0,0,0,1,0,0,0,1],"EasingStyle":"Linear","EasingDirection":"In"},"Left Arm":{"Weight":1,"CFrame":[-0.017649251967668535,-0.07767924666404724,0.5725655555725098,-0.510228157043457,-0.16041670739650727,0.8449461460113525,-0.8167254328727722,-0.2174757421016693,-0.534475564956665,0.26949402689933779,-0.9627932906150818,-0.020054155960679055],"EasingStyle":"Linear","EasingDirection":"In"}}},{"Time":0.36666667461395266,"poses":{"Left Leg":{"Weight":1,"CFrame":[-0.37599125504493716,0.41973447799682619,0.2519228458404541,0.9006416201591492,-0.2239244282245636,0.3724277913570404,0.13830366730690003,0.9601566791534424,0.24284027516841889,-0.4119669497013092,-0.16720394790172578,0.8957266807556152],"EasingStyle":"Linear","EasingDirection":"In"},"Right Arm":{"Weight":1,"CFrame":[-0.021075569093227388,0.10194259881973267,0.3804047107696533,-0.24540752172470094,-0.15609407424926759,-0.9567704796791077,0.8481304049491882,-0.512583315372467,-0.13391542434692384,-0.469521164894104,-0.8443300127983093,0.25818002223968508],"EasingStyle":"Linear","EasingDirection":"In"},"Head":{"Weight":1,"CFrame":[9.592622518539429e-8,-1.1175870895385743e-8,-5.960464477539063e-7,0.9898338317871094,-0.09519022703170777,0.10567839443683624,0.10088220238685608,0.9936472773551941,-0.049878790974617007,-0.10025908797979355,0.06003280356526375,0.9931486248970032],"EasingStyle":"Linear","EasingDirection":"In"},"Right Leg":{"Weight":1,"CFrame":[0.47272858023643496,0.6694930791854858,0.20639073848724366,0.801281213760376,0.1940777599811554,-0.5659348368644714,-0.11316937208175659,0.978013813495636,0.17516198754310609,0.5874871611595154,-0.07630757242441178,0.805627703666687],"EasingStyle":"Linear","EasingDirection":"In"},"Torso":{"Weight":1,"CFrame":[-0.9750088453292847,0.16351667046546937,-0.165938138961792,0.9655395746231079,0.07924827188253403,0.24789728224277497,-0.07173329591751099,0.9966526031494141,-0.03921648487448692,-0.25017526745796206,0.02008257433772087,0.96799236536026],"EasingStyle":"Linear","EasingDirection":"In"},"HumanoidRootPart":{"Weight":1,"CFrame":[0,0,0,1,0,0,0,1,0,0,0,1],"EasingStyle":"Linear","EasingDirection":"In"},"Left Arm":{"Weight":1,"CFrame":[-0.01065995916724205,-0.11110597848892212,0.37775886058807375,-0.49005481600761416,0.16322453320026399,0.8562734127044678,-0.8660584092140198,-0.20266559720039369,-0.45702245831489565,0.09893982112407685,-0.9655487537384033,0.2406793087720871],"EasingStyle":"Linear","EasingDirection":"In"}}},{"Time":0.4000000059604645,"poses":{"Left Leg":{"Weight":1,"CFrame":[-0.5633469820022583,0.3811233639717102,0.08542513847351074,0.9683048725128174,-0.24304991960525514,0.05755309388041496,0.2148352414369583,0.9279884099960327,0.3044394850730896,-0.12740261852741242,-0.28242582082748415,0.9507914185523987],"EasingStyle":"Linear","EasingDirection":"In"},"Right Arm":{"Weight":1,"CFrame":[0.11931534111499787,-0.02085733413696289,0.26922154426574709,-0.10070719569921494,-0.9720484018325806,-0.2120850533246994,0.9374755024909973,-0.16409476101398469,0.3069411516189575,-0.3331635594367981,-0.16791340708732606,0.9277969598770142],"EasingStyle":"Linear","EasingDirection":"In"},"Head":{"Weight":1,"CFrame":[1.8347054719924928e-7,-3.725290298461914e-9,0,0.9887745976448059,-0.10625644028186798,0.10504508763551712,0.11016657948493958,0.9933936595916748,-0.03213319554924965,-0.10093677788972855,0.04334494471549988,0.9939482808113098],"EasingStyle":"Linear","EasingDirection":"In"},"Right Leg":{"Weight":1,"CFrame":[0.8128259181976318,0.584120512008667,-0.030087649822235109,0.9431533813476563,0.29761454463005068,-0.1479438841342926,-0.24702391028404237,0.9255187511444092,0.2870439291000366,0.2223532795906067,-0.23418085277080537,0.946424126625061],"EasingStyle":"Linear","EasingDirection":"In"},"Torso":{"Weight":1,"CFrame":[-0.9408474564552307,0.1642988920211792,-0.1521587371826172,0.9657996892929077,0.08050502836704254,0.2464749813079834,-0.07331176102161408,0.9965757131576538,-0.03823869302868843,-0.24870936572551728,0.018861399963498117,0.9683945775032044],"EasingStyle":"Linear","EasingDirection":"In"},"HumanoidRootPart":{"Weight":1,"CFrame":[0,0,0,1,0,0,0,1,0,0,0,1],"EasingStyle":"Linear","EasingDirection":"In"},"Left Arm":{"Weight":1,"CFrame":[-0.09398256242275238,-0.26111796498298647,0.11383914947509766,-0.0579756498336792,0.9504238963127136,0.3055051863193512,-0.9919212460517883,-0.08942775428295136,0.08997202664613724,0.11283214390277863,-0.29782095551490786,0.9479301571846008],"EasingStyle":"Linear","EasingDirection":"In"}}},{"Time":0.4333333373069763,"poses":{"Left Leg":{"Weight":1,"CFrame":[-0.6685041189193726,0.34399324655532839,-0.06512683629989624,0.9559521079063416,-0.23531873524188996,-0.175444558262825,0.2819086015224457,0.902540922164917,0.3254958391189575,0.08175063878297806,-0.36061781644821169,0.9291241765022278],"EasingStyle":"Linear","EasingDirection":"In"},"Right Arm":{"Weight":1,"CFrame":[0.25970619916915896,-0.2268793284893036,0.15803861618041993,0.08565470576286316,-0.535466194152832,0.8402020335197449,0.8954461812973023,0.411129891872406,0.1707291454076767,-0.43685182929039,0.7377318739891052,0.5146962404251099],"EasingStyle":"Linear","EasingDirection":"In"},"Head":{"Weight":1,"CFrame":[1.695007085800171e-7,4.470348358154297e-8,2.384185791015625e-7,0.9879373908042908,-0.11456412076950073,0.10418672114610672,0.11663956940174103,0.9930752515792847,-0.014030605554580689,-0.10185784101486206,0.02601364068686962,0.994458794593811],"EasingStyle":"Linear","EasingDirection":"In"},"Right Leg":{"Weight":1,"CFrame":[0.9738692045211792,0.4432412385940552,-0.25490593910217287,0.9228758215904236,0.32689282298088076,0.203571617603302,-0.3718055486679077,0.8940367698669434,0.24991782009601594,-0.10030410438776016,-0.30633220076560976,0.9466255307197571],"EasingStyle":"Linear","EasingDirection":"In"},"Torso":{"Weight":1,"CFrame":[-0.9064047336578369,0.1642284393310547,-0.14974164962768556,0.9659757018089294,0.07950444519519806,0.24611008167266847,-0.0722641572356224,0.9966489672660828,-0.03832674026489258,-0.24833250045776368,0.019237764179706575,0.9684838056564331],"EasingStyle":"Linear","EasingDirection":"In"},"HumanoidRootPart":{"Weight":1,"CFrame":[0,0,0,1,0,0,0,1,0,0,0,1],"EasingStyle":"Linear","EasingDirection":"In"},"Left Arm":{"Weight":1,"CFrame":[-0.1763697862625122,-0.39473724365234377,0.16290175914764405,0.1130003035068512,0.7230610251426697,-0.6814792156219482,-0.8463776111602783,0.42931705713272097,0.3151695430278778,0.52045738697052,0.5411744713783264,0.6604955196380615],"EasingStyle":"Linear","EasingDirection":"In"}}},{"Time":0.46666666865348818,"poses":{"Left Leg":{"Weight":1,"CFrame":[-0.6967220306396484,0.3311173915863037,-0.11665093898773194,0.9421705603599548,-0.22829249501228333,-0.24535126984119416,0.30080240964889529,0.8988358974456787,0.3187662363052368,0.14775851368904115,-0.37413445115089419,0.9155275821685791],"EasingStyle":"Linear","EasingDirection":"In"},"Right Arm":{"Weight":1,"CFrame":[0.24790258705615998,-0.3260030448436737,0.22455346584320069,0.054718539118766788,-0.5006769895553589,0.8639030456542969,0.8806236982345581,0.43201205134391787,0.19459591805934907,-0.4706461429595947,0.7501254677772522,0.4645470976829529],"EasingStyle":"Linear","EasingDirection":"In"},"Head":{"Weight":1,"CFrame":[1.6298145055770875e-7,1.862645149230957e-8,0,0.9875782132148743,-0.11789718270301819,0.10387267917394638,0.11901724338531494,0.9928814172744751,-0.0046301353722810749,-0.10258742421865463,0.016935262829065324,0.9945798516273499],"EasingStyle":"Linear","EasingDirection":"In"},"Right Leg":{"Weight":1,"CFrame":[0.9741898775100708,0.38881951570510867,-0.27191048860549929,0.9084258675575256,0.3315119743347168,0.25468093156814577,-0.385841429233551,0.8993691205978394,0.20557700097560883,-0.16090086102485658,-0.28501781821250918,0.9449211359024048],"EasingStyle":"Linear","EasingDirection":"In"},"Torso":{"Weight":1,"CFrame":[-0.8725288510322571,0.16390460729599,-0.1518535614013672,0.9662167429924011,0.07688126713037491,0.24599726498126985,-0.06945638358592987,0.9968328475952148,-0.03873155266046524,-0.24819587171077729,0.020336991176009179,0.9684964418411255],"EasingStyle":"Linear","EasingDirection":"In"},"HumanoidRootPart":{"Weight":1,"CFrame":[0,0,0,1,0,0,0,1,0,0,0,1],"EasingStyle":"Linear","EasingDirection":"In"},"Left Arm":{"Weight":1,"CFrame":[-0.10285163670778275,-0.3839890956878662,0.21335101127624513,0.08183953166007996,0.6161383986473084,-0.7833746075630188,-0.8043868541717529,0.5049132108688355,0.31308865547180178,0.5884421467781067,0.6045132279396057,0.5369353890419006],"EasingStyle":"Linear","EasingDirection":"In"}}},{"Time":0.5,"poses":{"Left Leg":{"Weight":1,"CFrame":[-0.7125492691993713,0.3276349902153015,-0.14156091213226319,0.9349045753479004,-0.22437027096748353,-0.2749755084514618,0.30614474415779116,0.9017860293388367,0.30505314469337466,0.17952416837215424,-0.36937791109085085,0.9117736220359802],"EasingStyle":"Linear","EasingDirection":"In"},"Right Arm":{"Weight":1,"CFrame":[0.2035790979862213,-0.3419046401977539,0.316322922706604,0.03154710680246353,-0.4873329699039459,0.8726462125778198,0.8804426789283752,0.4268112778663635,0.20652556419372559,-0.47310197353363039,0.7617996335029602,0.4425334632396698],"EasingStyle":"Linear","EasingDirection":"In"},"Head":{"Weight":1,"CFrame":[1.1455267667770386e-7,3.725290298461914e-9,1.1920928955078126e-7,0.987423837184906,-0.11525377631187439,0.10821675509214401,0.1162397637963295,0.9932172298431397,-0.0028266869485378267,-0.10715696215629578,0.015370223671197892,0.9941233396530151],"EasingStyle":"Linear","EasingDirection":"In"},"Right Leg":{"Weight":1,"CFrame":[0.9654450416564941,0.3843594789505005,-0.2840731143951416,0.9079292416572571,0.3227404057979584,0.26740092039108279,-0.3833007216453552,0.8974664807319641,0.21825332939624787,-0.16954414546489716,-0.30065348744392397,0.9385426640510559],"EasingStyle":"Linear","EasingDirection":"In"},"Torso":{"Weight":1,"CFrame":[-0.839211106300354,0.16321612894535066,-0.15757012367248536,0.9665026068687439,0.07316525280475617,0.24600756168365479,-0.06540196388959885,0.997073233127594,-0.039592113345861438,-0.24818435311317445,0.022176500409841539,0.9684589505195618],"EasingStyle":"Linear","EasingDirection":"In"},"HumanoidRootPart":{"Weight":1,"CFrame":[0,0,0,1,0,0,0,1,0,0,0,1],"EasingStyle":"Linear","EasingDirection":"In"},"Left Arm":{"Weight":1,"CFrame":[-0.00767749547958374,-0.35524988174438479,0.2694746255874634,0.06446734070777893,0.597734272480011,-0.7990981340408325,-0.7993530631065369,0.5102990865707398,0.31722143292427065,0.5973932147026062,0.6183111071586609,0.5106982588768005],"EasingStyle":"Linear","EasingDirection":"In"}}},{"Time":0.5333333611488342,"poses":{"Left Leg":{"Weight":1,"CFrame":[-0.7236737012863159,0.33038705587387087,-0.15536785125732423,0.9320095777511597,-0.22251641750335694,-0.2860848903656006,0.3063829243183136,0.9053946733474731,0.2939218580722809,0.19361723959445954,-0.36158955097198489,0.9120118021965027],"EasingStyle":"Linear","EasingDirection":"In"},"Right Arm":{"Weight":1,"CFrame":[0.12018483877182007,-0.27248406410217287,0.3331592082977295,0.04089782014489174,-0.5078873634338379,0.8604521155357361,0.8307552337646484,0.4957510530948639,0.2531339228153229,-0.5551335215568543,0.7044724225997925,0.4422053098678589],"EasingStyle":"Linear","EasingDirection":"In"},"Head":{"Weight":1,"CFrame":[2.123415470123291e-7,3.725290298461914e-9,-5.960464477539063e-8,0.986985981464386,-0.10847318917512894,0.11871118098497391,0.10942356288433075,0.9939941763877869,-0.0014979392290115357,-0.11783576756715775,0.014468253590166569,0.9929277300834656],"EasingStyle":"Linear","EasingDirection":"In"},"Right Leg":{"Weight":1,"CFrame":[0.9516122341156006,0.388316810131073,-0.2800050973892212,0.9130516648292542,0.3168034553527832,0.2568506896495819,-0.3775098919868469,0.8948227167129517,0.23828290402889253,-0.15434691309928895,-0.31452828645706179,0.9366157650947571],"EasingStyle":"Linear","EasingDirection":"In"},"Torso":{"Weight":1,"CFrame":[-0.8064411878585815,0.16205167770385743,-0.16585302352905274,0.9668154716491699,0.06888631731271744,0.24601367115974427,-0.06061467528343201,0.9973168969154358,-0.041047703474760059,-0.24818122386932374,0.024773508310317994,0.9683969020843506],"EasingStyle":"Linear","EasingDirection":"In"},"HumanoidRootPart":{"Weight":1,"CFrame":[0,0,0,1,0,0,0,1,0,0,0,1],"EasingStyle":"Linear","EasingDirection":"In"},"Left Arm":{"Weight":1,"CFrame":[0.006759870797395706,-0.32914021611213686,0.3279944658279419,0.05495297908782959,0.5919932126998901,-0.8040672540664673,-0.7984943985939026,0.5095445513725281,0.32057929039001467,0.5994889140129089,0.6244264245033264,0.500704288482666],"EasingStyle":"Linear","EasingDirection":"In"}}},{"Time":0.5666666626930237,"poses":{"Left Leg":{"Weight":1,"CFrame":[-0.5171805024147034,0.3878980875015259,0.1526167392730713,0.9563925862312317,-0.23190321028232575,0.1775786429643631,0.18955481052398683,0.9553402066230774,0.2267029732465744,-0.22222119569778443,-0.1831561177968979,0.9576386213302612],"EasingStyle":"Linear","EasingDirection":"In"},"Right Arm":{"Weight":1,"CFrame":[0.02833522856235504,-0.2636767029762268,0.225921630859375,-0.06718398630619049,-0.9879289865493774,0.13958027958869935,0.8949113488197327,0.0021888758055865766,0.4462387263774872,-0.4411576986312866,0.1548919826745987,0.8839617967605591],"EasingStyle":"Linear","EasingDirection":"In"},"Head":{"Weight":1,"CFrame":[3.5855919122695925e-7,-2.2351741790771486e-8,-3.5762786865234377e-7,0.986198902130127,-0.0996101126074791,0.13224805891513825,0.1005813330411911,0.9949286580085754,-0.000667315034661442,-0.1315108984708786,0.013959777541458607,0.9912164807319641],"EasingStyle":"Linear","EasingDirection":"In"},"Right Leg":{"Weight":1,"CFrame":[0.6050732731819153,0.4628767967224121,0.15095436573028565,0.8843861222267151,0.29280605912208559,-0.3634910583496094,-0.24000075459480287,0.9531939625740051,0.18390461802482606,0.40032604336738589,-0.07540466636419296,0.9132652878761292],"EasingStyle":"Linear","EasingDirection":"In"},"Torso":{"Weight":1,"CFrame":[-0.7742078900337219,0.16029898822307588,-0.17566490173339845,0.9671446681022644,0.06457464396953583,0.2458891123533249,-0.05560941994190216,0.9975159168243408,-0.043238576501607898,-0.24807041883468629,0.02814420312643051,0.9683331847190857],"EasingStyle":"Linear","EasingDirection":"In"},"HumanoidRootPart":{"Weight":1,"CFrame":[0,0,0,1,0,0,0,1,0,0,0,1],"EasingStyle":"Linear","EasingDirection":"In"},"Left Arm":{"Weight":1,"CFrame":[-0.03693961352109909,-0.40148019790649416,0.039093613624572757,0.1257968246936798,0.9918214678764343,-0.021577224135398866,-0.9600712060928345,0.1271904855966568,0.24917039275169373,0.2498769313097,-0.010629232041537762,0.9682192802429199],"EasingStyle":"Linear","EasingDirection":"In"}}},{"Time":0.6000000238418579,"poses":{"Left Leg":{"Weight":1,"CFrame":[-0.22842618823051454,0.38885045051574709,0.33436882495880129,0.8100559115409851,-0.16923028230667115,0.5614004731178284,0.12594476342201234,0.9853155016899109,0.11528825014829636,-0.5726668238639832,-0.022684453055262567,0.8194743394851685],"EasingStyle":"Linear","EasingDirection":"In"},"Right Arm":{"Weight":1,"CFrame":[-0.00827675312757492,-0.020307838916778566,0.3402482271194458,-0.3822029232978821,-0.29221874475479128,-0.8766579031944275,0.810799777507782,-0.5611619353294373,-0.16643653810024262,-0.44331124424934389,-0.7744064927101135,0.45140865445137026],"EasingStyle":"Linear","EasingDirection":"In"},"Head":{"Weight":1,"CFrame":[8.102506399154663e-8,-9.313225746154785e-9,3.5762786865234377e-7,0.9851571917533875,-0.09072263538837433,0.14572179317474366,0.09174320846796036,0.995782732963562,-0.0002844911068677902,-0.14508144557476045,0.01364925317466259,0.9893256425857544],"EasingStyle":"Linear","EasingDirection":"In"},"Right Leg":{"Weight":1,"CFrame":[0.24408935010433198,0.5359511375427246,0.28505420684814455,0.6612153649330139,0.18031397461891175,-0.7282040119171143,-0.139467254281044,0.9833088517189026,0.1168443113565445,0.7371181845664978,0.02430131658911705,0.6753268837928772],"EasingStyle":"Linear","EasingDirection":"In"},"Torso":{"Weight":1,"CFrame":[-0.7425005435943604,0.15784507989883424,-0.18597126007080079,0.9674889445304871,0.060760315507650378,0.24550659954547883,-0.05090276896953583,0.9976296424865723,-0.04630596935749054,-0.24773822724819184,0.032303549349308017,0.9682883024215698],"EasingStyle":"Linear","EasingDirection":"In"},"HumanoidRootPart":{"Weight":1,"CFrame":[0,0,0,1,0,0,0,1,0,0,0,1],"EasingStyle":"Linear","EasingDirection":"In"},"Left Arm":{"Weight":1,"CFrame":[-0.06691230833530426,-0.3359992802143097,0.29227662086486819,-0.21584777534008027,0.44459596276283266,0.8693355321884155,-0.9762923121452332,-0.08347531408071518,-0.19971317052841187,-0.01622369885444641,-0.8918332457542419,0.4520735442638397],"EasingStyle":"Linear","EasingDirection":"In"}}},{"Time":0.6333333253860474,"poses":{"Left Leg":{"Weight":1,"CFrame":[-0.24174124002456666,0.3875740170478821,0.33493614196777346,0.816307544708252,-0.16804447770118714,0.552632749080658,0.1334218680858612,0.9857280850410461,0.1026592031121254,-0.5619969367980957,-0.010068250820040703,0.827078104019165],"EasingStyle":"Linear","EasingDirection":"In"},"Right Arm":{"Weight":1,"CFrame":[0.0171358585357666,0.07898151874542237,0.3961108922958374,-0.36426547169685366,-0.09768801927566529,-0.926157534122467,0.7794950604438782,-0.5761640071868897,-0.2458099126815796,-0.5096060037612915,-0.8114752769470215,0.2860240638256073],"EasingStyle":"Linear","EasingDirection":"In"},"Head":{"Weight":1,"CFrame":[1.3783574104309083e-7,4.0978193283081057e-8,2.384185791015625e-7,0.984181821346283,-0.08387578278779984,0.15604820847511292,0.0849467292428