{"Sequence":[{"Time":0,"poses":{"Left Leg":{"Weight":1,"CFrame":[-0.6963208317756653,0.29211723804473879,0.37883925437927248,0.6924754977226257,-0.6385958790779114,0.33566799759864809,0.6204487681388855,0.7645667791366577,0.17458787560462953,-0.3681316375732422,0.08736694604158402,0.9256597757339478],"EasingStyle":"Linear","EasingDirection":"In"},"Right Arm":{"Weight":1,"CFrame":[0.15680265426635743,-0.4193536341190338,0.17765367031097413,0.5662922859191895,-0.6397197246551514,0.5196843147277832,0.4968734383583069,0.7680447101593018,0.40401023626327517,-0.6575940847396851,0.029429402202367784,0.7527974247932434],"EasingStyle":"Linear","EasingDirection":"In"},"Head":{"Weight":1,"CFrame":[8.195638656616211e-8,3.725290298461914e-8,0.016661882400512697,0.7507550716400147,0.630316436290741,-0.19765643775463105,-0.6504305601119995,0.7576037645339966,-0.05455906316637993,0.11535575985908508,0.16952231526374818,0.9787518978118897],"EasingStyle":"Linear","EasingDirection":"In"},"Right Leg":{"Weight":1,"CFrame":[0.4913254380226135,0.49165618419647219,0.07687878608703613,0.6290743350982666,0.7348384261131287,-0.2535308599472046,-0.4876750111579895,0.6270577907562256,0.6074302196502686,0.6053416132926941,-0.2584780752658844,0.7528285384178162],"EasingStyle":"Linear","EasingDirection":"In"},"Torso":{"Weight":1,"CFrame":[-0.06222584843635559,0.03221088647842407,-0.7140936851501465,0.8581054210662842,-0.48257777094841006,-0.17542527616024018,0.5081824064254761,0.8470826745033264,0.15556932985782624,0.07352540642023087,-0.2226429283618927,0.9721235632896423],"EasingStyle":"Linear","EasingDirection":"In"},"HumanoidRootPart":{"Weight":1,"CFrame":[0,0,0,1,0,0,0,1,0,0,0,1],"EasingStyle":"Linear","EasingDirection":"In"},"Left Arm":{"Weight":1,"CFrame":[-0.3919341564178467,-0.07862573862075806,-0.11484736204147339,-0.9590136408805847,-0.27545732259750368,-0.06645434349775315,0.26649412512779238,-0.956480860710144,0.11884956061840058,-0.09630047529935837,0.09626848250627518,0.9906859993934631],"EasingStyle":"Linear","EasingDirection":"In"}}},{"Time":0.03333333507180214,"poses":{"Left Leg":{"Weight":1,"CFrame":[-0.745878279209137,0.39101409912109377,0.3812512159347534,0.7135517001152039,-0.6038442850112915,0.35526910424232485,0.5613247156143189,0.796183168888092,0.2258470356464386,-0.41923558712005618,0.03826775401830673,0.9070706367492676],"EasingStyle":"Linear","EasingDirection":"In"},"Right Arm":{"Weight":1,"CFrame":[0.12375453114509583,-0.2966432571411133,0.200384259223938,0.7728415727615356,-0.4352863132953644,0.46178123354911806,0.3014877140522003,0.8921563625335693,0.336395800113678,-0.5584095120429993,-0.12075947225093842,0.8207290172576904],"EasingStyle":"Linear","EasingDirection":"In"},"Head":{"Weight":1,"CFrame":[1.0989606380462647e-7,3.073364496231079e-8,0.016662240028381349,0.7472121715545654,0.6182007193565369,-0.24393007159233094,-0.636498749256134,0.7712621688842773,0.004899727646261454,0.1911630928516388,0.15160007774829865,0.9697805047035217],"EasingStyle":"Linear","EasingDirection":"In"},"Right Leg":{"Weight":1,"CFrame":[0.37950846552848818,0.46367859840393069,0.1347721815109253,0.6743141412734985,0.6540244221687317,-0.34285908937454226,-0.4514278769493103,0.7325353026390076,0.5095144510269165,0.5843912363052368,-0.1887967437505722,0.7892038226127625],"EasingStyle":"Linear","EasingDirection":"In"},"Torso":{"Weight":1,"CFrame":[0.04081374406814575,0.009909451007843018,-0.6726317405700684,0.8633536696434021,-0.5006548762321472,-0.06297006458044052,0.5045474171638489,0.8547257781028748,0.12196643650531769,-0.007240955252200365,-0.13707153499126435,0.990534782409668],"EasingStyle":"Linear","EasingDirection":"In"},"HumanoidRootPart":{"Weight":1,"CFrame":[0,0,0,1,0,0,0,1,0,0,0,1],"EasingStyle":"Linear","EasingDirection":"In"},"Left Arm":{"Weight":1,"CFrame":[-0.43726831674575808,-0.06582695245742798,-0.0831097960472107,-0.9656383991241455,-0.23998555541038514,-0.09974715858697891,0.23170019686222077,-0.9688127040863037,0.0878465548157692,-0.11771823465824127,0.06171625107526779,0.9911274313926697],"EasingStyle":"Linear","EasingDirection":"In"}}},{"Time":0.06666667014360428,"poses":{"Left Leg":{"Weight":1,"CFrame":[-0.8387600183486939,0.5085190534591675,0.36476337909698489,0.7429797053337097,-0.5526420474052429,0.37758147716522219,0.46865421533584597,0.8323099613189697,0.2960125803947449,-0.47785380482673647,-0.04297613352537155,0.8773875832557678],"EasingStyle":"Linear","EasingDirection":"In"},"Right Arm":{"Weight":1,"CFrame":[0.04057452827692032,-0.13184458017349244,0.2116541862487793,0.96605384349823,-0.01420131977647543,0.25795024633407595,-0.06339375674724579,0.9549277424812317,0.2899898886680603,-0.25044217705726626,-0.29649829864501955,0.9216114282608032],"EasingStyle":"Linear","EasingDirection":"In"},"Head":{"Weight":1,"CFrame":[1.043081283569336e-7,1.1641532182693482e-8,0.016661763191223146,0.759391188621521,0.5861002206802368,-0.2825097143650055,-0.5926898717880249,0.8022730946540833,0.07125028967857361,0.26840975880622866,0.1133338212966919,0.9566146731376648],"EasingStyle":"Linear","EasingDirection":"In"},"Right Leg":{"Weight":1,"CFrame":[0.2251342236995697,0.3600005507469177,0.19870483875274659,0.7442182302474976,0.5026603937149048,-0.43985408544540408,-0.379268616437912,0.8600856065750122,0.3411865532398224,0.5498132109642029,-0.08709438145160675,0.8307346701622009],"EasingStyle":"Linear","EasingDirection":"In"},"Torso":{"Weight":1,"CFrame":[0.17427000403404237,-0.0263347327709198,-0.6016743183135986,0.860075056552887,-0.5003228783607483,0.09973954409360886,0.49672722816467287,0.8658366799354553,0.059907637536525729,-0.1163313090801239,-0.0019817249849438669,0.9932084679603577],"EasingStyle":"Linear","EasingDirection":"In"},"HumanoidRootPart":{"Weight":1,"CFrame":[0,0,0,1,0,0,0,1,0,0,0,1],"EasingStyle":"Linear","EasingDirection":"In"},"Left Arm":{"Weight":1,"CFrame":[-0.4690675735473633,0.0077787041664123539,-0.0011402368545532227,-0.9498144388198853,-0.09083264321088791,-0.29933586716651919,0.09710876643657685,-0.9952549934387207,-0.006125844083726406,-0.2973591089248657,-0.03488674387335777,0.9541281461715698],"EasingStyle":"Linear","EasingDirection":"In"}}},{"Time":0.10000000149011612,"poses":{"Left Leg":{"Weight":1,"CFrame":[-0.9116984605789185,0.6537779569625855,0.3706282377243042,0.755634605884552,-0.46863269805908205,0.45760223269462588,0.33591532707214358,0.8770313262939453,0.34347766637802126,-0.5622963309288025,-0.10582797974348068,0.8201361298561096],"EasingStyle":"Linear","EasingDirection":"In"},"Right Arm":{"Weight":1,"CFrame":[-0.10503391921520233,-0.10455909371376038,0.17089462280273438,0.9913212060928345,0.11123478412628174,0.07006463408470154,-0.128628671169281,0.9307696223258972,0.3422316908836365,-0.02714598923921585,-0.34827396273612978,0.9369997978210449],"EasingStyle":"Linear","EasingDirection":"In"},"Head":{"Weight":1,"CFrame":[1.2665987014770509e-7,-4.470348358154297e-8,0.016661882400512697,0.7925819754600525,0.5224997997283936,-0.3143369257450104,-0.498226523399353,0.852123498916626,0.16017508506774903,0.35154521465301516,0.02965913526713848,0.9357010126113892],"EasingStyle":"Linear","EasingDirection":"In"},"Right Leg":{"Weight":1,"CFrame":[0.132162407040596,0.22763895988464356,0.1954876184463501,0.8632868528366089,0.2683447003364563,-0.4274657666683197,-0.22855216264724732,0.9629799723625183,0.14294591546058656,0.44999974966049197,-0.025705164298415185,0.8926587700843811],"EasingStyle":"Linear","EasingDirection":"In"},"Torso":{"Weight":1,"CFrame":[0.28486937284469607,-0.10250799357891083,-0.540647029876709,0.85499107837677,-0.44548994302749636,0.2655729353427887,0.4758415222167969,0.8774832487106323,-0.05998482555150986,-0.2063131332397461,0.1776571422815323,0.9622228741645813],"EasingStyle":"Linear","EasingDirection":"In"},"HumanoidRootPart":{"Weight":1,"CFrame":[0,0,0,1,0,0,0,1,0,0,0,1],"EasingStyle":"Linear","EasingDirection":"In"},"Left Arm":{"Weight":1,"CFrame":[-0.3807850778102875,0.16811484098434449,0.1143178939819336,-0.7236266732215881,0.23656553030014039,-0.6483836770057678,-0.12681947648525239,-0.969004213809967,-0.212008535861969,-0.6784403920173645,-0.07118763029575348,0.7311983108520508],"EasingStyle":"Linear","EasingDirection":"In"}}},{"Time":0.13333334028720857,"poses":{"Left Leg":{"Weight":1,"CFrame":[-0.9600919485092163,0.8084926009178162,0.40219879150390627,0.7230432629585266,-0.38974615931510928,0.5703563690185547,0.212076336145401,0.9110084772109985,0.35367658734321597,-0.6574435830116272,-0.13476432859897614,0.7413545846939087],"EasingStyle":"Linear","EasingDirection":"In"},"Right Arm":{"Weight":1,"CFrame":[-0.2991073429584503,-0.20610317587852479,0.07753133773803711,0.9996222853660584,0.012841765768826008,-0.024296700954437257,-0.001886546378955245,0.9140872955322266,0.40551307797431948,0.027416881173849107,-0.40531423687934878,0.9137663841247559],"EasingStyle":"Linear","EasingDirection":"In"},"Head":{"Weight":1,"CFrame":[2.9802322387695315e-8,-5.960464477539063e-8,0.016662240028381349,0.8308544754981995,0.426688551902771,-0.3572363257408142,-0.35520505905151369,0.9007955193519592,0.24979370832443238,0.4283810257911682,-0.08065006136894226,0.8999918103218079],"EasingStyle":"Linear","EasingDirection":"In"},"Right Leg":{"Weight":1,"CFrame":[0.089811772108078,0.13777589797973634,0.17289650440216065,0.9384045600891113,0.0019053000723943115,-0.3455333411693573,-0.0016663698479533196,0.999998152256012,0.0009887630585581065,0.34553465247154238,-0.0003521194448694587,0.9384059906005859],"EasingStyle":"Linear","EasingDirection":"In"},"Torso":{"Weight":1,"CFrame":[0.3310561776161194,-0.19816240668296815,-0.5251784324645996,0.8610953688621521,-0.33706071972846987,0.38066375255584719,0.4356652796268463,0.8751156330108643,-0.21063806116580964,-0.26212698221206667,0.3472214341163635,0.9004036784172058],"EasingStyle":"Linear","EasingDirection":"In"},"HumanoidRootPart":{"Weight":1,"CFrame":[0,0,0,1,0,0,0,1,0,0,0,1],"EasingStyle":"Linear","EasingDirection":"In"},"Left Arm":{"Weight":1,"CFrame":[-0.27042239904403689,0.3053475022315979,0.20835578441619874,-0.3293565511703491,0.6225698590278626,-0.7098812460899353,-0.408008873462677,-0.7718524932861328,-0.487619012594223,-0.8515005707740784,0.12903715670108796,0.508228600025177],"EasingStyle":"Linear","EasingDirection":"In"}}},{"Time":0.1666666716337204,"poses":{"Left Leg":{"Weight":1,"CFrame":[-0.9267086386680603,0.8426703214645386,0.4660227298736572,0.6634157299995422,-0.32281509041786196,0.6750333309173584,0.12907402217388154,0.9379968047142029,0.32171711325645449,-0.7370341420173645,-0.1263028234243393,0.6639488935470581],"EasingStyle":"Linear","EasingDirection":"In"},"Right Arm":{"Weight":1,"CFrame":[-0.5015484094619751,-0.32868093252182009,-0.0198819637298584,0.9741653203964233,-0.20054751634597779,-0.10383938997983933,0.22577084600925446,0.8758764863014221,0.4264599680900574,0.005424968898296356,-0.4388863146305084,0.8985261917114258],"EasingStyle":"Linear","EasingDirection":"In"},"Head":{"Weight":1,"CFrame":[2.086162567138672e-7,5.960464477539063e-8,0.016662001609802247,0.8707574009895325,0.3006395995616913,-0.38909846544265749,-0.20077139139175416,0.939724862575531,0.2767816185951233,0.44885700941085818,-0.16288971900939942,0.8786321878433228],"EasingStyle":"Linear","EasingDirection":"In"},"Right Leg":{"Weight":1,"CFrame":[-0.13485857844352723,0.028753459453582765,0.09425640106201172,0.9112422466278076,-0.31180280447006228,-0.2691034972667694,0.3133528232574463,0.9488624930381775,-0.03834063187241554,0.2672969102859497,-0.049386803060770038,0.9623478651046753],"EasingStyle":"Linear","EasingDirection":"In"},"Torso":{"Weight":1,"CFrame":[0.27560096979141238,-0.26611632108688357,-0.47107934951782229,0.891491174697876,-0.22028808295726777,0.39587467908859255,0.36275485157966616,0.8705557584762573,-0.33247825503349306,-0.2713899314403534,0.44000688195228579,0.8560032844543457],"EasingStyle":"Linear","EasingDirection":"In"},"HumanoidRootPart":{"Weight":1,"CFrame":[0,0,0,1,0,0,0,1,0,0,0,1],"EasingStyle":"Linear","EasingDirection":"In"},"Left Arm":{"Weight":1,"CFrame":[-0.2328062355518341,0.2941558361053467,0.18391942977905274,0.019621608778834344,0.9409381747245789,-0.33800968527793887,-0.7947596311569214,-0.19043892621994019,-0.5762726664543152,-0.6066071391105652,0.2799436151981354,0.7440828084945679],"EasingStyle":"Linear","EasingDirection":"In"}}},{"Time":0.20000000298023225,"poses":{"Left Leg":{"Weight":1,"CFrame":[-0.7945101857185364,0.7142221331596375,0.5246217250823975,0.6098506450653076,-0.26739656925201418,0.7460436224937439,0.07596603035926819,0.9567494988441467,0.28081968426704409,-0.7888670563697815,-0.11458408832550049,0.6037874221801758],"EasingStyle":"Linear","EasingDirection":"In"},"Right Arm":{"Weight":1,"CFrame":[-0.6732829809188843,-0.4140496551990509,-0.10054081678390503,0.8902862071990967,-0.424451619386673,-0.16501906514167787,0.45341962575912478,0.7923997640609741,0.40806031227111819,-0.04244079813361168,-0.4381135404109955,0.8979173302650452],"EasingStyle":"Linear","EasingDirection":"In"},"Head":{"Weight":1,"CFrame":[-4.470348358154297e-8,1.4901161193847657e-8,0.016662001609802247,0.9148030281066895,0.14585821330547334,-0.3766443133354187,-0.06729377806186676,0.9745246171951294,0.21394705772399903,0.3982550799846649,-0.17037361860275269,0.9013134241104126],"EasingStyle":"Linear","EasingDirection":"In"},"Right Leg":{"Weight":1,"CFrame":[0.08797499537467957,0.09643197059631348,0.13245058059692384,0.9332459568977356,-0.3129618763923645,-0.1763714700937271,0.3192734718322754,0.947629988193512,0.00787386018782854,0.16467070579528809,-0.06365906447172165,0.9842922687530518],"EasingStyle":"Linear","EasingDirection":"In"},"Torso":{"Weight":1,"CFrame":[0.1439129114151001,-0.2748633623123169,-0.34002685546875,0.9345767498016357,-0.11725015193223953,0.335885226726532,0.2498292773962021,0.8884645104408264,-0.3849886357784271,-0.2532821595668793,0.44371530413627627,0.8596306443214417],"EasingStyle":"Linear","EasingDirection":"In"},"HumanoidRootPart":{"Weight":1,"CFrame":[0,0,0,1,0,0,0,1,0,0,0,1],"EasingStyle":"Linear","EasingDirection":"In"},"Left Arm":{"Weight":1,"CFrame":[-0.2624865770339966,0.1356462836265564,0.058110952377319339,0.422511488199234,0.905928909778595,-0.027874313294887544,-0.8960548639297485,0.4128873646259308,-0.1631251871585846,-0.1362709105014801,0.09389904886484146,0.9862115383148193],"EasingStyle":"Linear","EasingDirection":"In"}}},{"Time":0.23333333432674409,"poses":{"Left Leg":{"Weight":1,"CFrame":[-0.4817778468132019,0.5235512256622315,0.5194443464279175,0.5989698767662048,-0.20471544563770295,0.7741620540618897,0.013830362819135189,0.9692704677581787,0.24560822546482087,-0.8006520867347717,-0.13640499114990235,0.5833950638771057],"EasingStyle":"Linear","EasingDirection":"In"},"Right Arm":{"Weight":1,"CFrame":[-0.7837550640106201,-0.4590393900871277,-0.13098394870758058,0.779451847076416,-0.604706883430481,-0.16365918517112733,0.6147772669792175,0.6881285905838013,0.38539308309555056,-0.12043126672506333,-0.40100938081741335,0.9081233143806458],"EasingStyle":"Linear","EasingDirection":"In"},"Head":{"Weight":1,"CFrame":[1.5273690223693848e-7,-1.2246891856193543e-7,0.016661763191223146,0.9455018043518066,-0.025551486760377885,-0.32461312413215639,0.053739435970783237,0.9954908490180969,0.07816828042268753,0.3211520314216614,-0.09135263413190842,0.9426112771034241],"EasingStyle":"Linear","EasingDirection":"In"},"Right Leg":{"Weight":1,"CFrame":[0.3554481565952301,0.1315332055091858,0.09519433975219727,0.9716027975082398,-0.227033331990242,-0.06666192412376404,0.23317667841911317,0.9665619134902954,0.10670851171016693,0.040206555277109149,-0.1192222386598587,0.992053210735321],"EasingStyle":"Linear","EasingDirection":"In"},"Torso":{"Weight":1,"CFrame":[-0.015871047973632814,-0.21176671981811524,-0.20503854751586915,0.9673231840133667,-0.017296742647886277,0.2529558539390564,0.10831393301486969,0.9302436709403992,-0.35059237480163576,-0.22924643754959107,0.3665347993373871,0.9017196297645569],"EasingStyle":"Linear","EasingDirection":"In"},"HumanoidRootPart":{"Weight":1,"CFrame":[0,0,0,1,0,0,0,1,0,0,0,1],"EasingStyle":"Linear","EasingDirection":"In"},"Left Arm":{"Weight":1,"CFrame":[-0.339682400226593,-0.0897078812122345,-0.006699621677398682,0.5139803290367127,0.7469599843025208,-0.42175257205963137,-0.7446075677871704,0.6326138973236084,0.21297696232795716,0.4258917272090912,0.20457401871681214,0.8813430666923523],"EasingStyle":"Linear","EasingDirection":"In"}}},{"Time":0.2666666805744171,"poses":{"Left Leg":{"Weight":1,"CFrame":[-0.11211112141609192,0.3789021372795105,0.3545515537261963,0.6168354153633118,-0.18608684837818147,0.7647783160209656,-0.08154290169477463,0.951313316822052,0.29724356532096865,-0.7828567624092102,-0.24571259319782258,0.5716296434402466],"EasingStyle":"Linear","EasingDirection":"In"},"Right Arm":{"Weight":1,"CFrame":[-0.8109716176986694,-0.4601878523826599,-0.07066196203231812,0.6442265510559082,-0.7607852816581726,-0.07859890908002854,0.7295397520065308,0.5803858637809753,0.3618343770503998,-0.22966055572032929,-0.29044440388679507,0.9289231896400452],"EasingStyle":"Linear","EasingDirection":"In"},"Head":{"Weight":1,"CFrame":[1.4435499906539918e-7,-8.568167686462403e-8,0.016662001609802247,0.9435887932777405,-0.19806422293186189,-0.2653503119945526,0.17937877774238587,0.9793605208396912,-0.09314657747745514,0.27832257747650149,0.04029381647706032,0.9596421718597412],"EasingStyle":"Linear","EasingDirection":"In"},"Right Leg":{"Weight":1,"CFrame":[0.5648890733718872,0.071322500705719,0.0369037389755249,0.9901001453399658,-0.1200239509344101,0.07277387380599976,0.10563977807760239,0.9785797595977783,0.17669761180877686,-0.09242290258407593,-0.1672605574131012,0.9815711379051209],"EasingStyle":"Linear","EasingDirection":"In"},"Torso":{"Weight":1,"CFrame":[-0.155609130859375,-0.09325069189071655,-0.10923433303833008,0.975559651851654,0.08765283972024918,0.2014952003955841,-0.03597891330718994,0.9683364629745483,-0.2470424920320511,-0.21676912903785706,0.23375512659549714,0.9478236436843872],"EasingStyle":"Linear","EasingDirection":"In"},"HumanoidRootPart":{"Weight":1,"CFrame":[0,0,0,1,0,0,0,1,0,0,0,1],"EasingStyle":"Linear","EasingDirection":"In"},"Left Arm":{"Weight":1,"CFrame":[-0.42424628138542178,-0.22147727012634278,0.08478665351867676,0.1794929951429367,0.42217493057250979,-0.888566792011261,-0.6787252426147461,0.7069748640060425,0.19879260659217835,0.7121195793151856,0.5674107074737549,0.4134376049041748],"EasingStyle":"Linear","EasingDirection":"In"}}},{"Time":0.30000001192092898,"poses":{"Left Leg":{"Weight":1,"CFrame":[-0.14535248279571534,0.3790144920349121,0.38281774520874026,0.5775570273399353,-0.3819727599620819,0.7214741110801697,0.0052912067621946339,0.8855128884315491,0.46458473801612856,-0.8163332343101502,-0.26450663805007937,0.5134552717208862],"EasingStyle":"Linear","EasingDirection":"In"},"Right Arm":{"Weight":1,"CFrame":[-0.742999255657196,-0.42165377736091616,0.050042152404785159,0.46617430448532107,-0.8796815276145935,0.0940314382314682,0.8227530717849731,0.47015056014060976,0.3194303512573242,-0.32520592212677,-0.07154586911201477,0.9429329037666321],"EasingStyle":"Linear","EasingDirection":"In"},"Head":{"Weight":1,"CFrame":[1.5273690223693848e-7,-4.738103598356247e-8,0.016662120819091798,0.8993436098098755,-0.3645152449607849,-0.24147407710552216,0.31092968583106997,0.921445906162262,-0.23293806612491609,0.30741479992866518,0.13440997898578645,0.9420350790023804],"EasingStyle":"Linear","EasingDirection":"In"},"Right Leg":{"Weight":1,"CFrame":[0.6792926788330078,0.0018799304962158204,-0.023680031299591066,0.9754897952079773,-0.052237190306186679,0.2137542963027954,0.015317612327635289,0.9851773977279663,0.17085355520248414,-0.21951070427894593,-0.16339167952537538,0.9618306756019592],"EasingStyle":"Linear","EasingDirection":"In"},"Torso":{"Weight":1,"CFrame":[-0.23395001888275147,0.019354522228240968,-0.09966897964477539,0.9564914107322693,0.18972812592983247,0.22164732217788697,-0.15964916348457337,0.9762150049209595,-0.14668522775173188,-0.24420572817325593,0.10491735488176346,0.9640311598777771],"EasingStyle":"Linear","EasingDirection":"In"},"HumanoidRootPart":{"Weight":1,"CFrame":[0,0,0,1,0,0,0,1,0,0,0,1],"EasingStyle":"Linear","EasingDirection":"In"},"Left Arm":{"Weight":1,"CFrame":[-0.4954138696193695,-0.26692530512809756,0.23490989208221436,-0.20618833601474763,0.07936633378267288,-0.975288450717926,-0.7333897948265076,0.647294819355011,0.20772293210029603,0.6477853059768677,0.7580966949462891,-0.07525826245546341],"EasingStyle":"Linear","EasingDirection":"In"}}},{"Time":0.3333333432674408,"poses":{"Left Leg":{"Weight":1,"CFrame":[-0.15253868699073792,0.4972115755081177,0.3653167486190796,0.5164319276809692,-0.4629799723625183,0.7203802466392517,-0.040211018174886706,0.8272039890289307,0.5604612231254578,-0.8553836345672607,-0.31840723752975466,0.40857765078544619],"EasingStyle":"Linear","EasingDirection":"In"},"Right Arm":{"Weight":1,"CFrame":[-0.5997393727302551,-0.3700370490550995,0.16637027263641358,0.2770307660102844,-0.9051886796951294,0.3223157823085785,0.8873675465583801,0.3696836233139038,0.275522917509079,-0.3685551583766937,0.20968419313430787,0.9056487679481506],"EasingStyle":"Linear","EasingDirection":"In"},"Head":{"Weight":1,"CFrame":[1.4156103134155274e-7,3.725290298461914e-8,0.016662001609802247,0.8195304274559021,-0.5107046365737915,-0.2599048614501953,0.45363903045654299,0.8553227186203003,-0.2502695620059967,0.3501162827014923,0.08720061928033829,0.9326385259628296],"EasingStyle":"Linear","EasingDirection":"In"},"Right Leg":{"Weight":1,"CFrame":[0.7961088418960571,-0.03538918495178223,-0.1278139352798462,0.9505544900894165,-0.06862471252679825,0.302881121635437,0.026155244559049608,0.9895052909851074,0.142110213637352,-0.30945461988449099,-0.12716159224510194,0.942373514175415],"EasingStyle":"Linear","EasingDirection":"In"},"Torso":{"Weight":1,"CFrame":[-0.25406986474990847,0.02935391664505005,-0.1656947135925293,0.9171009063720703,0.2810528576374054,0.28272828459739687,-0.24218688905239106,0.9561207294464111,-0.1648600548505783,-0.3166567385196686,0.08272022008895874,0.944926381111145],"EasingStyle":"Linear","EasingDirection":"In"},"HumanoidRootPart":{"Weight":1,"CFrame":[0,0,0,1,0,0,0,1,0,0,0,1],"EasingStyle":"Linear","EasingDirection":"In"},"Left Arm":{"Weight":1,"CFrame":[-0.493112713098526,-0.25038355588912966,0.43714988231658938,-0.5687013864517212,0.12357331067323685,-0.8132086992263794,-0.5984966158866882,0.6160327792167664,0.5121574997901917,0.5642521977424622,0.7779673933982849,-0.27638065814971926],"EasingStyle":"Linear","EasingDirection":"In"}}},{"Time":0.36666667461395266,"poses":{"Left Leg":{"Weight":1,"CFrame":[-0.16424515843391419,0.7190386056900024,0.42841577529907229,0.4448730945587158,-0.4529975354671478,0.7725808024406433,-0.09120365232229233,0.8352468013763428,0.5422589778900147,-0.8909376263618469,-0.3116986155509949,0.33026376366615298],"EasingStyle":"Linear","EasingDirection":"In"},"Right Arm":{"Weight":1,"CFrame":[-0.4730701148509979,-0.32561084628105166,0.25500380992889407,0.13999538123607636,-0.8321695327758789,0.5365588068962097,0.9253162145614624,0.3028215765953064,0.22823013365268708,-0.35240787267684939,0.464535117149353,0.8124134540557861],"EasingStyle":"Linear","EasingDirection":"In"},"Head":{"Weight":1,"CFrame":[1.4901161193847657e-8,9.313225746154785e-9,0.01666247844696045,0.7543476223945618,-0.595445990562439,-0.2764124870300293,0.5784761309623718,0.8019871115684509,-0.1489364355802536,0.3103627860546112,-0.0475480854511261,0.9494282603263855],"EasingStyle":"Linear","EasingDirection":"In"},"Right Leg":{"Weight":1,"CFrame":[0.9185552597045898,0.08199560642242432,-0.2060040831565857,0.9404266476631165,-0.11087428033351898,0.32141029834747317,0.07124393433332443,0.9886089563369751,0.13257674872875215,-0.3324483633041382,-0.1017802357673645,0.9376134276390076],"EasingStyle":"Linear","EasingDirection":"In"},"Torso":{"Weight":1,"CFrame":[-0.27822744846343996,-0.030500948429107667,-0.31197261810302737,0.8894924521446228,0.3323401212692261,0.31361332535743716,-0.2563730478286743,0.9310821890830994,-0.2595362663269043,-0.37825411558151247,0.15045353770256043,0.9133934378623962],"EasingStyle":"Linear","EasingDirection":"In"},"HumanoidRootPart":{"Weight":1,"CFrame":[0,0,0,1,0,0,0,1,0,0,0,1],"EasingStyle":"Linear","EasingDirection":"In"},"Left Arm":{"Weight":1,"CFrame":[-0.4065152108669281,-0.23097020387649537,0.6277940273284912,-0.7939579486846924,0.3954397439956665,-0.46179890632629397,-0.24511730670928956,0.4869011342525482,0.8383582234382629,0.5563706159591675,0.7788162231445313,-0.2896502912044525],"EasingStyle":"Linear","EasingDirection":"In"}}},{"Time":0.4000000059604645,"poses":{"Left Leg":{"Weight":1,"CFrame":[-0.3394930064678192,0.9162453413009644,0.6221201419830322,0.3408331871032715,-0.45602408051490786,0.8221160769462586,-0.046233080327510837,0.8652879595756531,0.4991385340690613,-0.9389863014221191,-0.20813195407390595,0.27383551001548769],"EasingStyle":"Linear","EasingDirection":"In"},"Right Arm":{"Weight":1,"CFrame":[-0.4651600122451782,-0.28517597913742068,0.2789715528488159,0.0744842141866684,-0.7162705063819885,0.6938361525535584,0.9608332514762878,0.2377863973379135,0.14232823252677918,-0.26693034172058108,0.6560596227645874,0.705927848815918],"EasingStyle":"Linear","EasingDirection":"In"},"Head":{"Weight":1,"CFrame":[2.2351741790771486e-8,1.3504177331924439e-7,0.016662001609802247,0.7323168516159058,-0.6275994181632996,-0.2642558515071869,0.6655105352401733,0.741814374923706,0.08250467479228974,0.14424891769886018,-0.23628458380699159,0.9609172344207764],"EasingStyle":"Linear","EasingDirection":"In"},"Right Leg":{"Weight":1,"CFrame":[0.824592113494873,0.27904295921325686,-0.16258841753005982,0.9227698445320129,-0.2632673382759094,0.28140026330947878,0.22561216354370118,0.9610987305641174,0.15933793783187867,-0.3124018609523773,-0.08354490250349045,0.946269154548645],"EasingStyle":"Linear","EasingDirection":"In"},"Torso":{"Weight":1,"CFrame":[-0.3344137668609619,-0.13037538528442384,-0.48801517486572268,0.8919549584388733,0.3460567891597748,0.29096606373786929,-0.2187027633190155,0.8934904336929321,-0.39222943782806399,-0.3957090973854065,0.2862158715724945,0.8726367354393005],"EasingStyle":"Linear","EasingDirection":"In"},"HumanoidRootPart":{"Weight":1,"CFrame":[0,0,0,1,0,0,0,1,0,0,0,1],"EasingStyle":"Linear","EasingDirection":"In"},"Left Arm":{"Weight":1,"CFrame":[-0.2750202417373657,-0.28660500049591067,0.7118291854858398,-0.7333104610443115,0.6707374453544617,-0.11120699346065521,0.06778644025325775,0.2348775863647461,0.9696584939956665,0.6765063405036926,0.7035225033760071,-0.21770524978637696],"EasingStyle":"Linear","EasingDirection":"In"}}},{"Time":0.4333333373069763,"poses":{"Left Leg":{"Weight":1,"CFrame":[-0.5203237533569336,0.9373242855072022,0.686214804649353,0.4124816656112671,-0.45379501581192019,0.78989177942276,0.042884908616542819,0.8758043050765991,0.4807575047016144,-0.9099559187889099,-0.1644292026758194,0.3807141184806824],"EasingStyle":"Linear","EasingDirection":"In"},"Right Arm":{"Weight":1,"CFrame":[-0.25445204973220827,-0.2651275098323822,0.23455703258514405,0.09235195070505142,-0.6163264513015747,0.7820568680763245,0.977179765701294,0.20698308944702149,0.047726262360811236,-0.19128742814064027,0.7598024606704712,0.6213769912719727],"EasingStyle":"Linear","EasingDirection":"In"},"Head":{"Weight":1,"CFrame":[2.2351741790771486e-8,2.4586915969848635e-7,0.016662240028381349,0.7649147510528565,-0.6242795586585999,-0.15868380665779115,0.6420713067054749,0.7192803025245667,0.2652931213378906,-0.05147898197174072,-0.30481287837028506,0.9510200023651123],"EasingStyle":"Linear","EasingDirection":"In"},"Right Leg":{"Weight":1,"CFrame":[0.6769723892211914,0.44244205951690676,-0.10983097553253174,0.9523521661758423,-0.24622754752635957,0.17999260127544404,0.20249854028224946,0.9517554044723511,0.23055599629878999,-0.22807812690734864,-0.18312230706214906,0.9562669992446899],"EasingStyle":"Linear","EasingDirection":"In"},"Torso":{"Weight":1,"CFrame":[-0.3977468013763428,-0.1160421371459961,-0.5846095085144043,0.9401139616966248,0.23806074261665345,0.24395249783992768,-0.13393822312355042,0.916128396987915,-0.377848356962204,-0.3134426176548004,0.3225458860397339,0.8931506276130676],"EasingStyle":"Linear","EasingDirection":"In"},"HumanoidRootPart":{"Weight":1,"CFrame":[0,0,0,1,0,0,0,1,0,0,0,1],"EasingStyle":"Linear","EasingDirection":"In"},"Left Arm":{"Weight":1,"CFrame":[-0.11903950572013855,-0.5752266645431519,0.5947278738021851,-0.3518628776073456,0.9359925389289856,-0.010513443499803543,-0.015956703573465349,0.005232261028140783,0.9998590350151062,0.9359155893325806,0.3519810438156128,0.013094261288642884],"EasingStyle":"Linear","EasingDirection":"In"}}},{"Time":0.46666666865348818,"poses":{"Left Leg":{"Weight":1,"CFrame":[-0.7963658571243286,0.7987255454063416,0.6866633892059326,0.6209174990653992,-0.47234100103378298,0.6255842447280884,0.19423088431358338,0.8658851981163025,0.4609958231449127,-0.7594313025474548,-0.16473256051540376,0.6293863654136658],"EasingStyle":"Linear","EasingDirection":"In"},"Right Arm":{"Weight":1,"CFrame":[0.12710756063461305,-0.26118069887161257,0.13077902793884278,0.1800258308649063,-0.5532761216163635,0.8133119344711304,0.963158369064331,0.2670835256576538,-0.031503841280937198,-0.19979193806648255,0.7890195846557617,0.5809743404388428],"EasingStyle":"Linear","EasingDirection":"In"},"Head":{"Weight":1,"CFrame":[2.0954757928848267e-7,2.9103830456733705e-9,0.016661882400512697,0.8047669529914856,-0.5930087566375732,0.026278989389538766,0.5695233941078186,0.7838587760925293,0.24740397930145265,-0.16731177270412446,-0.18413613736629487,0.9685560464859009],"EasingStyle":"Linear","EasingDirection":"In"},"Right Leg":{"Weight":1,"CFrame":[0.6503714323043823,0.45237207412719729,0.026302576065063478,0.9986408948898315,0.03333242982625961,0.04006808251142502,-0.04306429252028465,0.9607421159744263,0.2740805447101593,-0.029359253123402597,-0.2754334807395935,0.960871696472168],"EasingStyle":"Linear","EasingDirection":"In"},"Torso":{"Weight":1,"CFrame":[-0.4586583971977234,0.01670020818710327,-0.5822963714599609,0.9824769496917725,-0.0023700487799942495,0.18636895716190339,0.043498098850250247,0.9752228856086731,-0.21690598130226136,-0.18123720586299897,0.22121182084083558,0.9582371115684509],"EasingStyle":"Linear","EasingDirection":"In"},"HumanoidRootPart":{"Weight":1,"CFrame":[0,0,0,1,0,0,0,1,0,0,0,1],"EasingStyle":"Linear","EasingDirection":"In"},"Left Arm":{"Weight":1,"CFrame":[0.014034965075552464,-0.8171948194503784,0.3419891595840454,0.32247036695480349,0.9406715035438538,0.1055942177772522,-0.45618006587028506,0.05669174715876579,0.8880799412727356,0.8294050693511963,-0.33454936742782595,0.4473969638347626],"EasingStyle":"Linear","EasingDirection":"In"}}},{"Time":0.5,"poses":{"Left Leg":{"Weight":1,"CFrame":[-0.9550243020057678,0.605822741985321,0.5838758945465088,0.8034132122993469,-0.4451388120651245,0.39544740319252016,0.2918435335159302,0.8732951283454895,0.3901064395904541,-0.5189936757087708,-0.19800789654254914,0.8315277099609375],"EasingStyle":"Linear","EasingDirection":"In"},"Right Arm":{"Weight":1,"CFrame":[0.39085954427719118,-0.27093690633773806,0.015291333198547364,0.3347410559654236,-0.514142632484436,0.7896873354911804,0.892092764377594,0.44283220171928408,-0.08983456343412399,-0.30351120233535769,0.7345455288887024,0.6068968772888184],"EasingStyle":"Linear","EasingDirection":"In"},"Head":{"Weight":1,"CFrame":[1.6763806343078614e-7,-4.470348358154297e-8,0.016661763191223146,0.8141965270042419,-0.5534573197364807,0.17541079223155976,0.5584931373596191,0.8291661739349365,0.023857418447732927,-0.15864869952201844,0.07854100316762924,0.9842062592506409],"EasingStyle":"Linear","EasingDirection":"In"},"Right Leg":{"Weight":1,"CFrame":[0.6413969993591309,0.3444284200668335,0.20754575729370118,0.9206829071044922,0.37801626324653628,-0.09719400107860565,-0.33123645186424258,0.888441801071167,0.3177321255207062,0.2064591497182846,-0.26033633947372439,0.9431858658790588],"EasingStyle":"Linear","EasingDirection":"In"},"Torso":{"Weight":1,"CFrame":[-0.5407325625419617,0.17030134797096253,-0.5372371673583984,0.9639354348182678,-0.24848847091197968,0.09529947489500046,0.25230684876441958,0.9671767950057983,-0.03017054684460163,-0.0846743956208229,0.05312716215848923,0.9949914216995239],"EasingStyle":"Linear","EasingDirection":"In"},"HumanoidRootPart":{"Weight":1,"CFrame":[0,0,0,1,0,0,0,1,0,0,0,1],"EasingStyle":"Linear","EasingDirection":"In"},"Left Arm":{"Weight":1,"CFrame":[0.0601956844329834,-0.744489312171936,0.13125205039978028,0.6776586771011353,0.5927640795707703,0.43521231412887576,-0.7156195640563965,0.3953009843826294,0.5758695006370544,0.16931481659412385,-0.7016894221305847,0.6920726895332336],"EasingStyle":"Linear","EasingDirection":"In"}}},{"Time":0.5333333611488342,"poses":{"Left Leg":{"Weight":1,"CFrame":[-0.8396241664886475,0.468994140625,0.45669662952423098,0.9426664113998413,-0.26976367831230166,0.19648844003677369,0.21511633694171906,0.9412708282470703,0.26025810837745669,-0.2551569938659668,-0.20306867361068726,0.9453349113464356],"EasingStyle":"Linear","EasingDirection":"In"},"Right Arm":{"Weight":1,"CFrame":[0.47662821412086489,-0.25982826948165896,-0.08331012725830078,0.533037543296814,-0.44418758153915408,0.7201169729232788,0.7210261225700378,0.6838096380233765,-0.111918143928051,-0.4427103102207184,0.5788797736167908,0.6847670674324036],"EasingStyle":"Linear","EasingDirection":"In"},"Head":{"Weight":1,"CFrame":[1.341104507446289e-7,-2.9802322387695315e-8,0.016662001609802247,0.8314543962478638,-0.498638778924942,0.24503682553768159,0.5471654534339905,0.8114283680915833,-0.20541179180145265,-0.09640353918075562,0.3048661947250366,0.9475035667419434],"EasingStyle":"Linear","EasingDirection":"In"},"Right Leg":{"Weight":1,"CFrame":[0.3708362877368927,0.3311607837677002,0.29795241355895998,0.8285051584243774,0.5059908628463745,-0.23990082740783692,-0.39847514033317568,0.8337107300758362,0.38228803873062136,0.39344215393066409,-0.22113311290740968,0.8923584818840027],"EasingStyle":"Linear","EasingDirection":"In"},"Torso":{"Weight":1,"CFrame":[-0.6235342025756836,0.24290956556797028,-0.4663972854614258,0.8959425091743469,-0.4441198408603668,-0.006683193612843752,0.4437273442745209,0.8942764401435852,0.05810048431158066,-0.01982695423066616,-0.055020205676555637,0.9982883930206299],"EasingStyle":"Linear","EasingDirection":"In"},"HumanoidRootPart":{"Weight":1,"CFrame":[0,0,0,1,0,0,0,1,0,0,0,1],"EasingStyle":"Linear","EasingDirection":"In"},"Left Arm":{"Weight":1,"CFrame":[0.05577462911605835,-0.5656577348709106,0.016923904418945314,0.660313606262207,0.34835514426231387,0.6653079390525818,-0.6675259470939636,0.6781548857688904,0.30743300914764407,-0.3440859913825989,-0.6471124887466431,0.6803310513496399],"EasingStyle":"Linear","EasingDirection":"In"}}},{"Time":0.5666666626930237,"poses":{"Left Leg":{"Weight":1,"CFrame":[-0.6902489066123962,0.3337975740432739,0.42061519622802737,0.9968213438987732,-0.05780772864818573,0.05482308566570282,0.052161674946546558,0.9936843514442444,0.09935116767883301,-0.06022021546959877,-0.0961756780743599,0.9935410618782044],"EasingStyle":"Linear","EasingDirection":"In"},"Right Arm":{"Weight":1,"CFrame":[0.46683961153030398,-0.21362894773483277,-0.14914178848266602,0.7154695391654968,-0.30818837881088259,0.6269955039024353,0.43884387612342837,0.8965522646903992,-0.06008432060480118,-0.5436168909072876,0.31814154982566836,0.776702344417572],"EasingStyle":"Linear","EasingDirection":"In"},"Head":{"Weight":1,"CFrame":[-1.4901161193847657e-8,1.043081283569336e-7,0.016661524772644044,0.863402783870697,-0.4268495738506317,0.2689516246318817,0.49867552518844607,0.8029085993766785,-0.32658907771110537,-0.07653915137052536,0.4160974323749542,0.9060931205749512],"EasingStyle":"Linear","EasingDirection":"In"},"Right Leg":{"Weight":1,"CFrame":[0.27045774459838869,0.3628709316253662,0.41950416564941409,0.7043951153755188,0.5808430910110474,-0.40798136591911318,-0.4100794494152069,0.8021610379219055,0.43401917815208437,0.5793637633323669,-0.13841626048088075,0.8032301664352417],"EasingStyle":"Linear","EasingDirection":"In"},"Torso":{"Weight":1,"CFrame":[-0.669513463973999,0.215406596660614,-0.3244500160217285,0.8040164113044739,-0.5895933508872986,-0.07705402374267578,0.5927076935768127,0.8050399422645569,0.024664634838700296,0.0474894642829895,-0.06550128012895584,0.9967218041419983],"EasingStyle":"Linear","EasingDirection":"In"},"HumanoidRootPart":{"Weight":1,"CFrame":[0,0,0,1,0,0,0,1,0,0,0,1],"EasingStyle":"Linear","EasingDirection":"In"},"Left Arm":{"Weight":1,"CFrame":[0.02274439111351967,-0.4010884165763855,-0.035672128200531009,0.6593292951583862,0.31584054231643679,0.68229740858078,-0.5719005465507507,0.7997820377349854,0.18242372572422028,-0.48807236552238467,-0.5104836821556091,0.707949161529541],"EasingStyle":"Linear","EasingDirection":"In"}}},{"Time":0.6000000238418579,"poses":{"Left Leg":{"Weight":1,"CFrame":[-0.7103328704833984,0.19826287031173707,0.4052983522415161,0.9876179695129395,0.09341048449277878,0.12603677809238435,-0.08849497139453888,0.9951015114784241,-0.04406433925032616,-0.12953545153141023,0.0323651023209095,0.9910464286804199],"EasingStyle":"Linear","EasingDirection":"In"},"Right Arm":{"Weight":1,"CFrame":[0.4377533793449402,-0.129630446434021,-0.1838330626487732,0.7756197452545166,-0.2454974353313446,0.5815024971961975,0.24131861329078675,0.9666094779968262,0.08620547503232956,-0.5832490921020508,0.07346469163894654,0.8089644312858582],"EasingStyle":"Linear","EasingDirection":"In"},"Head":{"Weight":1,"CFrame":[7.264316082000733e-8,-9.313225746154785e-9,0.01666247844696045,0.8922967314720154,-0.3473883271217346,0.28831931948661806,0.43133819103240969,0.8445274233818054,-0.31736576557159426,-0.13324442505836488,0.40754756331443789,0.903410792350769],"EasingStyle":"Linear","EasingDirection":"In"},"Right Leg":{"Weight":1,"CFrame":[0.14056727290153504,0.4527552127838135,0.4338972568511963,0.6399528384208679,0.5157057046890259,-0.5696559548377991,-0.2700013816356659,0.8449806571006775,0.46163520216941836,0.7194161415100098,-0.14161691069602967,0.6799890398979187],"EasingStyle":"Linear","EasingDirection":"In"},"Torso":{"Weight":1,"CFrame":[-0.6559406518936157,0.09699738025665283,-0.15508008003234864,0.7126572132110596,-0.696401059627533,-0.08452952653169632,0.6866384148597717,0.7171458601951599,-0.11928746849298477,0.14369192719459535,0.026969853788614274,0.989254891872406],"EasingStyle":"Linear","EasingDirection":"In"},"HumanoidRootPart":{"Weight":1,"CFrame":[0,0,0,1,0,0,0,1,0,0,0,1],"EasingStyle":"Linear","EasingDirection":"In"},"Left Arm":{"Weight":1,"CFrame":[-0.029751423746347429,-0.29055964946746828,-0.04638415575027466,0.7284952402114868,0.38998380303382876,0.5632116198539734,-0.5362809300422669,0.8362179398536682,0.11464013159275055,-0.42625993490219118,-0.38555458188056948,0.8183217644691467],"EasingStyle":"Linear","EasingDirection":"In"}}},{"Time":0.6333333253860474,"poses":{"Left Leg":{"Weight":1,"CFrame":[-0.7020845413208008,0.1589692234992981,0.3417696952819824,0.9039067029953003,0.3025113046169281,0.3023895025253296,-0.2553955018520355,0.9488213658332825,-0.18577177822589875,-0.3431117832660675,0.0906914696097374,0.9349061250686646],"EasingStyle":"Linear","EasingDirection":"In"},"Right Arm":{"Weight":1,"CFrame":[0.42893916368484499,-0.18222180008888246,-0.1719437837600708,0.6455916166305542,-0.3802780508995056,0.6622689962387085,0.2561502456665039,0.9247946739196777,0.28132152557373049,-0.7194432020187378,-0.011978554539382458,0.6944479942321777],"EasingStyle":"Linear","EasingDirection":"In"},"Head":{"Weight":1,"CFrame":[4.470348358154297e-8,-2.9802322387695315e-8,0.0166623592376709,0.9053134322166443,-0.28506001830101015,0.31487876176834109,0.36422109603881838,0.9024065136909485,