{"Sequence":[{"Time":0,"poses":{"Left Leg":{"Weight":1,"CFrame":[-0.3682253956794739,-0.24515914916992188,0.022228717803955079,0.8085756301879883,-0.56510990858078,0.16387848556041718,0.5880751609802246,0.7670182585716248,-0.25661441683769228,0.019317511469125749,0.303864985704422,0.9525192379951477],"EasingStyle":"Linear","EasingDirection":"In"},"Right Arm":{"Weight":1,"CFrame":[-0.2763991355895996,-0.19863706827163697,0.2245849370956421,0.8031660914421082,0.525336503982544,-0.280972957611084,-0.31563642621040347,0.7752203941345215,0.5471810698509216,0.5052701830863953,-0.3507920205593109,0.7884459495544434],"EasingStyle":"Linear","EasingDirection":"In"},"Head":{"Weight":1,"CFrame":[6.28642737865448e-8,1.30385160446167e-8,0,0.9866523146629334,-0.07223785668611527,-0.14594177901744843,0.06241876259446144,0.9955371022224426,-0.07078052312135697,0.1504034847021103,0.06072628125548363,0.9867578744888306],"EasingStyle":"Linear","EasingDirection":"In"},"Right Leg":{"Weight":1,"CFrame":[0.38626235723495486,-0.46626389026641848,0.14047062397003175,0.8960341215133667,-0.08022631704807282,-0.4366767406463623,-0.24383771419525147,0.7330121397972107,-0.6350091099739075,0.37103375792503359,0.6754680871963501,0.6372417211532593],"EasingStyle":"Linear","EasingDirection":"In"},"Torso":{"Weight":1,"CFrame":[0.11131173372268677,-0.029213115572929384,-0.2728400230407715,0.9876772165298462,0.1066584587097168,0.11453228443861008,-0.10310673713684082,0.9939997792243958,-0.036516398191452029,-0.11773983389139176,0.024257361888885499,0.9927482604980469],"EasingStyle":"Linear","EasingDirection":"In"},"HumanoidRootPart":{"Weight":1,"CFrame":[0,0,0,1,0,0,0,1,0,0,0,1],"EasingStyle":"Linear","EasingDirection":"In"},"Left Arm":{"Weight":1,"CFrame":[-0.6219351291656494,-0.7543461322784424,-0.29502010345458987,-0.7643665075302124,0.24809622764587403,-0.5951404571533203,-0.5984551310539246,-0.6165255904197693,0.5116127729415894,-0.23999005556106568,0.7472245693206787,0.6197258830070496],"EasingStyle":"Linear","EasingDirection":"In"}}},{"Time":0.03333333507180214,"poses":{"Left Leg":{"Weight":1,"CFrame":[-0.2827659547328949,-0.25600242614746096,0.009111285209655762,0.8250547647476196,-0.5342230796813965,0.18409337103366853,0.5649498105049133,0.773676872253418,-0.2868025600910187,0.01078770961612463,0.340631365776062,0.9401350617408752],"EasingStyle":"Linear","EasingDirection":"In"},"Right Arm":{"Weight":1,"CFrame":[-0.27217143774032595,-0.3065694570541382,0.2239549160003662,0.747896671295166,0.6042087078094482,-0.2749226689338684,-0.3615032136440277,0.7180750966072083,0.5947130918502808,0.5567459464073181,-0.34539860486984255,0.7554694414138794],"EasingStyle":"Linear","EasingDirection":"In"},"Head":{"Weight":1,"CFrame":[7.264316082000733e-8,3.725290298461914e-9,1.1920928955078126e-7,0.9781524538993836,-0.15806496143341065,-0.1350305825471878,0.14793656766414643,0.9855856895446777,-0.08207062631845474,0.14605668187141419,0.06030162051320076,0.9874366521835327],"EasingStyle":"Linear","EasingDirection":"In"},"Right Leg":{"Weight":1,"CFrame":[0.3024000823497772,-0.4551597833633423,0.07207417488098145,0.9023240804672241,-0.104745052754879,-0.4181382954120636,-0.20171219110488892,0.7546664476394653,-0.6243323683738709,0.3809506893157959,0.6476936936378479,0.6598254442214966],"EasingStyle":"Linear","EasingDirection":"In"},"Torso":{"Weight":1,"CFrame":[0.06555399298667908,-0.020010139793157579,-0.2549295425415039,0.9787328839302063,0.18632052838802339,0.0858299508690834,-0.1851503998041153,0.9824756979942322,-0.02146841213107109,-0.0883258506655693,0.005120393354445696,0.9960784912109375],"EasingStyle":"Linear","EasingDirection":"In"},"HumanoidRootPart":{"Weight":1,"CFrame":[0,0,0,1,0,0,0,1,0,0,0,1],"EasingStyle":"Linear","EasingDirection":"In"},"Left Arm":{"Weight":1,"CFrame":[-0.6211827397346497,-0.7378637194633484,-0.2872568368911743,-0.7511234879493713,0.250175416469574,-0.6109220385551453,-0.6217710971832275,-0.5790718197822571,0.5273296236991882,-0.2218429297208786,0.7759433388710022,0.590506374835968],"EasingStyle":"Linear","EasingDirection":"In"}}},{"Time":0.06666667014360428,"poses":{"Left Leg":{"Weight":1,"CFrame":[0.016407767310738565,-0.186653733253479,-0.025839567184448243,0.8995804190635681,-0.37868621945381167,0.21760503947734834,0.4309355616569519,0.8506461977958679,-0.3011569380760193,-0.07106100022792816,0.3646886646747589,0.9284140467643738],"EasingStyle":"Linear","EasingDirection":"In"},"Right Arm":{"Weight":1,"CFrame":[-0.2715674638748169,-0.39235731959342959,0.2210789918899536,0.725435733795166,0.6345736980438232,-0.26656991243362429,-0.3769899904727936,0.6903591752052307,0.6174807548522949,0.5758659839630127,-0.34744852781295779,0.7400392293930054],"EasingStyle":"Linear","EasingDirection":"In"},"Head":{"Weight":1,"CFrame":[8.335337042808533e-8,0,0,0.9622707962989807,-0.2488720566034317,-0.10998968034982681,0.238515704870224,0.9660608172416687,-0.09918064624071121,0.1309400200843811,0.06920433789491654,0.9889719486236572],"EasingStyle":"Linear","EasingDirection":"In"},"Right Leg":{"Weight":1,"CFrame":[0.2465677708387375,-0.3782219886779785,0.06361711025238037,0.9160919785499573,-0.07763687521219254,-0.39338037371635439,-0.17639562487602235,0.8030081987380981,-0.5692647695541382,0.3600834310054779,0.5908895134925842,0.7219346761703491],"EasingStyle":"Linear","EasingDirection":"In"},"Torso":{"Weight":1,"CFrame":[0.018457874655723573,-0.0164643507450819,-0.1902787685394287,0.9634276032447815,0.2620120942592621,0.056186798959970477,-0.2620098292827606,0.9650358557701111,-0.007537547033280134,-0.05619719251990318,-0.007459613494575024,0.9983919262886047],"EasingStyle":"Linear","EasingDirection":"In"},"HumanoidRootPart":{"Weight":1,"CFrame":[0,0,0,1,0,0,0,1,0,0,0,1],"EasingStyle":"Linear","EasingDirection":"In"},"Left Arm":{"Weight":1,"CFrame":[-0.6159156560897827,-0.7149477005004883,-0.2658807039260864,-0.7076085209846497,0.268314927816391,-0.6536799669265747,-0.6849838495254517,-0.4875677525997162,0.5413638949394226,-0.1734572798013687,0.8308338522911072,0.5287983417510986],"EasingStyle":"Linear","EasingDirection":"In"}}},{"Time":0.10000000149011612,"poses":{"Left Leg":{"Weight":1,"CFrame":[-0.17535360157489777,-0.23407864570617677,0.014960050582885743,0.8428291082382202,-0.4792872667312622,0.2447916865348816,0.5341825485229492,0.8003637194633484,-0.2721520960330963,-0.06548342853784561,0.3601412773132324,0.9305967092514038],"EasingStyle":"Linear","EasingDirection":"In"},"Right Arm":{"Weight":1,"CFrame":[-0.2719077169895172,-0.35524624586105349,0.21489644050598145,0.7320213317871094,0.626904308795929,-0.26671311259269717,-0.3972477912902832,0.7108125686645508,0.5804650187492371,0.5534790754318237,-0.31896156072616579,0.7693663239479065],"EasingStyle":"Linear","EasingDirection":"In"},"Head":{"Weight":1,"CFrame":[8.870847523212433e-8,-1.0477378964424134e-9,-2.980232238769531e-7,0.9412873983383179,-0.3292573392391205,-0.07461759448051453,0.3198782801628113,0.9404823780059815,-0.114764004945755,0.1079634502530098,0.08415735512971878,0.9905864000320435],"EasingStyle":"Linear","EasingDirection":"In"},"Right Leg":{"Weight":1,"CFrame":[0.40290704369544985,-0.19850099086761475,0.1839982271194458,0.9316969513893127,0.10796555876731873,-0.346820205450058,-0.26661694049835207,0.851719856262207,-0.4510974586009979,0.24669070541858674,0.5127541422843933,0.8223301768302918],"EasingStyle":"Linear","EasingDirection":"In"},"Torso":{"Weight":1,"CFrame":[-0.028882168233394624,-0.017275288701057435,-0.15050411224365235,0.9432312250137329,0.33112698793411257,0.025880243629217149,-0.33136048913002016,0.9434899091720581,0.005200526211410761,-0.022695710882544519,-0.013480985537171364,0.9996516108512878],"EasingStyle":"Linear","EasingDirection":"In"},"HumanoidRootPart":{"Weight":1,"CFrame":[0,0,0,1,0,0,0,1,0,0,0,1],"EasingStyle":"Linear","EasingDirection":"In"},"Left Arm":{"Weight":1,"CFrame":[-0.6016191244125366,-0.684693455696106,-0.23376160860061646,-0.6277101635932922,0.2980824410915375,-0.7191153168678284,-0.7744861841201782,-0.3322105407714844,0.5383376479148865,-0.07842866331338883,0.8948648571968079,0.4393925368785858],"EasingStyle":"Linear","EasingDirection":"In"}}},{"Time":0.13333334028720857,"poses":{"Left Leg":{"Weight":1,"CFrame":[-0.48546895384788515,-0.18891489505767823,0.11373782157897949,0.7513721585273743,-0.6141676902770996,0.24132563173770905,0.65451580286026,0.740170419216156,-0.15413258969783784,-0.08395888656377793,0.27376237511634829,0.9581258296966553],"EasingStyle":"Linear","EasingDirection":"In"},"Right Arm":{"Weight":1,"CFrame":[-0.27265629172325137,-0.27360033988952639,0.2060161828994751,0.7614778876304627,0.5930488705635071,-0.26161909103393557,-0.43192097544670107,0.7651948928833008,0.47741055488586428,0.48331746459007265,-0.2505388557910919,0.8388293981552124],"EasingStyle":"Linear","EasingDirection":"In"},"Head":{"Weight":1,"CFrame":[8.614733815193176e-8,9.313225746154786e-10,-1.1920928955078126e-7,0.9220134615898132,-0.38565173745155337,-0.03411632031202316,0.37904033064842226,0.9171203374862671,-0.12336459010839462,0.07886453717947006,0.10081236064434052,0.9917747974395752],"EasingStyle":"Linear","EasingDirection":"In"},"Right Leg":{"Weight":1,"CFrame":[0.5397972464561462,0.03816801309585571,0.20543479919433595,0.9233912229537964,0.27508947253227236,-0.26772087812423708,-0.3421228229999542,0.9060606360435486,-0.24901078641414643,0.1740712672472,0.3215278089046478,0.9307626485824585],"EasingStyle":"Linear","EasingDirection":"In"},"Torso":{"Weight":1,"CFrame":[-0.0757153332233429,-0.021238110959529878,-0.14228129386901856,0.920237123966217,0.3913261890411377,-0.005241806618869305,-0.39119812846183779,0.9201576709747315,0.01655060611665249,0.011299974285066128,-0.013179896399378777,0.9998493194580078],"EasingStyle":"Linear","EasingDirection":"In"},"HumanoidRootPart":{"Weight":1,"CFrame":[0,0,0,1,0,0,0,1,0,0,0,1],"EasingStyle":"Linear","EasingDirection":"In"},"Left Arm":{"Weight":1,"CFrame":[-0.5737788677215576,-0.6461933851242065,-0.19376981258392335,-0.5022916197776794,0.32959848642349245,-0.7994173765182495,-0.8609798550605774,-0.10499033331871033,0.4976854622364044,0.08010532706975937,0.9382654428482056,0.33651334047317507],"EasingStyle":"Linear","EasingDirection":"In"}}},{"Time":0.1666666716337204,"poses":{"Left Leg":{"Weight":1,"CFrame":[-0.6280954480171204,-0.02379143238067627,0.13338792324066163,0.7410802841186523,-0.643478274345398,0.1916656196117401,0.6499348878860474,0.7591508030891419,0.03570319712162018,-0.1684773713350296,0.09811121970415116,0.9808107614517212],"EasingStyle":"Linear","EasingDirection":"In"},"Right Arm":{"Weight":1,"CFrame":[-0.2734047472476959,-0.19195446372032166,0.19546377658843995,0.8211140036582947,0.5196335315704346,-0.23612089455127717,-0.4358936846256256,0.8379766345024109,0.32831674814224245,0.36846810579299929,-0.16666187345981599,0.9145792126655579],"EasingStyle":"Linear","EasingDirection":"In"},"Head":{"Weight":1,"CFrame":[1.2066448107361794e-7,1.5366822481155397e-8,1.1920928955078126e-7,0.9136383533477783,-0.4064849019050598,0.005923256278038025,0.40413087606430056,0.906574547290802,-0.1216590628027916,0.044082704931497577,0.11354614049196243,0.9925543069839478],"EasingStyle":"Linear","EasingDirection":"In"},"Right Leg":{"Weight":1,"CFrame":[0.6080483198165894,0.1776655912399292,0.1100921630859375,0.9123632907867432,0.37366050481796267,-0.16724523901939393,-0.3788263499736786,0.9254671931266785,0.0010958609636873007,0.15518955886363984,0.062357041984796527,0.9859147667884827],"EasingStyle":"Linear","EasingDirection":"In"},"Torso":{"Weight":1,"CFrame":[-0.12108122557401657,-0.027322299778461458,-0.1517930030822754,0.8969194293022156,0.4406375288963318,-0.037069473415613177,-0.43992120027542117,0.897657036781311,0.026099614799022676,0.04477614164352417,-0.007101600058376789,0.9989718198776245],"EasingStyle":"Linear","EasingDirection":"In"},"HumanoidRootPart":{"Weight":1,"CFrame":[0,0,0,1,0,0,0,1,0,0,0,1],"EasingStyle":"Linear","EasingDirection":"In"},"Left Arm":{"Weight":1,"CFrame":[-0.5278799533843994,-0.5985421538352966,-0.14877533912658692,-0.32899606227874758,0.34847185015678408,-0.8776839375495911,-0.8956663608551025,0.1793665736913681,0.40695154666900637,0.2992384135723114,0.9199973344802856,0.25310346484184267],"EasingStyle":"Linear","EasingDirection":"In"}}},{"Time":0.20000000298023225,"poses":{"Left Leg":{"Weight":1,"CFrame":[-0.5101324915885925,0.06446880102157593,0.06983840465545654,0.8366273641586304,-0.5317416191101074,0.13154998421669007,0.507365882396698,0.8427609205245972,0.17981649935245515,-0.20648112893104554,-0.08369532972574234,0.9748644232749939],"EasingStyle":"Linear","EasingDirection":"In"},"Right Arm":{"Weight":1,"CFrame":[-0.27374494075775149,-0.15484297275543214,0.1842653751373291,0.9062125086784363,0.38750869035720827,-0.16916301846504212,-0.3599156439304352,0.9169259667396545,0.17235895991325379,0.22190053761005402,-0.09530948102474213,0.9704000353813171],"EasingStyle":"Linear","EasingDirection":"In"},"Head":{"Weight":1,"CFrame":[9.220093488693237e-8,7.450580596923828e-9,0,0.9131100177764893,-0.40548691153526308,0.04255128279328346,0.4076685607433319,0.906474769115448,-0.11004506051540375,0.0060501862317323689,0.1178300753235817,0.9930153489112854],"EasingStyle":"Linear","EasingDirection":"In"},"Right Leg":{"Weight":1,"CFrame":[0.6185644268989563,0.21927189826965333,0.024187445640563966,0.9099959135055542,0.4050787091255188,-0.08842325955629349,-0.38312074542045596,0.9030561447143555,0.19418609142303468,0.1585119366645813,-0.14283180236816407,0.976971447467804],"EasingStyle":"Linear","EasingDirection":"In"},"Torso":{"Weight":1,"CFrame":[-0.1646680235862732,-0.03697258234024048,-0.19355440139770509,0.8759235739707947,0.47730007767677309,-0.07030362635850907,-0.4763849973678589,0.8787131905555725,0.030340366065502168,0.07625818997621536,0.006915749050676823,0.9970641136169434],"EasingStyle":"Linear","EasingDirection":"In"},"HumanoidRootPart":{"Weight":1,"CFrame":[0,0,0,1,0,0,0,1,0,0,0,1],"EasingStyle":"Linear","EasingDirection":"In"},"Left Arm":{"Weight":1,"CFrame":[-0.4594077467918396,-0.5408339500427246,-0.10164850950241089,-0.12396726757287979,0.34722888469696047,-0.9295505881309509,-0.8363553285598755,0.46755218505859377,0.2861902117729187,0.5339868664741516,0.8129127621650696,0.23244547843933106],"EasingStyle":"Linear","EasingDirection":"In"}}},{"Time":0.23333333432674409,"poses":{"Left Leg":{"Weight":1,"CFrame":[-0.40253767371177676,0.08130651712417603,0.043578267097473147,0.8861287832260132,-0.4498080909252167,0.111573226749897,0.4206026792526245,0.8816600441932678,0.21393689513206483,-0.19460026919841767,-0.14264772832393647,0.9704546928405762],"EasingStyle":"Linear","EasingDirection":"In"},"Right Arm":{"Weight":1,"CFrame":[-0.272582083940506,-0.16538739204406739,0.17275726795196534,0.9833271503448486,0.17499656975269319,-0.04943690076470375,-0.1716754287481308,0.9830110669136047,0.064937524497509,0.059960879385471347,-0.05536776781082153,0.9966639876365662],"EasingStyle":"Linear","EasingDirection":"In"},"Head":{"Weight":1,"CFrame":[1.0337680578231812e-7,2.7939677238464357e-8,1.1920928955078126e-7,0.9119516611099243,-0.4036843478679657,0.07336986064910889,0.4092833697795868,0.9076003432273865,-0.09353478252887726,-0.028832009062170984,0.11532825976610184,0.9929089546203613],"EasingStyle":"Linear","EasingDirection":"In"},"Right Leg":{"Weight":1,"CFrame":[0.6860501766204834,0.2871319055557251,-0.024127662181854249,0.8980047702789307,0.43646523356437685,-0.055548399686813357,-0.40354421734809878,0.8673464059829712,0.2913113534450531,0.1753271073102951,-0.23918277025222779,0.955014169216156],"EasingStyle":"Linear","EasingDirection":"In"},"Torso":{"Weight":1,"CFrame":[-0.20592236518859864,-0.05073431134223938,-0.29459238052368166,0.859849750995636,0.499561071395874,-0.10534311830997467,-0.49970951676368716,0.8657755851745606,0.02688991278409958,0.10463665425777435,0.02951967716217041,0.9940723180770874],"EasingStyle":"Linear","EasingDirection":"In"},"HumanoidRootPart":{"Weight":1,"CFrame":[0,0,0,1,0,0,0,1,0,0,0,1],"EasingStyle":"Linear","EasingDirection":"In"},"Left Arm":{"Weight":1,"CFrame":[-0.36384764313697817,-0.4721626043319702,-0.055259108543395999,0.08207481354475022,0.3409785032272339,-0.9364814162254334,-0.6958189606666565,0.692327618598938,0.1910979151725769,0.7135122418403626,0.6359372138977051,0.29408183693885805],"EasingStyle":"Linear","EasingDirection":"In"}}},{"Time":0.2666666805744171,"poses":{"Left Leg":{"Weight":1,"CFrame":[-0.476373553276062,0.08207392692565918,0.04941225051879883,0.8715183138847351,-0.4782373905181885,0.10837337374687195,0.4534863531589508,0.8701320290565491,0.19292612373828889,-0.18656368553638459,-0.11899275332689285,0.9752100706100464],"EasingStyle":"Linear","EasingDirection":"In"},"Right Arm":{"Weight":1,"CFrame":[-0.2644421458244324,-0.20738431811332704,0.1585174798965454,0.9886953830718994,-0.10733286291360855,0.10469550639390946,0.10486865043640137,0.994069516658783,0.028781069442629815,-0.10716380178928375,-0.017476588487625123,0.9940877556800842],"EasingStyle":"Linear","EasingDirection":"In"},"Head":{"Weight":1,"CFrame":[6.705522537231445e-8,3.3527612686157229e-8,0,0.911397397518158,-0.4006085693836212,0.09416870772838593,0.40786123275756838,0.9097877740859985,-0.07704143971204758,-0.05481007322669029,0.10862313210964203,0.9925709366798401],"EasingStyle":"Linear","EasingDirection":"In"},"Right Leg":{"Weight":1,"CFrame":[0.7439438700675964,0.3617655038833618,-0.05148005485534668,0.8919275403022766,0.4487583637237549,-0.05550750717520714,-0.4085567593574524,0.8523924946784973,0.3263562023639679,0.19376927614212037,-0.2684082090854645,0.943615734577179],"EasingStyle":"Linear","EasingDirection":"In"},"Torso":{"Weight":1,"CFrame":[-0.24301758408546449,-0.06660914421081543,-0.3585391044616699,0.8510859608650208,0.5057402849197388,-0.1409953087568283,-0.5087465047836304,0.8607574105262756,0.016545016318559648,0.1297302544116974,0.0576496347784996,0.9898720383644104],"EasingStyle":"Linear","EasingDirection":"In"},"HumanoidRootPart":{"Weight":1,"CFrame":[0,0,0,1,0,0,0,1,0,0,0,1],"EasingStyle":"Linear","EasingDirection":"In"},"Left Arm":{"Weight":1,"CFrame":[-0.2278587967157364,-0.3935331106185913,-0.01222217082977295,0.2901553511619568,0.3645365536212921,-0.8848294019699097,-0.5474576950073242,0.8215967416763306,0.15896183252334596,0.7849204540252686,0.4382830560207367,0.43795904517173769],"EasingStyle":"Linear","EasingDirection":"In"}}},{"Time":0.30000001192092898,"poses":{"Left Leg":{"Weight":1,"CFrame":[-0.48748600482940676,0.08716106414794922,0.04336202144622803,0.8880061507225037,-0.44932666420936587,0.09772858768701554,0.4302229583263397,0.8868774175643921,0.16839461028575898,-0.1623375117778778,-0.10749034583568573,0.9808631539344788],"EasingStyle":"Linear","EasingDirection":"In"},"Right Arm":{"Weight":1,"CFrame":[-0.2423475831747055,-0.29637885093688967,0.13843464851379395,0.8687466382980347,-0.41998714208602908,0.26246950030326846,0.4190985858440399,0.9058049321174622,0.062239814549684528,-0.26388615369796755,0.05592985078692436,0.9629309177398682],"EasingStyle":"Linear","EasingDirection":"In"},"Head":{"Weight":1,"CFrame":[1.3783574104309083e-7,1.4901161193847657e-8,1.1920928955078126e-7,0.9129204750061035,-0.39548906683921816,0.10082092136144638,0.40274137258529665,0.9129688143730164,-0.06547892838716507,-0.06615015864372254,0.10038178414106369,0.9927476048469544],"EasingStyle":"Linear","EasingDirection":"In"},"Right Leg":{"Weight":1,"CFrame":[0.7433813810348511,0.4075239896774292,-0.05750197172164917,0.8974188566207886,0.4348127245903015,-0.07468099892139435,-0.38499608635902407,0.8544971942901611,0.3487299978733063,0.21544699370861054,-0.28420504927635195,0.9342430830001831],"EasingStyle":"Linear","EasingDirection":"In"},"Torso":{"Weight":1,"CFrame":[-0.27207475900650027,-0.08332161605358124,-0.3748452663421631,0.8520767092704773,0.4938242733478546,-0.17350216209888459,-0.50155109167099,0.8651277422904968,-0.0008013106416910887,0.14970581233501435,0.08770298212766648,0.9848331809043884],"EasingStyle":"Linear","EasingDirection":"In"},"HumanoidRootPart":{"Weight":1,"CFrame":[0,0,0,1,0,0,0,1,0,0,0,1],"EasingStyle":"Linear","EasingDirection":"In"},"Left Arm":{"Weight":1,"CFrame":[-0.06227484345436096,-0.31359434127807619,0.025868892669677736,0.4995545446872711,0.40347549319267275,-0.7665853500366211,-0.43722206354141238,0.8813669085502625,0.17896711826324464,0.7478517889976502,0.24576418101787568,0.6166990995407105],"EasingStyle":"Linear","EasingDirection":"In"}}},{"Time":0.3333333432674408,"poses":{"Left Leg":{"Weight":1,"CFrame":[-0.4680117964744568,0.10356348752975464,0.03958582878112793,0.9152523279190064,-0.39049655199050906,0.09912552684545517,0.37372222542762759,0.9148110151290894,0.15314216911792756,-0.1504826545715332,-0.10311828553676605,0.983220100402832],"EasingStyle":"Linear","EasingDirection":"In"},"Right Arm":{"Weight":1,"CFrame":[-0.16681456565856934,-0.43766212463378909,0.10982644557952881,0.5820128321647644,-0.7065868973731995,0.40248727798461916,0.7176644802093506,0.6790655851364136,0.15436235070228578,-0.3823857009410858,0.19900980591773988,0.9023171663284302],"EasingStyle":"Linear","EasingDirection":"In"},"Head":{"Weight":1,"CFrame":[1.601874828338623e-7,7.450580596923828e-9,-2.980232238769531e-7,0.9219325184822083,-0.3767065405845642,0.09018108993768692,0.38271546363830569,0.9217786192893982,-0.06207361817359924,-0.05974346026778221,0.09174138307571411,0.9939890503883362],"EasingStyle":"Linear","EasingDirection":"In"},"Right Leg":{"Weight":1,"CFrame":[0.7182579636573792,0.428358256816864,-0.04717409610748291,0.9050534963607788,0.41292938590049746,-0.1018206849694252,-0.3544498383998871,0.8646592497825623,0.3559911549091339,0.23503947257995606,-0.28610074520111086,0.9289256930351257],"EasingStyle":"Linear","EasingDirection":"In"},"Torso":{"Weight":1,"CFrame":[-0.28939324617385867,-0.10010813176631928,-0.3674483299255371,0.8632873892784119,0.46456071734428408,-0.19727723300457,-0.47820353507995608,0.8778837323188782,-0.025328727439045907,0.16141974925994874,0.116204634308815,0.9800205230712891],"EasingStyle":"Linear","EasingDirection":"In"},"HumanoidRootPart":{"Weight":1,"CFrame":[0,0,0,1,0,0,0,1,0,0,0,1],"EasingStyle":"Linear","EasingDirection":"In"},"Left Arm":{"Weight":1,"CFrame":[0.10115626454353333,-0.2429061233997345,0.057675838470458987,0.6787352561950684,0.426453173160553,-0.5978765487670898,-0.36785435676574709,0.9020494818687439,0.2258094996213913,0.6356114149093628,0.06666659563779831,0.7691253423690796],"EasingStyle":"Linear","EasingDirection":"In"}}},{"Time":0.36666667461395266,"poses":{"Left Leg":{"Weight":1,"CFrame":[-0.4060286283493042,0.10826742649078369,0.04569661617279053,0.9452919960021973,-0.300781786441803,0.12630628049373628,0.2832116186618805,0.948804497718811,0.1398613601922989,-0.16190776228904725,-0.09643834084272385,0.9820823073387146],"EasingStyle":"Linear","EasingDirection":"In"},"Right Arm":{"Weight":1,"CFrame":[-0.026700958609580995,-0.5955067276954651,0.0717306137084961,0.12618817389011384,-0.8571913242340088,0.49929922819137576,0.907970130443573,0.30254194140434267,0.28992870450019839,-0.3995833098888397,0.41676318645477297,0.8164812326431274],"EasingStyle":"Linear","EasingDirection":"In"},"Head":{"Weight":1,"CFrame":[8.940696716308594e-8,-1.4901161193847657e-8,2.384185791015625e-7,0.9389975666999817,-0.3373093605041504,0.06712666153907776,0.34143662452697756,0.9377090930938721,-0.06420814245939255,-0.04128727689385414,0.08321075886487961,0.9956763386726379],"EasingStyle":"Linear","EasingDirection":"In"},"Right Leg":{"Weight":1,"CFrame":[0.7261835336685181,0.4376777410507202,-0.025392532348632814,0.8927618861198425,0.4326278865337372,-0.12573564052581788,-0.3707215487957001,0.864016592502594,0.3406478762626648,0.2560114860534668,-0.25750452280044558,0.9317455291748047],"EasingStyle":"Linear","EasingDirection":"In"},"Torso":{"Weight":1,"CFrame":[-0.2964358925819397,-0.11592549085617066,-0.3252873420715332,0.8823093771934509,0.42008325457572939,-0.21227410435676576,-0.43991702795028689,0.8963772058486939,-0.05459905415773392,0.16734150052070619,0.1415562778711319,0.9756836891174316],"EasingStyle":"Linear","EasingDirection":"In"},"HumanoidRootPart":{"Weight":1,"CFrame":[0,0,0,1,0,0,0,1,0,0,0,1],"EasingStyle":"Linear","EasingDirection":"In"},"Left Arm":{"Weight":1,"CFrame":[0.23068712651729585,-0.19202643632888795,0.08186078071594238,0.8117415308952332,0.41653740406036379,-0.4093562662601471,-0.3242741525173187,0.9044191837310791,0.27725857496261599,0.48571813106536868,-0.09231871366500855,0.8692267537117004],"EasingStyle":"Linear","EasingDirection":"In"}}},{"Time":0.4000000059604645,"poses":{"Left Leg":{"Weight":1,"CFrame":[-0.4161081314086914,0.11149078607559204,0.08001255989074707,0.9600382447242737,-0.20889703929424287,0.18624895811080934,0.19895508885383607,0.9774495959281921,0.07077525556087494,-0.19683369994163514,-0.0308917835354805,0.9799501895904541],"EasingStyle":"Linear","EasingDirection":"In"},"Right Arm":{"Weight":1,"CFrame":[0.1424575299024582,-0.7239325642585754,0.02361321449279785,-0.3379133343696594,-0.7807230353355408,0.525629460811615,0.8984589576721191,-0.10123725980520249,0.427226722240448,-0.28033238649368288,0.6166219115257263,0.7356568574905396],"EasingStyle":"Linear","EasingDirection":"In"},"Head":{"Weight":1,"CFrame":[1.4901161193847657e-7,1.4901161193847657e-8,2.384185791015625e-7,0.958111047744751,-0.2836453914642334,0.039606280624866489,0.2857958674430847,0.9558696746826172,-0.06807298213243485,-0.01854984275996685,0.07654077559709549,0.9968938827514648],"EasingStyle":"Linear","EasingDirection":"In"},"Right Leg":{"Weight":1,"CFrame":[0.7550919055938721,0.39704281091690066,0.02582252025604248,0.8558117747306824,0.49615931510925295,-0.14632882177829743,-0.44472140073776247,0.8501906394958496,0.28177767992019656,0.26421406865119936,-0.1760731339454651,0.9482558965682983],"EasingStyle":"Linear","EasingDirection":"In"},"Torso":{"Weight":1,"CFrame":[-0.2943495512008667,-0.12857747077941895,-0.2409210205078125,0.9057357907295227,0.3624890148639679,-0.2196461707353592,-0.3877701461315155,0.9179055690765381,-0.08416575193405152,0.1711052507162094,0.16140419244766236,0.9719422459602356],"EasingStyle":"Linear","EasingDirection":"In"},"HumanoidRootPart":{"Weight":1,"CFrame":[0,0,0,1,0,0,0,1,0,0,0,1],"EasingStyle":"Linear","EasingDirection":"In"},"Left Arm":{"Weight":1,"CFrame":[0.2945697009563446,-0.17151716351509095,0.09708535671234131,0.901898205280304,0.36489337682724,-0.23115475475788117,-0.282413125038147,0.9030521512031555,0.323635071516037,0.32683703303337099,-0.22660470008850099,0.9175117611885071],"EasingStyle":"Linear","EasingDirection":"In"}}},{"Time":0.4333333373069763,"poses":{"Left Leg":{"Weight":1,"CFrame":[-0.4781133830547333,0.12148594856262207,0.18371164798736573,0.9517674446105957,-0.11094717681407929,0.28605854511260989,0.14919143915176392,0.9820389747619629,-0.11550512909889221,-0.26810571551322939,0.15261152386665345,0.9512251019477844],"EasingStyle":"Linear","EasingDirection":"In"},"Right Arm":{"Weight":1,"CFrame":[0.3051251769065857,-0.7769591808319092,-0.03505927324295044,-0.6134805083274841,-0.5962697863578796,0.5177878737449646,0.7816674709320068,-0.36515453457832339,0.505626380443573,-0.1124170795083046,0.7149297595024109,0.6900997757911682],"EasingStyle":"Linear","EasingDirection":"In"},"Head":{"Weight":1,"CFrame":[1.1920928955078126e-7,-1.4901161193847657e-8,-5.960464477539063e-8,0.9747166633605957,-0.22287650406360627,0.015922673046588899,0.22344432771205903,0.9721384048461914,-0.0708494558930397,0.00031164943356998265,0.07261593639850617,0.9973599910736084],"EasingStyle":"Linear","EasingDirection":"In"},"Right Leg":{"Weight":1,"CFrame":[0.7541855573654175,0.26372766494750979,0.09415698051452637,0.8124150633811951,0.5599374771118164,-0.16264043748378755,-0.5354151129722595,0.826850175857544,0.17218998074531556,0.23089495301246644,-0.05280963331460953,0.9715445637702942],"EasingStyle":"Linear","EasingDirection":"In"},"Torso":{"Weight":1,"CFrame":[-0.2847636938095093,-0.13543963432312013,-0.1815340518951416,0.9298582673072815,0.29403477907180788,-0.22114954888820649,-0.3231865167617798,0.9400314688682556,-0.10904708504676819,0.1758238971233368,0.17287090420722962,0.9691241383552551],"EasingStyle":"Linear","EasingDirection":"In"},"HumanoidRootPart":{"Weight":1,"CFrame":[0,0,0,1,0,0,0,1,0,0,0,1],"EasingStyle":"Linear","EasingDirection":"In"},"Left Arm":{"Weight":1,"CFrame":[0.31035315990448,-0.17012640833854676,0.10343468189239502,0.9630300402641296,0.2574714720249176,-0.0792575404047966,-0.21330833435058595,0.9084786176681519,0.35939717292785647,0.16453826427459718,-0.32920408248901369,0.9298128485679627],"EasingStyle":"Linear","EasingDirection":"In"}}},{"Time":0.46666666865348818,"poses":{"Left Leg":{"Weight":1,"CFrame":[-0.42598825693130495,-0.02093350887298584,0.2944974899291992,0.9231976866722107,0.04639347270131111,0.38151490688323977,0.11834078282117844,0.9101400375366211,-0.3970396816730499,-0.3656521141529083,0.4116949439048767,0.8347490429878235],"EasingStyle":"Linear","EasingDirection":"In"},"Right Arm":{"Weight":1,"CFrame":[0.43252241611480715,-0.7767781615257263,-0.10313683748245239,-0.7221646904945374,-0.45177286863327029,0.5238125324249268,0.6913759708404541,-0.4953421950340271,0.5259613990783691,0.021851355209946634,0.7419821619987488,0.6700635552406311],"EasingStyle":"Linear","EasingDirection":"In"},"Head":{"Weight":1,"CFrame":[8.940696716308594e-8,-7.450580596923828e-9,0,0.9866346716880798,-0.1628815084695816,0.004673410672694445,0.16279831528663636,0.9840879440307617,-0.07118691504001618,0.0069960057735443119,0.07099626213312149,0.9974521398544312],"EasingStyle":"Linear","EasingDirection":"In"},"Right Leg":{"Weight":1,"CFrame":[0.6528632640838623,0.06147003173828125,0.11746680736541748,0.8089599609375,0.5630702376365662,-0.16892534494400025,-0.5662972331047058,0.8235350847244263,0.03312895819544792,0.15776991844177247,0.06886188685894013,0.9850719571113586],"EasingStyle":"Linear","EasingDirection":"In"},"Torso":{"Weight":1,"CFrame":[-0.26889240741729739,-0.1340845227241516,-0.1671433448791504,0.9514194130897522,0.21741153299808503,-0.21802155673503877,-0.24806566536426545,0.960708737373352,-0.12450744956731796,0.18238584697246552,0.17254246771335603,0.9679692983627319],"EasingStyle":"Linear","EasingDirection":"In"},"HumanoidRootPart":{"Weight":1,"CFrame":[0,0,0,1,0,0,0,1,0,0,0,1],"EasingStyle":"Linear","EasingDirection":"In"},"Left Arm":{"Weight":1,"CFrame":[0.3184582591056824,-0.16941159963607789,0.10668599605560303,0.993762195110321,0.10185541212558747,0.04541072994470596,-0.11150147020816803,0.9148595929145813,0.3880711793899536,-0.002017352497205138,-0.39071401953697207,0.9205100536346436],"EasingStyle":"Linear","EasingDirection":"In"}}},{"Time":0.5,"poses":{"Left Leg":{"Weight":1,"CFrame":[-0.2966327667236328,-0.30658066272735598,0.1795666217803955,0.8814986348152161,0.21485085785388947,0.4204750657081604,0.08777396380901337,0.8004061579704285,-0.5929973721504211,-0.4639568030834198,0.5596330761909485,0.6866985559463501],"EasingStyle":"Linear","EasingDirection":"In"},"Right Arm":{"Weight":1,"CFrame":[0.5228974223136902,-0.7755114436149597,-0.17273736000061036,-0.7624818086624146,-0.3527311682701111,0.5424041152000427,0.6353135108947754,-0.5668484568595886,0.5244613289833069,0.12246706336736679,0.7444888949394226,0.6563065052032471],"EasingStyle":"Linear","EasingDirection":"In"},"Head":{"Weight":1,"CFrame":[9.313225746154785e-8,3.3527612686157229e-8,5.960464477539063e-7,0.9937254786491394,-0.10873796045780182,0.026187285780906678,0.11030428111553192,0.991531252861023,-0.06854841113090515,-0.01851166971027851,0.07100687175989151,0.9973040223121643],"EasingStyle":"Linear","EasingDirection":"In"},"Right Leg":{"Weight":1,"CFrame":[0.45218625664711,-0.08132171630859375,0.07860493659973145,0.851387619972229,0.49757274985313418,-0.16601338982582093,-0.5141484141349793,0.8543037176132202,-0.07626738399267197,0.10387729853391648,0.15028859674930573,0.9831697940826416],"EasingStyle":"Linear","EasingDirection":"In"},"Torso":{"Weight":1,"CFrame":[-0.2471664547920227,-0.11884692311286926,-0.17299818992614747,0.9680470824241638,0.13625814020633698,-0.21051988005638123,-0.16426177322864533,0.9788725972175598,-0.12176405638456345,0.18948079645633698,0.1524537056684494,0.9699767827987671],"EasingStyle":"Linear","EasingDirection":"In"},"HumanoidRootPart":{"Weight":1,"CFrame":[0,0,0,1,0,0,0,1,0,0,0,1],"EasingStyle":"Linear","EasingDirection":"In"},"Left Arm":{"Weight":1,"CFrame":[0.3214443325996399,-0.16914832592010499,0.11403989791870117,0.9867218136787415,-0.07706324756145477,0.14297367632389069,0.010294362902641297,0.9081752300262451,0.4184637665748596,-0.16209332644939423,-0.4114355146884918,0.8969095945358276],"EasingStyle":"Linear","EasingDirection":"In"}}},{"Time":0.5333333611488342,"poses":{"Left Leg":{"Weight":1,"CFrame":[-0.1908302754163742,-0.4470055103302002,0.02014899253845215,0.855042576789856,0.2856330871582031,0.4328001141548157,0.07841631025075913,0.753803551197052,-0.6524040102958679,-0.51259446144104,0.5917717814445496,0.6221358776092529],"EasingStyle":"Linear","EasingDirection":"In"},"Right Arm":{"Weight":1,"CFrame":[0.581254780292511,-0.7720745801925659,-0.2342950701713562,-0.7706617116928101,-0.2927548885345459,0.5660169720649719,0.6078125238418579,-0.6045173406600952,0.514900803565979,0.19142742455005647,0.7408464550971985,0.643818199634552],"EasingStyle":"Linear","EasingDirection":"In"},"Head":{"Weight":1,"CFrame":[1.0617077350616455e-7,2.60770320892334e-8,4.76837158203125e-7,0.9955475926399231,-0.05581137165427208,0.07596158981323242,0.06086423620581627,0.9959673285484314,-0.06591419875621796,-0.07197649776935578,0.07024406641721726,0.9949297308921814],"EasingStyle":"Linear","EasingDirection":"In"},"Right Leg":{"Weight":1,"CFrame":[0.3463659882545471,-0.13748657703399659,0.04963994026184082,0.8631030321121216,0.4785652756690979,-0.16133393347263337,-0.4996350109577179,0.8557045459747315,-0.13466493785381318,0.07360826432704926,0.1968376785516739,0.9776690006256104],"EasingStyle":"Linear","EasingDirection":"In"},"Torso":{"Weight":1,"CFrame":[-0.22008809447288514,-0.09110558032989502,-0.20611286163330079,0.978545606136322,0.053392406553030017,-0.19899198412895204,-0.07463805377483368,0.9920991063117981,-0.10083911567926407,0.1920357197523117,0.1135280430316925,0.9747993350028992],"EasingStyle":"Linear","EasingDirection":"In"},"HumanoidRootPart":{"Weight":1,"CFrame":[0,0,0,1,0,0,0,1,0,0,0,1],"EasingStyle":"Linear","EasingDirection":"In"},"Left Arm":{"Weight":1,"CFrame":[0.32187095284461977,-0.16911086440086366,0.13269686698913575,0.9431231617927551,-0.25375986099243166,0.21476659178733827,0.1333174854516983,0.8804991841316223,0.45491498708724978,-0.3045409619808197,-0.4004087746143341,0.8642497658729553],"EasingStyle":"Linear","EasingDirection":"In"}}},{"Time":0.5666666626930237,"poses":{"Left Leg":{"Weight":1,"CFrame":[-0.3640051782131195,-0.4736804962158203,0.13090169429779054,0.890942394733429,0.1374472826719284,0.4328163266181946,0.21853332221508027,0.7057109475135803,-0.6739549040794373,-0.39807650446891787,0.6950398087501526,0.5987109541893005],"EasingStyle":"Linear","EasingDirection":"In"},"Right Arm":{"Weight":1,"CFrame":[0.6125990748405457,-0.7653812766075134,-0.27824461460113528,-0.7668938040733337,-0.2611273527145386,0.5862478613853455,0.5988670587539673,-0.6195754408836365,0.5074292421340942,0.23072120547294618,0.7402288317680359,0.6315291523933411],"EasingStyle":"Linear","EasingDirection":"In"},"Head":{"Weight":1,"CFrame":[1.6996636986732484e-8,-3.725290298461914e-8,-2.384185791015625e-7,0.9921162724494934,0.0023309849202632906,0.125299334526062,0.006043075583875179,0.997774064540863,-0.06641083210706711,-0.12517523765563966,0.06664442270994187,0.9898938536643982],"EasingStyle":"Linear","EasingDirection":"In"},"Right Leg":{"Weight":1,"CFrame":[0.46668124198913576,-0.19577395915985108,0.05367410182952881,0.7925856113433838,0.5893310308456421,-0.1565157026052475,-0.6096001267433167,0.7717211842536926,-0.18120205402374268,0.013998526148498059,0.23903009295463563,0.9709113240242004],"EasingStyle":"Linear","EasingDirection":"In"},"Torso":{"Weight":1,"CFrame":[-0.18743255734443665,-0.05915507674217224,-0.29723310470581057,0.9827020764350891,-0.02920338697731495,-0.18287637829780579,0.016538582742214204,0.997381865978241,-0.07039958238601685,0.18445347249507905,0.06615731120109558,0.9806121587753296],"EasingStyle":"Linear","EasingDirection":"In"},"HumanoidRootPart":{"Weight":1,"CFrame":[0,0,0,1,0,0,0,1,0,0,0,1],"EasingStyle":"Linear","EasingDirection":"In"},"Left Arm":{"Weight":1,"CFrame":[0.3009469211101532,-0.1728021502494812,0.1853182315826416,0.875062882900238,-0.4070998728275299,0.2617916166782379,0.23861879110336305,0.8334395885467529,0.4984370768070221,-0.4211011826992035,-0.3736955225467682,0.8264537453651428],"EasingStyle":"Linear","EasingDirection":"In"}}},{"Time":0.6000000238418579,"poses":{"Left Leg":{"Weight":1,"CFrame":[-0.39539971947669985,-0.49765968322753909,0.12721478939056397,0.8986039161682129,0.07298806309700012,0.43264737725257876,0.2662096619606018,0.6931355595588684,-0.6698473691940308,-0.34877410531044009,0.7171024680137634,0.6034242510795593],"EasingStyle":"Linear","EasingDirection":"In"},"Right Arm":{"Weight":1,"CFrame":[0.6219350695610046,-0.7543458342552185,-0.29502004384994509,-0.764366626739502,-0.24809619784355164,0.5951404571533203,0.5984551906585693,-0.6165254712104797,0.5116129517555237,0.23999005556106568,0.7472246885299683,0.6197258830070496],"EasingStyle":"Linear","EasingDirection":"In"},"Head":{"Weight":1,"CFrame":[1.62515789270401e-7,-7.450580596923828e-9,2.384185791015625e-7,0.9866523146629334,0.07223773747682572,0.14594195783138276,-0.06241864338517189,0.9955371022224426,-0.07078056037425995,-0.15040366351604463,0.06072629243135452,0.9867579340934753],"EasingStyle":"Linear","EasingDirection":"In"},"Right Leg":{"Weight":1,"CFrame":[0.45882856845855715,-0.24215328693389893,0.04338228702545166,0.7654809951782227,0.6218628287315369,-0.1653042435646057,-0.6432456970214844,0.7329381108283997,-0.22144241631031037,-0.016548963263630868,0.2758411467075348,0.9610607624053955],"EasingStyle":"Linear","EasingDirection":"In"},"Torso":{"Weight":1,"CFrame":[-0.14688801765441895,-0.031175881624221803,-0.3176283836364746,0.9811858534812927,-0.10950997471809387,-0.15900282561779023,0.10459721833467484,0.9937508702278137,-0.038969866931438449,0.16227678954601289,0.02160543203353882,0.9865087270736694],"EasingStyle":"Linear","EasingDirection":"In"},"HumanoidRootPart":{"Weight":1,"CFrame":[0,0,0,1,0,0,0,1,0,0,0,1],"EasingStyle":"Linear","EasingDirection":"In"},"Left Arm":{"Weight":1,"CFrame":[0.276399165391922,-0.19863709807395936,0.22458505630493165,0.8031660914421082,-0.5253365635871887,0.28097304701805117,0.31563645601272585,0.7752203345298767,0.5471810698509216,-0.5052701234817505,-0.3507920205593109,0.7884460687637329],"EasingStyle":"Linear","EasingDirection":"In"}}},{"Time":0.6333333253860474,"poses":{"Left Leg":{"Weight":1,"CFrame":[-0.3168295621871948,-0.47923123836517336,0.06990110874176026,0.9017033576965332,0.07963184267282486,0.4249586760997772,0.24161766469478608,0.7222775220870972,-0.64802485704422,-0.3585415482521057,0.6870036721229553,0.6320395469665527],"EasingStyle":"Linear","EasingDirection":"In"},"Right Arm":{"Weight":1,"CFrame":[0.6211826801300049,-0.7378637790679932,-0.2872568964958191,-0.7511235475540161,-0.25017544627189639,0.6109220385551453,0.6217710971832275,-0.5790717601776123,0.5273298025131226,0.22184285521507264,0.7759434580802918,0.5905062556266785],"EasingStyle":"Linear","EasingDirection":"In"},"Head":{"Weight":1,"CFrame":[1.210719347000122e-7,-7.450580596923828e-9,-5.960464477539063e-8,0.9781525135040283,0.1580648571252823,0.13503071665763856,-0.14793646335601808,0.9855857491493225,-0.08207067102193833,-0.14605683088302613,0.06030166894197464,0.9