{"Sequence":[{"Time":0,"poses":{"Left Leg":{"Weight":1,"CFrame":[-0.8911603689193726,-0.2436211109161377,-0.008972525596618653,0.29329073429107668,-0.9495440721511841,-0.11111516505479813,0.9266175031661987,0.2537383735179901,0.27748289704322817,-0.23528806865215302,-0.18434448540210725,0.9542833566665649],"EasingStyle":"Linear","EasingDirection":"In"},"Right Arm":{"Weight":1,"CFrame":[0.07487279176712036,-0.7589157223701477,0.16205620765686036,-0.6242682933807373,-0.770412266254425,-0.12943783402442933,0.5620672702789307,-0.5580148100852966,0.6104915142059326,-0.5425583720207214,0.3083575963973999,0.781374454498291],"EasingStyle":"Linear","EasingDirection":"In"},"Left Arm":{"Weight":1,"CFrame":[-0.5185978412628174,0.4485361576080322,0.1349560022354126,-0.6901941895484924,0.0313294492661953,0.7229455709457398,-0.3118002414703369,-0.914435625076294,-0.2580468952655792,0.6530026793479919,-0.4035171568393707,0.640906810760498],"EasingStyle":"Linear","EasingDirection":"In"},"Head":{"Weight":1,"CFrame":[4.330649971961975e-8,-5.21540641784668e-8,2.384185791015625e-7,0.9430820941925049,-0.2322312295436859,0.23804394900798798,0.2790023386478424,0.9420435428619385,-0.18631085753440858,-0.18098053336143495,0.24212129414081574,0.9532173871994019],"EasingStyle":"Linear","EasingDirection":"In"},"Torso":{"Weight":1,"CFrame":[-0.3854576051235199,0.2579183578491211,0.017345666885375978,0.9491598010063171,0.31259703636169436,0.0371311791241169,-0.3147936165332794,0.9428240656852722,0.1094888225197792,-0.0007822898915037513,-0.11561103165149689,0.993294358253479],"EasingStyle":"Linear","EasingDirection":"In"},"HumanoidRootPart":{"Weight":1,"CFrame":[0,0,0,1,0,0,0,1,0,0,0,1],"EasingStyle":"Linear","EasingDirection":"In"},"Right Leg":{"Weight":1,"CFrame":[0.04657992720603943,0.01603037118911743,-0.00241243839263916,0.9961944818496704,0.021998660638928415,0.0843362808227539,-0.024796228855848314,0.9991716146469116,0.03226818889379501,-0.08355648070573807,-0.034236639738082889,0.9959147572517395],"EasingStyle":"Linear","EasingDirection":"In"}}},{"Time":0.03333333507180214,"poses":{"Left Leg":{"Weight":1,"CFrame":[-0.8951078653335571,-0.2526540756225586,0.010908126831054688,0.21792355179786683,-0.9660503268241882,-0.13876661658287049,0.9162129163742065,0.15351615846157075,0.3701172471046448,-0.3362490236759186,-0.20779700577259065,0.9185625910758972],"EasingStyle":"Linear","EasingDirection":"In"},"Right Arm":{"Weight":1,"CFrame":[0.034471213817596439,-0.7237573862075806,0.15901696681976319,-0.5879089832305908,-0.8061857223510742,-0.06653998792171478,0.6144161820411682,-0.4985344111919403,0.6115196347236633,-0.5261709094047546,0.3186344802379608,0.7884263396263123],"EasingStyle":"Linear","EasingDirection":"In"},"Left Arm":{"Weight":1,"CFrame":[-0.5464370846748352,0.43928492069244387,0.08994174003601074,-0.7004013061523438,0.03861653059720993,0.7127037644386292,-0.309161514043808,-0.9164149761199951,-0.25417038798332217,0.6433173418045044,-0.39836204051971438,0.6537972092628479],"EasingStyle":"Linear","EasingDirection":"In"},"Head":{"Weight":1,"CFrame":[1.2665987014770509e-7,0,-4.172325134277344e-7,0.9412358403205872,-0.23957884311676026,0.23806969821453095,0.28508424758911135,0.9415212869644165,-0.17962351441383363,-0.18111367523670197,0.236938014626503,0.9544937014579773],"EasingStyle":"Linear","EasingDirection":"In"},"Torso":{"Weight":1,"CFrame":[-0.3658542037010193,0.2757737338542938,0.012516260147094727,0.9466586112976074,0.31743377447128298,0.05543879419565201,-0.322063148021698,0.9377115368843079,0.13027851283550263,-0.010630801320075989,-0.14118406176567079,0.989926278591156],"EasingStyle":"Linear","EasingDirection":"In"},"HumanoidRootPart":{"Weight":1,"CFrame":[0,0,0,1,0,0,0,1,0,0,0,1],"EasingStyle":"Linear","EasingDirection":"In"},"Right Leg":{"Weight":1,"CFrame":[0.0499749481678009,0.01006406545639038,-0.0025855302810668947,0.9947347044944763,0.0468757264316082,0.09113487601280213,-0.04894016683101654,0.9985902905464172,0.020549165084958078,-0.0900430902838707,-0.024901174008846284,0.9956265687942505],"EasingStyle":"Linear","EasingDirection":"In"}}},{"Time":0.06666667014360428,"poses":{"Left Leg":{"Weight":1,"CFrame":[-0.8950291872024536,-0.23715448379516602,0.041139841079711917,0.17929457128047944,-0.9744008183479309,-0.1356339007616043,0.8944628834724426,0.10405329614877701,0.4348667562007904,-0.4096214175224304,-0.19928878545761109,0.8902214765548706],"EasingStyle":"Linear","EasingDirection":"In"},"Right Arm":{"Weight":1,"CFrame":[0.007656216621398926,-0.7095732688903809,0.15725016593933106,-0.5610657334327698,-0.8277457356452942,-0.006505153141915798,0.6356663107872009,-0.4358769953250885,0.6371340155601502,-0.5302202701568604,0.35333874821662905,0.7707256078720093],"EasingStyle":"Linear","EasingDirection":"In"},"Left Arm":{"Weight":1,"CFrame":[-0.6160352230072022,0.4161582589149475,0.04735970497131348,-0.725692629814148,0.05832979083061218,0.6855419874191284,-0.30274149775505068,-0.9218271970748901,-0.24203790724277497,0.6178331971168518,-0.38318726420402529,0.6866220831871033],"EasingStyle":"Linear","EasingDirection":"In"},"Head":{"Weight":1,"CFrame":[6.705522537231445e-8,-2.9802322387695315e-8,-2.384185791015625e-7,0.9366484880447388,-0.25768592953681948,0.23725034296512605,0.2996130883693695,0.9402782320976257,-0.16158311069011689,-0.18144358694553376,0.22242987155914308,0.9579161405563355],"EasingStyle":"Linear","EasingDirection":"In"},"Torso":{"Weight":1,"CFrame":[-0.3500294089317322,0.2850039601325989,-0.004121065139770508,0.9409835934638977,0.3305811882019043,0.07256820052862168,-0.3377339541912079,0.9311121106147766,0.13771729171276093,-0.02204238623380661,-0.15409843623638154,0.9878095984458923],"EasingStyle":"Linear","EasingDirection":"In"},"HumanoidRootPart":{"Weight":1,"CFrame":[0,0,0,1,0,0,0,1,0,0,0,1],"EasingStyle":"Linear","EasingDirection":"In"},"Right Leg":{"Weight":1,"CFrame":[0.057230472564697269,0.0024574995040893556,-0.0032721757888793947,0.9929662346839905,0.053405243903398517,0.10566964000463486,-0.05427644029259682,0.9985114932060242,0.005383335519582033,-0.10522475838661194,-0.011080905795097351,0.9943866729736328],"EasingStyle":"Linear","EasingDirection":"In"}}},{"Time":0.10000000149011612,"poses":{"Left Leg":{"Weight":1,"CFrame":[-0.9083332419395447,-0.18935954570770265,0.07824969291687012,0.15148033201694489,-0.9818484783172607,-0.11413714289665222,0.8569693565368652,0.07290630042552948,0.5101845264434815,-0.492602676153183,-0.17509493231773377,0.8524578809738159],"EasingStyle":"Linear","EasingDirection":"In"},"Right Arm":{"Weight":1,"CFrame":[-0.008357137441635132,-0.7042064070701599,0.15633130073547364,-0.5444766283035278,-0.8374091386795044,0.047866545617580417,0.635916531085968,-0.37490883469581606,0.674576461315155,-0.5469508767127991,0.3977302312850952,0.7366515398025513],"EasingStyle":"Linear","EasingDirection":"In"},"Left Arm":{"Weight":1,"CFrame":[-0.7065127491950989,0.3860934376716614,0.008767366409301758,-0.7579110860824585,0.08700524270534516,0.6465298533439636,-0.295053631067276,-0.9296228885650635,-0.2207820862531662,0.5818196535110474,-0.35809439420700076,0.7302427291870117],"EasingStyle":"Linear","EasingDirection":"In"},"Head":{"Weight":1,"CFrame":[2.9802322387695315e-8,5.960464477539063e-8,-2.384185791015625e-7,0.9303375482559204,-0.28135859966278078,0.235179603099823,0.31809431314468386,0.9382798671722412,-0.1358194649219513,-0.18245026469230653,0.20116719603538514,0.9624155163764954],"EasingStyle":"Linear","EasingDirection":"In"},"Torso":{"Weight":1,"CFrame":[-0.3313691020011902,0.2808065712451935,-0.045020103454589847,0.9326066970825195,0.3481292426586151,0.09513530880212784,-0.35820794105529787,0.9250274896621704,0.12653614580631257,-0.04395183548331261,-0.15208669006824494,0.9873894453048706],"EasingStyle":"Linear","EasingDirection":"In"},"HumanoidRootPart":{"Weight":1,"CFrame":[0,0,0,1,0,0,0,1,0,0,0,1],"EasingStyle":"Linear","EasingDirection":"In"},"Right Leg":{"Weight":1,"CFrame":[0.06617701053619385,-0.010494828224182129,-0.004490077495574951,0.9915434718132019,0.039539847522974017,0.12360543012619019,-0.037263818085193637,0.9990916848182678,-0.020672963932156564,-0.12431052327156067,0.015892120078206064,0.9921161532402039],"EasingStyle":"Linear","EasingDirection":"In"}}},{"Time":0.13333334028720857,"poses":{"Left Leg":{"Weight":1,"CFrame":[-0.9256279468536377,-0.0756077766418457,0.1120607852935791,0.1727014034986496,-0.9832788705825806,-0.05776594579219818,0.7980092763900757,0.10530121624469757,0.5933743119239807,-0.5773695111274719,-0.1485743224620819,0.8028512597084045],"EasingStyle":"Linear","EasingDirection":"In"},"Right Arm":{"Weight":1,"CFrame":[-0.01635335385799408,-0.6954991817474365,0.15583646297454835,-0.5368523001670837,-0.8386295437812805,0.0921424850821495,0.6241773962974548,-0.32132428884506228,0.7121469378471375,-0.5676198601722717,0.4398307800292969,0.6959572434425354],"EasingStyle":"Linear","EasingDirection":"In"},"Left Arm":{"Weight":1,"CFrame":[-0.7969906330108643,0.35602879524230959,-0.02427774667739868,-0.7894589900970459,0.12117501348257065,0.6017234325408936,-0.28869643807411196,-0.9384213089942932,-0.1897893249988556,0.5416722893714905,-0.32354632019996645,0.7758278846740723],"EasingStyle":"Linear","EasingDirection":"In"},"Head":{"Weight":1,"CFrame":[1.4156103134155274e-7,3.725290298461914e-8,-1.7881393432617188e-7,0.923607587814331,-0.3053951561450958,0.23169571161270142,0.33604711294174197,0.9358564615249634,-0.10604256391525269,-0.18444901704788209,0.17580239474773408,0.9669912457466126],"EasingStyle":"Linear","EasingDirection":"In"},"Torso":{"Weight":1,"CFrame":[-0.3090486526489258,0.2458828240633011,-0.13606548309326173,0.9209980964660645,0.36979931592941286,0.1225191131234169,-0.3802056908607483,0.921786904335022,0.07584577053785324,-0.08488878607749939,-0.11643626540899277,0.9895638823509216],"EasingStyle":"Linear","EasingDirection":"In"},"HumanoidRootPart":{"Weight":1,"CFrame":[0,0,0,1,0,0,0,1,0,0,0,1],"EasingStyle":"Linear","EasingDirection":"In"},"Right Leg":{"Weight":1,"CFrame":[0.42124390602111819,0.009815990924835205,-0.05439102649688721,0.9719405770301819,0.18641512095928193,0.14346107840538026,-0.17934516072273255,0.9819029569625855,-0.060844238847494128,-0.15220709145069123,0.033407922834157947,0.9877839088439941],"EasingStyle":"Linear","EasingDirection":"In"}}},{"Time":0.1666666716337204,"poses":{"Left Leg":{"Weight":1,"CFrame":[-0.8964109420776367,0.08284801244735718,0.12282824516296387,0.3089331388473511,-0.9498504400253296,0.04842077195644379,0.7443650960922241,0.2731631100177765,0.6093459725379944,-0.5920143127441406,-0.15220440924167634,0.791424572467804],"EasingStyle":"Linear","EasingDirection":"In"},"Right Arm":{"Weight":1,"CFrame":[-0.01911705732345581,-0.6712931394577026,0.1553417444229126,-0.5351974368095398,-0.8359165191650391,0.12168563902378082,0.609864354133606,-0.2826899290084839,0.7403728365898132,-0.5844905376434326,0.47045719623565676,0.661090612411499],"EasingStyle":"Linear","EasingDirection":"In"},"Left Arm":{"Weight":1,"CFrame":[-0.8665887117385864,0.33290213346481326,-0.05021834373474121,-0.8140393495559692,0.15788331627845765,0.5589390993118286,-0.2858728766441345,-0.9466200470924377,-0.14895376563072205,0.5055856108665466,-0.2810397744178772,0.8157205581665039],"EasingStyle":"Linear","EasingDirection":"In"},"Head":{"Weight":1,"CFrame":[5.960464477539063e-8,-1.862645149230957e-8,2.384185791015625e-7,0.9181575775146484,-0.32467007637023928,0.2271037995815277,0.34907853603363039,0.9340044856071472,-0.07602594792842865,-0.18743258714675904,0.14908085763454438,0.9708985090255737],"EasingStyle":"Linear","EasingDirection":"In"},"Torso":{"Weight":1,"CFrame":[-0.28702211380004885,0.1773725152015686,-0.19881629943847657,0.9062508344650269,0.39594006538391116,0.14812511205673219,-0.39793604612350466,0.9172521233558655,-0.017194826155900956,-0.14267615973949433,-0.04336149990558624,0.9888192415237427],"EasingStyle":"Linear","EasingDirection":"In"},"HumanoidRootPart":{"Weight":1,"CFrame":[0,0,0,1,0,0,0,1,0,0,0,1],"EasingStyle":"Linear","EasingDirection":"In"},"Right Leg":{"Weight":1,"CFrame":[0.48794451355934145,0.04423314332962036,-0.06778359413146973,0.9776236414909363,0.12831206619739533,0.16669771075248719,-0.11091706901788712,0.9877448678016663,-0.10980680584907532,-0.17874428629875184,0.08886007964611054,0.9798747301101685],"EasingStyle":"Linear","EasingDirection":"In"}}},{"Time":0.20000000298023225,"poses":{"Left Leg":{"Weight":1,"CFrame":[-0.7963991165161133,0.20651572942733766,0.11777448654174805,0.5085748434066773,-0.8478550314903259,0.14997874200344087,0.6643653512001038,0.49722087383270266,0.5580233335494995,-0.5476954579353333,-0.18415595591068269,0.8161595463752747],"EasingStyle":"Linear","EasingDirection":"In"},"Right Arm":{"Weight":1,"CFrame":[-0.019251711666584016,-0.6194320321083069,0.15442276000976563,-0.5355446934700012,-0.8340660333633423,0.13238534331321717,0.6028963923454285,-0.2678297460079193,0.751520574092865,-0.5913610458374023,0.4822874069213867,0.646290123462677],"EasingStyle":"Linear","EasingDirection":"In"},"Left Arm":{"Weight":1,"CFrame":[-0.8944279551506043,0.32365095615386965,-0.06749701499938965,-0.8268133997917175,0.19522905349731446,0.5275084376335144,-0.28782612085342409,-0.9525949954986572,-0.09858468919992447,0.4832552671432495,-0.23334179818630219,0.843810498714447],"EasingStyle":"Linear","EasingDirection":"In"},"Head":{"Weight":1,"CFrame":[8.079223334789276e-8,-1.0710209608078003e-8,-2.384185791015625e-7,0.9159460663795471,-0.33417731523513796,0.2221899926662445,0.3529081344604492,0.9343454241752625,-0.04954208806157112,-0.1910463273525238,0.12379053980112076,0.9737439155578613],"EasingStyle":"Linear","EasingDirection":"In"},"Torso":{"Weight":1,"CFrame":[-0.2697293758392334,0.10754713416099549,-0.19432353973388673,0.8928455710411072,0.41914623975753786,0.16475190222263337,-0.40536773204803469,0.907326877117157,-0.11151222139596939,-0.19622373580932618,0.03277808055281639,0.9800112247467041],"EasingStyle":"Linear","EasingDirection":"In"},"HumanoidRootPart":{"Weight":1,"CFrame":[0,0,0,1,0,0,0,1,0,0,0,1],"EasingStyle":"Linear","EasingDirection":"In"},"Right Leg":{"Weight":1,"CFrame":[0.3878466784954071,0.01983541250228882,-0.05709749460220337,0.9817526936531067,-0.025840822607278825,0.18839816749095918,0.05468709021806717,0.9872380495071411,-0.14956742525100709,-0.18212886154651643,0.15714114904403687,0.9706367254257202],"EasingStyle":"Linear","EasingDirection":"In"}}},{"Time":0.23333333432674409,"poses":{"Left Leg":{"Weight":1,"CFrame":[-0.6761730909347534,0.15465223789215089,0.11577904224395752,0.6314473748207092,-0.7578709125518799,0.16403132677078248,0.6382138729095459,0.6281011700630188,0.44516485929489138,-0.44040581583976748,-0.1764109879732132,0.880296528339386],"EasingStyle":"Linear","EasingDirection":"In"},"Right Arm":{"Weight":1,"CFrame":[-0.008158395066857338,-0.5247787237167358,0.15259897708892823,-0.5523650050163269,-0.8289424180984497,0.08802079409360886,0.5728011727333069,-0.3007156252861023,0.7625411152839661,-0.6056334376335144,0.47161930799484255,0.6409239172935486],"EasingStyle":"Linear","EasingDirection":"In"},"Left Arm":{"Weight":1,"CFrame":[-0.8768168091773987,0.33192509412765505,-0.07407927513122559,-0.8253128528594971,0.23621192574501038,0.5128962397575378,-0.2931947708129883,-0.9555262923240662,-0.031722985208034518,0.48259249329566958,-0.1765599101781845,0.8578643202781677],"EasingStyle":"Linear","EasingDirection":"In"},"Head":{"Weight":1,"CFrame":[5.960464477539063e-8,3.725290298461914e-9,0,0.9218435883522034,-0.3237621784210205,0.21303194761276246,0.3373313844203949,0.9409163594245911,-0.029730798676609994,-0.19081948697566987,0.09926947206258774,0.9765928387641907],"EasingStyle":"Linear","EasingDirection":"In"},"Torso":{"Weight":1,"CFrame":[-0.2661983370780945,0.13861458003520966,-0.15779352188110352,0.8970754146575928,0.4118093252182007,0.16021546721458436,-0.4042772054672241,0.9112520217895508,-0.07861233502626419,-0.17836995422840119,0.005749710835516453,0.983946681022644],"EasingStyle":"Linear","EasingDirection":"In"},"HumanoidRootPart":{"Weight":1,"CFrame":[0,0,0,1,0,0,0,1,0,0,0,1],"EasingStyle":"Linear","EasingDirection":"In"},"Right Leg":{"Weight":1,"CFrame":[0.31213316321372988,-0.008427023887634278,-0.04583477973937988,0.982661247253418,-0.04251931235194206,0.18046918511390687,0.06739822775125504,0.9886801838874817,-0.1340489238500595,-0.1727266162633896,0.14388799667358399,0.9744033217430115],"EasingStyle":"Linear","EasingDirection":"In"}}},{"Time":0.2666666805744171,"poses":{"Left Leg":{"Weight":1,"CFrame":[-0.5461607575416565,0.08464211225509644,0.09865188598632813,0.7282655835151672,-0.6671832799911499,0.15651078522205354,0.5988451838493347,0.7306153178215027,0.3280028700828552,-0.33318719267845156,-0.1451474130153656,0.9316214323043823],"EasingStyle":"Linear","EasingDirection":"In"},"Right Arm":{"Weight":1,"CFrame":[0.019646301865577699,-0.39019638299942019,0.1491636037826538,-0.5893304347991943,-0.8072876334190369,-0.03124874085187912,0.48900341987609866,-0.3872339725494385,0.7816172242164612,-0.6430904865264893,0.44534996151924136,0.6229751110076904],"EasingStyle":"Linear","EasingDirection":"In"},"Left Arm":{"Weight":1,"CFrame":[-0.7987967729568481,0.2685547471046448,-0.047640204429626468,-0.811290442943573,0.2946891486644745,0.5049417614936829,-0.29749175906181338,-0.951583981513977,0.07737385481595993,0.5032956600189209,-0.08744330704212189,0.8596785664558411],"EasingStyle":"Linear","EasingDirection":"In"},"Head":{"Weight":1,"CFrame":[6.705522537231445e-8,2.2351741790771486e-8,-2.980232238769531e-7,0.9280254244804382,-0.3085493743419647,0.20872512459754945,0.31875497102737429,0.947697103023529,-0.016296057030558587,-0.19278012216091157,0.08165532350540161,0.9778386354446411],"EasingStyle":"Linear","EasingDirection":"In"},"Torso":{"Weight":1,"CFrame":[-0.27017003297805788,0.19138500094413758,-0.11270618438720703,0.9092596173286438,0.39035943150520327,0.14445239305496217,-0.39219382405281069,0.9197301268577576,-0.016748327761888505,-0.1393950879573822,-0.04142475500702858,0.9893699884414673],"EasingStyle":"Linear","EasingDirection":"In"},"HumanoidRootPart":{"Weight":1,"CFrame":[0,0,0,1,0,0,0,1,0,0,0,1],"EasingStyle":"Linear","EasingDirection":"In"},"Right Leg":{"Weight":1,"CFrame":[0.21665576100349427,-0.025865674018859865,-0.028615951538085939,0.9865789413452148,-0.038765378296375278,0.15861724317073823,0.05493736267089844,0.9935821294784546,-0.0988764762878418,-0.1537662148475647,0.1062634289264679,0.982376754283905],"EasingStyle":"Linear","EasingDirection":"In"}}},{"Time":0.30000001192092898,"poses":{"Left Leg":{"Weight":1,"CFrame":[-0.42049217224121096,0.03184521198272705,0.0755929946899414,0.8041704297065735,-0.5757875442504883,0.1475762128829956,0.5409396290779114,0.8118343353271484,0.21979402005672456,-0.24636216461658479,-0.09692199528217316,0.9643193483352661],"EasingStyle":"Linear","EasingDirection":"In"},"Right Arm":{"Weight":1,"CFrame":[0.06418190896511078,-0.2305222451686859,0.14335358142852784,-0.6217197775840759,-0.7568938136100769,-0.20143556594848634,0.36223772168159487,-0.505889892578125,0.7828532457351685,-0.694441020488739,0.41374772787094118,0.5886973142623901],"EasingStyle":"Linear","EasingDirection":"In"},"Left Arm":{"Weight":1,"CFrame":[-0.6733449697494507,0.10784363746643067,0.018457889556884767,-0.7871901392936707,0.36898499727249148,0.4941474497318268,-0.29927507042884829,-0.9291514158248901,0.21705381572246552,0.5392274260520935,0.022976582869887353,0.841846764087677],"EasingStyle":"Linear","EasingDirection":"In"},"Head":{"Weight":1,"CFrame":[8.195638656616211e-8,-1.1175870895385743e-8,2.384185791015625e-7,0.9367554783821106,-0.2847755253314972,0.20345082879066468,0.2924608290195465,0.9562431573867798,-0.008108370006084443,-0.19223938882350923,0.06709695607423783,0.9790515899658203],"EasingStyle":"Linear","EasingDirection":"In"},"Torso":{"Weight":1,"CFrame":[-0.28125786781311037,0.24559268355369569,-0.08116865158081055,0.9243192076683044,0.3619926869869232,0.12081178277730942,-0.3698177933692932,0.9277857542037964,0.04948179051280022,-0.09417542070150376,-0.09041530638933182,0.9914414286613464],"EasingStyle":"Linear","EasingDirection":"In"},"HumanoidRootPart":{"Weight":1,"CFrame":[0,0,0,1,0,0,0,1,0,0,0,1],"EasingStyle":"Linear","EasingDirection":"In"},"Right Leg":{"Weight":1,"CFrame":[0.17374339699745179,-0.01714146137237549,-0.018777132034301759,0.9914318919181824,0.005441081710159779,0.13051140308380128,0.0016235796501860023,0.9985415935516357,-0.05396363511681557,-0.13061468303203584,0.053713109344244,0.9899771809577942],"EasingStyle":"Linear","EasingDirection":"In"}}},{"Time":0.3333333432674408,"poses":{"Left Leg":{"Weight":1,"CFrame":[-0.3201436698436737,-0.002200603485107422,0.05710780620574951,0.8569843769073486,-0.4946957230567932,0.1444091945886612,0.4792425036430359,0.8680562973022461,0.12963414192199708,-0.1894848346710205,-0.04188742861151695,0.9809898734092712],"EasingStyle":"Linear","EasingDirection":"In"},"Right Arm":{"Weight":1,"CFrame":[0.12546803057193757,-0.060596346855163577,0.1344059705734253,-0.6288275122642517,-0.6745373010635376,-0.38674965500831606,0.2141336053609848,-0.6283997297286987,0.7478373646736145,-0.747477650642395,0.38744449615478518,0.5395961403846741],"EasingStyle":"Linear","EasingDirection":"In"},"Left Arm":{"Weight":1,"CFrame":[-0.5279392004013062,-0.10611152648925781,0.10438525676727295,-0.7564496397972107,0.45051461458206179,0.4741523861885071,-0.29908326268196108,-0.8829750418663025,0.361807256937027,0.5816641449928284,0.13187788426876069,0.8026675581932068],"EasingStyle":"Linear","EasingDirection":"In"},"Head":{"Weight":1,"CFrame":[5.960464477539063e-8,-8.195638656616211e-8,2.384185791015625e-7,0.9469077587127686,-0.2549594044685364,0.19586081802845,0.2608030140399933,0.9653829336166382,-0.0042020101100206379,-0.1880093216896057,0.0550600066781044,0.9806227684020996],"EasingStyle":"Linear","EasingDirection":"In"},"Torso":{"Weight":1,"CFrame":[-0.2989310324192047,0.28993743658065798,-0.07079052925109863,0.9395527243614197,0.32958245277404787,0.09282293915748596,-0.3384171724319458,0.9350888133049011,0.10527465492486954,-0.052101004868745807,-0.13032397627830506,0.9901015758514404],"EasingStyle":"Linear","EasingDirection":"In"},"HumanoidRootPart":{"Weight":1,"CFrame":[0,0,0,1,0,0,0,1,0,0,0,1],"EasingStyle":"Linear","EasingDirection":"In"},"Right Leg":{"Weight":1,"CFrame":[0.23483367264270783,0.00485074520111084,-0.02075117826461792,0.9895178079605103,0.10559502243995667,0.0985107570886612,-0.10535577684640885,0.994405210018158,-0.007643161341547966,-0.09876666963100434,-0.0028156829066574575,0.9951066970825195],"EasingStyle":"Linear","EasingDirection":"In"}}},{"Time":0.36666667461395266,"poses":{"Left Leg":{"Weight":1,"CFrame":[-0.26117122173309328,-0.01836395263671875,0.04762399196624756,0.893221378326416,-0.4239698350429535,0.14968356490135194,0.4189942181110382,0.9056639671325684,0.06493447721004486,-0.16309329867362977,0.004715629853308201,0.9865993857383728],"EasingStyle":"Linear","EasingDirection":"In"},"Right Arm":{"Weight":1,"CFrame":[0.20352382957935334,0.10474258661270142,0.12155711650848389,-0.6080958247184753,-0.5762358903884888,-0.5460509061813355,0.07700757682323456,-0.727412760257721,0.6818655133247376,-0.7901197671890259,0.37258952856063845,0.48671120405197146],"EasingStyle":"Linear","EasingDirection":"In"},"Left Arm":{"Weight":1,"CFrame":[-0.3900573253631592,-0.3292122483253479,0.19031262397766114,-0.7221920490264893,0.530032217502594,0.44441473484039309,-0.30151382088661196,-0.8194801211357117,0.48738259077072146,0.622517466545105,0.21798664331436158,0.7516340613365173],"EasingStyle":"Linear","EasingDirection":"In"},"Head":{"Weight":1,"CFrame":[1.4156103134155274e-7,3.725290298461914e-8,1.1920928955078126e-7,0.9574950933456421,-0.22170749306678773,0.1845233291387558,0.22622771561145783,0.9740679860115051,-0.0035429676063358785,-0.17895273864269257,0.04513668268918991,0.9828217625617981],"EasingStyle":"Linear","EasingDirection":"In"},"Torso":{"Weight":1,"CFrame":[-0.3247678875923157,0.3088063597679138,-0.07234692573547363,0.9535261988639832,0.2949596643447876,0.06153525039553642,-0.30065691471099856,0.9448463916778565,0.12988750636577607,-0.01982978545129299,-0.1423521339893341,0.9896174073219299],"EasingStyle":"Linear","EasingDirection":"In"},"HumanoidRootPart":{"Weight":1,"CFrame":[0,0,0,1,0,0,0,1,0,0,0,1],"EasingStyle":"Linear","EasingDirection":"In"},"Right Leg":{"Weight":1,"CFrame":[0.2977082133293152,0.025822460651397706,-0.018165886402130128,0.9817970395088196,0.17945583164691926,0.06221138313412666,-0.18167166411876679,0.9828397631645203,0.03196070343255997,-0.05540817230939865,-0.04268098995089531,0.9975512027740479],"EasingStyle":"Linear","EasingDirection":"In"}}},{"Time":0.4000000059604645,"poses":{"Left Leg":{"Weight":1,"CFrame":[-0.29176226258277895,-0.023438096046447755,0.05590415000915527,0.9044756889343262,-0.3938791751861572,0.16365541517734528,0.39577749371528628,0.9180771112442017,0.022244011983275415,-0.15900979936122895,0.044651951640844348,0.9862668514251709],"EasingStyle":"Linear","EasingDirection":"In"},"Right Arm":{"Weight":1,"CFrame":[0.29836905002593996,0.25065648555755618,0.10404431819915772,-0.5785743594169617,-0.4927082359790802,-0.6499925255775452,-0.01870485208928585,-0.7886964082717896,0.6144983768463135,-0.8154151439666748,0.36769089102745058,0.44710350036621096],"EasingStyle":"Linear","EasingDirection":"In"},"Left Arm":{"Weight":1,"CFrame":[-0.2871778607368469,-0.5173607468605042,0.2564105987548828,-0.686522901058197,0.6002743244171143,0.4103132486343384,-0.31517624855041506,-0.7542126178741455,0.5760446786880493,0.6552481651306152,0.26614680886268618,0.7069764137268066],"EasingStyle":"Linear","EasingDirection":"In"},"Head":{"Weight":1,"CFrame":[1.1548399925231934e-7,1.4901161193847657e-8,-1.1920928955078126e-7,0.967740535736084,-0.1877642273902893,0.16799701750278474,0.1913098841905594,0.9815168380737305,-0.005027193576097488,-0.1639479696750641,0.037004511803388599,0.9857746958732605],"EasingStyle":"Linear","EasingDirection":"In"},"Torso":{"Weight":1,"CFrame":[-0.36308133602142336,0.2980251908302307,-0.09946751594543457,0.9657666087150574,0.25847843289375307,0.0219940897077322,-0.25924137234687807,0.9585753083229065,0.11801392585039139,0.009421062655746937,-0.11967568099498749,0.9927683472633362],"EasingStyle":"Linear","EasingDirection":"In"},"HumanoidRootPart":{"Weight":1,"CFrame":[0,0,0,1,0,0,0,1,0,0,0,1],"EasingStyle":"Linear","EasingDirection":"In"},"Right Leg":{"Weight":1,"CFrame":[0.4045445919036865,0.06720304489135742,-0.011708736419677735,0.9698041677474976,0.24301421642303468,0.02059401012957096,-0.24386563897132874,0.9673341512680054,0.06924120336771012,-0.0030946163460612299,-0.072172611951828,0.9973873496055603],"EasingStyle":"Linear","EasingDirection":"In"}}},{"Time":0.4333333373069763,"poses":{"Left Leg":{"Weight":1,"CFrame":[-0.3590887486934662,-0.016411423683166505,0.07983148097991944,0.8947492241859436,-0.40306609869003298,0.19225427508354188,0.4109637141227722,0.9116507768630981,-0.0013209189055487514,-0.1747363805770874,0.08019143342971802,0.9813443422317505],"EasingStyle":"Linear","EasingDirection":"In"},"Right Arm":{"Weight":1,"CFrame":[0.41002342104911806,0.36447060108184817,0.08110451698303223,-0.5681226253509522,-0.45563626289367678,-0.6852972507476807,-0.052284758538007739,-0.8110718727111816,0.5826053023338318,-0.821281373500824,0.3668217658996582,0.4369654655456543],"EasingStyle":"Linear","EasingDirection":"In"},"Left Arm":{"Weight":1,"CFrame":[-0.2467784732580185,-0.6264581680297852,0.2828497886657715,-0.6502898931503296,0.6572360396385193,0.38100355863571169,-0.3511194884777069,-0.7047700881958008,0.6164531111717224,0.6736751794815064,0.2670954465866089,0.6890732049942017],"EasingStyle":"Linear","EasingDirection":"In"},"Head":{"Weight":1,"CFrame":[1.341104507446289e-7,-3.725290298461914e-8,0,0.9770729541778565,-0.15600565075874329,0.14488209784030915,0.15875288844108582,0.9872896671295166,-0.007526068948209286,-0.1418665200471878,0.030353965237736703,0.9894203543663025],"EasingStyle":"Linear","EasingDirection":"In"},"Torso":{"Weight":1,"CFrame":[-0.40101340413093569,0.2826043963432312,-0.14891982078552247,0.9756676554679871,0.21881237626075746,-0.0139199523255229,-0.21634849905967713,0.9710957407951355,0.10082820802927017,0.03558006510138512,-0.09536325186491013,0.9948064684867859],"EasingStyle":"Linear","EasingDirection":"In"},"HumanoidRootPart":{"Weight":1,"CFrame":[0,0,0,1,0,0,0,1,0,0,0,1],"EasingStyle":"Linear","EasingDirection":"In"},"Right Leg":{"Weight":1,"CFrame":[0.5055408477783203,0.1214093565940857,0.002897977828979492,0.952497124671936,0.303550124168396,-0.024627212435007097,-0.29970666766166689,0.9486479163169861,0.1012079119682312,0.054084207862615588,-0.08901938796043396,0.9945605397224426],"EasingStyle":"Linear","EasingDirection":"In"}}},{"Time":0.46666666865348818,"poses":{"Left Leg":{"Weight":1,"CFrame":[-0.4126766324043274,0.006623506546020508,0.11819851398468018,0.8780190348625183,-0.41313618421554568,0.2416631579399109,0.42874372005462649,0.903326153755188,-0.013442294672131539,-0.21274715662002564,0.11541416496038437,0.9702671766281128],"EasingStyle":"Linear","EasingDirection":"In"},"Right Arm":{"Weight":1,"CFrame":[0.5357799530029297,0.4464079737663269,0.05285954475402832,-0.5903611183166504,-0.46899735927581789,-0.6568982005119324,-0.02595670521259308,-0.8024073243141174,0.5962121486663818,-0.8067218661308289,0.36903128027915957,0.46153634786605837],"EasingStyle":"Linear","EasingDirection":"In"},"Left Arm":{"Weight":1,"CFrame":[-0.24757257103919984,-0.6729231476783752,0.27007830142974856,-0.6217684149742127,0.7030203342437744,0.3452048599720001,-0.41163790225982668,-0.6683101058006287,0.6196094155311585,0.666301965713501,0.24315425753593446,0.7049239277839661],"EasingStyle":"Linear","EasingDirection":"In"},"Head":{"Weight":1,"CFrame":[4.470348358154297e-8,1.1175870895385743e-8,1.1920928955078126e-7,0.9850355386734009,-0.12939605116844178,0.11384959518909455,0.13136987388134004,0.9912832379341126,-0.009976849891245366,-0.11156623065471649,0.02478395588696003,0.9934478998184204],"EasingStyle":"Linear","EasingDirection":"In"},"Torso":{"Weight":1,"CFrame":[-0.4284847676753998,0.2648859918117523,-0.20527410507202149,0.9832066297531128,0.17847897112369538,-0.03807936608791351,-0.17497490346431733,0.9812214374542236,0.08116946369409561,0.05185132846236229,-0.07314342260360718,0.9959726333618164],"EasingStyle":"Linear","EasingDirection":"In"},"HumanoidRootPart":{"Weight":1,"CFrame":[0,0,0,1,0,0,0,1,0,0,0,1],"EasingStyle":"Linear","EasingDirection":"In"},"Right Leg":{"Weight":1,"CFrame":[0.5620951652526856,0.17621761560440064,0.03796267509460449,0.9326449632644653,0.34831544756889346,-0.09407296031713486,-0.33662256598472597,0.9338923096656799,0.12054269015789032,0.1298409253358841,-0.08075650036334992,0.9882407784461975],"EasingStyle":"Linear","EasingDirection":"In"}}},{"Time":0.5,"poses":{"Left Leg":{"Weight":1,"CFrame":[-0.43726471066474917,0.0383952260017395,0.16248881816864015,0.8585985898971558,-0.4155985116958618,0.30014362931251528,0.4401479959487915,0.8977832198143005,-0.015969162806868554,-0.26282718777656557,0.1458187699317932,0.9537603855133057],"EasingStyle":"Linear","EasingDirection":"In"},"Right Arm":{"Weight":1,"CFrame":[0.6620283722877502,0.5014514923095703,0.022972941398620607,-0.6281411647796631,-0.5098716020584106,-0.5877665877342224,0.03758763521909714,-0.7743892669677734,0.6315920948982239,-0.7771909832954407,0.374636173248291,0.5055907368659973],"EasingStyle":"Linear","EasingDirection":"In"},"Left Arm":{"Weight":1,"CFrame":[-0.2496206909418106,-0.7046929001808167,0.23714148998260499,-0.6044080257415772,0.7417402863502502,0.29070982336997988,-0.4853649437427521,-0.6322016716003418,0.6039389371871948,0.631753146648407,0.22392521798610688,0.7421223521232605],"EasingStyle":"Linear","EasingDirection":"In"},"Head":{"Weight":1,"CFrame":[1.043081283569336e-7,3.725290298461914e-9,-1.7881393432617188e-7,0.9910963177680969,-0.11092020571231842,0.07365395128726959,0.11206019669771195,0.9936347603797913,-0.01151710469275713,-0.071907639503479,0.019668225198984147,0.9972174167633057],"EasingStyle":"Linear","EasingDirection":"In"},"Torso":{"Weight":1,"CFrame":[-0.4392310380935669,0.24686665832996369,-0.25270938873291018,0.9881072640419006,0.14636676013469697,-0.04712522029876709,-0.14338456094264985,0.9877578020095825,0.061444707214832309,0.0555417574942112,-0.053956929594278339,0.9969974756240845],"EasingStyle":"Linear","EasingDirection":"In"},"HumanoidRootPart":{"Weight":1,"CFrame":[0,0,0,1,0,0,0,1,0,0,0,1],"EasingStyle":"Linear","EasingDirection":"In"},"Right Leg":{"Weight":1,"CFrame":[0.5681589841842651,0.21989166736602784,0.09011518955230713,0.9112498164176941,0.3698415458202362,-0.18122056126594544,-0.35191962122917178,0.9277956485748291,0.12388637661933899,0.2139541655778885,-0.04911636933684349,0.9756081700325012],"EasingStyle":"Linear","EasingDirection":"In"}}},{"Time":0.5333333611488342,"poses":{"Left Leg":{"Weight":1,"CFrame":[-0.4382866322994232,0.07256662845611572,0.1993781328201294,0.8414212465286255,-0.41030675172805788,0.3516513705253601,0.44090571999549868,0.8975198864936829,-0.007760826498270035,-0.3124297857284546,0.16157524287700654,0.9360989332199097],"EasingStyle":"Linear","EasingDirection":"In"},"Right Arm":{"Weight":1,"CFrame":[0.7724320888519287,0.5345902442932129,-0.004006326198577881,-0.6594060659408569,-0.5644407868385315,-0.4965786933898926,0.12312547862529755,-0.7326951026916504,0.6693266034126282,-0.7416359782218933,0.3802163898944855,0.5526405572891235],"EasingStyle":"Linear","EasingDirection":"In"},"Left Arm":{"Weight":1,"CFrame":[-0.25242117047309878,-0.7249491810798645,0.19210517406463624,-0.5920003056526184,0.7735925316810608,0.22603121399879456,-0.5625529289245606,-0.5974706411361694,0.5714571475982666,0.5771220326423645,0.21114827692508698,0.788889467716217],"EasingStyle":"Linear","EasingDirection":"In"},"Head":{"Weight":1,"CFrame":[3.725290298461914e-8,-1.862645149230957e-8,0,0.9944639205932617,-0.10215404629707337,0.024621043354272844,0.10246731340885163,0.9946662783622742,-0.011813389137387276,-0.023282935842871667,0.014270836487412453,0.9996270537376404],"EasingStyle":"Linear","EasingDirection":"In"},"Torso":{"Weight":1,"CFrame":[-0.42988449335098269,0.22914567589759828,-0.2788667678833008,0.9907664060592651,0.12997911870479585,-0.038566917181015018,-0.128339946269989,0.9908270835876465,0.04231449216604233,0.04371314123272896,-0.03697409853339195,0.9983597993850708],"EasingStyle":"Linear","EasingDirection":"In"},"HumanoidRootPart":{"Weight":1,"CFrame":[0,0,0,1,0,0,0,1,0,0,0,1],"EasingStyle":"Linear","EasingDirection":"In"},"Right Leg":{"Weight":1,"CFrame":[0.5442294478416443,0.2377426028251648,0.13342809677124024,0.8968665599822998,0.3656246066093445,-0.24889571964740754,-0.3492599129676819,0.9307028651237488,0.1086730808019638,0.27138158679008486,-0.010536002926528454,0.9624142050743103],"EasingStyle":"Linear","EasingDirection":"In"}}},{"Time":0.5666666626930237,"poses":{"Left Leg":{"Weight":1,"CFrame":[-0.4399759769439697,0.11320441961288452,0.21557247638702393,0.8418867588043213,-0.38976210355758669,0.37324556708335879,0.41894954442977908,0.9080039262771606,0.0032082712277770044,-0.3401589095592499,0.1536700278520584,0.9277271032333374],"EasingStyle":"Linear","EasingDirection":"In"},"Right Arm":{"Weight":1,"CFrame":[0.8506546020507813,0.5508145093917847,-0.02352982759475708,-0.6687012910842896,-0.6212639808654785,-0.40849682688713076,0.21150539815425874,-0.6856434345245361,0.6965332627296448,-0.7128142714500427,0.37937337160110476,0.5898913741111755],"EasingStyle":"Linear","EasingDirection":"In"},"Left Arm":{"Weight":1,"CFrame":[-0.2554723620414734,-0.7368754744529724,0.14303600788116456,-0.5805777907371521,0.7983414530754089,0.1599387675523758,-0.6333872675895691,-0.5662769675254822,0.5274003148078919,0.5116151571273804,0.20489375293254853,0.8344271779060364],"EasingStyle":"Linear","EasingDirection":"In"},"Head":{"Weight":1,"CFrame":[8.754432201385498e-8,-3.725290298461914e-9,1.1920928955078126e-7,0.9947008490562439,-0.09922844171524048,-0.02690931409597397,0.09895160049200058,0.9950265884399414,-0.011434621177613736,0.027910128235816957,0.008711307309567929,0.9995725750923157],"EasingStyle":"Linear","EasingDirection":"In"},"Torso":{"Weight":1,"CFrame":[-0.40702328085899355,0.20146673917770387,-0.2850327491760254,0.9920075535774231,0.12487883120775223,-0.018063323572278024,-0.12469698488712311,0.9921353459358215,0.010869801975786686,0.019278666004538537,-0.008530482649803162,0.9997778534889221],"EasingStyle":"Linear","EasingDirection":"In"},"HumanoidRootPart":{"Weight":1,"CFrame":[0,0,0,1,0,0,0,1,0,0,0,1],"EasingStyle":"Linear","EasingDirection":"In"},"Right Leg":{"Weight":1,"CFrame":[0.5147608518600464,0.23605871200561524,0.15238046646118165,0.9014304876327515,0.3323049247264862,-0.2774825096130371,-0.32404646277427676,0.9429399371147156,0.07653956115245819,0.2870839238166809,0.02092210203409195,0.9576770067214966],"EasingStyle":"Linear","EasingDirection":"In"}}},{"Time":0.6000000238418579,"poses":{"Left Leg":{"Weight":1,"CFrame":[-0.4676740765571594,0.1655673384666443,0.19320058822631837,0.8800882697105408,-0.3396289050579071,0.331808477640152,0.3574937582015991,0.9338840246200562,0.007678605616092682,-0.3124784827232361,0.11186160892248154,0.9433156251907349],"EasingStyle":"Linear","EasingDirection":"In"},"Right Arm":{"Weight":1,"CFrame":[0.8803592324256897,0.5551135540008545,-0.031048476696014406,-0.6499739289283752,-0.6730453372001648,-0.3529078960418701,0.2821570932865143,-0.6449097394943237,0.7102667689323425,-0.7056353688240051,0.3620792329311371,0.6090790629386902],"EasingStyle":"Linear","EasingDirection":"In"},"Left Arm":{"Weight":1,"CFrame":[-0.2582728862762451,-0.7436543703079224,0.0979999303817749,-0.5693216919898987,0.8158072829246521,0.10164327174425125,-0.6897596716880798,-0.5412728786468506,0.480890154838562,0.44733044505119326,0.20367169380187989,0.8708693385124207],"EasingStyle":"Linear","EasingDirection":"In"},"Head":{"Weight":1,"CFrame":[1.1827796697616577e-7,-7.450580596923828e-9,-4.172325134277344e-7,0.9925955533981323,-0.09700816869735718,-0.07310017943382263,0.09647311270236969,0.9952768087387085,-0.010823658667504788,0.07380489259958267,0.0036913156509399416,0.9972659349441528],"EasingStyle":"Linear","EasingDirection":"In"},"Torso":{"Weight":1,"CFrame":[-0.37938424944877627,0.15050846338272096,-0.27564048767089846,0.9922702312469482,0.12397842854261399,0.00541688222438097,-0.12356071174144745,0.9910951852798462,-0.04962974786758423,-0.011521665379405022,0.048576805740594867,0.998753011226654],"EasingStyle":"Linear","EasingDirection":"In"},"HumanoidRootPart":{"Weight":1,"CFrame":[0,0,0,1,0,0,0,1,0,0,0,1],"EasingStyle":"Linear","EasingDirection":"In"},"Right Leg":{"Weight":1,"CFrame":[0.48865291476249697,0.21964359283447267,0.14833641052246095,0.9285458326339722,0.2613184154033661,-0.26365751028060915,-0.26664063334465029,0.9636622667312622,0.01606110669672489,0.2582738995552063,0.05538828298449516,0.9644827246665955],"EasingStyle":"Linear","EasingDirection":"In"}}},{"Time":0.6333333253860474,"poses":{"Left Leg":{"Weight":1,"CFrame":[-0.49308276176452639,0.22672319412231446,0.13915884494781495,0.9373501539230347,-0.24479009211063386,0.24789662659168244,0.24928200244903565,0.9683353304862976,0.013611507602036,-0.24337905645370484,0.04903743416070938,0.9686908721923828],"EasingStyle":"Linear","EasingDirection":"In"},"Right Arm":{"Weight":1,"CFrame":[0.8585149049758911,0.5390130281448364,-0.017330706119537355,-0.609212338924408,-0.7112464308738709,-0.35069793462753298,0.34739091992378237,-0.6369070410728455,0.6882361173629761,-0.7128673791885376,0.29745250940322878,0.6350921988487244],"EasingStyle":"Linear","EasingDirection":"In"},"Left Arm":{"Weight":1,"CFrame":[-0.2603210508823395,-0.7484664916992188,0.