{"Sequence":[{"Time":0,"poses":{"Left Leg":{"Weight":1,"CFrame":[-0.1983826756477356,0.48655182123184206,-0.08006936311721802,0.9112829566001892,0.3194090723991394,0.2598870098590851,-0.3984108567237854,0.8434297442436218,0.36040982604026797,-0.10407821089029312,-0.43197712302207949,0.8958591222763062],"EasingStyle":"Linear","EasingDirection":"In"},"Right Arm":{"Weight":1,"CFrame":[0.6600358486175537,-0.5702663660049439,-0.3625723719596863,-0.7398098111152649,-0.5032868981361389,0.44652408361434939,0.6550097465515137,-0.38708046078681948,0.6489461660385132,-0.15376527607440949,0.7725744247436523,0.6160237193107605],"EasingStyle":"Linear","EasingDirection":"In"},"Head":{"Weight":1,"CFrame":[1.1920928955078126e-7,-5.960464477539063e-8,-1.7881393432617188e-7,0.891656756401062,-0.2555146813392639,-0.3737119734287262,0.344423770904541,0.918614387512207,0.1937006413936615,0.2938038110733032,-0.30142977833747866,0.9070940017700195],"EasingStyle":"Linear","EasingDirection":"In"},"Right Leg":{"Weight":1,"CFrame":[0.24838823080062867,0.6864740252494812,-0.5552123188972473,0.8469251394271851,0.1915465146303177,-0.49601179361343386,0.4544798731803894,0.22340980172157288,0.8622854948043823,0.2759818136692047,-0.9557186365127564,0.10215744376182556],"EasingStyle":"Linear","EasingDirection":"In"},"Torso":{"Weight":1,"CFrame":[-0.09949040412902832,0.23666226863861085,-0.06826210021972656,0.9259784817695618,0.32115453481674197,0.19855424761772157,-0.23282752931118012,0.8996537923812866,-0.3693433105945587,-0.2972463071346283,0.29577502608299258,0.9078336358070374],"EasingStyle":"Linear","EasingDirection":"In"},"HumanoidRootPart":{"Weight":1,"CFrame":[0,0,0,1,0,0,0,1,0,0,0,1],"EasingStyle":"Linear","EasingDirection":"In"},"Left Arm":{"Weight":1,"CFrame":[-0.4222792387008667,-0.49233612418174746,-0.2631452679634094,-0.22093342244625092,0.756523072719574,-0.6155170798301697,-0.9388638734817505,0.005892697721719742,0.34423819184303286,0.26405125856399538,0.6539404392242432,0.7089702486991882],"EasingStyle":"Linear","EasingDirection":"In"}}},{"Time":0.0416666679084301,"poses":{"Left Leg":{"Weight":1,"CFrame":[-0.2897763252258301,0.5870620012283325,-0.04426521062850952,0.9253138899803162,0.055265672504901889,0.3751533627510071,-0.20819765329360963,0.9009132981300354,0.3808005452156067,-0.31693536043167117,-0.4304659962654114,0.8451337814331055],"EasingStyle":"Linear","EasingDirection":"In"},"Right Arm":{"Weight":1,"CFrame":[0.6351357698440552,-0.5724972486495972,-0.33743715286254885,-0.7539112567901611,-0.4998459219932556,0.4263475239276886,0.6408448219299316,-0.41658666729927065,0.6448050141334534,-0.14469237625598908,0.7593482136726379,0.6343927979469299],"EasingStyle":"Linear","EasingDirection":"In"},"Head":{"Weight":1,"CFrame":[5.960464477539063e-8,7.82310962677002e-8,2.384185791015625e-7,0.8606457710266113,-0.33656418323516848,-0.3821171820163727,0.4213252365589142,0.8921050429344177,0.16319893300533296,0.285961776971817,-0.30145207047462466,0.9095891714096069],"EasingStyle":"Linear","EasingDirection":"In"},"Right Leg":{"Weight":1,"CFrame":[0.06275951862335205,0.8329120874404907,-0.5299594402313232,0.6965228319168091,0.036109548062086108,-0.7166255116462708,0.6467466354370117,0.4009578227996826,0.6488078832626343,0.31076478958129885,-0.9153845310211182,0.2559225559234619],"EasingStyle":"Linear","EasingDirection":"In"},"Torso":{"Weight":1,"CFrame":[-0.11478924751281738,0.20151185989379884,-0.06780052185058594,0.8848224878311157,0.43014010787010195,0.1790774166584015,-0.351318359375,0.8683850169181824,-0.3499758243560791,-0.306046724319458,0.24675330519676209,0.9194826483726502],"EasingStyle":"Linear","EasingDirection":"In"},"HumanoidRootPart":{"Weight":1,"CFrame":[0,0,0,1,0,0,0,1,0,0,0,1],"EasingStyle":"Linear","EasingDirection":"In"},"Left Arm":{"Weight":1,"CFrame":[-0.41784974932670596,-0.45060306787490847,-0.25857847929000857,-0.24346528947353364,0.7651291489601135,-0.5960723161697388,-0.9298473596572876,-0.009323997423052788,0.36782726645469668,0.27587759494781496,0.6438092589378357,0.713723361492157],"EasingStyle":"Linear","EasingDirection":"In"}}},{"Time":0.0833333358168602,"poses":{"Left Leg":{"Weight":1,"CFrame":[-0.3725363314151764,0.5389348864555359,0.0809929370880127,0.8302491903305054,-0.29763081669807436,0.4712771773338318,0.08978652209043503,0.9058746099472046,0.4139198064804077,-0.5501132607460022,-0.3013422191143036,0.7788249850273132],"EasingStyle":"Linear","EasingDirection":"In"},"Right Arm":{"Weight":1,"CFrame":[0.6018686294555664,-0.5728162527084351,-0.3190372586250305,-0.7607636451721191,-0.5021223425865173,0.41123223304748537,0.6317138075828552,-0.42748385667800906,0.6466801166534424,-0.1489173173904419,0.7517517805099487,0.6424116492271423],"EasingStyle":"Linear","EasingDirection":"In"},"Head":{"Weight":1,"CFrame":[2.0116567611694337e-7,-1.4528632164001466e-7,-1.7881393432617188e-7,0.8321051597595215,-0.41624951362609866,-0.3665205240249634,0.4806162416934967,0.8709811568260193,0.10197991877794266,0.2767833471298218,-0.2610137462615967,0.9248042106628418],"EasingStyle":"Linear","EasingDirection":"In"},"Right Leg":{"Weight":1,"CFrame":[-0.06519877910614014,0.922348141670227,-0.3405163288116455,0.5869523882865906,-0.08321897685527802,-0.8053331971168518,0.6562835574150086,0.6313959956169128,0.41307494044303896,0.4741084575653076,-0.7709822654724121,0.4252147972583771],"EasingStyle":"Linear","EasingDirection":"In"},"Torso":{"Weight":1,"CFrame":[-0.11429750919342041,0.13907206058502198,-0.08823895454406738,0.8366199135780335,0.5234923362731934,0.16131624579429627,-0.4672156274318695,0.8356618881225586,-0.28875380754470827,-0.2859662175178528,0.16620773077011109,0.9437151551246643],"EasingStyle":"Linear","EasingDirection":"In"},"HumanoidRootPart":{"Weight":1,"CFrame":[0,0,0,1,0,0,0,1,0,0,0,1],"EasingStyle":"Linear","EasingDirection":"In"},"Left Arm":{"Weight":1,"CFrame":[-0.4161873161792755,-0.43390974402427676,-0.256866455078125,-0.2523871660232544,0.768383264541626,-0.5881223082542419,-0.9260143041610718,-0.015476061031222344,0.37717100977897646,0.2807101309299469,0.6398028135299683,0.7154398560523987],"EasingStyle":"Linear","EasingDirection":"In"}}},{"Time":0.125,"poses":{"Left Leg":{"Weight":1,"CFrame":[-0.2872963547706604,0.32443416118621828,0.2048041820526123,0.6886176466941834,-0.4875965714454651,0.536707878112793,0.3170996904373169,0.8681284189224243,0.3818387985229492,-0.6521146893501282,-0.09275095909833908,0.7524253129959106],"EasingStyle":"Linear","EasingDirection":"In"},"Right Arm":{"Weight":1,"CFrame":[0.5608357787132263,-0.5418293476104736,-0.3095133304595947,-0.7613543272018433,-0.5252346992492676,0.38008973002433779,0.6185263991355896,-0.41271117329597475,0.6686513423919678,-0.1943316012620926,0.7441760897636414,0.6390909552574158],"EasingStyle":"Linear","EasingDirection":"In"},"Head":{"Weight":1,"CFrame":[1.1175870895385742e-7,-4.0046870708465579e-8,-2.980232238769531e-7,0.8257420659065247,-0.4826589524745941,-0.2918742299079895,0.5215895175933838,0.8503680229187012,0.06941597163677216,0.2146962732076645,-0.20955823361873628,0.9539344310760498],"EasingStyle":"Linear","EasingDirection":"In"},"Right Leg":{"Weight":1,"CFrame":[0.06862542033195496,0.867125391960144,-0.17602014541625977,0.6905582547187805,-0.13734747469425202,-0.7101160883903503,0.5767614245414734,0.6970043182373047,0.42606496810913088,0.43643519282341006,-0.7037903070449829,0.5605389475822449],"EasingStyle":"Linear","EasingDirection":"In"},"Torso":{"Weight":1,"CFrame":[-0.10831353068351746,0.0798407793045044,-0.12929511070251466,0.8040891885757446,0.5866585969924927,0.09629357606172562,-0.5568749904632568,0.799955427646637,-0.2235209196805954,-0.20816105604171754,0.12610724568367005,0.96993088722229],"EasingStyle":"Linear","EasingDirection":"In"},"HumanoidRootPart":{"Weight":1,"CFrame":[0,0,0,1,0,0,0,1,0,0,0,1],"EasingStyle":"Linear","EasingDirection":"In"},"Left Arm":{"Weight":1,"CFrame":[-0.4224589467048645,-0.43715107440948489,-0.26283758878707888,-0.24715055525302888,0.757864236831665,-0.6037866473197937,-0.9320136308670044,-0.01546546071767807,0.36209312081336977,0.26507964730262759,0.6522290706634522,0.7101621627807617],"EasingStyle":"Linear","EasingDirection":"In"}}},{"Time":0.1666666716337204,"poses":{"Left Leg":{"Weight":1,"CFrame":[-0.11233201622962952,0.11050522327423096,0.1726902723312378,0.6919004321098328,-0.46206268668174746,0.5547720193862915,0.3979281783103943,0.8852003216743469,0.24098433554172517,-0.6024342775344849,0.05402235686779022,0.7963382601737976],"EasingStyle":"Linear","EasingDirection":"In"},"Right Arm":{"Weight":1,"CFrame":[0.5191836953163147,-0.47613102197647097,-0.3060046434402466,-0.7426183819770813,-0.574622392654419,0.34398701786994936,0.6104012727737427,-0.36941155791282656,0.7006750702857971,-0.2755507230758667,0.7303042411804199,0.6250820159912109],"EasingStyle":"Linear","EasingDirection":"In"},"Head":{"Weight":1,"CFrame":[1.1175870895385742e-7,8.568167686462403e-8,1.1920928955078126e-7,0.8382934331893921,-0.5188360214233398,-0.16755114495754243,0.5355018377304077,0.841271698474884,0.07416068762540817,0.10247879475355149,-0.15189236402511598,0.9830700755119324],"EasingStyle":"Linear","EasingDirection":"In"},"Right Leg":{"Weight":1,"CFrame":[0.11696606874465943,0.6892999410629273,-0.0842551589012146,0.7498666644096375,-0.2984517812728882,-0.5904459357261658,0.6144113540649414,0.6451294422149658,0.4542101323604584,0.24535419046878816,-0.7033737301826477,0.6671332120895386],"EasingStyle":"Linear","EasingDirection":"In"},"Torso":{"Weight":1,"CFrame":[-0.07592660188674927,0.07538187503814697,-0.15675044059753419,0.7954098582267761,0.6059322357177734,-0.013012496754527092,-0.5993122458457947,0.7831594944000244,-0.16578920185565949,-0.0902661457657814,0.13966891169548036,0.9860754609107971],"EasingStyle":"Linear","EasingDirection":"In"},"HumanoidRootPart":{"Weight":1,"CFrame":[0,0,0,1,0,0,0,1,0,0,0,1],"EasingStyle":"Linear","EasingDirection":"In"},"Left Arm":{"Weight":1,"CFrame":[-0.4341064393520355,-0.44724154472351076,-0.27392661571502688,-0.22314029932022096,0.7319990992546082,-0.6437281370162964,-0.9469864368438721,-0.0061974613927304749,0.32121381163597109,0.23113878071308137,0.6812775135040283,0.6945759654045105],"EasingStyle":"Linear","EasingDirection":"In"}}},{"Time":0.2083333283662796,"poses":{"Left Leg":{"Weight":1,"CFrame":[-0.052233099937438968,0.00830620527267456,0.12104523181915283,0.77076655626297,-0.3623434901237488,0.5240477323532105,0.3803446292877197,0.9215673208236694,0.07779261469841004,-0.5111328363418579,0.1393587440252304,0.8481287956237793],"EasingStyle":"Linear","EasingDirection":"In"},"Right Arm":{"Weight":1,"CFrame":[0.48569443821907046,-0.4166167378425598,-0.30550336837768557,-0.6844490766525269,-0.6364275813102722,0.3556535542011261,0.6410773396492004,-0.2930617928504944,0.7093200087547302,-0.3472021520137787,0.7134947180747986,0.6085851192474365],"EasingStyle":"Linear","EasingDirection":"In"},"Head":{"Weight":1,"CFrame":[1.8486753106117249e-7,-1.0035000741481781e-7,-1.1920928955078126e-7,0.8460373878479004,-0.5311790108680725,-0.045493774116039279,0.5329649448394775,0.8406185507774353,0.09648330509662628,-0.013007004745304585,-0.10587506741285324,0.9942944049835205],"EasingStyle":"Linear","EasingDirection":"In"},"Right Leg":{"Weight":1,"CFrame":[0.028976917266845704,0.44827353954315188,-0.004940986633300781,0.7019902467727661,-0.5171104073524475,-0.4897002875804901,0.7095605731010437,0.5668208003044128,0.41861456632614138,0.06110244616866112,-0.6413354277610779,0.764823853969574],"EasingStyle":"Linear","EasingDirection":"In"},"Torso":{"Weight":1,"CFrame":[-0.03423154354095459,0.13098490238189698,-0.1769716739654541,0.7987039685249329,0.5920405387878418,-0.1075175404548645,-0.6017078757286072,0.7871448397636414,-0.1354645937681198,0.004431352950632572,0.17289026081562043,0.9849311113357544],"EasingStyle":"Linear","EasingDirection":"In"},"HumanoidRootPart":{"Weight":1,"CFrame":[0,0,0,1,0,0,0,1,0,0,0,1],"EasingStyle":"Linear","EasingDirection":"In"},"Left Arm":{"Weight":1,"CFrame":[-0.4403781592845917,-0.4647338390350342,-0.27989768981933596,-0.1684296578168869,0.6970657110214233,-0.6969439387321472,-0.965182900428772,0.026926977559924127,0.26018643379211428,0.20013360679149629,0.7165014743804932,0.6682605743408203],"EasingStyle":"Linear","EasingDirection":"In"}}},{"Time":0.25,"poses":{"Left Leg":{"Weight":1,"CFrame":[-0.13589924573898316,-0.028359651565551759,0.13112974166870118,0.848297655582428,-0.26862725615501406,0.45632272958755495,0.33046814799308779,0.9419175982475281,-0.05984941124916077,-0.4137412905693054,0.2015702873468399,0.8877993822097778],"EasingStyle":"Linear","EasingDirection":"In"},"Right Arm":{"Weight":1,"CFrame":[0.467068612575531,-0.3924506604671478,-0.3183867931365967,-0.5855380892753601,-0.690179169178009,0.42520350217819216,0.7130520343780518,-0.18899375200271607,0.6751580238342285,-0.3856191039085388,0.6985228061676025,0.6027965545654297],"EasingStyle":"Linear","EasingDirection":"In"},"Head":{"Weight":1,"CFrame":[1.862645149230957e-7,7.078051567077637e-8,2.384185791015625e-7,0.8495270609855652,-0.5244225859642029,0.05731497332453728,0.5135679841041565,0.8469666242599487,0.13746094703674317,-0.12063147127628327,-0.08734161406755448,0.9888476133346558],"EasingStyle":"Linear","EasingDirection":"In"},"Right Leg":{"Weight":1,"CFrame":[0.05251595377922058,0.4558464288711548,0.05565977096557617,0.7272970080375671,-0.5474691390991211,-0.41390419006347659,0.6638910174369812,0.714116096496582,0.22200658917427064,0.17403383553028108,-0.4362519681453705,0.8828344345092773],"EasingStyle":"Linear","EasingDirection":"In"},"Torso":{"Weight":1,"CFrame":[0.0014680027961730958,0.1931302547454834,-0.1908113956451416,0.8150424957275391,0.5520399212837219,-0.17594802379608155,-0.5760646462440491,0.8046241998672485,-0.14397700130939485,0.06209098547697067,0.21870478987693788,0.9738135933876038],"EasingStyle":"Linear","EasingDirection":"In"},"HumanoidRootPart":{"Weight":1,"CFrame":[0,0,0,1,0,0,0,1,0,0,0,1],"EasingStyle":"Linear","EasingDirection":"In"},"Left Arm":{"Weight":1,"CFrame":[-0.43919479846954348,-0.4871384799480438,-0.26833999156951907,-0.04089885205030441,0.6665189266204834,-0.7443655133247376,-0.978395938873291,0.12438588589429856,0.16513502597808839,0.2026541829109192,0.7350379228591919,0.6470320820808411],"EasingStyle":"Linear","EasingDirection":"In"}}},{"Time":0.2916666567325592,"poses":{"Left Leg":{"Weight":1,"CFrame":[-0.22576436400413514,-0.028516530990600587,0.1138005256652832,0.9306814670562744,-0.15446239709854127,0.3316226899623871,0.21833589673042298,0.9618695378303528,-0.1647309958934784,-0.2935330867767334,0.22571724653244019,0.9289188981056213],"EasingStyle":"Linear","EasingDirection":"In"},"Right Arm":{"Weight":1,"CFrame":[0.46168315410614016,-0.38587528467178347,-0.34386223554611208,-0.5276497602462769,-0.7091493010520935,0.46764642000198367,0.7501042485237122,-0.1306070238351822,0.64829421043396,-0.39865946769714358,0.6928558349609375,0.6008507013320923],"EasingStyle":"Linear","EasingDirection":"In"},"Head":{"Weight":1,"CFrame":[1.601874828338623e-7,6.332993507385254e-8,-1.7881393432617188e-7,0.8702504634857178,-0.4701177477836609,0.14715175330638886,0.4441045820713043,0.8779965043067932,0.17858736217021943,-0.21315577626228333,-0.09006499499082566,0.9728581309318543],"EasingStyle":"Linear","EasingDirection":"In"},"Right Leg":{"Weight":1,"CFrame":[0.19609791040420533,0.4302515983581543,0.2260725498199463,0.8639106154441834,-0.36358878016471865,-0.3485136330127716,0.3398265838623047,0.9315362572669983,-0.1294533908367157,0.3717210292816162,-0.006598134990781546,0.9283211827278137],"EasingStyle":"Linear","EasingDirection":"In"},"Torso":{"Weight":1,"CFrame":[0.03659486770629883,0.2385261058807373,-0.2026207447052002,0.8569225668907166,0.46274861693382265,-0.227041095495224,-0.5031376481056213,0.8466262221336365,-0.1734263151884079,0.11196614801883698,0.26284587383270266,0.9583191871643066],"EasingStyle":"Linear","EasingDirection":"In"},"HumanoidRootPart":{"Weight":1,"CFrame":[0,0,0,1,0,0,0,1,0,0,0,1],"EasingStyle":"Linear","EasingDirection":"In"},"Left Arm":{"Weight":1,"CFrame":[-0.4380113184452057,-0.49979448318481448,-0.25678229331970217,0.051965292543172839,0.6533165574073792,-0.7552993893623352,-0.9761670827865601,0.1928083896636963,0.09961365163326264,0.21070736646652223,0.732122004032135,0.6477653980255127],"EasingStyle":"Linear","EasingDirection":"In"}}},{"Time":0.3333333432674408,"poses":{"Left Leg":{"Weight":1,"CFrame":[-0.4886718690395355,0.23666918277740479,0.12803781032562257,0.8694638013839722,-0.4064432680606842,0.2807784974575043,0.35013070702552798,0.9079879522323608,0.23014424741268159,-0.3484840989112854,-0.1017928496003151,0.9317709803581238],"EasingStyle":"Linear","EasingDirection":"In"},"Right Arm":{"Weight":1,"CFrame":[0.4700852930545807,-0.3729356527328491,-0.3656628727912903,-0.5304394960403442,-0.7053072452545166,0.4702933430671692,0.7465510368347168,-0.12582816183567048,0.653321385383606,-0.40161603689193728,0.697645366191864,0.5932920575141907],"EasingStyle":"Linear","EasingDirection":"In"},"Head":{"Weight":1,"CFrame":[1.043081283569336e-7,2.0489096641540528e-7,-2.980232238769531e-7,0.9139853119850159,-0.34178853034973147,0.21865825355052949,0.3073057532310486,0.9350060224533081,0.17699459195137025,-0.2649414539337158,-0.09457552433013916,0.9596152901649475],"EasingStyle":"Linear","EasingDirection":"In"},"Right Leg":{"Weight":1,"CFrame":[0.23375996947288514,0.2576783299446106,0.2004702091217041,0.9060614705085754,-0.27725428342819216,-0.3196602761745453,0.21382540464401246,0.9518849849700928,-0.21953052282333375,0.3651454746723175,0.13055656850337983,0.9217503666877747],"EasingStyle":"Linear","EasingDirection":"In"},"Torso":{"Weight":1,"CFrame":[0.07444655895233154,0.2547680139541626,-0.20586681365966798,0.9169735312461853,0.309563547372818,-0.2516545355319977,-0.3608560860157013,0.9125800728797913,-0.19230306148529054,0.17012488842010499,0.26714786887168887,0.9485196471214294],"EasingStyle":"Linear","EasingDirection":"In"},"HumanoidRootPart":{"Weight":1,"CFrame":[0,0,0,1,0,0,0,1,0,0,0,1],"EasingStyle":"Linear","EasingDirection":"In"},"Left Arm":{"Weight":1,"CFrame":[-0.4391329884529114,-0.5011891722679138,-0.2568624019622803,0.058058641850948337,0.6618782877922058,-0.7473598122596741,-0.9781538248062134,0.18740063905715943,0.08997829258441925,0.19961032271385194,0.7258086204528809,0.6582988500595093],"EasingStyle":"Linear","EasingDirection":"In"}}},{"Time":0.375,"poses":{"Left Leg":{"Weight":1,"CFrame":[-0.3150257170200348,0.5275716781616211,-0.058334410190582278,0.8055649995803833,-0.41114819049835207,0.42664071917533877,-0.015513340011239052,0.7051770091056824,0.7088616490364075,-0.5923044085502625,-0.577652633190155,0.5616876482963562],"EasingStyle":"Linear","EasingDirection":"In"},"Right Arm":{"Weight":1,"CFrame":[0.4924022853374481,-0.3518087863922119,-0.3815060257911682,-0.5379399061203003,-0.6977246999740601,0.4730761647224426,0.7394210696220398,-0.12104937434196472,0.6622715592384338,-0.4048175811767578,0.7060646414756775,0.58102947473526],"EasingStyle":"Linear","EasingDirection":"In"},"Head":{"Weight":1,"CFrame":[1.2852251529693604e-7,-5.21540641784668e-8,1.1920928955078126e-7,0.9516595005989075,-0.15927593410015107,0.2626315951347351,0.1252674162387848,0.981964647769928,0.14161059260368348,-0.28045010566711428,-0.10186590254306793,0.9544481039047241],"EasingStyle":"Linear","EasingDirection":"In"},"Right Leg":{"Weight":1,"CFrame":[0.2923787832260132,0.3846450448036194,0.10251283645629883,0.9411581754684448,-0.20252929627895356,-0.27056097984313967,0.20970869064331056,0.977760910987854,-0.0024250978603959085,0.2650351822376251,-0.05445660650730133,0.9626997709274292],"EasingStyle":"Linear","EasingDirection":"In"},"Torso":{"Weight":1,"CFrame":[0.1044808030128479,0.23602092266082765,-0.19435453414916993,0.9585362672805786,0.11761244386434555,-0.25956815481185915,-0.17026709020137788,0.9667662978172302,-0.1907145380973816,0.22851133346557618,0.22700271010398866,0.9467060565948486],"EasingStyle":"Linear","EasingDirection":"In"},"HumanoidRootPart":{"Weight":1,"CFrame":[0,0,0,1,0,0,0,1,0,0,0,1],"EasingStyle":"Linear","EasingDirection":"In"},"Left Arm":{"Weight":1,"CFrame":[-0.4420904815196991,-0.5018160939216614,-0.25742363929748537,0.06109212338924408,0.6723449230194092,-0.7377129197120667,-0.9801928997039795,0.1799084097146988,0.08279436826705933,0.18838706612586976,0.7180426716804504,0.6700186133384705],"EasingStyle":"Linear","EasingDirection":"In"}}},{"Time":0.4166666567325592,"poses":{"Left Leg":{"Weight":1,"CFrame":[-0.1918967068195343,0.7434741258621216,-0.2804250717163086,0.7843839526176453,-0.18639135360717774,0.5916080474853516,-0.3977053165435791,0.5807991027832031,0.7102836966514587,-0.47599613666534426,-0.7924207448959351,0.38144075870513918],"EasingStyle":"Linear","EasingDirection":"In"},"Right Arm":{"Weight":1,"CFrame":[0.5242978930473328,-0.3262053430080414,-0.39260441064834597,-0.5532596111297607,-0.6849512457847595,0.47407352924346926,0.7272335290908814,-0.11961185932159424,0.6758880019187927,-0.40624547004699709,0.7187035083770752,0.5642958283424377],"EasingStyle":"Linear","EasingDirection":"In"},"Head":{"Weight":1,"CFrame":[1.7997808754444123e-7,5.122274160385132e-8,-2.980232238769531e-7,0.9555711150169373,0.020815715193748475,0.29402482509613039,-0.048077039420604709,0.9951520562171936,0.0857962816953659,-0.29081347584724429,-0.09612029045820236,0.9519393444061279],"EasingStyle":"Linear","EasingDirection":"In"},"Right Leg":{"Weight":1,"CFrame":[0.4000571370124817,0.48853302001953127,0.06106126308441162,0.9625663161277771,-0.0038635805249214174,-0.27101877331733706,0.054472558200359347,0.9822550415992737,0.1794651448726654,0.2655162513256073,-0.18751028180122376,0.9456961154937744],"EasingStyle":"Linear","EasingDirection":"In"},"Torso":{"Weight":1,"CFrame":[0.11243456602096558,0.212265282869339,-0.16562819480895997,0.9614173173904419,-0.06153683364391327,-0.2681230902671814,0.018335431814193727,0.9868264198303223,-0.1607402265071869,0.274482399225235,0.14962229132652284,0.9498803019523621],"EasingStyle":"Linear","EasingDirection":"In"},"HumanoidRootPart":{"Weight":1,"CFrame":[0,0,0,1,0,0,0,1,0,0,0,1],"EasingStyle":"Linear","EasingDirection":"In"},"Left Arm":{"Weight":1,"CFrame":[-0.4462713897228241,-0.5019828081130981,-0.2589467763900757,0.05752219259738922,0.6858680248260498,-0.7254491448402405,-0.9823356866836548,0.16849194467067719,0.08140775561332703,0.17806731164455415,0.7079516649246216,0.6834445595741272],"EasingStyle":"Linear","EasingDirection":"In"}}},{"Time":0.4583333432674408,"poses":{"Left Leg":{"Weight":1,"CFrame":[-0.04931792616844177,0.7797651290893555,-0.23941510915756226,0.7200914025306702,0.15785284340381623,0.675685465335846,-0.6392361521720886,0.5296880602836609,0.5575013756752014,-0.2698993384838104,-0.8333745002746582,0.48232904076576235],"EasingStyle":"Linear","EasingDirection":"In"},"Right Arm":{"Weight":1,"CFrame":[0.5614370703697205,-0.2998330295085907,-0.4001709222793579,-0.5792426466941834,-0.6652609705924988,0.4710685908794403,0.7082228660583496,-0.12458741664886475,0.6949090361595154,-0.4036065936088562,0.7361424565315247,0.5433192849159241],"EasingStyle":"Linear","EasingDirection":"In"},"Head":{"Weight":1,"CFrame":[-2.7008354663848878e-8,1.862645149230957e-8,0,0.9360323548316956,0.14334149658679963,0.3213981091976166,-0.1577637642621994,0.9872913360595703,0.01914193481206894,-0.31456971168518069,-0.06862244755029679,0.9467507004737854],"EasingStyle":"Linear","EasingDirection":"In"},"Right Leg":{"Weight":1,"CFrame":[0.409635990858078,0.5297482013702393,0.13266420364379884,0.8860958218574524,0.20936457812786103,-0.4135221540927887,-0.09295733273029328,0.954314649105072,0.28397637605667117,0.4540848433971405,-0.21319042146205903,0.8650761842727661],"EasingStyle":"Linear","EasingDirection":"In"},"Torso":{"Weight":1,"CFrame":[0.09974551200866699,0.19785362482070924,-0.1259000301361084,0.9405165314674377,-0.18030543625354768,-0.2879559397697449,0.15533220767974854,0.981991708278656,-0.10753702372312546,0.30215984582901,0.056411512196063998,0.9515866637229919],"EasingStyle":"Linear","EasingDirection":"In"},"HumanoidRootPart":{"Weight":1,"CFrame":[0,0,0,1,0,0,0,1,0,0,0,1],"EasingStyle":"Linear","EasingDirection":"In"},"Left Arm":{"Weight":1,"CFrame":[-0.4510641098022461,-0.501995325088501,-0.26191335916519167,0.04380297288298607,0.7033440470695496,-0.7094988226890564,-0.9844910502433777,0.1511494219303131,0.08905787020921707,0.16987861692905427,0.6945942044258118,0.6990566253662109],"EasingStyle":"Linear","EasingDirection":"In"}}},{"Time":0.5,"poses":{"Left Leg":{"Weight":1,"CFrame":[-0.15394213795661927,0.8817264437675476,-0.03925919532775879,0.6597380042076111,0.24717973172664643,0.7096816301345825,-0.663026750087738,0.6359933018684387,0.3948521316051483,-0.35375332832336428,-0.7310367226600647,0.5834757089614868],"EasingStyle":"Linear","EasingDirection":"In"},"Right Arm":{"Weight":1,"CFrame":[0.5994845032691956,-0.27640295028686526,-0.40541893243789675,-0.6182616949081421,-0.6363149285316467,0.4613630473613739,0.6799930334091187,-0.13867147266864777,0.7199860215187073,-0.39415985345840456,0.7588633298873901,0.5184248089790344],"EasingStyle":"Linear","EasingDirection":"In"},"Head":{"Weight":1,"CFrame":[1.6763806343078614e-7,5.587935447692871e-8,2.384185791015625e-7,0.9211805462837219,0.19847173988819123,0.33471691608428957,-0.20075955986976624,0.9792367219924927,-0.028128284960985185,-0.3333497643470764,-0.041286367923021319,0.9418988227844238],"EasingStyle":"Linear","EasingDirection":"In"},"Right Leg":{"Weight":1,"CFrame":[0.41364121437072756,0.5253171324729919,0.1768019199371338,0.8058441281318665,0.3562217652797699,-0.47299179434776308,-0.17204804718494416,0.9051986932754517,0.38860633969306948,0.5665816068649292,-0.23177887499332429,0.7907363772392273],"EasingStyle":"Linear","EasingDirection":"In"},"Torso":{"Weight":1,"CFrame":[0.08932960033416748,0.18844789266586305,-0.09135961532592774,0.9241912364959717,-0.23324067890644074,-0.30243903398513796,0.22587722539901734,0.972329318523407,-0.05962526425719261,0.3079773783683777,-0.013208947144448758,0.9513019919395447],"EasingStyle":"Linear","EasingDirection":"In"},"HumanoidRootPart":{"Weight":1,"CFrame":[0,0,0,1,0,0,0,1,0,0,0,1],"EasingStyle":"Linear","EasingDirection":"In"},"Left Arm":{"Weight":1,"CFrame":[-0.45585688948631289,-0.5021612048149109,-0.2668035626411438,0.016495129093527795,0.7251765131950378,-0.6883655786514282,-0.9861009120941162,0.1256350874900818,0.10872397571802139,0.16532689332962037,0.677004337310791,0.717169463634491],"EasingStyle":"Linear","EasingDirection":"In"}}},{"Time":0.5416666865348816,"poses":{"Left Leg":{"Weight":1,"CFrame":[-0.3351553976535797,1.026479959487915,0.1078038215637207,0.6380069851875305,0.17237763106822968,0.7504885196685791,-0.5799393057823181,0.7487326860427856,0.32104504108428957,-0.506574273109436,-0.6400666832923889,0.5776652097702026],"EasingStyle":"Linear","EasingDirection":"In"},"Right Arm":{"Weight":1,"CFrame":[0.6341045498847961,-0.25962501764297488,-0.4095606207847595,-0.6718223690986633,-0.5947206616401672,0.44154512882232668,0.6390613913536072,-0.1639886051416397,0.7514708042144775,-0.37450677156448367,0.7870293259620667,0.4902340769767761],"EasingStyle":"Linear","EasingDirection":"In"},"Head":{"Weight":1,"CFrame":[7.450580596923828e-8,7.82310962677002e-8,-2.980232238769531e-7,0.9219236969947815,0.21963737905025483,0.319086492061615,-0.2199626863002777,0.9748622179031372,-0.03549939766526222,-0.31886231899261477,-0.03745938837528229,0.9470605850219727],"EasingStyle":"Linear","EasingDirection":"In"},"Right Leg":{"Weight":1,"CFrame":[0.3444103002548218,0.43615710735321047,0.1954355239868164,0.7984682321548462,0.36757776141166689,-0.47679686546325686,-0.1589423567056656,0.8925803303718567,0.42194533348083498,0.5806772112846375,-0.2611267864704132,0.7711206078529358],"EasingStyle":"Linear","EasingDirection":"In"},"Torso":{"Weight":1,"CFrame":[0.1029391884803772,0.181160569190979,-0.07127213478088379,0.923238217830658,-0.25698891282081606,-0.2856360077857971,0.25533056259155276,0.9658651947975159,-0.043711982667446139,0.2871193587779999,-0.032575011253356937,0.9573407769203186],"EasingStyle":"Linear","EasingDirection":"In"},"HumanoidRootPart":{"Weight":1,"CFrame":[0,0,0,1,0,0,0,1,0,0,0,1],"EasingStyle":"Linear","EasingDirection":"In"},"Left Arm":{"Weight":1,"CFrame":[-0.4600376784801483,-0.5027887225151062,-0.27409934997558596,-0.02750161476433277,0.7509345412254334,-0.6598038673400879,-0.9856961369514465,0.08941897004842758,0.1428547203540802,0.16627344489097596,0.6542947888374329,0.7377339601516724],"EasingStyle":"Linear","EasingDirection":"In"}}},{"Time":0.5833333134651184,"poses":{"Left Leg":{"Weight":1,"CFrame":[-0.4011346697807312,1.0535820722579957,0.18421244621276856,0.6247979998588562,0.1828373819589615,0.7590771317481995,-0.5630652904510498,0.779026448726654,0.2758176922798157,-0.5409112572669983,-0.5997402667999268,0.589683473110199],"EasingStyle":"Linear","EasingDirection":"In"},"Right Arm":{"Weight":1,"CFrame":[0.6609622240066528,-0.2532075047492981,-0.41380953788757326,-0.7397890090942383,-0.5355653166770935,0.40728622674942019,0.5803676843643189,-0.2016657143831253,0.7889894247055054,-0.34041959047317507,0.820061445236206,0.46001484990119936],"EasingStyle":"Linear","EasingDirection":"In"},"Head":{"Weight":1,"CFrame":[8.568167686462403e-8,-1.4901161193847657e-8,1.1920928955078126e-7,0.9384345412254334,0.23623262345790864,0.2520611584186554,-0.24316319823265077,0.9699781537055969,-0.0037598481867462398,-0.24538201093673707,-0.05776362493634224,0.9677039980888367],"EasingStyle":"Linear","EasingDirection":"In"},"Right Leg":{"Weight":1,"CFrame":[0.24817855656147004,0.3464309573173523,0.21079659461975099,0.8201508522033691,0.2946498692035675,-0.49044275283813479,-0.11806480586528778,0.9259049892425537,0.35883238911628725,0.5598333477973938,-0.23639267683029176,0.7941694855690002],"EasingStyle":"Linear","EasingDirection":"In"},"Torso":{"Weight":1,"CFrame":[0.12162846326828003,0.1809695065021515,-0.07193732261657715,0.9313174486160278,-0.27901580929756167,-0.2340897023677826,0.2730481028556824,0.9602375030517578,-0.05821267142891884,0.2410239726305008,-0.009703272953629494,0.970470666885376],"EasingStyle":"Linear","EasingDirection":"In"},"HumanoidRootPart":{"Weight":1,"CFrame":[0,0,0,1,0,0,0,1,0,0,0,1],"EasingStyle":"Linear","EasingDirection":"In"},"Left Arm":{"Weight":1,"CFrame":[-0.4629948139190674,-0.5041831135749817,-0.28428107500076296,-0.09048909693956375,0.7789257168769836,-0.6205535531044006,-0.9804098010063171,0.03978999704122543,0.19290825724601746,0.17495304346084596,0.6258527636528015,0.7600655555725098],"EasingStyle":"Linear","EasingDirection":"In"}}},{"Time":0.625,"poses":{"Left Leg":{"Weight":1,"CFrame":[-0.3352714776992798,0.8384448885917664,0.21874380111694337,0.6420879364013672,0.2991504669189453,0.7058555483818054,-0.6287411451339722,0.7322968244552612,0.26158368587493899,-0.43864282965660097,-0.6117600798606873,0.6582871675491333],"EasingStyle":"Linear","EasingDirection":"In"},"Right Arm":{"Weight":1,"CFrame":[0.6772245168685913,-0.26700153946876528,-0.4190594553947449,-0.8323390483856201,-0.45510193705558779,0.3163767158985138,0.467451274394989,-0.26966536045074465,0.8418847918510437,-0.29782742261886599,0.8486241698265076,0.4371908903121948],"EasingStyle":"Linear","EasingDirection":"In"},"Head":{"Weight":1,"CFrame":[2.2724270820617677e-7,2.7939677238464357e-9,1.1920928955078126e-7,0.9598742723464966,0.24396176636219026,0.13828961551189423,-0.25439271330833437,0.9650264382362366,0.06331238895654679,-0.11800731718540192,-0.09595179557800293,0.9883661270141602],"EasingStyle":"Linear","EasingDirection":"In"},"Right Leg":{"Weight":1,"CFrame":[0.23190182447433473,0.299732506275177,0.2263113260269165,0.8422597646713257,0.20967143774032594,-0.4966250956058502,-0.10331457853317261,0.9669665098190308,0.23302794992923737,0.5290790796279907,-0.14496149122714997,0.8360990285873413],"EasingStyle":"Linear","EasingDirection":"In"},"Torso":{"Weight":1,"CFrame":[0.12380504608154297,0.18418541550636292,-0.08957767486572266,0.9434422850608826,-0.29205289483070376,-0.15691329538822175,0.2804771661758423,0.9554470777511597,-0.09194288402795792,0.1767745316028595,0.04273221269249916,0.983323335647583],"EasingStyle":"Linear","EasingDirection":"In"},"HumanoidRootPart":{"Weight":1,"CFrame":[0,0,0,1,0,0,0,1,0,0,0,1],"EasingStyle":"Linear","EasingDirection":"In"},"Left Arm":{"Weight":1,"CFrame":[-0.464345782995224,-0.5596050024032593,-0.29879117012023928,-0.2340753823518753,0.7950711250305176,-0.5595272779464722,-0.95595782995224,-0.08340511471033097,0.28140419721603396,0.17706884443759919,0.6007542014122009,0.779577374458313],"EasingStyle":"Linear","EasingDirection":"In"}}},{"Time":0.6666666865348816,"poses":{"Left Leg":{"Weight":1,"CFrame":[-0.30620336532592776,0.685826301574707,0.22308552265167237,0.7328940033912659,0.3968678414821625,0.5525960326194763,-0.6089891791343689,0.7447964549064636,0.27278274297714236,-0.30331289768218996,-0.5364458560943604,0.7875450253486633],"EasingStyle":"Linear","EasingDirection":"In"},"Right Arm":{"Weight":1,"CFrame":[0.6860707998275757,-0.30291974544525149,-0.42492765188217165,-0.8803063035011292,-0.40618041157722475,0.24510908126831056,0.38565897941589358,-0.3118261396884918,0.8683499693870544,-0.27627524733543398,0.858942449092865,0.43114957213401797],"EasingStyle":"Linear","EasingDirection":"In"},"Head":{"Weight":1,"CFrame":[1.5273690223693848e-7,6.705522537231445e-8,2.384185791015625e-7,0.97013920545578,0.24224954843521119,0.012043377384543419,-0.24130526185035706,0.9589539170265198,0.1489270031452179,0.024528436362743379,-0.14738604426383973,0.9887749552726746],"EasingStyle":"Linear","EasingDirection":"In"},"Right Leg":{"Weight":1,"CFrame":[0.22034412622451783,0.24811923503875733,0.20969653129577638,0.8741821050643921,0.08288028091192246,-0.47847312688827517,-0.049894068390131,0.9954423904418945,0.08127115666866303,0.4830282926559448,-0.047172870486974719,0.8743332028388977],"EasingStyle":"Linear","EasingDirection":"In"},"Torso":{"Weight":1,"CFrame":[0.11324480175971985,0.1888681948184967,-0.12207269668579102,0.9551942348480225,-0.2888587415218353,-0.06453384459018707,0.2779565155506134,0.9503700137138367,-0.1397750973701477,0.10170628875494003,0.11557476222515106,0.9880781173706055],"EasingStyle":"Linear","EasingDirection":"In"},"HumanoidRootPart":{"Weight":1,"CFrame":[0,0,0,1,0,0,0,1,0,0,0,1],"EasingStyle":"Linear","EasingDirection":"In"},"Left Arm":{"Weight":1,"CFrame":[-0.4646260440349579,-0.6264081001281738,-0.30740886926651,-0.3402044177055359,0.7858103513717651,-0.5164913535118103,-0.9238547682762146,-0.17687591910362245,0.33942222595214846,0.1753666251897812,0.5926357507705689,0.7861484289169312],"EasingStyle":"Linear","EasingDirection":"In"}}},{"Time":0.7083333134651184,"poses":{"Left Leg":{"Weight":1,"CFrame":[-0.40948009490966799,0.6653038859367371,0.20298981666564942,0.8718949556350708,0.42302992939949038,0.24666769802570344,-0.47689834237098696,0.8479155898094177,0.23153220117092133,-0.11120827496051789,-0.3195071816444397,0.9410355091094971],"EasingStyle":"Linear","EasingDirection":"In"},"Right Arm":{"Weight":1,"CFrame":[0.6914905309677124,-0.35276973247528078,-0.4307129383087158,-0.858619213104248,-0.421395868062973,0.291888028383255,0.43467482924461367,-0.2966899573802948,0.8503133654594421,-0.27171826362609866,0.8569717407226563,0.4379138648509979],"EasingStyle":"Linear","EasingDirection":"In"},"Head":{"Weight":1,"CFrame":[1.739244908094406e-7,8.940696716308594e-8,-3.5762786865234377e-7,0.9691044688224793,0.22789795696735383,-0.09433557838201523,-0.20399796962738038,0.9555618166923523,0.21280626952648164,0.13864156603813172,-0.18698722124099732,0.9725298881530762],"EasingStyle":"Linear","EasingDirection":"In"},"Right Leg":{"Weight":1,"CFrame":[0.216216042637825,0.1918591856956482,0.17245662212371827,0.9017522931098938,-0.0640423595905304,-0.42748260498046877,0.03506544604897499,0.99654221534729,-0.07532598823308945,0.43082860112190249,0.05293544754385948,0.9008799195289612],"EasingStyle":"Linear","EasingDirection":"In"},"Torso":{"Weight":1,"CFrame":[0.09133166074752808,0.19549226760864259,-0.1643218994140625,0.9640631675720215,-0.2640154957771301,0.029631270095705987,0.26466599106788638,0.9447143077850342,-0.1935632824897766,0.02311062440276146,0.19444961845874787,0.9806402325630188],"EasingStyle":"Linear","EasingDirection":"In"},"HumanoidRootPart":{"Weight":1,"CFrame":[0,0,0,1,0,0,0,1,0,0,0,1],"EasingStyle":"Linear","EasingDirection":"In"},"Left Arm":{"Weight":1,"CFrame":[-0.4637143909931183,-0.6454054117202759,-0.3064250349998474,-0.3064926266670227,0.7812924385070801,-0.5437320470809937,-0.9350466132164002,-0.14019018411636353,0.325629860162735,0.17818625271320344,0.6082179546356201,0.7735120058059692],"EasingStyle":"Linear","EasingDirection":"In"}}},{"Time":0.75,"poses":{"Left Leg":{"Weight":1,"CFrame":[-0.5924460291862488,0.6068825125694275,0.15972566604614259,0.9666606783866882,0.25500208139419558,-0.02326604537665844,-0.2504166066646576,0.9604138731956482,0.12205290794372559,0.0534687377512455,-0.11215756833553314,0.9922508597373962],"EasingStyle":"Linear","EasingDirection":"In"},"Right Arm":{"Weight":1,"CFrame":[0.6947061419487,-0.4083564877510071,-0.4357137680053711,-0.8014688491821289,-0.45283859968185427,0.3906214237213135,0.5386584401130676,-0.2628731429576874,0.8004653453826904,-0.2597976624965668,0.8519594669342041,0.45460984110832217],"EasingStyle":"Linear","EasingDirection":"In"},"Head":{"Weight":1,"CFrame":[1.2293457984924317e-7,3.725290298461914e-9,1.1920928955078126e-7,0.9658266305923462,0.19287310540676118,-0.17314410209655763,-0.14977958798408509,0.9605162143707275,0.234467014670372,0.21153008937835694,-0.2005210518836975,0.9565805792808533],"EasingStyle":"Linear","EasingDirection":"In"},"Right Leg":{"Weight":1,"CFrame":[0.24768662452697755,0.17310893535614015,0.12877166271209718,0.9239739179611206,-0.15026003122329713,-0.351701945066452,0.09943321347236633,0.9823446273803711,-0.15846788883209229,0.3693039119243622,0.11144929379224777,0.9226016402244568],"EasingStyle":"Linear","EasingDirection":"In"},"Torso":{"Weight":1,"CFrame":[0.05832973122596741,0.2074328064918518,-0.20551705360412599,0.9700175523757935,-0.2163262814283371,0.11076514422893524,0.23741362988948823,0.9409013986587524,-0.2415357381105423,-0.05196854844689369,0.2605910897254944,0.9640495777130127],"EasingStyle":"Linear","EasingDirection":"In"},"HumanoidRootPart":{"Weight":1,"CFrame":[0,0,0,1,0,0,0,1,0,0,0,1],"EasingStyle":"Linear","EasingDirection":"In"},"Left Arm":{"Weight":1,"CFrame":[-0.4610535204410553,-0.6551601886749268,-0.30357348918914797,-0.2291812151670456,0.7681455612182617,-0.5978533029556274,-0.9560478925704956,-0.062234845012426379,0.28652992844581606,0.18288938701152802,0.6372436285018921,0.7486468553543091],"EasingStyle":"Linear","EasingDirection":"In"}}},{"Time":0.7916666865348816,"poses":{"Left Leg":{"Weight":1,"CFrame":[-0.6421291828155518,0.46891093254089358,0.1078721284866333,0.9851940274238586,0.13235759735107423,-0.10896957665681839,-0.12721848487854005,0.990464985370636,0.052865173667669299,0.11492764204740524,-0.03821955993771553,0.9926384091377258],"EasingStyle":"Linear","EasingDirection":"In"},"Right Arm":{"Weight":1,"CFrame":[0.6962469816207886,-0.46148681640625,-0.4392285943031311,-0.7315487265586853,-0.4827360510826111,0.4814586341381073,0.6366561055183411,-0.23101860284805299,0.7357306480407715,-0.243937686085701,0.8447463512420654,0.47633811831474306],"EasingStyle":"Linear","EasingDirection":"In"},"Head":{"Weight":1,"CFrame":[1.5832483768463136e-7,-4.0978193283081057e-8,3.5762786865234377e-7,0.9631081223487854,0.13340544700622559,-0.23372149467468263,-0.0795864462852478,0.9708285331726074,0.22618132829666139,0.25707730650901797,-0.1992359757423401,0.9456301331520081],"EasingStyle":"Linear","EasingDirecti