{"Sequence":[{"Time":0,"poses":{"Left Leg":{"Weight":1,"CFrame":[0.3246902823448181,-0.02213609218597412,-0.02328193187713623,0.42736828327178957,-0.05124105140566826,0.9026244282722473,0.07659243047237396,0.9968553185462952,0.02032599411904812,-0.9008274078369141,0.06044755131006241,0.4299490451812744],"EasingStyle":"Constant","EasingDirection":"In"},"Right Arm":{"Weight":1,"CFrame":[0.1656763255596161,-0.6155895590782166,0.15606069564819337,-0.03181271255016327,-0.9378229379653931,-0.34565305709838869,0.915180504322052,-0.16635139286518098,0.3671132028102875,-0.40178707242012026,-0.3046562075614929,0.8635692596435547],"EasingStyle":"Constant","EasingDirection":"In"},"Head":{"Weight":1,"CFrame":[0,7.450580596923828e-9,-4.76837158203125e-7,0.8173742890357971,-0.5757923722267151,0.019038060680031778,0.571334958076477,0.8059164881706238,-0.15516147017478944,0.07399771362543106,0.1377020925283432,0.9877057075500488],"EasingStyle":"Constant","EasingDirection":"In"},"Right Leg":{"Weight":1,"CFrame":[0.2632216513156891,0.24416005611419679,-0.08806145191192627,0.9961861968040466,-0.08160967379808426,-0.030869776383042337,0.08688122779130936,0.895163893699646,0.43718814849853518,-0.008045361377298832,-0.43820276856422427,0.8988401889801025],"EasingStyle":"Constant","EasingDirection":"In"},"Torso":{"Weight":1,"CFrame":[-0.0482664555311203,0.09977704286575318,-0.08912777900695801,0.7422159910202026,0.6669061779975891,-0.06596682220697403,-0.6569871306419373,0.7435135841369629,0.12472139298915863,0.1322246938943863,-0.04923085495829582,0.9899964332580566],"EasingStyle":"Constant","EasingDirection":"In"},"HumanoidRootPart":{"Weight":0,"CFrame":[0,0,0,1,0,0,0,1,0,0,0,1],"EasingStyle":"Linear","EasingDirection":"In"},"Left Arm":{"Weight":1,"CFrame":[-0.34446650743484499,0.7954269647598267,0.13845932483673097,-0.8756352066993713,0.09145768731832504,0.4742346704006195,-0.13595613837242127,-0.9888767004013062,-0.060323674231767657,0.46344247460365298,-0.11729665100574494,0.8783294558525086],"EasingStyle":"Constant","EasingDirection":"In"}}},{"Time":0.0416666679084301,"poses":{"Left Leg":{"Weight":1,"CFrame":[0.3246902823448181,-0.02213609218597412,-0.02328193187713623,0.42736828327178957,-0.05124105140566826,0.9026244282722473,0.07659243047237396,0.9968553185462952,0.02032599411904812,-0.9008274078369141,0.06044755131006241,0.4299490451812744],"EasingStyle":"Constant","EasingDirection":"In"},"Right Arm":{"Weight":1,"CFrame":[0.1656763255596161,-0.6155895590782166,0.15606069564819337,-0.03181271255016327,-0.9378229379653931,-0.34565305709838869,0.915180504322052,-0.16635139286518098,0.3671132028102875,-0.40178707242012026,-0.3046562075614929,0.8635692596435547],"EasingStyle":"Constant","EasingDirection":"In"},"Head":{"Weight":1,"CFrame":[0,7.450580596923828e-9,-4.76837158203125e-7,0.8173742890357971,-0.5757923722267151,0.019038060680031778,0.571334958076477,0.8059164881706238,-0.15516147017478944,0.07399771362543106,0.1377020925283432,0.9877057075500488],"EasingStyle":"Constant","EasingDirection":"In"},"Right Leg":{"Weight":1,"CFrame":[0.2632216513156891,0.24416005611419679,-0.08806145191192627,0.9961861968040466,-0.08160967379808426,-0.030869776383042337,0.08688122779130936,0.895163893699646,0.43718814849853518,-0.008045361377298832,-0.43820276856422427,0.8988401889801025],"EasingStyle":"Constant","EasingDirection":"In"},"Torso":{"Weight":1,"CFrame":[-0.0482664555311203,0.09977704286575318,-0.08912777900695801,0.7422159910202026,0.6669061779975891,-0.06596682220697403,-0.6569871306419373,0.7435135841369629,0.12472139298915863,0.1322246938943863,-0.04923085495829582,0.9899964332580566],"EasingStyle":"Constant","EasingDirection":"In"},"HumanoidRootPart":{"Weight":0,"CFrame":[0,0,0,1,0,0,0,1,0,0,0,1],"EasingStyle":"Linear","EasingDirection":"In"},"Left Arm":{"Weight":1,"CFrame":[-0.34446650743484499,0.7954269647598267,0.13845932483673097,-0.8756352066993713,0.09145768731832504,0.4742346704006195,-0.13595613837242127,-0.9888767004013062,-0.060323674231767657,0.46344247460365298,-0.11729665100574494,0.8783294558525086],"EasingStyle":"Constant","EasingDirection":"In"}}},{"Time":0.0833333358168602,"poses":{"Left Leg":{"Weight":1,"CFrame":[0.3246902823448181,-0.02213609218597412,-0.02328193187713623,0.42736828327178957,-0.05124105140566826,0.9026244282722473,0.07659243047237396,0.9968553185462952,0.02032599411904812,-0.9008274078369141,0.06044755131006241,0.4299490451812744],"EasingStyle":"Constant","EasingDirection":"In"},"Right Arm":{"Weight":1,"CFrame":[0.1656763255596161,-0.6155895590782166,0.15606069564819337,-0.03181271255016327,-0.9378229379653931,-0.34565305709838869,0.915180504322052,-0.16635139286518098,0.3671132028102875,-0.40178707242012026,-0.3046562075614929,0.8635692596435547],"EasingStyle":"Constant","EasingDirection":"In"},"Head":{"Weight":1,"CFrame":[0,7.450580596923828e-9,-4.76837158203125e-7,0.8173742890357971,-0.5757923722267151,0.019038060680031778,0.571334958076477,0.8059164881706238,-0.15516147017478944,0.07399771362543106,0.1377020925283432,0.9877057075500488],"EasingStyle":"Constant","EasingDirection":"In"},"Right Leg":{"Weight":1,"CFrame":[0.2632216513156891,0.24416005611419679,-0.08806145191192627,0.9961861968040466,-0.08160967379808426,-0.030869776383042337,0.08688122779130936,0.895163893699646,0.43718814849853518,-0.008045361377298832,-0.43820276856422427,0.8988401889801025],"EasingStyle":"Constant","EasingDirection":"In"},"Torso":{"Weight":1,"CFrame":[-0.0482664555311203,0.09977704286575318,-0.08912777900695801,0.7422159910202026,0.6669061779975891,-0.06596682220697403,-0.6569871306419373,0.7435135841369629,0.12472139298915863,0.1322246938943863,-0.04923085495829582,0.9899964332580566],"EasingStyle":"Constant","EasingDirection":"In"},"HumanoidRootPart":{"Weight":0,"CFrame":[0,0,0,1,0,0,0,1,0,0,0,1],"EasingStyle":"Linear","EasingDirection":"In"},"Left Arm":{"Weight":1,"CFrame":[-0.34446650743484499,0.7954269647598267,0.13845932483673097,-0.8756352066993713,0.09145768731832504,0.4742346704006195,-0.13595613837242127,-0.9888767004013062,-0.060323674231767657,0.46344247460365298,-0.11729665100574494,0.8783294558525086],"EasingStyle":"Constant","EasingDirection":"In"}}},{"Time":0.125,"poses":{"Left Leg":{"Weight":1,"CFrame":[0.3246902823448181,-0.02213609218597412,-0.02328193187713623,0.42736828327178957,-0.05124105140566826,0.9026244282722473,0.07659243047237396,0.9968553185462952,0.02032599411904812,-0.9008274078369141,0.06044755131006241,0.4299490451812744],"EasingStyle":"Constant","EasingDirection":"In"},"Right Arm":{"Weight":1,"CFrame":[0.1656763255596161,-0.6155895590782166,0.15606069564819337,-0.03181271255016327,-0.9378229379653931,-0.34565305709838869,0.915180504322052,-0.16635139286518098,0.3671132028102875,-0.40178707242012026,-0.3046562075614929,0.8635692596435547],"EasingStyle":"Constant","EasingDirection":"In"},"Head":{"Weight":1,"CFrame":[0,7.450580596923828e-9,-4.76837158203125e-7,0.8173742890357971,-0.5757923722267151,0.019038060680031778,0.571334958076477,0.8059164881706238,-0.15516147017478944,0.07399771362543106,0.1377020925283432,0.9877057075500488],"EasingStyle":"Constant","EasingDirection":"In"},"Right Leg":{"Weight":1,"CFrame":[0.2632216513156891,0.24416005611419679,-0.08806145191192627,0.9961861968040466,-0.08160967379808426,-0.030869776383042337,0.08688122779130936,0.895163893699646,0.43718814849853518,-0.008045361377298832,-0.43820276856422427,0.8988401889801025],"EasingStyle":"Constant","EasingDirection":"In"},"Torso":{"Weight":1,"CFrame":[-0.0482664555311203,0.09977704286575318,-0.08912777900695801,0.7422159910202026,0.6669061779975891,-0.06596682220697403,-0.6569871306419373,0.7435135841369629,0.12472139298915863,0.1322246938943863,-0.04923085495829582,0.9899964332580566],"EasingStyle":"Constant","EasingDirection":"In"},"HumanoidRootPart":{"Weight":0,"CFrame":[0,0,0,1,0,0,0,1,0,0,0,1],"EasingStyle":"Linear","EasingDirection":"In"},"Left Arm":{"Weight":1,"CFrame":[-0.34446650743484499,0.7954269647598267,0.13845932483673097,-0.8756352066993713,0.09145768731832504,0.4742346704006195,-0.13595613837242127,-0.9888767004013062,-0.060323674231767657,0.46344247460365298,-0.11729665100574494,0.8783294558525086],"EasingStyle":"Constant","EasingDirection":"In"}}},{"Time":0.1666666716337204,"poses":{"Left Leg":{"Weight":1,"CFrame":[0.3246902823448181,-0.02213609218597412,-0.02328193187713623,0.42736828327178957,-0.05124105140566826,0.9026244282722473,0.07659243047237396,0.9968553185462952,0.02032599411904812,-0.9008274078369141,0.06044755131006241,0.4299490451812744],"EasingStyle":"Constant","EasingDirection":"In"},"Right Arm":{"Weight":1,"CFrame":[0.1656763255596161,-0.6155895590782166,0.15606069564819337,-0.03181271255016327,-0.9378229379653931,-0.34565305709838869,0.915180504322052,-0.16635139286518098,0.3671132028102875,-0.40178707242012026,-0.3046562075614929,0.8635692596435547],"EasingStyle":"Constant","EasingDirection":"In"},"Head":{"Weight":1,"CFrame":[0,7.450580596923828e-9,-4.76837158203125e-7,0.8173742890357971,-0.5757923722267151,0.019038060680031778,0.571334958076477,0.8059164881706238,-0.15516147017478944,0.07399771362543106,0.1377020925283432,0.9877057075500488],"EasingStyle":"Constant","EasingDirection":"In"},"Right Leg":{"Weight":1,"CFrame":[0.2632216513156891,0.24416005611419679,-0.08806145191192627,0.9961861968040466,-0.08160967379808426,-0.030869776383042337,0.08688122779130936,0.895163893699646,0.43718814849853518,-0.008045361377298832,-0.43820276856422427,0.8988401889801025],"EasingStyle":"Constant","EasingDirection":"In"},"Torso":{"Weight":1,"CFrame":[-0.0482664555311203,0.09977704286575318,-0.08912777900695801,0.7422159910202026,0.6669061779975891,-0.06596682220697403,-0.6569871306419373,0.7435135841369629,0.12472139298915863,0.1322246938943863,-0.04923085495829582,0.9899964332580566],"EasingStyle":"Constant","EasingDirection":"In"},"HumanoidRootPart":{"Weight":0,"CFrame":[0,0,0,1,0,0,0,1,0,0,0,1],"EasingStyle":"Linear","EasingDirection":"In"},"Left Arm":{"Weight":1,"CFrame":[-0.34446650743484499,0.7954269647598267,0.13845932483673097,-0.8756352066993713,0.09145768731832504,0.4742346704006195,-0.13595613837242127,-0.9888767004013062,-0.060323674231767657,0.46344247460365298,-0.11729665100574494,0.8783294558525086],"EasingStyle":"Constant","EasingDirection":"In"}}},{"Time":0.2083333283662796,"poses":{"Left Leg":{"Weight":1,"CFrame":[0.3246902823448181,-0.02213609218597412,-0.02328193187713623,0.42736828327178957,-0.05124105140566826,0.9026244282722473,0.07659243047237396,0.9968553185462952,0.02032599411904812,-0.9008274078369141,0.06044755131006241,0.4299490451812744],"EasingStyle":"Constant","EasingDirection":"In"},"Right Arm":{"Weight":1,"CFrame":[0.1656763255596161,-0.6155895590782166,0.15606069564819337,-0.03181271255016327,-0.9378229379653931,-0.34565305709838869,0.915180504322052,-0.16635139286518098,0.3671132028102875,-0.40178707242012026,-0.3046562075614929,0.8635692596435547],"EasingStyle":"Constant","EasingDirection":"In"},"Head":{"Weight":1,"CFrame":[0,7.450580596923828e-9,-4.76837158203125e-7,0.8173742890357971,-0.5757923722267151,0.019038060680031778,0.571334958076477,0.8059164881706238,-0.15516147017478944,0.07399771362543106,0.1377020925283432,0.9877057075500488],"EasingStyle":"Constant","EasingDirection":"In"},"Right Leg":{"Weight":1,"CFrame":[0.2632216513156891,0.24416005611419679,-0.08806145191192627,0.9961861968040466,-0.08160967379808426,-0.030869776383042337,0.08688122779130936,0.895163893699646,0.43718814849853518,-0.008045361377298832,-0.43820276856422427,0.8988401889801025],"EasingStyle":"Constant","EasingDirection":"In"},"Torso":{"Weight":1,"CFrame":[-0.0482664555311203,0.09977704286575318,-0.08912777900695801,0.7422159910202026,0.6669061779975891,-0.06596682220697403,-0.6569871306419373,0.7435135841369629,0.12472139298915863,0.1322246938943863,-0.04923085495829582,0.9899964332580566],"EasingStyle":"Constant","EasingDirection":"In"},"HumanoidRootPart":{"Weight":0,"CFrame":[0,0,0,1,0,0,0,1,0,0,0,1],"EasingStyle":"Linear","EasingDirection":"In"},"Left Arm":{"Weight":1,"CFrame":[-0.34446650743484499,0.7954269647598267,0.13845932483673097,-0.8756352066993713,0.09145768731832504,0.4742346704006195,-0.13595613837242127,-0.9888767004013062,-0.060323674231767657,0.46344247460365298,-0.11729665100574494,0.8783294558525086],"EasingStyle":"Constant","EasingDirection":"In"}}},{"Time":0.25,"poses":{"Left Leg":{"Weight":1,"CFrame":[0.3246902823448181,-0.02213609218597412,-0.02328193187713623,0.42736828327178957,-0.05124105140566826,0.9026244282722473,0.07659243047237396,0.9968553185462952,0.02032599411904812,-0.9008274078369141,0.06044755131006241,0.4299490451812744],"EasingStyle":"Constant","EasingDirection":"In"},"Right Arm":{"Weight":1,"CFrame":[0.1656763255596161,-0.6155895590782166,0.15606069564819337,-0.03181271255016327,-0.9378229379653931,-0.34565305709838869,0.915180504322052,-0.16635139286518098,0.3671132028102875,-0.40178707242012026,-0.3046562075614929,0.8635692596435547],"EasingStyle":"Constant","EasingDirection":"In"},"Head":{"Weight":1,"CFrame":[0,7.450580596923828e-9,-4.76837158203125e-7,0.8173742890357971,-0.5757923722267151,0.019038060680031778,0.571334958076477,0.8059164881706238,-0.15516147017478944,0.07399771362543106,0.1377020925283432,0.9877057075500488],"EasingStyle":"Constant","EasingDirection":"In"},"Right Leg":{"Weight":1,"CFrame":[0.2632216513156891,0.24416005611419679,-0.08806145191192627,0.9961861968040466,-0.08160967379808426,-0.030869776383042337,0.08688122779130936,0.895163893699646,0.43718814849853518,-0.008045361377298832,-0.43820276856422427,0.8988401889801025],"EasingStyle":"Constant","EasingDirection":"In"},"Torso":{"Weight":1,"CFrame":[-0.0482664555311203,0.09977704286575318,-0.08912777900695801,0.7422159910202026,0.6669061779975891,-0.06596682220697403,-0.6569871306419373,0.7435135841369629,0.12472139298915863,0.1322246938943863,-0.04923085495829582,0.9899964332580566],"EasingStyle":"Constant","EasingDirection":"In"},"HumanoidRootPart":{"Weight":0,"CFrame":[0,0,0,1,0,0,0,1,0,0,0,1],"EasingStyle":"Linear","EasingDirection":"In"},"Left Arm":{"Weight":1,"CFrame":[-0.34446650743484499,0.7954269647598267,0.13845932483673097,-0.8756352066993713,0.09145768731832504,0.4742346704006195,-0.13595613837242127,-0.9888767004013062,-0.060323674231767657,0.46344247460365298,-0.11729665100574494,0.8783294558525086],"EasingStyle":"Constant","EasingDirection":"In"}}},{"Time":0.2916666567325592,"poses":{"Left Leg":{"Weight":1,"CFrame":[0.3246902823448181,-0.02213609218597412,-0.02328193187713623,0.42736828327178957,-0.05124105140566826,0.9026244282722473,0.07659243047237396,0.9968553185462952,0.02032599411904812,-0.9008274078369141,0.06044755131006241,0.4299490451812744],"EasingStyle":"Constant","EasingDirection":"In"},"Right Arm":{"Weight":1,"CFrame":[0.1656763255596161,-0.6155895590782166,0.15606069564819337,-0.03181271255016327,-0.9378229379653931,-0.34565305709838869,0.915180504322052,-0.16635139286518098,0.3671132028102875,-0.40178707242012026,-0.3046562075614929,0.8635692596435547],"EasingStyle":"Constant","EasingDirection":"In"},"Head":{"Weight":1,"CFrame":[0,7.450580596923828e-9,-4.76837158203125e-7,0.8173742890357971,-0.5757923722267151,0.019038060680031778,0.571334958076477,0.8059164881706238,-0.15516147017478944,0.07399771362543106,0.1377020925283432,0.9877057075500488],"EasingStyle":"Constant","EasingDirection":"In"},"Right Leg":{"Weight":1,"CFrame":[0.2632216513156891,0.24416005611419679,-0.08806145191192627,0.9961861968040466,-0.08160967379808426,-0.030869776383042337,0.08688122779130936,0.895163893699646,0.43718814849853518,-0.008045361377298832,-0.43820276856422427,0.8988401889801025],"EasingStyle":"Constant","EasingDirection":"In"},"Torso":{"Weight":1,"CFrame":[-0.0482664555311203,0.09977704286575318,-0.08912777900695801,0.7422159910202026,0.6669061779975891,-0.06596682220697403,-0.6569871306419373,0.7435135841369629,0.12472139298915863,0.1322246938943863,-0.04923085495829582,0.9899964332580566],"EasingStyle":"Constant","EasingDirection":"In"},"HumanoidRootPart":{"Weight":0,"CFrame":[0,0,0,1,0,0,0,1,0,0,0,1],"EasingStyle":"Linear","EasingDirection":"In"},"Left Arm":{"Weight":1,"CFrame":[-0.34446650743484499,0.7954269647598267,0.13845932483673097,-0.8756352066993713,0.09145768731832504,0.4742346704006195,-0.13595613837242127,-0.9888767004013062,-0.060323674231767657,0.46344247460365298,-0.11729665100574494,0.8783294558525086],"EasingStyle":"Constant","EasingDirection":"In"}}},{"Time":0.3333333432674408,"poses":{"Left Leg":{"Weight":1,"CFrame":[0.3246902823448181,-0.02213609218597412,-0.02328193187713623,0.42736828327178957,-0.05124105140566826,0.9026244282722473,0.07659243047237396,0.9968553185462952,0.02032599411904812,-0.9008274078369141,0.06044755131006241,0.4299490451812744],"EasingStyle":"Constant","EasingDirection":"In"},"Right Arm":{"Weight":1,"CFrame":[0.1656763255596161,-0.6155895590782166,0.15606069564819337,-0.03181271255016327,-0.9378229379653931,-0.34565305709838869,0.915180504322052,-0.16635139286518098,0.3671132028102875,-0.40178707242012026,-0.3046562075614929,0.8635692596435547],"EasingStyle":"Constant","EasingDirection":"In"},"Head":{"Weight":1,"CFrame":[0,7.450580596923828e-9,-4.76837158203125e-7,0.8173742890357971,-0.5757923722267151,0.019038060680031778,0.571334958076477,0.8059164881706238,-0.15516147017478944,0.07399771362543106,0.1377020925283432,0.9877057075500488],"EasingStyle":"Constant","EasingDirection":"In"},"Right Leg":{"Weight":1,"CFrame":[0.2632216513156891,0.24416005611419679,-0.08806145191192627,0.9961861968040466,-0.08160967379808426,-0.030869776383042337,0.08688122779130936,0.895163893699646,0.43718814849853518,-0.008045361377298832,-0.43820276856422427,0.8988401889801025],"EasingStyle":"Constant","EasingDirection":"In"},"Torso":{"Weight":1,"CFrame":[-0.0482664555311203,0.09977704286575318,-0.08912777900695801,0.7422159910202026,0.6669061779975891,-0.06596682220697403,-0.6569871306419373,0.7435135841369629,0.12472139298915863,0.1322246938943863,-0.04923085495829582,0.9899964332580566],"EasingStyle":"Constant","EasingDirection":"In"},"HumanoidRootPart":{"Weight":0,"CFrame":[0,0,0,1,0,0,0,1,0,0,0,1],"EasingStyle":"Linear","EasingDirection":"In"},"Left Arm":{"Weight":1,"CFrame":[-0.34446650743484499,0.7954269647598267,0.13845932483673097,-0.8756352066993713,0.09145768731832504,0.4742346704006195,-0.13595613837242127,-0.9888767004013062,-0.060323674231767657,0.46344247460365298,-0.11729665100574494,0.8783294558525086],"EasingStyle":"Constant","EasingDirection":"In"}}},{"Time":0.375,"poses":{"Left Leg":{"Weight":1,"CFrame":[0.3246902823448181,-0.02213609218597412,-0.02328193187713623,0.42736828327178957,-0.05124105140566826,0.9026244282722473,0.07659243047237396,0.9968553185462952,0.02032599411904812,-0.9008274078369141,0.06044755131006241,0.4299490451812744],"EasingStyle":"Constant","EasingDirection":"In"},"Right Arm":{"Weight":1,"CFrame":[0.1656763255596161,-0.6155895590782166,0.15606069564819337,-0.03181271255016327,-0.9378229379653931,-0.34565305709838869,0.915180504322052,-0.16635139286518098,0.3671132028102875,-0.40178707242012026,-0.3046562075614929,0.8635692596435547],"EasingStyle":"Constant","EasingDirection":"In"},"Head":{"Weight":1,"CFrame":[0,7.450580596923828e-9,-4.76837158203125e-7,0.8173742890357971,-0.5757923722267151,0.019038060680031778,0.571334958076477,0.8059164881706238,-0.15516147017478944,0.07399771362543106,0.1377020925283432,0.9877057075500488],"EasingStyle":"Constant","EasingDirection":"In"},"Right Leg":{"Weight":1,"CFrame":[0.2632216513156891,0.24416005611419679,-0.08806145191192627,0.9961861968040466,-0.08160967379808426,-0.030869776383042337,0.08688122779130936,0.895163893699646,0.43718814849853518,-0.008045361377298832,-0.43820276856422427,0.8988401889801025],"EasingStyle":"Constant","EasingDirection":"In"},"Torso":{"Weight":1,"CFrame":[-0.0482664555311203,0.09977704286575318,-0.08912777900695801,0.7422159910202026,0.6669061779975891,-0.06596682220697403,-0.6569871306419373,0.7435135841369629,0.12472139298915863,0.1322246938943863,-0.04923085495829582,0.9899964332580566],"EasingStyle":"Constant","EasingDirection":"In"},"HumanoidRootPart":{"Weight":0,"CFrame":[0,0,0,1,0,0,0,1,0,0,0,1],"EasingStyle":"Linear","EasingDirection":"In"},"Left Arm":{"Weight":1,"CFrame":[-0.34446650743484499,0.7954269647598267,0.13845932483673097,-0.8756352066993713,0.09145768731832504,0.4742346704006195,-0.13595613837242127,-0.9888767004013062,-0.060323674231767657,0.46344247460365298,-0.11729665100574494,0.8783294558525086],"EasingStyle":"Constant","EasingDirection":"In"}}},{"Time":0.4166666567325592,"poses":{"Left Leg":{"Weight":1,"CFrame":[0.3246902823448181,-0.02213609218597412,-0.02328193187713623,0.42736828327178957,-0.05124105140566826,0.9026244282722473,0.07659243047237396,0.9968553185462952,0.02032599411904812,-0.9008274078369141,0.06044755131006241,0.4299490451812744],"EasingStyle":"Constant","EasingDirection":"In"},"Right Arm":{"Weight":1,"CFrame":[0.1656763255596161,-0.6155895590782166,0.15606069564819337,-0.03181271255016327,-0.9378229379653931,-0.34565305709838869,0.915180504322052,-0.16635139286518098,0.3671132028102875,-0.40178707242012026,-0.3046562075614929,0.8635692596435547],"EasingStyle":"Constant","EasingDirection":"In"},"Head":{"Weight":1,"CFrame":[0,7.450580596923828e-9,-4.76837158203125e-7,0.8173742890357971,-0.5757923722267151,0.019038060680031778,0.571334958076477,0.8059164881706238,-0.15516147017478944,0.07399771362543106,0.1377020925283432,0.9877057075500488],"EasingStyle":"Constant","EasingDirection":"In"},"Right Leg":{"Weight":1,"CFrame":[0.2632216513156891,0.24416005611419679,-0.08806145191192627,0.9961861968040466,-0.08160967379808426,-0.030869776383042337,0.08688122779130936,0.895163893699646,0.43718814849853518,-0.008045361377298832,-0.43820276856422427,0.8988401889801025],"EasingStyle":"Constant","EasingDirection":"In"},"Torso":{"Weight":1,"CFrame":[-0.0482664555311203,0.09977704286575318,-0.08912777900695801,0.7422159910202026,0.6669061779975891,-0.06596682220697403,-0.6569871306419373,0.7435135841369629,0.12472139298915863,0.1322246938943863,-0.04923085495829582,0.9899964332580566],"EasingStyle":"Constant","EasingDirection":"In"},"HumanoidRootPart":{"Weight":0,"CFrame":[0,0,0,1,0,0,0,1,0,0,0,1],"EasingStyle":"Linear","EasingDirection":"In"},"Left Arm":{"Weight":1,"CFrame":[-0.34446650743484499,0.7954269647598267,0.13845932483673097,-0.8756352066993713,0.09145768731832504,0.4742346704006195,-0.13595613837242127,-0.9888767004013062,-0.060323674231767657,0.46344247460365298,-0.11729665100574494,0.8783294558525086],"EasingStyle":"Constant","EasingDirection":"In"}}},{"Time":0.4583333432674408,"poses":{"Left Leg":{"Weight":1,"CFrame":[0.3246902823448181,-0.02213609218597412,-0.02328193187713623,0.42736828327178957,-0.05124105140566826,0.9026244282722473,0.07659243047237396,0.9968553185462952,0.02032599411904812,-0.9008274078369141,0.06044755131006241,0.4299490451812744],"EasingStyle":"Constant","EasingDirection":"In"},"Right Arm":{"Weight":1,"CFrame":[0.1656763255596161,-0.6155895590782166,0.15606069564819337,-0.03181271255016327,-0.9378229379653931,-0.34565305709838869,0.915180504322052,-0.16635139286518098,0.3671132028102875,-0.40178707242012026,-0.3046562075614929,0.8635692596435547],"EasingStyle":"Constant","EasingDirection":"In"},"Head":{"Weight":1,"CFrame":[0,7.450580596923828e-9,-4.76837158203125e-7,0.8173742890357971,-0.5757923722267151,0.019038060680031778,0.571334958076477,0.8059164881706238,-0.15516147017478944,0.07399771362543106,0.1377020925283432,0.9877057075500488],"EasingStyle":"Constant","EasingDirection":"In"},"Right Leg":{"Weight":1,"CFrame":[0.2632216513156891,0.24416005611419679,-0.08806145191192627,0.9961861968040466,-0.08160967379808426,-0.030869776383042337,0.08688122779130936,0.895163893699646,0.43718814849853518,-0.008045361377298832,-0.43820276856422427,0.8988401889801025],"EasingStyle":"Constant","EasingDirection":"In"},"Torso":{"Weight":1,"CFrame":[-0.0482664555311203,0.09977704286575318,-0.08912777900695801,0.7422159910202026,0.6669061779975891,-0.06596682220697403,-0.6569871306419373,0.7435135841369629,0.12472139298915863,0.1322246938943863,-0.04923085495829582,0.9899964332580566],"EasingStyle":"Constant","EasingDirection":"In"},"HumanoidRootPart":{"Weight":0,"CFrame":[0,0,0,1,0,0,0,1,0,0,0,1],"EasingStyle":"Linear","EasingDirection":"In"},"Left Arm":{"Weight":1,"CFrame":[-0.34446650743484499,0.7954269647598267,0.13845932483673097,-0.8756352066993713,0.09145768731832504,0.4742346704006195,-0.13595613837242127,-0.9888767004013062,-0.060323674231767657,0.46344247460365298,-0.11729665100574494,0.8783294558525086],"EasingStyle":"Constant","EasingDirection":"In"}}},{"Time":0.5,"poses":{"Left Leg":{"Weight":1,"CFrame":[0.3246902823448181,-0.02213609218597412,-0.02328193187713623,0.42736828327178957,-0.05124105140566826,0.9026244282722473,0.07659243047237396,0.9968553185462952,0.02032599411904812,-0.9008274078369141,0.06044755131006241,0.4299490451812744],"EasingStyle":"Constant","EasingDirection":"In"},"Right Arm":{"Weight":1,"CFrame":[0.1656763255596161,-0.6155895590782166,0.15606069564819337,-0.03181271255016327,-0.9378229379653931,-0.34565305709838869,0.915180504322052,-0.16635139286518098,0.3671132028102875,-0.40178707242012026,-0.3046562075614929,0.8635692596435547],"EasingStyle":"Constant","EasingDirection":"In"},"Head":{"Weight":1,"CFrame":[0,7.450580596923828e-9,-4.76837158203125e-7,0.8173742890357971,-0.5757923722267151,0.019038060680031778,0.571334958076477,0.8059164881706238,-0.15516147017478944,0.07399771362543106,0.1377020925283432,0.9877057075500488],"EasingStyle":"Constant","EasingDirection":"In"},"Right Leg":{"Weight":1,"CFrame":[0.2632216513156891,0.24416005611419679,-0.08806145191192627,0.9961861968040466,-0.08160967379808426,-0.030869776383042337,0.08688122779130936,0.895163893699646,0.43718814849853518,-0.008045361377298832,-0.43820276856422427,0.8988401889801025],"EasingStyle":"Constant","EasingDirection":"In"},"Torso":{"Weight":1,"CFrame":[-0.0482664555311203,0.09977704286575318,-0.08912777900695801,0.7422159910202026,0.6669061779975891,-0.06596682220697403,-0.6569871306419373,0.7435135841369629,0.12472139298915863,0.1322246938943863,-0.04923085495829582,0.9899964332580566],"EasingStyle":"Constant","EasingDirection":"In"},"HumanoidRootPart":{"Weight":0,"CFrame":[0,0,0,1,0,0,0,1,0,0,0,1],"EasingStyle":"Linear","EasingDirection":"In"},"Left Arm":{"Weight":1,"CFrame":[-0.34446650743484499,0.7954269647598267,0.13845932483673097,-0.8756352066993713,0.09145768731832504,0.4742346704006195,-0.13595613837242127,-0.9888767004013062,-0.060323674231767657,0.46344247460365298,-0.11729665100574494,0.8783294558525086],"EasingStyle":"Constant","EasingDirection":"In"}}},{"Time":0.5416666865348816,"poses":{"Left Leg":{"Weight":1,"CFrame":[0.3246902823448181,-0.02213609218597412,-0.02328193187713623,0.42736828327178957,-0.05124105140566826,0.9026244282722473,0.07659243047237396,0.9968553185462952,0.02032599411904812,-0.9008274078369141,0.06044755131006241,0.4299490451812744],"EasingStyle":"Constant","EasingDirection":"In"},"Right Arm":{"Weight":1,"CFrame":[0.1656763255596161,-0.6155895590782166,0.15606069564819337,-0.03181271255016327,-0.9378229379653931,-0.34565305709838869,0.915180504322052,-0.16635139286518098,0.3671132028102875,-0.40178707242012026,-0.3046562075614929,0.8635692596435547],"EasingStyle":"Constant","EasingDirection":"In"},"Head":{"Weight":1,"CFrame":[0,7.450580596923828e-9,-4.76837158203125e-7,0.8173742890357971,-0.5757923722267151,0.019038060680031778,0.571334958076477,0.8059164881706238,-0.15516147017478944,0.07399771362543106,0.1377020925283432,0.9877057075500488],"EasingStyle":"Constant","EasingDirection":"In"},"Right Leg":{"Weight":1,"CFrame":[0.2632216513156891,0.24416005611419679,-0.08806145191192627,0.9961861968040466,-0.08160967379808426,-0.030869776383042337,0.08688122779130936,0.895163893699646,0.43718814849853518,-0.008045361377298832,-0.43820276856422427,0.8988401889801025],"EasingStyle":"Constant","EasingDirection":"In"},"Torso":{"Weight":1,"CFrame":[-0.0482664555311203,0.09977704286575318,-0.08912777900695801,0.7422159910202026,0.6669061779975891,-0.06596682220697403,-0.6569871306419373,0.7435135841369629,0.12472139298915863,0.1322246938943863,-0.04923085495829582,0.9899964332580566],"EasingStyle":"Constant","EasingDirection":"In"},"HumanoidRootPart":{"Weight":0,"CFrame":[0,0,0,1,0,0,0,1,0,0,0,1],"EasingStyle":"Linear","EasingDirection":"In"},"Left Arm":{"Weight":1,"CFrame":[-0.34446650743484499,0.7954269647598267,0.13845932483673097,-0.8756352066993713,0.09145768731832504,0.4742346704006195,-0.13595613837242127,-0.9888767004013062,-0.060323674231767657,0.46344247460365298,-0.11729665100574494,0.8783294558525086],"EasingStyle":"Constant","EasingDirection":"In"}}},{"Time":0.5833333134651184,"poses":{"Left Leg":{"Weight":1,"CFrame":[0.3246902823448181,-0.02213609218597412,-0.02328193187713623,0.42736828327178957,-0.05124105140566826,0.9026244282722473,0.07659243047237396,0.9968553185462952,0.02032599411904812,-0.9008274078369141,0.06044755131006241,0.4299490451812744],"EasingStyle":"Constant","EasingDirection":"In"},"Right Arm":{"Weight":1,"CFrame":[0.1656763255596161,-0.6155895590782166,0.15606069564819337,-0.03181271255016327,-0.9378229379653931,-0.34565305709838869,0.915180504322052,-0.16635139286518098,0.3671132028102875,-0.40178707242012026,-0.3046562075614929,0.8635692596435547],"EasingStyle":"Constant","EasingDirection":"In"},"Head":{"Weight":1,"CFrame":[0,7.450580596923828e-9,-4.76837158203125e-7,0.8173742890357971,-0.5757923722267151,0.019038060680031778,0.571334958076477,0.8059164881706238,-0.15516147017478944,0.07399771362543106,0.1377020925283432,0.9877057075500488],"EasingStyle":"Constant","EasingDirection":"In"},"Right Leg":{"Weight":1,"CFrame":[0.2632216513156891,0.24416005611419679,-0.08806145191192627,0.9961861968040466,-0.08160967379808426,-0.030869776383042337,0.08688122779130936,0.895163893699646,0.43718814849853518,-0.008045361377298832,-0.43820276856422427,0.8988401889801025],"EasingStyle":"Constant","EasingDirection":"In"},"Torso":{"Weight":1,"CFrame":[-0.0482664555311203,0.09977704286575318,-0.08912777900695801,0.7422159910202026,0.6669061779975891,-0.06596682220697403,-0.6569871306419373,0.7435135841369629,0.12472139298915863,0.1322246938943863,-0.04923085495829582,0.9899964332580566],"EasingStyle":"Constant","EasingDirection":"In"},"HumanoidRootPart":{"Weight":0,"CFrame":[0,0,0,1,0,0,0,1,0,0,0,1],"EasingStyle":"Linear","EasingDirection":"In"},"Left Arm":{"Weight":1,"CFrame":[-0.34446650743484499,0.7954269647598267,0.13845932483673097,-0.8756352066993713,0.09145768731832504,0.4742346704006195,-0.13595613837242127,-0.9888767004013062,-0.060323674231767657,0.46344247460365298,-0.11729665100574494,0.8783294558525086],"EasingStyle":"Constant","EasingDirection":"In"}}},{"Time":0.625,"poses":{"Left Leg":{"Weight":1,"CFrame":[0.3246902823448181,-0.02213609218597412,-0.02328193187713623,0.42736828327178957,-0.05124105140566826,0.9026244282722473,0.07659243047237396,0.9968553185462952,0.02032599411904812,-0.9008274078369141,0.06044755131006241,0.4299490451812744],"EasingStyle":"Constant","EasingDirection":"In"},"Right Arm":{"Weight":1,"CFrame":[0.1656763255596161,-0.6155895590782166,0.15606069564819337,-0.03181271255016327,-0.9378229379653931,-0.34565305709838869,0.915180504322052,-0.16635139286518098,0.3671132028102875,-0.40178707242012026,-0.3046562075614929,0.8635692596435547],"EasingStyle":"Constant","EasingDirection":"In"},"Head":{"Weight":1,"CFrame":[0,7.450580596923828e-9,-4.76837158203125e-7,0.8173742890357971,-0.5757923722267151,0.019038060680031778,0.571334958076477,0.8059164881706238,-0.15516147017478944,0.07399771362543106,0.1377020925283432,0.9877057075500488],"EasingStyle":"Constant","EasingDirection":"In"},"Right Leg":{"Weight":1,"CFrame":[0.2632216513156891,0.24416005611419679,-0.08806145191192627,0.9961861968040466,-0.08160967379808426,-0.030869776383042337,0.08688122779130936,0.895163893699646,0.43718814849853518,-0.008045361377298832,-0.43820276856422427,0.8988401889801025],"EasingStyle":"Constant","EasingDirection":"In"},"Torso":{"Weight":1,"CFrame":[-0.0482664555311203,0.09977704286575318,-0.08912777900695801,0.7422159910202026,0.6669061779975891,-0.06596682220697403,-0.6569871306419373,0.7435135841369629,0.12472139298915863,0.1322246938943863,-0.04923085495829582,0.9899964332580566],"EasingStyle":"Constant","EasingDirection":"In"},"HumanoidRootPart":{"Weight":0,"CFrame":[0,0,0,1,0,0,0,1,0,0,0,1],"EasingStyle":"Linear","EasingDirection":"In"},"Left Arm":{"Weight":1,"CFrame":[-0.34446650743484499,0.7954269647598267,0.13845932483673097,-0.8756352066993713,0.09145768731832504,0.4742346704006195,-0.13595613837242127,-0.9888767004013062,-0.060323674231767657,0.46344247460365298,-0.11729665100574494,0.8783294558525086],"EasingStyle":"Constant","EasingDirection":"In"}}},{"Time":0.6666666865348816,"poses":{"Left Leg":{"Weight":1,"CFrame":[0.3246902823448181,-0.02213609218597412,-0.02328193187713623,0.42736828327178957,-0.05124105140566826,0.9026244282722473,0.07659243047237396,0.9968553185462952,0.02032599411904812,-0.9008274078369141,0.06044755131006241,0.4299490451812744],"EasingStyle":"Constant","EasingDirection":"In"},"Right Arm":{"Weight":1,"CFrame":[0.1656763255596161,-0.6155895590782166,0.15606069564819337,-0.03181271255016327,-0.9378229379653931,-0.34565305709838869,0.915180504322052,-0.16635139286518098,0.3671132028102875,-0.40178707242012026,-0.3046562075614929,0.8635692596435547],"EasingStyle":"Constant","EasingDirection":"In"},"Head":{"Weight":1,"CFrame":[0,7.450580596923828e-9,-4.76837158203125e-7,0.8173742890357971,-0.5757923722267151,0.019038060680031778,0.571334958076477,0.8059164881706238,-0.15516147017478944,0.07399771362543106,0.1377020925283432,0.9877057075500488],"EasingStyle":"Constant","EasingDirection":"In"},"Right Leg":{"Weight":1,"CFrame":[0.2632216513156891,0.24416005611419679,-0.08806145191192627,0.9961861968040466,-0.08160967379808426,-0.030869776383042337,0.08688122779130936,0.895163893699646,0.43718814849853518,-0.008045361377298832,-0.43820276856422427,0.8988401889801025],"EasingStyle":"Constant","EasingDirection":"In"},"Torso":{"Weight":1,"CFrame":[-0.0482664555311203,0.09977704286575318,-0.08912777900695801,0.7422159910202026,0.6669061779975891,-0.06596682220697403,-0.6569871306419373,0.7435135841369629,0.12472139298915863,0.1322246938943863,-0.04923085495829582,0.9899964332580566],"EasingStyle":"Constant","EasingDirection":"In"},"HumanoidRootPart":{"Weight":0,"CFrame":[0,0,0,1,0,0,0,1,0,0,0,1],"EasingStyle":"Linear","EasingDirection":"In"},"Left Arm":{"Weight":1,"CFrame":[-0.34446650743484499,0.7954269647598267,0.13845932483673097,-0.8756352066993713,0.09145768731832504,0.4742346704006195,-0.13595613837242127,-0.9888767004013062,-0.060323674231767657,0.46344247460365298,-0.11729665100574494,0.8783294558525086],"EasingStyle":"Constant","EasingDirection":"In"}}},{"Time":0.7083333134651184,"poses":{"Left Leg":{"Weight":1,"CFrame":[-0.33100107312202456,0.12132364511489868,0.009026527404785157,0.9861106276512146,-0.15513816475868226,0.059313856065273288,0.1463734358549118,0.9805086255073547,0.1310642808675766,-0.07849091291427612,-0.12056183815002442,0.9895979762077332],"EasingStyle":"Constant","EasingDirection":"In"},"Right Arm":{"Weight":1,"CFrame":[0.027843117713928224,-0.41105785965919497,0.06314611434936524,0.11274238675832749,-0.9934478998184204,-0.018718378618359567,0.901064395904541,0.09428222477436066,0.4233129024505615,-0.41877448558807375,-0.06459175050258637,0.9057901501655579],"EasingStyle":"Constant","EasingDirection":"In"},"Head":{"Weight":1,"CFrame":[7.078051567077637e-8,-7.450580596923828e-9,-3.5762786865234377e-7,0.9988117218017578,-0.017841406166553499,-0.0453525073826313,0.016307175159454347,0.9992896318435669,-0.03397585451602936,0.04592645913362503,0.03319590911269188,0.998393177986145],"EasingStyle":"Constant","EasingDirection":"In"},"Right Leg":{"Weight":1,"CFrame":[0.2678665220737457,0.05134546756744385,0.10529208183288574,0.9592083096504211,-0.03498610109090805,-0.28052714467048647,0.028447076678276063,0.99922114610672,-0.0273490771651268,0.2812654674053192,0.018253222107887269,0.9594565033912659],"EasingStyle":"Constant","EasingDirection":"In"},"Torso":{"Weight":1,"CFrame":[-0.0490608811378479,-0.041350916028022769,-0.06600832939147949,0.39023590087890627,0.9199638366699219,-0.03718181699514389,-0.9201192259788513,0.3882126212120056,-0.05168858915567398,-0.03311717137694359,0.054382435977458957,0.9979709386825562],"EasingStyle":"Constant","EasingDirection":"In"},"HumanoidRootPart":{"Weight":0,"CFrame":[0,0,0,1,0,0,0,1,0,0,0,1],"EasingStyle":"Linear","EasingDirection":"In"},"Left Arm":{"Weight":1,"CFrame":[-0.06613782048225403,-0.4733883738517761,0.20462191104888917,0.014854226261377335,0.9762992262840271,-0.21591481566429139,-0.8332878947257996,0.13143649697303773,0.5369877219200134,0.5526396632194519,0.1719426065683365,0.81549072265625],"EasingStyle":"Constant","EasingDirection":"In"}}},{"Time":0.75,"poses":{"Left Leg":{"Weight":1,"CFrame":[-0.33100107312202456,0.12132364511489868,0.009026527404785157,0.9861106276512146,-0.15513816475868226,0.059313856065273288,0.1463734358549118,0.9805086255073547,0.1310642808675766,-0.07849091291427612,-0.12056183815002442,0.9895979762077332],"EasingStyle":"Constant","EasingDirection":"In"},"Right Arm":{"Weight":1,"CFrame":[0.027843117713928224,-0.41105785965919497,0.06314611434936524,0.11274238675832749,-0.9934478998184204,-0.018718378618359567,0.901064395904541,0.09428222477436066,0.4233129024505615,-0.41877448558807375,-0.06459175050258637,0.9057901501655579],"EasingStyle":"Constant","EasingDirection":"In"},"Head":{"Weight":1,"CFrame":[7.078051567077637e-8,-7.450580596923828e-9,-3.5762786865234377e-7,0.9988117218017578,-0.017841406166553499,-0.0453525073826313,0.016307175159454347,0.9992896318435669,-0.03397585451602936,0.04592645913362503,0.03319590911269188,0.998393177986145],"EasingStyle":"Constant","EasingDirection":"In"},"Right Leg":{"Weight":1,"CFrame":[0.2678665220737457,0.05134546756744385,0.10529208183288574,0.9592083096504211,-0.03498610109090805,-0.28052714467048647,0.028447076678276063,0.99922114610672,-0.0273490771651268,0.2812654674053192,0.018253222107887269,0.9594565033912659],"EasingStyle":"Constant","EasingDirection":"In"},"Torso":{"Weight":1,"CFrame":[-0.0490608811378479,-0.041350916028022769,-0.06600832939147949,0.39023590087890627,0.9199638366699219,-0.03718181699514389,-0.9201192259788513,0.3882126212120056,-0.05168858915567398,-0.03311717137694359,0.054382435977458957,0.9979709386825562],"EasingStyle":"Constant","EasingDirection":"In"},"HumanoidRootPart":{"Weight":0,"CFrame":[0,0,0,1,0,0,0,1,0,0,0,1],"EasingStyle":"Linear","EasingDirection":"In"},"Left Arm":{"Weight":1,"CFrame":[-0.06613782048225403,-0.4733883738517761,0.20462191104888917,0.014854226261377335,0.9762992262840271,-0.21591481566429139,-0.8332878947257996,0.13143649697303773,0.5369877219200134,0.5526396632194519,0.1719426065683365,0.81549072265625],"EasingStyle":"Constant","EasingDirection":"In"}}},{"Time":0.7916666865348816,"poses":{"Left Leg":{"Weight":1,"CFrame":[-0.33100107312202456,0.12132364511489868,0.009026527404785157,0.9861106276512146,-0.15513816475868226,0.059313856065273288,0.1463734358549118,0.9805086255073547,0.1310642808675766,-0.07849091291427612,-0.12056183815002442,0.9895979762077332],"EasingStyle":"Constant","EasingDirection":"In"},"Right Arm":{"Weight":1,"CFrame":[0.027843117713928224,-0.41105785965919497,0.06314611434936524,0.11274238675832749,-0.9934478998184204,-0.018718378618359567,0.901064395904541,0.09428222477436066,0.4233129024505615,-0.41877448558807375,-0.06459175050258637,0.9057901501655579],"EasingStyle":"Constant","EasingDirection":"In"},"Head":{"Weight":1,"CFrame":[7.078051567077637e-8,-7.450580596923828e-9,-3.5762786865234377e-7,0.9988117218017578,-0.017841406166553