{"Sequence":[{"Time":0,"poses":{"Left Leg":{"Weight":1,"CFrame":[-0.09478242695331574,0.2513948082923889,0.06965255737304688,0.9806899428367615,-0.07351959496736527,0.18122391402721406,0.09927506744861603,0.9855263233184815,-0.13741309940814973,-0.16849830746650697,0.1527506411075592,0.9737944006919861],"EasingStyle":"Linear","EasingDirection":"In"},"Right Arm":{"Weight":1,"CFrame":[0.2942469120025635,-0.05089232325553894,0.43922412395477297,0.634229838848114,-0.5368217825889587,-0.5563943982124329,0.5962311029434204,-0.11854347586631775,0.7940126657485962,-0.49220019578933718,-0.8353261947631836,0.24488595128059388],"EasingStyle":"Linear","EasingDirection":"In"},"Left Arm":{"Weight":1,"CFrame":[0.5697895884513855,-0.4351555109024048,0.39696061611175539,0.2184082716703415,0.5394968390464783,-0.8131672143936157,-0.4925256073474884,0.7803069949150086,0.3854083716869354,0.8424466252326965,0.3163292706012726,0.4361415207386017],"EasingStyle":"Linear","EasingDirection":"In"},"Right Leg":{"Weight":1,"CFrame":[0.9782138466835022,0.08555948734283447,-0.1685536503791809,0.3930880129337311,0.9132788777351379,0.10678642988204956,-0.9018636345863342,0.3603021502494812,0.23837882280349732,0.17923100292682649,-0.19001057744026185,0.9652834534645081],"EasingStyle":"Linear","EasingDirection":"In"},"Torso":{"Weight":1,"CFrame":[1.0797164406994853e-7,0.08551133424043656,-0.3718433380126953,0.5105035305023193,-0.8563940525054932,-0.07730098068714142,0.856846034526825,0.514184832572937,-0.03779899701476097,0.07211782038211823,-0.04693850129842758,0.9962910413742065],"EasingStyle":"Linear","EasingDirection":"In"},"HumanoidRootPart":{"Weight":0,"CFrame":[0,0,0,1,0,0,0,1,0,0,0,1],"EasingStyle":"Linear","EasingDirection":"In"},"Head":{"Weight":1,"CFrame":[1.601874828338623e-7,1.862645149230957e-9,1.1920928955078126e-7,0.5345798134803772,0.8429273962974548,-0.06080968677997589,-0.8363118767738342,0.5379984974861145,0.10554622113704682,0.12168335169553757,-0.0055670179426670078,0.9925533533096314],"EasingStyle":"Linear","EasingDirection":"In"}}},{"Time":0.03333333507180214,"poses":{"Left Leg":{"Weight":1,"CFrame":[-0.028682321310043336,0.12691611051559449,0.03602135181427002,0.9812005758285523,-0.06666594743728638,0.18111065030097962,0.09222814440727234,0.986323356628418,-0.13660219311714173,-0.16952699422836305,0.15073762834072114,0.9739295244216919],"EasingStyle":"Linear","EasingDirection":"In"},"Right Arm":{"Weight":1,"CFrame":[0.326930969953537,-0.020619094371795656,0.42001867294311526,0.6353890895843506,-0.5206279754638672,-0.5702869892120361,0.5804452300071716,-0.1650608330965042,0.7973946928977966,-0.5092779994010925,-0.8376762270927429,0.1973181515932083],"EasingStyle":"Linear","EasingDirection":"In"},"Left Arm":{"Weight":1,"CFrame":[0.5859235525131226,-0.4331095814704895,0.39579761028289797,0.19841915369033814,0.5553122758865356,-0.8076249361038208,-0.4985384941101074,0.766631007194519,0.40464335680007937,0.843853771686554,0.3223431408405304,0.42895883321762087],"EasingStyle":"Linear","EasingDirection":"In"},"Right Leg":{"Weight":1,"CFrame":[0.9380391836166382,0.04506361484527588,-0.14632046222686768,0.3907066285610199,0.9147420525550842,0.1029333546757698,-0.9027438163757324,0.35889410972595217,0.23716801404953004,0.18000528216362,-0.185585618019104,0.9660000205039978],"EasingStyle":"Linear","EasingDirection":"In"},"Torso":{"Weight":1,"CFrame":[8.905733750452782e-8,0.08551133424043656,-0.24657964706420899,0.5087983012199402,-0.8555802702903748,-0.09542932361364365,0.8572152853012085,0.5137319564819336,-0.03551582619547844,0.07941173017024994,-0.06373308598995209,0.9948024153709412],"EasingStyle":"Linear","EasingDirection":"In"},"HumanoidRootPart":{"Weight":0,"CFrame":[0,0,0,1,0,0,0,1,0,0,0,1],"EasingStyle":"Linear","EasingDirection":"In"},"Head":{"Weight":1,"CFrame":[1.4528632164001466e-7,-9.313225746154785e-9,0,0.5352268218994141,0.8435639142990112,-0.04395630955696106,-0.8389217853546143,0.5369206666946411,0.08903054147958756,0.09870404005050659,-0.01077562291175127,0.9950584769248962],"EasingStyle":"Linear","EasingDirection":"In"}}},{"Time":0.06666667014360428,"poses":{"Left Leg":{"Weight":1,"CFrame":[0.06138603389263153,0.016997337341308595,-0.0011907219886779786,0.9822325706481934,-0.05382821708917618,0.179782435297966,0.07877767831087113,0.9877558946609497,-0.13465647399425507,-0.17033278942108155,0.14642681181430818,0.9744464755058289],"EasingStyle":"Linear","EasingDirection":"In"},"Right Arm":{"Weight":1,"CFrame":[0.3492799997329712,-0.0004620552062988281,0.4053201675415039,0.6369724273681641,-0.5118725299835205,-0.5764135122299194,0.5718633532524109,-0.1876639574766159,0.7985954284667969,-0.5169510245323181,-0.8383130431175232,0.173184335231781],"EasingStyle":"Linear","EasingDirection":"In"},"Left Arm":{"Weight":1,"CFrame":[0.5980480313301086,-0.42771613597869875,0.3927316665649414,0.18663060665130616,0.5728867053985596,-0.798103928565979,-0.4932321608066559,0.7572122812271118,0.4281957149505615,0.849641740322113,0.31373608112335207,0.4238850772380829],"EasingStyle":"Linear","EasingDirection":"In"},"Right Leg":{"Weight":1,"CFrame":[0.889037549495697,0.00014728307723999023,-0.12461918592453003,0.3823808431625366,0.9184513092041016,0.10115392506122589,-0.905633807182312,0.3508046567440033,0.23825083673000337,0.1833365261554718,-0.1827109158039093,0.9659215211868286],"EasingStyle":"Linear","EasingDirection":"In"},"Torso":{"Weight":1,"CFrame":[7.179653493949445e-8,0.08551133424043656,-0.13226652145385743,0.505822479724884,-0.8547974228858948,-0.11603867262601853,0.8583377003669739,0.5121409893035889,-0.03111293911933899,0.08602341264486313,-0.08386275172233582,0.992757260799408],"EasingStyle":"Linear","EasingDirection":"In"},"HumanoidRootPart":{"Weight":0,"CFrame":[0,0,0,1,0,0,0,1,0,0,0,1],"EasingStyle":"Linear","EasingDirection":"In"},"Head":{"Weight":1,"CFrame":[1.4156103134155274e-7,-2.7939677238464357e-8,-4.172325134277344e-7,0.5343477129936218,0.8448631763458252,-0.026051638647913934,-0.8426748514175415,0.5348682999610901,0.061765894293785098,0.06611793488264084,-0.011051381006836892,0.9977506399154663],"EasingStyle":"Linear","EasingDirection":"In"}}},{"Time":0.10000000149011612,"poses":{"Left Leg":{"Weight":1,"CFrame":[0.08060277998447418,-0.031054973602294923,-0.01234900951385498,0.9800391793251038,-0.08459857106208801,0.17990656197071076,0.11055564880371094,0.9840275049209595,-0.1395253986120224,-0.16522926092147828,0.1566300392150879,0.9737383127212524],"EasingStyle":"Linear","EasingDirection":"In"},"Right Arm":{"Weight":1,"CFrame":[0.36209890246391299,0.017943859100341798,0.3958578109741211,0.640399158000946,-0.506858766078949,-0.5770468711853027,0.5670060515403748,-0.19478784501552583,0.800351083278656,-0.5180667042732239,-0.8397332429885864,0.16265003383159638],"EasingStyle":"Linear","EasingDirection":"In"},"Left Arm":{"Weight":1,"CFrame":[0.6067355871200562,-0.42009013891220095,0.38839709758758547,0.18116918206214906,0.5891612768173218,-0.787443220615387,-0.48232778906822207,0.7510120868682861,0.45093321800231936,0.8570517301559448,0.2981104552745819,0.42022904753685],"EasingStyle":"Linear","EasingDirection":"In"},"Right Leg":{"Weight":1,"CFrame":[0.8399021625518799,-0.03968358039855957,-0.10732942819595337,0.36796456575393679,0.92421555519104,0.10211574286222458,-0.9103901982307434,0.33574438095092776,0.24179616570472718,0.18918702006340028,-0.1819375902414322,0.9649388790130615],"EasingStyle":"Linear","EasingDirection":"In"},"Torso":{"Weight":1,"CFrame":[5.9478942660007308e-8,0.08551133424043656,-0.050690650939941409,0.5022122859954834,-0.8538979291915894,-0.13653279840946198,0.8598780632019043,0.5098488330841065,-0.025763707235455514,0.09161067008972168,-0.10446270555257797,0.9903004765510559],"EasingStyle":"Linear","EasingDirection":"In"},"HumanoidRootPart":{"Weight":0,"CFrame":[0,0,0,1,0,0,0,1,0,0,0,1],"EasingStyle":"Linear","EasingDirection":"In"},"Head":{"Weight":1,"CFrame":[1.5273690223693848e-7,5.587935447692871e-9,1.1920928955078126e-7,0.5322502851486206,0.8465390205383301,-0.009021333418786526,-0.8460548520088196,0.5322632193565369,0.02978215552866459,0.03001350536942482,-0.008219020441174508,0.9995157122612],"EasingStyle":"Linear","EasingDirection":"In"}}},{"Time":0.13333334028720857,"poses":{"Left Leg":{"Weight":1,"CFrame":[0.08321401476860047,-0.040291428565979007,-0.014329314231872559,0.9749248027801514,-0.12920834124088288,0.18118169903755189,0.15711992979049684,0.9762357473373413,-0.1492551565170288,-0.1575910449028015,0.17397983372211457,0.9720576405525208],"EasingStyle":"Linear","EasingDirection":"In"},"Right Arm":{"Weight":1,"CFrame":[0.3661929666996002,0.04296302795410156,0.3923606872558594,0.6473491191864014,-0.5015276670455933,-0.573941707611084,0.5619303584098816,-0.19470705091953278,0.8039424419403076,-0.5149499177932739,-0.8429467082023621,0.15578019618988038],"EasingStyle":"Linear","EasingDirection":"In"},"Left Arm":{"Weight":1,"CFrame":[0.6125591993331909,-0.4113486111164093,0.38342809677124026,0.17978039383888246,0.6010569334030151,-0.7787230014801025,-0.47157013416290285,0.7473912835121155,0.4680042564868927,0.8633079528808594,0.2830844819545746,0.4178067743778229],"EasingStyle":"Linear","EasingDirection":"In"},"Right Leg":{"Weight":1,"CFrame":[0.7919449806213379,-0.07062673568725586,-0.0938844084739685,0.35445597767829897,0.9292398691177368,0.10427972674369812,-0.9144365787506104,0.3211714029312134,0.2462816834449768,0.19536304473876954,-0.1826533079147339,0.9635720252990723],"EasingStyle":"Linear","EasingDirection":"In"},"Torso":{"Weight":1,"CFrame":[5.24107868216106e-8,0.08551133424043656,-0.0038805007934570314,0.49864885210990908,-0.8529546856880188,-0.15432974696159364,0.8614851832389832,0.5073643922805786,-0.020606569945812227,0.09587788581848145,-0.12267735600471497,0.9878044724464417],"EasingStyle":"Linear","EasingDirection":"In"},"HumanoidRootPart":{"Weight":0,"CFrame":[0,0,0,1,0,0,0,1,0,0,0,1],"EasingStyle":"Linear","EasingDirection":"In"},"Head":{"Weight":1,"CFrame":[1.4528632164001466e-7,0,-2.980232238769531e-7,0.5295402407646179,0.848268449306488,0.005265563260763884,-0.8482778668403626,0.5295508503913879,-0.0007623955025337637,-0.0034350664354860784,-0.004062941297888756,0.9999858736991882],"EasingStyle":"Linear","EasingDirection":"In"}}},{"Time":0.1666666716337204,"poses":{"Left Leg":{"Weight":1,"CFrame":[0.103705495595932,-0.10962796211242676,-0.029834091663360597,0.969901442527771,-0.1616927683353424,0.18206197023391725,0.19071680307388307,0.9693071246147156,-0.15514780580997468,-0.1513877511024475,0.18520036339759828,0.9709699153900147],"EasingStyle":"Linear","EasingDirection":"In"},"Right Arm":{"Weight":1,"CFrame":[0.3651912808418274,0.07966989278793335,0.39215171337127688,0.6667330265045166,-0.4815785586833954,-0.5688138008117676,0.554566502571106,-0.18931888043880464,0.8103173971176148,-0.4979187548160553,-0.855710506439209,0.14084221422672273],"EasingStyle":"Linear","EasingDirection":"In"},"Left Arm":{"Weight":1,"CFrame":[0.6160914301872253,-0.4026066064834595,0.37845921516418459,0.1799008697271347,0.6056571006774902,-0.7751226425170898,-0.46671420335769656,0.7461948990821838,0.47473251819610598,0.8659177422523499,0.27635589241981509,0.4169099032878876],"EasingStyle":"Linear","EasingDirection":"In"},"Right Leg":{"Weight":1,"CFrame":[0.7401034832000732,-0.09084999561309815,-0.08300238847732544,0.3549441695213318,0.9289649128913879,0.10506598651409149,-0.913520872592926,0.3207450807094574,0.2502042055130005,0.19873161613941194,-0.1847885251045227,0.9624754786491394],"EasingStyle":"Linear","EasingDirection":"In"},"Torso":{"Weight":1,"CFrame":[5.0152429764693809e-8,0.08551133424043656,0.011075973510742188,0.49584150314331057,-0.8522302508354187,-0.1668676733970642,0.8627996444702148,0.5052686929702759,-0.01674024574458599,0.09857956320047379,-0.13567285239696504,0.9858371615409851],"EasingStyle":"Linear","EasingDirection":"In"},"HumanoidRootPart":{"Weight":0,"CFrame":[0,0,0,1,0,0,0,1,0,0,0,1],"EasingStyle":"Linear","EasingDirection":"In"},"Head":{"Weight":1,"CFrame":[1.3783574104309083e-7,-1.862645149230957e-8,-5.960464477539063e-8,0.5270706415176392,0.8496882319450378,0.015053950250148774,-0.8493592739105225,0.5272853374481201,-0.02363891713321209,-0.028023425489664079,-0.00032685036421753466,0.9996072053909302],"EasingStyle":"Linear","EasingDirection":"In"}}},{"Time":0.20000000298023225,"poses":{"Left Leg":{"Weight":1,"CFrame":[0.11158069968223572,-0.13897013664245606,-0.03638410568237305,0.9674044847488403,-0.17577849328517915,0.18229225277900697,0.2052268534898758,0.9659249186515808,-0.15770559012889863,-0.14835946261882783,0.18997637927532197,0.9705145359039307],"EasingStyle":"Linear","EasingDirection":"In"},"Right Arm":{"Weight":1,"CFrame":[0.36298778653144839,0.11997687816619873,0.39204418659210207,0.6977665424346924,-0.4438363313674927,-0.562255322933197,0.5474618077278137,-0.17577505111694337,0.8181618452072144,-0.46196040511131289,-0.8786993026733398,0.12033344805240631],"EasingStyle":"Linear","EasingDirection":"In"},"Left Arm":{"Weight":1,"CFrame":[0.6179054975509644,-0.39498138427734377,0.37412452697753909,0.18967205286026,0.5889911651611328,-0.7855660319328308,-0.47368282079696658,0.7557138800621033,0.4522400498390198,0.8600285649299622,0.2863319218158722,0.422332763671875],"EasingStyle":"Linear","EasingDirection":"In"},"Right Leg":{"Weight":1,"CFrame":[0.690373420715332,-0.10020697116851807,-0.07556462287902832,0.3714240789413452,0.9226201176643372,0.10400111973285675,-0.9070077538490295,0.3366158902645111,0.2530349791049957,0.19844679534435273,-0.18831318616867066,0.9618508815765381],"EasingStyle":"Linear","EasingDirection":"In"},"Torso":{"Weight":1,"CFrame":[5.206214126474151e-8,0.08551133424043656,-0.0015716552734375,0.4945012927055359,-0.8520696759223938,-0.17159780859947205,0.8634629845619202,0.5041820406913757,-0.015237287618219853,0.09949977695941925,-0.1406334936618805,0.9850492477416992],"EasingStyle":"Linear","EasingDirection":"In"},"HumanoidRootPart":{"Weight":0,"CFrame":[0,0,0,1,0,0,0,1,0,0,0,1],"EasingStyle":"Linear","EasingDirection":"In"},"Head":{"Weight":1,"CFrame":[1.4528632164001466e-7,1.862645149230957e-8,1.1920928955078126e-7,0.5257975459098816,0.8504045605659485,0.018684759736061097,-0.8497795462608337,0.526127815246582,-0.032621853053569797,-0.03757233917713165,0.001274544047191739,0.9992930889129639],"EasingStyle":"Linear","EasingDirection":"In"}}},{"Time":0.23333333432674409,"poses":{"Left Leg":{"Weight":1,"CFrame":[0.09766128659248352,-0.08646464347839356,-0.02491098642349243,0.969196617603302,-0.1671220362186432,0.18090923130512238,0.19602970778942109,0.9681336879730225,-0.15585076808929444,-0.1490982323884964,0.18651361763477326,0.971072793006897],"EasingStyle":"Linear","EasingDirection":"In"},"Right Arm":{"Weight":1,"CFrame":[0.36078447103500368,0.1525043249130249,0.39200448989868166,0.7280649542808533,-0.40196850895881655,-0.5552862286567688,0.5436420440673828,-0.15486778318881989,0.8249055743217468,-0.4175820052623749,-0.9024617671966553,0.1057731881737709],"EasingStyle":"Linear","EasingDirection":"In"},"Left Arm":{"Weight":1,"CFrame":[0.6185737252235413,-0.3895879089832306,0.3710583448410034,0.20822842419147492,0.5574277639389038,-0.8036885261535645,-0.48589417338371279,0.772087574005127,0.40961891412734988,0.8488508462905884,0.3052132725715637,0.4316214323043823],"EasingStyle":"Linear","EasingDirection":"In"},"Right Leg":{"Weight":1,"CFrame":[0.6688039302825928,-0.10017478466033936,-0.07282507419586182,0.3907044529914856,0.9150114059448242,0.1005193367600441,-0.9000579118728638,0.3568425178527832,0.2501182556152344,0.19299159944057465,-0.18819549679756165,0.962983250617981],"EasingStyle":"Linear","EasingDirection":"In"},"Torso":{"Weight":1,"CFrame":[5.964652416423633e-8,0.08551133424043656,-0.05180072784423828,0.49501970410346987,-0.8535294532775879,-0.162613183259964,0.8636611104011536,0.5038365125656128,-0.015435595065355301,0.09510520100593567,-0.13280177116394044,0.9865691661834717],"EasingStyle":"Linear","EasingDirection":"In"},"HumanoidRootPart":{"Weight":0,"CFrame":[0,0,0,1,0,0,0,1,0,0,0,1],"EasingStyle":"Linear","EasingDirection":"In"},"Head":{"Weight":1,"CFrame":[1.4901161193847657e-7,3.725290298461914e-9,-1.7881393432617188e-7,0.5242499709129334,0.8514882326126099,0.011391869746148587,-0.8511892557144165,0.5243691205978394,-0.022667814046144487,-0.02527492679655552,0.0021869514603167774,0.9996781349182129],"EasingStyle":"Linear","EasingDirection":"In"}}},{"Time":0.2666666805744171,"poses":{"Left Leg":{"Weight":1,"CFrame":[0.04463574290275574,0.020591318607330323,0.0042057037353515629,0.9710375070571899,-0.15835770964622498,0.17891067266464234,0.18633414804935456,0.9706248044967651,-0.15220725536346436,-0.14955192804336549,0.1811361312866211,0.9720205068588257],"EasingStyle":"Linear","EasingDirection":"In"},"Right Arm":{"Weight":1,"CFrame":[0.35978275537490847,0.1658753752708435,0.39199888706207278,0.7472551465034485,-0.37190043926239016,-0.5507266521453857,0.5467121601104736,-0.12707650661468507,0.8276215195655823,-0.37777718901634219,-0.919533371925354,0.10836391150951386],"EasingStyle":"Linear","EasingDirection":"In"},"Left Arm":{"Weight":1,"CFrame":[0.6186690926551819,-0.38754183053970339,0.36989545822143557,0.21843311190605164,0.5399987697601318,-0.812827467918396,-0.49216869473457339,0.780207097530365,0.3860657215118408,0.8426487445831299,0.31571856141090395,0.4361934959888458],"EasingStyle":"Linear","EasingDirection":"In"},"Right Leg":{"Weight":1,"CFrame":[0.7006084322929382,-0.09357130527496338,-0.07536911964416504,0.38941702246665957,0.9159212112426758,0.09717374294996262,-0.9021806120872498,0.3580533266067505,0.24055780470371247,0.185538649559021,-0.18134553730487824,0.9657583832740784],"EasingStyle":"Linear","EasingDirection":"In"},"Torso":{"Weight":1,"CFrame":[7.568844750949211e-8,0.08551133424043656,-0.15804147720336915,0.4966828227043152,-0.8564260005950928,-0.14085708558559419,0.8637660145759583,0.5036278963088989,-0.016344647854566575,0.08493755012750626,-0.11354944854974747,0.9898949861526489],"EasingStyle":"Linear","EasingDirection":"In"},"HumanoidRootPart":{"Weight":0,"CFrame":[0,0,0,1,0,0,0,1,0,0,0,1],"EasingStyle":"Linear","EasingDirection":"In"},"Head":{"Weight":1,"CFrame":[1.825392246246338e-7,3.3527612686157229e-8,0,0.5205605030059815,0.8538016676902771,-0.006285588722676039,-0.8538104295730591,0.5205803513526917,0.0019656047224998476,0.004950399044901133,0.004343472421169281,0.9999783039093018],"EasingStyle":"Linear","EasingDirection":"In"}}},{"Time":0.30000001192092898,"poses":{"Left Leg":{"Weight":1,"CFrame":[-0.0988416075706482,0.1651790738105774,0.061754465103149417,0.9656533002853394,-0.1878860741853714,0.17947855591773988,0.21618607640266419,0.9641578197479248,-0.15382874011993409,-0.14414340257644654,0.18734599649906159,0.9716604948043823],"EasingStyle":"Linear","EasingDirection":"In"},"Right Arm":{"Weight":1,"CFrame":[0.3613435924053192,0.13857924938201905,0.3919994831085205,0.7539171576499939,-0.3656030595302582,-0.5458419322967529,0.5590848326683044,-0.07928219437599182,0.8253111243247986,-0.34501177072525027,-0.9273881316184998,0.14463086426258088],"EasingStyle":"Linear","EasingDirection":"In"},"Left Arm":{"Weight":1,"CFrame":[0.6135855913162231,-0.39249348640441897,0.37271010875701907,0.2184467762708664,0.539764404296875,-0.8129793405532837,-0.49235421419143679,0.7802512645721436,0.3857399821281433,0.8425368070602417,0.31601011753082278,0.4361986219882965],"EasingStyle":"Linear","EasingDirection":"In"},"Right Leg":{"Weight":1,"CFrame":[0.7898719310760498,-0.07978618144989014,-0.08714240789413452,0.3483886420726776,0.9319692850112915,0.10029277205467224,-0.9191733598709106,0.31870272755622866,0.2314063459634781,0.18370002508163453,-0.1728058010339737,0.9676737189292908],"EasingStyle":"Linear","EasingDirection":"In"},"Torso":{"Weight":1,"CFrame":[1.0047291709724959e-7,0.08551133424043656,-0.32218170166015627,0.4986090064048767,-0.8592844605445862,-0.11410197615623474,0.8637128472328186,0.5036425590515137,-0.018555406481027604,0.0734109878540039,-0.08929944783449173,0.9932957291603088],"EasingStyle":"Linear","EasingDirection":"In"},"HumanoidRootPart":{"Weight":0,"CFrame":[0,0,0,1,0,0,0,1,0,0,0,1],"EasingStyle":"Linear","EasingDirection":"In"},"Head":{"Weight":1,"CFrame":[1.4528632164001466e-7,-2.2351741790771486e-8,-2.980232238769531e-7,0.5151526927947998,0.8566404581069946,-0.0280154999345541,-0.8560127019882202,0.5158699154853821,0.03347284719347954,0.04312656819820404,0.006737988907843828,0.9990469217300415],"EasingStyle":"Linear","EasingDirection":"In"}}},{"Time":0.3333333432674408,"poses":{"Left Leg":{"Weight":1,"CFrame":[-0.15098145604133607,0.32074278593063357,0.1000295877456665,0.9676918983459473,-0.17794260382652284,0.17863023281097413,0.20675282180309297,0.9655110836029053,-0.15824566781520844,-0.14431089162826539,0.19006535410881043,0.9711073637008667],"EasingStyle":"Linear","EasingDirection":"In"},"Right Arm":{"Weight":1,"CFrame":[0.3647773265838623,0.07852816581726074,0.3920048475265503,0.7550899982452393,-0.37517863512039187,-0.537661612033844,0.5753255486488342,-0.014070667326450348,0.8178035020828247,-0.3143876791000366,-0.9268457293510437,0.20522524416446687],"EasingStyle":"Linear","EasingDirection":"In"},"Left Arm":{"Weight":1,"CFrame":[0.6014634966850281,-0.404301255941391,0.37942230701446535,0.21845243871212007,0.5396210551261902,-0.813072919845581,-0.4924655258655548,0.7802785038948059,0.3855428397655487,0.8424702882766724,0.3161875605583191,0.43619850277900698],"EasingStyle":"Linear","EasingDirection":"In"},"Right Leg":{"Weight":1,"CFrame":[0.910614550113678,-0.06795430183410645,-0.11301600933074951,0.26786428689956667,0.9564006328582764,0.11638941615819931,-0.943490207195282,0.2359257936477661,0.23273451626300813,0.1951281577348709,-0.1721535325050354,0.9655507206916809],"EasingStyle":"Linear","EasingDirection":"In"},"Torso":{"Weight":1,"CFrame":[1.242934501988202e-7,0.08551133424043656,-0.4799380302429199,0.5002478361129761,-0.8611632585525513,-0.09027696400880814,0.8634379506111145,0.5039454698562622,-0.022667504847049714,0.06501508504152298,-0.06660918891429901,0.9956586956977844],"EasingStyle":"Linear","EasingDirection":"In"},"HumanoidRootPart":{"Weight":0,"CFrame":[0,0,0,1,0,0,0,1,0,0,0,1],"EasingStyle":"Linear","EasingDirection":"In"},"Head":{"Weight":1,"CFrame":[1.2293457984924317e-7,2.2351741790771486e-8,3.5762786865234377e-7,0.5090633630752564,0.8594202399253845,-0.04744860529899597,-0.8570767045021057,0.5112054347991943,0.06394147127866745,0.0792086124420166,0.008116841316223145,0.9968250393867493],"EasingStyle":"Linear","EasingDirection":"In"}}},{"Time":0.36666667461395266,"poses":{"Left Leg":{"Weight":1,"CFrame":[-0.1498357653617859,0.3913351893424988,0.1151118278503418,0.9714210629463196,-0.15720920264720918,0.1778380572795868,0.18709757924079896,0.9681945443153381,-0.16611382365226746,-0.14606724679470063,0.19463951885700227,0.9699380397796631],"EasingStyle":"Linear","EasingDirection":"In"},"Right Arm":{"Weight":1,"CFrame":[0.368211030960083,0.018476247787475587,0.3920189142227173,0.7540019154548645,-0.3884829878807068,-0.5296810269355774,0.5892651081085205,0.043717801570892337,0.8067560791969299,-0.2902545630931854,-0.9204182624816895,0.26188281178474429],"EasingStyle":"Linear","EasingDirection":"In"},"Left Arm":{"Weight":1,"CFrame":[0.5869950652122498,-0.41839557886123659,0.38743364810943606,0.21844862401485444,0.5395448207855225,-0.8131245970726013,-0.492519736289978,0.7802935838699341,0.38544291257858279,0.842439591884613,0.3162803649902344,0.43619057536125185],"EasingStyle":"Linear","EasingDirection":"In"},"Right Leg":{"Weight":1,"CFrame":[1.0033836364746094,-0.057787418365478519,-0.15156817436218263,0.200466126203537,0.9692257046699524,0.1428804099559784,-0.9545302987098694,0.16038134694099427,0.2512962222099304,0.22064734995365144,-0.18676017224788667,0.9573063254356384],"EasingStyle":"Linear","EasingDirection":"In"},"Torso":{"Weight":1,"CFrame":[1.3494570794136963e-7,0.08551133424043656,-0.5504846572875977,0.5013707280158997,-0.8617621064186096,-0.07741774618625641,0.8628406524658203,0.5046278238296509,-0.02927125059068203,0.06429200619459152,-0.05212342366576195,0.9965689778327942],"EasingStyle":"Linear","EasingDirection":"In"},"HumanoidRootPart":{"Weight":0,"CFrame":[0,0,0,1,0,0,0,1,0,0,0,1],"EasingStyle":"Linear","EasingDirection":"In"},"Head":{"Weight":1,"CFrame":[1.601874828338623e-7,1.6763806343078614e-8,-2.980232238769531e-7,0.5040411949157715,0.8617109060287476,-0.05828316882252693,-0.8574904203414917,0.5073525905609131,0.08545970916748047,0.10321172326803208,0.006902046501636505,0.9946354627609253],"EasingStyle":"Linear","EasingDirection":"In"}}},{"Time":0.4000000059604645,"poses":{"Left Leg":{"Weight":1,"CFrame":[-0.1372949182987213,0.3182728886604309,0.10206758975982666,0.9719908833503723,-0.1483232080936432,0.18230198323726655,0.17932260036468507,0.9694526791572571,-0.1673465073108673,-0.15191170573234559,0.19535014033317567,0.9688968658447266],"EasingStyle":"Linear","EasingDirection":"In"},"Right Arm":{"Weight":1,"CFrame":[0.3697720170021057,-0.008819937705993653,0.39204633235931399,0.7528444528579712,-0.39390042424201968,-0.5273212194442749,0.5962364077568054,0.06877739727497101,0.7998574376106262,-0.27879634499549868,-0.9165763258934021,0.2866363823413849],"EasingStyle":"Linear","EasingDirection":"In"},"Left Arm":{"Weight":1,"CFrame":[0.5748730897903442,-0.4302038550376892,0.3941457271575928,0.21843448281288148,0.539511501789093,-0.8131505250930786,-0.4925340414047241,0.7803014516830444,0.38540852069854739,0.8424349427223206,0.3163177967071533,0.4361724853515625],"EasingStyle":"Linear","EasingDirection":"In"},"Right Leg":{"Weight":1,"CFrame":[1.0293233394622803,-0.0096513032913208,-0.18538707494735719,0.23884466290473939,0.9584623575210571,0.1558947116136551,-0.9433724880218506,0.19096386432647706,0.27125856280326846,0.23022083938121797,-0.21185539662837983,0.9497976899147034],"EasingStyle":"Linear","EasingDirection":"In"},"Torso":{"Weight":1,"CFrame":[1.2375468827485748e-7,0.08551133424043656,-0.47636985778808596,0.5062461495399475,-0.8591370582580566,-0.07482266426086426,0.8597036004066467,0.509608268737793,-0.034772105515003207,0.06800424307584763,-0.04672207683324814,0.9965904355049133],"EasingStyle":"Linear","EasingDirection":"In"},"HumanoidRootPart":{"Weight":0,"CFrame":[0,0,0,1,0,0,0,1,0,0,0,1],"EasingStyle":"Linear","EasingDirection":"In"},"Head":{"Weight":1,"CFrame":[1.2293457984924317e-7,9.313225746154785e-9,-3.5762786865234377e-7,0.5050727725028992,0.8607981204986572,-0.06267426162958145,-0.8555192947387695,0.5089172124862671,0.09534146636724472,0.11396578699350357,0.005464674439281225,0.9934696555137634],"EasingStyle":"Linear","EasingDirection":"In"}}},{"Time":0.4333333373069763,"poses":{"Left Leg":{"Weight":1,"CFrame":[-0.07825785875320435,0.16585469245910645,0.060968995094299319,0.9746976494789124,-0.12494175881147385,0.1853484809398651,0.15556247532367707,0.9746026992797852,-0.16108980774879456,-0.16051436960697175,0.18584708869457246,0.969379186630249],"EasingStyle":"Linear","EasingDirection":"In"},"Right Arm":{"Weight":1,"CFrame":[0.36956387758255007,-0.006870150566101074,0.3921154737472534,0.7477658987045288,-0.3933420181274414,-0.5349096059799194,0.6009737253189087,0.05846419557929039,0.7971276044845581,-0.28227078914642336,-0.9175314903259277,0.28010573983192446],"EasingStyle":"Linear","EasingDirection":"In"},"Left Arm":{"Weight":1,"CFrame":[0.5697895884513855,-0.4351554811000824,0.3969607353210449,0.2184082716703415,0.5394968390464783,-0.8131672143936157,-0.4925256073474884,0.7803069949150086,0.3854083716869354,0.8424466252326965,0.3163292706012726,0.4361415207386017],"EasingStyle":"Linear","EasingDirection":"In"},"Right Leg":{"Weight":1,"CFrame":[0.9867554903030396,0.052714765071868899,-0.19017237424850465,0.35157454013824465,0.9249401092529297,0.14450295269489289,-0.9111932516098023,0.30268675088882449,0.2794775664806366,0.21476081013679505,-0.22992728650569917,0.9492160677909851],"EasingStyle":"Linear","EasingDirection":"In"},"Torso":{"Weight":1,"CFrame":[-8.872355294897716e-9,0.08551133424043656,-0.3102993965148926,0.5105035305023193,-0.8563940525054932,-0.07730098068714142,0.856846034526825,0.514184832572937,-0.03779899701476097,0.07211782038211823,-0.04693850129842758,0.9962910413742065],"EasingStyle":"Linear","EasingDirection":"In"},"HumanoidRootPart":{"Weight":0,"CFrame":[0,0,0,1,0,0,0,1,0,0,0,1],"EasingStyle":"Linear","EasingDirection":"In"},"Head":{"Weight":1,"CFrame":[1.564621925354004e-7,9.313225746154785e-9,3.5762786865234377e-7,0.5083208680152893,0.8589222431182861,-0.0621495395898819,-0.8534992933273315,0.512090265750885,0.09644906222820282,0.11466847360134125,0.004017524421215057,0.9933956861495972],"EasingStyle":"Linear","EasingDirection":"In"}}},{"Time":0.46666666865348818,"poses":{"Left Leg":{"Weight":1,"CFrame":[0.05757041275501251,0.013219118118286133,0.0005229711532592773,0.9805272221565247,-0.07361001521348953,0.18206575512886048,0.10244006663560868,0.982684314250946,-0.15439411997795106,-0.16754812002182008,0.17003846168518067,0.9710893630981445],"EasingStyle":"Linear","EasingDirection":"In"},"Right Arm":{"Weight":1,"CFrame":[0.3689189851284027,0.0006938576698303223,0.39222145080566409,0.7371862530708313,-0.39382439851760867,-0.5490525960922241,0.6079181432723999,0.03187377750873566,0.7933596968650818,-0.2949439585208893,-0.9186329245567322,0.262909859418869],"EasingStyle":"Linear","EasingDirection":"In"},"Left Arm":{"Weight":1,"CFrame":[0.5718898773193359,-0.4331092834472656,0.3957977294921875,0.21428053081035615,0.5465044379234314,-0.8095781207084656,-0.490042507648468,0.7771229147911072,0.39489027857780459,0.8449510335922241,0.31211036443710329,0.4343327283859253],"EasingStyle":"Linear","EasingDirection":"In"},"Right Leg":{"Weight":1,"CFrame":[0.9107136130332947,0.06901448965072632,-0.1706993579864502,0.4435887932777405,0.8871219158172607,0.12745040655136109,-0.8736186027526856,0.39626044034957888,0.2824328541755676,0.20004886388778687,-0.23662704229354859,0.9507828950881958],"EasingStyle":"Linear","EasingDirection":"In"},"Torso":{"Weight":1,"CFrame":[-3.508763768422796e-8,0.08551133424043656,-0.13668346405029298,0.5091546177864075,-0.8561552166938782,-0.0880897119641304,0.8571352362632752,0.5136708617210388,-0.03822921961545944,0.07797925174236298,-0.0560402013361454,0.9953786730766296],"EasingStyle":"Linear","EasingDirection":"In"},"HumanoidRootPart":{"Weight":0,"CFrame":[0,0,0,1,0,0,0,1,0,0,0,1],"EasingStyle":"Linear","EasingDirection":"In"},"Head":{"Weight":1,"CFrame":[1.2293457984924317e-7,-7.450580596923828e-9,1.1920928955078126e-7,0.5103908181190491,0.8583460450172424,-0.05237555876374245,-0.8541488647460938,0.5130691528320313,0.08479292690753937,0.0996539369225502,0.0014589797938242555,0.9950211048126221],"EasingStyle":"Linear","EasingDirection":"In"}}},{"Time":0.5,"poses":{"Left Leg":{"Weight":1,"CFrame":[0.08333578705787659,-0.04383242130279541,-0.01491844654083252,0.980740487575531,-0.07355793565511704,0.18093465268611909,0.10136038064956665,0.983543336391449,-0.14956116676330567,-0.16695566475391389,0.16502028703689576,0.9720566272735596],"EasingStyle":"Linear","EasingDirection":"In"},"Right Arm":{"Weight":1,"CFrame":[0.3678056597709656,0.01644742488861084,0.3923182487487793,0.7265545129776001,-0.39164385199546816,-0.5645650625228882,0.6123921275138855,-0.003519841469824314,0.7905462980270386,-0.3115997016429901,-0.9201101660728455,0.23728220164775849],"EasingStyle":"Linear","EasingDirection":"In"},"Left Arm":{"Weight":1,"CFrame":[0.5774270296096802,-0.42771583795547488,0.39273178577423098,0.20457398891448975,0.5631163716316223,-0.800655722618103,-0.48394107818603518,0.769180178642273,0.4173281192779541,0.8508527874946594,0.3020956218242645,0.4298693537712097],"EasingStyle":"Linear","EasingDirection":"In"},"Right Leg":{"Weight":1,"CFrame":[0.843146800994873,0.05341106653213501,-0.15128755569458009,0.49075955152511599,0.8631513714790344,0.11884786188602448,-0.849461019039154,0.44364437460899355,0.2856493294239044,0.19383244216442109,-0.24114178121089936,0.9509361982345581],"EasingStyle":"Linear","EasingDirection":"In"},"Torso":{"Weight":1,"CFrame":[-5.1877258044896737e-8,0.08551133424043656,-0.025490760803222657,0.5063260197639465,-0.8557199239730835,-0.10666459053754807,0.8582203984260559,0.5121154189109802,-0.034576110541820529,0.0842120498418808,-0.0740349292755127,0.9936937093734741],"EasingStyle":"Linear","EasingDirection":"In"},"HumanoidRootPart":{"Weight":0,"CFrame":[0,0,0,1,0,0,0,1,0,0,0,1],"EasingStyle":"Linear","EasingDirection":"In"},"Head":{"Weight":1,"CFrame":[2.0116567611694337e-7,-7.450580596923828e-9,0,0.5143187642097473,0.8568305373191834,-0.03629917651414871,-0.8547036051750183,0.5155981183052063,0.060335252434015277,0.07041290402412415,-0.000006531131930387346,0.9975179433822632],"EasingStyle":"Linear","EasingDirection":"In"}}},{"Time":0.5333333611488342,"poses":{"Left Leg":{"Weight":1,"CFrame":[0.0758054256439209,-0.019029974937438966,-0.009540855884552002,0.9809225797653198,-0.07556046545505524,0.1791132688522339,0.10153941810131073,0.984842836856842,-0.14062125980854035,-0.16577298939228059,0.15612562000751496,0.9737269282341003],"EasingStyle":"Linear","EasingDirection":"In"},"Right Arm":{"Weight":1,"CFrame":[0.3661929965019226,0.04296332597732544,0.3923606872558594,0.7216201424598694,-0.3837304413318634,-0.5762076377868652,0.6103289127349854,-0.04020515829324722,0.7911272048950195,-0.3267460763454437,-0.9225695133209229,0.20518888533115388],"EasingStyle":"Linear","EasingDirection":"In"},"Left Arm":{"Weight":1,"CFrame":[0.5852553248405457,-0.42008987069129946,0.38839709758758547,0.1931774914264679,0.5827139019966126,-0.7893839478492737,-0.4762999415397644,0.7590761184692383,0.4437812566757202,0.8578000068664551,0.29025498032569888,0.4241830110549927],"EasingStyle":"Linear","EasingDirection":"In"},"Right Leg":{"Weight":1,"CFrame":[0.7987343072891235,0.02994239330291748,-0.13818269968032838,0.5013075470924377,0.8572269082069397,0.11769818514585495,-0.84291672706604,0.45309996604919436,0.2901579737663269,0.1954023540019989,-0.244668111205101,0.9497133493423462],"EasingStyle":"Linear","EasingDirection":"In"},"Torso":{"Weight":1,"CFrame":[-5.739866537624039e-8,0.08551133424043656,0.011075973510742188,0.5026753544807434,-0.8548493981361389,-0.12864676117897035,0.8597664833068848,0.5098817348480225,-0.02867293171584606,0.09010566771030426,-0.09619299322366715,0.9912759065628052],"EasingStyle":"Linear","EasingDirection":"In"},"HumanoidRootPart":{"Weight":0,"CFrame":[0,0,0,1,0,0,0,1,0,0,0,1],"EasingStyle":"Linear","EasingDirection":"In"},"Head":{"Weight":1,"CFrame":[1.1175870895385742e-7,-5.587935447692871e-9,0,0.5187276005744934,0.8547593355178833,-0.017553607001900674,-0.8542443513870239,0.5190243721008301,0.029668988659977914,0.03447062522172928,-0.00039507035398855805,0.9994056224822998],"EasingStyle":"Linear","EasingDirection":"In"}}},{"Time":0.5666666626930237,"poses":{"Left Leg":{"Weight":1,"CFrame":[0.0869704931974411,-0.05869781970977783,-0.01738208532333374,0.9817631840705872,-0.07078317552804947,0.17643924057483674,0.09420867264270783,0.9872718453407288,-0.1281367987394333,-0.16512364149093629,0.1424221247434616,0.9759355187416077],"EasingStyle":"Linear","EasingDirection":"In"},"Right Arm":{"Weight":1,"CFrame":[0.36413776874542239,0.08059310913085938,0.3923041820526123,0.724797248840332,-0.37592121958732607,-0.5773664712905884,0.5976352691650391,-0.07389675825834274,0.7983554601669312,-0.3427843153476715,-0.9237004518508911,0.17110365629196168],"EasingStyle":"Linear","EasingDirection":"In"},"Left Arm":{"Weight":1,"CFrame":[0.5942291617393494,-0.411348432302475,0.38342809677124026,0.18379096686840058,0.5989216566085815,-0.7794317007064819,-0.4696018099784851,0.7500972747802734,0.4656481146812439,0.8635363578796387,0.28044065833091738,0.4191158413887024],"EasingStyle":"Linear","EasingDirection":"In"},"Right Leg":{"Weight":1,"CFrame":[0.7702652215957642,0.005408644676208496,-0.12798821926116944,0.4902975261211395,0.8633003830909729,0.11966907978057862,-0.8482221364974976,0.441093772649765,0.29318171739578249,0.20031870901584626,-0.24525229632854463,0.9485377073287964],"EasingStyle":"Linear","EasingDirection":"In"},"Torso":{"Weight":1,"CFrame":[-5.4678558569776217e-8,0.08551133424043656,-0.006938457489013672,0.49894213676452639,-0.8536129593849182,-0.1496720016002655,0.8614126443862915,0.5074149966239929,-0.022321797907352449,0.09499998390674591,-0.11779207736253739,0.988483726978302],"EasingStyle":"Linear","EasingDirection":"In"},"HumanoidRootPart":{"Weight":0,"CFrame":[0,0,0,1,0,0,0,1,0,0,0,1],"EasingStyle":"Linear","EasingDirection":"In"},"Head":{"Weight":1,"CFrame":[1.564621925354004e-7,-2.60770320892334e-8,-1.1920928955078126e-7,0.5225544571876526,0.852605938911438,0.00023411400616168976,-0.8526057004928589,0.5225543975830078,-0.0005165254697203636,-0.0005626941565424204,0.00007032253051875159,0.9999998211860657],"EasingStyle":"Linear","EasingDirection":"In"}}},{"Time":0.6000000238418579,"poses":{"Left Leg":{"Weight":1,"CFrame":[0.08588758111000061,-0.05295109748840332,-0.0162506103515625,0.9813412427902222,-0.07973404228687287,0.1749623566865921,0.10223764181137085,0.9870491027832031,-0.12361831963062287,-0.162839874625206,0.13919951021671296,0.9767838716506958],"EasingStyle":"Linear","EasingDirection":"In"},"Right Arm":{"Weight":1,"CFrame":[0.3620513081550598,0.12079739570617676,0.39217984676361086,0.732269287109375,-0.3737509846687317,-0.5692906379699707,0.5774489641189575,-0.10238565504550934,0.8099814653396606,-0.361018568277359,-0.9218608140945435,0.14084817469120027],"EasingStyle":"Linear","EasingDirection":"In"},"Left Arm":{"Weight":1,"CFrame":[0.6032033562660217,-0.4026065468788147,0.378459095954895,0.17990095913410188,0.6056571006774902,-0.7751226425170898,-0.46671420335769656,0.7461949586868286,0.47473257780075076,0.8659177422523499,0.27635589241981509,0.4169099032878876],"EasingStyle":"Linear","EasingDirection":"In"},"Right Leg":{"Weight":1,"CFrame":[0.753330647945404,-0.01862967014312744,-0.11843037605285645,0.4655800461769104,0.876632809638977,0.1214507594704628,-0.8608551025390625,0.41674986481666567,0.2919725477695465,0.20533815026283265,-0.24048806726932527,0.9486842155456543],"EasingStyle":"Linear","EasingDirection":"In"},"Torso":{"Weight":1,"CFrame":[-4.573639245109007e-8,0.08551133424043656,-0.06615972518920899,0.49593716859817507,-0.8524575233459473,-0.16541622579097749,0.8627756237983704,0.5052918195724487,-0.01727386564016342,0.09830871969461441,-0.13415034115314485,0.9860725402832031],"EasingStyle":"Linear","EasingDirection":"In"},"HumanoidRootPart":{"Weight":0,"CFrame":[0,0,0,1,0,0,0,1,0,0,0,1],"EasingStyle":"Linear","EasingDirection":"In"},"Head":{"Weight":1,"CFrame":[1.2293457984924317e-7,7.450580596923828e-8,2.384185791015625e-7,0.5250831842422485,0.8509441018104553,0.013486513867974282,-0.8506197929382324,0.525255560874939,-0.023503972217440606,-0.02708445116877556,0.0008696512086316943,0.9996327757835388],"EasingStyle":"Linear","EasingDirection":"In"}}},{"Time":0.6333333253860474,"poses":{"Left Leg":{"Weight":1,"CFrame":[0.03802591562271118,0.04492175579071045,0.006773114204406738,0.978848397731781,-0.10541749000549317,0.17533673346042634,0.12875503301620484,0.9834429025650024,-0.12752331793308259,-0.1589905172586441,0.14740146696567536,0.9762145280838013],"EasingStyle":"Linear","EasingDirection":"In"},"Right Arm":{"Weight":1,"CFrame":[0.3604331612586975,0.1528124213218689,0.3920553922653198,0.740694522857666,-0.37373873591423037,-0.5582929849624634,0.5576523542404175,-0.12144343554973602,0.8211426734924316,-0.3746938109397888,-0.919549286365509,0.11846381425857544],"EasingStyle":"Linear","EasingDirection":"In"},"Left Arm":{"Weight":1,"CFrame":[0.6110317707061768,-0.394981324672699,0.37412452697753909,0.18967115879058839,0.5890323519706726,-0.7855352759361267,-0.47364750504493716,0.7557017207145691,0.4522973299026