{"Sequence":[{"Time":0,"poses":{"Left Leg":{"Weight":1,"CFrame":[-0.014027845114469529,0.07685577869415283,0.03867745399475098,0.9835718274116516,0.026509497314691545,0.17856012284755708,-0.030794596299529077,0.9992994070053101,0.021268893033266069,-0.17787118256092072,-0.026418182998895646,0.9836990833282471],"EasingStyle":"Linear","EasingDirection":"Out"},"Right Arm":{"Weight":1,"CFrame":[-0.27032849192619326,-0.319719135761261,0.2298908233642578,0.639152467250824,-0.40593862533569338,0.6532211899757385,0.5001386404037476,0.8646172285079956,0.04794197157025337,-0.5842478275299072,0.29605892300605776,0.7556478381156921],"EasingStyle":"Linear","EasingDirection":"Out"},"Left Arm":{"Weight":1,"CFrame":[0.3650955557823181,-0.428739994764328,0.18501532077789308,0.6090967655181885,0.5168372392654419,-0.6015650033950806,-0.6102251410484314,0.7898935079574585,0.06077525392174721,0.5065831542015076,0.3300720155239105,0.7965086102485657],"EasingStyle":"Linear","EasingDirection":"Out"},"Head":{"Weight":1,"CFrame":[-0.04160450026392937,0.002082978840917349,-0.001588284969329834,0.9937726259231567,-0.08713214099407196,0.06945459544658661,0.0823088139295578,0.9941789507865906,0.0695231556892395,-0.07510799169540405,-0.06337348371744156,0.9951595664024353],"EasingStyle":"Linear","EasingDirection":"Out"},"Torso":{"Weight":1,"CFrame":[-1.2941381299924616e-10,1.294139101437608e-10,-0.034739017486572269,0.998024046421051,-0.04996651038527489,0.038096800446510318,0.0514167845249176,0.9979506731033325,-0.038089171051979068,-0.03611554577946663,0.03997272625565529,0.9985478520393372],"EasingStyle":"Linear","EasingDirection":"Out"},"HumanoidRootPart":{"Weight":1,"CFrame":[0,0,0,1,0,0,0,1,0,0,0,1],"EasingStyle":"Linear","EasingDirection":"In"},"Right Leg":{"Weight":1,"CFrame":[-0.041825421154499057,-0.01466989517211914,0.022433161735534669,0.9611098766326904,-0.0054971459321677689,-0.2761114835739136,-0.016190528869628907,0.9969606399536133,-0.07620589435100556,0.2756912112236023,0.07771263271570206,0.9580997228622437],"EasingStyle":"Linear","EasingDirection":"Out"}}},{"Time":0.01666666753590107,"poses":{"Left Leg":{"Weight":1,"CFrame":[0.016077090054750444,0.0841251015663147,0.03772330284118652,0.9687297940254211,0.022391051054000856,0.24710582196712495,-0.028744403272867204,0.9993417263031006,0.02213323302567005,-0.24644754827022553,-0.02854403294622898,0.9687356948852539],"EasingStyle":"Linear","EasingDirection":"Out"},"Right Arm":{"Weight":1,"CFrame":[-0.27036234736442568,-0.31970298290252688,0.21620798110961915,0.6396071314811707,-0.40593382716178896,0.6527790427207947,0.499999076128006,0.8647051453590393,0.04781113564968109,-0.5838695168495178,0.2958085536956787,0.7560381293296814],"EasingStyle":"Linear","EasingDirection":"Out"},"Left Arm":{"Weight":1,"CFrame":[0.3639913499355316,-0.4286291003227234,0.18509244918823243,0.6071998476982117,0.5162341594696045,-0.6039955615997315,-0.6103912591934204,0.7897210717201233,0.0613439679145813,0.508655846118927,0.3314255177974701,0.7946233749389648],"EasingStyle":"Linear","EasingDirection":"Out"},"Head":{"Weight":1,"CFrame":[-0.027888914570212365,-0.0017010404262691737,-0.0029963254928588869,0.9925370812416077,-0.09942342340946198,0.07060544192790985,0.09454497694969177,0.9931005239486694,0.06937287002801895,-0.07701561599969864,-0.062179747968912128,0.995089054107666],"EasingStyle":"Linear","EasingDirection":"Out"},"Torso":{"Weight":1,"CFrame":[0.0017751837149262429,8.856848587868172e-9,-0.039353370666503909,0.9982580542564392,-0.04170703887939453,0.041730090975761417,0.043313656002283099,0.9983245730400086,-0.03836664929986,-0.04006001353263855,0.04010729864239693,0.9983919858932495],"EasingStyle":"Linear","EasingDirection":"Out"},"HumanoidRootPart":{"Weight":1,"CFrame":[0,0,0,1,0,0,0,1,0,0,0,1],"EasingStyle":"Linear","EasingDirection":"In"},"Right Leg":{"Weight":1,"CFrame":[-0.0341554693877697,-0.016363024711608888,0.025598645210266115,0.9611730575561523,-0.0033828006125986578,-0.27592557668685915,-0.020446954295039178,0.9963029623031616,-0.08344047516584397,0.2751876711845398,0.0858425423502922,0.9575504064559937],"EasingStyle":"Linear","EasingDirection":"Out"}}},{"Time":0.03333333507180214,"poses":{"Left Leg":{"Weight":1,"CFrame":[0.03563740849494934,0.0997236967086792,0.036695003509521487,0.9509389996528626,0.015442078933119774,0.3089928925037384,-0.02372695319354534,0.9994521737098694,0.02307257242500782,-0.3084672689437866,-0.029272068291902543,0.95078444480896],"EasingStyle":"Linear","EasingDirection":"Out"},"Right Arm":{"Weight":1,"CFrame":[-0.2704594135284424,-0.31964239478111269,0.20486700534820558,0.6400669813156128,-0.4062480330467224,0.652132511138916,0.5001146793365479,0.8646405935287476,0.047768887132406238,-0.5832663178443909,0.29556578397750857,0.7565985321998596],"EasingStyle":"Linear","EasingDirection":"Out"},"Left Arm":{"Weight":1,"CFrame":[0.36079680919647219,-0.42830055952072146,0.18532073497772218,0.6056274175643921,0.5152755379676819,-0.6063882112503052,-0.6107068061828613,0.7895083427429199,0.060940276831388476,0.5101495981216431,0.33341819047927859,0.7928301692008972],"EasingStyle":"Linear","EasingDirection":"Out"},"Head":{"Weight":1,"CFrame":[-0.012806682847440243,-0.011822103522717953,-0.006684005260467529,0.9901202917098999,-0.11738616228103638,0.07669643312692642,0.1123410239815712,0.9914020895957947,0.06709284335374832,-0.08391279727220535,-0.05781383812427521,0.9947945475578308],"EasingStyle":"Linear","EasingDirection":"Out"},"Torso":{"Weight":1,"CFrame":[0.0032950586173683407,1.726510845401208e-8,-0.052283287048339847,0.9984046816825867,-0.034067414700984958,0.045027956366539,0.03584250807762146,0.9985875487327576,-0.03922085091471672,-0.04362820088863373,0.040772199630737308,0.9982154965400696],"EasingStyle":"Linear","EasingDirection":"Out"},"HumanoidRootPart":{"Weight":1,"CFrame":[0,0,0,1,0,0,0,1,0,0,0,1],"EasingStyle":"Linear","EasingDirection":"In"},"Right Leg":{"Weight":1,"CFrame":[-0.020938068628311158,-0.008949041366577149,0.029139399528503419,0.9614881873130798,0.000807291129603982,-0.2748451828956604,-0.026405464857816697,0.99564129114151,-0.08944957703351975,0.27357494831085207,0.09326212108135224,0.9573186039924622],"EasingStyle":"Linear","EasingDirection":"Out"}}},{"Time":0.05000000074505806,"poses":{"Left Leg":{"Weight":1,"CFrame":[0.043327949941158298,0.1222236156463623,0.03751373291015625,0.9318941235542297,0.0057571567595005039,0.3626847267150879,-0.015548833645880223,0.9995890259742737,0.024084512144327165,-0.3623970150947571,-0.028083546087145807,0.9316006302833557],"EasingStyle":"Linear","EasingDirection":"Out"},"Right Arm":{"Weight":1,"CFrame":[-0.27061325311660769,-0.31951895356178286,0.19553768634796143,0.6405948400497437,-0.40687114000320437,0.6512250900268555,0.5004134774208069,0.8644631505012512,0.047852545976638797,-0.5824298858642578,0.29522770643234255,0.7573744058609009],"EasingStyle":"Linear","EasingDirection":"Out"},"Left Arm":{"Weight":1,"CFrame":[0.35568952560424807,-0.4277593791484833,0.18569719791412354,0.6043603420257568,0.5139907598495483,-0.608738124370575,-0.6111488938331604,0.7892636656761169,0.05966448038816452,0.5111218690872192,0.33597075939178469,0.7911245226860046],"EasingStyle":"Linear","EasingDirection":"Out"},"Head":{"Weight":1,"CFrame":[0.002736832480877638,-0.026433508843183519,-0.011843979358673096,0.9861966371536255,-0.13751350343227387,0.09222903847694397,0.13206234574317933,0.9892476797103882,0.06283797323703766,-0.09987840056419373,-0.04979061335325241,0.9937530755996704],"EasingStyle":"Linear","EasingDirection":"Out"},"Torso":{"Weight":1,"CFrame":[0.0045788646675646309,2.5368118272695029e-8,-0.0721597671508789,0.998479962348938,-0.027082324028015138,0.048003189265728,0.029054412618279458,0.998741865158081,-0.040872205048799518,-0.04683588072657585,0.042204782366752627,0.9980105757713318],"EasingStyle":"Linear","EasingDirection":"Out"},"HumanoidRootPart":{"Weight":1,"CFrame":[0,0,0,1,0,0,0,1,0,0,0,1],"EasingStyle":"Linear","EasingDirection":"In"},"Right Leg":{"Weight":1,"CFrame":[-0.002511720173060894,0.0059874653816223148,0.03340327739715576,0.9619754552841187,0.006600335706025362,-0.27305611968040469,-0.03367350250482559,0.9949474334716797,-0.09458161145448685,0.27105218172073367,0.10017992556095123,0.9573372602462769],"EasingStyle":"Linear","EasingDirection":"Out"}}},{"Time":0.06666667014360428,"poses":{"Left Leg":{"Weight":1,"CFrame":[0.0381743386387825,0.15004706382751466,0.042249321937561038,0.913444995880127,-0.006480719894170761,0.40691065788269045,-0.004032103344798088,0.9996799826622009,0.02497291937470436,-0.4069422781467438,-0.024452097713947297,0.913126528263092],"EasingStyle":"Linear","EasingDirection":"Out"},"Right Arm":{"Weight":1,"CFrame":[-0.2708170711994171,-0.31931549310684206,0.1878889799118042,0.6412535309791565,-0.40779247879981997,0.6499993801116943,0.5008231997489929,0.8642120957374573,0.04809929430484772,-0.5813518762588501,0.29469093680381777,0.7584109902381897],"EasingStyle":"Linear","EasingDirection":"Out"},"Left Arm":{"Weight":1,"CFrame":[0.3488466143608093,-0.4270116090774536,0.18621766567230225,0.603378176689148,0.5124120712280273,-0.6110390424728394,-0.6116927266120911,0.788994312286377,0.0576200895011425,0.5116314888000488,0.339001327753067,0.7895006537437439],"EasingStyle":"Linear","EasingDirection":"Out"},"Head":{"Weight":1,"CFrame":[0.017836153507232667,-0.04368872940540314,-0.01767057180404663,0.9802268743515015,-0.15610121190547944,0.1216048076748848,0.1501239687204361,0.9870278239250183,0.05691143497824669,-0.12891128659248353,-0.037530317902565,0.9909456968307495],"EasingStyle":"Linear","EasingDirection":"Out"},"Torso":{"Weight":1,"CFrame":[0.005645844619721174,3.3179809122430018e-8,-0.09761381149291992,0.9984992742538452,-0.02078579179942608,0.0506669320166111,0.02300121821463108,0.9987868070602417,-0.04354172572493553,-0.04970041289925575,0.04464178532361984,0.9977660179138184],"EasingStyle":"Linear","EasingDirection":"Out"},"HumanoidRootPart":{"Weight":1,"CFrame":[0,0,0,1,0,0,0,1,0,0,0,1],"EasingStyle":"Linear","EasingDirection":"In"},"Right Leg":{"Weight":1,"CFrame":[0.021594028919935228,0.02683812379837036,0.03887438774108887,0.9625493288040161,0.01394762471318245,-0.270747572183609,-0.04229651391506195,0.9941726326942444,-0.09915557503700257,0.26778683066368105,0.10689380019903183,0.95753014087677],"EasingStyle":"Linear","EasingDirection":"Out"}}},{"Time":0.0833333358168602,"poses":{"Left Leg":{"Weight":1,"CFrame":[0.021715786308050157,0.18152791261672975,0.0516810417175293,0.8974810838699341,-0.019913310185074807,0.4406031668186188,0.00971059501171112,0.9996302127838135,0.025398992002010347,-0.4409460425376892,-0.01851659081876278,0.8973426222801209],"EasingStyle":"Linear","EasingDirection":"Out"},"Right Arm":{"Weight":1,"CFrame":[-0.27106451988220217,-0.3190155625343323,0.18159067630767823,0.6421048641204834,-0.40900149941444399,0.6483973860740662,0.5012727379798889,0.8639264106750488,0.0485466830432415,-0.5800232887268066,0.2938518524169922,0.759752631187439],"EasingStyle":"Linear","EasingDirection":"Out"},"Left Arm":{"Weight":1,"CFrame":[0.3404455780982971,-0.4260631203651428,0.18687856197357179,0.6026607155799866,0.5105726718902588,-0.6132826209068298,-0.6123105883598328,0.7887080311775208,0.05491314083337784,0.5117380619049072,0.3424254357814789,0.7879523634910584],"EasingStyle":"Linear","EasingDirection":"Out"},"Head":{"Weight":1,"CFrame":[0.03170377016067505,-0.061845507472753528,-0.02345973253250122,0.9718348383903503,-0.16605651378631593,0.16721923649311067,0.16016288101673127,0.9859115481376648,0.048231109976768497,-0.1728724092245102,-0.020090358331799508,0.9847393035888672],"EasingStyle":"Linear","EasingDirection":"Out"},"Torso":{"Weight":1,"CFrame":[0.006515237502753735,4.0714112969908459e-8,-0.1272754669189453,0.9984771013259888,-0.015211432240903378,0.05302959680557251,0.017735213041305543,0.9987161159515381,-0.04745091125369072,-0.05223971977829933,0.04831913486123085,0.9974648952484131],"EasingStyle":"Linear","EasingDirection":"Out"},"HumanoidRootPart":{"Weight":1,"CFrame":[0,0,0,1,0,0,0,1,0,0,0,1],"EasingStyle":"Linear","EasingDirection":"In"},"Right Leg":{"Weight":1,"CFrame":[0.05257202684879303,0.05194967985153198,0.0461651086807251,0.9631078243255615,0.023183973506093026,-0.2681153416633606,-0.05271244794130325,0.9932352900505066,-0.10346518456935883,0.263902872800827,0.1137811467051506,0.9578147530555725],"EasingStyle":"Linear","EasingDirection":"Out"}}},{"Time":0.10000000149011612,"poses":{"Left Leg":{"Weight":1,"CFrame":[-0.0018646633252501488,0.2150159478187561,0.06440615653991699,0.8858941793441773,-0.03190964460372925,0.462788462638855,0.02296050451695919,0.9994247555732727,0.024958893656730653,-0.46331876516342165,-0.011485072784125805,0.8861172795295715],"EasingStyle":"Linear","EasingDirection":"Out"},"Right Arm":{"Weight":1,"CFrame":[-0.27134883403778078,-0.3185991048812866,0.17631220817565919,0.6432105302810669,-0.41048645973205569,0.6463598012924194,0.501690685749054,0.8636448979377747,0.04923229664564133,-0.5784347057342529,0.29260608553886416,0.7614428400993347],"EasingStyle":"Linear","EasingDirection":"Out"},"Left Arm":{"Weight":1,"CFrame":[0.330663800239563,-0.4249193072319031,0.1876760721206665,0.6021867990493774,0.5085077285766602,-0.6154599785804749,-0.6129735112190247,0.7884132862091065,0.051652055233716968,0.5115022659301758,0.3461565375328064,0.7864738702774048],"EasingStyle":"Linear","EasingDirection":"Out"},"Head":{"Weight":1,"CFrame":[0.04402324557304382,-0.07957910746335983,-0.028910517692565919,0.9607385396957398,-0.16355440020561219,0.2241237759590149,0.1605987250804901,0.9865175485610962,0.031482014805078509,-0.2262510508298874,0.005748001392930746,0.9740520715713501],"EasingStyle":"Linear","EasingDirection":"Out"},"Torso":{"Weight":1,"CFrame":[0.007206286303699017,4.798495822910809e-8,-0.15961599349975587,0.9984266757965088,-0.010392718017101288,0.0551019012928009,0.013308793306350708,0.9985153079032898,-0.05282151699066162,-0.054471131414175037,0.053471751511096957,0.9970825910568237],"EasingStyle":"Linear","EasingDirection":"Out"},"HumanoidRootPart":{"Weight":1,"CFrame":[0,0,0,1,0,0,0,1,0,0,0,1],"EasingStyle":"Linear","EasingDirection":"In"},"Right Leg":{"Weight":1,"CFrame":[0.09071404486894608,0.07953858375549317,0.05559682846069336,0.9635461568832398,0.03421192243695259,-0.2653457820415497,-0.06490927189588547,0.992051899433136,-0.10779552161693573,0.2595489025115967,0.12108934670686722,0.9581084251403809],"EasingStyle":"Linear","EasingDirection":"Out"}}},{"Time":0.11666666716337204,"poses":{"Left Leg":{"Weight":1,"CFrame":[-0.028404325246810914,0.24855589866638184,0.07797360420227051,0.8804683685302734,-0.03982829302549362,0.4724290072917938,0.032707538455724719,0.9991937875747681,0.02328021265566349,-0.47297537326812746,-0.005045503377914429,0.8810611963272095],"EasingStyle":"Linear","EasingDirection":"Out"},"Right Arm":{"Weight":1,"CFrame":[-0.271663635969162,-0.3180491626262665,0.17172253131866456,0.6446316242218018,-0.4122345745563507,0.6438265442848206,0.5020066499710083,0.8634060025215149,0.05019437521696091,-0.5765755772590637,0.2908482849597931,0.7635233402252197],"EasingStyle":"Linear","EasingDirection":"Out"},"Left Arm":{"Weight":1,"CFrame":[0.31967848539352419,-0.42358630895614626,0.1886063814163208,0.6019341945648193,0.5062535405158997,-0.6175615787506104,-0.6136521100997925,0.7881194949150086,0.047946903854608539,0.5109856128692627,0.3501071333885193,0.7850597500801086],"EasingStyle":"Linear","EasingDirection":"Out"},"Head":{"Weight":1,"CFrame":[0.05459596589207649,-0.0956692025065422,-0.03382563591003418,0.9466791749000549,-0.14915041625499726,0.2855743169784546,0.15548324584960938,0.9878383874893189,0.0005033116904087365,-0.28217634558677676,0.04392554983496666,0.9583564400672913],"EasingStyle":"Linear","EasingDirection":"Out"},"Torso":{"Weight":1,"CFrame":[0.0077382298186421398,5.500627509036349e-8,-0.19246149063110352,0.9983598589897156,-0.006363217253237963,0.05689576268196106,0.009774169884622097,0.9981580376625061,-0.05987514927983284,-0.056409962475299838,0.06033305078744888,0.996583104133606],"EasingStyle":"Linear","EasingDirection":"Out"},"HumanoidRootPart":{"Weight":1,"CFrame":[0,0,0,1,0,0,0,1,0,0,0,1],"EasingStyle":"Linear","EasingDirection":"In"},"Right Leg":{"Weight":1,"CFrame":[0.13189156353473664,0.10754352807998657,0.066336989402771,0.9638749361038208,0.044721778482198718,-0.26257410645484927,-0.07660285383462906,0.9906988143920898,-0.11246249079704285,0.255102276802063,0.12851367890834809,0.9583355784416199],"EasingStyle":"Linear","EasingDirection":"Out"}}},{"Time":0.13333334028720857,"poses":{"Left Leg":{"Weight":1,"CFrame":[-0.051823049783706668,0.2801291346549988,0.08972954750061035,0.8790090680122376,-0.0417022742331028,0.47497785091400149,0.036667779088020328,0.9991300702095032,0.0198634322732687,-0.47539305686950686,-0.000043734729842981326,0.8797735571861267],"EasingStyle":"Linear","EasingDirection":"Out"},"Right Arm":{"Weight":1,"CFrame":[-0.2720021903514862,-0.31734830141067507,0.16749191284179688,0.6464289426803589,-0.4142310619354248,0.6407355666160584,0.5021499395370483,0.8632474541664124,0.051471609622240069,-0.5744345784187317,0.28847256302833559,0.7660343050956726],"EasingStyle":"Linear","EasingDirection":"Out"},"Left Arm":{"Weight":1,"CFrame":[0.30766725540161135,-0.4220687747001648,0.18966591358184815,0.6018809676170349,0.5038476586341858,-0.6195780634880066,-0.6143158674240112,0.787837564945221,0.04390893876552582,0.5102502107620239,0.35418862104415896,0.7837059497833252],"EasingStyle":"Linear","EasingDirection":"Out"},"Head":{"Weight":1,"CFrame":[0.06322328746318817,-0.10889549553394318,-0.038005173206329349,0.9305854439735413,-0.12295042723417282,0.34480994939804079,0.14928030967712403,0.987490713596344,-0.05076901242136955,-0.33425456285476687,0.09871824085712433,0.9372985363006592],"EasingStyle":"Linear","EasingDirection":"Out"},"Torso":{"Weight":1,"CFrame":[0.008130311034619809,6.179199374400923e-8,-0.2234797477722168,0.998286783695221,-0.0031568179838359358,0.058425579220056537,0.0071831392124295239,0.9976023435592651,-0.06883259862661362,-0.05806820094585419,0.06913435459136963,0.995915949344635],"EasingStyle":"Linear","EasingDirection":"Out"},"HumanoidRootPart":{"Weight":1,"CFrame":[0,0,0,1,0,0,0,1,0,0,0,1],"EasingStyle":"Linear","EasingDirection":"In"},"Right Leg":{"Weight":1,"CFrame":[0.1690717339515686,0.13423418998718263,0.07692945003509522,0.9642925262451172,0.05093960091471672,-0.2598944306373596,-0.08402356505393982,0.9894742369651794,-0.11781653761863709,0.25115731358528139,0.13544684648513795,0.9584227204322815],"EasingStyle":"Linear","EasingDirection":"Out"}}},{"Time":0.15000000596046449,"poses":{"Left Leg":{"Weight":1,"CFrame":[-0.06672757863998413,0.30756092071533205,0.09819924831390381,0.8783659338951111,-0.03606605529785156,0.4766262173652649,0.033355433493852618,0.9993433952331543,0.014149651862680912,-0.4768235683441162,0.003469519317150116,0.8789921998977661],"EasingStyle":"Linear","EasingDirection":"Out"},"Right Arm":{"Weight":1,"CFrame":[-0.27235791087150576,-0.3164790868759155,0.16328907012939454,0.6486619710922241,-0.4164586067199707,0.6370241045951843,0.5020509362220764,0.8632062077522278,0.05310364067554474,-0.5719987154006958,0.28537222743034365,0.7690125107765198],"EasingStyle":"Linear","EasingDirection":"Out"},"Left Arm":{"Weight":1,"CFrame":[0.29480716586112978,-0.42037343978881838,0.1908508539199829,0.6020037531852722,0.5013278126716614,-0.6214996576309204,-0.6149352788925171,0.7875801920890808,0.039650123566389087,0.5093585848808289,0.3583125174045563,0.7824103832244873],"EasingStyle":"Linear","EasingDirection":"Out"},"Head":{"Weight":1,"CFrame":[0.06969696283340454,-0.11840300261974335,-0.04125070571899414,0.9156889915466309,-0.07985586673021317,0.3938741087913513,0.14062561094760896,0.9817691445350647,-0.12788169085979463,-0.376481294631958,0.17248868942260743,0.910224974155426],"EasingStyle":"Linear","EasingDirection":"Out"},"Torso":{"Weight":1,"CFrame":[0.00840176921337843,6.83560443803799e-8,-0.2503371238708496,0.9982154965400696,-0.0008078456157818437,0.05970939248800278,0.005586774554103613,0.9967861771583557,-0.07991298288106919,-0.05945293977856636,0.08010396361351013,0.9950119256973267],"EasingStyle":"Linear","EasingDirection":"Out"},"HumanoidRootPart":{"Weight":1,"CFrame":[0,0,0,1,0,0,0,1,0,0,0,1],"EasingStyle":"Linear","EasingDirection":"In"},"Right Leg":{"Weight":1,"CFrame":[0.19693994522094727,0.15791720151901246,0.08643591403961182,0.9650156497955322,0.04991515725851059,-0.25739720463752749,-0.08426530659198761,0.9886732697486877,-0.12419554591178894,0.24828246235847474,0.1415403038263321,0.958291232585907],"EasingStyle":"Linear","EasingDirection":"Out"}}},{"Time":0.1666666716337204,"poses":{"Left Leg":{"Weight":1,"CFrame":[-0.07192939519882202,0.3284451961517334,0.1032019853591919,0.8784998059272766,-0.021892258897423745,0.47724080085754397,0.021773550659418107,0.9997462034225464,0.005780485458672047,-0.47724631428718569,0.0053130644373595718,0.8787535429000855],"EasingStyle":"Linear","EasingDirection":"Out"},"Right Arm":{"Weight":1,"CFrame":[-0.27272430062294009,-0.3154233694076538,0.1587836742401123,0.6513891220092773,-0.41889655590057375,0.6326277256011963,0.5016404986381531,0.863317608833313,0.05513125658035278,-0.5692530870437622,0.28143978118896487,0.7724912166595459],"EasingStyle":"Linear","EasingDirection":"Out"},"Left Arm":{"Weight":1,"CFrame":[0.28127577900886538,-0.4185052514076233,0.19215738773345948,0.6022791266441345,0.4987325668334961,-0.6233182549476624,-0.6154804229736328,0.7873620390892029,0.035282306373119357,0.5083735585212708,0.362390398979187,0.7811718583106995],"EasingStyle":"Linear","EasingDirection":"Out"},"Head":{"Weight":1,"CFrame":[0.07376964390277863,-0.12479846924543381,-0.043352365493774417,0.9062079787254334,-0.022833960130810739,0.4222153425216675,0.1307499259710312,0.9647341370582581,-0.2284567803144455,-0.40210893750190737,0.2622339427471161,0.8772352933883667],"EasingStyle":"Linear","EasingDirection":"Out"},"Torso":{"Weight":1,"CFrame":[0.008571845479309559,7.471235363709639e-8,-0.27069997787475588,0.998151421546936,0.0006490484229288995,0.060772206634283069,0.005035281181335449,0.9956220388412476,-0.0933350995182991,-0.0605667307972908,0.0934685692191124,0.9937782883644104],"EasingStyle":"Linear","EasingDirection":"Out"},"HumanoidRootPart":{"Weight":1,"CFrame":[0,0,0,1,0,0,0,1,0,0,0,1],"EasingStyle":"Linear","EasingDirection":"In"},"Right Leg":{"Weight":1,"CFrame":[0.2125231921672821,0.17653512954711915,0.09446144104003906,0.9660793542861939,0.03980076685547829,-0.25515982508659365,-0.0755591168999672,0.9883778691291809,-0.13190916180610658,0.24694424867630006,0.14671437442302705,0.9578588008880615],"EasingStyle":"Linear","EasingDirection":"Out"}}},{"Time":0.18333333730697633,"poses":{"Left Leg":{"Weight":1,"CFrame":[-0.06946183741092682,0.34060508012771609,0.10556864738464356,0.8789286017417908,0.0004886526148766279,0.47695308923721316,0.0023532528430223467,0.9999828338623047,-0.005361091811209917,-0.47694751620292666,0.005834411364048719,0.8789123892784119],"EasingStyle":"Linear","EasingDirection":"Out"},"Right Arm":{"Weight":1,"CFrame":[-0.27309471368789675,-0.31416231393814089,0.15364491939544679,0.6546672582626343,-0.4215202033519745,0.6274802088737488,0.5008506774902344,0.8636152148246765,0.05759663134813309,-0.5661796927452087,0.2765672206878662,0.776499330997467],"EasingStyle":"Linear","EasingDirection":"Out"},"Left Arm":{"Weight":1,"CFrame":[0.26725029945373537,-0.4164702296257019,0.1935819387435913,0.602682888507843,0.49610060453414919,-0.6250259876251221,-0.6159231066703796,0.7871994376182556,0.030916878953576089,0.5073580145835877,0.36633485555648806,0.7799914479255676],"EasingStyle":"Linear","EasingDirection":"Out"},"Head":{"Weight":1,"CFrame":[0.07518432289361954,-0.1290539801120758,-0.044099628925323489,0.9090090394020081,0.03276106342673302,0.4154868423938751,0.12341569364070893,0.9310365915298462,-0.3434230387210846,-0.3980843424797058,0.3634522557258606,0.842277467250824],"EasingStyle":"Linear","EasingDirection":"Out"},"Torso":{"Weight":1,"CFrame":[0.008659780956804753,8.087485525720695e-8,-0.2827339172363281,0.9980973601341248,0.0015553412958979607,0.06163754314184189,0.005218780133873224,0.9939633011817932,-0.1095891073346138,-0.06143590062856674,0.10970226675271988,0.9920640587806702],"EasingStyle":"Linear","EasingDirection":"Out"},"HumanoidRootPart":{"Weight":1,"CFrame":[0,0,0,1,0,0,0,1,0,0,0,1],"EasingStyle":"Linear","EasingDirection":"In"},"Right Leg":{"Weight":1,"CFrame":[0.21776175498962403,0.18808883428573609,0.10092151165008545,0.9672824144363403,0.0206010565161705,-0.2528640627861023,-0.05790933966636658,0.9883142113685608,-0.14100201427936555,0.2470044195652008,0.1510319858789444,0.9571719765663147],"EasingStyle":"Linear","EasingDirection":"Out"}}},{"Time":0.20000000298023225,"poses":{"Left Leg":{"Weight":1,"CFrame":[-0.06166509911417961,0.34377068281173708,0.10633516311645508,0.8782970905303955,0.03125032037496567,0.4770929217338562,-0.024824440479278566,0.999496340751648,-0.01976841874420643,-0.477470338344574,0.005519013851881027,0.878630518913269],"EasingStyle":"Linear","EasingDirection":"Out"},"Right Arm":{"Weight":1,"CFrame":[-0.27346378564834597,-0.312690794467926,0.14763164520263673,0.6585273146629334,-0.4242989122867584,0.6215401291847229,0.4996178150177002,0.8641269207000732,0.06055298075079918,-0.5627821683883667,0.2706567049026489,0.7810385227203369],"EasingStyle":"Linear","EasingDirection":"Out"},"Left Arm":{"Weight":1,"CFrame":[0.25290822982788088,-0.41427406668663027,0.19512057304382325,0.6031901240348816,0.49347031116485598,-0.6266168355941773,-0.616235613822937,0.7871102690696716,0.02666424959897995,0.5063746571540833,0.3700600564479828,0.7788711786270142],"EasingStyle":"Linear","EasingDirection":"Out"},"Head":{"Weight":1,"CFrame":[0.07243084907531738,-0.1320040374994278,-0.04383516311645508,0.9259282946586609,0.0734621062874794,0.3704862594604492,0.11204317957162857,0.88332599401474,-0.4551719129085541,-0.36069801449775698,0.46296700835227969,0.8096656203269959],"EasingStyle":"Linear","EasingDirection":"Out"},"Torso":{"Weight":1,"CFrame":[0.00868481770157814,8.685748298375984e-8,-0.28659868240356448,0.9980521202087402,0.0037567971739917995,0.06227221339941025,0.004394707269966602,0.991471529006958,-0.13024918735027314,-0.06223044916987419,0.1302691549062729,0.9895237684249878],"EasingStyle":"Linear","EasingDirection":"Out"},"HumanoidRootPart":{"Weight":1,"CFrame":[0,0,0,1,0,0,0,1,0,0,0,1],"EasingStyle":"Linear","EasingDirection":"In"},"Right Leg":{"Weight":1,"CFrame":[0.2173176407814026,0.19236838817596436,0.10592484474182129,0.968598484992981,-0.008432487025856972,-0.24848723411560059,-0.030372068285942079,0.9879267811775208,-0.15191534161567689,0.24676823616027833,0.15469203889369965,0.9566482305526733],"EasingStyle":"Linear","EasingDirection":"Out"}}},{"Time":0.21666666865348817,"poses":{"Left Leg":{"Weight":1,"CFrame":[-0.0513262115418911,0.3402421474456787,0.1060492992401123,0.8753342628479004,0.06074415147304535,0.4796874523162842,-0.050854746252298358,0.9981407523155212,-0.033597517758607867,-0.4808364510536194,0.005014664959162474,0.8767959475517273],"EasingStyle":"Linear","EasingDirection":"Out"},"Right Arm":{"Weight":1,"CFrame":[-0.2738310396671295,-0.3110384941101074,0.14085817337036134,0.6628490090370178,-0.42740973830223086,0.6147780418395996,0.49788233637809756,0.864846408367157,0.06445085257291794,-0.5592355132102966,0.2633659243583679,0.7860623598098755],"EasingStyle":"Linear","EasingDirection":"Out"},"Left Arm":{"Weight":1,"CFrame":[0.23842686414718629,-0.411922425031662,0.19676995277404786,0.6037759780883789,0.49087968468666079,-0.628085732460022,-0.616392195224762,0.7871140241622925,0.022633060812950136,0.5054852366447449,0.373481810092926,0.7778149247169495],"EasingStyle":"Linear","EasingDirection":"Out"},"Head":{"Weight":1,"CFrame":[0.06490395218133927,-0.13393132388591767,-0.043073058128356937,0.9498207569122315,0.09125347435474396,0.29918769001960757,0.0936415046453476,0.8296761512756348,-0.5503349900245667,-0.29844892024993899,0.550736129283905,0.7794986367225647],"EasingStyle":"Linear","EasingDirection":"Out"},"Torso":{"Weight":1,"CFrame":[0.008621115237474442,9.264477540682492e-8,-0.2848081588745117,0.9980191588401794,0.00910536665469408,0.06224839389324188,0.0003360311675351113,0.9886848330497742,-0.15000717341899873,-0.06290991604328156,0.14973095059394837,0.9867233633995056],"EasingStyle":"Linear","EasingDirection":"Out"},"HumanoidRootPart":{"Weight":1,"CFrame":[0,0,0,1,0,0,0,1,0,0,0,1],"EasingStyle":"Linear","EasingDirection":"In"},"Right Leg":{"Weight":1,"CFrame":[0.21531303226947785,0.1907820701599121,0.1097259521484375,0.9698257446289063,-0.03871037811040878,-0.2407064288854599,-0.0008835437474772334,0.9867494702339172,-0.1622488647699356,0.24379763007164002,0.15756574273109437,0.9569408297538757],"EasingStyle":"Linear","EasingDirection":"Out"}}},{"Time":0.23333333432674409,"poses":{"Left Leg":{"Weight":1,"CFrame":[-0.0414612777531147,0.3329842686653137,0.10519862174987793,0.8705387115478516,0.080112986266613,0.48553508520126345,-0.06752623617649079,0.9967733025550842,-0.04339604452252388,-0.4874449670314789,0.004991574678570032,0.8731394410133362],"EasingStyle":"Linear","EasingDirection":"Out"},"Right Arm":{"Weight":1,"CFrame":[-0.2741970717906952,-0.3092499375343323,0.1335279941558838,0.6675030589103699,-0.4309108853340149,0.6072523593902588,0.4956635534763336,0.8657305240631104,0.06948646157979965,-0.5556593537330627,0.25461041927337649,0.7914645671844482],"EasingStyle":"Linear","EasingDirection":"Out"},"Left Arm":{"Weight":1,"CFrame":[0.22398360073566438,-0.40942060947418215,0.19852590560913087,0.6044149994850159,0.48836594820022585,-0.6294293403625488,-0.616367518901825,0.7872310280799866,0.018929902464151384,0.5047510266304016,0.37651821970939639,0.7768271565437317],"EasingStyle":"Linear","EasingDirection":"Out"},"Head":{"Weight":1,"CFrame":[0.05370368808507919,-0.13498136401176454,-0.04186201095581055,0.9723204374313355,0.08685597032308579,0.21690776944160462,0.0681634172797203,0.7825127243995667,-0.6188923716545105,-0.22348755598068238,0.6165467500686646,0.7549326419830322],"EasingStyle":"Linear","EasingDirection":"Out"},"Torso":{"Weight":1,"CFrame":[0.008423394523561,9.820863766663024e-8,-0.2797703742980957,0.9979705810546875,0.017602266743779184,0.06119515001773834,-0.007367817685008049,0.9864986538887024,-0.16360358893871308,-0.06324872374534607,0.1628206968307495,0.9846263527870178],"EasingStyle":"Linear","EasingDirection":"Out"},"HumanoidRootPart":{"Weight":1,"CFrame":[0,0,0,1,0,0,0,1,0,0,0,1],"EasingStyle":"Linear","EasingDirection":"In"},"Right Leg":{"Weight":1,"CFrame":[0.21470177173614503,0.1855747103691101,0.11269307136535645,0.9711782336235046,-0.061400797218084338,-0.2303101271390915,0.022113768383860589,0.9852941036224365,-0.16942989826202393,0.23732632398605348,0.1594536453485489,0.9582540392875671],"EasingStyle":"Linear","EasingDirection":"Out"}}},{"Time":0.25,"poses":{"Left Leg":{"Weight":1,"CFrame":[-0.031752943992614749,0.32267075777053835,0.10377287864685059,0.8644847273826599,0.0921451523900032,0.4941410720348358,-0.07726515829563141,0.9957305192947388,-0.05050624907016754,-0.496685266494751,0.005482017993927002,0.8679134249687195],"EasingStyle":"Linear","EasingDirection":"Out"},"Right Arm":{"Weight":1,"CFrame":[-0.27456238865852358,-0.3073672950267792,0.12584495544433595,0.6724254488945007,-0.4345901608467102,0.5991455912590027,0.4930265545845032,0.8667438626289368,0.07536522299051285,-0.552058756351471,0.24471721053123475,0.7970851063728333],"EasingStyle":"Linear","EasingDirection":"Out"},"Left Arm":{"Weight":1,"CFrame":[0.20975573360919953,-0.4067747890949249,0.2003849744796753,0.6050820350646973,0.48596492409706118,-0.6306455135345459,-0.6161378026008606,0.7874826788902283,0.015658698976039888,0.5042320489883423,0.3790898025035858,0.7759130001068115],"EasingStyle":"Linear","EasingDirection":"Out"},"Head":{"Weight":1,"CFrame":[0.0399303212761879,-0.1352992057800293,-0.040250182151794437,0.9883297085762024,0.0683629959821701,0.13612833619117738,0.03805641457438469,0.7544935345649719,-0.6552032232284546,-0.14749962091445924,0.6527373194694519,0.7430866956710815],"EasingStyle":"Linear","EasingDirection":"Out"},"Torso":{"Weight":1,"CFrame":[0.008081736974418164,1.0354396096090568e-7,-0.27198314666748049,0.9978370666503906,0.02869901806116104,0.059140317142009738,-0.018085403367877008,0.9847996234893799,-0.1727501004934311,-0.06319912523031235,0.17130687832832337,0.9831886291503906],"EasingStyle":"Linear","EasingDirection":"Out"},"HumanoidRootPart":{"Weight":1,"CFrame":[0,0,0,1,0,0,0,1,0,0,0,1],"EasingStyle":"Linear","EasingDirection":"In"},"Right Leg":{"Weight":1,"CFrame":[0.21515542268753053,0.17780107259750367,0.11487841606140137,0.9728131890296936,-0.07878886163234711,-0.21777695417404176,0.04073712229728699,0.9839043617248535,-0.17399050295352937,0.22798019647598267,0.16038864850997926,0.9603647589683533],"EasingStyle":"Linear","EasingDirection":"Out"}}},{"Time":0.2666666805744171,"poses":{"Left Leg":{"Weight":1,"CFrame":[-0.021694522351026536,0.3097255229949951,0.1016545295715332,0.8574416637420654,0.09950319677591324,0.504869282245636,-0.08244042098522186,0.9950161576271057,-0.056092552840709689,-0.5079344511032105,0.006474457215517759,0.8613713383674622],"EasingStyle":"Linear","EasingDirection":"Out"},"Right Arm":{"Weight":1,"CFrame":[-0.2749280631542206,-0.3054337501525879,0.1180124282836914,0.6775529980659485,-0.4382438361644745,0.590647280216217,0.49003344774246218,0.8678579926490784,0.08179129660129547,-0.5484424233436585,0.23401890695095063,0.8027739524841309],"EasingStyle":"Linear","EasingDirection":"Out"},"Left Arm":{"Weight":1,"CFrame":[0.19592073559761048,-0.4039902091026306,0.20234334468841554,0.605751097202301,0.4837120771408081,-0.631734311580658,-0.615680992603302,0.7878895998001099,0.01292034238576889,0.503986656665802,0.3811202347278595,0.7750772833824158],"EasingStyle":"Linear","EasingDirection":"Out"},"Head":{"Weight":1,"CFrame":[0.02459731698036194,-0.13523319363594056,-0.038252413272857669,0.997336745262146,0.04308786615729332,0.058845750987529758,0.007516040466725826,0.7418195009231567,-0.6705573797225952,-0.0725458413362503,0.6692139506340027,0.7395200729370117],"EasingStyle":"Linear","EasingDirection":"Out"},"Torso":{"Weight":1,"CFrame":[0.007586222607642412,1.0864572175250942e-7,-0.2619462013244629,0.9975445866584778,0.041850894689559939,0.05615435168147087,-0.03118024952709675,0.983357846736908,-0.1789836883544922,-0.06271044909954071,0.17679330706596375,0.9822481870651245],"EasingStyle":"Linear","EasingDirection":"Out"},"HumanoidRootPart":{"Weight":1,"CFrame":[0,0,0,1,0,0,0,1,0,0,0,1],"EasingStyle":"Linear","EasingDirection":"In"},"Right Leg":{"Weight":1,"CFrame":[0.21615418791770936,0.16831791400909425,0.11633944511413574,0.9745973944664002,-0.09296168386936188,-0.20375977456569673,0.056850600987672809,0.9826743006706238,-0.17640653252601624,0.21662859618663789,0.16034147143363954,0.9629967212677002],"EasingStyle":"Linear","EasingDirection":"Out"}}},{"Time":0.28333333134651186,"poses":{"Left Leg":{"Weight":1,"CFrame":[-0.010871510952711106,0.29446858167648318,0.09872865676879883,0.8495476841926575,0.10469790548086167,0.5170176029205322,-0.08529723435640335,0.9944725632667542,-0.06122642382979393,-0.5205699801445007,0.007914593443274498,0.8537822365760803],"EasingStyle":"Linear","EasingDirection":"Out"},"Right Arm":{"Weight":1,"CFrame":[-0.2752942442893982,-0.30349159240722659,0.11023390293121338,0.6828248500823975,-0.44167882204055788,0.5819536447525024,0.4867415726184845,0.8690547347068787,0.08846725523471832,-0.5448237061500549,0.22285345196723939,0.8083956241607666],"EasingStyle":"Linear","EasingDirection":"Out"},"Left Arm":{"Weight":1,"CFrame":[0.18265590071678163,-0.4010728597640991,0.20439672470092774,0.6063975691795349,0.481640487909317,-0.6326962113380432,-0.614974856376648,0.7884725332260132,0.010812577791512013,0.5040714144706726,0.38253557682037356,0.7743245959281921],"EasingStyle":"Linear","EasingDirection":"Out"},"Head":{"Weight":1,"CFrame":[0.008371850475668908,-0.13492587208747865,-0.03575009107589722,0.9997755289077759,0.014789179898798466,-0.015171495266258717,-0.021150093525648118,0.7389726638793945,-0.673403263092041,0.001252230373211205,0.6735730767250061,0.7391196489334106],"EasingStyle":"Linear","EasingDirection":"Out"},"Torso":{"Weight":1,"CFrame":[0.00692693330347538,1.1350881123917134e-7,-0.25015878677368166,0.9970300197601318,0.056507911533117297,0.052325766533613208,-0.04600684344768524,0.9818963408470154,-0.1837470531463623,-0.06176164001226425,0.18079398572444917,0.9815798401832581],"EasingStyle":"Linear","EasingDirection":"Out"},"HumanoidRootPart":{"Weight":1,"CFrame":[0,0,0,1,0,0,0,1,0,0,0,1],"EasingStyle":"Linear","EasingDirection":"In"},"Right Leg":{"Weight":1,"CFrame":[0.21627119183540345,0.15787768363952638,0.11712777614593506,0.9760061502456665,-0.10603523254394531,-0.1901802271604538,0.07214032858610153,0.981555700302124,-0.17704281210899354,0.2054453343153,0.15907520055770875,0.9656538367271423],"EasingStyle":"Linear","EasingDirection":"Out"}}},{"Time":0.30000001192092898,"poses":{"Left Leg":{"Weight":1,"CFrame":[0.001057356595993042,0.2771749496459961,0.09485781192779541,0.8408995866775513,0.11019399762153626,0.529853880405426,-0.08804486691951752,0.9938631653785706,-0.06696349382400513,-0.5339812636375427,0.00965864211320877,0.8454411625862122],"EasingStyle":"Linear","EasingDirection":"Out"},"Right Arm":{"Weight":1,"CFrame":[-0.2756619453430176,-0.30158358812332156,0.10271322727203369,0.6881804466247559,-0.44471439719200137,0.5732685327529907,0.4832051396369934,0.870327353477478,0.09509465098381043,-0.5412213206291199,0.2115640491247177,0.813830554485321],"EasingStyle":"Linear","EasingDirection":"Out"},"Left Arm":{"Weight":1,"CFrame":[0.17013847827911378,-0.39802849292755129,0.2065427303314209,0.6069958209991455,0.4797823429107666,-0.6335337162017822,-0.6139988899230957,0.7892506122589111,0.009429343044757843,0.5045408606529236,0.3832654356956482,0.7736576199531555],"EasingStyle":"Linear","EasingDirection":"Out"},"Head":{"Weight":1,"CFrame":[-0.00816541537642479,-0.13421237468719483,-0.032588422298431399,0.9963859915733337,-0.014362898655235768,-0.08371811360120774,-0.0452503077685833,0.7443480491638184,-0.6662570834159851,0.07188478857278824,0.6676374077796936,0.7410079836845398],"EasingStyle":"Linear","EasingDirection":"Out"},"Torso":{"Weight":1,"CFrame":[0.006093949545174837,1.1812815614575811e-7,-0.23711919784545899,0.9962536096572876,0.07210784405469895,0.047740638256073,-0.06190985441207886,0.980128288269043,-0.1884562373161316,-0.060381125658750537,0.1847946047782898,0.9809205532073975],"EasingStyle":"Linear","EasingDirection":"Out"},"HumanoidRootPart":{"Weight":1,"CFrame":[0,0,0,1,0,0,0,1,0,0,0,1],"EasingStyle":"Linear","EasingDirection":"In"},"Right Leg":{"Weight":1,"CFrame":[0.2233300656080246,0.16559845209121705,0.12203729152679444,0.9771533012390137,-0.11371397227048874,-0.17955657839775086,0.08164002746343613,0.9808402061462402,-0.1768825501203537,0.19623030722141267,0.15818235278129579,0.9677148461341858],"EasingStyle":"Linear","EasingDirection":"Out"}}},{"Time":0.3166666626930237,"poses":{"Left Leg":{"Weight":1,"CFrame":[0.013503819704055786,0.25863689184188845,0.09001219272613526,0.8318729400634766,0.11433659493923187,0.5430603623390198,-0.08932238072156906,0.993373692035675,-0.07231993973255158,-0.5477307438850403,0.011653545312583447,0.8365735411643982],"EasingStyle":"Linear","EasingDirection":"Out"},"Right Arm":{"Weight":1,"CFrame":[-0.27603158354759219,-0.2997519075870514,0.09565401077270508,0.6935608983039856,-0.4471823275089264,0.5648019313812256,0.4794735014438629,0.8716813325881958,0.10137432813644409,-0.5376601815223694,0.2004982829093933,0.8189762234687805],"EasingStyle