{"Sequence":[{"Time":0,"poses":{"Left Leg":{"Weight":1,"CFrame":[-0.2530183792114258,0.047297537326812747,0.047553420066833499,0.9799244999885559,-0.12120355665683747,0.1582963615655899,0.12462300062179566,0.9921338558197022,-0.011819722130894661,-0.1556185781955719,0.0313098207116127,0.9873209595680237],"EasingStyle":"Linear","EasingDirection":"In"},"Right Arm":{"Weight":1,"CFrame":[0.09794877469539643,-0.10642972588539124,-0.020521342754364015,0.9754393100738525,-0.001633800333365798,0.22026260197162629,-0.0016337154665961862,0.9998914003372192,0.014651837758719921,-0.22026264667510987,-0.014651952311396599,0.9753305315971375],"EasingStyle":"Linear","EasingDirection":"In"},"Left Arm":{"Weight":1,"CFrame":[-0.09794877469539643,-0.10642987489700318,-0.020521223545074464,0.9754392504692078,0.0016338825225830079,-0.22026260197162629,0.0016337441047653556,0.9998913407325745,0.014651726931333542,0.2202625572681427,-0.014651808887720108,0.975330650806427],"EasingStyle":"Linear","EasingDirection":"In"},"Head":{"Weight":1,"CFrame":[8.74227694680485e-8,-1.4901161193847657e-8,-5.960464477539063e-8,1,-4.0227245534651959e-8,8.424795083783465e-8,6.126431628672435e-8,0.9636842608451843,-0.26704469323158266,-7.044594951821637e-8,0.26704469323158266,0.9636842608451843],"EasingStyle":"Linear","EasingDirection":"In"},"Torso":{"Weight":1,"CFrame":[0,-0.05309855937957764,-0.06483030319213867,1,0,-8.742277657347586e-8,-5.802529567944248e-9,0.9977948665618897,-0.06637319922447205,8.722999922383679e-8,0.06637319922447205,0.9977948665618897],"EasingStyle":"Linear","EasingDirection":"In"},"HumanoidRootPart":{"Weight":0,"CFrame":[0,0,0,1,0,0,0,1,0,0,0,1],"EasingStyle":"Linear","EasingDirection":"In"},"Right Leg":{"Weight":1,"CFrame":[0.253013014793396,0.04729628562927246,0.04755234718322754,0.9798957705497742,0.12143648415803909,-0.15829558670520783,-0.12485884130001068,0.9921041131019592,-0.011819439940154553,0.15561048686504365,0.031346362084150317,0.9873210191726685],"EasingStyle":"Linear","EasingDirection":"In"}}},{"Time":0.017083333805203439,"poses":{"Left Leg":{"Weight":1,"CFrame":[-0.2530183792114258,0.047297537326812747,0.047553420066833499,0.9799244999885559,-0.12120355665683747,0.1582963615655899,0.12462300062179566,0.9921338558197022,-0.011819722130894661,-0.1556185781955719,0.0313098207116127,0.9873209595680237],"EasingStyle":"Linear","EasingDirection":"In"},"Right Arm":{"Weight":1,"CFrame":[0.09794877469539643,-0.10642972588539124,-0.020521342754364015,0.9754393100738525,-0.001633800333365798,0.22026260197162629,-0.0016337154665961862,0.9998914003372192,0.014651837758719921,-0.22026264667510987,-0.014651952311396599,0.9753305315971375],"EasingStyle":"Linear","EasingDirection":"In"},"Left Arm":{"Weight":1,"CFrame":[-0.09794877469539643,-0.10642987489700318,-0.020521223545074464,0.9754392504692078,0.0016338825225830079,-0.22026260197162629,0.0016337441047653556,0.9998913407325745,0.014651726931333542,0.2202625572681427,-0.014651808887720108,0.975330650806427],"EasingStyle":"Linear","EasingDirection":"In"},"Head":{"Weight":1,"CFrame":[8.74227694680485e-8,-1.4901161193847657e-8,-5.960464477539063e-8,1,-4.0227245534651959e-8,8.424795083783465e-8,6.126431628672435e-8,0.9636842608451843,-0.26704469323158266,-7.044594951821637e-8,0.26704469323158266,0.9636842608451843],"EasingStyle":"Linear","EasingDirection":"In"},"Torso":{"Weight":1,"CFrame":[0,-0.05309855937957764,-0.06483030319213867,1,0,-8.742277657347586e-8,-5.802529567944248e-9,0.9977948665618897,-0.06637319922447205,8.722999922383679e-8,0.06637319922447205,0.9977948665618897],"EasingStyle":"Linear","EasingDirection":"In"},"HumanoidRootPart":{"Weight":0,"CFrame":[0,0,0,1,0,0,0,1,0,0,0,1],"EasingStyle":"Linear","EasingDirection":"In"},"Right Leg":{"Weight":1,"CFrame":[0.253013014793396,0.04729628562927246,0.04755234718322754,0.9798957705497742,0.12143648415803909,-0.15829558670520783,-0.12485884130001068,0.9921041131019592,-0.011819439940154553,0.15561048686504365,0.031346362084150317,0.9873210191726685],"EasingStyle":"Linear","EasingDirection":"In"}}},{"Time":0.03375000134110451,"poses":{"Left Leg":{"Weight":1,"CFrame":[-0.2530183792114258,0.047297537326812747,0.047553420066833499,0.9799244999885559,-0.12120355665683747,0.1582963615655899,0.12462300062179566,0.9921338558197022,-0.011819722130894661,-0.1556185781955719,0.0313098207116127,0.9873209595680237],"EasingStyle":"Linear","EasingDirection":"In"},"Right Arm":{"Weight":1,"CFrame":[0.09794877469539643,-0.10642972588539124,-0.020521342754364015,0.9754393100738525,-0.001633800333365798,0.22026260197162629,-0.0016337154665961862,0.9998914003372192,0.014651837758719921,-0.22026264667510987,-0.014651952311396599,0.9753305315971375],"EasingStyle":"Linear","EasingDirection":"In"},"Left Arm":{"Weight":1,"CFrame":[-0.09794877469539643,-0.10642987489700318,-0.020521223545074464,0.9754392504692078,0.0016338825225830079,-0.22026260197162629,0.0016337441047653556,0.9998913407325745,0.014651726931333542,0.2202625572681427,-0.014651808887720108,0.975330650806427],"EasingStyle":"Linear","EasingDirection":"In"},"Head":{"Weight":1,"CFrame":[8.74227694680485e-8,-1.4901161193847657e-8,-5.960464477539063e-8,1,-4.0227245534651959e-8,8.424795083783465e-8,6.126431628672435e-8,0.9636842608451843,-0.26704469323158266,-7.044594951821637e-8,0.26704469323158266,0.9636842608451843],"EasingStyle":"Linear","EasingDirection":"In"},"Torso":{"Weight":1,"CFrame":[0,-0.05309855937957764,-0.06483030319213867,1,0,-8.742277657347586e-8,-5.802529567944248e-9,0.9977948665618897,-0.06637319922447205,8.722999922383679e-8,0.06637319922447205,0.9977948665618897],"EasingStyle":"Linear","EasingDirection":"In"},"HumanoidRootPart":{"Weight":0,"CFrame":[0,0,0,1,0,0,0,1,0,0,0,1],"EasingStyle":"Linear","EasingDirection":"In"},"Right Leg":{"Weight":1,"CFrame":[0.253013014793396,0.04729628562927246,0.04755234718322754,0.9798957705497742,0.12143648415803909,-0.15829558670520783,-0.12485884130001068,0.9921041131019592,-0.011819439940154553,0.15561048686504365,0.031346362084150317,0.9873210191726685],"EasingStyle":"Linear","EasingDirection":"In"}}},{"Time":0.050833333283662799,"poses":{"Left Leg":{"Weight":1,"CFrame":[-0.2530183792114258,0.047297537326812747,0.047553420066833499,0.9799244999885559,-0.12120355665683747,0.1582963615655899,0.12462300062179566,0.9921338558197022,-0.011819722130894661,-0.1556185781955719,0.0313098207116127,0.9873209595680237],"EasingStyle":"Linear","EasingDirection":"In"},"Right Arm":{"Weight":1,"CFrame":[0.09794877469539643,-0.10642972588539124,-0.020521342754364015,0.9754393100738525,-0.001633800333365798,0.22026260197162629,-0.0016337154665961862,0.9998914003372192,0.014651837758719921,-0.22026264667510987,-0.014651952311396599,0.9753305315971375],"EasingStyle":"Linear","EasingDirection":"In"},"Left Arm":{"Weight":1,"CFrame":[-0.09794877469539643,-0.10642987489700318,-0.020521223545074464,0.9754392504692078,0.0016338825225830079,-0.22026260197162629,0.0016337441047653556,0.9998913407325745,0.014651726931333542,0.2202625572681427,-0.014651808887720108,0.975330650806427],"EasingStyle":"Linear","EasingDirection":"In"},"Head":{"Weight":1,"CFrame":[8.74227694680485e-8,-1.4901161193847657e-8,-5.960464477539063e-8,1,-4.0227245534651959e-8,8.424795083783465e-8,6.126431628672435e-8,0.9636842608451843,-0.26704469323158266,-7.044594951821637e-8,0.26704469323158266,0.9636842608451843],"EasingStyle":"Linear","EasingDirection":"In"},"Torso":{"Weight":1,"CFrame":[0,-0.05309855937957764,-0.06483030319213867,1,0,-8.742277657347586e-8,-5.802529567944248e-9,0.9977948665618897,-0.06637319922447205,8.722999922383679e-8,0.06637319922447205,0.9977948665618897],"EasingStyle":"Linear","EasingDirection":"In"},"HumanoidRootPart":{"Weight":0,"CFrame":[0,0,0,1,0,0,0,1,0,0,0,1],"EasingStyle":"Linear","EasingDirection":"In"},"Right Leg":{"Weight":1,"CFrame":[0.253013014793396,0.04729628562927246,0.04755234718322754,0.9798957705497742,0.12143648415803909,-0.15829558670520783,-0.12485884130001068,0.9921041131019592,-0.011819439940154553,0.15561048686504365,0.031346362084150317,0.9873210191726685],"EasingStyle":"Linear","EasingDirection":"In"}}},{"Time":0.06791666895151138,"poses":{"Left Leg":{"Weight":1,"CFrame":[0.008838023990392685,0.001196444034576416,0.005017876625061035,0.9865525960922241,-0.03794514387845993,0.15897904336452485,0.03846282884478569,0.9992600679397583,-0.00017975347873289138,-0.15885460376739503,0.006292110774666071,0.9872819185256958],"EasingStyle":"Linear","EasingDirection":"In"},"Right Arm":{"Weight":1,"CFrame":[0.0892966091632843,0.023639380931854249,-0.020521342754364015,0.9754392504692078,-0.0016337595880031586,0.22026270627975465,-0.0016337301349267364,0.9998914003372192,0.014651774428784848,-0.22026275098323823,-0.014651834964752198,0.9753305315971375],"EasingStyle":"Linear","EasingDirection":"In"},"Left Arm":{"Weight":1,"CFrame":[-0.0892966091632843,0.023639202117919923,-0.020521223545074464,0.9754393100738525,0.0016338491113856435,-0.22026266157627107,0.001633749809116125,0.9998914003372192,0.014651634730398655,0.22026269137859345,-0.014651723206043244,0.9753305315971375],"EasingStyle":"Linear","EasingDirection":"In"},"Head":{"Weight":1,"CFrame":[8.742275525719379e-8,1.1641532182693482e-10,1.1920928955078126e-7,1,-7.149634484449052e-8,8.706298615379638e-8,6.331137569759449e-8,0.9958844780921936,0.09063208848237992,-9.318452498519037e-8,-0.09063208848237992,0.9958844780921936],"EasingStyle":"Linear","EasingDirection":"In"},"Torso":{"Weight":1,"CFrame":[0,-0.000808891374617815,-0.0027093887329101564,1,0,-8.742278367890322e-8,-8.83944306639961e-11,0.9999995827674866,-0.0010111145675182343,8.742272683548436e-8,0.0010111145675182343,0.9999995827674866],"EasingStyle":"Linear","EasingDirection":"In"},"HumanoidRootPart":{"Weight":0,"CFrame":[0,0,0,1,0,0,0,1,0,0,0,1],"EasingStyle":"Linear","EasingDirection":"In"},"Right Leg":{"Weight":1,"CFrame":[-0.008846834301948548,0.001196146011352539,0.005016684532165527,0.9865437150001526,0.03817779943346977,-0.15897828340530396,-0.03869853913784027,0.9992510080337524,-0.00017958006355911493,0.15885239839553834,0.006329338066279888,0.9872820973396301],"EasingStyle":"Linear","EasingDirection":"In"}}},{"Time":0.0845833346247673,"poses":{"Left Leg":{"Weight":1,"CFrame":[0.008838023990392685,0.001196444034576416,0.005017876625061035,0.9865525960922241,-0.03794514387845993,0.15897904336452485,0.03846282884478569,0.9992600679397583,-0.00017975347873289138,-0.15885460376739503,0.006292110774666071,0.9872819185256958],"EasingStyle":"Linear","EasingDirection":"In"},"Right Arm":{"Weight":1,"CFrame":[0.0892966091632843,0.023639380931854249,-0.020521342754364015,0.9754392504692078,-0.0016337595880031586,0.22026270627975465,-0.0016337301349267364,0.9998914003372192,0.014651774428784848,-0.22026275098323823,-0.014651834964752198,0.9753305315971375],"EasingStyle":"Linear","EasingDirection":"In"},"Left Arm":{"Weight":1,"CFrame":[-0.0892966091632843,0.023639202117919923,-0.020521223545074464,0.9754393100738525,0.0016338491113856435,-0.22026266157627107,0.001633749809116125,0.9998914003372192,0.014651634730398655,0.22026269137859345,-0.014651723206043244,0.9753305315971375],"EasingStyle":"Linear","EasingDirection":"In"},"Head":{"Weight":1,"CFrame":[8.742275525719379e-8,1.1641532182693482e-10,1.1920928955078126e-7,1,-7.149634484449052e-8,8.706298615379638e-8,6.331137569759449e-8,0.9958844780921936,0.09063208848237992,-9.318452498519037e-8,-0.09063208848237992,0.9958844780921936],"EasingStyle":"Linear","EasingDirection":"In"},"Torso":{"Weight":1,"CFrame":[0,-0.000808891374617815,-0.0027093887329101564,1,0,-8.742278367890322e-8,-8.83944306639961e-11,0.9999995827674866,-0.0010111145675182343,8.742272683548436e-8,0.0010111145675182343,0.9999995827674866],"EasingStyle":"Linear","EasingDirection":"In"},"HumanoidRootPart":{"Weight":0,"CFrame":[0,0,0,1,0,0,0,1,0,0,0,1],"EasingStyle":"Linear","EasingDirection":"In"},"Right Leg":{"Weight":1,"CFrame":[-0.008846834301948548,0.001196146011352539,0.005016684532165527,0.9865437150001526,0.03817779943346977,-0.15897828340530396,-0.03869853913784027,0.9992510080337524,-0.00017958006355911493,0.15885239839553834,0.006329338066279888,0.9872820973396301],"EasingStyle":"Linear","EasingDirection":"In"}}},{"Time":0.10166666656732559,"poses":{"Left Leg":{"Weight":1,"CFrame":[0.008838023990392685,0.001196444034576416,0.005017876625061035,0.9865525960922241,-0.03794514387845993,0.15897904336452485,0.03846282884478569,0.9992600679397583,-0.00017975347873289138,-0.15885460376739503,0.006292110774666071,0.9872819185256958],"EasingStyle":"Linear","EasingDirection":"In"},"Right Arm":{"Weight":1,"CFrame":[0.0892966091632843,0.023639380931854249,-0.020521342754364015,0.9754392504692078,-0.0016337595880031586,0.22026270627975465,-0.0016337301349267364,0.9998914003372192,0.014651774428784848,-0.22026275098323823,-0.014651834964752198,0.9753305315971375],"EasingStyle":"Linear","EasingDirection":"In"},"Left Arm":{"Weight":1,"CFrame":[-0.0892966091632843,0.023639202117919923,-0.020521223545074464,0.9754393100738525,0.0016338491113856435,-0.22026266157627107,0.001633749809116125,0.9998914003372192,0.014651634730398655,0.22026269137859345,-0.014651723206043244,0.9753305315971375],"EasingStyle":"Linear","EasingDirection":"In"},"Head":{"Weight":1,"CFrame":[8.742275525719379e-8,1.1641532182693482e-10,1.1920928955078126e-7,1,-7.149634484449052e-8,8.706298615379638e-8,6.331137569759449e-8,0.9958844780921936,0.09063208848237992,-9.318452498519037e-8,-0.09063208848237992,0.9958844780921936],"EasingStyle":"Linear","EasingDirection":"In"},"Torso":{"Weight":1,"CFrame":[0,-0.000808891374617815,-0.0027093887329101564,1,0,-8.742278367890322e-8,-8.83944306639961e-11,0.9999995827674866,-0.0010111145675182343,8.742272683548436e-8,0.0010111145675182343,0.9999995827674866],"EasingStyle":"Linear","EasingDirection":"In"},"HumanoidRootPart":{"Weight":0,"CFrame":[0,0,0,1,0,0,0,1,0,0,0,1],"EasingStyle":"Linear","EasingDirection":"In"},"Right Leg":{"Weight":1,"CFrame":[-0.008846834301948548,0.001196146011352539,0.005016684532165527,0.9865437150001526,0.03817779943346977,-0.15897828340530396,-0.03869853913784027,0.9992510080337524,-0.00017958006355911493,0.15885239839553834,0.006329338066279888,0.9872820973396301],"EasingStyle":"Linear","EasingDirection":"In"}}},{"Time":0.11874999850988388,"poses":{"Left Leg":{"Weight":1,"CFrame":[0.008838023990392685,0.001196444034576416,0.005017876625061035,0.9865525960922241,-0.03794514387845993,0.15897904336452485,0.03846282884478569,0.9992600679397583,-0.00017975347873289138,-0.15885460376739503,0.006292110774666071,0.9872819185256958],"EasingStyle":"Linear","EasingDirection":"In"},"Right Arm":{"Weight":1,"CFrame":[0.0892966091632843,0.023639380931854249,-0.020521342754364015,0.9754392504692078,-0.0016337595880031586,0.22026270627975465,-0.0016337301349267364,0.9998914003372192,0.014651774428784848,-0.22026275098323823,-0.014651834964752198,0.9753305315971375],"EasingStyle":"Linear","EasingDirection":"In"},"Left Arm":{"Weight":1,"CFrame":[-0.0892966091632843,0.023639202117919923,-0.020521223545074464,0.9754393100738525,0.0016338491113856435,-0.22026266157627107,0.001633749809116125,0.9998914003372192,0.014651634730398655,0.22026269137859345,-0.014651723206043244,0.9753305315971375],"EasingStyle":"Linear","EasingDirection":"In"},"Head":{"Weight":1,"CFrame":[8.742275525719379e-8,1.1641532182693482e-10,1.1920928955078126e-7,1,-7.149634484449052e-8,8.706298615379638e-8,6.331137569759449e-8,0.9958844780921936,0.09063208848237992,-9.318452498519037e-8,-0.09063208848237992,0.9958844780921936],"EasingStyle":"Linear","EasingDirection":"In"},"Torso":{"Weight":1,"CFrame":[0,-0.000808891374617815,-0.0027093887329101564,1,0,-8.742278367890322e-8,-8.83944306639961e-11,0.9999995827674866,-0.0010111145675182343,8.742272683548436e-8,0.0010111145675182343,0.9999995827674866],"EasingStyle":"Linear","EasingDirection":"In"},"HumanoidRootPart":{"Weight":0,"CFrame":[0,0,0,1,0,0,0,1,0,0,0,1],"EasingStyle":"Linear","EasingDirection":"In"},"Right Leg":{"Weight":1,"CFrame":[-0.008846834301948548,0.001196146011352539,0.005016684532165527,0.9865437150001526,0.03817779943346977,-0.15897828340530396,-0.03869853913784027,0.9992510080337524,-0.00017958006355911493,0.15885239839553834,0.006329338066279888,0.9872820973396301],"EasingStyle":"Linear","EasingDirection":"In"}}},{"Time":0.1354166716337204,"poses":{"Left Leg":{"Weight":1,"CFrame":[0.009041823446750641,0.0013183355331420899,0.004985690116882324,0.9859011173248291,-0.05209843069314957,0.15901212394237519,0.05243327096104622,0.9986222386360169,0.002091739559546113,-0.15890204906463624,0.006275302264839411,0.9872744679450989],"EasingStyle":"Linear","EasingDirection":"In"},"Right Arm":{"Weight":1,"CFrame":[0.08955169469118118,0.04531455039978027,-0.020521342754364015,0.9754393100738525,-0.0016337658744305373,0.22026267647743226,-0.00163373036775738,0.9998913407325745,0.014651790261268616,-0.22026270627975465,-0.014651952311396599,0.9753305315971375],"EasingStyle":"Linear","EasingDirection":"In"},"Left Arm":{"Weight":1,"CFrame":[-0.08955169469118118,0.04531437158584595,-0.020521223545074464,0.9754392504692078,0.0016338510904461146,-0.22026264667510987,0.0016337496927008033,0.9998913407325745,0.014651681296527386,0.22026261687278748,-0.014651810750365258,0.9753305315971375],"EasingStyle":"Linear","EasingDirection":"In"},"Head":{"Weight":1,"CFrame":[8.742281210061265e-8,0,1.1920928955078126e-7,1,-7.395142631594354e-8,8.680456886622778e-8,6.312345135484066e-8,0.9929284453392029,0.11871495842933655,-9.496984887391591e-8,-0.11871495842933655,0.9929284453392029],"EasingStyle":"Linear","EasingDirection":"In"},"Torso":{"Weight":1,"CFrame":[0,0.009414121508598328,-0.002764463424682617,1,0,-8.742278367890322e-8,1.0287610763271005e-9,0.9999308586120606,0.011767656542360783,8.741672274936718e-8,-0.011767656542360783,0.9999308586120606],"EasingStyle":"Linear","EasingDirection":"In"},"HumanoidRootPart":{"Weight":0,"CFrame":[0,0,0,1,0,0,0,1,0,0,0,1],"EasingStyle":"Linear","EasingDirection":"In"},"Right Leg":{"Weight":1,"CFrame":[-0.009052333422005177,0.0013181567192077637,0.004984140396118164,0.9858889579772949,0.05232994630932808,-0.15901151299476624,-0.052667826414108279,0.9986099004745483,0.0020918750669807197,0.15889999270439149,0.006312381010502577,0.9872745871543884],"EasingStyle":"Linear","EasingDirection":"In"}}},{"Time":0.1525000035762787,"poses":{"Left Leg":{"Weight":1,"CFrame":[0.009041823446750641,0.0013183355331420899,0.004985690116882324,0.9859011173248291,-0.05209843069314957,0.15901212394237519,0.05243327096104622,0.9986222386360169,0.002091739559546113,-0.15890204906463624,0.006275302264839411,0.9872744679450989],"EasingStyle":"Linear","EasingDirection":"In"},"Right Arm":{"Weight":1,"CFrame":[0.08955169469118118,0.04531455039978027,-0.020521342754364015,0.9754393100738525,-0.0016337658744305373,0.22026267647743226,-0.00163373036775738,0.9998913407325745,0.014651790261268616,-0.22026270627975465,-0.014651952311396599,0.9753305315971375],"EasingStyle":"Linear","EasingDirection":"In"},"Left Arm":{"Weight":1,"CFrame":[-0.08955169469118118,0.04531437158584595,-0.020521223545074464,0.9754392504692078,0.0016338510904461146,-0.22026264667510987,0.0016337496927008033,0.9998913407325745,0.014651681296527386,0.22026261687278748,-0.014651810750365258,0.9753305315971375],"EasingStyle":"Linear","EasingDirection":"In"},"Head":{"Weight":1,"CFrame":[8.742281210061265e-8,0,1.1920928955078126e-7,1,-7.395142631594354e-8,8.680456886622778e-8,6.312345135484066e-8,0.9929284453392029,0.11871495842933655,-9.496984887391591e-8,-0.11871495842933655,0.9929284453392029],"EasingStyle":"Linear","EasingDirection":"In"},"Torso":{"Weight":1,"CFrame":[0,0.009414121508598328,-0.002764463424682617,1,0,-8.742278367890322e-8,1.0287610763271005e-9,0.9999308586120606,0.011767656542360783,8.741672274936718e-8,-0.011767656542360783,0.9999308586120606],"EasingStyle":"Linear","EasingDirection":"In"},"HumanoidRootPart":{"Weight":0,"CFrame":[0,0,0,1,0,0,0,1,0,0,0,1],"EasingStyle":"Linear","EasingDirection":"In"},"Right Leg":{"Weight":1,"CFrame":[-0.009052333422005177,0.0013181567192077637,0.004984140396118164,0.9858889579772949,0.05232994630932808,-0.15901151299476624,-0.052667826414108279,0.9986099004745483,0.0020918750669807197,0.15889999270439149,0.006312381010502577,0.9872745871543884],"EasingStyle":"Linear","EasingDirection":"In"}}},{"Time":0.16958333551883698,"poses":{"Left Leg":{"Weight":1,"CFrame":[0.009041823446750641,0.0013183355331420899,0.004985690116882324,0.9859011173248291,-0.05209843069314957,0.15901212394237519,0.05243327096104622,0.9986222386360169,0.002091739559546113,-0.15890204906463624,0.006275302264839411,0.9872744679450989],"EasingStyle":"Linear","EasingDirection":"In"},"Right Arm":{"Weight":1,"CFrame":[0.08955169469118118,0.04531455039978027,-0.020521342754364015,0.9754393100738525,-0.0016337658744305373,0.22026267647743226,-0.00163373036775738,0.9998913407325745,0.014651790261268616,-0.22026270627975465,-0.014651952311396599,0.9753305315971375],"EasingStyle":"Linear","EasingDirection":"In"},"Left Arm":{"Weight":1,"CFrame":[-0.08955169469118118,0.04531437158584595,-0.020521223545074464,0.9754392504692078,0.0016338510904461146,-0.22026264667510987,0.0016337496927008033,0.9998913407325745,0.014651681296527386,0.22026261687278748,-0.014651810750365258,0.9753305315971375],"EasingStyle":"Linear","EasingDirection":"In"},"Head":{"Weight":1,"CFrame":[8.742281210061265e-8,0,1.1920928955078126e-7,1,-7.395142631594354e-8,8.680456886622778e-8,6.312345135484066e-8,0.9929284453392029,0.11871495842933655,-9.496984887391591e-8,-0.11871495842933655,0.9929284453392029],"EasingStyle":"Linear","EasingDirection":"In"},"Torso":{"Weight":1,"CFrame":[0,0.009414121508598328,-0.002764463424682617,1,0,-8.742278367890322e-8,1.0287610763271005e-9,0.9999308586120606,0.011767656542360783,8.741672274936718e-8,-0.011767656542360783,0.9999308586120606],"EasingStyle":"Linear","EasingDirection":"In"},"HumanoidRootPart":{"Weight":0,"CFrame":[0,0,0,1,0,0,0,1,0,0,0,1],"EasingStyle":"Linear","EasingDirection":"In"},"Right Leg":{"Weight":1,"CFrame":[-0.009052333422005177,0.0013181567192077637,0.004984140396118164,0.9858889579772949,0.05232994630932808,-0.15901151299476624,-0.052667826414108279,0.9986099004745483,0.0020918750669807197,0.15889999270439149,0.006312381010502577,0.9872745871543884],"EasingStyle":"Linear","EasingDirection":"In"}}},{"Time":0.1862500011920929,"poses":{"Left Leg":{"Weight":1,"CFrame":[0.009041823446750641,0.0013183355331420899,0.004985690116882324,0.9859011173248291,-0.05209843069314957,0.15901212394237519,0.05243327096104622,0.9986222386360169,0.002091739559546113,-0.15890204906463624,0.006275302264839411,0.9872744679450989],"EasingStyle":"Linear","EasingDirection":"In"},"Right Arm":{"Weight":1,"CFrame":[0.08955169469118118,0.04531455039978027,-0.020521342754364015,0.9754393100738525,-0.0016337658744305373,0.22026267647743226,-0.00163373036775738,0.9998913407325745,0.014651790261268616,-0.22026270627975465,-0.014651952311396599,0.9753305315971375],"EasingStyle":"Linear","EasingDirection":"In"},"Left Arm":{"Weight":1,"CFrame":[-0.08955169469118118,0.04531437158584595,-0.020521223545074464,0.9754392504692078,0.0016338510904461146,-0.22026264667510987,0.0016337496927008033,0.9998913407325745,0.014651681296527386,0.22026261687278748,-0.014651810750365258,0.9753305315971375],"EasingStyle":"Linear","EasingDirection":"In"},"Head":{"Weight":1,"CFrame":[8.742281210061265e-8,0,1.1920928955078126e-7,1,-7.395142631594354e-8,8.680456886622778e-8,6.312345135484066e-8,0.9929284453392029,0.11871495842933655,-9.496984887391591e-8,-0.11871495842933655,0.9929284453392029],"EasingStyle":"Linear","EasingDirection":"In"},"Torso":{"Weight":1,"CFrame":[0,0.009414121508598328,-0.002764463424682617,1,0,-8.742278367890322e-8,1.0287610763271005e-9,0.9999308586120606,0.011767656542360783,8.741672274936718e-8,-0.011767656542360783,0.9999308586120606],"EasingStyle":"Linear","EasingDirection":"In"},"HumanoidRootPart":{"Weight":0,"CFrame":[0,0,0,1,0,0,0,1,0,0,0,1],"EasingStyle":"Linear","EasingDirection":"In"},"Right Leg":{"Weight":1,"CFrame":[-0.009052333422005177,0.0013181567192077637,0.004984140396118164,0.9858889579772949,0.05232994630932808,-0.15901151299476624,-0.052667826414108279,0.9986099004745483,0.0020918750669807197,0.15889999270439149,0.006312381010502577,0.9872745871543884],"EasingStyle":"Linear","EasingDirection":"In"}}},{"Time":0.20333333313465119,"poses":{"Left Leg":{"Weight":1,"CFrame":[0.009041823446750641,0.0013183355331420899,0.004985690116882324,0.9859011173248291,-0.05209843069314957,0.15901212394237519,0.05243327096104622,0.9986222386360169,0.002091739559546113,-0.15890204906463624,0.006275302264839411,0.9872744679450989],"EasingStyle":"Linear","EasingDirection":"In"},"Right Arm":{"Weight":1,"CFrame":[0.08955169469118118,0.04531455039978027,-0.020521342754364015,0.9754393100738525,-0.0016337658744305373,0.22026267647743226,-0.00163373036775738,0.9998913407325745,0.014651790261268616,-0.22026270627975465,-0.014651952311396599,0.9753305315971375],"EasingStyle":"Linear","EasingDirection":"In"},"Left Arm":{"Weight":1,"CFrame":[-0.08955169469118118,0.04531437158584595,-0.020521223545074464,0.9754392504692078,0.0016338510904461146,-0.22026264667510987,0.0016337496927008033,0.9998913407325745,0.014651681296527386,0.22026261687278748,-0.014651810750365258,0.9753305315971375],"EasingStyle":"Linear","EasingDirection":"In"},"Head":{"Weight":1,"CFrame":[8.742281210061265e-8,0,1.1920928955078126e-7,1,-7.395142631594354e-8,8.680456886622778e-8,6.312345135484066e-8,0.9929284453392029,0.11871495842933655,-9.496984887391591e-8,-0.11871495842933655,0.9929284453392029],"EasingStyle":"Linear","EasingDirection":"In"},"Torso":{"Weight":1,"CFrame":[0,0.009414121508598328,-0.002764463424682617,1,0,-8.742278367890322e-8,1.0287610763271005e-9,0.9999308586120606,0.011767656542360783,8.741672274936718e-8,-0.011767656542360783,0.9999308586120606],"EasingStyle":"Linear","EasingDirection":"In"},"HumanoidRootPart":{"Weight":0,"CFrame":[0,0,0,1,0,0,0,1,0,0,0,1],"EasingStyle":"Linear","EasingDirection":"In"},"Right Leg":{"Weight":1,"CFrame":[-0.009052333422005177,0.0013181567192077637,0.004984140396118164,0.9858889579772949,0.05232994630932808,-0.15901151299476624,-0.052667826414108279,0.9986099004745483,0.0020918750669807197,0.15889999270439149,0.006312381010502577,0.9872745871543884],"EasingStyle":"Linear","EasingDirection":"In"}}},{"Time":0.22041666507720948,"poses":{"Left Leg":{"Weight":1,"CFrame":[0.009041823446750641,0.0013183355331420899,0.004985690116882324,0.9859011173248291,-0.05209843069314957,0.15901212394237519,0.05243327096104622,0.9986222386360169,0.002091739559546113,-0.15890204906463624,0.006275302264839411,0.9872744679450989],"EasingStyle":"Linear","EasingDirection":"In"},"Right Arm":{"Weight":1,"CFrame":[0.08955169469118118,0.04531455039978027,-0.020521342754364015,0.9754393100738525,-0.0016337658744305373,0.22026267647743226,-0.00163373036775738,0.9998913407325745,0.014651790261268616,-0.22026270627975465,-0.014651952311396599,0.9753305315971375],"EasingStyle":"Linear","EasingDirection":"In"},"Left Arm":{"Weight":1,"CFrame":[-0.08955169469118118,0.04531437158584595,-0.020521223545074464,0.9754392504692078,0.0016338510904461146,-0.22026264667510987,0.0016337496927008033,0.9998913407325745,0.014651681296527386,0.22026261687278748,-0.014651810750365258,0.9753305315971375],"EasingStyle":"Linear","EasingDirection":"In"},"Head":{"Weight":1,"CFrame":[8.742281210061265e-8,0,1.1920928955078126e-7,1,-7.395142631594354e-8,8.680456886622778e-8,6.312345135484066e-8,0.9929284453392029,0.11871495842933655,-9.496984887391591e-8,-0.11871495842933655,0.9929284453392029],"EasingStyle":"Linear","EasingDirection":"In"},"Torso":{"Weight":1,"CFrame":[0,0.009414121508598328,-0.002764463424682617,1,0,-8.742278367890322e-8,1.0287610763271005e-9,0.9999308586120606,0.011767656542360783,8.741672274936718e-8,-0.011767656542360783,0.9999308586120606],"EasingStyle":"Linear","EasingDirection":"In"},"HumanoidRootPart":{"Weight":0,"CFrame":[0,0,0,1,0,0,0,1,0,0,0,1],"EasingStyle":"Linear","EasingDirection":"In"},"Right Leg":{"Weight":1,"CFrame":[-0.009052333422005177,0.0013181567192077637,0.004984140396118164,0.9858889579772949,0.05232994630932808,-0.15901151299476624,-0.052667826414108279,0.9986099004745483,0.0020918750669807197,0.15889999270439149,0.006312381010502577,0.9872745871543884],"EasingStyle":"Linear","EasingDirection":"In"}}},{"Time":0.2370833307504654,"poses":{"Left Leg":{"Weight":1,"CFrame":[0.009041823446750641,0.0013183355331420899,0.004985690116882324,0.9859011173248291,-0.05209843069314957,0.15901212394237519,0.05243327096104622,0.9986222386360169,0.002091739559546113,-0.15890204906463624,0.006275302264839411,0.9872744679450989],"EasingStyle":"Linear","EasingDirection":"In"},"Right Arm":{"Weight":1,"CFrame":[0.08955169469118118,0.04531455039978027,-0.020521342754364015,0.9754393100738525,-0.0016337658744305373,0.22026267647743226,-0.00163373036775738,0.9998913407325745,0.014651790261268616,-0.22026270627975465,-0.014651952311396599,0.9753305315971375],"EasingStyle":"Linear","EasingDirection":"In"},"Left Arm":{"Weight":1,"CFrame":[-0.08955169469118118,0.04531437158584595,-0.020521223545074464,0.9754392504692078,0.0016338510904461146,-0.22026264667510987,0.0016337496927008033,0.9998913407325745,0.014651681296527386,0.22026261687278748,-0.014651810750365258,0.9753305315971375],"EasingStyle":"Linear","EasingDirection":"In"},"Head":{"Weight":1,"CFrame":[8.742281210061265e-8,0,1.1920928955078126e-7,1,-7.395142631594354e-8,8.680456886622778e-8,6.312345135484066e-8,0.9929284453392029,0.11871495842933655,-9.496984887391591e-8,-0.11871495842933655,0.9929284453392029],"EasingStyle":"Linear","EasingDirection":"In"},"Torso":{"Weight":1,"CFrame":[0,0.009414121508598328,-0.002764463424682617,1,0,-8.742278367890322e-8,1.0287610763271005e-9,0.9999308586120606,0.011767656542360783,8.741672274936718e-8,-0.011767656542360783,0.9999308586120606],"EasingStyle":"Linear","EasingDirection":"In"},"HumanoidRootPart":{"Weight":0,"CFrame":[0,0,0,1,0,0,0,1,0,0,0,1],"EasingStyle":"Linear","EasingDirection":"In"},"Right Leg":{"Weight":1,"CFrame":[-0.009052333422005177,0.0013181567192077637,0.004984140396118164,0.9858889579772949,0.05232994630932808,-0.15901151299476624,-0.052667826414108279,0.9986099004745483,0.0020918750669807197,0.15889999270439149,0.006312381010502577,0.9872745871543884],"EasingStyle":"Linear","EasingDirection":"In"}}},{"Time":0.2541666626930237,"poses":{"Left Leg":{"Weight":1,"CFrame":[-0.0584406852722168,0.0038498640060424806,0.01584923267364502,0.9830042719841003,-0.09174839407205582,0.1590123027563095,0.09259495139122009,0.9957017302513123,0.0020927288569509985,-0.15852081775665284,0.01266658864915371,0.9872744083404541],"EasingStyle":"Linear","EasingDirection":"In"},"Right Arm":{"Weight":1,"CFrame":[0.08903002738952637,0.0009872913360595704,-0.020521342754364015,0.9754393100738525,-0.0016337658744305373,0.22026267647743226,-0.00163373036775738,0.9998913407325745,0.014651790261268616,-0.22026270627975465,-0.014651952311396599,0.9753305315971375],"EasingStyle":"Linear","EasingDirection":"In"},"Left Arm":{"Weight":1,"CFrame":[-0.08903002738952637,0.0009871125221252442,-0.020521223545074464,0.9754392504692078,0.0016338510904461146,-0.22026264667510987,0.0016337496927008033,0.9998913407325745,0.014651681296527386,0.22026261687278748,-0.014651810750365258,0.9753305315971375],"EasingStyle":"Linear","EasingDirection":"In"},"Head":{"Weight":1,"CFrame":[8.742278367890322e-8,-3.725290298461914e-9,-1.1920928955078126e-7,0.9995642304420471,0.0016807221109047533,-0.029472224414348604,-0.00034732010681182146,0.9989784359931946,0.04518953710794449,0.029518067836761476,-0.045159611850976947,0.9985436201095581],"EasingStyle":"Linear","EasingDirection":"In"},"Torso":{"Weight":1,"CFrame":[0,0.009414121508598328,-0.010432243347167969,1,0,-8.742278367890322e-8,1.0287610763271005e-9,0.9999308586120606,0.011767656542360783,8.741672274936718e-8,-0.011767656542360783,0.9999308586120606],"EasingStyle":"Linear","EasingDirection":"In"},"HumanoidRootPart":{"Weight":0,"CFrame":[0,0,0,1,0,0,0,1,0,0,0,1],"EasingStyle":"Linear","EasingDirection":"In"},"Right Leg":{"Weight":1,"CFrame":[0.058435942977666858,0.0038497447967529299,0.015848517417907716,0.9829824566841126,0.09198258072137833,-0.15901166200637818,-0.09283221513032913,0.9956795573234558,0.0020928638987243177,0.1585172414779663,0.012704145163297654,0.9872744679450989],"EasingStyle":"Linear","EasingDirection":"In"}}},{"Time":0.27125000953674319,"poses":{"Left Leg":{"Weight":1,"CFrame":[-0.0584406852722168,0.0038498640060424806,0.01584923267364502,0.9830042719841003,-0.09174839407205582,0.1590123027563095,0.09259495139122009,0.9957017302513123,0.0020927288569509985,-0.15852081775665284,0.01266658864915371,0.9872744083404541],"EasingStyle":"Linear","EasingDirection":"In"},"Right Arm":{"Weight":1,"CFrame":[0.08903002738952637,0.0009872913360595704,-0.020521342754364015,0.9754393100738525,-0.0016337658744305373,0.22026267647743226,-0.00163373036775738,0.9998913407325745,0.014651790261268616,-0.22026270627975465,-0.014651952311396599,0.9753305315971375],"EasingStyle":"Linear","EasingDirection":"In"},"Left Arm":{"Weight":1,"CFrame":[-0.08903002738952637,0.0009871125221252442,-0.020521223545074464,0.9754392504692078,0.0016338510904461146,-0.22026264667510987,0.0016337496927008033,0.9998913407325745,0.014651681296527386,0.22026261687278748,-0.014651810750365258,0.9753305315971375],"EasingStyle":"Linear","EasingDirection":"In"},"Head":{"Weight":1,"CFrame":[8.742278367890322e-8,-3.725290298461914e-9,-1.1920928955078126e-7,0.9995642304420471,0.0016807221109047533,-0.029472224414348604,-0.00034732010681182146,0.9989784359931946,0.04518953710794449,0.029518067836761476,-0.045159611850976947,0.9985436201095581],"EasingStyle":"Linear","EasingDirection":"In"},"Torso":{"Weight":1,"CFrame":[0,0.009414121508598328,-0.010432243347167969,1,0,-8.742278367890322e-8,1.0287610763271005e-9,0.9999308586120606,0.011767656542360783,8.741672274936718e-8,-0.011767656542360783,0.9999308586120606],"EasingStyle":"Linear","EasingDirection":"In"},"HumanoidRootPart":{"Weight":0,"CFrame":[0,0,0,1,0,0,0,1,0,0,0,1],"EasingStyle":"Linear","EasingDirection":"In"},"Right Leg":{"Weight":1,"CFrame":[0.058435942977666858,0.0038497447967529299,0.015848517417907716,0.9829824566841126,0.09198258072137833,-0.15901166200637818,-0.09283221513032913,0.9956795573234558,0.0020928638987243177,0.1585172414779663,0.012704145163297654,0.9872744679450989],"EasingStyle":"Linear","EasingDirection":"In"}}},{"Time":0.28833332657814028,"poses":{"Left Leg":{"Weight":1,"CFrame":[-0.08571092039346695,-0.004687309265136719,0.043813467025756839,0.9642615914344788,0.0020585907623171808,0.26494401693344118,0.021404823288321496,0.9960960149765015,-0.08564235270023346,-0.264085978269577,0.08825274556875229,0.9604530930519104],"EasingStyle":"Linear","EasingDirection":"In"},"Right Arm":{"Weight":1,"CFrame":[0.09484441578388214,-0.19272664189338685,0.005652427673339844,0.9754393100738525,-0.02544734999537468,0.2187938541173935,-0.001633713487535715,0.9924409985542297,0.12271211296319962,-0.22026273608207704,-0.12005575746297836,0.9680242538452148],"EasingStyle":"Linear","EasingDirection":"In"},"Left Arm":{"Weight":1,"CFrame":[-0.08948711305856705,-0.0907829999923706,-0.023174643516540529,0.972180962562561,0.0016647919546812773,-0.23422542214393617,-0.0070481617003679279,0.9997298717498779,-0.02214885503053665,0.2341252565383911,0.02318347617983818,0.9719300270080566],"EasingStyle":"Linear","EasingDirection":"In"},"Head":{"Weight":1,"CFrame":[1.0058283805847168e-7,-1.862645149230957e-9,-2.384185791015625e-7,0.9667727947235107,0.23884855210781098,-0.09111440926790238,-0.2466607242822647,0.9651837944984436,-0.08705703914165497,0.06714869290590286,0.10663872957229614,0.9920278787612915],"EasingStyle":"Linear","EasingDirection":"In"},"Torso":{"Weight":1,"CFrame":[-0.049596428871154788,-0.11329656839370728,-0.06327557563781738,0.9919097423553467,0.11077727377414704,-0.06199563294649124,-0.1186101958155632,0.9827895164489746,-0.1416206955909729,0.04524030536413193,0.14782826602458955,0.9879778027534485],"EasingStyle":"Linear","EasingDirection":"In"},"HumanoidRootPart":{"Weight":0,"CFrame":[0,0,0,1,0,0,0,1,0,0,0,1],"EasingStyle":"Linear","EasingDirection":"In"},"Right Leg":{"Weight":1,"CFrame":[0.3240078389644623,0.12543094158172608,0.011307120323181153,0.9988364577293396,0.009110176004469395,-0.04735804721713066,-0.007215052843093872,0.9991723299026489,0.04003509506583214,0.047683652490377429,-0.03964681923389435,0.9980753660202026],"EasingStyle":"Linear","EasingDirection":"In"}}},{"Time":0.3050000071525574,"poses":{"Left Leg":{"Weight":1,"CFrame":[-0.08571092039346695,-0.004687309265136719,0.043813467025756839,0.9642615914344788,0.0020585907623171808,0.26494401693344118,0.021404823288321496,0.9960960149765015,-0.08564235270023346,-0.264085978269577,0.08825274556875229,0.9604530930519104],"EasingStyle":"Linear","EasingDirection":"In"},"Right Arm":{"Weight":1,"CFrame":[0.09484441578388214,-0.19272664189338685,0.005652427673339844,0.9754393100738525,-0.02544734999537468,0.2187938541173935,-0.001633713487535715,0.9924409985542297,0.12271211296319962,-0.22026273608207704,-0.12005575746297836,0.9680242538452148],"EasingStyle":"Linear","EasingDirection":"In"},"Left Arm":{"Weight":1,"CFrame":[-0.08948711305856705,-0.0907829999923706,-0.023174643516540529,0.972180962562561,0.0016647919546812773,-0.23422542214393617,-0.0070481617003679279,0.9997298717498779,-0.02214885503053665,0.2341252565383911,0.02318347617983818,0.9719300270080566],"EasingStyle":"Linear","EasingDirection":"In"},"Head":{"Weight":1,"CFrame":[1.0058283805847168e-7,-1.862645149230957e-9,-2.384185791015625e-7,0.9667727947235107,0.23884855210781098,-0.09111440926790238,-0.2466607242822647,0.9651837944984436,-0.08705703914165497,0.06714869290590286,0.10663872957229614,0.9920278787612915],"EasingStyle":"Linear","EasingDirection":"In"},"Torso":{"Weight":1,"CFrame":[-0.049596428871154788,-0.11329656839370728,-0.06327557563781738,0.9919097423553467,0.11077727377414704,-0.06199563294649124,-0.1186101958155632,0.9827895164489746,-0.1416206955909729,0.04524030536413193,0.14782826602458955,0.9879778027534485],"EasingStyle":"Linear","EasingDirection":"In"},"HumanoidRootPart":{"Weight":0,"CFrame":[0,0,0,1,0,0,0,1,0,0,0,1],"EasingStyle":"Linear","EasingDirection":"In"},"Right Leg":{"Weight":1,"CFrame":[0.3240078389644623,0.12543094158172608,0.011307120323181153,0.9988364577293396,0.009110176004469395,-0.04735804721713066,-0.007215052843093872,0.9991723299026489,0.04003509506583214,0.047683652490377429,-0.03964681923389435,0.9980753660202026],"EasingStyle":"Linear","EasingDirection":"In"}}},{"Time":0.32208332419395449,"poses":{"Left Leg":{"Weight":1,"CFrame":[-0.08571092039346695,-0.004687309265136719,0.043813467025756839,0.9642615914344788,0.0020585907623171808,0.26494401693344118,0.021404823288321496,0.9960960149765015,-0.08564235270023346,-0.264085978269577,0.08825274556875229,0.9604530930519104],"EasingStyle":"Linear","EasingDirection":"In"},"Right Arm":{"Weight":1,"CFrame":[0.09484441578388214,-0.19272664189338685,0.005652427673339844,0.9754393100738525,-0.02544734999537468,0.2187938541173935,-0.001633713487535715,0.9924409985542297,0.12271211296319962,-0.22026273608207704,-0.12005575746297836,0.9680242538452148],"EasingStyle":"Linear","EasingDirection":"In"},"Left Arm":{"Weight":1,"CFrame":[-0.08948711305856705,-0.0907829999923706,-0.023174643516540529,0.972180962562561,0.0016647919546812773,-0.23422542214393617,-0.0070481617003679279,0.9997298717498779,-0.02214885503053665,0.2341252565383911,0.02318347617983818,0.9719300270080566],"EasingStyle":"Linear","EasingDirection":"In"},"Head":{"Weight":1,"CFrame":[1.0058283805847168e-7,-1.862645149230957e-9,-2.384185791015625e-7,0.9667727947235107,0