{"Sequence":[{"Time":0,"poses":{"Left Leg":{"Weight":1,"CFrame":[-0.6349669098854065,0.18496990203857423,-0.20350801944732667,0.9293113946914673,-0.2388797104358673,-0.2816324234008789,0.31196916103363039,0.9159144759178162,0.2525388300418854,0.19762475788593293,-0.3225477933883667,0.9256929159164429],"EasingStyle":"Constant","EasingDirection":"In"},"Right Arm":{"Weight":1,"CFrame":[0.3346499502658844,-0.14089256525039674,-0.1978883147239685,-0.34333336353302,-0.1501452624797821,0.9271345734596252,0.9388037919998169,-0.08401976525783539,0.3340480625629425,0.027741963043808938,0.9850873947143555,0.16980361938476563],"EasingStyle":"Constant","EasingDirection":"In"},"Head":{"Weight":1,"CFrame":[8.777715265750885e-8,-1.5133991837501526e-9,1.1920928955078126e-7,0.999904990196228,-0.0005036060465499759,-0.013783793896436692,0.0005082962452434003,0.9999998211860657,0.0003367410390637815,0.013783624395728112,-0.00034371204674243927,0.9999049305915833],"EasingStyle":"Constant","EasingDirection":"In"},"Right Leg":{"Weight":1,"CFrame":[0.556659460067749,0.15056413412094117,-0.11527526378631592,0.9524073004722595,0.24652668833732606,0.1792905181646347,-0.27977117896080019,0.9404633045196533,0.19302056729793549,-0.12103137373924256,-0.2339944988489151,0.9646751284599304],"EasingStyle":"Constant","EasingDirection":"In"},"Torso":{"Weight":1,"CFrame":[0.03799939900636673,-0.029332339763641359,-0.17883658409118653,0.9993370175361633,-0.023652613162994386,0.027682239189743997,0.024660848081111909,0.9990232586860657,-0.03666548430919647,-0.02678797021508217,0.037323836237192157,0.998944103717804],"EasingStyle":"Constant","EasingDirection":"In"},"HumanoidRootPart":{"Weight":0,"CFrame":[0,0,0,1,0,0,0,1,0,0,0,1],"EasingStyle":"Linear","EasingDirection":"In"},"Left Arm":{"Weight":1,"CFrame":[-0.6824346780776978,-0.6283488273620606,-0.17180877923965455,-0.31034502387046816,-0.04612651839852333,-0.9495043158531189,-0.9377662539482117,0.17857740819454194,0.29783326387405398,0.15582206845283509,0.9828440546989441,-0.0986766591668129],"EasingStyle":"Constant","EasingDirection":"In"}}},{"Time":0.0416666679084301,"poses":{"Left Leg":{"Weight":1,"CFrame":[-0.6349669098854065,0.18496990203857423,-0.20350801944732667,0.9293113946914673,-0.2388797104358673,-0.2816324234008789,0.31196916103363039,0.9159144759178162,0.2525388300418854,0.19762475788593293,-0.3225477933883667,0.9256929159164429],"EasingStyle":"Constant","EasingDirection":"In"},"Right Arm":{"Weight":1,"CFrame":[0.3346499502658844,-0.14089256525039674,-0.1978883147239685,-0.34333336353302,-0.1501452624797821,0.9271345734596252,0.9388037919998169,-0.08401976525783539,0.3340480625629425,0.027741963043808938,0.9850873947143555,0.16980361938476563],"EasingStyle":"Constant","EasingDirection":"In"},"Head":{"Weight":1,"CFrame":[8.777715265750885e-8,-1.5133991837501526e-9,1.1920928955078126e-7,0.999904990196228,-0.0005036060465499759,-0.013783793896436692,0.0005082962452434003,0.9999998211860657,0.0003367410390637815,0.013783624395728112,-0.00034371204674243927,0.9999049305915833],"EasingStyle":"Constant","EasingDirection":"In"},"Right Leg":{"Weight":1,"CFrame":[0.556659460067749,0.15056413412094117,-0.11527526378631592,0.9524073004722595,0.24652668833732606,0.1792905181646347,-0.27977117896080019,0.9404633045196533,0.19302056729793549,-0.12103137373924256,-0.2339944988489151,0.9646751284599304],"EasingStyle":"Constant","EasingDirection":"In"},"Torso":{"Weight":1,"CFrame":[0.03799939900636673,-0.029332339763641359,-0.17883658409118653,0.9993370175361633,-0.023652613162994386,0.027682239189743997,0.024660848081111909,0.9990232586860657,-0.03666548430919647,-0.02678797021508217,0.037323836237192157,0.998944103717804],"EasingStyle":"Constant","EasingDirection":"In"},"HumanoidRootPart":{"Weight":0,"CFrame":[0,0,0,1,0,0,0,1,0,0,0,1],"EasingStyle":"Linear","EasingDirection":"In"},"Left Arm":{"Weight":1,"CFrame":[-0.6824346780776978,-0.6283488273620606,-0.17180877923965455,-0.31034502387046816,-0.04612651839852333,-0.9495043158531189,-0.9377662539482117,0.17857740819454194,0.29783326387405398,0.15582206845283509,0.9828440546989441,-0.0986766591668129],"EasingStyle":"Constant","EasingDirection":"In"}}},{"Time":0.0833333358168602,"poses":{"Left Leg":{"Weight":1,"CFrame":[-0.4400780200958252,-0.11512482166290283,-0.0057648420333862309,0.9181055426597595,-0.39609748125076296,0.01374906674027443,0.3961907923221588,0.9162777662277222,-0.05888943374156952,0.010727942921221257,0.05951392650604248,0.9981698989868164],"EasingStyle":"Constant","EasingDirection":"In"},"Right Arm":{"Weight":1,"CFrame":[0.28978002071380618,-0.2495473325252533,0.22127306461334229,0.4476005733013153,-0.7926264405250549,-0.41400110721588137,0.8537414073944092,0.2410394549369812,0.4615470767021179,-0.26604387164115908,-0.5600386261940002,0.7845873832702637],"EasingStyle":"Constant","EasingDirection":"In"},"Head":{"Weight":1,"CFrame":[7.82310962677002e-8,-7.450580596923828e-9,2.384185791015625e-7,0.9411562085151672,-0.30692797899246218,0.1414932757616043,0.31614255905151369,0.9475228190422058,-0.04748135805130005,-0.1194947361946106,0.08941943198442459,0.9887998700141907],"EasingStyle":"Constant","EasingDirection":"In"},"Right Leg":{"Weight":1,"CFrame":[0.5020984411239624,0.24641692638397218,-0.28205400705337527,0.90655517578125,0.015188101679086686,0.4218141436576843,-0.24724358320236207,0.8290650248527527,0.501519501209259,-0.3420941233634949,-0.5589459538459778,0.7553484439849854],"EasingStyle":"Constant","EasingDirection":"In"},"Torso":{"Weight":1,"CFrame":[0.5736074447631836,0.04953776299953461,-0.1358046531677246,0.9518744349479675,0.2779153287410736,-0.12922146916389466,-0.27197223901748659,0.9603107571601868,0.06192220002412796,0.14130190014839173,-0.02379751019179821,0.9896804690361023],"EasingStyle":"Constant","EasingDirection":"In"},"HumanoidRootPart":{"Weight":0,"CFrame":[0,0,0,1,0,0,0,1,0,0,0,1],"EasingStyle":"Linear","EasingDirection":"In"},"Left Arm":{"Weight":1,"CFrame":[-0.19827021658420564,0.31466352939605715,0.49383997917175295,0.5041893124580383,0.1969919055700302,0.8408253788948059,-0.7650439739227295,-0.3497903645038605,0.5406982898712158,0.40062588453292849,-0.9158825874328613,-0.02565295249223709],"EasingStyle":"Constant","EasingDirection":"In"}}},{"Time":0.125,"poses":{"Left Leg":{"Weight":1,"CFrame":[-0.4400780200958252,-0.11512482166290283,-0.0057648420333862309,0.9181055426597595,-0.39609748125076296,0.01374906674027443,0.3961907923221588,0.9162777662277222,-0.05888943374156952,0.010727942921221257,0.05951392650604248,0.9981698989868164],"EasingStyle":"Constant","EasingDirection":"In"},"Right Arm":{"Weight":1,"CFrame":[0.28978002071380618,-0.2495473325252533,0.22127306461334229,0.4476005733013153,-0.7926264405250549,-0.41400110721588137,0.8537414073944092,0.2410394549369812,0.4615470767021179,-0.26604387164115908,-0.5600386261940002,0.7845873832702637],"EasingStyle":"Constant","EasingDirection":"In"},"Head":{"Weight":1,"CFrame":[7.82310962677002e-8,-7.450580596923828e-9,2.384185791015625e-7,0.9411562085151672,-0.30692797899246218,0.1414932757616043,0.31614255905151369,0.9475228190422058,-0.04748135805130005,-0.1194947361946106,0.08941943198442459,0.9887998700141907],"EasingStyle":"Constant","EasingDirection":"In"},"Right Leg":{"Weight":1,"CFrame":[0.5020984411239624,0.24641692638397218,-0.28205400705337527,0.90655517578125,0.015188101679086686,0.4218141436576843,-0.24724358320236207,0.8290650248527527,0.501519501209259,-0.3420941233634949,-0.5589459538459778,0.7553484439849854],"EasingStyle":"Constant","EasingDirection":"In"},"Torso":{"Weight":1,"CFrame":[0.5736074447631836,0.04953776299953461,-0.1358046531677246,0.9518744349479675,0.2779153287410736,-0.12922146916389466,-0.27197223901748659,0.9603107571601868,0.06192220002412796,0.14130190014839173,-0.02379751019179821,0.9896804690361023],"EasingStyle":"Constant","EasingDirection":"In"},"HumanoidRootPart":{"Weight":0,"CFrame":[0,0,0,1,0,0,0,1,0,0,0,1],"EasingStyle":"Linear","EasingDirection":"In"},"Left Arm":{"Weight":1,"CFrame":[-0.19827021658420564,0.31466352939605715,0.49383997917175295,0.5041893124580383,0.1969919055700302,0.8408253788948059,-0.7650439739227295,-0.3497903645038605,0.5406982898712158,0.40062588453292849,-0.9158825874328613,-0.02565295249223709],"EasingStyle":"Constant","EasingDirection":"In"}}},{"Time":0.1666666716337204,"poses":{"Left Leg":{"Weight":1,"CFrame":[-0.3309081494808197,-0.14508295059204102,-0.00041854381561279297,0.944858729839325,-0.32459545135498049,0.04335901141166687,0.3274698853492737,0.9374797344207764,-0.11787846684455872,-0.002385416068136692,0.12557728588581086,0.9920809864997864],"EasingStyle":"Constant","EasingDirection":"In"},"Right Arm":{"Weight":1,"CFrame":[0.2975614070892334,-0.2593320310115814,0.2509760856628418,0.5613282322883606,-0.6648010611534119,-0.49289974570274355,0.8000643849372864,0.28357750177383425,0.5286595225334168,-0.21167820692062379,-0.6911031007766724,0.691063642501831],"EasingStyle":"Constant","EasingDirection":"In"},"Head":{"Weight":1,"CFrame":[1.471489667892456e-7,-7.450580596923828e-9,1.1920928955078126e-7,0.951426088809967,-0.27563902735710146,0.13715504109859467,0.2857687473297119,0.956401526927948,-0.060270074754953387,-0.11456248909235,0.09653714299201966,0.9887143969535828],"EasingStyle":"Constant","EasingDirection":"In"},"Right Leg":{"Weight":1,"CFrame":[0.3766023814678192,0.23297488689422608,-0.23065149784088136,0.8788828253746033,-0.08862757682800293,0.46873247623443606,-0.20561648905277253,0.8162484169006348,0.5398706197738648,-0.43044957518577578,-0.5708621740341187,0.6991634368896484],"EasingStyle":"Constant","EasingDirection":"In"},"Torso":{"Weight":1,"CFrame":[0.662007212638855,0.0495377779006958,-0.09561777114868164,0.9496893882751465,0.2782357633113861,-0.1437879204750061,-0.2719721794128418,0.9603108763694763,0.06192219257354736,0.15531004965305329,-0.019700536504387857,0.9876693487167358],"EasingStyle":"Constant","EasingDirection":"In"},"HumanoidRootPart":{"Weight":0,"CFrame":[0,0,0,1,0,0,0,1,0,0,0,1],"EasingStyle":"Linear","EasingDirection":"In"},"Left Arm":{"Weight":1,"CFrame":[-0.1876772791147232,0.28101348876953127,0.5235809087753296,0.5372226238250732,0.1462041139602661,0.8306721448898315,-0.7760366201400757,-0.300108402967453,0.5547091364860535,0.3303924798965454,-0.9426342248916626,-0.047765232622623447],"EasingStyle":"Constant","EasingDirection":"In"}}},{"Time":0.2083333283662796,"poses":{"Left Leg":{"Weight":1,"CFrame":[-0.3309081494808197,-0.14508295059204102,-0.00041854381561279297,0.944858729839325,-0.32459545135498049,0.04335901141166687,0.3274698853492737,0.9374797344207764,-0.11787846684455872,-0.002385416068136692,0.12557728588581086,0.9920809864997864],"EasingStyle":"Constant","EasingDirection":"In"},"Right Arm":{"Weight":1,"CFrame":[0.2975614070892334,-0.2593320310115814,0.2509760856628418,0.5613282322883606,-0.6648010611534119,-0.49289974570274355,0.8000643849372864,0.28357750177383425,0.5286595225334168,-0.21167820692062379,-0.6911031007766724,0.691063642501831],"EasingStyle":"Constant","EasingDirection":"In"},"Head":{"Weight":1,"CFrame":[1.471489667892456e-7,-7.450580596923828e-9,1.1920928955078126e-7,0.951426088809967,-0.27563902735710146,0.13715504109859467,0.2857687473297119,0.956401526927948,-0.060270074754953387,-0.11456248909235,0.09653714299201966,0.9887143969535828],"EasingStyle":"Constant","EasingDirection":"In"},"Right Leg":{"Weight":1,"CFrame":[0.3766023814678192,0.23297488689422608,-0.23065149784088136,0.8788828253746033,-0.08862757682800293,0.46873247623443606,-0.20561648905277253,0.8162484169006348,0.5398706197738648,-0.43044957518577578,-0.5708621740341187,0.6991634368896484],"EasingStyle":"Constant","EasingDirection":"In"},"Torso":{"Weight":1,"CFrame":[0.662007212638855,0.0495377779006958,-0.09561777114868164,0.9496893882751465,0.2782357633113861,-0.1437879204750061,-0.2719721794128418,0.9603108763694763,0.06192219257354736,0.15531004965305329,-0.019700536504387857,0.9876693487167358],"EasingStyle":"Constant","EasingDirection":"In"},"HumanoidRootPart":{"Weight":0,"CFrame":[0,0,0,1,0,0,0,1,0,0,0,1],"EasingStyle":"Linear","EasingDirection":"In"},"Left Arm":{"Weight":1,"CFrame":[-0.1876772791147232,0.28101348876953127,0.5235809087753296,0.5372226238250732,0.1462041139602661,0.8306721448898315,-0.7760366201400757,-0.300108402967453,0.5547091364860535,0.3303924798965454,-0.9426342248916626,-0.047765232622623447],"EasingStyle":"Constant","EasingDirection":"In"}}},{"Time":0.25,"poses":{"Left Leg":{"Weight":1,"CFrame":[-0.3309081494808197,-0.14508295059204102,-0.00041854381561279297,0.944858729839325,-0.32459545135498049,0.04335901141166687,0.3274698853492737,0.9374797344207764,-0.11787846684455872,-0.002385416068136692,0.12557728588581086,0.9920809864997864],"EasingStyle":"Constant","EasingDirection":"In"},"Right Arm":{"Weight":1,"CFrame":[0.2975614070892334,-0.2593320310115814,0.2509760856628418,0.5613282322883606,-0.6648010611534119,-0.49289974570274355,0.8000643849372864,0.28357750177383425,0.5286595225334168,-0.21167820692062379,-0.6911031007766724,0.691063642501831],"EasingStyle":"Constant","EasingDirection":"In"},"Head":{"Weight":1,"CFrame":[1.471489667892456e-7,-7.450580596923828e-9,1.1920928955078126e-7,0.951426088809967,-0.27563902735710146,0.13715504109859467,0.2857687473297119,0.956401526927948,-0.060270074754953387,-0.11456248909235,0.09653714299201966,0.9887143969535828],"EasingStyle":"Constant","EasingDirection":"In"},"Right Leg":{"Weight":1,"CFrame":[0.3766023814678192,0.23297488689422608,-0.23065149784088136,0.8788828253746033,-0.08862757682800293,0.46873247623443606,-0.20561648905277253,0.8162484169006348,0.5398706197738648,-0.43044957518577578,-0.5708621740341187,0.6991634368896484],"EasingStyle":"Constant","EasingDirection":"In"},"Torso":{"Weight":1,"CFrame":[0.662007212638855,0.0495377779006958,-0.09561777114868164,0.9496893882751465,0.2782357633113861,-0.1437879204750061,-0.2719721794128418,0.9603108763694763,0.06192219257354736,0.15531004965305329,-0.019700536504387857,0.9876693487167358],"EasingStyle":"Constant","EasingDirection":"In"},"HumanoidRootPart":{"Weight":0,"CFrame":[0,0,0,1,0,0,0,1,0,0,0,1],"EasingStyle":"Linear","EasingDirection":"In"},"Left Arm":{"Weight":1,"CFrame":[-0.1876772791147232,0.28101348876953127,0.5235809087753296,0.5372226238250732,0.1462041139602661,0.8306721448898315,-0.7760366201400757,-0.300108402967453,0.5547091364860535,0.3303924798965454,-0.9426342248916626,-0.047765232622623447],"EasingStyle":"Constant","EasingDirection":"In"}}},{"Time":0.2916666567325592,"poses":{"Left Leg":{"Weight":1,"CFrame":[-0.482456773519516,0.0267677903175354,0.019383788108825685,0.903662919998169,-0.42631688714027407,0.040586743503808978,0.4232463240623474,0.9035334587097168,0.06700655072927475,-0.06523752212524414,-0.04337308928370476,0.9969267845153809],"EasingStyle":"Constant","EasingDirection":"In"},"Right Arm":{"Weight":1,"CFrame":[0.25147539377212527,-0.4503021240234375,0.11315274238586426,0.42424410581588747,-0.8821933269500732,-0.20433250069618226,0.833738386631012,0.2924654483795166,0.46834227442741396,-0.3534082770347595,-0.369051456451416,0.8595951795578003],"EasingStyle":"Constant","EasingDirection":"In"},"Head":{"Weight":1,"CFrame":[8.288770914077759e-8,0,3.5762786865234377e-7,0.9539806842803955,-0.29482755064964297,0.05475033447146416,0.29603269696235659,0.9550568461418152,-0.015203703194856644,-0.047807205468416217,0.030711930245161058,0.9983843564987183],"EasingStyle":"Constant","EasingDirection":"In"},"Right Leg":{"Weight":1,"CFrame":[0.6851921081542969,0.22899407148361207,-0.4218098521232605,0.8655874133110046,0.09470375627279282,0.4917210638523102,-0.33255642652511599,0.8428608775138855,0.4230741560459137,-0.37438568472862246,-0.5297326445579529,0.7610642313957214],"EasingStyle":"Constant","EasingDirection":"In"},"Torso":{"Weight":1,"CFrame":[0.47114449739456179,0.02267475798726082,-0.2106332778930664,0.9565052390098572,0.2827915847301483,-0.07160098105669022,-0.2814536392688751,0.9591561555862427,0.02834341861307621,0.07669179886579514,-0.006958275567740202,0.9970305562019348],"EasingStyle":"Constant","EasingDirection":"In"},"HumanoidRootPart":{"Weight":0,"CFrame":[0,0,0,1,0,0,0,1,0,0,0,1],"EasingStyle":"Linear","EasingDirection":"In"},"Left Arm":{"Weight":1,"CFrame":[-0.21618899703025819,-0.005821794271469116,0.39753150939941409,-0.2630915641784668,0.4525936245918274,0.852022111415863,-0.7924251556396484,-0.6051213145256043,0.07675120234489441,0.5503138303756714,-0.6549711227416992,0.5178489089012146],"EasingStyle":"Constant","EasingDirection":"In"}}},{"Time":0.3333333432674408,"poses":{"Left Leg":{"Weight":1,"CFrame":[-0.482456773519516,0.0267677903175354,0.019383788108825685,0.903662919998169,-0.42631688714027407,0.040586743503808978,0.4232463240623474,0.9035334587097168,0.06700655072927475,-0.06523752212524414,-0.04337308928370476,0.9969267845153809],"EasingStyle":"Constant","EasingDirection":"In"},"Right Arm":{"Weight":1,"CFrame":[0.25147539377212527,-0.4503021240234375,0.11315274238586426,0.42424410581588747,-0.8821933269500732,-0.20433250069618226,0.833738386631012,0.2924654483795166,0.46834227442741396,-0.3534082770347595,-0.369051456451416,0.8595951795578003],"EasingStyle":"Constant","EasingDirection":"In"},"Head":{"Weight":1,"CFrame":[8.288770914077759e-8,0,3.5762786865234377e-7,0.9539806842803955,-0.29482755064964297,0.05475033447146416,0.29603269696235659,0.9550568461418152,-0.015203703194856644,-0.047807205468416217,0.030711930245161058,0.9983843564987183],"EasingStyle":"Constant","EasingDirection":"In"},"Right Leg":{"Weight":1,"CFrame":[0.6851921081542969,0.22899407148361207,-0.4218098521232605,0.8655874133110046,0.09470375627279282,0.4917210638523102,-0.33255642652511599,0.8428608775138855,0.4230741560459137,-0.37438568472862246,-0.5297326445579529,0.7610642313957214],"EasingStyle":"Constant","EasingDirection":"In"},"Torso":{"Weight":1,"CFrame":[0.47114449739456179,0.02267475798726082,-0.2106332778930664,0.9565052390098572,0.2827915847301483,-0.07160098105669022,-0.2814536392688751,0.9591561555862427,0.02834341861307621,0.07669179886579514,-0.006958275567740202,0.9970305562019348],"EasingStyle":"Constant","EasingDirection":"In"},"HumanoidRootPart":{"Weight":0,"CFrame":[0,0,0,1,0,0,0,1,0,0,0,1],"EasingStyle":"Linear","EasingDirection":"In"},"Left Arm":{"Weight":1,"CFrame":[-0.21618899703025819,-0.005821794271469116,0.39753150939941409,-0.2630915641784668,0.4525936245918274,0.852022111415863,-0.7924251556396484,-0.6051213145256043,0.07675120234489441,0.5503138303756714,-0.6549711227416992,0.5178489089012146],"EasingStyle":"Constant","EasingDirection":"In"}}},{"Time":0.375,"poses":{"Left Leg":{"Weight":1,"CFrame":[-0.5566592216491699,0.1505640745162964,-0.11527514457702637,0.9524668455123901,-0.2462967485189438,-0.17928989231586457,0.2795439064502716,0.9405309557914734,0.19302046298980714,0.12108735740184784,-0.2339649647474289,0.96467524766922],"EasingStyle":"Constant","EasingDirection":"In"},"Right Arm":{"Weight":1,"CFrame":[0.6824346780776978,-0.6283486485481262,-0.17180877923965455,-0.3103450536727905,0.04612657055258751,0.9495041966438294,0.9377661347389221,0.17857769131660462,0.29783326387405398,-0.15582215785980225,0.9828439950942993,-0.09867671132087708],"EasingStyle":"Constant","EasingDirection":"In"},"Head":{"Weight":1,"CFrame":[8.021015673875809e-8,-8.96397978067398e-9,2.384185791015625e-7,0.9999048709869385,0.0005034803180024028,0.013783968985080719,-0.0005081694107502699,0.9999998211860657,0.00033673731377348304,-0.013783796690404415,-0.0003437090781517327,0.9999049305915833],"EasingStyle":"Constant","EasingDirection":"In"},"Right Leg":{"Weight":1,"CFrame":[0.6349671483039856,0.1849697232246399,-0.20350825786590577,0.9292535781860352,0.23910394310951234,0.2816329896450043,-0.312190443277359,0.9158391356468201,0.2525388300418854,-0.19754737615585328,-0.3225957155227661,0.9256926774978638],"EasingStyle":"Constant","EasingDirection":"In"},"Torso":{"Weight":1,"CFrame":[-0.03799939900636673,-0.029332339763641359,-0.17883658409118653,0.9993370175361633,0.023652613162994386,-0.027682414278388025,-0.024660855531692506,0.9990232586860657,-0.036665476858615878,0.026788145303726198,0.037323836237192157,0.998944103717804],"EasingStyle":"Constant","EasingDirection":"In"},"HumanoidRootPart":{"Weight":0,"CFrame":[0,0,0,1,0,0,0,1,0,0,0,1],"EasingStyle":"Linear","EasingDirection":"In"},"Left Arm":{"Weight":1,"CFrame":[-0.3346499502658844,-0.14089271426200868,-0.19788825511932374,-0.34333336353302,0.15014530718326569,-0.9271346926689148,-0.9388038516044617,-0.08402001112699509,0.33404800295829775,-0.027742082253098489,0.9850873351097107,0.16980376839637757],"EasingStyle":"Constant","EasingDirection":"In"}}},{"Time":0.4166666567325592,"poses":{"Left Leg":{"Weight":1,"CFrame":[-0.5566592216491699,0.1505640745162964,-0.11527514457702637,0.9524668455123901,-0.2462967485189438,-0.17928989231586457,0.2795439064502716,0.9405309557914734,0.19302046298980714,0.12108735740184784,-0.2339649647474289,0.96467524766922],"EasingStyle":"Constant","EasingDirection":"In"},"Right Arm":{"Weight":1,"CFrame":[0.6824346780776978,-0.6283486485481262,-0.17180877923965455,-0.3103450536727905,0.04612657055258751,0.9495041966438294,0.9377661347389221,0.17857769131660462,0.29783326387405398,-0.15582215785980225,0.9828439950942993,-0.09867671132087708],"EasingStyle":"Constant","EasingDirection":"In"},"Head":{"Weight":1,"CFrame":[8.021015673875809e-8,-8.96397978067398e-9,2.384185791015625e-7,0.9999048709869385,0.0005034803180024028,0.013783968985080719,-0.0005081694107502699,0.9999998211860657,0.00033673731377348304,-0.013783796690404415,-0.0003437090781517327,0.9999049305915833],"EasingStyle":"Constant","EasingDirection":"In"},"Right Leg":{"Weight":1,"CFrame":[0.6349671483039856,0.1849697232246399,-0.20350825786590577,0.9292535781860352,0.23910394310951234,0.2816329896450043,-0.312190443277359,0.9158391356468201,0.2525388300418854,-0.19754737615585328,-0.3225957155227661,0.9256926774978638],"EasingStyle":"Constant","EasingDirection":"In"},"Torso":{"Weight":1,"CFrame":[-0.03799939900636673,-0.029332339763641359,-0.17883658409118653,0.9993370175361633,0.023652613162994386,-0.027682414278388025,-0.024660855531692506,0.9990232586860657,-0.036665476858615878,0.026788145303726198,0.037323836237192157,0.998944103717804],"EasingStyle":"Constant","EasingDirection":"In"},"HumanoidRootPart":{"Weight":0,"CFrame":[0,0,0,1,0,0,0,1,0,0,0,1],"EasingStyle":"Linear","EasingDirection":"In"},"Left Arm":{"Weight":1,"CFrame":[-0.3346499502658844,-0.14089271426200868,-0.19788825511932374,-0.34333336353302,0.15014530718326569,-0.9271346926689148,-0.9388038516044617,-0.08402001112699509,0.33404800295829775,-0.027742082253098489,0.9850873351097107,0.16980376839637757],"EasingStyle":"Constant","EasingDirection":"In"}}},{"Time":0.4583333432674408,"poses":{"Left Leg":{"Weight":1,"CFrame":[-0.5021061301231384,0.24641752243041993,-0.2820589542388916,0.9065589308738709,-0.01497429609298706,-0.42181357741355898,0.24704772233963014,0.8291234374046326,0.5015195608139038,0.3422256112098694,-0.5588650703430176,0.7553485631942749],"EasingStyle":"Constant","EasingDirection":"In"},"Right Arm":{"Weight":1,"CFrame":[0.19827017188072205,0.314663827419281,0.49383974075317385,0.5041893124580383,-0.1969919055700302,-0.8408253788948059,0.7650438547134399,-0.34979039430618288,0.5406984090805054,-0.400626003742218,-0.9158826470375061,-0.02565307915210724],"EasingStyle":"Constant","EasingDirection":"In"},"Head":{"Weight":1,"CFrame":[1.0058283805847168e-7,-7.450580596923828e-9,2.384185791015625e-7,0.9411562085151672,0.306927889585495,-0.14149309694766999,-0.31614241003990176,0.9475228786468506,-0.047481365501880649,0.11949458718299866,0.08941936492919922,0.9887999296188355],"EasingStyle":"Constant","EasingDirection":"In"},"Right Leg":{"Weight":1,"CFrame":[0.44007766246795657,-0.11512470245361328,-0.005765020847320557,0.9180100560188294,0.39631885290145876,-0.01374838873744011,-0.3964118957519531,0.9161821603775024,-0.05888946354389191,-0.01074293628334999,0.05951107293367386,0.9981698393821716],"EasingStyle":"Constant","EasingDirection":"In"},"Torso":{"Weight":1,"CFrame":[-0.5736074447631836,0.04953776299953461,-0.1358046531677246,0.9518744349479675,-0.2779153287410736,0.12922130525112153,0.27197223901748659,0.9603107571601868,0.061922162771224979,-0.1413017213344574,-0.02379751019179821,0.9896805882453919],"EasingStyle":"Constant","EasingDirection":"In"},"HumanoidRootPart":{"Weight":0,"CFrame":[0,0,0,1,0,0,0,1,0,0,0,1],"EasingStyle":"Linear","EasingDirection":"In"},"Left Arm":{"Weight":1,"CFrame":[-0.28977999091148379,-0.24954745173454286,0.22127306461334229,0.4476006031036377,0.7926265001296997,0.41400110721588137,-0.853741466999054,0.24103944003582,0.46154695749282839,0.26604363322257998,-0.560038685798645,0.7845875024795532],"EasingStyle":"Constant","EasingDirection":"In"}}},{"Time":0.5,"poses":{"Left Leg":{"Weight":1,"CFrame":[-0.5021061301231384,0.24641752243041993,-0.2820589542388916,0.9065589308738709,-0.01497429609298706,-0.42181357741355898,0.24704772233963014,0.8291234374046326,0.5015195608139038,0.3422256112098694,-0.5588650703430176,0.7553485631942749],"EasingStyle":"Constant","EasingDirection":"In"},"Right Arm":{"Weight":1,"CFrame":[0.19827017188072205,0.314663827419281,0.49383974075317385,0.5041893124580383,-0.1969919055700302,-0.8408253788948059,0.7650438547134399,-0.34979039430618288,0.5406984090805054,-0.400626003742218,-0.9158826470375061,-0.02565307915210724],"EasingStyle":"Constant","EasingDirection":"In"},"Head":{"Weight":1,"CFrame":[1.0058283805847168e-7,-7.450580596923828e-9,2.384185791015625e-7,0.9411562085151672,0.306927889585495,-0.14149309694766999,-0.31614241003990176,0.9475228786468506,-0.047481365501880649,0.11949458718299866,0.08941936492919922,0.9887999296188355],"EasingStyle":"Constant","EasingDirection":"In"},"Right Leg":{"Weight":1,"CFrame":[0.44007766246795657,-0.11512470245361328,-0.005765020847320557,0.9180100560188294,0.39631885290145876,-0.01374838873744011,-0.3964118957519531,0.9161821603775024,-0.05888946354389191,-0.01074293628334999,0.05951107293367386,0.9981698393821716],"EasingStyle":"Constant","EasingDirection":"In"},"Torso":{"Weight":1,"CFrame":[-0.5736074447631836,0.04953776299953461,-0.1358046531677246,0.9518744349479675,-0.2779153287410736,0.12922130525112153,0.27197223901748659,0.9603107571601868,0.061922162771224979,-0.1413017213344574,-0.02379751019179821,0.9896805882453919],"EasingStyle":"Constant","EasingDirection":"In"},"HumanoidRootPart":{"Weight":0,"CFrame":[0,0,0,1,0,0,0,1,0,0,0,1],"EasingStyle":"Linear","EasingDirection":"In"},"Left Arm":{"Weight":1,"CFrame":[-0.28977999091148379,-0.24954745173454286,0.22127306461334229,0.4476006031036377,0.7926265001296997,0.41400110721588137,-0.853741466999054,0.24103944003582,0.46154695749282839,0.26604363322257998,-0.560038685798645,0.7845875024795532],"EasingStyle":"Constant","EasingDirection":"In"}}},{"Time":0.5416666865348816,"poses":{"Left Leg":{"Weight":1,"CFrame":[-0.37661996483802798,0.23297357559204102,-0.23066234588623048,0.8788628578186035,0.08882874995470047,-0.46873193979263308,0.20542924106121064,0.8162956833839417,0.5398706793785095,0.43057993054389956,-0.5707635283470154,0.6991638541221619],"EasingStyle":"Constant","EasingDirection":"In"},"Right Arm":{"Weight":1,"CFrame":[0.18767735362052918,0.2810137867927551,0.5235809087753296,0.5372226238250732,-0.14620409905910493,-0.8306722640991211,0.7760365009307861,-0.3001084625720978,0.5547091960906982,-0.33039259910583498,-0.9426342248916626,-0.0477653406560421],"EasingStyle":"Constant","EasingDirection":"In"},"Head":{"Weight":1,"CFrame":[9.872019290924072e-8,-5.21540641784668e-8,2.384185791015625e-7,0.9514261484146118,0.2756389379501343,-0.13715484738349915,-0.2857685983181,0.956401526927948,-0.06027007848024368,0.11456231772899628,0.09653707593679428,0.9887143969535828],"EasingStyle":"Constant","EasingDirection":"In"},"Right Leg":{"Weight":1,"CFrame":[0.33090469241142275,-0.14508306980133058,-0.0004184246063232422,0.9447810053825378,0.32482150197029116,-0.04335835948586464,-0.3276941776275635,0.9374014139175415,-0.11787836253643036,0.002354887779802084,0.12557752430438996,0.9920810461044312],"EasingStyle":"Constant","EasingDirection":"In"},"Torso":{"Weight":1,"CFrame":[-0.662007212638855,0.0495377779006958,-0.09561777114868164,0.9496893882751465,-0.2782357633113861,0.14378774166107179,0.2719721794128418,0.9603108763694763,0.06192214787006378,-0.15530987083911897,-0.019700536504387857,0.9876693487167358],"EasingStyle":"Constant","EasingDirection":"In"},"HumanoidRootPart":{"Weight":0,"CFrame":[0,0,0,1,0,0,0,1,0,0,0,1],"EasingStyle":"Linear","EasingDirection":"In"},"Left Arm":{"Weight":1,"CFrame":[-0.2975614666938782,-0.2593323588371277,0.2509763240814209,0.5613281726837158,0.6648011207580566,0.4928998351097107,-0.8000645041465759,0.28357744216918948,0.5286592841148377,0.2116779386997223,-0.6911029815673828,0.6910638213157654],"EasingStyle":"Constant","EasingDirection":"In"}}},{"Time":0.5833333134651184,"poses":{"Left Leg":{"Weight":1,"CFrame":[-0.37661996483802798,0.23297357559204102,-0.23066234588623048,0.8788628578186035,0.08882874995470047,-0.46873193979263308,0.20542924106121064,0.8162956833839417,0.5398706793785095,0.43057993054389956,-0.5707635283470154,0.6991638541221619],"EasingStyle":"Constant","EasingDirection":"In"},"Right Arm":{"Weight":1,"CFrame":[0.18767735362052918,0.2810137867927551,0.5235809087753296,0.5372226238250732,-0.14620409905910493,-0.8306722640991211,0.7760365009307861,-0.3001084625720978,0.5547091960906982,-0.33039259910583498,-0.9426342248916626,-0.0477653406560421],"EasingStyle":"Constant","EasingDirection":"In"},"Head":{"Weight":1,"CFrame":[9.872019290924072e-8,-5.21540641784668e-8,2.384185791015625e-7,0.9514261484146118,0.2756389379501343,-0.13715484738349915,-0.2857685983181,0.956401526927948,-0.06027007848024368,0.11456231772899628,0.09653707593679428,0.9887143969535828],"EasingStyle":"Constant","EasingDirection":"In"},"Right Leg":{"Weight":1,"CFrame":[0.33090469241142275,-0.14508306980133058,-0.0004184246063232422,0.9447810053825378,0.32482150197029116,-0.04335835948586464,-0.3276941776275635,0.9374014139175415,-0.11787836253643036,0.002354887779802084,0.12557752430438996,0.9920810461044312],"EasingStyle":"Constant","EasingDirection":"In"},"Torso":{"Weight":1,"CFrame":[-0.662007212638855,0.0495377779006958,-0.09561777114868164,0.9496893882751465,-0.2782357633113861,0.14378774166107179,0.2719721794128418,0.9603108763694763,0.06192214787006378,-0.15530987083911897,-0.019700536504387857,0.9876693487167358],"EasingStyle":"Constant","EasingDirection":"In"},"HumanoidRootPart":{"Weight":0,"CFrame":[0,0,0,1,0,0,0,1,0,0,0,1],"EasingStyle":"Linear","EasingDirection":"In"},"Left Arm":{"Weight":1,"CFrame":[-0.2975614666938782,-0.2593323588371277,0.2509763240814209,0.5613281726837158,0.6648011207580566,0.4928998351097107,-0.8000645041465759,0.28357744216918948,0.5286592841148377,0.2116779386997223,-0.6911029815673828,0.6910638213157654],"EasingStyle":"Constant","EasingDirection":"In"}}},{"Time":0.625,"poses":{"Left Leg":{"Weight":1,"CFrame":[-0.37661996483802798,0.23297357559204102,-0.23066234588623048,0.8788628578186035,0.08882874995470047,-0.46873193979263308,0.20542924106121064,0.8162956833839417,0.5398706793785095,0.43057993054389956,-0.5707635283470154,0.6991638541221619],"EasingStyle":"Constant","EasingDirection":"In"},"Right Arm":{"Weight":1,"CFrame":[0.18767735362052918,0.2810137867927551,0.5235809087753296,0.5372226238250732,-0.14620409905910493,-0.8306722640991211,0.7760365009307861,-0.3001084625720978,0.5547091960906982,-0.33039259910583498,-0.9426342248916626,-0.0477653406560421],"EasingStyle":"Constant","EasingDirection":"In"},"Head":{"Weight":1,"CFrame":[9.872019290924072e-8,-5.21540641784668e-8,2.384185791015625e-7,0.9514261484146118,0.2756389379501343,-0.13715484738349915,-0.2857685983181,0.956401526927948,-0.06027007848024368,0.11456231772899628,0.09653707593679428,0.9887143969535828],"EasingStyle":"Constant","EasingDirection":"In"},"Right Leg":{"Weight":1,"CFrame":[0.33090469241142275,-0.14508306980133058,-0.0004184246063232422,0.9447810053825378,0.32482150197029116,-0.04335835948586464,-0.3276941776275635,0.9374014139175415,-0.11787836253643036,0.002354887779802084,0.12557752430438996,0.9920810461044312],"EasingStyle":"Constant","EasingDirection":"In"},"Torso":{"Weight":1,"CFrame":[-0.662007212638855,0.0495377779006958,-0.09561777114868164,0.9496893882751465,-0.2782357633113861,0.14378774166107179,0.2719721794128418,0.9603108763694763,0.06192214787006378,-0.15530987083911897,-0.019700536504387857,0.9876693487167358],"EasingStyle":"Constant","EasingDirection":"In"},"HumanoidRootPart":{"Weight":0,"CFrame":[0,0,0,1,0,0,0,1,0,0,0,1],"EasingStyle":"Linear","EasingDirection":"In"},"Left Arm":{"Weight":1,"CFrame":[-0.2975614666938782,-0.2593323588371277,0.2509763240814209,0.5613281726837158,0.6648011207580566,0.4928998351097107,-0.8000645041465759,0.28357744216918948,0.5286592841148377,0.2116779386997223,-0.6911029815673828,0.6910638213157654],"EasingStyle":"Constant","EasingDirection":"In"}}},{"Time":0.6666666865348816,"poses":{"Left Leg":{"Weight":1,"CFrame":[-0.6851919293403626,0.22899401187896729,-0.42180943489074709,0.8656105995178223,-0.09449504315853119,-0.4917205572128296,0.3323526680469513,0.8429412841796875,0.4230741262435913,0.374513179063797,-0.5296421051025391,0.7610645294189453],"EasingStyle":"Constant","EasingDirection":"In"},"Right Arm":{"Weight":1,"CFrame":[0.21618905663490296,-0.0058214664459228519,0.3975313901901245,-0.2630915939807892,-0.45259368419647219,-0.8520221710205078,0.7924250364303589,-0.605121374130249,0.07675140351057053,-0.5503140091896057,-0.6549711227416992,0.5178488492965698],"EasingStyle":"Constant","EasingDirection":"In"},"Head":{"Weight":1,"CFrame":[3.632158041000366e-8,-1.4901161193847657e-8,4.76837158203125e-7,0.9539808034896851,0.2948274314403534,-0.05475017428398132,-0.296032577753067,0.95505690574646,-0.015203704126179219,0.04780704900622368,0.03071187250316143,0.998384416103363],"EasingStyle":"Constant","EasingDirection":"In"},"Right Leg":{"Weight":1,"CFrame":[0.48245662450790408,0.02676790952682495,0.019383907318115236,0.9035600423812866,0.42653483152389529,-0.040586188435554507,-0.423464298248291,0.9034313559532166,0.06700656563043595,0.06524749845266342,-0.04335760697722435,0.9969267249107361],"EasingStyle":"Constant","EasingDirection":"In"},"Torso":{"Weight":1,"CFrame":[-0.47114449739456179,0.02267475798726082,-0.2106332778930664,0.9565052390098572,-0.2827915847301483,0.07160082459449768,0.2814536392688751,0.9591561555862427,0.02834337390959263,-0.07669162005186081,-0.006958275567740202,0.9970306754112244],"EasingStyle":"Constant","EasingDirection":"In"},"HumanoidRootPart":{"Weight":0,"CFrame":[0,0,0,1,0,0,0,1,0,0,0,1],"EasingStyle":"Linear","EasingDirection":"In"},"Left Arm":{"Weight":1,"CFrame":[-0.25147539377212527,-0.45030224323272707,0.11315274238586426,0.42424410581588747,0.882193386554718,0.2043326199054718,-0.833738386631012,0.29246535897254946,0.4683420658111572,0.35340800881385805,-0.36905139684677126,0.8595951795578003],"EasingStyle":"Constant","EasingDirection":"In"}}},{"Time":0.7083333134651184,"poses":{"Left Leg":{"Weight":1,"CFrame":[-0.6851919293403626,0.22899401187896729,-0.42180943489074709,0.8656105995178223,-0.09449504315853119,-0.4917205572128296,0.3323526680469513,0.8429412841796875,0.4230741262435913,0.374513179063797,-0.5296421051025391,0.7610645294189453],"EasingStyle":"Constant","EasingDirection":"In"},"Right Arm":{"Weight":1,"CFrame":[0.21618905663490296,-0.0058214664459228519,0.3975313901901245,-0.2630915939807892,-0.45259368419647219,-0.8520221710205078,0.7924250364303589,-0.605121374130249,0.07675140351057053,-0.5503140091896057,-0.6549711227416992,0.5178488492965698],"EasingStyle":"Constant","EasingDirection":"In"},"Head":{"Weight":1,"CFrame":[3.632158041000366e-8,-1.4901161193847657e-8,4.76837158203125e-7,0.9539808034896851,0.2948274314403534,-0.05475017428398132,-0.296032577753067,0.95505690574646,-0.015203704126179219,0.04780704900622368,0.03071187250316143,0.998384416103363],"EasingStyle":"Constant","EasingDirection":"In"},"Right Leg":{"Weight":1,"CFrame":[0.48245662450790408,0.02676790952682495,0.019383907318115236,0.9035600423812866,0.42653483152389529,-0.040586188435554507,-0.423464298248291,0.9034313559532166,0.06700656563043595,0.06524749845266342,-0.04335760697722435,0.9969267249107361],"EasingStyle":"Constant","EasingDirection":"In"},"Torso":{"Weight":1,"CFrame":[-0.47114449739456179,0.02267475798726082,-0.2106332778930664,0.9565052390098572,-0.2827915847301483,0.07160082459449768,0.2814536392688751,0.9591561555862427,0.02834337390959263,-0.07669162005186081,-0.006958275567740202,0.9970306754112244],"EasingStyle":"Constant","EasingDirection":"In"},"HumanoidRootPart":{"Weight":0,"CFrame":[0,0,0,1,0,0,0,1,0,0,0,1],"EasingStyle":"Linear","EasingDirection":"In"},"Left Arm":{"Weight":1,"CFrame":[-0.25147539377212527,-0.45030224323272707,0.11315274238586426,0.42424410581588747,0.882193386554718,0.2043326199054718,-0.833738386631012,0.29246535897254946,0.4683420658111572,0.35340800881385805,-0.36905139684677126,0.8595951795578003],"EasingStyle":"Constant","EasingDirection":"In"}}},{"Time":0.75,"poses":{"Left Leg":{"Weight":1,"CFrame":[-0.6967561841011047,0.31546008586883547,-0.19202637672424317,0.9591024518013,-0.2201296091079712,-0.1779484897851944,0.26241421699523928,0.9271601438522339,0.26741892099380495,0.10611989349126816,-0.3031783998012543,0.9470065832138062],"EasingStyle":"Constant","EasingDirection":"In"},"Right Arm":{"Weight":1,"CFrame":[0.7546946406364441,-0.31791895627975466,-0.40975409746170046,-0.39398136734962466,-0.5028737783432007,0.7693483829498291,0.5819645524024963,0.5113967061042786,0.6322898864746094,-0.7114042639732361,0.6968439817428589,0.09117384254932404],"EasingStyle":"Constant","EasingDirection":"In"},"Head":{"Weight":1,"CFrame":[7.566995918750763e-8,-6.936897989362478e-8,-3.5762786865234377e-7,0.9654769897460938,-0.2029520869255066,0.1632935255765915,0.2262173891067505,0.9640629887580872,-0.13931387662887574,-0.12915121018886567,0.1714441180229187,0.9766917824745178],"EasingStyle":"Constant","EasingDirection":"In"},"Right Leg":{"Weight":1,"CFrame":[0.6892130374908447,0.34240084886550906,-0.21886277198791505,0.9650858640670776,0.16015268862247468,0.2072688788175583,-0.213997483253479,0.9383929967880249,0.2713371217250824,-0.15104424953460694,-0.3062186539173126,0.9399020671844482],"EasingStyle":"Constant","EasingDirection":"In"},"Torso":{"Weight":1,"CFrame":[0.006713123060762882,-0.13371625542640687,-0.2980632781982422,0.998862624168396,0.04756481572985649,-0.0033186848741024734,-0.04745001718401909,0.9847897887229919,-0.16714541614055634,-0.004682033788412809,0.1671127825975418,0.9859266877174377],"EasingStyle":"Constant","EasingDirection":"In"},"HumanoidRootPart":{"Weight":0,"CFrame":[0,0,0,1,0,0,0,1,0,0,0,1],"EasingStyle":"Linear","EasingDirection":"In"},"Left Arm":{"Weight":1,"CFrame":[-0.7513539791107178,-0.20278328657150269,-0.12704795598983766,-0.48672783374786379,0.5842720866203308,-0.6494016051292419,-0.6312211155891419,0.2786605954170227,0.7238149642944336,0.6038675904273987,0.7622168064117432,0.23317289352416993],"EasingStyle":"Constant","EasingDirection":"In"}}},{"Time":0.7916666865348816,"poses":{"Left Leg":{"Weight":1,"CFrame":[-0.515221893787384,0.10192930698394776,-0.12063729763031006,0.9564037919044495,-0.16090233623981477,-0.24372598528862,0.18386979401111604,0.9801258444786072,0.0744660347700119,0.22690033912658692,-0.11603343486785889,0.9669811725616455],"EasingStyle":"Constant","EasingDirection":"In"},"Right Arm":{"Weight":1,"CFrame":[0.8600974678993225,-0.32115304470062258,-0.37670016288757326,-0.5145294070243836,-0.778697669506073,0.35901200771331789,0.40701642632484438,0.1467183232307434,0.9015606045722961,-0.7547165751457214,0.6100031137466431,0.241451