{"Sequence":[{"Time":0,"poses":{"Left Leg":{"Weight":1,"CFrame":[-0.02417457103729248,-0.04879724979400635,0.012231826782226563,0.9814624190330505,-0.05972043052315712,0.18211302161216737,0.07763779908418656,0.9926443696022034,-0.09289548546075821,-0.17522569000720979,0.1053122878074646,0.9788796901702881],"EasingStyle":"Linear","EasingDirection":"In"},"Right Arm":{"Weight":1,"CFrame":[0,-5.960464477539063e-8,0.11446309089660645,0.9490066766738892,-0.24037767946720124,-0.20397314429283143,0.18410667777061463,0.9477919936180115,-0.2603747248649597,0.2559124231338501,0.20954464375972749,0.9437161087989807],"EasingStyle":"Linear","EasingDirection":"In"},"Left Arm":{"Weight":1,"CFrame":[3.4566955520176637e-8,-3.5762786865234377e-7,0.114463210105896,0.9490066170692444,0.24037772417068482,0.20397314429283143,-0.18410669267177583,0.9477919936180115,-0.26037487387657168,-0.2559124827384949,0.20954477787017823,0.9437159895896912],"EasingStyle":"Linear","EasingDirection":"In"},"Right Leg":{"Weight":1,"CFrame":[0.24630089104175569,0.062249839305877689,0.05478358268737793,0.9646230936050415,0.1761397272348404,-0.1961560696363449,-0.1603032350540161,0.9825814962387085,0.09400317072868347,0.20929689705371858,-0.05923313647508621,0.9760565161705017],"EasingStyle":"Linear","EasingDirection":"In"},"Torso":{"Weight":1,"CFrame":[0.07842493057250977,0,-0.026140213012695314,0.9993552565574646,0,-0.03590448200702667,0,1,0,0.03590448200702667,0,0.9993552565574646],"EasingStyle":"Linear","EasingDirection":"In"},"HumanoidRootPart":{"Weight":0,"CFrame":[0,0,0,1,0,0,0,1,0,0,0,1],"EasingStyle":"Linear","EasingDirection":"In"},"Head":{"Weight":1,"CFrame":[1.043081283569336e-7,0,-2.980232238769531e-7,1,0,8.568168397005138e-8,0,1,0,-8.568168397005138e-8,0,1],"EasingStyle":"Linear","EasingDirection":"In"}}},{"Time":0.0416666679084301,"poses":{"Left Leg":{"Weight":1,"CFrame":[0.017664656043052675,-0.014054179191589356,0.006070137023925781,0.9814947843551636,-0.039832644164562228,0.18730030953884126,0.045780718326568606,0.9985719323158264,-0.027536917477846147,-0.18593598902225495,0.035602059215307239,0.9819166660308838],"EasingStyle":"Linear","EasingDirection":"In"},"Right Arm":{"Weight":1,"CFrame":[0,-2.9802322387695315e-8,0.11446332931518555,0.9490066766738892,-0.24037764966487885,-0.20397314429283143,0.18410669267177583,0.9477919936180115,-0.2603747546672821,0.2559124529361725,0.20954462885856629,0.9437161087989807],"EasingStyle":"Linear","EasingDirection":"In"},"Left Arm":{"Weight":1,"CFrame":[3.4566955520176637e-8,0,0.11446356773376465,0.9490066170692444,0.24037769436836244,0.20397314429283143,-0.18410669267177583,0.9477919340133667,-0.26037487387657168,-0.2559124827384949,0.20954479277133943,0.9437161087989807],"EasingStyle":"Linear","EasingDirection":"In"},"Right Leg":{"Weight":1,"CFrame":[0.09613588452339173,0.017731189727783204,0.027753710746765138,0.9765325784683228,0.09867923706769943,-0.19143296778202058,-0.09513669461011887,0.9950806498527527,0.027633357793092729,0.19321808218955995,-0.008772578090429306,0.9811166524887085],"EasingStyle":"Linear","EasingDirection":"In"},"Torso":{"Weight":1,"CFrame":[0.023235797882080079,0,-0.007660388946533203,0.9999434947967529,0,-0.010640349239110947,0,1,0,0.010640349239110947,0,0.9999434947967529],"EasingStyle":"Linear","EasingDirection":"In"},"HumanoidRootPart":{"Weight":0,"CFrame":[0,0,0,1,0,0,0,1,0,0,0,1],"EasingStyle":"Linear","EasingDirection":"In"},"Head":{"Weight":1,"CFrame":[8.847564458847046e-8,0,0,1,0,8.754432201385498e-8,0,1,0,-8.754432201385498e-8,0,1],"EasingStyle":"Linear","EasingDirection":"In"}}},{"Time":0.0833333358168602,"poses":{"Left Leg":{"Weight":1,"CFrame":[0.06960374116897583,-0.0016843080520629883,-0.003927946090698242,0.9818529486656189,-0.01394322607666254,0.1891307830810547,0.014862078242003918,0.9998836517333984,-0.0034407703205943109,-0.18906079232692719,0.006189228035509586,0.9819458723068237],"EasingStyle":"Linear","EasingDirection":"In"},"Right Arm":{"Weight":1,"CFrame":[0,-2.9802322387695315e-8,0.11446332931518555,0.9490066766738892,-0.24037767946720124,-0.20397314429283143,0.18410667777061463,0.9477920532226563,-0.2603747248649597,0.2559123933315277,0.20954464375972749,0.9437161087989807],"EasingStyle":"Linear","EasingDirection":"In"},"Left Arm":{"Weight":1,"CFrame":[3.4566955520176637e-8,-2.086162567138672e-7,0.1144634485244751,0.9490066170692444,0.24037769436836244,0.20397314429283143,-0.18410669267177583,0.9477919340133667,-0.26037484407424929,-0.2559124529361725,0.20954476296901704,0.9437161087989807],"EasingStyle":"Linear","EasingDirection":"In"},"Right Leg":{"Weight":1,"CFrame":[-0.0298326313495636,0.0022059082984924318,0.003671884536743164,0.9812544584274292,0.03426678478717804,-0.18964573740959168,-0.03423546999692917,0.9994078874588013,0.003442282322794199,0.18965138494968415,0.0031148765701800586,0.9818466305732727],"EasingStyle":"Linear","EasingDirection":"In"},"Torso":{"Weight":1,"CFrame":[0.002904481254518032,0,-0.00095367431640625,0.9999991059303284,0,-0.0013301019789651037,0,1,0,0.0013301019789651037,0,0.9999991059303284],"EasingStyle":"Linear","EasingDirection":"In"},"HumanoidRootPart":{"Weight":0,"CFrame":[0,0,0,1,0,0,0,1,0,0,0,1],"EasingStyle":"Linear","EasingDirection":"In"},"Head":{"Weight":1,"CFrame":[8.707866072654724e-8,0,-1.7881393432617188e-7,1,0,8.742790669202805e-8,0,1,0,-8.742790669202805e-8,0,1],"EasingStyle":"Linear","EasingDirection":"In"}}},{"Time":0.125,"poses":{"Left Leg":{"Weight":1,"CFrame":[0.09720281511545181,-2.384185791015625e-7,-0.009288668632507325,0.9819022417068481,2.1713901787734359e-9,0.18938860297203065,1.6673286751256456e-8,1,-8.584062527461356e-8,-0.18938857316970826,9.562633351833938e-8,0.9819023013114929],"EasingStyle":"Linear","EasingDirection":"In"},"Right Arm":{"Weight":1,"CFrame":[0,1.1920928955078126e-7,0.11446332931518555,0.9490066766738892,-0.24037767946720124,-0.20397314429283143,0.18410669267177583,0.9477920532226563,-0.2603747248649597,0.2559124231338501,0.20954465866088868,0.9437161087989807],"EasingStyle":"Linear","EasingDirection":"In"},"Left Arm":{"Weight":1,"CFrame":[3.4566955520176637e-8,-8.940696716308594e-8,0.11446332931518555,0.9490066170692444,0.24037769436836244,0.20397314429283143,-0.18410667777061463,0.9477919340133667,-0.26037487387657168,-0.2559124827384949,0.20954477787017823,0.9437161087989807],"EasingStyle":"Linear","EasingDirection":"In"},"Right Leg":{"Weight":1,"CFrame":[-0.09720282256603241,0,-0.009288489818572998,0.9819022417068481,-2.1713901787734359e-9,-0.18938857316970826,1.6440463213029944e-8,1,8.58406181691862e-8,0.18938857316970826,-7.921921962861234e-8,0.9819022417068481],"EasingStyle":"Linear","EasingDirection":"In"},"Torso":{"Weight":1,"CFrame":[0,0,0,1,0,-8.742277657347586e-8,0,1,0,8.742277657347586e-8,0,1],"EasingStyle":"Linear","EasingDirection":"In"},"HumanoidRootPart":{"Weight":0,"CFrame":[0,0,0,1,0,0,0,1,0,0,0,1],"EasingStyle":"Linear","EasingDirection":"In"},"Head":{"Weight":1,"CFrame":[8.742279078433057e-8,0,0,1,0,8.742277657347586e-8,0,1,0,-8.742277657347586e-8,0,1],"EasingStyle":"Linear","EasingDirection":"In"}}},{"Time":0.1666666716337204,"poses":{"Left Leg":{"Weight":1,"CFrame":[0.03658077120780945,0.0003472566604614258,0.0024036169052124025,0.9814198017120361,-0.030774341896176339,0.1893892139196396,0.031335409730672839,0.9995089173316956,0.00003186691537848674,-0.18929718434810639,0.005903335753828287,0.9819021224975586],"EasingStyle":"Linear","EasingDirection":"In"},"Right Arm":{"Weight":1,"CFrame":[0,5.960464477539063e-8,0.11446332931518555,0.9490066766738892,-0.24037764966487885,-0.20397311449050904,0.18410667777061463,0.9477919936180115,-0.26037469506263735,0.2559124231338501,0.20954462885856629,0.9437160491943359],"EasingStyle":"Linear","EasingDirection":"In"},"Left Arm":{"Weight":1,"CFrame":[3.4566955520176637e-8,-5.960464477539063e-8,0.11446332931518555,0.9490066170692444,0.24037772417068482,0.20397314429283143,-0.18410669267177583,0.9477919936180115,-0.26037487387657168,-0.2559124827384949,0.2095448076725006,0.9437160491943359],"EasingStyle":"Linear","EasingDirection":"In"},"Right Leg":{"Weight":1,"CFrame":[-0.037211790680885318,0.0003083944320678711,0.0022829771041870119,0.981429934501648,0.030453672632575036,-0.1893879622220993,-0.031021105125546457,0.9995186924934387,-0.000031831717933528128,0.18929582834243775,0.005906297359615564,0.9819023609161377],"EasingStyle":"Linear","EasingDirection":"In"},"Torso":{"Weight":1,"CFrame":[0.000017154983652289958,0,-0.00128936767578125,1,0,0.000027109617803944276,0,1,0,-0.000027109617803944276,0,1],"EasingStyle":"Linear","EasingDirection":"In"},"HumanoidRootPart":{"Weight":0,"CFrame":[0,0,0,1,0,0,0,1,0,0,0,1],"EasingStyle":"Linear","EasingDirection":"In"},"Head":{"Weight":1,"CFrame":[8.742063073441386e-8,0,0,1,0,8.742244972381741e-8,0,1,0,-8.742244972381741e-8,0,1],"EasingStyle":"Linear","EasingDirection":"In"}}},{"Time":0.2083333283662796,"poses":{"Left Leg":{"Weight":1,"CFrame":[-0.08018727600574494,0.0022416114807128908,0.024923086166381837,0.9777631163597107,-0.0900518149137497,0.18939360976219178,0.09166257083415985,0.9957901239395142,0.00025558186462149024,-0.18861931562423707,0.01711040548980236,0.9819011688232422],"EasingStyle":"Linear","EasingDirection":"In"},"Right Arm":{"Weight":1,"CFrame":[0,1.1920928955078126e-7,0.11446332931518555,0.9490066766738892,-0.24037764966487885,-0.20397311449050904,0.18410669267177583,0.9477919936180115,-0.26037469506263735,0.2559124529361725,0.20954464375972749,0.9437160491943359],"EasingStyle":"Linear","EasingDirection":"In"},"Left Arm":{"Weight":1,"CFrame":[3.4566955520176637e-8,-2.9802322387695315e-8,0.1144634485244751,0.9490066170692444,0.24037769436836244,0.20397311449050904,-0.18410669267177583,0.9477919340133667,-0.26037484407424929,-0.2559124827384949,0.20954477787017823,0.9437160491943359],"EasingStyle":"Linear","EasingDirection":"In"},"Right Leg":{"Weight":1,"CFrame":[0.0783856064081192,0.0019226670265197754,0.0245821475982666,0.9778491854667664,0.08913452178239823,-0.18938350677490235,-0.0908263623714447,0.9958666563034058,-0.0002555366954766214,0.18857796490192414,0.017450910061597825,0.9819032549858093],"EasingStyle":"Linear","EasingDirection":"In"},"Torso":{"Weight":1,"CFrame":[0.00013723986921831965,0,-0.010315656661987305,1,0,0.0002174889377783984,0,1,0,-0.0002174889377783984,0,1],"EasingStyle":"Linear","EasingDirection":"In"},"HumanoidRootPart":{"Weight":0,"CFrame":[0,0,0,1,0,0,0,1,0,0,0,1],"EasingStyle":"Linear","EasingDirection":"In"},"Head":{"Weight":1,"CFrame":[8.748611435294151e-8,0,1.1920928955078126e-7,1,0,8.742790669202805e-8,0,1,0,-8.742790669202805e-8,0,1],"EasingStyle":"Linear","EasingDirection":"In"}}},{"Time":0.25,"poses":{"Left Leg":{"Weight":1,"CFrame":[-0.2305082082748413,0.007149994373321533,0.05390810966491699,0.9677025675773621,-0.16636468470096589,0.1894058883190155,0.1692671924829483,0.9855698347091675,0.0008647240465506911,-0.18681655824184419,0.031223421916365625,0.9818985462188721],"EasingStyle":"Linear","EasingDirection":"In"},"Right Arm":{"Weight":1,"CFrame":[0,5.960464477539063e-7,0.11446332931518555,0.9490066766738892,-0.24037767946720124,-0.20397314429283143,0.18410667777061463,0.9477920532226563,-0.2603747248649597,0.2559124231338501,0.20954467356204987,0.9437161087989807],"EasingStyle":"Linear","EasingDirection":"In"},"Left Arm":{"Weight":1,"CFrame":[3.4566955520176637e-8,1.7881393432617188e-7,0.11446332931518555,0.9490066170692444,0.24037772417068482,0.20397314429283143,-0.18410667777061463,0.9477919936180115,-0.26037487387657168,-0.2559124529361725,0.2095448076725006,0.9437160491943359],"EasingStyle":"Linear","EasingDirection":"In"},"Right Leg":{"Weight":1,"CFrame":[0.22719132900238038,0.006021976470947266,0.053291916847229007,0.9679988622665405,0.16467177867889405,-0.1893712729215622,-0.16787061095237733,0.9858086705207825,-0.0008644912741146982,0.18654140830039979,0.032626647502183917,0.9819052815437317],"EasingStyle":"Linear","EasingDirection":"In"},"Torso":{"Weight":1,"CFrame":[0.00046318513341248035,0,-0.034815311431884769,0.9999998211860657,0,0.0007342335302382708,0,1,0,-0.0007342335302382708,0,0.9999998211860657],"EasingStyle":"Linear","EasingDirection":"In"},"HumanoidRootPart":{"Weight":0,"CFrame":[0,0,0,1,0,0,0,1,0,0,0,1],"EasingStyle":"Linear","EasingDirection":"In"},"Head":{"Weight":1,"CFrame":[8.731149137020111e-8,0,1.1920928955078126e-7,1,0,8.742790669202805e-8,0,1,0,-8.742790669202805e-8,0,1],"EasingStyle":"Linear","EasingDirection":"In"}}},{"Time":0.2916666567325592,"poses":{"Left Leg":{"Weight":1,"CFrame":[-0.11459152400493622,0.004048526287078857,0.03153562545776367,0.9759891033172607,-0.10752597451210022,0.18942923843860627,0.10911598056554795,0.9940269589424133,0.0020463853143155576,-0.18851779401302339,0.018672531470656396,0.9818923473358154],"EasingStyle":"Linear","EasingDirection":"In"},"Right Arm":{"Weight":1,"CFrame":[0,1.1920928955078126e-7,0.11446332931518555,0.9490066766738892,-0.24037767946720124,-0.20397311449050904,0.184106707572937,0.9477920532226563,-0.2603747248649597,0.2559124231338501,0.20954467356204987,0.9437160491943359],"EasingStyle":"Linear","EasingDirection":"In"},"Left Arm":{"Weight":1,"CFrame":[3.4566955520176637e-8,5.960464477539063e-8,0.1144634485244751,0.9490066170692444,0.24037769436836244,0.20397314429283143,-0.184106707572937,0.9477919340133667,-0.26037487387657168,-0.2559124827384949,0.20954477787017823,0.9437160491943359],"EasingStyle":"Linear","EasingDirection":"In"},"Right Leg":{"Weight":1,"CFrame":[0.1019129604101181,0.0014676451683044434,0.029140949249267579,0.9766947031021118,0.10106880217790604,-0.1893480122089386,-0.10332286357879639,0.9946458339691162,-0.0020454104524105789,0.18812745809555055,0.021561702713370324,0.9819079637527466],"EasingStyle":"Linear","EasingDirection":"In"},"Torso":{"Weight":1,"CFrame":[0.0010979212820529938,0,-0.013926982879638672,0.9999985098838806,0,0.0017405272228643299,0,1,0,-0.0017405272228643299,0,0.9999985098838806],"EasingStyle":"Linear","EasingDirection":"In"},"HumanoidRootPart":{"Weight":0,"CFrame":[0,0,0,1,0,0,0,1,0,0,0,1],"EasingStyle":"Linear","EasingDirection":"In"},"Head":{"Weight":1,"CFrame":[8.800998330116272e-8,0,1.1920928955078126e-7,1,0,8.742790669202805e-8,0,1,0,-8.742790669202805e-8,0,1],"EasingStyle":"Linear","EasingDirection":"In"}}},{"Time":0.3333333432674408,"poses":{"Left Leg":{"Weight":1,"CFrame":[-0.06385576725006104,0.003940880298614502,0.021722793579101564,0.9784752726554871,-0.08178041875362396,0.18946780264377595,0.08252014219760895,0.9965813755989075,0.003995508421212435,-0.18914683163166047,0.011725375428795815,0.9818788170814514],"EasingStyle":"Linear","EasingDirection":"In"},"Right Arm":{"Weight":1,"CFrame":[0,0,0.11446332931518555,0.9490066766738892,-0.24037767946720124,-0.20397314429283143,0.18410667777061463,0.9477920532226563,-0.26037469506263735,0.2559123933315277,0.20954467356204987,0.9437161087989807],"EasingStyle":"Linear","EasingDirection":"In"},"Left Arm":{"Weight":1,"CFrame":[3.4566955520176637e-8,-8.940696716308594e-8,0.11446332931518555,0.9490066170692444,0.24037772417068482,0.20397314429283143,-0.18410669267177583,0.9477919936180115,-0.26037487387657168,-0.2559124529361725,0.20954479277133943,0.9437160491943359],"EasingStyle":"Linear","EasingDirection":"In"},"Right Leg":{"Weight":1,"CFrame":[0.028590857982635499,-0.0010145902633666993,0.015019655227661133,0.979840099811554,0.06383734941482544,-0.1893097311258316,-0.06578045338392258,0.9978261590003967,-0.003991694655269384,0.18864335119724275,0.016364140436053277,0.9819093346595764],"EasingStyle":"Linear","EasingDirection":"In"},"Torso":{"Weight":1,"CFrame":[0.00214438047260046,0,-0.006966829299926758,0.9999942183494568,0,0.003399553243070841,0,1,0,-0.003399553243070841,0,0.9999942183494568],"EasingStyle":"Linear","EasingDirection":"In"},"HumanoidRootPart":{"Weight":0,"CFrame":[0,0,0,1,0,0,0,1,0,0,0,1],"EasingStyle":"Linear","EasingDirection":"In"},"Head":{"Weight":1,"CFrame":[8.707866072654724e-8,0,0,1,0,8.731149137020111e-8,0,1,0,-8.731149137020111e-8,0,1],"EasingStyle":"Linear","EasingDirection":"In"}}},{"Time":0.375,"poses":{"Left Leg":{"Weight":1,"CFrame":[-0.033842504024505618,0.004941046237945557,0.01588904857635498,0.9796172976493836,-0.06655953824520111,0.18952542543411256,0.06645680963993073,0.9977654218673706,0.006904328241944313,-0.18956148624420167,0.005831688176840544,0.9818515777587891],"EasingStyle":"Linear","EasingDirection":"In"},"Right Arm":{"Weight":1,"CFrame":[0,3.5762786865234377e-7,0.11446332931518555,0.9490066766738892,-0.24037764966487885,-0.20397311449050904,0.18410669267177583,0.9477919936180115,-0.2603747546672821,0.2559124529361725,0.20954465866088868,0.9437160491943359],"EasingStyle":"Linear","EasingDirection":"In"},"Left Arm":{"Weight":1,"CFrame":[3.4566955520176637e-8,1.7881393432617188e-7,0.1144634485244751,0.9490066170692444,0.24037769436836244,0.20397311449050904,-0.18410669267177583,0.9477919936180115,-0.26037484407424929,-0.2559124827384949,0.20954477787017823,0.9437160491943359],"EasingStyle":"Linear","EasingDirection":"In"},"Right Leg":{"Weight":1,"CFrame":[-0.08887320011854172,-0.0035272836685180666,-0.0075997114181518559,0.9819194674491882,0.0041930777952075008,-0.1892528086900711,-0.005598651245236397,0.9999606013298035,-0.006893008016049862,0.1892164647579193,0.007827935740351677,0.9819042086601257],"EasingStyle":"Linear","EasingDirection":"In"},"Torso":{"Weight":1,"CFrame":[0.003705482929944992,0,-0.0029175281524658205,0.9999827742576599,0,0.005874482914805412,0,1,0,-0.005874482914805412,0,0.9999827742576599],"EasingStyle":"Linear","EasingDirection":"In"},"HumanoidRootPart":{"Weight":0,"CFrame":[0,0,0,1,0,0,0,1,0,0,0,1],"EasingStyle":"Linear","EasingDirection":"In"},"Head":{"Weight":1,"CFrame":[8.847564458847046e-8,0,2.384185791015625e-7,1,0,8.754432201385498e-8,0,1,0,-8.754432201385498e-8,0,1],"EasingStyle":"Linear","EasingDirection":"In"}}},{"Time":0.4166666567325592,"poses":{"Left Leg":{"Weight":1,"CFrame":[-0.02744048833847046,0.007014274597167969,0.014583706855773926,0.9798157215118408,-0.06333062052726746,0.18960626423358918,0.06238327920436859,0.9979919791221619,0.010967069305479527,-0.18992002308368684,0.0010825569042935968,0.9817990064620972],"EasingStyle":"Linear","EasingDirection":"In"},"Right Arm":{"Weight":1,"CFrame":[0,-5.960464477539063e-8,0.11446332931518555,0.9490066766738892,-0.24037767946720124,-0.20397314429283143,0.18410666286945344,0.9477920532226563,-0.2603747546672821,0.2559124231338501,0.20954467356204987,0.9437161087989807],"EasingStyle":"Linear","EasingDirection":"In"},"Left Arm":{"Weight":1,"CFrame":[3.4566955520176637e-8,-5.960464477539063e-8,0.114463210105896,0.9490066170692444,0.24037769436836244,0.20397314429283143,-0.18410667777061463,0.9477919340133667,-0.26037487387657168,-0.2559124529361725,0.20954474806785584,0.9437161087989807],"EasingStyle":"Linear","EasingDirection":"In"},"Right Leg":{"Weight":1,"CFrame":[-0.09996551275253296,-0.005614280700683594,-0.009700357913970948,0.9819425940513611,-0.0014585349708795548,-0.1891738325357437,-0.000622033141553402,0.999940037727356,-0.010938397608697415,0.1891784369945526,0.010858535766601563,0.9818826913833618],"EasingStyle":"Linear","EasingDirection":"In"},"Torso":{"Weight":1,"CFrame":[0.00588412769138813,0,-0.0007309913635253906,0.999956488609314,0,0.009328445419669152,0,1,0,-0.009328445419669152,0,0.999956488609314],"EasingStyle":"Linear","EasingDirection":"In"},"HumanoidRootPart":{"Weight":0,"CFrame":[0,0,0,1,0,0,0,1,0,0,0,1],"EasingStyle":"Linear","EasingDirection":"In"},"Head":{"Weight":1,"CFrame":[8.475035429000855e-8,0,0,1,0,8.754432201385498e-8,0,1,0,-8.754432201385498e-8,0,1],"EasingStyle":"Linear","EasingDirection":"In"}}},{"Time":0.4583333432674408,"poses":{"Left Leg":{"Weight":1,"CFrame":[-0.04468992352485657,0.010269403457641602,0.01780378818511963,0.9791873693466187,-0.07211530208587647,0.1897144317626953,0.07028256356716156,0.9973926544189453,0.016379768028855325,-0.19040103256702424,-0.002705239225178957,0.9817026853561401],"EasingStyle":"Linear","EasingDirection":"In"},"Right Arm":{"Weight":1,"CFrame":[0,-1.1920928955078126e-7,0.11446332931518555,0.9490066766738892,-0.24037767946720124,-0.20397311449050904,0.184106707572937,0.9477920532226563,-0.2603747248649597,0.2559124231338501,0.20954465866088868,0.9437160491943359],"EasingStyle":"Linear","EasingDirection":"In"},"Left Arm":{"Weight":1,"CFrame":[3.4566955520176637e-8,-2.980232238769531e-7,0.11446332931518555,0.9490066170692444,0.24037769436836244,0.20397311449050904,-0.18410669267177583,0.9477919340133667,-0.26037487387657168,-0.2559124827384949,0.20954476296901704,0.9437160491943359],"EasingStyle":"Linear","EasingDirection":"In"},"Right Leg":{"Weight":1,"CFrame":[-0.09991184622049332,-0.008372068405151368,-0.009653568267822266,0.9819627404212952,-0.0014586609322577716,-0.18906927108764649,-0.0016562561504542828,0.9998655319213867,-0.016315966844558717,0.18906769156455995,0.01633479818701744,0.9818282127380371],"EasingStyle":"Linear","EasingDirection":"In"},"Torso":{"Weight":1,"CFrame":[0.008783139288425446,0,-0.00006103515625,0.99990314245224,0,0.013924459926784039,0,1,0,-0.013924459926784039,0,0.99990314245224],"EasingStyle":"Linear","EasingDirection":"In"},"HumanoidRootPart":{"Weight":0,"CFrame":[0,0,0,1,0,0,0,1,0,0,0,1],"EasingStyle":"Linear","EasingDirection":"In"},"Head":{"Weight":1,"CFrame":[9.313225746154785e-8,0,-1.7881393432617188e-7,1,0,8.754432201385498e-8,0,1,0,-8.754432201385498e-8,0,1],"EasingStyle":"Linear","EasingDirection":"In"}}},{"Time":0.5,"poses":{"Left Leg":{"Weight":1,"CFrame":[-0.10434788465499878,0.01174914836883545,0.02930760383605957,0.9764844179153442,-0.10240091383457184,0.18971650302410127,0.10112126916646958,0.9947382807731628,0.016439711675047876,-0.19040171802043916,0.003131252247840166,0.9817012548446655],"EasingStyle":"Linear","EasingDirection":"In"},"Right Arm":{"Weight":1,"CFrame":[0,3.5762786865234377e-7,0.11446332931518555,0.9490066766738892,-0.24037767946720124,-0.20397314429283143,0.18410669267177583,0.9477920532226563,-0.2603747546672821,0.2559124529361725,0.20954468846321107,0.9437161087989807],"EasingStyle":"Linear","EasingDirection":"In"},"Left Arm":{"Weight":1,"CFrame":[3.4566955520176637e-8,0,0.1144634485244751,0.9490066170692444,0.24037772417068482,0.20397314429283143,-0.18410667777061463,0.9477919936180115,-0.26037487387657168,-0.2559124529361725,0.20954479277133943,0.9437161087989807],"EasingStyle":"Linear","EasingDirection":"In"},"Right Leg":{"Weight":1,"CFrame":[-0.09991084784269333,-0.00840306282043457,-0.009653031826019287,0.9819630980491638,-0.0014584457967430354,-0.18906714022159577,-0.0016678436659276486,0.9998645782470703,-0.016375180333852769,0.18906542658805848,0.016395198181271554,0.9818276762962341],"EasingStyle":"Linear","EasingDirection":"In"},"Torso":{"Weight":1,"CFrame":[0.008810225874185562,0,-0.006731271743774414,0.9999025464057922,0,0.01396739948540926,0,1,0,-0.01396739948540926,0,0.9999025464057922],"EasingStyle":"Linear","EasingDirection":"In"},"HumanoidRootPart":{"Weight":0,"CFrame":[0,0,0,1,0,0,0,1,0,0,0,1],"EasingStyle":"Linear","EasingDirection":"In"},"Head":{"Weight":1,"CFrame":[8.568167686462403e-8,0,1.1920928955078126e-7,1,0,8.754432201385498e-8,0,1,0,-8.754432201385498e-8,0,1],"EasingStyle":"Linear","EasingDirection":"In"}}},{"Time":0.5416666865348816,"poses":{"Left Leg":{"Weight":1,"CFrame":[-0.1840173751115799,0.014524996280670166,0.04465341567993164,0.9713901281356812,-0.14284691214561463,0.1897258460521698,0.14225426316261292,0.989687442779541,0.016812054440379144,-0.19017080962657929,0.010658184997737408,0.9816931486129761],"EasingStyle":"Linear","EasingDirection":"In"},"Right Arm":{"Weight":1,"CFrame":[0,2.980232238769531e-7,0.1144634485244751,0.9490066766738892,-0.24037767946720124,-0.20397311449050904,0.18410669267177583,0.9477920532226563,-0.2603747248649597,0.2559124529361725,0.20954467356204987,0.9437160491943359],"EasingStyle":"Linear","EasingDirection":"In"},"Left Arm":{"Weight":1,"CFrame":[3.4566955520176637e-8,-2.682209014892578e-7,0.11446332931518555,0.9490066170692444,0.24037769436836244,0.20397311449050904,-0.18410667777061463,0.9477919340133667,-0.26037484407424929,-0.2559124529361725,0.20954477787017823,0.9437160491943359],"EasingStyle":"Linear","EasingDirection":"In"},"Right Leg":{"Weight":1,"CFrame":[0.09411738812923432,-0.006814241409301758,0.027740955352783204,0.9771597385406494,0.09703584015369415,-0.1890583038330078,-0.10201175510883331,0.9946423768997192,-0.016744142398238183,0.18642055988311768,0.03564782813191414,0.9818231463432312],"EasingStyle":"Linear","EasingDirection":"In"},"Torso":{"Weight":1,"CFrame":[0.008999813348054886,0,-0.019120454788208009,0.9998983144760132,0,0.014267968945205212,0,1,0,-0.014267968945205212,0,0.9998983144760132],"EasingStyle":"Linear","EasingDirection":"In"},"HumanoidRootPart":{"Weight":0,"CFrame":[0,0,0,1,0,0,0,1,0,0,0,1],"EasingStyle":"Linear","EasingDirection":"In"},"Head":{"Weight":1,"CFrame":[9.12696123123169e-8,0,-1.1920928955078126e-7,1,0,8.754432201385498e-8,0,1,0,-8.754432201385498e-8,0,1],"EasingStyle":"Linear","EasingDirection":"In"}}},{"Time":0.5833333134651184,"poses":{"Left Leg":{"Weight":1,"CFrame":[-0.22013503313064576,0.0164949893951416,0.05158674716949463,0.968511700630188,-0.16118717193603517,0.18974649906158448,0.16075243055820466,0.9868345856666565,0.01778564229607582,-0.19011522829532624,0.013276495970785618,0.9816719889640808],"EasingStyle":"Linear","EasingDirection":"In"},"Right Arm":{"Weight":1,"CFrame":[0,1.1920928955078126e-7,0.114463210105896,0.9490066766738892,-0.24037764966487885,-0.20397314429283143,0.184106707572937,0.9477920532226563,-0.2603747546672821,0.2559124529361725,0.20954464375972749,0.9437161087989807],"EasingStyle":"Linear","EasingDirection":"In"},"Left Arm":{"Weight":1,"CFrame":[3.4566955520176637e-8,-5.960464477539063e-8,0.1144634485244751,0.9490066170692444,0.24037769436836244,0.20397314429283143,-0.18410669267177583,0.9477919340133667,-0.26037487387657168,-0.2559124827384949,0.20954477787017823,0.9437160491943359],"EasingStyle":"Linear","EasingDirection":"In"},"Right Leg":{"Weight":1,"CFrame":[0.13925227522850038,-0.006341338157653809,0.03645193576812744,0.9746169447898865,0.11994288861751557,-0.18903832137584687,-0.12550923228263856,0.9919344782829285,-0.017709432169795038,0.185389444231987,0.04098596051335335,0.9818100929260254],"EasingStyle":"Linear","EasingDirection":"In"},"Torso":{"Weight":1,"CFrame":[0.00951441004872322,0,-0.025797605514526368,0.9998863339424133,0,0.015083794482052327,0,1,0,-0.015083794482052327,0,0.9998863339424133],"EasingStyle":"Linear","EasingDirection":"In"},"HumanoidRootPart":{"Weight":0,"CFrame":[0,0,0,1,0,0,0,1,0,0,0,1],"EasingStyle":"Linear","EasingDirection":"In"},"Head":{"Weight":1,"CFrame":[8.568167686462403e-8,0,-1.7881393432617188e-7,1,0,8.754432201385498e-8,0,1,0,-8.754432201385498e-8,0,1],"EasingStyle":"Linear","EasingDirection":"In"}}},{"Time":0.625,"poses":{"Left Leg":{"Weight":1,"CFrame":[-0.12580080330371858,0.03469443321228027,0.032958388328552249,0.9742955565452576,-0.11442083865404129,0.19405163824558259,0.10538805276155472,0.9928370714187622,0.056285127997398379,-0.1991017907857895,-0.034387633204460147,0.9793753027915955],"EasingStyle":"Linear","EasingDirection":"In"},"Right Arm":{"Weight":1,"CFrame":[0,2.980232238769531e-7,0.11446332931518555,0.9490066766738892,-0.24037764966487885,-0.20397314429283143,0.18410669267177583,0.9477919936180115,-0.2603747248649597,0.2559124529361725,0.20954462885856629,0.9437161087989807],"EasingStyle":"Linear","EasingDirection":"In"},"Left Arm":{"Weight":1,"CFrame":[3.4566955520176637e-8,5.960464477539063e-8,0.1144634485244751,0.9490066170692444,0.24037772417068482,0.20397314429283143,-0.18410669267177583,0.9477919936180115,-0.26037484407424929,-0.2559124231338501,0.20954479277133943,0.9437160491943359],"EasingStyle":"Linear","EasingDirection":"In"},"Right Leg":{"Weight":1,"CFrame":[-0.05712026357650757,-0.029003620147705079,-0.0018056035041809083,0.9826551079750061,0.019063452258706094,-0.18446020781993867,-0.02987140789628029,0.9979842901229858,-0.05599170923233032,0.18302100896835328,0.0605306401848793,0.9812437891960144],"EasingStyle":"Linear","EasingDirection":"In"},"Torso":{"Weight":1,"CFrame":[-0.06201674044132233,0,-0.010378122329711914,0.9998610019683838,0,0.016672488301992418,0,1,0,-0.016672488301992418,0,0.9998610019683838],"EasingStyle":"Linear","EasingDirection":"In"},"HumanoidRootPart":{"Weight":0,"CFrame":[0,0,0,1,0,0,0,1,0,0,0,1],"EasingStyle":"Linear","EasingDirection":"In"},"Head":{"Weight":1,"CFrame":[8.940696716308594e-8,0,0,1,0,8.754432201385498e-8,0,1,0,-8.754432201385498e-8,0,1],"EasingStyle":"Linear","EasingDirection":"In"}}},{"Time":0.6666666865348816,"poses":{"Left Leg":{"Weight":1,"CFrame":[-0.08742000162601471,0.04167848825454712,0.024919748306274415,0.9760704040527344,-0.09530334174633026,0.19545802474021913,0.08275157958269119,0.9940072894096375,0.07142625004053116,-0.2010938674211502,-0.053542573004961017,0.9781076312065125],"EasingStyle":"Linear","EasingDirection":"In"},"Right Arm":{"Weight":1,"CFrame":[0,1.7881393432617188e-7,0.11446332931518555,0.9490066766738892,-0.24037767946720124,-0.20397311449050904,0.184106707572937,0.9477920532226563,-0.26037469506263735,0.2559124529361725,0.20954468846321107,0.9437160491943359],"EasingStyle":"Linear","EasingDirection":"In"},"Left Arm":{"Weight":1,"CFrame":[3.4566955520176637e-8,-8.940696716308594e-8,0.1144634485244751,0.9490066170692444,0.24037769436836244,0.20397311449050904,-0.18410669267177583,0.9477919936180115,-0.26037484407424929,-0.2559124529361725,0.20954474806785584,0.9437160491943359],"EasingStyle":"Linear","EasingDirection":"In"},"Right Leg":{"Weight":1,"CFrame":[-0.09672252088785172,-0.03644824028015137,-0.00952160358428955,0.9831399917602539,-0.0014604044845327736,-0.1828485131263733,-0.011725182645022869,0.9974066615104675,-0.0710102990269661,0.18247805535793305,0.07195699214935303,0.9805733561515808],"EasingStyle":"Linear","EasingDirection":"In"},"Torso":{"Weight":1,"CFrame":[-0.0845424234867096,0,-0.005262613296508789,0.9998139142990112,0,0.019291620701551439,0,1,0,-0.019291620701551439,0,0.9998139142990112],"EasingStyle":"Linear","EasingDirection":"In"},"HumanoidRootPart":{"Weight":0,"CFrame":[0,0,0,1,0,0,0,1,0,0,0,1],"EasingStyle":"Linear","EasingDirection":"In"},"Head":{"Weight":1,"CFrame":[8.195638656616211e-8,0,0,1,0,8.754432201385498e-8,0,1,0,-8.754432201385498e-8,0,1],"EasingStyle":"Linear","EasingDirection":"In"}}},{"Time":0.7083333134651184,"poses":{"Left Leg":{"Weight":1,"CFrame":[-0.06960685551166535,0.04740792512893677,0.020873069763183595,0.9767196774482727,-0.08648379892110825,0.19631421566009522,0.07132340222597122,0.9939908981323242,0.0830363854765892,-0.20231586694717408,-0.06710151582956314,0.9770188331604004],"EasingStyle":"Linear","EasingDirection":"In"},"Right Arm":{"Weight":1,"CFrame":[0,5.960464477539063e-8,0.114463210105896,0.9490066766738892,-0.24037764966487885,-0.20397314429283143,0.184106707572937,0.9477919936180115,-0.2603747248649597,0.2559124231338501,0.20954465866088868,0.9437161087989807],"EasingStyle":"Linear","EasingDirection":"In"},"Left Arm":{"Weight":1,"CFrame":[3.4566955520176637e-8,-2.086162567138672e-7,0.1144634485244751,0.9490066170692444,0.24037769436836244,0.20397311449050904,-0.18410667777061463,0.9477919340133667,-0.26037484407424929,-0.2559124529361725,0.20954479277133943,0.9437160491943359],"EasingStyle":"Linear","EasingDirection":"In"},"Right Leg":{"Weight":1,"CFrame":[-0.0962095782160759,-0.04232621192932129,-0.009724318981170655,0.9833255410194397,-0.001460881787352264,-0.1818482130765915,-0.01376727782189846,0.9965000748634338,-0.08245059847831726,0.18133217096328736,0.08357932418584824,0.9798638820648193],"EasingStyle":"Linear","EasingDirection":"In"},"Torso":{"Weight":1,"CFrame":[-0.09616338461637497,0,-0.0023174285888671877,0.9997308850288391,0,0.023198623210191728,0,1,0,-0.023198623210191728,0,0.9997308850288391],"EasingStyle":"Linear","EasingDirection":"In"},"HumanoidRootPart":{"Weight":0,"CFrame":[0,0,0,1,0,0,0,1,0,0,0,1],"EasingStyle":"Linear","EasingDirection":"In"},"Head":{"Weight":1,"CFrame":[8.940696716308594e-8,0,1.1920928955078126e-7,1,0,8.754432201385498e-8,0,1,0,-8.754432201385498e-8,0,1],"EasingStyle":"Linear","EasingDirection":"In"}}},{"Time":0.75,"poses":{"Left Leg":{"Weight":1,"CFrame":[-0.07234621047973633,0.053144872188568118,0.020839929580688478,0.9764750003814697,-0.08801412582397461,0.1968504637479782,0.07070755958557129,0.993124783039093,0.09329316765069962,-0.20370817184448243,-0.07717961817979813,0.9759848117828369],"EasingStyle":"Linear","EasingDirection":"In"},"Right Arm":{"Weight":1,"CFrame":[0,2.384185791015625e-7,0.11446332931518555,0.9490066766738892,-0.24037764966487885,-0.20397311449050904,0.18410669267177583,0.9477920532226563,-0.2603747248649597,0.2559124231338501,0.20954462885856629,0.9437160491943359],"EasingStyle":"Linear","EasingDirection":"In"},"Left Arm":{"Weight":1,"CFrame":[3.4566955520176637e-8,5.960464477539063e-8,0.11446332931518555,0.9490066170692444,0.24037769436836244,0.20397311449050904,-0.18410667777061463,0.9477919936180115,-0.26037487387657168,-0.2559124827384949,0.20954477787017823,0.9437160491943359],"EasingStyle":"Linear","EasingDirection":"In"},"Right Leg":{"Weight":1,"CFrame":[-0.09589200466871262,-0.047471046447753909,-0.009983479976654053,0.9834398627281189,-0.0014612163649871946,-0.18122884631156922,-0.01555937621742487,0.9955947995185852,-0.09246037900447846,0.18056562542915345,0.0937490239739418,0.9790849089622498],"EasingStyle":"Linear","EasingDirection":"In"},"Torso":{"Weight":1,"CFrame":[-0.10037434846162796,0,-0.0007786750793457031,0.9995895028114319,0,0.028650671243667604,0,1,0,-0.028650671243667604,0,0.9995895028114319],"EasingStyle":"Linear","EasingDirection":"In"},"HumanoidRootPart":{"Weight":0,"CFrame":[0,0,0,1,0,0,0,1,0,0,0,1],"EasingStyle":"Linear","EasingDirection":"In"},"Head":{"Weight":1,"CFrame":[8.940696716308594e-8,0,0,1,0,8.754432201385498e-8,0,1,0,-8.754432201385498e-8,0,1],"EasingStyle":"Linear","EasingDirection":"In"}}},{"Time":0.7916666865348816,"poses":{"Left Leg":{"Weight":1,"CFrame":[-0.09341701865196228,0.059459030628204349,0.02435743808746338,0.9753835797309876,-0.09878836572170258,0.19714902341365815,0.07957243919372559,0.9914794564247131,0.10313471406698227,-0.2056577056646347,-0.08490822464227677,0.9749336838722229],"EasingStyle":"Linear","EasingDirection":"In"},"Right Arm":{"Weight":1,"CFrame":[0,2.384185791015625e-7,0.11446332931518555,0.9490066766738892,-0.24037764966487885,-0.20397311449050904,0.184106707572937,0.9477920532226563,-0.26037469506263735,0.2559124529361725,0.20954464375972749,0.9437160491943359],"EasingStyle":"Linear","EasingDirection":"In"},"Left Arm":{"Weight":1,"CFrame":[3.4566955520176637e-8,1.7881393432617188e-7,0.1144634485244751,0.9490066170692444,0.24037769436836244,0.20397308468818665,-0.18410669267177583,0.9477919936180115,-0.2603748142719269,-0.2559124827384949,0.20954477787017823,0.9437159895896912],"EasingStyle":"Linear","EasingDirection":"In"},"Right Leg":{"Weight":1,"CFrame":[-0.0957283079624176,-0.052351951599121097,-0.010304570198059082,0.9834986329078674,-0.0014614475658163429,-0.1809096485376358,-0.017276020720601083,0.9946390986442566,-0.10195451229810715,0.1800888329744339,0.10339746624231339,0.9782009124755859],"EasingStyle":"Linear","EasingDirection":"In"},"Torso":{"Weight":1,"CFrame":[-0.09824144840240479,0,-0.0004067420959472656,0.9993552565574646,0,0.03590431064367294,0,1,0,-0.03590431064367294,0,0.9993552565574646],"EasingStyle":"Linear","EasingDirection":"In"},"HumanoidRootPart":{"Weight":0,"CFrame":[0,0,0,1,0,0,0,1,0,0,0,1],"EasingStyle":"Linear","EasingDirection":"In"},"Head":{"Weight":1,"CFrame":[7.82310962677002e-8,0,3.5762786865234377e-7,1,0,8.568167686462403e-8,0,1,0,-8.568167686462403e-8,0,1],"EasingStyle":"Linear","EasingDirection":"In"}}},{"Time":0.8333333134651184,"poses":{"Left Leg":{"Weight":1,"CFrame":[-0.10492439568042755,0.059113383293151858,0.026722192764282228,0.974799394607544,-0.1046014279127121,0.19704002141952516,0.0858200192451477,0.9911189675331116,0.10157866775989533,-0.20591537654399873,-0.08210879564285279,0.9751189947128296],"EasingStyle":"Linear","EasingDirection":"In"},"Right Arm":{"Weight":1,"CFrame":[0,0,0.11446332931518555,0.9490066766738892,-0.24037767946720124,-0.20397311449050904,0.18410669267177583,0.9477920532226563,-0.2603747248649597,0.2559124231338501,0.20954465866088868,0.9437160491943359],"EasingStyle":"Linear","EasingDirection":"In"},"Left Arm":{"Weight":1,"CFrame":[3.4566955520176637e-8,1.1920928955078126e-7,0.11446332931518555,0.9490066170692444,0.24037769436836244,0.20397314429283143,-0.18410669267177583,0.9477919340133667,-0.26037487387657168,-0.2559124827384949,0.20954476296901704,0.9437161087989807],"EasingStyle":"Linear","EasingDirection":"In"},"Right Leg":{"Weight":1,"CFrame":[-0.09579496830701828,-0.05156910419464111,-0.010257542133331299,0.9834747314453125,-0.001461335807107389,-0.18103966116905213,-0.017009662464261056,0.9947984218597412,-0.10043279826641083,0.18024474382400514,0.10185250639915467,0.9783343076705933],"EasingStyle":"Linear","EasingDirection":"In"},"Torso":{"Weight":1,"CFrame":[-0.09670625627040863,0,-0.002004861831665039,0.9993752241134644,0,0.03534357249736786,0,1,0,-0.03534357249736786,0,0.9993752241134644],"EasingStyle":"Linear","EasingDirection":"In"},"HumanoidRootPart":{"Weight":0,"CFrame":[0,0,0,1,0,0,0,1,0,0,0,1],"EasingStyle":"Linear","EasingDirection":"In"},"Head":{"Weight":1,"CFrame":[8.568167686462403e-8,0,1.1920928955078126e-7,1,0,8.568167686462403e-8,0,1,0,-8.568167686462403e-8,0,1],"EasingStyle":"Linear","EasingDirection":"In"}}},{"Time":0.875,"poses":{"Left Leg":{"Weight":1,"CFrame":[-0.17163871228694917,0.05616044998168945,0.04045712947845459,0.9707530736923218,-0.13826701045036317,0.19626694917678834,0.1224457323551178,0.9883280992507935,0.0906345471739769,-0.20650793612003327,-0.06395167112350464,0.9763527512550354],"EasingStyle":"Linear","EasingDirection":"In"},"Right Arm":{"Weight":1,"CFrame":[0,4.172325134277344e-7,0.11446332931518555,0.9490066766738892,-0.24037764966487885,-0.20397311449050904,0.184106707572937,0.9477919936180115,-0.2603747248649597,0.2559124529361725,0.20954462885856629,0.9437160491943359],"EasingStyle":"Linear","EasingDirection":"In"},"Left Arm":{"Weight":1,"CFrame":[3.4566955520176637e-8,5.960464477539063e-8,0.1144634485244751,0.9490066170692444,0.24037769436836244,0.20397314429283143,-0.18410669267177583,0.9477919340133667,-0.26037487387657168,-0.2559124529361725,0.20954477787017823,0.9437161087989807],"EasingStyle":"Linear","EasingDirection":"In"},"Right Leg":{"Weight":1,"CFrame":[-0.09626305848360062,-0.04606068134307861,-0.009961485862731934,0.9833062887191773,-0.0014606426702812315,-0.18195229768753053,-0.015122191980481148,0.9958524107933044,-0.08971758931875229,0.1813286989927292,0.09097136557102204,0.979205846786499],"EasingStyle":"Linear","EasingDirection":"In"},"Torso":{"Weight":1,"CFrame":[-0.08596016466617584,0,-0.013198375701904297,0.9995063543319702,0,0.031418003141880038,0,1,0,-0.031418003141880038,0,0.9995063543319702],"EasingStyle":"Linear","EasingDirection":"In"},"HumanoidRootPart":{"Weight":0,"CFrame":[0,0,0,1,0,0,0,1,0,0,0,1],"EasingStyle":"Linear","EasingDirection":"In"},"Head":{"Weight":1,"CFrame":[7.078051567077637e-8,0,1.1920928955078126e-7,1,0,8.568167686462403e-8,0,1,0,-8.568167686462403e-8,0,1],"EasingStyle":"Linear","EasingDirection":"In"}}},{"Time":0.9166666865348816,"poses":{"Left Leg":{"Weight":1,"CFrame":[-0.2981736660003662,0.045566022396087649,0.0663909912109375,0.9599788188934326,-0.2019302397966385,0.19407416880130769,0.19374190270900727,0.9791859984397888,0.06048939377069473,-0.20224936306476594,-0.020468268543481828,0.979120135307312],"EasingStyle":"Linear","EasingDirection":"In"},"Right Arm":{"Weight":1,"CFrame":[0,2.384185791015625e-7,0.11446332931518555,0.9490066766