{"Sequence":[{"Time":0,"poses":{"Left Leg":{"Weight":1,"CFrame":[-0.6933239698410034,0.44151997566223147,-0.390377014875412,0.9604441523551941,-0.2337353527545929,-0.15137644112110139,0.2681675851345062,0.6298031210899353,0.7289952039718628,-0.07505461573600769,-0.7407535314559937,0.6675710678100586],"EasingStyle":"Constant","EasingDirection":"In"},"Right Leg":{"Weight":1,"CFrame":[0.08428644388914108,0.0073702335357666019,0.06798934936523438,0.9143057465553284,0.1884298026561737,-0.35852354764938357,-0.2023819088935852,0.979305624961853,-0.00141851045191288,0.35083693265914919,0.07385559380054474,0.9335196018218994],"EasingStyle":"Constant","EasingDirection":"In"},"Right Arm":{"Weight":1,"CFrame":[-0.33268576860427859,-0.3518080413341522,0.5556995272636414,0.8305885195732117,0.2820061147212982,-0.48020341992378237,0.518733024597168,-0.07810967415571213,0.8513606190681458,0.2025802880525589,-0.956227719783783,-0.21116289496421815],"EasingStyle":"Constant","EasingDirection":"In"},"Head":{"Weight":1,"CFrame":[7.450580596923828e-8,-4.656612873077393e-10,-8.940696716308594e-8,0.9850983023643494,0.12868641316890717,0.11411013454198837,-0.12817147374153138,0.9916809797286987,-0.011868922039866448,-0.11468823254108429,-0.002933608368039131,0.9933971762657166],"EasingStyle":"Constant","EasingDirection":"In"},"handle":{"Weight":1,"CFrame":[-0.07899569720029831,0.6273583173751831,0.18589738011360169,0.7648215293884277,-0.23397164046764375,0.600254476070404,0.3633228540420532,0.9260669946670532,-0.10196294635534287,-0.532019317150116,0.2960696220397949,0.7932831645011902],"EasingStyle":"Constant","EasingDirection":"In"},"Torso":{"Weight":1,"CFrame":[0.00945136696100235,-0.0023090962786227466,-0.049877408891916278,0.9904690384864807,-0.13722816109657288,0.011814121156930924,0.1372709423303604,0.9905293583869934,-0.002886382630094886,-0.011306140571832657,0.004480608273297548,0.9999260306358337],"EasingStyle":"Constant","EasingDirection":"In"},"HumanoidRootPart":{"Weight":0,"CFrame":[0,0,0,1,0,0,0,1,0,0,0,1],"EasingStyle":"Linear","EasingDirection":"In"},"Left Arm":{"Weight":1,"CFrame":[-0.07372456043958664,0.2627575397491455,0.5381265878677368,0.1928054839372635,0.48195695877075198,0.8547183871269226,-0.349768728017807,-0.780086874961853,0.5187739133834839,0.9167812466621399,-0.39897620677948,0.018168454989790918],"EasingStyle":"Constant","EasingDirection":"In"}}},{"Time":0.03333333507180214,"poses":{"Left Leg":{"Weight":1,"CFrame":[-0.7037857174873352,0.44289737939834597,-0.3823816180229187,0.9571753740310669,-0.2510434687137604,-0.14419592916965486,0.275606244802475,0.6376534104347229,0.7193326950073242,-0.08863670378923416,-0.7282686829566956,0.6795351505279541],"EasingStyle":"Constant","EasingDirection":"In"},"Right Leg":{"Weight":1,"CFrame":[0.14259842038154603,0.020622193813323976,0.08704701066017151,0.9107179045677185,0.2186160832643509,-0.3504280149936676,-0.23042024672031403,0.9730565547943115,0.008212754502892495,0.34278178215026858,0.0732661560177803,0.9365536570549011],"EasingStyle":"Constant","EasingDirection":"In"},"Right Arm":{"Weight":1,"CFrame":[-0.33328819274902346,-0.37239012122154238,0.544342577457428,0.8319287300109863,0.28032323718070986,-0.478866845369339,0.5137310028076172,-0.06296699494123459,0.8556375503540039,0.20970220863819123,-0.957838237285614,-0.19639474153518678],"EasingStyle":"Constant","EasingDirection":"In"},"Head":{"Weight":1,"CFrame":[8.568167686462403e-8,2.3283064365386964e-9,-4.172325134277344e-7,0.9858143925666809,0.11832702159881592,0.11903247237205506,-0.11756668239831925,0.9929744005203247,-0.013414386659860611,-0.11978348344564438,-0.0007701569702476263,0.9927997589111328],"EasingStyle":"Constant","EasingDirection":"In"},"handle":{"Weight":1,"CFrame":[-0.07969825714826584,0.6255627870559692,0.19007717072963715,0.7604519724845886,-0.2297021448612213,0.6074126362800598,0.36656391620635989,0.9239237308502197,-0.10952526330947876,-0.5360445380210877,0.30594420433044436,0.7867999076843262],"EasingStyle":"Constant","EasingDirection":"In"},"Torso":{"Weight":1,"CFrame":[0.001666693133302033,-0.0028317889664322139,-0.06424999237060547,0.9916949272155762,-0.12859545648097993,0.002083279425278306,0.12860223650932313,0.991689920425415,-0.0035397482570260765,-0.0016107716364786029,0.003778264857828617,0.9999915361404419],"EasingStyle":"Constant","EasingDirection":"In"},"HumanoidRootPart":{"Weight":0,"CFrame":[0,0,0,1,0,0,0,1,0,0,0,1],"EasingStyle":"Linear","EasingDirection":"In"},"Left Arm":{"Weight":1,"CFrame":[-0.07372353225946427,0.22012346982955934,0.5355425477027893,0.2007794827222824,0.49468618631362917,0.8455609083175659,-0.3183964788913727,-0.7833243012428284,0.5338789820671082,0.9264509081840515,-0.37641552090644839,0.00023089243040885776],"EasingStyle":"Constant","EasingDirection":"In"}}},{"Time":0.06666667014360428,"poses":{"Left Leg":{"Weight":1,"CFrame":[-0.7284764051437378,0.4456096887588501,-0.3584150969982147,0.9474121928215027,-0.2948281466960907,-0.12444476038217545,0.29564791917800906,0.657541811466217,0.6929870247840881,-0.12248444557189942,-0.6933362483978272,0.7101284861564636],"EasingStyle":"Constant","EasingDirection":"In"},"Right Leg":{"Weight":1,"CFrame":[0.26251518726348879,0.05947297811508179,0.11899346113204956,0.9027711749076843,0.27753543853759768,-0.3286004662513733,-0.28236016631126406,0.9587062001228333,0.033987484872341159,0.32446402311325076,0.062100671231746677,0.9438573122024536],"EasingStyle":"Constant","EasingDirection":"In"},"Right Arm":{"Weight":1,"CFrame":[-0.3347945809364319,-0.4238443672657013,0.5159503817558289,0.8358361721038818,0.27675914764404299,-0.4741121530532837,0.49947357177734377,-0.024973485618829728,0.8659691214561462,0.22782452404499055,-0.9606147408485413,-0.15910747647285462],"EasingStyle":"Constant","EasingDirection":"In"},"Head":{"Weight":1,"CFrame":[7.450580596923828e-8,0,3.5762786865234377e-7,0.987054705619812,0.09097328037023545,0.1320863664150238,-0.08947613835334778,0.9958397746086121,-0.017238499596714975,-0.13310512900352479,0.005196765530854464,0.991088330745697],"EasingStyle":"Constant","EasingDirection":"In"},"handle":{"Weight":1,"CFrame":[-0.08145452290773392,0.6210746765136719,0.2005261927843094,0.7491649985313416,-0.2180555760860443,0.6254627108573914,0.37442097067832949,0.9183381795883179,-0.1283119171857834,-0.5464071035385132,0.3303130865097046,0.7696313858032227],"EasingStyle":"Constant","EasingDirection":"In"},"Torso":{"Weight":1,"CFrame":[-0.01889435201883316,-0.003875373862683773,-0.10167741775512696,0.9941534399986267,-0.1053619459271431,-0.023618031293153764,0.10527630150318146,0.99443119764328,-0.004844227340072393,0.023996904492378236,0.0023294866550713779,0.9997093081474304],"EasingStyle":"Constant","EasingDirection":"In"},"HumanoidRootPart":{"Weight":0,"CFrame":[0,0,0,1,0,0,0,1,0,0,0,1],"EasingStyle":"Linear","EasingDirection":"In"},"Left Arm":{"Weight":1,"CFrame":[-0.07371681928634644,0.1135411262512207,0.5287306904792786,0.21847045421600343,0.5271040797233582,0.8212380409240723,-0.23777858912944795,-0.7874479293823242,0.5686714053153992,0.9464312195777893,-0.3195106089115143,-0.04669998958706856],"EasingStyle":"Constant","EasingDirection":"In"}}},{"Time":0.10000000149011612,"poses":{"Left Leg":{"Weight":1,"CFrame":[-0.7570772171020508,0.44680577516555788,-0.3184242844581604,0.931025505065918,-0.3524947464466095,-0.0945461168885231,0.3250998854637146,0.6833218932151794,0.653744101524353,-0.16583585739135743,-0.6393892168998718,0.7507860660552979],"EasingStyle":"Constant","EasingDirection":"In"},"Right Leg":{"Weight":1,"CFrame":[0.3915070593357086,0.12049996852874756,0.13801723718643189,0.8941842913627625,0.3352285623550415,-0.2967427968978882,-0.3292858898639679,0.9415276050567627,0.07139059901237488,0.30332374572753909,0.03387684375047684,0.9522851705551148],"EasingStyle":"Constant","EasingDirection":"In"},"Right Arm":{"Weight":1,"CFrame":[-0.33675259351730349,-0.49073559045791628,0.4790402054786682,0.8420253992080689,0.2737056314945221,-0.4648424983024597,0.4770139157772064,0.02458966337144375,0.8785516619682312,0.2518947720527649,-0.9614991545677185,-0.10985616594552994],"EasingStyle":"Constant","EasingDirection":"In"},"Head":{"Weight":1,"CFrame":[4.470348358154297e-8,9.313225746154786e-10,1.1920928955078126e-7,0.9871969223022461,0.05225873365998268,0.15070243179798127,-0.04949817806482315,0.9985315799713135,-0.022013967856764795,-0.15163159370422364,0.014272629283368588,0.988334059715271],"EasingStyle":"Constant","EasingDirection":"In"},"handle":{"Weight":1,"CFrame":[-0.08373779058456421,0.6152400970458984,0.21411015093326569,0.7336705327033997,-0.20078898966312409,0.6491619944572449,0.3841078281402588,0.9106146693229675,-0.15245367586612702,-0.5605254173278809,0.3611989915370941,0.7452157735824585],"EasingStyle":"Constant","EasingDirection":"In"},"Torso":{"Weight":1,"CFrame":[-0.04799914360046387,-0.004496622830629349,-0.15376567840576173,0.9956311583518982,-0.07154550403356552,-0.059999018907547,0.07133651524782181,0.9974364638328552,-0.00562078645452857,0.06024735048413277,0.001316109555773437,0.9981825947761536],"EasingStyle":"Constant","EasingDirection":"In"},"HumanoidRootPart":{"Weight":0,"CFrame":[0,0,0,1,0,0,0,1,0,0,0,1],"EasingStyle":"Linear","EasingDirection":"In"},"Left Arm":{"Weight":1,"CFrame":[-0.07369858026504517,-0.025017201900482179,0.519099771976471,0.23632560670375825,0.5700210332870483,0.7869091629981995,-0.1295163333415985,-0.7841434478759766,0.6069141626358032,0.9630035161972046,-0.24534684419631959,-0.11148611456155777],"EasingStyle":"Constant","EasingDirection":"In"}}},{"Time":0.13333334028720857,"poses":{"Left Leg":{"Weight":1,"CFrame":[-0.7813376188278198,0.4432711601257324,-0.2650383710861206,0.9089651107788086,-0.41289517283439639,-0.057444967329502109,0.3603397309780121,0.7089148163795471,0.6062960624694824,-0.20961318910121919,-0.5718018412590027,0.7931615114212036],"EasingStyle":"Constant","EasingDirection":"In"},"Right Leg":{"Weight":1,"CFrame":[0.5079969167709351,0.19584381580352784,0.13482683897018434,0.8878846764564514,0.3804081976413727,-0.2587476372718811,-0.36251822113990786,0.9247762560844421,0.11562640219926834,0.2832689881324768,-0.008862262591719628,0.9589995741844177],"EasingStyle":"Constant","EasingDirection":"In"},"Right Arm":{"Weight":1,"CFrame":[-0.33871036767959597,-0.5576266646385193,0.44213026762008669,0.849987268447876,0.27360183000564577,-0.450181782245636,0.4480362832546234,0.07405374199151993,0.8909431099891663,0.2771012485027313,-0.9589880704879761,-0.05963871255517006],"EasingStyle":"Constant","EasingDirection":"In"},"Head":{"Weight":1,"CFrame":[8.940696716308594e-8,4.6566128730773929e-9,-2.086162567138672e-7,0.9850280284881592,0.007950974628329277,0.1722109615802765,-0.0034257154911756517,0.9996413588523865,-0.02655867300927639,-0.1723603904247284,0.02557109296321869,0.9847019910812378],"EasingStyle":"Constant","EasingDirection":"In"},"handle":{"Weight":1,"CFrame":[-0.08602187037467957,0.6094053387641907,0.22769472002983094,0.7168406844139099,-0.1802287995815277,0.6735405921936035,0.3926045000553131,0.9026498198509216,-0.17630912363529206,-0.5761954188346863,0.39082077145576479,0.7178148627281189],"EasingStyle":"Constant","EasingDirection":"In"},"Torso":{"Weight":1,"CFrame":[-0.08128971606492996,-0.003916171379387379,-0.2118844836950302,0.9943304657936096,-0.031335145235061648,-0.10161223262548447,0.03099803999066353,0.999507486820221,-0.004895217251032591,0.1017155796289444,0.0017176836263388396,0.99481201171875],"EasingStyle":"Constant","EasingDirection":"In"},"HumanoidRootPart":{"Weight":0,"CFrame":[0,0,0,1,0,0,0,1,0,0,0,1],"EasingStyle":"Linear","EasingDirection":"In"},"Left Arm":{"Weight":1,"CFrame":[-0.07366321980953217,-0.1635759472846985,0.5080599784851074,0.24799858033657075,0.6130315065383911,0.7501260042190552,-0.01930326409637928,-0.7710346579551697,0.6365005970001221,0.9685680866241455,-0.1723310500383377,-0.17938198149204255],"EasingStyle":"Constant","EasingDirection":"In"}}},{"Time":0.1666666716337204,"poses":{"Left Leg":{"Weight":1,"CFrame":[-0.7961608171463013,0.43272316455841067,-0.20460131764411927,0.8838287591934204,-0.46749329566955569,-0.0172262005507946,0.39679989218711855,0.7296569347381592,0.5569117665290833,-0.24778324365615846,-0.49904993176460268,0.8303930163383484],"EasingStyle":"Constant","EasingDirection":"In"},"Right Leg":{"Weight":1,"CFrame":[0.6014951467514038,0.2739386558532715,0.11034968495368958,0.8858680725097656,0.4091501533985138,-0.2187095582485199,-0.3807322680950165,0.9105215072631836,0.16122514009475709,0.26510509848594668,-0.05955449119210243,0.9623786211013794],"EasingStyle":"Constant","EasingDirection":"In"},"Right Arm":{"Weight":1,"CFrame":[-0.3402167558670044,-0.6090812683105469,0.4137381315231323,0.8590258359909058,0.27861493825912478,-0.4294746220111847,0.415213018655777,0.11154048144817352,0.9028603434562683,0.29945406317710879,-0.9539037942886353,-0.01986823044717312],"EasingStyle":"Constant","EasingDirection":"In"},"Head":{"Weight":1,"CFrame":[7.450580596923828e-8,4.6566128730773929e-9,2.384185791015625e-7,0.9803720712661743,-0.036115728318691257,0.1938200294971466,0.0427376851439476,0.9986330270767212,-0.030092211440205575,-0.1924683004617691,0.03778499364852905,0.980575442314148],"EasingStyle":"Constant","EasingDirection":"In"},"handle":{"Weight":1,"CFrame":[-0.08777834475040436,0.6049172878265381,0.23814348876476289,0.7017917633056641,-0.15952180325984956,0.6942919492721558,0.3965314030647278,0.8971399664878845,-0.1946861892938614,-0.591820240020752,0.4119376838207245,0.6928606629371643],"EasingStyle":"Constant","EasingDirection":"In"},"Torso":{"Weight":1,"CFrame":[-0.114339180290699,-0.0018454338423907757,-0.2668163776397705,0.9896735548973084,0.010907708667218686,-0.14292407035827638,-0.011353917419910431,0.9999328851699829,-0.0023067917209118606,0.14288932085037232,0.003905718680471182,0.989730954170227],"EasingStyle":"Constant","EasingDirection":"In"},"HumanoidRootPart":{"Weight":0,"CFrame":[0,0,0,1,0,0,0,1,0,0,0,1],"EasingStyle":"Linear","EasingDirection":"In"},"Left Arm":{"Weight":1,"CFrame":[-0.07360468059778214,-0.2701587677001953,0.4970199167728424,0.25265565514564516,0.6456460356712341,0.7206290364265442,0.06542762368917465,-0.7544889450073242,0.6530435085296631,0.9653415679931641,-0.11784597486257553,-0.2328689843416214],"EasingStyle":"Constant","EasingDirection":"In"}}},{"Time":0.20000000298023225,"poses":{"Left Leg":{"Weight":1,"CFrame":[-0.7993801236152649,0.4150678515434265,-0.14607641100883485,0.8595982789993286,-0.5105443596839905,0.020864319056272508,0.4290478825569153,0.7433549761772156,0.5131678581237793,-0.2775045335292816,-0.4321664273738861,0.858034610748291],"EasingStyle":"Constant","EasingDirection":"In"},"Right Leg":{"Weight":1,"CFrame":[0.6666454076766968,0.3407629132270813,0.07311168313026428,0.8887444734573364,0.4212748408317566,-0.1807229220867157,-0.3856729567050934,0.9002655744552612,0.20193612575531007,0.24776926636695863,-0.10976973921060562,0.9625803828239441],"EasingStyle":"Constant","EasingDirection":"In"},"Right Arm":{"Weight":1,"CFrame":[-0.34081918001174929,-0.6296634674072266,0.40238115191459658,0.8684191703796387,0.29026952385902407,-0.4019848704338074,0.38199079036712649,0.1252172589302063,0.9156438112258911,0.31611886620521548,-0.9487171769142151,-0.002139068441465497],"EasingStyle":"Constant","EasingDirection":"In"},"Head":{"Weight":1,"CFrame":[7.450580596923828e-8,7.450580596923828e-9,-1.7881393432617188e-7,0.9742968678474426,-0.07422754168510437,0.21268728375434876,0.08294288069009781,0.9960294365882874,-0.032339345663785937,-0.20944233238697053,0.04914902150630951,0.9765850305557251],"EasingStyle":"Constant","EasingDirection":"In"},"handle":{"Weight":1,"CFrame":[-0.08848077058792114,0.6031225919723511,0.242323637008667,0.6918337941169739,-0.14240309596061707,0.70787513256073,0.3921840190887451,0.8972544074058533,-0.2027960568666458,-0.6062653660774231,0.41791853308677676,0.6765992045402527],"EasingStyle":"Constant","EasingDirection":"In"},"Torso":{"Weight":1,"CFrame":[-0.14282341301441194,0.0013772090896964074,-0.3086560070514679,0.9826213717460632,0.050818778574466708,-0.17852935194969178,-0.051336511969566348,0.9986799359321594,0.0017215135740116239,0.17838117480278016,0.007473476231098175,0.9839330911636353],"EasingStyle":"Constant","EasingDirection":"In"},"HumanoidRootPart":{"Weight":0,"CFrame":[0,0,0,1,0,0,0,1,0,0,0,1],"EasingStyle":"Linear","EasingDirection":"In"},"Left Arm":{"Weight":1,"CFrame":[-0.07351747900247574,-0.3127927780151367,0.48738962411880495,0.2534674406051636,0.6584834456443787,0.7086281180381775,0.09905989468097687,-0.7463679313659668,0.6581201553344727,0.9622584581375122,-0.09661531448364258,-0.2544092833995819],"EasingStyle":"Constant","EasingDirection":"In"}}},{"Time":0.23333333432674409,"poses":{"Left Leg":{"Weight":1,"CFrame":[-0.7907034754753113,0.3927067518234253,-0.09901325404644013,0.8411138653755188,-0.5384626388549805,0.050847914069890979,0.4511856138706207,0.7503965497016907,0.4830491542816162,-0.29826000332832339,-0.38335752487182619,0.874115526676178],"EasingStyle":"Constant","EasingDirection":"In"},"Right Leg":{"Weight":1,"CFrame":[0.7012337446212769,0.3815443515777588,0.036755114793777469,0.8958293795585632,0.41880694031715395,-0.14862848818302155,-0.3803633749485016,0.8955461382865906,0.2309129238128662,0.2298116385936737,-0.15032579004764558,0.9615554213523865],"EasingStyle":"Constant","EasingDirection":"In"},"Right Arm":{"Weight":1,"CFrame":[-0.3404417634010315,-0.6236838102340698,0.40344634652137759,0.8778294920921326,0.3054908514022827,-0.36890479922294619,0.34890130162239077,0.11983548104763031,0.9294661283493042,0.32815122604370119,-0.944624125957489,-0.0013909152476117015],"EasingStyle":"Constant","EasingDirection":"In"},"Head":{"Weight":1,"CFrame":[3.725290298461914e-8,-1.1175870895385743e-8,-8.940696716308594e-8,0.9688814878463745,-0.10093600302934647,0.22601009905338288,0.11127667129039765,0.9932261109352112,-0.03345703333616257,-0.22110211849212647,0.057565540075302127,0.9735502600669861],"EasingStyle":"Constant","EasingDirection":"In"},"handle":{"Weight":1,"CFrame":[-0.08124753087759018,0.6110453009605408,0.23701176047325135,0.6913095116615295,-0.11725491285324097,0.7129813432693481,0.3655945956707001,0.9078788757324219,-0.20517468452453614,-0.6232429146766663,0.40250128507614138,0.6704930663108826],"EasingStyle":"Constant","EasingDirection":"In"},"Torso":{"Weight":1,"CFrame":[-0.16266852617263795,0.004853927530348301,-0.3269553482532501,0.9754793643951416,0.0842289924621582,-0.20333577692508698,-0.08476912975311279,0.9963821172714233,0.006067418027669191,0.2031112015247345,0.011317956261336804,0.9790902733802795],"EasingStyle":"Constant","EasingDirection":"In"},"HumanoidRootPart":{"Weight":0,"CFrame":[0,0,0,1,0,0,0,1,0,0,0,1],"EasingStyle":"Linear","EasingDirection":"In"},"Left Arm":{"Weight":1,"CFrame":[-0.0733780786395073,-0.2964174747467041,0.480238139629364,0.2534673810005188,0.6584833264350891,0.7086281776428223,0.08798620849847794,-0.7452074289321899,0.661002516746521,0.9633341431617737,-0.10519298911094666,-0.2468232363462448],"EasingStyle":"Constant","EasingDirection":"In"}}},{"Time":0.2666666805744171,"poses":{"Left Leg":{"Weight":1,"CFrame":[-0.773932158946991,0.3725244402885437,-0.07125675678253174,0.8318161964416504,-0.5508480072021484,0.0681789368391037,0.45932382345199587,0.7521042227745056,0.47261056303977969,-0.3116142749786377,-0.3618089258670807,0.8786301016807556],"EasingStyle":"Constant","EasingDirection":"In"},"Right Leg":{"Weight":1,"CFrame":[0.7073222398757935,0.3876146674156189,0.015031307935714722,0.9049606323242188,0.4064088761806488,-0.12600795924663545,-0.3693971335887909,0.897379994392395,0.24136045575141908,0.2111680954694748,-0.1718747764825821,0.9622198939323425],"EasingStyle":"Constant","EasingDirection":"In"},"Right Arm":{"Weight":1,"CFrame":[-0.33939674496650698,-0.6081537008285523,0.4064163267612457,0.8869258165359497,0.31977006793022158,-0.33333131670951846,0.31511759757995608,0.10876180976629257,0.9427999258041382,0.33773282170295718,-0.9412321448326111,-0.0043014176189899448],"EasingStyle":"Constant","EasingDirection":"In"},"Head":{"Weight":1,"CFrame":[1.4901161193847657e-7,1.1175870895385743e-8,8.940696716308594e-8,0.9665879011154175,-0.11100366711616516,0.23105406761169434,0.12199147045612335,0.9919561743736267,-0.03377871960401535,-0.225445955991745,0.060836732387542728,0.9723543524742127],"EasingStyle":"Constant","EasingDirection":"In"},"handle":{"Weight":1,"CFrame":[-0.06399927288293839,0.6299379467964172,0.224345862865448,0.6977270841598511,-0.07724951952695847,0.7121864557266235,0.3155587613582611,0.9256603717803955,-0.20874734222888947,-0.6431170701980591,0.37038543820381167,0.6702350378036499],"EasingStyle":"Constant","EasingDirection":"In"},"Torso":{"Weight":1,"CFrame":[-0.17003034055233003,0.0073744747787714008,-0.3182404041290283,0.9712517261505127,0.10722718387842179,-0.2125380039215088,-0.10773652046918869,0.9941367506980896,0.009218105114996434,0.2122802734375,0.013945003971457482,0.9771093130111694],"EasingStyle":"Constant","EasingDirection":"In"},"HumanoidRootPart":{"Weight":0,"CFrame":[0,0,0,1,0,0,0,1,0,0,0,1],"EasingStyle":"Linear","EasingDirection":"In"},"Left Arm":{"Weight":1,"CFrame":[-0.0731891617178917,-0.25547876954078677,0.4752761125564575,0.2534675598144531,0.6584834456443787,0.7086280584335327,0.06023753806948662,-0.7418728470802307,0.6678294539451599,0.9654665589332581,-0.12658698856830598,-0.22770610451698304],"EasingStyle":"Constant","EasingDirection":"In"}}},{"Time":0.30000001192092898,"poses":{"Left Leg":{"Weight":1,"CFrame":[-0.7571231722831726,0.36284464597702029,-0.0668177455663681,0.8325439691543579,-0.5494644045829773,0.07042256742715836,0.4535236656665802,0.7490691542625427,0.4829200506210327,-0.3180987536907196,-0.3701138198375702,0.8728280663490295],"EasingStyle":"Constant","EasingDirection":"In"},"Right Leg":{"Weight":1,"CFrame":[0.6896510124206543,0.3628668189048767,0.014151006937026978,0.9132640957832336,0.3902875781059265,-0.11672305315732956,-0.35719478130340578,0.9049675464630127,0.23118311166763307,0.19585852324962617,-0.16943837702274323,0.9658830761909485],"EasingStyle":"Constant","EasingDirection":"In"},"Right Arm":{"Weight":1,"CFrame":[-0.3378145694732666,-0.5866870880126953,0.41095200181007388,0.8953145146369934,0.3318427801132202,-0.2971402704715729,0.2823367118835449,0.09318594634532929,0.9547787308692932,0.34452569484710696,-0.9387208223342896,-0.01026061549782753],"EasingStyle":"Constant","EasingDirection":"In"},"Head":{"Weight":1,"CFrame":[2.2351741790771486e-8,1.862645149230957e-9,-4.76837158203125e-7,0.967136025428772,-0.11061318218708039,0.2289380133152008,0.1214306429028511,0.9920286536216736,-0.03367072343826294,-0.2233886420726776,0.060364268720149997,0.9728584885597229],"EasingStyle":"Constant","EasingDirection":"In"},"handle":{"Weight":1,"CFrame":[-0.043413229286670688,0.6524877548217773,0.20922812819480897,0.7052435874938965,-0.033629607409238818,0.7081670761108398,0.2580108046531677,0.9425538778305054,-0.21218538284301759,-0.6603498458862305,0.33235710859298708,0.6734068393707275],"EasingStyle":"Constant","EasingDirection":"In"},"Torso":{"Weight":1,"CFrame":[-0.1637379378080368,0.007962405681610108,-0.2903408706188202,0.9719386100769043,0.11595020443201065,-0.20467254519462586,-0.11638525128364563,0.9931542873382568,0.009953021071851254,0.20442545413970948,0.014147141017019749,0.9787799119949341],"EasingStyle":"Constant","EasingDirection":"In"},"HumanoidRootPart":{"Weight":0,"CFrame":[0,0,0,1,0,0,0,1,0,0,0,1],"EasingStyle":"Linear","EasingDirection":"In"},"Left Arm":{"Weight":1,"CFrame":[-0.07298413664102555,-0.20225989818572999,0.4718729257583618,0.25346747040748598,0.6584833860397339,0.7086280584335327,0.02407218888401985,-0.7366171479225159,0.6758815050125122,0.9670443534851074,-0.1542556881904602,-0.20255962014198304],"EasingStyle":"Constant","EasingDirection":"In"}}},{"Time":0.3333333432674408,"poses":{"Left Leg":{"Weight":1,"CFrame":[-0.7411827445030212,0.36139756441116335,-0.07876807451248169,0.8406452536582947,-0.5381027460098267,0.061327025294303897,0.4379293918609619,0.7420006990432739,0.5075951218605042,-0.3186430037021637,-0.3998504877090454,0.8594103455543518],"EasingStyle":"Constant","EasingDirection":"In"},"Right Leg":{"Weight":1,"CFrame":[0.6525534391403198,0.3187651038169861,0.025943338871002198,0.9212698340415955,0.3706689774990082,-0.1177554801106453,-0.34225136041641238,0.9164722561836243,0.20722581446170808,0.1847318857908249,-0.15060900151729585,0.971180260181427],"EasingStyle":"Constant","EasingDirection":"In"},"Right Arm":{"Weight":1,"CFrame":[-0.3358258605003357,-0.5628949403762817,0.4167150557041168,0.9028673768043518,0.3405989706516266,-0.26234114170074465,0.2522561252117157,0.07443121075630188,0.9647936820983887,0.34813404083251955,-0.9372578859329224,-0.01871652528643608],"EasingStyle":"Constant","EasingDirection":"In"},"Head":{"Weight":1,"CFrame":[1.043081283569336e-7,5.587935447692871e-9,8.940696716308594e-8,0.9685608148574829,-0.10933087021112442,0.22346530854701997,0.11969508230686188,0.9922510385513306,-0.03333083167672157,-0.21808961033821107,0.05903064087033272,0.9741418361663818],"EasingStyle":"Constant","EasingDirection":"In"},"handle":{"Weight":1,"CFrame":[-0.026165444403886796,0.6713807582855225,0.19656240940093995,0.7105088829994202,0.001641873735934496,0.7036862969398499,0.21025265753269196,0.9538220167160034,-0.2145165652036667,-0.6715437173843384,0.3003678619861603,0.6773537993431091],"EasingStyle":"Constant","EasingDirection":"In"},"Torso":{"Weight":1,"CFrame":[-0.14816072583198548,0.00708159152418375,-0.2509159743785858,0.9760832786560059,0.11385080963373184,-0.18520097434520722,-0.11419329792261124,0.9934191107749939,0.008852003142237664,0.18499000370502473,0.012508419342339039,0.9826607704162598],"EasingStyle":"Constant","EasingDirection":"In"},"HumanoidRootPart":{"Weight":0,"CFrame":[0,0,0,1,0,0,0,1,0,0,0,1],"EasingStyle":"Linear","EasingDirection":"In"},"Left Arm":{"Weight":1,"CFrame":[-0.07279632240533829,-0.14903974533081056,0.46939924359321597,0.2534673511981964,0.6584833264350891,0.7086281180381775,-0.012126919813454152,-0.7303298711776733,0.6829870343208313,0.9672679305076599,-0.18170830607414246,-0.17712943255901338],"EasingStyle":"Constant","EasingDirection":"In"}}},{"Time":0.36666667461395266,"poses":{"Left Leg":{"Weight":1,"CFrame":[-0.7249241471290588,0.3639192581176758,-0.097771555185318,0.8513949513435364,-0.5223588943481445,0.047621384263038638,0.417978435754776,0.730499804019928,0.5400592684745789,-0.31689223647117617,-0.4398990571498871,0.8402786254882813],"EasingStyle":"Constant","EasingDirection":"In"},"Right Leg":{"Weight":1,"CFrame":[0.6020023226737976,0.2670403718948364,0.039393872022628787,0.9300795793533325,0.3462211787700653,-0.12281227111816406,-0.3228052854537964,0.929835319519043,0.17664362490177155,0.1753530204296112,-0.12464822828769684,0.9765828847885132],"EasingStyle":"Constant","EasingDirection":"In"},"Right Arm":{"Weight":1,"CFrame":[-0.3335610628128052,-0.540391743183136,0.423366516828537,0.9096799492835999,0.3451176583766937,-0.23103277385234834,0.22654063999652863,0.05390024930238724,0.9725091457366943,0.34808287024497988,-0.9370104670524597,-0.02915109694004059],"EasingStyle":"Constant","EasingDirection":"In"},"Head":{"Weight":1,"CFrame":[9.685754776000977e-8,7.450580596923828e-9,8.940696716308594e-8,0.9705255031585693,-0.10698716342449188,0.21594901382923127,0.11670591682195664,0.9926270842552185,-0.0327286422252655,-0.21085526049137116,0.05696650594472885,0.9758559465408325],"EasingStyle":"Constant","EasingDirection":"In"},"handle":{"Weight":1,"CFrame":[-0.018931787461042405,0.6793035864830017,0.19125106930732728,0.7124190330505371,0.016158150508999826,0.7015680074691773,0.1903313845396042,0.957812488079071,-0.2153349220752716,-0.6754502654075623,0.28693923354148867,0.6792887449264526],"EasingStyle":"Constant","EasingDirection":"In"},"Torso":{"Weight":1,"CFrame":[-0.12779778242111207,0.005697410553693771,-0.2077658325433731,0.9812766909599304,0.10759561508893967,-0.15974733233451844,-0.10784688591957092,0.9941419959068298,0.007121776230633259,0.15957780182361604,0.010239819064736367,0.9871322512626648],"EasingStyle":"Constant","EasingDirection":"In"},"HumanoidRootPart":{"Weight":0,"CFrame":[0,0,0,1,0,0,0,1,0,0,0,1],"EasingStyle":"Linear","EasingDirection":"In"},"Left Arm":{"Weight":1,"CFrame":[-0.07265923172235489,-0.10810130834579468,0.46722516417503359,0.25346753001213076,0.6584833860397339,0.7086279988288879,-0.03994742035865784,-0.7248003482818604,0.6878000497817993,0.9665187001228333,-0.2026427686214447,-0.15740862488746644],"EasingStyle":"Constant","EasingDirection":"In"}}},{"Time":0.4000000059604645,"poses":{"Left Leg":{"Weight":1,"CFrame":[-0.7101022005081177,0.36852312088012698,-0.12039430439472199,0.8632941246032715,-0.5037379264831543,0.031167006120085717,0.39719781279563906,0.7162116765975952,0.5738247036933899,-0.3113793730735779,-0.4829999506473541,0.8183848857879639],"EasingStyle":"Constant","EasingDirection":"In"},"Right Leg":{"Weight":1,"CFrame":[0.5448476076126099,0.21798062324523927,0.05041739344596863,0.9382243156433106,0.32010599970817568,-0.1314050406217575,-0.3009709417819977,0.9423037767410278,0.14656081795692445,0.1707385778427124,-0.09795787185430527,0.9804348945617676],"EasingStyle":"Constant","EasingDirection":"In"},"Right Arm":{"Weight":1,"CFrame":[-0.33115094900131228,-0.5227912068367004,0.43056720495224,0.9159885048866272,0.3446654677391052,-0.2053554356098175,0.20680108666419984,0.03300157189369202,0.9778262376785278,0.34379997849464419,-0.9381452798843384,-0.0410480722784996],"EasingStyle":"Constant","EasingDirection":"In"},"Head":{"Weight":1,"CFrame":[1.7881393432617188e-7,5.587935447692871e-9,-1.4901161193847657e-7,0.9727088212966919,-0.10341358184814453,0.207709401845932,0.11238455772399903,0.9931548237800598,-0.031831759959459308,-0.20299574732780457,0.05430636554956436,0.9776725172996521],"EasingStyle":"Constant","EasingDirection":"In"},"handle":{"Weight":1,"CFrame":[-0.020358145236968995,0.6775851845741272,0.19313231110572816,0.7119287252426148,0.0030071926303207876,0.7022451758384705,0.2074224054813385,0.9544744491577148,-0.21436983346939088,-0.6709198355674744,0.29827749729156496,0.6788941621780396],"EasingStyle":"Constant","EasingDirection":"In"},"Torso":{"Weight":1,"CFrame":[-0.10730472207069397,0.004259746987372637,-0.16839171946048737,0.9861100316047669,0.09795874357223511,-0.13413098454475404,-0.0981333926320076,0.9951590299606323,0.005324691068381071,0.13400325179100038,0.00791199691593647,0.9909493327140808],"EasingStyle":"Constant","EasingDirection":"In"},"HumanoidRootPart":{"Weight":0,"CFrame":[0,0,0,1,0,0,0,1,0,0,0,1],"EasingStyle":"Linear","EasingDirection":"In"},"Left Arm":{"Weight":1,"CFrame":[-0.07260604202747345,-0.09172642230987549,0.46472060680389407,0.2534673511981964,0.6584832072257996,0.708628237247467,-0.05106102675199509,-0.7224219441413879,0.6895647048950195,0.9659953713417053,-0.2109653651714325,-0.14948749542236329],"EasingStyle":"Constant","EasingDirection":"In"}}},{"Time":0.4333333373069763,"poses":{"Left Leg":{"Weight":1,"CFrame":[-0.6994805932044983,0.37377357482910159,-0.143598735332489,0.8746780753135681,-0.48450782895088198,0.013803720474243164,0.37925782799720766,0.7018498778343201,0.6029678583145142,-0.3018307685852051,-0.5221675634384155,0.7976460456848145],"EasingStyle":"Constant","EasingDirection":"In"},"Right Leg":{"Weight":1,"CFrame":[0.49378514289855959,0.18123191595077516,0.05816930532455444,0.9435268044471741,0.2989070415496826,-0.1428697258234024,-0.28258728981018069,0.9512119293212891,0.12385561317205429,0.17292071878910066,-0.07648800313472748,0.9819613099098206],"EasingStyle":"Constant","EasingDirection":"In"},"Right Arm":{"Weight":1,"CFrame":[-0.3287258744239807,-0.5137051343917847,0.4379786252975464,0.9220485091209412,0.33865582942962649,-0.187453493475914,0.1945953667163849,0.013073229230940342,0.9807964563369751,0.334602952003479,-0.940819501876831,-0.053846605122089389],"EasingStyle":"Constant","EasingDirection":"In"},"Head":{"Weight":1,"CFrame":[9.685754776000977e-8,-3.725290298461914e-9,-1.1920928955078126e-7,0.9748213291168213,-0.09844838082790375,0.20007820427417756,0.10665088146924973,0.9938251376152039,-0.030613290145993234,-0.19582891464233399,0.05118099972605705,0.9793015718460083],"EasingStyle":"Constant","EasingDirection":"In"},"handle":{"Weight":1,"CFrame":[-0.02409750036895275,0.6729028224945068,0.19766442477703095,0.7098170518875122,-0.028335772454738618,0.7038158774375916,0.24795611202716828,0.9452874660491943,-0.21201275289058686,-0.6593007445335388,0.3250057101249695,0.678007185459137],"EasingStyle":"Constant","EasingDirection":"In"},"Torso":{"Weight":1,"CFrame":[-0.09146380424499512,0.003114283550530672,-0.13984034955501557,0.9897328019142151,0.08577701449394226,-0.11432984471321106,-0.08589618653059006,0.9962964653968811,0.0038928629364818336,0.11424034088850022,0.005967604927718639,0.9934352040290833],"EasingStyle":"Constant","EasingDirection":"In"},"HumanoidRootPart":{"Weight":0,"CFrame":[0,0,0,1,0,0,0,1,0,0,0,1],"EasingStyle":"Linear","EasingDirection":"In"},"Left Arm":{"Weight":1,"CFrame":[-0.07261727750301361,-0.09969276189804077,0.4614259898662567,0.25346747040748598,0.6584833860397339,0.7086281180381775,-0.04471985623240471,-0.7237908244132996,0.6885688304901123,0.966309666633606,-0.20621946454048158,-0.1540101319551468],"EasingStyle":"Constant","EasingDirection":"In"}}},{"Time":0.46666666865348818,"poses":{"Left Leg":{"Weight":1,"CFrame":[-0.6967493295669556,0.3788086175918579,-0.16484275460243226,0.8838565349578857,-0.46774986386299136,-0.00275713880546391,0.3676815629005432,0.6911003589630127,0.6222463846206665,-0.2891502380371094,-0.5509903430938721,0.7828166484832764],"EasingStyle":"Constant","EasingDirection":"In"},"Right Leg":{"Weight":1,"CFrame":[0.46735018491744997,0.1658291220664978,0.06476294994354248,0.9433010816574097,0.29276612401008608,-0.1564323753118515,-0.2769617736339569,0.953947126865387,0.115226149559021,0.18296250700950623,-0.065367192029953,0.9809443950653076],"EasingStyle":"Constant","EasingDirection":"In"},"Right Arm":{"Weight":1,"CFrame":[-0.32639577984809878,-0.5107571482658386,0.4452284574508667,0.9282407164573669,0.3250752389431,-0.18081842362880708,0.19276288151741029,-0.004630037117749453,0.9812344312667847,0.3181377053260803,-0.9456768035888672,-0.06696023046970368],"EasingStyle":"Constant","EasingDirection":"In"},"Head":{"Weight":1,"CFrame":[7.450580596923828e-8,-9.313225746154785e-9,5.960464477539063e-8,0.9766045808792114,-0.0919404849410057,0.19439753890037538,0.09942156821489334,0.9946209192276001,-0.02906225621700287,-0.1906798630952835,0.0477096363902092,0.9804922342300415],"EasingStyle":"Constant","EasingDirection":"In"},"handle":{"Weight":1,"CFrame":[-0.02934393286705017,0.6659649014472961,0.2031783014535904,0.705562174320221,-0.06561652570962906,0.7056035399436951,0.29579952359199526,0.9320825338363648,-0.2091045081615448,-0.6439601182937622,0.3562535345554352,0.6770516037940979],"EasingStyle":"Constant","EasingDirection":"In"},"Torso":{"Weight":1,"CFrame":[-0.08512626588344574,0.0024389061145484449,-0.12883448600769044,0.9917166233062744,0.07194128632545471,-0.10640793293714524,-0.072026327252388,0.9973980784416199,0.0030486392788589,0.10635039210319519,0.004640786908566952,0.994317889213562],"EasingStyle":"Constant","EasingDirection":"In"},"HumanoidRootPart":{"Weight":0,"CFrame":[0,0,0,1,0,0,0,1,0,0,0,1],"EasingStyle":"Linear","EasingDirection":"In"},"Left Arm":{"Weight":1,"CFrame":[-0.07264889776706696,-0.12106209993362427,0.45756298303604128,0.2534674406051636,0.6584832668304443,0.708628237247467,-0.02835361659526825,-0.7271785140037537,0.6858626008033752,0.9669283032417297,-0.19393594563007356,-0.16564567387104035],"EasingStyle":"Constant","EasingDirection":"In"}}},{"Time":0.5,"poses":{"Left Leg":{"Weight":1,"CFrame":[-0.7040467262268066,0.3852071762084961,-0.18465538322925569,0.8897919058799744,-0.4560437500476837,-0.017156776040792466,0.36267414689064028,0.6837974190711975,0.6331576704978943,-0.27701595425605776,-0.5696009397506714,0.7738326787948608],"EasingStyle":"Constant","EasingDirection":"In"},"Right Leg":{"Weight":1,"CFrame":[0.4707569181919098,0.1699378490447998,0.0729471743106842,0.9370803236961365,0.30435341596603396,-0.17102450132369996,-0.28716856241226199,0.9505646824836731,0.11815664917230606,0.19853132963180543,-0.06160943955183029,0.9781562685966492],"EasingStyle":"Constant","EasingDirection":"In"},"Right Arm":{"Weight":1,"CFrame":[-0.32418832182884219,-0.508969247341156,0.45180872082710268,0.9342468976974487,0.305431604385376,-0.18410389125347138,0.19945451617240907,-0.01954924687743187,0.9797120690345764,0.2956359088420868,-0.9520133137702942,-0.07918344438076019],"EasingStyle":"Constant","EasingDirection":"In"},"Head":{"Weight":1,"CFrame":[8.940696716308594e-8,6.51925802230835e-9,-2.9802322387695315e-8,0.977811872959137,-0.083751380443573,0.19201473891735078,0.09060769528150559,0.9955153465270996,-0.027193289250135423,-0.18887613713741303,0.0439879447221756,0.9810152053833008],"EasingStyle":"Constant","EasingDirection":"In"},"handle":{"Weight":1,"CFrame":[-0.03528963774442673,0.657479465007782,0.2080042064189911,0.7005544900894165,-0.09664611518383026,0.7070240378379822,0.33531051874160769,0.9191761612892151,-0.20659621059894563,-0.6299129128456116,0.38180458545684817,0.6763393878936768],"EasingStyle":"Constant","EasingDirection":"In"},"Torso":{"Weight":1,"CFrame":[-0.08669858425855637,0.002037589205428958,-0.13612151145935059,0.9924520254135132,0.057395096868276599,-0.10837332159280777,-0.05745775252580643,0.9983447194099426,0.002546992152929306,0.10834011435508728,0.003699118969962001,0.9941070079803467],"EasingStyle":"Constant","EasingDirection":"In"},"HumanoidRootPart":{"Weight":0,"CFrame":[0,0,0,1,0,0,0,1,0,0,0,1],"EasingStyle":"Linear","EasingDirection":"In"},"Left Arm":{"Weight":1,"CFrame":[-0.07269833236932755,-0.15203708410263062,0.4535234868526459,0.2534676194190979,0.6584833860397339,0.7086280584335327,-0.0059554558247327808,-0.7314742803573608,0.681843101978302,0.9673255681991577,-0.1770453155040741,-0.18148353695869447],"EasingStyle":"Constant","EasingDirection":"In"}}},{"Time":0.5333333611488342,"poses":{"Left Leg":{"Weight":1,"CFrame":[-0.7180836200714111,0.39313405752182009,-0.2026105523109436,0.8931639194488525,-0.4488314688205719,-0.028434524312615396,0.3620721399784088,0.6801317930221558,0.6374359130859375,-0.2667620778083801,-0.5796300768852234,0.7699785232543945],"EasingStyle":"Constant","EasingDirection":"In"},"Right Leg":{"Weight":1,"CFrame":[0.49036845564842226,0.18439871072769166,0.08254045248031616,0.9272403120994568,0.32528236508369448,-0.1855175495147705,-0.3057780861854553,0.9436858296394348,0.12632010877132417,0.21616002917289735,-0.06040192395448685,0.9744877815246582],"EasingStyle":"Constant","EasingDirection":"In"},"Right Arm":{"Weight":1,"CFrame":[-0.3221108913421631,-0.5080515146255493,0.45717909932136538,0.9392798542976379,0.284393846988678,-0.19202478229999543,0.20931017398834229,-0.031387101858854297,0.9773454666137695,0.27192384004592898,-0.9581936001777649,-0.08900773525238037],"EasingStyle":"Constant","EasingDirection":"In"},"Head":{"Weight":1,"CFrame":[1.043081283569336e-7,-3.725290298461914e-9,-1.7881393432617188e-7,0.9786550402641296,-0.07395335286855698,0.1917426735162735,0.08022695779800415,0.9964591860771179,-0.025153616443276407,-0.18920356035232545,0.039999641478061679,0.9811228513717651],"EasingStyle":"Constant","EasingDirection":"In"},"handle":{"Weight":1,"CFrame":[-0.04112726449966431,0.6481571197509766,0.21047358214855195,0.6980670094490051,-0.10958066582679749,0.7075977921485901,0.35169628262519839,0.9132734537124634,-0.20552688837051392,-0.6237084269523621,0.392331063747406,0.6760650873184204],"EasingStyle":"Constant","EasingDirection":"In"},"Torso":{"Weight":1,"CFrame":[-0