{"Sequence":[{"Time":0,"poses":{"Left Leg":{"Weight":1,"CFrame":[-0.5512807369232178,0.11869239807128906,0.23116517066955567,0.9936296343803406,0.10322438925504685,0.0452202744781971,-0.0739850401878357,0.9001859426498413,-0.42917534708976748,-0.08500811457633972,0.4230956733226776,0.9020885229110718],"EasingStyle":"Linear","EasingDirection":"Out"},"Right Arm":{"Weight":1,"CFrame":[0.07950804382562638,-0.018552511930465699,0.2274634838104248,0.5165593028068543,-0.2556370496749878,0.817200243473053,0.41561073064804079,0.9092829823493958,0.021731263026595117,-0.7486215233802795,0.3284115195274353,0.5759440660476685],"EasingStyle":"Linear","EasingDirection":"Out"},"Left Arm":{"Weight":1,"CFrame":[-0.15806949138641358,0.2866531014442444,0.6394988298416138,-0.8119354248046875,0.5743125677108765,-0.10452695190906525,-0.3988787531852722,-0.41509589552879336,0.8176742196083069,0.42621198296546938,0.7055922746658325,0.5661121606826782],"EasingStyle":"Linear","EasingDirection":"Out"},"Head":{"Weight":1,"CFrame":[1.0896474123001099e-7,6.984919309616089e-10,3.5762786865234377e-7,0.9886040687561035,-0.11436847597360611,-0.09788691252470017,0.12459500133991242,0.986565351486206,0.10566424578428269,0.084487184882164,-0.1166563406586647,0.9895722270011902],"EasingStyle":"Linear","EasingDirection":"Out"},"Torso":{"Weight":1,"CFrame":[-0.038443490862846377,-0.009208900853991509,-0.11826157569885254,0.975547730922699,-0.21447011828422547,-0.04805445298552513,0.21416303515434266,0.9767301082611084,-0.01151114609092474,0.04940502718091011,0.000938184151891619,0.9987784028053284],"EasingStyle":"Linear","EasingDirection":"Out"},"HumanoidRootPart":{"Weight":0,"CFrame":[0,0,0,1,0,0,0,1,0,0,0,1],"EasingStyle":"Linear","EasingDirection":"In"},"Right Leg":{"Weight":1,"CFrame":[-0.4178023040294647,-0.5839242935180664,0.261879563331604,0.6953849792480469,0.21242016553878785,-0.6865255236625671,-0.5935243368148804,0.7083814144134522,-0.3820008933544159,0.4051772654056549,0.6731073260307312,0.6186743974685669],"EasingStyle":"Linear","EasingDirection":"Out"}}},{"Time":0.034583333879709247,"poses":{"Left Leg":{"Weight":1,"CFrame":[-0.5912896990776062,0.0008618831634521484,0.15652751922607423,0.9938139915466309,0.10517402738332749,0.03566782549023628,-0.06778186559677124,0.82883220911026,-0.555376410484314,-0.08797381073236466,0.5495230555534363,0.8308338522911072],"EasingStyle":"Linear","EasingDirection":"Out"},"Right Arm":{"Weight":1,"CFrame":[0.07160212099552155,0.0052078962326049809,0.24521899223327638,0.4703483283519745,-0.24971148371696473,0.8464139103889465,0.4380198121070862,0.8987026810646057,0.021732302382588388,-0.7661012411117554,0.36052411794662478,0.5320819616317749],"EasingStyle":"Linear","EasingDirection":"Out"},"Left Arm":{"Weight":1,"CFrame":[-0.20227071642875672,0.280819833278656,0.6082823276519775,-0.8582200407981873,0.5067342519760132,-0.08172278106212616,-0.3575887680053711,-0.47605031728744509,0.8034342527389526,0.3682235777378082,0.7187464833259583,0.5897582769393921],"EasingStyle":"Linear","EasingDirection":"Out"},"Head":{"Weight":1,"CFrame":[1.0803341865539551e-7,1.1175870895385743e-8,-1.7881393432617188e-7,0.9883497953414917,-0.11571076512336731,-0.09887205064296723,0.1280469000339508,0.9833155274391174,0.12920717895030976,0.0822717696428299,-0.14036217331886292,0.9866761565208435],"EasingStyle":"Linear","EasingDirection":"Out"},"Torso":{"Weight":1,"CFrame":[-0.06438834965229035,-0.09105361998081207,-0.18268108367919923,0.9761135578155518,-0.20938441157341004,-0.05796932429075241,0.20643091201782227,0.9770236611366272,-0.05301964655518532,0.06773889064788819,0.03978653624653816,0.9969094395637512],"EasingStyle":"Linear","EasingDirection":"Out"},"HumanoidRootPart":{"Weight":0,"CFrame":[0,0,0,1,0,0,0,1,0,0,0,1],"EasingStyle":"Linear","EasingDirection":"In"},"Right Leg":{"Weight":1,"CFrame":[-0.3395695686340332,-0.5970075130462647,0.3001946210861206,0.7096568942070007,0.23856115341186524,-0.6629295349121094,-0.6075760722160339,0.6836013793945313,-0.40440165996551516,0.35670503973960879,0.6897664666175842,0.630066454410553],"EasingStyle":"Linear","EasingDirection":"Out"}}},{"Time":0.06916666775941849,"poses":{"Left Leg":{"Weight":1,"CFrame":[-0.6527332663536072,-0.07523107528686524,-0.007430076599121094,0.984095573425293,0.17569932341575623,-0.026184234768152238,-0.1515156477689743,0.7532588243484497,-0.640034556388855,-0.09273015707731247,0.6338224411010742,0.7678998112678528],"EasingStyle":"Linear","EasingDirection":"Out"},"Right Arm":{"Weight":1,"CFrame":[0.050759077072143558,0.04590141773223877,0.27879977226257326,0.43160107731819155,-0.24444350600242616,0.8683132529258728,0.46132102608680727,0.8869987726211548,0.020400919020175935,-0.7751795649528503,0.3917659521102905,0.4955965280532837],"EasingStyle":"Linear","EasingDirection":"Out"},"Left Arm":{"Weight":1,"CFrame":[-0.27621519565582278,0.2654428482055664,0.5259840488433838,-0.9012657999992371,0.4237649440765381,-0.09023946523666382,-0.3357433080673218,-0.5514398813247681,0.7636691927909851,0.27385464310646059,0.7185661792755127,0.639270007610321],"EasingStyle":"Linear","EasingDirection":"Out"},"Head":{"Weight":1,"CFrame":[5.21540641784668e-8,4.0978193283081057e-8,-1.7881393432617188e-7,0.9883207082748413,-0.11615175753831864,-0.09864544868469238,0.12994156777858735,0.980510950088501,0.14735476672649384,0.07960741221904755,-0.15845194458961488,0.9841522574424744],"EasingStyle":"Linear","EasingDirection":"Out"},"Torso":{"Weight":1,"CFrame":[-0.0864231213927269,-0.22186249494552613,-0.26250553131103518,0.9755379557609558,-0.21107381582260133,-0.06142910197377205,0.19899919629096986,0.966649055480957,-0.16121084988117219,0.0934077799320221,0.14504297077655793,0.9850063323974609],"EasingStyle":"Linear","EasingDirection":"Out"},"HumanoidRootPart":{"Weight":0,"CFrame":[0,0,0,1,0,0,0,1,0,0,0,1],"EasingStyle":"Linear","EasingDirection":"In"},"Right Leg":{"Weight":1,"CFrame":[-0.24446865916252137,-0.5783640146255493,0.318301796913147,0.7673949003219605,0.19759681820869447,-0.6099677085876465,-0.5469552874565125,0.6981707215309143,-0.46194979548454287,0.33458176255226138,0.6881228685379028,0.6438491940498352],"EasingStyle":"Linear","EasingDirection":"Out"}}},{"Time":0.10333333164453507,"poses":{"Left Leg":{"Weight":1,"CFrame":[-0.734861433506012,-0.10589945316314697,-0.17388629913330079,0.9483391046524048,0.2828332483768463,-0.14373017847537995,-0.3003206253051758,0.654251217842102,-0.6940913796424866,-0.10227648913860321,0.7013990879058838,0.7053926587104797],"EasingStyle":"Linear","EasingDirection":"Out"},"Right Arm":{"Weight":1,"CFrame":[0.02129116654396057,0.0973319411277771,0.3225979804992676,0.39902058243751528,-0.24130752682685853,0.8846204280853272,0.485858678817749,0.8738263249397278,0.019209472462534906,-0.7776399850845337,0.4221353828907013,0.4659159779548645],"EasingStyle":"Linear","EasingDirection":"Out"},"Left Arm":{"Weight":1,"CFrame":[-0.3689185678958893,0.2437034249305725,0.40963125228881838,-0.9340053796768189,0.33437415957450869,-0.12580867111682893,-0.3218907415866852,-0.6348654627799988,0.7023761868476868,0.15498484671115876,0.6965197324752808,0.7005996704101563],"EasingStyle":"Linear","EasingDirection":"Out"},"Head":{"Weight":1,"CFrame":[1.043081283569336e-7,2.980232238769531e-7,-1.7881393432617188e-7,0.9884536266326904,-0.11609703302383423,-0.09737006574869156,0.13074657320976258,0.9782816171646118,0.16084302961826325,0.07658196985721588,-0.1717166155576706,0.9821652770042419],"EasingStyle":"Linear","EasingDirection":"Out"},"Torso":{"Weight":1,"CFrame":[-0.10546095669269562,-0.3831918239593506,-0.36490869522094729,0.9744250774383545,-0.21671216189861298,-0.05942775309085846,0.18801166117191316,0.9310957789421082,-0.3125896751880646,0.12307491153478623,0.2934221029281616,0.9480274319648743],"EasingStyle":"Linear","EasingDirection":"Out"},"HumanoidRootPart":{"Weight":0,"CFrame":[0,0,0,1,0,0,0,1,0,0,0,1],"EasingStyle":"Linear","EasingDirection":"In"},"Right Leg":{"Weight":1,"CFrame":[-0.13976594805717469,-0.5300173759460449,0.32286787033081057,0.8409938812255859,0.11047647148370743,-0.5296453833580017,-0.43032196164131167,0.7299554347991943,-0.5310255289077759,0.32795169949531557,0.674507200717926,0.6614285111427307],"EasingStyle":"Linear","EasingDirection":"Out"}}},{"Time":0.1379166692495346,"poses":{"Left Leg":{"Weight":1,"CFrame":[-0.9582257866859436,-0.03211069107055664,-0.2654115557670593,0.8989830017089844,0.3113517463207245,-0.3080417215824127,-0.4351924657821655,0.5557177662849426,-0.7083680629730225,-0.049367353320121768,0.7708682417869568,0.6350787878036499],"EasingStyle":"Linear","EasingDirection":"Out"},"Right Arm":{"Weight":1,"CFrame":[-0.012488514184951783,0.15330487489700318,0.3710070848464966,0.371086061000824,-0.24167126417160035,0.8965992331504822,0.5118198394775391,0.8588677048683167,0.019668098539114,-0.7748132944107056,0.45159855484962466,0.4424058794975281],"EasingStyle":"Linear","EasingDirection":"Out"},"Left Arm":{"Weight":1,"CFrame":[-0.46939823031425478,0.2187824845314026,0.27625131607055666,-0.9513149261474609,0.24952730536460877,-0.18093077838420869,-0.30715179443359377,-0.7186484932899475,0.623860776424408,0.025644700974225999,0.6490612030029297,0.7603037357330322],"EasingStyle":"Linear","EasingDirection":"Out"},"Head":{"Weight":1,"CFrame":[1.1920928955078126e-7,-1.1175870895385743e-8,2.384185791015625e-7,0.9886819124221802,-0.11593016237020493,-0.0952272117137909,0.1309296041727066,0.9766396284103394,0.17038927972316743,0.07324939221143723,-0.18092891573905946,0.980764627456665],"EasingStyle":"Linear","EasingDirection":"Out"},"Torso":{"Weight":1,"CFrame":[-0.12269017845392227,-0.5520840883255005,-0.49242401123046877,0.9733723998069763,-0.2229461520910263,-0.053303152322769168,0.17114847898483277,0.861513614654541,-0.4780192971229553,0.15249395370483399,0.4561680257320404,0.8767305016517639],"EasingStyle":"Linear","EasingDirection":"Out"},"HumanoidRootPart":{"Weight":0,"CFrame":[0,0,0,1,0,0,0,1,0,0,0,1],"EasingStyle":"Linear","EasingDirection":"In"},"Right Leg":{"Weight":1,"CFrame":[-0.034058067947626117,-0.4614908695220947,0.318398118019104,0.9027125835418701,0.0004844812792725861,-0.43024393916130068,-0.2820378541946411,0.7558349967002869,-0.5909044146537781,0.3249071538448334,0.6547619700431824,0.6824383735656738],"EasingStyle":"Linear","EasingDirection":"Out"}}},{"Time":0.17249999940395356,"poses":{"Left Leg":{"Weight":1,"CFrame":[-1.1910980939865113,0.1765308976173401,-0.26072895526885989,0.8279294967651367,0.28596389293670657,-0.48244941234588625,-0.5588964819908142,0.49210888147354128,-0.667430579662323,0.04655658081173897,0.8222247362136841,0.5672556757926941],"EasingStyle":"Linear","EasingDirection":"Out"},"Right Arm":{"Weight":1,"CFrame":[-0.04626902937889099,0.20762348175048829,0.41841936111450198,0.3461059033870697,-0.2468080222606659,0.9051500558853149,0.5392727851867676,0.8418079018592835,0.02333238162100315,-0.7677210569381714,0.4800471067428589,0.42445144057273867],"EasingStyle":"Linear","EasingDirection":"Out"},"Left Arm":{"Weight":1,"CFrame":[-0.5666685104370117,0.19386136531829835,0.14287137985229493,-0.9528089165687561,0.1796947717666626,-0.24467326700687409,-0.2871270477771759,-0.7951192855834961,0.534175455570221,-0.09855581074953079,0.579219400882721,0.8091919422149658],"EasingStyle":"Linear","EasingDirection":"Out"},"Head":{"Weight":1,"CFrame":[1.4901161193847657e-8,2.1979212760925294e-7,-2.384185791015625e-7,0.9889388084411621,-0.11602165549993515,-0.09240663796663284,0.13095712661743165,0.9755149483680725,0.1766940951347351,0.06964369118213654,-0.18684090673923493,0.9799184799194336],"EasingStyle":"Linear","EasingDirection":"Out"},"Torso":{"Weight":1,"CFrame":[-0.140282541513443,-0.7050663232803345,-0.6354024410247803,0.9728515148162842,-0.2268887609243393,-0.04562249034643173,0.148764967918396,0.7640937566757202,-0.6277178525924683,0.17728199064731599,0.6038892269134522,0.7771028876304627],"EasingStyle":"Linear","EasingDirection":"Out"},"HumanoidRootPart":{"Weight":0,"CFrame":[0,0,0,1,0,0,0,1,0,0,0,1],"EasingStyle":"Linear","EasingDirection":"In"},"Right Leg":{"Weight":1,"CFrame":[0.06956683844327927,-0.3843419551849365,0.3098134994506836,0.9394826292991638,-0.1042596697807312,-0.32634684443473818,-0.13392804563045503,0.7650018930435181,-0.6299489140510559,0.3153342306613922,0.6355329155921936,0.7047425508499146],"EasingStyle":"Linear","EasingDirection":"Out"}}},{"Time":0.2070833295583725,"poses":{"Left Leg":{"Weight":1,"CFrame":[-1.2497293949127198,0.3791190981864929,-0.20190644264221192,0.7261985540390015,0.30113986134529116,-0.618021547794342,-0.6815847754478455,0.432891309261322,-0.5899553298950195,0.08987708389759064,0.8496586680412293,0.5196173191070557],"EasingStyle":"Linear","EasingDirection":"Out"},"Right Arm":{"Weight":1,"CFrame":[-0.07573652267456055,0.2540931701660156,0.45922744274139407,0.32223787903785708,-0.257882684469223,0.9108563661575317,0.5681703090667725,0.822296142578125,0.03180508688092232,-0.7571956515312195,0.5072726607322693,0.41149625182151797],"EasingStyle":"Linear","EasingDirection":"Out"},"Left Arm":{"Weight":1,"CFrame":[-0.6497467160224915,0.17212164402008058,0.026518583297729493,-0.9433363080024719,0.13219688832759858,-0.3043689727783203,-0.2624332308769226,-0.8585560917854309,0.44046613574028017,-0.20308955013751985,0.4953841269016266,0.8445999622344971],"EasingStyle":"Linear","EasingDirection":"Out"},"Head":{"Weight":1,"CFrame":[1.1920928955078126e-7,1.9371509552001954e-7,1.1920928955078126e-7,0.9891580939292908,-0.11673589795827866,-0.08910103142261505,0.13129360973834992,0.9747825860977173,0.18044640123844148,0.06578957289457321,-0.19018834829330445,0.9795407652854919],"EasingStyle":"Linear","EasingDirection":"Out"},"Torso":{"Weight":1,"CFrame":[-0.16116777062416078,-0.8259400129318237,-0.7720413208007813,0.9730795621871948,-0.22698920965194703,-0.03990047797560692,0.1235823780298233,0.6600385308265686,-0.7409970164299011,0.19453416764736176,0.7161180377006531,0.6703218817710877],"EasingStyle":"Linear","EasingDirection":"Out"},"HumanoidRootPart":{"Weight":0,"CFrame":[0,0,0,1,0,0,0,1,0,0,0,1],"EasingStyle":"Linear","EasingDirection":"In"},"Right Leg":{"Weight":1,"CFrame":[0.17077067494392396,-0.3086559772491455,0.30041396617889407,0.9554360508918762,-0.17962950468063355,-0.23425455391407014,-0.015266679227352143,0.7624212503433228,-0.6469009518623352,0.2948031425476074,0.6216487288475037,0.7257024049758911],"EasingStyle":"Linear","EasingDirection":"Out"}}},{"Time":0.24124999344348908,"poses":{"Left Leg":{"Weight":1,"CFrame":[-1.2358336448669434,0.511081337928772,-0.14668607711791993,0.6361011862754822,0.3268888294696808,-0.6989413499832153,-0.7651029229164124,0.3845648467540741,-0.516456663608551,0.09996433556079865,0.863280713558197,0.4947257339954376],"EasingStyle":"Linear","EasingDirection":"Out"},"Right Arm":{"Weight":1,"CFrame":[-0.09657925367355347,0.28651827573776247,0.4878244400024414,0.29749733209609988,-0.27591511607170107,0.9139836430549622,0.5983202457427979,0.7998936772346497,0.04672297090291977,-0.7439813017845154,0.5329548716545105,0.40305188298225405],"EasingStyle":"Linear","EasingDirection":"Out"},"Left Arm":{"Weight":1,"CFrame":[-0.7076486349105835,0.15674465894699098,-0.05577957630157471,-0.9311292767524719,0.11016730219125748,-0.34765127301216128,-0.23770485818386079,-0.9062977433204651,0.34945809841156008,-0.2765767276287079,0.4080289304256439,0.8700675964355469],"EasingStyle":"Linear","EasingDirection":"Out"},"Head":{"Weight":1,"CFrame":[7.450580596923828e-8,-7.82310962677002e-8,1.1920928955078126e-7,0.9892733693122864,-0.11843768507242203,-0.08550243824720383,0.13240154087543488,0.9742823243141174,0.18232892453670503,0.06170887500047684,-0.1916937381029129,0.9795128703117371],"EasingStyle":"Linear","EasingDirection":"Out"},"Torso":{"Weight":1,"CFrame":[-0.1883079707622528,-0.9092683792114258,-0.875211238861084,0.9740250706672669,-0.22293424606323243,-0.0396922342479229,0.09906022995710373,0.5771320462226868,-0.8106205463409424,0.2036227434873581,0.7856327891349793,0.584225058555603],"EasingStyle":"Linear","EasingDirection":"Out"},"HumanoidRootPart":{"Weight":0,"CFrame":[0,0,0,1,0,0,0,1,0,0,0,1],"EasingStyle":"Linear","EasingDirection":"In"},"Right Leg":{"Weight":1,"CFrame":[0.2672736644744873,-0.24599361419677735,0.2898141145706177,0.9626021385192871,-0.2119431346654892,-0.1687520295381546,0.05394422262907028,0.7603597640991211,-0.6472580432891846,0.2654942274093628,0.6139487624168396,0.7433570623397827],"EasingStyle":"Linear","EasingDirection":"Out"}}},{"Time":0.2758333384990692,"poses":{"Left Leg":{"Weight":1,"CFrame":[-1.2140446901321412,0.580781877040863,-0.10230648517608643,0.6004745960235596,0.34276914596557619,-0.7224538326263428,-0.7923147082328796,0.377077579498291,-0.479635089635849,0.1080169603228569,0.8604195713996887,0.4980066120624542],"EasingStyle":"Linear","EasingDirection":"Out"},"Right Arm":{"Weight":1,"CFrame":[-0.10448548197746277,0.2987034320831299,0.4986027479171753,0.26978182792663576,-0.30171239376068118,0.9144328236579895,0.6293184757232666,0.7740141749382019,0.06971624493598938,-0.7288182377815247,0.5566611886024475,0.3986881673336029],"EasingStyle":"Linear","EasingDirection":"Out"},"Left Arm":{"Weight":1,"CFrame":[-0.7293899655342102,0.15091204643249513,-0.08699595928192139,-0.9248378276824951,0.1136351153254509,-0.36299043893814089,-0.2199326902627945,-0.9383818507194519,0.2665881812572479,-0.3103298842906952,0.32638412714004519,0.8928430676460266],"EasingStyle":"Linear","EasingDirection":"Out"},"Head":{"Weight":1,"CFrame":[1.1920928955078126e-7,4.0978193283081057e-8,0,0.9892154932022095,-0.12149588018655777,-0.08180133998394013,0.13474099338054658,0.9738314151763916,0.18302249908447267,0.05742424353957176,-0.19207075238227845,0.9796996116638184],"EasingStyle":"Linear","EasingDirection":"Out"},"Torso":{"Weight":1,"CFrame":[-0.22426658868789674,-0.9557340145111084,-0.919032096862793,0.9755476713180542,-0.21447017788887025,-0.04805448278784752,0.07784666866064072,0.5416358709335327,-0.837000846862793,0.2055397480726242,0.8127934336662293,0.545087456703186],"EasingStyle":"Linear","EasingDirection":"Out"},"HumanoidRootPart":{"Weight":0,"CFrame":[0,0,0,1,0,0,0,1,0,0,0,1],"EasingStyle":"Linear","EasingDirection":"In"},"Right Leg":{"Weight":1,"CFrame":[0.3524569869041443,-0.21332240104675294,0.27480268478393557,0.9702683091163635,-0.1943962723016739,-0.1441856324672699,0.05913935974240303,0.7680917978286743,-0.6376029253005981,0.23469552397727967,0.6101188659667969,0.7567515969276428],"EasingStyle":"Linear","EasingDirection":"Out"}}},{"Time":0.31041666865348818,"poses":{"Left Leg":{"Weight":1,"CFrame":[-1.197218894958496,0.6155587434768677,-0.06233561038970947,0.6137248277664185,0.3572208881378174,-0.7040845155715942,-0.7811693549156189,0.4041062593460083,-0.47589147090911868,0.11452654004096985,0.8420756459236145,0.5270600318908691],"EasingStyle":"Linear","EasingDirection":"Out"},"Right Arm":{"Weight":1,"CFrame":[-0.10423696041107178,0.2926146388053894,0.49403536319732668,0.24516236782073975,-0.34084421396255495,0.9075905680656433,0.6618327498435974,0.7429215312004089,0.1002257689833641,-0.7084298133850098,0.5761013627052307,0.4077182412147522],"EasingStyle":"Linear","EasingDirection":"Out"},"Left Arm":{"Weight":1,"CFrame":[-0.7116743922233582,0.159498929977417,-0.07972091436386109,-0.9240423440933228,0.12924011051654817,-0.3597814738750458,-0.20971162617206574,-0.9582445621490479,0.19439248740673066,-0.3196353614330292,0.2550771236419678,0.9125617146492004],"EasingStyle":"Linear","EasingDirection":"Out"},"Head":{"Weight":1,"CFrame":[1.4901161193847657e-8,-6.705522537231445e-8,-5.960464477539063e-8,0.9864046573638916,-0.14418338239192964,-0.07884830236434937,0.15575271844863892,0.9732769727706909,0.16873934864997865,0.05241180211305618,-0.17872625589370728,0.9825019240379334],"EasingStyle":"Linear","EasingDirection":"Out"},"Torso":{"Weight":1,"CFrame":[-0.26908302307128909,-0.9801228046417236,-0.9117512702941895,0.9784354567527771,-0.1960585117340088,-0.06500079482793808,0.0530611127614975,0.5427117347717285,-0.8382412791252136,0.1996210366487503,0.8167160153388977,0.5414115190505981],"EasingStyle":"Linear","EasingDirection":"Out"},"HumanoidRootPart":{"Weight":0,"CFrame":[0,0,0,1,0,0,0,1,0,0,0,1],"EasingStyle":"Linear","EasingDirection":"In"},"Right Leg":{"Weight":1,"CFrame":[0.4158545732498169,-0.21020269393920899,0.2487344741821289,0.9771902561187744,-0.1572282761335373,-0.14275318384170533,0.03511112183332443,0.7825684547424316,-0.6215737462043762,0.2094431072473526,0.6023834943771362,0.7702386379241943],"EasingStyle":"Linear","EasingDirection":"Out"}}},{"Time":0.3449999988079071,"poses":{"Left Leg":{"Weight":1,"CFrame":[-1.1713635921478272,0.6376636028289795,-0.016274988651275636,0.644759476184845,0.383029580116272,-0.6614934206008911,-0.7570419907569885,0.4396498203277588,-0.48331722617149355,0.10570059716701508,0.8124015927314758,0.5734378099441528],"EasingStyle":"Linear","EasingDirection":"Out"},"Right Arm":{"Weight":1,"CFrame":[-0.10351312160491944,0.27540791034698489,0.48112738132476809,0.22913964092731477,-0.3970734775066376,0.8887225389480591,0.6968018412590027,0.704430103302002,0.13507641851902009,-0.6796780824661255,0.5883119106292725,0.4380943179130554],"EasingStyle":"Linear","EasingDirection":"Out"},"Left Arm":{"Weight":1,"CFrame":[-0.6649695634841919,0.18213796615600587,-0.06054091453552246,-0.9247432947158814,0.14525766670703889,-0.3517812490463257,-0.20408287644386292,-0.9694352149963379,0.13618230819702149,-0.3212476372718811,0.19772610068321229,0.9261232614517212],"EasingStyle":"Linear","EasingDirection":"Out"},"Head":{"Weight":1,"CFrame":[1.4528632164001466e-7,-9.685754776000977e-8,2.384185791015625e-7,0.9773741960525513,-0.19754905998706819,-0.07559125125408173,0.20609737932682038,0.9698222279548645,0.13026395440101624,0.04757655784487724,-0.14289571344852448,0.988593578338623],"EasingStyle":"Linear","EasingDirection":"Out"},"Torso":{"Weight":1,"CFrame":[-0.3206493556499481,-0.9979043006896973,-0.8808517456054688,0.9824842810630798,-0.164093017578125,-0.08830700814723969,0.017305947840213777,0.5521882176399231,-0.8335398435592651,0.18554015457630158,0.8174115419387817,0.545356035232544],"EasingStyle":"Linear","EasingDirection":"Out"},"HumanoidRootPart":{"Weight":0,"CFrame":[0,0,0,1,0,0,0,1,0,0,0,1],"EasingStyle":"Linear","EasingDirection":"In"},"Right Leg":{"Weight":1,"CFrame":[0.45187830924987795,-0.22001969814300538,0.21043753623962403,0.9816873073577881,-0.13734228909015656,-0.13201174139976502,0.03083782084286213,0.7984083890914917,-0.601326048374176,0.187986820936203,0.5862432718276978,0.7880227565765381],"EasingStyle":"Linear","EasingDirection":"Out"}}},{"Time":0.3791666626930237,"poses":{"Left Leg":{"Weight":1,"CFrame":[-1.1372922658920289,0.6480215191841126,0.03238880634307861,0.689141035079956,0.414443701505661,-0.5944083333015442,-0.7202705144882202,0.4815939664840698,-0.4992770850658417,0.07934118807315827,0.7722070217132568,0.630397617816925],"EasingStyle":"Linear","EasingDirection":"Out"},"Right Arm":{"Weight":1,"CFrame":[-0.10234472155570984,0.24867022037506104,0.4610707759857178,0.21866071224212647,-0.46784186363220217,0.8563361763954163,0.733910858631134,0.6572001576423645,0.17164760828018189,-0.643088161945343,0.5909416079521179,0.48705798387527468],"EasingStyle":"Linear","EasingDirection":"Out"},"Left Arm":{"Weight":1,"CFrame":[-0.5989383459091187,0.21414345502853394,-0.03342467546463013,-0.928519606590271,0.16294197738170625,-0.33361852169036868,-0.2060195505619049,-0.9736429452896118,0.09785372018814087,-0.3088807761669159,0.159590944647789,0.9376157522201538],"EasingStyle":"Linear","EasingDirection":"Out"},"Head":{"Weight":1,"CFrame":[8.475035429000855e-8,-6.332993507385254e-8,-1.7881393432617188e-7,0.9602225422859192,-0.2706120014190674,-0.06886068731546402,0.27548691630363467,0.958347499370575,0.07534588873386383,0.04560297355055809,-0.0913189947605133,0.9947769641876221],"EasingStyle":"Linear","EasingDirection":"Out"},"Torso":{"Weight":1,"CFrame":[-0.3778170049190521,-1.0094311237335206,-0.8318777084350586,0.9858170747756958,-0.12025652825832367,-0.11706018447875977,-0.028597431257367135,0.5669459700584412,-0.8232583999633789,0.16536898910999299,0.8149298429489136,0.5554659962654114],"EasingStyle":"Linear","EasingDirection":"Out"},"HumanoidRootPart":{"Weight":0,"CFrame":[0,0,0,1,0,0,0,1,0,0,0,1],"EasingStyle":"Linear","EasingDirection":"In"},"Right Leg":{"Weight":1,"CFrame":[0.5018017888069153,-0.22023534774780274,0.18965494632720948,0.990064263343811,-0.10204712301492691,-0.09674237668514252,0.02693665586411953,0.81289142370224,-0.5817921757698059,0.13801135122776032,0.5734055638313294,0.8075634837150574],"EasingStyle":"Linear","EasingDirection":"Out"}}},{"Time":0.4137499928474426,"poses":{"Left Leg":{"Weight":1,"CFrame":[-1.0957602262496949,0.647074282169342,0.08049285411834717,0.740239679813385,0.44591253995895388,-0.5031970143318176,-0.6715195775032044,0.5273733139038086,-0.520517885684967,0.03326714038848877,0.7232146263122559,0.6898216605186462],"EasingStyle":"Linear","EasingDirection":"Out"},"Right Arm":{"Weight":1,"CFrame":[-0.10076414048671723,0.21399176120758058,0.43505632877349856,0.21063034236431123,-0.5496827363967896,0.8083835244178772,0.7725634574890137,0.6002870798110962,0.20688453316688538,-0.5989829301834106,0.5809511542320252,0.5511033535003662],"EasingStyle":"Linear","EasingDirection":"Out"},"Left Arm":{"Weight":1,"CFrame":[-0.5232441425323486,0.2508341073989868,-0.0023400187492370607,-0.9361819624900818,0.18377983570098878,-0.29964688420295718,-0.21823875606060029,-0.9721331596374512,0.08560974895954132,-0.2755632996559143,0.14554066956043244,0.9502013921737671],"EasingStyle":"Linear","EasingDirection":"Out"},"Head":{"Weight":1,"CFrame":[1.4156103134155274e-7,-1.9744038581848145e-7,1.1920928955078126e-7,0.934453547000885,-0.3515797257423401,-0.056464407593011859,0.3527790307998657,0.9356222748756409,0.012569802813231945,0.0484100840985775,-0.03166532889008522,0.9983254671096802],"EasingStyle":"Linear","EasingDirection":"Out"},"Torso":{"Weight":1,"CFrame":[-0.4392811954021454,-1.0150163173675538,-0.7704923152923584,0.986423909664154,-0.06650054454803467,-0.1501518338918686,-0.08360302448272705,0.5836219191551209,-0.8077102899551392,0.1413450688123703,0.8092979192733765,0.5701389908790588],"EasingStyle":"Linear","EasingDirection":"Out"},"HumanoidRootPart":{"Weight":0,"CFrame":[0,0,0,1,0,0,0,1,0,0,0,1],"EasingStyle":"Linear","EasingDirection":"In"},"Right Leg":{"Weight":1,"CFrame":[0.6029272079467773,-0.19496393203735352,0.20654213428497315,0.9986178278923035,-0.021059587597846986,-0.048155102878808978,-0.010061584413051606,0.8226709961891174,-0.5684288740158081,0.051586706191301349,0.5681275725364685,0.821321964263916],"EasingStyle":"Linear","EasingDirection":"Out"}}},{"Time":0.44833332300186159,"poses":{"Left Leg":{"Weight":1,"CFrame":[-1.0474121570587159,0.6352352499961853,0.12562966346740724,0.789752721786499,0.47307613492012026,-0.3904992341995239,-0.6125354766845703,0.5739004611968994,-0.5435424447059631,-0.033029284328222278,0.6684588193893433,0.7430154085159302],"EasingStyle":"Linear","EasingDirection":"Out"},"Right Arm":{"Weight":1,"CFrame":[-0.09880191087722779,0.172959566116333,0.4042762517929077,0.20200413465499879,-0.6379349827766419,0.7431240081787109,0.8117579817771912,0.5335712432861328,0.23738327622413636,-0.5479446649551392,0.555284321308136,0.6256324052810669],"EasingStyle":"Linear","EasingDirection":"Out"},"Left Arm":{"Weight":1,"CFrame":[-0.447549968957901,0.28752392530441286,0.02874445915222168,-0.9560871720314026,0.21533429622650147,-0.1988176703453064,-0.2384956330060959,-0.965903639793396,0.10074746608734131,-0.17034433782100678,0.1437404751777649,0.9748443365097046],"EasingStyle":"Linear","EasingDirection":"Out"},"Head":{"Weight":1,"CFrame":[2.2351741790771486e-8,-1.2433156371116639e-7,1.1920928955078126e-7,0.9025886654853821,-0.42876961827278139,-0.03860422596335411,0.42686668038368227,0.9029892086982727,-0.04894207790493965,0.0558440200984478,0.027695683762431146,0.9980552792549133],"EasingStyle":"Linear","EasingDirection":"Out"},"Torso":{"Weight":1,"CFrame":[-0.5037115812301636,-1.0151076316833497,-0.7024936676025391,0.9824520945549011,-0.005236790515482426,-0.18644170463085175,-0.1462298035621643,0.5988771915435791,-0.7873772978782654,0.11577901244163513,0.8008237481117249,0.5876023769378662],"EasingStyle":"Linear","EasingDirection":"Out"},"HumanoidRootPart":{"Weight":0,"CFrame":[0,0,0,1,0,0,0,1,0,0,0,1],"EasingStyle":"Linear","EasingDirection":"In"},"Right Leg":{"Weight":1,"CFrame":[0.7287328839302063,-0.1517188549041748,0.24920940399169923,0.9962314367294312,0.08583971858024597,-0.012425944209098816,-0.0780697911977768,0.8250396847724915,-0.5596558451652527,-0.03778877109289169,0.558516800403595,0.8286319971084595],"EasingStyle":"Linear","EasingDirection":"Out"}}},{"Time":0.4829166531562805,"poses":{"Left Leg":{"Weight":1,"CFrame":[-0.9925780892372131,0.6135343313217163,0.16625869274139405,0.8292043209075928,0.49364718794822695,-0.2621690630912781,-0.5465496778488159,0.6178585290908814,-0.565273642539978,-0.11706238985061646,0.6120157241821289,0.7821336984634399],"EasingStyle":"Linear","EasingDirection":"Out"},"Right Arm":{"Weight":1,"CFrame":[-0.09648992866277695,0.1271623969078064,0.3699212074279785,0.19003936648368836,-0.7267866730690002,0.6600502729415894,0.8500730395317078,0.4581625461578369,0.2597363293170929,-0.4911831021308899,0.5117306113243103,0.7048905491828919],"EasingStyle":"Linear","EasingDirection":"Out"},"Left Arm":{"Weight":1,"CFrame":[-0.38151875138282778,0.31953054666519167,0.05586099624633789,-0.965472936630249,0.25876420736312868,-0.030051657930016519,-0.26042184233665469,-0.955840528011322,0.13619595766067506,0.006518002599477768,0.139319509267807,0.9902260303497315],"EasingStyle":"Linear","EasingDirection":"Out"},"Head":{"Weight":1,"CFrame":[1.1920928955078126e-7,-1.5273690223693848e-7,3.5762786865234377e-7,0.8703031539916992,-0.49218031764030459,-0.018191078677773477,0.4881688952445984,0.8669289350509644,-0.10062529891729355,0.06529615074396134,0.0786941722035408,0.9947580695152283],"EasingStyle":"Linear","EasingDirection":"Out"},"Torso":{"Weight":1,"CFrame":[-0.5698940753936768,-1.01040780544281,-0.633807897567749,0.97248774766922,0.0605974979698658,-0.22493457794189454,-0.2144857794046402,0.6097021102905273,-0.7630590796470642,0.09090357273817063,0.7903109192848206,0.6059250831604004],"EasingStyle":"Linear","EasingDirection":"Out"},"HumanoidRootPart":{"Weight":0,"CFrame":[0,0,0,1,0,0,0,1,0,0,0,1],"EasingStyle":"Linear","EasingDirection":"In"},"Right Leg":{"Weight":1,"CFrame":[0.8521603345870972,-0.08859086036682129,0.3148915767669678,0.9812143445014954,0.19291719794273377,-0.0011484436690807343,-0.16202978789806367,0.8208543658256531,-0.5476720333099365,-0.10471252351999283,0.5375695824623108,0.8366923332214356],"EasingStyle":"Linear","EasingDirection":"Out"}}},{"Time":0.5170833468437195,"poses":{"Left Leg":{"Weight":1,"CFrame":[-0.9314039945602417,0.5842986106872559,0.20158636569976808,0.8521509170532227,0.5076531767845154,-0.12699221074581147,-0.47795960307121279,0.6562524437904358,-0.5838555693626404,-0.21305721998214723,0.5582302212715149,0.8018638491630554],"EasingStyle":"Linear","EasingDirection":"Out"},"Right Arm":{"Weight":1,"CFrame":[-0.09385985136032105,0.07818847894668579,0.33318305015563967,0.17268551886081696,-0.8098169565200806,0.5606926679611206,0.8858087062835693,0.37660881876945498,0.27112507820129397,-0.4307233989238739,0.449847012758255,0.7823777794837952],"EasingStyle":"Linear","EasingDirection":"Out"},"Left Arm":{"Weight":1,"CFrame":[-0.3348136246204376,0.34216874837875368,0.07504093647003174,-0.9434800148010254,0.30697712302207949,0.12494178116321564,-0.2822245657444,-0.9417822360992432,0.18274453282356263,0.17376631498336793,0.13715408742427827,0.975189208984375],"EasingStyle":"Linear","EasingDirection":"Out"},"Head":{"Weight":1,"CFrame":[2.2351741790771485e-7,-1.043081283569336e-7,-1.1920928955078126e-7,0.8452636003494263,-0.5343495607376099,-0.000021036712496425026,0.529430627822876,0.8374878764152527,-0.13534152507781983,0.07233726233243942,0.11438807845115662,0.9907990097999573],"EasingStyle":"Linear","EasingDirection":"Out"},"Torso":{"Weight":1,"CFrame":[-0.6368661522865295,-1.0019197463989258,-0.5704507827758789,0.9557802677154541,0.1276145875453949,-0.26495012640953066,-0.2859478294849396,0.6137095093727112,-0.7359310388565064,0.06868691742420197,0.7791502475738525,0.6230625510215759],"EasingStyle":"Linear","EasingDirection":"Out"},"HumanoidRootPart":{"Weight":0,"CFrame":[0,0,0,1,0,0,0,1,0,0,0,1],"EasingStyle":"Linear","EasingDirection":"In"},"Right Leg":{"Weight":1,"CFrame":[0.9448521137237549,0.008638978004455567,0.41243159770965578,0.9616499543190002,0.2731519043445587,-0.024846984073519708,-0.24564167857170106,0.8173993825912476,-0.5210744738578796,-0.12202254682779312,0.5071945190429688,0.8531494736671448],"EasingStyle":"Linear","EasingDirection":"Out"}}},{"Time":0.5516666769981384,"poses":{"Left Leg":{"Weight":1,"CFrame":[-0.8643931746482849,0.5514527559280396,0.23163866996765138,0.856074333190918,0.5168298482894898,0.004841230809688568,-0.4112838804721832,0.6868613958358765,-0.5992220640182495,-0.313021183013916,0.5109875202178955,0.8005682229995728],"EasingStyle":"Linear","EasingDirection":"Out"},"Right Arm":{"Weight":1,"CFrame":[-0.09094235301017761,0.0276259183883667,0.2952539920806885,0.14899998903274537,-0.8810251951217651,0.44899171590805056,0.9172803163528442,0.29273366928100588,0.27000710368156435,-0.36931800842285159,0.371620237827301,0.8517643809318543],"EasingStyle":"Linear","EasingDirection":"Out"},"Left Arm":{"Weight":1,"CFrame":[-0.3170985281467438,0.35075557231903078,0.08231592178344727,-0.9163001179695129,0.3553409278392792,0.18473432958126069,-0.3117617666721344,-0.9224179983139038,0.2279248982667923,0.2513934373855591,0.1512543261051178,0.9559934139251709],"EasingStyle":"Linear","EasingDirection":"Out"},"Head":{"Weight":1,"CFrame":[1.341104507446289e-7,-3.2782554626464846e-7,-2.384185791015625e-7,0.8354342579841614,-0.5494860410690308,0.010719144716858864,0.5448545217514038,0.8255225419998169,-0.1471254825592041,0.07199443131685257,0.1287539005279541,0.9890597462654114],"EasingStyle":"Linear","EasingDirection":"Out"},"Torso":{"Weight":1,"CFrame":[-0.7040162682533264,-0.9909099340438843,-0.5184831619262695,0.9323559999465942,0.1921597719192505,-0.3062465488910675,-0.3579751253128052,0.6093446016311646,-0.7074976563453674,0.05065709352493286,0.7692683339118958,0.6369144916534424],"EasingStyle":"Linear","EasingDirection":"Out"},"HumanoidRootPart":{"Weight":0,"CFrame":[0,0,0,1,0,0,0,1,0,0,0,1],"EasingStyle":"Linear","EasingDirection":"In"},"Right Leg":{"Weight":1,"CFrame":[0.9660159349441528,0.17482447624206544,0.5454119443893433,0.951772928237915,0.29263296723365786,-0.09216407686471939,-0.3010612428188324,0.8329761028289795,-0.46423378586769106,-0.05907967686653137,0.4695920944213867,0.880904495716095],"EasingStyle":"Linear","EasingDirection":"Out"}}},{"Time":0.5862500071525574,"poses":{"Left Leg":{"Weight":1,"CFrame":[-0.7927191257476807,0.5200657248497009,0.2577100992202759,0.8428825736045837,0.5236803889274597,0.12372487038373947,-0.35002046823501589,0.708224356174469,-0.6131100058555603,-0.4086986780166626,0.4734734892845154,0.7802488803863525],"EasingStyle":"Linear","EasingDirection":"Out"},"Right Arm":{"Weight":1,"CFrame":[-0.08777046203613281,-0.02293577790260315,0.2573249340057373,0.11939526349306107,-0.9360562562942505,0.3309735655784607,0.9431891441345215,0.211042582988739,0.256622850894928,-0.3100629448890686,0.2815310060977936,0.9080755710601807],"EasingStyle":"Linear","EasingDirection":"Out"},"Left Arm":{"Weight":1,"CFrame":[-0.32478320598602297,0.3395191431045532,0.07683265209197998,-0.8985757231712341,0.4041818082332611,0.170876145362854,-0.35155054926872256,-0.89610755443573,0.2709309458732605,0.2626287043094635,0.18338026106357575,0.9473108053207398],"EasingStyle":"Linear","EasingDirection":"Out"},"Head":{"Weight":1,"CFrame":[9.685754776000977e-8,8.940696716308594e-8,3.5762786865234377e-7,0.8440939784049988,-0.5360231995582581,0.013581660576164723,0.5323973298072815,0.8348367810249329,-0.14000217616558076,0.06370589882135391,0.12540587782859803,0.9900580644607544],"EasingStyle":"Linear","EasingDirection":"Out"},"Torso":{"Weight":1,"CFrame":[-0.7711153030395508,-0.9788074493408203,-0.48398852348327639,0.9029910564422607,0.25052815675735476,-0.3490598499774933,-0.4279939532279968,0.5959399938583374,-0.6794679760932922,0.037792883813381198,0.7629489898681641,0.6453530192375183],"EasingStyle":"Linear","EasingDirection":"Out"},"HumanoidRootPart":{"Weight":0,"CFrame":[0,0,0,1,0,0,0,1,0,0,0,1],"EasingStyle":"Linear","EasingDirection":"In"},"Right Leg":{"Weight":1,"CFrame":[0.852523148059845,0.4570969343185425,0.6653800010681152,0.9573520421981812,0.20413564145565034,-0.20446442067623139,-0.26774153113365176,0.8927869200706482,-0.36227884888648989,0.10858910530805588,0.401572048664093,0.909367024898529],"EasingStyle":"Linear","EasingDirection":"Out"}}},{"Time":0.6208333373069763,"poses":{"Left Leg":{"Weight":1,"CFrame":[-0.7175162434577942,0.49520862102508547,0.28267204761505129,0.8178064823150635,0.5309532880783081,0.22199349105358125,-0.296279639005661,0.7191404104232788,-0.6285343170166016,-0.49336695671081545,0.4482473134994507,0.7454283833503723],"EasingStyle":"Linear","EasingDirection":"Out"},"Right Arm":{"Weight":1,"CFrame":[-0.08437386155128479,-0.0719098448753357,0.22058701515197755,0.08556611835956574,-0.9731320142745972,0.21375799179077149,0.9629238247871399,0.1358634978532791,0.23306415975093842,-0.2558440566062927,0.18589019775390626,0.9486773014068604],"EasingStyle":"Linear","EasingDirection":"Out"},"Left Arm":{"Weight":1,"CFrame":[-0.34585613012313845,0.3086608648300171,0.06179797649383545,-0.8770017027854919,0.45568010210990908,0.15239259600639344,-0.3927746117115021,-0.8625779747962952,0.31888484954833987,0.2767599821090698,0.21980643272399903,0.9354618787765503],"EasingStyle":"Linear","EasingDirection":"Out"},"Head":{"Weight":1,"CFrame":[2.5331974029541018e-7,1.4901161193847657e-7,2.384185791015625e-7,0.8663626909255981,-0.4992683231830597,0.012115728110074997,0.4968150556087494,0.8591258525848389,-0.12279053777456284,0.05089651048183441,0.11240050196647644,0.9923586249351502],"EasingStyle":"Linear","EasingDirection":"Out"},"Torso":{"Weight":1,"CFrame":[-0.8382599949836731,-0.9670695662498474,-0.4730949401855469,0.8690572381019592,0.29912713170051577,-0.3940335512161255,-0.4937695860862732,0.5736021995544434,-0.6535840630531311,0.030513815581798555,0.7625637054443359,0.6461930871009827],"EasingStyle":"Linear","EasingDirection":"Out"},"HumanoidRootPart":{"Weight":0,"CFrame":[0,0,0,1,0,0,0,1,0,0,0,1],"EasingStyle":"Linear","EasingDirection":"In"},"Right Leg":{"Weight":1,"CFrame":[0.6113274693489075,0.7848195433616638,0.6474074125289917,0.9442722201347351,-0.01306785549968481,-0.32890596985816958,-0.06795333325862885,0.9699487686157227,-0.2336272895336151,0.3220749795436859,0.24295812845230103,0.9150077104568481],"EasingStyle":"Linear","EasingDirection":"Out"}}},{"Time":0.6549999713897705,"poses":{"Left Leg":{"Weight":1,"CFrame":[-0.6409569382667542,0.4752061367034912,0.3078964948654175,0.7870720028877258,0.541422963142395,0.29559895396232607,-0.2501940131187439,0.7182039618492127,-0.6492965817451477,-0.5638445019721985,0.4370861351490021,0.7007390856742859],"EasingStyle":"Linear","EasingDirection":"Out"},"Right Arm":{"Weight":1,"CFrame":[-0.08078482747077942,-0.11770695447921753,0.1862320899963379,0.0500982403755188,-0.9932852983474731,0.1042809933423996,0.9766650795936585,0.07055619359016419,0.2028476446866989,-0.20884323120117188,0.09168514609336853,0.9736417531967163],"EasingStyle":"Linear","EasingDirection":"Out"},"Left Arm":{"Weight":1,"CFrame":[-0.37734130024909975,0.2624601125717163,0.03933382034301758,-0.8515495657920837,0.50817