{"Sequence":[{"Time":0,"poses":{"Left Leg":{"Weight":1,"CFrame":[0.23635075986385346,-0.10303354263305664,-0.07481789588928223,0.764240562915802,-0.4765341877937317,0.4345704913139343,0.6083698272705078,0.7563302516937256,-0.24052204191684724,-0.2140618860721588,0.44819629192352297,0.8679272532463074],"EasingStyle":"Constant","EasingDirection":"In"},"Right Arm":{"Weight":1,"CFrame":[0.33068397641181948,-0.5775928497314453,-0.32562702894210818,-0.33853521943092348,-0.19579139351844788,0.9203584790229797,0.8337460160255432,-0.515830934047699,0.1969420611858368,0.43618977069854739,0.8340168595314026,0.33786702156066897],"EasingStyle":"Constant","EasingDirection":"In"},"Left Arm":{"Weight":1,"CFrame":[-0.1250143051147461,-0.6913765668869019,-0.4865568280220032,-0.15697477757930757,0.002296220511198044,-0.9875999689102173,-0.7678881287574768,-0.6291311979293823,0.12058998644351959,-0.6210530400276184,0.7772957682609558,0.10052087903022766],"EasingStyle":"Constant","EasingDirection":"In"},"Head":{"Weight":1,"CFrame":[2.1606683731079102e-7,2.2351741790771486e-8,0.016661763191223146,0.9983755350112915,-0.05629919841885567,0.00875687226653099,0.05697578936815262,0.9869988560676575,-0.1502895951271057,-0.0001818239688873291,0.15054433047771455,0.9886032938957214],"EasingStyle":"Constant","EasingDirection":"In"},"Torso":{"Weight":1,"CFrame":[0.5709599256515503,0.19354349374771119,0.1390085220336914,0.9722106456756592,-0.1617545187473297,0.16923990845680238,0.12132703512907028,0.9663851261138916,0.22667086124420167,-0.20021595060825349,-0.19983841478824616,0.9591550230979919],"EasingStyle":"Constant","EasingDirection":"In"},"HumanoidRootPart":{"Weight":0,"CFrame":[0,0,0,1,0,0,0,1,0,0,0,1],"EasingStyle":"Linear","EasingDirection":"In"},"Right Leg":{"Weight":1,"CFrame":[0.0848560556769371,-0.05186653137207031,0.04474961757659912,0.9513677954673767,-0.13201990723609925,-0.27833473682403567,0.06790176033973694,0.9711614847183228,-0.22854898869991303,0.3004811108112335,0.19853466749191285,0.9328961968421936],"EasingStyle":"Constant","EasingDirection":"In"}}},{"Time":0.03333333507180214,"poses":{"Left Leg":{"Weight":1,"CFrame":[0.23902040719985963,-0.11308538913726807,-0.07882601022720337,0.7357057929039002,-0.5134813785552979,0.44167155027389529,0.6533820033073425,0.709831714630127,-0.26311779022216799,-0.17840638756752015,0.48215749859809878,0.8577268123626709],"EasingStyle":"Constant","EasingDirection":"In"},"Right Arm":{"Weight":1,"CFrame":[0.3193526566028595,-0.5474640727043152,-0.3300105333328247,0.009838901460170746,-0.5533224940299988,0.8329091668128967,0.8767557740211487,0.40530461072921755,0.2588970959186554,-0.4808354079723358,0.7277104258537293,0.48911619186401369],"EasingStyle":"Constant","EasingDirection":"In"},"Left Arm":{"Weight":1,"CFrame":[-0.10075800120830536,-0.6629659533500671,-0.4982420802116394,-0.06912431865930557,0.8038963675498962,-0.5907391309738159,-0.8168739080429077,0.2943058907985687,0.49608585238456728,0.5726596117019653,0.5168507695198059,0.6363379955291748],"EasingStyle":"Constant","EasingDirection":"In"},"Head":{"Weight":1,"CFrame":[5.587935447692871e-8,-1.1920928955078126e-7,0.016661882400512697,0.9996541142463684,-0.023613104596734048,-0.011585411615669728,0.020542696118354799,0.9760112166404724,-0.2167489379644394,0.016425641253590585,0.21643589437007905,0.9761586785316467],"EasingStyle":"Constant","EasingDirection":"In"},"Torso":{"Weight":1,"CFrame":[0.2975797951221466,0.13592210412025453,-0.17787837982177735,0.9789012670516968,-0.15566828846931458,0.13236218690872193,0.12657304108142854,0.9704843759536743,0.2052786499261856,-0.1604107767343521,-0.18419402837753297,0.9697118401527405],"EasingStyle":"Constant","EasingDirection":"In"},"HumanoidRootPart":{"Weight":0,"CFrame":[0,0,0,1,0,0,0,1,0,0,0,1],"EasingStyle":"Linear","EasingDirection":"In"},"Right Leg":{"Weight":1,"CFrame":[0.4252169132232666,0.10121428966522217,0.19457340240478517,0.9582785367965698,0.047217488288879397,-0.28190919756889346,-0.1225251629948616,0.958911657333374,-0.25588318705558779,0.2582438886165619,0.27974826097488406,0.9246896505355835],"EasingStyle":"Constant","EasingDirection":"In"}}},{"Time":0.06666667014360428,"poses":{"Left Leg":{"Weight":1,"CFrame":[0.23902031779289246,-0.11308526992797852,-0.07882601022720337,0.735706090927124,-0.5134812593460083,0.4416714608669281,0.6533818244934082,0.709831953048706,-0.26311779022216799,-0.1784064769744873,0.4821573793888092,0.8577268719673157],"EasingStyle":"Constant","EasingDirection":"In"},"Right Arm":{"Weight":1,"CFrame":[0.3193525969982147,-0.5474641919136047,-0.33001065254211428,0.009838930331170559,-0.553322434425354,0.8329091668128967,0.8767557144165039,0.4053044319152832,0.2588970363140106,-0.48083534836769106,0.7277105450630188,0.48911625146865847],"EasingStyle":"Constant","EasingDirection":"In"},"Left Arm":{"Weight":1,"CFrame":[-0.10075785219669342,-0.6629658937454224,-0.4982419013977051,-0.06912433356046677,0.8038963079452515,-0.590739369392395,-0.8168738484382629,0.2943058907985687,0.4960857927799225,0.5726596117019653,0.5168509483337402,0.63633793592453],"EasingStyle":"Constant","EasingDirection":"In"},"Head":{"Weight":1,"CFrame":[1.30385160446167e-7,7.450580596923828e-8,0.016661763191223146,0.9997691512107849,-0.019548743963241578,-0.00892054196447134,0.01707508973777294,0.9747858643531799,-0.22248859703540803,0.013045039027929306,0.22228485345840455,0.9748945832252502],"EasingStyle":"Constant","EasingDirection":"In"},"Torso":{"Weight":1,"CFrame":[0.05694305896759033,0.12228721380233765,-0.30846166610717776,0.9840665459632874,-0.15018914639949799,0.09516441822052002,0.13093018531799317,0.9742357134819031,0.1836359053850174,-0.12029267847537995,-0.16825005412101746,0.978377103805542],"EasingStyle":"Constant","EasingDirection":"In"},"HumanoidRootPart":{"Weight":0,"CFrame":[0,0,0,1,0,0,0,1,0,0,0,1],"EasingStyle":"Linear","EasingDirection":"In"},"Right Leg":{"Weight":1,"CFrame":[0.42521724104881289,0.10121464729309082,0.19457340240478517,0.9582785367965698,0.04721727967262268,-0.28190913796424868,-0.12252503633499146,0.9589115381240845,-0.2558833360671997,0.2582438588142395,0.27974843978881838,0.924689769744873],"EasingStyle":"Constant","EasingDirection":"In"}}},{"Time":0.10000000149011612,"poses":{"Left Leg":{"Weight":1,"CFrame":[-0.13551729917526246,-0.46416521072387698,-0.0186881422996521,0.5592240691184998,-0.6976321339607239,0.44785910844802859,0.8278557062149048,0.44135960936546328,-0.3462032675743103,0.04385552555322647,0.564367949962616,0.8243576288223267],"EasingStyle":"Constant","EasingDirection":"In"},"Right Arm":{"Weight":1,"CFrame":[0.3196347951889038,-0.5521196722984314,-0.32772815227508547,-0.03184036165475845,-0.5438074469566345,0.8386058807373047,0.9459178447723389,0.25461503863334658,0.20102404057979585,-0.3228399157524109,0.7996528148651123,0.506290078163147],"EasingStyle":"Constant","EasingDirection":"In"},"Left Arm":{"Weight":1,"CFrame":[-0.10650694370269776,-0.6669176816940308,-0.4886423349380493,-0.07742046564817429,0.5938408970832825,-0.8008488416671753,-0.9754648804664612,0.12092694640159607,0.18397033214569093,0.20609335601329804,0.795443058013916,0.569908857345581],"EasingStyle":"Constant","EasingDirection":"In"},"Head":{"Weight":1,"CFrame":[1.1734664440155029e-7,-4.6566128730773929e-8,0.016661882400512697,0.9992508292198181,0.034921444952487949,-0.01668715849518776,-0.03839066997170448,0.9490274786949158,-0.3128465414047241,0.004911511670798063,0.3132527470588684,0.9496570825576782],"EasingStyle":"Constant","EasingDirection":"In"},"Torso":{"Weight":1,"CFrame":[0.009074941277503968,0.061272650957107547,-0.517850399017334,0.9880474209785461,-0.14386813342571259,0.05535605549812317,0.13397274911403657,0.9790610671043396,0.153267040848732,-0.0762471854686737,-0.14401888847351075,0.9866331219673157],"EasingStyle":"Constant","EasingDirection":"In"},"HumanoidRootPart":{"Weight":0,"CFrame":[0,0,0,1,0,0,0,1,0,0,0,1],"EasingStyle":"Linear","EasingDirection":"In"},"Right Leg":{"Weight":1,"CFrame":[0.585416853427887,0.3216688632965088,0.30043625831604006,0.955420970916748,0.10661585628986359,-0.2753247022628784,-0.18054673075675965,0.9488238096237183,-0.25910645723342898,0.2336098700761795,0.2972646653652191,0.925775408744812],"EasingStyle":"Constant","EasingDirection":"In"}}},{"Time":0.13333334028720857,"poses":{"Left Leg":{"Weight":1,"CFrame":[-0.13551729917526246,-0.46416521072387698,-0.0186881422996521,0.5592240691184998,-0.6976321339607239,0.44785910844802859,0.8278557062149048,0.44135960936546328,-0.3462032675743103,0.04385552555322647,0.564367949962616,0.8243576288223267],"EasingStyle":"Constant","EasingDirection":"In"},"Right Arm":{"Weight":1,"CFrame":[0.3196347951889038,-0.5521196722984314,-0.32772815227508547,-0.03184036165475845,-0.5438074469566345,0.8386058807373047,0.9459178447723389,0.25461503863334658,0.20102404057979585,-0.3228399157524109,0.7996528148651123,0.506290078163147],"EasingStyle":"Constant","EasingDirection":"In"},"Left Arm":{"Weight":1,"CFrame":[-0.10650694370269776,-0.6669176816940308,-0.4886423349380493,-0.07742046564817429,0.5938408970832825,-0.8008488416671753,-0.9754648804664612,0.12092694640159607,0.18397033214569093,0.20609335601329804,0.795443058013916,0.569908857345581],"EasingStyle":"Constant","EasingDirection":"In"},"Head":{"Weight":1,"CFrame":[1.1734664440155029e-7,-4.6566128730773929e-8,0.016661882400512697,0.9992508292198181,0.034921444952487949,-0.01668715849518776,-0.03839066997170448,0.9490274786949158,-0.3128465414047241,0.004911511670798063,0.3132527470588684,0.9496570825576782],"EasingStyle":"Constant","EasingDirection":"In"},"Torso":{"Weight":1,"CFrame":[0.009074941277503968,0.061272650957107547,-0.517850399017334,0.9880474209785461,-0.14386813342571259,0.05535605549812317,0.13397274911403657,0.9790610671043396,0.153267040848732,-0.0762471854686737,-0.14401888847351075,0.9866331219673157],"EasingStyle":"Constant","EasingDirection":"In"},"HumanoidRootPart":{"Weight":0,"CFrame":[0,0,0,1,0,0,0,1,0,0,0,1],"EasingStyle":"Linear","EasingDirection":"In"},"Right Leg":{"Weight":1,"CFrame":[0.585416853427887,0.3216688632965088,0.30043625831604006,0.955420970916748,0.10661585628986359,-0.2753247022628784,-0.18054673075675965,0.9488238096237183,-0.25910645723342898,0.2336098700761795,0.2972646653652191,0.925775408744812],"EasingStyle":"Constant","EasingDirection":"In"}}},{"Time":0.1666666716337204,"poses":{"Left Leg":{"Weight":1,"CFrame":[-0.12295141816139221,-0.45671093463897707,-0.02808600664138794,0.577410101890564,-0.6840294599533081,0.44575926661491396,0.8151684999465942,0.45236706733703616,-0.36175188422203066,0.04580211266875267,0.572248101234436,0.8188005685806274],"EasingStyle":"Constant","EasingDirection":"In"},"Right Arm":{"Weight":1,"CFrame":[0.30699992179870608,-0.4943835139274597,-0.2273598313331604,-0.0729033574461937,-0.6155918836593628,0.7846858501434326,0.9600487947463989,0.16981485486030579,0.2224169820547104,-0.27016934752464297,0.7695515155792236,0.5786181092262268],"EasingStyle":"Constant","EasingDirection":"In"},"Left Arm":{"Weight":1,"CFrame":[-0.11432385444641113,-0.658580482006073,-0.43065911531448367,-0.06412950158119202,0.5856847167015076,-0.8079981803894043,-0.9928401708602905,0.04431893303990364,0.11092514544725418,0.10077681392431259,0.8093265295028687,0.5786489844322205],"EasingStyle":"Constant","EasingDirection":"In"},"Head":{"Weight":1,"CFrame":[7.450580596923828e-8,2.2817403078079225e-8,0.016661405563354493,0.9986168146133423,0.041158538311719897,-0.03271888196468353,-0.05075574293732643,0.9170520305633545,-0.3955245316028595,0.01372571848332882,0.39663803577423098,0.9178725481033325],"EasingStyle":"Constant","EasingDirection":"In"},"Torso":{"Weight":1,"CFrame":[-0.0020677298307418825,0.05303710699081421,-0.4897751808166504,0.9890184998512268,-0.14188893139362336,0.04135241359472275,0.1347155123949051,0.9805721044540405,0.1425839066505432,-0.06078008934855461,-0.13544729351997376,0.9889186024665833],"EasingStyle":"Constant","EasingDirection":"In"},"HumanoidRootPart":{"Weight":0,"CFrame":[0,0,0,1,0,0,0,1,0,0,0,1],"EasingStyle":"Linear","EasingDirection":"In"},"Right Leg":{"Weight":1,"CFrame":[0.58371901512146,0.34303146600723269,0.2946821451187134,0.9574649930000305,0.09757382422685623,-0.27155110239982607,-0.16709153354167939,0.9547345638275147,-0.24609409272670747,0.2352469116449356,0.28100037574768069,0.9304287433624268],"EasingStyle":"Constant","EasingDirection":"In"}}},{"Time":0.20000000298023225,"poses":{"Left Leg":{"Weight":1,"CFrame":[-0.12295141816139221,-0.45671093463897707,-0.02808600664138794,0.577410101890564,-0.6840294599533081,0.44575926661491396,0.8151684999465942,0.45236706733703616,-0.36175188422203066,0.04580211266875267,0.572248101234436,0.8188005685806274],"EasingStyle":"Constant","EasingDirection":"In"},"Right Arm":{"Weight":1,"CFrame":[0.30699992179870608,-0.4943835139274597,-0.2273598313331604,-0.0729033574461937,-0.6155918836593628,0.7846858501434326,0.9600487947463989,0.16981485486030579,0.2224169820547104,-0.27016934752464297,0.7695515155792236,0.5786181092262268],"EasingStyle":"Constant","EasingDirection":"In"},"Left Arm":{"Weight":1,"CFrame":[-0.11432385444641113,-0.658580482006073,-0.43065911531448367,-0.06412950158119202,0.5856847167015076,-0.8079981803894043,-0.9928401708602905,0.04431893303990364,0.11092514544725418,0.10077681392431259,0.8093265295028687,0.5786489844322205],"EasingStyle":"Constant","EasingDirection":"In"},"Head":{"Weight":1,"CFrame":[7.450580596923828e-8,2.2817403078079225e-8,0.016661405563354493,0.9986168146133423,0.041158538311719897,-0.03271888196468353,-0.05075574293732643,0.9170520305633545,-0.3955245316028595,0.01372571848332882,0.39663803577423098,0.9178725481033325],"EasingStyle":"Constant","EasingDirection":"In"},"Torso":{"Weight":1,"CFrame":[-0.0020677298307418825,0.05303710699081421,-0.4897751808166504,0.9890184998512268,-0.14188893139362336,0.04135241359472275,0.1347155123949051,0.9805721044540405,0.1425839066505432,-0.06078008934855461,-0.13544729351997376,0.9889186024665833],"EasingStyle":"Constant","EasingDirection":"In"},"HumanoidRootPart":{"Weight":0,"CFrame":[0,0,0,1,0,0,0,1,0,0,0,1],"EasingStyle":"Linear","EasingDirection":"In"},"Right Leg":{"Weight":1,"CFrame":[0.58371901512146,0.34303146600723269,0.2946821451187134,0.9574649930000305,0.09757382422685623,-0.27155110239982607,-0.16709153354167939,0.9547345638275147,-0.24609409272670747,0.2352469116449356,0.28100037574768069,0.9304287433624268],"EasingStyle":"Constant","EasingDirection":"In"}}},{"Time":0.23333333432674409,"poses":{"Left Leg":{"Weight":1,"CFrame":[-0.8191494941711426,-0.35681796073913576,0.12013912200927735,0.6096594929695129,-0.7594960927963257,0.22689437866210938,0.7829114198684692,0.5322007536888123,-0.32219868898391726,0.12395527958869934,0.3740696609020233,0.9190794825553894],"EasingStyle":"Constant","EasingDirection":"In"},"Right Arm":{"Weight":1,"CFrame":[0.25333553552627566,-0.22877734899520875,0.20795083045959474,-0.09690076112747193,-0.8911749720573425,0.4431900978088379,0.8114239573478699,0.18712718784809113,0.5536919236183167,-0.5763693451881409,0.4132680594921112,0.7049878835678101],"EasingStyle":"Constant","EasingDirection":"In"},"Left Arm":{"Weight":1,"CFrame":[-0.17841288447380067,-0.50063157081604,-0.10121864080429077,-0.08179917186498642,0.8789234757423401,-0.4698966443538666,-0.8695034384727478,0.1674971878528595,0.4646596312522888,0.4871065616607666,0.4465852975845337,0.7505255341529846],"EasingStyle":"Constant","EasingDirection":"In"},"Head":{"Weight":1,"CFrame":[6.332993507385254e-8,1.3504177331924439e-8,0.01666247844696045,0.997583270072937,0.060743220150470737,-0.033735476434230807,-0.06692444533109665,0.9705320596694946,-0.23149216175079347,0.018679795786738397,0.2331903874874115,0.9722516536712647],"EasingStyle":"Constant","EasingDirection":"In"},"Torso":{"Weight":1,"CFrame":[-0.002447180449962616,0.0621589720249176,-0.19101285934448243,0.9814159870147705,-0.188866525888443,0.0339423269033432,0.18382519483566285,0.9760808348655701,0.1160796731710434,-0.05505402013659477,-0.1076829805970192,0.992659866809845],"EasingStyle":"Constant","EasingDirection":"In"},"HumanoidRootPart":{"Weight":0,"CFrame":[0,0,0,1,0,0,0,1,0,0,0,1],"EasingStyle":"Linear","EasingDirection":"In"},"Right Leg":{"Weight":1,"CFrame":[0.8336312770843506,0.353582501411438,0.2095576524734497,0.8924731612205505,0.4054116904735565,-0.19782043993473054,-0.42829084396362307,0.8992055654525757,-0.089422307908535,0.1416284590959549,0.1645316630601883,0.9761510491371155],"EasingStyle":"Constant","EasingDirection":"In"}}},{"Time":0.2666666805744171,"poses":{"Left Leg":{"Weight":1,"CFrame":[-0.8191494941711426,-0.35681796073913576,0.12013912200927735,0.6096594929695129,-0.7594960927963257,0.22689437866210938,0.7829114198684692,0.5322007536888123,-0.32219868898391726,0.12395527958869934,0.3740696609020233,0.9190794825553894],"EasingStyle":"Constant","EasingDirection":"In"},"Right Arm":{"Weight":1,"CFrame":[0.25333553552627566,-0.22877734899520875,0.20795083045959474,-0.09690076112747193,-0.8911749720573425,0.4431900978088379,0.8114239573478699,0.18712718784809113,0.5536919236183167,-0.5763693451881409,0.4132680594921112,0.7049878835678101],"EasingStyle":"Constant","EasingDirection":"In"},"Left Arm":{"Weight":1,"CFrame":[-0.17841288447380067,-0.50063157081604,-0.10121864080429077,-0.08179917186498642,0.8789234757423401,-0.4698966443538666,-0.8695034384727478,0.1674971878528595,0.4646596312522888,0.4871065616607666,0.4465852975845337,0.7505255341529846],"EasingStyle":"Constant","EasingDirection":"In"},"Head":{"Weight":1,"CFrame":[6.332993507385254e-8,1.3504177331924439e-8,0.01666247844696045,0.997583270072937,0.060743220150470737,-0.033735476434230807,-0.06692444533109665,0.9705320596694946,-0.23149216175079347,0.018679795786738397,0.2331903874874115,0.9722516536712647],"EasingStyle":"Constant","EasingDirection":"In"},"Torso":{"Weight":1,"CFrame":[-0.002447180449962616,0.0621589720249176,-0.19101285934448243,0.9814159870147705,-0.188866525888443,0.0339423269033432,0.18382519483566285,0.9760808348655701,0.1160796731710434,-0.05505402013659477,-0.1076829805970192,0.992659866809845],"EasingStyle":"Constant","EasingDirection":"In"},"HumanoidRootPart":{"Weight":0,"CFrame":[0,0,0,1,0,0,0,1,0,0,0,1],"EasingStyle":"Linear","EasingDirection":"In"},"Right Leg":{"Weight":1,"CFrame":[0.8336312770843506,0.353582501411438,0.2095576524734497,0.8924731612205505,0.4054116904735565,-0.19782043993473054,-0.42829084396362307,0.8992055654525757,-0.089422307908535,0.1416284590959549,0.1645316630601883,0.9761510491371155],"EasingStyle":"Constant","EasingDirection":"In"}}},{"Time":0.30000001192092898,"poses":{"Left Leg":{"Weight":1,"CFrame":[-0.8153425455093384,0.39936673641204836,0.025183439254760743,0.9548612236976624,-0.28854531049728396,0.07058021426200867,0.28343498706817629,0.9561125636100769,0.0742514505982399,-0.08890748023986817,-0.05089493468403816,0.9947388172149658],"EasingStyle":"Constant","EasingDirection":"In"},"Right Arm":{"Weight":1,"CFrame":[0.24912753701210023,-0.18803152441978455,0.28653550148010256,0.01500985212624073,-0.8629602193832398,-0.5050490498542786,0.6116644144058228,-0.3916465640068054,0.6873716115951538,-0.7909749746322632,-0.3192378580570221,0.5219634771347046],"EasingStyle":"Constant","EasingDirection":"In"},"Left Arm":{"Weight":1,"CFrame":[-0.3452327251434326,-0.06499403715133667,0.24925017356872559,0.01096670888364315,0.8386077880859375,0.5446252226829529,-0.7311928868293762,-0.364798903465271,0.5764365196228027,0.6820827126502991,-0.404547780752182,0.6091833710670471],"EasingStyle":"Constant","EasingDirection":"In"},"Head":{"Weight":1,"CFrame":[8.475035429000855e-8,9.313225746154786e-10,0.016661763191223146,0.9935192465782166,0.11325573176145554,-0.009628900326788426,-0.11276531964540482,0.9927518963813782,0.041565921157598498,0.014266692101955414,-0.04021075367927551,0.9990894198417664],"EasingStyle":"Constant","EasingDirection":"In"},"Torso":{"Weight":1,"CFrame":[-0.03203204274177551,-0.012528177350759507,0.13028645515441895,0.920203685760498,-0.39121416211128237,-0.013294936157763005,0.3911169171333313,0.9202933311462402,-0.009369155392050743,0.015900587663054467,0.0034216558560729028,0.9998677372932434],"EasingStyle":"Constant","EasingDirection":"In"},"HumanoidRootPart":{"Weight":0,"CFrame":[0,0,0,1,0,0,0,1,0,0,0,1],"EasingStyle":"Linear","EasingDirection":"In"},"Right Leg":{"Weight":1,"CFrame":[0.6880636215209961,0.10896801948547363,0.08211421966552735,0.8215575814247131,0.5544389486312866,-0.13281801342964173,-0.5268318057060242,0.8273306488990784,0.19486506283283235,0.21792522072792054,-0.09012012928724289,0.9717958569526672],"EasingStyle":"Constant","EasingDirection":"In"}}},{"Time":0.3333333432674408,"poses":{"Left Leg":{"Weight":1,"CFrame":[-0.8153425455093384,0.39936673641204836,0.025183439254760743,0.9548612236976624,-0.28854531049728396,0.07058021426200867,0.28343498706817629,0.9561125636100769,0.0742514505982399,-0.08890748023986817,-0.05089493468403816,0.9947388172149658],"EasingStyle":"Constant","EasingDirection":"In"},"Right Arm":{"Weight":1,"CFrame":[0.24912753701210023,-0.18803152441978455,0.28653550148010256,0.01500985212624073,-0.8629602193832398,-0.5050490498542786,0.6116644144058228,-0.3916465640068054,0.6873716115951538,-0.7909749746322632,-0.3192378580570221,0.5219634771347046],"EasingStyle":"Constant","EasingDirection":"In"},"Left Arm":{"Weight":1,"CFrame":[-0.3452327251434326,-0.06499403715133667,0.24925017356872559,0.01096670888364315,0.8386077880859375,0.5446252226829529,-0.7311928868293762,-0.364798903465271,0.5764365196228027,0.6820827126502991,-0.404547780752182,0.6091833710670471],"EasingStyle":"Constant","EasingDirection":"In"},"Head":{"Weight":1,"CFrame":[8.475035429000855e-8,9.313225746154786e-10,0.016661763191223146,0.9935192465782166,0.11325573176145554,-0.009628900326788426,-0.11276531964540482,0.9927518963813782,0.041565921157598498,0.014266692101955414,-0.04021075367927551,0.9990894198417664],"EasingStyle":"Constant","EasingDirection":"In"},"Torso":{"Weight":1,"CFrame":[-0.03203204274177551,-0.012528177350759507,0.13028645515441895,0.920203685760498,-0.39121416211128237,-0.013294936157763005,0.3911169171333313,0.9202933311462402,-0.009369155392050743,0.015900587663054467,0.0034216558560729028,0.9998677372932434],"EasingStyle":"Constant","EasingDirection":"In"},"HumanoidRootPart":{"Weight":0,"CFrame":[0,0,0,1,0,0,0,1,0,0,0,1],"EasingStyle":"Linear","EasingDirection":"In"},"Right Leg":{"Weight":1,"CFrame":[0.6880636215209961,0.10896801948547363,0.08211421966552735,0.8215575814247131,0.5544389486312866,-0.13281801342964173,-0.5268318057060242,0.8273306488990784,0.19486506283283235,0.21792522072792054,-0.09012012928724289,0.9717958569526672],"EasingStyle":"Constant","EasingDirection":"In"}}},{"Time":0.36666667461395266,"poses":{"Left Leg":{"Weight":1,"CFrame":[-0.10924482345581055,-0.037850141525268558,0.04746079444885254,0.9626943469047546,0.0420403815805912,0.26730573177337649,-0.040304381400346759,0.9991157054901123,-0.011980317533016205,-0.26757293939590456,0.0007597490330226719,0.9635372757911682],"EasingStyle":"Constant","EasingDirection":"In"},"Right Arm":{"Weight":1,"CFrame":[0.16089633107185365,-0.019792795181274415,0.08770298957824707,-0.504193127155304,0.18223156034946443,-0.8441452383995056,-0.3768838047981262,-0.9259170889854431,0.025221917778253557,-0.7770121693611145,0.3308614492416382,0.5355210900306702],"EasingStyle":"Constant","EasingDirection":"In"},"Left Arm":{"Weight":1,"CFrame":[-0.18315771222114564,0.05510687828063965,0.03381705284118652,-0.517245352268219,-0.17127682268619538,0.8385235071182251,0.12454135715961456,-0.9844040274620056,-0.12425044178962708,0.8467270135879517,0.04016277566552162,0.530509352684021],"EasingStyle":"Constant","EasingDirection":"In"},"Head":{"Weight":1,"CFrame":[1.043081283569336e-7,-2.2351741790771486e-8,0.016661524772644044,0.9935543537139893,0.10878325998783112,0.03187689557671547,-0.11248628050088883,0.9809311628341675,0.15849566459655763,-0.014027455821633339,-0.1610596776008606,0.986845076084137],"EasingStyle":"Constant","EasingDirection":"In"},"Torso":{"Weight":1,"CFrame":[-0.11578276753425598,0.09799829125404358,-0.08235979080200196,0.8930096626281738,-0.409919798374176,-0.18574070930480958,0.4397289752960205,0.882602870464325,0.16628508269786836,0.09577170759439469,-0.23016978800296784,0.9684264063835144],"EasingStyle":"Constant","EasingDirection":"In"},"HumanoidRootPart":{"Weight":0,"CFrame":[0,0,0,1,0,0,0,1,0,0,0,1],"EasingStyle":"Linear","EasingDirection":"In"},"Right Leg":{"Weight":1,"CFrame":[0.6277449727058411,-0.06791234016418457,0.031194686889648439,0.6608715057373047,0.750353217124939,0.014802675694227219,-0.7185692191123962,0.6269398331642151,0.30100589990615847,0.21658043563365937,-0.2095629721879959,0.9535074234008789],"EasingStyle":"Constant","EasingDirection":"In"}}},{"Time":0.4000000059604645,"poses":{"Left Leg":{"Weight":1,"CFrame":[-0.10924482345581055,-0.037850141525268558,0.04746079444885254,0.9626943469047546,0.0420403815805912,0.26730573177337649,-0.040304381400346759,0.9991157054901123,-0.011980317533016205,-0.26757293939590456,0.0007597490330226719,0.9635372757911682],"EasingStyle":"Constant","EasingDirection":"In"},"Right Arm":{"Weight":1,"CFrame":[0.16089633107185365,-0.019792795181274415,0.08770298957824707,-0.504193127155304,0.18223156034946443,-0.8441452383995056,-0.3768838047981262,-0.9259170889854431,0.025221917778253557,-0.7770121693611145,0.3308614492416382,0.5355210900306702],"EasingStyle":"Constant","EasingDirection":"In"},"Left Arm":{"Weight":1,"CFrame":[-0.18315771222114564,0.05510687828063965,0.03381705284118652,-0.517245352268219,-0.17127682268619538,0.8385235071182251,0.12454135715961456,-0.9844040274620056,-0.12425044178962708,0.8467270135879517,0.04016277566552162,0.530509352684021],"EasingStyle":"Constant","EasingDirection":"In"},"Head":{"Weight":1,"CFrame":[1.043081283569336e-7,-2.2351741790771486e-8,0.016661524772644044,0.9935543537139893,0.10878325998783112,0.03187689557671547,-0.11248628050088883,0.9809311628341675,0.15849566459655763,-0.014027455821633339,-0.1610596776008606,0.986845076084137],"EasingStyle":"Constant","EasingDirection":"In"},"Torso":{"Weight":1,"CFrame":[-0.11578276753425598,0.09799829125404358,-0.08235979080200196,0.8930096626281738,-0.409919798374176,-0.18574070930480958,0.4397289752960205,0.882602870464325,0.16628508269786836,0.09577170759439469,-0.23016978800296784,0.9684264063835144],"EasingStyle":"Constant","EasingDirection":"In"},"HumanoidRootPart":{"Weight":0,"CFrame":[0,0,0,1,0,0,0,1,0,0,0,1],"EasingStyle":"Linear","EasingDirection":"In"},"Right Leg":{"Weight":1,"CFrame":[0.6277449727058411,-0.06791234016418457,0.031194686889648439,0.6608715057373047,0.750353217124939,0.014802675694227219,-0.7185692191123962,0.6269398331642151,0.30100589990615847,0.21658043563365937,-0.2095629721879959,0.9535074234008789],"EasingStyle":"Constant","EasingDirection":"In"}}},{"Time":0.4333333373069763,"poses":{"Left Leg":{"Weight":1,"CFrame":[-0.22198133170604707,-0.007927179336547852,0.048979759216308597,0.9813604354858398,-0.019406141713261606,0.19119444489479066,0.01380840316414833,0.9994373917579651,0.030566228553652765,-0.19168004393577577,-0.027356339618563653,0.981076180934906],"EasingStyle":"Constant","EasingDirection":"In"},"Right Arm":{"Weight":1,"CFrame":[0.048099204897880557,0.1716228723526001,-0.12796944379806519,-0.4970797300338745,0.5663896203041077,-0.6573543548583984,-0.7631112933158875,-0.6459421515464783,0.020494624972343446,-0.4130048453807831,0.5118218064308167,0.7533029317855835],"EasingStyle":"Constant","EasingDirection":"In"},"Left Arm":{"Weight":1,"CFrame":[0.05405229330062866,0.05857270956039429,-0.25897443294525149,-0.5150997042655945,-0.41666990518569949,0.7490385174751282,0.5633403062820435,-0.8232091665267944,-0.0705304741859436,0.646003246307373,0.3856331706047058,0.6587616205215454],"EasingStyle":"Constant","EasingDirection":"In"},"Head":{"Weight":1,"CFrame":[1.9371509552001954e-7,8.940696716308594e-8,0.016662001609802247,0.9931829571723938,0.08869629353284836,0.07563512772321701,-0.10733969509601593,0.9489089846611023,0.2967318892478943,-0.04545184224843979,-0.3028278648853302,0.9519609212875366],"EasingStyle":"Constant","EasingDirection":"In"},"Torso":{"Weight":1,"CFrame":[-0.1578124761581421,0.23347771167755128,-0.5943500995635986,0.8957622051239014,-0.35859566926956179,-0.262715220451355,0.4375050365924835,0.8158443570137024,0.3781367540359497,0.07873651385307312,-0.4536597728729248,0.887690007686615],"EasingStyle":"Constant","EasingDirection":"In"},"HumanoidRootPart":{"Weight":0,"CFrame":[0,0,0,1,0,0,0,1,0,0,0,1],"EasingStyle":"Linear","EasingDirection":"In"},"Right Leg":{"Weight":1,"CFrame":[0.8096514344215393,-0.3968350887298584,0.004527568817138672,0.25158408284187319,0.9573176503181458,0.14229677617549897,-0.9433568716049194,0.2096986323595047,0.2571074068546295,0.21629412472248078,-0.1989208310842514,0.9558491110801697],"EasingStyle":"Constant","EasingDirection":"In"}}},{"Time":0.46666666865348818,"poses":{"Left Leg":{"Weight":1,"CFrame":[-0.22198133170604707,-0.007927179336547852,0.048979759216308597,0.9813604354858398,-0.019406141713261606,0.19119444489479066,0.01380840316414833,0.9994373917579651,0.030566228553652765,-0.19168004393577577,-0.027356339618563653,0.981076180934906],"EasingStyle":"Constant","EasingDirection":"In"},"Right Arm":{"Weight":1,"CFrame":[0.048099204897880557,0.1716228723526001,-0.12796944379806519,-0.4970797300338745,0.5663896203041077,-0.6573543548583984,-0.7631112933158875,-0.6459421515464783,0.020494624972343446,-0.4130048453807831,0.5118218064308167,0.7533029317855835],"EasingStyle":"Constant","EasingDirection":"In"},"Left Arm":{"Weight":1,"CFrame":[0.05405229330062866,0.05857270956039429,-0.25897443294525149,-0.5150997042655945,-0.41666990518569949,0.7490385174751282,0.5633403062820435,-0.8232091665267944,-0.0705304741859436,0.646003246307373,0.3856331706047058,0.6587616205215454],"EasingStyle":"Constant","EasingDirection":"In"},"Head":{"Weight":1,"CFrame":[1.9371509552001954e-7,8.940696716308594e-8,0.016662001609802247,0.9931829571723938,0.08869629353284836,0.07563512772321701,-0.10733969509601593,0.9489089846611023,0.2967318892478943,-0.04545184224843979,-0.3028278648853302,0.9519609212875366],"EasingStyle":"Constant","EasingDirection":"In"},"Torso":{"Weight":1,"CFrame":[-0.1578124761581421,0.23347771167755128,-0.5943500995635986,0.8957622051239014,-0.35859566926956179,-0.262715220451355,0.4375050365924835,0.8158443570137024,0.3781367540359497,0.07873651385307312,-0.4536597728729248,0.887690007686615],"EasingStyle":"Constant","EasingDirection":"In"},"HumanoidRootPart":{"Weight":0,"CFrame":[0,0,0,1,0,0,0,1,0,0,0,1],"EasingStyle":"Linear","EasingDirection":"In"},"Right Leg":{"Weight":1,"CFrame":[0.8096514344215393,-0.3968350887298584,0.004527568817138672,0.25158408284187319,0.9573176503181458,0.14229677617549897,-0.9433568716049194,0.2096986323595047,0.2571074068546295,0.21629412472248078,-0.1989208310842514,0.9558491110801697],"EasingStyle":"Constant","EasingDirection":"In"}}},{"Time":0.5,"poses":{"Left Leg":{"Weight":1,"CFrame":[-0.21983447670936585,-0.006125688552856445,0.04813742637634277,0.9819237589836121,-0.004244329407811165,0.18922941386699677,-0.0009223953238688409,0.9996294379234314,0.027207408100366594,-0.18927480280399323,-0.02689012512564659,0.9815558791160584],"EasingStyle":"Constant","EasingDirection":"In"},"Right Arm":{"Weight":1,"CFrame":[0.050153251737356189,0.1720414161682129,-0.12794119119644166,-0.48167920112609866,0.5777817368507385,-0.6589033007621765,-0.7732723355293274,-0.6340053081512451,0.009337417781352997,-0.4123532474040985,0.5140091776847839,0.7521697878837586],"EasingStyle":"Constant","EasingDirection":"In"},"Left Arm":{"Weight":1,"CFrame":[0.05447876453399658,0.05898690223693848,-0.2587900161743164,-0.499422550201416,-0.428613543510437,0.7529062032699585,0.5748246312141419,-0.8141399025917053,-0.08217615634202957,0.6481927633285523,0.3917483687400818,0.6529774069786072],"EasingStyle":"Constant","EasingDirection":"In"},"Head":{"Weight":1,"CFrame":[7.450580596923828e-8,8.940696716308594e-8,0.016662120819091798,0.9930228590965271,0.08825542777776718,0.07820875942707062,-0.1090688407421112,0.939530611038208,0.3246327340602875,-0.044828884303569797,-0.3308979570865631,0.942601203918457],"EasingStyle":"Constant","EasingDirection":"In"},"Torso":{"Weight":1,"CFrame":[-0.15481996536254884,0.22555172443389893,-0.6481139659881592,0.8946582674980164,-0.36395853757858279,-0.25907719135284426,0.4398793578147888,0.8189708590507507,0.3685009181499481,0.07805760949850083,-0.44364503026008608,0.8927968144416809],"EasingStyle":"Constant","EasingDirection":"In"},"HumanoidRootPart":{"Weight":0,"CFrame":[0,0,0,1,0,0,0,1,0,0,0,1],"EasingStyle":"Linear","EasingDirection":"In"},"Right Leg":{"Weight":1,"CFrame":[0.8136169910430908,-0.3872121572494507,0.006767749786376953,0.2616978883743286,0.9553893804550171,0.13691365718841554,-0.9402872323989868,0.22038719058036805,0.25940191745758059,0.21765592694282533,-0.19662310183048249,0.9560153484344482],"EasingStyle":"Constant","EasingDirection":"In"}}},{"Time":0.5333333611488342,"poses":{"Left Leg":{"Weight":1,"CFrame":[-0.21983447670936585,-0.006125688552856445,0.04813742637634277,0.9819237589836121,-0.004244329407811165,0.18922941386699677,-0.0009223953238688409,0.9996294379234314,0.027207408100366594,-0.18927480280399323,-0.02689012512564659,0.9815558791160584],"EasingStyle":"Constant","EasingDirection":"In"},"Right Arm":{"Weight":1,"CFrame":[0.050153251737356189,0.1720414161682129,-0.12794119119644166,-0.48167920112609866,0.5777817368507385,-0.6589033007621765,-0.7732723355293274,-0.6340053081512451,0.009337417781352997,-0.4123532474040985,0.5140091776847839,0.7521697878837586],"EasingStyle":"Constant","EasingDirection":"In"},"Left Arm":{"Weight":1,"CFrame":[0.05447876453399658,0.05898690223693848,-0.2587900161743164,-0.499422550201416,-0.428613543510437,0.7529062032699585,0.5748246312141419,-0.8141399025917053,-0.08217615634202957,0.6481927633285523,0.3917483687400818,0.6529774069786072],"EasingStyle":"Constant","EasingDirection":"In"},"Head":{"Weight":1,"CFrame":[7.450580596923828e-8,8.940696716308594e-8,0.016662120819091798,0.9930228590965271,0.08825542777776718,0.07820875942707062,-0.1090688407421112,0.939530611038208,0.3246327340602875,-0.044828884303569797,-0.3308979570865631,0.942601203918457],"EasingStyle":"Constant","EasingDirection":"In"},"Torso":{"Weight":1,"CFrame":[-0.15481996536254884,0.22555172443389893,-0.6481139659881592,0.8946582674980164,-0.36395853757858279,-0.25907719135284426,0.4398793578147888,0.8189708590507507,0.3685009181499481,0.07805760949850083,-0.44364503026008608,0.8927968144416809],"EasingStyle":"Constant","EasingDirection":"In"},"HumanoidRootPart":{"Weight":0,"CFrame":[0,0,0,1,0,0,0,1,0,0,0,1],"EasingStyle":"Linear","EasingDirection":"In"},"Right Leg":{"Weight":1,"CFrame":[0.8136169910430908,-0.3872121572494507,0.006767749786376953,0.2616978883743286,0.9553893804550171,0.13691365718841554,-0.9402872323989868,0.22038719058036805,0.25940191745758059,0.21765592694282533,-0.19662310183048249,0.9560153484344482],"EasingStyle":"Constant","EasingDirection":"In"}}},{"Time":0.5666666626930237,"poses":{"Left Leg":{"Weight":1,"CFrame":[-0.20296190679073335,0.008235394954681397,0.047657012939453128,0.9773989915847778,0.08213964849710465,0.19479328393936158,-0.08606300503015518,0.9962204098701477,0.011748595163226128,-0.1930919736623764,-0.028247535228729249,0.9807740449905396],"EasingStyle":"Constant","EasingDirection":"In"},"Right Arm":{"Weight":1,"CFrame":[0.051767852157354358,0.17231827974319459,-0.1284501552581787,-0.4681345820426941,0.5949051380157471,-0.6534047722816467,-0.7774556875228882,-0.6287481188774109,-0.015444740653038025,-0.4200151562690735,0.5007630586624146,0.7568511366844177],"EasingStyle":"Constant","EasingDirection":"In"},"Left Arm":{"Weight":1,"CFrame":[0.054649755358695987,0.059323251247406009,-0.25909292697906496,-0.4869747459888458,-0.445698082447052,0.7511383891105652,0.5787257552146912,-0.8087735176086426,-0.1046997606754303,0.6541652679443359,0.38371706008911135,0.6517892479896545],"EasingStyle":"Constant","EasingDirection":"In"},"Head":{"Weight":1,"CFrame":[-4.470348358154297e-8,1.4901161193847657e-8,0.016661763191223146,0.9931679964065552,0.08608647435903549,0.07878094166517258,-0.1108631044626236,0.9067935347557068,0.4067370295524597,-0.03642353415489197,-0.4126921594142914,0.9101420640945435],"EasingStyle":"Constant","EasingDirection":"In"},"Torso":{"Weight":1,"CFrame":[-0.1320631504058838,0.17573779821395875,-0.6234073638916016,0.8960407376289368,-0.3788929581642151,-0.23141136765480042,0.43690457940101626,0.8451548218727112,0.307941198348999,0.07890168577432633,-0.3770325183868408,0.9228331446647644],"EasingStyle":"Constant","EasingDirection":"In"},"HumanoidRootPart":{"Weight":0,"CFrame":[0,0,0,1,0,0,0,1,0,0,0,1],"EasingStyle":"Linear","EasingDirection":"In"},"Right Leg":{"Weight":1,"CFrame":[0.8548872470855713,-0.32320070266723635,0.0009620189666748047,0.3323524594306946,0.9353039860725403,0.12144239246845246,-0.9179802536964417,0.2912370264530182,0.26924577355384829,0.21645821630954743,-0.2009662240743637,0.9553840160369873],"EasingStyle":"Constant","EasingDirection":"In"}}},{"Time":0.6000000238418579,"poses":{"Left Leg":{"Weight":1,"CFrame":[-0.20296190679073335,0.008235394954681397,0.047657012939453128,0.9773989915847778,0.08213964849710465,0.19479328393936158,-0.08606300503015518,0.9962204098701477,0.011748595163226128,-0.1930919736623764,-0.028247535228729249,0.9807740449905396],"EasingStyle":"Constant","EasingDirection":"In"},"Right Arm":{"Weight":1,"CFrame":[0.051767852157354358,0.17231827974319459,-0.1284501552581787,-0.4681345820426941,0.5949051380157471,-0.6534047722816467,-0.7774556875228882,-0.6287481188774109,-0.015444740653038025,-0.4200151562690735,0.5007630586624146,0.7568511366844177],"EasingStyle":"Constant","EasingDirection":"In"},"Left Arm":{"Weight":1,"CFrame":[0.054649755358695987,0.059323251247406009,-0.25909292697906496,-0.4869747459888458,-0.445698082447052,0.7511383891105652,0.5787257552146912,-0.8087735176086426,-0.1046997606754303,0.6541652679443359,0.38371706008911135,0.6517892479896545],"EasingStyle":"Constant","EasingDirection":"In"},"Head":{"Weight":1,"CFrame":[-4.470348358154297e-8,1.4901161193847657e-8,0.016661763191223146,0.9931679964065552,0.08608647435903549,0.07878094166517258,-0.1108631044626236,0.9067935347557068,0.4067370295524597,-0.03642353415489197,-0.4126921594142914,0.9101420640945435],"EasingStyle":"Constant","EasingDirection":"In"},"Torso":{"Weight":1,"CFrame":[-0.1320631504058838,0.17573779821395875,-0.6234073638916016,0.8960407376289368,-0.3788929581642151,-0.23141136765480042,0.43690457940101626,0.8451548218727112,0.307941198348999,0.07890168577432633,-0.3770325183868408,0.9228331446647644],"EasingStyle":"Constant","EasingDirection":"In"},"HumanoidRootPart":{"Weight":0,"CFrame":[0,0,0,1,0,0,0,1,0,0,0,1],"EasingStyle":"Linear","EasingDirection":"In"},"Right Leg":{"Weight":1,"CFrame":[0.8548872470855713,-0.32320070266723635,0.0009620189666748047,0.3323524594306946,0.9353039860725403,0.12144239246845246,-0.9179802536964417,0.2912370264530182,0.26924577355384829,0.21645821630954743,-0.2009662240743637,0.9553840160369873],"EasingStyle":"Constant","EasingDirection":"In"}}},{"Time":0.6333333253860474,"poses":{"Left Leg":{"Weight":1,"CFrame":[-0.3826478123664856,0.09075117111206055,0.011618733406066895,0.985576331615448,-0.11303132027387619,0.12594911456108094,0.092828668653965,0.9833683967590332,0.15610761940479279,-0.1414993703365326,-0.14216426014900208,0.979677140712738],"EasingStyle":"Constant","EasingDirection":"In"},"Right Arm":{"Weight":1,"CFrame":[0.04321664571762085,0.16345322132110597,-0.1330605149269104,-0.7188961505889893,0.42312097549438479,-0.5515043139457703,-0.5520238876342773,-0