{"Sequence":[{"Time":0,"poses":{"Left Leg":{"Weight":1,"CFrame":[-0.5679243206977844,0.06010514497756958,0.0809943675994873,0.8623844981193543,-0.47385793924331667,0.1781899631023407,0.43894127011299136,0.8752423524856567,0.20317846536636353,-0.2522372007369995,-0.09700300544500351,0.9627912044525147],"EasingStyle":"Linear","EasingDirection":"In"},"Right Arm":{"Weight":1,"CFrame":[-0.23472456634044648,-0.4436080753803253,-0.08409368991851807,0.8327181935310364,0.36983048915863039,-0.4120752513408661,-0.22849054634571076,0.90742427110672,0.35266581177711489,0.5043537616729736,-0.19951602816581727,0.840131402015686],"EasingStyle":"Linear","EasingDirection":"In"},"Head":{"Weight":1,"CFrame":[8.137430995702744e-8,4.0046870708465579e-8,-5.960464477539063e-8,0.9904437065124512,0.10896731913089752,-0.08454244583845139,-0.11473237723112107,0.9911603927612305,-0.0666160136461258,0.0765361413359642,0.07567916065454483,0.9941906332969666],"EasingStyle":"Linear","EasingDirection":"In"},"Right Leg":{"Weight":1,"CFrame":[0.535773754119873,-0.15577900409698487,0.03248739242553711,0.7666942477226257,0.6415243744850159,-0.025027817115187646,-0.6294304132461548,0.758777379989624,0.16755340993404389,0.12648023664951325,-0.11270902305841446,0.98554527759552],"EasingStyle":"Linear","EasingDirection":"In"},"Torso":{"Weight":1,"CFrame":[-0.23623503744602204,0.07175897061824799,-0.07492613792419434,0.9951956272125244,0.0044382354244589809,-0.0978056937456131,0.004373757168650627,0.9959593415260315,0.08969872444868088,0.0978085994720459,-0.08969555050134659,0.9911549687385559],"EasingStyle":"Linear","EasingDirection":"In"},"HumanoidRootPart":{"Weight":1,"CFrame":[0,0,0,1,0,0,0,1,0,0,0,1],"EasingStyle":"Linear","EasingDirection":"In"},"Left Arm":{"Weight":1,"CFrame":[0.24406519532203675,-0.31482362747192385,0.012019991874694825,0.7494773864746094,-0.561764121055603,0.3502924144268036,0.40801486372947695,0.8086356520652771,0.42383044958114626,-0.5213517546653748,-0.1747269183397293,0.8352622389793396],"EasingStyle":"Linear","EasingDirection":"In"}}},{"Time":0.03333333507180214,"poses":{"Left Leg":{"Weight":1,"CFrame":[-0.4731214940547943,0.016628921031951906,0.07725262641906738,0.8787986636161804,-0.4396393597126007,0.18555401265621186,0.4048786759376526,0.8927468061447144,0.19767746329307557,-0.252559632062912,-0.09859184920787811,0.9625452756881714],"EasingStyle":"Linear","EasingDirection":"In"},"Right Arm":{"Weight":1,"CFrame":[-0.22882650792598725,-0.44361212849617007,-0.08705073595046997,0.8701095581054688,0.3525845408439636,-0.3443742096424103,-0.23729512095451356,0.9121069312095642,0.3342932164669037,0.4319727420806885,-0.2091534584760666,0.8772996068000794],"EasingStyle":"Linear","EasingDirection":"In"},"Head":{"Weight":1,"CFrame":[6.955815479159355e-8,1.4668330550193787e-8,-1.1920928955078126e-7,0.9909312129020691,0.10467565804719925,-0.08425191789865494,-0.11099214851856232,0.9910518527030945,-0.07414178550243378,0.07573717832565308,0.08282070606946945,0.993682324886322],"EasingStyle":"Linear","EasingDirection":"In"},"Right Leg":{"Weight":1,"CFrame":[0.5475579500198364,-0.1524134874343872,0.03387761116027832,0.7490554451942444,0.6621502041816711,-0.021750623360276223,-0.6463553309440613,0.7376048564910889,0.1953558623790741,0.1453983187675476,-0.13227377831935883,0.9804912209510803],"EasingStyle":"Linear","EasingDirection":"In"},"Torso":{"Weight":1,"CFrame":[-0.2503350079059601,0.08371758460998535,-0.07957744598388672,0.9930055141448975,0.0072433119639754299,-0.11784552782773972,0.005164861213415861,0.9944960474967957,0.10464700311422348,0.11795489490032196,-0.10452370345592499,0.9875026345252991],"EasingStyle":"Linear","EasingDirection":"In"},"HumanoidRootPart":{"Weight":1,"CFrame":[0,0,0,1,0,0,0,1,0,0,0,1],"EasingStyle":"Linear","EasingDirection":"In"},"Left Arm":{"Weight":1,"CFrame":[0.22987966239452363,-0.3148512542247772,0.012880325317382813,0.7587823271751404,-0.5528106093406677,0.3444557189941406,0.4024588465690613,0.8137252926826477,0.41937822103500368,-0.5121291279792786,-0.17958766222000123,0.8399239182472229],"EasingStyle":"Linear","EasingDirection":"In"}}},{"Time":0.06666667014360428,"poses":{"Left Leg":{"Weight":1,"CFrame":[-0.3700249493122101,-0.010325908660888672,0.07979655265808106,0.8864067792892456,-0.40833780169487,0.2180444747209549,0.3704025149345398,0.9081758260726929,0.19498378038406373,-0.27764198184013369,-0.09207076579332352,0.9562625885009766],"EasingStyle":"Linear","EasingDirection":"In"},"Right Arm":{"Weight":1,"CFrame":[-0.21327702701091767,-0.44364067912101748,-0.08927297592163086,0.8984590172767639,0.3344454765319824,-0.28446057438850405,-0.2398146688938141,0.9165206551551819,0.32012319564819338,0.36777767539024355,-0.21939978003501893,0.9036610722541809],"EasingStyle":"Linear","EasingDirection":"In"},"Head":{"Weight":1,"CFrame":[3.0617229640483859e-8,2.2817403078079225e-8,-5.960464477539063e-8,0.9921930432319641,0.09280809760093689,-0.08330430090427399,-0.10053986310958862,0.9904832243919373,-0.0939939022064209,0.0737881287932396,0.10163549333810806,0.9920814037322998],"EasingStyle":"Linear","EasingDirection":"In"},"Right Leg":{"Weight":1,"CFrame":[0.5642060041427612,-0.14898669719696046,0.0343242883682251,0.7300248742103577,0.6832233667373657,-0.01641683839261532,-0.6633902788162231,0.7141973972320557,0.22323854267597199,0.16424675285816194,-0.15207894146442414,0.9746256470680237],"EasingStyle":"Linear","EasingDirection":"In"},"Torso":{"Weight":1,"CFrame":[-0.2589394450187683,0.09536159038543701,-0.08869671821594238,0.9906900525093079,0.012089397758245469,-0.13559922575950623,0.00419970229268074,0.9928611516952515,0.11920200288295746,0.1360722780227661,-0.11866170912981034,0.9835668802261353],"EasingStyle":"Linear","EasingDirection":"In"},"HumanoidRootPart":{"Weight":1,"CFrame":[0,0,0,1,0,0,0,1,0,0,0,1],"EasingStyle":"Linear","EasingDirection":"In"},"Left Arm":{"Weight":1,"CFrame":[0.19248135387897492,-0.3150452673435211,0.015147924423217774,0.7849393486976624,-0.5252243876457214,0.328648179769516,0.38504523038864138,0.8291010856628418,0.40537843108177187,-0.48539724946022036,-0.19165319204330445,0.8530291318893433],"EasingStyle":"Linear","EasingDirection":"In"}}},{"Time":0.10000000149011612,"poses":{"Left Leg":{"Weight":1,"CFrame":[-0.2754439115524292,-0.02514958381652832,0.08240902423858643,0.8836990594863892,-0.3859250843524933,0.2648354768753052,0.34288591146469118,0.9189261794090271,0.1949460357427597,-0.3185988962650299,-0.08146530389785767,0.9443824887275696],"EasingStyle":"Linear","EasingDirection":"In"},"Right Arm":{"Weight":1,"CFrame":[-0.19129328429698945,-0.4437185525894165,-0.09086531400680542,0.9214532375335693,0.31201934814453127,-0.23144760727882386,-0.23449186980724336,0.921703040599823,0.30899354815483096,0.309737890958786,-0.23045063018798829,0.9224722981452942],"EasingStyle":"Linear","EasingDirection":"In"},"Head":{"Weight":1,"CFrame":[8.704955689609051e-8,4.470348358154297e-8,-2.980232238769531e-7,0.9938571453094482,0.07488374412059784,-0.08148897439241409,-0.08451920002698899,0.9889182448387146,-0.12205494940280914,0.07144597172737122,0.12819258868694306,0.9891724586486816],"EasingStyle":"Linear","EasingDirection":"In"},"Right Leg":{"Weight":1,"CFrame":[0.5868589878082275,-0.14557147026062013,0.0337977409362793,0.7090284824371338,0.7051199078559876,-0.00920390896499157,-0.6808899641036987,0.687943696975708,0.251242071390152,0.18348762392997743,-0.17187096178531648,0.9678806066513062],"EasingStyle":"Linear","EasingDirection":"In"},"Torso":{"Weight":1,"CFrame":[-0.2624123692512512,0.10659173130989075,-0.10334324836730957,0.9883329272270203,0.01873871311545372,-0.15115205943584443,0.0015863430453464389,0.9910826086997986,0.13323964178562165,0.1523009091615677,-0.13192489743232728,0.979489803314209],"EasingStyle":"Linear","EasingDirection":"In"},"HumanoidRootPart":{"Weight":1,"CFrame":[0,0,0,1,0,0,0,1,0,0,0,1],"EasingStyle":"Linear","EasingDirection":"In"},"Left Arm":{"Weight":1,"CFrame":[0.13960783183574677,-0.3155723214149475,0.018353819847106935,0.8242271542549133,-0.4773149788379669,0.30466392636299136,0.35379770398139956,0.8541721701622009,0.38107359409332278,-0.44212761521339419,-0.2063019722700119,0.8729048371315002],"EasingStyle":"Linear","EasingDirection":"In"}}},{"Time":0.13333334028720857,"poses":{"Left Leg":{"Weight":1,"CFrame":[-0.20777948200702668,-0.03197431564331055,0.08636975288391113,0.8696933388710022,-0.3794594705104828,0.3156643211841583,0.3312325179576874,0.9228130578994751,0.1967262476682663,-0.3659488558769226,-0.06653320789337158,0.9282536506652832],"EasingStyle":"Linear","EasingDirection":"In"},"Right Arm":{"Weight":1,"CFrame":[-0.16609230637550355,-0.4438687562942505,-0.09193277359008789,0.9417134523391724,0.28177565336227419,-0.18378883600234986,-0.21930253505706788,0.9284588694572449,0.2997840344905853,0.2551121711730957,-0.24200527369976045,0.9361363649368286],"EasingStyle":"Linear","EasingDirection":"In"},"Head":{"Weight":1,"CFrame":[1.4388933777809144e-7,4.7497451305389407e-8,2.384185791015625e-7,0.9955230355262756,0.052445895969867709,-0.07863505184650421,-0.0641198456287384,0.9859617352485657,-0.15416944026947022,0.0694456398487091,0.15852130949497224,0.9849103689193726],"EasingStyle":"Linear","EasingDirection":"In"},"Right Leg":{"Weight":1,"CFrame":[0.6162761449813843,-0.1420750617980957,0.03217434883117676,0.6855900287628174,0.7279877662658691,-0.00031406234484165907,-0.6989128589630127,0.6583290696144104,0.27950602769851687,0.2036837935447693,-0.19140702486038209,0.9601438641548157],"EasingStyle":"Linear","EasingDirection":"In"},"Torso":{"Weight":1,"CFrame":[-0.2611278295516968,0.11729946732521057,-0.12458634376525879,0.9859917163848877,0.026956629008054735,-0.16460175812244416,-0.002566524548456073,0.9891890287399292,0.14662432670593263,0.16677473485469819,-0.14414793252944947,0.9754012227058411],"EasingStyle":"Linear","EasingDirection":"In"},"HumanoidRootPart":{"Weight":1,"CFrame":[0,0,0,1,0,0,0,1,0,0,0,1],"EasingStyle":"Linear","EasingDirection":"In"},"Left Arm":{"Weight":1,"CFrame":[0.07899676263332367,-0.3165973722934723,0.02202892303466797,0.8716451525688171,-0.40685567259788515,0.27331897616386416,0.3056432902812958,0.8871248960494995,0.3458203971385956,-0.3831670880317688,-0.21789467334747315,0.8976107239723206],"EasingStyle":"Linear","EasingDirection":"In"}}},{"Time":0.1666666716337204,"poses":{"Left Leg":{"Weight":1,"CFrame":[-0.18108537793159486,-0.03447675704956055,0.09836411476135254,0.8449495434761047,-0.39389610290527346,0.36180952191352847,0.34274986386299136,0.9180918335914612,0.19907282292842866,-0.41058841347694399,-0.04419631138443947,0.9107491374015808],"EasingStyle":"Linear","EasingDirection":"In"},"Right Arm":{"Weight":1,"CFrame":[-0.14089150726795197,-0.4441182613372803,-0.09258025884628296,0.9606949090957642,0.23998530209064485,-0.13954375684261323,-0.19176684319972993,0.9371572136878967,0.29148194193840029,0.20072579383850099,-0.253265380859375,0.9463434219360352],"EasingStyle":"Linear","EasingDirection":"In"},"Head":{"Weight":1,"CFrame":[1.4738179743289948e-7,-2.7939677238464357e-8,-3.5762786865234377e-7,0.9968337416648865,0.027054164558649064,-0.07477070391178131,-0.04060846194624901,0.9816744327545166,-0.18618915975093842,0.06836333125829697,0.1886359453201294,0.9796648025512695],"EasingStyle":"Linear","EasingDirection":"In"},"Right Leg":{"Weight":1,"CFrame":[0.6527923941612244,-0.13815748691558839,0.02921128273010254,0.6593893766403198,0.7517348527908325,0.010027513839304448,-0.7171890735626221,0.6249749064445496,0.30829596519470217,0.22548991441726685,-0.21047869324684144,0.9512377381324768],"EasingStyle":"Linear","EasingDirection":"In"},"Torso":{"Weight":1,"CFrame":[-0.2554689049720764,0.12736853957176209,-0.1535041332244873,0.9837024807929993,0.03651360422372818,-0.1760573536157608,-0.008149233646690846,0.9872109889984131,0.1592106968164444,0.17961908876895905,-0.15518121421337129,0.9714195728302002],"EasingStyle":"Linear","EasingDirection":"In"},"HumanoidRootPart":{"Weight":1,"CFrame":[0,0,0,1,0,0,0,1,0,0,0,1],"EasingStyle":"Linear","EasingDirection":"In"},"Left Arm":{"Weight":1,"CFrame":[0.018385617062449456,-0.3182891011238098,0.025704145431518556,0.920861542224884,-0.31150931119918826,0.23446980118751527,0.23659564554691316,0.9244585037231445,0.29899662733078005,-0.3098978102207184,-0.21985997259616853,0.9249999523162842],"EasingStyle":"Linear","EasingDirection":"In"}}},{"Time":0.20000000298023225,"poses":{"Left Leg":{"Weight":1,"CFrame":[-0.19746613502502442,-0.0351942777633667,0.12294137477874756,0.8123140335083008,-0.42774417996406557,0.39646056294441225,0.3781116306781769,0.9038079977035523,0.20040631294250489,-0.4440467953681946,-0.012886464595794678,0.8959109783172607],"EasingStyle":"Linear","EasingDirection":"In"},"Right Arm":{"Weight":1,"CFrame":[-0.11890770494937897,-0.4444895088672638,-0.09291279315948487,0.9784240126609802,0.18268609046936036,-0.09650015830993653,-0.14895512163639069,0.9474016427993774,0.28327125310897829,0.14317403733730317,-0.2627852261066437,0.9541725516319275],"EasingStyle":"Linear","EasingDirection":"In"},"Head":{"Weight":1,"CFrame":[1.424923539161682e-7,-3.725290298461914e-8,0,0.9975318908691406,0.0002488289319444448,-0.07021491229534149,-0.015310214832425118,0.9767030477523804,-0.21404848992824555,0.06852584332227707,0.21459516882896424,0.9742962121963501],"EasingStyle":"Linear","EasingDirection":"In"},"Right Leg":{"Weight":1,"CFrame":[0.6963256597518921,-0.13315558433532716,0.024518728256225587,0.6302997469902039,0.7760522961616516,0.02157202549278736,-0.7351150512695313,0.587654709815979,0.3380350172519684,0.24965599179267884,-0.2289213091135025,0.9408863186836243],"EasingStyle":"Linear","EasingDirection":"In"},"Torso":{"Weight":1,"CFrame":[-0.24582698941230775,0.13667652010917664,-0.19118452072143556,0.9814844727516174,0.04718673229217529,-0.185638427734375,-0.015050706453621388,0.9851829409599304,0.1708456426858902,0.1909494400024414,-0.16488836705684663,0.967651903629303],"EasingStyle":"Linear","EasingDirection":"In"},"HumanoidRootPart":{"Weight":1,"CFrame":[0,0,0,1,0,0,0,1,0,0,0,1],"EasingStyle":"Linear","EasingDirection":"In"},"Left Arm":{"Weight":1,"CFrame":[-0.034487925469875339,-0.3208116888999939,0.028909921646118165,0.9639198780059815,-0.18946504592895509,0.18697990477085114,0.14218036830425263,0.9602848291397095,0.24007894098758698,-0.2250405251979828,-0.20483210682868958,0.9525758028030396],"EasingStyle":"Linear","EasingDirection":"In"}}},{"Time":0.23333333432674409,"poses":{"Left Leg":{"Weight":1,"CFrame":[-0.24766406416893006,-0.03637659549713135,0.15625953674316407,0.7773804068565369,-0.47345057129859927,0.41415509581565859,0.43059152364730837,0.8804888725280762,0.19831840693950654,-0.45855289697647097,0.024162765592336656,0.8883386850357056],"EasingStyle":"Linear","EasingDirection":"In"},"Right Arm":{"Weight":1,"CFrame":[-0.10335832089185715,-0.4450080692768097,-0.09303528070449829,0.9930139780044556,0.1058102697134018,-0.05222564935684204,-0.08758381754159928,0.957538366317749,0.2746804356575012,0.0790720134973526,-0.26818740367889407,0.9601162075996399],"EasingStyle":"Linear","EasingDirection":"In"},"Head":{"Weight":1,"CFrame":[1.2759119272232056e-7,7.078051567077637e-8,-1.7881393432617188e-7,0.9974942803382874,-0.026490820571780206,-0.0656014233827591,0.010442010127007962,0.9722230434417725,-0.23382322490215302,0.06997334957122803,0.23255226016044618,0.9700635075569153],"EasingStyle":"Linear","EasingDirection":"In"},"Right Leg":{"Weight":1,"CFrame":[0.744658887386322,-0.12602245807647706,0.017533063888549806,0.5995633006095886,0.7996029853820801,0.034045711159706119,-0.7510482668876648,0.5474399924278259,0.3691014051437378,0.2764965891838074,-0.24686968326568604,0.9287653565406799],"EasingStyle":"Linear","EasingDirection":"In"},"Torso":{"Weight":1,"CFrame":[-0.23260152339935304,0.14509573578834535,-0.2368614673614502,0.9793440699577332,0.05876066908240318,-0.19347445666790009,-0.02315804362297058,0.9831422567367554,0.18136967718601228,0.2008703351020813,-0.17314282059669496,0.9641953706741333],"EasingStyle":"Linear","EasingDirection":"In"},"HumanoidRootPart":{"Weight":1,"CFrame":[0,0,0,1,0,0,0,1,0,0,0,1],"EasingStyle":"Linear","EasingDirection":"In"},"Left Arm":{"Weight":1,"CFrame":[-0.07188613712787628,-0.3243328630924225,0.031177759170532228,0.9908596277236939,-0.040484484285116199,0.12867866456508637,0.01832067035138607,0.9854515790939331,0.16896618902683259,-0.1336471289396286,-0.16506437957286836,0.977185845375061],"EasingStyle":"Linear","EasingDirection":"In"}}},{"Time":0.2666666805744171,"poses":{"Left Leg":{"Weight":1,"CFrame":[-0.3018227815628052,-0.03960525989532471,0.1876438856124878,0.7449623346328735,-0.516425609588623,0.422298401594162,0.4828208386898041,0.8542132377624512,0.1928829550743103,-0.46034255623817446,0.060203917324543,0.885697603225708],"EasingStyle":"Linear","EasingDirection":"In"},"Right Arm":{"Weight":1,"CFrame":[-0.09746015071868897,-0.4456973671913147,-0.09305262565612793,0.9999752640724182,0.005693347193300724,-0.004149280954152346,-0.004385597072541714,0.9640141725540161,0.26581448316574099,0.005513306707143784,-0.26578980684280398,0.9640152454376221],"EasingStyle":"Linear","EasingDirection":"In"},"Head":{"Weight":1,"CFrame":[1.909211277961731e-7,-5.587935447692871e-8,2.384185791015625e-7,0.996742844581604,-0.051763519644737247,-0.06184093654155731,0.0353626050055027,0.969702959060669,-0.2417142242193222,0.07247928529977799,0.23874005675315858,0.9683749675750732],"EasingStyle":"Linear","EasingDirection":"In"},"Right Leg":{"Weight":1,"CFrame":[0.7942970395088196,-0.11100935935974121,0.005504608154296875,0.5773067474365234,0.8151999711990356,0.046541083604097369,-0.7589401602745056,0.5146923065185547,0.3988756835460663,0.30120912194252016,-0.26559555530548098,0.915823221206665],"EasingStyle":"Linear","EasingDirection":"In"},"Torso":{"Weight":1,"CFrame":[-0.2161993384361267,0.15249478816986085,-0.2823336124420166,0.977278470993042,0.0710284560918808,-0.19970417022705079,-0.03235608711838722,0.981130838394165,0.19061850011348725,0.20947524905204774,-0.17982572317123414,0.9611362218856812],"EasingStyle":"Linear","EasingDirection":"In"},"HumanoidRootPart":{"Weight":1,"CFrame":[0,0,0,1,0,0,0,1,0,0,0,1],"EasingStyle":"Linear","EasingDirection":"In"},"Left Arm":{"Weight":1,"CFrame":[-0.08607175946235657,-0.32901766896247866,0.03203785419464111,0.9895884990692139,0.1323850303888321,0.05646975338459015,-0.13695456087589265,0.9867789149284363,0.0866653099656105,-0.044249970465898517,-0.09349681437015534,0.994635820388794],"EasingStyle":"Linear","EasingDirection":"In"}}},{"Time":0.30000001192092898,"poses":{"Left Leg":{"Weight":1,"CFrame":[-0.33654549717903139,-0.045806884765625,0.21240413188934327,0.7168040871620178,-0.5474236607551575,0.4318788945674896,0.5233194231987,0.831676185131073,0.1856115758419037,-0.4607914984226227,0.09296344965696335,0.8826261758804321],"EasingStyle":"Linear","EasingDirection":"In"},"Right Arm":{"Weight":1,"CFrame":[-0.09762252867221832,-0.4509423077106476,-0.08991974592208862,0.9916584491729736,-0.11833501607179642,0.05109117180109024,0.10303688049316406,0.9659406542778015,0.23736520111560822,-0.07743967324495316,-0.23012098670005799,0.9700760245323181],"EasingStyle":"Linear","EasingDirection":"In"},"Head":{"Weight":1,"CFrame":[-1.4901161193847657e-8,1.0803341865539551e-7,-5.960464477539063e-8,0.9954631328582764,-0.07461991161108017,-0.05903548002243042,0.05824730545282364,0.9685208201408386,-0.24202226102352143,0.07523678988218308,0.2374855875968933,0.9684730768203735],"EasingStyle":"Linear","EasingDirection":"In"},"Right Leg":{"Weight":1,"CFrame":[0.8401150703430176,-0.08341658115386963,-0.014477014541625977,0.5738269686698914,0.8169034123420715,0.05823604762554169,-0.7550367116928101,0.5001426935195923,0.42400115728378298,0.3172416388988495,-0.287273645401001,0.9037874341011047],"EasingStyle":"Linear","EasingDirection":"In"},"Torso":{"Weight":1,"CFrame":[-0.1970335841178894,0.15873906016349793,-0.31754541397094729,0.9752790927886963,0.08379169553518295,-0.2044742852449417,-0.04252700135111809,0.9791932702064514,0.1984238177537918,0.21684610843658448,-0.1848229169845581,0.9585500955581665],"EasingStyle":"Linear","EasingDirection":"In"},"HumanoidRootPart":{"Weight":1,"CFrame":[0,0,0,1,0,0,0,1,0,0,0,1],"EasingStyle":"Linear","EasingDirection":"In"},"Left Arm":{"Weight":1,"CFrame":[-0.08604966104030609,-0.3388277292251587,0.02646028995513916,0.9461800456047058,0.3219202160835266,-0.0333293192088604,-0.32216930389404299,0.9466793537139893,-0.0022505316883325578,0.03082771599292755,0.012866932898759842,0.9994419813156128],"EasingStyle":"Linear","EasingDirection":"In"}}},{"Time":0.3333333432674408,"poses":{"Left Leg":{"Weight":1,"CFrame":[-0.35490915179252627,-0.06177341938018799,0.2228560447692871,0.702767550945282,-0.5658354759216309,0.4312169849872589,0.5518357753753662,0.8161173462867737,0.17155124247074128,-0.4489934742450714,0.11740028858184815,0.8857889175415039],"EasingStyle":"Linear","EasingDirection":"In"},"Right Arm":{"Weight":1,"CFrame":[-0.09811152517795563,-0.4634855389595032,-0.08166056871414185,0.9586625695228577,-0.2580620348453522,0.11987537890672684,0.23489870131015778,0.9555014967918396,0.17843659222126008,-0.16058886051177979,-0.1429019570350647,0.9766219258308411],"EasingStyle":"Linear","EasingDirection":"In"},"Head":{"Weight":1,"CFrame":[5.960464477539063e-8,7.450580596923828e-8,-1.1920928955078126e-7,0.9938570261001587,-0.09511653333902359,-0.05657831206917763,0.07881414145231247,0.9671870470046997,-0.24153201282024384,0.07769550383090973,0.23558911681175233,0.9687421321868897],"EasingStyle":"Linear","EasingDirection":"In"},"Right Leg":{"Weight":1,"CFrame":[0.8718018531799316,-0.046572089195251468,-0.04101628065109253,0.5924272537231445,0.8026624917984009,0.06901271641254425,-0.7392677664756775,0.5075878500938416,0.44253572821617129,0.3201768696308136,-0.3131891191005707,0.8940914273262024],"EasingStyle":"Linear","EasingDirection":"In"},"Torso":{"Weight":1,"CFrame":[-0.1755237579345703,0.16369163990020753,-0.33245372772216799,0.9733341336250305,0.09686074405908585,-0.20793931186199189,-0.053549982607364658,0.9773767590522766,0.2046145647764206,0.22305415570735932,-0.18802319467067719,0.9565010070800781],"EasingStyle":"Linear","EasingDirection":"In"},"HumanoidRootPart":{"Weight":1,"CFrame":[0,0,0,1,0,0,0,1,0,0,0,1],"EasingStyle":"Linear","EasingDirection":"In"},"Left Arm":{"Weight":1,"CFrame":[-0.08589565008878708,-0.3560482859611511,0.011756181716918946,0.8471101522445679,0.5110947489738464,-0.14555665850639344,-0.5254596471786499,0.8464797735214233,-0.08581489324569702,0.07935111969709397,0.14917868375778199,0.9856212139129639],"EasingStyle":"Linear","EasingDirection":"In"}}},{"Time":0.36666667461395266,"poses":{"Left Leg":{"Weight":1,"CFrame":[-0.36305326223373415,-0.08984053134918213,0.2139514684677124,0.7086807489395142,-0.5729962587356567,0.41163939237594607,0.568824052810669,0.8091974854469299,0.14710062742233277,-0.4173857271671295,0.12990303337574006,0.8993967175483704],"EasingStyle":"Linear","EasingDirection":"In"},"Right Arm":{"Weight":1,"CFrame":[-0.0989304929971695,-0.48089244961738589,-0.06998348236083985,0.8932462930679321,-0.399408757686615,0.2063584327697754,0.3859165608882904,0.916680097579956,0.10375889390707016,-0.23060691356658936,-0.013045237399637699,0.9729595184326172],"EasingStyle":"Linear","EasingDirection":"In"},"Head":{"Weight":1,"CFrame":[7.078051567077637e-8,-4.470348358154297e-8,-2.384185791015625e-7,0.9920539259910584,-0.11340963840484619,-0.05447295308113098,0.0972239151597023,0.9658421277999878,-0.2402009218931198,0.07985337823629379,0.2329961657524109,0.9691936373710632],"EasingStyle":"Linear","EasingDirection":"In"},"Right Leg":{"Weight":1,"CFrame":[0.8840925693511963,-0.006464958190917969,-0.0700157880783081,0.6300192475318909,0.7725674510002136,0.07883751392364502,-0.712693989276886,0.5348806381225586,0.4538390636444092,0.30845263600349429,-0.3421143591403961,0.8875893950462341],"EasingStyle":"Linear","EasingDirection":"In"},"Torso":{"Weight":1,"CFrame":[-0.15209397673606873,0.16721376776695252,-0.3237476348876953,0.9714313745498657,0.11005441844463349,-0.21025975048542024,-0.06530097126960755,0.9757292866706848,0.20901718735694886,0.2281598597764969,-0.18931569159030915,0.955040693283081],"EasingStyle":"Linear","EasingDirection":"In"},"HumanoidRootPart":{"Weight":1,"CFrame":[0,0,0,1,0,0,0,1,0,0,0,1],"EasingStyle":"Linear","EasingDirection":"In"},"Left Arm":{"Weight":1,"CFrame":[-0.08547759801149368,-0.37833648920059206,-0.00903230905532837,0.6878715753555298,0.6704710125923157,-0.27803152799606326,-0.7202633619308472,0.6778900623321533,-0.1472606658935547,0.0897408202290535,0.3015522062778473,0.9492169618606567],"EasingStyle":"Linear","EasingDirection":"In"}}},{"Time":0.4000000059604645,"poses":{"Left Leg":{"Weight":1,"CFrame":[-0.3657960295677185,-0.12296164035797119,0.1909087896347046,0.728816568851471,-0.5716606974601746,0.3768693208694458,0.5758166313171387,0.8095353245735169,0.11440219730138779,-0.3704882562160492,0.13362938165664674,0.9191743731498718],"EasingStyle":"Linear","EasingDirection":"In"},"Right Arm":{"Weight":1,"CFrame":[-0.1000831127166748,-0.5007283091545105,-0.05659765005111694,0.7930771112442017,-0.5251702666282654,0.30858561396598818,0.5435351133346558,0.8388262987136841,0.03066062554717064,-0.274951696395874,0.143410786986351,0.9507023692131043],"EasingStyle":"Linear","EasingDirection":"In"},"Head":{"Weight":1,"CFrame":[1.1548399925231934e-7,4.842877388000488e-8,-5.364418029785156e-7,0.9901562333106995,-0.12965893745422364,-0.052719611674547198,0.11364112794399262,0.9645982980728149,-0.23798280954360963,0.0817098319530487,0.22964899241924287,0.9698375463485718],"EasingStyle":"Linear","EasingDirection":"In"},"Right Leg":{"Weight":1,"CFrame":[0.863466203212738,0.055431246757507327,-0.06959301233291626,0.679607093334198,0.7320106029510498,0.04790415242314339,-0.6608003973960877,0.5825211405754089,0.47329920530319216,0.31855490803718569,-0.353312611579895,0.8795983195304871],"EasingStyle":"Linear","EasingDirection":"In"},"Torso":{"Weight":1,"CFrame":[-0.12717294692993165,0.16916495561599732,-0.3004114627838135,0.9695600867271423,0.12319949269294739,-0.21160149574279786,-0.07765227556228638,0.9742980003356934,0.21145622432231904,0.23221419751644135,-0.1885882019996643,0.9542070627212524],"EasingStyle":"Linear","EasingDirection":"In"},"HumanoidRootPart":{"Weight":1,"CFrame":[0,0,0,1,0,0,0,1,0,0,0,1],"EasingStyle":"Linear","EasingDirection":"In"},"Left Arm":{"Weight":1,"CFrame":[-0.08466329425573349,-0.40334880352020266,-0.03286319971084595,0.4824877381324768,0.770083487033844,-0.41734570264816286,-0.8739968538284302,0.4546899199485779,-0.17142528295516969,0.0577511191368103,0.4474692642688751,0.8924326300621033],"EasingStyle":"Linear","EasingDirection":"In"}}},{"Time":0.4333333373069763,"poses":{"Left Leg":{"Weight":1,"CFrame":[-0.36603251099586489,-0.15414905548095704,0.15991592407226563,0.7575416564941406,-0.5622695088386536,0.33163779973983767,0.5726118087768555,0.8162971138954163,0.07599127292633057,-0.3134426176548004,0.1323332041501999,0.9403412938117981],"EasingStyle":"Linear","EasingDirection":"In"},"Right Arm":{"Weight":1,"CFrame":[-0.10157239437103272,-0.5205565690994263,-0.04321187734603882,0.6636879444122315,-0.6205121874809265,0.4177115559577942,0.6906281113624573,0.7228264808654785,-0.023554453626275064,-0.2873171269893646,0.30411607027053835,0.9082742929458618],"EasingStyle":"Linear","EasingDirection":"In"},"Head":{"Weight":1,"CFrame":[1.1548399925231934e-7,-3.3527612686157229e-8,1.1920928955078126e-7,0.9882426261901856,-0.1440252810716629,-0.05131537467241287,0.12823177874088288,0.9635417461395264,-0.23482772707939149,0.08326561003923416,0.22548648715019227,0.9706816077232361],"EasingStyle":"Linear","EasingDirection":"In"},"Right Leg":{"Weight":1,"CFrame":[0.7989999055862427,0.1448887586593628,-0.02775883674621582,0.7302562594413757,0.6815739274024963,-0.0467236153781414,-0.5739611983299255,0.6491745114326477,0.49914026260375979,0.37053269147872927,-0.33768269419670107,0.865260660648346],"EasingStyle":"Linear","EasingDirection":"In"},"Torso":{"Weight":1,"CFrame":[-0.10128319263458252,0.16828247904777528,-0.2706301212310791,0.9677079916000366,0.13598519563674928,-0.21224822103977204,-0.0906500443816185,0.9734136462211609,0.21035313606262208,0.23521023988723756,-0.1843200922012329,0.9543072581291199],"EasingStyle":"Linear","EasingDirection":"In"},"HumanoidRootPart":{"Weight":1,"CFrame":[0,0,0,1,0,0,0,1,0,0,0,1],"EasingStyle":"Linear","EasingDirection":"In"},"Left Arm":{"Weight":1,"CFrame":[-0.08332117646932602,-0.4287398159503937,-0.0566939115524292,0.262938529253006,0.7970879077911377,-0.5436123013496399,-0.9647888541221619,0.21326680481433869,-0.15394741296768189,-0.0067751300521194939,0.5649495720863342,0.8250975012779236],"EasingStyle":"Linear","EasingDirection":"In"}}},{"Time":0.46666666865348818,"poses":{"Left Leg":{"Weight":1,"CFrame":[-0.3685188293457031,-0.17879140377044679,0.1285034418106079,0.7877328991889954,-0.5474140644073486,0.28251516819000246,0.5615549087524414,0.8266563415527344,0.03599109128117561,-0.2532450258731842,0.13029639422893525,0.9585874080657959],"EasingStyle":"Linear","EasingDirection":"In"},"Right Arm":{"Weight":1,"CFrame":[-0.10340195894241333,-0.5379441380500794,-0.03153491020202637,0.5168715119361877,-0.6794630289077759,0.5207436680793762,0.8118724822998047,0.5819826126098633,-0.04646848514676094,-0.27149009704589846,0.4467955529689789,0.852447509765625],"EasingStyle":"Linear","EasingDirection":"In"},"Head":{"Weight":1,"CFrame":[7.82310962677002e-8,-1.1920928955078126e-7,0,0.9863718748092651,-0.1566687971353531,-0.05025466904044151,0.14116153120994569,0.9627352952957153,-0.23068206012248994,0.08452260494232178,0.2204442173242569,0.9717305302619934],"EasingStyle":"Linear","EasingDirection":"In"},"Right Leg":{"Weight":1,"CFrame":[0.7026441097259522,0.2377176284790039,0.02694225311279297,0.76530921459198,0.6197386980056763,-0.17385560274124146,-0.4674667716026306,0.7208293080329895,0.5117419362068176,0.4424665868282318,-0.3103691637516022,0.8413646221160889],"EasingStyle":"Linear","EasingDirection":"In"},"Torso":{"Weight":1,"CFrame":[-0.07493782043457031,0.16374808549880982,-0.24271440505981446,0.9658688902854919,0.14816637337207795,-0.21247127652168275,-0.10427338629961014,0.9732579588890076,0.20468512177467347,0.23711681365966798,-0.1755438894033432,0.9554893970489502],"EasingStyle":"Linear","EasingDirection":"In"},"HumanoidRootPart":{"Weight":1,"CFrame":[0,0,0,1,0,0,0,1,0,0,0,1],"EasingStyle":"Linear","EasingDirection":"In"},"Left Arm":{"Weight":1,"CFrame":[-0.08131870627403259,-0.45216891169548037,-0.07748258113861084,0.06456870585680008,0.7649965882301331,-0.6407893896102905,-0.9945138096809387,-0.0036281724460422994,-0.1045428067445755,-0.08229981362819672,0.6440240740776062,0.760565459728241],"EasingStyle":"Linear","EasingDirection":"In"}}},{"Time":0.5,"poses":{"Left Leg":{"Weight":1,"CFrame":[-0.3786226212978363,-0.1956690549850464,0.10346531867980957,0.8120896816253662,-0.532731831073761,0.23813273012638093,0.548634946346283,0.8360617756843567,-0.0006053392426110804,-0.1987711787223816,0.13113956153392793,0.971232533454895],"EasingStyle":"Linear","EasingDirection":"In"},"Right Arm":{"Weight":1,"CFrame":[-0.10557511448860169,-0.5504553318023682,-0.02327561378479004,0.36546942591667178,-0.7072787284851074,0.6051355600357056,0.8992515802383423,0.4361613094806671,-0.03331723436713219,-0.24037210643291474,0.5563454627990723,0.7954249382019043],"EasingStyle":"Linear","EasingDirection":"In"},"Head":{"Weight":1,"CFrame":[2.2351741790771486e-8,-2.60770320892334e-8,-3.5762786865234377e-7,0.9845849275588989,-0.16774813830852509,-0.049529675394296649,0.15259477496147157,0.9622214436531067,-0.22548800706863404,0.08548370003700257,0.21445408463478089,0.9729861617088318],"EasingStyle":"Linear","EasingDirection":"In"},"Right Leg":{"Weight":1,"CFrame":[0.5969833731651306,0.3156903386116028,0.07258880138397217,0.7782526016235352,0.5521356463432312,-0.2991142272949219,-0.3620077073574066,0.7837003469467163,0.5047417879104614,0.5131017565727234,-0.2845349609851837,0.8097941875457764],"EasingStyle":"Linear","EasingDirection":"In"},"Torso":{"Weight":1,"CFrame":[-0.04853624105453491,0.15607920289039613,-0.22348976135253907,0.9640486836433411,0.159675732254982,-0.21240030229091645,-0.11827753484249115,0.9736256003379822,0.19509902596473695,0.23795095086097718,-0.16296276450157166,0.9575085043907166],"EasingStyle":"Linear","EasingDirection":"In"},"HumanoidRootPart":{"Weight":1,"CFrame":[0,0,0,1,0,0,0,1,0,0,0,1],"EasingStyle":"Linear","EasingDirection":"In"},"Left Arm":{"Weight":1,"CFrame":[-0.07852400839328766,-0.47129157185554507,-0.09218686819076538,-0.08937475830316544,0.7051728367805481,-0.7033801078796387,-0.9853820204734802,-0.1654379814863205,-0.0406523160636425,-0.14503264427185059,0.6894646883010864,0.709650456905365],"EasingStyle":"Linear","EasingDirection":"In"}}},{"Time":0.5333333611488342,"poses":{"Left Leg":{"Weight":1,"CFrame":[-0.39346468448638918,-0.20399999618530274,0.08871221542358399,0.8280141353607178,-0.5204808115959168,0.20854823291301728,0.5370525121688843,0.8430772423744202,-0.028202379122376443,-0.1611434817314148,0.13535334169864655,0.9776053428649902],"EasingStyle":"Linear","EasingDirection":"In"},"Right Arm":{"Weight":1,"CFrame":[-0.10809512436389923,-0.5556542277336121,-0.020142674446105958,0.2185554951429367,-0.717360258102417,0.6615346074104309,0.9526247382164002,0.3037927746772766,0.014704294502735138,-0.21151766180992127,0.6269802451133728,0.7497705817222595],"EasingStyle":"Linear","EasingDirection":"In"},"Head":{"Weight":1,"CFrame":[4.0978193283081057e-8,-2.60770320892334e-8,-1.1920928955078126e-7,0.9829082489013672,-0.17741966247558595,-0.04913056641817093,0.16269388794898988,0.9620232582092285,-0.2191849797964096,0.08615248650312424,0.2074454426765442,0.974445641040802],"EasingStyle":"Linear","EasingDirection":"In"},"Right Leg":{"Weight":1,"CFrame":[0.503675103187561,0.3695046901702881,0.10171711444854737,0.7771604061126709,0.48778998851776125,-0.397596150636673,-0.2743240296840668,0.8312117457389832,0.4835633635520935,0.5663638710975647,-0.2667361795902252,0.7797972559928894],"EasingStyle":"Linear","EasingDirection":"In"},"Torso":{"Weight":1,"CFrame":[-0.021114587783813478,0.14571237564086915,-0.21228528022766114,0.9626486897468567,0.17033475637435914,-0.21046054363250733,-0.13257457315921784,0.9742940068244934,0.1821405291557312,0.23607531189918519,-0.14743562042713166,0.9604848623275757],"EasingStyle":"Linear","EasingDirection":"In"},"HumanoidRootPart":{"Weight":1,"CFrame":[0,0,0,1,0,0,0,1,0,0,0,1],"EasingStyle":"Linear","EasingDirection":"In"},"Left Arm":{"Weight":1,"CFrame":[-0.07480528950691223,-0.4837624132633209,-0.09776419401168823,-0.1902635097503662,0.6513237357139587,-0.7345594167709351,-0.9659362435340881,-0.2578830420970917,0.02153281681239605,-0.17540553212165833,0.7136342525482178,0.6782026886940002],"EasingStyle":"Linear","EasingDirection":"In"}}},{"Time":0.5666666626930237,"poses":{"Left Leg":{"Weight":1,"CFrame":[-0.40566879510879519,-0.2032184600830078,0.08806097507476807,0.8351907730102539,-0.5106638073921204,0.20415420830249787,0.528756856918335,0.8476967215538025,-0.042736493051052096,-0.15123693645000459,0.14364105463027955,0.9780054688453674],"EasingStyle":"Linear","EasingDirection":"In"},"Right Arm":{"Weight":1,"CFrame":[-0.11096231639385224,-0.556371808052063,-0.020142793655395509,0.08443319797515869,-0.715434730052948,0.6935592889785767,0.9784880876541138,0.19102048873901368,0.0779251679778099,-0.1882343739271164,0.6720598340034485,0.7161726951599121],"EasingStyle":"Linear","EasingDirection":"In"},"Head":{"Weight":1,"CFrame":[4.470348358154297e-8,7.450580596923828e-9,1.1920928955078126e-7,0.9813557267189026,-0.18583707511425019,-0.04904608428478241,0.1716187447309494,0.9621468186378479,-0.21170882880687715,0.08653286099433899,0.1993444263935089,0.9761013984680176],"EasingStyle":"Linear","EasingDirection":"In"},"Right Leg":{"Weight":1,"CFrame":[0.4387115240097046,0.3993242383003235,0.1151587963104248,0.7743971347808838,0.4366050362586975,-0.45791399478912356,-0.21322254836559297,0.8614991903305054,0.46082019805908205,0.5956888794898987,-0.25922030210494997,0.7602365612983704],"EasingStyle":"Linear","EasingDirection":"In"},"Torso":{"Weight":1,"CFrame":[0.008153200149536133,0.13305416703224183,-0.2066805362701416,0.9620073437690735,0.18004019558429719,-0.20524980127811433,-0.14699703454971314,0.9750539660453796,0.16631773114204408,0.23007351160049439,-0.12982775270938874,0.9644744396209717],"EasingStyle":"Linear","EasingDirection":"In"},"HumanoidRootPart":{"Weight":1,"CFrame":[0,0,0,1,0,0,0,1,0,0,0,1],"EasingStyle":"Linear","EasingDirection":"In"},"Left Arm":{"Weight":1,"CFrame":[-0.06870566308498383,-0.48937952518463137,-0.08167541027069092,-0.24983476102352143,0.6157370805740356,-0.7472953796386719,-0.9509315490722656,-0.30149558186531069,0.06949559599161148,-0.18251517415046693,0.7279891967773438,0.6608479022979736],"EasingStyle":"Linear","EasingDirection":"In"}}},{"Time":0.6000000238418579,"poses":{"Left Leg":{"Weight":1,"CFrame":[-0.42513275146484377,-0.1947782039642334,0.0986332893371582,0.8346285223960877,-0.5070289969444275,0.21521340310573579,0.5275667309761047,0.8481711149215698,-0.04774267226457596,-0.15833090245723725,0.1533868908882141,0.975399374961853],"EasingStyle":"Linear","EasingDirection":"In"},"Right Arm":{"Weight":1,"CFrame":[-0.11416357755661011,-0.5570605993270874,-0.020144343376159669,-0.02827330306172371,-0.7015432715415955,0.7120658755302429,0.9860302209854126,0.09740573167800904,0.1351175457239151,-0.16415004432201386,0.7059385180473328,0.6889888048171997],"EasingStyle":"Linear","EasingDirection":"In"},"Head":{"Weight":1,"CFrame":[-1.1175870895385743e-8,6.705522537231445e-8,1.1920928955078126e-7,0.9799314737319946,-0.19315141439437867,-0.049263846129179,0.17952676117420197,0.9625821709632874,-0.2029920369386673,0.08662867546081543,0.1900741308927536,0.9779404401779175],"EasingStyle":"Linear","EasingDirection":"In"},"Right Leg":{"Weight":1,"CFrame":[0.430984765291214,0.43426501750946047,0.11218023300170899,0.7782385349273682,0.40939125418663027,-0.4761759042739868,-0.18610937893390656,0.8745771050453186,0.44774797558784487,0.5997565984725952,-0.2598339915275574,0.7568212747573853],"EasingStyle":"Linear","EasingDirection":"In"},"Torso":{"Weight":1,"CFrame":[0.03869426250457764,0.11858737468719483,-0.21022629737854005,0.9620221257209778,0.18883708119392396,-0.19711436331272126,-0.16115589439868928,0.9757332801818848,0.14823424816131593,0.22032316029071809,-0.11083848774433136,0.9691091775894165],"EasingStyle":"Linear","EasingDirection":"In"},"HumanoidRootPart":{"Weight":1,"CFrame":[0,0,0,1,0,0,0,1,0,0,0,1],"EasingStyle":"Linear","EasingDirection":"In"},"Left Arm":{"Weight":1,"CFrame":[-0.06027034670114517,-0.4911332428455353,-0.04331010580062866,-0.2862203121185303,0.5915578603744507,-0.7537488341331482,-0.9400254487991333,-0.3257046639919281,0.10133511573076248,-0.1855539083480835,0.7375471591949463,0.64930260181427],"EasingStyle":"Linear","EasingDirection":"In"}}},{"Time":0.6333333253860474,"poses":{"Left Leg":{"Weight":1,"CFrame":[-0.4610932171344757,-0.17909181118011475,0.11353886127471924,0.8294594883918762,-0.5111727714538574,0.22516536712646485,0.5334474444389343,0.8444715738296509,-0.04797477647662163,-0.16562236845493318,0.1599070429801941,0.9731387495994568],"EasingStyle":"Linear","EasingDirection":"In"},"Right Arm":{"Weight":1,"CFrame":[-0.11768272519111633,-0.5577216744422913,-0.020148277282714845,-0.11449140310287476,-0.6834577918052673,0.7209558486938477,0.9830702543258667,0.026558728888630868,0.18129383027553559,-0.1430543214082718,0.7295066714286804,0.6688461899757385],"EasingStyle":"Linear","EasingDirection":"In"},"Head":{"Weight":1,"CFrame":[1.601874828338623e-7,2.2351741790771486e-8,-1.7881393432617188e-