{"Sequence":[{"Time":0,"poses":{"Left Leg":{"Weight":1,"CFrame":[-0.4712754487991333,0.11598247289657593,0.030208826065063478,0.9650977849960327,-0.24609586596488954,0.08957181870937348,0.24031586945056916,0.9681244492530823,0.07059192657470703,-0.10408900678157807,-0.046602584421634677,0.9934755563735962],"EasingStyle":"Linear","EasingDirection":"In"},"Right Arm":{"Weight":1,"CFrame":[-0.0648890808224678,0.24636125564575196,0.15323150157928468,-0.8801411390304565,-0.2832275629043579,-0.38096439838409426,0.21618475019931794,-0.9536092281341553,0.20950816571712495,-0.42262959480285647,0.10203813016414643,0.9005401730537415],"EasingStyle":"Linear","EasingDirection":"In"},"Head":{"Weight":1,"CFrame":[9.229552944134412e-8,-1.4339196496848672e-9,3.5762786865234377e-7,0.9796425104141235,0.18557190895080567,0.07657527178525925,-0.18500758707523347,0.982630729675293,-0.014461391605436802,-0.077928826212883,-1.4353645383380354e-8,0.9969589710235596],"EasingStyle":"Linear","EasingDirection":"In"},"Right Leg":{"Weight":1,"CFrame":[0.3272421061992645,-0.02168715000152588,0.0699988603591919,0.9468576908111572,0.2723807096481323,-0.17108309268951417,-0.28554433584213259,0.9566535353660584,-0.057257652282714847,0.1480713188648224,0.103066585958004,0.9835914969444275],"EasingStyle":"Linear","EasingDirection":"In"},"Torso":{"Weight":1,"CFrame":[0.015346135944128037,1.5599653124809266e-8,-0.11687946319580078,0.9814658164978027,-0.1849345862865448,0.05024168640375137,0.18516843020915986,0.9827068448066711,-1.6187936324740805e-8,-0.04937285557389259,0.009303190745413304,0.998737096786499],"EasingStyle":"Linear","EasingDirection":"In"},"HumanoidRootPart":{"Weight":1,"CFrame":[0,0,0,1,0,0,0,1,0,0,0,1],"EasingStyle":"Linear","EasingDirection":"In"},"Left Arm":{"Weight":1,"CFrame":[-0.10200121253728867,-0.22723641991615296,0.163629412651062,-0.8178597688674927,0.27292874455451968,0.5065723657608032,-0.2492639571428299,-0.9615111351013184,0.11560235172510147,0.5186261534690857,-0.0317237451672554,0.8544124364852905],"EasingStyle":"Linear","EasingDirection":"In"}}},{"Time":0.03333333507180214,"poses":{"Left Leg":{"Weight":1,"CFrame":[-0.39117538928985598,0.12150847911834717,0.05160057544708252,0.9685617685317993,-0.19586506485939027,0.15337878465652467,0.18654513359069825,0.9797226786613464,0.07310614734888077,-0.16458764672279359,-0.04219571873545647,0.985459566116333],"EasingStyle":"Linear","EasingDirection":"In"},"Right Arm":{"Weight":1,"CFrame":[-0.049741633236408237,0.2929579019546509,0.14996123313903809,-0.8556756377220154,-0.27181586623191836,-0.44038107991218569,0.20256103575229646,-0.9589767456054688,0.1983247697353363,-0.4762229919433594,0.0804976299405098,0.8756322264671326],"EasingStyle":"Linear","EasingDirection":"In"},"Head":{"Weight":1,"CFrame":[9.639188647270203e-8,0,-5.960464477539063e-8,0.9797227382659912,0.18541865050792695,0.07591663300991059,-0.18508557975292207,0.9826555848121643,-0.011461395770311356,-0.0767250657081604,-0.002822083653882146,0.9970483183860779],"EasingStyle":"Linear","EasingDirection":"In"},"Right Leg":{"Weight":1,"CFrame":[0.27615660429000857,-0.021556973457336427,0.04652857780456543,0.9721064567565918,0.19758020341396333,-0.12637673318386079,-0.20759303867816926,0.9755939245223999,-0.07156605273485184,0.10915239155292511,0.09580475091934204,0.9893974661827087],"EasingStyle":"Linear","EasingDirection":"In"},"Torso":{"Weight":1,"CFrame":[0.024359364062547685,-0.015459082089364529,-0.09265756607055664,0.9870213866233826,-0.14807330071926118,0.06215553730726242,0.15009455382823945,0.988240659236908,-0.02919263020157814,-0.057101983577013019,0.03814295679330826,0.9976394772529602],"EasingStyle":"Linear","EasingDirection":"In"},"HumanoidRootPart":{"Weight":1,"CFrame":[0,0,0,1,0,0,0,1,0,0,0,1],"EasingStyle":"Linear","EasingDirection":"In"},"Left Arm":{"Weight":1,"CFrame":[-0.10272815823554993,-0.21026334166526795,0.15589463710784913,-0.819480299949646,0.27336421608924868,0.5037104487419128,-0.24751891195774079,-0.9615303874015808,0.11913793534040451,0.516900897026062,-0.027046695351600648,0.8556178212165833],"EasingStyle":"Linear","EasingDirection":"In"}}},{"Time":0.06666667014360428,"poses":{"Left Leg":{"Weight":1,"CFrame":[-0.2605360746383667,0.12367910146713257,0.07695269584655762,0.9565744400024414,-0.11673995852470398,0.26709023118019106,0.10279959440231323,0.992533802986145,0.06564381718635559,-0.2727591395378113,-0.03533643111586571,0.9614332318305969],"EasingStyle":"Linear","EasingDirection":"In"},"Right Arm":{"Weight":1,"CFrame":[-0.010575756430625916,0.4030013084411621,0.13970839977264405,-0.8259587287902832,-0.23654107749462129,-0.511703610420227,0.1779474914073944,-0.9706993103027344,0.16148577630519868,-0.5349084138870239,0.04232427105307579,0.8438494801521301],"EasingStyle":"Linear","EasingDirection":"In"},"Head":{"Weight":1,"CFrame":[7.264316082000733e-8,3.3527612686157229e-8,1.1920928955078126e-7,0.979934573173523,0.185294046998024,0.07344719022512436,-0.18516770005226136,0.9826695322990418,-0.008585493080317974,-0.07376516610383988,-0.005186822265386581,0.997262179851532],"EasingStyle":"Linear","EasingDirection":"In"},"Right Leg":{"Weight":1,"CFrame":[0.17558202147483827,-0.026563405990600587,0.020476937294006349,0.9954686760902405,0.0715847760438919,-0.06259268522262573,-0.07681677490472794,0.993362307548523,-0.08561941981315613,0.05604815483093262,0.09003958106040955,0.9943598508834839],"EasingStyle":"Linear","EasingDirection":"In"},"Torso":{"Weight":1,"CFrame":[0.03144756704568863,-0.04136538505554199,-0.06432914733886719,0.9930914640426636,-0.09058794379234314,0.07458661496639252,0.09631474316120148,0.992357075214386,-0.07714201509952545,-0.06702841073274613,0.08379285782575607,0.9942263960838318],"EasingStyle":"Linear","EasingDirection":"In"},"HumanoidRootPart":{"Weight":1,"CFrame":[0,0,0,1,0,0,0,1,0,0,0,1],"EasingStyle":"Linear","EasingDirection":"In"},"Left Arm":{"Weight":1,"CFrame":[-0.10479685664176941,-0.18815532326698304,0.14072775840759278,-0.8232266902923584,0.2727908492088318,0.4978785216808319,-0.24527694284915925,-0.9618183374404907,0.12142831087112427,0.5119933485984802,-0.022155066952109338,0.8587037920951843],"EasingStyle":"Linear","EasingDirection":"In"}}},{"Time":0.10000000149011612,"poses":{"Left Leg":{"Weight":1,"CFrame":[-0.16832198202610017,0.10445910692214966,0.07342386245727539,0.9478162527084351,-0.05256081745028496,0.314454585313797,0.04066949337720871,0.998191773891449,0.04426226764917374,-0.31621241569519045,-0.029163837432861329,0.9482400417327881],"EasingStyle":"Linear","EasingDirection":"In"},"Right Arm":{"Weight":1,"CFrame":[0.04447265714406967,0.5316202640533447,0.12234413623809815,-0.7857775688171387,-0.19759154319763184,-0.5860983729362488,0.1550557166337967,-0.9802692532539368,0.12259633839130402,-0.5987582206726074,0.005455551203340292,0.8009113073348999],"EasingStyle":"Linear","EasingDirection":"In"},"Head":{"Weight":1,"CFrame":[6.891787052154541e-8,-4.237517714500427e-8,1.1920928955078126e-7,0.9802548289299011,0.18520142138004304,0.06928978115320206,-0.18524658679962159,0.982674777507782,-0.005829452071338892,-0.06916891038417816,-0.007121373899281025,0.9975796341896057],"EasingStyle":"Linear","EasingDirection":"In"},"Right Leg":{"Weight":1,"CFrame":[0.05577359348535538,-0.03391456604003906,0.01159524917602539,0.9980696439743042,-0.0088798888027668,-0.061466701328754428,0.003928158897906542,0.9967697262763977,-0.08021607995033264,0.061980489641427997,0.07981977611780167,0.9948805570602417],"EasingStyle":"Linear","EasingDirection":"In"},"Torso":{"Weight":1,"CFrame":[0.02122681960463524,-0.05579841136932373,-0.045180559158325198,0.9939041137695313,-0.08605516701936722,0.06891493499279022,0.09281511604785919,0.9904671907424927,-0.10178498923778534,-0.0594988614320755,0.10756084322929383,0.9924166202545166],"EasingStyle":"Linear","EasingDirection":"In"},"HumanoidRootPart":{"Weight":1,"CFrame":[0,0,0,1,0,0,0,1,0,0,0,1],"EasingStyle":"Linear","EasingDirection":"In"},"Left Arm":{"Weight":1,"CFrame":[-0.10789164900779724,-0.2108832597732544,0.125815749168396,-0.8289196491241455,0.2713879644870758,0.48912256956100466,-0.24196365475654603,-0.9623427987098694,0.12389475852251053,0.5043272376060486,-0.01565108820796013,0.8633708953857422],"EasingStyle":"Linear","EasingDirection":"In"}}},{"Time":0.13333334028720857,"poses":{"Left Leg":{"Weight":1,"CFrame":[-0.16658750176429749,0.077201247215271,0.06559646129608154,0.9538851976394653,-0.0837635025382042,0.2882472574710846,0.07600341737270355,0.9963821172714233,0.038029953837394717,-0.29039013385772707,-0.014368366450071335,0.9568005204200745],"EasingStyle":"Linear","EasingDirection":"In"},"Right Arm":{"Weight":1,"CFrame":[0.10728153586387634,0.6338992118835449,0.09770452976226807,-0.7314509153366089,-0.17905083298683167,-0.6579670906066895,0.14337483048439027,-0.9837237596511841,0.10831066966056824,-0.6666508913040161,-0.015111986547708512,0.7452169060707092],"EasingStyle":"Linear","EasingDirection":"In"},"Head":{"Weight":1,"CFrame":[9.220093488693237e-8,1.210719347000122e-8,1.1920928955078126e-7,0.9806538820266724,0.1851416528224945,0.06356669962406159,-0.1853163093328476,0.9826737642288208,-0.0031890496611595155,-0.06305574625730515,-0.008652593940496445,0.9979724884033203],"EasingStyle":"Linear","EasingDirection":"In"},"Right Leg":{"Weight":1,"CFrame":[0.11336613446474076,-0.025951862335205079,0.023071646690368654,0.9863860607147217,0.10878795385360718,-0.12332028895616532,-0.11631439626216889,0.9916578531265259,-0.055549975484609607,0.11624828726053238,0.0691375732421875,0.9908109307289124],"EasingStyle":"Linear","EasingDirection":"In"},"Torso":{"Weight":1,"CFrame":[-0.008272567763924599,-0.03458600491285324,-0.04251742362976074,0.9893208146095276,-0.13913750648498536,0.043419744819402698,0.14151494204998017,0.9882609844207764,-0.057565417140722278,-0.03490053117275238,0.06309520453214646,0.9973970651626587],"EasingStyle":"Linear","EasingDirection":"In"},"HumanoidRootPart":{"Weight":1,"CFrame":[0,0,0,1,0,0,0,1,0,0,0,1],"EasingStyle":"Linear","EasingDirection":"In"},"Left Arm":{"Weight":1,"CFrame":[-0.11169811338186264,-0.26455897092819216,0.11884510517120362,-0.8363606333732605,0.26929330825805666,0.4774746596813202,-0.23702305555343629,-0.9630386829376221,0.12797124683856965,0.4942883849143982,-0.006142430938780308,0.8692762851715088],"EasingStyle":"Linear","EasingDirection":"In"}}},{"Time":0.1666666716337204,"poses":{"Left Leg":{"Weight":1,"CFrame":[-0.2592490315437317,0.05941057205200195,0.05505251884460449,0.9619367718696594,-0.18717047572135926,0.199110209941864,0.18035906553268434,0.9822264313697815,0.05198025703430176,-0.20530027151107789,-0.014090467244386673,0.9785975813865662],"EasingStyle":"Linear","EasingDirection":"In"},"Right Arm":{"Weight":1,"CFrame":[0.17053616046905518,0.6779859066009522,0.06575155258178711,-0.6573407053947449,-0.22706417739391328,-0.7185716032981873,0.17383335530757905,-0.973499059677124,0.14859884977340699,-0.7332702279090881,-0.027231626212596895,0.6793919205665588],"EasingStyle":"Linear","EasingDirection":"In"},"Head":{"Weight":1,"CFrame":[9.220093488693237e-8,-1.210719347000122e-8,-5.960464477539063e-8,0.981097400188446,0.1851135492324829,0.05640007182955742,-0.185371994972229,0.9826682806015015,-0.0006602862849831581,-0.05554477497935295,-0.009807189926505089,0.9984080195426941],"EasingStyle":"Linear","EasingDirection":"In"},"Right Leg":{"Weight":1,"CFrame":[0.2514091730117798,-0.026389002799987794,0.036760807037353519,0.947008490562439,0.2947785258293152,-0.12759508192539216,-0.29767167568206789,0.9546607732772827,-0.003794207237660885,0.12069155275821686,0.041574589908123019,0.9918191432952881],"EasingStyle":"Linear","EasingDirection":"In"},"Torso":{"Weight":1,"CFrame":[-0.045648619532585147,0.004736913833767176,-0.0649423599243164,0.9796817898750305,-0.20053055882453919,0.0033353110775351526,0.20042774081230164,0.9795085787773132,0.019789263606071473,-0.007235317025333643,-0.018718691542744638,0.999798595905304],"EasingStyle":"Linear","EasingDirection":"In"},"HumanoidRootPart":{"Weight":1,"CFrame":[0,0,0,1,0,0,0,1,0,0,0,1],"EasingStyle":"Linear","EasingDirection":"In"},"Left Arm":{"Weight":1,"CFrame":[-0.11590427905321121,-0.25008878111839297,0.12418437004089356,-0.8453391790390015,0.26658084988594057,0.46296486258506777,-0.22993482649326325,-0.9637813568115234,0.13511314988136292,0.48221555352211,0.0077646756544709209,0.8760182857513428],"EasingStyle":"Linear","EasingDirection":"In"}}},{"Time":0.20000000298023225,"poses":{"Left Leg":{"Weight":1,"CFrame":[-0.3908826410770416,0.06014901399612427,0.02063143253326416,0.9621899127960205,-0.26173460483551028,0.07540324330329895,0.25659599900245669,0.9638761281967163,0.07142475247383118,-0.09137370437383652,-0.04937604069709778,0.9945917725563049],"EasingStyle":"Linear","EasingDirection":"In"},"Right Arm":{"Weight":1,"CFrame":[0.2305799126625061,0.6845347881317139,0.02732992172241211,-0.5658164024353027,-0.35554102063179018,-0.7439372539520264,0.2514568865299225,-0.9336802363395691,0.2549719214439392,-0.7852523326873779,-0.04280088469386101,0.617694616317749],"EasingStyle":"Linear","EasingDirection":"In"},"Head":{"Weight":1,"CFrame":[8.381903171539307e-8,2.0489096641540528e-8,-4.172325134277344e-7,0.9815483689308167,0.18511414527893067,0.04791215807199478,-0.18540969491004945,0.9826597571372986,0.0017607465852051974,-0.04675540328025818,-0.010611625388264656,0.9988501071929932],"EasingStyle":"Linear","EasingDirection":"In"},"Right Leg":{"Weight":1,"CFrame":[0.4688127040863037,-0.03201889991760254,-0.024934053421020509,0.9051307439804077,0.4223208427429199,0.04882130026817322,-0.4243362843990326,0.9044859409332275,0.04294166713953018,-0.026022957637906076,-0.059584423899650577,0.9978840351104736],"EasingStyle":"Linear","EasingDirection":"In"},"Torso":{"Weight":1,"CFrame":[-0.07156895846128464,0.02467595599591732,-0.10787224769592285,0.9741817712783814,-0.22357013821601869,-0.031405672430992129,0.22507613897323609,0.9726257920265198,0.05779184401035309,0.017625434324145318,-0.06336842477321625,0.9978345632553101],"EasingStyle":"Linear","EasingDirection":"In"},"HumanoidRootPart":{"Weight":1,"CFrame":[0,0,0,1,0,0,0,1,0,0,0,1],"EasingStyle":"Linear","EasingDirection":"In"},"Left Arm":{"Weight":1,"CFrame":[-0.12020134925842285,-0.1281909942626953,0.13804948329925538,-0.8556374907493591,0.263240784406662,0.4456331431865692,-0.22022676467895509,-0.9643391370773315,0.14680004119873048,0.468385249376297,0.027467289939522744,0.8830974102020264],"EasingStyle":"Linear","EasingDirection":"In"}}},{"Time":0.23333333432674409,"poses":{"Left Leg":{"Weight":1,"CFrame":[-0.5162955522537231,0.08826053142547608,-0.04259604215621948,0.957294225692749,-0.28483638167381289,-0.0495593287050724,0.2886017858982086,0.9516647458076477,0.10508746653795243,0.017231209203600885,-0.1149025708436966,0.9932273030281067],"EasingStyle":"Linear","EasingDirection":"In"},"Right Arm":{"Weight":1,"CFrame":[0.28475624322891238,0.6474556922912598,-0.016397833824157716,-0.4663054943084717,-0.5380961894989014,-0.7021481394767761,0.34446266293525698,-0.8415263891220093,0.41614747047424319,-0.814803421497345,-0.04781205207109451,0.5777623653411865],"EasingStyle":"Linear","EasingDirection":"In"},"Head":{"Weight":1,"CFrame":[7.636845111846924e-8,-1.30385160446167e-8,-5.960464477539063e-8,0.9819685220718384,0.1851395219564438,0.038225799798965457,-0.18542663753032685,0.9826496839523315,0.00407776702195406,-0.03680761530995369,-0.011092323809862137,0.9992608428001404],"EasingStyle":"Linear","EasingDirection":"In"},"Right Leg":{"Weight":1,"CFrame":[0.6523498296737671,-0.013712763786315918,-0.16442722082138062,0.8507882952690125,0.45833104848861697,0.25708410143852236,-0.49792546033859255,0.8594918847084045,0.11551621556282044,-0.16801688075065614,-0.22628848254680634,0.9594601392745972],"EasingStyle":"Linear","EasingDirection":"In"},"Torso":{"Weight":1,"CFrame":[-0.07687082141637802,0.02174799144268036,-0.16181445121765138,0.9769781827926636,-0.2072741836309433,-0.05050820857286453,0.20972588658332826,0.9765154123306274,0.04932291805744171,0.03909866884350777,-0.05878029018640518,0.9975050687789917],"EasingStyle":"Linear","EasingDirection":"In"},"HumanoidRootPart":{"Weight":1,"CFrame":[0,0,0,1,0,0,0,1,0,0,0,1],"EasingStyle":"Linear","EasingDirection":"In"},"Left Arm":{"Weight":1,"CFrame":[-0.12428455054759979,0.01841890811920166,0.15639066696166993,-0.8670352101325989,0.2591615915298462,0.4255412220954895,-0.2074851095676422,-0.964303195476532,0.16452766954898835,0.4529899060726166,0.05435783043503761,0.8898569345474243],"EasingStyle":"Linear","EasingDirection":"In"}}},{"Time":0.2666666805744171,"poses":{"Left Leg":{"Weight":1,"CFrame":[-0.6089666485786438,0.12343233823776245,-0.12134557962417603,0.9435380101203919,-0.2930642366409302,-0.1544322967529297,0.31691983342170718,0.9342876076698303,0.16330553591251374,0.09642520546913147,-0.2030276209115982,0.9744136333465576],"EasingStyle":"Linear","EasingDirection":"In"},"Right Arm":{"Weight":1,"CFrame":[0.33063605427742007,0.547345757484436,-0.06403350830078125,-0.3572899103164673,-0.7321859002113342,-0.5798688530921936,0.42001524567604067,-0.680486261844635,0.6004377007484436,-0.8342248797416687,-0.029023393988609315,0.5506601929664612],"EasingStyle":"Linear","EasingDirection":"In"},"Head":{"Weight":1,"CFrame":[9.220093488693237e-8,9.313225746154785e-9,2.384185791015625e-7,0.9823199510574341,0.18518459796905518,0.02746463567018509,-0.18542076647281648,0.9826390743255615,0.0062944162636995319,-0.025822192430496217,-0.011275642551481724,0.9996029734611511],"EasingStyle":"Linear","EasingDirection":"In"},"Right Leg":{"Weight":1,"CFrame":[0.7041575312614441,0.027863681316375734,-0.2470906376838684,0.8292697072029114,0.445319265127182,0.33764228224754336,-0.5351318120956421,0.8069027662277222,0.25008466839790347,-0.16107672452926637,-0.38807055354118349,0.9074444770812988],"EasingStyle":"Linear","EasingDirection":"In"},"Torso":{"Weight":1,"CFrame":[-0.0719321221113205,0.016168836504220964,-0.22110724449157716,0.9818843007087708,-0.17910166084766389,-0.061853665858507159,0.18143057823181153,0.9828053116798401,0.0343027263879776,0.054646436125040057,-0.044903457164764407,0.9974955916404724],"EasingStyle":"Linear","EasingDirection":"In"},"HumanoidRootPart":{"Weight":1,"CFrame":[0,0,0,1,0,0,0,1,0,0,0,1],"EasingStyle":"Linear","EasingDirection":"In"},"Left Arm":{"Weight":1,"CFrame":[-0.1278536170721054,0.1279149055480957,0.17516374588012696,-0.8793098330497742,0.25411471724510195,0.4027903378009796,-0.19136464595794679,-0.9629963636398315,0.18978279829025269,0.4361121952533722,0.08979805558919907,0.8954006433486939],"EasingStyle":"Linear","EasingDirection":"In"}}},{"Time":0.30000001192092898,"poses":{"Left Leg":{"Weight":1,"CFrame":[-0.668391764163971,0.1505751609802246,-0.19126158952713014,0.9280330538749695,-0.2967528700828552,-0.22514981031417848,0.3456701338291168,0.9113084673881531,0.22367221117019654,0.13880550861358643,-0.2854028046131134,0.9483028054237366],"EasingStyle":"Linear","EasingDirection":"In"},"Right Arm":{"Weight":1,"CFrame":[0.3660276532173157,0.40542709827423098,-0.11425817012786865,-0.25618934631347659,-0.886087954044342,-0.38628411293029787,0.46502184867858889,-0.4633166491985321,0.7543820142745972,-0.8474206924438477,0.013634057715535164,0.53074711561203],"EasingStyle":"Linear","EasingDirection":"In"},"Head":{"Weight":1,"CFrame":[1.1944212019443513e-7,-5.587935447692871e-9,0,0.9825662970542908,0.18524402379989625,0.01575327292084694,-0.18539072573184968,0.9826288223266602,0.008414181880652905,-0.013920939527451992,-0.011187998577952385,0.9998406171798706],"EasingStyle":"Linear","EasingDirection":"In"},"Right Leg":{"Weight":1,"CFrame":[0.6549495458602905,0.10947078466415405,-0.24263375997543336,0.8701849579811096,0.3978630006313324,0.290659636259079,-0.4889663755893707,0.7700180411338806,0.4098588526248932,-0.060745447874069217,-0.49877581000328066,0.8645998239517212],"EasingStyle":"Linear","EasingDirection":"In"},"Torso":{"Weight":1,"CFrame":[-0.06354954838752747,0.008120343089103699,-0.2790968418121338,0.9876114130020142,-0.14197316765785218,-0.06683961302042008,0.14326363801956178,0.9895724654197693,0.014902320690453053,0.06402690708637238,-0.024293387308716775,0.9976524710655212],"EasingStyle":"Linear","EasingDirection":"In"},"HumanoidRootPart":{"Weight":1,"CFrame":[0,0,0,1,0,0,0,1,0,0,0,1],"EasingStyle":"Linear","EasingDirection":"In"},"Left Arm":{"Weight":1,"CFrame":[-0.13061369955539704,0.19382333755493165,0.1903245449066162,-0.8922345638275147,0.24774444103240968,0.37754517793655398,-0.17160429060459138,-0.9593648910522461,0.22398895025253297,0.4176955819129944,0.13506239652633668,0.8984924554824829],"EasingStyle":"Linear","EasingDirection":"In"}}},{"Time":0.3333333432674408,"poses":{"Left Leg":{"Weight":1,"CFrame":[-0.7321666479110718,0.1619132161140442,-0.25866520404815676,0.9059460759162903,-0.3110515773296356,-0.2872430682182312,0.38466766476631167,0.8881438970565796,0.2514581084251404,0.1768968552350998,-0.3383007347583771,0.9242621064186096],"EasingStyle":"Linear","EasingDirection":"In"},"Right Arm":{"Weight":1,"CFrame":[0.38880908489227297,0.24274319410324098,-0.16582953929901124,-0.1915767639875412,-0.9702936410903931,-0.1477452665567398,0.49548208713531496,-0.2255551666021347,0.8388218879699707,-0.8472283482551575,0.0874936506152153,0.5239745378494263],"EasingStyle":"Linear","EasingDirection":"In"},"Head":{"Weight":1,"CFrame":[9.225914254784584e-8,-1.2223608791828156e-9,2.384185791015625e-7,0.9826744198799133,0.18531230092048646,0.003217413555830717,-0.185336172580719,0.9826198220252991,0.010440470650792122,-0.0012267503188923002,-0.01085588801652193,0.9999403953552246],"EasingStyle":"Linear","EasingDirection":"In"},"Right Leg":{"Weight":1,"CFrame":[0.6265534162521362,0.18921250104904176,-0.23398584127426148,0.9104511141777039,0.35802844166755679,0.20710931718349458,-0.41298532485961916,0.7592307329177856,0.5030030608177185,0.022845959290862085,-0.5434927940368652,0.8391029238700867],"EasingStyle":"Linear","EasingDirection":"In"},"Torso":{"Weight":1,"CFrame":[-0.058459050953388217,-0.0020397615153342487,-0.32907724380493166,0.9928733110427856,-0.09877344220876694,-0.06668272614479065,0.09853491187095642,0.9951099157333374,-0.006865008268505335,0.06703472882509232,0.00024550833040848374,0.9977506399154663],"EasingStyle":"Linear","EasingDirection":"In"},"HumanoidRootPart":{"Weight":1,"CFrame":[0,0,0,1,0,0,0,1,0,0,0,1],"EasingStyle":"Linear","EasingDirection":"In"},"Left Arm":{"Weight":1,"CFrame":[-0.1322755217552185,0.21581310033798219,0.19782578945159913,-0.9055711627006531,0.23956593871116639,0.3500700891017914,-0.1480528712272644,-0.9518606066703796,0.26840588450431826,0.3975188434123993,0.191231831908226,0.8974459767341614],"EasingStyle":"Linear","EasingDirection":"In"}}},{"Time":0.36666667461395266,"poses":{"Left Leg":{"Weight":1,"CFrame":[-0.7826647162437439,0.17283761501312257,-0.29788732528686526,0.8906528353691101,-0.33435410261154177,-0.30813121795654299,0.4188458323478699,0.8670340776443481,0.26985228061676028,0.17693401873111726,-0.369404137134552,0.912269115447998],"EasingStyle":"Linear","EasingDirection":"In"},"Right Arm":{"Weight":1,"CFrame":[0.40025362372398379,0.07888185977935791,-0.21699756383895875,-0.1688324213027954,-0.9805400967597961,0.10018370300531388,0.5419738292694092,-0.007457298692315817,0.8403622508049011,-0.8232618570327759,0.19617731869220735,0.5326862335205078],"EasingStyle":"Linear","EasingDirection":"In"},"Head":{"Weight":1,"CFrame":[8.055940270423889e-8,-4.6566128730773929e-9,-1.1920928955078126e-7,0.9826152324676514,0.18538376688957215,-0.010016167536377907,-0.18525700271129609,0.9826122522354126,0.012376639991998673,0.012136438861489296,-0.010305912233889103,0.9998733401298523],"EasingStyle":"Linear","EasingDirection":"In"},"Right Leg":{"Weight":1,"CFrame":[0.6654152870178223,0.2373288869857788,-0.24451375007629395,0.925205409526825,0.3410301208496094,0.1664130538702011,-0.37674587965011599,0.7731053233146668,0.5102657079696655,0.04536133632063866,-0.5347960591316223,0.8437627553939819],"EasingStyle":"Linear","EasingDirection":"In"},"Torso":{"Weight":1,"CFrame":[-0.06487393379211426,-0.013588448986411095,-0.3640627861022949,0.9969844818115234,-0.05456423759460449,-0.055179473012685779,0.05308379977941513,0.998198926448822,-0.027949394658207895,0.056605126708745959,0.024935981258749963,0.9980852007865906],"EasingStyle":"Linear","EasingDirection":"In"},"HumanoidRootPart":{"Weight":1,"CFrame":[0,0,0,1,0,0,0,1,0,0,0,1],"EasingStyle":"Linear","EasingDirection":"In"},"Left Arm":{"Weight":1,"CFrame":[-0.13316452503204347,0.2060452699661255,0.19454503059387208,-0.919001042842865,0.22892236709594727,0.32098549604415896,-0.12115393579006195,-0.9387408494949341,0.32262560725212099,0.37517836689949038,0.2576046884059906,0.8904387950897217],"EasingStyle":"Linear","EasingDirection":"In"}}},{"Time":0.4000000059604645,"poses":{"Left Leg":{"Weight":1,"CFrame":[-0.7921949028968811,0.19289803504943849,-0.282977819442749,0.8957318067550659,-0.35664328932762148,-0.26546213030815127,0.4294746518135071,0.8484906554222107,0.30921727418899538,0.11496185511350632,-0.39098501205444338,0.9131892323493958],"EasingStyle":"Linear","EasingDirection":"In"},"Right Arm":{"Weight":1,"CFrame":[0.4053594768047333,-0.07153502106666565,-0.2643114924430847,-0.1474619209766388,-0.9401869773864746,0.3070889115333557,0.6320211887359619,0.14925169944763184,0.7604426741600037,-0.7607918977737427,0.3062230944633484,0.5722091794013977],"EasingStyle":"Linear","EasingDirection":"In"},"Head":{"Weight":1,"CFrame":[8.870847523212433e-8,8.614733815193177e-9,-1.1920928955078126e-7,0.9823644161224365,0.18545329570770265,-0.023819759488105775,-0.18515406548976899,0.9826065301895142,0.014226040802896023,0.026043714955449106,-0.009564828127622605,0.9996151328086853],"EasingStyle":"Linear","EasingDirection":"In"},"Right Leg":{"Weight":1,"CFrame":[0.6930580735206604,0.25551921129226687,-0.24617546796798707,0.9317873120307922,0.32618817687034609,0.15929055213928224,-0.36204278469085696,0.8031418323516846,0.47316867113113406,0.0264093317091465,-0.4985625743865967,0.8664513230323792],"EasingStyle":"Linear","EasingDirection":"In"},"Torso":{"Weight":1,"CFrame":[-0.08679911494255066,-0.023713720962405206,-0.37726879119873049,0.9992811679840088,-0.023090042173862459,-0.030066516250371934,0.021753709763288499,0.9987929463386536,-0.044038984924554828,0.03104708343744278,0.04335326328873634,0.9985772967338562],"EasingStyle":"Linear","EasingDirection":"In"},"HumanoidRootPart":{"Weight":1,"CFrame":[0,0,0,1,0,0,0,1,0,0,0,1],"EasingStyle":"Linear","EasingDirection":"In"},"Left Arm":{"Weight":1,"CFrame":[-0.1338803917169571,0.18292200565338136,0.1817927360534668,-0.9318943023681641,0.21496714651584626,0.29216811060905459,-0.0934775322675705,-0.9205883145332336,0.37918218970298769,0.35047826170921328,0.3260466754436493,0.8779855966567993],"EasingStyle":"Linear","EasingDirection":"In"}}},{"Time":0.4333333373069763,"poses":{"Left Leg":{"Weight":1,"CFrame":[-0.7828791737556458,0.21236300468444825,-0.2520313262939453,0.9034658670425415,-0.3738549053668976,-0.20971883833408357,0.426170289516449,0.8360329866409302,0.34558334946632388,0.04613382741808891,-0.40159866213798525,0.9146531224250794],"EasingStyle":"Linear","EasingDirection":"In"},"Right Arm":{"Weight":1,"CFrame":[0.4072094261646271,-0.195161372423172,-0.3035474419593811,-0.10433574765920639,-0.8828840851783752,0.4578535854816437,0.7480586767196655,0.2337033897638321,0.6211205720901489,-0.655379593372345,0.40730640292167666,0.6360655426979065],"EasingStyle":"Linear","EasingDirection":"In"},"Head":{"Weight":1,"CFrame":[1.1711381375789642e-7,9.778887033462525e-9,-5.960464477539063e-8,0.9819037318229675,0.185516357421875,-0.038064904510974887,-0.185028538107872,0.9826030731201172,0.01599201187491417,0.04036948084831238,-0.008659522980451584,0.999147355556488],"EasingStyle":"Linear","EasingDirection":"In"},"Right Leg":{"Weight":1,"CFrame":[0.7073031067848206,0.23890870809555055,-0.2249400019645691,0.9296316504478455,0.331233948469162,0.16145890951156617,-0.3684873878955841,0.837313711643219,0.4038849472999573,-0.0014112911885604263,-0.4349597692489624,0.9004488587379456],"EasingStyle":"Linear","EasingDirection":"In"},"Torso":{"Weight":1,"CFrame":[-0.12428217381238938,-0.028031092137098314,-0.3692145347595215,0.999843180179596,-0.01757243275642395,0.0022031054832041265,0.017660371959209443,0.9986031651496887,-0.049797460436820987,-0.0013249657349660993,0.04982855170965195,0.998757004737854],"EasingStyle":"Linear","EasingDirection":"In"},"HumanoidRootPart":{"Weight":1,"CFrame":[0,0,0,1,0,0,0,1,0,0,0,1],"EasingStyle":"Linear","EasingDirection":"In"},"Left Arm":{"Weight":1,"CFrame":[-0.13452322781085969,0.15541529655456544,0.16217279434204102,-0.9436138272285461,0.19750729203224183,0.2656762897968292,-0.0677107647061348,-0.9007112383842468,0.429109126329422,0.32404977083206179,0.38692426681518557,0.8632968664169312],"EasingStyle":"Linear","EasingDirection":"In"}}},{"Time":0.46666666865348818,"poses":{"Left Leg":{"Weight":1,"CFrame":[-0.7844153046607971,0.2081599235534668,-0.22963255643844605,0.8975200057029724,-0.4023323655128479,-0.1805175393819809,0.4409303069114685,0.8245384097099304,0.35456582903862,0.006190412677824497,-0.39782553911209109,0.9174402356147766],"EasingStyle":"Linear","EasingDirection":"In"},"Right Arm":{"Weight":1,"CFrame":[0.40880751609802248,-0.2786105275154114,-0.3303719758987427,-0.04138639196753502,-0.8345559239387512,0.5493665933609009,0.858348548412323,0.25172778964042666,0.44706904888153078,-0.5113951563835144,0.49005070328712466,0.7059217691421509],"EasingStyle":"Linear","EasingDirection":"In"},"Head":{"Weight":1,"CFrame":[9.604264050722122e-8,3.259629011154175e-9,-5.960464477539063e-8,0.9812211990356445,0.18556895852088929,-0.052622657269239429,-0.18488198518753053,0.9826018214225769,0.017677951604127885,0.054987583309412,-0.007616998162120581,0.9984580278396606],"EasingStyle":"Linear","EasingDirection":"In"},"Right Leg":{"Weight":1,"CFrame":[0.7056827545166016,0.1892632246017456,-0.17911392450332642,0.9195859432220459,0.36212587356567385,0.15240348875522614,-0.3924694359302521,0.8646023273468018,0.31373652815818789,-0.018156396225094796,-0.3483213186264038,0.9371993541717529],"EasingStyle":"Linear","EasingDirection":"In"},"Torso":{"Weight":1,"CFrame":[-0.1771555095911026,-0.020220257341861726,-0.34639835357666018,0.9988356232643127,-0.03269563615322113,0.03547661006450653,0.03397180140018463,0.9987747669219971,-0.035986024886369708,-0.03425655514001846,0.03714931756258011,0.998722493648529],"EasingStyle":"Linear","EasingDirection":"In"},"HumanoidRootPart":{"Weight":1,"CFrame":[0,0,0,1,0,0,0,1,0,0,0,1],"EasingStyle":"Linear","EasingDirection":"In"},"Left Arm":{"Weight":1,"CFrame":[-0.13516253232955934,0.13241422176361085,0.13831734657287599,-0.9537016749382019,0.177063450217247,0.2431086152791977,-0.045799124985933307,-0.8844034075737,0.46447038650512698,0.2972469925880432,0.43183234333992007,0.8515666127204895],"EasingStyle":"Linear","EasingDirection":"In"}}},{"Time":0.5,"poses":{"Left Leg":{"Weight":1,"CFrame":[-0.8083580136299133,0.16809862852096559,-0.2245308756828308,0.8743224740028381,-0.4443005621433258,-0.19533899426460267,0.4850490689277649,0.813960075378418,0.31968191266059878,0.01696331426501274,-0.37425416707992556,0.9271711111068726],"EasingStyle":"Linear","EasingDirection":"In"},"Right Arm":{"Weight":1,"CFrame":[0.4132900834083557,-0.30831417441368105,-0.3407852053642273,0.03805277869105339,-0.8265950679779053,0.561509370803833,0.947692334651947,0.20805740356445313,0.24205635488033296,-0.31690889596939089,0.5229271650314331,0.7912748456001282],"EasingStyle":"Linear","EasingDirection":"In"},"Head":{"Weight":1,"CFrame":[9.365612640976906e-8,-2.7939677238464357e-9,-5.960464477539063e-8,0.9803121089935303,0.1856081485748291,-0.06736394762992859,-0.18471649289131165,0.9826025366783142,0.01928732730448246,0.06977188587188721,-0.0064643691293895248,0.9975420236587524],"EasingStyle":"Linear","EasingDirection":"In"},"Right Leg":{"Weight":1,"CFrame":[0.6711533665657044,0.12059926986694336,-0.11544519662857056,0.9107106924057007,0.39575380086898806,0.11825883388519287,-0.4125416874885559,0.8856518268585205,0.2131435126066208,-0.020383834838867189,-0.24289874732494355,0.9698375463485718],"EasingStyle":"Linear","EasingDirection":"In"},"Torso":{"Weight":1,"CFrame":[-0.2430179864168167,-0.003263898193836212,-0.3114445209503174,0.9961073994636536,-0.05649203807115555,0.06766781955957413,0.05731923133134842,0.9983023405075073,-0.010344055481255055,-0.06696859002113342,0.014182455837726593,0.997654378414154],"EasingStyle":"Linear","EasingDirection":"In"},"HumanoidRootPart":{"Weight":1,"CFrame":[0,0,0,1,0,0,0,1,0,0,0,1],"EasingStyle":"Linear","EasingDirection":"In"},"Left Arm":{"Weight":1,"CFrame":[-0.13584941625595094,0.122769296169281,0.11288511753082276,-0.961922287940979,0.1545107513666153,0.22545944154262544,-0.02896057814359665,-0.8778561949729919,0.4780477285385132,0.2717844545841217,0.4533153772354126,0.8489041924476624],"EasingStyle":"Linear","EasingDirection":"In"}}},{"Time":0.5333333611488342,"poses":{"Left Leg":{"Weight":1,"CFrame":[-0.8129445314407349,0.11322402954101563,-0.18633145093917848,0.8527570366859436,-0.4894735813140869,-0.1822659820318222,0.521532416343689,0.8169705271720886,0.24609585106372834,0.028448471799492837,-0.3049176037311554,0.9519537687301636],"EasingStyle":"Linear","EasingDirection":"In"},"Right Arm":{"Weight":1,"CFrame":[0.42328590154647829,-0.29957371950149538,-0.3344138264656067,0.0720267966389656,-0.879165768623352,0.47104114294052126,0.9956603050231934,0.09128095209598541,0.01812344416975975,-0.05893063545227051,0.4676916003227234,0.8819250464439392],"EasingStyle":"Linear","EasingDirection":"In"},"Head":{"Weight":1,"CFrame":[1.3026874512434007e-7,-9.313225746154786e-10,-4.76837158203125e-7,0.9791784882545471,0.18563206493854524,-0.08216002583503723,-0.1845344603061676,0.982605516910553,0.020823728293180467,0.0845964327454567,-0.005228795576840639,0.9964016675949097],"EasingStyle":"Linear","EasingDirection":"In"},"Right Leg":{"Weight":1,"CFrame":[0.5858412981033325,0.05534237623214722,-0.04222661256790161,0.9143391847610474,0.402250200510025,0.04667544737458229,-0.4049220383167267,0.9068421125411987,0.11694440990686417,0.004713630303740501,-0.12582677602767945,0.9920409917831421],"EasingStyle":"Linear","EasingDirection":"In"},"Torso":{"Weight":1,"CFrame":[-0.3176926076412201,0.014610415324568749,-0.26674604415893557,0.9921621680259705,-0.07789933681488037,0.09770394116640091,0.07725007086992264,0.9969573616981506,0.010416514240205288,-0.09821811318397522,-0.0027872349601238968,0.9951609969139099],"EasingStyle":"Linear","EasingDirection":"In"},"HumanoidRootPart":{"Weight":1,"CFrame":[0,0,0,1,0,0,0,1,0,0,0,1],"EasingStyle":"Linear","EasingDirection":"In"},"Left Arm":{"Weight":1,"CFrame":[-0.13634972274303437,0.13728749752044679,0.08865773677825928,-0.9683393239974976,0.13177819550037385,0.21202242374420167,-0.016398141160607339,-0.8810634016990662,0.4727138876914978,0.24909856915473939,0.4542708694934845,0.8553292155265808],"EasingStyle":"Linear","EasingDirection":"In"}}},{"Time":0.5666666626930237,"poses":{"Left Leg":{"Weight":1,"CFrame":[-0.76897132396698,0.08246523141860962,-0.061495423316955569,0.839138388633728,-0.5420790314674377,-0.04468657821416855,0.5396401882171631,0.8194406032562256,0.1931474506855011,-0.06808324158191681,-0.1861920803785324,0.9801516532897949],"EasingStyle":"Linear","EasingDirection":"In"},"Right Arm":{"Weight":1,"CFrame":[0.4387942850589752,-0.2793574333190918,-0.31513839960098269,0.0004278654232621193,-0.9483529925346375,0.31721678376197817,0.9820731282234192,-0.059396810829639438,-0.1788976639509201,0.18849985301494599,0.31160661578178408,0.9313266277313232],"EasingStyle":"Linear","EasingDirection":"In"},"Head":{"Weight":1,"CFrame":[8.66129994392395e-8,-1.1175870895385743e-8,2.384185791015625e-7,0.9778302311897278,0.18563950061798097,-0.09688259661197663,-0.18433839082717896,0.9826100468635559,0.022290827706456186,0.09933590143918991,-0.0039374614134430889,0.9950461387634277],"EasingStyle":"Linear","EasingDirection":"In"},"Right Leg":{"Weight":1,"CFrame":[0.4408423602581024,0.003395557403564453,0.022931456565856935,0.9276624917984009,0.3687973916530609,-0.0585695281624794,-0.3669976592063904,0.9293882250785828,0.039376918226480487,0.0689559206366539,-0.01503363624215126,0.9975064992904663],"EasingStyle":"Linear","EasingDirection":"In"},"Torso":{"Weight":1,"CFrame":[-0.3935338854789734,0.029237397015094758,-0.21390390396118165,0.9881174564361572,-0.09335783869028092,0.12209918349981308,0.0916656032204628,0.9956005215644836,0.019416457042098047,-0.12337467819452286,-0.007993441075086594,0.9923280477523804],"EasingStyle":"Linear","EasingDirection":"In"},"HumanoidRootPart":{"Weight":1,"CFrame":[0,0,0,1,0,0,0,1,0,0,0,1],"EasingStyle":"Linear","EasingDirection":"In"},"Left Arm":{"Weight":1,"CFrame":[-0.1364956945180893,0.17571336030960084,0.0674445629119873,-0.973137617111206,0.11117742210626602,0.20160065591335298,-0.006730007007718086,-0.8890336155891419,0.45779237151145937,0.23012585937976838,0.4441383481025696,0.8659003973007202],"EasingStyle":"Linear","EasingDirection":"In"}}},{"Time":0.6000000238418579,"poses":{"Left Leg":{"Weight":1,"CFrame":[-0.6850916743278503,0.0980459451675415,0.10915482044219971,0.7898790836334229,-0.5849264860153198,0.18426084518432618,0.5532165169715881,0.8092811703681946,0.197523295879364,-0.26465535163879397,-0.05408332869410515,0.9628252387046814],"EasingStyle":"Linear","EasingDirection":"In"},"Right Arm":{"Weight":1,"CFrame":[0.45909345149993899,-0.2516500949859619,-0.2855774164199829,-0.13585375249385835,-0.9776278734207153,0.16058549284934998,0.9385092258453369,-0.17891988158226014,-0.2952761948108673,0.31740233302116396,0.11059658229351044,0.9418197274208069],"EasingStyle":"Linear","EasingDirection":"In"},"Head":{"Weight":1,"CFrame":[1.862645149230957e-9,4.6566128730773929e-9,-1.1920928955078126e-7,0.9762839078903198,0.1856309324502945,-0.11140464246273041,-0.18413138389587403,0.982616126537323,0.023692511022090913,0.11386606097221375,-0.0026175333186984064,0.9934927225112915],"EasingStyle":"Linear","EasingDirection":"In"},"Right Leg":{"Weight":1,"CFrame":[0.24281370639801026,-0.026791930198669435,0.05039489269256592,0.9430365562438965,0.28597021102905276,-0.17000921070575715,-0.2924366593360901,0.9561861157417297,-0.013750220648944378,0.15862832963466645,0.06268386542797089,0.9853466153144836],"EasingStyle":"Linear","EasingDirection":"In"},"Torso":{"Weight":1,"CFrame":[-0.46189185976982119,0.03574327751994133,-0.1567678451538086,0.9853784441947937,-0.10114417970180512,0.13710997998714448,0.10073775053024292,0.9948636293411255,0.009917962364852429,-0.13740886747837068,0.004039207007735968,0.9905061721801758],"EasingStyle":"Linear","EasingDirection":"In"},"HumanoidRootPart":{"Weight":1,"CFrame":[0,0,0,1,0,0,0,1,0,0,0,1],"EasingStyle":"Linear","EasingDirection":"In"},"Left Arm":{"Weight":1,"CFrame":[-0.1364581435918808,0.23026955127716065,0.05025613307952881,-0.9764113426208496,0.0936354249715805,0.19455963373184205,-0.0006813937798142433,-0.9024083614349365,0.43088117241859438,0.21591795980930329,0.4205847680568695,0.8811856508255005],"EasingStyle":"Linear","EasingDirection":"In"}}},{"Time":0.6333333253860474,"poses":{"Left Leg":{"Weight":1,"CFrame":[-0.6053565144538879,0.14412719011306764,0.24826598167419434,0.6948040127754211,-0.6123151779174805,0.37725016474723818,0.5678850412368774,0.7889540791511536,0.2346448004245758,-0.4413096010684967,0.05120255798101425,0.8958929777145386],"EasingStyle":"Linear","EasingDirection":"In"},"Right Arm":{"Weight":1,"CFrame":[0.48361921310424807,-0.2202238142490387,-0.24857008457183839,-0.2602905333042145,-0.9653021693229675,0.02098986692726612,0.9122408628463745,-0.25298869609832766,-0.32220059633255007,0.31633126735687258,-0.0647178739309