{"Sequence":[{"Time":0,"poses":{"Left Leg":{"Weight":1,"CFrame":[-0.8295179605484009,0.33518362045288088,0.1987248659133911,0.976370632648468,-0.11025600135326386,0.1858600229024887,0.10804527997970581,0.9939022064208984,0.022013360634446145,-0.18715380132198335,-0.0014119140105322004,0.9823296070098877],"EasingStyle":"Linear","EasingDirection":"In"},"Head":{"Weight":1,"CFrame":[9.546056389808655e-8,3.073364496231079e-8,4.76837158203125e-7,0.9927737712860107,0.06589972972869873,0.1002870723605156,-0.043752510100603107,0.9769672751426697,-0.20885564386844636,-0.11174073070287705,0.2029586136341095,0.9727907180786133],"EasingStyle":"Linear","EasingDirection":"In"},"Right Arm":{"Weight":1,"CFrame":[0.5853416919708252,-0.5422524809837341,-0.4309387803077698,-0.3852108418941498,-0.5684723854064941,0.7269469499588013,0.783348798751831,0.21498847007751466,0.5832191705703735,-0.48782917857170107,0.7941152453422546,0.3624962568283081],"EasingStyle":"Linear","EasingDirection":"In"},"Left Arm":{"Weight":1,"CFrame":[-0.2794022858142853,0.1344693899154663,0.2262340784072876,0.5580130219459534,0.8291738629341126,0.03304659202694893,-0.3824886679649353,0.2923377454280853,-0.8764936327934265,-0.7364264130592346,0.4764549434185028,0.4802778661251068],"EasingStyle":"Linear","EasingDirection":"In"},"handle":{"Weight":1,"CFrame":[-0.1140802800655365,-0.17217552661895753,0.12964381277561189,-0.42125213146209719,-0.8493542671203613,0.31803128123283389,0.8820756673812866,-0.4652386009693146,-0.0741315558552742,0.21092450618743897,0.2492997646331787,0.9451775550842285],"EasingStyle":"Linear","EasingDirection":"In"},"Torso":{"Weight":1,"CFrame":[-0.04946492612361908,-0.04344499856233597,-0.3538682460784912,0.9947589039802551,-0.08143502473831177,-0.06183125451207161,0.07811722904443741,0.9954639673233032,-0.05430625379085541,0.06597322225570679,0.049191541969776157,0.9966081380844116],"EasingStyle":"Linear","EasingDirection":"In"},"HumanoidRootPart":{"Weight":0,"CFrame":[0,0,0,1,0,0,0,1,0,0,0,1],"EasingStyle":"Linear","EasingDirection":"In"},"Right Leg":{"Weight":1,"CFrame":[0.2878049612045288,0.21881669759750367,0.25230872631073,0.7598814368247986,0.5722182989120483,-0.30845823884010317,-0.4915910065174103,0.8163037896156311,0.303292453289032,0.42534515261650088,-0.0788310244679451,0.9015914797782898],"EasingStyle":"Linear","EasingDirection":"In"}}},{"Time":0.03333333507180214,"poses":{"Left Leg":{"Weight":1,"CFrame":[-0.8659994602203369,0.379067063331604,0.19964706897735597,0.975595235824585,-0.10540998727083206,0.19262053072452546,0.10168236494064331,0.9943892955780029,0.029164744541049005,-0.19461408257484437,-0.008866850286722184,0.9808398485183716],"EasingStyle":"Linear","EasingDirection":"In"},"Head":{"Weight":1,"CFrame":[7.543712854385376e-8,-4.0978193283081057e-8,-3.5762786865234377e-7,0.9901726245880127,0.09163573384284973,0.10564621537923813,-0.06976064294576645,0.9783627986907959,-0.19478127360343934,-0.12120924890041352,0.18549712002277375,0.9751405715942383],"EasingStyle":"Linear","EasingDirection":"In"},"Right Arm":{"Weight":1,"CFrame":[0.5773764252662659,-0.5007152557373047,-0.3330789804458618,-0.32190781831741335,-0.6114358305931091,0.7228565812110901,0.7869657874107361,0.2516704201698303,0.5633354187011719,-0.5263650417327881,0.7502054572105408,0.4001644551753998],"EasingStyle":"Linear","EasingDirection":"In"},"Left Arm":{"Weight":1,"CFrame":[-0.2515718340873718,0.11612534523010254,0.23525750637054444,0.5001070499420166,0.8647499084472656,0.04583299160003662,-0.3805064558982849,0.26698413491249087,-0.885400652885437,-0.7778867483139038,0.4253551959991455,0.46256351470947268],"EasingStyle":"Linear","EasingDirection":"In"},"handle":{"Weight":1,"CFrame":[-0.11416125297546387,-0.17254400253295899,0.12902487814426423,-0.3992239832878113,-0.8602155447006226,0.3172531723976135,0.8942640423774719,-0.44166991114616396,-0.07224467396736145,0.2022671401500702,0.25486642122268679,0.9455850720405579],"EasingStyle":"Linear","EasingDirection":"In"},"Torso":{"Weight":1,"CFrame":[-0.02947942167520523,-0.07259029150009155,-0.3603801727294922,0.9957497119903565,-0.07833459228277207,-0.0484374463558197,0.07379286736249924,0.9932633638381958,-0.08934512734413147,0.05510995537042618,0.08539104461669922,0.9948222041130066],"EasingStyle":"Linear","EasingDirection":"In"},"HumanoidRootPart":{"Weight":0,"CFrame":[0,0,0,1,0,0,0,1,0,0,0,1],"EasingStyle":"Linear","EasingDirection":"In"},"Right Leg":{"Weight":1,"CFrame":[0.2762552499771118,0.23064500093460084,0.248490571975708,0.7843149900436401,0.5336896181106567,-0.31626781821250918,-0.4577677845954895,0.8419643640518189,0.2855602204799652,0.41868677735328677,-0.0791919007897377,0.9046712517738342],"EasingStyle":"Linear","EasingDirection":"In"}}},{"Time":0.06666667014360428,"poses":{"Left Leg":{"Weight":1,"CFrame":[-0.9747194647789002,0.4764891266822815,0.19908106327056886,0.9687557816505432,-0.1372414082288742,0.20658423006534577,0.12781989574432374,0.9900796413421631,0.05834737420082092,-0.21254251897335053,-0.030118759721517564,0.9766875505447388],"EasingStyle":"Linear","EasingDirection":"In"},"Head":{"Weight":1,"CFrame":[9.12696123123169e-8,-3.387685865163803e-8,0,0.986392617225647,0.12130947411060333,0.11096663028001785,-0.09995827823877335,0.9783833622932434,-0.1810368150472641,-0.13052937388420106,0.16748130321502686,0.9771960377693176],"EasingStyle":"Linear","EasingDirection":"In"},"Right Arm":{"Weight":1,"CFrame":[0.5343741774559021,-0.40383660793304446,-0.13302481174468995,-0.12283365428447724,-0.7337140440940857,0.6682632565498352,0.7891324162483215,0.3361223340034485,0.514093279838562,-0.6018155813217163,0.5904959440231323,0.5377103090286255],"EasingStyle":"Linear","EasingDirection":"In"},"Left Arm":{"Weight":1,"CFrame":[-0.18979525566101075,0.07577097415924072,0.25968384742736819,0.3618144690990448,0.9300856590270996,0.06348990648984909,-0.3774600923061371,0.20842736959457398,-0.9022649526596069,-0.8524166941642761,0.30248749256134035,0.42648211121559145],"EasingStyle":"Linear","EasingDirection":"In"},"handle":{"Weight":1,"CFrame":[-0.11473068594932556,-0.17346465587615968,0.12469072639942169,-0.35067033767700198,-0.8823477029800415,0.3138357400894165,0.9193371534347534,-0.3882002830505371,-0.06418476998806,0.17846432328224183,0.2660132646560669,0.9473053812980652],"EasingStyle":"Linear","EasingDirection":"In"},"Torso":{"Weight":1,"CFrame":[0.0002563074231147766,-0.11736047267913819,-0.39816856384277346,0.9969824552536011,-0.07418623566627503,-0.02285587228834629,0.07026777416467667,0.9875919222831726,-0.14044451713562013,0.03299132362008095,0.13841469585895539,0.9898247122764587],"EasingStyle":"Linear","EasingDirection":"In"},"HumanoidRootPart":{"Weight":0,"CFrame":[0,0,0,1,0,0,0,1,0,0,0,1],"EasingStyle":"Linear","EasingDirection":"In"},"Right Leg":{"Weight":1,"CFrame":[0.28035956621170046,0.24771976470947267,0.25363361835479739,0.8049451112747192,0.49321335554122927,-0.3298545479774475,-0.4273512363433838,0.8675670027732849,0.2543586790561676,0.411624014377594,-0.06378104537725449,0.909119188785553],"EasingStyle":"Linear","EasingDirection":"In"}}},{"Time":0.10000000149011612,"poses":{"Left Leg":{"Weight":1,"CFrame":[-1.1043288707733155,0.5606114864349365,0.19542980194091798,0.9540960788726807,-0.1973143070936203,0.22531677782535554,0.17738844454288484,0.9784480929374695,0.1057010143995285,-0.24131715297698975,-0.06088036671280861,0.9685347676277161],"EasingStyle":"Linear","EasingDirection":"In"},"Head":{"Weight":1,"CFrame":[8.509960025548935e-8,-2.1551386453211309e-8,1.1920928955078126e-7,0.9872026443481445,0.12113305181264878,0.10371948033571243,-0.09612692892551422,0.9709675312042236,-0.21904723346233369,-0.1272420883178711,0.20627380907535554,0.9701858758926392],"EasingStyle":"Linear","EasingDirection":"In"},"Right Arm":{"Weight":1,"CFrame":[0.4363324046134949,-0.2925472855567932,0.04947459697723389,0.21868883073329926,-0.8605527877807617,0.4600260555744171,0.7668433785438538,0.44309908151626589,0.4643431007862091,-0.603428840637207,0.25122126936912539,0.7568100690841675],"EasingStyle":"Linear","EasingDirection":"In"},"Left Arm":{"Weight":1,"CFrame":[-0.12664496898651124,0.0354154109954834,0.2955470085144043,0.2048359513282776,0.9760571122169495,0.07317600399255753,-0.3766539990901947,0.14760741591453553,-0.914518415927887,-0.9034234881401062,0.1597641110420227,0.3978710472583771],"EasingStyle":"Linear","EasingDirection":"In"},"handle":{"Weight":1,"CFrame":[-0.11627531051635742,-0.17466139793395997,0.11292608082294464,-0.30297333002090456,-0.9023964405059815,0.3064112961292267,0.9421488046646118,-0.33199891448020937,-0.04617609083652496,0.14339739084243775,0.2746950685977936,0.9507785439491272],"EasingStyle":"Linear","EasingDirection":"In"},"Torso":{"Weight":1,"CFrame":[0.002970172557979822,-0.15517467260360719,-0.44048213958740237,0.9972965717315674,-0.07343846559524536,-0.002523571252822876,0.07181237637996674,0.9813429713249207,-0.17835071682929994,0.015574293211102486,0.17768733203411103,0.9839637279510498],"EasingStyle":"Linear","EasingDirection":"In"},"HumanoidRootPart":{"Weight":0,"CFrame":[0,0,0,1,0,0,0,1,0,0,0,1],"EasingStyle":"Linear","EasingDirection":"In"},"Right Leg":{"Weight":1,"CFrame":[0.28897053003311159,0.2563517093658447,0.26426875591278078,0.8127115368843079,0.47189459204673769,-0.34178265929222109,-0.41948503255844118,0.8809792399406433,0.21887871623039246,0.40439116954803469,-0.03451261669397354,0.9139347672462463],"EasingStyle":"Linear","EasingDirection":"In"}}},{"Time":0.13333334028720857,"poses":{"Left Leg":{"Weight":1,"CFrame":[-1.1913419961929322,0.5882216095924377,0.19425463676452638,0.9381042122840881,-0.2455531656742096,0.24426236748695374,0.21390658617019654,0.9654231071472168,0.14900389313697816,-0.2724049389362335,-0.08753184229135513,0.9581929445266724],"EasingStyle":"Linear","EasingDirection":"In"},"Head":{"Weight":1,"CFrame":[8.754432201385498e-8,1.2066448107361794e-7,5.960464477539063e-7,0.991045355796814,0.10348573327064514,0.08437862992286682,-0.07329794764518738,0.9498398303985596,-0.3040258288383484,-0.11160852760076523,0.2951185703277588,0.9489196538925171],"EasingStyle":"Linear","EasingDirection":"In"},"Right Arm":{"Weight":1,"CFrame":[0.297873318195343,-0.20508414506912232,0.17682385444641114,0.5429092645645142,-0.8334721922874451,0.10282833874225617,0.7110593318939209,0.5213750004768372,0.4717653691768646,-0.446815550327301,-0.18300877511501313,0.8757075667381287],"EasingStyle":"Linear","EasingDirection":"In"},"Left Arm":{"Weight":1,"CFrame":[-0.09469299763441086,0.017072558403015138,0.33888065814971926,0.09826956689357758,0.9882800579071045,0.11681444197893143,-0.3709796369075775,0.14530150592327119,-0.9172030687332153,-0.9234268665313721,0.046797264367341998,0.38091057538986208],"EasingStyle":"Linear","EasingDirection":"In"},"handle":{"Weight":1,"CFrame":[-0.11928308010101319,-0.1758580207824707,0.09001711010932923,-0.28539732098579409,-0.9125299453735352,0.2929803729057312,0.952968418598175,-0.30271944403648379,-0.014560923911631108,0.1019781157374382,0.2750454545021057,0.9560075998306274],"EasingStyle":"Linear","EasingDirection":"In"},"Torso":{"Weight":1,"CFrame":[-0.015774579718708993,-0.18423238396644593,-0.4528536796569824,0.9972073435783386,-0.07446989417076111,0.005636787973344326,0.07409270852804184,0.9770342707633972,-0.1997854858636856,0.009370670653879643,0.19964520633220673,0.9798234701156616],"EasingStyle":"Linear","EasingDirection":"In"},"HumanoidRootPart":{"Weight":0,"CFrame":[0,0,0,1,0,0,0,1,0,0,0,1],"EasingStyle":"Linear","EasingDirection":"In"},"Right Leg":{"Weight":1,"CFrame":[0.2695879340171814,0.2538067698478699,0.26547229290008547,0.8224002718925476,0.4491972327232361,-0.34911274909973147,-0.4075949788093567,0.8933327198028565,0.18926933407783509,0.396893173456192,-0.013358544558286667,0.9177676439285278],"EasingStyle":"Linear","EasingDirection":"In"}}},{"Time":0.1666666716337204,"poses":{"Left Leg":{"Weight":1,"CFrame":[-1.125837802886963,0.5192692875862122,0.17644119262695313,0.9408925175666809,-0.2334899604320526,0.24536430835723878,0.19733043015003205,0.9666605591773987,0.1631808578968048,-0.27528518438339236,-0.10511788725852967,0.9555984139442444],"EasingStyle":"Linear","EasingDirection":"In"},"Head":{"Weight":1,"CFrame":[9.685754776000977e-8,-4.6566128730773929e-8,0,0.9961995482444763,0.06739863753318787,0.05517159774899483,-0.04050181433558464,0.9192301034927368,-0.39163196086883547,-0.07711084932088852,0.38790902495384219,0.9184663891792297],"EasingStyle":"Linear","EasingDirection":"In"},"Right Arm":{"Weight":1,"CFrame":[0.14463189244270326,-0.14978983998298646,0.23900294303894044,0.6932703256607056,-0.6901811361312866,-0.20742762088775636,0.6727770566940308,0.5166232585906982,0.5295954346656799,-0.25835487246513369,-0.5067054629325867,0.8224976658821106],"EasingStyle":"Linear","EasingDirection":"In"},"Left Arm":{"Weight":1,"CFrame":[-0.09188871085643769,0.04768931865692139,0.38275444507598879,0.047923795878887179,0.9800512790679932,0.19288001954555512,-0.3642493188381195,0.19695189595222474,-0.9102375507354736,-0.9300675988197327,-0.02663447894155979,0.3664216697216034],"EasingStyle":"Linear","EasingDirection":"In"},"handle":{"Weight":1,"CFrame":[-0.12424200773239136,-0.1767791509628296,0.05224759131669998,-0.3150361180305481,-0.9088155627250671,0.2735082507133484,0.9471133351325989,-0.3195866644382477,0.02899106591939926,0.06106208637356758,0.2681765854358673,0.9614326357841492],"EasingStyle":"Linear","EasingDirection":"In"},"Torso":{"Weight":1,"CFrame":[-0.046671584248542789,-0.18135753273963929,-0.41230320930480959,0.9968606233596802,-0.07851932942867279,-0.010180922225117684,0.07554128021001816,0.9817105531692505,-0.1747511327266693,0.02371605858206749,0.17343343794345857,0.9845600128173828],"EasingStyle":"Linear","EasingDirection":"In"},"HumanoidRootPart":{"Weight":0,"CFrame":[0,0,0,1,0,0,0,1,0,0,0,1],"EasingStyle":"Linear","EasingDirection":"In"},"Right Leg":{"Weight":1,"CFrame":[0.20783895254135133,0.2402280569076538,0.24947655200958253,0.824181079864502,0.4446426033973694,-0.35073983669281008,-0.3989826738834381,0.8954148292541504,0.19759823381900788,0.40191829204559328,-0.022917622700333597,0.9153887033462524],"EasingStyle":"Linear","EasingDirection":"In"}}},{"Time":0.20000000298023225,"poses":{"Left Leg":{"Weight":1,"CFrame":[-0.6712421178817749,0.4597330093383789,0.07221579551696778,0.9710078239440918,-0.003646430093795061,0.2390197366476059,-0.03295924887061119,0.9882919192314148,0.14897263050079347,-0.2367645502090454,-0.1525314301252365,0.9595190286636353],"EasingStyle":"Linear","EasingDirection":"In"},"Head":{"Weight":1,"CFrame":[1.0244548320770264e-7,1.862645149230957e-8,-2.980232238769531e-7,0.9997670650482178,0.014241531491279602,0.01621747761964798,-0.0055752587504684929,0.8963067531585693,-0.44339948892593386,-0.020850514993071557,0.4432058334350586,0.8961774110794067],"EasingStyle":"Linear","EasingDirection":"In"},"Right Arm":{"Weight":1,"CFrame":[0.011667788028717041,-0.1630662977695465,0.2541372776031494,0.7231050729751587,-0.59329754114151,-0.35371872782707217,0.6721698045730591,0.4864656627178192,0.5581567287445068,-0.1590810865163803,-0.6413650512695313,0.7505625486373901],"EasingStyle":"Linear","EasingDirection":"In"},"Left Arm":{"Weight":1,"CFrame":[-0.0910295769572258,0.10629945993423462,0.4083811044692993,0.03161339461803436,0.9717699289321899,0.23380286991596223,-0.35793718695640566,0.22941282391548158,-0.9051247835159302,-0.9332103729248047,-0.055072732269763949,0.35508501529693606],"EasingStyle":"Linear","EasingDirection":"In"},"handle":{"Weight":1,"CFrame":[-0.1316395401954651,-0.17714715003967286,-0.004097035154700279,-0.36268940567970278,-0.8925471305847168,0.2679852247238159,0.9311387538909912,-0.35877975821495058,0.06525072455406189,0.03790837153792381,0.2731972336769104,0.9612108469009399],"EasingStyle":"Linear","EasingDirection":"In"},"Torso":{"Weight":1,"CFrame":[-0.08323222398757935,-0.1757492572069168,-0.35658884048461916,0.995676577091217,-0.0819719061255455,-0.04368988797068596,0.07520949840545654,0.9874718189239502,-0.13871879875659944,0.05451357737183571,0.1348331719636917,0.9893676042556763],"EasingStyle":"Linear","EasingDirection":"In"},"HumanoidRootPart":{"Weight":0,"CFrame":[0,0,0,1,0,0,0,1,0,0,0,1],"EasingStyle":"Linear","EasingDirection":"In"},"Right Leg":{"Weight":1,"CFrame":[0.12599757313728333,0.24037545919418336,0.22375118732452393,0.8244208693504334,0.4434228539466858,-0.3517192304134369,-0.3818758428096771,0.8944708108901978,0.23257850110530854,0.41773322224617007,-0.057429540902376178,0.90675288438797],"EasingStyle":"Linear","EasingDirection":"In"}}},{"Time":0.23333333432674409,"poses":{"Left Leg":{"Weight":1,"CFrame":[-0.6648713946342468,0.4871596693992615,0.08084452152252197,0.9693365097045898,0.02975492551922798,0.24392899870872498,-0.05870595574378967,0.9919398427009583,0.11228954046964646,-0.2386218011379242,-0.12316648662090302,0.9632703065872192],"EasingStyle":"Linear","EasingDirection":"In"},"Head":{"Weight":1,"CFrame":[1.210719347000122e-7,-7.450580596923828e-9,1.1920928955078126e-7,0.9985471367835999,-0.04452010616660118,-0.030358009040355684,0.026376066729426385,0.895097017288208,-0.4450906217098236,0.046988848596811298,0.4436432421207428,0.8949707746505737],"EasingStyle":"Linear","EasingDirection":"In"},"Right Arm":{"Weight":1,"CFrame":[-0.07025802135467529,-0.27848899364471438,0.25021517276763918,0.6660681366920471,-0.6637780070304871,-0.3402232527732849,0.7192947268486023,0.4508902132511139,0.5285007357597351,-0.1974038928747177,-0.5967384576797485,0.777775764465332],"EasingStyle":"Linear","EasingDirection":"In"},"Left Arm":{"Weight":1,"CFrame":[-0.08812112361192703,0.15200752019882203,0.41377854347229006,0.08585380762815476,0.9735099673271179,0.21191388368606568,-0.3614216148853302,0.22864240407943726,-0.9039342403411865,-0.9284414649009705,0.0010158623335883022,0.371477335691452],"EasingStyle":"Linear","EasingDirection":"In"},"handle":{"Weight":1,"CFrame":[-0.1789572834968567,-0.17695248126983643,-0.13940155506134034,-0.40596702694892886,-0.8696011304855347,0.2810422480106354,0.9132658243179321,-0.3973739445209503,0.08966191112995148,0.033708810806274417,0.29306620359420779,0.9554977416992188],"EasingStyle":"Linear","EasingDirection":"In"},"Torso":{"Weight":1,"CFrame":[-0.11193858832120896,-0.1977601796388626,-0.3356900215148926,0.9937658309936523,-0.08305981010198593,-0.07436760514974594,0.0728902667760849,0.9887871742248535,-0.13033387064933778,0.08435924351215363,0.1241006851196289,0.9886771440505981],"EasingStyle":"Linear","EasingDirection":"In"},"HumanoidRootPart":{"Weight":0,"CFrame":[0,0,0,1,0,0,0,1,0,0,0,1],"EasingStyle":"Linear","EasingDirection":"In"},"Right Leg":{"Weight":1,"CFrame":[0.07767301052808762,0.25738489627838137,0.20881664752960206,0.8226268887519836,0.44227296113967898,-0.35732296109199526,-0.3646898865699768,0.8925693035125732,0.26518163084983828,0.43621814250946047,-0.08783352375030518,0.8955439925193787],"EasingStyle":"Linear","EasingDirection":"In"}}},{"Time":0.2666666805744171,"poses":{"Left Leg":{"Weight":1,"CFrame":[-0.6528500318527222,0.4724493622779846,0.0973060131072998,0.9564617872238159,0.1326853632926941,0.2599526345729828,-0.15507297217845918,0.9855941534042358,0.06750256568193436,-0.2472512274980545,-0.10487518459558487,0.9632590413093567],"EasingStyle":"Linear","EasingDirection":"In"},"Head":{"Weight":1,"CFrame":[1.0617077350616455e-7,-3.91155481338501e-8,3.5762786865234377e-7,0.9958683252334595,-0.07189721614122391,-0.05547171086072922,0.04235269874334335,0.9080880284309387,-0.41663220524787905,0.08032786846160889,0.4125613868236542,0.9073811173439026],"EasingStyle":"Linear","EasingDirection":"In"},"Right Arm":{"Weight":1,"CFrame":[-0.09700720757246018,-0.3889310657978058,0.2306687831878662,0.5027305483818054,-0.8452159762382507,-0.18130594491958619,0.7888407707214356,0.3627798855304718,0.49610570073127749,-0.35354241728782656,-0.3924292027950287,0.8491214513778687],"EasingStyle":"Linear","EasingDirection":"In"},"Left Arm":{"Weight":1,"CFrame":[-0.08380866050720215,0.17978239059448243,0.41454970836639407,0.1379331350326538,0.9740949273109436,0.17920254170894624,-0.3678118884563446,0.21837091445922852,-0.9038962721824646,-0.9196134209632874,0.05876434966921806,0.38840436935424807],"EasingStyle":"Linear","EasingDirection":"In"},"handle":{"Weight":1,"CFrame":[-0.22188514471054078,-0.17559051513671876,-0.2412710338830948,-0.47321999073028567,-0.832571804523468,0.28790128231048586,0.880088210105896,-0.46120500564575198,0.11284735798835755,0.038828033953905109,0.30678030848503115,0.9509880542755127],"EasingStyle":"Linear","EasingDirection":"In"},"Torso":{"Weight":1,"CFrame":[-0.12443111836910248,-0.22517099976539613,-0.3331584930419922,0.9928542971611023,-0.08064517378807068,-0.08795832842588425,0.06887897849082947,0.9891901612281799,-0.12945464253425599,0.09744741022586823,0.12247113138437271,0.9876765012741089],"EasingStyle":"Linear","EasingDirection":"In"},"HumanoidRootPart":{"Weight":0,"CFrame":[0,0,0,1,0,0,0,1,0,0,0,1],"EasingStyle":"Linear","EasingDirection":"In"},"Right Leg":{"Weight":1,"CFrame":[0.04667545109987259,0.2677440643310547,0.19935226440429688,0.8215882778167725,0.44143563508987429,-0.3607315719127655,-0.35534346103668215,0.891355037689209,0.2814554274082184,0.44578444957733157,-0.10305693745613098,0.8891881704330444],"EasingStyle":"Linear","EasingDirection":"In"}}},{"Time":0.30000001192092898,"poses":{"Left Leg":{"Weight":1,"CFrame":[-0.6495358347892761,0.41758179664611819,0.11742007732391358,0.9305947422981262,0.23219697177410127,0.28298047184944155,-0.2534397542476654,0.966507613658905,0.04038998857140541,-0.26412439346313479,-0.10930517315864563,0.9582748413085938],"EasingStyle":"Linear","EasingDirection":"In"},"Head":{"Weight":1,"CFrame":[1.0617077350616455e-7,6.239861249923706e-8,0,0.9963719844818115,-0.06247401982545853,-0.05779166892170906,0.036406174302101138,0.9266781210899353,-0.3740886449813843,0.07692510634660721,0.3706274628639221,0.9255905151367188],"EasingStyle":"Linear","EasingDirection":"In"},"Right Arm":{"Weight":1,"CFrame":[-0.06115046888589859,-0.3932352066040039,0.18603312969207765,0.24408859014511109,-0.9661769866943359,0.0832032784819603,0.813254714012146,0.25067874789237978,0.5251447558403015,-0.5282400846481323,-0.06051646173000336,0.8469357490539551],"EasingStyle":"Linear","EasingDirection":"In"},"Left Arm":{"Weight":1,"CFrame":[-0.0798971876502037,0.19356060028076173,0.41532087326049807,0.140308678150177,0.9751191735267639,0.1716277152299881,-0.3662942051887512,0.21216583251953126,-0.9059879779815674,-0.919859766960144,0.06425163894891739,0.38694921135902407],"EasingStyle":"Linear","EasingDirection":"In"},"handle":{"Weight":1,"CFrame":[-0.2201715111732483,-0.10881412029266358,-0.21458066999912263,-0.5756309032440186,-0.7683351039886475,0.27983999252319338,0.8159109354019165,-0.5623697638511658,0.1342732310295105,0.05420675501227379,0.30561646819114687,0.9506104588508606],"EasingStyle":"Linear","EasingDirection":"In"},"Torso":{"Weight":1,"CFrame":[-0.11975663155317307,-0.23580916225910188,-0.3497440814971924,0.9941792488098145,-0.07240275293588638,-0.07978354394435883,0.06278188526630402,0.9911314249038696,-0.11711939424276352,0.08755574375391007,0.11142871528863907,0.9899079203605652],"EasingStyle":"Linear","EasingDirection":"In"},"HumanoidRootPart":{"Weight":0,"CFrame":[0,0,0,1,0,0,0,1,0,0,0,1],"EasingStyle":"Linear","EasingDirection":"In"},"Right Leg":{"Weight":1,"CFrame":[0.05169368535280228,0.26261842250823977,0.20247232913970948,0.812251627445221,0.4628250300884247,-0.3550216853618622,-0.3797242045402527,0.8815569877624512,0.28047579526901247,0.44278308749198916,-0.09300664812326431,0.8917919993400574],"EasingStyle":"Linear","EasingDirection":"In"}}},{"Time":0.3333333432674408,"poses":{"Left Leg":{"Weight":1,"CFrame":[-0.6470041275024414,0.3651880621910095,0.14761734008789063,0.9103657007217407,0.27966219186782839,0.3049973249435425,-0.30327126383781435,0.9523683190345764,0.03195561468601227,-0.28153303265571597,-0.12158820033073425,0.9518169164657593],"EasingStyle":"Linear","EasingDirection":"In"},"Head":{"Weight":1,"CFrame":[8.195638656616211e-8,-1.30385160446167e-8,1.1920928955078126e-7,0.9976505041122437,-0.040181905031204227,-0.05548814684152603,0.020283836871385576,0.9468675851821899,-0.32098332047462466,0.06543765217065811,0.3191036581993103,0.9454579949378967],"EasingStyle":"Linear","EasingDirection":"In"},"Right Arm":{"Weight":1,"CFrame":[0.04648414999246597,-0.32769614458084109,0.1156618595123291,-0.006246976088732481,-0.9445967078208923,0.32817381620407107,0.8043931126594544,0.1902172565460205,0.5628224611282349,-0.5940645337104797,0.2674965560436249,0.7586387991905212],"EasingStyle":"Linear","EasingDirection":"In"},"Left Arm":{"Weight":1,"CFrame":[-0.0781923308968544,0.1972789168357849,0.4207181930541992,0.12865422666072846,0.9782741665840149,0.1625661998987198,-0.36851006746292117,0.19935116171836854,-0.9079974889755249,-0.9206782579421997,0.05691034719347954,0.3861512541770935],"EasingStyle":"Linear","EasingDirection":"In"},"handle":{"Weight":1,"CFrame":[-0.20817720890045167,-0.01767444610595703,-0.12698468565940858,-0.6460587382316589,-0.7158065438270569,0.2650079131126404,0.7614750266075134,-0.6283442974090576,0.15918247401714326,0.05257235839962959,0.30463823676109316,0.9510161876678467],"EasingStyle":"Linear","EasingDirection":"In"},"Torso":{"Weight":1,"CFrame":[-0.11278018355369568,-0.23602594435214997,-0.3868746757507324,0.9959219098091126,-0.061083320528268817,-0.06639556586742401,0.053716398775577548,0.9927443265914917,-0.10757912695407868,0.07248511165380478,0.10357387363910675,0.9919769763946533],"EasingStyle":"Linear","EasingDirection":"In"},"HumanoidRootPart":{"Weight":0,"CFrame":[0,0,0,1,0,0,0,1,0,0,0,1],"EasingStyle":"Linear","EasingDirection":"In"},"Right Leg":{"Weight":1,"CFrame":[0.10822957009077072,0.2546045780181885,0.22204303741455079,0.7929328680038452,0.5023574233055115,-0.3448109030723572,-0.4270308315753937,0.8618447780609131,0.2736203670501709,0.4346286952495575,-0.06971774250268936,0.8979071974754334],"EasingStyle":"Linear","EasingDirection":"In"}}},{"Time":0.36666667461395266,"poses":{"Left Leg":{"Weight":1,"CFrame":[-0.893190860748291,0.4521600008010864,0.27186155319213869,0.9391518831253052,0.11882027983665467,0.3222970962524414,-0.13514691591262818,0.9904105067253113,0.028677307069301606,-0.3157990872859955,-0.07048975676298142,0.9462040662765503],"EasingStyle":"Linear","EasingDirection":"In"},"Head":{"Weight":1,"CFrame":[6.705522537231445e-8,-2.7008354663848878e-8,-2.384185791015625e-7,0.9998260140419006,-0.008696107193827629,-0.01650235801935196,0.004085494205355644,0.9652911424636841,-0.26114422082901,0.01820051483809948,0.2610313296318054,0.9651587009429932],"EasingStyle":"Linear","EasingDirection":"In"},"Right Arm":{"Weight":1,"CFrame":[0.2021525800228119,-0.24853411316871644,0.031777143478393558,-0.12435600906610489,-0.8559216260910034,0.5019301176071167,0.8226643800735474,0.1938856542110443,0.5344452261924744,-0.5547602772712708,0.47938135266304018,0.6800253391265869],"EasingStyle":"Linear","EasingDirection":"In"},"Left Arm":{"Weight":1,"CFrame":[-0.07886522263288498,0.19616305828094483,0.4354267120361328,-0.005048132035881281,0.9809849262237549,0.19401833415031434,-0.3593335747718811,0.17928217351436616,-0.9158260226249695,-0.9331955313682556,-0.0743405818939209,0.35159578919410708],"EasingStyle":"Linear","EasingDirection":"In"},"handle":{"Weight":1,"CFrame":[-0.14841416478157044,-0.0006535053253173828,0.05283461511135101,-0.6757881045341492,-0.7105382680892944,0.1960766315460205,0.7333201766014099,-0.621211588382721,0.276292085647583,-0.07451101392507553,0.3305020034313202,0.9408594965934753],"EasingStyle":"Linear","EasingDirection":"In"},"Torso":{"Weight":1,"CFrame":[-0.11519516259431839,-0.2313045710325241,-0.4245619773864746,0.9969170689582825,-0.049233004450798038,-0.06109393760561943,0.042852625250816348,0.9938940405845642,-0.10167742520570755,0.06572678685188294,0.0987459272146225,0.9929397106170654],"EasingStyle":"Linear","EasingDirection":"In"},"HumanoidRootPart":{"Weight":0,"CFrame":[0,0,0,1,0,0,0,1,0,0,0,1],"EasingStyle":"Linear","EasingDirection":"In"},"Right Leg":{"Weight":1,"CFrame":[0.18490344285964967,0.24810975790023805,0.24431252479553224,0.7695965766906738,0.5451228022575378,-0.3325088918209076,-0.47513347864151,0.8367764353752136,0.2721274793148041,0.426578551530838,-0.051442358642816547,0.9029864072799683],"EasingStyle":"Linear","EasingDirection":"In"}}},{"Time":0.4000000059604645,"poses":{"Left Leg":{"Weight":1,"CFrame":[-0.9373326897621155,0.4744044542312622,0.31466150283813479,0.938319742679596,0.06667746603488922,0.33927875757217409,-0.08279725164175034,0.9960117936134338,0.03324330598115921,-0.3357091546058655,-0.05928419157862663,0.9400982856750488],"EasingStyle":"Linear","EasingDirection":"In"},"Head":{"Weight":1,"CFrame":[6.51925802230835e-8,-5.75091689825058e-8,-1.1920928955078126e-7,0.9987020492553711,0.020311502739787103,0.04670761153101921,-0.010230157524347306,0.9783490896224976,-0.20670855045318604,-0.049894917756319049,0.2059624046087265,0.9772870540618897],"EasingStyle":"Linear","EasingDirection":"In"},"Right Arm":{"Weight":1,"CFrame":[0.2867498993873596,-0.1839028298854828,-0.010747849941253662,-0.09286960959434509,-0.7823408842086792,0.6158879995346069,0.862211287021637,0.24616797268390656,0.4427110254764557,-0.4979628026485443,0.5721399188041687,0.6516816020011902],"EasingStyle":"Linear","EasingDirection":"In"},"Left Arm":{"Weight":1,"CFrame":[-0.07953808456659317,0.19504809379577638,0.4484074115753174,-0.24148519337177277,0.9387855529785156,0.24569611251354218,-0.3352600336074829,0.1568879634141922,-0.9289708137512207,-0.9106512069702148,-0.30670487880706789,0.27685123682022097],"EasingStyle":"Linear","EasingDirection":"In"},"handle":{"Weight":1,"CFrame":[-0.051183104515075687,0.024425745010375978,0.3705577254295349,-0.6771355271339417,-0.7297663688659668,0.09449209272861481,0.6761717796325684,-0.5664003491401672,0.471149742603302,-0.29030880331993105,0.3829251229763031,0.876977264881134],"EasingStyle":"Linear","EasingDirection":"In"},"Torso":{"Weight":1,"CFrame":[-0.12461080402135849,-0.21735496819019319,-0.45561790466308596,0.9973720908164978,-0.03914780542254448,-0.060962021350860599,0.03393974155187607,0.9958673119544983,-0.08424040675163269,0.06400791555643082,0.08195000141859055,0.9945788979530335],"EasingStyle":"Linear","EasingDirection":"In"},"HumanoidRootPart":{"Weight":0,"CFrame":[0,0,0,1,0,0,0,1,0,0,0,1],"EasingStyle":"Linear","EasingDirection":"In"},"Right Leg":{"Weight":1,"CFrame":[0.25304391980171206,0.23874545097351075,0.2612572908401489,0.7399553060531616,0.59307861328125,-0.3173701763153076,-0.5258238315582275,0.804245114326477,0.2769460082054138,0.41949424147605898,-0.03804687038064003,0.9069603681564331],"EasingStyle":"Linear","EasingDirection":"In"}}},{"Time":0.4333333373069763,"poses":{"Left Leg":{"Weight":1,"CFrame":[-0.9303876161575317,0.4759913682937622,0.3114587068557739,0.9350806474685669,0.039723433554172519,0.35220178961753847,-0.06233304738998413,0.9966427087783814,0.05308420583605766,-0.3489108085632324,-0.07159179449081421,0.9344174265861511],"EasingStyle":"Linear","EasingDirection":"In"},"Head":{"Weight":1,"CFrame":[7.636845111846924e-8,5.587935447692871e-9,1.1920928955078126e-7,0.9954882264137268,0.036778151988983157,0.08746752887964249,-0.02247924543917179,0.98699551820755,-0.15916812419891358,-0.09218397736549378,0.15648379921913148,0.9833691716194153],"EasingStyle":"Linear","EasingDirection":"In"},"Right Arm":{"Weight":1,"CFrame":[0.28774458169937136,-0.17312091588974,-0.00574880838394165,0.069300577044487,-0.7393380403518677,0.6697587370872498,0.8842194080352783,0.35637879371643069,0.3019109070301056,-0.461901992559433,0.5712909698486328,0.6784343123435974],"EasingStyle":"Linear","EasingDirection":"In"},"Left Arm":{"Weight":1,"CFrame":[-0.07938171923160553,0.21099913120269776,0.45248663425445559,-0.4210100471973419,0.8707870841026306,0.2539295256137848,-0.312358021736145,0.12364249676465988,-0.9418837428092957,-0.8515767455101013,-0.475859671831131,0.21994265913963319],"EasingStyle":"Linear","EasingDirection":"In"},"handle":{"Weight":1,"CFrame":[-0.06641599535942078,0.11835193634033203,0.6200816035270691,-0.6363159418106079,-0.7701805830001831,0.04386352002620697,0.6208219528198242,-0.4775073528289795,0.6217448711395264,-0.45791053771972659,0.4228576719760895,0.7819905877113342],"EasingStyle":"Linear","EasingDirection":"In"},"Torso":{"Weight":1,"CFrame":[-0.1370682567358017,-0.19478094577789308,-0.47888851165771487,0.9975664019584656,-0.03290383517742157,-0.061470337212085727,0.0294658113270998,0.997994601726532,-0.056022871285676959,0.06319043040275574,0.05407525971531868,0.9965354204177856],"EasingStyle":"Linear","EasingDirection":"In"},"HumanoidRootPart":{"Weight":0,"CFrame":[0,0,0,1,0,0,0,1,0,0,0,1],"EasingStyle":"Linear","EasingDirection":"In"},"Right Leg":{"Weight":1,"CFrame":[0.30202817916870119,0.22415399551391602,0.27195942401885989,0.7070978879928589,0.6397828459739685,-0.3011482357978821,-0.5750270485877991,0.7681156396865845,0.28167784214019778,0.41152942180633547,-0.026005394756793977,0.9110254049301148],"EasingStyle":"Linear","EasingDirection":"In"}}},{"Time":0.46666666865348818,"poses":{"Left Leg":{"Weight":1,"CFrame":[-0.9079602360725403,0.47282326221466067,0.2957111597061157,0.9328554272651672,0.026382092386484147,0.3592836260795593,-0.05744025111198425,0.9954485893249512,0.07604417204856873,-0.3556422293186188,-0.09157557785511017,0.9301249980926514],"EasingStyle":"Linear","EasingDirection":"In"},"Head":{"Weight":1,"CFrame":[9.057112038135529e-8,9.778887033462525e-9,1.1920928955078126e-7,0.9935794472694397,0.04127377271652222,0.10533905774354935,-0.03285524249076843,0.9962179064750671,-0.08043904602527619,-0.10826067626476288,0.07646163552999497,0.9911776781082153],"EasingStyle":"Linear","EasingDirection":"In"},"Right Arm":{"Weight":1,"CFrame":[0.2881110906600952,-0.2141198217868805,0.0067490339279174809,0.27042198181152346,-0.6952660083770752,0.6659407019615173,0.854775607585907,0.49166321754455569,0.16621069610118867,-0.44297918677330019,0.5242828130722046,0.7272530198097229],"EasingStyle":"Linear","EasingDirection":"In"},"Left Arm":{"Weight":1,"CFrame":[-0.07904234528541565,0.2406224012374878,0.45398950576782229,-0.5223149657249451,0.8185717463493347,0.23901350796222688,-0.2945983111858368,0.08981765806674957,-0.9513908624649048,-0.8002492785453796,-0.5673386454582214,0.19423681497573853],"EasingStyle":"Linear","EasingDirection":"In"},"handle":{"Weight":1,"CFrame":[-0.1056736409664154,0.27320313453674319,0.6869521737098694,-0.5773095488548279,-0.8164156079292297,-0.013403463177382946,0.5788262486457825,-0.42077115178108218,0.6985068321228027,-0.5759113430976868,0.3954961895942688,0.7154778242111206],"EasingStyle":"Linear","EasingDirection":"In"},"Torso":{"Weight":1,"CFrame":[-0.15046782791614533,-0.17270776629447938,-0.49607324600219729,0.9977248311042786,-0.029923146590590478,-0.06041340157389641,0.028245732188224794,0.9991965889930725,-0.028431391343474389,0.06121562048792839,0.026660285890102388,0.9977684617042542],"EasingStyle":"Linear","EasingDirection":"In"},"HumanoidRootPart":{"Weight":0,"CFrame":[0,0,0,1,0,0,0,1,0,0,0,1],"EasingStyle":"Linear","EasingDirection":"In"},"Right Leg":{"Weight":1,"CFrame":[0.33812215924263,0.2032867670059204,0.27914226055145266,0.6761054992675781,0.6789968013763428,-0.2860851287841797,-0.6183226704597473,0.7340261340141296,0.2808605432510376,0.4006974399089813,-0.012998527847230435,0.9161182641983032],"EasingStyle":"Linear","EasingDirection":"In"}}},{"Time":0.5,"poses":{"Left Leg":{"Weight":1,"CFrame":[-0.8946947455406189,0.48266905546188357,0.2792602777481079,0.9307688474655151,0.022034676745533944,0.3649435043334961,-0.06203572824597359,0.9932263493537903,0.09824938327074051,-0.36030665040016177,-0.11408703029155731,0.925831139087677],"EasingStyle":"Linear","EasingDirection":"In"},"Head":{"Weight":1,"CFrame":[1.1129304766654968e-7,-3.725290298461914e-9,1.1920928955078126e-7,0.9931723475456238,0.0347462072968483,0.11136172711849213,-0.04346372187137604,0.9960960745811462,0.0768342912197113,-0.10825727880001068,-0.08114989846944809,0.9908052682876587],"EasingStyle":"Linear","EasingDirection":"In"},"Right Arm":{"Weight":1,"CFrame":[0.2881634831428528,-0.2764391303062439,0.02299642562866211,0.415080189704895,-0.654175877571106,0.6322676539421082,0.7877146601676941,0.6061380505561829,0.11001047492027283,-0.4552076756954193,0.4523831605911255,0.766899824142456],"EasingStyle":"Linear","EasingDirection":"In"},"Left Arm":{"Weight":1,"CFrame":[-0.07871440798044205,0.25657331943511965,0.4542043209075928,-0.5551490187644959,0.7996201515197754,0.22894784808158875,-0.28733301162719729,0.07394291460514069,-0.9549723267555237,-0.7805442214012146,-0.5959362983703613,0.18870802223682404],"EasingStyle":"Linear","EasingDirection":"In"},"handle":{"Weight":1,"CFrame":[-0.15751248598098756,0.35987186431884768,0.6965052485466003,-0.5383354425430298,-0.8417066931724548,-0.04153307154774666,0.56658935546875,-0.3979792892932892,0.7215185165405273,-0.623836100101471,0.3648867607116699,0.6911483407020569],"EasingStyle":"Linear","EasingDirection":"In"},"Torso":{"Weight":1,"CFrame":[-0.1633484959602356,-0.16272848844528199,-0.5086104869842529,0.9979833960533142,-0.029153626412153245,-0.056384023278951648,0.02829556167125702,0.9994722008705139,-0.015957312658429147,0.056819476187229159,0.014329717494547367,0.9982815980911255],"EasingStyle":"Linear","EasingDirection":"In"},"HumanoidRootPart":{"Weight":0,"CFrame":[0,0,0,1,0,0,0,1,0,0,0,1],"EasingStyle":"Linear","EasingDirection":"In"},"Right Leg":{"Weight":1,"CFrame":[0.3626876771450043,0.18369561433792115,0.28235673904418948,0.6592966318130493,0.6999650597572327,-0.27454817295074465,-0.6463825702667236,0.7141769528388977,0.2685907781124115,0.384080171585083,0.00038211580249480903,0.9232996702194214],"EasingStyle":"Linear","EasingDirection":"In"}}},{"Time":0.5333333611488342,"poses":{"Left Leg":{"Weight":1,"CFrame":[-0.8954856395721436,0.5090409517288208,0.26503705978393557,0.9287333488464356,0.02225002832710743,0.3700800836086273,-0.07214087247848511,0.9899636507034302,0.12152210623025894,-0.3636619746685028,-0.1395595222711563,0.9210174083709717],"EasingStyle":"Linear","EasingDirection":"In"},"Head":{"Weight":1,"CFrame":[9.499490261077881e-8,-1.862645149230957e-8,-2.980232238769531e-7,0.9961612820625305,0.00598741602152586,0.08733216673135758,-0.030770257115364076,0.9579418897628784,0.28530779480934145,-0.08195087313652039,-0.28689974546432497,0.9544488191604614],"EasingStyle":"Linear","EasingDirection":"In"},"Right Arm":{"Weight":1,"CFrame":[0.2882158160209656,-0.33629071712493899,0.03924369812011719,0.4330695867538452,-0.6012675762176514,0.6715118288993836,0.6950908303260803,0.6970757246017456,0.17588122189044953,-0.5738462209701538,0.3905927836894989,0.7198178172111511],"EasingStyle":"Linear","EasingDirection":"In"},"Left Arm":{"Weight":1,"CFrame":[-0.07854554057121277,0.25040656328201296,0.4507216215133667,-0.4852340519428253,0.8465332388877869,0.21892774105072022,-0.2994385063648224,0.07436125725507736,-0.9512134194374085,-0.8215135335922241,-0.5271165370941162,0.2174021601676941],"EasingStyle":"Linear","EasingDirection":"In"},"handle":{"Weight":1,"CFrame":[-0.21120846271514893,0.32935237884521487,0.5927698016166687,-0.5423892736434937,-0.8401251435279846,0.0019417370203882456,0.6304810643196106,-0.4055120348930359,0.6618562340736389,-0.5552544593811035,0.3602079153060913,0.7496282458305359],"EasingStyle":"Linear","EasingDirection":"In"},"Torso":{"Weight":1,"CFrame":[-0.17292410135269166,-0.16345766186714173,-0.517763614654541,0.99845290184021,-0.030763622373342515,-0.04631861299276352,0.03001047670841217,0.9994072318077087,-0.016868777573108674,0.046810101717710498,0.01545263733714819,0.9987843036651611],"EasingStyle":"Linear","EasingDirection