{"Sequence":[{"Time":0,"poses":{"Left Leg":{"Weight":1,"CFrame":[-0.6504701972007752,0.38161855936050417,0.08816742897033692,0.9406859278678894,-0.2974247932434082,0.1632436066865921,0.2893173098564148,0.954526424407959,0.07193562388420105,-0.1772157996892929,-0.020439645275473596,0.9839597940444946],"EasingStyle":"Linear","EasingDirection":"In"},"Right Arm":{"Weight":1,"CFrame":[0.15913860499858857,-0.16680395603179933,0.2383972406387329,0.5097231864929199,-0.28823885321617129,0.8106175065040588,0.256011426448822,0.9503422975540161,0.17693990468978883,-0.8213649988174439,0.11733676493167877,0.5582038760185242],"EasingStyle":"Linear","EasingDirection":"In"},"Head":{"Weight":1,"CFrame":[7.939524948596955e-8,-1.730950316414237e-7,0,0.9990447163581848,0.01692354865372181,0.040289536118507388,-0.01879371888935566,0.9987414479255676,0.046501293778419498,-0.03945185989141464,-0.04721405357122421,0.9981054663658142],"EasingStyle":"Linear","EasingDirection":"In"},"Right Leg":{"Weight":1,"CFrame":[0.571815013885498,0.4461148977279663,0.14892911911010743,0.907770574092865,0.2953437566757202,-0.2978667914867401,-0.26923561096191409,0.9547738432884216,0.12617143988609315,0.3216593861579895,-0.03433839976787567,0.9462326765060425],"EasingStyle":"Linear","EasingDirection":"In"},"Torso":{"Weight":1,"CFrame":[-0.02086266130208969,1.0292152166366578,-0.4335763454437256,0.9995866417884827,-0.00039419627864845097,-0.02874736487865448,-0.003807765431702137,0.9892822504043579,-0.14596685767173768,0.028496794402599336,0.1460159868001938,0.988871693611145],"EasingStyle":"Linear","EasingDirection":"In"},"HumanoidRootPart":{"Weight":1,"CFrame":[0,0,0,1,0,0,0,1,0,0,0,1],"EasingStyle":"Linear","EasingDirection":"In"},"Left Arm":{"Weight":1,"CFrame":[-0.17434675991535188,-0.1347561776638031,0.2146366834640503,0.4696618318557739,0.13967663049697877,-0.8717272281646729,-0.1395457237958908,0.9867376089096069,0.08292140066623688,0.8717480897903442,0.08270081877708435,0.482924222946167],"EasingStyle":"Linear","EasingDirection":"In"}}},{"Time":0.0416666679084301,"poses":{"Left Leg":{"Weight":1,"CFrame":[-0.6481112241744995,0.3306989073753357,0.0672304630279541,0.9416862726211548,-0.310564786195755,0.1295241117477417,0.303462952375412,0.9501284956932068,0.07187532633543015,-0.14538656175136567,-0.02837819792330265,0.9889678359031677],"EasingStyle":"Linear","EasingDirection":"In"},"Right Arm":{"Weight":1,"CFrame":[0.16022512316703797,-0.1886376142501831,0.21970915794372559,0.48643723130226138,-0.3017338514328003,0.8199606537818909,0.26890119910240176,0.9446250796318054,0.18808434903621674,-0.8313067555427551,0.12899701297283173,0.5406374931335449],"EasingStyle":"Linear","EasingDirection":"In"},"Head":{"Weight":1,"CFrame":[9.499490261077881e-8,-1.3624230632558466e-7,5.960464477539063e-7,0.9991976022720337,-0.019012577831745149,0.03525371477007866,0.01648135483264923,0.9973579049110413,0.07075053453445435,-0.03650572523474693,-0.07011273503303528,0.9968708753585815],"EasingStyle":"Linear","EasingDirection":"In"},"Right Leg":{"Weight":1,"CFrame":[0.5498337745666504,0.535700261592865,0.1358093023300171,0.9254921078681946,0.21392680704593659,-0.31256937980651858,-0.18292658030986787,0.9750561714172363,0.1257115751504898,0.3316658139228821,-0.05916788801550865,0.9415397047996521],"EasingStyle":"Linear","EasingDirection":"In"},"Torso":{"Weight":1,"CFrame":[-0.04656799137592316,0.9822990894317627,-0.4069633483886719,0.9990475177764893,-0.001039366819895804,-0.04362273961305618,-0.005351662170141935,0.9892503619194031,-0.14613382518291474,0.04330569878220558,0.14622808992862702,0.9883025884628296],"EasingStyle":"Linear","EasingDirection":"In"},"HumanoidRootPart":{"Weight":1,"CFrame":[0,0,0,1,0,0,0,1,0,0,0,1],"EasingStyle":"Linear","EasingDirection":"In"},"Left Arm":{"Weight":1,"CFrame":[-0.17673848569393159,-0.1546238362789154,0.21768903732299806,0.4461641013622284,0.15520119667053224,-0.8813911080360413,-0.1680024266242981,0.9818643927574158,0.08784957230091095,0.8790408372879028,0.10888052731752396,0.46414682269096377],"EasingStyle":"Linear","EasingDirection":"In"}}},{"Time":0.0833333358168602,"poses":{"Left Leg":{"Weight":1,"CFrame":[-0.6023197174072266,0.23177319765090943,0.011204838752746582,0.9460176825523377,-0.3195142447948456,0.05441775545477867,0.3125464916229248,0.9437584280967712,0.10786490142345429,-0.08582162857055664,-0.08503403514623642,0.9926751255989075],"EasingStyle":"Linear","EasingDirection":"In"},"Right Arm":{"Weight":1,"CFrame":[0.16261540353298188,-0.23667290806770326,0.1785954236984253,0.43362951278686526,-0.3300216495990753,0.8384814262390137,0.29615318775177,0.9310221076011658,0.213286355137825,-0.8510340452194214,0.15583154559135438,0.5014556050300598],"EasingStyle":"Linear","EasingDirection":"In"},"Head":{"Weight":1,"CFrame":[1.2293457984924317e-7,-8.373172022402287e-8,0,0.9980048537254334,-0.05592853203415871,0.029298467561602594,0.05292636528611183,0.9940894246101379,0.09478981047868729,-0.034426745027303699,-0.0930500254034996,0.9950661659240723],"EasingStyle":"Linear","EasingDirection":"In"},"Right Leg":{"Weight":1,"CFrame":[0.4553302228450775,0.6210540533065796,0.12089264392852783,0.9420468211174011,0.004290691111236811,-0.3354540169239044,0.023707620799541475,0.9965669512748718,0.07932444661855698,0.33464282751083376,-0.08268021047115326,0.9387109279632568],"EasingStyle":"Linear","EasingDirection":"In"},"Torso":{"Weight":1,"CFrame":[-0.1256355494260788,0.8721256852149963,-0.32976794242858889,0.998275101184845,0.001004769466817379,-0.0587008111178875,-0.009592422284185887,0.9892088174819946,-0.14619815349578858,0.05792045593261719,0.146509051322937,0.9875122904777527],"EasingStyle":"Linear","EasingDirection":"In"},"HumanoidRootPart":{"Weight":1,"CFrame":[0,0,0,1,0,0,0,1,0,0,0,1],"EasingStyle":"Linear","EasingDirection":"In"},"Left Arm":{"Weight":1,"CFrame":[-0.18200019001960755,-0.19833368062973023,0.2244037389755249,0.39125072956085207,0.18922683596611024,-0.9006199240684509,-0.23383454978466035,0.9669554233551025,0.10158101469278336,0.8900811076164246,0.17085246741771699,0.42256981134414675],"EasingStyle":"Linear","EasingDirection":"In"}}},{"Time":0.125,"poses":{"Left Leg":{"Weight":1,"CFrame":[-0.5339044332504273,0.08131110668182373,-0.0338740348815918,0.8904644250869751,-0.45380884408950808,-0.033627305179834369,0.45124387741088869,0.8710546493530273,0.19401764869689942,-0.05875573307275772,-0.18793992698192597,0.9804214835166931],"EasingStyle":"Linear","EasingDirection":"In"},"Right Arm":{"Weight":1,"CFrame":[0.16500583291053773,-0.2847079634666443,0.137481689453125,0.3789079189300537,-0.35608288645744326,0.8541860580444336,0.32190757989883425,0.9160844683647156,0.23909157514572144,-0.8676429986953735,0.18437518179416657,0.4617374539375305],"EasingStyle":"Linear","EasingDirection":"In"},"Head":{"Weight":1,"CFrame":[1.3783574104309083e-7,-2.1653249859809877e-8,-4.76837158203125e-7,0.9976029396057129,-0.05724631994962692,0.03887739032506943,0.054128922522068027,0.9955617785453796,0.0769873559474945,-0.04311208799481392,-0.07469841092824936,0.9962738156318665],"EasingStyle":"Linear","EasingDirection":"In"},"Right Leg":{"Weight":1,"CFrame":[0.3736386001110077,0.5117563605308533,0.12915420532226563,0.9211278557777405,-0.17959332466125489,-0.3453544080257416,0.19191716611385346,0.981410026550293,0.001522044651210308,0.33866092562675478,-0.06768149882555008,0.9384711384773254],"EasingStyle":"Linear","EasingDirection":"In"},"Torso":{"Weight":1,"CFrame":[-0.2654988765716553,0.758448600769043,-0.21366167068481446,0.9982591867446899,0.010321662761271,-0.05806921049952507,-0.01736467145383358,0.9923630356788635,-0.1221233606338501,0.05636522173881531,0.12291911989450455,0.990814745426178],"EasingStyle":"Linear","EasingDirection":"In"},"HumanoidRootPart":{"Weight":1,"CFrame":[0,0,0,1,0,0,0,1,0,0,0,1],"EasingStyle":"Linear","EasingDirection":"In"},"Left Arm":{"Weight":1,"CFrame":[-0.18726195394992829,-0.24204343557357789,0.2311185598373413,0.33103156089782717,0.2246791422367096,-0.9164810180664063,-0.30750173330307009,0.943908154964447,0.12033376097679138,0.8921103477478027,0.2419852912425995,0.38155263662338259],"EasingStyle":"Linear","EasingDirection":"In"}}},{"Time":0.1666666716337204,"poses":{"Left Leg":{"Weight":1,"CFrame":[-0.3982061743736267,-0.08003723621368408,-0.02937561273574829,0.7307358384132385,-0.6732479333877564,-0.11297132819890976,0.6749403476715088,0.6876934766769409,0.26745662093162539,-0.10237503051757813,-0.27168890833854678,0.956924557685852],"EasingStyle":"Linear","EasingDirection":"In"},"Right Arm":{"Weight":1,"CFrame":[0.16609233617782594,-0.30654147267341616,0.11879372596740723,0.3534798324108124,-0.3664952218532562,0.8606587052345276,0.33374693989753725,0.9089153409004211,0.24997171759605409,-0.8738793730735779,0.198882058262825,0.44359979033470156],"EasingStyle":"Linear","EasingDirection":"In"},"Head":{"Weight":1,"CFrame":[1.564621925354004e-7,1.0710209608078003e-7,5.960464477539063e-7,0.9967492818832398,-0.05700276046991348,0.0569346584379673,0.05488912761211395,0.9977682828903198,0.03802330046892166,-0.05897502228617668,-0.03477460518479347,0.9976536631584168],"EasingStyle":"Linear","EasingDirection":"In"},"Right Leg":{"Weight":1,"CFrame":[0.3466264307498932,0.35161054134368899,0.10522007942199707,0.9116330146789551,-0.22101125121116639,-0.34652477502822878,0.23560433089733125,0.9718491435050964,-0.000013971705811854918,0.3367728888988495,-0.08163006603717804,0.9380409121513367],"EasingStyle":"Linear","EasingDirection":"In"},"Torso":{"Weight":1,"CFrame":[-0.4237653613090515,0.662295937538147,-0.1518857479095459,0.9981995224952698,0.024741752073168756,-0.0546407625079155,-0.028769606724381448,0.9968281388282776,-0.07420358806848526,0.05263151973485947,0.07564198225736618,0.995745062828064],"EasingStyle":"Linear","EasingDirection":"In"},"HumanoidRootPart":{"Weight":1,"CFrame":[0,0,0,1,0,0,0,1,0,0,0,1],"EasingStyle":"Linear","EasingDirection":"In"},"Left Arm":{"Weight":1,"CFrame":[-0.18965356051921845,-0.26191067695617678,0.2341707944869995,0.2973269522190094,0.2511974275112152,-0.9211387634277344,-0.36208319664001467,0.9223679900169373,0.13465866446495057,0.8834549188613892,0.2934912443161011,0.3651992380619049],"EasingStyle":"Linear","EasingDirection":"In"}}},{"Time":0.2083333283662796,"poses":{"Left Leg":{"Weight":1,"CFrame":[-0.2526782751083374,-0.12175142765045166,-0.0095062255859375,0.5915666818618774,-0.7914208769798279,-0.15395428240299226,0.7861706614494324,0.5238597989082336,0.3278821110725403,-0.17884227633476258,-0.31499847769737246,0.9320898652076721],"EasingStyle":"Linear","EasingDirection":"In"},"Right Arm":{"Weight":1,"CFrame":[0.16593140363693238,-0.2737005054950714,0.1448812484741211,0.3647260367870331,-0.34025588631629946,0.8667184710502625,0.3127259314060211,0.9215322732925415,0.23017561435699464,-0.877027690410614,0.18709419667720796,0.4425135552883148],"EasingStyle":"Linear","EasingDirection":"In"},"Head":{"Weight":1,"CFrame":[1.564621925354004e-7,7.264316082000733e-8,1.1920928955078126e-7,0.9961317777633667,-0.0567026361823082,0.06712930649518967,0.05683596804738045,0.9983835816383362,-0.00007662608550162986,-0.06701645255088806,0.0038916945923119785,0.9977443218231201],"EasingStyle":"Linear","EasingDirection":"In"},"Right Leg":{"Weight":1,"CFrame":[0.2943386435508728,0.22923266887664796,0.06081819534301758,0.9188430905342102,-0.2155398726463318,-0.33056002855300906,0.24493464827537538,0.9682765007019043,0.04947451874613762,0.3094099164009094,-0.12642498314380647,0.9424872994422913],"EasingStyle":"Linear","EasingDirection":"In"},"Torso":{"Weight":1,"CFrame":[-0.529193103313446,0.570892333984375,-0.13934063911437989,0.9980393052101135,0.0401170589029789,-0.04804365709424019,-0.042005691677331927,0.9983571767807007,-0.03896826505661011,0.04640143737196922,0.04090996831655502,0.9980847835540772],"EasingStyle":"Linear","EasingDirection":"In"},"HumanoidRootPart":{"Weight":1,"CFrame":[0,0,0,1,0,0,0,1,0,0,0,1],"EasingStyle":"Linear","EasingDirection":"In"},"Left Arm":{"Weight":1,"CFrame":[-0.18815430998802186,-0.22646573185920716,0.22365665435791017,0.29196634888648989,0.26673397421836855,-0.9184817671775818,-0.3860156536102295,0.9114978313446045,0.1419992297887802,0.8750700354576111,0.3130893409252167,0.36909011006355288],"EasingStyle":"Linear","EasingDirection":"In"}}},{"Time":0.25,"poses":{"Left Leg":{"Weight":1,"CFrame":[-0.2893942594528198,-0.17824506759643556,0.008872747421264649,0.477112740278244,-0.863620936870575,-0.16285692155361176,0.8385627269744873,0.3919031322002411,0.37845030426979067,-0.26301348209381106,-0.3171292245388031,0.9111822247505188],"EasingStyle":"Linear","EasingDirection":"In"},"Right Arm":{"Weight":1,"CFrame":[0.16480496525764466,-0.20315024256706239,0.1933290958404541,0.3913535475730896,-0.2833532989025116,0.8755303025245667,0.26297256350517275,0.9461759328842163,0.18867042660713197,-0.8818660974502564,0.15640349686145783,0.4448034167289734],"EasingStyle":"Linear","EasingDirection":"In"},"Head":{"Weight":1,"CFrame":[2.3655593395233155e-7,4.0978193283081057e-8,1.1920928955078126e-7,0.9962453246116638,-0.05851663649082184,0.06380432844161987,0.06019972264766693,0.9978787302970886,-0.02478203922510147,-0.062218811362981799,0.028529997915029527,0.9976547360420227],"EasingStyle":"Linear","EasingDirection":"In"},"Right Leg":{"Weight":1,"CFrame":[0.27693480253219607,0.18496590852737428,0.04332292079925537,0.9348061084747315,-0.18159179389476777,-0.3052246868610382,0.21426889300346375,0.9737417697906494,0.07691493630409241,0.28324300050735476,-0.1373007446527481,0.9491690993309021],"EasingStyle":"Linear","EasingDirection":"In"},"Torso":{"Weight":1,"CFrame":[-0.5721186399459839,0.48985379934310915,-0.1428520679473877,0.9978039860725403,0.0537087507545948,-0.038763418793678287,-0.05472089350223541,0.9981750249862671,-0.02553931064903736,0.03732099011540413,0.027604395523667337,0.9989219903945923],"EasingStyle":"Linear","EasingDirection":"In"},"HumanoidRootPart":{"Weight":1,"CFrame":[0,0,0,1,0,0,0,1,0,0,0,1],"EasingStyle":"Linear","EasingDirection":"In"},"Left Arm":{"Weight":1,"CFrame":[-0.18452408909797669,-0.15930357575416566,0.19993817806243897,0.2951533794403076,0.2726864814758301,-0.9157110452651978,-0.39582884311676028,0.9071906208992004,0.14256501197814942,0.8695999979972839,0.32038629055023196,0.37569746375083926],"EasingStyle":"Linear","EasingDirection":"In"}}},{"Time":0.2916666567325592,"poses":{"Left Leg":{"Weight":1,"CFrame":[-0.40255093574523928,-0.24035048484802247,0.020642876625061036,0.3946090340614319,-0.9044654965400696,-0.16194449365139008,0.8640328049659729,0.30529436469078066,0.40030333399772646,-0.312619686126709,-0.29788854718208315,0.9019596576690674],"EasingStyle":"Linear","EasingDirection":"In"},"Right Arm":{"Weight":1,"CFrame":[0.16174741089344026,-0.13685175776481629,0.21941649913787843,0.4246983230113983,-0.22647972404956819,0.8765491843223572,0.209881991147995,0.9664573669433594,0.14801949262619019,-0.8806707859039307,0.12110809981822968,0.4579866826534271],"EasingStyle":"Linear","EasingDirection":"In"},"Head":{"Weight":1,"CFrame":[2.086162567138672e-7,3.725290298461914e-8,3.5762786865234377e-7,0.9966015219688416,-0.0620388425886631,0.05419180914759636,0.06424394994974137,0.9971346259117127,-0.03994205221533775,-0.05155857279896736,0.043287795037031177,0.9977314472198486],"EasingStyle":"Linear","EasingDirection":"In"},"Right Leg":{"Weight":1,"CFrame":[0.3648585081100464,0.2094968557357788,0.06100952625274658,0.9550747275352478,-0.0938245877623558,-0.28112149238586428,0.11744333803653717,0.9907251596450806,0.06834359467029572,0.27210184931755068,-0.0982891395688057,0.95723557472229],"EasingStyle":"Linear","EasingDirection":"In"},"Torso":{"Weight":1,"CFrame":[-0.5939410924911499,0.43103328347206118,-0.1592550277709961,0.9974923729896545,0.06505756080150604,-0.02786652371287346,-0.06556152552366257,0.9976939558982849,-0.01756933517754078,0.026659240946173669,0.019352249801158906,0.9994572401046753],"EasingStyle":"Linear","EasingDirection":"In"},"HumanoidRootPart":{"Weight":1,"CFrame":[0,0,0,1,0,0,0,1,0,0,0,1],"EasingStyle":"Linear","EasingDirection":"In"},"Left Arm":{"Weight":1,"CFrame":[-0.18006417155265809,-0.1191825270652771,0.17475056648254395,0.3081602156162262,0.26858681440353396,-0.9126327633857727,-0.4093131422996521,0.9034180641174316,0.12766586244106294,0.858778178691864,0.33421099185943606,0.3883335292339325],"EasingStyle":"Linear","EasingDirection":"In"}}},{"Time":0.3333333432674408,"poses":{"Left Leg":{"Weight":1,"CFrame":[-0.588093101978302,-0.24110829830169679,0.006658196449279785,0.38093501329421999,-0.9125761389732361,-0.14863881468772889,0.8731330037117004,0.30216291546821597,0.3825395107269287,-0.3041832447052002,-0.27550408244132998,0.9119046926498413],"EasingStyle":"Linear","EasingDirection":"In"},"Right Arm":{"Weight":1,"CFrame":[0.15595725178718568,-0.10625314712524414,0.2182537317276001,0.46595874428749087,-0.19481410086154939,0.8630932569503784,0.1775909662246704,0.9762013554573059,0.12446825951337815,-0.8668009638786316,0.09528036415576935,0.48946672677993777],"EasingStyle":"Linear","EasingDirection":"In"},"Head":{"Weight":1,"CFrame":[1.4528632164001466e-7,-7.450580596923828e-9,-1.1920928955078126e-7,0.9969537258148193,-0.06612341105937958,0.041363757103681567,0.06808486580848694,0.9965262413024902,-0.04795883968472481,-0.038048867136240008,0.050628986209630969,0.9979925155639648],"EasingStyle":"Linear","EasingDirection":"In"},"Right Leg":{"Weight":1,"CFrame":[0.456707239151001,0.2473575472831726,0.07380092144012451,0.9664190411567688,-0.019708769395947458,-0.2562142610549927,0.03720526769757271,0.9972804188728333,0.06362149119377136,0.25426360964775088,-0.07101761549711228,0.9645240306854248],"EasingStyle":"Linear","EasingDirection":"In"},"Torso":{"Weight":1,"CFrame":[-0.6008098125457764,0.3907647430896759,-0.2002263069152832,0.9971359372138977,0.07372970134019852,-0.01684902422130108,-0.07396334409713745,0.9971669912338257,-0.013691171072423458,0.015791844576597215,0.014898168854415417,0.9997643232345581],"EasingStyle":"Linear","EasingDirection":"In"},"HumanoidRootPart":{"Weight":1,"CFrame":[0,0,0,1,0,0,0,1,0,0,0,1],"EasingStyle":"Linear","EasingDirection":"In"},"Left Arm":{"Weight":1,"CFrame":[-0.175983265042305,-0.11509168148040772,0.15724682807922364,0.3291538655757904,0.255154013633728,-0.9091503620147705,-0.4365364909172058,0.8948569893836975,0.09309639781713486,0.8373134136199951,0.3662342429161072,0.4059295654296875],"EasingStyle":"Linear","EasingDirection":"In"}}},{"Time":0.375,"poses":{"Left Leg":{"Weight":1,"CFrame":[-0.7977051734924316,-0.16078174114227296,-0.027220308780670167,0.43502044677734377,-0.8918092846870422,-0.12423217296600342,0.8645902872085571,0.3751809597015381,0.33424973487854006,-0.2514774799346924,-0.252815306186676,0.9342609643936157],"EasingStyle":"Linear","EasingDirection":"In"},"Right Arm":{"Weight":1,"CFrame":[0.148055762052536,-0.10074689984321594,0.21530961990356446,0.5178877711296082,-0.18258768320083619,0.8357357382774353,0.16450296342372895,0.9799787998199463,0.112162284553051,-0.8394827246665955,0.0793934091925621,0.5375551581382752],"EasingStyle":"Linear","EasingDirection":"In"},"Head":{"Weight":1,"CFrame":[5.774199962615967e-8,4.842877388000488e-8,0,0.997175931930542,-0.0695343092083931,0.02837473154067993,0.07092052698135376,0.9961678385734558,-0.05118721351027489,-0.024706721305847169,0.05305499583482742,0.9982860088348389],"EasingStyle":"Linear","EasingDirection":"In"},"Right Leg":{"Weight":1,"CFrame":[0.5584448575973511,0.31428784132003786,0.0819849967956543,0.971468448638916,0.0489206425845623,-0.232068732380867,-0.0349460206925869,0.9973407983779907,0.06395355612039566,0.23458035290241242,-0.054019004106521609,0.9705947637557983],"EasingStyle":"Linear","EasingDirection":"In"},"Torso":{"Weight":1,"CFrame":[-0.5988311171531677,0.36541640758514407,-0.2753477096557617,0.9968261122703552,0.07928793877363205,-0.007153445854783058,-0.07937286794185639,0.9967668056488037,-0.012494891881942749,0.0061396220698952679,0.01302302535623312,0.9998963475227356],"EasingStyle":"Linear","EasingDirection":"In"},"HumanoidRootPart":{"Weight":1,"CFrame":[0,0,0,1,0,0,0,1,0,0,0,1],"EasingStyle":"Linear","EasingDirection":"In"},"Left Arm":{"Weight":1,"CFrame":[-0.17311955988407136,-0.1145072877407074,0.14624786376953126,0.3436230719089508,0.23668912053108216,-0.9087913036346436,-0.4611183702945709,0.885551929473877,0.05628298968076706,0.8181033730506897,0.3997202515602112,0.4134376645088196],"EasingStyle":"Linear","EasingDirection":"In"}}},{"Time":0.4166666567325592,"poses":{"Left Leg":{"Weight":1,"CFrame":[-0.9543033838272095,-0.01030278205871582,-0.06957894563674927,0.5407108664512634,-0.8357997536659241,-0.09524041414260864,0.8214530944824219,0.5002247095108032,0.27384331822395327,-0.18123656511306764,-0.2263055294752121,0.9570471048355103],"EasingStyle":"Linear","EasingDirection":"In"},"Right Arm":{"Weight":1,"CFrame":[0.13905967772006989,-0.12773767113685609,0.21142840385437013,0.5766079425811768,-0.17842288315296174,0.7973008751869202,0.16061186790466309,0.9815754890441895,0.10350614041090012,-0.8010787963867188,0.06837339699268341,0.5946409702301025],"EasingStyle":"Linear","EasingDirection":"In"},"Head":{"Weight":1,"CFrame":[1.594889909029007e-7,1.1175870895385743e-8,2.384185791015625e-7,0.9973042011260986,-0.0710613951086998,0.018296025693416597,0.07192531228065491,0.9960569739341736,-0.051935359835624698,-0.014533288776874543,0.05311129242181778,0.9984828233718872],"EasingStyle":"Linear","EasingDirection":"In"},"Right Leg":{"Weight":1,"CFrame":[0.6347970962524414,0.3831149935722351,0.07933378219604492,0.9730091094970703,0.09581627696752548,-0.20993468165397645,-0.0829845517873764,0.9941507577896118,0.0691220834851265,0.21532979607582093,-0.04983518645167351,0.9752690196037293],"EasingStyle":"Linear","EasingDirection":"In"},"Torso":{"Weight":1,"CFrame":[-0.594077467918396,0.3513711094856262,-0.3523979187011719,0.9966921210289002,0.08127006888389588,-0.00017956319788936526,-0.0812659040093422,0.9966135025024414,-0.012552506290376187,-0.0008411877206526697,0.012525578029453755,0.9999212026596069],"EasingStyle":"Linear","EasingDirection":"In"},"HumanoidRootPart":{"Weight":1,"CFrame":[0,0,0,1,0,0,0,1,0,0,0,1],"EasingStyle":"Linear","EasingDirection":"In"},"Left Arm":{"Weight":1,"CFrame":[-0.1718774437904358,-0.17121455073356629,0.13853168487548829,0.3494255244731903,0.2170945256948471,-0.9114668369293213,-0.4667147099971771,0.8838435411453247,0.03159257397055626,0.8124526143074036,0.41435563564300539,0.4101586639881134],"EasingStyle":"Linear","EasingDirection":"In"}}},{"Time":0.4583333432674408,"poses":{"Left Leg":{"Weight":1,"CFrame":[-1.007717490196228,0.1816233992576599,-0.10594648122787476,0.6718400120735169,-0.7365854978561401,-0.07792951166629791,0.7340728044509888,0.6480978727340698,0.20274637639522553,-0.09883413463830948,-0.1934189796447754,0.9761254191398621],"EasingStyle":"Linear","EasingDirection":"In"},"Right Arm":{"Weight":1,"CFrame":[0.12937670946121217,-0.1778654158115387,0.20757174491882325,0.6368007063865662,-0.17813119292259217,0.7501693964004517,0.1596650630235672,0.9823225736618042,0.09772121906280518,-0.7543155550956726,0.05754678696393967,0.6539850831031799],"EasingStyle":"Linear","EasingDirection":"In"},"Head":{"Weight":1,"CFrame":[1.695007085800171e-7,-1.4901161193847657e-8,-5.960464477539063e-7,0.997993528842926,-0.06203332170844078,0.01268109679222107,0.06258326023817063,0.9968399405479431,-0.04892311245203018,-0.009606161154806614,0.04961857199668884,0.9987221360206604],"EasingStyle":"Linear","EasingDirection":"In"},"Right Leg":{"Weight":1,"CFrame":[0.6754245758056641,0.43810534477233889,0.07520925998687744,0.9711843729019165,0.12449024617671967,-0.20323202013969422,-0.11035457253456116,0.9907069802284241,0.07950893044471741,0.21124149858951569,-0.05479031056165695,0.9758971333503723],"EasingStyle":"Linear","EasingDirection":"In"},"Torso":{"Weight":1,"CFrame":[-0.5895892381668091,0.34237340092658999,-0.40917444229125979,0.9976902008056641,0.06784100830554962,0.0034462332259863617,-0.06777814775705338,0.9975737929344177,-0.0159013532102108,-0.004516634624451399,0.015631044283509256,0.9998677372932434],"EasingStyle":"Linear","EasingDirection":"In"},"HumanoidRootPart":{"Weight":1,"CFrame":[0,0,0,1,0,0,0,1,0,0,0,1],"EasingStyle":"Linear","EasingDirection":"In"},"Left Arm":{"Weight":1,"CFrame":[-0.17129570245742799,-0.27653032541275027,0.13303935527801515,0.3562915325164795,0.196791410446167,-0.9134164452552795,-0.4562530219554901,0.8897443413734436,0.013723095878958702,0.8154076933860779,0.41185954213142397,0.4067949652671814],"EasingStyle":"Linear","EasingDirection":"In"}}},{"Time":0.5,"poses":{"Left Leg":{"Weight":1,"CFrame":[-0.988358736038208,0.3512246608734131,-0.11193060874938965,0.7874582409858704,-0.6120174527168274,-0.07310465723276138,0.6160637140274048,0.7777867913246155,0.12455203384160996,-0.01936822012066841,-0.14311663806438447,0.9895163178443909],"EasingStyle":"Linear","EasingDirection":"In"},"Right Arm":{"Weight":1,"CFrame":[0.11926260590553284,-0.20485621690750123,0.20472979545593263,0.6934780478477478,-0.1789022833108902,0.6979126334190369,0.15665234625339509,0.9829467535018921,0.09631071984767914,-0.703241229057312,0.04254016652703285,0.7096775770187378],"EasingStyle":"Linear","EasingDirection":"In"},"Head":{"Weight":1,"CFrame":[1.2945383787155152e-7,-4.284083843231201e-8,1.1920928955078126e-7,0.9992690086364746,-0.037301044911146167,0.008377416990697384,0.03760342672467232,0.998514711856842,-0.03942804038524628,-0.006894268561154604,0.03971425071358681,0.9991873502731323],"EasingStyle":"Linear","EasingDirection":"In"},"Right Leg":{"Weight":1,"CFrame":[0.6858730912208557,0.48094332218170168,0.07908105850219727,0.9645749926567078,0.14383754134178163,-0.22114701569080354,-0.12540282309055329,0.9875155091285706,0.09532775729894638,0.23209786415100099,-0.06421836465597153,0.9705703258514404],"EasingStyle":"Linear","EasingDirection":"In"},"Torso":{"Weight":1,"CFrame":[-0.5795676112174988,0.331851065158844,-0.4469451904296875,0.9994470477104187,0.03262442722916603,0.006437824573367834,-0.03244934603571892,0.9991442561149597,-0.02564716711640358,-0.007269039284437895,0.025424078106880189,0.9996504187583923],"EasingStyle":"Linear","EasingDirection":"In"},"HumanoidRootPart":{"Weight":1,"CFrame":[0,0,0,1,0,0,0,1,0,0,0,1],"EasingStyle":"Linear","EasingDirection":"In"},"Left Arm":{"Weight":1,"CFrame":[-0.17007198929786683,-0.33323782682418826,0.12925231456756593,0.36401885747909548,0.1747623085975647,-0.9148488640785217,-0.43726542592048647,0.8993299007415772,-0.002190493745729327,0.8223680853843689,0.4008292257785797,0.4037904441356659],"EasingStyle":"Linear","EasingDirection":"In"}}},{"Time":0.5416666865348816,"poses":{"Left Leg":{"Weight":1,"CFrame":[-0.9313699007034302,0.46830272674560549,-0.08916950225830078,0.8713845610618591,-0.48551297187805178,-0.0704709142446518,0.4893316328525543,0.8704426288604736,0.053706422448158267,0.035265687853097919,-0.08128257840871811,0.9960669875144959],"EasingStyle":"Linear","EasingDirection":"In"},"Right Arm":{"Weight":1,"CFrame":[0.10915833711624146,-0.19534674286842347,0.20348191261291505,0.7426047921180725,-0.17816884815692902,0.645595908164978,0.14823637902736665,0.9837820529937744,0.1009894385933876,-0.6531187295913696,0.020705418661236764,0.7569723725318909],"EasingStyle":"Linear","EasingDirection":"In"},"Head":{"Weight":1,"CFrame":[1.8486753106117249e-7,-5.960464477539063e-8,-5.960464477539063e-8,0.9999982714653015,-0.0009621022618375719,0.0015781593974679709,0.000998928677290678,0.9997233748435974,-0.02350246161222458,-0.0015551135875284672,0.023504013195633889,0.9997225999832153],"EasingStyle":"Linear","EasingDirection":"In"},"Right Leg":{"Weight":1,"CFrame":[0.6740766763687134,0.5104738473892212,0.09045732021331787,0.9532196521759033,0.15723158419132234,-0.25816768407821658,-0.13137522339820863,0.9846830368041992,0.11463036388158798,0.27223682403564455,-0.07535108178853989,0.9592754244804382],"EasingStyle":"Linear","EasingDirection":"In"},"Torso":{"Weight":1,"CFrame":[-0.5566426515579224,0.31580233573913576,-0.46825432777404787,0.9997830986976624,-0.01655806228518486,0.012634173035621643,0.017073584720492364,0.9989780187606812,-0.04185015335679054,-0.011928301304578781,0.04205678403377533,0.9990441203117371],"EasingStyle":"Linear","EasingDirection":"In"},"HumanoidRootPart":{"Weight":1,"CFrame":[0,0,0,1,0,0,0,1,0,0,0,1],"EasingStyle":"Linear","EasingDirection":"In"},"Left Arm":{"Weight":1,"CFrame":[-0.1673240065574646,-0.2992943227291107,0.12670469284057618,0.37225767970085146,0.15088889002799989,-0.9157821536064148,-0.4164280891418457,0.9089592695236206,-0.0195098128169775,0.8294647932052612,0.3886200189590454,0.4012013375759125],"EasingStyle":"Linear","EasingDirection":"In"}}},{"Time":0.5833333134651184,"poses":{"Left Leg":{"Weight":1,"CFrame":[-0.8671663999557495,0.5385053157806397,-0.065280020236969,0.9261488318443298,-0.37031683325767519,-0.07151088863611222,0.3717983365058899,0.9282776117324829,0.00816271360963583,0.06335913389921189,-0.034147508442401889,0.9974064230918884],"EasingStyle":"Linear","EasingDirection":"In"},"Right Arm":{"Weight":1,"CFrame":[0.10024681687355042,-0.17402425408363343,0.2027665376663208,0.7807156443595886,-0.17574387788772584,0.5996643900871277,0.13736559450626374,0.9844306111335754,0.1096683070063591,-0.6096014976501465,-0.003246606793254614,0.7927014231681824],"EasingStyle":"Linear","EasingDirection":"In"},"Head":{"Weight":1,"CFrame":[1.3783574104309083e-7,7.450580596923828e-9,2.384185791015625e-7,0.9990127086639404,0.042938508093357089,-0.01140355784446001,-0.042952049523591998,0.999076783657074,-0.0009446307085454464,0.011352467350661755,0.0014335120795294643,0.9999346137046814],"EasingStyle":"Linear","EasingDirection":"In"},"Right Leg":{"Weight":1,"CFrame":[0.6448045969009399,0.5245966911315918,0.10758566856384278,0.9366600513458252,0.1658995896577835,-0.3084564507007599,-0.12967592477798463,0.9823800921440125,0.13458701968193055,0.3253494203090668,-0.08606286346912384,0.9416693449020386],"EasingStyle":"Linear","EasingDirection":"In"},"Torso":{"Weight":1,"CFrame":[-0.513401448726654,0.2905265688896179,-0.47582530975341799,0.9971031546592712,-0.0715053603053093,0.025927994400262834,0.07304249703884125,0.9952607154846191,-0.06419461220502854,-0.02121485397219658,0.06590249389410019,0.9976004958152771],"EasingStyle":"Linear","EasingDirection":"In"},"HumanoidRootPart":{"Weight":1,"CFrame":[0,0,0,1,0,0,0,1,0,0,0,1],"EasingStyle":"Linear","EasingDirection":"In"},"Left Arm":{"Weight":1,"CFrame":[-0.1638510823249817,-0.22461801767349244,0.1251389980316162,0.37921831011772158,0.12835729122161866,-0.9163612723350525,-0.3974626362323761,0.9169101119041443,-0.036048151552677158,0.8355937600135803,0.3778895437717438,0.3987262547016144],"EasingStyle":"Linear","EasingDirection":"In"}}},{"Time":0.625,"poses":{"Left Leg":{"Weight":1,"CFrame":[-0.8040091395378113,0.5873931646347046,-0.05486851930618286,0.9617094993591309,-0.2642432749271393,-0.07273489981889725,0.2646520435810089,0.9643350839614868,-0.0041334014385938648,0.07123299688100815,-0.015274295583367348,0.9973428249359131],"EasingStyle":"Linear","EasingDirection":"In"},"Right Arm":{"Weight":1,"CFrame":[0.09389651566743851,-0.1516997218132019,0.20111083984375,0.8052569627761841,-0.17289042472839356,0.5671595931053162,0.12817133963108064,0.9846845865249634,0.11818838119506836,-0.5789070129394531,-0.022478561848402025,0.8150837421417236],"EasingStyle":"Linear","EasingDirection":"In"},"Head":{"Weight":1,"CFrame":[1.3224780559539796e-7,1.4901161193847657e-8,0,0.9953094124794006,0.09049073606729508,-0.03421561047434807,-0.08952578157186508,0.9955694079399109,0.028756456449627878,0.036666203290224078,-0.025558384135365487,0.9990007281303406],"EasingStyle":"Linear","EasingDirection":"In"},"Right Leg":{"Weight":1,"CFrame":[0.601506233215332,0.5236696004867554,0.12800443172454835,0.9149901866912842,0.16967612504959107,-0.3660643398761749,-0.12113013118505478,0.9809434413909912,0.151912659406662,0.38486447930336,-0.09465724974870682,0.9181064367294312],"EasingStyle":"Linear","EasingDirection":"In"},"Torso":{"Weight":1,"CFrame":[-0.4426465630531311,0.2526320219039917,-0.4761667251586914,0.9910720586776733,-0.1236199289560318,0.04994305595755577,0.1278124302625656,0.987524151802063,-0.09197832643985748,-0.03794961795210838,0.097540482878685,0.9945078492164612],"EasingStyle":"Linear","EasingDirection":"In"},"HumanoidRootPart":{"Weight":1,"CFrame":[0,0,0,1,0,0,0,1,0,0,0,1],"EasingStyle":"Linear","EasingDirection":"In"},"Left Arm":{"Weight":1,"CFrame":[-0.16087287664413453,-0.1499420702457428,0.12435007095336914,0.38295403122901919,0.11131778359413147,-0.9170357584953308,-0.3835294544696808,0.9222695231437683,-0.048208821564912799,0.8403877019882202,0.37017205357551577,0.3958803713321686],"EasingStyle":"Linear","EasingDirection":"In"}}},{"Time":0.6666666865348816,"poses":{"Left Leg":{"Weight":1,"CFrame":[-0.7430137991905212,0.6302916407585144,-0.06093764305114746,0.9833791255950928,-0.16870413720607758,-0.06711603701114655,0.17033103108406068,0.9851986765861511,0.019262658432126046,0.06287289410829544,-0.030374471098184587,0.9975592494010925],"EasingStyle":"Linear","EasingDirection":"In"},"Right Arm":{"Weight":1,"CFrame":[0.09147568047046662,-0.1391819715499878,0.19704294204711915,0.8140305876731873,-0.1715296059846878,0.5549159646034241,0.12430872023105622,0.984711229801178,0.12202942371368408,-0.5673636198043823,-0.030354898422956468,0.8229077458381653],"EasingStyle":"Linear","EasingDirection":"In"},"Head":{"Weight":1,"CFrame":[5.3085386753082278e-8,-5.587935447692871e-8,-5.960464477539063e-8,0.9878089427947998,0.13804678618907929,-0.07194963097572327,-0.13343824446201325,0.9888994097709656,0.06536334753036499,0.08017414063215256,-0.054965659976005557,0.9952642321586609],"EasingStyle":"Linear","EasingDirection":"In"},"Right Leg":{"Weight":1,"CFrame":[0.5274578928947449,0.48766785860061648,0.15489459037780763,0.8899863958358765,0.16594044864177705,-0.4247211217880249,-0.10937553644180298,0.9819276332855225,0.15445148944854737,0.4426751732826233,-0.09100566804409027,0.8920520544052124],"EasingStyle":"Linear","EasingDirection":"In"},"Torso":{"Weight":1,"CFrame":[-0.33407631516456606,0.1821528971195221,-0.4663417339324951,0.9819613695144653,-0.16508838534355164,0.09218291938304901,0.17574548721313477,0.9767364263534546,-0.12288016080856323,-0.06975232809782028,0.1368642896413803,0.988131046295166],"EasingStyle":"Linear","EasingDirection":"In"},"HumanoidRootPart":{"Weight":1,"CFrame":[0,0,0,1,0,0,0,1,0,0,0,1],"EasingStyle":"Linear","EasingDirection":"In"},"Left Arm":{"Weight":1,"CFrame":[-0.15960916876792909,-0.11599886417388916,0.12413251399993897,0.3816845417022705,0.10399118810892105,-0.9184241890907288,-0.3778831660747528,0.9243705868721008,-0.05237865075469017,0.8435172438621521,0.36704912781715395,0.3921143710613251],"EasingStyle":"Linear","EasingDirection":"In"}}},{"Time":0.7083333134651184,"poses":{"Left Leg":{"Weight":1,"CFrame":[-0.6792705059051514,0.6625027656555176,-0.08151525259017945,0.9957975149154663,-0.07567249983549118,-0.05158521980047226,0.07931511849164963,0.9941977858543396,0.07266378402709961,0.04578720033168793,-0.076449915766716,0.996021568775177],"EasingStyle":"Linear","EasingDirection":"In"},"Right Arm":{"Weight":1,"CFrame":[0.09666083753108978,-0.13725051283836366,0.17411088943481446,0.805476725101471,-0.18034429848194123,0.5645202398300171,0.15614083409309388,0.983496367931366,0.09140525758266449,-0.5716881155967712,0.01451963558793068,0.8203426003456116],"EasingStyle":"Linear","EasingDirection":"In"},"Head":{"Weight":1,"CFrame":[1.1920928955078126e-7,-4.0046870708465579e-8,1.1920928955078126e-7,0.9765845537185669,0.18068964779376985,-0.11676492542028427,-0.16903267800807954,0.9802037477493286,0.10309573262929917,0.13308176398277284,-0.08094461262226105,0.9877941012382507],"EasingStyle":"Linear","EasingDirection":"In"},"Right Leg":{"Weight":1,"CFrame":[0.41876688599586489,0.39798516035079958,0.18550550937652589,0.8663517832756043,0.15616364777088166,-0.4743915796279907,-0.09880607575178147,0.9846764802932739,0.14369961619377137,0.48956298828125,-0.0776216983795166,0.8685063123703003],"EasingStyle":"Linear","EasingDirection":"In"},"Torso":{"Weight":1,"CFrame":[-0.19158124923706056,0.0735921859741211,-0.4340815544128418,0.970312774181366,-0.19316518306732179,0.14553532004356385,0.21470427513122559,0.9649867415428162,-0.15067416429519654,-0.1113346740603447,0.1774480938911438,0.9778122305870056],"EasingStyle":"Linear","EasingDirection":"In"},"HumanoidRootPart":{"Weight":1,"CFrame":[0,0,0,1,0,0,0,1,0,0,0,1],"EasingStyle":"Linear","EasingDirection":"In"},"Left Arm":{"Weight":1,"CFrame":[-0.1611735224723816,-0.11678934097290039,0.1295614242553711,0.3277522325515747,0.1702532023191452,-0.9292967915534973,-0.41495558619499209,0.909615159034729,0.020297249779105188,0.8487581014633179,0.3789643943309784,0.3687759339809418],"EasingStyle":"Linear","EasingDirection":"In"}}},{"Time":0.75,"poses":{"Left Leg":{"Weight":1,"CFrame":[-0.5958026647567749,0.6625757217407227,-0.10218769311904907,0.9988036751747131,0.04188797250390053,-0.025230683386325837,-0.03803800418972969,0.989780843257904,0.13743019104003907,0.030729493126273156,-0.13630607724189759,0.9901900887489319],"EasingStyle":"Linear","EasingDirection":"In"},"Right Arm":{"Weight":1,"CFrame":[0.10629022121429444,-0.1371021866798401,0.13756322860717774,0.7796428203582764,-0.20904001593589784,0.5903045535087586,0.23608766496181489,0.9712010622024536,0.032111991196870807,-0.58001708984375,0.11432761698961258,0.8065416216850281],"EasingStyle":"Linear","EasingDirection":"In"},"Head":{"Weight":1,"CFrame":[6.705522537231445e-8,4.0978193283081057e-8,-1.1920928955078126e-7,0.9651486277580261,0.21174919605255128,-0.15378688275814057,-0.192133367061615,0.9723176956176758,0.1329776793718338,0.1776876151561737,-0.09879563748836518,0.9791152477264404],"EasingStyle":"Linear","EasingDirection":"In"},"Right Leg":{"Weight":1,"CFrame":[0.2874850630760193,0.2573457956314087,0.20307135581970216,0.853638768196106,0.13860724866390229,-0.5020846128463745,-0.08156265318393707,0.9876226186752319,0.13397474586963654,0.5144400000572205,-0.07341478019952774,0.8543780446052551],"EasingStyle":"Linear","EasingDirection":"In"},"Torso":{"Weight":1,"CFrame":[-0.038426995277404788,-0.0558466911315918,-0.36406993865966799,0.959218442440033,-0.20828048884868623,0.19110047817230225,0.24135622382164002,0.9553971886634827,-0.17018641531467439,-0.14713037014007569,0.2093692272901535,0.9667043089866638],"EasingStyle":"Linear","EasingDirection":"In"},"HumanoidRootPart":{"Weight":1,"CFrame":[0,0,0,1,0,0,0,1,0,0,0,1],"EasingStyle":"Linear","EasingDirection":"In"},"Left Arm":{"Weight":1,"CFrame":[-0.16531173884868623,-0.12072309851646424,0.1436481475830078,0.20312216877937318,0.31280064582824709,-0.9278454780578613,-0.4821445345878601,0.8567084074020386,0.18326835334300996,0.8522194623947144,0.4101298451423645,0.324831485748291],"EasingStyle":"Linear","EasingDirection":"In"}}},{"Time":0.7916666865348816,"poses":{"Left Leg":{"Weight":1,"CFrame":[-0.48683762550354006,0.6224876642227173,-0.10693633556365967,0.9817594289779663,0.18998673558235169,0.00731672765687108,-0.18792824447155,0.9638471603393555,0.18889622390270234,0.02883550338447094,-0.1868256777524948,0.9819697737693787],"EasingStyle":"Linear","EasingDirection":"In"},"Right Arm":{"Weight":1,"CFrame":[0.11147536337375641,-0.13517063856124879,0.11847472190856934,0.7339349985122681,-0.26112380623817446,0.6270197033882141,0.33958590030670168,0.9405572414398193,-0.005792585667222738,-0.5882353782653809,0.21717825531959535,0.7789818048477173],"EasingStyle":"Linear","EasingDirection":"In"},"Head":{"Weight":1,"CFrame":[8.940696716308594e-8,1.4901161193847657e-8,3.5762786865234377e-7,0.9598463773727417,0.2237720489501953,-0.16917742788791657,-0.2003103345632553,0.9689251184463501,0.1451207101