{"Sequence":[{"Time":0,"poses":{"Left Leg":{"Weight":1,"CFrame":[-0.38686758279800417,0.25874781608581545,0.05899548530578613,0.9627203941345215,-0.1613718569278717,0.21709130704402924,0.12116684019565582,0.9748054146766663,0.18727780878543855,-0.24184320867061616,-0.15399189293384553,0.9580180644989014],"EasingStyle":"Linear","EasingDirection":"Out"},"Right Arm":{"Weight":1,"CFrame":[0.5985181331634522,0.4598512053489685,-0.17048674821853639,-0.5361087322235107,-0.7156890630722046,0.4476344883441925,0.8049699664115906,-0.273754358291626,0.5263859033584595,-0.25418663024902346,0.6425322890281677,0.7228702306747437],"EasingStyle":"Linear","EasingDirection":"Out"},"Left Arm":{"Weight":1,"CFrame":[-0.4101569652557373,0.014343023300170899,0.2666637897491455,-0.302869975566864,0.24925163388252259,-0.9198606014251709,-0.9529953598976135,-0.07075610756874085,0.29460734128952029,0.008345701731741429,0.9658505320549011,0.2589654326438904],"EasingStyle":"Linear","EasingDirection":"Out"},"Head":{"Weight":1,"CFrame":[1.1548399925231934e-7,-7.450580596923828e-9,1.1920928955078126e-7,0.9913175702095032,-0.10744285583496094,-0.0758000835776329,0.10459776967763901,0.9936869144439697,-0.04056704789400101,0.0796801969408989,0.032286304980516437,0.9962975382804871],"EasingStyle":"Linear","EasingDirection":"Out"},"Torso":{"Weight":1,"CFrame":[0.05355331301689148,-0.04921020567417145,-0.13990449905395509,0.8599638938903809,0.5059455633163452,0.06694157421588898,-0.5025613903999329,0.8623504638671875,-0.061512723565101626,-0.08884917944669724,0.019256478175520898,0.995858907699585],"EasingStyle":"Linear","EasingDirection":"Out"},"HumanoidRootPart":{"Weight":0,"CFrame":[0,0,0,1,0,0,0,1,0,0,0,1],"EasingStyle":"Linear","EasingDirection":"In"},"Right Leg":{"Weight":1,"CFrame":[0.7142535448074341,0.7142061591148377,0.1186603307723999,0.8702305555343628,0.42345571517944338,-0.25176194310188296,-0.406100869178772,0.9059141874313355,0.12000714242458344,0.27889248728752139,-0.002193175256252289,0.9603199362754822],"EasingStyle":"Linear","EasingDirection":"Out"}}},{"Time":0.017083333805203439,"poses":{"Left Leg":{"Weight":1,"CFrame":[-0.34940260648727419,0.24568355083465577,0.06325829029083252,0.9606633186340332,-0.1452995240688324,0.2366729974746704,0.10225588083267212,0.977405309677124,0.18499386310577393,-0.2582050561904907,-0.15351559221744538,0.9538150429725647],"EasingStyle":"Linear","EasingDirection":"Out"},"Right Arm":{"Weight":1,"CFrame":[0.6344936490058899,0.423437237739563,-0.19064557552337647,-0.5039483904838562,-0.7642676830291748,0.4024064540863037,0.7694465517997742,-0.18557260930538178,0.6111587285995483,-0.39241310954093935,0.6176227331161499,0.6815820932388306],"EasingStyle":"Linear","EasingDirection":"Out"},"Left Arm":{"Weight":1,"CFrame":[-0.4000990390777588,0.08098745346069336,0.31947124004364016,-0.364845871925354,0.1526738554239273,-0.9184651374816895,-0.9289706349372864,-0.12586775422096253,0.3480963706970215,-0.062459856271743777,0.9802285432815552,0.18775177001953126],"EasingStyle":"Linear","EasingDirection":"Out"},"Head":{"Weight":1,"CFrame":[6.705522537231445e-8,3.725290298461914e-9,3.5762786865234377e-7,0.9919360876083374,-0.09817596524953842,-0.08015258610248566,0.09504053741693497,0.9945850968360901,-0.042047128081321719,0.08384658396244049,0.034090306609869,0.9958953857421875],"EasingStyle":"Linear","EasingDirection":"Out"},"Torso":{"Weight":1,"CFrame":[0.04424044489860535,-0.04619014263153076,-0.12431979179382324,0.8496922850608826,0.5238856077194214,0.059724174439907077,-0.5203182697296143,0.8514233231544495,-0.06593456119298935,-0.08539271354675293,0.02494850568473339,0.9960349798202515],"EasingStyle":"Linear","EasingDirection":"Out"},"HumanoidRootPart":{"Weight":0,"CFrame":[0,0,0,1,0,0,0,1,0,0,0,1],"EasingStyle":"Linear","EasingDirection":"In"},"Right Leg":{"Weight":1,"CFrame":[0.7424241900444031,0.7159141302108765,0.09497261047363281,0.8661832213401794,0.4448213279247284,-0.22772930562496186,-0.4248489439487457,0.8954276442527771,0.1330893486738205,0.26311615109443667,-0.018529264256358148,0.9645862579345703],"EasingStyle":"Linear","EasingDirection":"Out"}}},{"Time":0.03375000134110451,"poses":{"Left Leg":{"Weight":1,"CFrame":[-0.3114529848098755,0.23229056596755982,0.0674978494644165,0.9563657641410828,-0.13460202515125276,0.25931990146636965,0.08794478327035904,0.9790164828300476,0.1838276982307434,-0.2786221504211426,-0.15300068259239198,0.9481353759765625],"EasingStyle":"Linear","EasingDirection":"Out"},"Right Arm":{"Weight":1,"CFrame":[0.6656522750854492,0.38825058937072756,-0.20640259981155396,-0.45060861110687258,-0.8034002184867859,0.38923007249832156,0.7329466938972473,-0.08403313159942627,0.6750759482383728,-0.5096480250358582,0.589479923248291,0.6267157196998596],"EasingStyle":"Linear","EasingDirection":"Out"},"Left Arm":{"Weight":1,"CFrame":[-0.38905397057533266,0.13315188884735108,0.35205090045928957,-0.41985055804252627,0.059181228280067447,-0.9056618213653565,-0.8941167593002319,-0.19829370081424714,0.4015408158302307,-0.15582337975502015,0.9783543348312378,0.13616853952407838],"EasingStyle":"Linear","EasingDirection":"Out"},"Head":{"Weight":1,"CFrame":[7.82310962677002e-8,-3.725290298461914e-9,-2.384185791015625e-7,0.9922021627426148,-0.09009458124637604,-0.08612676709890366,0.08647701889276505,0.9952435493469238,-0.044856633991003039,0.08975841850042343,0.03705886751413345,0.9952739477157593],"EasingStyle":"Linear","EasingDirection":"Out"},"Torso":{"Weight":1,"CFrame":[0.036454543471336368,-0.04201535880565643,-0.10992813110351563,0.8387839198112488,0.5416871905326843,0.05492427945137024,-0.5381553769111633,0.8401476740837097,-0.06738614290952683,-0.08264670521020889,0.02696460857987404,0.9962141513824463],"EasingStyle":"Linear","EasingDirection":"Out"},"HumanoidRootPart":{"Weight":0,"CFrame":[0,0,0,1,0,0,0,1,0,0,0,1],"EasingStyle":"Linear","EasingDirection":"In"},"Right Leg":{"Weight":1,"CFrame":[0.7729479074478149,0.6958140730857849,0.07815003395080567,0.8636247515678406,0.46305328607559206,-0.19933372735977174,-0.4441472589969635,0.8859210014343262,0.1337055116891861,0.23850683867931367,-0.026937909424304963,0.9707671403884888],"EasingStyle":"Linear","EasingDirection":"Out"}}},{"Time":0.050833333283662799,"poses":{"Left Leg":{"Weight":1,"CFrame":[-0.2745944857597351,0.21941429376602174,0.07072842121124268,0.9506049156188965,-0.12818993628025056,0.2826971709728241,0.07749573141336441,0.9799124598503113,0.1837550699710846,-0.30057400465011599,-0.15277069807052613,0.9414438009262085],"EasingStyle":"Linear","EasingDirection":"Out"},"Right Arm":{"Weight":1,"CFrame":[0.6922320127487183,0.35446327924728396,-0.21806329488754273,-0.3888048529624939,-0.8280994892120361,0.40383437275886538,0.6954683661460877,0.02369118295609951,0.7181660532951355,-0.6042802333831787,0.560080349445343,0.5667057037353516],"EasingStyle":"Linear","EasingDirection":"Out"},"Left Arm":{"Weight":1,"CFrame":[-0.37850984930992129,0.17268794775009156,0.3664853572845459,-0.4626852869987488,-0.025271859019994737,-0.8861623406410217,-0.8481823801994324,-0.27816686034202578,0.45078805088996889,-0.25789323449134829,0.9602002501487732,0.10726843774318695],"EasingStyle":"Linear","EasingDirection":"Out"},"Head":{"Weight":1,"CFrame":[7.450580596923828e-8,0,0,0.9921202659606934,-0.08378385752439499,-0.09315416216850281,0.07951433956623078,0.9956461787223816,-0.04864369332790375,0.09682413190603256,0.04085329547524452,0.9944627285003662],"EasingStyle":"Linear","EasingDirection":"Out"},"Torso":{"Weight":1,"CFrame":[0.0298595130443573,-0.03711386024951935,-0.09704709053039551,0.8279459476470947,0.5583801865577698,0.05212603509426117,-0.555020272731781,0.8291732668876648,-0.06651435792446137,-0.08036181330680847,0.026139292865991594,0.9964229464530945],"EasingStyle":"Linear","EasingDirection":"Out"},"HumanoidRootPart":{"Weight":0,"CFrame":[0,0,0,1,0,0,0,1,0,0,0,1],"EasingStyle":"Linear","EasingDirection":"In"},"Right Leg":{"Weight":1,"CFrame":[0.8038849830627441,0.6580893993377686,0.06590747833251953,0.8619861006736755,0.4783150851726532,-0.16791236400604249,-0.46280142664909365,0.8776925802230835,0.12438133358955383,0.206868976354599,-0.029504895210266115,0.9779236912727356],"EasingStyle":"Linear","EasingDirection":"Out"}}},{"Time":0.06791666895151138,"poses":{"Left Leg":{"Weight":1,"CFrame":[-0.24035422503948213,0.20778286457061768,0.07258820533752442,0.9440945386886597,-0.1250595599412918,0.3050336241722107,0.07020469754934311,0.9802989959716797,0.18462175130844117,-0.3221129775047302,-0.1528855860233307,0.9342748522758484],"EasingStyle":"Linear","EasingDirection":"Out"},"Right Arm":{"Weight":1,"CFrame":[0.7144712805747986,0.3222425580024719,-0.22593307495117188,-0.3296752870082855,-0.8355586528778076,0.4394952058792114,0.6588253378868103,0.12981970608234406,0.7410100698471069,-0.67621248960495,0.5338432192802429,0.5076888799667358],"EasingStyle":"Linear","EasingDirection":"Out"},"Left Arm":{"Weight":1,"CFrame":[-0.36995431780815127,0.20144271850585938,0.36485791206359866,-0.4921988844871521,-0.09368826448917389,-0.8654263615608215,-0.7947369813919067,-0.35726043581962588,0.4906710982322693,-0.3551527261734009,0.9292941093444824,0.10138562321662903],"EasingStyle":"Linear","EasingDirection":"Out"},"Head":{"Weight":1,"CFrame":[8.940696716308594e-8,1.1175870895385743e-8,-2.980232238769531e-7,0.9917144775390625,-0.07982231676578522,-0.1006520465016365,0.0747632160782814,0.9957877397537231,-0.05307730659842491,0.1044648140668869,0.045112453401088718,0.9935048818588257],"EasingStyle":"Linear","EasingDirection":"Out"},"Torso":{"Weight":1,"CFrame":[0.024108752608299257,-0.03188745677471161,-0.08601999282836914,0.8179673552513123,0.5730084776878357,0.05090053007006645,-0.5699065923690796,0.819218635559082,-0.06393337994813919,-0.07833303511142731,0.023286858573555948,0.9966552257537842],"EasingStyle":"Linear","EasingDirection":"Out"},"HumanoidRootPart":{"Weight":0,"CFrame":[0,0,0,1,0,0,0,1,0,0,0,1],"EasingStyle":"Linear","EasingDirection":"In"},"Right Leg":{"Weight":1,"CFrame":[0.8327203392982483,0.6070578098297119,0.0550307035446167,0.8610100150108337,0.49043768644332888,-0.13465796411037446,-0.47917696833610537,0.871000349521637,0.10838747024536133,0.17044445872306825,-0.028797723352909089,0.9849464297294617],"EasingStyle":"Linear","EasingDirection":"Out"}}},{"Time":0.0845833346247673,"poses":{"Left Leg":{"Weight":1,"CFrame":[-0.21038323640823365,0.19799482822418214,0.0731741189956665,0.9375620484352112,-0.12430648505687714,0.32484671473503115,0.06547974050045014,0.9803366661071777,0.1861518770456314,-0.3415990471839905,-0.1532580703496933,0.9272659420967102],"EasingStyle":"Linear","EasingDirection":"Out"},"Right Arm":{"Weight":1,"CFrame":[0.7326082587242127,0.2917589545249939,-0.23031693696975709,-0.2825466990470886,-0.8255693316459656,0.4884698688983917,0.6266793608665466,0.22666656970977784,0.7455837726593018,-0.726250946521759,0.5167760252952576,0.45332327485084536],"EasingStyle":"Linear","EasingDirection":"Out"},"Left Arm":{"Weight":1,"CFrame":[-0.36487528681755068,0.22126692533493043,0.34925127029418948,-0.5106867551803589,-0.1390162706375122,-0.8484536409378052,-0.7407758831977844,-0.42976224422454836,0.5162903070449829,-0.4364059865474701,0.8921765089035034,0.11649390310049057],"EasingStyle":"Linear","EasingDirection":"Out"},"Head":{"Weight":1,"CFrame":[1.0058283805847168e-7,0,-2.384185791015625e-7,0.9910220503807068,-0.07877682894468308,-0.10802595317363739,0.0728406012058258,0.9956647157669067,-0.057844966650009158,0.11211447417736054,0.04945695400238037,0.9924638271331787],"EasingStyle":"Linear","EasingDirection":"Out"},"Torso":{"Weight":1,"CFrame":[0.018833979964256288,-0.026713818311691285,-0.07720088958740235,0.8097066879272461,0.5846326351165772,0.050791699439287189,-0.5818395018577576,0.8110706210136414,-0.06022721529006958,-0.07640644907951355,0.019213765859603883,0.9968916177749634],"EasingStyle":"Linear","EasingDirection":"Out"},"HumanoidRootPart":{"Weight":0,"CFrame":[0,0,0,1,0,0,0,1,0,0,0,1],"EasingStyle":"Linear","EasingDirection":"In"},"Right Leg":{"Weight":1,"CFrame":[0.8566269278526306,0.5471282005310059,0.042942047119140628,0.8607169389724731,0.4990003705024719,-0.10082212835550308,-0.4917328357696533,0.8661783933639526,0.08907251060009003,0.1317773014307022,-0.02708866260945797,0.9909091591835022],"EasingStyle":"Linear","EasingDirection":"Out"}}},{"Time":0.10166666656732559,"poses":{"Left Leg":{"Weight":1,"CFrame":[-0.1864977478981018,0.19052928686141969,0.07292687892913819,0.9317660331726074,-0.1251155436038971,0.3408198356628418,0.06286153942346573,0.980162501335144,0.18796229362487794,-0.3575759530067444,-0.1537124216556549,0.9211471080780029],"EasingStyle":"Linear","EasingDirection":"Out"},"Right Arm":{"Weight":1,"CFrame":[0.7468807697296143,0.2631811499595642,-0.23152023553848267,-0.2548445463180542,-0.7999532222747803,0.5432579517364502,0.6039562821388245,0.30707383155822756,0.7354879379272461,-0.755176305770874,0.5155391097068787,0.4048805832862854],"EasingStyle":"Linear","EasingDirection":"Out"},"Left Arm":{"Weight":1,"CFrame":[-0.3647606372833252,0.23400920629501344,0.32174861431121828,-0.5222156047821045,-0.15448805689811707,-0.838703989982605,-0.6954630613327026,-0.4920467436313629,0.5236614346504211,-0.49358099699020388,0.8567517995834351,0.1495138257741928],"EasingStyle":"Linear","EasingDirection":"Out"},"Head":{"Weight":1,"CFrame":[1.0803341865539551e-7,3.725290298461914e-9,-1.1920928955078126e-7,0.9900789856910706,-0.08120120316743851,-0.11467432230710983,0.07437018305063248,0.9952610731124878,-0.06264628469944,0.11921783536672592,0.05349639803171158,0.9914258718490601],"EasingStyle":"Linear","EasingDirection":"Out"},"Torso":{"Weight":1,"CFrame":[0.013640359044075013,-0.021950140595436097,-0.07094311714172363,0.8040692210197449,0.5923175811767578,0.05131036415696144,-0.5898525714874268,0.805570125579834,-0.0559542141854763,-0.07447676360607147,0.01472550630569458,0.9971140027046204],"EasingStyle":"Linear","EasingDirection":"Out"},"HumanoidRootPart":{"Weight":0,"CFrame":[0,0,0,1,0,0,0,1,0,0,0,1],"EasingStyle":"Linear","EasingDirection":"In"},"Right Leg":{"Weight":1,"CFrame":[0.8729060292243958,0.4824904799461365,0.028557300567626954,0.8613056540489197,0.5035471320152283,-0.0677710473537445,-0.4994158148765564,0.8635788559913635,0.06939408928155899,0.09346885979175568,-0.02592363767325878,0.9952846765518189],"EasingStyle":"Linear","EasingDirection":"Out"}}},{"Time":0.11874999850988388,"poses":{"Left Leg":{"Weight":1,"CFrame":[-0.17060352861881257,0.18576252460479737,0.07247495651245117,0.9274857640266419,-0.12670761346817017,0.35173213481903078,0.061973437666893008,0.9799071550369263,0.18958233296871186,-0.368686318397522,-0.15403680503368379,0.916702389717102],"EasingStyle":"Linear","EasingDirection":"Out"},"Right Arm":{"Weight":1,"CFrame":[0.7575275301933289,0.23667806386947633,-0.22984880208969117,-0.25237610936164858,-0.7611962556838989,0.5974000096321106,0.5959029793739319,0.3641558885574341,0.7157444357872009,-0.7623685598373413,0.5366291999816895,0.36169490218162539],"EasingStyle":"Linear","EasingDirection":"Out"},"Left Arm":{"Weight":1,"CFrame":[-0.37109801173210146,0.24151843786239625,0.28443288803100588,-0.5302972793579102,-0.1329895257949829,-0.8373162746429443,-0.6689239144325256,-0.5411549210548401,0.5096001625061035,-0.5208892822265625,0.8303404450416565,0.198013037443161],"EasingStyle":"Linear","EasingDirection":"Out"},"Head":{"Weight":1,"CFrame":[1.1548399925231934e-7,-1.1175870895385743e-8,-5.364418029785156e-7,0.9888994693756104,-0.08763306587934494,-0.1199931874871254,0.07998013496398926,0.9945298433303833,-0.06718254834413529,0.12522421777248383,0.0568397119641304,0.990498960018158],"EasingStyle":"Linear","EasingDirection":"Out"},"Torso":{"Weight":1,"CFrame":[0.008108556270599366,-0.017940059304237367,-0.06759190559387207,0.8019638061523438,0.5951106548309326,0.05193665251135826,-0.5929598212242127,0.803573489189148,-0.05165587365627289,-0.072475865483284,0.010629795491695404,0.9973136186599731],"EasingStyle":"Linear","EasingDirection":"Out"},"HumanoidRootPart":{"Weight":0,"CFrame":[0,0,0,1,0,0,0,1,0,0,0,1],"EasingStyle":"Linear","EasingDirection":"In"},"Right Leg":{"Weight":1,"CFrame":[0.8793740272521973,0.4169854521751404,0.012373805046081543,0.8630791902542114,0.5037148594856262,-0.03695712983608246,-0.5017334818840027,0.8634766340255737,0.05169016495347023,0.05794878304004669,-0.026070093736052514,0.9979791641235352],"EasingStyle":"Linear","EasingDirection":"Out"}}},{"Time":0.1354166716337204,"poses":{"Left Leg":{"Weight":1,"CFrame":[-0.16450521349906922,0.18401020765304566,0.07239937782287598,0.9254913330078125,-0.128227099776268,0.3564039468765259,0.06238219887018204,0.9797055721282959,0.19048774242401124,-0.3735966980457306,-0.1540614515542984,0.9147080183029175],"EasingStyle":"Linear","EasingDirection":"Out"},"Right Arm":{"Weight":1,"CFrame":[0.7647866606712341,0.21241968870162965,-0.22560739517211915,-0.2798428535461426,-0.7105391025543213,0.6456179022789002,0.6068055033683777,0.3902149796485901,0.692473292350769,-0.7439590096473694,0.5855481028556824,0.32196009159088137],"EasingStyle":"Linear","EasingDirection":"Out"},"Left Arm":{"Weight":1,"CFrame":[-0.38537541031837466,0.2456444501876831,0.23938703536987306,-0.5350236296653748,-0.06586165726184845,-0.8422660827636719,-0.6714507937431336,-0.5719152092933655,0.47123971581459048,-0.5127413272857666,0.8176645636558533,0.26176515221595766],"EasingStyle":"Linear","EasingDirection":"Out"},"Head":{"Weight":1,"CFrame":[8.568167686462403e-8,-2.7939677238464357e-9,-5.960464477539063e-7,0.9874488711357117,-0.09859804809093476,-0.12338247150182724,0.09029989689588547,0.9933703541755676,-0.07114279270172119,0.12957903742790223,0.059108421206474307,0.9898057579994202],"EasingStyle":"Linear","EasingDirection":"Out"},"Torso":{"Weight":1,"CFrame":[0.0018028020858764649,-0.015024468302726746,-0.06748414039611817,0.8042473196983337,0.5920040011405945,0.05213018134236336,-0.5901160836219788,0.8058980107307434,-0.04787017032504082,-0.07035093754529953,0.00773659348487854,0.9974923133850098],"EasingStyle":"Linear","EasingDirection":"Out"},"HumanoidRootPart":{"Weight":0,"CFrame":[0,0,0,1,0,0,0,1,0,0,0,1],"EasingStyle":"Linear","EasingDirection":"In"},"Right Leg":{"Weight":1,"CFrame":[0.8746460676193237,0.35349923372268679,-0.003892838954925537,0.8662464618682861,0.4995191693305969,-0.009889955632388592,-0.4988664388656616,0.8658604025840759,0.03765616938471794,0.027373269200325013,-0.02768590673804283,0.9992418885231018],"EasingStyle":"Linear","EasingDirection":"Out"}}},{"Time":0.1525000035762787,"poses":{"Left Leg":{"Weight":1,"CFrame":[-0.16962988674640656,0.185585618019104,0.07291066646575928,0.9264987111091614,-0.12859387695789338,0.3536434769630432,0.06340020895004273,0.9797064661979675,0.19014641642570496,-0.3709184527397156,-0.15374930202960969,0.9158497452735901],"EasingStyle":"Linear","EasingDirection":"Out"},"Right Arm":{"Weight":1,"CFrame":[0.7688962817192078,0.19057554006576539,-0.2191014289855957,-0.34098562598228457,-0.6456319093704224,0.6832924485206604,0.6378412246704102,0.37504708766937258,0.6726798415184021,-0.6905703544616699,0.6652061343193054,0.2839248776435852],"EasingStyle":"Linear","EasingDirection":"Out"},"Left Arm":{"Weight":1,"CFrame":[-0.40908077359199526,0.24823659658432008,0.18869400024414063,-0.528998076915741,0.05751042813062668,-0.8466721177101135,-0.712247371673584,-0.5725110173225403,0.4061220586299896,-0.4613726735115051,0.8178776502609253,0.3438187837600708],"EasingStyle":"Linear","EasingDirection":"Out"},"Head":{"Weight":1,"CFrame":[6.332993507385254e-8,-3.725290298461914e-9,1.1920928955078126e-7,0.9856095314025879,-0.1146078109741211,-0.12425360083580017,0.10595201700925827,0.9916001558303833,-0.07418506592512131,0.13171206414699555,0.05995257943868637,0.9894734621047974],"EasingStyle":"Linear","EasingDirection":"Out"},"Torso":{"Weight":1,"CFrame":[-0.00571364164352417,-0.013556882739067078,-0.07095170021057129,0.8116463422775269,0.5818879008293152,0.05134931579232216,-0.5801740288734436,0.8132401704788208,-0.04515092447400093,-0.06803208589553833,0.006855051498860121,0.9976596832275391],"EasingStyle":"Linear","EasingDirection":"Out"},"HumanoidRootPart":{"Weight":0,"CFrame":[0,0,0,1,0,0,0,1,0,0,0,1],"EasingStyle":"Linear","EasingDirection":"In"},"Right Leg":{"Weight":1,"CFrame":[0.8581187725067139,0.2942272424697876,-0.017932891845703126,0.870898962020874,0.49131879210472109,0.011868593282997609,-0.4914485216140747,0.8704418540000916,0.028449488803744317,0.0036469458136707546,-0.03060946613550186,0.9995247721672058],"EasingStyle":"Linear","EasingDirection":"Out"}}},{"Time":0.16958333551883698,"poses":{"Left Leg":{"Weight":1,"CFrame":[-0.18624195456504823,0.19068217277526856,0.07351326942443848,0.9309491515159607,-0.12657430768013,0.34250956773757937,0.06400658935308457,0.9800422787666321,0.1882028877735138,-0.35949552059173586,-0.15328440070152284,0.9204710721969605],"EasingStyle":"Linear","EasingDirection":"Out"},"Right Arm":{"Weight":1,"CFrame":[0.7700943350791931,0.17131370306015016,-0.21063673496246339,-0.4330962598323822,-0.5601563453674316,0.7061534523963928,0.6818287372589111,0.3088039457798004,0.6631362438201904,-0.5895228981971741,0.7686774730682373,0.2481887936592102],"EasingStyle":"Linear","EasingDirection":"Out"},"Left Arm":{"Weight":1,"CFrame":[-0.44262054562568667,0.25065284967422488,0.13514411449432374,-0.4934517443180084,0.2384585738182068,-0.8364465236663818,-0.7911257147789002,-0.5226661562919617,0.31771087646484377,-0.3614213764667511,0.8185093998908997,0.44656121730804446],"EasingStyle":"Linear","EasingDirection":"Out"},"Head":{"Weight":1,"CFrame":[6.51925802230835e-8,-1.816079020500183e-8,2.384185791015625e-7,0.9831843972206116,-0.1357366144657135,-0.12216415256261826,0.12708814442157746,0.9889729619026184,-0.07603444904088974,0.1311376690864563,0.059230271726846698,0.9895932078361511],"EasingStyle":"Linear","EasingDirection":"Out"},"Torso":{"Weight":1,"CFrame":[-0.014751747250556946,-0.013788968324661255,-0.07814621925354004,0.8244388103485107,0.5638076663017273,0.049209706485271457,-0.5621590614318848,0.8258618712425232,-0.04392463341355324,-0.0654054582118988,0.008549493737518788,0.9978221654891968],"EasingStyle":"Linear","EasingDirection":"Out"},"HumanoidRootPart":{"Weight":0,"CFrame":[0,0,0,1,0,0,0,1,0,0,0,1],"EasingStyle":"Linear","EasingDirection":"In"},"Right Leg":{"Weight":1,"CFrame":[0.8268535733222961,0.24874091148376466,-0.025077223777770997,0.8832705616950989,0.4681466817855835,0.02592393383383751,-0.4686279594898224,0.8832293748855591,0.0171393733471632,-0.014872997999191285,-0.027287432923913003,0.999517023563385],"EasingStyle":"Linear","EasingDirection":"Out"}}},{"Time":0.1862500011920929,"poses":{"Left Leg":{"Weight":1,"CFrame":[-0.21202170848846436,0.19884496927261353,0.07297885417938233,0.9384841322898865,-0.1215025931596756,0.32324084639549258,0.06328804790973664,0.9807186722755432,0.18489311635494233,-0.3394734263420105,-0.15306194126605988,0.9280786514282227],"EasingStyle":"Linear","EasingDirection":"Out"},"Right Arm":{"Weight":1,"CFrame":[0.7686193585395813,0.15480446815490724,-0.20051801204681397,-0.5342599153518677,-0.45489829778671267,0.7124843597412109,0.7190825939178467,0.19852983951568604,0.6659625768661499,-0.44439461827278139,0.8681321740150452,0.22104288637638093],"EasingStyle":"Linear","EasingDirection":"Out"},"Left Arm":{"Weight":1,"CFrame":[-0.4820781946182251,0.2522885799407959,0.08435845375061035,-0.41162922978401186,0.43718764185905459,-0.7996426820755005,-0.8816503882408142,-0.41320687532424929,0.22793200612068177,-0.23076875507831574,0.7988286018371582,0.5555345416069031],"EasingStyle":"Linear","EasingDirection":"Out"},"Head":{"Weight":1,"CFrame":[7.450580596923828e-8,-1.1175870895385743e-8,3.5762786865234377e-7,0.9800771474838257,-0.1603563278913498,-0.11719535291194916,0.15203620493412019,0.9853835105895996,-0.07683973759412766,0.12780410051345826,0.05749092251062393,0.9901318550109863],"EasingStyle":"Linear","EasingDirection":"Out"},"Torso":{"Weight":1,"CFrame":[-0.025171935558319093,-0.015472859144210816,-0.08850884437561035,0.8417633175849915,0.5378928780555725,0.04589013010263443,-0.5362347960472107,0.8429216146469116,-0.043993327766656879,-0.06234549358487129,0.01242408063262701,0.9979773163795471],"EasingStyle":"Linear","EasingDirection":"Out"},"HumanoidRootPart":{"Weight":0,"CFrame":[0,0,0,1,0,0,0,1,0,0,0,1],"EasingStyle":"Linear","EasingDirection":"In"},"Right Leg":{"Weight":1,"CFrame":[0.7817936539649963,0.2206575870513916,-0.024493873119354249,0.9056417346000671,0.4228302240371704,0.03205898404121399,-0.4230557084083557,0.9061036705970764,0.00027703671366907656,-0.028931567445397378,-0.013813762925565243,0.9994860291481018],"EasingStyle":"Linear","EasingDirection":"Out"}}},{"Time":0.20333333313465119,"poses":{"Left Leg":{"Weight":1,"CFrame":[-0.24406275153160096,0.20946013927459718,0.06990182399749756,0.9483903050422669,-0.11290746182203293,0.2963235676288605,0.060422830283641818,0.9816868901252747,0.18066513538360597,-0.31129541993141177,-0.1534363031387329,0.9378446340560913],"EasingStyle":"Linear","EasingDirection":"Out"},"Right Arm":{"Weight":1,"CFrame":[0.7647096514701843,0.14121699333190919,-0.1890508532524109,-0.6221354007720947,-0.34333494305610659,0.7036113142967224,0.7320384979248047,0.06357044726610184,0.6782909035682678,-0.2776096761226654,0.9370591640472412,0.21178476512432099],"EasingStyle":"Linear","EasingDirection":"Out"},"Left Arm":{"Weight":1,"CFrame":[-0.5224555730819702,0.252048134803772,0.04266536235809326,-0.290219247341156,0.6003251075744629,-0.7452400326728821,-0.9519835710525513,-0.2604336738586426,0.1609402745962143,-0.0974690243601799,0.756164014339447,0.6470823884010315],"EasingStyle":"Linear","EasingDirection":"Out"},"Head":{"Weight":1,"CFrame":[7.916241884231568e-8,2.491287887096405e-8,5.960464477539063e-7,0.9763405323028565,-0.18643181025981904,-0.10955597460269928,0.1786785125732422,0.9809011816978455,-0.07685630023479462,0.12179205566644669,0.05546262115240097,0.9910049438476563],"EasingStyle":"Linear","EasingDirection":"Out"},"Torso":{"Weight":1,"CFrame":[-0.03671598434448242,-0.018235012888908387,-0.10130500793457031,0.8623868227005005,0.5045281648635864,0.04171767830848694,-0.5028334259986877,0.8632110953330994,-0.045002005994319919,-0.05871593579649925,0.017832092940807344,0.9981155395507813],"EasingStyle":"Linear","EasingDirection":"Out"},"HumanoidRootPart":{"Weight":0,"CFrame":[0,0,0,1,0,0,0,1,0,0,0,1],"EasingStyle":"Linear","EasingDirection":"In"},"Right Leg":{"Weight":1,"CFrame":[0.7260411381721497,0.20296353101730348,-0.018727779388427736,0.9322739243507385,0.36037030816078188,0.031599149107933047,-0.359984815120697,0.9327970147132874,-0.017343366518616678,-0.03572565317153931,0.004793504253029823,0.9993501305580139],"EasingStyle":"Linear","EasingDirection":"Out"}}},{"Time":0.22041666507720948,"poses":{"Left Leg":{"Weight":1,"CFrame":[-0.27969983220100405,0.22187763452529908,0.0631033182144165,0.9597665071487427,-0.10046926140785217,0.2622101604938507,0.05479630455374718,0.9828594326972961,0.17602477967739106,-0.275400847196579,-0.15457449853420258,0.948820948600769],"EasingStyle":"Linear","EasingDirection":"Out"},"Right Arm":{"Weight":1,"CFrame":[0.7586032152175903,0.13071930408477784,-0.1765405535697937,-0.6861435770988464,-0.24939344823360444,0.6833812594413757,0.7167925834655762,-0.07144467532634735,0.6936167478561401,-0.1241595521569252,0.9657632112503052,0.22778455913066865],"EasingStyle":"Linear","EasingDirection":"Out"},"Left Arm":{"Weight":1,"CFrame":[-0.5587544441223145,0.24883627891540528,0.016392946243286134,-0.16169732809066773,0.6930260062217712,-0.7025446891784668,-0.9866990447044373,-0.10148576647043228,0.126987487077713,0.01670735888183117,0.7137336730957031,0.7002179026603699],"EasingStyle":"Linear","EasingDirection":"Out"},"Head":{"Weight":1,"CFrame":[8.754432201385498e-8,2.3283064365386964e-9,1.1920928955078126e-7,0.9722061157226563,-0.21195916831493379,-0.09944197535514832,0.20493078231811524,0.9757932424545288,-0.07636043429374695,0.11322011053562164,0.05385935306549072,0.9921091198921204],"EasingStyle":"Linear","EasingDirection":"Out"},"Torso":{"Weight":1,"CFrame":[-0.04913093149662018,-0.021694421768188478,-0.1157989501953125,0.8850010633468628,0.4641156792640686,0.03701285272836685,-0.4624009430408478,0.885446310043335,-0.046586308628320697,-0.05439433827996254,0.024114154279232026,0.9982283115386963],"EasingStyle":"Linear","EasingDirection":"Out"},"HumanoidRootPart":{"Weight":0,"CFrame":[0,0,0,1,0,0,0,1,0,0,0,1],"EasingStyle":"Linear","EasingDirection":"In"},"Right Leg":{"Weight":1,"CFrame":[0.6611533761024475,0.18979567289352418,-0.009865283966064453,0.9580889940261841,0.28533950448036196,0.02543606609106064,-0.2844918966293335,0.9581308364868164,-0.03239991515874863,-0.03361593559384346,0.02380562201142311,0.9991512894630432],"EasingStyle":"Linear","EasingDirection":"Out"}}},{"Time":0.2370833307504654,"poses":{"Left Leg":{"Weight":1,"CFrame":[-0.31661662459373476,0.2353532314300537,0.05179274082183838,0.9715641736984253,-0.0840713158249855,0.22134828567504884,0.046083029359579089,0.9841048717498779,0.17150495946407319,-0.2322486788034439,-0.15642763674259187,0.9599952697753906],"EasingStyle":"Linear","EasingDirection":"Out"},"Right Arm":{"Weight":1,"CFrame":[0.7505382895469666,0.12348240613937378,-0.16329264640808106,-0.7287588119506836,-0.19961296021938325,0.6550308465957642,0.6845030784606934,-0.18561944365501405,0.7049829959869385,-0.0191371887922287,0.9621331691741943,0.271907240152359],"EasingStyle":"Linear","EasingDirection":"Out"},"Left Arm":{"Weight":1,"CFrame":[-0.5859771370887756,0.24155688285827638,0.011869072914123536,-0.06666254997253418,0.7069981098175049,-0.7040667533874512,-0.9923223853111267,0.026696138083934785,0.12076261639595032,0.10417482256889343,0.7067114114761353,0.6997902989387512],"EasingStyle":"Linear","EasingDirection":"Out"},"Head":{"Weight":1,"CFrame":[7.636845111846924e-8,8.381903171539307e-9,-1.1920928955078126e-7,0.9680972099304199,-0.23497766256332398,-0.08702550083398819,0.22876663506031037,0.9705355167388916,-0.07567602396011353,0.10224350541830063,0.0533532053232193,0.9933276772499085],"EasingStyle":"Linear","EasingDirection":"Out"},"Torso":{"Weight":1,"CFrame":[-0.062185391783714297,-0.02545320987701416,-0.13124895095825196,0.908282458782196,0.41712653636932375,0.032069236040115359,-0.41544225811958315,0.9083330631256104,-0.04836078733205795,-0.0493021160364151,0.030602343380451204,0.9983149766921997],"EasingStyle":"Linear","EasingDirection":"Out"},"HumanoidRootPart":{"Weight":0,"CFrame":[0,0,0,1,0,0,0,1,0,0,0,1],"EasingStyle":"Linear","EasingDirection":"In"},"Right Leg":{"Weight":1,"CFrame":[0.5888791680335999,0.17699509859085084,0.00022649765014648438,0.9790648221969605,0.2030632048845291,0.014050649479031563,-0.2023068517446518,0.9783837199211121,-0.04286368936300278,-0.02245098166167736,0.039123740047216418,0.9989821314811707],"EasingStyle":"Linear","EasingDirection":"Out"}}},{"Time":0.2541666626930237,"poses":{"Left Leg":{"Weight":1,"CFrame":[-0.35286998748779299,0.24903011322021485,0.03560769557952881,0.9826431274414063,-0.06379425525665283,0.17419204115867616,0.03424669802188873,0.9852536916732788,0.16763804852962495,-0.18231765925884248,-0.1587628275156021,0.970337450504303],"EasingStyle":"Linear","EasingDirection":"Out"},"Right Arm":{"Weight":1,"CFrame":[0.7407531142234802,0.1196751594543457,-0.1496121883392334,-0.7567293643951416,-0.21173690259456635,0.6184886693954468,0.6535313129425049,-0.26825302839279177,0.7077692151069641,0.0160506721585989,0.9397913217544556,0.34137144684791567],"EasingStyle":"Linear","EasingDirection":"Out"},"Left Arm":{"Weight":1,"CFrame":[-0.6005101203918457,0.23020505905151368,0.032636404037475589,-0.03347710520029068,0.6452252268791199,-0.763258695602417,-0.9858400225639343,0.10423547029495239,0.13135582208633424,0.16431275010108949,0.7568483352661133,0.6325992941856384],"EasingStyle":"Linear","EasingDirection":"Out"},"Head":{"Weight":1,"CFrame":[7.264316082000733e-8,-1.6763806343078614e-8,2.384185791015625e-7,0.9646006226539612,-0.2535681128501892,-0.07244974374771118,0.24822984635829926,0.9657782912254334,-0.07519608736038208,0.0890377089381218,0.054549992084503177,0.994533360004425],"EasingStyle":"Linear","EasingDirection":"Out"},"Torso":{"Weight":1,"CFrame":[-0.07568377256393433,-0.0290907621383667,-0.14690589904785157,0.9309518933296204,0.36413243412971499,0.02713562734425068,-0.3625504672527313,0.9306266903877258,-0.049911584705114368,-0.04342757165431976,0.03662724792957306,0.998384952545166],"EasingStyle":"Linear","EasingDirection":"Out"},"HumanoidRootPart":{"Weight":0,"CFrame":[0,0,0,1,0,0,0,1,0,0,0,1],"EasingStyle":"Linear","EasingDirection":"In"},"Right Leg":{"Weight":1,"CFrame":[0.5123793482780457,0.1625741720199585,0.010048985481262207,0.9927279949188232,0.12035486102104187,-0.002423614962026477,-0.1203325167298317,0.9915792942047119,-0.04786188155412674,-0.003357108449563384,0.04780542105436325,0.9988511204719544],"EasingStyle":"Linear","EasingDirection":"Out"}}},{"Time":0.27125000953674319,"poses":{"Left Leg":{"Weight":1,"CFrame":[-0.3868791460990906,0.2619432210922241,0.014578104019165039,0.9918270111083984,-0.03988894075155258,0.12119446694850922,0.019505595788359643,0.9861122369766235,0.1649312824010849,-0.12609027326107026,-0.16121937334537507,0.9788307547569275],"EasingStyle":"Linear","EasingDirection":"Out"},"Right Arm":{"Weight":1,"CFrame":[0.729485809803009,0.1194654107093811,-0.13580477237701417,-0.7697811722755432,-0.2774984538555145,0.5748317837715149,0.6382293105125427,-0.3204818069934845,0.6999677419662476,-0.010016829706728459,0.9056965112686157,0.4238084852695465],"EasingStyle":"Linear","EasingDirection":"Out"},"Left Arm":{"Weight":1,"CFrame":[-0.6042775511741638,0.21913129091262818,0.07109189033508301,-0.05673273280262947,0.522139310836792,-0.8509711623191834,-0.9795748591423035,0.13558050990104676,0.1484961062669754,0.1929108202457428,0.8420145511627197,0.5037826895713806],"EasingStyle":"Linear","EasingDirection":"Out"},"Head":{"Weight":1,"CFrame":[9.872019290924072e-8,-5.587935447692871e-9,-2.980232238769531e-7,0.9624008536338806,-0.2658337950706482,-0.05583043769001961,0.26142457127571108,0.9622741937637329,-0.07540277391672135,0.07376878708600998,0.0579722560942173,0.9955890774726868],"EasingStyle":"Linear","EasingDirection":"Out"},"Torso":{"Weight":1,"CFrame":[-0.08947812020778656,-0.03216157108545303,-0.16201138496398927,0.9518268704414368,0.3058169186115265,0.02240130491554737,-0.3044150769710541,0.9511842727661133,-0.050793688744306567,-0.036841344088315967,0.04152749851346016,0.9984579086303711],"EasingStyle":"Linear","EasingDirection":"Out"},"HumanoidRootPart":{"Weight":0,"CFrame":[0,0,0,1,0,0,0,1,0,0,0,1],"EasingStyle":"Linear","EasingDirection":"In"},"Right Leg":{"Weight":1,"CFrame":[0.43746480345726015,0.147219717502594,0.018774032592773439,0.9986451864242554,0.046116963028907779,-0.02410546876490116,-0.047223128378391269,0.9977529644966126,-0.04753059148788452,0.02185945212841034,0.04860449582338333,0.9985789060592651],"EasingStyle":"Linear","EasingDirection":"Out"}}},{"Time":0.28833332657814028,"poses":{"Left Leg":{"Weight":1,"CFrame":[-0.4173848032951355,0.27303677797317507,-0.010946035385131836,0.9979463815689087,-0.012726012617349625,0.06277830898761749,0.002272731391713023,0.986483633518219,0.16384465992450715,-0.06401482224464417,-0.16336557269096375,0.9844866394996643],"EasingStyle":"Linear","EasingDirection":"Out"},"Right Arm":{"Weight":1,"CFrame":[0.7169746160507202,0.123024582862854,-0.12217539548873902,-0.7589627504348755,-0.38245224952697756,0.5269781947135925,0.6460859775543213,-0.3417477309703827,0.6824817657470703,-0.08092310279607773,0.8584513664245606,0.506470799446106],"EasingStyle":"Linear","EasingDirection":"Out"},"Left Arm":{"Weight":1,"CFrame":[-0.6005886197090149,0.21377718448638917,0.11684703826904297,-0.11555395275354386,0.3545880913734436,-0.9278548359870911,-0.9771595597267151,0.12713642418384553,0.17028068006038667,0.1783437430858612,0.9263388514518738,0.3317980170249939],"EasingStyle":"Linear","EasingDirection":"Out"},"Head":{"Weight":1,"CFrame":[8.940696716308594e-8,-2.0489096641540528e-8,-3.5762786865234377e-7,0.9621804356575012,-0.2698518931865692,-0.03726881369948387,0.26647818088531496,0.960769534111023,-0.0768856480717659,0.05655446648597717,0.06404651701450348,0.9963431358337402],"EasingStyle":"Linear","EasingDirection":"Out"},"Torso":{"Weight":1,"CFrame":[-0.10347723960876465,-0.034195609390735629,-0.17580199241638184,0.9698678851127625,0.2429666966199875,0.017984552308917047,-0.24181373417377473,0.9690061211585999,-0.0505315363407135,-0.029704619199037553,0.04466000944375992,0.9985605478286743],"EasingStyle":"Linear","EasingDirection":"Out"},"HumanoidRootPart":{"Weight":0,"CFrame":[0,0,0,1,0,0,0,1,0,0,0,1],"EasingStyle":"Linear","EasingDirection":"In"},"Right Leg":{"Weight":1,"CFrame":[0.3740276098251343,0.1346316933631897,0.02667868137359619,0.9986531734466553,-0.008058753795921803,-0.051255080848932269,0.005863716825842857,0.999065101146698,-0.042832259088754657,0.05155235156416893,0.042474038898944858,0.9977666735649109],"EasingStyle":"Linear","EasingDirection":"Out"}}},{"Time":0.3050000071525574,"poses":{"Left Leg":{"Weight":1,"CFrame":[-0.4433920681476593,0.2811955213546753,-0.0403631329536438,0.999850869178772,0.01725410670042038,-0.0007049906998872757,-0.016902154311537744,0.9861868619918823,0.16477183997631074,0.0035382010973989965,-0.16473527252674104,0.9863314628601074],"EasingStyle":"Linear","EasingDirection":"Out"},"Right Arm":{"Weight":1,"CFrame":[0.7034582495689392,0.13052088022232057,-0.10902947187423706,-0.7121623158454895,-0.5110093355178833,0.4813464283943176,0.6789022088050842,-0.32683688402175906,0.6574721932411194,-0.1786525845527649,0.7950139045715332,0.579686164855957],"EasingStyle":"Linear","EasingDirection":"Out"},"Left Arm":{"Weight":1,"CFrame":[-0.5927518606185913,0.21958357095718385,0.15951299667358399,-0.1819361448287964,0.17122256755828858,-0.968288242816925,-0.9767053723335266,0.08247656375169754,0.19810204207897187,0.11378069221973419,0.9817742109298706,0.15222841501235963],"EasingStyle":"Linear","EasingDirection":"Out"},"Head":{"Weight":1,"CFrame":[7.82310962677002e-8,-1.1175870895385743e-8,-2.384185791015625e-7,0.9644824862480164,-0.263606995344162,-0.016880162060260774,0.2614828944206238,0.9618569612503052,-0.0803617462515831,0.03742022067308426,0.07309363782405853,0.9966228604316711],"EasingStyle":"Linear","EasingDirection":"Out"},"Torso":{"Weight":1,"CFrame":[-0.11765296757221222,-0.03470072150230408,-0.187514066696167,0.9842116236686707,0.17644774913787843,0.013924895785748959,-0.17558962106704713,0.9832620620727539,-0.04862174391746521,-0.022271014750003816,0.045409005135297778,0.9987202882766724],"EasingStyle":"Linear","EasingDirection":"Out"},"HumanoidRootPart":{"Weight":0,"CFrame":[0,0,0,1,0,0,0,1,0,0,0,1],"EasingStyle":"Linear","EasingDirection":"In"},"Right Leg":{"Weight":1,"CFrame":[0.3357928395271301,0.13050389289855958,0.03576326370239258,0.9960476160049439,-0.028359126299619676,-0.08417169749736786,0.02545880153775215,0.9990513324737549,-0.03533227741718292,0.08509396016597748,0.033049676567316058,0.9958247542381287],"EasingStyle":"Linear","EasingDirection":"Out"}}},{"Time":0.32208332419395449,"poses":{"Left Leg":{"Weight":1,"CFrame":[-0.4640616178512573,0.2852659821510315,-0.07285815477371216,0.9963799118995667,0.049621425569057468,-0.069027841091156,-0.03741801530122757,0.985072910785675,0.16802209615707398,0.07633490860462189,-0.1648309975862503,0.9833635091781616],"EasingStyle":"Linear","EasingDirection":"Out"},"Right Arm":{"Weight":1,"CFrame":[0.6891738176345825,0.14212357997894288,-0.09667271375656128,-0.6185625791549683,-0.6451842188835144,0.44846174120903017,0.7326357960700989,-0.2673332989215851,0.6259214878082275,-0.28394585847854617,0.715730607509613,0.6380472779